700 
850 
950 
1175 
1250 
1500 
1575 
1750 
scores: [0.8016093950930951, 1.544522725362981, 0.8709354911413243, 0.07788269670282943, 1.6440109829501353, 1.918350634434404, 0.8415382657026953, 1.087582683567632, 0.7467111577475833, 0.5980707173035569, 2.526814541420947, 1.7955692227478863, 0.8843133403171635, 1.642275903837998, -1.8250684987605794, -5.455946685322004, -0.348776623245044, 0.6108176473836835, -0.9856064668027784, -4.775465314592012, -181.2944781807766, -130.6119819924511, -41.464910246880386, -3.164218876909028e-10, -1.2642414882738914e-09, 5.061838414689845, 16.776197711212234, 0.3055594628698941, 0.7625945729952264, -1.175361081498238, -0.14911814248534938, 5.704049440529502, 13.322995922427253, 4.057849869717302, 0.3861048752460192, 11.035366702222746, 30.528593158664933, 7.606321362547533, 0.15579426533186336, -0.6132317970126877, 0.583749107634361, 8.962336313151013, 7.873117902650506, 2.5630480211282247, 18.204538086355683, 25.26223744205265, 1.1317302812853995, 4.8785775571128625, 25.475424669996244, 18.9333139721532, 0.36629039166734856, 2.9911770840762983, 1.7823863602322945, 1.146092310759741, 5.1448090444157515, 3.3345035435377213, 1.7290185155057998, 6.374410832491549, 9.878944234669802, 3.110667432292871, 7.170109832407093, 12.826166587936768, 0.26180908744538556, 2.1940734351251194, 2.6085980815640823, 0.9696932422330065, 0.39311133453122693, 4.45535112516859, 11.305440807037371, 0.20088893999331958, 3.70076600845681, 1.1158435845769645, 1.2829156958632666, 0.7586679332300719, 3.267793340127355, 0.5730181282932563, 1.0194031418880627]
theta_global: 0.1
window_size: 50, overlap: 0.5, threshold: 9.0
