120 
320 
840 
920 
1040 
1160 
1240 
1360 
1480 
scores: [7.653559984081426, 10.063208687326892, 5.922923223241241, -0.011454229407945604, 1.5256912559252669, 2.3122360331494747, 12.555378016448685, 2.44621758930748, 0.17378242272957323, 1.2780393171371998, 2.1264918617127933, 1.4545150836397625, 4.555108414483811, 2.084095375653078, 1.1892667499678282, -0.016266862641714397, -0.207090162513623, 5.003206752654478, 10.936587802047598, 24.602339331539838, 21.145759416672604, 73.46020394572076, 42.565835791920335, 5.264702685609535, 66.00808630122492, 53.74611595087924, 3.8052862108597765, 20.365081041501526, 1.6740095147497414, 9.476753358236806, 5.89246052481451, 7.436771195976917, 11.897635380050815, 0.807420791213076, 9.96697999507495, 31.972688612367847, 7.090238357973078, 0.0, 0.0, 0.0, 0.0, 0.0, 0.0, 0.0, 0.0, 0.0, 0.0]
theta_global: 0.1
window_size: 80, overlap: 0.5, threshold: 8.0
