80 
520 
640 
760 
840 
920 
1040 
1160 
1400 
1480 
1560 
1640 
1720 
1800 
scores: [10.767979020288479, 1.4459854562395833, 0.0934705240713356, 0.019086861517735088, -0.12013004584656528, -1.2706600727148611, 1.2173057756138235, 0.3169448715184444, 0.40956301643421966, 1.7120268130996976, 11.971446989811511, 18.02668654501656, 1.8226090334953255, 0.7328443221074394, 11.237690022342122, 10.692864089075101, 0.20163110432542908, 8.16962457401462, 0.3261983445270289, 19.98582779244157, 12.426596110195874, 38.66363103550668, 12.058447036687312, -126.16972942350968, 4.256821640031575, 2.535879285800746, -1.3405846376124941, 14.700695808023, 13.370028942123781, 2.0537053529733384, 0.600886817608739, 0.21738260462018388, 13.848519347647311, 14.509111541629636, 6.42605512997045, 13.873602401944368, 1.4183615068027393, 7.685546268583835, 1.5974105069044526, 6.063960380578692, 1.8793910867141221, 7.74990884110548, 1.1540637673542733, 8.361006713886468, 1.4780526757724601, 2.615582463825035, 0.5060572886072805]
theta_global: 0.1
window_size: 80, overlap: 0.5, threshold: 4.0
