120 
240 
400 
600 
680 
880 
960 
1200 
1280 
1360 
1480 
1560 
1640 
1760 
1920 
scores: [-4.4386265345325455, 9.60972749344819, -3.9866134891601632, 4.5030484035656855, 10.93358793087873, 4.963423341112275, 2.553873736522064, -0.9908360279764565, 34.85609026046882, 30.585443427398104, 0.923638515667335, 1.5910089681003683, 3.6376397160161105, 33.89737910522581, 28.330247405842556, 19.39342612417886, 9.91168300981758, 1.6879998228605473, 10.076475383145407, 18.264833578719163, 28.971819110345677, -7.617915044956817, 32.18829925755574, -248.68598077623946, -1713.5231400193015, -94.01047335616431, -1.0075077493137314, 7.293851985706397, 22.240889359866287, 0.4478725733046076, 29.292485695070468, 0.15043840849466505, 21.352408903900823, 19.028808072659785, 3.593036430783968, 22.17903088711705, 0.769804492914659, 24.962988829447795, 0.3507651067019424, 16.972276497037342, 0.05876673504644714, 0.3787192916171307, 7.013224566948338, -2.06233205040985, -4.79627653057787, 2.4226406884340577, 11.047832230675567]
theta_global: 0.6020100502512563
window_size: 80, overlap: 0.5, threshold: 5.0
