50 
175 
250 
475 
675 
800 
875 
950 
1075 
1200 
scores: [21.981850850930414, 0.5416790266032194, 16.270477143232483, 3.626014249189666, 13.350684851078768, 60.918496567831426, 48.0741880880434, 26.159299614471365, 52.70395815896018, 28.0155363261523, 1.3603131956569996, 2.332848421122435, 5.0864401982253185, 1.7847952734611, 10.827355113803264, 15.095994999930326, 18.258316509411202, 21.767377696027665, 5.088697273268224, 4.471360975756852, 1.803071006165112, 2.036110850782734, 5.39861494172942, 2.6146223740335586, 2.3051259079810507, 22.552335518807865, 20.385217719358877, 0.9193228144763452, 7.031706420967566, 26.04165624199453, 39.50162794606126, 13.949608368707146, 29.921765466125407, 34.0010531366309, 1.9639895573002946, 16.730350441239693, 27.031852648200584, 10.231440877944578, 1.3893406829219526, 1.3893406829219437, 8.70100537285036, 30.540358769048055, 24.89331060164932, 11.912035823080032, 7.151164943276285, 14.175099787265822, 27.70376601393616, 2.634356734330936, 9.103180825867867, 7.455234207921535, 10.867798281813577, 3.4367629228920578, 4.171574892307092, 7.298831970144079, 19.727693161996513, 7.021723342486098, 4.277395779321523, 2.828402296374634, 1.4158355137734588, 1.1445314905668056, 0.2635908888535141, 1.8518400561525823, 12.12316809877882, 1.5482731727976216, 0.6486810231175468, 0.16991520001329263, 0.7195625493245643, 1.9520239758323896, 2.9910576949285996, 3.367780013242964, 1.3643127422476482, 4.350056800447078, 1.8510992660013699, 0.2961915583971404, 0.18399446075920878, 10.168087936849702, 7.475133689493191]
theta_global: 0.6020100502512563
window_size: 50, overlap: 0.5, threshold: 20.0
