575 
1075 
1125 
1225 
1325 
1850 
1900 
scores: [0.10703676358899372, 0.028222101881041795, -0.510443900197501, 1.446301574591864, -0.07351707211152814, 2.6374224989825166, 0.135310722389832, 0.7839205653865662, -0.30832561002839043, 0.36169842546539144, 0.32018907414472153, 0.061678647192223934, 0.33541765142422264, 0.13514231213460448, 0.036116032213783456, 0.5147437132946493, 0.06690052568035298, -0.10254383795080457, 0.07570310160389226, 0.3967502085880028, 10.651600457534073, 11.706110091416065, 0.7745131322717498, 0.005253990227970462, 0.7094108463169277, 1.408160287175292, 0.13723011240529104, 1.3083001869498503, 2.2961287234365955, 0.780233683008305, 0.36856492513743433, 0.6042747144284704, 0.553354664804516, 0.9044831553046038, 5.239480893289851, 1.3257691569058636, -2.3025472195827987, 1.3178458247736664, -8.764197690906125e-10, -1.8611445707909221e-09, -7.518770827294816, 12.840663198236058, 0.7248447599772305, 6.001169795536782, -0.5757372509962124, -1.6250109830859003, 1.8391427081710958, 13.902094757299238, 7.985883157889134, 2.5698700786032873, 2.2015537177787223, 9.405649724112322, 1.268862311444849, 1.493602417045139, -0.03364905752624736, 2.4653098920533694, 3.4522857551302195, 1.4177509050227854, 3.7222269142681057, -1.8527841680169104, 0.8521280023580857, 1.526946863296459, -1.6091145006845124, 3.8285432639158046, 0.17496883147435938, -0.0278156219255834, 3.0992665481394965, 2.104439648083428, 0.8354830340028911, 0.42237509141227747, 1.7713264228347043, 7.804458184967473, 8.134580451134582, 0.36663454938047835, 10.620508356799519, 3.85488564021324, 0.0003517816301155108]
theta_global: 0.1
window_size: 50, overlap: 0.5, threshold: 6.0
