160 
240 
320 
400 
520 
640 
800 
920 
1040 
1120 
1200 
1280 
1480 
1600 
1680 
1760 
scores: [3.757182152984342, 4.319702047421856, 7.111966096975152, 0.04702313046686868, 6.419441591567988, 2.032529574488194, 0.6092178655900398, 0.05900557138960494, 1.000305205560835, 0.36073083580697585, 0.8550073325981202, 2.7907014064362556, -0.043636979915504526, 0.6221398276138075, 2.3923709832379814, -0.23614547563630595, 1.3214876815541743, 2.320610597293353, 5.007233507210344, -1.9585146671356597, -2.9718819607306273, 2.1035852662201933, 1.0681316635232179, 1.0969934149275105, 9.441354206280096, 0.005148753876028422, 3.6301402124786364, -0.38465962555369515, 5.222651402486235, -2.6951933986695167, 4.41201229035579, -3.8610250118247222, -1.497335941770757, 2.109246734013027, 16.553870465027842, 16.647791235445652, 5.648832071607842, 0.952208609030663, 5.206093689785575, 0.07095896384225853, 6.502441611359018, -0.4534781677863009, 6.445927294972137, -0.6855668558965533, -1.242579802765249, -0.8129024139228989, -1.4715226444309906]
theta_global: 0.1
window_size: 80, overlap: 0.5, threshold: 0.0
