160 
280 
480 
680 
840 
960 
1080 
1200 
scores: [1.1089205560363098, 3.9462366296677374, 37.29335921923041, 27.943602179507707, 13.732488324578071, 35.57972133247392, 0.11980719720486377, 8.03678953175472, 8.079485604177535, 25.899411545119733, 45.079008712315044, 3.657487430450601, 0.37545061881883157, 10.029773973983765, 14.16150395679665, 43.450292373349725, 3.153149924661193, 24.288837873386683, 42.05119532438732, 59.478891999004304, 38.06260202538391, 14.560287738101863, 41.12056996910371, 14.976273709292997, 25.592770598002517, 64.5955981570379, 26.983000159996436, 31.741345790285777, 55.760000500341675, 2.0437240971925803, 15.797283339744354, 1.730624663718686, 7.511097467986133, 20.925773975691982, 13.939904976647085, 4.649204404805914, 0.3890681168586525, 2.3575056424797367, 16.452141776711642, 0.8331807471013235, 3.003366368330262, 1.7316129486871432, 9.032311541368017, 1.1971816847888022, 6.056476718217482, 0.33359041190647076, 16.971508723220722]
theta_global: 0.6020100502512563
window_size: 80, overlap: 0.5, threshold: 33.0
