75 
150 
525 
850 
950 
1075 
1350 
1400 
1675 
scores: [0.891920950076269, 16.718373073559633, 8.910901390561833, 2.058150557715493, 12.958275410273302, 5.120365869272007, 5.514009481012067, 5.198356536082429, -0.14952288871120345, 0.040996102337430784, 0.024207308677091532, 2.973289447766433, 3.226238690988339, 0.13929632982694784, 3.5317564320204724, 3.443167061462475, 0.18720991026805223, 0.017081826651178744, 0.8899806298654767, 7.1879313822513495, 0.24904836413020348, 1.8314092153623278, 4.820347238053444, 1.1683846210662523, 2.919367381395489, 3.070295983744245, 0.021010728753424246, 0.12251432905270576, 0.05040644735828437, 0.8621577737081907, 0.4247527401386719, 12.090198564086506, 17.655830720239862, 0.43127707908877255, 2.138695291829663, 10.147456267857649, 20.471456648050378, -264.91979249903693, -1.1489045815819262e-09, -1.9337795153986787e-10, 7.816015361945716, 18.399616345776877, 5.461311135134963, 3.690909137495737, 0.35358708908825065, 5.916075522201936, 5.132605619897731, 0.6251438566827119, 0.7724459602236493, 4.42871087532302, 4.212181068734594, 0.6961931052038608, 15.350714350089618, 1.0315551591824033, 17.68012958776893, 0.7718485327503686, 0.20188537323531364, 1.3632841258780672, 1.1665171543392034, 0.34134870372872683, 0.019492349196298164, 1.0977545018882893, 2.0311918334789425, 0.008945114534071763, 0.03656639005964735, 8.405960957675916, 0.207699406979998, 6.413298793641502, 0.11560114590309922, 0.5281110162127334, 0.7237745206027739, 1.5738603886458122, 1.8563892906023511, 1.0296913520053295, 2.1524902660489715, 1.8683599107781674, 0.5514074881758688]
theta_global: 0.1
window_size: 50, overlap: 0.5, threshold: 7.0
