675 
925 
1100 
1525 
1725 
1900 
1950 
scores: [0.8422736528553258, 2.420135690853016, 0.10730192154701967, 0.029175731962666873, 0.7821331520761419, 0.9674921506884573, 1.0944636058134734, 8.642508590219805, 2.1022921620832733, 1.554280053617731, 1.2531941525818127, 3.4366301559782357, 0.29203575954878147, 7.268793081653143, 0.5346728797605635, -0.003055743214673612, 0.23666825622126453, 0.41008441741769275, 3.1472835189136106, 0.5565648978880802, 1.822861971837483, 0.47305324774168866, 3.5610806091725067, 5.379075236515462, 10.000449820392078, 11.821450746188134, 3.1969445403381087, 0.08144927501257371, 0.4550004598677333, 1.9702804852347526, 7.335941277949246, 4.9709571087981885, 0.4751607312721262, 0.16751785200892755, 2.592899164965388, 20.63477929050711, 17.8978427732917, 2.7964771072565107, 1.3963066078527113, 4.245013736908824, 3.656844691337625, 10.105629363887715, 19.355011340355873, 3.62586787928376, 6.691656066372275, 6.3171464523557574, 2.3746296440260153, 6.140976698231327, 0.6824093256429933, 2.1636898365741217, 0.7670358329563669, 1.6950645358107295, 2.77011700684875, 0.10369958281808067, 1.3532193547155202, 4.461448026399125, 7.181851085084645, 1.725382136871815, 9.878705922078666, 14.511737820970552, 0.4064359611029431, 5.108936332893109, 0.010613177854793321, 6.000330708907882, 0.010347444245780935, 3.9027886779384744, 9.733489292514605, 11.291795987838384, 1.7515600169035679, 5.013811076985405, 6.3563633633687004, 0.7569090385151185, 0.1047371672468671, 2.8157532001397385, 10.281251853920367, 2.2206949429785823, 21.389993959165736]
theta_global: 0.1
window_size: 50, overlap: 0.5, threshold: 9.0
