50 
125 
250 
300 
400 
450 
550 
675 
725 
800 
850 
900 
950 
1100 
1175 
1225 
1300 
1375 
1475 
1575 
1625 
1725 
1800 
1925 
scores: [13.966425976633332, 1.6681405730666938, 0.003475812627812047, 8.680572801419771, 0.6066864150565152, -1.9152826206037616, 1.1106144554391904, 6.4780999632261, 10.215391192610923, -0.31158205061240096, 1.4295308247793628, 0.01219712368697401, 0.19378742451897324, -0.05618564940527904, 20.388496973470865, 14.289755070305205, 2.134379977845697, 2.089530385200078, -0.023094194580266958, 3.69458769687958, 4.6304864609262495, -1.2621761299992613, 30.372652100760774, 32.87138822526663, 33.619735443389914, 44.25322404519977, 0.20454181240245362, 16.87253074766818, 9.992778429460941, 16.04573551841736, 20.475721228345037, 0.4337705403181644, 37.834128579092976, 27.052748803170175, 14.135023941329678, -9.219319466748743, 15.122790299548967, 4.49355632139806, -9.943018620664959e-10, -118.38933178689913, -848.9954574507894, -55.45097182687101, 2.4987696784588707, 0.7172432690821324, 9.196406336181894, 18.403524996600595, 10.479477389005297, 13.70851658241213, 1.1687512313376374, 23.42478181272304, 33.20957770484472, 0.07051698525481243, 9.284776137924041, 15.020980998301184, 9.375204077825344, 0.6690655440060027, 1.344093178422895, 11.201419385100735, 11.031912546842818, 0.6771166083068465, 8.75465503747273, 18.1848620262341, 0.6771069620632488, 15.895661669689844, 6.549444512538912, 1.8288523596349933, 2.2903750534702567, 5.3933269901226595, -0.7050164814654067, 0.1625632803610415, 4.018224365790388, -1.0559235174607693, -1.3003211795326024, 0.021403609826279535, 1.714292524182838, 11.515834425858316, 3.604593568792893]
theta_global: 0.6020100502512563
window_size: 50, overlap: 0.5, threshold: 1.0
