680 
840 
960 
1080 
1160 
1240 
1480 
scores: [3.8167739980519855, 0.3975793926381357, 3.0714238152476128, 6.460247054165052, 4.0414016870260525, 0.2899198426032399, 0.11462963310151508, 5.429974118862674, 4.2755829713500475, 0.9015279536359344, 1.031785951635669, 1.728503221479258, 4.07676290760503, 4.207633325722632, 6.500050990488688, 36.71354585307114, 13.428299568896705, 6.627186707356884, 8.94405619312397, 35.84080195562592, 4.818453286662589, 25.47114793365654, 66.4266917849177, 10.327888130451868, 24.16246044912998, 52.25975271099662, 6.521999386077027, 32.87002866502951, 16.996122433277492, 36.74791954878526, 26.319251768020195, 1.7819389305034292, 10.852044041221461, 7.767462867445943, 0.36362581131220395, 17.87181891626335, 5.366308557962384, 10.93882276814179, 6.461593745087839, 3.145719562444583, 0.8607478913331761, 5.787358861889743, 9.788092830526011, 0.3826941517746718, 3.019678155814404, 2.106764130054671, 7.735598560071594]
theta_global: 0.1
window_size: 80, overlap: 0.5, threshold: 13.0
