320 
640 
720 
800 
920 
1440 
1880 
scores: [2.0517754887689534, 1.0057094817377106, 2.8399568777596187, 2.1287895670748753, 0.25949452458417, 2.7642297027123277, 14.349924784386872, 3.0427659137405954, 4.394334260094297, 2.1732372120241052, 0.02158882483377056, 1.3461613492578408, 6.71645815486454, 4.191890765671474, 14.34191113476379, 1.2013367063431133, 15.315814544476439, 1.312623208339005, 33.04874099283654, 11.922536029630692, 0.44832140443043045, 18.17854331379192, 12.903171380099138, 4.462963751766111, 7.119107947361101, 7.68993980673207, 0.2157054692824545, 2.342087643813045, 0.3558542828232021, 6.446703113941567, 8.425369132353126, 2.608443520477749, 7.547083141120538, 2.4555909540370067, 17.560149909124732, 3.8049928906361856, 0.6305864001938062, -0.009455246275820173, 3.2166126214817723, 1.239494273361629, 0.1380955055517461, 0.3741486029459793, 9.984380778278819, 10.304539853930692, 12.292678512899556, 16.558154384251225, 0.4672507710191667]
theta_global: 0.1
window_size: 80, overlap: 0.5, threshold: 9.0
