320 
560 
640 
720 
800 
920 
1040 
1280 
1360 
1440 
1880 
scores: [2.129261191792466, 0.9865535671704606, 3.196811635675033, 2.1116255134240305, 0.1992269935276454, 3.012788504764785, 14.586199432571561, 3.08584899162463, 4.241901402122721, 2.2768446275667884, 0.11988809643742115, 1.475020191718727, 8.512373657387343, 6.391214067525652, 17.144283514615836, 3.3469462507231356, 16.609245455506198, 9.8423850789153, 37.730574149511654, 13.01783317519164, 7.154629848718287, 30.218617730748974, 19.793270548744943, 5.395284500532711, 20.234513312559585, 17.37062181320522, 0.32489283356392207, 4.4702820136001264, 4.72871384651927, 7.230628817259685, 13.174267430459054, 2.8654107745120996, 13.848215691240284, 3.013695943592097, 25.96734117517508, 6.38759895836688, 1.0313090832817124, 0.020277147969181897, 2.898035163213649, 0.5545652430289465, 0.08605377577521267, 0.23141111364907374, 10.120374147176335, 10.43280609981855, 12.776626717211002, 17.22537086605712, 0.43346963819624307]
theta_global: 0.1
window_size: 80, overlap: 0.5, threshold: 6.0
