80 
160 
840 
960 
1080 
1200 
1280 
scores: [14.015091041176788, 0.024207112142221376, 8.026652398723513, 5.665439756775299, 4.92732144114018, 0.7829578193449152, 6.361627077894582, 2.5887619789192513, 2.983450108399552, 5.203430104432869, 0.22070448574515922, 5.80701912714062, 0.003960735305554408, 6.079366332303948, -0.06173657082990758, 4.8379223257452395, 0.17706669882500137, 0.11895357882258395, 11.504771622035378, 23.02372666656686, 1.4901209321986926, 16.586497480841444, 24.61030856765484, -19.971725699756604, 16.603512506354207, 32.616721847798146, 10.551623316792302, 4.9900332270945, 9.94522905570409, 2.220465692095445, 8.325833488396029, -1.944307873732896, 4.831377778886122, 0.6720359722731928, 3.0453038562053507, 2.5093159791076687, 2.393435500240912, 0.04270766898957845, 2.5467896541567825, 3.455344225107865, 3.1793167047846964, 0.15416336102396144, 3.4002421718072355, 1.0340104819820226, 1.4964128110766524, 0.9368575700466408, 2.271915200336025]
theta_global: 0.1
window_size: 80, overlap: 0.5, threshold: 7.0
