575 
625 
825 
925 
1050 
1450 
1875 
scores: [0.9945748859636865, 0.022174267181981122, 3.892193938329683, 1.4377325594815034, 0.3493828800008032, 2.470815771227592, 1.7613845109653994, 0.1223969956463975, 0.13726612575618446, 0.3681995326731453, 2.8920527091292456, 6.765861849986436, 3.202487240884807, 0.6039960815784298, 5.2967622435934345, 7.016685213786161, 1.4123529820707859, 2.16669798704163, 0.730802302536631, -0.015524200829759138, 3.884977334374696, 15.364826800685591, 7.964088456987838, 19.534743318671815, 8.27856521357927, 0.5090198236134142, 6.933786263231923, 6.0965838374957, 4.4716798014617325, 3.181131473515478, 19.6995918524471, 22.44589776785358, 4.04756896729134, 3.001528649010993, 8.705728432736407, 13.351977580028802, 10.948013260326718, 5.708256363995076, 1.3884078481514965, 2.7590235261225082, 14.582595411169393, 13.957895291636135, 1.2833957536981586, 0.8743905745651546, 1.8527355073817944, 1.3221646527213977, 1.753539133967024, 0.7166504859826119, 1.3214100676458997, 9.15545463707926, 7.481350967808709, 3.503490587507656, 6.0563879196737105, 2.2444163480257657, 2.9374417812991425, 5.70080697720428, 23.578108582902814, 3.1797151496768947, 3.662387406933931, 0.48938299562297516, 1.040241429734806, 0.4190020648200061, 1.0112635780560026, 2.336717914201131, 0.5195164620860169, -0.11491950694335173, 0.7296954078666431, -0.09456105490028222, 0.2261313455477989, 0.6656390684886446, 8.151907596510682, 4.117668103512756, 10.768631517775361, 14.552468161086551, 0.09010435498078095, 0.22326588759136712, 0.27121193682540934]
theta_global: 0.1
window_size: 50, overlap: 0.5, threshold: 10.0
