80 
520 
920 
1040 
1200 
1400 
1480 
scores: [15.803483058268199, 2.5125404814571652, 0.15332763457971055, 0.04985230740808788, 0.045176712767016625, 0.7634001043626881, 1.3598273258206746, 3.709079163508761, 0.5480114793169264, 4.3189262232168915, 13.43268705022058, 23.463941282147402, 1.9907783609244234, 1.0083394680738138, 13.807286746690806, 12.252048682497843, 1.099931477954101, 9.855121586442806, 0.9272974790583248, 22.148106093381443, 28.750881427935497, 61.53847633521633, 27.239383041336282, 3.0236616472610365, 20.482249944690324, 9.078196270283684, 0.17411787561496794, 17.33338705005866, 24.04221014382813, 3.391245607963583, 0.8128378583583071, 0.1422186968453616, 14.49302904183105, 15.052353699665673, 6.473473116941591, 14.083547966463811, 1.3462510434812884, 7.717643702873033, 1.3423277556623816, 5.472710277605529, 1.8813417415972253, 7.660131303188905, 1.1430675540941593, 8.288952529501216, 1.4876639654785322, 2.0890735090133603, 0.4548334249202526]
theta_global: 0.1
window_size: 80, overlap: 0.5, threshold: 14.0
