120 
440 
560 
640 
800 
880 
960 
1080 
1280 
1360 
1720 
scores: [-1.2456038056261605, 8.391813129846014, 1.9394946969697457, 1.2568326611667544, 0.41549783215339176, 1.8388322863404483, -0.11192937254645585, 1.9979087756585159, 0.28033077222835345, 4.694365110000149, 2.6726253004220553, 4.168892463525253, 5.626305997002419, -0.0035113408173401695, 4.642676615188407, 4.166648981037838, 1.360324499415583, 2.5829616727053235, 15.447369262895108, 6.775103755487862, 2.6483515836730476, 2.502270042834084, 38.11862347496299, 14.333737002174928, 8.089222892014448, 40.664314239610576, 3.281364623704576, -0.041247006767889616, 1.5988678030214487, 0.914168154376739, 6.060934103660429, 0.13579972257025474, 8.881436913424068, 1.4549451524108008, 0.8291425350494137, 0.02635377548017459, 0.008356868029977704, 0.6977134795765778, 0.8853750817199852, 0.6735072062522249, -0.08735750315850055, 3.9531155505683273, -0.05443652452242986, 0.6589525723712768, 1.8236791226952391, 0.43584692464946784, -0.06540773991855531]
theta_global: 0.1
window_size: 80, overlap: 0.5, threshold: 2.0
