160 
240 
400 
600 
680 
920 
1080 
1200 
1280 
1400 
1480 
1560 
1640 
1720 
1800 
1920 
scores: [10.658480703038663, 10.824727691771841, 13.328612812733695, 4.972773392179647, 33.419988929453666, 16.83568104508231, 2.563506084930623, 3.0011385443763174, 35.55719258530735, 35.447345752147385, 1.723458978919325, 2.049735768379037, 4.695715430937071, 51.228995535162994, 37.55051770291789, 20.297276584770316, 12.098225216318951, 2.4663826009837067, 10.451568319989747, 20.711758915156906, 34.494099735762575, 111.62321626368862, 87.79470993608538, 2.283858635133953, 41.120569969101325, 59.544320523619376, 24.94349824415349, 8.116321682388843, 37.62267031045576, 2.3505264618323736, 43.070808644756994, 8.380963658896917, 46.12376124271009, 55.242474772087235, 5.259271468023599, 41.71007643978942, 0.9654558464477532, 31.105276698372563, 0.7638934683359366, 22.477343019444902, 0.7814516680339239, 10.776425430779454, 7.0830457429489115, 28.655482020184536, 22.10749803253634, 2.4273783355656633, 29.34080610770934]
theta_global: 0.6020100502512563
window_size: 80, overlap: 0.5, threshold: 6.0
