225 
350 
425 
600 
675 
850 
950 
1075 
1225 
1275 
1425 
1475 
1575 
1625 
scores: [2.427092358640607, 0.4838069537870524, 0.13121288505473672, 0.03904088683947293, 1.4619055123552016, 0.3632959369547848, 1.260119168107508, 7.210137092329347, 0.09534402478556103, 4.334470788711599, -0.03978129462609559, 2.3356478664151155, 5.770665576837388, 3.488141735267078, 8.482214828050616, 9.140594349408872, 0.386277586142711, 0.9937564196117137, 1.560526514168771, 3.4969752405053214, 0.3244918119219733, 1.456164767281848, 8.323051939288064, 5.687857316108563, 1.2567975284279385, 11.163622100149212, 8.487277229106951, 0.1422770532928439, 0.09666713305864505, -0.5897967848509325, 4.667395696417287, -0.4730030722515153, 13.065081253588119, 2.450502095138745, 1.209885060288343, 1.9272457140066308, 13.176303129500013, 3.9948599651820302, 1.6493516953929266, -5.46886660859407, 2.2507364202730287, 24.27515138280404, 1.330324816926236, 0.7175547393736679, 0.0020436981408238353, 1.1229657172784755, 0.004191587989680556, 8.036378373047228, 1.4677784795931075, 10.813693057979151, 6.350226926687014, 2.8887559476162323, 3.4263715964398216, 0.7011095048745801, 3.2732292701906545, 12.700338282633993, -0.04716040023720325, 9.380791503980163, 3.6905385831306603, 0.10816448864807171, 1.093668319822541, 19.04971074902312, 6.250823496711689, 7.093422464744322, 6.85285085421458, 3.551255057928529, 0.8073814010707565, 1.2985899044706457, 0.2115610077535166, 1.2864971898646331, 0.8911929895638764, 0.16982664831652983, 0.07368213392192047, 0.7838641990426822, 0.01469621788794484, 0.21662775934510137, 0.576870709602872]
theta_global: 0.1
window_size: 50, overlap: 0.5, threshold: 5.0
