680 
840 
960 
1080 
1160 
1240 
1480 
scores: [3.4743637841456234, 0.36291308190277505, 2.8329009394087734, 4.687514215096826, 0.7908006166894097, 0.2153201743299462, 0.10794147976278623, 3.643788093858632, 4.313753961435452, -10.57437687016403, 0.6583006768591417, -38.02847603654368, -272.02816001446735, -127.4806197363451, -4.647335058951242, 18.01784001149008, 5.783780213839179, -2.0959996485438523, 7.921053033369276, 27.435783889260392, 4.144630479267789, 13.380068110518323, 49.14472158920705, 10.059435740525487, 7.005441982780496, 30.42697059672855, 5.267056070205399, 30.413787867657902, 15.99793100180932, 35.74296439662328, 27.41293253080312, 1.7945482527875356, 11.105735377449491, 8.794235293639758, 0.3902634042515274, 18.521384621964557, 5.7407767883073575, 10.93841458486986, 6.465250221753422, 3.1533046791889774, 0.8662506974708322, 6.281078203319339, 9.908018145771052, 0.7967048695727499, 2.981676409945635, 2.4511084328643165, 5.730587574370475]
theta_global: 0.1
window_size: 80, overlap: 0.5, threshold: 15.0
