80 
160 
240 
360 
440 
640 
720 
800 
880 
1040 
1160 
1240 
1320 
1520 
1600 
scores: [5.839609082833135, 3.272715663256463, 2.6848718944424945, 0.1837107039093553, 9.646641521874585, 8.222498656741664, 0.5361585318318021, 2.804954388578608, 0.21693959076640112, 4.7915972574634225, 1.3048975141254004, 1.5067048032868797, -0.6668192450549668, 1.9243568760954304, 5.015149292236742, 0.007357230480693033, 22.817101131101822, 1.7426563774016586, 13.624815878429672, 3.560586580433892, 5.74913264430063, 5.538161786189335, -352.8239373495021, -8.722618918396108, 26.50510899875252, 9.918167920388328, 3.344750980914341, 20.257574013437193, 2.0372289115449576, 8.97814120588771, 1.763072639138386, 11.702056378125235, 9.578363561853394, 0.6071907849149056, 1.040421214934554, 0.3095247858779544, 5.545173434259482, -1.8167588802600676, 2.8304103437852177, 1.6914307651167064, 0.20286582674600595, 0.6670146745744319, -0.0876001811946594, 0.10643092490738582, 1.6825668370660196, 0.9349666919927131, 1.4064470252133106]
theta_global: 0.1
window_size: 80, overlap: 0.5, threshold: 2.0
