Position,Value
0,45
1,12
2,0
3,0
4,26
5,0
6,0
7,34
8,0
9,28
10,0
11,0
12,0
13,0
14,31
15,0
16,0
17,28
18,0
19,0
20,26
21,26
22,0
23,0
24,0
25,0
26,0
27,25
28,0
29,0
30,0
31,0
32,35
33,0
34,0
35,0
36,0
37,0
38,0
39,0
40,26
41,0
42,0
43,48
44,0
45,30
46,0
47,0
48,0
49,0
50,0
51,0
52,0
53,0
54,0
55,0
56,0
57,15
58,0
59,21
60,0
61,0
62,0
63,0
64,16
65,0
66,0
67,0
68,0
69,0
70,46
71,24
72,0
73,16
74,0
75,0
76,0
77,39
78,0
79,27
80,32
81,19
82,0
83,0
84,33
85,24
86,16
87,20
88,27
89,0
90,0
91,30
92,0
93,0
94,0
95,0
96,0
97,0
98,0
99,0
100,16
101,0
102,46
103,0
104,0
105,18
106,0
107,0
108,0
109,0
110,0
111,0
112,0
113,0
114,20
115,13
116,0
117,0
118,0
119,0
120,8
121,0
122,0
123,32
124,0
125,0
126,14
127,0
128,0
129,0
130,0
131,23
132,0
133,0
134,0
135,12
136,0
137,24
138,0
139,0
140,44
141,0
142,0
143,0
144,23
145,0
146,25
147,0
148,0
149,0
150,0
151,42
152,0
153,0
154,37
155,57
156,42
157,19
158,44
159,0
160,0
161,64
162,23
163,0
164,0
165,0
166,0
167,0
168,0
169,0
170,19
171,0
172,0
173,0
174,0
175,0
176,0
177,0
178,0
179,0
180,24
181,0
182,0
183,0
184,0
185,0
186,0
187,27
188,0
189,58
190,30
191,0
192,0
193,0
194,50
195,40
196,0
197,0
198,0
199,60
200,0
201,0
202,17
203,33
204,0
205,0
206,0
207,0
208,0
209,0
210,0
211,0
212,0
213,0
214,0
215,0
216,23
217,0
218,31
219,0
220,34
221,0
222,0
223,26
224,0
225,0
226,0
227,0
228,11
229,0
230,0
231,0
232,0
233,30
234,0
235,30
236,0
237,0
238,17
239,0
240,0
241,19
242,0
243,23
244,0
245,32
246,0
247,0
248,0
249,0
250,0
251,21
252,0
253,0
254,0
255,0
256,0
257,0
258,0
259,0
260,0
261,0
262,0
263,0
264,0
265,0
266,0
267,0
268,0
269,0
270,0
271,0
272,0
273,0
274,31
275,0
276,24
277,28
278,0
279,0
280,0
281,36
282,43
283,0
284,0
285,0
286,0
287,0
288,0
289,0
290,0
291,0
292,0
293,0
294,0
295,46
296,48
297,27
298,0
299,34
300,0
301,0
302,0
303,33
304,0
305,0
306,0
307,0
308,0
309,12
310,0
311,28
312,15
313,0
314,0
315,0
316,18
317,0
318,0
319,0
320,21
321,0
322,0
323,0
324,0
325,42
326,0
327,0
328,0
329,0
330,0
331,38
332,0
333,24
334,41
335,0
336,0
337,0
338,0
339,0
340,0
341,0
342,0
343,0
344,0
345,0
346,29
347,0
348,0
349,0
350,21
351,0
352,0
353,0
354,24
355,0
356,0
357,0
358,25
359,0
360,0
361,0
362,0
363,25
364,31
365,17
366,0
367,0
368,0
369,0
370,0
371,24
372,28
373,27
374,0
375,0
376,31
377,0
378,0
379,0
380,20
381,0
382,39
383,25
384,0
385,0
386,35
387,30
388,0
389,53
390,10
391,0
392,0
393,30
394,33
395,0
396,0
397,0
398,0
399,14
400,0
401,0
402,0
403,0
404,0
405,0
406,0
407,0
408,0
409,0
410,0
411,0
412,0
413,0
414,0
415,0
416,0
417,0
418,0
419,0
420,0
421,37
422,0
423,0
424,0
425,0
426,0
427,0
428,24
429,0
430,15
431,0
432,0
433,0
434,0
435,22
436,0
437,21
438,22
439,15
440,0
441,0
442,0
443,15
444,0
445,0
446,43
447,0
448,24
449,0
450,10
451,27
452,0
453,0
454,0
455,23
456,0
457,0
458,32
459,0
460,0
461,24
462,0
463,0
464,0
465,0
466,0
467,29
468,0
469,0
470,0
471,16
472,0
473,24
474,0
475,0
476,0
477,0
478,20
479,0
480,0
481,0
482,0
483,0
484,0
485,0
486,21
487,0
488,0
489,0
490,0
491,0
492,0
493,42
494,0
495,29
496,26
497,0
498,32
499,0
500,0
501,0
502,45
503,0
504,0
505,0
506,0
507,0
508,0
509,48
510,0
511,0
512,0
513,0
514,0
515,0
516,34
517,0
518,12
519,36
520,53
521,0
522,0
523,0
524,38
525,0
526,0
527,0
528,0
529,0
530,0
531,25
532,35
533,0
534,12
535,0
536,0
537,0
538,0
539,24
540,73
541,0
542,0
543,0
544,39
545,0
546,0
547,0
548,0
549,0
550,0
551,0
552,46
553,27
554,48
555,0
556,0
557,0
558,0
559,0
560,30
561,0
562,0
563,0
564,0
565,0
566,0
567,0
568,0
569,0
570,21
571,36
572,0
573,0
574,0
575,0
576,0
577,0
578,0
579,20
580,0
581,0
582,0
583,37
584,0
585,0
586,0
587,16
588,0
589,0
590,26
591,0
592,31
593,0
594,0
595,0
596,0
597,0
598,25
599,0
600,0
601,0
602,0
603,0
604,0
605,28
606,34
607,0
608,0
609,0
610,0
611,13
612,0
613,0
614,0
615,0
616,20
617,43
618,0
619,0
620,0
621,0
622,0
623,0
624,0
625,0
626,0
627,0
628,0
629,0
630,0
631,21
632,0
633,8
634,0
635,0
636,12
637,0
638,0
639,26
640,26
641,0
642,49
643,0
644,0
645,0
646,0
647,18
648,0
649,0
650,28
651,0
652,0
653,0
654,27
655,0
656,0
657,42
658,0
659,0
660,0
661,0
662,27
663,0
664,0
665,0
666,0
667,0
668,0
669,0
670,0
671,0
672,0
673,40
674,0
675,41
676,0
677,0
678,0
679,0
680,0
681,0
682,25
683,0
684,57
685,0
686,0
687,38
688,0
689,31
690,0
691,0
692,0
693,34
694,23
695,21
696,0
697,0
698,0
699,0
700,0
701,37
702,0
703,13
704,0
705,0
706,0
707,38
708,27
709,0
710,0
711,0
712,0
713,0
714,39
715,0
716,0
717,23
718,50
719,0
720,22
721,0
722,0
723,29
724,0
725,31
726,0
727,0
728,0
729,0
730,0
731,17
732,0
733,0
734,42
735,18
736,0
737,24
738,0
739,0
740,0
741,0
742,0
743,0
744,0
745,0
746,0
747,0
748,0
749,38
750,32
751,0
752,29
753,33
754,0
755,21
756,0
757,0
758,0
759,0
760,16
761,0
762,30
763,0
764,0
765,0
766,23
767,0
768,25
769,0
770,16
771,0
772,36
773,18
774,0
775,0
776,0
777,45
778,0
779,0
780,0
781,0
782,0
783,0
784,43
785,0
786,0
787,0
788,0
789,0
790,35
791,32
792,0
793,0
794,0
795,0
796,0
797,0
798,0
799,0
800,0
801,28
802,0
803,0
804,0
805,0
806,0
807,0
808,25
809,0
810,0
811,49
812,0
813,0
814,0
815,31
816,0
817,0
818,0
819,0
820,0
821,0
822,9
823,0
824,0
825,0
826,0
827,0
828,0
829,0
830,0
831,0
832,0
833,0
834,0
835,0
836,0
837,0
838,0
839,0
840,0
841,0
842,0
843,0
844,0
845,0
846,0
847,0
848,0
849,0
850,0
851,0
852,0
853,0
854,0
855,0
856,1
857,0
858,0
859,0
860,0
861,0
862,0
863,0
864,0
865,0
866,0
867,0
868,0
869,0
870,0
871,0
872,0
873,0
874,0
875,0
876,0
877,0
878,0
879,0
880,0
881,0
882,0
883,0
884,0
885,0
886,0
887,0
888,1
889,0
890,0
891,0
892,0
893,0
894,0
895,0
896,0
897,0
898,0
899,0
900,0
901,0
902,0
903,1
904,0
905,0
906,0
907,0
908,0
909,0
910,0
911,0
912,0
913,0
914,0
915,0
916,0
917,0
918,0
919,0
920,0
921,0
922,0
923,0
924,0
925,0
926,0
927,0
928,0
929,0
930,0
931,0
932,0
933,0
934,0
935,0
936,0
937,0
938,0
939,0
940,0
941,0
942,0
943,0
944,0
945,0
946,0
947,0
948,0
949,0
950,0
951,0
952,0
953,0
954,0
955,0
956,0
957,0
958,0
959,0
960,0
961,0
962,0
963,0
964,0
965,0
966,0
967,0
968,0
969,0
970,0
971,0
972,0
973,0
974,0
975,0
976,0
977,0
978,0
979,0
980,0
981,0
982,0
983,1
984,0
985,0
986,0
987,0
988,0
989,0
990,0
991,0
992,0
993,0
994,0
995,0
996,0
997,0
998,0
999,0
1000,0
1001,0
1002,0
1003,0
1004,0
1005,0
1006,0
1007,0
1008,0
1009,0
1010,0
1011,0
1012,0
1013,0
1014,0
1015,0
1016,0
1017,0
1018,0
1019,0
1020,0
1021,1
1022,0
1023,0
1024,0
1025,0
1026,0
1027,0
1028,0
1029,0
1030,0
1031,0
1032,0
1033,0
1034,0
1035,0
1036,0
1037,0
1038,0
1039,0
1040,0
1041,0
1042,0
1043,0
1044,0
1045,0
1046,1
1047,0
1048,0
1049,0
1050,0
1051,0
1052,0
1053,0
1054,0
1055,0
1056,0
1057,0
1058,0
1059,0
1060,0
1061,0
1062,0
1063,0
1064,0
1065,0
1066,0
1067,0
1068,0
1069,0
1070,0
1071,0
1072,0
1073,0
1074,0
1075,0
1076,0
1077,0
1078,0
1079,0
1080,0
1081,0
1082,0
1083,0
1084,0
1085,0
1086,0
1087,0
1088,0
1089,0
1090,0
1091,0
1092,0
1093,0
1094,0
1095,0
1096,0
1097,0
1098,0
1099,0
1100,0
1101,0
1102,0
1103,0
1104,0
1105,0
1106,0
1107,0
1108,0
1109,0
1110,0
1111,0
1112,0
1113,0
1114,0
1115,0
1116,0
1117,0
1118,0
1119,0
1120,0
1121,0
1122,0
1123,0
1124,0
1125,0
1126,0
1127,0
1128,0
1129,0
1130,0
1131,0
1132,0
1133,0
1134,0
1135,0
1136,0
1137,0
1138,0
1139,0
1140,0
1141,0
1142,0
1143,0
1144,0
1145,0
1146,0
1147,0
1148,0
1149,0
1150,0
1151,0
1152,0
1153,0
1154,0
1155,0
1156,0
1157,0
1158,0
1159,0
1160,0
1161,0
1162,0
1163,0
1164,0
1165,0
1166,0
1167,0
1168,0
1169,0
1170,0
1171,0
1172,0
1173,0
1174,0
1175,0
1176,0
1177,0
1178,0
1179,0
1180,0
1181,0
1182,0
1183,0
1184,0
1185,0
1186,0
1187,0
1188,0
1189,0
1190,0
1191,0
1192,0
1193,0
1194,0
1195,0
1196,0
1197,0
1198,0
1199,0
1200,0
1201,0
1202,0
1203,0
1204,0
1205,0
1206,0
1207,0
1208,0
1209,0
1210,0
1211,0
1212,0
1213,0
1214,0
1215,0
1216,0
1217,0
1218,0
1219,0
1220,0
1221,0
1222,0
1223,0
1224,0
1225,0
1226,0
1227,0
1228,0
1229,0
1230,0
1231,0
1232,0
1233,0
1234,0
1235,0
1236,0
1237,0
1238,0
1239,0
1240,0
1241,0
1242,0
1243,0
1244,0
1245,0
1246,0
1247,0
1248,0
1249,0
1250,0
1251,0
1252,0
1253,0
1254,0
1255,0
1256,0
1257,0
1258,0
1259,0
1260,1
1261,0
1262,0
1263,0
1264,0
1265,0
1266,0
1267,0
1268,0
1269,0
1270,0
1271,0
1272,0
1273,0
1274,0
1275,0
1276,0
1277,0
1278,0
1279,0
1280,0
1281,0
1282,0
1283,0
1284,0
1285,0
1286,0
1287,0
1288,0
1289,0
1290,0
1291,0
1292,0
1293,0
1294,0
1295,1
1296,0
1297,0
1298,0
1299,0
1300,0
1301,0
1302,0
1303,0
1304,0
1305,0
1306,0
1307,0
1308,0
1309,0
1310,0
1311,0
1312,0
1313,0
1314,0
1315,0
1316,0
1317,0
1318,0
1319,0
1320,0
1321,0
1322,0
1323,0
1324,0
1325,0
1326,0
1327,0
1328,0
1329,0
1330,0
1331,0
1332,0
1333,0
1334,0
1335,0
1336,0
1337,0
1338,0
1339,0
1340,1
1341,0
1342,0
1343,0
1344,0
1345,0
1346,0
1347,0
1348,0
1349,0
1350,0
1351,0
1352,0
1353,0
1354,0
1355,0
1356,0
1357,0
1358,0
1359,0
1360,0
1361,0
1362,0
1363,0
1364,1
1365,0
1366,0
1367,0
1368,0
1369,0
1370,0
1371,0
1372,0
1373,0
1374,0
1375,0
1376,0
1377,0
1378,0
1379,0
1380,0
1381,0
1382,0
1383,0
1384,0
1385,0
1386,0
1387,0
1388,0
1389,0
1390,0
1391,0
1392,0
1393,0
1394,0
1395,0
1396,0
1397,0
1398,0
1399,0
1400,0
1401,0
1402,0
1403,0
1404,0
1405,0
1406,0
1407,0
1408,0
1409,0
1410,0
1411,0
1412,0
1413,0
1414,0
1415,0
1416,0
1417,0
1418,0
1419,0
1420,0
1421,0
1422,0
1423,0
1424,0
1425,0
1426,0
1427,0
1428,0
1429,0
1430,0
1431,0
1432,0
1433,0
1434,0
1435,0
1436,0
1437,0
1438,0
1439,0
1440,0
1441,0
1442,0
1443,0
1444,0
1445,0
1446,0
1447,0
1448,0
1449,0
1450,0
1451,0
1452,0
1453,0
1454,0
1455,0
1456,0
1457,0
1458,0
1459,0
1460,0
1461,0
1462,0
1463,0
1464,0
1465,0
1466,0
1467,0
1468,0
1469,0
1470,0
1471,0
1472,0
1473,0
1474,0
1475,0
1476,0
1477,0
1478,0
1479,0
1480,0
1481,0
1482,0
1483,0
1484,0
1485,0
1486,0
1487,0
1488,0
1489,0
1490,0
1491,0
1492,0
1493,0
1494,0
1495,0
1496,0
1497,0
1498,0
1499,0
1500,0
1501,0
1502,0
1503,0
1504,0
1505,0
1506,0
1507,0
1508,0
1509,0
1510,0
1511,0
1512,0
1513,0
1514,0
1515,0
1516,0
1517,0
1518,0
1519,0
1520,0
1521,0
1522,0
1523,0
1524,0
1525,0
1526,0
1527,0
1528,0
1529,0
1530,0
1531,0
1532,0
1533,0
1534,0
1535,0
1536,0
1537,0
1538,0
1539,0
1540,0
1541,0
1542,0
1543,0
1544,0
1545,0
1546,0
1547,0
1548,0
1549,0
1550,0
1551,0
1552,0
1553,0
1554,0
1555,0
1556,0
1557,0
1558,0
1559,0
1560,0
1561,0
1562,0
1563,0
1564,0
1565,0
1566,0
1567,0
1568,0
1569,0
1570,0
1571,0
1572,0
1573,0
1574,0
1575,0
1576,0
1577,0
1578,0
1579,0
1580,0
1581,0
1582,0
1583,0
1584,0
1585,0
1586,0
1587,0
1588,0
1589,0
1590,0
1591,0
1592,0
1593,0
1594,0
1595,0
1596,0
1597,0
1598,0
1599,0
1600,0
1601,0
1602,0
1603,0
1604,0
1605,0
1606,0
1607,0
1608,0
1609,0
1610,0
1611,0
1612,0
1613,0
1614,0
1615,0
1616,0
1617,0
1618,0
1619,0
1620,0
1621,0
1622,0
1623,0
1624,0
1625,0
1626,0
1627,0
1628,0
1629,0
1630,0
1631,0
1632,0
1633,0
1634,0
1635,0
1636,0
1637,0
1638,0
1639,0
1640,0
1641,0
1642,0
1643,0
1644,0
1645,0
1646,0
1647,0
1648,0
1649,0
1650,0
1651,0
1652,0
1653,0
1654,0
1655,0
1656,0
1657,0
1658,0
1659,0
1660,0
1661,0
1662,0
1663,0
1664,0
1665,0
1666,0
1667,0
1668,0
1669,0
1670,0
1671,0
1672,0
1673,0
1674,0
1675,0
1676,0
1677,0
1678,0
1679,0
1680,0
1681,0
1682,0
1683,1
1684,0
1685,0
1686,0
1687,0
1688,0
1689,0
1690,0
1691,0
1692,0
1693,0
1694,0
1695,0
1696,0
1697,0
1698,0
1699,0
1700,0
1701,0
1702,0
1703,0
1704,0
1705,0
1706,0
1707,0
1708,0
1709,0
1710,0
1711,0
1712,0
1713,0
1714,0
1715,0
1716,0
1717,0
1718,0
1719,0
1720,0
1721,0
1722,0
1723,0
1724,0
1725,0
1726,0
1727,0
1728,0
1729,0
1730,0
1731,0
1732,0
1733,0
1734,0
1735,0
1736,0
1737,0
1738,0
1739,0
1740,0
1741,0
1742,0
1743,0
1744,0
1745,0
1746,0
1747,0
1748,0
1749,0
1750,0
1751,0
1752,0
1753,0
1754,0
1755,0
1756,0
1757,0
1758,0
1759,0
1760,0
1761,0
1762,0
1763,0
1764,0
1765,0
1766,0
1767,0
1768,0
1769,0
1770,0
1771,0
1772,0
1773,0
1774,1
1775,0
1776,0
1777,0
1778,0
1779,0
1780,0
1781,0
1782,0
1783,0
1784,0
1785,0
1786,0
1787,0
1788,0
1789,0
1790,0
1791,0
1792,0
1793,0
1794,0
1795,0
1796,0
1797,0
1798,0
1799,0
1800,0
1801,0
1802,0
1803,0
1804,0
1805,0
1806,0
1807,0
1808,0
1809,0
1810,0
1811,0
1812,0
1813,0
1814,0
1815,0
1816,0
1817,0
1818,0
1819,0
1820,0
1821,0
1822,0
1823,0
1824,0
1825,0
1826,0
1827,0
1828,0
1829,0
1830,0
1831,0
1832,0
1833,0
1834,0
1835,0
1836,0
1837,0
1838,0
1839,0
1840,0
1841,0
1842,0
1843,0
1844,0
1845,0
1846,0
1847,0
1848,0
1849,0
1850,0
1851,0
1852,0
1853,0
1854,0
1855,0
1856,0
1857,0
1858,0
1859,0
1860,0
1861,0
1862,0
1863,0
1864,0
1865,0
1866,0
1867,0
1868,1
1869,0
1870,0
1871,0
1872,0
1873,0
1874,0
1875,0
1876,0
1877,0
1878,0
1879,0
1880,0
1881,0
1882,0
1883,0
1884,0
1885,0
1886,0
1887,0
1888,0
1889,0
1890,0
1891,0
1892,0
1893,0
1894,0
1895,0
1896,0
1897,0
1898,0
1899,0
1900,0
1901,0
1902,0
1903,0
1904,0
1905,0
1906,0
1907,0
1908,0
1909,0
1910,0
1911,0
1912,0
1913,0
1914,0
1915,0
1916,0
1917,0
1918,0
1919,0
1920,0
1921,0
1922,0
1923,1
1924,0
1925,0
1926,0
1927,0
1928,0
1929,0
1930,0
1931,0
1932,0
1933,0
1934,0
1935,0
1936,0
1937,0
1938,0
1939,0
1940,0
1941,0
1942,0
1943,0
1944,0
1945,0
1946,0
1947,0
1948,0
1949,0
1950,0
1951,0
1952,0
1953,0
1954,0
1955,0
1956,0
1957,0
1958,0
1959,0
1960,0
1961,0
1962,0
1963,0
1964,0
1965,0
1966,0
1967,0
1968,0
1969,0
1970,0
1971,0
1972,0
1973,0
1974,0
1975,0
1976,0
1977,0
1978,0
1979,0
1980,0
1981,0
1982,0
1983,0
1984,0
1985,0
1986,0
1987,0
1988,0
1989,0
1990,0
1991,0
1992,0
1993,0
1994,0
1995,0
1996,0
1997,0
1998,0
1999,0
2000,0
2001,0
2002,0
2003,0
2004,0
2005,0
2006,0
2007,0
2008,0
2009,0
2010,0
2011,0
2012,0
2013,0
2014,0
2015,0
2016,0
2017,0
2018,0
2019,0
2020,0
2021,0
2022,0
2023,0
2024,0
2025,0
2026,0
2027,0
2028,0
2029,0
2030,0
2031,0
2032,0
2033,0
2034,0
2035,0
2036,0
2037,0
2038,0
2039,0
2040,0
2041,0
2042,0
2043,0
2044,0
2045,0
2046,0
2047,0
2048,0
2049,0
2050,0
2051,0
2052,0
2053,0
2054,0
2055,0
2056,0
2057,0
2058,0
2059,0
2060,0
2061,0
2062,0
2063,0
2064,0
2065,0
2066,0
2067,0
2068,0
2069,0
2070,0
2071,0
2072,0
2073,0
2074,0
2075,0
2076,0
2077,0
2078,0
2079,0
2080,0
2081,0
2082,0
2083,0
2084,0
2085,0
2086,0
2087,0
2088,0
2089,0
2090,0
2091,1
2092,0
2093,0
2094,0
2095,0
2096,0
2097,0
2098,0
2099,0
2100,0
2101,0
2102,0
2103,0
2104,0
2105,0
2106,0
2107,0
2108,0
2109,0
2110,0
2111,0
2112,0
2113,0
2114,0
2115,0
2116,0
2117,0
2118,0
2119,0
2120,0
2121,0
2122,0
2123,0
2124,0
2125,0
2126,0
2127,0
2128,0
2129,0
2130,0
2131,0
2132,0
2133,0
2134,0
2135,0
2136,0
2137,0
2138,0
2139,0
2140,0
2141,0
2142,0
2143,0
2144,0
2145,0
2146,0
2147,0
2148,0
2149,0
2150,0
2151,0
2152,0
2153,0
2154,0
2155,0
2156,0
2157,0
2158,0
2159,0
2160,0
2161,0
2162,0
2163,0
2164,0
2165,0
2166,0
2167,0
2168,0
2169,0
2170,0
2171,0
2172,0
2173,0
2174,0
2175,0
2176,0
2177,0
2178,0
2179,0
2180,0
2181,0
2182,0
2183,0
2184,0
2185,0
2186,0
2187,0
2188,0
2189,0
2190,0
2191,0
2192,0
2193,0
2194,0
2195,0
2196,0
2197,0
2198,0
2199,0
2200,0
2201,0
2202,0
2203,0
2204,0
2205,0
2206,0
2207,0
2208,0
2209,0
2210,0
2211,0
2212,0
2213,0
2214,0
2215,0
2216,0
2217,0
2218,0
2219,0
2220,0
2221,0
2222,0
2223,0
2224,0
2225,0
2226,0
2227,0
2228,0
2229,0
2230,0
2231,0
2232,0
2233,0
2234,0
2235,0
2236,0
2237,0
2238,0
2239,0
2240,0
2241,0
2242,0
2243,0
2244,0
2245,0
2246,0
2247,0
2248,0
2249,0
2250,0
2251,0
2252,0
2253,0
2254,0
2255,0
2256,0
2257,0
2258,0
2259,0
2260,0
2261,0
2262,0
2263,0
2264,0
2265,0
2266,0
2267,0
2268,0
2269,0
2270,0
2271,0
2272,0
2273,1
2274,0
2275,0
2276,0
2277,0
2278,0
2279,0
2280,0
2281,0
2282,0
2283,0
2284,0
2285,0
2286,0
2287,0
2288,0
2289,0
2290,0
2291,0
2292,0
2293,0
2294,0
2295,0
2296,0
2297,0
2298,0
2299,0
2300,0
2301,0
2302,0
2303,0
2304,0
2305,0
2306,0
2307,0
2308,1
2309,0
2310,0
2311,0
2312,0
2313,0
2314,0
2315,0
2316,0
2317,0
2318,0
2319,0
2320,0
2321,0
2322,0
2323,0
2324,0
2325,0
2326,0
2327,0
2328,0
2329,0
2330,0
2331,0
2332,0
2333,0
2334,0
2335,0
2336,0
2337,0
2338,0
2339,0
2340,0
2341,0
2342,0
2343,0
2344,0
2345,0
2346,0
2347,0
2348,0
2349,0
2350,0
2351,0
2352,0
2353,0
2354,0
2355,0
2356,0
2357,0
2358,0
2359,0
2360,0
2361,0
2362,0
2363,0
2364,0
2365,0
2366,0
2367,0
2368,0
2369,0
2370,0
2371,0
2372,0
2373,0
2374,0
2375,0
2376,0
2377,0
2378,0
2379,0
2380,0
2381,0
2382,0
2383,0
2384,0
2385,0
2386,0
2387,0
2388,0
2389,0
2390,0
2391,0
2392,0
2393,0
2394,0
2395,0
2396,0
2397,0
2398,0
2399,0
2400,0
2401,0
2402,0
2403,0
2404,0
2405,0
2406,0
2407,0
2408,0
2409,0
2410,0
2411,0
2412,0
2413,0
2414,0
2415,0
2416,0
2417,0
2418,0
2419,0
2420,0
2421,0
2422,0
2423,0
2424,0
2425,0
2426,0
2427,0
2428,0
2429,0
2430,0
2431,0
2432,0
2433,0
2434,0
2435,0
2436,0
2437,0
2438,0
2439,0
2440,0
2441,0
2442,0
2443,0
2444,0
2445,0
2446,0
2447,0
2448,0
2449,0
2450,0
2451,0
2452,0
2453,0
2454,0
2455,0
2456,0
2457,0
2458,0
2459,0
2460,0
2461,0
2462,0
2463,0
2464,0
2465,0
2466,0
2467,0
2468,0
2469,0
2470,0
2471,0
2472,0
2473,0
2474,0
2475,0
2476,0
2477,0
2478,0
2479,0
2480,0
2481,0
2482,0
2483,0
2484,0
2485,0
2486,0
2487,0
2488,0
2489,0
2490,0
2491,0
2492,0
2493,0
2494,0
2495,0
2496,0
2497,0
2498,31
2499,29
2500,0
2501,0
2502,0
2503,0
2504,33
2505,45
2506,0
2507,0
2508,0
2509,0
2510,0
2511,0
2512,55
2513,0
2514,0
2515,0
2516,0
2517,55
2518,0
2519,0
2520,0
2521,0
2522,0
2523,45
2524,0
2525,35
2526,18
2527,40
2528,0
2529,46
2530,0
2531,0
2532,0
2533,0
2534,0
2535,0
2536,0
2537,0
2538,0
2539,0
2540,25
2541,0
2542,23
2543,0
2544,0
2545,0
2546,0
2547,0
2548,0
2549,0
2550,59
2551,0
2552,0
2553,0
2554,32
2555,27
2556,0
2557,0
2558,0
2559,0
2560,0
2561,0
2562,0
2563,0
2564,0
2565,0
2566,0
2567,0
2568,45
2569,0
2570,0
2571,0
2572,0
2573,0
2574,0
2575,0
2576,0
2577,0
2578,0
2579,0
2580,0
2581,0
2582,0
2583,0
2584,0
2585,0
2586,46
2587,0
2588,0
2589,0
2590,28
2591,0
2592,0
2593,0
2594,57
2595,0
2596,0
2597,0
2598,42
2599,0
2600,52
2601,0
2602,0
2603,0
2604,0
2605,0
2606,0
2607,0
2608,0
2609,0
2610,0
2611,0
2612,0
2613,0
2614,43
2615,0
2616,0
2617,0
2618,0
2619,37
2620,34
2621,0
2622,47
2623,0
2624,0
2625,29
2626,0
2627,0
2628,34
2629,0
2630,0
2631,0
2632,0
2633,0
2634,0
2635,0
2636,0
2637,0
2638,0
2639,0
2640,0
2641,0
2642,0
2643,50
2644,0
2645,0
2646,0
2647,0
2648,0
2649,0
2650,0
2651,0
2652,0
2653,0
2654,0
2655,0
2656,0
2657,0
2658,0
2659,40
2660,0
2661,0
2662,0
2663,0
2664,47
2665,0
2666,0
2667,0
2668,0
2669,0
2670,42
2671,0
2672,0
2673,0
2674,27
2675,52
2676,0
2677,0
2678,0
2679,0
2680,0
2681,0
2682,0
2683,0
2684,0
2685,0
2686,0
2687,0
2688,44
2689,0
2690,0
2691,0
2692,0
2693,0
2694,0
2695,0
2696,0
2697,0
2698,0
2699,0
2700,44
2701,0
2702,43
2703,0
2704,0
2705,0
2706,0
2707,0
2708,0
2709,0
2710,0
2711,0
2712,0
2713,0
2714,0
2715,0
2716,36
2717,0
2718,0
2719,0
2720,66
2721,0
2722,0
2723,0
2724,0
2725,0
2726,0
2727,0
2728,0
2729,0
2730,0
2731,0
2732,0
2733,0
2734,0
2735,0
2736,0
2737,0
2738,0
2739,0
2740,29
2741,0
2742,0
2743,45
2744,0
2745,0
2746,27
2747,0
2748,50
2749,0
2750,0
2751,21
2752,39
2753,0
2754,0
2755,0
2756,0
2757,0
2758,0
2759,0
2760,0
2761,0
2762,0
2763,0
2764,0
2765,0
2766,0
2767,0
2768,43
2769,0
2770,0
2771,0
2772,0
2773,45
2774,0
2775,0
2776,0
2777,0
2778,0
2779,0
2780,0
2781,0
2782,45
2783,0
2784,0
2785,0
2786,0
2787,0
2788,0
2789,0
2790,0
2791,0
2792,0
2793,0
2794,0
2795,0
2796,0
2797,41
2798,26
2799,0
2800,38
2801,0
2802,0
2803,0
2804,51
2805,0
2806,0
2807,0
2808,0
2809,0
2810,0
2811,41
2812,0
2813,0
2814,0
2815,47
2816,0
2817,0
2818,0
2819,0
2820,0
2821,0
2822,29
2823,0
2824,48
2825,0
2826,0
2827,29
2828,0
2829,0
2830,60
2831,0
2832,0
2833,0
2834,36
2835,0
2836,0
2837,0
2838,0
2839,0
2840,0
2841,0
2842,0
2843,0
2844,0
2845,0
2846,0
2847,39
2848,0
2849,0
2850,0
2851,0
2852,0
2853,0
2854,0
2855,17
2856,0
2857,0
2858,0
2859,10
2860,0
2861,0
2862,0
2863,0
2864,0
2865,0
2866,0
2867,0
2868,0
2869,0
2870,0
2871,0
2872,0
2873,0
2874,0
2875,0
2876,0
2877,0
2878,0
2879,0
2880,0
2881,0
2882,0
2883,0
2884,0
2885,18
2886,0
2887,19
2888,0
2889,17
2890,13
2891,0
2892,0
2893,21
2894,0
2895,0
2896,0
2897,0
2898,0
2899,0
2900,0
2901,0
2902,22
2903,0
2904,0
2905,0
2906,0
2907,0
2908,0
2909,0
2910,0
2911,0
2912,22
2913,0
2914,11
2915,0
2916,0
2917,0
2918,0
2919,0
2920,0
2921,0
2922,0
2923,0
2924,0
2925,0
2926,0
2927,0
2928,0
2929,0
2930,23
2931,18
2932,0
2933,0
2934,0
2935,18
2936,0
2937,0
2938,0
2939,0
2940,0
2941,0
2942,0
2943,0
2944,28
2945,0
2946,0
2947,20
2948,0
2949,18
2950,17
2951,18
2952,0
2953,0
2954,0
2955,0
2956,0
2957,0
2958,0
2959,0
2960,17
2961,0
2962,19
2963,0
2964,0
2965,0
2966,0
2967,13
2968,0
2969,0
2970,0
2971,0
2972,0
2973,0
2974,0
2975,0
2976,0
2977,16
2978,0
2979,12
2980,0
2981,0
2982,26
2983,0
2984,19
2985,0
2986,0
2987,0
2988,0
2989,0
2990,0
2991,16
2992,0
2993,26
2994,0
2995,0
2996,0
2997,0
2998,0
2999,0
3000,0
3001,0
3002,0
3003,0
3004,0
3005,0
3006,8
3007,0
3008,0
3009,0
3010,0
3011,0
3012,0
3013,0
3014,0
3015,0
3016,0
3017,0
3018,0
3019,17
3020,0
3021,0
3022,0
3023,0
3024,0
3025,0
3026,0
3027,0
3028,0
3029,0
3030,0
3031,15
3032,0
3033,0
3034,0
3035,7
3036,0
3037,0
3038,0
3039,0
3040,0
3041,0
3042,0
3043,0
3044,0
3045,0
3046,0
3047,0
3048,0
3049,0
3050,0
3051,0
3052,0
3053,0
3054,0
3055,0
3056,0
3057,0
3058,2
3059,10
3060,0
3061,8
3062,0
3063,0
3064,0
3065,0
3066,0
3067,0
3068,0
3069,0
3070,5
3071,3
3072,0
3073,0
3074,0
3075,0
3076,0
3077,0
3078,0
3079,6
3080,0
3081,4
3082,0
3083,0
3084,7
3085,0
3086,0
3087,0
3088,5
3089,0
3090,9
3091,0
3092,0
3093,0
3094,6
3095,0
3096,0
3097,0
3098,3
3099,0
3100,0
3101,0
3102,4
3103,6
3104,0
3105,0
3106,0
3107,0
3108,0
3109,0
3110,0
3111,0
3112,0
3113,0
3114,0
3115,0
3116,0
3117,5
3118,0
3119,0
3120,0
3121,6
3122,3
3123,6
3124,0
3125,0
3126,0
3127,0
3128,0
3129,0
3130,0
3131,8
3132,0
3133,6
3134,5
3135,0
3136,6
3137,0
3138,0
3139,0
3140,2
3141,0
3142,6
3143,0
3144,3
3145,0
3146,9
3147,0
3148,7
3149,0
3150,0
3151,0
3152,5
3153,0
3154,0
3155,0
3156,4
3157,0
3158,0
3159,9
3160,5
3161,5
3162,0
3163,0
3164,0
3165,0
3166,0
3167,0
3168,0
3169,0
3170,0
3171,0
3172,6
3173,0
3174,6
3175,0
3176,0
3177,0
3178,0
3179,0
3180,0
3181,0
3182,0
3183,0
3184,0
3185,0
3186,0
3187,0
3188,0
3189,0
3190,3
3191,3
3192,0
3193,0
3194,4
3195,0
3196,8
3197,0
3198,0
3199,0
3200,0
3201,0
3202,0
3203,0
3204,0
3205,0
3206,0
3207,0
3208,0
3209,0
3210,2
3211,0
3212,0
3213,0
3214,0
3215,0
3216,0
3217,2
3218,0
3219,7
3220,7
3221,0
3222,2
3223,4
3224,0
3225,0
3226,0
3227,0
3228,0
3229,0
3230,0
3231,0
3232,0
3233,0
3234,0
3235,0
3236,8
3237,0
3238,0
3239,0
3240,0
3241,0
3242,0
3243,0
3244,8
3245,0
3246,0
3247,0
3248,0
3249,4
3250,0
3251,0
3252,0
3253,0
3254,0
3255,0
3256,0
3257,0
3258,0
3259,0
3260,6
3261,7
3262,0
3263,0
3264,0
3265,0
3266,0
3267,0
3268,0
3269,0
3270,0
3271,0
3272,0
3273,0
3274,4
3275,0
3276,0
3277,7
3278,0
3279,0
3280,4
3281,0
3282,5
3283,0
3284,0
3285,0
3286,5
3287,0
3288,6
3289,0
3290,1
3291,0
3292,6
3293,2
3294,0
3295,0
3296,0
3297,0
3298,0
3299,0
3300,0
3301,0
3302,0
3303,0
3304,0
3305,0
3306,0
3307,0
3308,0
3309,0
3310,0
3311,0
3312,0
3313,0
3314,6
3315,0
3316,0
3317,5
3318,0
3319,7
3320,0
3321,0
3322,0
3323,8
3324,0
3325,5
3326,0
3327,0
3328,0
3329,0
3330,0
3331,0
3332,0
3333,0
3334,0
3335,0
3336,10
3337,0
3338,0
3339,0
3340,6
3341,5
3342,0
3343,0
3344,6
3345,0
3346,0
3347,0
3348,0
3349,0
3350,0
3351,0
3352,7
3353,8
3354,0
3355,0
3356,0
3357,0
3358,0
3359,0
3360,0
3361,0
3362,0
3363,0
3364,0
3365,0
3366,5
3367,0
3368,5
3369,0
3370,5
3371,0
3372,0
3373,0
3374,0
3375,0
3376,0
3377,9
3378,0
3379,0
3380,6
3381,0
3382,0
3383,0
3384,0
3385,3
3386,0
3387,0
3388,0
3389,0
3390,0
3391,0
3392,0
3393,0
3394,0
3395,0
3396,0
3397,9
3398,6
3399,0
3400,0
3401,0
3402,0
3403,4
3404,0
3405,0
3406,5
3407,0
3408,0
3409,4
3410,0
3411,0
3412,0
3413,0
3414,0
3415,0
3416,0
3417,0
3418,0
3419,0
3420,0
3421,0
3422,0
3423,0
3424,0
3425,0
3426,0
3427,0
3428,2
3429,4
3430,0
3431,0
3432,0
3433,0
3434,0
3435,0
3436,0
3437,9
3438,0
3439,0
3440,0
3441,4
3442,0
3443,0
3444,0
3445,0
3446,2
3447,0
3448,3
3449,0
3450,0
3451,0
3452,0
3453,7
3454,0
3455,0
3456,0
3457,0
3458,0
3459,0
3460,0
3461,0
3462,0
3463,0
3464,0
3465,0
3466,6
3467,0
3468,0
3469,0
3470,0
3471,6
3472,0
3473,0
3474,3
3475,0
3476,0
3477,0
3478,0
3479,6
3480,0
3481,0
3482,0
3483,0
3484,16
3485,0
3486,0
3487,0
3488,0
3489,0
3490,0
3491,0
3492,0
3493,0
3494,18
3495,17
3496,0
3497,0
3498,0
3499,0
3500,0
3501,0
3502,0
3503,0
3504,0
3505,0
3506,21
3507,0
3508,0
3509,26
3510,0
3511,0
3512,0
3513,24
3514,18
3515,0
3516,0
3517,0
3518,0
3519,11
3520,27
3521,0
3522,0
3523,0
3524,0
3525,0
3526,0
3527,17
3528,0
3529,0
3530,0
3531,27
3532,0
3533,0
3534,0
3535,0
3536,0
3537,0
3538,0
3539,0
3540,0
3541,11
3542,19
3543,0
3544,0
3545,0
3546,19
3547,15
3548,0
3549,17
3550,0
3551,0
3552,0
3553,22
3554,19
3555,0
3556,0
3557,0
3558,0
3559,0
3560,0
3561,0
3562,0
3563,18
3564,0
3565,27
3566,18
3567,0
3568,0
3569,0
3570,18
3571,0
3572,0
3573,0
3574,0
3575,0
3576,0
3577,0
3578,0
3579,0
3580,0
3581,0
3582,0
3583,0
3584,0
3585,0
3586,0
3587,34
3588,18
3589,16
3590,0
3591,21
3592,23
3593,0
3594,17
3595,0
3596,0
3597,0
3598,0
3599,31
3600,0
3601,0
3602,0
3603,28
3604,0
3605,0
3606,0
3607,0
3608,0
3609,0
3610,0
3611,0
3612,25
3613,0
3614,0
3615,0
3616,0
3617,0
3618,19
3619,0
3620,0
3621,22
3622,0
3623,0
3624,0
3625,0
3626,0
3627,33
3628,28
3629,0
3630,0
3631,0
3632,0
3633,34
3634,0
3635,37
3636,0
3637,0
3638,30
3639,0
3640,0
3641,16
3642,0
3643,0
3644,0
3645,0
3646,0
3647,0
3648,0
3649,17
3650,0
3651,0
3652,0
3653,32
3654,0
3655,0
3656,0
3657,0
3658,0
3659,0
3660,0
3661,0
3662,22
3663,0
3664,32
3665,0
3666,0
3667,0
3668,0
3669,23
3670,0
3671,0
3672,0
3673,0
3674,0
3675,0
3676,0
3677,0
3678,0
3679,0
3680,0
3681,36
3682,0
3683,0
3684,0
3685,0
3686,0
3687,0
3688,0
3689,39
3690,0
3691,0
3692,0
3693,0
3694,0
3695,0
3696,0
3697,0
3698,21
3699,0
3700,0
3701,0
3702,0
3703,0
3704,37
3705,0
3706,0
3707,0
3708,0
3709,0
3710,0
3711,0
3712,0
3713,0
3714,0
3715,0
3716,0
3717,21
3718,0
3719,0
3720,0
3721,27
3722,22
3723,0
3724,0
3725,0
3726,25
3727,0
3728,0
3729,0
3730,0
3731,0
3732,0
3733,0
3734,0
3735,0
3736,27
3737,0
3738,0
3739,0
3740,0
3741,0
3742,20
3743,0
3744,42
3745,0
3746,0
3747,0
3748,0
3749,0
3750,0
3751,0
3752,36
3753,0
3754,0
3755,0
3756,0
3757,0
3758,31
3759,0
3760,0
3761,26
3762,0
3763,0
3764,0
3765,0
3766,0
3767,0
3768,0
3769,0
3770,0
3771,0
3772,0
3773,0
3774,0
3775,0
3776,0
3777,0
3778,0
3779,0
3780,0
3781,0
3782,0
3783,0
3784,50
3785,0
3786,0
3787,0
3788,0
3789,0
3790,0
3791,0
3792,0
3793,0
3794,0
3795,0
3796,22
3797,0
3798,0
3799,0
3800,0
3801,66
3802,0
3803,0
3804,0
3805,21
3806,0
3807,0
3808,0
3809,0
3810,0
3811,0
3812,0
3813,37
3814,0
3815,0
3816,0
3817,0
3818,0
3819,41
3820,0
3821,0
3822,0
3823,0
3824,0
3825,0
3826,0
3827,0
3828,0
3829,0
3830,0
3831,45
3832,0
3833,0
3834,0
3835,0
3836,0
3837,0
3838,0
3839,0
3840,0
3841,0
3842,0
3843,15
3844,0
3845,0
3846,0
3847,0
3848,0
3849,0
3850,0
3851,0
3852,0
3853,0
3854,0
3855,0
3856,0
3857,0
3858,0
3859,0
3860,0
3861,0
3862,0
3863,0
3864,0
3865,0
3866,0
3867,0
3868,0
3869,0
3870,0
3871,0
3872,0
3873,47
3874,0
3875,0
3876,0
3877,0
3878,0
3879,0
3880,0
3881,0
3882,0
3883,0
3884,0
3885,0
3886,0
3887,0
3888,0
3889,52
3890,0
3891,0
3892,0
3893,0
3894,0
3895,0
3896,0
3897,0
3898,0
3899,0
3900,0
3901,0
3902,0
3903,0
3904,0
3905,0
3906,0
3907,0
3908,0
3909,0
3910,0
3911,0
3912,0
3913,0
3914,44
3915,0
3916,0
3917,0
3918,0
3919,0
3920,0
3921,0
3922,0
3923,0
3924,0
3925,0
3926,0
3927,0
3928,0
3929,0
3930,0
3931,0
3932,49
3933,0
3934,0
3935,0
3936,0
3937,0
3938,0
3939,0
3940,0
3941,40
3942,0
3943,0
3944,38
3945,0
3946,0
3947,0
3948,0
3949,0
3950,0
3951,0
3952,0
3953,0
3954,0
3955,0
3956,39
3957,0
3958,0
3959,0
3960,0
3961,0
3962,0
3963,0
3964,0
3965,0
3966,0
3967,0
3968,0
3969,0
3970,0
3971,0
3972,0
3973,0
3974,0
3975,0
3976,0
3977,0
3978,51
3979,0
3980,0
3981,0
3982,0
3983,0
3984,0
3985,0
3986,0
3987,0
3988,0
3989,0
3990,0
3991,0
3992,0
3993,0
3994,0
3995,0
3996,0
3997,0
3998,46
3999,0
4000,0
4001,0
4002,0
4003,0
4004,0
4005,0
4006,0
4007,0
4008,0
4009,0
4010,39
4011,0
4012,0
4013,0
4014,0
4015,0
4016,0
4017,0
4018,0
4019,0
4020,0
4021,0
4022,0
4023,0
4024,0
4025,0
4026,0
4027,0
4028,0
4029,0
4030,0
4031,0
4032,0
4033,0
4034,0
4035,0
4036,0
4037,0
4038,0
4039,0
4040,0
4041,0
4042,0
4043,42
4044,0
4045,0
4046,0
4047,0
4048,0
4049,0
4050,0
4051,0
4052,0
4053,0
4054,0
4055,0
4056,23
4057,0
4058,0
4059,0
4060,0
4061,0
4062,0
4063,0
4064,0
4065,0
4066,0
4067,0
4068,0
4069,0
4070,0
4071,0
4072,0
4073,0
4074,0
4075,0
4076,0
4077,0
4078,0
4079,0
4080,0
4081,0
4082,0
4083,0
4084,0
4085,0
4086,0
4087,0
4088,0
4089,0
4090,0
4091,0
4092,0
4093,0
4094,0
4095,0
4096,0
4097,0
4098,0
4099,0
4100,0
4101,0
4102,0
4103,0
4104,0
4105,0
4106,0
4107,0
4108,0
4109,0
4110,37
4111,0
4112,0
4113,0
4114,0
4115,0
4116,0
4117,39
4118,0
4119,0
4120,0
4121,0
4122,0
4123,0
4124,0
4125,0
4126,0
4127,0
4128,0
4129,0
4130,0
4131,0
4132,0
4133,0
4134,0
4135,0
4136,0
4137,0
4138,0
4139,0
4140,0
4141,0
4142,0
4143,0
4144,0
4145,39
4146,0
4147,0
4148,41
4149,0
4150,0
4151,0
4152,47
4153,0
4154,0
4155,50
4156,0
4157,0
4158,0
4159,0
4160,0
4161,0
4162,0
4163,0
4164,0
4165,0
4166,0
4167,0
4168,0
4169,0
4170,0
4171,0
4172,0
4173,0
4174,0
4175,0
4176,0
4177,0
4178,49
4179,0
4180,49
4181,0
4182,0
4183,0
4184,0
4185,0
4186,0
4187,0
4188,0
4189,0
4190,0
4191,0
4192,0
4193,0
4194,0
4195,0
4196,0
4197,0
4198,47
4199,0
4200,0
4201,0
4202,0
4203,0
4204,0
4205,0
4206,0
4207,0
4208,0
4209,0
4210,0
4211,0
4212,0
4213,0
4214,0
4215,0
4216,0
4217,0
4218,0
4219,28
4220,0
4221,0
4222,0
4223,0
4224,0
4225,0
4226,0
4227,0
4228,0
4229,0
4230,0
4231,0
4232,0
4233,0
4234,0
4235,0
4236,0
4237,28
4238,0
4239,0
4240,33
4241,0
4242,0
4243,0
4244,0
4245,0
4246,26
4247,0
4248,0
4249,0
4250,0
4251,0
4252,0
4253,0
4254,0
4255,0
4256,0
4257,0
4258,0
4259,0
4260,0
4261,0
4262,0
4263,0
4264,0
4265,0
4266,0
4267,0
4268,0
4269,0
4270,16
4271,0
4272,0
4273,38
4274,0
4275,0
4276,0
4277,0
4278,0
4279,0
4280,0
4281,0
4282,0
4283,0
4284,0
4285,0
4286,0
4287,0
4288,0
4289,0
4290,0
4291,0
4292,0
4293,0
4294,46
4295,0
4296,0
4297,0
4298,41
4299,0
4300,0
4301,0
4302,0
4303,0
4304,0
4305,0
4306,0
4307,32
4308,0
4309,0
4310,0
4311,0
4312,0
4313,0
4314,0
4315,0
4316,40
4317,0
4318,0
4319,0
4320,0
4321,46
4322,0
4323,0
4324,0
4325,0
4326,0
4327,0
4328,32
4329,0
4330,0
4331,0
4332,0
4333,0
4334,0
4335,40
4336,0
4337,0
4338,0
4339,0
4340,0
4341,0
4342,0
4343,24
4344,0
4345,0
4346,32
4347,0
4348,0
4349,0
4350,0
4351,34
4352,0
4353,0
4354,0
4355,0
4356,0
4357,0
4358,37
4359,0
4360,0
4361,29
4362,0
4363,0
4364,0
4365,33
4366,0
4367,0
4368,0
4369,0
4370,0
4371,0
4372,15
4373,0
4374,34
4375,0
4376,0
4377,0
4378,0
4379,0
4380,0
4381,0
4382,0
4383,0
4384,34
4385,0
4386,0
4387,0
4388,0
4389,0
4390,0
4391,15
4392,0
4393,0
4394,0
4395,0
4396,0
4397,28
4398,0
4399,0
4400,0
4401,0
4402,0
4403,0
4404,0
4405,0
4406,39
4407,0
4408,0
4409,22
4410,0
4411,40
4412,0
4413,0
4414,0
4415,0
4416,27
4417,0
4418,0
4419,0
4420,0
4421,27
4422,30
4423,0
4424,0
4425,0
4426,24
4427,0
4428,0
4429,28
4430,0
4431,0
4432,33
4433,0
4434,18
4435,18
4436,0
4437,0
4438,0
4439,40
4440,32
4441,0
4442,0
4443,0
4444,0
4445,0
4446,0
4447,0
4448,0
4449,16
4450,0
4451,31
4452,21
4453,22
4454,0
4455,17
4456,0
4457,0
4458,0
4459,0
4460,0
4461,0
4462,0
4463,0
4464,14
4465,0
4466,0
4467,0
4468,0
4469,28
4470,0
4471,20
4472,0
4473,0
4474,28
4475,0
4476,0
4477,0
4478,0
4479,16
4480,0
4481,0
4482,0
4483,37
4484,0
4485,0
4486,0
4487,0
4488,29
4489,16
4490,0
4491,0
4492,22
4493,0
4494,0
4495,0
4496,23
4497,0
4498,16
4499,0
4500,0
4501,0
4502,26
4503,47
4504,28
4505,0
4506,0
4507,0
4508,0
4509,0
4510,0
4511,0
4512,0
4513,26
4514,0
4515,0
4516,0
4517,0
4518,0
4519,22
4520,0
4521,0
4522,0
4523,0
4524,0
4525,0
4526,0
4527,0
4528,0
4529,0
4530,0
4531,0
4532,0
4533,0
4534,21
4535,0
4536,0
4537,0
4538,0
4539,23
4540,0
4541,0
4542,27
4543,0
4544,0
4545,17
4546,0
4547,16
4548,24
4549,0
4550,0
4551,0
4552,0
4553,0
4554,0
4555,0
4556,17
4557,0
4558,0
4559,24
4560,0
4561,0
4562,0
4563,0
4564,0
4565,0
4566,0
4567,0
4568,0
4569,0
4570,0
4571,0
4572,29
4573,0
4574,0
4575,0
4576,0
4577,0
4578,0
4579,0
4580,0
4581,0
4582,0
4583,0
4584,0
4585,0
4586,0
4587,0
4588,0
4589,0
4590,31
4591,0
4592,36
4593,29
4594,0
4595,0
4596,24
4597,0
4598,0
4599,0
4600,0
4601,0
4602,0
4603,0
4604,0
4605,0
4606,0
4607,0
4608,21
4609,18
4610,0
4611,24
4612,16
4613,0
4614,0
4615,22
4616,0
4617,25
4618,0
4619,0
4620,0
4621,0
4622,22
4623,0
4624,0
4625,47
4626,20
4627,0
4628,35
4629,0
4630,0
4631,0
4632,0
4633,0
4634,0
4635,0
4636,0
4637,0
4638,0
4639,0
4640,0
4641,0
4642,0
4643,23
4644,0
4645,0
4646,28
4647,29
4648,0
4649,0
4650,0
4651,28
4652,0
4653,0
4654,33
4655,0
4656,0
4657,0
4658,0
4659,23
4660,0
4661,0
4662,0
4663,0
4664,0
4665,0
4666,0
4667,0
4668,0
4669,26
4670,0
4671,29
4672,0
4673,0
4674,0
4675,0
4676,0
4677,0
4678,29
4679,20
4680,12
4681,0
4682,35
4683,0
4684,0
4685,17
4686,0
4687,0
4688,0
4689,0
4690,21
4691,0
4692,0
4693,32
4694,0
4695,23
4696,0
4697,0
4698,28
4699,15
4700,0
4701,0
4702,23
4703,0
4704,16
4705,41
4706,33
4707,0
4708,0
4709,0
4710,0
4711,0
4712,0
4713,22
4714,0
4715,0
4716,0
4717,0
4718,58
4719,0
4720,0
4721,26
4722,31
4723,0
4724,40
4725,29
4726,19
4727,0
4728,0
4729,0
4730,0
4731,0
4732,13
4733,0
4734,28
4735,24
4736,0
4737,0
4738,0
4739,0
4740,0
4741,0
4742,19
4743,15
4744,0
4745,0
4746,0
4747,0
4748,0
4749,0
4750,0
4751,0
4752,0
4753,0
4754,20
4755,0
4756,0
4757,0
4758,27
4759,0
4760,0
4761,0
4762,0
4763,18
4764,0
4765,22
4766,0
4767,27
4768,20
4769,0
4770,17
4771,0
4772,0
4773,0
4774,30
4775,0
4776,21
4777,27
4778,0
4779,0
4780,0
4781,0
4782,0
4783,29
4784,0
4785,0
4786,0
4787,19
4788,0
4789,31
4790,0
4791,0
4792,0
4793,0
4794,0
4795,20
4796,27
4797,0
4798,0
4799,0
4800,0
4801,0
4802,0
4803,0
4804,0
4805,28
4806,0
4807,0
4808,0
4809,29
4810,0
4811,0
4812,25
4813,0
4814,0
4815,18
4816,0
4817,0
4818,0
4819,21
4820,0
4821,0
4822,0
4823,0
4824,0
4825,0
4826,23
4827,0
4828,0
4829,0
4830,0
4831,21
4832,0
4833,37
4834,0
4835,0
4836,0
4837,34
4838,36
4839,0
4840,0
4841,24
4842,0
4843,0
4844,0
4845,29
4846,0
4847,33
4848,0
4849,21
4850,27
4851,0
4852,25
4853,0
4854,28
4855,0
4856,0
4857,0
4858,19
4859,0
4860,0
4861,0
4862,20
4863,13
4864,0
4865,35
4866,0
4867,25
4868,34
4869,27
4870,0
4871,0
4872,0
4873,16
4874,0
4875,0
4876,0
4877,23
4878,0
4879,0
4880,0
4881,24
4882,54
4883,30
4884,0
4885,27
4886,0
4887,0
4888,0
4889,0
4890,0
4891,0
4892,0
4893,0
4894,0
4895,0
4896,0
4897,0
4898,0
4899,0
4900,0
4901,18
4902,0
4903,0
4904,0
4905,0
4906,0
4907,0
4908,31
4909,0
4910,0
4911,0
4912,0
4913,0
4914,0
4915,0
4916,29
4917,23
4918,0
4919,0
4920,40
4921,0
4922,0
4923,0
4924,29
4925,0
4926,0
4927,0
4928,0
4929,20
4930,0
4931,0
4932,0
4933,0
4934,0
4935,0
4936,0
4937,0
4938,0
4939,26
4940,0
4941,24
4942,0
4943,0
4944,34
4945,0
4946,0
4947,13
4948,0
4949,32
4950,0
4951,0
4952,0
4953,0
4954,34
4955,0
4956,0
4957,35
4958,32
4959,22
4960,31
4961,0
4962,0
4963,51
4964,28
4965,0
4966,17
4967,0
4968,0
4969,0
4970,0
4971,0
4972,18
4973,24
4974,0
4975,0
4976,0
4977,0
4978,0
4979,43
4980,0
4981,0
4982,0
4983,0
4984,0
4985,16
4986,0
4987,0
4988,0
4989,0
4990,43
4991,0
4992,0
4993,0
4994,0
4995,0
4996,37
4997,0
4998,27
4999,0
5000,0
5001,0
5002,0
5003,11
5004,0
5005,0
5006,0
5007,28
5008,0
5009,28
5010,0
5011,0
5012,0
5013,0
5014,0
5015,0
5016,0
5017,0
5018,15
5019,22
5020,0
5021,20
5022,25
5023,0
5024,0
5025,0
5026,21
5027,0
5028,0
5029,0
5030,29
5031,0
5032,0
5033,0
5034,0
5035,0
5036,0
5037,0
5038,0
5039,0
5040,0
5041,0
5042,32
5043,0
5044,0
5045,0
5046,0
5047,20
5048,0
5049,23
5050,0
5051,0
5052,37
5053,0
5054,0
5055,0
5056,0
5057,26
5058,0
5059,40
5060,22
5061,0
5062,0
5063,0
5064,0
5065,0
5066,0
5067,0
5068,0
5069,28
5070,29
5071,0
5072,0
5073,25
5074,0
5075,0
5076,16
5077,0
5078,0
5079,21
5080,18
5081,0
5082,0
5083,0
5084,19
5085,0
5086,20
5087,0
5088,17
5089,0
5090,0
5091,0
5092,0
5093,0
5094,32
5095,0
5096,0
5097,0
5098,40
5099,0
5100,27
5101,25
5102,0
5103,0
5104,29
5105,0
5106,0
5107,0
5108,0
5109,45
5110,0
5111,0
5112,0
5113,26
5114,0
5115,35
5116,0
5117,0
5118,0
5119,0
5120,0
5121,0
5122,28
5123,0
5124,26
5125,0
5126,30
5127,20
5128,0
5129,0
5130,0
5131,0
5132,24
5133,0
5134,40
5135,14
5136,0
5137,0
5138,0
5139,0
5140,38
5141,29
5142,0
5143,0
5144,26
5145,29
5146,0
5147,0
5148,0
5149,0
5150,38
5151,0
5152,0
5153,0
5154,13
5155,30
5156,0
5157,19
5158,0
5159,0
5160,28
5161,0
5162,0
5163,34
5164,29
5165,0
5166,0
5167,0
5168,0
5169,0
5170,18
5171,19
5172,21
5173,0
5174,0
5175,0
5176,36
5177,0
5178,0
5179,0
5180,0
5181,0
5182,0
5183,0
5184,0
5185,0
5186,0
5187,0
5188,0
5189,0
5190,0
5191,26
5192,0
5193,26
5194,0
5195,0
5196,0
5197,31
5198,0
5199,0
5200,0
5201,0
5202,0
5203,0
5204,39
5205,0
5206,0
5207,0
5208,0
5209,18
5210,0
5211,19
5212,0
5213,0
5214,0
5215,0
5216,0
5217,0
5218,30
5219,0
5220,0
5221,0
5222,0
5223,0
5224,0
5225,0
5226,0
5227,0
5228,0
5229,0
5230,30
5231,0
5232,0
5233,0
5234,0
5235,0
5236,0
5237,15
5238,0
5239,0
5240,25
5241,0
5242,0
5243,0
5244,0
5245,0
5246,38
5247,0
5248,0
5249,0
5250,0
5251,0
5252,0
5253,36
5254,0
5255,0
5256,0
5257,0
5258,0
5259,0
5260,39
5261,0
5262,0
5263,0
5264,0
5265,38
5266,20
5267,0
5268,0
5269,0
5270,0
5271,0
5272,0
5273,0
5274,0
5275,0
5276,24
5277,28
5278,17
5279,0
5280,0
5281,0
5282,0
5283,0
5284,0
5285,0
5286,0
5287,0
5288,0
5289,0
5290,0
5291,0
5292,0
5293,29
5294,0
5295,0
5296,0
5297,0
5298,0
5299,41
5300,0
5301,0
5302,0
5303,0
5304,0
5305,0
5306,0
5307,0
5308,0
5309,17
5310,0
5311,35
5312,0
5313,0
5314,0
5315,0
5316,0
5317,0
5318,0
5319,0
5320,33
5321,0
5322,0
5323,0
5324,0
5325,0
5326,0
5327,0
5328,0
5329,0
5330,0
5331,0
5332,0
5333,31
5334,0
5335,0
5336,0
5337,0
5338,0
5339,0
5340,0
5341,0
5342,0
5343,0
5344,0
5345,0
5346,0
5347,0
5348,0
5349,0
5350,0
5351,0
5352,0
5353,0
5354,0
5355,0
5356,0
5357,0
5358,0
5359,0
5360,0
5361,20
5362,0
5363,0
5364,0
5365,0
5366,0
5367,0
5368,0
5369,0
5370,0
5371,43
5372,0
5373,0
5374,0
5375,0
5376,0
5377,0
5378,0
5379,0
5380,0
5381,0
5382,0
5383,0
5384,0
5385,0
5386,0
5387,0
5388,0
5389,0
5390,0
5391,0
5392,0
5393,0
5394,0
5395,0
5396,0
5397,0
5398,0
5399,0
5400,0
5401,0
5402,25
5403,31
5404,0
5405,0
5406,0
5407,0
5408,0
5409,0
5410,0
5411,25
5412,0
5413,0
5414,0
5415,25
5416,0
5417,0
5418,44
5419,0
5420,0
5421,0
5422,0
5423,44
5424,0
5425,0
5426,0
5427,0
5428,30
5429,0
5430,0
5431,0
5432,0
5433,0
5434,0
5435,0
5436,27
5437,0
5438,0
5439,0
5440,0
5441,0
5442,0
5443,0
5444,43
5445,0
5446,0
5447,0
5448,0
5449,0
5450,0
5451,0
5452,27
5453,0
5454,0
5455,0
5456,0
5457,0
5458,0
5459,0
5460,0
5461,0
5462,0
5463,41
5464,0
5465,42
5466,0
5467,0
5468,0
5469,0
5470,0
5471,0
5472,0
5473,0
5474,0
5475,0
5476,0
5477,0
5478,0
5479,0
5480,0
5481,0
5482,0
5483,33
5484,0
5485,0
5486,0
5487,31
5488,29
5489,28
5490,0
5491,0
5492,0
5493,0
5494,0
5495,0
5496,0
5497,0
5498,33
5499,31
5500,0
5501,0
5502,0
5503,0
5504,0
5505,0
5506,23
5507,0
5508,0
5509,0
5510,0
5511,0
5512,0
5513,0
5514,0
5515,0
5516,0
5517,0
5518,22
5519,0
5520,0
5521,0
5522,0
5523,0
5524,26
5525,0
5526,0
5527,0
5528,0
5529,0
5530,0
5531,0
5532,0
5533,0
5534,0
5535,0
5536,0
5537,0
5538,0
5539,0
5540,0
5541,0
5542,0
5543,0
5544,0
5545,0
5546,0
5547,0
5548,0
5549,0
5550,0
5551,0
5552,0
5553,0
5554,0
5555,0
5556,38
5557,0
5558,0
5559,0
5560,0
5561,0
5562,29
5563,0
5564,0
5565,0
5566,0
5567,0
5568,0
5569,0
5570,0
5571,0
5572,0
5573,0
5574,32
5575,0
5576,0
5577,0
5578,30
5579,0
5580,0
5581,0
5582,0
5583,0
5584,0
5585,0
5586,0
5587,0
5588,23
5589,0
5590,22
5591,0
5592,0
5593,0
5594,0
5595,0
5596,0
5597,0
5598,0
5599,0
5600,0
5601,0
5602,29
5603,0
5604,0
5605,0
5606,45
5607,0
5608,0
5609,0
5610,24
5611,0
5612,0
5613,0
5614,0
5615,0
5616,0
5617,0
5618,0
5619,33
5620,0
5621,0
5622,0
5623,0
5624,0
5625,0
5626,0
5627,0
5628,0
5629,0
5630,0
5631,0
5632,40
5633,0
5634,0
5635,0
5636,0
5637,0
5638,0
5639,0
5640,0
5641,0
5642,29
5643,0
5644,0
5645,0
5646,0
5647,0
5648,0
5649,0
5650,0
5651,0
5652,0
5653,0
5654,21
5655,36
5656,0
5657,0
5658,0
5659,0
5660,0
5661,0
5662,0
5663,0
5664,0
5665,0
5666,0
5667,31
5668,0
5669,0
5670,0
5671,27
5672,0
5673,0
5674,35
5675,33
5676,0
5677,0
5678,0
5679,0
5680,0
5681,0
5682,0
5683,21
5684,0
5685,0
5686,0
5687,0
5688,0
5689,0
5690,0
5691,0
5692,0
5693,0
5694,0
5695,0
5696,0
5697,0
5698,0
5699,0
5700,0
5701,0
5702,0
5703,0
5704,23
5705,0
5706,0
5707,0
5708,0
5709,0
5710,0
5711,20
5712,0
5713,0
5714,0
5715,0
5716,0
5717,0
5718,0
5719,0
5720,0
5721,0
5722,0
5723,0
5724,0
5725,0
5726,0
5727,0
5728,0
5729,0
5730,0
5731,45
5732,0
5733,29
5734,0
5735,0
5736,0
5737,0
5738,0
5739,0
5740,0
5741,0
5742,0
5743,0
5744,0
5745,35
5746,0
5747,0
5748,0
5749,0
5750,41
5751,0
5752,0
5753,13
5754,0
5755,0
5756,0
5757,0
5758,0
5759,0
5760,0
5761,0
5762,29
5763,29
5764,0
5765,0
5766,0
5767,0
5768,28
5769,0
5770,0
5771,0
5772,0
5773,0
5774,0
5775,0
5776,0
5777,0
5778,0
5779,0
5780,0
5781,0
5782,30
5783,0
5784,0
5785,0
5786,0
5787,31
5788,0
5789,0
5790,28
5791,0
5792,0
5793,22
5794,0
5795,0
5796,0
5797,0
5798,0
5799,0
5800,0
5801,0
5802,0
5803,0
5804,0
5805,44
5806,0
5807,0
5808,0
5809,0
5810,22
5811,0
5812,0
5813,0
5814,29
5815,0
5816,0
5817,0
5818,0
5819,0
5820,27
5821,0
5822,0
5823,0
5824,0
5825,0
5826,0
5827,39
5828,28
5829,44
5830,0
5831,0
5832,33
5833,0
5834,0
5835,0
5836,34
5837,0
5838,0
5839,0
5840,0
5841,27
5842,38
5843,29
5844,0
5845,0
5846,0
5847,0
5848,0
5849,0
5850,0
5851,0
5852,34
5853,0
5854,0
5855,0
5856,0
5857,0
5858,0
5859,0
5860,0
5861,26
5862,0
5863,0
5864,0
5865,0
5866,0
5867,0
5868,0
5869,0
5870,21
5871,0
5872,0
5873,0
5874,0
5875,0
5876,0
5877,0
5878,0
5879,0
5880,0
5881,0
5882,0
5883,0
5884,0
5885,0
5886,0
5887,44
5888,0
5889,0
5890,0
5891,0
5892,0
5893,0
5894,0
5895,0
5896,0
5897,0
5898,0
5899,0
5900,0
5901,0
5902,0
5903,0
5904,0
5905,0
5906,0
5907,0
5908,0
5909,0
5910,0
5911,0
5912,0
5913,0
5914,0
5915,0
5916,0
5917,0
5918,0
5919,0
5920,0
5921,0
5922,28
5923,0
5924,0
5925,0
5926,0
5927,0
5928,0
5929,0
5930,0
5931,0
5932,0
5933,0
5934,0
5935,0
5936,0
5937,0
5938,30
5939,32
5940,0
5941,0
5942,0
5943,0
5944,0
5945,0
5946,0
5947,0
5948,31
5949,0
5950,0
5951,0
5952,0
5953,0
5954,0
5955,37
5956,0
5957,0
5958,0
5959,29
5960,0
5961,0
5962,0
5963,0
5964,0
5965,0
5966,0
5967,0
5968,31
5969,0
5970,0
5971,0
5972,0
5973,0
5974,38
5975,0
5976,30
5977,0
5978,0
5979,0
5980,0
5981,0
5982,0
5983,0
5984,38
5985,26
5986,0
5987,0
5988,0
5989,0
5990,0
5991,0
5992,0
5993,0
5994,0
5995,0
5996,0
5997,0
5998,0
5999,0
6000,0
6001,0
6002,0
6003,0
6004,38
6005,0
6006,0
6007,0
6008,0
6009,0
6010,0
6011,0
6012,0
6013,0
6014,0
6015,24
6016,0
6017,0
6018,33
6019,42
6020,0
6021,0
6022,0
6023,0
6024,0
6025,0
6026,0
6027,0
6028,0
6029,0
6030,0
6031,0
6032,0
6033,0
6034,0
6035,0
6036,0
6037,0
6038,30
6039,0
6040,54
6041,0
6042,0
6043,0
6044,0
6045,0
6046,0
6047,0
6048,0
6049,0
6050,0
6051,0
6052,0
6053,0
6054,0
6055,0
6056,0
6057,0
6058,0
6059,0
6060,0
6061,0
6062,0
6063,0
6064,0
6065,0
6066,0
6067,0
6068,0
6069,0
6070,0
6071,0
6072,0
6073,0
6074,0
6075,0
6076,0
6077,0
6078,0
6079,0
6080,0
6081,0
6082,0
6083,45
6084,0
6085,0
6086,0
6087,0
6088,0
6089,0
6090,0
6091,49
6092,0
6093,35
6094,0
6095,0
6096,0
6097,0
6098,0
6099,0
6100,0
6101,0
6102,0
6103,0
6104,0
6105,25
6106,0
6107,0
6108,0
6109,23
6110,0
6111,0
6112,0
6113,0
6114,0
6115,0
6116,0
6117,0
6118,0
6119,0
6120,0
6121,0
6122,0
6123,0
6124,0
6125,0
6126,0
6127,0
6128,0
6129,0
6130,0
6131,0
6132,0
6133,0
6134,0
6135,0
6136,0
6137,0
6138,0
6139,0
6140,0
6141,0
6142,0
6143,0
6144,0
6145,0
6146,0
6147,0
6148,0
6149,0
6150,0
6151,0
6152,0
6153,0
6154,0
6155,0
6156,0
6157,0
6158,0
6159,0
6160,0
6161,0
6162,0
6163,0
6164,0
6165,0
6166,0
6167,0
6168,0
6169,0
6170,0
6171,0
6172,0
6173,0
6174,0
6175,0
6176,0
6177,0
6178,0
6179,0
6180,0
6181,0
6182,0
6183,0
6184,0
6185,0
6186,0
6187,0
6188,0
6189,0
6190,0
6191,0
6192,0
6193,0
6194,0
6195,0
6196,0
6197,0
6198,0
6199,0
6200,0
6201,0
6202,0
6203,0
6204,0
6205,0
6206,0
6207,0
6208,0
6209,0
6210,0
6211,0
6212,0
6213,0
6214,0
6215,0
6216,0
6217,0
6218,1
6219,0
6220,0
6221,0
6222,0
6223,0
6224,0
6225,0
6226,0
6227,0
6228,0
6229,0
6230,0
6231,0
6232,0
6233,0
6234,0
6235,0
6236,0
6237,0
6238,0
6239,0
6240,0
6241,0
6242,0
6243,0
6244,0
6245,0
6246,0
6247,0
6248,0
6249,0
6250,0
6251,0
6252,0
6253,0
6254,0
6255,0
6256,0
6257,0
6258,0
6259,0
6260,0
6261,0
6262,0
6263,0
6264,0
6265,0
6266,0
6267,0
6268,0
6269,0
6270,0
6271,0
6272,1
6273,0
6274,0
6275,0
6276,0
6277,0
6278,0
6279,0
6280,33
6281,0
6282,0
6283,31
6284,0
6285,0
6286,0
6287,0
6288,35
6289,0
6290,31
6291,0
6292,0
6293,0
6294,0
6295,0
6296,0
6297,0
6298,0
6299,32
6300,0
6301,23
6302,34
6303,0
6304,0
6305,0
6306,0
6307,0
6308,36
6309,0
6310,0
6311,0
6312,28
6313,0
6314,0
6315,33
6316,0
6317,0
6318,0
6319,0
6320,0
6321,0
6322,0
6323,0
6324,0
6325,0
6326,0
6327,0
6328,0
6329,16
6330,0
6331,0
6332,38
6333,40
6334,33
6335,0
6336,0
6337,0
6338,0
6339,27
6340,0
6341,0
6342,0
6343,35
6344,0
6345,30
6346,0
6347,0
6348,27
6349,0
6350,0
6351,0
6352,0
6353,0
6354,24
6355,0
6356,0
6357,0
6358,0
6359,0
6360,0
6361,0
6362,41
6363,0
6364,0
6365,0
6366,0
6367,0
6368,0
6369,0
6370,0
6371,24
6372,0
6373,31
6374,0
6375,0
6376,0
6377,0
6378,26
6379,0
6380,29
6381,0
6382,0
6383,0
6384,28
6385,0
6386,0
6387,0
6388,0
6389,33
6390,0
6391,28
6392,0
6393,0
6394,0
6395,0
6396,42
6397,37
6398,0
6399,0
6400,35
6401,34
6402,0
6403,0
6404,0
6405,37
6406,36
6407,0
6408,0
6409,0
6410,0
6411,0
6412,0
6413,0
6414,0
6415,0
6416,0
6417,0
6418,0
6419,0
6420,41
6421,0
6422,0
6423,0
6424,0
6425,0
6426,0
6427,19
6428,0
6429,0
6430,0
6431,0
6432,37
6433,0
6434,0
6435,0
6436,30
6437,23
6438,34
6439,26
6440,0
6441,0
6442,0
6443,38
6444,21
6445,0
6446,0
6447,29
6448,32
6449,0
6450,0
6451,0
6452,0
6453,0
6454,0
6455,0
6456,0
6457,0
6458,0
6459,0
6460,0
6461,0
6462,32
6463,0
6464,0
6465,0
6466,25
6467,0
6468,0
6469,0
6470,0
6471,0
6472,0
6473,0
6474,50
6475,0
6476,0
6477,0
6478,0
6479,24
6480,37
6481,0
6482,0
6483,0
6484,0
6485,31
6486,0
6487,0
6488,26
6489,0
6490,0
6491,0
6492,0
6493,0
6494,0
6495,0
6496,0
6497,0
6498,0
6499,0
6500,38
6501,0
6502,0
6503,31
6504,0
6505,0
6506,33
6507,0
6508,31
6509,0
6510,0
6511,0
6512,0
6513,0
6514,24
6515,24
6516,0
6517,27
6518,0
6519,0
6520,0
6521,39
6522,0
6523,0
6524,37
6525,0
6526,0
6527,0
6528,0
6529,0
6530,37
6531,0
6532,0
6533,0
6534,39
6535,37
6536,0
6537,0
6538,0
6539,0
6540,0
6541,40
6542,0
6543,0
6544,0
6545,0
6546,22
6547,0
6548,21
6549,24
6550,0
6551,33
6552,0
6553,0
6554,25
6555,0
6556,35
6557,0
6558,0
6559,0
6560,0
6561,0
6562,0
6563,0
6564,0
6565,0
6566,0
6567,0
6568,0
6569,0
6570,0
6571,0
6572,0
6573,27
6574,0
6575,0
6576,0
6577,0
6578,0
6579,0
6580,0
6581,29
6582,29
6583,0
6584,0
6585,0
6586,0
6587,0
6588,33
6589,0
6590,0
6591,38
6592,34
6593,0
6594,0
6595,0
6596,0
6597,0
6598,0
6599,0
6600,0
6601,0
6602,42
6603,0
6604,0
6605,0
6606,42
6607,42
6608,0
6609,0
6610,0
6611,0
6612,0
6613,41
6614,0
6615,42
6616,0
6617,0
6618,0
6619,0
6620,40
6621,0
6622,0
6623,43
6624,0
6625,0
6626,0
6627,0
6628,0
6629,0
6630,45
6631,35
6632,0
6633,0
6634,0
6635,39
6636,0
6637,0
6638,32
6639,0
6640,29
6641,30
6642,0
6643,0
6644,0
6645,0
6646,0
6647,0
6648,34
6649,0
6650,0
6651,0
6652,0
6653,40
6654,23
6655,32
6656,42
6657,35
6658,0
6659,0
6660,28
6661,30
6662,0
6663,0
6664,0
6665,0
6666,0
6667,32
6668,0
6669,35
6670,0
6671,0
6672,0
6673,0
6674,0
6675,0
6676,0
6677,0
6678,0
6679,0
6680,0
6681,0
6682,0
6683,44
6684,28
6685,0
6686,0
6687,58
6688,0
6689,0
6690,0
6691,0
6692,0
6693,0
6694,0
6695,21
6696,33
6697,0
6698,0
6699,0
6700,0
6701,0
6702,0
6703,34
6704,34
6705,0
6706,20
6707,0
6708,46
6709,0
6710,0
6711,0
6712,29
6713,0
6714,0
6715,0
6716,31
6717,0
6718,39
6719,0
6720,0
6721,34
6722,0
6723,0
6724,0
6725,0
6726,0
6727,0
6728,0
6729,0
6730,0
6731,0
6732,0
6733,0
6734,0
6735,40
6736,0
6737,0
6738,0
6739,0
6740,0
6741,0
6742,37
6743,0
6744,0
6745,0
6746,0
6747,0
6748,0
6749,0
6750,0
6751,35
6752,0
6753,32
6754,26
6755,28
6756,0
6757,0
6758,0
6759,0
6760,25
6761,30
6762,0
6763,0
6764,0
6765,0
6766,0
6767,34
6768,0
6769,0
6770,38
6771,0
6772,25
6773,0
6774,0
6775,0
6776,0
6777,0
6778,0
6779,0
6780,0
6781,0
6782,37
6783,0
6784,0
6785,0
6786,0
6787,0
6788,0
6789,28
6790,0
6791,0
6792,0
6793,40
6794,0
6795,23
6796,0
6797,0
6798,0
6799,44
6800,0
6801,0
6802,0
6803,0
6804,0
6805,0
6806,0
6807,0
6808,0
6809,0
6810,0
6811,0
6812,31
6813,0
6814,42
6815,32
6816,0
6817,0
6818,0
6819,0
6820,0
6821,0
6822,0
6823,0
6824,0
6825,37
6826,33
6827,0
6828,0
6829,0
6830,0
6831,23
6832,37
6833,0
6834,0
6835,0
6836,20
6837,41
6838,27
6839,0
6840,0
6841,38
6842,33
6843,29
6844,0
6845,0
6846,0
6847,0
6848,0
6849,0
6850,0
6851,21
6852,0
6853,0
6854,35
6855,0
6856,0
6857,0
6858,0
6859,0
6860,0
6861,32
6862,0
6863,0
6864,0
6865,0
6866,0
6867,0
6868,0
6869,0
6870,0
6871,30
6872,0
6873,40
6874,29
6875,0
6876,35
6877,28
6878,26
6879,20
6880,0
6881,46
6882,0
6883,0
6884,36
6885,0
6886,0
6887,0
6888,0
6889,0
6890,0
6891,0
6892,0
6893,0
6894,0
6895,0
6896,0
6897,40
6898,23
6899,42
6900,0
6901,0
6902,0
6903,25
6904,0
6905,0
6906,0
6907,0
6908,51
6909,0
6910,0
6911,0
6912,0
6913,0
6914,0
6915,48
6916,0
6917,0
6918,0
6919,0
6920,0
6921,0
6922,0
6923,0
6924,28
6925,0
6926,0
6927,0
6928,0
6929,0
6930,0
6931,0
6932,0
6933,0
6934,55
6935,0
6936,0
6937,40
6938,35
6939,28
6940,0
6941,0
6942,0
6943,0
6944,0
6945,32
6946,0
6947,0
6948,37
6949,0
6950,0
6951,0
6952,0
6953,0
6954,0
6955,0
6956,0
6957,0
6958,0
6959,34
6960,0
6961,0
6962,45
6963,0
6964,29
6965,0
6966,47
6967,0
6968,0
6969,0
6970,0
6971,0
6972,0
6973,0
6974,0
6975,4
6976,0
6977,0
6978,0
6979,0
6980,0
6981,0
6982,6
6983,0
6984,0
6985,0
6986,0
6987,0
6988,0
6989,0
6990,0
6991,0
6992,0
6993,0
6994,5
6995,0
6996,0
6997,0
6998,0
6999,0
7000,0
7001,3
7002,0
7003,0
7004,0
7005,0
7006,0
7007,0
7008,0
7009,0
7010,0
7011,0
7012,0
7013,7
7014,0
7015,0
7016,0
7017,4
7018,0
7019,0
7020,0
7021,0
7022,0
7023,0
7024,0
7025,5
7026,0
7027,6
7028,0
7029,0
7030,0
7031,0
7032,0
7033,0
7034,0
7035,0
7036,0
7037,0
7038,0
7039,0
7040,0
7041,0
7042,0
7043,0
7044,0
7045,0
7046,0
7047,0
7048,0
7049,0
7050,0
7051,0
7052,0
7053,0
7054,0
7055,0
7056,0
7057,0
7058,9
7059,0
7060,0
7061,0
7062,0
7063,0
7064,0
7065,0
7066,7
7067,0
7068,0
7069,9
7070,0
7071,5
7072,0
7073,0
7074,0
7075,6
7076,0
7077,0
7078,0
7079,0
7080,0
7081,0
7082,0
7083,0
7084,0
7085,0
7086,0
7087,0
7088,12
7089,0
7090,0
7091,7
7092,0
7093,0
7094,0
7095,0
7096,7
7097,0
7098,0
7099,0
7100,0
7101,0
7102,8
7103,0
7104,0
7105,0
7106,0
7107,0
7108,0
7109,9
7110,0
7111,0
7112,0
7113,0
7114,8
7115,0
7116,0
7117,0
7118,0
7119,0
7120,0
7121,8
7122,0
7123,0
7124,0
7125,0
7126,0
7127,0
7128,0
7129,0
7130,0
7131,0
7132,0
7133,0
7134,0
7135,7
7136,0
7137,0
7138,0
7139,0
7140,0
7141,0
7142,0
7143,0
7144,0
7145,0
7146,0
7147,0
7148,0
7149,0
7150,0
7151,0
7152,0
7153,0
7154,0
7155,0
7156,0
7157,0
7158,0
7159,0
7160,0
7161,4
7162,7
7163,0
7164,0
7165,0
7166,0
7167,0
7168,0
7169,6
7170,0
7171,0
7172,6
7173,0
7174,0
7175,0
7176,0
7177,6
7178,0
7179,0
7180,0
7181,0
7182,0
7183,0
7184,0
7185,0
7186,0
7187,0
7188,0
7189,0
7190,0
7191,0
7192,0
7193,0
7194,6
7195,7
7196,0
7197,0
7198,0
7199,0
7200,0
7201,0
7202,7
7203,0
7204,0
7205,6
7206,0
7207,0
7208,0
7209,0
7210,0
7211,0
7212,0
7213,5
7214,0
7215,0
7216,0
7217,0
7218,0
7219,0
7220,0
7221,0
7222,5
7223,0
7224,0
7225,0
7226,0
7227,0
7228,0
7229,0
7230,0
7231,0
7232,0
7233,0
7234,0
7235,0
7236,0
7237,0
7238,0
7239,0
7240,4
7241,0
7242,0
7243,0
7244,0
7245,0
7246,0
7247,0
7248,0
7249,0
7250,0
7251,0
7252,0
7253,0
7254,0
7255,0
7256,0
7257,0
7258,0
7259,0
7260,0
7261,0
7262,0
7263,0
7264,0
7265,0
7266,0
7267,5
7268,0
7269,0
7270,0
7271,0
7272,0
7273,0
7274,0
7275,0
7276,0
7277,0
7278,0
7279,0
7280,0
7281,0
7282,0
7283,0
7284,13
7285,0
7286,8
7287,4
7288,0
7289,0
7290,0
7291,0
7292,0
7293,0
7294,0
7295,0
7296,0
7297,0
7298,0
7299,0
7300,0
7301,0
7302,0
7303,0
7304,9
7305,0
7306,0
7307,0
7308,0
7309,0
7310,0
7311,0
7312,0
7313,0
7314,0
7315,0
7316,0
7317,0
7318,0
7319,0
7320,0
7321,0
7322,9
7323,0
7324,0
7325,0
7326,0
7327,0
7328,0
7329,0
7330,0
7331,0
7332,0
7333,0
7334,0
7335,0
7336,0
7337,0
7338,6
7339,0
7340,0
7341,0
7342,0
7343,0
7344,0
7345,0
7346,0
7347,0
7348,0
7349,0
7350,0
7351,0
7352,0
7353,0
7354,0
7355,0
7356,0
7357,0
7358,10
7359,0
7360,7
7361,8
7362,5
7363,5
7364,0
7365,0
7366,0
7367,0
7368,0
7369,0
7370,0
7371,0
7372,0
7373,0
7374,7
7375,0
7376,0
7377,0
7378,0
7379,0
7380,0
7381,0
7382,10
7383,0
7384,0
7385,0
7386,0
7387,0
7388,0
7389,0
7390,0
7391,0
7392,0
7393,0
7394,0
7395,0
7396,0
7397,0
7398,0
7399,0
7400,0
7401,0
7402,0
7403,1
7404,8
7405,0
7406,0
7407,0
7408,0
7409,0
7410,0
7411,0
7412,0
7413,0
7414,0
7415,0
7416,0
7417,0
7418,0
7419,5
7420,0
7421,0
7422,3
7423,0
7424,0
7425,7
7426,0
7427,0
7428,0
7429,0
7430,0
7431,0
7432,0
7433,0
7434,0
7435,0
7436,0
7437,0
7438,10
7439,0
7440,0
7441,0
7442,0
7443,0
7444,0
7445,0
7446,0
7447,0
7448,7
7449,0
7450,0
7451,0
7452,0
7453,0
7454,0
7455,0
7456,0
7457,0
7458,0
7459,0
7460,0
7461,0
7462,0
7463,13
7464,0
7465,0
7466,0
7467,0
7468,0
7469,0
7470,0
7471,10
7472,0
7473,0
7474,0
7475,0
7476,0
7477,4
7478,0
7479,0
7480,10
7481,0
7482,0
7483,0
7484,7
7485,0
7486,0
7487,0
7488,0
7489,0
7490,0
7491,0
7492,0
7493,0
7494,0
7495,0
7496,0
7497,5
7498,0
7499,0
7500,0
7501,0
7502,0
7503,0
7504,0
7505,0
7506,0
7507,0
7508,0
7509,0
7510,0
7511,0
7512,0
7513,0
7514,0
7515,0
7516,0
7517,0
7518,0
7519,0
7520,0
7521,0
7522,0
7523,0
7524,0
7525,0
7526,0
7527,0
7528,0
7529,7
7530,0
7531,0
7532,0
7533,0
7534,0
7535,0
7536,0
7537,0
7538,0
7539,0
7540,0
7541,0
7542,0
7543,0
7544,0
7545,14
7546,0
7547,0
7548,0
7549,0
7550,0
7551,0
7552,0
7553,0
7554,0
7555,0
7556,0
7557,0
7558,0
7559,0
7560,0
7561,6
7562,2
7563,0
7564,0
7565,0
7566,0
7567,6
7568,0
7569,0
7570,0
7571,0
7572,0
7573,0
7574,0
7575,0
7576,0
7577,0
7578,0
7579,2
7580,0
7581,0
7582,6
7583,0
7584,0
7585,0
7586,0
7587,0
7588,0
7589,0
7590,0
7591,0
7592,0
7593,12
7594,0
7595,0
7596,0
7597,4
7598,0
7599,0
7600,0
7601,0
7602,0
7603,0
7604,0
7605,0
7606,0
7607,0
7608,0
7609,0
7610,0
7611,0
7612,0
7613,0
7614,0
7615,0
7616,0
7617,0
7618,0
7619,0
7620,0
7621,0
7622,0
7623,0
7624,0
7625,0
7626,0
7627,0
7628,0
7629,0
7630,2
7631,5
7632,0
7633,0
7634,0
7635,0
7636,0
7637,10
7638,0
7639,0
7640,0
7641,8
7642,0
7643,0
7644,0
7645,0
7646,7
7647,0
7648,0
7649,0
7650,0
7651,7
7652,0
7653,10
7654,0
7655,0
7656,0
7657,0
7658,0
7659,0
7660,0
7661,0
7662,0
7663,9
7664,0
7665,4
7666,0
7667,0
7668,0
7669,0
7670,6
7671,0
7672,0
7673,0
7674,0
7675,0
7676,0
7677,0
7678,0
7679,0
7680,0
7681,0
7682,0
7683,0
7684,0
7685,0
7686,0
7687,0
7688,0
7689,0
7690,0
7691,0
7692,0
7693,0
7694,0
7695,0
7696,0
7697,0
7698,0
7699,0
7700,0
7701,0
7702,0
7703,0
7704,0
7705,6
7706,0
7707,0
7708,0
7709,0
7710,0
7711,7
7712,7
7713,0
7714,0
7715,0
7716,0
7717,0
7718,0
7719,0
7720,0
7721,0
7722,0
7723,0
7724,0
7725,0
7726,0
7727,0
7728,0
7729,0
7730,0
7731,0
7732,0
7733,0
7734,0
7735,0
7736,0
7737,0
7738,0
7739,0
7740,0
7741,0
7742,0
7743,0
7744,0
7745,0
7746,0
7747,0
7748,0
7749,0
7750,5
7751,5
7752,0
7753,0
7754,0
7755,0
7756,0
7757,0
7758,5
7759,0
7760,0
7761,0
7762,10
7763,0
7764,0
7765,0
7766,0
7767,0
7768,0
7769,0
7770,0
7771,0
7772,0
7773,0
7774,0
7775,0
7776,0
7777,0
7778,0
7779,0
7780,0
7781,0
7782,0
7783,0
7784,0
7785,0
7786,5
7787,0
7788,0
7789,0
7790,0
7791,0
7792,0
7793,5
7794,0
7795,0
7796,5
7797,0
7798,0
7799,0
7800,0
7801,0
7802,0
7803,0
7804,0
7805,0
7806,11
7807,0
7808,0
7809,0
7810,0
7811,0
7812,11
7813,0
7814,0
7815,0
7816,0
7817,0
7818,0
7819,0
7820,0
7821,7
7822,5
7823,0
7824,0
7825,8
7826,0
7827,0
7828,0
7829,0
7830,0
7831,0
7832,0
7833,0
7834,0
7835,0
7836,5
7837,0
7838,0
7839,0
7840,0
7841,4
7842,0
7843,0
7844,11
7845,0
7846,0
7847,0
7848,0
7849,0
7850,0
7851,0
7852,0
7853,0
7854,0
7855,0
7856,0
7857,7
7858,6
7859,0
7860,0
7861,0
7862,0
7863,0
7864,0
7865,0
7866,8
7867,0
7868,0
7869,0
7870,14
7871,0
7872,0
7873,3
7874,0
7875,7
7876,0
7877,0
7878,0
7879,0
7880,0
7881,0
7882,0
7883,0
7884,0
7885,0
7886,0
7887,0
7888,0
7889,0
7890,0
7891,0
7892,0
7893,0
7894,14
7895,0
7896,0
7897,0
7898,16
7899,0
7900,14
7901,0
7902,0
7903,0
7904,0
7905,0
7906,0
7907,0
7908,0
7909,0
7910,0
7911,14
7912,0
7913,0
7914,0
7915,0
7916,0
7917,0
7918,0
7919,0
7920,0
7921,6
7922,0
7923,0
7924,14
7925,0
7926,0
7927,0
7928,0
7929,0
7930,14
7931,16
7932,9
7933,10
7934,0
7935,0
7936,0
7937,0
7938,4
7939,15
7940,0
7941,0
7942,0
7943,0
7944,0
7945,0
7946,0
7947,0
7948,9
7949,0
7950,0
7951,0
7952,0
7953,0
7954,0
7955,0
7956,0
7957,0
7958,10
7959,5
7960,0
7961,0
7962,0
7963,0
7964,0
7965,0
7966,0
7967,10
7968,0
7969,0
7970,10
7971,0
7972,0
7973,33
7974,0
7975,0
7976,0
7977,0
7978,0
7979,0
7980,0
7981,0
7982,14
7983,0
7984,0
7985,5
7986,0
7987,0
7988,0
7989,0
7990,0
7991,10
7992,0
7993,0
7994,0
7995,0
7996,0
7997,0
7998,0
7999,0
8000,0
8001,0
8002,0
8003,0
8004,0
8005,0
8006,0
8007,0
8008,0
8009,0
8010,16
8011,0
8012,10
8013,0
8014,0
8015,0
8016,0
8017,0
8018,20
8019,0
8020,0
8021,0
8022,0
8023,0
8024,0
8025,0
8026,0
8027,13
8028,15
8029,0
8030,0
8031,0
8032,0
8033,0
8034,10
8035,0
8036,26
8037,17
8038,0
8039,0
8040,0
8041,10
8042,0
8043,13
8044,0
8045,0
8046,0
8047,0
8048,0
8049,0
8050,0
8051,0
8052,0
8053,0
8054,0
8055,19
8056,6
8057,0
8058,11
8059,0
8060,15
8061,0
8062,0
8063,0
8064,8
8065,0
8066,0
8067,0
8068,14
8069,0
8070,0
8071,0
8072,0
8073,13
8074,0
8075,19
8076,0
8077,17
8078,0
8079,0
8080,0
8081,0
8082,0
8083,0
8084,17
8085,0
8086,0
8087,0
8088,0
8089,0
8090,0
8091,0
8092,0
8093,0
8094,21
8095,0
8096,0
8097,9
8098,0
8099,0
8100,0
8101,0
8102,0
8103,13
8104,0
8105,0
8106,0
8107,0
8108,0
8109,0
8110,0
8111,12
8112,0
8113,0
8114,0
8115,18
8116,0
8117,0
8118,0
8119,0
8120,0
8121,0
8122,0
8123,0
8124,0
8125,0
8126,0
8127,0
8128,0
8129,0
8130,8
8131,34
8132,0
8133,0
8134,0
8135,0
8136,0
8137,0
8138,0
8139,0
8140,0
8141,0
8142,0
8143,0
8144,0
8145,0
8146,0
8147,0
8148,0
8149,0
8150,0
8151,0
8152,0
8153,0
8154,0
8155,0
8156,0
8157,0
8158,0
8159,15
8160,0
8161,0
8162,0
8163,0
8164,0
8165,0
8166,0
8167,0
8168,0
8169,0
8170,0
8171,0
8172,0
8173,0
8174,0
8175,11
8176,28
8177,0
8178,0
8179,0
8180,0
8181,0
8182,0
8183,15
8184,0
8185,0
8186,0
8187,0
8188,0
8189,0
8190,0
8191,0
8192,10
8193,27
8194,0
8195,0
8196,0
8197,0
8198,0
8199,0
8200,0
8201,0
8202,0
8203,0
8204,0
8205,0
8206,14
8207,0
8208,0
8209,0
8210,0
8211,0
8212,0
8213,13
8214,0
8215,0
8216,0
8217,13
8218,0
8219,0
8220,0
8221,23
8222,18
8223,0
8224,0
8225,0
8226,0
8227,0
8228,9
8229,0
8230,0
8231,0
8232,17
8233,0
8234,0
8235,12
8236,0
8237,0
8238,0
8239,0
8240,15
8241,0
8242,9
8243,0
8244,0
8245,0
8246,13
8247,0
8248,0
8249,0
8250,0
8251,0
8252,15
8253,0
8254,16
8255,0
8256,0
8257,0
8258,0
8259,4
8260,0
8261,1
8262,0
8263,0
8264,0
8265,0
8266,0
8267,0
8268,0
8269,0
8270,10
8271,0
8272,0
8273,0
8274,0
8275,0
8276,0
8277,0
8278,0
8279,12
8280,0
8281,13
8282,0
8283,14
8284,0
8285,0
8286,0
8287,0
8288,15
8289,8
8290,0
8291,0
8292,0
8293,3
8294,0
8295,0
8296,0
8297,0
8298,0
8299,0
8300,18
8301,0
8302,11
8303,0
8304,0
8305,0
8306,0
8307,14
8308,0
8309,11
8310,0
8311,0
8312,0
8313,11
8314,0
8315,13
8316,0
8317,0
8318,0
8319,3
8320,0
8321,0
8322,0
8323,0
8324,0
8325,0
8326,0
8327,0
8328,12
8329,9
8330,16
8331,10
8332,0
8333,5
8334,0
8335,0
8336,15
8337,0
8338,21
8339,0
8340,0
8341,0
8342,0
8343,18
8344,0
8345,0
8346,0
8347,0
8348,15
8349,21
8350,20
8351,0
8352,0
8353,0
8354,4
8355,0
8356,0
8357,13
8358,0
8359,9
8360,20
8361,0
8362,18
8363,0
8364,0
8365,0
8366,0
8367,0
8368,0
8369,4
8370,12
8371,0
8372,0
8373,9
8374,0
8375,0
8376,0
8377,0
8378,0
8379,0
8380,0
8381,26
8382,0
8383,0
8384,0
8385,0
8386,0
8387,0
8388,0
8389,14
8390,0
8391,0
8392,0
8393,9
8394,0
8395,0
8396,0
8397,0
8398,10
8399,14
8400,0
8401,0
8402,0
8403,0
8404,14
8405,0
8406,0
8407,0
8408,17
8409,0
8410,0
8411,0
8412,0
8413,0
8414,0
8415,0
8416,18
8417,0
8418,9
8419,0
8420,6
8421,11
8422,0
8423,0
8424,14
8425,0
8426,0
8427,13
8428,0
8429,12
8430,0
8431,0
8432,0
8433,0
8434,0
8435,0
8436,0
8437,0
8438,0
8439,0
8440,0
8441,0
8442,0
8443,0
8444,0
8445,0
8446,0
8447,0
8448,0
8449,0
8450,12
8451,0
8452,0
8453,0
8454,0
8455,0
8456,0
8457,0
8458,0
8459,0
8460,0
8461,0
8462,0
8463,0
8464,19
8465,0
8466,0
8467,0
8468,0
8469,0
8470,0
8471,0
8472,12
8473,0
8474,0
8475,0
8476,0
8477,13
8478,0
8479,0
8480,0
8481,0
8482,0
8483,0
8484,0
8485,0
8486,0
8487,0
8488,13
8489,0
8490,0
8491,0
8492,0
8493,0
8494,0
8495,0
8496,0
8497,0
8498,0
8499,10
8500,0
8501,19
8502,0
8503,0
8504,0
8505,0
8506,0
8507,13
8508,16
8509,0
8510,16
8511,0
8512,0
8513,0
8514,0
8515,0
8516,13
8517,0
8518,13
8519,0
8520,0
8521,0
8522,0
8523,0
8524,0
8525,9
8526,0
8527,0
8528,0
8529,0
8530,0
8531,0
8532,0
8533,0
8534,0
8535,0
8536,19
8537,0
8538,0
8539,0
8540,14
8541,0
8542,0
8543,12
8544,0
8545,0
8546,0
8547,26
8548,0
8549,0
8550,0
8551,0
8552,10
8553,0
8554,0
8555,15
8556,0
8557,0
8558,0
8559,0
8560,0
8561,23
8562,0
8563,0
8564,0
8565,0
8566,7
8567,0
8568,25
8569,0
8570,10
8571,0
8572,0
8573,0
8574,0
8575,7
8576,6
8577,12
8578,0
8579,0
8580,14
8581,0
8582,0
8583,6
8584,0
8585,8
8586,0
8587,0
8588,0
8589,0
8590,12
8591,0
8592,0
8593,16
8594,0
8595,0
8596,0
8597,10
8598,0
8599,11
8600,0
8601,0
8602,0
8603,0
8604,0
8605,0
8606,0
8607,0
8608,11
8609,0
8610,0
8611,11
8612,7
8613,0
8614,18
8615,0
8616,0
8617,0
8618,0
8619,13
8620,18
8621,0
8622,0
8623,6
8624,0
8625,39
8626,0
8627,0
8628,0
8629,0
8630,0
8631,0
8632,0
8633,0
8634,0
8635,0
8636,0
8637,0
8638,0
8639,0
8640,0
8641,0
8642,0
8643,0
8644,0
8645,0
8646,0
8647,0
8648,0
8649,0
8650,0
8651,32
8652,0
8653,0
8654,0
8655,60
8656,0
8657,0
8658,0
8659,0
8660,0
8661,0
8662,0
8663,0
8664,0
8665,0
8666,0
8667,0
8668,0
8669,0
8670,0
8671,0
8672,0
8673,36
8674,0
8675,50
8676,0
8677,0
8678,0
8679,0
8680,50
8681,50
8682,0
8683,58
8684,0
8685,0
8686,0
8687,0
8688,38
8689,0
8690,0
8691,0
8692,0
8693,0
8694,0
8695,0
8696,0
8697,0
8698,0
8699,0
8700,0
8701,0
8702,0
8703,24
8704,30
8705,0
8706,0
8707,0
8708,0
8709,0
8710,0
8711,0
8712,0
8713,0
8714,49
8715,0
8716,0
8717,0
8718,0
8719,0
8720,0
8721,0
8722,0
8723,0
8724,0
8725,0
8726,0
8727,0
8728,0
8729,0
8730,0
8731,0
8732,49
8733,51
8734,0
8735,0
8736,0
8737,0
8738,44
8739,0
8740,0
8741,0
8742,0
8743,0
8744,0
8745,0
8746,0
8747,0
8748,0
8749,0
8750,0
8751,32
8752,0
8753,0
8754,0
8755,0
8756,0
8757,38
8758,44
8759,17
8760,0
8761,0
8762,32
8763,0
8764,30
8765,45
8766,0
8767,0
8768,0
8769,0
8770,0
8771,0
8772,0
8773,0
8774,0
8775,0
8776,34
8777,27
8778,0
8779,0
8780,0
8781,0
8782,0
8783,39
8784,0
8785,0
8786,0
8787,0
8788,0
8789,0
8790,0
8791,0
8792,0
8793,0
8794,0
8795,0
8796,36
8797,0
8798,0
8799,49
8800,0
8801,0
8802,0
8803,0
8804,0
8805,0
8806,0
8807,0
8808,0
8809,0
8810,0
8811,0
8812,52
8813,0
8814,47
8815,0
8816,0
8817,0
8818,0
8819,0
8820,0
8821,0
8822,0
8823,0
8824,0
8825,0
8826,0
8827,21
8828,0
8829,0
8830,0
8831,0
8832,32
8833,0
8834,0
8835,0
8836,0
8837,0
8838,0
8839,0
8840,0
8841,0
8842,58
8843,0
8844,23
8845,0
8846,0
8847,0
8848,0
8849,0
8850,0
8851,35
8852,0
8853,0
8854,0
8855,0
8856,50
8857,0
8858,0
8859,0
8860,0
8861,0
8862,53
8863,0
8864,0
8865,0
8866,0
8867,0
8868,0
8869,0
8870,0
8871,0
8872,0
8873,0
8874,0
8875,0
8876,0
8877,0
8878,0
8879,0
8880,0
8881,0
8882,0
8883,36
8884,0
8885,0
8886,0
8887,0
8888,0
8889,0
8890,0
8891,0
8892,0
8893,0
8894,24
8895,0
8896,32
8897,0
8898,0
8899,37
8900,0
8901,0
8902,0
8903,0
8904,0
8905,0
8906,0
8907,0
8908,0
8909,0
8910,0
8911,0
8912,0
8913,21
8914,33
8915,25
8916,0
8917,40
8918,27
8919,0
8920,0
8921,0
8922,24
8923,0
8924,45
8925,17
8926,0
8927,18
8928,31
8929,27
8930,0
8931,0
8932,0
8933,23
8934,0
8935,0
8936,0
8937,0
8938,0
8939,0
8940,0
8941,0
8942,0
8943,0
8944,0
8945,0
8946,0
8947,0
8948,0
8949,0
8950,31
8951,0
8952,0
8953,0
8954,0
8955,0
8956,0
8957,0
8958,0
8959,0
8960,0
8961,0
8962,0
8963,0
8964,0
8965,0
8966,0
8967,0
8968,0
8969,0
8970,0
8971,0
8972,0
8973,0
8974,0
8975,22
8976,0
8977,0
8978,0
8979,0
8980,0
8981,0
8982,0
8983,0
8984,0
8985,0
8986,0
8987,0
8988,0
8989,0
8990,0
8991,0
8992,0
8993,0
8994,0
8995,0
8996,0
8997,0
8998,0
8999,0
9000,0
9001,0
9002,0
9003,0
9004,0
9005,0
9006,0
9007,0
9008,0
9009,0
9010,0
9011,0
9012,0
9013,0
9014,0
9015,0
9016,0
9017,0
9018,0
9019,0
9020,0
9021,0
9022,0
9023,0
9024,0
9025,20
9026,0
9027,0
9028,0
9029,0
9030,0
9031,0
9032,0
9033,0
9034,22
9035,0
9036,20
9037,0
9038,0
9039,0
9040,0
9041,0
9042,0
9043,0
9044,0
9045,0
9046,0
9047,0
9048,0
9049,0
9050,0
9051,22
9052,0
9053,0
9054,0
9055,0
9056,0
9057,0
9058,0
9059,0
9060,0
9061,0
9062,0
9063,0
9064,0
9065,0
9066,0
9067,0
9068,0
9069,0
9070,0
9071,0
9072,40
9073,0
9074,0
9075,0
9076,0
9077,0
9078,0
9079,0
9080,0
9081,0
9082,0
9083,0
9084,0
9085,0
9086,21
9087,0
9088,0
9089,0
9090,0
9091,0
9092,0
9093,0
9094,0
9095,0
9096,0
9097,0
9098,0
9099,0
9100,0
9101,0
9102,0
9103,0
9104,0
9105,0
9106,0
9107,32
9108,28
9109,0
9110,0
9111,0
9112,0
9113,0
9114,31
9115,0
9116,0
9117,0
9118,0
9119,0
9120,0
9121,0
9122,0
9123,0
9124,0
9125,0
9126,0
9127,0
9128,23
9129,0
9130,0
9131,29
9132,0
9133,0
9134,0
9135,0
9136,0
9137,0
9138,0
9139,0
9140,0
9141,0
9142,0
9143,0
9144,0
9145,0
9146,0
9147,0
9148,20
9149,0
9150,0
9151,0
9152,0
9153,0
9154,0
9155,39
9156,0
9157,0
9158,0
9159,0
9160,0
9161,0
9162,0
9163,20
9164,0
9165,16
9166,0
9167,0
9168,0
9169,0
9170,0
9171,0
9172,0
9173,0
9174,0
9175,0
9176,0
9177,0
9178,0
9179,0
9180,0
9181,0
9182,0
9183,29
9184,0
9185,0
9186,0
9187,0
9188,0
9189,0
9190,0
9191,0
9192,0
9193,0
9194,0
9195,0
9196,0
9197,0
9198,0
9199,17
9200,0
9201,0
9202,0
9203,0
9204,0
9205,26
9206,0
9207,0
9208,0
9209,0
9210,0
9211,0
9212,0
9213,0
9214,0
9215,0
9216,0
9217,0
9218,0
9219,0
9220,0
9221,0
9222,0
9223,0
9224,0
9225,0
9226,0
9227,0
9228,0
9229,0
9230,0
9231,0
9232,0
9233,0
9234,0
9235,0
9236,0
9237,0
9238,0
9239,0
9240,0
9241,0
9242,0
9243,37
9244,0
9245,0
9246,0
9247,0
9248,0
9249,0
9250,0
9251,31
9252,0
9253,0
9254,0
9255,0
9256,0
9257,0
9258,0
9259,0
9260,0
9261,0
9262,37
9263,0
9264,0
9265,0
9266,0
9267,0
9268,0
9269,0
9270,0
9271,0
9272,0
9273,0
9274,0
9275,0
9276,0
9277,0
9278,0
9279,0
9280,0
9281,0
9282,0
9283,0
9284,0
9285,30
9286,0
9287,0
9288,0
9289,0
9290,0
9291,0
9292,37
9293,0
9294,44
9295,0
9296,0
9297,0
9298,0
9299,0
9300,0
9301,0
9302,0
9303,29
9304,0
9305,0
9306,0
9307,0
9308,0
9309,0
9310,0
9311,0
9312,0
9313,0
9314,0
9315,20
9316,0
9317,0
9318,0
9319,34
9320,0
9321,0
9322,0
9323,0
9324,0
9325,0
9326,0
9327,0
9328,0
9329,0
9330,0
9331,0
9332,0
9333,0
9334,0
9335,0
9336,0
9337,0
9338,0
9339,0
9340,0
9341,0
9342,0
9343,0
9344,0
9345,0
9346,0
9347,0
9348,0
9349,0
9350,0
9351,0
9352,0
9353,0
9354,0
9355,0
9356,0
9357,0
9358,0
9359,0
9360,34
9361,46
9362,0
9363,0
9364,0
9365,0
9366,0
9367,0
9368,0
9369,0
9370,0
9371,34
9372,0
9373,0
9374,0
9375,0
9376,0
9377,0
9378,0
9379,0
9380,0
9381,20
9382,0
9383,0
9384,0
9385,0
9386,0
9387,0
9388,0
9389,0
9390,0
9391,0
9392,0
9393,0
9394,0
9395,0
9396,0
9397,0
9398,0
9399,0
9400,0
9401,0
9402,0
9403,0
9404,0
9405,0
9406,0
9407,0
9408,0
9409,0
9410,0
9411,0
9412,0
9413,0
9414,0
9415,0
9416,0
9417,0
9418,0
9419,0
9420,0
9421,41
9422,0
9423,0
9424,0
9425,0
9426,36
9427,0
9428,29
9429,0
9430,0
9431,0
9432,0
9433,0
9434,0
9435,0
9436,0
9437,0
9438,0
9439,0
9440,0
9441,0
9442,0
9443,0
9444,0
9445,0
9446,0
9447,0
9448,0
9449,0
9450,0
9451,0
9452,0
9453,0
9454,0
9455,0
9456,0
9457,0
9458,0
9459,0
9460,0
9461,0
9462,0
9463,0
9464,0
9465,0
9466,0
9467,0
9468,0
9469,0
9470,0
9471,0
9472,0
9473,0
9474,0
9475,0
9476,0
9477,0
9478,0
9479,0
9480,0
9481,0
9482,0
9483,0
9484,0
9485,0
9486,0
9487,0
9488,0
9489,0
9490,0
9491,0
9492,0
9493,0
9494,0
9495,0
9496,0
9497,0
9498,0
9499,0
9500,0
9501,0
9502,0
9503,0
9504,0
9505,0
9506,0
9507,0
9508,0
9509,0
9510,0
9511,0
9512,0
9513,0
9514,0
9515,34
9516,30
9517,0
9518,0
9519,0
9520,0
9521,0
9522,0
9523,0
9524,0
9525,0
9526,0
9527,0
9528,0
9529,0
9530,0
9531,0
9532,30
9533,0
9534,0
9535,0
9536,0
9537,0
9538,0
9539,0
9540,0
9541,0
9542,0
9543,0
9544,0
9545,0
9546,51
9547,0
9548,0
9549,0
9550,0
9551,0
9552,0
9553,0
9554,7
9555,0
9556,0
9557,0
9558,0
9559,0
9560,0
9561,0
9562,0
9563,0
9564,6
9565,0
9566,0
9567,7
9568,0
9569,0
9570,0
9571,12
9572,0
9573,0
9574,8
9575,0
9576,0
9577,12
9578,0
9579,7
9580,0
9581,15
9582,10
9583,0
9584,0
9585,0
9586,0
9587,10
9588,0
9589,0
9590,13
9591,12
9592,7
9593,0
9594,0
9595,0
9596,11
9597,0
9598,0
9599,0
9600,0
9601,0
9602,0
9603,0
9604,0
9605,0
9606,13
9607,13
9608,0
9609,5
9610,6
9611,0
9612,9
9613,8
9614,0
9615,2
9616,0
9617,8
9618,0
9619,0
9620,0
9621,4
9622,0
9623,0
9624,0
9625,11
9626,0
9627,0
9628,0
9629,0
9630,0
9631,0
9632,0
9633,0
9634,0
9635,19
9636,0
9637,10
9638,12
9639,0
9640,0
9641,0
9642,0
9643,12
9644,0
9645,13
9646,0
9647,7
9648,20
9649,0
9650,0
9651,0
9652,0
9653,0
9654,0
9655,0
9656,0
9657,8
9658,0
9659,0
9660,8
9661,12
9662,0
9663,0
9664,11
9665,0
9666,11
9667,7
9668,0
9669,0
9670,0
9671,0
9672,0
9673,0
9674,0
9675,0
9676,0
9677,0
9678,0
9679,0
9680,0
9681,0
9682,9
9683,14
9684,0
9685,7
9686,0
9687,0
9688,12
9689,8
9690,0
9691,13
9692,0
9693,0
9694,14
9695,13
9696,0
9697,0
9698,8
9699,0
9700,0
9701,10
9702,0
9703,0
9704,0
9705,0
9706,11
9707,0
9708,0
9709,8
9710,0
9711,8
9712,0
9713,0
9714,9
9715,0
9716,0
9717,9
9718,14
9719,0
9720,0
9721,0
9722,0
9723,0
9724,9
9725,9
9726,0
9727,0
9728,7
9729,0
9730,0
9731,9
9732,7
9733,0
9734,7
9735,0
9736,0
9737,0
9738,0
9739,0
9740,0
9741,0
9742,0
9743,15
9744,0
9745,0
9746,12
9747,14
9748,0
9749,5
9750,0
9751,0
9752,0
9753,0
9754,0
9755,5
9756,0
9757,0
9758,0
9759,9
9760,0
9761,0
9762,12
9763,0
9764,6
9765,0
9766,0
9767,12
9768,0
9769,0
9770,0
9771,0
9772,0
9773,0
9774,10
9775,0
9776,6
9777,11
9778,6
9779,0
9780,0
9781,0
9782,0
9783,5
9784,0
9785,0
9786,0
9787,0
9788,0
9789,0
9790,0
9791,0
9792,0
9793,0
9794,0
9795,0
9796,0
9797,0
9798,0
9799,5
9800,6
9801,4
9802,0
9803,0
9804,0
9805,0
9806,14
9807,0
9808,10
9809,0
9810,0
9811,0
9812,9
9813,11
9814,0
9815,3
9816,0
9817,14
9818,0
9819,0
9820,8
9821,9
9822,0
9823,6
9824,0
9825,0
9826,0
9827,0
9828,9
9829,0
9830,0
9831,0
9832,8
9833,0
9834,0
9835,0
9836,0
9837,0
9838,0
9839,0
9840,8
9841,0
9842,0
9843,0
9844,5
9845,0
9846,0
9847,0
9848,3
9849,0
9850,9
9851,10
9852,0
9853,0
9854,0
9855,0
9856,0
9857,0
9858,0
9859,4
9860,0
9861,0
9862,0
9863,0
9864,6
9865,10
9866,0
9867,0
9868,8
9869,8
9870,0
9871,0
9872,0
9873,0
9874,0
9875,6
9876,0
9877,0
9878,0
9879,0
9880,0
9881,6
9882,5
9883,0
9884,14
9885,0
9886,7
9887,8
9888,0
9889,0
9890,0
9891,6
9892,0
9893,0
9894,0
9895,10
9896,0
9897,0
9898,0
9899,0
9900,0
9901,0
9902,0
9903,0
9904,0
9905,0
9906,0
9907,0
9908,0
9909,11
9910,14
9911,0
9912,0
9913,0
9914,0
9915,0
9916,6
9917,0
9918,0
9919,0
9920,0
9921,13
9922,0
9923,0
9924,0
9925,0
9926,0
9927,0
9928,0
9929,0
9930,0
9931,16
9932,0
9933,0
9934,0
9935,0
9936,0
9937,11
9938,11
9939,0
9940,0
9941,13
9942,0
9943,4
9944,0
9945,18
9946,0
9947,0
9948,8
9949,0
9950,8
9951,10
9952,0
9953,0
9954,0
9955,4
9956,0
9957,0
9958,0
9959,0
9960,7
9961,0
9962,0
9963,7
9964,0
9965,0
9966,0
9967,0
9968,0
9969,0
9970,13
9971,0
9972,0
9973,0
9974,0
9975,0
9976,0
9977,7
9978,0
9979,10
9980,17
9981,0
9982,6
9983,15
9984,0
9985,10
9986,13
9987,10
9988,0
9989,8
9990,0
9991,0
9992,0
9993,0
9994,6
9995,7
9996,0
9997,10
9998,0
9999,0
10000,0
10001,0
10002,0
10003,0
10004,0
10005,0
10006,0
10007,0
10008,0
10009,0
10010,0
10011,0
10012,0
10013,6
10014,13
10015,0
10016,0
10017,9
10018,12
10019,14
10020,0
10021,5
10022,0
10023,0
10024,0
10025,0
10026,0
10027,0
10028,0
10029,0
10030,12
10031,0
10032,9
10033,8
10034,0
10035,0
10036,0
10037,0
10038,0
10039,0
10040,0
10041,0
10042,7
10043,7
10044,6
10045,0
10046,0
10047,0
10048,17
10049,0
10050,0
10051,0
10052,0
10053,0
10054,0
10055,0
10056,0
10057,0
10058,0
10059,6
10060,0
10061,0
10062,0
10063,0
10064,0
10065,0
10066,0
10067,0
10068,0
10069,12
10070,6
10071,0
10072,0
10073,0
10074,10
10075,0
10076,10
10077,0
10078,13
10079,0
10080,0
10081,10
10082,9
10083,0
10084,0
10085,0
10086,0
10087,14
10088,0
10089,0
10090,0
10091,9
10092,0
10093,0
10094,6
10095,0
10096,8
10097,0
10098,0
10099,0
10100,0
10101,11
10102,0
10103,0
10104,0
10105,0
10106,5
10107,12
10108,0
10109,0
10110,0
10111,13
10112,0
10113,0
10114,0
10115,0
10116,14
10117,0
10118,0
10119,5
10120,0
10121,0
10122,0
10123,8
10124,7
10125,10
10126,0
10127,0
10128,6
10129,0
10130,12
10131,10
10132,0
10133,0
10134,13
10135,10
10136,0
10137,15
10138,9
10139,0
10140,0
10141,0
10142,0
10143,12
10144,0
10145,0
10146,0
10147,0
10148,0
10149,0
10150,0
10151,0
10152,0
10153,0
10154,0
10155,17
10156,0
10157,0
10158,0
10159,0
10160,0
10161,17
10162,0
10163,0
10164,5
10165,0
10166,0
10167,9
10168,8
10169,0
10170,0
10171,0
10172,0
10173,0
10174,0
10175,0
10176,0
10177,0
10178,0
10179,7
10180,2
10181,0
10182,0
10183,0
10184,0
10185,0
10186,0
10187,10
10188,10
10189,0
10190,5
10191,0
10192,0
10193,9
10194,0
10195,0
10196,13
10197,0
10198,0
10199,0
10200,0
10201,0
10202,0
10203,0
10204,0
10205,0
10206,0
10207,9
10208,10
10209,0
10210,0
10211,0
10212,0
10213,0
10214,11
10215,0
10216,0
10217,0
10218,6
10219,0
10220,11
10221,0
10222,0
10223,0
10224,11
10225,0
10226,11
10227,0
10228,0
10229,0
10230,0
10231,0
10232,0
10233,0
10234,0
10235,0
10236,7
10237,0
10238,0
10239,0
10240,0
10241,0
10242,0
10243,0
10244,0
10245,6
10246,7
10247,0
10248,0
10249,0
10250,0
10251,0
10252,0
10253,7
10254,0
10255,0
10256,6
10257,10
10258,11
10259,0
10260,0
10261,14
10262,0
10263,0
10264,0
10265,0
10266,0
10267,0
10268,0
10269,0
10270,0
10271,0
10272,11
10273,0
10274,0
10275,0
10276,0
10277,0
10278,0
10279,0
10280,7
10281,0
10282,6
10283,10
10284,0
10285,0
10286,0
10287,8
10288,0
10289,0
10290,10
10291,0
10292,0
10293,8
10294,0
10295,9
10296,10
10297,0
10298,0
10299,4
10300,0
10301,0
10302,8
10303,0
10304,0
10305,0
10306,0
10307,0
10308,0
10309,0
10310,0
10311,7
10312,0
10313,0
10314,0
10315,0
10316,0
10317,0
10318,8
10319,0
10320,0
10321,15
10322,0
10323,0
10324,0
10325,0
10326,0
10327,0
10328,0
10329,0
10330,11
10331,0
10332,0
10333,0
10334,0
10335,0
10336,0
10337,0
10338,0
10339,0
10340,0
10341,0
10342,0
10343,0
10344,0
10345,0
10346,14
10347,0
10348,0
10349,0
10350,0
10351,23
10352,0
10353,0
10354,0
10355,0
10356,0
10357,0
10358,0
10359,0
10360,0
10361,0
10362,0
10363,0
10364,0
10365,0
10366,0
10367,0
10368,0
10369,0
10370,0
10371,0
10372,0
10373,0
10374,0
10375,0
10376,16
10377,25
10378,10
10379,0
10380,0
10381,0
10382,14
10383,0
10384,0
10385,0
10386,0
10387,0
10388,0
10389,0
10390,0
10391,0
10392,0
10393,0
10394,0
10395,18
10396,0
10397,0
10398,0
10399,0
10400,0
10401,0
10402,0
10403,0
10404,0
10405,0
10406,0
10407,0
10408,0
10409,0
10410,0
10411,0
10412,0
10413,11
10414,0
10415,0
10416,0
10417,0
10418,0
10419,0
10420,0
10421,20
10422,0
10423,0
10424,0
10425,0
10426,0
10427,0
10428,0
10429,0
10430,0
10431,0
10432,14
10433,0
10434,0
10435,0
10436,0
10437,0
10438,15
10439,15
10440,2
10441,0
10442,0
10443,0
10444,0
10445,5
10446,0
10447,10
10448,0
10449,8
10450,0
10451,0
10452,0
10453,0
10454,0
10455,0
10456,4
10457,0
10458,0
10459,10
10460,0
10461,0
10462,0
10463,8
10464,0
10465,9
10466,0
10467,0
10468,9
10469,0
10470,9
10471,0
10472,0
10473,0
10474,0
10475,0
10476,9
10477,0
10478,5
10479,0
10480,18
10481,0
10482,0
10483,0
10484,0
10485,0
10486,9
10487,0
10488,0
10489,0
10490,0
10491,0
10492,0
10493,0
10494,0
10495,0
10496,0
10497,0
10498,10
10499,0
10500,0
10501,0
10502,0
10503,0
10504,0
10505,0
10506,0
10507,8
10508,0
10509,0
10510,0
10511,0
10512,0
10513,11
10514,3
10515,0
10516,8
10517,0
10518,10
10519,0
10520,0
10521,0
10522,0
10523,9
10524,0
10525,0
10526,0
10527,0
10528,2
10529,0
10530,7
10531,11
10532,0
10533,0
10534,0
10535,12
10536,11
10537,0
10538,5
10539,0
10540,0
10541,9
10542,0
10543,0
10544,0
10545,0
10546,0
10547,0
10548,7
10549,0
10550,0
10551,0
10552,5
10553,7
10554,0
10555,0
10556,7
10557,3
10558,11
10559,0
10560,0
10561,0
10562,0
10563,0
10564,0
10565,0
10566,0
10567,9
10568,0
10569,9
10570,0
10571,0
10572,0
10573,0
10574,0
10575,0
10576,0
10577,0
10578,4
10579,0
10580,0
10581,4
10582,6
10583,5
10584,7
10585,0
10586,5
10587,0
10588,0
10589,0
10590,7
10591,0
10592,0
10593,6
10594,0
10595,0
10596,0
10597,0
10598,0
10599,0
10600,0
10601,0
10602,0
10603,0
10604,0
10605,0
10606,0
10607,7
10608,0
10609,9
10610,0
10611,8
10612,0
10613,0
10614,0
10615,0
10616,0
10617,0
10618,0
10619,0
10620,0
10621,0
10622,13
10623,0
10624,0
10625,10
10626,0
10627,0
10628,7
10629,0
10630,0
10631,0
10632,6
10633,0
10634,0
10635,0
10636,7
10637,0
10638,6
10639,0
10640,0
10641,0
10642,0
10643,0
10644,0
10645,0
10646,0
10647,0
10648,5
10649,0
10650,10
10651,0
10652,0
10653,0
10654,0
10655,7
10656,0
10657,0
10658,0
10659,5
10660,0
10661,0
10662,0
10663,0
10664,0
10665,0
10666,0
10667,0
10668,0
10669,7
10670,0
10671,0
10672,0
10673,0
10674,0
10675,0
10676,0
10677,0
10678,0
10679,0
10680,11
10681,0
10682,0
10683,0
10684,6
10685,0
10686,0
10687,11
10688,0
10689,0
10690,0
10691,0
10692,10
10693,6
10694,2
10695,0
10696,9
10697,0
10698,5
10699,6
10700,5
10701,9
10702,0
10703,0
10704,2
10705,9
10706,9
10707,5
10708,0
10709,0
10710,0
10711,8
10712,0
10713,0
10714,9
10715,0
10716,8
10717,0
10718,6
10719,0
10720,0
10721,7
10722,0
10723,0
10724,5
10725,0
10726,0
10727,0
10728,0
10729,2
10730,0
10731,0
10732,0
10733,0
10734,0
10735,0
10736,0
10737,0
10738,0
10739,7
10740,0
10741,0
10742,0
10743,0
10744,9
10745,8
10746,0
10747,0
10748,5
10749,7
10750,4
10751,0
10752,0
10753,0
10754,0
10755,0
10756,0
10757,0
10758,0
10759,0
10760,3
10761,0
10762,0
10763,0
10764,7
10765,0
10766,0
10767,0
10768,0
10769,0
10770,0
10771,3
10772,0
10773,0
10774,0
10775,0
10776,0
10777,0
10778,11
10779,4
10780,4
10781,0
10782,9
10783,4
10784,0
10785,10
10786,1
10787,0
10788,0
10789,0
10790,6
10791,0
10792,0
10793,13
10794,3
10795,4
10796,0
10797,0
10798,0
10799,6
10800,0
10801,0
10802,0
10803,0
10804,8
10805,0
10806,0
10807,10
10808,5
10809,0
10810,0
10811,10
10812,6
10813,0
10814,0
10815,0
10816,0
10817,9
10818,6
10819,0
10820,5
10821,0
10822,0
10823,0
10824,0
10825,0
10826,7
10827,7
10828,0
10829,9
10830,4
10831,6
10832,0
10833,0
10834,0
10835,0
10836,0
10837,0
10838,0
10839,0
10840,6
10841,0
10842,8
10843,6
10844,0
10845,0
10846,0
10847,0
10848,0
10849,10
10850,0
10851,2
10852,0
10853,0
10854,0
10855,0
10856,0
10857,9
10858,0
10859,5
10860,0
10861,0
10862,9
10863,6
10864,0
10865,0
10866,0
10867,0
10868,0
10869,0
10870,0
10871,0
10872,4
10873,0
10874,0
10875,0
10876,0
10877,0
10878,0
10879,0
10880,5
10881,0
10882,0
10883,0
10884,0
10885,0
10886,4
10887,9
10888,0
10889,0
10890,0
10891,0
10892,2
10893,0
10894,0
10895,8
10896,1
10897,3
10898,9
10899,0
10900,0
10901,0
10902,0
10903,0
10904,11
10905,0
10906,0
10907,0
10908,0
10909,0
10910,0
10911,0
10912,0
10913,3
10914,0
10915,0
10916,0
10917,4
10918,0
10919,4
10920,0
10921,0
10922,0
10923,0
10924,0
10925,0
10926,7
10927,0
10928,3
10929,0
10930,0
10931,0
10932,0
10933,0
10934,0
10935,0
10936,0
10937,0
10938,6
10939,0
10940,0
10941,0
10942,0
10943,0
10944,0
10945,8
10946,6
10947,0
10948,9
10949,0
10950,0
10951,0
10952,11
10953,0
10954,7
10955,4
10956,0
10957,0
10958,0
10959,0
10960,0
10961,0
10962,0
10963,0
10964,0
10965,7
10966,3
10967,0
10968,7
10969,0
10970,0
10971,0
10972,0
10973,0
10974,0
10975,0
10976,0
10977,0
10978,0
10979,0
10980,0
10981,0
10982,0
10983,0
10984,0
10985,0
10986,0
10987,3
10988,0
10989,0
10990,13
10991,6
10992,0
10993,0
10994,0
10995,0
10996,9
10997,7
10998,4
10999,0
11000,0
11001,0
11002,0
11003,0
11004,0
11005,10
11006,0
11007,0
11008,0
11009,6
11010,0
11011,0
11012,0
11013,5
11014,0
11015,0
11016,0
11017,8
11018,7
11019,5
11020,0
11021,8
11022,0
11023,0
11024,0
11025,0
11026,0
11027,0
11028,0
11029,7
11030,8
11031,0
11032,0
11033,0
11034,0
11035,0
11036,0
11037,0
11038,0
11039,0
11040,0
11041,0
11042,0
11043,0
11044,0
11045,0
11046,0
11047,0
11048,0
11049,0
11050,6
11051,0
11052,5
11053,0
11054,0
11055,0
11056,11
11057,8
11058,0
11059,0
11060,0
11061,0
11062,0
11063,0
11064,0
11065,0
11066,6
11067,0
11068,4
11069,0
11070,0
11071,0
11072,0
11073,5
11074,10
11075,0
11076,0
11077,0
11078,0
11079,6
11080,0
11081,0
11082,0
11083,6
11084,8
11085,0
11086,0
11087,8
11088,6
11089,0
11090,0
11091,0
11092,8
11093,1
11094,0
11095,0
11096,6
11097,0
11098,0
11099,0
11100,0
11101,0
11102,0
11103,0
11104,7
11105,0
11106,5
11107,0
11108,7
11109,4
11110,0
11111,0
11112,0
11113,0
11114,0
11115,0
11116,0
11117,0
11118,4
11119,0
11120,11
11121,4
11122,0
11123,7
11124,0
11125,2
11126,0
11127,0
11128,0
11129,0
11130,0
11131,6
11132,0
11133,0
11134,0
11135,0
11136,5
11137,0
11138,6
11139,7
11140,0
11141,2
11142,0
11143,0
11144,8
11145,0
11146,0
11147,7
11148,0
11149,0
11150,0
11151,0
11152,9
11153,0
11154,0
11155,0
11156,0
11157,0
11158,0
11159,0
11160,13
11161,0
11162,0
11163,0
11164,5
11165,0
11166,0
11167,0
11168,0
11169,7
11170,8
11171,0
11172,8
11173,5
11174,0
11175,0
11176,0
11177,0
11178,0
11179,0
11180,0
11181,0
11182,7
11183,0
11184,0
11185,0
11186,0
11187,7
11188,10
11189,0
11190,0
11191,0
11192,0
11193,0
11194,0
11195,0
11196,0
11197,0
11198,0
11199,3
11200,0
11201,10
11202,5
11203,0
11204,8
11205,0
11206,0
11207,0
11208,0
11209,0
11210,0
11211,9
11212,5
11213,6
11214,0
11215,0
11216,0
11217,0
11218,0
11219,3
11220,0
11221,5
11222,8
11223,7
11224,0
11225,0
11226,6
11227,0
11228,0
11229,0
11230,0
11231,5
11232,0
11233,0
11234,0
11235,0
11236,0
11237,0
11238,0
11239,0
11240,7
11241,0
11242,9
11243,9
11244,0
11245,0
11246,0
11247,7
11248,0
11249,0
11250,7
11251,0
11252,0
11253,0
11254,0
11255,0
11256,11
11257,6
11258,6
11259,0
11260,0
11261,0
11262,0
11263,0
11264,7
11265,0
11266,0
11267,0
11268,0
11269,0
11270,4
11271,0
11272,4
11273,0
11274,0
11275,0
11276,0
11277,0
11278,7
11279,4
11280,0
11281,0
11282,10
11283,0
11284,0
11285,0
11286,0
11287,1
11288,0
11289,0
11290,0
11291,9
11292,0
11293,0
11294,0
11295,10
11296,0
11297,0
11298,0
11299,0
11300,2
11301,0
11302,0
11303,0
11304,0
11305,5
11306,0
11307,0
11308,0
11309,0
11310,0
11311,0
11312,0
11313,0
11314,0
11315,0
11316,6
11317,0
11318,0
11319,0
11320,0
11321,0
11322,0
11323,0
11324,0
11325,0
11326,0
11327,0
11328,0
11329,0
11330,0
11331,0
11332,0
11333,0
11334,6
11335,6
11336,0
11337,4
11338,0
11339,0
11340,3
11341,0
11342,0
11343,0
11344,8
11345,0
11346,0
11347,0
11348,0
11349,0
11350,7
11351,5
11352,0
11353,0
11354,0
11355,0
11356,0
11357,7
11358,4
11359,6
11360,0
11361,4
11362,0
11363,0
11364,0
11365,5
11366,0
11367,10
11368,0
11369,0
11370,0
11371,0
11372,0
11373,0
11374,0
11375,5
11376,0
11377,0
11378,0
11379,10
11380,6
11381,0
11382,0
11383,0
11384,6
11385,0
11386,0
11387,0
11388,8
11389,0
11390,0
11391,0
11392,6
11393,0
11394,0
11395,0
11396,0
11397,2
11398,1
11399,0
11400,0
11401,0
11402,0
11403,9
11404,6
11405,0
11406,0
11407,4
11408,0
11409,0
11410,0
11411,0
11412,0
11413,7
11414,0
11415,0
11416,0
11417,0
11418,8
11419,0
11420,0
11421,0
11422,0
11423,0
11424,0
11425,0
11426,6
11427,0
11428,0
11429,0
11430,0
11431,0
11432,2
11433,0
11434,0
11435,7
11436,0
11437,6
11438,0
11439,0
11440,4
11441,0
11442,0
11443,0
11444,0
11445,0
11446,0
11447,0
11448,0
11449,4
11450,0
11451,14
11452,6
11453,0
11454,0
11455,0
11456,0
11457,7
11458,0
11459,7
11460,0
11461,0
11462,0
11463,0
11464,6
11465,0
11466,13
11467,0
11468,0
11469,0
11470,0
11471,3
11472,0
11473,0
11474,7
11475,0
11476,4
11477,0
11478,0
11479,0
11480,0
11481,3
11482,0
11483,0
11484,3
11485,0
11486,0
11487,0
11488,0
11489,0
11490,8
11491,0
11492,0
11493,0
11494,0
11495,0
11496,0
11497,0
11498,0
11499,0
11500,0
11501,0
11502,0
11503,0
11504,0
11505,0
11506,0
11507,0
11508,0
11509,0
11510,0
11511,9
11512,0
11513,0
11514,0
11515,7
11516,7
11517,4
11518,0
11519,0
11520,0
11521,0
11522,0
11523,8
11524,8
11525,0
11526,0
11527,0
11528,10
11529,0
11530,0
11531,13
11532,0
11533,0
11534,0
11535,0
11536,4
11537,4
11538,3
11539,0
11540,0
11541,7
11542,0
11543,0
11544,0
11545,0
11546,0
11547,0
11548,0
11549,0
11550,5
11551,6
11552,0
11553,0
11554,0
11555,9
11556,5
11557,0
11558,0
11559,0
11560,0
11561,0
11562,8
11563,0
11564,0
11565,0
11566,0
11567,0
11568,0
11569,0
11570,0
11571,0
11572,11
11573,8
11574,0
11575,0
11576,0
11577,0
11578,0
11579,0
11580,0
11581,0
11582,0
11583,0
11584,4
11585,5
11586,0
11587,0
11588,0
11589,0
11590,0
11591,0
11592,8
11593,0
11594,6
11595,0
11596,11
11597,0
11598,0
11599,0
11600,0
11601,0
11602,5
11603,0
11604,0
11605,0
11606,0
11607,0
11608,0
11609,0
11610,7
11611,0
11612,0
11613,0
11614,7
11615,0
11616,0
11617,0
11618,0
11619,7
11620,0
11621,0
11622,0
11623,0
11624,0
11625,0
11626,0
11627,0
11628,0
11629,0
11630,0
11631,0
11632,0
11633,0
11634,0
11635,0
11636,0
11637,0
11638,0
11639,0
11640,0
11641,0
11642,0
11643,0
11644,0
11645,0
11646,0
11647,12
11648,0
11649,0
11650,0
11651,0
11652,0
11653,0
11654,0
11655,0
11656,0
11657,0
11658,0
11659,0
11660,0
11661,0
11662,0
11663,0
11664,0
11665,0
11666,0
11667,0
11668,0
11669,0
11670,0
11671,0
11672,0
11673,0
11674,14
11675,23
11676,0
11677,0
11678,0
11679,0
11680,0
11681,0
11682,4
11683,0
11684,8
11685,0
11686,0
11687,0
11688,0
11689,0
11690,0
11691,0
11692,0
11693,0
11694,0
11695,0
11696,0
11697,0
11698,0
11699,0
11700,0
11701,0
11702,0
11703,0
11704,0
11705,0
11706,0
11707,0
11708,0
11709,0
11710,0
11711,0
11712,0
11713,0
11714,0
11715,0
11716,0
11717,9
11718,0
11719,0
11720,0
11721,0
11722,0
11723,0
11724,0
11725,0
11726,13
11727,0
11728,0
11729,0
11730,0
11731,0
11732,0
11733,0
11734,0
11735,10
11736,0
11737,0
11738,0
11739,0
11740,0
11741,0
11742,0
11743,0
11744,0
11745,0
11746,15
11747,12
11748,0
11749,0
11750,0
11751,0
11752,0
11753,0
11754,0
11755,0
11756,0
11757,0
11758,0
11759,0
11760,0
11761,0
11762,0
11763,0
11764,0
11765,0
11766,0
11767,0
11768,11
11769,0
11770,0
11771,0
11772,0
11773,0
11774,0
11775,0
11776,17
11777,0
11778,0
11779,0
11780,0
11781,0
11782,0
11783,0
11784,0
11785,0
11786,0
11787,0
11788,0
11789,0
11790,0
11791,0
11792,0
11793,0
11794,0
11795,0
11796,0
11797,5
11798,0
11799,0
11800,0
11801,0
11802,0
11803,0
11804,0
11805,0
11806,0
11807,0
11808,0
11809,0
11810,0
11811,0
11812,0
11813,0
11814,0
11815,0
11816,0
11817,0
11818,0
11819,0
11820,0
11821,0
11822,0
11823,0
11824,0
11825,19
11826,0
11827,0
11828,0
11829,0
11830,0
11831,0
11832,15
11833,18
11834,0
11835,0
11836,0
11837,0
11838,0
11839,0
11840,0
11841,0
11842,0
11843,0
11844,0
11845,0
11846,0
11847,0
11848,0
11849,0
11850,0
11851,0
11852,0
11853,0
11854,0
11855,0
11856,0
11857,0
11858,0
11859,0
11860,0
11861,0
11862,0
11863,0
11864,0
11865,0
11866,0
11867,0
11868,0
11869,0
11870,0
11871,0
11872,0
11873,0
11874,0
11875,13
11876,0
11877,0
11878,0
11879,0
11880,0
11881,0
11882,0
11883,0
11884,0
11885,0
11886,0
11887,0
11888,0
11889,0
11890,0
11891,0
11892,0
11893,0
11894,0
11895,0
11896,0
11897,0
11898,13
11899,0
11900,0
11901,0
11902,0
11903,0
11904,0
11905,0
11906,0
11907,0
11908,0
11909,0
11910,13
11911,0
11912,0
11913,0
11914,0
11915,0
11916,0
11917,0
11918,0
11919,0
11920,0
11921,0
11922,0
11923,0
11924,0
11925,0
11926,0
11927,0
11928,30
11929,0
11930,0
11931,14
11932,20
11933,0
11934,0
11935,0
11936,0
11937,0
11938,0
11939,0
11940,0
11941,0
11942,0
11943,0
11944,0
11945,0
11946,0
11947,0
11948,0
11949,0
11950,0
11951,0
11952,0
11953,32
11954,0
11955,0
11956,0
11957,23
11958,0
11959,13
11960,0
11961,0
11962,0
11963,0
11964,30
11965,0
11966,0
11967,0
11968,0
11969,0
11970,0
11971,0
11972,0
11973,0
11974,18
11975,0
11976,0
11977,0
11978,0
11979,0
11980,23
11981,0
11982,31
11983,19
11984,0
11985,37
11986,0
11987,0
11988,0
11989,0
11990,0
11991,0
11992,0
11993,0
11994,0
11995,0
11996,0
11997,0
11998,0
11999,0
12000,0
12001,0
12002,0
12003,0
12004,0
12005,0
12006,0
12007,0
12008,0
12009,0
12010,0
12011,31
12012,21
12013,23
12014,0
12015,24
12016,0
12017,13
12018,0
12019,0
12020,0
12021,0
12022,0
12023,0
12024,0
12025,22
12026,0
12027,0
12028,0
12029,0
12030,0
12031,0
12032,0
12033,28
12034,0
12035,0
12036,30
12037,0
12038,0
12039,0
12040,0
12041,0
12042,0
12043,22
12044,17
12045,0
12046,0
12047,0
12048,0
12049,13
12050,0
12051,0
12052,0
12053,0
12054,0
12055,0
12056,0
12057,0
12058,0
12059,0
12060,0
12061,0
12062,0
12063,0
12064,0
12065,0
12066,0
12067,21
12068,0
12069,0
12070,0
12071,0
12072,0
12073,0
12074,0
12075,0
12076,0
12077,28
12078,0
12079,0
12080,23
12081,0
12082,0
12083,0
12084,0
12085,0
12086,19
12087,0
12088,0
12089,0
12090,0
12091,0
12092,0
12093,0
12094,0
12095,0
12096,0
12097,0
12098,0
12099,0
12100,0
12101,0
12102,0
12103,0
12104,0
12105,0
12106,0
12107,0
12108,0
12109,0
12110,0
12111,0
12112,0
12113,0
12114,0
12115,0
12116,0
12117,0
12118,0
12119,0
12120,0
12121,0
12122,0
12123,0
12124,0
12125,0
12126,0
12127,0
12128,0
12129,0
12130,0
12131,0
12132,0
12133,0
12134,0
12135,0
12136,0
12137,0
12138,0
12139,0
12140,0
12141,0
12142,0
12143,0
12144,0
12145,0
12146,0
12147,0
12148,0
12149,0
12150,0
12151,0
12152,0
12153,0
12154,0
12155,0
12156,0
12157,0
12158,0
12159,0
12160,0
12161,0
12162,0
12163,0
12164,0
12165,0
12166,0
12167,0
12168,0
12169,0
12170,0
12171,0
12172,0
12173,0
12174,0
12175,0
12176,0
12177,0
12178,0
12179,0
12180,0
12181,0
12182,0
12183,0
12184,0
12185,0
12186,0
12187,0
12188,0
12189,0
12190,0
12191,0
12192,0
12193,0
12194,0
12195,0
12196,0
12197,0
12198,0
12199,0
12200,0
12201,0
12202,0
12203,0
12204,0
12205,0
12206,0
12207,0
12208,1
12209,0
12210,0
12211,0
12212,0
12213,0
12214,0
12215,0
12216,0
12217,0
12218,0
12219,0
12220,0
12221,0
12222,0
12223,0
12224,0
12225,0
12226,0
12227,0
12228,0
12229,0
12230,0
12231,0
12232,0
12233,0
12234,0
12235,0
12236,0
12237,0
12238,0
12239,0
12240,0
12241,0
12242,0
12243,0
12244,0
12245,0
12246,0
12247,0
12248,0
12249,0
12250,0
12251,0
12252,0
12253,0
12254,0
12255,0
12256,0
12257,0
12258,0
12259,0
12260,0
12261,0
12262,0
12263,0
12264,0
12265,0
12266,0
12267,0
12268,0
12269,0
12270,0
12271,0
12272,0
12273,0
12274,0
12275,0
12276,0
12277,0
12278,0
12279,0
12280,0
12281,0
12282,0
12283,0
12284,0
12285,0
12286,0
12287,0
12288,0
12289,0
12290,0
12291,0
12292,0
12293,0
12294,0
12295,0
12296,0
12297,0
12298,0
12299,0
12300,0
12301,0
12302,0
12303,0
12304,0
12305,0
12306,0
12307,0
12308,0
12309,0
12310,0
12311,0
12312,0
12313,0
12314,0
12315,1
12316,0
12317,0
12318,0
12319,1
12320,0
12321,0
12322,0
12323,0
12324,0
12325,0
12326,0
12327,0
12328,0
12329,0
12330,0
12331,0
12332,0
12333,0
12334,0
12335,0
12336,0
12337,0
12338,0
12339,0
12340,0
12341,0
12342,0
12343,0
12344,0
12345,0
12346,0
12347,0
12348,0
12349,0
12350,0
12351,0
12352,0
12353,0
12354,0
12355,0
12356,0
12357,0
12358,0
12359,0
12360,0
12361,0
12362,0
12363,0
12364,0
12365,0
12366,0
12367,0
12368,0
12369,0
12370,0
12371,0
12372,0
12373,0
12374,0
12375,0
12376,0
12377,0
12378,0
12379,0
12380,0
12381,0
12382,0
12383,0
12384,0
12385,0
12386,0
12387,0
12388,0
12389,0
12390,0
12391,0
12392,0
12393,0
12394,0
12395,0
12396,0
12397,0
12398,0
12399,0
12400,0
12401,0
12402,0
12403,0
12404,0
12405,0
12406,0
12407,0
12408,0
12409,0
12410,0
12411,0
12412,0
12413,0
12414,0
12415,0
12416,0
12417,0
12418,0
12419,0
12420,0
12421,0
12422,0
12423,0
12424,0
12425,0
12426,0
12427,0
12428,0
12429,0
12430,0
12431,0
12432,0
12433,0
12434,0
12435,0
12436,0
12437,0
12438,0
12439,0
12440,0
12441,0
12442,0
12443,0
12444,0
12445,0
12446,1
12447,0
12448,0
12449,0
12450,0
12451,0
12452,0
12453,0
12454,0
12455,0
12456,0
12457,0
12458,0
12459,0
12460,0
12461,0
12462,0
12463,0
12464,0
12465,0
12466,0
12467,0
12468,0
12469,0
12470,0
12471,0
12472,0
12473,0
12474,0
12475,0
12476,0
12477,0
12478,0
12479,0
12480,0
12481,0
12482,0
12483,0
12484,0
12485,0
12486,0
12487,0
12488,0
12489,0
12490,0
12491,0
12492,0
12493,0
12494,0
12495,0
12496,0
12497,0
12498,0
12499,0
12500,0
12501,0
12502,0
12503,0
12504,0
12505,0
12506,1
12507,0
12508,0
12509,0
12510,0
12511,0
12512,0
12513,0
12514,0
12515,0
12516,0
12517,0
12518,0
12519,0
12520,0
12521,0
12522,0
12523,0
12524,0
12525,0
12526,0
12527,0
12528,0
12529,0
12530,0
12531,0
12532,0
12533,0
12534,0
12535,0
12536,0
12537,0
12538,0
12539,0
12540,0
12541,0
12542,0
12543,0
12544,0
12545,0
12546,0
12547,0
12548,0
12549,0
12550,0
12551,0
12552,0
12553,0
12554,0
12555,0
12556,0
12557,0
12558,0
12559,0
12560,0
12561,0
12562,0
12563,0
12564,0
12565,0
12566,0
12567,0
12568,0
12569,0
12570,0
12571,0
12572,0
12573,0
12574,0
12575,0
12576,0
12577,0
12578,0
12579,0
12580,0
12581,0
12582,0
12583,0
12584,0
12585,0
12586,0
12587,0
12588,0
12589,0
12590,0
12591,0
12592,0
12593,0
12594,0
12595,0
12596,0
12597,0
12598,0
12599,0
12600,0
12601,0
12602,0
12603,0
12604,0
12605,0
12606,0
12607,0
12608,0
12609,0
12610,0
12611,0
12612,0
12613,0
12614,0
12615,0
12616,0
12617,0
12618,0
12619,0
12620,0
12621,0
12622,0
12623,0
12624,0
12625,0
12626,0
12627,0
12628,0
12629,0
12630,0
12631,0
12632,0
12633,0
12634,0
12635,0
12636,0
12637,0
12638,0
12639,0
12640,0
12641,0
12642,0
12643,0
12644,0
12645,0
12646,0
12647,0
12648,0
12649,0
12650,0
12651,0
12652,0
12653,0
12654,0
12655,0
12656,0
12657,0
12658,0
12659,0
12660,0
12661,0
12662,0
12663,0
12664,0
12665,0
12666,0
12667,0
12668,0
12669,0
12670,0
12671,0
12672,0
12673,0
12674,0
12675,0
12676,0
12677,0
12678,0
12679,0
12680,0
12681,0
12682,0
12683,0
12684,0
12685,0
12686,0
12687,0
12688,0
12689,0
12690,0
12691,0
12692,0
12693,0
12694,0
12695,0
12696,0
12697,0
12698,0
12699,0
12700,0
12701,0
12702,0
12703,0
12704,0
12705,0
12706,0
12707,0
12708,0
12709,0
12710,0
12711,0
12712,0
12713,0
12714,0
12715,0
12716,0
12717,0
12718,0
12719,0
12720,0
12721,0
12722,0
12723,0
12724,0
12725,0
12726,0
12727,0
12728,0
12729,0
12730,0
12731,0
12732,0
12733,0
12734,0
12735,0
12736,0
12737,0
12738,0
12739,0
12740,0
12741,0
12742,0
12743,0
12744,0
12745,0
12746,0
12747,0
12748,0
12749,0
12750,0
12751,0
12752,0
12753,0
12754,0
12755,0
12756,0
12757,0
12758,0
12759,0
12760,0
12761,0
12762,0
12763,0
12764,0
12765,0
12766,0
12767,0
12768,0
12769,0
12770,0
12771,0
12772,0
12773,0
12774,0
12775,1
12776,0
12777,0
12778,0
12779,0
12780,0
12781,0
12782,0
12783,0
12784,0
12785,0
12786,0
12787,0
12788,0
12789,0
12790,0
12791,0
12792,0
12793,0
12794,0
12795,0
12796,0
12797,0
12798,0
12799,0
12800,0
12801,0
12802,0
12803,0
12804,0
12805,0
12806,0
12807,0
12808,0
12809,0
12810,0
12811,0
12812,0
12813,0
12814,0
12815,0
12816,0
12817,0
12818,0
12819,0
12820,0
12821,0
12822,0
12823,0
12824,0
12825,0
12826,0
12827,0
12828,0
12829,0
12830,0
12831,0
12832,0
12833,0
12834,0
12835,1
12836,0
12837,0
12838,0
12839,0
12840,0
12841,0
12842,0
12843,0
12844,0
12845,1
12846,0
12847,0
12848,0
12849,0
12850,0
12851,0
12852,30
12853,25
12854,0
12855,0
12856,32
12857,0
12858,0
12859,0
12860,0
12861,0
12862,0
12863,0
12864,0
12865,0
12866,0
12867,0
12868,0
12869,0
12870,49
12871,0
12872,29
12873,0
12874,0
12875,0
12876,13
12877,25
12878,0
12879,0
12880,0
12881,0
12882,0
12883,33
12884,0
12885,37
12886,0
12887,0
12888,0
12889,36
12890,29
12891,38
12892,37
12893,0
12894,0
12895,0
12896,0
12897,0
12898,0
12899,0
12900,0
12901,0
12902,0
12903,0
12904,0
12905,0
12906,0
12907,0
12908,0
12909,18
12910,0
12911,0
12912,0
12913,30
12914,0
12915,0
12916,0
12917,28
12918,0
12919,0
12920,0
12921,0
12922,0
12923,0
12924,0
12925,45
12926,22
12927,0
12928,0
12929,0
12930,0
12931,0
12932,0
12933,0
12934,34
12935,0
12936,0
12937,32
12938,20
12939,0
12940,39
12941,0
12942,38
12943,0
12944,0
12945,0
12946,0
12947,0
12948,0
12949,33
12950,0
12951,28
12952,29
12953,0
12954,0
12955,0
12956,0
12957,0
12958,0
12959,30
12960,43
12961,0
12962,0
12963,0
12964,0
12965,0
12966,0
12967,0
12968,43
12969,0
12970,0
12971,0
12972,0
12973,21
12974,42
12975,0
12976,46
12977,26
12978,0
12979,0
12980,0
12981,49
12982,44
12983,0
12984,29
12985,0
12986,0
12987,0
12988,0
12989,0
12990,33
12991,37
12992,43
12993,33
12994,0
12995,0
12996,19
12997,0
12998,0
12999,0
13000,34
13001,28
13002,0
13003,0
13004,33
13005,30
13006,0
13007,40
13008,0
13009,0
13010,0
13011,0
13012,26
13013,0
13014,28
13015,0
13016,36
13017,43
13018,0
13019,0
13020,0
13021,0
13022,0
13023,0
13024,34
13025,0
13026,34
13027,25
13028,0
13029,0
13030,0
13031,0
13032,0
13033,0
13034,41
13035,0
13036,0
13037,0
13038,0
13039,31
13040,0
13041,0
13042,0
13043,0
13044,0
13045,0
13046,0
13047,0
13048,0
13049,0
13050,37
13051,0
13052,0
13053,0
13054,38
13055,0
13056,0
13057,26
13058,0
13059,0
13060,0
13061,31
13062,27
13063,0
13064,28
13065,0
13066,0
13067,0
13068,40
13069,37
13070,0
13071,0
13072,0
13073,0
13074,0
13075,0
13076,0
13077,0
13078,0
13079,0
13080,25
13081,39
13082,0
13083,41
13084,0
13085,0
13086,0
13087,0
13088,0
13089,0
13090,37
13091,39
13092,0
13093,0
13094,0
13095,33
13096,0
13097,0
13098,0
13099,27
13100,0
13101,0
13102,0
13103,0
13104,0
13105,18
13106,27
13107,0
13108,0
13109,0
13110,0
13111,0
13112,0
13113,0
13114,0
13115,0
13116,37
13117,0
13118,30
13119,41
13120,34
13121,0
13122,0
13123,28
13124,35
13125,0
13126,0
13127,38
13128,0
13129,0
13130,0
13131,0
13132,0
13133,0
13134,36
13135,0
13136,0
13137,0
13138,0
13139,0
13140,0
13141,0
13142,0
13143,0
13144,25
13145,42
13146,0
13147,0
13148,0
13149,0
13150,0
13151,37
13152,0
13153,0
13154,0
13155,30
13156,0
13157,23
13158,31
13159,0
13160,0
13161,0
13162,0
13163,0
13164,0
13165,0
13166,0
13167,0
13168,0
13169,0
13170,0
13171,42
13172,0
13173,0
13174,0
13175,0
13176,0
13177,0
13178,0
13179,0
13180,0
13181,26
13182,0
13183,0
13184,26
13185,37
13186,45
13187,0
13188,0
13189,0
13190,0
13191,0
13192,0
13193,0
13194,0
13195,0
13196,0
13197,0
13198,42
13199,0
13200,0
13201,0
13202,0
13203,0
13204,0
13205,0
13206,0
13207,0
13208,32
13209,22
13210,19
13211,32
13212,0
13213,0
13214,0
13215,0
13216,24
13217,0
13218,0
13219,0
13220,0
13221,0
13222,0
13223,0
13224,0
13225,0
13226,0
13227,0
13228,0
13229,0
13230,0
13231,35
13232,0
13233,0
13234,32
13235,20
13236,0
13237,0
13238,32
13239,0
13240,0
13241,42
13242,40
13243,0
13244,38
13245,0
13246,0
13247,0
13248,38
13249,38
13250,0
13251,30
13252,0
13253,20
13254,0
13255,38
13256,0
13257,0
13258,0
13259,0
13260,0
13261,0
13262,0
13263,37
13264,0
13265,0
13266,0
13267,0
13268,48
13269,39
13270,35
13271,0
13272,0
13273,0
13274,0
13275,0
13276,0
13277,0
13278,0
13279,0
13280,0
13281,0
13282,0
13283,39
13284,0
13285,0
13286,0
13287,0
13288,46
13289,0
13290,0
13291,0
13292,0
13293,0
13294,41
13295,0
13296,0
13297,0
13298,0
13299,0
13300,0
13301,0
13302,0
13303,0
13304,0
13305,0
13306,0
13307,46
13308,0
13309,0
13310,0
13311,0
13312,0
13313,0
13314,0
13315,0
13316,0
13317,0
13318,0
13319,0
13320,32
13321,0
13322,30
13323,0
13324,0
13325,0
13326,0
13327,23
13328,0
13329,0
13330,0
13331,0
13332,0
13333,35
13334,0
13335,23
13336,0
13337,36
13338,0
13339,0
13340,0
13341,0
13342,0
13343,0
13344,26
13345,23
13346,0
13347,0
13348,40
13349,0
13350,26
13351,0
13352,0
13353,0
13354,0
13355,25
13356,0
13357,0
13358,0
13359,0
13360,0
13361,0
13362,0
13363,0
13364,0
13365,0
13366,0
13367,0
13368,31
13369,0
13370,0
13371,0
13372,0
13373,0
13374,0
13375,55
13376,40
13377,43
13378,38
13379,0
13380,35
13381,0
13382,0
13383,41
13384,0
13385,0
13386,36
13387,0
13388,33
13389,0
13390,0
13391,20
13392,0
13393,51
13394,0
13395,0
13396,30
13397,31
13398,23
13399,0
13400,0
13401,0
13402,0
13403,0
13404,0
13405,0
13406,0
13407,0
13408,0
13409,0
13410,0
13411,0
13412,0
13413,0
13414,0
13415,0
13416,0
13417,0
13418,0
13419,46
13420,0
13421,0
13422,0
13423,0
13424,0
13425,47
13426,0
13427,0
13428,35
13429,36
13430,0
13431,0
13432,0
13433,0
13434,0
13435,0
13436,0
13437,0
13438,0
13439,0
13440,41
13441,0
13442,29
13443,43
13444,0
13445,0
13446,0
13447,49
13448,34
13449,29
13450,0
13451,0
13452,0
13453,0
13454,39
13455,37
13456,0
13457,0
13458,0
13459,32
13460,0
13461,0
13462,35
13463,0
13464,30
13465,28
13466,29
13467,0
13468,34
13469,37
13470,0
13471,0
13472,0
13473,0
13474,0
13475,30
13476,0
13477,0
13478,0
13479,0
13480,0
13481,0
13482,0
13483,0
13484,0
13485,28
13486,26
13487,29
13488,0
13489,49
13490,0
13491,41
13492,45
13493,39
13494,0
13495,36
13496,0
13497,0
13498,0
13499,0
13500,0
13501,0
13502,0
13503,35
13504,34
13505,0
13506,0
13507,0
13508,38
13509,0
13510,0
13511,45
13512,0
13513,0
13514,0
13515,0
13516,0
13517,0
13518,0
13519,0
13520,0
13521,0
13522,0
13523,0
13524,24
13525,0
13526,0
13527,0
13528,0
13529,0
13530,34
13531,37
13532,0
13533,0
13534,37
13535,0
13536,0
13537,0
13538,0
13539,42
13540,0
13541,0
13542,0
13543,28
13544,0
13545,0
13546,0
13547,0
13548,0
13549,0
13550,25
13551,0
13552,0
13553,0
13554,0
13555,28
13556,0
13557,0
13558,0
13559,0
13560,0
13561,46
13562,0
13563,0
13564,0
13565,24
13566,0
13567,0
13568,0
13569,32
13570,36
13571,0
13572,28
13573,0
13574,0
13575,0
13576,0
13577,0
13578,0
13579,44
13580,44
13581,28
13582,0
13583,0
13584,0
13585,0
13586,0
13587,0
13588,22
13589,0
13590,0
13591,0
13592,0
13593,40
13594,34
13595,0
13596,36
13597,47
13598,0
13599,0
13600,0
13601,0
13602,41
13603,0
13604,0
13605,0
13606,0
13607,0
13608,0
13609,0
13610,0
13611,29
13612,27
13613,0
13614,0
13615,0
13616,0
13617,0
13618,50
13619,45
13620,0
13621,21
13622,0
13623,25
13624,28
13625,43
13626,0
13627,0
13628,0
13629,0
13630,29
13631,26
13632,0
13633,0
13634,24
13635,0
13636,0
13637,38
13638,0
13639,0
13640,0
13641,0
13642,0
13643,44
13644,0
13645,33
13646,0
13647,0
13648,0
13649,0
13650,0
13651,0
13652,0
13653,0
13654,0
13655,0
13656,0
13657,0
13658,0
13659,26
13660,0
13661,0
13662,36
13663,0
13664,0
13665,0
13666,0
13667,0
13668,0
13669,0
13670,48
13671,37
13672,0
13673,26
13674,41
13675,0
13676,0
13677,0
13678,25
13679,0
13680,33
13681,0
13682,0
13683,0
13684,0
13685,0
13686,0
13687,35
13688,0
13689,0
13690,0
13691,0
13692,0
13693,0
13694,0
13695,0
13696,0
13697,32
13698,0
13699,0
13700,0
13701,0
13702,40
13703,58
13704,0
13705,36
13706,43
13707,0
13708,0
13709,0
13710,0
13711,0
13712,0
13713,0
13714,0
13715,27
13716,0
13717,0
13718,0
13719,0
13720,0
13721,27
13722,0
13723,0
13724,0
13725,0
13726,0
13727,0
13728,0
13729,0
13730,0
13731,0
13732,0
13733,0
13734,0
13735,0
13736,0
13737,0
13738,0
13739,0
13740,0
13741,0
13742,0
13743,0
13744,0
13745,0
13746,0
13747,0
13748,0
13749,0
13750,0
13751,0
13752,0
13753,0
13754,0
13755,0
13756,0
13757,0
13758,0
13759,0
13760,0
13761,0
13762,0
13763,0
13764,0
13765,0
13766,0
13767,0
13768,0
13769,0
13770,0
13771,0
13772,0
13773,0
13774,0
13775,0
13776,0
13777,0
13778,0
13779,0
13780,0
13781,0
13782,1
13783,0
13784,0
13785,0
13786,0
13787,0
13788,0
13789,0
13790,0
13791,0
13792,0
13793,0
13794,0
13795,0
13796,0
13797,0
13798,0
13799,0
13800,0
13801,0
13802,0
13803,0
13804,0
13805,0
13806,0
13807,0
13808,0
13809,0
13810,0
13811,0
13812,0
13813,1
13814,0
13815,0
13816,0
13817,0
13818,0
13819,0
13820,0
13821,0
13822,0
13823,0
13824,0
13825,0
13826,0
13827,0
13828,0
13829,0
13830,0
13831,0
13832,0
13833,0
13834,0
13835,0
13836,0
13837,0
13838,0
13839,0
13840,0
13841,0
13842,0
13843,0
13844,0
13845,0
13846,0
13847,0
13848,0
13849,0
13850,0
13851,0
13852,0
13853,0
13854,0
13855,0
13856,0
13857,0
13858,0
13859,1
13860,0
13861,0
13862,0
13863,0
13864,0
13865,0
13866,0
13867,0
13868,0
13869,0
13870,0
13871,1
13872,0
13873,0
13874,0
13875,0
13876,0
13877,0
13878,0
13879,0
13880,0
13881,0
13882,0
13883,0
13884,0
13885,0
13886,0
13887,0
13888,0
13889,0
13890,0
13891,0
13892,0
13893,0
13894,0
13895,0
13896,0
13897,0
13898,0
13899,0
13900,0
13901,0
13902,0
13903,0
13904,0
13905,0
13906,0
13907,0
13908,0
13909,0
13910,0
13911,0
13912,0
13913,0
13914,0
13915,0
13916,0
13917,0
13918,0
13919,0
13920,0
13921,0
13922,0
13923,0
13924,0
13925,0
13926,0
13927,0
13928,0
13929,0
13930,0
13931,0
13932,0
13933,0
13934,0
13935,0
13936,1
13937,0
13938,0
13939,0
13940,0
13941,0
13942,0
13943,0
13944,0
13945,0
13946,0
13947,0
13948,0
13949,0
13950,0
13951,0
13952,0
13953,0
13954,1
13955,0
13956,0
13957,0
13958,0
13959,0
13960,0
13961,0
13962,0
13963,0
13964,0
13965,0
13966,0
13967,0
13968,0
13969,0
13970,0
13971,0
13972,0
13973,0
13974,0
13975,0
13976,0
13977,0
13978,0
13979,0
13980,0
13981,0
13982,0
13983,0
13984,0
13985,0
13986,0
13987,0
13988,0
13989,0
13990,0
13991,0
13992,0
13993,0
13994,0
13995,0
13996,0
13997,0
13998,0
13999,0
14000,0
14001,0
14002,0
14003,0
14004,0
14005,0
14006,0
14007,0
14008,0
14009,0
14010,0
14011,0
14012,0
14013,1
14014,0
14015,0
14016,0
14017,0
14018,0
14019,0
14020,0
14021,0
14022,0
14023,0
14024,0
14025,0
14026,0
14027,0
14028,0
14029,0
14030,0
14031,0
14032,0
14033,0
14034,1
14035,0
14036,0
14037,0
14038,0
14039,1
14040,0
14041,0
14042,1
14043,0
14044,0
14045,0
14046,0
14047,0
14048,0
14049,1
14050,0
14051,0
14052,0
14053,0
14054,1
14055,0
14056,0
14057,0
14058,0
14059,0
14060,0
14061,1
14062,0
14063,0
14064,0
14065,0
14066,0
14067,0
14068,0
14069,0
14070,0
14071,0
14072,0
14073,0
14074,0
14075,0
14076,0
14077,0
14078,0
14079,0
14080,0
14081,0
14082,0
14083,0
14084,0
14085,0
14086,0
14087,0
14088,0
14089,0
14090,0
14091,0
14092,0
14093,0
14094,0
14095,0
14096,0
14097,0
14098,0
14099,0
14100,0
14101,0
14102,0
14103,0
14104,0
14105,0
14106,0
14107,0
14108,0
14109,0
14110,0
14111,0
14112,0
14113,0
14114,0
14115,0
14116,0
14117,0
14118,1
14119,0
14120,0
14121,0
14122,0
14123,0
14124,0
14125,0
14126,0
14127,0
14128,0
14129,0
14130,0
14131,0
14132,0
14133,0
14134,0
14135,0
14136,0
14137,0
14138,0
14139,0
14140,0
14141,0
14142,0
14143,0
14144,0
14145,0
14146,0
14147,0
14148,0
14149,0
14150,0
14151,0
14152,0
14153,0
14154,0
14155,0
14156,0
14157,0
14158,0
14159,0
14160,0
14161,0
14162,0
14163,1
14164,0
14165,1
14166,0
14167,0
14168,0
14169,0
14170,0
14171,0
14172,0
14173,0
14174,0
14175,0
14176,0
14177,0
14178,0
14179,0
14180,0
14181,0
14182,0
14183,0
14184,0
14185,0
14186,0
14187,0
14188,0
14189,0
14190,0
14191,0
14192,0
14193,0
14194,0
14195,0
14196,0
14197,1
14198,3
14199,0
14200,0
14201,0
14202,0
14203,0
14204,0
14205,0
14206,0
14207,0
14208,0
14209,0
14210,1
14211,0
14212,0
14213,0
14214,0
14215,0
14216,0
14217,0
14218,0
14219,0
14220,0
14221,2
14222,0
14223,0
14224,0
14225,0
14226,0
14227,0
14228,0
14229,0
14230,0
14231,0
14232,0
14233,0
14234,0
14235,0
14236,0
14237,1
14238,0
14239,0
14240,0
14241,0
14242,0
14243,0
14244,0
14245,0
14246,0
14247,2
14248,0
14249,0
14250,1
14251,0
14252,0
14253,0
14254,0
14255,0
14256,0
14257,0
14258,0
14259,0
14260,0
14261,0
14262,0
14263,1
14264,0
14265,0
14266,0
14267,0
14268,0
14269,0
14270,0
14271,0
14272,0
14273,0
14274,0
14275,0
14276,0
14277,0
14278,0
14279,0
14280,0
14281,0
14282,0
14283,0
14284,0
14285,0
14286,0
14287,0
14288,0
14289,0
14290,0
14291,0
14292,0
14293,0
14294,0
14295,0
14296,0
14297,0
14298,0
14299,0
14300,0
14301,0
14302,0
14303,0
14304,0
14305,0
14306,0
14307,0
14308,2
14309,0
14310,0
14311,0
14312,0
14313,0
14314,0
14315,0
14316,0
14317,0
14318,0
14319,0
14320,0
14321,0
14322,0
14323,0
14324,0
14325,0
14326,0
14327,0
14328,0
14329,1
14330,0
14331,0
14332,0
14333,0
14334,0
14335,0
14336,0
14337,0
14338,0
14339,0
14340,0
14341,0
14342,0
14343,0
14344,0
14345,0
14346,0
14347,0
14348,0
14349,0
14350,0
14351,0
14352,0
14353,0
14354,0
14355,0
14356,0
14357,0
14358,0
14359,0
14360,0
14361,0
14362,0
14363,0
14364,0
14365,0
14366,0
14367,0
14368,0
14369,0
14370,0
14371,0
14372,0
14373,0
14374,0
14375,0
14376,0
14377,1
14378,0
14379,0
14380,0
14381,0
14382,0
14383,0
14384,0
14385,0
14386,0
14387,0
14388,0
14389,0
14390,1
14391,0
14392,0
14393,0
14394,0
14395,0
14396,0
14397,0
14398,0
14399,0
14400,0
14401,0
14402,0
14403,0
14404,0
14405,0
14406,0
14407,0
14408,0
14409,0
14410,0
14411,0
14412,0
14413,0
14414,0
14415,0
14416,0
14417,0
14418,0
14419,0
14420,0
14421,0
14422,0
14423,0
14424,0
14425,0
14426,0
14427,0
14428,0
14429,0
14430,0
14431,0
14432,0
14433,0
14434,0
14435,0
14436,0
14437,0
14438,0
14439,0
14440,0
14441,0
14442,0
14443,0
14444,0
14445,0
14446,0
14447,0
14448,0
14449,0
14450,0
14451,0
14452,0
14453,0
14454,0
14455,0
14456,0
14457,0
14458,0
14459,0
14460,0
14461,0
14462,0
14463,0
14464,0
14465,0
14466,0
14467,0
14468,0
14469,0
14470,0
14471,0
14472,0
14473,0
14474,1
14475,0
14476,0
14477,0
14478,0
14479,0
14480,0
14481,0
14482,0
14483,0
14484,0
14485,0
14486,0
14487,0
14488,0
14489,0
14490,0
14491,0
14492,0
14493,0
14494,0
14495,0
14496,0
14497,0
14498,0
14499,0
14500,0
14501,0
14502,0
14503,0
14504,0
14505,0
14506,0
14507,0
14508,0
14509,0
14510,0
14511,0
14512,0
14513,0
14514,0
14515,0
14516,0
14517,0
14518,0
14519,0
14520,0
14521,0
14522,0
14523,0
14524,0
14525,0
14526,0
14527,0
14528,0
14529,0
14530,0
14531,0
14532,0
14533,0
14534,0
14535,0
14536,0
14537,1
14538,1
14539,0
14540,0
14541,0
14542,0
14543,0
14544,0
14545,0
14546,0
14547,0
14548,0
14549,0
14550,0
14551,0
14552,1
14553,0
14554,0
14555,0
14556,2
14557,0
14558,0
14559,0
14560,0
14561,1
14562,2
14563,0
14564,0
14565,0
14566,0
14567,0
14568,0
14569,0
14570,0
14571,0
14572,0
14573,0
14574,0
14575,0
14576,0
14577,0
14578,0
14579,0
14580,0
14581,0
14582,0
14583,0
14584,0
14585,0
14586,0
14587,0
14588,0
14589,0
14590,0
14591,1
14592,0
14593,0
14594,0
14595,0
14596,0
14597,0
14598,0
14599,0
14600,0
14601,0
14602,0
14603,1
14604,0
14605,0
14606,0
14607,0
14608,0
14609,0
14610,0
14611,0
14612,0
14613,0
14614,0
14615,0
14616,0
14617,0
14618,0
14619,0
14620,0
14621,0
14622,0
14623,0
14624,0
14625,0
14626,1
14627,0
14628,0
14629,0
14630,0
14631,0
14632,0
14633,0
14634,0
14635,0
14636,0
14637,0
14638,0
14639,0
14640,0
14641,0
14642,0
14643,0
14644,0
14645,0
14646,0
14647,4
14648,0
14649,0
14650,0
14651,0
14652,0
14653,0
14654,0
14655,0
14656,0
14657,0
14658,0
14659,0
14660,0
14661,0
14662,0
14663,0
14664,0
14665,0
14666,0
14667,0
14668,0
14669,0
14670,0
14671,0
14672,0
14673,0
14674,0
14675,0
14676,0
14677,0
14678,0
14679,0
14680,0
14681,0
14682,0
14683,0
14684,0
14685,0
14686,0
14687,0
14688,0
14689,0
14690,0
14691,0
14692,0
14693,0
14694,0
14695,0
14696,0
14697,0
14698,0
14699,0
14700,0
14701,0
14702,0
14703,0
14704,0
14705,0
14706,0
14707,0
14708,0
14709,0
14710,0
14711,0
14712,0
14713,0
14714,0
14715,6
14716,0
14717,0
14718,0
14719,0
14720,0
14721,0
14722,0
14723,0
14724,0
14725,67
14726,0
14727,0
14728,0
14729,0
14730,0
14731,0
14732,39
14733,0
14734,0
14735,0
14736,0
14737,0
14738,0
14739,23
14740,41
14741,38
14742,0
14743,0
14744,0
14745,0
14746,0
14747,0
14748,0
14749,0
14750,0
14751,0
14752,0
14753,28
14754,42
14755,0
14756,0
14757,0
14758,0
14759,0
14760,0
14761,0
14762,0
14763,26
14764,0
14765,50
14766,0
14767,0
14768,0
14769,0
14770,34
14771,61
14772,0
14773,24
14774,0
14775,0
14776,47
14777,0
14778,0
14779,0
14780,0
14781,0
14782,0
14783,0
14784,0
14785,0
14786,0
14787,0
14788,38
14789,0
14790,0
14791,0
14792,0
14793,0
14794,0
14795,31
14796,0
14797,0
14798,34
14799,0
14800,0
14801,0
14802,0
14803,0
14804,0
14805,40
14806,0
14807,0
14808,0
14809,0
14810,0
14811,0
14812,0
14813,0
14814,0
14815,0
14816,0
14817,36
14818,0
14819,0
14820,0
14821,0
14822,0
14823,0
14824,41
14825,0
14826,0
14827,33
14828,0
14829,0
14830,0
14831,0
14832,0
14833,29
14834,34
14835,0
14836,0
14837,23
14838,0
14839,48
14840,0
14841,0
14842,0
14843,0
14844,0
14845,30
14846,0
14847,33
14848,47
14849,0
14850,0
14851,0
14852,0
14853,0
14854,0
14855,0
14856,0
14857,0
14858,0
14859,0
14860,0
14861,0
14862,34
14863,0
14864,0
14865,0
14866,0
14867,0
14868,29
14869,0
14870,0
14871,0
14872,0
14873,0
14874,0
14875,47
14876,0
14877,0
14878,37
14879,0
14880,23
14881,0
14882,0
14883,0
14884,0
14885,0
14886,0
14887,0
14888,0
14889,0
14890,0
14891,0
14892,0
14893,0
14894,49
14895,0
14896,0
14897,0
14898,0
14899,0
14900,0
14901,46
14902,0
14903,0
14904,0
14905,0
14906,0
14907,0
14908,0
14909,0
14910,0
14911,0
14912,0
14913,0
14914,0
14915,27
14916,0
14917,0
14918,0
14919,0
14920,0
14921,0
14922,0
14923,0
14924,0
14925,0
14926,42
14927,0
14928,0
14929,41
14930,45
14931,0
14932,0
14933,35
14934,0
14935,0
14936,0
14937,0
14938,0
14939,36
14940,0
14941,0
14942,0
14943,0
14944,42
14945,0
14946,0
14947,0
14948,0
14949,0
14950,0
14951,0
14952,41
14953,0
14954,0
14955,58
14956,43
14957,0
14958,0
14959,0
14960,0
14961,0
14962,0
14963,0
14964,0
14965,0
14966,0
14967,31
14968,45
14969,0
14970,0
14971,0
14972,0
14973,0
14974,0
14975,0
14976,0
14977,0
14978,0
14979,0
14980,0
14981,0
14982,39
14983,0
14984,0
14985,0
14986,0
14987,22
14988,0
14989,0
14990,0
14991,0
14992,0
14993,0
14994,0
14995,0
14996,45
14997,0
14998,0
14999,0
15000,0
15001,0
15002,39
15003,0
15004,0
15005,0
15006,0
15007,0
15008,0
15009,0
15010,41
15011,0
15012,0
15013,0
15014,0
15015,0
15016,0
15017,0
15018,35
15019,0
15020,0
15021,0
15022,0
15023,0
15024,0
15025,0
15026,0
15027,49
15028,0
15029,0
15030,0
15031,0
15032,0
15033,0
15034,0
15035,0
15036,0
15037,0
15038,39
15039,0
15040,0
15041,0
15042,0
15043,0
15044,0
15045,0
15046,31
15047,0
15048,0
15049,0
15050,0
15051,0
15052,33
15053,37
15054,0
15055,0
15056,0
15057,0
15058,36
15059,0
15060,36
15061,0
15062,0
15063,0
15064,0
15065,0
15066,39
15067,0
15068,0
15069,0
15070,0
15071,0
15072,0
15073,0
15074,0
15075,0
15076,0
15077,0
15078,0
15079,0
15080,0
15081,0
15082,0
15083,0
15084,0
15085,0
15086,0
15087,0
15088,50
15089,0
15090,42
15091,0
15092,0
15093,0
15094,0
15095,0
15096,0
15097,0
15098,0
15099,0
15100,55
15101,0
15102,0
15103,0
15104,0
15105,0
15106,41
15107,0
15108,0
15109,0
15110,0
15111,0
15112,0
15113,0
15114,0
15115,0
15116,0
15117,0
15118,0
15119,0
15120,0
15121,0
15122,0
15123,0
15124,0
15125,0
15126,0
15127,0
15128,0
15129,0
15130,0
15131,50
15132,37
15133,0
15134,0
15135,0
15136,47
15137,0
15138,38
15139,0
15140,0
15141,0
15142,32
15143,0
15144,0
15145,0
15146,0
15147,0
15148,0
15149,39
15150,46
15151,0
15152,0
15153,0
15154,0
15155,0
15156,0
15157,0
15158,0
15159,0
15160,48
15161,0
15162,0
15163,0
15164,0
15165,0
15166,0
15167,40
15168,0
15169,0
15170,39
15171,0
15172,22
15173,0
15174,0
15175,0
15176,0
15177,0
15178,0
15179,0
15180,0
15181,0
15182,0
15183,0
15184,36
15185,0
15186,43
15187,0
15188,0
15189,0
15190,0
15191,0
15192,0
15193,0
15194,0
15195,0
15196,0
15197,0
15198,0
15199,0
15200,0
15201,0
15202,0
15203,0
15204,0
15205,34
15206,0
15207,0
15208,0
15209,0
15210,0
15211,0
15212,0
15213,0
15214,0
15215,0
15216,0
15217,0
15218,0
15219,0
15220,0
15221,0
15222,0
15223,35
15224,0
15225,0
15226,38
15227,0
15228,0
15229,0
15230,0
15231,0
15232,0
15233,0
15234,44
15235,0
15236,0
15237,0
15238,0
15239,0
15240,0
15241,0
15242,0
15243,0
15244,0
15245,0
15246,0
15247,0
15248,0
15249,0
15250,0
15251,0
15252,7
15253,0
15254,0
15255,0
15256,0
15257,0
15258,0
15259,0
15260,9
15261,0
15262,0
15263,0
15264,0
15265,0
15266,0
15267,15
15268,0
15269,0
15270,0
15271,0
15272,0
15273,0
15274,0
15275,0
15276,0
15277,0
15278,0
15279,0
15280,0
15281,0
15282,0
15283,0
15284,0
15285,0
15286,0
15287,0
15288,0
15289,15
15290,0
15291,0
15292,0
15293,0
15294,0
15295,0
15296,9
15297,0
15298,0
15299,7
15300,0
15301,0
15302,0
15303,10
15304,0
15305,0
15306,5
15307,0
15308,0
15309,0
15310,0
15311,0
15312,0
15313,0
15314,0
15315,0
15316,0
15317,0
15318,0
15319,0
15320,0
15321,0
15322,0
15323,0
15324,0
15325,0
15326,0
15327,0
15328,0
15329,0
15330,0
15331,0
15332,0
15333,0
15334,0
15335,0
15336,0
15337,0
15338,0
15339,0
15340,0
15341,0
15342,0
15343,0
15344,0
15345,0
15346,0
15347,0
15348,5
15349,10
15350,0
15351,0
15352,0
15353,0
15354,0
15355,16
15356,0
15357,16
15358,0
15359,0
15360,0
15361,0
15362,0
15363,0
15364,10
15365,0
15366,0
15367,0
15368,0
15369,14
15370,8
15371,0
15372,11
15373,4
15374,0
15375,14
15376,0
15377,0
15378,0
15379,0
15380,0
15381,0
15382,0
15383,0
15384,0
15385,0
15386,0
15387,0
15388,0
15389,0
15390,22
15391,0
15392,0
15393,0
15394,0
15395,0
15396,0
15397,7
15398,5
15399,0
15400,0
15401,0
15402,0
15403,0
15404,0
15405,0
15406,0
15407,0
15408,0
15409,0
15410,0
15411,18
15412,0
15413,0
15414,0
15415,0
15416,0
15417,0
15418,0
15419,6
15420,0
15421,0
15422,0
15423,0
15424,0
15425,0
15426,0
15427,0
15428,0
15429,5
15430,0
15431,0
15432,0
15433,0
15434,0
15435,0
15436,0
15437,0
15438,0
15439,0
15440,0
15441,0
15442,0
15443,0
15444,0
15445,10
15446,0
15447,0
15448,0
15449,0
15450,0
15451,0
15452,0
15453,0
15454,0
15455,0
15456,13
15457,0
15458,0
15459,16
15460,0
15461,0
15462,0
15463,0
15464,0
15465,0
15466,0
15467,0
15468,0
15469,0
15470,0
15471,0
15472,0
15473,0
15474,0
15475,0
15476,0
15477,0
15478,0
15479,0
15480,0
15481,0
15482,0
15483,0
15484,0
15485,0
15486,0
15487,9
15488,0
15489,0
15490,0
15491,13
15492,0
15493,0
15494,0
15495,0
15496,0
15497,0
15498,0
15499,0
15500,5
15501,0
15502,0
15503,0
15504,0
15505,0
15506,0
15507,0
15508,0
15509,0
15510,7
15511,4
15512,0
15513,0
15514,0
15515,0
15516,0
15517,0
15518,0
15519,0
15520,0
15521,0
15522,0
15523,0
15524,0
15525,0
15526,0
15527,0
15528,0
15529,0
15530,0
15531,0
15532,1
15533,0
15534,0
15535,5
15536,0
15537,0
15538,0
15539,11
15540,0
15541,0
15542,9
15543,0
15544,0
15545,0
15546,0
15547,0
15548,0
15549,0
15550,0
15551,0
15552,0
15553,12
15554,0
15555,0
15556,0
15557,0
15558,0
15559,0
15560,0
15561,0
15562,0
15563,0
15564,0
15565,0
15566,0
15567,0
15568,0
15569,0
15570,0
15571,0
15572,0
15573,0
15574,0
15575,0
15576,0
15577,0
15578,0
15579,11
15580,0
15581,0
15582,0
15583,0
15584,18
15585,0
15586,0
15587,0
15588,0
15589,0
15590,0
15591,0
15592,0
15593,0
15594,0
15595,5
15596,0
15597,0
15598,0
15599,0
15600,0
15601,0
15602,0
15603,25
15604,0
15605,0
15606,15
15607,0
15608,0
15609,0
15610,0
15611,0
15612,0
15613,0
15614,0
15615,0
15616,15
15617,0
15618,0
15619,0
15620,10
15621,0
15622,0
15623,0
15624,8
15625,0
15626,0
15627,0
15628,0
15629,0
15630,0
15631,0
15632,0
15633,0
15634,0
15635,0
15636,0
15637,0
15638,0
15639,0
15640,0
15641,0
15642,0
15643,0
15644,0
15645,0
15646,0
15647,0
15648,0
15649,0
15650,4
15651,0
15652,0
15653,0
15654,0
15655,0
15656,5
15657,0
15658,0
15659,0
15660,0
15661,0
15662,0
15663,0
15664,0
15665,0
15666,0
15667,0
15668,0
15669,0
15670,0
15671,0
15672,9
15673,0
15674,0
15675,0
15676,0
15677,0
15678,0
15679,0
15680,0
15681,0
15682,0
15683,0
15684,0
15685,0
15686,0
15687,0
15688,0
15689,0
15690,0
15691,0
15692,0
15693,0
15694,0
15695,0
15696,2
15697,0
15698,0
15699,0
15700,0
15701,0
15702,18
15703,0
15704,0
15705,0
15706,0
15707,0
15708,0
15709,0
15710,0
15711,0
15712,0
15713,0
15714,0
15715,0
15716,0
15717,0
15718,0
15719,0
15720,7
15721,0
15722,0
15723,0
15724,0
15725,0
15726,0
15727,0
15728,0
15729,0
15730,0
15731,0
15732,0
15733,0
15734,0
15735,12
15736,0
15737,0
15738,0
15739,0
15740,0
15741,0
15742,0
15743,0
15744,0
15745,0
15746,0
15747,0
15748,0
15749,0
15750,10
15751,0
15752,0
15753,0
15754,0
15755,0
15756,0
15757,8
15758,0
15759,0
15760,0
15761,10
15762,0
15763,0
15764,5
15765,0
15766,0
15767,0
15768,0
15769,0
15770,0
15771,0
15772,0
15773,0
15774,0
15775,0
15776,0
15777,5
15778,0
15779,0
15780,7
15781,0
15782,0
15783,4
15784,0
15785,0
15786,0
15787,0
15788,0
15789,0
15790,0
15791,0
15792,3
15793,0
15794,25
15795,0
15796,0
15797,0
15798,0
15799,0
15800,0
15801,0
15802,0
15803,0
15804,7
15805,0
15806,0
15807,0
15808,0
15809,0
15810,0
15811,8
15812,0
15813,0
15814,6
15815,0
15816,0
15817,0
15818,8
15819,0
15820,0
15821,0
15822,0
15823,0
15824,0
15825,7
15826,0
15827,0
15828,11
15829,0
15830,14
15831,0
15832,0
15833,0
15834,0
15835,0
15836,0
15837,0
15838,0
15839,0
15840,0
15841,0
15842,9
15843,0
15844,0
15845,0
15846,0
15847,0
15848,12
15849,9
15850,0
15851,0
15852,0
15853,6
15854,0
15855,0
15856,0
15857,0
15858,0
15859,0
15860,0
15861,0
15862,0
15863,0
15864,0
15865,0
15866,0
15867,0
15868,0
15869,0
15870,7
15871,12
15872,0
15873,0
15874,0
15875,0
15876,3
15877,0
15878,0
15879,0
15880,0
15881,0
15882,0
15883,5
15884,0
15885,0
15886,0
15887,0
15888,0
15889,0
15890,0
15891,0
15892,0
15893,0
15894,0
15895,0
15896,0
15897,0
15898,0
15899,0
15900,0
15901,0
15902,0
15903,0
15904,0
15905,0
15906,0
15907,0
15908,13
15909,0
15910,0
15911,0
15912,0
15913,0
15914,0
15915,0
15916,0
15917,0
15918,0
15919,0
15920,0
15921,0
15922,0
15923,0
15924,0
15925,7
15926,0
15927,0
15928,0
15929,0
15930,0
15931,0
15932,0
15933,0
15934,0
15935,11
15936,8
15937,0
15938,0
15939,0
15940,9
15941,0
15942,0
15943,0
15944,0
15945,0
15946,0
15947,0
15948,0
15949,8
15950,13
15951,4
15952,0
15953,0
15954,0
15955,0
15956,7
15957,0
15958,0
15959,0
15960,0
15961,0
15962,0
15963,0
15964,0
15965,0
15966,0
15967,0
15968,0
15969,0
15970,0
15971,0
15972,0
15973,13
15974,0
15975,0
15976,0
15977,0
15978,0
15979,0
15980,0
15981,0
15982,0
15983,0
15984,0
15985,0
15986,0
15987,0
15988,0
15989,0
15990,0
15991,0
15992,0
15993,0
15994,0
15995,0
15996,0
15997,0
15998,0
15999,0
16000,0
16001,0
16002,10
16003,0
16004,10
16005,0
16006,0
16007,0
16008,0
16009,0
16010,0
16011,0
16012,0
16013,0
16014,0
16015,0
16016,27
16017,0
16018,0
16019,0
16020,0
16021,0
16022,0
16023,13
16024,3
16025,0
16026,13
16027,0
16028,0
16029,0
16030,0
16031,0
16032,9
16033,0
16034,0
16035,0
16036,0
16037,0
16038,0
16039,0
16040,0
16041,0
16042,0
16043,0
16044,0
16045,0
16046,0
16047,0
16048,0
16049,0
16050,0
16051,0
16052,0
16053,0
16054,0
16055,0
16056,0
16057,0
16058,0
16059,0
16060,0
16061,0
16062,0
16063,0
16064,0
16065,0
16066,0
16067,0
16068,0
16069,0
16070,0
16071,0
16072,1
16073,0
16074,0
16075,0
16076,0
16077,0
16078,0
16079,0
16080,0
16081,0
16082,0
16083,0
16084,0
16085,0
16086,0
16087,0
16088,0
16089,0
16090,0
16091,0
16092,0
16093,0
16094,0
16095,0
16096,0
16097,0
16098,0
16099,0
16100,0
16101,0
16102,0
16103,0
16104,0
16105,0
16106,0
16107,0
16108,0
16109,0
16110,0
16111,0
16112,0
16113,0
16114,0
16115,0
16116,0
16117,0
16118,0
16119,0
16120,0
16121,0
16122,0
16123,0
16124,0
16125,0
16126,0
16127,0
16128,1
16129,0
16130,0
16131,0
16132,0
16133,0
16134,0
16135,0
16136,0
16137,0
16138,0
16139,0
16140,0
16141,0
16142,1
16143,0
16144,0
16145,0
16146,0
16147,0
16148,0
16149,0
16150,0
16151,0
16152,0
16153,0
16154,0
16155,0
16156,0
16157,0
16158,0
16159,0
16160,0
16161,0
16162,0
16163,0
16164,0
16165,0
16166,0
16167,0
16168,0
16169,0
16170,1
16171,0
16172,0
16173,0
16174,0
16175,0
16176,0
16177,0
16178,0
16179,0
16180,0
16181,0
16182,0
16183,0
16184,0
16185,0
16186,1
16187,0
16188,0
16189,4
16190,0
16191,3
16192,0
16193,1
16194,0
16195,3
16196,0
16197,6
16198,0
16199,8
16200,0
16201,5
16202,0
16203,0
16204,0
16205,2
16206,0
16207,0
16208,4
16209,6
16210,6
16211,0
16212,0
16213,0
16214,3
16215,0
16216,2
16217,7
16218,5
16219,0
16220,2
16221,0
16222,0
16223,4
16224,0
16225,0
16226,0
16227,1
16228,4
16229,0
16230,0
16231,0
16232,0
16233,0
16234,0
16235,8
16236,0
16237,0
16238,5
16239,1
16240,0
16241,0
16242,0
16243,0
16244,0
16245,3
16246,6
16247,0
16248,0
16249,0
16250,0
16251,0
16252,8
16253,0
16254,0
16255,0
16256,0
16257,0
16258,0
16259,0
16260,0
16261,0
16262,0
16263,0
16264,0
16265,0
16266,0
16267,0
16268,0
16269,0
16270,0
16271,0
16272,0
16273,0
16274,0
16275,0
16276,0
16277,0
16278,0
16279,2
16280,1
16281,0
16282,0
16283,0
16284,0
16285,0
16286,5
16287,0
16288,4
16289,1
16290,0
16291,0
16292,8
16293,3
16294,0
16295,6
16296,0
16297,0
16298,0
16299,2
16300,0
16301,0
16302,0
16303,0
16304,0
16305,6
16306,0
16307,5
16308,4
16309,0
16310,0
16311,0
16312,0
16313,0
16314,0
16315,0
16316,3
16317,2
16318,0
16319,0
16320,0
16321,0
16322,0
16323,1
16324,0
16325,0
16326,0
16327,0
16328,4
16329,0
16330,0
16331,2
16332,0
16333,0
16334,1
16335,0
16336,0
16337,0
16338,0
16339,0
16340,1
16341,0
16342,0
16343,5
16344,0
16345,1
16346,0
16347,0
16348,2
16349,0
16350,10
16351,0
16352,0
16353,0
16354,0
16355,0
16356,0
16357,0
16358,0
16359,0
16360,0
16361,0
16362,0
16363,0
16364,0
16365,0
16366,0
16367,0
16368,2
16369,0
16370,0
16371,0
16372,0
16373,4
16374,0
16375,0
16376,0
16377,0
16378,2
16379,0
16380,0
16381,0
16382,0
16383,5
16384,3
16385,0
16386,0
16387,0
16388,0
16389,0
16390,0
16391,0
16392,3
16393,4
16394,2
16395,1
16396,0
16397,0
16398,0
16399,0
16400,0
16401,0
16402,5
16403,0
16404,0
16405,0
16406,1
16407,2
16408,0
16409,0
16410,0
16411,0
16412,3
16413,0
16414,5
16415,0
16416,0
16417,0
16418,0
16419,0
16420,0
16421,0
16422,0
16423,0
16424,0
16425,2
16426,0
16427,0
16428,0
16429,0
16430,4
16431,0
16432,0
16433,0
16434,4
16435,0
16436,7
16437,0
16438,0
16439,0
16440,3
16441,4
16442,0
16443,0
16444,0
16445,0
16446,1
16447,0
16448,0
16449,0
16450,0
16451,0
16452,0
16453,0
16454,0
16455,0
16456,0
16457,0
16458,0
16459,0
16460,0
16461,0
16462,0
16463,0
16464,0
16465,0
16466,0
16467,2
16468,0
16469,0
16470,2
16471,0
16472,0
16473,0
16474,0
16475,0
16476,0
16477,0
16478,0
16479,0
16480,0
16481,0
16482,2
16483,0
16484,0
16485,0
16486,0
16487,1
16488,0
16489,0
16490,0
16491,0
16492,0
16493,0
16494,5
16495,1
16496,0
16497,8
16498,0
16499,0
16500,0
16501,0
16502,2
16503,0
16504,0
16505,0
16506,0
16507,0
16508,0
16509,1
16510,0
16511,1
16512,0
16513,0
16514,4
16515,2
16516,2
16517,0
16518,0
16519,0
16520,0
16521,9
16522,0
16523,0
16524,0
16525,0
16526,0
16527,0
16528,3
16529,0
16530,0
16531,0
16532,0
16533,0
16534,5
16535,2
16536,1
16537,0
16538,0
16539,0
16540,0
16541,0
16542,5
16543,0
16544,0
16545,2
16546,0
16547,0
16548,0
16549,0
16550,0
16551,3
16552,0
16553,0
16554,2
16555,2
16556,0
16557,0
16558,4
16559,0
16560,1
16561,4
16562,0
16563,0
16564,4
16565,0
16566,0
16567,0
16568,0
16569,0
16570,4
16571,0
16572,0
16573,0
16574,0
16575,3
16576,0
16577,0
16578,0
16579,1
16580,0
16581,0
16582,0
16583,0
16584,0
16585,0
16586,0
16587,0
16588,0
16589,0
16590,5
16591,0
16592,5
16593,6
16594,1
16595,0
16596,0
16597,0
16598,0
16599,0
16600,0
16601,1
16602,0
16603,0
16604,0
16605,0
16606,0
16607,0
16608,3
16609,1
16610,0
16611,0
16612,0
16613,0
16614,0
16615,0
16616,0
16617,1
16618,6
16619,0
16620,0
16621,0
16622,4
16623,0
16624,0
16625,4
16626,1
16627,0
16628,0
16629,0
16630,0
16631,0
16632,3
16633,0
16634,1
16635,0
16636,0
16637,4
16638,2
16639,0
16640,0
16641,0
16642,6
16643,0
16644,0
16645,8
16646,0
16647,0
16648,0
16649,0
16650,0
16651,0
16652,0
16653,0
16654,3
16655,0
16656,0
16657,0
16658,0
16659,0
16660,29
16661,0
16662,19
16663,0
16664,0
16665,0
16666,0
16667,0
16668,29
16669,0
16670,40
16671,0
16672,0
16673,0
16674,0
16675,0
16676,0
16677,0
16678,0
16679,0
16680,0
16681,0
16682,0
16683,0
16684,0
16685,0
16686,25
16687,0
16688,0
16689,0
16690,0
16691,31
16692,0
16693,0
16694,0
16695,0
16696,0
16697,0
16698,0
16699,0
16700,32
16701,0
16702,0
16703,0
16704,0
16705,0
16706,0
16707,0
16708,0
16709,0
16710,52
16711,0
16712,21
16713,0
16714,0
16715,0
16716,29
16717,0
16718,0
16719,0
16720,0
16721,0
16722,0
16723,0
16724,0
16725,0
16726,31
16727,0
16728,0
16729,0
16730,0
16731,0
16732,0
16733,0
16734,0
16735,0
16736,0
16737,0
16738,0
16739,0
16740,0
16741,0
16742,0
16743,0
16744,0
16745,34
16746,0
16747,0
16748,0
16749,31
16750,35
16751,0
16752,0
16753,0
16754,0
16755,25
16756,26
16757,0
16758,48
16759,0
16760,0
16761,0
16762,0
16763,0
16764,0
16765,0
16766,0
16767,0
16768,0
16769,42
16770,0
16771,0
16772,0
16773,0
16774,25
16775,0
16776,0
16777,0
16778,30
16779,0
16780,0
16781,0
16782,0
16783,0
16784,0
16785,0
16786,0
16787,0
16788,0
16789,0
16790,0
16791,0
16792,32
16793,34
16794,0
16795,31
16796,0
16797,0
16798,0
16799,0
16800,0
16801,0
16802,0
16803,0
16804,0
16805,0
16806,0
16807,0
16808,38
16809,39
16810,0
16811,0
16812,25
16813,0
16814,0
16815,0
16816,0
16817,0
16818,0
16819,0
16820,0
16821,0
16822,0
16823,0
16824,0
16825,0
16826,0
16827,0
16828,46
16829,0
16830,0
16831,0
16832,0
16833,0
16834,26
16835,0
16836,0
16837,0
16838,0
16839,0
16840,0
16841,0
16842,0
16843,0
16844,0
16845,0
16846,0
16847,0
16848,0
16849,0
16850,0
16851,0
16852,0
16853,0
16854,0
16855,0
16856,0
16857,0
16858,0
16859,0
16860,0
16861,0
16862,0
16863,0
16864,0
16865,0
16866,0
16867,0
16868,36
16869,0
16870,0
16871,36
16872,33
16873,0
16874,0
16875,0
16876,0
16877,0
16878,0
16879,36
16880,0
16881,30
16882,0
16883,0
16884,0
16885,0
16886,0
16887,0
16888,0
16889,19
16890,0
16891,0
16892,0
16893,0
16894,0
16895,0
16896,0
16897,0
16898,0
16899,0
16900,22
16901,0
16902,0
16903,0
16904,0
16905,0
16906,0
16907,0
16908,0
16909,34
16910,0
16911,0
16912,0
16913,0
16914,0
16915,0
16916,0
16917,0
16918,0
16919,0
16920,0
16921,0
16922,0
16923,37
16924,0
16925,0
16926,0
16927,0
16928,29
16929,0
16930,0
16931,0
16932,0
16933,0
16934,0
16935,0
16936,0
16937,0
16938,0
16939,0
16940,0
16941,0
16942,0
16943,0
16944,0
16945,0
16946,0
16947,0
16948,0
16949,44
16950,0
16951,0
16952,0
16953,0
16954,0
16955,0
16956,0
16957,29
16958,0
16959,0
16960,0
16961,0
16962,0
16963,0
16964,0
16965,40
16966,0
16967,0
16968,0
16969,0
16970,0
16971,0
16972,0
16973,0
16974,0
16975,28
16976,0
16977,0
16978,0
16979,0
16980,0
16981,21
16982,0
16983,0
16984,0
16985,0
16986,0
16987,0
16988,0
16989,0
16990,0
16991,0
16992,0
16993,0
16994,0
16995,0
16996,27
16997,0
16998,31
16999,45
17000,0
17001,0
17002,0
17003,0
17004,0
17005,0
17006,0
17007,0
17008,24
17009,0
17010,0
17011,30
17012,46
17013,0
17014,0
17015,38
17016,0
17017,0
17018,0
17019,0
17020,0
17021,0
17022,0
17023,44
17024,0
17025,0
17026,0
17027,0
17028,0
17029,0
17030,0
17031,0
17032,33
17033,0
17034,0
17035,0
17036,0
17037,0
17038,0
17039,0
17040,0
17041,0
17042,0
17043,0
17044,0
17045,0
17046,50
17047,0
17048,0
17049,0
17050,0
17051,34
17052,0
17053,0
17054,0
17055,0
17056,0
17057,0
17058,24
17059,0
17060,0
17061,0
17062,0
17063,31
17064,0
17065,0
17066,0
17067,0
17068,0
17069,0
17070,0
17071,0
17072,0
17073,0
17074,28
17075,0
17076,0
17077,0
17078,0
17079,0
17080,0
17081,0
17082,0
17083,0
17084,0
17085,0
17086,23
17087,0
17088,30
17089,0
17090,0
17091,0
17092,0
17093,0
17094,0
17095,0
17096,0
17097,0
17098,0
17099,0
17100,0
17101,0
17102,0
17103,0
17104,0
17105,0
17106,0
17107,0
17108,0
17109,0
17110,0
17111,0
17112,0
17113,0
17114,0
17115,0
17116,0
17117,0
17118,0
17119,0
17120,0
17121,0
17122,0
17123,0
17124,0
17125,0
17126,0
17127,31
17128,0
17129,44
17130,0
17131,0
17132,0
17133,0
17134,0
17135,0
17136,0
17137,0
17138,0
17139,0
17140,0
17141,0
17142,0
17143,0
17144,0
17145,0
17146,35
17147,0
17148,0
17149,0
17150,0
17151,0
17152,0
17153,0
17154,44
17155,0
17156,0
17157,0
17158,0
17159,0
17160,37
17161,0
17162,0
17163,0
17164,0
17165,0
17166,0
17167,0
17168,0
17169,0
17170,40
17171,0
17172,0
17173,0
17174,0
17175,0
17176,0
17177,0
17178,0
17179,0
17180,0
17181,0
17182,0
17183,0
17184,0
17185,0
17186,0
17187,0
17188,0
17189,34
17190,0
17191,24
17192,0
17193,0
17194,0
17195,0
17196,0
17197,51
17198,0
17199,0
17200,29
17201,0
17202,0
17203,0
17204,0
17205,57
17206,0
17207,0
17208,0
17209,0
17210,0
17211,0
17212,0
17213,0
17214,0
17215,0
17216,0
17217,0
17218,0
17219,0
17220,0
17221,0
17222,0
17223,0
17224,0
17225,0
17226,0
17227,0
17228,0
17229,0
17230,34
17231,0
17232,0
17233,0
17234,0
17235,0
17236,0
17237,0
17238,0
17239,0
17240,0
17241,0
17242,0
17243,0
17244,0
17245,0
17246,0
17247,29
17248,54
17249,0
17250,0
17251,0
17252,30
17253,46
17254,30
17255,34
17256,0
17257,36
17258,21
17259,0
17260,0
17261,0
17262,0
17263,0
17264,0
17265,0
17266,31
17267,0
17268,0
17269,0
17270,0
17271,0
17272,0
17273,0
17274,0
17275,0
17276,0
17277,0
17278,30
17279,0
17280,32
17281,0
17282,0
17283,0
17284,0
17285,0
17286,0
17287,0
17288,0
17289,0
17290,34
17291,0
17292,0
17293,41
17294,0
17295,0
17296,42
17297,0
17298,0
17299,0
17300,0
17301,0
17302,0
17303,42
17304,0
17305,31
17306,0
17307,0
17308,0
17309,0
17310,0
17311,0
17312,0
17313,0
17314,22
17315,0
17316,0
17317,0
17318,0
17319,0
17320,0
17321,39
17322,0
17323,0
17324,34
17325,0
17326,0
17327,0
17328,0
17329,0
17330,0
17331,0
17332,0
17333,0
17334,0
17335,0
17336,0
17337,0
17338,0
17339,21
17340,0
17341,0
17342,0
17343,0
17344,0
17345,24
17346,0
17347,0
17348,0
17349,0
17350,0
17351,0
17352,0
17353,0
17354,0
17355,0
17356,0
17357,0
17358,0
17359,41
17360,0
17361,0
17362,45
17363,0
17364,0
17365,0
17366,0
17367,0
17368,0
17369,39
17370,0
17371,0
17372,0
17373,0
17374,0
17375,0
17376,0
17377,0
17378,0
17379,0
17380,0
17381,41
17382,0
17383,22
17384,0
17385,0
17386,36
17387,0
17388,0
17389,0
17390,0
17391,0
17392,0
17393,29
17394,0
17395,31
17396,0
17397,0
17398,0
17399,0
17400,0
17401,35
17402,0
17403,0
17404,0
17405,0
17406,0
17407,0
17408,0
17409,28
17410,30
17411,0
17412,0
17413,0
17414,0
17415,0
17416,0
17417,0
17418,0
17419,0
17420,0
17421,0
17422,0
17423,0
17424,0
17425,0
17426,0
17427,0
17428,0
17429,0
17430,0
17431,0
17432,0
17433,48
17434,0
17435,0
17436,0
17437,0
17438,0
17439,0
17440,0
17441,0
17442,0
17443,0
17444,0
17445,0
17446,0
17447,0
17448,0
17449,36
17450,0
17451,0
17452,0
17453,0
17454,0
17455,0
17456,0
17457,0
17458,0
17459,0
17460,0
17461,0
17462,0
17463,0
17464,0
17465,0
17466,29
17467,0
17468,0
17469,0
17470,0
17471,0
17472,0
17473,0
17474,0
17475,29
17476,0
17477,0
17478,0
17479,0
17480,40
17481,0
17482,0
17483,0
17484,0
17485,0
17486,0
17487,0
17488,0
17489,0
17490,0
17491,0
17492,0
17493,0
17494,0
17495,0
17496,0
17497,0
17498,0
17499,0
17500,0
17501,0
17502,0
17503,0
17504,0
17505,0
17506,0
17507,0
17508,0
17509,0
17510,0
17511,0
17512,0
17513,0
17514,1
17515,0
17516,0
17517,0
17518,0
17519,0
17520,0
17521,0
17522,0
17523,0
17524,0
17525,0
17526,0
17527,0
17528,0
17529,0
17530,0
17531,0
17532,0
17533,0
17534,0
17535,0
17536,0
17537,0
17538,0
17539,0
17540,0
17541,0
17542,0
17543,0
17544,0
17545,0
17546,0
17547,0
17548,0
17549,0
17550,0
17551,0
17552,0
17553,0
17554,0
17555,0
17556,0
17557,0
17558,0
17559,0
17560,0
17561,0
17562,0
17563,0
17564,0
17565,0
17566,0
17567,0
17568,0
17569,0
17570,0
17571,0
17572,0
17573,0
17574,0
17575,0
17576,0
17577,0
17578,0
17579,0
17580,0
17581,0
17582,0
17583,0
17584,0
17585,0
17586,0
17587,0
17588,0
17589,0
17590,0
17591,0
17592,0
17593,0
17594,0
17595,0
17596,0
17597,0
17598,0
17599,0
17600,0
17601,0
17602,0
17603,0
17604,0
17605,0
17606,0
17607,0
17608,0
17609,0
17610,0
17611,0
17612,0
17613,0
17614,0
17615,0
17616,0
17617,0
17618,0
17619,0
17620,0
17621,0
17622,0
17623,0
17624,0
17625,0
17626,0
17627,0
17628,0
17629,0
17630,0
17631,0
17632,0
17633,0
17634,0
17635,0
17636,0
17637,0
17638,0
17639,0
17640,0
17641,0
17642,0
17643,0
17644,0
17645,0
17646,0
17647,0
17648,0
17649,0
17650,0
17651,0
17652,0
17653,0
17654,0
17655,0
17656,0
17657,0
17658,0
17659,0
17660,0
17661,0
17662,0
17663,0
17664,0
17665,0
17666,0
17667,0
17668,0
17669,0
17670,0
17671,0
17672,0
17673,0
17674,0
17675,0
17676,0
17677,0
17678,0
17679,0
17680,0
17681,0
17682,0
17683,0
17684,0
17685,0
17686,0
17687,0
17688,0
17689,0
17690,0
17691,0
17692,0
17693,0
17694,0
17695,0
17696,0
17697,0
17698,0
17699,0
17700,0
17701,0
17702,0
17703,0
17704,0
17705,0
17706,0
17707,0
17708,0
17709,0
17710,0
17711,0
17712,0
17713,0
17714,0
17715,0
17716,0
17717,0
17718,0
17719,0
17720,0
17721,0
17722,0
17723,0
17724,0
17725,0
17726,0
17727,0
17728,0
17729,0
17730,0
17731,0
17732,0
17733,0
17734,0
17735,0
17736,0
17737,0
17738,0
17739,0
17740,0
17741,0
17742,0
17743,0
17744,0
17745,0
17746,0
17747,0
17748,0
17749,0
17750,0
17751,0
17752,0
17753,0
17754,0
17755,0
17756,0
17757,12
17758,0
17759,0
17760,0
17761,0
17762,0
17763,0
17764,0
17765,0
17766,0
17767,0
17768,0
17769,0
17770,0
17771,0
17772,0
17773,0
17774,17
17775,10
17776,0
17777,0
17778,0
17779,0
17780,0
17781,0
17782,0
17783,13
17784,0
17785,0
17786,0
17787,0
17788,0
17789,15
17790,0
17791,0
17792,11
17793,0
17794,0
17795,0
17796,14
17797,0
17798,0
17799,0
17800,0
17801,0
17802,18
17803,24
17804,29
17805,0
17806,0
17807,17
17808,0
17809,0
17810,0
17811,28
17812,32
17813,0
17814,21
17815,0
17816,0
17817,0
17818,0
17819,0
17820,44
17821,0
17822,0
17823,0
17824,0
17825,0
17826,28
17827,0
17828,0
17829,45
17830,0
17831,0
17832,0
17833,0
17834,0
17835,0
17836,0
17837,0
17838,0
17839,0
17840,39
17841,0
17842,0
17843,0
17844,0
17845,0
17846,0
17847,0
17848,0
17849,0
17850,0
17851,0
17852,0
17853,0
17854,0
17855,0
17856,0
17857,0
17858,0
17859,0
17860,0
17861,0
17862,0
17863,0
17864,0
17865,0
17866,0
17867,0
17868,0
17869,0
17870,24
17871,32
17872,0
17873,0
17874,0
17875,34
17876,0
17877,0
17878,34
17879,0
17880,0
17881,0
17882,0
17883,0
17884,0
17885,15
17886,0
17887,25
17888,0
17889,0
17890,0
17891,0
17892,31
17893,0
17894,0
17895,28
17896,0
17897,0
17898,0
17899,0
17900,0
17901,0
17902,0
17903,0
17904,0
17905,0
17906,36
17907,0
17908,0
17909,0
17910,0
17911,0
17912,0
17913,0
17914,31
17915,0
17916,0
17917,0
17918,0
17919,0
17920,0
17921,0
17922,0
17923,0
17924,0
17925,0
17926,0
17927,0
17928,0
17929,0
17930,0
17931,32
17932,0
17933,0
17934,19
17935,37
17936,23
17937,0
17938,0
17939,0
17940,0
17941,29
17942,0
17943,0
17944,0
17945,0
17946,0
17947,0
17948,0
17949,0
17950,0
17951,0
17952,0
17953,0
17954,0
17955,0
17956,0
17957,0
17958,31
17959,0
17960,0
17961,0
17962,0
17963,0
17964,0
17965,0
17966,0
17967,32
17968,31
17969,0
17970,0
17971,0
17972,0
17973,0
17974,0
17975,0
17976,0
17977,25
17978,38
17979,38
17980,0
17981,0
17982,0
17983,0
17984,0
17985,0
17986,0
17987,0
17988,0
17989,35
17990,0
17991,37
17992,0
17993,0
17994,0
17995,0
17996,28
17997,0
17998,35
17999,0
18000,0
18001,20
18002,28
18003,0
18004,20
18005,27
18006,0
18007,0
18008,0
18009,0
18010,0
18011,29
18012,37
18013,38
18014,0
18015,0
18016,0
18017,30
18018,0
18019,0
18020,0
18021,0
18022,0
18023,0
18024,0
18025,0
18026,0
18027,26
18028,0
18029,0
18030,0
18031,0
18032,30
18033,0
18034,0
18035,0
18036,0
18037,0
18038,0
18039,0
18040,0
18041,28
18042,42
18043,0
18044,0
18045,0
18046,0
18047,0
18048,0
18049,29
18050,20
18051,25
18052,19
18053,0
18054,21
18055,0
18056,0
18057,0
18058,0
18059,0
18060,0
18061,0
18062,0
18063,0
18064,39
18065,0
18066,24
18067,27
18068,0
18069,0
18070,0
18071,0
18072,0
18073,0
18074,0
18075,0
18076,0
18077,0
18078,0
18079,0
18080,0
18081,0
18082,0
18083,0
18084,0
18085,0
18086,0
18087,0
18088,0
18089,0
18090,0
18091,0
18092,0
18093,0
18094,0
18095,0
18096,0
18097,0
18098,0
18099,0
18100,0
18101,0
18102,20
18103,0
18104,0
18105,0
18106,31
18107,30
18108,28
18109,0
18110,33
18111,0
18112,33
18113,0
18114,0
18115,0
18116,0
18117,0
18118,0
18119,0
18120,0
18121,0
18122,0
18123,0
18124,0
18125,0
18126,0
18127,0
18128,0
18129,0
18130,0
18131,0
18132,0
18133,0
18134,0
18135,27
18136,0
18137,0
18138,0
18139,0
18140,0
18141,0
18142,0
18143,0
18144,0
18145,35
18146,0
18147,0
18148,0
18149,0
18150,0
18151,0
18152,23
18153,0
18154,0
18155,0
18156,0
18157,22
18158,0
18159,0
18160,0
18161,0
18162,0
18163,0
18164,25
18165,22
18166,0
18167,0
18168,0
18169,0
18170,0
18171,0
18172,0
18173,36
18174,0
18175,45
18176,0
18177,0
18178,0
18179,0
18180,0
18181,0
18182,0
18183,0
18184,0
18185,0
18186,0
18187,0
18188,20
18189,0
18190,0
18191,0
18192,0
18193,0
18194,0
18195,0
18196,0
18197,0
18198,0
18199,0
18200,0
18201,0
18202,0
18203,0
18204,0
18205,24
18206,0
18207,0
18208,0
18209,0
18210,0
18211,0
18212,0
18213,0
18214,0
18215,0
18216,0
18217,0
18218,0
18219,0
18220,0
18221,0
18222,0
18223,0
18224,0
18225,0
18226,0
18227,0
18228,0
18229,0
18230,0
18231,0
18232,0
18233,0
18234,0
18235,0
18236,0
18237,16
18238,0
18239,0
18240,0
18241,0
18242,14
18243,0
18244,0
18245,0
18246,0
18247,0
18248,0
18249,0
18250,0
18251,0
18252,0
18253,0
18254,0
18255,0
18256,0
18257,0
18258,0
18259,0
18260,0
18261,0
18262,15
18263,0
18264,0
18265,0
18266,0
18267,0
18268,0
18269,0
18270,0
18271,11
18272,0
18273,0
18274,0
18275,0
18276,0
18277,0
18278,16
18279,0
18280,0
18281,0
18282,0
18283,0
18284,0
18285,0
18286,0
18287,0
18288,0
18289,0
18290,0
18291,0
18292,0
18293,0
18294,0
18295,0
18296,0
18297,0
18298,0
18299,0
18300,14
18301,0
18302,0
18303,0
18304,0
18305,0
18306,0
18307,0
18308,0
18309,0
18310,0
18311,0
18312,17
18313,0
18314,0
18315,0
18316,0
18317,0
18318,0
18319,0
18320,0
18321,0
18322,0
18323,0
18324,0
18325,0
18326,0
18327,0
18328,0
18329,0
18330,0
18331,0
18332,0
18333,10
18334,0
18335,0
18336,0
18337,0
18338,0
18339,0
18340,0
18341,0
18342,0
18343,0
18344,0
18345,0
18346,0
18347,0
18348,0
18349,0
18350,0
18351,0
18352,0
18353,0
18354,0
18355,0
18356,0
18357,0
18358,0
18359,0
18360,0
18361,0
18362,0
18363,0
18364,27
18365,0
18366,0
18367,0
18368,0
18369,0
18370,0
18371,0
18372,0
18373,0
18374,0
18375,0
18376,0
18377,0
18378,10
18379,0
18380,0
18381,0
18382,0
18383,15
18384,0
18385,0
18386,0
18387,0
18388,0
18389,0
18390,0
18391,0
18392,0
18393,0
18394,0
18395,0
18396,0
18397,0
18398,0
18399,0
18400,0
18401,0
18402,0
18403,0
18404,14
18405,0
18406,0
18407,0
18408,30
18409,0
18410,0
18411,0
18412,0
18413,0
18414,0
18415,10
18416,0
18417,0
18418,0
18419,0
18420,0
18421,0
18422,0
18423,0
18424,0
18425,0
18426,0
18427,0
18428,0
18429,0
18430,0
18431,0
18432,0
18433,0
18434,0
18435,23
18436,0
18437,0
18438,0
18439,0
18440,0
18441,0
18442,0
18443,0
18444,0
18445,0
18446,0
18447,0
18448,16
18449,0
18450,20
18451,0
18452,0
18453,0
18454,0
18455,0
18456,0
18457,0
18458,0
18459,0
18460,0
18461,0
18462,0
18463,0
18464,0
18465,0
18466,0
18467,20
18468,0
18469,0
18470,17
18471,0
18472,0
18473,0
18474,0
18475,0
18476,0
18477,0
18478,0
18479,0
18480,0
18481,0
18482,0
18483,0
18484,0
18485,0
18486,0
18487,0
18488,0
18489,0
18490,0
18491,0
18492,0
18493,0
18494,0
18495,0
18496,0
18497,0
18498,0
18499,0
18500,0
18501,0
18502,0
18503,0
18504,0
18505,0
18506,0
18507,0
18508,0
18509,13
18510,0
18511,0
18512,0
18513,0
18514,0
18515,0
18516,0
18517,0
18518,0
18519,0
18520,0
18521,0
18522,0
18523,0
18524,0
18525,24
18526,0
18527,0
18528,0
18529,0
18530,0
18531,0
18532,0
18533,0
18534,0
18535,0
18536,0
18537,0
18538,0
18539,0
18540,0
18541,0
18542,0
18543,0
18544,12
18545,0
18546,12
18547,0
18548,0
18549,0
18550,0
18551,0
18552,0
18553,0
18554,0
18555,0
18556,25
18557,0
18558,0
18559,0
18560,11
18561,0
18562,0
18563,0
18564,0
18565,0
18566,0
18567,0
18568,0
18569,0
18570,0
18571,0
18572,0
18573,13
18574,0
18575,0
18576,0
18577,0
18578,0
18579,0
18580,0
18581,0
18582,0
18583,0
18584,0
18585,0
18586,0
18587,0
18588,0
18589,18
18590,0
18591,0
18592,0
18593,0
18594,0
18595,0
18596,0
18597,0
18598,0
18599,0
18600,0
18601,0
18602,0
18603,0
18604,0
18605,0
18606,0
18607,0
18608,0
18609,0
18610,0
18611,0
18612,0
18613,0
18614,0
18615,0
18616,0
18617,16
18618,0
18619,15
18620,0
18621,21
18622,0
18623,0
18624,0
18625,0
18626,0
18627,0
18628,0
18629,0
18630,0
18631,0
18632,0
18633,0
18634,0
18635,0
18636,0
18637,0
18638,0
18639,0
18640,0
18641,0
18642,0
18643,0
18644,0
18645,0
18646,0
18647,0
18648,0
18649,0
18650,0
18651,0
18652,0
18653,0
18654,0
18655,0
18656,0
18657,0
18658,0
18659,0
18660,0
18661,0
18662,10
18663,0
18664,0
18665,0
18666,0
18667,0
18668,0
18669,0
18670,0
18671,0
18672,0
18673,0
18674,0
18675,26
18676,0
18677,12
18678,0
18679,0
18680,0
18681,0
18682,19
18683,0
18684,0
18685,0
18686,0
18687,0
18688,0
18689,0
18690,0
18691,0
18692,13
18693,0
18694,0
18695,0
18696,0
18697,0
18698,17
18699,0
18700,0
18701,0
18702,0
18703,0
18704,0
18705,0
18706,0
18707,0
18708,0
18709,0
18710,0
18711,12
18712,0
18713,0
18714,0
18715,0
18716,0
18717,0
18718,0
18719,12
18720,0
18721,0
18722,0
18723,0
18724,0
18725,0
18726,0
18727,0
18728,18
18729,19
18730,0
18731,0
18732,0
18733,0
18734,0
18735,0
18736,0
18737,0
18738,0
18739,0
18740,0
18741,0
18742,0
18743,0
18744,0
18745,0
18746,0
18747,17
18748,0
18749,0
18750,0
18751,0
18752,0
18753,0
18754,0
18755,0
18756,0
18757,0
18758,0
18759,0
18760,0
18761,0
18762,0
18763,0
18764,0
18765,0
18766,0
18767,28
18768,0
18769,16
18770,0
18771,0
18772,0
18773,0
18774,0
18775,0
18776,16
18777,21
18778,0
18779,0
18780,0
18781,0
18782,0
18783,0
18784,0
18785,0
18786,0
18787,0
18788,0
18789,0
18790,0
18791,0
18792,0
18793,0
18794,0
18795,0
18796,0
18797,0
18798,0
18799,0
18800,0
18801,0
18802,0
18803,0
18804,0
18805,0
18806,0
18807,0
18808,0
18809,0
18810,0
18811,0
18812,0
18813,0
18814,0
18815,0
18816,0
18817,0
18818,0
18819,18
18820,0
18821,0
18822,0
18823,15
18824,25
18825,0
18826,0
18827,0
18828,0
18829,0
18830,0
18831,0
18832,0
18833,0
18834,0
18835,0
18836,0
18837,0
18838,0
18839,18
18840,0
18841,0
18842,0
18843,0
18844,19
18845,0
18846,0
18847,0
18848,0
18849,0
18850,0
18851,17
18852,0
18853,0
18854,0
18855,0
18856,0
18857,0
18858,0
18859,0
18860,0
18861,0
18862,0
18863,0
18864,0
18865,0
18866,0
18867,0
18868,0
18869,0
18870,0
18871,11
18872,0
18873,0
18874,0
18875,0
18876,0
18877,0
18878,0
18879,0
18880,0
18881,0
18882,0
18883,0
18884,0
18885,0
18886,0
18887,0
18888,0
18889,0
18890,0
18891,0
18892,0
18893,0
18894,12
18895,0
18896,0
18897,13
18898,0
18899,0
18900,0
18901,0
18902,18
18903,0
18904,0
18905,0
18906,0
18907,0
18908,0
18909,0
18910,0
18911,13
18912,0
18913,0
18914,0
18915,0
18916,0
18917,23
18918,0
18919,0
18920,0
18921,15
18922,0
18923,0
18924,0
18925,0
18926,0
18927,0
18928,0
18929,0
18930,0
18931,0
18932,0
18933,0
18934,0
18935,0
18936,0
18937,0
18938,20
18939,0
18940,0
18941,0
18942,0
18943,0
18944,0
18945,0
18946,0
18947,0
18948,0
18949,0
18950,0
18951,19
18952,0
18953,0
18954,0
18955,0
18956,0
18957,0
18958,0
18959,0
18960,0
18961,0
18962,0
18963,0
18964,0
18965,0
18966,0
18967,26
18968,0
18969,0
18970,0
18971,0
18972,9
18973,0
18974,10
18975,0
18976,0
18977,14
18978,0
18979,0
18980,7
18981,0
18982,0
18983,14
18984,12
18985,0
18986,0
18987,0
18988,0
18989,0
18990,7
18991,0
18992,12
18993,9
18994,0
18995,0
18996,9
18997,0
18998,0
18999,0
19000,13
19001,14
19002,7
19003,21
19004,0
19005,0
19006,0
19007,0
19008,0
19009,0
19010,0
19011,16
19012,0
19013,0
19014,10
19015,0
19016,0
19017,0
19018,7
19019,0
19020,0
19021,0
19022,0
19023,0
19024,0
19025,0
19026,0
19027,0
19028,0
19029,0
19030,7
19031,0
19032,0
19033,0
19034,15
19035,0
19036,0
19037,0
19038,8
19039,4
19040,0
19041,0
19042,7
19043,0
19044,0
19045,0
19046,15
19047,0
19048,0
19049,0
19050,0
19051,0
19052,0
19053,0
19054,0
19055,0
19056,0
19057,18
19058,0
19059,9
19060,0
19061,5
19062,0
19063,18
19064,0
19065,8
19066,0
19067,0
19068,0
19069,0
19070,6
19071,0
19072,8
19073,10
19074,13
19075,0
19076,0
19077,0
19078,17
19079,5
19080,16
19081,0
19082,8
19083,0
19084,5
19085,9
19086,5
19087,7
19088,0
19089,0
19090,9
19091,0
19092,0
19093,8
19094,0
19095,6
19096,0
19097,0
19098,0
19099,0
19100,0
19101,0
19102,0
19103,16
19104,0
19105,0
19106,0
19107,0
19108,0
19109,0
19110,0
19111,13
19112,0
19113,12
19114,9
19115,0
19116,0
19117,0
19118,0
19119,11
19120,0
19121,12
19122,0
19123,0
19124,7
19125,0
19126,0
19127,0
19128,0
19129,13
19130,0
19131,5
19132,11
19133,0
19134,19
19135,7
19136,0
19137,11
19138,0
19139,13
19140,14
19141,0
19142,0
19143,0
19144,0
19145,0
19146,0
19147,0
19148,0
19149,0
19150,9
19151,6
19152,0
19153,10
19154,0
19155,10
19156,0
19157,0
19158,0
19159,0
19160,0
19161,0
19162,0
19163,8
19164,0
19165,0
19166,0
19167,0
19168,4
19169,0
19170,0
19171,16
19172,0
19173,0
19174,0
19175,0
19176,0
19177,0
19178,12
19179,5
19180,0
19181,9
19182,8
19183,12
19184,0
19185,0
19186,0
19187,0
19188,0
19189,0
19190,0
19191,0
19192,0
19193,4
19194,0
19195,0
19196,0
19197,7
19198,7
19199,0
19200,11
19201,0
19202,0
19203,9
19204,0
19205,0
19206,0
19207,11
19208,0
19209,0
19210,0
19211,0
19212,13
19213,12
19214,10
19215,8
19216,0
19217,5
19218,8
19219,0
19220,0
19221,0
19222,0
19223,13
19224,0
19225,0
19226,0
19227,8
19228,12
19229,6
19230,0
19231,6
19232,0
19233,0
19234,0
19235,5
19236,8
19237,0
19238,7
19239,0
19240,0
19241,0
19242,4
19243,10
19244,0
19245,7
19246,0
19247,0
19248,0
19249,0
19250,7
19251,0
19252,0
19253,0
19254,0
19255,0
19256,0
19257,11
19258,0
19259,0
19260,0
19261,0
19262,0
19263,0
19264,0
19265,0
19266,9
19267,0
19268,9
19269,9
19270,8
19271,0
19272,11
19273,0
19274,0
19275,16
19276,8
19277,0
19278,0
19279,0
19280,0
19281,0
19282,0
19283,0
19284,8
19285,0
19286,11
19287,0
19288,24
19289,0
19290,11
19291,7
19292,0
19293,0
19294,0
19295,9
19296,9
19297,0
19298,0
19299,0
19300,11
19301,14
19302,0
19303,0
19304,0
19305,0
19306,13
19307,0
19308,9
19309,0
19310,0
19311,0
19312,0
19313,0
19314,0
19315,0
19316,15
19317,0
19318,0
19319,0
19320,14
19321,4
19322,0
19323,7
19324,0
19325,0
19326,0
19327,8
19328,0
19329,12
19330,0
19331,0
19332,0
19333,9
19334,0
19335,0
19336,0
19337,0
19338,0
19339,0
19340,5
19341,0
19342,0
19343,0
19344,0
19345,0
19346,0
19347,0
19348,0
19349,0
19350,0
19351,0
19352,0
19353,0
19354,1
19355,0
19356,0
19357,0
19358,0
19359,0
19360,0
19361,2
19362,0
19363,0
19364,3
19365,0
19366,0
19367,0
19368,0
19369,0
19370,0
19371,0
19372,0
19373,0
19374,0
19375,0
19376,0
19377,0
19378,0
19379,0
19380,0
19381,3
19382,0
19383,4
19384,0
19385,0
19386,0
19387,0
19388,0
19389,0
19390,0
19391,1
19392,0
19393,0
19394,0
19395,0
19396,2
19397,4
19398,0
19399,0
19400,0
19401,0
19402,0
19403,0
19404,0
19405,0
19406,3
19407,3
19408,0
19409,0
19410,5
19411,0
19412,0
19413,0
19414,0
19415,0
19416,0
19417,0
19418,0
19419,0
19420,0
19421,3
19422,2
19423,0
19424,0
19425,0
19426,0
19427,0
19428,0
19429,0
19430,0
19431,0
19432,0
19433,0
19434,0
19435,0
19436,0
19437,0
19438,0
19439,0
19440,0
19441,0
19442,0
19443,2
19444,0
19445,0
19446,1
19447,0
19448,0
19449,0
19450,0
19451,0
19452,4
19453,0
19454,3
19455,0
19456,0
19457,0
19458,0
19459,2
19460,0
19461,0
19462,0
19463,0
19464,0
19465,2
19466,0
19467,0
19468,0
19469,3
19470,2
19471,0
19472,0
19473,0
19474,0
19475,0
19476,3
19477,0
19478,0
19479,0
19480,0
19481,0
19482,0
19483,0
19484,0
19485,0
19486,0
19487,0
19488,0
19489,0
19490,0
19491,4
19492,0
19493,0
19494,0
19495,0
19496,0
19497,0
19498,0
19499,0
19500,0
19501,1
19502,0
19503,2
19504,0
19505,0
19506,0
19507,6
19508,0
19509,0
19510,0
19511,0
19512,0
19513,5
19514,0
19515,0
19516,0
19517,3
19518,0
19519,0
19520,0
19521,0
19522,0
19523,0
19524,0
19525,0
19526,3
19527,0
19528,0
19529,0
19530,0
19531,2
19532,1
19533,0
19534,0
19535,0
19536,2
19537,0
19538,0
19539,0
19540,0
19541,0
19542,0
19543,3
19544,0
19545,0
19546,0
19547,0
19548,0
19549,0
19550,0
19551,0
19552,0
19553,0
19554,0
19555,0
19556,0
19557,0
19558,0
19559,0
19560,0
19561,0
19562,1
19563,0
19564,0
19565,0
19566,0
19567,2
19568,5
19569,0
19570,0
19571,0
19572,0
19573,0
19574,0
19575,0
19576,0
19577,0
19578,0
19579,0
19580,0
19581,0
19582,0
19583,0
19584,0
19585,0
19586,0
19587,0
19588,0
19589,0
19590,0
19591,0
19592,0
19593,0
19594,0
19595,0
19596,0
19597,0
19598,0
19599,0
19600,0
19601,3
19602,0
19603,0
19604,0
19605,0
19606,0
19607,0
19608,0
19609,0
19610,0
19611,0
19612,0
19613,0
19614,0
19615,2
19616,0
19617,0
19618,4
19619,0
19620,0
19621,0
19622,0
19623,0
19624,0
19625,0
19626,0
19627,2
19628,0
19629,0
19630,0
19631,0
19632,0
19633,3
19634,0
19635,0
19636,5
19637,0
19638,0
19639,1
19640,0
19641,0
19642,0
19643,0
19644,0
19645,0
19646,0
19647,0
19648,0
19649,4
19650,1
19651,0
19652,4
19653,2
19654,0
19655,0
19656,0
19657,0
19658,1
19659,0
19660,0
19661,5
19662,0
19663,2
19664,0
19665,0
19666,0
19667,0
19668,0
19669,0
19670,0
19671,0
19672,0
19673,0
19674,0
19675,0
19676,0
19677,2
19678,0
19679,0
19680,0
19681,4
19682,0
19683,0
19684,0
19685,0
19686,1
19687,0
19688,0
19689,3
19690,0
19691,0
19692,0
19693,0
19694,2
19695,2
19696,0
19697,0
19698,0
19699,0
19700,0
19701,0
19702,0
19703,0
19704,0
19705,0
19706,0
19707,0
19708,0
19709,0
19710,0
19711,0
19712,0
19713,0
19714,0
19715,0
19716,0
19717,0
19718,0
19719,2
19720,0
19721,0
19722,7
19723,0
19724,0
19725,0
19726,0
19727,0
19728,0
19729,2
19730,0
19731,0
19732,0
19733,0
19734,0
19735,4
19736,0
19737,2
19738,1
19739,3
19740,0
19741,0
19742,0
19743,0
19744,0
19745,0
19746,3
19747,0
19748,0
19749,0
19750,0
19751,0
19752,0
19753,0
19754,0
19755,0
19756,0
19757,0
19758,0
19759,0
19760,0
19761,3
19762,0
19763,0
19764,0
19765,0
19766,0
19767,4
19768,0
19769,1
19770,0
19771,0
19772,0
19773,0
19774,0
19775,0
19776,1
19777,0
19778,0
19779,0
19780,0
19781,0
19782,1
19783,0
19784,0
19785,0
19786,0
19787,0
19788,0
19789,0
19790,0
19791,0
19792,0
19793,0
19794,0
19795,0
19796,0
19797,0
19798,0
19799,0
19800,0
19801,0
19802,0
19803,0
19804,0
19805,0
19806,0
19807,0
19808,0
19809,0
19810,0
19811,0
19812,0
19813,0
19814,0
19815,0
19816,0
19817,0
19818,0
19819,0
19820,0
19821,0
19822,0
19823,0
19824,0
19825,0
19826,0
19827,0
19828,0
19829,0
19830,0
19831,0
19832,0
19833,0
19834,0
19835,0
19836,0
19837,0
19838,0
19839,0
19840,0
19841,0
19842,0
19843,0
19844,0
19845,0
19846,0
19847,0
19848,0
19849,0
19850,0
19851,0
19852,0
19853,0
19854,0
19855,0
19856,0
19857,0
19858,0
19859,0
19860,0
19861,0
19862,0
19863,1
19864,0
19865,0
19866,0
19867,0
19868,0
19869,0
19870,0
19871,0
19872,0
19873,0
19874,1
19875,0
19876,0
19877,0
19878,0
19879,0
19880,0
19881,0
19882,0
19883,0
19884,0
19885,0
19886,0
19887,0
19888,0
19889,0
19890,0
19891,0
19892,0
19893,0
19894,0
19895,0
19896,0
19897,0
19898,0
19899,0
19900,0
19901,0
19902,0
19903,0
19904,0
19905,0
19906,2
19907,0
19908,0
19909,0
19910,0
19911,0
19912,0
19913,0
19914,0
19915,0
19916,0
19917,0
19918,0
19919,0
19920,0
19921,0
19922,0
19923,0
19924,0
19925,0
19926,0
19927,0
19928,0
19929,0
19930,0
19931,0
19932,0
19933,0
19934,0
19935,0
19936,0
19937,0
19938,0
19939,0
19940,0
19941,0
19942,0
19943,0
19944,0
19945,0
19946,0
19947,0
19948,0
19949,0
19950,0
19951,0
19952,0
19953,0
19954,0
19955,0
19956,0
19957,0
19958,0
19959,0
19960,0
19961,0
19962,0
19963,0
19964,0
19965,0
19966,0
19967,0
19968,0
19969,0
19970,0
19971,0
19972,0
19973,0
19974,0
19975,0
19976,0
19977,0
19978,0
19979,0
19980,0
19981,0
19982,0
19983,0
19984,0
19985,0
19986,0
19987,0
19988,0
19989,0
19990,0
19991,0
19992,0
19993,0
19994,0
19995,0
19996,0
19997,0
19998,0
19999,0
20000,0
20001,0
20002,0
20003,0
20004,0
20005,1
20006,0
20007,0
20008,0
20009,0
20010,0
20011,0
20012,0
20013,0
20014,0
20015,0
20016,0
20017,0
20018,0
20019,0
20020,0
20021,0
20022,1
20023,0
20024,0
20025,1
20026,0
20027,0
20028,0
20029,0
20030,0
20031,0
20032,0
20033,0
20034,0
20035,0
20036,0
20037,0
20038,0
20039,0
20040,0
20041,0
20042,0
20043,0
20044,0
20045,0
20046,0
20047,0
20048,0
20049,0
20050,0
20051,0
20052,0
20053,0
20054,0
20055,0
20056,0
20057,0
20058,0
20059,0
20060,0
20061,0
20062,0
20063,0
20064,0
20065,0
20066,0
20067,0
20068,0
20069,0
20070,0
20071,0
20072,0
20073,0
20074,0
20075,0
20076,0
20077,0
20078,0
20079,0
20080,0
20081,0
20082,0
20083,0
20084,0
20085,0
20086,0
20087,0
20088,0
20089,0
20090,0
20091,0
20092,0
20093,0
20094,0
20095,0
20096,0
20097,0
20098,0
20099,0
20100,0
20101,0
20102,0
20103,0
20104,0
20105,0
20106,0
20107,0
20108,0
20109,0
20110,0
20111,0
20112,0
20113,0
20114,7
20115,0
20116,0
20117,0
20118,0
20119,0
20120,8
20121,4
20122,0
20123,8
20124,0
20125,0
20126,0
20127,0
20128,0
20129,0
20130,5
20131,0
20132,0
20133,11
20134,0
20135,11
20136,0
20137,0
20138,0
20139,0
20140,0
20141,0
20142,0
20143,0
20144,0
20145,0
20146,0
20147,0
20148,0
20149,0
20150,0
20151,0
20152,13
20153,0
20154,0
20155,13
20156,0
20157,0
20158,5
20159,0
20160,0
20161,0
20162,0
20163,0
20164,0
20165,0
20166,0
20167,0
20168,0
20169,0
20170,0
20171,0
20172,0
20173,0
20174,0
20175,0
20176,0
20177,0
20178,4
20179,0
20180,0
20181,0
20182,6
20183,14
20184,0
20185,0
20186,0
20187,0
20188,0
20189,0
20190,0
20191,0
20192,0
20193,6
20194,0
20195,0
20196,0
20197,0
20198,0
20199,0
20200,0
20201,0
20202,0
20203,10
20204,0
20205,0
20206,0
20207,0
20208,0
20209,0
20210,0
20211,0
20212,0
20213,0
20214,13
20215,0
20216,0
20217,13
20218,0
20219,14
20220,0
20221,0
20222,0
20223,0
20224,1
20225,0
20226,0
20227,11
20228,0
20229,0
20230,0
20231,8
20232,0
20233,0
20234,0
20235,0
20236,9
20237,4
20238,0
20239,6
20240,0
20241,11
20242,0
20243,0
20244,0
20245,0
20246,0
20247,10
20248,0
20249,0
20250,0
20251,0
20252,0
20253,0
20254,0
20255,0
20256,0
20257,8
20258,0
20259,7
20260,0
20261,11
20262,0
20263,0
20264,0
20265,0
20266,0
20267,0
20268,0
20269,7
20270,0
20271,0
20272,0
20273,0
20274,0
20275,0
20276,0
20277,9
20278,9
20279,0
20280,0
20281,0
20282,11
20283,0
20284,0
20285,0
20286,0
20287,0
20288,6
20289,12
20290,0
20291,0
20292,0
20293,6
20294,0
20295,5
20296,0
20297,0
20298,0
20299,0
20300,0
20301,0
20302,0
20303,10
20304,0
20305,0
20306,0
20307,0
20308,0
20309,0
20310,0
20311,0
20312,0
20313,0
20314,0
20315,0
20316,35
20317,0
20318,56
20319,0
20320,0
20321,0
20322,0
20323,0
20324,0
20325,0
20326,0
20327,0
20328,0
20329,0
20330,0
20331,0
20332,0
20333,0
20334,0
20335,0
20336,0
20337,0
20338,0
20339,0
20340,38
20341,0
20342,0
20343,0
20344,0
20345,0
20346,0
20347,0
20348,23
20349,0
20350,0
20351,0
20352,0
20353,0
20354,0
20355,0
20356,0
20357,0
20358,0
20359,42
20360,0
20361,0
20362,0
20363,0
20364,0
20365,0
20366,0
20367,0
20368,0
20369,0
20370,0
20371,0
20372,0
20373,38
20374,0
20375,0
20376,0
20377,0
20378,47
20379,0
20380,0
20381,0
20382,48
20383,0
20384,0
20385,0
20386,0
20387,0
20388,0
20389,0
20390,0
20391,0
20392,0
20393,39
20394,0
20395,0
20396,0
20397,0
20398,0
20399,0
20400,0
20401,0
20402,0
20403,0
20404,0
20405,0
20406,0
20407,0
20408,21
20409,39
20410,0
20411,0
20412,0
20413,0
20414,0
20415,33
20416,0
20417,0
20418,0
20419,0
20420,0
20421,0
20422,31
20423,0
20424,34
20425,0
20426,0
20427,31
20428,0
20429,0
20430,0
20431,0
20432,0
20433,0
20434,0
20435,0
20436,0
20437,0
20438,20
20439,0
20440,40
20441,0
20442,0
20443,0
20444,0
20445,34
20446,0
20447,0
20448,0
20449,0
20450,0
20451,40
20452,0
20453,0
20454,0
20455,0
20456,0
20457,0
20458,0
20459,0
20460,0
20461,0
20462,0
20463,0
20464,0
20465,0
20466,0
20467,31
20468,17
20469,0
20470,0
20471,0
20472,0
20473,36
20474,0
20475,0
20476,22
20477,0
20478,0
20479,0
20480,0
20481,0
20482,35
20483,0
20484,0
20485,0
20486,0
20487,0
20488,33
20489,51
20490,0
20491,0
20492,0
20493,0
20494,0
20495,0
20496,0
20497,0
20498,0
20499,0
20500,0
20501,0
20502,33
20503,0
20504,0
20505,0
20506,0
20507,0
20508,0
20509,0
20510,0
20511,0
20512,0
20513,45
20514,0
20515,0
20516,0
20517,0
20518,18
20519,0
20520,0
20521,0
20522,0
20523,0
20524,0
20525,0
20526,0
20527,0
20528,0
20529,0
20530,21
20531,0
20532,0
20533,0
20534,0
20535,0
20536,0
20537,19
20538,0
20539,0
20540,26
20541,0
20542,0
20543,0
20544,0
20545,0
20546,0
20547,39
20548,0
20549,0
20550,0
20551,24
20552,0
20553,0
20554,0
20555,0
20556,26
20557,29
20558,0
20559,0
20560,0
20561,0
20562,26
20563,0
20564,24
20565,0
20566,47
20567,0
20568,0
20569,0
20570,0
20571,0
20572,0
20573,0
20574,0
20575,0
20576,28
20577,0
20578,33
20579,0
20580,0
20581,0
20582,0
20583,0
20584,0
20585,0
20586,42
20587,0
20588,0
20589,0
20590,0
20591,0
20592,0
20593,0
20594,40
20595,0
20596,0
20597,0
20598,0
20599,38
20600,0
20601,0
20602,0
20603,0
20604,0
20605,0
20606,0
20607,0
20608,0
20609,0
20610,0
20611,0
20612,0
20613,35
20614,0
20615,0
20616,0
20617,0
20618,0
20619,0
20620,0
20621,0
20622,27
20623,0
20624,34
20625,0
20626,29
20627,0
20628,0
20629,0
20630,0
20631,0
20632,0
20633,20
20634,0
20635,0
20636,0
20637,0
20638,0
20639,0
20640,0
20641,30
20642,0
20643,0
20644,0
20645,0
20646,39
20647,0
20648,33
20649,0
20650,27
20651,0
20652,38
20653,0
20654,0
20655,0
20656,0
20657,0
20658,0
20659,0
20660,0
20661,0
20662,0
20663,0
20664,0
20665,0
20666,0
20667,0
20668,0
20669,0
20670,0
20671,0
20672,0
20673,0
20674,0
20675,30
20676,0
20677,0
20678,28
20679,0
20680,0
20681,0
20682,0
20683,0
20684,0
20685,0
20686,0
20687,0
20688,0
20689,0
20690,0
20691,0
20692,0
20693,0
20694,0
20695,39
20696,0
20697,0
20698,0
20699,0
20700,21
20701,35
20702,0
20703,0
20704,0
20705,0
20706,0
20707,0
20708,0
20709,0
20710,0
20711,0
20712,0
20713,25
20714,0
20715,0
20716,51
20717,0
20718,0
20719,34
20720,0
20721,0
20722,0
20723,44
20724,0
20725,34
20726,0
20727,0
20728,0
20729,0
20730,0
20731,0
20732,0
20733,0
20734,0
20735,0
20736,33
20737,29
20738,0
20739,0
20740,0
20741,0
20742,0
20743,36
20744,0
20745,25
20746,30
20747,0
20748,54
20749,0
20750,0
20751,0
20752,0
20753,34
20754,0
20755,37
20756,0
20757,0
20758,35
20759,0
20760,0
20761,0
20762,26
20763,0
20764,0
20765,0
20766,0
20767,0
20768,0
20769,0
20770,0
20771,0
20772,0
20773,0
20774,0
20775,0
20776,0
20777,0
20778,0
20779,0
20780,0
20781,15
20782,0
20783,0
20784,0
20785,0
20786,0
20787,0
20788,37
20789,0
20790,38
20791,0
20792,0
20793,0
20794,0
20795,0
20796,0
20797,0
20798,0
20799,0
20800,0
20801,0
20802,0
20803,0
20804,0
20805,0
20806,0
20807,0
20808,0
20809,0
20810,32
20811,0
20812,0
20813,0
20814,0
20815,0
20816,0
20817,0
20818,0
20819,0
20820,35
20821,0
20822,0
20823,35
20824,34
20825,0
20826,0
20827,18
20828,0
20829,0
20830,39
20831,0
20832,0
20833,30
20834,0
20835,0
20836,0
20837,0
20838,0
20839,0
20840,0
20841,33
20842,0
20843,0
20844,0
20845,0
20846,48
20847,0
20848,0
20849,0
20850,0
20851,42
20852,0
20853,0
20854,0
20855,0
20856,0
20857,0
20858,0
20859,0
20860,0
20861,0
20862,0
20863,0
20864,0
20865,0
20866,0
20867,0
20868,0
20869,0
20870,0
20871,26
20872,22
20873,0
20874,0
20875,0
20876,0
20877,0
20878,0
20879,0
20880,24
20881,24
20882,0
20883,0
20884,0
20885,35
20886,37
20887,0
20888,0
20889,0
20890,0
20891,0
20892,0
20893,0
20894,21
20895,22
20896,0
20897,23
20898,0
20899,0
20900,0
20901,0
20902,0
20903,0
20904,0
20905,0
20906,0
20907,27
20908,26
20909,0
20910,30
20911,0
20912,0
20913,0
20914,30
20915,0
20916,0
20917,0
20918,0
20919,0
20920,58
20921,33
20922,0
20923,0
20924,0
20925,0
20926,0
20927,0
20928,0
20929,34
20930,33
20931,0
20932,0
20933,0
20934,29
20935,0
20936,0
20937,0
20938,30
20939,0
20940,0
20941,0
20942,0
20943,0
20944,45
20945,34
20946,0
20947,0
20948,0
20949,0
20950,0
20951,32
20952,0
20953,37
20954,0
20955,0
20956,0
20957,24
20958,25
20959,0
20960,31
20961,0
20962,0
20963,0
20964,30
20965,0
20966,0
20967,30
20968,0
20969,0
20970,0
20971,0
20972,28
20973,0
20974,0
20975,33
20976,0
20977,0
20978,0
20979,0
20980,37
20981,0
20982,0
20983,0
20984,0
20985,0
20986,0
20987,0
20988,0
20989,0
20990,0
20991,39
20992,0
20993,0
20994,0
20995,0
20996,0
20997,0
20998,0
20999,0
21000,36
21001,0
21002,0
21003,0
21004,0
21005,0
21006,0
21007,0
21008,0
21009,25
21010,0
21011,0
21012,30
21013,31
21014,0
21015,0
21016,0
21017,0
21018,29
21019,0
21020,0
21021,0
21022,0
21023,0
21024,0
21025,0
21026,25
21027,0
21028,0
21029,0
21030,0
21031,0
21032,0
21033,0
21034,0
21035,0
21036,0
21037,0
21038,0
21039,0
21040,0
21041,0
21042,0
21043,0
21044,28
21045,0
21046,0
21047,30
21048,0
21049,0
21050,0
21051,0
21052,0
21053,0
21054,0
21055,0
21056,40
21057,48
21058,0
21059,0
21060,0
21061,31
21062,0
21063,0
21064,0
21065,24
21066,0
21067,0
21068,0
21069,0
21070,0
21071,34
21072,0
21073,0
21074,0
21075,0
21076,0
21077,0
21078,0
21079,0
21080,0
21081,0
21082,0
21083,0
21084,0
21085,0
21086,0
21087,44
21088,0
21089,0
21090,0
21091,0
21092,0
21093,0
21094,0
21095,0
21096,0
21097,0
21098,0
21099,0
21100,0
21101,0
21102,31
21103,0
21104,0
21105,0
21106,0
21107,36
21108,0
21109,0
21110,39
21111,0
21112,33
21113,0
21114,0
21115,0
21116,0
21117,49
21118,52
21119,0
21120,0
21121,0
21122,0
21123,0
21124,0
21125,0
21126,0
21127,0
21128,0
21129,0
21130,38
21131,0
21132,0
21133,0
21134,0
21135,0
21136,0
21137,0
21138,0
21139,0
21140,0
21141,0
21142,24
21143,0
21144,0
21145,0
21146,0
21147,0
21148,0
21149,0
21150,0
21151,0
21152,0
21153,0
21154,0
21155,28
21156,0
21157,0
21158,0
21159,40
21160,16
21161,13
21162,0
21163,0
21164,0
21165,0
21166,0
21167,28
21168,0
21169,0
21170,0
21171,0
21172,0
21173,0
21174,0
21175,0
21176,0
21177,0
21178,0
21179,0
21180,31
21181,0
21182,19
21183,39
21184,0
21185,39
21186,0
21187,0
21188,12
21189,17
21190,0
21191,0
21192,17
21193,25
21194,0
21195,20
21196,0
21197,0
21198,0
21199,0
21200,0
21201,0
21202,0
21203,0
21204,0
21205,0
21206,0
21207,0
21208,0
21209,0
21210,0
21211,24
21212,21
21213,0
21214,0
21215,0
21216,0
21217,19
21218,0
21219,0
21220,0
21221,0
21222,0
21223,0
21224,25
21225,0
21226,0
21227,0
21228,0
21229,0
21230,0
21231,0
21232,0
21233,34
21234,0
21235,37
21236,0
21237,0
21238,0
21239,0
21240,0
21241,0
21242,38
21243,26
21244,0
21245,14
21246,0
21247,22
21248,0
21249,0
21250,0
21251,0
21252,0
21253,0
21254,0
21255,22
21256,28
21257,0
21258,0
21259,0
21260,0
21261,0
21262,0
21263,0
21264,23
21265,30
21266,12
21267,13
21268,0
21269,0
21270,0
21271,0
21272,0
21273,0
21274,0
21275,0
21276,0
21277,23
21278,0
21279,0
21280,0
21281,0
21282,22
21283,24
21284,0
21285,0
21286,0
21287,0
21288,0
21289,0
21290,0
21291,22
21292,0
21293,0
21294,0
21295,0
21296,0
21297,0
21298,0
21299,0
21300,0
21301,0
21302,18
21303,0
21304,0
21305,19
21306,0
21307,0
21308,0
21309,0
21310,26
21311,33
21312,22
21313,0
21314,0
21315,0
21316,0
21317,0
21318,33
21319,0
21320,0
21321,18
21322,0
21323,36
21324,29
21325,0
21326,15
21327,0
21328,0
21329,0
21330,0
21331,0
21332,0
21333,0
21334,0
21335,0
21336,17
21337,13
21338,0
21339,0
21340,0
21341,0
21342,0
21343,0
21344,11
21345,0
21346,0
21347,25
21348,0
21349,0
21350,0
21351,6
21352,0
21353,0
21354,34
21355,0
21356,24
21357,0
21358,0
21359,0
21360,0
21361,22
21362,0
21363,0
21364,0
21365,0
21366,0
21367,0
21368,0
21369,18
21370,0
21371,0
21372,45
21373,0
21374,17
21375,0
21376,0
21377,0
21378,0
21379,0
21380,0
21381,0
21382,0
21383,0
21384,0
21385,0
21386,27
21387,0
21388,21
21389,0
21390,0
21391,0
21392,22
21393,0
21394,0
21395,33
21396,0
21397,0
21398,0
21399,0
21400,0
21401,0
21402,0
21403,0
21404,0
21405,0
21406,0
21407,0
21408,0
21409,0
21410,0
21411,22
21412,39
21413,0
21414,28
21415,0
21416,18
21417,0
21418,0
21419,0
21420,0
21421,32
21422,0
21423,0
21424,0
21425,0
21426,0
21427,0
21428,0
21429,19
21430,0
21431,0
21432,0
21433,0
21434,0
21435,0
21436,0
21437,0
21438,0
21439,0
21440,0
21441,11
21442,0
21443,0
21444,0
21445,0
21446,0
21447,16
21448,0
21449,0
21450,25
21451,0
21452,0
21453,0
21454,0
21455,0
21456,25
21457,0
21458,0
21459,0
21460,0
21461,0
21462,0
21463,0
21464,0
21465,0
21466,0
21467,25
21468,21
21469,0
21470,0
21471,0
21472,0
21473,0
21474,0
21475,0
21476,0
21477,0
21478,0
21479,18
21480,0
21481,47
21482,20
21483,0
21484,0
21485,23
21486,0
21487,0
21488,0
21489,17
21490,0
21491,0
21492,0
21493,22
21494,0
21495,0
21496,0
21497,0
21498,0
21499,20
21500,0
21501,0
21502,0
21503,0
21504,0
21505,0
21506,0
21507,0
21508,0
21509,0
21510,19
21511,28
21512,0
21513,30
21514,0
21515,0
21516,0
21517,16
21518,0
21519,0
21520,0
21521,0
21522,0
21523,0
21524,0
21525,0
21526,25
21527,0
21528,12
21529,0
21530,0
21531,0
21532,0
21533,0
21534,0
21535,0
21536,0
21537,21
21538,0
21539,36
21540,21
21541,0
21542,0
21543,0
21544,0
21545,0
21546,0
21547,0
21548,0
21549,34
21550,0
21551,0
21552,32
21553,33
21554,0
21555,18
21556,0
21557,0
21558,0
21559,0
21560,0
21561,0
21562,14
21563,18
21564,0
21565,20
21566,13
21567,0
21568,0
21569,0
21570,0
21571,0
21572,0
21573,0
21574,0
21575,0
21576,0
21577,0
21578,0
21579,0
21580,0
21581,0
21582,0
21583,0
21584,0
21585,0
21586,0
21587,16
21588,0
21589,0
21590,0
21591,32
21592,0
21593,0
21594,0
21595,0
21596,0
21597,0
21598,0
21599,9
21600,0
21601,0
21602,0
21603,0
21604,26
21605,0
21606,0
21607,17
21608,17
21609,23
21610,39
21611,0
21612,0
21613,0
21614,0
21615,0
21616,0
21617,25
21618,0
21619,0
21620,0
21621,0
21622,0
21623,0
21624,0
21625,0
21626,0
21627,0
21628,0
21629,0
21630,29
21631,28
21632,0
21633,9
21634,0
21635,20
21636,21
21637,0
21638,0
21639,0
21640,0
21641,20
21642,0
21643,0
21644,32
21645,0
21646,0
21647,17
21648,0
21649,0
21650,0
21651,23
21652,16
21653,18
21654,25
21655,20
21656,0
21657,28
21658,27
21659,0
21660,18
21661,0
21662,0
21663,0
21664,0
21665,0
21666,0
21667,0
21668,0
21669,0
21670,0
21671,0
21672,24
21673,0
21674,0
21675,0
21676,8
21677,0
21678,0
21679,0
21680,0
21681,14
21682,0
21683,0
21684,0
21685,0
21686,23
21687,0
21688,0
21689,0
21690,0
21691,0
21692,23
21693,0
21694,0
21695,0
21696,13
21697,0
21698,0
21699,0
21700,18
21701,7
21702,0
21703,0
21704,0
21705,0
21706,0
21707,0
21708,0
21709,0
21710,12
21711,0
21712,0
21713,0
21714,23
21715,23
21716,22
21717,16
21718,0
21719,0
21720,0
21721,25
21722,0
21723,10
21724,0
21725,22
21726,0
21727,29
21728,0
21729,0
21730,0
21731,8
21732,23
21733,0
21734,0
21735,14
21736,0
21737,0
21738,0
21739,0
21740,0
21741,0
21742,22
21743,0
21744,0
21745,18
21746,0
21747,0
21748,0
21749,0
21750,15
21751,0
21752,0
21753,0
21754,0
21755,25
21756,0
21757,0
21758,23
21759,0
21760,20
21761,0
21762,0
21763,21
21764,25
21765,0
21766,15
21767,0
21768,0
21769,0
21770,0
21771,0
21772,20
21773,0
21774,16
21775,30
21776,16
21777,0
21778,0
21779,0
21780,0
21781,0
21782,22
21783,0
21784,0
21785,0
21786,0
21787,0
21788,18
21789,0
21790,0
21791,23
21792,0
21793,0
21794,0
21795,0
21796,0
21797,0
21798,39
21799,0
21800,0
21801,0
21802,0
21803,0
21804,27
21805,0
21806,26
21807,16
21808,0
21809,0
21810,0
21811,0
21812,16
21813,0
21814,0
21815,0
21816,0
21817,0
21818,0
21819,0
21820,0
21821,15
21822,0
21823,52
21824,42
21825,0
21826,29
21827,0
21828,0
21829,0
21830,0
21831,24
21832,0
21833,18
21834,16
21835,0
21836,0
21837,0
21838,0
21839,0
21840,0
21841,26
21842,11
21843,0
21844,0
21845,0
21846,19
21847,0
21848,0
21849,0
21850,0
21851,0
21852,32
21853,0
21854,20
21855,0
21856,0
21857,36
21858,0
21859,0
21860,0
21861,20
21862,0
21863,0
21864,0
21865,0
21866,0
21867,0
21868,25
21869,21
21870,0
21871,0
21872,0
21873,0
21874,0
21875,30
21876,0
21877,0
21878,0
21879,20
21880,0
21881,0
21882,0
21883,0
21884,0
21885,0
21886,0
21887,33
21888,14
21889,0
21890,0
21891,15
21892,0
21893,0
21894,24
21895,24
21896,0
21897,0
21898,0
21899,0
21900,12
21901,0
21902,0
21903,0
21904,0
21905,0
21906,0
21907,0
21908,0
21909,0
21910,0
21911,0
21912,0
21913,0
21914,20
21915,0
21916,0
21917,0
21918,0
21919,0
21920,0
21921,23
21922,19
21923,0
21924,23
21925,0
21926,0
21927,0
21928,0
21929,28
21930,31
21931,0
21932,23
21933,0
21934,0
21935,0
21936,0
21937,17
21938,28
21939,19
21940,0
21941,0
21942,12
21943,0
21944,0
21945,13
21946,0
21947,0
21948,12
21949,26
21950,0
21951,16
21952,19
21953,0
21954,0
21955,0
21956,0
21957,16
21958,0
21959,0
21960,0
21961,0
21962,17
21963,0
21964,0
21965,0
21966,0
21967,24
21968,0
21969,0
21970,12
21971,0
21972,0
21973,0
21974,0
21975,0
21976,0
21977,0
21978,0
21979,10
21980,0
21981,0
21982,0
21983,0
21984,16
21985,0
21986,0
21987,14
21988,46
21989,0
21990,0
21991,0
21992,0
21993,40
21994,0
21995,0
21996,0
21997,0
21998,0
21999,0
22000,0
22001,0
22002,0
22003,0
22004,24
22005,0
22006,0
22007,0
22008,0
22009,0
22010,0
22011,0
22012,0
22013,0
22014,0
22015,0
22016,0
22017,0
22018,0
22019,0
22020,33
22021,0
22022,0
22023,22
22024,0
22025,0
22026,0
22027,0
22028,0
22029,0
22030,0
22031,0
22032,0
22033,0
22034,0
22035,0
22036,0
22037,0
22038,0
22039,0
22040,0
22041,0
22042,0
22043,0
22044,0
22045,0
22046,0
22047,0
22048,0
22049,0
22050,0
22051,0
22052,0
22053,0
22054,0
22055,0
22056,0
22057,0
22058,0
22059,0
22060,0
22061,0
22062,0
22063,0
22064,0
22065,0
22066,0
22067,0
22068,0
22069,0
22070,0
22071,0
22072,0
22073,0
22074,0
22075,0
22076,0
22077,0
22078,0
22079,0
22080,0
22081,0
22082,0
22083,0
22084,0
22085,0
22086,0
22087,0
22088,0
22089,0
22090,0
22091,0
22092,0
22093,0
22094,0
22095,0
22096,0
22097,0
22098,0
22099,0
22100,0
22101,0
22102,0
22103,0
22104,0
22105,0
22106,0
22107,0
22108,0
22109,0
22110,0
22111,0
22112,0
22113,0
22114,0
22115,0
22116,0
22117,0
22118,0
22119,0
22120,0
22121,0
22122,0
22123,0
22124,0
22125,0
22126,0
22127,0
22128,0
22129,0
22130,0
22131,0
22132,0
22133,0
22134,0
22135,0
22136,0
22137,0
22138,0
22139,0
22140,0
22141,0
22142,0
22143,0
22144,0
22145,0
22146,0
22147,0
22148,0
22149,0
22150,0
22151,0
22152,0
22153,0
22154,0
22155,0
22156,0
22157,0
22158,0
22159,0
22160,0
22161,0
22162,0
22163,0
22164,0
22165,0
22166,0
22167,0
22168,1
22169,0
22170,0
22171,0
22172,1
22173,0
22174,0
22175,0
22176,0
22177,0
22178,0
22179,0
22180,0
22181,0
22182,0
22183,0
22184,0
22185,0
22186,0
22187,0
22188,0
22189,0
22190,0
22191,0
22192,0
22193,0
22194,0
22195,0
22196,0
22197,0
22198,0
22199,0
22200,0
22201,0
22202,0
22203,0
22204,0
22205,0
22206,0
22207,0
22208,0
22209,0
22210,0
22211,0
22212,0
22213,0
22214,0
22215,0
22216,0
22217,0
22218,0
22219,0
22220,0
22221,0
22222,0
22223,0
22224,0
22225,0
22226,0
22227,0
22228,0
22229,0
22230,0
22231,0
22232,0
22233,0
22234,0
22235,0
22236,0
22237,0
22238,0
22239,0
22240,0
22241,0
22242,0
22243,0
22244,0
22245,0
22246,0
22247,0
22248,0
22249,0
22250,0
22251,0
22252,0
22253,0
22254,0
22255,0
22256,0
22257,0
22258,0
22259,0
22260,0
22261,0
22262,0
22263,0
22264,0
22265,0
22266,0
22267,0
22268,0
22269,0
22270,0
22271,0
22272,0
22273,0
22274,0
22275,0
22276,0
22277,0
22278,0
22279,0
22280,0
22281,0
22282,0
22283,0
22284,0
22285,0
22286,1
22287,0
22288,0
22289,0
22290,0
22291,0
22292,0
22293,0
22294,0
22295,0
22296,0
22297,0
22298,0
22299,0
22300,0
22301,0
22302,0
22303,0
22304,0
22305,0
22306,0
22307,0
22308,0
22309,0
22310,0
22311,0
22312,0
22313,0
22314,0
22315,0
22316,0
22317,0
22318,0
22319,0
22320,0
22321,0
22322,0
22323,0
22324,0
22325,0
22326,0
22327,0
22328,0
22329,0
22330,0
22331,0
22332,0
22333,0
22334,0
22335,0
22336,0
22337,0
22338,0
22339,0
22340,0
22341,1
22342,0
22343,0
22344,0
22345,0
22346,0
22347,0
22348,0
22349,0
22350,0
22351,0
22352,0
22353,0
22354,0
22355,0
22356,0
22357,0
22358,0
22359,0
22360,0
22361,0
22362,0
22363,0
22364,0
22365,0
22366,0
22367,0
22368,0
22369,0
22370,0
22371,0
22372,0
22373,0
22374,0
22375,0
22376,0
22377,0
22378,0
22379,0
22380,0
22381,0
22382,0
22383,0
22384,0
22385,0
22386,0
22387,0
22388,0
22389,0
22390,0
22391,0
22392,0
22393,0
22394,0
22395,0
22396,0
22397,0
22398,0
22399,0
22400,0
22401,0
22402,0
22403,0
22404,0
22405,0
22406,0
22407,0
22408,0
22409,0
22410,0
22411,0
22412,0
22413,0
22414,0
22415,0
22416,0
22417,0
22418,0
22419,0
22420,0
22421,0
22422,0
22423,0
22424,0
22425,0
22426,0
22427,0
22428,0
22429,0
22430,0
22431,0
22432,0
22433,0
22434,0
22435,0
22436,0
22437,0
22438,0
22439,0
22440,0
22441,0
22442,0
22443,0
22444,0
22445,0
22446,0
22447,0
22448,0
22449,0
22450,0
22451,0
22452,0
22453,0
22454,0
22455,0
22456,0
22457,0
22458,0
22459,0
22460,0
22461,0
22462,1
22463,0
22464,0
22465,0
22466,0
22467,0
22468,0
22469,0
22470,0
22471,0
22472,0
22473,0
22474,0
22475,0
22476,0
22477,0
22478,0
22479,0
22480,0
22481,0
22482,0
22483,0
22484,0
22485,0
22486,0
22487,0
22488,0
22489,0
22490,0
22491,0
22492,0
22493,0
22494,0
22495,0
22496,0
22497,0
22498,0
22499,0
22500,0
22501,0
22502,0
22503,0
22504,0
22505,0
22506,0
22507,0
22508,0
22509,0
22510,0
22511,0
22512,0
22513,0
22514,0
22515,1
22516,0
22517,0
22518,0
22519,0
22520,0
22521,0
22522,0
22523,0
22524,0
22525,0
22526,0
22527,0
22528,0
22529,0
22530,0
22531,0
22532,0
22533,0
22534,0
22535,0
22536,0
22537,0
22538,0
22539,0
22540,0
22541,0
22542,0
22543,0
22544,0
22545,0
22546,0
22547,0
22548,0
22549,0
22550,0
22551,0
22552,0
22553,0
22554,0
22555,0
22556,0
22557,0
22558,0
22559,0
22560,0
22561,0
22562,0
22563,0
22564,0
22565,0
22566,0
22567,0
22568,0
22569,0
22570,0
22571,0
22572,0
22573,0
22574,0
22575,0
22576,0
22577,0
22578,0
22579,0
22580,0
22581,0
22582,0
22583,0
22584,0
22585,0
22586,0
22587,0
22588,0
22589,0
22590,0
22591,0
22592,0
22593,0
22594,0
22595,0
22596,0
22597,0
22598,0
22599,0
22600,0
22601,0
22602,0
22603,0
22604,0
22605,0
22606,0
22607,0
22608,0
22609,0
22610,0
22611,0
22612,0
22613,0
22614,0
22615,0
22616,0
22617,0
22618,0
22619,0
22620,0
22621,0
22622,0
22623,0
22624,0
22625,0
22626,0
22627,0
22628,0
22629,0
22630,0
22631,0
22632,0
22633,0
22634,0
22635,0
22636,0
22637,0
22638,0
22639,0
22640,0
22641,0
22642,0
22643,0
22644,0
22645,0
22646,0
22647,0
22648,0
22649,0
22650,0
22651,0
22652,0
22653,0
22654,0
22655,0
22656,0
22657,0
22658,0
22659,0
22660,0
22661,0
22662,0
22663,0
22664,0
22665,0
22666,0
22667,0
22668,0
22669,0
22670,0
22671,0
22672,0
22673,0
22674,0
22675,0
22676,0
22677,0
22678,0
22679,0
22680,0
22681,0
22682,0
22683,0
22684,0
22685,0
22686,0
22687,0
22688,0
22689,0
22690,0
22691,0
22692,0
22693,0
22694,0
22695,0
22696,0
22697,0
22698,0
22699,0
22700,0
22701,0
22702,0
22703,0
22704,0
22705,0
22706,0
22707,0
22708,0
22709,0
22710,0
22711,0
22712,0
22713,0
22714,0
22715,0
22716,0
22717,0
22718,0
22719,0
22720,0
22721,0
22722,0
22723,0
22724,0
22725,0
22726,0
22727,0
22728,0
22729,0
22730,0
22731,0
22732,0
22733,0
22734,0
22735,0
22736,0
22737,0
22738,0
22739,0
22740,0
22741,0
22742,0
22743,0
22744,0
22745,0
22746,0
22747,0
22748,0
22749,0
22750,1
22751,0
22752,0
22753,0
22754,0
22755,0
22756,0
22757,0
22758,0
22759,0
22760,0
22761,0
22762,0
22763,0
22764,0
22765,0
22766,0
22767,0
22768,0
22769,0
22770,0
22771,0
22772,0
22773,0
22774,0
22775,0
22776,1
22777,0
22778,0
22779,0
22780,0
22781,0
22782,0
22783,0
22784,0
22785,0
22786,0
22787,0
22788,0
22789,0
22790,0
22791,0
22792,0
22793,0
22794,0
22795,0
22796,0
22797,0
22798,0
22799,0
22800,0
22801,0
22802,0
22803,0
22804,28
22805,0
22806,0
22807,0
22808,0
22809,38
22810,0
22811,0
22812,25
22813,0
22814,0
22815,31
22816,0
22817,0
22818,30
22819,0
22820,0
22821,0
22822,0
22823,0
22824,0
22825,0
22826,0
22827,0
22828,33
22829,0
22830,0
22831,23
22832,0
22833,0
22834,0
22835,0
22836,0
22837,35
22838,0
22839,0
22840,0
22841,19
22842,34
22843,0
22844,0
22845,31
22846,0
22847,0
22848,0
22849,0
22850,0
22851,0
22852,19
22853,0
22854,35
22855,0
22856,0
22857,37
22858,32
22859,0
22860,0
22861,0
22862,0
22863,0
22864,39
22865,0
22866,0
22867,0
22868,0
22869,0
22870,0
22871,0
22872,42
22873,0
22874,43
22875,0
22876,0
22877,26
22878,0
22879,0
22880,0
22881,0
22882,0
22883,31
22884,0
22885,30
22886,0
22887,0
22888,19
22889,31
22890,37
22891,34
22892,0
22893,50
22894,0
22895,0
22896,0
22897,0
22898,0
22899,0
22900,29
22901,0
22902,27
22903,0
22904,0
22905,0
22906,0
22907,29
22908,0
22909,0
22910,0
22911,0
22912,0
22913,0
22914,0
22915,48
22916,36
22917,0
22918,0
22919,6
22920,0
22921,0
22922,0
22923,0
22924,0
22925,0
22926,28
22927,0
22928,0
22929,64
22930,37
22931,0
22932,0
22933,0
22934,0
22935,0
22936,0
22937,12
22938,46
22939,27
22940,0
22941,0
22942,0
22943,0
22944,40
22945,30
22946,0
22947,0
22948,0
22949,0
22950,18
22951,0
22952,0
22953,0
22954,0
22955,0
22956,0
22957,0
22958,44
22959,0
22960,56
22961,0
22962,0
22963,44
22964,0
22965,0
22966,38
22967,0
22968,46
22969,0
22970,0
22971,0
22972,0
22973,0
22974,28
22975,29
22976,0
22977,0
22978,0
22979,68
22980,0
22981,0
22982,51
22983,0
22984,0
22985,0
22986,0
22987,0
22988,63
22989,0
22990,0
22991,0
22992,32
22993,0
22994,0
22995,0
22996,0
22997,41
22998,0
22999,0
23000,0
23001,0
23002,0
23003,0
23004,0
23005,0
23006,0
23007,0
23008,60
23009,33
23010,0
23011,31
23012,0
23013,0
23014,0
23015,22
23016,0
23017,19
23018,0
23019,0
23020,0
23021,0
23022,0
23023,0
23024,0
23025,0
23026,0
23027,37
23028,0
23029,0
23030,38
23031,0
23032,0
23033,0
23034,0
23035,0
23036,0
23037,0
23038,0
23039,0
23040,39
23041,0
23042,45
23043,43
23044,0
23045,0
23046,0
23047,0
23048,0
23049,59
23050,0
23051,0
23052,0
23053,0
23054,0
23055,0
23056,0
23057,0
23058,0
23059,0
23060,0
23061,0
23062,0
23063,0
23064,0
23065,0
23066,48
23067,33
23068,0
23069,0
23070,37
23071,0
23072,20
23073,0
23074,0
23075,41
23076,0
23077,0
23078,0
23079,0
23080,0
23081,0
23082,0
23083,0
23084,43
23085,0
23086,26
23087,0
23088,0
23089,0
23090,54
23091,0
23092,0
23093,0
23094,0
23095,0
23096,34
23097,0
23098,35
23099,0
23100,0
23101,0
23102,0
23103,40
23104,0
23105,47
23106,0
23107,0
23108,0
23109,0
23110,0
23111,46
23112,0
23113,0
23114,0
23115,0
23116,0
23117,0
23118,23
23119,0
23120,0
23121,0
23122,0
23123,0
23124,0
23125,0
23126,0
23127,27
23128,0
23129,0
23130,0
23131,0
23132,0
23133,0
23134,0
23135,37
23136,0
23137,0
23138,31
23139,0
23140,43
23141,31
23142,0
23143,9
23144,0
23145,0
23146,0
23147,0
23148,0
23149,59
23150,0
23151,28
23152,0
23153,0
23154,0
23155,48
23156,0
23157,32
23158,0
23159,0
23160,0
23161,0
23162,0
23163,0
23164,37
23165,0
23166,29
23167,41
23168,0
23169,0
23170,0
23171,0
23172,0
23173,0
23174,0
23175,0
23176,0
23177,0
23178,0
23179,0
23180,0
23181,0
23182,0
23183,0
23184,37
23185,0
23186,30
23187,32
23188,0
23189,0
23190,0
23191,15
23192,0
23193,0
23194,51
23195,37
23196,28
23197,45
23198,0
23199,0
23200,0
23201,0
23202,0
23203,0
23204,0
23205,0
23206,0
23207,0
23208,31
23209,0
23210,27
23211,22
23212,0
23213,0
23214,0
23215,0
23216,0
23217,43
23218,0
23219,0
23220,0
23221,0
23222,0
23223,0
23224,38
23225,34
23226,34
23227,0
23228,44
23229,66
23230,0
23231,33
23232,0
23233,0
23234,28
23235,0
23236,0
23237,0
23238,0
23239,0
23240,0
23241,0
23242,0
23243,0
23244,0
23245,0
23246,0
23247,0
23248,0
23249,0
23250,0
23251,47
23252,0
23253,0
23254,0
23255,29
23256,0
23257,33
23258,22
23259,0
23260,0
23261,0
23262,0
23263,0
23264,23
23265,27
23266,39
23267,24
23268,48
23269,26
23270,0
23271,11
23272,0
23273,44
23274,53
23275,58
23276,0
23277,34
23278,0
23279,0
23280,0
23281,46
23282,40
23283,0
23284,0
23285,0
23286,0
23287,0
23288,0
23289,0
23290,0
23291,19
23292,0
23293,37
23294,0
23295,32
23296,0
23297,0
23298,22
23299,0
23300,56
23301,51
23302,0
23303,0
23304,0
23305,0
23306,0
23307,0
23308,0
23309,0
23310,0
23311,0
23312,46
23313,23
23314,51
23315,0
23316,0
23317,0
23318,27
23319,0
23320,0
23321,0
23322,0
23323,32
23324,0
23325,61
23326,0
23327,0
23328,0
23329,0
23330,0
23331,0
23332,0
23333,0
23334,21
23335,0
23336,0
23337,0
23338,0
23339,61
23340,0
23341,0
23342,0
23343,0
23344,0
23345,0
23346,0
23347,0
23348,0
23349,0
23350,0
23351,0
23352,0
23353,0
23354,29
23355,34
23356,0
23357,30
23358,0
23359,37
23360,0
23361,0
23362,0
23363,35
23364,35
23365,0
23366,31
23367,0
23368,54
23369,0
23370,0
23371,0
23372,36
23373,0
23374,0
23375,0
23376,0
23377,44
23378,0
23379,30
23380,34
23381,0
23382,24
23383,0
23384,0
23385,0
23386,0
23387,0
23388,27
23389,33
23390,0
23391,0
23392,40
23393,0
23394,0
23395,0
23396,0
23397,0
23398,41
23399,0
23400,0
23401,38
23402,0
23403,52
23404,0
23405,0
23406,0
23407,40
23408,0
23409,0
23410,43
23411,0
23412,38
23413,0
23414,0
23415,0
23416,0
23417,34
23418,30
23419,0
23420,0
23421,22
23422,0
23423,0
23424,0
23425,30
23426,23
23427,0
23428,0
23429,0
23430,0
23431,40
23432,0
23433,0
23434,0
23435,0
23436,0
23437,0
23438,0
23439,10
23440,0
23441,0
23442,0
23443,0
23444,0
23445,26
23446,43
23447,0
23448,0
23449,0
23450,0
23451,28
23452,94
23453,0
23454,0
23455,0
23456,0
23457,0
23458,0
23459,46
23460,0
23461,0
23462,0
23463,39
23464,0
23465,41
23466,24
23467,0
23468,0
23469,0
23470,0
23471,0
23472,0
23473,0
23474,0
23475,0
23476,24
23477,0
23478,0
23479,0
23480,0
23481,29
23482,33
23483,0
23484,0
23485,0
23486,0
23487,0
23488,0
23489,0
23490,0
23491,50
23492,0
23493,0
23494,0
23495,32
23496,0
23497,0
23498,0
23499,71
23500,0
23501,0
23502,0
23503,23
23504,35
23505,34
23506,0
23507,0
23508,19
23509,70
23510,0
23511,0
23512,0
23513,36
23514,0
23515,0
23516,0
23517,49
23518,33
23519,27
23520,0
23521,0
23522,0
23523,39
23524,0
23525,0
23526,32
23527,0
23528,0
23529,0
23530,24
23531,0
23532,32
23533,0
23534,0
23535,0
23536,0
23537,0
23538,0
23539,0
23540,0
23541,0
23542,0
23543,0
23544,0
23545,0
23546,37
23547,0
23548,36
23549,0
23550,0
23551,46
23552,54
23553,51
23554,0
23555,0
23556,0
23557,0
23558,22
23559,0
23560,0
23561,30
23562,45
23563,0
23564,31
23565,54
23566,47
23567,0
23568,34
23569,0
23570,54
23571,0
23572,0
23573,0
23574,0
23575,0
23576,0
23577,0
23578,0
23579,0
23580,0
23581,0
23582,0
23583,33
23584,0
23585,21
23586,57
23587,0
23588,0
23589,0
23590,27
23591,0
23592,31
23593,0
23594,0
23595,0
23596,0
23597,0
23598,0
23599,0
23600,32
23601,0
23602,0
23603,0
23604,27
23605,0
23606,0
23607,39
23608,0
23609,52
23610,0
23611,37
23612,33
23613,0
23614,0
23615,0
23616,71
23617,0
23618,0
23619,0
23620,0
23621,22
23622,34
23623,0
23624,0
23625,40
23626,36
23627,0
23628,0
23629,0
23630,0
23631,30
23632,23
23633,47
23634,27
23635,37
23636,0
23637,0
23638,0
23639,28
23640,0
23641,40
23642,23
23643,36
23644,0
23645,0
23646,0
23647,0
23648,0
23649,0
23650,0
23651,18
23652,51
23653,0
23654,0
23655,0
23656,0
23657,0
23658,0
23659,30
23660,0
23661,0
23662,0
23663,0
23664,0
23665,27
23666,0
23667,47
23668,0
23669,24
23670,0
23671,0
23672,0
23673,30
23674,0
23675,0
23676,0
23677,0
23678,23
23679,0
23680,24
23681,0
23682,46
23683,0
23684,0
23685,0
23686,36
23687,0
23688,0
23689,0
23690,24
23691,0
23692,0
23693,0
23694,0
23695,0
23696,34
23697,0
23698,66
23699,0
23700,0
23701,0
23702,0
23703,0
23704,0
23705,0
23706,0
23707,0
23708,0
23709,57
23710,0
23711,0
23712,30
23713,0
23714,0
23715,0
23716,0
23717,0
23718,0
23719,0
23720,0
23721,74
23722,0
23723,0
23724,76
23725,0
23726,24
23727,0
23728,0
23729,0
23730,0
23731,0
23732,0
23733,0
23734,0
23735,30
23736,0
23737,64
23738,0
23739,0
23740,15
23741,64
23742,0
23743,0
23744,0
23745,31
23746,0
23747,0
23748,0
23749,0
23750,0
23751,0
23752,62
23753,0
23754,0
23755,43
23756,26
23757,0
23758,0
23759,0
23760,0
23761,21
23762,0
23763,0
23764,0
23765,0
23766,30
23767,0
23768,0
23769,0
23770,0
23771,0
23772,44
23773,0
23774,17
23775,0
23776,0
23777,0
23778,0
23779,0
23780,0
23781,0
23782,0
23783,0
23784,33
23785,0
23786,0
23787,0
23788,0
23789,0
23790,0
23791,0
23792,0
23793,0
23794,0
23795,0
23796,40
23797,0
23798,29
23799,0
23800,0
23801,0
23802,37
23803,41
23804,23
23805,0
23806,0
23807,0
23808,0
23809,0
23810,0
23811,0
23812,0
23813,0
23814,0
23815,0
23816,25
23817,0
23818,36
23819,0
23820,0
23821,0
23822,0
23823,0
23824,21
23825,0
23826,0
23827,0
23828,36
23829,59
23830,0
23831,0
23832,0
23833,39
23834,50
23835,0
23836,0
23837,0
23838,0
23839,0
23840,0
23841,0
23842,0
23843,0
23844,0
23845,0
23846,0
23847,0
23848,0
23849,0
23850,0
23851,0
23852,0
23853,0
23854,0
23855,0
23856,0
23857,0
23858,0
23859,0
23860,0
23861,0
23862,0
23863,0
23864,1
23865,0
23866,0
23867,0
23868,0
23869,0
23870,0
23871,0
23872,0
23873,0
23874,0
23875,0
23876,0
23877,0
23878,0
23879,0
23880,0
23881,0
23882,0
23883,0
23884,0
23885,0
23886,0
23887,0
23888,0
23889,0
23890,0
23891,0
23892,0
23893,0
23894,0
23895,0
23896,0
23897,0
23898,0
23899,0
23900,0
23901,0
23902,0
23903,0
23904,0
23905,0
23906,0
23907,0
23908,0
23909,0
23910,0
23911,0
23912,0
23913,0
23914,0
23915,0
23916,0
23917,0
23918,0
23919,0
23920,0
23921,0
23922,0
23923,0
23924,0
23925,0
23926,0
23927,0
23928,0
23929,0
23930,0
23931,0
23932,0
23933,0
23934,0
23935,0
23936,0
23937,0
23938,0
23939,0
23940,0
23941,0
23942,0
23943,0
23944,0
23945,0
23946,0
23947,0
23948,0
23949,0
23950,0
23951,0
23952,0
23953,0
23954,0
23955,0
23956,0
23957,0
23958,0
23959,0
23960,0
23961,0
23962,0
23963,0
23964,0
23965,0
23966,0
23967,0
23968,0
23969,0
23970,0
23971,0
23972,0
23973,0
23974,0
23975,0
23976,0
23977,1
23978,0
23979,0
23980,0
23981,0
23982,0
23983,0
23984,0
23985,0
23986,0
23987,0
23988,0
23989,0
23990,0
23991,0
23992,0
23993,0
23994,0
23995,0
23996,0
23997,0
23998,0
23999,0
24000,0
24001,0
24002,0
24003,0
24004,0
24005,0
24006,0
24007,0
24008,0
24009,0
24010,0
24011,0
24012,0
24013,0
24014,0
24015,0
24016,0
24017,0
24018,0
24019,0
24020,0
24021,0
24022,0
24023,0
24024,0
24025,0
24026,0
24027,0
24028,0
24029,0
24030,0
24031,0
24032,0
24033,0
24034,0
24035,0
24036,0
24037,0
24038,0
24039,0
24040,0
24041,0
24042,0
24043,0
24044,0
24045,0
24046,0
24047,0
24048,0
24049,0
24050,0
24051,0
24052,0
24053,0
24054,0
24055,0
24056,0
24057,0
24058,0
24059,0
24060,0
24061,0
24062,0
24063,0
24064,0
24065,0
24066,0
24067,0
24068,0
24069,0
24070,0
24071,0
24072,0
24073,0
24074,0
24075,0
24076,0
24077,0
24078,0
24079,0
24080,0
24081,0
24082,0
24083,0
24084,0
24085,0
24086,0
24087,0
24088,0
24089,0
24090,0
24091,0
24092,0
24093,0
24094,0
24095,0
24096,0
24097,0
24098,0
24099,0
24100,0
24101,0
24102,0
24103,0
24104,0
24105,0
24106,0
24107,0
24108,0
24109,0
24110,0
24111,0
24112,0
24113,0
24114,0
24115,0
24116,0
24117,0
24118,0
24119,0
24120,0
24121,0
24122,0
24123,1
24124,0
24125,0
24126,0
24127,0
24128,0
24129,0
24130,0
24131,0
24132,0
24133,0
24134,0
24135,0
24136,0
24137,0
24138,0
24139,0
24140,0
24141,0
24142,0
24143,0
24144,0
24145,0
24146,0
24147,0
24148,0
24149,0
24150,0
24151,0
24152,0
24153,0
24154,0
24155,0
24156,0
24157,0
24158,0
24159,0
24160,0
24161,0
24162,0
24163,0
24164,0
24165,0
24166,0
24167,0
24168,0
24169,0
24170,0
24171,0
24172,0
24173,0
24174,0
24175,0
24176,0
24177,0
24178,0
24179,0
24180,0
24181,0
24182,0
24183,0
24184,0
24185,0
24186,0
24187,0
24188,3
24189,0
24190,0
24191,0
24192,0
24193,0
24194,0
24195,0
24196,0
24197,0
24198,0
24199,0
24200,0
24201,0
24202,0
24203,0
24204,0
24205,0
24206,0
24207,0
24208,0
24209,0
24210,0
24211,0
24212,0
24213,0
24214,0
24215,0
24216,0
24217,0
24218,0
24219,0
24220,2
24221,0
24222,0
24223,0
24224,0
24225,0
24226,0
24227,0
24228,0
24229,0
24230,0
24231,0
24232,1
24233,0
24234,0
24235,0
24236,0
24237,0
24238,0
24239,0
24240,0
24241,0
24242,0
24243,0
24244,0
24245,0
24246,0
24247,3
24248,0
24249,0
24250,0
24251,0
24252,0
24253,0
24254,0
24255,3
24256,2
24257,0
24258,0
24259,0
24260,0
24261,0
24262,0
24263,0
24264,0
24265,0
24266,0
24267,3
24268,4
24269,0
24270,0
24271,0
24272,0
24273,0
24274,0
24275,0
24276,0
24277,0
24278,0
24279,0
24280,0
24281,0
24282,0
24283,0
24284,0
24285,0
24286,0
24287,0
24288,0
24289,0
24290,0
24291,0
24292,0
24293,0
24294,0
24295,0
24296,0
24297,0
24298,0
24299,0
24300,0
24301,0
24302,0
24303,0
24304,0
24305,0
24306,0
24307,0
24308,0
24309,0
24310,0
24311,2
24312,0
24313,0
24314,5
24315,0
24316,0
24317,0
24318,0
24319,0
24320,12
24321,0
24322,0
24323,2
24324,0
24325,0
24326,0
24327,7
24328,0
24329,0
24330,0
24331,0
24332,0
24333,4
24334,0
24335,0
24336,0
24337,0
24338,0
24339,6
24340,0
24341,0
24342,0
24343,0
24344,0
24345,0
24346,0
24347,0
24348,0
24349,0
24350,0
24351,0
24352,0
24353,0
24354,0
24355,0
24356,0
24357,0
24358,0
24359,0
24360,0
24361,0
24362,0
24363,0
24364,0
24365,0
24366,0
24367,0
24368,3
24369,0
24370,5
24371,0
24372,0
24373,0
24374,0
24375,0
24376,0
24377,0
24378,0
24379,0
24380,0
24381,0
24382,0
24383,4
24384,0
24385,0
24386,5
24387,0
24388,0
24389,0
24390,0
24391,0
24392,0
24393,0
24394,4
24395,0
24396,0
24397,0
24398,0
24399,1
24400,0
24401,0
24402,5
24403,0
24404,0
24405,3
24406,0
24407,0
24408,0
24409,0
24410,0
24411,0
24412,0
24413,3
24414,0
24415,0
24416,0
24417,0
24418,0
24419,0
24420,0
24421,0
24422,0
24423,0
24424,0
24425,0
24426,0
24427,0
24428,0
24429,0
24430,0
24431,0
24432,0
24433,0
24434,0
24435,0
24436,0
24437,0
24438,0
24439,0
24440,0
24441,0
24442,0
24443,4
24444,0
24445,0
24446,0
24447,0
24448,0
24449,0
24450,2
24451,0
24452,0
24453,0
24454,0
24455,0
24456,0
24457,0
24458,0
24459,0
24460,0
24461,0
24462,3
24463,0
24464,0
24465,0
24466,0
24467,0
24468,0
24469,0
24470,0
24471,0
24472,0
24473,3
24474,0
24475,0
24476,0
24477,0
24478,2
24479,0
24480,0
24481,0
24482,0
24483,0
24484,0
24485,4
24486,0
24487,0
24488,0
24489,0
24490,0
24491,0
24492,0
24493,2
24494,0
24495,2
24496,0
24497,0
24498,0
24499,0
24500,0
24501,0
24502,0
24503,0
24504,0
24505,0
24506,0
24507,0
24508,0
24509,0
24510,0
24511,0
24512,0
24513,2
24514,2
24515,0
24516,0
24517,0
24518,0
24519,0
24520,0
24521,0
24522,0
24523,0
24524,0
24525,0
24526,0
24527,0
24528,0
24529,0
24530,4
24531,2
24532,0
24533,0
24534,0
24535,0
24536,0
24537,0
24538,0
24539,3
24540,0
24541,5
24542,0
24543,0
24544,0
24545,0
24546,0
24547,0
24548,0
24549,0
24550,0
24551,0
24552,0
24553,0
24554,0
24555,0
24556,0
24557,0
24558,0
24559,0
24560,0
24561,0
24562,0
24563,0
24564,0
24565,0
24566,0
24567,0
24568,0
24569,0
24570,0
24571,0
24572,0
24573,0
24574,0
24575,0
24576,0
24577,0
24578,0
24579,0
24580,0
24581,0
24582,0
24583,0
24584,0
24585,0
24586,0
24587,1
24588,0
24589,0
24590,0
24591,0
24592,0
24593,0
24594,0
24595,0
24596,0
24597,0
24598,0
24599,0
24600,0
24601,0
24602,0
24603,0
24604,0
24605,0
24606,0
24607,0
24608,0
24609,0
24610,0
24611,0
24612,4
24613,0
24614,0
24615,0
24616,0
24617,0
24618,0
24619,0
24620,0
24621,0
24622,0
24623,0
24624,2
24625,0
24626,0
24627,0
24628,0
24629,0
24630,0
24631,0
24632,0
24633,0
24634,0
24635,0
24636,0
24637,0
24638,0
24639,0
24640,0
24641,0
24642,0
24643,0
24644,0
24645,0
24646,0
24647,0
24648,0
24649,0
24650,0
24651,0
24652,0
24653,0
24654,0
24655,0
24656,0
24657,0
24658,0
24659,0
24660,0
24661,0
24662,0
24663,0
24664,0
24665,0
24666,0
24667,0
24668,0
24669,4
24670,0
24671,0
24672,0
24673,0
24674,0
24675,0
24676,0
24677,0
24678,0
24679,6
24680,0
24681,0
24682,0
24683,0
24684,0
24685,0
24686,0
24687,0
24688,0
24689,0
24690,0
24691,0
24692,0
24693,0
24694,0
24695,0
24696,0
24697,5
24698,0
24699,2
24700,0
24701,0
24702,0
24703,0
24704,0
24705,0
24706,0
24707,0
24708,0
24709,0
24710,1
24711,0
24712,0
24713,0
24714,0
24715,0
24716,0
24717,0
24718,0
24719,0
24720,0
24721,0
24722,0
24723,0
24724,0
24725,0
24726,0
24727,0
24728,0
24729,0
24730,0
24731,3
24732,0
24733,0
24734,0
24735,0
24736,0
24737,0
24738,0
24739,0
24740,0
24741,0
24742,0
24743,0
24744,0
24745,0
24746,2
24747,0
24748,0
24749,0
24750,0
24751,0
24752,0
24753,0
24754,0
24755,0
24756,0
24757,0
24758,0
24759,0
24760,0
24761,0
24762,0
24763,0
24764,0
24765,4
24766,0
24767,0
24768,0
24769,0
24770,0
24771,0
24772,0
24773,0
24774,0
24775,0
24776,4
24777,0
24778,0
24779,0
24780,0
24781,0
24782,0
24783,0
24784,0
24785,0
24786,0
24787,0
24788,24
24789,24
24790,20
24791,0
24792,35
24793,0
24794,15
24795,0
24796,17
24797,0
24798,0
24799,18
24800,21
24801,25
24802,0
24803,25
24804,0
24805,23
24806,0
24807,0
24808,26
24809,0
24810,0
24811,18
24812,0
24813,23
24814,0
24815,0
24816,0
24817,18
24818,19
24819,0
24820,0
24821,20
24822,27
24823,0
24824,0
24825,15
24826,0
24827,15
24828,0
24829,18
24830,0
24831,0
24832,0
24833,0
24834,29
24835,0
24836,0
24837,19
24838,0
24839,0
24840,0
24841,0
24842,0
24843,23
24844,0
24845,27
24846,0
24847,12
24848,0
24849,0
24850,0
24851,0
24852,0
24853,0
24854,0
24855,0
24856,0
24857,0
24858,0
24859,0
24860,0
24861,0
24862,52
24863,0
24864,0
24865,0
24866,0
24867,0
24868,0
24869,0
24870,0
24871,0
24872,0
24873,0
24874,0
24875,0
24876,0
24877,0
24878,0
24879,0
24880,0
24881,0
24882,0
24883,0
24884,0
24885,0
24886,0
24887,0
24888,0
24889,0
24890,0
24891,0
24892,37
24893,0
24894,0
24895,0
24896,0
24897,0
24898,0
24899,34
24900,0
24901,0
24902,0
24903,0
24904,0
24905,0
24906,38
24907,0
24908,0
24909,0
24910,28
24911,22
24912,0
24913,0
24914,0
24915,28
24916,0
24917,0
24918,0
24919,0
24920,0
24921,50
24922,0
24923,0
24924,0
24925,0
24926,0
24927,31
24928,0
24929,0
24930,31
24931,0
24932,24
24933,44
24934,0
24935,0
24936,0
24937,0
24938,0
24939,0
24940,0
24941,0
24942,19
24943,0
24944,0
24945,0
24946,0
24947,17
24948,0
24949,0
24950,0
24951,0
24952,0
24953,0
24954,0
24955,0
24956,0
24957,0
24958,0
24959,0
24960,0
24961,35
24962,0
24963,0
24964,0
24965,20
24966,0
24967,0
24968,0
24969,0
24970,0
24971,0
24972,0
24973,0
24974,0
24975,0
24976,61
24977,0
24978,0
24979,0
24980,0
24981,0
24982,39
24983,59
24984,0
24985,0
24986,0
24987,0
24988,48
24989,0
24990,0
24991,45
24992,0
24993,0
24994,0
24995,0
24996,0
24997,0
24998,27
24999,22
25000,0
25001,0
25002,0
25003,0
25004,0
25005,30
25006,0
25007,55
25008,0
25009,0
25010,0
25011,0
25012,0
25013,0
25014,0
25015,19
25016,0
25017,0
25018,0
25019,23
25020,0
25021,0
25022,0
25023,0
25024,0
25025,66
25026,15
25027,0
25028,0
25029,0
25030,0
25031,0
25032,0
25033,0
25034,0
25035,0
25036,36
25037,0
25038,0
25039,0
25040,18
25041,0
25042,0
25043,69
25044,24
25045,0
25046,0
25047,0
25048,0
25049,0
25050,46
25051,48
25052,0
25053,0
25054,0
25055,0
25056,0
25057,0
25058,0
25059,0
25060,0
25061,0
25062,0
25063,0
25064,0
25065,0
25066,0
25067,0
25068,0
25069,0
25070,0
25071,24
25072,0
25073,0
25074,0
25075,0
25076,31
25077,0
25078,54
25079,0
25080,0
25081,0
25082,0
25083,24
25084,38
25085,0
25086,0
25087,0
25088,0
25089,0
25090,0
25091,0
25092,0
25093,0
25094,0
25095,0
25096,0
25097,0
25098,0
25099,0
25100,0
25101,0
25102,0
25103,0
25104,0
25105,0
25106,0
25107,0
25108,0
25109,0
25110,0
25111,0
25112,0
25113,0
25114,27
25115,0
25116,0
25117,0
25118,11
25119,0
25120,0
25121,0
25122,0
25123,0
25124,0
25125,0
25126,0
25127,0
25128,0
25129,0
25130,0
25131,0
25132,0
25133,0
25134,0
25135,0
25136,0
25137,0
25138,0
25139,0
25140,0
25141,0
25142,0
25143,0
25144,0
25145,0
25146,0
25147,31
25148,0
25149,0
25150,0
25151,0
25152,0
25153,0
25154,0
25155,0
25156,21
25157,0
25158,16
25159,0
25160,0
25161,0
25162,0
25163,0
25164,0
25165,50
25166,34
25167,0
25168,0
25169,23
25170,0
25171,0
25172,0
25173,0
25174,0
25175,0
25176,0
25177,29
25178,0
25179,0
25180,0
25181,0
25182,0
25183,0
25184,0
25185,0
25186,0
25187,0
25188,0
25189,0
25190,0
25191,0
25192,29
25193,0
25194,0
25195,0
25196,0
25197,0
25198,0
25199,0
25200,43
25201,0
25202,0
25203,0
25204,0
25205,0
25206,0
25207,0
25208,24
25209,0
25210,0
25211,0
25212,32
25213,0
25214,0
25215,0
25216,0
25217,0
25218,0
25219,30
25220,0
25221,0
25222,0
25223,0
25224,0
25225,0
25226,0
25227,0
25228,0
25229,0
25230,75
25231,0
25232,41
25233,0
25234,0
25235,0
25236,0
25237,0
25238,0
25239,0
25240,0
25241,0
25242,31
25243,0
25244,0
25245,24
25246,31
25247,0
25248,0
25249,0
25250,31
25251,0
25252,0
25253,0
25254,0
25255,0
25256,0
25257,0
25258,0
25259,0
25260,0
25261,0
25262,0
25263,0
25264,0
25265,0
25266,0
25267,0
25268,0
25269,0
25270,0
25271,0
25272,0
25273,0
25274,0
25275,0
25276,0
25277,0
25278,44
25279,0
25280,0
25281,0
25282,0
25283,0
25284,0
25285,0
25286,0
25287,32
25288,0
25289,0
25290,0
25291,0
25292,0
25293,38
25294,28
25295,30
25296,0
25297,0
25298,0
25299,0
25300,0
25301,0
25302,0
25303,0
25304,0
25305,0
25306,40
25307,24
25308,0
25309,0
25310,0
25311,0
25312,0
25313,43
25314,62
25315,61
25316,0
25317,0
25318,0
25319,0
25320,20
25321,10
25322,0
25323,0
25324,0
25325,23
25326,0
25327,0
25328,0
25329,0
25330,40
25331,0
25332,0
25333,0
25334,0
25335,0
25336,0
25337,0
25338,16
25339,0
25340,0
25341,0
25342,0
25343,0
25344,0
25345,0
25346,0
25347,0
25348,0
25349,0
25350,0
25351,0
25352,0
25353,0
25354,0
25355,0
25356,0
25357,0
25358,0
25359,0
25360,0
25361,36
25362,0
25363,0
25364,41
25365,0
25366,0
25367,0
25368,0
25369,0
25370,0
25371,0
25372,0
25373,0
25374,0
25375,0
25376,0
25377,0
25378,46
25379,0
25380,0
25381,0
25382,0
25383,0
25384,0
25385,0
25386,0
25387,0
25388,0
25389,0
25390,0
25391,0
25392,20
25393,0
25394,0
25395,0
25396,0
25397,0
25398,0
25399,0
25400,0
25401,0
25402,76
25403,0
25404,0
25405,46
25406,0
25407,0
25408,0
25409,0
25410,0
25411,0
25412,0
25413,0
25414,0
25415,0
25416,0
25417,0
25418,0
25419,0
25420,34
25421,0
25422,0
25423,43
25424,0
25425,0
25426,0
25427,0
25428,0
25429,0
25430,44
25431,52
25432,0
25433,0
25434,0
25435,0
25436,0
25437,0
25438,0
25439,0
25440,28
25441,0
25442,0
25443,0
25444,0
25445,0
25446,21
25447,0
25448,0
25449,0
25450,46
25451,0
25452,0
25453,0
25454,0
25455,34
25456,0
25457,59
25458,0
25459,0
25460,0
25461,0
25462,0
25463,0
25464,0
25465,0
25466,0
25467,34
25468,0
25469,28
25470,0
25471,0
25472,0
25473,0
25474,0
25475,0
25476,0
25477,0
25478,29
25479,0
25480,0
25481,0
25482,0
25483,0
25484,0
25485,0
25486,0
25487,0
25488,0
25489,0
25490,0
25491,0
25492,0
25493,0
25494,0
25495,0
25496,0
25497,0
25498,0
25499,0
25500,41
25501,0
25502,0
25503,0
25504,0
25505,0
25506,0
25507,0
25508,27
25509,0
25510,0
25511,0
25512,0
25513,0
25514,0
25515,0
25516,0
25517,0
25518,0
25519,0
25520,0
25521,0
25522,0
25523,25
25524,0
25525,22
25526,0
25527,0
25528,0
25529,0
25530,23
25531,0
25532,51
25533,0
25534,34
25535,0
25536,0
25537,0
25538,0
25539,0
25540,46
25541,0
25542,0
25543,0
25544,0
25545,30
25546,0
25547,46
25548,42
25549,30
25550,0
25551,53
25552,0
25553,0
25554,0
25555,48
25556,0
25557,0
25558,0
25559,16
25560,0
25561,0
25562,0
25563,0
25564,20
25565,0
25566,0
25567,0
25568,0
25569,0
25570,0
25571,0
25572,0
25573,16
25574,0
25575,0
25576,0
25577,0
25578,0
25579,0
25580,41
25581,0
25582,0
25583,0
25584,0
25585,0
25586,0
25587,0
25588,0
25589,59
25590,0
25591,0
25592,13
25593,0
25594,0
25595,19
25596,0
25597,0
25598,0
25599,0
25600,0
25601,0
25602,0
25603,0
25604,0
25605,0
25606,10
25607,0
25608,38
25609,0
25610,0
25611,0
25612,0
25613,0
25614,0
25615,0
25616,0
25617,0
25618,27
25619,0
25620,0
25621,0
25622,0
25623,30
25624,0
25625,44
25626,0
25627,50
25628,0
25629,0
25630,0
25631,0
25632,0
25633,0
25634,0
25635,0
25636,0
25637,0
25638,0
25639,0
25640,0
25641,0
25642,0
25643,0
25644,0
25645,0
25646,0
25647,0
25648,0
25649,0
25650,0
25651,0
25652,0
25653,0
25654,0
25655,0
25656,0
25657,0
25658,0
25659,0
25660,0
25661,0
25662,0
25663,0
25664,0
25665,58
25666,0
25667,42
25668,30
25669,0
25670,0
25671,0
25672,0
25673,0
25674,38
25675,0
25676,0
25677,0
25678,0
25679,0
25680,0
25681,0
25682,0
25683,31
25684,0
25685,0
25686,0
25687,42
25688,0
25689,0
25690,0
25691,0
25692,0
25693,0
25694,0
25695,0
25696,40
25697,0
25698,0
25699,0
25700,0
25701,37
25702,0
25703,43
25704,40
25705,0
25706,0
25707,0
25708,15
25709,0
25710,0
25711,0
25712,0
25713,0
25714,0
25715,0
25716,0
25717,28
25718,0
25719,0
25720,0
25721,0
25722,0
25723,12
25724,0
25725,0
25726,0
25727,0
25728,0
25729,0
25730,0
25731,0
25732,0
25733,0
25734,0
25735,0
25736,0
25737,0
25738,0
25739,0
25740,0
25741,0
25742,0
25743,0
25744,42
25745,0
25746,0
25747,0
25748,0
25749,34
25750,0
25751,25
25752,0
25753,0
25754,0
25755,0
25756,22
25757,0
25758,34
25759,0
25760,0
25761,0
25762,0
25763,0
25764,0
25765,0
25766,0
25767,0
25768,0
25769,0
25770,0
25771,0
25772,0
25773,0
25774,0
25775,0
25776,0
25777,0
25778,0
25779,0
25780,0
25781,0
25782,4
25783,0
25784,0
25785,0
25786,3
25787,0
25788,5
25789,2
25790,0
25791,0
25792,0
25793,0
25794,0
25795,0
25796,0
25797,1
25798,0
25799,0
25800,0
25801,0
25802,0
25803,0
25804,6
25805,0
25806,7
25807,3
25808,0
25809,0
25810,4
25811,1
25812,0
25813,0
25814,0
25815,0
25816,0
25817,0
25818,1
25819,3
25820,0
25821,0
25822,0
25823,0
25824,0
25825,0
25826,0
25827,0
25828,0
25829,0
25830,0
25831,0
25832,0
25833,0
25834,0
25835,0
25836,0
25837,0
25838,0
25839,0
25840,0
25841,0
25842,0
25843,0
25844,1
25845,0
25846,0
25847,0
25848,0
25849,2
25850,0
25851,4
25852,8
25853,0
25854,0
25855,0
25856,0
25857,0
25858,0
25859,0
25860,2
25861,4
25862,2
25863,6
25864,0
25865,0
25866,0
25867,0
25868,0
25869,0
25870,0
25871,0
25872,0
25873,0
25874,0
25875,0
25876,4
25877,0
25878,2
25879,2
25880,0
25881,3
25882,0
25883,0
25884,4
25885,0
25886,0
25887,0
25888,0
25889,0
25890,0
25891,0
25892,0
25893,0
25894,0
25895,0
25896,0
25897,0
25898,0
25899,0
25900,3
25901,0
25902,0
25903,0
25904,0
25905,0
25906,0
25907,0
25908,0
25909,0
25910,0
25911,0
25912,0
25913,0
25914,0
25915,0
25916,4
25917,0
25918,3
25919,0
25920,0
25921,0
25922,0
25923,0
25924,2
25925,0
25926,0
25927,0
25928,0
25929,0
25930,0
25931,0
25932,0
25933,0
25934,0
25935,0
25936,1
25937,2
25938,0
25939,0
25940,0
25941,1
25942,0
25943,0
25944,0
25945,2
25946,0
25947,0
25948,1
25949,0
25950,0
25951,0
25952,0
25953,0
25954,0
25955,0
25956,0
25957,3
25958,0
25959,0
25960,0
25961,0
25962,0
25963,0
25964,0
25965,0
25966,0
25967,0
25968,0
25969,0
25970,0
25971,0
25972,0
25973,1
25974,0
25975,0
25976,0
25977,0
25978,4
25979,2
25980,0
25981,0
25982,0
25983,0
25984,0
25985,2
25986,0
25987,0
25988,0
25989,0
25990,3
25991,0
25992,1
25993,0
25994,0
25995,0
25996,4
25997,0
25998,0
25999,0
26000,0
26001,0
26002,0
26003,0
26004,1
26005,0
26006,0
26007,0
26008,0
26009,0
26010,0
26011,0
26012,0
26013,1
26014,0
26015,0
26016,0
26017,0
26018,0
26019,0
26020,1
26021,0
26022,3
26023,0
26024,3
26025,0
26026,4
26027,0
26028,0
26029,0
26030,0
26031,5
26032,0
26033,0
26034,0
26035,6
26036,0
26037,0
26038,0
26039,0
26040,0
26041,0
26042,0
26043,3
26044,0
26045,0
26046,0
26047,0
26048,2
26049,3
26050,0
26051,0
26052,0
26053,0
26054,0
26055,0
26056,0
26057,3
26058,0
26059,0
26060,0
26061,0
26062,0
26063,0
26064,6
26065,0
26066,0
26067,0
26068,2
26069,0
26070,0
26071,0
26072,0
26073,0
26074,0
26075,4
26076,0
26077,0
26078,0
26079,0
26080,0
26081,0
26082,3
26083,0
26084,3
26085,0
26086,0
26087,0
26088,5
26089,0
26090,0
26091,1
26092,0
26093,3
26094,0
26095,0
26096,0
26097,0
26098,0
26099,0
26100,50
26101,0
26102,0
26103,0
26104,34
26105,0
26106,0
26107,0
26108,0
26109,0
26110,0
26111,0
26112,0
26113,0
26114,0
26115,0
26116,0
26117,0
26118,31
26119,0
26120,0
26121,0
26122,0
26123,0
26124,0
26125,35
26126,33
26127,0
26128,0
26129,20
26130,0
26131,0
26132,0
26133,0
26134,0
26135,0
26136,0
26137,16
26138,0
26139,0
26140,0
26141,0
26142,0
26143,0
26144,0
26145,0
26146,0
26147,0
26148,0
26149,0
26150,0
26151,0
26152,0
26153,0
26154,0
26155,0
26156,0
26157,0
26158,40
26159,49
26160,0
26161,0
26162,0
26163,0
26164,0
26165,0
26166,0
26167,0
26168,0
26169,0
26170,0
26171,0
26172,39
26173,0
26174,0
26175,0
26176,0
26177,0
26178,0
26179,0
26180,0
26181,0
26182,0
26183,0
26184,0
26185,0
26186,0
26187,0
26188,0
26189,36
26190,0
26191,0
26192,0
26193,0
26194,0
26195,0
26196,0
26197,0
26198,0
26199,0
26200,0
26201,0
26202,0
26203,48
26204,0
26205,0
26206,0
26207,0
26208,38
26209,36
26210,0
26211,0
26212,0
26213,47
26214,0
26215,0
26216,0
26217,0
26218,0
26219,0
26220,0
26221,0
26222,0
26223,0
26224,0
26225,0
26226,0
26227,0
26228,36
26229,0
26230,0
26231,0
26232,0
26233,0
26234,0
26235,22
26236,0
26237,0
26238,0
26239,0
26240,0
26241,36
26242,0
26243,0
26244,0
26245,0
26246,0
26247,0
26248,0
26249,44
26250,0
26251,0
26252,0
26253,0
26254,0
26255,0
26256,0
26257,0
26258,0
26259,0
26260,0
26261,0
26262,0
26263,0
26264,0
26265,0
26266,0
26267,0
26268,0
26269,0
26270,0
26271,0
26272,0
26273,0
26274,0
26275,0
26276,0
26277,0
26278,0
26279,0
26280,0
26281,0
26282,0
26283,0
26284,0
26285,0
26286,0
26287,0
26288,0
26289,0
26290,0
26291,0
26292,0
26293,59
26294,0
26295,0
26296,0
26297,26
26298,18
26299,25
26300,34
26301,0
26302,18
26303,0
26304,0
26305,0
26306,14
26307,0
26308,0
26309,0
26310,0
26311,0
26312,0
26313,0
26314,0
26315,0
26316,0
26317,0
26318,0
26319,0
26320,0
26321,14
26322,0
26323,0
26324,0
26325,0
26326,16
26327,0
26328,0
26329,0
26330,0
26331,0
26332,0
26333,0
26334,29
26335,0
26336,0
26337,0
26338,0
26339,0
26340,0
26341,0
26342,21
26343,0
26344,0
26345,0
26346,0
26347,30
26348,0
26349,23
26350,17
26351,0
26352,0
26353,0
26354,0
26355,0
26356,0
26357,0
26358,0
26359,24
26360,0
26361,0
26362,0
26363,0
26364,0
26365,31
26366,35
26367,21
26368,0
26369,28
26370,0
26371,0
26372,0
26373,0
26374,0
26375,0
26376,25
26377,17
26378,0
26379,0
26380,27
26381,0
26382,0
26383,0
26384,0
26385,0
26386,8
26387,27
26388,0
26389,0
26390,0
26391,14
26392,27
26393,0
26394,0
26395,0
26396,0
26397,22
26398,0
26399,0
26400,0
26401,0
26402,0
26403,0
26404,19
26405,0
26406,0
26407,19
26408,0
26409,0
26410,0
26411,23
26412,0
26413,20
26414,0
26415,0
26416,30
26417,0
26418,20
26419,0
26420,0
26421,21
26422,16
26423,16
26424,0
26425,0
26426,0
26427,0
26428,0
26429,17
26430,0
26431,0
26432,0
26433,18
26434,0
26435,0
26436,0
26437,0
26438,0
26439,26
26440,33
26441,13
26442,0
26443,0
26444,0
26445,0
26446,0
26447,0
26448,0
26449,27
26450,0
26451,12
26452,0
26453,0
26454,0
26455,30
26456,0
26457,0
26458,22
26459,0
26460,0
26461,0
26462,0
26463,0
26464,14
26465,0
26466,10
26467,22
26468,0
26469,0
26470,0
26471,0
26472,0
26473,0
26474,0
26475,0
26476,0
26477,0
26478,30
26479,21
26480,0
26481,0
26482,0
26483,0
26484,0
26485,0
26486,0
26487,0
26488,0
26489,19
26490,0
26491,0
26492,24
26493,18
26494,25
26495,19
26496,0
26497,26
26498,0
26499,0
26500,0
26501,23
26502,0
26503,0
26504,0
26505,0
26506,0
26507,0
26508,0
26509,23
26510,0
26511,0
26512,0
26513,0
26514,22
26515,0
26516,0
26517,36
26518,0
26519,0
26520,0
26521,0
26522,0
26523,0
26524,0
26525,0
26526,0
26527,0
26528,0
26529,0
26530,0
26531,0
26532,0
26533,0
26534,0
26535,0
26536,0
26537,0
26538,0
26539,22
26540,0
26541,20
26542,27
26543,0
26544,0
26545,0
26546,36
26547,27
26548,0
26549,0
26550,25
26551,18
26552,0
26553,0
26554,0
26555,0
26556,0
26557,0
26558,26
26559,0
26560,0
26561,0
26562,0
26563,0
26564,18
26565,26
26566,0
26567,0
26568,0
26569,0
26570,21
26571,0
26572,0
26573,18
26574,0
26575,0
26576,0
26577,0
26578,28
26579,0
26580,0
26581,0
26582,0
26583,0
26584,27
26585,0
26586,22
26587,34
26588,22
26589,0
26590,0
26591,0
26592,0
26593,0
26594,13
26595,0
26596,0
26597,0
26598,30
26599,0
26600,25
26601,25
26602,0
26603,0
26604,0
26605,0
26606,0
26607,0
26608,15
26609,0
26610,0
26611,0
26612,0
26613,0
26614,0
26615,0
26616,0
26617,25
26618,0
26619,0
26620,0
26621,0
26622,0
26623,0
26624,0
26625,0
26626,0
26627,26
26628,0
26629,23
26630,0
26631,34
26632,21
26633,0
26634,29
26635,0
26636,0
26637,24
26638,14
26639,0
26640,0
26641,0
26642,24
26643,0
26644,0
26645,0
26646,0
26647,0
26648,0
26649,0
26650,0
26651,0
26652,0
26653,0
26654,0
26655,0
26656,0
26657,0
26658,0
26659,0
26660,0
26661,27
26662,0
26663,0
26664,0
26665,0
26666,0
26667,0
26668,0
26669,0
26670,26
26671,10
26672,0
26673,0
26674,0
26675,20
26676,21
26677,0
26678,0
26679,29
26680,0
26681,20
26682,0
26683,0
26684,15
26685,0
26686,25
26687,0
26688,0
26689,0
26690,0
26691,25
26692,0
26693,30
26694,0
26695,0
26696,0
26697,0
26698,14
26699,0
26700,25
26701,21
26702,21
26703,22
26704,25
26705,0
26706,21
26707,0
26708,0
26709,0
26710,26
26711,0
26712,0
26713,23
26714,0
26715,19
26716,0
26717,0
26718,0
26719,26
26720,0
26721,0
26722,27
26723,29
26724,0
26725,25
26726,17
26727,27
26728,0
26729,26
26730,19
26731,0
26732,0
26733,24
26734,0
26735,0
26736,0
26737,0
26738,0
26739,0
26740,0
26741,0
26742,0
26743,0
26744,18
26745,0
26746,26
26747,0
26748,34
26749,23
26750,0
26751,0
26752,0
26753,22
26754,0
26755,0
26756,0
26757,0
26758,26
26759,28
26760,0
26761,0
26762,15
26763,0
26764,28
26765,0
26766,0
26767,0
26768,0
26769,0
26770,18
26771,0
26772,0
26773,0
26774,0
26775,0
26776,0
26777,32
26778,24
26779,0
26780,0
26781,33
26782,0
26783,0
26784,0
26785,0
26786,0
26787,0
26788,18
26789,0
26790,0
26791,0
26792,0
26793,28
26794,0
26795,23
26796,0
26797,0
26798,0
26799,0
26800,0
26801,0
26802,0
26803,19
26804,23
26805,0
26806,0
26807,0
26808,19
26809,0
26810,23
26811,31
26812,0
26813,0
26814,0
26815,0
26816,0
26817,0
26818,0
26819,0
26820,0
26821,0
26822,0
26823,0
26824,0
26825,25
26826,0
26827,0
26828,0
26829,0
26830,0
26831,0
26832,17
26833,22
26834,0
26835,0
26836,0
26837,0
26838,0
26839,31
26840,27
26841,0
26842,0
26843,0
26844,0
26845,26
26846,0
26847,0
26848,0
26849,0
26850,16
26851,0
26852,0
26853,33
26854,0
26855,0
26856,0
26857,0
26858,0
26859,24
26860,0
26861,0
26862,29
26863,0
26864,0
26865,36
26866,0
26867,20
26868,0
26869,0
26870,0
26871,0
26872,21
26873,0
26874,19
26875,0
26876,0
26877,27
26878,0
26879,0
26880,0
26881,0
26882,18
26883,0
26884,37
26885,26
26886,0
26887,24
26888,0
26889,0
26890,0
26891,0
26892,0
26893,0
26894,0
26895,0
26896,29
26897,30
26898,0
26899,25
26900,0
26901,0
26902,9
26903,0
26904,0
26905,0
26906,0
26907,0
26908,25
26909,0
26910,33
26911,34
26912,25
26913,0
26914,0
26915,0
26916,15
26917,0
26918,0
26919,0
26920,0
26921,0
26922,0
26923,23
26924,0
26925,0
26926,0
26927,0
26928,0
26929,0
26930,0
26931,0
26932,0
26933,0
26934,38
26935,0
26936,13
26937,0
26938,0
26939,26
26940,16
26941,0
26942,0
26943,0
26944,22
26945,0
26946,19
26947,0
26948,17
26949,0
26950,14
26951,0
26952,0
26953,0
26954,19
26955,0
26956,0
26957,0
26958,0
26959,21
26960,19
26961,0
26962,0
26963,31
26964,0
26965,0
26966,33
26967,0
26968,28
26969,0
26970,0
26971,0
26972,0
26973,0
26974,23
26975,23
26976,0
26977,0
26978,0
26979,0
26980,22
26981,26
26982,26
26983,0
26984,0
26985,0
26986,0
26987,0
26988,39
26989,0
26990,22
26991,0
26992,0
26993,33
26994,0
26995,0
26996,0
26997,20
26998,0
26999,0
27000,0
27001,31
27002,0
27003,0
27004,0
27005,0
27006,0
27007,0
27008,19
27009,0
27010,0
27011,0
27012,0
27013,0
27014,0
27015,0
27016,0
27017,0
27018,0
27019,0
27020,0
27021,0
27022,0
27023,22
27024,16
27025,31
27026,27
27027,0
27028,0
27029,21
27030,0
27031,0
27032,0
27033,0
27034,0
27035,20
27036,0
27037,0
27038,25
27039,0
27040,0
27041,25
27042,0
27043,0
27044,0
27045,0
27046,0
27047,0
27048,0
27049,0
27050,20
27051,22
27052,0
27053,0
27054,0
27055,18
27056,30
27057,0
27058,22
27059,0
27060,0
27061,0
27062,0
27063,0
27064,0
27065,41
27066,0
27067,0
27068,0
27069,0
27070,23
27071,24
27072,0
27073,0
27074,24
27075,22
27076,0
27077,28
27078,0
27079,0
27080,0
27081,26
27082,0
27083,30
27084,0
27085,33
27086,43
27087,0
27088,0
27089,0
27090,0
27091,22
27092,0
27093,22
27094,0
27095,0
27096,0
27097,0
27098,0
27099,0
27100,24
27101,35
27102,0
27103,32
27104,0
27105,25
27106,26
27107,0
27108,32
27109,0
27110,29
27111,0
27112,0
27113,0
27114,0
27115,0
27116,0
27117,0
27118,0
27119,0
27120,33
27121,28
27122,0
27123,21
27124,0
27125,0
27126,0
27127,0
27128,0
27129,26
27130,0
27131,0
27132,0
27133,0
27134,0
27135,24
27136,0
27137,29
27138,0
27139,18
27140,19
27141,39
27142,0
27143,0
27144,0
27145,0
27146,35
27147,0
27148,0
27149,0
27150,29
27151,0
27152,0
27153,0
27154,0
27155,0
27156,16
27157,34
27158,0
27159,32
27160,0
27161,0
27162,0
27163,14
27164,0
27165,0
27166,24
27167,0
27168,26
27169,0
27170,0
27171,0
27172,0
27173,0
27174,34
27175,29
27176,0
27177,0
27178,0
27179,0
27180,19
27181,0
27182,34
27183,25
27184,26
27185,0
27186,0
27187,0
27188,0
27189,0
27190,23
27191,0
27192,22
27193,0
27194,0
27195,0
27196,0
27197,0
27198,21
27199,0
27200,0
27201,0
27202,29
27203,0
27204,0
27205,38
27206,22
27207,0
27208,0
27209,0
27210,0
27211,0
27212,0
27213,36
27214,0
27215,21
27216,0
27217,0
27218,0
27219,0
27220,27
27221,26
27222,26
27223,0
27224,0
27225,41
27226,0
27227,35
27228,0
27229,0
27230,0
27231,0
27232,0
27233,0
27234,28
27235,0
27236,0
27237,0
27238,0
27239,0
27240,24
27241,0
27242,0
27243,31
27244,0
27245,30
27246,0
27247,20
27248,37
27249,0
27250,28
27251,22
27252,18
27253,0
27254,0
27255,0
27256,0
27257,0
27258,0
27259,24
27260,0
27261,24
27262,0
27263,0
27264,29
27265,0
27266,0
27267,0
27268,28
27269,0
27270,25
27271,0
27272,0
27273,0
27274,0
27275,0
27276,0
27277,0
27278,0
27279,0
27280,25
27281,30
27282,0
27283,0
27284,0
27285,0
27286,0
27287,20
27288,0
27289,0
27290,20
27291,26
27292,27
27293,0
27294,0
27295,0
27296,0
27297,0
27298,0
27299,0
27300,31
27301,0
27302,18
27303,0
27304,0
27305,0
27306,0
27307,0
27308,16
27309,38
27310,0
27311,0
27312,32
27313,0
27314,0
27315,0
27316,25
27317,30
27318,33
27319,0
27320,0
27321,0
27322,0
27323,0
27324,0
27325,0
27326,0
27327,0
27328,0
27329,0
27330,0
27331,28
27332,0
27333,0
27334,19
27335,0
27336,0
27337,0
27338,25
27339,0
27340,0
27341,0
27342,0
27343,0
27344,37
27345,0
27346,22
27347,0
27348,0
27349,0
27350,0
27351,32
27352,0
27353,0
27354,0
27355,0
27356,0
27357,0
27358,0
27359,0
27360,19
27361,0
27362,0
27363,0
27364,0
27365,0
27366,20
27367,0
27368,36
27369,0
27370,0
27371,0
27372,24
27373,25
27374,30
27375,0
27376,0
27377,0
27378,13
27379,0
27380,0
27381,0
27382,0
27383,0
27384,0
27385,0
27386,19
27387,0
27388,16
27389,0
27390,0
27391,0
27392,0
27393,0
27394,32
27395,0
27396,0
27397,0
27398,0
27399,32
27400,22
27401,0
27402,28
27403,30
27404,20
27405,0
27406,0
27407,0
27408,0
27409,0
27410,0
27411,16
27412,0
27413,0
27414,0
27415,0
27416,0
27417,0
27418,0
27419,24
27420,30
27421,0
27422,28
27423,0
27424,0
27425,23
27426,0
27427,0
27428,0
27429,0
27430,27
27431,0
27432,0
27433,0
27434,0
27435,0
27436,40
27437,0
27438,0
27439,0
27440,0
27441,35
27442,31
27443,0
27444,0
27445,0
27446,31
27447,0
27448,0
27449,0
27450,0
27451,0
27452,0
27453,0
27454,0
27455,28
27456,0
27457,0
27458,0
27459,0
27460,0
27461,0
27462,0
27463,34
27464,0
27465,0
27466,0
27467,0
27468,0
27469,0
27470,0
27471,0
27472,0
27473,28
27474,0
27475,0
27476,26
27477,0
27478,0
27479,18
27480,0
27481,0
27482,21
27483,0
27484,0
27485,0
27486,0
27487,0
27488,20
27489,23
27490,26
27491,0
27492,0
27493,0
27494,24
27495,42
27496,0
27497,0
27498,0
27499,0
27500,0
27501,0
27502,0
27503,20
27504,0
27505,0
27506,0
27507,0
27508,0
27509,0
27510,0
27511,0
27512,0
27513,0
27514,34
27515,0
27516,22
27517,0
27518,20
27519,0
27520,0
27521,0
27522,25
27523,0
27524,0
27525,0
27526,0
27527,20
27528,0
27529,0
27530,0
27531,30
27532,0
27533,0
27534,24
27535,0
27536,0
27537,0
27538,26
27539,0
27540,0
27541,0
27542,0
27543,0
27544,0
27545,0
27546,34
27547,0
27548,35
27549,0
27550,0
27551,0
27552,0
27553,0
27554,0
27555,31
27556,0
27557,0
27558,0
27559,0
27560,17
27561,37
27562,0
27563,31
27564,29
27565,43
27566,0
27567,0
27568,0
27569,0
27570,0
27571,19
27572,0
27573,0
27574,0
27575,0
27576,0
27577,0
27578,0
27579,22
27580,27
27581,0
27582,30
27583,0
27584,0
27585,31
27586,0
27587,0
27588,0
27589,0
27590,0
27591,20
27592,17
27593,0
27594,0
27595,0
27596,0
27597,0
27598,0
27599,0
27600,0
27601,0
27602,29
27603,0
27604,0
27605,27
27606,0
27607,18
27608,0
27609,0
27610,0
27611,0
27612,0
27613,26
27614,33
27615,0
27616,0
27617,24
27618,44
27619,0
27620,0
27621,0
27622,0
27623,0
27624,0
27625,0
27626,0
27627,0
27628,0
27629,0
27630,0
27631,0
27632,0
27633,0
27634,0
27635,0
27636,0
27637,39
27638,0
27639,0
27640,0
27641,16
27642,0
27643,0
27644,29
27645,0
27646,0
27647,0
27648,26
27649,0
27650,20
27651,27
27652,0
27653,0
27654,0
27655,0
27656,0
27657,0
27658,0
27659,0
27660,0
27661,0
27662,0
27663,19
27664,0
27665,0
27666,0
27667,0
27668,0
27669,0
27670,0
27671,0
27672,0
27673,29
27674,0
27675,0
27676,0
27677,32
27678,0
27679,0
27680,0
27681,0
27682,0
27683,0
27684,0
27685,0
27686,0
27687,0
27688,0
27689,0
27690,0
27691,0
27692,30
27693,24
27694,0
27695,0
27696,0
27697,0
27698,0
27699,0
27700,0
27701,24
27702,0
27703,0
27704,33
27705,0
27706,0
27707,0
27708,0
27709,0
27710,0
27711,28
27712,0
27713,0
27714,31
27715,27
27716,0
27717,0
27718,0
27719,0
27720,0
27721,0
27722,0
27723,0
27724,0
27725,0
27726,0
27727,0
27728,31
27729,35
27730,0
27731,0
27732,0
27733,0
27734,0
27735,0
27736,0
27737,0
27738,0
27739,0
27740,0
27741,29
27742,0
27743,0
27744,0
27745,18
27746,0
27747,0
27748,0
27749,17
27750,0
27751,0
27752,0
27753,0
27754,0
27755,0
27756,0
27757,42
27758,17
27759,0
27760,24
27761,23
27762,30
27763,0
27764,0
27765,0
27766,20
27767,0
27768,0
27769,0
27770,0
27771,0
27772,0
27773,0
27774,36
27775,0
27776,0
27777,27
27778,24
27779,0
27780,27
27781,32
27782,0
27783,0
27784,0
27785,0
27786,27
27787,0
27788,0
27789,0
27790,0
27791,0
27792,0
27793,0
27794,24
27795,0
27796,0
27797,0
27798,0
27799,28
27800,0
27801,0
27802,0
27803,33
27804,17
27805,0
27806,28
27807,21
27808,22
27809,0
27810,0
27811,0
27812,17
27813,0
27814,0
27815,0
27816,0
27817,0
27818,0
27819,22
27820,0
27821,26
27822,0
27823,0
27824,0
27825,0
27826,0
27827,0
27828,0
27829,0
27830,26
27831,27
27832,25
27833,0
27834,0
27835,20
27836,0
27837,0
27838,0
27839,28
27840,23
27841,26
27842,21
27843,0
27844,0
27845,28
27846,29
27847,0
27848,0
27849,0
27850,0
27851,0
27852,0
27853,0
27854,0
27855,0
27856,0
27857,27
27858,0
27859,0
27860,0
27861,0
27862,0
27863,20
27864,0
27865,0
27866,0
27867,0
27868,0
27869,31
27870,30
27871,0
27872,0
27873,0
27874,0
27875,0
27876,27
27877,22
27878,0
27879,0
27880,20
27881,27
27882,0
27883,0
27884,0
27885,34
27886,0
27887,0
27888,0
27889,0
27890,0
27891,0
27892,0
27893,0
27894,34
27895,33
27896,0
27897,0
27898,0
27899,0
27900,24
27901,0
27902,45
27903,34
27904,0
27905,31
27906,0
27907,0
27908,0
27909,0
27910,0
27911,17
27912,0
27913,0
27914,21
27915,0
27916,0
27917,30
27918,0
27919,0
27920,40
27921,0
27922,19
27923,0
27924,0
27925,0
27926,0
27927,0
27928,33
27929,32
27930,0
27931,38
27932,0
27933,0
27934,0
27935,46
27936,0
27937,32
27938,0
27939,0
27940,0
27941,0
27942,0
27943,43
27944,0
27945,39
27946,0
27947,0
27948,49
27949,0
27950,0
27951,0
27952,0
27953,0
27954,0
27955,0
27956,0
27957,0
27958,0
27959,34
27960,0
27961,0
27962,23
27963,0
27964,0
27965,48
27966,0
27967,0
27968,0
27969,0
27970,35
27971,0
27972,0
27973,0
27974,0
27975,0
27976,0
27977,26
27978,39
27979,0
27980,46
27981,0
27982,0
27983,26
27984,32
27985,0
27986,0
27987,0
27988,0
27989,37
27990,40
27991,0
27992,0
27993,0
27994,0
27995,0
27996,0
27997,0
27998,0
27999,0
28000,0
28001,0
28002,0
28003,0
28004,38
28005,0
28006,0
28007,0
28008,0
28009,0
28010,0
28011,0
28012,35
28013,0
28014,0
28015,0
28016,0
28017,0
28018,23
28019,0
28020,0
28021,18
28022,0
28023,0
28024,0
28025,0
28026,0
28027,0
28028,0
28029,0
28030,0
28031,16
28032,0
28033,0
28034,0
28035,0
28036,0
28037,22
28038,0
28039,0
28040,0
28041,0
28042,0
28043,0
28044,13
28045,8
28046,12
28047,0
28048,12
28049,0
28050,8
28051,0
28052,0
28053,0
28054,0
28055,0
28056,0
28057,0
28058,0
28059,0
28060,0
28061,0
28062,0
28063,0
28064,0
28065,0
28066,0
28067,11
28068,9
28069,0
28070,0
28071,20
28072,0
28073,0
28074,0
28075,0
28076,0
28077,0
28078,0
28079,0
28080,11
28081,0
28082,0
28083,6
28084,0
28085,0
28086,0
28087,0
28088,0
28089,0
28090,0
28091,0
28092,8
28093,9
28094,14
28095,0
28096,0
28097,0
28098,30
28099,0
28100,9
28101,0
28102,0
28103,0
28104,17
28105,0
28106,0
28107,0
28108,0
28109,18
28110,12
28111,0
28112,0
28113,12
28114,0
28115,0
28116,11
28117,0
28118,0
28119,0
28120,0
28121,0
28122,0
28123,7
28124,0
28125,0
28126,0
28127,0
28128,0
28129,0
28130,0
28131,18
28132,0
28133,0
28134,0
28135,0
28136,18
28137,0
28138,0
28139,0
28140,14
28141,0
28142,0
28143,0
28144,0
28145,0
28146,0
28147,0
28148,0
28149,0
28150,20
28151,0
28152,0
28153,0
28154,0
28155,0
28156,0
28157,18
28158,0
28159,0
28160,6
28161,0
28162,0
28163,0
28164,0
28165,0
28166,11
28167,0
28168,0
28169,0
28170,0
28171,10
28172,11
28173,0
28174,0
28175,0
28176,0
28177,7
28178,0
28179,0
28180,0
28181,0
28182,0
28183,0
28184,9
28185,0
28186,0
28187,0
28188,11
28189,16
28190,0
28191,0
28192,0
28193,0
28194,22
28195,0
28196,0
28197,0
28198,0
28199,0
28200,15
28201,14
28202,8
28203,0
28204,0
28205,0
28206,16
28207,0
28208,11
28209,0
28210,0
28211,0
28212,0
28213,0
28214,13
28215,0
28216,0
28217,0
28218,0
28219,15
28220,7
28221,0
28222,0
28223,0
28224,0
28225,0
28226,0
28227,0
28228,0
28229,0
28230,6
28231,13
28232,0
28233,0
28234,0
28235,12
28236,0
28237,0
28238,0
28239,0
28240,0
28241,10
28242,13
28243,0
28244,0
28245,11
28246,15
28247,0
28248,0
28249,9
28250,0
28251,0
28252,8
28253,0
28254,0
28255,0
28256,0
28257,0
28258,0
28259,0
28260,0
28261,0
28262,0
28263,0
28264,0
28265,0
28266,0
28267,0
28268,0
28269,0
28270,0
28271,0
28272,0
28273,0
28274,0
28275,0
28276,0
28277,0
28278,0
28279,0
28280,0
28281,10
28282,0
28283,0
28284,11
28285,0
28286,0
28287,17
28288,0
28289,0
28290,0
28291,0
28292,0
28293,0
28294,0
28295,0
28296,16
28297,16
28298,8
28299,0
28300,0
28301,0
28302,0
28303,0
28304,0
28305,0
28306,0
28307,0
28308,0
28309,0
28310,0
28311,14
28312,0
28313,0
28314,0
28315,0
28316,0
28317,0
28318,0
28319,0
28320,15
28321,8
28322,0
28323,0
28324,10
28325,0
28326,0
28327,12
28328,17
28329,0
28330,0
28331,0
28332,0
28333,0
28334,0
28335,0
28336,0
28337,0
28338,0
28339,0
28340,0
28341,0
28342,0
28343,0
28344,0
28345,11
28346,11
28347,0
28348,0
28349,0
28350,0
28351,0
28352,0
28353,0
28354,0
28355,13
28356,10
28357,15
28358,0
28359,0
28360,0
28361,0
28362,0
28363,0
28364,0
28365,0
28366,0
28367,18
28368,0
28369,0
28370,15
28371,0
28372,0
28373,0
28374,11
28375,0
28376,18
28377,0
28378,0
28379,0
28380,10
28381,0
28382,19
28383,0
28384,0
28385,0
28386,23
28387,10
28388,0
28389,0
28390,0
28391,0
28392,0
28393,0
28394,16
28395,0
28396,13
28397,0
28398,12
28399,17
28400,0
28401,0
28402,0
28403,0
28404,0
28405,0
28406,0
28407,0
28408,0
28409,0
28410,0
28411,0
28412,22
28413,0
28414,0
28415,0
28416,26
28417,0
28418,0
28419,0
28420,0
28421,0
28422,0
28423,13
28424,0
28425,0
28426,0
28427,0
28428,0
28429,14
28430,0
28431,0
28432,0
28433,0
28434,14
28435,20
28436,0
28437,0
28438,12
28439,10
28440,0
28441,0
28442,0
28443,16
28444,0
28445,0
28446,0
28447,0
28448,0
28449,0
28450,0
28451,0
28452,0
28453,0
28454,0
28455,0
28456,0
28457,0
28458,13
28459,13
28460,0
28461,0
28462,0
28463,0
28464,0
28465,0
28466,0
28467,0
28468,9
28469,15
28470,14
28471,0
28472,14
28473,0
28474,0
28475,0
28476,0
28477,11
28478,20
28479,0
28480,0
28481,0
28482,0
28483,0
28484,0
28485,0
28486,9
28487,0
28488,0
28489,14
28490,0
28491,0
28492,0
28493,0
28494,0
28495,0
28496,16
28497,19
28498,0
28499,0
28500,0
28501,7
28502,0
28503,20
28504,0
28505,10
28506,0
28507,18
28508,0
28509,0
28510,19
28511,0
28512,17
28513,0
28514,0
28515,18
28516,10
28517,0
28518,15
28519,0
28520,15
28521,16
28522,0
28523,0
28524,12
28525,0
28526,0
28527,0
28528,0
28529,0
28530,0
28531,0
28532,0
28533,0
28534,0
28535,0
28536,0
28537,0
28538,0
28539,0
28540,12
28541,0
28542,8
28543,0
28544,0
28545,0
28546,12
28547,0
28548,0
28549,0
28550,11
28551,0
28552,0
28553,15
28554,14
28555,0
28556,0
28557,11
28558,0
28559,0
28560,0
28561,0
28562,0
28563,0
28564,0
28565,0
28566,0
28567,12
28568,10
28569,0
28570,0
28571,0
28572,0
28573,0
28574,7
28575,0
28576,0
28577,17
28578,0
28579,16
28580,0
28581,21
28582,11
28583,0
28584,10
28585,12
28586,0
28587,16
28588,0
28589,0
28590,0
28591,0
28592,11
28593,10
28594,0
28595,0
28596,18
28597,0
28598,8
28599,0
28600,0
28601,0
28602,0
28603,0
28604,0
28605,0
28606,0
28607,0
28608,16
28609,13
28610,0
28611,0
28612,0
28613,14
28614,0
28615,0
28616,0
28617,0
28618,0
28619,0
28620,0
28621,0
28622,0
28623,0
28624,0
28625,16
28626,19
28627,17
28628,0
28629,0
28630,0
28631,0
28632,0
28633,0
28634,0
28635,0
28636,0
28637,0
28638,0
28639,0
28640,0
28641,0
28642,0
28643,0
28644,0
28645,0
28646,1
28647,0
28648,0
28649,0
28650,0
28651,0
28652,0
28653,0
28654,0
28655,0
28656,0
28657,0
28658,0
28659,0
28660,0
28661,0
28662,0
28663,0
28664,0
28665,0
28666,0
28667,0
28668,0
28669,0
28670,0
28671,0
28672,1
28673,0
28674,0
28675,0
28676,0
28677,0
28678,0
28679,0
28680,0
28681,0
28682,0
28683,0
28684,0
28685,0
28686,0
28687,0
28688,0
28689,0
28690,0
28691,0
28692,0
28693,0
28694,0
28695,0
28696,0
28697,0
28698,0
28699,1
28700,0
28701,0
28702,0
28703,0
28704,0
28705,0
28706,0
28707,0
28708,0
28709,0
28710,0
28711,0
28712,0
28713,0
28714,0
28715,0
28716,0
28717,0
28718,0
28719,0
28720,0
28721,0
28722,0
28723,0
28724,0
28725,0
28726,0
28727,0
28728,0
28729,0
28730,0
28731,0
28732,0
28733,0
28734,0
28735,0
28736,0
28737,0
28738,0
28739,0
28740,0
28741,0
28742,0
28743,0
28744,0
28745,0
28746,0
28747,0
28748,0
28749,0
28750,0
28751,0
28752,0
28753,0
28754,0
28755,0
28756,0
28757,0
28758,0
28759,0
28760,0
28761,0
28762,0
28763,0
28764,0
28765,0
28766,0
28767,0
28768,0
28769,0
28770,0
28771,0
28772,0
28773,0
28774,0
28775,0
28776,0
28777,0
28778,0
28779,0
28780,0
28781,0
28782,0
28783,0
28784,0
28785,0
28786,0
28787,0
28788,0
28789,0
28790,0
28791,0
28792,0
28793,0
28794,0
28795,0
28796,0
28797,0
28798,0
28799,0
28800,0
28801,0
28802,0
28803,0
28804,0
28805,0
28806,0
28807,0
28808,0
28809,0
28810,0
28811,0
28812,0
28813,0
28814,0
28815,0
28816,0
28817,0
28818,0
28819,0
28820,0
28821,0
28822,0
28823,0
28824,0
28825,0
28826,0
28827,0
28828,0
28829,0
28830,0
28831,0
28832,0
28833,0
28834,0
28835,0
28836,0
28837,0
28838,0
28839,0
28840,0
28841,0
28842,0
28843,0
28844,0
28845,0
28846,0
28847,0
28848,0
28849,0
28850,0
28851,0
28852,0
28853,0
28854,0
28855,0
28856,0
28857,0
28858,0
28859,0
28860,0
28861,25
28862,0
28863,0
28864,0
28865,31
28866,0
28867,0
28868,0
28869,32
28870,23
28871,0
28872,0
28873,0
28874,0
28875,28
28876,0
28877,0
28878,0
28879,0
28880,0
28881,31
28882,22
28883,24
28884,0
28885,0
28886,0
28887,32
28888,41
28889,0
28890,0
28891,0
28892,51
28893,0
28894,0
28895,0
28896,0
28897,0
28898,0
28899,0
28900,0
28901,0
28902,0
28903,32
28904,0
28905,0
28906,0
28907,0
28908,0
28909,0
28910,0
28911,0
28912,0
28913,0
28914,0
28915,0
28916,0
28917,0
28918,0
28919,0
28920,40
28921,0
28922,0
28923,0
28924,0
28925,0
28926,0
28927,0
28928,45
28929,0
28930,33
28931,0
28932,0
28933,28
28934,0
28935,0
28936,0
28937,37
28938,29
28939,0
28940,0
28941,0
28942,0
28943,28
28944,0
28945,0
28946,0
28947,0
28948,0
28949,0
28950,0
28951,0
28952,0
28953,0
28954,0
28955,38
28956,0
28957,0
28958,0
28959,40
28960,0
28961,19
28962,0
28963,0
28964,43
28965,0
28966,0
28967,34
28968,23
28969,27
28970,0
28971,0
28972,0
28973,0
28974,0
28975,0
28976,30
28977,0
28978,0
28979,26
28980,0
28981,0
28982,0
28983,0
28984,0
28985,16
28986,0
28987,0
28988,0
28989,0
28990,45
28991,0
28992,0
28993,0
28994,0
28995,49
28996,0
28997,0
28998,0
28999,0
29000,27
29001,0
29002,0
29003,0
29004,25
29005,26
29006,0
29007,25
29008,32
29009,31
29010,43
29011,0
29012,0
29013,0
29014,37
29015,0
29016,0
29017,0
29018,0
29019,0
29020,0
29021,0
29022,55
29023,46
29024,17
29025,0
29026,0
29027,0
29028,0
29029,0
29030,0
29031,0
29032,0
29033,0
29034,0
29035,31
29036,0
29037,0
29038,0
29039,41
29040,34
29041,0
29042,0
29043,39
29044,0
29045,0
29046,13
29047,0
29048,0
29049,0
29050,0
29051,0
29052,0
29053,24
29054,0
29055,36
29056,0
29057,42
29058,0
29059,22
29060,0
29061,0
29062,0
29063,42
29064,0
29065,0
29066,0
29067,34
29068,18
29069,0
29070,0
29071,0
29072,31
29073,38
29074,34
29075,0
29076,35
29077,0
29078,38
29079,37
29080,0
29081,46
29082,0
29083,0
29084,0
29085,0
29086,0
29087,0
29088,27
29089,0
29090,0
29091,0
29092,0
29093,28
29094,32
29095,0
29096,0
29097,0
29098,0
29099,0
29100,0
29101,0
29102,0
29103,0
29104,0
29105,0
29106,0
29107,0
29108,0
29109,0
29110,0
29111,0
29112,0
29113,0
29114,0
29115,0
29116,0
29117,0
29118,0
29119,30
29120,0
29121,0
29122,0
29123,0
29124,0
29125,42
29126,0
29127,22
29128,33
29129,0
29130,0
29131,0
29132,0
29133,0
29134,0
29135,0
29136,0
29137,0
29138,0
29139,0
29140,30
29141,52
29142,17
29143,0
29144,0
29145,13
29146,0
29147,29
29148,0
29149,0
29150,0
29151,25
29152,24
29153,0
29154,0
29155,0
29156,0
29157,0
29158,33
29159,0
29160,0
29161,20
29162,0
29163,0
29164,19
29165,0
29166,0
29167,23
29168,0
29169,27
29170,0
29171,0
29172,0
29173,0
29174,0
29175,0
29176,0
29177,0
29178,0
29179,0
29180,0
29181,0
29182,0
29183,0
29184,0
29185,0
29186,0
29187,24
29188,0
29189,0
29190,0
29191,0
29192,0
29193,0
29194,0
29195,0
29196,28
29197,9
29198,0
29199,31
29200,0
29201,0
29202,0
29203,0
29204,0
29205,0
29206,0
29207,0
29208,0
29209,0
29210,17
29211,0
29212,0
29213,0
29214,0
29215,0
29216,0
29217,0
29218,0
29219,0
29220,0
29221,0
29222,0
29223,0
29224,0
29225,0
29226,0
29227,0
29228,0
29229,0
29230,0
29231,0
29232,26
29233,33
29234,0
29235,0
29236,0
29237,0
29238,0
29239,0
29240,0
29241,0
29242,0
29243,0
29244,0
29245,0
29246,48
29247,0
29248,31
29249,0
29250,16
29251,13
29252,0
29253,0
29254,0
29255,0
29256,0
29257,0
29258,0
29259,0
29260,0
29261,38
29262,0
29263,0
29264,0
29265,0
29266,0
29267,0
29268,32
29269,13
29270,0
29271,0
29272,0
29273,0
29274,0
29275,0
29276,21
29277,0
29278,14
29279,0
29280,0
29281,20
29282,0
29283,0
29284,0
29285,0
29286,0
29287,0
29288,0
29289,0
29290,22
29291,0
29292,35
29293,0
29294,0
29295,0
29296,0
29297,14
29298,0
29299,0
29300,0
29301,19
29302,0
29303,0
29304,0
29305,0
29306,0
29307,0
29308,0
29309,0
29310,0
29311,0
29312,0
29313,0
29314,0
29315,0
29316,0
29317,0
29318,0
29319,0
29320,0
29321,0
29322,0
29323,24
29324,0
29325,8
29326,0
29327,0
29328,0
29329,21
29330,0
29331,0
29332,27
29333,0
29334,19
29335,0
29336,0
29337,30
29338,25
29339,0
29340,0
29341,0
29342,0
29343,0
29344,26
29345,0
29346,0
29347,0
29348,18
29349,0
29350,0
29351,0
29352,39
29353,0
29354,0
29355,0
29356,0
29357,0
29358,0
29359,0
29360,0
29361,32
29362,0
29363,0
29364,0
29365,21
29366,0
29367,0
29368,0
29369,0
29370,0
29371,0
29372,0
29373,0
29374,0
29375,0
29376,11
29377,0
29378,0
29379,0
29380,0
29381,0
29382,0
29383,0
29384,0
29385,0
29386,13
29387,0
29388,27
29389,0
29390,0
29391,20
29392,0
29393,35
29394,0
29395,0
29396,0
29397,0
29398,24
29399,0
29400,0
29401,0
29402,20
29403,0
29404,0
29405,34
29406,13
29407,0
29408,0
29409,0
29410,0
29411,0
29412,0
29413,0
29414,0
29415,0
29416,0
29417,0
29418,25
29419,0
29420,0
29421,47
29422,0
29423,23
29424,8
29425,25
29426,0
29427,0
29428,0
29429,0
29430,0
29431,0
29432,0
29433,0
29434,14
29435,28
29436,0
29437,0
29438,0
29439,0
29440,0
29441,0
29442,0
29443,0
29444,0
29445,0
29446,0
29447,0
29448,0
29449,0
29450,0
29451,40
29452,0
29453,0
29454,0
29455,0
29456,22
29457,0
29458,20
29459,33
29460,0
29461,0
29462,0
29463,0
29464,0
29465,0
29466,0
29467,31
29468,0
29469,0
29470,0
29471,0
29472,0
29473,0
29474,0
29475,24
29476,30
29477,0
29478,0
29479,0
29480,0
29481,0
29482,0
29483,27
29484,25
29485,0
29486,24
29487,0
29488,0
29489,0
29490,22
29491,29
29492,14
29493,0
29494,0
29495,0
29496,20
29497,0
29498,0
29499,0
29500,0
29501,0
29502,0
29503,0
29504,0
29505,0
29506,0
29507,0
29508,25
29509,0
29510,0
29511,31
29512,16
29513,0
29514,0
29515,0
29516,0
29517,0
29518,0
29519,0
29520,0
29521,0
29522,0
29523,0
29524,0
29525,0
29526,0
29527,0
29528,0
29529,35
29530,38
29531,0
29532,0
29533,0
29534,0
29535,0
29536,0
29537,0
29538,0
29539,0
29540,0
29541,0
29542,0
29543,25
29544,19
29545,0
29546,0
29547,35
29548,21
29549,25
29550,0
29551,0
29552,0
29553,47
29554,0
29555,0
29556,0
29557,0
29558,18
29559,0
29560,0
29561,0
29562,0
29563,20
29564,0
29565,0
29566,0
29567,0
29568,17
29569,0
29570,21
29571,0
29572,0
29573,0
29574,0
29575,0
29576,0
29577,28
29578,0
29579,26
29580,0
29581,18
29582,0
29583,0
29584,0
29585,0
29586,21
29587,0
29588,0
29589,0
29590,0
29591,14
29592,0
29593,31
29594,0
29595,14
29596,0
29597,0
29598,0
29599,0
29600,0
29601,0
29602,0
29603,24
29604,0
29605,0
29606,0
29607,22
29608,21
29609,0
29610,0
29611,0
29612,0
29613,0
29614,26
29615,0
29616,0
29617,0
29618,0
29619,32
29620,0
29621,0
29622,0
29623,0
29624,0
29625,0
29626,26
29627,0
29628,0
29629,0
29630,0
29631,0
29632,0
29633,0
29634,0
29635,0
29636,0
29637,0
29638,0
29639,0
29640,0
29641,0
29642,31
29643,0
29644,0
29645,0
29646,29
29647,0
29648,0
29649,0
29650,0
29651,0
29652,0
29653,0
29654,0
29655,0
29656,9
29657,0
29658,0
29659,0
29660,0
29661,0
29662,0
29663,16
29664,0
29665,17
29666,0
29667,16
29668,24
29669,0
29670,0
29671,25
29672,0
29673,0
29674,0
29675,0
29676,0
29677,0
29678,0
29679,17
29680,43
29681,0
29682,0
29683,32
29684,0
29685,0
29686,0
29687,0
29688,0
29689,0
29690,24
29691,0
29692,0
29693,0
29694,0
29695,0
29696,0
29697,0
29698,0
29699,0
29700,0
29701,15
29702,0
29703,0
29704,0
29705,0
29706,0
29707,0
29708,13
29709,0
29710,0
29711,0
29712,0
29713,15
29714,0
29715,0
29716,0
29717,0
29718,25
29719,0
29720,0
29721,0
29722,0
29723,0
29724,0
29725,0
29726,0
29727,0
29728,31
29729,0
29730,0
29731,0
29732,20
29733,0
29734,0
29735,0
29736,0
29737,0
29738,17
29739,0
29740,0
29741,0
29742,0
29743,19
29744,0
29745,28
29746,9
29747,8
29748,23
29749,0
29750,0
29751,0
29752,0
29753,0
29754,0
29755,0
29756,0
29757,0
29758,21
29759,0
29760,0
29761,0
29762,0
29763,0
29764,0
29765,0
29766,0
29767,29
29768,0
29769,0
29770,0
29771,0
29772,0
29773,0
29774,0
29775,0
29776,0
29777,0
29778,0
29779,0
29780,0
29781,0
29782,0
29783,0
29784,0
29785,0
29786,0
29787,0
29788,0
29789,0
29790,0
29791,0
29792,0
29793,0
29794,0
29795,23
29796,17
29797,21
29798,0
29799,0
29800,0
29801,16
29802,0
29803,0
29804,41
29805,0
29806,0
29807,0
29808,0
29809,0
29810,0
29811,15
29812,0
29813,0
29814,28
29815,0
29816,29
29817,0
29818,11
29819,0
29820,0
29821,25
29822,0
29823,0
29824,19
29825,23
29826,0
29827,0
29828,0
29829,0
29830,0
29831,0
29832,0
29833,0
29834,0
29835,0
29836,0
29837,0
29838,0
29839,0
29840,9
29841,0
29842,22
29843,22
29844,0
29845,0
29846,0
29847,0
29848,0
29849,0
29850,0
29851,18
29852,24
29853,0
29854,25
29855,0
29856,0
29857,0
29858,0
29859,0
29860,0
29861,0
29862,0
29863,16
29864,32
29865,0
29866,0
29867,0
29868,10
29869,23
29870,0
29871,0
29872,0
29873,0
29874,0
29875,0
29876,0
29877,0
29878,0
29879,0
29880,35
29881,0
29882,0
29883,0
29884,0
29885,29
29886,0
29887,0
29888,0
29889,0
29890,0
29891,0
29892,0
29893,0
29894,0
29895,0
29896,0
29897,0
29898,17
29899,0
29900,0
29901,0
29902,0
29903,23
29904,0
29905,0
29906,0
29907,39
29908,0
29909,0
29910,0
29911,0
29912,0
29913,26
29914,19
29915,0
29916,0
29917,0
29918,0
29919,25
29920,0
29921,0
29922,0
29923,0
29924,18
29925,0
29926,0
29927,0
29928,19
29929,0
29930,40
29931,0
29932,0
29933,0
29934,0
29935,0
29936,18
29937,0
29938,0
29939,0
29940,5
29941,0
29942,0
29943,0
29944,0
29945,0
29946,0
29947,0
29948,0
29949,0
29950,0
29951,23
29952,0
29953,0
29954,0
29955,0
29956,0
29957,14
29958,0
29959,18
29960,0
29961,21
29962,0
29963,0
29964,0
29965,0
29966,0
29967,0
29968,0
29969,0
29970,32
29971,0
29972,0
29973,50
29974,0
29975,0
29976,28
29977,19
29978,0
29979,0
29980,30
29981,0
29982,0
29983,0
29984,14
29985,22
29986,0
29987,0
29988,12
29989,0
29990,0
29991,0
29992,0
29993,0
29994,0
29995,0
29996,0
29997,0
29998,0
29999,0
30000,0
30001,0
30002,0
30003,30
30004,15
30005,34
30006,29
30007,0
30008,0
30009,0
30010,12
30011,0
30012,0
30013,0
30014,0
30015,35
30016,22
30017,0
30018,0
30019,0
30020,0
30021,0
30022,0
30023,0
30024,0
30025,0
30026,0
30027,0
30028,0
30029,26
30030,0
30031,0
30032,0
30033,0
30034,0
30035,0
30036,0
30037,0
30038,0
30039,0
30040,19
30041,0
30042,0
30043,67
30044,0
30045,0
30046,0
30047,0
30048,0
30049,32
30050,0
30051,0
30052,0
30053,0
30054,27
30055,0
30056,20
30057,0
30058,0
30059,0
30060,0
30061,15
30062,0
30063,0
30064,0
30065,0
30066,0
30067,0
30068,0
30069,23
30070,0
30071,0
30072,0
30073,0
30074,0
30075,0
30076,0
30077,0
30078,0
30079,0
30080,29
30081,0
30082,0
30083,0
30084,0
30085,11
30086,0
30087,27
30088,0
30089,0
30090,0
30091,0
30092,0
30093,0
30094,40
30095,0
30096,0
30097,25
30098,0
30099,0
30100,0
30101,10
30102,0
30103,0
30104,0
30105,0
30106,0
30107,25
30108,0
30109,0
30110,0
30111,0
30112,0
30113,0
30114,0
30115,18
30116,0
30117,0
30118,0
30119,0
30120,0
30121,0
30122,0
30123,0
30124,0
30125,0
30126,0
30127,0
30128,0
30129,0
30130,0
30131,0
30132,0
30133,8
30134,0
30135,0
30136,0
30137,0
30138,0
30139,0
30140,0
30141,0
30142,0
30143,0
30144,0
30145,0
30146,0
30147,0
30148,0
30149,9
30150,0
30151,0
30152,0
30153,0
30154,0
30155,3
30156,0
30157,0
30158,0
30159,0
30160,0
30161,0
30162,0
30163,0
30164,0
30165,0
30166,0
30167,0
30168,0
30169,0
30170,0
30171,0
30172,0
30173,0
30174,0
30175,0
30176,0
30177,0
30178,0
30179,0
30180,0
30181,0
30182,0
30183,0
30184,0
30185,0
30186,0
30187,0
30188,0
30189,0
30190,0
30191,0
30192,0
30193,0
30194,0
30195,0
30196,6
30197,0
30198,0
30199,0
30200,0
30201,0
30202,0
30203,0
30204,0
30205,0
30206,0
30207,0
30208,0
30209,0
30210,0
30211,0
30212,0
30213,0
30214,0
30215,0
30216,0
30217,0
30218,0
30219,0
30220,0
30221,0
30222,0
30223,9
30224,0
30225,0
30226,0
30227,0
30228,0
30229,0
30230,0
30231,0
30232,0
30233,0
30234,0
30235,0
30236,0
30237,0
30238,0
30239,0
30240,0
30241,0
30242,0
30243,0
30244,0
30245,0
30246,0
30247,0
30248,0
30249,0
30250,0
30251,0
30252,0
30253,0
30254,8
30255,9
30256,0
30257,0
30258,0
30259,0
30260,0
30261,0
30262,0
30263,0
30264,0
30265,0
30266,0
30267,0
30268,0
30269,0
30270,0
30271,0
30272,0
30273,0
30274,0
30275,0
30276,0
30277,0
30278,0
30279,7
30280,0
30281,0
30282,0
30283,0
30284,0
30285,0
30286,0
30287,13
30288,24
30289,0
30290,15
30291,0
30292,0
30293,0
30294,0
30295,0
30296,0
30297,0
30298,0
30299,0
30300,0
30301,0
30302,16
30303,0
30304,0
30305,27
30306,0
30307,0
30308,0
30309,0
30310,0
30311,0
30312,0
30313,0
30314,0
30315,0
30316,0
30317,0
30318,0
30319,0
30320,0
30321,0
30322,0
30323,24
30324,0
30325,0
30326,0
30327,0
30328,0
30329,0
30330,0
30331,0
30332,0
30333,0
30334,20
30335,0
30336,0
30337,0
30338,0
30339,0
30340,0
30341,0
30342,0
30343,0
30344,0
30345,0
30346,0
30347,0
30348,0
30349,0
30350,0
30351,0
30352,0
30353,0
30354,0
30355,0
30356,0
30357,0
30358,0
30359,0
30360,0
30361,0
30362,0
30363,0
30364,20
30365,0
30366,0
30367,0
30368,0
30369,0
30370,0
30371,0
30372,0
30373,0
30374,0
30375,0
30376,0
30377,0
30378,0
30379,0
30380,0
30381,0
30382,21
30383,0
30384,0
30385,0
30386,0
30387,0
30388,0
30389,0
30390,0
30391,0
30392,0
30393,0
30394,0
30395,0
30396,0
30397,0
30398,0
30399,0
30400,0
30401,0
30402,15
30403,0
30404,18
30405,0
30406,0
30407,0
30408,0
30409,23
30410,0
30411,0
30412,0
30413,0
30414,0
30415,0
30416,0
30417,13
30418,0
30419,0
30420,0
30421,0
30422,0
30423,0
30424,0
30425,0
30426,0
30427,0
30428,0
30429,0
30430,0
30431,0
30432,0
30433,0
30434,0
30435,0
30436,0
30437,0
30438,0
30439,25
30440,0
30441,0
30442,0
30443,0
30444,0
30445,0
30446,0
30447,0
30448,0
30449,0
30450,36
30451,0
30452,0
30453,0
30454,0
30455,0
30456,0
30457,0
30458,0
30459,0
30460,0
30461,0
30462,25
30463,0
30464,0
30465,0
30466,0
30467,0
30468,0
30469,0
30470,22
30471,0
30472,0
30473,0
30474,20
30475,0
30476,20
30477,0
30478,0
30479,0
30480,20
30481,0
30482,0
30483,0
30484,0
30485,18
30486,0
30487,0
30488,0
30489,0
30490,0
30491,0
30492,0
30493,0
30494,25
30495,0
30496,0
30497,0
30498,0
30499,0
30500,0
30501,0
30502,0
30503,0
30504,0
30505,32
30506,0
30507,0
30508,17
30509,22
30510,0
30511,0
30512,0
30513,0
30514,0
30515,0
30516,0
30517,0
30518,0
30519,0
30520,0
30521,0
30522,0
30523,33
30524,23
30525,0
30526,0
30527,0
30528,0
30529,0
30530,0
30531,0
30532,0
30533,0
30534,0
30535,0
30536,0
30537,0
30538,0
30539,0
30540,0
30541,17
30542,0
30543,0
30544,0
30545,0
30546,0
30547,0
30548,0
30549,23
30550,0
30551,0
30552,0
30553,0
30554,0
30555,0
30556,0
30557,0
30558,0
30559,20
30560,0
30561,0
30562,0
30563,0
30564,0
30565,0
30566,26
30567,0
30568,0
30569,0
30570,0
30571,0
30572,0
30573,0
30574,0
30575,0
30576,0
30577,0
30578,0
30579,22
30580,0
30581,0
30582,25
30583,0
30584,0
30585,0
30586,18
30587,0
30588,0
30589,0
30590,16
30591,21
30592,0
30593,0
30594,0
30595,0
30596,0
30597,25
30598,0
30599,13
30600,0
30601,0
30602,0
30603,0
30604,0
30605,0
30606,0
30607,16
30608,17
30609,0
30610,18
30611,0
30612,0
30613,0
30614,0
30615,0
30616,21
30617,0
30618,0
30619,0
30620,0
30621,0
30622,0
30623,0
30624,0
30625,0
30626,0
30627,12
30628,0
30629,0
30630,0
30631,0
30632,0
30633,0
30634,0
30635,0
30636,0
30637,0
30638,0
30639,0
30640,0
30641,27
30642,0
30643,0
30644,0
30645,0
30646,10
30647,0
30648,0
30649,0
30650,0
30651,0
30652,0
30653,0
30654,0
30655,0
30656,0
30657,23
30658,18
30659,0
30660,0
30661,20
30662,0
30663,21
30664,0
30665,0
30666,0
30667,0
30668,27
30669,0
30670,0
30671,12
30672,17
30673,0
30674,19
30675,0
30676,26
30677,0
30678,0
30679,0
30680,12
30681,0
30682,0
30683,19
30684,0
30685,0
30686,14
30687,0
30688,0
30689,0
30690,18
30691,27
30692,0
30693,0
30694,19
30695,0
30696,11
30697,0
30698,12
30699,0
30700,0
30701,12
30702,21
30703,0
30704,0
30705,18
30706,18
30707,0
30708,0
30709,0
30710,21
30711,0
30712,21
30713,0
30714,0
30715,0
30716,25
30717,0
30718,0
30719,28
30720,16
30721,15
30722,0
30723,0
30724,0
30725,0
30726,0
30727,0
30728,0
30729,0
30730,0
30731,17
30732,19
30733,0
30734,16
30735,0
30736,0
30737,0
30738,0
30739,0
30740,0
30741,0
30742,0
30743,23
30744,0
30745,0
30746,0
30747,0
30748,0
30749,0
30750,0
30751,0
30752,19
30753,24
30754,0
30755,0
30756,0
30757,0
30758,18
30759,0
30760,0
30761,0
30762,0
30763,0
30764,0
30765,17
30766,16
30767,0
30768,26
30769,0
30770,0
30771,0
30772,17
30773,9
30774,15
30775,0
30776,0
30777,0
30778,0
30779,14
30780,16
30781,0
30782,0
30783,0
30784,0
30785,0
30786,0
30787,0
30788,0
30789,0
30790,0
30791,0
30792,0
30793,0
30794,0
30795,0
30796,0
30797,0
30798,0
30799,23
30800,0
30801,21
30802,0
30803,0
30804,0
30805,0
30806,0
30807,0
30808,0
30809,0
30810,0
30811,17
30812,0
30813,0
30814,0
30815,0
30816,0
30817,0
30818,0
30819,0
30820,0
30821,0
30822,29
30823,22
30824,0
30825,0
30826,0
30827,0
30828,25
30829,23
30830,0
30831,0
30832,14
30833,0
30834,20
30835,0
30836,0
30837,0
30838,0
30839,0
30840,0
30841,0
30842,0
30843,0
30844,0
30845,21
30846,0
30847,25
30848,11
30849,0
30850,0
30851,0
30852,0
30853,0
30854,0
30855,0
30856,0
30857,0
30858,0
30859,0
30860,0
30861,16
30862,0
30863,0
30864,0
30865,0
30866,0
30867,0
30868,20
30869,0
30870,0
30871,0
30872,0
30873,0
30874,0
30875,12
30876,23
30877,17
30878,20
30879,0
30880,0
30881,0
30882,0
30883,0
30884,16
30885,0
30886,0
30887,0
30888,0
30889,0
30890,0
30891,0
30892,29
30893,24
30894,0
30895,0
30896,0
30897,26
30898,0
30899,21
30900,0
30901,0
30902,0
30903,18
30904,0
30905,0
30906,0
30907,0
30908,23
30909,13
30910,24
30911,0
30912,0
30913,0
30914,0
30915,0
30916,21
30917,0
30918,0
30919,0
30920,0
30921,0
30922,0
30923,0
30924,19
30925,0
30926,26
30927,20
30928,0
30929,0
30930,0
30931,0
30932,0
30933,13
30934,0
30935,0
30936,0
30937,0
30938,0
30939,0
30940,0
30941,14
30942,0
30943,23
30944,0
30945,0
30946,0
30947,21
30948,0
30949,0
30950,17
30951,0
30952,0
30953,0
30954,22
30955,14
30956,0
30957,22
30958,0
30959,0
30960,0
30961,0
30962,20
30963,0
30964,22
30965,0
30966,0
30967,18
30968,0
30969,0
30970,0
30971,26
30972,0
30973,0
30974,14
30975,0
30976,0
30977,0
30978,0
30979,0
30980,0
30981,0
30982,0
30983,0
30984,0
30985,0
30986,0
30987,0
30988,23
30989,0
30990,0
30991,0
30992,0
30993,24
30994,0
30995,0
30996,0
30997,0
30998,24
30999,0
31000,0
31001,0
31002,0
31003,0
31004,0
31005,18
31006,24
31007,0
31008,0
31009,23
31010,0
31011,20
31012,0
31013,19
31014,0
31015,22
31016,0
31017,0
31018,0
31019,0
31020,0
31021,30
31022,23
31023,23
31024,0
31025,18
31026,0
31027,8
31028,0
31029,0
31030,21
31031,17
31032,0
31033,23
31034,0
31035,22
31036,0
31037,0
31038,0
31039,0
31040,0
31041,22
31042,0
31043,0
31044,0
31045,0
31046,0
31047,20
31048,0
31049,0
31050,29
31051,0
31052,0
31053,0
31054,17
31055,0
31056,20
31057,0
31058,0
31059,0
31060,0
31061,14
31062,0
31063,16
31064,0
31065,0
31066,24
31067,0
31068,0
31069,0
31070,11
31071,0
31072,14
31073,0
31074,0
31075,0
31076,0
31077,0
31078,0
31079,31
31080,0
31081,0
31082,0
31083,0
31084,17
31085,0
31086,0
31087,0
31088,22
31089,0
31090,0
31091,0
31092,0
31093,0
31094,0
31095,0
31096,26
31097,0
31098,18
31099,0
31100,18
31101,0
31102,23
31103,0
31104,23
31105,0
31106,0
31107,0
31108,0
31109,0
31110,0
31111,19
31112,0
31113,0
31114,0
31115,28
31116,0
31117,0
31118,0
31119,20
31120,0
31121,0
31122,0
31123,0
31124,29
31125,0
31126,0
31127,14
31128,35
31129,0
31130,0
31131,0
31132,18
31133,0
31134,21
31135,0
31136,0
31137,0
31138,0
31139,0
31140,0
31141,0
31142,0
31143,20
31144,0
31145,0
31146,25
31147,0
31148,0
31149,0
31150,0
31151,23
31152,0
31153,0
31154,0
31155,0
31156,0
31157,0
31158,0
31159,0
31160,0
31161,0
31162,0
31163,0
31164,16
31165,0
31166,0
31167,0
31168,0
31169,0
31170,14
31171,0
31172,0
31173,17
31174,25
31175,12
31176,0
31177,0
31178,0
31179,0
31180,22
31181,24
31182,0
31183,0
31184,0
31185,15
31186,0
31187,0
31188,0
31189,21
31190,19
31191,0
31192,0
31193,0
31194,23
31195,19
31196,0
31197,0
31198,0
31199,0
31200,18
31201,0
31202,0
31203,0
31204,0
31205,18
31206,0
31207,0
31208,13
31209,0
31210,0
31211,0
31212,0
31213,0
31214,0
31215,12
31216,15
31217,0
31218,0
31219,0
31220,0
31221,0
31222,16
31223,0
31224,0
31225,27
31226,19
31227,0
31228,0
31229,16
31230,0
31231,0
31232,0
31233,0
31234,19
31235,26
31236,0
31237,0
31238,0
31239,0
31240,0
31241,25
31242,21
31243,0
31244,0
31245,24
31246,21
31247,0
31248,15
31249,0
31250,0
31251,0
31252,0
31253,0
31254,0
31255,0
31256,27
31257,0
31258,20
31259,0
31260,0
31261,0
31262,11
31263,13
31264,0
31265,19
31266,0
31267,17
31268,0
31269,29
31270,0
31271,9
31272,16
31273,0
31274,15
31275,0
31276,0
31277,27
31278,11
31279,17
31280,0
31281,0
31282,0
31283,29
31284,0
31285,0
31286,0
31287,0
31288,0
31289,0
31290,24
31291,0
31292,0
31293,0
31294,0
31295,0
31296,0
31297,16
31298,27
31299,0
31300,0
31301,19
31302,0
31303,0
31304,0
31305,0
31306,0
31307,0
31308,24
31309,26
31310,0
31311,20
31312,0
31313,0
31314,0
31315,0
31316,25
31317,0
31318,0
31319,17
31320,0
31321,0
31322,21
31323,0
31324,0
31325,0
31326,0
31327,0
31328,28
31329,0
31330,0
31331,0
31332,19
31333,0
31334,0
31335,0
31336,0
31337,0
31338,0
31339,0
31340,0
31341,0
31342,0
31343,16
31344,0
31345,0
31346,0
31347,0
31348,0
31349,0
31350,0
31351,0
31352,0
31353,0
31354,0
31355,0
31356,21
31357,21
31358,0
31359,0
31360,21
31361,25
31362,0
31363,0
31364,0
31365,0
31366,0
31367,20
31368,0
31369,0
31370,0
31371,27
31372,0
31373,0
31374,0
31375,0
31376,19
31377,24
31378,0
31379,27
31380,0
31381,0
31382,0
31383,0
31384,21
31385,0
31386,12
31387,0
31388,0
31389,0
31390,0
31391,0
31392,0
31393,0
31394,0
31395,0
31396,0
31397,0
31398,26
31399,27
31400,0
31401,0
31402,0
31403,0
31404,0
31405,0
31406,0
31407,0
31408,0
31409,0
31410,0
31411,0
31412,0
31413,0
31414,0
31415,0
31416,0
31417,14
31418,13
31419,0
31420,0
31421,0
31422,0
31423,0
31424,0
31425,0
31426,0
31427,0
31428,0
31429,0
31430,0
31431,0
31432,0
31433,0
31434,0
31435,0
31436,30
31437,0
31438,0
31439,17
31440,0
31441,21
31442,0
31443,0
31444,0
31445,0
31446,0
31447,0
31448,0
31449,0
31450,0
31451,0
31452,23
31453,0
31454,25
31455,18
31456,0
31457,15
31458,18
31459,0
31460,0
31461,0
31462,0
31463,0
31464,0
31465,0
31466,0
31467,0
31468,0
31469,0
31470,19
31471,0
31472,0
31473,0
31474,0
31475,16
31476,0
31477,0
31478,23
31479,0
31480,0
31481,0
31482,0
31483,20
31484,14
31485,0
31486,0
31487,0
31488,0
31489,17
31490,0
31491,0
31492,0
31493,0
31494,0
31495,0
31496,0
31497,0
31498,0
31499,0
31500,0
31501,0
31502,0
31503,0
31504,0
31505,38
31506,0
31507,0
31508,0
31509,0
31510,0
31511,0
31512,0
31513,0
31514,0
31515,0
31516,51
31517,0
31518,0
31519,0
31520,0
31521,0
31522,0
31523,0
31524,0
31525,0
31526,40
31527,0
31528,0
31529,0
31530,0
31531,0
31532,0
31533,0
31534,41
31535,0
31536,0
31537,32
31538,0
31539,0
31540,0
31541,0
31542,0
31543,38
31544,13
31545,0
31546,0
31547,21
31548,40
31549,0
31550,24
31551,34
31552,0
31553,0
31554,0
31555,0
31556,0
31557,0
31558,0
31559,0
31560,0
31561,20
31562,0
31563,0
31564,0
31565,0
31566,0
31567,0
31568,0
31569,0
31570,0
31571,35
31572,0
31573,32
31574,0
31575,0
31576,0
31577,19
31578,0
31579,0
31580,0
31581,0
31582,0
31583,0
31584,0
31585,0
31586,35
31587,0
31588,0
31589,0
31590,22
31591,0
31592,0
31593,0
31594,0
31595,0
31596,0
31597,0
31598,0
31599,29
31600,0
31601,0
31602,0
31603,0
31604,29
31605,0
31606,0
31607,0
31608,0
31609,0
31610,0
31611,0
31612,42
31613,0
31614,0
31615,0
31616,0
31617,0
31618,0
31619,0
31620,0
31621,0
31622,0
31623,0
31624,0
31625,0
31626,32
31627,47
31628,0
31629,0
31630,0
31631,0
31632,0
31633,51
31634,0
31635,18
31636,0
31637,0
31638,0
31639,0
31640,0
31641,0
31642,0
31643,0
31644,0
31645,0
31646,0
31647,0
31648,0
31649,0
31650,0
31651,0
31652,33
31653,0
31654,34
31655,0
31656,0
31657,0
31658,56
31659,0
31660,22
31661,0
31662,0
31663,0
31664,0
31665,0
31666,0
31667,0
31668,0
31669,0
31670,0
31671,0
31672,0
31673,0
31674,0
31675,0
31676,0
31677,0
31678,0
31679,0
31680,37
31681,0
31682,0
31683,0
31684,0
31685,0
31686,0
31687,0
31688,49
31689,0
31690,0
31691,0
31692,0
31693,0
31694,0
31695,44
31696,0
31697,0
31698,0
31699,0
31700,0
31701,0
31702,0
31703,0
31704,0
31705,0
31706,50
31707,0
31708,0
31709,0
31710,0
31711,0
31712,0
31713,0
31714,0
31715,0
31716,21
31717,0
31718,43
31719,0
31720,0
31721,29
31722,0
31723,0
31724,0
31725,0
31726,0
31727,0
31728,0
31729,0
31730,0
31731,0
31732,0
31733,0
31734,0
31735,45
31736,0
31737,0
31738,0
31739,0
31740,0
31741,0
31742,0
31743,0
31744,0
31745,0
31746,0
31747,0
31748,0
31749,0
31750,25
31751,0
31752,0
31753,0
31754,0
31755,0
31756,0
31757,0
31758,26
31759,38
31760,0
31761,40
31762,0
31763,0
31764,0
31765,0
31766,30
31767,0
31768,0
31769,0
31770,0
31771,40
31772,0
31773,0
31774,0
31775,0
31776,0
31777,0
31778,0
31779,0
31780,0
31781,47
31782,26
31783,0
31784,0
31785,0
31786,45
31787,39
31788,0
31789,0
31790,0
31791,0
31792,0
31793,0
31794,0
31795,0
31796,0
31797,0
31798,0
31799,38
31800,38
31801,0
31802,36
31803,0
31804,0
31805,26
31806,0
31807,41
31808,0
31809,0
31810,0
31811,0
31812,42
31813,0
31814,0
31815,0
31816,0
31817,0
31818,0
31819,0
31820,0
31821,0
31822,0
31823,0
31824,0
31825,0
31826,44
31827,0
31828,0
31829,0
31830,21
31831,0
31832,38
31833,0
31834,0
31835,0
31836,0
31837,0
31838,0
31839,48
31840,33
31841,0
31842,0
31843,0
31844,0
31845,0
31846,0
31847,0
31848,0
31849,0
31850,0
31851,0
31852,0
31853,0
31854,0
31855,0
31856,0
31857,41
31858,36
31859,0
31860,0
31861,0
31862,0
31863,34
31864,43
31865,0
31866,0
31867,0
31868,0
31869,0
31870,0
31871,0
31872,24
31873,0
31874,0
31875,0
31876,0
31877,42
31878,0
31879,0
31880,0
31881,0
31882,0
31883,37
31884,0
31885,0
31886,47
31887,0
31888,0
31889,0
31890,0
31891,28
31892,0
31893,0
31894,0
31895,0
31896,0
31897,0
31898,43
31899,0
31900,27
31901,0
31902,0
31903,23
31904,0
31905,0
31906,0
31907,0
31908,31
31909,0
31910,0
31911,0
31912,0
31913,0
31914,22
31915,0
31916,0
31917,56
31918,0
31919,0
31920,32
31921,40
31922,0
31923,0
31924,0
31925,16
31926,0
31927,0
31928,0
31929,0
31930,0
31931,46
31932,0
31933,0
31934,0
31935,33
31936,36
31937,0
31938,0
31939,30
31940,0
31941,0
31942,24
31943,0
31944,0
31945,0
31946,0
31947,0
31948,0
31949,0
31950,0
31951,0
31952,66
31953,41
31954,0
31955,0
31956,0
31957,0
31958,0
31959,0
31960,0
31961,47
31962,0
31963,41
31964,0
31965,27
31966,0
31967,0
31968,0
31969,19
31970,0
31971,0
31972,0
31973,0
31974,0
31975,0
31976,0
31977,0
31978,0
31979,0
31980,0
31981,0
31982,0
31983,36
31984,0
31985,0
31986,0
31987,30
31988,0
31989,0
31990,0
31991,55
31992,29
31993,0
31994,0
31995,0
31996,0
31997,0
31998,60
31999,0
32000,0
32001,0
32002,50
32003,0
32004,0
32005,37
32006,0
32007,0
32008,0
32009,0
32010,39
32011,0
32012,0
32013,0
32014,0
32015,0
32016,25
32017,27
32018,0
32019,0
32020,0
32021,0
32022,0
32023,22
32024,0
32025,0
32026,27
32027,0
32028,0
32029,39
32030,0
32031,0
32032,0
32033,0
32034,0
32035,28
32036,0
32037,45
32038,57
32039,0
32040,0
32041,0
32042,0
32043,0
32044,0
32045,0
32046,0
32047,26
32048,0
32049,0
32050,0
32051,0
32052,0
32053,0
32054,37
32055,22
32056,33
32057,0
32058,0
32059,0
32060,0
32061,0
32062,0
32063,0
32064,0
32065,6
32066,4
32067,0
32068,0
32069,0
32070,0
32071,0
32072,0
32073,6
32074,0
32075,7
32076,0
32077,0
32078,0
32079,6
32080,7
32081,0
32082,0
32083,0
32084,0
32085,0
32086,0
32087,5
32088,0
32089,0
32090,0
32091,0
32092,0
32093,12
32094,0
32095,0
32096,0
32097,5
32098,7
32099,0
32100,0
32101,0
32102,0
32103,0
32104,0
32105,0
32106,0
32107,0
32108,0
32109,0
32110,5
32111,0
32112,0
32113,0
32114,0
32115,0
32116,0
32117,0
32118,0
32119,0
32120,0
32121,0
32122,0
32123,0
32124,0
32125,0
32126,0
32127,0
32128,0
32129,0
32130,0
32131,0
32132,0
32133,0
32134,0
32135,0
32136,0
32137,0
32138,0
32139,0
32140,0
32141,0
32142,0
32143,0
32144,0
32145,0
32146,0
32147,0
32148,0
32149,0
32150,0
32151,0
32152,0
32153,0
32154,0
32155,0
32156,0
32157,1
32158,0
32159,0
32160,0
32161,5
32162,0
32163,0
32164,0
32165,3
32166,3
32167,0
32168,0
32169,0
32170,0
32171,0
32172,2
32173,0
32174,0
32175,0
32176,0
32177,0
32178,0
32179,0
32180,0
32181,0
32182,0
32183,6
32184,0
32185,0
32186,0
32187,0
32188,0
32189,0
32190,0
32191,0
32192,0
32193,0
32194,0
32195,0
32196,0
32197,0
32198,0
32199,0
32200,0
32201,0
32202,0
32203,0
32204,0
32205,0
32206,0
32207,6
32208,0
32209,0
32210,0
32211,0
32212,0
32213,7
32214,0
32215,0
32216,0
32217,0
32218,2
32219,0
32220,0
32221,0
32222,0
32223,0
32224,0
32225,0
32226,0
32227,0
32228,0
32229,0
32230,0
32231,0
32232,0
32233,0
32234,0
32235,0
32236,0
32237,0
32238,0
32239,0
32240,0
32241,6
32242,5
32243,0
32244,0
32245,0
32246,0
32247,0
32248,4
32249,0
32250,0
32251,0
32252,12
32253,0
32254,8
32255,0
32256,8
32257,0
32258,0
32259,0
32260,0
32261,4
32262,0
32263,4
32264,0
32265,0
32266,0
32267,0
32268,0
32269,0
32270,0
32271,0
32272,0
32273,0
32274,0
32275,0
32276,0
32277,5
32278,0
32279,0
32280,0
32281,3
32282,0
32283,5
32284,0
32285,0
32286,0
32287,0
32288,0
32289,5
32290,6
32291,0
32292,0
32293,0
32294,0
32295,0
32296,0
32297,0
32298,0
32299,0
32300,9
32301,0
32302,0
32303,0
32304,10
32305,0
32306,0
32307,0
32308,0
32309,0
32310,0
32311,0
32312,0
32313,0
32314,0
32315,0
32316,0
32317,3
32318,0
32319,0
32320,0
32321,0
32322,0
32323,15
32324,0
32325,0
32326,0
32327,0
32328,0
32329,3
32330,0
32331,7
32332,0
32333,0
32334,0
32335,0
32336,0
32337,0
32338,0
32339,0
32340,0
32341,0
32342,0
32343,0
32344,6
32345,0
32346,0
32347,0
32348,0
32349,0
32350,8
32351,0
32352,0
32353,0
32354,0
32355,18
32356,0
32357,0
32358,0
32359,22
32360,0
32361,0
32362,0
32363,21
32364,0
32365,17
32366,0
32367,0
32368,0
32369,22
32370,0
32371,0
32372,0
32373,13
32374,0
32375,14
32376,0
32377,27
32378,0
32379,0
32380,13
32381,0
32382,25
32383,0
32384,0
32385,0
32386,0
32387,0
32388,0
32389,16
32390,0
32391,20
32392,0
32393,0
32394,0
32395,0
32396,0
32397,18
32398,0
32399,0
32400,0
32401,0
32402,0
32403,24
32404,0
32405,15
32406,20
32407,0
32408,0
32409,19
32410,0
32411,0
32412,0
32413,0
32414,28
32415,0
32416,29
32417,20
32418,29
32419,0
32420,0
32421,25
32422,23
32423,24
32424,0
32425,24
32426,0
32427,0
32428,0
32429,0
32430,0
32431,0
32432,0
32433,0
32434,0
32435,0
32436,0
32437,0
32438,0
32439,11
32440,0
32441,17
32442,14
32443,0
32444,0
32445,0
32446,0
32447,0
32448,20
32449,0
32450,0
32451,0
32452,0
32453,27
32454,25
32455,0
32456,17
32457,0
32458,0
32459,0
32460,0
32461,0
32462,0
32463,0
32464,0
32465,0
32466,0
32467,0
32468,0
32469,0
32470,11
32471,20
32472,0
32473,0
32474,0
32475,0
32476,0
32477,0
32478,0
32479,0
32480,0
32481,0
32482,0
32483,0
32484,27
32485,0
32486,0
32487,0
32488,16
32489,0
32490,0
32491,0
32492,0
32493,0
32494,12
32495,0
32496,0
32497,9
32498,0
32499,0
32500,0
32501,0
32502,0
32503,0
32504,17
32505,0
32506,0
32507,0
32508,0
32509,13
32510,0
32511,0
32512,0
32513,25
32514,0
32515,0
32516,20
32517,0
32518,0
32519,17
32520,0
32521,24
32522,0
32523,0
32524,0
32525,0
32526,0
32527,0
32528,0
32529,0
32530,0
32531,0
32532,0
32533,0
32534,0
32535,0
32536,0
32537,30
32538,0
32539,0
32540,0
32541,0
32542,0
32543,0
32544,0
32545,0
32546,34
32547,0
32548,0
32549,0
32550,0
32551,33
32552,0
32553,0
32554,13
32555,0
32556,0
32557,0
32558,0
32559,20
32560,0
32561,13
32562,26
32563,0
32564,25
32565,0
32566,0
32567,0
32568,0
32569,0
32570,0
32571,17
32572,20
32573,0
32574,0
32575,13
32576,0
32577,23
32578,0
32579,14
32580,23
32581,11
32582,0
32583,18
32584,0
32585,0
32586,23
32587,0
32588,0
32589,0
32590,0
32591,0
32592,0
32593,34
32594,0
32595,0
32596,0
32597,0
32598,0
32599,0
32600,33
32601,0
32602,0
32603,0
32604,0
32605,0
32606,0
32607,0
32608,0
32609,25
32610,20
32611,23
32612,18
32613,0
32614,0
32615,20
32616,22
32617,0
32618,0
32619,15
32620,0
32621,0
32622,26
32623,0
32624,25
32625,22
32626,28
32627,0
32628,12
32629,19
32630,0
32631,0
32632,13
32633,0
32634,0
32635,0
32636,0
32637,0
32638,0
32639,21
32640,0
32641,0
32642,0
32643,18
32644,0
32645,19
32646,0
32647,0
32648,0
32649,20
32650,0
32651,0
32652,0
32653,16
32654,12
32655,16
32656,24
32657,21
32658,0
32659,0
32660,0
32661,0
32662,17
32663,0
32664,0
32665,0
32666,0
32667,0
32668,19
32669,0
32670,0
32671,16
32672,0
32673,0
32674,0
32675,0
32676,23
32677,19
32678,0
32679,0
32680,0
32681,26
32682,0
32683,15
32684,23
32685,11
32686,14
32687,20
32688,0
32689,0
32690,0
32691,0
32692,0
32693,0
32694,0
32695,0
32696,0
32697,0
32698,0
32699,0
32700,22
32701,0
32702,0
32703,14
32704,0
32705,0
32706,0
32707,0
32708,0
32709,0
32710,22
32711,0
32712,19
32713,0
32714,0
32715,0
32716,0
32717,0
32718,0
32719,18
32720,0
32721,0
32722,29
32723,0
32724,0
32725,18
32726,22
32727,21
32728,0
32729,0
32730,0
32731,0
32732,0
32733,0
32734,0
32735,0
32736,0
32737,0
32738,0
32739,0
32740,17
32741,26
32742,0
32743,0
32744,15
32745,0
32746,0
32747,0
32748,19
32749,0
32750,18
32751,0
32752,0
32753,22
32754,0
32755,0
32756,14
32757,0
32758,0
32759,0
32760,14
32761,18
32762,0
32763,0
32764,0
32765,16
32766,19
32767,0
32768,10
32769,0
32770,0
32771,23
32772,0
32773,0
32774,0
32775,0
32776,0
32777,0
32778,0
32779,0
32780,0
32781,0
32782,0
32783,0
32784,15
32785,21
32786,0
32787,0
32788,0
32789,21
32790,0
32791,23
32792,0
32793,0
32794,0
32795,0
32796,0
32797,0
32798,17
32799,0
32800,0
32801,0
32802,0
32803,0
32804,0
32805,0
32806,0
32807,0
32808,15
32809,0
32810,0
32811,0
32812,0
32813,0
32814,0
32815,11
32816,15
32817,23
32818,0
32819,0
32820,0
32821,22
32822,19
32823,9
32824,16
32825,0
32826,0
32827,0
32828,0
32829,15
32830,17
32831,18
32832,0
32833,25
32834,0
32835,0
32836,17
32837,0
32838,25
32839,18
32840,0
32841,14
32842,15
32843,0
32844,13
32845,0
32846,0
32847,0
32848,0
32849,16
32850,0
32851,13
32852,0
32853,16
32854,0
32855,25
32856,0
32857,0
32858,0
32859,13
32860,0
32861,0
32862,0
32863,0
32864,0
32865,0
32866,13
32867,0
32868,0
32869,0
32870,0
32871,24
32872,0
32873,25
32874,0
32875,0
32876,17
32877,0
32878,14
32879,0
32880,0
32881,11
32882,36
32883,15
32884,0
32885,27
32886,0
32887,0
32888,0
32889,0
32890,0
32891,0
32892,0
32893,0
32894,12
32895,0
32896,0
32897,21
32898,15
32899,0
32900,0
32901,0
32902,0
32903,20
32904,0
32905,0
32906,0
32907,0
32908,0
32909,0
32910,0
32911,0
32912,16
32913,0
32914,0
32915,0
32916,0
32917,0
32918,0
32919,14
32920,0
32921,0
32922,0
32923,0
32924,0
32925,0
32926,0
32927,20
32928,24
32929,0
32930,0
32931,0
32932,0
32933,0
32934,0
32935,0
32936,21
32937,0
32938,0
32939,0
32940,23
32941,0
32942,0
32943,14
32944,0
32945,0
32946,0
32947,0
32948,0
32949,21
32950,0
32951,0
32952,10
32953,0
32954,11
32955,0
32956,13
32957,0
32958,23
32959,0
32960,0
32961,0
32962,21
32963,0
32964,0
32965,0
32966,12
32967,0
32968,0
32969,0
32970,0
32971,0
32972,0
32973,0
32974,0
32975,21
32976,26
32977,0
32978,0
32979,13
32980,18
32981,0
32982,0
32983,0
32984,0
32985,12
32986,10
32987,20
32988,0
32989,0
32990,20
32991,0
32992,0
32993,0
32994,0
32995,0
32996,0
32997,25
32998,13
32999,0
33000,0
33001,0
33002,0
33003,0
33004,15
33005,0
33006,17
33007,0
33008,0
33009,0
33010,0
33011,16
33012,0
33013,0
33014,0
33015,0
33016,0
33017,0
33018,0
33019,0
33020,0
33021,0
33022,0
33023,0
33024,0
33025,0
33026,0
33027,0
33028,0
33029,0
33030,0
33031,0
33032,0
33033,0
33034,0
33035,0
33036,12
33037,0
33038,0
33039,0
33040,0
33041,18
33042,0
33043,0
33044,0
33045,0
33046,0
33047,0
33048,0
33049,0
33050,0
33051,0
33052,0
33053,0
33054,0
33055,0
33056,0
33057,17
33058,0
33059,0
33060,23
33061,0
33062,21
33063,0
33064,0
33065,0
33066,29
33067,0
33068,0
33069,0
33070,24
33071,0
33072,0
33073,0
33074,0
33075,18
33076,18
33077,0
33078,0
33079,0
33080,0
33081,0
33082,0
33083,15
33084,0
33085,18
33086,0
33087,23
33088,14
33089,19
33090,0
33091,0
33092,0
33093,0
33094,0
33095,22
33096,27
33097,0
33098,0
33099,0
33100,0
33101,0
33102,0
33103,0
33104,0
33105,0
33106,0
33107,0
33108,0
33109,0
33110,0
33111,0
33112,0
33113,0
33114,0
33115,31
33116,21
33117,0
33118,0
33119,0
33120,26
33121,18
33122,0
33123,0
33124,0
33125,0
33126,0
33127,0
33128,25
33129,0
33130,0
33131,21
33132,0
33133,16
33134,0
33135,17
33136,0
33137,0
33138,0
33139,0
33140,0
33141,0
33142,0
33143,0
33144,0
33145,0
33146,0
33147,0
33148,0
33149,0
33150,0
33151,0
33152,0
33153,0
33154,0
33155,0
33156,0
33157,0
33158,0
33159,0
33160,0
33161,0
33162,0
33163,40
33164,26
33165,0
33166,0
33167,0
33168,0
33169,0
33170,0
33171,0
33172,0
33173,0
33174,0
33175,0
33176,0
33177,55
33178,0
33179,0
33180,0
33181,0
33182,0
33183,0
33184,0
33185,0
33186,0
33187,0
33188,0
33189,0
33190,0
33191,0
33192,38
33193,0
33194,0
33195,0
33196,0
33197,0
33198,0
33199,0
33200,0
33201,0
33202,0
33203,0
33204,0
33205,0
33206,0
33207,0
33208,0
33209,0
33210,0
33211,0
33212,0
33213,22
33214,0
33215,0
33216,0
33217,0
33218,0
33219,0
33220,33
33221,0
33222,0
33223,0
33224,0
33225,0
33226,0
33227,0
33228,0
33229,0
33230,38
33231,0
33232,0
33233,0
33234,30
33235,0
33236,0
33237,26
33238,0
33239,0
33240,0
33241,0
33242,0
33243,0
33244,0
33245,0
33246,0
33247,0
33248,0
33249,0
33250,0
33251,0
33252,0
33253,0
33254,40
33255,0
33256,0
33257,0
33258,0
33259,0
33260,0
33261,0
33262,0
33263,0
33264,31
33265,0
33266,0
33267,0
33268,0
33269,0
33270,0
33271,0
33272,0
33273,0
33274,0
33275,0
33276,0
33277,0
33278,0
33279,0
33280,0
33281,0
33282,0
33283,0
33284,0
33285,0
33286,29
33287,0
33288,46
33289,0
33290,0
33291,0
33292,0
33293,0
33294,0
33295,0
33296,28
33297,0
33298,0
33299,0
33300,0
33301,0
33302,0
33303,0
33304,51
33305,0
33306,0
33307,0
33308,0
33309,0
33310,0
33311,0
33312,0
33313,0
33314,0
33315,32
33316,31
33317,35
33318,0
33319,0
33320,0
33321,20
33322,0
33323,0
33324,27
33325,0
33326,53
33327,0
33328,0
33329,38
33330,0
33331,0
33332,0
33333,0
33334,29
33335,32
33336,0
33337,0
33338,0
33339,0
33340,0
33341,0
33342,0
33343,0
33344,0
33345,0
33346,0
33347,0
33348,0
33349,0
33350,0
33351,0
33352,0
33353,0
33354,0
33355,0
33356,0
33357,0
33358,0
33359,37
33360,0
33361,30
33362,0
33363,0
33364,32
33365,0
33366,24
33367,0
33368,0
33369,0
33370,0
33371,0
33372,32
33373,0
33374,33
33375,0
33376,25
33377,0
33378,0
33379,0
33380,0
33381,22
33382,0
33383,0
33384,0
33385,0
33386,0
33387,0
33388,29
33389,0
33390,0
33391,0
33392,0
33393,0
33394,0
33395,0
33396,0
33397,0
33398,24
33399,0
33400,0
33401,45
33402,0
33403,0
33404,0
33405,0
33406,0
33407,0
33408,0
33409,0
33410,0
33411,0
33412,0
33413,0
33414,0
33415,0
33416,0
33417,35
33418,0
33419,0
33420,0
33421,0
33422,0
33423,0
33424,24
33425,0
33426,0
33427,0
33428,0
33429,0
33430,0
33431,0
33432,0
33433,0
33434,0
33435,0
33436,0
33437,0
33438,0
33439,0
33440,0
33441,0
33442,37
33443,0
33444,0
33445,0
33446,23
33447,0
33448,25
33449,0
33450,48
33451,27
33452,0
33453,0
33454,0
33455,0
33456,0
33457,0
33458,0
33459,0
33460,0
33461,0
33462,0
33463,0
33464,0
33465,0
33466,0
33467,0
33468,0
33469,0
33470,0
33471,0
33472,28
33473,0
33474,30
33475,0
33476,0
33477,0
33478,0
33479,0
33480,0
33481,19
33482,33
33483,0
33484,0
33485,0
33486,0
33487,0
33488,0
33489,0
33490,0
33491,0
33492,0
33493,0
33494,0
33495,0
33496,0
33497,0
33498,0
33499,0
33500,0
33501,0
33502,0
33503,0
33504,0
33505,0
33506,34
33507,0
33508,0
33509,0
33510,0
33511,0
33512,20
33513,0
33514,0
33515,0
33516,31
33517,0
33518,38
33519,0
33520,0
33521,0
33522,27
33523,0
33524,0
33525,0
33526,25
33527,0
33528,33
33529,0
33530,0
33531,0
33532,0
33533,0
33534,0
33535,0
33536,0
33537,0
33538,0
33539,0
33540,0
33541,29
33542,28
33543,30
33544,0
33545,0
33546,0
33547,0
33548,0
33549,0
33550,0
33551,30
33552,0
33553,32
33554,32
33555,0
33556,0
33557,0
33558,0
33559,0
33560,0
33561,0
33562,0
33563,0
33564,0
33565,0
33566,0
33567,0
33568,34
33569,0
33570,0
33571,0
33572,0
33573,0
33574,0
33575,0
33576,0
33577,0
33578,0
33579,0
33580,26
33581,0
33582,0
33583,0
33584,0
33585,35
33586,0
33587,0
33588,0
33589,0
33590,0
33591,0
33592,0
33593,22
33594,17
33595,0
33596,0
33597,0
33598,0
33599,0
33600,0
33601,0
33602,0
33603,0
33604,30
33605,0
33606,0
33607,0
33608,0
33609,0
33610,0
33611,0
33612,0
33613,0
33614,31
33615,19
33616,0
33617,0
33618,0
33619,44
33620,0
33621,25
33622,0
33623,0
33624,23
33625,0
33626,0
33627,27
33628,0
33629,0
33630,0
33631,0
33632,0
33633,0
33634,0
33635,25
33636,0
33637,0
33638,0
33639,0
33640,0
33641,0
33642,0
33643,0
33644,33
33645,0
33646,0
33647,0
33648,0
33649,0
33650,0
33651,0
33652,0
33653,0
33654,29
33655,0
33656,0
33657,0
33658,0
33659,0
33660,0
33661,0
33662,0
33663,0
33664,0
33665,21
33666,23
33667,0
33668,0
33669,0
33670,0
33671,0
33672,0
33673,0
33674,0
33675,0
33676,0
33677,0
33678,35
33679,0
33680,0
33681,0
33682,37
33683,0
33684,0
33685,0
33686,30
33687,0
33688,0
33689,0
33690,0
33691,31
33692,0
33693,0
33694,0
33695,0
33696,0
33697,0
33698,0
33699,0
33700,0
33701,0
33702,0
33703,0
33704,20
33705,0
33706,0
33707,0
33708,24
33709,0
33710,0
33711,0
33712,0
33713,0
33714,16
33715,0
33716,0
33717,0
33718,0
33719,0
33720,20
33721,0
33722,0
33723,0
33724,0
33725,0
33726,0
33727,0
33728,0
33729,0
33730,30
33731,0
33732,0
33733,0
33734,0
33735,0
33736,30
33737,0
33738,0
33739,0
33740,0
33741,0
33742,0
33743,0
33744,0
33745,0
33746,0
33747,0
33748,26
33749,0
33750,26
33751,0
33752,31
33753,0
33754,0
33755,24
33756,14
33757,0
33758,15
33759,0
33760,0
33761,20
33762,29
33763,0
33764,0
33765,0
33766,0
33767,0
33768,0
33769,0
33770,0
33771,0
33772,0
33773,0
33774,32
33775,0
33776,0
33777,0
33778,0
33779,0
33780,31
33781,0
33782,0
33783,0
33784,0
33785,0
33786,0
33787,0
33788,0
33789,0
33790,0
33791,15
33792,0
33793,0
33794,0
33795,0
33796,0
33797,38
33798,0
33799,0
33800,0
33801,33
33802,0
33803,22
33804,0
33805,0
33806,0
33807,28
33808,0
33809,0
33810,0
33811,0
33812,0
33813,21
33814,0
33815,0
33816,18
33817,0
33818,0
33819,0
33820,0
33821,27
33822,0
33823,26
33824,0
33825,35
33826,0
33827,23
33828,0
33829,0
33830,0
33831,0
33832,0
33833,0
33834,0
33835,21
33836,0
33837,0
33838,36
33839,32
33840,19
33841,0
33842,27
33843,0
33844,0
33845,0
33846,0
33847,0
33848,0
33849,27
33850,0
33851,0
33852,0
33853,36
33854,0
33855,0
33856,0
33857,0
33858,0
33859,0
33860,26
33861,0
33862,0
33863,0
33864,0
33865,0
33866,24
33867,0
33868,0
33869,0
33870,23
33871,0
33872,0
33873,0
33874,33
33875,37
33876,0
33877,0
33878,35
33879,0
33880,0
33881,0
33882,0
33883,0
33884,0
33885,25
33886,0
33887,0
33888,22
33889,0
33890,0
33891,0
33892,0
33893,0
33894,19
33895,0
33896,0
33897,0
33898,0
33899,24
33900,0
33901,0
33902,0
33903,0
33904,0
33905,28
33906,0
33907,0
33908,0
33909,0
33910,0
33911,0
33912,28
33913,0
33914,0
33915,23
33916,0
33917,0
33918,0
33919,0
33920,0
33921,0
33922,31
33923,0
33924,0
33925,23
33926,18
33927,0
33928,0
33929,0
33930,0
33931,0
33932,0
33933,0
33934,0
33935,27
33936,0
33937,31
33938,0
33939,0
33940,0
33941,0
33942,0
33943,0
33944,0
33945,0
33946,0
33947,0
33948,14
33949,0
33950,38
33951,0
33952,38
33953,0
33954,0
33955,0
33956,0
33957,0
33958,0
33959,0
33960,0
33961,19
33962,0
33963,32
33964,0
33965,0
33966,0
33967,0
33968,0
33969,0
33970,0
33971,15
33972,0
33973,0
33974,0
33975,26
33976,0
33977,0
33978,0
33979,0
33980,28
33981,0
33982,0
33983,0
33984,0
33985,0
33986,0
33987,0
33988,0
33989,0
33990,0
33991,0
33992,0
33993,0
33994,23
33995,0
33996,0
33997,0
33998,0
33999,0
34000,0
34001,0
34002,0
34003,0
34004,0
34005,0
34006,0
34007,0
34008,0
34009,0
34010,0
34011,0
34012,0
34013,0
34014,0
34015,0
34016,0
34017,0
34018,0
34019,0
34020,0
34021,0
34022,0
34023,17
34024,0
34025,0
34026,30
34027,0
34028,0
34029,0
34030,0
34031,0
34032,0
34033,0
34034,0
34035,0
34036,0
34037,0
34038,0
34039,0
34040,0
34041,0
34042,0
34043,0
34044,20
34045,28
34046,0
34047,0
34048,0
34049,0
34050,0
34051,0
34052,0
34053,0
34054,24
34055,0
34056,0
34057,0
34058,0
34059,26
34060,0
34061,26
34062,0
34063,0
34064,0
34065,0
34066,0
34067,31
34068,0
34069,0
34070,0
34071,0
34072,0
34073,0
34074,0
34075,17
34076,36
34077,0
34078,0
34079,0
34080,0
34081,26
34082,0
34083,0
34084,0
34085,0
34086,0
34087,0
34088,0
34089,0
34090,0
34091,0
34092,0
34093,0
34094,0
34095,0
34096,31
34097,0
34098,0
34099,0
34100,21
34101,0
34102,24
34103,17
34104,0
34105,33
34106,0
34107,0
34108,0
34109,0
34110,0
34111,31
34112,0
34113,0
34114,0
34115,0
34116,0
34117,0
34118,0
34119,0
34120,0
34121,0
34122,0
34123,0
34124,0
34125,0
34126,0
34127,0
34128,0
34129,0
34130,0
34131,0
34132,0
34133,0
34134,0
34135,23
34136,0
34137,0
34138,0
34139,0
34140,0
34141,0
34142,25
34143,23
34144,0
34145,0
34146,0
34147,28
34148,0
34149,0
34150,0
34151,0
34152,0
34153,0
34154,24
34155,0
34156,0
34157,0
34158,0
34159,0
34160,0
34161,0
34162,21
34163,0
34164,0
34165,0
34166,0
34167,0
34168,0
34169,0
34170,0
34171,0
34172,0
34173,0
34174,0
34175,24
34176,0
34177,30
34178,0
34179,0
34180,28
34181,0
34182,0
34183,0
34184,38
34185,0
34186,0
34187,35
34188,0
34189,0
34190,30
34191,0
34192,0
34193,0
34194,0
34195,0
34196,0
34197,20
34198,0
34199,0
34200,0
34201,0
34202,0
34203,0
34204,38
34205,0
34206,0
34207,0
34208,0
34209,0
34210,0
34211,32
34212,0
34213,0
34214,0
34215,0
34216,0
34217,0
34218,0
34219,0
34220,0
34221,0
34222,0
34223,0
34224,0
34225,0
34226,0
34227,0
34228,0
34229,0
34230,0
34231,0
34232,0
34233,0
34234,0
34235,0
34236,0
34237,0
34238,0
34239,0
34240,0
34241,0
34242,0
34243,0
34244,0
34245,0
34246,0
34247,0
34248,0
34249,0
34250,0
34251,0
34252,0
34253,0
34254,0
34255,0
34256,0
34257,0
34258,14
34259,0
34260,0
34261,0
34262,0
34263,0
34264,0
34265,0
34266,0
34267,0
34268,0
34269,0
34270,0
34271,34
34272,0
34273,31
34274,0
34275,0
34276,0
34277,0
34278,0
34279,0
34280,0
34281,0
34282,0
34283,0
34284,0
34285,0
34286,0
34287,0
34288,0
34289,0
34290,0
34291,0
34292,0
34293,0
34294,0
34295,0
34296,0
34297,0
34298,0
34299,0
34300,0
34301,0
34302,0
34303,0
34304,0
34305,0
34306,0
34307,0
34308,0
34309,0
34310,0
34311,0
34312,0
34313,0
34314,0
34315,0
34316,0
34317,0
34318,17
34319,0
34320,0
34321,0
34322,0
34323,0
34324,0
34325,0
34326,0
34327,0
34328,32
34329,0
34330,0
34331,0
34332,28
34333,0
34334,0
34335,0
34336,0
34337,0
34338,0
34339,0
34340,0
34341,0
34342,38
34343,0
34344,0
34345,0
34346,0
34347,0
34348,0
34349,0
34350,0
34351,0
34352,0
34353,0
34354,0
34355,0
34356,0
34357,0
34358,0
34359,0
34360,0
34361,0
34362,0
34363,0
34364,0
34365,0
34366,0
34367,0
34368,0
34369,0
34370,0
34371,22
34372,0
34373,0
34374,0
34375,0
34376,0
34377,0
34378,0
34379,39
34380,0
34381,0
34382,0
34383,26
34384,0
34385,0
34386,0
34387,0
34388,0
34389,0
34390,0
34391,0
34392,0
34393,0
34394,0
34395,35
34396,0
34397,24
34398,0
34399,0
34400,0
34401,0
34402,0
34403,0
34404,0
34405,26
34406,0
34407,0
34408,0
34409,0
34410,20
34411,0
34412,0
34413,0
34414,0
34415,0
34416,0
34417,0
34418,0
34419,0
34420,0
34421,0
34422,0
34423,0
34424,0
34425,0
34426,0
34427,0
34428,0
34429,0
34430,0
34431,29
34432,0
34433,0
34434,23
34435,0
34436,0
34437,0
34438,0
34439,0
34440,0
34441,0
34442,0
34443,0
34444,0
34445,0
34446,0
34447,0
34448,0
34449,0
34450,0
34451,0
34452,0
34453,0
34454,0
34455,0
34456,0
34457,0
34458,0
34459,0
34460,0
34461,0
34462,0
34463,0
34464,0
34465,0
34466,0
34467,0
34468,0
34469,0
34470,0
34471,0
34472,0
34473,0
34474,0
34475,0
34476,0
34477,0
34478,0
34479,0
34480,0
34481,15
34482,0
34483,0
34484,0
34485,0
34486,0
34487,0
34488,0
34489,34
34490,0
34491,0
34492,0
34493,0
34494,0
34495,0
34496,0
34497,0
34498,0
34499,0
34500,21
34501,0
34502,0
34503,0
34504,0
34505,0
34506,0
34507,0
34508,0
34509,0
34510,0
34511,0
34512,0
34513,0
34514,0
34515,27
34516,0
34517,0
34518,0
34519,0
34520,0
34521,0
34522,0
34523,0
34524,0
34525,0
34526,0
34527,0
34528,0
34529,0
34530,0
34531,0
34532,0
34533,0
34534,0
34535,0
34536,0
34537,0
34538,0
34539,0
34540,0
34541,0
34542,0
34543,0
34544,0
34545,0
34546,0
34547,0
34548,0
34549,0
34550,0
34551,19
34552,0
34553,0
34554,0
34555,0
34556,0
34557,0
34558,0
34559,0
34560,0
34561,0
34562,0
34563,0
34564,0
34565,0
34566,0
34567,17
34568,0
34569,0
34570,0
34571,0
34572,0
34573,0
34574,0
34575,0
34576,0
34577,0
34578,22
34579,0
34580,0
34581,0
34582,0
34583,0
34584,0
34585,0
34586,0
34587,0
34588,0
34589,0
34590,0
34591,27
34592,0
34593,0
34594,0
34595,0
34596,0
34597,0
34598,0
34599,0
34600,0
34601,0
34602,0
34603,0
34604,0
34605,0
34606,0
34607,0
34608,0
34609,0
34610,0
34611,0
34612,0
34613,0
34614,0
34615,0
34616,0
34617,0
34618,0
34619,0
34620,0
34621,0
34622,0
34623,0
34624,0
34625,0
34626,0
34627,0
34628,0
34629,0
34630,40
34631,0
34632,0
34633,0
34634,0
34635,0
34636,0
34637,0
34638,0
34639,0
34640,0
34641,0
34642,13
34643,0
34644,0
34645,0
34646,0
34647,0
34648,25
34649,0
34650,0
34651,0
34652,0
34653,0
34654,0
34655,0
34656,0
34657,0
34658,0
34659,0
34660,0
34661,0
34662,0
34663,0
34664,0
34665,0
34666,0
34667,0
34668,0
34669,0
34670,0
34671,0
34672,0
34673,0
34674,0
34675,0
34676,0
34677,0
34678,0
34679,0
34680,0
34681,0
34682,0
34683,0
34684,0
34685,0
34686,0
34687,0
34688,0
34689,0
34690,0
34691,0
34692,0
34693,0
34694,0
34695,0
34696,0
34697,0
34698,0
34699,0
34700,0
34701,0
34702,0
34703,0
34704,0
34705,0
34706,0
34707,0
34708,0
34709,0
34710,0
34711,0
34712,26
34713,0
34714,0
34715,0
34716,0
34717,0
34718,0
34719,0
34720,0
34721,0
34722,0
34723,0
34724,0
34725,0
34726,0
34727,0
34728,0
34729,0
34730,0
34731,33
34732,0
34733,0
34734,0
34735,0
34736,0
34737,0
34738,0
34739,0
34740,0
34741,0
34742,0
34743,23
34744,0
34745,0
34746,0
34747,0
34748,0
34749,0
34750,0
34751,0
34752,0
34753,0
34754,0
34755,0
34756,0
34757,0
34758,0
34759,0
34760,0
34761,19
34762,0
34763,0
34764,0
34765,0
34766,24
34767,0
34768,0
34769,0
34770,0
34771,0
34772,0
34773,0
34774,0
34775,0
34776,0
34777,0
34778,0
34779,0
34780,0
34781,0
34782,0
34783,0
34784,0
34785,0
34786,0
34787,0
34788,0
34789,0
34790,0
34791,0
34792,0
34793,0
34794,22
34795,0
34796,0
34797,0
34798,0
34799,0
34800,0
34801,0
34802,0
34803,0
34804,0
34805,0
34806,0
34807,0
34808,0
34809,0
34810,0
34811,0
34812,0
34813,0
34814,0
34815,0
34816,0
34817,0
34818,0
34819,0
34820,0
34821,0
34822,0
34823,0
34824,0
34825,0
34826,0
34827,0
34828,0
34829,0
34830,0
34831,0
34832,0
34833,0
34834,0
34835,0
34836,0
34837,0
34838,24
34839,0
34840,0
34841,0
34842,0
34843,0
34844,0
34845,18
34846,0
34847,0
34848,0
34849,0
34850,0
34851,0
34852,0
34853,0
34854,0
34855,0
34856,0
34857,0
34858,0
34859,0
34860,0
34861,0
34862,0
34863,0
34864,0
34865,0
34866,0
34867,0
34868,0
34869,21
34870,0
34871,0
34872,0
34873,0
34874,0
34875,0
34876,0
34877,0
34878,0
34879,0
34880,0
34881,0
34882,27
34883,0
34884,0
34885,0
34886,0
34887,0
34888,0
34889,0
34890,0
34891,0
34892,23
34893,0
34894,0
34895,0
34896,0
34897,0
34898,0
34899,0
34900,0
34901,0
34902,0
34903,0
34904,0
34905,0
34906,0
34907,0
34908,0
34909,0
34910,0
34911,0
34912,0
34913,0
34914,0
34915,0
34916,0
34917,0
34918,0
34919,0
34920,0
34921,0
34922,0
34923,0
34924,0
34925,0
34926,0
34927,0
34928,0
34929,0
34930,0
34931,0
34932,0
34933,0
34934,0
34935,0
34936,0
34937,0
34938,0
34939,0
34940,0
34941,0
34942,0
34943,0
34944,0
34945,18
34946,0
34947,0
34948,0
34949,0
34950,0
34951,0
34952,18
34953,0
34954,0
34955,0
34956,0
34957,0
34958,0
34959,0
34960,0
34961,0
34962,0
34963,0
34964,0
34965,0
34966,0
34967,21
34968,32
34969,0
34970,0
34971,0
34972,27
34973,0
34974,0
34975,0
34976,0
34977,0
34978,0
34979,0
34980,0
34981,0
34982,0
34983,0
34984,0
34985,0
34986,0
34987,0
34988,0
34989,0
34990,0
34991,26
34992,0
34993,0
34994,0
34995,18
34996,0
34997,0
34998,0
34999,0
35000,0
35001,0
35002,0
35003,0
35004,0
35005,0
35006,0
35007,0
35008,25
35009,0
35010,0
35011,21
35012,0
35013,0
35014,0
35015,0
35016,0
35017,0
35018,0
35019,0
35020,1
35021,0
35022,0
35023,0
35024,0
35025,1
35026,0
35027,1
35028,0
35029,1
35030,0
35031,0
35032,0
35033,0
35034,3
35035,0
35036,0
35037,0
35038,0
35039,1
35040,1
35041,0
35042,0
35043,0
35044,0
35045,0
35046,0
35047,0
35048,1
35049,1
35050,0
35051,0
35052,0
35053,0
35054,0
35055,0
35056,0
35057,0
35058,0
35059,0
35060,0
35061,0
35062,0
35063,0
35064,0
35065,0
35066,0
35067,2
35068,0
35069,0
35070,0
35071,0
35072,0
35073,0
35074,0
35075,0
35076,0
35077,0
35078,2
35079,0
35080,0
35081,0
35082,0
35083,0
35084,0
35085,0
35086,0
35087,2
35088,0
35089,0
35090,0
35091,0
35092,0
35093,0
35094,0
35095,0
35096,0
35097,0
35098,0
35099,0
35100,0
35101,0
35102,0
35103,0
35104,0
35105,0
35106,0
35107,0
35108,0
35109,0
35110,0
35111,0
35112,0
35113,0
35114,0
35115,0
35116,0
35117,0
35118,1
35119,0
35120,0
35121,0
35122,0
35123,0
35124,0
35125,0
35126,1
35127,0
35128,0
35129,1
35130,0
35131,0
35132,0
35133,0
35134,0
35135,0
35136,0
35137,0
35138,0
35139,0
35140,0
35141,0
35142,0
35143,0
35144,0
35145,0
35146,1
35147,0
35148,0
35149,0
35150,0
35151,0
35152,0
35153,0
35154,0
35155,0
35156,0
35157,0
35158,0
35159,0
35160,0
35161,0
35162,0
35163,0
35164,0
35165,0
35166,0
35167,0
35168,0
35169,0
35170,0
35171,0
35172,0
35173,0
35174,0
35175,0
35176,0
35177,0
35178,1
35179,0
35180,0
35181,0
35182,0
35183,0
35184,0
35185,0
35186,0
35187,0
35188,0
35189,0
35190,0
35191,0
35192,0
35193,0
35194,0
35195,0
35196,0
35197,1
35198,0
35199,0
35200,3
35201,0
35202,0
35203,0
35204,3
35205,0
35206,0
35207,0
35208,0
35209,0
35210,0
35211,0
35212,0
35213,0
35214,0
35215,0
35216,0
35217,0
35218,0
35219,0
35220,0
35221,0
35222,0
35223,2
35224,0
35225,0
35226,0
35227,0
35228,0
35229,0
35230,0
35231,0
35232,0
35233,0
35234,0
35235,0
35236,0
35237,0
35238,0
35239,0
35240,0
35241,0
35242,27
35243,0
35244,30
35245,12
35246,29
35247,0
35248,0
35249,0
35250,0
35251,13
35252,15
35253,0
35254,0
35255,0
35256,0
35257,0
35258,0
35259,35
35260,10
35261,0
35262,21
35263,0
35264,0
35265,17
35266,0
35267,0
35268,0
35269,18
35270,0
35271,0
35272,13
35273,12
35274,0
35275,0
35276,0
35277,0
35278,0
35279,13
35280,0
35281,12
35282,0
35283,0
35284,21
35285,20
35286,0
35287,15
35288,0
35289,0
35290,16
35291,13
35292,0
35293,13
35294,0
35295,0
35296,31
35297,14
35298,14
35299,11
35300,0
35301,22
35302,0
35303,0
35304,0
35305,0
35306,0
35307,0
35308,0
35309,20
35310,0
35311,0
35312,0
35313,0
35314,0
35315,41
35316,17
35317,0
35318,0
35319,0
35320,0
35321,0
35322,0
35323,11
35324,0
35325,0
35326,0
35327,5
35328,0
35329,0
35330,19
35331,0
35332,0
35333,0
35334,0
35335,15
35336,20
35337,0
35338,0
35339,0
35340,12
35341,0
35342,0
35343,13
35344,0
35345,0
35346,17
35347,0
35348,0
35349,0
35350,0
35351,23
35352,0
35353,10
35354,0
35355,0
35356,0
35357,0
35358,0
35359,0
35360,0
35361,8
35362,0
35363,16
35364,15
35365,14
35366,0
35367,0
35368,0
35369,0
35370,0
35371,25
35372,0
35373,0
35374,0
35375,0
35376,5
35377,0
35378,22
35379,0
35380,0
35381,32
35382,0
35383,0
35384,13
35385,0
35386,0
35387,10
35388,10
35389,0
35390,0
35391,0
35392,0
35393,0
35394,0
35395,0
35396,0
35397,0
35398,0
35399,22
35400,0
35401,14
35402,0
35403,0
35404,0
35405,0
35406,0
35407,0
35408,0
35409,0
35410,0
35411,0
35412,10
35413,0
35414,0
35415,0
35416,0
35417,8
35418,0
35419,0
35420,0
35421,0
35422,0
35423,0
35424,0
35425,0
35426,15
35427,0
35428,0
35429,20
35430,0
35431,0
35432,0
35433,0
35434,0
35435,0
35436,0
35437,0
35438,0
35439,0
35440,0
35441,0
35442,9
35443,0
35444,0
35445,0
35446,11
35447,0
35448,0
35449,0
35450,0
35451,0
35452,16
35453,0
35454,0
35455,0
35456,0
35457,0
35458,0
35459,0
35460,0
35461,11
35462,29
35463,0
35464,0
35465,15
35466,0
35467,0
35468,12
35469,0
35470,0
35471,13
35472,0
35473,0
35474,0
35475,0
35476,0
35477,0
35478,0
35479,0
35480,0
35481,0
35482,0
35483,0
35484,27
35485,25
35486,26
35487,0
35488,13
35489,15
35490,0
35491,0
35492,18
35493,0
35494,0
35495,19
35496,10
35497,0
35498,15
35499,0
35500,19
35501,0
35502,0
35503,0
35504,0
35505,0
35506,0
35507,0
35508,0
35509,12
35510,0
35511,3
35512,0
35513,0
35514,0
35515,0
35516,0
35517,0
35518,31
35519,0
35520,0
35521,27
35522,0
35523,0
35524,0
35525,0
35526,0
35527,0
35528,0
35529,0
35530,0
35531,11
35532,0
35533,0
35534,0
35535,0
35536,0
35537,9
35538,0
35539,0
35540,0
35541,0
35542,0
35543,0
35544,26
35545,0
35546,0
35547,10
35548,0
35549,0
35550,0
35551,24
35552,12
35553,0
35554,0
35555,0
35556,0
35557,0
35558,0
35559,0
35560,0
35561,5
35562,0
35563,0
35564,0
35565,0
35566,0
35567,0
35568,0
35569,0
35570,0
35571,22
35572,0
35573,9
35574,0
35575,12
35576,0
35577,16
35578,16
35579,0
35580,7
35581,0
35582,0
35583,0
35584,0
35585,0
35586,0
35587,0
35588,0
35589,0
35590,0
35591,0
35592,0
35593,0
35594,0
35595,7
35596,0
35597,33
35598,13
35599,0
35600,15
35601,0
35602,18
35603,0
35604,0
35605,0
35606,0
35607,0
35608,13
35609,0
35610,19
35611,0
35612,0
35613,0
35614,0
35615,0
35616,0
35617,0
35618,0
35619,0
35620,0
35621,0
35622,0
35623,13
35624,0
35625,0
35626,18
35627,0
35628,12
35629,0
35630,0
35631,20
35632,0
35633,0
35634,0
35635,29
35636,0
35637,0
35638,0
35639,0
35640,0
35641,16
35642,12
35643,0
35644,0
35645,0
35646,12
35647,0
35648,0
35649,19
35650,18
35651,14
35652,0
35653,31
35654,24
35655,0
35656,17
35657,0
35658,0
35659,0
35660,0
35661,0
35662,0
35663,0
35664,18
35665,0
35666,0
35667,0
35668,0
35669,10
35670,16
35671,0
35672,0
35673,0
35674,21
35675,22
35676,0
35677,0
35678,0
35679,10
35680,0
35681,0
35682,20
35683,0
35684,28
35685,0
35686,0
35687,0
35688,0
35689,0
35690,0
35691,0
35692,0
35693,0
35694,0
35695,0
35696,0
35697,0
35698,0
35699,16
35700,0
35701,0
35702,12
35703,0
35704,24
35705,19
35706,0
35707,23
35708,0
35709,0
35710,14
35711,0
35712,0
35713,0
35714,0
35715,34
35716,11
35717,0
35718,2
35719,0
35720,0
35721,0
35722,0
35723,0
35724,0
35725,0
35726,18
35727,0
35728,0
35729,0
35730,7
35731,0
35732,24
35733,0
35734,0
35735,0
35736,0
35737,9
35738,0
35739,23
35740,0
35741,28
35742,24
35743,16
35744,0
35745,0
35746,0
35747,0
35748,0
35749,0
35750,0
35751,7
35752,0
35753,0
35754,0
35755,0
35756,0
35757,0
35758,0
35759,6
35760,0
35761,0
35762,7
35763,0
35764,0
35765,0
35766,0
35767,12
35768,0
35769,0
35770,0
35771,0
35772,0
35773,0
35774,8
35775,4
35776,0
35777,0
35778,0
35779,0
35780,13
35781,0
35782,0
35783,0
35784,0
35785,0
35786,0
35787,0
35788,0
35789,9
35790,10
35791,0
35792,0
35793,0
35794,0
35795,0
35796,0
35797,0
35798,0
35799,0
35800,0
35801,0
35802,6
35803,0
35804,7
35805,0
35806,7
35807,0
35808,5
35809,0
35810,0
35811,3
35812,0
35813,0
35814,6
35815,0
35816,0
35817,0
35818,0
35819,0
35820,0
35821,0
35822,0
35823,0
35824,6
35825,0
35826,0
35827,0
35828,0
35829,0
35830,0
35831,0
35832,7
35833,0
35834,0
35835,0
35836,0
35837,0
35838,0
35839,0
35840,0
35841,0
35842,6
35843,0
35844,9
35845,4
35846,0
35847,0
35848,0
35849,0
35850,0
35851,0
35852,0
35853,0
35854,0
35855,0
35856,0
35857,0
35858,0
35859,0
35860,0
35861,0
35862,0
35863,7
35864,0
35865,0
35866,0
35867,0
35868,0
35869,0
35870,0
35871,0
35872,0
35873,0
35874,0
35875,0
35876,0
35877,0
35878,0
35879,0
35880,7
35881,0
35882,0
35883,0
35884,0
35885,0
35886,0
35887,0
35888,0
35889,6
35890,0
35891,0
35892,0
35893,0
35894,9
35895,0
35896,8
35897,0
35898,0
35899,7
35900,0
35901,0
35902,0
35903,12
35904,0
35905,9
35906,0
35907,0
35908,0
35909,0
35910,0
35911,0
35912,0
35913,0
35914,0
35915,0
35916,0
35917,0
35918,6
35919,0
35920,0
35921,0
35922,0
35923,0
35924,0
35925,0
35926,0
35927,0
35928,0
35929,0
35930,0
35931,0
35932,0
35933,0
35934,7
35935,7
35936,0
35937,0
35938,0
35939,0
35940,5
35941,0
35942,0
35943,0
35944,0
35945,0
35946,0
35947,0
35948,0
35949,0
35950,0
35951,11
35952,0
35953,0
35954,0
35955,0
35956,0
35957,0
35958,5
35959,0
35960,0
35961,7
35962,0
35963,0
35964,0
35965,0
35966,0
35967,0
35968,0
35969,0
35970,0
35971,0
35972,0
35973,0
35974,4
35975,0
35976,0
35977,0
35978,0
35979,13
35980,0
35981,0
35982,0
35983,0
35984,22
35985,14
35986,0
35987,0
35988,0
35989,18
35990,0
35991,0
35992,0
35993,0
35994,0
35995,0
35996,0
35997,0
35998,0
35999,0
36000,0
36001,21
36002,0
36003,0
36004,0
36005,9
36006,0
36007,0
36008,0
36009,0
36010,0
36011,0
36012,0
36013,0
36014,0
36015,0
36016,0
36017,19
36018,0
36019,13
36020,0
36021,0
36022,26
36023,0
36024,0
36025,13
36026,0
36027,0
36028,0
36029,0
36030,0
36031,9
36032,11
36033,19
36034,0
36035,21
36036,0
36037,14
36038,0
36039,0
36040,0
36041,0
36042,0
36043,0
36044,0
36045,0
36046,0
36047,0
36048,0
36049,0
36050,0
36051,0
36052,0
36053,0
36054,0
36055,0
36056,0
36057,14
36058,15
36059,0
36060,16
36061,19
36062,10
36063,15
36064,0
36065,21
36066,0
36067,14
36068,0
36069,14
36070,0
36071,31
36072,0
36073,0
36074,0
36075,0
36076,0
36077,0
36078,0
36079,11
36080,0
36081,0
36082,15
36083,0
36084,0
36085,0
36086,0
36087,19
36088,0
36089,0
36090,0
36091,0
36092,0
36093,17
36094,0
36095,0
36096,0
36097,14
36098,15
36099,12
36100,0
36101,0
36102,0
36103,13
36104,0
36105,17
36106,0
36107,0
36108,0
36109,0
36110,0
36111,0
36112,0
36113,9
36114,0
36115,8
36116,0
36117,0
36118,0
36119,0
36120,0
36121,0
36122,0
36123,24
36124,27
36125,0
36126,0
36127,0
36128,0
36129,0
36130,0
36131,0
36132,12
36133,0
36134,0
36135,16
36136,0
36137,20
36138,0
36139,0
36140,0
36141,0
36142,0
36143,13
36144,0
36145,0
36146,13
36147,0
36148,0
36149,0
36150,0
36151,0
36152,0
36153,0
36154,0
36155,0
36156,0
36157,10
36158,0
36159,11
36160,0
36161,0
36162,0
36163,0
36164,0
36165,0
36166,11
36167,0
36168,14
36169,0
36170,0
36171,0
36172,26
36173,0
36174,0
36175,0
36176,0
36177,0
36178,0
36179,0
36180,0
36181,0
36182,0
36183,0
36184,21
36185,9
36186,0
36187,0
36188,0
36189,0
36190,0
36191,0
36192,0
36193,0
36194,15
36195,0
36196,0
36197,0
36198,0
36199,0
36200,25
36201,0
36202,22
36203,0
36204,0
36205,0
36206,28
36207,0
36208,0
36209,0
36210,26
36211,0
36212,28
36213,10
36214,0
36215,0
36216,0
36217,0
36218,0
36219,0
36220,0
36221,0
36222,0
36223,0
36224,0
36225,0
36226,0
36227,0
36228,0
36229,0
36230,10
36231,0
36232,0
36233,21
36234,0
36235,16
36236,16
36237,0
36238,0
36239,14
36240,0
36241,0
36242,0
36243,10
36244,0
36245,0
36246,0
36247,0
36248,0
36249,0
36250,26
36251,0
36252,0
36253,0
36254,0
36255,18
36256,0
36257,21
36258,0
36259,0
36260,0
36261,0
36262,22
36263,0
36264,0
36265,0
36266,0
36267,0
36268,0
36269,0
36270,12
36271,0
36272,0
36273,0
36274,0
36275,0
36276,0
36277,0
36278,0
36279,22
36280,0
36281,8
36282,13
36283,0
36284,7
36285,15
36286,0
36287,0
36288,0
36289,0
36290,0
36291,0
36292,0
36293,0
36294,13
36295,0
36296,0
36297,0
36298,0
36299,0
36300,20
36301,11
36302,0
36303,0
36304,0
36305,16
36306,0
36307,0
36308,0
36309,0
36310,0
36311,0
36312,0
36313,14
36314,0
36315,0
36316,13
36317,0
36318,18
36319,0
36320,0
36321,0
36322,0
36323,0
36324,18
36325,0
36326,0
36327,12
36328,0
36329,0
36330,0
36331,0
36332,0
36333,0
36334,0
36335,0
36336,0
36337,0
36338,0
36339,0
36340,0
36341,0
36342,0
36343,0
36344,0
36345,10
36346,0
36347,0
36348,12
36349,15
36350,0
36351,0
36352,0
36353,0
36354,0
36355,0
36356,0
36357,0
36358,15
36359,20
36360,0
36361,0
36362,0
36363,0
36364,0
36365,0
36366,0
36367,0
36368,14
36369,0
36370,0
36371,0
36372,0
36373,0
36374,12
36375,0
36376,0
36377,0
36378,0
36379,9
36380,16
36381,23
36382,0
36383,19
36384,0
36385,0
36386,12
36387,0
36388,7
36389,31
36390,0
36391,0
36392,0
36393,0
36394,24
36395,0
36396,0
36397,0
36398,0
36399,0
36400,0
36401,14
36402,23
36403,9
36404,17
36405,0
36406,0
36407,0
36408,0
36409,0
36410,0
36411,9
36412,10
36413,0
36414,0
36415,0
36416,0
36417,0
36418,0
36419,0
36420,0
36421,0
36422,0
36423,0
36424,9
36425,0
36426,0
36427,0
36428,0
36429,0
36430,0
36431,12
36432,0
36433,12
36434,17
36435,17
36436,7
36437,0
36438,0
36439,0
36440,0
36441,0
36442,0
36443,0
36444,0
36445,0
36446,0
36447,0
36448,0
36449,18
36450,0
36451,0
36452,0
36453,0
36454,17
36455,0
36456,0
36457,10
36458,24
36459,16
36460,0
36461,0
36462,0
36463,0
36464,0
36465,0
36466,0
36467,0
36468,0
36469,16
36470,0
36471,0
36472,0
36473,20
36474,0
36475,0
36476,12
36477,14
36478,20
36479,11
36480,19
36481,17
36482,0
36483,0
36484,0
36485,0
36486,0
36487,0
36488,0
36489,0
36490,0
36491,6
36492,0
36493,0
36494,16
36495,0
36496,0
36497,0
36498,0
36499,0
36500,0
36501,0
36502,0
36503,19
36504,15
36505,16
36506,17
36507,0
36508,0
36509,0
36510,0
36511,0
36512,0
36513,10
36514,0
36515,0
36516,0
36517,0
36518,0
36519,0
36520,22
36521,0
36522,0
36523,0
36524,0
36525,0
36526,11
36527,17
36528,0
36529,0
36530,0
36531,0
36532,0
36533,0
36534,21
36535,0
36536,0
36537,24
36538,0
36539,0
36540,0
36541,0
36542,0
36543,0
36544,0
36545,0
36546,0
36547,0
36548,0
36549,0
36550,20
36551,0
36552,0
36553,0
36554,0
36555,0
36556,0
36557,18
36558,0
36559,0
36560,0
36561,18
36562,17
36563,15
36564,0
36565,15
36566,0
36567,0
36568,13
36569,0
36570,13
36571,0
36572,0
36573,0
36574,0
36575,0
36576,0
36577,0
36578,0
36579,0
36580,0
36581,0
36582,0
36583,0
36584,0
36585,0
36586,0
36587,0
36588,0
36589,0
36590,0
36591,0
36592,0
36593,0
36594,0
36595,0
36596,0
36597,0
36598,0
36599,0
36600,0
36601,0
36602,0
36603,0
36604,0
36605,0
36606,0
36607,0
36608,0
36609,0
36610,0
36611,0
36612,0
36613,0
36614,0
36615,0
36616,0
36617,0
36618,0
36619,0
36620,0
36621,0
36622,0
36623,0
36624,0
36625,0
36626,0
36627,0
36628,0
36629,0
36630,0
36631,0
36632,0
36633,0
36634,0
36635,0
36636,0
36637,0
36638,0
36639,0
36640,0
36641,0
36642,0
36643,0
36644,0
36645,0
36646,0
36647,0
36648,0
36649,0
36650,0
36651,0
36652,0
36653,0
36654,0
36655,0
36656,0
36657,0
36658,0
36659,0
36660,0
36661,0
36662,0
36663,0
36664,0
36665,0
36666,0
36667,0
36668,0
36669,0
36670,0
36671,0
36672,0
36673,0
36674,0
36675,0
36676,0
36677,0
36678,0
36679,0
36680,0
36681,0
36682,0
36683,0
36684,0
36685,0
36686,0
36687,0
36688,0
36689,0
36690,0
36691,0
36692,0
36693,0
36694,0
36695,0
36696,0
36697,0
36698,0
36699,0
36700,0
36701,0
36702,0
36703,0
36704,0
36705,0
36706,0
36707,1
36708,0
36709,0
36710,0
36711,0
36712,0
36713,0
36714,0
36715,0
36716,0
36717,0
36718,0
36719,0
36720,0
36721,0
36722,0
36723,0
36724,0
36725,0
36726,0
36727,0
36728,0
36729,0
36730,0
36731,0
36732,0
36733,0
36734,0
36735,0
36736,0
36737,0
36738,0
36739,0
36740,0
36741,0
36742,0
36743,0
36744,0
36745,0
36746,0
36747,0
36748,0
36749,0
36750,0
36751,0
36752,0
36753,0
36754,0
36755,0
36756,0
36757,0
36758,0
36759,0
36760,0
36761,0
36762,0
36763,0
36764,0
36765,0
36766,0
36767,0
36768,0
36769,0
36770,0
36771,0
36772,0
36773,0
36774,0
36775,0
36776,0
36777,0
36778,0
36779,0
36780,0
36781,0
36782,0
36783,0
36784,0
36785,0
36786,0
36787,0
36788,0
36789,0
36790,0
36791,0
36792,0
36793,0
36794,0
36795,0
36796,0
36797,0
36798,0
36799,0
36800,0
36801,0
36802,0
36803,0
36804,0
36805,0
36806,0
36807,0
36808,0
36809,0
36810,0
36811,0
36812,0
36813,0
36814,0
36815,0
36816,0
36817,0
36818,0
36819,0
36820,0
36821,0
36822,0
36823,0
36824,0
36825,0
36826,0
36827,0
36828,0
36829,0
36830,0
36831,0
36832,0
36833,0
36834,0
36835,0
36836,0
36837,0
36838,0
36839,0
36840,0
36841,0
36842,0
36843,0
36844,0
36845,0
36846,0
36847,0
36848,0
36849,0
36850,0
36851,0
36852,0
36853,0
36854,0
36855,0
36856,0
36857,0
36858,0
36859,0
36860,0
36861,0
36862,0
36863,0
36864,0
36865,0
36866,0
36867,0
36868,0
36869,0
36870,0
36871,0
36872,0
36873,0
36874,0
36875,0
36876,0
36877,0
36878,0
36879,0
36880,0
36881,0
36882,0
36883,0
36884,0
36885,0
36886,0
36887,0
36888,0
36889,0
36890,0
36891,0
36892,0
36893,0
36894,0
36895,0
36896,0
36897,0
36898,0
36899,0
36900,0
36901,0
36902,0
36903,0
36904,0
36905,0
36906,0
36907,0
36908,0
36909,0
36910,0
36911,0
36912,0
36913,0
36914,0
36915,0
36916,0
36917,0
36918,0
36919,0
36920,0
36921,0
36922,0
36923,0
36924,0
36925,0
36926,0
36927,0
36928,0
36929,0
36930,0
36931,0
36932,0
36933,0
36934,0
36935,0
36936,0
36937,0
36938,0
36939,0
36940,0
36941,0
36942,0
36943,0
36944,0
36945,0
36946,0
36947,0
36948,0
36949,0
36950,0
36951,0
36952,0
36953,0
36954,0
36955,0
36956,0
36957,0
36958,0
36959,0
36960,0
36961,0
36962,0
36963,0
36964,0
36965,0
36966,0
36967,0
36968,0
36969,0
36970,0
36971,0
36972,0
36973,0
36974,0
36975,0
36976,0
36977,0
36978,0
36979,0
36980,0
36981,0
36982,0
36983,0
36984,0
36985,0
36986,0
36987,0
36988,0
36989,0
36990,0
36991,0
36992,0
36993,0
36994,0
36995,0
36996,0
36997,0
36998,0
36999,0
37000,0
37001,0
37002,0
37003,0
37004,0
37005,0
37006,0
37007,0
37008,0
37009,0
37010,0
37011,0
37012,0
37013,0
37014,0
37015,0
37016,0
37017,0
37018,0
37019,0
37020,0
37021,0
37022,0
37023,0
37024,0
37025,0
37026,0
37027,0
37028,0
37029,0
37030,0
37031,0
37032,0
37033,0
37034,0
37035,0
37036,0
37037,0
37038,0
37039,0
37040,0
37041,0
37042,0
37043,0
37044,0
37045,0
37046,0
37047,0
37048,0
37049,0
37050,0
37051,0
37052,0
37053,0
37054,0
37055,0
37056,0
37057,0
37058,0
37059,0
37060,0
37061,0
37062,0
37063,0
37064,0
37065,0
37066,0
37067,0
37068,0
37069,0
37070,0
37071,0
37072,0
37073,0
37074,0
37075,0
37076,0
37077,0
37078,0
37079,0
37080,0
37081,0
37082,0
37083,0
37084,0
37085,0
37086,0
37087,0
37088,0
37089,0
37090,0
37091,0
37092,0
37093,0
37094,0
37095,0
37096,0
37097,0
37098,0
37099,1
37100,0
37101,0
37102,0
37103,0
37104,0
37105,0
37106,0
37107,0
37108,0
37109,0
37110,0
37111,0
37112,0
37113,0
37114,0
37115,0
37116,0
37117,0
37118,0
37119,0
37120,0
37121,0
37122,0
37123,0
37124,0
37125,0
37126,0
37127,0
37128,0
37129,0
37130,0
37131,0
37132,0
37133,0
37134,0
37135,0
37136,0
37137,0
37138,0
37139,0
37140,0
37141,0
37142,0
37143,0
37144,0
37145,0
37146,0
37147,0
37148,0
37149,0
37150,0
37151,0
37152,0
37153,0
37154,0
37155,0
37156,0
37157,0
37158,0
37159,0
37160,0
37161,0
37162,0
37163,0
37164,0
37165,0
37166,0
37167,0
37168,0
37169,0
37170,0
37171,0
37172,0
37173,0
37174,0
37175,0
37176,0
37177,0
37178,0
37179,0
37180,0
37181,0
37182,0
37183,0
37184,0
37185,0
37186,0
37187,0
37188,0
37189,1
37190,0
37191,0
37192,0
37193,0
37194,0
37195,0
37196,0
37197,0
37198,0
37199,0
37200,0
37201,0
37202,0
37203,0
37204,0
37205,0
37206,0
37207,0
37208,0
37209,0
37210,0
37211,0
37212,0
37213,0
37214,0
37215,0
37216,0
37217,0
37218,0
37219,0
37220,0
37221,0
37222,0
37223,0
37224,0
37225,0
37226,0
37227,0
37228,0
37229,0
37230,0
37231,0
37232,0
37233,0
37234,0
37235,0
37236,0
37237,0
37238,0
37239,1
37240,0
37241,0
37242,0
37243,0
37244,0
37245,0
37246,0
37247,0
37248,0
37249,0
37250,0
37251,0
37252,0
37253,0
37254,0
37255,0
37256,0
37257,0
37258,0
37259,0
37260,0
37261,0
37262,0
37263,0
37264,0
37265,0
37266,0
37267,0
37268,0
37269,0
37270,0
37271,0
37272,0
37273,0
37274,0
37275,0
37276,0
37277,0
37278,0
37279,0
37280,0
37281,0
37282,0
37283,0
37284,0
37285,0
37286,0
37287,0
37288,0
37289,0
37290,0
37291,0
37292,0
37293,0
37294,0
37295,0
37296,0
37297,0
37298,0
37299,0
37300,0
37301,0
37302,0
37303,0
37304,0
37305,0
37306,0
37307,0
37308,0
37309,0
37310,0
37311,0
37312,0
37313,0
37314,0
37315,0
37316,0
37317,0
37318,0
37319,0
37320,0
37321,0
37322,0
37323,0
37324,0
37325,0
37326,0
37327,0
37328,0
37329,0
37330,0
37331,0
37332,0
37333,0
37334,0
37335,0
37336,0
37337,0
37338,0
37339,0
37340,0
37341,0
37342,0
37343,0
37344,0
37345,0
37346,0
37347,0
37348,0
37349,0
37350,0
37351,0
37352,0
37353,0
37354,0
37355,0
37356,0
37357,0
37358,0
37359,0
37360,0
37361,0
37362,0
37363,0
37364,0
37365,0
37366,0
37367,0
37368,0
37369,0
37370,0
37371,0
37372,0
37373,0
37374,0
37375,0
37376,0
37377,0
37378,0
37379,0
37380,0
37381,0
37382,0
37383,0
37384,0
37385,0
37386,0
37387,0
37388,0
37389,0
37390,0
37391,0
37392,0
37393,0
37394,0
37395,0
37396,0
37397,0
37398,0
37399,0
37400,0
37401,0
37402,0
37403,0
37404,0
37405,0
37406,0
37407,0
37408,0
37409,0
37410,0
37411,0
37412,0
37413,0
37414,0
37415,0
37416,0
37417,0
37418,0
37419,0
37420,0
37421,0
37422,0
37423,0
37424,0
37425,0
37426,0
37427,0
37428,0
37429,0
37430,0
37431,0
37432,0
37433,0
37434,0
37435,0
37436,0
37437,0
37438,0
37439,0
37440,0
37441,0
37442,0
37443,0
37444,0
37445,0
37446,0
37447,0
37448,0
37449,0
37450,0
37451,0
37452,0
37453,0
37454,0
37455,0
37456,0
37457,0
37458,0
37459,0
37460,0
37461,0
37462,0
37463,0
37464,0
37465,0
37466,0
37467,0
37468,0
37469,0
37470,0
37471,24
37472,0
37473,0
37474,0
37475,0
37476,0
37477,0
37478,0
37479,0
37480,24
37481,0
37482,0
37483,0
37484,0
37485,0
37486,31
37487,21
37488,0
37489,0
37490,0
37491,0
37492,0
37493,0
37494,0
37495,0
37496,0
37497,0
37498,0
37499,24
37500,0
37501,27
37502,0
37503,0
37504,0
37505,25
37506,36
37507,0
37508,0
37509,0
37510,0
37511,31
37512,0
37513,0
37514,0
37515,30
37516,0
37517,0
37518,0
37519,0
37520,0
37521,34
37522,0
37523,0
37524,0
37525,0
37526,0
37527,0
37528,0
37529,0
37530,20
37531,0
37532,0
37533,0
37534,0
37535,26
37536,0
37537,0
37538,0
37539,0
37540,0
37541,0
37542,0
37543,0
37544,0
37545,0
37546,0
37547,0
37548,0
37549,0
37550,32
37551,0
37552,40
37553,13
37554,0
37555,0
37556,24
37557,22
37558,0
37559,0
37560,0
37561,0
37562,0
37563,0
37564,0
37565,23
37566,0
37567,0
37568,0
37569,27
37570,0
37571,0
37572,0
37573,0
37574,0
37575,0
37576,0
37577,0
37578,0
37579,0
37580,0
37581,0
37582,0
37583,0
37584,0
37585,0
37586,0
37587,35
37588,24
37589,27
37590,0
37591,0
37592,0
37593,34
37594,31
37595,0
37596,0
37597,0
37598,0
37599,27
37600,0
37601,0
37602,0
37603,0
37604,0
37605,0
37606,0
37607,0
37608,0
37609,0
37610,19
37611,0
37612,0
37613,0
37614,0
37615,0
37616,0
37617,22
37618,0
37619,0
37620,0
37621,0
37622,0
37623,0
37624,0
37625,0
37626,0
37627,0
37628,0
37629,0
37630,0
37631,0
37632,0
37633,0
37634,0
37635,0
37636,24
37637,0
37638,0
37639,0
37640,0
37641,0
37642,0
37643,32
37644,28
37645,0
37646,0
37647,0
37648,0
37649,0
37650,0
37651,26
37652,0
37653,0
37654,38
37655,0
37656,0
37657,28
37658,0
37659,0
37660,0
37661,0
37662,0
37663,40
37664,0
37665,0
37666,0
37667,29
37668,0
37669,0
37670,0
37671,0
37672,0
37673,0
37674,42
37675,0
37676,0
37677,25
37678,0
37679,32
37680,0
37681,0
37682,16
37683,0
37684,0
37685,0
37686,0
37687,0
37688,0
37689,25
37690,0
37691,0
37692,0
37693,24
37694,0
37695,0
37696,0
37697,0
37698,19
37699,0
37700,0
37701,24
37702,0
37703,31
37704,0
37705,21
37706,22
37707,0
37708,0
37709,0
37710,0
37711,0
37712,19
37713,0
37714,0
37715,0
37716,24
37717,0
37718,0
37719,0
37720,0
37721,0
37722,0
37723,0
37724,0
37725,31
37726,0
37727,0
37728,0
37729,0
37730,0
37731,0
37732,0
37733,0
37734,0
37735,0
37736,0
37737,0
37738,0
37739,0
37740,0
37741,0
37742,0
37743,0
37744,29
37745,0
37746,0
37747,24
37748,38
37749,0
37750,0
37751,0
37752,0
37753,22
37754,19
37755,0
37756,0
37757,0
37758,0
37759,0
37760,0
37761,0
37762,0
37763,34
37764,0
37765,0
37766,0
37767,21
37768,0
37769,0
37770,0
37771,0
37772,0
37773,23
37774,0
37775,0
37776,0
37777,0
37778,24
37779,19
37780,0
37781,0
37782,0
37783,0
37784,34
37785,0
37786,0
37787,0
37788,0
37789,0
37790,0
37791,0
37792,0
37793,0
37794,0
37795,37
37796,0
37797,0
37798,0
37799,32
37800,21
37801,42
37802,0
37803,0
37804,0
37805,0
37806,24
37807,0
37808,0
37809,0
37810,0
37811,0
37812,0
37813,0
37814,0
37815,0
37816,30
37817,0
37818,0
37819,0
37820,0
37821,0
37822,0
37823,0
37824,0
37825,0
37826,0
37827,0
37828,26
37829,0
37830,0
37831,0
37832,0
37833,0
37834,0
37835,0
37836,22
37837,0
37838,22
37839,0
37840,33
37841,0
37842,0
37843,0
37844,0
37845,0
37846,0
37847,0
37848,0
37849,0
37850,17
37851,0
37852,0
37853,0
37854,23
37855,0
37856,0
37857,0
37858,0
37859,0
37860,0
37861,0
37862,0
37863,0
37864,0
37865,0
37866,0
37867,26
37868,0
37869,0
37870,0
37871,0
37872,0
37873,0
37874,21
37875,0
37876,0
37877,0
37878,0
37879,0
37880,0
37881,0
37882,24
37883,0
37884,0
37885,0
37886,0
37887,0
37888,0
37889,0
37890,0
37891,0
37892,0
37893,0
37894,0
37895,0
37896,0
37897,0
37898,0
37899,0
37900,15
37901,0
37902,0
37903,0
37904,30
37905,0
37906,0
37907,0
37908,0
37909,0
37910,0
37911,0
37912,0
37913,0
37914,0
37915,0
37916,0
37917,24
37918,0
37919,0
37920,0
37921,0
37922,0
37923,15
37924,30
37925,0
37926,0
37927,0
37928,0
37929,0
37930,0
37931,32
37932,0
37933,0
37934,0
37935,0
37936,30
37937,0
37938,0
37939,0
37940,0
37941,22
37942,0
37943,0
37944,0
37945,0
37946,0
37947,0
37948,35
37949,0
37950,0
37951,0
37952,0
37953,0
37954,25
37955,0
37956,0
37957,29
37958,0
37959,25
37960,30
37961,0
37962,0
37963,25
37964,36
37965,0
37966,0
37967,0
37968,0
37969,0
37970,0
37971,0
37972,24
37973,0
37974,0
37975,40
37976,22
37977,0
37978,0
37979,30
37980,34
37981,0
37982,0
37983,0
37984,0
37985,0
37986,0
37987,0
37988,29
37989,0
37990,0
37991,0
37992,0
37993,0
37994,0
37995,0
37996,0
37997,0
37998,0
37999,23
38000,0
38001,0
38002,0
38003,0
38004,0
38005,31
38006,0
38007,0
38008,0
38009,0
38010,0
38011,0
38012,0
38013,0
38014,0
38015,0
38016,0
38017,0
38018,0
38019,30
38020,0
38021,0
38022,0
38023,0
38024,0
38025,0
38026,0
38027,0
38028,0
38029,31
38030,0
38031,0
38032,0
38033,0
38034,26
38035,0
38036,0
38037,0
38038,0
38039,0
38040,0
38041,0
38042,0
38043,0
38044,26
38045,0
38046,0
38047,0
38048,0
38049,0
38050,52
38051,0
38052,0
38053,0
38054,0
38055,0
38056,25
38057,0
38058,0
38059,28
38060,0
38061,0
38062,30
38063,0
38064,0
38065,19
38066,21
38067,0
38068,0
38069,0
38070,0
38071,16
38072,0
38073,32
38074,0
38075,0
38076,0
38077,0
38078,0
38079,0
38080,0
38081,0
38082,0
38083,0
38084,19
38085,0
38086,0
38087,26
38088,0
38089,0
38090,29
38091,30
38092,0
38093,33
38094,0
38095,0
38096,0
38097,0
38098,40
38099,35
38100,0
38101,0
38102,0
38103,0
38104,0
38105,0
38106,0
38107,23
38108,0
38109,0
38110,0
38111,0
38112,28
38113,0
38114,0
38115,26
38116,0
38117,0
38118,0
38119,0
38120,0
38121,0
38122,0
38123,0
38124,0
38125,22
38126,0
38127,0
38128,26
38129,0
38130,0
38131,29
38132,0
38133,0
38134,0
38135,40
38136,0
38137,0
38138,0
38139,0
38140,0
38141,0
38142,0
38143,0
38144,0
38145,0
38146,17
38147,0
38148,21
38149,0
38150,0
38151,0
38152,0
38153,24
38154,0
38155,0
38156,31
38157,26
38158,0
38159,0
38160,0
38161,0
38162,0
38163,18
38164,0
38165,33
38166,0
38167,0
38168,0
38169,24
38170,0
38171,0
38172,0
38173,0
38174,0
38175,0
38176,0
38177,0
38178,0
38179,0
38180,0
38181,22
38182,32
38183,0
38184,0
38185,0
38186,0
38187,23
38188,0
38189,0
38190,0
38191,0
38192,0
38193,0
38194,15
38195,0
38196,0
38197,0
38198,20
38199,28
38200,0
38201,36
38202,0
38203,0
38204,0
38205,0
38206,0
38207,0
38208,0
38209,0
38210,0
38211,0
38212,0
38213,0
38214,0
38215,0
38216,0
38217,23
38218,0
38219,0
38220,0
38221,0
38222,0
38223,0
38224,25
38225,0
38226,0
38227,0
38228,0
38229,33
38230,0
38231,0
38232,0
38233,27
38234,0
38235,0
38236,0
38237,26
38238,0
38239,0
38240,0
38241,0
38242,0
38243,0
38244,0
38245,0
38246,0
38247,0
38248,26
38249,27
38250,34
38251,0
38252,32
38253,0
38254,0
38255,0
38256,0
38257,0
38258,0
38259,0
38260,0
38261,0
38262,0
38263,33
38264,0
38265,0
38266,24
38267,0
38268,0
38269,0
38270,0
38271,0
38272,0
38273,23
38274,25
38275,0
38276,0
38277,0
38278,0
38279,0
38280,33
38281,23
38282,30
38283,18
38284,26
38285,0
38286,0
38287,0
38288,0
38289,0
38290,0
38291,0
38292,0
38293,0
38294,0
38295,0
38296,0
38297,0
38298,35
38299,0
38300,22
38301,0
38302,33
38303,0
38304,0
38305,0
38306,0
38307,0
38308,0
38309,0
38310,0
38311,0
38312,0
38313,0
38314,0
38315,0
38316,0
38317,0
38318,27
38319,28
38320,0
38321,0
38322,0
38323,0
38324,0
38325,0
38326,0
38327,0
38328,0
38329,0
38330,0
38331,0
38332,0
38333,0
38334,0
38335,0
38336,0
38337,0
38338,0
38339,0
38340,0
38341,19
38342,0
38343,0
38344,27
38345,20
38346,0
38347,0
38348,21
38349,0
38350,0
38351,0
38352,0
38353,0
38354,0
38355,25
38356,30
38357,0
38358,0
38359,0
38360,0
38361,0
38362,0
38363,0
38364,0
38365,0
38366,0
38367,0
38368,0
38369,0
38370,25
38371,0
38372,0
38373,0
38374,0
38375,23
38376,0
38377,22
38378,0
38379,0
38380,0
38381,0
38382,33
38383,0
38384,0
38385,0
38386,0
38387,0
38388,0
38389,0
38390,0
38391,34
38392,0
38393,0
38394,0
38395,0
38396,0
38397,31
38398,0
38399,0
38400,0
38401,20
38402,0
38403,0
38404,0
38405,0
38406,0
38407,0
38408,0
38409,0
38410,0
38411,0
38412,0
38413,0
38414,0
38415,0
38416,0
38417,0
38418,0
38419,0
38420,0
38421,0
38422,25
38423,0
38424,49
38425,0
38426,0
38427,0
38428,0
38429,0
38430,0
38431,0
38432,0
38433,0
38434,0
38435,0
38436,0
38437,0
38438,0
38439,0
38440,0
38441,0
38442,0
38443,0
38444,0
38445,0
38446,0
38447,0
38448,33
38449,0
38450,0
38451,0
38452,0
38453,0
38454,0
38455,0
38456,0
38457,0
38458,0
38459,0
38460,0
38461,0
38462,0
38463,0
38464,0
38465,0
38466,0
38467,0
38468,0
38469,0
38470,0
38471,0
38472,0
38473,0
38474,0
38475,0
38476,0
38477,28
38478,0
38479,0
38480,0
38481,0
38482,0
38483,0
38484,0
38485,0
38486,0
38487,0
38488,0
38489,0
38490,0
38491,0
38492,0
38493,0
38494,0
38495,0
38496,0
38497,0
38498,0
38499,0
38500,0
38501,0
38502,0
38503,0
38504,18
38505,0
38506,0
38507,0
38508,0
38509,0
38510,0
38511,0
38512,0
38513,0
38514,0
38515,0
38516,0
38517,0
38518,0
38519,0
38520,0
38521,0
38522,0
38523,0
38524,0
38525,0
38526,0
38527,25
38528,0
38529,0
38530,32
38531,0
38532,0
38533,0
38534,0
38535,0
38536,0
38537,0
38538,0
38539,0
38540,0
38541,0
38542,0
38543,0
38544,0
38545,0
38546,0
38547,0
38548,0
38549,0
38550,30
38551,0
38552,0
38553,0
38554,0
38555,0
38556,0
38557,0
38558,0
38559,0
38560,0
38561,0
38562,26
38563,0
38564,0
38565,0
38566,0
38567,0
38568,32
38569,0
38570,0
38571,0
38572,0
38573,0
38574,0
38575,0
38576,0
38577,0
38578,0
38579,0
38580,0
38581,0
38582,0
38583,0
38584,0
38585,0
38586,0
38587,0
38588,0
38589,0
38590,0
38591,0
38592,0
38593,28
38594,0
38595,0
38596,0
38597,0
38598,0
38599,0
38600,0
38601,0
38602,27
38603,0
38604,0
38605,0
38606,0
38607,0
38608,0
38609,0
38610,0
38611,0
38612,0
38613,0
38614,0
38615,0
38616,0
38617,0
38618,0
38619,0
38620,0
38621,0
38622,0
38623,0
38624,0
38625,0
38626,0
38627,0
38628,0
38629,0
38630,0
38631,0
38632,0
38633,0
38634,0
38635,0
38636,0
38637,0
38638,0
38639,0
38640,0
38641,0
38642,0
38643,0
38644,0
38645,0
38646,0
38647,0
38648,0
38649,0
38650,0
38651,0
38652,0
38653,0
38654,0
38655,0
38656,0
38657,0
38658,0
38659,0
38660,0
38661,0
38662,0
38663,0
38664,0
38665,0
38666,0
38667,0
38668,0
38669,0
38670,0
38671,0
38672,0
38673,0
38674,0
38675,0
38676,0
38677,0
38678,0
38679,28
38680,0
38681,0
38682,0
38683,0
38684,0
38685,0
38686,0
38687,32
38688,0
38689,0
38690,0
38691,0
38692,0
38693,0
38694,0
38695,0
38696,0
38697,40
38698,0
38699,0
38700,0
38701,0
38702,0
38703,0
38704,0
38705,0
38706,0
38707,0
38708,0
38709,0
38710,0
38711,0
38712,0
38713,21
38714,0
38715,0
38716,0
38717,0
38718,0
38719,0
38720,0
38721,33
38722,35
38723,0
38724,40
38725,0
38726,0
38727,0
38728,0
38729,0
38730,0
38731,25
38732,0
38733,0
38734,0
38735,0
38736,0
38737,0
38738,0
38739,0
38740,0
38741,0
38742,0
38743,0
38744,0
38745,0
38746,0
38747,0
38748,0
38749,0
38750,0
38751,0
38752,0
38753,0
38754,0
38755,0
38756,0
38757,0
38758,0
38759,0
38760,0
38761,0
38762,0
38763,0
38764,0
38765,0
38766,48
38767,0
38768,0
38769,0
38770,0
38771,0
38772,0
38773,0
38774,0
38775,26
38776,0
38777,0
38778,0
38779,0
38780,0
38781,0
38782,0
38783,0
38784,37
38785,0
38786,0
38787,0
38788,0
38789,0
38790,0
38791,0
38792,0
38793,0
38794,0
38795,0
38796,0
38797,0
38798,0
38799,30
38800,0
38801,0
38802,0
38803,0
38804,26
38805,0
38806,0
38807,0
38808,0
38809,0
38810,0
38811,0
38812,0
38813,0
38814,42
38815,0
38816,0
38817,0
38818,0
38819,0
38820,0
38821,0
38822,0
38823,0
38824,0
38825,0
38826,0
38827,0
38828,0
38829,0
38830,0
38831,0
38832,0
38833,0
38834,0
38835,0
38836,30
38837,0
38838,0
38839,26
38840,0
38841,0
38842,0
38843,0
38844,0
38845,0
38846,0
38847,0
38848,0
38849,0
38850,0
38851,0
38852,0
38853,0
38854,0
38855,0
38856,54
38857,0
38858,34
38859,0
38860,0
38861,0
38862,0
38863,0
38864,0
38865,0
38866,0
38867,0
38868,0
38869,0
38870,0
38871,0
38872,0
38873,0
38874,0
38875,0
38876,0
38877,0
38878,0
38879,0
38880,0
38881,0
38882,0
38883,0
38884,0
38885,0
38886,0
38887,0
38888,0
38889,0
38890,0
38891,0
38892,0
38893,42
38894,0
38895,0
38896,0
38897,0
38898,0
38899,0
38900,0
38901,0
38902,0
38903,0
38904,0
38905,0
38906,0
38907,0
38908,0
38909,0
38910,0
38911,0
38912,0
38913,0
38914,0
38915,0
38916,0
38917,0
38918,0
38919,47
38920,0
38921,0
38922,0
38923,0
38924,0
38925,0
38926,0
38927,0
38928,0
38929,0
38930,0
38931,0
38932,0
38933,0
38934,0
38935,0
38936,0
38937,29
38938,0
38939,0
38940,0
38941,0
38942,0
38943,0
38944,0
38945,0
38946,0
38947,0
38948,0
38949,0
38950,0
38951,0
38952,0
38953,0
38954,38
38955,0
38956,0
38957,0
38958,0
38959,0
38960,0
38961,0
38962,0
38963,0
38964,0
38965,0
38966,0
38967,0
38968,0
38969,0
38970,38
38971,0
38972,0
38973,0
38974,0
38975,0
38976,0
38977,0
38978,0
38979,0
38980,0
38981,0
38982,0
38983,0
38984,0
38985,0
38986,0
38987,0
38988,0
38989,0
38990,42
38991,0
38992,0
38993,0
38994,0
38995,0
38996,0
38997,35
38998,0
38999,0
39000,0
39001,0
39002,0
39003,0
39004,0
39005,0
39006,0
39007,0
39008,32
39009,0
39010,0
39011,0
39012,0
39013,0
39014,0
39015,0
39016,0
39017,0
39018,0
39019,0
39020,0
39021,0
39022,0
39023,0
39024,0
39025,0
39026,0
39027,0
39028,0
39029,38
39030,0
39031,0
39032,0
39033,0
39034,0
39035,0
39036,0
39037,0
39038,0
39039,0
39040,0
39041,0
39042,0
39043,0
39044,0
39045,0
39046,0
39047,0
39048,0
39049,0
39050,0
39051,0
39052,0
39053,0
39054,0
39055,0
39056,0
39057,0
39058,0
39059,0
39060,0
39061,0
39062,0
39063,0
39064,0
39065,0
39066,0
39067,0
39068,0
39069,0
39070,0
39071,0
39072,0
39073,20
39074,0
39075,0
39076,0
39077,0
39078,0
39079,0
39080,0
39081,0
39082,0
39083,0
39084,0
39085,0
39086,0
39087,0
39088,0
39089,0
39090,0
39091,0
39092,0
39093,0
39094,0
39095,0
39096,0
39097,0
39098,0
39099,0
39100,0
39101,0
39102,27
39103,30
39104,0
39105,32
39106,0
39107,0
39108,0
39109,0
39110,0
39111,0
39112,0
39113,0
39114,0
39115,0
39116,0
39117,0
39118,0
39119,0
39120,0
39121,0
39122,0
39123,0
39124,0
39125,0
39126,0
39127,0
39128,0
39129,0
39130,0
39131,0
39132,0
39133,0
39134,0
39135,0
39136,0
39137,0
39138,25
39139,0
39140,0
39141,0
39142,0
39143,0
39144,0
39145,0
39146,0
39147,0
39148,0
39149,0
39150,0
39151,0
39152,0
39153,0
39154,0
39155,27
39156,0
39157,0
39158,0
39159,0
39160,0
39161,0
39162,0
39163,0
39164,0
39165,0
39166,0
39167,0
39168,0
39169,0
39170,0
39171,0
39172,0
39173,0
39174,0
39175,0
39176,0
39177,0
39178,0
39179,0
39180,0
39181,0
39182,0
39183,0
39184,0
39185,32
39186,0
39187,40
39188,36
39189,0
39190,0
39191,0
39192,0
39193,0
39194,0
39195,0
39196,0
39197,0
39198,0
39199,28
39200,0
39201,0
39202,0
39203,0
39204,0
39205,0
39206,0
39207,0
39208,0
39209,32
39210,0
39211,0
39212,0
39213,0
39214,0
39215,0
39216,0
39217,0
39218,0
39219,0
39220,0
39221,0
39222,0
39223,0
39224,0
39225,0
39226,0
39227,0
39228,0
39229,0
39230,0
39231,0
39232,0
39233,0
39234,0
39235,0
39236,0
39237,0
39238,0
39239,0
39240,0
39241,0
39242,0
39243,0
39244,0
39245,0
39246,0
39247,0
39248,0
39249,0
39250,0
39251,0
39252,0
39253,0
39254,0
39255,0
39256,0
39257,0
39258,0
39259,0
39260,0
39261,23
39262,0
39263,0
39264,0
39265,0
39266,0
39267,0
39268,0
39269,0
39270,0
39271,0
39272,0
39273,0
39274,0
39275,29
39276,0
39277,0
39278,0
39279,0
39280,0
39281,0
39282,0
39283,0
39284,0
39285,5
39286,6
39287,0
39288,0
39289,0
39290,0
39291,0
39292,0
39293,0
39294,4
39295,0
39296,0
39297,0
39298,0
39299,0
39300,0
39301,0
39302,0
39303,0
39304,0
39305,0
39306,0
39307,0
39308,8
39309,0
39310,0
39311,0
39312,0
39313,6
39314,0
39315,0
39316,0
39317,0
39318,3
39319,8
39320,0
39321,0
39322,0
39323,0
39324,0
39325,0
39326,7
39327,7
39328,0
39329,0
39330,0
39331,0
39332,10
39333,0
39334,0
39335,0
39336,3
39337,0
39338,0
39339,0
39340,0
39341,0
39342,0
39343,10
39344,0
39345,5
39346,6
39347,3
39348,0
39349,0
39350,0
39351,0
39352,0
39353,7
39354,0
39355,6
39356,6
39357,0
39358,4
39359,0
39360,6
39361,5
39362,0
39363,0
39364,0
39365,0
39366,0
39367,0
39368,0
39369,0
39370,0
39371,0
39372,0
39373,0
39374,0
39375,6
39376,0
39377,0
39378,0
39379,0
39380,0
39381,0
39382,0
39383,0
39384,0
39385,0
39386,0
39387,0
39388,0
39389,0
39390,0
39391,7
39392,0
39393,0
39394,0
39395,0
39396,0
39397,0
39398,0
39399,0
39400,0
39401,0
39402,0
39403,0
39404,0
39405,9
39406,0
39407,0
39408,3
39409,0
39410,0
39411,8
39412,0
39413,6
39414,10
39415,0
39416,3
39417,5
39418,0
39419,0
39420,7
39421,0
39422,3
39423,7
39424,0
39425,0
39426,0
39427,5
39428,0
39429,0
39430,0
39431,0
39432,0
39433,0
39434,0
39435,0
39436,0
39437,0
39438,0
39439,0
39440,0
39441,0
39442,4
39443,0
39444,5
39445,0
39446,11
39447,0
39448,0
39449,8
39450,0
39451,0
39452,11
39453,0
39454,0
39455,0
39456,4
39457,5
39458,2
39459,8
39460,5
39461,0
39462,0
39463,0
39464,0
39465,0
39466,0
39467,0
39468,0
39469,0
39470,0
39471,5
39472,0
39473,4
39474,0
39475,0
39476,0
39477,0
39478,8
39479,0
39480,0
39481,0
39482,0
39483,8
39484,0
39485,4
39486,5
39487,0
39488,0
39489,0
39490,0
39491,0
39492,0
39493,0
39494,0
39495,0
39496,5
39497,0
39498,0
39499,0
39500,0
39501,0
39502,0
39503,10
39504,0
39505,0
39506,0
39507,9
39508,0
39509,0
39510,0
39511,0
39512,0
39513,0
39514,0
39515,0
39516,9
39517,0
39518,4
39519,0
39520,0
39521,0
39522,0
39523,1
39524,0
39525,0
39526,0
39527,7
39528,6
39529,4
39530,0
39531,9
39532,0
39533,0
39534,0
39535,0
39536,13
39537,7
39538,0
39539,0
39540,0
39541,0
39542,0
39543,0
39544,0
39545,0
39546,0
39547,0
39548,3
39549,0
39550,0
39551,0
39552,0
39553,2
39554,0
39555,0
39556,0
39557,9
39558,8
39559,0
39560,8
39561,0
39562,0
39563,0
39564,0
39565,0
39566,0
39567,0
39568,7
39569,0
39570,0
39571,5
39572,0
39573,0
39574,0
39575,0
39576,0
39577,0
39578,9
39579,6
39580,0
39581,9
39582,0
39583,0
39584,47
39585,0
39586,0
39587,0
39588,0
39589,0
39590,0
39591,0
39592,40
39593,38
39594,0
39595,36
39596,0
39597,0
39598,49
39599,0
39600,0
39601,0
39602,0
39603,0
39604,0
39605,0
39606,33
39607,35
39608,0
39609,0
39610,0
39611,0
39612,0
39613,46
39614,0
39615,0
39616,0
39617,0
39618,0
39619,0
39620,0
39621,0
39622,51
39623,0
39624,0
39625,0
39626,0
39627,0
39628,0
39629,0
39630,0
39631,0
39632,0
39633,0
39634,32
39635,38
39636,38
39637,0
39638,0
39639,0
39640,0
39641,36
39642,0
39643,0
39644,0
39645,0
39646,0
39647,39
39648,0
39649,34
39650,0
39651,0
39652,0
39653,0
39654,0
39655,0
39656,0
39657,0
39658,0
39659,0
39660,0
39661,0
39662,0
39663,0
39664,0
39665,0
39666,0
39667,0
39668,0
39669,0
39670,0
39671,0
39672,0
39673,0
39674,0
39675,0
39676,0
39677,35
39678,0
39679,30
39680,0
39681,0
39682,0
39683,0
39684,0
39685,0
39686,0
39687,0
39688,58
39689,55
39690,0
39691,0
39692,0
39693,37
39694,0
39695,0
39696,0
39697,50
39698,0
39699,0
39700,0
39701,0
39702,0
39703,34
39704,44
39705,0
39706,0
39707,0
39708,0
39709,0
39710,0
39711,0
39712,0
39713,0
39714,0
39715,0
39716,28
39717,39
39718,0
39719,0
39720,51
39721,37
39722,0
39723,0
39724,40
39725,44
39726,39
39727,0
39728,0
39729,0
39730,0
39731,0
39732,0
39733,0
39734,0
39735,0
39736,49
39737,0
39738,0
39739,38
39740,0
39741,39
39742,32
39743,0
39744,24
39745,0
39746,0
39747,44
39748,0
39749,0
39750,0
39751,38
39752,0
39753,0
39754,0
39755,0
39756,0
39757,0
39758,0
39759,0
39760,0
39761,0
39762,0
39763,27
39764,0
39765,0
39766,0
39767,41
39768,0
39769,39
39770,0
39771,0
39772,0
39773,0
39774,28
39775,0
39776,0
39777,0
39778,31
39779,0
39780,0
39781,0
39782,0
39783,0
39784,0
39785,0
39786,0
39787,0
39788,0
39789,0
39790,0
39791,0
39792,0
39793,0
39794,0
39795,0
39796,0
39797,0
39798,0
39799,0
39800,0
39801,31
39802,0
39803,0
39804,0
39805,0
39806,0
39807,43
39808,0
39809,34
39810,0
39811,0
39812,0
39813,27
39814,0
39815,0
39816,0
39817,0
39818,45
39819,0
39820,0
39821,0
39822,0
39823,0
39824,0
39825,0
39826,24
39827,29
39828,42
39829,0
39830,0
39831,0
39832,0
39833,0
39834,0
39835,0
39836,28
39837,0
39838,42
39839,0
39840,0
39841,0
39842,0
39843,0
39844,0
39845,0
39846,0
39847,0
39848,0
39849,40
39850,0
39851,0
39852,37
39853,0
39854,0
39855,0
39856,0
39857,28
39858,0
39859,0
39860,0
39861,0
39862,0
39863,0
39864,0
39865,35
39866,44
39867,0
39868,0
39869,0
39870,0
39871,29
39872,0
39873,32
39874,0
39875,0
39876,0
39877,0
39878,0
39879,37
39880,37
39881,0
39882,0
39883,0
39884,0
39885,0
39886,0
39887,33
39888,0
39889,0
39890,35
39891,0
39892,0
39893,33
39894,44
39895,0
39896,0
39897,39
39898,0
39899,0
39900,0
39901,0
39902,0
39903,0
39904,0
39905,0
39906,0
39907,0
39908,0
39909,0
39910,0
39911,0
39912,0
39913,0
39914,0
39915,0
39916,0
39917,0
39918,0
39919,0
39920,37
39921,0
39922,0
39923,0
39924,0
39925,0
39926,0
39927,0
39928,0
39929,0
39930,34
39931,0
39932,0
39933,0
39934,0
39935,0
39936,0
39937,0
39938,0
39939,0
39940,0
39941,0
39942,0
39943,33
39944,34
39945,0
39946,0
39947,0
39948,0
39949,0
39950,0
39951,0
39952,0
39953,0
39954,0
39955,39
39956,0
39957,49
39958,0
39959,0
39960,0
39961,0
39962,0
39963,0
39964,0
39965,0
39966,27
39967,0
39968,22
39969,0
39970,0
39971,0
39972,0
39973,36
39974,0
39975,0
39976,0
39977,0
39978,47
39979,0
39980,0
39981,0
39982,0
39983,0
39984,0
39985,0
39986,0
39987,0
39988,0
39989,0
39990,0
39991,0
39992,0
39993,38
39994,27
39995,0
39996,0
39997,0
39998,0
39999,0
40000,0
40001,0
40002,0
40003,0
40004,0
40005,50
40006,0
40007,0
40008,0
40009,0
40010,0
40011,0
40012,0
40013,0
40014,0
40015,0
40016,55
40017,0
40018,0
40019,0
40020,0
40021,0
40022,33
40023,0
40024,0
40025,0
40026,0
40027,0
40028,0
40029,0
40030,41
40031,39
40032,0
40033,0
40034,34
40035,0
40036,0
40037,0
40038,0
40039,0
40040,0
40041,0
40042,38
40043,38
40044,0
40045,0
40046,0
40047,0
40048,0
40049,0
40050,0
40051,0
40052,0
40053,0
40054,0
40055,0
40056,0
40057,0
40058,27
40059,37
40060,0
40061,0
40062,0
40063,0
40064,0
40065,0
40066,40
40067,0
40068,0
40069,30
40070,27
40071,0
40072,33
40073,0
40074,0
40075,0
40076,0
40077,0
40078,0
40079,0
40080,0
40081,29
40082,0
40083,0
40084,0
40085,0
40086,25
40087,29
40088,0
40089,0
40090,0
40091,0
40092,0
40093,44
40094,50
40095,0
40096,0
40097,0
40098,0
40099,0
40100,0
40101,60
40102,0
40103,40
40104,0
40105,0
40106,0
40107,0
40108,0
40109,0
40110,0
40111,0
40112,0
40113,0
40114,0
40115,0
40116,0
40117,0
40118,0
40119,0
40120,0
40121,0
40122,0
40123,42
40124,0
40125,0
40126,47
40127,0
40128,0
40129,0
40130,0
40131,0
40132,0
40133,0
40134,0
40135,0
40136,30
40137,0
40138,53
40139,0
40140,0
40141,0
40142,33
40143,34
40144,33
40145,0
40146,0
40147,44
40148,0
40149,0
40150,34
40151,0
40152,0
40153,0
40154,0
40155,38
40156,0
40157,40
40158,0
40159,49
40160,42
40161,0
40162,31
40163,37
40164,0
40165,0
40166,59
40167,0
40168,0
40169,0
40170,0
40171,0
40172,0
40173,0
40174,0
40175,0
40176,0
40177,0
40178,37
40179,0
40180,0
40181,37
40182,0
40183,23
40184,0
40185,41
40186,38
40187,0
40188,0
40189,0
40190,0
40191,28
40192,0
40193,49
40194,0
40195,32
40196,0
40197,52
40198,0
40199,0
40200,0
40201,0
40202,0
40203,0
40204,0
40205,0
40206,0
40207,0
40208,0
40209,0
40210,53
40211,0
40212,0
40213,42
40214,0
40215,0
40216,0
40217,38
40218,26
40219,40
40220,0
40221,0
40222,0
40223,0
40224,0
40225,0
40226,0
40227,0
40228,39
40229,0
40230,25
40231,0
40232,0
40233,0
40234,0
40235,0
40236,0
40237,0
40238,0
40239,0
40240,0
40241,29
40242,33
40243,0
40244,0
40245,0
40246,0
40247,0
40248,25
40249,0
40250,0
40251,50
40252,0
40253,0
40254,0
40255,39
40256,0
40257,0
40258,0
40259,0
40260,0
40261,35
40262,32
40263,0
40264,0
40265,0
40266,19
40267,0
40268,0
40269,0
40270,0
40271,34
40272,0
40273,0
40274,0
40275,0
40276,0
40277,0
40278,0
40279,0
40280,39
40281,0
40282,0
40283,0
40284,0
40285,0
40286,0
40287,43
40288,0
40289,0
40290,0
40291,0
40292,0
40293,0
40294,0
40295,26
40296,27
40297,44
40298,29
40299,0
40300,0
40301,0
40302,0
40303,60
40304,30
40305,0
40306,0
40307,40
40308,0
40309,0
40310,0
40311,37
40312,0
40313,0
40314,0
40315,0
40316,0
40317,28
40318,0
40319,0
40320,0
40321,0
40322,5
40323,0
40324,0
40325,0
40326,0
40327,0
40328,5
40329,0
40330,0
40331,0
40332,0
40333,0
40334,0
40335,7
40336,0
40337,0
40338,0
40339,0
40340,0
40341,0
40342,0
40343,0
40344,0
40345,6
40346,0
40347,0
40348,12
40349,0
40350,2
40351,0
40352,0
40353,0
40354,0
40355,4
40356,0
40357,0
40358,8
40359,7
40360,6
40361,0
40362,5
40363,0
40364,0
40365,0
40366,0
40367,0
40368,0
40369,0
40370,0
40371,7
40372,3
40373,0
40374,3
40375,0
40376,7
40377,0
40378,0
40379,0
40380,0
40381,0
40382,0
40383,0
40384,0
40385,0
40386,0
40387,0
40388,0
40389,0
40390,0
40391,0
40392,0
40393,0
40394,0
40395,0
40396,3
40397,0
40398,0
40399,0
40400,0
40401,0
40402,0
40403,0
40404,8
40405,0
40406,0
40407,0
40408,0
40409,5
40410,0
40411,0
40412,0
40413,0
40414,4
40415,0
40416,0
40417,0
40418,0
40419,0
40420,0
40421,0
40422,0
40423,0
40424,0
40425,0
40426,0
40427,0
40428,0
40429,0
40430,5
40431,0
40432,0
40433,10
40434,0
40435,0
40436,9
40437,0
40438,3
40439,0
40440,0
40441,9
40442,5
40443,0
40444,4
40445,0
40446,0
40447,0
40448,0
40449,5
40450,0
40451,0
40452,0
40453,0
40454,12
40455,0
40456,0
40457,0
40458,0
40459,0
40460,0
40461,5
40462,0
40463,0
40464,0
40465,0
40466,0
40467,0
40468,0
40469,0
40470,3
40471,0
40472,0
40473,0
40474,7
40475,0
40476,0
40477,0
40478,0
40479,10
40480,0
40481,0
40482,0
40483,0
40484,0
40485,0
40486,0
40487,7
40488,0
40489,0
40490,0
40491,0
40492,0
40493,0
40494,0
40495,11
40496,8
40497,0
40498,0
40499,0
40500,0
40501,6
40502,3
40503,1
40504,0
40505,0
40506,0
40507,0
40508,0
40509,0
40510,0
40511,8
40512,0
40513,0
40514,0
40515,2
40516,14
40517,0
40518,0
40519,0
40520,0
40521,0
40522,4
40523,0
40524,0
40525,0
40526,5
40527,0
40528,0
40529,6
40530,0
40531,0
40532,4
40533,4
40534,0
40535,0
40536,4
40537,0
40538,3
40539,0
40540,5
40541,0
40542,0
40543,0
40544,0
40545,0
40546,0
40547,0
40548,4
40549,0
40550,6
40551,0
40552,0
40553,0
40554,12
40555,9
40556,0
40557,0
40558,0
40559,0
40560,0
40561,0
40562,0
40563,2
40564,0
40565,0
40566,5
40567,0
40568,0
40569,0
40570,3
40571,0
40572,0
40573,5
40574,3
40575,6
40576,0
40577,0
40578,0
40579,0
40580,2
40581,0
40582,0
40583,0
40584,0
40585,0
40586,0
40587,4
40588,0
40589,0
40590,4
40591,0
40592,0
40593,3
40594,0
40595,0
40596,0
40597,0
40598,0
40599,0
40600,4
40601,0
40602,0
40603,6
40604,0
40605,0
40606,0
40607,0
40608,2
40609,0
40610,3
40611,0
40612,0
40613,0
40614,0
40615,4
40616,0
40617,0
40618,0
40619,0
40620,3
40621,11
40622,0
40623,0
40624,0
40625,4
40626,0
40627,0
40628,0
40629,8
40630,0
40631,0
40632,0
40633,0
40634,0
40635,0
40636,0
40637,0
40638,0
40639,5
40640,1
40641,0
40642,0
40643,0
40644,0
40645,0
40646,2
40647,0
40648,8
40649,0
40650,0
40651,7
40652,0
40653,0
40654,0
40655,0
40656,0
40657,6
40658,0
40659,0
40660,0
40661,0
40662,0
40663,0
40664,0
40665,0
40666,1
40667,0
40668,0
40669,0
40670,0
40671,0
40672,0
40673,0
40674,0
40675,0
40676,0
40677,4
40678,0
40679,0
40680,0
40681,0
40682,0
40683,0
40684,4
40685,7
40686,0
40687,0
40688,0
40689,0
40690,0
40691,0
40692,0
40693,0
40694,4
40695,0
40696,0
40697,0
40698,7
40699,6
40700,10
40701,0
40702,0
40703,8
40704,0
40705,1
40706,0
40707,0
40708,0
40709,0
40710,0
40711,0
40712,0
40713,0
40714,0
40715,0
40716,7
40717,0
40718,0
40719,3
40720,0
40721,0
40722,0
40723,0
40724,10
40725,0
40726,0
40727,0
40728,0
40729,0
40730,0
40731,0
40732,5
40733,0
40734,0
40735,0
40736,0
40737,0
40738,0
40739,0
40740,0
40741,3
40742,5
40743,0
40744,0
40745,0
40746,0
40747,0
40748,0
40749,0
40750,0
40751,0
40752,0
40753,0
40754,0
40755,0
40756,0
40757,12
40758,0
40759,6
40760,0
40761,8
40762,0
40763,0
40764,0
40765,0
40766,0
40767,0
40768,4
40769,0
40770,0
40771,0
40772,0
40773,0
40774,0
40775,0
40776,4
40777,0
40778,0
40779,0
40780,0
40781,10
40782,0
40783,0
40784,0
40785,0
40786,7
40787,0
40788,0
40789,0
40790,0
40791,0
40792,0
40793,3
40794,0
40795,0
40796,5
40797,0
40798,0
40799,0
40800,0
40801,0
40802,6
40803,0
40804,8
40805,5
40806,2
40807,0
40808,0
40809,0
40810,0
40811,0
40812,5
40813,6
40814,6
40815,0
40816,2
40817,0
40818,0
40819,0
40820,0
40821,0
40822,0
40823,0
40824,6
40825,0
40826,0
40827,0
40828,8
40829,0
40830,0
40831,0
40832,0
40833,0
40834,0
40835,0
40836,0
40837,0
40838,0
40839,0
40840,0
40841,0
40842,0
40843,0
40844,8
40845,0
40846,1
40847,0
40848,5
40849,0
40850,0
40851,2
40852,15
40853,3
40854,0
40855,0
40856,0
40857,0
40858,0
40859,3
40860,4
40861,0
40862,0
40863,0
40864,0
40865,0
40866,0
40867,0
40868,3
40869,12
40870,0
40871,0
40872,0
40873,0
40874,0
40875,0
40876,6
40877,0
40878,0
40879,0
40880,0
40881,0
40882,0
40883,7
40884,9
40885,0
40886,0
40887,0
40888,6
40889,0
40890,3
40891,0
40892,14
40893,0
40894,0
40895,0
40896,0
40897,0
40898,0
40899,0
40900,0
40901,10
40902,4
40903,0
40904,0
40905,0
40906,5
40907,4
40908,5
40909,0
40910,0
40911,0
40912,0
40913,0
40914,0
40915,0
40916,0
40917,0
40918,0
40919,0
40920,0
40921,0
40922,0
40923,0
40924,0
40925,0
40926,6
40927,0
40928,9
40929,0
40930,12
40931,0
40932,0
40933,0
40934,0
40935,0
40936,0
40937,0
40938,0
40939,0
40940,8
40941,0
40942,4
40943,0
40944,0
40945,5
40946,0
40947,11
40948,0
40949,0
40950,9
40951,0
40952,0
40953,0
40954,9
40955,3
40956,0
40957,0
40958,0
40959,0
40960,6
40961,0
40962,0
40963,9
40964,7
40965,0
40966,0
40967,0
40968,0
40969,0
40970,0
40971,5
40972,0
40973,0
40974,0
40975,0
40976,0
40977,8
40978,0
40979,0
40980,0
40981,0
40982,17
40983,7
40984,0
40985,0
40986,0
40987,0
40988,7
40989,0
40990,0
40991,0
40992,0
40993,0
40994,0
40995,0
40996,6
40997,0
40998,0
40999,0
41000,6
41001,0
41002,0
41003,0
41004,0
41005,0
41006,0
41007,0
41008,0
41009,11
41010,11
41011,0
41012,0
41013,0
41014,0
41015,0
41016,0
41017,0
41018,0
41019,0
41020,0
41021,0
41022,5
41023,0
41024,0
41025,0
41026,0
41027,0
41028,3
41029,2
41030,0
41031,0
41032,0
41033,0
41034,0
41035,0
41036,0
41037,0
41038,0
41039,1
41040,0
41041,0
41042,8
41043,0
41044,0
41045,2
41046,2
41047,0
41048,0
41049,0
41050,8
41051,0
41052,0
41053,0
41054,0
41055,0
41056,0
41057,0
41058,3
41059,0
41060,0
41061,0
41062,0
41063,8
41064,0
41065,0
41066,0
41067,3
41068,0
41069,0
41070,8
41071,0
41072,5
41073,0
41074,7
41075,11
41076,0
41077,7
41078,0
41079,2
41080,0
41081,3
41082,0
41083,5
41084,0
41085,3
41086,9
41087,0
41088,0
41089,0
41090,0
41091,0
41092,0
41093,0
41094,10
41095,0
41096,0
41097,0
41098,4
41099,5
41100,0
41101,0
41102,0
41103,0
41104,3
41105,0
41106,0
41107,6
41108,4
41109,0
41110,0
41111,0
41112,0
41113,3
41114,7
41115,14
41116,0
41117,0
41118,0
41119,0
41120,0
41121,0
41122,0
41123,0
41124,0
41125,3
41126,0
41127,0
41128,0
41129,0
41130,0
41131,5
41132,0
41133,0
41134,0
41135,0
41136,0
41137,0
41138,8
41139,0
41140,0
41141,0
41142,0
41143,0
41144,0
41145,0
41146,0
41147,4
41148,5
41149,0
41150,0
41151,6
41152,0
41153,5
41154,0
41155,0
41156,0
41157,0
41158,0
41159,15
41160,0
41161,0
41162,0
41163,0
41164,0
41165,5
41166,0
41167,0
41168,0
41169,0
41170,0
41171,0
41172,0
41173,5
41174,0
41175,0
41176,2
41177,0
41178,0
41179,5
41180,0
41181,0
41182,0
41183,0
41184,0
41185,0
41186,0
41187,6
41188,0
41189,11
41190,10
41191,0
41192,4
41193,4
41194,0
41195,0
41196,0
41197,0
41198,0
41199,0
41200,0
41201,10
41202,0
41203,0
41204,0
41205,0
41206,0
41207,0
41208,0
41209,0
41210,7
41211,0
41212,0
41213,0
41214,0
41215,0
41216,0
41217,8
41218,0
41219,0
41220,0
41221,0
41222,7
41223,0
41224,0
41225,0
41226,0
41227,14
41228,0
41229,0
41230,0
41231,0
41232,0
41233,0
41234,0
41235,0
41236,0
41237,0
41238,0
41239,0
41240,0
41241,0
41242,0
41243,0
41244,0
41245,0
41246,0
41247,0
41248,0
41249,0
41250,0
41251,4
41252,0
41253,10
41254,0
41255,0
41256,0
41257,0
41258,0
41259,0
41260,0
41261,0
41262,0
41263,0
41264,0
41265,0
41266,0
41267,0
41268,0
41269,0
41270,0
41271,0
41272,0
41273,0
41274,0
41275,0
41276,9
41277,0
41278,0
41279,0
41280,0
41281,0
41282,0
41283,0
41284,0
41285,0
41286,0
41287,0
41288,0
41289,0
41290,0
41291,0
41292,0
41293,0
41294,0
41295,0
41296,0
41297,0
41298,0
41299,0
41300,0
41301,0
41302,0
41303,0
41304,0
41305,0
41306,0
41307,0
41308,0
41309,0
41310,6
41311,0
41312,0
41313,0
41314,0
41315,0
41316,0
41317,0
41318,0
41319,0
41320,0
41321,0
41322,0
41323,7
41324,16
41325,0
41326,0
41327,0
41328,0
41329,0
41330,0
41331,0
41332,0
41333,3
41334,0
41335,0
41336,11
41337,0
41338,0
41339,0
41340,0
41341,0
41342,0
41343,0
41344,0
41345,0
41346,0
41347,0
41348,0
41349,0
41350,0
41351,0
41352,0
41353,0
41354,0
41355,0
41356,0
41357,0
41358,0
41359,0
41360,11
41361,0
41362,0
41363,0
41364,0
41365,0
41366,0
41367,0
41368,0
41369,0
41370,0
41371,0
41372,0
41373,0
41374,0
41375,0
41376,0
41377,0
41378,0
41379,0
41380,0
41381,0
41382,0
41383,0
41384,0
41385,0
41386,0
41387,0
41388,0
41389,0
41390,0
41391,0
41392,0
41393,2
41394,0
41395,0
41396,0
41397,0
41398,0
41399,5
41400,0
41401,0
41402,0
41403,0
41404,0
41405,0
41406,0
41407,0
41408,0
41409,0
41410,0
41411,0
41412,0
41413,0
41414,0
41415,0
41416,0
41417,0
41418,0
41419,0
41420,0
41421,0
41422,0
41423,0
41424,0
41425,10
41426,0
41427,0
41428,0
41429,0
41430,0
41431,0
41432,0
41433,0
41434,0
41435,0
41436,0
41437,0
41438,0
41439,0
41440,0
41441,0
41442,0
41443,0
41444,0
41445,0
41446,7
41447,0
41448,0
41449,0
41450,0
41451,0
41452,0
41453,0
41454,0
41455,0
41456,0
41457,0
41458,0
41459,0
41460,0
41461,0
41462,0
41463,0
41464,0
41465,0
41466,0
41467,0
41468,0
41469,0
41470,0
41471,0
41472,0
41473,0
41474,0
41475,0
41476,0
41477,0
41478,0
41479,0
41480,0
41481,0
41482,0
41483,0
41484,0
41485,0
41486,0
41487,0
41488,0
41489,0
41490,0
41491,0
41492,0
41493,0
41494,0
41495,0
41496,0
41497,0
41498,0
41499,0
41500,11
41501,0
41502,0
41503,0
41504,0
41505,0
41506,0
41507,0
41508,0
41509,0
41510,0
41511,0
41512,0
41513,0
41514,0
41515,0
41516,0
41517,0
41518,0
41519,0
41520,0
41521,0
41522,0
41523,0
41524,0
41525,0
41526,0
41527,0
41528,0
41529,0
41530,0
41531,0
41532,0
41533,11
41534,0
41535,0
41536,0
41537,0
41538,0
41539,0
41540,0
41541,0
41542,0
41543,0
41544,0
41545,0
41546,0
41547,7
41548,0
41549,0
41550,0
41551,0
41552,0
41553,0
41554,0
41555,0
41556,0
41557,4
41558,0
41559,0
41560,0
41561,0
41562,0
41563,0
41564,0
41565,0
41566,6
41567,0
41568,0
41569,8
41570,8
41571,7
41572,10
41573,0
41574,0
41575,0
41576,0
41577,0
41578,0
41579,0
41580,0
41581,0
41582,0
41583,0
41584,0
41585,9
41586,0
41587,0
41588,0
41589,0
41590,0
41591,0
41592,0
41593,0
41594,0
41595,0
41596,0
41597,0
41598,0
41599,8
41600,0
41601,0
41602,0
41603,0
41604,0
41605,0
41606,0
41607,0
41608,0
41609,0
41610,0
41611,0
41612,0
41613,0
41614,0
41615,0
41616,0
41617,0
41618,0
41619,0
41620,6
41621,0
41622,0
41623,12
41624,0
41625,5
41626,0
41627,0
41628,0
41629,0
41630,0
41631,0
41632,0
41633,0
41634,0
41635,0
41636,0
41637,0
41638,0
41639,0
41640,0
41641,0
41642,0
41643,0
41644,0
41645,0
41646,0
41647,0
41648,0
41649,0
41650,0
41651,0
41652,8
41653,0
41654,0
41655,0
41656,0
41657,0
41658,0
41659,0
41660,0
41661,0
41662,0
41663,0
41664,0
41665,0
41666,0
41667,0
41668,0
41669,0
41670,0
41671,0
41672,0
41673,0
41674,0
41675,0
41676,0
41677,0
41678,0
41679,0
41680,6
41681,0
41682,0
41683,0
41684,0
41685,0
41686,0
41687,0
41688,0
41689,0
41690,0
41691,0
41692,28
41693,30
41694,18
41695,0
41696,30
41697,0
41698,14
41699,0
41700,0
41701,0
41702,28
41703,0
41704,0
41705,0
41706,0
41707,0
41708,0
41709,0
41710,0
41711,0
41712,27
41713,0
41714,8
41715,0
41716,30
41717,0
41718,0
41719,0
41720,0
41721,26
41722,0
41723,0
41724,0
41725,0
41726,0
41727,0
41728,0
41729,19
41730,0
41731,18
41732,0
41733,0
41734,0
41735,19
41736,0
41737,0
41738,27
41739,20
41740,13
41741,0
41742,0
41743,9
41744,0
41745,0
41746,0
41747,0
41748,0
41749,0
41750,0
41751,0
41752,0
41753,0
41754,0
41755,0
41756,0
41757,0
41758,33
41759,0
41760,0
41761,0
41762,0
41763,0
41764,12
41765,0
41766,0
41767,12
41768,0
41769,0
41770,0
41771,0
41772,0
41773,18
41774,0
41775,0
41776,0
41777,0
41778,0
41779,0
41780,17
41781,0
41782,0
41783,0
41784,0
41785,0
41786,0
41787,35
41788,0
41789,0
41790,0
41791,0
41792,0
41793,10
41794,0
41795,0
41796,0
41797,0
41798,15
41799,0
41800,0
41801,0
41802,0
41803,0
41804,0
41805,0
41806,15
41807,0
41808,0
41809,0
41810,0
41811,0
41812,0
41813,0
41814,36
41815,0
41816,0
41817,29
41818,32
41819,0
41820,0
41821,0
41822,0
41823,0
41824,0
41825,0
41826,0
41827,0
41828,0
41829,20
41830,0
41831,0
41832,16
41833,0
41834,0
41835,0
41836,0
41837,0
41838,0
41839,0
41840,0
41841,0
41842,0
41843,0
41844,0
41845,0
41846,0
41847,0
41848,0
41849,24
41850,0
41851,0
41852,0
41853,0
41854,0
41855,0
41856,30
41857,31
41858,0
41859,24
41860,0
41861,0
41862,0
41863,0
41864,0
41865,0
41866,0
41867,0
41868,0
41869,23
41870,0
41871,0
41872,0
41873,23
41874,0
41875,0
41876,0
41877,0
41878,29
41879,0
41880,0
41881,0
41882,42
41883,0
41884,17
41885,32
41886,0
41887,0
41888,0
41889,0
41890,29
41891,0
41892,34
41893,18
41894,0
41895,16
41896,0
41897,0
41898,0
41899,0
41900,0
41901,0
41902,0
41903,0
41904,0
41905,0
41906,0
41907,0
41908,0
41909,0
41910,0
41911,0
41912,0
41913,0
41914,0
41915,0
41916,0
41917,0
41918,0
41919,0
41920,0
41921,0
41922,0
41923,0
41924,0
41925,0
41926,0
41927,0
41928,0
41929,0
41930,22
41931,0
41932,0
41933,0
41934,0
41935,0
41936,0
41937,0
41938,0
41939,0
41940,0
41941,0
41942,0
41943,0
41944,21
41945,0
41946,0
41947,0
41948,0
41949,0
41950,12
41951,15
41952,0
41953,0
41954,0
41955,0
41956,0
41957,0
41958,0
41959,0
41960,0
41961,0
41962,0
41963,0
41964,0
41965,34
41966,36
41967,0
41968,0
41969,24
41970,0
41971,0
41972,20
41973,0
41974,0
41975,0
41976,0
41977,0
41978,0
41979,0
41980,0
41981,17
41982,0
41983,0
41984,0
41985,0
41986,24
41987,0
41988,0
41989,0
41990,0
41991,0
41992,26
41993,0
41994,0
41995,0
41996,0
41997,0
41998,0
41999,0
42000,0
42001,0
42002,0
42003,0
42004,30
42005,0
42006,0
42007,0
42008,0
42009,0
42010,0
42011,0
42012,0
42013,0
42014,0
42015,0
42016,0
42017,0
42018,13
42019,0
42020,28
42021,0
42022,26
42023,0
42024,0
42025,36
42026,0
42027,26
42028,0
42029,0
42030,0
42031,0
42032,0
42033,0
42034,0
42035,0
42036,0
42037,24
42038,14
42039,0
42040,0
42041,0
42042,0
42043,0
42044,29
42045,31
42046,0
42047,0
42048,0
42049,0
42050,0
42051,27
42052,0
42053,0
42054,0
42055,0
42056,0
42057,11
42058,40
42059,0
42060,36
42061,8
42062,0
42063,0
42064,0
42065,0
42066,0
42067,0
42068,0
42069,0
42070,0
42071,28
42072,0
42073,27
42074,0
42075,0
42076,0
42077,0
42078,48
42079,0
42080,0
42081,0
42082,0
42083,0
42084,0
42085,0
42086,0
42087,0
42088,0
42089,0
42090,0
42091,0
42092,0
42093,0
42094,0
42095,0
42096,30
42097,0
42098,0
42099,0
42100,0
42101,0
42102,0
42103,0
42104,0
42105,0
42106,18
42107,18
42108,0
42109,0
42110,0
42111,0
42112,0
42113,0
42114,0
42115,0
42116,0
42117,0
42118,28
42119,0
42120,0
42121,0
42122,0
42123,0
42124,0
42125,0
42126,0
42127,20
42128,0
42129,0
42130,0
42131,0
42132,0
42133,0
42134,0
42135,22
42136,0
42137,0
42138,0
42139,0
42140,0
42141,42
42142,0
42143,0
42144,0
42145,15
42146,0
42147,15
42148,0
42149,0
42150,26
42151,0
42152,0
42153,20
42154,37
42155,0
42156,0
42157,0
42158,0
42159,0
42160,0
42161,33
42162,27
42163,0
42164,0
42165,16
42166,0
42167,0
42168,0
42169,0
42170,0
42171,0
42172,12
42173,0
42174,0
42175,20
42176,0
42177,0
42178,0
42179,0
42180,0
42181,0
42182,0
42183,0
42184,32
42185,0
42186,0
42187,0
42188,0
42189,0
42190,0
42191,0
42192,25
42193,0
42194,18
42195,0
42196,31
42197,0
42198,0
42199,0
42200,0
42201,0
42202,0
42203,0
42204,0
42205,0
42206,0
42207,0
42208,0
42209,0
42210,0
42211,0
42212,0
42213,0
42214,0
42215,0
42216,0
42217,0
42218,0
42219,0
42220,0
42221,19
42222,0
42223,0
42224,0
42225,0
42226,33
42227,25
42228,0
42229,0
42230,0
42231,0
42232,26
42233,0
42234,0
42235,0
42236,0
42237,0
42238,0
42239,0
42240,0
42241,0
42242,0
42243,0
42244,38
42245,0
42246,0
42247,0
42248,0
42249,0
42250,0
42251,0
42252,0
42253,0
42254,0
42255,21
42256,0
42257,43
42258,0
42259,0
42260,0
42261,0
42262,0
42263,0
42264,0
42265,0
42266,0
42267,0
42268,0
42269,24
42270,0
42271,17
42272,0
42273,0
42274,0
42275,29
42276,0
42277,0
42278,0
42279,0
42280,0
42281,0
42282,0
42283,25
42284,0
42285,31
42286,0
42287,0
42288,0
42289,0
42290,0
42291,0
42292,25
42293,18
42294,24
42295,0
42296,0
42297,0
42298,22
42299,0
42300,0
42301,0
42302,0
42303,29
42304,23
42305,0
42306,27
42307,0
42308,0
42309,0
42310,25
42311,0
42312,12
42313,0
42314,37
42315,0
42316,0
42317,0
42318,0
42319,0
42320,0
42321,0
42322,0
42323,0
42324,0
42325,0
42326,16
42327,0
42328,0
42329,0
42330,0
42331,0
42332,0
42333,0
42334,0
42335,0
42336,0
42337,0
42338,0
42339,0
42340,0
42341,0
42342,0
42343,0
42344,0
42345,28
42346,21
42347,0
42348,0
42349,0
42350,23
42351,0
42352,21
42353,0
42354,0
42355,0
42356,0
42357,0
42358,0
42359,19
42360,0
42361,0
42362,0
42363,0
42364,33
42365,0
42366,0
42367,12
42368,0
42369,0
42370,0
42371,0
42372,0
42373,0
42374,0
42375,0
42376,18
42377,21
42378,0
42379,0
42380,0
42381,0
42382,0
42383,0
42384,0
42385,0
42386,0
42387,0
42388,0
42389,0
42390,37
42391,0
42392,0
42393,0
42394,0
42395,24
42396,0
42397,0
42398,0
42399,0
42400,0
42401,0
42402,21
42403,0
42404,0
42405,0
42406,24
42407,20
42408,49
42409,27
42410,0
42411,0
42412,31
42413,0
42414,0
42415,37
42416,0
42417,16
42418,0
42419,0
42420,15
42421,0
42422,0
42423,0
42424,0
42425,0
42426,0
42427,0
42428,0
42429,0
42430,0
42431,0
42432,0
42433,0
42434,25
42435,0
42436,0
42437,0
42438,0
42439,0
42440,0
42441,0
42442,0
42443,30
42444,0
42445,20
42446,0
42447,0
42448,0
42449,0
42450,0
42451,0
42452,19
42453,0
42454,0
42455,23
42456,0
42457,0
42458,0
42459,0
42460,0
42461,0
42462,28
42463,24
42464,0
42465,0
42466,22
42467,0
42468,22
42469,22
42470,0
42471,0
42472,0
42473,0
42474,0
42475,0
42476,30
42477,0
42478,0
42479,0
42480,15
42481,0
42482,0
42483,0
42484,0
42485,0
42486,18
42487,0
42488,15
42489,0
42490,0
42491,0
42492,0
42493,18
42494,0
42495,0
42496,0
42497,0
42498,0
42499,0
42500,0
42501,0
42502,0
42503,22
42504,0
42505,0
42506,0
42507,0
42508,0
42509,0
42510,0
42511,0
42512,0
42513,0
42514,0
42515,0
42516,0
42517,0
42518,0
42519,0
42520,0
42521,0
42522,0
42523,0
42524,0
42525,0
42526,0
42527,36
42528,0
42529,0
42530,0
42531,0
42532,0
42533,0
42534,0
42535,25
42536,0
42537,0
42538,0
42539,0
42540,37
42541,0
42542,0
42543,24
42544,29
42545,29
42546,0
42547,0
42548,0
42549,0
42550,24
42551,0
42552,0
42553,0
42554,0
42555,0
42556,0
42557,0
42558,0
42559,0
42560,0
42561,0
42562,0
42563,0
42564,0
42565,0
42566,0
42567,0
42568,0
42569,0
42570,0
42571,0
42572,0
42573,0
42574,0
42575,0
42576,0
42577,0
42578,0
42579,0
42580,31
42581,0
42582,0
42583,0
42584,0
42585,0
42586,16
42587,0
42588,25
42589,0
42590,0
42591,0
42592,0
42593,0
42594,0
42595,22
42596,0
42597,0
42598,0
42599,0
42600,0
42601,0
42602,0
42603,0
42604,0
42605,0
42606,0
42607,0
42608,0
42609,0
42610,0
42611,0
42612,0
42613,0
42614,0
42615,0
42616,0
42617,0
42618,0
42619,33
42620,0
42621,0
42622,0
42623,0
42624,0
42625,0
42626,0
42627,0
42628,0
42629,0
42630,0
42631,0
42632,0
42633,0
42634,0
42635,0
42636,0
42637,0
42638,0
42639,0
42640,0
42641,0
42642,0
42643,0
42644,0
42645,0
42646,0
42647,0
42648,0
42649,0
42650,0
42651,0
42652,0
42653,0
42654,0
42655,0
42656,0
42657,0
42658,0
42659,0
42660,0
42661,0
42662,0
42663,0
42664,0
42665,0
42666,0
42667,0
42668,0
42669,0
42670,0
42671,0
42672,0
42673,0
42674,0
42675,0
42676,0
42677,0
42678,0
42679,0
42680,0
42681,0
42682,0
42683,0
42684,0
42685,0
42686,0
42687,0
42688,0
42689,0
42690,0
42691,0
42692,0
42693,0
42694,0
42695,0
42696,0
42697,0
42698,0
42699,0
42700,0
42701,0
42702,0
42703,0
42704,22
42705,0
42706,0
42707,0
42708,0
42709,0
42710,0
42711,0
42712,0
42713,0
42714,45
42715,0
42716,0
42717,0
42718,0
42719,0
42720,0
42721,0
42722,0
42723,0
42724,0
42725,0
42726,0
42727,0
42728,0
42729,33
42730,0
42731,0
42732,0
42733,0
42734,0
42735,0
42736,0
42737,0
42738,0
42739,0
42740,0
42741,0
42742,0
42743,30
42744,0
42745,0
42746,41
42747,0
42748,29
42749,0
42750,0
42751,0
42752,0
42753,0
42754,0
42755,0
42756,0
42757,0
42758,0
42759,0
42760,0
42761,0
42762,0
42763,0
42764,0
42765,0
42766,0
42767,0
42768,35
42769,0
42770,0
42771,0
42772,0
42773,0
42774,0
42775,0
42776,0
42777,0
42778,0
42779,0
42780,0
42781,0
42782,0
42783,0
42784,0
42785,0
42786,0
42787,0
42788,0
42789,0
42790,0
42791,0
42792,0
42793,0
42794,0
42795,0
42796,0
42797,39
42798,0
42799,0
42800,0
42801,0
42802,0
42803,0
42804,0
42805,0
42806,0
42807,0
42808,0
42809,0
42810,0
42811,0
42812,0
42813,0
42814,0
42815,0
42816,35
42817,0
42818,0
42819,0
42820,0
42821,40
42822,32
42823,0
42824,0
42825,0
42826,0
42827,0
42828,0
42829,0
42830,30
42831,0
42832,0
42833,0
42834,0
42835,0
42836,0
42837,35
42838,0
42839,0
42840,0
42841,0
42842,0
42843,0
42844,0
42845,0
42846,0
42847,0
42848,0
42849,0
42850,0
42851,0
42852,0
42853,0
42854,0
42855,0
42856,0
42857,0
42858,0
42859,0
42860,0
42861,0
42862,0
42863,0
42864,0
42865,0
42866,0
42867,0
42868,0
42869,0
42870,0
42871,0
42872,0
42873,0
42874,0
42875,37
42876,0
42877,0
42878,0
42879,0
42880,0
42881,0
42882,0
42883,0
42884,0
42885,0
42886,0
42887,0
42888,0
42889,0
42890,0
42891,0
42892,0
42893,0
42894,0
42895,0
42896,0
42897,0
42898,0
42899,0
42900,0
42901,0
42902,0
42903,0
42904,0
42905,0
42906,0
42907,0
42908,0
42909,0
42910,0
42911,0
42912,0
42913,0
42914,25
42915,0
42916,0
42917,0
42918,0
42919,0
42920,0
42921,0
42922,0
42923,31
42924,0
42925,0
42926,0
42927,36
42928,0
42929,0
42930,0
42931,0
42932,0
42933,0
42934,0
42935,0
42936,0
42937,0
42938,0
42939,0
42940,0
42941,0
42942,0
42943,0
42944,0
42945,0
42946,0
42947,0
42948,0
42949,0
42950,0
42951,0
42952,0
42953,0
42954,0
42955,0
42956,0
42957,33
42958,0
42959,0
42960,0
42961,0
42962,0
42963,0
42964,0
42965,0
42966,0
42967,0
42968,0
42969,0
42970,0
42971,0
42972,11
42973,0
42974,0
42975,0
42976,0
42977,7
42978,0
42979,0
42980,0
42981,0
42982,0
42983,0
42984,0
42985,0
42986,0
42987,0
42988,0
42989,0
42990,0
42991,0
42992,0
42993,0
42994,0
42995,0
42996,0
42997,0
42998,0
42999,0
43000,0
43001,0
43002,0
43003,0
43004,0
43005,19
43006,0
43007,0
43008,0
43009,0
43010,0
43011,0
43012,0
43013,0
43014,0
43015,0
43016,0
43017,0
43018,0
43019,0
43020,0
43021,0
43022,0
43023,0
43024,0
43025,0
43026,0
43027,0
43028,0
43029,0
43030,0
43031,0
43032,0
43033,0
43034,0
43035,0
43036,0
43037,0
43038,0
43039,0
43040,0
43041,0
43042,0
43043,0
43044,0
43045,0
43046,0
43047,12
43048,0
43049,0
43050,3
43051,0
43052,13
43053,0
43054,11
43055,0
43056,13
43057,0
43058,0
43059,0
43060,0
43061,0
43062,0
43063,8
43064,22
43065,0
43066,0
43067,0
43068,0
43069,0
43070,0
43071,0
43072,0
43073,11
43074,16
43075,0
43076,0
43077,0
43078,0
43079,0
43080,0
43081,0
43082,0
43083,0
43084,0
43085,0
43086,0
43087,0
43088,0
43089,0
43090,15
43091,0
43092,0
43093,0
43094,0
43095,12
43096,0
43097,0
43098,0
43099,0
43100,0
43101,0
43102,0
43103,0
43104,0
43105,0
43106,0
43107,19
43108,0
43109,0
43110,0
43111,0
43112,0
43113,0
43114,0
43115,0
43116,0
43117,0
43118,0
43119,0
43120,0
43121,0
43122,0
43123,0
43124,0
43125,0
43126,13
43127,0
43128,0
43129,0
43130,0
43131,0
43132,0
43133,0
43134,0
43135,0
43136,0
43137,0
43138,0
43139,0
43140,0
43141,0
43142,0
43143,0
43144,0
43145,0
43146,0
43147,18
43148,0
43149,0
43150,0
43151,0
43152,0
43153,0
43154,0
43155,0
43156,0
43157,0
43158,0
43159,12
43160,0
43161,0
43162,0
43163,11
43164,21
43165,13
43166,0
43167,0
43168,0
43169,0
43170,0
43171,0
43172,0
43173,0
43174,11
43175,0
43176,0
43177,0
43178,0
43179,0
43180,0
43181,0
43182,0
43183,0
43184,19
43185,0
43186,8
43187,0
43188,0
43189,0
43190,0
43191,0
43192,0
43193,0
43194,0
43195,0
43196,0
43197,0
43198,0
43199,29
43200,0
43201,0
43202,0
43203,0
43204,0
43205,0
43206,0
43207,0
43208,0
43209,0
43210,0
43211,0
43212,0
43213,0
43214,0
43215,0
43216,0
43217,0
43218,12
43219,0
43220,0
43221,0
43222,0
43223,0
43224,0
43225,0
43226,21
43227,0
43228,0
43229,0
43230,0
43231,0
43232,0
43233,0
43234,0
43235,0
43236,40
43237,0
43238,0
43239,0
43240,0
43241,0
43242,0
43243,0
43244,0
43245,0
43246,0
43247,0
43248,0
43249,0
43250,0
43251,0
43252,0
43253,17
43254,0
43255,0
43256,0
43257,0
43258,0
43259,12
43260,0
43261,0
43262,0
43263,0
43264,0
43265,14
43266,0
43267,0
43268,0
43269,0
43270,0
43271,0
43272,0
43273,0
43274,0
43275,0
43276,0
43277,16
43278,0
43279,0
43280,0
43281,0
43282,0
43283,14
43284,0
43285,0
43286,0
43287,0
43288,0
43289,13
43290,0
43291,0
43292,0
43293,0
43294,0
43295,0
43296,0
43297,0
43298,9
43299,0
43300,0
43301,0
43302,0
43303,0
43304,0
43305,0
43306,0
43307,0
43308,0
43309,0
43310,0
43311,0
43312,0
43313,0
43314,0
43315,0
43316,25
43317,25
43318,0
43319,0
43320,0
43321,0
43322,0
43323,0
43324,0
43325,0
43326,0
43327,9
43328,0
43329,0
43330,0
43331,0
43332,0
43333,0
43334,0
43335,0
43336,19
43337,0
43338,0
43339,0
43340,0
43341,0
43342,0
43343,14
43344,0
43345,0
43346,0
43347,24
43348,21
43349,0
43350,0
43351,0
43352,0
43353,0
43354,0
43355,0
43356,0
43357,0
43358,0
43359,0
43360,0
43361,12
43362,17
43363,0
43364,0
43365,0
43366,0
43367,0
43368,0
43369,0
43370,0
43371,0
43372,0
43373,0
43374,0
43375,0
43376,0
43377,0
43378,0
43379,0
43380,0
43381,0
43382,0
43383,0
43384,0
43385,14
43386,0
43387,0
43388,0
43389,0
43390,0
43391,0
43392,0
43393,0
43394,0
43395,0
43396,0
43397,0
43398,15
43399,0
43400,0
43401,0
43402,0
43403,0
43404,0
43405,0
43406,0
43407,0
43408,0
43409,0
43410,0
43411,0
43412,0
43413,0
43414,0
43415,0
43416,0
43417,0
43418,0
43419,0
43420,0
43421,0
43422,0
43423,0
43424,0
43425,0
43426,0
43427,0
43428,11
43429,16
43430,0
43431,0
43432,0
43433,0
43434,14
43435,0
43436,0
43437,0
43438,0
43439,0
43440,0
43441,0
43442,0
43443,0
43444,0
43445,0
43446,0
43447,0
43448,20
43449,0
43450,7
43451,0
43452,0
43453,0
43454,24
43455,0
43456,0
43457,0
43458,0
43459,10
43460,0
43461,0
43462,0
43463,0
43464,0
43465,0
43466,0
43467,0
43468,0
43469,0
43470,0
43471,0
43472,12
43473,0
43474,0
43475,0
43476,0
43477,0
43478,0
43479,0
43480,0
43481,0
43482,0
43483,0
43484,0
43485,0
43486,0
43487,0
43488,0
43489,5
43490,0
43491,0
43492,0
43493,0
43494,0
43495,0
43496,0
43497,0
43498,0
43499,0
43500,0
43501,0
43502,0
43503,0
43504,0
43505,0
43506,35
43507,0
43508,0
43509,0
43510,0
43511,0
43512,0
43513,0
43514,13
43515,0
43516,0
43517,0
43518,0
43519,7
43520,0
43521,0
43522,0
43523,0
43524,0
43525,0
43526,0
43527,0
43528,0
43529,0
43530,0
43531,11
43532,0
43533,0
43534,0
43535,0
43536,0
43537,0
43538,0
43539,0
43540,0
43541,0
43542,0
43543,0
43544,0
43545,0
43546,13
43547,0
43548,23
43549,12
43550,0
43551,0
43552,0
43553,0
43554,0
43555,0
43556,0
43557,0
43558,0
43559,0
43560,0
43561,0
43562,0
43563,0
43564,0
43565,0
43566,0
43567,0
43568,0
43569,0
43570,0
43571,0
43572,16
43573,0
43574,0
43575,0
43576,0
43577,0
43578,0
43579,0
43580,0
43581,0
43582,0
43583,0
43584,0
43585,0
43586,0
43587,0
43588,0
43589,0
43590,0
43591,0
43592,0
43593,0
43594,0
43595,0
43596,0
43597,0
43598,0
43599,0
43600,0
43601,0
43602,0
43603,0
43604,0
43605,0
43606,0
43607,9
43608,20
43609,0
43610,0
43611,0
43612,0
43613,16
43614,0
43615,0
43616,0
43617,0
43618,0
43619,0
43620,0
43621,6
43622,0
43623,0
43624,0
43625,0
43626,0
43627,0
43628,0
43629,0
43630,0
43631,0
43632,0
43633,0
43634,0
43635,0
43636,18
43637,0
43638,0
43639,0
43640,0
43641,0
43642,0
43643,0
43644,0
43645,0
43646,0
43647,0
43648,0
43649,0
43650,0
43651,0
43652,0
43653,0
43654,0
43655,0
43656,0
43657,0
43658,0
43659,0
43660,0
43661,0
43662,0
43663,0
43664,0
43665,0
43666,0
43667,0
43668,0
43669,0
43670,0
43671,0
43672,0
43673,0
43674,0
43675,0
43676,0
43677,0
43678,0
43679,0
43680,0
43681,0
43682,0
43683,0
43684,0
43685,0
43686,0
43687,0
43688,0
43689,0
43690,0
43691,0
43692,0
43693,0
43694,0
43695,0
43696,0
43697,0
43698,0
43699,4
43700,0
43701,0
43702,19
43703,0
43704,0
43705,0
43706,0
43707,0
43708,0
43709,0
43710,0
43711,0
43712,0
43713,0
43714,0
43715,0
43716,0
43717,0
43718,0
43719,0
43720,0
43721,0
43722,0
43723,8
43724,0
43725,0
43726,0
43727,0
43728,0
43729,0
43730,0
43731,0
43732,0
43733,0
43734,0
43735,0
43736,0
43737,0
43738,0
43739,0
43740,0
43741,0
43742,0
43743,14
43744,0
43745,0
43746,0
43747,0
43748,0
43749,0
43750,0
43751,14
43752,0
43753,0
43754,0
43755,0
43756,0
43757,0
43758,0
43759,0
43760,0
43761,0
43762,25
43763,0
43764,0
43765,0
43766,0
43767,0
43768,0
43769,0
43770,0
43771,0
43772,0
43773,0
43774,0
43775,0
43776,0
43777,0
43778,0
43779,0
43780,0
43781,0
43782,0
43783,0
43784,0
43785,0
43786,0
43787,0
43788,0
43789,0
43790,0
43791,0
43792,0
43793,0
43794,0
43795,0
43796,0
43797,0
43798,0
43799,13
43800,0
43801,0
43802,0
43803,0
43804,0
43805,0
43806,0
43807,0
43808,0
43809,0
43810,0
43811,0
43812,0
43813,0
43814,0
43815,0
43816,0
43817,0
43818,0
43819,0
43820,11
43821,0
43822,0
43823,0
43824,0
43825,0
43826,0
43827,0
43828,0
43829,0
43830,0
43831,0
43832,0
43833,0
43834,0
43835,0
43836,0
43837,0
43838,0
43839,0
43840,0
43841,0
43842,0
43843,0
43844,0
43845,0
43846,0
43847,0
43848,0
43849,0
43850,0
43851,0
43852,0
43853,0
43854,0
43855,0
43856,0
43857,0
43858,0
43859,0
43860,0
43861,0
43862,0
43863,0
43864,0
43865,0
43866,0
43867,0
43868,0
43869,0
43870,0
43871,0
43872,0
43873,0
43874,0
43875,0
43876,0
43877,0
43878,0
43879,0
43880,0
43881,0
43882,0
43883,0
43884,0
43885,0
43886,0
43887,0
43888,0
43889,0
43890,0
43891,0
43892,0
43893,0
43894,0
43895,0
43896,0
43897,0
43898,0
43899,0
43900,0
43901,0
43902,0
43903,0
43904,0
43905,0
43906,0
43907,0
43908,0
43909,0
43910,0
43911,2
43912,0
43913,0
43914,0
43915,1
43916,0
43917,0
43918,0
43919,0
43920,0
43921,34
43922,0
43923,0
43924,0
43925,0
43926,0
43927,0
43928,0
43929,0
43930,0
43931,0
43932,0
43933,0
43934,0
43935,0
43936,0
43937,0
43938,0
43939,17
43940,0
43941,0
43942,0
43943,31
43944,0
43945,0
43946,0
43947,0
43948,0
43949,0
43950,0
43951,0
43952,0
43953,0
43954,0
43955,0
43956,0
43957,0
43958,0
43959,32
43960,0
43961,0
43962,0
43963,0
43964,0
43965,0
43966,0
43967,0
43968,0
43969,0
43970,0
43971,0
43972,0
43973,0
43974,0
43975,0
43976,0
43977,0
43978,0
43979,0
43980,0
43981,0
43982,0
43983,0
43984,28
43985,0
43986,0
43987,0
43988,0
43989,0
43990,0
43991,0
43992,0
43993,0
43994,0
43995,0
43996,0
43997,0
43998,0
43999,0
44000,0
44001,0
44002,32
44003,0
44004,0
44005,0
44006,0
44007,32
44008,0
44009,0
44010,0
44011,0
44012,0
44013,0
44014,0
44015,0
44016,0
44017,0
44018,0
44019,0
44020,0
44021,0
44022,0
44023,0
44024,0
44025,0
44026,0
44027,29
44028,0
44029,0
44030,0
44031,0
44032,0
44033,0
44034,0
44035,0
44036,0
44037,0
44038,0
44039,29
44040,0
44041,0
44042,38
44043,0
44044,0
44045,0
44046,0
44047,0
44048,0
44049,0
44050,0
44051,0
44052,0
44053,0
44054,0
44055,0
44056,0
44057,0
44058,0
44059,0
44060,0
44061,0
44062,0
44063,0
44064,0
44065,0
44066,0
44067,0
44068,0
44069,0
44070,0
44071,0
44072,0
44073,0
44074,0
44075,0
44076,0
44077,0
44078,0
44079,0
44080,37
44081,0
44082,0
44083,0
44084,0
44085,24
44086,0
44087,0
44088,0
44089,0
44090,24
44091,0
44092,0
44093,0
44094,0
44095,0
44096,37
44097,0
44098,0
44099,0
44100,0
44101,0
44102,0
44103,0
44104,0
44105,0
44106,0
44107,0
44108,0
44109,0
44110,0
44111,29
44112,0
44113,0
44114,0
44115,0
44116,0
44117,0
44118,0
44119,0
44120,0
44121,0
44122,0
44123,0
44124,0
44125,0
44126,0
44127,0
44128,0
44129,0
44130,0
44131,0
44132,0
44133,0
44134,0
44135,0
44136,0
44137,0
44138,0
44139,0
44140,0
44141,36
44142,0
44143,0
44144,0
44145,0
44146,0
44147,0
44148,0
44149,0
44150,0
44151,0
44152,0
44153,0
44154,0
44155,0
44156,0
44157,0
44158,0
44159,0
44160,0
44161,0
44162,0
44163,0
44164,0
44165,0
44166,0
44167,0
44168,38
44169,0
44170,0
44171,0
44172,0
44173,0
44174,0
44175,0
44176,0
44177,0
44178,0
44179,0
44180,0
44181,0
44182,0
44183,0
44184,0
44185,0
44186,0
44187,0
44188,0
44189,0
44190,0
44191,0
44192,0
44193,0
44194,0
44195,0
44196,0
44197,0
44198,0
44199,0
44200,0
44201,0
44202,0
44203,0
44204,0
44205,0
44206,0
44207,0
44208,38
44209,0
44210,0
44211,0
44212,0
44213,0
44214,0
44215,0
44216,0
44217,0
44218,0
44219,0
44220,0
44221,0
44222,0
44223,0
44224,0
44225,0
44226,0
44227,0
44228,0
44229,32
44230,0
44231,0
44232,0
44233,0
44234,0
44235,0
44236,0
44237,0
44238,0
44239,0
44240,25
44241,0
44242,26
44243,0
44244,0
44245,0
44246,27
44247,0
44248,0
44249,29
44250,0
44251,0
44252,0
44253,0
44254,0
44255,0
44256,0
44257,0
44258,0
44259,0
44260,0
44261,0
44262,0
44263,0
44264,0
44265,0
44266,39
44267,0
44268,0
44269,0
44270,0
44271,0
44272,25
44273,0
44274,0
44275,0
44276,0
44277,0
44278,0
44279,0
44280,0
44281,0
44282,0
44283,0
44284,0
44285,0
44286,0
44287,0
44288,0
44289,0
44290,0
44291,0
44292,0
44293,0
44294,0
44295,0
44296,0
44297,0
44298,0
44299,0
44300,0
44301,0
44302,0
44303,0
44304,0
44305,34
44306,0
44307,0
44308,0
44309,0
44310,0
44311,0
44312,0
44313,0
44314,0
44315,0
44316,0
44317,26
44318,0
44319,0
44320,0
44321,0
44322,28
44323,0
44324,0
44325,0
44326,0
44327,0
44328,0
44329,0
44330,31
44331,0
44332,0
44333,0
44334,0
44335,0
44336,26
44337,0
44338,0
44339,0
44340,0
44341,0
44342,0
44343,0
44344,22
44345,0
44346,0
44347,0
44348,0
44349,30
44350,0
44351,0
44352,0
44353,0
44354,45
44355,42
44356,29
44357,31
44358,0
44359,30
44360,0
44361,0
44362,0
44363,0
44364,0
44365,0
44366,0
44367,0
44368,0
44369,0
44370,38
44371,0
44372,0
44373,0
44374,0
44375,0
44376,0
44377,0
44378,0
44379,0
44380,0
44381,0
44382,0
44383,0
44384,43
44385,0
44386,0
44387,0
44388,0
44389,0
44390,0
44391,0
44392,0
44393,0
44394,0
44395,0
44396,0
44397,0
44398,0
44399,0
44400,0
44401,38
44402,0
44403,0
44404,0
44405,0
44406,0
44407,0
44408,0
44409,32
44410,0
44411,0
44412,0
44413,0
44414,0
44415,0
44416,31
44417,0
44418,0
44419,0
44420,0
44421,0
44422,0
44423,0
44424,0
44425,0
44426,0
44427,0
44428,0
44429,0
44430,0
44431,0
44432,0
44433,0
44434,0
44435,0
44436,0
44437,0
44438,0
44439,0
44440,0
44441,0
44442,0
44443,0
44444,0
44445,0
44446,0
44447,0
44448,0
44449,0
44450,0
44451,0
44452,28
44453,0
44454,0
44455,0
44456,0
44457,0
44458,0
44459,0
44460,0
44461,0
44462,29
44463,0
44464,0
44465,25
44466,0
44467,0
44468,0
44469,37
44470,0
44471,0
44472,0
44473,0
44474,0
44475,0
44476,0
44477,0
44478,0
44479,0
44480,0
44481,25
44482,0
44483,0
44484,0
44485,0
44486,26
44487,0
44488,0
44489,0
44490,0
44491,30
44492,32
44493,0
44494,0
44495,0
44496,0
44497,0
44498,0
44499,0
44500,0
44501,0
44502,0
44503,0
44504,0
44505,0
44506,0
44507,0
44508,0
44509,0
44510,0
44511,0
44512,39
44513,0
44514,0
44515,0
44516,34
44517,0
44518,0
44519,0
44520,36
44521,0
44522,0
44523,0
44524,24
44525,0
44526,0
44527,0
44528,0
44529,0
44530,0
44531,31
44532,0
44533,0
44534,0
44535,0
44536,0
44537,0
44538,0
44539,0
44540,0
44541,0
44542,0
44543,0
44544,0
44545,0
44546,0
44547,33
44548,30
44549,0
44550,33
44551,0
44552,28
44553,0
44554,0
44555,0
44556,0
44557,0
44558,0
44559,0
44560,0
44561,0
44562,0
44563,32
44564,0
44565,23
44566,0
44567,0
44568,0
44569,0
44570,0
44571,0
44572,0
44573,0
44574,18
44575,0
44576,0
44577,0
44578,0
44579,0
44580,0
44581,0
44582,0
44583,0
44584,0
44585,0
44586,0
44587,0
44588,0
44589,0
44590,0
44591,0
44592,0
44593,0
44594,0
44595,0
44596,0
44597,0
44598,0
44599,0
44600,0
44601,26
44602,0
44603,18
44604,0
44605,0
44606,0
44607,30
44608,27
44609,0
44610,0
44611,0
44612,0
44613,0
44614,0
44615,0
44616,0
44617,0
44618,0
44619,0
44620,31
44621,0
44622,0
44623,0
44624,0
44625,0
44626,0
44627,0
44628,0
44629,0
44630,0
44631,0
44632,0
44633,0
44634,34
44635,0
44636,0
44637,0
44638,0
44639,0
44640,0
44641,0
44642,0
44643,0
44644,30
44645,0
44646,0
44647,0
44648,0
44649,0
44650,0
44651,0
44652,0
44653,0
44654,0
44655,0
44656,0
44657,29
44658,0
44659,0
44660,0
44661,0
44662,0
44663,0
44664,0
44665,0
44666,0
44667,0
44668,33
44669,0
44670,0
44671,0
44672,0
44673,0
44674,0
44675,0
44676,0
44677,0
44678,0
44679,43
44680,0
44681,0
44682,25
44683,0
44684,37
44685,0
44686,0
44687,30
44688,0
44689,32
44690,26
44691,39
44692,0
44693,0
44694,0
44695,0
44696,47
44697,29
44698,0
44699,0
44700,0
44701,0
44702,41
44703,32
44704,0
44705,0
44706,29
44707,0
44708,34
44709,0
44710,0
44711,22
44712,0
44713,0
44714,0
44715,0
44716,0
44717,0
44718,46
44719,36
44720,52
44721,0
44722,41
44723,0
44724,0
44725,0
44726,0
44727,0
44728,0
44729,50
44730,0
44731,29
44732,0
44733,40
44734,0
44735,0
44736,0
44737,0
44738,0
44739,33
44740,0
44741,44
44742,41
44743,0
44744,32
44745,0
44746,0
44747,0
44748,0
44749,0
44750,0
44751,0
44752,0
44753,33
44754,35
44755,38
44756,0
44757,0
44758,0
44759,0
44760,27
44761,0
44762,0
44763,41
44764,40
44765,0
44766,0
44767,46
44768,0
44769,36
44770,0
44771,0
44772,33
44773,26
44774,0
44775,0
44776,0
44777,0
44778,0
44779,0
44780,49
44781,0
44782,42
44783,0
44784,47
44785,0
44786,39
44787,0
44788,0
44789,46
44790,0
44791,0
44792,0
44793,0
44794,0
44795,0
44796,0
44797,0
44798,27
44799,0
44800,0
44801,30
44802,0
44803,0
44804,42
44805,0
44806,0
44807,0
44808,0
44809,0
44810,0
44811,0
44812,0
44813,30
44814,50
44815,0
44816,0
44817,0
44818,0
44819,0
44820,0
44821,21
44822,0
44823,0
44824,32
44825,41
44826,0
44827,0
44828,0
44829,0
44830,36
44831,0
44832,38
44833,0
44834,0
44835,0
44836,40
44837,0
44838,0
44839,40
44840,44
44841,0
44842,0
44843,0
44844,0
44845,0
44846,0
44847,0
44848,26
44849,0
44850,0
44851,0
44852,0
44853,40
44854,42
44855,0
44856,43
44857,0
44858,0
44859,0
44860,25
44861,37
44862,0
44863,0
44864,42
44865,39
44866,35
44867,0
44868,0
44869,0
44870,0
44871,31
44872,0
44873,0
44874,0
44875,49
44876,0
44877,0
44878,0
44879,35
44880,0
44881,0
44882,0
44883,24
44884,0
44885,54
44886,38
44887,0
44888,0
44889,0
44890,0
44891,35
44892,38
44893,0
44894,43
44895,0
44896,0
44897,0
44898,42
44899,0
44900,0
44901,42
44902,0
44903,0
44904,0
44905,0
44906,0
44907,0
44908,0
44909,33
44910,30
44911,30
44912,0
44913,24
44914,0
44915,49
44916,0
44917,61
44918,0
44919,0
44920,0
44921,0
44922,0
44923,0
44924,0
44925,0
44926,0
44927,0
44928,0
44929,0
44930,0
44931,0
44932,0
44933,30
44934,0
44935,0
44936,0
44937,0
44938,0
44939,0
44940,38
44941,0
44942,0
44943,38
44944,55
44945,0
44946,0
44947,53
44948,0
44949,0
44950,0
44951,38
44952,42
44953,0
44954,0
44955,0
44956,0
44957,0
44958,40
44959,45
44960,0
44961,0
44962,0
44963,0
44964,0
44965,0
44966,44
44967,0
44968,0
44969,30
44970,0
44971,0
44972,0
44973,0
44974,30
44975,0
44976,0
44977,0
44978,0
44979,0
44980,0
44981,39
44982,0
44983,34
44984,66
44985,0
44986,54
44987,43
44988,29
44989,0
44990,0
44991,0
44992,0
44993,0
44994,25
44995,0
44996,38
44997,0
44998,0
44999,50
45000,0
45001,0
45002,0
45003,0
45004,34
45005,0
45006,0
45007,0
45008,27
45009,0
45010,0
45011,0
45012,0
45013,0
45014,0
45015,0
45016,41
45017,0
45018,39
45019,0
45020,0
45021,0
45022,0
45023,0
45024,36
45025,0
45026,45
45027,0
45028,0
45029,0
45030,0
45031,49
45032,0
45033,0
45034,0
45035,0
45036,0
45037,0
45038,0
45039,0
45040,35
45041,0
45042,0
45043,50
45044,0
45045,57
45046,0
45047,32
45048,0
45049,45
45050,46
45051,31
45052,0
45053,0
45054,0
45055,0
45056,0
45057,0
45058,0
45059,48
45060,0
45061,33
45062,0
45063,0
45064,0
45065,0
45066,0
45067,0
45068,0
45069,0
45070,54
45071,50
45072,0
45073,0
45074,0
45075,0
45076,0
45077,33
45078,0
45079,0
45080,58
45081,0
45082,0
45083,0
45084,0
45085,27
45086,0
45087,36
45088,0
45089,0
45090,52
45091,0
45092,40
45093,40
45094,35
45095,53
45096,0
45097,42
45098,0
45099,51
45100,0
45101,0
45102,41
45103,41
45104,0
45105,44
45106,35
45107,41
45108,0
45109,0
45110,53
45111,0
45112,0
45113,0
45114,49
45115,32
45116,0
45117,36
45118,0
45119,0
45120,48
45121,0
45122,0
45123,0
45124,0
45125,0
45126,0
45127,41
45128,0
45129,0
45130,42
45131,31
45132,44
45133,57
45134,0
45135,0
45136,0
45137,0
45138,0
45139,0
45140,0
45141,0
45142,48
45143,0
45144,37
45145,0
45146,0
45147,0
45148,0
45149,0
45150,0
45151,0
45152,0
45153,39
45154,39
45155,43
45156,0
45157,0
45158,47
45159,0
45160,0
45161,46
45162,0
45163,0
45164,33
45165,0
45166,0
45167,0
45168,0
45169,0
45170,0
45171,0
45172,0
45173,28
45174,39
45175,39
45176,0
45177,0
45178,40
45179,0
45180,30
45181,0
45182,0
45183,0
45184,39
45185,0
45186,0
45187,39
45188,35
45189,0
45190,35
45191,52
45192,43
45193,30
45194,0
45195,39
45196,0
45197,0
45198,0
45199,0
45200,45
45201,42
45202,39
45203,31
45204,0
45205,40
45206,0
45207,38
45208,43
45209,23
45210,0
45211,0
45212,0
45213,0
45214,0
45215,0
45216,0
45217,0
45218,0
45219,0
45220,0
45221,0
45222,0
45223,0
45224,0
45225,0
45226,0
45227,0
45228,0
45229,0
45230,0
45231,0
45232,0
45233,0
45234,0
45235,0
45236,0
45237,0
45238,0
45239,0
45240,0
45241,0
45242,0
45243,0
45244,0
45245,0
45246,0
45247,0
45248,0
45249,0
45250,0
45251,0
45252,0
45253,0
45254,0
45255,0
45256,0
45257,0
45258,0
45259,0
45260,0
45261,0
45262,0
45263,0
45264,0
45265,0
45266,0
45267,0
45268,0
45269,0
45270,0
45271,0
45272,0
45273,0
45274,0
45275,0
45276,0
45277,0
45278,0
45279,0
45280,0
45281,0
45282,0
45283,0
45284,0
45285,0
45286,0
45287,0
45288,0
45289,0
45290,0
45291,0
45292,0
45293,0
45294,0
45295,0
45296,0
45297,0
45298,0
45299,0
45300,0
45301,0
45302,0
45303,0
45304,0
45305,0
45306,0
45307,0
45308,0
45309,0
45310,0
45311,0
45312,0
45313,0
45314,0
45315,0
45316,0
45317,0
45318,0
45319,0
45320,0
45321,0
45322,0
45323,0
45324,0
45325,0
45326,0
45327,0
45328,0
45329,1
45330,0
45331,0
45332,0
45333,0
45334,0
45335,0
45336,0
45337,0
45338,0
45339,0
45340,0
45341,0
45342,0
45343,0
45344,0
45345,0
45346,0
45347,0
45348,0
45349,0
45350,0
45351,0
45352,0
45353,0
45354,0
45355,0
45356,0
45357,0
45358,0
45359,0
45360,0
45361,0
45362,0
45363,0
45364,0
45365,0
45366,0
45367,0
45368,0
45369,0
45370,0
45371,0
45372,0
45373,0
45374,0
45375,0
45376,0
45377,0
45378,0
45379,0
45380,0
45381,0
45382,0
45383,0
45384,0
45385,0
45386,0
45387,0
45388,0
45389,0
45390,0
45391,0
45392,0
45393,0
45394,0
45395,0
45396,0
45397,0
45398,0
45399,0
45400,0
45401,0
45402,0
45403,0
45404,0
45405,0
45406,0
45407,0
45408,0
45409,0
45410,0
45411,0
45412,0
45413,0
45414,0
45415,0
45416,0
45417,0
45418,0
45419,0
45420,0
45421,0
45422,0
45423,0
45424,0
45425,0
45426,0
45427,0
45428,0
45429,0
45430,0
45431,0
45432,0
45433,0
45434,0
45435,0
45436,0
45437,0
45438,0
45439,0
45440,0
45441,0
45442,0
45443,0
45444,0
45445,0
45446,0
45447,0
45448,0
45449,0
45450,0
45451,0
45452,0
45453,0
45454,0
45455,0
45456,0
45457,0
45458,0
45459,0
45460,0
45461,0
45462,0
45463,0
45464,0
45465,0
45466,0
45467,0
45468,0
45469,0
45470,0
45471,0
45472,0
45473,0
45474,0
45475,0
45476,0
45477,0
45478,0
45479,0
45480,0
45481,0
45482,0
45483,0
45484,0
45485,0
45486,0
45487,0
45488,0
45489,0
45490,0
45491,0
45492,0
45493,0
45494,0
45495,0
45496,0
45497,0
45498,0
45499,0
45500,0
45501,0
45502,0
45503,0
45504,0
45505,0
45506,0
45507,0
45508,0
45509,0
45510,0
45511,0
45512,0
45513,0
45514,0
45515,0
45516,0
45517,0
45518,0
45519,0
45520,0
45521,0
45522,0
45523,0
45524,0
45525,0
45526,0
45527,0
45528,0
45529,0
45530,0
45531,0
45532,1
45533,0
45534,0
45535,0
45536,0
45537,0
45538,0
45539,0
45540,0
45541,0
45542,0
45543,0
45544,0
45545,0
45546,0
45547,0
45548,0
45549,0
45550,0
45551,0
45552,0
45553,0
45554,0
45555,0
45556,0
45557,0
45558,0
45559,0
45560,0
45561,0
45562,0
45563,0
45564,0
45565,0
45566,0
45567,0
45568,0
45569,0
45570,0
45571,0
45572,0
45573,0
45574,0
45575,0
45576,0
45577,0
45578,0
45579,0
45580,0
45581,0
45582,0
45583,0
45584,0
45585,0
45586,0
45587,0
45588,0
45589,0
45590,0
45591,0
45592,0
45593,0
45594,0
45595,0
45596,0
45597,0
45598,0
45599,0
45600,0
45601,0
45602,0
45603,0
45604,0
45605,0
45606,0
45607,0
45608,0
45609,0
45610,0
45611,0
45612,0
45613,0
45614,0
45615,0
45616,0
45617,0
45618,0
45619,0
45620,0
45621,0
45622,0
45623,0
45624,0
45625,0
45626,0
45627,0
45628,0
45629,0
45630,0
45631,0
45632,0
45633,0
45634,0
45635,0
45636,0
45637,0
45638,0
45639,0
45640,0
45641,0
45642,0
45643,0
45644,0
45645,0
45646,0
45647,0
45648,0
45649,0
45650,0
45651,0
45652,0
45653,0
45654,0
45655,1
45656,0
45657,0
45658,0
45659,0
45660,0
45661,0
45662,0
45663,0
45664,0
45665,0
45666,0
45667,0
45668,0
45669,0
45670,0
45671,0
45672,0
45673,0
45674,0
45675,0
45676,0
45677,0
45678,0
45679,0
45680,0
45681,0
45682,0
45683,0
45684,0
45685,0
45686,0
45687,0
45688,0
45689,0
45690,0
45691,0
45692,0
45693,0
45694,0
45695,0
45696,0
45697,0
45698,0
45699,0
45700,0
45701,0
45702,0
45703,0
45704,0
45705,0
45706,0
45707,0
45708,0
45709,0
45710,0
45711,0
45712,0
45713,0
45714,0
45715,0
45716,0
45717,0
45718,0
45719,0
45720,0
45721,0
45722,0
45723,0
45724,0
45725,0
45726,0
45727,0
45728,0
45729,0
45730,0
45731,0
45732,0
45733,0
45734,0
45735,0
45736,0
45737,0
45738,0
45739,0
45740,0
45741,0
45742,0
45743,0
45744,0
45745,0
45746,0
45747,0
45748,0
45749,0
45750,0
45751,0
45752,0
45753,0
45754,0
45755,0
45756,0
45757,0
45758,0
45759,0
45760,0
45761,0
45762,0
45763,0
45764,0
45765,0
45766,0
45767,0
45768,0
45769,0
45770,0
45771,0
45772,0
45773,0
45774,0
45775,0
45776,0
45777,0
45778,0
45779,0
45780,0
45781,0
45782,0
45783,0
45784,0
45785,0
45786,0
45787,0
45788,0
45789,0
45790,0
45791,0
45792,0
45793,0
45794,0
45795,0
45796,0
45797,0
45798,0
45799,0
45800,0
45801,0
45802,0
45803,0
45804,0
45805,0
45806,0
45807,0
45808,0
45809,0
45810,0
45811,0
45812,0
45813,0
45814,0
45815,0
45816,0
45817,0
45818,0
45819,0
45820,0
45821,0
45822,0
45823,0
45824,0
45825,0
45826,0
45827,0
45828,0
45829,0
45830,0
45831,0
45832,0
45833,1
45834,0
45835,0
45836,0
45837,0
45838,0
45839,0
45840,0
45841,0
45842,0
45843,0
45844,0
45845,0
45846,0
45847,0
45848,0
45849,0
45850,0
45851,0
45852,0
45853,0
45854,0
45855,0
45856,0
45857,0
45858,0
45859,0
45860,0
45861,0
45862,0
45863,0
45864,0
45865,0
45866,0
45867,0
45868,0
45869,0
45870,0
45871,0
45872,0
45873,0
45874,0
45875,0
45876,0
45877,0
45878,0
45879,0
45880,0
45881,0
45882,0
45883,0
45884,0
45885,0
45886,0
45887,0
45888,0
45889,0
45890,0
45891,0
45892,0
45893,0
45894,0
45895,0
45896,0
45897,0
45898,0
45899,0
45900,0
45901,0
45902,0
45903,0
45904,0
45905,0
45906,0
45907,0
45908,0
45909,0
45910,0
45911,0
45912,0
45913,0
45914,0
45915,0
45916,0
45917,0
45918,0
45919,0
45920,0
45921,0
45922,0
45923,0
45924,0
45925,0
45926,0
45927,0
45928,0
45929,0
45930,0
45931,0
45932,0
45933,0
45934,0
45935,0
45936,0
45937,0
45938,0
45939,0
45940,0
45941,0
45942,0
45943,0
45944,0
45945,0
45946,0
45947,0
45948,0
45949,0
45950,0
45951,0
45952,0
45953,0
45954,0
45955,0
45956,0
45957,0
45958,0
45959,0
45960,0
45961,0
45962,0
45963,0
45964,0
45965,0
45966,0
45967,0
45968,0
45969,0
45970,0
45971,0
45972,0
45973,0
45974,0
45975,0
45976,0
45977,0
45978,0
45979,0
45980,0
45981,0
45982,0
45983,0
45984,0
45985,0
45986,0
45987,0
45988,0
45989,0
45990,0
45991,0
45992,0
45993,0
45994,0
45995,0
45996,0
45997,0
45998,0
45999,0
46000,0
46001,0
46002,0
46003,0
46004,0
46005,0
46006,0
46007,0
46008,0
46009,0
46010,0
46011,0
46012,0
46013,0
46014,0
46015,0
46016,0
46017,0
46018,0
46019,0
46020,0
46021,0
46022,0
46023,0
46024,0
46025,0
46026,0
46027,0
46028,0
46029,0
46030,0
46031,0
46032,0
46033,0
46034,0
46035,0
46036,0
46037,0
46038,0
46039,0
46040,0
46041,0
46042,0
46043,0
46044,0
46045,0
46046,0
46047,0
46048,0
46049,0
46050,0
46051,0
46052,0
46053,0
46054,0
46055,0
46056,0
46057,0
46058,0
46059,0
46060,0
46061,0
46062,0
46063,0
46064,0
46065,0
46066,0
46067,0
46068,0
46069,0
46070,0
46071,0
46072,0
46073,0
46074,0
46075,0
46076,0
46077,0
46078,0
46079,0
46080,0
46081,0
46082,0
46083,0
46084,0
46085,0
46086,0
46087,0
46088,0
46089,0
46090,0
46091,0
46092,0
46093,0
46094,0
46095,0
46096,0
46097,0
46098,0
46099,0
46100,0
46101,0
46102,0
46103,0
46104,0
46105,0
46106,0
46107,0
46108,0
46109,0
46110,0
46111,0
46112,0
46113,0
46114,0
46115,0
46116,0
46117,0
46118,0
46119,0
46120,0
46121,0
46122,0
46123,0
46124,0
46125,0
46126,0
46127,0
46128,0
46129,0
46130,0
46131,0
46132,0
46133,0
46134,0
46135,0
46136,0
46137,0
46138,0
46139,0
46140,0
46141,0
46142,0
46143,0
46144,0
46145,0
46146,0
46147,0
46148,0
46149,0
46150,0
46151,0
46152,0
46153,0
46154,0
46155,0
46156,0
46157,0
46158,0
46159,0
46160,0
46161,0
46162,0
46163,0
46164,0
46165,0
46166,0
46167,0
46168,0
46169,0
46170,0
46171,0
46172,0
46173,0
46174,0
46175,0
46176,0
46177,0
46178,12
46179,9
46180,0
46181,0
46182,0
46183,0
46184,13
46185,0
46186,0
46187,0
46188,0
46189,6
46190,0
46191,0
46192,4
46193,0
46194,14
46195,0
46196,0
46197,0
46198,7
46199,0
46200,0
46201,0
46202,0
46203,0
46204,20
46205,12
46206,0
46207,0
46208,7
46209,0
46210,0
46211,0
46212,18
46213,0
46214,0
46215,0
46216,0
46217,11
46218,18
46219,8
46220,0
46221,0
46222,0
46223,0
46224,15
46225,0
46226,0
46227,0
46228,9
46229,0
46230,0
46231,12
46232,0
46233,0
46234,0
46235,0
46236,3
46237,14
46238,0
46239,0
46240,10
46241,0
46242,0
46243,0
46244,0
46245,0
46246,0
46247,0
46248,0
46249,0
46250,0
46251,0
46252,0
46253,10
46254,0
46255,0
46256,0
46257,0
46258,0
46259,0
46260,0
46261,6
46262,0
46263,0
46264,16
46265,0
46266,5
46267,0
46268,8
46269,0
46270,0
46271,0
46272,0
46273,17
46274,23
46275,10
46276,0
46277,16
46278,0
46279,10
46280,0
46281,21
46282,12
46283,0
46284,0
46285,0
46286,0
46287,25
46288,6
46289,13
46290,0
46291,0
46292,6
46293,0
46294,15
46295,0
46296,10
46297,0
46298,12
46299,0
46300,6
46301,0
46302,15
46303,0
46304,0
46305,0
46306,0
46307,0
46308,0
46309,0
46310,0
46311,11
46312,0
46313,0
46314,0
46315,0
46316,0
46317,4
46318,8
46319,0
46320,0
46321,0
46322,0
46323,7
46324,0
46325,0
46326,0
46327,0
46328,0
46329,0
46330,18
46331,0
46332,11
46333,0
46334,7
46335,0
46336,8
46337,0
46338,0
46339,0
46340,5
46341,0
46342,0
46343,0
46344,0
46345,0
46346,0
46347,12
46348,15
46349,0
46350,0
46351,20
46352,9
46353,0
46354,9
46355,23
46356,14
46357,0
46358,0
46359,0
46360,0
46361,0
46362,0
46363,0
46364,0
46365,0
46366,0
46367,10
46368,0
46369,0
46370,0
46371,0
46372,0
46373,0
46374,0
46375,0
46376,0
46377,20
46378,0
46379,10
46380,0
46381,10
46382,18
46383,0
46384,0
46385,0
46386,0
46387,0
46388,0
46389,0
46390,17
46391,27
46392,24
46393,0
46394,0
46395,0
46396,11
46397,0
46398,0
46399,0
46400,0
46401,0
46402,0
46403,0
46404,0
46405,0
46406,0
46407,0
46408,13
46409,0
46410,31
46411,8
46412,0
46413,0
46414,0
46415,19
46416,0
46417,11
46418,10
46419,0
46420,18
46421,14
46422,0
46423,0
46424,17
46425,12
46426,23
46427,0
46428,0
46429,0
46430,0
46431,0
46432,0
46433,0
46434,0
46435,0
46436,0
46437,0
46438,0
46439,19
46440,0
46441,9
46442,10
46443,8
46444,0
46445,0
46446,0
46447,0
46448,0
46449,0
46450,0
46451,0
46452,0
46453,15
46454,7
46455,0
46456,0
46457,15
46458,0
46459,0
46460,13
46461,0
46462,0
46463,0
46464,11
46465,0
46466,0
46467,13
46468,0
46469,18
46470,0
46471,0
46472,0
46473,0
46474,0
46475,0
46476,0
46477,0
46478,0
46479,0
46480,12
46481,0
46482,0
46483,0
46484,0
46485,0
46486,18
46487,0
46488,16
46489,0
46490,0
46491,10
46492,0
46493,0
46494,9
46495,0
46496,0
46497,0
46498,11
46499,0
46500,0
46501,0
46502,0
46503,0
46504,0
46505,0
46506,0
46507,11
46508,0
46509,0
46510,0
46511,0
46512,0
46513,0
46514,11
46515,0
46516,0
46517,0
46518,0
46519,0
46520,0
46521,0
46522,15
46523,17
46524,0
46525,15
46526,0
46527,0
46528,0
46529,0
46530,22
46531,0
46532,0
46533,0
46534,0
46535,11
46536,14
46537,0
46538,0
46539,13
46540,0
46541,0
46542,21
46543,0
46544,0
46545,0
46546,0
46547,0
46548,0
46549,0
46550,0
46551,12
46552,0
46553,18
46554,0
46555,12
46556,0
46557,0
46558,0
46559,0
46560,9
46561,14
46562,0
46563,0
46564,8
46565,0
46566,0
46567,11
46568,20
46569,17
46570,0
46571,0
46572,0
46573,0
46574,0
46575,0
46576,0
46577,14
46578,0
46579,0
46580,0
46581,7
46582,0
46583,0
46584,10
46585,0
46586,0
46587,0
46588,0
46589,0
46590,0
46591,10
46592,0
46593,0
46594,0
46595,0
46596,11
46597,0
46598,12
46599,22
46600,17
46601,0
46602,0
46603,0
46604,0
46605,0
46606,14
46607,13
46608,19
46609,0
46610,0
46611,0
46612,0
46613,0
46614,0
46615,12
46616,0
46617,0
46618,0
46619,0
46620,0
46621,0
46622,7
46623,0
46624,0
46625,0
46626,14
46627,0
46628,0
46629,0
46630,0
46631,0
46632,0
46633,0
46634,0
46635,0
46636,12
46637,0
46638,0
46639,14
46640,0
46641,6
46642,0
46643,11
46644,0
46645,0
46646,0
46647,8
46648,15
46649,10
46650,0
46651,11
46652,0
46653,0
46654,4
46655,0
46656,0
46657,0
46658,0
46659,11
46660,12
46661,0
46662,8
46663,0
46664,0
46665,15
46666,10
46667,0
46668,8
46669,0
46670,0
46671,9
46672,0
46673,0
46674,0
46675,0
46676,0
46677,0
46678,0
46679,2
46680,0
46681,19
46682,0
46683,0
46684,16
46685,0
46686,0
46687,0
46688,0
46689,0
46690,0
46691,11
46692,8
46693,0
46694,0
46695,0
46696,0
46697,13
46698,0
46699,0
46700,9
46701,0
46702,0
46703,14
46704,0
46705,12
46706,0
46707,0
46708,12
46709,0
46710,0
46711,8
46712,0
46713,0
46714,0
46715,0
46716,12
46717,8
46718,0
46719,0
46720,9
46721,0
46722,0
46723,23
46724,0
46725,0
46726,0
46727,0
46728,0
46729,0
46730,0
46731,0
46732,20
46733,0
46734,0
46735,0
46736,0
46737,0
46738,0
46739,0
46740,0
46741,0
46742,8
46743,20
46744,9
46745,0
46746,0
46747,0
46748,0
46749,14
46750,17
46751,0
46752,0
46753,0
46754,0
46755,0
46756,0
46757,0
46758,0
46759,0
46760,18
46761,0
46762,0
46763,17
46764,0
46765,10
46766,0
46767,0
46768,0
46769,0
46770,0
46771,3
46772,0
46773,9
46774,0
46775,0
46776,0
46777,11
46778,12
46779,0
46780,0
46781,0
46782,0
46783,0
46784,15
46785,0
46786,11
46787,0
46788,0
46789,0
46790,0
46791,14
46792,0
46793,17
46794,0
46795,0
46796,6
46797,0
46798,0
46799,0
46800,0
46801,0
46802,0
46803,0
46804,14
46805,0
46806,0
46807,0
46808,0
46809,0
46810,0
46811,0
46812,0
46813,12
46814,0
46815,5
46816,0
46817,0
46818,8
46819,0
46820,0
46821,13
46822,0
46823,0
46824,0
46825,0
46826,0
46827,0
46828,0
46829,0
46830,0
46831,0
46832,0
46833,0
46834,0
46835,9
46836,0
46837,0
46838,0
46839,0
46840,18
46841,6
46842,0
46843,15
46844,0
46845,0
46846,0
46847,5
46848,0
46849,0
46850,0
46851,0
46852,0
46853,0
46854,0
46855,0
46856,0
46857,0
46858,0
46859,0
46860,0
46861,16
46862,0
46863,0
46864,0
46865,0
46866,0
46867,0
46868,0
46869,6
46870,0
46871,0
46872,11
46873,0
46874,0
46875,13
46876,20
46877,15
46878,0
46879,0
46880,0
46881,0
46882,0
46883,0
46884,0
46885,0
46886,8
46887,0
46888,6
46889,0
46890,6
46891,0
46892,3
46893,0
46894,0
46895,21
46896,0
46897,0
46898,0
46899,0
46900,4
46901,0
46902,0
46903,0
46904,0
46905,0
46906,12
46907,0
46908,0
46909,0
46910,0
46911,0
46912,0
46913,10
46914,0
46915,0
46916,0
46917,0
46918,0
46919,16
46920,0
46921,15
46922,0
46923,0
46924,0
46925,0
46926,0
46927,0
46928,22
46929,0
46930,10
46931,0
46932,0
46933,0
46934,0
46935,0
46936,0
46937,0
46938,13
46939,26
46940,0
46941,0
46942,0
46943,10
46944,0
46945,16
46946,8
46947,17
46948,0
46949,0
46950,0
46951,0
46952,0
46953,0
46954,0
46955,0
46956,0
46957,14
46958,16
46959,0
46960,0
46961,0
46962,0
46963,14
46964,11
46965,0
46966,0
46967,15
46968,0
46969,0
46970,0
46971,0
46972,10
46973,0
46974,14
46975,0
46976,0
46977,8
46978,0
46979,8
46980,0
46981,0
46982,11
46983,0
46984,0
46985,0
46986,0
46987,16
46988,0
46989,0
46990,0
46991,0
46992,0
46993,0
46994,0
46995,0
46996,0
46997,12
46998,0
46999,0
47000,0
47001,0
47002,0
47003,0
47004,0
47005,24
47006,0
47007,0
47008,0
47009,11
47010,0
47011,14
47012,0
47013,5
47014,0
47015,0
47016,15
47017,0
47018,0
47019,0
47020,0
47021,0
47022,0
47023,0
47024,0
47025,0
47026,0
47027,0
47028,0
47029,0
47030,0
47031,0
47032,0
47033,0
47034,0
47035,5
47036,0
47037,15
47038,0
47039,8
47040,0
47041,0
47042,0
47043,0
47044,0
47045,14
47046,0
47047,0
47048,14
47049,0
47050,0
47051,0
47052,0
47053,11
47054,13
47055,0
47056,0
47057,0
47058,0
47059,0
47060,0
47061,0
47062,9
47063,0
47064,0
47065,7
47066,0
47067,0
47068,6
47069,0
47070,0
47071,0
47072,0
47073,0
47074,18
47075,10
47076,11
47077,14
47078,0
47079,13
47080,0
47081,0
47082,0
47083,0
47084,12
47085,0
47086,0
47087,0
47088,0
47089,12
47090,0
47091,0
47092,0
47093,0
47094,0
47095,9
47096,0
47097,0
47098,0
47099,9
47100,0
47101,11
47102,0
47103,0
47104,0
47105,11
47106,0
47107,0
47108,0
47109,0
47110,0
47111,13
47112,0
47113,0
47114,0
47115,0
47116,20
47117,0
47118,13
47119,10
47120,0
47121,0
47122,17
47123,17
47124,0
47125,0
47126,0
47127,0
47128,0
47129,0
47130,5
47131,0
47132,0
47133,0
47134,10
47135,0
47136,0
47137,17
47138,0
47139,0
47140,0
47141,17
47142,0
47143,0
47144,0
47145,9
47146,0
47147,0
47148,0
47149,0
47150,0
47151,0
47152,0
47153,0
47154,0
47155,0
47156,0
47157,14
47158,0
47159,0
47160,0
47161,0
47162,18
47163,0
47164,0
47165,0
47166,0
47167,0
47168,0
47169,0
47170,0
47171,0
47172,0
47173,0
47174,8
47175,0
47176,15
47177,0
47178,0
47179,0
47180,13
47181,10
47182,0
47183,0
47184,6
47185,0
47186,0
47187,4
47188,0
47189,0
47190,0
47191,11
47192,0
47193,8
47194,0
47195,0
47196,0
47197,20
47198,0
47199,0
47200,0
47201,21
47202,9
47203,0
47204,0
47205,10
47206,0
47207,10
47208,0
47209,0
47210,0
47211,11
47212,9
47213,0
47214,9
47215,0
47216,0
47217,0
47218,0
47219,0
47220,0
47221,0
47222,0
47223,0
47224,0
47225,0
47226,6
47227,11
47228,0
47229,0
47230,0
47231,20
47232,0
47233,0
47234,0
47235,0
47236,18
47237,0
47238,0
47239,0
47240,0
47241,0
47242,13
47243,0
47244,0
47245,0
47246,0
47247,0
47248,0
47249,0
47250,0
47251,0
47252,0
47253,0
47254,0
47255,0
47256,0
47257,0
47258,0
47259,18
47260,0
47261,0
47262,0
47263,10
47264,0
47265,0
47266,12
47267,0
47268,0
47269,0
47270,0
47271,0
47272,0
47273,10
47274,0
47275,13
47276,0
47277,0
47278,0
47279,0
47280,0
47281,0
47282,6
47283,0
47284,0
47285,18
47286,9
47287,11
47288,7
47289,0
47290,0
47291,15
47292,18
47293,11
47294,0
47295,0
47296,0
47297,11
47298,0
47299,0
47300,0
47301,0
47302,0
47303,15
47304,0
47305,0
47306,8
47307,0
47308,0
47309,0
47310,0
47311,19
47312,0
47313,0
47314,0
47315,0
47316,0
47317,0
47318,14
47319,33
47320,0
47321,0
47322,0
47323,0
47324,3
47325,0
47326,0
47327,0
47328,0
47329,0
47330,0
47331,0
47332,0
47333,0
47334,0
47335,0
47336,15
47337,0
47338,0
47339,0
47340,0
47341,0
47342,8
47343,0
47344,0
47345,0
47346,0
47347,0
47348,0
47349,0
47350,0
47351,0
47352,0
47353,0
47354,0
47355,0
47356,0
47357,0
47358,0
47359,0
47360,0
47361,0
47362,0
47363,0
47364,0
47365,0
47366,0
47367,0
47368,11
47369,0
47370,12
47371,0
47372,0
47373,0
47374,0
47375,0
47376,0
47377,19
47378,0
47379,0
47380,0
47381,0
47382,0
47383,0
47384,0
47385,0
47386,0
47387,0
47388,0
47389,13
47390,0
47391,0
47392,0
47393,0
47394,0
47395,0
47396,0
47397,0
47398,0
47399,0
47400,0
47401,0
47402,0
47403,0
47404,0
47405,0
47406,0
47407,0
47408,0
47409,0
47410,0
47411,0
47412,0
47413,0
47414,12
47415,0
47416,0
47417,17
47418,0
47419,0
47420,0
47421,0
47422,0
47423,0
47424,0
47425,16
47426,0
47427,0
47428,10
47429,19
47430,0
47431,0
47432,0
47433,0
47434,0
47435,0
47436,0
47437,0
47438,0
47439,0
47440,0
47441,0
47442,0
47443,0
47444,16
47445,0
47446,0
47447,0
47448,0
47449,0
47450,21
47451,14
47452,0
47453,0
47454,0
47455,0
47456,0
47457,0
47458,0
47459,10
47460,18
47461,0
47462,0
47463,10
47464,0
47465,8
47466,0
47467,0
47468,0
47469,16
47470,0
47471,0
47472,0
47473,0
47474,0
47475,12
47476,0
47477,0
47478,0
47479,0
47480,0
47481,0
47482,11
47483,0
47484,0
47485,0
47486,18
47487,0
47488,15
47489,0
47490,0
47491,0
47492,0
47493,0
47494,24
47495,0
47496,0
47497,0
47498,0
47499,19
47500,0
47501,0
47502,7
47503,0
47504,0
47505,0
47506,0
47507,0
47508,0
47509,0
47510,0
47511,0
47512,0
47513,0
47514,0
47515,0
47516,0
47517,0
47518,0
47519,0
47520,22
47521,0
47522,0
47523,0
47524,0
47525,0
47526,24
47527,0
47528,0
47529,13
47530,0
47531,0
47532,0
47533,0
47534,0
47535,0
47536,0
47537,0
47538,0
47539,9
47540,0
47541,0
47542,0
47543,0
47544,0
47545,0
47546,0
47547,0
47548,0
47549,0
47550,0
47551,0
47552,0
47553,0
47554,0
47555,0
47556,13
47557,0
47558,0
47559,0
47560,0
47561,0
47562,0
47563,0
47564,0
47565,16
47566,0
47567,17
47568,0
47569,0
47570,13
47571,0
47572,0
47573,0
47574,10
47575,0
47576,0
47577,0
47578,0
47579,11
47580,0
47581,0
47582,9
47583,17
47584,0
47585,0
47586,0
47587,16
47588,0
47589,0
47590,0
47591,0
47592,7
47593,0
47594,12
47595,12
47596,0
47597,0
47598,0
47599,0
47600,0
47601,0
47602,0
47603,0
47604,0
47605,0
47606,0
47607,0
47608,0
47609,14
47610,0
47611,0
47612,15
47613,0
47614,12
47615,17
47616,0
47617,0
47618,0
47619,0
47620,8
47621,0
47622,0
47623,0
47624,0
47625,0
47626,0
47627,12
47628,0
47629,0
47630,0
47631,19
47632,0
47633,0
47634,0
47635,0
47636,0
47637,0
47638,0
47639,0
47640,0
47641,0
47642,0
47643,6
47644,0
47645,0
47646,12
47647,0
47648,0
47649,0
47650,0
47651,0
47652,0
47653,0
47654,0
47655,0
47656,0
47657,0
47658,0
47659,0
47660,0
47661,0
47662,16
47663,0
47664,0
47665,6
47666,0
47667,0
47668,0
47669,0
47670,0
47671,0
47672,0
47673,0
47674,0
47675,0
47676,0
47677,0
47678,0
47679,0
47680,0
47681,11
47682,0
47683,0
47684,0
47685,13
47686,0
47687,0
47688,0
47689,0
47690,9
47691,0
47692,0
47693,0
47694,27
47695,0
47696,0
47697,0
47698,0
47699,0
47700,0
47701,0
47702,9
47703,0
47704,0
47705,0
47706,0
47707,0
47708,0
47709,0
47710,0
47711,0
47712,0
47713,0
47714,8
47715,0
47716,0
47717,0
47718,0
47719,12
47720,10
47721,15
47722,0
47723,0
47724,0
47725,11
47726,0
47727,15
47728,0
47729,0
47730,0
47731,0
47732,0
47733,0
47734,11
47735,25
47736,0
47737,11
47738,0
47739,0
47740,0
47741,0
47742,0
47743,9
47744,0
47745,0
47746,13
47747,0
47748,0
47749,0
47750,0
47751,0
47752,0
47753,7
47754,13
47755,0
47756,6
47757,0
47758,7
47759,0
47760,9
47761,0
47762,0
47763,0
47764,0
47765,0
47766,0
47767,8
47768,0
47769,10
47770,0
47771,9
47772,7
47773,0
47774,3
47775,0
47776,14
47777,5
47778,0
47779,6
47780,0
47781,0
47782,7
47783,0
47784,0
47785,0
47786,0
47787,8
47788,0
47789,14
47790,0
47791,0
47792,0
47793,3
47794,0
47795,0
47796,0
47797,0
47798,0
47799,10
47800,0
47801,0
47802,0
47803,0
47804,0
47805,11
47806,0
47807,0
47808,0
47809,0
47810,0
47811,0
47812,0
47813,12
47814,0
47815,6
47816,0
47817,11
47818,0
47819,0
47820,0
47821,12
47822,14
47823,0
47824,0
47825,0
47826,0
47827,0
47828,0
47829,0
47830,0
47831,7
47832,0
47833,0
47834,0
47835,0
47836,0
47837,0
47838,0
47839,0
47840,0
47841,0
47842,0
47843,0
47844,0
47845,0
47846,0
47847,0
47848,0
47849,0
47850,0
47851,0
47852,0
47853,0
47854,0
47855,10
47856,17
47857,14
47858,0
47859,0
47860,7
47861,0
47862,0
47863,0
47864,0
47865,0
47866,0
47867,0
47868,0
47869,7
47870,0
47871,0
47872,0
47873,0
47874,0
47875,0
47876,0
47877,0
47878,0
47879,0
47880,0
47881,0
47882,0
47883,0
47884,0
47885,0
47886,12
47887,0
47888,0
47889,0
47890,0
47891,0
47892,0
47893,0
47894,0
47895,0
47896,0
47897,0
47898,0
47899,0
47900,0
47901,0
47902,0
47903,0
47904,0
47905,0
47906,0
47907,0
47908,0
47909,0
47910,0
47911,10
47912,0
47913,0
47914,0
47915,0
47916,0
47917,0
47918,0
47919,7
47920,0
47921,0
47922,0
47923,0
47924,24
47925,0
47926,0
47927,0
47928,11
47929,10
47930,0
47931,0
47932,0
47933,0
47934,0
47935,0
47936,0
47937,0
47938,0
47939,16
47940,0
47941,0
47942,0
47943,0
47944,9
47945,19
47946,0
47947,0
47948,0
47949,0
47950,0
47951,15
47952,16
47953,0
47954,0
47955,0
47956,0
47957,0
47958,0
47959,0
47960,0
47961,5
47962,0
47963,0
47964,0
47965,0
47966,0
47967,0
47968,0
47969,0
47970,15
47971,0
47972,0
47973,0
47974,13
47975,0
47976,0
47977,0
47978,0
47979,0
47980,0
47981,7
47982,0
47983,0
47984,18
47985,5
47986,0
47987,0
47988,0
47989,0
47990,0
47991,0
47992,0
47993,18
47994,0
47995,0
47996,0
47997,0
47998,0
47999,0
48000,11
48001,0
48002,0
48003,0
48004,0
48005,10
48006,0
48007,0
48008,0
48009,0
48010,0
48011,0
48012,6
48013,0
48014,0
48015,0
48016,0
48017,0
48018,0
48019,0
48020,0
48021,0
48022,0
48023,0
48024,0
48025,0
48026,0
48027,0
48028,0
48029,0
48030,0
48031,0
48032,0
48033,0
48034,0
48035,0
48036,0
48037,0
48038,0
48039,0
48040,0
48041,8
48042,0
48043,0
48044,0
48045,0
48046,14
48047,0
48048,0
48049,0
48050,0
48051,0
48052,0
48053,0
48054,18
48055,15
48056,0
48057,0
48058,6
48059,0
48060,0
48061,0
48062,11
48063,0
48064,0
48065,0
48066,0
48067,0
48068,0
48069,15
48070,0
48071,11
48072,6
48073,1
48074,11
48075,18
48076,0
48077,0
48078,0
48079,11
48080,23
48081,9
48082,0
48083,0
48084,0
48085,0
48086,0
48087,0
48088,0
48089,0
48090,0
48091,12
48092,0
48093,0
48094,0
48095,0
48096,19
48097,0
48098,10
48099,0
48100,3
48101,0
48102,0
48103,0
48104,0
48105,0
48106,0
48107,0
48108,0
48109,0
48110,0
48111,0
48112,0
48113,0
48114,0
48115,0
48116,0
48117,0
48118,0
48119,0
48120,0
48121,0
48122,0
48123,0
48124,0
48125,0
48126,0
48127,0
48128,0
48129,0
48130,0
48131,0
48132,0
48133,0
48134,0
48135,0
48136,0
48137,0
48138,0
48139,0
48140,0
48141,0
48142,0
48143,0
48144,0
48145,0
48146,0
48147,0
48148,0
48149,0
48150,0
48151,0
48152,0
48153,0
48154,0
48155,0
48156,0
48157,0
48158,0
48159,0
48160,0
48161,0
48162,0
48163,0
48164,0
48165,0
48166,0
48167,0
48168,0
48169,0
48170,0
48171,0
48172,0
48173,0
48174,0
48175,0
48176,0
48177,0
48178,0
48179,0
48180,0
48181,0
48182,0
48183,0
48184,1
48185,0
48186,0
48187,0
48188,0
48189,0
48190,0
48191,0
48192,0
48193,0
48194,0
48195,0
48196,0
48197,0
48198,0
48199,1
48200,0
48201,0
48202,0
48203,0
48204,0
48205,0
48206,0
48207,0
48208,1
48209,0
48210,0
48211,0
48212,0
48213,0
48214,0
48215,0
48216,0
48217,0
48218,0
48219,0
48220,0
48221,0
48222,0
48223,0
48224,0
48225,0
48226,0
48227,0
48228,0
48229,0
48230,0
48231,0
48232,0
48233,0
48234,0
48235,0
48236,0
48237,0
48238,0
48239,0
48240,0
48241,0
48242,0
48243,0
48244,0
48245,0
48246,0
48247,0
48248,0
48249,0
48250,0
48251,0
48252,0
48253,0
48254,17
48255,25
48256,0
48257,0
48258,0
48259,0
48260,0
48261,14
48262,0
48263,15
48264,15
48265,0
48266,0
48267,24
48268,0
48269,0
48270,23
48271,0
48272,0
48273,12
48274,11
48275,22
48276,13
48277,0
48278,0
48279,20
48280,0
48281,12
48282,0
48283,0
48284,0
48285,0
48286,0
48287,0
48288,0
48289,13
48290,0
48291,0
48292,0
48293,0
48294,19
48295,0
48296,0
48297,0
48298,0
48299,0
48300,0
48301,0
48302,0
48303,20
48304,0
48305,0
48306,0
48307,0
48308,0
48309,0
48310,0
48311,0
48312,0
48313,0
48314,19
48315,0
48316,23
48317,0
48318,0
48319,0
48320,0
48321,0
48322,0
48323,0
48324,0
48325,0
48326,0
48327,17
48328,0
48329,17
48330,0
48331,0
48332,0
48333,0
48334,0
48335,3
48336,0
48337,0
48338,0
48339,0
48340,11
48341,0
48342,0
48343,0
48344,0
48345,0
48346,10
48347,18
48348,0
48349,0
48350,0
48351,0
48352,0
48353,0
48354,0
48355,21
48356,0
48357,0
48358,0
48359,17
48360,24
48361,14
48362,0
48363,0
48364,0
48365,0
48366,0
48367,0
48368,0
48369,0
48370,13
48371,0
48372,0
48373,0
48374,0
48375,11
48376,0
48377,0
48378,21
48379,0
48380,0
48381,0
48382,0
48383,0
48384,0
48385,28
48386,0
48387,13
48388,0
48389,0
48390,20
48391,0
48392,20
48393,0
48394,0
48395,0
48396,0
48397,0
48398,11
48399,18
48400,14
48401,0
48402,0
48403,0
48404,15
48405,0
48406,0
48407,28
48408,0
48409,22
48410,0
48411,18
48412,0
48413,12
48414,21
48415,0
48416,0
48417,0
48418,18
48419,0
48420,0
48421,0
48422,0
48423,0
48424,0
48425,0
48426,23
48427,25
48428,0
48429,0
48430,23
48431,0
48432,0
48433,15
48434,0
48435,0
48436,0
48437,18
48438,0
48439,0
48440,0
48441,0
48442,14
48443,18
48444,13
48445,0
48446,0
48447,0
48448,14
48449,0
48450,0
48451,13
48452,0
48453,7
48454,19
48455,0
48456,0
48457,0
48458,0
48459,0
48460,0
48461,13
48462,0
48463,0
48464,0
48465,0
48466,0
48467,0
48468,0
48469,0
48470,24
48471,11
48472,0
48473,11
48474,0
48475,26
48476,0
48477,29
48478,0
48479,0
48480,0
48481,0
48482,0
48483,0
48484,11
48485,13
48486,0
48487,0
48488,0
48489,0
48490,25
48491,0
48492,0
48493,0
48494,0
48495,0
48496,0
48497,10
48498,0
48499,0
48500,0
48501,27
48502,17
48503,0
48504,0
48505,0
48506,0
48507,11
48508,0
48509,0
48510,27
48511,0
48512,0
48513,0
48514,0
48515,0
48516,0
48517,0
48518,11
48519,0
48520,0
48521,0
48522,14
48523,0
48524,0
48525,0
48526,0
48527,0
48528,0
48529,0
48530,26
48531,0
48532,0
48533,34
48534,0
48535,0
48536,0
48537,0
48538,0
48539,0
48540,0
48541,0
48542,0
48543,0
48544,0
48545,0
48546,0
48547,0
48548,0
48549,0
48550,19
48551,0
48552,0
48553,0
48554,0
48555,0
48556,0
48557,0
48558,0
48559,0
48560,0
48561,0
48562,35
48563,0
48564,0
48565,37
48566,0
48567,0
48568,0
48569,0
48570,0
48571,0
48572,0
48573,0
48574,0
48575,0
48576,0
48577,0
48578,0
48579,0
48580,0
48581,0
48582,0
48583,0
48584,0
48585,0
48586,0
48587,0
48588,0
48589,0
48590,0
48591,0
48592,0
48593,0
48594,0
48595,0
48596,31
48597,0
48598,0
48599,0
48600,46
48601,0
48602,19
48603,0
48604,0
48605,0
48606,38
48607,0
48608,0
48609,0
48610,0
48611,0
48612,0
48613,0
48614,39
48615,0
48616,0
48617,0
48618,0
48619,0
48620,0
48621,0
48622,0
48623,0
48624,0
48625,0
48626,0
48627,33
48628,0
48629,0
48630,0
48631,0
48632,0
48633,0
48634,0
48635,0
48636,0
48637,0
48638,0
48639,0
48640,0
48641,0
48642,0
48643,0
48644,0
48645,0
48646,0
48647,0
48648,34
48649,0
48650,0
48651,0
48652,0
48653,32
48654,0
48655,0
48656,0
48657,0
48658,0
48659,0
48660,0
48661,0
48662,0
48663,28
48664,32
48665,0
48666,0
48667,0
48668,0
48669,0
48670,0
48671,0
48672,0
48673,0
48674,0
48675,0
48676,0
48677,0
48678,0
48679,0
48680,0
48681,0
48682,0
48683,0
48684,0
48685,28
48686,0
48687,0
48688,0
48689,0
48690,0
48691,0
48692,25
48693,0
48694,0
48695,0
48696,0
48697,0
48698,0
48699,36
48700,0
48701,0
48702,22
48703,0
48704,0
48705,0
48706,0
48707,0
48708,0
48709,0
48710,0
48711,0
48712,0
48713,0
48714,0
48715,0
48716,40
48717,49
48718,0
48719,0
48720,0
48721,0
48722,0
48723,0
48724,21
48725,0
48726,36
48727,0
48728,60
48729,0
48730,0
48731,28
48732,0
48733,0
48734,0
48735,0
48736,34
48737,0
48738,43
48739,0
48740,27
48741,27
48742,0
48743,0
48744,0
48745,0
48746,0
48747,0
48748,0
48749,0
48750,0
48751,0
48752,0
48753,0
48754,0
48755,0
48756,0
48757,0
48758,29
48759,0
48760,0
48761,0
48762,0
48763,0
48764,0
48765,0
48766,0
48767,0
48768,0
48769,0
48770,0
48771,0
48772,0
48773,0
48774,0
48775,0
48776,0
48777,3
48778,0
48779,0
48780,0
48781,0
48782,0
48783,0
48784,0
48785,0
48786,0
48787,0
48788,0
48789,0
48790,0
48791,0
48792,0
48793,4
48794,0
48795,1
48796,0
48797,0
48798,0
48799,0
48800,0
48801,0
48802,0
48803,0
48804,0
48805,0
48806,0
48807,0
48808,0
48809,1
48810,0
48811,2
48812,0
48813,1
48814,0
48815,0
48816,0
48817,0
48818,0
48819,0
48820,0
48821,0
48822,7
48823,0
48824,0
48825,4
48826,0
48827,0
48828,0
48829,0
48830,2
48831,0
48832,0
48833,0
48834,2
48835,0
48836,0
48837,0
48838,0
48839,0
48840,0
48841,0
48842,0
48843,0
48844,0
48845,0
48846,0
48847,2
48848,0
48849,0
48850,0
48851,0
48852,0
48853,0
48854,0
48855,0
48856,0
48857,0
48858,0
48859,0
48860,0
48861,0
48862,0
48863,0
48864,0
48865,0
48866,0
48867,0
48868,0
48869,0
48870,0
48871,0
48872,0
48873,0
48874,7
48875,0
48876,0
48877,0
48878,4
48879,0
48880,0
48881,0
48882,0
48883,0
48884,0
48885,5
48886,1
48887,0
48888,0
48889,0
48890,0
48891,0
48892,0
48893,0
48894,0
48895,0
48896,0
48897,5
48898,0
48899,0
48900,0
48901,0
48902,0
48903,1
48904,0
48905,0
48906,0
48907,0
48908,0
48909,0
48910,0
48911,0
48912,0
48913,0
48914,0
48915,0
48916,3
48917,3
48918,0
48919,0
48920,0
48921,0
48922,0
48923,0
48924,0
48925,0
48926,0
48927,0
48928,0
48929,0
48930,0
48931,0
48932,4
48933,6
48934,0
48935,0
48936,0
48937,0
48938,0
48939,0
48940,0
48941,0
48942,0
48943,2
48944,0
48945,0
48946,4
48947,0
48948,0
48949,0
48950,0
48951,0
48952,0
48953,0
48954,0
48955,0
48956,0
48957,0
48958,0
48959,0
48960,0
48961,0
48962,0
48963,0
48964,0
48965,0
48966,0
48967,0
48968,0
48969,0
48970,0
48971,0
48972,2
48973,0
48974,0
48975,0
48976,0
48977,0
48978,0
48979,0
48980,0
48981,0
48982,0
48983,1
48984,0
48985,0
48986,0
48987,0
48988,0
48989,0
48990,0
48991,0
48992,0
48993,0
48994,0
48995,0
48996,0
48997,0
48998,0
48999,0
49000,4
49001,0
49002,0
49003,0
49004,0
49005,0
49006,0
49007,0
49008,0
49009,0
49010,0
49011,0
49012,0
49013,0
49014,0
49015,4
49016,0
49017,3
49018,0
49019,0
49020,0
49021,0
49022,0
49023,1
49024,0
49025,0
49026,0
49027,0
49028,3
49029,0
49030,0
49031,0
49032,0
49033,0
49034,0
49035,0
49036,0
49037,0
49038,3
49039,0
49040,0
49041,0
49042,0
49043,0
49044,0
49045,0
49046,0
49047,0
49048,0
49049,0
49050,0
49051,0
49052,0
49053,0
49054,0
49055,0
49056,0
49057,0
49058,0
49059,0
49060,0
49061,0
49062,0
49063,0
49064,0
49065,0
49066,0
49067,0
49068,0
49069,0
49070,0
49071,0
49072,0
49073,0
49074,0
49075,4
49076,0
49077,0
49078,2
49079,0
49080,4
49081,0
49082,0
49083,0
49084,0
49085,0
49086,0
49087,0
49088,0
49089,0
49090,0
49091,0
49092,0
49093,0
49094,0
49095,0
49096,0
49097,0
49098,0
49099,0
49100,0
49101,0
49102,0
49103,0
49104,0
49105,0
49106,0
49107,0
49108,0
49109,5
49110,0
49111,0
49112,0
49113,0
49114,0
49115,8
49116,4
49117,0
49118,0
49119,0
49120,0
49121,0
49122,0
49123,0
49124,0
49125,0
49126,0
49127,0
49128,0
49129,0
49130,0
49131,0
49132,0
49133,0
49134,0
49135,0
49136,0
49137,0
49138,0
49139,0
49140,1
49141,0
49142,0
49143,0
49144,0
49145,0
49146,0
49147,0
49148,0
49149,0
49150,4
49151,3
49152,2
49153,0
49154,0
49155,0
49156,0
49157,0
49158,1
49159,0
49160,0
49161,0
49162,0
49163,0
49164,0
49165,0
49166,0
49167,0
49168,0
49169,1
49170,0
49171,0
49172,0
49173,0
49174,0
49175,0
49176,0
49177,0
49178,0
49179,0
49180,0
49181,3
49182,0
49183,0
49184,0
49185,6
49186,0
49187,0
49188,0
49189,0
49190,0
49191,0
49192,0
49193,0
49194,4
49195,1
49196,0
49197,0
49198,0
49199,0
49200,0
49201,0
49202,0
49203,0
49204,0
49205,0
49206,2
49207,0
49208,0
49209,0
49210,0
49211,0
49212,0
49213,0
49214,1
49215,0
49216,0
49217,0
49218,0
49219,0
49220,0
49221,0
49222,0
49223,0
49224,0
49225,0
49226,0
49227,0
49228,0
49229,0
49230,0
49231,0
49232,0
49233,0
49234,0
49235,0
49236,4
49237,2
49238,0
49239,0
49240,0
49241,7
49242,0
49243,0
49244,0
49245,0
49246,0
49247,0
49248,0
49249,0
49250,0
49251,0
49252,0
49253,0
49254,0
49255,0
49256,0
49257,0
49258,0
49259,0
49260,0
49261,0
49262,0
49263,0
49264,0
49265,0
49266,3
49267,0
49268,0
49269,0
49270,0
49271,0
49272,0
49273,0
49274,2
49275,0
49276,0
49277,0
49278,0
49279,0
49280,0
49281,0
49282,0
49283,0
49284,7
49285,0
49286,0
49287,3
49288,0
49289,5
49290,0
49291,4
49292,0
49293,0
49294,0
49295,0
49296,3
49297,0
49298,0
49299,0
49300,0
49301,0
49302,2
49303,0
49304,0
49305,0
49306,0
49307,0
49308,0
49309,0
49310,0
49311,0
49312,0
49313,0
49314,0
49315,0
49316,0
49317,2
49318,0
49319,3
49320,0
49321,0
49322,0
49323,0
49324,0
49325,0
49326,0
49327,0
49328,3
49329,0
49330,0
49331,0
49332,0
49333,0
49334,0
49335,2
49336,0
49337,0
49338,0
49339,0
49340,0
49341,0
49342,0
49343,0
49344,0
49345,0
49346,3
49347,0
49348,3
49349,0
49350,0
49351,0
49352,0
49353,0
49354,0
49355,0
49356,0
49357,0
49358,0
49359,0
49360,0
49361,0
49362,0
49363,0
49364,0
49365,0
49366,0
49367,0
49368,0
49369,0
49370,0
49371,3
49372,0
49373,0
49374,0
49375,4
49376,0
49377,0
49378,0
49379,0
49380,0
49381,0
49382,0
49383,0
49384,0
49385,0
49386,0
49387,0
49388,0
49389,0
49390,0
49391,0
49392,0
49393,3
49394,5
49395,0
49396,0
49397,0
49398,0
49399,0
49400,0
49401,0
49402,0
49403,0
49404,0
49405,0
49406,0
49407,0
49408,0
49409,0
49410,0
49411,1
49412,0
49413,0
49414,0
49415,0
49416,0
49417,0
49418,0
49419,0
49420,0
49421,0
49422,0
49423,0
49424,0
49425,0
49426,0
49427,0
49428,6
49429,0
49430,0
49431,0
49432,0
49433,0
49434,5
49435,0
49436,0
49437,0
49438,0
49439,0
49440,0
49441,0
49442,0
49443,2
49444,1
49445,0
49446,0
49447,0
49448,4
49449,3
49450,0
49451,0
49452,10
49453,0
49454,0
49455,0
49456,0
49457,0
49458,0
49459,4
49460,4
49461,0
49462,5
49463,0
49464,0
49465,0
49466,0
49467,0
49468,1
49469,0
49470,0
49471,0
49472,0
49473,0
49474,0
49475,0
49476,0
49477,0
49478,3
49479,0
49480,0
49481,0
49482,0
49483,0
49484,0
49485,3
49486,0
49487,0
49488,0
49489,0
49490,0
49491,0
49492,0
49493,0
49494,0
49495,3
49496,0
49497,0
49498,0
49499,0
49500,0
49501,1
49502,0
49503,0
49504,0
49505,0
49506,1
49507,0
49508,0
49509,0
49510,0
49511,0
49512,0
49513,0
49514,0
49515,0
49516,0
49517,0
49518,0
49519,0
49520,0
49521,0
49522,0
49523,0
49524,0
49525,0
49526,0
49527,0
49528,0
49529,0
49530,0
49531,0
49532,0
49533,0
49534,0
49535,0
49536,0
49537,0
49538,0
49539,0
49540,0
49541,0
49542,0
49543,0
49544,0
49545,0
49546,0
49547,0
49548,0
49549,0
49550,0
49551,0
49552,0
49553,0
49554,0
49555,0
49556,0
49557,0
49558,0
49559,0
49560,0
49561,0
49562,0
49563,0
49564,0
49565,0
49566,0
49567,0
49568,0
49569,0
49570,0
49571,0
49572,0
49573,0
49574,0
49575,0
49576,0
49577,0
49578,0
49579,0
49580,0
49581,0
49582,0
49583,0
49584,0
49585,0
49586,0
49587,0
49588,0
49589,0
49590,0
49591,0
49592,0
49593,0
49594,0
49595,0
49596,0
49597,0
49598,0
49599,0
49600,0
49601,0
49602,0
49603,0
49604,0
49605,0
49606,0
49607,0
49608,0
49609,0
49610,0
49611,0
49612,0
49613,0
49614,0
49615,0
49616,0
49617,0
49618,0
49619,0
49620,0
49621,0
49622,0
49623,0
49624,0
49625,0
49626,0
49627,0
49628,0
49629,0
49630,0
49631,0
49632,0
49633,0
49634,0
49635,0
49636,0
49637,0
49638,0
49639,0
49640,0
49641,0
49642,0
49643,0
49644,0
49645,0
49646,0
49647,0
49648,0
49649,0
49650,0
49651,0
49652,0
49653,0
49654,0
49655,0
49656,0
49657,0
49658,0
49659,0
49660,0
49661,0
49662,0
49663,0
49664,0
49665,0
49666,0
49667,0
49668,0
49669,0
49670,0
49671,0
49672,0
49673,0
49674,0
49675,0
49676,0
49677,0
49678,0
49679,0
49680,0
49681,0
49682,0
49683,0
49684,0
49685,0
49686,0
49687,0
49688,0
49689,0
49690,0
49691,0
49692,0
49693,0
49694,0
49695,0
49696,0
49697,0
49698,0
49699,0
49700,0
49701,0
49702,0
49703,0
49704,0
49705,0
49706,0
49707,0
49708,0
49709,0
49710,0
49711,0
49712,0
49713,0
49714,0
49715,0
49716,0
49717,0
49718,0
49719,0
49720,0
49721,0
49722,0
49723,0
49724,0
49725,0
49726,0
49727,0
49728,0
49729,0
49730,0
49731,0
49732,0
49733,0
49734,0
49735,0
49736,0
49737,0
49738,0
49739,0
49740,0
49741,0
49742,0
49743,0
49744,0
49745,0
49746,0
49747,0
49748,0
49749,0
49750,0
49751,0
49752,0
49753,0
49754,0
49755,0
49756,0
49757,0
49758,0
49759,0
49760,0
49761,0
49762,0
49763,0
49764,0
49765,0
49766,0
49767,0
49768,0
49769,0
49770,0
49771,0
49772,0
49773,0
49774,0
49775,0
49776,0
49777,0
49778,0
49779,0
49780,0
49781,0
49782,0
49783,0
49784,0
49785,0
49786,0
49787,0
49788,0
49789,0
49790,0
49791,0
49792,0
49793,0
49794,0
49795,0
49796,0
49797,0
49798,0
49799,0
49800,0
49801,0
49802,0
49803,0
49804,0
49805,0
49806,0
49807,0
49808,0
49809,0
49810,0
49811,0
49812,0
49813,0
49814,0
49815,0
49816,0
49817,0
49818,0
49819,0
49820,0
49821,0
49822,0
49823,0
49824,0
49825,0
49826,0
49827,0
49828,0
49829,0
49830,0
49831,0
49832,0
49833,0
49834,0
49835,0
49836,0
49837,0
49838,0
49839,0
49840,0
49841,0
49842,0
49843,0
49844,0
49845,0
49846,0
49847,0
49848,0
49849,0
49850,0
49851,0
49852,0
49853,0
49854,0
49855,0
49856,0
49857,0
49858,0
49859,0
49860,0
49861,0
49862,0
49863,0
49864,0
49865,0
49866,0
49867,0
49868,0
49869,0
49870,0
49871,0
49872,0
49873,0
49874,0
49875,0
49876,0
49877,0
49878,0
49879,0
49880,0
49881,0
49882,0
49883,0
49884,0
49885,0
49886,0
49887,0
49888,0
49889,0
49890,0
49891,0
49892,0
49893,0
49894,0
49895,0
49896,0
49897,0
49898,0
49899,0
49900,1
49901,0
49902,0
49903,0
49904,0
49905,0
49906,0
49907,0
49908,0
49909,0
49910,0
49911,0
49912,0
49913,0
49914,0
49915,0
49916,0
49917,0
49918,0
49919,0
49920,0
49921,0
49922,0
49923,0
49924,0
49925,0
49926,0
49927,0
49928,0
49929,0
49930,0
49931,7
49932,0
49933,0
49934,0
49935,0
49936,0
49937,0
49938,0
49939,0
49940,0
49941,0
49942,6
49943,0
49944,0
49945,0
49946,0
49947,0
49948,0
49949,0
49950,0
49951,0
49952,0
49953,0
49954,0
49955,0
49956,0
49957,0
49958,0
49959,0
49960,0
49961,0
49962,5
49963,0
49964,0
49965,0
49966,4
49967,0
49968,0
49969,2
49970,0
49971,0
49972,0
49973,0
49974,0
49975,0
49976,0
49977,0
49978,0
49979,0
49980,0
49981,0
49982,0
49983,0
49984,0
49985,0
49986,0
49987,0
49988,3
49989,0
49990,0
49991,0
49992,0
49993,0
49994,1
49995,2
49996,5
49997,0
49998,0
49999,0
50000,0
50001,0
50002,0
50003,0
50004,0
50005,0
50006,0
50007,0
50008,3
50009,0
50010,0
50011,0
50012,0
50013,0
50014,0
50015,0
50016,0
50017,0
50018,0
50019,5
50020,0
50021,0
50022,0
50023,0
50024,0
50025,0
50026,0
50027,0
50028,0
50029,0
50030,0
50031,0
50032,0
50033,0
50034,0
50035,6
50036,3
50037,0
50038,0
50039,0
50040,0
50041,0
50042,0
50043,5
50044,0
50045,0
50046,0
50047,0
50048,0
50049,0
50050,0
50051,0
50052,0
50053,0
50054,1
50055,0
50056,0
50057,0
50058,0
50059,0
50060,0
50061,0
50062,0
50063,0
50064,0
50065,0
50066,0
50067,0
50068,0
50069,0
50070,5
50071,0
50072,6
50073,0
50074,0
50075,4
50076,0
50077,0
50078,0
50079,0
50080,0
50081,0
50082,0
50083,0
50084,0
50085,0
50086,0
50087,0
50088,0
50089,0
50090,0
50091,0
50092,0
50093,0
50094,0
50095,0
50096,0
50097,7
50098,0
50099,0
50100,0
50101,0
50102,0
50103,0
50104,0
50105,0
50106,0
50107,0
50108,1
50109,5
50110,0
50111,0
50112,0
50113,0
50114,0
50115,0
50116,0
50117,0
50118,0
50119,0
50120,0
50121,0
50122,0
50123,0
50124,0
50125,0
50126,0
50127,0
50128,2
50129,0
50130,0
50131,0
50132,0
50133,0
50134,0
50135,0
50136,0
50137,0
50138,0
50139,0
50140,0
50141,0
50142,0
50143,3
50144,3
50145,0
50146,0
50147,0
50148,6
50149,0
50150,0
50151,10
50152,0
50153,0
50154,0
50155,0
50156,0
50157,0
50158,0
50159,0
50160,0
50161,0
50162,0
50163,0
50164,0
50165,0
50166,0
50167,0
50168,0
50169,0
50170,5
50171,0
50172,0
50173,0
50174,0
50175,0
50176,0
50177,0
50178,0
50179,0
50180,3
50181,0
50182,0
50183,0
50184,0
50185,0
50186,0
50187,0
50188,0
50189,0
50190,0
50191,0
50192,0
50193,0
50194,0
50195,5
50196,5
50197,0
50198,0
50199,0
50200,0
50201,0
50202,0
50203,0
50204,5
50205,0
50206,0
50207,0
50208,0
50209,0
50210,0
50211,0
50212,0
50213,0
50214,0
50215,0
50216,0
50217,6
50218,0
50219,0
50220,0
50221,0
50222,0
50223,0
50224,0
50225,0
50226,0
50227,0
50228,0
50229,0
50230,0
50231,0
50232,0
50233,0
50234,0
50235,0
50236,0
50237,0
50238,0
50239,0
50240,0
50241,0
50242,0
50243,0
50244,5
50245,0
50246,0
50247,0
50248,0
50249,0
50250,0
50251,0
50252,0
50253,0
50254,0
50255,0
50256,0
50257,0
50258,0
50259,2
50260,0
50261,0
50262,0
50263,0
50264,0
50265,0
50266,0
50267,0
50268,0
50269,0
50270,0
50271,0
50272,0
50273,0
50274,0
50275,0
50276,0
50277,7
50278,0
50279,0
50280,0
50281,0
50282,0
50283,0
50284,0
50285,0
50286,0
50287,6
50288,0
50289,0
50290,0
50291,0
50292,0
50293,0
50294,0
50295,0
50296,0
50297,0
50298,0
50299,0
50300,0
50301,0
50302,0
50303,0
50304,0
50305,0
50306,0
50307,0
50308,0
50309,0
50310,0
50311,0
50312,0
50313,0
50314,40
50315,0
50316,0
50317,31
50318,0
50319,0
50320,0
50321,0
50322,0
50323,0
50324,0
50325,0
50326,0
50327,0
50328,0
50329,31
50330,0
50331,0
50332,0
50333,0
50334,0
50335,0
50336,31
50337,0
50338,0
50339,0
50340,0
50341,24
50342,0
50343,36
50344,0
50345,0
50346,0
50347,0
50348,17
50349,32
50350,29
50351,0
50352,0
50353,0
50354,0
50355,0
50356,0
50357,0
50358,0
50359,26
50360,0
50361,0
50362,0
50363,0
50364,0
50365,0
50366,0
50367,0
50368,0
50369,0
50370,31
50371,0
50372,0
50373,0
50374,0
50375,0
50376,26
50377,0
50378,0
50379,0
50380,0
50381,0
50382,0
50383,0
50384,0
50385,0
50386,0
50387,0
50388,29
50389,0
50390,0
50391,0
50392,0
50393,0
50394,0
50395,35
50396,0
50397,0
50398,0
50399,0
50400,0
50401,0
50402,0
50403,0
50404,0
50405,0
50406,0
50407,0
50408,0
50409,0
50410,0
50411,0
50412,0
50413,0
50414,26
50415,0
50416,0
50417,0
50418,30
50419,0
50420,27
50421,0
50422,0
50423,0
50424,0
50425,0
50426,0
50427,0
50428,0
50429,45
50430,0
50431,0
50432,0
50433,0
50434,0
50435,0
50436,21
50437,0
50438,0
50439,0
50440,0
50441,40
50442,27
50443,43
50444,24
50445,0
50446,35
50447,0
50448,0
50449,0
50450,0
50451,34
50452,30
50453,0
50454,33
50455,0
50456,0
50457,0
50458,0
50459,0
50460,0
50461,24
50462,0
50463,30
50464,0
50465,0
50466,0
50467,0
50468,0
50469,0
50470,0
50471,0
50472,0
50473,23
50474,0
50475,0
50476,0
50477,0
50478,0
50479,0
50480,36
50481,0
50482,35
50483,25
50484,30
50485,0
50486,0
50487,0
50488,28
50489,25
50490,0
50491,0
50492,27
50493,0
50494,0
50495,0
50496,0
50497,0
50498,0
50499,0
50500,0
50501,0
50502,41
50503,0
50504,0
50505,43
50506,0
50507,0
50508,0
50509,0
50510,0
50511,0
50512,0
50513,0
50514,0
50515,23
50516,0
50517,19
50518,0
50519,0
50520,0
50521,0
50522,0
50523,0
50524,0
50525,0
50526,0
50527,0
50528,0
50529,0
50530,32
50531,0
50532,0
50533,0
50534,0
50535,0
50536,0
50537,20
50538,22
50539,0
50540,0
50541,0
50542,17
50543,0
50544,0
50545,0
50546,26
50547,0
50548,0
50549,0
50550,0
50551,0
50552,0
50553,0
50554,0
50555,0
50556,0
50557,0
50558,0
50559,0
50560,0
50561,35
50562,0
50563,0
50564,0
50565,0
50566,0
50567,0
50568,28
50569,26
50570,0
50571,0
50572,33
50573,0
50574,0
50575,0
50576,0
50577,0
50578,0
50579,0
50580,0
50581,0
50582,0
50583,0
50584,27
50585,0
50586,35
50587,23
50588,0
50589,0
50590,0
50591,0
50592,0
50593,0
50594,0
50595,27
50596,0
50597,0
50598,0
50599,0
50600,0
50601,31
50602,0
50603,0
50604,0
50605,0
50606,33
50607,0
50608,25
50609,38
50610,0
50611,0
50612,0
50613,24
50614,0
50615,0
50616,16
50617,27
50618,39
50619,0
50620,0
50621,0
50622,0
50623,0
50624,24
50625,0
50626,21
50627,0
50628,0
50629,0
50630,0
50631,0
50632,0
50633,0
50634,0
50635,38
50636,0
50637,0
50638,0
50639,0
50640,42
50641,33
50642,38
50643,0
50644,0
50645,0
50646,17
50647,0
50648,0
50649,28
50650,27
50651,0
50652,0
50653,0
50654,34
50655,0
50656,0
50657,0
50658,0
50659,0
50660,0
50661,29
50662,0
50663,0
50664,0
50665,0
50666,37
50667,0
50668,37
50669,0
50670,19
50671,0
50672,0
50673,0
50674,0
50675,0
50676,43
50677,0
50678,0
50679,41
50680,0
50681,0
50682,0
50683,0
50684,32
50685,0
50686,0
50687,0
50688,0
50689,0
50690,0
50691,34
50692,37
50693,0
50694,30
50695,0
50696,0
50697,0
50698,0
50699,0
50700,0
50701,0
50702,0
50703,0
50704,33
50705,0
50706,31
50707,0
50708,0
50709,0
50710,29
50711,0
50712,0
50713,0
50714,0
50715,0
50716,0
50717,0
50718,0
50719,0
50720,39
50721,0
50722,0
50723,0
50724,0
50725,0
50726,0
50727,0
50728,0
50729,0
50730,35
50731,0
50732,0
50733,31
50734,34
50735,0
50736,0
50737,0
50738,0
50739,30
50740,0
50741,0
50742,0
50743,0
50744,0
50745,0
50746,0
50747,0
50748,25
50749,0
50750,0
50751,0
50752,0
50753,0
50754,0
50755,0
50756,34
50757,0
50758,0
50759,0
50760,0
50761,0
50762,0
50763,0
50764,29
50765,0
50766,0
50767,0
50768,0
50769,0
50770,0
50771,0
50772,0
50773,0
50774,0
50775,0
50776,43
50777,0
50778,0
50779,0
50780,0
50781,0
50782,0
50783,0
50784,0
50785,0
50786,0
50787,0
50788,0
50789,0
50790,0
50791,0
50792,0
50793,0
50794,0
50795,0
50796,24
50797,0
50798,0
50799,0
50800,0
50801,0
50802,0
50803,32
50804,0
50805,0
50806,0
50807,0
50808,29
50809,0
50810,0
50811,28
50812,0
50813,0
50814,0
50815,0
50816,0
50817,27
50818,0
50819,29
50820,0
50821,0
50822,0
50823,36
50824,34
50825,0
50826,0
50827,0
50828,0
50829,0
50830,0
50831,0
50832,0
50833,0
50834,0
50835,0
50836,0
50837,0
50838,0
50839,0
50840,0
50841,0
50842,0
50843,0
50844,0
50845,0
50846,0
50847,0
50848,0
50849,0
50850,0
50851,0
50852,0
50853,0
50854,0
50855,23
50856,40
50857,0
50858,0
50859,35
50860,0
50861,0
50862,0
50863,0
50864,0
50865,0
50866,0
50867,0
50868,0
50869,0
50870,0
50871,0
50872,0
50873,0
50874,0
50875,23
50876,0
50877,0
50878,0
50879,32
50880,0
50881,32
50882,0
50883,0
50884,0
50885,0
50886,0
50887,0
50888,0
50889,0
50890,0
50891,0
50892,0
50893,0
50894,0
50895,0
50896,0
50897,0
50898,0
50899,0
50900,0
50901,37
50902,44
50903,0
50904,0
50905,0
50906,0
50907,0
50908,0
50909,31
50910,0
50911,0
50912,0
50913,0
50914,0
50915,23
50916,0
50917,0
50918,28
50919,0
50920,0
50921,0
50922,34
50923,17
50924,37
50925,0
50926,24
50927,0
50928,0
50929,40
50930,0
50931,0
50932,33
50933,0
50934,0
50935,40
50936,0
50937,0
50938,0
50939,0
50940,0
50941,0
50942,0
50943,0
50944,0
50945,0
50946,0
50947,0
50948,0
50949,0
50950,0
50951,0
50952,0
50953,0
50954,0
50955,0
50956,0
50957,0
50958,0
50959,25
50960,0
50961,0
50962,0
50963,0
50964,0
50965,25
50966,0
50967,0
50968,0
50969,25
50970,0
50971,0
50972,0
50973,0
50974,25
50975,0
50976,0
50977,0
50978,0
50979,0
50980,0
50981,0
50982,45
50983,0
50984,0
50985,0
50986,0
50987,0
50988,0
50989,0
50990,0
50991,0
50992,40
50993,0
50994,27
50995,0
50996,0
50997,36
50998,0
50999,0
51000,33
51001,0
51002,0
51003,37
51004,0
51005,0
51006,0
51007,0
51008,0
51009,0
51010,0
51011,21
51012,0
51013,0
51014,0
51015,0
51016,0
51017,0
51018,0
51019,0
51020,23
51021,24
51022,0
51023,0
51024,0
51025,0
51026,0
51027,0
51028,0
51029,0
51030,0
51031,0
51032,0
51033,33
51034,0
51035,0
51036,0
51037,0
51038,0
51039,0
51040,0
51041,0
51042,0
51043,0
51044,0
51045,0
51046,32
51047,0
51048,0
51049,0
51050,37
51051,0
51052,0
51053,0
51054,0
51055,0
51056,0
51057,0
51058,33
51059,35
51060,36
51061,0
51062,0
51063,0
51064,18
51065,0
51066,0
51067,0
51068,29
51069,0
51070,0
51071,0
51072,0
51073,0
51074,0
51075,0
51076,0
51077,0
51078,0
51079,0
51080,0
51081,55
51082,0
51083,0
51084,0
51085,0
51086,0
51087,0
51088,0
51089,0
51090,0
51091,0
51092,47
51093,0
51094,53
51095,0
51096,0
51097,0
51098,23
51099,0
51100,0
51101,0
51102,0
51103,0
51104,0
51105,0
51106,0
51107,0
51108,0
51109,0
51110,0
51111,0
51112,40
51113,0
51114,0
51115,0
51116,0
51117,33
51118,0
51119,0
51120,25
51121,0
51122,35
51123,0
51124,0
51125,0
51126,0
51127,0
51128,0
51129,0
51130,44
51131,0
51132,0
51133,0
51134,0
51135,0
51136,0
51137,0
51138,0
51139,38
51140,0
51141,0
51142,0
51143,0
51144,0
51145,0
51146,0
51147,14
51148,0
51149,28
51150,0
51151,0
51152,0
51153,0
51154,0
51155,8
51156,15
51157,0
51158,0
51159,0
51160,0
51161,0
51162,0
51163,0
51164,0
51165,0
51166,0
51167,0
51168,0
51169,0
51170,0
51171,16
51172,18
51173,0
51174,7
51175,0
51176,17
51177,0
51178,49
51179,0
51180,0
51181,0
51182,0
51183,0
51184,0
51185,0
51186,0
51187,12
51188,0
51189,0
51190,17
51191,0
51192,20
51193,16
51194,19
51195,0
51196,0
51197,0
51198,0
51199,0
51200,0
51201,9
51202,0
51203,0
51204,0
51205,0
51206,0
51207,0
51208,0
51209,0
51210,0
51211,0
51212,0
51213,0
51214,0
51215,20
51216,0
51217,0
51218,0
51219,0
51220,0
51221,0
51222,0
51223,0
51224,0
51225,0
51226,0
51227,0
51228,0
51229,0
51230,0
51231,0
51232,0
51233,0
51234,16
51235,26
51236,0
51237,7
51238,33
51239,0
51240,22
51241,0
51242,0
51243,0
51244,0
51245,0
51246,9
51247,0
51248,6
51249,0
51250,0
51251,0
51252,0
51253,5
51254,10
51255,0
51256,0
51257,0
51258,1
51259,0
51260,0
51261,0
51262,0
51263,0
51264,0
51265,0
51266,0
51267,0
51268,0
51269,0
51270,0
51271,0
51272,0
51273,0
51274,0
51275,0
51276,0
51277,0
51278,0
51279,0
51280,0
51281,0
51282,4
51283,0
51284,0
51285,0
51286,0
51287,0
51288,0
51289,15
51290,0
51291,0
51292,0
51293,0
51294,3
51295,0
51296,0
51297,0
51298,0
51299,0
51300,0
51301,0
51302,0
51303,0
51304,0
51305,0
51306,6
51307,0
51308,7
51309,0
51310,4
51311,5
51312,0
51313,0
51314,0
51315,0
51316,0
51317,0
51318,0
51319,0
51320,0
51321,12
51322,0
51323,0
51324,0
51325,0
51326,0
51327,0
51328,0
51329,0
51330,0
51331,0
51332,0
51333,0
51334,0
51335,6
51336,0
51337,0
51338,0
51339,0
51340,0
51341,0
51342,12
51343,0
51344,0
51345,0
51346,0
51347,0
51348,0
51349,0
51350,0
51351,0
51352,0
51353,0
51354,0
51355,0
51356,8
51357,4
51358,0
51359,13
51360,0
51361,7
51362,0
51363,0
51364,0
51365,0
51366,9
51367,0
51368,0
51369,0
51370,1
51371,4
51372,0
51373,0
51374,0
51375,0
51376,0
51377,0
51378,13
51379,0
51380,0
51381,0
51382,12
51383,0
51384,0
51385,0
51386,0
51387,0
51388,0
51389,9
51390,0
51391,0
51392,0
51393,0
51394,0
51395,0
51396,8
51397,0
51398,0
51399,0
51400,0
51401,10
51402,0
51403,0
51404,0
51405,0
51406,0
51407,0
51408,0
51409,0
51410,0
51411,0
51412,0
51413,0
51414,0
51415,0
51416,0
51417,0
51418,7
51419,0
51420,0
51421,13
51422,0
51423,0
51424,0
51425,4
51426,0
51427,0
51428,0
51429,0
51430,0
51431,0
51432,0
51433,15
51434,0
51435,5
51436,0
51437,0
51438,0
51439,0
51440,0
51441,8
51442,0
51443,0
51444,0
51445,0
51446,0
51447,0
51448,0
51449,0
51450,0
51451,0
51452,0
51453,0
51454,0
51455,0
51456,0
51457,0
51458,0
51459,4
51460,0
51461,7
51462,0
51463,0
51464,0
51465,4
51466,6
51467,0
51468,0
51469,7
51470,7
51471,0
51472,4
51473,7
51474,0
51475,0
51476,0
51477,0
51478,0
51479,0
51480,0
51481,0
51482,0
51483,7
51484,0
51485,0
51486,0
51487,0
51488,6
51489,10
51490,0
51491,0
51492,0
51493,0
51494,0
51495,0
51496,0
51497,0
51498,0
51499,0
51500,0
51501,8
51502,0
51503,0
51504,0
51505,0
51506,0
51507,0
51508,0
51509,0
51510,0
51511,8
51512,0
51513,0
51514,0
51515,0
51516,0
51517,0
51518,9
51519,0
51520,0
51521,3
51522,0
51523,0
51524,0
51525,0
51526,7
51527,0
51528,0
51529,0
51530,6
51531,6
51532,0
51533,7
51534,0
51535,0
51536,0
51537,0
51538,0
51539,0
51540,0
51541,0
51542,0
51543,10
51544,0
51545,0
51546,0
51547,0
51548,0
51549,0
51550,14
51551,0
51552,0
51553,0
51554,0
51555,0
51556,0
51557,5
51558,0
51559,0
51560,6
51561,0
51562,0
51563,0
51564,0
51565,0
51566,0
51567,0
51568,0
51569,0
51570,0
51571,7
51572,0
51573,0
51574,0
51575,0
51576,0
51577,0
51578,0
51579,0
51580,0
51581,0
51582,10
51583,0
51584,7
51585,8
51586,0
51587,6
51588,0
51589,12
51590,0
51591,0
51592,0
51593,6
51594,0
51595,0
51596,0
51597,0
51598,5
51599,0
51600,0
51601,0
51602,0
51603,0
51604,6
51605,9
51606,0
51607,0
51608,0
51609,5
51610,0
51611,0
51612,0
51613,0
51614,5
51615,0
51616,0
51617,0
51618,17
51619,0
51620,0
51621,0
51622,0
51623,0
51624,0
51625,4
51626,0
51627,2
51628,0
51629,0
51630,0
51631,0
51632,0
51633,8
51634,0
51635,0
51636,0
51637,0
51638,0
51639,0
51640,0
51641,0
51642,3
51643,0
51644,2
51645,0
51646,0
51647,0
51648,17
51649,0
51650,0
51651,0
51652,33
51653,19
51654,0
51655,0
51656,0
51657,0
51658,0
51659,0
51660,0
51661,0
51662,0
51663,46
51664,0
51665,0
51666,0
51667,24
51668,16
51669,27
51670,0
51671,0
51672,23
51673,21
51674,0
51675,34
51676,0
51677,0
51678,0
51679,0
51680,0
51681,0
51682,0
51683,0
51684,31
51685,0
51686,28
51687,21
51688,27
51689,0
51690,0
51691,0
51692,0
51693,24
51694,0
51695,0
51696,29
51697,0
51698,0
51699,0
51700,0
51701,0
51702,0
51703,0
51704,0
51705,0
51706,0
51707,0
51708,0
51709,37
51710,0
51711,0
51712,0
51713,0
51714,30
51715,23
51716,0
51717,0
51718,0
51719,0
51720,32
51721,21
51722,0
51723,0
51724,0
51725,0
51726,0
51727,26
51728,0
51729,31
51730,24
51731,0
51732,0
51733,0
51734,29
51735,0
51736,0
51737,0
51738,0
51739,0
51740,0
51741,0
51742,0
51743,0
51744,0
51745,0
51746,0
51747,0
51748,19
51749,0
51750,0
51751,0
51752,0
51753,0
51754,28
51755,0
51756,0
51757,0
51758,0
51759,0
51760,0
51761,31
51762,0
51763,0
51764,0
51765,0
51766,0
51767,0
51768,0
51769,33
51770,43
51771,0
51772,0
51773,32
51774,0
51775,0
51776,0
51777,0
51778,0
51779,0
51780,0
51781,0
51782,0
51783,0
51784,28
51785,0
51786,0
51787,0
51788,24
51789,0
51790,0
51791,0
51792,0
51793,0
51794,0
51795,0
51796,0
51797,0
51798,0
51799,0
51800,23
51801,33
51802,27
51803,0
51804,0
51805,0
51806,0
51807,0
51808,0
51809,0
51810,0
51811,0
51812,0
51813,0
51814,0
51815,28
51816,0
51817,0
51818,0
51819,0
51820,0
51821,0
51822,23
51823,0
51824,0
51825,0
51826,22
51827,0
51828,19
51829,0
51830,33
51831,0
51832,0
51833,0
51834,0
51835,0
51836,0
51837,0
51838,28
51839,0
51840,0
51841,25
51842,39
51843,0
51844,0
51845,0
51846,0
51847,0
51848,0
51849,27
51850,32
51851,28
51852,20
51853,0
51854,0
51855,18
51856,0
51857,0
51858,0
51859,0
51860,0
51861,0
51862,0
51863,0
51864,0
51865,29
51866,0
51867,31
51868,37
51869,0
51870,0
51871,0
51872,0
51873,0
51874,0
51875,0
51876,0
51877,0
51878,28
51879,0
51880,0
51881,0
51882,0
51883,14
51884,0
51885,32
51886,0
51887,0
51888,0
51889,0
51890,0
51891,0
51892,0
51893,0
51894,0
51895,0
51896,0
51897,29
51898,0
51899,0
51900,0
51901,0
51902,0
51903,0
51904,0
51905,0
51906,0
51907,0
51908,23
51909,0
51910,0
51911,0
51912,0
51913,0
51914,36
51915,0
51916,0
51917,0
51918,17
51919,0
51920,0
51921,0
51922,0
51923,0
51924,23
51925,0
51926,0
51927,0
51928,28
51929,0
51930,0
51931,0
51932,0
51933,0
51934,0
51935,19
51936,21
51937,37
51938,0
51939,0
51940,0
51941,0
51942,0
51943,27
51944,0
51945,0
51946,0
51947,0
51948,0
51949,20
51950,0
51951,0
51952,0
51953,0
51954,0
51955,0
51956,0
51957,0
51958,28
51959,0
51960,0
51961,31
51962,0
51963,0
51964,33
51965,0
51966,0
51967,0
51968,0
51969,0
51970,24
51971,0
51972,0
51973,0
51974,0
51975,31
51976,0
51977,0
51978,0
51979,0
51980,0
51981,30
51982,0
51983,0
51984,0
51985,0
51986,0
51987,0
51988,0
51989,0
51990,27
51991,0
51992,29
51993,42
51994,0
51995,0
51996,28
51997,0
51998,0
51999,0
52000,0
52001,0
52002,0
52003,22
52004,19
52005,0
52006,0
52007,0
52008,0
52009,32
52010,0
52011,0
52012,0
52013,22
52014,0
52015,19
52016,0
52017,22
52018,0
52019,20
52020,0
52021,0
52022,0
52023,0
52024,0
52025,0
52026,0
52027,0
52028,0
52029,0
52030,0
52031,0
52032,0
52033,0
52034,0
52035,0
52036,0
52037,25
52038,0
52039,0
52040,0
52041,0
52042,0
52043,25
52044,0
52045,0
52046,0
52047,0
52048,0
52049,0
52050,0
52051,38
52052,24
52053,0
52054,0
52055,0
52056,28
52057,0
52058,0
52059,0
52060,0
52061,0
52062,0
52063,0
52064,0
52065,0
52066,0
52067,0
52068,0
52069,0
52070,18
52071,0
52072,32
52073,0
52074,0
52075,30
52076,0
52077,0
52078,27
52079,0
52080,0
52081,0
52082,26
52083,0
52084,0
52085,35
52086,21
52087,0
52088,29
52089,0
52090,0
52091,0
52092,23
52093,0
52094,0
52095,0
52096,0
52097,0
52098,0
52099,0
52100,0
52101,0
52102,0
52103,0
52104,0
52105,37
52106,0
52107,0
52108,0
52109,0
52110,0
52111,21
52112,31
52113,28
52114,0
52115,0
52116,0
52117,0
52118,0
52119,22
52120,0
52121,0
52122,0
52123,0
52124,0
52125,0
52126,0
52127,0
52128,0
52129,0
52130,0
52131,0
52132,0
52133,0
52134,0
52135,0
52136,0
52137,0
52138,0
52139,0
52140,0
52141,0
52142,0
52143,26
52144,0
52145,0
52146,0
52147,0
52148,0
52149,0
52150,0
52151,0
52152,0
52153,0
52154,0
52155,0
52156,0
52157,0
52158,0
52159,28
52160,0
52161,0
52162,0
52163,0
52164,0
52165,0
52166,0
52167,30
52168,0
52169,37
52170,0
52171,0
52172,24
52173,0
52174,28
52175,0
52176,0
52177,0
52178,0
52179,0
52180,0
52181,0
52182,12
52183,0
52184,0
52185,0
52186,0
52187,21
52188,0
52189,0
52190,0
52191,24
52192,0
52193,0
52194,20
52195,0
52196,0
52197,0
52198,34
52199,0
52200,0
52201,0
52202,0
52203,0
52204,27
52205,0
52206,0
52207,0
52208,0
52209,0
52210,39
52211,0
52212,32
52213,24
52214,0
52215,0
52216,32
52217,20
52218,0
52219,0
52220,0
52221,0
52222,0
52223,0
52224,0
52225,0
52226,0
52227,0
52228,35
52229,34
52230,0
52231,0
52232,27
52233,0
52234,16
52235,0
52236,0
52237,0
52238,0
52239,0
52240,0
52241,0
52242,0
52243,18
52244,0
52245,0
52246,0
52247,0
52248,24
52249,0
52250,0
52251,0
52252,0
52253,0
52254,0
52255,0
52256,0
52257,0
52258,21
52259,0
52260,24
52261,15
52262,0
52263,0
52264,12
52265,0
52266,0
52267,0
52268,0
52269,0
52270,0
52271,0
52272,28
52273,21
52274,0
52275,23
52276,0
52277,0
52278,0
52279,0
52280,0
52281,21
52282,0
52283,0
52284,0
52285,24
52286,0
52287,0
52288,26
52289,0
52290,0
52291,0
52292,0
52293,0
52294,22
52295,0
52296,0
52297,0
52298,0
52299,4
52300,0
52301,4
52302,0
52303,0
52304,1
52305,0
52306,8
52307,4
52308,0
52309,0
52310,0
52311,1
52312,0
52313,0
52314,2
52315,0
52316,0
52317,0
52318,0
52319,0
52320,0
52321,2
52322,0
52323,0
52324,2
52325,0
52326,0
52327,1
52328,0
52329,0
52330,0
52331,1
52332,0
52333,0
52334,0
52335,0
52336,0
52337,0
52338,0
52339,0
52340,0
52341,0
52342,1
52343,0
52344,4
52345,0
52346,3
52347,0
52348,1
52349,0
52350,3
52351,1
52352,0
52353,0
52354,0
52355,0
52356,0
52357,0
52358,0
52359,2
52360,1
52361,0
52362,0
52363,0
52364,0
52365,0
52366,0
52367,0
52368,2
52369,0
52370,0
52371,0
52372,0
52373,0
52374,0
52375,0
52376,0
52377,3
52378,2
52379,0
52380,0
52381,0
52382,0
52383,0
52384,0
52385,0
52386,0
52387,0
52388,0
52389,0
52390,0
52391,2
52392,0
52393,1
52394,0
52395,0
52396,0
52397,0
52398,0
52399,0
52400,0
52401,0
52402,3
52403,0
52404,0
52405,0
52406,0
52407,0
52408,0
52409,0
52410,1
52411,1
52412,0
52413,0
52414,3
52415,0
52416,0
52417,0
52418,4
52419,0
52420,0
52421,1
52422,5
52423,0
52424,0
52425,0
52426,0
52427,0
52428,0
52429,2
52430,0
52431,0
52432,0
52433,4
52434,3
52435,3
52436,0
52437,0
52438,0
52439,0
52440,2
52441,0
52442,0
52443,0
52444,3
52445,0
52446,0
52447,1
52448,2
52449,0
52450,0
52451,0
52452,0
52453,0
52454,0
52455,0
52456,0
52457,3
52458,0
52459,0
52460,0
52461,0
52462,0
52463,0
52464,0
52465,0
52466,0
52467,0
52468,0
52469,1
52470,0
52471,0
52472,0
52473,4
52474,0
52475,6
52476,0
52477,3
52478,0
52479,0
52480,0
52481,2
52482,0
52483,0
52484,4
52485,0
52486,0
52487,0
52488,0
52489,2
52490,0
52491,0
52492,0
52493,0
52494,0
52495,0
52496,0
52497,0
52498,1
52499,0
52500,0
52501,0
52502,0
52503,0
52504,1
52505,0
52506,0
52507,0
52508,0
52509,0
52510,2
52511,0
52512,2
52513,1
52514,0
52515,1
52516,0
52517,2
52518,0
52519,0
52520,0
52521,0
52522,0
52523,0
52524,0
52525,3
52526,0
52527,0
52528,0
52529,0
52530,3
52531,0
52532,0
52533,0
52534,0
52535,0
52536,0
52537,0
52538,0
52539,0
52540,0
52541,0
52542,0
52543,0
52544,0
52545,4
52546,0
52547,4
52548,0
52549,4
52550,0
52551,3
52552,0
52553,3
52554,0
52555,1
52556,0
52557,0
52558,0
52559,0
52560,0
52561,0
52562,3
52563,0
52564,0
52565,0
52566,0
52567,3
52568,3
52569,0
52570,0
52571,0
52572,0
52573,0
52574,0
52575,0
52576,0
52577,0
52578,2
52579,2
52580,0
52581,0
52582,0
52583,0
52584,3
52585,0
52586,0
52587,0
52588,0
52589,0
52590,4
52591,0
52592,0
52593,0
52594,0
52595,0
52596,0
52597,0
52598,0
52599,0
52600,0
52601,0
52602,2
52603,0
52604,0
52605,0
52606,3
52607,1
52608,0
52609,1
52610,2
52611,0
52612,0
52613,0
52614,1
52615,0
52616,0
52617,0
52618,5
52619,0
52620,0
52621,0
52622,0
52623,0
52624,0
52625,0
52626,0
52627,0
52628,2
52629,0
52630,0
52631,0
52632,0
52633,0
52634,0
52635,0
52636,1
52637,0
52638,0
52639,1
52640,0
52641,1
52642,0
52643,3
52644,0
52645,0
52646,0
52647,0
52648,0
52649,0
52650,0
52651,0
52652,1
52653,0
52654,0
52655,0
52656,1
52657,0
52658,0
52659,0
52660,0
52661,5
52662,0
52663,0
52664,0
52665,0
52666,1
52667,3
52668,0
52669,0
52670,1
52671,0
52672,0
52673,0
52674,4
52675,0
52676,0
52677,0
52678,0
52679,0
52680,0
52681,3
52682,0
52683,0
52684,0
52685,0
52686,0
52687,1
52688,3
52689,0
52690,0
52691,0
52692,0
52693,0
52694,0
52695,2
52696,0
52697,0
52698,0
52699,0
52700,1
52701,0
52702,0
52703,0
52704,0
52705,0
52706,0
52707,0
52708,0
52709,0
52710,0
52711,0
52712,0
52713,0
52714,0
52715,2
52716,1
52717,0
52718,0
52719,0
52720,0
52721,0
52722,0
52723,0
52724,0
52725,0
52726,2
52727,0
52728,0
52729,0
52730,0
52731,0
52732,0
52733,0
52734,0
52735,0
52736,0
52737,0
52738,0
52739,0
52740,3
52741,0
52742,1
52743,0
52744,0
52745,0
52746,0
52747,0
52748,0
52749,0
52750,0
52751,0
52752,1
52753,0
52754,0
52755,0
52756,0
52757,0
52758,0
52759,0
52760,0
52761,0
52762,0
52763,1
52764,1
52765,0
52766,0
52767,1
52768,0
52769,2
52770,0
52771,0
52772,1
52773,0
52774,0
52775,0
52776,4
52777,0
52778,0
52779,0
52780,0
52781,3
52782,0
52783,0
52784,6
52785,4
52786,2
52787,5
52788,0
52789,4
52790,4
52791,0
52792,0
52793,1
52794,5
52795,0
52796,1
52797,0
52798,0
52799,0
52800,0
52801,1
52802,1
52803,0
52804,0
52805,1
52806,0
52807,0
52808,1
52809,0
52810,0
52811,0
52812,0
52813,0
52814,1
52815,0
52816,0
52817,0
52818,0
52819,1
52820,0
52821,0
52822,3
52823,0
52824,0
52825,0
52826,0
52827,0
52828,4
52829,0
52830,0
52831,1
52832,5
52833,0
52834,0
52835,0
52836,4
52837,0
52838,0
52839,0
52840,0
52841,2
52842,0
52843,1
52844,4
52845,3
52846,0
52847,2
52848,0
52849,1
52850,1
52851,0
52852,0
52853,0
52854,4
52855,0
52856,0
52857,0
52858,1
52859,0
52860,3
52861,0
52862,0
52863,0
52864,0
52865,2
52866,0
52867,0
52868,0
52869,2
52870,0
52871,0
52872,0
52873,0
52874,0
52875,0
52876,0
52877,0
52878,0
52879,0
52880,0
52881,0
52882,0
52883,0
52884,0
52885,0
52886,0
52887,2
52888,0
52889,0
52890,0
52891,0
52892,0
52893,0
52894,0
52895,3
52896,0
52897,3
52898,3
52899,1
52900,0
52901,2
52902,0
52903,0
52904,0
52905,1
52906,0
52907,3
52908,0
52909,0
52910,0
52911,1
52912,0
52913,0
52914,0
52915,1
52916,0
52917,0
52918,3
52919,0
52920,3
52921,1
52922,0
52923,0
52924,0
52925,0
52926,0
52927,2
52928,0
52929,0
52930,0
52931,0
52932,0
52933,3
52934,2
52935,0
52936,0
52937,0
52938,0
52939,1
52940,0
52941,0
52942,0
52943,0
52944,1
52945,0
52946,0
52947,0
52948,0
52949,0
52950,0
52951,0
52952,0
52953,0
52954,0
52955,1
52956,0
52957,0
52958,0
52959,0
52960,3
52961,0
52962,0
52963,0
52964,0
52965,0
52966,0
52967,0
52968,0
52969,0
52970,5
52971,0
52972,0
52973,0
52974,1
52975,0
52976,0
52977,0
52978,0
52979,0
52980,0
52981,5
52982,0
52983,0
52984,0
52985,0
52986,0
52987,2
52988,0
52989,0
52990,0
52991,0
52992,0
52993,0
52994,0
52995,0
52996,0
52997,0
52998,0
52999,1
53000,0
53001,0
53002,0
53003,0
53004,0
53005,0
53006,4
53007,2
53008,0
53009,0
53010,0
53011,0
53012,0
53013,0
53014,0
53015,0
53016,0
53017,0
53018,0
53019,0
53020,2
53021,4
53022,4
53023,1
53024,0
53025,0
53026,0
53027,0
53028,0
53029,0
53030,3
53031,2
53032,0
53033,0
53034,0
53035,1
53036,0
53037,0
53038,1
53039,0
53040,0
53041,0
53042,4
53043,0
53044,0
53045,0
53046,0
53047,0
53048,0
53049,0
53050,0
53051,0
53052,0
53053,0
53054,0
53055,0
53056,0
53057,0
53058,1
53059,1
53060,3
53061,0
53062,0
53063,0
53064,0
53065,0
53066,0
53067,0
53068,0
53069,0
53070,0
53071,1
53072,0
53073,0
53074,0
53075,0
53076,0
53077,1
53078,4
53079,0
53080,0
53081,1
53082,0
53083,0
53084,0
53085,0
53086,0
53087,0
53088,0
53089,2
53090,0
53091,0
53092,1
53093,0
53094,0
53095,0
53096,0
53097,0
53098,0
53099,0
53100,0
53101,0
53102,0
53103,0
53104,0
53105,0
53106,0
53107,0
53108,0
53109,0
53110,0
53111,0
53112,0
53113,0
53114,0
53115,0
53116,0
53117,0
53118,0
53119,0
53120,2
53121,0
53122,0
53123,0
53124,0
53125,0
53126,0
53127,0
53128,0
53129,0
53130,0
53131,0
53132,0
53133,0
53134,1
53135,1
53136,0
53137,0
53138,0
53139,0
53140,0
53141,0
53142,0
53143,0
53144,0
53145,0
53146,0
53147,0
53148,1
53149,0
53150,0
53151,0
53152,0
53153,0
53154,2
53155,0
53156,0
53157,0
53158,0
53159,0
53160,0
53161,0
53162,0
53163,0
53164,0
53165,0
53166,0
53167,0
53168,0
53169,0
53170,0
53171,0
53172,0
53173,0
53174,0
53175,0
53176,0
53177,0
53178,0
53179,0
53180,0
53181,1
53182,0
53183,0
53184,0
53185,0
53186,0
53187,0
53188,0
53189,0
53190,0
53191,0
53192,0
53193,0
53194,0
53195,0
53196,0
53197,0
53198,0
53199,0
53200,0
53201,0
53202,1
53203,0
53204,0
53205,0
53206,0
53207,0
53208,0
53209,0
53210,0
53211,0
53212,0
53213,0
53214,0
53215,0
53216,0
53217,0
53218,0
53219,0
53220,0
53221,0
53222,0
53223,0
53224,0
53225,0
53226,0
53227,0
53228,0
53229,0
53230,0
53231,0
53232,0
53233,0
53234,0
53235,0
53236,0
53237,0
53238,0
53239,0
53240,0
53241,0
53242,0
53243,0
53244,0
53245,0
53246,0
53247,0
53248,0
53249,0
53250,1
53251,1
53252,2
53253,1
53254,2
53255,0
53256,0
53257,0
53258,2
53259,0
53260,0
53261,0
53262,0
53263,0
53264,2
53265,0
53266,0
53267,0
53268,0
53269,0
53270,0
53271,1
53272,0
53273,0
53274,0
53275,0
53276,0
53277,0
53278,0
53279,0
53280,0
53281,0
53282,0
53283,0
53284,0
53285,0
53286,2
53287,0
53288,1
53289,0
53290,0
53291,0
53292,0
53293,0
53294,0
53295,0
53296,0
53297,0
53298,0
53299,0
53300,0
53301,0
53302,0
53303,0
53304,0
53305,0
53306,0
53307,0
53308,0
53309,0
53310,2
53311,2
53312,0
53313,0
53314,0
53315,0
53316,0
53317,0
53318,0
53319,0
53320,0
53321,0
53322,0
53323,0
53324,0
53325,0
53326,0
53327,0
53328,0
53329,0
53330,0
53331,0
53332,0
53333,0
53334,0
53335,0
53336,0
53337,0
53338,0
53339,0
53340,0
53341,0
53342,0
53343,0
53344,0
53345,0
53346,0
53347,0
53348,0
53349,0
53350,0
53351,0
53352,1
53353,1
53354,0
53355,0
53356,0
53357,0
53358,0
53359,0
53360,1
53361,0
53362,0
53363,0
53364,0
53365,0
53366,0
53367,0
53368,0
53369,0
53370,0
53371,0
53372,0
53373,2
53374,0
53375,0
53376,0
53377,0
53378,0
53379,0
53380,0
53381,0
53382,0
53383,0
53384,0
53385,0
53386,0
53387,0
53388,0
53389,0
53390,0
53391,0
53392,0
53393,0
53394,0
53395,0
53396,0
53397,0
53398,0
53399,0
53400,0
53401,0
53402,0
53403,2
53404,1
53405,0
53406,0
53407,0
53408,2
53409,0
53410,0
53411,0
53412,0
53413,0
53414,0
53415,0
53416,0
53417,0
53418,0
53419,0
53420,0
53421,0
53422,0
53423,0
53424,0
53425,0
53426,0
53427,0
53428,0
53429,0
53430,0
53431,0
53432,0
53433,0
53434,0
53435,0
53436,0
53437,0
53438,0
53439,0
53440,0
53441,0
53442,2
53443,1
53444,1
53445,0
53446,0
53447,0
53448,0
53449,0
53450,0
53451,0
53452,0
53453,0
53454,0
53455,0
53456,0
53457,0
53458,0
53459,0
53460,0
53461,0
53462,0
53463,0
53464,1
53465,0
53466,0
53467,0
53468,0
53469,0
53470,0
53471,1
53472,0
53473,0
53474,0
53475,2
53476,1
53477,0
53478,0
53479,0
53480,0
53481,0
53482,0
53483,0
53484,0
53485,0
53486,0
53487,1
53488,2
53489,1
53490,0
53491,0
53492,0
53493,0
53494,0
53495,0
53496,0
53497,0
53498,0
53499,0
53500,0
53501,0
53502,0
53503,0
53504,1
53505,0
53506,3
53507,0
53508,0
53509,0
53510,0
53511,0
53512,0
53513,0
53514,0
53515,0
53516,1
53517,0
53518,0
53519,0
53520,0
53521,0
53522,0
53523,3
53524,0
53525,0
53526,0
53527,0
53528,0
53529,0
53530,0
53531,0
53532,0
53533,0
53534,0
53535,0
53536,0
53537,0
53538,0
53539,0
53540,0
53541,0
53542,0
53543,0
53544,0
53545,0
53546,0
53547,0
53548,3
53549,0
53550,0
53551,0
53552,0
53553,0
53554,0
53555,0
53556,0
53557,0
53558,0
53559,0
53560,0
53561,0
53562,1
53563,3
53564,0
53565,1
53566,0
53567,0
53568,1
53569,0
53570,0
53571,0
53572,0
53573,0
53574,1
53575,0
53576,0
53577,0
53578,0
53579,3
53580,0
53581,0
53582,0
53583,0
53584,0
53585,0
53586,1
53587,0
53588,0
53589,0
53590,0
53591,0
53592,0
53593,0
53594,0
53595,0
53596,0
53597,0
53598,0
53599,0
53600,0
53601,0
53602,0
53603,0
53604,0
53605,0
53606,0
53607,0
53608,0
53609,0
53610,0
53611,1
53612,0
53613,0
53614,1
53615,0
53616,0
53617,0
53618,0
53619,0
53620,0
53621,0
53622,0
53623,0
53624,0
53625,0
53626,0
53627,0
53628,2
53629,0
53630,1
53631,0
53632,0
53633,0
53634,0
53635,0
53636,0
53637,0
53638,0
53639,0
53640,0
53641,0
53642,0
53643,0
53644,0
53645,1
53646,0
53647,0
53648,0
53649,0
53650,0
53651,0
53652,0
53653,0
53654,0
53655,0
53656,2
53657,0
53658,2
53659,0
53660,0
53661,0
53662,0
53663,0
53664,0
53665,0
53666,0
53667,0
53668,0
53669,0
53670,0
53671,0
53672,0
53673,0
53674,0
53675,0
53676,0
53677,0
53678,1
53679,0
53680,0
53681,0
53682,0
53683,0
53684,0
53685,0
53686,0
53687,0
53688,0
53689,0
53690,0
53691,0
53692,0
53693,1
53694,0
53695,0
53696,0
53697,0
53698,0
53699,0
53700,0
53701,0
53702,1
53703,0
53704,1
53705,0
53706,0
53707,0
53708,0
53709,0
53710,0
53711,0
53712,0
53713,0
53714,0
53715,1
53716,0
53717,0
53718,0
53719,3
53720,0
53721,2
53722,0
53723,0
53724,0
53725,0
53726,0
53727,0
53728,0
53729,0
53730,2
53731,0
53732,0
53733,0
53734,0
53735,0
53736,0
53737,1
53738,1
53739,0
53740,0
53741,0
53742,0
53743,0
53744,0
53745,0
53746,0
53747,0
53748,0
53749,0
53750,0
53751,0
53752,2
53753,0
53754,0
53755,0
53756,0
53757,0
53758,0
53759,0
53760,2
53761,0
53762,0
53763,1
53764,2
53765,0
53766,2
53767,0
53768,0
53769,0
53770,0
53771,0
53772,0
53773,0
53774,0
53775,0
53776,0
53777,0
53778,0
53779,0
53780,0
53781,0
53782,1
53783,0
53784,0
53785,0
53786,0
53787,0
53788,0
53789,0
53790,0
53791,0
53792,0
53793,0
53794,2
53795,0
53796,0
53797,0
53798,0
53799,0
53800,0
53801,3
53802,0
53803,0
53804,0
53805,1
53806,0
53807,0
53808,0
53809,0
53810,0
53811,0
53812,0
53813,0
53814,0
53815,0
53816,0
53817,0
53818,0
53819,0
53820,2
53821,1
53822,0
53823,0
53824,0
53825,3
53826,0
53827,0
53828,0
53829,0
53830,0
53831,0
53832,0
53833,0
53834,0
53835,0
53836,0
53837,1
53838,0
53839,0
53840,0
53841,1
53842,0
53843,0
53844,0
53845,0
53846,0
53847,0
53848,0
53849,0
53850,0
53851,0
53852,0
53853,0
53854,0
53855,0
53856,0
53857,0
53858,0
53859,1
53860,0
53861,2
53862,0
53863,0
53864,0
53865,0
53866,1
53867,0
53868,0
53869,0
53870,0
53871,0
53872,0
53873,0
53874,0
53875,0
53876,0
53877,0
53878,0
53879,0
53880,2
53881,0
53882,0
53883,0
53884,2
53885,0
53886,0
53887,0
53888,1
53889,0
53890,0
53891,0
53892,1
53893,0
53894,0
53895,0
53896,0
53897,0
53898,0
53899,0
53900,0
53901,0
53902,0
53903,0
53904,0
53905,0
53906,0
53907,0
53908,0
53909,0
53910,0
53911,0
53912,0
53913,0
53914,0
53915,0
53916,0
53917,0
53918,0
53919,1
53920,0
53921,0
53922,1
53923,0
53924,0
53925,2
53926,0
53927,0
53928,0
53929,1
53930,0
53931,0
53932,0
53933,2
53934,0
53935,0
53936,0
53937,0
53938,0
53939,0
53940,0
53941,0
53942,0
53943,0
53944,0
53945,0
53946,0
53947,3
53948,0
53949,0
53950,0
53951,0
53952,0
53953,0
53954,0
53955,1
53956,0
53957,0
53958,0
53959,0
53960,0
53961,4
53962,0
53963,0
53964,1
53965,0
53966,0
53967,0
53968,0
53969,0
53970,3
53971,0
53972,0
53973,0
53974,0
53975,0
53976,0
53977,0
53978,0
53979,0
53980,2
53981,0
53982,0
53983,0
53984,0
53985,1
53986,0
53987,0
53988,0
53989,0
53990,0
53991,0
53992,0
53993,2
53994,1
53995,0
53996,0
53997,0
53998,0
53999,0
54000,0
54001,0
54002,0
54003,0
54004,0
54005,0
54006,0
54007,0
54008,0
54009,3
54010,0
54011,0
54012,0
54013,0
54014,0
54015,1
54016,0
54017,0
54018,0
54019,0
54020,0
54021,0
54022,3
54023,0
54024,0
54025,2
54026,0
54027,1
54028,0
54029,0
54030,0
54031,0
54032,0
54033,0
54034,0
54035,0
54036,0
54037,0
54038,0
54039,0
54040,4
54041,0
54042,1
54043,0
54044,2
54045,0
54046,0
54047,0
54048,0
54049,0
54050,1
54051,0
54052,0
54053,0
54054,0
54055,0
54056,0
54057,0
54058,0
54059,0
54060,2
54061,0
54062,1
54063,0
54064,0
54065,0
54066,2
54067,0
54068,0
54069,0
54070,0
54071,0
54072,0
54073,0
54074,0
54075,0
54076,0
54077,2
54078,0
54079,0
54080,0
54081,0
54082,0
54083,0
54084,0
54085,0
54086,0
54087,0
54088,0
54089,0
54090,0
54091,0
54092,0
54093,0
54094,0
54095,0
54096,0
54097,4
54098,0
54099,0
54100,4
54101,0
54102,0
54103,0
54104,0
54105,0
54106,0
54107,0
54108,0
54109,0
54110,0
54111,0
54112,0
54113,0
54114,0
54115,1
54116,0
54117,0
54118,2
54119,0
54120,0
54121,0
54122,0
54123,0
54124,0
54125,1
54126,0
54127,0
54128,0
54129,0
54130,0
54131,0
54132,3
54133,0
54134,0
54135,3
54136,0
54137,0
54138,0
54139,0
54140,0
54141,0
54142,0
54143,0
54144,0
54145,0
54146,0
54147,0
54148,3
54149,0
54150,0
54151,0
54152,0
54153,0
54154,0
54155,1
54156,0
54157,0
54158,0
54159,0
54160,0
54161,0
54162,0
54163,0
54164,0
54165,0
54166,0
54167,0
54168,0
54169,0
54170,0
54171,0
54172,0
54173,2
54174,0
54175,0
54176,0
54177,0
54178,0
54179,0
54180,0
54181,0
54182,0
54183,0
54184,0
54185,0
54186,0
54187,0
54188,0
54189,0
54190,2
54191,2
54192,5
54193,0
54194,0
54195,0
54196,1
54197,0
54198,0
54199,0
54200,2
54201,0
54202,0
54203,0
54204,0
54205,0
54206,1
54207,0
54208,0
54209,0
54210,0
54211,0
54212,2
54213,0
54214,0
54215,0
54216,0
54217,0
54218,0
54219,0
54220,0
54221,1
54222,0
54223,0
54224,0
54225,0
54226,0
54227,0
54228,0
54229,0
54230,0
54231,0
54232,0
54233,0
54234,0
54235,0
54236,0
54237,3
54238,0
54239,1
54240,0
54241,2
54242,0
54243,0
54244,3
54245,0
54246,2
54247,0
54248,0
54249,0
54250,3
54251,0
54252,0
54253,0
54254,0
54255,3
54256,0
54257,4
54258,0
54259,0
54260,0
54261,0
54262,0
54263,1
54264,0
54265,0
54266,2
54267,0
54268,0
54269,0
54270,0
54271,0
54272,0
54273,0
54274,0
54275,0
54276,0
54277,1
54278,2
54279,0
54280,0
54281,0
54282,0
54283,2
54284,4
54285,0
54286,2
54287,0
54288,0
54289,0
54290,0
54291,0
54292,0
54293,1
54294,0
54295,0
54296,0
54297,1
54298,0
54299,0
54300,0
54301,0
54302,3
54303,0
54304,3
54305,0
54306,0
54307,0
54308,0
54309,0
54310,0
54311,0
54312,0
54313,0
54314,0
54315,0
54316,0
54317,0
54318,0
54319,0
54320,0
54321,2
54322,0
54323,0
54324,0
54325,0
54326,0
54327,0
54328,0
54329,0
54330,2
54331,0
54332,0
54333,0
54334,0
54335,0
54336,0
54337,0
54338,0
54339,0
54340,0
54341,0
54342,0
54343,0
54344,3
54345,0
54346,0
54347,1
54348,0
54349,0
54350,0
54351,0
54352,0
54353,0
54354,0
54355,0
54356,0
54357,2
54358,0
54359,0
54360,0
54361,3
54362,0
54363,0
54364,0
54365,0
54366,0
54367,0
54368,0
54369,0
54370,2
54371,0
54372,0
54373,0
54374,0
54375,0
54376,2
54377,0
54378,0
54379,0
54380,0
54381,0
54382,0
54383,0
54384,0
54385,0
54386,0
54387,0
54388,0
54389,0
54390,0
54391,0
54392,0
54393,0
54394,0
54395,0
54396,0
54397,0
54398,0
54399,0
54400,0
54401,0
54402,1
54403,0
54404,0
54405,2
54406,0
54407,0
54408,0
54409,0
54410,0
54411,0
54412,0
54413,3
54414,1
54415,0
54416,0
54417,1
54418,0
54419,2
54420,0
54421,0
54422,0
54423,1
54424,0
54425,0
54426,0
54427,0
54428,0
54429,0
54430,0
54431,0
54432,0
54433,0
54434,0
54435,0
54436,0
54437,2
54438,0
54439,0
54440,2
54441,0
54442,0
54443,1
54444,0
54445,0
54446,0
54447,0
54448,0
54449,0
54450,0
54451,0
54452,0
54453,1
54454,0
54455,0
54456,0
54457,0
54458,0
54459,0
54460,0
54461,0
54462,0
54463,0
54464,0
54465,0
54466,0
54467,2
54468,2
54469,0
54470,0
54471,0
54472,0
54473,0
54474,0
54475,0
54476,0
54477,0
54478,0
54479,4
54480,0
54481,1
54482,0
54483,0
54484,0
54485,0
54486,0
54487,0
54488,0
54489,3
54490,2
54491,3
54492,0
54493,3
54494,1
54495,0
54496,0
54497,0
54498,0
54499,0
54500,0
54501,0
54502,0
54503,1
54504,0
54505,0
54506,0
54507,2
54508,0
54509,0
54510,0
54511,0
54512,0
54513,0
54514,0
54515,0
54516,0
54517,0
54518,0
54519,0
54520,0
54521,0
54522,0
54523,0
54524,0
54525,0
54526,0
54527,0
54528,0
54529,0
54530,0
54531,0
54532,0
54533,1
54534,0
54535,0
54536,0
54537,0
54538,0
54539,0
54540,0
54541,0
54542,0
54543,0
54544,0
54545,0
54546,0
54547,0
54548,0
54549,0
54550,0
54551,0
54552,0
54553,0
54554,0
54555,0
54556,0
54557,1
54558,0
54559,0
54560,0
54561,0
54562,0
54563,0
54564,0
54565,0
54566,0
54567,0
54568,0
54569,0
54570,0
54571,0
54572,0
54573,0
54574,0
54575,0
54576,0
54577,0
54578,0
54579,0
54580,0
54581,0
54582,0
54583,0
54584,0
54585,0
54586,0
54587,0
54588,0
54589,1
54590,0
54591,0
54592,0
54593,0
54594,0
54595,0
54596,0
54597,0
54598,0
54599,0
54600,0
54601,0
54602,0
54603,0
54604,0
54605,0
54606,0
54607,0
54608,0
54609,0
54610,0
54611,0
54612,3
54613,0
54614,0
54615,0
54616,0
54617,0
54618,0
54619,0
54620,0
54621,0
54622,0
54623,0
54624,0
54625,0
54626,0
54627,0
54628,0
54629,0
54630,0
54631,0
54632,0
54633,0
54634,0
54635,0
54636,0
54637,0
54638,0
54639,0
54640,0
54641,0
54642,0
54643,0
54644,0
54645,0
54646,0
54647,0
54648,0
54649,0
54650,0
54651,0
54652,0
54653,0
54654,0
54655,0
54656,0
54657,0
54658,0
54659,0
54660,0
54661,0
54662,0
54663,0
54664,0
54665,0
54666,0
54667,0
54668,0
54669,0
54670,0
54671,0
54672,0
54673,0
54674,0
54675,0
54676,0
54677,0
54678,0
54679,0
54680,0
54681,0
54682,0
54683,0
54684,0
54685,0
54686,0
54687,0
54688,0
54689,0
54690,0
54691,0
54692,0
54693,0
54694,0
54695,0
54696,0
54697,0
54698,0
54699,0
54700,0
54701,0
54702,0
54703,0
54704,0
54705,0
54706,0
54707,0
54708,0
54709,0
54710,0
54711,0
54712,0
54713,0
54714,0
54715,0
54716,1
54717,0
54718,0
54719,0
54720,0
54721,0
54722,0
54723,0
54724,0
54725,1
54726,0
54727,1
54728,0
54729,0
54730,0
54731,0
54732,0
54733,0
54734,0
54735,0
54736,0
54737,0
54738,0
54739,0
54740,0
54741,0
54742,0
54743,0
54744,0
54745,0
54746,0
54747,0
54748,0
54749,0
54750,0
54751,1
54752,0
54753,0
54754,1
54755,0
54756,0
54757,0
54758,0
54759,0
54760,0
54761,0
54762,0
54763,0
54764,0
54765,0
54766,0
54767,0
54768,0
54769,0
54770,0
54771,0
54772,0
54773,0
54774,0
54775,0
54776,0
54777,0
54778,0
54779,0
54780,0
54781,0
54782,0
54783,0
54784,0
54785,0
54786,0
54787,0
54788,0
54789,0
54790,0
54791,0
54792,0
54793,0
54794,0
54795,0
54796,0
54797,0
54798,0
54799,0
54800,0
54801,0
54802,0
54803,0
54804,0
54805,0
54806,0
54807,0
54808,0
54809,0
54810,0
54811,0
54812,0
54813,0
54814,0
54815,0
54816,0
54817,1
54818,0
54819,0
54820,0
54821,1
54822,0
54823,0
54824,0
54825,0
54826,0
54827,0
54828,0
54829,0
54830,0
54831,0
54832,0
54833,0
54834,0
54835,0
54836,0
54837,0
54838,0
54839,0
54840,0
54841,0
54842,0
54843,0
54844,0
54845,0
54846,0
54847,0
54848,0
54849,0
54850,0
54851,0
54852,0
54853,0
54854,0
54855,0
54856,0
54857,0
54858,0
54859,0
54860,0
54861,0
54862,0
54863,0
54864,0
54865,0
54866,0
54867,0
54868,0
54869,0
54870,0
54871,0
54872,0
54873,0
54874,0
54875,0
54876,0
54877,0
54878,0
54879,0
54880,0
54881,0
54882,0
54883,0
54884,0
54885,0
54886,0
54887,0
54888,0
54889,0
54890,0
54891,0
54892,0
54893,0
54894,0
54895,0
54896,0
54897,0
54898,0
54899,0
54900,0
54901,0
54902,0
54903,0
54904,0
54905,0
54906,0
54907,0
54908,0
54909,0
54910,0
54911,0
54912,0
54913,0
54914,0
54915,0
54916,0
54917,0
54918,0
54919,0
54920,0
54921,0
54922,0
54923,0
54924,0
54925,0
54926,0
54927,0
54928,0
54929,0
54930,0
54931,0
54932,0
54933,0
54934,0
54935,0
54936,0
54937,0
54938,0
54939,0
54940,0
54941,0
54942,0
54943,0
54944,0
54945,0
54946,0
54947,0
54948,0
54949,0
54950,0
54951,0
54952,0
54953,0
54954,0
54955,0
54956,0
54957,0
54958,0
54959,0
54960,0
54961,0
54962,0
54963,0
54964,0
54965,0
54966,0
54967,0
54968,0
54969,0
54970,0
54971,0
54972,0
54973,0
54974,0
54975,0
54976,0
54977,0
54978,0
54979,1
54980,0
54981,0
54982,0
54983,0
54984,0
54985,0
54986,0
54987,0
54988,1
54989,0
54990,0
54991,0
54992,0
54993,1
54994,1
54995,0
54996,0
54997,0
54998,0
54999,0
55000,0
55001,0
55002,0
55003,0
55004,0
55005,0
55006,0
55007,0
55008,0
55009,2
55010,0
55011,0
55012,0
55013,0
55014,0
55015,0
55016,0
55017,0
55018,0
55019,0
55020,0
55021,0
55022,0
55023,0
55024,0
55025,2
55026,0
55027,0
55028,0
55029,0
55030,0
55031,0
55032,0
55033,0
55034,0
55035,0
55036,0
55037,0
55038,0
55039,0
55040,0
55041,0
55042,0
55043,1
55044,0
55045,0
55046,0
55047,0
55048,0
55049,0
55050,0
55051,0
55052,0
55053,0
55054,0
55055,0
55056,0
55057,0
55058,0
55059,0
55060,0
55061,0
55062,0
55063,0
55064,0
55065,0
55066,0
55067,0
55068,0
55069,0
55070,0
55071,0
55072,0
55073,0
55074,0
55075,0
55076,0
55077,0
55078,0
55079,0
55080,0
55081,0
55082,1
55083,0
55084,0
55085,0
55086,0
55087,0
55088,0
55089,0
55090,0
55091,0
55092,0
55093,0
55094,0
55095,0
55096,0
55097,0
55098,0
55099,0
55100,0
55101,0
55102,0
55103,0
55104,0
55105,0
55106,0
55107,0
55108,0
55109,0
55110,0
55111,0
55112,0
55113,0
55114,0
55115,0
55116,0
55117,0
55118,0
55119,0
55120,0
55121,0
55122,0
55123,0
55124,0
55125,0
55126,0
55127,0
55128,0
55129,0
55130,0
55131,1
55132,1
55133,0
55134,0
55135,0
55136,0
55137,0
55138,0
55139,0
55140,0
55141,0
55142,0
55143,0
55144,0
55145,0
55146,0
55147,0
55148,0
55149,0
55150,0
55151,0
55152,0
55153,0
55154,0
55155,0
55156,0
55157,0
55158,0
55159,0
55160,0
55161,0
55162,0
55163,0
55164,0
55165,0
55166,0
55167,0
55168,0
55169,0
55170,0
55171,0
55172,0
55173,0
55174,0
55175,0
55176,0
55177,0
55178,0
55179,0
55180,0
55181,0
55182,0
55183,0
55184,0
55185,0
55186,0
55187,0
55188,0
55189,0
55190,0
55191,0
55192,0
55193,0
55194,0
55195,0
55196,0
55197,0
55198,0
55199,0
55200,0
55201,0
55202,0
55203,0
55204,0
55205,0
55206,0
55207,0
55208,0
55209,0
55210,0
55211,0
55212,0
55213,0
55214,0
55215,0
55216,0
55217,0
55218,0
55219,0
55220,0
55221,0
55222,0
55223,0
55224,0
55225,0
55226,0
55227,0
55228,0
55229,0
55230,0
55231,0
55232,0
55233,0
55234,0
55235,0
55236,0
55237,0
55238,0
55239,0
55240,0
55241,0
55242,0
55243,0
55244,0
55245,0
55246,0
55247,0
55248,0
55249,0
55250,0
55251,0
55252,0
55253,0
55254,0
55255,0
55256,0
55257,0
55258,0
55259,0
55260,0
55261,0
55262,0
55263,0
55264,0
55265,0
55266,0
55267,0
55268,0
55269,0
55270,0
55271,0
55272,0
55273,0
55274,0
55275,0
55276,0
55277,0
55278,0
55279,0
55280,0
55281,0
55282,0
55283,0
55284,0
55285,0
55286,0
55287,0
55288,0
55289,0
55290,0
55291,0
55292,0
55293,0
55294,0
55295,0
55296,0
55297,0
55298,0
55299,0
55300,0
55301,0
55302,0
55303,0
55304,0
55305,0
55306,32
55307,0
55308,0
55309,17
55310,0
55311,14
55312,0
55313,0
55314,0
55315,0
55316,22
55317,0
55318,8
55319,0
55320,0
55321,0
55322,0
55323,0
55324,0
55325,0
55326,0
55327,17
55328,0
55329,0
55330,0
55331,0
55332,0
55333,0
55334,0
55335,0
55336,27
55337,0
55338,0
55339,0
55340,18
55341,0
55342,0
55343,5
55344,0
55345,0
55346,16
55347,0
55348,0
55349,0
55350,10
55351,0
55352,0
55353,41
55354,0
55355,0
55356,21
55357,0
55358,0
55359,0
55360,0
55361,33
55362,0
55363,34
55364,0
55365,0
55366,0
55367,30
55368,0
55369,0
55370,0
55371,0
55372,0
55373,20
55374,0
55375,0
55376,0
55377,0
55378,0
55379,0
55380,0
55381,0
55382,0
55383,0
55384,9
55385,0
55386,0
55387,0
55388,0
55389,0
55390,0
55391,0
55392,0
55393,0
55394,0
55395,0
55396,15
55397,0
55398,0
55399,0
55400,0
55401,0
55402,0
55403,0
55404,0
55405,15
55406,0
55407,0
55408,0
55409,0
55410,0
55411,0
55412,0
55413,0
55414,0
55415,0
55416,0
55417,0
55418,0
55419,0
55420,10
55421,12
55422,0
55423,0
55424,0
55425,19
55426,0
55427,0
55428,0
55429,0
55430,0
55431,0
55432,8
55433,0
55434,0
55435,10
55436,0
55437,0
55438,0
55439,0
55440,0
55441,0
55442,0
55443,0
55444,0
55445,0
55446,0
55447,0
55448,0
55449,0
55450,23
55451,0
55452,0
55453,0
55454,0
55455,0
55456,0
55457,0
55458,0
55459,0
55460,0
55461,0
55462,25
55463,0
55464,0
55465,0
55466,14
55467,0
55468,0
55469,6
55470,0
55471,0
55472,0
55473,10
55474,29
55475,0
55476,10
55477,0
55478,4
55479,0
55480,0
55481,0
55482,0
55483,0
55484,0
55485,0
55486,0
55487,0
55488,0
55489,0
55490,0
55491,16
55492,0
55493,25
55494,0
55495,0
55496,0
55497,0
55498,0
55499,0
55500,0
55501,0
55502,0
55503,0
55504,0
55505,0
55506,0
55507,0
55508,0
55509,0
55510,0
55511,0
55512,0
55513,0
55514,0
55515,0
55516,7
55517,0
55518,0
55519,0
55520,0
55521,0
55522,0
55523,0
55524,0
55525,0
55526,0
55527,0
55528,0
55529,0
55530,0
55531,18
55532,0
55533,0
55534,0
55535,0
55536,0
55537,0
55538,14
55539,0
55540,16
55541,0
55542,0
55543,8
55544,0
55545,0
55546,0
55547,0
55548,0
55549,0
55550,0
55551,0
55552,0
55553,0
55554,0
55555,0
55556,0
55557,0
55558,0
55559,0
55560,0
55561,0
55562,0
55563,0
55564,0
55565,0
55566,0
55567,0
55568,0
55569,0
55570,0
55571,16
55572,0
55573,0
55574,0
55575,0
55576,0
55577,0
55578,0
55579,9
55580,0
55581,0
55582,0
55583,12
55584,10
55585,0
55586,0
55587,0
55588,0
55589,0
55590,0
55591,0
55592,0
55593,0
55594,0
55595,9
55596,0
55597,0
55598,19
55599,0
55600,0
55601,0
55602,0
55603,4
55604,0
55605,0
55606,0
55607,0
55608,0
55609,9
55610,0
55611,0
55612,0
55613,12
55614,3
55615,0
55616,0
55617,0
55618,18
55619,0
55620,0
55621,0
55622,0
55623,0
55624,0
55625,0
55626,0
55627,0
55628,5
55629,0
55630,15
55631,0
55632,0
55633,11
55634,0
55635,0
55636,16
55637,0
55638,0
55639,0
55640,0
55641,8
55642,0
55643,0
55644,0
55645,0
55646,0
55647,0
55648,11
55649,12
55650,18
55651,0
55652,0
55653,0
55654,0
55655,0
55656,0
55657,14
55658,0
55659,0
55660,11
55661,16
55662,0
55663,17
55664,11
55665,0
55666,0
55667,0
55668,0
55669,0
55670,0
55671,0
55672,0
55673,0
55674,0
55675,0
55676,0
55677,0
55678,16
55679,0
55680,0
55681,0
55682,0
55683,0
55684,0
55685,0
55686,0
55687,0
55688,0
55689,0
55690,0
55691,0
55692,0
55693,0
55694,0
55695,0
55696,0
55697,0
55698,0
55699,0
55700,0
55701,0
55702,0
55703,0
55704,0
55705,0
55706,0
55707,0
55708,0
55709,10
55710,13
55711,0
55712,0
55713,0
55714,0
55715,0
55716,12
55717,0
55718,0
55719,9
55720,0
55721,0
55722,0
55723,0
55724,0
55725,0
55726,16
55727,0
55728,12
55729,0
55730,0
55731,0
55732,0
55733,0
55734,16
55735,0
55736,11
55737,19
55738,0
55739,0
55740,0
55741,0
55742,0
55743,0
55744,0
55745,0
55746,0
55747,0
55748,0
55749,0
55750,0
55751,0
55752,0
55753,0
55754,0
55755,0
55756,0
55757,12
55758,0
55759,0
55760,0
55761,0
55762,0
55763,0
55764,0
55765,0
55766,0
55767,0
55768,0
55769,8
55770,0
55771,0
55772,0
55773,0
55774,0
55775,0
55776,0
55777,0
55778,0
55779,0
55780,0
55781,12
55782,7
55783,0
55784,0
55785,0
55786,10
55787,0
55788,0
55789,0
55790,0
55791,13
55792,0
55793,0
55794,0
55795,0
55796,7
55797,0
55798,0
55799,0
55800,0
55801,0
55802,0
55803,0
55804,0
55805,0
55806,0
55807,0
55808,0
55809,0
55810,0
55811,4
55812,0
55813,0
55814,0
55815,0
55816,0
55817,0
55818,0
55819,15
55820,0
55821,0
55822,0
55823,0
55824,0
55825,0
55826,0
55827,0
55828,0
55829,0
55830,0
55831,0
55832,20
55833,0
55834,0
55835,0
55836,0
55837,0
55838,0
55839,13
55840,0
55841,9
55842,0
55843,0
55844,0
55845,0
55846,0
55847,0
55848,0
55849,0
55850,0
55851,0
55852,5
55853,0
55854,0
55855,0
55856,0
55857,14
55858,0
55859,0
55860,0
55861,12
55862,0
55863,0
55864,0
55865,0
55866,9
55867,0
55868,0
55869,0
55870,0
55871,0
55872,0
55873,0
55874,0
55875,0
55876,0
55877,0
55878,10
55879,0
55880,0
55881,0
55882,0
55883,0
55884,0
55885,0
55886,0
55887,0
55888,0
55889,13
55890,0
55891,0
55892,0
55893,0
55894,10
55895,0
55896,0
55897,0
55898,0
55899,0
55900,0
55901,0
55902,0
55903,0
55904,0
55905,0
55906,0
55907,0
55908,0
55909,0
55910,0
55911,0
55912,0
55913,0
55914,0
55915,16
55916,0
55917,0
55918,0
55919,0
55920,0
55921,0
55922,0
55923,0
55924,0
55925,0
55926,9
55927,0
55928,0
55929,0
55930,0
55931,0
55932,0
55933,0
55934,0
55935,0
55936,0
55937,14
55938,0
55939,0
55940,7
55941,0
55942,0
55943,0
55944,0
55945,0
55946,0
55947,0
55948,0
55949,11
55950,0
55951,0
55952,0
55953,0
55954,0
55955,0
55956,10
55957,0
55958,0
55959,0
55960,0
55961,0
55962,0
55963,0
55964,0
55965,12
55966,0
55967,0
55968,0
55969,0
55970,15
55971,0
55972,0
55973,14
55974,0
55975,0
55976,0
55977,0
55978,11
55979,0
55980,0
55981,0
55982,22
55983,0
55984,15
55985,0
55986,0
55987,0
55988,0
55989,0
55990,13
55991,0
55992,0
55993,0
55994,0
55995,0
55996,0
55997,0
55998,0
55999,0
56000,0
56001,0
56002,0
56003,0
56004,0
56005,0
56006,0
56007,0
56008,0
56009,15
56010,0
56011,0
56012,0
56013,0
56014,0
56015,21
56016,0
56017,0
56018,0
56019,0
56020,0
56021,0
56022,15
56023,0
56024,11
56025,0
56026,0
56027,0
56028,0
56029,17
56030,0
56031,0
56032,0
56033,10
56034,0
56035,0
56036,1
56037,0
56038,0
56039,0
56040,0
56041,18
56042,0
56043,13
56044,0
56045,0
56046,18
56047,0
56048,0
56049,0
56050,0
56051,0
56052,0
56053,15
56054,0
56055,0
56056,0
56057,0
56058,12
56059,0
56060,10
56061,0
56062,0
56063,0
56064,0
56065,0
56066,0
56067,0
56068,0
56069,0
56070,0
56071,12
56072,0
56073,0
56074,0
56075,10
56076,15
56077,10
56078,0
56079,9
56080,0
56081,0
56082,0
56083,0
56084,0
56085,0
56086,0
56087,14
56088,19
56089,0
56090,0
56091,15
56092,12
56093,0
56094,0
56095,0
56096,0
56097,0
56098,9
56099,0
56100,0
56101,0
56102,0
56103,0
56104,0
56105,0
56106,0
56107,0
56108,0
56109,0
56110,0
56111,0
56112,0
56113,0
56114,0
56115,8
56116,13
56117,0
56118,0
56119,0
56120,0
56121,0
56122,13
56123,0
56124,11
56125,0
56126,0
56127,0
56128,0
56129,0
56130,0
56131,0
56132,9
56133,12
56134,8
56135,0
56136,0
56137,0
56138,0
56139,0
56140,22
56141,0
56142,0
56143,0
56144,0
56145,0
56146,0
56147,0
56148,0
56149,0
56150,0
56151,0
56152,0
56153,12
56154,0
56155,0
56156,9
56157,0
56158,0
56159,0
56160,0
56161,0
56162,16
56163,0
56164,0
56165,0
56166,0
56167,0
56168,0
56169,14
56170,0
56171,0
56172,11
56173,0
56174,0
56175,0
56176,0
56177,4
56178,0
56179,11
56180,0
56181,0
56182,0
56183,0
56184,8
56185,0
56186,0
56187,0
56188,0
56189,0
56190,0
56191,0
56192,0
56193,0
56194,0
56195,0
56196,0
56197,0
56198,0
56199,0
56200,0
56201,5
56202,0
56203,0
56204,0
56205,0
56206,0
56207,0
56208,0
56209,0
56210,12
56211,0
56212,0
56213,0
56214,0
56215,0
56216,0
56217,0
56218,14
56219,0
56220,14
56221,0
56222,0
56223,0
56224,0
56225,0
56226,0
56227,0
56228,0
56229,0
56230,0
56231,0
56232,0
56233,0
56234,0
56235,0
56236,0
56237,0
56238,0
56239,0
56240,15
56241,0
56242,0
56243,0
56244,0
56245,0
56246,0
56247,0
56248,11
56249,0
56250,0
56251,0
56252,0
56253,0
56254,0
56255,0
56256,0
56257,0
56258,0
56259,0
56260,0
56261,0
56262,0
56263,0
56264,0
56265,0
56266,0
56267,0
56268,9
56269,11
56270,18
56271,10
56272,0
56273,14
56274,0
56275,0
56276,0
56277,0
56278,0
56279,0
56280,0
56281,0
56282,0
56283,13
56284,0
56285,19
56286,0
56287,0
56288,0
56289,0
56290,0
56291,0
56292,11
56293,0
56294,0
56295,0
56296,0
56297,0
56298,0
56299,0
56300,0
56301,0
56302,0
56303,0
56304,0
56305,14
56306,0
56307,0
56308,0
56309,0
56310,10
56311,14
56312,0
56313,0
56314,0
56315,0
56316,0
56317,0
56318,0
56319,0
56320,0
56321,0
56322,0
56323,15
56324,8
56325,0
56326,19
56327,0
56328,0
56329,0
56330,0
56331,0
56332,11
56333,0
56334,0
56335,0
56336,0
56337,0
56338,0
56339,0
56340,17
56341,0
56342,0
56343,0
56344,0
56345,0
56346,0
56347,0
56348,0
56349,11
56350,16
56351,0
56352,0
56353,0
56354,0
56355,0
56356,17
56357,0
56358,0
56359,0
56360,17
56361,0
56362,16
56363,0
56364,0
56365,0
56366,0
56367,0
56368,3
56369,8
56370,0
56371,0
56372,0
56373,0
56374,0
56375,0
56376,11
56377,0
56378,0
56379,0
56380,28
56381,0
56382,0
56383,0
56384,13
56385,0
56386,0
56387,10
56388,0
56389,0
56390,0
56391,0
56392,0
56393,0
56394,0
56395,16
56396,0
56397,0
56398,0
56399,0
56400,10
56401,12
56402,12
56403,0
56404,13
56405,0
56406,0
56407,0
56408,16
56409,0
56410,18
56411,0
56412,0
56413,0
56414,15
56415,0
56416,13
56417,0
56418,0
56419,5
56420,16
56421,18
56422,0
56423,0
56424,0
56425,0
56426,0
56427,0
56428,10
56429,0
56430,0
56431,0
56432,0
56433,0
56434,14
56435,0
56436,0
56437,0
56438,0
56439,0
56440,0
56441,0
56442,12
56443,0
56444,0
56445,0
56446,0
56447,0
56448,9
56449,0
56450,0
56451,0
56452,0
56453,0
56454,0
56455,0
56456,0
56457,0
56458,8
56459,26
56460,9
56461,0
56462,8
56463,0
56464,0
56465,9
56466,16
56467,0
56468,0
56469,0
56470,16
56471,0
56472,0
56473,0
56474,0
56475,0
56476,0
56477,0
56478,0
56479,0
56480,11
56481,0
56482,0
56483,4
56484,0
56485,0
56486,9
56487,0
56488,0
56489,0
56490,0
56491,0
56492,15
56493,19
56494,0
56495,0
56496,20
56497,0
56498,0
56499,0
56500,0
56501,0
56502,0
56503,0
56504,0
56505,0
56506,0
56507,0
56508,0
56509,0
56510,0
56511,0
56512,15
56513,0
56514,0
56515,0
56516,0
56517,0
56518,9
56519,0
56520,0
56521,0
56522,13
56523,0
56524,18
56525,0
56526,0
56527,0
56528,6
56529,9
56530,13
56531,0
56532,0
56533,13
56534,0
56535,0
56536,0
56537,0
56538,0
56539,0
56540,17
56541,0
56542,14
56543,0
56544,16
56545,0
56546,14
56547,0
56548,0
56549,0
56550,0
56551,0
56552,7
56553,0
56554,0
56555,5
56556,0
56557,0
56558,15
56559,0
56560,0
56561,17
56562,9
56563,0
56564,0
56565,0
56566,15
56567,0
56568,0
56569,0
56570,9
56571,0
56572,14
56573,14
56574,0
56575,0
56576,12
56577,11
56578,0
56579,9
56580,0
56581,0
56582,0
56583,0
56584,9
56585,0
56586,9
56587,0
56588,0
56589,0
56590,0
56591,10
56592,15
56593,0
56594,0
56595,0
56596,0
56597,0
56598,6
56599,14
56600,14
56601,0
56602,0
56603,0
56604,0
56605,0
56606,0
56607,10
56608,11
56609,0
56610,0
56611,0
56612,0
56613,12
56614,4
56615,0
56616,0
56617,6
56618,7
56619,0
56620,0
56621,19
56622,0
56623,0
56624,0
56625,0
56626,0
56627,0
56628,16
56629,0
56630,0
56631,9
56632,0
56633,10
56634,0
56635,0
56636,6
56637,7
56638,0
56639,0
56640,0
56641,0
56642,0
56643,0
56644,0
56645,0
56646,0
56647,0
56648,0
56649,0
56650,0
56651,0
56652,13
56653,0
56654,11
56655,0
56656,0
56657,0
56658,9
56659,7
56660,0
56661,0
56662,15
56663,0
56664,0
56665,0
56666,12
56667,0
56668,0
56669,18
56670,0
56671,16
56672,0
56673,11
56674,15
56675,0
56676,0
56677,0
56678,12
56679,13
56680,0
56681,0
56682,0
56683,0
56684,0
56685,0
56686,9
56687,0
56688,0
56689,0
56690,0
56691,0
56692,7
56693,10
56694,0
56695,0
56696,16
56697,0
56698,0
56699,0
56700,0
56701,0
56702,0
56703,0
56704,16
56705,14
56706,8
56707,17
56708,0
56709,18
56710,0
56711,0
56712,0
56713,13
56714,0
56715,0
56716,0
56717,0
56718,0
56719,9
56720,0
56721,0
56722,17
56723,0
56724,0
56725,13
56726,0
56727,0
56728,14
56729,0
56730,0
56731,0
56732,0
56733,0
56734,0
56735,7
56736,0
56737,0
56738,19
56739,0
56740,0
56741,0
56742,0
56743,0
56744,11
56745,0
56746,13
56747,0
56748,0
56749,19
56750,15
56751,0
56752,0
56753,0
56754,17
56755,0
56756,0
56757,0
56758,11
56759,0
56760,19
56761,0
56762,0
56763,17
56764,0
56765,0
56766,0
56767,12
56768,14
56769,0
56770,0
56771,0
56772,0
56773,17
56774,0
56775,0
56776,0
56777,0
56778,18
56779,10
56780,13
56781,0
56782,0
56783,11
56784,23
56785,12
56786,5
56787,0
56788,7
56789,0
56790,0
56791,0
56792,0
56793,14
56794,0
56795,0
56796,0
56797,0
56798,0
56799,0
56800,23
56801,0
56802,0
56803,0
56804,10
56805,0
56806,14
56807,0
56808,0
56809,11
56810,10
56811,0
56812,0
56813,0
56814,14
56815,0
56816,0
56817,0
56818,9
56819,0
56820,13
56821,0
56822,18
56823,0
56824,0
56825,0
56826,0
56827,0
56828,10
56829,0
56830,0
56831,0
56832,0
56833,26
56834,0
56835,20
56836,11
56837,0
56838,0
56839,15
56840,0
56841,0
56842,0
56843,0
56844,0
56845,20
56846,0
56847,0
56848,0
56849,20
56850,0
56851,9
56852,0
56853,10
56854,0
56855,0
56856,0
56857,9
56858,0
56859,0
56860,12
56861,0
56862,15
56863,0
56864,13
56865,0
56866,0
56867,0
56868,0
56869,0
56870,0
56871,0
56872,0
56873,9
56874,0
56875,4
56876,11
56877,9
56878,13
56879,0
56880,8
56881,19
56882,0
56883,0
56884,0
56885,13
56886,0
56887,15
56888,0
56889,0
56890,14
56891,0
56892,0
56893,0
56894,0
56895,0
56896,0
56897,0
56898,0
56899,0
56900,22
56901,11
56902,9
56903,0
56904,0
56905,13
56906,0
56907,0
56908,13
56909,11
56910,0
56911,0
56912,20
56913,0
56914,0
56915,0
56916,0
56917,0
56918,15
56919,19
56920,15
56921,0
56922,0
56923,0
56924,19
56925,0
56926,24
56927,0
56928,0
56929,11
56930,0
56931,0
56932,0
56933,13
56934,0
56935,0
56936,0
56937,0
56938,0
56939,7
56940,19
56941,0
56942,0
56943,0
56944,0
56945,0
56946,0
56947,0
56948,13
56949,0
56950,0
56951,0
56952,0
56953,0
56954,0
56955,0
56956,0
56957,13
56958,0
56959,0
56960,16
56961,0
56962,0
56963,0
56964,0
56965,9
56966,13
56967,0
56968,19
56969,0
56970,0
56971,0
56972,8
56973,0
56974,15
56975,0
56976,10
56977,0
56978,0
56979,0
56980,0
56981,0
56982,0
56983,0
56984,14
56985,12
56986,0
56987,18
56988,0
56989,8
56990,0
56991,0
56992,0
56993,0
56994,0
56995,0
56996,21
56997,12
56998,0
56999,0
57000,0
57001,0
57002,0
57003,0
57004,0
57005,14
57006,0
57007,0
57008,0
57009,16
57010,0
57011,0
57012,0
57013,0
57014,0
57015,0
57016,0
57017,0
57018,0
57019,0
57020,0
57021,17
57022,0
57023,15
57024,15
57025,0
57026,0
57027,0
57028,16
57029,0
57030,0
57031,0
57032,17
57033,0
57034,0
57035,0
57036,13
57037,0
57038,0
57039,0
57040,0
57041,0
57042,0
57043,0
57044,0
57045,0
57046,10
57047,16
57048,0
57049,0
57050,0
57051,0
57052,13
57053,0
57054,0
57055,0
57056,0
57057,22
57058,0
57059,15
57060,14
57061,0
57062,18
57063,0
57064,0
57065,0
57066,0
57067,0
57068,0
57069,18
57070,0
57071,0
57072,0
57073,0
57074,0
57075,12
57076,0
57077,0
57078,0
57079,13
57080,16
57081,0
57082,8
57083,0
57084,0
57085,0
57086,12
57087,15
57088,0
57089,12
57090,0
57091,0
57092,0
57093,8
57094,0
57095,0
57096,9
57097,19
57098,19
57099,0
57100,0
57101,9
57102,0
57103,16
57104,0
57105,7
57106,0
57107,0
57108,0
57109,12
57110,0
57111,0
57112,0
57113,0
57114,0
57115,0
57116,12
57117,0
57118,0
57119,0
57120,0
57121,27
57122,17
57123,0
57124,0
57125,4
57126,0
57127,8
57128,0
57129,0
57130,0
57131,0
57132,0
57133,0
57134,0
57135,0
57136,0
57137,0
57138,0
57139,0
57140,0
57141,0
57142,0
57143,0
57144,0
57145,0
57146,0
57147,0
57148,0
57149,0
57150,0
57151,4
57152,0
57153,6
57154,0
57155,0
57156,0
57157,0
57158,0
57159,0
57160,0
57161,0
57162,2
57163,0
57164,0
57165,7
57166,0
57167,0
57168,0
57169,0
57170,0
57171,0
57172,0
57173,0
57174,3
57175,0
57176,0
57177,0
57178,0
57179,7
57180,0
57181,1
57182,0
57183,0
57184,0
57185,0
57186,5
57187,0
57188,0
57189,0
57190,0
57191,5
57192,0
57193,0
57194,0
57195,0
57196,0
57197,0
57198,10
57199,0
57200,0
57201,0
57202,0
57203,0
57204,7
57205,0
57206,0
57207,0
57208,3
57209,0
57210,0
57211,0
57212,0
57213,0
57214,0
57215,0
57216,5
57217,0
57218,0
57219,0
57220,0
57221,0
57222,0
57223,0
57224,0
57225,0
57226,0
57227,0
57228,2
57229,0
57230,0
57231,0
57232,0
57233,0
57234,6
57235,0
57236,6
57237,0
57238,0
57239,0
57240,0
57241,0
57242,0
57243,0
57244,0
57245,0
57246,0
57247,0
57248,0
57249,0
57250,8
57251,0
57252,0
57253,0
57254,0
57255,0
57256,4
57257,0
57258,0
57259,0
57260,0
57261,2
57262,0
57263,0
57264,0
57265,7
57266,0
57267,0
57268,0
57269,3
57270,0
57271,0
57272,5
57273,0
57274,0
57275,0
57276,0
57277,0
57278,0
57279,2
57280,0
57281,0
57282,0
57283,0
57284,0
57285,0
57286,0
57287,0
57288,0
57289,0
57290,0
57291,0
57292,0
57293,0
57294,5
57295,0
57296,0
57297,0
57298,0
57299,0
57300,0
57301,0
57302,0
57303,0
57304,5
57305,0
57306,0
57307,0
57308,0
57309,0
57310,0
57311,0
57312,3
57313,0
57314,0
57315,0
57316,0
57317,0
57318,0
57319,0
57320,0
57321,4
57322,6
57323,0
57324,0
57325,0
57326,12
57327,0
57328,0
57329,9
57330,0
57331,0
57332,0
57333,0
57334,0
57335,0
57336,0
57337,0
57338,0
57339,0
57340,0
57341,0
57342,0
57343,0
57344,0
57345,0
57346,0
57347,5
57348,0
57349,0
57350,6
57351,0
57352,0
57353,0
57354,6
57355,0
57356,0
57357,10
57358,0
57359,0
57360,0
57361,0
57362,0
57363,0
57364,5
57365,0
57366,0
57367,0
57368,0
57369,2
57370,0
57371,0
57372,0
57373,2
57374,2
57375,0
57376,0
57377,0
57378,0
57379,0
57380,0
57381,0
57382,0
57383,0
57384,0
57385,0
57386,0
57387,0
57388,0
57389,0
57390,0
57391,0
57392,0
57393,3
57394,0
57395,0
57396,0
57397,0
57398,0
57399,0
57400,0
57401,0
57402,0
57403,0
57404,3
57405,0
57406,0
57407,0
57408,3
57409,0
57410,0
57411,0
57412,0
57413,0
57414,0
57415,0
57416,0
57417,0
57418,0
57419,0
57420,5
57421,0
57422,0
57423,0
57424,0
57425,0
57426,0
57427,0
57428,0
57429,0
57430,5
57431,0
57432,0
57433,0
57434,0
57435,0
57436,0
57437,0
57438,0
57439,0
57440,0
57441,0
57442,0
57443,0
57444,0
57445,0
57446,0
57447,0
57448,0
57449,0
57450,0
57451,0
57452,0
57453,0
57454,0
57455,0
57456,0
57457,0
57458,0
57459,0
57460,0
57461,0
57462,0
57463,0
57464,0
57465,0
57466,0
57467,0
57468,0
57469,0
57470,1
57471,0
57472,0
57473,0
57474,0
57475,3
57476,0
57477,0
57478,3
57479,0
57480,0
57481,0
57482,0
57483,0
57484,0
57485,0
57486,0
57487,5
57488,0
57489,6
57490,5
57491,0
57492,0
57493,3
57494,0
57495,7
57496,0
57497,0
57498,0
57499,0
57500,0
57501,0
57502,0
57503,0
57504,0
57505,0
57506,0
57507,0
57508,0
57509,0
57510,4
57511,0
57512,5
57513,0
57514,0
57515,0
57516,0
57517,0
57518,0
57519,0
57520,0
57521,7
57522,0
57523,0
57524,6
57525,0
57526,4
57527,0
57528,0
57529,0
57530,0
57531,0
57532,8
57533,0
57534,0
57535,0
57536,0
57537,0
57538,0
57539,5
57540,4
57541,0
57542,0
57543,0
57544,0
57545,0
57546,6
57547,0
57548,0
57549,0
57550,0
57551,0
57552,0
57553,0
57554,0
57555,0
57556,8
57557,0
57558,0
57559,0
57560,0
57561,0
57562,6
57563,0
57564,0
57565,0
57566,4
57567,0
57568,0
57569,0
57570,4
57571,0
57572,0
57573,0
57574,0
57575,0
57576,3
57577,0
57578,0
57579,0
57580,0
57581,0
57582,0
57583,0
57584,0
57585,0
57586,0
57587,0
57588,0
57589,0
57590,6
57591,0
57592,0
57593,0
57594,0
57595,5
57596,0
57597,9
57598,0
57599,2
57600,4
57601,0
57602,0
57603,0
57604,0
57605,0
57606,5
57607,0
57608,0
57609,0
57610,0
57611,0
57612,0
57613,0
57614,4
57615,0
57616,0
57617,5
57618,0
57619,0
57620,0
57621,0
57622,0
57623,4
57624,0
57625,0
57626,3
57627,0
57628,0
57629,0
57630,0
57631,0
57632,0
57633,0
57634,0
57635,0
57636,0
57637,0
57638,0
57639,0
57640,0
57641,0
57642,0
57643,0
57644,0
57645,0
57646,0
57647,0
57648,0
57649,0
57650,0
57651,0
57652,0
57653,0
57654,0
57655,0
57656,4
57657,0
57658,0
57659,0
57660,0
57661,3
57662,0
57663,6
57664,0
57665,1
57666,0
57667,0
57668,0
57669,0
57670,0
57671,0
57672,0
57673,0
57674,0
57675,0
57676,0
57677,0
57678,0
57679,0
57680,0
57681,0
57682,0
57683,0
57684,0
57685,6
57686,0
57687,0
57688,0
57689,0
57690,0
57691,0
57692,0
57693,0
57694,0
57695,0
57696,0
57697,0
57698,0
57699,0
57700,0
57701,0
57702,0
57703,8
57704,0
57705,0
57706,4
57707,7
57708,0
57709,0
57710,0
57711,0
57712,0
57713,0
57714,0
57715,0
57716,0
57717,0
57718,0
57719,0
57720,0
57721,0
57722,0
57723,0
57724,0
57725,0
57726,0
57727,0
57728,0
57729,0
57730,0
57731,0
57732,0
57733,0
57734,0
57735,0
57736,0
57737,0
57738,0
57739,0
57740,0
57741,0
57742,0
57743,2
57744,0
57745,0
57746,6
57747,0
57748,0
57749,0
57750,0
57751,0
57752,0
57753,0
57754,0
57755,0
57756,0
57757,0
57758,0
57759,0
57760,0
57761,0
57762,0
57763,0
57764,0
57765,0
57766,0
57767,0
57768,0
57769,0
57770,0
57771,9
57772,0
57773,0
57774,0
57775,7
57776,0
57777,0
57778,0
57779,0
57780,0
57781,0
57782,0
57783,0
57784,0
57785,0
57786,0
57787,0
57788,0
57789,0
57790,0
57791,0
57792,0
57793,0
57794,0
57795,0
57796,0
57797,0
57798,0
57799,0
57800,4
57801,0
57802,0
57803,0
57804,0
57805,0
57806,0
57807,0
57808,0
57809,0
57810,0
57811,1
57812,0
57813,0
57814,0
57815,0
57816,0
57817,0
57818,0
57819,0
57820,0
57821,0
57822,0
57823,0
57824,0
57825,0
57826,0
57827,0
57828,0
57829,0
57830,7
57831,0
57832,0
57833,5
57834,0
57835,0
57836,0
57837,0
57838,0
57839,0
57840,0
57841,0
57842,0
57843,0
57844,2
57845,0
57846,0
57847,0
57848,0
57849,3
57850,0
57851,0
57852,0
57853,0
57854,0
57855,0
57856,0
57857,0
57858,5
57859,0
57860,0
57861,1
57862,0
57863,5
57864,0
57865,0
57866,0
57867,0
57868,0
57869,0
57870,0
57871,0
57872,0
57873,0
57874,0
57875,0
57876,0
57877,8
57878,0
57879,0
57880,0
57881,0
57882,0
57883,0
57884,2
57885,0
57886,0
57887,0
57888,0
57889,0
57890,0
57891,0
57892,0
57893,0
57894,0
57895,0
57896,0
57897,0
57898,0
57899,0
57900,0
57901,0
57902,0
57903,3
57904,0
57905,0
57906,0
57907,0
57908,0
57909,0
57910,0
57911,0
57912,4
57913,0
57914,0
57915,0
57916,0
57917,0
57918,0
57919,4
57920,0
57921,3
57922,0
57923,0
57924,0
57925,0
57926,0
57927,0
57928,0
57929,0
57930,0
57931,2
57932,0
57933,7
57934,0
57935,0
57936,0
57937,0
57938,7
57939,0
57940,0
57941,0
57942,0
57943,0
57944,0
57945,0
57946,0
57947,0
57948,0
57949,0
57950,0
57951,15
57952,0
57953,0
57954,0
57955,0
57956,11
57957,0
57958,0
57959,15
57960,13
57961,0
57962,17
57963,16
57964,17
57965,0
57966,0
57967,0
57968,0
57969,24
57970,0
57971,0
57972,0
57973,14
57974,9
57975,15
57976,0
57977,0
57978,14
57979,15
57980,0
57981,13
57982,0
57983,18
57984,21
57985,0
57986,14
57987,19
57988,0
57989,0
57990,7
57991,0
57992,14
57993,0
57994,10
57995,0
57996,0
57997,0
57998,14
57999,0
58000,9
58001,15
58002,11
58003,0
58004,18
58005,0
58006,27
58007,0
58008,0
58009,14
58010,0
58011,8
58012,0
58013,0
58014,0
58015,14
58016,0
58017,17
58018,0
58019,0
58020,0
58021,0
58022,0
58023,0
58024,0
58025,0
58026,0
58027,0
58028,13
58029,0
58030,0
58031,0
58032,19
58033,0
58034,10
58035,8
58036,0
58037,0
58038,20
58039,0
58040,0
58041,0
58042,0
58043,0
58044,0
58045,0
58046,16
58047,0
58048,0
58049,15
58050,0
58051,0
58052,17
58053,9
58054,15
58055,0
58056,20
58057,0
58058,0
58059,0
58060,0
58061,12
58062,0
58063,21
58064,0
58065,0
58066,0
58067,11
58068,0
58069,0
58070,0
58071,0
58072,19
58073,30
58074,0
58075,0
58076,0
58077,0
58078,0
58079,17
58080,0
58081,0
58082,5
58083,0
58084,0
58085,0
58086,14
58087,0
58088,15
58089,5
58090,0
58091,0
58092,0
58093,0
58094,13
58095,0
58096,14
58097,8
58098,15
58099,0
58100,12
58101,0
58102,0
58103,0
58104,12
58105,11
58106,16
58107,0
58108,17
58109,0
58110,0
58111,13
58112,12
58113,0
58114,0
58115,16
58116,0
58117,20
58118,0
58119,0
58120,0
58121,13
58122,0
58123,0
58124,13
58125,10
58126,0
58127,0
58128,17
58129,0
58130,0
58131,17
58132,12
58133,14
58134,0
58135,0
58136,0
58137,18
58138,0
58139,0
58140,0
58141,0
58142,19
58143,0
58144,16
58145,0
58146,12
58147,0
58148,0
58149,0
58150,19
58151,0
58152,0
58153,9
58154,18
58155,0
58156,19
58157,0
58158,0
58159,9
58160,0
58161,0
58162,0
58163,0
58164,0
58165,24
58166,0
58167,0
58168,0
58169,12
58170,0
58171,22
58172,0
58173,0
58174,12
58175,0
58176,0
58177,11
58178,24
58179,0
58180,21
58181,0
58182,0
58183,0
58184,0
58185,0
58186,20
58187,0
58188,0
58189,0
58190,0
58191,0
58192,18
58193,0
58194,0
58195,27
58196,0
58197,0
58198,0
58199,9
58200,8
58201,0
58202,12
58203,0
58204,0
58205,20
58206,0
58207,0
58208,0
58209,0
58210,16
58211,0
58212,15
58213,0
58214,0
58215,0
58216,0
58217,0
58218,0
58219,21
58220,13
58221,0
58222,0
58223,17
58224,0
58225,0
58226,0
58227,0
58228,0
58229,0
58230,14
58231,0
58232,0
58233,0
58234,11
58235,0
58236,30
58237,0
58238,10
58239,14
58240,0
58241,0
58242,28
58243,0
58244,0
58245,0
58246,0
58247,0
58248,0
58249,0
58250,13
58251,0
58252,23
58253,0
58254,16
58255,0
58256,13
58257,11
58258,0
58259,19
58260,0
58261,0
58262,7
58263,0
58264,0
58265,0
58266,0
58267,0
58268,11
58269,0
58270,0
58271,0
58272,0
58273,0
58274,22
58275,0
58276,0
58277,14
58278,0
58279,15
58280,15
58281,0
58282,8
58283,14
58284,0
58285,0
58286,0
58287,17
58288,0
58289,0
58290,0
58291,0
58292,8
58293,0
58294,0
58295,0
58296,0
58297,0
58298,0
58299,19
58300,0
58301,0
58302,0
58303,0
58304,0
58305,8
58306,7
58307,0
58308,18
58309,0
58310,23
58311,10
58312,0
58313,0
58314,0
58315,0
58316,0
58317,0
58318,0
58319,12
58320,0
58321,8
58322,14
58323,0
58324,0
58325,0
58326,0
58327,0
58328,0
58329,0
58330,0
58331,0
58332,0
58333,0
58334,0
58335,0
58336,18
58337,0
58338,0
58339,20
58340,0
58341,0
58342,12
58343,0
58344,0
58345,12
58346,0
58347,15
58348,0
58349,0
58350,0
58351,0
58352,0
58353,0
58354,27
58355,20
58356,6
58357,0
58358,0
58359,0
58360,0
58361,0
58362,13
58363,0
58364,0
58365,15
58366,0
58367,0
58368,17
58369,9
58370,0
58371,12
58372,0
58373,0
58374,0
58375,0
58376,0
58377,15
58378,22
58379,0
58380,15
58381,0
58382,24
58383,14
58384,19
58385,0
58386,0
58387,26
58388,0
58389,13
58390,0
58391,0
58392,14
58393,0
58394,0
58395,8
58396,0
58397,21
58398,21
58399,0
58400,11
58401,6
58402,0
58403,0
58404,0
58405,0
58406,16
58407,20
58408,12
58409,19
58410,22
58411,0
58412,0
58413,0
58414,0
58415,0
58416,18
58417,0
58418,0
58419,0
58420,0
58421,0
58422,0
58423,17
58424,0
58425,0
58426,0
58427,0
58428,0
58429,16
58430,10
58431,19
58432,0
58433,0
58434,0
58435,0
58436,0
58437,0
58438,0
58439,0
58440,0
58441,0
58442,0
58443,0
58444,0
58445,0
58446,0
58447,12
58448,0
58449,0
58450,15
58451,0
58452,0
58453,9
58454,16
58455,0
58456,0
58457,0
58458,18
58459,10
58460,0
58461,0
58462,0
58463,22
58464,0
58465,0
58466,0
58467,15
58468,0
58469,19
58470,17
58471,0
58472,0
58473,0
58474,16
58475,0
58476,0
58477,15
58478,0
58479,0
58480,14
58481,0
58482,0
58483,0
58484,0
58485,0
58486,0
58487,0
58488,16
58489,15
58490,0
58491,9
58492,0
58493,0
58494,0
58495,0
58496,0
58497,7
58498,20
58499,11
58500,0
58501,0
58502,0
58503,0
58504,0
58505,0
58506,16
58507,0
58508,0
58509,13
58510,0
58511,14
58512,11
58513,14
58514,0
58515,18
58516,0
58517,0
58518,13
58519,0
58520,18
58521,0
58522,0
58523,0
58524,0
58525,0
58526,0
58527,15
58528,0
58529,0
58530,0
58531,13
58532,18
58533,0
58534,0
58535,0
58536,0
58537,0
58538,0
58539,0
58540,0
58541,0
58542,0
58543,0
58544,0
58545,0
58546,0
58547,0
58548,0
58549,0
58550,23
58551,19
58552,0
58553,24
58554,0
58555,0
58556,18
58557,0
58558,0
58559,0
58560,0
58561,11
58562,14
58563,0
58564,11
58565,0
58566,0
58567,0
58568,0
58569,0
58570,0
58571,0
58572,0
58573,16
58574,0
58575,15
58576,0
58577,18
58578,0
58579,0
58580,0
58581,0
58582,0
58583,0
58584,9
58585,0
58586,12
58587,0
58588,17
58589,0
58590,0
58591,0
58592,18
58593,15
58594,13
58595,11
58596,0
58597,18
58598,0
58599,0
58600,0
58601,0
58602,0
58603,0
58604,15
58605,0
58606,0
58607,0
58608,16
58609,0
58610,0
58611,16
58612,14
58613,0
58614,9
58615,0
58616,0
58617,0
58618,0
58619,0
58620,0
58621,25
58622,22
58623,0
58624,0
58625,0
58626,0
58627,0
58628,0
58629,0
58630,0
58631,0
58632,0
58633,0
58634,0
58635,5
58636,13
58637,8
58638,9
58639,0
58640,3
58641,0
58642,0
58643,7
58644,3
58645,0
58646,0
58647,0
58648,0
58649,0
58650,0
58651,0
58652,0
58653,0
58654,0
58655,0
58656,6
58657,0
58658,0
58659,0
58660,0
58661,0
58662,0
58663,0
58664,0
58665,0
58666,10
58667,0
58668,0
58669,0
58670,0
58671,0
58672,0
58673,0
58674,0
58675,0
58676,0
58677,0
58678,0
58679,0
58680,0
58681,0
58682,0
58683,0
58684,0
58685,0
58686,0
58687,0
58688,0
58689,0
58690,0
58691,0
58692,0
58693,0
58694,0
58695,0
58696,0
58697,0
58698,0
58699,0
58700,0
58701,0
58702,0
58703,0
58704,0
58705,7
58706,0
58707,0
58708,0
58709,0
58710,0
58711,0
58712,0
58713,0
58714,0
58715,0
58716,0
58717,0
58718,0
58719,0
58720,0
58721,0
58722,0
58723,0
58724,0
58725,0
58726,0
58727,0
58728,0
58729,0
58730,0
58731,0
58732,0
58733,0
58734,0
58735,0
58736,0
58737,0
58738,0
58739,0
58740,0
58741,6
58742,0
58743,0
58744,0
58745,0
58746,0
58747,0
58748,0
58749,0
58750,0
58751,0
58752,0
58753,0
58754,0
58755,0
58756,10
58757,0
58758,0
58759,0
58760,0
58761,10
58762,0
58763,0
58764,0
58765,0
58766,0
58767,0
58768,0
58769,0
58770,0
58771,0
58772,0
58773,0
58774,0
58775,0
58776,0
58777,0
58778,4
58779,0
58780,0
58781,0
58782,0
58783,0
58784,0
58785,0
58786,0
58787,0
58788,0
58789,0
58790,0
58791,0
58792,0
58793,0
58794,0
58795,0
58796,0
58797,0
58798,0
58799,0
58800,0
58801,0
58802,0
58803,0
58804,0
58805,0
58806,0
58807,0
58808,0
58809,0
58810,0
58811,0
58812,0
58813,0
58814,0
58815,0
58816,0
58817,0
58818,0
58819,0
58820,0
58821,0
58822,0
58823,0
58824,0
58825,7
58826,6
58827,0
58828,0
58829,0
58830,7
58831,0
58832,0
58833,0
58834,0
58835,0
58836,0
58837,0
58838,0
58839,0
58840,0
58841,0
58842,0
58843,0
58844,0
58845,0
58846,11
58847,0
58848,0
58849,0
58850,0
58851,0
58852,0
58853,0
58854,0
58855,0
58856,0
58857,0
58858,0
58859,0
58860,0
58861,0
58862,0
58863,0
58864,0
58865,0
58866,0
58867,0
58868,0
58869,0
58870,0
58871,0
58872,0
58873,0
58874,0
58875,0
58876,0
58877,0
58878,0
58879,11
58880,9
58881,11
58882,0
58883,11
58884,0
58885,0
58886,0
58887,0
58888,0
58889,0
58890,0
58891,0
58892,0
58893,0
58894,0
58895,0
58896,0
58897,0
58898,0
58899,0
58900,0
58901,0
58902,0
58903,0
58904,0
58905,0
58906,0
58907,0
58908,0
58909,0
58910,0
58911,0
58912,0
58913,0
58914,0
58915,0
58916,0
58917,12
58918,0
58919,0
58920,0
58921,0
58922,6
58923,0
58924,0
58925,0
58926,0
58927,0
58928,0
58929,0
58930,0
58931,0
58932,0
58933,9
58934,0
58935,0
58936,0
58937,0
58938,0
58939,0
58940,0
58941,0
58942,0
58943,0
58944,0
58945,0
58946,0
58947,9
58948,0
58949,0
58950,0
58951,0
58952,10
58953,0
58954,0
58955,0
58956,0
58957,0
58958,0
58959,0
58960,0
58961,0
58962,0
58963,0
58964,0
58965,0
58966,0
58967,0
58968,0
58969,0
58970,0
58971,0
58972,0
58973,0
58974,0
58975,0
58976,0
58977,0
58978,0
58979,0
58980,0
58981,7
58982,0
58983,0
58984,0
58985,0
58986,0
58987,0
58988,0
58989,0
58990,0
58991,0
58992,0
58993,0
58994,0
58995,0
58996,0
58997,0
58998,0
58999,0
59000,0
59001,0
59002,0
59003,0
59004,0
59005,0
59006,0
59007,0
59008,0
59009,0
59010,0
59011,0
59012,0
59013,0
59014,21
59015,0
59016,0
59017,0
59018,0
59019,0
59020,0
59021,0
59022,0
59023,0
59024,0
59025,0
59026,0
59027,0
59028,0
59029,0
59030,0
59031,0
59032,0
59033,0
59034,14
59035,0
59036,16
59037,0
59038,0
59039,22
59040,0
59041,0
59042,0
59043,0
59044,0
59045,0
59046,0
59047,0
59048,0
59049,0
59050,0
59051,0
59052,0
59053,0
59054,0
59055,0
59056,0
59057,0
59058,0
59059,0
59060,0
59061,0
59062,0
59063,0
59064,9
59065,0
59066,0
59067,0
59068,0
59069,0
59070,16
59071,0
59072,0
59073,0
59074,0
59075,0
59076,0
59077,0
59078,0
59079,0
59080,0
59081,0
59082,0
59083,0
59084,0
59085,0
59086,0
59087,0
59088,0
59089,0
59090,0
59091,0
59092,0
59093,0
59094,0
59095,0
59096,0
59097,0
59098,21
59099,0
59100,0
59101,0
59102,0
59103,0
59104,0
59105,0
59106,0
59107,0
59108,0
59109,0
59110,0
59111,0
59112,0
59113,0
59114,0
59115,0
59116,0
59117,0
59118,0
59119,0
59120,0
59121,19
59122,16
59123,0
59124,0
59125,0
59126,0
59127,0
59128,0
59129,0
59130,0
59131,0
59132,0
59133,0
59134,0
59135,0
59136,0
59137,0
59138,0
59139,0
59140,0
59141,0
59142,0
59143,0
59144,0
59145,0
59146,11
59147,0
59148,0
59149,0
59150,0
59151,0
59152,0
59153,0
59154,0
59155,0
59156,0
59157,0
59158,0
59159,0
59160,0
59161,0
59162,0
59163,0
59164,0
59165,0
59166,0
59167,0
59168,0
59169,0
59170,0
59171,0
59172,0
59173,0
59174,0
59175,0
59176,0
59177,0
59178,0
59179,0
59180,0
59181,0
59182,0
59183,0
59184,0
59185,0
59186,0
59187,0
59188,0
59189,0
59190,0
59191,0
59192,0
59193,0
59194,0
59195,0
59196,0
59197,0
59198,0
59199,0
59200,0
59201,0
59202,0
59203,0
59204,0
59205,0
59206,0
59207,0
59208,0
59209,0
59210,0
59211,0
59212,0
59213,0
59214,0
59215,0
59216,0
59217,0
59218,0
59219,0
59220,0
59221,0
59222,0
59223,0
59224,0
59225,0
59226,0
59227,0
59228,0
59229,0
59230,0
59231,0
59232,18
59233,0
59234,0
59235,0
59236,0
59237,0
59238,0
59239,0
59240,0
59241,0
59242,0
59243,0
59244,0
59245,0
59246,0
59247,0
59248,0
59249,0
59250,0
59251,0
59252,0
59253,0
59254,0
59255,0
59256,5
59257,0
59258,0
59259,0
59260,0
59261,0
59262,0
59263,0
59264,0
59265,0
59266,0
59267,0
59268,0
59269,0
59270,0
59271,0
59272,0
59273,0
59274,0
59275,24
59276,0
59277,0
59278,0
59279,0
59280,0
59281,0
59282,0
59283,0
59284,0
59285,0
59286,0
59287,0
59288,0
59289,0
59290,0
59291,0
59292,0
59293,0
59294,0
59295,0
59296,0
59297,5
59298,0
59299,0
59300,0
59301,0
59302,0
59303,0
59304,0
59305,0
59306,0
59307,0
59308,0
59309,0
59310,0
59311,0
59312,0
59313,0
59314,0
59315,0
59316,0
59317,0
59318,0
59319,0
59320,0
59321,0
59322,16
59323,0
59324,0
59325,0
59326,16
59327,0
59328,0
59329,13
59330,10
59331,0
59332,0
59333,0
59334,0
59335,0
59336,0
59337,0
59338,17
59339,0
59340,0
59341,0
59342,0
59343,0
59344,0
59345,0
59346,0
59347,0
59348,0
59349,0
59350,0
59351,0
59352,0
59353,0
59354,0
59355,0
59356,0
59357,0
59358,0
59359,0
59360,0
59361,0
59362,0
59363,0
59364,0
59365,0
59366,0
59367,0
59368,0
59369,0
59370,0
59371,0
59372,0
59373,0
59374,0
59375,1
59376,0
59377,0
59378,0
59379,0
59380,0
59381,0
59382,0
59383,0
59384,0
59385,0
59386,0
59387,0
59388,0
59389,0
59390,0
59391,0
59392,0
59393,0
59394,0
59395,0
59396,0
59397,0
59398,0
59399,0
59400,0
59401,0
59402,0
59403,0
59404,0
59405,0
59406,0
59407,0
59408,0
59409,0
59410,0
59411,0
59412,0
59413,0
59414,0
59415,0
59416,0
59417,0
59418,0
59419,0
59420,0
59421,0
59422,0
59423,0
59424,0
59425,0
59426,0
59427,0
59428,0
59429,0
59430,0
59431,0
59432,0
59433,0
59434,0
59435,0
59436,0
59437,0
59438,0
59439,0
59440,0
59441,0
59442,0
59443,0
59444,0
59445,0
59446,0
59447,0
59448,0
59449,0
59450,0
59451,0
59452,0
59453,0
59454,0
59455,0
59456,0
59457,0
59458,0
59459,0
59460,0
59461,0
59462,0
59463,0
59464,0
59465,0
59466,0
59467,0
59468,0
59469,0
59470,0
59471,0
59472,0
59473,0
59474,0
59475,0
59476,0
59477,0
59478,0
59479,0
59480,0
59481,0
59482,0
59483,0
59484,0
59485,0
59486,0
59487,0
59488,0
59489,0
59490,0
59491,0
59492,0
59493,0
59494,0
59495,0
59496,0
59497,0
59498,0
59499,0
59500,0
59501,0
59502,0
59503,0
59504,0
59505,0
59506,0
59507,0
59508,0
59509,0
59510,0
59511,0
59512,0
59513,0
59514,0
59515,0
59516,0
59517,0
59518,0
59519,0
59520,0
59521,0
59522,0
59523,0
59524,0
59525,0
59526,0
59527,0
59528,0
59529,0
59530,0
59531,0
59532,0
59533,0
59534,0
59535,0
59536,0
59537,0
59538,0
59539,0
59540,0
59541,0
59542,0
59543,0
59544,0
59545,0
59546,0
59547,0
59548,0
59549,0
59550,0
59551,0
59552,0
59553,0
59554,0
59555,0
59556,0
59557,0
59558,0
59559,0
59560,0
59561,0
59562,0
59563,0
59564,0
59565,0
59566,0
59567,0
59568,0
59569,0
59570,0
59571,0
59572,0
59573,0
59574,0
59575,0
59576,0
59577,0
59578,0
59579,1
59580,0
59581,0
59582,0
59583,0
59584,0
59585,0
59586,0
59587,0
59588,0
59589,0
59590,0
59591,0
59592,0
59593,0
59594,0
59595,0
59596,0
59597,0
59598,0
59599,0
59600,0
59601,0
59602,0
59603,0
59604,0
59605,0
59606,0
59607,0
59608,0
59609,0
59610,0
59611,0
59612,0
59613,0
59614,0
59615,0
59616,0
59617,0
59618,0
59619,0
59620,0
59621,0
59622,0
59623,0
59624,0
59625,0
59626,0
59627,0
59628,0
59629,0
59630,0
59631,0
59632,0
59633,0
59634,0
59635,0
59636,0
59637,0
59638,0
59639,0
59640,0
59641,0
59642,0
59643,0
59644,0
59645,0
59646,0
59647,0
59648,0
59649,0
59650,0
59651,0
59652,0
59653,0
59654,0
59655,0
59656,0
59657,0
59658,0
59659,0
59660,0
59661,0
59662,0
59663,0
59664,0
59665,0
59666,0
59667,0
59668,0
59669,0
59670,0
59671,0
59672,0
59673,0
59674,0
59675,0
59676,0
59677,0
59678,0
59679,0
59680,0
59681,0
59682,0
59683,0
59684,0
59685,1
59686,0
59687,0
59688,0
59689,0
59690,0
59691,0
59692,0
59693,0
59694,0
59695,0
59696,0
59697,0
59698,0
59699,0
59700,0
59701,0
59702,0
59703,0
59704,0
59705,0
59706,0
59707,0
59708,0
59709,0
59710,0
59711,0
59712,0
59713,0
59714,0
59715,0
59716,0
59717,0
59718,0
59719,0
59720,0
59721,0
59722,0
59723,0
59724,0
59725,0
59726,0
59727,0
59728,0
59729,0
59730,0
59731,0
59732,0
59733,0
59734,0
59735,0
59736,0
59737,0
59738,0
59739,0
59740,0
59741,0
59742,0
59743,0
59744,0
59745,0
59746,0
59747,0
59748,0
59749,0
59750,0
59751,0
59752,0
59753,0
59754,0
59755,0
59756,0
59757,0
59758,0
59759,0
59760,0
59761,0
59762,0
59763,0
59764,0
59765,0
59766,0
59767,0
59768,0
59769,0
59770,0
59771,0
59772,0
59773,0
59774,0
59775,0
59776,0
59777,0
59778,27
59779,0
59780,0
59781,21
59782,19
59783,0
59784,0
59785,0
59786,0
59787,16
59788,0
59789,0
59790,0
59791,0
59792,0
59793,0
59794,0
59795,0
59796,0
59797,0
59798,0
59799,0
59800,27
59801,0
59802,0
59803,0
59804,0
59805,0
59806,32
59807,0
59808,0
59809,18
59810,0
59811,0
59812,0
59813,33
59814,0
59815,0
59816,32
59817,0
59818,0
59819,0
59820,0
59821,0
59822,18
59823,21
59824,0
59825,0
59826,26
59827,0
59828,41
59829,0
59830,0
59831,0
59832,0
59833,0
59834,0
59835,0
59836,25
59837,0
59838,0
59839,0
59840,35
59841,0
59842,0
59843,0
59844,0
59845,0
59846,0
59847,0
59848,33
59849,0
59850,0
59851,0
59852,0
59853,19
59854,0
59855,0
59856,0
59857,0
59858,16
59859,19
59860,0
59861,24
59862,0
59863,19
59864,0
59865,0
59866,0
59867,38
59868,0
59869,0
59870,19
59871,0
59872,0
59873,16
59874,0
59875,0
59876,0
59877,0
59878,0
59879,0
59880,0
59881,0
59882,0
59883,0
59884,0
59885,0
59886,0
59887,0
59888,0
59889,0
59890,0
59891,0
59892,0
59893,0
59894,0
59895,0
59896,10
59897,0
59898,0
59899,0
59900,0
59901,0
59902,0
59903,0
59904,0
59905,29
59906,0
59907,0
59908,0
59909,0
59910,0
59911,0
59912,0
59913,0
59914,0
59915,22
59916,0
59917,0
59918,0
59919,0
59920,0
59921,0
59922,0
59923,0
59924,0
59925,0
59926,0
59927,14
59928,0
59929,0
59930,29
59931,0
59932,0
59933,0
59934,0
59935,0
59936,0
59937,0
59938,0
59939,22
59940,0
59941,0
59942,0
59943,0
59944,0
59945,0
59946,0
59947,0
59948,0
59949,0
59950,22
59951,33
59952,0
59953,23
59954,0
59955,27
59956,0
59957,17
59958,0
59959,0
59960,16
59961,18
59962,18
59963,22
59964,18
59965,0
59966,17
59967,28
59968,0
59969,42
59970,20
59971,0
59972,0
59973,0
59974,0
59975,0
59976,0
59977,0
59978,0
59979,0
59980,22
59981,18
59982,0
59983,0
59984,0
59985,0
59986,0
59987,0
59988,0
59989,0
59990,0
59991,0
59992,0
59993,0
59994,0
59995,12
59996,0
59997,0
59998,0
59999,0
60000,0
60001,14
60002,0
60003,0
60004,0
60005,0
60006,0
60007,0
60008,0
60009,0
60010,0
60011,0
60012,0
60013,0
60014,0
60015,0
60016,0
60017,19
60018,0
60019,0
60020,0
60021,0
60022,0
60023,0
60024,0
60025,0
60026,20
60027,0
60028,15
60029,0
60030,0
60031,0
60032,0
60033,0
60034,0
60035,18
60036,0
60037,0
60038,0
60039,0
60040,0
60041,12
60042,0
60043,0
60044,0
60045,0
60046,0
60047,0
60048,0
60049,0
60050,27
60051,0
60052,0
60053,0
60054,0
60055,0
60056,0
60057,0
60058,0
60059,0
60060,0
60061,0
60062,0
60063,0
60064,0
60065,0
60066,0
60067,0
60068,0
60069,0
60070,0
60071,0
60072,0
60073,13
60074,0
60075,0
60076,0
60077,0
60078,26
60079,0
60080,0
60081,14
60082,0
60083,0
60084,0
60085,0
60086,0
60087,0
60088,23
60089,0
60090,0
60091,0
60092,0
60093,0
60094,0
60095,0
60096,0
60097,0
60098,0
60099,0
60100,23
60101,0
60102,0
60103,17
60104,18
60105,20
60106,23
60107,0
60108,0
60109,0
60110,19
60111,0
60112,0
60113,0
60114,0
60115,0
60116,0
60117,16
60118,0
60119,0
60120,19
60121,0
60122,0
60123,0
60124,0
60125,0
60126,0
60127,0
60128,0
60129,0
60130,0
60131,0
60132,0
60133,0
60134,0
60135,17
60136,0
60137,10
60138,0
60139,0
60140,0
60141,19
60142,0
60143,0
60144,0
60145,0
60146,0
60147,0
60148,16
60149,20
60150,0
60151,15
60152,0
60153,0
60154,11
60155,0
60156,0
60157,0
60158,6
60159,0
60160,0
60161,0
60162,7
60163,0
60164,0
60165,13
60166,0
60167,0
60168,0
60169,0
60170,0
60171,0
60172,0
60173,0
60174,0
60175,0
60176,0
60177,0
60178,16
60179,0
60180,6
60181,0
60182,0
60183,18
60184,0
60185,0
60186,0
60187,0
60188,0
60189,0
60190,29
60191,10
60192,0
60193,0
60194,0
60195,0
60196,0
60197,11
60198,0
60199,9
60200,0
60201,0
60202,0
60203,0
60204,0
60205,0
60206,0
60207,0
60208,14
60209,0
60210,0
60211,0
60212,0
60213,0
60214,0
60215,0
60216,0
60217,0
60218,13
60219,0
60220,0
60221,9
60222,0
60223,18
60224,0
60225,0
60226,0
60227,0
60228,9
60229,0
60230,0
60231,10
60232,0
60233,9
60234,0
60235,0
60236,0
60237,0
60238,0
60239,0
60240,11
60241,0
60242,0
60243,0
60244,0
60245,0
60246,0
60247,0
60248,0
60249,0
60250,0
60251,0
60252,0
60253,0
60254,0
60255,18
60256,9
60257,14
60258,0
60259,15
60260,0
60261,0
60262,0
60263,0
60264,8
60265,0
60266,0
60267,0
60268,0
60269,0
60270,0
60271,0
60272,15
60273,0
60274,0
60275,8
60276,0
60277,0
60278,0
60279,0
60280,0
60281,0
60282,21
60283,0
60284,0
60285,13
60286,0
60287,0
60288,0
60289,0
60290,12
60291,0
60292,14
60293,0
60294,11
60295,16
60296,0
60297,14
60298,0
60299,0
60300,8
60301,0
60302,0
60303,12
60304,0
60305,0
60306,19
60307,0
60308,0
60309,14
60310,0
60311,0
60312,0
60313,23
60314,0
60315,17
60316,12
60317,0
60318,0
60319,0
60320,0
60321,0
60322,0
60323,15
60324,0
60325,0
60326,0
60327,0
60328,0
60329,0
60330,0
60331,0
60332,0
60333,0
60334,0
60335,0
60336,0
60337,0
60338,0
60339,0
60340,0
60341,16
60342,7
60343,0
60344,0
60345,0
60346,13
60347,6
60348,8
60349,15
60350,0
60351,12
60352,31
60353,0
60354,0
60355,0
60356,21
60357,0
60358,17
60359,0
60360,0
60361,0
60362,0
60363,19
60364,16
60365,9
60366,0
60367,0
60368,0
60369,0
60370,25
60371,0
60372,0
60373,12
60374,0
60375,15
60376,0
60377,0
60378,13
60379,16
60380,0
60381,0
60382,11
60383,7
60384,0
60385,0
60386,0
60387,0
60388,0
60389,0
60390,0
60391,0
60392,0
60393,0
60394,0
60395,0
60396,0
60397,0
60398,13
60399,0
60400,0
60401,0
60402,11
60403,0
60404,0
60405,0
60406,0
60407,0
60408,0
60409,0
60410,0
60411,0
60412,0
60413,20
60414,0
60415,0
60416,0
60417,0
60418,0
60419,0
60420,0
60421,16
60422,0
60423,15
60424,15
60425,0
60426,0
60427,0
60428,15
60429,0
60430,0
60431,0
60432,13
60433,23
60434,20
60435,0
60436,0
60437,0
60438,0
60439,12
60440,0
60441,11
60442,0
60443,18
60444,0
60445,0
60446,0
60447,8
60448,18
60449,0
60450,9
60451,0
60452,0
60453,0
60454,0
60455,19
60456,11
60457,0
60458,0
60459,0
60460,0
60461,13
60462,13
60463,0
60464,0
60465,0
60466,0
60467,0
60468,0
60469,0
60470,10
60471,18
60472,0
60473,0
60474,0
60475,0
60476,0
60477,0
60478,0
60479,15
60480,0
60481,15
60482,0
60483,0
60484,0
60485,23
60486,0
60487,0
60488,0
60489,0
60490,0
60491,0
60492,8
60493,0
60494,0
60495,0
60496,6
60497,0
60498,9
60499,13
60500,0
60501,0
60502,0
60503,0
60504,0
60505,0
60506,0
60507,0
60508,15
60509,0
60510,0
60511,0
60512,0
60513,0
60514,0
60515,13
60516,0
60517,0
60518,0
60519,21
60520,0
60521,0
60522,0
60523,20
60524,0
60525,0
60526,0
60527,0
60528,0
60529,0
60530,17
60531,0
60532,0
60533,21
60534,5
60535,8
60536,0
60537,0
60538,0
60539,0
60540,0
60541,0
60542,0
60543,0
60544,0
60545,19
60546,0
60547,8
60548,16
60549,0
60550,0
60551,13
60552,0
60553,16
60554,0
60555,0
60556,0
60557,0
60558,0
60559,0
60560,17
60561,0
60562,0
60563,0
60564,0
60565,0
60566,22
60567,7
60568,0
60569,15
60570,5
60571,16
60572,0
60573,0
60574,0
60575,0
60576,0
60577,0
60578,0
60579,18
60580,0
60581,0
60582,0
60583,0
60584,0
60585,0
60586,18
60587,0
60588,11
60589,0
60590,0
60591,0
60592,0
60593,0
60594,0
60595,0
60596,0
60597,0
60598,21
60599,12
60600,0
60601,15
60602,0
60603,0
60604,0
60605,0
60606,0
60607,18
60608,19
60609,0
60610,16
60611,0
60612,0
60613,0
60614,5
60615,0
60616,0
60617,0
60618,0
60619,0
60620,0
60621,14
60622,16
60623,11
60624,0
60625,0
60626,8
60627,0
60628,0
60629,15
60630,18
60631,11
60632,16
60633,0
60634,0
60635,0
60636,0
60637,0
60638,0
60639,0
60640,30
60641,0
60642,0
60643,17
60644,0
60645,0
60646,0
60647,0
60648,0
60649,26
60650,14
60651,0
60652,16
60653,8
60654,0
60655,0
60656,16
60657,0
60658,0
60659,12
60660,0
60661,15
60662,0
60663,9
60664,0
60665,0
60666,0
60667,0
60668,0
60669,0
60670,0
60671,21
60672,0
60673,0
60674,0
60675,0
60676,12
60677,23
60678,0
60679,0
60680,0
60681,0
60682,0
60683,0
60684,0
60685,0
60686,0
60687,0
60688,18
60689,0
60690,0
60691,14
60692,0
60693,0
60694,0
60695,0
60696,14
60697,11
60698,0
60699,10
60700,12
60701,14
60702,0
60703,0
60704,0
60705,0
60706,0
60707,0
60708,0
60709,0
60710,15
60711,11
60712,0
60713,0
60714,0
60715,15
60716,0
60717,0
60718,0
60719,0
60720,0
60721,0
60722,16
60723,0
60724,0
60725,7
60726,0
60727,0
60728,20
60729,14
60730,0
60731,0
60732,0
60733,0
60734,0
60735,0
60736,16
60737,0
60738,15
60739,0
60740,0
60741,23
60742,10
60743,9
60744,18
60745,0
60746,0
60747,15
60748,14
60749,0
60750,0
60751,19
60752,0
60753,0
60754,0
60755,0
60756,14
60757,19
60758,0
60759,0
60760,0
60761,0
60762,13
60763,0
60764,0
60765,12
60766,0
60767,0
60768,0
60769,0
60770,0
60771,0
60772,0
60773,13
60774,0
60775,11
60776,0
60777,0
60778,0
60779,0
60780,0
60781,22
60782,0
60783,0
60784,0
60785,0
60786,0
60787,0
60788,0
60789,0
60790,0
60791,0
60792,13
60793,0
60794,0
60795,18
60796,0
60797,20
60798,0
60799,14
60800,14
60801,0
60802,0
60803,0
60804,0
60805,0
60806,0
60807,0
60808,0
60809,0
60810,0
60811,0
60812,18
60813,0
60814,0
60815,7
60816,0
60817,0
60818,0
60819,0
60820,0
60821,0
60822,0
60823,0
60824,17
60825,0
60826,0
60827,0
60828,0
60829,0
60830,0
60831,0
60832,13
60833,0
60834,0
60835,0
60836,0
60837,0
60838,0
60839,0
60840,0
60841,0
60842,0
60843,0
60844,15
60845,0
60846,14
60847,0
60848,0
60849,0
60850,0
60851,16
60852,0
60853,0
60854,20
60855,11
60856,0
60857,0
60858,0
60859,0
60860,12
60861,18
60862,0
60863,9
60864,0
60865,0
60866,0
60867,0
60868,0
60869,0
60870,0
60871,0
60872,0
60873,0
60874,20
60875,12
60876,12
60877,0
60878,0
60879,0
60880,0
60881,0
60882,0
60883,25
60884,0
60885,0
60886,0
60887,0
60888,16
60889,0
60890,10
60891,0
60892,0
60893,0
60894,0
60895,16
60896,0
60897,0
60898,8
60899,22
60900,0
60901,0
60902,0
60903,0
60904,13
60905,0
60906,0
60907,0
60908,0
60909,16
60910,0
60911,0
60912,0
60913,8
60914,0
60915,0
60916,0
60917,0
60918,0
60919,0
60920,8
60921,0
60922,19
60923,11
60924,10
60925,0
60926,0
60927,0
60928,0
60929,23
60930,0
60931,0
60932,0
60933,0
60934,0
60935,0
60936,0
60937,0
60938,0
60939,0
60940,11
60941,0
60942,13
60943,20
60944,0
60945,0
60946,0
60947,0
60948,0
60949,0
60950,0
60951,0
60952,0
60953,0
60954,0
60955,0
60956,0
60957,0
60958,0
60959,0
60960,21
60961,0
60962,0
60963,0
60964,24
60965,0
60966,8
60967,0
60968,0
60969,0
60970,0
60971,0
60972,0
60973,0
60974,0
60975,0
60976,0
60977,0
60978,0
60979,8
60980,0
60981,0
60982,0
60983,0
60984,15
60985,9
60986,0
60987,0
60988,0
60989,0
60990,0
60991,0
60992,0
60993,0
60994,0
60995,0
60996,0
60997,16
60998,0
60999,22
61000,10
61001,0
61002,0
61003,0
61004,0
61005,0
61006,0
61007,25
61008,0
61009,0
61010,13
61011,0
61012,0
61013,0
61014,0
61015,19
61016,0
61017,0
61018,0
61019,0
61020,13
61021,0
61022,0
61023,0
61024,16
61025,0
61026,0
61027,0
61028,22
61029,10
61030,0
61031,14
61032,0
61033,14
61034,0
61035,0
61036,0
61037,0
61038,0
61039,0
61040,0
61041,0
61042,0
61043,0
61044,0
61045,9
61046,0
61047,0
61048,0
61049,0
61050,0
61051,0
61052,12
61053,10
61054,19
61055,0
61056,0
61057,0
61058,15
61059,0
61060,0
61061,0
61062,16
61063,0
61064,0
61065,8
61066,16
61067,0
61068,0
61069,0
61070,0
61071,0
61072,37
61073,31
61074,0
61075,0
61076,0
61077,0
61078,0
61079,0
61080,0
61081,0
61082,0
61083,0
61084,39
61085,0
61086,0
61087,39
61088,0
61089,33
61090,0
61091,0
61092,0
61093,28
61094,0
61095,0
61096,0
61097,30
61098,0
61099,30
61100,0
61101,0
61102,36
61103,0
61104,0
61105,30
61106,0
61107,0
61108,0
61109,0
61110,0
61111,0
61112,0
61113,0
61114,0
61115,0
61116,0
61117,0
61118,0
61119,0
61120,0
61121,0
61122,0
61123,0
61124,26
61125,0
61126,0
61127,0
61128,0
61129,0
61130,0
61131,0
61132,0
61133,0
61134,0
61135,35
61136,0
61137,0
61138,0
61139,0
61140,0
61141,30
61142,0
61143,0
61144,0
61145,0
61146,21
61147,0
61148,0
61149,0
61150,0
61151,38
61152,0
61153,0
61154,0
61155,0
61156,0
61157,0
61158,0
61159,0
61160,0
61161,0
61162,0
61163,0
61164,0
61165,0
61166,40
61167,35
61168,0
61169,35
61170,0
61171,0
61172,0
61173,0
61174,0
61175,0
61176,0
61177,0
61178,0
61179,31
61180,0
61181,0
61182,0
61183,0
61184,32
61185,25
61186,0
61187,22
61188,38
61189,22
61190,41
61191,0
61192,0
61193,0
61194,0
61195,0
61196,0
61197,0
61198,0
61199,0
61200,0
61201,0
61202,0
61203,0
61204,13
61205,0
61206,29
61207,0
61208,0
61209,0
61210,0
61211,39
61212,34
61213,0
61214,0
61215,0
61216,0
61217,40
61218,0
61219,0
61220,0
61221,0
61222,48
61223,27
61224,0
61225,0
61226,0
61227,0
61228,0
61229,0
61230,0
61231,0
61232,0
61233,0
61234,0
61235,0
61236,0
61237,0
61238,33
61239,0
61240,0
61241,0
61242,0
61243,0
61244,30
61245,0
61246,0
61247,0
61248,0
61249,45
61250,0
61251,0
61252,0
61253,0
61254,0
61255,29
61256,0
61257,0
61258,0
61259,0
61260,0
61261,0
61262,0
61263,0
61264,0
61265,0
61266,39
61267,0
61268,0
61269,0
61270,0
61271,0
61272,0
61273,0
61274,0
61275,0
61276,0
61277,0
61278,0
61279,39
61280,0
61281,0
61282,0
61283,0
61284,0
61285,0
61286,0
61287,0
61288,0
61289,0
61290,0
61291,28
61292,0
61293,0
61294,29
61295,0
61296,0
61297,0
61298,0
61299,0
61300,0
61301,0
61302,0
61303,0
61304,0
61305,0
61306,0
61307,0
61308,0
61309,0
61310,0
61311,0
61312,0
61313,0
61314,0
61315,0
61316,0
61317,0
61318,27
61319,0
61320,0
61321,0
61322,35
61323,28
61324,0
61325,0
61326,0
61327,0
61328,0
61329,0
61330,0
61331,0
61332,0
61333,0
61334,32
61335,0
61336,26
61337,41
61338,0
61339,0
61340,0
61341,0
61342,0
61343,0
61344,0
61345,0
61346,29
61347,0
61348,0
61349,0
61350,21
61351,0
61352,0
61353,0
61354,27
61355,0
61356,0
61357,0
61358,0
61359,0
61360,0
61361,0
61362,0
61363,0
61364,0
61365,0
61366,0
61367,0
61368,0
61369,0
61370,40
61371,28
61372,0
61373,0
61374,26
61375,0
61376,0
61377,0
61378,0
61379,0
61380,0
61381,0
61382,0
61383,43
61384,0
61385,0
61386,0
61387,0
61388,0
61389,36
61390,0
61391,0
61392,0
61393,0
61394,0
61395,0
61396,31
61397,27
61398,32
61399,0
61400,26
61401,0
61402,0
61403,0
61404,0
61405,0
61406,0
61407,0
61408,0
61409,0
61410,0
61411,0
61412,0
61413,0
61414,39
61415,44
61416,45
61417,29
61418,0
61419,0
61420,0
61421,0
61422,0
61423,0
61424,0
61425,0
61426,36
61427,24
61428,0
61429,47
61430,29
61431,0
61432,0
61433,0
61434,0
61435,0
61436,0
61437,0
61438,0
61439,30
61440,0
61441,0
61442,0
61443,0
61444,0
61445,0
61446,20
61447,0
61448,0
61449,0
61450,0
61451,0
61452,48
61453,0
61454,0
61455,0
61456,0
61457,0
61458,0
61459,0
61460,0
61461,0
61462,0
61463,0
61464,0
61465,17
61466,0
61467,0
61468,16
61469,0
61470,24
61471,31
61472,0
61473,0
61474,0
61475,0
61476,43
61477,0
61478,0
61479,0
61480,35
61481,0
61482,0
61483,41
61484,0
61485,0
61486,0
61487,0
61488,35
61489,0
61490,0
61491,0
61492,0
61493,29
61494,0
61495,0
61496,0
61497,0
61498,0
61499,29
61500,0
61501,0
61502,23
61503,0
61504,0
61505,0
61506,0
61507,0
61508,0
61509,0
61510,20
61511,0
61512,0
61513,0
61514,0
61515,0
61516,0
61517,0
61518,0
61519,21
61520,0
61521,0
61522,23
61523,44
61524,0
61525,0
61526,0
61527,0
61528,0
61529,47
61530,0
61531,0
61532,0
61533,0
61534,39
61535,0
61536,42
61537,0
61538,0
61539,22
61540,25
61541,0
61542,0
61543,0
61544,0
61545,0
61546,0
61547,0
61548,0
61549,0
61550,0
61551,30
61552,0
61553,0
61554,0
61555,0
61556,29
61557,0
61558,0
61559,0
61560,0
61561,0
61562,31
61563,27
61564,0
61565,0
61566,0
61567,0
61568,0
61569,0
61570,0
61571,26
61572,0
61573,32
61574,0
61575,0
61576,36
61577,40
61578,0
61579,0
61580,0
61581,32
61582,0
61583,0
61584,49
61585,0
61586,0
61587,0
61588,0
61589,0
61590,0
61591,0
61592,0
61593,0
61594,0
61595,35
61596,0
61597,0
61598,0
61599,0
61600,0
61601,35
61602,0
61603,0
61604,0
61605,0
61606,36
61607,0
61608,0
61609,0
61610,0
61611,0
61612,0
61613,0
61614,0
61615,0
61616,0
61617,0
61618,0
61619,0
61620,0
61621,47
61622,0
61623,0
61624,0
61625,35
61626,0
61627,45
61628,0
61629,0
61630,0
61631,0
61632,0
61633,25
61634,43
61635,0
61636,0
61637,0
61638,0
61639,0
61640,0
61641,0
61642,36
61643,38
61644,0
61645,0
61646,0
61647,0
61648,0
61649,0
61650,0
61651,0
61652,0
61653,0
61654,0
61655,0
61656,0
61657,0
61658,0
61659,0
61660,0
61661,0
61662,0
61663,0
61664,0
61665,0
61666,0
61667,0
61668,0
61669,0
61670,0
61671,0
61672,0
61673,0
61674,0
61675,33
61676,0
61677,0
61678,0
61679,0
61680,0
61681,0
61682,0
61683,0
61684,0
61685,28
61686,0
61687,0
61688,29
61689,0
61690,0
61691,0
61692,0
61693,0
61694,0
61695,0
61696,0
61697,0
61698,0
61699,0
61700,0
61701,34
61702,0
61703,0
61704,0
61705,0
61706,0
61707,39
61708,33
61709,0
61710,0
61711,0
61712,0
61713,0
61714,0
61715,0
61716,0
61717,0
61718,0
61719,0
61720,0
61721,27
61722,0
61723,0
61724,0
61725,0
61726,0
61727,0
61728,0
61729,0
61730,43
61731,0
61732,28
61733,36
61734,0
61735,41
61736,0
61737,0
61738,0
61739,0
61740,0
61741,0
61742,0
61743,0
61744,0
61745,34
61746,0
61747,0
61748,0
61749,0
61750,0
61751,0
61752,0
61753,0
61754,0
61755,0
61756,0
61757,0
61758,0
61759,0
61760,26
61761,0
61762,0
61763,0
61764,0
61765,0
61766,0
61767,0
61768,0
61769,27
61770,0
61771,0
61772,0
61773,0
61774,0
61775,0
61776,0
61777,0
61778,0
61779,0
61780,0
61781,0
61782,0
61783,0
61784,0
61785,0
61786,0
61787,0
61788,0
61789,0
61790,0
61791,0
61792,0
61793,0
61794,0
61795,28
61796,30
61797,0
61798,0
61799,0
61800,0
61801,0
61802,0
61803,0
61804,23
61805,0
61806,0
61807,0
61808,0
61809,0
61810,0
61811,0
61812,24
61813,0
61814,0
61815,0
61816,0
61817,0
61818,0
61819,0
61820,0
61821,0
61822,0
61823,0
61824,0
61825,0
61826,0
61827,0
61828,0
61829,0
61830,0
61831,9
61832,13
61833,0
61834,0
61835,8
61836,0
61837,15
61838,9
61839,0
61840,0
61841,0
61842,0
61843,0
61844,7
61845,0
61846,0
61847,0
61848,0
61849,12
61850,15
61851,0
61852,8
61853,0
61854,0
61855,0
61856,10
61857,0
61858,0
61859,13
61860,0
61861,0
61862,0
61863,12
61864,0
61865,17
61866,0
61867,0
61868,0
61869,0
61870,0
61871,16
61872,0
61873,9
61874,0
61875,13
61876,14
61877,15
61878,9
61879,16
61880,0
61881,0
61882,0
61883,0
61884,0
61885,10
61886,0
61887,0
61888,13
61889,9
61890,13
61891,0
61892,0
61893,0
61894,0
61895,0
61896,0
61897,0
61898,15
61899,9
61900,0
61901,0
61902,7
61903,17
61904,0
61905,0
61906,0
61907,0
61908,0
61909,0
61910,0
61911,0
61912,0
61913,0
61914,0
61915,17
61916,9
61917,0
61918,0
61919,9
61920,0
61921,12
61922,0
61923,0
61924,0
61925,4
61926,0
61927,16
61928,0
61929,16
61930,0
61931,4
61932,0
61933,10
61934,10
61935,11
61936,0
61937,0
61938,0
61939,0
61940,0
61941,0
61942,0
61943,0
61944,7
61945,13
61946,12
61947,0
61948,0
61949,0
61950,0
61951,0
61952,0
61953,0
61954,0
61955,0
61956,0
61957,0
61958,0
61959,18
61960,0
61961,17
61962,12
61963,0
61964,12
61965,0
61966,0
61967,10
61968,0
61969,4
61970,0
61971,14
61972,0
61973,13
61974,16
61975,0
61976,18
61977,15
61978,0
61979,12
61980,0
61981,17
61982,0
61983,0
61984,0
61985,0
61986,12
61987,13
61988,6
61989,0
61990,0
61991,0
61992,0
61993,0
61994,0
61995,0
61996,11
61997,0
61998,0
61999,0
62000,0
62001,0
62002,0
62003,0
62004,0
62005,0
62006,0
62007,10
62008,0
62009,0
62010,12
62011,0
62012,0
62013,0
62014,0
62015,0
62016,0
62017,0
62018,0
62019,0
62020,10
62021,0
62022,0
62023,0
62024,6
62025,0
62026,0
62027,0
62028,0
62029,0
62030,13
62031,0
62032,10
62033,12
62034,0
62035,7
62036,0
62037,0
62038,0
62039,0
62040,11
62041,6
62042,0
62043,0
62044,0
62045,0
62046,5
62047,0
62048,0
62049,8
62050,0
62051,9
62052,9
62053,0
62054,0
62055,0
62056,0
62057,0
62058,0
62059,9
62060,0
62061,0
62062,0
62063,0
62064,0
62065,8
62066,0
62067,0
62068,10
62069,6
62070,19
62071,0
62072,17
62073,0
62074,15
62075,0
62076,0
62077,0
62078,0
62079,0
62080,19
62081,0
62082,0
62083,0
62084,12
62085,5
62086,7
62087,0
62088,0
62089,0
62090,0
62091,0
62092,0
62093,21
62094,0
62095,0
62096,0
62097,0
62098,16
62099,0
62100,0
62101,0
62102,18
62103,0
62104,0
62105,0
62106,0
62107,0
62108,0
62109,0
62110,0
62111,0
62112,0
62113,0
62114,0
62115,0
62116,0
62117,0
62118,0
62119,0
62120,0
62121,0
62122,0
62123,0
62124,0
62125,13
62126,14
62127,0
62128,0
62129,0
62130,0
62131,0
62132,8
62133,5
62134,11
62135,0
62136,0
62137,0
62138,0
62139,0
62140,0
62141,10
62142,0
62143,7
62144,0
62145,0
62146,0
62147,0
62148,0
62149,14
62150,0
62151,0
62152,0
62153,9
62154,0
62155,11
62156,0
62157,0
62158,0
62159,0
62160,0
62161,0
62162,0
62163,0
62164,0
62165,0
62166,0
62167,0
62168,0
62169,0
62170,0
62171,0
62172,0
62173,23
62174,0
62175,0
62176,14
62177,6
62178,0
62179,0
62180,0
62181,0
62182,12
62183,12
62184,0
62185,0
62186,0
62187,0
62188,16
62189,12
62190,10
62191,3
62192,0
62193,11
62194,12
62195,0
62196,0
62197,0
62198,0
62199,0
62200,14
62201,5
62202,0
62203,0
62204,0
62205,0
62206,6
62207,18
62208,0
62209,0
62210,12
62211,0
62212,0
62213,15
62214,0
62215,8
62216,14
62217,0
62218,0
62219,0
62220,0
62221,0
62222,0
62223,12
62224,5
62225,0
62226,0
62227,0
62228,0
62229,0
62230,0
62231,0
62232,0
62233,0
62234,0
62235,0
62236,0
62237,0
62238,0
62239,11
62240,0
62241,0
62242,0
62243,11
62244,0
62245,0
62246,6
62247,0
62248,0
62249,0
62250,0
62251,16
62252,0
62253,13
62254,12
62255,0
62256,5
62257,0
62258,10
62259,0
62260,0
62261,0
62262,9
62263,0
62264,0
62265,0
62266,8
62267,6
62268,0
62269,0
62270,0
62271,0
62272,0
62273,0
62274,0
62275,0
62276,14
62277,14
62278,0
62279,8
62280,9
62281,0
62282,0
62283,12
62284,0
62285,0
62286,12
62287,0
62288,5
62289,0
62290,0
62291,11
62292,0
62293,0
62294,11
62295,0
62296,0
62297,0
62298,0
62299,0
62300,10
62301,8
62302,0
62303,0
62304,0
62305,0
62306,0
62307,10
62308,16
62309,0
62310,0
62311,10
62312,0
62313,10
62314,9
62315,0
62316,0
62317,0
62318,0
62319,0
62320,0
62321,0
62322,0
62323,0
62324,0
62325,0
62326,0
62327,0
62328,7
62329,0
62330,0
62331,16
62332,0
62333,0
62334,0
62335,0
62336,0
62337,0
62338,0
62339,0
62340,0
62341,0
62342,0
62343,0
62344,14
62345,12
62346,0
62347,0
62348,0
62349,0
62350,0
62351,0
62352,11
62353,0
62354,0
62355,0
62356,10
62357,0
62358,0
62359,0
62360,0
62361,0
62362,16
62363,0
62364,12
62365,0
62366,0
62367,10
62368,10
62369,11
62370,0
62371,0
62372,0
62373,0
62374,0
62375,0
62376,0
62377,0
62378,0
62379,0
62380,10
62381,0
62382,12
62383,14
62384,13
62385,8
62386,0
62387,0
62388,16
62389,0
62390,12
62391,0
62392,0
62393,0
62394,13
62395,0
62396,21
62397,11
62398,0
62399,9
62400,0
62401,12
62402,0
62403,8
62404,0
62405,0
62406,0
62407,0
62408,0
62409,0
62410,0
62411,0
62412,0
62413,0
62414,6
62415,13
62416,0
62417,0
62418,0
62419,0
62420,0
62421,0
62422,13
62423,0
62424,0
62425,9
62426,14
62427,0
62428,0
62429,0
62430,8
62431,0
62432,0
62433,0
62434,0
62435,10
62436,9
62437,0
62438,0
62439,0
62440,0
62441,15
62442,0
62443,11
62444,11
62445,0
62446,12
62447,0
62448,13
62449,0
62450,0
62451,14
62452,7
62453,16
62454,0
62455,0
62456,0
62457,13
62458,5
62459,11
62460,13
62461,0
62462,13
62463,0
62464,0
62465,0
62466,0
62467,0
62468,0
62469,6
62470,0
62471,0
62472,0
62473,15
62474,0
62475,11
62476,0
62477,0
62478,0
62479,12
62480,0
62481,0
62482,0
62483,20
62484,0
62485,0
62486,9
62487,0
62488,0
62489,0
62490,0
62491,19
62492,0
62493,0
62494,0
62495,0
62496,0
62497,0
62498,0
62499,0
62500,0
62501,0
62502,0
62503,12
62504,0
62505,8
62506,0
62507,0
62508,0
62509,0
62510,0
62511,0
62512,0
62513,0
62514,0
62515,0
62516,0
62517,11
62518,0
62519,11
62520,0
62521,0
62522,0
62523,18
62524,6
62525,0
62526,10
62527,0
62528,0
62529,0
62530,0
62531,0
62532,0
62533,0
62534,12
62535,0
62536,0
62537,14
62538,0
62539,11
62540,14
62541,0
62542,0
62543,0
62544,0
62545,0
62546,0
62547,10
62548,0
62549,0
62550,15
62551,0
62552,21
62553,0
62554,14
62555,0
62556,0
62557,11
62558,0
62559,7
62560,15
62561,0
62562,7
62563,0
62564,0
62565,12
62566,0
62567,15
62568,0
62569,0
62570,0
62571,0
62572,8
62573,0
62574,0
62575,9
62576,7
62577,13
62578,0
62579,0
62580,9
62581,0
62582,0
62583,0
62584,0
62585,0
62586,0
62587,14
62588,0
62589,0
62590,0
62591,18
62592,8
62593,0
62594,7
62595,0
62596,11
62597,14
62598,0
62599,0
62600,0
62601,0
62602,0
62603,0
62604,9
62605,0
62606,0
62607,0
62608,0
62609,0
62610,0
62611,0
62612,0
62613,13
62614,0
62615,0
62616,0
62617,11
62618,6
62619,0
62620,0
62621,18
62622,0
62623,11
62624,0
62625,0
62626,0
62627,0
62628,13
62629,0
62630,9
62631,0
62632,0
62633,0
62634,0
62635,6
62636,13
62637,0
62638,11
62639,0
62640,0
62641,0
62642,0
62643,0
62644,0
62645,10
62646,5
62647,0
62648,0
62649,13
62650,4
62651,13
62652,0
62653,0
62654,0
62655,0
62656,0
62657,11
62658,0
62659,0
62660,0
62661,0
62662,13
62663,0
62664,0
62665,0
62666,18
62667,0
62668,0
62669,0
62670,15
62671,0
62672,0
62673,0
62674,0
62675,16
62676,0
62677,0
62678,0
62679,0
62680,8
62681,9
62682,7
62683,13
62684,0
62685,0
62686,0
62687,0
62688,0
62689,0
62690,16
62691,0
62692,0
62693,0
62694,0
62695,20
62696,0
62697,3
62698,0
62699,0
62700,6
62701,0
62702,0
62703,0
62704,0
62705,0
62706,7
62707,0
62708,0
62709,0
62710,0
62711,10
62712,0
62713,0
62714,0
62715,0
62716,0
62717,12
62718,0
62719,0
62720,14
62721,0
62722,0
62723,0
62724,0
62725,0
62726,0
62727,13
62728,0
62729,12
62730,0
62731,11
62732,0
62733,0
62734,12
62735,0
62736,0
62737,7
62738,0
62739,0
62740,0
62741,0
62742,0
62743,0
62744,8
62745,0
62746,0
62747,0
62748,0
62749,0
62750,0
62751,0
62752,8
62753,0
62754,15
62755,0
62756,0
62757,14
62758,0
62759,6
62760,0
62761,0
62762,0
62763,0
62764,18
62765,12
62766,12
62767,0
62768,0
62769,34
62770,0
62771,0
62772,0
62773,0
62774,0
62775,0
62776,0
62777,0
62778,20
62779,0
62780,0
62781,0
62782,0
62783,0
62784,32
62785,0
62786,0
62787,0
62788,0
62789,0
62790,0
62791,0
62792,0
62793,0
62794,0
62795,0
62796,0
62797,23
62798,0
62799,0
62800,0
62801,0
62802,0
62803,0
62804,0
62805,0
62806,0
62807,0
62808,0
62809,0
62810,0
62811,17
62812,0
62813,0
62814,0
62815,0
62816,14
62817,0
62818,0
62819,0
62820,0
62821,25
62822,0
62823,0
62824,16
62825,0
62826,0
62827,0
62828,0
62829,30
62830,0
62831,0
62832,0
62833,0
62834,0
62835,20
62836,0
62837,0
62838,0
62839,0
62840,0
62841,0
62842,0
62843,0
62844,0
62845,21
62846,0
62847,0
62848,0
62849,0
62850,21
62851,36
62852,0
62853,47
62854,0
62855,0
62856,0
62857,0
62858,35
62859,0
62860,0
62861,0
62862,0
62863,23
62864,0
62865,0
62866,0
62867,0
62868,0
62869,0
62870,0
62871,0
62872,0
62873,0
62874,0
62875,0
62876,0
62877,0
62878,0
62879,0
62880,0
62881,0
62882,0
62883,0
62884,0
62885,28
62886,0
62887,0
62888,0
62889,0
62890,0
62891,0
62892,0
62893,0
62894,0
62895,0
62896,0
62897,0
62898,17
62899,0
62900,0
62901,0
62902,0
62903,22
62904,0
62905,22
62906,0
62907,0
62908,0
62909,0
62910,31
62911,0
62912,11
62913,0
62914,0
62915,0
62916,0
62917,0
62918,0
62919,0
62920,0
62921,0
62922,0
62923,0
62924,14
62925,28
62926,15
62927,0
62928,0
62929,28
62930,0
62931,0
62932,0
62933,0
62934,0
62935,20
62936,0
62937,0
62938,0
62939,19
62940,0
62941,0
62942,0
62943,0
62944,22
62945,0
62946,0
62947,0
62948,0
62949,0
62950,0
62951,0
62952,0
62953,0
62954,0
62955,0
62956,20
62957,0
62958,0
62959,0
62960,0
62961,0
62962,0
62963,0
62964,0
62965,29
62966,0
62967,25
62968,0
62969,0
62970,0
62971,0
62972,0
62973,0
62974,0
62975,0
62976,31
62977,0
62978,23
62979,0
62980,0
62981,0
62982,0
62983,0
62984,0
62985,0
62986,0
62987,0
62988,0
62989,0
62990,0
62991,0
62992,0
62993,0
62994,0
62995,0
62996,26
62997,27
62998,0
62999,0
63000,42
63001,0
63002,0
63003,28
63004,0
63005,25
63006,0
63007,27
63008,0
63009,0
63010,0
63011,0
63012,44
63013,17
63014,0
63015,0
63016,0
63017,0
63018,0
63019,0
63020,30
63021,0
63022,0
63023,20
63024,0
63025,0
63026,0
63027,0
63028,0
63029,0
63030,0
63031,0
63032,0
63033,0
63034,26
63035,0
63036,0
63037,0
63038,0
63039,0
63040,0
63041,0
63042,21
63043,0
63044,0
63045,0
63046,0
63047,0
63048,20
63049,0
63050,0
63051,0
63052,0
63053,30
63054,0
63055,0
63056,0
63057,32
63058,0
63059,0
63060,0
63061,41
63062,0
63063,0
63064,29
63065,0
63066,0
63067,0
63068,0
63069,31
63070,0
63071,0
63072,0
63073,0
63074,0
63075,0
63076,0
63077,19
63078,0
63079,0
63080,0
63081,0
63082,0
63083,0
63084,0
63085,14
63086,0
63087,0
63088,29
63089,0
63090,0
63091,0
63092,0
63093,0
63094,0
63095,20
63096,0
63097,0
63098,0
63099,0
63100,0
63101,0
63102,44
63103,0
63104,0
63105,38
63106,0
63107,0
63108,0
63109,0
63110,0
63111,0
63112,0
63113,0
63114,0
63115,0
63116,0
63117,0
63118,0
63119,20
63120,26
63121,0
63122,5
63123,0
63124,38
63125,27
63126,0
63127,0
63128,0
63129,0
63130,0
63131,0
63132,19
63133,0
63134,0
63135,0
63136,0
63137,0
63138,0
63139,0
63140,11
63141,0
63142,0
63143,0
63144,26
63145,0
63146,0
63147,0
63148,0
63149,0
63150,0
63151,0
63152,0
63153,0
63154,35
63155,0
63156,0
63157,0
63158,0
63159,18
63160,28
63161,0
63162,0
63163,0
63164,0
63165,22
63166,0
63167,0
63168,30
63169,10
63170,22
63171,0
63172,0
63173,24
63174,34
63175,0
63176,0
63177,41
63178,0
63179,0
63180,0
63181,31
63182,0
63183,0
63184,0
63185,0
63186,0
63187,0
63188,0
63189,0
63190,15
63191,0
63192,0
63193,0
63194,0
63195,0
63196,0
63197,0
63198,0
63199,12
63200,0
63201,15
63202,0
63203,17
63204,0
63205,0
63206,0
63207,0
63208,0
63209,0
63210,0
63211,20
63212,0
63213,0
63214,0
63215,0
63216,6
63217,0
63218,20
63219,0
63220,0
63221,0
63222,0
63223,16
63224,0
63225,0
63226,0
63227,35
63228,0
63229,18
63230,0
63231,0
63232,13
63233,0
63234,0
63235,16
63236,14
63237,15
63238,0
63239,27
63240,38
63241,17
63242,33
63243,0
63244,0
63245,0
63246,20
63247,0
63248,14
63249,0
63250,28
63251,0
63252,0
63253,0
63254,23
63255,0
63256,0
63257,0
63258,0
63259,0
63260,25
63261,0
63262,25
63263,0
63264,0
63265,14
63266,0
63267,0
63268,0
63269,0
63270,0
63271,0
63272,0
63273,0
63274,0
63275,22
63276,0
63277,0
63278,0
63279,0
63280,0
63281,0
63282,0
63283,0
63284,29
63285,0
63286,0
63287,0
63288,46
63289,0
63290,0
63291,0
63292,0
63293,0
63294,0
63295,0
63296,0
63297,0
63298,0
63299,0
63300,0
63301,0
63302,39
63303,0
63304,0
63305,0
63306,0
63307,0
63308,0
63309,23
63310,22
63311,0
63312,0
63313,0
63314,17
63315,0
63316,0
63317,0
63318,24
63319,0
63320,18
63321,0
63322,0
63323,0
63324,0
63325,0
63326,0
63327,0
63328,22
63329,0
63330,0
63331,0
63332,0
63333,0
63334,0
63335,0
63336,0
63337,0
63338,0
63339,0
63340,0
63341,27
63342,0
63343,0
63344,0
63345,0
63346,0
63347,0
63348,22
63349,0
63350,0
63351,0
63352,0
63353,0
63354,0
63355,0
63356,0
63357,15
63358,20
63359,29
63360,0
63361,0
63362,20
63363,0
63364,22
63365,0
63366,0
63367,0
63368,0
63369,0
63370,0
63371,0
63372,35
63373,0
63374,0
63375,0
63376,0
63377,0
63378,0
63379,0
63380,0
63381,0
63382,0
63383,0
63384,13
63385,29
63386,18
63387,0
63388,0
63389,22
63390,0
63391,21
63392,0
63393,0
63394,0
63395,14
63396,0
63397,23
63398,28
63399,0
63400,0
63401,0
63402,0
63403,0
63404,0
63405,0
63406,23
63407,0
63408,0
63409,0
63410,0
63411,0
63412,0
63413,0
63414,0
63415,0
63416,0
63417,0
63418,0
63419,0
63420,0
63421,0
63422,0
63423,0
63424,0
63425,18
63426,23
63427,0
63428,0
63429,17
63430,0
63431,0
63432,0
63433,0
63434,38
63435,17
63436,28
63437,0
63438,0
63439,0
63440,0
63441,0
63442,21
63443,0
63444,0
63445,0
63446,28
63447,0
63448,0
63449,0
63450,0
63451,0
63452,0
63453,0
63454,0
63455,0
63456,0
63457,0
63458,20
63459,0
63460,0
63461,24
63462,0
63463,25
63464,0
63465,0
63466,0
63467,0
63468,0
63469,0
63470,0
63471,33
63472,11
63473,0
63474,0
63475,0
63476,21
63477,33
63478,20
63479,0
63480,0
63481,0
63482,0
63483,0
63484,0
63485,0
63486,0
63487,0
63488,39
63489,0
63490,32
63491,24
63492,0
63493,0
63494,0
63495,0
63496,15
63497,0
63498,0
63499,0
63500,0
63501,0
63502,0
63503,0
63504,0
63505,0
63506,0
63507,22
63508,0
63509,0
63510,30
63511,0
63512,21
63513,0
63514,35
63515,0
63516,0
63517,35
63518,0
63519,0
63520,0
63521,0
63522,0
63523,0
63524,0
63525,0
63526,0
63527,0
63528,0
63529,0
63530,0
63531,0
63532,45
63533,0
63534,29
63535,0
63536,0
63537,0
63538,0
63539,0
63540,0
63541,0
63542,0
63543,24
63544,0
63545,0
63546,0
63547,0
63548,0
63549,0
63550,0
63551,0
63552,0
63553,0
63554,0
63555,0
63556,13
63557,0
63558,0
63559,0
63560,0
63561,0
63562,24
63563,38
63564,0
63565,0
63566,0
63567,40
63568,0
63569,0
63570,0
63571,0
63572,0
63573,0
63574,0
63575,0
63576,0
63577,0
63578,18
63579,39
63580,0
63581,0
63582,0
63583,0
63584,32
63585,0
63586,0
63587,0
63588,0
63589,0
63590,0
63591,0
63592,23
63593,0
63594,0
63595,0
63596,0
63597,0
63598,0
63599,28
63600,0
63601,0
63602,0
63603,0
63604,22
63605,0
63606,0
63607,0
63608,0
63609,0
63610,0
63611,0
63612,0
63613,0
63614,0
63615,0
63616,0
63617,0
63618,0
63619,0
63620,0
63621,0
63622,0
63623,0
63624,0
63625,0
63626,0
63627,0
63628,0
63629,0
63630,0
63631,39
63632,0
63633,24
63634,0
63635,0
63636,12
63637,22
63638,0
63639,0
63640,0
63641,0
63642,0
63643,18
63644,0
63645,21
63646,0
63647,0
63648,0
63649,0
63650,0
63651,0
63652,21
63653,35
63654,0
63655,0
63656,0
63657,0
63658,0
63659,0
63660,34
63661,0
63662,37
63663,0
63664,0
63665,0
63666,0
63667,0
63668,0
63669,26
63670,0
63671,0
63672,36
63673,35
63674,0
63675,0
63676,0
63677,0
63678,0
63679,0
63680,0
63681,0
63682,0
63683,0
63684,0
63685,0
63686,0
63687,0
63688,0
63689,0
63690,22
63691,0
63692,0
63693,0
63694,0
63695,19
63696,0
63697,0
63698,0
63699,0
63700,0
63701,0
63702,0
63703,0
63704,0
63705,0
63706,13
63707,0
63708,16
63709,0
63710,0
63711,0
63712,0
63713,30
63714,0
63715,0
63716,0
63717,0
63718,0
63719,25
63720,0
63721,27
63722,0
63723,0
63724,0
63725,0
63726,0
63727,29
63728,0
63729,0
63730,0
63731,0
63732,0
63733,0
63734,16
63735,0
63736,0
63737,0
63738,0
63739,0
63740,0
63741,0
63742,0
63743,0
63744,0
63745,0
63746,0
63747,0
63748,16
63749,25
63750,0
63751,0
63752,0
63753,0
63754,0
63755,17
63756,22
63757,22
63758,0
63759,0
63760,20
63761,0
63762,0
63763,0
63764,0
63765,0
63766,0
63767,0
63768,0
63769,0
63770,27
63771,0
63772,0
63773,0
63774,43
63775,0
63776,0
63777,17
63778,0
63779,0
63780,17
63781,0
63782,0
63783,0
63784,0
63785,0
63786,0
63787,0
63788,0
63789,12
63790,0
63791,0
63792,0
63793,0
63794,34
63795,18
63796,0
63797,0
63798,0
63799,25
63800,0
63801,0
63802,0
63803,0
63804,0
63805,0
63806,0
63807,0
63808,0
63809,0
63810,0
63811,0
63812,0
63813,0
63814,0
63815,0
63816,11
63817,11
63818,0
63819,26
63820,24
63821,0
63822,0
63823,0
63824,0
63825,32
63826,0
63827,0
63828,0
63829,0
63830,0
63831,0
63832,21
63833,0
63834,15
63835,0
63836,24
63837,27
63838,0
63839,0
63840,23
63841,0
63842,0
63843,0
63844,0
63845,0
63846,0
63847,0
63848,13
63849,0
63850,0
63851,0
63852,0
63853,0
63854,0
63855,0
63856,25
63857,10
63858,0
63859,0
63860,0
63861,0
63862,0
63863,23
63864,0
63865,0
63866,0
63867,0
63868,0
63869,0
63870,0
63871,0
63872,0
63873,0
63874,0
63875,0
63876,0
63877,35
63878,0
63879,0
63880,0
63881,0
63882,16
63883,0
63884,0
63885,25
63886,0
63887,16
63888,35
63889,0
63890,0
63891,17
63892,0
63893,0
63894,0
63895,0
63896,0
63897,0
63898,0
63899,0
63900,0
63901,0
63902,0
63903,0
63904,14
63905,0
63906,0
63907,28
63908,0
63909,0
63910,0
63911,0
63912,17
63913,0
63914,0
63915,0
63916,23
63917,16
63918,0
63919,0
63920,0
63921,0
63922,0
63923,0
63924,0
63925,0
63926,0
63927,0
63928,0
63929,34
63930,0
63931,0
63932,0
63933,0
63934,0
63935,0
63936,0
63937,0
63938,0
63939,27
63940,0
63941,42
63942,0
63943,0
63944,0
63945,24
63946,0
63947,0
63948,0
63949,0
63950,0
63951,0
63952,0
63953,0
63954,0
63955,0
63956,22
63957,0
63958,0
63959,0
63960,0
63961,0
63962,33
63963,0
63964,0
63965,0
63966,0
63967,25
63968,0
63969,0
63970,27
63971,21
63972,21
63973,0
63974,0
63975,40
63976,0
63977,0
63978,0
63979,0
63980,0
63981,0
63982,0
63983,0
63984,0
63985,0
63986,0
63987,0
63988,0
63989,19
63990,0
63991,0
63992,0
63993,0
63994,0
63995,0
63996,23
63997,0
63998,0
63999,0
64000,0
64001,0
64002,0
64003,0
64004,27
64005,0
64006,24
64007,0
64008,0
64009,0
64010,0
64011,0
64012,0
64013,0
64014,0
64015,0
64016,0
64017,0
64018,0
64019,0
64020,13
64021,0
64022,0
64023,29
64024,20
64025,0
64026,0
64027,15
64028,0
64029,0
64030,0
64031,0
64032,10
64033,0
64034,0
64035,0
64036,0
64037,0
64038,13
64039,14
64040,12
64041,0
64042,0
64043,0
64044,14
64045,0
64046,0
64047,9
64048,0
64049,0
64050,0
64051,0
64052,0
64053,0
64054,0
64055,0
64056,0
64057,0
64058,0
64059,0
64060,0
64061,0
64062,0
64063,0
64064,0
64065,0
64066,0
64067,0
64068,16
64069,0
64070,0
64071,11
64072,0
64073,0
64074,0
64075,0
64076,11
64077,0
64078,0
64079,0
64080,0
64081,0
64082,0
64083,0
64084,15
64085,13
64086,13
64087,0
64088,8
64089,11
64090,0
64091,0
64092,0
64093,0
64094,12
64095,0
64096,0
64097,0
64098,0
64099,0
64100,0
64101,0
64102,0
64103,0
64104,14
64105,0
64106,0
64107,0
64108,0
64109,0
64110,0
64111,0
64112,0
64113,0
64114,0
64115,0
64116,0
64117,15
64118,0
64119,14
64120,0
64121,0
64122,0
64123,11
64124,0
64125,0
64126,0
64127,0
64128,0
64129,12
64130,13
64131,14
64132,0
64133,0
64134,11
64135,0
64136,0
64137,0
64138,0
64139,0
64140,8
64141,13
64142,0
64143,0
64144,0
64145,15
64146,0
64147,0
64148,14
64149,0
64150,8
64151,0
64152,0
64153,0
64154,0
64155,0
64156,0
64157,0
64158,0
64159,0
64160,0
64161,0
64162,0
64163,0
64164,24
64165,0
64166,0
64167,0
64168,10
64169,0
64170,6
64171,24
64172,22
64173,0
64174,0
64175,11
64176,0
64177,0
64178,0
64179,0
64180,4
64181,11
64182,0
64183,0
64184,0
64185,0
64186,0
64187,8
64188,10
64189,18
64190,0
64191,0
64192,9
64193,0
64194,0
64195,11
64196,9
64197,0
64198,0
64199,0
64200,5
64201,7
64202,14
64203,0
64204,0
64205,0
64206,0
64207,0
64208,0
64209,0
64210,0
64211,0
64212,0
64213,0
64214,0
64215,0
64216,0
64217,0
64218,0
64219,0
64220,0
64221,0
64222,0
64223,0
64224,0
64225,0
64226,0
64227,0
64228,0
64229,0
64230,0
64231,7
64232,13
64233,0
64234,4
64235,0
64236,0
64237,0
64238,0
64239,9
64240,0
64241,0
64242,16
64243,0
64244,0
64245,16
64246,0
64247,0
64248,0
64249,0
64250,0
64251,0
64252,0
64253,14
64254,5
64255,0
64256,0
64257,0
64258,15
64259,0
64260,0
64261,0
64262,0
64263,0
64264,14
64265,0
64266,0
64267,0
64268,11
64269,4
64270,17
64271,0
64272,0
64273,10
64274,11
64275,0
64276,18
64277,0
64278,0
64279,0
64280,0
64281,5
64282,0
64283,0
64284,0
64285,0
64286,0
64287,0
64288,16
64289,0
64290,12
64291,0
64292,0
64293,0
64294,0
64295,0
64296,0
64297,0
64298,0
64299,0
64300,0
64301,0
64302,0
64303,0
64304,0
64305,0
64306,0
64307,0
64308,0
64309,0
64310,0
64311,13
64312,0
64313,0
64314,0
64315,0
64316,0
64317,0
64318,12
64319,0
64320,0
64321,0
64322,0
64323,0
64324,0
64325,0
64326,0
64327,0
64328,0
64329,0
64330,0
64331,0
64332,0
64333,12
64334,0
64335,8
64336,5
64337,0
64338,0
64339,0
64340,0
64341,0
64342,0
64343,0
64344,0
64345,0
64346,0
64347,0
64348,0
64349,0
64350,0
64351,0
64352,0
64353,0
64354,0
64355,0
64356,0
64357,0
64358,0
64359,9
64360,0
64361,0
64362,0
64363,0
64364,0
64365,0
64366,0
64367,0
64368,10
64369,0
64370,0
64371,0
64372,0
64373,0
64374,0
64375,0
64376,0
64377,0
64378,0
64379,0
64380,0
64381,0
64382,0
64383,0
64384,0
64385,0
64386,0
64387,0
64388,0
64389,0
64390,0
64391,0
64392,0
64393,0
64394,0
64395,6
64396,0
64397,0
64398,0
64399,0
64400,0
64401,0
64402,3
64403,0
64404,0
64405,0
64406,0
64407,0
64408,0
64409,0
64410,0
64411,0
64412,0
64413,0
64414,0
64415,0
64416,0
64417,0
64418,0
64419,0
64420,0
64421,0
64422,0
64423,0
64424,6
64425,0
64426,0
64427,0
64428,0
64429,0
64430,0
64431,13
64432,0
64433,0
64434,0
64435,0
64436,0
64437,0
64438,0
64439,0
64440,0
64441,6
64442,0
64443,5
64444,0
64445,0
64446,0
64447,0
64448,0
64449,0
64450,0
64451,0
64452,0
64453,0
64454,0
64455,0
64456,0
64457,0
64458,0
64459,0
64460,0
64461,0
64462,0
64463,0
64464,0
64465,9
64466,0
64467,0
64468,0
64469,0
64470,0
64471,0
64472,0
64473,0
64474,0
64475,0
64476,0
64477,0
64478,0
64479,0
64480,0
64481,0
64482,0
64483,0
64484,0
64485,0
64486,0
64487,0
64488,0
64489,0
64490,0
64491,0
64492,0
64493,0
64494,0
64495,0
64496,0
64497,0
64498,0
64499,0
64500,0
64501,4
64502,0
64503,0
64504,0
64505,0
64506,0
64507,0
64508,4
64509,0
64510,0
64511,0
64512,0
64513,0
64514,0
64515,0
64516,0
64517,0
64518,0
64519,0
64520,0
64521,0
64522,0
64523,0
64524,0
64525,0
64526,0
64527,0
64528,0
64529,0
64530,0
64531,8
64532,0
64533,0
64534,0
64535,0
64536,0
64537,0
64538,0
64539,0
64540,3
64541,0
64542,0
64543,0
64544,0
64545,0
64546,0
64547,0
64548,0
64549,0
64550,0
64551,0
64552,0
64553,0
64554,5
64555,0
64556,0
64557,0
64558,0
64559,4
64560,0
64561,0
64562,0
64563,0
64564,0
64565,0
64566,0
64567,0
64568,0
64569,0
64570,0
64571,0
64572,0
64573,0
64574,0
64575,0
64576,0
64577,0
64578,0
64579,0
64580,0
64581,0
64582,0
64583,0
64584,0
64585,0
64586,0
64587,0
64588,0
64589,0
64590,1
64591,0
64592,0
64593,0
64594,0
64595,0
64596,0
64597,0
64598,0
64599,0
64600,0
64601,0
64602,9
64603,0
64604,0
64605,0
64606,0
64607,0
64608,0
64609,0
64610,0
64611,0
64612,0
64613,0
64614,0
64615,0
64616,0
64617,0
64618,0
64619,0
64620,0
64621,0
64622,0
64623,0
64624,0
64625,7
64626,0
64627,0
64628,0
64629,7
64630,0
64631,0
64632,0
64633,0
64634,0
64635,0
64636,0
64637,0
64638,1
64639,0
64640,0
64641,1
64642,0
64643,0
64644,0
64645,0
64646,0
64647,0
64648,0
64649,0
64650,0
64651,0
64652,0
64653,0
64654,6
64655,0
64656,0
64657,0
64658,0
64659,1
64660,0
64661,0
64662,0
64663,0
64664,0
64665,0
64666,0
64667,0
64668,0
64669,0
64670,0
64671,0
64672,0
64673,0
64674,0
64675,0
64676,0
64677,0
64678,0
64679,0
64680,0
64681,0
64682,0
64683,0
64684,0
64685,0
64686,0
64687,0
64688,0
64689,0
64690,0
64691,0
64692,0
64693,0
64694,0
64695,0
64696,0
64697,5
64698,0
64699,0
64700,0
64701,0
64702,0
64703,7
64704,0
64705,0
64706,0
64707,0
64708,0
64709,0
64710,0
64711,0
64712,0
64713,0
64714,0
64715,0
64716,0
64717,0
64718,0
64719,0
64720,0
64721,0
64722,0
64723,0
64724,0
64725,0
64726,0
64727,4
64728,0
64729,0
64730,4
64731,0
64732,0
64733,0
64734,0
64735,0
64736,0
64737,0
64738,4
64739,0
64740,0
64741,0
64742,0
64743,0
64744,0
64745,0
64746,0
64747,0
64748,0
64749,0
64750,0
64751,8
64752,0
64753,0
64754,0
64755,0
64756,0
64757,0
64758,0
64759,0
64760,0
64761,0
64762,0
64763,0
64764,0
64765,0
64766,0
64767,0
64768,0
64769,8
64770,0
64771,5
64772,0
64773,0
64774,0
64775,0
64776,0
64777,0
64778,0
64779,0
64780,0
64781,0
64782,0
64783,0
64784,0
64785,0
64786,0
64787,0
64788,0
64789,0
64790,0
64791,0
64792,0
64793,0
64794,0
64795,0
64796,0
64797,0
64798,0
64799,0
64800,0
64801,0
64802,0
64803,0
64804,0
64805,0
64806,0
64807,0
64808,0
64809,0
64810,0
64811,0
64812,0
64813,0
64814,0
64815,0
64816,0
64817,0
64818,0
64819,6
64820,0
64821,0
64822,0
64823,0
64824,0
64825,0
64826,0
64827,0
64828,3
64829,0
64830,0
64831,0
64832,0
64833,0
64834,0
64835,0
64836,0
64837,0
64838,0
64839,0
64840,0
64841,0
64842,0
64843,0
64844,0
64845,0
64846,6
64847,0
64848,0
64849,0
64850,0
64851,0
64852,0
64853,6
64854,0
64855,0
64856,0
64857,0
64858,0
64859,0
64860,0
64861,0
64862,0
64863,0
64864,0
64865,0
64866,0
64867,0
64868,0
64869,0
64870,0
64871,0
64872,0
64873,0
64874,0
64875,0
64876,10
64877,0
64878,0
64879,0
64880,0
64881,0
64882,0
64883,8
64884,0
64885,0
64886,0
64887,0
64888,3
64889,0
64890,0
64891,0
64892,0
64893,0
64894,0
64895,0
64896,0
64897,0
64898,0
64899,0
64900,0
64901,0
64902,0
64903,0
64904,0
64905,0
64906,0
64907,0
64908,0
64909,0
64910,0
64911,0
64912,0
64913,0
64914,0
64915,0
64916,0
64917,0
64918,0
64919,0
64920,0
64921,0
64922,0
64923,0
64924,0
64925,0
64926,0
64927,0
64928,0
64929,0
64930,0
64931,0
64932,9
64933,0
64934,0
64935,0
64936,0
64937,0
64938,0
64939,0
64940,0
64941,0
64942,7
64943,0
64944,0
64945,0
64946,0
64947,0
64948,0
64949,0
64950,0
64951,0
64952,0
64953,0
64954,0
64955,0
64956,13
64957,6
64958,0
64959,5
64960,0
64961,0
64962,0
64963,0
64964,0
64965,0
64966,0
64967,11
64968,0
64969,0
64970,0
64971,0
64972,0
64973,5
64974,0
64975,0
64976,0
64977,0
64978,0
64979,0
64980,0
64981,0
64982,0
64983,0
64984,0
64985,0
64986,0
64987,0
64988,0
64989,0
64990,0
64991,7
64992,0
64993,0
64994,0
64995,0
64996,0
64997,0
64998,0
64999,0
65000,6
65001,0
65002,0
65003,0
65004,0
65005,0
65006,0
65007,0
65008,0
65009,0
65010,0
65011,0
65012,0
65013,0
65014,0
65015,0
65016,0
65017,0
65018,0
65019,0
65020,0
65021,0
65022,0
65023,0
65024,0
65025,0
65026,0
65027,0
65028,0
65029,0
65030,0
65031,0
65032,0
65033,0
65034,0
65035,0
65036,0
65037,0
65038,0
65039,0
65040,0
65041,0
65042,0
65043,0
65044,0
65045,5
65046,0
65047,0
65048,0
65049,0
65050,0
65051,0
65052,0
65053,0
65054,0
65055,0
65056,0
65057,0
65058,0
65059,0
65060,0
65061,0
65062,0
65063,0
65064,7
65065,0
65066,0
65067,0
65068,0
65069,0
65070,0
65071,0
65072,0
65073,0
65074,0
65075,0
65076,0
65077,0
65078,0
65079,0
65080,0
65081,0
65082,0
65083,0
65084,0
65085,10
65086,0
65087,0
65088,0
65089,0
65090,0
65091,0
65092,0
65093,0
65094,0
65095,6
65096,0
65097,0
65098,0
65099,0
65100,0
65101,0
65102,0
65103,0
65104,4
65105,0
65106,0
65107,0
65108,0
65109,0
65110,0
65111,0
65112,0
65113,0
65114,0
65115,0
65116,0
65117,0
65118,0
65119,0
65120,0
65121,0
65122,0
65123,0
65124,0
65125,0
65126,0
65127,0
65128,0
65129,0
65130,5
65131,0
65132,0
65133,1
65134,0
65135,0
65136,0
65137,0
65138,0
65139,0
65140,0
65141,0
65142,0
65143,0
65144,0
65145,2
65146,0
65147,0
65148,0
65149,0
65150,0
65151,0
65152,0
65153,0
65154,0
65155,0
65156,0
65157,0
65158,0
65159,0
65160,0
65161,0
65162,0
65163,0
65164,0
65165,0
65166,0
65167,0
65168,0
65169,0
65170,0
65171,0
65172,7
65173,0
65174,0
65175,0
65176,0
65177,0
65178,0
65179,0
65180,0
65181,0
65182,0
65183,0
65184,0
65185,7
65186,0
65187,0
65188,0
65189,9
65190,6
65191,0
65192,0
65193,3
65194,0
65195,0
65196,0
65197,0
65198,0
65199,0
65200,0
65201,0
65202,0
65203,0
65204,0
65205,0
65206,0
65207,5
65208,0
65209,0
65210,0
65211,0
65212,0
65213,0
65214,0
65215,0
65216,0
65217,0
65218,0
65219,8
65220,0
65221,5
65222,7
65223,0
65224,0
65225,0
65226,0
65227,0
65228,0
65229,0
65230,0
65231,0
65232,0
65233,0
65234,0
65235,0
65236,0
65237,0
65238,0
65239,0
65240,0
65241,0
65242,0
65243,0
65244,0
65245,0
65246,0
65247,0
65248,0
65249,0
65250,0
65251,0
65252,0
65253,0
65254,0
65255,0
65256,8
65257,0
65258,0
65259,0
65260,0
65261,0
65262,0
65263,0
65264,0
65265,0
65266,0
65267,7
65268,6
65269,0
65270,0
65271,0
65272,0
65273,0
65274,0
65275,3
65276,0
65277,0
65278,0
65279,4
65280,0
65281,0
65282,0
65283,0
65284,0
65285,0
65286,0
65287,0
65288,0
65289,0
65290,0
65291,0
65292,0
65293,0
65294,0
65295,0
65296,0
65297,0
65298,0
65299,6
65300,0
65301,0
65302,10
65303,0
65304,0
65305,0
65306,0
65307,0
65308,0
65309,0
65310,0
65311,0
65312,0
65313,0
65314,0
65315,0
65316,0
65317,0
65318,0
65319,0
65320,0
65321,0
65322,0
65323,10
65324,0
65325,0
65326,0
65327,0
65328,7
65329,0
65330,0
65331,0
65332,0
65333,7
65334,0
65335,0
65336,0
65337,0
65338,0
65339,0
65340,0
65341,6
65342,0
65343,0
65344,0
65345,0
65346,0
65347,0
65348,0
65349,0
65350,0
65351,0
65352,0
65353,0
65354,0
65355,0
65356,0
65357,0
65358,0
65359,0
65360,0
65361,0
65362,0
65363,0
65364,0
65365,0
65366,0
65367,0
65368,9
65369,0
65370,0
65371,0
65372,0
65373,0
65374,0
65375,0
65376,0
65377,0
65378,0
65379,5
65380,0
65381,0
65382,0
65383,0
65384,0
65385,6
65386,0
65387,0
65388,0
65389,0
65390,0
65391,0
65392,0
65393,0
65394,0
65395,0
65396,0
65397,0
65398,0
65399,0
65400,0
65401,0
65402,0
65403,0
65404,0
65405,0
65406,0
65407,0
65408,0
65409,0
65410,0
65411,0
65412,0
65413,0
65414,0
65415,0
65416,0
65417,0
65418,0
65419,0
65420,0
65421,0
65422,0
65423,0
65424,5
65425,0
65426,0
65427,0
65428,0
65429,0
65430,0
65431,0
65432,0
65433,0
65434,3
65435,0
65436,0
65437,0
65438,0
65439,0
65440,0
65441,6
65442,0
65443,0
65444,0
65445,0
65446,0
65447,0
65448,0
65449,1
65450,0
65451,0
65452,0
65453,0
65454,0
65455,0
65456,0
65457,0
65458,0
65459,0
65460,0
65461,0
65462,0
65463,0
65464,0
65465,0
65466,0
65467,0
65468,8
65469,0
65470,0
65471,0
65472,0
65473,0
65474,0
65475,0
65476,0
65477,0
65478,0
65479,0
65480,5
65481,0
65482,0
65483,0
65484,0
65485,0
65486,3
65487,0
65488,0
65489,0
65490,0
65491,0
65492,0
65493,7
65494,0
65495,0
65496,0
65497,0
65498,0
65499,0
65500,0
65501,0
65502,0
65503,0
65504,0
65505,4
65506,3
65507,0
65508,0
65509,0
65510,0
65511,0
65512,0
65513,0
65514,0
65515,0
65516,0
65517,0
65518,0
65519,0
65520,0
65521,0
65522,0
65523,0
65524,0
65525,0
65526,0
65527,0
65528,0
65529,0
65530,0
65531,0
65532,0
65533,0
65534,0
65535,0
65536,0
65537,0
65538,0
65539,8
65540,0
65541,0
65542,0
65543,0
65544,0
65545,7
65546,0
65547,0
65548,0
65549,0
65550,5
65551,0
65552,0
65553,0
65554,6
65555,0
65556,0
65557,0
65558,0
65559,0
65560,0
65561,0
65562,0
65563,0
65564,0
65565,0
65566,0
65567,6
65568,0
65569,0
65570,0
65571,0
65572,0
65573,0
65574,0
65575,0
65576,0
65577,0
65578,0
65579,0
65580,0
65581,0
65582,0
65583,0
65584,0
65585,0
65586,0
65587,7
65588,0
65589,0
65590,0
65591,0
65592,0
65593,0
65594,0
65595,0
65596,0
65597,0
65598,0
65599,0
65600,0
65601,0
65602,0
65603,5
65604,0
65605,0
65606,6
65607,3
65608,0
65609,0
65610,0
65611,0
65612,0
65613,0
65614,0
65615,0
65616,0
65617,0
65618,0
65619,0
65620,0
65621,0
65622,0
65623,0
65624,0
65625,0
65626,0
65627,0
65628,0
65629,0
65630,10
65631,0
65632,5
65633,0
65634,0
65635,0
65636,0
65637,0
65638,0
65639,0
65640,0
65641,0
65642,0
65643,0
65644,8
65645,0
65646,6
65647,4
65648,0
65649,0
65650,0
65651,0
65652,0
65653,0
65654,0
65655,7
65656,0
65657,0
65658,0
65659,0
65660,0
65661,0
65662,0
65663,0
65664,0
65665,0
65666,0
65667,0
65668,0
65669,0
65670,0
65671,0
65672,0
65673,0
65674,0
65675,0
65676,8
65677,0
65678,3
65679,0
65680,0
65681,0
65682,0
65683,0
65684,0
65685,0
65686,4
65687,0
65688,0
65689,6
65690,0
65691,0
65692,0
65693,0
65694,0
65695,0
65696,0
65697,0
65698,0
65699,0
65700,0
65701,0
65702,0
65703,0
65704,6
65705,0
65706,0
65707,0
65708,0
65709,0
65710,0
65711,0
65712,0
65713,21
65714,0
65715,13
65716,19
65717,0
65718,0
65719,0
65720,20
65721,0
65722,0
65723,18
65724,0
65725,0
65726,0
65727,22
65728,0
65729,18
65730,0
65731,0
65732,13
65733,0
65734,0
65735,0
65736,14
65737,0
65738,0
65739,17
65740,22
65741,20
65742,0
65743,10
65744,26
65745,9
65746,0
65747,0
65748,0
65749,0
65750,0
65751,0
65752,0
65753,0
65754,0
65755,16
65756,19
65757,0
65758,18
65759,6
65760,0
65761,0
65762,0
65763,0
65764,19
65765,22
65766,0
65767,11
65768,0
65769,21
65770,18
65771,0
65772,0
65773,0
65774,0
65775,0
65776,10
65777,0
65778,0
65779,13
65780,20
65781,0
65782,0
65783,0
65784,12
65785,0
65786,0
65787,0
65788,0
65789,0
65790,0
65791,0
65792,12
65793,0
65794,0
65795,0
65796,0
65797,23
65798,0
65799,0
65800,25
65801,0
65802,0
65803,14
65804,0
65805,0
65806,0
65807,0
65808,24
65809,20
65810,18
65811,22
65812,20
65813,18
65814,0
65815,23
65816,0
65817,0
65818,0
65819,0
65820,0
65821,0
65822,0
65823,0
65824,0
65825,0
65826,0
65827,13
65828,20
65829,0
65830,0
65831,19
65832,0
65833,0
65834,15
65835,0
65836,0
65837,18
65838,16
65839,0
65840,16
65841,0
65842,13
65843,15
65844,0
65845,0
65846,18
65847,14
65848,0
65849,0
65850,17
65851,0
65852,18
65853,0
65854,0
65855,0
65856,0
65857,0
65858,0
65859,0
65860,0
65861,0
65862,0
65863,0
65864,0
65865,0
65866,0
65867,19
65868,26
65869,0
65870,13
65871,0
65872,33
65873,0
65874,14
65875,12
65876,9
65877,0
65878,0
65879,19
65880,0
65881,0
65882,0
65883,0
65884,19
65885,14
65886,26
65887,0
65888,0
65889,0
65890,0
65891,0
65892,0
65893,0
65894,0
65895,0
65896,0
65897,0
65898,0
65899,0
65900,0
65901,0
65902,0
65903,0
65904,0
65905,0
65906,0
65907,0
65908,17
65909,19
65910,0
65911,0
65912,0
65913,0
65914,18
65915,16
65916,19
65917,0
65918,0
65919,20
65920,0
65921,0
65922,0
65923,0
65924,0
65925,0
65926,0
65927,0
65928,16
65929,0
65930,0
65931,0
65932,0
65933,0
65934,0
65935,23
65936,0
65937,0
65938,20
65939,12
65940,0
65941,17
65942,0
65943,0
65944,0
65945,0
65946,0
65947,0
65948,0
65949,18
65950,8
65951,15
65952,0
65953,22
65954,0
65955,0
65956,0
65957,18
65958,0
65959,0
65960,0
65961,0
65962,0
65963,0
65964,0
65965,0
65966,15
65967,0
65968,21
65969,0
65970,0
65971,0
65972,0
65973,17
65974,16
65975,0
65976,15
65977,0
65978,0
65979,0
65980,0
65981,0
65982,11
65983,0
65984,0
65985,0
65986,0
65987,0
65988,18
65989,0
65990,0
65991,26
65992,0
65993,0
65994,0
65995,22
65996,0
65997,16
65998,0
65999,13
66000,26
66001,0
66002,0
66003,0
66004,14
66005,26
66006,0
66007,0
66008,28
66009,0
66010,0
66011,0
66012,13
66013,0
66014,0
66015,0
66016,0
66017,0
66018,11
66019,0
66020,11
66021,12
66022,0
66023,0
66024,21
66025,0
66026,0
66027,0
66028,0
66029,17
66030,0
66031,0
66032,0
66033,0
66034,0
66035,0
66036,0
66037,0
66038,15
66039,0
66040,0
66041,0
66042,17
66043,0
66044,0
66045,0
66046,0
66047,0
66048,0
66049,21
66050,0
66051,19
66052,0
66053,0
66054,18
66055,19
66056,0
66057,17
66058,0
66059,0
66060,0
66061,0
66062,0
66063,0
66064,0
66065,0
66066,21
66067,15
66068,12
66069,0
66070,0
66071,0
66072,0
66073,0
66074,0
66075,18
66076,16
66077,0
66078,0
66079,0
66080,0
66081,21
66082,15
66083,0
66084,0
66085,0
66086,0
66087,0
66088,0
66089,0
66090,0
66091,16
66092,0
66093,18
66094,19
66095,22
66096,0
66097,18
66098,16
66099,15
66100,22
66101,0
66102,0
66103,20
66104,12
66105,0
66106,0
66107,0
66108,0
66109,0
66110,10
66111,0
66112,0
66113,0
66114,25
66115,11
66116,0
66117,0
66118,19
66119,0
66120,0
66121,12
66122,0
66123,0
66124,18
66125,0
66126,0
66127,0
66128,0
66129,20
66130,0
66131,35
66132,0
66133,0
66134,0
66135,13
66136,0
66137,25
66138,0
66139,0
66140,0
66141,0
66142,0
66143,0
66144,0
66145,0
66146,0
66147,0
66148,19
66149,14
66150,0
66151,19
66152,0
66153,0
66154,13
66155,0
66156,0
66157,0
66158,0
66159,0
66160,0
66161,9
66162,23
66163,26
66164,0
66165,0
66166,22
66167,23
66168,0
66169,0
66170,0
66171,0
66172,18
66173,0
66174,0
66175,23
66176,0
66177,0
66178,0
66179,18
66180,0
66181,0
66182,0
66183,0
66184,13
66185,23
66186,0
66187,19
66188,17
66189,0
66190,18
66191,17
66192,0
66193,0
66194,0
66195,0
66196,0
66197,0
66198,25
66199,0
66200,0
66201,17
66202,22
66203,0
66204,0
66205,17
66206,0
66207,0
66208,21
66209,0
66210,0
66211,0
66212,0
66213,0
66214,0
66215,0
66216,0
66217,16
66218,0
66219,0
66220,0
66221,0
66222,0
66223,0
66224,17
66225,0
66226,0
66227,0
66228,0
66229,18
66230,0
66231,10
66232,17
66233,0
66234,0
66235,0
66236,19
66237,0
66238,0
66239,0
66240,0
66241,0
66242,12
66243,0
66244,0
66245,0
66246,15
66247,0
66248,0
66249,0
66250,0
66251,0
66252,0
66253,0
66254,0
66255,0
66256,0
66257,8
66258,0
66259,0
66260,13
66261,0
66262,18
66263,21
66264,0
66265,0
66266,21
66267,0
66268,0
66269,0
66270,0
66271,0
66272,0
66273,0
66274,0
66275,21
66276,17
66277,0
66278,21
66279,0
66280,0
66281,0
66282,18
66283,0
66284,0
66285,14
66286,0
66287,0
66288,0
66289,13
66290,16
66291,0
66292,0
66293,0
66294,19
66295,0
66296,21
66297,0
66298,12
66299,0
66300,0
66301,0
66302,18
66303,0
66304,0
66305,20
66306,11
66307,0
66308,0
66309,0
66310,0
66311,0
66312,0
66313,14
66314,21
66315,0
66316,0
66317,23
66318,0
66319,0
66320,17
66321,0
66322,0
66323,28
66324,0
66325,0
66326,0
66327,0
66328,0
66329,0
66330,0
66331,0
66332,0
66333,0
66334,22
66335,0
66336,22
66337,0
66338,23
66339,0
66340,0
66341,0
66342,0
66343,0
66344,0
66345,18
66346,0
66347,0
66348,0
66349,17
66350,0
66351,18
66352,0
66353,0
66354,20
66355,16
66356,24
66357,0
66358,17
66359,0
66360,22
66361,21
66362,18
66363,0
66364,28
66365,0
66366,16
66367,0
66368,0
66369,19
66370,0
66371,0
66372,0
66373,10
66374,0
66375,0
66376,16
66377,0
66378,0
66379,15
66380,19
66381,0
66382,0
66383,0
66384,0
66385,0
66386,11
66387,0
66388,0
66389,0
66390,0
66391,0
66392,0
66393,0
66394,0
66395,13
66396,0
66397,0
66398,18
66399,0
66400,0
66401,22
66402,0
66403,0
66404,0
66405,0
66406,0
66407,0
66408,0
66409,0
66410,0
66411,0
66412,0
66413,0
66414,0
66415,10
66416,0
66417,0
66418,0
66419,13
66420,0
66421,35
66422,0
66423,0
66424,15
66425,0
66426,23
66427,0
66428,0
66429,0
66430,0
66431,20
66432,0
66433,0
66434,0
66435,0
66436,21
66437,0
66438,0
66439,0
66440,17
66441,23
66442,0
66443,0
66444,0
66445,0
66446,36
66447,0
66448,33
66449,22
66450,0
66451,0
66452,0
66453,0
66454,0
66455,24
66456,0
66457,0
66458,0
66459,0
66460,44
66461,0
66462,40
66463,0
66464,39
66465,35
66466,39
66467,0
66468,0
66469,0
66470,37
66471,0
66472,0
66473,38
66474,40
66475,0
66476,0
66477,0
66478,0
66479,0
66480,0
66481,0
66482,0
66483,0
66484,0
66485,0
66486,0
66487,39
66488,0
66489,0
66490,25
66491,0
66492,0
66493,44
66494,0
66495,0
66496,35
66497,0
66498,30
66499,0
66500,0
66501,0
66502,19
66503,0
66504,0
66505,0
66506,0
66507,0
66508,0
66509,0
66510,0
66511,0
66512,0
66513,30
66514,0
66515,24
66516,0
66517,0
66518,42
66519,21
66520,0
66521,0
66522,34
66523,28
66524,0
66525,0
66526,30
66527,47
66528,30
66529,0
66530,0
66531,0
66532,0
66533,0
66534,0
66535,0
66536,0
66537,0
66538,0
66539,0
66540,0
66541,0
66542,0
66543,0
66544,0
66545,0
66546,25
66547,21
66548,0
66549,0
66550,0
66551,0
66552,0
66553,0
66554,0
66555,0
66556,28
66557,0
66558,0
66559,0
66560,43
66561,43
66562,23
66563,47
66564,0
66565,0
66566,25
66567,45
66568,25
66569,0
66570,0
66571,24
66572,0
66573,0
66574,0
66575,30
66576,29
66577,0
66578,24
66579,0
66580,0
66581,30
66582,0
66583,0
66584,0
66585,0
66586,0
66587,37
66588,0
66589,0
66590,35
66591,48
66592,40
66593,33
66594,0
66595,0
66596,0
66597,0
66598,0
66599,0
66600,0
66601,0
66602,0
66603,0
66604,0
66605,0
66606,0
66607,0
66608,0
66609,35
66610,0
66611,0
66612,0
66613,0
66614,0
66615,0
66616,22
66617,0
66618,0
66619,0
66620,0
66621,26
66622,40
66623,0
66624,41
66625,0
66626,32
66627,0
66628,0
66629,0
66630,0
66631,50
66632,35
66633,0
66634,28
66635,0
66636,31
66637,0
66638,0
66639,0
66640,0
66641,0
66642,0
66643,0
66644,0
66645,0
66646,0
66647,42
66648,20
66649,0
66650,0
66651,0
66652,0
66653,0
66654,0
66655,0
66656,0
66657,0
66658,0
66659,0
66660,32
66661,0
66662,0
66663,15
66664,24
66665,0
66666,34
66667,0
66668,0
66669,0
66670,0
66671,0
66672,0
66673,0
66674,0
66675,0
66676,0
66677,0
66678,24
66679,0
66680,0
66681,0
66682,0
66683,0
66684,0
66685,0
66686,0
66687,29
66688,0
66689,55
66690,0
66691,0
66692,30
66693,37
66694,0
66695,0
66696,0
66697,30
66698,27
66699,0
66700,31
66701,0
66702,0
66703,49
66704,0
66705,0
66706,35
66707,0
66708,31
66709,27
66710,0
66711,0
66712,0
66713,0
66714,0
66715,24
66716,0
66717,43
66718,0
66719,0
66720,0
66721,0
66722,0
66723,0
66724,43
66725,0
66726,34
66727,0
66728,0
66729,0
66730,0
66731,0
66732,0
66733,22
66734,0
66735,0
66736,17
66737,25
66738,0
66739,23
66740,0
66741,0
66742,0
66743,47
66744,0
66745,0
66746,0
66747,0
66748,0
66749,0
66750,0
66751,44
66752,0
66753,0
66754,0
66755,0
66756,0
66757,0
66758,0
66759,0
66760,38
66761,0
66762,44
66763,0
66764,0
66765,0
66766,46
66767,0
66768,0
66769,0
66770,0
66771,9
66772,18
66773,0
66774,29
66775,0
66776,0
66777,0
66778,0
66779,0
66780,0
66781,23
66782,0
66783,43
66784,0
66785,0
66786,0
66787,39
66788,44
66789,22
66790,0
66791,0
66792,0
66793,0
66794,0
66795,0
66796,0
66797,0
66798,0
66799,29
66800,0
66801,0
66802,33
66803,0
66804,0
66805,0
66806,0
66807,0
66808,0
66809,0
66810,0
66811,25
66812,24
66813,0
66814,0
66815,0
66816,0
66817,0
66818,0
66819,26
66820,0
66821,0
66822,37
66823,33
66824,0
66825,0
66826,0
66827,0
66828,0
66829,0
66830,0
66831,0
66832,0
66833,0
66834,33
66835,0
66836,0
66837,34
66838,0
66839,0
66840,0
66841,0
66842,0
66843,0
66844,0
66845,0
66846,0
66847,0
66848,0
66849,0
66850,0
66851,34
66852,0
66853,0
66854,0
66855,0
66856,37
66857,22
66858,0
66859,0
66860,48
66861,0
66862,0
66863,41
66864,46
66865,0
66866,0
66867,52
66868,23
66869,0
66870,0
66871,0
66872,0
66873,44
66874,35
66875,0
66876,33
66877,0
66878,24
66879,0
66880,0
66881,0
66882,0
66883,0
66884,33
66885,0
66886,46
66887,32
66888,0
66889,52
66890,0
66891,26
66892,0
66893,0
66894,0
66895,0
66896,0
66897,0
66898,0
66899,0
66900,0
66901,24
66902,0
66903,0
66904,35
66905,0
66906,0
66907,0
66908,25
66909,0
66910,0
66911,45
66912,0
66913,0
66914,0
66915,0
66916,0
66917,0
66918,0
66919,0
66920,29
66921,0
66922,0
66923,0
66924,0
66925,38
66926,0
66927,0
66928,0
66929,0
66930,37
66931,21
66932,23
66933,0
66934,0
66935,0
66936,0
66937,33
66938,0
66939,0
66940,49
66941,0
66942,0
66943,0
66944,0
66945,0
66946,0
66947,0
66948,0
66949,30
66950,28
66951,0
66952,0
66953,0
66954,26
66955,0
66956,0
66957,0
66958,0
66959,0
66960,0
66961,41
66962,0
66963,0
66964,0
66965,0
66966,0
66967,0
66968,0
66969,38
66970,0
66971,0
66972,0
66973,0
66974,0
66975,0
66976,0
66977,0
66978,23
66979,0
66980,35
66981,0
66982,35
66983,0
66984,0
66985,0
66986,0
66987,0
66988,27
66989,0
66990,35
66991,55
66992,0
66993,0
66994,0
66995,0
66996,0
66997,0
66998,0
66999,0
67000,0
67001,44
67002,0
67003,0
67004,0
67005,0
67006,0
67007,0
67008,0
67009,0
67010,0
67011,0
67012,0
67013,0
67014,44
67015,0
67016,0
67017,0
67018,0
67019,36
67020,0
67021,0
67022,0
67023,0
67024,0
67025,0
67026,0
67027,34
67028,0
67029,0
67030,0
67031,39
67032,33
67033,0
67034,0
67035,43
67036,0
67037,0
67038,0
67039,0
67040,0
67041,0
67042,0
67043,50
67044,0
67045,0
67046,0
67047,0
67048,0
67049,0
67050,0
67051,40
67052,0
67053,32
67054,0
67055,0
67056,44
67057,0
67058,0
67059,46
67060,41
67061,41
67062,29
67063,44
67064,0
67065,0
67066,31
67067,0
67068,0
67069,0
67070,0
67071,0
67072,0
67073,0
67074,0
67075,47
67076,0
67077,0
67078,37
67079,24
67080,0
67081,0
67082,0
67083,44
67084,0
67085,0
67086,0
67087,50
67088,0
67089,27
67090,0
67091,0
67092,0
67093,0
67094,0
67095,0
67096,0
67097,0
67098,43
67099,26
67100,0
67101,0
67102,44
67103,48
67104,47
67105,30
67106,32
67107,0
67108,40
67109,0
67110,0
67111,0
67112,0
67113,0
67114,0
67115,36
67116,0
67117,23
67118,0
67119,0
67120,0
67121,0
67122,33
67123,31
67124,40
67125,0
67126,0
67127,0
67128,0
67129,0
67130,0
67131,0
67132,0
67133,29
67134,38
67135,22
67136,39
67137,0
67138,0
67139,0
67140,0
67141,0
67142,0
67143,0
67144,35
67145,0
67146,0
67147,0
67148,0
67149,0
67150,25
67151,0
67152,31
67153,0
67154,38
67155,0
67156,30
67157,37
67158,39
67159,0
67160,0
67161,0
67162,36
67163,0
67164,0
67165,0
67166,34
67167,0
67168,0
67169,0
67170,0
67171,45
67172,34
67173,0
67174,32
67175,0
67176,30
67177,0
67178,0
67179,0
67180,34
67181,23
67182,0
67183,0
67184,28
67185,0
67186,0
67187,0
67188,0
67189,0
67190,0
67191,34
67192,0
67193,0
67194,0
67195,0
67196,0
67197,0
67198,53
67199,29
67200,0
67201,0
67202,0
67203,0
67204,0
67205,0
67206,0
67207,32
67208,0
67209,0
67210,0
67211,0
67212,0
67213,0
67214,0
67215,0
67216,0
67217,0
67218,0
67219,0
67220,33
67221,0
67222,0
67223,0
67224,0
67225,0
67226,44
67227,0
67228,0
67229,0
67230,0
67231,0
67232,38
67233,0
67234,26
67235,0
67236,0
67237,29
67238,0
67239,0
67240,0
67241,25
67242,0
67243,0
67244,0
67245,0
67246,0
67247,0
67248,33
67249,0
67250,0
67251,0
67252,0
67253,0
67254,0
67255,0
67256,0
67257,0
67258,0
67259,0
67260,0
67261,0
67262,0
67263,0
67264,0
67265,0
67266,0
67267,0
67268,0
67269,0
67270,0
67271,0
67272,0
67273,0
67274,0
67275,0
67276,0
67277,0
67278,0
67279,0
67280,0
67281,0
67282,0
67283,0
67284,3
67285,0
67286,0
67287,0
67288,0
67289,0
67290,0
67291,0
67292,0
67293,0
67294,0
67295,0
67296,0
67297,0
67298,0
67299,0
67300,0
67301,0
67302,0
67303,0
67304,0
67305,0
67306,0
67307,0
67308,4
67309,0
67310,0
67311,0
67312,0
67313,0
67314,0
67315,0
67316,0
67317,0
67318,0
67319,0
67320,0
67321,4
67322,0
67323,2
67324,0
67325,0
67326,0
67327,0
67328,0
67329,0
67330,0
67331,2
67332,0
67333,0
67334,0
67335,0
67336,0
67337,0
67338,0
67339,0
67340,0
67341,0
67342,0
67343,0
67344,0
67345,0
67346,0
67347,0
67348,0
67349,0
67350,0
67351,0
67352,0
67353,0
67354,0
67355,0
67356,0
67357,0
67358,0
67359,0
67360,0
67361,0
67362,0
67363,0
67364,0
67365,5
67366,0
67367,0
67368,0
67369,0
67370,0
67371,0
67372,0
67373,0
67374,0
67375,0
67376,0
67377,0
67378,0
67379,0
67380,3
67381,0
67382,0
67383,0
67384,0
67385,0
67386,0
67387,0
67388,0
67389,0
67390,0
67391,0
67392,0
67393,0
67394,0
67395,0
67396,0
67397,0
67398,0
67399,0
67400,0
67401,0
67402,0
67403,0
67404,0
67405,0
67406,0
67407,0
67408,0
67409,0
67410,0
67411,5
67412,3
67413,0
67414,0
67415,0
67416,0
67417,0
67418,0
67419,0
67420,0
67421,0
67422,0
67423,2
67424,0
67425,0
67426,0
67427,0
67428,0
67429,0
67430,2
67431,0
67432,0
67433,0
67434,0
67435,0
67436,3
67437,0
67438,0
67439,0
67440,0
67441,0
67442,0
67443,0
67444,0
67445,0
67446,0
67447,0
67448,0
67449,0
67450,0
67451,0
67452,0
67453,0
67454,0
67455,0
67456,0
67457,0
67458,0
67459,0
67460,0
67461,0
67462,0
67463,0
67464,2
67465,0
67466,0
67467,0
67468,0
67469,0
67470,0
67471,0
67472,0
67473,0
67474,1
67475,0
67476,0
67477,0
67478,0
67479,0
67480,0
67481,0
67482,0
67483,0
67484,0
67485,0
67486,0
67487,0
67488,0
67489,0
67490,0
67491,0
67492,0
67493,0
67494,0
67495,0
67496,0
67497,0
67498,0
67499,0
67500,0
67501,0
67502,0
67503,0
67504,0
67505,0
67506,0
67507,0
67508,0
67509,0
67510,0
67511,0
67512,0
67513,0
67514,0
67515,0
67516,0
67517,0
67518,0
67519,1
67520,0
67521,0
67522,0
67523,0
67524,0
67525,0
67526,0
67527,0
67528,0
67529,0
67530,1
67531,0
67532,1
67533,0
67534,0
67535,0
67536,0
67537,0
67538,0
67539,0
67540,0
67541,0
67542,0
67543,0
67544,0
67545,0
67546,0
67547,0
67548,0
67549,0
67550,0
67551,0
67552,0
67553,0
67554,0
67555,2
67556,0
67557,0
67558,2
67559,0
67560,0
67561,0
67562,0
67563,0
67564,0
67565,0
67566,0
67567,0
67568,0
67569,5
67570,0
67571,0
67572,0
67573,0
67574,0
67575,4
67576,0
67577,0
67578,0
67579,0
67580,0
67581,0
67582,0
67583,0
67584,0
67585,0
67586,0
67587,0
67588,0
67589,0
67590,0
67591,0
67592,0
67593,0
67594,0
67595,0
67596,0
67597,0
67598,0
67599,0
67600,0
67601,0
67602,0
67603,2
67604,0
67605,0
67606,0
67607,0
67608,0
67609,0
67610,0
67611,3
67612,0
67613,0
67614,0
67615,0
67616,0
67617,0
67618,0
67619,0
67620,0
67621,0
67622,0
67623,0
67624,0
67625,0
67626,3
67627,0
67628,0
67629,0
67630,0
67631,4
67632,0
67633,0
67634,0
67635,0
67636,0
67637,0
67638,0
67639,0
67640,0
67641,0
67642,0
67643,0
67644,0
67645,0
67646,0
67647,2
67648,0
67649,0
67650,0
67651,0
67652,0
67653,0
67654,0
67655,0
67656,0
67657,0
67658,0
67659,0
67660,0
67661,0
67662,0
67663,0
67664,0
67665,0
67666,0
67667,0
67668,0
67669,0
67670,0
67671,0
67672,0
67673,0
67674,0
67675,0
67676,0
67677,0
67678,0
67679,0
67680,0
67681,0
67682,0
67683,0
67684,0
67685,0
67686,0
67687,0
67688,5
67689,0
67690,0
67691,0
67692,0
67693,0
67694,0
67695,0
67696,2
67697,0
67698,0
67699,0
67700,0
67701,0
67702,0
67703,0
67704,0
67705,0
67706,0
67707,0
67708,0
67709,0
67710,0
67711,0
67712,0
67713,2
67714,0
67715,0
67716,0
67717,0
67718,0
67719,0
67720,0
67721,0
67722,0
67723,0
67724,0
67725,1
67726,0
67727,0
67728,0
67729,4
67730,0
67731,0
67732,0
67733,0
67734,0
67735,0
67736,0
67737,0
67738,0
67739,0
67740,3
67741,0
67742,0
67743,1
67744,0
67745,0
67746,0
67747,0
67748,0
67749,0
67750,0
67751,0
67752,0
67753,0
67754,0
67755,0
67756,0
67757,0
67758,0
67759,0
67760,0
67761,0
67762,0
67763,1
67764,0
67765,0
67766,0
67767,0
67768,0
67769,0
67770,0
67771,0
67772,0
67773,0
67774,0
67775,0
67776,0
67777,1
67778,0
67779,0
67780,0
67781,1
67782,0
67783,0
67784,0
67785,0
67786,0
67787,0
67788,0
67789,1
67790,0
67791,0
67792,0
67793,0
67794,0
67795,0
67796,0
67797,0
67798,0
67799,0
67800,0
67801,0
67802,0
67803,0
67804,0
67805,0
67806,2
67807,0
67808,3
67809,0
67810,0
67811,0
67812,0
67813,0
67814,0
67815,0
67816,0
67817,0
67818,0
67819,0
67820,0
67821,0
67822,0
67823,0
67824,0
67825,0
67826,0
67827,0
67828,0
67829,0
67830,0
67831,0
67832,0
67833,0
67834,0
67835,0
67836,0
67837,0
67838,0
67839,0
67840,0
67841,0
67842,0
67843,0
67844,0
67845,0
67846,0
67847,0
67848,0
67849,0
67850,0
67851,0
67852,0
67853,0
67854,0
67855,0
67856,0
67857,0
67858,0
67859,0
67860,0
67861,0
67862,0
67863,0
67864,0
67865,0
67866,0
67867,0
67868,0
67869,0
67870,0
67871,0
67872,0
67873,0
67874,0
67875,0
67876,0
67877,1
67878,0
67879,0
67880,0
67881,0
67882,0
67883,0
67884,0
67885,0
67886,0
67887,0
67888,0
67889,0
67890,0
67891,0
67892,0
67893,0
67894,0
67895,0
67896,0
67897,0
67898,0
67899,0
67900,0
67901,0
67902,0
67903,0
67904,0
67905,0
67906,0
67907,0
67908,0
67909,0
67910,0
67911,0
67912,5
67913,0
67914,0
67915,0
67916,0
67917,0
67918,0
67919,0
67920,0
67921,0
67922,0
67923,0
67924,0
67925,0
67926,3
67927,0
67928,0
67929,0
67930,0
67931,0
67932,0
67933,0
67934,0
67935,0
67936,0
67937,0
67938,0
67939,0
67940,0
67941,0
67942,0
67943,0
67944,0
67945,0
67946,0
67947,0
67948,0
67949,0
67950,0
67951,0
67952,0
67953,0
67954,2
67955,0
67956,0
67957,0
67958,0
67959,0
67960,0
67961,0
67962,0
67963,0
67964,0
67965,0
67966,0
67967,0
67968,0
67969,0
67970,0
67971,1
67972,0
67973,0
67974,0
67975,0
67976,0
67977,0
67978,0
67979,0
67980,0
67981,0
67982,0
67983,0
67984,0
67985,0
67986,0
67987,0
67988,3
67989,0
67990,0
67991,0
67992,0
67993,0
67994,0
67995,0
67996,0
67997,0
67998,0
67999,0
68000,0
68001,0
68002,0
68003,0
68004,0
68005,0
68006,0
68007,0
68008,0
68009,0
68010,0
68011,0
68012,0
68013,0
68014,0
68015,0
68016,0
68017,0
68018,0
68019,0
68020,0
68021,0
68022,2
68023,0
68024,0
68025,0
68026,0
68027,0
68028,0
68029,0
68030,0
68031,0
68032,0
68033,0
68034,0
68035,0
68036,0
68037,0
68038,0
68039,0
68040,0
68041,0
68042,0
68043,0
68044,0
68045,0
68046,0
68047,0
68048,0
68049,0
68050,35
68051,0
68052,0
68053,0
68054,0
68055,0
68056,0
68057,0
68058,0
68059,0
68060,0
68061,0
68062,0
68063,0
68064,0
68065,0
68066,0
68067,0
68068,24
68069,0
68070,0
68071,0
68072,0
68073,0
68074,0
68075,0
68076,23
68077,0
68078,0
68079,0
68080,0
68081,0
68082,0
68083,0
68084,0
68085,0
68086,0
68087,0
68088,0
68089,0
68090,0
68091,0
68092,0
68093,0
68094,20
68095,0
68096,0
68097,0
68098,0
68099,27
68100,26
68101,0
68102,0
68103,0
68104,0
68105,0
68106,0
68107,0
68108,23
68109,0
68110,0
68111,0
68112,0
68113,0
68114,0
68115,0
68116,0
68117,0
68118,0
68119,29
68120,0
68121,0
68122,0
68123,0
68124,0
68125,0
68126,0
68127,0
68128,0
68129,0
68130,0
68131,0
68132,0
68133,0
68134,0
68135,0
68136,0
68137,0
68138,0
68139,0
68140,0
68141,0
68142,0
68143,0
68144,0
68145,0
68146,0
68147,0
68148,22
68149,0
68150,0
68151,0
68152,0
68153,0
68154,0
68155,0
68156,0
68157,0
68158,0
68159,0
68160,0
68161,0
68162,0
68163,0
68164,0
68165,0
68166,0
68167,0
68168,0
68169,0
68170,0
68171,0
68172,0
68173,0
68174,0
68175,0
68176,0
68177,0
68178,0
68179,0
68180,0
68181,0
68182,0
68183,0
68184,0
68185,0
68186,0
68187,0
68188,0
68189,0
68190,0
68191,0
68192,0
68193,0
68194,0
68195,0
68196,0
68197,0
68198,0
68199,0
68200,0
68201,0
68202,0
68203,0
68204,0
68205,0
68206,28
68207,0
68208,0
68209,0
68210,0
68211,0
68212,0
68213,0
68214,0
68215,0
68216,0
68217,0
68218,0
68219,0
68220,0
68221,0
68222,0
68223,0
68224,16
68225,0
68226,0
68227,0
68228,0
68229,0
68230,0
68231,0
68232,0
68233,0
68234,0
68235,0
68236,0
68237,0
68238,0
68239,0
68240,0
68241,0
68242,19
68243,0
68244,27
68245,0
68246,20
68247,0
68248,0
68249,17
68250,0
68251,0
68252,0
68253,29
68254,0
68255,0
68256,0
68257,0
68258,0
68259,0
68260,0
68261,0
68262,0
68263,0
68264,0
68265,0
68266,0
68267,0
68268,0
68269,0
68270,0
68271,0
68272,0
68273,0
68274,0
68275,0
68276,0
68277,0
68278,0
68279,0
68280,0
68281,0
68282,0
68283,0
68284,0
68285,0
68286,0
68287,0
68288,0
68289,0
68290,0
68291,0
68292,0
68293,0
68294,20
68295,0
68296,0
68297,22
68298,0
68299,0
68300,0
68301,0
68302,0
68303,0
68304,0
68305,0
68306,0
68307,27
68308,0
68309,0
68310,0
68311,0
68312,0
68313,0
68314,15
68315,0
68316,37
68317,0
68318,0
68319,0
68320,0
68321,0
68322,0
68323,0
68324,0
68325,0
68326,0
68327,0
68328,0
68329,0
68330,0
68331,0
68332,0
68333,0
68334,0
68335,0
68336,0
68337,0
68338,0
68339,0
68340,0
68341,0
68342,0
68343,0
68344,0
68345,0
68346,0
68347,0
68348,0
68349,0
68350,0
68351,0
68352,0
68353,0
68354,0
68355,0
68356,0
68357,0
68358,0
68359,0
68360,0
68361,0
68362,0
68363,0
68364,30
68365,0
68366,0
68367,0
68368,28
68369,0
68370,0
68371,0
68372,0
68373,0
68374,0
68375,0
68376,0
68377,0
68378,0
68379,0
68380,0
68381,0
68382,0
68383,0
68384,20
68385,0
68386,0
68387,0
68388,0
68389,0
68390,0
68391,0
68392,0
68393,0
68394,0
68395,0
68396,0
68397,0
68398,0
68399,0
68400,0
68401,0
68402,0
68403,0
68404,0
68405,0
68406,0
68407,0
68408,0
68409,0
68410,0
68411,0
68412,0
68413,0
68414,0
68415,0
68416,0
68417,0
68418,0
68419,0
68420,0
68421,0
68422,0
68423,0
68424,0
68425,0
68426,0
68427,0
68428,0
68429,0
68430,0
68431,0
68432,23
68433,0
68434,0
68435,0
68436,0
68437,0
68438,0
68439,0
68440,0
68441,0
68442,0
68443,0
68444,0
68445,0
68446,0
68447,0
68448,20
68449,0
68450,0
68451,0
68452,0
68453,0
68454,0
68455,0
68456,0
68457,0
68458,0
68459,0
68460,0
68461,0
68462,0
68463,0
68464,0
68465,0
68466,0
68467,0
68468,0
68469,0
68470,0
68471,0
68472,23
68473,0
68474,0
68475,0
68476,0
68477,0
68478,0
68479,0
68480,0
68481,0
68482,0
68483,0
68484,0
68485,0
68486,0
68487,0
68488,0
68489,0
68490,0
68491,0
68492,0
68493,0
68494,0
68495,0
68496,0
68497,0
68498,0
68499,0
68500,0
68501,0
68502,0
68503,19
68504,0
68505,0
68506,0
68507,0
68508,0
68509,0
68510,0
68511,0
68512,0
68513,0
68514,0
68515,0
68516,0
68517,0
68518,0
68519,0
68520,0
68521,0
68522,0
68523,0
68524,0
68525,0
68526,0
68527,0
68528,0
68529,0
68530,0
68531,0
68532,0
68533,0
68534,0
68535,0
68536,0
68537,0
68538,0
68539,0
68540,0
68541,0
68542,0
68543,0
68544,0
68545,0
68546,0
68547,0
68548,0
68549,0
68550,0
68551,0
68552,0
68553,0
68554,0
68555,0
68556,0
68557,0
68558,0
68559,0
68560,0
68561,0
68562,0
68563,0
68564,0
68565,0
68566,0
68567,0
68568,0
68569,0
68570,0
68571,0
68572,0
68573,0
68574,0
68575,0
68576,0
68577,0
68578,0
68579,0
68580,0
68581,0
68582,0
68583,0
68584,0
68585,0
68586,0
68587,0
68588,0
68589,0
68590,0
68591,0
68592,0
68593,0
68594,0
68595,0
68596,0
68597,0
68598,0
68599,0
68600,0
68601,0
68602,0
68603,0
68604,0
68605,0
68606,0
68607,0
68608,0
68609,0
68610,24
68611,0
68612,32
68613,0
68614,0
68615,0
68616,0
68617,0
68618,0
68619,0
68620,0
68621,0
68622,0
68623,0
68624,0
68625,0
68626,0
68627,0
68628,0
68629,0
68630,0
68631,0
68632,0
68633,0
68634,0
68635,0
68636,0
68637,0
68638,0
68639,0
68640,0
68641,0
68642,0
68643,0
68644,0
68645,0
68646,32
68647,0
68648,0
68649,0
68650,0
68651,0
68652,0
68653,0
68654,0
68655,0
68656,21
68657,0
68658,0
68659,0
68660,0
68661,0
68662,0
68663,0
68664,0
68665,0
68666,0
68667,0
68668,0
68669,0
68670,0
68671,0
68672,0
68673,0
68674,0
68675,0
68676,0
68677,0
68678,0
68679,0
68680,0
68681,0
68682,0
68683,0
68684,0
68685,0
68686,0
68687,0
68688,0
68689,0
68690,0
68691,0
68692,0
68693,0
68694,0
68695,0
68696,0
68697,0
68698,0
68699,0
68700,0
68701,0
68702,0
68703,0
68704,0
68705,0
68706,0
68707,0
68708,0
68709,0
68710,0
68711,0
68712,0
68713,0
68714,0
68715,0
68716,0
68717,0
68718,0
68719,0
68720,0
68721,0
68722,0
68723,0
68724,0
68725,0
68726,0
68727,0
68728,0
68729,0
68730,0
68731,0
68732,0
68733,0
68734,0
68735,0
68736,0
68737,0
68738,0
68739,0
68740,17
68741,0
68742,0
68743,0
68744,0
68745,0
68746,0
68747,0
68748,0
68749,0
68750,0
68751,0
68752,0
68753,0
68754,0
68755,18
68756,0
68757,0
68758,0
68759,0
68760,0
68761,0
68762,0
68763,0
68764,0
68765,0
68766,20
68767,0
68768,0
68769,0
68770,0
68771,0
68772,0
68773,0
68774,0
68775,0
68776,0
68777,0
68778,29
68779,0
68780,0
68781,0
68782,0
68783,0
68784,0
68785,0
68786,0
68787,0
68788,0
68789,0
68790,0
68791,0
68792,0
68793,0
68794,0
68795,0
68796,0
68797,0
68798,0
68799,0
68800,0
68801,0
68802,0
68803,0
68804,0
68805,0
68806,0
68807,0
68808,0
68809,0
68810,0
68811,0
68812,0
68813,0
68814,0
68815,0
68816,0
68817,0
68818,0
68819,0
68820,0
68821,0
68822,0
68823,0
68824,31
68825,24
68826,0
68827,0
68828,0
68829,0
68830,0
68831,0
68832,0
68833,33
68834,0
68835,0
68836,23
68837,0
68838,0
68839,0
68840,0
68841,0
68842,0
68843,0
68844,0
68845,0
68846,0
68847,0
68848,0
68849,0
68850,0
68851,0
68852,0
68853,0
68854,0
68855,0
68856,0
68857,0
68858,0
68859,0
68860,0
68861,0
68862,0
68863,0
68864,0
68865,0
68866,0
68867,0
68868,0
68869,0
68870,0
68871,0
68872,0
68873,24
68874,0
68875,0
68876,0
68877,0
68878,0
68879,0
68880,0
68881,0
68882,0
68883,0
68884,0
68885,0
68886,0
68887,0
68888,0
68889,0
68890,0
68891,0
68892,0
68893,0
68894,0
68895,0
68896,0
68897,0
68898,0
68899,0
68900,0
68901,0
68902,0
68903,30
68904,0
68905,0
68906,0
68907,0
68908,0
68909,0
68910,0
68911,0
68912,0
68913,0
68914,0
68915,0
68916,0
68917,0
68918,0
68919,0
68920,0
68921,0
68922,0
68923,0
68924,0
68925,0
68926,0
68927,30
68928,21
68929,0
68930,0
68931,0
68932,0
68933,0
68934,0
68935,0
68936,0
68937,0
68938,0
68939,0
68940,0
68941,0
68942,0
68943,0
68944,0
68945,0
68946,0
68947,0
68948,23
68949,0
68950,0
68951,0
68952,0
68953,0
68954,18
68955,0
68956,0
68957,27
68958,0
68959,0
68960,0
68961,0
68962,0
68963,0
68964,0
68965,0
68966,0
68967,0
68968,0
68969,0
68970,0
68971,0
68972,0
68973,0
68974,0
68975,0
68976,0
68977,0
68978,0
68979,0
68980,0
68981,0
68982,0
68983,0
68984,0
68985,0
68986,0
68987,0
68988,0
68989,0
68990,0
68991,0
68992,0
68993,0
68994,0
68995,0
68996,0
68997,0
68998,0
68999,0
69000,0
69001,0
69002,0
69003,0
69004,0
69005,0
69006,0
69007,0
69008,26
69009,0
69010,0
69011,0
69012,0
69013,0
69014,0
69015,0
69016,23
69017,0
69018,0
69019,0
69020,0
69021,0
69022,0
69023,0
69024,0
69025,0
69026,0
69027,0
69028,0
69029,0
69030,0
69031,0
69032,0
69033,0
69034,0
69035,0
69036,0
69037,0
69038,0
69039,0
69040,0
69041,0
69042,0
69043,12
69044,0
69045,0
69046,0
69047,27
69048,0
69049,0
69050,0
69051,0
69052,0
69053,0
69054,0
69055,0
69056,0
69057,0
69058,0
69059,0
69060,0
69061,0
69062,0
69063,0
69064,0
69065,0
69066,0
69067,0
69068,0
69069,0
69070,0
69071,0
69072,0
69073,0
69074,0
69075,0
69076,0
69077,0
69078,0
69079,0
69080,0
69081,0
69082,0
69083,0
69084,0
69085,0
69086,0
69087,0
69088,0
69089,0
69090,0
69091,0
69092,0
69093,0
69094,0
69095,0
69096,0
69097,0
69098,0
69099,0
69100,0
69101,0
69102,0
69103,0
69104,0
69105,0
69106,0
69107,0
69108,13
69109,0
69110,0
69111,0
69112,0
69113,0
69114,0
69115,0
69116,0
69117,0
69118,0
69119,0
69120,0
69121,0
69122,0
69123,25
69124,0
69125,0
69126,0
69127,0
69128,0
69129,0
69130,12
69131,0
69132,0
69133,0
69134,0
69135,0
69136,0
69137,23
69138,0
69139,0
69140,0
69141,0
69142,0
69143,0
69144,0
69145,0
69146,0
69147,0
69148,0
69149,0
69150,0
69151,0
69152,0
69153,0
69154,0
69155,0
69156,0
69157,0
69158,0
69159,0
69160,0
69161,0
69162,0
69163,20
69164,0
69165,0
69166,0
69167,0
69168,0
69169,0
69170,0
69171,0
69172,0
69173,0
69174,0
69175,0
69176,0
69177,0
69178,0
69179,0
69180,0
69181,0
69182,0
69183,0
69184,28
69185,0
69186,0
69187,0
69188,0
69189,0
69190,0
69191,32
69192,0
69193,0
69194,0
69195,0
69196,0
69197,0
69198,0
69199,0
69200,0
69201,0
69202,0
69203,0
69204,0
69205,0
69206,0
69207,0
69208,0
69209,0
69210,0
69211,0
69212,0
69213,0
69214,0
69215,0
69216,0
69217,0
69218,0
69219,0
69220,0
69221,0
69222,0
69223,0
69224,0
69225,0
69226,0
69227,0
69228,0
69229,0
69230,0
69231,0
69232,30
69233,0
69234,0
69235,0
69236,0
69237,0
69238,0
69239,0
69240,0
69241,0
69242,0
69243,15
69244,0
69245,0
69246,0
69247,0
69248,0
69249,0
69250,0
69251,0
69252,20
69253,0
69254,0
69255,0
69256,0
69257,0
69258,0
69259,19
69260,0
69261,0
69262,0
69263,0
69264,0
69265,0
69266,0
69267,0
69268,0
69269,0
69270,0
69271,0
69272,0
69273,0
69274,0
69275,0
69276,0
69277,0
69278,0
69279,0
69280,0
69281,0
69282,0
69283,0
69284,0
69285,0
69286,0
69287,0
69288,19
69289,0
69290,0
69291,0
69292,0
69293,23
69294,0
69295,0
69296,0
69297,0
69298,0
69299,0
69300,0
69301,0
69302,0
69303,0
69304,0
69305,0
69306,32
69307,0
69308,0
69309,0
69310,0
69311,0
69312,0
69313,0
69314,0
69315,0
69316,22
69317,0
69318,0
69319,0
69320,0
69321,0
69322,0
69323,0
69324,0
69325,0
69326,0
69327,0
69328,0
69329,0
69330,0
69331,0
69332,0
69333,0
69334,0
69335,0
69336,21
69337,0
69338,0
69339,0
69340,0
69341,0
69342,0
69343,19
69344,0
69345,0
69346,0
69347,0
69348,0
69349,0
69350,0
69351,0
69352,0
69353,0
69354,0
69355,26
69356,0
69357,0
69358,0
69359,29
69360,0
69361,0
69362,0
69363,0
69364,0
69365,0
69366,0
69367,0
69368,15
69369,0
69370,0
69371,0
69372,0
69373,0
69374,0
69375,0
69376,0
69377,0
69378,0
69379,17
69380,0
69381,0
69382,0
69383,0
69384,0
69385,0
69386,0
69387,0
69388,0
69389,0
69390,16
69391,0
69392,0
69393,0
69394,0
69395,0
69396,0
69397,0
69398,0
69399,0
69400,0
69401,0
69402,0
69403,0
69404,0
69405,23
69406,0
69407,0
69408,0
69409,0
69410,0
69411,0
69412,0
69413,0
69414,18
69415,0
69416,0
69417,0
69418,0
69419,0
69420,0
69421,0
69422,26
69423,0
69424,0
69425,0
69426,0
69427,0
69428,0
69429,0
69430,0
69431,0
69432,0
69433,0
69434,0
69435,0
69436,0
69437,15
69438,23
69439,0
69440,0
69441,17
69442,0
69443,0
69444,0
69445,0
69446,0
69447,0
69448,0
69449,0
69450,0
69451,0
69452,0
69453,0
69454,0
69455,0
69456,0
69457,0
69458,0
69459,0
69460,32
69461,0
69462,0
69463,0
69464,0
69465,0
69466,0
69467,0
69468,0
69469,0
69470,0
69471,0
69472,0
69473,0
69474,0
69475,0
69476,0
69477,0
69478,0
69479,0
69480,0
69481,0
69482,0
69483,0
69484,0
69485,0
69486,0
69487,0
69488,0
69489,23
69490,0
69491,0
69492,0
69493,0
69494,0
69495,0
69496,0
69497,0
69498,36
69499,0
69500,0
69501,0
69502,0
69503,0
69504,0
69505,0
69506,27
69507,0
69508,0
69509,0
69510,29
69511,0
69512,0
69513,0
69514,0
69515,0
69516,0
69517,0
69518,0
69519,0
69520,0
69521,0
69522,0
69523,0
69524,0
69525,0
69526,13
69527,0
69528,0
69529,0
69530,0
69531,0
69532,0
69533,0
69534,0
69535,0
69536,0
69537,0
69538,0
69539,0
69540,0
69541,20
69542,0
69543,0
69544,0
69545,28
69546,0
69547,0
69548,0
69549,0
69550,0
69551,0
69552,0
69553,19
69554,0
69555,0
69556,0
69557,0
69558,0
69559,0
69560,0
69561,0
69562,0
69563,0
69564,17
69565,0
69566,0
69567,0
69568,0
69569,0
69570,0
69571,0
69572,0
69573,0
69574,0
69575,0
69576,0
69577,0
69578,0
69579,0
69580,0
69581,0
69582,0
69583,0
69584,30
69585,0
69586,20
69587,0
69588,0
69589,0
69590,0
69591,0
69592,34
69593,32
69594,24
69595,0
69596,0
69597,0
69598,0
69599,47
69600,0
69601,0
69602,0
69603,0
69604,0
69605,0
69606,0
69607,0
69608,0
69609,42
69610,0
69611,0
69612,34
69613,0
69614,0
69615,24
69616,0
69617,0
69618,54
69619,26
69620,0
69621,0
69622,40
69623,0
69624,0
69625,0
69626,0
69627,0
69628,0
69629,0
69630,43
69631,0
69632,0
69633,0
69634,0
69635,27
69636,29
69637,0
69638,30
69639,0
69640,0
69641,0
69642,0
69643,0
69644,0
69645,43
69646,0
69647,0
69648,0
69649,0
69650,38
69651,41
69652,0
69653,0
69654,0
69655,0
69656,0
69657,0
69658,30
69659,0
69660,32
69661,0
69662,0
69663,0
69664,0
69665,0
69666,0
69667,0
69668,0
69669,30
69670,0
69671,21
69672,34
69673,0
69674,0
69675,0
69676,0
69677,0
69678,31
69679,0
69680,0
69681,0
69682,0
69683,0
69684,0
69685,0
69686,0
69687,39
69688,32
69689,0
69690,0
69691,0
69692,0
69693,40
69694,0
69695,0
69696,0
69697,24
69698,0
69699,0
69700,0
69701,0
69702,0
69703,0
69704,0
69705,0
69706,0
69707,0
69708,0
69709,0
69710,0
69711,0
69712,0
69713,0
69714,0
69715,0
69716,0
69717,0
69718,0
69719,22
69720,0
69721,0
69722,0
69723,0
69724,46
69725,0
69726,0
69727,18
69728,30
69729,0
69730,0
69731,30
69732,0
69733,48
69734,36
69735,42
69736,0
69737,0
69738,0
69739,44
69740,0
69741,0
69742,0
69743,0
69744,0
69745,35
69746,0
69747,0
69748,24
69749,16
69750,0
69751,0
69752,18
69753,0
69754,0
69755,25
69756,0
69757,38
69758,0
69759,0
69760,0
69761,0
69762,0
69763,0
69764,0
69765,0
69766,0
69767,0
69768,0
69769,0
69770,27
69771,45
69772,0
69773,48
69774,0
69775,0
69776,16
69777,0
69778,40
69779,0
69780,0
69781,0
69782,31
69783,0
69784,0
69785,0
69786,0
69787,0
69788,0
69789,0
69790,0
69791,0
69792,0
69793,31
69794,45
69795,48
69796,0
69797,41
69798,21
69799,0
69800,0
69801,0
69802,0
69803,0
69804,0
69805,0
69806,0
69807,0
69808,0
69809,0
69810,0
69811,0
69812,0
69813,0
69814,30
69815,0
69816,0
69817,0
69818,0
69819,0
69820,0
69821,0
69822,42
69823,0
69824,0
69825,0
69826,0
69827,33
69828,0
69829,0
69830,0
69831,20
69832,0
69833,0
69834,0
69835,0
69836,0
69837,0
69838,32
69839,0
69840,19
69841,0
69842,0
69843,0
69844,0
69845,0
69846,0
69847,0
69848,0
69849,0
69850,37
69851,0
69852,0
69853,0
69854,0
69855,0
69856,0
69857,28
69858,0
69859,32
69860,0
69861,37
69862,39
69863,0
69864,35
69865,50
69866,0
69867,36
69868,0
69869,0
69870,0
69871,0
69872,38
69873,0
69874,0
69875,35
69876,0
69877,0
69878,0
69879,0
69880,0
69881,40
69882,0
69883,30
69884,0
69885,0
69886,0
69887,0
69888,0
69889,53
69890,0
69891,51
69892,56
69893,0
69894,0
69895,0
69896,0
69897,0
69898,0
69899,41
69900,0
69901,0
69902,0
69903,0
69904,0
69905,0
69906,0
69907,0
69908,37
69909,0
69910,0
69911,0
69912,30
69913,30
69914,0
69915,0
69916,0
69917,0
69918,0
69919,34
69920,0
69921,0
69922,0
69923,47
69924,0
69925,0
69926,0
69927,17
69928,59
69929,0
69930,19
69931,0
69932,36
69933,0
69934,0
69935,40
69936,0
69937,25
69938,0
69939,0
69940,0
69941,0
69942,0
69943,0
69944,0
69945,0
69946,0
69947,0
69948,25
69949,46
69950,0
69951,0
69952,27
69953,0
69954,36
69955,0
69956,0
69957,0
69958,38
69959,0
69960,0
69961,29
69962,0
69963,0
69964,33
69965,0
69966,21
69967,0
69968,0
69969,0
69970,0
69971,38
69972,0
69973,0
69974,0
69975,0
69976,26
69977,0
69978,28
69979,0
69980,45
69981,0
69982,0
69983,0
69984,0
69985,0
69986,26
69987,31
69988,0
69989,20
69990,0
69991,0
69992,0
69993,23
69994,0
69995,0
69996,35
69997,21
69998,0
69999,0
70000,0
70001,0
70002,0
70003,0
70004,0
70005,0
70006,42
70007,0
70008,47
70009,27
70010,0
70011,0
70012,0
70013,0
70014,0
70015,0
70016,25
70017,0
70018,0
70019,0
70020,0
70021,0
70022,0
70023,0
70024,0
70025,0
70026,0
70027,0
70028,0
70029,40
70030,0
70031,0
70032,0
70033,0
70034,37
70035,35
70036,0
70037,0
70038,0
70039,0
70040,0
70041,48
70042,13
70043,26
70044,0
70045,36
70046,0
70047,0
70048,0
70049,0
70050,0
70051,0
70052,0
70053,0
70054,0
70055,0
70056,0
70057,0
70058,0
70059,0
70060,38
70061,0
70062,0
70063,0
70064,0
70065,0
70066,42
70067,0
70068,0
70069,44
70070,0
70071,0
70072,17
70073,22
70074,0
70075,0
70076,0
70077,27
70078,0
70079,28
70080,0
70081,0
70082,0
70083,0
70084,0
70085,34
70086,0
70087,0
70088,0
70089,25
70090,0
70091,0
70092,0
70093,0
70094,0
70095,0
70096,0
70097,0
70098,0
70099,0
70100,0
70101,0
70102,0
70103,39
70104,0
70105,0
70106,0
70107,0
70108,0
70109,0
70110,0
70111,0
70112,20
70113,0
70114,0
70115,0
70116,0
70117,28
70118,0
70119,31
70120,0
70121,0
70122,34
70123,0
70124,0
70125,0
70126,0
70127,0
70128,0
70129,0
70130,14
70131,0
70132,32
70133,0
70134,0
70135,48
70136,0
70137,0
70138,33
70139,0
70140,0
70141,67
70142,0
70143,0
70144,29
70145,0
70146,19
70147,0
70148,0
70149,0
70150,0
70151,45
70152,0
70153,0
70154,0
70155,0
70156,0
70157,37
70158,0
70159,0
70160,0
70161,0
70162,0
70163,54
70164,0
70165,0
70166,0
70167,0
70168,0
70169,0
70170,0
70171,0
70172,0
70173,0
70174,0
70175,0
70176,0
70177,28
70178,0
70179,36
70180,0
70181,0
70182,31
70183,0
70184,0
70185,0
70186,0
70187,42
70188,0
70189,48
70190,0
70191,29
70192,0
70193,0
70194,0
70195,0
70196,0
70197,0
70198,0
70199,48
70200,0
70201,45
70202,0
70203,38
70204,0
70205,0
70206,0
70207,62
70208,22
70209,0
70210,0
70211,0
70212,0
70213,0
70214,16
70215,0
70216,0
70217,14
70218,0
70219,0
70220,46
70221,0
70222,27
70223,20
70224,12
70225,0
70226,0
70227,54
70228,0
70229,0
70230,0
70231,0
70232,60
70233,0
70234,35
70235,54
70236,0
70237,0
70238,0
70239,17
70240,41
70241,0
70242,32
70243,30
70244,0
70245,0
70246,10
70247,28
70248,0
70249,27
70250,0
70251,46
70252,12
70253,0
70254,26
70255,0
70256,0
70257,27
70258,46
70259,0
70260,0
70261,0
70262,5
70263,0
70264,0
70265,15
70266,0
70267,0
70268,73
70269,29
70270,0
70271,0
70272,0
70273,0
70274,0
70275,52
70276,0
70277,0
70278,0
70279,0
70280,0
70281,0
70282,0
70283,0
70284,85
70285,0
70286,0
70287,0
70288,43
70289,0
70290,0
70291,15
70292,0
70293,0
70294,45
70295,21
70296,78
70297,0
70298,14
70299,0
70300,53
70301,0
70302,0
70303,0
70304,90
70305,0
70306,0
70307,0
70308,0
70309,0
70310,0
70311,0
70312,0
70313,26
70314,0
70315,33
70316,0
70317,0
70318,0
70319,0
70320,0
70321,0
70322,0
70323,0
70324,90
70325,0
70326,0
70327,63
70328,0
70329,0
70330,0
70331,25
70332,0
70333,0
70334,0
70335,0
70336,0
70337,43
70338,0
70339,0
70340,0
70341,0
70342,0
70343,65
70344,32
70345,28
70346,0
70347,0
70348,48
70349,0
70350,0
70351,0
70352,36
70353,0
70354,0
70355,0
70356,0
70357,0
70358,46
70359,0
70360,0
70361,33
70362,48
70363,0
70364,0
70365,0
70366,0
70367,0
70368,69
70369,28
70370,0
70371,0
70372,0
70373,0
70374,46
70375,0
70376,0
70377,0
70378,42
70379,39
70380,0
70381,30
70382,0
70383,8
70384,0
70385,29
70386,45
70387,0
70388,0
70389,0
70390,20
70391,0
70392,22
70393,52
70394,0
70395,20
70396,0
70397,0
70398,0
70399,0
70400,22
70401,0
70402,0
70403,0
70404,0
70405,0
70406,0
70407,0
70408,34
70409,41
70410,0
70411,0
70412,0
70413,0
70414,0
70415,20
70416,26
70417,0
70418,0
70419,0
70420,28
70421,0
70422,0
70423,71
70424,34
70425,27
70426,0
70427,0
70428,48
70429,0
70430,0
70431,0
70432,0
70433,0
70434,34
70435,0
70436,0
70437,24
70438,67
70439,0
70440,0
70441,0
70442,0
70443,0
70444,43
70445,0
70446,0
70447,0
70448,0
70449,0
70450,0
70451,0
70452,0
70453,0
70454,0
70455,0
70456,20
70457,73
70458,0
70459,0
70460,0
70461,38
70462,0
70463,0
70464,0
70465,0
70466,0
70467,0
70468,0
70469,0
70470,0
70471,0
70472,0
70473,0
70474,0
70475,0
70476,0
70477,0
70478,0
70479,0
70480,43
70481,0
70482,0
70483,13
70484,0
70485,0
70486,0
70487,0
70488,15
70489,51
70490,61
70491,59
70492,0
70493,0
70494,0
70495,11
70496,0
70497,0
70498,0
70499,83
70500,21
70501,0
70502,0
70503,0
70504,36
70505,23
70506,0
70507,0
70508,0
70509,0
70510,0
70511,0
70512,14
70513,0
70514,27
70515,24
70516,0
70517,0
70518,0
70519,0
70520,0
70521,10
70522,0
70523,0
70524,0
70525,40
70526,0
70527,0
70528,0
70529,0
70530,0
70531,0
70532,0
70533,0
70534,0
70535,0
70536,0
70537,0
70538,59
70539,30
70540,0
70541,0
70542,0
70543,0
70544,0
70545,41
70546,0
70547,0
70548,0
70549,48
70550,0
70551,0
70552,0
70553,0
70554,62
70555,0
70556,24
70557,0
70558,49
70559,0
70560,23
70561,0
70562,0
70563,0
70564,0
70565,0
70566,0
70567,0
70568,0
70569,47
70570,0
70571,0
70572,0
70573,0
70574,16
70575,0
70576,0
70577,0
70578,25
70579,0
70580,0
70581,0
70582,0
70583,0
70584,22
70585,0
70586,0
70587,0
70588,22
70589,37
70590,27
70591,0
70592,0
70593,0
70594,0
70595,0
70596,0
70597,0
70598,0
70599,44
70600,0
70601,30
70602,0
70603,48
70604,16
70605,0
70606,0
70607,0
70608,0
70609,32
70610,0
70611,0
70612,0
70613,0
70614,0
70615,0
70616,0
70617,23
70618,0
70619,0
70620,77
70621,67
70622,0
70623,0
70624,0
70625,0
70626,55
70627,0
70628,23
70629,35
70630,0
70631,0
70632,0
70633,0
70634,0
70635,0
70636,0
70637,0
70638,0
70639,66
70640,11
70641,0
70642,0
70643,0
70644,0
70645,0
70646,0
70647,0
70648,50
70649,0
70650,38
70651,0
70652,75
70653,0
70654,0
70655,0
70656,0
70657,0
70658,0
70659,0
70660,21
70661,51
70662,0
70663,41
70664,0
70665,0
70666,0
70667,36
70668,0
70669,0
70670,0
70671,0
70672,0
70673,0
70674,0
70675,0
70676,0
70677,0
70678,0
70679,0
70680,0
70681,0
70682,0
70683,0
70684,0
70685,16
70686,35
70687,0
70688,0
70689,0
70690,0
70691,37
70692,0
70693,0
70694,0
70695,0
70696,0
70697,0
70698,0
70699,0
70700,32
70701,0
70702,32
70703,53
70704,9
70705,45
70706,18
70707,0
70708,0
70709,0
70710,0
70711,28
70712,0
70713,25
70714,4
70715,0
70716,0
70717,0
70718,0
70719,0
70720,0
70721,0
70722,51
70723,0
70724,0
70725,0
70726,23
70727,0
70728,0
70729,0
70730,0
70731,0
70732,18
70733,54
70734,74
70735,0
70736,0
70737,0
70738,0
70739,0
70740,0
70741,29
70742,0
70743,0
70744,0
70745,39
70746,0
70747,0
70748,39
70749,0
70750,41
70751,0
70752,0
70753,11
70754,0
70755,20
70756,0
70757,0
70758,0
70759,38
70760,0
70761,42
70762,26
70763,0
70764,0
70765,0
70766,0
70767,0
70768,0
70769,0
70770,0
70771,0
70772,0
70773,0
70774,37
70775,0
70776,57
70777,0
70778,0
70779,0
70780,0
70781,0
70782,16
70783,16
70784,0
70785,19
70786,0
70787,0
70788,0
70789,0
70790,0
70791,42
70792,24
70793,0
70794,0
70795,47
70796,0
70797,0
70798,0
70799,37
70800,0
70801,0
70802,0
70803,0
70804,0
70805,0
70806,0
70807,0
70808,0
70809,0
70810,0
70811,21
70812,0
70813,0
70814,32
70815,0
70816,0
70817,0
70818,0
70819,24
70820,0
70821,0
70822,0
70823,0
70824,0
70825,0
70826,0
70827,0
70828,0
70829,0
70830,0
70831,56
70832,0
70833,0
70834,0
70835,0
70836,0
70837,0
70838,19
70839,26
70840,0
70841,0
70842,0
70843,0
70844,0
70845,0
70846,0
70847,0
70848,0
70849,0
70850,0
70851,0
70852,0
70853,0
70854,0
70855,0
70856,0
70857,0
70858,0
70859,0
70860,0
70861,0
70862,0
70863,17
70864,0
70865,0
70866,0
70867,0
70868,0
70869,0
70870,0
70871,0
70872,24
70873,0
70874,0
70875,0
70876,0
70877,0
70878,0
70879,0
70880,0
70881,39
70882,22
70883,0
70884,0
70885,0
70886,0
70887,0
70888,23
70889,0
70890,32
70891,0
70892,0
70893,0
70894,0
70895,0
70896,0
70897,0
70898,0
70899,0
70900,27
70901,0
70902,0
70903,0
70904,0
70905,0
70906,0
70907,0
70908,24
70909,0
70910,0
70911,0
70912,0
70913,0
70914,0
70915,0
70916,0
70917,0
70918,30
70919,0
70920,0
70921,0
70922,0
70923,0
70924,0
70925,0
70926,0
70927,0
70928,0
70929,16
70930,0
70931,0
70932,0
70933,0
70934,0
70935,0
70936,0
70937,0
70938,0
70939,0
70940,22
70941,0
70942,0
70943,0
70944,0
70945,0
70946,0
70947,0
70948,0
70949,0
70950,0
70951,0
70952,0
70953,0
70954,0
70955,0
70956,0
70957,0
70958,0
70959,0
70960,0
70961,0
70962,0
70963,0
70964,0
70965,0
70966,0
70967,0
70968,0
70969,0
70970,0
70971,0
70972,46
70973,24
70974,0
70975,0
70976,0
70977,0
70978,0
70979,0
70980,0
70981,0
70982,20
70983,35
70984,0
70985,0
70986,0
70987,31
70988,0
70989,0
70990,33
70991,0
70992,0
70993,0
70994,0
70995,0
70996,0
70997,34
70998,0
70999,0
71000,0
71001,0
71002,0
71003,0
71004,0
71005,0
71006,0
71007,0
71008,0
71009,0
71010,0
71011,0
71012,21
71013,0
71014,23
71015,18
71016,27
71017,30
71018,0
71019,0
71020,0
71021,0
71022,0
71023,0
71024,0
71025,0
71026,26
71027,0
71028,26
71029,0
71030,0
71031,0
71032,29
71033,0
71034,0
71035,0
71036,20
71037,0
71038,0
71039,0
71040,0
71041,0
71042,0
71043,0
71044,31
71045,0
71046,0
71047,0
71048,0
71049,0
71050,0
71051,0
71052,0
71053,0
71054,0
71055,0
71056,0
71057,0
71058,0
71059,35
71060,0
71061,0
71062,0
71063,0
71064,0
71065,0
71066,28
71067,0
71068,0
71069,0
71070,0
71071,56
71072,0
71073,0
71074,0
71075,0
71076,0
71077,0
71078,44
71079,29
71080,0
71081,19
71082,53
71083,0
71084,0
71085,29
71086,0
71087,0
71088,0
71089,0
71090,0
71091,0
71092,0
71093,0
71094,0
71095,0
71096,28
71097,0
71098,0
71099,0
71100,0
71101,30
71102,0
71103,0
71104,0
71105,20
71106,0
71107,0
71108,32
71109,18
71110,24
71111,0
71112,0
71113,0
71114,0
71115,0
71116,0
71117,0
71118,0
71119,0
71120,0
71121,45
71122,0
71123,0
71124,26
71125,0
71126,0
71127,0
71128,0
71129,0
71130,0
71131,0
71132,0
71133,0
71134,0
71135,0
71136,0
71137,0
71138,41
71139,0
71140,0
71141,0
71142,30
71143,0
71144,0
71145,0
71146,0
71147,0
71148,0
71149,0
71150,0
71151,0
71152,16
71153,0
71154,0
71155,0
71156,0
71157,0
71158,23
71159,0
71160,0
71161,0
71162,0
71163,0
71164,0
71165,0
71166,37
71167,0
71168,0
71169,19
71170,0
71171,0
71172,0
71173,0
71174,0
71175,0
71176,0
71177,0
71178,0
71179,0
71180,0
71181,0
71182,11
71183,15
71184,0
71185,0
71186,0
71187,0
71188,0
71189,0
71190,18
71191,0
71192,0
71193,0
71194,16
71195,0
71196,0
71197,23
71198,0
71199,0
71200,0
71201,0
71202,0
71203,0
71204,0
71205,46
71206,0
71207,0
71208,0
71209,0
71210,0
71211,25
71212,0
71213,0
71214,0
71215,0
71216,0
71217,0
71218,0
71219,0
71220,0
71221,0
71222,0
71223,0
71224,0
71225,0
71226,0
71227,0
71228,0
71229,0
71230,0
71231,0
71232,0
71233,0
71234,0
71235,0
71236,0
71237,36
71238,0
71239,16
71240,0
71241,0
71242,0
71243,0
71244,0
71245,0
71246,0
71247,0
71248,0
71249,0
71250,19
71251,0
71252,0
71253,0
71254,17
71255,22
71256,35
71257,0
71258,0
71259,0
71260,0
71261,0
71262,25
71263,0
71264,0
71265,0
71266,0
71267,0
71268,0
71269,0
71270,0
71271,0
71272,0
71273,14
71274,19
71275,0
71276,0
71277,0
71278,37
71279,0
71280,0
71281,0
71282,0
71283,0
71284,0
71285,0
71286,25
71287,0
71288,0
71289,0
71290,0
71291,0
71292,0
71293,0
71294,34
71295,0
71296,38
71297,0
71298,22
71299,0
71300,0
71301,0
71302,0
71303,0
71304,28
71305,0
71306,0
71307,15
71308,0
71309,0
71310,0
71311,0
71312,0
71313,0
71314,0
71315,0
71316,0
71317,0
71318,38
71319,0
71320,45
71321,0
71322,0
71323,30
71324,0
71325,0
71326,0
71327,0
71328,0
71329,0
71330,0
71331,0
71332,0
71333,0
71334,0
71335,0
71336,0
71337,0
71338,0
71339,0
71340,0
71341,0
71342,17
71343,0
71344,0
71345,0
71346,34
71347,0
71348,0
71349,0
71350,40
71351,0
71352,0
71353,31
71354,37
71355,0
71356,0
71357,0
71358,0
71359,19
71360,0
71361,0
71362,0
71363,0
71364,0
71365,0
71366,25
71367,26
71368,0
71369,0
71370,0
71371,16
71372,0
71373,0
71374,0
71375,0
71376,0
71377,0
71378,0
71379,0
71380,0
71381,0
71382,0
71383,7
71384,0
71385,0
71386,0
71387,0
71388,0
71389,0
71390,0
71391,0
71392,0
71393,0
71394,0
71395,18
71396,0
71397,0
71398,0
71399,0
71400,0
71401,24
71402,0
71403,45
71404,29
71405,0
71406,0
71407,0
71408,0
71409,0
71410,0
71411,0
71412,0
71413,43
71414,0
71415,30
71416,0
71417,41
71418,0
71419,0
71420,0
71421,29
71422,0
71423,0
71424,0
71425,0
71426,24
71427,0
71428,0
71429,0
71430,0
71431,0
71432,0
71433,0
71434,29
71435,21
71436,0
71437,0
71438,0
71439,0
71440,30
71441,23
71442,0
71443,37
71444,0
71445,30
71446,0
71447,0
71448,0
71449,0
71450,17
71451,0
71452,0
71453,0
71454,31
71455,0
71456,0
71457,0
71458,0
71459,31
71460,0
71461,0
71462,0
71463,0
71464,0
71465,27
71466,0
71467,0
71468,0
71469,0
71470,30
71471,0
71472,0
71473,30
71474,43
71475,0
71476,0
71477,0
71478,0
71479,0
71480,0
71481,0
71482,0
71483,0
71484,0
71485,0
71486,0
71487,0
71488,0
71489,0
71490,0
71491,0
71492,0
71493,0
71494,0
71495,0
71496,14
71497,0
71498,15
71499,33
71500,0
71501,0
71502,28
71503,0
71504,0
71505,0
71506,0
71507,0
71508,0
71509,0
71510,0
71511,0
71512,19
71513,0
71514,0
71515,27
71516,43
71517,0
71518,0
71519,0
71520,0
71521,0
71522,0
71523,33
71524,0
71525,0
71526,0
71527,0
71528,0
71529,25
71530,0
71531,0
71532,0
71533,0
71534,0
71535,0
71536,0
71537,0
71538,32
71539,34
71540,0
71541,0
71542,0
71543,0
71544,0
71545,0
71546,0
71547,0
71548,0
71549,0
71550,0
71551,0
71552,0
71553,0
71554,29
71555,0
71556,0
71557,0
71558,0
71559,0
71560,0
71561,0
71562,0
71563,0
71564,0
71565,0
71566,0
71567,24
71568,0
71569,0
71570,34
71571,0
71572,0
71573,0
71574,0
71575,19
71576,24
71577,0
71578,0
71579,0
71580,0
71581,0
71582,0
71583,0
71584,13
71585,0
71586,22
71587,0
71588,0
71589,0
71590,30
71591,0
71592,31
71593,0
71594,0
71595,0
71596,27
71597,0
71598,0
71599,25
71600,0
71601,0
71602,0
71603,0
71604,0
71605,19
71606,0
71607,35
71608,0
71609,20
71610,0
71611,0
71612,0
71613,0
71614,0
71615,0
71616,0
71617,0
71618,0
71619,43
71620,16
71621,0
71622,0
71623,0
71624,0
71625,0
71626,0
71627,0
71628,0
71629,0
71630,0
71631,0
71632,0
71633,0
71634,0
71635,0
71636,0
71637,0
71638,33
71639,0
71640,0
71641,0
71642,6
71643,0
71644,0
71645,0
71646,0
71647,0
71648,0
71649,0
71650,0
71651,16
71652,0
71653,0
71654,0
71655,0
71656,0
71657,0
71658,0
71659,0
71660,0
71661,0
71662,0
71663,0
71664,0
71665,0
71666,0
71667,0
71668,0
71669,0
71670,0
71671,0
71672,0
71673,0
71674,0
71675,0
71676,0
71677,0
71678,0
71679,0
71680,0
71681,0
71682,0
71683,0
71684,0
71685,0
71686,0
71687,0
71688,0
71689,0
71690,0
71691,0
71692,0
71693,0
71694,0
71695,0
71696,0
71697,0
71698,0
71699,0
71700,0
71701,0
71702,0
71703,0
71704,0
71705,0
71706,0
71707,0
71708,0
71709,0
71710,0
71711,0
71712,0
71713,0
71714,0
71715,0
71716,0
71717,0
71718,0
71719,0
71720,0
71721,0
71722,0
71723,0
71724,0
71725,0
71726,0
71727,0
71728,0
71729,0
71730,0
71731,0
71732,0
71733,0
71734,0
71735,0
71736,0
71737,0
71738,0
71739,0
71740,2
71741,0
71742,0
71743,0
71744,0
71745,0
71746,0
71747,0
71748,0
71749,0
71750,0
71751,0
71752,0
71753,0
71754,0
71755,0
71756,0
71757,0
71758,1
71759,0
71760,0
71761,0
71762,0
71763,0
71764,0
71765,0
71766,0
71767,0
71768,0
71769,0
71770,0
71771,0
71772,0
71773,0
71774,0
71775,0
71776,0
71777,0
71778,0
71779,0
71780,0
71781,0
71782,0
71783,0
71784,0
71785,0
71786,0
71787,0
71788,0
71789,0
71790,0
71791,0
71792,0
71793,0
71794,0
71795,0
71796,0
71797,0
71798,0
71799,0
71800,0
71801,0
71802,0
71803,0
71804,0
71805,0
71806,0
71807,0
71808,0
71809,0
71810,0
71811,0
71812,0
71813,0
71814,0
71815,0
71816,0
71817,0
71818,0
71819,0
71820,0
71821,0
71822,0
71823,0
71824,0
71825,0
71826,0
71827,0
71828,0
71829,0
71830,0
71831,0
71832,0
71833,0
71834,0
71835,0
71836,0
71837,0
71838,0
71839,0
71840,0
71841,0
71842,0
71843,0
71844,0
71845,0
71846,1
71847,0
71848,0
71849,0
71850,0
71851,0
71852,0
71853,0
71854,0
71855,0
71856,0
71857,0
71858,0
71859,0
71860,0
71861,0
71862,0
71863,0
71864,0
71865,0
71866,0
71867,0
71868,0
71869,0
71870,0
71871,0
71872,0
71873,0
71874,0
71875,0
71876,0
71877,0
71878,0
71879,0
71880,0
71881,0
71882,0
71883,0
71884,0
71885,0
71886,0
71887,0
71888,0
71889,0
71890,0
71891,0
71892,0
71893,0
71894,0
71895,0
71896,0
71897,0
71898,0
71899,0
71900,0
71901,0
71902,0
71903,0
71904,0
71905,0
71906,0
71907,0
71908,0
71909,0
71910,0
71911,0
71912,0
71913,0
71914,0
71915,0
71916,0
71917,0
71918,0
71919,0
71920,0
71921,0
71922,0
71923,0
71924,0
71925,0
71926,0
71927,0
71928,0
71929,0
71930,0
71931,0
71932,0
71933,0
71934,0
71935,0
71936,0
71937,0
71938,0
71939,0
71940,0
71941,0
71942,0
71943,0
71944,0
71945,0
71946,0
71947,0
71948,0
71949,0
71950,0
71951,0
71952,0
71953,0
71954,0
71955,0
71956,0
71957,0
71958,0
71959,0
71960,0
71961,0
71962,0
71963,0
71964,0
71965,0
71966,0
71967,0
71968,0
71969,0
71970,0
71971,0
71972,0
71973,0
71974,0
71975,0
71976,0
71977,0
71978,0
71979,0
71980,0
71981,0
71982,0
71983,0
71984,0
71985,0
71986,0
71987,0
71988,0
71989,0
71990,0
71991,0
71992,0
71993,0
71994,0
71995,0
71996,0
71997,0
71998,0
71999,0
72000,0
72001,0
72002,1
72003,0
72004,0
72005,0
72006,0
72007,0
72008,0
72009,0
72010,0
72011,0
72012,0
72013,0
72014,0
72015,0
72016,0
72017,0
72018,0
72019,0
72020,0
72021,0
72022,0
72023,0
72024,0
72025,0
72026,0
72027,0
72028,0
72029,0
72030,0
72031,1
72032,0
72033,0
72034,0
72035,0
72036,0
72037,0
72038,0
72039,0
72040,0
72041,0
72042,0
72043,0
72044,0
72045,0
72046,0
72047,0
72048,0
72049,0
72050,0
72051,0
72052,0
72053,0
72054,0
72055,0
72056,0
72057,0
72058,0
72059,0
72060,0
72061,0
72062,0
72063,0
72064,0
72065,0
72066,0
72067,0
72068,0
72069,0
72070,0
72071,0
72072,0
72073,0
72074,0
72075,0
72076,0
72077,0
72078,0
72079,0
72080,0
72081,0
72082,0
72083,0
72084,0
72085,0
72086,0
72087,0
72088,0
72089,0
72090,0
72091,0
72092,0
72093,0
72094,0
72095,0
72096,0
72097,0
72098,0
72099,0
72100,0
72101,0
72102,0
72103,0
72104,0
72105,0
72106,0
72107,0
72108,0
72109,0
72110,0
72111,0
72112,0
72113,0
72114,0
72115,0
72116,1
72117,0
72118,0
72119,0
72120,0
72121,0
72122,0
72123,0
72124,0
72125,0
72126,0
72127,0
72128,0
72129,0
72130,0
72131,0
72132,0
72133,0
72134,0
72135,0
72136,0
72137,0
72138,0
72139,0
72140,0
72141,0
72142,0
72143,0
72144,0
72145,0
72146,0
72147,0
72148,0
72149,0
72150,0
72151,0
72152,0
72153,0
72154,0
72155,0
72156,0
72157,0
72158,0
72159,0
72160,0
72161,0
72162,0
72163,0
72164,0
72165,0
72166,0
72167,0
72168,0
72169,0
72170,0
72171,0
72172,0
72173,0
72174,0
72175,0
72176,0
72177,0
72178,0
72179,0
72180,0
72181,0
72182,0
72183,0
72184,0
72185,0
72186,0
72187,0
72188,0
72189,0
72190,0
72191,0
72192,0
72193,0
72194,0
72195,0
72196,0
72197,0
72198,0
72199,0
72200,0
72201,0
72202,0
72203,0
72204,0
72205,0
72206,0
72207,1
72208,0
72209,0
72210,0
72211,0
72212,0
72213,0
72214,0
72215,0
72216,0
72217,0
72218,0
72219,0
72220,0
72221,0
72222,0
72223,0
72224,0
72225,0
72226,0
72227,0
72228,0
72229,0
72230,0
72231,0
72232,0
72233,0
72234,0
72235,0
72236,0
72237,0
72238,0
72239,0
72240,0
72241,0
72242,0
72243,0
72244,0
72245,0
72246,0
72247,0
72248,1
72249,0
72250,1
72251,0
72252,0
72253,0
72254,0
72255,0
72256,0
72257,0
72258,0
72259,0
72260,0
72261,0
72262,0
72263,0
72264,0
72265,0
72266,0
72267,0
72268,0
72269,0
72270,0
72271,0
72272,0
72273,0
72274,0
72275,0
72276,0
72277,0
72278,0
72279,0
72280,0
72281,0
72282,0
72283,0
72284,0
72285,0
72286,0
72287,0
72288,0
72289,0
72290,0
72291,0
72292,0
72293,0
72294,0
72295,0
72296,0
72297,0
72298,0
72299,0
72300,0
72301,0
72302,0
72303,0
72304,0
72305,0
72306,0
72307,0
72308,0
72309,0
72310,0
72311,0
72312,0
72313,0
72314,0
72315,0
72316,0
72317,0
72318,0
72319,0
72320,0
72321,0
72322,0
72323,0
72324,0
72325,0
72326,0
72327,0
72328,0
72329,0
72330,0
72331,0
72332,0
72333,0
72334,0
72335,0
72336,0
72337,0
72338,0
72339,0
72340,0
72341,0
72342,0
72343,0
72344,0
72345,0
72346,0
72347,0
72348,0
72349,0
72350,0
72351,0
72352,0
72353,0
72354,0
72355,0
72356,0
72357,0
72358,0
72359,0
72360,0
72361,0
72362,0
72363,0
72364,0
72365,0
72366,0
72367,0
72368,0
72369,0
72370,0
72371,0
72372,0
72373,0
72374,0
72375,0
72376,0
72377,0
72378,0
72379,0
72380,0
72381,0
72382,0
72383,0
72384,0
72385,0
72386,0
72387,0
72388,0
72389,0
72390,0
72391,0
72392,0
72393,0
72394,0
72395,0
72396,0
72397,0
72398,0
72399,0
72400,0
72401,0
72402,0
72403,0
72404,0
72405,0
72406,0
72407,0
72408,0
72409,0
72410,0
72411,0
72412,0
72413,0
72414,0
72415,0
72416,0
72417,0
72418,0
72419,0
72420,0
72421,0
72422,0
72423,0
72424,0
72425,0
72426,1
72427,0
72428,0
72429,0
72430,0
72431,0
72432,0
72433,0
72434,0
72435,0
72436,0
72437,0
72438,0
72439,0
72440,1
72441,0
72442,0
72443,0
72444,0
72445,0
72446,0
72447,0
72448,0
72449,0
72450,0
72451,0
72452,0
72453,0
72454,0
72455,0
72456,0
72457,0
72458,0
72459,0
72460,0
72461,0
72462,0
72463,0
72464,0
72465,0
72466,0
72467,0
72468,0
72469,0
72470,0
72471,0
72472,0
72473,0
72474,0
72475,0
72476,0
72477,0
72478,0
72479,0
72480,0
72481,0
72482,0
72483,0
72484,0
72485,0
72486,0
72487,0
72488,0
72489,0
72490,0
72491,0
72492,0
72493,0
72494,0
72495,0
72496,0
72497,0
72498,0
72499,0
72500,0
72501,0
72502,0
72503,0
72504,0
72505,0
72506,0
72507,0
72508,0
72509,0
72510,1
72511,0
72512,1
72513,0
72514,0
72515,0
72516,0
72517,0
72518,0
72519,0
72520,0
72521,0
72522,0
72523,0
72524,0
72525,0
72526,0
72527,0
72528,0
72529,0
72530,0
72531,0
72532,0
72533,0
72534,0
72535,0
72536,0
72537,0
72538,0
72539,0
72540,0
72541,0
72542,0
72543,0
72544,0
72545,0
72546,0
72547,0
72548,0
72549,0
72550,0
72551,0
72552,0
72553,0
72554,0
72555,0
72556,0
72557,0
72558,0
72559,1
72560,0
72561,0
72562,0
72563,0
72564,0
72565,0
72566,0
72567,0
72568,0
72569,0
72570,0
72571,0
72572,0
72573,0
72574,0
72575,0
72576,0
72577,0
72578,0
72579,0
72580,0
72581,0
72582,0
72583,0
72584,0
72585,0
72586,0
72587,0
72588,0
72589,0
72590,0
72591,0
72592,0
72593,0
72594,0
72595,0
72596,0
72597,0
72598,0
72599,0
72600,0
72601,0
72602,0
72603,0
72604,0
72605,0
72606,0
72607,0
72608,0
72609,0
72610,0
72611,0
72612,0
72613,0
72614,0
72615,0
72616,0
72617,0
72618,0
72619,0
72620,0
72621,0
72622,0
72623,0
72624,0
72625,0
72626,0
72627,0
72628,0
72629,0
72630,0
72631,0
72632,0
72633,0
72634,0
72635,0
72636,0
72637,0
72638,0
72639,0
72640,0
72641,0
72642,0
72643,0
72644,0
72645,0
72646,0
72647,0
72648,0
72649,0
72650,0
72651,0
72652,0
72653,0
72654,24
72655,0
72656,0
72657,0
72658,0
72659,0
72660,0
72661,0
72662,0
72663,0
72664,0
72665,0
72666,0
72667,0
72668,23
72669,0
72670,0
72671,0
72672,0
72673,0
72674,0
72675,17
72676,0
72677,0
72678,30
72679,0
72680,0
72681,0
72682,0
72683,0
72684,0
72685,0
72686,0
72687,0
72688,26
72689,18
72690,0
72691,0
72692,0
72693,0
72694,0
72695,0
72696,0
72697,17
72698,14
72699,14
72700,0
72701,0
72702,0
72703,0
72704,0
72705,0
72706,32
72707,0
72708,0
72709,0
72710,0
72711,0
72712,0
72713,0
72714,0
72715,0
72716,0
72717,0
72718,0
72719,0
72720,0
72721,0
72722,0
72723,22
72724,12
72725,0
72726,0
72727,23
72728,0
72729,29
72730,0
72731,0
72732,0
72733,0
72734,0
72735,14
72736,0
72737,0
72738,0
72739,14
72740,0
72741,0
72742,0
72743,0
72744,0
72745,0
72746,0
72747,0
72748,0
72749,20
72750,0
72751,19
72752,0
72753,0
72754,0
72755,0
72756,25
72757,0
72758,25
72759,0
72760,0
72761,0
72762,0
72763,21
72764,0
72765,0
72766,0
72767,0
72768,0
72769,0
72770,0
72771,0
72772,0
72773,0
72774,0
72775,0
72776,0
72777,0
72778,0
72779,0
72780,0
72781,0
72782,0
72783,18
72784,0
72785,0
72786,17
72787,20
72788,0
72789,0
72790,0
72791,0
72792,0
72793,0
72794,0
72795,0
72796,0
72797,0
72798,0
72799,0
72800,0
72801,20
72802,0
72803,0
72804,21
72805,0
72806,0
72807,0
72808,0
72809,0
72810,0
72811,0
72812,0
72813,0
72814,0
72815,21
72816,32
72817,0
72818,0
72819,0
72820,20
72821,0
72822,0
72823,0
72824,0
72825,0
72826,27
72827,11
72828,0
72829,0
72830,0
72831,0
72832,0
72833,0
72834,0
72835,0
72836,0
72837,19
72838,0
72839,0
72840,0
72841,0
72842,0
72843,0
72844,0
72845,0
72846,0
72847,17
72848,0
72849,0
72850,0
72851,0
72852,0
72853,0
72854,0
72855,0
72856,0
72857,0
72858,36
72859,0
72860,0
72861,0
72862,0
72863,0
72864,0
72865,0
72866,15
72867,12
72868,17
72869,0
72870,16
72871,0
72872,0
72873,23
72874,0
72875,0
72876,0
72877,17
72878,17
72879,0
72880,0
72881,0
72882,0
72883,0
72884,13
72885,15
72886,0
72887,0
72888,0
72889,18
72890,0
72891,0
72892,0
72893,12
72894,0
72895,0
72896,0
72897,19
72898,0
72899,0
72900,0
72901,0
72902,20
72903,22
72904,0
72905,0
72906,0
72907,0
72908,0
72909,20
72910,15
72911,0
72912,0
72913,0
72914,21
72915,0
72916,23
72917,0
72918,0
72919,0
72920,0
72921,0
72922,0
72923,0
72924,33
72925,0
72926,0
72927,0
72928,0
72929,11
72930,17
72931,0
72932,0
72933,0
72934,0
72935,0
72936,0
72937,0
72938,0
72939,0
72940,0
72941,0
72942,0
72943,0
72944,0
72945,0
72946,26
72947,0
72948,0
72949,18
72950,0
72951,0
72952,0
72953,0
72954,0
72955,0
72956,0
72957,0
72958,0
72959,0
72960,0
72961,0
72962,0
72963,0
72964,0
72965,0
72966,0
72967,0
72968,0
72969,0
72970,0
72971,0
72972,26
72973,0
72974,0
72975,0
72976,0
72977,20
72978,0
72979,21
72980,15
72981,0
72982,0
72983,0
72984,23
72985,14
72986,0
72987,0
72988,0
72989,0
72990,0
72991,0
72992,0
72993,20
72994,0
72995,0
72996,0
72997,0
72998,0
72999,0
73000,0
73001,0
73002,20
73003,25
73004,0
73005,0
73006,0
73007,0
73008,23
73009,0
73010,0
73011,0
73012,19
73013,0
73014,23
73015,0
73016,0
73017,0
73018,0
73019,0
73020,0
73021,0
73022,0
73023,0
73024,0
73025,0
73026,0
73027,0
73028,0
73029,19
73030,16
73031,0
73032,0
73033,0
73034,0
73035,0
73036,0
73037,13
73038,22
73039,15
73040,0
73041,0
73042,14
73043,0
73044,29
73045,11
73046,0
73047,0
73048,0
73049,0
73050,0
73051,0
73052,0
73053,0
73054,0
73055,0
73056,26
73057,0
73058,0
73059,19
73060,0
73061,0
73062,0
73063,0
73064,0
73065,0
73066,0
73067,0
73068,0
73069,0
73070,0
73071,0
73072,0
73073,0
73074,0
73075,0
73076,0
73077,16
73078,24
73079,0
73080,0
73081,0
73082,0
73083,0
73084,0
73085,0
73086,0
73087,20
73088,0
73089,0
73090,0
73091,0
73092,24
73093,0
73094,19
73095,0
73096,23
73097,0
73098,0
73099,0
73100,0
73101,18
73102,0
73103,0
73104,15
73105,0
73106,30
73107,0
73108,0
73109,17
73110,22
73111,18
73112,0
73113,0
73114,0
73115,0
73116,0
73117,0
73118,0
73119,17
73120,0
73121,0
73122,0
73123,0
73124,0
73125,19
73126,0
73127,0
73128,0
73129,0
73130,0
73131,0
73132,31
73133,10
73134,0
73135,0
73136,0
73137,0
73138,16
73139,0
73140,0
73141,0
73142,22
73143,0
73144,0
73145,22
73146,20
73147,0
73148,0
73149,0
73150,17
73151,0
73152,0
73153,0
73154,0
73155,0
73156,0
73157,0
73158,0
73159,0
73160,0
73161,0
73162,0
73163,0
73164,0
73165,0
73166,0
73167,0
73168,11
73169,0
73170,0
73171,19
73172,21
73173,0
73174,0
73175,24
73176,0
73177,14
73178,0
73179,27
73180,0
73181,0
73182,16
73183,0
73184,0
73185,0
73186,0
73187,0
73188,0
73189,0
73190,27
73191,0
73192,0
73193,0
73194,0
73195,0
73196,0
73197,0
73198,0
73199,16
73200,0
73201,0
73202,0
73203,0
73204,0
73205,0
73206,0
73207,0
73208,0
73209,0
73210,0
73211,0
73212,0
73213,0
73214,0
73215,0
73216,0
73217,0
73218,25
73219,22
73220,0
73221,0
73222,0
73223,0
73224,0
73225,21
73226,0
73227,23
73228,0
73229,0
73230,0
73231,0
73232,0
73233,0
73234,0
73235,16
73236,0
73237,0
73238,17
73239,17
73240,15
73241,0
73242,0
73243,0
73244,0
73245,17
73246,0
73247,0
73248,0
73249,0
73250,0
73251,0
73252,0
73253,0
73254,0
73255,0
73256,0
73257,0
73258,0
73259,18
73260,0
73261,0
73262,0
73263,0
73264,0
73265,0
73266,19
73267,0
73268,0
73269,0
73270,0
73271,25
73272,0
73273,0
73274,0
73275,0
73276,0
73277,0
73278,0
73279,12
73280,0
73281,0
73282,0
73283,0
73284,0
73285,0
73286,0
73287,15
73288,0
73289,0
73290,29
73291,0
73292,0
73293,0
73294,0
73295,17
73296,0
73297,0
73298,0
73299,0
73300,0
73301,0
73302,22
73303,23
73304,0
73305,0
73306,0
73307,20
73308,0
73309,0
73310,0
73311,9
73312,0
73313,0
73314,19
73315,0
73316,0
73317,0
73318,0
73319,15
73320,0
73321,0
73322,0
73323,16
73324,0
73325,0
73326,0
73327,17
73328,0
73329,0
73330,0
73331,0
73332,0
73333,0
73334,0
73335,0
73336,0
73337,0
73338,0
73339,0
73340,0
73341,0
73342,0
73343,0
73344,0
73345,0
73346,0
73347,0
73348,0
73349,11
73350,0
73351,0
73352,0
73353,0
73354,25
73355,25
73356,0
73357,0
73358,0
73359,0
73360,0
73361,0
73362,0
73363,0
73364,0
73365,0
73366,0
73367,0
73368,0
73369,0
73370,0
73371,53
73372,0
73373,0
73374,0
73375,0
73376,0
73377,0
73378,30
73379,0
73380,0
73381,31
73382,0
73383,0
73384,0
73385,0
73386,0
73387,0
73388,0
73389,0
73390,0
73391,0
73392,0
73393,0
73394,0
73395,0
73396,28
73397,0
73398,0
73399,0
73400,0
73401,0
73402,0
73403,0
73404,0
73405,0
73406,0
73407,35
73408,0
73409,0
73410,0
73411,0
73412,29
73413,22
73414,0
73415,0
73416,32
73417,0
73418,0
73419,0
73420,36
73421,0
73422,0
73423,0
73424,0
73425,0
73426,0
73427,0
73428,0
73429,0
73430,0
73431,0
73432,0
73433,0
73434,0
73435,0
73436,0
73437,0
73438,0
73439,0
73440,0
73441,29
73442,33
73443,0
73444,0
73445,0
73446,0
73447,0
73448,0
73449,0
73450,0
73451,0
73452,0
73453,27
73454,0
73455,0
73456,34
73457,23
73458,0
73459,0
73460,0
73461,0
73462,38
73463,0
73464,0
73465,0
73466,0
73467,0
73468,32
73469,0
73470,0
73471,46
73472,0
73473,36
73474,0
73475,0
73476,0
73477,0
73478,40
73479,0
73480,0
73481,0
73482,0
73483,53
73484,0
73485,0
73486,0
73487,0
73488,0
73489,0
73490,39
73491,0
73492,27
73493,0
73494,51
73495,0
73496,0
73497,0
73498,0
73499,0
73500,0
73501,35
73502,0
73503,0
73504,0
73505,31
73506,0
73507,0
73508,0
73509,0
73510,0
73511,0
73512,0
73513,0
73514,0
73515,31
73516,0
73517,0
73518,0
73519,0
73520,0
73521,0
73522,0
73523,0
73524,0
73525,0
73526,0
73527,0
73528,49
73529,55
73530,0
73531,43
73532,0
73533,33
73534,0
73535,0
73536,31
73537,0
73538,37
73539,0
73540,0
73541,32
73542,0
73543,26
73544,0
73545,0
73546,0
73547,0
73548,31
73549,47
73550,0
73551,0
73552,0
73553,0
73554,0
73555,0
73556,0
73557,0
73558,32
73559,0
73560,0
73561,0
73562,0
73563,0
73564,0
73565,0
73566,43
73567,0
73568,0
73569,0
73570,0
73571,0
73572,0
73573,61
73574,0
73575,0
73576,0
73577,31
73578,0
73579,0
73580,0
73581,0
73582,0
73583,0
73584,0
73585,0
73586,0
73587,0
73588,43
73589,0
73590,0
73591,0
73592,0
73593,0
73594,0
73595,45
73596,0
73597,0
73598,38
73599,0
73600,0
73601,0
73602,36
73603,0
73604,0
73605,0
73606,0
73607,0
73608,46
73609,0
73610,51
73611,0
73612,0
73613,0
73614,0
73615,0
73616,0
73617,0
73618,30
73619,0
73620,0
73621,0
73622,38
73623,63
73624,0
73625,0
73626,0
73627,0
73628,39
73629,0
73630,0
73631,0
73632,0
73633,0
73634,0
73635,0
73636,0
73637,0
73638,0
73639,25
73640,0
73641,0
73642,0
73643,39
73644,0
73645,0
73646,0
73647,0
73648,0
73649,0
73650,0
73651,0
73652,0
73653,0
73654,0
73655,0
73656,0
73657,0
73658,1
73659,0
73660,0
73661,0
73662,0
73663,0
73664,0
73665,0
73666,0
73667,0
73668,0
73669,0
73670,0
73671,0
73672,0
73673,0
73674,0
73675,0
73676,0
73677,0
73678,0
73679,0
73680,0
73681,0
73682,0
73683,0
73684,0
73685,0
73686,0
73687,0
73688,0
73689,0
73690,0
73691,0
73692,0
73693,0
73694,0
73695,0
73696,0
73697,0
73698,0
73699,0
73700,0
73701,0
73702,0
73703,0
73704,0
73705,0
73706,0
73707,0
73708,0
73709,0
73710,0
73711,0
73712,0
73713,0
73714,0
73715,0
73716,0
73717,0
73718,0
73719,0
73720,0
73721,0
73722,0
73723,0
73724,0
73725,0
73726,0
73727,0
73728,0
73729,0
73730,0
73731,0
73732,0
73733,0
73734,0
73735,0
73736,0
73737,0
73738,0
73739,0
73740,0
73741,0
73742,0
73743,0
73744,0
73745,0
73746,0
73747,0
73748,0
73749,0
73750,0
73751,0
73752,0
73753,0
73754,0
73755,0
73756,0
73757,0
73758,0
73759,0
73760,0
73761,0
73762,0
73763,0
73764,0
73765,0
73766,0
73767,0
73768,0
73769,0
73770,0
73771,0
73772,0
73773,0
73774,0
73775,0
73776,0
73777,0
73778,0
73779,0
73780,0
73781,0
73782,0
73783,0
73784,0
73785,0
73786,0
73787,0
73788,0
73789,0
73790,0
73791,0
73792,0
73793,0
73794,0
73795,0
73796,0
73797,0
73798,1
73799,0
73800,0
73801,0
73802,0
73803,0
73804,0
73805,0
73806,0
73807,0
73808,0
73809,0
73810,0
73811,0
73812,0
73813,0
73814,0
73815,0
73816,0
73817,0
73818,0
73819,0
73820,0
73821,0
73822,0
73823,0
73824,0
73825,0
73826,0
73827,0
73828,0
73829,0
73830,0
73831,0
73832,0
73833,0
73834,0
73835,0
73836,0
73837,0
73838,0
73839,0
73840,0
73841,0
73842,0
73843,0
73844,0
73845,0
73846,0
73847,0
73848,0
73849,0
73850,0
73851,0
73852,0
73853,0
73854,0
73855,0
73856,0
73857,0
73858,0
73859,0
73860,0
73861,0
73862,0
73863,0
73864,0
73865,0
73866,0
73867,0
73868,0
73869,0
73870,0
73871,0
73872,0
73873,0
73874,0
73875,0
73876,0
73877,0
73878,0
73879,0
73880,0
73881,0
73882,0
73883,0
73884,0
73885,0
73886,0
73887,0
73888,0
73889,0
73890,0
73891,0
73892,0
73893,0
73894,0
73895,0
73896,0
73897,0
73898,0
73899,0
73900,0
73901,0
73902,0
73903,0
73904,0
73905,0
73906,0
73907,0
73908,0
73909,0
73910,0
73911,0
73912,0
73913,0
73914,0
73915,0
73916,0
73917,0
73918,0
73919,0
73920,0
73921,0
73922,0
73923,0
73924,0
73925,0
73926,0
73927,0
73928,0
73929,0
73930,0
73931,0
73932,0
73933,0
73934,0
73935,0
73936,0
73937,0
73938,0
73939,0
73940,0
73941,0
73942,0
73943,0
73944,0
73945,0
73946,0
73947,0
73948,0
73949,0
73950,0
73951,0
73952,0
73953,0
73954,0
73955,0
73956,0
73957,0
73958,0
73959,0
73960,0
73961,0
73962,0
73963,0
73964,0
73965,0
73966,0
73967,0
73968,0
73969,0
73970,0
73971,0
73972,0
73973,0
73974,0
73975,0
73976,0
73977,0
73978,0
73979,0
73980,0
73981,0
73982,0
73983,0
73984,0
73985,0
73986,0
73987,0
73988,0
73989,0
73990,0
73991,0
73992,0
73993,0
73994,0
73995,0
73996,0
73997,0
73998,0
73999,0
74000,0
74001,0
74002,0
74003,0
74004,0
74005,0
74006,0
74007,0
74008,0
74009,0
74010,0
74011,0
74012,0
74013,0
74014,0
74015,0
74016,0
74017,0
74018,0
74019,0
74020,0
74021,0
74022,0
74023,0
74024,0
74025,0
74026,0
74027,0
74028,0
74029,0
74030,0
74031,0
74032,0
74033,0
74034,0
74035,0
74036,0
74037,0
74038,0
74039,0
74040,0
74041,0
74042,0
74043,0
74044,0
74045,9
74046,0
74047,0
74048,0
74049,0
74050,0
74051,0
74052,0
74053,0
74054,0
74055,6
74056,0
74057,0
74058,0
74059,3
74060,0
74061,5
74062,0
74063,9
74064,0
74065,0
74066,2
74067,0
74068,0
74069,0
74070,0
74071,0
74072,0
74073,0
74074,0
74075,0
74076,0
74077,0
74078,0
74079,0
74080,8
74081,0
74082,0
74083,0
74084,10
74085,0
74086,0
74087,0
74088,8
74089,0
74090,0
74091,0
74092,6
74093,0
74094,0
74095,0
74096,0
74097,0
74098,0
74099,0
74100,0
74101,0
74102,0
74103,0
74104,4
74105,0
74106,3
74107,0
74108,0
74109,0
74110,0
74111,0
74112,0
74113,0
74114,0
74115,0
74116,0
74117,0
74118,0
74119,0
74120,0
74121,0
74122,0
74123,0
74124,0
74125,7
74126,0
74127,0
74128,0
74129,3
74130,0
74131,7
74132,0
74133,6
74134,0
74135,0
74136,0
74137,0
74138,0
74139,5
74140,0
74141,9
74142,2
74143,0
74144,0
74145,0
74146,0
74147,0
74148,6
74149,0
74150,0
74151,0
74152,0
74153,0
74154,0
74155,7
74156,0
74157,0
74158,0
74159,0
74160,0
74161,0
74162,3
74163,0
74164,0
74165,6
74166,0
74167,0
74168,0
74169,0
74170,0
74171,4
74172,0
74173,0
74174,0
74175,0
74176,0
74177,0
74178,0
74179,5
74180,0
74181,0
74182,0
74183,13
74184,0
74185,0
74186,0
74187,0
74188,0
74189,0
74190,0
74191,0
74192,0
74193,0
74194,0
74195,0
74196,17
74197,0
74198,0
74199,0
74200,0
74201,0
74202,0
74203,0
74204,24
74205,0
74206,28
74207,0
74208,0
74209,0
74210,0
74211,0
74212,10
74213,0
74214,0
74215,17
74216,11
74217,0
74218,0
74219,0
74220,0
74221,17
74222,0
74223,0
74224,19
74225,10
74226,0
74227,0
74228,0
74229,0
74230,0
74231,0
74232,31
74233,0
74234,0
74235,0
74236,0
74237,0
74238,0
74239,16
74240,13
74241,21
74242,0
74243,14
74244,0
74245,0
74246,0
74247,0
74248,0
74249,0
74250,0
74251,24
74252,0
74253,0
74254,0
74255,0
74256,0
74257,11
74258,0
74259,18
74260,0
74261,0
74262,0
74263,0
74264,10
74265,0
74266,14
74267,0
74268,0
74269,0
74270,0
74271,0
74272,0
74273,0
74274,0
74275,0
74276,0
74277,17
74278,0
74279,0
74280,0
74281,0
74282,0
74283,0
74284,0
74285,0
74286,0
74287,0
74288,0
74289,0
74290,0
74291,0
74292,0
74293,0
74294,0
74295,0
74296,0
74297,37
74298,21
74299,0
74300,0
74301,0
74302,0
74303,0
74304,0
74305,0
74306,0
74307,0
74308,0
74309,0
74310,0
74311,0
74312,0
74313,0
74314,44
74315,0
74316,0
74317,0
74318,0
74319,0
74320,0
74321,0
74322,0
74323,0
74324,0
74325,0
74326,0
74327,39
74328,0
74329,0
74330,0
74331,0
74332,0
74333,0
74334,0
74335,0
74336,0
74337,0
74338,0
74339,0
74340,0
74341,0
74342,0
74343,0
74344,0
74345,0
74346,0
74347,0
74348,0
74349,0
74350,0
74351,0
74352,0
74353,0
74354,0
74355,0
74356,0
74357,0
74358,0
74359,0
74360,0
74361,25
74362,0
74363,0
74364,0
74365,0
74366,0
74367,0
74368,0
74369,0
74370,0
74371,0
74372,0
74373,0
74374,0
74375,0
74376,0
74377,0
74378,0
74379,29
74380,0
74381,0
74382,0
74383,0
74384,0
74385,0
74386,0
74387,0
74388,0
74389,0
74390,0
74391,0
74392,0
74393,0
74394,0
74395,41
74396,0
74397,0
74398,0
74399,0
74400,0
74401,0
74402,0
74403,0
74404,0
74405,0
74406,0
74407,0
74408,0
74409,0
74410,0
74411,0
74412,0
74413,0
74414,0
74415,0
74416,0
74417,0
74418,0
74419,0
74420,0
74421,0
74422,0
74423,0
74424,0
74425,0
74426,0
74427,0
74428,0
74429,0
74430,0
74431,0
74432,34
74433,0
74434,0
74435,0
74436,0
74437,0
74438,0
74439,0
74440,0
74441,0
74442,0
74443,0
74444,0
74445,0
74446,0
74447,0
74448,0
74449,0
74450,0
74451,0
74452,0
74453,0
74454,0
74455,0
74456,0
74457,0
74458,0
74459,0
74460,0
74461,0
74462,0
74463,0
74464,0
74465,0
74466,20
74467,0
74468,0
74469,0
74470,0
74471,0
74472,0
74473,0
74474,0
74475,0
74476,0
74477,0
74478,0
74479,0
74480,0
74481,0
74482,0
74483,0
74484,0
74485,0
74486,0
74487,0
74488,0
74489,0
74490,0
74491,0
74492,0
74493,0
74494,0
74495,0
74496,0
74497,0
74498,0
74499,41
74500,0
74501,0
74502,0
74503,31
74504,0
74505,0
74506,0
74507,0
74508,0
74509,0
74510,0
74511,0
74512,0
74513,52
74514,0
74515,15
74516,0
74517,0
74518,0
74519,0
74520,0
74521,0
74522,0
74523,0
74524,0
74525,0
74526,0
74527,0
74528,0
74529,0
74530,0
74531,0
74532,0
74533,0
74534,0
74535,0
74536,0
74537,0
74538,0
74539,0
74540,34
74541,0
74542,0
74543,0
74544,0
74545,0
74546,0
74547,0
74548,0
74549,0
74550,0
74551,0
74552,0
74553,0
74554,0
74555,0
74556,0
74557,0
74558,0
74559,0
74560,0
74561,0
74562,0
74563,0
74564,0
74565,0
74566,0
74567,0
74568,0
74569,0
74570,0
74571,40
74572,0
74573,0
74574,0
74575,0
74576,0
74577,0
74578,20
74579,0
74580,0
74581,0
74582,0
74583,0
74584,0
74585,0
74586,0
74587,0
74588,0
74589,0
74590,0
74591,0
74592,0
74593,0
74594,0
74595,0
74596,0
74597,36
74598,0
74599,0
74600,0
74601,0
74602,0
74603,0
74604,0
74605,0
74606,0
74607,0
74608,0
74609,0
74610,0
74611,51
74612,0
74613,0
74614,0
74615,0
74616,0
74617,0
74618,0
74619,0
74620,0
74621,0
74622,0
74623,0
74624,0
74625,0
74626,0
74627,0
74628,0
74629,0
74630,0
74631,0
74632,0
74633,0
74634,0
74635,0
74636,0
74637,27
74638,0
74639,0
74640,0
74641,0
74642,0
74643,0
74644,0
74645,0
74646,0
74647,0
74648,0
74649,0
74650,0
74651,0
74652,49
74653,0
74654,0
74655,0
74656,0
74657,0
74658,0
74659,0
74660,0
74661,0
74662,27
74663,0
74664,0
74665,0
74666,0
74667,0
74668,0
74669,0
74670,0
74671,0
74672,0
74673,0
74674,0
74675,0
74676,0
74677,0
74678,0
74679,0
74680,0
74681,0
74682,0
74683,0
74684,0
74685,0
74686,0
74687,0
74688,0
74689,30
74690,0
74691,0
74692,0
74693,0
74694,0
74695,0
74696,0
74697,0
74698,50
74699,0
74700,0
74701,0
74702,0
74703,0
74704,0
74705,18
74706,0
74707,0
74708,0
74709,0
74710,0
74711,0
74712,0
74713,0
74714,0
74715,38
74716,0
74717,0
74718,0
74719,0
74720,0
74721,0
74722,0
74723,0
74724,0
74725,0
74726,0
74727,0
74728,0
74729,0
74730,0
74731,0
74732,0
74733,0
74734,0
74735,0
74736,0
74737,0
74738,0
74739,0
74740,0
74741,0
74742,0
74743,0
74744,0
74745,0
74746,0
74747,0
74748,0
74749,49
74750,0
74751,0
74752,0
74753,0
74754,0
74755,0
74756,0
74757,0
74758,0
74759,0
74760,0
74761,0
74762,0
74763,0
74764,0
74765,0
74766,52
74767,0
74768,0
74769,0
74770,0
74771,0
74772,0
74773,0
74774,0
74775,0
74776,0
74777,36
74778,0
74779,0
74780,0
74781,0
74782,0
74783,0
74784,0
74785,0
74786,0
74787,0
74788,0
74789,0
74790,0
74791,0
74792,0
74793,0
74794,0
74795,0
74796,0
74797,0
74798,0
74799,0
74800,0
74801,0
74802,0
74803,0
74804,0
74805,0
74806,0
74807,0
74808,0
74809,0
74810,0
74811,0
74812,0
74813,0
74814,0
74815,0
74816,0
74817,0
74818,0
74819,36
74820,0
74821,0
74822,0
74823,0
74824,0
74825,0
74826,0
74827,0
74828,0
74829,0
74830,0
74831,0
74832,0
74833,0
74834,0
74835,51
74836,0
74837,0
74838,0
74839,0
74840,0
74841,0
74842,0
74843,0
74844,0
74845,0
74846,0
74847,0
74848,0
74849,0
74850,0
74851,0
74852,0
74853,0
74854,0
74855,0
74856,20
74857,0
74858,0
74859,72
74860,0
74861,0
74862,0
74863,0
74864,0
74865,0
74866,0
74867,37
74868,0
74869,27
74870,0
74871,0
74872,27
74873,37
74874,0
74875,37
74876,0
74877,24
74878,0
74879,0
74880,0
74881,30
74882,0
74883,0
74884,0
74885,20
74886,0
74887,0
74888,0
74889,21
74890,0
74891,0
74892,17
74893,0
74894,0
74895,0
74896,0
74897,0
74898,0
74899,0
74900,0
74901,0
74902,0
74903,39
74904,0
74905,0
74906,0
74907,0
74908,34
74909,0
74910,28
74911,0
74912,43
74913,0
74914,0
74915,0
74916,27
74917,0
74918,0
74919,0
74920,32
74921,26
74922,0
74923,0
74924,19
74925,0
74926,0
74927,0
74928,0
74929,0
74930,0
74931,0
74932,31
74933,18
74934,0
74935,25
74936,33
74937,16
74938,0
74939,0
74940,0
74941,0
74942,21
74943,0
74944,18
74945,36
74946,0
74947,0
74948,0
74949,0
74950,27
74951,33
74952,29
74953,0
74954,0
74955,27
74956,0
74957,0
74958,0
74959,30
74960,0
74961,0
74962,0
74963,0
74964,40
74965,0
74966,0
74967,0
74968,0
74969,0
74970,0
74971,0
74972,0
74973,0
74974,45
74975,0
74976,38
74977,0
74978,25
74979,0
74980,0
74981,0
74982,25
74983,0
74984,0
74985,0
74986,0
74987,0
74988,25
74989,0
74990,17
74991,30
74992,22
74993,0
74994,0
74995,0
74996,0
74997,31
74998,0
74999,28
75000,23
75001,0
75002,0
75003,0
75004,0
75005,0
75006,0
75007,32
75008,45
75009,0
75010,0
75011,0
75012,0
75013,33
75014,0
75015,0
75016,0
75017,36
75018,0
75019,0
75020,25
75021,0
75022,0
75023,0
75024,0
75025,0
75026,0
75027,32
75028,0
75029,37
75030,0
75031,0
75032,16
75033,25
75034,0
75035,0
75036,0
75037,0
75038,0
75039,0
75040,34
75041,0
75042,0
75043,0
75044,0
75045,0
75046,36
75047,0
75048,0
75049,0
75050,0
75051,0
75052,0
75053,25
75054,28
75055,0
75056,0
75057,0
75058,0
75059,0
75060,42
75061,0
75062,0
75063,0
75064,0
75065,17
75066,0
75067,0
75068,0
75069,0
75070,0
75071,0
75072,0
75073,0
75074,0
75075,0
75076,0
75077,27
75078,31
75079,21
75080,24
75081,0
75082,41
75083,0
75084,0
75085,0
75086,0
75087,0
75088,33
75089,0
75090,27
75091,0
75092,0
75093,0
75094,0
75095,0
75096,0
75097,0
75098,0
75099,0
75100,0
75101,0
75102,0
75103,29
75104,0
75105,0
75106,0
75107,32
75108,0
75109,0
75110,21
75111,36
75112,0
75113,0
75114,0
75115,0
75116,0
75117,0
75118,45
75119,0
75120,0
75121,26
75122,0
75123,0
75124,0
75125,0
75126,0
75127,0
75128,33
75129,0
75130,18
75131,27
75132,13
75133,0
75134,0
75135,0
75136,0
75137,0
75138,34
75139,0
75140,0
75141,0
75142,0
75143,0
75144,0
75145,0
75146,22
75147,0
75148,0
75149,25
75150,26
75151,0
75152,0
75153,25
75154,0
75155,0
75156,0
75157,0
75158,0
75159,24
75160,0
75161,0
75162,23
75163,0
75164,32
75165,40
75166,0
75167,0
75168,0
75169,0
75170,24
75171,0
75172,26
75173,0
75174,18
75175,0
75176,0
75177,0
75178,37
75179,0
75180,0
75181,0
75182,0
75183,0
75184,0
75185,0
75186,15
75187,31
75188,0
75189,0
75190,0
75191,0
75192,44
75193,0
75194,0
75195,0
75196,0
75197,0
75198,0
75199,0
75200,0
75201,33
75202,36
75203,0
75204,0
75205,0
75206,0
75207,0
75208,25
75209,0
75210,0
75211,0
75212,0
75213,0
75214,0
75215,28
75216,0
75217,0
75218,30
75219,0
75220,0
75221,0
75222,0
75223,31
75224,28
75225,0
75226,24
75227,0
75228,0
75229,0
75230,36
75231,0
75232,0
75233,31
75234,0
75235,0
75236,0
75237,0
75238,0
75239,0
75240,0
75241,20
75242,0
75243,0
75244,0
75245,0
75246,0
75247,0
75248,23
75249,0
75250,18
75251,0
75252,0
75253,0
75254,0
75255,0
75256,0
75257,29
75258,24
75259,0
75260,0
75261,0
75262,0
75263,0
75264,0
75265,0
75266,33
75267,0
75268,0
75269,27
75270,24
75271,24
75272,0
75273,0
75274,0
75275,0
75276,0
75277,30
75278,0
75279,0
75280,0
75281,0
75282,0
75283,0
75284,0
75285,0
75286,0
75287,28
75288,0
75289,0
75290,0
75291,0
75292,0
75293,0
75294,0
75295,36
75296,0
75297,0
75298,0
75299,0
75300,0
75301,0
75302,0
75303,0
75304,31
75305,0
75306,0
75307,40
75308,0
75309,33
75310,18
75311,0
75312,0
75313,38
75314,0
75315,26
75316,0
75317,0
75318,31
75319,0
75320,0
75321,0
75322,0
75323,0
75324,0
75325,0
75326,0
75327,0
75328,0
75329,0
75330,26
75331,0
75332,0
75333,45
75334,0
75335,0
75336,28
75337,31
75338,0
75339,0
75340,0
75341,0
75342,0
75343,0
75344,0
75345,0
75346,0
75347,0
75348,0
75349,32
75350,0
75351,29
75352,0
75353,0
75354,0
75355,0
75356,36
75357,31
75358,28
75359,33
75360,0
75361,0
75362,0
75363,0
75364,0
75365,28
75366,0
75367,0
75368,32
75369,0
75370,0
75371,0
75372,0
75373,19
75374,30
75375,0
75376,0
75377,0
75378,0
75379,0
75380,0
75381,0
75382,0
75383,0
75384,0
75385,0
75386,0
75387,0
75388,0
75389,0
75390,27
75391,0
75392,28
75393,0
75394,0
75395,0
75396,23
75397,0
75398,0
75399,0
75400,0
75401,0
75402,0
75403,0
75404,36
75405,0
75406,29
75407,0
75408,0
75409,0
75410,0
75411,0
75412,0
75413,0
75414,0
75415,0
75416,26
75417,32
75418,14
75419,26
75420,25
75421,0
75422,0
75423,0
75424,0
75425,39
75426,0
75427,0
75428,0
75429,0
75430,0
75431,41
75432,0
75433,0
75434,0
75435,0
75436,0
75437,0
75438,0
75439,0
75440,0
75441,0
75442,0
75443,17
75444,0
75445,0
75446,0
75447,30
75448,0
75449,19
75450,16
75451,22
75452,40
75453,23
75454,0
75455,0
75456,42
75457,0
75458,26
75459,0
75460,19
75461,0
75462,25
75463,0
75464,28
75465,0
75466,0
75467,0
75468,0
75469,0
75470,0
75471,0
75472,0
75473,0
75474,31
75475,15
75476,0
75477,0
75478,0
75479,0
75480,0
75481,29
75482,0
75483,0
75484,0
75485,0
75486,27
75487,35
75488,0
75489,0
75490,28
75491,0
75492,32
75493,0
75494,0
75495,0
75496,39
75497,0
75498,0
75499,21
75500,0
75501,37
75502,29
75503,0
75504,33
75505,26
75506,0
75507,17
75508,0
75509,0
75510,0
75511,24
75512,0
75513,0
75514,0
75515,0
75516,0
75517,0
75518,0
75519,32
75520,0
75521,31
75522,38
75523,0
75524,0
75525,0
75526,0
75527,39
75528,0
75529,0
75530,0
75531,0
75532,0
75533,0
75534,32
75535,0
75536,0
75537,0
75538,30
75539,0
75540,0
75541,42
75542,24
75543,0
75544,0
75545,0
75546,24
75547,0
75548,0
75549,0
75550,0
75551,0
75552,0
75553,25
75554,0
75555,0
75556,31
75557,0
75558,24
75559,0
75560,0
75561,0
75562,0
75563,32
75564,26
75565,20
75566,0
75567,0
75568,25
75569,0
75570,0
75571,22
75572,0
75573,32
75574,28
75575,0
75576,0
75577,0
75578,0
75579,35
75580,0
75581,0
75582,0
75583,39
75584,30
75585,0
75586,21
75587,39
75588,0
75589,25
75590,0
75591,0
75592,27
75593,0
75594,26
75595,0
75596,40
75597,0
75598,0
75599,0
75600,24
75601,0
75602,0
75603,0
75604,0
75605,0
75606,0
75607,0
75608,0
75609,0
75610,0
75611,0
75612,0
75613,0
75614,0
75615,0
75616,0
75617,0
75618,0
75619,0
75620,0
75621,0
75622,0
75623,0
75624,0
75625,27
75626,0
75627,24
75628,38
75629,0
75630,0
75631,0
75632,0
75633,0
75634,0
75635,0
75636,0
75637,40
75638,20
75639,0
75640,0
75641,0
75642,0
75643,0
75644,0
75645,7
75646,0
75647,0
75648,0
75649,0
75650,0
75651,0
75652,0
75653,0
75654,0
75655,8
75656,0
75657,0
75658,0
75659,0
75660,0
75661,0
75662,0
75663,0
75664,0
75665,0
75666,8
75667,0
75668,0
75669,0
75670,0
75671,4
75672,0
75673,0
75674,0
75675,0
75676,0
75677,0
75678,0
75679,0
75680,0
75681,0
75682,0
75683,0
75684,0
75685,0
75686,0
75687,0
75688,0
75689,0
75690,0
75691,0
75692,0
75693,0
75694,0
75695,0
75696,0
75697,0
75698,0
75699,0
75700,5
75701,0
75702,0
75703,0
75704,0
75705,0
75706,0
75707,0
75708,0
75709,0
75710,0
75711,6
75712,0
75713,0
75714,0
75715,0
75716,0
75717,0
75718,0
75719,0
75720,0
75721,0
75722,0
75723,0
75724,0
75725,0
75726,0
75727,0
75728,0
75729,5
75730,0
75731,0
75732,0
75733,14
75734,0
75735,0
75736,0
75737,0
75738,0
75739,7
75740,0
75741,0
75742,9
75743,0
75744,0
75745,0
75746,0
75747,0
75748,0
75749,0
75750,0
75751,0
75752,0
75753,0
75754,0
75755,0
75756,0
75757,0
75758,6
75759,6
75760,8
75761,4
75762,0
75763,0
75764,0
75765,0
75766,0
75767,0
75768,14
75769,10
75770,0
75771,11
75772,0
75773,0
75774,0
75775,0
75776,0
75777,13
75778,0
75779,0
75780,6
75781,0
75782,0
75783,0
75784,0
75785,0
75786,0
75787,15
75788,0
75789,6
75790,0
75791,0
75792,7
75793,14
75794,0
75795,0
75796,9
75797,0
75798,0
75799,0
75800,0
75801,0
75802,0
75803,0
75804,0
75805,0
75806,0
75807,0
75808,0
75809,0
75810,0
75811,0
75812,0
75813,8
75814,8
75815,0
75816,0
75817,0
75818,0
75819,0
75820,1
75821,0
75822,0
75823,0
75824,0
75825,9
75826,0
75827,0
75828,0
75829,0
75830,0
75831,0
75832,0
75833,0
75834,0
75835,8
75836,0
75837,0
75838,0
75839,0
75840,0
75841,0
75842,0
75843,0
75844,0
75845,0
75846,0
75847,11
75848,9
75849,0
75850,0
75851,0
75852,0
75853,0
75854,0
75855,0
75856,0
75857,7
75858,0
75859,0
75860,13
75861,0
75862,19
75863,0
75864,0
75865,0
75866,0
75867,0
75868,0
75869,19
75870,0
75871,10
75872,0
75873,0
75874,8
75875,0
75876,0
75877,0
75878,4
75879,0
75880,0
75881,10
75882,0
75883,0
75884,0
75885,0
75886,0
75887,0
75888,7
75889,0
75890,0
75891,0
75892,0
75893,0
75894,0
75895,0
75896,0
75897,0
75898,15
75899,7
75900,6
75901,0
75902,0
75903,7
75904,0
75905,0
75906,0
75907,0
75908,0
75909,0
75910,0
75911,0
75912,0
75913,0
75914,0
75915,0
75916,0
75917,0
75918,0
75919,0
75920,0
75921,0
75922,0
75923,0
75924,0
75925,17
75926,12
75927,0
75928,0
75929,0
75930,0
75931,5
75932,0
75933,0
75934,0
75935,11
75936,6
75937,9
75938,0
75939,0
75940,7
75941,0
75942,0
75943,0
75944,18
75945,0
75946,0
75947,0
75948,0
75949,0
75950,0
75951,0
75952,0
75953,0
75954,4
75955,0
75956,0
75957,0
75958,0
75959,0
75960,0
75961,0
75962,0
75963,0
75964,0
75965,5
75966,0
75967,0
75968,0
75969,9
75970,0
75971,0
75972,9
75973,13
75974,0
75975,0
75976,0
75977,0
75978,10
75979,0
75980,0
75981,0
75982,0
75983,0
75984,0
75985,0
75986,0
75987,0
75988,0
75989,0
75990,0
75991,0
75992,0
75993,0
75994,0
75995,0
75996,0
75997,0
75998,0
75999,0
76000,0
76001,5
76002,12
76003,7
76004,7
76005,0
76006,0
76007,0
76008,4
76009,0
76010,0
76011,0
76012,0
76013,0
76014,0
76015,0
76016,0
76017,0
76018,12
76019,0
76020,0
76021,0
76022,0
76023,0
76024,0
76025,0
76026,0
76027,0
76028,0
76029,0
76030,0
76031,0
76032,0
76033,6
76034,0
76035,0
76036,0
76037,5
76038,0
76039,11
76040,0
76041,0
76042,11
76043,0
76044,0
76045,0
76046,0
76047,0
76048,0
76049,0
76050,0
76051,0
76052,0
76053,0
76054,0
76055,0
76056,0
76057,0
76058,0
76059,0
76060,0
76061,0
76062,0
76063,0
76064,0
76065,0
76066,0
76067,0
76068,0
76069,0
76070,11
76071,0
76072,0
76073,0
76074,0
76075,0
76076,0
76077,0
76078,0
76079,0
76080,0
76081,16
76082,0
76083,0
76084,0
76085,9
76086,0
76087,0
76088,0
76089,0
76090,0
76091,0
76092,0
76093,6
76094,0
76095,0
76096,0
76097,0
76098,0
76099,0
76100,0
76101,0
76102,0
76103,0
76104,0
76105,6
76106,0
76107,0
76108,0
76109,0
76110,0
76111,0
76112,0
76113,0
76114,0
76115,0
76116,4
76117,0
76118,0
76119,0
76120,0
76121,0
76122,8
76123,0
76124,5
76125,0
76126,0
76127,0
76128,0
76129,0
76130,0
76131,0
76132,0
76133,0
76134,0
76135,16
76136,0
76137,0
76138,0
76139,0
76140,0
76141,0
76142,0
76143,0
76144,0
76145,0
76146,0
76147,0
76148,0
76149,0
76150,0
76151,0
76152,0
76153,0
76154,19
76155,0
76156,0
76157,0
76158,0
76159,0
76160,0
76161,0
76162,0
76163,0
76164,0
76165,0
76166,0
76167,0
76168,0
76169,21
76170,0
76171,0
76172,17
76173,0
76174,0
76175,16
76176,0
76177,0
76178,0
76179,0
76180,0
76181,0
76182,0
76183,0
76184,0
76185,0
76186,16
76187,0
76188,0
76189,0
76190,0
76191,0
76192,0
76193,0
76194,0
76195,0
76196,0
76197,0
76198,0
76199,0
76200,0
76201,0
76202,19
76203,0
76204,0
76205,0
76206,0
76207,0
76208,0
76209,0
76210,13
76211,13
76212,0
76213,0
76214,0
76215,0
76216,0
76217,0
76218,0
76219,0
76220,0
76221,0
76222,0
76223,0
76224,0
76225,0
76226,0
76227,0
76228,0
76229,0
76230,0
76231,0
76232,0
76233,0
76234,0
76235,0
76236,0
76237,0
76238,10
76239,23
76240,0
76241,0
76242,0
76243,0
76244,0
76245,10
76246,0
76247,0
76248,0
76249,0
76250,0
76251,0
76252,0
76253,0
76254,0
76255,0
76256,0
76257,0
76258,0
76259,0
76260,0
76261,0
76262,14
76263,0
76264,0
76265,0
76266,0
76267,0
76268,0
76269,0
76270,0
76271,0
76272,0
76273,0
76274,0
76275,0
76276,0
76277,0
76278,0
76279,0
76280,0
76281,13
76282,0
76283,0
76284,0
76285,0
76286,0
76287,0
76288,0
76289,0
76290,0
76291,0
76292,0
76293,0
76294,0
76295,17
76296,0
76297,0
76298,0
76299,0
76300,22
76301,0
76302,0
76303,0
76304,0
76305,0
76306,0
76307,0
76308,0
76309,0
76310,0
76311,0
76312,9
76313,0
76314,0
76315,0
76316,0
76317,0
76318,0
76319,0
76320,0
76321,0
76322,0
76323,0
76324,0
76325,0
76326,0
76327,0
76328,0
76329,0
76330,0
76331,16
76332,0
76333,0
76334,0
76335,0
76336,0
76337,0
76338,0
76339,13
76340,0
76341,0
76342,0
76343,0
76344,0
76345,0
76346,0
76347,0
76348,0
76349,0
76350,0
76351,0
76352,0
76353,11
76354,0
76355,0
76356,20
76357,0
76358,0
76359,0
76360,0
76361,0
76362,0
76363,23
76364,14
76365,0
76366,19
76367,0
76368,0
76369,0
76370,0
76371,0
76372,0
76373,0
76374,0
76375,0
76376,0
76377,8
76378,0
76379,0
76380,0
76381,0
76382,0
76383,0
76384,0
76385,0
76386,0
76387,0
76388,0
76389,0
76390,0
76391,0
76392,0
76393,0
76394,0
76395,0
76396,18
76397,0
76398,0
76399,0
76400,0
76401,0
76402,0
76403,17
76404,0
76405,0
76406,0
76407,0
76408,0
76409,0
76410,0
76411,0
76412,0
76413,0
76414,23
76415,0
76416,15
76417,0
76418,0
76419,0
76420,0
76421,0
76422,0
76423,0
76424,0
76425,0
76426,0
76427,0
76428,0
76429,0
76430,0
76431,0
76432,0
76433,0
76434,0
76435,0
76436,0
76437,0
76438,0
76439,0
76440,0
76441,0
76442,0
76443,0
76444,0
76445,0
76446,0
76447,0
76448,0
76449,0
76450,0
76451,0
76452,0
76453,0
76454,0
76455,0
76456,0
76457,0
76458,0
76459,0
76460,0
76461,13
76462,0
76463,0
76464,0
76465,0
76466,0
76467,0
76468,0
76469,0
76470,0
76471,0
76472,0
76473,0
76474,0
76475,0
76476,9
76477,0
76478,0
76479,0
76480,0
76481,0
76482,0
76483,0
76484,0
76485,0
76486,0
76487,0
76488,0
76489,0
76490,0
76491,0
76492,0
76493,0
76494,0
76495,0
76496,0
76497,0
76498,6
76499,0
76500,0
76501,0
76502,0
76503,0
76504,0
76505,0
76506,20
76507,0
76508,0
76509,0
76510,0
76511,0
76512,0
76513,0
76514,0
76515,0
76516,0
76517,0
76518,0
76519,0
76520,0
76521,0
76522,0
76523,0
76524,0
76525,0
76526,0
76527,0
76528,14
76529,0
76530,0
76531,0
76532,0
76533,0
76534,0
76535,16
76536,0
76537,0
76538,0
76539,0
76540,0
76541,0
76542,0
76543,0
76544,0
76545,0
76546,0
76547,0
76548,0
76549,0
76550,14
76551,23
76552,0
76553,0
76554,0
76555,0
76556,0
76557,0
76558,0
76559,0
76560,0
76561,0
76562,0
76563,0
76564,0
76565,0
76566,17
76567,0
76568,0
76569,0
76570,19
76571,0
76572,0
76573,12
76574,0
76575,0
76576,0
76577,0
76578,0
76579,0
76580,0
76581,0
76582,0
76583,0
76584,0
76585,0
76586,0
76587,0
76588,17
76589,0
76590,0
76591,0
76592,0
76593,0
76594,0
76595,17
76596,0
76597,0
76598,0
76599,0
76600,0
76601,0
76602,0
76603,0
76604,0
76605,0
76606,0
76607,0
76608,0
76609,0
76610,18
76611,0
76612,0
76613,0
76614,0
76615,0
76616,0
76617,0
76618,0
76619,0
76620,0
76621,0
76622,0
76623,0
76624,0
76625,23
76626,0
76627,0
76628,0
76629,0
76630,0
76631,0
76632,0
76633,0
76634,0
76635,0
76636,0
76637,0
76638,0
76639,0
76640,0
76641,10
76642,0
76643,0
76644,0
76645,0
76646,0
76647,0
76648,0
76649,0
76650,0
76651,0
76652,0
76653,0
76654,0
76655,11
76656,0
76657,0
76658,0
76659,0
76660,0
76661,0
76662,0
76663,0
76664,12
76665,0
76666,0
76667,0
76668,0
76669,0
76670,0
76671,0
76672,0
76673,0
76674,0
76675,0
76676,0
76677,25
76678,0
76679,0
76680,0
76681,0
76682,0
76683,0
76684,0
76685,0
76686,0
76687,0
76688,0
76689,0
76690,0
76691,0
76692,0
76693,0
76694,0
76695,0
76696,0
76697,0
76698,0
76699,0
76700,0
76701,0
76702,0
76703,0
76704,0
76705,0
76706,0
76707,0
76708,0
76709,0
76710,0
76711,0
76712,0
76713,0
76714,24
76715,0
76716,0
76717,0
76718,0
76719,0
76720,0
76721,0
76722,0
76723,0
76724,0
76725,0
76726,0
76727,0
76728,0
76729,0
76730,0
76731,0
76732,0
76733,16
76734,0
76735,0
76736,0
76737,0
76738,0
76739,0
76740,0
76741,0
76742,0
76743,0
76744,0
76745,10
76746,12
76747,9
76748,0
76749,0
76750,6
76751,0
76752,0
76753,16
76754,11
76755,0
76756,0
76757,0
76758,0
76759,0
76760,0
76761,0
76762,0
76763,0
76764,0
76765,0
76766,0
76767,0
76768,0
76769,14
76770,0
76771,0
76772,0
76773,0
76774,0
76775,6
76776,0
76777,0
76778,19
76779,14
76780,0
76781,0
76782,0
76783,12
76784,0
76785,0
76786,0
76787,12
76788,0
76789,16
76790,0
76791,0
76792,0
76793,0
76794,0
76795,0
76796,0
76797,0
76798,0
76799,13
76800,0
76801,0
76802,0
76803,0
76804,0
76805,0
76806,0
76807,0
76808,20
76809,0
76810,14
76811,0
76812,0
76813,0
76814,0
76815,8
76816,10
76817,0
76818,0
76819,11
76820,0
76821,0
76822,0
76823,0
76824,0
76825,0
76826,0
76827,0
76828,19
76829,0
76830,0
76831,13
76832,18
76833,0
76834,0
76835,0
76836,0
76837,0
76838,0
76839,0
76840,16
76841,0
76842,0
76843,0
76844,0
76845,0
76846,0
76847,0
76848,0
76849,0
76850,0
76851,0
76852,0
76853,25
76854,12
76855,0
76856,12
76857,0
76858,0
76859,0
76860,12
76861,0
76862,0
76863,0
76864,0
76865,0
76866,0
76867,0
76868,0
76869,10
76870,5
76871,0
76872,0
76873,0
76874,0
76875,10
76876,0
76877,0
76878,0
76879,0
76880,17
76881,0
76882,0
76883,0
76884,0
76885,0
76886,0
76887,0
76888,0
76889,0
76890,0
76891,0
76892,0
76893,5
76894,10
76895,0
76896,0
76897,0
76898,0
76899,0
76900,0
76901,0
76902,0
76903,0
76904,0
76905,15
76906,0
76907,0
76908,0
76909,19
76910,7
76911,0
76912,0
76913,0
76914,0
76915,11
76916,0
76917,15
76918,0
76919,0
76920,0
76921,9
76922,0
76923,0
76924,4
76925,15
76926,10
76927,0
76928,0
76929,14
76930,0
76931,16
76932,15
76933,15
76934,14
76935,0
76936,0
76937,0
76938,0
76939,0
76940,0
76941,0
76942,0
76943,0
76944,0
76945,0
76946,0
76947,6
76948,0
76949,0
76950,0
76951,0
76952,0
76953,0
76954,0
76955,0
76956,0
76957,0
76958,0
76959,0
76960,16
76961,12
76962,0
76963,14
76964,0
76965,0
76966,0
76967,0
76968,0
76969,0
76970,0
76971,0
76972,0
76973,11
76974,0
76975,0
76976,0
76977,0
76978,0
76979,0
76980,0
76981,0
76982,0
76983,0
76984,14
76985,0
76986,0
76987,0
76988,0
76989,0
76990,14
76991,18
76992,6
76993,14
76994,0
76995,0
76996,11
76997,0
76998,14
76999,0
77000,0
77001,10
77002,0
77003,0
77004,0
77005,16
77006,0
77007,0
77008,10
77009,0
77010,0
77011,0
77012,0
77013,0
77014,0
77015,0
77016,0
77017,0
77018,0
77019,0
77020,15
77021,0
77022,23
77023,0
77024,16
77025,0
77026,0
77027,0
77028,0
77029,0
77030,0
77031,0
77032,0
77033,0
77034,0
77035,0
77036,0
77037,0
77038,11
77039,12
77040,0
77041,13
77042,0
77043,12
77044,0
77045,10
77046,0
77047,0
77048,14
77049,12
77050,0
77051,0
77052,0
77053,0
77054,0
77055,17
77056,0
77057,0
77058,0
77059,0
77060,0
77061,10
77062,0
77063,12
77064,7
77065,0
77066,0
77067,0
77068,0
77069,0
77070,0
77071,0
77072,0
77073,10
77074,0
77075,0
77076,13
77077,24
77078,14
77079,0
77080,12
77081,0
77082,0
77083,0
77084,14
77085,0
77086,14
77087,15
77088,0
77089,0
77090,0
77091,0
77092,0
77093,0
77094,0
77095,0
77096,16
77097,11
77098,0
77099,0
77100,0
77101,7
77102,0
77103,0
77104,0
77105,9
77106,14
77107,0
77108,13
77109,0
77110,0
77111,0
77112,0
77113,10
77114,0
77115,0
77116,11
77117,0
77118,0
77119,18
77120,16
77121,11
77122,0
77123,12
77124,0
77125,0
77126,0
77127,0
77128,0
77129,0
77130,0
77131,0
77132,15
77133,0
77134,0
77135,0
77136,5
77137,8
77138,0
77139,0
77140,0
77141,0
77142,0
77143,17
77144,0
77145,0
77146,0
77147,0
77148,0
77149,0
77150,0
77151,0
77152,0
77153,0
77154,0
77155,0
77156,0
77157,0
77158,0
77159,0
77160,0
77161,0
77162,22
77163,0
77164,14
77165,0
77166,10
77167,0
77168,0
77169,0
77170,0
77171,0
77172,0
77173,0
77174,0
77175,8
77176,0
77177,0
77178,17
77179,0
77180,0
77181,9
77182,0
77183,0
77184,4
77185,0
77186,0
77187,0
77188,15
77189,0
77190,0
77191,0
77192,0
77193,0
77194,0
77195,0
77196,18
77197,0
77198,0
77199,0
77200,0
77201,14
77202,0
77203,0
77204,14
77205,0
77206,0
77207,10
77208,0
77209,15
77210,0
77211,5
77212,0
77213,0
77214,0
77215,0
77216,0
77217,10
77218,0
77219,0
77220,0
77221,0
77222,11
77223,0
77224,12
77225,13
77226,0
77227,0
77228,0
77229,0
77230,14
77231,0
77232,0
77233,0
77234,0
77235,10
77236,13
77237,8
77238,0
77239,0
77240,10
77241,0
77242,0
77243,0
77244,14
77245,0
77246,7
77247,13
77248,0
77249,0
77250,0
77251,0
77252,0
77253,0
77254,0
77255,0
77256,0
77257,0
77258,10
77259,0
77260,7
77261,14
77262,0
77263,0
77264,0
77265,0
77266,0
77267,9
77268,14
77269,7
77270,0
77271,0
77272,0
77273,0
77274,0
77275,0
77276,0
77277,0
77278,0
77279,0
77280,0
77281,0
77282,8
77283,0
77284,0
77285,0
77286,16
77287,0
77288,0
77289,14
77290,0
77291,16
77292,0
77293,13
77294,0
77295,12
77296,0
77297,0
77298,0
77299,0
77300,11
77301,10
77302,0
77303,0
77304,0
77305,48
77306,0
77307,0
77308,52
77309,0
77310,0
77311,49
77312,0
77313,18
77314,36
77315,0
77316,0
77317,0
77318,0
77319,0
77320,0
77321,33
77322,40
77323,0
77324,0
77325,0
77326,0
77327,0
77328,54
77329,0
77330,0
77331,44
77332,45
77333,30
77334,0
77335,0
77336,21
77337,0
77338,0
77339,0
77340,0
77341,45
77342,27
77343,0
77344,0
77345,33
77346,0
77347,0
77348,0
77349,0
77350,0
77351,0
77352,0
77353,0
77354,34
77355,0
77356,0
77357,0
77358,0
77359,0
77360,0
77361,0
77362,49
77363,0
77364,0
77365,57
77366,0
77367,0
77368,0
77369,34
77370,0
77371,0
77372,0
77373,0
77374,0
77375,0
77376,0
77377,0
77378,36
77379,0
77380,0
77381,26
77382,0
77383,0
77384,0
77385,0
77386,0
77387,0
77388,0
77389,43
77390,0
77391,0
77392,0
77393,0
77394,0
77395,0
77396,0
77397,24
77398,0
77399,0
77400,22
77401,0
77402,0
77403,0
77404,52
77405,0
77406,0
77407,0
77408,0
77409,0
77410,41
77411,0
77412,0
77413,0
77414,0
77415,0
77416,43
77417,0
77418,0
77419,0
77420,0
77421,0
77422,0
77423,0
77424,0
77425,29
77426,0
77427,0
77428,0
77429,0
77430,0
77431,0
77432,0
77433,46
77434,0
77435,0
77436,0
77437,0
77438,0
77439,0
77440,0
77441,0
77442,28
77443,0
77444,0
77445,30
77446,0
77447,0
77448,35
77449,32
77450,0
77451,0
77452,0
77453,42
77454,38
77455,0
77456,0
77457,0
77458,0
77459,0
77460,0
77461,0
77462,0
77463,0
77464,0
77465,0
77466,0
77467,0
77468,34
77469,27
77470,0
77471,0
77472,0
77473,41
77474,31
77475,51
77476,49
77477,0
77478,0
77479,0
77480,0
77481,49
77482,0
77483,34
77484,29
77485,0
77486,0
77487,0
77488,0
77489,0
77490,0
77491,0
77492,0
77493,0
77494,0
77495,35
77496,0
77497,0
77498,0
77499,32
77500,0
77501,0
77502,0
77503,0
77504,0
77505,0
77506,23
77507,0
77508,44
77509,0
77510,39
77511,0
77512,0
77513,0
77514,0
77515,0
77516,0
77517,0
77518,0
77519,0
77520,0
77521,0
77522,0
77523,0
77524,0
77525,0
77526,0
77527,0
77528,0
77529,0
77530,0
77531,0
77532,0
77533,0
77534,0
77535,0
77536,0
77537,0
77538,0
77539,0
77540,0
77541,0
77542,0
77543,0
77544,0
77545,0
77546,0
77547,0
77548,0
77549,0
77550,0
77551,0
77552,0
77553,0
77554,46
77555,0
77556,46
77557,0
77558,0
77559,0
77560,0
77561,0
77562,41
77563,41
77564,0
77565,0
77566,0
77567,0
77568,0
77569,0
77570,0
77571,0
77572,0
77573,0
77574,0
77575,31
77576,0
77577,0
77578,0
77579,0
77580,44
77581,0
77582,41
77583,0
77584,0
77585,0
77586,0
77587,0
77588,0
77589,30
77590,0
77591,0
77592,0
77593,0
77594,0
77595,0
77596,0
77597,0
77598,24
77599,47
77600,37
77601,42
77602,0
77603,0
77604,22
77605,0
77606,0
77607,47
77608,0
77609,34
77610,0
77611,0
77612,0
77613,0
77614,0
77615,37
77616,0
77617,39
77618,0
77619,0
77620,23
77621,0
77622,34
77623,0
77624,0
77625,0
77626,0
77627,35
77628,0
77629,41
77630,31
77631,25
77632,0
77633,0
77634,0
77635,0
77636,48
77637,0
77638,0
77639,37
77640,0
77641,0
77642,36
77643,0
77644,0
77645,0
77646,28
77647,33
77648,39
77649,0
77650,54
77651,0
77652,31
77653,0
77654,0
77655,46
77656,28
77657,0
77658,0
77659,28
77660,47
77661,36
77662,41
77663,42
77664,0
77665,0
77666,14
77667,0
77668,0
77669,0
77670,0
77671,0
77672,0
77673,38
77674,0
77675,48
77676,43
77677,36
77678,0
77679,0
77680,62
77681,28
77682,0
77683,0
77684,38
77685,0
77686,0
77687,0
77688,0
77689,0
77690,0
77691,0
77692,0
77693,0
77694,0
77695,0
77696,0
77697,34
77698,0
77699,0
77700,32
77701,32
77702,0
77703,0
77704,0
77705,36
77706,0
77707,0
77708,0
77709,0
77710,21
77711,36
77712,40
77713,0
77714,0
77715,0
77716,43
77717,0
77718,0
77719,0
77720,0
77721,40
77722,26
77723,0
77724,0
77725,0
77726,0
77727,0
77728,0
77729,49
77730,0
77731,0
77732,0
77733,0
77734,0
77735,0
77736,0
77737,46
77738,0
77739,0
77740,0
77741,0
77742,0
77743,0
77744,0
77745,0
77746,0
77747,0
77748,35
77749,0
77750,43
77751,0
77752,33
77753,0
77754,26
77755,0
77756,0
77757,40
77758,0
77759,42
77760,0
77761,0
77762,27
77763,0
77764,0
77765,29
77766,0
77767,0
77768,0
77769,0
77770,0
77771,0
77772,0
77773,0
77774,0
77775,0
77776,0
77777,0
77778,0
77779,0
77780,46
77781,0
77782,33
77783,0
77784,0
77785,0
77786,0
77787,38
77788,35
77789,0
77790,25
77791,0
77792,0
77793,0
77794,0
77795,0
77796,0
77797,0
77798,0
77799,0
77800,0
77801,0
77802,0
77803,35
77804,0
77805,0
77806,0
77807,51
77808,0
77809,0
77810,0
77811,33
77812,32
77813,0
77814,0
77815,18
77816,0
77817,0
77818,51
77819,47
77820,0
77821,28
77822,0
77823,0
77824,0
77825,0
77826,0
77827,0
77828,0
77829,0
77830,0
77831,35
77832,27
77833,0
77834,48
77835,0
77836,0
77837,0
77838,0
77839,0
77840,38
77841,0
77842,0
77843,0
77844,0
77845,0
77846,30
77847,0
77848,38
77849,0
77850,0
77851,0
77852,0
77853,0
77854,0
77855,0
77856,0
77857,50
77858,0
77859,0
77860,0
77861,36
77862,0
77863,0
77864,0
77865,26
77866,0
77867,0
77868,0
77869,0
77870,0
77871,0
77872,36
77873,0
77874,29
77875,0
77876,0
77877,0
77878,0
77879,0
77880,0
77881,37
77882,0
77883,0
77884,0
77885,0
77886,0
77887,0
77888,0
77889,0
77890,0
77891,0
77892,40
77893,0
77894,0
77895,0
77896,0
77897,32
77898,42
77899,0
77900,0
77901,0
77902,0
77903,37
77904,0
77905,0
77906,42
77907,0
77908,48
77909,0
77910,0
77911,0
77912,37
77913,0
77914,0
77915,0
77916,0
77917,0
77918,0
77919,0
77920,0
77921,0
77922,0
77923,0
77924,0
77925,0
77926,56
77927,0
77928,0
77929,0
77930,28
77931,0
77932,0
77933,0
77934,0
77935,0
77936,57
77937,0
77938,42
77939,0
77940,0
77941,0
77942,0
77943,32
77944,0
77945,0
77946,0
77947,0
77948,0
77949,0
77950,0
77951,0
77952,0
77953,0
77954,0
77955,0
77956,0
77957,0
77958,0
77959,34
77960,0
77961,0
77962,0
77963,0
77964,0
77965,0
77966,0
77967,0
77968,0
77969,43
77970,0
77971,0
77972,0
77973,0
77974,31
77975,28
77976,0
77977,54
77978,0
77979,31
77980,0
77981,0
77982,0
77983,30
77984,0
77985,0
77986,28
77987,0
77988,0
77989,0
77990,0
77991,0
77992,0
77993,0
77994,0
77995,0
77996,33
77997,0
77998,0
77999,0
78000,0
78001,29
78002,0
78003,23
78004,0
78005,0
78006,0
78007,0
78008,0
78009,0
78010,0
78011,0
78012,0
78013,0
78014,0
78015,24
78016,0
78017,0
78018,0
78019,30
78020,0
78021,0
78022,0
78023,0
78024,0
78025,0
78026,0
78027,0
78028,0
78029,41
78030,33
78031,0
78032,0
78033,0
78034,0
78035,40
78036,0
78037,0
78038,0
78039,40
78040,0
78041,29
78042,26
78043,0
78044,30
78045,0
78046,0
78047,42
78048,0
78049,34
78050,0
78051,0
78052,0
78053,0
78054,0
78055,0
78056,0
78057,0
78058,0
78059,0
78060,0
78061,40
78062,0
78063,34
78064,0
78065,0
78066,0
78067,0
78068,24
78069,0
78070,0
78071,37
78072,0
78073,0
78074,0
78075,0
78076,0
78077,30
78078,47
78079,0
78080,37
78081,0
78082,36
78083,0
78084,0
78085,17
78086,0
78087,42
78088,36
78089,0
78090,0
78091,0
78092,28
78093,0
78094,0
78095,0
78096,0
78097,0
78098,0
78099,34
78100,0
78101,0
78102,0
78103,0
78104,0
78105,0
78106,0
78107,36
78108,0
78109,0
78110,0
78111,0
78112,0
78113,0
78114,0
78115,36
78116,0
78117,0
78118,0
78119,0
78120,0
78121,0
78122,0
78123,0
78124,0
78125,0
78126,45
78127,0
78128,27
78129,0
78130,22
78131,0
78132,0
78133,0
78134,0
78135,0
78136,0
78137,0
78138,0
78139,0
78140,0
78141,0
78142,0
78143,0
78144,35
78145,51
78146,23
78147,0
78148,0
78149,47
78150,24
78151,23
78152,0
78153,0
78154,0
78155,0
78156,0
78157,0
78158,27
78159,0
78160,30
78161,37
78162,0
78163,0
78164,41
78165,0
78166,0
78167,34
78168,0
78169,34
78170,22
78171,29
78172,0
78173,0
78174,26
78175,0
78176,24
78177,0
78178,0
78179,39
78180,0
78181,0
78182,0
78183,0
78184,0
78185,0
78186,0
78187,54
78188,54
78189,0
78190,0
78191,0
78192,0
78193,0
78194,27
78195,0
78196,0
78197,0
78198,0
78199,0
78200,0
78201,0
78202,0
78203,0
78204,0
78205,0
78206,0
78207,0
78208,24
78209,0
78210,0
78211,0
78212,0
78213,31
78214,0
78215,0
78216,0
78217,33
78218,0
78219,0
78220,20
78221,0
78222,35
78223,0
78224,0
78225,0
78226,31
78227,0
78228,18
78229,40
78230,38
78231,0
78232,0
78233,0
78234,34
78235,0
78236,53
78237,0
78238,30
78239,0
78240,0
78241,24
78242,49
78243,0
78244,21
78245,0
78246,0
78247,0
78248,0
78249,0
78250,0
78251,0
78252,0
78253,0
78254,0
78255,0
78256,35
78257,0
78258,32
78259,0
78260,0
78261,0
78262,0
78263,34
78264,0
78265,45
78266,0
78267,21
78268,0
78269,0
78270,0
78271,0
78272,0
78273,0
78274,0
78275,0
78276,0
78277,0
78278,36
78279,0
78280,0
78281,39
78282,0
78283,0
78284,0
78285,0
78286,0
78287,0
78288,29
78289,0
78290,47
78291,52
78292,0
78293,0
78294,0
78295,0
78296,0
78297,0
78298,0
78299,29
78300,0
78301,0
78302,0
78303,0
78304,0
78305,0
78306,0
78307,38
78308,0
78309,0
78310,0
78311,0
78312,0
78313,35
78314,0
78315,0
78316,0
78317,31
78318,0
78319,0
78320,0
78321,0
78322,0
78323,0
78324,0
78325,0
78326,0
78327,0
78328,0
78329,0
78330,0
78331,38
78332,0
78333,0
78334,0
78335,31
78336,0
78337,0
78338,0
78339,0
78340,43
78341,0
78342,0
78343,41
78344,0
78345,0
78346,36
78347,0
78348,0
78349,0
78350,39
78351,0
78352,0
78353,0
78354,0
78355,0
78356,31
78357,0
78358,0
78359,0
78360,0
78361,0
78362,31
78363,0
78364,0
78365,0
78366,0
78367,0
78368,0
78369,0
78370,33
78371,0
78372,0
78373,23
78374,0
78375,0
78376,0
78377,48
78378,0
78379,0
78380,0
78381,37
78382,0
78383,0
78384,0
78385,46
78386,0
78387,0
78388,54
78389,0
78390,0
78391,0
78392,0
78393,0
78394,0
78395,0
78396,32
78397,0
78398,0
78399,40
78400,0
78401,0
78402,0
78403,0
78404,0
78405,42
78406,0
78407,0
78408,24
78409,0
78410,0
78411,0
78412,39
78413,0
78414,0
78415,0
78416,0
78417,0
78418,0
78419,0
78420,0
78421,0
78422,0
78423,0
78424,0
78425,52
78426,0
78427,33
78428,34
78429,0
78430,55
78431,0
78432,31
78433,0
78434,0
78435,0
78436,0
78437,0
78438,0
78439,34
78440,28
78441,0
78442,0
78443,0
78444,0
78445,0
78446,37
78447,0
78448,0
78449,0
78450,0
78451,0
78452,0
78453,34
78454,0
78455,0
78456,0
78457,0
78458,0
78459,0
78460,32
78461,0
78462,24
78463,0
78464,0
78465,0
78466,0
78467,0
78468,0
78469,0
78470,29
78471,0
78472,0
78473,0
78474,0
78475,41
78476,0
78477,0
78478,43
78479,0
78480,0
78481,0
78482,42
78483,0
78484,0
78485,0
78486,56
78487,20
78488,0
78489,58
78490,0
78491,40
78492,0
78493,0
78494,0
78495,0
78496,0
78497,0
78498,0
78499,0
78500,0
78501,0
78502,29
78503,49
78504,0
78505,0
78506,0
78507,0
78508,44
78509,0
78510,0
78511,0
78512,33
78513,0
78514,0
78515,0
78516,32
78517,0
78518,0
78519,0
78520,0
78521,0
78522,0
78523,35
78524,51
78525,0
78526,0
78527,0
78528,0
78529,0
78530,0
78531,0
78532,0
78533,0
78534,0
78535,33
78536,0
78537,0
78538,0
78539,28
78540,0
78541,0
78542,0
78543,40
78544,0
78545,0
78546,0
78547,0
78548,0
78549,26
78550,0
78551,0
78552,0
78553,43
78554,34
78555,0
78556,0
78557,32
78558,0
78559,0
78560,40
78561,0
78562,0
78563,0
78564,0
78565,0
78566,0
78567,0
78568,0
78569,26
78570,32
78571,0
78572,0
78573,31
78574,0
78575,0
78576,0
78577,0
78578,0
78579,0
78580,0
78581,0
78582,0
78583,30
78584,0
78585,26
78586,43
78587,27
78588,0
78589,0
78590,0
78591,0
78592,0
78593,26
78594,0
78595,0
78596,0
78597,0
78598,26
78599,0
78600,0
78601,0
78602,18
78603,38
78604,0
78605,0
78606,0
78607,51
78608,0
78609,0
78610,0
78611,0
78612,39
78613,0
78614,31
78615,0
78616,30
78617,44
78618,0
78619,0
78620,0
78621,0
78622,35
78623,37
78624,24
78625,41
78626,0
78627,0
78628,38
78629,27
78630,0
78631,0
78632,0
78633,0
78634,0
78635,0
78636,0
78637,0
78638,0
78639,0
78640,0
78641,0
78642,0
78643,0
78644,0
78645,0
78646,0
78647,0
78648,0
78649,0
78650,0
78651,0
78652,0
78653,0
78654,0
78655,0
78656,0
78657,37
78658,0
78659,0
78660,29
78661,0
78662,0
78663,0
78664,0
78665,0
78666,0
78667,0
78668,0
78669,0
78670,0
78671,0
78672,0
78673,0
78674,0
78675,0
78676,30
78677,44
78678,0
78679,0
78680,40
78681,26
78682,0
78683,36
78684,35
78685,0
78686,0
78687,0
78688,0
78689,0
78690,0
78691,36
78692,0
78693,0
78694,0
78695,0
78696,0
78697,35
78698,31
78699,0
78700,0
78701,0
78702,0
78703,0
78704,0
78705,0
78706,0
78707,0
78708,0
78709,0
78710,0
78711,0
78712,0
78713,0
78714,0
78715,0
78716,41
78717,40
78718,0
78719,0
78720,0
78721,0
78722,0
78723,37
78724,0
78725,0
78726,39
78727,33
78728,0
78729,0
78730,0
78731,0
78732,0
78733,0
78734,0
78735,0
78736,0
78737,0
78738,0
78739,0
78740,0
78741,0
78742,49
78743,0
78744,0
78745,0
78746,40
78747,0
78748,0
78749,0
78750,0
78751,43
78752,0
78753,28
78754,0
78755,0
78756,0
78757,0
78758,0
78759,0
78760,39
78761,0
78762,0
78763,0
78764,0
78765,0
78766,28
78767,0
78768,0
78769,0
78770,0
78771,0
78772,0
78773,0
78774,0
78775,0
78776,0
78777,0
78778,33
78779,0
78780,32
78781,0
78782,41
78783,28
78784,42
78785,0
78786,0
78787,34
78788,39
78789,0
78790,0
78791,0
78792,0
78793,0
78794,37
78795,32
78796,0
78797,0
78798,15
78799,0
78800,0
78801,0
78802,0
78803,24
78804,0
78805,0
78806,0
78807,16
78808,0
78809,0
78810,0
78811,0
78812,0
78813,0
78814,0
78815,0
78816,0
78817,0
78818,0
78819,0
78820,0
78821,0
78822,0
78823,0
78824,0
78825,0
78826,0
78827,0
78828,0
78829,0
78830,0
78831,11
78832,0
78833,0
78834,0
78835,20
78836,0
78837,0
78838,7
78839,0
78840,21
78841,0
78842,0
78843,0
78844,0
78845,0
78846,0
78847,0
78848,0
78849,0
78850,18
78851,0
78852,0
78853,0
78854,0
78855,0
78856,0
78857,0
78858,0
78859,18
78860,0
78861,0
78862,0
78863,0
78864,0
78865,0
78866,41
78867,0
78868,0
78869,0
78870,0
78871,0
78872,23
78873,0
78874,0
78875,0
78876,0
78877,0
78878,10
78879,0
78880,0
78881,0
78882,0
78883,15
78884,11
78885,0
78886,0
78887,0
78888,0
78889,14
78890,0
78891,0
78892,17
78893,0
78894,21
78895,0
78896,0
78897,0
78898,0
78899,0
78900,0
78901,0
78902,13
78903,0
78904,0
78905,0
78906,0
78907,26
78908,0
78909,0
78910,0
78911,22
78912,0
78913,14
78914,0
78915,0
78916,0
78917,0
78918,0
78919,0
78920,26
78921,19
78922,18
78923,0
78924,0
78925,0
78926,0
78927,0
78928,0
78929,0
78930,28
78931,0
78932,0
78933,0
78934,19
78935,0
78936,10
78937,0
78938,0
78939,0
78940,0
78941,0
78942,0
78943,0
78944,0
78945,0
78946,0
78947,0
78948,0
78949,0
78950,0
78951,0
78952,19
78953,0
78954,0
78955,0
78956,13
78957,0
78958,16
78959,0
78960,0
78961,14
78962,0
78963,0
78964,0
78965,0
78966,0
78967,0
78968,0
78969,0
78970,36
78971,0
78972,0
78973,0
78974,0
78975,0
78976,0
78977,0
78978,0
78979,0
78980,0
78981,0
78982,19
78983,0
78984,20
78985,0
78986,0
78987,0
78988,0
78989,12
78990,0
78991,0
78992,0
78993,20
78994,0
78995,0
78996,0
78997,0
78998,11
78999,30
79000,0
79001,0
79002,0
79003,0
79004,0
79005,0
79006,22
79007,0
79008,27
79009,0
79010,0
79011,21
79012,0
79013,0
79014,32
79015,23
79016,14
79017,4
79018,0
79019,0
79020,0
79021,0
79022,0
79023,0
79024,17
79025,0
79026,11
79027,6
79028,0
79029,5
79030,0
79031,0
79032,0
79033,20
79034,0
79035,0
79036,0
79037,0
79038,15
79039,0
79040,0
79041,9
79042,0
79043,0
79044,0
79045,16
79046,0
79047,0
79048,0
79049,0
79050,0
79051,0
79052,0
79053,0
79054,0
79055,0
79056,0
79057,0
79058,0
79059,0
79060,21
79061,0
79062,0
79063,0
79064,0
79065,0
79066,28
79067,21
79068,0
79069,6
79070,0
79071,0
79072,27
79073,0
79074,0
79075,32
79076,0
79077,0
79078,13
79079,0
79080,0
79081,29
79082,0
79083,0
79084,0
79085,19
79086,0
79087,0
79088,0
79089,7
79090,0
79091,0
79092,11
79093,0
79094,0
79095,0
79096,0
79097,0
79098,0
79099,0
79100,0
79101,0
79102,0
79103,22
79104,0
79105,13
79106,0
79107,0
79108,0
79109,13
79110,19
79111,22
79112,0
79113,26
79114,0
79115,0
79116,0
79117,0
79118,33
79119,0
79120,0
79121,0
79122,0
79123,0
79124,0
79125,0
79126,0
79127,0
79128,0
79129,0
79130,0
79131,0
79132,0
79133,0
79134,0
79135,0
79136,0
79137,0
79138,0
79139,0
79140,0
79141,0
79142,0
79143,0
79144,0
79145,0
79146,0
79147,0
79148,0
79149,0
79150,0
79151,0
79152,35
79153,0
79154,0
79155,0
79156,0
79157,0
79158,0
79159,0
79160,0
79161,0
79162,0
79163,0
79164,0
79165,0
79166,0
79167,0
79168,0
79169,0
79170,0
79171,0
79172,0
79173,0
79174,0
79175,0
79176,0
79177,0
79178,0
79179,0
79180,0
79181,0
79182,33
79183,0
79184,0
79185,0
79186,0
79187,0
79188,0
79189,0
79190,0
79191,0
79192,39
79193,0
79194,0
79195,0
79196,0
79197,0
79198,0
79199,0
79200,0
79201,0
79202,0
79203,0
79204,0
79205,0
79206,0
79207,0
79208,0
79209,38
79210,0
79211,0
79212,0
79213,0
79214,0
79215,0
79216,0
79217,0
79218,43
79219,0
79220,0
79221,0
79222,0
79223,0
79224,0
79225,20
79226,0
79227,0
79228,0
79229,0
79230,0
79231,15
79232,0
79233,0
79234,0
79235,0
79236,0
79237,0
79238,37
79239,0
79240,0
79241,36
79242,0
79243,0
79244,0
79245,0
79246,0
79247,0
79248,0
79249,0
79250,0
79251,0
79252,0
79253,0
79254,0
79255,0
79256,0
79257,0
79258,0
79259,0
79260,0
79261,0
79262,0
79263,0
79264,0
79265,0
79266,0
79267,0
79268,0
79269,0
79270,0
79271,40
79272,0
79273,0
79274,0
79275,0
79276,0
79277,0
79278,0
79279,0
79280,0
79281,56
79282,0
79283,0
79284,0
79285,31
79286,0
79287,0
79288,0
79289,0
79290,0
79291,0
79292,0
79293,0
79294,0
79295,0
79296,0
79297,25
79298,0
79299,31
79300,24
79301,0
79302,0
79303,0
79304,0
79305,0
79306,0
79307,0
79308,29
79309,0
79310,0
79311,0
79312,0
79313,0
79314,41
79315,25
79316,0
79317,0
79318,0
79319,0
79320,0
79321,0
79322,0
79323,0
79324,0
79325,0
79326,0
79327,0
79328,0
79329,0
79330,25
79331,29
79332,0
79333,24
79334,40
79335,0
79336,34
79337,26
79338,0
79339,0
79340,0
79341,0
79342,0
79343,0
79344,43
79345,0
79346,0
79347,0
79348,0
79349,29
79350,31
79351,36
79352,0
79353,0
79354,0
79355,0
79356,0
79357,0
79358,0
79359,0
79360,0
79361,0
79362,0
79363,0
79364,0
79365,0
79366,0
79367,0
79368,37
79369,0
79370,0
79371,25
79372,37
79373,0
79374,16
79375,0
79376,0
79377,0
79378,0
79379,0
79380,0
79381,0
79382,0
79383,0
79384,0
79385,0
79386,0
79387,0
79388,0
79389,0
79390,0
79391,0
79392,0
79393,34
79394,0
79395,0
79396,0
79397,0
79398,0
79399,0
79400,0
79401,0
79402,0
79403,0
79404,0
79405,29
79406,0
79407,0
79408,0
79409,0
79410,0
79411,0
79412,0
79413,0
79414,0
79415,0
79416,0
79417,0
79418,0
79419,0
79420,0
79421,0
79422,0
79423,43
79424,0
79425,0
79426,0
79427,0
79428,0
79429,0
79430,0
79431,0
79432,0
79433,0
79434,0
79435,0
79436,0
79437,0
79438,0
79439,0
79440,0
79441,37
79442,0
79443,0
79444,0
79445,0
79446,0
79447,0
79448,39
79449,0
79450,0
79451,0
79452,0
79453,0
79454,30
79455,0
79456,0
79457,0
79458,0
79459,0
79460,0
79461,0
79462,0
79463,21
79464,0
79465,0
79466,0
79467,0
79468,0
79469,0
79470,0
79471,0
79472,0
79473,0
79474,0
79475,0
79476,0
79477,0
79478,0
79479,0
79480,0
79481,0
79482,0
79483,23
79484,0
79485,0
79486,0
79487,0
79488,0
79489,0
79490,0
79491,0
79492,0
79493,0
79494,0
79495,0
79496,0
79497,0
79498,19
79499,0
79500,0
79501,0
79502,41
79503,0
79504,0
79505,0
79506,0
79507,0
79508,0
79509,0
79510,0
79511,0
79512,0
79513,0
79514,0
79515,0
79516,0
79517,0
79518,0
79519,0
79520,0
79521,0
79522,0
79523,0
79524,0
79525,0
79526,0
79527,0
79528,0
79529,0
79530,0
79531,0
79532,0
79533,0
79534,0
79535,0
79536,0
79537,0
79538,0
79539,0
79540,0
79541,0
79542,0
79543,0
79544,0
79545,36
79546,0
79547,0
79548,0
79549,0
79550,0
79551,0
79552,0
79553,0
79554,0
79555,0
79556,0
79557,0
79558,0
79559,0
79560,0
79561,0
79562,0
79563,0
79564,0
79565,0
79566,0
79567,0
79568,0
79569,0
79570,0
79571,0
79572,0
79573,0
79574,0
79575,0
79576,0
79577,0
79578,0
79579,0
79580,0
79581,0
79582,0
79583,0
79584,0
79585,0
79586,0
79587,0
79588,0
79589,0
79590,0
79591,0
79592,0
79593,0
79594,0
79595,0
79596,0
79597,0
79598,0
79599,0
79600,0
79601,0
79602,0
79603,0
79604,0
79605,0
79606,0
79607,0
79608,0
79609,0
79610,0
79611,0
79612,0
79613,0
79614,0
79615,0
79616,0
79617,0
79618,0
79619,0
79620,0
79621,0
79622,0
79623,0
79624,0
79625,0
79626,0
79627,0
79628,0
79629,0
79630,0
79631,0
79632,0
79633,0
79634,0
79635,0
79636,0
79637,0
79638,0
79639,0
79640,0
79641,0
79642,0
79643,0
79644,0
79645,0
79646,0
79647,0
79648,0
79649,0
79650,0
79651,0
79652,0
79653,0
79654,0
79655,0
79656,0
79657,0
79658,0
79659,0
79660,0
79661,0
79662,0
79663,0
79664,0
79665,0
79666,0
79667,0
79668,0
79669,0
79670,0
79671,0
79672,0
79673,0
79674,0
79675,0
79676,0
79677,0
79678,0
79679,0
79680,0
79681,0
79682,0
79683,0
79684,0
79685,0
79686,0
79687,0
79688,0
79689,0
79690,0
79691,0
79692,0
79693,0
79694,0
79695,0
79696,0
79697,0
79698,0
79699,0
79700,0
79701,0
79702,0
79703,0
79704,0
79705,0
79706,0
79707,0
79708,0
79709,0
79710,0
79711,0
79712,0
79713,0
79714,0
79715,0
79716,0
79717,0
79718,0
79719,0
79720,0
79721,0
79722,0
79723,0
79724,0
79725,0
79726,0
79727,0
79728,0
79729,0
79730,0
79731,0
79732,0
79733,0
79734,0
79735,1
79736,0
79737,0
79738,0
79739,0
79740,0
79741,0
79742,0
79743,0
79744,0
79745,0
79746,0
79747,0
79748,0
79749,0
79750,0
79751,0
79752,0
79753,0
79754,0
79755,0
79756,0
79757,0
79758,0
79759,0
79760,0
79761,0
79762,0
79763,0
79764,0
79765,0
79766,0
79767,0
79768,0
79769,0
79770,0
79771,0
79772,0
79773,0
79774,0
79775,0
79776,0
79777,0
79778,0
79779,0
79780,0
79781,1
79782,0
79783,0
79784,0
79785,0
79786,0
79787,0
79788,0
79789,0
79790,0
79791,0
79792,0
79793,0
79794,0
79795,0
79796,0
79797,0
79798,0
79799,0
79800,0
79801,0
79802,0
79803,0
79804,0
79805,0
79806,0
79807,0
79808,0
79809,0
79810,0
79811,0
79812,0
79813,0
79814,0
79815,0
79816,0
79817,0
79818,0
79819,0
79820,0
79821,0
79822,0
79823,0
79824,0
79825,0
79826,0
79827,0
79828,0
79829,0
79830,0
79831,0
79832,0
79833,0
79834,0
79835,0
79836,0
79837,0
79838,0
79839,0
79840,0
79841,0
79842,0
79843,0
79844,0
79845,0
79846,0
79847,0
79848,0
79849,0
79850,0
79851,0
79852,0
79853,0
79854,0
79855,0
79856,0
79857,0
79858,0
79859,0
79860,0
79861,0
79862,0
79863,0
79864,0
79865,0
79866,0
79867,0
79868,0
79869,0
79870,0
79871,0
79872,0
79873,0
79874,0
79875,0
79876,0
79877,0
79878,0
79879,0
79880,0
79881,0
79882,0
79883,0
79884,0
79885,0
79886,0
79887,0
79888,0
79889,0
79890,0
79891,0
79892,0
79893,0
79894,0
79895,0
79896,0
79897,0
79898,0
79899,0
79900,0
79901,0
79902,0
79903,0
79904,0
79905,0
79906,0
79907,0
79908,0
79909,0
79910,0
79911,0
79912,0
79913,0
79914,0
79915,0
79916,0
79917,0
79918,0
79919,0
79920,0
79921,0
79922,0
79923,0
79924,0
79925,0
79926,0
79927,0
79928,0
79929,0
79930,0
79931,0
79932,0
79933,0
79934,0
79935,0
79936,0
79937,0
79938,0
79939,0
79940,0
79941,0
79942,0
79943,0
79944,1
79945,0
79946,0
79947,0
79948,0
79949,0
79950,0
79951,0
79952,0
79953,0
79954,0
79955,0
79956,0
79957,0
79958,0
79959,0
79960,0
79961,0
79962,0
79963,0
79964,0
79965,0
79966,0
79967,0
79968,0
79969,0
79970,0
79971,0
79972,0
79973,0
79974,0
79975,0
79976,0
79977,0
79978,0
79979,0
79980,0
79981,0
79982,0
79983,0
79984,0
79985,0
79986,0
79987,0
79988,0
79989,0
79990,0
79991,0
79992,0
79993,0
79994,0
79995,0
79996,0
79997,0
79998,0
79999,0
80000,0
80001,0
80002,0
80003,0
80004,0
80005,0
80006,0
80007,0
80008,0
80009,0
80010,0
80011,0
80012,0
80013,0
80014,0
80015,0
80016,0
80017,0
80018,0
80019,0
80020,0
80021,0
80022,0
80023,0
80024,0
80025,0
80026,0
80027,0
80028,0
80029,0
80030,0
80031,0
80032,0
80033,0
80034,0
80035,0
80036,0
80037,0
80038,0
80039,0
80040,0
80041,0
80042,0
80043,0
80044,0
80045,0
80046,0
80047,0
80048,0
80049,0
80050,0
80051,0
80052,0
80053,0
80054,0
80055,0
80056,0
80057,0
80058,0
80059,0
80060,0
80061,0
80062,0
80063,0
80064,0
80065,0
80066,0
80067,0
80068,0
80069,0
80070,0
80071,0
80072,0
80073,0
80074,0
80075,0
80076,0
80077,0
80078,0
80079,0
80080,0
80081,0
80082,0
80083,0
80084,0
80085,0
80086,0
80087,0
80088,0
80089,0
80090,0
80091,0
80092,0
80093,0
80094,0
80095,0
80096,0
80097,0
80098,0
80099,0
80100,0
80101,0
80102,0
80103,0
80104,0
80105,0
80106,0
80107,0
80108,0
80109,0
80110,0
80111,0
80112,0
80113,0
80114,0
80115,0
80116,0
80117,0
80118,0
80119,0
80120,0
80121,0
80122,0
80123,0
80124,0
80125,0
80126,0
80127,0
80128,1
80129,0
80130,0
80131,0
80132,0
80133,0
80134,0
80135,0
80136,0
80137,0
80138,0
80139,0
80140,0
80141,0
80142,0
80143,0
80144,0
80145,0
80146,0
80147,0
80148,0
80149,0
80150,0
80151,0
80152,0
80153,0
80154,0
80155,0
80156,0
80157,0
80158,0
80159,0
80160,0
80161,0
80162,0
80163,0
80164,0
80165,0
80166,0
80167,0
80168,0
80169,0
80170,0
80171,0
80172,0
80173,0
80174,0
80175,0
80176,0
80177,0
80178,0
80179,0
80180,0
80181,0
80182,0
80183,0
80184,0
80185,0
80186,0
80187,0
80188,0
80189,0
80190,0
80191,0
80192,0
80193,0
80194,1
80195,0
80196,0
80197,0
80198,0
80199,0
80200,0
80201,0
80202,0
80203,0
80204,0
80205,0
80206,0
80207,0
80208,0
80209,0
80210,0
80211,0
80212,0
80213,0
80214,0
80215,0
80216,0
80217,0
80218,0
80219,0
80220,0
80221,0
80222,0
80223,0
80224,0
80225,0
80226,0
80227,0
80228,0
80229,0
80230,0
80231,0
80232,0
80233,0
80234,0
80235,0
80236,0
80237,0
80238,0
80239,0
80240,0
80241,0
80242,0
80243,0
80244,0
80245,0
80246,0
80247,0
80248,0
80249,0
80250,0
80251,0
80252,0
80253,0
80254,0
80255,0
80256,0
80257,0
80258,0
80259,0
80260,0
80261,0
80262,0
80263,0
80264,0
80265,0
80266,0
80267,0
80268,0
80269,0
80270,0
80271,0
80272,0
80273,0
80274,0
80275,0
80276,0
80277,0
80278,0
80279,0
80280,0
80281,0
80282,0
80283,0
80284,0
80285,0
80286,0
80287,0
80288,0
80289,0
80290,0
80291,0
80292,0
80293,0
80294,0
80295,0
80296,0
80297,0
80298,0
80299,0
80300,0
80301,0
80302,0
80303,0
80304,0
80305,0
80306,0
80307,0
80308,0
80309,0
80310,0
80311,0
80312,0
80313,0
80314,0
80315,0
80316,0
80317,23
80318,0
80319,0
80320,0
80321,0
80322,0
80323,0
80324,0
80325,0
80326,0
80327,0
80328,0
80329,0
80330,0
80331,0
80332,0
80333,0
80334,22
80335,0
80336,0
80337,15
80338,0
80339,0
80340,0
80341,0
80342,0
80343,0
80344,0
80345,22
80346,21
80347,0
80348,16
80349,0
80350,0
80351,39
80352,0
80353,0
80354,26
80355,0
80356,0
80357,0
80358,0
80359,0
80360,0
80361,0
80362,0
80363,20
80364,0
80365,30
80366,0
80367,0
80368,15
80369,0
80370,0
80371,0
80372,14
80373,19
80374,0
80375,0
80376,0
80377,18
80378,0
80379,0
80380,0
80381,0
80382,0
80383,0
80384,0
80385,0
80386,0
80387,0
80388,0
80389,0
80390,19
80391,0
80392,0
80393,0
80394,0
80395,0
80396,28
80397,0
80398,0
80399,0
80400,0
80401,0
80402,0
80403,19
80404,0
80405,0
80406,28
80407,0
80408,0
80409,0
80410,0
80411,14
80412,0
80413,0
80414,22
80415,0
80416,0
80417,0
80418,0
80419,0
80420,0
80421,0
80422,27
80423,0
80424,0
80425,0
80426,12
80427,0
80428,0
80429,0
80430,0
80431,19
80432,0
80433,0
80434,0
80435,32
80436,0
80437,0
80438,0
80439,0
80440,23
80441,0
80442,0
80443,0
80444,32
80445,34
80446,23
80447,0
80448,0
80449,0
80450,0
80451,0
80452,0
80453,0
80454,19
80455,17
80456,0
80457,0
80458,0
80459,0
80460,0
80461,25
80462,0
80463,0
80464,0
80465,0
80466,22
80467,13
80468,21
80469,0
80470,0
80471,24
80472,0
80473,0
80474,0
80475,0
80476,0
80477,27
80478,0
80479,0
80480,0
80481,0
80482,0
80483,0
80484,0
80485,17
80486,0
80487,0
80488,0
80489,22
80490,0
80491,0
80492,0
80493,0
80494,19
80495,20
80496,0
80497,0
80498,0
80499,0
80500,0
80501,0
80502,0
80503,0
80504,0
80505,0
80506,0
80507,23
80508,0
80509,29
80510,0
80511,33
80512,0
80513,0
80514,0
80515,0
80516,0
80517,0
80518,0
80519,0
80520,0
80521,36
80522,0
80523,0
80524,0
80525,0
80526,0
80527,0
80528,0
80529,0
80530,0
80531,16
80532,30
80533,0
80534,0
80535,18
80536,0
80537,0
80538,0
80539,0
80540,0
80541,0
80542,0
80543,0
80544,0
80545,21
80546,0
80547,18
80548,16
80549,0
80550,0
80551,0
80552,0
80553,0
80554,23
80555,0
80556,0
80557,0
80558,0
80559,0
80560,0
80561,0
80562,18
80563,0
80564,0
80565,0
80566,22
80567,0
80568,0
80569,0
80570,0
80571,0
80572,21
80573,22
80574,0
80575,0
80576,0
80577,0
80578,18
80579,0
80580,0
80581,28
80582,0
80583,0
80584,0
80585,0
80586,0
80587,0
80588,0
80589,0
80590,0
80591,0
80592,25
80593,0
80594,0
80595,0
80596,0
80597,0
80598,0
80599,30
80600,0
80601,0
80602,0
80603,15
80604,0
80605,24
80606,0
80607,17
80608,0
80609,0
80610,0
80611,0
80612,0
80613,0
80614,26
80615,0
80616,0
80617,17
80618,0
80619,18
80620,0
80621,0
80622,24
80623,0
80624,21
80625,28
80626,0
80627,0
80628,26
80629,18
80630,18
80631,0
80632,0
80633,0
80634,0
80635,20
80636,0
80637,0
80638,0
80639,12
80640,17
80641,0
80642,0
80643,0
80644,0
80645,0
80646,0
80647,0
80648,0
80649,0
80650,26
80651,17
80652,0
80653,30
80654,0
80655,0
80656,44
80657,0
80658,0
80659,0
80660,0
80661,0
80662,31
80663,0
80664,0
80665,0
80666,0
80667,0
80668,0
80669,0
80670,21
80671,0
80672,0
80673,0
80674,26
80675,0
80676,0
80677,0
80678,0
80679,0
80680,0
80681,0
80682,0
80683,0
80684,0
80685,0
80686,0
80687,0
80688,0
80689,26
80690,0
80691,0
80692,15
80693,26
80694,0
80695,0
80696,0
80697,0
80698,24
80699,0
80700,0
80701,0
80702,0
80703,21
80704,0
80705,0
80706,0
80707,0
80708,31
80709,18
80710,0
80711,20
80712,34
80713,0
80714,18
80715,0
80716,0
80717,0
80718,0
80719,0
80720,0
80721,0
80722,15
80723,0
80724,22
80725,0
80726,21
80727,0
80728,0
80729,0
80730,0
80731,12
80732,23
80733,0
80734,0
80735,19
80736,0
80737,0
80738,0
80739,0
80740,0
80741,17
80742,0
80743,0
80744,0
80745,0
80746,16
80747,0
80748,0
80749,19
80750,0
80751,0
80752,0
80753,0
80754,0
80755,34
80756,0
80757,0
80758,0
80759,0
80760,0
80761,0
80762,0
80763,0
80764,12
80765,22
80766,15
80767,0
80768,0
80769,0
80770,0
80771,0
80772,0
80773,0
80774,0
80775,22
80776,0
80777,0
80778,20
80779,0
80780,0
80781,0
80782,0
80783,0
80784,0
80785,19
80786,0
80787,0
80788,12
80789,0
80790,0
80791,0
80792,16
80793,0
80794,0
80795,0
80796,0
80797,0
80798,0
80799,17
80800,0
80801,0
80802,18
80803,0
80804,0
80805,12
80806,0
80807,21
80808,0
80809,17
80810,0
80811,0
80812,0
80813,0
80814,0
80815,0
80816,0
80817,0
80818,0
80819,0
80820,0
80821,0
80822,0
80823,0
80824,0
80825,0
80826,0
80827,0
80828,19
80829,0
80830,0
80831,0
80832,0
80833,19
80834,0
80835,0
80836,0
80837,0
80838,0
80839,0
80840,0
80841,0
80842,18
80843,0
80844,0
80845,0
80846,0
80847,0
80848,0
80849,0
80850,20
80851,0
80852,15
80853,0
80854,0
80855,0
80856,0
80857,0
80858,0
80859,0
80860,14
80861,0
80862,0
80863,0
80864,0
80865,0
80866,0
80867,0
80868,0
80869,0
80870,24
80871,22
80872,0
80873,0
80874,0
80875,0
80876,0
80877,0
80878,0
80879,0
80880,0
80881,0
80882,0
80883,0
80884,0
80885,16
80886,0
80887,27
80888,18
80889,0
80890,0
80891,0
80892,0
80893,27
80894,0
80895,0
80896,18
80897,0
80898,0
80899,0
80900,0
80901,0
80902,0
80903,0
80904,0
80905,0
80906,0
80907,0
80908,0
80909,0
80910,29
80911,0
80912,0
80913,0
80914,0
80915,0
80916,0
80917,0
80918,0
80919,0
80920,0
80921,0
80922,0
80923,0
80924,0
80925,0
80926,28
80927,0
80928,0
80929,0
80930,0
80931,22
80932,0
80933,0
80934,0
80935,25
80936,0
80937,0
80938,14
80939,17
80940,0
80941,0
80942,0
80943,0
80944,0
80945,0
80946,9
80947,0
80948,0
80949,0
80950,0
80951,0
80952,0
80953,0
80954,0
80955,18
80956,0
80957,0
80958,0
80959,29
80960,0
80961,0
80962,0
80963,0
80964,0
80965,0
80966,0
80967,21
80968,0
80969,30
80970,0
80971,0
80972,0
80973,0
80974,0
80975,28
80976,0
80977,25
80978,0
80979,0
80980,0
80981,0
80982,0
80983,0
80984,19
80985,18
80986,0
80987,28
80988,0
80989,0
80990,0
80991,14
80992,11
80993,0
80994,0
80995,0
80996,0
80997,0
80998,0
80999,0
81000,0
81001,0
81002,0
81003,0
81004,0
81005,0
81006,0
81007,26
81008,0
81009,16
81010,13
81011,0
81012,0
81013,0
81014,0
81015,0
81016,0
81017,0
81018,0
81019,0
81020,0
81021,0
81022,0
81023,0
81024,19
81025,0
81026,0
81027,0
81028,15
81029,0
81030,0
81031,0
81032,0
81033,22
81034,0
81035,16
81036,0
81037,13
81038,23
81039,0
81040,0
81041,17
81042,0
81043,0
81044,0
81045,0
81046,19
81047,0
81048,0
81049,0
81050,0
81051,0
81052,0
81053,0
81054,0
81055,27
81056,0
81057,0
81058,0
81059,0
81060,0
81061,0
81062,0
81063,0
81064,0
81065,0
81066,0
81067,0
81068,17
81069,0
81070,0
81071,26
81072,0
81073,0
81074,0
81075,19
81076,0
81077,12
81078,0
81079,0
81080,0
81081,0
81082,0
81083,0
81084,10
81085,0
81086,0
81087,0
81088,0
81089,0
81090,0
81091,0
81092,0
81093,0
81094,0
81095,0
81096,0
81097,0
81098,0
81099,0
81100,0
81101,0
81102,0
81103,12
81104,0
81105,0
81106,0
81107,0
81108,0
81109,0
81110,25
81111,0
81112,23
81113,0
81114,0
81115,29
81116,0
81117,17
81118,0
81119,0
81120,0
81121,0
81122,22
81123,0
81124,0
81125,0
81126,20
81127,16
81128,0
81129,0
81130,0
81131,22
81132,0
81133,0
81134,35
81135,0
81136,0
81137,7
81138,0
81139,30
81140,0
81141,0
81142,0
81143,0
81144,27
81145,0
81146,0
81147,0
81148,0
81149,0
81150,0
81151,20
81152,0
81153,0
81154,0
81155,24
81156,0
81157,29
81158,0
81159,0
81160,0
81161,26
81162,25
81163,23
81164,0
81165,0
81166,0
81167,0
81168,0
81169,13
81170,0
81171,0
81172,20
81173,0
81174,0
81175,23
81176,0
81177,0
81178,18
81179,0
81180,0
81181,0
81182,0
81183,0
81184,16
81185,0
81186,0
81187,0
81188,0
81189,0
81190,24
81191,21
81192,0
81193,0
81194,0
81195,0
81196,25
81197,0
81198,0
81199,0
81200,0
81201,20
81202,16
81203,0
81204,14
81205,24
81206,0
81207,0
81208,0
81209,0
81210,0
81211,0
81212,0
81213,0
81214,16
81215,0
81216,0
81217,15
81218,13
81219,0
81220,0
81221,0
81222,0
81223,0
81224,0
81225,0
81226,0
81227,0
81228,0
81229,0
81230,0
81231,0
81232,19
81233,19
81234,0
81235,0
81236,0
81237,20
81238,0
81239,0
81240,0
81241,0
81242,0
81243,0
81244,0
81245,39
81246,0
81247,0
81248,18
81249,0
81250,0
81251,0
81252,0
81253,0
81254,0
81255,0
81256,11
81257,0
81258,0
81259,12
81260,0
81261,0
81262,0
81263,0
81264,0
81265,0
81266,0
81267,0
81268,0
81269,0
81270,0
81271,0
81272,0
81273,27
81274,0
81275,24
81276,0
81277,0
81278,26
81279,25
81280,0
81281,24
81282,13
81283,0
81284,0
81285,31
81286,0
81287,23
81288,0
81289,0
81290,0
81291,0
81292,0
81293,13
81294,0
81295,28
81296,0
81297,18
81298,0
81299,0
81300,0
81301,0
81302,0
81303,0
81304,0
81305,0
81306,0
81307,0
81308,16
81309,0
81310,0
81311,31
81312,0
81313,0
81314,0
81315,0
81316,11
81317,0
81318,0
81319,0
81320,19
81321,0
81322,0
81323,18
81324,0
81325,0
81326,28
81327,0
81328,0
81329,0
81330,0
81331,0
81332,0
81333,0
81334,0
81335,0
81336,16
81337,0
81338,0
81339,0
81340,0
81341,0
81342,0
81343,0
81344,0
81345,0
81346,0
81347,26
81348,0
81349,0
81350,0
81351,0
81352,0
81353,0
81354,0
81355,0
81356,0
81357,0
81358,0
81359,0
81360,0
81361,0
81362,0
81363,0
81364,0
81365,23
81366,0
81367,0
81368,0
81369,8
81370,0
81371,0
81372,0
81373,0
81374,0
81375,0
81376,0
81377,0
81378,21
81379,0
81380,0
81381,27
81382,0
81383,0
81384,0
81385,16
81386,0
81387,0
81388,12
81389,13
81390,0
81391,0
81392,0
81393,0
81394,0
81395,0
81396,0
81397,24
81398,0
81399,0
81400,17
81401,0
81402,0
81403,0
81404,15
81405,0
81406,0
81407,21
81408,0
81409,0
81410,0
81411,0
81412,0
81413,0
81414,0
81415,0
81416,0
81417,0
81418,0
81419,0
81420,0
81421,0
81422,0
81423,0
81424,0
81425,0
81426,25
81427,0
81428,29
81429,0
81430,29
81431,0
81432,0
81433,0
81434,0
81435,0
81436,0
81437,0
81438,0
81439,0
81440,25
81441,0
81442,0
81443,28
81444,0
81445,29
81446,0
81447,0
81448,0
81449,0
81450,0
81451,28
81452,0
81453,23
81454,0
81455,0
81456,0
81457,0
81458,0
81459,0
81460,0
81461,40
81462,19
81463,0
81464,0
81465,0
81466,0
81467,0
81468,0
81469,26
81470,0
81471,0
81472,0
81473,0
81474,0
81475,0
81476,0
81477,21
81478,0
81479,0
81480,26
81481,15
81482,17
81483,19
81484,0
81485,0
81486,28
81487,31
81488,0
81489,0
81490,0
81491,0
81492,14
81493,0
81494,0
81495,0
81496,0
81497,0
81498,0
81499,0
81500,0
81501,0
81502,0
81503,0
81504,0
81505,0
81506,18
81507,0
81508,0
81509,0
81510,0
81511,0
81512,0
81513,19
81514,0
81515,17
81516,23
81517,0
81518,0
81519,0
81520,0
81521,0
81522,0
81523,0
81524,23
81525,0
81526,0
81527,0
81528,0
81529,20
81530,0
81531,0
81532,0
81533,0
81534,0
81535,0
81536,0
81537,0
81538,17
81539,20
81540,0
81541,0
81542,0
81543,0
81544,19
81545,0
81546,31
81547,0
81548,15
81549,0
81550,0
81551,0
81552,0
81553,0
81554,0
81555,0
81556,0
81557,0
81558,0
81559,0
81560,28
81561,0
81562,0
81563,0
81564,0
81565,0
81566,0
81567,0
81568,0
81569,0
81570,0
81571,0
81572,13
81573,0
81574,35
81575,21
81576,18
81577,0
81578,0
81579,0
81580,0
81581,0
81582,0
81583,11
81584,0
81585,0
81586,0
81587,0
81588,17
81589,0
81590,0
81591,0
81592,0
81593,0
81594,0
81595,0
81596,0
81597,0
81598,0
81599,0
81600,16
81601,0
81602,0
81603,0
81604,0
81605,0
81606,0
81607,0
81608,0
81609,0
81610,20
81611,0
81612,0
81613,0
81614,0
81615,17
81616,0
81617,20
81618,0
81619,22
81620,18
81621,23
81622,0
81623,0
81624,0
81625,0
81626,0
81627,0
81628,14
81629,0
81630,0
81631,0
81632,0
81633,0
81634,0
81635,0
81636,0
81637,0
81638,0
81639,0
81640,16
81641,0
81642,0
81643,28
81644,14
81645,19
81646,18
81647,20
81648,0
81649,0
81650,0
81651,17
81652,0
81653,29
81654,0
81655,0
81656,0
81657,0
81658,0
81659,18
81660,0
81661,0
81662,0
81663,24
81664,27
81665,33
81666,0
81667,0
81668,0
81669,0
81670,0
81671,0
81672,24
81673,0
81674,0
81675,0
81676,0
81677,25
81678,0
81679,19
81680,0
81681,0
81682,21
81683,25
81684,0
81685,0
81686,0
81687,0
81688,0
81689,0
81690,0
81691,0
81692,0
81693,0
81694,0
81695,0
81696,0
81697,0
81698,0
81699,0
81700,33
81701,17
81702,0
81703,26
81704,0
81705,21
81706,0
81707,18
81708,0
81709,21
81710,0
81711,0
81712,0
81713,0
81714,23
81715,0
81716,0
81717,21
81718,0
81719,0
81720,0
81721,0
81722,0
81723,0
81724,0
81725,23
81726,0
81727,17
81728,23
81729,0
81730,0
81731,0
81732,0
81733,0
81734,24
81735,0
81736,0
81737,0
81738,24
81739,0
81740,24
81741,27
81742,0
81743,0
81744,0
81745,0
81746,17
81747,0
81748,0
81749,0
81750,0
81751,0
81752,0
81753,0
81754,25
81755,26
81756,33
81757,10
81758,0
81759,31
81760,0
81761,0
81762,0
81763,0
81764,0
81765,0
81766,0
81767,0
81768,17
81769,0
81770,0
81771,0
81772,0
81773,0
81774,0
81775,0
81776,0
81777,0
81778,0
81779,19
81780,0
81781,23
81782,31
81783,0
81784,0
81785,0
81786,0
81787,0
81788,29
81789,0
81790,18
81791,0
81792,0
81793,0
81794,0
81795,0
81796,0
81797,0
81798,0
81799,0
81800,0
81801,22
81802,0
81803,24
81804,0
81805,35
81806,0
81807,0
81808,17
81809,0
81810,0
81811,0
81812,0
81813,0
81814,0
81815,0
81816,0
81817,27
81818,0
81819,17
81820,0
81821,0
81822,0
81823,0
81824,19
81825,18
81826,0
81827,0
81828,0
81829,0
81830,0
81831,0
81832,0
81833,0
81834,15
81835,33
81836,26
81837,0
81838,0
81839,0
81840,0
81841,21
81842,24
81843,0
81844,0
81845,0
81846,15
81847,0
81848,0
81849,0
81850,0
81851,0
81852,0
81853,0
81854,0
81855,0
81856,0
81857,0
81858,0
81859,0
81860,0
81861,0
81862,0
81863,0
81864,0
81865,0
81866,24
81867,0
81868,0
81869,0
81870,17
81871,0
81872,0
81873,0
81874,0
81875,0
81876,0
81877,0
81878,0
81879,19
81880,0
81881,0
81882,0
81883,0
81884,0
81885,0
81886,26
81887,0
81888,0
81889,0
81890,0
81891,0
81892,0
81893,28
81894,0
81895,19
81896,28
81897,0
81898,0
81899,0
81900,15
81901,0
81902,0
81903,0
81904,25
81905,0
81906,0
81907,20
81908,0
81909,0
81910,0
81911,24
81912,28
81913,21
81914,0
81915,0
81916,0
81917,0
81918,26
81919,0
81920,0
81921,23
81922,0
81923,0
81924,14
81925,17
81926,0
81927,0
81928,0
81929,21
81930,0
81931,0
81932,0
81933,0
81934,12
81935,0
81936,16
81937,0
81938,0
81939,0
81940,22
81941,0
81942,0
81943,0
81944,18
81945,31
81946,0
81947,0
81948,0
81949,0
81950,0
81951,0
81952,0
81953,0
81954,0
81955,0
81956,0
81957,0
81958,0
81959,17
81960,13
81961,0
81962,0
81963,0
81964,23
81965,0
81966,0
81967,25
81968,20
81969,0
81970,0
81971,0
81972,0
81973,0
81974,0
81975,0
81976,0
81977,0
81978,0
81979,0
81980,0
81981,18
81982,0
81983,21
81984,22
81985,25
81986,0
81987,11
81988,0
81989,0
81990,0
81991,0
81992,0
81993,0
81994,0
81995,44
81996,11
81997,0
81998,0
81999,19
82000,23
82001,0
82002,0
82003,0
82004,0
82005,0
82006,0
82007,0
82008,0
82009,25
82010,0
82011,0
82012,0
82013,0
82014,0
82015,18
82016,0
82017,0
82018,0
82019,0
82020,14
82021,17
82022,30
82023,0
82024,0
82025,0
82026,0
82027,0
82028,0
82029,0
82030,0
82031,0
82032,0
82033,18
82034,26
82035,0
82036,0
82037,37
82038,19
82039,0
82040,0
82041,10
82042,0
82043,21
82044,0
82045,0
82046,0
82047,0
82048,0
82049,0
82050,0
82051,0
82052,1
82053,0
82054,0
82055,0
82056,0
82057,0
82058,0
82059,0
82060,0
82061,3
82062,1
82063,0
82064,0
82065,0
82066,0
82067,0
82068,0
82069,0
82070,0
82071,0
82072,0
82073,0
82074,0
82075,0
82076,0
82077,0
82078,0
82079,0
82080,0
82081,0
82082,0
82083,0
82084,0
82085,0
82086,0
82087,0
82088,0
82089,0
82090,0
82091,0
82092,0
82093,0
82094,0
82095,0
82096,0
82097,0
82098,0
82099,0
82100,0
82101,0
82102,0
82103,0
82104,0
82105,0
82106,0
82107,0
82108,0
82109,0
82110,0
82111,0
82112,0
82113,0
82114,0
82115,0
82116,0
82117,0
82118,0
82119,0
82120,0
82121,0
82122,0
82123,0
82124,0
82125,0
82126,0
82127,0
82128,0
82129,0
82130,0
82131,0
82132,0
82133,0
82134,0
82135,0
82136,0
82137,0
82138,0
82139,0
82140,0
82141,0
82142,0
82143,0
82144,0
82145,0
82146,0
82147,0
82148,0
82149,0
82150,0
82151,0
82152,0
82153,0
82154,0
82155,0
82156,0
82157,0
82158,0
82159,0
82160,0
82161,0
82162,0
82163,0
82164,0
82165,0
82166,0
82167,0
82168,0
82169,0
82170,0
82171,0
82172,0
82173,0
82174,0
82175,0
82176,0
82177,0
82178,0
82179,1
82180,0
82181,0
82182,0
82183,0
82184,0
82185,0
82186,0
82187,0
82188,0
82189,0
82190,0
82191,0
82192,0
82193,0
82194,0
82195,0
82196,3
82197,0
82198,0
82199,0
82200,0
82201,0
82202,0
82203,0
82204,0
82205,0
82206,0
82207,1
82208,0
82209,0
82210,0
82211,0
82212,0
82213,0
82214,0
82215,0
82216,0
82217,0
82218,0
82219,0
82220,0
82221,0
82222,0
82223,0
82224,0
82225,0
82226,0
82227,0
82228,0
82229,0
82230,0
82231,0
82232,0
82233,0
82234,0
82235,0
82236,0
82237,0
82238,0
82239,0
82240,0
82241,0
82242,0
82243,0
82244,0
82245,0
82246,0
82247,0
82248,0
82249,0
82250,0
82251,0
82252,0
82253,0
82254,0
82255,0
82256,0
82257,0
82258,0
82259,0
82260,0
82261,0
82262,0
82263,0
82264,1
82265,0
82266,0
82267,0
82268,0
82269,0
82270,0
82271,0
82272,0
82273,0
82274,0
82275,0
82276,0
82277,0
82278,0
82279,0
82280,0
82281,0
82282,0
82283,0
82284,0
82285,0
82286,0
82287,0
82288,0
82289,0
82290,0
82291,0
82292,0
82293,0
82294,0
82295,0
82296,0
82297,0
82298,0
82299,0
82300,0
82301,0
82302,0
82303,0
82304,0
82305,0
82306,0
82307,0
82308,0
82309,0
82310,0
82311,0
82312,0
82313,0
82314,0
82315,0
82316,0
82317,0
82318,0
82319,0
82320,0
82321,0
82322,0
82323,0
82324,0
82325,0
82326,0
82327,0
82328,1
82329,0
82330,0
82331,0
82332,0
82333,0
82334,0
82335,0
82336,0
82337,0
82338,0
82339,0
82340,0
82341,0
82342,0
82343,0
82344,0
82345,0
82346,0
82347,0
82348,0
82349,0
82350,0
82351,0
82352,0
82353,0
82354,0
82355,0
82356,0
82357,0
82358,0
82359,0
82360,0
82361,0
82362,0
82363,0
82364,0
82365,0
82366,0
82367,0
82368,0
82369,0
82370,0
82371,0
82372,0
82373,0
82374,0
82375,0
82376,0
82377,0
82378,2
82379,0
82380,0
82381,0
82382,0
82383,0
82384,0
82385,0
82386,0
82387,0
82388,0
82389,0
82390,0
82391,0
82392,0
82393,0
82394,0
82395,0
82396,0
82397,0
82398,0
82399,0
82400,0
82401,0
82402,0
82403,0
82404,0
82405,0
82406,0
82407,0
82408,0
82409,0
82410,0
82411,0
82412,0
82413,0
82414,0
82415,0
82416,0
82417,0
82418,0
82419,0
82420,0
82421,0
82422,0
82423,0
82424,0
82425,0
82426,0
82427,0
82428,0
82429,0
82430,0
82431,0
82432,0
82433,0
82434,0
82435,0
82436,0
82437,0
82438,0
82439,0
82440,0
82441,0
82442,0
82443,0
82444,0
82445,0
82446,0
82447,0
82448,1
82449,0
82450,0
82451,0
82452,0
82453,0
82454,0
82455,0
82456,0
82457,0
82458,0
82459,0
82460,0
82461,0
82462,0
82463,3
82464,0
82465,0
82466,0
82467,0
82468,0
82469,0
82470,0
82471,0
82472,0
82473,0
82474,0
82475,0
82476,0
82477,0
82478,0
82479,0
82480,0
82481,0
82482,0
82483,0
82484,0
82485,0
82486,0
82487,0
82488,0
82489,0
82490,0
82491,0
82492,0
82493,0
82494,0
82495,0
82496,0
82497,0
82498,0
82499,0
82500,0
82501,0
82502,0
82503,0
82504,0
82505,0
82506,0
82507,0
82508,0
82509,0
82510,0
82511,0
82512,0
82513,0
82514,0
82515,0
82516,0
82517,0
82518,0
82519,0
82520,0
82521,0
82522,0
82523,0
82524,0
82525,0
82526,0
82527,0
82528,0
82529,2
82530,0
82531,0
82532,0
82533,0
82534,0
82535,0
82536,0
82537,0
82538,0
82539,0
82540,0
82541,0
82542,0
82543,0
82544,0
82545,0
82546,0
82547,0
82548,0
82549,0
82550,0
82551,0
82552,0
82553,0
82554,0
82555,0
82556,0
82557,0
82558,0
82559,0
82560,0
82561,0
82562,0
82563,0
82564,0
82565,0
82566,0
82567,0
82568,0
82569,0
82570,0
82571,0
82572,0
82573,0
82574,0
82575,0
82576,0
82577,0
82578,0
82579,0
82580,0
82581,0
82582,0
82583,1
82584,0
82585,0
82586,0
82587,0
82588,0
82589,0
82590,0
82591,0
82592,0
82593,0
82594,0
82595,0
82596,0
82597,0
82598,0
82599,0
82600,0
82601,0
82602,0
82603,0
82604,0
82605,0
82606,0
82607,0
82608,0
82609,0
82610,0
82611,0
82612,0
82613,0
82614,0
82615,0
82616,0
82617,0
82618,1
82619,0
82620,0
82621,0
82622,0
82623,0
82624,0
82625,0
82626,0
82627,0
82628,0
82629,0
82630,0
82631,0
82632,0
82633,0
82634,0
82635,0
82636,0
82637,0
82638,0
82639,0
82640,0
82641,0
82642,0
82643,0
82644,0
82645,0
82646,0
82647,0
82648,0
82649,0
82650,0
82651,0
82652,0
82653,0
82654,0
82655,0
82656,0
82657,0
82658,0
82659,0
82660,0
82661,0
82662,0
82663,0
82664,0
82665,0
82666,0
82667,0
82668,0
82669,0
82670,0
82671,0
82672,0
82673,0
82674,0
82675,0
82676,0
82677,0
82678,0
82679,0
82680,0
82681,0
82682,0
82683,0
82684,0
82685,0
82686,0
82687,0
82688,0
82689,0
82690,0
82691,0
82692,0
82693,0
82694,0
82695,0
82696,0
82697,40
82698,0
82699,0
82700,0
82701,0
82702,0
82703,0
82704,0
82705,0
82706,0
82707,0
82708,0
82709,22
82710,0
82711,0
82712,0
82713,0
82714,0
82715,0
82716,0
82717,0
82718,0
82719,0
82720,0
82721,24
82722,24
82723,0
82724,0
82725,0
82726,0
82727,0
82728,0
82729,0
82730,0
82731,0
82732,0
82733,0
82734,0
82735,0
82736,0
82737,0
82738,0
82739,0
82740,0
82741,0
82742,0
82743,0
82744,0
82745,0
82746,0
82747,0
82748,0
82749,0
82750,0
82751,0
82752,0
82753,0
82754,0
82755,0
82756,0
82757,0
82758,0
82759,0
82760,0
82761,0
82762,0
82763,22
82764,0
82765,0
82766,0
82767,0
82768,23
82769,0
82770,17
82771,0
82772,0
82773,0
82774,0
82775,0
82776,0
82777,0
82778,0
82779,0
82780,0
82781,0
82782,0
82783,0
82784,0
82785,0
82786,0
82787,0
82788,21
82789,0
82790,0
82791,0
82792,0
82793,30
82794,20
82795,0
82796,21
82797,0
82798,0
82799,0
82800,0
82801,0
82802,0
82803,0
82804,0
82805,0
82806,0
82807,0
82808,26
82809,0
82810,0
82811,0
82812,0
82813,0
82814,0
82815,0
82816,0
82817,0
82818,0
82819,0
82820,0
82821,0
82822,0
82823,0
82824,0
82825,0
82826,0
82827,0
82828,0
82829,0
82830,0
82831,0
82832,0
82833,0
82834,18
82835,0
82836,0
82837,0
82838,0
82839,0
82840,0
82841,0
82842,0
82843,0
82844,0
82845,0
82846,0
82847,0
82848,0
82849,0
82850,0
82851,0
82852,0
82853,0
82854,0
82855,0
82856,0
82857,0
82858,0
82859,0
82860,0
82861,0
82862,30
82863,0
82864,35
82865,0
82866,0
82867,0
82868,0
82869,0
82870,0
82871,0
82872,0
82873,0
82874,0
82875,0
82876,12
82877,0
82878,0
82879,0
82880,0
82881,0
82882,0
82883,0
82884,0
82885,0
82886,0
82887,0
82888,0
82889,0
82890,0
82891,0
82892,0
82893,37
82894,0
82895,0
82896,0
82897,0
82898,0
82899,25
82900,0
82901,0
82902,0
82903,0
82904,0
82905,0
82906,0
82907,0
82908,0
82909,0
82910,0
82911,0
82912,0
82913,0
82914,0
82915,0
82916,0
82917,0
82918,0
82919,0
82920,0
82921,0
82922,0
82923,0
82924,0
82925,21
82926,0
82927,0
82928,0
82929,0
82930,0
82931,0
82932,0
82933,0
82934,0
82935,19
82936,0
82937,0
82938,0
82939,0
82940,0
82941,0
82942,0
82943,0
82944,0
82945,0
82946,0
82947,0
82948,0
82949,0
82950,0
82951,0
82952,0
82953,0
82954,0
82955,0
82956,0
82957,0
82958,0
82959,0
82960,0
82961,0
82962,0
82963,16
82964,0
82965,0
82966,0
82967,0
82968,0
82969,12
82970,23
82971,0
82972,0
82973,0
82974,0
82975,0
82976,0
82977,0
82978,28
82979,0
82980,0
82981,0
82982,0
82983,0
82984,0
82985,0
82986,0
82987,0
82988,0
82989,0
82990,0
82991,0
82992,0
82993,0
82994,14
82995,0
82996,0
82997,0
82998,0
82999,0
83000,0
83001,0
83002,21
83003,0
83004,0
83005,0
83006,0
83007,0
83008,0
83009,0
83010,0
83011,0
83012,0
83013,0
83014,0
83015,0
83016,25
83017,0
83018,0
83019,0
83020,0
83021,0
83022,0
83023,18
83024,0
83025,0
83026,0
83027,0
83028,0
83029,0
83030,0
83031,0
83032,0
83033,0
83034,0
83035,0
83036,0
83037,0
83038,0
83039,0
83040,0
83041,0
83042,0
83043,0
83044,0
83045,0
83046,0
83047,0
83048,0
83049,0
83050,0
83051,0
83052,0
83053,0
83054,0
83055,0
83056,0
83057,0
83058,0
83059,0
83060,0
83061,0
83062,0
83063,0
83064,0
83065,0
83066,0
83067,0
83068,0
83069,0
83070,0
83071,0
83072,0
83073,0
83074,0
83075,0
83076,0
83077,0
83078,0
83079,0
83080,0
83081,22
83082,29
83083,0
83084,0
83085,0
83086,0
83087,0
83088,0
83089,0
83090,0
83091,26
83092,0
83093,0
83094,0
83095,0
83096,0
83097,0
83098,0
83099,0
83100,0
83101,0
83102,0
83103,0
83104,0
83105,0
83106,0
83107,0
83108,0
83109,0
83110,0
83111,0
83112,0
83113,0
83114,0
83115,0
83116,0
83117,0
83118,0
83119,0
83120,0
83121,0
83122,0
83123,0
83124,0
83125,0
83126,0
83127,0
83128,0
83129,0
83130,0
83131,0
83132,0
83133,0
83134,0
83135,0
83136,0
83137,24
83138,0
83139,0
83140,0
83141,0
83142,0
83143,0
83144,0
83145,0
83146,0
83147,0
83148,0
83149,20
83150,0
83151,0
83152,0
83153,0
83154,0
83155,0
83156,0
83157,0
83158,0
83159,0
83160,0
83161,0
83162,0
83163,0
83164,26
83165,0
83166,0
83167,0
83168,0
83169,0
83170,0
83171,0
83172,0
83173,0
83174,0
83175,0
83176,0
83177,0
83178,0
83179,0
83180,25
83181,0
83182,0
83183,0
83184,0
83185,0
83186,0
83187,0
83188,0
83189,0
83190,0
83191,0
83192,0
83193,0
83194,0
83195,0
83196,0
83197,0
83198,0
83199,0
83200,0
83201,0
83202,0
83203,0
83204,0
83205,0
83206,0
83207,0
83208,0
83209,0
83210,0
83211,0
83212,0
83213,0
83214,0
83215,0
83216,0
83217,0
83218,0
83219,0
83220,0
83221,0
83222,0
83223,0
83224,0
83225,0
83226,0
83227,0
83228,18
83229,0
83230,0
83231,0
83232,0
83233,0
83234,0
83235,0
83236,0
83237,0
83238,0
83239,0
83240,0
83241,0
83242,0
83243,0
83244,0
83245,0
83246,0
83247,0
83248,0
83249,0
83250,0
83251,0
83252,0
83253,0
83254,0
83255,0
83256,0
83257,0
83258,30
83259,0
83260,0
83261,0
83262,0
83263,0
83264,0
83265,16
83266,0
83267,0
83268,0
83269,0
83270,0
83271,0
83272,0
83273,33
83274,0
83275,0
83276,0
83277,17
83278,0
83279,0
83280,0
83281,0
83282,0
83283,0
83284,0
83285,8
83286,0
83287,0
83288,0
83289,11
83290,0
83291,0
83292,0
83293,0
83294,0
83295,0
83296,0
83297,0
83298,0
83299,16
83300,0
83301,0
83302,0
83303,0
83304,0
83305,10
83306,14
83307,0
83308,0
83309,0
83310,0
83311,0
83312,13
83313,0
83314,0
83315,0
83316,0
83317,0
83318,0
83319,0
83320,0
83321,10
83322,0
83323,14
83324,0
83325,0
83326,0
83327,3
83328,0
83329,0
83330,0
83331,0
83332,0
83333,0
83334,0
83335,15
83336,0
83337,0
83338,0
83339,0
83340,0
83341,0
83342,0
83343,0
83344,0
83345,0
83346,0
83347,0
83348,0
83349,0
83350,0
83351,12
83352,0
83353,0
83354,0
83355,0
83356,0
83357,0
83358,9
83359,0
83360,0
83361,0
83362,6
83363,0
83364,0
83365,10
83366,0
83367,0
83368,0
83369,0
83370,0
83371,0
83372,0
83373,15
83374,0
83375,0
83376,0
83377,0
83378,0
83379,0
83380,0
83381,0
83382,0
83383,0
83384,0
83385,9
83386,0
83387,0
83388,0
83389,0
83390,0
83391,7
83392,0
83393,0
83394,0
83395,0
83396,14
83397,0
83398,0
83399,0
83400,0
83401,0
83402,11
83403,0
83404,0
83405,7
83406,8
83407,0
83408,0
83409,0
83410,0
83411,0
83412,0
83413,0
83414,0
83415,0
83416,0
83417,13
83418,0
83419,0
83420,0
83421,0
83422,0
83423,0
83424,0
83425,0
83426,0
83427,8
83428,0
83429,0
83430,0
83431,0
83432,0
83433,12
83434,0
83435,0
83436,11
83437,0
83438,0
83439,0
83440,0
83441,12
83442,17
83443,0
83444,0
83445,0
83446,0
83447,0
83448,6
83449,0
83450,0
83451,0
83452,0
83453,0
83454,17
83455,0
83456,0
83457,0
83458,0
83459,0
83460,0
83461,0
83462,0
83463,0
83464,0
83465,16
83466,0
83467,0
83468,0
83469,0
83470,10
83471,0
83472,0
83473,0
83474,0
83475,0
83476,0
83477,0
83478,0
83479,0
83480,0
83481,0
83482,0
83483,0
83484,0
83485,0
83486,13
83487,0
83488,0
83489,0
83490,0
83491,0
83492,0
83493,0
83494,0
83495,0
83496,0
83497,0
83498,0
83499,0
83500,0
83501,0
83502,0
83503,0
83504,0
83505,0
83506,0
83507,0
83508,0
83509,0
83510,0
83511,0
83512,0
83513,0
83514,6
83515,0
83516,15
83517,0
83518,0
83519,11
83520,0
83521,0
83522,0
83523,0
83524,0
83525,14
83526,0
83527,0
83528,11
83529,0
83530,0
83531,0
83532,0
83533,0
83534,0
83535,14
83536,0
83537,0
83538,0
83539,0
83540,0
83541,0
83542,12
83543,0
83544,11
83545,0
83546,0
83547,0
83548,4
83549,0
83550,0
83551,0
83552,0
83553,0
83554,0
83555,0
83556,4
83557,0
83558,0
83559,0
83560,5
83561,0
83562,0
83563,0
83564,0
83565,14
83566,0
83567,0
83568,0
83569,0
83570,0
83571,0
83572,0
83573,0
83574,0
83575,0
83576,0
83577,0
83578,0
83579,13
83580,0
83581,0
83582,0
83583,0
83584,9
83585,0
83586,0
83587,0
83588,8
83589,0
83590,0
83591,0
83592,0
83593,0
83594,0
83595,0
83596,14
83597,0
83598,0
83599,0
83600,0
83601,17
83602,0
83603,0
83604,0
83605,0
83606,0
83607,7
83608,0
83609,0
83610,0
83611,0
83612,0
83613,0
83614,0
83615,0
83616,12
83617,0
83618,0
83619,0
83620,0
83621,0
83622,0
83623,13
83624,0
83625,0
83626,0
83627,0
83628,0
83629,12
83630,0
83631,0
83632,0
83633,0
83634,0
83635,0
83636,0
83637,0
83638,0
83639,11
83640,0
83641,0
83642,20
83643,0
83644,0
83645,0
83646,11
83647,0
83648,0
83649,0
83650,0
83651,0
83652,20
83653,0
83654,0
83655,0
83656,0
83657,0
83658,0
83659,0
83660,0
83661,0
83662,0
83663,0
83664,0
83665,0
83666,11
83667,0
83668,0
83669,0
83670,0
83671,0
83672,0
83673,0
83674,0
83675,0
83676,0
83677,0
83678,0
83679,17
83680,6
83681,0
83682,12
83683,0
83684,0
83685,14
83686,0
83687,0
83688,0
83689,0
83690,0
83691,0
83692,0
83693,0
83694,0
83695,0
83696,0
83697,0
83698,0
83699,0
83700,0
83701,0
83702,0
83703,0
83704,0
83705,0
83706,0
83707,0
83708,0
83709,0
83710,0
83711,0
83712,0
83713,0
83714,0
83715,0
83716,0
83717,0
83718,0
83719,15
83720,0
83721,0
83722,0
83723,0
83724,0
83725,0
83726,0
83727,0
83728,0
83729,3
83730,0
83731,0
83732,0
83733,0
83734,0
83735,0
83736,11
83737,0
83738,0
83739,0
83740,0
83741,0
83742,13
83743,0
83744,10
83745,0
83746,0
83747,7
83748,12
83749,0
83750,11
83751,0
83752,0
83753,0
83754,0
83755,13
83756,0
83757,0
83758,11
83759,9
83760,0
83761,0
83762,0
83763,8
83764,0
83765,0
83766,0
83767,0
83768,0
83769,0
83770,0
83771,0
83772,0
83773,0
83774,0
83775,0
83776,0
83777,0
83778,0
83779,0
83780,0
83781,0
83782,0
83783,0
83784,0
83785,0
83786,0
83787,0
83788,0
83789,0
83790,0
83791,0
83792,0
83793,9
83794,0
83795,0
83796,11
83797,0
83798,0
83799,0
83800,0
83801,0
83802,0
83803,0
83804,0
83805,0
83806,0
83807,0
83808,0
83809,0
83810,0
83811,0
83812,0
83813,11
83814,0
83815,10
83816,0
83817,0
83818,0
83819,0
83820,0
83821,0
83822,0
83823,0
83824,0
83825,0
83826,0
83827,0
83828,0
83829,0
83830,0
83831,0
83832,0
83833,0
83834,0
83835,0
83836,0
83837,0
83838,8
83839,0
83840,0
83841,0
83842,5
83843,0
83844,0
83845,0
83846,0
83847,0
83848,0
83849,0
83850,0
83851,0
83852,0
83853,0
83854,0
83855,0
83856,0
83857,11
83858,0
83859,0
83860,0
83861,0
83862,0
83863,0
83864,0
83865,0
83866,0
83867,0
83868,0
83869,0
83870,0
83871,0
83872,0
83873,12
83874,0
83875,0
83876,0
83877,0
83878,15
83879,0
83880,0
83881,0
83882,0
83883,0
83884,0
83885,0
83886,0
83887,0
83888,0
83889,0
83890,0
83891,0
83892,0
83893,0
83894,0
83895,18
83896,0
83897,0
83898,0
83899,0
83900,0
83901,0
83902,0
83903,0
83904,0
83905,0
83906,10
83907,0
83908,0
83909,0
83910,0
83911,0
83912,0
83913,0
83914,0
83915,10
83916,0
83917,9
83918,0
83919,0
83920,0
83921,0
83922,0
83923,0
83924,11
83925,0
83926,0
83927,0
83928,12
83929,0
83930,0
83931,0
83932,11
83933,0
83934,0
83935,0
83936,0
83937,0
83938,0
83939,0
83940,0
83941,0
83942,6
83943,0
83944,10
83945,0
83946,8
83947,0
83948,0
83949,0
83950,0
83951,0
83952,0
83953,0
83954,0
83955,0
83956,0
83957,0
83958,0
83959,8
83960,0
83961,0
83962,0
83963,0
83964,10
83965,0
83966,0
83967,0
83968,9
83969,0
83970,11
83971,0
83972,13
83973,0
83974,0
83975,0
83976,11
83977,0
83978,0
83979,14
83980,0
83981,0
83982,0
83983,0
83984,0
83985,0
83986,0
83987,0
83988,18
83989,0
83990,0
83991,0
83992,0
83993,0
83994,0
83995,0
83996,0
83997,0
83998,0
83999,22
84000,27
84001,0
84002,0
84003,0
84004,0
84005,0
84006,0
84007,0
84008,0
84009,0
84010,0
84011,32
84012,0
84013,0
84014,0
84015,0
84016,20
84017,0
84018,0
84019,0
84020,0
84021,0
84022,0
84023,25
84024,0
84025,0
84026,19
84027,0
84028,0
84029,0
84030,0
84031,0
84032,0
84033,17
84034,0
84035,0
84036,0
84037,0
84038,21
84039,0
84040,0
84041,0
84042,0
84043,0
84044,0
84045,0
84046,0
84047,0
84048,0
84049,0
84050,0
84051,0
84052,0
84053,0
84054,0
84055,0
84056,0
84057,24
84058,0
84059,0
84060,0
84061,22
84062,0
84063,0
84064,0
84065,0
84066,0
84067,0
84068,27
84069,0
84070,29
84071,0
84072,0
84073,0
84074,0
84075,0
84076,22
84077,0
84078,0
84079,23
84080,0
84081,0
84082,0
84083,0
84084,19
84085,0
84086,0
84087,0
84088,0
84089,27
84090,33
84091,0
84092,0
84093,23
84094,0
84095,0
84096,0
84097,0
84098,0
84099,0
84100,0
84101,0
84102,0
84103,0
84104,0
84105,0
84106,0
84107,0
84108,0
84109,0
84110,0
84111,0
84112,0
84113,0
84114,0
84115,0
84116,30
84117,0
84118,0
84119,0
84120,0
84121,0
84122,0
84123,0
84124,0
84125,0
84126,0
84127,0
84128,0
84129,0
84130,0
84131,33
84132,0
84133,16
84134,0
84135,0
84136,0
84137,30
84138,13
84139,0
84140,0
84141,21
84142,0
84143,0
84144,0
84145,0
84146,0
84147,11
84148,0
84149,0
84150,0
84151,0
84152,0
84153,0
84154,0
84155,0
84156,0
84157,0
84158,0
84159,0
84160,0
84161,0
84162,0
84163,0
84164,0
84165,18
84166,0
84167,0
84168,0
84169,36
84170,0
84171,0
84172,0
84173,0
84174,0
84175,0
84176,0
84177,0
84178,0
84179,0
84180,20
84181,0
84182,0
84183,0
84184,0
84185,0
84186,0
84187,0
84188,23
84189,29
84190,0
84191,26
84192,0
84193,16
84194,0
84195,26
84196,26
84197,0
84198,0
84199,0
84200,0
84201,0
84202,0
84203,0
84204,0
84205,0
84206,23
84207,0
84208,0
84209,0
84210,0
84211,0
84212,0
84213,0
84214,0
84215,0
84216,0
84217,0
84218,0
84219,0
84220,33
84221,0
84222,17
84223,0
84224,0
84225,0
84226,0
84227,0
84228,0
84229,0
84230,0
84231,0
84232,0
84233,0
84234,0
84235,0
84236,0
84237,0
84238,0
84239,0
84240,0
84241,0
84242,0
84243,0
84244,23
84245,0
84246,0
84247,31
84248,0
84249,0
84250,0
84251,0
84252,0
84253,0
84254,0
84255,0
84256,0
84257,0
84258,0
84259,0
84260,23
84261,0
84262,0
84263,0
84264,28
84265,0
84266,0
84267,0
84268,0
84269,0
84270,0
84271,0
84272,0
84273,0
84274,20
84275,25
84276,0
84277,0
84278,0
84279,0
84280,0
84281,0
84282,0
84283,0
84284,0
84285,36
84286,0
84287,17
84288,0
84289,0
84290,0
84291,22
84292,0
84293,0
84294,0
84295,0
84296,19
84297,20
84298,0
84299,0
84300,0
84301,0
84302,0
84303,0
84304,0
84305,0
84306,0
84307,24
84308,0
84309,0
84310,24
84311,0
84312,0
84313,0
84314,0
84315,0
84316,20
84317,0
84318,0
84319,0
84320,0
84321,0
84322,0
84323,0
84324,0
84325,33
84326,19
84327,0
84328,0
84329,0
84330,0
84331,21
84332,0
84333,0
84334,0
84335,0
84336,15
84337,0
84338,0
84339,0
84340,0
84341,0
84342,17
84343,0
84344,0
84345,0
84346,0
84347,0
84348,0
84349,16
84350,0
84351,35
84352,0
84353,25
84354,23
84355,0
84356,0
84357,0
84358,0
84359,25
84360,0
84361,23
84362,34
84363,0
84364,0
84365,0
84366,0
84367,26
84368,0
84369,0
84370,0
84371,0
84372,0
84373,0
84374,13
84375,0
84376,0
84377,0
84378,0
84379,0
84380,0
84381,0
84382,16
84383,24
84384,0
84385,0
84386,16
84387,37
84388,0
84389,0
84390,28
84391,21
84392,0
84393,0
84394,0
84395,17
84396,34
84397,0
84398,0
84399,0
84400,0
84401,0
84402,34
84403,0
84404,0
84405,0
84406,0
84407,0
84408,0
84409,0
84410,0
84411,0
84412,24
84413,0
84414,0
84415,32
84416,0
84417,0
84418,0
84419,0
84420,0
84421,0
84422,0
84423,0
84424,0
84425,0
84426,0
84427,0
84428,0
84429,0
84430,0
84431,0
84432,0
84433,0
84434,0
84435,0
84436,0
84437,0
84438,0
84439,0
84440,0
84441,0
84442,0
84443,0
84444,0
84445,0
84446,0
84447,30
84448,17
84449,24
84450,0
84451,0
84452,16
84453,0
84454,0
84455,28
84456,13
84457,0
84458,0
84459,0
84460,0
84461,0
84462,19
84463,0
84464,0
84465,0
84466,0
84467,0
84468,22
84469,0
84470,0
84471,0
84472,0
84473,0
84474,0
84475,0
84476,32
84477,11
84478,0
84479,19
84480,0
84481,0
84482,0
84483,0
84484,0
84485,15
84486,0
84487,0
84488,0
84489,24
84490,27
84491,0
84492,0
84493,0
84494,0
84495,0
84496,13
84497,0
84498,0
84499,0
84500,0
84501,0
84502,0
84503,23
84504,0
84505,0
84506,0
84507,27
84508,0
84509,0
84510,0
84511,0
84512,18
84513,0
84514,31
84515,0
84516,0
84517,21
84518,0
84519,0
84520,0
84521,23
84522,0
84523,0
84524,0
84525,0
84526,0
84527,0
84528,0
84529,0
84530,0
84531,0
84532,0
84533,0
84534,0
84535,0
84536,0
84537,0
84538,0
84539,0
84540,0
84541,0
84542,0
84543,0
84544,0
84545,21
84546,0
84547,0
84548,0
84549,0
84550,0
84551,0
84552,18
84553,0
84554,0
84555,0
84556,0
84557,0
84558,0
84559,0
84560,0
84561,0
84562,0
84563,0
84564,0
84565,0
84566,33
84567,0
84568,0
84569,0
84570,0
84571,0
84572,21
84573,0
84574,0
84575,0
84576,0
84577,21
84578,0
84579,0
84580,0
84581,0
84582,19
84583,0
84584,35
84585,17
84586,0
84587,0
84588,0
84589,22
84590,0
84591,0
84592,0
84593,0
84594,0
84595,31
84596,0
84597,0
84598,0
84599,0
84600,0
84601,0
84602,16
84603,0
84604,22
84605,0
84606,0
84607,0
84608,0
84609,24
84610,0
84611,0
84612,23
84613,35
84614,0
84615,0
84616,0
84617,32
84618,0
84619,0
84620,0
84621,0
84622,0
84623,0
84624,0
84625,0
84626,0
84627,15
84628,0
84629,0
84630,0
84631,0
84632,0
84633,0
84634,0
84635,0
84636,0
84637,0
84638,0
84639,30
84640,0
84641,34
84642,0
84643,0
84644,0
84645,0
84646,16
84647,0
84648,0
84649,0
84650,20
84651,0
84652,0
84653,0
84654,21
84655,17
84656,0
84657,0
84658,0
84659,0
84660,0
84661,0
84662,0
84663,0
84664,0
84665,30
84666,0
84667,0
84668,19
84669,0
84670,13
84671,0
84672,0
84673,14
84674,0
84675,0
84676,16
84677,0
84678,0
84679,31
84680,0
84681,0
84682,0
84683,0
84684,0
84685,0
84686,0
84687,0
84688,33
84689,0
84690,0
84691,0
84692,18
84693,0
84694,0
84695,0
84696,0
84697,0
84698,13
84699,0
84700,0
84701,0
84702,0
84703,24
84704,19
84705,42
84706,0
84707,34
84708,0
84709,0
84710,0
84711,0
84712,0
84713,0
84714,0
84715,0
84716,0
84717,0
84718,0
84719,0
84720,24
84721,0
84722,35
84723,0
84724,0
84725,0
84726,0
84727,0
84728,0
84729,0
84730,0
84731,0
84732,20
84733,0
84734,0
84735,27
84736,0
84737,0
84738,0
84739,0
84740,0
84741,21
84742,0
84743,0
84744,0
84745,0
84746,0
84747,0
84748,0
84749,0
84750,0
84751,16
84752,0
84753,0
84754,0
84755,0
84756,0
84757,21
84758,0
84759,0
84760,0
84761,0
84762,0
84763,0
84764,0
84765,18
84766,0
84767,0
84768,0
84769,0
84770,0
84771,0
84772,0
84773,0
84774,0
84775,0
84776,0
84777,0
84778,0
84779,23
84780,0
84781,0
84782,0
84783,28
84784,0
84785,0
84786,0
84787,0
84788,0
84789,0
84790,20
84791,0
84792,0
84793,0
84794,0
84795,27
84796,0
84797,0
84798,24
84799,0
84800,0
84801,20
84802,29
84803,29
84804,0
84805,0
84806,0
84807,12
84808,0
84809,0
84810,23
84811,0
84812,20
84813,0
84814,0
84815,0
84816,0
84817,0
84818,0
84819,0
84820,0
84821,0
84822,0
84823,0
84824,20
84825,0
84826,0
84827,0
84828,0
84829,0
84830,0
84831,0
84832,38
84833,0
84834,38
84835,0
84836,0
84837,0
84838,0
84839,22
84840,0
84841,16
84842,0
84843,0
84844,25
84845,0
84846,0
84847,0
84848,0
84849,0
84850,0
84851,0
84852,14
84853,0
84854,0
84855,0
84856,0
84857,0
84858,0
84859,0
84860,0
84861,22
84862,0
84863,0
84864,0
84865,0
84866,12
84867,0
84868,0
84869,19
84870,0
84871,0
84872,20
84873,13
84874,0
84875,0
84876,0
84877,0
84878,0
84879,0
84880,0
84881,0
84882,0
84883,29
84884,0
84885,0
84886,22
84887,0
84888,0
84889,0
84890,0
84891,0
84892,0
84893,0
84894,0
84895,0
84896,0
84897,0
84898,0
84899,0
84900,0
84901,0
84902,0
84903,29
84904,0
84905,0
84906,0
84907,14
84908,0
84909,0
84910,0
84911,0
84912,0
84913,29
84914,0
84915,0
84916,0
84917,0
84918,0
84919,36
84920,45
84921,0
84922,0
84923,0
84924,0
84925,0
84926,0
84927,0
84928,0
84929,0
84930,0
84931,16
84932,0
84933,0
84934,18
84935,0
84936,0
84937,23
84938,26
84939,0
84940,0
84941,0
84942,0
84943,0
84944,0
84945,0
84946,0
84947,0
84948,0
84949,0
84950,0
84951,0
84952,0
84953,0
84954,24
84955,0
84956,0
84957,0
84958,0
84959,20
84960,0
84961,18
84962,0
84963,0
84964,0
84965,20
84966,15
84967,0
84968,0
84969,0
84970,0
84971,0
84972,0
84973,0
84974,30
84975,0
84976,0
84977,0
84978,5
84979,0
84980,0
84981,4
84982,0
84983,0
84984,0
84985,0
84986,0
84987,0
84988,0
84989,0
84990,0
84991,0
84992,6
84993,0
84994,0
84995,8
84996,0
84997,0
84998,0
84999,0
85000,0
85001,0
85002,0
85003,0
85004,0
85005,0
85006,0
85007,0
85008,0
85009,0
85010,0
85011,0
85012,0
85013,0
85014,0
85015,0
85016,0
85017,0
85018,0
85019,0
85020,0
85021,0
85022,0
85023,0
85024,0
85025,0
85026,0
85027,0
85028,0
85029,0
85030,0
85031,0
85032,0
85033,0
85034,0
85035,0
85036,0
85037,0
85038,0
85039,0
85040,0
85041,0
85042,0
85043,0
85044,0
85045,0
85046,0
85047,0
85048,0
85049,0
85050,0
85051,0
85052,0
85053,0
85054,0
85055,0
85056,0
85057,0
85058,0
85059,0
85060,0
85061,0
85062,0
85063,0
85064,0
85065,0
85066,6
85067,0
85068,0
85069,0
85070,4
85071,0
85072,0
85073,0
85074,3
85075,0
85076,0
85077,0
85078,0
85079,0
85080,0
85081,0
85082,0
85083,0
85084,0
85085,0
85086,0
85087,0
85088,0
85089,0
85090,0
85091,0
85092,8
85093,0
85094,0
85095,3
85096,3
85097,0
85098,0
85099,8
85100,0
85101,0
85102,0
85103,0
85104,0
85105,0
85106,0
85107,0
85108,0
85109,0
85110,0
85111,0
85112,0
85113,0
85114,0
85115,0
85116,0
85117,0
85118,0
85119,0
85120,0
85121,0
85122,0
85123,0
85124,0
85125,6
85126,0
85127,0
85128,0
85129,0
85130,0
85131,0
85132,0
85133,0
85134,0
85135,0
85136,0
85137,0
85138,0
85139,0
85140,0
85141,0
85142,0
85143,11
85144,0
85145,0
85146,5
85147,0
85148,0
85149,0
85150,0
85151,0
85152,0
85153,0
85154,10
85155,0
85156,0
85157,0
85158,0
85159,0
85160,0
85161,0
85162,0
85163,0
85164,0
85165,0
85166,0
85167,0
85168,8
85169,4
85170,0
85171,0
85172,0
85173,0
85174,0
85175,0
85176,0
85177,0
85178,0
85179,0
85180,0
85181,0
85182,0
85183,0
85184,0
85185,6
85186,0
85187,0
85188,4
85189,0
85190,0
85191,0
85192,0
85193,3
85194,0
85195,0
85196,0
85197,0
85198,0
85199,0
85200,3
85201,0
85202,0
85203,8
85204,0
85205,0
85206,13
85207,0
85208,0
85209,0
85210,0
85211,0
85212,9
85213,0
85214,0
85215,0
85216,0
85217,0
85218,0
85219,0
85220,0
85221,0
85222,8
85223,0
85224,0
85225,4
85226,0
85227,0
85228,0
85229,0
85230,0
85231,0
85232,0
85233,0
85234,0
85235,0
85236,0
85237,0
85238,0
85239,0
85240,0
85241,0
85242,0
85243,0
85244,0
85245,0
85246,0
85247,0
85248,0
85249,0
85250,12
85251,7
85252,0
85253,0
85254,0
85255,0
85256,0
85257,0
85258,0
85259,0
85260,0
85261,0
85262,0
85263,0
85264,4
85265,0
85266,0
85267,0
85268,0
85269,0
85270,0
85271,0
85272,0
85273,0
85274,0
85275,0
85276,0
85277,0
85278,0
85279,5
85280,0
85281,0
85282,0
85283,0
85284,0
85285,0
85286,0
85287,0
85288,0
85289,0
85290,0
85291,0
85292,0
85293,0
85294,0
85295,0
85296,0
85297,0
85298,0
85299,0
85300,0
85301,0
85302,0
85303,0
85304,0
85305,0
85306,0
85307,5
85308,0
85309,0
85310,0
85311,0
85312,7
85313,0
85314,0
85315,0
85316,7
85317,0
85318,7
85319,0
85320,0
85321,0
85322,0
85323,0
85324,0
85325,0
85326,0
85327,0
85328,0
85329,0
85330,0
85331,0
85332,9
85333,0
85334,0
85335,0
85336,0
85337,0
85338,0
85339,0
85340,0
85341,0
85342,7
85343,0
85344,0
85345,0
85346,0
85347,0
85348,0
85349,0
85350,0
85351,0
85352,0
85353,0
85354,0
85355,0
85356,0
85357,0
85358,0
85359,3
85360,0
85361,0
85362,0
85363,0
85364,0
85365,0
85366,0
85367,0
85368,0
85369,0
85370,0
85371,0
85372,0
85373,0
85374,8
85375,0
85376,0
85377,0
85378,0
85379,0
85380,0
85381,0
85382,0
85383,0
85384,0
85385,0
85386,0
85387,0
85388,0
85389,0
85390,1
85391,0
85392,0
85393,0
85394,0
85395,0
85396,0
85397,0
85398,6
85399,0
85400,0
85401,0
85402,0
85403,0
85404,0
85405,3
85406,0
85407,0
85408,8
85409,4
85410,0
85411,0
85412,0
85413,0
85414,0
85415,0
85416,0
85417,0
85418,0
85419,0
85420,0
85421,2
85422,0
85423,0
85424,0
85425,0
85426,0
85427,0
85428,0
85429,3
85430,8
85431,0
85432,0
85433,0
85434,0
85435,0
85436,0
85437,0
85438,0
85439,0
85440,0
85441,0
85442,0
85443,0
85444,0
85445,0
85446,0
85447,0
85448,0
85449,0
85450,0
85451,0
85452,0
85453,0
85454,0
85455,0
85456,0
85457,7
85458,0
85459,0
85460,0
85461,0
85462,0
85463,0
85464,0
85465,0
85466,5
85467,0
85468,0
85469,0
85470,0
85471,0
85472,0
85473,0
85474,0
85475,0
85476,0
85477,0
85478,0
85479,0
85480,0
85481,0
85482,0
85483,8
85484,0
85485,0
85486,0
85487,6
85488,0
85489,0
85490,11
85491,0
85492,0
85493,0
85494,0
85495,8
85496,0
85497,0
85498,0
85499,4
85500,0
85501,0
85502,0
85503,0
85504,5
85505,11
85506,0
85507,7
85508,0
85509,0
85510,0
85511,0
85512,0
85513,0
85514,0
85515,0
85516,0
85517,0
85518,0
85519,0
85520,5
85521,0
85522,0
85523,0
85524,0
85525,0
85526,8
85527,0
85528,0
85529,0
85530,0
85531,0
85532,0
85533,0
85534,0
85535,0
85536,0
85537,0
85538,5
85539,0
85540,0
85541,0
85542,0
85543,5
85544,0
85545,0
85546,7
85547,0
85548,3
85549,0
85550,0
85551,0
85552,5
85553,0
85554,0
85555,0
85556,11
85557,0
85558,0
85559,0
85560,0
85561,0
85562,0
85563,0
85564,2
85565,0
85566,0
85567,0
85568,8
85569,0
85570,0
85571,0
85572,0
85573,0
85574,0
85575,0
85576,7
85577,0
85578,0
85579,0
85580,0
85581,0
85582,0
85583,0
85584,0
85585,0
85586,0
85587,0
85588,0
85589,0
85590,6
85591,0
85592,0
85593,0
85594,0
85595,0
85596,0
85597,0
85598,0
85599,0
85600,0
85601,0
85602,0
85603,0
85604,5
85605,6
85606,0
85607,0
85608,0
85609,0
85610,0
85611,0
85612,0
85613,0
85614,0
85615,7
85616,0
85617,0
85618,0
85619,0
85620,7
85621,9
85622,0
85623,0
85624,0
85625,0
85626,0
85627,0
85628,0
85629,2
85630,0
85631,0
85632,5
85633,0
85634,0
85635,0
85636,0
85637,0
85638,0
85639,6
85640,0
85641,0
85642,0
85643,0
85644,0
85645,0
85646,11
85647,0
85648,0
85649,0
85650,0
85651,0
85652,0
85653,0
85654,0
85655,0
85656,0
85657,0
85658,0
85659,0
85660,0
85661,0
85662,0
85663,0
85664,0
85665,0
85666,0
85667,0
85668,0
85669,0
85670,5
85671,5
85672,0
85673,0
85674,0
85675,0
85676,0
85677,7
85678,0
85679,0
85680,0
85681,8
85682,0
85683,0
85684,0
85685,0
85686,0
85687,0
85688,0
85689,0
85690,0
85691,4
85692,0
85693,6
85694,5
85695,0
85696,0
85697,0
85698,0
85699,0
85700,0
85701,0
85702,0
85703,0
85704,0
85705,0
85706,4
85707,5
85708,0
85709,10
85710,6
85711,0
85712,7
85713,0
85714,0
85715,3
85716,0
85717,0
85718,0
85719,0
85720,0
85721,0
85722,0
85723,0
85724,0
85725,0
85726,0
85727,0
85728,0
85729,0
85730,0
85731,0
85732,0
85733,0
85734,0
85735,0
85736,0
85737,0
85738,0
85739,0
85740,0
85741,0
85742,0
85743,0
85744,0
85745,0
85746,0
85747,4
85748,10
85749,0
85750,0
85751,0
85752,0
85753,0
85754,0
85755,9
85756,0
85757,0
85758,7
85759,0
85760,0
85761,0
85762,0
85763,0
85764,0
85765,0
85766,0
85767,0
85768,0
85769,0
85770,0
85771,0
85772,0
85773,0
85774,0
85775,0
85776,0
85777,0
85778,0
85779,0
85780,0
85781,0
85782,0
85783,0
85784,0
85785,0
85786,2
85787,0
85788,0
85789,0
85790,0
85791,0
85792,0
85793,0
85794,0
85795,0
85796,0
85797,0
85798,0
85799,0
85800,0
85801,0
85802,4
85803,0
85804,0
85805,0
85806,0
85807,0
85808,0
85809,0
85810,0
85811,0
85812,0
85813,0
85814,0
85815,0
85816,0
85817,0
85818,0
85819,0
85820,0
85821,0
85822,0
85823,0
85824,0
85825,0
85826,0
85827,0
85828,0
85829,0
85830,0
85831,0
85832,0
85833,0
85834,0
85835,0
85836,0
85837,0
85838,0
85839,5
85840,0
85841,6
85842,0
85843,0
85844,0
85845,0
85846,0
85847,7
85848,0
85849,0
85850,0
85851,0
85852,0
85853,0
85854,0
85855,0
85856,7
85857,0
85858,0
85859,0
85860,4
85861,0
85862,0
85863,0
85864,0
85865,0
85866,0
85867,0
85868,0
85869,0
85870,0
85871,0
85872,0
85873,0
85874,3
85875,0
85876,0
85877,0
85878,0
85879,0
85880,0
85881,0
85882,0
85883,0
85884,0
85885,2
85886,6
85887,0
85888,0
85889,0
85890,0
85891,0
85892,0
85893,0
85894,0
85895,0
85896,0
85897,0
85898,0
85899,0
85900,0
85901,0
85902,8
85903,0
85904,0
85905,0
85906,0
85907,0
85908,0
85909,0
85910,0
85911,0
85912,0
85913,0
85914,0
85915,0
85916,0
85917,0
85918,0
85919,0
85920,0
85921,0
85922,0
85923,0
85924,0
85925,0
85926,0
85927,0
85928,0
85929,0
85930,0
85931,0
85932,0
85933,0
85934,0
85935,0
85936,0
85937,0
85938,0
85939,0
85940,0
85941,0
85942,0
85943,0
85944,0
85945,0
85946,0
85947,0
85948,0
85949,0
85950,0
85951,0
85952,0
85953,0
85954,0
85955,0
85956,0
85957,0
85958,0
85959,0
85960,0
85961,0
85962,3
85963,7
85964,0
85965,0
85966,0
85967,0
85968,0
85969,0
85970,0
85971,0
85972,0
85973,0
85974,0
85975,0
85976,0
85977,0
85978,0
85979,0
85980,0
85981,0
85982,0
85983,0
85984,0
85985,7
85986,0
85987,0
85988,0
85989,11
85990,0
85991,0
85992,0
85993,0
85994,0
85995,0
85996,0
85997,7
85998,0
85999,0
86000,0
86001,0
86002,0
86003,0
86004,0
86005,0
86006,0
86007,0
86008,0
86009,0
86010,0
86011,0
86012,0
86013,0
86014,0
86015,0
86016,0
86017,0
86018,0
86019,0
86020,0
86021,0
86022,0
86023,0
86024,0
86025,0
86026,0
86027,0
86028,0
86029,0
86030,0
86031,0
86032,0
86033,0
86034,0
86035,0
86036,0
86037,0
86038,0
86039,0
86040,0
86041,0
86042,0
86043,0
86044,0
86045,0
86046,0
86047,0
86048,0
86049,0
86050,0
86051,0
86052,0
86053,0
86054,0
86055,0
86056,0
86057,0
86058,0
86059,0
86060,0
86061,0
86062,0
86063,0
86064,0
86065,0
86066,0
86067,0
86068,0
86069,0
86070,0
86071,0
86072,0
86073,0
86074,0
86075,0
86076,0
86077,0
86078,0
86079,0
86080,0
86081,0
86082,0
86083,0
86084,0
86085,0
86086,8
86087,0
86088,0
86089,0
86090,0
86091,0
86092,0
86093,0
86094,0
86095,0
86096,0
86097,0
86098,0
86099,7
86100,0
86101,0
86102,0
86103,0
86104,0
86105,0
86106,0
86107,0
86108,0
86109,0
86110,0
86111,0
86112,0
86113,0
86114,0
86115,0
86116,0
86117,6
86118,0
86119,0
86120,0
86121,0
86122,0
86123,0
86124,0
86125,0
86126,0
86127,0
86128,0
86129,0
86130,0
86131,0
86132,0
86133,0
86134,0
86135,0
86136,0
86137,0
86138,0
86139,0
86140,0
86141,0
86142,0
86143,0
86144,0
86145,0
86146,0
86147,3
86148,0
86149,0
86150,0
86151,0
86152,5
86153,0
86154,0
86155,0
86156,0
86157,0
86158,0
86159,0
86160,0
86161,0
86162,0
86163,0
86164,0
86165,0
86166,0
86167,0
86168,0
86169,0
86170,0
86171,0
86172,0
86173,0
86174,0
86175,0
86176,0
86177,0
86178,0
86179,0
86180,0
86181,0
86182,0
86183,0
86184,0
86185,0
86186,0
86187,0
86188,0
86189,0
86190,0
86191,0
86192,0
86193,0
86194,0
86195,0
86196,0
86197,0
86198,0
86199,0
86200,0
86201,0
86202,0
86203,0
86204,0
86205,0
86206,0
86207,0
86208,0
86209,0
86210,0
86211,0
86212,0
86213,0
86214,0
86215,0
86216,8
86217,0
86218,0
86219,0
86220,0
86221,0
86222,0
86223,0
86224,11
86225,0
86226,0
86227,3
86228,0
86229,0
86230,0
86231,0
86232,0
86233,0
86234,0
86235,0
86236,1
86237,0
86238,0
86239,0
86240,0
86241,0
86242,0
86243,0
86244,0
86245,0
86246,0
86247,0
86248,0
86249,0
86250,0
86251,0
86252,0
86253,0
86254,0
86255,0
86256,0
86257,0
86258,0
86259,0
86260,0
86261,0
86262,0
86263,0
86264,0
86265,0
86266,0
86267,0
86268,0
86269,0
86270,0
86271,0
86272,0
86273,0
86274,0
86275,0
86276,0
86277,0
86278,0
86279,0
86280,0
86281,0
86282,0
86283,0
86284,0
86285,0
86286,0
86287,0
86288,0
86289,0
86290,0
86291,0
86292,0
86293,0
86294,0
86295,0
86296,0
86297,0
86298,0
86299,0
86300,0
86301,0
86302,0
86303,0
86304,0
86305,0
86306,0
86307,0
86308,0
86309,0
86310,0
86311,0
86312,0
86313,0
86314,0
86315,0
86316,0
86317,0
86318,0
86319,8
86320,2
86321,0
86322,0
86323,0
86324,0
86325,0
86326,0
86327,0
86328,0
86329,0
86330,0
86331,0
86332,0
86333,0
86334,0
86335,0
86336,0
86337,5
86338,0
86339,7
86340,0
86341,6
86342,0
86343,0
86344,0
86345,0
86346,0
86347,0
86348,0
86349,0
86350,0
86351,0
86352,0
86353,0
86354,0
86355,0
86356,0
86357,0
86358,0
86359,0
86360,6
86361,0
86362,0
86363,1
86364,0
86365,0
86366,0
86367,0
86368,0
86369,0
86370,0
86371,0
86372,0
86373,0
86374,0
86375,0
86376,0
86377,0
86378,0
86379,0
86380,0
86381,0
86382,0
86383,0
86384,0
86385,0
86386,0
86387,0
86388,0
86389,0
86390,0
86391,12
86392,8
86393,0
86394,0
86395,0
86396,0
86397,0
86398,0
86399,0
86400,0
86401,0
86402,0
86403,0
86404,0
86405,0
86406,0
86407,0
86408,0
86409,0
86410,0
86411,0
86412,0
86413,0
86414,0
86415,0
86416,0
86417,0
86418,0
86419,0
86420,0
86421,0
86422,0
86423,0
86424,0
86425,0
86426,0
86427,0
86428,0
86429,0
86430,0
86431,0
86432,0
86433,0
86434,0
86435,0
86436,0
86437,0
86438,0
86439,0
86440,0
86441,0
86442,0
86443,0
86444,0
86445,0
86446,0
86447,0
86448,0
86449,0
86450,0
86451,0
86452,0
86453,0
86454,0
86455,0
86456,0
86457,0
86458,0
86459,0
86460,0
86461,0
86462,0
86463,0
86464,0
86465,0
86466,0
86467,0
86468,0
86469,0
86470,0
86471,0
86472,0
86473,0
86474,0
86475,0
86476,0
86477,0
86478,0
86479,0
86480,0
86481,0
86482,0
86483,0
86484,0
86485,0
86486,0
86487,0
86488,0
86489,0
86490,0
86491,0
86492,6
86493,0
86494,0
86495,0
86496,0
86497,0
86498,0
86499,0
86500,0
86501,0
86502,0
86503,0
86504,0
86505,0
86506,0
86507,21
86508,0
86509,0
86510,0
86511,0
86512,31
86513,31
86514,0
86515,0
86516,0
86517,0
86518,0
86519,0
86520,53
86521,22
86522,0
86523,0
86524,0
86525,0
86526,0
86527,0
86528,0
86529,0
86530,0
86531,0
86532,0
86533,0
86534,0
86535,0
86536,0
86537,0
86538,0
86539,0
86540,44
86541,40
86542,0
86543,0
86544,0
86545,0
86546,0
86547,0
86548,0
86549,0
86550,0
86551,0
86552,0
86553,0
86554,0
86555,26
86556,0
86557,0
86558,0
86559,0
86560,0
86561,26
86562,0
86563,0
86564,25
86565,0
86566,0
86567,0
86568,0
86569,0
86570,0
86571,58
86572,0
86573,0
86574,0
86575,0
86576,30
86577,0
86578,0
86579,0
86580,0
86581,0
86582,0
86583,0
86584,0
86585,0
86586,0
86587,0
86588,0
86589,0
86590,0
86591,0
86592,0
86593,0
86594,0
86595,41
86596,0
86597,39
86598,32
86599,38
86600,0
86601,33
86602,0
86603,0
86604,0
86605,0
86606,0
86607,0
86608,0
86609,0
86610,0
86611,47
86612,0
86613,0
86614,0
86615,0
86616,30
86617,0
86618,0
86619,0
86620,0
86621,0
86622,0
86623,0
86624,0
86625,0
86626,0
86627,0
86628,0
86629,0
86630,0
86631,0
86632,0
86633,0
86634,0
86635,0
86636,28
86637,0
86638,0
86639,0
86640,0
86641,0
86642,0
86643,0
86644,0
86645,0
86646,28
86647,0
86648,0
86649,0
86650,0
86651,0
86652,0
86653,0
86654,34
86655,0
86656,0
86657,0
86658,40
86659,0
86660,0
86661,0
86662,0
86663,0
86664,0
86665,0
86666,0
86667,0
86668,0
86669,0
86670,0
86671,0
86672,0
86673,0
86674,15
86675,0
86676,42
86677,0
86678,0
86679,0
86680,0
86681,0
86682,0
86683,0
86684,0
86685,0
86686,32
86687,0
86688,0
86689,0
86690,0
86691,0
86692,0
86693,0
86694,0
86695,48
86696,0
86697,47
86698,0
86699,0
86700,0
86701,0
86702,0
86703,23
86704,0
86705,33
86706,0
86707,0
86708,0
86709,0
86710,0
86711,0
86712,0
86713,0
86714,0
86715,0
86716,0
86717,50
86718,39
86719,0
86720,0
86721,25
86722,0
86723,0
86724,0
86725,0
86726,0
86727,0
86728,0
86729,0
86730,0
86731,0
86732,0
86733,0
86734,0
86735,0
86736,29
86737,0
86738,34
86739,0
86740,0
86741,36
86742,18
86743,22
86744,0
86745,0
86746,0
86747,25
86748,0
86749,0
86750,0
86751,0
86752,0
86753,0
86754,0
86755,0
86756,0
86757,0
86758,0
86759,21
86760,0
86761,0
86762,0
86763,30
86764,0
86765,0
86766,0
86767,44
86768,0
86769,0
86770,32
86771,0
86772,0
86773,26
86774,18
86775,23
86776,26
86777,0
86778,0
86779,0
86780,0
86781,0
86782,0
86783,0
86784,0
86785,0
86786,0
86787,0
86788,0
86789,47
86790,0
86791,0
86792,0
86793,0
86794,0
86795,0
86796,0
86797,0
86798,0
86799,0
86800,0
86801,0
86802,0
86803,0
86804,32
86805,0
86806,0
86807,0
86808,0
86809,0
86810,0
86811,25
86812,0
86813,39
86814,0
86815,0
86816,0
86817,29
86818,38
86819,0
86820,0
86821,0
86822,0
86823,0
86824,0
86825,48
86826,0
86827,0
86828,0
86829,0
86830,0
86831,0
86832,0
86833,0
86834,0
86835,0
86836,24
86837,0
86838,0
86839,0
86840,32
86841,23
86842,0
86843,39
86844,0
86845,19
86846,0
86847,0
86848,28
86849,0
86850,0
86851,0
86852,0
86853,0
86854,0
86855,0
86856,0
86857,0
86858,0
86859,0
86860,0
86861,0
86862,0
86863,0
86864,0
86865,0
86866,0
86867,0
86868,0
86869,0
86870,0
86871,22
86872,0
86873,0
86874,0
86875,0
86876,0
86877,0
86878,0
86879,0
86880,0
86881,0
86882,0
86883,0
86884,0
86885,7
86886,0
86887,0
86888,0
86889,0
86890,0
86891,0
86892,0
86893,0
86894,0
86895,0
86896,0
86897,0
86898,19
86899,0
86900,0
86901,12
86902,0
86903,0
86904,0
86905,0
86906,0
86907,0
86908,20
86909,0
86910,7
86911,15
86912,0
86913,0
86914,0
86915,0
86916,0
86917,0
86918,0
86919,0
86920,0
86921,0
86922,0
86923,0
86924,0
86925,0
86926,0
86927,0
86928,0
86929,0
86930,0
86931,0
86932,6
86933,0
86934,0
86935,0
86936,0
86937,6
86938,0
86939,0
86940,0
86941,0
86942,0
86943,0
86944,0
86945,0
86946,0
86947,0
86948,0
86949,11
86950,0
86951,0
86952,0
86953,0
86954,8
86955,0
86956,0
86957,0
86958,0
86959,0
86960,0
86961,0
86962,0
86963,0
86964,0
86965,0
86966,0
86967,21
86968,0
86969,0
86970,0
86971,0
86972,0
86973,0
86974,0
86975,0
86976,0
86977,0
86978,0
86979,15
86980,0
86981,7
86982,0
86983,0
86984,0
86985,0
86986,0
86987,0
86988,0
86989,0
86990,0
86991,0
86992,0
86993,0
86994,0
86995,0
86996,0
86997,0
86998,0
86999,0
87000,0
87001,0
87002,14
87003,0
87004,8
87005,12
87006,0
87007,14
87008,0
87009,18
87010,0
87011,14
87012,0
87013,0
87014,0
87015,0
87016,0
87017,0
87018,0
87019,16
87020,13
87021,16
87022,15
87023,0
87024,21
87025,12
87026,0
87027,0
87028,8
87029,0
87030,0
87031,0
87032,0
87033,11
87034,0
87035,0
87036,0
87037,0
87038,0
87039,0
87040,8
87041,0
87042,0
87043,10
87044,0
87045,0
87046,0
87047,0
87048,0
87049,0
87050,0
87051,0
87052,0
87053,11
87054,0
87055,0
87056,13
87057,0
87058,0
87059,14
87060,0
87061,0
87062,0
87063,0
87064,0
87065,21
87066,0
87067,0
87068,0
87069,0
87070,0
87071,0
87072,10
87073,0
87074,0
87075,0
87076,0
87077,0
87078,9
87079,0
87080,0
87081,20
87082,0
87083,18
87084,0
87085,0
87086,12
87087,12
87088,0
87089,8
87090,0
87091,0
87092,0
87093,11
87094,0
87095,0
87096,13
87097,11
87098,0
87099,10
87100,12
87101,15
87102,0
87103,0
87104,0
87105,0
87106,14
87107,0
87108,0
87109,11
87110,0
87111,0
87112,0
87113,0
87114,0
87115,0
87116,16
87117,0
87118,0
87119,0
87120,0
87121,0
87122,0
87123,19
87124,0
87125,0
87126,0
87127,0
87128,0
87129,0
87130,8
87131,10
87132,16
87133,0
87134,17
87135,0
87136,10
87137,0
87138,0
87139,0
87140,0
87141,15
87142,0
87143,0
87144,0
87145,17
87146,0
87147,0
87148,0
87149,0
87150,11
87151,0
87152,0
87153,18
87154,0
87155,0
87156,0
87157,16
87158,0
87159,22
87160,0
87161,0
87162,0
87163,22
87164,0
87165,0
87166,12
87167,0
87168,0
87169,0
87170,0
87171,15
87172,0
87173,13
87174,0
87175,0
87176,0
87177,0
87178,0
87179,0
87180,18
87181,0
87182,0
87183,0
87184,0
87185,0
87186,0
87187,0
87188,0
87189,14
87190,0
87191,0
87192,0
87193,8
87194,0
87195,0
87196,0
87197,0
87198,17
87199,16
87200,18
87201,0
87202,0
87203,0
87204,0
87205,13
87206,0
87207,0
87208,0
87209,0
87210,17
87211,13
87212,0
87213,0
87214,10
87215,16
87216,16
87217,0
87218,0
87219,0
87220,0
87221,0
87222,14
87223,0
87224,0
87225,13
87226,14
87227,0
87228,0
87229,16
87230,18
87231,0
87232,0
87233,0
87234,0
87235,0
87236,16
87237,0
87238,23
87239,0
87240,0
87241,0
87242,0
87243,0
87244,0
87245,19
87246,0
87247,0
87248,0
87249,15
87250,0
87251,0
87252,13
87253,0
87254,21
87255,0
87256,0
87257,0
87258,0
87259,0
87260,19
87261,0
87262,0
87263,0
87264,24
87265,0
87266,19
87267,17
87268,0
87269,22
87270,19
87271,6
87272,9
87273,16
87274,0
87275,21
87276,0
87277,0
87278,19
87279,0
87280,0
87281,0
87282,12
87283,0
87284,0
87285,0
87286,0
87287,18
87288,0
87289,0
87290,0
87291,9
87292,0
87293,0
87294,0
87295,10
87296,0
87297,0
87298,0
87299,0
87300,0
87301,0
87302,19
87303,0
87304,0
87305,0
87306,18
87307,0
87308,0
87309,0
87310,0
87311,0
87312,0
87313,0
87314,0
87315,0
87316,12
87317,0
87318,11
87319,0
87320,16
87321,14
87322,0
87323,0
87324,0
87325,0
87326,0
87327,0
87328,0
87329,35
87330,0
87331,0
87332,17
87333,0
87334,20
87335,0
87336,0
87337,0
87338,0
87339,0
87340,0
87341,15
87342,0
87343,0
87344,0
87345,0
87346,0
87347,0
87348,15
87349,0
87350,0
87351,10
87352,0
87353,0
87354,0
87355,0
87356,0
87357,0
87358,0
87359,0
87360,0
87361,0
87362,0
87363,20
87364,0
87365,0
87366,0
87367,27
87368,0
87369,0
87370,17
87371,0
87372,0
87373,0
87374,0
87375,0
87376,15
87377,22
87378,0
87379,0
87380,0
87381,0
87382,0
87383,0
87384,0
87385,0
87386,0
87387,17
87388,0
87389,0
87390,16
87391,13
87392,0
87393,0
87394,15
87395,0
87396,11
87397,14
87398,16
87399,0
87400,13
87401,0
87402,0
87403,0
87404,0
87405,0
87406,0
87407,18
87408,0
87409,11
87410,0
87411,0
87412,0
87413,0
87414,0
87415,0
87416,0
87417,0
87418,13
87419,0
87420,15
87421,10
87422,0
87423,0
87424,0
87425,0
87426,0
87427,0
87428,0
87429,16
87430,0
87431,19
87432,0
87433,14
87434,17
87435,0
87436,0
87437,24
87438,11
87439,0
87440,0
87441,0
87442,19
87443,0
87444,0
87445,0
87446,0
87447,0
87448,0
87449,0
87450,0
87451,0
87452,0
87453,0
87454,12
87455,0
87456,0
87457,0
87458,17
87459,13
87460,0
87461,0
87462,0
87463,0
87464,0
87465,0
87466,0
87467,0
87468,0
87469,0
87470,16
87471,17
87472,14
87473,0
87474,0
87475,0
87476,0
87477,12
87478,0
87479,0
87480,0
87481,0
87482,16
87483,0
87484,20
87485,0
87486,10
87487,0
87488,0
87489,0
87490,0
87491,0
87492,0
87493,29
87494,0
87495,9
87496,0
87497,0
87498,0
87499,0
87500,0
87501,0
87502,0
87503,0
87504,0
87505,0
87506,0
87507,6
87508,0
87509,10
87510,11
87511,0
87512,14
87513,0
87514,20
87515,0
87516,0
87517,9
87518,0
87519,0
87520,0
87521,15
87522,0
87523,0
87524,18
87525,0
87526,0
87527,14
87528,12
87529,0
87530,0
87531,0
87532,15
87533,0
87534,0
87535,16
87536,0
87537,0
87538,0
87539,0
87540,0
87541,11
87542,19
87543,0
87544,15
87545,0
87546,0
87547,0
87548,0
87549,0
87550,0
87551,0
87552,0
87553,0
87554,0
87555,0
87556,0
87557,0
87558,0
87559,0
87560,0
87561,0
87562,0
87563,0
87564,0
87565,0
87566,0
87567,0
87568,0
87569,0
87570,0
87571,0
87572,0
87573,0
87574,0
87575,0
87576,0
87577,0
87578,0
87579,0
87580,0
87581,0
87582,0
87583,0
87584,0
87585,0
87586,0
87587,0
87588,0
87589,0
87590,0
87591,0
87592,0
87593,0
87594,0
87595,0
87596,0
87597,0
87598,0
87599,0
87600,0
87601,0
87602,0
87603,0
87604,0
87605,0
87606,0
87607,0
87608,0
87609,0
87610,0
87611,0
87612,0
87613,0
87614,0
87615,0
87616,0
87617,0
87618,0
87619,1
87620,0
87621,0
87622,0
87623,0
87624,0
87625,0
87626,0
87627,0
87628,0
87629,0
87630,0
87631,0
87632,0
87633,0
87634,0
87635,0
87636,0
87637,0
87638,0
87639,0
87640,0
87641,0
87642,0
87643,0
87644,0
87645,0
87646,0
87647,0
87648,0
87649,0
87650,1
87651,0
87652,0
87653,0
87654,0
87655,0
87656,0
87657,0
87658,0
87659,0
87660,0
87661,0
87662,0
87663,0
87664,0
87665,0
87666,0
87667,0
87668,0
87669,0
87670,0
87671,0
87672,0
87673,0
87674,0
87675,0
87676,0
87677,0
87678,0
87679,0
87680,0
87681,1
87682,0
87683,0
87684,0
87685,0
87686,0
87687,0
87688,0
87689,0
87690,0
87691,0
87692,0
87693,0
87694,0
87695,0
87696,0
87697,0
87698,0
87699,0
87700,0
87701,0
87702,0
87703,0
87704,0
87705,0
87706,0
87707,0
87708,0
87709,0
87710,0
87711,0
87712,0
87713,0
87714,0
87715,0
87716,0
87717,0
87718,0
87719,0
87720,0
87721,0
87722,0
87723,0
87724,0
87725,0
87726,0
87727,0
87728,0
87729,0
87730,0
87731,0
87732,0
87733,0
87734,0
87735,0
87736,0
87737,0
87738,0
87739,0
87740,0
87741,0
87742,0
87743,0
87744,0
87745,0
87746,0
87747,0
87748,0
87749,0
87750,0
87751,0
87752,0
87753,0
87754,0
87755,0
87756,0
87757,0
87758,0
87759,0
87760,0
87761,0
87762,0
87763,0
87764,0
87765,0
87766,0
87767,0
87768,0
87769,0
87770,0
87771,0
87772,0
87773,0
87774,0
87775,0
87776,0
87777,0
87778,0
87779,0
87780,0
87781,0
87782,0
87783,0
87784,0
87785,0
87786,0
87787,0
87788,0
87789,0
87790,0
87791,0
87792,0
87793,0
87794,0
87795,0
87796,0
87797,0
87798,0
87799,0
87800,0
87801,0
87802,0
87803,0
87804,0
87805,0
87806,0
87807,0
87808,0
87809,0
87810,0
87811,0
87812,0
87813,0
87814,0
87815,0
87816,0
87817,0
87818,0
87819,0
87820,0
87821,0
87822,0
87823,0
87824,0
87825,0
87826,0
87827,0
87828,0
87829,0
87830,0
87831,0
87832,0
87833,0
87834,0
87835,0
87836,0
87837,0
87838,0
87839,0
87840,0
87841,0
87842,0
87843,0
87844,0
87845,0
87846,0
87847,0
87848,0
87849,0
87850,0
87851,0
87852,0
87853,0
87854,0
87855,0
87856,0
87857,0
87858,0
87859,0
87860,0
87861,0
87862,0
87863,0
87864,0
87865,0
87866,0
87867,0
87868,0
87869,0
87870,0
87871,0
87872,0
87873,0
87874,0
87875,0
87876,0
87877,0
87878,0
87879,0
87880,0
87881,0
87882,0
87883,0
87884,0
87885,0
87886,0
87887,0
87888,0
87889,0
87890,0
87891,0
87892,0
87893,0
87894,0
87895,0
87896,0
87897,0
87898,0
87899,1
87900,0
87901,0
87902,0
87903,0
87904,0
87905,0
87906,1
87907,0
87908,0
87909,0
87910,0
87911,0
87912,0
87913,0
87914,0
87915,0
87916,0
87917,0
87918,0
87919,0
87920,0
87921,0
87922,0
87923,0
87924,0
87925,0
87926,0
87927,0
87928,0
87929,0
87930,0
87931,0
87932,0
87933,0
87934,0
87935,0
87936,0
87937,0
87938,0
87939,0
87940,0
87941,0
87942,0
87943,0
87944,0
87945,0
87946,0
87947,0
87948,0
87949,0
87950,0
87951,0
87952,0
87953,0
87954,0
87955,0
87956,0
87957,0
87958,0
87959,0
87960,0
87961,0
87962,0
87963,0
87964,0
87965,0
87966,0
87967,0
87968,0
87969,0
87970,0
87971,0
87972,0
87973,0
87974,0
87975,0
87976,0
87977,0
87978,0
87979,0
87980,0
87981,0
87982,0
87983,0
87984,0
87985,0
87986,0
87987,0
87988,0
87989,0
87990,0
87991,0
87992,0
87993,0
87994,0
87995,0
87996,0
87997,0
87998,0
87999,0
88000,0
88001,0
88002,0
88003,0
88004,0
88005,0
88006,0
88007,0
88008,0
88009,0
88010,0
88011,0
88012,0
88013,0
88014,0
88015,0
88016,0
88017,0
88018,0
88019,0
88020,0
88021,0
88022,0
88023,0
88024,0
88025,0
88026,0
88027,0
88028,0
88029,0
88030,0
88031,0
88032,0
88033,0
88034,0
88035,0
88036,0
88037,0
88038,0
88039,0
88040,0
88041,0
88042,0
88043,0
88044,0
88045,0
88046,0
88047,0
88048,0
88049,0
88050,0
88051,0
88052,0
88053,0
88054,0
88055,0
88056,0
88057,0
88058,0
88059,0
88060,0
88061,0
88062,0
88063,0
88064,0
88065,0
88066,0
88067,0
88068,0
88069,0
88070,0
88071,0
88072,0
88073,0
88074,0
88075,0
88076,0
88077,0
88078,0
88079,0
88080,0
88081,0
88082,0
88083,0
88084,0
88085,0
88086,0
88087,0
88088,0
88089,0
88090,0
88091,0
88092,0
88093,0
88094,0
88095,0
88096,0
88097,0
88098,0
88099,0
88100,0
88101,0
88102,0
88103,0
88104,29
88105,0
88106,0
88107,0
88108,0
88109,0
88110,0
88111,0
88112,0
88113,0
88114,0
88115,0
88116,0
88117,0
88118,0
88119,0
88120,51
88121,46
88122,0
88123,35
88124,37
88125,0
88126,0
88127,0
88128,0
88129,0
88130,0
88131,0
88132,0
88133,0
88134,0
88135,0
88136,0
88137,0
88138,0
88139,0
88140,40
88141,0
88142,0
88143,0
88144,38
88145,0
88146,0
88147,0
88148,38
88149,0
88150,35
88151,32
88152,0
88153,0
88154,0
88155,29
88156,0
88157,43
88158,0
88159,0
88160,30
88161,33
88162,0
88163,0
88164,0
88165,0
88166,39
88167,0
88168,0
88169,0
88170,35
88171,0
88172,39
88173,0
88174,0
88175,0
88176,0
88177,39
88178,39
88179,34
88180,0
88181,0
88182,0
88183,0
88184,0
88185,0
88186,0
88187,0
88188,0
88189,25
88190,0
88191,0
88192,47
88193,0
88194,0
88195,0
88196,17
88197,0
88198,0
88199,47
88200,0
88201,0
88202,0
88203,0
88204,38
88205,44
88206,0
88207,0
88208,0
88209,0
88210,0
88211,0
88212,0
88213,38
88214,0
88215,0
88216,0
88217,0
88218,0
88219,23
88220,23
88221,0
88222,0
88223,0
88224,30
88225,0
88226,33
88227,21
88228,42
88229,0
88230,0
88231,0
88232,0
88233,0
88234,0
88235,0
88236,0
88237,0
88238,36
88239,0
88240,0
88241,0
88242,0
88243,0
88244,0
88245,0
88246,30
88247,52
88248,0
88249,36
88250,0
88251,0
88252,0
88253,0
88254,0
88255,52
88256,0
88257,0
88258,0
88259,43
88260,30
88261,0
88262,0
88263,0
88264,0
88265,0
88266,38
88267,0
88268,0
88269,29
88270,0
88271,0
88272,0
88273,0
88274,0
88275,0
88276,0
88277,38
88278,0
88279,0
88280,0
88281,23
88282,0
88283,0
88284,0
88285,30
88286,0
88287,0
88288,0
88289,0
88290,0
88291,0
88292,34
88293,31
88294,0
88295,0
88296,0
88297,0
88298,0
88299,0
88300,0
88301,44
88302,0
88303,0
88304,0
88305,52
88306,0
88307,0
88308,0
88309,0
88310,0
88311,0
88312,0
88313,50
88314,0
88315,0
88316,41
88317,0
88318,0
88319,0
88320,0
88321,0
88322,0
88323,0
88324,0
88325,39
88326,0
88327,29
88328,0
88329,0
88330,0
88331,27
88332,44
88333,0
88334,0
88335,0
88336,33
88337,0
88338,0
88339,0
88340,0
88341,0
88342,0
88343,27
88344,0
88345,0
88346,0
88347,0
88348,0
88349,0
88350,0
88351,28
88352,0
88353,0
88354,0
88355,0
88356,45
88357,44
88358,0
88359,0
88360,0
88361,0
88362,46
88363,0
88364,0
88365,39
88366,29
88367,0
88368,28
88369,0
88370,23
88371,0
88372,0
88373,0
88374,28
88375,0
88376,0
88377,0
88378,0
88379,0
88380,43
88381,35
88382,39
88383,52
88384,0
88385,0
88386,39
88387,0
88388,26
88389,0
88390,0
88391,0
88392,0
88393,0
88394,0
88395,0
88396,47
88397,0
88398,0
88399,0
88400,0
88401,0
88402,30
88403,23
88404,0
88405,0
88406,46
88407,0
88408,0
88409,0
88410,0
88411,0
88412,40
88413,40
88414,32
88415,0
88416,24
88417,0
88418,0
88419,0
88420,0
88421,0
88422,0
88423,0
88424,0
88425,0
88426,0
88427,0
88428,0
88429,19
88430,0
88431,17
88432,0
88433,0
88434,0
88435,0
88436,0
88437,0
88438,0
88439,0
88440,0
88441,0
88442,0
88443,0
88444,0
88445,0
88446,0
88447,18
88448,0
88449,27
88450,32
88451,0
88452,0
88453,0
88454,0
88455,17
88456,32
88457,0
88458,34
88459,0
88460,0
88461,0
88462,0
88463,0
88464,43
88465,0
88466,0
88467,0
88468,37
88469,0
88470,0
88471,0
88472,34
88473,0
88474,0
88475,0
88476,0
88477,21
88478,0
88479,29
88480,0
88481,0
88482,0
88483,37
88484,33
88485,0
88486,0
88487,0
88488,0
88489,0
88490,22
88491,0
88492,0
88493,0
88494,34
88495,40
88496,0
88497,0
88498,50
88499,0
88500,0
88501,0
88502,0
88503,0
88504,28
88505,22
88506,0
88507,36
88508,0
88509,23
88510,0
88511,0
88512,0
88513,0
88514,0
88515,24
88516,0
88517,21
88518,27
88519,0
88520,0
88521,0
88522,0
88523,0
88524,0
88525,0
88526,41
88527,0
88528,29
88529,0
88530,0
88531,35
88532,44
88533,0
88534,0
88535,0
88536,0
88537,31
88538,0
88539,43
88540,26
88541,0
88542,0
88543,0
88544,0
88545,0
88546,0
88547,0
88548,25
88549,0
88550,0
88551,23
88552,0
88553,0
88554,44
88555,0
88556,0
88557,0
88558,30
88559,0
88560,0
88561,0
88562,0
88563,48
88564,0
88565,0
88566,23
88567,0
88568,0
88569,0
88570,0
88571,0
88572,27
88573,0
88574,0
88575,0
88576,0
88577,27
88578,0
88579,0
88580,35
88581,0
88582,0
88583,0
88584,0
88585,0
88586,0
88587,0
88588,0
88589,0
88590,34
88591,0
88592,0
88593,0
88594,0
88595,0
88596,0
88597,0
88598,0
88599,0
88600,0
88601,0
88602,0
88603,0
88604,0
88605,0
88606,0
88607,0
88608,0
88609,0
88610,0
88611,0
88612,0
88613,0
88614,0
88615,27
88616,0
88617,35
88618,24
88619,0
88620,0
88621,0
88622,21
88623,0
88624,0
88625,0
88626,0
88627,0
88628,0
88629,0
88630,0
88631,0
88632,0
88633,0
88634,0
88635,0
88636,17
88637,0
88638,0
88639,0
88640,0
88641,0
88642,0
88643,0
88644,0
88645,0
88646,0
88647,0
88648,0
88649,0
88650,0
88651,38
88652,0
88653,0
88654,0
88655,0
88656,0
88657,28
88658,0
88659,32
88660,0
88661,0
88662,0
88663,0
88664,0
88665,42
88666,0
88667,26
88668,36
88669,0
88670,0
88671,0
88672,0
88673,0
88674,0
88675,0
88676,0
88677,0
88678,37
88679,0
88680,0
88681,40
88682,0
88683,0
88684,0
88685,0
88686,0
88687,0
88688,0
88689,0
88690,26
88691,0
88692,0
88693,36
88694,29
88695,0
88696,0
88697,0
88698,0
88699,0
88700,0
88701,27
88702,0
88703,0
88704,0
88705,0
88706,0
88707,39
88708,0
88709,0
88710,0
88711,0
88712,0
88713,0
88714,0
88715,36
88716,0
88717,0
88718,0
88719,0
88720,41
88721,0
88722,0
88723,0
88724,37
88725,0
88726,0
88727,0
88728,0
88729,24
88730,0
88731,18
88732,0
88733,0
88734,37
88735,0
88736,0
88737,0
88738,0
88739,27
88740,0
88741,0
88742,32
88743,0
88744,0
88745,0
88746,24
88747,0
88748,0
88749,0
88750,0
88751,0
88752,0
88753,0
88754,0
88755,0
88756,0
88757,0
88758,0
88759,35
88760,0
88761,0
88762,17
88763,26
88764,0
88765,0
88766,0
88767,0
88768,0
88769,21
88770,0
88771,0
88772,40
88773,0
88774,0
88775,0
88776,0
88777,0
88778,0
88779,0
88780,0
88781,0
88782,0
88783,0
88784,0
88785,0
88786,0
88787,0
88788,34
88789,0
88790,0
88791,0
88792,40
88793,34
88794,0
88795,0
88796,0
88797,34
88798,0
88799,0
88800,0
88801,0
88802,0
88803,0
88804,0
88805,0
88806,0
88807,0
88808,0
88809,0
88810,0
88811,0
88812,29
88813,0
88814,0
88815,0
88816,0
88817,0
88818,0
88819,0
88820,28
88821,0
88822,0
88823,0
88824,25
88825,0
88826,0
88827,0
88828,33
88829,0
88830,0
88831,0
88832,0
88833,0
88834,0
88835,0
88836,0
88837,0
88838,0
88839,0
88840,0
88841,0
88842,0
88843,0
88844,0
88845,0
88846,0
88847,0
88848,0
88849,0
88850,0
88851,0
88852,0
88853,22
88854,0
88855,0
88856,0
88857,0
88858,0
88859,0
88860,0
88861,28
88862,0
88863,0
88864,0
88865,20
88866,0
88867,0
88868,0
88869,0
88870,0
88871,0
88872,0
88873,0
88874,0
88875,0
88876,0
88877,0
88878,0
88879,0
88880,0
88881,0
88882,0
88883,0
88884,0
88885,25
88886,0
88887,36
88888,0
88889,0
88890,0
88891,0
88892,0
88893,0
88894,0
88895,0
88896,0
88897,36
88898,0
88899,0
88900,0
88901,0
88902,0
88903,0
88904,0
88905,0
88906,0
88907,27
88908,0
88909,0
88910,0
88911,0
88912,0
88913,0
88914,0
88915,0
88916,0
88917,0
88918,27
88919,0
88920,0
88921,0
88922,0
88923,0
88924,0
88925,0
88926,0
88927,0
88928,25
88929,0
88930,0
88931,0
88932,0
88933,0
88934,0
88935,0
88936,27
88937,0
88938,0
88939,0
88940,0
88941,0
88942,0
88943,0
88944,0
88945,0
88946,28
88947,0
88948,0
88949,21
88950,0
88951,0
88952,0
88953,0
88954,0
88955,0
88956,0
88957,0
88958,0
88959,0
88960,0
88961,0
88962,0
88963,0
88964,0
88965,0
88966,0
88967,0
88968,0
88969,0
88970,0
88971,35
88972,0
88973,30
88974,0
88975,0
88976,0
88977,0
88978,0
88979,0
88980,0
88981,0
88982,0
88983,0
88984,0
88985,0
88986,0
88987,0
88988,0
88989,0
88990,0
88991,0
88992,0
88993,0
88994,0
88995,0
88996,0
88997,0
88998,0
88999,0
89000,0
89001,0
89002,0
89003,0
89004,0
89005,0
89006,0
89007,0
89008,0
89009,0
89010,0
89011,0
89012,0
89013,0
89014,0
89015,33
89016,0
89017,0
89018,0
89019,0
89020,0
89021,27
89022,0
89023,0
89024,0
89025,0
89026,0
89027,0
89028,0
89029,0
89030,0
89031,0
89032,0
89033,0
89034,0
89035,0
89036,0
89037,0
89038,0
89039,0
89040,0
89041,32
89042,0
89043,0
89044,30
89045,0
89046,0
89047,0
89048,0
89049,0
89050,0
89051,0
89052,0
89053,0
89054,0
89055,0
89056,0
89057,32
89058,0
89059,0
89060,0
89061,0
89062,0
89063,0
89064,24
89065,18
89066,0
89067,0
89068,0
89069,16
89070,0
89071,0
89072,0
89073,19
89074,0
89075,0
89076,0
89077,0
89078,0
89079,21
89080,0
89081,0
89082,0
89083,0
89084,0
89085,0
89086,0
89087,0
89088,0
89089,0
89090,0
89091,32
89092,0
89093,0
89094,0
89095,17
89096,0
89097,0
89098,0
89099,0
89100,0
89101,0
89102,34
89103,0
89104,0
89105,0
89106,0
89107,0
89108,0
89109,0
89110,0
89111,0
89112,24
89113,25
89114,0
89115,0
89116,0
89117,0
89118,0
89119,0
89120,0
89121,23
89122,0
89123,31
89124,0
89125,0
89126,0
89127,0
89128,0
89129,0
89130,0
89131,0
89132,14
89133,34
89134,0
89135,0
89136,0
89137,0
89138,0
89139,0
89140,0
89141,0
89142,19
89143,18
89144,16
89145,23
89146,0
89147,0
89148,0
89149,0
89150,32
89151,0
89152,0
89153,0
89154,0
89155,0
89156,29
89157,24
89158,0
89159,0
89160,0
89161,19
89162,0
89163,0
89164,0
89165,12
89166,0
89167,0
89168,0
89169,0
89170,10
89171,23
89172,0
89173,0
89174,22
89175,14
89176,0
89177,15
89178,0
89179,0
89180,0
89181,0
89182,27
89183,21
89184,19
89185,0
89186,19
89187,20
89188,0
89189,0
89190,0
89191,0
89192,0
89193,0
89194,0
89195,24
89196,0
89197,0
89198,0
89199,20
89200,0
89201,0
89202,0
89203,0
89204,16
89205,0
89206,0
89207,0
89208,0
89209,0
89210,17
89211,0
89212,12
89213,0
89214,0
89215,12
89216,0
89217,0
89218,0
89219,0
89220,0
89221,0
89222,0
89223,0
89224,0
89225,19
89226,0
89227,15
89228,0
89229,0
89230,0
89231,13
89232,0
89233,0
89234,17
89235,0
89236,0
89237,0
89238,18
89239,19
89240,0
89241,0
89242,0
89243,11
89244,0
89245,0
89246,0
89247,0
89248,0
89249,0
89250,0
89251,19
89252,0
89253,0
89254,0
89255,21
89256,0
89257,0
89258,0
89259,0
89260,0
89261,0
89262,22
89263,0
89264,0
89265,0
89266,0
89267,0
89268,0
89269,0
89270,0
89271,0
89272,0
89273,0
89274,19
89275,0
89276,0
89277,0
89278,0
89279,0
89280,0
89281,13
89282,0
89283,27
89284,0
89285,0
89286,0
89287,0
89288,0
89289,0
89290,0
89291,0
89292,0
89293,0
89294,15
89295,0
89296,0
89297,21
89298,0
89299,0
89300,0
89301,0
89302,0
89303,0
89304,0
89305,0
89306,30
89307,0
89308,18
89309,19
89310,0
89311,0
89312,0
89313,16
89314,0
89315,0
89316,0
89317,0
89318,24
89319,18
89320,0
89321,0
89322,0
89323,23
89324,0
89325,14
89326,0
89327,0
89328,26
89329,0
89330,0
89331,0
89332,0
89333,0
89334,0
89335,0
89336,0
89337,0
89338,0
89339,21
89340,0
89341,0
89342,0
89343,20
89344,14
89345,0
89346,0
89347,0
89348,0
89349,0
89350,0
89351,0
89352,0
89353,0
89354,0
89355,0
89356,27
89357,0
89358,12
89359,0
89360,0
89361,0
89362,0
89363,0
89364,0
89365,0
89366,0
89367,19
89368,0
89369,0
89370,0
89371,0
89372,0
89373,0
89374,0
89375,0
89376,0
89377,0
89378,0
89379,0
89380,0
89381,29
89382,0
89383,0
89384,0
89385,0
89386,0
89387,0
89388,0
89389,0
89390,25
89391,0
89392,0
89393,0
89394,0
89395,0
89396,0
89397,0
89398,0
89399,0
89400,16
89401,0
89402,0
89403,0
89404,0
89405,0
89406,0
89407,0
89408,0
89409,0
89410,0
89411,17
89412,0
89413,30
89414,0
89415,0
89416,0
89417,0
89418,0
89419,0
89420,0
89421,0
89422,0
89423,0
89424,0
89425,0
89426,0
89427,0
89428,0
89429,0
89430,0
89431,0
89432,18
89433,0
89434,0
89435,0
89436,0
89437,0
89438,0
89439,0
89440,18
89441,0
89442,0
89443,0
89444,0
89445,0
89446,0
89447,0
89448,0
89449,14
89450,0
89451,0
89452,39
89453,0
89454,0
89455,0
89456,0
89457,0
89458,0
89459,0
89460,0
89461,0
89462,11
89463,0
89464,0
89465,0
89466,0
89467,0
89468,0
89469,0
89470,0
89471,0
89472,0
89473,0
89474,0
89475,0
89476,0
89477,38
89478,0
89479,0
89480,0
89481,0
89482,28
89483,0
89484,0
89485,0
89486,0
89487,0
89488,0
89489,0
89490,0
89491,23
89492,0
89493,0
89494,0
89495,0
89496,0
89497,0
89498,0
89499,0
89500,0
89501,0
89502,0
89503,0
89504,0
89505,0
89506,0
89507,0
89508,0
89509,0
89510,0
89511,0
89512,0
89513,0
89514,0
89515,0
89516,0
89517,0
89518,0
89519,0
89520,0
89521,0
89522,0
89523,0
89524,0
89525,0
89526,0
89527,0
89528,0
89529,0
89530,0
89531,15
89532,0
89533,0
89534,0
89535,0
89536,0
89537,0
89538,0
89539,0
89540,0
89541,0
89542,0
89543,0
89544,0
89545,0
89546,0
89547,0
89548,0
89549,19
89550,0
89551,0
89552,0
89553,0
89554,0
89555,0
89556,0
89557,0
89558,0
89559,0
89560,0
89561,0
89562,0
89563,0
89564,0
89565,0
89566,0
89567,0
89568,0
89569,11
89570,18
89571,0
89572,0
89573,0
89574,0
89575,0
89576,30
89577,11
89578,0
89579,25
89580,0
89581,0
89582,0
89583,0
89584,0
89585,0
89586,0
89587,0
89588,0
89589,0
89590,0
89591,0
89592,0
89593,0
89594,0
89595,0
89596,0
89597,19
89598,0
89599,8
89600,0
89601,0
89602,0
89603,0
89604,0
89605,0
89606,0
89607,12
89608,0
89609,0
89610,0
89611,0
89612,0
89613,0
89614,0
89615,0
89616,0
89617,16
89618,0
89619,0
89620,0
89621,7
89622,0
89623,0
89624,4
89625,0
89626,0
89627,5
89628,0
89629,0
89630,0
89631,0
89632,14
89633,0
89634,0
89635,8
89636,4
89637,0
89638,15
89639,17
89640,0
89641,11
89642,0
89643,0
89644,14
89645,0
89646,0
89647,9
89648,0
89649,0
89650,0
89651,11
89652,0
89653,9
89654,0
89655,0
89656,0
89657,0
89658,16
89659,0
89660,11
89661,0
89662,0
89663,0
89664,0
89665,0
89666,0
89667,0
89668,0
89669,0
89670,0
89671,7
89672,4
89673,0
89674,0
89675,9
89676,0
89677,0
89678,11
89679,0
89680,0
89681,13
89682,0
89683,0
89684,0
89685,8
89686,0
89687,0
89688,0
89689,0
89690,17
89691,9
89692,8
89693,15
89694,0
89695,0
89696,0
89697,0
89698,6
89699,0
89700,0
89701,0
89702,0
89703,0
89704,0
89705,11
89706,12
89707,0
89708,8
89709,0
89710,0
89711,0
89712,7
89713,0
89714,0
89715,0
89716,0
89717,0
89718,9
89719,5
89720,0
89721,0
89722,10
89723,0
89724,0
89725,0
89726,0
89727,0
89728,10
89729,14
89730,12
89731,6
89732,0
89733,0
89734,0
89735,6
89736,0
89737,0
89738,11
89739,0
89740,0
89741,10
89742,0
89743,0
89744,0
89745,0
89746,0
89747,0
89748,0
89749,0
89750,11
89751,0
89752,0
89753,14
89754,0
89755,0
89756,16
89757,6
89758,0
89759,0
89760,0
89761,6
89762,12
89763,0
89764,0
89765,8
89766,0
89767,10
89768,0
89769,0
89770,0
89771,0
89772,0
89773,0
89774,0
89775,0
89776,0
89777,0
89778,0
89779,9
89780,0
89781,7
89782,10
89783,12
89784,0
89785,0
89786,0
89787,0
89788,0
89789,0
89790,0
89791,0
89792,0
89793,0
89794,12
89795,6
89796,0
89797,0
89798,0
89799,0
89800,0
89801,0
89802,0
89803,8
89804,0
89805,0
89806,0
89807,0
89808,0
89809,0
89810,8
89811,13
89812,0
89813,0
89814,7
89815,12
89816,0
89817,0
89818,10
89819,0
89820,0
89821,9
89822,0
89823,0
89824,0
89825,18
89826,0
89827,0
89828,16
89829,0
89830,0
89831,14
89832,0
89833,16
89834,0
89835,0
89836,0
89837,10
89838,7
89839,0
89840,0
89841,15
89842,0
89843,14
89844,0
89845,0
89846,0
89847,0
89848,0
89849,0
89850,0
89851,0
89852,0
89853,0
89854,0
89855,15
89856,0
89857,0
89858,0
89859,0
89860,0
89861,0
89862,12
89863,0
89864,0
89865,21
89866,0
89867,6
89868,17
89869,0
89870,5
89871,0
89872,0
89873,0
89874,9
89875,0
89876,0
89877,21
89878,0
89879,23
89880,0
89881,15
89882,0
89883,10
89884,0
89885,0
89886,0
89887,12
89888,0
89889,15
89890,0
89891,0
89892,5
89893,0
89894,0
89895,0
89896,0
89897,0
89898,17
89899,0
89900,0
89901,0
89902,0
89903,14
89904,0
89905,0
89906,15
89907,0
89908,0
89909,5
89910,0
89911,0
89912,0
89913,0
89914,0
89915,0
89916,8
89917,0
89918,0
89919,0
89920,12
89921,14
89922,0
89923,0
89924,0
89925,0
89926,0
89927,13
89928,0
89929,0
89930,7
89931,15
89932,0
89933,11
89934,0
89935,0
89936,0
89937,0
89938,0
89939,0
89940,13
89941,0
89942,0
89943,6
89944,0
89945,8
89946,0
89947,16
89948,0
89949,0
89950,0
89951,0
89952,0
89953,0
89954,0
89955,0
89956,0
89957,0
89958,0
89959,0
89960,0
89961,0
89962,0
89963,0
89964,0
89965,0
89966,0
89967,0
89968,0
89969,0
89970,0
89971,0
89972,0
89973,0
89974,0
89975,38
89976,0
89977,0
89978,0
89979,0
89980,0
89981,0
89982,0
89983,0
89984,0
89985,0
89986,0
89987,0
89988,40
89989,0
89990,0
89991,0
89992,42
89993,0
89994,0
89995,53
89996,0
89997,38
89998,0
89999,0
90000,0
90001,0
90002,0
90003,0
90004,42
90005,0
90006,0
90007,0
90008,21
90009,0
90010,0
90011,0
90012,0
90013,33
90014,43
90015,0
90016,0
90017,0
90018,0
90019,31
90020,37
90021,0
90022,24
90023,0
90024,0
90025,0
90026,0
90027,0
90028,0
90029,0
90030,0
90031,0
90032,32
90033,0
90034,0
90035,37
90036,37
90037,35
90038,0
90039,0
90040,0
90041,41
90042,0
90043,0
90044,37
90045,0
90046,0
90047,0
90048,0
90049,0
90050,41
90051,0
90052,0
90053,0
90054,0
90055,0
90056,17
90057,0
90058,0
90059,0
90060,26
90061,0
90062,0
90063,33
90064,0
90065,0
90066,43
90067,0
90068,0
90069,32
90070,32
90071,0
90072,0
90073,0
90074,0
90075,0
90076,22
90077,0
90078,0
90079,0
90080,0
90081,0
90082,0
90083,35
90084,47
90085,26
90086,0
90087,0
90088,0
90089,0
90090,0
90091,0
90092,0
90093,0
90094,0
90095,0
90096,0
90097,0
90098,33
90099,27
90100,41
90101,0
90102,0
90103,36
90104,0
90105,32
90106,21
90107,0
90108,0
90109,0
90110,0
90111,0
90112,0
90113,0
90114,0
90115,0
90116,0
90117,0
90118,0
90119,0
90120,0
90121,0
90122,0
90123,39
90124,25
90125,0
90126,25
90127,0
90128,0
90129,0
90130,0
90131,0
90132,31
90133,0
90134,0
90135,0
90136,0
90137,0
90138,0
90139,0
90140,0
90141,38
90142,0
90143,0
90144,0
90145,0
90146,40
90147,0
90148,0
90149,0
90150,0
90151,0
90152,0
90153,0
90154,37
90155,0
90156,0
90157,36
90158,0
90159,34
90160,23
90161,0
90162,0
90163,0
90164,0
90165,0
90166,0
90167,0
90168,0
90169,48
90170,0
90171,0
90172,0
90173,0
90174,0
90175,0
90176,0
90177,0
90178,0
90179,0
90180,0
90181,0
90182,0
90183,0
90184,35
90185,0
90186,0
90187,0
90188,23
90189,22
90190,0
90191,0
90192,26
90193,0
90194,0
90195,0
90196,0
90197,39
90198,31
90199,0
90200,0
90201,0
90202,0
90203,0
90204,27
90205,0
90206,43
90207,31
90208,0
90209,0
90210,0
90211,41
90212,0
90213,0
90214,20
90215,0
90216,30
90217,0
90218,30
90219,0
90220,0
90221,0
90222,0
90223,0
90224,0
90225,0
90226,28
90227,0
90228,0
90229,0
90230,0
90231,0
90232,0
90233,0
90234,0
90235,0
90236,0
90237,43
90238,0
90239,0
90240,40
90241,0
90242,0
90243,27
90244,41
90245,45
90246,37
90247,28
90248,0
90249,0
90250,0
90251,0
90252,0
90253,0
90254,33
90255,32
90256,0
90257,0
90258,0
90259,0
90260,0
90261,0
90262,0
90263,0
90264,0
90265,29
90266,0
90267,0
90268,0
90269,0
90270,0
90271,0
90272,0
90273,0
90274,0
90275,0
90276,30
90277,32
90278,0
90279,0
90280,0
90281,0
90282,0
90283,43
90284,19
90285,0
90286,0
90287,35
90288,0
90289,25
90290,0
90291,0
90292,22
90293,23
90294,0
90295,0
90296,0
90297,0
90298,0
90299,0
90300,0
90301,0
90302,0
90303,0
90304,0
90305,0
90306,22
90307,0
90308,0
90309,32
90310,0
90311,0
90312,0
90313,0
90314,0
90315,36
90316,0
90317,39
90318,0
90319,0
90320,0
90321,0
90322,0
90323,0
90324,0
90325,0
90326,0
90327,0
90328,0
90329,0
90330,0
90331,0
90332,0
90333,36
90334,32
90335,0
90336,0
90337,0
90338,0
90339,0
90340,0
90341,0
90342,0
90343,0
90344,0
90345,0
90346,0
90347,0
90348,0
90349,0
90350,0
90351,0
90352,0
90353,0
90354,0
90355,0
90356,37
90357,0
90358,21
90359,21
90360,0
90361,0
90362,34
90363,0
90364,0
90365,0
90366,0
90367,0
90368,39
90369,0
90370,0
90371,0
90372,0
90373,0
90374,28
90375,0
90376,0
90377,0
90378,0
90379,0
90380,0
90381,0
90382,0
90383,0
90384,0
90385,0
90386,0
90387,0
90388,0
90389,0
90390,0
90391,0
90392,0
90393,0
90394,29
90395,31
90396,30
90397,0
90398,0
90399,0
90400,0
90401,0
90402,0
90403,36
90404,0
90405,0
90406,0
90407,34
90408,0
90409,0
90410,0
90411,43
90412,0
90413,0
90414,0
90415,0
90416,44
90417,34
90418,0
90419,0
90420,0
90421,0
90422,0
90423,0
90424,0
90425,0
90426,0
90427,26
90428,32
90429,0
90430,0
90431,0
90432,0
90433,0
90434,0
90435,0
90436,0
90437,0
90438,0
90439,0
90440,0
90441,0
90442,42
90443,0
90444,0
90445,0
90446,40
90447,0
90448,35
90449,0
90450,0
90451,0
90452,0
90453,43
90454,0
90455,30
90456,0
90457,33
90458,0
90459,33
90460,0
90461,0
90462,0
90463,0
90464,0
90465,0
90466,0
90467,0
90468,0
90469,0
90470,0
90471,0
90472,25
90473,0
90474,0
90475,37
90476,0
90477,0
90478,0
90479,25
90480,0
90481,0
90482,0
90483,0
90484,0
90485,0
90486,28
90487,0
90488,0
90489,0
90490,0
90491,0
90492,0
90493,0
90494,0
90495,0
90496,30
90497,0
90498,0
90499,0
90500,40
90501,0
90502,0
90503,0
90504,0
90505,44
90506,0
90507,29
90508,0
90509,0
90510,29
90511,0
90512,0
90513,37
90514,26
90515,0
90516,0
90517,0
90518,41
90519,0
90520,26
90521,0
90522,0
90523,38
90524,0
90525,0
90526,0
90527,0
90528,0
90529,20
90530,37
90531,0
90532,39
90533,0
90534,0
90535,0
90536,0
90537,0
90538,0
90539,0
90540,0
90541,0
90542,38
90543,0
90544,0
90545,0
90546,0
90547,30
90548,0
90549,0
90550,0
90551,29
90552,0
90553,0
90554,0
90555,0
90556,0
90557,0
90558,31
90559,0
90560,0
90561,17
90562,0
90563,11
90564,0
90565,0
90566,18
90567,0
90568,0
90569,0
90570,0
90571,0
90572,18
90573,0
90574,16
90575,0
90576,0
90577,0
90578,0
90579,0
90580,17
90581,7
90582,0
90583,0
90584,15
90585,12
90586,0
90587,17
90588,0
90589,8
90590,0
90591,0
90592,0
90593,0
90594,0
90595,0
90596,0
90597,0
90598,0
90599,17
90600,0
90601,0
90602,0
90603,0
90604,0
90605,0
90606,14
90607,0
90608,0
90609,0
90610,0
90611,0
90612,0
90613,0
90614,0
90615,0
90616,0
90617,0
90618,0
90619,0
90620,8
90621,0
90622,0
90623,0
90624,0
90625,0
90626,13
90627,19
90628,0
90629,0
90630,0
90631,0
90632,25
90633,0
90634,15
90635,0
90636,12
90637,14
90638,0
90639,0
90640,0
90641,0
90642,0
90643,0
90644,0
90645,0
90646,0
90647,22
90648,0
90649,0
90650,0
90651,0
90652,0
90653,0
90654,0
90655,12
90656,0
90657,0
90658,0
90659,0
90660,0
90661,0
90662,0
90663,0
90664,0
90665,0
90666,0
90667,15
90668,15
90669,0
90670,0
90671,0
90672,0
90673,0
90674,0
90675,0
90676,0
90677,0
90678,0
90679,0
90680,0
90681,0
90682,0
90683,19
90684,0
90685,0
90686,0
90687,0
90688,0
90689,0
90690,0
90691,16
90692,0
90693,0
90694,0
90695,0
90696,0
90697,18
90698,19
90699,0
90700,0
90701,0
90702,18
90703,0
90704,0
90705,0
90706,8
90707,0
90708,0
90709,0
90710,0
90711,0
90712,0
90713,0
90714,0
90715,15
90716,0
90717,0
90718,0
90719,0
90720,0
90721,0
90722,17
90723,0
90724,0
90725,0
90726,0
90727,0
90728,9
90729,0
90730,11
90731,0
90732,17
90733,8
90734,17
90735,0
90736,12
90737,0
90738,0
90739,0
90740,0
90741,0
90742,0
90743,4
90744,0
90745,14
90746,0
90747,0
90748,0
90749,0
90750,0
90751,21
90752,0
90753,0
90754,0
90755,18
90756,0
90757,0
90758,7
90759,0
90760,0
90761,0
90762,0
90763,14
90764,0
90765,0
90766,0
90767,0
90768,0
90769,0
90770,0
90771,0
90772,0
90773,8
90774,15
90775,15
90776,0
90777,0
90778,15
90779,0
90780,16
90781,0
90782,7
90783,19
90784,0
90785,0
90786,0
90787,0
90788,21
90789,0
90790,0
90791,0
90792,0
90793,16
90794,0
90795,0
90796,7
90797,12
90798,0
90799,0
90800,12
90801,14
90802,0
90803,0
90804,0
90805,0
90806,0
90807,0
90808,9
90809,0
90810,0
90811,0
90812,0
90813,0
90814,0
90815,0
90816,0
90817,0
90818,0
90819,0
90820,0
90821,0
90822,0
90823,0
90824,0
90825,0
90826,0
90827,0
90828,0
90829,0
90830,0
90831,0
90832,0
90833,0
90834,0
90835,0
90836,12
90837,0
90838,0
90839,0
90840,0
90841,12
90842,11
90843,0
90844,0
90845,0
90846,0
90847,0
90848,0
90849,0
90850,0
90851,0
90852,0
90853,0
90854,0
90855,10
90856,21
90857,9
90858,15
90859,0
90860,0
90861,0
90862,0
90863,24
90864,0
90865,0
90866,0
90867,0
90868,0
90869,0
90870,13
90871,8
90872,15
90873,0
90874,0
90875,0
90876,0
90877,0
90878,0
90879,0
90880,0
90881,0
90882,9
90883,0
90884,19
90885,0
90886,0
90887,0
90888,0
90889,0
90890,12
90891,0
90892,0
90893,0
90894,0
90895,0
90896,0
90897,0
90898,0
90899,0
90900,0
90901,0
90902,0
90903,0
90904,0
90905,0
90906,0
90907,0
90908,0
90909,0
90910,6
90911,11
90912,0
90913,8
90914,0
90915,0
90916,0
90917,0
90918,0
90919,15
90920,0
90921,16
90922,0
90923,0
90924,0
90925,0
90926,0
90927,0
90928,0
90929,0
90930,0
90931,0
90932,0
90933,11
90934,0
90935,12
90936,0
90937,0
90938,0
90939,0
90940,0
90941,0
90942,0
90943,15
90944,0
90945,0
90946,0
90947,0
90948,0
90949,0
90950,0
90951,0
90952,0
90953,0
90954,0
90955,0
90956,0
90957,0
90958,0
90959,0
90960,0
90961,0
90962,0
90963,0
90964,0
90965,0
90966,0
90967,0
90968,20
90969,0
90970,16
90971,0
90972,0
90973,0
90974,15
90975,0
90976,0
90977,0
90978,0
90979,0
90980,0
90981,0
90982,0
90983,12
90984,0
90985,0
90986,0
90987,0
90988,0
90989,0
90990,18
90991,0
90992,0
90993,0
90994,0
90995,0
90996,0
90997,8
90998,0
90999,12
91000,0
91001,0
91002,0
91003,0
91004,0
91005,0
91006,0
91007,0
91008,0
91009,0
91010,13
91011,0
91012,0
91013,0
91014,0
91015,16
91016,19
91017,0
91018,25
91019,0
91020,18
91021,0
91022,0
91023,10
91024,0
91025,0
91026,9
91027,9
91028,0
91029,0
91030,0
91031,0
91032,21
91033,12
91034,0
91035,20
91036,0
91037,0
91038,19
91039,0
91040,0
91041,0
91042,0
91043,13
91044,0
91045,20
91046,0
91047,0
91048,0
91049,0
91050,0
91051,0
91052,0
91053,0
91054,0
91055,0
91056,0
91057,24
91058,0
91059,15
91060,0
91061,0
91062,0
91063,0
91064,22
91065,0
91066,0
91067,0
91068,0
91069,0
91070,0
91071,0
91072,0
91073,0
91074,0
91075,11
91076,0
91077,0
91078,0
91079,0
91080,0
91081,0
91082,0
91083,0
91084,0
91085,0
91086,0
91087,13
91088,0
91089,0
91090,0
91091,0
91092,10
91093,0
91094,14
91095,0
91096,18
91097,0
91098,0
91099,0
91100,16
91101,0
91102,10
91103,0
91104,15
91105,15
91106,0
91107,0
91108,11
91109,0
91110,0
91111,0
91112,0
91113,0
91114,0
91115,0
91116,0
91117,0
91118,0
91119,9
91120,30
91121,15
91122,13
91123,0
91124,0
91125,0
91126,0
91127,0
91128,0
91129,0
91130,0
91131,0
91132,0
91133,0
91134,0
91135,11
91136,0
91137,0
91138,11
91139,0
91140,0
91141,0
91142,0
91143,0
91144,0
91145,18
91146,0
91147,0
91148,0
91149,0
91150,0
91151,13
91152,0
91153,0
91154,0
91155,0
91156,0
91157,0
91158,0
91159,11
91160,0
91161,0
91162,0
91163,0
91164,0
91165,0
91166,23
91167,8
91168,0
91169,0
91170,0
91171,0
91172,0
91173,0
91174,22
91175,0
91176,0
91177,0
91178,0
91179,0
91180,0
91181,0
91182,0
91183,0
91184,30
91185,0
91186,0
91187,0
91188,24
91189,0
91190,21
91191,0
91192,0
91193,0
91194,0
91195,0
91196,0
91197,0
91198,25
91199,0
91200,0
91201,0
91202,0
91203,0
91204,27
91205,0
91206,0
91207,31
91208,0
91209,0
91210,0
91211,0
91212,0
91213,0
91214,0
91215,20
91216,0
91217,0
91218,0
91219,0
91220,0
91221,0
91222,0
91223,0
91224,32
91225,0
91226,0
91227,0
91228,0
91229,0
91230,0
91231,0
91232,21
91233,0
91234,0
91235,0
91236,0
91237,0
91238,0
91239,25
91240,0
91241,0
91242,0
91243,0
91244,24
91245,0
91246,0
91247,0
91248,0
91249,0
91250,0
91251,0
91252,0
91253,0
91254,29
91255,0
91256,0
91257,0
91258,0
91259,0
91260,0
91261,24
91262,24
91263,33
91264,0
91265,0
91266,21
91267,25
91268,0
91269,21
91270,0
91271,0
91272,16
91273,0
91274,0
91275,0
91276,0
91277,0
91278,0
91279,0
91280,15
91281,0
91282,23
91283,0
91284,0
91285,0
91286,0
91287,0
91288,0
91289,0
91290,0
91291,0
91292,0
91293,27
91294,21
91295,0
91296,0
91297,0
91298,25
91299,0
91300,0
91301,0
91302,0
91303,0
91304,0
91305,0
91306,0
91307,0
91308,0
91309,22
91310,0
91311,0
91312,0
91313,0
91314,28
91315,0
91316,31
91317,0
91318,21
91319,20
91320,0
91321,0
91322,0
91323,0
91324,0
91325,0
91326,0
91327,32
91328,0
91329,28
91330,0
91331,0
91332,25
91333,0
91334,0
91335,0
91336,0
91337,0
91338,0
91339,0
91340,0
91341,0
91342,0
91343,0
91344,0
91345,0
91346,0
91347,0
91348,0
91349,0
91350,21
91351,24
91352,0
91353,0
91354,0
91355,0
91356,29
91357,0
91358,0
91359,0
91360,0
91361,0
91362,0
91363,24
91364,0
91365,30
91366,0
91367,0
91368,0
91369,21
91370,0
91371,0
91372,0
91373,0
91374,0
91375,0
91376,0
91377,0
91378,0
91379,0
91380,0
91381,0
91382,0
91383,0
91384,0
91385,22
91386,27
91387,0
91388,31
91389,0
91390,0
91391,0
91392,0
91393,0
91394,0
91395,0
91396,0
91397,0
91398,0
91399,20
91400,21
91401,0
91402,0
91403,29
91404,0
91405,0
91406,0
91407,0
91408,0
91409,0
91410,0
91411,0
91412,0
91413,28
91414,0
91415,0
91416,0
91417,0
91418,0
91419,0
91420,0
91421,0
91422,24
91423,0
91424,0
91425,0
91426,0
91427,0
91428,0
91429,0
91430,0
91431,0
91432,0
91433,0
91434,0
91435,0
91436,23
91437,0
91438,31
91439,37
91440,0
91441,21
91442,0
91443,0
91444,0
91445,0
91446,0
91447,22
91448,0
91449,0
91450,0
91451,0
91452,14
91453,18
91454,0
91455,0
91456,0
91457,0
91458,0
91459,0
91460,0
91461,0
91462,0
91463,0
91464,23
91465,0
91466,0
91467,0
91468,22
91469,0
91470,0
91471,0
91472,0
91473,0
91474,0
91475,18
91476,0
91477,0
91478,0
91479,0
91480,0
91481,0
91482,0
91483,0
91484,0
91485,0
91486,0
91487,0
91488,0
91489,0
91490,0
91491,0
91492,0
91493,0
91494,0
91495,0
91496,0
91497,0
91498,0
91499,0
91500,0
91501,0
91502,0
91503,0
91504,0
91505,28
91506,22
91507,0
91508,0
91509,0
91510,0
91511,31
91512,0
91513,0
91514,0
91515,0
91516,0
91517,0
91518,22
91519,0
91520,0
91521,0
91522,0
91523,0
91524,0
91525,0
91526,0
91527,0
91528,0
91529,0
91530,25
91531,0
91532,0
91533,27
91534,0
91535,0
91536,0
91537,0
91538,0
91539,0
91540,0
91541,0
91542,33
91543,13
91544,0
91545,0
91546,0
91547,0
91548,0
91549,0
91550,0
91551,0
91552,0
91553,0
91554,23
91555,27
91556,0
91557,22
91558,0
91559,0
91560,0
91561,0
91562,31
91563,23
91564,0
91565,21
91566,18
91567,0
91568,0
91569,41
91570,0
91571,0
91572,0
91573,29
91574,30
91575,0
91576,0
91577,0
91578,22
91579,0
91580,0
91581,0
91582,30
91583,0
91584,0
91585,23
91586,0
91587,21
91588,0
91589,24
91590,0
91591,27
91592,20
91593,0
91594,0
91595,0
91596,0
91597,0
91598,20
91599,0
91600,0
91601,0
91602,12
91603,29
91604,0
91605,0
91606,0
91607,0
91608,25
91609,0
91610,0
91611,0
91612,20
91613,0
91614,0
91615,24
91616,0
91617,0
91618,0
91619,0
91620,36
91621,0
91622,0
91623,0
91624,0
91625,0
91626,19
91627,20
91628,0
91629,23
91630,0
91631,0
91632,0
91633,23
91634,0
91635,0
91636,0
91637,0
91638,32
91639,13
91640,0
91641,19
91642,21
91643,16
91644,24
91645,0
91646,29
91647,0
91648,0
91649,0
91650,30
91651,0
91652,0
91653,0
91654,0
91655,0
91656,0
91657,0
91658,0
91659,17
91660,0
91661,0
91662,32
91663,0
91664,20
91665,22
91666,0
91667,0
91668,0
91669,22
91670,20
91671,0
91672,0
91673,0
91674,0
91675,0
91676,0
91677,0
91678,0
91679,0
91680,0
91681,21
91682,0
91683,0
91684,0
91685,34
91686,0
91687,23
91688,21
91689,33
91690,0
91691,17
91692,0
91693,0
91694,0
91695,26
91696,0
91697,0
91698,31
91699,0
91700,0
91701,0
91702,0
91703,23
91704,22
91705,0
91706,31
91707,0
91708,27
91709,0
91710,20
91711,0
91712,0
91713,36
91714,0
91715,23
91716,0
91717,20
91718,0
91719,24
91720,0
91721,0
91722,0
91723,22
91724,0
91725,29
91726,0
91727,0
91728,0
91729,0
91730,0
91731,0
91732,22
91733,0
91734,0
91735,0
91736,0
91737,0
91738,0
91739,0
91740,0
91741,0
91742,0
91743,0
91744,0
91745,0
91746,0
91747,0
91748,27
91749,0
91750,0
91751,0
91752,0
91753,0
91754,29
91755,0
91756,0
91757,0
91758,0
91759,0
91760,0
91761,0
91762,0
91763,0
91764,0
91765,22
91766,20
91767,0
91768,0
91769,0
91770,0
91771,0
91772,0
91773,0
91774,0
91775,0
91776,0
91777,0
91778,0
91779,0
91780,0
91781,0
91782,0
91783,0
91784,0
91785,16
91786,0
91787,0
91788,0
91789,0
91790,0
91791,0
91792,0
91793,0
91794,24
91795,0
91796,0
91797,0
91798,0
91799,13
91800,23
91801,0
91802,0
91803,0
91804,0
91805,0
91806,0
91807,0
91808,17
91809,0
91810,14
91811,0
91812,0
91813,0
91814,0
91815,23
91816,0
91817,17
91818,0
91819,0
91820,0
91821,31
91822,0
91823,0
91824,0
91825,0
91826,0
91827,0
91828,0
91829,0
91830,0
91831,0
91832,0
91833,17
91834,0
91835,0
91836,0
91837,0
91838,13
91839,22
91840,0
91841,31
91842,0
91843,0
91844,28
91845,24
91846,0
91847,0
91848,0
91849,0
91850,0
91851,0
91852,0
91853,0
91854,0
91855,0
91856,19
91857,0
91858,0
91859,0
91860,24
91861,34
91862,0
91863,0
91864,0
91865,0
91866,0
91867,0
91868,0
91869,0
91870,0
91871,0
91872,0
91873,0
91874,0
91875,0
91876,0
91877,28
91878,22
91879,18
91880,0
91881,0
91882,14
91883,0
91884,0
91885,0
91886,0
91887,0
91888,0
91889,23
91890,0
91891,24
91892,0
91893,0
91894,0
91895,0
91896,0
91897,0
91898,0
91899,0
91900,0
91901,0
91902,0
91903,0
91904,0
91905,0
91906,0
91907,0
91908,0
91909,0
91910,41
91911,0
91912,0
91913,0
91914,0
91915,0
91916,0
91917,0
91918,0
91919,47
91920,0
91921,0
91922,22
91923,0
91924,0
91925,27
91926,0
91927,0
91928,0
91929,0
91930,0
91931,0
91932,0
91933,0
91934,27
91935,0
91936,0
91937,0
91938,0
91939,0
91940,0
91941,0
91942,0
91943,0
91944,17
91945,0
91946,0
91947,21
91948,0
91949,0
91950,0
91951,0
91952,27
91953,0
91954,0
91955,0
91956,0
91957,23
91958,0
91959,19
91960,0
91961,0
91962,0
91963,25
91964,0
91965,0
91966,0
91967,0
91968,0
91969,0
91970,0
91971,0
91972,0
91973,0
91974,27
91975,0
91976,0
91977,0
91978,25
91979,16
91980,0
91981,0
91982,0
91983,26
91984,0
91985,0
91986,0
91987,0
91988,0
91989,22
91990,25
91991,18
91992,0
91993,0
91994,0
91995,0
91996,0
91997,25
91998,14
91999,0
92000,0
92001,0
92002,0
92003,0
92004,0
92005,0
92006,0
92007,0
92008,0
92009,0
92010,0
92011,0
92012,31
92013,0
92014,0
92015,39
92016,0
92017,27
92018,0
92019,31
92020,0
92021,0
92022,0
92023,0
92024,0
92025,0
92026,0
92027,0
92028,31
92029,0
92030,0
92031,0
92032,0
92033,0
92034,0
92035,0
92036,0
92037,31
92038,0
92039,0
92040,0
92041,0
92042,0
92043,0
92044,0
92045,21
92046,0
92047,0
92048,0
92049,0
92050,0
92051,0
92052,34
92053,25
92054,0
92055,0
92056,18
92057,0
92058,0
92059,0
92060,23
92061,0
92062,0
92063,0
92064,0
92065,0
92066,0
92067,0
92068,0
92069,0
92070,0
92071,0
92072,0
92073,0
92074,23
92075,0
92076,0
92077,0
92078,0
92079,0
92080,0
92081,0
92082,0
92083,0
92084,0
92085,0
92086,0
92087,0
92088,0
92089,2
92090,0
92091,0
92092,0
92093,0
92094,0
92095,0
92096,0
92097,0
92098,0
92099,0
92100,0
92101,0
92102,0
92103,3
92104,0
92105,0
92106,0
92107,0
92108,1
92109,0
92110,0
92111,2
92112,0
92113,0
92114,0
92115,0
92116,0
92117,0
92118,0
92119,0
92120,0
92121,0
92122,0
92123,3
92124,0
92125,4
92126,0
92127,0
92128,0
92129,0
92130,0
92131,0
92132,0
92133,0
92134,0
92135,0
92136,0
92137,0
92138,0
92139,0
92140,0
92141,5
92142,0
92143,0
92144,0
92145,0
92146,0
92147,0
92148,0
92149,0
92150,0
92151,0
92152,0
92153,0
92154,0
92155,0
92156,0
92157,0
92158,0
92159,0
92160,0
92161,0
92162,0
92163,0
92164,0
92165,0
92166,0
92167,0
92168,0
92169,4
92170,0
92171,0
92172,3
92173,0
92174,0
92175,0
92176,0
92177,2
92178,0
92179,0
92180,0
92181,0
92182,0
92183,0
92184,0
92185,0
92186,1
92187,0
92188,0
92189,0
92190,0
92191,0
92192,0
92193,0
92194,0
92195,0
92196,0
92197,0
92198,0
92199,0
92200,0
92201,0
92202,0
92203,0
92204,0
92205,2
92206,0
92207,0
92208,0
92209,0
92210,0
92211,0
92212,0
92213,0
92214,0
92215,0
92216,0
92217,1
92218,0
92219,0
92220,0
92221,0
92222,4
92223,0
92224,0
92225,0
92226,2
92227,0
92228,0
92229,3
92230,0
92231,0
92232,0
92233,0
92234,0
92235,0
92236,3
92237,0
92238,0
92239,0
92240,0
92241,0
92242,0
92243,0
92244,0
92245,0
92246,0
92247,0
92248,0
92249,0
92250,0
92251,7
92252,0
92253,0
92254,0
92255,0
92256,0
92257,0
92258,0
92259,0
92260,0
92261,0
92262,0
92263,0
92264,0
92265,0
92266,0
92267,1
92268,0
92269,0
92270,0
92271,0
92272,0
92273,0
92274,0
92275,0
92276,0
92277,0
92278,0
92279,0
92280,0
92281,0
92282,0
92283,0
92284,0
92285,0
92286,0
92287,0
92288,2
92289,0
92290,0
92291,0
92292,1
92293,0
92294,0
92295,0
92296,0
92297,0
92298,0
92299,0
92300,0
92301,0
92302,0
92303,0
92304,0
92305,0
92306,0
92307,0
92308,0
92309,3
92310,0
92311,0
92312,0
92313,0
92314,0
92315,0
92316,0
92317,0
92318,1
92319,0
92320,2
92321,0
92322,0
92323,0
92324,0
92325,0
92326,0
92327,2
92328,0
92329,0
92330,0
92331,0
92332,0
92333,0
92334,0
92335,5
92336,0
92337,0
92338,0
92339,0
92340,0
92341,0
92342,0
92343,0
92344,0
92345,0
92346,2
92347,0
92348,0
92349,0
92350,0
92351,0
92352,0
92353,0
92354,0
92355,0
92356,0
92357,3
92358,0
92359,0
92360,0
92361,0
92362,0
92363,2
92364,0
92365,0
92366,0
92367,0
92368,0
92369,1
92370,0
92371,0
92372,0
92373,0
92374,6
92375,0
92376,0
92377,3
92378,0
92379,0
92380,0
92381,0
92382,0
92383,0
92384,0
92385,0
92386,0
92387,0
92388,0
92389,0
92390,4
92391,0
92392,0
92393,0
92394,0
92395,0
92396,0
92397,0
92398,0
92399,5
92400,0
92401,0
92402,0
92403,0
92404,0
92405,0
92406,0
92407,0
92408,0
92409,0
92410,2
92411,0
92412,0
92413,0
92414,0
92415,0
92416,0
92417,0
92418,0
92419,0
92420,0
92421,6
92422,0
92423,0
92424,0
92425,0
92426,0
92427,0
92428,0
92429,0
92430,0
92431,0
92432,7
92433,0
92434,0
92435,0
92436,0
92437,0
92438,0
92439,3
92440,0
92441,0
92442,0
92443,0
92444,3
92445,0
92446,2
92447,0
92448,0
92449,0
92450,0
92451,0
92452,0
92453,0
92454,0
92455,0
92456,0
92457,0
92458,0
92459,0
92460,1
92461,0
92462,2
92463,0
92464,0
92465,0
92466,0
92467,0
92468,0
92469,0
92470,0
92471,0
92472,0
92473,0
92474,3
92475,0
92476,0
92477,0
92478,4
92479,0
92480,0
92481,0
92482,0
92483,0
92484,0
92485,0
92486,0
92487,0
92488,0
92489,0
92490,0
92491,0
92492,0
92493,0
92494,0
92495,0
92496,0
92497,0
92498,0
92499,0
92500,3
92501,0
92502,0
92503,0
92504,0
92505,0
92506,0
92507,0
92508,0
92509,0
92510,0
92511,0
92512,0
92513,0
92514,0
92515,0
92516,0
92517,0
92518,0
92519,0
92520,0
92521,0
92522,0
92523,0
92524,0
92525,0
92526,0
92527,0
92528,0
92529,0
92530,0
92531,0
92532,0
92533,0
92534,2
92535,0
92536,0
92537,0
92538,0
92539,0
92540,0
92541,0
92542,0
92543,0
92544,0
92545,0
92546,0
92547,0
92548,0
92549,0
92550,0
92551,0
92552,0
92553,0
92554,0
92555,0
92556,0
92557,0
92558,0
92559,0
92560,0
92561,0
92562,0
92563,0
92564,0
92565,0
92566,0
92567,0
92568,0
92569,0
92570,0
92571,0
92572,0
92573,0
92574,0
92575,3
92576,0
92577,0
92578,2
92579,0
92580,0
92581,0
92582,0
92583,0
92584,0
92585,0
92586,0
92587,0
92588,0
92589,2
92590,0
92591,0
92592,0
92593,0
92594,0
92595,0
92596,0
92597,0
92598,0
92599,0
92600,0
92601,0
92602,0
92603,0
92604,0
92605,0
92606,0
92607,1
92608,0
92609,0
92610,1
92611,3
92612,0
92613,0
92614,0
92615,0
92616,3
92617,0
92618,0
92619,0
92620,0
92621,0
92622,0
92623,3
92624,0
92625,3
92626,0
92627,0
92628,0
92629,0
92630,0
92631,0
92632,0
92633,0
92634,0
92635,2
92636,0
92637,0
92638,3
92639,0
92640,0
92641,0
92642,0
92643,0
92644,0
92645,0
92646,1
92647,0
92648,0
92649,0
92650,0
92651,0
92652,0
92653,4
92654,0
92655,0
92656,0
92657,0
92658,0
92659,0
92660,0
92661,0
92662,0
92663,0
92664,0
92665,0
92666,0
92667,7
92668,0
92669,0
92670,1
92671,0
92672,0
92673,0
92674,0
92675,0
92676,0
92677,0
92678,0
92679,0
92680,2
92681,0
92682,0
92683,0
92684,0
92685,0
92686,0
92687,4
92688,0
92689,0
92690,0
92691,0
92692,0
92693,0
92694,0
92695,0
92696,0
92697,0
92698,5
92699,0
92700,4
92701,0
92702,1
92703,0
92704,0
92705,0
92706,0
92707,0
92708,0
92709,2
92710,0
92711,0
92712,0
92713,0
92714,0
92715,0
92716,0
92717,0
92718,0
92719,0
92720,2
92721,0
92722,0
92723,0
92724,0
92725,0
92726,0
92727,0
92728,0
92729,0
92730,0
92731,0
92732,0
92733,0
92734,0
92735,0
92736,0
92737,0
92738,0
92739,0
92740,1
92741,2
92742,0
92743,0
92744,0
92745,0
92746,0
92747,0
92748,0
92749,0
92750,0
92751,0
92752,0
92753,0
92754,0
92755,5
92756,4
92757,0
92758,0
92759,0
92760,0
92761,0
92762,0
92763,0
92764,0
92765,0
92766,0
92767,1
92768,2
92769,0
92770,1
92771,0
92772,0
92773,0
92774,0
92775,0
92776,0
92777,0
92778,0
92779,0
92780,0
92781,0
92782,0
92783,0
92784,0
92785,0
92786,0
92787,0
92788,0
92789,0
92790,0
92791,1
92792,0
92793,0
92794,0
92795,0
92796,0
92797,0
92798,0
92799,0
92800,0
92801,0
92802,1
92803,0
92804,0
92805,0
92806,0
92807,0
92808,0
92809,0
92810,0
92811,0
92812,0
92813,0
92814,0
92815,0
92816,0
92817,0
92818,0
92819,0
92820,48
92821,0
92822,0
92823,0
92824,0
92825,0
92826,0
92827,24
92828,0
92829,36
92830,0
92831,29
92832,27
92833,0
92834,0
92835,0
92836,0
92837,0
92838,0
92839,61
92840,0
92841,0
92842,0
92843,0
92844,0
92845,0
92846,0
92847,0
92848,54
92849,48
92850,0
92851,0
92852,0
92853,0
92854,0
92855,0
92856,0
92857,0
92858,0
92859,0
92860,0
92861,0
92862,34
92863,0
92864,0
92865,0
92866,0
92867,0
92868,0
92869,0
92870,0
92871,0
92872,0
92873,0
92874,0
92875,0
92876,0
92877,0
92878,0
92879,0
92880,0
92881,0
92882,0
92883,0
92884,0
92885,0
92886,23
92887,0
92888,0
92889,0
92890,0
92891,0
92892,45
92893,0
92894,0
92895,0
92896,0
92897,15
92898,0
92899,0
92900,0
92901,0
92902,0
92903,0
92904,30
92905,0
92906,0
92907,0
92908,37
92909,0
92910,0
92911,0
92912,0
92913,0
92914,0
92915,0
92916,0
92917,0
92918,0
92919,26
92920,12
92921,0
92922,0
92923,0
92924,0
92925,0
92926,0
92927,0
92928,0
92929,0
92930,0
92931,0
92932,49
92933,0
92934,0
92935,0
92936,41
92937,0
92938,0
92939,0
92940,0
92941,0
92942,0
92943,0
92944,0
92945,0
92946,0
92947,0
92948,0
92949,0
92950,0
92951,0
92952,0
92953,44
92954,0
92955,0
92956,0
92957,0
92958,0
92959,0
92960,0
92961,46
92962,0
92963,0
92964,39
92965,0
92966,0
92967,0
92968,0
92969,0
92970,0
92971,0
92972,0
92973,0
92974,0
92975,0
92976,30
92977,0
92978,0
92979,0
92980,0
92981,0
92982,0
92983,0
92984,0
92985,0
92986,0
92987,61
92988,30
92989,30
92990,36
92991,0
92992,0
92993,0
92994,0
92995,0
92996,0
92997,0
92998,0
92999,0
93000,34
93001,0
93002,0
93003,0
93004,0
93005,0
93006,0
93007,29
93008,0
93009,0
93010,0
93011,0
93012,0
93013,0
93014,0
93015,26
93016,0
93017,0
93018,0
93019,0
93020,0
93021,0
93022,0
93023,0
93024,0
93025,0
93026,0
93027,46
93028,0
93029,0
93030,54
93031,0
93032,0
93033,33
93034,0
93035,0
93036,30
93037,0
93038,0
93039,0
93040,0
93041,0
93042,0
93043,0
93044,28
93045,0
93046,0
93047,0
93048,20
93049,0
93050,0
93051,0
93052,0
93053,0
93054,0
93055,0
93056,0
93057,0
93058,39
93059,0
93060,48
93061,0
93062,29
93063,0
93064,0
93065,0
93066,0
93067,0
93068,0
93069,0
93070,0
93071,0
93072,0
93073,0
93074,0
93075,0
93076,0
93077,0
93078,0
93079,52
93080,0
93081,0
93082,0
93083,0
93084,0
93085,0
93086,0
93087,30
93088,0
93089,0
93090,0
93091,0
93092,0
93093,0
93094,0
93095,0
93096,19
93097,0
93098,0
93099,0
93100,0
93101,0
93102,0
93103,21
93104,0
93105,0
93106,0
93107,0
93108,0
93109,27
93110,0
93111,0
93112,0
93113,25
93114,27
93115,0
93116,0
93117,23
93118,30
93119,24
93120,0
93121,0
93122,0
93123,0
93124,0
93125,0
93126,0
93127,0
93128,0
93129,0
93130,0
93131,0
93132,0
93133,0
93134,0
93135,0
93136,38
93137,0
93138,31
93139,0
93140,0
93141,0
93142,0
93143,0
93144,0
93145,0
93146,0
93147,49
93148,0
93149,79
93150,0
93151,0
93152,0
93153,0
93154,0
93155,0
93156,0
93157,0
93158,0
93159,0
93160,0
93161,0
93162,0
93163,0
93164,0
93165,0
93166,0
93167,0
93168,0
93169,0
93170,0
93171,0
93172,0
93173,0
93174,0
93175,0
93176,0
93177,0
93178,0
93179,0
93180,0
93181,0
93182,0
93183,0
93184,0
93185,32
93186,0
93187,0
93188,0
93189,0
93190,0
93191,0
93192,0
93193,0
93194,0
93195,0
93196,0
93197,0
93198,0
93199,0
93200,0
93201,0
93202,0
93203,0
93204,0
93205,0
93206,0
93207,0
93208,0
93209,0
93210,0
93211,48
93212,0
93213,0
93214,22
93215,19
93216,0
93217,0
93218,28
93219,0
93220,0
93221,0
93222,0
93223,0
93224,0
93225,0
93226,0
93227,0
93228,0
93229,0
93230,0
93231,0
93232,0
93233,0
93234,0
93235,31
93236,0
93237,0
93238,0
93239,0
93240,0
93241,0
93242,0
93243,0
93244,0
93245,0
93246,34
93247,34
93248,0
93249,0
93250,0
93251,0
93252,0
93253,0
93254,0
93255,0
93256,32
93257,0
93258,0
93259,0
93260,0
93261,0
93262,0
93263,0
93264,0
93265,0
93266,0
93267,0
93268,23
93269,0
93270,0
93271,0
93272,0
93273,0
93274,0
93275,0
93276,0
93277,20
93278,0
93279,0
93280,0
93281,0
93282,0
93283,0
93284,0
93285,0
93286,0
93287,20
93288,48
93289,0
93290,0
93291,0
93292,0
93293,0
93294,0
93295,0
93296,0
93297,0
93298,0
93299,34
93300,0
93301,0
93302,0
93303,0
93304,0
93305,0
93306,19
93307,0
93308,0
93309,0
93310,36
93311,0
93312,0
93313,0
93314,0
93315,0
93316,0
93317,0
93318,38
93319,0
93320,0
93321,0
93322,0
93323,0
93324,0
93325,25
93326,0
93327,0
93328,0
93329,0
93330,0
93331,0
93332,0
93333,0
93334,0
93335,0
93336,0
93337,0
93338,0
93339,0
93340,0
93341,0
93342,0
93343,0
93344,0
93345,0
93346,0
93347,0
93348,0
93349,0
93350,0
93351,0
93352,0
93353,0
93354,0
93355,0
93356,0
93357,0
93358,0
93359,30
93360,0
93361,46
93362,0
93363,0
93364,24
93365,0
93366,0
93367,14
93368,0
93369,0
93370,0
93371,0
93372,0
93373,0
93374,0
93375,0
93376,41
93377,0
93378,0
93379,0
93380,0
93381,42
93382,0
93383,0
93384,0
93385,0
93386,0
93387,0
93388,0
93389,0
93390,0
93391,0
93392,0
93393,0
93394,0
93395,0
93396,0
93397,0
93398,0
93399,0
93400,0
93401,0
93402,21
93403,0
93404,42
93405,0
93406,0
93407,0
93408,23
93409,0
93410,0
93411,0
93412,0
93413,0
93414,0
93415,0
93416,0
93417,0
93418,0
93419,0
93420,0
93421,0
93422,0
93423,31
93424,0
93425,0
93426,60
93427,0
93428,0
93429,0
93430,22
93431,0
93432,0
93433,0
93434,0
93435,0
93436,0
93437,0
93438,0
93439,0
93440,0
93441,0
93442,0
93443,0
93444,0
93445,53
93446,0
93447,0
93448,0
93449,0
93450,0
93451,0
93452,0
93453,0
93454,0
93455,0
93456,0
93457,0
93458,0
93459,0
93460,0
93461,0
93462,47
93463,0
93464,0
93465,0
93466,47
93467,0
93468,0
93469,0
93470,0
93471,33
93472,0
93473,0
93474,0
93475,0
93476,0
93477,0
93478,0
93479,0
93480,0
93481,29
93482,0
93483,25
93484,0
93485,0
93486,0
93487,0
93488,0
93489,0
93490,0
93491,0
93492,0
93493,0
93494,0
93495,0
93496,0
93497,0
93498,0
93499,0
93500,0
93501,0
93502,0
93503,0
93504,71
93505,0
93506,0
93507,24
93508,0
93509,0
93510,0
93511,0
93512,0
93513,0
93514,0
93515,0
93516,0
93517,0
93518,0
93519,0
93520,0
93521,65
93522,49
93523,0
93524,0
93525,22
93526,0
93527,0
93528,0
93529,0
93530,0
93531,0
93532,0
93533,0
93534,0
93535,0
93536,0
93537,0
93538,0
93539,0
93540,0
93541,44
93542,0
93543,0
93544,0
93545,46
93546,0
93547,0
93548,0
93549,0
93550,0
93551,0
93552,0
93553,0
93554,0
93555,0
93556,0
93557,24
93558,0
93559,0
93560,0
93561,0
93562,0
93563,0
93564,0
93565,0
93566,0
93567,0
93568,0
93569,0
93570,0
93571,0
93572,0
93573,0
93574,0
93575,0
93576,0
93577,0
93578,0
93579,0
93580,0
93581,0
93582,0
93583,0
93584,0
93585,0
93586,0
93587,0
93588,0
93589,0
93590,0
93591,0
93592,36
93593,0
93594,0
93595,0
93596,0
93597,0
93598,0
93599,0
93600,0
93601,0
93602,0
93603,0
93604,0
93605,0
93606,0
93607,0
93608,0
93609,0
93610,0
93611,0
93612,0
93613,0
93614,0
93615,0
93616,0
93617,0
93618,28
93619,0
93620,0
93621,0
93622,0
93623,0
93624,0
93625,0
93626,0
93627,0
93628,0
93629,0
93630,0
93631,0
93632,0
93633,0
93634,0
93635,0
93636,0
93637,0
93638,0
93639,43
93640,0
93641,0
93642,0
93643,0
93644,0
93645,0
93646,0
93647,0
93648,0
93649,0
93650,0
93651,0
93652,0
93653,0
93654,0
93655,32
93656,22
93657,0
93658,0
93659,0
93660,0
93661,0
93662,0
93663,0
93664,29
93665,0
93666,0
93667,0
93668,0
93669,0
93670,0
93671,0
93672,0
93673,0
93674,0
93675,0
93676,0
93677,0
93678,0
93679,0
93680,0
93681,0
93682,0
93683,0
93684,0
93685,0
93686,25
93687,0
93688,0
93689,0
93690,0
93691,0
93692,39
93693,0
93694,0
93695,0
93696,0
93697,0
93698,0
93699,0
93700,0
93701,0
93702,32
93703,0
93704,0
93705,0
93706,0
93707,0
93708,23
93709,51
93710,0
93711,0
93712,37
93713,0
93714,0
93715,0
93716,0
93717,0
93718,0
93719,16
93720,0
93721,0
93722,0
93723,0
93724,0
93725,0
93726,0
93727,0
93728,0
93729,0
93730,0
93731,0
93732,0
93733,0
93734,0
93735,60
93736,0
93737,0
93738,0
93739,0
93740,0
93741,0
93742,0
93743,0
93744,0
93745,0
93746,23
93747,0
93748,0
93749,0
93750,0
93751,0
93752,0
93753,0
93754,0
93755,0
93756,20
93757,22
93758,0
93759,0
93760,0
93761,0
93762,0
93763,0
93764,0
93765,0
93766,0
93767,0
93768,0
93769,0
93770,0
93771,10
93772,19
93773,8
93774,0
93775,0
93776,9
93777,0
93778,11
93779,0
93780,0
93781,0
93782,0
93783,0
93784,0
93785,12
93786,14
93787,0
93788,0
93789,0
93790,0
93791,12
93792,0
93793,11
93794,10
93795,12
93796,0
93797,12
93798,0
93799,0
93800,8
93801,0
93802,0
93803,0
93804,0
93805,15
93806,0
93807,0
93808,0
93809,0
93810,18
93811,0
93812,0
93813,10
93814,0
93815,0
93816,0
93817,0
93818,0
93819,0
93820,0
93821,0
93822,0
93823,0
93824,0
93825,0
93826,0
93827,0
93828,0
93829,0
93830,0
93831,0
93832,0
93833,15
93834,12
93835,0
93836,11
93837,0
93838,0
93839,10
93840,0
93841,0
93842,0
93843,0
93844,8
93845,0
93846,0
93847,0
93848,6
93849,0
93850,0
93851,0
93852,0
93853,0
93854,0
93855,10
93856,0
93857,0
93858,16
93859,0
93860,0
93861,0
93862,0
93863,0
93864,0
93865,0
93866,0
93867,0
93868,0
93869,13
93870,0
93871,0
93872,6
93873,0
93874,0
93875,0
93876,6
93877,0
93878,0
93879,0
93880,0
93881,0
93882,0
93883,0
93884,7
93885,0
93886,12
93887,0
93888,0
93889,0
93890,0
93891,9
93892,3
93893,17
93894,0
93895,0
93896,0
93897,0
93898,17
93899,11
93900,15
93901,0
93902,0
93903,0
93904,13
93905,10
93906,0
93907,0
93908,0
93909,12
93910,0
93911,0
93912,14
93913,0
93914,0
93915,0
93916,0
93917,9
93918,0
93919,16
93920,0
93921,13
93922,0
93923,0
93924,0
93925,0
93926,12
93927,0
93928,0
93929,0
93930,0
93931,0
93932,0
93933,8
93934,18
93935,0
93936,0
93937,0
93938,0
93939,14
93940,0
93941,0
93942,0
93943,0
93944,14
93945,0
93946,0
93947,0
93948,0
93949,0
93950,0
93951,0
93952,0
93953,0
93954,19
93955,10
93956,0
93957,0
93958,10
93959,0
93960,0
93961,0
93962,11
93963,0
93964,0
93965,0
93966,0
93967,0
93968,0
93969,0
93970,0
93971,5
93972,0
93973,0
93974,16
93975,0
93976,0
93977,0
93978,17
93979,0
93980,0
93981,7
93982,0
93983,9
93984,0
93985,11
93986,0
93987,0
93988,8
93989,0
93990,20
93991,0
93992,0
93993,0
93994,0
93995,6
93996,0
93997,17
93998,0
93999,0
94000,1
94001,0
94002,0
94003,12
94004,0
94005,15
94006,0
94007,0
94008,0
94009,0
94010,17
94011,10
94012,0
94013,0
94014,0
94015,0
94016,11
94017,0
94018,0
94019,0
94020,0
94021,0
94022,14
94023,0
94024,16
94025,0
94026,0
94027,0
94028,0
94029,0
94030,0
94031,0
94032,0
94033,0
94034,0
94035,0
94036,11
94037,17
94038,0
94039,10
94040,0
94041,0
94042,0
94043,0
94044,0
94045,0
94046,0
94047,0
94048,0
94049,0
94050,0
94051,0
94052,0
94053,10
94054,0
94055,0
94056,12
94057,0
94058,0
94059,0
94060,0
94061,0
94062,0
94063,0
94064,0
94065,0
94066,0
94067,0
94068,0
94069,0
94070,12
94071,0
94072,0
94073,0
94074,0
94075,0
94076,0
94077,13
94078,0
94079,0
94080,0
94081,0
94082,0
94083,14
94084,0
94085,0
94086,0
94087,17
94088,0
94089,0
94090,0
94091,0
94092,0
94093,0
94094,0
94095,14
94096,0
94097,0
94098,9
94099,0
94100,11
94101,0
94102,9
94103,0
94104,0
94105,0
94106,13
94107,9
94108,0
94109,0
94110,0
94111,0
94112,0
94113,0
94114,0
94115,0
94116,0
94117,0
94118,0
94119,0
94120,0
94121,0
94122,0
94123,0
94124,10
94125,0
94126,0
94127,0
94128,0
94129,0
94130,0
94131,0
94132,0
94133,0
94134,0
94135,0
94136,9
94137,0
94138,0
94139,0
94140,0
94141,0
94142,11
94143,0
94144,0
94145,0
94146,0
94147,11
94148,0
94149,0
94150,0
94151,9
94152,19
94153,0
94154,0
94155,9
94156,0
94157,0
94158,0
94159,0
94160,9
94161,9
94162,19
94163,0
94164,0
94165,23
94166,0
94167,16
94168,14
94169,0
94170,11
94171,6
94172,0
94173,0
94174,0
94175,0
94176,7
94177,0
94178,0
94179,12
94180,0
94181,0
94182,0
94183,0
94184,11
94185,0
94186,12
94187,0
94188,0
94189,0
94190,0
94191,0
94192,11
94193,0
94194,11
94195,0
94196,0
94197,0
94198,0
94199,0
94200,4
94201,0
94202,0
94203,0
94204,0
94205,5
94206,0
94207,0
94208,0
94209,0
94210,12
94211,0
94212,0
94213,0
94214,0
94215,0
94216,0
94217,0
94218,0
94219,0
94220,0
94221,14
94222,0
94223,0
94224,0
94225,0
94226,0
94227,0
94228,0
94229,0
94230,13
94231,0
94232,0
94233,0
94234,0
94235,0
94236,0
94237,0
94238,0
94239,0
94240,0
94241,0
94242,0
94243,0
94244,0
94245,0
94246,0
94247,0
94248,0
94249,18
94250,12
94251,0
94252,0
94253,0
94254,0
94255,0
94256,0
94257,0
94258,0
94259,0
94260,16
94261,0
94262,0
94263,0
94264,8
94265,0
94266,0
94267,0
94268,0
94269,0
94270,7
94271,0
94272,0
94273,0
94274,0
94275,0
94276,0
94277,0
94278,0
94279,0
94280,0
94281,0
94282,5
94283,15
94284,0
94285,9
94286,0
94287,0
94288,16
94289,0
94290,0
94291,0
94292,10
94293,0
94294,0
94295,0
94296,0
94297,0
94298,12
94299,0
94300,0
94301,9
94302,0
94303,0
94304,0
94305,0
94306,0
94307,0
94308,0
94309,0
94310,20
94311,0
94312,0
94313,0
94314,0
94315,0
94316,0
94317,0
94318,0
94319,0
94320,0
94321,0
94322,0
94323,0
94324,0
94325,8
94326,0
94327,0
94328,0
94329,0
94330,0
94331,0
94332,0
94333,0
94334,0
94335,12
94336,0
94337,16
94338,0
94339,16
94340,0
94341,0
94342,11
94343,0
94344,16
94345,0
94346,0
94347,0
94348,0
94349,19
94350,0
94351,18
94352,13
94353,0
94354,10
94355,14
94356,17
94357,0
94358,0
94359,0
94360,0
94361,14
94362,0
94363,0
94364,0
94365,0
94366,0
94367,11
94368,0
94369,0
94370,0
94371,0
94372,0
94373,0
94374,0
94375,0
94376,16
94377,9
94378,11
94379,0
94380,0
94381,0
94382,0
94383,0
94384,0
94385,0
94386,0
94387,0
94388,0
94389,9
94390,16
94391,0
94392,14
94393,16
94394,0
94395,0
94396,0
94397,0
94398,0
94399,20
94400,0
94401,0
94402,0
94403,0
94404,0
94405,0
94406,0
94407,0
94408,0
94409,0
94410,0
94411,0
94412,0
94413,0
94414,0
94415,7
94416,0
94417,8
94418,0
94419,12
94420,0
94421,0
94422,0
94423,0
94424,10
94425,0
94426,10
94427,0
94428,0
94429,0
94430,0
94431,0
94432,0
94433,0
94434,0
94435,0
94436,12
94437,0
94438,0
94439,0
94440,0
94441,0
94442,6
94443,0
94444,10
94445,0
94446,0
94447,0
94448,0
94449,0
94450,0
94451,0
94452,0
94453,0
94454,0
94455,0
94456,5
94457,9
94458,0
94459,11
94460,0
94461,0
94462,0
94463,0
94464,0
94465,0
94466,0
94467,0
94468,0
94469,0
94470,0
94471,0
94472,0
94473,0
94474,0
94475,0
94476,0
94477,0
94478,11
94479,0
94480,0
94481,0
94482,0
94483,0
94484,0
94485,3
94486,0
94487,0
94488,0
94489,0
94490,11
94491,0
94492,0
94493,0
94494,0
94495,0
94496,9
94497,16
94498,14
94499,0
94500,0
94501,0
94502,17
94503,14
94504,0
94505,11
94506,0
94507,0
94508,0
94509,0
94510,0
94511,0
94512,0
94513,0
94514,0
94515,0
94516,0
94517,0
94518,0
94519,0
94520,0
94521,0
94522,14
94523,17
94524,0
94525,5
94526,0
94527,12
94528,0
94529,12
94530,0
94531,0
94532,0
94533,0
94534,0
94535,0
94536,0
94537,0
94538,17
94539,0
94540,15
94541,0
94542,0
94543,8
94544,13
94545,10
94546,0
94547,16
94548,0
94549,12
94550,0
94551,0
94552,6
94553,0
94554,0
94555,8
94556,0
94557,7
94558,0
94559,0
94560,0
94561,9
94562,0
94563,16
94564,4
94565,0
94566,17
94567,0
94568,0
94569,0
94570,13
94571,0
94572,0
94573,0
94574,0
94575,0
94576,0
94577,9
94578,0
94579,0
94580,13
94581,4
94582,0
94583,0
94584,10
94585,0
94586,0
94587,17
94588,15
94589,5
94590,0
94591,10
94592,8
94593,11
94594,8
94595,14
94596,0
94597,0
94598,0
94599,0
94600,0
94601,0
94602,7
94603,11
94604,0
94605,0
94606,0
94607,0
94608,0
94609,5
94610,9
94611,0
94612,0
94613,0
94614,0
94615,0
94616,0
94617,0
94618,0
94619,0
94620,13
94621,0
94622,0
94623,0
94624,0
94625,0
94626,9
94627,0
94628,0
94629,0
94630,0
94631,0
94632,8
94633,8
94634,0
94635,0
94636,20
94637,0
94638,0
94639,8
94640,0
94641,0
94642,0
94643,0
94644,0
94645,11
94646,0
94647,0
94648,0
94649,0
94650,0
94651,0
94652,8
94653,0
94654,9
94655,12
94656,0
94657,0
94658,12
94659,0
94660,0
94661,0
94662,9
94663,0
94664,0
94665,9
94666,0
94667,0
94668,0
94669,0
94670,0
94671,0
94672,0
94673,0
94674,0
94675,0
94676,0
94677,0
94678,0
94679,0
94680,15
94681,0
94682,0
94683,0
94684,16
94685,0
94686,10
94687,0
94688,10
94689,0
94690,0
94691,0
94692,0
94693,0
94694,0
94695,10
94696,16
94697,15
94698,10
94699,0
94700,0
94701,7
94702,13
94703,0
94704,0
94705,0
94706,0
94707,0
94708,0
94709,5
94710,0
94711,0
94712,0
94713,0
94714,0
94715,0
94716,0
94717,0
94718,0
94719,0
94720,0
94721,0
94722,0
94723,0
94724,37
94725,0
94726,0
94727,0
94728,0
94729,0
94730,0
94731,0
94732,0
94733,0
94734,31
94735,0
94736,0
94737,0
94738,0
94739,0
94740,0
94741,0
94742,0
94743,37
94744,0
94745,0
94746,0
94747,0
94748,0
94749,0
94750,0
94751,0
94752,0
94753,0
94754,0
94755,0
94756,0
94757,0
94758,0
94759,0
94760,0
94761,0
94762,0
94763,0
94764,0
94765,0
94766,0
94767,0
94768,0
94769,52
94770,0
94771,0
94772,0
94773,0
94774,0
94775,44
94776,0
94777,0
94778,0
94779,0
94780,0
94781,0
94782,46
94783,0
94784,0
94785,34
94786,0
94787,0
94788,0
94789,0
94790,12
94791,17
94792,0
94793,31
94794,0
94795,0
94796,29
94797,0
94798,32
94799,0
94800,0
94801,0
94802,0
94803,0
94804,0
94805,0
94806,0
94807,0
94808,0
94809,0
94810,0
94811,0
94812,0
94813,38
94814,0
94815,0
94816,0
94817,0
94818,0
94819,0
94820,0
94821,0
94822,0
94823,0
94824,0
94825,0
94826,0
94827,0
94828,0
94829,0
94830,0
94831,0
94832,38
94833,0
94834,0
94835,0
94836,0
94837,0
94838,0
94839,0
94840,0
94841,0
94842,0
94843,0
94844,0
94845,0
94846,0
94847,0
94848,0
94849,0
94850,0
94851,0
94852,0
94853,29
94854,0
94855,0
94856,0
94857,0
94858,0
94859,0
94860,0
94861,0
94862,0
94863,0
94864,0
94865,0
94866,60
94867,0
94868,0
94869,0
94870,0
94871,0
94872,0
94873,0
94874,0
94875,0
94876,0
94877,0
94878,0
94879,0
94880,0
94881,0
94882,0
94883,0
94884,0
94885,0
94886,0
94887,0
94888,0
94889,0
94890,33
94891,0
94892,0
94893,0
94894,0
94895,0
94896,0
94897,0
94898,0
94899,0
94900,0
94901,0
94902,0
94903,0
94904,0
94905,0
94906,0
94907,0
94908,0
94909,0
94910,26
94911,0
94912,0
94913,0
94914,0
94915,0
94916,0
94917,0
94918,0
94919,0
94920,0
94921,0
94922,0
94923,0
94924,0
94925,0
94926,0
94927,0
94928,0
94929,0
94930,0
94931,0
94932,0
94933,0
94934,0
94935,0
94936,37
94937,0
94938,0
94939,30
94940,0
94941,0
94942,0
94943,0
94944,0
94945,0
94946,0
94947,0
94948,0
94949,0
94950,0
94951,0
94952,0
94953,0
94954,0
94955,0
94956,0
94957,0
94958,0
94959,0
94960,0
94961,0
94962,0
94963,0
94964,0
94965,0
94966,0
94967,0
94968,0
94969,0
94970,0
94971,0
94972,0
94973,0
94974,0
94975,0
94976,34
94977,0
94978,0
94979,0
94980,38
94981,0
94982,0
94983,0
94984,41
94985,0
94986,0
94987,0
94988,0
94989,0
94990,0
94991,0
94992,0
94993,0
94994,0
94995,0
94996,0
94997,0
94998,0
94999,0
95000,28
95001,0
95002,0
95003,0
95004,0
95005,0
95006,0
95007,0
95008,24
95009,0
95010,29
95011,0
95012,0
95013,0
95014,0
95015,0
95016,0
95017,0
95018,0
95019,0
95020,0
95021,0
95022,0
95023,0
95024,0
95025,0
95026,0
95027,0
95028,0
95029,0
95030,0
95031,0
95032,0
95033,0
95034,0
95035,0
95036,0
95037,0
95038,0
95039,0
95040,0
95041,0
95042,0
95043,0
95044,0
95045,0
95046,0
95047,0
95048,0
95049,41
95050,0
95051,0
95052,40
95053,0
95054,0
95055,0
95056,0
95057,0
95058,0
95059,0
95060,0
95061,0
95062,0
95063,0
95064,0
95065,0
95066,0
95067,0
95068,0
95069,0
95070,0
95071,41
95072,0
95073,0
95074,0
95075,0
95076,0
95077,0
95078,0
95079,0
95080,0
95081,0
95082,0
95083,0
95084,21
95085,0
95086,0
95087,0
95088,0
95089,0
95090,0
95091,0
95092,0
95093,0
95094,0
95095,0
95096,0
95097,0
95098,0
95099,0
95100,0
95101,0
95102,0
95103,0
95104,0
95105,0
95106,0
95107,0
95108,0
95109,0
95110,0
95111,0
95112,0
95113,0
95114,0
95115,0
95116,0
95117,0
95118,0
95119,0
95120,0
95121,0
95122,0
95123,0
95124,0
95125,0
95126,0
95127,0
95128,0
95129,0
95130,0
95131,0
95132,0
95133,0
95134,0
95135,0
95136,0
95137,0
95138,0
95139,0
95140,0
95141,0
95142,0
95143,0
95144,0
95145,0
95146,0
95147,0
95148,0
95149,0
95150,0
95151,0
95152,0
95153,0
95154,0
95155,0
95156,0
95157,0
95158,0
95159,0
95160,0
95161,0
95162,0
95163,28
95164,0
95165,0
95166,0
95167,0
95168,0
95169,29
95170,0
95171,0
95172,0
95173,0
95174,0
95175,0
95176,0
95177,0
95178,0
95179,0
95180,0
95181,0
95182,0
95183,0
95184,0
95185,0
95186,0
95187,0
95188,0
95189,0
95190,0
95191,0
95192,0
95193,0
95194,0
95195,0
95196,0
95197,0
95198,0
95199,0
95200,0
95201,0
95202,0
95203,0
95204,0
95205,0
95206,0
95207,0
95208,0
95209,0
95210,0
95211,0
95212,0
95213,0
95214,0
95215,21
95216,0
95217,0
95218,0
95219,30
95220,33
95221,0
95222,0
95223,0
95224,0
95225,0
95226,0
95227,0
95228,33
95229,0
95230,0
95231,0
95232,0
95233,0
95234,0
95235,0
95236,0
95237,0
95238,0
95239,0
95240,0
95241,0
95242,0
95243,0
95244,0
95245,0
95246,0
95247,0
95248,0
95249,0
95250,0
95251,0
95252,0
95253,0
95254,0
95255,0
95256,0
95257,0
95258,0
95259,0
95260,0
95261,0
95262,0
95263,41
95264,0
95265,0
95266,0
95267,0
95268,0
95269,0
95270,0
95271,0
95272,0
95273,34
95274,0
95275,0
95276,0
95277,0
95278,0
95279,0
95280,20
95281,0
95282,0
95283,0
95284,0
95285,0
95286,0
95287,0
95288,0
95289,0
95290,0
95291,0
95292,0
95293,0
95294,0
95295,0
95296,0
95297,0
95298,0
95299,0
95300,0
95301,0
95302,0
95303,0
95304,0
95305,0
95306,46
95307,0
95308,0
95309,0
95310,28
95311,0
95312,0
95313,0
95314,0
95315,0
95316,0
95317,0
95318,0
95319,0
95320,27
95321,0
95322,45
95323,0
95324,0
95325,34
95326,0
95327,0
95328,0
95329,0
95330,0
95331,0
95332,37
95333,0
95334,0
95335,0
95336,0
95337,0
95338,0
95339,0
95340,38
95341,0
95342,0
95343,0
95344,0
95345,0
95346,0
95347,0
95348,0
95349,0
95350,0
95351,0
95352,0
95353,0
95354,0
95355,0
95356,0
95357,0
95358,0
95359,0
95360,0
95361,0
95362,0
95363,0
95364,0
95365,0
95366,0
95367,0
95368,0
95369,0
95370,0
95371,0
95372,0
95373,0
95374,0
95375,27
95376,0
95377,0
95378,0
95379,0
95380,0
95381,0
95382,41
95383,0
95384,40
95385,0
95386,0
95387,0
95388,0
95389,0
95390,0
95391,0
95392,43
95393,0
95394,0
95395,0
95396,42
95397,0
95398,0
95399,0
95400,0
95401,46
95402,0
95403,0
95404,37
95405,0
95406,0
95407,0
95408,0
95409,0
95410,0
95411,0
95412,31
95413,0
95414,0
95415,0
95416,0
95417,0
95418,0
95419,0
95420,0
95421,0
95422,26
95423,0
95424,0
95425,0
95426,0
95427,0
95428,0
95429,0
95430,0
95431,32
95432,0
95433,0
95434,0
95435,0
95436,0
95437,0
95438,0
95439,0
95440,0
95441,0
95442,0
95443,0
95444,0
95445,0
95446,0
95447,0
95448,0
95449,0
95450,0
95451,0
95452,0
95453,0
95454,0
95455,0
95456,0
95457,0
95458,0
95459,0
95460,0
95461,0
95462,0
95463,0
95464,0
95465,0
95466,0
95467,0
95468,0
95469,0
95470,0
95471,0
95472,0
95473,0
95474,34
95475,0
95476,0
95477,0
95478,0
95479,0
95480,0
95481,0
95482,0
95483,0
95484,0
95485,46
95486,0
95487,0
95488,0
95489,30
95490,0
95491,0
95492,50
95493,0
95494,0
95495,0
95496,0
95497,0
95498,0
95499,0
95500,0
95501,0
95502,0
95503,36
95504,0
95505,0
95506,0
95507,0
95508,0
95509,0
95510,0
95511,0
95512,0
95513,0
95514,3
95515,0
95516,0
95517,0
95518,0
95519,0
95520,0
95521,0
95522,0
95523,0
95524,0
95525,0
95526,0
95527,0
95528,0
95529,0
95530,0
95531,5
95532,0
95533,0
95534,0
95535,0
95536,0
95537,0
95538,0
95539,0
95540,0
95541,0
95542,0
95543,0
95544,0
95545,0
95546,0
95547,0
95548,0
95549,0
95550,0
95551,0
95552,0
95553,0
95554,0
95555,0
95556,0
95557,0
95558,0
95559,0
95560,0
95561,0
95562,0
95563,0
95564,0
95565,0
95566,0
95567,0
95568,0
95569,0
95570,0
95571,0
95572,0
95573,0
95574,0
95575,0
95576,0
95577,0
95578,0
95579,0
95580,0
95581,0
95582,0
95583,0
95584,0
95585,0
95586,0
95587,0
95588,0
95589,0
95590,0
95591,6
95592,0
95593,0
95594,0
95595,0
95596,0
95597,0
95598,7
95599,0
95600,0
95601,0
95602,0
95603,5
95604,0
95605,0
95606,0
95607,0
95608,0
95609,0
95610,0
95611,0
95612,2
95613,0
95614,0
95615,0
95616,0
95617,0
95618,0
95619,0
95620,0
95621,0
95622,0
95623,0
95624,0
95625,0
95626,0
95627,0
95628,0
95629,0
95630,0
95631,0
95632,0
95633,0
95634,0
95635,0
95636,0
95637,0
95638,0
95639,0
95640,0
95641,0
95642,0
95643,0
95644,0
95645,0
95646,4
95647,0
95648,0
95649,0
95650,0
95651,0
95652,0
95653,0
95654,0
95655,0
95656,0
95657,0
95658,0
95659,0
95660,0
95661,0
95662,0
95663,0
95664,0
95665,0
95666,4
95667,0
95668,0
95669,0
95670,0
95671,0
95672,0
95673,0
95674,0
95675,0
95676,0
95677,0
95678,10
95679,0
95680,0
95681,0
95682,0
95683,0
95684,0
95685,0
95686,0
95687,0
95688,0
95689,0
95690,0
95691,0
95692,0
95693,0
95694,0
95695,0
95696,0
95697,0
95698,0
95699,2
95700,0
95701,0
95702,0
95703,5
95704,5
95705,0
95706,5
95707,0
95708,0
95709,0
95710,0
95711,0
95712,0
95713,0
95714,0
95715,0
95716,0
95717,0
95718,0
95719,0
95720,0
95721,0
95722,0
95723,0
95724,0
95725,6
95726,0
95727,0
95728,0
95729,0
95730,0
95731,0
95732,0
95733,0
95734,0
95735,12
95736,0
95737,0
95738,0
95739,0
95740,0
95741,0
95742,0
95743,0
95744,0
95745,0
95746,0
95747,0
95748,0
95749,0
95750,0
95751,0
95752,0
95753,3
95754,0
95755,0
95756,0
95757,0
95758,0
95759,0
95760,0
95761,0
95762,0
95763,0
95764,0
95765,0
95766,0
95767,0
95768,0
95769,0
95770,0
95771,0
95772,0
95773,0
95774,0
95775,0
95776,8
95777,0
95778,0
95779,0
95780,4
95781,0
95782,0
95783,0
95784,0
95785,0
95786,0
95787,0
95788,0
95789,0
95790,0
95791,4
95792,0
95793,0
95794,0
95795,0
95796,0
95797,0
95798,0
95799,0
95800,0
95801,0
95802,0
95803,0
95804,0
95805,0
95806,0
95807,4
95808,0
95809,0
95810,0
95811,0
95812,0
95813,0
95814,0
95815,0
95816,0
95817,0
95818,0
95819,0
95820,0
95821,0
95822,0
95823,0
95824,0
95825,0
95826,0
95827,0
95828,0
95829,0
95830,0
95831,0
95832,0
95833,0
95834,0
95835,0
95836,0
95837,0
95838,0
95839,0
95840,0
95841,0
95842,0
95843,0
95844,0
95845,0
95846,0
95847,0
95848,0
95849,0
95850,0
95851,0
95852,0
95853,0
95854,0
95855,0
95856,10
95857,0
95858,0
95859,0
95860,0
95861,0
95862,0
95863,0
95864,0
95865,0
95866,0
95867,0
95868,0
95869,0
95870,0
95871,0
95872,0
95873,0
95874,0
95875,0
95876,0
95877,0
95878,0
95879,0
95880,0
95881,0
95882,0
95883,0
95884,0
95885,0
95886,0
95887,0
95888,4
95889,0
95890,0
95891,0
95892,0
95893,0
95894,0
95895,0
95896,0
95897,0
95898,0
95899,0
95900,0
95901,0
95902,0
95903,0
95904,0
95905,0
95906,0
95907,0
95908,0
95909,0
95910,0
95911,0
95912,0
95913,0
95914,0
95915,0
95916,0
95917,0
95918,0
95919,0
95920,0
95921,0
95922,0
95923,0
95924,0
95925,0
95926,0
95927,0
95928,0
95929,0
95930,0
95931,0
95932,0
95933,0
95934,0
95935,0
95936,0
95937,0
95938,0
95939,0
95940,0
95941,0
95942,0
95943,0
95944,0
95945,0
95946,3
95947,0
95948,0
95949,0
95950,0
95951,0
95952,0
95953,0
95954,0
95955,0
95956,0
95957,0
95958,0
95959,0
95960,0
95961,0
95962,0
95963,0
95964,0
95965,0
95966,0
95967,0
95968,0
95969,0
95970,0
95971,10
95972,0
95973,5
95974,0
95975,0
95976,0
95977,0
95978,0
95979,8
95980,0
95981,0
95982,0
95983,0
95984,0
95985,0
95986,0
95987,0
95988,0
95989,0
95990,0
95991,0
95992,0
95993,0
95994,0
95995,0
95996,0
95997,0
95998,12
95999,0
96000,0
96001,0
96002,0
96003,0
96004,0
96005,0
96006,0
96007,0
96008,6
96009,0
96010,0
96011,0
96012,0
96013,0
96014,0
96015,0
96016,0
96017,0
96018,0
96019,10
96020,0
96021,0
96022,0
96023,0
96024,0
96025,0
96026,0
96027,5
96028,0
96029,0
96030,0
96031,0
96032,0
96033,0
96034,0
96035,0
96036,0
96037,0
96038,0
96039,0
96040,0
96041,0
96042,0
96043,0
96044,0
96045,0
96046,0
96047,0
96048,0
96049,0
96050,0
96051,0
96052,0
96053,0
96054,9
96055,0
96056,0
96057,0
96058,0
96059,0
96060,0
96061,0
96062,0
96063,0
96064,0
96065,0
96066,0
96067,0
96068,0
96069,10
96070,0
96071,0
96072,0
96073,0
96074,0
96075,0
96076,0
96077,0
96078,0
96079,0
96080,0
96081,0
96082,0
96083,0
96084,0
96085,0
96086,0
96087,0
96088,0
96089,0
96090,0
96091,0
96092,0
96093,0
96094,0
96095,0
96096,0
96097,0
96098,0
96099,0
96100,0
96101,0
96102,0
96103,0
96104,0
96105,0
96106,0
96107,0
96108,0
96109,0
96110,0
96111,0
96112,0
96113,0
96114,10
96115,0
96116,0
96117,0
96118,0
96119,0
96120,0
96121,0
96122,0
96123,4
96124,0
96125,0
96126,0
96127,0
96128,0
96129,0
96130,0
96131,0
96132,0
96133,0
96134,0
96135,3
96136,4
96137,0
96138,0
96139,0
96140,0
96141,0
96142,0
96143,7
96144,0
96145,0
96146,0
96147,1
96148,6
96149,0
96150,0
96151,0
96152,0
96153,0
96154,0
96155,0
96156,0
96157,0
96158,0
96159,0
96160,0
96161,0
96162,0
96163,0
96164,0
96165,0
96166,0
96167,0
96168,0
96169,0
96170,0
96171,0
96172,0
96173,0
96174,0
96175,0
96176,0
96177,0
96178,0
96179,0
96180,0
96181,0
96182,0
96183,0
96184,0
96185,0
96186,0
96187,0
96188,0
96189,0
96190,0
96191,0
96192,0
96193,0
96194,0
96195,0
96196,0
96197,0
96198,0
96199,0
96200,0
96201,0
96202,0
96203,0
96204,0
96205,0
96206,0
96207,4
96208,0
96209,0
96210,0
96211,0
96212,0
96213,0
96214,0
96215,0
96216,0
96217,0
96218,0
96219,0
96220,0
96221,0
96222,0
96223,0
96224,0
96225,0
96226,0
96227,0
96228,0
96229,0
96230,0
96231,0
96232,0
96233,0
96234,0
96235,0
96236,0
96237,4
96238,0
96239,0
96240,0
96241,0
96242,0
96243,3
96244,0
96245,0
96246,0
96247,0
96248,0
96249,0
96250,0
96251,0
96252,0
96253,0
96254,0
96255,0
96256,0
96257,0
96258,0
96259,0
96260,0
96261,0
96262,0
96263,0
96264,0
96265,0
96266,0
96267,0
96268,0
96269,0
96270,0
96271,0
96272,0
96273,0
96274,0
96275,0
96276,0
96277,13
96278,0
96279,0
96280,0
96281,0
96282,0
96283,0
96284,0
96285,0
96286,0
96287,0
96288,0
96289,0
96290,0
96291,0
96292,0
96293,0
96294,5
96295,0
96296,0
96297,0
96298,0
96299,0
96300,0
96301,0
96302,0
96303,0
96304,0
96305,0
96306,0
96307,0
96308,0
96309,0
96310,0
96311,0
96312,0
96313,0
96314,0
96315,0
96316,0
96317,0
96318,0
96319,0
96320,0
96321,0
96322,0
96323,0
96324,0
96325,0
96326,0
96327,0
96328,0
96329,0
96330,0
96331,0
96332,0
96333,0
96334,7
96335,0
96336,0
96337,0
96338,0
96339,0
96340,0
96341,0
96342,0
96343,0
96344,0
96345,0
96346,0
96347,7
96348,0
96349,0
96350,0
96351,0
96352,0
96353,0
96354,0
96355,0
96356,0
96357,0
96358,0
96359,0
96360,0
96361,0
96362,0
96363,0
96364,0
96365,0
96366,0
96367,0
96368,0
96369,0
96370,0
96371,0
96372,0
96373,0
96374,0
96375,0
96376,0
96377,0
96378,0
96379,0
96380,0
96381,0
96382,0
96383,0
96384,0
96385,0
96386,0
96387,0
96388,0
96389,0
96390,0
96391,0
96392,0
96393,0
96394,2
96395,0
96396,0
96397,0
96398,0
96399,0
96400,0
96401,0
96402,0
96403,0
96404,0
96405,0
96406,0
96407,0
96408,0
96409,0
96410,0
96411,0
96412,0
96413,0
96414,0
96415,0
96416,0
96417,10
96418,0
96419,0
96420,0
96421,0
96422,3
96423,0
96424,0
96425,0
96426,0
96427,0
96428,0
96429,0
96430,0
96431,0
96432,0
96433,0
96434,0
96435,0
96436,0
96437,0
96438,0
96439,0
96440,0
96441,0
96442,0
96443,0
96444,0
96445,0
96446,0
96447,0
96448,0
96449,0
96450,0
96451,0
96452,0
96453,0
96454,0
96455,0
96456,0
96457,0
96458,0
96459,0
96460,0
96461,0
96462,0
96463,0
96464,0
96465,0
96466,0
96467,0
96468,0
96469,0
96470,0
96471,0
96472,0
96473,0
96474,0
96475,0
96476,0
96477,0
96478,0
96479,0
96480,0
96481,0
96482,0
96483,0
96484,0
96485,0
96486,0
96487,0
96488,0
96489,0
96490,1
96491,0
96492,0
96493,0
96494,0
96495,0
96496,0
96497,0
96498,0
96499,0
96500,0
96501,0
96502,0
96503,0
96504,0
96505,0
96506,0
96507,0
96508,0
96509,0
96510,0
96511,0
96512,0
96513,0
96514,0
96515,0
96516,0
96517,0
96518,0
96519,0
96520,0
96521,0
96522,0
96523,0
96524,0
96525,0
96526,0
96527,0
96528,0
96529,0
96530,0
96531,0
96532,0
96533,0
96534,0
96535,0
96536,0
96537,0
96538,0
96539,0
96540,0
96541,0
96542,0
96543,0
96544,0
96545,0
96546,0
96547,0
96548,0
96549,0
96550,0
96551,0
96552,0
96553,0
96554,0
96555,0
96556,0
96557,0
96558,0
96559,0
96560,0
96561,0
96562,0
96563,0
96564,0
96565,0
96566,0
96567,0
96568,0
96569,0
96570,0
96571,0
96572,0
96573,0
96574,0
96575,0
96576,0
96577,0
96578,0
96579,0
96580,0
96581,0
96582,0
96583,0
96584,0
96585,0
96586,0
96587,0
96588,0
96589,0
96590,0
96591,0
96592,0
96593,0
96594,0
96595,0
96596,0
96597,0
96598,0
96599,0
96600,0
96601,0
96602,0
96603,0
96604,0
96605,0
96606,0
96607,0
96608,0
96609,0
96610,0
96611,0
96612,0
96613,0
96614,0
96615,0
96616,0
96617,0
96618,0
96619,0
96620,0
96621,0
96622,0
96623,0
96624,0
96625,0
96626,0
96627,0
96628,0
96629,0
96630,0
96631,0
96632,0
96633,0
96634,0
96635,0
96636,0
96637,0
96638,0
96639,0
96640,0
96641,0
96642,0
96643,0
96644,0
96645,0
96646,0
96647,0
96648,0
96649,0
96650,0
96651,0
96652,0
96653,0
96654,0
96655,0
96656,0
96657,0
96658,0
96659,0
96660,0
96661,0
96662,0
96663,0
96664,0
96665,0
96666,0
96667,0
96668,0
96669,0
96670,0
96671,0
96672,0
96673,0
96674,0
96675,0
96676,0
96677,0
96678,0
96679,0
96680,0
96681,0
96682,0
96683,0
96684,0
96685,0
96686,0
96687,0
96688,0
96689,0
96690,0
96691,0
96692,0
96693,0
96694,0
96695,0
96696,0
96697,0
96698,0
96699,0
96700,0
96701,0
96702,0
96703,0
96704,0
96705,0
96706,0
96707,0
96708,0
96709,0
96710,0
96711,0
96712,0
96713,0
96714,0
96715,0
96716,0
96717,0
96718,0
96719,0
96720,0
96721,0
96722,0
96723,0
96724,0
96725,0
96726,0
96727,0
96728,0
96729,0
96730,0
96731,0
96732,0
96733,0
96734,0
96735,0
96736,0
96737,0
96738,0
96739,0
96740,0
96741,0
96742,0
96743,0
96744,0
96745,0
96746,0
96747,0
96748,0
96749,0
96750,0
96751,0
96752,0
96753,0
96754,0
96755,0
96756,0
96757,0
96758,0
96759,0
96760,0
96761,0
96762,0
96763,0
96764,0
96765,0
96766,0
96767,0
96768,0
96769,0
96770,0
96771,1
96772,0
96773,0
96774,0
96775,0
96776,0
96777,0
96778,0
96779,0
96780,0
96781,0
96782,0
96783,0
96784,0
96785,0
96786,0
96787,0
96788,0
96789,0
96790,0
96791,0
96792,0
96793,0
96794,0
96795,0
96796,0
96797,0
96798,0
96799,0
96800,0
96801,0
96802,0
96803,0
96804,0
96805,0
96806,0
96807,0
96808,0
96809,0
96810,0
96811,0
96812,0
96813,0
96814,0
96815,0
96816,0
96817,0
96818,0
96819,0
96820,0
96821,0
96822,0
96823,0
96824,0
96825,0
96826,0
96827,0
96828,0
96829,0
96830,1
96831,0
96832,0
96833,0
96834,0
96835,0
96836,0
96837,0
96838,0
96839,0
96840,0
96841,0
96842,0
96843,0
96844,0
96845,0
96846,0
96847,0
96848,0
96849,0
96850,0
96851,0
96852,0
96853,0
96854,0
96855,0
96856,0
96857,0
96858,0
96859,0
96860,0
96861,0
96862,0
96863,0
96864,0
96865,0
96866,0
96867,0
96868,0
96869,0
96870,0
96871,0
96872,0
96873,0
96874,0
96875,0
96876,0
96877,0
96878,0
96879,0
96880,0
96881,0
96882,0
96883,0
96884,0
96885,0
96886,0
96887,0
96888,0
96889,0
96890,0
96891,0
96892,0
96893,0
96894,0
96895,0
96896,0
96897,0
96898,0
96899,0
96900,0
96901,0
96902,0
96903,0
96904,0
96905,0
96906,0
96907,0
96908,0
96909,0
96910,0
96911,0
96912,0
96913,0
96914,0
96915,0
96916,0
96917,0
96918,0
96919,0
96920,0
96921,0
96922,0
96923,0
96924,0
96925,0
96926,0
96927,0
96928,0
96929,0
96930,0
96931,0
96932,0
96933,0
96934,0
96935,0
96936,0
96937,0
96938,0
96939,0
96940,0
96941,0
96942,0
96943,0
96944,0
96945,0
96946,0
96947,0
96948,0
96949,0
96950,0
96951,0
96952,0
96953,0
96954,0
96955,0
96956,0
96957,0
96958,0
96959,0
96960,0
96961,0
96962,0
96963,0
96964,0
96965,0
96966,0
96967,0
96968,0
96969,0
96970,0
96971,0
96972,0
96973,0
96974,0
96975,0
96976,0
96977,0
96978,0
96979,0
96980,0
96981,0
96982,0
96983,0
96984,0
96985,0
96986,0
96987,0
96988,0
96989,0
96990,0
96991,0
96992,0
96993,0
96994,0
96995,0
96996,0
96997,0
96998,0
96999,0
97000,0
97001,0
97002,0
97003,0
97004,0
97005,0
97006,0
97007,0
97008,0
97009,0
97010,0
97011,0
97012,0
97013,0
97014,0
97015,0
97016,0
97017,0
97018,0
97019,0
97020,0
97021,0
97022,0
97023,0
97024,0
97025,0
97026,0
97027,0
97028,0
97029,0
97030,0
97031,0
97032,0
97033,0
97034,0
97035,0
97036,1
97037,0
97038,0
97039,0
97040,0
97041,0
97042,0
97043,0
97044,0
97045,0
97046,0
97047,0
97048,0
97049,0
97050,0
97051,0
97052,0
97053,0
97054,0
97055,0
97056,0
97057,0
97058,0
97059,0
97060,0
97061,0
97062,0
97063,0
97064,0
97065,0
97066,0
97067,0
97068,0
97069,0
97070,0
97071,0
97072,0
97073,0
97074,0
97075,0
97076,0
97077,0
97078,0
97079,0
97080,0
97081,0
97082,0
97083,0
97084,0
97085,0
97086,0
97087,0
97088,0
97089,0
97090,0
97091,0
97092,0
97093,0
97094,0
97095,0
97096,0
97097,0
97098,0
97099,0
97100,0
97101,0
97102,0
97103,0
97104,0
97105,0
97106,0
97107,0
97108,0
97109,0
97110,0
97111,0
97112,0
97113,0
97114,0
97115,0
97116,0
97117,0
97118,0
97119,0
97120,0
97121,0
97122,0
97123,0
97124,0
97125,0
97126,0
97127,0
97128,0
97129,0
97130,0
97131,0
97132,0
97133,0
97134,0
97135,0
97136,0
97137,0
97138,0
97139,0
97140,0
97141,0
97142,0
97143,0
97144,0
97145,0
97146,0
97147,0
97148,0
97149,0
97150,0
97151,0
97152,0
97153,0
97154,0
97155,0
97156,0
97157,0
97158,0
97159,0
97160,0
97161,0
97162,0
97163,0
97164,0
97165,1
97166,0
97167,0
97168,0
97169,1
97170,0
97171,0
97172,0
97173,0
97174,1
97175,0
97176,0
97177,0
97178,2
97179,0
97180,1
97181,2
97182,0
97183,0
97184,3
97185,0
97186,0
97187,0
97188,0
97189,0
97190,1
97191,0
97192,0
97193,0
97194,0
97195,0
97196,0
97197,0
97198,1
97199,0
97200,0
97201,0
97202,0
97203,0
97204,0
97205,0
97206,3
97207,0
97208,0
97209,0
97210,0
97211,0
97212,0
97213,0
97214,0
97215,0
97216,0
97217,0
97218,0
97219,0
97220,0
97221,0
97222,0
97223,0
97224,3
97225,0
97226,0
97227,0
97228,0
97229,0
97230,0
97231,0
97232,0
97233,1
97234,0
97235,0
97236,0
97237,0
97238,0
97239,0
97240,0
97241,0
97242,0
97243,0
97244,0
97245,0
97246,0
97247,3
97248,0
97249,0
97250,0
97251,0
97252,0
97253,0
97254,0
97255,0
97256,0
97257,2
97258,0
97259,0
97260,1
97261,0
97262,0
97263,0
97264,2
97265,5
97266,0
97267,0
97268,0
97269,0
97270,0
97271,0
97272,0
97273,0
97274,0
97275,0
97276,0
97277,0
97278,0
97279,0
97280,0
97281,0
97282,0
97283,0
97284,0
97285,0
97286,0
97287,0
97288,0
97289,0
97290,0
97291,0
97292,0
97293,0
97294,0
97295,0
97296,0
97297,0
97298,0
97299,0
97300,3
97301,0
97302,0
97303,0
97304,0
97305,3
97306,0
97307,0
97308,0
97309,0
97310,0
97311,0
97312,0
97313,0
97314,0
97315,0
97316,0
97317,0
97318,0
97319,0
97320,0
97321,0
97322,0
97323,0
97324,0
97325,0
97326,3
97327,0
97328,0
97329,0
97330,2
97331,0
97332,1
97333,0
97334,0
97335,1
97336,0
97337,0
97338,0
97339,0
97340,0
97341,0
97342,0
97343,0
97344,0
97345,0
97346,0
97347,0
97348,0
97349,0
97350,0
97351,0
97352,0
97353,0
97354,0
97355,0
97356,0
97357,0
97358,0
97359,3
97360,1
97361,1
97362,0
97363,0
97364,0
97365,0
97366,0
97367,0
97368,0
97369,0
97370,2
97371,0
97372,0
97373,0
97374,0
97375,0
97376,0
97377,0
97378,0
97379,0
97380,0
97381,0
97382,0
97383,0
97384,0
97385,0
97386,0
97387,1
97388,0
97389,0
97390,4
97391,0
97392,2
97393,0
97394,0
97395,2
97396,0
97397,0
97398,0
97399,0
97400,0
97401,0
97402,0
97403,1
97404,1
97405,0
97406,0
97407,0
97408,0
97409,0
97410,1
97411,0
97412,0
97413,0
97414,0
97415,0
97416,0
97417,0
97418,0
97419,0
97420,0
97421,0
97422,0
97423,0
97424,0
97425,0
97426,0
97427,0
97428,0
97429,0
97430,0
97431,0
97432,3
97433,0
97434,0
97435,0
97436,0
97437,2
97438,0
97439,0
97440,0
97441,0
97442,1
97443,0
97444,0
97445,0
97446,0
97447,2
97448,0
97449,0
97450,0
97451,0
97452,0
97453,0
97454,0
97455,2
97456,0
97457,0
97458,0
97459,0
97460,2
97461,0
97462,1
97463,0
97464,0
97465,0
97466,0
97467,0
97468,0
97469,0
97470,0
97471,2
97472,0
97473,0
97474,0
97475,2
97476,0
97477,2
97478,0
97479,0
97480,0
97481,0
97482,0
97483,0
97484,0
97485,0
97486,0
97487,0
97488,0
97489,0
97490,0
97491,0
97492,0
97493,0
97494,0
97495,1
97496,0
97497,0
97498,4
97499,0
97500,0
97501,0
97502,0
97503,0
97504,0
97505,0
97506,0
97507,0
97508,0
97509,0
97510,0
97511,0
97512,2
97513,0
97514,1
97515,0
97516,0
97517,0
97518,0
97519,0
97520,0
97521,0
97522,0
97523,1
97524,0
97525,0
97526,0
97527,0
97528,0
97529,0
97530,2
97531,0
97532,0
97533,0
97534,0
97535,2
97536,0
97537,0
97538,0
97539,0
97540,3
97541,0
97542,0
97543,0
97544,0
97545,0
97546,0
97547,0
97548,0
97549,0
97550,0
97551,0
97552,0
97553,0
97554,0
97555,0
97556,0
97557,0
97558,0
97559,0
97560,2
97561,0
97562,1
97563,0
97564,0
97565,0
97566,1
97567,0
97568,0
97569,0
97570,0
97571,0
97572,0
97573,1
97574,1
97575,2
97576,0
97577,0
97578,0
97579,0
97580,0
97581,1
97582,0
97583,0
97584,0
97585,0
97586,0
97587,0
97588,0
97589,0
97590,0
97591,0
97592,0
97593,0
97594,0
97595,1
97596,0
97597,1
97598,0
97599,0
97600,0
97601,0
97602,0
97603,0
97604,0
97605,0
97606,0
97607,0
97608,0
97609,0
97610,3
97611,0
97612,0
97613,0
97614,1
97615,0
97616,0
97617,0
97618,0
97619,0
97620,0
97621,0
97622,0
97623,0
97624,0
97625,0
97626,0
97627,0
97628,0
97629,0
97630,0
97631,0
97632,0
97633,0
97634,0
97635,0
97636,0
97637,0
97638,0
97639,0
97640,0
97641,0
97642,0
97643,0
97644,0
97645,0
97646,0
97647,0
97648,0
97649,0
97650,14
97651,20
97652,0
97653,0
97654,0
97655,0
97656,0
97657,0
97658,0
97659,0
97660,0
97661,0
97662,0
97663,0
97664,0
97665,0
97666,0
97667,0
97668,0
97669,0
97670,0
97671,0
97672,0
97673,0
97674,0
97675,0
97676,14
97677,0
97678,0
97679,0
97680,0
97681,0
97682,0
97683,0
97684,0
97685,0
97686,0
97687,0
97688,0
97689,0
97690,0
97691,14
97692,0
97693,0
97694,17
97695,0
97696,0
97697,0
97698,0
97699,0
97700,0
97701,0
97702,0
97703,16
97704,0
97705,0
97706,0
97707,0
97708,17
97709,12
97710,0
97711,13
97712,0
97713,0
97714,0
97715,0
97716,0
97717,0
97718,0
97719,13
97720,0
97721,0
97722,0
97723,0
97724,0
97725,13
97726,13
97727,0
97728,0
97729,0
97730,0
97731,0
97732,0
97733,0
97734,0
97735,9
97736,0
97737,0
97738,0
97739,0
97740,0
97741,0
97742,18
97743,0
97744,0
97745,0
97746,17
97747,0
97748,0
97749,0
97750,0
97751,0
97752,0
97753,0
97754,0
97755,0
97756,0
97757,0
97758,0
97759,0
97760,15
97761,0
97762,0
97763,0
97764,0
97765,0
97766,0
97767,8
97768,0
97769,0
97770,11
97771,0
97772,0
97773,0
97774,0
97775,0
97776,0
97777,0
97778,0
97779,0
97780,0
97781,0
97782,0
97783,0
97784,10
97785,0
97786,0
97787,0
97788,0
97789,0
97790,17
97791,0
97792,12
97793,0
97794,0
97795,16
97796,17
97797,0
97798,0
97799,0
97800,0
97801,0
97802,0
97803,0
97804,11
97805,0
97806,0
97807,0
97808,0
97809,0
97810,0
97811,0
97812,0
97813,0
97814,0
97815,0
97816,0
97817,0
97818,0
97819,0
97820,0
97821,0
97822,9
97823,0
97824,0
97825,0
97826,0
97827,19
97828,0
97829,0
97830,0
97831,0
97832,0
97833,0
97834,0
97835,0
97836,0
97837,18
97838,0
97839,0
97840,0
97841,0
97842,0
97843,0
97844,12
97845,0
97846,0
97847,0
97848,0
97849,0
97850,0
97851,0
97852,0
97853,0
97854,0
97855,0
97856,0
97857,0
97858,0
97859,0
97860,0
97861,0
97862,0
97863,22
97864,0
97865,0
97866,0
97867,0
97868,0
97869,0
97870,0
97871,0
97872,0
97873,0
97874,0
97875,0
97876,0
97877,0
97878,0
97879,0
97880,0
97881,11
97882,0
97883,0
97884,0
97885,0
97886,0
97887,0
97888,0
97889,0
97890,0
97891,9
97892,0
97893,0
97894,0
97895,0
97896,0
97897,0
97898,0
97899,0
97900,0
97901,0
97902,0
97903,0
97904,0
97905,0
97906,0
97907,0
97908,0
97909,15
97910,0
97911,0
97912,0
97913,0
97914,0
97915,0
97916,0
97917,10
97918,0
97919,0
97920,0
97921,0
97922,0
97923,0
97924,0
97925,0
97926,0
97927,0
97928,0
97929,0
97930,0
97931,16
97932,0
97933,0
97934,0
97935,0
97936,13
97937,0
97938,6
97939,0
97940,0
97941,0
97942,24
97943,0
97944,15
97945,0
97946,0
97947,0
97948,0
97949,0
97950,0
97951,0
97952,0
97953,16
97954,0
97955,0
97956,0
97957,0
97958,6
97959,0
97960,0
97961,0
97962,0
97963,0
97964,17
97965,0
97966,0
97967,0
97968,0
97969,16
97970,0
97971,0
97972,15
97973,0
97974,0
97975,12
97976,0
97977,0
97978,0
97979,0
97980,0
97981,0
97982,9
97983,0
97984,0
97985,0
97986,0
97987,15
97988,14
97989,0
97990,10
97991,14
97992,0
97993,0
97994,0
97995,0
97996,17
97997,0
97998,13
97999,0
98000,0
98001,0
98002,0
98003,0
98004,11
98005,0
98006,0
98007,0
98008,0
98009,0
98010,0
98011,0
98012,0
98013,0
98014,10
98015,0
98016,0
98017,0
98018,0
98019,0
98020,0
98021,0
98022,0
98023,0
98024,0
98025,15
98026,0
98027,12
98028,0
98029,15
98030,0
98031,0
98032,0
98033,0
98034,0
98035,0
98036,0
98037,0
98038,0
98039,0
98040,0
98041,0
98042,0
98043,0
98044,0
98045,0
98046,0
98047,0
98048,0
98049,0
98050,0
98051,17
98052,0
98053,0
98054,0
98055,0
98056,0
98057,0
98058,27
98059,0
98060,0
98061,0
98062,0
98063,0
98064,0
98065,0
98066,0
98067,0
98068,0
98069,0
98070,0
98071,11
98072,0
98073,9
98074,0
98075,0
98076,0
98077,23
98078,0
98079,0
98080,0
98081,0
98082,0
98083,0
98084,0
98085,0
98086,16
98087,0
98088,15
98089,0
98090,0
98091,0
98092,0
98093,16
98094,0
98095,0
98096,0
98097,0
98098,0
98099,0
98100,0
98101,0
98102,0
98103,0
98104,15
98105,0
98106,0
98107,0
98108,0
98109,0
98110,16
98111,0
98112,0
98113,13
98114,0
98115,0
98116,0
98117,17
98118,0
98119,0
98120,0
98121,0
98122,0
98123,0
98124,0
98125,0
98126,15
98127,18
98128,0
98129,8
98130,9
98131,0
98132,0
98133,0
98134,0
98135,15
98136,0
98137,0
98138,0
98139,20
98140,0
98141,0
98142,0
98143,0
98144,0
98145,12
98146,0
98147,14
98148,0
98149,0
98150,0
98151,18
98152,0
98153,0
98154,11
98155,0
98156,9
98157,0
98158,0
98159,0
98160,0
98161,0
98162,0
98163,0
98164,0
98165,21
98166,0
98167,0
98168,0
98169,0
98170,0
98171,0
98172,17
98173,0
98174,14
98175,7
98176,0
98177,0
98178,19
98179,0
98180,0
98181,0
98182,0
98183,0
98184,21
98185,11
98186,0
98187,0
98188,15
98189,0
98190,0
98191,20
98192,0
98193,16
98194,0
98195,0
98196,0
98197,0
98198,11
98199,0
98200,12
98201,0
98202,0
98203,12
98204,0
98205,13
98206,0
98207,11
98208,0
98209,0
98210,14
98211,0
98212,15
98213,0
98214,0
98215,0
98216,0
98217,0
98218,0
98219,0
98220,5
98221,0
98222,0
98223,12
98224,0
98225,0
98226,0
98227,19
98228,0
98229,15
98230,13
98231,0
98232,0
98233,0
98234,0
98235,0
98236,0
98237,0
98238,0
98239,0
98240,0
98241,0
98242,0
98243,0
98244,0
98245,0
98246,0
98247,0
98248,0
98249,0
98250,0
98251,0
98252,17
98253,14
98254,0
98255,9
98256,0
98257,0
98258,0
98259,0
98260,0
98261,0
98262,0
98263,24
98264,18
98265,0
98266,0
98267,0
98268,17
98269,9
98270,0
98271,0
98272,0
98273,0
98274,0
98275,0
98276,0
98277,17
98278,17
98279,0
98280,0
98281,14
98282,17
98283,0
98284,12
98285,0
98286,0
98287,0
98288,0
98289,0
98290,0
98291,0
98292,0
98293,15
98294,0
98295,0
98296,0
98297,0
98298,0
98299,0
98300,0
98301,0
98302,0
98303,0
98304,27
98305,0
98306,19
98307,0
98308,0
98309,0
98310,0
98311,0
98312,0
98313,0
98314,9
98315,0
98316,19
98317,0
98318,11
98319,0
98320,0
98321,0
98322,0
98323,0
98324,0
98325,10
98326,0
98327,0
98328,0
98329,0
98330,0
98331,0
98332,0
98333,0
98334,0
98335,0
98336,0
98337,17
98338,0
98339,18
98340,0
98341,0
98342,13
98343,0
98344,20
98345,10
98346,0
98347,17
98348,0
98349,0
98350,14
98351,0
98352,0
98353,0
98354,0
98355,0
98356,0
98357,0
98358,0
98359,0
98360,0
98361,0
98362,0
98363,16
98364,0
98365,5
98366,21
98367,0
98368,0
98369,0
98370,21
98371,0
98372,0
98373,0
98374,0
98375,0
98376,15
98377,0
98378,0
98379,0
98380,0
98381,0
98382,0
98383,0
98384,0
98385,13
98386,11
98387,12
98388,0
98389,0
98390,0
98391,0
98392,0
98393,21
98394,9
98395,14
98396,0
98397,0
98398,12
98399,0
98400,0
98401,0
98402,0
98403,0
98404,9
98405,0
98406,0
98407,0
98408,0
98409,0
98410,0
98411,0
98412,0
98413,0
98414,0
98415,0
98416,0
98417,0
98418,0
98419,0
98420,0
98421,0
98422,0
98423,0
98424,0
98425,0
98426,0
98427,0
98428,0
98429,13
98430,0
98431,0
98432,13
98433,0
98434,0
98435,0
98436,0
98437,0
98438,7
98439,16
98440,0
98441,18
98442,0
98443,0
98444,0
98445,20
98446,0
98447,0
98448,8
98449,0
98450,10
98451,22
98452,0
98453,0
98454,13
98455,0
98456,0
98457,0
98458,13
98459,0
98460,17
98461,0
98462,0
98463,0
98464,0
98465,0
98466,0
98467,13
98468,12
98469,0
98470,0
98471,0
98472,0
98473,12
98474,15
98475,0
98476,0
98477,0
98478,0
98479,0
98480,13
98481,0
98482,18
98483,0
98484,0
98485,24
98486,0
98487,0
98488,0
98489,0
98490,0
98491,13
98492,0
98493,10
98494,14
98495,0
98496,0
98497,0
98498,16
98499,14
98500,0
98501,0
98502,0
98503,0
98504,0
98505,0
98506,0
98507,12
98508,0
98509,17
98510,0
98511,0
98512,0
98513,0
98514,14
98515,11
98516,0
98517,17
98518,0
98519,16
98520,0
98521,14
98522,0
98523,7
98524,0
98525,0
98526,0
98527,0
98528,14
98529,0
98530,12
98531,0
98532,0
98533,0
98534,0
98535,12
98536,0
98537,0
98538,0
98539,0
98540,13
98541,11
98542,19
98543,17
98544,0
98545,0
98546,0
98547,0
98548,0
98549,0
98550,0
98551,0
98552,0
98553,17
98554,0
98555,0
98556,0
98557,0
98558,9
98559,0
98560,0
98561,12
98562,0
98563,11
98564,8
98565,0
98566,0
98567,7
98568,0
98569,0
98570,0
98571,0
98572,0
98573,0
98574,0
98575,0
98576,18
98577,0
98578,11
98579,0
98580,0
98581,0
98582,15
98583,18
98584,18
98585,0
98586,0
98587,0
98588,0
98589,0
98590,0
98591,6
98592,8
98593,13
98594,0
98595,0
98596,0
98597,15
98598,0
98599,0
98600,0
98601,0
98602,0
98603,0
98604,0
98605,0
98606,0
98607,8
98608,0
98609,0
98610,0
98611,12
98612,0
98613,0
98614,0
98615,13
98616,0
98617,0
98618,0
98619,8
98620,0
98621,0
98622,11
98623,0
98624,0
98625,0
98626,0
98627,0
98628,0
98629,0
98630,0
98631,0
98632,0
98633,0
98634,18
98635,0
98636,7
98637,0
98638,0
98639,0
98640,0
98641,0
98642,0
98643,0
98644,0
98645,21
98646,0
98647,0
98648,0
98649,0
98650,0
98651,8
98652,0
98653,0
98654,0
98655,0
98656,0
98657,17
98658,0
98659,0
98660,10
98661,0
98662,0
98663,18
98664,0
98665,0
98666,0
98667,0
98668,13
98669,0
98670,0
98671,0
98672,0
98673,0
98674,13
98675,0
98676,0
98677,0
98678,14
98679,0
98680,17
98681,25
98682,0
98683,0
98684,0
98685,16
98686,0
98687,15
98688,17
98689,0
98690,21
98691,0
98692,0
98693,0
98694,0
98695,0
98696,0
98697,0
98698,0
98699,0
98700,0
98701,0
98702,0
98703,0
98704,8
98705,0
98706,11
98707,0
98708,0
98709,16
98710,10
98711,0
98712,0
98713,0
98714,6
98715,0
98716,0
98717,0
98718,16
98719,0
98720,0
98721,0
98722,0
98723,0
98724,0
98725,16
98726,10
98727,0
98728,0
98729,11
98730,0
98731,0
98732,0
98733,0
98734,0
98735,0
98736,0
98737,0
98738,13
98739,0
98740,0
98741,0
98742,26
98743,0
98744,0
98745,0
98746,0
98747,0
98748,0
98749,13
98750,0
98751,0
98752,0
98753,19
98754,33
98755,18
98756,18
98757,0
98758,0
98759,0
98760,0
98761,0
98762,0
98763,0
98764,0
98765,0
98766,25
98767,0
98768,0
98769,0
98770,0
98771,0
98772,0
98773,0
98774,16
98775,0
98776,0
98777,20
98778,20
98779,23
98780,0
98781,0
98782,0
98783,19
98784,21
98785,20
98786,15
98787,15
98788,19
98789,0
98790,0
98791,0
98792,20
98793,19
98794,0
98795,0
98796,20
98797,0
98798,0
98799,18
98800,0
98801,0
98802,0
98803,0
98804,22
98805,0
98806,0
98807,0
98808,0
98809,0
98810,22
98811,0
98812,21
98813,0
98814,0
98815,0
98816,0
98817,0
98818,0
98819,0
98820,0
98821,0
98822,0
98823,0
98824,0
98825,16
98826,26
98827,0
98828,18
98829,0
98830,0
98831,18
98832,0
98833,0
98834,23
98835,0
98836,0
98837,16
98838,0
98839,20
98840,0
98841,0
98842,0
98843,0
98844,0
98845,0
98846,0
98847,0
98848,31
98849,13
98850,18
98851,0
98852,14
98853,0
98854,0
98855,14
98856,0
98857,0
98858,0
98859,0
98860,0
98861,0
98862,0
98863,18
98864,0
98865,21
98866,0
98867,9
98868,0
98869,25
98870,0
98871,0
98872,17
98873,0
98874,18
98875,0
98876,18
98877,0
98878,0
98879,15
98880,29
98881,30
98882,22
98883,0
98884,0
98885,0
98886,0
98887,18
98888,0
98889,0
98890,0
98891,15
98892,16
98893,0
98894,20
98895,0
98896,0
98897,16
98898,12
98899,0
98900,14
98901,19
98902,0
98903,19
98904,19
98905,29
98906,0
98907,0
98908,0
98909,0
98910,0
98911,0
98912,0
98913,16
98914,0
98915,0
98916,27
98917,0
98918,0
98919,0
98920,16
98921,0
98922,0
98923,13
98924,0
98925,15
98926,0
98927,0
98928,0
98929,0
98930,0
98931,0
98932,12
98933,25
98934,0
98935,0
98936,14
98937,0
98938,0
98939,0
98940,0
98941,0
98942,15
98943,0
98944,0
98945,0
98946,0
98947,0
98948,16
98949,0
98950,0
98951,0
98952,0
98953,14
98954,0
98955,0
98956,0
98957,23
98958,0
98959,0
98960,13
98961,0
98962,23
98963,0
98964,0
98965,0
98966,20
98967,0
98968,0
98969,28
98970,0
98971,0
98972,0
98973,0
98974,0
98975,0
98976,0
98977,0
98978,0
98979,20
98980,0
98981,0
98982,14
98983,0
98984,0
98985,16
98986,22
98987,0
98988,0
98989,0
98990,16
98991,0
98992,19
98993,0
98994,18
98995,0
98996,0
98997,15
98998,0
98999,31
99000,0
99001,26
99002,19
99003,0
99004,26
99005,0
99006,0
99007,20
99008,0
99009,15
99010,0
99011,0
99012,23
99013,0
99014,0
99015,23
99016,0
99017,18
99018,0
99019,17
99020,0
99021,0
99022,0
99023,19
99024,0
99025,0
99026,18
99027,19
99028,0
99029,0
99030,22
99031,0
99032,19
99033,17
99034,15
99035,0
99036,0
99037,0
99038,0
99039,0
99040,0
99041,0
99042,0
99043,0
99044,0
99045,11
99046,0
99047,0
99048,9
99049,10
99050,0
99051,22
99052,0
99053,0
99054,0
99055,0
99056,0
99057,27
99058,0
99059,0
99060,0
99061,0
99062,15
99063,20
99064,0
99065,0
99066,12
99067,0
99068,0
99069,21
99070,18
99071,16
99072,0
99073,0
99074,0
99075,0
99076,0
99077,0
99078,0
99079,0
99080,0
99081,13
99082,24
99083,0
99084,13
99085,0
99086,0
99087,0
99088,0
99089,0
99090,0
99091,0
99092,18
99093,0
99094,0
99095,0
99096,0
99097,0
99098,0
99099,0
99100,0
99101,0
99102,0
99103,0
99104,27
99105,12
99106,0
99107,0
99108,0
99109,0
99110,0
99111,0
99112,0
99113,0
99114,0
99115,0
99116,0
99117,23
99118,21
99119,0
99120,0
99121,14
99122,0
99123,0
99124,0
99125,19
99126,0
99127,0
99128,19
99129,0
99130,0
99131,0
99132,0
99133,13
99134,0
99135,0
99136,0
99137,0
99138,0
99139,0
99140,0
99141,0
99142,14
99143,0
99144,24
99145,16
99146,0
99147,0
99148,0
99149,0
99150,0
99151,0
99152,17
99153,0
99154,0
99155,0
99156,0
99157,0
99158,19
99159,0
99160,0
99161,0
99162,0
99163,0
99164,0
99165,0
99166,0
99167,0
99168,0
99169,0
99170,0
99171,13
99172,0
99173,0
99174,0
99175,0
99176,8
99177,0
99178,0
99179,16
99180,0
99181,23
99182,0
99183,0
99184,0
99185,0
99186,0
99187,22
99188,0
99189,23
99190,25
99191,0
99192,0
99193,0
99194,0
99195,0
99196,0
99197,0
99198,16
99199,0
99200,0
99201,0
99202,20
99203,0
99204,0
99205,17
99206,0
99207,0
99208,0
99209,0
99210,24
99211,0
99212,0
99213,0
99214,0
99215,0
99216,0
99217,0
99218,0
99219,0
99220,13
99221,0
99222,0
99223,0
99224,0
99225,22
99226,0
99227,0
99228,0
99229,27
99230,0
99231,16
99232,0
99233,0
99234,15
99235,0
99236,0
99237,0
99238,0
99239,0
99240,0
99241,0
99242,0
99243,0
99244,16
99245,0
99246,26
99247,18
99248,0
99249,0
99250,0
99251,0
99252,0
99253,0
99254,0
99255,0
99256,0
99257,0
99258,10
99259,18
99260,24
99261,0
99262,0
99263,16
99264,0
99265,0
99266,0
99267,24
99268,0
99269,0
99270,0
99271,14
99272,0
99273,0
99274,17
99275,0
99276,0
99277,0
99278,0
99279,0
99280,17
99281,0
99282,0
99283,0
99284,0
99285,21
99286,0
99287,0
99288,0
99289,0
99290,0
99291,0
99292,0
99293,0
99294,0
99295,15
99296,0
99297,17
99298,0
99299,0
99300,0
99301,15
99302,0
99303,0
99304,17
99305,0
99306,0
99307,0
99308,11
99309,26
99310,0
99311,0
99312,0
99313,0
99314,0
99315,17
99316,0
99317,22
99318,0
99319,18
99320,0
99321,0
99322,0
99323,0
99324,0
99325,0
99326,0
99327,0
99328,21
99329,0
99330,11
99331,20
99332,0
99333,0
99334,15
99335,0
99336,11
99337,0
99338,0
99339,0
99340,0
99341,0
99342,0
99343,0
99344,0
99345,0
99346,20
99347,20
99348,0
99349,14
99350,0
99351,0
99352,0
99353,0
99354,27
99355,0
99356,0
99357,0
99358,13
99359,0
99360,0
99361,0
99362,0
99363,0
99364,0
99365,19
99366,0
99367,0
99368,0
99369,0
99370,0
99371,0
99372,0
99373,0
99374,0
99375,0
99376,15
99377,0
99378,0
99379,37
99380,0
99381,14
99382,0
99383,0
99384,7
99385,0
99386,0
99387,0
99388,0
99389,0
99390,0
99391,0
99392,20
99393,0
99394,0
99395,0
99396,19
99397,11
99398,0
99399,0
99400,0
99401,0
99402,22
99403,0
99404,0
99405,23
99406,18
99407,12
99408,24
99409,0
99410,0
99411,0
99412,14
99413,0
99414,0
99415,0
99416,0
99417,0
99418,0
99419,13
99420,0
99421,0
99422,0
99423,15
99424,24
99425,0
99426,18
99427,0
99428,0
99429,0
99430,0
99431,19
99432,21
99433,0
99434,0
99435,0
99436,18
99437,0
99438,0
99439,0
99440,7
99441,0
99442,0
99443,19
99444,0
99445,0
99446,0
99447,17
99448,25
99449,0
99450,0
99451,0
99452,0
99453,0
99454,17
99455,0
99456,0
99457,0
99458,0
99459,14
99460,0
99461,0
99462,0
99463,0
99464,0
99465,0
99466,0
99467,0
99468,0
99469,0
99470,18
99471,0
99472,0
99473,23
99474,0
99475,0
99476,0
99477,0
99478,0
99479,0
99480,7
99481,0
99482,0
99483,0
99484,0
99485,14
99486,12
99487,0
99488,0
99489,0
99490,0
99491,16
99492,27
99493,0
99494,0
99495,0
99496,0
99497,0
99498,0
99499,0
99500,0
99501,0
99502,0
99503,0
99504,0
99505,0
99506,0
99507,13
99508,0
99509,0
99510,19
99511,0
99512,10
99513,0
99514,0
99515,0
99516,27
99517,0
99518,0
99519,0
99520,0
99521,0
99522,0
99523,0
99524,18
99525,0
99526,0
99527,18
99528,0
99529,23
99530,0
99531,17
99532,0
99533,24
99534,15
99535,0
99536,0
99537,0
99538,0
99539,0
99540,0
99541,0
99542,0
99543,0
99544,19
99545,17
99546,0
99547,0
99548,0
99549,0
99550,25
99551,0
99552,0
99553,0
99554,22
99555,32
99556,0
99557,0
99558,0
99559,0
99560,0
99561,0
99562,0
99563,0
99564,0
99565,0
99566,11
99567,13
99568,0
99569,0
99570,0
99571,0
99572,0
99573,11
99574,0
99575,0
99576,0
99577,0
99578,0
99579,0
99580,0
99581,0
99582,0
99583,0
99584,0
99585,0
99586,0
99587,0
99588,0
99589,0
99590,0
99591,0
99592,0
99593,0
99594,0
99595,0
99596,0
99597,0
99598,0
99599,0
99600,0
99601,0
99602,0
99603,0
99604,0
99605,0
99606,0
99607,0
99608,0
99609,0
99610,0
99611,0
99612,0
99613,0
99614,0
99615,0
99616,0
99617,0
99618,0
99619,0
99620,0
99621,0
99622,0
99623,0
99624,0
99625,0
99626,0
99627,0
99628,0
99629,0
99630,0
99631,0
99632,0
99633,0
99634,0
99635,0
99636,0
99637,0
99638,0
99639,0
99640,0
99641,0
99642,0
99643,0
99644,0
99645,0
99646,0
99647,0
99648,0
99649,0
99650,0
99651,0
99652,0
99653,0
99654,0
99655,0
99656,0
99657,0
99658,0
99659,0
99660,0
99661,0
99662,0
99663,0
99664,0
99665,0
99666,0
99667,0
99668,0
99669,0
99670,0
99671,1
99672,0
99673,0
99674,0
99675,0
99676,0
99677,0
99678,0
99679,0
99680,0
99681,0
99682,0
99683,0
99684,0
99685,0
99686,0
99687,0
99688,0
99689,0
99690,0
99691,0
99692,0
99693,0
99694,0
99695,0
99696,0
99697,0
99698,0
99699,0
99700,0
99701,0
99702,0
99703,0
99704,0
99705,0
99706,0
99707,0
99708,0
99709,0
99710,0
99711,0
99712,0
99713,0
99714,0
99715,0
99716,0
99717,0
99718,0
99719,0
99720,0
99721,0
99722,0
99723,0
99724,0
99725,0
99726,0
99727,0
99728,0
99729,0
99730,0
99731,0
99732,0
99733,0
99734,0
99735,0
99736,0
99737,0
99738,0
99739,0
99740,0
99741,0
99742,0
99743,0
99744,0
99745,0
99746,0
99747,0
99748,0
99749,0
99750,0
99751,0
99752,0
99753,0
99754,0
99755,0
99756,0
99757,0
99758,0
99759,0
99760,0
99761,0
99762,0
99763,0
99764,0
99765,0
99766,0
99767,0
99768,0
99769,0
99770,0
99771,0
99772,0
99773,0
99774,0
99775,0
99776,0
99777,0
99778,0
99779,0
99780,0
99781,0
99782,0
99783,0
99784,0
99785,0
99786,0
99787,0
99788,0
99789,0
99790,0
99791,0
99792,0
99793,0
99794,0
99795,0
99796,0
99797,0
99798,0
99799,0
99800,0
99801,0
99802,0
99803,0
99804,0
99805,0
99806,0
99807,0
99808,0
99809,0
99810,0
99811,0
99812,0
99813,0
99814,0
99815,0
99816,0
99817,0
99818,0
99819,0
99820,0
99821,0
99822,0
99823,0
99824,0
99825,0
99826,0
99827,0
99828,0
99829,0
99830,0
99831,0
99832,0
99833,0
99834,0
99835,0
99836,0
99837,0
99838,0
99839,0
99840,0
99841,0
99842,0
99843,0
99844,0
99845,0
99846,0
99847,0
99848,0
99849,0
99850,0
99851,0
99852,0
99853,0
99854,0
99855,0
99856,0
99857,0
99858,0
99859,0
99860,0
99861,0
99862,0
99863,0
99864,0
99865,0
99866,0
99867,0
99868,0
99869,0
99870,0
99871,0
99872,0
99873,0
99874,0
99875,0
99876,0
99877,0
99878,0
99879,0
99880,0
99881,0
99882,0
99883,0
99884,0
99885,0
99886,0
99887,0
99888,0
99889,0
99890,0
99891,0
99892,0
99893,0
99894,0
99895,0
99896,0
99897,0
99898,0
99899,0
99900,0
99901,0
99902,0
99903,0
99904,0
99905,0
99906,0
99907,1
99908,0
99909,0
99910,0
99911,0
99912,0
99913,0
99914,0
99915,0
99916,0
99917,0
99918,0
99919,0
99920,0
99921,0
99922,0
99923,0
99924,0
99925,0
99926,0
99927,0
99928,0
99929,0
99930,0
99931,0
99932,0
99933,0
99934,0
99935,0
99936,0
99937,0
99938,0
99939,0
99940,0
99941,0
99942,0
99943,0
99944,0
99945,0
99946,0
99947,0
99948,0
99949,0
99950,0
99951,0
99952,0
99953,0
99954,0
99955,0
99956,0
99957,0
99958,0
99959,0
99960,0
99961,0
99962,0
99963,0
99964,0
99965,0
99966,0
99967,0
99968,0
99969,0
99970,0
99971,0
99972,0
99973,0
99974,0
99975,0
99976,0
99977,0
99978,0
99979,0
99980,0
99981,0
99982,0
99983,0
99984,0
99985,0
99986,0
99987,0
99988,0
99989,0
99990,0
99991,0
99992,0
99993,0
99994,0
99995,0
99996,0
99997,0
99998,0
99999,0
100000,0
100001,0
100002,0
100003,0
100004,0
100005,0
100006,0
100007,0
100008,0
100009,0
100010,0
100011,0
100012,0
100013,0
100014,0
100015,0
100016,0
100017,0
100018,0
100019,0
100020,0
100021,0
100022,0
100023,0
100024,0
100025,0
100026,0
100027,0
100028,0
100029,0
100030,0
100031,0
100032,0
100033,0
100034,0
100035,0
100036,0
100037,0
100038,0
100039,0
100040,0
100041,0
100042,0
100043,0
100044,0
100045,0
100046,0
100047,0
100048,0
100049,0
100050,0
100051,0
100052,0
100053,0
100054,0
100055,0
100056,0
100057,0
100058,0
100059,0
100060,0
100061,0
100062,0
100063,1
100064,0
100065,0
100066,0
100067,0
100068,0
100069,0
100070,0
100071,0
100072,0
100073,0
100074,0
100075,0
100076,0
100077,0
100078,0
100079,0
100080,0
100081,0
100082,0
100083,0
100084,0
100085,0
100086,0
100087,0
100088,0
100089,0
100090,0
100091,0
100092,0
100093,0
100094,0
100095,0
100096,0
100097,0
100098,0
100099,0
100100,0
100101,0
100102,0
100103,0
100104,0
100105,0
100106,0
100107,0
100108,0
100109,0
100110,0
100111,0
100112,0
100113,0
100114,0
100115,0
100116,0
100117,0
100118,0
100119,0
100120,0
100121,0
100122,0
100123,0
100124,0
100125,0
100126,0
100127,0
100128,0
100129,0
100130,0
100131,0
100132,0
100133,0
100134,0
100135,0
100136,0
100137,0
100138,0
100139,0
100140,0
100141,0
100142,0
100143,0
100144,0
100145,0
100146,0
100147,0
100148,0
100149,0
100150,0
100151,0
100152,0
100153,0
100154,0
100155,0
100156,0
100157,0
100158,0
100159,0
100160,0
100161,0
100162,0
100163,0
100164,0
100165,0
100166,0
100167,0
100168,0
100169,0
100170,0
100171,0
100172,0
100173,0
100174,5
100175,0
100176,3
100177,0
100178,0
100179,0
100180,8
100181,0
100182,0
100183,17
100184,9
100185,0
100186,0
100187,0
100188,0
100189,0
100190,11
100191,0
100192,0
100193,0
100194,3
100195,0
100196,0
100197,0
100198,9
100199,0
100200,0
100201,0
100202,0
100203,0
100204,0
100205,0
100206,0
100207,0
100208,0
100209,2
100210,6
100211,0
100212,0
100213,0
100214,0
100215,13
100216,0
100217,0
100218,0
100219,0
100220,0
100221,0
100222,0
100223,8
100224,0
100225,0
100226,0
100227,0
100228,0
100229,0
100230,0
100231,8
100232,0
100233,0
100234,10
100235,0
100236,0
100237,0
100238,0
100239,0
100240,0
100241,9
100242,0
100243,0
100244,0
100245,0
100246,0
100247,0
100248,0
100249,13
100250,0
100251,0
100252,0
100253,4
100254,0
100255,0
100256,0
100257,0
100258,1
100259,0
100260,0
100261,5
100262,0
100263,0
100264,0
100265,9
100266,10
100267,0
100268,4
100269,0
100270,0
100271,3
100272,0
100273,0
100274,0
100275,0
100276,3
100277,0
100278,0
100279,0
100280,0
100281,0
100282,0
100283,0
100284,11
100285,0
100286,0
100287,0
100288,13
100289,0
100290,0
100291,0
100292,0
100293,0
100294,0
100295,2
100296,0
100297,0
100298,0
100299,0
100300,0
100301,0
100302,0
100303,0
100304,0
100305,0
100306,2
100307,0
100308,0
100309,0
100310,0
100311,8
100312,0
100313,9
100314,0
100315,0
100316,0
100317,0
100318,6
100319,0
100320,9
100321,0
100322,10
100323,0
100324,0
100325,0
100326,0
100327,9
100328,4
100329,8
100330,0
100331,0
100332,0
100333,0
100334,0
100335,11
100336,0
100337,7
100338,0
100339,0
100340,9
100341,0
100342,0
100343,0
100344,0
100345,0
100346,0
100347,8
100348,0
100349,0
100350,14
100351,0
100352,4
100353,10
100354,0
100355,0
100356,0
100357,0
100358,0
100359,9
100360,0
100361,0
100362,0
100363,0
100364,0
100365,0
100366,0
100367,0
100368,0
100369,5
100370,0
100371,0
100372,0
100373,0
100374,0
100375,0
100376,0
100377,6
100378,0
100379,0
100380,0
100381,0
100382,0
100383,0
100384,12
100385,0
100386,0
100387,0
100388,0
100389,6
100390,0
100391,8
100392,11
100393,17
100394,7
100395,0
100396,0
100397,9
100398,0
100399,11
100400,0
100401,0
100402,0
100403,0
100404,0
100405,0
100406,0
100407,0
100408,0
100409,6
100410,9
100411,7
100412,0
100413,6
100414,5
100415,8
100416,0
100417,0
100418,0
100419,0
100420,0
100421,0
100422,0
100423,0
100424,0
100425,0
100426,0
100427,0
100428,0
100429,6
100430,0
100431,7
100432,0
100433,0
100434,0
100435,0
100436,0
100437,16
100438,0
100439,7
100440,0
100441,0
100442,9
100443,0
100444,6
100445,0
100446,0
100447,8
100448,5
100449,6
100450,0
100451,0
100452,0
100453,10
100454,9
100455,0
100456,0
100457,0
100458,0
100459,0
100460,12
100461,8
100462,0
100463,0
100464,3
100465,0
100466,5
100467,0
100468,8
100469,0
100470,0
100471,0
100472,0
100473,0
100474,0
100475,0
100476,0
100477,0
100478,0
100479,0
100480,0
100481,7
100482,0
100483,16
100484,0
100485,10
100486,0
100487,0
100488,0
100489,5
100490,0
100491,0
100492,0
100493,0
100494,0
100495,8
100496,0
100497,0
100498,8
100499,0
100500,6
100501,0
100502,0
100503,0
100504,0
100505,0
100506,0
100507,0
100508,0
100509,7
100510,0
100511,0
100512,0
100513,0
100514,0
100515,11
100516,0
100517,0
100518,7
100519,0
100520,0
100521,0
100522,17
100523,0
100524,0
100525,11
100526,0
100527,0
100528,0
100529,0
100530,5
100531,6
100532,0
100533,0
100534,0
100535,0
100536,7
100537,7
100538,0
100539,0
100540,0
100541,8
100542,2
100543,12
100544,0
100545,0
100546,0
100547,0
100548,0
100549,0
100550,0
100551,7
100552,0
100553,0
100554,0
100555,0
100556,12
100557,0
100558,0
100559,0
100560,0
100561,0
100562,6
100563,0
100564,6
100565,0
100566,0
100567,4
100568,7
100569,0
100570,6
100571,0
100572,9
100573,0
100574,8
100575,9
100576,0
100577,0
100578,0
100579,0
100580,0
100581,0
100582,0
100583,0
100584,0
100585,8
100586,0
100587,0
100588,6
100589,0
100590,0
100591,0
100592,11
100593,0
100594,5
100595,0
100596,0
100597,0
100598,0
100599,0
100600,0
100601,0
100602,0
100603,0
100604,0
100605,0
100606,9
100607,0
100608,0
100609,0
100610,0
100611,9
100612,0
100613,6
100614,0
100615,0
100616,0
100617,0
100618,0
100619,0
100620,0
100621,0
100622,0
100623,0
100624,8
100625,0
100626,0
100627,0
100628,0
100629,8
100630,0
100631,0
100632,0
100633,0
100634,0
100635,0
100636,0
100637,0
100638,0
100639,0
100640,0
100641,0
100642,0
100643,0
100644,8
100645,7
100646,0
100647,10
100648,14
100649,0
100650,0
100651,0
100652,8
100653,0
100654,0
100655,0
100656,0
100657,0
100658,0
100659,0
100660,0
100661,0
100662,0
100663,11
100664,0
100665,0
100666,0
100667,0
100668,0
100669,0
100670,0
100671,0
100672,0
100673,11
100674,0
100675,0
100676,0
100677,0
100678,13
100679,0
100680,0
100681,0
100682,0
100683,0
100684,0
100685,0
100686,0
100687,0
100688,0
100689,0
100690,0
100691,0
100692,0
100693,0
100694,0
100695,0
100696,5
100697,0
100698,0
100699,0
100700,10
100701,13
100702,7
100703,10
100704,0
100705,8
100706,0
100707,11
100708,4
100709,0
100710,0
100711,0
100712,0
100713,0
100714,0
100715,0
100716,0
100717,0
100718,0
100719,0
100720,0
100721,0
100722,0
100723,0
100724,13
100725,0
100726,0
100727,0
100728,10
100729,0
100730,0
100731,0
100732,0
100733,0
100734,0
100735,0
100736,0
100737,9
100738,0
100739,4
100740,0
100741,0
100742,0
100743,0
100744,0
100745,6
100746,4
100747,0
100748,7
100749,0
100750,0
100751,0
100752,0
100753,0
100754,0
100755,0
100756,9
100757,6
100758,0
100759,0
100760,13
100761,0
100762,5
100763,6
100764,0
100765,15
100766,0
100767,7
100768,8
100769,7
100770,0
100771,10
100772,0
100773,0
100774,0
100775,0
100776,0
100777,9
100778,0
100779,0
100780,0
100781,0
100782,0
100783,0
100784,0
100785,0
100786,0
100787,0
100788,0
100789,0
100790,11
100791,9
100792,0
100793,0
100794,0
100795,0
100796,0
100797,4
100798,9
100799,0
100800,0
100801,0
100802,2
100803,0
100804,8
100805,8
100806,5
100807,0
100808,0
100809,0
100810,8
100811,10
100812,0
100813,9
100814,0
100815,0
100816,0
100817,0
100818,0
100819,10
100820,0
100821,0
100822,11
100823,7
100824,0
100825,0
100826,0
100827,0
100828,0
100829,9
100830,4
100831,0
100832,0
100833,0
100834,5
100835,0
100836,8
100837,0
100838,0
100839,0
100840,0
100841,4
100842,0
100843,0
100844,0
100845,12
100846,0
100847,0
100848,0
100849,0
100850,0
100851,0
100852,0
100853,0
100854,0
100855,0
100856,0
100857,0
100858,20
100859,0
100860,8
100861,0
100862,5
100863,0
100864,0
100865,6
100866,0
100867,0
100868,0
100869,11
100870,0
100871,0
100872,4
100873,1
100874,0
100875,0
100876,6
100877,0
100878,0
100879,0
100880,9
100881,0
100882,4
100883,0
100884,0
100885,0
100886,0
100887,5
100888,0
100889,0
100890,11
100891,0
100892,0
100893,12
100894,0
100895,0
100896,0
100897,0
100898,0
100899,6
100900,10
100901,13
100902,0
100903,0
100904,0
100905,0
100906,0
100907,7
100908,6
100909,13
100910,0
100911,9
100912,0
100913,0
100914,0
100915,0
100916,0
100917,9
100918,2
100919,0
100920,0
100921,6
100922,0
100923,0
100924,6
100925,5
100926,0
100927,0
100928,0
100929,5
100930,0
100931,0
100932,0
100933,0
100934,0
100935,7
100936,0
100937,0
100938,0
100939,0
100940,0
100941,0
100942,0
100943,0
100944,0
100945,0
100946,0
100947,0
100948,0
100949,10
100950,0
100951,7
100952,0
100953,8
100954,6
100955,0
100956,0
100957,0
100958,0
100959,9
100960,0
100961,0
100962,0
100963,0
100964,0
100965,0
100966,10
100967,12
100968,0
100969,0
100970,0
100971,0
100972,0
100973,0
100974,7
100975,0
100976,6
100977,4
100978,5
100979,3
100980,0
100981,0
100982,0
100983,7
100984,0
100985,5
100986,0
100987,0
100988,0
100989,0
100990,15
100991,0
100992,0
100993,9
100994,9
100995,10
100996,0
100997,0
100998,0
100999,7
101000,4
101001,4
101002,0
101003,0
101004,0
101005,0
101006,0
101007,0
101008,0
101009,0
101010,0
101011,0
101012,0
101013,0
101014,5
101015,9
101016,0
101017,0
101018,0
101019,0
101020,8
101021,0
101022,0
101023,0
101024,4
101025,0
101026,0
101027,0
101028,9
101029,0
101030,0
101031,0
101032,0
101033,0
101034,0
101035,0
101036,0
101037,0
101038,5
101039,0
101040,0
101041,0
101042,9
101043,0
101044,0
101045,0
101046,0
101047,0
101048,0
101049,0
101050,0
101051,9
101052,0
101053,0
101054,0
101055,0
101056,0
101057,0
101058,9
101059,0
101060,4
101061,0
101062,6
101063,0
101064,0
101065,0
101066,0
101067,4
101068,8
101069,0
101070,7
101071,0
101072,5
101073,0
101074,0
101075,0
101076,5
101077,13
101078,8
101079,0
101080,8
101081,0
101082,9
101083,0
101084,0
101085,0
101086,0
101087,0
101088,0
101089,0
101090,0
101091,0
101092,0
101093,8
101094,8
101095,0
101096,0
101097,0
101098,0
101099,0
101100,0
101101,10
101102,0
101103,0
101104,0
101105,0
101106,0
101107,0
101108,0
101109,0
101110,0
101111,2
101112,0
101113,0
101114,7
101115,0
101116,0
101117,8
101118,7
101119,0
101120,15
101121,0
101122,0
101123,0
101124,18
101125,15
101126,9
101127,0
101128,0
101129,0
101130,16
101131,0
101132,0
101133,16
101134,15
101135,6
101136,8
101137,0
101138,0
101139,0
101140,11
101141,0
101142,18
101143,17
101144,0
101145,0
101146,0
101147,0
101148,0
101149,13
101150,0
101151,6
101152,0
101153,0
101154,9
101155,13
101156,0
101157,0
101158,17
101159,0
101160,13
101161,0
101162,0
101163,0
101164,0
101165,0
101166,0
101167,0
101168,0
101169,0
101170,0
101171,0
101172,0
101173,18
101174,0
101175,0
101176,0
101177,16
101178,9
101179,0
101180,0
101181,0
101182,0
101183,11
101184,15
101185,0
101186,8
101187,19
101188,0
101189,0
101190,0
101191,0
101192,0
101193,0
101194,9
101195,8
101196,0
101197,0
101198,0
101199,0
101200,0
101201,10
101202,0
101203,0
101204,0
101205,0
101206,0
101207,0
101208,0
101209,8
101210,0
101211,0
101212,5
101213,16
101214,0
101215,0
101216,0
101217,0
101218,0
101219,0
101220,0
101221,0
101222,0
101223,0
101224,0
101225,0
101226,0
101227,0
101228,0
101229,0
101230,15
101231,0
101232,0
101233,0
101234,0
101235,0
101236,0
101237,0
101238,0
101239,0
101240,0
101241,0
101242,0
101243,0
101244,0
101245,0
101246,0
101247,0
101248,16
101249,7
101250,0
101251,14
101252,0
101253,0
101254,0
101255,0
101256,0
101257,0
101258,11
101259,0
101260,0
101261,0
101262,9
101263,0
101264,0
101265,0
101266,0
101267,24
101268,10
101269,0
101270,0
101271,0
101272,0
101273,0
101274,8
101275,10
101276,6
101277,0
101278,0
101279,19
101280,7
101281,13
101282,0
101283,0
101284,17
101285,0
101286,0
101287,0
101288,16
101289,16
101290,14
101291,0
101292,0
101293,0
101294,0
101295,0
101296,0
101297,20
101298,13
101299,0
101300,0
101301,0
101302,0
101303,0
101304,8
101305,0
101306,19
101307,0
101308,0
101309,28
101310,0
101311,0
101312,16
101313,0
101314,0
101315,0
101316,16
101317,0
101318,0
101319,0
101320,25
101321,0
101322,0
101323,0
101324,0
101325,0
101326,0
101327,0
101328,0
101329,14
101330,9
101331,0
101332,0
101333,0
101334,11
101335,18
101336,0
101337,4
101338,0
101339,0
101340,19
101341,0
101342,0
101343,0
101344,7
101345,13
101346,13
101347,0
101348,0
101349,0
101350,0
101351,0
101352,0
101353,24
101354,0
101355,0
101356,0
101357,0
101358,0
101359,0
101360,0
101361,0
101362,0
101363,13
101364,0
101365,0
101366,9
101367,0
101368,0
101369,0
101370,21
101371,0
101372,10
101373,0
101374,0
101375,11
101376,0
101377,0
101378,0
101379,0
101380,7
101381,13
101382,20
101383,0
101384,0
101385,0
101386,0
101387,16
101388,0
101389,0
101390,0
101391,0
101392,11
101393,0
101394,0
101395,0
101396,0
101397,0
101398,0
101399,0
101400,0
101401,0
101402,0
101403,28
101404,11
101405,13
101406,0
101407,0
101408,13
101409,0
101410,0
101411,0
101412,12
101413,0
101414,0
101415,0
101416,0
101417,0
101418,0
101419,0
101420,16
101421,0
101422,9
101423,16
101424,10
101425,0
101426,0
101427,0
101428,0
101429,0
101430,0
101431,0
101432,0
101433,14
101434,12
101435,0
101436,0
101437,16
101438,9
101439,0
101440,11
101441,32
101442,0
101443,0
101444,0
101445,0
101446,0
101447,0
101448,0
101449,0
101450,0
101451,0
101452,9
101453,0
101454,0
101455,20
101456,0
101457,0
101458,6
101459,0
101460,19
101461,0
101462,0
101463,0
101464,0
101465,20
101466,0
101467,0
101468,0
101469,14
101470,0
101471,17
101472,0
101473,21
101474,0
101475,0
101476,0
101477,14
101478,0
101479,0
101480,0
101481,23
101482,0
101483,9
101484,0
101485,0
101486,0
101487,0
101488,0
101489,0
101490,18
101491,0
101492,0
101493,0
101494,0
101495,0
101496,0
101497,10
101498,0
101499,0
101500,0
101501,0
101502,0
101503,0
101504,0
101505,0
101506,0
101507,0
101508,0
101509,0
101510,11
101511,12
101512,0
101513,9
101514,0
101515,0
101516,17
101517,13
101518,0
101519,13
101520,0
101521,0
101522,0
101523,0
101524,0
101525,0
101526,0
101527,0
101528,0
101529,0
101530,0
101531,8
101532,0
101533,0
101534,0
101535,6
101536,0
101537,0
101538,0
101539,0
101540,0
101541,0
101542,0
101543,0
101544,21
101545,20
101546,0
101547,0
101548,11
101549,0
101550,0
101551,0
101552,0
101553,0
101554,16
101555,0
101556,0
101557,15
101558,0
101559,0
101560,8
101561,9
101562,0
101563,0
101564,0
101565,0
101566,0
101567,10
101568,0
101569,0
101570,0
101571,0
101572,0
101573,24
101574,0
101575,0
101576,5
101577,23
101578,0
101579,0
101580,14
101581,0
101582,0
101583,0
101584,22
101585,11
101586,0
101587,20
101588,24
101589,0
101590,0
101591,0
101592,0
101593,0
101594,0
101595,0
101596,22
101597,14
101598,0
101599,0
101600,0
101601,0
101602,0
101603,0
101604,0
101605,9
101606,0
101607,0
101608,13
101609,19
101610,0
101611,17
101612,0
101613,0
101614,12
101615,16
101616,0
101617,0
101618,0
101619,0
101620,0
101621,4
101622,0
101623,12
101624,0
101625,0
101626,0
101627,0
101628,0
101629,0
101630,16
101631,0
101632,6
101633,0
101634,0
101635,0
101636,0
101637,0
101638,12
101639,0
101640,0
101641,0
101642,0
101643,0
101644,16
101645,0
101646,0
101647,0
101648,0
101649,0
101650,0
101651,0
101652,0
101653,8
101654,0
101655,0
101656,0
101657,11
101658,0
101659,0
101660,0
101661,0
101662,6
101663,0
101664,0
101665,0
101666,0
101667,0
101668,0
101669,17
101670,0
101671,14
101672,0
101673,22
101674,0
101675,0
101676,0
101677,0
101678,0
101679,0
101680,0
101681,0
101682,0
101683,0
101684,0
101685,11
101686,0
101687,0
101688,0
101689,24
101690,0
101691,0
101692,0
101693,0
101694,11
101695,0
101696,0
101697,0
101698,0
101699,0
101700,0
101701,19
101702,0
101703,0
101704,0
101705,22
101706,0
101707,0
101708,0
101709,0
101710,11
101711,0
101712,0
101713,0
101714,0
101715,0
101716,0
101717,0
101718,15
101719,0
101720,10
101721,8
101722,0
101723,19
101724,0
101725,0
101726,0
101727,10
101728,0
101729,0
101730,13
101731,0
101732,0
101733,0
101734,0
101735,17
101736,0
101737,0
101738,18
101739,17
101740,0
101741,0
101742,14
101743,9
101744,0
101745,17
101746,0
101747,0
101748,15
101749,13
101750,15
101751,0
101752,0
101753,0
101754,10
101755,0
101756,0
101757,0
101758,0
101759,0
101760,0
101761,0
101762,0
101763,0
101764,12
101765,0
101766,0
101767,16
101768,23
101769,0
101770,0
101771,0
101772,0
101773,0
101774,0
101775,0
101776,0
101777,0
101778,0
101779,19
101780,0
101781,0
101782,24
101783,0
101784,0
101785,0
101786,0
101787,7
101788,0
101789,12
101790,24
101791,0
101792,0
101793,0
101794,0
101795,10
101796,11
101797,0
101798,0
101799,0
101800,0
101801,0
101802,0
101803,6
101804,0
101805,0
101806,14
101807,0
101808,12
101809,0
101810,9
101811,13
101812,0
101813,0
101814,11
101815,0
101816,0
101817,0
101818,0
101819,0
101820,11
101821,13
101822,0
101823,0
101824,0
101825,0
101826,0
101827,12
101828,25
101829,0
101830,0
101831,0
101832,0
101833,0
101834,0
101835,0
101836,0
101837,28
101838,6
101839,0
101840,0
101841,0
101842,0
101843,7
101844,14
101845,0
101846,0
101847,12
101848,0
101849,0
101850,0
101851,0
101852,0
101853,27
101854,0
101855,0
101856,0
101857,0
101858,0
101859,28
101860,0
101861,0
101862,0
101863,0
101864,0
101865,0
101866,0
101867,0
101868,0
101869,0
101870,0
101871,8
101872,8
101873,0
101874,24
101875,0
101876,0
101877,0
101878,0
101879,0
101880,0
101881,0
101882,0
101883,0
101884,0
101885,0
101886,0
101887,0
101888,0
101889,0
101890,0
101891,22
101892,0
101893,0
101894,7
101895,12
101896,21
101897,0
101898,0
101899,0
101900,0
101901,0
101902,0
101903,0
101904,0
101905,0
101906,28
101907,0
101908,0
101909,29
101910,0
101911,0
101912,0
101913,26
101914,0
101915,37
101916,0
101917,32
101918,0
101919,0
101920,25
101921,0
101922,0
101923,0
101924,0
101925,0
101926,0
101927,0
101928,0
101929,0
101930,0
101931,32
101932,25
101933,0
101934,0
101935,35
101936,0
101937,29
101938,0
101939,0
101940,34
101941,0
101942,0
101943,0
101944,0
101945,0
101946,0
101947,0
101948,0
101949,0
101950,22
101951,0
101952,0
101953,17
101954,28
101955,0
101956,0
101957,0
101958,0
101959,0
101960,0
101961,0
101962,0
101963,0
101964,0
101965,0
101966,26
101967,0
101968,0
101969,0
101970,0
101971,35
101972,0
101973,0
101974,0
101975,26
101976,0
101977,0
101978,36
101979,0
101980,0
101981,0
101982,0
101983,25
101984,0
101985,0
101986,0
101987,0
101988,0
101989,0
101990,0
101991,0
101992,0
101993,37
101994,0
101995,0
101996,0
101997,34
101998,0
101999,0
102000,0
102001,0
102002,0
102003,0
102004,0
102005,23
102006,0
102007,27
102008,0
102009,36
102010,0
102011,0
102012,0
102013,33
102014,0
102015,27
102016,0
102017,41
102018,0
102019,0
102020,0
102021,0
102022,27
102023,0
102024,0
102025,0
102026,0
102027,0
102028,0
102029,0
102030,0
102031,0
102032,26
102033,0
102034,0
102035,0
102036,0
102037,0
102038,0
102039,0
102040,0
102041,0
102042,0
102043,32
102044,0
102045,27
102046,0
102047,0
102048,34
102049,0
102050,26
102051,22
102052,0
102053,22
102054,0
102055,0
102056,0
102057,0
102058,36
102059,28
102060,0
102061,28
102062,0
102063,25
102064,21
102065,29
102066,39
102067,0
102068,0
102069,42
102070,0
102071,0
102072,0
102073,0
102074,0
102075,26
102076,0
102077,19
102078,0
102079,0
102080,0
102081,0
102082,0
102083,0
102084,0
102085,0
102086,0
102087,0
102088,36
102089,0
102090,27
102091,0
102092,0
102093,0
102094,0
102095,0
102096,0
102097,0
102098,0
102099,0
102100,0
102101,32
102102,0
102103,0
102104,0
102105,0
102106,0
102107,0
102108,0
102109,28
102110,0
102111,0
102112,0
102113,0
102114,0
102115,0
102116,0
102117,0
102118,0
102119,39
102120,0
102121,0
102122,0
102123,0
102124,0
102125,0
102126,0
102127,0
102128,0
102129,0
102130,0
102131,0
102132,0
102133,30
102134,0
102135,0
102136,0
102137,0
102138,26
102139,0
102140,0
102141,0
102142,0
102143,0
102144,0
102145,0
102146,0
102147,0
102148,0
102149,27
102150,0
102151,0
102152,0
102153,0
102154,0
102155,34
102156,0
102157,0
102158,0
102159,0
102160,0
102161,45
102162,30
102163,0
102164,0
102165,0
102166,0
102167,0
102168,0
102169,0
102170,0
102171,33
102172,0
102173,23
102174,0
102175,38
102176,0
102177,0
102178,0
102179,36
102180,0
102181,0
102182,35
102183,0
102184,23
102185,0
102186,0
102187,0
102188,0
102189,0
102190,0
102191,0
102192,0
102193,0
102194,0
102195,0
102196,0
102197,34
102198,28
102199,28
102200,0
102201,0
102202,32
102203,0
102204,0
102205,0
102206,0
102207,0
102208,0
102209,35
102210,0
102211,38
102212,0
102213,0
102214,0
102215,0
102216,0
102217,0
102218,0
102219,0
102220,0
102221,0
102222,0
102223,0
102224,0
102225,0
102226,28
102227,0
102228,0
102229,36
102230,0
102231,0
102232,0
102233,30
102234,0
102235,35
102236,0
102237,0
102238,0
102239,0
102240,0
102241,33
102242,0
102243,0
102244,24
102245,32
102246,30
102247,0
102248,37
102249,28
102250,0
102251,47
102252,0
102253,22
102254,40
102255,0
102256,0
102257,0
102258,0
102259,0
102260,0
102261,0
102262,0
102263,0
102264,0
102265,40
102266,0
102267,0
102268,0
102269,29
102270,28
102271,23
102272,0
102273,0
102274,25
102275,0
102276,31
102277,0
102278,0
102279,0
102280,0
102281,37
102282,0
102283,0
102284,24
102285,0
102286,38
102287,0
102288,0
102289,0
102290,0
102291,0
102292,0
102293,0
102294,0
102295,0
102296,23
102297,0
102298,0
102299,0
102300,17
102301,0
102302,0
102303,27
102304,0
102305,0
102306,0
102307,0
102308,20
102309,0
102310,0
102311,23
102312,0
102313,0
102314,0
102315,0
102316,0
102317,22
102318,0
102319,51
102320,0
102321,0
102322,0
102323,33
102324,34
102325,22
102326,28
102327,0
102328,0
102329,35
102330,0
102331,26
102332,0
102333,0
102334,0
102335,0
102336,0
102337,0
102338,0
102339,0
102340,0
102341,0
102342,21
102343,0
102344,0
102345,33
102346,0
102347,0
102348,0
102349,0
102350,0
102351,0
102352,0
102353,0
102354,0
102355,0
102356,0
102357,0
102358,0
102359,0
102360,0
102361,28
102362,25
102363,0
102364,0
102365,0
102366,37
102367,23
102368,0
102369,0
102370,0
102371,0
102372,0
102373,0
102374,0
102375,0
102376,26
102377,0
102378,0
102379,0
102380,0
102381,0
102382,0
102383,0
102384,0
102385,0
102386,0
102387,0
102388,0
102389,21
102390,32
102391,0
102392,0
102393,0
102394,50
102395,0
102396,0
102397,0
102398,0
102399,0
102400,0
102401,0
102402,31
102403,29
102404,0
102405,21
102406,0
102407,0
102408,0
102409,0
102410,35
102411,0
102412,0
102413,0
102414,0
102415,22
102416,0
102417,0
102418,0
102419,40
102420,0
102421,0
102422,21
102423,0
102424,0
102425,24
102426,35
102427,0
102428,0
102429,0
102430,0
102431,0
102432,0
102433,0
102434,0
102435,0
102436,0
102437,0
102438,38
102439,0
102440,0
102441,0
102442,0
102443,31
102444,0
102445,0
102446,0
102447,0
102448,0
102449,34
102450,0
102451,0
102452,0
102453,0
102454,0
102455,0
102456,0
102457,0
102458,0
102459,29
102460,26
102461,27
102462,27
102463,39
102464,0
102465,0
102466,0
102467,26
102468,0
102469,32
102470,0
102471,28
102472,0
102473,0
102474,0
102475,0
102476,0
102477,0
102478,0
102479,0
102480,0
102481,0
102482,0
102483,24
102484,0
102485,0
102486,0
102487,0
102488,0
102489,0
102490,0
102491,34
102492,23
102493,0
102494,0
102495,0
102496,0
102497,0
102498,25
102499,0
102500,0
102501,0
102502,0
102503,0
102504,0
102505,30
102506,25
102507,0
102508,0
102509,0
102510,0
102511,0
102512,0
102513,0
102514,0
102515,0
102516,0
102517,34
102518,39
102519,0
102520,33
102521,0
102522,0
102523,0
102524,0
102525,0
102526,0
102527,22
102528,0
102529,0
102530,0
102531,32
102532,0
102533,0
102534,0
102535,0
102536,29
102537,49
102538,0
102539,0
102540,38
102541,0
102542,0
102543,0
102544,30
102545,0
102546,0
102547,43
102548,0
102549,0
102550,0
102551,0
102552,0
102553,0
102554,0
102555,0
102556,0
102557,0
102558,0
102559,28
102560,0
102561,0
102562,29
102563,0
102564,33
102565,0
102566,50
102567,29
102568,0
102569,0
102570,0
102571,0
102572,0
102573,0
102574,0
102575,0
102576,0
102577,0
102578,0
102579,0
102580,0
102581,0
102582,0
102583,0
102584,31
102585,0
102586,0
102587,37
102588,0
102589,0
102590,0
102591,0
102592,35
102593,0
102594,0
102595,40
102596,34
102597,31
102598,0
102599,0
102600,0
102601,24
102602,0
102603,0
102604,0
102605,0
102606,0
102607,0
102608,0
102609,0
102610,0
102611,0
102612,0
102613,39
102614,0
102615,0
102616,0
102617,0
102618,0
102619,0
102620,0
102621,0
102622,0
102623,0
102624,40
102625,0
102626,29
102627,0
102628,0
102629,0
102630,31
102631,44
102632,0
102633,0
102634,0
102635,0
102636,0
102637,0
102638,0
102639,0
102640,0
102641,41
102642,0
102643,32
102644,0
102645,0
102646,0
102647,0
102648,0
102649,0
102650,28
102651,0
102652,0
102653,0
102654,0
102655,0
102656,0
102657,0
102658,0
102659,19
102660,0
102661,0
102662,0
102663,0
102664,0
102665,0
102666,29
102667,0
102668,0
102669,19
102670,41
102671,0
102672,0
102673,0
102674,0
102675,0
102676,0
102677,0
102678,39
102679,0
102680,0
102681,35
102682,0
102683,21
102684,0
102685,23
102686,0
102687,0
102688,0
102689,0
102690,0
102691,0
102692,12
102693,0
102694,36
102695,0
102696,0
102697,0
102698,0
102699,0
102700,0
102701,0
102702,0
102703,0
102704,0
102705,0
102706,0
102707,0
102708,0
102709,0
102710,0
102711,0
102712,0
102713,0
102714,0
102715,0
102716,0
102717,0
102718,0
102719,37
102720,0
102721,0
102722,27
102723,0
102724,0
102725,22
102726,0
102727,0
102728,0
102729,0
102730,0
102731,0
102732,0
102733,0
102734,0
102735,23
102736,0
102737,0
102738,0
102739,0
102740,0
102741,0
102742,0
102743,0
102744,0
102745,0
102746,0
102747,0
102748,0
102749,0
102750,0
102751,0
102752,0
102753,0
102754,0
102755,0
102756,26
102757,0
102758,0
102759,40
102760,0
102761,0
102762,35
102763,0
102764,0
102765,32
102766,0
102767,0
102768,37
102769,0
102770,0
102771,0
102772,0
102773,0
102774,0
102775,0
102776,0
102777,31
102778,0
102779,0
102780,0
102781,0
102782,25
102783,0
102784,0
102785,0
102786,0
102787,0
102788,0
102789,0
102790,37
102791,0
102792,0
102793,0
102794,0
102795,0
102796,0
102797,0
102798,0
102799,26
102800,0
102801,0
102802,23
102803,0
102804,0
102805,0
102806,0
102807,0
102808,0
102809,0
102810,0
102811,0
102812,0
102813,0
102814,0
102815,0
102816,0
102817,0
102818,0
102819,0
102820,0
102821,0
102822,27
102823,0
102824,0
102825,36
102826,0
102827,0
102828,0
102829,35
102830,0
102831,0
102832,0
102833,0
102834,44
102835,0
102836,0
102837,0
102838,0
102839,0
102840,0
102841,0
102842,0
102843,0
102844,0
102845,0
102846,0
102847,0
102848,31
102849,25
102850,0
102851,0
102852,0
102853,0
102854,0
102855,24
102856,0
102857,0
102858,0
102859,0
102860,19
102861,0
102862,0
102863,0
102864,0
102865,17
102866,15
102867,0
102868,0
102869,0
102870,16
102871,0
102872,15
102873,0
102874,25
102875,0
102876,0
102877,0
102878,0
102879,0
102880,0
102881,0
102882,0
102883,0
102884,0
102885,17
102886,0
102887,0
102888,18
102889,0
102890,0
102891,0
102892,0
102893,0
102894,16
102895,0
102896,0
102897,16
102898,0
102899,0
102900,0
102901,0
102902,24
102903,0
102904,21
102905,12
102906,0
102907,24
102908,0
102909,0
102910,10
102911,0
102912,0
102913,31
102914,14
102915,0
102916,0
102917,0
102918,0
102919,26
102920,0
102921,15
102922,0
102923,20
102924,0
102925,23
102926,0
102927,0
102928,0
102929,0
102930,0
102931,0
102932,0
102933,22
102934,0
102935,0
102936,14
102937,0
102938,0
102939,0
102940,0
102941,20
102942,0
102943,0
102944,0
102945,14
102946,0
102947,22
102948,0
102949,0
102950,0
102951,18
102952,0
102953,0
102954,0
102955,0
102956,0
102957,0
102958,0
102959,0
102960,16
102961,10
102962,12
102963,0
102964,0
102965,0
102966,0
102967,0
102968,0
102969,0
102970,0
102971,0
102972,0
102973,0
102974,0
102975,19
102976,0
102977,0
102978,0
102979,18
102980,16
102981,16
102982,0
102983,0
102984,0
102985,0
102986,0
102987,12
102988,0
102989,0
102990,0
102991,0
102992,0
102993,23
102994,0
102995,20
102996,0
102997,0
102998,0
102999,0
103000,22
103001,0
103002,0
103003,32
103004,0
103005,0
103006,16
103007,0
103008,0
103009,0
103010,0
103011,17
103012,0
103013,12
103014,0
103015,0
103016,16
103017,0
103018,11
103019,0
103020,0
103021,0
103022,0
103023,0
103024,0
103025,0
103026,0
103027,0
103028,17
103029,0
103030,0
103031,0
103032,0
103033,0
103034,17
103035,6
103036,0
103037,0
103038,0
103039,0
103040,0
103041,0
103042,0
103043,0
103044,12
103045,0
103046,6
103047,0
103048,0
103049,0
103050,21
103051,19
103052,16
103053,0
103054,0
103055,11
103056,0
103057,12
103058,0
103059,0
103060,0
103061,0
103062,0
103063,0
103064,0
103065,0
103066,17
103067,0
103068,0
103069,0
103070,0
103071,0
103072,0
103073,0
103074,27
103075,0
103076,0
103077,0
103078,0
103079,10
103080,0
103081,0
103082,0
103083,0
103084,0
103085,0
103086,0
103087,0
103088,0
103089,0
103090,0
103091,0
103092,18
103093,0
103094,13
103095,0
103096,0
103097,0
103098,0
103099,29
103100,0
103101,21
103102,0
103103,0
103104,0
103105,0
103106,0
103107,0
103108,0
103109,0
103110,21
103111,0
103112,0
103113,13
103114,0
103115,0
103116,0
103117,0
103118,0
103119,0
103120,0
103121,0
103122,16
103123,0
103124,0
103125,0
103126,14
103127,28
103128,0
103129,0
103130,0
103131,0
103132,0
103133,0
103134,0
103135,16
103136,16
103137,0
103138,0
103139,13
103140,0
103141,12
103142,0
103143,23
103144,0
103145,0
103146,18
103147,0
103148,0
103149,0
103150,0
103151,23
103152,0
103153,0
103154,0
103155,0
103156,0
103157,16
103158,0
103159,0
103160,0
103161,0
103162,0
103163,0
103164,0
103165,0
103166,12
103167,10
103168,0
103169,10
103170,18
103171,0
103172,0
103173,0
103174,0
103175,26
103176,25
103177,0
103178,0
103179,0
103180,0
103181,0
103182,24
103183,0
103184,29
103185,0
103186,0
103187,0
103188,0
103189,0
103190,0
103191,0
103192,8
103193,0
103194,0
103195,0
103196,0
103197,0
103198,0
103199,0
103200,0
103201,0
103202,0
103203,0
103204,0
103205,0
103206,0
103207,0
103208,27
103209,0
103210,0
103211,23
103212,0
103213,0
103214,0
103215,13
103216,11
103217,0
103218,0
103219,0
103220,0
103221,0
103222,0
103223,0
103224,0
103225,0
103226,18
103227,0
103228,0
103229,14
103230,9
103231,0
103232,0
103233,14
103234,0
103235,0
103236,0
103237,0
103238,0
103239,10
103240,0
103241,0
103242,0
103243,0
103244,0
103245,23
103246,0
103247,14
103248,0
103249,0
103250,15
103251,0
103252,0
103253,0
103254,0
103255,0
103256,21
103257,0
103258,0
103259,0
103260,0
103261,0
103262,0
103263,0
103264,0
103265,0
103266,0
103267,0
103268,0
103269,0
103270,0
103271,0
103272,0
103273,0
103274,0
103275,0
103276,0
103277,0
103278,0
103279,0
103280,0
103281,0
103282,0
103283,0
103284,12
103285,22
103286,10
103287,29
103288,0
103289,16
103290,0
103291,17
103292,0
103293,12
103294,0
103295,0
103296,0
103297,0
103298,14
103299,0
103300,0
103301,0
103302,0
103303,17
103304,17
103305,0
103306,0
103307,0
103308,0
103309,0
103310,0
103311,0
103312,0
103313,0
103314,0
103315,0
103316,0
103317,0
103318,5
103319,0
103320,0
103321,0
103322,0
103323,19
103324,0
103325,0
103326,0
103327,21
103328,0
103329,0
103330,8
103331,0
103332,0
103333,0
103334,0
103335,0
103336,0
103337,0
103338,0
103339,15
103340,0
103341,0
103342,0
103343,0
103344,0
103345,10
103346,21
103347,0
103348,0
103349,0
103350,0
103351,8
103352,0
103353,0
103354,0
103355,0
103356,0
103357,6
103358,0
103359,0
103360,0
103361,0
103362,0
103363,10
103364,15
103365,0
103366,0
103367,15
103368,0
103369,0
103370,16
103371,0
103372,0
103373,18
103374,0
103375,0
103376,0
103377,0
103378,22
103379,0
103380,0
103381,0
103382,0
103383,0
103384,0
103385,0
103386,0
103387,0
103388,0
103389,19
103390,0
103391,0
103392,0
103393,0
103394,15
103395,16
103396,0
103397,0
103398,0
103399,15
103400,19
103401,0
103402,0
103403,0
103404,0
103405,19
103406,0
103407,0
103408,0
103409,0
103410,18
103411,0
103412,0
103413,0
103414,0
103415,0
103416,0
103417,33
103418,0
103419,0
103420,0
103421,41
103422,25
103423,0
103424,0
103425,38
103426,0
103427,0
103428,0
103429,0
103430,0
103431,0
103432,0
103433,0
103434,35
103435,0
103436,36
103437,0
103438,0
103439,0
103440,35
103441,0
103442,29
103443,0
103444,0
103445,45
103446,0
103447,0
103448,0
103449,0
103450,31
103451,22
103452,0
103453,0
103454,0
103455,0
103456,0
103457,0
103458,0
103459,0
103460,34
103461,0
103462,0
103463,17
103464,22
103465,0
103466,0
103467,0
103468,0
103469,0
103470,0
103471,0
103472,0
103473,0
103474,0
103475,0
103476,0
103477,0
103478,0
103479,0
103480,0
103481,0
103482,0
103483,0
103484,0
103485,0
103486,48
103487,0
103488,0
103489,0
103490,0
103491,0
103492,0
103493,0
103494,27
103495,28
103496,0
103497,0
103498,0
103499,26
103500,0
103501,30
103502,49
103503,0
103504,0
103505,0
103506,0
103507,0
103508,0
103509,0
103510,0
103511,0
103512,30
103513,0
103514,0
103515,0
103516,39
103517,46
103518,0
103519,0
103520,0
103521,36
103522,36
103523,39
103524,0
103525,0
103526,0
103527,0
103528,0
103529,32
103530,48
103531,0
103532,0
103533,36
103534,0
103535,0
103536,0
103537,0
103538,0
103539,0
103540,0
103541,0
103542,0
103543,27
103544,0
103545,0
103546,45
103547,0
103548,0
103549,0
103550,24
103551,0
103552,0
103553,0
103554,0
103555,0
103556,0
103557,22
103558,0
103559,18
103560,31
103561,0
103562,0
103563,0
103564,0
103565,50
103566,29
103567,29
103568,0
103569,0
103570,0
103571,0
103572,25
103573,28
103574,0
103575,49
103576,36
103577,0
103578,36
103579,0
103580,27
103581,0
103582,0
103583,0
103584,26
103585,0
103586,0
103587,0
103588,0
103589,0
103590,0
103591,0
103592,0
103593,0
103594,0
103595,0
103596,0
103597,0
103598,0
103599,61
103600,0
103601,0
103602,0
103603,0
103604,0
103605,0
103606,0
103607,0
103608,0
103609,0
103610,35
103611,0
103612,0
103613,0
103614,36
103615,0
103616,0
103617,0
103618,0
103619,0
103620,26
103621,0
103622,0
103623,0
103624,0
103625,0
103626,0
103627,0
103628,0
103629,0
103630,31
103631,0
103632,0
103633,0
103634,26
103635,21
103636,0
103637,0
103638,0
103639,35
103640,0
103641,0
103642,0
103643,0
103644,0
103645,33
103646,0
103647,0
103648,35
103649,0
103650,0
103651,0
103652,0
103653,0
103654,0
103655,0
103656,25
103657,0
103658,37
103659,0
103660,0
103661,0
103662,0
103663,0
103664,58
103665,61
103666,0
103667,41
103668,0
103669,0
103670,0
103671,0
103672,0
103673,0
103674,21
103675,0
103676,0
103677,0
103678,0
103679,0
103680,50
103681,0
103682,0
103683,0
103684,0
103685,0
103686,0
103687,0
103688,0
103689,0
103690,0
103691,0
103692,0
103693,0
103694,0
103695,26
103696,0
103697,0
103698,0
103699,0
103700,0
103701,0
103702,0
103703,40
103704,47
103705,0
103706,0
103707,0
103708,30
103709,0
103710,0
103711,0
103712,26
103713,0
103714,0
103715,0
103716,0
103717,0
103718,22
103719,33
103720,35
103721,0
103722,27
103723,0
103724,0
103725,0
103726,0
103727,0
103728,0
103729,0
103730,0
103731,0
103732,0
103733,25
103734,0
103735,0
103736,0
103737,0
103738,0
103739,0
103740,0
103741,0
103742,0
103743,0
103744,48
103745,45
103746,33
103747,0
103748,0
103749,0
103750,0
103751,0
103752,0
103753,35
103754,0
103755,0
103756,0
103757,0
103758,39
103759,27
103760,0
103761,0
103762,0
103763,0
103764,0
103765,23
103766,0
103767,0
103768,0
103769,0
103770,0
103771,0
103772,0
103773,0
103774,0
103775,0
103776,29
103777,0
103778,0
103779,0
103780,45
103781,0
103782,0
103783,35
103784,28
103785,26
103786,0
103787,0
103788,0
103789,0
103790,28
103791,0
103792,0
103793,24
103794,25
103795,22
103796,0
103797,22
103798,0
103799,0
103800,35
103801,0
103802,0
103803,0
103804,0
103805,0
103806,0
103807,0
103808,24
103809,39
103810,23
103811,0
103812,0
103813,30
103814,0
103815,0
103816,0
103817,0
103818,38
103819,0
103820,0
103821,0
103822,0
103823,25
103824,0
103825,48
103826,0
103827,24
103828,20
103829,0
103830,0
103831,0
103832,0
103833,0
103834,0
103835,32
103836,0
103837,0
103838,0
103839,0
103840,0
103841,0
103842,0
103843,0
103844,0
103845,0
103846,0
103847,0
103848,0
103849,0
103850,0
103851,0
103852,0
103853,0
103854,0
103855,0
103856,40
103857,0
103858,0
103859,0
103860,0
103861,0
103862,25
103863,0
103864,0
103865,0
103866,0
103867,0
103868,0
103869,44
103870,0
103871,0
103872,0
103873,0
103874,27
103875,0
103876,0
103877,0
103878,0
103879,0
103880,0
103881,0
103882,0
103883,0
103884,0
103885,39
103886,0
103887,0
103888,21
103889,24
103890,0
103891,0
103892,41
103893,0
103894,0
103895,0
103896,0
103897,24
103898,0
103899,0
103900,20
103901,0
103902,55
103903,0
103904,0
103905,0
103906,27
103907,0
103908,0
103909,34
103910,0
103911,0
103912,30
103913,0
103914,0
103915,0
103916,24
103917,0
103918,0
103919,28
103920,32
103921,0
103922,30
103923,0
103924,0
103925,0
103926,0
103927,0
103928,0
103929,0
103930,0
103931,0
103932,0
103933,0
103934,0
103935,39
103936,0
103937,0
103938,39
103939,0
103940,48
103941,0
103942,0
103943,0
103944,0
103945,0
103946,34
103947,23
103948,0
103949,0
103950,0
103951,0
103952,0
103953,0
103954,0
103955,0
103956,0
103957,0
103958,0
103959,0
103960,0
103961,0
103962,0
103963,29
103964,0
103965,0
103966,0
103967,0
103968,0
103969,15
103970,0
103971,0
103972,0
103973,25
103974,0
103975,0
103976,0
103977,0
103978,0
103979,27
103980,0
103981,0
103982,0
103983,0
103984,0
103985,0
103986,0
103987,48
103988,0
103989,0
103990,0
103991,0
103992,0
103993,0
103994,0
103995,0
103996,0
103997,0
103998,0
103999,33
104000,0
104001,31
104002,0
104003,0
104004,0
104005,0
104006,27
104007,0
104008,0
104009,0
104010,0
104011,24
104012,0
104013,0
104014,0
104015,0
104016,0
104017,0
104018,0
104019,0
104020,0
104021,27
104022,0
104023,0
104024,0
104025,33
104026,0
104027,35
104028,0
104029,0
104030,0
104031,0
104032,38
104033,0
104034,0
104035,0
104036,34
104037,45
104038,27
104039,36
104040,0
104041,0
104042,55
104043,0
104044,24
104045,0
104046,0
104047,0
104048,0
104049,30
104050,0
104051,32
104052,33
104053,50
104054,0
104055,0
104056,0
104057,0
104058,0
104059,0
104060,39
104061,0
104062,0
104063,0
104064,31
104065,0
104066,0
104067,0
104068,0
104069,29
104070,0
104071,0
104072,41
104073,32
104074,0
104075,0
104076,0
104077,0
104078,0
104079,34
104080,0
104081,0
104082,26
104083,38
104084,0
104085,0
104086,0
104087,0
104088,22
104089,48
104090,47
104091,0
104092,0
104093,0
104094,0
104095,0
104096,0
104097,28
104098,0
104099,0
104100,0
104101,0
104102,0
104103,0
104104,0
104105,0
104106,67
104107,0
104108,25
104109,0
104110,0
104111,33
104112,0
104113,0
104114,0
104115,0
104116,0
104117,0
104118,0
104119,25
104120,34
104121,0
104122,29
104123,0
104124,0
104125,0
104126,0
104127,0
104128,0
104129,0
104130,32
104131,0
104132,0
104133,37
104134,0
104135,0
104136,0
104137,0
104138,38
104139,0
104140,0
104141,0
104142,0
104143,23
104144,0
104145,26
104146,0
104147,54
104148,0
104149,0
104150,29
104151,0
104152,0
104153,0
104154,0
104155,0
104156,0
104157,0
104158,0
104159,0
104160,0
104161,0
104162,0
104163,0
104164,0
104165,0
104166,0
104167,0
104168,0
104169,29
104170,33
104171,0
104172,0
104173,0
104174,37
104175,0
104176,30
104177,0
104178,0
104179,28
104180,30
104181,29
104182,0
104183,0
104184,0
104185,0
104186,41
104187,0
104188,30
104189,54
104190,0
104191,0
104192,0
104193,0
104194,0
104195,0
104196,47
104197,0
104198,0
104199,0
104200,0
104201,46
104202,0
104203,38
104204,0
104205,40
104206,0
104207,0
104208,0
104209,0
104210,0
104211,0
104212,0
104213,0
104214,0
104215,29
104216,0
104217,0
104218,0
104219,43
104220,0
104221,36
104222,35
104223,0
104224,0
104225,0
104226,20
104227,0
104228,0
104229,0
104230,0
104231,0
104232,24
104233,0
104234,0
104235,0
104236,34
104237,43
104238,0
104239,0
104240,53
104241,0
104242,32
104243,0
104244,0
104245,0
104246,0
104247,0
104248,46
104249,0
104250,0
104251,36
104252,0
104253,0
104254,0
104255,0
104256,0
104257,0
104258,0
104259,0
104260,0
104261,0
104262,0
104263,0
104264,0
104265,31
104266,0
104267,0
104268,0
104269,0
104270,0
104271,0
104272,17
104273,0
104274,0
104275,0
104276,0
104277,0
104278,0
104279,0
104280,0
104281,0
104282,26
104283,0
104284,0
104285,22
104286,0
104287,0
104288,0
104289,37
104290,0
104291,0
104292,30
104293,0
104294,0
104295,0
104296,0
104297,0
104298,0
104299,0
104300,51
104301,0
104302,0
104303,0
104304,0
104305,0
104306,18
104307,0
104308,0
104309,13
104310,0
104311,0
104312,27
104313,0
104314,0
104315,25
104316,0
104317,0
104318,0
104319,41
104320,0
104321,0
104322,0
104323,33
104324,0
104325,0
104326,0
104327,41
104328,37
104329,0
104330,40
104331,25
104332,0
104333,0
104334,0
104335,0
104336,0
104337,0
104338,0
104339,0
104340,0
104341,0
104342,0
104343,0
104344,0
104345,24
104346,0
104347,0
104348,30
104349,0
104350,30
104351,0
104352,0
104353,0
104354,0
104355,0
104356,0
104357,0
104358,0
104359,0
104360,0
104361,0
104362,0
104363,29
104364,32
104365,0
104366,30
104367,36
104368,0
104369,0
104370,0
104371,0
104372,0
104373,0
104374,0
104375,0
104376,0
104377,0
104378,29
104379,0
104380,21
104381,0
104382,0
104383,0
104384,0
104385,37
104386,0
104387,0
104388,36
104389,0
104390,0
104391,0
104392,29
104393,0
104394,0
104395,0
104396,30
104397,0
104398,0
104399,0
104400,0
104401,37
104402,0
104403,0
104404,0
104405,0
104406,22
104407,0
104408,0
104409,0
104410,0
104411,21
104412,0
104413,0
104414,0
104415,0
104416,0
104417,0
104418,0
104419,0
104420,0
104421,0
104422,0
104423,0
104424,27
104425,0
104426,0
104427,0
104428,0
104429,39
104430,19
104431,18
104432,33
104433,0
104434,33
104435,0
104436,0
104437,0
104438,0
104439,0
104440,0
104441,0
104442,0
104443,0
104444,0
104445,0
104446,0
104447,0
104448,0
104449,0
104450,0
104451,0
104452,0
104453,0
104454,0
104455,0
104456,0
104457,0
104458,0
104459,0
104460,0
104461,0
104462,0
104463,0
104464,0
104465,0
104466,0
104467,0
104468,0
104469,0
104470,0
104471,0
104472,0
104473,0
104474,0
104475,0
104476,0
104477,0
104478,25
104479,0
104480,0
104481,0
104482,0
104483,0
104484,27
104485,0
104486,0
104487,0
104488,0
104489,32
104490,26
104491,0
104492,0
104493,0
104494,0
104495,28
104496,0
104497,0
104498,0
104499,28
104500,0
104501,0
104502,0
104503,0
104504,0
104505,0
104506,0
104507,27
104508,0
104509,0
104510,0
104511,22
104512,0
104513,0
104514,0
104515,0
104516,0
104517,0
104518,0
104519,0
104520,16
104521,29
104522,0
104523,0
104524,21
104525,0
104526,0
104527,0
104528,0
104529,25
104530,0
104531,23
104532,0
104533,0
104534,0
104535,0
104536,0
104537,0
104538,25
104539,0
104540,0
104541,0
104542,0
104543,0
104544,0
104545,0
104546,0
104547,0
104548,0
104549,39
104550,0
104551,0
104552,0
104553,0
104554,31
104555,24
104556,0
104557,0
104558,0
104559,0
104560,25
104561,0
104562,29
104563,0
104564,0
104565,0
104566,0
104567,9
104568,0
104569,23
104570,0
104571,19
104572,0
104573,0
104574,0
104575,38
104576,25
104577,0
104578,0
104579,0
104580,23
104581,0
104582,0
104583,0
104584,0
104585,0
104586,0
104587,0
104588,17
104589,0
104590,0
104591,21
104592,0
104593,0
104594,39
104595,0
104596,0
104597,0
104598,0
104599,28
104600,0
104601,0
104602,0
104603,0
104604,0
104605,0
104606,0
104607,0
104608,24
104609,0
104610,26
104611,0
104612,45
104613,0
104614,0
104615,0
104616,0
104617,33
104618,0
104619,0
104620,0
104621,0
104622,0
104623,0
104624,0
104625,26
104626,0
104627,0
104628,0
104629,0
104630,30
104631,0
104632,0
104633,0
104634,0
104635,0
104636,0
104637,0
104638,0
104639,24
104640,0
104641,0
104642,30
104643,0
104644,0
104645,0
104646,0
104647,0
104648,0
104649,16
104650,0
104651,0
104652,0
104653,23
104654,0
104655,0
104656,25
104657,0
104658,0
104659,0
104660,20
104661,0
104662,0
104663,0
104664,0
104665,33
104666,0
104667,0
104668,0
104669,0
104670,0
104671,0
104672,18
104673,0
104674,27
104675,0
104676,34
104677,0
104678,0
104679,0
104680,0
104681,0
104682,0
104683,41
104684,0
104685,31
104686,0
104687,0
104688,0
104689,44
104690,0
104691,0
104692,0
104693,0
104694,0
104695,0
104696,0
104697,37
104698,0
104699,19
104700,0
104701,0
104702,0
104703,0
104704,19
104705,30
104706,20
104707,26
104708,28
104709,0
104710,0
104711,0
104712,0
104713,0
104714,0
104715,42
104716,31
104717,0
104718,32
104719,0
104720,0
104721,0
104722,25
104723,0
104724,20
104725,0
104726,0
104727,0
104728,30
104729,18
104730,0
104731,0
104732,0
104733,0
104734,0
104735,0
104736,0
104737,20
104738,0
104739,0
104740,0
104741,0
104742,0
104743,0
104744,0
104745,0
104746,0
104747,0
104748,0
104749,0
104750,0
104751,0
104752,17
104753,0
104754,0
104755,0
104756,0
104757,0
104758,0
104759,31
104760,0
104761,0
104762,0
104763,0
104764,26
104765,0
104766,28
104767,31
104768,0
104769,0
104770,0
104771,0
104772,0
104773,36
104774,0
104775,0
104776,0
104777,0
104778,0
104779,0
104780,0
104781,29
104782,0
104783,0
104784,0
104785,26
104786,0
104787,0
104788,0
104789,0
104790,33
104791,0
104792,34
104793,0
104794,0
104795,18
104796,0
104797,0
104798,0
104799,0
104800,0
104801,0
104802,0
104803,0
104804,35
104805,24
104806,0
104807,0
104808,0
104809,0
104810,0
104811,0
104812,0
104813,37
104814,30
104815,0
104816,0
104817,0
104818,0
104819,35
104820,0
104821,0
104822,0
104823,0
104824,26
104825,0
104826,0
104827,0
104828,0
104829,0
104830,0
104831,23
104832,0
104833,0
104834,18
104835,0
104836,30
104837,0
104838,0
104839,23
104840,0
104841,0
104842,0
104843,0
104844,0
104845,23
104846,0
104847,0
104848,0
104849,35
104850,0
104851,0
104852,0
104853,0
104854,0
104855,0
104856,25
104857,19
104858,0
104859,0
104860,0
104861,32
104862,0
104863,0
104864,0
104865,0
104866,16
104867,0
104868,0
104869,0
104870,0
104871,0
104872,0
104873,0
104874,0
104875,0
104876,0
104877,0
104878,36
104879,0
104880,0
104881,26
104882,0
104883,0
104884,0
104885,0
104886,0
104887,34
104888,40
104889,26
104890,21
104891,0
104892,0
104893,0
104894,0
104895,0
104896,0
104897,0
104898,0
104899,0
104900,0
104901,0
104902,0
104903,22
104904,33
104905,0
104906,0
104907,31
104908,0
104909,0
104910,0
104911,0
104912,0
104913,0
104914,32
104915,0
104916,34
104917,0
104918,0
104919,0
104920,34
104921,0
104922,0
104923,0
104924,33
104925,0
104926,0
104927,22
104928,0
104929,0
104930,0
104931,0
104932,0
104933,26
104934,23
104935,33
104936,0
104937,0
104938,0
104939,0
104940,0
104941,0
104942,26
104943,0
104944,0
104945,28
104946,0
104947,40
104948,0
104949,0
104950,0
104951,0
104952,0
104953,0
104954,0
104955,33
104956,0
104957,0
104958,0
104959,0
104960,35
104961,0
104962,21
104963,0
104964,0
104965,28
104966,19
104967,0
104968,0
104969,0
104970,0
104971,0
104972,0
104973,0
104974,0
104975,0
104976,0
104977,0
104978,0
104979,0
104980,0
104981,0
104982,0
104983,0
104984,0
104985,33
104986,0
104987,0
104988,38
104989,0
104990,24
104991,0
104992,0
104993,0
104994,0
104995,0
104996,0
104997,37
104998,0
104999,0
105000,0
105001,31
105002,0
105003,0
105004,28
105005,0
105006,41
105007,0
105008,0
105009,0
105010,0
105011,38
105012,0
105013,0
105014,30
105015,37
105016,0
105017,21
105018,0
105019,25
105020,0
105021,0
105022,0
105023,0
105024,0
105025,0
105026,0
105027,32
105028,0
105029,0
105030,0
105031,40
105032,0
105033,0
105034,0
105035,0
105036,0
105037,0
105038,47
105039,25
105040,0
105041,0
105042,0
105043,0
105044,0
105045,0
105046,0
105047,0
105048,0
105049,0
105050,0
105051,0
105052,0
105053,45
105054,52
105055,19
105056,0
105057,39
105058,38
105059,0
105060,0
105061,0
105062,39
105063,0
105064,0
105065,0
105066,0
105067,30
105068,0
105069,38
105070,0
105071,0
105072,0
105073,12
105074,0
105075,37
105076,0
105077,0
105078,0
105079,0
105080,0
105081,0
105082,0
105083,27
105084,0
105085,0
105086,0
105087,0
105088,0
105089,0
105090,0
105091,32
105092,36
105093,23
105094,27
105095,0
105096,31
105097,0
105098,0
105099,45
105100,0
105101,48
105102,0
105103,0
105104,0
105105,58
105106,0
105107,21
105108,0
105109,40
105110,38
105111,40
105112,35
105113,0
105114,0
105115,0
105116,0
105117,39
105118,0
105119,0
105120,0
105121,0
105122,35
105123,21
105124,32
105125,0
105126,0
105127,30
105128,27
105129,38
105130,18
105131,0
105132,0
105133,0
105134,0
105135,26
105136,0
105137,0
105138,0
105139,0
105140,0
105141,0
105142,0
105143,0
105144,0
105145,33
105146,0
105147,46
105148,0
105149,0
105150,32
105151,0
105152,0
105153,0
105154,0
105155,0
105156,0
105157,0
105158,0
105159,0
105160,0
105161,0
105162,38
105163,0
105164,0
105165,0
105166,0
105167,0
105168,0
105169,0
105170,0
105171,40
105172,27
105173,0
105174,0
105175,33
105176,0
105177,0
105178,0
105179,0
105180,38
105181,33
105182,0
105183,28
105184,14
105185,0
105186,33
105187,0
105188,0
105189,0
105190,0
105191,0
105192,0
105193,0
105194,0
105195,0
105196,0
105197,0
105198,0
105199,0
105200,0
105201,0
105202,31
105203,35
105204,0
105205,33
105206,0
105207,44
105208,0
105209,0
105210,36
105211,0
105212,0
105213,16
105214,16
105215,37
105216,0
105217,0
105218,0
105219,0
105220,28
105221,0
105222,26
105223,16
105224,44
105225,0
105226,37
105227,0
105228,0
105229,0
105230,0
105231,0
105232,0
105233,0
105234,0
105235,0
105236,0
105237,0
105238,0
105239,0
105240,0
105241,0
105242,0
105243,0
105244,0
105245,35
105246,0
105247,0
105248,40
105249,25
105250,0
105251,0
105252,0
105253,25
105254,0
105255,16
105256,0
105257,0
105258,0
105259,0
105260,0
105261,0
105262,0
105263,0
105264,27
105265,0
105266,0
105267,0
105268,0
105269,0
105270,0
105271,0
105272,0
105273,0
105274,0
105275,16
105276,33
105277,0
105278,0
105279,20
105280,0
105281,0
105282,0
105283,37
105284,36
105285,0
105286,0
105287,28
105288,33
105289,0
105290,0
105291,0
105292,0
105293,0
105294,0
105295,35
105296,0
105297,0
105298,0
105299,0
105300,0
105301,0
105302,0
105303,0
105304,0
105305,0
105306,0
105307,0
105308,0
105309,0
105310,0
105311,0
105312,0
105313,0
105314,0
105315,0
105316,0
105317,0
105318,0
105319,0
105320,0
105321,0
105322,0
105323,37
105324,0
105325,0
105326,0
105327,0
105328,0
105329,0
105330,0
105331,0
105332,0
105333,0
105334,0
105335,0
105336,0
105337,0
105338,0
105339,0
105340,0
105341,27
105342,0
105343,0
105344,0
105345,0
105346,0
105347,44
105348,0
105349,0
105350,0
105351,0
105352,0
105353,0
105354,0
105355,0
105356,0
105357,25
105358,0
105359,0
105360,0
105361,0
105362,0
105363,0
105364,0
105365,0
105366,0
105367,0
105368,0
105369,0
105370,0
105371,43
105372,34
105373,0
105374,0
105375,0
105376,0
105377,0
105378,0
105379,0
105380,0
105381,0
105382,0
105383,0
105384,0
105385,0
105386,0
105387,0
105388,0
105389,0
105390,0
105391,0
105392,0
105393,0
105394,0
105395,0
105396,0
105397,0
105398,0
105399,0
105400,0
105401,54
105402,0
105403,0
105404,32
105405,34
105406,27
105407,0
105408,0
105409,0
105410,0
105411,0
105412,0
105413,39
105414,0
105415,0
105416,0
105417,0
105418,0
105419,30
105420,0
105421,0
105422,0
105423,0
105424,0
105425,27
105426,0
105427,0
105428,0
105429,0
105430,0
105431,0
105432,0
105433,0
105434,20
105435,0
105436,0
105437,0
105438,0
105439,0
105440,0
105441,0
105442,0
105443,0
105444,0
105445,46
105446,0
105447,0
105448,0
105449,25
105450,0
105451,33
105452,0
105453,0
105454,0
105455,0
105456,0
105457,0
105458,56
105459,0
105460,0
105461,0
105462,0
105463,0
105464,0
105465,0
105466,0
105467,56
105468,0
105469,27
105470,24
105471,0
105472,0
105473,0
105474,0
105475,0
105476,0
105477,0
105478,43
105479,0
105480,0
105481,0
105482,0
105483,0
105484,0
105485,0
105486,0
105487,0
105488,46
105489,0
105490,0
105491,0
105492,0
105493,0
105494,0
105495,0
105496,0
105497,0
105498,0
105499,0
105500,0
105501,0
105502,0
105503,0
105504,0
105505,0
105506,0
105507,0
105508,0
105509,0
105510,40
105511,33
105512,0
105513,0
105514,0
105515,0
105516,34
105517,0
105518,0
105519,33
105520,0
105521,0
105522,32
105523,0
105524,0
105525,0
105526,30
105527,0
105528,43
105529,0
105530,0
105531,0
105532,0
105533,0
105534,0
105535,0
105536,0
105537,35
105538,0
105539,0
105540,0
105541,0
105542,0
105543,0
105544,0
105545,0
105546,0
105547,0
105548,34
105549,0
105550,0
105551,0
105552,0
105553,0
105554,0
105555,70
105556,0
105557,0
105558,0
105559,0
105560,0
105561,0
105562,0
105563,0
105564,0
105565,0
105566,0
105567,0
105568,0
105569,0
105570,0
105571,38
105572,46
105573,0
105574,0
105575,0
105576,0
105577,63
105578,0
105579,0
105580,0
105581,0
105582,59
105583,0
105584,0
105585,0
105586,0
105587,0
105588,0
105589,0
105590,0
105591,61
105592,0
105593,0
105594,36
105595,0
105596,0
105597,0
105598,0
105599,0
105600,0
105601,48
105602,0
105603,0
105604,57
105605,0
105606,0
105607,25
105608,0
105609,0
105610,0
105611,0
105612,0
105613,0
105614,0
105615,25
105616,0
105617,0
105618,0
105619,0
105620,0
105621,0
105622,0
105623,0
105624,0
105625,0
105626,0
105627,0
105628,0
105629,0
105630,0
105631,0
105632,0
105633,27
105634,35
105635,0
105636,0
105637,33
105638,0
105639,0
105640,0
105641,0
105642,0
105643,0
105644,0
105645,0
105646,0
105647,0
105648,0
105649,0
105650,27
105651,0
105652,0
105653,30
105654,0
105655,0
105656,0
105657,0
105658,0
105659,0
105660,0
105661,0
105662,0
105663,0
105664,0
105665,0
105666,0
105667,0
105668,0
105669,0
105670,0
105671,0
105672,49
105673,0
105674,0
105675,0
105676,59
105677,0
105678,0
105679,0
105680,0
105681,0
105682,42
105683,0
105684,0
105685,0
105686,0
105687,0
105688,0
105689,41
105690,0
105691,0
105692,0
105693,0
105694,0
105695,0
105696,0
105697,0
105698,30
105699,0
105700,0
105701,0
105702,0
105703,0
105704,0
105705,31
105706,18
105707,0
105708,56
105709,0
105710,0
105711,0
105712,0
105713,0
105714,0
105715,0
105716,0
105717,0
105718,0
105719,0
105720,0
105721,0
105722,0
105723,0
105724,0
105725,0
105726,0
105727,0
105728,30
105729,0
105730,0
105731,0
105732,0
105733,0
105734,0
105735,0
105736,31
105737,0
105738,0
105739,0
105740,0
105741,0
105742,28
105743,0
105744,0
105745,26
105746,0
105747,0
105748,0
105749,0
105750,0
105751,0
105752,0
105753,0
105754,0
105755,0
105756,0
105757,0
105758,0
105759,0
105760,0
105761,0
105762,0
105763,0
105764,0
105765,0
105766,0
105767,0
105768,0
105769,0
105770,0
105771,38
105772,0
105773,0
105774,24
105775,0
105776,0
105777,0
105778,0
105779,0
105780,0
105781,29
105782,0
105783,23
105784,0
105785,0
105786,0
105787,0
105788,0
105789,0
105790,0
105791,0
105792,0
105793,0
105794,0
105795,0
105796,0
105797,32
105798,0
105799,0
105800,0
105801,0
105802,31
105803,0
105804,0
105805,0
105806,0
105807,23
105808,0
105809,0
105810,0
105811,0
105812,0
105813,0
105814,0
105815,0
105816,0
105817,0
105818,0
105819,0
105820,45
105821,0
105822,0
105823,0
105824,0
105825,0
105826,0
105827,0
105828,0
105829,0
105830,0
105831,0
105832,0
105833,0
105834,0
105835,0
105836,0
105837,0
105838,0
105839,0
105840,0
105841,0
105842,27
105843,0
105844,0
105845,0
105846,0
105847,0
105848,0
105849,27
105850,0
105851,0
105852,0
105853,0
105854,0
105855,0
105856,0
105857,0
105858,0
105859,43
105860,0
105861,0
105862,0
105863,0
105864,0
105865,0
105866,0
105867,0
105868,0
105869,0
105870,0
105871,0
105872,0
105873,0
105874,0
105875,26
105876,0
105877,0
105878,0
105879,0
105880,0
105881,0
105882,0
105883,0
105884,48
105885,0
105886,0
105887,0
105888,0
105889,0
105890,0
105891,0
105892,0
105893,0
105894,0
105895,0
105896,0
105897,0
105898,0
105899,0
105900,0
105901,0
105902,36
105903,0
105904,0
105905,0
105906,0
105907,0
105908,0
105909,0
105910,0
105911,0
105912,0
105913,30
105914,0
105915,0
105916,46
105917,0
105918,0
105919,0
105920,0
105921,33
105922,0
105923,0
105924,0
105925,0
105926,0
105927,0
105928,0
105929,0
105930,0
105931,0
105932,0
105933,0
105934,0
105935,0
105936,0
105937,0
105938,0
105939,0
105940,0
105941,19
105942,0
105943,0
105944,0
105945,0
105946,0
105947,0
105948,0
105949,0
105950,0
105951,0
105952,0
105953,0
105954,0
105955,0
105956,0
105957,0
105958,0
105959,0
105960,0
105961,48
105962,0
105963,0
105964,0
105965,0
105966,0
105967,0
105968,0
105969,0
105970,43
105971,0
105972,0
105973,0
105974,0
105975,0
105976,0
105977,0
105978,0
105979,0
105980,0
105981,0
105982,0
105983,0
105984,0
105985,0
105986,39
105987,40
105988,0
105989,0
105990,0
105991,0
105992,0
105993,0
105994,0
105995,0
105996,0
105997,0
105998,0
105999,0
106000,0
106001,0
106002,0
106003,0
106004,0
106005,0
106006,0
106007,29
106008,0
106009,0
106010,0
106011,0
106012,0
106013,0
106014,0
106015,8
106016,0
106017,0
106018,0
106019,0
106020,0
106021,9
106022,6
106023,0
106024,0
106025,11
106026,9
106027,0
106028,0
106029,0
106030,0
106031,0
106032,7
106033,0
106034,0
106035,0
106036,2
106037,0
106038,3
106039,0
106040,0
106041,0
106042,0
106043,0
106044,6
106045,0
106046,0
106047,0
106048,0
106049,0
106050,0
106051,11
106052,0
106053,0
106054,0
106055,0
106056,8
106057,0
106058,7
106059,6
106060,0
106061,0
106062,0
106063,0
106064,0
106065,0
106066,0
106067,0
106068,0
106069,0
106070,4
106071,4
106072,0
106073,0
106074,0
106075,4
106076,0
106077,0
106078,0
106079,0
106080,0
106081,0
106082,0
106083,0
106084,0
106085,0
106086,0
106087,0
106088,0
106089,8
106090,10
106091,2
106092,0
106093,0
106094,0
106095,0
106096,7
106097,0
106098,2
106099,0
106100,0
106101,0
106102,8
106103,4
106104,0
106105,0
106106,0
106107,0
106108,0
106109,5
106110,0
106111,3
106112,0
106113,9
106114,0
106115,0
106116,0
106117,0
106118,0
106119,3
106120,0
106121,0
106122,0
106123,0
106124,5
106125,7
106126,0
106127,0
106128,3
106129,0
106130,0
106131,0
106132,0
106133,0
106134,0
106135,0
106136,0
106137,0
106138,0
106139,0
106140,0
106141,0
106142,0
106143,12
106144,0
106145,3
106146,0
106147,0
106148,0
106149,0
106150,0
106151,0
106152,13
106153,3
106154,0
106155,0
106156,0
106157,0
106158,0
106159,0
106160,0
106161,0
106162,0
106163,0
106164,0
106165,0
106166,0
106167,0
106168,0
106169,0
106170,0
106171,0
106172,0
106173,0
106174,0
106175,0
106176,0
106177,0
106178,5
106179,10
106180,0
106181,0
106182,0
106183,0
106184,0
106185,7
106186,6
106187,0
106188,0
106189,8
106190,0
106191,0
106192,0
106193,0
106194,9
106195,0
106196,0
106197,0
106198,0
106199,0
106200,0
106201,0
106202,0
106203,0
106204,9
106205,5
106206,0
106207,0
106208,0
106209,0
106210,0
106211,0
106212,0
106213,0
106214,0
106215,0
106216,0
106217,0
106218,0
106219,0
106220,0
106221,0
106222,0
106223,0
106224,5
106225,0
106226,0
106227,0
106228,0
106229,0
106230,0
106231,0
106232,0
106233,0
106234,0
106235,0
106236,0
106237,7
106238,0
106239,0
106240,0
106241,0
106242,3
106243,0
106244,0
106245,0
106246,0
106247,0
106248,0
106249,7
106250,0
106251,4
106252,0
106253,0
106254,0
106255,0
106256,0
106257,0
106258,0
106259,0
106260,12
106261,5
106262,0
106263,6
106264,0
106265,0
106266,0
106267,0
106268,0
106269,5
106270,0
106271,0
106272,0
106273,0
106274,9
106275,8
106276,0
106277,0
106278,0
106279,0
106280,0
106281,0
106282,0
106283,0
106284,0
106285,0
106286,0
106287,0
106288,0
106289,0
106290,10
106291,0
106292,0
106293,0
106294,0
106295,0
106296,0
106297,0
106298,0
106299,0
106300,0
106301,0
106302,0
106303,0
106304,0
106305,0
106306,0
106307,0
106308,7
106309,0
106310,4
106311,11
106312,0
106313,12
106314,0
106315,0
106316,0
106317,0
106318,0
106319,0
106320,0
106321,7
106322,0
106323,0
106324,0
106325,0
106326,7
106327,6
106328,0
106329,0
106330,0
106331,0
106332,0
106333,6
106334,0
106335,0
106336,4
106337,0
106338,0
106339,0
106340,0
106341,0
106342,0
106343,0
106344,0
106345,0
106346,0
106347,0
106348,0
106349,0
106350,0
106351,0
106352,4
106353,0
106354,0
106355,0
106356,0
106357,0
106358,0
106359,0
106360,0
106361,0
106362,0
106363,0
106364,4
106365,0
106366,0
106367,0
106368,2
106369,0
106370,0
106371,0
106372,0
106373,0
106374,0
106375,0
106376,4
106377,0
106378,7
106379,0
106380,0
106381,6
106382,0
106383,6
106384,0
106385,5
106386,0
106387,0
106388,0
106389,0
106390,3
106391,0
106392,0
106393,0
106394,7
106395,0
106396,5
106397,9
106398,0
106399,4
106400,0
106401,5
106402,0
106403,5
106404,0
106405,2
106406,3
106407,0
106408,0
106409,0
106410,0
106411,0
106412,0
106413,0
106414,0
106415,0
106416,0
106417,3
106418,11
106419,0
106420,0
106421,9
106422,0
106423,9
106424,0
106425,0
106426,0
106427,0
106428,0
106429,1
106430,0
106431,0
106432,0
106433,0
106434,2
106435,0
106436,0
106437,0
106438,0
106439,0
106440,0
106441,0
106442,0
106443,0
106444,0
106445,0
106446,11
106447,4
106448,0
106449,5
106450,0
106451,0
106452,0
106453,7
106454,3
106455,0
106456,0
106457,0
106458,0
106459,0
106460,0
106461,0
106462,3
106463,0
106464,0
106465,0
106466,0
106467,0
106468,0
106469,0
106470,0
106471,0
106472,0
106473,0
106474,11
106475,0
106476,4
106477,0
106478,0
106479,4
106480,0
106481,0
106482,0
106483,0
106484,2
106485,0
106486,6
106487,0
106488,0
106489,0
106490,0
106491,0
106492,0
106493,0
106494,7
106495,0
106496,0
106497,0
106498,0
106499,0
106500,0
106501,0
106502,0
106503,4
106504,0
106505,7
106506,0
106507,0
106508,0
106509,0
106510,0
106511,0
106512,0
106513,7
106514,4
106515,4
106516,0
106517,0
106518,0
106519,0
106520,0
106521,0
106522,0
106523,0
106524,0
106525,0
106526,0
106527,3
106528,0
106529,0
106530,0
106531,4
106532,0
106533,14
106534,0
106535,0
106536,0
106537,0
106538,0
106539,0
106540,0
106541,0
106542,0
106543,0
106544,0
106545,5
106546,0
106547,0
106548,0
106549,0
106550,0
106551,0
106552,0
106553,0
106554,4
106555,4
106556,0
106557,5
106558,0
106559,0
106560,4
106561,0
106562,0
106563,6
106564,0
106565,2
106566,0
106567,0
106568,0
106569,0
106570,12
106571,0
106572,0
106573,0
106574,5
106575,9
106576,0
106577,0
106578,0
106579,0
106580,0
106581,0
106582,0
106583,0
106584,0
106585,0
106586,0
106587,0
106588,0
106589,0
106590,0
106591,0
106592,0
106593,0
106594,0
106595,0
106596,0
106597,0
106598,0
106599,4
106600,0
106601,0
106602,0
106603,0
106604,0
106605,0
106606,0
106607,0
106608,0
106609,0
106610,9
106611,0
106612,0
106613,0
106614,5
106615,0
106616,0
106617,0
106618,6
106619,0
106620,7
106621,0
106622,0
106623,0
106624,0
106625,0
106626,0
106627,0
106628,0
106629,0
106630,0
106631,6
106632,9
106633,4
106634,0
106635,0
106636,0
106637,0
106638,0
106639,7
106640,0
106641,0
106642,0
106643,10
106644,0
106645,5
106646,0
106647,0
106648,0
106649,0
106650,0
106651,0
106652,0
106653,0
106654,0
106655,0
106656,0
106657,0
106658,0
106659,0
106660,0
106661,0
106662,0
106663,0
106664,0
106665,0
106666,0
106667,0
106668,0
106669,0
106670,0
106671,0
106672,0
106673,0
106674,0
106675,0
106676,0
106677,0
106678,0
106679,0
106680,0
106681,0
106682,0
106683,0
106684,0
106685,0
106686,0
106687,0
106688,0
106689,0
106690,0
106691,0
106692,0
106693,0
106694,0
106695,0
106696,0
106697,0
106698,0
106699,0
106700,0
106701,0
106702,0
106703,0
106704,0
106705,0
106706,0
106707,0
106708,0
106709,0
106710,0
106711,0
106712,0
106713,1
106714,0
106715,0
106716,0
106717,0
106718,0
106719,0
106720,0
106721,0
106722,0
106723,0
106724,0
106725,0
106726,0
106727,0
106728,0
106729,0
106730,0
106731,0
106732,0
106733,0
106734,0
106735,0
106736,0
106737,0
106738,0
106739,0
106740,0
106741,0
106742,0
106743,0
106744,0
106745,0
106746,0
106747,0
106748,0
106749,0
106750,0
106751,0
106752,0
106753,0
106754,0
106755,0
106756,0
106757,0
106758,0
106759,0
106760,0
106761,0
106762,0
106763,0
106764,0
106765,0
106766,0
106767,0
106768,0
106769,0
106770,0
106771,0
106772,0
106773,0
106774,0
106775,0
106776,0
106777,0
106778,0
106779,0
106780,0
106781,0
106782,0
106783,0
106784,0
106785,0
106786,0
106787,0
106788,0
106789,0
106790,0
106791,0
106792,0
106793,0
106794,0
106795,0
106796,0
106797,0
106798,0
106799,0
106800,0
106801,0
106802,0
106803,0
106804,0
106805,0
106806,0
106807,0
106808,0
106809,0
106810,0
106811,0
106812,0
106813,0
106814,0
106815,0
106816,0
106817,0
106818,0
106819,0
106820,0
106821,0
106822,0
106823,0
106824,0
106825,0
106826,0
106827,0
106828,0
106829,0
106830,0
106831,0
106832,0
106833,0
106834,0
106835,0
106836,0
106837,0
106838,0
106839,0
106840,0
106841,0
106842,1
106843,0
106844,0
106845,0
106846,0
106847,0
106848,0
106849,0
106850,0
106851,0
106852,0
106853,0
106854,0
106855,0
106856,0
106857,0
106858,0
106859,0
106860,0
106861,0
106862,0
106863,0
106864,0
106865,0
106866,0
106867,0
106868,0
106869,0
106870,0
106871,0
106872,0
106873,0
106874,0
106875,0
106876,0
106877,0
106878,0
106879,0
106880,0
106881,0
106882,0
106883,0
106884,0
106885,0
106886,0
106887,0
106888,0
106889,0
106890,0
106891,0
106892,0
106893,0
106894,0
106895,0
106896,0
106897,0
106898,0
106899,0
106900,0
106901,0
106902,0
106903,0
106904,0
106905,0
106906,0
106907,0
106908,0
106909,0
106910,0
106911,0
106912,0
106913,0
106914,0
106915,0
106916,0
106917,0
106918,0
106919,0
106920,0
106921,0
106922,0
106923,0
106924,0
106925,0
106926,0
106927,0
106928,0
106929,0
106930,0
106931,0
106932,0
106933,0
106934,0
106935,0
106936,0
106937,0
106938,0
106939,0
106940,0
106941,0
106942,0
106943,0
106944,0
106945,0
106946,0
106947,0
106948,0
106949,0
106950,0
106951,0
106952,0
106953,0
106954,0
106955,0
106956,0
106957,0
106958,0
106959,0
106960,0
106961,0
106962,0
106963,0
106964,0
106965,0
106966,0
106967,0
106968,0
106969,0
106970,0
106971,0
106972,0
106973,0
106974,0
106975,0
106976,0
106977,0
106978,0
106979,0
106980,0
106981,0
106982,0
106983,0
106984,0
106985,0
106986,0
106987,0
106988,0
106989,0
106990,0
106991,0
106992,0
106993,0
106994,0
106995,0
106996,0
106997,0
106998,0
106999,0
107000,0
107001,0
107002,0
107003,0
107004,0
107005,0
107006,0
107007,0
107008,0
107009,0
107010,0
107011,0
107012,0
107013,0
107014,0
107015,0
107016,0
107017,0
107018,0
107019,0
107020,0
107021,0
107022,0
107023,0
107024,0
107025,0
107026,0
107027,0
107028,0
107029,0
107030,0
107031,0
107032,0
107033,0
107034,0
107035,0
107036,0
107037,0
107038,0
107039,0
107040,0
107041,0
107042,0
107043,0
107044,0
107045,0
107046,0
107047,0
107048,0
107049,0
107050,0
107051,1
107052,0
107053,0
107054,0
107055,0
107056,0
107057,0
107058,0
107059,0
107060,0
107061,0
107062,0
107063,0
107064,0
107065,0
107066,0
107067,0
107068,0
107069,0
107070,0
107071,0
107072,0
107073,0
107074,0
107075,0
107076,0
107077,0
107078,0
107079,0
107080,0
107081,0
107082,0
107083,0
107084,0
107085,0
107086,0
107087,0
107088,0
107089,0
107090,0
107091,0
107092,0
107093,0
107094,0
107095,0
107096,0
107097,0
107098,0
107099,0
107100,0
107101,0
107102,0
107103,0
107104,0
107105,0
107106,0
107107,0
107108,0
107109,0
107110,0
107111,0
107112,0
107113,0
107114,0
107115,0
107116,0
107117,0
107118,0
107119,0
107120,0
107121,0
107122,0
107123,0
107124,0
107125,0
107126,1
107127,0
107128,0
107129,0
107130,0
107131,0
107132,0
107133,0
107134,0
107135,0
107136,0
107137,0
107138,0
107139,0
107140,0
107141,0
107142,0
107143,0
107144,0
107145,0
107146,0
107147,0
107148,0
107149,0
107150,0
107151,0
107152,0
107153,0
107154,0
107155,0
107156,0
107157,0
107158,0
107159,0
107160,0
107161,0
107162,0
107163,0
107164,0
107165,0
107166,0
107167,0
107168,0
107169,0
107170,0
107171,0
107172,0
107173,0
107174,0
107175,0
107176,0
107177,0
107178,29
107179,0
107180,40
107181,0
107182,0
107183,0
107184,0
107185,0
107186,23
107187,0
107188,0
107189,0
107190,36
107191,0
107192,0
107193,0
107194,33
107195,0
107196,0
107197,0
107198,36
107199,0
107200,0
107201,45
107202,0
107203,0
107204,0
107205,0
107206,43
107207,0
107208,0
107209,0
107210,0
107211,22
107212,0
107213,0
107214,0
107215,36
107216,45
107217,0
107218,0
107219,0
107220,0
107221,22
107222,0
107223,31
107224,39
107225,38
107226,36
107227,38
107228,44
107229,0
107230,31
107231,0
107232,0
107233,0
107234,0
107235,0
107236,69
107237,0
107238,0
107239,0
107240,0
107241,0
107242,52
107243,0
107244,0
107245,0
107246,35
107247,0
107248,0
107249,57
107250,44
107251,0
107252,0
107253,0
107254,0
107255,59
107256,30
107257,0
107258,33
107259,0
107260,0
107261,44
107262,0
107263,0
107264,0
107265,23
107266,0
107267,0
107268,0
107269,39
107270,0
107271,21
107272,0
107273,0
107274,0
107275,46
107276,0
107277,0
107278,33
107279,26
107280,0
107281,0
107282,0
107283,0
107284,0
107285,0
107286,0
107287,40
107288,0
107289,27
107290,41
107291,0
107292,0
107293,0
107294,0
107295,0
107296,50
107297,0
107298,41
107299,0
107300,0
107301,0
107302,0
107303,0
107304,36
107305,0
107306,0
107307,0
107308,0
107309,0
107310,0
107311,34
107312,0
107313,36
107314,35
107315,0
107316,0
107317,0
107318,0
107319,0
107320,22
107321,0
107322,0
107323,37
107324,23
107325,43
107326,0
107327,29
107328,24
107329,0
107330,0
107331,0
107332,0
107333,0
107334,48
107335,0
107336,0
107337,26
107338,35
107339,0
107340,46
107341,0
107342,0
107343,0
107344,0
107345,0
107346,29
107347,20
107348,39
107349,0
107350,0
107351,0
107352,0
107353,35
107354,0
107355,0
107356,0
107357,0
107358,0
107359,43
107360,0
107361,0
107362,30
107363,0
107364,0
107365,0
107366,0
107367,49
107368,0
107369,0
107370,0
107371,30
107372,42
107373,0
107374,30
107375,0
107376,0
107377,0
107378,0
107379,0
107380,0
107381,0
107382,36
107383,0
107384,0
107385,0
107386,0
107387,0
107388,34
107389,0
107390,0
107391,0
107392,0
107393,45
107394,0
107395,0
107396,0
107397,0
107398,20
107399,0
107400,21
107401,0
107402,0
107403,0
107404,0
107405,0
107406,0
107407,45
107408,35
107409,0
107410,0
107411,0
107412,0
107413,0
107414,0
107415,0
107416,0
107417,0
107418,43
107419,0
107420,0
107421,0
107422,0
107423,0
107424,0
107425,0
107426,0
107427,0
107428,0
107429,0
107430,0
107431,0
107432,0
107433,37
107434,0
107435,43
107436,0
107437,0
107438,0
107439,0
107440,0
107441,0
107442,0
107443,34
107444,0
107445,0
107446,38
107447,0
107448,39
107449,0
107450,0
107451,29
107452,38
107453,0
107454,0
107455,43
107456,26
107457,32
107458,0
107459,0
107460,0
107461,0
107462,30
107463,0
107464,0
107465,0
107466,0
107467,32
107468,0
107469,0
107470,0
107471,41
107472,0
107473,0
107474,0
107475,0
107476,0
107477,0
107478,0
107479,0
107480,0
107481,0
107482,0
107483,0
107484,0
107485,37
107486,41
107487,26
107488,0
107489,20
107490,39
107491,0
107492,0
107493,0
107494,0
107495,17
107496,0
107497,0
107498,0
107499,0
107500,13
107501,0
107502,0
107503,28
107504,0
107505,0
107506,0
107507,0
107508,0
107509,12
107510,0
107511,0
107512,0
107513,0
107514,0
107515,16
107516,20
107517,0
107518,0
107519,21
107520,0
107521,0
107522,0
107523,0
107524,0
107525,0
107526,0
107527,0
107528,0
107529,7
107530,0
107531,13
107532,0
107533,0
107534,0
107535,18
107536,17
107537,0
107538,0
107539,0
107540,0
107541,19
107542,23
107543,24
107544,26
107545,0
107546,0
107547,0
107548,0
107549,0
107550,0
107551,30
107552,31
107553,0
107554,0
107555,0
107556,17
107557,10
107558,0
107559,22
107560,13
107561,0
107562,0
107563,0
107564,0
107565,19
107566,0
107567,17
107568,16
107569,13
107570,0
107571,0
107572,0
107573,0
107574,24
107575,0
107576,0
107577,0
107578,0
107579,0
107580,13
107581,30
107582,0
107583,0
107584,0
107585,0
107586,0
107587,0
107588,0
107589,15
107590,0
107591,25
107592,0
107593,30
107594,10
107595,0
107596,15
107597,0
107598,0
107599,11
107600,0
107601,0
107602,0
107603,0
107604,0
107605,0
107606,15
107607,0
107608,0
107609,0
107610,0
107611,0
107612,0
107613,23
107614,0
107615,0
107616,0
107617,0
107618,0
107619,0
107620,0
107621,0
107622,0
107623,0
107624,0
107625,13
107626,23
107627,0
107628,0
107629,0
107630,0
107631,32
107632,0
107633,0
107634,0
107635,0
107636,0
107637,0
107638,0
107639,0
107640,0
107641,0
107642,27
107643,0
107644,0
107645,0
107646,0
107647,27
107648,29
107649,0
107650,14
107651,0
107652,16
107653,0
107654,0
107655,0
107656,12
107657,0
107658,26
107659,0
107660,0
107661,0
107662,14
107663,0
107664,0
107665,25
107666,0
107667,11
107668,0
107669,0
107670,10
107671,0
107672,11
107673,20
107674,0
107675,0
107676,26
107677,0
107678,19
107679,0
107680,0
107681,0
107682,0
107683,0
107684,0
107685,0
107686,14
107687,0
107688,0
107689,17
107690,0
107691,0
107692,13
107693,0
107694,16
107695,0
107696,0
107697,0
107698,20
107699,0
107700,14
107701,0
107702,0
107703,0
107704,24
107705,25
107706,0
107707,0
107708,0
107709,0
107710,0
107711,0
107712,14
107713,0
107714,15
107715,29
107716,19
107717,11
107718,11
107719,0
107720,0
107721,0
107722,15
107723,0
107724,0
107725,20
107726,0
107727,0
107728,0
107729,17
107730,0
107731,0
107732,0
107733,0
107734,18
107735,0
107736,0
107737,15
107738,17
107739,14
107740,8
107741,0
107742,0
107743,0
107744,0
107745,0
107746,0
107747,0
107748,21
107749,0
107750,0
107751,0
107752,12
107753,0
107754,0
107755,0
107756,0
107757,0
107758,26
107759,0
107760,0
107761,0
107762,11
107763,0
107764,0
107765,11
107766,14
107767,0
107768,0
107769,0
107770,0
107771,0
107772,0
107773,0
107774,0
107775,0
107776,0
107777,7
107778,18
107779,0
107780,0
107781,0
107782,0
107783,0
107784,13
107785,0
107786,0
107787,0
107788,11
107789,0
107790,0
107791,0
107792,0
107793,0
107794,0
107795,20
107796,0
107797,0
107798,14
107799,14
107800,0
107801,0
107802,0
107803,0
107804,0
107805,12
107806,19
107807,25
107808,0
107809,19
107810,0
107811,0
107812,0
107813,0
107814,0
107815,13
107816,15
107817,0
107818,0
107819,8
107820,17
107821,0
107822,0
107823,0
107824,10
107825,12
107826,12
107827,0
107828,17
107829,0
107830,0
107831,0
107832,11
107833,0
107834,16
107835,0
107836,0
107837,26
107838,0
107839,0
107840,0
107841,0
107842,0
107843,0
107844,0
107845,0
107846,0
107847,10
107848,0
107849,25
107850,0
107851,0
107852,0
107853,14
107854,0
107855,0
107856,0
107857,0
107858,0
107859,0
107860,0
107861,20
107862,0
107863,16
107864,0
107865,9
107866,0
107867,10
107868,15
107869,0
107870,25
107871,0
107872,21
107873,25
107874,0
107875,0
107876,0
107877,0
107878,27
107879,0
107880,0
107881,0
107882,0
107883,0
107884,0
107885,0
107886,0
107887,19
107888,18
107889,6
107890,12
107891,21
107892,0
107893,18
107894,0
107895,0
107896,21
107897,11
107898,0
107899,0
107900,17
107901,0
107902,0
107903,0
107904,0
107905,0
107906,0
107907,0
107908,0
107909,0
107910,17
107911,0
107912,23
107913,15
107914,17
107915,0
107916,0
107917,0
107918,0
107919,0
107920,0
107921,0
107922,0
107923,0
107924,20
107925,0
107926,0
107927,0
107928,0
107929,0
107930,0
107931,0
107932,10
107933,13
107934,19
107935,0
107936,0
107937,0
107938,0
107939,0
107940,0
107941,0
107942,0
107943,15
107944,24
107945,0
107946,0
107947,0
107948,14
107949,0
107950,0
107951,19
107952,0
107953,0
107954,0
107955,15
107956,0
107957,14
107958,0
107959,0
107960,0
107961,0
107962,23
107963,0
107964,0
107965,17
107966,0
107967,19
107968,0
107969,0
107970,0
107971,0
107972,21
107973,0
107974,0
107975,0
107976,0
107977,16
107978,0
107979,0
107980,0
107981,0
107982,0
107983,0
107984,0
107985,0
107986,0
107987,15
107988,0
107989,0
107990,0
107991,0
107992,17
107993,24
107994,0
107995,12
107996,0
107997,21
107998,18
107999,0
108000,0
108001,0
108002,18
108003,0
108004,17
108005,20
108006,0
108007,12
108008,0
108009,0
108010,0
108011,0
108012,31
108013,0
108014,0
108015,0
108016,0
108017,0
108018,0
108019,0
108020,18
108021,0
108022,13
108023,22
108024,0
108025,0
108026,0
108027,0
108028,0
108029,27
108030,0
108031,0
108032,0
108033,0
108034,0
108035,0
108036,53
108037,0
108038,0
108039,0
108040,0
108041,0
108042,0
108043,0
108044,0
108045,43
108046,27
108047,40
108048,63
108049,0
108050,37
108051,0
108052,0
108053,0
108054,52
108055,23
108056,0
108057,0
108058,24
108059,37
108060,25
108061,0
108062,0
108063,0
108064,0
108065,0
108066,0
108067,37
108068,0
108069,29
108070,0
108071,17
108072,26
108073,50
108074,14
108075,0
108076,0
108077,21
108078,0
108079,0
108080,0
108081,0
108082,23
108083,22
108084,0
108085,39
108086,17
108087,0
108088,29
108089,0
108090,0
108091,0
108092,0
108093,42
108094,16
108095,38
108096,0
108097,0
108098,40
108099,0
108100,0
108101,29
108102,39
108103,29
108104,0
108105,0
108106,18
108107,0
108108,0
108109,0
108110,36
108111,35
108112,38
108113,0
108114,54
108115,0
108116,0
108117,22
108118,0
108119,27
108120,0
108121,0
108122,22
108123,0
108124,0
108125,28
108126,0
108127,0
108128,38
108129,0
108130,0
108131,0
108132,0
108133,0
108134,21
108135,44
108136,0
108137,0
108138,0
108139,0
108140,0
108141,0
108142,0
108143,0
108144,0
108145,0
108146,0
108147,0
108148,0
108149,0
108150,0
108151,0
108152,0
108153,28
108154,0
108155,0
108156,0
108157,0
108158,0
108159,0
108160,26
108161,28
108162,0
108163,0
108164,0
108165,0
108166,0
108167,21
108168,0
108169,26
108170,0
108171,15
108172,0
108173,0
108174,0
108175,22
108176,0
108177,47
108178,35
108179,36
108180,0
108181,0
108182,0
108183,0
108184,0
108185,0
108186,0
108187,0
108188,0
108189,0
108190,0
108191,34
108192,0
108193,55
108194,0
108195,0
108196,26
108197,0
108198,41
108199,0
108200,0
108201,0
108202,26
108203,0
108204,0
108205,0
108206,0
108207,22
108208,41
108209,0
108210,0
108211,27
108212,36
108213,32
108214,23
108215,0
108216,0
108217,0
108218,33
108219,0
108220,0
108221,0
108222,0
108223,0
108224,36
108225,0
108226,0
108227,0
108228,52
108229,0
108230,0
108231,43
108232,0
108233,0
108234,0
108235,0
108236,0
108237,0
108238,0
108239,0
108240,0
108241,0
108242,0
108243,0
108244,0
108245,0
108246,0
108247,37
108248,0
108249,0
108250,0
108251,0
108252,0
108253,51
108254,20
108255,0
108256,0
108257,0
108258,0
108259,37
108260,0
108261,0
108262,0
108263,0
108264,37
108265,0
108266,0
108267,0
108268,0
108269,15
108270,0
108271,19
108272,51
108273,0
108274,0
108275,33
108276,0
108277,15
108278,0
108279,0
108280,0
108281,22
108282,0
108283,23
108284,0
108285,0
108286,0
108287,0
108288,24
108289,0
108290,23
108291,0
108292,0
108293,0
108294,33
108295,0
108296,23
108297,22
108298,0
108299,27
108300,0
108301,25
108302,25
108303,0
108304,16
108305,0
108306,0
108307,0
108308,0
108309,0
108310,0
108311,0
108312,0
108313,0
108314,0
108315,20
108316,29
108317,0
108318,0
108319,0
108320,0
108321,0
108322,32
108323,0
108324,0
108325,0
108326,0
108327,43
108328,35
108329,52
108330,13
108331,0
108332,0
108333,0
108334,0
108335,0
108336,20
108337,20
108338,29
108339,0
108340,0
108341,25
108342,0
108343,0
108344,14
108345,31
108346,0
108347,23
108348,0
108349,0
108350,0
108351,0
108352,43
108353,0
108354,0
108355,0
108356,0
108357,0
108358,0
108359,0
108360,0
108361,36
108362,0
108363,0
108364,0
108365,0
108366,0
108367,0
108368,0
108369,24
108370,0
108371,0
108372,0
108373,0
108374,0
108375,0
108376,0
108377,0
108378,45
108379,0
108380,0
108381,0
108382,0
108383,0
108384,0
108385,36
108386,0
108387,32
108388,0
108389,16
108390,0
108391,0
108392,0
108393,40
108394,0
108395,0
108396,0
108397,0
108398,0
108399,17
108400,29
108401,39
108402,0
108403,0
108404,0
108405,0
108406,0
108407,0
108408,10
108409,0
108410,41
108411,0
108412,0
108413,0
108414,0
108415,26
108416,30
108417,0
108418,0
108419,0
108420,0
108421,0
108422,9
108423,0
108424,0
108425,0
108426,0
108427,29
108428,0
108429,26
108430,0
108431,0
108432,0
108433,37
108434,0
108435,0
108436,0
108437,0
108438,43
108439,0
108440,0
108441,0
108442,40
108443,0
108444,41
108445,23
108446,0
108447,42
108448,0
108449,0
108450,0
108451,0
108452,0
108453,0
108454,0
108455,0
108456,0
108457,37
108458,0
108459,0
108460,0
108461,0
108462,41
108463,39
108464,0
108465,0
108466,0
108467,12
108468,36
108469,29
108470,0
108471,0
108472,0
108473,26
108474,0
108475,0
108476,0
108477,0
108478,0
108479,0
108480,29
108481,36
108482,0
108483,0
108484,0
108485,22
108486,29
108487,0
108488,0
108489,0
108490,37
108491,40
108492,0
108493,23
108494,17
108495,0
108496,0
108497,0
108498,0
108499,23
108500,0
108501,0
108502,29
108503,0
108504,0
108505,0
108506,0
108507,0
108508,0
108509,0
108510,0
108511,22
108512,0
108513,0
108514,0
108515,0
108516,0
108517,0
108518,0
108519,0
108520,17
108521,14
108522,0
108523,0
108524,0
108525,0
108526,0
108527,35
108528,0
108529,0
108530,28
108531,0
108532,16
108533,29
108534,0
108535,0
108536,0
108537,0
108538,0
108539,0
108540,15
108541,37
108542,0
108543,0
108544,0
108545,32
108546,22
108547,0
108548,0
108549,0
108550,0
108551,0
108552,0
108553,0
108554,0
108555,0
108556,0
108557,19
108558,0
108559,0
108560,0
108561,0
108562,22
108563,0
108564,0
108565,0
108566,0
108567,25
108568,39
108569,25
108570,19
108571,0
108572,0
108573,0
108574,0
108575,29
108576,0
108577,23
108578,26
108579,0
108580,0
108581,0
108582,31
108583,38
108584,0
108585,22
108586,27
108587,0
108588,0
108589,0
108590,0
108591,27
108592,0
108593,0
108594,33
108595,36
108596,0
108597,0
108598,0
108599,34
108600,0
108601,15
108602,0
108603,0
108604,25
108605,0
108606,0
108607,0
108608,30
108609,28
108610,0
108611,0
108612,25
108613,0
108614,0
108615,0
108616,0
108617,31
108618,0
108619,0
108620,0
108621,0
108622,0
108623,0
108624,0
108625,0
108626,32
108627,0
108628,15
108629,0
108630,29
108631,15
108632,0
108633,31
108634,0
108635,0
108636,28
108637,0
108638,34
108639,0
108640,0
108641,23
108642,48
108643,0
108644,23
108645,0
108646,0
108647,0
108648,0
108649,0
108650,15
108651,0
108652,0
108653,0
108654,0
108655,0
108656,0
108657,0
108658,0
108659,0
108660,0
108661,23
108662,0
108663,0
108664,26
108665,33
108666,0
108667,0
108668,0
108669,24
108670,26
108671,0
108672,15
108673,0
108674,0
108675,0
108676,0
108677,0
108678,0
108679,0
108680,14
108681,0
108682,0
108683,0
108684,59
108685,22
108686,0
108687,0
108688,33
108689,0
108690,0
108691,0
108692,0
108693,40
108694,26
108695,14
108696,0
108697,0
108698,0
108699,0
108700,0
108701,0
108702,28
108703,0
108704,18
108705,0
108706,0
108707,0
108708,0
108709,0
108710,0
108711,37
108712,52
108713,0
108714,41
108715,0
108716,0
108717,0
108718,37
108719,0
108720,37
108721,0
108722,0
108723,0
108724,0
108725,0
108726,0
108727,0
108728,0
108729,0
108730,0
108731,35
108732,0
108733,0
108734,0
108735,0
108736,0
108737,0
108738,0
108739,0
108740,0
108741,0
108742,0
108743,0
108744,0
108745,21
108746,0
108747,0
108748,0
108749,0
108750,0
108751,0
108752,45
108753,0
108754,0
108755,0
108756,0
108757,0
108758,0
108759,0
108760,0
108761,0
108762,0
108763,0
108764,0
108765,0
108766,0
108767,0
108768,0
108769,0
108770,0
108771,36
108772,0
108773,32
108774,0
108775,0
108776,0
108777,0
108778,0
108779,0
108780,0
108781,0
108782,0
108783,0
108784,0
108785,55
108786,47
108787,0
108788,0
108789,0
108790,0
108791,0
108792,0
108793,0
108794,0
108795,0
108796,0
108797,0
108798,0
108799,0
108800,0
108801,0
108802,0
108803,0
108804,0
108805,0
108806,0
108807,0
108808,0
108809,0
108810,0
108811,0
108812,0
108813,29
108814,0
108815,0
108816,0
108817,0
108818,0
108819,0
108820,0
108821,0
108822,0
108823,0
108824,0
108825,0
108826,0
108827,0
108828,0
108829,0
108830,0
108831,0
108832,0
108833,0
108834,0
108835,0
108836,0
108837,7
108838,0
108839,0
108840,0
108841,0
108842,0
108843,0
108844,0
108845,0
108846,0
108847,0
108848,0
108849,0
108850,0
108851,0
108852,0
108853,0
108854,0
108855,0
108856,2
108857,0
108858,0
108859,0
108860,0
108861,0
108862,0
108863,0
108864,0
108865,0
108866,0
108867,0
108868,4
108869,0
108870,0
108871,0
108872,0
108873,0
108874,0
108875,0
108876,0
108877,0
108878,0
108879,0
108880,0
108881,6
108882,0
108883,0
108884,0
108885,0
108886,0
108887,0
108888,0
108889,0
108890,0
108891,6
108892,0
108893,0
108894,0
108895,0
108896,0
108897,0
108898,0
108899,0
108900,0
108901,0
108902,0
108903,2
108904,0
108905,0
108906,0
108907,0
108908,0
108909,0
108910,0
108911,0
108912,0
108913,3
108914,0
108915,0
108916,0
108917,7
108918,0
108919,0
108920,0
108921,0
108922,0
108923,0
108924,6
108925,0
108926,0
108927,4
108928,0
108929,0
108930,0
108931,0
108932,0
108933,0
108934,0
108935,0
108936,0
108937,0
108938,0
108939,0
108940,0
108941,0
108942,0
108943,0
108944,0
108945,0
108946,0
108947,0
108948,0
108949,0
108950,0
108951,2
108952,0
108953,0
108954,0
108955,5
108956,0
108957,0
108958,0
108959,0
108960,0
108961,0
108962,0
108963,3
108964,0
108965,0
108966,0
108967,0
108968,0
108969,0
108970,0
108971,0
108972,0
108973,0
108974,0
108975,0
108976,2
108977,0
108978,0
108979,0
108980,0
108981,0
108982,0
108983,0
108984,0
108985,0
108986,2
108987,4
108988,0
108989,0
108990,0
108991,0
108992,0
108993,0
108994,0
108995,0
108996,0
108997,0
108998,0
108999,2
109000,0
109001,0
109002,0
109003,0
109004,0
109005,0
109006,0
109007,0
109008,0
109009,0
109010,0
109011,0
109012,0
109013,0
109014,0
109015,0
109016,0
109017,0
109018,0
109019,0
109020,0
109021,0
109022,0
109023,0
109024,0
109025,0
109026,0
109027,0
109028,0
109029,0
109030,0
109031,0
109032,0
109033,0
109034,0
109035,0
109036,0
109037,0
109038,0
109039,0
109040,0
109041,0
109042,0
109043,0
109044,0
109045,0
109046,0
109047,0
109048,0
109049,0
109050,0
109051,0
109052,0
109053,0
109054,0
109055,0
109056,0
109057,0
109058,0
109059,5
109060,0
109061,0
109062,3
109063,0
109064,8
109065,0
109066,0
109067,0
109068,0
109069,0
109070,0
109071,0
109072,0
109073,0
109074,0
109075,0
109076,0
109077,0
109078,0
109079,0
109080,0
109081,0
109082,0
109083,0
109084,0
109085,0
109086,0
109087,0
109088,0
109089,0
109090,0
109091,0
109092,0
109093,5
109094,0
109095,0
109096,0
109097,0
109098,0
109099,0
109100,0
109101,0
109102,2
109103,0
109104,0
109105,0
109106,0
109107,0
109108,0
109109,0
109110,0
109111,0
109112,0
109113,0
109114,0
109115,0
109116,1
109117,0
109118,0
109119,1
109120,0
109121,0
109122,0
109123,0
109124,0
109125,0
109126,0
109127,0
109128,0
109129,0
109130,0
109131,0
109132,0
109133,0
109134,0
109135,0
109136,0
109137,0
109138,0
109139,0
109140,0
109141,0
109142,0
109143,0
109144,0
109145,0
109146,0
109147,1
109148,0
109149,0
109150,0
109151,0
109152,0
109153,0
109154,0
109155,0
109156,0
109157,0
109158,0
109159,0
109160,0
109161,0
109162,0
109163,0
109164,0
109165,0
109166,0
109167,0
109168,0
109169,0
109170,0
109171,0
109172,0
109173,0
109174,0
109175,0
109176,0
109177,0
109178,0
109179,0
109180,0
109181,0
109182,0
109183,0
109184,0
109185,0
109186,0
109187,0
109188,0
109189,0
109190,0
109191,0
109192,0
109193,0
109194,0
109195,0
109196,0
109197,0
109198,0
109199,0
109200,0
109201,0
109202,0
109203,0
109204,0
109205,0
109206,0
109207,6
109208,0
109209,0
109210,0
109211,0
109212,0
109213,6
109214,8
109215,0
109216,0
109217,0
109218,0
109219,0
109220,0
109221,0
109222,0
109223,0
109224,0
109225,0
109226,0
109227,0
109228,0
109229,0
109230,0
109231,0
109232,0
109233,0
109234,0
109235,0
109236,2
109237,0
109238,0
109239,0
109240,0
109241,0
109242,0
109243,0
109244,0
109245,0
109246,0
109247,0
109248,0
109249,0
109250,0
109251,0
109252,0
109253,4
109254,0
109255,0
109256,0
109257,0
109258,0
109259,0
109260,0
109261,0
109262,0
109263,0
109264,0
109265,0
109266,0
109267,0
109268,3
109269,0
109270,0
109271,0
109272,0
109273,0
109274,0
109275,0
109276,0
109277,0
109278,0
109279,0
109280,0
109281,0
109282,4
109283,0
109284,0
109285,2
109286,0
109287,0
109288,0
109289,0
109290,0
109291,0
109292,0
109293,0
109294,0
109295,0
109296,0
109297,0
109298,0
109299,0
109300,0
109301,0
109302,0
109303,0
109304,0
109305,0
109306,0
109307,0
109308,0
109309,0
109310,0
109311,0
109312,0
109313,0
109314,0
109315,0
109316,2
109317,0
109318,1
109319,0
109320,2
109321,0
109322,0
109323,0
109324,0
109325,0
109326,0
109327,0
109328,0
109329,0
109330,0
109331,0
109332,0
109333,4
109334,0
109335,0
109336,4
109337,0
109338,0
109339,0
109340,0
109341,0
109342,0
109343,0
109344,4
109345,0
109346,0
109347,0
109348,0
109349,0
109350,0
109351,0
109352,0
109353,0
109354,0
109355,2
109356,0
109357,0
109358,0
109359,0
109360,6
109361,0
109362,0
109363,5
109364,0
109365,0
109366,3
109367,0
109368,0
109369,0
109370,0
109371,0
109372,0
109373,0
109374,0
109375,0
109376,5
109377,0
109378,0
109379,0
109380,0
109381,1
109382,0
109383,0
109384,0
109385,0
109386,0
109387,0
109388,0
109389,0
109390,0
109391,0
109392,0
109393,0
109394,0
109395,4
109396,0
109397,0
109398,0
109399,0
109400,0
109401,0
109402,0
109403,6
109404,0
109405,0
109406,0
109407,0
109408,0
109409,0
109410,0
109411,0
109412,0
109413,0
109414,0
109415,0
109416,0
109417,0
109418,0
109419,0
109420,0
109421,0
109422,0
109423,0
109424,0
109425,0
109426,0
109427,0
109428,0
109429,0
109430,0
109431,0
109432,0
109433,0
109434,0
109435,0
109436,0
109437,0
109438,0
109439,0
109440,0
109441,0
109442,0
109443,0
109444,0
109445,0
109446,0
109447,0
109448,0
109449,0
109450,0
109451,0
109452,0
109453,0
109454,0
109455,0
109456,0
109457,0
109458,7
109459,0
109460,0
109461,0
109462,0
109463,0
109464,2
109465,0
109466,0
109467,0
109468,0
109469,0
109470,0
109471,0
109472,0
109473,0
109474,0
109475,0
109476,0
109477,0
109478,0
109479,0
109480,0
109481,0
109482,0
109483,0
109484,0
109485,0
109486,2
109487,0
109488,0
109489,0
109490,4
109491,0
109492,0
109493,0
109494,3
109495,0
109496,0
109497,0
109498,0
109499,1
109500,0
109501,6
109502,5
109503,0
109504,0
109505,0
109506,0
109507,0
109508,0
109509,3
109510,0
109511,2
109512,2
109513,0
109514,3
109515,0
109516,0
109517,4
109518,0
109519,0
109520,2
109521,4
109522,0
109523,3
109524,7
109525,0
109526,0
109527,0
109528,0
109529,0
109530,0
109531,0
109532,0
109533,0
109534,0
109535,0
109536,2
109537,0
109538,0
109539,0
109540,0
109541,0
109542,0
109543,0
109544,3
109545,2
109546,3
109547,0
109548,0
109549,0
109550,0
109551,0
109552,1
109553,0
109554,0
109555,0
109556,0
109557,0
109558,0
109559,0
109560,0
109561,2
109562,0
109563,0
109564,0
109565,4
109566,6
109567,0
109568,0
109569,0
109570,0
109571,0
109572,0
109573,0
109574,0
109575,0
109576,0
109577,0
109578,0
109579,0
109580,6
109581,0
109582,2
109583,4
109584,0
109585,7
109586,0
109587,0
109588,5
109589,0
109590,2
109591,0
109592,0
109593,0
109594,5
109595,0
109596,2
109597,0
109598,0
109599,0
109600,0
109601,0
109602,5
109603,0
109604,2
109605,0
109606,3
109607,0
109608,0
109609,5
109610,0
109611,0
109612,0
109613,0
109614,0
109615,0
109616,0
109617,0
109618,0
109619,0
109620,0
109621,0
109622,0
109623,0
109624,0
109625,0
109626,0
109627,0
109628,0
109629,0
109630,0
109631,0
109632,0
109633,0
109634,0
109635,0
109636,0
109637,0
109638,0
109639,3
109640,5
109641,5
109642,3
109643,0
109644,0
109645,0
109646,1
109647,0
109648,2
109649,3
109650,0
109651,5
109652,0
109653,0
109654,1
109655,7
109656,0
109657,0
109658,0
109659,0
109660,0
109661,0
109662,0
109663,0
109664,0
109665,0
109666,0
109667,0
109668,0
109669,4
109670,0
109671,0
109672,0
109673,0
109674,0
109675,0
109676,3
109677,0
109678,0
109679,0
109680,5
109681,0
109682,2
109683,0
109684,0
109685,2
109686,0
109687,0
109688,0
109689,0
109690,0
109691,0
109692,4
109693,0
109694,0
109695,0
109696,0
109697,0
109698,4
109699,0
109700,0
109701,0
109702,0
109703,0
109704,0
109705,0
109706,0
109707,0
109708,0
109709,0
109710,0
109711,2
109712,4
109713,0
109714,0
109715,0
109716,0
109717,0
109718,0
109719,3
109720,0
109721,0
109722,0
109723,0
109724,0
109725,0
109726,1
109727,6
109728,0
109729,0
109730,0
109731,0
109732,0
109733,0
109734,0
109735,2
109736,1
109737,0
109738,0
109739,4
109740,0
109741,0
109742,3
109743,0
109744,0
109745,0
109746,0
109747,0
109748,3
109749,0
109750,5
109751,0
109752,0
109753,7
109754,3
109755,3
109756,0
109757,4
109758,0
109759,0
109760,0
109761,0
109762,0
109763,0
109764,0
109765,0
109766,0
109767,3
109768,0
109769,0
109770,0
109771,0
109772,0
109773,3
109774,0
109775,0
109776,0
109777,0
109778,0
109779,0
109780,0
109781,0
109782,0
109783,0
109784,0
109785,6
109786,0
109787,0
109788,0
109789,0
109790,0
109791,0
109792,0
109793,0
109794,3
109795,3
109796,0
109797,3
109798,0
109799,0
109800,0
109801,0
109802,2
109803,0
109804,0
109805,0
109806,0
109807,0
109808,0
109809,0
109810,0
109811,0
109812,0
109813,6
109814,0
109815,0
109816,4
109817,0
109818,0
109819,0
109820,0
109821,0
109822,6
109823,0
109824,0
109825,0
109826,5
109827,0
109828,1
109829,0
109830,1
109831,0
109832,0
109833,3
109834,0
109835,6
109836,0
109837,4
109838,0
109839,0
109840,0
109841,2
109842,0
109843,0
109844,0
109845,0
109846,2
109847,0
109848,0
109849,5
109850,1
109851,0
109852,0
109853,0
109854,0
109855,0
109856,0
109857,5
109858,0
109859,0
109860,0
109861,0
109862,0
109863,4
109864,0
109865,0
109866,2
109867,0
109868,0
109869,0
109870,3
109871,0
109872,0
109873,1
109874,0
109875,4
109876,4
109877,0
109878,0
109879,0
109880,0
109881,0
109882,0
109883,0
109884,0
109885,4
109886,0
109887,1
109888,4
109889,0
109890,0
109891,3
109892,0
109893,0
109894,0
109895,0
109896,0
109897,0
109898,0
109899,0
109900,0
109901,0
109902,0
109903,0
109904,0
109905,0
109906,2
109907,0
109908,0
109909,0
109910,0
109911,3
109912,0
109913,0
109914,0
109915,3
109916,0
109917,5
109918,4
109919,0
109920,0
109921,0
109922,0
109923,1
109924,0
109925,0
109926,0
109927,0
109928,0
109929,0
109930,0
109931,0
109932,0
109933,0
109934,0
109935,0
109936,0
109937,0
109938,0
109939,0
109940,0
109941,0
109942,0
109943,0
109944,4
109945,3
109946,0
109947,0
109948,0
109949,5
109950,0
109951,0
109952,0
109953,0
109954,0
109955,2
109956,0
109957,0
109958,0
109959,5
109960,0
109961,0
109962,0
109963,0
109964,0
109965,0
109966,0
109967,1
109968,0
109969,0
109970,0
109971,0
109972,0
109973,0
109974,3
109975,0
109976,0
109977,0
109978,0
109979,0
109980,1
109981,0
109982,0
109983,0
109984,0
109985,4
109986,0
109987,0
109988,2
109989,0
109990,0
109991,0
109992,0
109993,0
109994,0
109995,0
109996,0
109997,0
109998,0
109999,0
110000,0
110001,2
110002,2
110003,0
110004,0
110005,0
110006,0
110007,0
110008,0
110009,4
110010,0
110011,0
110012,0
110013,7
110014,0
110015,10
110016,3
110017,0
110018,0
110019,0
110020,3
110021,0
110022,0
110023,0
110024,6
110025,0
110026,0
110027,0
110028,0
110029,0
110030,0
110031,0
110032,0
110033,2
110034,0
110035,1
110036,0
110037,0
110038,0
110039,0
110040,0
110041,0
110042,0
110043,0
110044,0
110045,0
110046,0
110047,0
110048,0
110049,0
110050,4
110051,0
110052,4
110053,0
110054,0
110055,4
110056,0
110057,0
110058,0
110059,0
110060,0
110061,0
110062,0
110063,8
110064,0
110065,0
110066,0
110067,0
110068,0
110069,0
110070,0
110071,0
110072,0
110073,0
110074,0
110075,0
110076,0
110077,0
110078,0
110079,7
110080,0
110081,0
110082,0
110083,0
110084,0
110085,0
110086,0
110087,12
110088,0
110089,15
110090,8
110091,0
110092,0
110093,15
110094,0
110095,0
110096,0
110097,0
110098,0
110099,0
110100,7
110101,0
110102,0
110103,0
110104,0
110105,0
110106,0
110107,0
110108,0
110109,29
110110,0
110111,0
110112,0
110113,0
110114,0
110115,0
110116,0
110117,0
110118,0
110119,0
110120,7
110121,0
110122,0
110123,0
110124,0
110125,0
110126,0
110127,0
110128,0
110129,0
110130,0
110131,0
110132,0
110133,0
110134,0
110135,0
110136,0
110137,0
110138,3
110139,8
110140,0
110141,21
110142,0
110143,0
110144,0
110145,0
110146,0
110147,0
110148,0
110149,0
110150,0
110151,13
110152,0
110153,0
110154,0
110155,0
110156,0
110157,0
110158,0
110159,0
110160,0
110161,0
110162,7
110163,0
110164,0
110165,0
110166,0
110167,0
110168,0
110169,0
110170,0
110171,0
110172,0
110173,0
110174,0
110175,0
110176,0
110177,0
110178,0
110179,22
110180,0
110181,18
110182,0
110183,0
110184,0
110185,11
110186,0
110187,0
110188,0
110189,0
110190,0
110191,0
110192,0
110193,0
110194,0
110195,0
110196,0
110197,0
110198,0
110199,0
110200,0
110201,0
110202,26
110203,0
110204,0
110205,0
110206,19
110207,0
110208,0
110209,0
110210,0
110211,0
110212,17
110213,9
110214,23
110215,0
110216,0
110217,0
110218,0
110219,0
110220,0
110221,0
110222,0
110223,0
110224,0
110225,0
110226,0
110227,0
110228,0
110229,0
110230,0
110231,0
110232,22
110233,0
110234,0
110235,12
110236,0
110237,0
110238,25
110239,0
110240,18
110241,0
110242,0
110243,19
110244,0
110245,0
110246,0
110247,0
110248,0
110249,0
110250,0
110251,20
110252,0
110253,22
110254,0
110255,0
110256,0
110257,0
110258,25
110259,0
110260,0
110261,0
110262,0
110263,0
110264,0
110265,0
110266,27
110267,0
110268,0
110269,16
110270,0
110271,20
110272,0
110273,0
110274,0
110275,0
110276,0
110277,0
110278,0
110279,21
110280,0
110281,0
110282,19
110283,17
110284,0
110285,10
110286,18
110287,0
110288,0
110289,0
110290,0
110291,0
110292,0
110293,0
110294,0
110295,0
110296,0
110297,0
110298,0
110299,17
110300,0
110301,0
110302,27
110303,0
110304,18
110305,0
110306,0
110307,0
110308,0
110309,0
110310,0
110311,0
110312,0
110313,20
110314,0
110315,19
110316,20
110317,0
110318,17
110319,0
110320,0
110321,0
110322,0
110323,0
110324,0
110325,0
110326,0
110327,0
110328,0
110329,0
110330,0
110331,15
110332,0
110333,27
110334,0
110335,23
110336,0
110337,0
110338,0
110339,0
110340,0
110341,0
110342,0
110343,0
110344,0
110345,20
110346,0
110347,27
110348,0
110349,0
110350,0
110351,0
110352,0
110353,0
110354,0
110355,20
110356,0
110357,0
110358,0
110359,0
110360,29
110361,12
110362,0
110363,0
110364,0
110365,0
110366,0
110367,0
110368,0
110369,0
110370,0
110371,0
110372,0
110373,0
110374,0
110375,0
110376,0
110377,24
110378,23
110379,0
110380,0
110381,0
110382,0
110383,0
110384,0
110385,21
110386,0
110387,0
110388,0
110389,0
110390,0
110391,0
110392,16
110393,0
110394,0
110395,0
110396,0
110397,0
110398,0
110399,0
110400,0
110401,0
110402,0
110403,0
110404,0
110405,16
110406,0
110407,14
110408,16
110409,0
110410,0
110411,14
110412,0
110413,0
110414,0
110415,0
110416,0
110417,0
110418,29
110419,0
110420,20
110421,0
110422,0
110423,0
110424,0
110425,0
110426,0
110427,0
110428,0
110429,0
110430,0
110431,0
110432,0
110433,0
110434,0
110435,0
110436,0
110437,22
110438,0
110439,0
110440,0
110441,0
110442,16
110443,0
110444,0
110445,28
110446,0
110447,36
110448,0
110449,21
110450,0
110451,0
110452,29
110453,0
110454,0
110455,0
110456,27
110457,0
110458,0
110459,0
110460,0
110461,0
110462,0
110463,0
110464,0
110465,0
110466,0
110467,0
110468,0
110469,25
110470,0
110471,0
110472,31
110473,0
110474,0
110475,0
110476,0
110477,0
110478,0
110479,0
110480,0
110481,0
110482,0
110483,0
110484,0
110485,0
110486,24
110487,0
110488,0
110489,0
110490,0
110491,0
110492,0
110493,8
110494,0
110495,0
110496,0
110497,25
110498,13
110499,0
110500,0
110501,0
110502,17
110503,0
110504,21
110505,0
110506,0
110507,0
110508,24
110509,0
110510,0
110511,0
110512,0
110513,0
110514,0
110515,0
110516,0
110517,0
110518,0
110519,0
110520,0
110521,0
110522,0
110523,0
110524,18
110525,0
110526,33
110527,0
110528,26
110529,20
110530,24
110531,0
110532,0
110533,0
110534,0
110535,0
110536,0
110537,0
110538,0
110539,17
110540,0
110541,0
110542,0
110543,22
110544,0
110545,23
110546,0
110547,0
110548,19
110549,0
110550,0
110551,0
110552,0
110553,0
110554,40
110555,0
110556,15
110557,0
110558,0
110559,0
110560,0
110561,0
110562,0
110563,0
110564,14
110565,0
110566,0
110567,0
110568,0
110569,24
110570,0
110571,0
110572,0
110573,0
110574,0
110575,0
110576,19
110577,0
110578,0
110579,0
110580,0
110581,0
110582,0
110583,0
110584,0
110585,0
110586,13
110587,0
110588,17
110589,0
110590,0
110591,0
110592,17
110593,0
110594,0
110595,18
110596,0
110597,0
110598,0
110599,0
110600,0
110601,0
110602,17
110603,0
110604,15
110605,0
110606,0
110607,0
110608,0
110609,16
110610,0
110611,15
110612,0
110613,24
110614,0
110615,0
110616,0
110617,0
110618,0
110619,0
110620,0
110621,0
110622,24
110623,35
110624,0
110625,0
110626,0
110627,0
110628,0
110629,0
110630,0
110631,0
110632,13
110633,0
110634,0
110635,0
110636,0
110637,0
110638,0
110639,0
110640,0
110641,0
110642,0
110643,28
110644,0
110645,0
110646,0
110647,0
110648,0
110649,0
110650,0
110651,0
110652,11
110653,0
110654,18
110655,0
110656,0
110657,0
110658,19
110659,0
110660,24
110661,0
110662,0
110663,0
110664,0
110665,0
110666,0
110667,0
110668,0
110669,27
110670,0
110671,0
110672,0
110673,0
110674,0
110675,0
110676,0
110677,25
110678,0
110679,0
110680,0
110681,15
110682,0
110683,0
110684,0
110685,25
110686,20
110687,0
110688,0
110689,0
110690,0
110691,0
110692,16
110693,0
110694,0
110695,0
110696,0
110697,27
110698,0
110699,0
110700,0
110701,19
110702,0
110703,0
110704,0
110705,0
110706,0
110707,0
110708,0
110709,0
110710,0
110711,0
110712,0
110713,0
110714,0
110715,0
110716,0
110717,0
110718,0
110719,0
110720,0
110721,0
110722,0
110723,0
110724,0
110725,28
110726,0
110727,0
110728,0
110729,0
110730,0
110731,0
110732,0
110733,0
110734,0
110735,0
110736,0
110737,0
110738,25
110739,15
110740,26
110741,0
110742,18
110743,0
110744,23
110745,0
110746,0
110747,0
110748,15
110749,0
110750,0
110751,0
110752,0
110753,26
110754,0
110755,0
110756,0
110757,0
110758,0
110759,0
110760,0
110761,0
110762,0
110763,32
110764,0
110765,0
110766,0
110767,22
110768,0
110769,0
110770,0
110771,0
110772,26
110773,0
110774,0
110775,0
110776,22
110777,0
110778,0
110779,0
110780,0
110781,0
110782,0
110783,19
110784,0
110785,24
110786,0
110787,0
110788,0
110789,15
110790,0
110791,0
110792,0
110793,25
110794,0
110795,0
110796,0
110797,0
110798,0
110799,0
110800,0
110801,0
110802,0
110803,0
110804,0
110805,0
110806,0
110807,0
110808,0
110809,0
110810,17
110811,0
110812,0
110813,0
110814,0
110815,0
110816,0
110817,0
110818,0
110819,0
110820,0
110821,0
110822,0
110823,0
110824,20
110825,0
110826,0
110827,0
110828,0
110829,0
110830,0
110831,0
110832,0
110833,36
110834,0
110835,0
110836,0
110837,20
110838,0
110839,0
110840,19
110841,19
110842,0
110843,0
110844,19
110845,26
110846,0
110847,0
110848,0
110849,0
110850,0
110851,0
110852,0
110853,0
110854,0
110855,0
110856,0
110857,0
110858,0
110859,0
110860,0
110861,0
110862,0
110863,0
110864,0
110865,0
110866,0
110867,0
110868,0
110869,0
110870,0
110871,0
110872,0
110873,0
110874,0
110875,0
110876,23
110877,0
110878,0
110879,0
110880,0
110881,0
110882,0
110883,0
110884,23
110885,0
110886,0
110887,0
110888,0
110889,20
110890,0
110891,0
110892,15
110893,20
110894,0
110895,0
110896,0
110897,0
110898,0
110899,14
110900,0
110901,0
110902,0
110903,0
110904,0
110905,0
110906,0
110907,28
110908,0
110909,0
110910,0
110911,14
110912,20
110913,16
110914,0
110915,0
110916,0
110917,0
110918,0
110919,30
110920,16
110921,0
110922,0
110923,0
110924,0
110925,0
110926,24
110927,12
110928,0
110929,0
110930,24
110931,0
110932,0
110933,0
110934,14
110935,0
110936,0
110937,0
110938,0
110939,0
110940,27
110941,9
110942,0
110943,0
110944,0
110945,0
110946,0
110947,0
110948,0
110949,0
110950,34
110951,0
110952,0
110953,0
110954,0
110955,20
110956,0
110957,0
110958,0
110959,0
110960,0
110961,0
110962,19
110963,0
110964,0
110965,0
110966,28
110967,0
110968,29
110969,0
110970,0
110971,0
110972,0
110973,0
110974,13
110975,0
110976,0
110977,17
110978,0
110979,0
110980,0
110981,24
110982,0
110983,0
110984,0
110985,0
110986,17
110987,0
110988,0
110989,20
110990,0
110991,22
110992,0
110993,0
110994,23
110995,0
110996,0
110997,0
110998,0
110999,0
111000,0
111001,0
111002,0
111003,0
111004,18
111005,0
111006,0
111007,0
111008,12
111009,0
111010,0
111011,0
111012,0
111013,0
111014,0
111015,0
111016,23
111017,0
111018,20
111019,0
111020,0
111021,0
111022,0
111023,0
111024,19
111025,0
111026,16
111027,0
111028,0
111029,0
111030,30
111031,0
111032,0
111033,17
111034,0
111035,0
111036,0
111037,26
111038,0
111039,0
111040,0
111041,0
111042,18
111043,0
111044,0
111045,0
111046,0
111047,26
111048,0
111049,0
111050,0
111051,0
111052,0
111053,23
111054,0
111055,0
111056,0
111057,20
111058,0
111059,36
111060,23
111061,0
111062,0
111063,0
111064,0
111065,0
111066,0
111067,25
111068,0
111069,0
111070,0
111071,0
111072,0
111073,0
111074,0
111075,26
111076,0
111077,0
111078,0
111079,24
111080,18
111081,0
111082,0
111083,0
111084,0
111085,0
111086,0
111087,0
111088,0
111089,0
111090,0
111091,0
111092,0
111093,0
111094,0
111095,0
111096,0
111097,0
111098,0
111099,0
111100,0
111101,17
111102,0
111103,0
111104,0
111105,20
111106,0
111107,0
111108,0
111109,14
111110,0
111111,42
111112,0
111113,0
111114,0
111115,0
111116,0
111117,0
111118,0
111119,0
111120,0
111121,0
111122,0
111123,25
111124,0
111125,12
111126,0
111127,14
111128,0
111129,0
111130,0
111131,0
111132,0
111133,0
111134,0
111135,18
111136,0
111137,0
111138,20
111139,0
111140,27
111141,0
111142,0
111143,0
111144,0
111145,0
111146,0
111147,0
111148,0
111149,0
111150,0
111151,0
111152,0
111153,24
111154,28
111155,0
111156,0
111157,0
111158,15
111159,0
111160,0
111161,0
111162,0
111163,0
111164,0
111165,0
111166,0
111167,31
111168,0
111169,26
111170,0
111171,0
111172,0
111173,0
111174,0
111175,0
111176,0
111177,0
111178,0
111179,0
111180,0
111181,0
111182,0
111183,0
111184,0
111185,0
111186,13
111187,0
111188,0
111189,0
111190,0
111191,5
111192,0
111193,0
111194,0
111195,0
111196,0
111197,0
111198,0
111199,0
111200,0
111201,0
111202,0
111203,0
111204,0
111205,0
111206,0
111207,0
111208,0
111209,0
111210,0
111211,0
111212,0
111213,0
111214,0
111215,0
111216,0
111217,0
111218,0
111219,0
111220,0
111221,0
111222,0
111223,0
111224,0
111225,0
111226,0
111227,0
111228,0
111229,13
111230,0
111231,0
111232,0
111233,0
111234,0
111235,0
111236,21
111237,0
111238,0
111239,0
111240,0
111241,0
111242,0
111243,0
111244,0
111245,0
111246,0
111247,10
111248,0
111249,0
111250,0
111251,0
111252,0
111253,0
111254,0
111255,0
111256,0
111257,0
111258,0
111259,0
111260,0
111261,0
111262,0
111263,0
111264,0
111265,15
111266,0
111267,0
111268,8
111269,0
111270,0
111271,0
111272,0
111273,0
111274,0
111275,0
111276,0
111277,0
111278,0
111279,0
111280,0
111281,0
111282,0
111283,0
111284,0
111285,0
111286,0
111287,0
111288,0
111289,0
111290,0
111291,0
111292,14
111293,0
111294,0
111295,0
111296,0
111297,0
111298,0
111299,0
111300,7
111301,0
111302,0
111303,0
111304,0
111305,0
111306,0
111307,0
111308,0
111309,0
111310,0
111311,0
111312,0
111313,0
111314,0
111315,0
111316,0
111317,0
111318,0
111319,0
111320,0
111321,0
111322,0
111323,0
111324,7
111325,0
111326,0
111327,0
111328,0
111329,0
111330,0
111331,0
111332,17
111333,0
111334,0
111335,19
111336,0
111337,0
111338,0
111339,0
111340,0
111341,0
111342,15
111343,17
111344,0
111345,6
111346,14
111347,0
111348,19
111349,0
111350,0
111351,0
111352,0
111353,0
111354,0
111355,14
111356,0
111357,0
111358,13
111359,7
111360,0
111361,0
111362,0
111363,0
111364,0
111365,0
111366,0
111367,16
111368,0
111369,25
111370,0
111371,0
111372,0
111373,0
111374,0
111375,0
111376,0
111377,14
111378,0
111379,0
111380,0
111381,18
111382,13
111383,0
111384,11
111385,0
111386,19
111387,0
111388,0
111389,0
111390,0
111391,0
111392,20
111393,19
111394,0
111395,8
111396,0
111397,0
111398,22
111399,14
111400,0
111401,0
111402,0
111403,0
111404,0
111405,0
111406,0
111407,0
111408,0
111409,0
111410,0
111411,9
111412,0
111413,6
111414,0
111415,0
111416,18
111417,0
111418,0
111419,0
111420,0
111421,15
111422,0
111423,0
111424,0
111425,0
111426,0
111427,0
111428,0
111429,0
111430,20
111431,0
111432,16
111433,0
111434,20
111435,0
111436,0
111437,0
111438,0
111439,0
111440,0
111441,0
111442,0
111443,0
111444,0
111445,0
111446,12
111447,0
111448,0
111449,0
111450,0
111451,0
111452,15
111453,14
111454,14
111455,0
111456,15
111457,10
111458,0
111459,0
111460,0
111461,0
111462,0
111463,0
111464,0
111465,0
111466,0
111467,0
111468,0
111469,0
111470,0
111471,0
111472,0
111473,0
111474,0
111475,0
111476,6
111477,0
111478,0
111479,0
111480,0
111481,7
111482,0
111483,16
111484,0
111485,16
111486,0
111487,0
111488,0
111489,0
111490,0
111491,0
111492,0
111493,0
111494,16
111495,0
111496,14
111497,0
111498,0
111499,11
111500,14
111501,0
111502,16
111503,0
111504,0
111505,0
111506,0
111507,0
111508,0
111509,15
111510,0
111511,0
111512,0
111513,0
111514,16
111515,0
111516,10
111517,0
111518,0
111519,0
111520,0
111521,10
111522,0
111523,0
111524,0
111525,0
111526,23
111527,21
111528,0
111529,19
111530,0
111531,0
111532,22
111533,0
111534,0
111535,0
111536,0
111537,0
111538,10
111539,15
111540,0
111541,5
111542,10
111543,14
111544,0
111545,0
111546,11
111547,0
111548,24
111549,0
111550,0
111551,0
111552,0
111553,0
111554,0
111555,0
111556,0
111557,0
111558,0
111559,0
111560,0
111561,0
111562,0
111563,0
111564,0
111565,0
111566,0
111567,12
111568,0
111569,0
111570,0
111571,0
111572,0
111573,0
111574,0
111575,0
111576,0
111577,0
111578,0
111579,0
111580,0
111581,0
111582,0
111583,0
111584,12
111585,0
111586,0
111587,10
111588,0
111589,0
111590,0
111591,0
111592,0
111593,0
111594,0
111595,0
111596,0
111597,0
111598,0
111599,0
111600,0
111601,13
111602,0
111603,0
111604,0
111605,0
111606,0
111607,0
111608,0
111609,0
111610,0
111611,0
111612,0
111613,0
111614,0
111615,0
111616,0
111617,0
111618,0
111619,0
111620,0
111621,0
111622,0
111623,0
111624,0
111625,0
111626,0
111627,0
111628,0
111629,0
111630,0
111631,32
111632,54
111633,0
111634,0
111635,0
111636,0
111637,0
111638,37
111639,0
111640,0
111641,0
111642,0
111643,0
111644,0
111645,0
111646,34
111647,0
111648,0
111649,0
111650,25
111651,0
111652,0
111653,0
111654,0
111655,0
111656,0
111657,0
111658,0
111659,0
111660,0
111661,0
111662,0
111663,0
111664,0
111665,0
111666,0
111667,0
111668,0
111669,0
111670,0
111671,0
111672,0
111673,33
111674,0
111675,0
111676,0
111677,0
111678,0
111679,0
111680,0
111681,0
111682,0
111683,0
111684,0
111685,0
111686,0
111687,0
111688,0
111689,0
111690,0
111691,0
111692,0
111693,0
111694,0
111695,0
111696,19
111697,0
111698,54
111699,0
111700,0
111701,54
111702,0
111703,0
111704,0
111705,0
111706,0
111707,0
111708,0
111709,0
111710,36
111711,0
111712,0
111713,0
111714,0
111715,0
111716,0
111717,0
111718,0
111719,0
111720,0
111721,0
111722,0
111723,0
111724,34
111725,0
111726,0
111727,0
111728,0
111729,40
111730,0
111731,0
111732,0
111733,0
111734,0
111735,0
111736,0
111737,0
111738,0
111739,0
111740,35
111741,0
111742,0
111743,0
111744,0
111745,0
111746,0
111747,0
111748,23
111749,0
111750,0
111751,0
111752,0
111753,0
111754,0
111755,0
111756,0
111757,0
111758,0
111759,0
111760,0
111761,0
111762,0
111763,0
111764,0
111765,0
111766,0
111767,0
111768,0
111769,0
111770,42
111771,0
111772,0
111773,0
111774,0
111775,0
111776,0
111777,30
111778,0
111779,0
111780,37
111781,0
111782,0
111783,0
111784,0
111785,0
111786,0
111787,0
111788,0
111789,0
111790,0
111791,0
111792,0
111793,0
111794,0
111795,0
111796,0
111797,0
111798,0
111799,0
111800,0
111801,0
111802,0
111803,0
111804,36
111805,0
111806,0
111807,0
111808,0
111809,0
111810,0
111811,0
111812,0
111813,0
111814,0
111815,0
111816,0
111817,0
111818,0
111819,48
111820,0
111821,0
111822,0
111823,0
111824,0
111825,0
111826,0
111827,0
111828,0
111829,44
111830,0
111831,0
111832,23
111833,0
111834,0
111835,0
111836,0
111837,37
111838,0
111839,0
111840,0
111841,0
111842,0
111843,0
111844,42
111845,0
111846,0
111847,0
111848,0
111849,0
111850,0
111851,0
111852,0
111853,0
111854,36
111855,0
111856,0
111857,0
111858,0
111859,0
111860,44
111861,43
111862,0
111863,0
111864,0
111865,0
111866,24
111867,0
111868,0
111869,0
111870,0
111871,0
111872,0
111873,0
111874,0
111875,0
111876,0
111877,0
111878,0
111879,28
111880,0
111881,0
111882,0
111883,0
111884,0
111885,0
111886,0
111887,0
111888,0
111889,0
111890,0
111891,0
111892,0
111893,0
111894,0
111895,0
111896,0
111897,0
111898,0
111899,0
111900,0
111901,0
111902,0
111903,0
111904,0
111905,0
111906,0
111907,0
111908,0
111909,0
111910,0
111911,35
111912,0
111913,0
111914,0
111915,0
111916,0
111917,0
111918,0
111919,0
111920,0
111921,0
111922,0
111923,0
111924,0
111925,0
111926,42
111927,0
111928,40
111929,0
111930,0
111931,0
111932,0
111933,0
111934,0
111935,0
111936,0
111937,0
111938,0
111939,0
111940,0
111941,0
111942,0
111943,0
111944,0
111945,0
111946,0
111947,0
111948,0
111949,0
111950,0
111951,0
111952,0
111953,0
111954,0
111955,0
111956,0
111957,45
111958,0
111959,0
111960,53
111961,0
111962,0
111963,0
111964,0
111965,0
111966,0
111967,0
111968,0
111969,0
111970,40
111971,0
111972,0
111973,0
111974,0
111975,0
111976,0
111977,0
111978,0
111979,0
111980,0
111981,0
111982,0
111983,0
111984,0
111985,0
111986,0
111987,0
111988,0
111989,0
111990,0
111991,0
111992,0
111993,0
111994,0
111995,0
111996,0
111997,0
111998,0
111999,0
112000,0
112001,0
112002,28
112003,36
112004,45
112005,0
112006,0
112007,0
112008,0
112009,0
112010,50
112011,0
112012,0
112013,0
112014,0
112015,0
112016,0
112017,0
112018,0
112019,0
112020,45
112021,0
112022,46
112023,31
112024,0
112025,0
112026,0
112027,0
112028,34
112029,0
112030,0
112031,0
112032,0
112033,0
112034,0
112035,0
112036,0
112037,0
112038,0
112039,0
112040,0
112041,36
112042,0
112043,0
112044,0
112045,0
112046,0
112047,0
112048,0
112049,0
112050,0
112051,0
112052,0
112053,0
112054,0
112055,0
112056,0
112057,0
112058,0
112059,0
112060,0
112061,0
112062,0
112063,45
112064,0
112065,0
112066,40
112067,0
112068,0
112069,0
112070,0
112071,0
112072,0
112073,0
112074,0
112075,0
112076,0
112077,0
112078,0
112079,0
112080,0
112081,0
112082,0
112083,20
112084,0
112085,0
112086,0
112087,0
112088,0
112089,0
112090,0
112091,0
112092,0
112093,0
112094,22
112095,0
112096,0
112097,0
112098,0
112099,0
112100,0
112101,0
112102,0
112103,53
112104,0
112105,0
112106,0
112107,0
112108,0
112109,0
112110,0
112111,0
112112,0
112113,0
112114,0
112115,0
112116,0
112117,0
112118,0
112119,0
112120,0
112121,40
112122,0
112123,0
112124,0
112125,0
112126,0
112127,39
112128,0
112129,0
112130,0
112131,0
112132,0
112133,0
112134,0
112135,0
112136,38
112137,38
112138,0
112139,0
112140,0
112141,0
112142,0
112143,0
112144,0
112145,0
112146,0
112147,0
112148,0
112149,0
112150,0
112151,0
112152,0
112153,0
112154,0
112155,0
112156,0
112157,0
112158,0
112159,0
112160,32
112161,41
112162,37
112163,0
112164,0
112165,0
112166,0
112167,0
112168,0
112169,0
112170,43
112171,0
112172,39
112173,0
112174,0
112175,0
112176,0
112177,0
112178,0
112179,0
112180,0
112181,0
112182,0
112183,0
112184,0
112185,0
112186,0
112187,54
112188,0
112189,0
112190,0
112191,0
112192,49
112193,0
112194,0
112195,0
112196,0
112197,0
112198,0
112199,0
112200,0
112201,37
112202,0
112203,0
112204,0
112205,0
112206,0
112207,0
112208,0
112209,0
112210,0
112211,0
112212,0
112213,0
112214,40
112215,0
112216,0
112217,0
112218,0
112219,0
112220,0
112221,0
112222,0
112223,0
112224,0
112225,0
112226,35
112227,0
112228,0
112229,0
112230,24
112231,0
112232,0
112233,0
112234,0
112235,0
112236,33
112237,0
112238,0
112239,25
112240,0
112241,0
112242,41
112243,38
112244,0
112245,0
112246,0
112247,0
112248,0
112249,0
112250,0
112251,0
112252,35
112253,50
112254,0
112255,35
112256,0
112257,0
112258,37
112259,0
112260,0
112261,0
112262,0
112263,0
112264,0
112265,0
112266,0
112267,0
112268,0
112269,0
112270,0
112271,18
112272,0
112273,0
112274,0
112275,0
112276,0
112277,0
112278,0
112279,0
112280,0
112281,0
112282,57
112283,0
112284,0
112285,32
112286,0
112287,0
112288,0
112289,0
112290,0
112291,40
112292,0
112293,0
112294,0
112295,0
112296,0
112297,0
112298,0
112299,0
112300,0
112301,0
112302,0
112303,0
112304,0
112305,0
112306,0
112307,0
112308,0
112309,0
112310,0
112311,0
112312,0
112313,0
112314,0
112315,0
112316,0
112317,0
112318,0
112319,0
112320,0
112321,0
112322,0
112323,0
112324,0
112325,0
112326,0
112327,0
112328,0
112329,0
112330,0
112331,0
112332,0
112333,25
112334,45
112335,0
112336,38
112337,0
112338,0
112339,0
112340,0
112341,0
112342,0
112343,24
112344,0
112345,41
112346,0
112347,0
112348,0
112349,0
112350,40
112351,0
112352,0
112353,0
112354,49
112355,0
112356,0
112357,0
112358,0
112359,0
112360,0
112361,0
112362,0
112363,0
112364,0
112365,0
112366,0
112367,0
112368,0
112369,0
112370,38
112371,0
112372,0
112373,0
112374,0
112375,0
112376,29
112377,0
112378,0
112379,0
112380,0
112381,0
112382,0
112383,0
112384,0
112385,0
112386,0
112387,0
112388,0
112389,0
112390,0
112391,0
112392,0
112393,0
112394,0
112395,0
112396,41
112397,0
112398,0
112399,0
112400,0
112401,0
112402,0
112403,0
112404,0
112405,0
112406,0
112407,0
112408,0
112409,0
112410,0
112411,0
112412,0
112413,0
112414,0
112415,0
112416,0
112417,0
112418,0
112419,0
112420,0
112421,0
112422,0
112423,0
112424,0
112425,0
112426,0
112427,0
112428,0
112429,0
112430,0
112431,0
112432,0
112433,0
112434,0
112435,0
112436,0
112437,0
112438,0
112439,0
112440,0
112441,0
112442,0
112443,0
112444,0
112445,0
112446,0
112447,0
112448,0
112449,0
112450,0
112451,0
112452,0
112453,0
112454,0
112455,0
112456,0
112457,0
112458,0
112459,0
112460,0
112461,0
112462,0
112463,0
112464,0
112465,0
112466,0
112467,0
112468,0
112469,0
112470,0
112471,0
112472,0
112473,0
112474,0
112475,0
112476,0
112477,0
112478,0
112479,0
112480,0
112481,0
112482,0
112483,0
112484,0
112485,0
112486,0
112487,0
112488,0
112489,0
112490,0
112491,0
112492,0
112493,0
112494,0
112495,0
112496,0
112497,0
112498,0
112499,0
112500,0
112501,0
112502,0
112503,0
112504,0
112505,0
112506,0
112507,0
112508,0
112509,0
112510,0
112511,0
112512,0
112513,0
112514,0
112515,0
112516,0
112517,0
112518,0
112519,0
112520,0
112521,0
112522,0
112523,0
112524,0
112525,0
112526,0
112527,0
112528,0
112529,0
112530,0
112531,0
112532,0
112533,0
112534,0
112535,0
112536,0
112537,0
112538,0
112539,0
112540,0
112541,0
112542,0
112543,0
112544,0
112545,0
112546,0
112547,0
112548,0
112549,0
112550,0
112551,0
112552,0
112553,0
112554,0
112555,0
112556,0
112557,0
112558,0
112559,0
112560,0
112561,0
112562,0
112563,0
112564,0
112565,0
112566,0
112567,0
112568,0
112569,0
112570,0
112571,0
112572,0
112573,0
112574,0
112575,0
112576,0
112577,0
112578,0
112579,0
112580,0
112581,0
112582,0
112583,0
112584,0
112585,0
112586,0
112587,0
112588,0
112589,0
112590,0
112591,0
112592,0
112593,0
112594,0
112595,0
112596,0
112597,0
112598,0
112599,0
112600,0
112601,0
112602,0
112603,0
112604,0
112605,0
112606,0
112607,0
112608,0
112609,0
112610,0
112611,0
112612,0
112613,0
112614,0
112615,0
112616,0
112617,0
112618,0
112619,0
112620,0
112621,0
112622,0
112623,0
112624,0
112625,0
112626,0
112627,0
112628,0
112629,0
112630,0
112631,0
112632,0
112633,0
112634,0
112635,0
112636,0
112637,0
112638,1
112639,0
112640,0
112641,0
112642,0
112643,0
112644,0
112645,0
112646,0
112647,0
112648,0
112649,0
112650,0
112651,0
112652,0
112653,0
112654,0
112655,0
112656,0
112657,0
112658,0
112659,0
112660,0
112661,0
112662,0
112663,0
112664,0
112665,0
112666,0
112667,0
112668,0
112669,0
112670,0
112671,0
112672,0
112673,0
112674,0
112675,0
112676,0
112677,0
112678,0
112679,0
112680,0
112681,0
112682,0
112683,0
112684,0
112685,0
112686,0
112687,0
112688,0
112689,0
112690,0
112691,0
112692,0
112693,0
112694,0
112695,0
112696,0
112697,0
112698,0
112699,0
112700,0
112701,0
112702,0
112703,0
112704,0
112705,0
112706,0
112707,0
112708,0
112709,0
112710,0
112711,0
112712,0
112713,0
112714,0
112715,0
112716,0
112717,0
112718,0
112719,0
112720,0
112721,0
112722,0
112723,0
112724,0
112725,0
112726,0
112727,0
112728,0
112729,0
112730,0
112731,0
112732,0
112733,0
112734,0
112735,0
112736,0
112737,0
112738,0
112739,0
112740,0
112741,0
112742,0
112743,0
112744,0
112745,0
112746,0
112747,0
112748,0
112749,0
112750,0
112751,0
112752,0
112753,0
112754,0
112755,0
112756,0
112757,0
112758,0
112759,0
112760,0
112761,0
112762,0
112763,0
112764,0
112765,0
112766,0
112767,0
112768,0
112769,0
112770,0
112771,0
112772,1
112773,0
112774,0
112775,0
112776,0
112777,0
112778,0
112779,0
112780,0
112781,0
112782,0
112783,0
112784,0
112785,0
112786,0
112787,0
112788,0
112789,0
112790,0
112791,0
112792,0
112793,0
112794,0
112795,0
112796,0
112797,0
112798,0
112799,0
112800,0
112801,0
112802,0
112803,0
112804,0
112805,0
112806,0
112807,0
112808,0
112809,0
112810,0
112811,0
112812,0
112813,0
112814,0
112815,0
112816,0
112817,0
112818,0
112819,0
112820,0
112821,0
112822,0
112823,1
112824,0
112825,0
112826,0
112827,0
112828,0
112829,0
112830,0
112831,0
112832,0
112833,0
112834,0
112835,0
112836,0
112837,0
112838,0
112839,0
112840,0
112841,0
112842,0
112843,0
112844,0
112845,0
112846,0
112847,0
112848,0
112849,0
112850,0
112851,0
112852,0
112853,0
112854,0
112855,0
112856,0
112857,0
112858,0
112859,0
112860,0
112861,0
112862,0
112863,0
112864,0
112865,0
112866,0
112867,0
112868,0
112869,0
112870,0
112871,0
112872,0
112873,0
112874,0
112875,0
112876,0
112877,0
112878,0
112879,0
112880,0
112881,0
112882,0
112883,0
112884,0
112885,0
112886,0
112887,0
112888,0
112889,0
112890,0
112891,0
112892,0
112893,0
112894,0
112895,0
112896,0
112897,0
112898,0
112899,0
112900,0
112901,0
112902,0
112903,0
112904,0
112905,0
112906,0
112907,0
112908,0
112909,0
112910,0
112911,0
112912,0
112913,0
112914,0
112915,0
112916,0
112917,0
112918,0
112919,0
112920,0
112921,0
112922,0
112923,0
112924,0
112925,0
112926,0
112927,0
112928,0
112929,0
112930,0
112931,0
112932,0
112933,0
112934,0
112935,0
112936,0
112937,0
112938,0
112939,0
112940,0
112941,0
112942,0
112943,0
112944,0
112945,0
112946,0
112947,0
112948,0
112949,0
112950,0
112951,0
112952,0
112953,0
112954,0
112955,0
112956,0
112957,0
112958,0
112959,0
112960,0
112961,0
112962,0
112963,0
112964,0
112965,0
112966,0
112967,0
112968,0
112969,0
112970,0
112971,0
112972,0
112973,0
112974,0
112975,0
112976,0
112977,0
112978,0
112979,0
112980,0
112981,0
112982,0
112983,0
112984,0
112985,0
112986,0
112987,0
112988,0
112989,0
112990,0
112991,0
112992,0
112993,0
112994,0
112995,0
112996,0
112997,0
112998,0
112999,0
113000,0
113001,0
113002,0
113003,0
113004,0
113005,0
113006,0
113007,0
113008,0
113009,0
113010,0
113011,0
113012,0
113013,0
113014,0
113015,0
113016,0
113017,0
113018,0
113019,0
113020,0
113021,0
113022,0
113023,0
113024,0
113025,0
113026,0
113027,0
113028,0
113029,0
113030,0
113031,0
113032,0
113033,0
113034,0
113035,0
113036,0
113037,0
113038,0
113039,0
113040,0
113041,0
113042,0
113043,26
113044,0
113045,0
113046,0
113047,0
113048,0
113049,0
113050,0
113051,0
113052,0
113053,18
113054,0
113055,0
113056,26
113057,0
113058,0
113059,0
113060,0
113061,0
113062,0
113063,0
113064,0
113065,0
113066,0
113067,0
113068,0
113069,0
113070,0
113071,0
113072,0
113073,0
113074,0
113075,0
113076,0
113077,0
113078,0
113079,0
113080,0
113081,0
113082,0
113083,0
113084,34
113085,32
113086,35
113087,28
113088,0
113089,0
113090,0
113091,0
113092,0
113093,0
113094,0
113095,0
113096,0
113097,0
113098,20
113099,0
113100,0
113101,32
113102,0
113103,0
113104,0
113105,0
113106,0
113107,0
113108,0
113109,0
113110,0
113111,0
113112,0
113113,0
113114,0
113115,0
113116,0
113117,0
113118,0
113119,0
113120,0
113121,0
113122,0
113123,0
113124,29
113125,0
113126,0
113127,0
113128,0
113129,0
113130,0
113131,0
113132,0
113133,0
113134,0
113135,0
113136,0
113137,0
113138,0
113139,0
113140,0
113141,0
113142,0
113143,0
113144,0
113145,0
113146,0
113147,0
113148,0
113149,21
113150,0
113151,0
113152,0
113153,0
113154,0
113155,0
113156,0
113157,0
113158,0
113159,0
113160,0
113161,0
113162,0
113163,0
113164,0
113165,0
113166,20
113167,0
113168,0
113169,0
113170,0
113171,0
113172,0
113173,0
113174,0
113175,0
113176,0
113177,0
113178,0
113179,0
113180,0
113181,0
113182,0
113183,0
113184,0
113185,0
113186,0
113187,0
113188,0
113189,0
113190,0
113191,0
113192,0
113193,0
113194,0
113195,0
113196,0
113197,0
113198,0
113199,0
113200,0
113201,0
113202,0
113203,0
113204,0
113205,0
113206,0
113207,0
113208,0
113209,0
113210,0
113211,0
113212,0
113213,0
113214,0
113215,0
113216,0
113217,0
113218,0
113219,0
113220,0
113221,0
113222,0
113223,0
113224,0
113225,0
113226,0
113227,0
113228,0
113229,0
113230,0
113231,0
113232,0
113233,0
113234,0
113235,0
113236,0
113237,0
113238,0
113239,0
113240,26
113241,35
113242,0
113243,0
113244,0
113245,0
113246,0
113247,0
113248,0
113249,0
113250,0
113251,0
113252,0
113253,0
113254,0
113255,0
113256,0
113257,0
113258,0
113259,34
113260,0
113261,0
113262,0
113263,0
113264,0
113265,0
113266,0
113267,0
113268,0
113269,0
113270,0
113271,0
113272,27
113273,0
113274,0
113275,0
113276,0
113277,0
113278,0
113279,0
113280,0
113281,0
113282,0
113283,0
113284,0
113285,0
113286,0
113287,0
113288,0
113289,0
113290,0
113291,0
113292,37
113293,0
113294,0
113295,0
113296,0
113297,0
113298,29
113299,0
113300,0
113301,0
113302,0
113303,26
113304,0
113305,0
113306,0
113307,0
113308,0
113309,0
113310,20
113311,0
113312,0
113313,0
113314,0
113315,0
113316,0
113317,0
113318,0
113319,23
113320,0
113321,0
113322,0
113323,0
113324,0
113325,0
113326,0
113327,0
113328,0
113329,0
113330,0
113331,0
113332,0
113333,0
113334,0
113335,0
113336,0
113337,0
113338,0
113339,0
113340,0
113341,0
113342,0
113343,0
113344,0
113345,0
113346,0
113347,0
113348,0
113349,0
113350,0
113351,33
113352,0
113353,0
113354,0
113355,0
113356,0
113357,0
113358,0
113359,0
113360,0
113361,0
113362,0
113363,0
113364,0
113365,0
113366,0
113367,0
113368,0
113369,0
113370,0
113371,0
113372,0
113373,0
113374,0
113375,0
113376,0
113377,0
113378,0
113379,0
113380,0
113381,0
113382,0
113383,0
113384,0
113385,28
113386,0
113387,19
113388,0
113389,0
113390,0
113391,0
113392,0
113393,0
113394,0
113395,0
113396,0
113397,0
113398,0
113399,0
113400,0
113401,0
113402,0
113403,0
113404,0
113405,0
113406,0
113407,0
113408,0
113409,0
113410,0
113411,0
113412,37
113413,0
113414,0
113415,0
113416,0
113417,0
113418,0
113419,0
113420,0
113421,31
113422,0
113423,0
113424,0
113425,0
113426,0
113427,0
113428,0
113429,0
113430,25
113431,0
113432,0
113433,0
113434,0
113435,0
113436,0
113437,0
113438,0
113439,0
113440,0
113441,0
113442,0
113443,0
113444,0
113445,27
113446,0
113447,0
113448,0
113449,0
113450,0
113451,0
113452,0
113453,0
113454,0
113455,0
113456,0
113457,0
113458,0
113459,0
113460,0
113461,0
113462,0
113463,11
113464,0
113465,0
113466,0
113467,0
113468,0
113469,0
113470,0
113471,0
113472,0
113473,0
113474,0
113475,0
113476,0
113477,0
113478,0
113479,0
113480,0
113481,0
113482,0
113483,0
113484,0
113485,0
113486,0
113487,0
113488,0
113489,0
113490,0
113491,0
113492,0
113493,0
113494,0
113495,0
113496,0
113497,0
113498,32
113499,0
113500,0
113501,0
113502,0
113503,0
113504,0
113505,26
113506,0
113507,0
113508,0
113509,0
113510,0
113511,0
113512,0
113513,0
113514,0
113515,0
113516,0
113517,0
113518,0
113519,0
113520,0
113521,0
113522,0
113523,0
113524,0
113525,0
113526,0
113527,0
113528,0
113529,0
113530,0
113531,0
113532,0
113533,0
113534,0
113535,0
113536,0
113537,0
113538,0
113539,21
113540,0
113541,32
113542,0
113543,0
113544,0
113545,0
113546,0
113547,0
113548,0
113549,0
113550,0
113551,28
113552,0
113553,0
113554,0
113555,0
113556,0
113557,0
113558,0
113559,0
113560,0
113561,0
113562,0
113563,0
113564,0
113565,0
113566,0
113567,0
113568,0
113569,0
113570,0
113571,0
113572,0
113573,0
113574,0
113575,0
113576,0
113577,0
113578,0
113579,0
113580,0
113581,0
113582,38
113583,0
113584,0
113585,0
113586,0
113587,0
113588,0
113589,0
113590,0
113591,0
113592,0
113593,0
113594,0
113595,0
113596,0
113597,0
113598,0
113599,0
113600,0
113601,0
113602,0
113603,0
113604,0
113605,0
113606,0
113607,0
113608,0
113609,0
113610,0
113611,0
113612,0
113613,0
113614,0
113615,0
113616,24
113617,0
113618,0
113619,0
113620,0
113621,0
113622,0
113623,0
113624,0
113625,0
113626,0
113627,0
113628,0
113629,0
113630,0
113631,0
113632,0
113633,0
113634,22
113635,0
113636,23
113637,0
113638,0
113639,0
113640,0
113641,0
113642,0
113643,0
113644,0
113645,0
113646,0
113647,33
113648,0
113649,0
113650,0
113651,0
113652,0
113653,0
113654,0
113655,0
113656,0
113657,0
113658,0
113659,0
113660,0
113661,0
113662,0
113663,0
113664,0
113665,0
113666,0
113667,0
113668,0
113669,0
113670,25
113671,0
113672,0
113673,0
113674,0
113675,0
113676,0
113677,0
113678,0
113679,0
113680,0
113681,0
113682,0
113683,0
113684,0
113685,0
113686,0
113687,0
113688,0
113689,0
113690,25
113691,0
113692,0
113693,0
113694,0
113695,0
113696,0
113697,0
113698,0
113699,0
113700,0
113701,0
113702,0
113703,0
113704,0
113705,0
113706,0
113707,0
113708,0
113709,0
113710,0
113711,0
113712,0
113713,0
113714,0
113715,0
113716,0
113717,0
113718,0
113719,0
113720,0
113721,0
113722,0
113723,0
113724,0
113725,0
113726,0
113727,26
113728,0
113729,0
113730,0
113731,0
113732,0
113733,0
113734,0
113735,0
113736,0
113737,0
113738,0
113739,0
113740,0
113741,0
113742,0
113743,0
113744,0
113745,0
113746,0
113747,0
113748,0
113749,0
113750,0
113751,0
113752,0
113753,0
113754,0
113755,0
113756,0
113757,0
113758,0
113759,0
113760,0
113761,0
113762,0
113763,0
113764,0
113765,0
113766,0
113767,0
113768,0
113769,0
113770,0
113771,0
113772,0
113773,0
113774,0
113775,0
113776,0
113777,0
113778,0
113779,0
113780,0
113781,0
113782,0
113783,0
113784,0
113785,0
113786,0
113787,0
113788,0
113789,0
113790,0
113791,0
113792,0
113793,0
113794,0
113795,0
113796,0
113797,0
113798,0
113799,0
113800,0
113801,0
113802,0
113803,0
113804,0
113805,0
113806,0
113807,0
113808,0
113809,0
113810,0
113811,0
113812,0
113813,0
113814,0
113815,0
113816,22
113817,0
113818,0
113819,0
113820,0
113821,0
113822,0
113823,0
113824,0
113825,0
113826,0
113827,0
113828,0
113829,0
113830,0
113831,0
113832,0
113833,0
113834,0
113835,0
113836,0
113837,0
113838,0
113839,0
113840,0
113841,0
113842,0
113843,0
113844,0
113845,0
113846,0
113847,0
113848,0
113849,0
113850,27
113851,0
113852,27
113853,0
113854,0
113855,0
113856,0
113857,0
113858,0
113859,0
113860,0
113861,0
113862,0
113863,0
113864,0
113865,0
113866,0
113867,16
113868,0
113869,0
113870,0
113871,0
113872,0
113873,28
113874,0
113875,0
113876,0
113877,0
113878,0
113879,0
113880,20
113881,0
113882,0
113883,0
113884,14
113885,0
113886,0
113887,0
113888,16
113889,14
113890,0
113891,16
113892,0
113893,0
113894,0
113895,0
113896,15
113897,0
113898,0
113899,0
113900,0
113901,18
113902,0
113903,0
113904,0
113905,0
113906,11
113907,0
113908,19
113909,0
113910,0
113911,0
113912,0
113913,0
113914,0
113915,0
113916,0
113917,0
113918,0
113919,0
113920,0
113921,0
113922,0
113923,0
113924,0
113925,0
113926,0
113927,0
113928,0
113929,0
113930,0
113931,0
113932,0
113933,0
113934,0
113935,0
113936,0
113937,15
113938,0
113939,14
113940,0
113941,15
113942,0
113943,0
113944,0
113945,0
113946,0
113947,17
113948,0
113949,0
113950,17
113951,0
113952,0
113953,0
113954,22
113955,0
113956,0
113957,0
113958,19
113959,0
113960,0
113961,0
113962,0
113963,0
113964,0
113965,0
113966,0
113967,0
113968,16
113969,0
113970,0
113971,0
113972,0
113973,0
113974,0
113975,0
113976,0
113977,0
113978,0
113979,0
113980,0
113981,0
113982,0
113983,0
113984,0
113985,0
113986,0
113987,9
113988,13
113989,0
113990,0
113991,13
113992,0
113993,0
113994,0
113995,0
113996,0
113997,0
113998,0
113999,18
114000,0
114001,0
114002,0
114003,0
114004,0
114005,0
114006,0
114007,0
114008,21
114009,0
114010,0
114011,0
114012,0
114013,0
114014,22
114015,9
114016,0
114017,0
114018,20
114019,0
114020,0
114021,0
114022,0
114023,23
114024,0
114025,0
114026,0
114027,0
114028,0
114029,0
114030,0
114031,0
114032,0
114033,0
114034,0
114035,0
114036,0
114037,0
114038,0
114039,0
114040,15
114041,0
114042,0
114043,0
114044,12
114045,0
114046,0
114047,0
114048,0
114049,16
114050,0
114051,0
114052,0
114053,0
114054,12
114055,18
114056,0
114057,0
114058,16
114059,0
114060,0
114061,0
114062,0
114063,0
114064,12
114065,0
114066,0
114067,0
114068,0
114069,12
114070,0
114071,0
114072,0
114073,0
114074,0
114075,0
114076,0
114077,0
114078,0
114079,0
114080,0
114081,9
114082,15
114083,0
114084,0
114085,0
114086,0
114087,0
114088,0
114089,0
114090,0
114091,0
114092,0
114093,16
114094,0
114095,0
114096,0
114097,11
114098,0
114099,0
114100,0
114101,0
114102,0
114103,0
114104,10
114105,0
114106,0
114107,0
114108,0
114109,0
114110,0
114111,0
114112,0
114113,0
114114,0
114115,0
114116,0
114117,0
114118,0
114119,0
114120,0
114121,0
114122,0
114123,0
114124,0
114125,0
114126,0
114127,0
114128,0
114129,0
114130,0
114131,0
114132,0
114133,0
114134,0
114135,17
114136,0
114137,0
114138,0
114139,0
114140,0
114141,0
114142,0
114143,0
114144,0
114145,0
114146,19
114147,0
114148,0
114149,0
114150,0
114151,0
114152,0
114153,0
114154,10
114155,0
114156,0
114157,0
114158,0
114159,0
114160,0
114161,0
114162,7
114163,20
114164,15
114165,0
114166,0
114167,0
114168,0
114169,0
114170,0
114171,0
114172,0
114173,0
114174,0
114175,0
114176,0
114177,0
114178,0
114179,0
114180,0
114181,0
114182,0
114183,12
114184,0
114185,0
114186,0
114187,13
114188,0
114189,0
114190,0
114191,0
114192,0
114193,22
114194,0
114195,0
114196,0
114197,0
114198,0
114199,0
114200,0
114201,0
114202,0
114203,0
114204,0
114205,0
114206,0
114207,0
114208,0
114209,0
114210,0
114211,0
114212,0
114213,0
114214,0
114215,0
114216,13
114217,0
114218,16
114219,0
114220,0
114221,0
114222,0
114223,0
114224,0
114225,0
114226,0
114227,0
114228,0
114229,0
114230,0
114231,0
114232,0
114233,0
114234,0
114235,0
114236,0
114237,18
114238,0
114239,0
114240,0
114241,0
114242,0
114243,0
114244,0
114245,0
114246,11
114247,0
114248,15
114249,0
114250,0
114251,0
114252,0
114253,0
114254,0
114255,0
114256,0
114257,0
114258,0
114259,0
114260,0
114261,0
114262,0
114263,0
114264,0
114265,0
114266,15
114267,0
114268,0
114269,10
114270,29
114271,12
114272,0
114273,0
114274,0
114275,0
114276,0
114277,0
114278,0
114279,0
114280,0
114281,0
114282,0
114283,0
114284,0
114285,0
114286,0
114287,0
114288,0
114289,0
114290,0
114291,0
114292,16
114293,0
114294,0
114295,17
114296,0
114297,0
114298,0
114299,0
114300,0
114301,0
114302,0
114303,12
114304,0
114305,0
114306,0
114307,7
114308,0
114309,17
114310,0
114311,17
114312,0
114313,0
114314,0
114315,0
114316,0
114317,0
114318,19
114319,0
114320,0
114321,0
114322,0
114323,0
114324,0
114325,0
114326,0
114327,0
114328,0
114329,0
114330,23
114331,0
114332,0
114333,0
114334,0
114335,0
114336,0
114337,0
114338,0
114339,0
114340,0
114341,21
114342,0
114343,14
114344,0
114345,0
114346,11
114347,0
114348,0
114349,0
114350,0
114351,0
114352,0
114353,0
114354,13
114355,0
114356,0
114357,12
114358,0
114359,0
114360,0
114361,14
114362,0
114363,0
114364,0
114365,0
114366,0
114367,0
114368,0
114369,0
114370,0
114371,0
114372,0
114373,11
114374,0
114375,0
114376,20
114377,0
114378,15
114379,0
114380,0
114381,0
114382,12
114383,0
114384,0
114385,0
114386,0
114387,0
114388,0
114389,12
114390,0
114391,0
114392,0
114393,0
114394,0
114395,0
114396,0
114397,0
114398,0
114399,0
114400,6
114401,0
114402,0
114403,0
114404,0
114405,24
114406,0
114407,0
114408,0
114409,0
114410,17
114411,0
114412,0
114413,12
114414,0
114415,0
114416,14
114417,0
114418,0
114419,0
114420,0
114421,0
114422,14
114423,0
114424,0
114425,0
114426,18
114427,0
114428,15
114429,0
114430,0
114431,0
114432,0
114433,0
114434,0
114435,0
114436,0
114437,0
114438,0
114439,0
114440,0
114441,13
114442,14
114443,0
114444,17
114445,0
114446,0
114447,9
114448,0
114449,0
114450,0
114451,0
114452,0
114453,0
114454,0
114455,0
114456,16
114457,0
114458,0
114459,0
114460,0
114461,0
114462,0
114463,0
114464,0
114465,0
114466,0
114467,0
114468,0
114469,0
114470,0
114471,0
114472,0
114473,0
114474,0
114475,0
114476,0
114477,0
114478,0
114479,0
114480,0
114481,0
114482,0
114483,0
114484,0
114485,0
114486,0
114487,0
114488,0
114489,0
114490,0
114491,14
114492,0
114493,16
114494,18
114495,0
114496,0
114497,0
114498,0
114499,15
114500,0
114501,0
114502,0
114503,0
114504,0
114505,0
114506,0
114507,0
114508,18
114509,0
114510,0
114511,0
114512,0
114513,0
114514,0
114515,0
114516,0
114517,0
114518,0
114519,0
114520,0
114521,0
114522,0
114523,0
114524,13
114525,0
114526,0
114527,0
114528,0
114529,0
114530,0
114531,0
114532,0
114533,0
114534,0
114535,0
114536,0
114537,0
114538,0
114539,0
114540,0
114541,0
114542,0
114543,0
114544,0
114545,0
114546,0
114547,0
114548,15
114549,0
114550,0
114551,0
114552,0
114553,23
114554,0
114555,0
114556,0
114557,0
114558,0
114559,0
114560,0
114561,0
114562,0
114563,0
114564,0
114565,0
114566,0
114567,0
114568,0
114569,0
114570,0
114571,0
114572,0
114573,0
114574,18
114575,0
114576,0
114577,0
114578,0
114579,0
114580,0
114581,0
114582,0
114583,11
114584,0
114585,0
114586,0
114587,0
114588,16
114589,0
114590,14
114591,0
114592,17
114593,0
114594,0
114595,0
114596,0
114597,17
114598,0
114599,0
114600,0
114601,0
114602,0
114603,11
114604,0
114605,0
114606,12
114607,0
114608,0
114609,0
114610,0
114611,0
114612,0
114613,0
114614,0
114615,0
114616,0
114617,0
114618,0
114619,0
114620,20
114621,0
114622,0
114623,0
114624,0
114625,0
114626,0
114627,0
114628,15
114629,10
114630,0
114631,0
114632,0
114633,0
114634,0
114635,0
114636,0
114637,0
114638,0
114639,0
114640,17
114641,0
114642,11
114643,0
114644,14
114645,0
114646,9
114647,0
114648,0
114649,0
114650,0
114651,0
114652,0
114653,0
114654,0
114655,0
114656,10
114657,0
114658,23
114659,0
114660,0
114661,0
114662,0
114663,0
114664,0
114665,0
114666,0
114667,0
114668,0
114669,0
114670,0
114671,0
114672,0
114673,0
114674,15
114675,0
114676,0
114677,0
114678,0
114679,0
114680,0
114681,0
114682,0
114683,15
114684,0
114685,0
114686,0
114687,0
114688,0
114689,0
114690,0
114691,0
114692,0
114693,14
114694,0
114695,0
114696,0
114697,10
114698,0
114699,0
114700,0
114701,0
114702,18
114703,0
114704,0
114705,11
114706,0
114707,0
114708,0
114709,0
114710,0
114711,0
114712,0
114713,0
114714,0
114715,0
114716,0
114717,54
114718,0
114719,23
114720,0
114721,0
114722,0
114723,0
114724,0
114725,0
114726,0
114727,0
114728,0
114729,0
114730,0
114731,0
114732,0
114733,0
114734,0
114735,0
114736,0
114737,0
114738,0
114739,0
114740,0
114741,0
114742,0
114743,0
114744,0
114745,0
114746,0
114747,0
114748,0
114749,0
114750,0
114751,0
114752,0
114753,0
114754,0
114755,0
114756,0
114757,0
114758,0
114759,0
114760,0
114761,0
114762,0
114763,0
114764,0
114765,0
114766,0
114767,0
114768,0
114769,0
114770,0
114771,0
114772,0
114773,0
114774,0
114775,0
114776,0
114777,0
114778,0
114779,0
114780,0
114781,0
114782,0
114783,0
114784,0
114785,42
114786,0
114787,0
114788,33
114789,0
114790,0
114791,0
114792,0
114793,0
114794,0
114795,41
114796,0
114797,0
114798,0
114799,19
114800,0
114801,44
114802,0
114803,35
114804,0
114805,0
114806,0
114807,0
114808,0
114809,0
114810,0
114811,0
114812,0
114813,0
114814,0
114815,0
114816,0
114817,0
114818,0
114819,0
114820,0
114821,0
114822,0
114823,0
114824,0
114825,0
114826,0
114827,0
114828,0
114829,0
114830,0
114831,0
114832,0
114833,0
114834,0
114835,0
114836,36
114837,0
114838,0
114839,0
114840,0
114841,0
114842,0
114843,0
114844,0
114845,0
114846,0
114847,0
114848,0
114849,0
114850,0
114851,0
114852,0
114853,0
114854,0
114855,0
114856,0
114857,0
114858,0
114859,0
114860,0
114861,58
114862,0
114863,0
114864,29
114865,0
114866,0
114867,0
114868,0
114869,0
114870,0
114871,0
114872,0
114873,0
114874,0
114875,0
114876,0
114877,0
114878,46
114879,0
114880,0
114881,0
114882,0
114883,20
114884,0
114885,0
114886,0
114887,55
114888,30
114889,0
114890,0
114891,0
114892,0
114893,0
114894,0
114895,0
114896,0
114897,0
114898,0
114899,0
114900,0
114901,0
114902,0
114903,0
114904,0
114905,0
114906,0
114907,0
114908,0
114909,63
114910,0
114911,0
114912,0
114913,0
114914,0
114915,0
114916,0
114917,0
114918,0
114919,0
114920,0
114921,0
114922,0
114923,0
114924,0
114925,0
114926,0
114927,0
114928,0
114929,0
114930,0
114931,64
114932,0
114933,0
114934,0
114935,0
114936,0
114937,19
114938,0
114939,0
114940,0
114941,0
114942,0
114943,0
114944,0
114945,0
114946,0
114947,0
114948,0
114949,0
114950,0
114951,0
114952,0
114953,0
114954,0
114955,0
114956,0
114957,0
114958,0
114959,0
114960,0
114961,0
114962,0
114963,0
114964,0
114965,0
114966,0
114967,0
114968,0
114969,38
114970,0
114971,0
114972,0
114973,0
114974,0
114975,0
114976,0
114977,0
114978,0
114979,0
114980,0
114981,0
114982,0
114983,0
114984,0
114985,0
114986,0
114987,0
114988,0
114989,23
114990,0
114991,0
114992,0
114993,23
114994,0
114995,31
114996,19
114997,0
114998,0
114999,0
115000,0
115001,0
115002,0
115003,0
115004,0
115005,0
115006,0
115007,0
115008,0
115009,0
115010,0
115011,0
115012,0
115013,0
115014,0
115015,0
115016,0
115017,0
115018,0
115019,0
115020,0
115021,0
115022,0
115023,0
115024,45
115025,0
115026,0
115027,0
115028,0
115029,0
115030,0
115031,0
115032,0
115033,0
115034,0
115035,0
115036,0
115037,0
115038,0
115039,0
115040,0
115041,0
115042,0
115043,0
115044,0
115045,0
115046,0
115047,29
115048,0
115049,29
115050,0
115051,0
115052,0
115053,0
115054,0
115055,0
115056,0
115057,0
115058,0
115059,0
115060,0
115061,0
115062,0
115063,0
115064,0
115065,0
115066,0
115067,0
115068,0
115069,0
115070,0
115071,0
115072,0
115073,0
115074,0
115075,0
115076,0
115077,0
115078,0
115079,41
115080,0
115081,0
115082,0
115083,0
115084,0
115085,0
115086,0
115087,0
115088,0
115089,0
115090,0
115091,0
115092,0
115093,0
115094,0
115095,0
115096,0
115097,0
115098,0
115099,0
115100,0
115101,0
115102,0
115103,0
115104,0
115105,0
115106,0
115107,0
115108,0
115109,0
115110,0
115111,0
115112,0
115113,0
115114,0
115115,0
115116,0
115117,18
115118,0
115119,0
115120,0
115121,0
115122,0
115123,0
115124,0
115125,0
115126,0
115127,0
115128,0
115129,0
115130,0
115131,0
115132,0
115133,0
115134,0
115135,0
115136,0
115137,0
115138,0
115139,0
115140,0
115141,0
115142,0
115143,0
115144,0
115145,0
115146,0
115147,0
115148,0
115149,0
115150,0
115151,0
115152,29
115153,0
115154,0
115155,0
115156,0
115157,0
115158,0
115159,0
115160,0
115161,0
115162,0
115163,0
115164,0
115165,0
115166,0
115167,0
115168,0
115169,0
115170,0
115171,0
115172,0
115173,38
115174,0
115175,0
115176,0
115177,0
115178,0
115179,0
115180,0
115181,0
115182,0
115183,0
115184,0
115185,0
115186,0
115187,0
115188,0
115189,0
115190,0
115191,0
115192,0
115193,0
115194,0
115195,41
115196,47
115197,0
115198,0
115199,0
115200,0
115201,0
115202,0
115203,0
115204,0
115205,0
115206,0
115207,62
115208,0
115209,0
115210,0
115211,0
115212,32
115213,0
115214,46
115215,0
115216,0
115217,0
115218,0
115219,0
115220,0
115221,0
115222,0
115223,0
115224,0
115225,0
115226,0
115227,0
115228,0
115229,0
115230,0
115231,0
115232,0
115233,0
115234,0
115235,0
115236,0
115237,0
115238,0
115239,0
115240,0
115241,0
115242,0
115243,0
115244,0
115245,0
115246,0
115247,0
115248,0
115249,36
115250,0
115251,0
115252,0
115253,0
115254,0
115255,0
115256,0
115257,0
115258,0
115259,0
115260,0
115261,0
115262,31
115263,0
115264,0
115265,0
115266,0
115267,0
115268,0
115269,0
115270,0
115271,0
115272,39
115273,0
115274,0
115275,0
115276,0
115277,0
115278,0
115279,0
115280,0
115281,0
115282,0
115283,0
115284,0
115285,0
115286,0
115287,0
115288,0
115289,0
115290,39
115291,0
115292,0
115293,0
115294,0
115295,0
115296,0
115297,0
115298,0
115299,0
115300,0
115301,0
115302,0
115303,0
115304,0
115305,0
115306,0
115307,0
115308,0
115309,0
115310,0
115311,0
115312,0
115313,0
115314,0
115315,0
115316,0
115317,0
115318,0
115319,0
115320,0
115321,0
115322,0
115323,0
115324,0
115325,0
115326,0
115327,0
115328,0
115329,0
115330,0
115331,0
115332,0
115333,0
115334,0
115335,0
115336,22
115337,0
115338,0
115339,0
115340,0
115341,0
115342,0
115343,0
115344,0
115345,0
115346,0
115347,0
115348,0
115349,0
115350,0
115351,0
115352,0
115353,0
115354,0
115355,0
115356,0
115357,0
115358,0
115359,0
115360,0
115361,0
115362,0
115363,0
115364,0
115365,0
115366,0
115367,0
115368,0
115369,0
115370,30
115371,0
115372,0
115373,0
115374,0
115375,0
115376,73
115377,17
115378,0
115379,0
115380,0
115381,43
115382,0
115383,0
115384,0
115385,0
115386,0
115387,0
115388,34
115389,0
115390,0
115391,0
115392,0
115393,0
115394,30
115395,0
115396,0
115397,32
115398,0
115399,0
115400,0
115401,0
115402,0
115403,0
115404,0
115405,0
115406,40
115407,0
115408,0
115409,0
115410,0
115411,0
115412,0
115413,0
115414,0
115415,0
115416,0
115417,0
115418,0
115419,0
115420,0
115421,0
115422,0
115423,0
115424,0
115425,0
115426,0
115427,0
115428,0
115429,0
115430,0
115431,0
115432,0
115433,0
115434,0
115435,0
115436,0
115437,0
115438,37
115439,25
115440,0
115441,0
115442,0
115443,0
115444,0
115445,29
115446,0
115447,0
115448,0
115449,0
115450,0
115451,0
115452,35
115453,0
115454,0
115455,0
115456,0
115457,0
115458,0
115459,0
115460,0
115461,0
115462,0
115463,0
115464,0
115465,0
115466,0
115467,0
115468,0
115469,0
115470,0
115471,0
115472,0
115473,0
115474,0
115475,0
115476,0
115477,0
115478,0
115479,0
115480,0
115481,0
115482,31
115483,27
115484,0
115485,0
115486,0
115487,0
115488,0
115489,0
115490,0
115491,0
115492,44
115493,0
115494,0
115495,0
115496,0
115497,0
115498,0
115499,0
115500,0
115501,0
115502,0
115503,0
115504,35
115505,0
115506,0
115507,22
115508,0
115509,33
115510,0
115511,0
115512,0
115513,0
115514,0
115515,0
115516,0
115517,28
115518,0
115519,45
115520,0
115521,0
115522,0
115523,0
115524,0
115525,0
115526,34
115527,18
115528,0
115529,0
115530,0
115531,0
115532,0
115533,21
115534,0
115535,0
115536,0
115537,0
115538,0
115539,0
115540,0
115541,0
115542,0
115543,0
115544,0
115545,0
115546,0
115547,0
115548,29
115549,0
115550,0
115551,0
115552,0
115553,0
115554,0
115555,0
115556,36
115557,39
115558,0
115559,0
115560,0
115561,0
115562,0
115563,0
115564,0
115565,0
115566,0
115567,0
115568,0
115569,0
115570,31
115571,0
115572,0
115573,27
115574,0
115575,0
115576,0
115577,0
115578,0
115579,0
115580,0
115581,0
115582,0
115583,0
115584,0
115585,63
115586,0
115587,0
115588,0
115589,0
115590,0
115591,0
115592,0
115593,0
115594,0
115595,0
115596,0
115597,0
115598,0
115599,32
115600,43
115601,0
115602,42
115603,0
115604,0
115605,0
115606,0
115607,0
115608,0
115609,0
115610,0
115611,0
115612,0
115613,23
115614,0
115615,0
115616,0
115617,0
115618,0
115619,0
115620,0
115621,22
115622,0
115623,0
115624,0
115625,0
115626,0
115627,0
115628,0
115629,0
115630,0
115631,0
115632,0
115633,0
115634,0
115635,0
115636,21
115637,0
115638,0
115639,0
115640,0
115641,31
115642,0
115643,0
115644,0
115645,0
115646,0
115647,33
115648,57
115649,0
115650,0
115651,0
115652,0
115653,0
115654,0
115655,0
115656,0
115657,0
115658,0
115659,0
115660,0
115661,0
115662,0
115663,0
115664,0
115665,0
115666,0
115667,0
115668,0
115669,0
115670,0
115671,38
115672,0
115673,0
115674,0
115675,0
115676,0
115677,0
115678,0
115679,0
115680,50
115681,0
115682,0
115683,0
115684,0
115685,0
115686,0
115687,0
115688,0
115689,0
115690,0
115691,0
115692,30
115693,0
115694,0
115695,41
115696,0
115697,0
115698,0
115699,0
115700,0
115701,0
115702,0
115703,0
115704,0
115705,0
115706,0
115707,0
115708,0
115709,0
115710,0
115711,0
115712,0
115713,0
115714,0
115715,0
115716,0
115717,0
115718,47
115719,0
115720,0
115721,0
115722,0
115723,0
115724,0
115725,0
115726,0
115727,0
115728,0
115729,31
115730,0
115731,0
115732,0
115733,0
115734,0
115735,0
115736,0
115737,0
115738,0
115739,0
115740,0
115741,0
115742,0
115743,0
115744,0
115745,0
115746,0
115747,0
115748,0
115749,0
115750,0
115751,0
115752,44
115753,0
115754,0
115755,0
115756,0
115757,0
115758,0
115759,0
115760,0
115761,0
115762,44
115763,60
115764,0
115765,0
115766,0
115767,0
115768,0
115769,47
115770,31
115771,0
115772,0
115773,0
115774,0
115775,0
115776,0
115777,0
115778,0
115779,0
115780,0
115781,0
115782,0
115783,0
115784,50
115785,0
115786,0
115787,0
115788,0
115789,0
115790,55
115791,0
115792,0
115793,0
115794,0
115795,0
115796,0
115797,0
115798,0
115799,0
115800,0
115801,0
115802,37
115803,0
115804,0
115805,23
115806,0
115807,0
115808,0
115809,47
115810,0
115811,0
115812,0
115813,0
115814,0
115815,0
115816,0
115817,0
115818,0
115819,0
115820,0
115821,0
115822,0
115823,0
115824,0
115825,0
115826,0
115827,0
115828,0
115829,0
115830,0
115831,0
115832,0
115833,0
115834,0
115835,0
115836,0
115837,0
115838,0
115839,0
115840,0
115841,0
115842,22
115843,0
115844,0
115845,0
115846,0
115847,39
115848,0
115849,0
115850,0
115851,0
115852,0
115853,0
115854,0
115855,0
115856,0
115857,0
115858,0
115859,38
115860,0
115861,0
115862,0
115863,0
115864,0
115865,19
115866,0
115867,0
115868,0
115869,0
115870,0
115871,0
115872,0
115873,0
115874,0
115875,0
115876,0
115877,0
115878,0
115879,0
115880,12
115881,0
115882,0
115883,0
115884,0
115885,0
115886,0
115887,0
115888,0
115889,0
115890,0
115891,0
115892,0
115893,0
115894,0
115895,0
115896,0
115897,0
115898,0
115899,0
115900,0
115901,0
115902,0
115903,0
115904,0
115905,0
115906,0
115907,0
115908,0
115909,0
115910,0
115911,0
115912,0
115913,0
115914,0
115915,0
115916,0
115917,0
115918,0
115919,0
115920,0
115921,0
115922,0
115923,0
115924,0
115925,0
115926,0
115927,0
115928,0
115929,0
115930,0
115931,0
115932,0
115933,0
115934,0
115935,0
115936,0
115937,0
115938,6
115939,0
115940,0
115941,0
115942,0
115943,0
115944,0
115945,0
115946,0
115947,0
115948,0
115949,0
115950,0
115951,0
115952,0
115953,0
115954,0
115955,0
115956,0
115957,0
115958,0
115959,20
115960,0
115961,0
115962,13
115963,0
115964,0
115965,0
115966,7
115967,0
115968,0
115969,0
115970,0
115971,0
115972,0
115973,0
115974,0
115975,0
115976,7
115977,9
115978,6
115979,0
115980,0
115981,0
115982,0
115983,0
115984,0
115985,0
115986,0
115987,0
115988,0
115989,0
115990,0
115991,0
115992,0
115993,0
115994,0
115995,0
115996,8
115997,0
115998,0
115999,0
116000,0
116001,0
116002,0
116003,0
116004,0
116005,0
116006,0
116007,0
116008,0
116009,0
116010,0
116011,0
116012,0
116013,0
116014,0
116015,0
116016,0
116017,9
116018,0
116019,4
116020,0
116021,12
116022,0
116023,0
116024,0
116025,0
116026,0
116027,0
116028,0
116029,0
116030,0
116031,8
116032,0
116033,0
116034,0
116035,0
116036,0
116037,6
116038,9
116039,0
116040,0
116041,0
116042,0
116043,0
116044,0
116045,0
116046,0
116047,0
116048,0
116049,0
116050,0
116051,0
116052,0
116053,0
116054,0
116055,0
116056,0
116057,0
116058,0
116059,36
116060,0
116061,0
116062,0
116063,23
116064,0
116065,0
116066,0
116067,0
116068,39
116069,0
116070,0
116071,0
116072,0
116073,0
116074,0
116075,0
116076,43
116077,0
116078,0
116079,0
116080,0
116081,0
116082,0
116083,0
116084,0
116085,0
116086,0
116087,0
116088,0
116089,0
116090,0
116091,0
116092,0
116093,0
116094,0
116095,0
116096,0
116097,0
116098,0
116099,31
116100,0
116101,0
116102,0
116103,0
116104,0
116105,0
116106,0
116107,0
116108,0
116109,37
116110,0
116111,0
116112,0
116113,0
116114,0
116115,41
116116,0
116117,0
116118,0
116119,0
116120,0
116121,0
116122,0
116123,0
116124,0
116125,0
116126,34
116127,38
116128,0
116129,0
116130,0
116131,0
116132,0
116133,0
116134,0
116135,0
116136,0
116137,0
116138,40
116139,0
116140,0
116141,0
116142,0
116143,0
116144,0
116145,40
116146,0
116147,49
116148,0
116149,0
116150,0
116151,0
116152,0
116153,0
116154,0
116155,0
116156,0
116157,28
116158,0
116159,0
116160,0
116161,0
116162,42
116163,0
116164,0
116165,0
116166,0
116167,0
116168,0
116169,36
116170,0
116171,0
116172,0
116173,0
116174,0
116175,0
116176,0
116177,0
116178,0
116179,0
116180,0
116181,0
116182,0
116183,0
116184,0
116185,0
116186,0
116187,0
116188,0
116189,0
116190,0
116191,0
116192,0
116193,0
116194,0
116195,0
116196,0
116197,0
116198,0
116199,0
116200,0
116201,0
116202,0
116203,26
116204,38
116205,0
116206,0
116207,0
116208,0
116209,24
116210,49
116211,0
116212,0
116213,33
116214,53
116215,30
116216,0
116217,0
116218,0
116219,0
116220,0
116221,0
116222,0
116223,0
116224,0
116225,0
116226,0
116227,0
116228,0
116229,0
116230,0
116231,0
116232,0
116233,0
116234,0
116235,47
116236,0
116237,44
116238,0
116239,0
116240,0
116241,0
116242,36
116243,0
116244,0
116245,0
116246,56
116247,0
116248,0
116249,0
116250,30
116251,0
116252,0
116253,0
116254,0
116255,0
116256,0
116257,0
116258,0
116259,43
116260,0
116261,0
116262,36
116263,0
116264,0
116265,0
116266,0
116267,0
116268,0
116269,33
116270,0
116271,0
116272,51
116273,0
116274,0
116275,0
116276,42
116277,0
116278,0
116279,0
116280,34
116281,53
116282,0
116283,44
116284,0
116285,0
116286,0
116287,0
116288,0
116289,0
116290,0
116291,0
116292,32
116293,0
116294,0
116295,0
116296,0
116297,0
116298,0
116299,0
116300,0
116301,0
116302,0
116303,0
116304,0
116305,0
116306,0
116307,51
116308,0
116309,0
116310,25
116311,0
116312,0
116313,0
116314,0
116315,0
116316,0
116317,0
116318,0
116319,0
116320,0
116321,0
116322,0
116323,0
116324,0
116325,0
116326,0
116327,0
116328,0
116329,0
116330,0
116331,0
116332,0
116333,0
116334,0
116335,0
116336,0
116337,0
116338,0
116339,0
116340,0
116341,0
116342,0
116343,0
116344,0
116345,0
116346,0
116347,0
116348,0
116349,0
116350,0
116351,0
116352,54
116353,34
116354,0
116355,0
116356,0
116357,0
116358,0
116359,62
116360,54
116361,0
116362,0
116363,0
116364,0
116365,0
116366,38
116367,0
116368,0
116369,45
116370,0
116371,0
116372,0
116373,0
116374,0
116375,0
116376,0
116377,0
116378,35
116379,41
116380,36
116381,0
116382,0
116383,0
116384,0
116385,0
116386,0
116387,0
116388,59
116389,0
116390,0
116391,0
116392,0
116393,0
116394,0
116395,0
116396,0
116397,0
116398,0
116399,0
116400,0
116401,35
116402,0
116403,0
116404,0
116405,37
116406,0
116407,0
116408,0
116409,51
116410,0
116411,0
116412,48
116413,0
116414,26
116415,0
116416,0
116417,0
116418,0
116419,50
116420,0
116421,41
116422,0
116423,44
116424,0
116425,0
116426,0
116427,0
116428,0
116429,0
116430,0
116431,0
116432,0
116433,0
116434,0
116435,0
116436,38
116437,0
116438,0
116439,0
116440,23
116441,0
116442,0
116443,0
116444,0
116445,0
116446,0
116447,0
116448,0
116449,0
116450,0
116451,37
116452,0
116453,0
116454,0
116455,0
116456,0
116457,31
116458,45
116459,0
116460,0
116461,0
116462,0
116463,0
116464,0
116465,0
116466,0
116467,0
116468,0
116469,0
116470,0
116471,0
116472,0
116473,0
116474,0
116475,0
116476,0
116477,0
116478,0
116479,0
116480,0
116481,0
116482,0
116483,0
116484,0
116485,0
116486,43
116487,0
116488,0
116489,0
116490,0
116491,0
116492,0
116493,0
116494,0
116495,0
116496,0
116497,0
116498,0
116499,0
116500,0
116501,0
116502,0
116503,0
116504,0
116505,0
116506,0
116507,0
116508,28
116509,0
116510,0
116511,0
116512,0
116513,0
116514,0
116515,0
116516,0
116517,0
116518,0
116519,0
116520,35
116521,0
116522,0
116523,0
116524,0
116525,0
116526,0
116527,0
116528,0
116529,0
116530,0
116531,0
116532,0
116533,0
116534,0
116535,0
116536,0
116537,0
116538,0
116539,0
116540,0
116541,0
116542,0
116543,40
116544,0
116545,0
116546,0
116547,0
116548,46
116549,0
116550,0
116551,0
116552,0
116553,0
116554,0
116555,55
116556,0
116557,48
116558,0
116559,0
116560,0
116561,0
116562,43
116563,0
116564,0
116565,0
116566,0
116567,0
116568,0
116569,38
116570,31
116571,0
116572,0
116573,0
116574,0
116575,0
116576,0
116577,0
116578,0
116579,0
116580,56
116581,0
116582,42
116583,0
116584,42
116585,0
116586,0
116587,0
116588,0
116589,0
116590,42
116591,0
116592,0
116593,0
116594,0
116595,0
116596,0
116597,0
116598,0
116599,0
116600,0
116601,0
116602,0
116603,0
116604,0
116605,0
116606,34
116607,0
116608,0
116609,0
116610,41
116611,0
116612,0
116613,0
116614,0
116615,0
116616,0
116617,0
116618,46
116619,0
116620,0
116621,0
116622,0
116623,0
116624,0
116625,0
116626,0
116627,0
116628,0
116629,0
116630,0
116631,0
116632,0
116633,0
116634,0
116635,55
116636,0
116637,0
116638,50
116639,0
116640,37
116641,0
116642,0
116643,0
116644,39
116645,0
116646,31
116647,0
116648,40
116649,0
116650,0
116651,45
116652,0
116653,0
116654,0
116655,0
116656,0
116657,0
116658,46
116659,0
116660,0
116661,0
116662,0
116663,0
116664,21
116665,56
116666,36
116667,0
116668,0
116669,46
116670,0
116671,0
116672,0
116673,0
116674,35
116675,0
116676,0
116677,27
116678,0
116679,0
116680,0
116681,56
116682,0
116683,0
116684,0
116685,0
116686,0
116687,0
116688,0
116689,0
116690,0
116691,0
116692,0
116693,0
116694,0
116695,0
116696,0
116697,26
116698,0
116699,0
116700,0
116701,0
116702,0
116703,0
116704,0
116705,0
116706,0
116707,0
116708,0
116709,0
116710,0
116711,0
116712,0
116713,0
116714,37
116715,0
116716,54
116717,0
116718,0
116719,0
116720,0
116721,0
116722,0
116723,0
116724,0
116725,0
116726,0
116727,0
116728,0
116729,36
116730,0
116731,0
116732,0
116733,31
116734,0
116735,0
116736,0
116737,0
116738,0
116739,0
116740,0
116741,0
116742,0
116743,0
116744,53
116745,0
116746,0
116747,0
116748,0
116749,45
116750,0
116751,0
116752,0
116753,0
116754,0
116755,37
116756,0
116757,0
116758,0
116759,0
116760,0
116761,0
116762,44
116763,0
116764,0
116765,31
116766,0
116767,0
116768,0
116769,0
116770,0
116771,0
116772,0
116773,0
116774,43
116775,0
116776,0
116777,46
116778,0
116779,0
116780,0
116781,0
116782,0
116783,0
116784,0
116785,0
116786,0
116787,0
116788,49
116789,0
116790,0
116791,0
116792,0
116793,0
116794,0
116795,0
116796,0
116797,0
116798,0
116799,0
116800,0
116801,59
116802,0
116803,0
116804,37
116805,0
116806,0
116807,0
116808,0
116809,0
116810,0
116811,40
116812,0
116813,0
116814,0
116815,0
116816,0
116817,0
116818,0
116819,0
116820,0
116821,0
116822,0
116823,0
116824,0
116825,0
116826,0
116827,0
116828,0
116829,0
116830,0
116831,0
116832,0
116833,0
116834,0
116835,0
116836,0
116837,0
116838,0
116839,0
116840,0
116841,0
116842,0
116843,0
116844,33
116845,0
116846,50
116847,0
116848,0
116849,0
116850,43
116851,0
116852,0
116853,0
116854,0
116855,0
116856,29
116857,41
116858,0
116859,0
116860,0
116861,48
116862,39
116863,0
116864,0
116865,0
116866,0
116867,0
116868,0
116869,0
116870,43
116871,0
116872,0
116873,0
116874,0
116875,0
116876,0
116877,0
116878,0
116879,0
116880,0
116881,0
116882,0
116883,41
116884,0
116885,0
116886,38
116887,0
116888,38
116889,0
116890,0
116891,40
116892,0
116893,0
116894,0
116895,0
116896,49
116897,0
116898,0
116899,0
116900,0
116901,0
116902,0
116903,0
116904,0
116905,0
116906,0
116907,0
116908,0
116909,0
116910,0
116911,0
116912,0
116913,0
116914,0
116915,0
116916,0
116917,0
116918,0
116919,0
116920,0
116921,0
116922,0
116923,0
116924,0
116925,43
116926,0
116927,0
116928,0
116929,0
116930,0
116931,29
116932,0
116933,0
116934,0
116935,0
116936,0
116937,0
116938,40
116939,0
116940,0
116941,60
116942,0
116943,36
116944,39
116945,0
116946,0
116947,0
116948,0
116949,0
116950,0
116951,0
116952,0
116953,0
116954,0
116955,0
116956,0
116957,0
116958,0
116959,0
116960,0
116961,0
116962,0
116963,0
116964,0
116965,0
116966,0
116967,0
116968,0
116969,0
116970,17
116971,0
116972,0
116973,0
116974,0
116975,0
116976,0
116977,0
116978,0
116979,0
116980,0
116981,0
116982,0
116983,0
116984,0
116985,0
116986,0
116987,0
116988,0
116989,0
116990,0
116991,0
116992,0
116993,0
116994,0
116995,0
116996,0
116997,0
116998,0
116999,0
117000,0
117001,0
117002,0
117003,0
117004,0
117005,0
117006,0
117007,0
117008,0
117009,0
117010,0
117011,0
117012,0
117013,0
117014,0
117015,0
117016,7
117017,0
117018,0
117019,0
117020,0
117021,0
117022,0
117023,0
117024,0
117025,0
117026,9
117027,0
117028,0
117029,0
117030,16
117031,0
117032,0
117033,0
117034,0
117035,0
117036,0
117037,0
117038,0
117039,0
117040,0
117041,0
117042,0
117043,0
117044,0
117045,0
117046,0
117047,0
117048,0
117049,0
117050,0
117051,0
117052,0
117053,0
117054,0
117055,0
117056,0
117057,0
117058,0
117059,0
117060,0
117061,0
117062,0
117063,0
117064,0
117065,0
117066,0
117067,0
117068,0
117069,0
117070,7
117071,0
117072,0
117073,0
117074,0
117075,0
117076,8
117077,0
117078,0
117079,0
117080,0
117081,0
117082,0
117083,0
117084,0
117085,0
117086,0
117087,0
117088,0
117089,0
117090,0
117091,0
117092,0
117093,0
117094,0
117095,0
117096,0
117097,0
117098,14
117099,0
117100,0
117101,0
117102,0
117103,0
117104,0
117105,0
117106,14
117107,0
117108,0
117109,0
117110,0
117111,0
117112,0
117113,0
117114,0
117115,0
117116,0
117117,0
117118,7
117119,0
117120,0
117121,0
117122,0
117123,0
117124,0
117125,0
117126,0
117127,0
117128,13
117129,0
117130,0
117131,0
117132,0
117133,0
117134,0
117135,0
117136,0
117137,0
117138,0
117139,0
117140,0
117141,0
117142,0
117143,0
117144,0
117145,0
117146,0
117147,0
117148,0
117149,0
117150,0
117151,0
117152,0
117153,0
117154,0
117155,0
117156,0
117157,0
117158,0
117159,0
117160,0
117161,0
117162,0
117163,0
117164,0
117165,0
117166,0
117167,0
117168,0
117169,0
117170,0
117171,0
117172,0
117173,0
117174,15
117175,0
117176,0
117177,0
117178,0
117179,0
117180,0
117181,0
117182,0
117183,0
117184,0
117185,0
117186,0
117187,0
117188,0
117189,6
117190,0
117191,0
117192,0
117193,11
117194,0
117195,0
117196,0
117197,0
117198,0
117199,0
117200,0
117201,0
117202,8
117203,0
117204,0
117205,0
117206,0
117207,0
117208,0
117209,0
117210,0
117211,0
117212,0
117213,0
117214,0
117215,13
117216,0
117217,0
117218,0
117219,0
117220,0
117221,0
117222,13
117223,0
117224,0
117225,0
117226,0
117227,0
117228,0
117229,0
117230,0
117231,7
117232,0
117233,0
117234,0
117235,0
117236,0
117237,0
117238,0
117239,0
117240,0
117241,0
117242,0
117243,0
117244,0
117245,0
117246,0
117247,0
117248,0
117249,12
117250,0
117251,0
117252,0
117253,0
117254,0
117255,0
117256,0
117257,0
117258,0
117259,0
117260,0
117261,0
117262,0
117263,0
117264,0
117265,0
117266,0
117267,0
117268,0
117269,0
117270,0
117271,0
117272,0
117273,0
117274,0
117275,0
117276,0
117277,0
117278,0
117279,0
117280,0
117281,0
117282,0
117283,0
117284,0
117285,0
117286,0
117287,0
117288,0
117289,0
117290,0
117291,0
117292,0
117293,0
117294,0
117295,0
117296,0
117297,0
117298,0
117299,0
117300,0
117301,0
117302,0
117303,0
117304,0
117305,0
117306,0
117307,0
117308,0
117309,0
117310,0
117311,0
117312,0
117313,0
117314,0
117315,0
117316,0
117317,0
117318,0
117319,0
117320,0
117321,0
117322,0
117323,0
117324,0
117325,0
117326,0
117327,0
117328,0
117329,0
117330,0
117331,0
117332,0
117333,0
117334,0
117335,9
117336,0
117337,0
117338,14
117339,0
117340,0
117341,0
117342,0
117343,0
117344,0
117345,0
117346,0
117347,15
117348,0
117349,0
117350,0
117351,0
117352,0
117353,0
117354,0
117355,0
117356,0
117357,13
117358,0
117359,0
117360,0
117361,0
117362,0
117363,0
117364,0
117365,0
117366,0
117367,9
117368,0
117369,0
117370,0
117371,0
117372,0
117373,0
117374,0
117375,0
117376,0
117377,0
117378,0
117379,0
117380,0
117381,0
117382,0
117383,0
117384,8
117385,0
117386,0
117387,0
117388,0
117389,0
117390,12
117391,4
117392,0
117393,7
117394,0
117395,0
117396,0
117397,0
117398,0
117399,0
117400,0
117401,0
117402,0
117403,11
117404,0
117405,0
117406,0
117407,0
117408,0
117409,0
117410,0
117411,0
117412,11
117413,0
117414,0
117415,0
117416,0
117417,0
117418,10
117419,0
117420,0
117421,0
117422,0
117423,0
117424,0
117425,0
117426,0
117427,0
117428,0
117429,0
117430,0
117431,0
117432,0
117433,0
117434,0
117435,0
117436,7
117437,0
117438,0
117439,10
117440,0
117441,0
117442,0
117443,0
117444,10
117445,15
117446,0
117447,0
117448,0
117449,0
117450,0
117451,0
117452,0
117453,0
117454,0
117455,0
117456,0
117457,0
117458,0
117459,1
117460,0
117461,0
117462,0
117463,0
117464,0
117465,0
117466,0
117467,0
117468,0
117469,0
117470,0
117471,0
117472,0
117473,0
117474,0
117475,0
117476,0
117477,0
117478,0
117479,0
117480,0
117481,0
117482,7
117483,0
117484,5
117485,12
117486,0
117487,0
117488,0
117489,0
117490,0
117491,0
117492,0
117493,0
117494,18
117495,5
117496,0
117497,0
117498,0
117499,0
117500,0
117501,0
117502,0
117503,0
117504,0
117505,0
117506,0
117507,0
117508,0
117509,10
117510,0
117511,0
117512,0
117513,0
117514,0
117515,0
117516,0
117517,0
117518,0
117519,0
117520,0
117521,0
117522,0
117523,0
117524,0
117525,8
117526,0
117527,0
117528,0
117529,0
117530,0
117531,0
117532,0
117533,0
117534,0
117535,0
117536,0
117537,0
117538,0
117539,0
117540,0
117541,0
117542,0
117543,0
117544,0
117545,0
117546,0
117547,0
117548,0
117549,33
117550,0
117551,24
117552,0
117553,0
117554,0
117555,0
117556,32
117557,0
117558,0
117559,0
117560,39
117561,0
117562,0
117563,0
117564,0
117565,0
117566,0
117567,29
117568,0
117569,0
117570,41
117571,35
117572,32
117573,47
117574,0
117575,0
117576,33
117577,0
117578,0
117579,0
117580,26
117581,29
117582,0
117583,0
117584,32
117585,0
117586,31
117587,27
117588,0
117589,0
117590,26
117591,0
117592,61
117593,0
117594,21
117595,0
117596,0
117597,14
117598,45
117599,0
117600,0
117601,22
117602,0
117603,0
117604,0
117605,0
117606,0
117607,0
117608,0
117609,0
117610,0
117611,32
117612,0
117613,0
117614,0
117615,42
117616,0
117617,0
117618,0
117619,0
117620,0
117621,0
117622,48
117623,0
117624,0
117625,0
117626,0
117627,33
117628,0
117629,60
117630,0
117631,0
117632,0
117633,34
117634,33
117635,0
117636,0
117637,0
117638,31
117639,0
117640,0
117641,0
117642,53
117643,16
117644,0
117645,0
117646,0
117647,0
117648,0
117649,0
117650,47
117651,0
117652,39
117653,0
117654,0
117655,0
117656,0
117657,0
117658,0
117659,37
117660,0
117661,0
117662,0
117663,0
117664,0
117665,0
117666,0
117667,0
117668,26
117669,0
117670,0
117671,37
117672,0
117673,0
117674,0
117675,0
117676,0
117677,25
117678,0
117679,0
117680,0
117681,0
117682,0
117683,17
117684,0
117685,37
117686,0
117687,0
117688,0
117689,0
117690,0
117691,0
117692,0
117693,32
117694,0
117695,22
117696,0
117697,0
117698,0
117699,0
117700,0
117701,0
117702,0
117703,0
117704,0
117705,0
117706,19
117707,17
117708,39
117709,0
117710,0
117711,0
117712,0
117713,0
117714,0
117715,0
117716,27
117717,0
117718,0
117719,0
117720,0
117721,32
117722,0
117723,25
117724,0
117725,0
117726,0
117727,0
117728,0
117729,0
117730,0
117731,0
117732,33
117733,24
117734,0
117735,0
117736,0
117737,0
117738,0
117739,0
117740,0
117741,0
117742,0
117743,0
117744,36
117745,0
117746,13
117747,0
117748,0
117749,0
117750,0
117751,0
117752,0
117753,0
117754,0
117755,0
117756,0
117757,22
117758,0
117759,0
117760,0
117761,0
117762,0
117763,0
117764,0
117765,25
117766,0
117767,0
117768,36
117769,0
117770,0
117771,30
117772,22
117773,0
117774,0
117775,24
117776,0
117777,0
117778,0
117779,0
117780,0
117781,0
117782,0
117783,0
117784,0
117785,0
117786,21
117787,22
117788,0
117789,0
117790,0
117791,0
117792,0
117793,0
117794,0
117795,0
117796,0
117797,0
117798,0
117799,0
117800,0
117801,0
117802,0
117803,0
117804,0
117805,43
117806,0
117807,0
117808,0
117809,0
117810,0
117811,0
117812,27
117813,0
117814,0
117815,0
117816,0
117817,0
117818,0
117819,0
117820,0
117821,0
117822,16
117823,0
117824,0
117825,0
117826,0
117827,0
117828,41
117829,0
117830,0
117831,0
117832,0
117833,0
117834,0
117835,19
117836,0
117837,0
117838,0
117839,16
117840,0
117841,0
117842,25
117843,0
117844,0
117845,0
117846,0
117847,0
117848,35
117849,0
117850,0
117851,26
117852,0
117853,36
117854,0
117855,0
117856,0
117857,0
117858,24
117859,0
117860,0
117861,45
117862,0
117863,0
117864,0
117865,0
117866,0
117867,0
117868,15
117869,0
117870,0
117871,0
117872,0
117873,0
117874,0
117875,27
117876,0
117877,0
117878,0
117879,0
117880,26
117881,26
117882,0
117883,0
117884,0
117885,0
117886,0
117887,0
117888,0
117889,0
117890,23
117891,23
117892,0
117893,0
117894,0
117895,0
117896,23
117897,0
117898,0
117899,0
117900,30
117901,0
117902,0
117903,0
117904,19
117905,0
117906,0
117907,0
117908,0
117909,32
117910,0
117911,0
117912,0
117913,0
117914,0
117915,0
117916,0
117917,0
117918,44
117919,0
117920,22
117921,0
117922,0
117923,24
117924,28
117925,0
117926,0
117927,0
117928,19
117929,0
117930,0
117931,27
117932,29
117933,0
117934,34
117935,0
117936,0
117937,0
117938,0
117939,0
117940,0
117941,36
117942,0
117943,24
117944,0
117945,0
117946,0
117947,0
117948,24
117949,0
117950,0
117951,0
117952,35
117953,0
117954,0
117955,43
117956,0
117957,0
117958,23
117959,0
117960,0
117961,49
117962,18
117963,0
117964,0
117965,0
117966,38
117967,49
117968,0
117969,0
117970,27
117971,0
117972,43
117973,0
117974,24
117975,0
117976,0
117977,33
117978,0
117979,0
117980,38
117981,0
117982,31
117983,0
117984,0
117985,0
117986,0
117987,6
117988,0
117989,0
117990,0
117991,0
117992,0
117993,0
117994,0
117995,55
117996,0
117997,39
117998,31
117999,0
118000,0
118001,0
118002,0
118003,28
118004,0
118005,0
118006,0
118007,0
118008,25
118009,0
118010,0
118011,0
118012,0
118013,0
118014,0
118015,31
118016,45
118017,0
118018,0
118019,0
118020,26
118021,0
118022,0
118023,0
118024,0
118025,33
118026,0
118027,0
118028,55
118029,0
118030,0
118031,0
118032,29
118033,0
118034,19
118035,20
118036,0
118037,0
118038,0
118039,0
118040,0
118041,0
118042,37
118043,0
118044,0
118045,0
118046,0
118047,0
118048,0
118049,0
118050,0
118051,0
118052,0
118053,0
118054,42
118055,0
118056,0
118057,0
118058,0
118059,0
118060,0
118061,0
118062,0
118063,0
118064,0
118065,0
118066,0
118067,30
118068,0
118069,0
118070,0
118071,0
118072,0
118073,0
118074,0
118075,0
118076,0
118077,0
118078,0
118079,0
118080,41
118081,0
118082,20
118083,0
118084,0
118085,0
118086,0
118087,0
118088,18
118089,0
118090,0
118091,0
118092,0
118093,61
118094,0
118095,40
118096,0
118097,0
118098,0
118099,40
118100,0
118101,0
118102,45
118103,0
118104,0
118105,0
118106,0
118107,0
118108,37
118109,38
118110,0
118111,0
118112,0
118113,0
118114,0
118115,0
118116,0
118117,0
118118,0
118119,0
118120,0
118121,0
118122,17
118123,0
118124,0
118125,34
118126,39
118127,0
118128,0
118129,0
118130,35
118131,0
118132,23
118133,0
118134,0
118135,0
118136,0
118137,0
118138,0
118139,41
118140,0
118141,0
118142,0
118143,0
118144,0
118145,14
118146,23
118147,0
118148,0
118149,0
118150,26
118151,0
118152,0
118153,0
118154,0
118155,0
118156,0
118157,0
118158,0
118159,0
118160,0
118161,0
118162,0
118163,0
118164,0
118165,0
118166,0
118167,0
118168,30
118169,0
118170,0
118171,0
118172,0
118173,0
118174,21
118175,0
118176,0
118177,0
118178,52
118179,29
118180,29
118181,0
118182,0
118183,41
118184,0
118185,0
118186,16
118187,0
118188,0
118189,37
118190,0
118191,26
118192,0
118193,0
118194,35
118195,0
118196,0
118197,0
118198,31
118199,0
118200,33
118201,24
118202,0
118203,0
118204,0
118205,37
118206,0
118207,0
118208,36
118209,0
118210,0
118211,0
118212,0
118213,0
118214,0
118215,0
118216,0
118217,0
118218,0
118219,0
118220,0
118221,0
118222,0
118223,0
118224,0
118225,32
118226,0
118227,40
118228,0
118229,0
118230,0
118231,0
118232,0
118233,0
118234,28
118235,0
118236,0
118237,0
118238,31
118239,27
118240,0
118241,0
118242,0
118243,0
118244,0
118245,0
118246,0
118247,0
118248,0
118249,45
118250,35
118251,0
118252,0
118253,31
118254,0
118255,0
118256,0
118257,0
118258,0
118259,0
118260,33
118261,42
118262,0
118263,0
118264,0
118265,0
118266,22
118267,26
118268,37
118269,0
118270,0
118271,0
118272,0
118273,0
118274,0
118275,21
118276,29
118277,0
118278,0
118279,0
118280,31
118281,0
118282,23
118283,0
118284,0
118285,39
118286,41
118287,0
118288,0
118289,21
118290,0
118291,0
118292,0
118293,0
118294,33
118295,0
118296,0
118297,0
118298,0
118299,0
118300,0
118301,39
118302,0
118303,28
118304,0
118305,0
118306,16
118307,39
118308,0
118309,0
118310,0
118311,0
118312,0
118313,0
118314,0
118315,0
118316,0
118317,24
118318,29
118319,0
118320,0
118321,25
118322,0
118323,0
118324,31
118325,0
118326,0
118327,0
118328,0
118329,0
118330,34
118331,0
118332,0
118333,0
118334,0
118335,0
118336,0
118337,0
118338,0
118339,0
118340,0
118341,30
118342,0
118343,37
118344,0
118345,28
118346,0
118347,0
118348,0
118349,0
118350,0
118351,32
118352,0
118353,34
118354,0
118355,0
118356,0
118357,0
118358,0
118359,31
118360,0
118361,0
118362,0
118363,0
118364,0
118365,46
118366,0
118367,0
118368,0
118369,0
118370,0
118371,0
118372,0
118373,0
118374,44
118375,0
118376,27
118377,0
118378,35
118379,0
118380,0
118381,0
118382,0
118383,0
118384,0
118385,38
118386,0
118387,27
118388,0
118389,0
118390,0
118391,0
118392,0
118393,0
118394,0
118395,36
118396,0
118397,25
118398,0
118399,0
118400,0
118401,0
118402,0
118403,36
118404,0
118405,0
118406,0
118407,0
118408,0
118409,33
118410,0
118411,0
118412,0
118413,0
118414,0
118415,0
118416,0
118417,18
118418,0
118419,42
118420,0
118421,0
118422,33
118423,22
118424,0
118425,0
118426,30
118427,0
118428,0
118429,25
118430,0
118431,23
118432,31
118433,0
118434,0
118435,30
118436,0
118437,0
118438,41
118439,0
118440,0
118441,0
118442,0
118443,0
118444,45
118445,32
118446,0
118447,0
118448,0
118449,0
118450,0
118451,0
118452,0
118453,0
118454,0
118455,0
118456,0
118457,0
118458,0
118459,0
118460,0
118461,0
118462,22
118463,0
118464,0
118465,0
118466,0
118467,16
118468,0
118469,19
118470,0
118471,0
118472,0
118473,0
118474,0
118475,0
118476,0
118477,0
118478,0
118479,0
118480,0
118481,0
118482,0
118483,0
118484,0
118485,0
118486,0
118487,0
118488,0
118489,0
118490,18
118491,0
118492,0
118493,0
118494,19
118495,0
118496,0
118497,0
118498,0
118499,0
118500,0
118501,0
118502,0
118503,0
118504,0
118505,10
118506,0
118507,0
118508,0
118509,0
118510,0
118511,0
118512,0
118513,0
118514,23
118515,0
118516,0
118517,0
118518,17
118519,0
118520,0
118521,0
118522,0
118523,0
118524,0
118525,0
118526,0
118527,0
118528,29
118529,20
118530,22
118531,0
118532,0
118533,0
118534,0
118535,0
118536,14
118537,0
118538,20
118539,0
118540,21
118541,0
118542,0
118543,0
118544,0
118545,0
118546,0
118547,0
118548,0
118549,0
118550,0
118551,0
118552,0
118553,0
118554,0
118555,0
118556,0
118557,0
118558,0
118559,0
118560,0
118561,0
118562,0
118563,0
118564,0
118565,0
118566,14
118567,0
118568,0
118569,0
118570,0
118571,0
118572,0
118573,0
118574,0
118575,0
118576,0
118577,16
118578,0
118579,0
118580,0
118581,0
118582,0
118583,0
118584,0
118585,0
118586,0
118587,0
118588,0
118589,0
118590,0
118591,19
118592,0
118593,0
118594,0
118595,0
118596,0
118597,0
118598,0
118599,0
118600,0
118601,0
118602,0
118603,0
118604,17
118605,0
118606,0
118607,0
118608,0
118609,0
118610,0
118611,0
118612,0
118613,0
118614,0
118615,0
118616,0
118617,0
118618,0
118619,0
118620,0
118621,18
118622,0
118623,0
118624,0
118625,0
118626,0
118627,0
118628,0
118629,12
118630,0
118631,14
118632,0
118633,0
118634,0
118635,0
118636,0
118637,0
118638,0
118639,23
118640,0
118641,0
118642,0
118643,0
118644,0
118645,0
118646,0
118647,0
118648,0
118649,0
118650,0
118651,0
118652,0
118653,0
118654,0
118655,21
118656,0
118657,0
118658,0
118659,0
118660,0
118661,0
118662,11
118663,0
118664,0
118665,15
118666,0
118667,0
118668,0
118669,0
118670,0
118671,0
118672,0
118673,0
118674,0
118675,0
118676,0
118677,0
118678,0
118679,0
118680,18
118681,19
118682,0
118683,0
118684,0
118685,0
118686,19
118687,0
118688,0
118689,0
118690,0
118691,0
118692,0
118693,0
118694,16
118695,0
118696,0
118697,0
118698,0
118699,0
118700,0
118701,0
118702,0
118703,0
118704,0
118705,0
118706,0
118707,0
118708,0
118709,0
118710,26
118711,0
118712,0
118713,0
118714,0
118715,0
118716,0
118717,0
118718,0
118719,0
118720,11
118721,0
118722,0
118723,17
118724,0
118725,0
118726,0
118727,24
118728,0
118729,0
118730,0
118731,0
118732,0
118733,0
118734,0
118735,0
118736,0
118737,0
118738,0
118739,6
118740,0
118741,0
118742,0
118743,18
118744,23
118745,0
118746,0
118747,0
118748,0
118749,0
118750,0
118751,0
118752,0
118753,0
118754,0
118755,0
118756,0
118757,0
118758,0
118759,0
118760,0
118761,0
118762,0
118763,21
118764,0
118765,0
118766,0
118767,0
118768,0
118769,15
118770,0
118771,0
118772,0
118773,0
118774,0
118775,0
118776,0
118777,0
118778,0
118779,0
118780,0
118781,0
118782,0
118783,9
118784,0
118785,0
118786,0
118787,0
118788,0
118789,0
118790,0
118791,0
118792,0
118793,0
118794,0
118795,0
118796,0
118797,0
118798,0
118799,25
118800,0
118801,0
118802,0
118803,0
118804,0
118805,0
118806,0
118807,0
118808,0
118809,0
118810,0
118811,0
118812,0
118813,18
118814,0
118815,0
118816,0
118817,0
118818,0
118819,0
118820,8
118821,0
118822,0
118823,0
118824,0
118825,0
118826,0
118827,0
118828,23
118829,0
118830,6
118831,0
118832,0
118833,0
118834,0
118835,0
118836,0
118837,0
118838,0
118839,0
118840,0
118841,0
118842,0
118843,0
118844,0
118845,0
118846,0
118847,0
118848,0
118849,0
118850,0
118851,0
118852,0
118853,0
118854,0
118855,0
118856,0
118857,0
118858,0
118859,15
118860,0
118861,0
118862,0
118863,0
118864,20
118865,0
118866,25
118867,0
118868,0
118869,0
118870,0
118871,0
118872,0
118873,0
118874,0
118875,0
118876,0
118877,0
118878,0
118879,0
118880,0
118881,0
118882,0
118883,0
118884,0
118885,0
118886,0
118887,0
118888,34
118889,0
118890,0
118891,0
118892,0
118893,0
118894,0
118895,0
118896,0
118897,13
118898,0
118899,0
118900,0
118901,0
118902,0
118903,0
118904,0
118905,0
118906,0
118907,0
118908,0
118909,0
118910,0
118911,0
118912,0
118913,11
118914,0
118915,10
118916,0
118917,0
118918,0
118919,0
118920,0
118921,0
118922,0
118923,0
118924,0
118925,0
118926,0
118927,0
118928,0
118929,0
118930,0
118931,0
118932,0
118933,0
118934,0
118935,0
118936,14
118937,0
118938,0
118939,25
118940,12
118941,0
118942,0
118943,0
118944,15
118945,0
118946,0
118947,0
118948,0
118949,0
118950,0
118951,0
118952,0
118953,0
118954,0
118955,0
118956,0
118957,0
118958,0
118959,0
118960,0
118961,0
118962,0
118963,0
118964,0
118965,0
118966,0
118967,0
118968,0
118969,0
118970,0
118971,0
118972,0
118973,0
118974,0
118975,0
118976,0
118977,0
118978,5
118979,0
118980,0
118981,0
118982,0
118983,0
118984,6
118985,0
118986,0
118987,0
118988,0
118989,0
118990,0
118991,0
118992,0
118993,2
118994,0
118995,0
118996,0
118997,0
118998,0
118999,0
119000,0
119001,0
119002,0
119003,0
119004,0
119005,0
119006,0
119007,0
119008,0
119009,0
119010,0
119011,0
119012,0
119013,0
119014,0
119015,0
119016,0
119017,0
119018,0
119019,0
119020,1
119021,0
119022,0
119023,0
119024,0
119025,0
119026,0
119027,0
119028,0
119029,0
119030,0
119031,0
119032,0
119033,0
119034,0
119035,0
119036,0
119037,0
119038,0
119039,0
119040,0
119041,0
119042,0
119043,0
119044,0
119045,0
119046,0
119047,0
119048,0
119049,0
119050,0
119051,0
119052,0
119053,0
119054,0
119055,0
119056,0
119057,0
119058,0
119059,0
119060,0
119061,0
119062,0
119063,0
119064,0
119065,0
119066,2
119067,0
119068,0
119069,0
119070,0
119071,0
119072,8
119073,0
119074,0
119075,0
119076,0
119077,3
119078,0
119079,0
119080,0
119081,0
119082,0
119083,0
119084,0
119085,0
119086,0
119087,0
119088,0
119089,0
119090,0
119091,0
119092,0
119093,0
119094,0
119095,0
119096,0
119097,0
119098,0
119099,0
119100,0
119101,0
119102,0
119103,0
119104,0
119105,0
119106,0
119107,0
119108,0
119109,0
119110,0
119111,0
119112,0
119113,0
119114,0
119115,0
119116,0
119117,0
119118,0
119119,0
119120,0
119121,0
119122,0
119123,0
119124,0
119125,0
119126,6
119127,0
119128,0
119129,0
119130,0
119131,0
119132,0
119133,0
119134,0
119135,0
119136,0
119137,0
119138,0
119139,0
119140,0
119141,0
119142,0
119143,4
119144,0
119145,5
119146,0
119147,0
119148,0
119149,0
119150,0
119151,0
119152,0
119153,0
119154,0
119155,0
119156,0
119157,0
119158,0
119159,0
119160,0
119161,0
119162,2
119163,0
119164,0
119165,0
119166,0
119167,0
119168,0
119169,0
119170,0
119171,0
119172,0
119173,0
119174,0
119175,0
119176,0
119177,0
119178,3
119179,0
119180,0
119181,0
119182,0
119183,0
119184,0
119185,0
119186,0
119187,0
119188,0
119189,0
119190,0
119191,0
119192,0
119193,0
119194,0
119195,0
119196,0
119197,0
119198,0
119199,0
119200,0
119201,0
119202,0
119203,0
119204,0
119205,0
119206,0
119207,0
119208,0
119209,8
119210,1
119211,0
119212,0
119213,0
119214,0
119215,0
119216,0
119217,0
119218,0
119219,0
119220,0
119221,0
119222,0
119223,0
119224,0
119225,0
119226,0
119227,0
119228,0
119229,0
119230,0
119231,0
119232,0
119233,0
119234,0
119235,0
119236,0
119237,0
119238,7
119239,0
119240,0
119241,0
119242,0
119243,0
119244,0
119245,0
119246,0
119247,0
119248,0
119249,0
119250,0
119251,3
119252,0
119253,0
119254,2
119255,0
119256,0
119257,0
119258,0
119259,0
119260,0
119261,0
119262,0
119263,0
119264,0
119265,0
119266,0
119267,0
119268,0
119269,0
119270,0
119271,0
119272,3
119273,0
119274,0
119275,0
119276,0
119277,0
119278,0
119279,0
119280,0
119281,0
119282,0
119283,0
119284,0
119285,0
119286,0
119287,0
119288,0
119289,0
119290,0
119291,0
119292,0
119293,0
119294,0
119295,0
119296,0
119297,0
119298,0
119299,0
119300,0
119301,0
119302,0
119303,0
119304,0
119305,0
119306,0
119307,0
119308,4
119309,0
119310,0
119311,0
119312,0
119313,0
119314,0
119315,0
119316,0
119317,0
119318,0
119319,0
119320,0
119321,5
119322,0
119323,0
119324,0
119325,0
119326,0
119327,0
119328,0
119329,0
119330,0
119331,0
119332,0
119333,0
119334,0
119335,0
119336,0
119337,0
119338,0
119339,0
119340,0
119341,0
119342,0
119343,0
119344,0
119345,0
119346,0
119347,0
119348,0
119349,0
119350,0
119351,0
119352,0
119353,0
119354,0
119355,0
119356,0
119357,0
119358,0
119359,0
119360,0
119361,0
119362,0
119363,0
119364,5
119365,0
119366,0
119367,0
119368,0
119369,0
119370,0
119371,0
119372,0
119373,0
119374,0
119375,0
119376,0
119377,0
119378,0
119379,0
119380,0
119381,0
119382,0
119383,0
119384,0
119385,0
119386,0
119387,0
119388,0
119389,0
119390,0
119391,0
119392,2
119393,0
119394,0
119395,0
119396,5
119397,0
119398,0
119399,0
119400,0
119401,0
119402,0
119403,0
119404,0
119405,0
119406,0
119407,0
119408,0
119409,0
119410,0
119411,0
119412,0
119413,0
119414,0
119415,0
119416,0
119417,0
119418,0
119419,0
119420,0
119421,0
119422,0
119423,0
119424,0
119425,0
119426,0
119427,0
119428,0
119429,0
119430,0
119431,0
119432,0
119433,0
119434,6
119435,0
119436,0
119437,0
119438,0
119439,0
119440,0
119441,0
119442,0
119443,0
119444,0
119445,0
119446,0
119447,0
119448,0
119449,1
119450,0
119451,0
119452,0
119453,0
119454,0
119455,0
119456,0
119457,0
119458,0
119459,0
119460,0
119461,2
119462,0
119463,0
119464,0
119465,0
119466,0
119467,0
119468,0
119469,3
119470,0
119471,0
119472,0
119473,0
119474,0
119475,0
119476,0
119477,0
119478,0
119479,0
119480,0
119481,0
119482,0
119483,0
119484,0
119485,0
119486,0
119487,6
119488,0
119489,0
119490,0
119491,0
119492,0
119493,0
119494,1
119495,0
119496,4
119497,0
119498,0
119499,0
119500,0
119501,0
119502,0
119503,0
119504,0
119505,0
119506,0
119507,0
119508,0
119509,0
119510,0
119511,2
119512,0
119513,0
119514,0
119515,0
119516,0
119517,0
119518,0
119519,0
119520,0
119521,4
119522,0
119523,0
119524,0
119525,0
119526,0
119527,0
119528,0
119529,0
119530,0
119531,0
119532,0
119533,0
119534,0
119535,2
119536,0
119537,2
119538,0
119539,0
119540,4
119541,0
119542,0
119543,0
119544,0
119545,0
119546,0
119547,0
119548,0
119549,0
119550,0
119551,0
119552,0
119553,0
119554,0
119555,0
119556,0
119557,0
119558,0
119559,0
119560,0
119561,0
119562,0
119563,0
119564,0
119565,0
119566,0
119567,0
119568,0
119569,0
119570,0
119571,0
119572,0
119573,0
119574,0
119575,0
119576,0
119577,4
119578,0
119579,0
119580,0
119581,0
119582,0
119583,0
119584,0
119585,0
119586,2
119587,0
119588,0
119589,0
119590,0
119591,0
119592,0
119593,0
119594,7
119595,0
119596,0
119597,0
119598,0
119599,0
119600,0
119601,0
119602,0
119603,0
119604,0
119605,0
119606,0
119607,0
119608,0
119609,0
119610,0
119611,0
119612,0
119613,0
119614,0
119615,0
119616,0
119617,0
119618,0
119619,0
119620,0
119621,0
119622,2
119623,0
119624,0
119625,0
119626,0
119627,0
119628,4
119629,0
119630,0
119631,0
119632,0
119633,0
119634,0
119635,0
119636,2
119637,0
119638,0
119639,0
119640,0
119641,0
119642,0
119643,0
119644,1
119645,0
119646,0
119647,0
119648,0
119649,0
119650,0
119651,0
119652,0
119653,0
119654,0
119655,0
119656,0
119657,0
119658,0
119659,0
119660,0
119661,0
119662,0
119663,0
119664,0
119665,0
119666,0
119667,0
119668,0
119669,1
119670,0
119671,0
119672,0
119673,0
119674,0
119675,0
119676,0
119677,0
119678,0
119679,6
119680,0
119681,0
119682,0
119683,2
119684,0
119685,0
119686,0
119687,0
119688,0
119689,0
119690,0
119691,0
119692,0
119693,0
119694,0
119695,0
119696,0
119697,0
119698,0
119699,0
119700,0
119701,0
119702,0
119703,0
119704,0
119705,0
119706,0
119707,0
119708,0
119709,0
119710,0
119711,0
119712,4
119713,0
119714,0
119715,0
119716,6
119717,0
119718,0
119719,0
119720,0
119721,0
119722,0
119723,0
119724,0
119725,0
119726,0
119727,0
119728,0
119729,0
119730,0
119731,0
119732,0
119733,0
119734,0
119735,0
119736,0
119737,0
119738,0
119739,0
119740,0
119741,0
119742,0
119743,0
119744,0
119745,0
119746,0
119747,0
119748,0
119749,0
119750,2
119751,0
119752,0
119753,0
119754,0
119755,0
119756,0
119757,0
119758,0
119759,3
119760,0
119761,0
119762,0
119763,0
119764,0
119765,4
119766,0
119767,0
119768,4
119769,0
119770,0
119771,0
119772,0
119773,0
119774,0
119775,0
119776,0
119777,0
119778,0
119779,0
119780,0
119781,0
119782,0
119783,0
119784,0
119785,0
119786,0
119787,0
119788,0
119789,0
119790,0
119791,3
119792,0
119793,0
119794,0
119795,0
119796,0
119797,0
119798,0
119799,0
119800,0
119801,0
119802,0
119803,0
119804,0
119805,0
119806,0
119807,0
119808,0
119809,0
119810,0
119811,0
119812,0
119813,0
119814,0
119815,0
119816,0
119817,0
119818,0
119819,0
119820,2
119821,0
119822,0
119823,0
119824,0
119825,0
119826,0
119827,0
119828,4
119829,0
119830,0
119831,0
119832,0
119833,0
119834,0
119835,0
119836,0
119837,2
119838,0
119839,7
119840,0
119841,0
119842,0
119843,0
119844,0
119845,0
119846,5
119847,0
119848,0
119849,0
119850,0
119851,0
119852,0
119853,0
119854,0
119855,0
119856,0
119857,0
119858,0
119859,0
119860,0
119861,0
119862,0
119863,0
119864,0
119865,0
119866,0
119867,0
119868,0
119869,0
119870,0
119871,0
119872,0
119873,0
119874,0
119875,0
119876,0
119877,0
119878,0
119879,0
119880,0
119881,0
119882,0
119883,0
119884,0
119885,0
119886,0
119887,0
119888,0
119889,0
119890,0
119891,0
119892,0
119893,0
119894,0
119895,0
119896,0
119897,5
119898,0
119899,0
119900,0
119901,0
119902,0
119903,0
119904,0
119905,0
119906,0
119907,0
119908,0
119909,0
119910,0
119911,0
119912,0
119913,0
119914,0
119915,0
119916,2
119917,0
119918,4
119919,0
119920,0
119921,0
119922,0
119923,0
119924,0
119925,0
119926,0
119927,0
119928,0
119929,0
119930,0
119931,0
119932,0
119933,0
119934,0
119935,0
119936,0
119937,0
119938,0
119939,0
119940,0
119941,0
119942,0
119943,0
119944,0
119945,13
119946,13
119947,13
119948,0
119949,0
119950,0
119951,22
119952,0
119953,0
119954,0
119955,0
119956,0
119957,0
119958,14
119959,13
119960,0
119961,0
119962,0
119963,20
119964,0
119965,0
119966,0
119967,0
119968,0
119969,0
119970,0
119971,0
119972,0
119973,0
119974,0
119975,0
119976,0
119977,0
119978,0
119979,0
119980,22
119981,19
119982,0
119983,0
119984,0
119985,0
119986,0
119987,17
119988,0
119989,0
119990,12
119991,0
119992,0
119993,0
119994,0
119995,18
119996,0
119997,0
119998,24
119999,0
120000,0
120001,0
120002,0
120003,0
120004,0
120005,14
120006,11
120007,14
120008,0
120009,0
120010,0
120011,0
120012,0
120013,0
120014,0
120015,0
120016,0
120017,0
120018,0
120019,0
120020,0
120021,10
120022,0
120023,0
120024,0
120025,0
120026,0
120027,0
120028,0
120029,16
120030,0
120031,0
120032,13
120033,0
120034,0
120035,0
120036,0
120037,0
120038,15
120039,0
120040,0
120041,0
120042,0
120043,0
120044,0
120045,0
120046,0
120047,0
120048,0
120049,0
120050,18
120051,19
120052,0
120053,0
120054,0
120055,14
120056,0
120057,0
120058,0
120059,0
120060,0
120061,11
120062,0
120063,0
120064,0
120065,16
120066,0
120067,0
120068,0
120069,15
120070,0
120071,0
120072,0
120073,0
120074,0
120075,0
120076,0
120077,0
120078,19
120079,0
120080,0
120081,0
120082,0
120083,0
120084,0
120085,0
120086,0
120087,0
120088,22
120089,0
120090,0
120091,0
120092,18
120093,0
120094,16
120095,0
120096,0
120097,0
120098,19
120099,0
120100,13
120101,0
120102,0
120103,0
120104,17
120105,9
120106,14
120107,0
120108,0
120109,0
120110,13
120111,0
120112,0
120113,0
120114,0
120115,0
120116,0
120117,0
120118,0
120119,0
120120,0
120121,13
120122,0
120123,18
120124,0
120125,0
120126,0
120127,0
120128,0
120129,0
120130,0
120131,0
120132,0
120133,0
120134,0
120135,0
120136,0
120137,0
120138,0
120139,0
120140,0
120141,7
120142,16
120143,0
120144,18
120145,0
120146,12
120147,0
120148,16
120149,0
120150,0
120151,0
120152,0
120153,0
120154,0
120155,0
120156,0
120157,0
120158,0
120159,5
120160,0
120161,3
120162,0
120163,0
120164,0
120165,0
120166,0
120167,9
120168,0
120169,0
120170,10
120171,0
120172,0
120173,0
120174,0
120175,0
120176,7
120177,0
120178,22
120179,0
120180,8
120181,0
120182,0
120183,14
120184,12
120185,0
120186,0
120187,11
120188,0
120189,0
120190,0
120191,0
120192,0
120193,14
120194,13
120195,0
120196,0
120197,0
120198,0
120199,13
120200,12
120201,0
120202,0
120203,0
120204,0
120205,0
120206,16
120207,23
120208,0
120209,0
120210,0
120211,0
120212,0
120213,22
120214,0
120215,0
120216,20
120217,0
120218,0
120219,0
120220,0
120221,0
120222,0
120223,0
120224,0
120225,0
120226,0
120227,0
120228,0
120229,0
120230,12
120231,0
120232,0
120233,0
120234,0
120235,0
120236,0
120237,0
120238,0
120239,0
120240,0
120241,0
120242,0
120243,0
120244,18
120245,0
120246,0
120247,0
120248,0
120249,0
120250,0
120251,0
120252,0
120253,0
120254,15
120255,12
120256,0
120257,0
120258,0
120259,0
120260,0
120261,0
120262,9
120263,0
120264,0
120265,0
120266,0
120267,0
120268,0
120269,18
120270,11
120271,0
120272,16
120273,12
120274,0
120275,0
120276,14
120277,0
120278,0
120279,0
120280,0
120281,0
120282,0
120283,0
120284,0
120285,0
120286,0
120287,0
120288,0
120289,0
120290,0
120291,0
120292,0
120293,0
120294,0
120295,0
120296,0
120297,0
120298,0
120299,0
120300,0
120301,0
120302,0
120303,16
120304,0
120305,0
120306,22
120307,24
120308,0
120309,0
120310,0
120311,0
120312,0
120313,0
120314,0
120315,0
120316,0
120317,14
120318,0
120319,0
120320,0
120321,0
120322,0
120323,0
120324,0
120325,0
120326,10
120327,0
120328,0
120329,0
120330,0
120331,0
120332,0
120333,0
120334,0
120335,11
120336,0
120337,0
120338,0
120339,0
120340,0
120341,0
120342,0
120343,0
120344,0
120345,0
120346,0
120347,0
120348,0
120349,0
120350,0
120351,0
120352,17
120353,0
120354,0
120355,22
120356,0
120357,0
120358,0
120359,19
120360,0
120361,0
120362,0
120363,19
120364,0
120365,14
120366,0
120367,0
120368,0
120369,0
120370,19
120371,0
120372,23
120373,0
120374,21
120375,0
120376,0
120377,0
120378,0
120379,0
120380,0
120381,0
120382,10
120383,0
120384,0
120385,0
120386,0
120387,0
120388,0
120389,0
120390,0
120391,0
120392,20
120393,0
120394,0
120395,0
120396,0
120397,0
120398,13
120399,7
120400,0
120401,0
120402,0
120403,0
120404,16
120405,0
120406,0
120407,0
120408,0
120409,0
120410,0
120411,0
120412,0
120413,0
120414,0
120415,0
120416,0
120417,0
120418,0
120419,0
120420,0
120421,0
120422,0
120423,0
120424,0
120425,0
120426,19
120427,0
120428,0
120429,0
120430,0
120431,0
120432,0
120433,0
120434,0
120435,0
120436,0
120437,0
120438,19
120439,0
120440,0
120441,15
120442,0
120443,12
120444,16
120445,14
120446,0
120447,0
120448,0
120449,0
120450,19
120451,0
120452,0
120453,0
120454,0
120455,0
120456,0
120457,0
120458,0
120459,0
120460,18
120461,18
120462,0
120463,15
120464,15
120465,0
120466,0
120467,0
120468,0
120469,0
120470,0
120471,18
120472,0
120473,15
120474,14
120475,0
120476,0
120477,0
120478,6
120479,0
120480,0
120481,0
120482,0
120483,0
120484,0
120485,15
120486,19
120487,11
120488,0
120489,20
120490,19
120491,0
120492,13
120493,0
120494,0
120495,0
120496,0
120497,0
120498,0
120499,0
120500,0
120501,0
120502,0
120503,0
120504,0
120505,0
120506,0
120507,0
120508,0
120509,0
120510,0
120511,0
120512,0
120513,0
120514,0
120515,0
120516,18
120517,0
120518,10
120519,21
120520,0
120521,49
120522,43
120523,0
120524,0
120525,41
120526,45
120527,0
120528,0
120529,0
120530,0
120531,0
120532,0
120533,0
120534,0
120535,0
120536,0
120537,0
120538,0
120539,0
120540,0
120541,43
120542,0
120543,0
120544,0
120545,0
120546,0
120547,50
120548,0
120549,33
120550,0
120551,0
120552,0
120553,0
120554,0
120555,0
120556,0
120557,0
120558,0
120559,0
120560,0
120561,0
120562,59
120563,0
120564,0
120565,44
120566,35
120567,0
120568,0
120569,36
120570,0
120571,0
120572,47
120573,0
120574,0
120575,0
120576,37
120577,0
120578,0
120579,0
120580,37
120581,0
120582,0
120583,0
120584,0
120585,0
120586,0
120587,5
120588,8
120589,0
120590,0
120591,6
120592,0
120593,0
120594,0
120595,10
120596,5
120597,0
120598,0
120599,9
120600,3
120601,8
120602,0
120603,0
120604,0
120605,0
120606,0
120607,13
120608,0
120609,0
120610,0
120611,0
120612,3
120613,7
120614,0
120615,0
120616,0
120617,7
120618,7
120619,0
120620,0
120621,0
120622,0
120623,0
120624,0
120625,3
120626,0
120627,0
120628,7
120629,0
120630,0
120631,5
120632,0
120633,0
120634,6
120635,0
120636,10
120637,3
120638,7
120639,9
120640,10
120641,0
120642,0
120643,0
120644,0
120645,0
120646,10
120647,0
120648,0
120649,0
120650,4
120651,0
120652,0
120653,8
120654,0
120655,0
120656,0
120657,0
120658,10
120659,0
120660,0
120661,0
120662,11
120663,0
120664,0
120665,10
120666,0
120667,0
120668,16
120669,0
120670,0
120671,0
120672,0
120673,0
120674,0
120675,5
120676,0
120677,0
120678,0
120679,9
120680,0
120681,0
120682,5
120683,6
120684,0
120685,4
120686,0
120687,0
120688,7
120689,0
120690,0
120691,0
120692,0
120693,0
120694,0
120695,3
120696,0
120697,8
120698,0
120699,0
120700,0
120701,0
120702,6
120703,0
120704,5
120705,0
120706,0
120707,5
120708,0
120709,5
120710,0
120711,0
120712,7
120713,6
120714,0
120715,5
120716,0
120717,0
120718,0
120719,0
120720,7
120721,0
120722,0
120723,9
120724,0
120725,0
120726,0
120727,5
120728,3
120729,0
120730,0
120731,0
120732,0
120733,0
120734,0
120735,0
120736,0
120737,0
120738,12
120739,0
120740,0
120741,0
120742,0
120743,0
120744,7
120745,0
120746,0
120747,0
120748,10
120749,0
120750,0
120751,7
120752,0
120753,4
120754,0
120755,0
120756,0
120757,0
120758,5
120759,0
120760,3
120761,0
120762,1
120763,13
120764,0
120765,3
120766,0
120767,0
120768,0
120769,0
120770,0
120771,0
120772,8
120773,2
120774,0
120775,0
120776,0
120777,6
120778,4
120779,0
120780,0
120781,0
120782,0
120783,0
120784,7
120785,0
120786,0
120787,0
120788,0
120789,0
120790,14
120791,3
120792,0
120793,3
120794,0
120795,0
120796,0
120797,0
120798,0
120799,0
120800,0
120801,0
120802,3
120803,0
120804,7
120805,5
120806,0
120807,0
120808,0
120809,0
120810,10
120811,0
120812,0
120813,0
120814,0
120815,0
120816,0
120817,0
120818,0
120819,0
120820,9
120821,0
120822,0
120823,0
120824,0
120825,0
120826,5
120827,0
120828,0
120829,0
120830,8
120831,5
120832,4
120833,0
120834,0
120835,0
120836,9
120837,0
120838,9
120839,0
120840,0
120841,12
120842,0
120843,0
120844,0
120845,0
120846,0
120847,0
120848,0
120849,0
120850,0
120851,10
120852,0
120853,0
120854,0
120855,0
120856,0
120857,6
120858,0
120859,5
120860,0
120861,0
120862,0
120863,0
120864,0
120865,0
120866,0
120867,0
120868,0
120869,0
120870,8
120871,0
120872,0
120873,0
120874,0
120875,0
120876,5
120877,0
120878,0
120879,0
120880,0
120881,0
120882,0
120883,0
120884,0
120885,0
120886,0
120887,0
120888,0
120889,0
120890,0
120891,0
120892,0
120893,0
120894,7
120895,0
120896,0
120897,7
120898,0
120899,8
120900,0
120901,0
120902,0
120903,4
120904,0
120905,0
120906,5
120907,2
120908,0
120909,0
120910,0
120911,4
120912,7
120913,0
120914,0
120915,0
120916,9
120917,0
120918,0
120919,0
120920,0
120921,4
120922,0
120923,0
120924,0
120925,0
120926,4
120927,0
120928,0
120929,0
120930,0
120931,0
120932,0
120933,7
120934,6
120935,0
120936,0
120937,0
120938,0
120939,1
120940,6
120941,4
120942,0
120943,0
120944,0
120945,10
120946,2
120947,0
120948,0
120949,0
120950,0
120951,0
120952,0
120953,0
120954,0
120955,0
120956,0
120957,0
120958,0
120959,0
120960,7
120961,0
120962,7
120963,0
120964,0
120965,0
120966,0
120967,0
120968,0
120969,0
120970,0
120971,0
120972,0
120973,0
120974,0
120975,0
120976,0
120977,0
120978,7
120979,0
120980,4
120981,0
120982,5
120983,0
120984,0
120985,3
120986,0
120987,0
120988,0
120989,0
120990,0
120991,0
120992,6
120993,0
120994,8
120995,9
120996,0
120997,0
120998,8
120999,0
121000,0
121001,0
121002,0
121003,0
121004,0
121005,0
121006,0
121007,0
121008,0
121009,0
121010,0
121011,0
121012,0
121013,4
121014,0
121015,0
121016,0
121017,0
121018,0
121019,0
121020,0
121021,6
121022,8
121023,6
121024,0
121025,0
121026,0
121027,0
121028,0
121029,0
121030,0
121031,11
121032,0
121033,0
121034,0
121035,10
121036,8
121037,0
121038,7
121039,0
121040,0
121041,0
121042,0
121043,0
121044,0
121045,0
121046,0
121047,0
121048,6
121049,0
121050,0
121051,0
121052,0
121053,5
121054,0
121055,0
121056,0
121057,11
121058,0
121059,0
121060,0
121061,0
121062,0
121063,0
121064,0
121065,0
121066,0
121067,0
121068,0
121069,3
121070,10
121071,0
121072,0
121073,0
121074,0
121075,0
121076,0
121077,0
121078,7
121079,0
121080,0
121081,0
121082,6
121083,11
121084,5
121085,8
121086,0
121087,0
121088,5
121089,6
121090,0
121091,7
121092,0
121093,0
121094,0
121095,0
121096,0
121097,0
121098,0
121099,6
121100,0
121101,0
121102,6
121103,0
121104,0
121105,7
121106,0
121107,8
121108,4
121109,0
121110,4
121111,0
121112,0
121113,13
121114,3
121115,7
121116,0
121117,11
121118,0
121119,5
121120,0
121121,0
121122,6
121123,0
121124,0
121125,0
121126,0
121127,0
121128,0
121129,0
121130,0
121131,0
121132,0
121133,0
121134,0
121135,0
121136,0
121137,0
121138,0
121139,0
121140,0
121141,0
121142,0
121143,0
121144,0
121145,0
121146,0
121147,0
121148,0
121149,0
121150,5
121151,0
121152,0
121153,11
121154,7
121155,0
121156,0
121157,7
121158,0
121159,0
121160,6
121161,5
121162,0
121163,0
121164,0
121165,7
121166,12
121167,0
121168,4
121169,0
121170,0
121171,0
121172,11
121173,10
121174,0
121175,7
121176,0
121177,0
121178,0
121179,0
121180,0
121181,9
121182,0
121183,0
121184,0
121185,0
121186,0
121187,0
121188,0
121189,0
121190,5
121191,0
121192,0
121193,6
121194,0
121195,0
121196,0
121197,0
121198,0
121199,0
121200,0
121201,6
121202,0
121203,0
121204,0
121205,0
121206,0
121207,12
121208,0
121209,0
121210,0
121211,3
121212,0
121213,0
121214,8
121215,0
121216,0
121217,9
121218,0
121219,13
121220,0
121221,0
121222,0
121223,2
121224,0
121225,0
121226,0
121227,0
121228,0
121229,6
121230,8
121231,0
121232,0
121233,5
121234,0
121235,0
121236,0
121237,0
121238,4
121239,10
121240,0
121241,4
121242,0
121243,0
121244,0
121245,0
121246,0
121247,6
121248,0
121249,0
121250,0
121251,0
121252,0
121253,4
121254,0
121255,5
121256,0
121257,0
121258,0
121259,5
121260,0
121261,0
121262,0
121263,0
121264,0
121265,0
121266,0
121267,0
121268,7
121269,0
121270,0
121271,0
121272,0
121273,0
121274,0
121275,8
121276,5
121277,0
121278,4
121279,4
121280,0
121281,0
121282,0
121283,7
121284,0
121285,0
121286,5
121287,0
121288,0
121289,0
121290,0
121291,0
121292,3
121293,0
121294,0
121295,0
121296,0
121297,0
121298,0
121299,10
121300,9
121301,0
121302,9
121303,0
121304,0
121305,7
121306,0
121307,0
121308,0
121309,0
121310,32
121311,0
121312,0
121313,0
121314,0
121315,0
121316,0
121317,0
121318,0
121319,0
121320,0
121321,0
121322,0
121323,23
121324,0
121325,29
121326,0
121327,0
121328,0
121329,0
121330,0
121331,0
121332,0
121333,0
121334,0
121335,0
121336,0
121337,0
121338,0
121339,0
121340,0
121341,0
121342,26
121343,27
121344,0
121345,0
121346,0
121347,0
121348,0
121349,30
121350,0
121351,0
121352,0
121353,0
121354,0
121355,0
121356,0
121357,0
121358,0
121359,0
121360,0
121361,0
121362,21
121363,0
121364,0
121365,0
121366,0
121367,23
121368,0
121369,0
121370,0
121371,35
121372,0
121373,0
121374,33
121375,0
121376,0
121377,0
121378,0
121379,0
121380,0
121381,34
121382,0
121383,0
121384,0
121385,0
121386,0
121387,0
121388,27
121389,40
121390,0
121391,0
121392,0
121393,0
121394,0
121395,0
121396,0
121397,22
121398,0
121399,0
121400,34
121401,33
121402,24
121403,0
121404,0
121405,0
121406,0
121407,37
121408,32
121409,0
121410,0
121411,0
121412,0
121413,0
121414,43
121415,0
121416,0
121417,0
121418,0
121419,31
121420,0
121421,0
121422,0
121423,22
121424,0
121425,0
121426,22
121427,29
121428,0
121429,0
121430,0
121431,0
121432,0
121433,0
121434,0
121435,0
121436,0
121437,34
121438,0
121439,0
121440,0
121441,0
121442,19
121443,38
121444,0
121445,0
121446,0
121447,0
121448,0
121449,0
121450,0
121451,0
121452,28
121453,0
121454,0
121455,0
121456,39
121457,0
121458,0
121459,0
121460,22
121461,0
121462,0
121463,0
121464,0
121465,0
121466,12
121467,16
121468,0
121469,0
121470,0
121471,0
121472,20
121473,32
121474,0
121475,0
121476,0
121477,41
121478,0
121479,0
121480,0
121481,0
121482,0
121483,14
121484,0
121485,25
121486,0
121487,26
121488,21
121489,0
121490,0
121491,0
121492,0
121493,42
121494,0
121495,26
121496,0
121497,35
121498,25
121499,0
121500,0
121501,27
121502,0
121503,0
121504,0
121505,30
121506,0
121507,28
121508,0
121509,0
121510,0
121511,0
121512,0
121513,39
121514,36
121515,0
121516,0
121517,19
121518,0
121519,0
121520,32
121521,0
121522,0
121523,0
121524,0
121525,22
121526,0
121527,0
121528,0
121529,0
121530,26
121531,0
121532,0
121533,0
121534,0
121535,0
121536,0
121537,0
121538,0
121539,0
121540,0
121541,0
121542,14
121543,0
121544,0
121545,0
121546,0
121547,0
121548,0
121549,0
121550,0
121551,0
121552,0
121553,0
121554,0
121555,27
121556,0
121557,0
121558,0
121559,0
121560,24
121561,18
121562,0
121563,0
121564,0
121565,0
121566,41
121567,0
121568,0
121569,21
121570,0
121571,0
121572,0
121573,0
121574,0
121575,15
121576,0
121577,0
121578,36
121579,0
121580,0
121581,0
121582,0
121583,0
121584,0
121585,0
121586,0
121587,0
121588,0
121589,0
121590,0
121591,0
121592,0
121593,0
121594,0
121595,0
121596,0
121597,0
121598,0
121599,0
121600,25
121601,0
121602,0
121603,0
121604,0
121605,0
121606,25
121607,0
121608,0
121609,0
121610,26
121611,0
121612,0
121613,0
121614,0
121615,0
121616,23
121617,0
121618,0
121619,17
121620,25
121621,0
121622,0
121623,0
121624,30
121625,0
121626,0
121627,0
121628,0
121629,0
121630,0
121631,34
121632,0
121633,0
121634,0
121635,0
121636,0
121637,0
121638,0
121639,42
121640,0
121641,0
121642,0
121643,0
121644,0
121645,0
121646,0
121647,0
121648,0
121649,0
121650,0
121651,0
121652,0
121653,0
121654,0
121655,38
121656,31
121657,0
121658,0
121659,0
121660,0
121661,0
121662,35
121663,0
121664,22
121665,0
121666,0
121667,0
121668,0
121669,0
121670,0
121671,34
121672,0
121673,0
121674,0
121675,0
121676,34
121677,0
121678,0
121679,0
121680,0
121681,0
121682,0
121683,0
121684,0
121685,0
121686,0
121687,30
121688,0
121689,0
121690,0
121691,0
121692,0
121693,27
121694,0
121695,0
121696,0
121697,16
121698,0
121699,0
121700,0
121701,0
121702,44
121703,0
121704,0
121705,0
121706,0
121707,34
121708,0
121709,23
121710,0
121711,0
121712,0
121713,0
121714,0
121715,0
121716,0
121717,0
121718,0
121719,0
121720,0
121721,0
121722,0
121723,23
121724,0
121725,0
121726,0
121727,0
121728,0
121729,36
121730,0
121731,0
121732,0
121733,0
121734,0
121735,0
121736,0
121737,0
121738,0
121739,0
121740,0
121741,0
121742,0
121743,0
121744,0
121745,0
121746,0
121747,0
121748,0
121749,0
121750,0
121751,0
121752,0
121753,0
121754,0
121755,0
121756,0
121757,0
121758,0
121759,0
121760,0
121761,0
121762,0
121763,33
121764,0
121765,0
121766,0
121767,32
121768,0
121769,0
121770,0
121771,0
121772,0
121773,0
121774,0
121775,22
121776,14
121777,0
121778,0
121779,0
121780,0
121781,0
121782,0
121783,37
121784,0
121785,0
121786,0
121787,0
121788,0
121789,27
121790,0
121791,0
121792,0
121793,26
121794,0
121795,0
121796,0
121797,0
121798,30
121799,0
121800,24
121801,0
121802,0
121803,0
121804,0
121805,20
121806,0
121807,0
121808,0
121809,0
121810,0
121811,0
121812,0
121813,0
121814,0
121815,0
121816,0
121817,25
121818,0
121819,0
121820,0
121821,0
121822,0
121823,0
121824,0
121825,0
121826,0
121827,0
121828,0
121829,0
121830,0
121831,0
121832,0
121833,0
121834,0
121835,0
121836,0
121837,0
121838,0
121839,0
121840,0
121841,0
121842,0
121843,0
121844,0
121845,35
121846,0
121847,36
121848,0
121849,0
121850,0
121851,0
121852,0
121853,0
121854,24
121855,0
121856,0
121857,0
121858,0
121859,16
121860,0
121861,0
121862,0
121863,38
121864,0
121865,0
121866,0
121867,0
121868,0
121869,0
121870,0
121871,21
121872,0
121873,0
121874,0
121875,0
121876,0
121877,0
121878,0
121879,0
121880,0
121881,0
121882,0
121883,0
121884,0
121885,0
121886,0
121887,0
121888,0
121889,0
121890,0
121891,0
121892,39
121893,0
121894,0
121895,0
121896,0
121897,34
121898,36
121899,0
121900,0
121901,0
121902,0
121903,0
121904,21
121905,0
121906,0
121907,17
121908,0
121909,0
121910,34
121911,0
121912,0
121913,0
121914,0
121915,0
121916,33
121917,0
121918,0
121919,17
121920,0
121921,0
121922,0
121923,0
121924,0
121925,0
121926,0
121927,0
121928,0
121929,0
121930,28
121931,0
121932,0
121933,0
121934,26
121935,0
121936,0
121937,0
121938,0
121939,0
121940,0
121941,0
121942,0
121943,0
121944,0
121945,0
121946,20
121947,0
121948,0
121949,0
121950,0
121951,19
121952,0
121953,0
121954,0
121955,0
121956,0
121957,0
121958,0
121959,44
121960,0
121961,0
121962,0
121963,0
121964,0
121965,30
121966,0
121967,27
121968,0
121969,0
121970,0
121971,0
121972,0
121973,25
121974,0
121975,0
121976,0
121977,0
121978,0
121979,0
121980,0
121981,0
121982,0
121983,0
121984,0
121985,0
121986,0
121987,0
121988,0
121989,0
121990,0
121991,0
121992,0
121993,0
121994,0
121995,23
121996,0
121997,23
121998,0
121999,0
122000,0
122001,0
122002,0
122003,0
122004,0
122005,51
122006,0
122007,0
122008,22
122009,11
122010,46
122011,0
122012,0
122013,0
122014,0
122015,0
122016,0
122017,0
122018,0
122019,0
122020,0
122021,0
122022,0
122023,0
122024,24
122025,0
122026,0
122027,34
122028,0
122029,34
122030,0
122031,47
122032,0
122033,0
122034,0
122035,48
122036,32
122037,32
122038,0
122039,0
122040,52
122041,0
122042,0
122043,49
122044,28
122045,0
122046,0
122047,26
122048,35
122049,0
122050,29
122051,0
122052,0
122053,27
122054,0
122055,0
122056,0
122057,0
122058,33
122059,0
122060,0
122061,0
122062,0
122063,22
122064,0
122065,0
122066,0
122067,65
122068,0
122069,0
122070,0
122071,0
122072,0
122073,0
122074,18
122075,0
122076,0
122077,45
122078,0
122079,0
122080,0
122081,0
122082,0
122083,0
122084,45
122085,0
122086,0
122087,0
122088,68
122089,45
122090,0
122091,0
122092,0
122093,0
122094,0
122095,0
122096,0
122097,19
122098,35
122099,0
122100,41
122101,0
122102,0
122103,0
122104,0
122105,0
122106,0
122107,0
122108,0
122109,0
122110,0
122111,42
122112,0
122113,0
122114,0
122115,0
122116,0
122117,0
122118,0
122119,0
122120,0
122121,0
122122,0
122123,0
122124,0
122125,0
122126,0
122127,28
122128,0
122129,0
122130,0
122131,0
122132,0
122133,0
122134,0
122135,45
122136,0
122137,0
122138,0
122139,0
122140,0
122141,0
122142,0
122143,36
122144,0
122145,55
122146,30
122147,0
122148,34
122149,41
122150,0
122151,0
122152,0
122153,0
122154,25
122155,0
122156,52
122157,0
122158,0
122159,0
122160,50
122161,0
122162,44
122163,0
122164,0
122165,45
122166,0
122167,0
122168,0
122169,33
122170,33
122171,0
122172,18
122173,0
122174,0
122175,0
122176,34
122177,0
122178,28
122179,12
122180,0
122181,0
122182,0
122183,51
122184,38
122185,0
122186,0
122187,0
122188,0
122189,0
122190,0
122191,27
122192,0
122193,0
122194,47
122195,25
122196,0
122197,0
122198,0
122199,0
122200,0
122201,59
122202,0
122203,0
122204,0
122205,25
122206,0
122207,0
122208,0
122209,48
122210,0
122211,23
122212,0
122213,0
122214,0
122215,0
122216,0
122217,0
122218,19
122219,0
122220,0
122221,0
122222,0
122223,0
122224,29
122225,0
122226,0
122227,0
122228,0
122229,0
122230,0
122231,0
122232,0
122233,0
122234,0
122235,0
122236,0
122237,35
122238,0
122239,36
122240,0
122241,0
122242,0
122243,0
122244,0
122245,17
122246,0
122247,0
122248,47
122249,0
122250,0
122251,0
122252,4
122253,20
122254,41
122255,0
122256,0
122257,0
122258,0
122259,0
122260,0
122261,31
122262,0
122263,0
122264,0
122265,0
122266,0
122267,15
122268,27
122269,35
122270,0
122271,0
122272,0
122273,0
122274,17
122275,0
122276,33
122277,0
122278,0
122279,0
122280,0
122281,0
122282,0
122283,0
122284,0
122285,41
122286,0
122287,0
122288,0
122289,28
122290,0
122291,0
122292,0
122293,60
122294,0
122295,0
122296,0
122297,35
122298,0
122299,0
122300,0
122301,0
122302,48
122303,0
122304,0
122305,70
122306,40
122307,0
122308,0
122309,0
122310,0
122311,18
122312,53
122313,0
122314,0
122315,0
122316,0
122317,0
122318,0
122319,0
122320,0
122321,0
122322,0
122323,0
122324,0
122325,18
122326,0
122327,0
122328,0
122329,0
122330,27
122331,0
122332,0
122333,0
122334,0
122335,29
122336,44
122337,0
122338,0
122339,0
122340,0
122341,34
122342,0
122343,18
122344,0
122345,28
122346,0
122347,0
122348,22
122349,0
122350,0
122351,0
122352,0
122353,0
122354,0
122355,0
122356,0
122357,0
122358,1
122359,0
122360,0
122361,0
122362,0
122363,0
122364,0
122365,0
122366,0
122367,0
122368,0
122369,0
122370,0
122371,0
122372,0
122373,0
122374,0
122375,0
122376,0
122377,0
122378,0
122379,0
122380,0
122381,0
122382,0
122383,0
122384,0
122385,0
122386,0
122387,0
122388,0
122389,0
122390,0
122391,0
122392,0
122393,0
122394,0
122395,0
122396,0
122397,0
122398,0
122399,0
122400,0
122401,0
122402,0
122403,0
122404,0
122405,0
122406,0
122407,0
122408,0
122409,0
122410,0
122411,0
122412,0
122413,0
122414,0
122415,0
122416,0
122417,0
122418,0
122419,0
122420,0
122421,0
122422,0
122423,0
122424,0
122425,0
122426,0
122427,0
122428,0
122429,0
122430,0
122431,0
122432,0
122433,0
122434,0
122435,0
122436,0
122437,0
122438,0
122439,0
122440,0
122441,0
122442,0
122443,0
122444,0
122445,0
122446,0
122447,0
122448,0
122449,0
122450,0
122451,0
122452,0
122453,0
122454,0
122455,0
122456,0
122457,0
122458,0
122459,0
122460,0
122461,0
122462,0
122463,0
122464,0
122465,0
122466,0
122467,0
122468,0
122469,0
122470,0
122471,0
122472,0
122473,0
122474,0
122475,0
122476,0
122477,0
122478,0
122479,0
122480,0
122481,0
122482,0
122483,0
122484,0
122485,0
122486,0
122487,0
122488,0
122489,0
122490,0
122491,0
122492,0
122493,0
122494,0
122495,0
122496,0
122497,0
122498,0
122499,0
122500,0
122501,0
122502,0
122503,0
122504,0
122505,0
122506,0
122507,0
122508,0
122509,0
122510,0
122511,1
122512,0
122513,0
122514,0
122515,0
122516,0
122517,0
122518,0
122519,0
122520,0
122521,0
122522,0
122523,0
122524,0
122525,0
122526,0
122527,0
122528,0
122529,0
122530,0
122531,0
122532,0
122533,0
122534,0
122535,0
122536,0
122537,0
122538,0
122539,0
122540,0
122541,0
122542,0
122543,0
122544,0
122545,0
122546,0
122547,0
122548,0
122549,0
122550,0
122551,0
122552,0
122553,0
122554,0
122555,0
122556,0
122557,0
122558,0
122559,0
122560,0
122561,0
122562,0
122563,0
122564,0
122565,0
122566,0
122567,0
122568,0
122569,0
122570,0
122571,0
122572,0
122573,0
122574,0
122575,0
122576,0
122577,0
122578,0
122579,0
122580,0
122581,0
122582,0
122583,0
122584,0
122585,0
122586,0
122587,0
122588,0
122589,0
122590,0
122591,0
122592,0
122593,0
122594,0
122595,0
122596,0
122597,0
122598,0
122599,0
122600,0
122601,0
122602,0
122603,0
122604,0
122605,0
122606,0
122607,0
122608,0
122609,0
122610,0
122611,0
122612,0
122613,0
122614,0
122615,0
122616,0
122617,0
122618,0
122619,1
122620,0
122621,0
122622,0
122623,0
122624,0
122625,0
122626,0
122627,0
122628,0
122629,0
122630,0
122631,0
122632,0
122633,0
122634,0
122635,0
122636,0
122637,0
122638,0
122639,0
122640,0
122641,0
122642,0
122643,0
122644,0
122645,1
122646,0
122647,0
122648,0
122649,0
122650,0
122651,0
122652,0
122653,0
122654,0
122655,0
122656,0
122657,0
122658,0
122659,0
122660,0
122661,0
122662,0
122663,0
122664,0
122665,0
122666,0
122667,0
122668,0
122669,0
122670,0
122671,0
122672,0
122673,0
122674,0
122675,0
122676,0
122677,0
122678,0
122679,0
122680,0
122681,0
122682,0
122683,0
122684,0
122685,0
122686,0
122687,0
122688,0
122689,0
122690,0
122691,0
122692,0
122693,0
122694,0
122695,0
122696,0
122697,0
122698,0
122699,0
122700,0
122701,0
122702,0
122703,0
122704,0
122705,0
122706,0
122707,0
122708,0
122709,0
122710,0
122711,0
122712,0
122713,0
122714,0
122715,0
122716,0
122717,0
122718,0
122719,0
122720,0
122721,0
122722,0
122723,0
122724,0
122725,0
122726,0
122727,0
122728,0
122729,0
122730,0
122731,0
122732,0
122733,0
122734,0
122735,0
122736,0
122737,0
122738,0
122739,0
122740,0
122741,0
122742,0
122743,0
122744,0
122745,0
122746,0
122747,0
122748,0
122749,0
122750,0
122751,0
122752,0
122753,0
122754,0
122755,0
122756,0
122757,0
122758,0
122759,0
122760,0
122761,0
122762,0
122763,0
122764,1
122765,0
122766,0
122767,0
122768,0
122769,0
122770,0
122771,0
122772,0
122773,0
122774,0
122775,0
122776,0
122777,0
122778,0
122779,0
122780,0
122781,0
122782,0
122783,0
122784,0
122785,0
122786,0
122787,0
122788,0
122789,0
122790,0
122791,0
122792,0
122793,0
122794,0
122795,0
122796,0
122797,0
122798,0
122799,0
122800,0
122801,0
122802,0
122803,0
122804,0
122805,0
122806,0
122807,0
122808,0
122809,0
122810,0
122811,0
122812,0
122813,0
122814,0
122815,0
122816,0
122817,0
122818,0
122819,0
122820,0
122821,0
122822,0
122823,0
122824,0
122825,0
122826,50
122827,0
122828,0
122829,0
122830,0
122831,0
122832,16
122833,0
122834,0
122835,0
122836,0
122837,0
122838,0
122839,0
122840,51
122841,0
122842,0
122843,0
122844,0
122845,25
122846,0
122847,0
122848,0
122849,0
122850,0
122851,0
122852,0
122853,0
122854,0
122855,0
122856,0
122857,0
122858,0
122859,0
122860,0
122861,0
122862,0
122863,0
122864,0
122865,0
122866,0
122867,0
122868,0
122869,0
122870,0
122871,0
122872,0
122873,0
122874,0
122875,0
122876,0
122877,0
122878,0
122879,0
122880,0
122881,0
122882,0
122883,0
122884,0
122885,0
122886,0
122887,0
122888,0
122889,0
122890,0
122891,0
122892,0
122893,36
122894,0
122895,0
122896,0
122897,0
122898,0
122899,30
122900,0
122901,0
122902,0
122903,27
122904,0
122905,0
122906,0
122907,0
122908,0
122909,0
122910,0
122911,0
122912,0
122913,0
122914,0
122915,0
122916,0
122917,0
122918,0
122919,23
122920,0
122921,27
122922,0
122923,0
122924,0
122925,0
122926,0
122927,0
122928,0
122929,0
122930,0
122931,18
122932,0
122933,0
122934,0
122935,0
122936,0
122937,0
122938,0
122939,40
122940,0
122941,0
122942,0
122943,0
122944,0
122945,18
122946,0
122947,0
122948,0
122949,0
122950,0
122951,11
122952,0
122953,0
122954,0
122955,0
122956,0
122957,0
122958,0
122959,0
122960,0
122961,0
122962,0
122963,0
122964,0
122965,0
122966,19
122967,0
122968,0
122969,0
122970,38
122971,0
122972,0
122973,0
122974,0
122975,15
122976,0
122977,24
122978,0
122979,0
122980,0
122981,0
122982,31
122983,0
122984,0
122985,0
122986,0
122987,19
122988,0
122989,0
122990,0
122991,0
122992,0
122993,0
122994,0
122995,0
122996,0
122997,0
122998,0
122999,0
123000,7
123001,0
123002,24
123003,0
123004,0
123005,0
123006,0
123007,0
123008,0
123009,0
123010,0
123011,0
123012,0
123013,0
123014,29
123015,0
123016,0
123017,0
123018,0
123019,0
123020,23
123021,0
123022,0
123023,0
123024,0
123025,0
123026,0
123027,0
123028,25
123029,0
123030,0
123031,0
123032,0
123033,0
123034,23
123035,0
123036,0
123037,0
123038,0
123039,0
123040,0
123041,0
123042,0
123043,0
123044,0
123045,0
123046,0
123047,0
123048,0
123049,0
123050,0
123051,0
123052,0
123053,0
123054,0
123055,0
123056,0
123057,0
123058,0
123059,0
123060,0
123061,0
123062,0
123063,0
123064,0
123065,0
123066,0
123067,0
123068,0
123069,28
123070,0
123071,0
123072,0
123073,0
123074,0
123075,0
123076,0
123077,0
123078,0
123079,0
123080,0
123081,0
123082,0
123083,0
123084,0
123085,0
123086,0
123087,0
123088,0
123089,0
123090,26
123091,0
123092,0
123093,0
123094,0
123095,0
123096,0
123097,0
123098,0
123099,0
123100,0
123101,0
123102,0
123103,0
123104,20
123105,0
123106,0
123107,0
123108,0
123109,0
123110,0
123111,0
123112,0
123113,0
123114,0
123115,0
123116,0
123117,20
123118,0
123119,0
123120,0
123121,0
123122,0
123123,0
123124,0
123125,0
123126,0
123127,0
123128,0
123129,0
123130,0
123131,0
123132,0
123133,0
123134,0
123135,0
123136,0
123137,0
123138,0
123139,0
123140,0
123141,0
123142,0
123143,0
123144,22
123145,0
123146,0
123147,0
123148,0
123149,0
123150,0
123151,0
123152,0
123153,0
123154,0
123155,0
123156,0
123157,0
123158,25
123159,0
123160,0
123161,0
123162,0
123163,0
123164,21
123165,0
123166,0
123167,0
123168,0
123169,13
123170,0
123171,0
123172,0
123173,0
123174,0
123175,0
123176,0
123177,0
123178,0
123179,0
123180,0
123181,0
123182,0
123183,0
123184,0
123185,0
123186,0
123187,0
123188,0
123189,0
123190,0
123191,0
123192,0
123193,0
123194,0
123195,0
123196,19
123197,0
123198,0
123199,0
123200,18
123201,0
123202,0
123203,0
123204,0
123205,0
123206,0
123207,0
123208,0
123209,0
123210,0
123211,0
123212,0
123213,0
123214,0
123215,0
123216,25
123217,0
123218,0
123219,0
123220,0
123221,0
123222,0
123223,0
123224,0
123225,0
123226,0
123227,0
123228,0
123229,0
123230,0
123231,0
123232,0
123233,0
123234,0
123235,0
123236,0
123237,0
123238,0
123239,31
123240,0
123241,0
123242,0
123243,0
123244,0
123245,0
123246,0
123247,0
123248,0
123249,0
123250,0
123251,0
123252,0
123253,0
123254,0
123255,18
123256,0
123257,0
123258,0
123259,0
123260,0
123261,0
123262,0
123263,21
123264,30
123265,0
123266,0
123267,0
123268,0
123269,0
123270,0
123271,0
123272,22
123273,0
123274,20
123275,0
123276,0
123277,0
123278,12
123279,0
123280,0
123281,0
123282,0
123283,0
123284,0
123285,0
123286,0
123287,33
123288,0
123289,0
123290,0
123291,0
123292,33
123293,0
123294,0
123295,0
123296,0
123297,0
123298,0
123299,0
123300,0
123301,0
123302,0
123303,0
123304,12
123305,0
123306,18
123307,0
123308,0
123309,0
123310,0
123311,0
123312,0
123313,0
123314,16
123315,0
123316,0
123317,0
123318,0
123319,0
123320,0
123321,0
123322,0
123323,0
123324,0
123325,0
123326,0
123327,0
123328,0
123329,0
123330,0
123331,0
123332,16
123333,0
123334,0
123335,0
123336,26
123337,0
123338,22
123339,0
123340,0
123341,0
123342,0
123343,0
123344,0
123345,0
123346,0
123347,0
123348,0
123349,0
123350,0
123351,0
123352,0
123353,0
123354,0
123355,0
123356,0
123357,0
123358,0
123359,0
123360,0
123361,0
123362,0
123363,0
123364,0
123365,0
123366,0
123367,0
123368,0
123369,0
123370,0
123371,0
123372,0
123373,0
123374,0
123375,0
123376,0
123377,0
123378,0
123379,0
123380,0
123381,0
123382,0
123383,14
123384,0
123385,0
123386,0
123387,0
123388,0
123389,0
123390,0
123391,0
123392,0
123393,18
123394,0
123395,0
123396,0
123397,0
123398,0
123399,0
123400,0
123401,0
123402,0
123403,0
123404,0
123405,0
123406,0
123407,0
123408,0
123409,0
123410,0
123411,0
123412,18
123413,0
123414,0
123415,0
123416,0
123417,0
123418,0
123419,0
123420,19
123421,0
123422,0
123423,0
123424,0
123425,0
123426,0
123427,0
123428,0
123429,42
123430,43
123431,0
123432,29
123433,0
123434,30
123435,0
123436,0
123437,0
123438,0
123439,0
123440,34
123441,0
123442,0
123443,0
123444,0
123445,0
123446,0
123447,0
123448,30
123449,45
123450,29
123451,0
123452,0
123453,44
123454,0
123455,27
123456,0
123457,0
123458,0
123459,46
123460,0
123461,0
123462,0
123463,0
123464,0
123465,0
123466,0
123467,0
123468,0
123469,0
123470,0
123471,0
123472,31
123473,0
123474,0
123475,0
123476,39
123477,0
123478,0
123479,23
123480,26
123481,0
123482,35
123483,24
123484,0
123485,0
123486,0
123487,0
123488,0
123489,0
123490,0
123491,25
123492,28
123493,31
123494,0
123495,0
123496,0
123497,0
123498,0
123499,28
123500,0
123501,0
123502,0
123503,31
123504,23
123505,0
123506,0
123507,27
123508,0
123509,0
123510,0
123511,0
123512,0
123513,32
123514,0
123515,0
123516,0
123517,0
123518,0
123519,0
123520,0
123521,0
123522,0
123523,20
123524,0
123525,0
123526,0
123527,0
123528,0
123529,0
123530,0
123531,32
123532,0
123533,0
123534,23
123535,0
123536,0
123537,0
123538,0
123539,0
123540,23
123541,36
123542,15
123543,0
123544,28
123545,32
123546,0
123547,0
123548,0
123549,0
123550,32
123551,0
123552,42
123553,0
123554,0
123555,0
123556,19
123557,0
123558,0
123559,27
123560,0
123561,33
123562,0
123563,35
123564,0
123565,28
123566,0
123567,0
123568,26
123569,0
123570,0
123571,28
123572,34
123573,24
123574,0
123575,0
123576,0
123577,36
123578,0
123579,31
123580,0
123581,0
123582,0
123583,0
123584,0
123585,31
123586,0
123587,31
123588,0
123589,0
123590,0
123591,0
123592,0
123593,0
123594,33
123595,0
123596,0
123597,0
123598,0
123599,20
123600,32
123601,0
123602,0
123603,35
123604,0
123605,0
123606,41
123607,0
123608,0
123609,0
123610,0
123611,0
123612,0
123613,0
123614,0
123615,0
123616,0
123617,0
123618,0
123619,0
123620,0
123621,0
123622,42
123623,0
123624,0
123625,24
123626,20
123627,0
123628,0
123629,0
123630,0
123631,20
123632,0
123633,0
123634,0
123635,24
123636,44
123637,26
123638,0
123639,24
123640,0
123641,0
123642,0
123643,28
123644,38
123645,0
123646,0
123647,0
123648,33
123649,25
123650,0
123651,0
123652,16
123653,0
123654,0
123655,0
123656,0
123657,0
123658,0
123659,0
123660,48
123661,0
123662,0
123663,16
123664,0
123665,0
123666,0
123667,0
123668,0
123669,0
123670,31
123671,0
123672,0
123673,0
123674,25
123675,0
123676,0
123677,0
123678,0
123679,0
123680,0
123681,0
123682,0
123683,0
123684,0
123685,0
123686,0
123687,0
123688,0
123689,0
123690,0
123691,0
123692,0
123693,0
123694,22
123695,23
123696,0
123697,38
123698,0
123699,0
123700,0
123701,0
123702,0
123703,0
123704,23
123705,2
123706,0
123707,2
123708,0
123709,0
123710,4
123711,0
123712,0
123713,0
123714,3
123715,0
123716,2
123717,0
123718,4
123719,0
123720,0
123721,2
123722,0
123723,0
123724,3
123725,0
123726,2
123727,3
123728,0
123729,2
123730,0
123731,0
123732,0
123733,0
123734,2
123735,0
123736,0
123737,0
123738,0
123739,0
123740,0
123741,0
123742,0
123743,0
123744,0
123745,0
123746,0
123747,0
123748,0
123749,0
123750,0
123751,4
123752,0
123753,0
123754,0
123755,0
123756,0
123757,0
123758,0
123759,0
123760,0
123761,0
123762,0
123763,0
123764,5
123765,0
123766,0
123767,0
123768,0
123769,0
123770,0
123771,1
123772,0
123773,0
123774,0
123775,0
123776,4
123777,0
123778,0
123779,2
123780,0
123781,1
123782,3
123783,0
123784,2
123785,0
123786,0
123787,0
123788,0
123789,0
123790,1
123791,0
123792,0
123793,0
123794,0
123795,0
123796,0
123797,0
123798,0
123799,0
123800,0
123801,0
123802,0
123803,0
123804,0
123805,5
123806,0
123807,0
123808,1
123809,0
123810,0
123811,2
123812,0
123813,0
123814,0
123815,0
123816,16
123817,0
123818,0
123819,0
123820,7
123821,0
123822,0
123823,0
123824,0
123825,17
123826,0
123827,0
123828,0
123829,0
123830,0
123831,0
123832,0
123833,0
123834,0
123835,0
123836,0
123837,13
123838,0
123839,0
123840,0
123841,0
123842,17
123843,0
123844,0
123845,0
123846,0
123847,0
123848,0
123849,0
123850,0
123851,0
123852,0
123853,0
123854,0
123855,0
123856,0
123857,0
123858,0
123859,0
123860,0
123861,0
123862,0
123863,0
123864,0
123865,0
123866,0
123867,0
123868,0
123869,0
123870,0
123871,16
123872,0
123873,0
123874,0
123875,23
123876,14
123877,16
123878,0
123879,0
123880,0
123881,0
123882,0
123883,22
123884,0
123885,0
123886,0
123887,0
123888,14
123889,0
123890,0
123891,0
123892,0
123893,0
123894,0
123895,0
123896,32
123897,0
123898,0
123899,0
123900,16
123901,9
123902,0
123903,17
123904,0
123905,0
123906,26
123907,0
123908,0
123909,0
123910,9
123911,0
123912,0
123913,0
123914,0
123915,0
123916,0
123917,0
123918,0
123919,14
123920,0
123921,0
123922,0
123923,0
123924,0
123925,0
123926,0
123927,0
123928,0
123929,0
123930,0
123931,0
123932,23
123933,0
123934,0
123935,0
123936,0
123937,0
123938,0
123939,0
123940,0
123941,16
123942,0
123943,0
123944,17
123945,15
123946,0
123947,0
123948,0
123949,0
123950,0
123951,0
123952,0
123953,0
123954,0
123955,0
123956,0
123957,18
123958,0
123959,0
123960,0
123961,0
123962,13
123963,0
123964,15
123965,0
123966,0
123967,0
123968,0
123969,0
123970,0
123971,0
123972,0
123973,0
123974,0
123975,0
123976,0
123977,0
123978,0
123979,0
123980,0
123981,0
123982,0
123983,0
123984,0
123985,0
123986,0
123987,21
123988,0
123989,0
123990,0
123991,20
123992,0
123993,0
123994,0
123995,0
123996,0
123997,0
123998,0
123999,0
124000,0
124001,0
124002,0
124003,0
124004,0
124005,0
124006,0
124007,19
124008,0
124009,0
124010,0
124011,0
124012,0
124013,0
124014,0
124015,0
124016,0
124017,0
124018,0
124019,0
124020,0
124021,0
124022,0
124023,0
124024,0
124025,0
124026,0
124027,0
124028,0
124029,19
124030,0
124031,0
124032,0
124033,0
124034,0
124035,0
124036,0
124037,0
124038,0
124039,0
124040,0
124041,19
124042,20
124043,0
124044,0
124045,0
124046,0
124047,0
124048,0
124049,0
124050,0
124051,0
124052,0
124053,16
124054,33
124055,0
124056,0
124057,0
124058,0
124059,0
124060,0
124061,0
124062,0
124063,0
124064,0
124065,0
124066,0
124067,0
124068,0
124069,0
124070,0
124071,0
124072,13
124073,0
124074,0
124075,0
124076,0
124077,0
124078,0
124079,0
124080,0
124081,0
124082,0
124083,0
124084,0
124085,0
124086,0
124087,0
124088,0
124089,0
124090,0
124091,13
124092,0
124093,19
124094,0
124095,0
124096,0
124097,0
124098,0
124099,0
124100,0
124101,0
124102,20
124103,0
124104,0
124105,0
124106,0
124107,0
124108,0
124109,0
124110,0
124111,0
124112,0
124113,0
124114,0
124115,0
124116,0
124117,0
124118,0
124119,13
124120,0
124121,0
124122,0
124123,0
124124,0
124125,0
124126,0
124127,10
124128,23
124129,0
124130,0
124131,0
124132,0
124133,0
124134,0
124135,0
124136,0
124137,0
124138,0
124139,16
124140,0
124141,0
124142,0
124143,0
124144,0
124145,0
124146,0
124147,0
124148,0
124149,0
124150,13
124151,0
124152,0
124153,0
124154,0
124155,10
124156,0
124157,0
124158,0
124159,0
124160,0
124161,0
124162,16
124163,0
124164,0
124165,0
124166,0
124167,0
124168,0
124169,0
124170,13
124171,0
124172,0
124173,0
124174,0
124175,0
124176,0
124177,0
124178,12
124179,0
124180,24
124181,0
124182,0
124183,26
124184,0
124185,0
124186,18
124187,0
124188,0
124189,0
124190,0
124191,0
124192,0
124193,19
124194,0
124195,19
124196,0
124197,0
124198,0
124199,0
124200,0
124201,0
124202,0
124203,0
124204,0
124205,0
124206,0
124207,18
124208,0
124209,0
124210,0
124211,0
124212,0
124213,0
124214,0
124215,0
124216,0
124217,0
124218,0
124219,0
124220,0
124221,0
124222,0
124223,0
124224,0
124225,0
124226,0
124227,0
124228,0
124229,0
124230,0
124231,0
124232,0
124233,0
124234,0
124235,0
124236,13
124237,0
124238,0
124239,0
124240,10
124241,0
124242,0
124243,0
124244,0
124245,0
124246,27
124247,0
124248,0
124249,0
124250,0
124251,0
124252,0
124253,0
124254,0
124255,0
124256,0
124257,0
124258,0
124259,20
124260,0
124261,0
124262,0
124263,0
124264,0
124265,0
124266,0
124267,27
124268,0
124269,0
124270,0
124271,0
124272,0
124273,0
124274,0
124275,0
124276,0
124277,0
124278,0
124279,15
124280,0
124281,21
124282,0
124283,0
124284,0
124285,16
124286,0
124287,0
124288,0
124289,0
124290,0
124291,0
124292,0
124293,0
124294,0
124295,0
124296,24
124297,0
124298,0
124299,0
124300,0
124301,0
124302,19
124303,0
124304,0
124305,22
124306,0
124307,0
124308,0
124309,0
124310,0
124311,0
124312,0
124313,0
124314,0
124315,0
124316,0
124317,23
124318,0
124319,17
124320,0
124321,0
124322,0
124323,0
124324,0
124325,0
124326,0
124327,0
124328,0
124329,0
124330,0
124331,0
124332,0
124333,0
124334,0
124335,0
124336,0
124337,0
124338,0
124339,0
124340,0
124341,0
124342,0
124343,16
124344,0
124345,0
124346,0
124347,0
124348,0
124349,0
124350,0
124351,0
124352,0
124353,16
124354,0
124355,0
124356,17
124357,0
124358,0
124359,0
124360,0
124361,0
124362,0
124363,0
124364,12
124365,0
124366,0
124367,0
124368,0
124369,0
124370,0
124371,0
124372,0
124373,0
124374,0
124375,0
124376,0
124377,0
124378,0
124379,0
124380,0
124381,16
124382,0
124383,0
124384,0
124385,0
124386,0
124387,0
124388,0
124389,0
124390,0
124391,0
124392,0
124393,0
124394,0
124395,0
124396,0
124397,0
124398,0
124399,0
124400,0
124401,0
124402,0
124403,0
124404,0
124405,0
124406,24
124407,0
124408,0
124409,0
124410,0
124411,0
124412,0
124413,0
124414,0
124415,0
124416,0
124417,0
124418,0
124419,0
124420,0
124421,0
124422,0
124423,0
124424,0
124425,0
124426,0
124427,0
124428,0
124429,0
124430,0
124431,23
124432,0
124433,8
124434,15
124435,0
124436,0
124437,0
124438,0
124439,16
124440,0
124441,0
124442,0
124443,0
124444,0
124445,0
124446,0
124447,0
124448,0
124449,0
124450,0
124451,0
124452,14
124453,0
124454,0
124455,20
124456,0
124457,0
124458,0
124459,0
124460,0
124461,0
124462,0
124463,0
124464,0
124465,0
124466,0
124467,0
124468,0
124469,0
124470,0
124471,0
124472,0
124473,0
124474,0
124475,12
124476,0
124477,15
124478,0
124479,0
124480,0
124481,0
124482,0
124483,0
124484,0
124485,0
124486,0
124487,15
124488,0
124489,0
124490,0
124491,0
124492,0
124493,0
124494,0
124495,0
124496,0
124497,0
124498,0
124499,17
124500,0
124501,11
124502,0
124503,0
124504,0
124505,0
124506,0
124507,0
124508,0
124509,0
124510,0
124511,0
124512,0
124513,0
124514,17
124515,0
124516,11
124517,0
124518,0
124519,0
124520,0
124521,0
124522,0
124523,0
124524,18
124525,0
124526,0
124527,0
124528,0
124529,19
124530,0
124531,0
124532,0
124533,16
124534,0
124535,0
124536,0
124537,24
124538,0
124539,0
124540,0
124541,0
124542,18
124543,0
124544,0
124545,0
124546,0
124547,0
124548,23
124549,0
124550,21
124551,0
124552,0
124553,0
124554,0
124555,0
124556,0
124557,19
124558,0
124559,16
124560,0
124561,0
124562,0
124563,0
124564,0
124565,0
124566,0
124567,0
124568,14
124569,0
124570,0
124571,0
124572,0
124573,0
124574,0
124575,0
124576,0
124577,0
124578,0
124579,0
124580,0
124581,0
124582,0
124583,0
124584,0
124585,7
124586,0
124587,0
124588,0
124589,0
124590,0
124591,0
124592,0
124593,0
124594,11
124595,0
124596,0
124597,0
124598,0
124599,0
124600,0
124601,0
124602,0
124603,0
124604,0
124605,0
124606,0
124607,0
124608,0
124609,0
124610,0
124611,0
124612,0
124613,0
124614,0
124615,0
124616,0
124617,0
124618,0
124619,0
124620,0
124621,0
124622,0
124623,0
124624,0
124625,0
124626,0
124627,0
124628,0
124629,20
124630,0
124631,22
124632,0
124633,0
124634,0
124635,0
124636,0
124637,0
124638,0
124639,0
124640,0
124641,0
124642,0
124643,0
124644,0
124645,0
124646,14
124647,0
124648,0
124649,0
124650,0
124651,0
124652,0
124653,0
124654,0
124655,0
124656,0
124657,20
124658,0
124659,12
124660,0
124661,0
124662,0
124663,0
124664,0
124665,18
124666,0
124667,0
124668,0
124669,0
124670,0
124671,0
124672,0
124673,9
124674,0
124675,0
124676,0
124677,11
124678,0
124679,0
124680,0
124681,15
124682,0
124683,0
124684,14
124685,24
124686,0
124687,0
124688,14
124689,0
124690,0
124691,0
124692,0
124693,0
124694,0
124695,0
124696,0
124697,0
124698,0
124699,0
124700,0
124701,0
124702,0
124703,0
124704,0
124705,0
124706,0
124707,0
124708,0
124709,0
124710,11
124711,0
124712,0
124713,12
124714,0
124715,0
124716,0
124717,0
124718,0
124719,0
124720,0
124721,0
124722,0
124723,0
124724,0
124725,0
124726,0
124727,10
124728,11
124729,0
124730,0
124731,0
124732,0
124733,8
124734,0
124735,0
124736,0
124737,0
124738,0
124739,0
124740,0
124741,0
124742,0
124743,40
124744,0
124745,0
124746,0
124747,0
124748,0
124749,0
124750,0
124751,0
124752,0
124753,0
124754,0
124755,0
124756,0
124757,0
124758,36
124759,0
124760,0
124761,0
124762,0
124763,0
124764,0
124765,0
124766,0
124767,0
124768,22
124769,0
124770,0
124771,19
124772,0
124773,0
124774,0
124775,46
124776,32
124777,37
124778,0
124779,29
124780,0
124781,0
124782,0
124783,0
124784,0
124785,40
124786,0
124787,53
124788,0
124789,0
124790,0
124791,0
124792,0
124793,0
124794,0
124795,0
124796,0
124797,0
124798,0
124799,0
124800,0
124801,0
124802,53
124803,0
124804,0
124805,0
124806,38
124807,52
124808,0
124809,0
124810,0
124811,28
124812,0
124813,0
124814,0
124815,0
124816,0
124817,0
124818,38
124819,23
124820,0
124821,0
124822,0
124823,40
124824,0
124825,0
124826,0
124827,0
124828,22
124829,0
124830,0
124831,47
124832,0
124833,0
124834,0
124835,0
124836,29
124837,0
124838,31
124839,0
124840,41
124841,0
124842,0
124843,0
124844,0
124845,37
124846,31
124847,0
124848,32
124849,0
124850,0
124851,0
124852,0
124853,44
124854,0
124855,0
124856,55
124857,0
124858,0
124859,0
124860,0
124861,0
124862,0
124863,0
124864,0
124865,0
124866,0
124867,0
124868,0
124869,0
124870,0
124871,0
124872,0
124873,0
124874,0
124875,49
124876,0
124877,52
124878,0
124879,0
124880,28
124881,0
124882,0
124883,0
124884,0
124885,0
124886,0
124887,0
124888,0
124889,0
124890,0
124891,0
124892,0
124893,45
124894,0
124895,0
124896,0
124897,0
124898,0
124899,0
124900,0
124901,0
124902,37
124903,0
124904,0
124905,0
124906,0
124907,0
124908,0
124909,0
124910,0
124911,0
124912,46
124913,0
124914,31
124915,0
124916,0
124917,0
124918,38
124919,0
124920,0
124921,0
124922,0
124923,0
124924,33
124925,0
124926,0
124927,0
124928,0
124929,0
124930,0
124931,0
124932,30
124933,48
124934,0
124935,0
124936,0
124937,0
124938,0
124939,30
124940,0
124941,0
124942,0
124943,0
124944,40
124945,0
124946,0
124947,0
124948,0
124949,0
124950,0
124951,0
124952,48
124953,0
124954,0
124955,0
124956,33
124957,0
124958,0
124959,0
124960,0
124961,0
124962,0
124963,0
124964,33
124965,0
124966,0
124967,0
124968,0
124969,0
124970,0
124971,0
124972,34
124973,0
124974,0
124975,57
124976,0
124977,0
124978,0
124979,0
124980,0
124981,42
124982,0
124983,0
124984,33
124985,38
124986,23
124987,0
124988,0
124989,48
124990,0
124991,0
124992,0
124993,0
124994,0
124995,0
124996,0
124997,0
124998,0
124999,0
125000,0
125001,0
125002,0
125003,0
125004,0
125005,0
125006,0
125007,0
125008,0
125009,0
125010,28
125011,0
125012,0
125013,0
125014,0
125015,0
125016,35
125017,0
125018,0
125019,0
125020,50
125021,0
125022,0
125023,0
125024,0
125025,0
125026,0
125027,0
125028,0
125029,0
125030,31
125031,36
125032,0
125033,31
125034,58
125035,0
125036,39
125037,0
125038,0
125039,0
125040,0
125041,0
125042,49
125043,0
125044,0
125045,0
125046,0
125047,0
125048,0
125049,0
125050,0
125051,41
125052,0
125053,0
125054,0
125055,0
125056,0
125057,0
125058,0
125059,0
125060,0
125061,11
125062,0
125063,0
125064,0
125065,0
125066,24
125067,0
125068,27
125069,0
125070,0
125071,28
125072,0
125073,44
125074,0
125075,0
125076,0
125077,0
125078,0
125079,0
125080,0
125081,0
125082,0
125083,0
125084,0
125085,0
125086,0
125087,37
125088,0
125089,0
125090,27
125091,32
125092,0
125093,29
125094,0
125095,0
125096,0
125097,0
125098,0
125099,0
125100,23
125101,0
125102,0
125103,0
125104,32
125105,25
125106,0
125107,0
125108,27
125109,0
125110,0
125111,0
125112,0
125113,0
125114,0
125115,26
125116,0
125117,26
125118,26
125119,0
125120,0
125121,0
125122,23
125123,35
125124,0
125125,0
125126,0
125127,0
125128,0
125129,0
125130,0
125131,0
125132,34
125133,0
125134,0
125135,0
125136,23
125137,13
125138,0
125139,24
125140,0
125141,32
125142,0
125143,0
125144,0
125145,0
125146,0
125147,0
125148,0
125149,0
125150,42
125151,0
125152,43
125153,0
125154,24
125155,0
125156,0
125157,30
125158,0
125159,0
125160,0
125161,25
125162,0
125163,0
125164,31
125165,0
125166,17
125167,0
125168,0
125169,0
125170,0
125171,31
125172,0
125173,0
125174,0
125175,0
125176,0
125177,0
125178,0
125179,0
125180,28
125181,0
125182,0
125183,0
125184,23
125185,0
125186,0
125187,0
125188,0
125189,32
125190,0
125191,0
125192,0
125193,0
125194,0
125195,34
125196,0
125197,0
125198,0
125199,0
125200,0
125201,0
125202,0
125203,0
125204,0
125205,28
125206,0
125207,39
125208,29
125209,0
125210,0
125211,0
125212,16
125213,0
125214,21
125215,0
125216,47
125217,0
125218,0
125219,0
125220,0
125221,0
125222,0
125223,0
125224,0
125225,0
125226,0
125227,24
125228,21
125229,0
125230,0
125231,29
125232,32
125233,0
125234,0
125235,0
125236,0
125237,0
125238,0
125239,0
125240,0
125241,0
125242,0
125243,0
125244,0
125245,0
125246,0
125247,0
125248,0
125249,0
125250,0
125251,0
125252,0
125253,0
125254,0
125255,14
125256,0
125257,31
125258,0
125259,0
125260,0
125261,0
125262,0
125263,22
125264,0
125265,0
125266,0
125267,0
125268,24
125269,0
125270,0
125271,16
125272,0
125273,0
125274,0
125275,0
125276,0
125277,0
125278,0
125279,32
125280,33
125281,0
125282,0
125283,0
125284,0
125285,0
125286,0
125287,43
125288,0
125289,0
125290,0
125291,0
125292,0
125293,0
125294,0
125295,0
125296,0
125297,27
125298,0
125299,0
125300,25
125301,20
125302,0
125303,0
125304,0
125305,0
125306,0
125307,0
125308,23
125309,38
125310,0
125311,0
125312,0
125313,0
125314,0
125315,0
125316,32
125317,0
125318,0
125319,0
125320,0
125321,19
125322,0
125323,0
125324,0
125325,0
125326,0
125327,0
125328,34
125329,0
125330,0
125331,0
125332,32
125333,0
125334,0
125335,0
125336,0
125337,0
125338,0
125339,0
125340,0
125341,22
125342,0
125343,0
125344,0
125345,0
125346,0
125347,41
125348,0
125349,28
125350,0
125351,0
125352,0
125353,23
125354,0
125355,0
125356,0
125357,0
125358,28
125359,38
125360,0
125361,0
125362,27
125363,0
125364,0
125365,0
125366,21
125367,0
125368,0
125369,23
125370,0
125371,35
125372,25
125373,18
125374,0
125375,0
125376,0
125377,0
125378,0
125379,0
125380,29
125381,0
125382,33
125383,42
125384,0
125385,0
125386,0
125387,0
125388,0
125389,0
125390,16
125391,0
125392,0
125393,0
125394,23
125395,0
125396,0
125397,29
125398,0
125399,32
125400,0
125401,27
125402,29
125403,0
125404,39
125405,0
125406,0
125407,0
125408,0
125409,0
125410,0
125411,0
125412,0
125413,0
125414,27
125415,0
125416,0
125417,0
125418,51
125419,0
125420,26
125421,32
125422,0
125423,0
125424,0
125425,0
125426,0
125427,41
125428,29
125429,0
125430,14
125431,0
125432,0
125433,0
125434,0
125435,36
125436,0
125437,31
125438,0
125439,0
125440,0
125441,0
125442,24
125443,0
125444,17
125445,0
125446,0
125447,0
125448,0
125449,0
125450,22
125451,0
125452,0
125453,0
125454,0
125455,0
125456,25
125457,0
125458,0
125459,20
125460,27
125461,18
125462,0
125463,33
125464,0
125465,0
125466,0
125467,0
125468,0
125469,0
125470,0
125471,0
125472,0
125473,0
125474,40
125475,0
125476,30
125477,0
125478,0
125479,0
125480,0
125481,0
125482,0
125483,41
125484,0
125485,0
125486,23
125487,0
125488,0
125489,0
125490,0
125491,25
125492,0
125493,37
125494,0
125495,34
125496,0
125497,0
125498,0
125499,0
125500,35
125501,0
125502,0
125503,0
125504,0
125505,0
125506,0
125507,0
125508,0
125509,0
125510,32
125511,0
125512,0
125513,0
125514,0
125515,0
125516,0
125517,0
125518,0
125519,25
125520,0
125521,0
125522,0
125523,0
125524,0
125525,0
125526,0
125527,0
125528,0
125529,0
125530,0
125531,0
125532,0
125533,0
125534,0
125535,0
125536,0
125537,0
125538,0
125539,0
125540,0
125541,0
125542,0
125543,0
125544,0
125545,49
125546,0
125547,25
125548,0
125549,0
125550,0
125551,0
125552,0
125553,0
125554,0
125555,0
125556,0
125557,0
125558,0
125559,0
125560,0
125561,0
125562,0
125563,23
125564,0
125565,24
125566,0
125567,0
125568,0
125569,0
125570,0
125571,0
125572,0
125573,41
125574,0
125575,0
125576,0
125577,0
125578,0
125579,0
125580,19
125581,0
125582,0
125583,0
125584,0
125585,0
125586,0
125587,0
125588,0
125589,0
125590,0
125591,0
125592,38
125593,0
125594,0
125595,0
125596,0
125597,0
125598,0
125599,0
125600,0
125601,0
125602,0
125603,19
125604,0
125605,0
125606,0
125607,0
125608,0
125609,0
125610,0
125611,0
125612,0
125613,0
125614,0
125615,48
125616,0
125617,0
125618,0
125619,0
125620,0
125621,0
125622,0
125623,44
125624,0
125625,0
125626,0
125627,0
125628,0
125629,0
125630,0
125631,0
125632,0
125633,27
125634,0
125635,0
125636,0
125637,27
125638,0
125639,0
125640,0
125641,0
125642,0
125643,0
125644,0
125645,0
125646,0
125647,32
125648,0
125649,0
125650,0
125651,17
125652,0
125653,0
125654,16
125655,0
125656,0
125657,0
125658,0
125659,0
125660,0
125661,0
125662,0
125663,0
125664,0
125665,0
125666,0
125667,35
125668,0
125669,0
125670,0
125671,0
125672,0
125673,0
125674,0
125675,0
125676,0
125677,0
125678,0
125679,0
125680,0
125681,0
125682,0
125683,0
125684,0
125685,0
125686,0
125687,0
125688,32
125689,0
125690,0
125691,0
125692,0
125693,0
125694,0
125695,0
125696,0
125697,0
125698,0
125699,0
125700,0
125701,0
125702,0
125703,0
125704,0
125705,0
125706,0
125707,30
125708,0
125709,0
125710,0
125711,0
125712,0
125713,0
125714,38
125715,0
125716,22
125717,25
125718,0
125719,0
125720,0
125721,0
125722,27
125723,0
125724,38
125725,0
125726,0
125727,0
125728,0
125729,0
125730,0
125731,0
125732,0
125733,0
125734,0
125735,0
125736,0
125737,0
125738,0
125739,0
125740,29
125741,0
125742,0
125743,0
125744,0
125745,0
125746,0
125747,0
125748,0
125749,0
125750,0
125751,0
125752,0
125753,40
125754,28
125755,0
125756,0
125757,0
125758,0
125759,0
125760,0
125761,0
125762,0
125763,0
125764,0
125765,0
125766,0
125767,0
125768,25
125769,0
125770,0
125771,0
125772,46
125773,0
125774,0
125775,0
125776,0
125777,0
125778,0
125779,0
125780,0
125781,0
125782,0
125783,0
125784,0
125785,0
125786,0
125787,0
125788,0
125789,0
125790,0
125791,0
125792,0
125793,0
125794,0
125795,0
125796,0
125797,37
125798,0
125799,0
125800,55
125801,0
125802,0
125803,0
125804,0
125805,0
125806,0
125807,0
125808,0
125809,0
125810,0
125811,0
125812,0
125813,0
125814,0
125815,0
125816,0
125817,0
125818,0
125819,0
125820,0
125821,0
125822,0
125823,0
125824,0
125825,34
125826,24
125827,0
125828,0
125829,0
125830,0
125831,0
125832,0
125833,0
125834,0
125835,0
125836,0
125837,0
125838,27
125839,0
125840,0
125841,0
125842,0
125843,0
125844,0
125845,0
125846,0
125847,0
125848,0
125849,0
125850,0
125851,0
125852,0
125853,0
125854,0
125855,0
125856,28
125857,0
125858,0
125859,0
125860,0
125861,0
125862,40
125863,0
125864,0
125865,0
125866,0
125867,0
125868,0
125869,0
125870,33
125871,0
125872,0
125873,0
125874,0
125875,0
125876,0
125877,0
125878,0
125879,0
125880,0
125881,0
125882,0
125883,0
125884,0
125885,0
125886,0
125887,0
125888,0
125889,0
125890,0
125891,0
125892,0
125893,0
125894,0
125895,0
125896,0
125897,0
125898,0
125899,0
125900,0
125901,0
125902,0
125903,0
125904,0
125905,0
125906,0
125907,0
125908,0
125909,0
125910,0
125911,32
125912,0
125913,0
125914,36
125915,0
125916,0
125917,0
125918,0
125919,0
125920,0
125921,0
125922,0
125923,0
125924,0
125925,0
125926,0
125927,0
125928,0
125929,26
125930,0
125931,0
125932,29
125933,0
125934,0
125935,0
125936,0
125937,0
125938,0
125939,0
125940,0
125941,0
125942,0
125943,0
125944,0
125945,0
125946,0
125947,31
125948,0
125949,0
125950,0
125951,0
125952,0
125953,0
125954,0
125955,0
125956,0
125957,32
125958,0
125959,0
125960,0
125961,0
125962,0
125963,0
125964,0
125965,0
125966,0
125967,0
125968,0
125969,0
125970,0
125971,0
125972,0
125973,0
125974,0
125975,0
125976,0
125977,0
125978,0
125979,0
125980,29
125981,0
125982,0
125983,0
125984,0
125985,0
125986,0
125987,0
125988,0
125989,0
125990,0
125991,0
125992,0
125993,0
125994,36
125995,0
125996,0
125997,0
125998,53
125999,0
126000,0
126001,0
126002,0
126003,0
126004,0
126005,0
126006,0
126007,0
126008,0
126009,0
126010,0
126011,0
126012,0
126013,0
126014,0
126015,0
126016,0
126017,0
126018,0
126019,0
126020,0
126021,0
126022,0
126023,0
126024,0
126025,0
126026,0
126027,60
126028,0
126029,0
126030,0
126031,0
126032,0
126033,0
126034,0
126035,0
126036,0
126037,0
126038,0
126039,0
126040,27
126041,0
126042,0
126043,0
126044,0
126045,0
126046,0
126047,0
126048,0
126049,0
126050,0
126051,0
126052,0
126053,17
126054,0
126055,0
126056,0
126057,0
126058,0
126059,0
126060,0
126061,0
126062,24
126063,0
126064,0
126065,0
126066,0
126067,0
126068,0
126069,0
126070,0
126071,0
126072,0
126073,0
126074,0
126075,0
126076,0
126077,0
126078,37
126079,0
126080,17
126081,0
126082,27
126083,0
126084,0
126085,0
126086,0
126087,0
126088,0
126089,0
126090,0
126091,0
126092,0
126093,0
126094,0
126095,0
126096,0
126097,0
126098,0
126099,0
126100,0
126101,0
126102,0
126103,0
126104,0
126105,0
126106,0
126107,0
126108,46
126109,0
126110,0
126111,0
126112,0
126113,0
126114,0
126115,0
126116,0
126117,0
126118,0
126119,0
126120,0
126121,0
126122,0
126123,0
126124,0
126125,33
126126,0
126127,0
126128,0
126129,0
126130,0
126131,0
126132,20
126133,0
126134,0
126135,0
126136,0
126137,19
126138,0
126139,0
126140,0
126141,0
126142,0
126143,0
126144,0
126145,0
126146,0
126147,0
126148,0
126149,0
126150,0
126151,0
126152,0
126153,0
126154,0
126155,0
126156,0
126157,0
126158,0
126159,0
126160,0
126161,0
126162,0
126163,0
126164,0
126165,0
126166,0
126167,0
126168,0
126169,0
126170,0
126171,0
126172,0
126173,0
126174,0
126175,20
126176,0
126177,0
126178,0
126179,0
126180,0
126181,0
126182,37
126183,0
126184,0
126185,0
126186,0
126187,34
126188,0
126189,0
126190,0
126191,0
126192,0
126193,57
126194,0
126195,32
126196,0
126197,0
126198,0
126199,0
126200,0
126201,0
126202,0
126203,0
126204,0
126205,0
126206,0
126207,0
126208,0
126209,0
126210,0
126211,0
126212,0
126213,43
126214,0
126215,0
126216,0
126217,0
126218,0
126219,0
126220,0
126221,0
126222,0
126223,0
126224,0
126225,0
126226,0
126227,0
126228,0
126229,0
126230,0
126231,0
126232,0
126233,0
126234,0
126235,0
126236,0
126237,0
126238,0
126239,0
126240,0
126241,0
126242,0
126243,0
126244,0
126245,0
126246,0
126247,0
126248,0
126249,0
126250,0
126251,0
126252,0
126253,0
126254,0
126255,0
126256,0
126257,0
126258,0
126259,0
126260,30
126261,0
126262,0
126263,0
126264,0
126265,0
126266,0
126267,0
126268,0
126269,0
126270,0
126271,0
126272,0
126273,0
126274,39
126275,0
126276,0
126277,0
126278,0
126279,0
126280,0
126281,0
126282,0
126283,0
126284,0
126285,0
126286,0
126287,0
126288,0
126289,0
126290,30
126291,0
126292,0
126293,0
126294,0
126295,0
126296,0
126297,0
126298,0
126299,0
126300,0
126301,0
126302,0
126303,0
126304,0
126305,0
126306,0
126307,0
126308,0
126309,0
126310,0
126311,0
126312,0
126313,0
126314,0
126315,0
126316,0
126317,30
126318,0
126319,0
126320,0
126321,0
126322,0
126323,0
126324,0
126325,0
126326,36
126327,0
126328,35
126329,0
126330,0
126331,0
126332,0
126333,0
126334,0
126335,0
126336,0
126337,0
126338,0
126339,0
126340,0
126341,0
126342,0
126343,0
126344,0
126345,0
126346,0
126347,0
126348,0
126349,0
126350,0
126351,0
126352,0
126353,0
126354,0
126355,0
126356,0
126357,0
126358,0
126359,0
126360,0
126361,0
126362,0
126363,0
126364,0
126365,0
126366,0
126367,0
126368,0
126369,0
126370,0
126371,0
126372,0
126373,0
126374,0
126375,0
126376,0
126377,0
126378,0
126379,0
126380,0
126381,0
126382,0
126383,0
126384,0
126385,0
126386,36
126387,0
126388,0
126389,0
126390,0
126391,0
126392,0
126393,0
126394,0
126395,0
126396,0
126397,0
126398,0
126399,0
126400,0
126401,0
126402,0
126403,0
126404,0
126405,0
126406,0
126407,0
126408,0
126409,0
126410,0
126411,0
126412,0
126413,0
126414,0
126415,0
126416,0
126417,0
126418,0
126419,0
126420,0
126421,0
126422,0
126423,0
126424,0
126425,0
126426,0
126427,0
126428,0
126429,0
126430,0
126431,0
126432,0
126433,0
126434,0
126435,0
126436,0
126437,0
126438,0
126439,0
126440,0
126441,0
126442,0
126443,0
126444,0
126445,0
126446,0
126447,0
126448,0
126449,0
126450,0
126451,0
126452,0
126453,0
126454,0
126455,0
126456,0
126457,0
126458,0
126459,0
126460,0
126461,0
126462,0
126463,0
126464,0
126465,0
126466,0
126467,0
126468,0
126469,0
126470,0
126471,0
126472,0
126473,0
126474,0
126475,0
126476,0
126477,0
126478,0
126479,0
126480,0
126481,1
126482,0
126483,0
126484,0
126485,0
126486,0
126487,0
126488,0
126489,0
126490,0
126491,0
126492,0
126493,0
126494,0
126495,0
126496,0
126497,0
126498,0
126499,0
126500,0
126501,0
126502,0
126503,0
126504,0
126505,0
126506,0
126507,0
126508,0
126509,0
126510,0
126511,0
126512,0
126513,0
126514,0
126515,0
126516,0
126517,7
126518,0
126519,8
126520,0
126521,3
126522,0
126523,0
126524,0
126525,0
126526,8
126527,3
126528,0
126529,0
126530,0
126531,6
126532,0
126533,0
126534,0
126535,5
126536,0
126537,0
126538,0
126539,0
126540,3
126541,0
126542,2
126543,0
126544,0
126545,0
126546,0
126547,0
126548,0
126549,4
126550,0
126551,0
126552,12
126553,4
126554,9
126555,6
126556,0
126557,0
126558,0
126559,7
126560,0
126561,0
126562,0
126563,14
126564,9
126565,0
126566,0
126567,0
126568,0
126569,0
126570,0
126571,0
126572,0
126573,0
126574,0
126575,0
126576,0
126577,0
126578,0
126579,0
126580,0
126581,0
126582,0
126583,0
126584,0
126585,0
126586,3
126587,0
126588,3
126589,0
126590,0
126591,0
126592,0
126593,0
126594,7
126595,0
126596,0
126597,0
126598,5
126599,0
126600,0
126601,0
126602,0
126603,0
126604,0
126605,0
126606,0
126607,0
126608,0
126609,0
126610,0
126611,0
126612,0
126613,0
126614,0
126615,3
126616,0
126617,0
126618,3
126619,0
126620,0
126621,0
126622,0
126623,0
126624,0
126625,7
126626,0
126627,0
126628,0
126629,11
126630,0
126631,0
126632,0
126633,0
126634,0
126635,0
126636,8
126637,0
126638,0
126639,0
126640,0
126641,3
126642,0
126643,0
126644,5
126645,0
126646,0
126647,0
126648,0
126649,0
126650,0
126651,0
126652,0
126653,0
126654,0
126655,0
126656,0
126657,11
126658,0
126659,0
126660,8
126661,0
126662,0
126663,0
126664,0
126665,10
126666,0
126667,0
126668,0
126669,0
126670,0
126671,0
126672,0
126673,7
126674,0
126675,0
126676,0
126677,0
126678,0
126679,5
126680,0
126681,9
126682,0
126683,0
126684,0
126685,0
126686,0
126687,0
126688,0
126689,0
126690,0
126691,0
126692,0
126693,0
126694,0
126695,0
126696,0
126697,0
126698,0
126699,0
126700,5
126701,0
126702,0
126703,0
126704,0
126705,0
126706,0
126707,9
126708,0
126709,0
126710,0
126711,0
126712,0
126713,0
126714,0
126715,0
126716,0
126717,0
126718,0
126719,0
126720,7
126721,5
126722,0
126723,0
126724,0
126725,0
126726,0
126727,4
126728,0
126729,0
126730,0
126731,0
126732,0
126733,0
126734,0
126735,0
126736,0
126737,0
126738,0
126739,3
126740,1
126741,0
126742,0
126743,0
126744,0
126745,0
126746,0
126747,0
126748,0
126749,0
126750,0
126751,7
126752,0
126753,0
126754,0
126755,0
126756,0
126757,0
126758,0
126759,0
126760,0
126761,0
126762,0
126763,4
126764,0
126765,0
126766,0
126767,0
126768,7
126769,0
126770,0
126771,0
126772,0
126773,4
126774,0
126775,0
126776,0
126777,18
126778,0
126779,0
126780,0
126781,0
126782,17
126783,3
126784,0
126785,0
126786,0
126787,0
126788,0
126789,0
126790,0
126791,0
126792,5
126793,0
126794,0
126795,0
126796,0
126797,0
126798,4
126799,0
126800,0
126801,0
126802,11
126803,0
126804,0
126805,0
126806,0
126807,0
126808,0
126809,0
126810,0
126811,7
126812,0
126813,0
126814,0
126815,0
126816,0
126817,0
126818,0
126819,0
126820,0
126821,0
126822,0
126823,0
126824,0
126825,0
126826,0
126827,0
126828,0
126829,0
126830,0
126831,0
126832,0
126833,0
126834,0
126835,0
126836,4
126837,8
126838,3
126839,0
126840,0
126841,8
126842,5
126843,0
126844,0
126845,0
126846,7
126847,0
126848,4
126849,0
126850,0
126851,0
126852,0
126853,5
126854,0
126855,0
126856,0
126857,0
126858,0
126859,0
126860,0
126861,9
126862,11
126863,0
126864,0
126865,0
126866,0
126867,0
126868,0
126869,0
126870,0
126871,2
126872,0
126873,4
126874,0
126875,0
126876,0
126877,0
126878,0
126879,4
126880,0
126881,0
126882,0
126883,0
126884,0
126885,0
126886,0
126887,0
126888,0
126889,0
126890,0
126891,0
126892,0
126893,0
126894,0
126895,0
126896,0
126897,0
126898,5
126899,0
126900,0
126901,0
126902,0
126903,0
126904,9
126905,0
126906,0
126907,0
126908,0
126909,0
126910,0
126911,0
126912,0
126913,6
126914,0
126915,0
126916,0
126917,0
126918,0
126919,0
126920,0
126921,0
126922,0
126923,0
126924,0
126925,0
126926,8
126927,0
126928,0
126929,0
126930,7
126931,0
126932,0
126933,0
126934,0
126935,8
126936,0
126937,0
126938,0
126939,0
126940,0
126941,0
126942,0
126943,0
126944,3
126945,0
126946,0
126947,0
126948,2
126949,5
126950,0
126951,0
126952,0
126953,0
126954,0
126955,0
126956,0
126957,0
126958,0
126959,0
126960,0
126961,0
126962,0
126963,0
126964,0
126965,0
126966,0
126967,0
126968,0
126969,0
126970,0
126971,9
126972,0
126973,0
126974,0
126975,0
126976,0
126977,0
126978,0
126979,0
126980,0
126981,0
126982,0
126983,0
126984,0
126985,3
126986,0
126987,11
126988,0
126989,0
126990,0
126991,0
126992,8
126993,0
126994,0
126995,0
126996,0
126997,0
126998,0
126999,0
127000,0
127001,0
127002,0
127003,0
127004,0
127005,8
127006,0
127007,0
127008,0
127009,0
127010,0
127011,0
127012,0
127013,3
127014,0
127015,0
127016,0
127017,0
127018,0
127019,0
127020,4
127021,0
127022,0
127023,0
127024,0
127025,0
127026,0
127027,0
127028,0
127029,0
127030,0
127031,0
127032,3
127033,0
127034,0
127035,0
127036,4
127037,10
127038,0
127039,0
127040,4
127041,0
127042,0
127043,0
127044,0
127045,0
127046,0
127047,0
127048,0
127049,0
127050,0
127051,0
127052,0
127053,0
127054,0
127055,0
127056,0
127057,0
127058,0
127059,2
127060,0
127061,0
127062,0
127063,0
127064,0
127065,0
127066,31
127067,0
127068,0
127069,10
127070,0
127071,30
127072,0
127073,11
127074,0
127075,0
127076,0
127077,39
127078,0
127079,34
127080,0
127081,0
127082,0
127083,0
127084,0
127085,33
127086,0
127087,34
127088,0
127089,0
127090,0
127091,0
127092,38
127093,0
127094,0
127095,0
127096,0
127097,0
127098,0
127099,0
127100,0
127101,19
127102,0
127103,0
127104,0
127105,0
127106,0
127107,0
127108,27
127109,0
127110,0
127111,0
127112,0
127113,0
127114,0
127115,0
127116,27
127117,0
127118,26
127119,27
127120,0
127121,0
127122,0
127123,0
127124,0
127125,0
127126,0
127127,0
127128,0
127129,0
127130,17
127131,0
127132,29
127133,0
127134,0
127135,0
127136,20
127137,0
127138,0
127139,0
127140,0
127141,0
127142,0
127143,0
127144,0
127145,0
127146,25
127147,0
127148,23
127149,11
127150,0
127151,36
127152,0
127153,21
127154,0
127155,0
127156,0
127157,0
127158,0
127159,0
127160,0
127161,0
127162,0
127163,36
127164,0
127165,0
127166,0
127167,33
127168,0
127169,0
127170,0
127171,0
127172,23
127173,0
127174,0
127175,9
127176,25
127177,7
127178,0
127179,0
127180,0
127181,0
127182,0
127183,0
127184,0
127185,0
127186,0
127187,0
127188,34
127189,0
127190,26
127191,0
127192,0
127193,42
127194,27
127195,0
127196,0
127197,0
127198,0
127199,0
127200,0
127201,0
127202,32
127203,0
127204,50
127205,0
127206,0
127207,0
127208,30
127209,0
127210,20
127211,0
127212,0
127213,10
127214,0
127215,0
127216,0
127217,0
127218,0
127219,0
127220,0
127221,0
127222,25
127223,0
127224,0
127225,0
127226,0
127227,0
127228,0
127229,30
127230,0
127231,0
127232,0
127233,0
127234,0
127235,27
127236,16
127237,0
127238,40
127239,0
127240,24
127241,0
127242,0
127243,0
127244,0
127245,0
127246,24
127247,0
127248,0
127249,41
127250,0
127251,22
127252,0
127253,0
127254,0
127255,0
127256,0
127257,0
127258,13
127259,0
127260,32
127261,15
127262,0
127263,0
127264,0
127265,37
127266,0
127267,0
127268,0
127269,0
127270,21
127271,12
127272,0
127273,0
127274,0
127275,0
127276,25
127277,0
127278,0
127279,0
127280,0
127281,38
127282,0
127283,0
127284,0
127285,0
127286,0
127287,0
127288,0
127289,28
127290,21
127291,0
127292,0
127293,0
127294,0
127295,40
127296,0
127297,0
127298,0
127299,0
127300,0
127301,0
127302,0
127303,36
127304,0
127305,0
127306,0
127307,0
127308,0
127309,0
127310,17
127311,0
127312,0
127313,0
127314,0
127315,0
127316,0
127317,15
127318,24
127319,0
127320,0
127321,34
127322,0
127323,0
127324,0
127325,0
127326,27
127327,0
127328,0
127329,30
127330,32
127331,0
127332,24
127333,0
127334,0
127335,0
127336,0
127337,25
127338,0
127339,0
127340,0
127341,0
127342,0
127343,0
127344,0
127345,0
127346,25
127347,0
127348,39
127349,9
127350,0
127351,0
127352,34
127353,21
127354,0
127355,23
127356,0
127357,0
127358,0
127359,0
127360,32
127361,0
127362,0
127363,0
127364,20
127365,0
127366,36
127367,17
127368,0
127369,0
127370,0
127371,43
127372,0
127373,0
127374,0
127375,0
127376,13
127377,0
127378,25
127379,0
127380,0
127381,31
127382,0
127383,0
127384,22
127385,0
127386,0
127387,0
127388,7
127389,0
127390,0
127391,0
127392,20
127393,0
127394,0
127395,0
127396,0
127397,0
127398,0
127399,0
127400,8
127401,0
127402,0
127403,27
127404,0
127405,0
127406,0
127407,0
127408,0
127409,0
127410,0
127411,29
127412,0
127413,0
127414,0
127415,20
127416,15
127417,0
127418,0
127419,0
127420,0
127421,0
127422,0
127423,30
127424,31
127425,0
127426,0
127427,27
127428,0
127429,0
127430,0
127431,13
127432,13
127433,0
127434,38
127435,17
127436,0
127437,0
127438,0
127439,0
127440,0
127441,25
127442,0
127443,0
127444,0
127445,0
127446,13
127447,0
127448,0
127449,28
127450,0
127451,0
127452,43
127453,0
127454,0
127455,0
127456,0
127457,0
127458,0
127459,0
127460,0
127461,0
127462,0
127463,0
127464,0
127465,24
127466,0
127467,27
127468,0
127469,0
127470,0
127471,0
127472,0
127473,0
127474,16
127475,0
127476,0
127477,0
127478,0
127479,10
127480,0
127481,0
127482,43
127483,0
127484,0
127485,0
127486,0
127487,0
127488,0
127489,0
127490,0
127491,0
127492,16
127493,0
127494,19
127495,0
127496,0
127497,19
127498,0
127499,0
127500,0
127501,13
127502,0
127503,0
127504,0
127505,0
127506,0
127507,0
127508,0
127509,27
127510,0
127511,0
127512,17
127513,0
127514,0
127515,0
127516,30
127517,0
127518,16
127519,0
127520,0
127521,0
127522,0
127523,41
127524,0
127525,0
127526,0
127527,0
127528,0
127529,0
127530,25
127531,0
127532,0
127533,0
127534,0
127535,0
127536,0
127537,0
127538,0
127539,0
127540,23
127541,0
127542,0
127543,0
127544,8
127545,0
127546,33
127547,0
127548,0
127549,0
127550,0
127551,0
127552,0
127553,24
127554,0
127555,0
127556,0
127557,0
127558,0
127559,0
127560,0
127561,0
127562,0
127563,0
127564,0
127565,0
127566,0
127567,0
127568,24
127569,0
127570,0
127571,0
127572,0
127573,0
127574,0
127575,0
127576,0
127577,0
127578,0
127579,0
127580,0
127581,0
127582,26
127583,0
127584,14
127585,0
127586,0
127587,0
127588,42
127589,0
127590,0
127591,0
127592,0
127593,25
127594,19
127595,26
127596,0
127597,0
127598,0
127599,26
127600,0
127601,26
127602,32
127603,0
127604,35
127605,0
127606,33
127607,0
127608,0
127609,0
127610,0
127611,0
127612,0
127613,24
127614,0
127615,0
127616,0
127617,20
127618,26
127619,0
127620,0
127621,0
127622,34
127623,26
127624,0
127625,0
127626,0
127627,0
127628,0
127629,25
127630,36
127631,0
127632,18
127633,0
127634,0
127635,0
127636,0
127637,0
127638,0
127639,0
127640,0
127641,0
127642,0
127643,0
127644,0
127645,0
127646,0
127647,7
127648,13
127649,0
127650,52
127651,0
127652,30
127653,0
127654,0
127655,16
127656,16
127657,0
127658,22
127659,0
127660,19
127661,0
127662,0
127663,0
127664,0
127665,0
127666,24
127667,0
127668,36
127669,0
127670,25
127671,24
127672,21
127673,0
127674,0
127675,0
127676,0
127677,0
127678,0
127679,0
127680,0
127681,0
127682,30
127683,0
127684,0
127685,0
127686,0
127687,0
127688,0
127689,0
127690,28
127691,0
127692,0
127693,0
127694,35
127695,0
127696,0
127697,0
127698,0
127699,0
127700,27
127701,29
127702,25
127703,37
127704,0
127705,14
127706,0
127707,0
127708,0
127709,32
127710,0
127711,0
127712,0
127713,0
127714,0
127715,0
127716,0
127717,0
127718,0
127719,0
127720,0
127721,0
127722,0
127723,25
127724,14
127725,0
127726,19
127727,0
127728,0
127729,24
127730,0
127731,0
127732,22
127733,28
127734,0
127735,0
127736,0
127737,0
127738,0
127739,51
127740,0
127741,0
127742,0
127743,13
127744,0
127745,0
127746,23
127747,0
127748,25
127749,0
127750,34
127751,0
127752,0
127753,0
127754,0
127755,22
127756,0
127757,0
127758,0
127759,0
127760,0
127761,0
127762,0
127763,0
127764,0
127765,0
127766,0
127767,0
127768,0
127769,24
127770,0
127771,0
127772,22
127773,0
127774,0
127775,0
127776,0
127777,0
127778,0
127779,0
127780,0
127781,0
127782,0
127783,0
127784,0
127785,15
127786,0
127787,0
127788,18
127789,0
127790,0
127791,19
127792,16
127793,0
127794,0
127795,21
127796,0
127797,0
127798,0
127799,0
127800,0
127801,0
127802,0
127803,0
127804,0
127805,6
127806,0
127807,0
127808,18
127809,0
127810,0
127811,0
127812,13
127813,0
127814,0
127815,0
127816,0
127817,19
127818,0
127819,0
127820,0
127821,32
127822,0
127823,0
127824,34
127825,24
127826,0
127827,0
127828,0
127829,0
127830,24
127831,0
127832,0
127833,29
127834,0
127835,0
127836,24
127837,0
127838,0
127839,0
127840,0
127841,37
127842,0
127843,0
127844,0
127845,0
127846,0
127847,26
127848,0
127849,38
127850,0
127851,0
127852,0
127853,0
127854,0
127855,0
127856,0
127857,0
127858,0
127859,0
127860,0
127861,0
127862,27
127863,17
127864,28
127865,0
127866,0
127867,0
127868,0
127869,38
127870,0
127871,0
127872,0
127873,0
127874,0
127875,0
127876,0
127877,0
127878,0
127879,0
127880,0
127881,0
127882,0
127883,0
127884,0
127885,0
127886,0
127887,0
127888,0
127889,18
127890,0
127891,32
127892,36
127893,23
127894,0
127895,0
127896,0
127897,0
127898,0
127899,0
127900,0
127901,0
127902,0
127903,0
127904,33
127905,0
127906,31
127907,0
127908,0
127909,30
127910,0
127911,0
127912,24
127913,0
127914,0
127915,15
127916,0
127917,0
127918,0
127919,0
127920,21
127921,35
127922,0
127923,0
127924,0
127925,0
127926,0
127927,0
127928,0
127929,0
127930,0
127931,0
127932,31
127933,0
127934,0
127935,0
127936,0
127937,0
127938,0
127939,0
127940,0
127941,0
127942,0
127943,0
127944,0
127945,0
127946,0
127947,0
127948,0
127949,0
127950,22
127951,24
127952,0
127953,0
127954,0
127955,0
127956,0
127957,0
127958,9
127959,0
127960,24
127961,0
127962,0
127963,0
127964,22
127965,0
127966,18
127967,17
127968,28
127969,0
127970,0
127971,0
127972,25
127973,0
127974,0
127975,26
127976,0
127977,0
127978,14
127979,0
127980,0
127981,0
127982,0
127983,13
127984,0
127985,17
127986,32
127987,0
127988,0
127989,0
127990,0
127991,0
127992,0
127993,0
127994,0
127995,0
127996,25
127997,0
127998,0
127999,27
128000,18
128001,0
128002,0
128003,0
128004,0
128005,0
128006,0
128007,26
128008,0
128009,0
128010,0
128011,0
128012,0
128013,17
128014,0
128015,26
128016,0
128017,0
128018,0
128019,0
128020,0
128021,26
128022,8
128023,0
128024,0
128025,0
128026,0
128027,0
128028,0
128029,11
128030,0
128031,0
128032,0
128033,0
128034,0
128035,0
128036,0
128037,0
128038,0
128039,0
128040,0
128041,0
128042,0
128043,0
128044,0
128045,0
128046,0
128047,0
128048,0
128049,0
128050,0
128051,0
128052,0
128053,0
128054,0
128055,0
128056,0
128057,0
128058,0
128059,0
128060,0
128061,0
128062,0
128063,0
128064,0
128065,0
128066,0
128067,0
128068,0
128069,0
128070,0
128071,0
128072,0
128073,0
128074,0
128075,0
128076,0
128077,0
128078,0
128079,0
128080,0
128081,0
128082,0
128083,0
128084,0
128085,0
128086,0
128087,0
128088,0
128089,0
128090,0
128091,0
128092,0
128093,0
128094,0
128095,0
128096,0
128097,0
128098,0
128099,0
128100,0
128101,0
128102,0
128103,0
128104,0
128105,0
128106,0
128107,0
128108,0
128109,0
128110,0
128111,0
128112,0
128113,0
128114,0
128115,0
128116,0
128117,0
128118,0
128119,0
128120,0
128121,0
128122,0
128123,0
128124,0
128125,0
128126,0
128127,0
128128,0
128129,0
128130,0
128131,0
128132,0
128133,0
128134,0
128135,0
128136,0
128137,0
128138,0
128139,0
128140,0
128141,0
128142,0
128143,0
128144,0
128145,0
128146,0
128147,0
128148,0
128149,0
128150,0
128151,0
128152,0
128153,0
128154,0
128155,0
128156,0
128157,0
128158,0
128159,0
128160,0
128161,0
128162,0
128163,0
128164,0
128165,0
128166,0
128167,0
128168,0
128169,0
128170,0
128171,0
128172,0
128173,0
128174,0
128175,0
128176,0
128177,0
128178,0
128179,0
128180,0
128181,0
128182,0
128183,0
128184,0
128185,0
128186,0
128187,0
128188,0
128189,0
128190,0
128191,0
128192,0
128193,0
128194,0
128195,0
128196,0
128197,0
128198,0
128199,0
128200,0
128201,0
128202,0
128203,0
128204,0
128205,0
128206,0
128207,0
128208,0
128209,0
128210,0
128211,0
128212,0
128213,0
128214,0
128215,0
128216,0
128217,0
128218,0
128219,0
128220,0
128221,0
128222,0
128223,0
128224,0
128225,0
128226,0
128227,0
128228,0
128229,0
128230,0
128231,0
128232,0
128233,0
128234,0
128235,0
128236,0
128237,0
128238,0
128239,0
128240,0
128241,0
128242,19
128243,0
128244,0
128245,0
128246,0
128247,23
128248,16
128249,25
128250,0
128251,0
128252,0
128253,0
128254,0
128255,0
128256,0
128257,0
128258,0
128259,0
128260,0
128261,0
128262,0
128263,0
128264,17
128265,0
128266,0
128267,21
128268,0
128269,0
128270,25
128271,0
128272,0
128273,0
128274,0
128275,0
128276,0
128277,0
128278,0
128279,0
128280,0
128281,0
128282,0
128283,0
128284,0
128285,0
128286,23
128287,0
128288,0
128289,0
128290,20
128291,0
128292,0
128293,0
128294,0
128295,0
128296,19
128297,0
128298,0
128299,25
128300,0
128301,0
128302,0
128303,0
128304,16
128305,0
128306,26
128307,23
128308,24
128309,0
128310,16
128311,23
128312,0
128313,24
128314,23
128315,0
128316,0
128317,0
128318,0
128319,10
128320,0
128321,0
128322,0
128323,0
128324,46
128325,0
128326,0
128327,0
128328,0
128329,0
128330,29
128331,0
128332,0
128333,0
128334,0
128335,0
128336,0
128337,15
128338,0
128339,0
128340,0
128341,28
128342,24
128343,0
128344,27
128345,0
128346,0
128347,25
128348,0
128349,0
128350,0
128351,0
128352,0
128353,0
128354,0
128355,0
128356,0
128357,0
128358,0
128359,14
128360,0
128361,0
128362,0
128363,0
128364,0
128365,0
128366,0
128367,0
128368,0
128369,0
128370,0
128371,0
128372,0
128373,0
128374,0
128375,0
128376,0
128377,18
128378,0
128379,0
128380,17
128381,0
128382,0
128383,28
128384,0
128385,17
128386,0
128387,0
128388,0
128389,0
128390,0
128391,32
128392,0
128393,12
128394,0
128395,14
128396,0
128397,0
128398,0
128399,0
128400,0
128401,0
128402,23
128403,0
128404,26
128405,0
128406,0
128407,0
128408,0
128409,0
128410,0
128411,26
128412,16
128413,21
128414,0
128415,0
128416,22
128417,22
128418,0
128419,0
128420,0
128421,0
128422,39
128423,0
128424,0
128425,28
128426,0
128427,0
128428,0
128429,0
128430,0
128431,15
128432,0
128433,29
128434,0
128435,0
128436,13
128437,0
128438,24
128439,0
128440,0
128441,0
128442,0
128443,26
128444,0
128445,0
128446,0
128447,20
128448,0
128449,17
128450,0
128451,22
128452,33
128453,0
128454,0
128455,0
128456,19
128457,0
128458,0
128459,0
128460,15
128461,0
128462,0
128463,0
128464,15
128465,0
128466,0
128467,0
128468,18
128469,0
128470,0
128471,0
128472,0
128473,0
128474,19
128475,0
128476,27
128477,0
128478,0
128479,23
128480,0
128481,0
128482,35
128483,0
128484,11
128485,0
128486,16
128487,0
128488,0
128489,22
128490,15
128491,0
128492,0
128493,0
128494,0
128495,0
128496,0
128497,0
128498,0
128499,25
128500,0
128501,26
128502,0
128503,0
128504,0
128505,0
128506,16
128507,0
128508,0
128509,0
128510,0
128511,19
128512,12
128513,28
128514,0
128515,0
128516,0
128517,0
128518,0
128519,19
128520,0
128521,28
128522,22
128523,0
128524,17
128525,0
128526,0
128527,0
128528,0
128529,0
128530,0
128531,0
128532,17
128533,0
128534,13
128535,0
128536,0
128537,0
128538,22
128539,0
128540,28
128541,0
128542,16
128543,0
128544,0
128545,0
128546,0
128547,15
128548,0
128549,21
128550,0
128551,0
128552,10
128553,0
128554,0
128555,0
128556,21
128557,22
128558,0
128559,0
128560,0
128561,0
128562,0
128563,0
128564,0
128565,0
128566,0
128567,0
128568,0
128569,21
128570,33
128571,0
128572,0
128573,0
128574,22
128575,0
128576,36
128577,0
128578,0
128579,0
128580,17
128581,22
128582,0
128583,0
128584,0
128585,0
128586,0
128587,22
128588,15
128589,22
128590,0
128591,0
128592,0
128593,18
128594,0
128595,0
128596,11
128597,0
128598,0
128599,0
128600,0
128601,31
128602,20
128603,24
128604,16
128605,18
128606,19
128607,22
128608,0
128609,0
128610,0
128611,0
128612,0
128613,26
128614,0
128615,0
128616,0
128617,33
128618,0
128619,0
128620,10
128621,0
128622,18
128623,0
128624,0
128625,0
128626,0
128627,0
128628,0
128629,0
128630,14
128631,0
128632,0
128633,2
128634,0
128635,0
128636,0
128637,0
128638,0
128639,0
128640,0
128641,0
128642,0
128643,0
128644,0
128645,0
128646,0
128647,0
128648,0
128649,0
128650,2
128651,0
128652,0
128653,0
128654,0
128655,0
128656,0
128657,0
128658,0
128659,0
128660,0
128661,3
128662,0
128663,0
128664,0
128665,0
128666,2
128667,2
128668,0
128669,0
128670,0
128671,1
128672,0
128673,0
128674,0
128675,0
128676,0
128677,0
128678,0
128679,0
128680,0
128681,0
128682,0
128683,0
128684,0
128685,0
128686,0
128687,0
128688,0
128689,0
128690,0
128691,0
128692,0
128693,0
128694,0
128695,0
128696,0
128697,0
128698,0
128699,0
128700,0
128701,0
128702,0
128703,0
128704,0
128705,0
128706,0
128707,0
128708,0
128709,0
128710,0
128711,0
128712,0
128713,0
128714,0
128715,0
128716,0
128717,0
128718,0
128719,0
128720,1
128721,0
128722,0
128723,0
128724,0
128725,4
128726,0
128727,0
128728,0
128729,0
128730,0
128731,0
128732,0
128733,5
128734,0
128735,0
128736,0
128737,3
128738,0
128739,0
128740,5
128741,0
128742,0
128743,0
128744,0
128745,0
128746,0
128747,0
128748,0
128749,0
128750,0
128751,0
128752,0
128753,0
128754,0
128755,9
128756,0
128757,5
128758,0
128759,0
128760,0
128761,0
128762,0
128763,0
128764,0
128765,0
128766,0
128767,0
128768,0
128769,0
128770,0
128771,0
128772,0
128773,0
128774,7
128775,0
128776,0
128777,0
128778,0
128779,0
128780,0
128781,0
128782,0
128783,3
128784,0
128785,0
128786,0
128787,0
128788,1
128789,0
128790,0
128791,0
128792,0
128793,0
128794,0
128795,0
128796,0
128797,0
128798,3
128799,0
128800,3
128801,0
128802,0
128803,0
128804,0
128805,0
128806,0
128807,2
128808,0
128809,0
128810,0
128811,0
128812,0
128813,0
128814,0
128815,0
128816,0
128817,0
128818,3
128819,4
128820,0
128821,0
128822,0
128823,0
128824,0
128825,0
128826,0
128827,0
128828,0
128829,0
128830,0
128831,0
128832,0
128833,0
128834,0
128835,0
128836,0
128837,0
128838,0
128839,0
128840,0
128841,0
128842,0
128843,0
128844,0
128845,0
128846,0
128847,0
128848,0
128849,0
128850,0
128851,0
128852,0
128853,0
128854,0
128855,0
128856,0
128857,0
128858,0
128859,0
128860,0
128861,0
128862,0
128863,3
128864,0
128865,0
128866,0
128867,0
128868,0
128869,0
128870,0
128871,0
128872,0
128873,0
128874,0
128875,0
128876,0
128877,4
128878,0
128879,0
128880,0
128881,0
128882,0
128883,0
128884,0
128885,0
128886,0
128887,2
128888,0
128889,0
128890,0
128891,3
128892,0
128893,0
128894,0
128895,3
128896,0
128897,0
128898,0
128899,0
128900,1
128901,0
128902,0
128903,2
128904,0
128905,0
128906,0
128907,0
128908,0
128909,0
128910,0
128911,0
128912,0
128913,0
128914,0
128915,0
128916,0
128917,0
128918,0
128919,0
128920,0
128921,0
128922,0
128923,0
128924,0
128925,0
128926,0
128927,3
128928,0
128929,0
128930,2
128931,0
128932,4
128933,0
128934,0
128935,0
128936,0
128937,0
128938,0
128939,0
128940,0
128941,1
128942,0
128943,0
128944,0
128945,0
128946,0
128947,0
128948,0
128949,0
128950,0
128951,6
128952,3
128953,0
128954,0
128955,0
128956,0
128957,3
128958,0
128959,0
128960,0
128961,0
128962,0
128963,0
128964,0
128965,4
128966,0
128967,0
128968,0
128969,0
128970,0
128971,0
128972,0
128973,0
128974,0
128975,0
128976,0
128977,0
128978,0
128979,5
128980,0
128981,0
128982,0
128983,0
128984,0
128985,0
128986,0
128987,0
128988,0
128989,0
128990,0
128991,0
128992,0
128993,0
128994,0
128995,0
128996,0
128997,0
128998,0
128999,0
129000,0
129001,0
129002,5
129003,0
129004,0
129005,0
129006,0
129007,0
129008,0
129009,0
129010,0
129011,0
129012,0
129013,0
129014,0
129015,0
129016,0
129017,0
129018,0
129019,0
129020,0
129021,0
129022,0
129023,0
129024,0
129025,0
129026,0
129027,0
129028,4
129029,0
129030,0
129031,0
129032,0
129033,0
129034,0
129035,0
129036,0
129037,0
129038,0
129039,0
129040,0
129041,2
129042,0
129043,0
129044,0
129045,0
129046,0
129047,0
129048,0
129049,0
129050,0
129051,0
129052,0
129053,0
129054,0
129055,0
129056,6
129057,3
129058,0
129059,5
129060,0
129061,0
129062,0
129063,0
129064,0
129065,0
129066,0
129067,3
129068,0
129069,0
129070,0
129071,0
129072,0
129073,0
129074,0
129075,0
129076,0
129077,0
129078,8
129079,0
129080,0
129081,0
129082,2
129083,0
129084,0
129085,0
129086,0
129087,0
129088,0
129089,0
129090,0
129091,0
129092,0
129093,0
129094,0
129095,2
129096,0
129097,0
129098,2
129099,0
129100,0
129101,0
129102,0
129103,0
129104,0
129105,0
129106,0
129107,0
129108,6
129109,1
129110,0
129111,0
129112,0
129113,0
129114,0
129115,0
129116,0
129117,0
129118,0
129119,0
129120,0
129121,0
129122,0
129123,0
129124,0
129125,0
129126,0
129127,0
129128,0
129129,0
129130,0
129131,0
129132,0
129133,0
129134,0
129135,3
129136,0
129137,0
129138,0
129139,0
129140,0
129141,0
129142,0
129143,0
129144,0
129145,0
129146,0
129147,0
129148,3
129149,2
129150,0
129151,3
129152,0
129153,0
129154,5
129155,0
129156,0
129157,0
129158,0
129159,0
129160,0
129161,0
129162,4
129163,0
129164,0
129165,0
129166,0
129167,0
129168,0
129169,0
129170,0
129171,0
129172,0
129173,0
129174,0
129175,0
129176,0
129177,0
129178,0
129179,0
129180,0
129181,0
129182,0
129183,0
129184,0
129185,0
129186,0
129187,0
129188,0
129189,0
129190,0
129191,0
129192,0
129193,3
129194,0
129195,3
129196,0
129197,0
129198,4
129199,0
129200,0
129201,0
129202,1
129203,0
129204,0
129205,0
129206,3
129207,1
129208,0
129209,0
129210,0
129211,0
129212,3
129213,0
129214,0
129215,0
129216,0
129217,0
129218,0
129219,0
129220,0
129221,0
129222,0
129223,0
129224,0
129225,0
129226,0
129227,0
129228,0
129229,0
129230,2
129231,0
129232,0
129233,0
129234,0
129235,0
129236,1
129237,0
129238,0
129239,0
129240,0
129241,0
129242,1
129243,0
129244,0
129245,0
129246,0
129247,0
129248,2
129249,0
129250,2
129251,0
129252,0
129253,0
129254,0
129255,0
129256,0
129257,0
129258,0
129259,0
129260,0
129261,0
129262,0
129263,0
129264,0
129265,2
129266,0
129267,0
129268,0
129269,0
129270,0
129271,0
129272,3
129273,0
129274,0
129275,0
129276,0
129277,0
129278,0
129279,0
129280,0
129281,0
129282,0
129283,0
129284,0
129285,0
129286,0
129287,0
129288,1
129289,0
129290,0
129291,0
129292,0
129293,0
129294,0
129295,7
129296,0
129297,0
129298,0
129299,0
129300,3
129301,0
129302,0
129303,0
129304,2
129305,0
129306,0
129307,0
129308,0
129309,0
129310,0
129311,0
129312,0
129313,0
129314,0
129315,0
129316,0
129317,0
129318,2
129319,0
129320,0
129321,0
129322,0
129323,0
129324,0
129325,0
129326,0
129327,0
129328,0
129329,0
129330,0
129331,0
129332,0
129333,0
129334,0
129335,0
129336,0
129337,2
129338,0
129339,0
129340,0
129341,0
129342,0
129343,0
129344,0
129345,0
129346,0
129347,0
129348,0
129349,0
129350,0
129351,0
129352,0
129353,0
129354,0
129355,0
129356,1
129357,0
129358,3
129359,0
129360,0
129361,0
129362,0
129363,0
129364,0
129365,0
129366,0
129367,0
129368,0
129369,0
129370,6
129371,0
129372,0
129373,0
129374,0
129375,2
129376,0
129377,0
129378,0
129379,0
129380,2
129381,0
129382,0
129383,0
129384,0
129385,0
129386,0
129387,1
129388,2
129389,0
129390,0
129391,0
129392,0
129393,0
129394,0
129395,5
129396,2
129397,0
129398,0
129399,0
129400,0
129401,2
129402,2
129403,0
129404,0
129405,0
129406,0
129407,0
129408,0
129409,0
129410,0
129411,0
129412,2
129413,0
129414,0
129415,7
129416,0
129417,0
129418,0
129419,1
129420,0
129421,0
129422,4
129423,0
129424,0
129425,0
129426,0
129427,0
129428,0
129429,0
129430,0
129431,0
129432,0
129433,0
129434,0
129435,0
129436,0
129437,0
129438,0
129439,0
129440,0
129441,0
129442,0
129443,0
129444,0
129445,0
129446,0
129447,4
129448,0
129449,3
129450,0
129451,0
129452,2
129453,0
129454,0
129455,0
129456,0
129457,0
129458,0
129459,0
129460,0
129461,0
129462,0
129463,0
129464,0
129465,0
129466,0
129467,3
129468,0
129469,0
129470,0
129471,0
129472,0
129473,0
129474,8
129475,0
129476,0
129477,0
129478,0
129479,0
129480,0
129481,0
129482,0
129483,0
129484,0
129485,3
129486,1
129487,0
129488,0
129489,1
129490,0
129491,0
129492,0
129493,0
129494,0
129495,0
129496,0
129497,0
129498,0
129499,0
129500,0
129501,0
129502,0
129503,3
129504,0
129505,0
129506,0
129507,0
129508,0
129509,0
129510,0
129511,0
129512,0
129513,0
129514,0
129515,0
129516,6
129517,0
129518,0
129519,0
129520,0
129521,1
129522,0
129523,0
129524,0
129525,0
129526,0
129527,0
129528,0
129529,0
129530,0
129531,0
129532,0
129533,0
129534,6
129535,0
129536,3
129537,4
129538,0
129539,2
129540,0
129541,0
129542,0
129543,0
129544,0
129545,0
129546,0
129547,0
129548,0
129549,0
129550,0
129551,0
129552,0
129553,0
129554,0
129555,2
129556,0
129557,0
129558,3
129559,0
129560,0
129561,0
129562,0
129563,1
129564,2
129565,0
129566,0
129567,0
129568,0
129569,2
129570,0
129571,0
129572,0
129573,0
129574,0
129575,0
129576,0
129577,0
129578,0
129579,0
129580,0
129581,0
129582,0
129583,0
129584,0
129585,0
129586,0
129587,0
129588,0
129589,0
129590,0
129591,0
129592,0
129593,0
129594,0
129595,0
129596,0
129597,0
129598,0
129599,0
129600,0
129601,0
129602,0
129603,0
129604,0
129605,0
129606,0
129607,0
129608,0
129609,0
129610,0
129611,0
129612,3
129613,0
129614,0
129615,0
129616,0
129617,0
129618,0
129619,0
129620,0
129621,0
129622,0
129623,0
129624,0
129625,0
129626,0
129627,0
129628,0
129629,0
129630,17
129631,0
129632,0
129633,0
129634,33
129635,0
129636,0
129637,0
129638,0
129639,0
129640,0
129641,0
129642,0
129643,0
129644,0
129645,0
129646,0
129647,0
129648,0
129649,0
129650,0
129651,0
129652,0
129653,0
129654,0
129655,35
129656,0
129657,0
129658,0
129659,0
129660,0
129661,0
129662,0
129663,0
129664,0
129665,0
129666,0
129667,0
129668,0
129669,0
129670,0
129671,0
129672,0
129673,0
129674,0
129675,0
129676,0
129677,0
129678,0
129679,0
129680,0
129681,0
129682,0
129683,16
129684,0
129685,0
129686,0
129687,0
129688,0
129689,0
129690,0
129691,0
129692,0
129693,0
129694,0
129695,0
129696,0
129697,0
129698,0
129699,0
129700,0
129701,17
129702,36
129703,0
129704,0
129705,0
129706,0
129707,8
129708,18
129709,0
129710,0
129711,18
129712,0
129713,0
129714,0
129715,0
129716,0
129717,0
129718,0
129719,0
129720,0
129721,0
129722,0
129723,0
129724,0
129725,0
129726,0
129727,0
129728,0
129729,0
129730,0
129731,0
129732,0
129733,15
129734,0
129735,0
129736,0
129737,0
129738,0
129739,0
129740,0
129741,0
129742,0
129743,0
129744,0
129745,0
129746,15
129747,0
129748,0
129749,0
129750,0
129751,0
129752,0
129753,0
129754,0
129755,0
129756,10
129757,0
129758,0
129759,0
129760,0
129761,0
129762,0
129763,0
129764,0
129765,0
129766,0
129767,0
129768,0
129769,0
129770,0
129771,0
129772,0
129773,0
129774,18
129775,0
129776,0
129777,0
129778,0
129779,0
129780,0
129781,0
129782,0
129783,0
129784,0
129785,0
129786,0
129787,27
129788,0
129789,0
129790,0
129791,0
129792,0
129793,0
129794,0
129795,0
129796,0
129797,0
129798,0
129799,0
129800,0
129801,0
129802,20
129803,0
129804,0
129805,0
129806,0
129807,0
129808,0
129809,33
129810,0
129811,0
129812,0
129813,0
129814,0
129815,0
129816,0
129817,0
129818,0
129819,0
129820,0
129821,0
129822,0
129823,0
129824,0
129825,4
129826,18
129827,0
129828,0
129829,0
129830,0
129831,0
129832,0
129833,0
129834,0
129835,0
129836,0
129837,0
129838,0
129839,0
129840,0
129841,0
129842,0
129843,0
129844,0
129845,0
129846,0
129847,0
129848,0
129849,0
129850,24
129851,0
129852,0
129853,0
129854,0
129855,0
129856,0
129857,0
129858,0
129859,0
129860,0
129861,0
129862,0
129863,0
129864,0
129865,0
129866,0
129867,0
129868,0
129869,0
129870,0
129871,0
129872,0
129873,0
129874,0
129875,0
129876,0
129877,0
129878,0
129879,0
129880,0
129881,0
129882,20
129883,0
129884,0
129885,0
129886,0
129887,0
129888,0
129889,12
129890,0
129891,0
129892,0
129893,0
129894,0
129895,22
129896,0
129897,0
129898,0
129899,0
129900,0
129901,0
129902,0
129903,0
129904,0
129905,16
129906,13
129907,0
129908,0
129909,0
129910,0
129911,0
129912,0
129913,0
129914,0
129915,0
129916,0
129917,0
129918,0
129919,0
129920,0
129921,0
129922,0
129923,0
129924,0
129925,0
129926,0
129927,0
129928,0
129929,0
129930,0
129931,0
129932,20
129933,0
129934,0
129935,0
129936,0
129937,28
129938,0
129939,0
129940,0
129941,26
129942,0
129943,0
129944,0
129945,0
129946,0
129947,0
129948,0
129949,0
129950,0
129951,0
129952,0
129953,0
129954,0
129955,20
129956,0
129957,0
129958,0
129959,0
129960,0
129961,0
129962,0
129963,0
129964,0
129965,0
129966,0
129967,0
129968,0
129969,0
129970,0
129971,0
129972,0
129973,0
129974,22
129975,0
129976,0
129977,0
129978,0
129979,0
129980,0
129981,0
129982,0
129983,0
129984,0
129985,0
129986,0
129987,0
129988,0
129989,0
129990,17
129991,17
129992,0
129993,0
129994,0
129995,0
129996,0
129997,16
129998,0
129999,0
130000,0
130001,0
130002,12
130003,0
130004,0
130005,0
130006,0
130007,0
130008,13
130009,0
130010,0
130011,0
130012,0
130013,0
130014,0
130015,0
130016,0
130017,0
130018,0
130019,18
130020,0
130021,0
130022,0
130023,0
130024,0
130025,0
130026,0
130027,0
130028,0
130029,19
130030,0
130031,0
130032,0
130033,0
130034,21
130035,0
130036,0
130037,0
130038,0
130039,0
130040,0
130041,20
130042,0
130043,0
130044,0
130045,0
130046,22
130047,0
130048,0
130049,0
130050,0
130051,0
130052,0
130053,0
130054,8
130055,0
130056,0
130057,0
130058,0
130059,0
130060,0
130061,0
130062,0
130063,0
130064,0
130065,0
130066,0
130067,0
130068,0
130069,0
130070,0
130071,0
130072,0
130073,0
130074,0
130075,0
130076,14
130077,0
130078,0
130079,0
130080,12
130081,14
130082,0
130083,28
130084,0
130085,0
130086,16
130087,0
130088,0
130089,0
130090,0
130091,14
130092,0
130093,0
130094,0
130095,0
130096,0
130097,0
130098,0
130099,0
130100,0
130101,0
130102,10
130103,0
130104,0
130105,0
130106,21
130107,0
130108,0
130109,0
130110,0
130111,0
130112,0
130113,0
130114,0
130115,0
130116,0
130117,0
130118,11
130119,25
130120,0
130121,0
130122,0
130123,0
130124,0
130125,0
130126,0
130127,0
130128,0
130129,0
130130,0
130131,0
130132,0
130133,0
130134,0
130135,0
130136,0
130137,19
130138,0
130139,0
130140,0
130141,25
130142,0
130143,0
130144,0
130145,0
130146,0
130147,0
130148,0
130149,0
130150,0
130151,0
130152,0
130153,0
130154,0
130155,0
130156,6
130157,0
130158,0
130159,0
130160,0
130161,0
130162,0
130163,0
130164,0
130165,0
130166,0
130167,0
130168,0
130169,19
130170,0
130171,0
130172,7
130173,0
130174,0
130175,0
130176,0
130177,0
130178,0
130179,32
130180,0
130181,0
130182,0
130183,0
130184,0
130185,0
130186,0
130187,0
130188,0
130189,0
130190,0
130191,0
130192,0
130193,0
130194,0
130195,4
130196,0
130197,18
130198,0
130199,16
130200,0
130201,0
130202,0
130203,0
130204,0
130205,0
130206,0
130207,0
130208,28
130209,0
130210,0
130211,0
130212,0
130213,12
130214,0
130215,0
130216,19
130217,0
130218,0
130219,0
130220,0
130221,0
130222,0
130223,0
130224,0
130225,0
130226,11
130227,0
130228,0
130229,0
130230,0
130231,0
130232,0
130233,0
130234,0
130235,20
130236,0
130237,0
130238,0
130239,0
130240,0
130241,21
130242,40
130243,0
130244,0
130245,0
130246,0
130247,19
130248,0
130249,0
130250,0
130251,0
130252,0
130253,0
130254,0
130255,0
130256,18
130257,0
130258,18
130259,0
130260,0
130261,0
130262,16
130263,0
130264,0
130265,0
130266,0
130267,0
130268,0
130269,0
130270,0
130271,0
130272,0
130273,0
130274,0
130275,0
130276,0
130277,0
130278,0
130279,11
130280,0
130281,0
130282,0
130283,0
130284,0
130285,13
130286,0
130287,0
130288,0
130289,0
130290,0
130291,0
130292,25
130293,0
130294,0
130295,0
130296,0
130297,0
130298,0
130299,0
130300,0
130301,0
130302,0
130303,0
130304,0
130305,0
130306,19
130307,0
130308,0
130309,0
130310,0
130311,0
130312,0
130313,0
130314,0
130315,0
130316,0
130317,0
130318,0
130319,0
130320,0
130321,0
130322,0
130323,0
130324,0
130325,0
130326,0
130327,0
130328,0
130329,0
130330,0
130331,0
130332,0
130333,0
130334,0
130335,0
130336,0
130337,0
130338,0
130339,0
130340,0
130341,0
130342,0
130343,0
130344,0
130345,0
130346,0
130347,0
130348,0
130349,0
130350,0
130351,0
130352,0
130353,0
130354,0
130355,0
130356,0
130357,0
130358,0
130359,0
130360,0
130361,0
130362,0
130363,0
130364,0
130365,0
130366,0
130367,0
130368,0
130369,0
130370,0
130371,0
130372,0
130373,0
130374,0
130375,0
130376,0
130377,0
130378,0
130379,0
130380,0
130381,0
130382,0
130383,0
130384,0
130385,0
130386,0
130387,0
130388,0
130389,0
130390,0
130391,0
130392,0
130393,0
130394,0
130395,0
130396,0
130397,0
130398,0
130399,0
130400,0
130401,0
130402,0
130403,0
130404,0
130405,0
130406,0
130407,0
130408,0
130409,0
130410,0
130411,0
130412,0
130413,0
130414,0
130415,0
130416,0
130417,0
130418,0
130419,0
130420,0
130421,0
130422,0
130423,0
130424,0
130425,0
130426,0
130427,0
130428,0
130429,0
130430,0
130431,0
130432,0
130433,0
130434,0
130435,0
130436,0
130437,0
130438,0
130439,0
130440,0
130441,0
130442,0
130443,0
130444,0
130445,0
130446,0
130447,0
130448,0
130449,0
130450,0
130451,0
130452,0
130453,0
130454,0
130455,0
130456,0
130457,0
130458,0
130459,0
130460,0
130461,0
130462,0
130463,0
130464,0
130465,0
130466,0
130467,0
130468,0
130469,0
130470,0
130471,0
130472,0
130473,0
130474,0
130475,0
130476,0
130477,0
130478,0
130479,0
130480,0
130481,0
130482,0
130483,0
130484,0
130485,0
130486,0
130487,0
130488,0
130489,0
130490,0
130491,0
130492,0
130493,0
130494,0
130495,0
130496,0
130497,0
130498,0
130499,0
130500,0
130501,0
130502,0
130503,0
130504,0
130505,0
130506,0
130507,0
130508,0
130509,0
130510,0
130511,0
130512,0
130513,0
130514,0
130515,0
130516,0
130517,0
130518,0
130519,0
130520,0
130521,0
130522,0
130523,0
130524,0
130525,0
130526,0
130527,0
130528,0
130529,0
130530,0
130531,0
130532,0
130533,0
130534,0
130535,0
130536,0
130537,0
130538,0
130539,0
130540,0
130541,0
130542,0
130543,0
130544,0
130545,0
130546,0
130547,0
130548,0
130549,0
130550,0
130551,0
130552,0
130553,0
130554,0
130555,0
130556,0
130557,0
130558,0
130559,0
130560,0
130561,0
130562,0
130563,0
130564,0
130565,0
130566,0
130567,0
130568,0
130569,0
130570,0
130571,0
130572,0
130573,0
130574,0
130575,0
130576,0
130577,0
130578,0
130579,0
130580,0
130581,0
130582,0
130583,0
130584,0
130585,0
130586,0
130587,0
130588,0
130589,0
130590,0
130591,0
130592,0
130593,0
130594,0
130595,0
130596,0
130597,0
130598,0
130599,0
130600,0
130601,0
130602,0
130603,0
130604,0
130605,0
130606,0
130607,0
130608,0
130609,0
130610,0
130611,0
130612,0
130613,0
130614,0
130615,0
130616,0
130617,0
130618,0
130619,0
130620,0
130621,0
130622,0
130623,0
130624,0
130625,0
130626,0
130627,0
130628,0
130629,0
130630,0
130631,0
130632,0
130633,0
130634,0
130635,1
130636,0
130637,0
130638,0
130639,0
130640,0
130641,0
130642,0
130643,0
130644,0
130645,0
130646,0
130647,0
130648,0
130649,0
130650,0
130651,0
130652,0
130653,0
130654,0
130655,0
130656,0
130657,0
130658,0
130659,0
130660,0
130661,0
130662,0
130663,1
130664,0
130665,0
130666,0
130667,0
130668,0
130669,0
130670,0
130671,0
130672,0
130673,0
130674,0
130675,0
130676,0
130677,0
130678,0
130679,0
130680,0
130681,0
130682,0
130683,0
130684,0
130685,0
130686,0
130687,0
130688,0
130689,0
130690,0
130691,0
130692,0
130693,0
130694,0
130695,0
130696,0
130697,0
130698,0
130699,0
130700,0
130701,0
130702,0
130703,0
130704,0
130705,0
130706,1
130707,0
130708,0
130709,0
130710,0
130711,0
130712,0
130713,0
130714,0
130715,0
130716,0
130717,0
130718,0
130719,0
130720,0
130721,0
130722,0
130723,0
130724,0
130725,0
130726,0
130727,0
130728,0
130729,0
130730,0
130731,0
130732,0
130733,0
130734,0
130735,0
130736,0
130737,0
130738,0
130739,0
130740,0
130741,0
130742,0
130743,0
130744,0
130745,0
130746,0
130747,0
130748,0
130749,0
130750,0
130751,0
130752,0
130753,0
130754,0
130755,0
130756,0
130757,0
130758,0
130759,0
130760,0
130761,0
130762,0
130763,0
130764,0
130765,0
130766,0
130767,0
130768,0
130769,0
130770,0
130771,0
130772,0
130773,0
130774,0
130775,0
130776,0
130777,0
130778,0
130779,0
130780,0
130781,0
130782,0
130783,0
130784,0
130785,0
130786,0
130787,0
130788,0
130789,0
130790,0
130791,0
130792,0
130793,0
130794,0
130795,0
130796,0
130797,0
130798,0
130799,0
130800,0
130801,0
130802,0
130803,0
130804,0
130805,0
130806,0
130807,0
130808,0
130809,0
130810,0
130811,0
130812,0
130813,0
130814,0
130815,0
130816,0
130817,0
130818,0
130819,0
130820,0
130821,0
130822,0
130823,0
130824,0
130825,0
130826,0
130827,0
130828,0
130829,0
130830,0
130831,0
130832,0
130833,0
130834,0
130835,0
130836,0
130837,0
130838,0
130839,0
130840,0
130841,0
130842,0
130843,0
130844,0
130845,0
130846,0
130847,0
130848,0
130849,0
130850,0
130851,0
130852,0
130853,0
130854,0
130855,0
130856,0
130857,0
130858,0
130859,0
130860,0
130861,0
130862,0
130863,0
130864,0
130865,0
130866,0
130867,0
130868,0
130869,0
130870,0
130871,0
130872,0
130873,0
130874,0
130875,0
130876,0
130877,0
130878,0
130879,0
130880,0
130881,0
130882,0
130883,0
130884,0
130885,0
130886,0
130887,0
130888,0
130889,0
130890,0
130891,0
130892,0
130893,0
130894,0
130895,0
130896,0
130897,0
130898,1
130899,1
130900,0
130901,3
130902,0
130903,2
130904,2
130905,0
130906,0
130907,0
130908,0
130909,0
130910,0
130911,0
130912,0
130913,6
130914,0
130915,0
130916,0
130917,0
130918,0
130919,0
130920,0
130921,0
130922,0
130923,0
130924,4
130925,0
130926,0
130927,0
130928,0
130929,0
130930,0
130931,0
130932,1
130933,1
130934,3
130935,3
130936,0
130937,7
130938,0
130939,5
130940,0
130941,3
130942,0
130943,0
130944,0
130945,0
130946,4
130947,0
130948,0
130949,0
130950,0
130951,0
130952,0
130953,0
130954,0
130955,0
130956,0
130957,0
130958,0
130959,0
130960,3
130961,4
130962,0
130963,0
130964,5
130965,0
130966,0
130967,0
130968,0
130969,0
130970,3
130971,0
130972,4
130973,0
130974,0
130975,0
130976,0
130977,0
130978,0
130979,0
130980,0
130981,0
130982,4
130983,0
130984,7
130985,0
130986,4
130987,2
130988,0
130989,0
130990,0
130991,0
130992,5
130993,0
130994,1
130995,0
130996,0
130997,2
130998,0
130999,0
131000,0
131001,3
131002,0
131003,3
131004,4
131005,0
131006,1
131007,4
131008,0
131009,0
131010,0
131011,0
131012,0
131013,0
131014,0
131015,0
131016,0
131017,0
131018,0
131019,0
131020,0
131021,0
131022,0
131023,0
131024,0
131025,5
131026,0
131027,0
131028,6
131029,0
131030,0
131031,4
131032,6
131033,0
131034,0
131035,7
131036,0
131037,0
131038,0
131039,4
131040,2
131041,0
131042,0
131043,6
131044,0
131045,9
131046,1
131047,0
131048,0
131049,2
131050,2
131051,0
131052,0
131053,0
131054,0
131055,0
131056,0
131057,0
131058,0
131059,0
131060,0
131061,2
131062,0
131063,0
131064,0
131065,0
131066,0
131067,2
131068,0
131069,1
131070,0
131071,0
131072,2
131073,0
131074,0
131075,0
131076,4
131077,0
131078,2
131079,0
131080,0
131081,0
131082,0
131083,0
131084,3
131085,0
131086,7
131087,0
131088,4
131089,0
131090,0
131091,1
131092,0
131093,0
131094,0
131095,5
131096,2
131097,0
131098,0
131099,0
131100,0
131101,6
131102,0
131103,0
131104,0
131105,0
131106,0
131107,0
131108,9
131109,0
131110,0
131111,0
131112,1
131113,0
131114,4
131115,0
131116,0
131117,3
131118,0
131119,0
131120,0
131121,0
131122,0
131123,0
131124,0
131125,0
131126,0
131127,0
131128,4
131129,0
131130,1
131131,5
131132,0
131133,4
131134,0
131135,0
131136,0
131137,0
131138,0
131139,0
131140,0
131141,0
131142,0
131143,0
131144,0
131145,0
131146,3
131147,0
131148,0
131149,0
131150,0
131151,5
131152,0
131153,0
131154,0
131155,0
131156,7
131157,0
131158,0
131159,0
131160,0
131161,0
131162,0
131163,0
131164,5
131165,0
131166,3
131167,2
131168,7
131169,0
131170,0
131171,0
131172,4
131173,0
131174,0
131175,4
131176,0
131177,0
131178,4
131179,0
131180,0
131181,0
131182,0
131183,0
131184,0
131185,0
131186,1
131187,0
131188,0
131189,0
131190,0
131191,0
131192,0
131193,0
131194,0
131195,0
131196,0
131197,0
131198,0
131199,3
131200,2
131201,0
131202,0
131203,8
131204,0
131205,0
131206,0
131207,0
131208,0
131209,0
131210,0
131211,2
131212,3
131213,0
131214,3
131215,0
131216,5
131217,4
131218,0
131219,0
131220,0
131221,6
131222,0
131223,0
131224,0
131225,0
131226,0
131227,0
131228,2
131229,0
131230,0
131231,0
131232,0
131233,0
131234,0
131235,0
131236,5
131237,0
131238,0
131239,0
131240,6
131241,0
131242,0
131243,0
131244,1
131245,0
131246,0
131247,0
131248,0
131249,0
131250,0
131251,0
131252,0
131253,4
131254,0
131255,4
131256,0
131257,0
131258,0
131259,0
131260,0
131261,1
131262,0
131263,0
131264,0
131265,0
131266,0
131267,5
131268,0
131269,0
131270,0
131271,6
131272,0
131273,2
131274,0
131275,3
131276,0
131277,2
131278,0
131279,0
131280,1
131281,7
131282,0
131283,0
131284,2
131285,5
131286,0
131287,0
131288,0
131289,0
131290,0
131291,0
131292,0
131293,5
131294,0
131295,0
131296,0
131297,0
131298,8
131299,0
131300,0
131301,0
131302,0
131303,0
131304,0
131305,0
131306,0
131307,0
131308,0
131309,5
131310,0
131311,0
131312,0
131313,0
131314,5
131315,0
131316,0
131317,0
131318,0
131319,1
131320,0
131321,0
131322,0
131323,0
131324,0
131325,0
131326,0
131327,0
131328,0
131329,0
131330,5
131331,0
131332,0
131333,0
131334,0
131335,0
131336,0
131337,0
131338,2
131339,0
131340,0
131341,1
131342,5
131343,0
131344,4
131345,0
131346,0
131347,3
131348,0
131349,0
131350,0
131351,0
131352,0
131353,0
131354,0
131355,4
131356,0
131357,0
131358,0
131359,1
131360,7
131361,0
131362,0
131363,0
131364,0
131365,0
131366,0
131367,3
131368,0
131369,0
131370,0
131371,0
131372,0
131373,0
131374,0
131375,0
131376,4
131377,0
131378,0
131379,0
131380,0
131381,0
131382,0
131383,0
131384,0
131385,0
131386,0
131387,1
131388,0
131389,0
131390,0
131391,0
131392,0
131393,0
131394,0
131395,0
131396,0
131397,0
131398,0
131399,0
131400,2
131401,2
131402,0
131403,0
131404,0
131405,0
131406,0
131407,0
131408,0
131409,0
131410,6
131411,0
131412,0
131413,0
131414,0
131415,0
131416,0
131417,0
131418,0
131419,0
131420,0
131421,0
131422,0
131423,0
131424,0
131425,0
131426,0
131427,0
131428,0
131429,4
131430,0
131431,0
131432,0
131433,0
131434,0
131435,0
131436,0
131437,0
131438,0
131439,0
131440,0
131441,0
131442,0
131443,0
131444,4
131445,0
131446,0
131447,6
131448,0
131449,0
131450,0
131451,0
131452,4
131453,0
131454,0
131455,2
131456,0
131457,0
131458,1
131459,0
131460,0
131461,0
131462,0
131463,0
131464,0
131465,0
131466,6
131467,0
131468,0
131469,0
131470,0
131471,0
131472,0
131473,3
131474,0
131475,0
131476,0
131477,0
131478,4
131479,0
131480,5
131481,0
131482,0
131483,0
131484,0
131485,0
131486,3
131487,2
131488,0
131489,0
131490,0
131491,0
131492,0
131493,0
131494,0
131495,0
131496,0
131497,2
131498,5
131499,0
131500,0
131501,0
131502,0
131503,0
131504,0
131505,0
131506,0
131507,0
131508,0
131509,0
131510,0
131511,0
131512,0
131513,0
131514,0
131515,0
131516,0
131517,0
131518,0
131519,0
131520,0
131521,0
131522,0
131523,0
131524,0
131525,4
131526,0
131527,3
131528,0
131529,0
131530,0
131531,0
131532,0
131533,2
131534,0
131535,0
131536,0
131537,0
131538,0
131539,0
131540,0
131541,0
131542,1
131543,0
131544,0
131545,0
131546,0
131547,0
131548,0
131549,0
131550,0
131551,6
131552,0
131553,3
131554,6
131555,0
131556,0
131557,5
131558,0
131559,0
131560,0
131561,0
131562,0
131563,0
131564,1
131565,0
131566,0
131567,0
131568,0
131569,0
131570,0
131571,0
131572,0
131573,1
131574,3
131575,3
131576,0
131577,4
131578,0
131579,0
131580,0
131581,0
131582,0
131583,0
131584,0
131585,0
131586,0
131587,0
131588,0
131589,0
131590,0
131591,0
131592,0
131593,0
131594,0
131595,0
131596,0
131597,0
131598,0
131599,4
131600,4
131601,0
131602,3
131603,0
131604,0
131605,0
131606,0
131607,0
131608,0
131609,22
131610,0
131611,0
131612,27
131613,0
131614,0
131615,0
131616,0
131617,21
131618,39
131619,0
131620,0
131621,34
131622,0
131623,0
131624,21
131625,20
131626,0
131627,0
131628,0
131629,0
131630,22
131631,0
131632,29
131633,0
131634,0
131635,0
131636,0
131637,0
131638,0
131639,0
131640,0
131641,0
131642,0
131643,29
131644,0
131645,0
131646,0
131647,0
131648,0
131649,0
131650,0
131651,0
131652,0
131653,0
131654,0
131655,0
131656,0
131657,0
131658,0
131659,0
131660,22
131661,0
131662,0
131663,0
131664,0
131665,0
131666,0
131667,0
131668,0
131669,0
131670,0
131671,34
131672,19
131673,37
131674,0
131675,0
131676,28
131677,0
131678,17
131679,0
131680,0
131681,0
131682,0
131683,0
131684,0
131685,0
131686,0
131687,0
131688,17
131689,0
131690,0
131691,0
131692,0
131693,28
131694,0
131695,0
131696,0
131697,0
131698,0
131699,25
131700,0
131701,0
131702,0
131703,0
131704,23
131705,0
131706,0
131707,45
131708,0
131709,0
131710,0
131711,0
131712,0
131713,0
131714,41
131715,49
131716,0
131717,0
131718,0
131719,0
131720,23
131721,0
131722,0
131723,0
131724,0
131725,0
131726,0
131727,0
131728,0
131729,0
131730,0
131731,0
131732,0
131733,0
131734,0
131735,0
131736,0
131737,0
131738,0
131739,0
131740,0
131741,0
131742,0
131743,0
131744,0
131745,0
131746,0
131747,0
131748,0
131749,0
131750,0
131751,0
131752,0
131753,0
131754,0
131755,0
131756,0
131757,0
131758,0
131759,0
131760,0
131761,0
131762,0
131763,0
131764,0
131765,52
131766,0
131767,0
131768,0
131769,51
131770,0
131771,0
131772,0
131773,0
131774,32
131775,0
131776,39
131777,0
131778,0
131779,0
131780,34
131781,0
131782,0
131783,0
131784,0
131785,0
131786,0
131787,0
131788,0
131789,0
131790,0
131791,0
131792,0
131793,0
131794,0
131795,0
131796,0
131797,0
131798,0
131799,0
131800,0
131801,0
131802,0
131803,0
131804,0
131805,0
131806,0
131807,0
131808,0
131809,0
131810,0
131811,0
131812,0
131813,41
131814,0
131815,0
131816,0
131817,0
131818,0
131819,0
131820,0
131821,0
131822,0
131823,0
131824,0
131825,29
131826,0
131827,0
131828,26
131829,26
131830,33
131831,25
131832,0
131833,0
131834,0
131835,21
131836,0
131837,0
131838,0
131839,0
131840,0
131841,0
131842,0
131843,0
131844,0
131845,0
131846,29
131847,0
131848,24
131849,0
131850,0
131851,0
131852,0
131853,0
131854,0
131855,0
131856,0
131857,0
131858,0
131859,0
131860,41
131861,0
131862,0
131863,0
131864,42
131865,30
131866,0
131867,0
131868,0
131869,0
131870,0
131871,0
131872,0
131873,0
131874,0
131875,0
131876,0
131877,55
131878,0
131879,0
131880,0
131881,0
131882,0
131883,0
131884,0
131885,0
131886,0
131887,0
131888,52
131889,56
131890,0
131891,0
131892,0
131893,0
131894,0
131895,0
131896,18
131897,0
131898,0
131899,0
131900,37
131901,0
131902,27
131903,0
131904,0
131905,0
131906,0
131907,0
131908,0
131909,0
131910,0
131911,0
131912,27
131913,0
131914,0
131915,0
131916,0
131917,0
131918,0
131919,0
131920,0
131921,0
131922,0
131923,15
131924,0
131925,0
131926,0
131927,0
131928,0
131929,0
131930,0
131931,0
131932,25
131933,0
131934,0
131935,0
131936,0
131937,0
131938,0
131939,0
131940,0
131941,22
131942,0
131943,0
131944,18
131945,0
131946,19
131947,30
131948,0
131949,0
131950,0
131951,0
131952,0
131953,0
131954,0
131955,0
131956,0
131957,0
131958,26
131959,0
131960,0
131961,0
131962,0
131963,0
131964,0
131965,0
131966,0
131967,0
131968,0
131969,0
131970,0
131971,0
131972,0
131973,0
131974,0
131975,0
131976,0
131977,27
131978,0
131979,0
131980,0
131981,0
131982,0
131983,0
131984,0
131985,0
131986,0
131987,0
131988,0
131989,23
131990,0
131991,0
131992,0
131993,0
131994,24
131995,0
131996,0
131997,0
131998,0
131999,0
132000,21
132001,0
132002,16
132003,0
132004,0
132005,0
132006,0
132007,0
132008,0
132009,0
132010,24
132011,0
132012,0
132013,0
132014,0
132015,0
132016,0
132017,0
132018,0
132019,18
132020,0
132021,32
132022,0
132023,0
132024,0
132025,0
132026,0
132027,0
132028,0
132029,19
132030,0
132031,0
132032,0
132033,0
132034,0
132035,18
132036,0
132037,0
132038,0
132039,0
132040,0
132041,0
132042,0
132043,0
132044,0
132045,24
132046,21
132047,0
132048,0
132049,0
132050,0
132051,0
132052,0
132053,0
132054,0
132055,0
132056,0
132057,0
132058,0
132059,0
132060,0
132061,0
132062,0
132063,0
132064,33
132065,0
132066,0
132067,0
132068,28
132069,0
132070,0
132071,0
132072,0
132073,0
132074,0
132075,27
132076,0
132077,0
132078,0
132079,0
132080,0
132081,0
132082,0
132083,0
132084,0
132085,25
132086,0
132087,0
132088,21
132089,0
132090,0
132091,17
132092,0
132093,30
132094,0
132095,0
132096,0
132097,0
132098,18
132099,25
132100,0
132101,0
132102,0
132103,19
132104,0
132105,0
132106,28
132107,25
132108,26
132109,17
132110,0
132111,0
132112,0
132113,0
132114,0
132115,0
132116,0
132117,0
132118,26
132119,15
132120,0
132121,0
132122,0
132123,0
132124,0
132125,0
132126,0
132127,0
132128,0
132129,0
132130,0
132131,20
132132,0
132133,0
132134,0
132135,0
132136,21
132137,0
132138,0
132139,0
132140,0
132141,0
132142,0
132143,13
132144,21
132145,0
132146,0
132147,0
132148,0
132149,0
132150,0
132151,0
132152,0
132153,0
132154,0
132155,0
132156,0
132157,0
132158,0
132159,0
132160,0
132161,0
132162,0
132163,0
132164,0
132165,0
132166,0
132167,0
132168,0
132169,0
132170,0
132171,0
132172,0
132173,0
132174,0
132175,0
132176,0
132177,0
132178,0
132179,27
132180,31
132181,25
132182,0
132183,0
132184,0
132185,0
132186,0
132187,5
132188,3
132189,0
132190,0
132191,0
132192,0
132193,0
132194,3
132195,0
132196,0
132197,0
132198,0
132199,0
132200,0
132201,0
132202,0
132203,0
132204,0
132205,0
132206,6
132207,0
132208,0
132209,1
132210,0
132211,0
132212,2
132213,0
132214,0
132215,0
132216,2
132217,0
132218,6
132219,5
132220,4
132221,4
132222,4
132223,0
132224,5
132225,0
132226,0
132227,0
132228,0
132229,0
132230,7
132231,0
132232,0
132233,0
132234,0
132235,0
132236,0
132237,0
132238,0
132239,1
132240,0
132241,0
132242,0
132243,0
132244,0
132245,0
132246,0
132247,0
132248,0
132249,0
132250,1
132251,0
132252,2
132253,2
132254,1
132255,5
132256,0
132257,0
132258,0
132259,2
132260,0
132261,2
132262,0
132263,2
132264,0
132265,0
132266,3
132267,1
132268,0
132269,0
132270,0
132271,3
132272,3
132273,0
132274,0
132275,2
132276,0
132277,0
132278,3
132279,0
132280,0
132281,0
132282,0
132283,0
132284,0
132285,0
132286,2
132287,0
132288,0
132289,0
132290,2
132291,4
132292,0
132293,0
132294,0
132295,3
132296,0
132297,0
132298,0
132299,1
132300,3
132301,1
132302,0
132303,0
132304,2
132305,0
132306,0
132307,0
132308,5
132309,0
132310,0
132311,4
132312,0
132313,0
132314,6
132315,0
132316,0
132317,1
132318,0
132319,3
132320,1
132321,0
132322,0
132323,2
132324,0
132325,0
132326,0
132327,0
132328,0
132329,0
132330,3
132331,0
132332,0
132333,0
132334,0
132335,0
132336,5
132337,2
132338,0
132339,0
132340,0
132341,0
132342,0
132343,0
132344,2
132345,2
132346,4
132347,0
132348,0
132349,0
132350,3
132351,2
132352,4
132353,1
132354,2
132355,0
132356,1
132357,0
132358,3
132359,0
132360,0
132361,3
132362,1
132363,0
132364,0
132365,0
132366,0
132367,0
132368,0
132369,0
132370,0
132371,0
132372,5
132373,3
132374,0
132375,0
132376,1
132377,0
132378,3
132379,0
132380,0
132381,0
132382,0
132383,2
132384,0
132385,3
132386,0
132387,0
132388,0
132389,2
132390,0
132391,0
132392,0
132393,4
132394,0
132395,0
132396,0
132397,0
132398,0
132399,0
132400,0
132401,0
132402,0
132403,5
132404,0
132405,0
132406,4
132407,0
132408,0
132409,0
132410,0
132411,0
132412,1
132413,0
132414,0
132415,0
132416,0
132417,0
132418,0
132419,3
132420,0
132421,0
132422,3
132423,0
132424,0
132425,0
132426,0
132427,0
132428,0
132429,3
132430,0
132431,0
132432,0
132433,0
132434,0
132435,0
132436,3
132437,0
132438,0
132439,2
132440,0
132441,3
132442,0
132443,0
132444,0
132445,0
132446,0
132447,4
132448,0
132449,0
132450,0
132451,0
132452,1
132453,0
132454,0
132455,0
132456,0
132457,0
132458,2
132459,0
132460,3
132461,0
132462,0
132463,6
132464,1
132465,4
132466,4
132467,0
132468,0
132469,0
132470,0
132471,0
132472,0
132473,0
132474,0
132475,0
132476,1
132477,0
132478,2
132479,1
132480,0
132481,0
132482,3
132483,0
132484,1
132485,0
132486,5
132487,0
132488,2
132489,4
132490,0
132491,1
132492,0
132493,0
132494,0
132495,0
132496,0
132497,0
132498,0
132499,5
132500,2
132501,3
132502,0
132503,0
132504,0
132505,0
132506,0
132507,1
132508,0
132509,0
132510,0
132511,0
132512,0
132513,0
132514,4
132515,0
132516,1
132517,0
132518,0
132519,0
132520,0
132521,0
132522,0
132523,0
132524,0
132525,0
132526,0
132527,3
132528,0
132529,2
132530,2
132531,0
132532,0
132533,0
132534,0
132535,0
132536,1
132537,4
132538,4
132539,0
132540,0
132541,0
132542,0
132543,0
132544,0
132545,0
132546,0
132547,3
132548,0
132549,4
132550,2
132551,0
132552,3
132553,0
132554,0
132555,0
132556,0
132557,1
132558,4
132559,0
132560,0
132561,2
132562,1
132563,0
132564,0
132565,0
132566,0
132567,4
132568,0
132569,2
132570,0
132571,0
132572,0
132573,0
132574,0
132575,0
132576,1
132577,0
132578,0
132579,0
132580,0
132581,4
132582,0
132583,0
132584,0
132585,0
132586,1
132587,0
132588,0
132589,0
132590,0
132591,0
132592,0
132593,0
132594,0
132595,0
132596,0
132597,0
132598,1
132599,0
132600,1
132601,0
132602,6
132603,2
132604,0
132605,3
132606,0
132607,2
132608,0
132609,0
132610,0
132611,4
132612,0
132613,0
132614,0
132615,0
132616,0
132617,0
132618,0
132619,0
132620,3
132621,1
132622,0
132623,0
132624,0
132625,0
132626,0
132627,0
132628,0
132629,0
132630,0
132631,0
132632,0
132633,0
132634,0
132635,0
132636,0
132637,39
132638,0
132639,0
132640,0
132641,41
132642,0
132643,0
132644,0
132645,44
132646,0
132647,62
132648,0
132649,0
132650,43
132651,39
132652,0
132653,0
132654,0
132655,33
132656,68
132657,0
132658,29
132659,25
132660,36
132661,0
132662,19
132663,0
132664,36
132665,0
132666,0
132667,35
132668,0
132669,0
132670,0
132671,0
132672,0
132673,32
132674,0
132675,0
132676,37
132677,0
132678,41
132679,27
132680,0
132681,0
132682,24
132683,0
132684,0
132685,0
132686,0
132687,45
132688,0
132689,0
132690,27
132691,0
132692,31
132693,0
132694,0
132695,46
132696,0
132697,0
132698,0
132699,0
132700,0
132701,34
132702,37
132703,0
132704,0
132705,0
132706,0
132707,0
132708,0
132709,0
132710,0
132711,29
132712,0
132713,51
132714,0
132715,49
132716,30
132717,24
132718,0
132719,0
132720,0
132721,0
132722,0
132723,0
132724,32
132725,0
132726,0
132727,0
132728,0
132729,44
132730,0
132731,0
132732,0
132733,0
132734,0
132735,0
132736,34
132737,37
132738,0
132739,0
132740,0
132741,41
132742,45
132743,0
132744,0
132745,0
132746,0
132747,30
132748,35
132749,0
132750,0
132751,0
132752,0
132753,0
132754,0
132755,30
132756,34
132757,0
132758,0
132759,0
132760,0
132761,0
132762,0
132763,0
132764,43
132765,54
132766,0
132767,0
132768,0
132769,50
132770,0
132771,0
132772,57
132773,0
132774,0
132775,0
132776,0
132777,0
132778,0
132779,31
132780,0
132781,0
132782,32
132783,0
132784,0
132785,0
132786,0
132787,20
132788,48
132789,0
132790,40
132791,47
132792,0
132793,0
132794,27
132795,0
132796,0
132797,0
132798,0
132799,0
132800,0
132801,0
132802,0
132803,0
132804,0
132805,0
132806,71
132807,0
132808,0
132809,0
132810,0
132811,27
132812,40
132813,0
132814,0
132815,0
132816,0
132817,0
132818,18
132819,0
132820,0
132821,0
132822,43
132823,0
132824,31
132825,0
132826,0
132827,0
132828,0
132829,0
132830,37
132831,0
132832,29
132833,0
132834,0
132835,37
132836,67
132837,0
132838,71
132839,0
132840,0
132841,0
132842,37
132843,0
132844,0
132845,0
132846,0
132847,0
132848,0
132849,40
132850,0
132851,31
132852,0
132853,0
132854,38
132855,0
132856,0
132857,0
132858,0
132859,0
132860,0
132861,0
132862,38
132863,0
132864,0
132865,0
132866,0
132867,0
132868,0
132869,23
132870,0
132871,0
132872,60
132873,0
132874,0
132875,0
132876,29
132877,0
132878,0
132879,0
132880,0
132881,31
132882,0
132883,0
132884,0
132885,0
132886,0
132887,36
132888,27
132889,26
132890,25
132891,0
132892,0
132893,0
132894,20
132895,0
132896,0
132897,37
132898,0
132899,0
132900,0
132901,0
132902,0
132903,16
132904,0
132905,0
132906,36
132907,0
132908,0
132909,0
132910,58
132911,56
132912,0
132913,0
132914,38
132915,0
132916,34
132917,56
132918,55
132919,38
132920,0
132921,0
132922,0
132923,0
132924,42
132925,0
132926,35
132927,36
132928,0
132929,0
132930,0
132931,0
132932,53
132933,0
132934,0
132935,0
132936,26
132937,0
132938,0
132939,0
132940,57
132941,32
132942,0
132943,0
132944,0
132945,0
132946,26
132947,0
132948,0
132949,0
132950,0
132951,0
132952,0
132953,20
132954,0
132955,0
132956,33
132957,28
132958,0
132959,0
132960,0
132961,0
132962,0
132963,0
132964,0
132965,0
132966,0
132967,63
132968,0
132969,0
132970,0
132971,0
132972,47
132973,50
132974,0
132975,0
132976,23
132977,0
132978,45
132979,0
132980,0
132981,56
132982,0
132983,0
132984,35
132985,0
132986,0
132987,0
132988,0
132989,44
132990,0
132991,0
132992,0
132993,0
132994,0
132995,0
132996,0
132997,0
132998,0
132999,0
133000,67
133001,0
133002,0
133003,41
133004,0
133005,0
133006,0
133007,0
133008,0
133009,0
133010,25
133011,0
133012,40
133013,42
133014,0
133015,0
133016,20
133017,0
133018,0
133019,35
133020,0
133021,0
133022,0
133023,32
133024,0
133025,0
133026,0
133027,21
133028,0
133029,0
133030,30
133031,0
133032,32
133033,0
133034,29
133035,0
133036,37
133037,0
133038,0
133039,0
133040,24
133041,0
133042,0
133043,0
133044,40
133045,0
133046,0
133047,0
133048,0
133049,0
133050,31
133051,0
133052,0
133053,0
133054,46
133055,0
133056,0
133057,0
133058,0
133059,7
133060,0
133061,46
133062,0
133063,0
133064,0
133065,0
133066,0
133067,0
133068,39
133069,0
133070,0
133071,28
133072,0
133073,45
133074,28
133075,0
133076,0
133077,0
133078,0
133079,0
133080,0
133081,0
133082,54
133083,0
133084,0
133085,0
133086,0
133087,56
133088,0
133089,0
133090,0
133091,42
133092,40
133093,42
133094,26
133095,56
133096,0
133097,35
133098,28
133099,0
133100,0
133101,49
133102,0
133103,34
133104,0
133105,32
133106,0
133107,0
133108,0
133109,0
133110,19
133111,0
133112,0
133113,0
133114,0
133115,0
133116,22
133117,60
133118,0
133119,0
133120,33
133121,0
133122,0
133123,0
133124,0
133125,0
133126,0
133127,0
133128,27
133129,0
133130,0
133131,0
133132,0
133133,0
133134,0
133135,0
133136,40
133137,0
133138,0
133139,0
133140,0
133141,0
133142,0
133143,41
133144,0
133145,32
133146,0
133147,0
133148,0
133149,0
133150,83
133151,0
133152,42
133153,0
133154,0
133155,0
133156,33
133157,0
133158,0
133159,0
133160,0
133161,0
133162,56
133163,47
133164,0
133165,51
133166,28
133167,0
133168,0
133169,0
133170,51
133171,0
133172,0
133173,0
133174,0
133175,0
133176,27
133177,0
133178,0
133179,0
133180,28
133181,0
133182,0
133183,0
133184,0
133185,0
133186,0
133187,0
133188,0
133189,0
133190,0
133191,0
133192,0
133193,0
133194,41
133195,0
133196,0
133197,27
133198,0
133199,0
133200,73
133201,0
133202,0
133203,0
133204,28
133205,0
133206,40
133207,0
133208,0
133209,0
133210,0
133211,0
133212,0
133213,55
133214,0
133215,0
133216,54
133217,0
133218,0
133219,0
133220,27
133221,0
133222,0
133223,0
133224,36
133225,50
133226,35
133227,0
133228,0
133229,0
133230,0
133231,0
133232,0
133233,0
133234,0
133235,0
133236,31
133237,0
133238,0
133239,0
133240,0
133241,15
133242,57
133243,0
133244,0
133245,0
133246,0
133247,0
133248,0
133249,0
133250,0
133251,0
133252,0
133253,0
133254,0
133255,0
133256,0
133257,0
133258,0
133259,0
133260,0
133261,0
133262,0
133263,0
133264,0
133265,0
133266,0
133267,0
133268,0
133269,23
133270,0
133271,0
133272,57
133273,0
133274,0
133275,0
133276,0
133277,23
133278,0
133279,41
133280,43
133281,0
133282,0
133283,0
133284,0
133285,41
133286,0
133287,37
133288,0
133289,0
133290,65
133291,0
133292,39
133293,25
133294,0
133295,0
133296,0
133297,0
133298,0
133299,0
133300,0
133301,0
133302,0
133303,0
133304,0
133305,0
133306,0
133307,0
133308,0
133309,0
133310,0
133311,0
133312,37
133313,0
133314,0
133315,0
133316,0
133317,0
133318,23
133319,0
133320,0
133321,0
133322,0
133323,46
133324,0
133325,0
133326,0
133327,36
133328,0
133329,0
133330,0
133331,0
133332,0
133333,0
133334,0
133335,0
133336,74
133337,26
133338,32
133339,0
133340,32
133341,0
133342,30
133343,0
133344,44
133345,28
133346,0
133347,32
133348,0
133349,0
133350,0
133351,0
133352,38
133353,0
133354,14
133355,0
133356,0
133357,0
133358,0
133359,0
133360,0
133361,0
133362,0
133363,0
133364,0
133365,0
133366,0
133367,0
133368,0
133369,0
133370,47
133371,0
133372,0
133373,0
133374,33
133375,0
133376,0
133377,0
133378,0
133379,0
133380,0
133381,59
133382,31
133383,0
133384,0
133385,36
133386,0
133387,0
133388,62
133389,0
133390,0
133391,0
133392,0
133393,0
133394,0
133395,37
133396,0
133397,0
133398,0
133399,0
133400,0
133401,0
133402,0
133403,20
133404,0
133405,0
133406,0
133407,0
133408,0
133409,0
133410,0
133411,0
133412,0
133413,0
133414,0
133415,0
133416,0
133417,0
133418,0
133419,0
133420,25
133421,0
133422,0
133423,38
133424,0
133425,0
133426,0
133427,0
133428,43
133429,23
133430,0
133431,0
133432,0
133433,0
133434,0
133435,0
133436,0
133437,0
133438,0
133439,0
133440,0
133441,38
133442,0
133443,45
133444,38
133445,0
133446,0
133447,62
133448,0
133449,0
133450,0
133451,0
133452,0
133453,0
133454,0
133455,0
133456,0
133457,0
133458,0
133459,0
133460,36
133461,0
133462,0
133463,0
133464,0
133465,0
133466,0
133467,0
133468,0
133469,22
133470,37
133471,0
133472,0
133473,0
133474,0
133475,28
133476,0
133477,0
133478,0
133479,35
133480,0
133481,46
133482,0
133483,0
133484,0
133485,0
133486,0
133487,0
133488,0
133489,0
133490,48
133491,0
133492,35
133493,0
133494,0
133495,0
133496,0
133497,0
133498,0
133499,0
133500,0
133501,49
133502,36
133503,0
133504,0
133505,0
133506,40
133507,46
133508,0
133509,0
133510,0
133511,0
133512,0
133513,0
133514,0
133515,0
133516,0
133517,0
133518,0
133519,38
133520,0
133521,0
133522,0
133523,0
133524,34
133525,0
133526,0
133527,0
133528,0
133529,0
133530,0
133531,0
133532,38
133533,27
133534,0
133535,0
133536,0
133537,71
133538,0
133539,0
133540,0
133541,0
133542,0
133543,0
133544,28
133545,0
133546,0
133547,0
133548,0
133549,0
133550,0
133551,60
133552,0
133553,0
133554,0
133555,0
133556,0
133557,48
133558,26
133559,0
133560,0
133561,0
133562,0
133563,0
133564,27
133565,30
133566,0
133567,0
133568,0
133569,0
133570,0
133571,35
133572,0
133573,0
133574,0
133575,0
133576,0
133577,0
133578,0
133579,0
133580,0
133581,0
133582,0
133583,0
133584,0
133585,50
133586,0
133587,0
133588,27
133589,0
133590,0
133591,0
133592,0
133593,0
133594,0
133595,0
133596,0
133597,0
133598,0
133599,20
133600,0
133601,0
133602,0
133603,0
133604,0
133605,30
133606,55
133607,0
133608,0
133609,0
133610,0
133611,0
133612,0
133613,28
133614,0
133615,39
133616,29
133617,0
133618,0
133619,0
133620,55
133621,0
133622,24
133623,0
133624,29
133625,38
133626,0
133627,23
133628,0
133629,0
133630,0
133631,0
133632,0
133633,66
133634,0
133635,0
133636,0
133637,0
133638,0
133639,0
133640,0
133641,0
133642,0
133643,0
133644,0
133645,0
133646,0
133647,0
133648,0
133649,0
133650,0
133651,0
133652,0
133653,0
133654,0
133655,0
133656,0
133657,0
133658,0
133659,0
133660,0
133661,0
133662,0
133663,0
133664,0
133665,0
133666,0
133667,0
133668,0
133669,0
133670,0
133671,0
133672,0
133673,0
133674,0
133675,0
133676,0
133677,0
133678,0
133679,0
133680,0
133681,0
133682,0
133683,0
133684,0
133685,0
133686,0
133687,0
133688,0
133689,0
133690,0
133691,0
133692,0
133693,0
133694,0
133695,0
133696,0
133697,0
133698,0
133699,0
133700,0
133701,0
133702,0
133703,0
133704,0
133705,0
133706,0
133707,0
133708,0
133709,0
133710,0
133711,0
133712,0
133713,0
133714,0
133715,0
133716,0
133717,0
133718,0
133719,0
133720,0
133721,0
133722,0
133723,0
133724,0
133725,0
133726,0
133727,0
133728,0
133729,0
133730,0
133731,0
133732,0
133733,0
133734,0
133735,0
133736,0
133737,0
133738,0
133739,0
133740,0
133741,0
133742,0
133743,0
133744,0
133745,0
133746,0
133747,0
133748,0
133749,0
133750,0
133751,0
133752,0
133753,0
133754,0
133755,0
133756,0
133757,0
133758,0
133759,0
133760,0
133761,0
133762,0
133763,0
133764,0
133765,0
133766,0
133767,0
133768,0
133769,0
133770,0
133771,0
133772,0
133773,0
133774,0
133775,0
133776,0
133777,0
133778,0
133779,0
133780,0
133781,0
133782,0
133783,0
133784,0
133785,0
133786,0
133787,0
133788,0
133789,0
133790,0
133791,0
133792,0
133793,0
133794,0
133795,0
133796,0
133797,0
133798,0
133799,0
133800,0
133801,0
133802,0
133803,0
133804,0
133805,0
133806,0
133807,0
133808,0
133809,0
133810,0
133811,0
133812,0
133813,0
133814,0
133815,0
133816,0
133817,0
133818,0
133819,0
133820,0
133821,0
133822,0
133823,0
133824,0
133825,0
133826,0
133827,0
133828,0
133829,0
133830,0
133831,0
133832,0
133833,0
133834,0
133835,0
133836,0
133837,0
133838,0
133839,0
133840,0
133841,0
133842,0
133843,0
133844,0
133845,0
133846,0
133847,0
133848,0
133849,0
133850,0
133851,0
133852,0
133853,0
133854,0
133855,0
133856,0
133857,0
133858,0
133859,0
133860,0
133861,0
133862,0
133863,0
133864,0
133865,0
133866,0
133867,0
133868,0
133869,0
133870,0
133871,0
133872,0
133873,0
133874,0
133875,0
133876,20
133877,0
133878,0
133879,0
133880,40
133881,27
133882,0
133883,0
133884,0
133885,0
133886,0
133887,0
133888,0
133889,0
133890,19
133891,0
133892,0
133893,0
133894,0
133895,0
133896,0
133897,0
133898,0
133899,0
133900,0
133901,0
133902,0
133903,0
133904,0
133905,13
133906,0
133907,20
133908,0
133909,0
133910,0
133911,0
133912,0
133913,32
133914,0
133915,0
133916,0
133917,0
133918,0
133919,0
133920,0
133921,34
133922,32
133923,0
133924,31
133925,0
133926,0
133927,0
133928,0
133929,0
133930,0
133931,0
133932,23
133933,0
133934,30
133935,0
133936,29
133937,18
133938,0
133939,0
133940,0
133941,0
133942,0
133943,0
133944,0
133945,0
133946,0
133947,32
133948,0
133949,0
133950,0
133951,0
133952,0
133953,0
133954,20
133955,0
133956,0
133957,0
133958,0
133959,0
133960,0
133961,0
133962,0
133963,17
133964,0
133965,0
133966,0
133967,0
133968,0
133969,0
133970,0
133971,0
133972,0
133973,29
133974,0
133975,0
133976,0
133977,0
133978,0
133979,0
133980,0
133981,0
133982,19
133983,0
133984,20
133985,0
133986,0
133987,0
133988,35
133989,0
133990,0
133991,24
133992,0
133993,0
133994,0
133995,0
133996,0
133997,0
133998,0
133999,0
134000,0
134001,19
134002,0
134003,0
134004,0
134005,0
134006,25
134007,0
134008,0
134009,0
134010,15
134011,28
134012,0
134013,0
134014,0
134015,0
134016,0
134017,0
134018,0
134019,0
134020,0
134021,0
134022,0
134023,0
134024,0
134025,0
134026,28
134027,0
134028,0
134029,0
134030,0
134031,0
134032,0
134033,0
134034,37
134035,52
134036,0
134037,22
134038,0
134039,0
134040,0
134041,0
134042,24
134043,37
134044,0
134045,0
134046,0
134047,0
134048,0
134049,0
134050,0
134051,0
134052,0
134053,0
134054,0
134055,0
134056,22
134057,36
134058,0
134059,25
134060,0
134061,0
134062,0
134063,0
134064,0
134065,0
134066,0
134067,0
134068,0
134069,0
134070,0
134071,0
134072,0
134073,24
134074,29
134075,0
134076,0
134077,0
134078,0
134079,0
134080,43
134081,0
134082,0
134083,0
134084,39
134085,0
134086,0
134087,0
134088,0
134089,24
134090,23
134091,0
134092,0
134093,0
134094,0
134095,0
134096,0
134097,0
134098,0
134099,0
134100,0
134101,0
134102,37
134103,0
134104,0
134105,0
134106,20
134107,0
134108,12
134109,21
134110,0
134111,0
134112,0
134113,0
134114,0
134115,39
134116,25
134117,0
134118,0
134119,30
134120,0
134121,0
134122,0
134123,0
134124,0
134125,0
134126,0
134127,0
134128,0
134129,0
134130,0
134131,0
134132,10
134133,0
134134,0
134135,0
134136,0
134137,0
134138,0
134139,0
134140,0
134141,0
134142,0
134143,0
134144,24
134145,0
134146,0
134147,0
134148,0
134149,0
134150,0
134151,0
134152,0
134153,0
134154,0
134155,0
134156,0
134157,0
134158,0
134159,0
134160,0
134161,0
134162,0
134163,0
134164,0
134165,0
134166,15
134167,19
134168,0
134169,0
134170,0
134171,0
134172,0
134173,0
134174,0
134175,0
134176,0
134177,21
134178,0
134179,0
134180,0
134181,0
134182,0
134183,0
134184,0
134185,0
134186,0
134187,0
134188,0
134189,0
134190,0
134191,0
134192,0
134193,0
134194,0
134195,0
134196,0
134197,0
134198,0
134199,0
134200,0
134201,0
134202,33
134203,0
134204,0
134205,0
134206,0
134207,0
134208,0
134209,0
134210,0
134211,20
134212,0
134213,0
134214,0
134215,0
134216,19
134217,0
134218,0
134219,17
134220,0
134221,0
134222,0
134223,0
134224,28
134225,0
134226,0
134227,0
134228,0
134229,32
134230,21
134231,0
134232,31
134233,0
134234,0
134235,0
134236,27
134237,0
134238,0
134239,0
134240,0
134241,0
134242,0
134243,0
134244,0
134245,0
134246,0
134247,0
134248,0
134249,0
134250,0
134251,0
134252,0
134253,0
134254,28
134255,0
134256,0
134257,0
134258,0
134259,34
134260,0
134261,0
134262,0
134263,0
134264,24
134265,0
134266,20
134267,0
134268,0
134269,0
134270,0
134271,28
134272,0
134273,0
134274,31
134275,0
134276,0
134277,0
134278,0
134279,0
134280,0
134281,0
134282,0
134283,0
134284,0
134285,19
134286,17
134287,0
134288,0
134289,26
134290,30
134291,21
134292,26
134293,0
134294,42
134295,16
134296,0
134297,18
134298,0
134299,0
134300,0
134301,0
134302,0
134303,0
134304,0
134305,0
134306,0
134307,0
134308,35
134309,0
134310,20
134311,0
134312,23
134313,0
134314,0
134315,0
134316,0
134317,30
134318,31
134319,0
134320,0
134321,0
134322,36
134323,0
134324,0
134325,0
134326,0
134327,0
134328,0
134329,19
134330,0
134331,0
134332,0
134333,34
134334,0
134335,0
134336,0
134337,0
134338,29
134339,0
134340,0
134341,0
134342,0
134343,0
134344,0
134345,0
134346,0
134347,0
134348,0
134349,25
134350,0
134351,0
134352,0
134353,21
134354,0
134355,0
134356,0
134357,18
134358,0
134359,0
134360,0
134361,0
134362,0
134363,30
134364,0
134365,27
134366,0
134367,0
134368,34
134369,0
134370,0
134371,20
134372,0
134373,0
134374,0
134375,0
134376,0
134377,0
134378,0
134379,0
134380,24
134381,31
134382,0
134383,0
134384,0
134385,0
134386,0
134387,0
134388,19
134389,0
134390,0
134391,0
134392,33
134393,0
134394,0
134395,0
134396,36
134397,0
134398,0
134399,0
134400,24
134401,0
134402,0
134403,0
134404,0
134405,0
134406,0
134407,0
134408,0
134409,0
134410,0
134411,21
134412,0
134413,14
134414,23
134415,0
134416,0
134417,0
134418,21
134419,0
134420,0
134421,35
134422,0
134423,0
134424,0
134425,0
134426,17
134427,0
134428,0
134429,0
134430,0
134431,0
134432,17
134433,30
134434,0
134435,0
134436,0
134437,26
134438,0
134439,0
134440,0
134441,27
134442,0
134443,0
134444,0
134445,29
134446,0
134447,0
134448,0
134449,0
134450,0
134451,0
134452,0
134453,0
134454,18
134455,0
134456,14
134457,0
134458,0
134459,0
134460,0
134461,0
134462,0
134463,0
134464,0
134465,0
134466,0
134467,0
134468,0
134469,0
134470,0
134471,0
134472,0
134473,17
134474,0
134475,0
134476,33
134477,24
134478,0
134479,0
134480,0
134481,0
134482,0
134483,0
134484,0
134485,29
134486,0
134487,21
134488,0
134489,0
134490,0
134491,0
134492,0
134493,0
134494,0
134495,0
134496,0
134497,32
134498,34
134499,0
134500,0
134501,0
134502,34
134503,0
134504,0
134505,0
134506,0
134507,0
134508,0
134509,0
134510,0
134511,0
134512,0
134513,0
134514,0
134515,0
134516,0
134517,0
134518,0
134519,25
134520,0
134521,0
134522,30
134523,0
134524,0
134525,0
134526,0
134527,0
134528,0
134529,0
134530,36
134531,0
134532,24
134533,0
134534,0
134535,19
134536,0
134537,0
134538,12
134539,0
134540,0
134541,0
134542,0
134543,0
134544,0
134545,0
134546,0
134547,0
134548,0
134549,0
134550,0
134551,0
134552,0
134553,0
134554,0
134555,0
134556,0
134557,0
134558,0
134559,0
134560,0
134561,0
134562,0
134563,0
134564,0
134565,0
134566,0
134567,0
134568,0
134569,0
134570,0
134571,0
134572,0
134573,0
134574,0
134575,0
134576,0
134577,0
134578,0
134579,0
134580,0
134581,0
134582,0
134583,0
134584,0
134585,0
134586,0
134587,0
134588,0
134589,0
134590,0
134591,0
134592,0
134593,0
134594,0
134595,0
134596,0
134597,0
134598,0
134599,0
134600,0
134601,0
134602,0
134603,0
134604,0
134605,0
134606,0
134607,0
134608,0
134609,0
134610,0
134611,0
134612,0
134613,0
134614,0
134615,0
134616,0
134617,0
134618,0
134619,0
134620,0
134621,0
134622,0
134623,0
134624,0
134625,0
134626,0
134627,0
134628,0
134629,0
134630,0
134631,0
134632,0
134633,0
134634,0
134635,0
134636,0
134637,0
134638,0
134639,0
134640,0
134641,1
134642,0
134643,0
134644,0
134645,0
134646,0
134647,0
134648,0
134649,0
134650,0
134651,0
134652,0
134653,0
134654,0
134655,0
134656,0
134657,0
134658,0
134659,0
134660,0
134661,0
134662,0
134663,0
134664,0
134665,0
134666,0
134667,0
134668,0
134669,0
134670,0
134671,0
134672,0
134673,0
134674,0
134675,0
134676,0
134677,0
134678,0
134679,0
134680,0
134681,0
134682,0
134683,0
134684,0
134685,0
134686,0
134687,0
134688,0
134689,0
134690,0
134691,0
134692,0
134693,0
134694,0
134695,0
134696,0
134697,0
134698,0
134699,0
134700,0
134701,0
134702,0
134703,0
134704,0
134705,0
134706,0
134707,1
134708,0
134709,0
134710,0
134711,0
134712,0
134713,0
134714,0
134715,0
134716,0
134717,0
134718,0
134719,0
134720,0
134721,0
134722,0
134723,0
134724,0
134725,0
134726,0
134727,0
134728,0
134729,0
134730,0
134731,0
134732,0
134733,0
134734,0
134735,0
134736,0
134737,0
134738,0
134739,0
134740,0
134741,0
134742,0
134743,0
134744,0
134745,0
134746,0
134747,0
134748,0
134749,0
134750,0
134751,0
134752,0
134753,0
134754,0
134755,0
134756,0
134757,0
134758,0
134759,0
134760,0
134761,0
134762,0
134763,0
134764,0
134765,0
134766,0
134767,0
134768,0
134769,0
134770,0
134771,0
134772,0
134773,0
134774,0
134775,0
134776,0
134777,0
134778,0
134779,0
134780,0
134781,0
134782,0
134783,0
134784,0
134785,0
134786,0
134787,0
134788,0
134789,0
134790,0
134791,0
134792,0
134793,0
134794,0
134795,0
134796,0
134797,0
134798,0
134799,0
134800,0
134801,0
134802,0
134803,0
134804,0
134805,0
134806,0
134807,0
134808,0
134809,0
134810,0
134811,0
134812,0
134813,0
134814,0
134815,0
134816,0
134817,0
134818,0
134819,0
134820,0
134821,0
134822,0
134823,0
134824,0
134825,0
134826,0
134827,0
134828,0
134829,0
134830,0
134831,0
134832,0
134833,0
134834,0
134835,0
134836,0
134837,0
134838,0
134839,0
134840,0
134841,0
134842,0
134843,0
134844,0
134845,0
134846,0
134847,0
134848,0
134849,0
134850,0
134851,0
134852,0
134853,0
134854,0
134855,0
134856,0
134857,0
134858,0
134859,0
134860,0
134861,0
134862,0
134863,0
134864,0
134865,0
134866,0
134867,0
134868,0
134869,0
134870,0
134871,0
134872,0
134873,0
134874,0
134875,0
134876,0
134877,0
134878,0
134879,0
134880,0
134881,0
134882,0
134883,0
134884,0
134885,0
134886,0
134887,0
134888,0
134889,0
134890,0
134891,0
134892,0
134893,0
134894,0
134895,0
134896,0
134897,0
134898,0
134899,0
134900,0
134901,0
134902,0
134903,0
134904,0
134905,0
134906,0
134907,0
134908,0
134909,0
134910,0
134911,0
134912,0
134913,0
134914,0
134915,0
134916,0
134917,11
134918,0
134919,0
134920,0
134921,0
134922,0
134923,0
134924,9
134925,0
134926,0
134927,0
134928,0
134929,0
134930,4
134931,0
134932,0
134933,0
134934,5
134935,0
134936,0
134937,0
134938,7
134939,0
134940,0
134941,0
134942,0
134943,0
134944,0
134945,0
134946,0
134947,13
134948,0
134949,0
134950,0
134951,0
134952,0
134953,0
134954,0
134955,12
134956,0
134957,0
134958,0
134959,0
134960,0
134961,0
134962,0
134963,0
134964,0
134965,0
134966,0
134967,0
134968,0
134969,9
134970,1
134971,0
134972,0
134973,0
134974,0
134975,0
134976,0
134977,0
134978,0
134979,0
134980,0
134981,0
134982,0
134983,0
134984,0
134985,0
134986,0
134987,7
134988,0
134989,0
134990,0
134991,9
134992,0
134993,0
134994,0
134995,0
134996,0
134997,0
134998,0
134999,0
135000,0
135001,0
135002,0
135003,0
135004,0
135005,0
135006,0
135007,0
135008,3
135009,0
135010,0
135011,0
135012,0
135013,0
135014,0
135015,0
135016,0
135017,0
135018,0
135019,0
135020,0
135021,0
135022,0
135023,0
135024,0
135025,0
135026,0
135027,0
135028,8
135029,0
135030,7
135031,0
135032,0
135033,0
135034,0
135035,0
135036,0
135037,0
135038,0
135039,0
135040,0
135041,0
135042,0
135043,0
135044,0
135045,0
135046,0
135047,0
135048,0
135049,8
135050,0
135051,7
135052,5
135053,0
135054,0
135055,8
135056,0
135057,0
135058,7
135059,0
135060,0
135061,5
135062,0
135063,0
135064,0
135065,0
135066,0
135067,0
135068,9
135069,0
135070,0
135071,0
135072,0
135073,0
135074,0
135075,0
135076,0
135077,12
135078,0
135079,0
135080,0
135081,7
135082,0
135083,10
135084,0
135085,0
135086,0
135087,0
135088,0
135089,0
135090,0
135091,0
135092,0
135093,0
135094,0
135095,0
135096,0
135097,0
135098,0
135099,0
135100,0
135101,0
135102,0
135103,0
135104,0
135105,0
135106,0
135107,0
135108,0
135109,0
135110,0
135111,0
135112,0
135113,0
135114,0
135115,0
135116,0
135117,13
135118,0
135119,0
135120,0
135121,0
135122,0
135123,13
135124,0
135125,0
135126,0
135127,9
135128,0
135129,0
135130,0
135131,0
135132,0
135133,0
135134,0
135135,0
135136,4
135137,0
135138,0
135139,0
135140,0
135141,0
135142,0
135143,0
135144,0
135145,0
135146,0
135147,0
135148,0
135149,9
135150,8
135151,0
135152,0
135153,0
135154,0
135155,3
135156,0
135157,7
135158,0
135159,0
135160,0
135161,5
135162,0
135163,0
135164,0
135165,0
135166,0
135167,0
135168,0
135169,0
135170,0
135171,0
135172,0
135173,0
135174,0
135175,0
135176,11
135177,0
135178,12
135179,0
135180,0
135181,8
135182,0
135183,0
135184,0
135185,8
135186,0
135187,0
135188,0
135189,0
135190,0
135191,0
135192,8
135193,0
135194,0
135195,0
135196,0
135197,6
135198,0
135199,0
135200,0
135201,0
135202,0
135203,0
135204,5
135205,0
135206,0
135207,0
135208,6
135209,0
135210,5
135211,0
135212,0
135213,0
135214,0
135215,0
135216,0
135217,0
135218,0
135219,0
135220,0
135221,0
135222,0
135223,17
135224,0
135225,0
135226,0
135227,5
135228,8
135229,8
135230,0
135231,0
135232,0
135233,0
135234,0
135235,0
135236,0
135237,0
135238,5
135239,0
135240,10
135241,0
135242,0
135243,0
135244,0
135245,0
135246,10
135247,0
135248,0
135249,0
135250,0
135251,9
135252,0
135253,0
135254,0
135255,0
135256,9
135257,0
135258,0
135259,0
135260,0
135261,0
135262,0
135263,0
135264,0
135265,0
135266,0
135267,6
135268,0
135269,11
135270,7
135271,0
135272,0
135273,0
135274,0
135275,0
135276,0
135277,0
135278,0
135279,0
135280,0
135281,0
135282,0
135283,0
135284,0
135285,7
135286,0
135287,0
135288,0
135289,0
135290,0
135291,0
135292,0
135293,0
135294,6
135295,3
135296,0
135297,7
135298,0
135299,0
135300,0
135301,0
135302,0
135303,6
135304,0
135305,13
135306,0
135307,0
135308,0
135309,0
135310,0
135311,0
135312,0
135313,0
135314,0
135315,0
135316,0
135317,7
135318,0
135319,0
135320,0
135321,0
135322,0
135323,0
135324,0
135325,0
135326,7
135327,0
135328,0
135329,0
135330,0
135331,0
135332,0
135333,0
135334,0
135335,0
135336,0
135337,7
135338,0
135339,0
135340,14
135341,8
135342,7
135343,0
135344,0
135345,0
135346,10
135347,0
135348,0
135349,0
135350,0
135351,0
135352,5
135353,0
135354,0
135355,0
135356,9
135357,0
135358,0
135359,0
135360,0
135361,0
135362,0
135363,0
135364,6
135365,6
135366,0
135367,0
135368,0
135369,0
135370,0
135371,7
135372,7
135373,0
135374,0
135375,6
135376,0
135377,5
135378,0
135379,0
135380,0
135381,0
135382,0
135383,0
135384,0
135385,0
135386,0
135387,0
135388,0
135389,6
135390,3
135391,0
135392,0
135393,0
135394,0
135395,0
135396,0
135397,0
135398,0
135399,10
135400,0
135401,0
135402,0
135403,0
135404,0
135405,0
135406,0
135407,0
135408,0
135409,21
135410,0
135411,0
135412,0
135413,0
135414,22
135415,25
135416,0
135417,0
135418,0
135419,0
135420,21
135421,0
135422,0
135423,0
135424,0
135425,0
135426,0
135427,0
135428,0
135429,0
135430,0
135431,22
135432,20
135433,0
135434,0
135435,0
135436,0
135437,0
135438,0
135439,0
135440,0
135441,24
135442,0
135443,24
135444,0
135445,28
135446,31
135447,0
135448,21
135449,26
135450,0
135451,0
135452,0
135453,0
135454,0
135455,0
135456,0
135457,21
135458,0
135459,30
135460,0
135461,0
135462,0
135463,0
135464,0
135465,30
135466,0
135467,0
135468,0
135469,0
135470,0
135471,0
135472,0
135473,0
135474,0
135475,21
135476,31
135477,0
135478,14
135479,34
135480,0
135481,0
135482,0
135483,28
135484,0
135485,0
135486,0
135487,0
135488,17
135489,0
135490,0
135491,0
135492,24
135493,0
135494,23
135495,0
135496,0
135497,28
135498,26
135499,37
135500,0
135501,0
135502,0
135503,0
135504,25
135505,0
135506,0
135507,0
135508,0
135509,0
135510,0
135511,0
135512,0
135513,0
135514,0
135515,35
135516,0
135517,0
135518,0
135519,0
135520,0
135521,0
135522,0
135523,0
135524,0
135525,0
135526,0
135527,27
135528,0
135529,0
135530,19
135531,0
135532,0
135533,0
135534,0
135535,19
135536,0
135537,0
135538,0
135539,0
135540,12
135541,0
135542,0
135543,16
135544,0
135545,0
135546,0
135547,0
135548,0
135549,27
135550,0
135551,0
135552,24
135553,0
135554,0
135555,8
135556,0
135557,0
135558,0
135559,0
135560,23
135561,33
135562,0
135563,0
135564,27
135565,24
135566,0
135567,0
135568,0
135569,0
135570,0
135571,0
135572,0
135573,0
135574,25
135575,35
135576,0
135577,0
135578,15
135579,22
135580,0
135581,23
135582,0
135583,0
135584,0
135585,22
135586,16
135587,27
135588,29
135589,0
135590,13
135591,0
135592,23
135593,0
135594,0
135595,0
135596,0
135597,20
135598,17
135599,0
135600,0
135601,33
135602,0
135603,21
135604,0
135605,0
135606,0
135607,25
135608,0
135609,0
135610,24
135611,0
135612,0
135613,0
135614,0
135615,0
135616,0
135617,27
135618,0
135619,0
135620,29
135621,0
135622,0
135623,0
135624,0
135625,0
135626,30
135627,0
135628,32
135629,0
135630,0
135631,0
135632,0
135633,0
135634,16
135635,29
135636,0
135637,0
135638,0
135639,0
135640,0
135641,26
135642,31
135643,0
135644,0
135645,29
135646,26
135647,0
135648,20
135649,0
135650,0
135651,22
135652,0
135653,0
135654,31
135655,0
135656,0
135657,0
135658,0
135659,0
135660,0
135661,0
135662,20
135663,0
135664,24
135665,23
135666,0
135667,0
135668,0
135669,0
135670,0
135671,28
135672,0
135673,28
135674,0
135675,0
135676,0
135677,29
135678,14
135679,29
135680,0
135681,0
135682,0
135683,23
135684,0
135685,0
135686,0
135687,0
135688,0
135689,27
135690,0
135691,35
135692,33
135693,19
135694,0
135695,0
135696,0
135697,0
135698,0
135699,0
135700,24
135701,28
135702,0
135703,0
135704,0
135705,22
135706,0
135707,0
135708,29
135709,28
135710,0
135711,30
135712,0
135713,0
135714,0
135715,0
135716,24
135717,20
135718,0
135719,0
135720,0
135721,0
135722,0
135723,0
135724,0
135725,16
135726,32
135727,31
135728,24
135729,23
135730,0
135731,0
135732,0
135733,0
135734,0
135735,24
135736,0
135737,0
135738,0
135739,0
135740,0
135741,0
135742,24
135743,0
135744,26
135745,0
135746,25
135747,23
135748,30
135749,0
135750,0
135751,0
135752,0
135753,0
135754,0
135755,0
135756,0
135757,0
135758,0
135759,36
135760,0
135761,0
135762,0
135763,26
135764,0
135765,0
135766,0
135767,27
135768,0
135769,0
135770,30
135771,0
135772,0
135773,0
135774,0
135775,0
135776,0
135777,0
135778,0
135779,0
135780,32
135781,0
135782,0
135783,21
135784,28
135785,0
135786,0
135787,0
135788,0
135789,0
135790,17
135791,20
135792,0
135793,18
135794,0
135795,0
135796,16
135797,0
135798,49
135799,0
135800,24
135801,0
135802,0
135803,0
135804,0
135805,0
135806,0
135807,26
135808,0
135809,18
135810,21
135811,0
135812,31
135813,0
135814,0
135815,15
135816,0
135817,26
135818,0
135819,0
135820,0
135821,0
135822,0
135823,0
135824,0
135825,0
135826,0
135827,0
135828,0
135829,0
135830,23
135831,25
135832,24
135833,0
135834,0
135835,29
135836,0
135837,22
135838,0
135839,19
135840,0
135841,0
135842,0
135843,0
135844,35
135845,0
135846,0
135847,0
135848,0
135849,0
135850,0
135851,12
135852,25
135853,0
135854,36
135855,23
135856,0
135857,0
135858,0
135859,41
135860,0
135861,21
135862,0
135863,0
135864,0
135865,0
135866,0
135867,0
135868,0
135869,0
135870,0
135871,24
135872,0
135873,0
135874,0
135875,0
135876,0
135877,0
135878,0
135879,28
135880,0
135881,0
135882,0
135883,0
135884,0
135885,0
135886,21
135887,27
135888,24
135889,18
135890,0
135891,26
135892,28
135893,0
135894,0
135895,0
135896,0
135897,0
135898,0
135899,0
135900,0
135901,0
135902,0
135903,0
135904,0
135905,0
135906,35
135907,0
135908,0
135909,0
135910,0
135911,0
135912,21
135913,0
135914,0
135915,27
135916,0
135917,12
135918,0
135919,0
135920,0
135921,0
135922,0
135923,0
135924,22
135925,0
135926,0
135927,23
135928,0
135929,0
135930,0
135931,0
135932,0
135933,32
135934,0
135935,0
135936,0
135937,0
135938,0
135939,0
135940,30
135941,0
135942,0
135943,0
135944,0
135945,16
135946,0
135947,27
135948,0
135949,28
135950,0
135951,0
135952,0
135953,14
135954,0
135955,0
135956,16
135957,0
135958,0
135959,0
135960,0
135961,0
135962,0
135963,0
135964,0
135965,0
135966,0
135967,0
135968,0
135969,0
135970,0
135971,21
135972,0
135973,0
135974,0
135975,0
135976,0
135977,0
135978,18
135979,0
135980,0
135981,31
135982,0
135983,19
135984,0
135985,0
135986,0
135987,0
135988,0
135989,23
135990,17
135991,39
135992,0
135993,31
135994,30
135995,0
135996,0
135997,0
135998,0
135999,0
136000,0
136001,30
136002,0
136003,0
136004,22
136005,0
136006,0
136007,0
136008,17
136009,0
136010,0
136011,0
136012,0
136013,0
136014,24
136015,29
136016,20
136017,0
136018,0
136019,0
136020,0
136021,0
136022,0
136023,0
136024,0
136025,0
136026,0
136027,24
136028,0
136029,0
136030,0
136031,0
136032,20
136033,0
136034,0
136035,0
136036,0
136037,0
136038,0
136039,0
136040,0
136041,29
136042,0
136043,0
136044,0
136045,33
136046,0
136047,0
136048,29
136049,0
136050,0
136051,0
136052,0
136053,0
136054,0
136055,0
136056,0
136057,0
136058,0
136059,0
136060,26
136061,0
136062,26
136063,0
136064,0
136065,15
136066,0
136067,0
136068,0
136069,22
136070,0
136071,0
136072,27
136073,0
136074,16
136075,0
136076,0
136077,0
136078,26
136079,0
136080,0
136081,0
136082,0
136083,0
136084,0
136085,22
136086,0
136087,0
136088,0
136089,19
136090,23
136091,0
136092,0
136093,0
136094,0
136095,0
136096,0
136097,27
136098,0
136099,18
136100,31
136101,0
136102,0
136103,0
136104,21
136105,0
136106,0
136107,0
136108,0
136109,0
136110,0
136111,0
136112,0
136113,30
136114,35
136115,0
136116,11
136117,0
136118,24
136119,0
136120,0
136121,17
136122,0
136123,0
136124,31
136125,0
136126,0
136127,19
136128,0
136129,0
136130,0
136131,35
136132,40
136133,0
136134,0
136135,19
136136,0
136137,0
136138,0
136139,0
136140,0
136141,0
136142,0
136143,21
136144,0
136145,0
136146,0
136147,0
136148,0
136149,0
136150,0
136151,0
136152,0
136153,26
136154,0
136155,0
136156,0
136157,32
136158,0
136159,20
136160,37
136161,0
136162,0
136163,0
136164,0
136165,0
136166,0
136167,26
136168,0
136169,0
136170,0
136171,0
136172,0
136173,0
136174,0
136175,36
136176,18
136177,0
136178,0
136179,0
136180,0
136181,0
136182,45
136183,0
136184,0
136185,26
136186,0
136187,0
136188,0
136189,26
136190,0
136191,33
136192,0
136193,0
136194,0
136195,0
136196,26
136197,0
136198,0
136199,51
136200,22
136201,0
136202,0
136203,0
136204,0
136205,0
136206,0
136207,0
136208,0
136209,19
136210,0
136211,24
136212,37
136213,0
136214,0
136215,0
136216,0
136217,0
136218,0
136219,0
136220,0
136221,33
136222,0
136223,0
136224,0
136225,21
136226,0
136227,0
136228,0
136229,0
136230,0
136231,0
136232,26
136233,0
136234,0
136235,0
136236,0
136237,0
136238,0
136239,0
136240,0
136241,0
136242,0
136243,0
136244,0
136245,0
136246,0
136247,0
136248,37
136249,0
136250,0
136251,0
136252,0
136253,0
136254,0
136255,26
136256,19
136257,0
136258,0
136259,0
136260,38
136261,0
136262,0
136263,24
136264,0
136265,0
136266,0
136267,0
136268,0
136269,0
136270,23
136271,32
136272,0
136273,25
136274,28
136275,0
136276,0
136277,0
136278,0
136279,0
136280,0
136281,22
136282,0
136283,0
136284,35
136285,0
136286,31
136287,0
136288,0
136289,25
136290,34
136291,0
136292,0
136293,38
136294,0
136295,0
136296,27
136297,0
136298,0
136299,14
136300,0
136301,0
136302,37
136303,34
136304,0
136305,36
136306,0
136307,0
136308,39
136309,0
136310,30
136311,0
136312,0
136313,0
136314,0
136315,16
136316,30
136317,22
136318,0
136319,25
136320,0
136321,0
136322,29
136323,0
136324,0
136325,0
136326,0
136327,0
136328,0
136329,0
136330,0
136331,0
136332,3
136333,0
136334,26
136335,0
136336,0
136337,0
136338,31
136339,35
136340,0
136341,14
136342,0
136343,23
136344,0
136345,0
136346,0
136347,0
136348,27
136349,21
136350,0
136351,15
136352,25
136353,0
136354,0
136355,0
136356,0
136357,0
136358,0
136359,0
136360,0
136361,0
136362,0
136363,0
136364,0
136365,36
136366,29
136367,22
136368,22
136369,0
136370,0
136371,0
136372,0
136373,0
136374,0
136375,0
136376,0
136377,0
136378,0
136379,0
136380,39
136381,38
136382,0
136383,0
136384,24
136385,39
136386,22
136387,0
136388,0
136389,0
136390,18
136391,0
136392,31
136393,0
136394,25
136395,0
136396,0
136397,21
136398,27
136399,33
136400,0
136401,0
136402,0
136403,0
136404,0
136405,0
136406,28
136407,0
136408,0
136409,0
136410,0
136411,30
136412,0
136413,0
136414,0
136415,0
136416,0
136417,27
136418,29
136419,17
136420,0
136421,0
136422,0
136423,0
136424,0
136425,21
136426,31
136427,22
136428,0
136429,0
136430,0
136431,26
136432,15
136433,0
136434,32
136435,0
136436,0
136437,0
136438,0
136439,0
136440,0
136441,0
136442,0
136443,36
136444,24
136445,21
136446,29
136447,0
136448,0
136449,27
136450,0
136451,0
136452,0
136453,0
136454,0
136455,31
136456,24
136457,0
136458,0
136459,0
136460,22
136461,0
136462,0
136463,37
136464,0
136465,39
136466,0
136467,0
136468,0
136469,0
136470,41
136471,0
136472,0
136473,32
136474,0
136475,0
136476,0
136477,0
136478,33
136479,0
136480,0
136481,0
136482,0
136483,0
136484,15
136485,0
136486,0
136487,0
136488,0
136489,32
136490,19
136491,0
136492,0
136493,0
136494,0
136495,17
136496,0
136497,19
136498,0
136499,0
136500,0
136501,0
136502,0
136503,0
136504,0
136505,0
136506,0
136507,0
136508,25
136509,0
136510,0
136511,0
136512,0
136513,0
136514,0
136515,0
136516,31
136517,0
136518,0
136519,0
136520,28
136521,0
136522,0
136523,0
136524,0
136525,0
136526,0
136527,36
136528,0
136529,0
136530,0
136531,0
136532,0
136533,0
136534,0
136535,29
136536,0
136537,0
136538,0
136539,0
136540,0
136541,0
136542,0
136543,22
136544,0
136545,21
136546,0
136547,29
136548,0
136549,0
136550,0
136551,0
136552,0
136553,0
136554,0
136555,0
136556,0
136557,0
136558,0
136559,0
136560,0
136561,0
136562,33
136563,0
136564,31
136565,0
136566,0
136567,0
136568,23
136569,0
136570,0
136571,0
136572,35
136573,0
136574,0
136575,0
136576,0
136577,0
136578,0
136579,0
136580,0
136581,31
136582,0
136583,24
136584,28
136585,0
136586,28
136587,0
136588,25
136589,17
136590,0
136591,0
136592,0
136593,0
136594,0
136595,0
136596,0
136597,0
136598,0
136599,0
136600,0
136601,0
136602,0
136603,0
136604,25
136605,0
136606,0
136607,0
136608,0
136609,47
136610,0
136611,0
136612,0
136613,0
136614,0
136615,0
136616,34
136617,0
136618,0
136619,0
136620,0
136621,0
136622,30
136623,0
136624,0
136625,0
136626,32
136627,0
136628,0
136629,0
136630,32
136631,0
136632,0
136633,0
136634,36
136635,0
136636,0
136637,0
136638,0
136639,0
136640,42
136641,36
136642,22
136643,0
136644,0
136645,0
136646,0
136647,0
136648,0
136649,17
136650,0
136651,25
136652,34
136653,0
136654,32
136655,0
136656,0
136657,24
136658,0
136659,0
136660,0
136661,0
136662,0
136663,0
136664,0
136665,0
136666,0
136667,0
136668,0
136669,0
136670,0
136671,0
136672,0
136673,0
136674,0
136675,0
136676,0
136677,0
136678,0
136679,0
136680,0
136681,34
136682,0
136683,31
136684,0
136685,0
136686,0
136687,0
136688,35
136689,0
136690,0
136691,0
136692,0
136693,0
136694,0
136695,34
136696,0
136697,0
136698,0
136699,35
136700,0
136701,0
136702,0
136703,0
136704,25
136705,15
136706,33
136707,0
136708,0
136709,28
136710,0
136711,0
136712,0
136713,0
136714,27
136715,0
136716,0
136717,0
136718,0
136719,0
136720,0
136721,0
136722,0
136723,0
136724,54
136725,0
136726,0
136727,0
136728,0
136729,0
136730,0
136731,0
136732,0
136733,0
136734,0
136735,31
136736,0
136737,0
136738,28
136739,25
136740,0
136741,0
136742,0
136743,21
136744,0
136745,23
136746,27
136747,0
136748,0
136749,0
136750,0
136751,0
136752,0
136753,0
136754,28
136755,27
136756,0
136757,26
136758,0
136759,0
136760,0
136761,0
136762,0
136763,48
136764,0
136765,0
136766,30
136767,22
136768,21
136769,0
136770,0
136771,0
136772,0
136773,0
136774,0
136775,0
136776,0
136777,0
136778,0
136779,0
136780,0
136781,0
136782,0
136783,0
136784,0
136785,0
136786,0
136787,0
136788,0
136789,0
136790,0
136791,0
136792,0
136793,0
136794,0
136795,0
136796,33
136797,0
136798,0
136799,0
136800,0
136801,0
136802,0
136803,30
136804,0
136805,0
136806,0
136807,0
136808,0
136809,0
136810,32
136811,0
136812,0
136813,0
136814,0
136815,38
136816,0
136817,24
136818,0
136819,0
136820,0
136821,0
136822,25
136823,24
136824,27
136825,0
136826,33
136827,0
136828,0
136829,0
136830,0
136831,0
136832,0
136833,0
136834,0
136835,24
136836,28
136837,0
136838,22
136839,0
136840,0
136841,0
136842,0
136843,36
136844,0
136845,0
136846,21
136847,0
136848,37
136849,0
136850,0
136851,0
136852,0
136853,0
136854,0
136855,0
136856,0
136857,0
136858,0
136859,0
136860,0
136861,0
136862,0
136863,0
136864,29
136865,57
136866,0
136867,0
136868,0
136869,0
136870,0
136871,0
136872,0
136873,0
136874,0
136875,0
136876,0
136877,0
136878,0
136879,0
136880,26
136881,0
136882,0
136883,27
136884,0
136885,0
136886,0
136887,0
136888,0
136889,26
136890,0
136891,0
136892,0
136893,0
136894,0
136895,0
136896,0
136897,0
136898,0
136899,0
136900,0
136901,26
136902,0
136903,33
136904,0
136905,0
136906,0
136907,0
136908,0
136909,0
136910,24
136911,0
136912,0
136913,0
136914,0
136915,0
136916,0
136917,0
136918,0
136919,26
136920,0
136921,26
136922,0
136923,0
136924,22
136925,0
136926,20
136927,0
136928,35
136929,0
136930,0
136931,0
136932,0
136933,0
136934,0
136935,0
136936,0
136937,0
136938,0
136939,0
136940,0
136941,0
136942,0
136943,0
136944,0
136945,37
136946,0
136947,0
136948,0
136949,0
136950,27
136951,0
136952,0
136953,0
136954,0
136955,32
136956,0
136957,0
136958,0
136959,0
136960,0
136961,0
136962,0
136963,0
136964,0
136965,0
136966,0
136967,0
136968,0
136969,33
136970,0
136971,0
136972,0
136973,0
136974,25
136975,18
136976,0
136977,0
136978,0
136979,0
136980,0
136981,34
136982,0
136983,26
136984,0
136985,0
136986,0
136987,0
136988,0
136989,34
136990,0
136991,25
136992,28
136993,30
136994,0
136995,0
136996,0
136997,0
136998,0
136999,0
137000,0
137001,0
137002,0
137003,0
137004,0
137005,0
137006,39
137007,0
137008,0
137009,0
137010,0
137011,0
137012,34
137013,0
137014,15
137015,21
137016,0
137017,0
137018,0
137019,29
137020,0
137021,0
137022,0
137023,24
137024,0
137025,46
137026,0
137027,29
137028,0
137029,0
137030,27
137031,0
137032,0
137033,0
137034,0
137035,0
137036,0
137037,0
137038,20
137039,24
137040,33
137041,33
137042,30
137043,0
137044,25
137045,0
137046,0
137047,0
137048,0
137049,0
137050,20
137051,0
137052,0
137053,0
137054,19
137055,0
137056,0
137057,0
137058,14
137059,0
137060,0
137061,0
137062,27
137063,0
137064,17
137065,34
137066,0
137067,0
137068,0
137069,0
137070,0
137071,0
137072,0
137073,0
137074,0
137075,0
137076,0
137077,0
137078,0
137079,0
137080,0
137081,33
137082,0
137083,41
137084,0
137085,0
137086,0
137087,0
137088,16
137089,0
137090,0
137091,0
137092,0
137093,0
137094,0
137095,0
137096,0
137097,37
137098,0
137099,24
137100,0
137101,0
137102,0
137103,32
137104,0
137105,0
137106,35
137107,0
137108,0
137109,0
137110,0
137111,23
137112,0
137113,0
137114,0
137115,0
137116,0
137117,0
137118,0
137119,41
137120,0
137121,0
137122,0
137123,0
137124,0
137125,0
137126,0
137127,36
137128,0
137129,0
137130,0
137131,0
137132,17
137133,0
137134,0
137135,41
137136,0
137137,0
137138,0
137139,18
137140,0
137141,39
137142,31
137143,0
137144,0
137145,0
137146,0
137147,0
137148,0
137149,0
137150,0
137151,0
137152,0
137153,0
137154,0
137155,0
137156,0
137157,0
137158,37
137159,0
137160,43
137161,0
137162,0
137163,0
137164,0
137165,0
137166,0
137167,38
137168,0
137169,0
137170,0
137171,16
137172,0
137173,27
137174,32
137175,0
137176,0
137177,0
137178,0
137179,0
137180,0
137181,0
137182,23
137183,0
137184,0
137185,0
137186,0
137187,20
137188,0
137189,0
137190,38
137191,0
137192,23
137193,0
137194,0
137195,0
137196,0
137197,0
137198,0
137199,0
137200,0
137201,0
137202,0
137203,0
137204,0
137205,0
137206,26
137207,26
137208,0
137209,0
137210,0
137211,0
137212,0
137213,0
137214,0
137215,0
137216,0
137217,0
137218,0
137219,41
137220,0
137221,0
137222,0
137223,0
137224,0
137225,0
137226,0
137227,0
137228,0
137229,0
137230,0
137231,0
137232,30
137233,25
137234,27
137235,0
137236,0
137237,24
137238,0
137239,0
137240,0
137241,0
137242,36
137243,0
137244,21
137245,0
137246,0
137247,0
137248,0
137249,0
137250,0
137251,19
137252,33
137253,0
137254,0
137255,0
137256,0
137257,0
137258,0
137259,0
137260,0
137261,0
137262,0
137263,0
137264,0
137265,33
137266,0
137267,0
137268,23
137269,0
137270,0
137271,0
137272,0
137273,0
137274,0
137275,0
137276,23
137277,30
137278,0
137279,0
137280,32
137281,18
137282,0
137283,0
137284,23
137285,0
137286,0
137287,0
137288,0
137289,28
137290,0
137291,22
137292,0
137293,8
137294,15
137295,0
137296,13
137297,0
137298,0
137299,0
137300,0
137301,0
137302,0
137303,21
137304,12
137305,0
137306,26
137307,0
137308,19
137309,0
137310,0
137311,0
137312,27
137313,18
137314,0
137315,0
137316,0
137317,0
137318,0
137319,21
137320,0
137321,0
137322,0
137323,0
137324,10
137325,0
137326,30
137327,20
137328,0
137329,0
137330,0
137331,0
137332,0
137333,0
137334,0
137335,0
137336,21
137337,0
137338,0
137339,0
137340,0
137341,0
137342,0
137343,30
137344,0
137345,0
137346,0
137347,16
137348,14
137349,0
137350,0
137351,0
137352,0
137353,20
137354,0
137355,0
137356,0
137357,0
137358,0
137359,0
137360,0
137361,0
137362,0
137363,0
137364,0
137365,13
137366,0
137367,0
137368,0
137369,0
137370,0
137371,0
137372,27
137373,0
137374,0
137375,0
137376,17
137377,0
137378,0
137379,0
137380,0
137381,10
137382,24
137383,0
137384,14
137385,0
137386,12
137387,0
137388,0
137389,0
137390,0
137391,0
137392,0
137393,19
137394,0
137395,0
137396,0
137397,0
137398,0
137399,20
137400,0
137401,0
137402,0
137403,0
137404,17
137405,0
137406,14
137407,0
137408,16
137409,0
137410,0
137411,0
137412,0
137413,0
137414,0
137415,0
137416,0
137417,0
137418,0
137419,0
137420,0
137421,0
137422,0
137423,0
137424,0
137425,0
137426,27
137427,0
137428,0
137429,0
137430,0
137431,0
137432,0
137433,0
137434,0
137435,0
137436,0
137437,0
137438,0
137439,16
137440,5
137441,0
137442,0
137443,0
137444,0
137445,0
137446,0
137447,17
137448,0
137449,0
137450,0
137451,15
137452,0
137453,0
137454,0
137455,0
137456,12
137457,0
137458,15
137459,0
137460,0
137461,0
137462,0
137463,0
137464,0
137465,0
137466,0
137467,0
137468,0
137469,0
137470,0
137471,0
137472,19
137473,0
137474,0
137475,0
137476,0
137477,21
137478,0
137479,24
137480,0
137481,16
137482,0
137483,31
137484,0
137485,0
137486,0
137487,23
137488,0
137489,0
137490,0
137491,16
137492,0
137493,27
137494,0
137495,0
137496,0
137497,0
137498,11
137499,0
137500,0
137501,0
137502,0
137503,20
137504,0
137505,0
137506,0
137507,0
137508,0
137509,0
137510,0
137511,17
137512,0
137513,10
137514,0
137515,0
137516,0
137517,0
137518,0
137519,0
137520,17
137521,0
137522,0
137523,18
137524,0
137525,24
137526,0
137527,0
137528,0
137529,0
137530,0
137531,0
137532,0
137533,0
137534,0
137535,0
137536,0
137537,0
137538,14
137539,0
137540,0
137541,0
137542,8
137543,0
137544,0
137545,0
137546,0
137547,0
137548,0
137549,0
137550,0
137551,0
137552,0
137553,10
137554,0
137555,0
137556,0
137557,0
137558,0
137559,16
137560,0
137561,0
137562,0
137563,27
137564,0
137565,0
137566,0
137567,0
137568,0
137569,0
137570,0
137571,0
137572,18
137573,0
137574,24
137575,0
137576,0
137577,0
137578,0
137579,0
137580,0
137581,0
137582,0
137583,0
137584,17
137585,0
137586,0
137587,0
137588,0
137589,0
137590,19
137591,0
137592,0
137593,0
137594,18
137595,0
137596,0
137597,19
137598,0
137599,0
137600,0
137601,15
137602,0
137603,0
137604,0
137605,27
137606,0
137607,0
137608,0
137609,18
137610,0
137611,0
137612,0
137613,0
137614,0
137615,11
137616,0
137617,0
137618,0
137619,19
137620,0
137621,0
137622,24
137623,0
137624,24
137625,0
137626,17
137627,0
137628,0
137629,0
137630,0
137631,0
137632,0
137633,0
137634,0
137635,0
137636,0
137637,0
137638,0
137639,0
137640,0
137641,0
137642,0
137643,0
137644,0
137645,0
137646,34
137647,0
137648,0
137649,11
137650,0
137651,0
137652,22
137653,0
137654,0
137655,0
137656,0
137657,17
137658,0
137659,33
137660,0
137661,0
137662,0
137663,0
137664,32
137665,0
137666,0
137667,0
137668,11
137669,0
137670,0
137671,0
137672,0
137673,0
137674,0
137675,0
137676,0
137677,14
137678,22
137679,0
137680,0
137681,0
137682,0
137683,0
137684,0
137685,0
137686,0
137687,0
137688,17
137689,0
137690,0
137691,14
137692,0
137693,0
137694,0
137695,0
137696,29
137697,0
137698,0
137699,0
137700,0
137701,0
137702,0
137703,18
137704,0
137705,0
137706,0
137707,22
137708,15
137709,0
137710,0
137711,0
137712,0
137713,23
137714,0
137715,0
137716,0
137717,0
137718,0
137719,0
137720,0
137721,15
137722,0
137723,15
137724,31
137725,0
137726,0
137727,0
137728,0
137729,0
137730,0
137731,0
137732,0
137733,0
137734,0
137735,0
137736,0
137737,0
137738,0
137739,0
137740,0
137741,0
137742,0
137743,18
137744,0
137745,30
137746,0
137747,4
137748,0
137749,0
137750,0
137751,20
137752,19
137753,0
137754,0
137755,27
137756,0
137757,0
137758,0
137759,0
137760,0
137761,0
137762,0
137763,0
137764,20
137765,0
137766,0
137767,0
137768,18
137769,12
137770,0
137771,0
137772,0
137773,0
137774,24
137775,0
137776,23
137777,16
137778,16
137779,0
137780,13
137781,0
137782,0
137783,13
137784,24
137785,0
137786,0
137787,0
137788,0
137789,23
137790,0
137791,0
137792,0
137793,23
137794,0
137795,0
137796,0
137797,0
137798,0
137799,0
137800,24
137801,22
137802,0
137803,18
137804,0
137805,0
137806,12
137807,0
137808,0
137809,0
137810,0
137811,0
137812,0
137813,0
137814,0
137815,16
137816,0
137817,0
137818,0
137819,0
137820,0
137821,9
137822,27
137823,0
137824,0
137825,0
137826,0
137827,0
137828,0
137829,0
137830,19
137831,0
137832,0
137833,0
137834,0
137835,0
137836,0
137837,19
137838,0
137839,0
137840,0
137841,0
137842,0
137843,0
137844,0
137845,30
137846,0
137847,0
137848,12
137849,0
137850,0
137851,31
137852,0
137853,0
137854,0
137855,0
137856,0
137857,0
137858,0
137859,0
137860,0
137861,26
137862,0
137863,0
137864,0
137865,0
137866,0
137867,17
137868,0
137869,0
137870,0
137871,18
137872,0
137873,0
137874,0
137875,0
137876,0
137877,19
137878,0
137879,0
137880,0
137881,0
137882,0
137883,0
137884,16
137885,0
137886,0
137887,0
137888,0
137889,0
137890,0
137891,0
137892,18
137893,0
137894,0
137895,14
137896,0
137897,31
137898,15
137899,0
137900,16
137901,0
137902,22
137903,0
137904,13
137905,0
137906,0
137907,15
137908,24
137909,0
137910,0
137911,7
137912,0
137913,0
137914,0
137915,0
137916,0
137917,0
137918,0
137919,0
137920,0
137921,0
137922,0
137923,0
137924,0
137925,0
137926,0
137927,0
137928,0
137929,0
137930,0
137931,15
137932,0
137933,0
137934,0
137935,0
137936,19
137937,0
137938,0
137939,0
137940,0
137941,0
137942,0
137943,0
137944,23
137945,0
137946,0
137947,0
137948,0
137949,0
137950,0
137951,22
137952,0
137953,20
137954,0
137955,0
137956,0
137957,0
137958,0
137959,0
137960,0
137961,0
137962,0
137963,0
137964,27
137965,0
137966,0
137967,0
137968,0
137969,0
137970,0
137971,0
137972,0
137973,18
137974,0
137975,0
137976,0
137977,0
137978,0
137979,0
137980,0
137981,20
137982,0
137983,0
137984,0
137985,0
137986,18
137987,0
137988,0
137989,0
137990,0
137991,0
137992,0
137993,0
137994,0
137995,24
137996,0
137997,12
137998,0
137999,22
138000,17
138001,0
138002,0
138003,0
138004,0
138005,18
138006,0
138007,0
138008,0
138009,12
138010,0
138011,0
138012,0
138013,0
138014,0
138015,22
138016,0
138017,0
138018,0
138019,0
138020,0
138021,0
138022,28
138023,22
138024,0
138025,17
138026,0
138027,0
138028,0
138029,0
138030,0
138031,24
138032,0
138033,0
138034,0
138035,0
138036,0
138037,15
138038,0
138039,0
138040,0
138041,0
138042,0
138043,0
138044,24
138045,13
138046,0
138047,0
138048,0
138049,17
138050,0
138051,0
138052,0
138053,0
138054,0
138055,0
138056,0
138057,0
138058,0
138059,0
138060,17
138061,0
138062,0
138063,0
138064,0
138065,17
138066,0
138067,0
138068,0
138069,13
138070,0
138071,15
138072,0
138073,0
138074,0
138075,0
138076,0
138077,19
138078,17
138079,15
138080,16
138081,15
138082,0
138083,15
138084,24
138085,0
138086,0
138087,0
138088,0
138089,27
138090,0
138091,0
138092,22
138093,0
138094,0
138095,0
138096,19
138097,6
138098,23
138099,18
138100,28
138101,0
138102,0
138103,0
138104,0
138105,0
138106,0
138107,0
138108,0
138109,0
138110,0
138111,0
138112,0
138113,18
138114,0
138115,0
138116,0
138117,0
138118,0
138119,0
138120,0
138121,0
138122,24
138123,0
138124,23
138125,0
138126,0
138127,17
138128,14
138129,0
138130,17
138131,0
138132,14
138133,23
138134,0
138135,0
138136,13
138137,0
138138,0
138139,0
138140,17
138141,0
138142,0
138143,24
138144,12
138145,0
138146,0
138147,0
138148,0
138149,21
138150,0
138151,0
138152,0
138153,0
138154,0
138155,0
138156,0
138157,12
138158,0
138159,0
138160,0
138161,0
138162,0
138163,0
138164,0
138165,0
138166,0
138167,0
138168,0
138169,0
138170,0
138171,0
138172,0
138173,0
138174,0
138175,0
138176,0
138177,0
138178,0
138179,0
138180,0
138181,0
138182,0
138183,0
138184,0
138185,0
138186,0
138187,0
138188,0
138189,30
138190,0
138191,0
138192,0
138193,0
138194,0
138195,0
138196,0
138197,0
138198,0
138199,0
138200,0
138201,35
138202,0
138203,0
138204,0
138205,0
138206,0
138207,0
138208,0
138209,0
138210,45
138211,0
138212,0
138213,0
138214,0
138215,0
138216,0
138217,0
138218,0
138219,0
138220,0
138221,0
138222,0
138223,42
138224,0
138225,0
138226,0
138227,0
138228,0
138229,0
138230,0
138231,0
138232,0
138233,0
138234,0
138235,0
138236,0
138237,0
138238,0
138239,49
138240,0
138241,0
138242,0
138243,0
138244,0
138245,0
138246,0
138247,0
138248,0
138249,0
138250,0
138251,0
138252,0
138253,0
138254,0
138255,0
138256,0
138257,0
138258,0
138259,0
138260,0
138261,0
138262,0
138263,0
138264,0
138265,0
138266,33
138267,0
138268,0
138269,0
138270,0
138271,0
138272,0
138273,0
138274,0
138275,0
138276,0
138277,0
138278,0
138279,38
138280,0
138281,0
138282,0
138283,0
138284,0
138285,0
138286,0
138287,0
138288,0
138289,0
138290,0
138291,0
138292,0
138293,0
138294,39
138295,0
138296,0
138297,0
138298,0
138299,0
138300,0
138301,0
138302,0
138303,0
138304,0
138305,0
138306,0
138307,0
138308,0
138309,0
138310,0
138311,0
138312,0
138313,0
138314,0
138315,30
138316,0
138317,0
138318,0
138319,0
138320,0
138321,0
138322,0
138323,0
138324,0
138325,0
138326,0
138327,0
138328,0
138329,0
138330,0
138331,0
138332,0
138333,0
138334,0
138335,0
138336,0
138337,0
138338,0
138339,0
138340,0
138341,0
138342,0
138343,0
138344,0
138345,0
138346,0
138347,0
138348,0
138349,0
138350,43
138351,0
138352,0
138353,0
138354,0
138355,0
138356,0
138357,0
138358,0
138359,0
138360,0
138361,0
138362,35
138363,0
138364,0
138365,27
138366,0
138367,0
138368,0
138369,0
138370,0
138371,0
138372,0
138373,0
138374,0
138375,0
138376,0
138377,0
138378,0
138379,0
138380,0
138381,47
138382,0
138383,0
138384,29
138385,0
138386,0
138387,0
138388,0
138389,0
138390,0
138391,0
138392,0
138393,0
138394,0
138395,0
138396,0
138397,0
138398,0
138399,0
138400,0
138401,0
138402,0
138403,0
138404,0
138405,0
138406,0
138407,0
138408,0
138409,0
138410,0
138411,0
138412,34
138413,0
138414,0
138415,0
138416,0
138417,0
138418,0
138419,0
138420,0
138421,0
138422,0
138423,0
138424,0
138425,0
138426,0
138427,0
138428,0
138429,0
138430,0
138431,0
138432,0
138433,0
138434,0
138435,0
138436,0
138437,26
138438,0
138439,0
138440,0
138441,0
138442,0
138443,0
138444,0
138445,0
138446,0
138447,0
138448,0
138449,0
138450,0
138451,0
138452,0
138453,0
138454,0
138455,0
138456,0
138457,0
138458,0
138459,0
138460,0
138461,0
138462,0
138463,0
138464,0
138465,0
138466,0
138467,0
138468,0
138469,0
138470,0
138471,0
138472,0
138473,0
138474,0
138475,31
138476,0
138477,0
138478,0
138479,0
138480,31
138481,0
138482,0
138483,0
138484,0
138485,0
138486,0
138487,0
138488,0
138489,0
138490,0
138491,0
138492,0
138493,0
138494,0
138495,0
138496,0
138497,0
138498,0
138499,0
138500,0
138501,0
138502,0
138503,0
138504,0
138505,0
138506,0
138507,0
138508,0
138509,0
138510,0
138511,0
138512,0
138513,0
138514,0
138515,0
138516,0
138517,0
138518,0
138519,0
138520,0
138521,0
138522,0
138523,0
138524,0
138525,45
138526,0
138527,0
138528,0
138529,32
138530,0
138531,0
138532,0
138533,0
138534,0
138535,0
138536,0
138537,0
138538,0
138539,0
138540,0
138541,0
138542,0
138543,32
138544,0
138545,0
138546,0
138547,0
138548,0
138549,0
138550,0
138551,0
138552,0
138553,0
138554,0
138555,0
138556,0
138557,0
138558,0
138559,0
138560,0
138561,0
138562,0
138563,0
138564,0
138565,0
138566,0
138567,0
138568,0
138569,0
138570,0
138571,0
138572,24
138573,0
138574,0
138575,0
138576,0
138577,32
138578,0
138579,0
138580,0
138581,0
138582,0
138583,0
138584,0
138585,0
138586,0
138587,0
138588,0
138589,0
138590,0
138591,0
138592,0
138593,0
138594,0
138595,0
138596,34
138597,32
138598,0
138599,0
138600,0
138601,0
138602,0
138603,0
138604,0
138605,0
138606,0
138607,0
138608,0
138609,0
138610,0
138611,0
138612,0
138613,0
138614,0
138615,0
138616,0
138617,0
138618,48
138619,0
138620,0
138621,0
138622,0
138623,0
138624,0
138625,0
138626,0
138627,0
138628,0
138629,0
138630,0
138631,0
138632,0
138633,0
138634,0
138635,0
138636,0
138637,0
138638,0
138639,0
138640,0
138641,0
138642,0
138643,0
138644,0
138645,0
138646,0
138647,0
138648,0
138649,0
138650,0
138651,0
138652,0
138653,0
138654,0
138655,0
138656,0
138657,0
138658,0
138659,0
138660,0
138661,0
138662,0
138663,0
138664,0
138665,0
138666,0
138667,0
138668,0
138669,0
138670,0
138671,0
138672,0
138673,0
138674,0
138675,0
138676,0
138677,0
138678,0
138679,0
138680,0
138681,0
138682,0
138683,0
138684,41
138685,0
138686,33
138687,0
138688,0
138689,0
138690,0
138691,0
138692,0
138693,0
138694,0
138695,0
138696,0
138697,0
138698,0
138699,0
138700,0
138701,0
138702,0
138703,0
138704,0
138705,0
138706,0
138707,0
138708,0
138709,0
138710,0
138711,0
138712,0
138713,0
138714,0
138715,38
138716,0
138717,0
138718,0
138719,0
138720,0
138721,0
138722,0
138723,0
138724,0
138725,0
138726,0
138727,0
138728,35
138729,0
138730,0
138731,0
138732,0
138733,39
138734,0
138735,0
138736,0
138737,0
138738,0
138739,0
138740,0
138741,39
138742,0
138743,0
138744,0
138745,0
138746,0
138747,46
138748,0
138749,0
138750,0
138751,0
138752,0
138753,0
138754,0
138755,0
138756,0
138757,0
138758,0
138759,0
138760,0
138761,0
138762,0
138763,0
138764,0
138765,0
138766,0
138767,0
138768,0
138769,0
138770,0
138771,0
138772,0
138773,0
138774,0
138775,0
138776,0
138777,0
138778,50
138779,0
138780,0
138781,0
138782,0
138783,0
138784,0
138785,0
138786,0
138787,0
138788,0
138789,0
138790,0
138791,0
138792,0
138793,0
138794,0
138795,0
138796,0
138797,0
138798,0
138799,0
138800,0
138801,28
138802,0
138803,0
138804,0
138805,0
138806,0
138807,0
138808,0
138809,0
138810,0
138811,0
138812,0
138813,0
138814,0
138815,0
138816,0
138817,0
138818,0
138819,0
138820,0
138821,0
138822,0
138823,34
138824,0
138825,0
138826,0
138827,0
138828,0
138829,0
138830,0
138831,0
138832,0
138833,0
138834,0
138835,0
138836,0
138837,0
138838,0
138839,0
138840,0
138841,0
138842,31
138843,0
138844,29
138845,0
138846,0
138847,0
138848,0
138849,0
138850,0
138851,0
138852,0
138853,0
138854,0
138855,0
138856,0
138857,0
138858,0
138859,0
138860,0
138861,0
138862,0
138863,0
138864,0
138865,0
138866,0
138867,0
138868,0
138869,0
138870,0
138871,0
138872,0
138873,0
138874,0
138875,0
138876,0
138877,0
138878,0
138879,0
138880,0
138881,0
138882,0
138883,0
138884,0
138885,0
138886,0
138887,0
138888,0
138889,0
138890,0
138891,0
138892,0
138893,35
138894,0
138895,0
138896,0
138897,0
138898,0
138899,0
138900,0
138901,0
138902,0
138903,0
138904,0
138905,42
138906,0
138907,0
138908,0
138909,0
138910,0
138911,0
138912,32
138913,0
138914,0
138915,0
138916,0
138917,0
138918,0
138919,0
138920,41
138921,0
138922,0
138923,47
138924,0
138925,0
138926,0
138927,25
138928,26
138929,0
138930,0
138931,34
138932,0
138933,0
138934,0
138935,0
138936,0
138937,0
138938,0
138939,0
138940,0
138941,19
138942,35
138943,0
138944,0
138945,0
138946,0
138947,0
138948,0
138949,0
138950,0
138951,0
138952,34
138953,0
138954,32
138955,0
138956,0
138957,0
138958,0
138959,0
138960,0
138961,0
138962,0
138963,0
138964,0
138965,20
138966,0
138967,0
138968,17
138969,32
138970,41
138971,53
138972,0
138973,0
138974,0
138975,0
138976,0
138977,0
138978,0
138979,0
138980,0
138981,0
138982,37
138983,27
138984,0
138985,0
138986,0
138987,0
138988,0
138989,0
138990,38
138991,0
138992,0
138993,0
138994,50
138995,0
138996,0
138997,25
138998,0
138999,21
139000,0
139001,0
139002,0
139003,0
139004,0
139005,0
139006,0
139007,0
139008,0
139009,0
139010,0
139011,0
139012,0
139013,0
139014,0
139015,0
139016,0
139017,0
139018,29
139019,0
139020,0
139021,0
139022,0
139023,0
139024,64
139025,0
139026,0
139027,0
139028,30
139029,48
139030,27
139031,36
139032,0
139033,0
139034,0
139035,38
139036,0
139037,50
139038,0
139039,0
139040,0
139041,0
139042,0
139043,0
139044,0
139045,0
139046,0
139047,0
139048,55
139049,0
139050,0
139051,0
139052,0
139053,0
139054,0
139055,0
139056,0
139057,0
139058,0
139059,0
139060,0
139061,0
139062,0
139063,37
139064,30
139065,0
139066,0
139067,34
139068,0
139069,35
139070,0
139071,48
139072,51
139073,0
139074,0
139075,31
139076,42
139077,0
139078,0
139079,0
139080,0
139081,37
139082,49
139083,0
139084,0
139085,0
139086,0
139087,0
139088,0
139089,42
139090,0
139091,50
139092,0
139093,0
139094,0
139095,0
139096,48
139097,0
139098,0
139099,0
139100,0
139101,0
139102,0
139103,0
139104,0
139105,0
139106,0
139107,0
139108,0
139109,0
139110,0
139111,0
139112,0
139113,0
139114,31
139115,0
139116,0
139117,0
139118,0
139119,0
139120,0
139121,0
139122,0
139123,24
139124,0
139125,0
139126,0
139127,0
139128,0
139129,0
139130,0
139131,0
139132,0
139133,0
139134,0
139135,40
139136,0
139137,0
139138,0
139139,0
139140,0
139141,0
139142,32
139143,0
139144,0
139145,0
139146,0
139147,0
139148,39
139149,0
139150,0
139151,0
139152,32
139153,0
139154,0
139155,35
139156,0
139157,38
139158,0
139159,0
139160,0
139161,52
139162,0
139163,0
139164,0
139165,0
139166,0
139167,0
139168,0
139169,0
139170,36
139171,0
139172,0
139173,0
139174,27
139175,37
139176,0
139177,0
139178,42
139179,21
139180,0
139181,0
139182,0
139183,62
139184,0
139185,69
139186,0
139187,0
139188,0
139189,23
139190,0
139191,27
139192,48
139193,0
139194,0
139195,0
139196,0
139197,0
139198,37
139199,0
139200,0
139201,0
139202,0
139203,0
139204,0
139205,0
139206,0
139207,0
139208,33
139209,0
139210,0
139211,20
139212,0
139213,0
139214,0
139215,0
139216,0
139217,0
139218,38
139219,47
139220,0
139221,0
139222,0
139223,0
139224,50
139225,27
139226,0
139227,0
139228,38
139229,0
139230,0
139231,0
139232,0
139233,0
139234,36
139235,0
139236,0
139237,0
139238,0
139239,0
139240,0
139241,0
139242,26
139243,0
139244,0
139245,45
139246,0
139247,0
139248,0
139249,0
139250,0
139251,0
139252,0
139253,0
139254,0
139255,0
139256,0
139257,0
139258,43
139259,0
139260,0
139261,0
139262,0
139263,30
139264,0
139265,0
139266,0
139267,40
139268,45
139269,0
139270,0
139271,30
139272,39
139273,0
139274,0
139275,0
139276,0
139277,0
139278,0
139279,31
139280,0
139281,0
139282,0
139283,0
139284,0
139285,0
139286,0
139287,0
139288,0
139289,0
139290,0
139291,0
139292,0
139293,0
139294,0
139295,0
139296,0
139297,0
139298,0
139299,0
139300,0
139301,0
139302,0
139303,0
139304,0
139305,0
139306,0
139307,0
139308,0
139309,0
139310,0
139311,31
139312,0
139313,0
139314,0
139315,0
139316,0
139317,0
139318,0
139319,0
139320,0
139321,51
139322,0
139323,0
139324,0
139325,0
139326,0
139327,0
139328,0
139329,0
139330,0
139331,0
139332,0
139333,0
139334,0
139335,0
139336,0
139337,0
139338,0
139339,36
139340,0
139341,0
139342,0
139343,0
139344,0
139345,0
139346,0
139347,0
139348,0
139349,0
139350,35
139351,0
139352,0
139353,0
139354,0
139355,35
139356,0
139357,40
139358,26
139359,0
139360,0
139361,20
139362,54
139363,44
139364,0
139365,0
139366,0
139367,37
139368,0
139369,0
139370,0
139371,0
139372,0
139373,0
139374,0
139375,0
139376,0
139377,0
139378,12
139379,45
139380,0
139381,0
139382,0
139383,32
139384,19
139385,36
139386,0
139387,0
139388,35
139389,0
139390,0
139391,42
139392,0
139393,0
139394,0
139395,32
139396,28
139397,43
139398,0
139399,29
139400,20
139401,0
139402,0
139403,43
139404,0
139405,23
139406,0
139407,0
139408,0
139409,0
139410,39
139411,0
139412,0
139413,0
139414,42
139415,0
139416,0
139417,0
139418,0
139419,38
139420,0
139421,0
139422,0
139423,0
139424,0
139425,0
139426,0
139427,39
139428,0
139429,0
139430,0
139431,0
139432,0
139433,0
139434,0
139435,0
139436,44
139437,0
139438,35
139439,0
139440,0
139441,0
139442,27
139443,0
139444,0
139445,0
139446,0
139447,0
139448,60
139449,0
139450,43
139451,0
139452,0
139453,0
139454,0
139455,0
139456,0
139457,0
139458,0
139459,0
139460,0
139461,0
139462,0
139463,0
139464,0
139465,0
139466,0
139467,64
139468,0
139469,0
139470,0
139471,0
139472,0
139473,0
139474,21
139475,0
139476,0
139477,0
139478,0
139479,0
139480,0
139481,0
139482,0
139483,0
139484,26
139485,45
139486,0
139487,43
139488,0
139489,29
139490,0
139491,0
139492,0
139493,0
139494,39
139495,32
139496,57
139497,28
139498,0
139499,0
139500,0
139501,28
139502,36
139503,0
139504,0
139505,0
139506,26
139507,0
139508,0
139509,0
139510,51
139511,0
139512,0
139513,47
139514,0
139515,0
139516,29
139517,0
139518,0
139519,53
139520,0
139521,0
139522,0
139523,0
139524,0
139525,33
139526,0
139527,0
139528,0
139529,37
139530,0
139531,0
139532,0
139533,0
139534,0
139535,19
139536,0
139537,0
139538,0
139539,39
139540,0
139541,0
139542,0
139543,0
139544,0
139545,0
139546,0
139547,0
139548,0
139549,0
139550,0
139551,28
139552,0
139553,0
139554,0
139555,43
139556,0
139557,0
139558,0
139559,0
139560,34
139561,0
139562,0
139563,0
139564,0
139565,48
139566,0
139567,0
139568,0
139569,0
139570,0
139571,0
139572,0
139573,0
139574,0
139575,0
139576,0
139577,0
139578,43
139579,38
139580,0
139581,0
139582,0
139583,0
139584,0
139585,0
139586,37
139587,0
139588,28
139589,0
139590,0
139591,0
139592,0
139593,0
139594,0
139595,0
139596,0
139597,0
139598,0
139599,30
139600,0
139601,0
139602,0
139603,0
139604,0
139605,26
139606,47
139607,0
139608,0
139609,45
139610,0
139611,0
139612,29
139613,31
139614,39
139615,28
139616,0
139617,0
139618,0
139619,27
139620,0
139621,0
139622,0
139623,0
139624,0
139625,0
139626,0
139627,0
139628,0
139629,34
139630,0
139631,0
139632,52
139633,0
139634,33
139635,0
139636,43
139637,0
139638,64
139639,56
139640,0
139641,0
139642,0
139643,0
139644,0
139645,0
139646,0
139647,0
139648,0
139649,41
139650,41
139651,0
139652,0
139653,25
139654,0
139655,44
139656,40
139657,0
139658,0
139659,41
139660,0
139661,0
139662,33
139663,0
139664,38
139665,0
139666,23
139667,30
139668,0
139669,0
139670,0
139671,0
139672,44
139673,0
139674,55
139675,23
139676,0
139677,0
139678,0
139679,0
139680,0
139681,0
139682,0
139683,0
139684,0
139685,42
139686,46
139687,39
139688,0
139689,0
139690,0
139691,0
139692,0
139693,0
139694,0
139695,0
139696,0
139697,0
139698,0
139699,0
139700,0
139701,0
139702,0
139703,4
139704,0
139705,0
139706,0
139707,0
139708,0
139709,3
139710,0
139711,0
139712,0
139713,0
139714,0
139715,4
139716,0
139717,0
139718,0
139719,0
139720,5
139721,2
139722,0
139723,3
139724,6
139725,0
139726,0
139727,0
139728,0
139729,0
139730,0
139731,6
139732,0
139733,0
139734,0
139735,2
139736,3
139737,0
139738,0
139739,0
139740,0
139741,0
139742,0
139743,0
139744,0
139745,0
139746,0
139747,0
139748,0
139749,6
139750,0
139751,0
139752,0
139753,0
139754,0
139755,5
139756,6
139757,0
139758,0
139759,0
139760,0
139761,0
139762,0
139763,0
139764,0
139765,2
139766,0
139767,0
139768,0
139769,4
139770,0
139771,4
139772,0
139773,0
139774,0
139775,5
139776,0
139777,5
139778,1
139779,3
139780,0
139781,6
139782,3
139783,0
139784,2
139785,0
139786,0
139787,0
139788,7
139789,0
139790,2
139791,4
139792,0
139793,2
139794,0
139795,0
139796,0
139797,0
139798,0
139799,7
139800,0
139801,0
139802,1
139803,0
139804,0
139805,3
139806,0
139807,0
139808,1
139809,0
139810,5
139811,0
139812,0
139813,2
139814,0
139815,0
139816,0
139817,0
139818,0
139819,0
139820,0
139821,0
139822,2
139823,0
139824,0
139825,3
139826,0
139827,0
139828,0
139829,0
139830,0
139831,0
139832,0
139833,0
139834,0
139835,1
139836,0
139837,0
139838,0
139839,2
139840,0
139841,0
139842,1
139843,4
139844,0
139845,0
139846,3
139847,0
139848,4
139849,0
139850,0
139851,0
139852,0
139853,6
139854,0
139855,0
139856,0
139857,0
139858,0
139859,5
139860,5
139861,0
139862,0
139863,0
139864,0
139865,5
139866,0
139867,0
139868,0
139869,2
139870,0
139871,0
139872,0
139873,0
139874,0
139875,0
139876,0
139877,0
139878,0
139879,6
139880,0
139881,0
139882,0
139883,0
139884,0
139885,1
139886,0
139887,0
139888,0
139889,0
139890,0
139891,0
139892,0
139893,2
139894,0
139895,0
139896,0
139897,0
139898,5
139899,0
139900,0
139901,0
139902,0
139903,0
139904,0
139905,0
139906,0
139907,0
139908,0
139909,0
139910,4
139911,3
139912,0
139913,0
139914,6
139915,0
139916,1
139917,0
139918,0
139919,0
139920,0
139921,0
139922,1
139923,0
139924,0
139925,0
139926,2
139927,5
139928,0
139929,0
139930,1
139931,0
139932,0
139933,0
139934,7
139935,8
139936,3
139937,4
139938,0
139939,0
139940,2
139941,0
139942,0
139943,0
139944,0
139945,0
139946,0
139947,0
139948,1
139949,0
139950,0
139951,7
139952,3
139953,0
139954,0
139955,2
139956,0
139957,0
139958,0
139959,0
139960,0
139961,0
139962,0
139963,0
139964,0
139965,3
139966,2
139967,0
139968,1
139969,0
139970,0
139971,0
139972,0
139973,2
139974,0
139975,0
139976,5
139977,0
139978,0
139979,0
139980,2
139981,0
139982,0
139983,0
139984,0
139985,0
139986,2
139987,5
139988,0
139989,0
139990,0
139991,0
139992,0
139993,0
139994,6
139995,0
139996,0
139997,0
139998,0
139999,0
140000,6
140001,0
140002,5
140003,0
140004,0
140005,0
140006,0
140007,0
140008,2
140009,0
140010,2
140011,0
140012,0
140013,0
140014,0
140015,0
140016,0
140017,5
140018,0
140019,6
140020,0
140021,0
140022,4
140023,6
140024,2
140025,7
140026,0
140027,3
140028,0
140029,0
140030,0
140031,3
140032,0
140033,0
140034,6
140035,0
140036,0
140037,0
140038,0
140039,0
140040,6
140041,0
140042,0
140043,4
140044,4
140045,3
140046,6
140047,4
140048,0
140049,0
140050,0
140051,0
140052,0
140053,0
140054,0
140055,0
140056,0
140057,0
140058,5
140059,0
140060,5
140061,0
140062,5
140063,0
140064,0
140065,0
140066,0
140067,0
140068,0
140069,3
140070,0
140071,2
140072,0
140073,3
140074,3
140075,0
140076,2
140077,6
140078,0
140079,0
140080,0
140081,0
140082,0
140083,0
140084,0
140085,0
140086,1
140087,0
140088,0
140089,0
140090,0
140091,0
140092,0
140093,0
140094,0
140095,0
140096,0
140097,0
140098,0
140099,0
140100,0
140101,5
140102,0
140103,0
140104,0
140105,4
140106,9
140107,0
140108,0
140109,0
140110,0
140111,0
140112,4
140113,7
140114,0
140115,0
140116,0
140117,0
140118,0
140119,0
140120,0
140121,0
140122,0
140123,2
140124,0
140125,0
140126,0
140127,0
140128,0
140129,0
140130,3
140131,3
140132,0
140133,0
140134,3
140135,0
140136,0
140137,0
140138,0
140139,1
140140,0
140141,3
140142,3
140143,0
140144,0
140145,0
140146,0
140147,0
140148,6
140149,0
140150,0
140151,0
140152,0
140153,0
140154,0
140155,1
140156,0
140157,0
140158,0
140159,3
140160,0
140161,2
140162,0
140163,6
140164,3
140165,0
140166,0
140167,0
140168,0
140169,0
140170,4
140171,0
140172,0
140173,0
140174,0
140175,0
140176,2
140177,0
140178,0
140179,0
140180,6
140181,0
140182,7
140183,0
140184,2
140185,0
140186,0
140187,0
140188,6
140189,0
140190,5
140191,5
140192,0
140193,0
140194,0
140195,0
140196,6
140197,0
140198,2
140199,0
140200,0
140201,0
140202,2
140203,0
140204,0
140205,0
140206,5
140207,0
140208,0
140209,0
140210,0
140211,4
140212,0
140213,0
140214,4
140215,3
140216,1
140217,0
140218,6
140219,0
140220,0
140221,4
140222,0
140223,0
140224,4
140225,0
140226,2
140227,0
140228,0
140229,0
140230,0
140231,0
140232,0
140233,0
140234,0
140235,0
140236,0
140237,0
140238,1
140239,0
140240,1
140241,7
140242,4
140243,3
140244,0
140245,4
140246,0
140247,6
140248,0
140249,0
140250,0
140251,0
140252,0
140253,0
140254,0
140255,0
140256,4
140257,0
140258,0
140259,8
140260,0
140261,0
140262,0
140263,0
140264,0
140265,5
140266,4
140267,2
140268,0
140269,0
140270,0
140271,0
140272,0
140273,0
140274,0
140275,0
140276,0
140277,0
140278,0
140279,0
140280,0
140281,5
140282,2
140283,4
140284,1
140285,0
140286,4
140287,2
140288,0
140289,0
140290,0
140291,3
140292,4
140293,0
140294,0
140295,0
140296,0
140297,0
140298,2
140299,0
140300,3
140301,0
140302,2
140303,0
140304,0
140305,0
140306,8
140307,4
140308,1
140309,8
140310,0
140311,0
140312,0
140313,0
140314,0
140315,0
140316,0
140317,0
140318,4
140319,3
140320,0
140321,6
140322,0
140323,0
140324,0
140325,0
140326,0
140327,0
140328,0
140329,0
140330,0
140331,0
140332,0
140333,10
140334,0
140335,0
140336,4
140337,1
140338,4
140339,0
140340,0
140341,0
140342,0
140343,0
140344,0
140345,0
140346,5
140347,0
140348,0
140349,0
140350,0
140351,0
140352,8
140353,0
140354,3
140355,0
140356,0
140357,0
140358,6
140359,0
140360,0
140361,0
140362,0
140363,0
140364,0
140365,4
140366,4
140367,8
140368,0
140369,0
140370,0
140371,2
140372,1
140373,0
140374,5
140375,0
140376,0
140377,2
140378,0
140379,0
140380,0
140381,0
140382,0
140383,0
140384,4
140385,0
140386,0
140387,0
140388,0
140389,0
140390,0
140391,0
140392,0
140393,12
140394,0
140395,0
140396,0
140397,16
140398,0
140399,0
140400,0
140401,0
140402,0
140403,0
140404,16
140405,0
140406,0
140407,8
140408,9
140409,15
140410,0
140411,0
140412,0
140413,0
140414,0
140415,0
140416,0
140417,0
140418,15
140419,0
140420,0
140421,0
140422,0
140423,8
140424,0
140425,0
140426,0
140427,0
140428,0
140429,7
140430,0
140431,0
140432,10
140433,0
140434,0
140435,0
140436,0
140437,0
140438,0
140439,0
140440,0
140441,0
140442,0
140443,0
140444,0
140445,0
140446,11
140447,0
140448,0
140449,0
140450,0
140451,0
140452,0
140453,0
140454,0
140455,0
140456,0
140457,0
140458,17
140459,0
140460,0
140461,0
140462,0
140463,0
140464,0
140465,0
140466,0
140467,19
140468,0
140469,0
140470,0
140471,6
140472,0
140473,0
140474,0
140475,0
140476,0
140477,0
140478,0
140479,0
140480,0
140481,0
140482,0
140483,11
140484,0
140485,16
140486,0
140487,0
140488,6
140489,0
140490,0
140491,15
140492,0
140493,0
140494,0
140495,0
140496,0
140497,0
140498,0
140499,0
140500,0
140501,0
140502,14
140503,0
140504,0
140505,0
140506,8
140507,0
140508,0
140509,0
140510,0
140511,16
140512,0
140513,0
140514,0
140515,0
140516,0
140517,0
140518,0
140519,0
140520,13
140521,16
140522,0
140523,0
140524,0
140525,0
140526,0
140527,0
140528,0
140529,0
140530,0
140531,0
140532,0
140533,0
140534,13
140535,0
140536,0
140537,14
140538,0
140539,0
140540,17
140541,0
140542,0
140543,0
140544,15
140545,0
140546,16
140547,0
140548,0
140549,0
140550,0
140551,0
140552,0
140553,0
140554,0
140555,0
140556,12
140557,0
140558,0
140559,0
140560,0
140561,17
140562,0
140563,0
140564,15
140565,0
140566,0
140567,0
140568,4
140569,0
140570,0
140571,0
140572,14
140573,8
140574,17
140575,0
140576,0
140577,0
140578,0
140579,27
140580,0
140581,0
140582,0
140583,12
140584,0
140585,0
140586,0
140587,0
140588,0
140589,0
140590,0
140591,0
140592,0
140593,0
140594,13
140595,0
140596,0
140597,9
140598,14
140599,0
140600,0
140601,0
140602,0
140603,0
140604,0
140605,0
140606,0
140607,0
140608,17
140609,0
140610,0
140611,0
140612,17
140613,0
140614,0
140615,0
140616,0
140617,0
140618,0
140619,11
140620,0
140621,0
140622,0
140623,0
140624,0
140625,8
140626,0
140627,17
140628,0
140629,15
140630,0
140631,0
140632,0
140633,0
140634,0
140635,10
140636,0
140637,0
140638,0
140639,0
140640,0
140641,0
140642,0
140643,13
140644,0
140645,0
140646,17
140647,0
140648,0
140649,0
140650,8
140651,0
140652,0
140653,0
140654,0
140655,0
140656,0
140657,0
140658,0
140659,0
140660,0
140661,0
140662,0
140663,0
140664,0
140665,0
140666,0
140667,0
140668,0
140669,0
140670,0
140671,0
140672,0
140673,0
140674,0
140675,11
140676,11
140677,0
140678,0
140679,0
140680,0
140681,7
140682,0
140683,0
140684,0
140685,0
140686,12
140687,14
140688,0
140689,3
140690,0
140691,0
140692,0
140693,0
140694,15
140695,0
140696,0
140697,0
140698,18
140699,0
140700,0
140701,0
140702,0
140703,0
140704,0
140705,9
140706,0
140707,0
140708,0
140709,0
140710,7
140711,0
140712,0
140713,0
140714,0
140715,8
140716,18
140717,0
140718,12
140719,0
140720,0
140721,0
140722,0
140723,0
140724,0
140725,0
140726,12
140727,0
140728,14
140729,0
140730,0
140731,8
140732,12
140733,13
140734,0
140735,0
140736,0
140737,10
140738,0
140739,0
140740,6
140741,0
140742,0
140743,0
140744,0
140745,16
140746,9
140747,0
140748,7
140749,0
140750,0
140751,0
140752,0
140753,0
140754,0
140755,0
140756,0
140757,27
140758,0
140759,0
140760,0
140761,0
140762,15
140763,0
140764,0
140765,0
140766,15
140767,8
140768,0
140769,0
140770,12
140771,0
140772,17
140773,0
140774,9
140775,0
140776,24
140777,0
140778,0
140779,0
140780,0
140781,0
140782,9
140783,0
140784,0
140785,0
140786,0
140787,0
140788,0
140789,0
140790,0
140791,0
140792,0
140793,0
140794,0
140795,0
140796,0
140797,0
140798,16
140799,0
140800,13
140801,8
140802,0
140803,0
140804,0
140805,0
140806,19
140807,26
140808,12
140809,0
140810,9
140811,0
140812,0
140813,0
140814,0
140815,0
140816,0
140817,0
140818,0
140819,0
140820,0
140821,0
140822,18
140823,0
140824,20
140825,17
140826,0
140827,0
140828,0
140829,0
140830,0
140831,0
140832,0
140833,0
140834,0
140835,0
140836,0
140837,0
140838,0
140839,0
140840,0
140841,0
140842,15
140843,0
140844,13
140845,0
140846,0
140847,0
140848,16
140849,0
140850,0
140851,0
140852,0
140853,0
140854,0
140855,16
140856,0
140857,0
140858,0
140859,0
140860,0
140861,17
140862,0
140863,0
140864,0
140865,0
140866,0
140867,16
140868,0
140869,10
140870,11
140871,0
140872,0
140873,0
140874,0
140875,0
140876,14
140877,11
140878,0
140879,0
140880,0
140881,0
140882,0
140883,16
140884,0
140885,0
140886,0
140887,10
140888,0
140889,0
140890,0
140891,17
140892,0
140893,0
140894,0
140895,0
140896,12
140897,11
140898,0
140899,0
140900,0
140901,0
140902,0
140903,0
140904,0
140905,0
140906,0
140907,0
140908,12
140909,0
140910,18
140911,0
140912,0
140913,0
140914,0
140915,14
140916,0
140917,0
140918,0
140919,0
140920,0
140921,0
140922,0
140923,0
140924,0
140925,0
140926,0
140927,0
140928,0
140929,0
140930,0
140931,13
140932,0
140933,16
140934,0
140935,21
140936,0
140937,0
140938,15
140939,0
140940,20
140941,0
140942,0
140943,0
140944,0
140945,0
140946,0
140947,0
140948,0
140949,0
140950,0
140951,0
140952,0
140953,0
140954,0
140955,0
140956,0
140957,0
140958,0
140959,0
140960,0
140961,0
140962,0
140963,0
140964,0
140965,0
140966,0
140967,0
140968,0
140969,0
140970,0
140971,0
140972,0
140973,0
140974,0
140975,0
140976,0
140977,0
140978,0
140979,0
140980,0
140981,0
140982,0
140983,0
140984,0
140985,0
140986,18
140987,0
140988,0
140989,0
140990,0
140991,0
140992,0
140993,0
140994,0
140995,0
140996,0
140997,10
140998,0
140999,0
141000,0
141001,0
141002,0
141003,0
141004,0
141005,14
141006,0
141007,0
141008,18
141009,0
141010,0
141011,0
141012,0
141013,10
141014,0
141015,13
141016,16
141017,27
141018,0
141019,24
141020,13
141021,6
141022,0
141023,0
141024,0
141025,11
141026,14
141027,0
141028,13
141029,16
141030,0
141031,12
141032,12
141033,0
141034,0
141035,0
141036,0
141037,0
141038,0
141039,8
141040,0
141041,0
141042,0
141043,0
141044,0
141045,12
141046,0
141047,0
141048,0
141049,15
141050,0
141051,0
141052,0
141053,13
141054,0
141055,10
141056,0
141057,0
141058,0
141059,8
141060,15
141061,0
141062,4
141063,0
141064,10
141065,0
141066,0
141067,0
141068,0
141069,0
141070,0
141071,0
141072,0
141073,0
141074,8
141075,0
141076,0
141077,21
141078,0
141079,0
141080,0
141081,0
141082,0
141083,0
141084,0
141085,0
141086,0
141087,0
141088,0
141089,0
141090,0
141091,0
141092,9
141093,13
141094,0
141095,0
141096,9
141097,0
141098,11
141099,0
141100,0
141101,0
141102,0
141103,0
141104,0
141105,0
141106,0
141107,0
141108,0
141109,0
141110,0
141111,16
141112,0
141113,0
141114,0
141115,0
141116,0
141117,0
141118,0
141119,0
141120,0
141121,1
141122,0
141123,0
141124,0
141125,0
141126,0
141127,0
141128,0
141129,0
141130,0
141131,0
141132,0
141133,0
141134,0
141135,0
141136,0
141137,0
141138,0
141139,0
141140,0
141141,0
141142,0
141143,0
141144,0
141145,0
141146,0
141147,0
141148,0
141149,0
141150,0
141151,0
141152,0
141153,0
141154,0
141155,0
141156,0
141157,0
141158,0
141159,0
141160,0
141161,0
141162,0
141163,0
141164,0
141165,0
141166,0
141167,0
141168,0
141169,0
141170,0
141171,0
141172,0
141173,0
141174,0
141175,0
141176,0
141177,0
141178,0
141179,0
141180,0
141181,0
141182,0
141183,0
141184,0
141185,0
141186,0
141187,0
141188,0
141189,0
141190,0
141191,0
141192,0
141193,0
141194,0
141195,0
141196,0
141197,0
141198,0
141199,0
141200,0
141201,0
141202,0
141203,0
141204,0
141205,0
141206,0
141207,0
141208,0
141209,0
141210,0
141211,0
141212,0
141213,0
141214,0
141215,0
141216,0
141217,0
141218,0
141219,0
141220,0
141221,0
141222,0
141223,0
141224,0
141225,0
141226,0
141227,0
141228,0
141229,0
141230,1
141231,0
141232,0
141233,0
141234,0
141235,0
141236,0
141237,0
141238,0
141239,0
141240,0
141241,0
141242,0
141243,0
141244,0
141245,0
141246,0
141247,0
141248,0
141249,0
141250,0
141251,0
141252,0
141253,0
141254,0
141255,0
141256,0
141257,0
141258,0
141259,0
141260,0
141261,0
141262,0
141263,0
141264,0
141265,0
141266,0
141267,0
141268,0
141269,0
141270,0
141271,0
141272,0
141273,0
141274,0
141275,0
141276,0
141277,0
141278,0
141279,1
141280,0
141281,0
141282,0
141283,0
141284,0
141285,0
141286,0
141287,0
141288,0
141289,0
141290,0
141291,0
141292,0
141293,0
141294,0
141295,0
141296,0
141297,0
141298,0
141299,0
141300,0
141301,0
141302,0
141303,0
141304,0
141305,0
141306,0
141307,0
141308,0
141309,0
141310,0
141311,0
141312,0
141313,0
141314,0
141315,0
141316,0
141317,0
141318,0
141319,0
141320,0
141321,0
141322,0
141323,0
141324,0
141325,0
141326,0
141327,0
141328,0
141329,0
141330,0
141331,0
141332,0
141333,0
141334,0
141335,0
141336,0
141337,0
141338,0
141339,0
141340,0
141341,0
141342,0
141343,0
141344,0
141345,0
141346,0
141347,0
141348,0
141349,0
141350,0
141351,0
141352,0
141353,0
141354,0
141355,0
141356,0
141357,0
141358,0
141359,0
141360,0
141361,0
141362,0
141363,0
141364,0
141365,0
141366,0
141367,0
141368,0
141369,0
141370,0
141371,0
141372,0
141373,0
141374,0
141375,0
141376,0
141377,0
141378,0
141379,0
141380,0
141381,0
141382,0
141383,1
141384,0
141385,0
141386,0
141387,0
141388,0
141389,0
141390,0
141391,0
141392,0
141393,0
141394,0
141395,0
141396,0
141397,0
141398,0
141399,0
141400,0
141401,0
141402,0
141403,0
141404,0
141405,0
141406,0
141407,0
141408,0
141409,0
141410,0
141411,0
141412,0
141413,0
141414,0
141415,0
141416,0
141417,0
141418,0
141419,0
141420,0
141421,0
141422,0
141423,0
141424,0
141425,0
141426,0
141427,0
141428,0
141429,0
141430,0
141431,0
141432,0
141433,0
141434,0
141435,1
141436,0
141437,0
141438,0
141439,0
141440,0
141441,0
141442,0
141443,0
141444,0
141445,0
141446,0
141447,0
141448,0
141449,0
141450,0
141451,0
141452,0
141453,0
141454,0
141455,0
141456,0
141457,0
141458,0
141459,0
141460,0
141461,0
141462,0
141463,0
141464,0
141465,0
141466,0
141467,0
141468,0
141469,0
141470,0
141471,0
141472,0
141473,0
141474,0
141475,0
141476,0
141477,0
141478,0
141479,0
141480,0
141481,0
141482,0
141483,0
141484,0
141485,0
141486,0
141487,0
141488,0
141489,0
141490,0
141491,0
141492,0
141493,0
141494,0
141495,0
141496,0
141497,0
141498,0
141499,0
141500,0
141501,0
141502,0
141503,0
141504,0
141505,0
141506,0
141507,0
141508,0
141509,0
141510,0
141511,0
141512,0
141513,0
141514,0
141515,0
141516,0
141517,0
141518,0
141519,0
141520,0
141521,0
141522,0
141523,0
141524,0
141525,0
141526,0
141527,0
141528,0
141529,0
141530,0
141531,0
141532,0
141533,0
141534,0
141535,0
141536,0
141537,0
141538,0
141539,0
141540,0
141541,0
141542,0
141543,0
141544,0
141545,0
141546,0
141547,0
141548,0
141549,0
141550,0
141551,0
141552,0
141553,0
141554,0
141555,0
141556,0
141557,0
141558,0
141559,0
141560,0
141561,0
141562,0
141563,0
141564,0
141565,0
141566,0
141567,0
141568,0
141569,0
141570,0
141571,0
141572,0
141573,0
141574,0
141575,0
141576,0
141577,0
141578,0
141579,0
141580,0
141581,0
141582,0
141583,0
141584,0
141585,0
141586,0
141587,0
141588,0
141589,0
141590,0
141591,0
141592,0
141593,0
141594,0
141595,0
141596,49
141597,0
141598,0
141599,0
141600,0
141601,0
141602,32
141603,0
141604,0
141605,0
141606,0
141607,0
141608,47
141609,0
141610,28
141611,0
141612,0
141613,0
141614,50
141615,0
141616,0
141617,0
141618,0
141619,34
141620,37
141621,44
141622,0
141623,0
141624,0
141625,0
141626,41
141627,0
141628,0
141629,38
141630,0
141631,0
141632,29
141633,26
141634,0
141635,0
141636,0
141637,0
141638,0
141639,0
141640,0
141641,0
141642,0
141643,0
141644,27
141645,0
141646,0
141647,0
141648,0
141649,0
141650,0
141651,0
141652,0
141653,0
141654,0
141655,32
141656,42
141657,37
141658,42
141659,0
141660,31
141661,34
141662,0
141663,30
141664,30
141665,0
141666,0
141667,0
141668,0
141669,0
141670,0
141671,27
141672,0
141673,31
141674,0
141675,0
141676,0
141677,0
141678,0
141679,43
141680,0
141681,0
141682,0
141683,0
141684,0
141685,0
141686,0
141687,0
141688,0
141689,0
141690,0
141691,0
141692,0
141693,0
141694,0
141695,0
141696,21
141697,0
141698,0
141699,0
141700,0
141701,20
141702,0
141703,28
141704,34
141705,0
141706,30
141707,0
141708,0
141709,0
141710,0
141711,0
141712,0
141713,0
141714,0
141715,37
141716,0
141717,0
141718,39
141719,0
141720,18
141721,0
141722,0
141723,0
141724,0
141725,0
141726,0
141727,0
141728,0
141729,0
141730,0
141731,0
141732,0
141733,0
141734,0
141735,0
141736,0
141737,0
141738,0
141739,0
141740,0
141741,0
141742,0
141743,0
141744,37
141745,0
141746,0
141747,0
141748,0
141749,0
141750,0
141751,0
141752,0
141753,0
141754,0
141755,0
141756,0
141757,0
141758,0
141759,31
141760,0
141761,0
141762,0
141763,26
141764,0
141765,0
141766,0
141767,41
141768,0
141769,0
141770,0
141771,0
141772,0
141773,0
141774,0
141775,42
141776,0
141777,42
141778,0
141779,0
141780,0
141781,0
141782,0
141783,0
141784,0
141785,42
141786,37
141787,0
141788,0
141789,0
141790,39
141791,0
141792,0
141793,0
141794,0
141795,0
141796,0
141797,0
141798,42
141799,0
141800,0
141801,0
141802,0
141803,43
141804,0
141805,32
141806,0
141807,32
141808,0
141809,0
141810,0
141811,46
141812,0
141813,0
141814,0
141815,0
141816,0
141817,0
141818,35
141819,0
141820,0
141821,0
141822,0
141823,0
141824,0
141825,0
141826,0
141827,32
141828,0
141829,0
141830,0
141831,0
141832,32
141833,0
141834,0
141835,0
141836,0
141837,41
141838,0
141839,0
141840,0
141841,0
141842,0
141843,0
141844,0
141845,0
141846,0
141847,0
141848,0
141849,50
141850,0
141851,0
141852,0
141853,0
141854,34
141855,0
141856,0
141857,0
141858,0
141859,0
141860,0
141861,0
141862,0
141863,0
141864,0
141865,0
141866,40
141867,49
141868,0
141869,0
141870,0
141871,0
141872,0
141873,0
141874,0
141875,36
141876,25
141877,0
141878,0
141879,0
141880,32
141881,0
141882,0
141883,0
141884,0
141885,26
141886,0
141887,0
141888,0
141889,0
141890,0
141891,0
141892,0
141893,0
141894,0
141895,45
141896,0
141897,29
141898,0
141899,0
141900,0
141901,32
141902,0
141903,0
141904,0
141905,0
141906,0
141907,35
141908,0
141909,0
141910,0
141911,0
141912,0
141913,0
141914,0
141915,0
141916,29
141917,37
141918,39
141919,0
141920,0
141921,0
141922,0
141923,0
141924,0
141925,0
141926,0
141927,40
141928,0
141929,0
141930,42
141931,29
141932,0
141933,0
141934,33
141935,0
141936,31
141937,41
141938,0
141939,25
141940,0
141941,0
141942,0
141943,0
141944,0
141945,0
141946,0
141947,39
141948,0
141949,0
141950,0
141951,39
141952,26
141953,0
141954,0
141955,0
141956,26
141957,35
141958,30
141959,0
141960,0
141961,0
141962,0
141963,0
141964,0
141965,0
141966,31
141967,0
141968,0
141969,0
141970,0
141971,0
141972,0
141973,0
141974,26
141975,0
141976,0
141977,0
141978,0
141979,0
141980,40
141981,0
141982,0
141983,0
141984,0
141985,0
141986,0
141987,0
141988,0
141989,49
141990,29
141991,0
141992,0
141993,41
141994,0
141995,0
141996,0
141997,0
141998,0
141999,0
142000,0
142001,0
142002,27
142003,0
142004,42
142005,0
142006,0
142007,0
142008,0
142009,0
142010,0
142011,0
142012,0
142013,45
142014,0
142015,0
142016,0
142017,0
142018,40
142019,0
142020,0
142021,0
142022,33
142023,0
142024,0
142025,0
142026,0
142027,36
142028,0
142029,0
142030,0
142031,0
142032,0
142033,0
142034,0
142035,0
142036,0
142037,23
142038,0
142039,0
142040,0
142041,27
142042,0
142043,0
142044,0
142045,0
142046,0
142047,0
142048,0
142049,0
142050,0
142051,0
142052,0
142053,25
142054,0
142055,0
142056,0
142057,0
142058,0
142059,0
142060,0
142061,0
142062,32
142063,0
142064,0
142065,0
142066,0
142067,0
142068,0
142069,0
142070,0
142071,0
142072,0
142073,0
142074,0
142075,0
142076,0
142077,0
142078,0
142079,0
142080,0
142081,43
142082,0
142083,0
142084,0
142085,0
142086,0
142087,0
142088,0
142089,0
142090,0
142091,0
142092,0
142093,0
142094,35
142095,0
142096,41
142097,0
142098,40
142099,0
142100,0
142101,25
142102,0
142103,0
142104,0
142105,0
142106,0
142107,0
142108,0
142109,0
142110,0
142111,0
142112,0
142113,0
142114,0
142115,0
142116,0
142117,0
142118,31
142119,0
142120,0
142121,0
142122,0
142123,0
142124,21
142125,0
142126,0
142127,0
142128,0
142129,0
142130,31
142131,0
142132,0
142133,0
142134,0
142135,29
142136,0
142137,0
142138,0
142139,0
142140,0
142141,42
142142,0
142143,0
142144,0
142145,31
142146,0
142147,0
142148,0
142149,0
142150,0
142151,0
142152,0
142153,48
142154,0
142155,0
142156,0
142157,0
142158,30
142159,36
142160,0
142161,0
142162,0
142163,0
142164,0
142165,0
142166,0
142167,0
142168,0
142169,0
142170,42
142171,0
142172,0
142173,36
142174,23
142175,0
142176,0
142177,0
142178,0
142179,0
142180,0
142181,0
142182,0
142183,0
142184,0
142185,30
142186,37
142187,0
142188,0
142189,0
142190,28
142191,0
142192,0
142193,0
142194,0
142195,0
142196,0
142197,0
142198,0
142199,0
142200,35
142201,0
142202,0
142203,0
142204,0
142205,0
142206,0
142207,0
142208,0
142209,0
142210,0
142211,0
142212,0
142213,0
142214,0
142215,0
142216,0
142217,41
142218,0
142219,0
142220,0
142221,0
142222,34
142223,0
142224,0
142225,0
142226,0
142227,0
142228,0
142229,0
142230,0
142231,0
142232,0
142233,0
142234,0
142235,0
142236,0
142237,0
142238,0
142239,0
142240,0
142241,0
142242,0
142243,0
142244,0
142245,46
142246,0
142247,0
142248,0
142249,0
142250,0
142251,0
142252,27
142253,0
142254,0
142255,0
142256,0
142257,0
142258,32
142259,0
142260,0
142261,0
142262,0
142263,32
142264,59
142265,0
142266,0
142267,0
142268,0
142269,0
142270,0
142271,30
142272,39
142273,0
142274,0
142275,0
142276,0
142277,0
142278,0
142279,0
142280,45
142281,0
142282,0
142283,0
142284,0
142285,0
142286,0
142287,0
142288,0
142289,0
142290,31
142291,36
142292,30
142293,0
142294,30
142295,26
142296,0
142297,0
142298,0
142299,0
142300,37
142301,0
142302,0
142303,0
142304,0
142305,0
142306,0
142307,0
142308,0
142309,0
142310,0
142311,33
142312,33
142313,0
142314,0
142315,0
142316,0
142317,0
142318,0
142319,0
142320,0
142321,0
142322,0
142323,0
142324,0
142325,0
142326,0
142327,0
142328,37
142329,0
142330,0
142331,0
142332,0
142333,0
142334,0
142335,0
142336,0
142337,0
142338,0
142339,0
142340,0
142341,0
142342,0
142343,0
142344,0
142345,0
142346,0
142347,0
142348,0
142349,0
142350,0
142351,0
142352,0
142353,0
142354,0
142355,0
142356,0
142357,0
142358,0
142359,0
142360,0
142361,0
142362,0
142363,0
142364,0
142365,0
142366,0
142367,0
142368,0
142369,0
142370,0
142371,0
142372,0
142373,0
142374,0
142375,0
142376,0
142377,0
142378,0
142379,0
142380,0
142381,0
142382,0
142383,0
142384,0
142385,0
142386,0
142387,0
142388,0
142389,0
142390,0
142391,0
142392,0
142393,0
142394,0
142395,0
142396,0
142397,0
142398,0
142399,0
142400,0
142401,0
142402,0
142403,0
142404,0
142405,0
142406,0
142407,0
142408,0
142409,0
142410,0
142411,0
142412,0
142413,0
142414,0
142415,0
142416,0
142417,0
142418,0
142419,0
142420,0
142421,0
142422,0
142423,0
142424,0
142425,1
142426,0
142427,0
142428,0
142429,0
142430,0
142431,0
142432,1
142433,0
142434,0
142435,0
142436,0
142437,0
142438,0
142439,0
142440,0
142441,0
142442,0
142443,0
142444,0
142445,0
142446,0
142447,0
142448,0
142449,0
142450,0
142451,0
142452,0
142453,0
142454,0
142455,0
142456,0
142457,0
142458,0
142459,0
142460,0
142461,0
142462,0
142463,0
142464,0
142465,0
142466,0
142467,0
142468,0
142469,0
142470,0
142471,0
142472,0
142473,0
142474,0
142475,0
142476,0
142477,0
142478,0
142479,0
142480,0
142481,0
142482,0
142483,0
142484,0
142485,0
142486,0
142487,0
142488,0
142489,0
142490,0
142491,0
142492,0
142493,0
142494,0
142495,0
142496,0
142497,0
142498,0
142499,0
142500,0
142501,0
142502,0
142503,0
142504,0
142505,0
142506,0
142507,0
142508,0
142509,0
142510,0
142511,0
142512,0
142513,0
142514,0
142515,0
142516,1
142517,0
142518,0
142519,0
142520,0
142521,0
142522,0
142523,0
142524,0
142525,0
142526,0
142527,0
142528,0
142529,0
142530,0
142531,0
142532,0
142533,0
142534,0
142535,0
142536,0
142537,0
142538,0
142539,0
142540,0
142541,0
142542,0
142543,0
142544,0
142545,0
142546,0
142547,0
142548,0
142549,0
142550,0
142551,0
142552,0
142553,0
142554,0
142555,0
142556,0
142557,0
142558,0
142559,0
142560,0
142561,0
142562,0
142563,0
142564,0
142565,0
142566,0
142567,0
142568,0
142569,0
142570,0
142571,0
142572,0
142573,0
142574,0
142575,0
142576,0
142577,0
142578,0
142579,0
142580,0
142581,0
142582,0
142583,0
142584,0
142585,0
142586,0
142587,0
142588,0
142589,0
142590,0
142591,0
142592,0
142593,0
142594,0
142595,0
142596,0
142597,0
142598,0
142599,0
142600,0
142601,0
142602,0
142603,0
142604,0
142605,0
142606,0
142607,0
142608,0
142609,0
142610,0
142611,0
142612,0
142613,0
142614,0
142615,0
142616,0
142617,0
142618,0
142619,0
142620,0
142621,0
142622,0
142623,0
142624,0
142625,0
142626,0
142627,0
142628,0
142629,0
142630,5
142631,3
142632,0
142633,0
142634,0
142635,0
142636,8
142637,12
142638,5
142639,0
142640,0
142641,0
142642,2
142643,0
142644,9
142645,0
142646,0
142647,0
142648,2
142649,0
142650,0
142651,0
142652,0
142653,0
142654,0
142655,0
142656,6
142657,6
142658,0
142659,0
142660,15
142661,4
142662,5
142663,1
142664,0
142665,0
142666,0
142667,0
142668,0
142669,0
142670,0
142671,0
142672,0
142673,0
142674,4
142675,0
142676,0
142677,4
142678,9
142679,5
142680,0
142681,0
142682,0
142683,0
142684,0
142685,4
142686,5
142687,0
142688,0
142689,0
142690,0
142691,0
142692,7
142693,0
142694,0
142695,0
142696,0
142697,7
142698,0
142699,5
142700,0
142701,0
142702,0
142703,0
142704,0
142705,0
142706,0
142707,0
142708,0
142709,0
142710,6
142711,7
142712,2
142713,0
142714,0
142715,0
142716,0
142717,0
142718,9
142719,7
142720,0
142721,7
142722,3
142723,0
142724,0
142725,0
142726,0
142727,0
142728,0
142729,0
142730,0
142731,0
142732,9
142733,0
142734,0
142735,0
142736,0
142737,0
142738,5
142739,0
142740,0
142741,0
142742,9
142743,0
142744,3
142745,3
142746,0
142747,0
142748,0
142749,0
142750,0
142751,0
142752,6
142753,0
142754,0
142755,5
142756,0
142757,5
142758,0
142759,6
142760,0
142761,0
142762,0
142763,0
142764,8
142765,4
142766,0
142767,4
142768,0
142769,0
142770,0
142771,10
142772,0
142773,0
142774,0
142775,0
142776,0
142777,0
142778,0
142779,0
142780,0
142781,0
142782,7
142783,0
142784,0
142785,0
142786,0
142787,0
142788,0
142789,0
142790,2
142791,0
142792,0
142793,0
142794,5
142795,0
142796,0
142797,7
142798,0
142799,0
142800,7
142801,0
142802,0
142803,0
142804,0
142805,0
142806,0
142807,0
142808,0
142809,0
142810,0
142811,0
142812,0
142813,6
142814,5
142815,6
142816,4
142817,0
142818,0
142819,0
142820,2
142821,0
142822,0
142823,0
142824,0
142825,4
142826,0
142827,5
142828,0
142829,4
142830,0
142831,0
142832,0
142833,0
142834,12
142835,0
142836,0
142837,0
142838,11
142839,0
142840,5
142841,0
142842,0
142843,0
142844,5
142845,5
142846,0
142847,0
142848,10
142849,0
142850,0
142851,0
142852,8
142853,0
142854,0
142855,0
142856,0
142857,0
142858,7
142859,8
142860,0
142861,0
142862,0
142863,8
142864,0
142865,0
142866,0
142867,0
142868,8
142869,0
142870,0
142871,0
142872,0
142873,0
142874,0
142875,0
142876,0
142877,0
142878,0
142879,0
142880,8
142881,0
142882,0
142883,0
142884,4
142885,0
142886,0
142887,9
142888,0
142889,3
142890,0
142891,0
142892,16
142893,0
142894,0
142895,0
142896,0
142897,0
142898,0
142899,0
142900,0
142901,0
142902,0
142903,4
142904,0
142905,0
142906,0
142907,0
142908,0
142909,0
142910,0
142911,0
142912,0
142913,0
142914,5
142915,0
142916,0
142917,0
142918,6
142919,0
142920,0
142921,6
142922,0
142923,0
142924,0
142925,0
142926,0
142927,9
142928,5
142929,0
142930,0
142931,0
142932,7
142933,0
142934,0
142935,0
142936,0
142937,0
142938,0
142939,0
142940,6
142941,10
142942,0
142943,0
142944,7
142945,9
142946,0
142947,3
142948,6
142949,0
142950,7
142951,0
142952,0
142953,6
142954,0
142955,0
142956,8
142957,0
142958,0
142959,0
142960,0
142961,7
142962,0
142963,0
142964,0
142965,0
142966,9
142967,0
142968,11
142969,0
142970,0
142971,3
142972,0
142973,0
142974,0
142975,8
142976,2
142977,0
142978,0
142979,0
142980,0
142981,0
142982,0
142983,6
142984,0
142985,0
142986,0
142987,5
142988,0
142989,0
142990,0
142991,0
142992,0
142993,0
142994,0
142995,0
142996,0
142997,0
142998,0
142999,0
143000,0
143001,0
143002,0
143003,0
143004,0
143005,0
143006,0
143007,0
143008,0
143009,0
143010,0
143011,0
143012,0
143013,0
143014,0
143015,0
143016,6
143017,0
143018,0
143019,0
143020,0
143021,0
143022,0
143023,0
143024,0
143025,7
143026,0
143027,10
143028,0
143029,0
143030,0
143031,0
143032,0
143033,9
143034,0
143035,0
143036,7
143037,0
143038,0
143039,0
143040,0
143041,8
143042,0
143043,5
143044,0
143045,0
143046,0
143047,0
143048,0
143049,0
143050,0
143051,0
143052,0
143053,0
143054,0
143055,2
143056,0
143057,0
143058,6
143059,0
143060,0
143061,0
143062,6
143063,0
143064,0
143065,0
143066,0
143067,0
143068,0
143069,9
143070,0
143071,0
143072,10
143073,0
143074,0
143075,0
143076,0
143077,6
143078,0
143079,0
143080,0
143081,0
143082,0
143083,0
143084,9
143085,7
143086,0
143087,0
143088,0
143089,0
143090,0
143091,0
143092,6
143093,0
143094,0
143095,0
143096,6
143097,0
143098,0
143099,8
143100,0
143101,0
143102,0
143103,5
143104,0
143105,0
143106,0
143107,0
143108,0
143109,0
143110,0
143111,7
143112,11
143113,0
143114,0
143115,0
143116,0
143117,0
143118,7
143119,0
143120,0
143121,4
143122,0
143123,4
143124,0
143125,0
143126,0
143127,5
143128,0
143129,0
143130,0
143131,0
143132,0
143133,0
143134,0
143135,0
143136,5
143137,0
143138,0
143139,0
143140,0
143141,0
143142,0
143143,0
143144,7
143145,0
143146,0
143147,0
143148,10
143149,0
143150,0
143151,0
143152,4
143153,0
143154,0
143155,2
143156,0
143157,10
143158,0
143159,0
143160,0
143161,0
143162,0
143163,0
143164,0
143165,0
143166,0
143167,0
143168,4
143169,0
143170,0
143171,6
143172,0
143173,0
143174,8
143175,0
143176,0
143177,0
143178,0
143179,0
143180,0
143181,1
143182,7
143183,0
143184,0
143185,0
143186,0
143187,0
143188,0
143189,6
143190,5
143191,3
143192,7
143193,7
143194,0
143195,5
143196,0
143197,0
143198,6
143199,0
143200,0
143201,3
143202,8
143203,0
143204,0
143205,0
143206,0
143207,5
143208,0
143209,0
143210,0
143211,0
143212,4
143213,3
143214,2
143215,7
143216,0
143217,0
143218,8
143219,0
143220,0
143221,0
143222,6
143223,0
143224,0
143225,0
143226,6
143227,0
143228,0
143229,0
143230,0
143231,0
143232,0
143233,0
143234,3
143235,0
143236,0
143237,33
143238,0
143239,21
143240,30
143241,0
143242,0
143243,20
143244,27
143245,0
143246,0
143247,0
143248,28
143249,24
143250,0
143251,0
143252,0
143253,17
143254,0
143255,0
143256,33
143257,0
143258,15
143259,0
143260,35
143261,0
143262,15
143263,30
143264,0
143265,0
143266,34
143267,0
143268,0
143269,0
143270,0
143271,0
143272,0
143273,0
143274,24
143275,0
143276,0
143277,0
143278,0
143279,0
143280,0
143281,0
143282,0
143283,0
143284,0
143285,0
143286,0
143287,0
143288,28
143289,0
143290,0
143291,0
143292,0
143293,0
143294,37
143295,29
143296,0
143297,0
143298,0
143299,0
143300,21
143301,0
143302,0
143303,26
143304,0
143305,34
143306,0
143307,0
143308,0
143309,0
143310,0
143311,0
143312,0
143313,0
143314,29
143315,0
143316,0
143317,21
143318,0
143319,0
143320,0
143321,0
143322,16
143323,0
143324,0
143325,24
143326,0
143327,0
143328,24
143329,0
143330,0
143331,0
143332,0
143333,0
143334,0
143335,33
143336,0
143337,0
143338,23
143339,25
143340,0
143341,0
143342,0
143343,0
143344,0
143345,26
143346,0
143347,37
143348,0
143349,0
143350,23
143351,0
143352,0
143353,0
143354,0
143355,33
143356,0
143357,0
143358,0
143359,0
143360,40
143361,0
143362,0
143363,0
143364,0
143365,0
143366,0
143367,0
143368,32
143369,0
143370,0
143371,28
143372,0
143373,0
143374,0
143375,0
143376,0
143377,27
143378,0
143379,25
143380,0
143381,0
143382,0
143383,0
143384,0
143385,18
143386,0
143387,0
143388,0
143389,0
143390,0
143391,0
143392,0
143393,0
143394,0
143395,22
143396,31
143397,38
143398,0
143399,0
143400,0
143401,22
143402,31
143403,0
143404,0
143405,0
143406,0
143407,0
143408,0
143409,0
143410,0
143411,0
143412,29
143413,20
143414,0
143415,22
143416,0
143417,0
143418,0
143419,0
143420,0
143421,0
143422,0
143423,0
143424,0
143425,0
143426,18
143427,24
143428,0
143429,0
143430,0
143431,0
143432,20
143433,0
143434,24
143435,0
143436,0
143437,0
143438,0
143439,0
143440,0
143441,27
143442,26
143443,0
143444,36
143445,0
143446,0
143447,0
143448,0
143449,0
143450,0
143451,0
143452,27
143453,0
143454,0
143455,0
143456,24
143457,0
143458,0
143459,0
143460,0
143461,0
143462,26
143463,31
143464,21
143465,0
143466,0
143467,0
143468,0
143469,0
143470,0
143471,0
143472,0
143473,25
143474,30
143475,0
143476,0
143477,0
143478,29
143479,0
143480,0
143481,28
143482,0
143483,26
143484,0
143485,0
143486,0
143487,0
143488,30
143489,0
143490,0
143491,0
143492,0
143493,26
143494,0
143495,0
143496,0
143497,0
143498,0
143499,0
143500,0
143501,23
143502,0
143503,0
143504,0
143505,0
143506,0
143507,0
143508,0
143509,30
143510,0
143511,21
143512,0
143513,0
143514,0
143515,0
143516,21
143517,0
143518,0
143519,21
143520,0
143521,0
143522,0
143523,0
143524,0
143525,21
143526,0
143527,0
143528,34
143529,0
143530,0
143531,0
143532,0
143533,26
143534,0
143535,0
143536,0
143537,0
143538,0
143539,0
143540,0
143541,0
143542,29
143543,0
143544,0
143545,0
143546,0
143547,0
143548,0
143549,0
143550,0
143551,19
143552,0
143553,0
143554,0
143555,0
143556,0
143557,0
143558,0
143559,0
143560,0
143561,0
143562,0
143563,0
143564,28
143565,0
143566,0
143567,0
143568,0
143569,19
143570,0
143571,0
143572,0
143573,0
143574,0
143575,0
143576,0
143577,0
143578,0
143579,0
143580,0
143581,0
143582,0
143583,0
143584,0
143585,0
143586,27
143587,0
143588,0
143589,0
143590,0
143591,0
143592,0
143593,0
143594,0
143595,0
143596,0
143597,0
143598,0
143599,0
143600,0
143601,0
143602,0
143603,0
143604,0
143605,0
143606,0
143607,0
143608,0
143609,0
143610,0
143611,0
143612,0
143613,36
143614,0
143615,0
143616,0
143617,24
143618,0
143619,0
143620,0
143621,0
143622,21
143623,0
143624,0
143625,0
143626,0
143627,0
143628,0
143629,0
143630,0
143631,27
143632,0
143633,0
143634,0
143635,0
143636,0
143637,0
143638,0
143639,0
143640,32
143641,23
143642,19
143643,0
143644,0
143645,0
143646,0
143647,0
143648,0
143649,0
143650,0
143651,0
143652,0
143653,0
143654,0
143655,0
143656,0
143657,0
143658,36
143659,0
143660,0
143661,0
143662,0
143663,0
143664,0
143665,0
143666,0
143667,0
143668,0
143669,0
143670,0
143671,23
143672,0
143673,0
143674,34
143675,0
143676,0
143677,0
143678,0
143679,35
143680,0
143681,0
143682,0
143683,0
143684,0
143685,0
143686,0
143687,21
143688,0
143689,0
143690,0
143691,0
143692,20
143693,0
143694,0
143695,0
143696,0
143697,0
143698,0
143699,0
143700,0
143701,21
143702,0
143703,0
143704,0
143705,0
143706,0
143707,0
143708,23
143709,0
143710,36
143711,0
143712,0
143713,20
143714,42
143715,0
143716,0
143717,34
143718,22
143719,0
143720,0
143721,22
143722,0
143723,0
143724,0
143725,23
143726,29
143727,0
143728,0
143729,0
143730,0
143731,34
143732,0
143733,34
143734,24
143735,0
143736,0
143737,0
143738,0
143739,29
143740,27
143741,0
143742,25
143743,0
143744,0
143745,0
143746,0
143747,0
143748,0
143749,31
143750,0
143751,0
143752,0
143753,0
143754,34
143755,0
143756,0
143757,0
143758,0
143759,0
143760,34
143761,0
143762,0
143763,0
143764,31
143765,0
143766,0
143767,28
143768,31
143769,0
143770,24
143771,0
143772,0
143773,0
143774,0
143775,26
143776,0
143777,0
143778,0
143779,0
143780,0
143781,0
143782,22
143783,0
143784,39
143785,0
143786,0
143787,0
143788,28
143789,0
143790,0
143791,0
143792,17
143793,30
143794,26
143795,0
143796,0
143797,0
143798,0
143799,0
143800,0
143801,0
143802,0
143803,0
143804,24
143805,26
143806,20
143807,29
143808,0
143809,21
143810,0
143811,15
143812,0
143813,0
143814,26
143815,0
143816,0
143817,14
143818,0
143819,22
143820,27
143821,0
143822,0
143823,0
143824,29
143825,0
143826,0
143827,0
143828,29
143829,0
143830,0
143831,0
143832,31
143833,0
143834,0
143835,0
143836,26
143837,0
143838,0
143839,0
143840,0
143841,0
143842,0
143843,38
143844,0
143845,0
143846,0
143847,26
143848,0
143849,0
143850,0
143851,0
143852,0
143853,23
143854,0
143855,35
143856,29
143857,0
143858,0
143859,0
143860,0
143861,0
143862,0
143863,38
143864,0
143865,0
143866,19
143867,24
143868,0
143869,0
143870,19
143871,0
143872,0
143873,20
143874,0
143875,0
143876,0
143877,32
143878,0
143879,17
143880,0
143881,33
143882,48
143883,0
143884,0
143885,0
143886,0
143887,23
143888,0
143889,0
143890,0
143891,0
143892,0
143893,0
143894,0
143895,24
143896,27
143897,0
143898,0
143899,0
143900,0
143901,0
143902,0
143903,0
143904,25
143905,0
143906,0
143907,0
143908,0
143909,0
143910,0
143911,0
143912,28
143913,20
143914,0
143915,0
143916,0
143917,0
143918,0
143919,34
143920,20
143921,24
143922,0
143923,0
143924,16
143925,32
143926,0
143927,0
143928,0
143929,0
143930,0
143931,0
143932,0
143933,0
143934,0
143935,24
143936,20
143937,0
143938,0
143939,33
143940,0
143941,0
143942,0
143943,0
143944,0
143945,0
143946,0
143947,22
143948,0
143949,0
143950,0
143951,31
143952,0
143953,0
143954,0
143955,0
143956,0
143957,0
143958,0
143959,0
143960,0
143961,24
143962,0
143963,0
143964,0
143965,35
143966,18
143967,0
143968,17
143969,0
143970,0
143971,0
143972,0
143973,0
143974,0
143975,25
143976,0
143977,0
143978,0
143979,0
143980,0
143981,0
143982,0
143983,0
143984,0
143985,0
143986,0
143987,0
143988,24
143989,0
143990,0
143991,0
143992,0
143993,0
143994,0
143995,0
143996,27
143997,0
143998,0
143999,30
144000,0
144001,36
144002,0
144003,0
144004,0
144005,20
144006,0
144007,0
144008,0
144009,0
144010,34
144011,0
144012,0
144013,0
144014,0
144015,0
144016,29
144017,0
144018,0
144019,0
144020,0
144021,28
144022,0
144023,0
144024,22
144025,0
144026,0
144027,0
144028,21
144029,0
144030,0
144031,24
144032,0
144033,0
144034,35
144035,0
144036,0
144037,0
144038,30
144039,0
144040,0
144041,0
144042,0
144043,0
144044,0
144045,29
144046,0
144047,0
144048,34
144049,0
144050,24
144051,0
144052,33
144053,24
144054,0
144055,0
144056,0
144057,0
144058,0
144059,0
144060,0
144061,30
144062,0
144063,0
144064,0
144065,0
144066,0
144067,0
144068,0
144069,0
144070,0
144071,0
144072,0
144073,0
144074,0
144075,36
144076,24
144077,0
144078,0
144079,0
144080,0
144081,27
144082,0
144083,18
144084,0
144085,23
144086,0
144087,0
144088,0
144089,0
144090,0
144091,0
144092,0
144093,0
144094,37
144095,0
144096,0
144097,0
144098,0
144099,27
144100,0
144101,0
144102,0
144103,0
144104,0
144105,0
144106,26
144107,0
144108,0
144109,0
144110,34
144111,0
144112,0
144113,0
144114,0
144115,0
144116,42
144117,0
144118,0
144119,28
144120,0
144121,0
144122,32
144123,25
144124,0
144125,0
144126,23
144127,0
144128,0
144129,0
144130,22
144131,0
144132,0
144133,0
144134,0
144135,35
144136,25
144137,0
144138,0
144139,0
144140,0
144141,0
144142,0
144143,0
144144,29
144145,0
144146,0
144147,0
144148,32
144149,0
144150,0
144151,0
144152,0
144153,0
144154,0
144155,0
144156,30
144157,0
144158,0
144159,0
144160,0
144161,0
144162,0
144163,0
144164,0
144165,0
144166,0
144167,0
144168,0
144169,0
144170,0
144171,0
144172,24
144173,0
144174,25
144175,0
144176,0
144177,0
144178,0
144179,0
144180,0
144181,0
144182,0
144183,0
144184,0
144185,0
144186,0
144187,0
144188,0
144189,0
144190,0
144191,0
144192,0
144193,0
144194,0
144195,0
144196,0
144197,0
144198,0
144199,0
144200,0
144201,0
144202,0
144203,0
144204,0
144205,0
144206,0
144207,0
144208,0
144209,0
144210,1
144211,0
144212,0
144213,0
144214,0
144215,0
144216,0
144217,0
144218,0
144219,0
144220,0
144221,0
144222,0
144223,0
144224,0
144225,0
144226,0
144227,0
144228,0
144229,0
144230,0
144231,0
144232,0
144233,0
144234,0
144235,0
144236,0
144237,0
144238,0
144239,0
144240,0
144241,0
144242,0
144243,0
144244,0
144245,0
144246,0
144247,0
144248,0
144249,0
144250,0
144251,0
144252,0
144253,0
144254,0
144255,0
144256,0
144257,0
144258,0
144259,0
144260,11
144261,19
144262,0
144263,0
144264,11
144265,0
144266,0
144267,19
144268,0
144269,0
144270,0
144271,0
144272,0
144273,0
144274,12
144275,0
144276,0
144277,0
144278,16
144279,7
144280,0
144281,0
144282,0
144283,0
144284,0
144285,0
144286,0
144287,5
144288,0
144289,13
144290,7
144291,0
144292,13
144293,0
144294,0
144295,21
144296,0
144297,0
144298,18
144299,0
144300,0
144301,6
144302,0
144303,0
144304,0
144305,0
144306,0
144307,0
144308,0
144309,20
144310,0
144311,16
144312,0
144313,0
144314,0
144315,0
144316,0
144317,16
144318,0
144319,0
144320,0
144321,8
144322,0
144323,7
144324,0
144325,0
144326,0
144327,0
144328,0
144329,10
144330,0
144331,0
144332,0
144333,0
144334,0
144335,0
144336,18
144337,0
144338,0
144339,0
144340,13
144341,0
144342,0
144343,0
144344,0
144345,0
144346,0
144347,0
144348,0
144349,0
144350,0
144351,0
144352,0
144353,0
144354,0
144355,0
144356,11
144357,0
144358,0
144359,0
144360,16
144361,8
144362,0
144363,0
144364,0
144365,7
144366,0
144367,8
144368,12
144369,0
144370,10
144371,0
144372,0
144373,0
144374,13
144375,9
144376,0
144377,10
144378,0
144379,0
144380,0
144381,0
144382,10
144383,0
144384,6
144385,3
144386,0
144387,0
144388,12
144389,0
144390,0
144391,0
144392,16
144393,0
144394,0
144395,0
144396,0
144397,0
144398,0
144399,0
144400,0
144401,0
144402,0
144403,8
144404,0
144405,0
144406,0
144407,0
144408,5
144409,0
144410,0
144411,0
144412,0
144413,0
144414,0
144415,0
144416,0
144417,0
144418,0
144419,0
144420,0
144421,0
144422,16
144423,0
144424,0
144425,0
144426,0
144427,11
144428,0
144429,0
144430,12
144431,0
144432,0
144433,13
144434,0
144435,0
144436,8
144437,0
144438,0
144439,0
144440,0
144441,0
144442,0
144443,11
144444,0
144445,0
144446,0
144447,0
144448,0
144449,13
144450,0
144451,7
144452,0
144453,10
144454,0
144455,0
144456,0
144457,0
144458,0
144459,0
144460,0
144461,0
144462,0
144463,0
144464,0
144465,0
144466,0
144467,0
144468,12
144469,6
144470,0
144471,17
144472,10
144473,0
144474,0
144475,0
144476,0
144477,14
144478,0
144479,0
144480,0
144481,0
144482,0
144483,16
144484,12
144485,0
144486,7
144487,0
144488,0
144489,0
144490,0
144491,0
144492,0
144493,0
144494,9
144495,0
144496,0
144497,20
144498,0
144499,0
144500,12
144501,0
144502,13
144503,0
144504,11
144505,0
144506,0
144507,12
144508,0
144509,0
144510,0
144511,0
144512,0
144513,0
144514,0
144515,0
144516,0
144517,0
144518,0
144519,11
144520,16
144521,0
144522,0
144523,2
144524,0
144525,0
144526,23
144527,0
144528,0
144529,17
144530,0
144531,4
144532,0
144533,0
144534,0
144535,0
144536,0
144537,0
144538,0
144539,0
144540,14
144541,10
144542,8
144543,0
144544,0
144545,0
144546,0
144547,0
144548,0
144549,0
144550,0
144551,0
144552,0
144553,0
144554,0
144555,0
144556,0
144557,0
144558,0
144559,0
144560,0
144561,0
144562,13
144563,0
144564,16
144565,0
144566,0
144567,0
144568,0
144569,0
144570,0
144571,0
144572,0
144573,0
144574,0
144575,0
144576,0
144577,0
144578,0
144579,0
144580,0
144581,0
144582,0
144583,0
144584,0
144585,0
144586,0
144587,12
144588,0
144589,8
144590,0
144591,0
144592,0
144593,0
144594,0
144595,0
144596,0
144597,0
144598,0
144599,0
144600,0
144601,0
144602,0
144603,0
144604,7
144605,0
144606,0
144607,16
144608,0
144609,0
144610,0
144611,13
144612,0
144613,0
144614,0
144615,0
144616,0
144617,0
144618,0
144619,0
144620,0
144621,9
144622,0
144623,0
144624,0
144625,0
144626,0
144627,0
144628,23
144629,0
144630,0
144631,0
144632,0
144633,14
144634,0
144635,0
144636,0
144637,0
144638,17
144639,13
144640,0
144641,0
144642,8
144643,13
144644,0
144645,0
144646,0
144647,0
144648,0
144649,0
144650,0
144651,0
144652,9
144653,0
144654,0
144655,0
144656,0
144657,0
144658,0
144659,29
144660,0
144661,15
144662,0
144663,0
144664,11
144665,0
144666,0
144667,0
144668,0
144669,0
144670,0
144671,0
144672,0
144673,0
144674,0
144675,8
144676,0
144677,0
144678,0
144679,0
144680,0
144681,0
144682,0
144683,0
144684,0
144685,0
144686,16
144687,8
144688,0
144689,0
144690,0
144691,0
144692,0
144693,0
144694,0
144695,0
144696,0
144697,0
144698,0
144699,0
144700,0
144701,0
144702,0
144703,0
144704,0
144705,0
144706,0
144707,0
144708,9
144709,0
144710,0
144711,0
144712,0
144713,0
144714,0
144715,0
144716,0
144717,0
144718,0
144719,0
144720,0
144721,0
144722,0
144723,0
144724,0
144725,0
144726,0
144727,16
144728,0
144729,0
144730,0
144731,0
144732,0
144733,0
144734,0
144735,0
144736,0
144737,10
144738,0
144739,0
144740,0
144741,0
144742,0
144743,0
144744,0
144745,0
144746,22
144747,13
144748,0
144749,0
144750,0
144751,0
144752,0
144753,0
144754,0
144755,0
144756,0
144757,0
144758,15
144759,0
144760,0
144761,0
144762,14
144763,0
144764,13
144765,0
144766,14
144767,0
144768,0
144769,0
144770,0
144771,0
144772,0
144773,0
144774,0
144775,0
144776,0
144777,0
144778,0
144779,0
144780,0
144781,0
144782,12
144783,0
144784,0
144785,0
144786,0
144787,0
144788,0
144789,0
144790,0
144791,0
144792,31
144793,0
144794,0
144795,12
144796,0
144797,0
144798,0
144799,0
144800,10
144801,0
144802,0
144803,0
144804,0
144805,0
144806,0
144807,0
144808,0
144809,0
144810,0
144811,0
144812,0
144813,0
144814,0
144815,0
144816,0
144817,5
144818,0
144819,0
144820,0
144821,0
144822,3
144823,0
144824,0
144825,0
144826,0
144827,0
144828,0
144829,12
144830,0
144831,4
144832,0
144833,0
144834,8
144835,0
144836,9
144837,0
144838,0
144839,0
144840,0
144841,0
144842,0
144843,0
144844,0
144845,0
144846,0
144847,0
144848,0
144849,0
144850,0
144851,0
144852,0
144853,0
144854,0
144855,0
144856,0
144857,0
144858,25
144859,0
144860,0
144861,0
144862,12
144863,0
144864,0
144865,0
144866,0
144867,0
144868,0
144869,0
144870,0
144871,7
144872,0
144873,0
144874,0
144875,0
144876,0
144877,0
144878,0
144879,0
144880,13
144881,0
144882,0
144883,12
144884,0
144885,0
144886,0
144887,23
144888,0
144889,0
144890,0
144891,0
144892,0
144893,0
144894,0
144895,0
144896,0
144897,0
144898,53
144899,36
144900,0
144901,0
144902,0
144903,0
144904,0
144905,0
144906,0
144907,0
144908,35
144909,23
144910,0
144911,0
144912,0
144913,0
144914,0
144915,0
144916,0
144917,0
144918,32
144919,0
144920,0
144921,40
144922,41
144923,0
144924,0
144925,0
144926,0
144927,0
144928,0
144929,0
144930,0
144931,0
144932,0
144933,0
144934,35
144935,34
144936,0
144937,0
144938,20
144939,35
144940,0
144941,0
144942,0
144943,0
144944,39
144945,0
144946,0
144947,29
144948,0
144949,31
144950,36
144951,31
144952,32
144953,0
144954,43
144955,0
144956,0
144957,0
144958,35
144959,0
144960,0
144961,34
144962,47
144963,0
144964,34
144965,50
144966,0
144967,0
144968,0
144969,44
144970,0
144971,0
144972,41
144973,0
144974,0
144975,0
144976,0
144977,0
144978,29
144979,36
144980,47
144981,32
144982,0
144983,0
144984,0
144985,0
144986,0
144987,0
144988,30
144989,36
144990,31
144991,0
144992,0
144993,0
144994,0
144995,0
144996,0
144997,0
144998,0
144999,0
145000,0
145001,0
145002,0
145003,0
145004,0
145005,29
145006,0
145007,0
145008,0
145009,35
145010,0
145011,0
145012,42
145013,0
145014,0
145015,0
145016,0
145017,0
145018,22
145019,0
145020,26
145021,0
145022,28
145023,27
145024,43
145025,43
145026,0
145027,37
145028,0
145029,36
145030,0
145031,0
145032,32
145033,0
145034,38
145035,0
145036,35
145037,0
145038,0
145039,0
145040,32
145041,0
145042,33
145043,0
145044,0
145045,0
145046,0
145047,0
145048,0
145049,29
145050,30
145051,0
145052,32
145053,0
145054,0
145055,0
145056,0
145057,0
145058,0
145059,41
145060,0
145061,0
145062,27
145063,0
145064,0
145065,29
145066,0
145067,0
145068,0
145069,0
145070,0
145071,22
145072,46
145073,0
145074,0
145075,0
145076,0
145077,26
145078,0
145079,0
145080,0
145081,0
145082,45
145083,39
145084,0
145085,0
145086,0
145087,0
145088,0
145089,0
145090,0
145091,0
145092,33
145093,27
145094,28
145095,0
145096,0
145097,35
145098,0
145099,0
145100,33
145101,0
145102,46
145103,28
145104,0
145105,0
145106,0
145107,0
145108,21
145109,29
145110,30
145111,0
145112,37
145113,0
145114,0
145115,29
145116,0
145117,34
145118,0
145119,25
145120,0
145121,0
145122,34
145123,39
145124,0
145125,0
145126,0
145127,0
145128,0
145129,0
145130,0
145131,42
145132,0
145133,0
145134,25
145135,0
145136,38
145137,0
145138,0
145139,0
145140,33
145141,36
145142,0
145143,0
145144,0
145145,42
145146,0
145147,0
145148,40
145149,0
145150,32
145151,0
145152,34
145153,0
145154,22
145155,0
145156,0
145157,0
145158,0
145159,0
145160,0
145161,0
145162,0
145163,0
145164,0
145165,0
145166,0
145167,0
145168,0
145169,0
145170,0
145171,0
145172,0
145173,0
145174,0
145175,0
145176,0
145177,0
145178,0
145179,0
145180,0
145181,0
145182,0
145183,0
145184,0
145185,0
145186,0
145187,0
145188,0
145189,0
145190,0
145191,0
145192,0
145193,0
145194,0
145195,0
145196,0
145197,0
145198,0
145199,0
145200,0
145201,0
145202,0
145203,0
145204,0
145205,0
145206,0
145207,0
145208,0
145209,0
145210,0
145211,0
145212,0
145213,0
145214,0
145215,0
145216,0
145217,0
145218,0
145219,0
145220,0
145221,0
145222,0
145223,0
145224,0
145225,0
145226,0
145227,0
145228,0
145229,0
145230,0
145231,0
145232,0
145233,0
145234,0
145235,0
145236,0
145237,0
145238,0
145239,0
145240,0
145241,0
145242,0
145243,0
145244,0
145245,0
145246,0
145247,0
145248,0
145249,0
145250,0
145251,0
145252,0
145253,0
145254,0
145255,0
145256,0
145257,0
145258,0
145259,0
145260,0
145261,0
145262,0
145263,0
145264,0
145265,0
145266,0
145267,0
145268,0
145269,0
145270,0
145271,0
145272,0
145273,0
145274,0
145275,0
145276,0
145277,0
145278,0
145279,0
145280,0
145281,0
145282,0
145283,0
145284,0
145285,0
145286,0
145287,0
145288,0
145289,0
145290,0
145291,0
145292,0
145293,0
145294,0
145295,0
145296,0
145297,0
145298,0
145299,0
145300,0
145301,0
145302,0
145303,0
145304,0
145305,0
145306,0
145307,0
145308,0
145309,0
145310,0
145311,0
145312,0
145313,0
145314,0
145315,0
145316,0
145317,0
145318,0
145319,0
145320,0
145321,0
145322,0
145323,0
145324,0
145325,0
145326,0
145327,0
145328,0
145329,0
145330,0
145331,0
145332,0
145333,0
145334,0
145335,0
145336,0
145337,0
145338,0
145339,0
145340,0
145341,0
145342,0
145343,0
145344,0
145345,0
145346,0
145347,0
145348,0
145349,0
145350,0
145351,0
145352,0
145353,0
145354,0
145355,0
145356,0
145357,0
145358,0
145359,0
145360,0
145361,0
145362,0
145363,0
145364,0
145365,1
145366,0
145367,0
145368,0
145369,0
145370,0
145371,0
145372,0
145373,0
145374,0
145375,0
145376,0
145377,0
145378,0
145379,0
145380,0
145381,0
145382,0
145383,0
145384,0
145385,0
145386,0
145387,0
145388,0
145389,0
145390,0
145391,0
145392,0
145393,0
145394,0
145395,0
145396,0
145397,0
145398,0
145399,0
145400,0
145401,0
145402,0
145403,0
145404,0
145405,0
145406,0
145407,0
145408,0
145409,0
145410,0
145411,0
145412,0
145413,0
145414,0
145415,0
145416,0
145417,0
145418,0
145419,0
145420,0
145421,0
145422,0
145423,0
145424,0
145425,0
145426,0
145427,0
145428,0
145429,0
145430,0
145431,0
145432,0
145433,0
145434,0
145435,0
145436,0
145437,0
145438,0
145439,0
145440,0
145441,0
145442,0
145443,0
145444,0
145445,0
145446,0
145447,0
145448,0
145449,0
145450,0
145451,0
145452,0
145453,0
145454,0
145455,0
145456,0
145457,0
145458,0
145459,0
145460,0
145461,1
145462,0
145463,0
145464,0
145465,0
145466,0
145467,0
145468,0
145469,1
145470,0
145471,0
145472,0
145473,0
145474,0
145475,0
145476,0
145477,0
145478,0
145479,0
145480,0
145481,0
145482,0
145483,0
145484,0
145485,0
145486,0
145487,0
145488,0
145489,0
145490,0
145491,0
145492,0
145493,0
145494,0
145495,0
145496,0
145497,0
145498,0
145499,0
145500,0
145501,0
145502,0
145503,0
145504,0
145505,0
145506,0
145507,0
145508,0
145509,0
145510,0
145511,0
145512,0
145513,0
145514,0
145515,0
145516,0
145517,0
145518,0
145519,0
145520,0
145521,0
145522,0
145523,0
145524,0
145525,0
145526,0
145527,0
145528,0
145529,0
145530,0
145531,0
145532,0
145533,0
145534,0
145535,0
145536,0
145537,0
145538,0
145539,0
145540,0
145541,0
145542,0
145543,0
145544,0
145545,0
145546,0
145547,0
145548,0
145549,0
145550,0
145551,0
145552,0
145553,0
145554,0
145555,0
145556,0
145557,0
145558,0
145559,0
145560,0
145561,0
145562,0
145563,0
145564,0
145565,0
145566,0
145567,0
145568,0
145569,0
145570,0
145571,0
145572,0
145573,0
145574,0
145575,0
145576,0
145577,0
145578,0
145579,0
145580,0
145581,0
145582,0
145583,0
145584,0
145585,0
145586,0
145587,0
145588,0
145589,0
145590,0
145591,0
145592,0
145593,0
145594,0
145595,0
145596,0
145597,0
145598,0
145599,0
145600,0
145601,0
145602,0
145603,0
145604,0
145605,0
145606,0
145607,0
145608,0
145609,0
145610,0
145611,0
145612,0
145613,0
145614,0
145615,0
145616,0
145617,0
145618,0
145619,0
145620,0
145621,0
145622,0
145623,0
145624,0
145625,0
145626,0
145627,0
145628,0
145629,0
145630,0
145631,0
145632,0
145633,0
145634,0
145635,0
145636,0
145637,0
145638,0
145639,0
145640,0
145641,0
145642,0
145643,0
145644,0
145645,0
145646,0
145647,0
145648,0
145649,0
145650,0
145651,0
145652,0
145653,0
145654,0
145655,0
145656,0
145657,0
145658,0
145659,0
145660,0
145661,0
145662,0
145663,0
145664,0
145665,0
145666,0
145667,0
145668,0
145669,0
145670,0
145671,0
145672,0
145673,0
145674,0
145675,0
145676,0
145677,0
145678,0
145679,0
145680,0
145681,0
145682,0
145683,0
145684,0
145685,0
145686,0
145687,0
145688,0
145689,0
145690,0
145691,0
145692,0
145693,0
145694,0
145695,0
145696,0
145697,0
145698,0
145699,0
145700,0
145701,0
145702,0
145703,0
145704,0
145705,0
145706,0
145707,0
145708,0
145709,0
145710,0
145711,0
145712,0
145713,0
145714,0
145715,0
145716,0
145717,0
145718,0
145719,0
145720,0
145721,0
145722,0
145723,0
145724,0
145725,0
145726,0
145727,0
145728,0
145729,0
145730,0
145731,0
145732,0
145733,0
145734,0
145735,0
145736,0
145737,0
145738,0
145739,0
145740,0
145741,0
145742,0
145743,0
145744,0
145745,0
145746,0
145747,0
145748,0
145749,0
145750,0
145751,0
145752,0
145753,0
145754,0
145755,0
145756,0
145757,0
145758,0
145759,0
145760,0
145761,0
145762,0
145763,0
145764,0
145765,0
145766,0
145767,0
145768,0
145769,0
145770,0
145771,0
145772,0
145773,0
145774,0
145775,0
145776,0
145777,0
145778,0
145779,0
145780,0
145781,0
145782,0
145783,0
145784,0
145785,0
145786,1
145787,0
145788,0
145789,0
145790,0
145791,0
145792,0
145793,0
145794,0
145795,0
145796,0
145797,0
145798,0
145799,0
145800,0
145801,0
145802,0
145803,0
145804,0
145805,0
145806,0
145807,0
145808,0
145809,0
145810,0
145811,0
145812,0
145813,0
145814,0
145815,0
145816,0
145817,0
145818,0
145819,0
145820,0
145821,0
145822,0
145823,0
145824,0
145825,0
145826,0
145827,0
145828,0
145829,0
145830,0
145831,0
145832,0
145833,0
145834,0
145835,0
145836,0
145837,0
145838,0
145839,0
145840,0
145841,0
145842,0
145843,0
145844,0
145845,0
145846,0
145847,0
145848,0
145849,0
145850,0
145851,0
145852,0
145853,0
145854,0
145855,0
145856,0
145857,0
145858,0
145859,0
145860,0
145861,0
145862,0
145863,0
145864,0
145865,0
145866,0
145867,0
145868,0
145869,0
145870,0
145871,0
145872,0
145873,0
145874,0
145875,0
145876,0
145877,0
145878,0
145879,0
145880,0
145881,0
145882,0
145883,0
145884,0
145885,0
145886,0
145887,0
145888,0
145889,0
145890,0
145891,0
145892,0
145893,0
145894,0
145895,0
145896,0
145897,0
145898,0
145899,0
145900,0
145901,0
145902,0
145903,0
145904,0
145905,0
145906,0
145907,0
145908,0
145909,0
145910,0
145911,0
145912,0
145913,0
145914,0
145915,0
145916,0
145917,0
145918,0
145919,0
145920,0
145921,0
145922,0
145923,0
145924,0
145925,0
145926,0
145927,0
145928,0
145929,0
145930,0
145931,0
145932,0
145933,0
145934,0
145935,0
145936,0
145937,0
145938,0
145939,0
145940,0
145941,0
145942,0
145943,0
145944,0
145945,0
145946,0
145947,0
145948,0
145949,0
145950,0
145951,0
145952,0
145953,0
145954,0
145955,0
145956,0
145957,0
145958,0
145959,0
145960,0
145961,0
145962,0
145963,0
145964,0
145965,0
145966,0
145967,0
145968,0
145969,0
145970,0
145971,0
145972,0
145973,0
145974,0
145975,0
145976,0
145977,0
145978,0
145979,0
145980,0
145981,0
145982,0
145983,0
145984,0
145985,0
145986,0
145987,0
145988,0
145989,0
145990,0
145991,0
145992,0
145993,0
145994,0
145995,0
145996,0
145997,0
145998,0
145999,0
146000,0
146001,0
146002,0
146003,0
146004,0
146005,0
146006,0
146007,0
146008,0
146009,0
146010,0
146011,0
146012,0
146013,0
146014,0
146015,0
146016,0
146017,0
146018,0
146019,0
146020,0
146021,0
146022,0
146023,0
146024,0
146025,0
146026,0
146027,0
146028,0
146029,0
146030,0
146031,0
146032,0
146033,0
146034,0
146035,0
146036,0
146037,0
146038,0
146039,0
146040,0
146041,0
146042,0
146043,0
146044,0
146045,0
146046,0
146047,0
146048,0
146049,0
146050,0
146051,0
146052,0
146053,0
146054,34
146055,0
146056,0
146057,29
146058,0
146059,0
146060,0
146061,0
146062,0
146063,0
146064,0
146065,0
146066,0
146067,0
146068,0
146069,0
146070,0
146071,0
146072,0
146073,0
146074,0
146075,0
146076,0
146077,0
146078,0
146079,0
146080,26
146081,34
146082,0
146083,0
146084,53
146085,0
146086,0
146087,0
146088,0
146089,30
146090,0
146091,0
146092,0
146093,0
146094,0
146095,0
146096,0
146097,0
146098,0
146099,0
146100,0
146101,0
146102,28
146103,0
146104,0
146105,25
146106,0
146107,0
146108,0
146109,35
146110,0
146111,0
146112,0
146113,0
146114,0
146115,0
146116,0
146117,0
146118,0
146119,0
146120,0
146121,34
146122,0
146123,32
146124,0
146125,30
146126,0
146127,0
146128,0
146129,59
146130,0
146131,0
146132,0
146133,0
146134,0
146135,0
146136,0
146137,0
146138,0
146139,0
146140,39
146141,38
146142,0
146143,0
146144,0
146145,0
146146,0
146147,0
146148,0
146149,0
146150,33
146151,0
146152,47
146153,0
146154,0
146155,0
146156,0
146157,0
146158,0
146159,0
146160,0
146161,27
146162,0
146163,0
146164,0
146165,21
146166,31
146167,0
146168,0
146169,0
146170,43
146171,0
146172,0
146173,0
146174,0
146175,0
146176,0
146177,0
146178,0
146179,0
146180,0
146181,0
146182,0
146183,0
146184,0
146185,54
146186,0
146187,0
146188,0
146189,36
146190,0
146191,0
146192,0
146193,0
146194,0
146195,0
146196,0
146197,0
146198,0
146199,0
146200,40
146201,0
146202,0
146203,0
146204,0
146205,0
146206,0
146207,21
146208,0
146209,0
146210,0
146211,0
146212,0
146213,0
146214,0
146215,0
146216,0
146217,0
146218,0
146219,0
146220,0
146221,0
146222,0
146223,0
146224,0
146225,0
146226,8
146227,0
146228,9
146229,0
146230,0
146231,0
146232,0
146233,0
146234,0
146235,0
146236,30
146237,0
146238,24
146239,0
146240,27
146241,0
146242,23
146243,10
146244,0
146245,0
146246,0
146247,0
146248,0
146249,0
146250,0
146251,0
146252,0
146253,0
146254,0
146255,0
146256,0
146257,0
146258,8
146259,0
146260,0
146261,9
146262,0
146263,20
146264,0
146265,13
146266,0
146267,7
146268,9
146269,0
146270,0
146271,0
146272,0
146273,0
146274,0
146275,0
146276,0
146277,15
146278,0
146279,25
146280,0
146281,0
146282,0
146283,0
146284,0
146285,0
146286,0
146287,0
146288,6
146289,18
146290,0
146291,0
146292,0
146293,0
146294,12
146295,0
146296,0
146297,0
146298,20
146299,0
146300,5
146301,0
146302,0
146303,13
146304,0
146305,15
146306,0
146307,0
146308,0
146309,0
146310,0
146311,0
146312,9
146313,0
146314,0
146315,0
146316,7
146317,0
146318,0
146319,15
146320,0
146321,0
146322,0
146323,0
146324,14
146325,0
146326,0
146327,3
146328,0
146329,5
146330,0
146331,7
146332,0
146333,15
146334,15
146335,0
146336,15
146337,0
146338,0
146339,11
146340,11
146341,14
146342,0
146343,0
146344,11
146345,0
146346,0
146347,0
146348,0
146349,5
146350,0
146351,11
146352,9
146353,0
146354,14
146355,0
146356,32
146357,0
146358,0
146359,12
146360,12
146361,0
146362,0
146363,0
146364,0
146365,0
146366,0
146367,10
146368,0
146369,0
146370,0
146371,19
146372,0
146373,9
146374,0
146375,23
146376,9
146377,0
146378,0
146379,0
146380,0
146381,0
146382,0
146383,0
146384,22
146385,0
146386,0
146387,0
146388,25
146389,0
146390,0
146391,0
146392,0
146393,0
146394,0
146395,0
146396,0
146397,0
146398,16
146399,0
146400,0
146401,0
146402,0
146403,0
146404,13
146405,0
146406,0
146407,0
146408,23
146409,0
146410,0
146411,0
146412,16
146413,0
146414,0
146415,0
146416,0
146417,6
146418,13
146419,0
146420,0
146421,0
146422,0
146423,0
146424,29
146425,0
146426,0
146427,21
146428,0
146429,6
146430,0
146431,7
146432,0
146433,0
146434,0
146435,0
146436,6
146437,0
146438,0
146439,0
146440,0
146441,10
146442,0
146443,0
146444,0
146445,0
146446,13
146447,11
146448,7
146449,0
146450,0
146451,0
146452,0
146453,0
146454,13
146455,0
146456,0
146457,0
146458,25
146459,0
146460,0
146461,0
146462,0
146463,0
146464,0
146465,0
146466,0
146467,0
146468,23
146469,0
146470,0
146471,0
146472,0
146473,8
146474,0
146475,10
146476,10
146477,8
146478,0
146479,16
146480,0
146481,0
146482,12
146483,0
146484,0
146485,14
146486,0
146487,36
146488,0
146489,0
146490,18
146491,0
146492,13
146493,0
146494,18
146495,0
146496,0
146497,16
146498,0
146499,0
146500,0
146501,0
146502,0
146503,0
146504,0
146505,0
146506,13
146507,0
146508,0
146509,0
146510,0
146511,0
146512,0
146513,17
146514,22
146515,0
146516,10
146517,0
146518,0
146519,0
146520,0
146521,0
146522,0
146523,0
146524,0
146525,17
146526,0
146527,0
146528,0
146529,0
146530,0
146531,0
146532,0
146533,0
146534,0
146535,0
146536,0
146537,0
146538,0
146539,0
146540,0
146541,0
146542,0
146543,0
146544,0
146545,0
146546,0
146547,0
146548,0
146549,0
146550,0
146551,13
146552,0
146553,0
146554,15
146555,0
146556,0
146557,0
146558,0
146559,0
146560,0
146561,0
146562,0
146563,0
146564,29
146565,0
146566,23
146567,0
146568,0
146569,0
146570,0
146571,0
146572,0
146573,19
146574,0
146575,0
146576,0
146577,0
146578,0
146579,0
146580,0
146581,0
146582,0
146583,0
146584,0
146585,0
146586,0
146587,0
146588,26
146589,0
146590,0
146591,0
146592,0
146593,0
146594,0
146595,0
146596,0
146597,0
146598,0
146599,0
146600,0
146601,0
146602,0
146603,0
146604,19
146605,0
146606,0
146607,0
146608,0
146609,27
146610,0
146611,0
146612,0
146613,0
146614,0
146615,0
146616,0
146617,0
146618,0
146619,0
146620,24
146621,19
146622,0
146623,0
146624,0
146625,0
146626,0
146627,0
146628,0
146629,0
146630,0
146631,0
146632,0
146633,0
146634,0
146635,0
146636,0
146637,0
146638,0
146639,0
146640,0
146641,0
146642,0
146643,0
146644,0
146645,0
146646,0
146647,0
146648,12
146649,0
146650,0
146651,0
146652,24
146653,0
146654,0
146655,0
146656,20
146657,0
146658,0
146659,0
146660,0
146661,0
146662,0
146663,0
146664,15
146665,0
146666,0
146667,0
146668,0
146669,0
146670,0
146671,0
146672,0
146673,0
146674,0
146675,0
146676,0
146677,0
146678,0
146679,0
146680,0
146681,0
146682,0
146683,0
146684,0
146685,0
146686,0
146687,0
146688,0
146689,0
146690,0
146691,0
146692,0
146693,0
146694,0
146695,0
146696,0
146697,0
146698,0
146699,0
146700,0
146701,0
146702,0
146703,0
146704,0
146705,0
146706,0
146707,15
146708,0
146709,0
146710,18
146711,0
146712,0
146713,18
146714,0
146715,0
146716,0
146717,0
146718,0
146719,0
146720,21
146721,0
146722,0
146723,22
146724,0
146725,0
146726,0
146727,0
146728,0
146729,0
146730,0
146731,0
146732,0
146733,0
146734,0
146735,0
146736,0
146737,0
146738,0
146739,0
146740,12
146741,0
146742,0
146743,0
146744,22
146745,0
146746,0
146747,0
146748,0
146749,0
146750,0
146751,0
146752,0
146753,0
146754,0
146755,0
146756,0
146757,0
146758,0
146759,0
146760,13
146761,0
146762,0
146763,0
146764,0
146765,0
146766,0
146767,0
146768,0
146769,0
146770,0
146771,0
146772,0
146773,0
146774,0
146775,0
146776,0
146777,0
146778,0
146779,0
146780,0
146781,0
146782,0
146783,0
146784,0
146785,0
146786,0
146787,0
146788,0
146789,0
146790,0
146791,0
146792,0
146793,0
146794,0
146795,0
146796,0
146797,0
146798,0
146799,0
146800,21
146801,0
146802,0
146803,0
146804,0
146805,0
146806,0
146807,0
146808,0
146809,0
146810,0
146811,27
146812,0
146813,0
146814,0
146815,0
146816,0
146817,0
146818,0
146819,0
146820,0
146821,0
146822,0
146823,0
146824,0
146825,0
146826,0
146827,0
146828,0
146829,0
146830,27
146831,0
146832,0
146833,0
146834,0
146835,0
146836,0
146837,0
146838,0
146839,0
146840,0
146841,0
146842,0
146843,0
146844,0
146845,0
146846,0
146847,0
146848,0
146849,0
146850,0
146851,0
146852,0
146853,0
146854,0
146855,0
146856,0
146857,0
146858,0
146859,0
146860,0
146861,0
146862,0
146863,0
146864,0
146865,0
146866,0
146867,17
146868,0
146869,19
146870,0
146871,0
146872,0
146873,0
146874,0
146875,0
146876,0
146877,0
146878,0
146879,0
146880,0
146881,0
146882,0
146883,0
146884,0
146885,0
146886,0
146887,0
146888,0
146889,0
146890,0
146891,0
146892,0
146893,0
146894,0
146895,0
146896,28
146897,0
146898,0
146899,0
146900,0
146901,0
146902,0
146903,0
146904,0
146905,0
146906,0
146907,0
146908,0
146909,0
146910,17
146911,0
146912,0
146913,0
146914,0
146915,0
146916,0
146917,0
146918,0
146919,0
146920,0
146921,0
146922,0
146923,0
146924,27
146925,17
146926,0
146927,0
146928,0
146929,0
146930,0
146931,0
146932,33
146933,0
146934,0
146935,0
146936,0
146937,0
146938,0
146939,0
146940,0
146941,0
146942,17
146943,0
146944,0
146945,0
146946,0
146947,0
146948,0
146949,0
146950,0
146951,0
146952,0
146953,0
146954,0
146955,15
146956,0
146957,0
146958,0
146959,0
146960,0
146961,0
146962,0
146963,0
146964,0
146965,0
146966,0
146967,0
146968,0
146969,0
146970,0
146971,0
146972,0
146973,0
146974,0
146975,0
146976,0
146977,0
146978,0
146979,0
146980,0
146981,0
146982,0
146983,0
146984,0
146985,0
146986,0
146987,0
146988,26
146989,15
146990,0
146991,0
146992,0
146993,0
146994,0
146995,0
146996,0
146997,0
146998,0
146999,0
147000,0
147001,0
147002,0
147003,0
147004,0
147005,0
147006,0
147007,0
147008,0
147009,0
147010,0
147011,0
147012,0
147013,0
147014,0
147015,0
147016,0
147017,0
147018,0
147019,0
147020,0
147021,0
147022,0
147023,0
147024,0
147025,0
147026,0
147027,0
147028,0
147029,0
147030,15
147031,0
147032,0
147033,19
147034,0
147035,0
147036,0
147037,0
147038,0
147039,0
147040,0
147041,0
147042,0
147043,0
147044,0
147045,0
147046,0
147047,0
147048,0
147049,0
147050,0
147051,0
147052,0
147053,0
147054,0
147055,0
147056,0
147057,0
147058,16
147059,0
147060,0
147061,0
147062,0
147063,0
147064,0
147065,0
147066,0
147067,0
147068,0
147069,0
147070,18
147071,23
147072,0
147073,0
147074,0
147075,0
147076,0
147077,0
147078,0
147079,0
147080,0
147081,0
147082,0
147083,0
147084,0
147085,0
147086,0
147087,0
147088,0
147089,0
147090,0
147091,0
147092,0
147093,25
147094,0
147095,0
147096,0
147097,0
147098,0
147099,0
147100,0
147101,0
147102,0
147103,0
147104,0
147105,0
147106,17
147107,0
147108,0
147109,0
147110,0
147111,0
147112,0
147113,0
147114,0
147115,22
147116,0
147117,0
147118,0
147119,0
147120,21
147121,0
147122,0
147123,21
147124,0
147125,0
147126,0
147127,0
147128,0
147129,27
147130,0
147131,25
147132,0
147133,0
147134,14
147135,0
147136,0
147137,0
147138,0
147139,0
147140,0
147141,0
147142,0
147143,0
147144,0
147145,0
147146,0
147147,0
147148,15
147149,0
147150,0
147151,0
147152,22
147153,0
147154,0
147155,0
147156,0
147157,18
147158,0
147159,0
147160,0
147161,0
147162,0
147163,16
147164,0
147165,13
147166,0
147167,0
147168,0
147169,14
147170,19
147171,0
147172,0
147173,0
147174,11
147175,0
147176,0
147177,0
147178,0
147179,17
147180,0
147181,0
147182,0
147183,0
147184,0
147185,0
147186,0
147187,0
147188,13
147189,0
147190,0
147191,0
147192,0
147193,26
147194,0
147195,20
147196,0
147197,0
147198,0
147199,0
147200,0
147201,0
147202,0
147203,20
147204,13
147205,14
147206,0
147207,0
147208,15
147209,0
147210,0
147211,0
147212,17
147213,15
147214,11
147215,0
147216,0
147217,0
147218,0
147219,0
147220,0
147221,0
147222,0
147223,9
147224,16
147225,0
147226,0
147227,0
147228,0
147229,0
147230,0
147231,14
147232,0
147233,12
147234,0
147235,0
147236,0
147237,0
147238,0
147239,0
147240,18
147241,0
147242,0
147243,0
147244,19
147245,0
147246,0
147247,0
147248,0
147249,20
147250,0
147251,0
147252,15
147253,0
147254,0
147255,0
147256,18
147257,0
147258,0
147259,0
147260,0
147261,0
147262,0
147263,0
147264,18
147265,0
147266,0
147267,25
147268,0
147269,0
147270,9
147271,0
147272,0
147273,0
147274,0
147275,0
147276,25
147277,0
147278,0
147279,0
147280,0
147281,0
147282,0
147283,0
147284,0
147285,4
147286,0
147287,18
147288,0
147289,0
147290,0
147291,0
147292,0
147293,0
147294,0
147295,0
147296,0
147297,0
147298,31
147299,22
147300,0
147301,0
147302,0
147303,0
147304,0
147305,0
147306,0
147307,19
147308,0
147309,20
147310,0
147311,18
147312,0
147313,0
147314,0
147315,0
147316,0
147317,0
147318,0
147319,0
147320,19
147321,6
147322,0
147323,0
147324,0
147325,25
147326,23
147327,0
147328,0
147329,0
147330,0
147331,0
147332,0
147333,0
147334,0
147335,23
147336,0
147337,0
147338,0
147339,0
147340,0
147341,0
147342,0
147343,0
147344,0
147345,0
147346,0
147347,0
147348,0
147349,0
147350,14
147351,21
147352,21
147353,15
147354,0
147355,0
147356,27
147357,0
147358,18
147359,13
147360,0
147361,15
147362,0
147363,0
147364,0
147365,8
147366,0
147367,0
147368,0
147369,0
147370,0
147371,12
147372,0
147373,0
147374,0
147375,20
147376,0
147377,0
147378,0
147379,20
147380,18
147381,0
147382,0
147383,28
147384,0
147385,0
147386,0
147387,0
147388,0
147389,18
147390,0
147391,0
147392,0
147393,19
147394,0
147395,0
147396,12
147397,0
147398,0
147399,14
147400,0
147401,0
147402,0
147403,0
147404,26
147405,0
147406,14
147407,0
147408,16
147409,0
147410,15
147411,0
147412,0
147413,0
147414,0
147415,0
147416,0
147417,14
147418,0
147419,0
147420,0
147421,17
147422,0
147423,15
147424,0
147425,0
147426,0
147427,0
147428,0
147429,17
147430,0
147431,0
147432,0
147433,0
147434,0
147435,0
147436,0
147437,0
147438,0
147439,0
147440,0
147441,0
147442,0
147443,26
147444,0
147445,0
147446,0
147447,0
147448,22
147449,13
147450,0
147451,0
147452,19
147453,0
147454,0
147455,15
147456,0
147457,0
147458,0
147459,17
147460,0
147461,0
147462,0
147463,0
147464,0
147465,0
147466,0
147467,0
147468,0
147469,0
147470,0
147471,0
147472,17
147473,0
147474,0
147475,0
147476,0
147477,0
147478,16
147479,0
147480,0
147481,0
147482,14
147483,23
147484,0
147485,0
147486,0
147487,0
147488,0
147489,0
147490,11
147491,26
147492,0
147493,0
147494,0
147495,13
147496,14
147497,22
147498,0
147499,0
147500,0
147501,0
147502,22
147503,0
147504,0
147505,18
147506,0
147507,0
147508,0
147509,0
147510,0
147511,0
147512,16
147513,13
147514,0
147515,0
147516,0
147517,0
147518,0
147519,0
147520,0
147521,0
147522,18
147523,0
147524,0
147525,0
147526,0
147527,12
147528,0
147529,0
147530,0
147531,0
147532,0
147533,0
147534,0
147535,0
147536,0
147537,0
147538,0
147539,0
147540,0
147541,28
147542,0
147543,0
147544,0
147545,17
147546,24
147547,0
147548,0
147549,22
147550,0
147551,0
147552,0
147553,9
147554,0
147555,0
147556,21
147557,0
147558,17
147559,0
147560,0
147561,0
147562,19
147563,0
147564,0
147565,0
147566,14
147567,23
147568,0
147569,0
147570,0
147571,0
147572,0
147573,0
147574,0
147575,0
147576,29
147577,0
147578,0
147579,0
147580,0
147581,0
147582,0
147583,0
147584,25
147585,0
147586,0
147587,30
147588,0
147589,0
147590,0
147591,0
147592,0
147593,17
147594,0
147595,9
147596,0
147597,0
147598,0
147599,13
147600,0
147601,10
147602,0
147603,0
147604,0
147605,0
147606,0
147607,0
147608,0
147609,0
147610,0
147611,0
147612,0
147613,0
147614,0
147615,19
147616,0
147617,0
147618,0
147619,0
147620,0
147621,0
147622,0
147623,14
147624,26
147625,21
147626,20
147627,11
147628,29
147629,0
147630,0
147631,20
147632,0
147633,0
147634,15
147635,0
147636,0
147637,0
147638,0
147639,0
147640,0
147641,0
147642,0
147643,24
147644,0
147645,0
147646,18
147647,0
147648,0
147649,0
147650,0
147651,0
147652,0
147653,0
147654,0
147655,24
147656,0
147657,0
147658,0
147659,0
147660,0
147661,0
147662,0
147663,0
147664,0
147665,0
147666,25
147667,0
147668,0
147669,0
147670,0
147671,0
147672,21
147673,0
147674,0
147675,20
147676,0
147677,0
147678,0
147679,16
147680,0
147681,0
147682,0
147683,0
147684,0
147685,0
147686,0
147687,0
147688,0
147689,22
147690,0
147691,0
147692,0
147693,0
147694,14
147695,0
147696,0
147697,0
147698,0
147699,0
147700,0
147701,7
147702,0
147703,0
147704,12
147705,0
147706,0
147707,0
147708,0
147709,0
147710,0
147711,0
147712,0
147713,0
147714,0
147715,0
147716,0
147717,0
147718,0
147719,0
147720,0
147721,0
147722,0
147723,0
147724,0
147725,0
147726,0
147727,13
147728,0
147729,0
147730,0
147731,0
147732,0
147733,0
147734,0
147735,0
147736,17
147737,0
147738,0
147739,0
147740,0
147741,0
147742,0
147743,0
147744,0
147745,0
147746,0
147747,0
147748,0
147749,0
147750,0
147751,0
147752,14
147753,11
147754,12
147755,0
147756,13
147757,14
147758,0
147759,16
147760,19
147761,0
147762,7
147763,10
147764,0
147765,15
147766,0
147767,0
147768,0
147769,0
147770,0
147771,0
147772,0
147773,0
147774,7
147775,0
147776,0
147777,0
147778,0
147779,11
147780,0
147781,0
147782,0
147783,0
147784,0
147785,0
147786,0
147787,0
147788,0
147789,0
147790,0
147791,16
147792,0
147793,0
147794,0
147795,0
147796,0
147797,0
147798,0
147799,14
147800,0
147801,12
147802,0
147803,0
147804,13
147805,0
147806,0
147807,14
147808,0
147809,0
147810,0
147811,0
147812,0
147813,0
147814,0
147815,11
147816,0
147817,14
147818,0
147819,0
147820,0
147821,11
147822,17
147823,0
147824,0
147825,0
147826,0
147827,0
147828,0
147829,0
147830,0
147831,0
147832,0
147833,0
147834,0
147835,0
147836,0
147837,0
147838,0
147839,0
147840,0
147841,0
147842,0
147843,0
147844,0
147845,0
147846,6
147847,0
147848,0
147849,0
147850,0
147851,14
147852,0
147853,16
147854,0
147855,0
147856,11
147857,0
147858,0
147859,0
147860,0
147861,0
147862,0
147863,0
147864,0
147865,0
147866,0
147867,17
147868,0
147869,0
147870,0
147871,0
147872,8
147873,0
147874,0
147875,0
147876,7
147877,0
147878,0
147879,8
147880,0
147881,0
147882,0
147883,0
147884,13
147885,0
147886,0
147887,4
147888,0
147889,0
147890,0
147891,13
147892,0
147893,0
147894,0
147895,0
147896,0
147897,0
147898,0
147899,0
147900,0
147901,12
147902,0
147903,0
147904,0
147905,0
147906,13
147907,0
147908,0
147909,0
147910,0
147911,8
147912,0
147913,0
147914,11
147915,0
147916,12
147917,0
147918,19
147919,0
147920,15
147921,0
147922,0
147923,0
147924,0
147925,11
147926,10
147927,0
147928,0
147929,8
147930,12
147931,7
147932,0
147933,0
147934,0
147935,0
147936,0
147937,0
147938,0
147939,0
147940,0
147941,0
147942,0
147943,0
147944,0
147945,0
147946,0
147947,0
147948,0
147949,0
147950,0
147951,0
147952,0
147953,0
147954,0
147955,12
147956,11
147957,15
147958,0
147959,0
147960,13
147961,0
147962,12
147963,15
147964,0
147965,0
147966,0
147967,0
147968,0
147969,0
147970,0
147971,0
147972,0
147973,0
147974,0
147975,0
147976,0
147977,0
147978,0
147979,0
147980,0
147981,12
147982,0
147983,0
147984,0
147985,0
147986,0
147987,0
147988,0
147989,0
147990,0
147991,0
147992,0
147993,0
147994,0
147995,0
147996,5
147997,0
147998,0
147999,8
148000,0
148001,0
148002,0
148003,0
148004,0
148005,0
148006,0
148007,17
148008,7
148009,0
148010,0
148011,0
148012,0
148013,9
148014,17
148015,9
148016,0
148017,0
148018,0
148019,0
148020,0
148021,0
148022,0
148023,0
148024,0
148025,0
148026,0
148027,0
148028,0
148029,0
148030,15
148031,0
148032,0
148033,0
148034,0
148035,0
148036,0
148037,0
148038,11
148039,0
148040,0
148041,0
148042,11
148043,0
148044,0
148045,0
148046,0
148047,0
148048,0
148049,16
148050,0
148051,0
148052,0
148053,0
148054,0
148055,16
148056,0
148057,0
148058,8
148059,0
148060,0
148061,0
148062,0
148063,0
148064,0
148065,0
148066,0
148067,0
148068,0
148069,12
148070,0
148071,0
148072,0
148073,0
148074,0
148075,0
148076,0
148077,0
148078,0
148079,0
148080,0
148081,0
148082,0
148083,0
148084,0
148085,0
148086,0
148087,0
148088,0
148089,0
148090,13
148091,0
148092,0
148093,0
148094,0
148095,0
148096,0
148097,0
148098,0
148099,0
148100,0
148101,12
148102,0
148103,0
148104,0
148105,0
148106,9
148107,0
148108,0
148109,0
148110,9
148111,0
148112,9
148113,19
148114,0
148115,0
148116,0
148117,0
148118,0
148119,0
148120,0
148121,0
148122,0
148123,0
148124,0
148125,0
148126,0
148127,0
148128,0
148129,0
148130,0
148131,0
148132,0
148133,0
148134,0
148135,0
148136,0
148137,0
148138,0
148139,0
148140,13
148141,0
148142,0
148143,20
148144,0
148145,10
148146,0
148147,0
148148,0
148149,0
148150,10
148151,0
148152,0
148153,0
148154,0
148155,0
148156,0
148157,0
148158,0
148159,0
148160,0
148161,21
148162,9
148163,0
148164,0
148165,0
148166,0
148167,0
148168,0
148169,0
148170,14
148171,0
148172,0
148173,0
148174,0
148175,0
148176,0
148177,0
148178,0
148179,16
148180,0
148181,0
148182,0
148183,0
148184,0
148185,0
148186,0
148187,0
148188,0
148189,11
148190,0
148191,0
148192,15
148193,0
148194,0
148195,0
148196,0
148197,12
148198,0
148199,0
148200,0
148201,0
148202,0
148203,0
148204,0
148205,0
148206,12
148207,0
148208,0
148209,0
148210,0
148211,0
148212,0
148213,0
148214,6
148215,0
148216,0
148217,0
148218,0
148219,0
148220,0
148221,0
148222,0
148223,0
148224,0
148225,9
148226,0
148227,0
148228,0
148229,0
148230,0
148231,11
148232,0
148233,0
148234,0
148235,0
148236,13
148237,0
148238,0
148239,0
148240,0
148241,0
148242,0
148243,0
148244,0
148245,0
148246,10
148247,0
148248,0
148249,0
148250,0
148251,14
148252,0
148253,7
148254,0
148255,18
148256,10
148257,19
148258,0
148259,0
148260,0
148261,13
148262,15
148263,0
148264,16
148265,0
148266,0
148267,0
148268,0
148269,0
148270,0
148271,16
148272,0
148273,0
148274,0
148275,0
148276,0
148277,0
148278,0
148279,0
148280,0
148281,0
148282,0
148283,0
148284,12
148285,0
148286,0
148287,0
148288,0
148289,8
148290,0
148291,0
148292,0
148293,0
148294,0
148295,0
148296,0
148297,0
148298,0
148299,8
148300,0
148301,0
148302,0
148303,0
148304,0
148305,0
148306,0
148307,16
148308,0
148309,0
148310,20
148311,0
148312,0
148313,0
148314,14
148315,19
148316,10
148317,0
148318,0
148319,0
148320,13
148321,0
148322,0
148323,0
148324,0
148325,0
148326,0
148327,0
148328,15
148329,15
148330,0
148331,0
148332,9
148333,0
148334,0
148335,0
148336,0
148337,0
148338,0
148339,0
148340,0
148341,0
148342,0
148343,14
148344,0
148345,0
148346,10
148347,0
148348,13
148349,0
148350,0
148351,0
148352,0
148353,0
148354,0
148355,0
148356,0
148357,0
148358,0
148359,0
148360,0
148361,3
148362,0
148363,0
148364,0
148365,0
148366,0
148367,0
148368,0
148369,0
148370,0
148371,0
148372,0
148373,12
148374,0
148375,0
148376,0
148377,0
148378,0
148379,0
148380,0
148381,10
148382,0
148383,0
148384,0
148385,11
148386,0
148387,0
148388,0
148389,14
148390,0
148391,0
148392,0
148393,0
148394,0
148395,0
148396,0
148397,10
148398,0
148399,12
148400,0
148401,0
148402,0
148403,0
148404,0
148405,0
148406,0
148407,0
148408,0
148409,12
148410,0
148411,0
148412,0
148413,14
148414,0
148415,0
148416,0
148417,0
148418,0
148419,0
148420,11
148421,0
148422,0
148423,0
148424,0
148425,0
148426,0
148427,0
148428,0
148429,0
148430,0
148431,0
148432,0
148433,0
148434,0
148435,0
148436,16
148437,7
148438,0
148439,0
148440,0
148441,0
148442,5
148443,9
148444,0
148445,0
148446,0
148447,0
148448,0
148449,0
148450,0
148451,12
148452,0
148453,0
148454,0
148455,0
148456,0
148457,0
148458,0
148459,0
148460,0
148461,0
148462,14
148463,0
148464,0
148465,13
148466,0
148467,0
148468,0
148469,0
148470,0
148471,0
148472,0
148473,11
148474,0
148475,0
148476,9
148477,0
148478,18
148479,14
148480,0
148481,0
148482,18
148483,0
148484,7
148485,9
148486,11
148487,0
148488,17
148489,0
148490,0
148491,0
148492,0
148493,13
148494,0
148495,0
148496,15
148497,0
148498,0
148499,0
148500,0
148501,0
148502,0
148503,0
148504,0
148505,0
148506,13
148507,0
148508,0
148509,0
148510,0
148511,0
148512,8
148513,0
148514,0
148515,0
148516,0
148517,0
148518,0
148519,0
148520,0
148521,0
148522,0
148523,0
148524,11
148525,0
148526,0
148527,0
148528,0
148529,14
148530,7
148531,0
148532,0
148533,18
148534,0
148535,13
148536,0
148537,18
148538,14
148539,0
148540,0
148541,0
148542,0
148543,0
148544,0
148545,20
148546,14
148547,0
148548,0
148549,15
148550,0
148551,7
148552,7
148553,6
148554,0
148555,0
148556,0
148557,0
148558,0
148559,14
148560,0
148561,12
148562,0
148563,0
148564,0
148565,0
148566,0
148567,9
148568,0
148569,8
148570,0
148571,13
148572,0
148573,0
148574,0
148575,0
148576,0
148577,14
148578,0
148579,0
148580,0
148581,0
148582,8
148583,0
148584,0
148585,0
148586,0
148587,14
148588,0
148589,10
148590,14
148591,0
148592,0
148593,10
148594,0
148595,0
148596,0
148597,14
148598,0
148599,0
148600,10
148601,0
148602,0
148603,0
148604,0
148605,0
148606,0
148607,0
148608,0
148609,0
148610,0
148611,0
148612,0
148613,0
148614,0
148615,0
148616,0
148617,0
148618,0
148619,0
148620,0
148621,0
148622,0
148623,0
148624,0
148625,0
148626,11
148627,0
148628,0
148629,0
148630,0
148631,0
148632,0
148633,0
148634,0
148635,13
148636,0
148637,12
148638,0
148639,0
148640,4
148641,0
148642,0
148643,0
148644,0
148645,14
148646,0
148647,0
148648,0
148649,0
148650,0
148651,0
148652,9
148653,0
148654,0
148655,16
148656,0
148657,0
148658,0
148659,19
148660,0
148661,6
148662,0
148663,26
148664,22
148665,15
148666,0
148667,0
148668,0
148669,15
148670,0
148671,23
148672,8
148673,10
148674,0
148675,0
148676,0
148677,0
148678,0
148679,8
148680,0
148681,0
148682,0
148683,24
148684,0
148685,0
148686,0
148687,14
148688,0
148689,0
148690,0
148691,0
148692,0
148693,0
148694,0
148695,0
148696,27
148697,0
148698,0
148699,0
148700,0
148701,8
148702,6
148703,0
148704,10
148705,0
148706,0
148707,0
148708,22
148709,0
148710,0
148711,0
148712,10
148713,0
148714,10
148715,0
148716,0
148717,0
148718,12
148719,0
148720,0
148721,0
148722,0
148723,15
148724,0
148725,0
148726,0
148727,20
148728,20
148729,7
148730,0
148731,14
148732,0
148733,0
148734,0
148735,0
148736,0
148737,0
148738,12
148739,0
148740,0
148741,0
148742,0
148743,0
148744,0
148745,0
148746,0
148747,15
148748,0
148749,0
148750,7
148751,0
148752,0
148753,0
148754,24
148755,0
148756,24
148757,0
148758,0
148759,10
148760,0
148761,13
148762,0
148763,0
148764,0
148765,0
148766,27
148767,0
148768,0
148769,0
148770,6
148771,21
148772,0
148773,0
148774,10
148775,0
148776,12
148777,0
148778,34
148779,24
148780,0
148781,0
148782,0
148783,14
148784,15
148785,0
148786,0
148787,0
148788,0
148789,0
148790,0
148791,16
148792,0
148793,0
148794,0
148795,0
148796,0
148797,0
148798,0
148799,0
148800,0
148801,0
148802,0
148803,0
148804,0
148805,0
148806,0
148807,7
148808,0
148809,0
148810,0
148811,0
148812,0
148813,0
148814,0
148815,0
148816,0
148817,0
148818,0
148819,5
148820,0
148821,0
148822,0
148823,6
148824,0
148825,0
148826,0
148827,0
148828,0
148829,9
148830,0
148831,0
148832,0
148833,0
148834,8
148835,0
148836,0
148837,20
148838,9
148839,0
148840,0
148841,0
148842,0
148843,14
148844,0
148845,0
148846,0
148847,0
148848,9
148849,0
148850,0
148851,0
148852,0
148853,0
148854,0
148855,0
148856,0
148857,0
148858,11
148859,0
148860,0
148861,0
148862,16
148863,0
148864,18
148865,0
148866,0
148867,0
148868,14
148869,0
148870,15
148871,0
148872,0
148873,11
148874,0
148875,0
148876,9
148877,19
148878,15
148879,0
148880,0
148881,0
148882,0
148883,0
148884,12
148885,0
148886,0
148887,19
148888,0
148889,0
148890,13
148891,13
148892,0
148893,0
148894,23
148895,0
148896,0
148897,0
148898,0
148899,0
148900,11
148901,0
148902,9
148903,19
148904,0
148905,7
148906,0
148907,31
148908,0
148909,0
148910,0
148911,10
148912,16
148913,17
148914,13
148915,0
148916,27
148917,0
148918,0
148919,21
148920,0
148921,0
148922,0
148923,0
148924,0
148925,22
148926,0
148927,0
148928,0
148929,0
148930,0
148931,0
148932,0
148933,24
148934,0
148935,0
148936,0
148937,0
148938,6
148939,11
148940,0
148941,0
148942,0
148943,0
148944,0
148945,21
148946,21
148947,18
148948,13
148949,0
148950,0
148951,0
148952,0
148953,0
148954,0
148955,7
148956,0
148957,5
148958,0
148959,11
148960,0
148961,10
148962,0
148963,0
148964,0
148965,0
148966,0
148967,0
148968,0
148969,0
148970,0
148971,10
148972,0
148973,0
148974,0
148975,0
148976,11
148977,0
148978,0
148979,16
148980,0
148981,0
148982,7
148983,0
148984,0
148985,0
148986,0
148987,0
148988,0
148989,0
148990,0
148991,0
148992,0
148993,0
148994,6
148995,0
148996,26
148997,0
148998,0
148999,0
149000,11
149001,0
149002,0
149003,0
149004,0
149005,0
149006,30
149007,23
149008,15
149009,0
149010,0
149011,0
149012,9
149013,0
149014,12
149015,0
149016,0
149017,0
149018,9
149019,18
149020,0
149021,0
149022,0
149023,0
149024,0
149025,22
149026,0
149027,0
149028,0
149029,0
149030,0
149031,0
149032,15
149033,0
149034,0
149035,0
149036,0
149037,0
149038,0
149039,11
149040,0
149041,11
149042,0
149043,10
149044,17
149045,0
149046,10
149047,0
149048,0
149049,0
149050,0
149051,0
149052,18
149053,0
149054,12
149055,0
149056,0
149057,0
149058,0
149059,14
149060,0
149061,0
149062,0
149063,0
149064,18
149065,0
149066,0
149067,0
149068,18
149069,0
149070,0
149071,0
149072,0
149073,24
149074,0
149075,0
149076,15
149077,0
149078,0
149079,0
149080,0
149081,0
149082,0
149083,0
149084,0
149085,0
149086,0
149087,0
149088,12
149089,0
149090,0
149091,0
149092,0
149093,0
149094,0
149095,0
149096,0
149097,0
149098,0
149099,0
149100,0
149101,0
149102,26
149103,0
149104,0
149105,22
149106,14
149107,0
149108,0
149109,26
149110,0
149111,0
149112,0
149113,0
149114,0
149115,0
149116,6
149117,0
149118,20
149119,22
149120,0
149121,0
149122,13
149123,0
149124,0
149125,0
149126,25
149127,0
149128,11
149129,0
149130,0
149131,11
149132,0
149133,0
149134,0
149135,0
149136,19
149137,0
149138,0
149139,0
149140,23
149141,0
149142,0
149143,0
149144,12
149145,0
149146,0
149147,0
149148,0
149149,21
149150,0
149151,0
149152,0
149153,0
149154,0
149155,0
149156,0
149157,13
149158,0
149159,0
149160,0
149161,0
149162,12
149163,19
149164,17
149165,0
149166,0
149167,0
149168,0
149169,0
149170,0
149171,0
149172,10
149173,0
149174,0
149175,0
149176,10
149177,9
149178,0
149179,0
149180,16
149181,0
149182,0
149183,0
149184,0
149185,0
149186,0
149187,9
149188,23
149189,0
149190,11
149191,0
149192,19
149193,0
149194,14
149195,0
149196,0
149197,0
149198,0
149199,0
149200,4
149201,0
149202,8
149203,0
149204,25
149205,0
149206,0
149207,0
149208,0
149209,4
149210,0
149211,0
149212,0
149213,0
149214,0
149215,0
149216,10
149217,4
149218,0
149219,0
149220,0
149221,0
149222,0
149223,10
149224,20
149225,20
149226,0
149227,9
149228,15
149229,0
149230,0
149231,0
149232,0
149233,27
149234,0
149235,0
149236,0
149237,11
149238,0
149239,0
149240,0
149241,0
149242,3
149243,0
149244,7
149245,17
149246,0
149247,0
149248,27
149249,0
149250,0
149251,0
149252,36
149253,30
149254,0
149255,0
149256,0
149257,10
149258,0
149259,0
149260,0
149261,0
149262,0
149263,0
149264,0
149265,0
149266,0
149267,0
149268,0
149269,18
149270,0
149271,0
149272,31
149273,0
149274,0
149275,0
149276,0
149277,0
149278,0
149279,0
149280,26
149281,0
149282,0
149283,0
149284,0
149285,0
149286,0
149287,0
149288,0
149289,0
149290,0
149291,0
149292,0
149293,0
149294,0
149295,0
149296,0
149297,25
149298,17
149299,24
149300,22
149301,0
149302,0
149303,0
149304,0
149305,0
149306,0
149307,0
149308,0
149309,0
149310,0
149311,0
149312,23
149313,13
149314,19
149315,0
149316,0
149317,0
149318,14
149319,0
149320,0
149321,0
149322,0
149323,0
149324,0
149325,13
149326,0
149327,0
149328,0
149329,19
149330,25
149331,0
149332,0
149333,0
149334,24
149335,0
149336,0
149337,0
149338,0
149339,0
149340,0
149341,0
149342,0
149343,0
149344,0
149345,16
149346,0
149347,0
149348,11
149349,0
149350,0
149351,0
149352,0
149353,0
149354,19
149355,0
149356,16
149357,0
149358,0
149359,0
149360,0
149361,0
149362,0
149363,0
149364,0
149365,0
149366,0
149367,25
149368,0
149369,0
149370,23
149371,0
149372,0
149373,20
149374,0
149375,0
149376,0
149377,0
149378,0
149379,0
149380,30
149381,36
149382,0
149383,0
149384,0
149385,0
149386,0
149387,0
149388,0
149389,0
149390,0
149391,18
149392,0
149393,26
149394,0
149395,19
149396,23
149397,29
149398,0
149399,0
149400,0
149401,0
149402,0
149403,0
149404,0
149405,0
149406,0
149407,0
149408,18
149409,0
149410,27
149411,0
149412,0
149413,0
149414,36
149415,0
149416,0
149417,0
149418,0
149419,0
149420,0
149421,0
149422,0
149423,23
149424,0
149425,0
149426,0
149427,0
149428,0
149429,0
149430,0
149431,0
149432,21
149433,24
149434,0
149435,0
149436,0
149437,0
149438,0
149439,0
149440,28
149441,0
149442,0
149443,0
149444,0
149445,0
149446,0
149447,0
149448,0
149449,0
149450,0
149451,0
149452,27
149453,0
149454,0
149455,0
149456,0
149457,0
149458,0
149459,17
149460,0
149461,0
149462,23
149463,0
149464,0
149465,0
149466,36
149467,0
149468,0
149469,19
149470,0
149471,0
149472,0
149473,0
149474,20
149475,0
149476,0
149477,0
149478,0
149479,0
149480,0
149481,0
149482,0
149483,0
149484,0
149485,0
149486,0
149487,0
149488,0
149489,0
149490,19
149491,0
149492,0
149493,0
149494,0
149495,0
149496,0
149497,0
149498,0
149499,0
149500,17
149501,0
149502,0
149503,0
149504,0
149505,0
149506,0
149507,0
149508,37
149509,0
149510,0
149511,0
149512,0
149513,0
149514,34
149515,0
149516,23
149517,0
149518,0
149519,0
149520,0
149521,0
149522,0
149523,0
149524,0
149525,9
149526,0
149527,0
149528,0
149529,0
149530,0
149531,0
149532,0
149533,0
149534,36
149535,0
149536,0
149537,0
149538,0
149539,0
149540,0
149541,0
149542,0
149543,0
149544,0
149545,8
149546,0
149547,0
149548,0
149549,0
149550,44
149551,0
149552,28
149553,0
149554,0
149555,0
149556,0
149557,0
149558,17
149559,0
149560,0
149561,0
149562,0
149563,30
149564,0
149565,0
149566,0
149567,0
149568,0
149569,0
149570,13
149571,0
149572,0
149573,0
149574,0
149575,25
149576,0
149577,27
149578,0
149579,0
149580,0
149581,0
149582,0
149583,31
149584,0
149585,0
149586,0
149587,0
149588,0
149589,0
149590,0
149591,0
149592,0
149593,0
149594,0
149595,0
149596,0
149597,0
149598,0
149599,0
149600,0
149601,21
149602,23
149603,0
149604,0
149605,25
149606,0
149607,0
149608,18
149609,0
149610,20
149611,0
149612,0
149613,0
149614,23
149615,0
149616,0
149617,0
149618,0
149619,25
149620,0
149621,29
149622,0
149623,0
149624,32
149625,0
149626,0
149627,0
149628,0
149629,0
149630,0
149631,0
149632,0
149633,0
149634,0
149635,0
149636,26
149637,0
149638,36
149639,0
149640,28
149641,0
149642,26
149643,0
149644,0
149645,0
149646,19
149647,0
149648,0
149649,0
149650,13
149651,0
149652,25
149653,0
149654,0
149655,0
149656,0
149657,0
149658,0
149659,0
149660,0
149661,0
149662,0
149663,0
149664,0
149665,0
149666,0
149667,0
149668,0
149669,0
149670,0
149671,24
149672,0
149673,28
149674,0
149675,0
149676,0
149677,0
149678,0
149679,0
149680,0
149681,0
149682,0
149683,31
149684,0
149685,0
149686,0
149687,0
149688,12
149689,0
149690,0
149691,32
149692,0
149693,0
149694,18
149695,0
149696,0
149697,0
149698,27
149699,0
149700,0
149701,0
149702,0
149703,0
149704,0
149705,0
149706,0
149707,0
149708,0
149709,0
149710,0
149711,0
149712,0
149713,0
149714,0
149715,0
149716,16
149717,0
149718,18
149719,0
149720,0
149721,0
149722,0
149723,38
149724,0
149725,32
149726,0
149727,0
149728,0
149729,0
149730,0
149731,0
149732,0
149733,0
149734,19
149735,0
149736,0
149737,0
149738,12
149739,0
149740,0
149741,0
149742,0
149743,22
149744,0
149745,0
149746,0
149747,0
149748,0
149749,0
149750,0
149751,0
149752,0
149753,0
149754,0
149755,0
149756,0
149757,0
149758,0
149759,20
149760,0
149761,18
149762,0
149763,33
149764,0
149765,0
149766,0
149767,0
149768,0
149769,0
149770,0
149771,0
149772,16
149773,0
149774,26
149775,0
149776,0
149777,0
149778,0
149779,0
149780,0
149781,0
149782,24
149783,0
149784,0
149785,0
149786,0
149787,0
149788,0
149789,0
149790,0
149791,0
149792,0
149793,0
149794,23
149795,37
149796,0
149797,0
149798,0
149799,0
149800,0
149801,29
149802,0
149803,32
149804,28
149805,0
149806,0
149807,0
149808,0
149809,0
149810,0
149811,0
149812,0
149813,0
149814,0
149815,0
149816,0
149817,39
149818,0
149819,0
149820,0
149821,0
149822,32
149823,36
149824,0
149825,0
149826,0
149827,0
149828,0
149829,0
149830,0
149831,0
149832,0
149833,0
149834,0
149835,0
149836,0
149837,0
149838,0
149839,0
149840,17
149841,0
149842,0
149843,29
149844,0
149845,10
149846,0
149847,0
149848,0
149849,0
149850,0
149851,0
149852,0
149853,0
149854,0
149855,0
149856,0
149857,0
149858,0
149859,0
149860,0
149861,0
149862,0
149863,0
149864,0
149865,20
149866,0
149867,0
149868,0
149869,23
149870,0
149871,0
149872,25
149873,0
149874,0
149875,0
149876,0
149877,0
149878,0
149879,13
149880,42
149881,0
149882,0
149883,0
149884,0
149885,0
149886,21
149887,0
149888,0
149889,0
149890,0
149891,0
149892,0
149893,23
149894,0
149895,0
149896,0
149897,23
149898,21
149899,0
149900,30
149901,0
149902,0
149903,0
149904,0
149905,20
149906,0
149907,0
149908,0
149909,0
149910,0
149911,0
149912,0
149913,26
149914,0
149915,0
149916,0
149917,0
149918,0
149919,0
149920,24
149921,0
149922,0
149923,0
149924,26
149925,0
149926,0
149927,0
149928,0
149929,22
149930,0
149931,0
149932,16
149933,0
149934,0
149935,9
149936,0
149937,22
149938,24
149939,0
149940,0
149941,16
149942,0
149943,0
149944,0
149945,0
149946,0
149947,0
149948,0
149949,17
149950,0
149951,0
149952,0
149953,0
149954,0
149955,0
149956,17
149957,25
149958,0
149959,0
149960,18
149961,0
149962,15
149963,14
149964,0
149965,0
149966,0
149967,0
149968,0
149969,0
149970,0
149971,19
149972,27
149973,0
149974,0
149975,0
149976,22
149977,0
149978,13
149979,0
149980,0
149981,0
149982,0
149983,0
149984,25
149985,23
149986,0
149987,0
149988,0
149989,0
149990,16
149991,19
149992,0
149993,0
149994,14
149995,11
149996,0
149997,0
149998,0
149999,16
150000,0
150001,0
150002,0
150003,0
150004,0
150005,20
150006,0
150007,0
150008,0
150009,0
150010,0
150011,0
150012,0
150013,0
150014,0
150015,0
150016,19
150017,0
150018,25
150019,9
150020,24
150021,0
150022,0
150023,21
150024,18
150025,21
150026,0
150027,0
150028,19
150029,21
150030,12
150031,0
150032,22
150033,0
150034,0
150035,0
150036,13
150037,17
150038,0
150039,15
150040,0
150041,0
150042,0
150043,0
150044,0
150045,0
150046,20
150047,0
150048,14
150049,0
150050,0
150051,0
150052,18
150053,22
150054,0
150055,0
150056,0
150057,0
150058,0
150059,0
150060,0
150061,18
150062,18
150063,0
150064,0
150065,0
150066,0
150067,23
150068,0
150069,0
150070,0
150071,0
150072,0
150073,0
150074,26
150075,0
150076,0
150077,0
150078,0
150079,0
150080,0
150081,12
150082,16
150083,0
150084,0
150085,0
150086,0
150087,0
150088,0
150089,29
150090,0
150091,0
150092,16
150093,14
150094,18
150095,0
150096,0
150097,15
150098,0
150099,20
150100,0
150101,20
150102,0
150103,0
150104,19
150105,0
150106,0
150107,0
150108,21
150109,18
150110,0
150111,20
150112,0
150113,23
150114,0
150115,0
150116,0
150117,0
150118,0
150119,0
150120,0
150121,0
150122,0
150123,0
150124,0
150125,17
150126,0
150127,0
150128,0
150129,0
150130,0
150131,0
150132,0
150133,0
150134,0
150135,0
150136,28
150137,0
150138,0
150139,0
150140,0
150141,0
150142,11
150143,0
150144,22
150145,13
150146,0
150147,0
150148,0
150149,0
150150,0
150151,0
150152,0
150153,0
150154,0
150155,0
150156,0
150157,0
150158,0
150159,0
150160,18
150161,0
150162,0
150163,0
150164,18
150165,18
150166,0
150167,0
150168,0
150169,0
150170,0
150171,0
150172,15
150173,0
150174,0
150175,0
150176,0
150177,0
150178,20
150179,0
150180,0
150181,0
150182,0
150183,0
150184,28
150185,13
150186,0
150187,18
150188,24
150189,0
150190,0
150191,12
150192,0
150193,0
150194,0
150195,0
150196,0
150197,16
150198,0
150199,0
150200,0
150201,0
150202,0
150203,14
150204,0
150205,0
150206,14
150207,0
150208,0
150209,0
150210,19
150211,16
150212,24
150213,9
150214,14
150215,0
150216,0
150217,27
150218,0
150219,0
150220,13
150221,0
150222,28
150223,0
150224,20
150225,0
150226,0
150227,18
150228,0
150229,12
150230,25
150231,0
150232,0
150233,0
150234,0
150235,28
150236,0
150237,0
150238,0
150239,0
150240,0
150241,0
150242,0
150243,29
150244,23
150245,0
150246,10
150247,19
150248,16
150249,0
150250,0
150251,0
150252,0
150253,0
150254,23
150255,0
150256,0
150257,15
150258,0
150259,0
150260,0
150261,23
150262,0
150263,0
150264,0
150265,0
150266,19
150267,0
150268,26
150269,0
150270,12
150271,18
150272,26
150273,28
150274,0
150275,0
150276,0
150277,0
150278,0
150279,0
150280,0
150281,0
150282,30
150283,0
150284,0
150285,0
150286,0
150287,0
150288,0
150289,0
150290,0
150291,0
150292,14
150293,18
150294,0
150295,0
150296,0
150297,0
150298,0
150299,0
150300,0
150301,0
150302,0
150303,0
150304,0
150305,20
150306,17
150307,0
150308,0
150309,0
150310,27
150311,0
150312,0
150313,0
150314,0
150315,0
150316,17
150317,22
150318,0
150319,20
150320,0
150321,23
150322,0
150323,0
150324,0
150325,0
150326,0
150327,0
150328,19
150329,0
150330,0
150331,0
150332,25
150333,0
150334,0
150335,0
150336,0
150337,0
150338,0
150339,0
150340,0
150341,14
150342,22
150343,0
150344,0
150345,0
150346,0
150347,20
150348,0
150349,20
150350,0
150351,21
150352,21
150353,0
150354,23
150355,0
150356,0
150357,0
150358,0
150359,0
150360,0
150361,14
150362,17
150363,20
150364,0
150365,0
150366,0
150367,0
150368,0
150369,0
150370,0
150371,0
150372,0
150373,0
150374,0
150375,16
150376,0
150377,0
150378,0
150379,0
150380,0
150381,0
150382,19
150383,0
150384,0
150385,0
150386,0
150387,0
150388,16
150389,24
150390,22
150391,0
150392,0
150393,0
150394,12
150395,0
150396,0
150397,0
150398,0
150399,18
150400,0
150401,18
150402,0
150403,0
150404,0
150405,0
150406,0
150407,18
150408,0
150409,0
150410,13
150411,0
150412,0
150413,14
150414,18
150415,9
150416,0
150417,0
150418,0
150419,0
150420,0
150421,18
150422,0
150423,0
150424,0
150425,0
150426,0
150427,0
150428,0
150429,0
150430,0
150431,0
150432,0
150433,29
150434,0
150435,0
150436,0
150437,0
150438,0
150439,0
150440,0
150441,13
150442,0
150443,0
150444,0
150445,0
150446,0
150447,18
150448,0
150449,0
150450,0
150451,0
150452,14
150453,0
150454,0
150455,17
150456,21
150457,0
150458,0
150459,0
150460,0
150461,0
150462,0
150463,0
150464,0
150465,0
150466,18
150467,12
150468,0
150469,0
150470,0
150471,0
150472,0
150473,16
150474,0
150475,26
150476,0
150477,0
150478,18
150479,0
150480,11
150481,0
150482,0
150483,0
150484,0
150485,0
150486,0
150487,0
150488,0
150489,0
150490,19
150491,0
150492,0
150493,0
150494,0
150495,0
150496,20
150497,0
150498,0
150499,0
150500,0
150501,0
150502,20
150503,0
150504,34
150505,0
150506,0
150507,18
150508,0
150509,0
150510,0
150511,0
150512,0
150513,0
150514,0
150515,0
150516,0
150517,0
150518,0
150519,0
150520,0
150521,16
150522,0
150523,0
150524,0
150525,19
150526,0
150527,29
150528,20
150529,0
150530,0
150531,0
150532,0
150533,0
150534,0
150535,0
150536,0
150537,0
150538,0
150539,0
150540,0
150541,0
150542,0
150543,0
150544,19
150545,12
150546,21
150547,0
150548,0
150549,0
150550,0
150551,0
150552,0
150553,0
150554,0
150555,0
150556,0
150557,0
150558,24
150559,0
150560,21
150561,0
150562,0
150563,18
150564,26
150565,0
150566,19
150567,24
150568,21
150569,24
150570,0
150571,0
150572,19
150573,0
150574,19
150575,0
150576,12
150577,0
150578,0
150579,0
150580,0
150581,0
150582,0
150583,0
150584,0
150585,0
150586,22
150587,0
150588,0
150589,0
150590,0
150591,16
150592,11
150593,0
150594,0
150595,0
150596,0
150597,0
150598,34
150599,0
150600,23
150601,0
150602,27
150603,0
150604,19
150605,16
150606,15
150607,0
150608,0
150609,16
150610,0
150611,0
150612,16
150613,0
150614,0
150615,0
150616,0
150617,0
150618,0
150619,0
150620,0
150621,0
150622,0
150623,0
150624,0
150625,14
150626,11
150627,0
150628,11
150629,0
150630,0
150631,19
150632,0
150633,18
150634,0
150635,0
150636,0
150637,0
150638,0
150639,12
150640,13
150641,0
150642,0
150643,21
150644,9
150645,0
150646,0
150647,0
150648,0
150649,0
150650,0
150651,0
150652,17
150653,0
150654,0
150655,20
150656,17
150657,0
150658,0
150659,0
150660,12
150661,0
150662,0
150663,0
150664,19
150665,0
150666,0
150667,0
150668,0
150669,12
150670,15
150671,17
150672,19
150673,0
150674,0
150675,14
150676,18
150677,0
150678,20
150679,0
150680,0
150681,0
150682,0
150683,0
150684,0
150685,0
150686,0
150687,14
150688,19
150689,0
150690,21
150691,0
150692,0
150693,0
150694,0
150695,0
150696,0
150697,0
150698,0
150699,0
150700,0
150701,12
150702,0
150703,17
150704,0
150705,0
150706,13
150707,0
150708,0
150709,19
150710,0
150711,0
150712,0
150713,0
150714,0
150715,22
150716,0
150717,0
150718,0
150719,21
150720,0
150721,0
150722,14
150723,0
150724,29
150725,0
150726,0
150727,0
150728,0
150729,0
150730,25
150731,0
150732,0
150733,0
150734,0
150735,0
150736,0
150737,0
150738,40
150739,0
150740,0
150741,0
150742,0
150743,0
150744,22
150745,0
150746,0
150747,0
150748,0
150749,0
150750,0
150751,0
150752,0
150753,13
150754,0
150755,0
150756,7
150757,0
150758,0
150759,0
150760,0
150761,0
150762,0
150763,22
150764,26
150765,0
150766,0
150767,0
150768,0
150769,0
150770,0
150771,11
150772,26
150773,20
150774,19
150775,0
150776,0
150777,0
150778,0
150779,0
150780,24
150781,0
150782,0
150783,0
150784,14
150785,0
150786,18
150787,0
150788,0
150789,0
150790,19
150791,0
150792,0
150793,0
150794,0
150795,0
150796,0
150797,0
150798,0
150799,0
150800,0
150801,12
150802,0
150803,0
150804,0
150805,0
150806,0
150807,0
150808,0
150809,0
150810,0
150811,0
150812,0
150813,0
150814,0
150815,0
150816,15
150817,18
150818,0
150819,12
150820,0
150821,0
150822,0
150823,0
150824,0
150825,0
150826,0
150827,0
150828,0
150829,0
150830,0
150831,8
150832,0
150833,0
150834,0
150835,0
150836,20
150837,0
150838,17
150839,0
150840,0
150841,0
150842,0
150843,0
150844,0
150845,0
150846,0
150847,0
150848,23
150849,0
150850,0
150851,0
150852,21
150853,15
150854,0
150855,0
150856,16
150857,0
150858,0
150859,29
150860,0
150861,22
150862,0
150863,32
150864,0
150865,0
150866,0
150867,0
150868,0
150869,0
150870,0
150871,0
150872,0
150873,0
150874,0
150875,0
150876,0
150877,0
150878,0
150879,0
150880,0
150881,0
150882,0
150883,27
150884,0
150885,0
150886,0
150887,0
150888,0
150889,0
150890,0
150891,0
150892,0
150893,0
150894,0
150895,27
150896,0
150897,0
150898,19
150899,0
150900,0
150901,0
150902,0
150903,0
150904,0
150905,0
150906,0
150907,0
150908,0
150909,0
150910,0
150911,0
150912,23
150913,0
150914,0
150915,0
150916,0
150917,0
150918,0
150919,0
150920,0
150921,0
150922,0
150923,0
150924,0
150925,0
150926,0
150927,0
150928,0
150929,0
150930,0
150931,29
150932,0
150933,0
150934,0
150935,0
150936,0
150937,0
150938,0
150939,0
150940,0
150941,0
150942,0
150943,0
150944,0
150945,0
150946,0
150947,0
150948,0
150949,0
150950,0
150951,0
150952,0
150953,0
150954,0
150955,13
150956,37
150957,0
150958,0
150959,0
150960,0
150961,0
150962,0
150963,0
150964,0
150965,0
150966,0
150967,0
150968,0
150969,0
150970,0
150971,0
150972,0
150973,0
150974,0
150975,0
150976,0
150977,0
150978,0
150979,0
150980,0
150981,0
150982,0
150983,0
150984,0
150985,0
150986,0
150987,0
150988,0
150989,0
150990,0
150991,0
150992,0
150993,0
150994,20
150995,0
150996,0
150997,0
150998,0
150999,0
151000,0
151001,0
151002,0
151003,0
151004,0
151005,0
151006,0
151007,0
151008,0
151009,0
151010,27
151011,28
151012,0
151013,0
151014,0
151015,0
151016,0
151017,0
151018,0
151019,0
151020,0
151021,0
151022,0
151023,0
151024,0
151025,0
151026,0
151027,0
151028,0
151029,18
151030,0
151031,0
151032,0
151033,0
151034,0
151035,23
151036,0
151037,31
151038,0
151039,0
151040,0
151041,0
151042,0
151043,36
151044,0
151045,13
151046,0
151047,0
151048,0
151049,0
151050,0
151051,0
151052,0
151053,0
151054,0
151055,0
151056,0
151057,0
151058,0
151059,0
151060,24
151061,0
151062,0
151063,17
151064,0
151065,22
151066,0
151067,0
151068,0
151069,0
151070,0
151071,0
151072,0
151073,0
151074,0
151075,0
151076,0
151077,0
151078,0
151079,34
151080,0
151081,0
151082,0
151083,0
151084,28
151085,0
151086,0
151087,0
151088,0
151089,0
151090,0
151091,0
151092,0
151093,22
151094,25
151095,0
151096,0
151097,0
151098,0
151099,0
151100,0
151101,0
151102,0
151103,0
151104,21
151105,0
151106,0
151107,0
151108,19
151109,0
151110,0
151111,0
151112,0
151113,0
151114,0
151115,0
151116,0
151117,0
151118,0
151119,0
151120,0
151121,0
151122,0
151123,23
151124,0
151125,0
151126,0
151127,0
151128,20
151129,26
151130,0
151131,22
151132,0
151133,0
151134,0
151135,0
151136,0
151137,27
151138,0
151139,0
151140,0
151141,0
151142,0
151143,0
151144,0
151145,0
151146,0
151147,0
151148,0
151149,0
151150,0
151151,0
151152,0
151153,0
151154,0
151155,19
151156,0
151157,0
151158,0
151159,0
151160,0
151161,0
151162,0
151163,0
151164,22
151165,0
151166,0
151167,0
151168,0
151169,0
151170,0
151171,0
151172,0
151173,0
151174,0
151175,0
151176,0
151177,0
151178,0
151179,0
151180,0
151181,15
151182,0
151183,0
151184,0
151185,0
151186,0
151187,0
151188,21
151189,0
151190,0
151191,20
151192,0
151193,0
151194,0
151195,0
151196,0
151197,0
151198,0
151199,0
151200,0
151201,0
151202,0
151203,0
151204,0
151205,0
151206,0
151207,0
151208,0
151209,0
151210,0
151211,25
151212,0
151213,0
151214,0
151215,0
151216,0
151217,0
151218,0
151219,0
151220,25
151221,0
151222,0
151223,0
151224,11
151225,0
151226,0
151227,0
151228,0
151229,0
151230,0
151231,0
151232,0
151233,0
151234,0
151235,0
151236,0
151237,0
151238,0
151239,0
151240,0
151241,0
151242,0
151243,36
151244,0
151245,0
151246,0
151247,0
151248,38
151249,0
151250,0
151251,0
151252,0
151253,0
151254,0
151255,0
151256,0
151257,0
151258,0
151259,0
151260,0
151261,0
151262,0
151263,0
151264,0
151265,0
151266,23
151267,0
151268,0
151269,0
151270,0
151271,0
151272,0
151273,0
151274,0
151275,0
151276,16
151277,0
151278,0
151279,0
151280,0
151281,26
151282,0
151283,0
151284,0
151285,0
151286,0
151287,0
151288,0
151289,0
151290,0
151291,0
151292,0
151293,0
151294,0
151295,0
151296,0
151297,0
151298,0
151299,0
151300,0
151301,0
151302,28
151303,25
151304,0
151305,26
151306,0
151307,0
151308,0
151309,27
151310,27
151311,0
151312,0
151313,14
151314,0
151315,23
151316,0
151317,0
151318,0
151319,0
151320,0
151321,0
151322,24
151323,0
151324,29
151325,0
151326,18
151327,0
151328,0
151329,0
151330,0
151331,0
151332,0
151333,0
151334,0
151335,0
151336,0
151337,0
151338,0
151339,0
151340,0
151341,38
151342,0
151343,0
151344,0
151345,35
151346,0
151347,0
151348,0
151349,0
151350,0
151351,0
151352,0
151353,29
151354,0
151355,0
151356,26
151357,0
151358,0
151359,0
151360,0
151361,0
151362,0
151363,0
151364,0
151365,0
151366,38
151367,0
151368,27
151369,0
151370,0
151371,0
151372,0
151373,21
151374,0
151375,0
151376,0
151377,0
151378,0
151379,0
151380,0
151381,0
151382,0
151383,0
151384,23
151385,0
151386,18
151387,0
151388,30
151389,0
151390,27
151391,30
151392,0
151393,33
151394,0
151395,0
151396,0
151397,0
151398,0
151399,30
151400,33
151401,0
151402,0
151403,0
151404,0
151405,0
151406,0
151407,0
151408,0
151409,35
151410,0
151411,0
151412,0
151413,0
151414,0
151415,0
151416,0
151417,0
151418,0
151419,0
151420,0
151421,0
151422,0
151423,0
151424,0
151425,0
151426,0
151427,0
151428,0
151429,34
151430,0
151431,0
151432,0
151433,0
151434,25
151435,28
151436,0
151437,0
151438,28
151439,0
151440,0
151441,0
151442,0
151443,0
151444,0
151445,0
151446,0
151447,0
151448,0
151449,0
151450,28
151451,0
151452,0
151453,0
151454,0
151455,0
151456,35
151457,0
151458,0
151459,25
151460,0
151461,0
151462,0
151463,0
151464,0
151465,0
151466,0
151467,0
151468,21
151469,29
151470,0
151471,0
151472,0
151473,0
151474,0
151475,0
151476,0
151477,0
151478,0
151479,0
151480,0
151481,0
151482,25
151483,0
151484,0
151485,0
151486,0
151487,0
151488,0
151489,0
151490,0
151491,0
151492,0
151493,0
151494,0
151495,0
151496,0
151497,0
151498,22
151499,0
151500,0
151501,0
151502,0
151503,0
151504,0
151505,0
151506,0
151507,0
151508,0
151509,0
151510,0
151511,0
151512,0
151513,30
151514,0
151515,0
151516,0
151517,0
151518,0
151519,0
151520,0
151521,0
151522,0
151523,0
151524,0
151525,0
151526,0
151527,0
151528,0
151529,0
151530,0
151531,0
151532,0
151533,0
151534,0
151535,0
151536,26
151537,0
151538,0
151539,37
151540,0
151541,28
151542,16
151543,25
151544,31
151545,0
151546,25
151547,0
151548,0
151549,0
151550,0
151551,0
151552,0
151553,0
151554,0
151555,0
151556,0
151557,0
151558,0
151559,0
151560,0
151561,0
151562,0
151563,0
151564,0
151565,0
151566,0
151567,0
151568,0
151569,0
151570,28
151571,24
151572,0
151573,22
151574,30
151575,0
151576,0
151577,0
151578,0
151579,27
151580,0
151581,0
151582,0
151583,0
151584,0
151585,0
151586,0
151587,37
151588,0
151589,0
151590,0
151591,0
151592,0
151593,0
151594,22
151595,0
151596,0
151597,0
151598,0
151599,0
151600,21
151601,0
151602,45
151603,53
151604,0
151605,0
151606,0
151607,0
151608,0
151609,0
151610,0
151611,0
151612,0
151613,35
151614,0
151615,0
151616,0
151617,0
151618,0
151619,19
151620,0
151621,0
151622,0
151623,0
151624,0
151625,0
151626,0
151627,23
151628,0
151629,0
151630,0
151631,0
151632,0
151633,0
151634,0
151635,0
151636,0
151637,0
151638,0
151639,0
151640,37
151641,0
151642,33
151643,0
151644,0
151645,0
151646,0
151647,0
151648,0
151649,31
151650,0
151651,0
151652,0
151653,0
151654,0
151655,0
151656,0
151657,0
151658,0
151659,0
151660,0
151661,0
151662,0
151663,0
151664,0
151665,0
151666,0
151667,32
151668,0
151669,0
151670,0
151671,0
151672,0
151673,0
151674,0
151675,0
151676,0
151677,19
151678,31
151679,0
151680,0
151681,0
151682,0
151683,0
151684,22
151685,28
151686,0
151687,31
151688,0
151689,28
151690,28
151691,0
151692,0
151693,0
151694,0
151695,0
151696,0
151697,20
151698,0
151699,33
151700,0
151701,25
151702,0
151703,0
151704,0
151705,0
151706,0
151707,33
151708,0
151709,0
151710,0
151711,0
151712,0
151713,0
151714,30
151715,0
151716,0
151717,0
151718,0
151719,0
151720,0
151721,0
151722,31
151723,0
151724,31
151725,0
151726,0
151727,0
151728,0
151729,0
151730,0
151731,0
151732,0
151733,0
151734,0
151735,0
151736,19
151737,0
151738,23
151739,0
151740,0
151741,0
151742,0
151743,0
151744,0
151745,0
151746,37
151747,0
151748,0
151749,0
151750,0
151751,25
151752,0
151753,0
151754,0
151755,0
151756,0
151757,0
151758,0
151759,38
151760,0
151761,0
151762,0
151763,0
151764,0
151765,0
151766,25
151767,0
151768,31
151769,0
151770,0
151771,0
151772,0
151773,0
151774,0
151775,0
151776,0
151777,0
151778,0
151779,0
151780,0
151781,31
151782,0
151783,0
151784,0
151785,0
151786,0
151787,39
151788,0
151789,0
151790,0
151791,0
151792,0
151793,0
151794,0
151795,0
151796,0
151797,20
151798,0
151799,0
151800,0
151801,0
151802,0
151803,0
151804,0
151805,0
151806,0
151807,0
151808,0
151809,0
151810,0
151811,0
151812,0
151813,0
151814,0
151815,0
151816,0
151817,0
151818,0
151819,0
151820,0
151821,32
151822,0
151823,0
151824,0
151825,0
151826,0
151827,0
151828,37
151829,0
151830,0
151831,0
151832,0
151833,0
151834,0
151835,0
151836,0
151837,0
151838,0
151839,0
151840,0
151841,0
151842,0
151843,0
151844,0
151845,0
151846,0
151847,0
151848,0
151849,30
151850,0
151851,0
151852,0
151853,0
151854,0
151855,26
151856,38
151857,0
151858,0
151859,0
151860,0
151861,0
151862,0
151863,28
151864,0
151865,0
151866,0
151867,0
151868,0
151869,0
151870,0
151871,0
151872,0
151873,0
151874,0
151875,0
151876,28
151877,0
151878,0
151879,23
151880,0
151881,13
151882,0
151883,0
151884,27
151885,0
151886,0
151887,0
151888,0
151889,0
151890,0
151891,0
151892,0
151893,0
151894,0
151895,0
151896,0
151897,0
151898,0
151899,0
151900,0
151901,0
151902,0
151903,32
151904,27
151905,0
151906,0
151907,21
151908,0
151909,22
151910,0
151911,0
151912,0
151913,0
151914,0
151915,0
151916,18
151917,0
151918,0
151919,0
151920,0
151921,0
151922,0
151923,0
151924,0
151925,0
151926,0
151927,0
151928,0
151929,0
151930,0
151931,0
151932,0
151933,0
151934,0
151935,0
151936,0
151937,0
151938,0
151939,0
151940,0
151941,0
151942,0
151943,0
151944,0
151945,0
151946,0
151947,0
151948,0
151949,0
151950,0
151951,0
151952,0
151953,0
151954,0
151955,0
151956,0
151957,0
151958,0
151959,0
151960,0
151961,0
151962,0
151963,0
151964,0
151965,0
151966,0
151967,0
151968,0
151969,0
151970,0
151971,0
151972,0
151973,0
151974,0
151975,0
151976,0
151977,0
151978,0
151979,0
151980,0
151981,0
151982,0
151983,0
151984,0
151985,0
151986,0
151987,0
151988,0
151989,0
151990,0
151991,0
151992,0
151993,0
151994,0
151995,0
151996,0
151997,0
151998,0
151999,0
152000,0
152001,0
152002,0
152003,0
152004,0
152005,0
152006,0
152007,0
152008,0
152009,0
152010,0
152011,0
152012,0
152013,0
152014,0
152015,0
152016,0
152017,0
152018,0
152019,0
152020,0
152021,0
152022,0
152023,0
152024,0
152025,0
152026,0
152027,0
152028,0
152029,0
152030,0
152031,0
152032,0
152033,0
152034,0
152035,0
152036,0
152037,0
152038,0
152039,0
152040,0
152041,0
152042,0
152043,0
152044,0
152045,0
152046,0
152047,0
152048,0
152049,0
152050,0
152051,0
152052,0
152053,0
152054,0
152055,0
152056,0
152057,0
152058,0
152059,0
152060,0
152061,0
152062,1
152063,0
152064,0
152065,0
152066,0
152067,0
152068,0
152069,0
152070,0
152071,0
152072,0
152073,0
152074,0
152075,0
152076,0
152077,0
152078,0
152079,0
152080,0
152081,0
152082,0
152083,0
152084,0
152085,0
152086,0
152087,0
152088,0
152089,0
152090,0
152091,0
152092,0
152093,0
152094,1
152095,0
152096,0
152097,0
152098,0
152099,0
152100,0
152101,0
152102,0
152103,0
152104,0
152105,0
152106,0
152107,0
152108,0
152109,0
152110,1
152111,0
152112,0
152113,0
152114,0
152115,0
152116,0
152117,0
152118,0
152119,0
152120,0
152121,0
152122,0
152123,0
152124,0
152125,0
152126,0
152127,0
152128,0
152129,0
152130,0
152131,0
152132,0
152133,0
152134,0
152135,0
152136,0
152137,0
152138,0
152139,0
152140,0
152141,0
152142,0
152143,0
152144,0
152145,0
152146,0
152147,0
152148,0
152149,0
152150,0
152151,0
152152,0
152153,0
152154,0
152155,0
152156,0
152157,0
152158,0
152159,0
152160,0
152161,0
152162,0
152163,0
152164,0
152165,0
152166,0
152167,0
152168,0
152169,0
152170,0
152171,0
152172,0
152173,0
152174,0
152175,0
152176,0
152177,0
152178,0
152179,0
152180,0
152181,0
152182,0
152183,0
152184,0
152185,0
152186,0
152187,0
152188,0
152189,0
152190,0
152191,0
152192,0
152193,0
152194,0
152195,0
152196,0
152197,0
152198,0
152199,0
152200,0
152201,0
152202,0
152203,0
152204,0
152205,0
152206,0
152207,0
152208,0
152209,0
152210,0
152211,0
152212,0
152213,0
152214,0
152215,0
152216,0
152217,0
152218,0
152219,0
152220,0
152221,0
152222,0
152223,0
152224,0
152225,0
152226,0
152227,0
152228,0
152229,0
152230,0
152231,0
152232,0
152233,0
152234,0
152235,0
152236,0
152237,0
152238,0
152239,0
152240,0
152241,0
152242,0
152243,0
152244,0
152245,0
152246,0
152247,0
152248,0
152249,0
152250,0
152251,0
152252,0
152253,0
152254,0
152255,0
152256,0
152257,0
152258,0
152259,0
152260,0
152261,0
152262,0
152263,0
152264,0
152265,0
152266,0
152267,0
152268,0
152269,0
152270,0
152271,0
152272,0
152273,0
152274,0
152275,0
152276,0
152277,0
152278,0
152279,0
152280,0
152281,0
152282,0
152283,0
152284,0
152285,0
152286,0
152287,0
152288,0
152289,0
152290,0
152291,0
152292,0
152293,0
152294,0
152295,0
152296,0
152297,0
152298,0
152299,0
152300,0
152301,0
152302,0
152303,0
152304,0
152305,0
152306,0
152307,0
152308,0
152309,0
152310,0
152311,0
152312,0
152313,0
152314,0
152315,0
152316,0
152317,0
152318,0
152319,0
152320,0
152321,0
152322,0
152323,0
152324,0
152325,0
152326,0
152327,0
152328,0
152329,0
152330,0
152331,1
152332,0
152333,0
152334,0
152335,0
152336,0
152337,0
152338,0
152339,0
152340,0
152341,0
152342,0
152343,0
152344,0
152345,0
152346,0
152347,0
152348,0
152349,0
152350,0
152351,0
152352,0
152353,0
152354,0
152355,0
152356,0
152357,0
152358,0
152359,0
152360,0
152361,0
152362,0
152363,0
152364,0
152365,0
152366,0
152367,0
152368,0
152369,0
152370,0
152371,0
152372,0
152373,0
152374,0
152375,0
152376,0
152377,0
152378,0
152379,0
152380,0
152381,0
152382,0
152383,0
152384,0
152385,0
152386,0
152387,0
152388,0
152389,0
152390,0
152391,0
152392,0
152393,0
152394,0
152395,0
152396,0
152397,0
152398,0
152399,0
152400,0
152401,0
152402,0
152403,0
152404,0
152405,0
152406,0
152407,6
152408,0
152409,0
152410,0
152411,0
152412,0
152413,0
152414,0
152415,0
152416,0
152417,0
152418,0
152419,0
152420,0
152421,0
152422,0
152423,0
152424,0
152425,0
152426,0
152427,0
152428,0
152429,0
152430,0
152431,0
152432,0
152433,0
152434,0
152435,0
152436,0
152437,0
152438,0
152439,0
152440,0
152441,0
152442,8
152443,0
152444,11
152445,0
152446,0
152447,0
152448,0
152449,0
152450,10
152451,0
152452,0
152453,0
152454,0
152455,0
152456,0
152457,0
152458,0
152459,0
152460,0
152461,0
152462,0
152463,0
152464,0
152465,0
152466,0
152467,0
152468,0
152469,0
152470,0
152471,0
152472,0
152473,6
152474,0
152475,0
152476,0
152477,0
152478,0
152479,0
152480,0
152481,8
152482,13
152483,0
152484,0
152485,0
152486,0
152487,0
152488,0
152489,0
152490,0
152491,0
152492,2
152493,0
152494,0
152495,0
152496,0
152497,0
152498,0
152499,0
152500,0
152501,0
152502,0
152503,0
152504,0
152505,0
152506,0
152507,0
152508,0
152509,0
152510,8
152511,0
152512,0
152513,0
152514,0
152515,5
152516,0
152517,4
152518,0
152519,9
152520,0
152521,0
152522,0
152523,0
152524,0
152525,0
152526,0
152527,0
152528,0
152529,0
152530,0
152531,0
152532,0
152533,0
152534,6
152535,11
152536,0
152537,0
152538,0
152539,0
152540,0
152541,0
152542,0
152543,0
152544,0
152545,0
152546,0
152547,0
152548,4
152549,0
152550,12
152551,0
152552,0
152553,0
152554,0
152555,0
152556,0
152557,0
152558,0
152559,0
152560,0
152561,0
152562,0
152563,0
152564,0
152565,0
152566,0
152567,0
152568,0
152569,0
152570,0
152571,0
152572,0
152573,0
152574,0
152575,0
152576,0
152577,0
152578,0
152579,0
152580,0
152581,0
152582,0
152583,0
152584,0
152585,9
152586,0
152587,0
152588,0
152589,0
152590,0
152591,0
152592,0
152593,0
152594,0
152595,0
152596,0
152597,0
152598,0
152599,0
152600,9
152601,0
152602,0
152603,0
152604,0
152605,0
152606,0
152607,0
152608,0
152609,0
152610,0
152611,0
152612,0
152613,0
152614,0
152615,0
152616,0
152617,0
152618,0
152619,0
152620,0
152621,0
152622,0
152623,0
152624,0
152625,0
152626,0
152627,0
152628,0
152629,0
152630,0
152631,0
152632,0
152633,0
152634,4
152635,5
152636,0
152637,0
152638,0
152639,0
152640,0
152641,0
152642,0
152643,0
152644,0
152645,4
152646,0
152647,0
152648,0
152649,10
152650,0
152651,0
152652,0
152653,0
152654,0
152655,0
152656,0
152657,0
152658,0
152659,0
152660,0
152661,0
152662,0
152663,0
152664,0
152665,0
152666,0
152667,0
152668,0
152669,0
152670,0
152671,0
152672,0
152673,0
152674,0
152675,0
152676,0
152677,0
152678,0
152679,0
152680,0
152681,0
152682,0
152683,0
152684,0
152685,0
152686,0
152687,0
152688,4
152689,0
152690,0
152691,0
152692,0
152693,0
152694,0
152695,0
152696,0
152697,0
152698,0
152699,0
152700,0
152701,0
152702,3
152703,0
152704,0
152705,0
152706,7
152707,0
152708,0
152709,0
152710,0
152711,0
152712,0
152713,0
152714,0
152715,0
152716,0
152717,0
152718,0
152719,0
152720,0
152721,0
152722,0
152723,0
152724,0
152725,0
152726,0
152727,0
152728,0
152729,0
152730,0
152731,0
152732,0
152733,0
152734,0
152735,0
152736,0
152737,0
152738,6
152739,0
152740,0
152741,0
152742,0
152743,0
152744,0
152745,0
152746,0
152747,0
152748,0
152749,0
152750,11
152751,0
152752,0
152753,0
152754,0
152755,4
152756,0
152757,0
152758,0
152759,9
152760,0
152761,0
152762,0
152763,0
152764,0
152765,7
152766,0
152767,0
152768,0
152769,0
152770,0
152771,0
152772,0
152773,0
152774,0
152775,0
152776,0
152777,0
152778,0
152779,0
152780,0
152781,0
152782,0
152783,0
152784,0
152785,0
152786,0
152787,0
152788,0
152789,0
152790,0
152791,0
152792,0
152793,0
152794,0
152795,0
152796,0
152797,0
152798,0
152799,0
152800,0
152801,0
152802,0
152803,0
152804,0
152805,0
152806,0
152807,0
152808,0
152809,0
152810,0
152811,0
152812,0
152813,0
152814,0
152815,3
152816,3
152817,0
152818,0
152819,0
152820,0
152821,0
152822,0
152823,0
152824,0
152825,0
152826,0
152827,0
152828,0
152829,0
152830,0
152831,0
152832,0
152833,8
152834,0
152835,0
152836,5
152837,0
152838,0
152839,0
152840,0
152841,0
152842,0
152843,0
152844,0
152845,0
152846,13
152847,0
152848,0
152849,0
152850,0
152851,0
152852,6
152853,0
152854,0
152855,0
152856,0
152857,0
152858,0
152859,0
152860,0
152861,0
152862,0
152863,0
152864,0
152865,0
152866,0
152867,0
152868,0
152869,0
152870,0
152871,0
152872,0
152873,0
152874,0
152875,0
152876,0
152877,0
152878,0
152879,8
152880,0
152881,0
152882,0
152883,0
152884,0
152885,6
152886,14
152887,3
152888,0
152889,0
152890,0
152891,0
152892,0
152893,0
152894,0
152895,0
152896,0
152897,0
152898,0
152899,9
152900,0
152901,3
152902,0
152903,0
152904,0
152905,0
152906,0
152907,0
152908,0
152909,0
152910,8
152911,0
152912,0
152913,0
152914,0
152915,0
152916,0
152917,0
152918,0
152919,0
152920,0
152921,0
152922,0
152923,0
152924,0
152925,0
152926,0
152927,0
152928,0
152929,0
152930,0
152931,0
152932,0
152933,0
152934,0
152935,0
152936,0
152937,0
152938,0
152939,0
152940,10
152941,0
152942,0
152943,0
152944,0
152945,0
152946,0
152947,0
152948,0
152949,0
152950,0
152951,4
152952,0
152953,2
152954,0
152955,0
152956,0
152957,0
152958,0
152959,0
152960,0
152961,7
152962,0
152963,0
152964,0
152965,0
152966,0
152967,0
152968,0
152969,0
152970,0
152971,0
152972,8
152973,0
152974,0
152975,0
152976,0
152977,0
152978,0
152979,0
152980,0
152981,0
152982,0
152983,0
152984,0
152985,0
152986,0
152987,0
152988,0
152989,0
152990,0
152991,0
152992,0
152993,0
152994,0
152995,0
152996,0
152997,8
152998,0
152999,0
153000,9
153001,0
153002,0
153003,0
153004,0
153005,6
153006,0
153007,6
153008,0
153009,0
153010,0
153011,0
153012,0
153013,0
153014,0
153015,0
153016,0
153017,0
153018,0
153019,0
153020,0
153021,0
153022,0
153023,0
153024,0
153025,0
153026,6
153027,0
153028,0
153029,8
153030,0
153031,0
153032,0
153033,0
153034,0
153035,0
153036,0
153037,0
153038,0
153039,0
153040,0
153041,0
153042,0
153043,0
153044,0
153045,0
153046,0
153047,0
153048,0
153049,0
153050,0
153051,0
153052,0
153053,0
153054,0
153055,6
153056,0
153057,0
153058,0
153059,0
153060,0
153061,0
153062,0
153063,0
153064,0
153065,0
153066,0
153067,0
153068,0
153069,0
153070,0
153071,0
153072,7
153073,0
153074,3
153075,0
153076,0
153077,0
153078,0
153079,0
153080,0
153081,0
153082,0
153083,0
153084,0
153085,0
153086,0
153087,0
153088,0
153089,0
153090,0
153091,0
153092,0
153093,0
153094,0
153095,0
153096,0
153097,0
153098,0
153099,7
153100,0
153101,0
153102,0
153103,0
153104,0
153105,0
153106,0
153107,0
153108,0
153109,0
153110,0
153111,0
153112,0
153113,0
153114,0
153115,0
153116,0
153117,0
153118,0
153119,0
153120,5
153121,9
153122,0
153123,0
153124,0
153125,0
153126,0
153127,0
153128,10
153129,0
153130,0
153131,0
153132,0
153133,0
153134,0
153135,0
153136,0
153137,0
153138,0
153139,0
153140,0
153141,0
153142,0
153143,0
153144,0
153145,0
153146,0
153147,0
153148,0
153149,0
153150,0
153151,0
153152,0
153153,0
153154,0
153155,0
153156,7
153157,0
153158,7
153159,0
153160,0
153161,0
153162,0
153163,0
153164,0
153165,0
153166,0
153167,0
153168,0
153169,0
153170,0
153171,0
153172,0
153173,0
153174,0
153175,0
153176,0
153177,0
153178,0
153179,0
153180,0
153181,0
153182,0
153183,0
153184,0
153185,0
153186,0
153187,0
153188,0
153189,0
153190,0
153191,0
153192,0
153193,0
153194,7
153195,0
153196,0
153197,2
153198,2
153199,0
153200,0
153201,0
153202,0
153203,7
153204,0
153205,0
153206,0
153207,4
153208,0
153209,0
153210,2
153211,0
153212,0
153213,0
153214,0
153215,5
153216,0
153217,0
153218,0
153219,0
153220,0
153221,0
153222,0
153223,0
153224,0
153225,0
153226,0
153227,0
153228,0
153229,0
153230,0
153231,0
153232,4
153233,7
153234,0
153235,0
153236,0
153237,0
153238,0
153239,0
153240,0
153241,0
153242,0
153243,0
153244,0
153245,0
153246,0
153247,3
153248,0
153249,0
153250,0
153251,0
153252,0
153253,0
153254,0
153255,0
153256,0
153257,0
153258,44
153259,0
153260,0
153261,0
153262,0
153263,0
153264,37
153265,28
153266,0
153267,0
153268,0
153269,36
153270,0
153271,29
153272,40
153273,0
153274,33
153275,0
153276,0
153277,24
153278,0
153279,0
153280,0
153281,26
153282,0
153283,0
153284,0
153285,0
153286,0
153287,0
153288,33
153289,29
153290,30
153291,0
153292,0
153293,0
153294,40
153295,0
153296,0
153297,42
153298,0
153299,31
153300,0
153301,0
153302,39
153303,0
153304,37
153305,0
153306,0
153307,0
153308,0
153309,0
153310,0
153311,0
153312,0
153313,0
153314,0
153315,0
153316,0
153317,0
153318,0
153319,0
153320,0
153321,0
153322,0
153323,0
153324,0
153325,0
153326,37
153327,0
153328,35
153329,0
153330,0
153331,0
153332,0
153333,0
153334,0
153335,34
153336,0
153337,28
153338,0
153339,0
153340,0
153341,0
153342,0
153343,51
153344,0
153345,0
153346,0
153347,0
153348,0
153349,0
153350,0
153351,24
153352,44
153353,49
153354,34
153355,0
153356,27
153357,29
153358,36
153359,0
153360,25
153361,0
153362,37
153363,40
153364,0
153365,0
153366,0
153367,0
153368,0
153369,0
153370,28
153371,0
153372,0
153373,0
153374,0
153375,21
153376,0
153377,0
153378,0
153379,40
153380,0
153381,0
153382,46
153383,0
153384,33
153385,0
153386,0
153387,0
153388,39
153389,42
153390,0
153391,0
153392,0
153393,0
153394,0
153395,29
153396,0
153397,0
153398,0
153399,0
153400,0
153401,29
153402,0
153403,0
153404,0
153405,22
153406,0
153407,0
153408,0
153409,0
153410,27
153411,0
153412,0
153413,0
153414,33
153415,0
153416,0
153417,0
153418,0
153419,0
153420,0
153421,0
153422,0
153423,40
153424,0
153425,40
153426,0
153427,0
153428,45
153429,41
153430,0
153431,0
153432,35
153433,0
153434,25
153435,0
153436,0
153437,0
153438,0
153439,0
153440,38
153441,43
153442,0
153443,0
153444,40
153445,0
153446,0
153447,0
153448,21
153449,52
153450,0
153451,0
153452,0
153453,0
153454,0
153455,0
153456,0
153457,32
153458,0
153459,0
153460,0
153461,0
153462,0
153463,0
153464,28
153465,32
153466,0
153467,26
153468,0
153469,0
153470,39
153471,0
153472,31
153473,0
153474,0
153475,0
153476,38
153477,26
153478,0
153479,0
153480,0
153481,0
153482,36
153483,0
153484,0
153485,26
153486,0
153487,0
153488,0
153489,0
153490,0
153491,58
153492,0
153493,0
153494,38
153495,0
153496,0
153497,21
153498,0
153499,0
153500,0
153501,0
153502,37
153503,0
153504,0
153505,0
153506,30
153507,0
153508,0
153509,0
153510,0
153511,0
153512,32
153513,22
153514,46
153515,0
153516,0
153517,30
153518,0
153519,0
153520,0
153521,0
153522,0
153523,33
153524,43
153525,0
153526,30
153527,0
153528,0
153529,0
153530,24
153531,33
153532,0
153533,34
153534,0
153535,0
153536,0
153537,51
153538,0
153539,0
153540,25
153541,0
153542,0
153543,45
153544,37
153545,0
153546,36
153547,0
153548,0
153549,0
153550,0
153551,25
153552,0
153553,0
153554,0
153555,0
153556,0
153557,29
153558,22
153559,0
153560,0
153561,0
153562,0
153563,0
153564,0
153565,0
153566,33
153567,0
153568,42
153569,0
153570,0
153571,34
153572,0
153573,0
153574,0
153575,43
153576,0
153577,0
153578,0
153579,0
153580,26
153581,0
153582,0
153583,26
153584,0
153585,0
153586,0
153587,25
153588,0
153589,24
153590,0
153591,0
153592,0
153593,0
153594,0
153595,27
153596,35
153597,0
153598,0
153599,0
153600,0
153601,0
153602,0
153603,37
153604,40
153605,35
153606,0
153607,0
153608,0
153609,0
153610,0
153611,39
153612,0
153613,32
153614,0
153615,0
153616,0
153617,0
153618,54
153619,0
153620,36
153621,0
153622,0
153623,36
153624,0
153625,37
153626,0
153627,36
153628,0
153629,0
153630,0
153631,0
153632,0
153633,0
153634,0
153635,0
153636,0
153637,0
153638,38
153639,0
153640,36
153641,0
153642,0
153643,0
153644,0
153645,0
153646,0
153647,0
153648,0
153649,0
153650,0
153651,0
153652,28
153653,0
153654,0
153655,0
153656,39
153657,0
153658,0
153659,35
153660,55
153661,0
153662,47
153663,0
153664,0
153665,0
153666,33
153667,0
153668,0
153669,0
153670,0
153671,0
153672,34
153673,22
153674,0
153675,24
153676,0
153677,0
153678,0
153679,0
153680,0
153681,0
153682,0
153683,0
153684,0
153685,0
153686,0
153687,0
153688,0
153689,0
153690,0
153691,0
153692,0
153693,13
153694,0
153695,0
153696,0
153697,0
153698,0
153699,0
153700,0
153701,0
153702,0
153703,0
153704,0
153705,0
153706,0
153707,20
153708,0
153709,0
153710,0
153711,0
153712,0
153713,0
153714,0
153715,9
153716,0
153717,15
153718,0
153719,0
153720,0
153721,0
153722,0
153723,0
153724,8
153725,0
153726,0
153727,0
153728,0
153729,0
153730,0
153731,0
153732,0
153733,0
153734,0
153735,17
153736,8
153737,13
153738,0
153739,11
153740,0
153741,0
153742,14
153743,0
153744,0
153745,0
153746,0
153747,0
153748,0
153749,0
153750,0
153751,0
153752,0
153753,0
153754,0
153755,0
153756,0
153757,0
153758,0
153759,16
153760,0
153761,0
153762,0
153763,0
153764,0
153765,0
153766,0
153767,0
153768,0
153769,0
153770,0
153771,11
153772,16
153773,7
153774,15
153775,0
153776,15
153777,0
153778,0
153779,0
153780,0
153781,0
153782,0
153783,0
153784,0
153785,0
153786,13
153787,0
153788,0
153789,14
153790,0
153791,0
153792,0
153793,0
153794,0
153795,0
153796,14
153797,0
153798,0
153799,17
153800,0
153801,0
153802,0
153803,0
153804,0
153805,0
153806,0
153807,25
153808,0
153809,0
153810,0
153811,0
153812,0
153813,18
153814,0
153815,20
153816,0
153817,0
153818,0
153819,0
153820,0
153821,13
153822,0
153823,0
153824,0
153825,0
153826,0
153827,0
153828,0
153829,0
153830,14
153831,0
153832,18
153833,0
153834,0
153835,0
153836,0
153837,0
153838,0
153839,0
153840,0
153841,0
153842,0
153843,5
153844,0
153845,14
153846,0
153847,0
153848,0
153849,0
153850,0
153851,0
153852,0
153853,0
153854,0
153855,0
153856,11
153857,0
153858,0
153859,17
153860,0
153861,0
153862,0
153863,0
153864,0
153865,0
153866,0
153867,0
153868,0
153869,0
153870,0
153871,0
153872,0
153873,0
153874,0
153875,0
153876,0
153877,8
153878,0
153879,0
153880,0
153881,0
153882,0
153883,0
153884,0
153885,0
153886,0
153887,0
153888,17
153889,0
153890,0
153891,6
153892,0
153893,0
153894,0
153895,0
153896,0
153897,0
153898,0
153899,9
153900,0
153901,0
153902,0
153903,0
153904,0
153905,17
153906,0
153907,0
153908,0
153909,0
153910,0
153911,0
153912,0
153913,0
153914,0
153915,0
153916,0
153917,0
153918,0
153919,0
153920,0
153921,0
153922,0
153923,0
153924,0
153925,0
153926,0
153927,0
153928,0
153929,0
153930,0
153931,0
153932,0
153933,0
153934,0
153935,0
153936,0
153937,0
153938,0
153939,11
153940,0
153941,0
153942,0
153943,0
153944,0
153945,0
153946,9
153947,0
153948,0
153949,0
153950,0
153951,0
153952,0
153953,0
153954,0
153955,0
153956,0
153957,0
153958,0
153959,0
153960,0
153961,0
153962,0
153963,0
153964,20
153965,0
153966,0
153967,0
153968,0
153969,0
153970,0
153971,0
153972,0
153973,11
153974,0
153975,0
153976,0
153977,0
153978,0
153979,0
153980,0
153981,0
153982,0
153983,0
153984,0
153985,0
153986,0
153987,0
153988,5
153989,0
153990,0
153991,0
153992,0
153993,0
153994,9
153995,0
153996,0
153997,0
153998,0
153999,15
154000,0
154001,0
154002,0
154003,0
154004,0
154005,11
154006,0
154007,0
154008,0
154009,0
154010,0
154011,10
154012,0
154013,0
154014,16
154015,0
154016,0
154017,0
154018,0
154019,0
154020,0
154021,0
154022,0
154023,0
154024,0
154025,0
154026,0
154027,0
154028,0
154029,0
154030,15
154031,0
154032,0
154033,0
154034,0
154035,0
154036,19
154037,0
154038,0
154039,0
154040,0
154041,0
154042,0
154043,0
154044,0
154045,0
154046,0
154047,31
154048,0
154049,0
154050,0
154051,0
154052,34
154053,0
154054,30
154055,0
154056,0
154057,0
154058,0
154059,0
154060,0
154061,0
154062,0
154063,0
154064,24
154065,0
154066,0
154067,0
154068,0
154069,0
154070,0
154071,0
154072,0
154073,0
154074,0
154075,0
154076,0
154077,0
154078,25
154079,0
154080,0
154081,0
154082,0
154083,0
154084,0
154085,0
154086,28
154087,0
154088,0
154089,0
154090,0
154091,0
154092,0
154093,0
154094,26
154095,0
154096,0
154097,0
154098,0
154099,0
154100,0
154101,0
154102,21
154103,0
154104,0
154105,0
154106,25
154107,0
154108,0
154109,0
154110,0
154111,0
154112,0
154113,0
154114,0
154115,0
154116,27
154117,0
154118,0
154119,0
154120,0
154121,0
154122,0
154123,0
154124,0
154125,0
154126,0
154127,0
154128,0
154129,0
154130,0
154131,0
154132,0
154133,0
154134,25
154135,0
154136,0
154137,0
154138,0
154139,0
154140,0
154141,0
154142,0
154143,0
154144,0
154145,0
154146,0
154147,26
154148,0
154149,15
154150,22
154151,0
154152,0
154153,0
154154,0
154155,0
154156,21
154157,21
154158,0
154159,0
154160,0
154161,28
154162,0
154163,0
154164,16
154165,0
154166,0
154167,0
154168,0
154169,0
154170,0
154171,14
154172,38
154173,0
154174,0
154175,0
154176,0
154177,0
154178,0
154179,0
154180,0
154181,0
154182,0
154183,0
154184,27
154185,0
154186,0
154187,0
154188,0
154189,0
154190,0
154191,0
154192,0
154193,0
154194,27
154195,24
154196,27
154197,0
154198,0
154199,0
154200,0
154201,25
154202,0
154203,0
154204,0
154205,30
154206,0
154207,0
154208,0
154209,26
154210,0
154211,0
154212,0
154213,0
154214,22
154215,0
154216,0
154217,0
154218,0
154219,0
154220,0
154221,15
154222,0
154223,0
154224,0
154225,0
154226,0
154227,0
154228,36
154229,0
154230,0
154231,0
154232,32
154233,0
154234,0
154235,0
154236,0
154237,0
154238,23
154239,0
154240,0
154241,0
154242,22
154243,0
154244,0
154245,0
154246,0
154247,27
154248,29
154249,0
154250,0
154251,20
154252,26
154253,0
154254,0
154255,0
154256,0
154257,15
154258,0
154259,0
154260,17
154261,0
154262,0
154263,32
154264,0
154265,0
154266,0
154267,0
154268,16
154269,0
154270,0
154271,19
154272,0
154273,30
154274,0
154275,12
154276,20
154277,0
154278,0
154279,34
154280,0
154281,0
154282,0
154283,0
154284,0
154285,0
154286,0
154287,0
154288,0
154289,0
154290,0
154291,0
154292,0
154293,0
154294,0
154295,0
154296,0
154297,0
154298,0
154299,0
154300,0
154301,25
154302,0
154303,0
154304,26
154305,0
154306,24
154307,0
154308,0
154309,0
154310,0
154311,0
154312,0
154313,0
154314,0
154315,28
154316,13
154317,0
154318,0
154319,0
154320,0
154321,0
154322,0
154323,0
154324,0
154325,0
154326,0
154327,16
154328,0
154329,0
154330,0
154331,0
154332,0
154333,0
154334,0
154335,0
154336,0
154337,0
154338,0
154339,0
154340,0
154341,0
154342,18
154343,0
154344,29
154345,0
154346,0
154347,0
154348,25
154349,0
154350,0
154351,0
154352,0
154353,0
154354,29
154355,0
154356,0
154357,30
154358,0
154359,0
154360,0
154361,0
154362,0
154363,0
154364,0
154365,0
154366,32
154367,0
154368,0
154369,0
154370,0
154371,0
154372,35
154373,0
154374,0
154375,0
154376,0
154377,0
154378,0
154379,0
154380,0
154381,0
154382,0
154383,0
154384,16
154385,0
154386,0
154387,17
154388,0
154389,17
154390,0
154391,0
154392,0
154393,0
154394,0
154395,0
154396,0
154397,0
154398,0
154399,0
154400,0
154401,0
154402,0
154403,0
154404,0
154405,0
154406,0
154407,0
154408,0
154409,0
154410,0
154411,0
154412,0
154413,0
154414,0
154415,0
154416,16
154417,0
154418,0
154419,0
154420,0
154421,0
154422,0
154423,0
154424,34
154425,32
154426,32
154427,0
154428,0
154429,0
154430,0
154431,0
154432,0
154433,0
154434,0
154435,0
154436,0
154437,0
154438,0
154439,0
154440,0
154441,29
154442,0
154443,0
154444,0
154445,0
154446,0
154447,0
154448,0
154449,20
154450,29
154451,0
154452,18
154453,0
154454,20
154455,0
154456,0
154457,0
154458,0
154459,0
154460,0
154461,26
154462,0
154463,0
154464,6
154465,0
154466,0
154467,0
154468,0
154469,19
154470,0
154471,14
154472,0
154473,0
154474,0
154475,20
154476,0
154477,0
154478,0
154479,0
154480,0
154481,0
154482,0
154483,0
154484,0
154485,0
154486,0
154487,0
154488,0
154489,31
154490,0
154491,0
154492,0
154493,0
154494,0
154495,0
154496,0
154497,0
154498,26
154499,0
154500,19
154501,0
154502,0
154503,0
154504,0
154505,0
154506,0
154507,0
154508,0
154509,0
154510,0
154511,0
154512,29
154513,0
154514,0
154515,0
154516,0
154517,0
154518,27
154519,0
154520,23
154521,0
154522,0
154523,27
154524,0
154525,0
154526,32
154527,0
154528,0
154529,0
154530,0
154531,0
154532,0
154533,12
154534,0
154535,0
154536,0
154537,23
154538,0
154539,0
154540,0
154541,0
154542,0
154543,23
154544,0
154545,0
154546,0
154547,0
154548,0
154549,0
154550,0
154551,0
154552,26
154553,0
154554,0
154555,0
154556,0
154557,0
154558,0
154559,19
154560,0
154561,0
154562,0
154563,0
154564,0
154565,0
154566,14
154567,0
154568,0
154569,0
154570,0
154571,0
154572,0
154573,0
154574,0
154575,0
154576,0
154577,0
154578,0
154579,0
154580,0
154581,22
154582,28
154583,0
154584,0
154585,0
154586,0
154587,0
154588,0
154589,18
154590,33
154591,0
154592,0
154593,0
154594,0
154595,27
154596,31
154597,0
154598,35
154599,28
154600,0
154601,0
154602,15
154603,24
154604,0
154605,0
154606,28
154607,0
154608,0
154609,0
154610,0
154611,22
154612,0
154613,0
154614,0
154615,0
154616,0
154617,0
154618,25
154619,0
154620,0
154621,0
154622,0
154623,0
154624,0
154625,0
154626,0
154627,0
154628,14
154629,0
154630,19
154631,0
154632,0
154633,0
154634,0
154635,0
154636,0
154637,32
154638,0
154639,0
154640,0
154641,28
154642,26
154643,0
154644,0
154645,0
154646,0
154647,19
154648,0
154649,0
154650,0
154651,0
154652,0
154653,15
154654,0
154655,0
154656,0
154657,0
154658,0
154659,0
154660,35
154661,0
154662,0
154663,0
154664,0
154665,30
154666,0
154667,0
154668,0
154669,0
154670,0
154671,0
154672,25
154673,0
154674,0
154675,0
154676,29
154677,0
154678,0
154679,18
154680,0
154681,23
154682,0
154683,0
154684,23
154685,0
154686,0
154687,0
154688,0
154689,14
154690,26
154691,0
154692,0
154693,0
154694,0
154695,0
154696,0
154697,0
154698,0
154699,0
154700,0
154701,0
154702,0
154703,0
154704,17
154705,0
154706,0
154707,0
154708,19
154709,0
154710,0
154711,0
154712,0
154713,0
154714,0
154715,27
154716,0
154717,0
154718,0
154719,0
154720,0
154721,0
154722,19
154723,0
154724,0
154725,22
154726,0
154727,0
154728,0
154729,0
154730,0
154731,19
154732,0
154733,24
154734,0
154735,0
154736,0
154737,0
154738,0
154739,0
154740,0
154741,0
154742,18
154743,0
154744,0
154745,0
154746,0
154747,0
154748,0
154749,27
154750,0
154751,0
154752,0
154753,0
154754,0
154755,0
154756,0
154757,0
154758,22
154759,0
154760,0
154761,19
154762,30
154763,0
154764,0
154765,0
154766,0
154767,0
154768,0
154769,0
154770,0
154771,0
154772,0
154773,0
154774,0
154775,22
154776,45
154777,0
154778,0
154779,14
154780,0
154781,0
154782,0
154783,0
154784,0
154785,10
154786,12
154787,0
154788,0
154789,19
154790,2
154791,16
154792,0
154793,0
154794,0
154795,0
154796,0
154797,0
154798,0
154799,0
154800,0
154801,9
154802,0
154803,13
154804,7
154805,0
154806,0
154807,8
154808,0
154809,0
154810,0
154811,8
154812,0
154813,0
154814,0
154815,0
154816,13
154817,0
154818,0
154819,0
154820,11
154821,0
154822,0
154823,0
154824,18
154825,10
154826,0
154827,7
154828,0
154829,0
154830,0
154831,0
154832,0
154833,0
154834,0
154835,0
154836,0
154837,12
154838,0
154839,0
154840,0
154841,0
154842,0
154843,0
154844,0
154845,14
154846,20
154847,17
154848,0
154849,0
154850,0
154851,10
154852,0
154853,0
154854,0
154855,20
154856,0
154857,0
154858,7
154859,0
154860,0
154861,0
154862,0
154863,5
154864,12
154865,0
154866,0
154867,0
154868,0
154869,0
154870,0
154871,0
154872,0
154873,0
154874,0
154875,0
154876,0
154877,0
154878,14
154879,0
154880,11
154881,0
154882,0
154883,0
154884,0
154885,0
154886,17
154887,9
154888,0
154889,0
154890,0
154891,8
154892,0
154893,0
154894,0
154895,0
154896,0
154897,0
154898,0
154899,0
154900,0
154901,12
154902,0
154903,0
154904,0
154905,0
154906,14
154907,0
154908,0
154909,0
154910,0
154911,16
154912,0
154913,0
154914,0
154915,0
154916,0
154917,0
154918,19
154919,0
154920,8
154921,0
154922,0
154923,0
154924,0
154925,0
154926,9
154927,14
154928,7
154929,0
154930,0
154931,0
154932,0
154933,0
154934,0
154935,0
154936,6
154937,9
154938,7
154939,0
154940,0
154941,5
154942,0
154943,0
154944,0
154945,0
154946,10
154947,0
154948,14
154949,0
154950,0
154951,0
154952,0
154953,0
154954,0
154955,0
154956,13
154957,0
154958,11
154959,0
154960,0
154961,0
154962,0
154963,22
154964,0
154965,0
154966,0
154967,0
154968,0
154969,0
154970,0
154971,21
154972,0
154973,9
154974,16
154975,0
154976,0
154977,0
154978,14
154979,0
154980,0
154981,0
154982,0
154983,0
154984,0
154985,0
154986,0
154987,0
154988,0
154989,0
154990,0
154991,0
154992,0
154993,0
154994,0
154995,17
154996,0
154997,0
154998,0
154999,0
155000,0
155001,7
155002,0
155003,0
155004,0
155005,8
155006,16
155007,0
155008,0
155009,0
155010,0
155011,0
155012,0
155013,0
155014,0
155015,0
155016,0
155017,0
155018,0
155019,0
155020,21
155021,0
155022,0
155023,0
155024,0
155025,0
155026,10
155027,0
155028,18
155029,0
155030,12
155031,0
155032,0
155033,6
155034,0
155035,0
155036,14
155037,19
155038,0
155039,0
155040,0
155041,0
155042,0
155043,0
155044,0
155045,19
155046,0
155047,0
155048,0
155049,0
155050,0
155051,0
155052,0
155053,17
155054,0
155055,0
155056,12
155057,0
155058,14
155059,0
155060,0
155061,0
155062,0
155063,7
155064,0
155065,0
155066,0
155067,9
155068,0
155069,0
155070,0
155071,0
155072,0
155073,7
155074,16
155075,0
155076,0
155077,6
155078,10
155079,0
155080,0
155081,12
155082,12
155083,0
155084,0
155085,0
155086,0
155087,0
155088,18
155089,0
155090,0
155091,0
155092,0
155093,0
155094,0
155095,7
155096,0
155097,0
155098,8
155099,0
155100,0
155101,0
155102,0
155103,0
155104,0
155105,0
155106,0
155107,0
155108,0
155109,0
155110,0
155111,0
155112,19
155113,0
155114,0
155115,17
155116,0
155117,0
155118,18
155119,0
155120,0
155121,0
155122,0
155123,9
155124,16
155125,0
155126,0
155127,0
155128,0
155129,0
155130,0
155131,0
155132,0
155133,0
155134,0
155135,0
155136,0
155137,0
155138,8
155139,0
155140,0
155141,11
155142,0
155143,21
155144,0
155145,5
155146,0
155147,0
155148,0
155149,9
155150,0
155151,0
155152,0
155153,10
155154,13
155155,0
155156,0
155157,0
155158,0
155159,13
155160,0
155161,10
155162,15
155163,0
155164,0
155165,0
155166,0
155167,22
155168,0
155169,13
155170,0
155171,0
155172,16
155173,0
155174,12
155175,0
155176,0
155177,0
155178,0
155179,0
155180,0
155181,0
155182,0
155183,8
155184,0
155185,0
155186,18
155187,0
155188,15
155189,0
155190,11
155191,19
155192,0
155193,12
155194,0
155195,0
155196,18
155197,0
155198,0
155199,0
155200,0
155201,0
155202,0
155203,0
155204,0
155205,0
155206,10
155207,0
155208,0
155209,0
155210,0
155211,0
155212,0
155213,0
155214,0
155215,0
155216,0
155217,0
155218,10
155219,11
155220,0
155221,0
155222,0
155223,14
155224,0
155225,0
155226,0
155227,9
155228,23
155229,16
155230,0
155231,0
155232,0
155233,0
155234,0
155235,0
155236,0
155237,0
155238,0
155239,0
155240,0
155241,0
155242,0
155243,0
155244,0
155245,0
155246,0
155247,0
155248,0
155249,0
155250,0
155251,0
155252,0
155253,0
155254,0
155255,0
155256,0
155257,0
155258,0
155259,1
155260,0
155261,0
155262,0
155263,0
155264,0
155265,0
155266,0
155267,0
155268,0
155269,0
155270,0
155271,0
155272,0
155273,0
155274,0
155275,0
155276,0
155277,0
155278,0
155279,0
155280,0
155281,0
155282,0
155283,0
155284,0
155285,0
155286,0
155287,0
155288,0
155289,0
155290,0
155291,0
155292,0
155293,0
155294,0
155295,0
155296,0
155297,0
155298,0
155299,0
155300,0
155301,0
155302,0
155303,0
155304,0
155305,0
155306,0
155307,0
155308,0
155309,0
155310,0
155311,0
155312,0
155313,0
155314,0
155315,0
155316,0
155317,0
155318,0
155319,0
155320,0
155321,0
155322,0
155323,0
155324,0
155325,0
155326,0
155327,0
155328,0
155329,0
155330,0
155331,0
155332,0
155333,0
155334,0
155335,0
155336,0
155337,0
155338,0
155339,0
155340,0
155341,0
155342,0
155343,0
155344,0
155345,0
155346,0
155347,0
155348,0
155349,0
155350,0
155351,0
155352,0
155353,0
155354,0
155355,0
155356,0
155357,0
155358,0
155359,0
155360,0
155361,0
155362,0
155363,0
155364,0
155365,0
155366,0
155367,0
155368,0
155369,0
155370,0
155371,0
155372,0
155373,0
155374,0
155375,0
155376,0
155377,0
155378,0
155379,0
155380,0
155381,0
155382,0
155383,0
155384,0
155385,0
155386,0
155387,0
155388,0
155389,0
155390,0
155391,0
155392,0
155393,0
155394,0
155395,0
155396,0
155397,0
155398,0
155399,0
155400,0
155401,0
155402,0
155403,0
155404,0
155405,0
155406,0
155407,0
155408,0
155409,0
155410,0
155411,0
155412,0
155413,0
155414,0
155415,0
155416,0
155417,0
155418,0
155419,0
155420,0
155421,0
155422,0
155423,0
155424,0
155425,0
155426,0
155427,0
155428,0
155429,0
155430,0
155431,1
155432,0
155433,0
155434,0
155435,0
155436,0
155437,0
155438,0
155439,0
155440,0
155441,0
155442,0
155443,0
155444,0
155445,0
155446,0
155447,0
155448,0
155449,0
155450,0
155451,0
155452,0
155453,1
155454,0
155455,0
155456,0
155457,0
155458,0
155459,0
155460,0
155461,0
155462,0
155463,0
155464,0
155465,1
155466,0
155467,0
155468,0
155469,0
155470,0
155471,0
155472,0
155473,0
155474,0
155475,0
155476,0
155477,0
155478,0
155479,0
155480,0
155481,0
155482,0
155483,0
155484,0
155485,0
155486,0
155487,0
155488,0
155489,0
155490,0
155491,0
155492,0
155493,0
155494,1
155495,0
155496,0
155497,0
155498,0
155499,0
155500,0
155501,0
155502,0
155503,0
155504,0
155505,0
155506,0
155507,0
155508,0
155509,0
155510,0
155511,0
155512,0
155513,0
155514,0
155515,0
155516,0
155517,0
155518,0
155519,0
155520,0
155521,0
155522,0
155523,0
155524,0
155525,0
155526,0
155527,0
155528,0
155529,0
155530,0
155531,0
155532,0
155533,0
155534,0
155535,0
155536,0
155537,0
155538,0
155539,0
155540,0
155541,0
155542,0
155543,0
155544,0
155545,0
155546,0
155547,0
155548,0
155549,0
155550,0
155551,0
155552,0
155553,0
155554,0
155555,0
155556,0
155557,0
155558,0
155559,0
155560,0
155561,0
155562,0
155563,0
155564,0
155565,1
155566,0
155567,0
155568,0
155569,0
155570,0
155571,0
155572,0
155573,0
155574,0
155575,0
155576,0
155577,0
155578,0
155579,0
155580,0
155581,0
155582,0
155583,0
155584,0
155585,0
155586,0
155587,0
155588,0
155589,0
155590,0
155591,0
155592,0
155593,0
155594,0
155595,0
155596,0
155597,0
155598,0
155599,0
155600,0
155601,0
155602,0
155603,0
155604,0
155605,0
155606,0
155607,0
155608,0
155609,0
155610,0
155611,0
155612,0
155613,0
155614,0
155615,0
155616,0
155617,0
155618,0
155619,0
155620,0
155621,0
155622,0
155623,0
155624,0
155625,0
155626,1
155627,0
155628,0
155629,0
155630,0
155631,0
155632,0
155633,0
155634,0
155635,0
155636,0
155637,0
155638,0
155639,0
155640,0
155641,1
155642,0
155643,0
155644,0
155645,0
155646,0
155647,0
155648,0
155649,0
155650,0
155651,0
155652,0
155653,0
155654,0
155655,0
155656,0
155657,0
155658,1
155659,0
155660,0
155661,0
155662,0
155663,0
155664,0
155665,0
155666,0
155667,0
155668,0
155669,0
155670,0
155671,0
155672,0
155673,0
155674,0
155675,0
155676,0
155677,0
155678,0
155679,0
155680,0
155681,0
155682,0
155683,0
155684,0
155685,0
155686,0
155687,0
155688,0
155689,0
155690,0
155691,0
155692,0
155693,0
155694,0
155695,0
155696,0
155697,0
155698,0
155699,0
155700,0
155701,0
155702,0
155703,0
155704,0
155705,0
155706,0
155707,0
155708,0
155709,0
155710,0
155711,0
155712,1
155713,0
155714,0
155715,0
155716,0
155717,0
155718,0
155719,0
155720,0
155721,0
155722,0
155723,0
155724,0
155725,0
155726,0
155727,0
155728,0
155729,0
155730,0
155731,0
155732,0
155733,0
155734,0
155735,0
155736,0
155737,0
155738,0
155739,0
155740,0
155741,0
155742,0
155743,0
155744,0
155745,0
155746,0
155747,0
155748,0
155749,0
155750,0
155751,0
155752,0
155753,0
155754,0
155755,0
155756,0
155757,0
155758,0
155759,0
155760,0
155761,0
155762,0
155763,0
155764,0
155765,0
155766,0
155767,0
155768,0
155769,0
155770,0
155771,0
155772,0
155773,0
155774,0
155775,0
155776,0
155777,0
155778,0
155779,0
155780,0
155781,0
155782,0
155783,0
155784,0
155785,0
155786,0
155787,0
155788,0
155789,0
155790,0
155791,0
155792,0
155793,0
155794,0
155795,0
155796,0
155797,0
155798,0
155799,0
155800,0
155801,0
155802,0
155803,0
155804,0
155805,0
155806,0
155807,0
155808,0
155809,0
155810,0
155811,0
155812,0
155813,0
155814,0
155815,0
155816,0
155817,0
155818,0
155819,0
155820,0
155821,0
155822,0
155823,0
155824,0
155825,0
155826,0
155827,0
155828,1
155829,0
155830,0
155831,0
155832,0
155833,0
155834,0
155835,0
155836,0
155837,0
155838,0
155839,0
155840,1
155841,0
155842,0
155843,0
155844,0
155845,0
155846,0
155847,0
155848,0
155849,0
155850,0
155851,0
155852,0
155853,0
155854,0
155855,0
155856,0
155857,0
155858,0
155859,0
155860,0
155861,0
155862,1
155863,0
155864,0
155865,0
155866,0
155867,0
155868,0
155869,0
155870,0
155871,0
155872,0
155873,0
155874,0
155875,0
155876,0
155877,0
155878,0
155879,0
155880,0
155881,0
155882,0
155883,0
155884,0
155885,0
155886,0
155887,0
155888,0
155889,0
155890,0
155891,0
155892,0
155893,0
155894,0
155895,0
155896,0
155897,0
155898,0
155899,0
155900,0
155901,0
155902,0
155903,0
155904,0
155905,0
155906,0
155907,0
155908,0
155909,0
155910,0
155911,0
155912,0
155913,0
155914,0
155915,0
155916,0
155917,0
155918,0
155919,0
155920,0
155921,0
155922,0
155923,0
155924,0
155925,0
155926,0
155927,0
155928,0
155929,0
155930,0
155931,0
155932,0
155933,0
155934,0
155935,0
155936,0
155937,0
155938,0
155939,0
155940,18
155941,0
155942,0
155943,0
155944,0
155945,0
155946,0
155947,0
155948,0
155949,0
155950,0
155951,0
155952,0
155953,0
155954,0
155955,0
155956,0
155957,0
155958,0
155959,0
155960,0
155961,0
155962,0
155963,0
155964,0
155965,0
155966,0
155967,0
155968,0
155969,38
155970,0
155971,0
155972,0
155973,0
155974,19
155975,0
155976,0
155977,0
155978,33
155979,0
155980,0
155981,0
155982,40
155983,0
155984,10
155985,0
155986,40
155987,0
155988,0
155989,0
155990,0
155991,0
155992,0
155993,0
155994,33
155995,0
155996,0
155997,0
155998,0
155999,0
156000,0
156001,0
156002,26
156003,42
156004,0
156005,0
156006,0
156007,12
156008,0
156009,0
156010,33
156011,2
156012,0
156013,2
156014,0
156015,6
156016,0
156017,4
156018,0
156019,0
156020,0
156021,2
156022,0
156023,0
156024,0
156025,3
156026,0
156027,0
156028,0
156029,0
156030,3
156031,0
156032,0
156033,3
156034,0
156035,1
156036,0
156037,0
156038,0
156039,0
156040,0
156041,0
156042,0
156043,0
156044,0
156045,1
156046,0
156047,0
156048,0
156049,0
156050,0
156051,0
156052,0
156053,0
156054,0
156055,0
156056,3
156057,0
156058,3
156059,0
156060,0
156061,0
156062,8
156063,0
156064,0
156065,0
156066,5
156067,0
156068,0
156069,0
156070,0
156071,0
156072,6
156073,4
156074,3
156075,0
156076,0
156077,0
156078,0
156079,0
156080,0
156081,0
156082,3
156083,0
156084,2
156085,0
156086,0
156087,0
156088,1
156089,0
156090,0
156091,1
156092,0
156093,0
156094,0
156095,2
156096,0
156097,0
156098,1
156099,0
156100,0
156101,0
156102,0
156103,0
156104,0
156105,0
156106,0
156107,2
156108,0
156109,0
156110,2
156111,3
156112,2
156113,0
156114,0
156115,3
156116,0
156117,6
156118,0
156119,0
156120,0
156121,3
156122,0
156123,0
156124,6
156125,4
156126,5
156127,0
156128,0
156129,0
156130,0
156131,0
156132,2
156133,0
156134,1
156135,0
156136,0
156137,0
156138,0
156139,0
156140,5
156141,1
156142,4
156143,0
156144,0
156145,0
156146,0
156147,0
156148,0
156149,0
156150,4
156151,0
156152,1
156153,0
156154,4
156155,0
156156,0
156157,0
156158,0
156159,0
156160,0
156161,0
156162,0
156163,0
156164,0
156165,0
156166,0
156167,3
156168,0
156169,0
156170,2
156171,0
156172,0
156173,0
156174,0
156175,4
156176,0
156177,1
156178,0
156179,0
156180,4
156181,0
156182,0
156183,0
156184,0
156185,0
156186,2
156187,0
156188,7
156189,0
156190,2
156191,0
156192,0
156193,3
156194,0
156195,0
156196,0
156197,0
156198,2
156199,2
156200,0
156201,0
156202,0
156203,0
156204,0
156205,5
156206,0
156207,0
156208,0
156209,0
156210,6
156211,0
156212,0
156213,0
156214,0
156215,0
156216,0
156217,0
156218,1
156219,0
156220,0
156221,6
156222,0
156223,0
156224,7
156225,4
156226,0
156227,0
156228,0
156229,0
156230,4
156231,0
156232,4
156233,3
156234,0
156235,0
156236,0
156237,0
156238,0
156239,0
156240,0
156241,0
156242,0
156243,1
156244,0
156245,3
156246,0
156247,0
156248,4
156249,0
156250,3
156251,0
156252,3
156253,0
156254,0
156255,5
156256,0
156257,0
156258,1
156259,0
156260,0
156261,0
156262,3
156263,0
156264,0
156265,4
156266,0
156267,0
156268,0
156269,7
156270,4
156271,0
156272,0
156273,0
156274,0
156275,0
156276,0
156277,0
156278,0
156279,0
156280,0
156281,0
156282,0
156283,0
156284,0
156285,3
156286,0
156287,0
156288,0
156289,0
156290,0
156291,0
156292,8
156293,5
156294,2
156295,0
156296,2
156297,1
156298,7
156299,1
156300,0
156301,2
156302,0
156303,0
156304,0
156305,0
156306,3
156307,0
156308,0
156309,0
156310,3
156311,0
156312,0
156313,0
156314,0
156315,0
156316,0
156317,0
156318,0
156319,0
156320,0
156321,0
156322,5
156323,2
156324,0
156325,0
156326,5
156327,2
156328,3
156329,0
156330,0
156331,0
156332,0
156333,0
156334,0
156335,0
156336,0
156337,0
156338,0
156339,0
156340,0
156341,0
156342,0
156343,0
156344,0
156345,0
156346,4
156347,0
156348,0
156349,0
156350,0
156351,2
156352,0
156353,2
156354,1
156355,6
156356,0
156357,0
156358,4
156359,0
156360,0
156361,4
156362,3
156363,0
156364,0
156365,2
156366,0
156367,0
156368,0
156369,3
156370,0
156371,0
156372,0
156373,0
156374,0
156375,0
156376,0
156377,5
156378,0
156379,0
156380,0
156381,0
156382,0
156383,4
156384,2
156385,0
156386,0
156387,2
156388,0
156389,0
156390,0
156391,2
156392,2
156393,0
156394,0
156395,0
156396,0
156397,0
156398,2
156399,0
156400,0
156401,0
156402,0
156403,0
156404,0
156405,4
156406,0
156407,3
156408,0
156409,0
156410,0
156411,0
156412,0
156413,2
156414,0
156415,0
156416,0
156417,0
156418,0
156419,0
156420,2
156421,0
156422,0
156423,0
156424,0
156425,2
156426,4
156427,0
156428,0
156429,0
156430,0
156431,0
156432,0
156433,1
156434,0
156435,0
156436,0
156437,0
156438,0
156439,4
156440,0
156441,0
156442,0
156443,0
156444,0
156445,5
156446,0
156447,0
156448,0
156449,0
156450,0
156451,0
156452,0
156453,0
156454,0
156455,0
156456,0
156457,0
156458,0
156459,0
156460,0
156461,0
156462,0
156463,0
156464,0
156465,0
156466,2
156467,4
156468,0
156469,0
156470,0
156471,2
156472,0
156473,0
156474,0
156475,0
156476,0
156477,0
156478,0
156479,0
156480,0
156481,0
156482,0
156483,1
156484,0
156485,0
156486,0
156487,0
156488,0
156489,3
156490,0
156491,0
156492,0
156493,0
156494,0
156495,0
156496,0
156497,2
156498,0
156499,0
156500,0
156501,0
156502,0
156503,0
156504,0
156505,0
156506,0
156507,0
156508,0
156509,2
156510,0
156511,0
156512,3
156513,4
156514,0
156515,5
156516,1
156517,1
156518,2
156519,0
156520,0
156521,3
156522,0
156523,0
156524,0
156525,0
156526,0
156527,0
156528,0
156529,5
156530,0
156531,7
156532,0
156533,0
156534,4
156535,0
156536,0
156537,0
156538,0
156539,0
156540,0
156541,0
156542,0
156543,0
156544,0
156545,0
156546,0
156547,0
156548,0
156549,0
156550,0
156551,0
156552,3
156553,5
156554,0
156555,0
156556,4
156557,4
156558,0
156559,0
156560,0
156561,31
156562,0
156563,0
156564,0
156565,30
156566,0
156567,29
156568,0
156569,0
156570,0
156571,0
156572,0
156573,39
156574,0
156575,29
156576,0
156577,0
156578,0
156579,0
156580,0
156581,0
156582,0
156583,0
156584,0
156585,45
156586,0
156587,39
156588,0
156589,30
156590,0
156591,0
156592,0
156593,44
156594,35
156595,0
156596,35
156597,0
156598,30
156599,0
156600,37
156601,0
156602,0
156603,0
156604,0
156605,22
156606,0
156607,0
156608,44
156609,0
156610,0
156611,22
156612,27
156613,50
156614,0
156615,0
156616,0
156617,0
156618,45
156619,0
156620,36
156621,0
156622,0
156623,0
156624,0
156625,0
156626,0
156627,0
156628,36
156629,0
156630,0
156631,0
156632,0
156633,30
156634,0
156635,0
156636,29
156637,0
156638,0
156639,0
156640,0
156641,32
156642,0
156643,0
156644,0
156645,0
156646,22
156647,0
156648,0
156649,0
156650,0
156651,0
156652,0
156653,42
156654,0
156655,51
156656,0
156657,0
156658,0
156659,0
156660,36
156661,0
156662,0
156663,41
156664,40
156665,0
156666,32
156667,0
156668,0
156669,33
156670,0
156671,0
156672,50
156673,34
156674,0
156675,0
156676,0
156677,31
156678,0
156679,33
156680,43
156681,36
156682,0
156683,0
156684,43
156685,0
156686,0
156687,34
156688,0
156689,0
156690,0
156691,0
156692,0
156693,0
156694,0
156695,24
156696,0
156697,0
156698,0
156699,0
156700,0
156701,33
156702,37
156703,21
156704,0
156705,0
156706,0
156707,32
156708,0
156709,0
156710,0
156711,0
156712,0
156713,0
156714,0
156715,23
156716,0
156717,0
156718,46
156719,0
156720,0
156721,0
156722,0
156723,34
156724,28
156725,35
156726,55
156727,0
156728,0
156729,46
156730,0
156731,0
156732,0
156733,0
156734,0
156735,0
156736,0
156737,0
156738,0
156739,0
156740,0
156741,0
156742,0
156743,0
156744,29
156745,0
156746,0
156747,0
156748,0
156749,0
156750,0
156751,0
156752,0
156753,0
156754,29
156755,0
156756,22
156757,0
156758,0
156759,0
156760,0
156761,0
156762,0
156763,16
156764,34
156765,0
156766,0
156767,0
156768,0
156769,0
156770,20
156771,0
156772,0
156773,0
156774,16
156775,27
156776,0
156777,0
156778,0
156779,0
156780,26
156781,0
156782,0
156783,0
156784,0
156785,0
156786,0
156787,0
156788,34
156789,0
156790,0
156791,17
156792,17
156793,0
156794,0
156795,0
156796,17
156797,0
156798,16
156799,0
156800,0
156801,25
156802,17
156803,0
156804,0
156805,0
156806,0
156807,18
156808,23
156809,0
156810,21
156811,0
156812,0
156813,28
156814,0
156815,0
156816,0
156817,0
156818,0
156819,0
156820,0
156821,0
156822,37
156823,0
156824,32
156825,0
156826,0
156827,0
156828,0
156829,0
156830,0
156831,0
156832,0
156833,0
156834,0
156835,0
156836,22
156837,0
156838,0
156839,0
156840,39
156841,0
156842,0
156843,0
156844,0
156845,0
156846,0
156847,0
156848,0
156849,32
156850,0
156851,0
156852,0
156853,0
156854,24
156855,0
156856,0
156857,0
156858,0
156859,0
156860,0
156861,19
156862,0
156863,0
156864,0
156865,0
156866,0
156867,0
156868,19
156869,25
156870,0
156871,0
156872,0
156873,0
156874,38
156875,24
156876,0
156877,0
156878,0
156879,22
156880,0
156881,0
156882,0
156883,22
156884,0
156885,0
156886,0
156887,36
156888,0
156889,24
156890,31
156891,0
156892,27
156893,24
156894,0
156895,0
156896,0
156897,0
156898,0
156899,0
156900,0
156901,0
156902,0
156903,0
156904,0
156905,0
156906,0
156907,0
156908,17
156909,0
156910,0
156911,0
156912,0
156913,0
156914,26
156915,0
156916,0
156917,0
156918,0
156919,0
156920,0
156921,0
156922,24
156923,0
156924,0
156925,0
156926,20
156927,0
156928,35
156929,0
156930,0
156931,0
156932,0
156933,0
156934,0
156935,0
156936,0
156937,0
156938,0
156939,0
156940,0
156941,29
156942,0
156943,0
156944,0
156945,0
156946,0
156947,26
156948,22
156949,0
156950,0
156951,0
156952,22
156953,0
156954,29
156955,0
156956,0
156957,0
156958,0
156959,20
156960,0
156961,0
156962,28
156963,23
156964,0
156965,0
156966,29
156967,25
156968,24
156969,0
156970,0
156971,28
156972,27
156973,0
156974,0
156975,0
156976,0
156977,32
156978,0
156979,16
156980,15
156981,15
156982,0
156983,0
156984,0
156985,0
156986,0
156987,0
156988,32
156989,0
156990,0
156991,0
156992,0
156993,0
156994,0
156995,0
156996,23
156997,0
156998,19
156999,33
157000,0
157001,0
157002,0
157003,0
157004,0
157005,0
157006,0
157007,0
157008,36
157009,0
157010,0
157011,0
157012,0
157013,0
157014,0
157015,0
157016,0
157017,0
157018,0
157019,0
157020,22
157021,28
157022,0
157023,0
157024,0
157025,28
157026,0
157027,0
157028,29
157029,0
157030,0
157031,0
157032,0
157033,0
157034,0
157035,0
157036,0
157037,22
157038,0
157039,0
157040,0
157041,0
157042,0
157043,0
157044,0
157045,0
157046,0
157047,0
157048,0
157049,27
157050,0
157051,0
157052,14
157053,0
157054,0
157055,31
157056,0
157057,0
157058,0
157059,0
157060,30
157061,0
157062,29
157063,0
157064,32
157065,0
157066,0
157067,0
157068,0
157069,0
157070,0
157071,0
157072,26
157073,27
157074,25
157075,26
157076,17
157077,22
157078,0
157079,0
157080,22
157081,22
157082,0
157083,0
157084,0
157085,0
157086,0
157087,0
157088,0
157089,0
157090,0
157091,0
157092,28
157093,25
157094,23
157095,29
157096,0
157097,0
157098,0
157099,33
157100,0
157101,0
157102,0
157103,0
157104,0
157105,0
157106,0
157107,0
157108,0
157109,0
157110,0
157111,0
157112,0
157113,19
157114,28
157115,0
157116,0
157117,20
157118,0
157119,0
157120,0
157121,0
157122,0
157123,24
157124,22
157125,0
157126,0
157127,16
157128,0
157129,0
157130,0
157131,0
157132,0
157133,0
157134,0
157135,21
157136,21
157137,0
157138,0
157139,0
157140,0
157141,0
157142,0
157143,24
157144,0
157145,0
157146,0
157147,17
157148,0
157149,39
157150,0
157151,0
157152,16
157153,24
157154,26
157155,0
157156,13
157157,0
157158,0
157159,0
157160,17
157161,20
157162,21
157163,0
157164,0
157165,0
157166,0
157167,24
157168,18
157169,0
157170,0
157171,0
157172,0
157173,0
157174,0
157175,0
157176,22
157177,0
157178,0
157179,0
157180,0
157181,21
157182,0
157183,0
157184,0
157185,0
157186,0
157187,0
157188,0
157189,27
157190,0
157191,0
157192,0
157193,24
157194,0
157195,0
157196,25
157197,0
157198,24
157199,0
157200,0
157201,19
157202,24
157203,0
157204,0
157205,29
157206,17
157207,0
157208,14
157209,14
157210,0
157211,0
157212,0
157213,28
157214,0
157215,0
157216,0
157217,0
157218,0
157219,0
157220,0
157221,0
157222,0
157223,0
157224,24
157225,22
157226,0
157227,0
157228,0
157229,0
157230,0
157231,0
157232,0
157233,0
157234,0
157235,0
157236,16
157237,0
157238,26
157239,0
157240,0
157241,0
157242,36
157243,0
157244,0
157245,29
157246,0
157247,0
157248,33
157249,0
157250,0
157251,0
157252,23
157253,0
157254,33
157255,0
157256,0
157257,0
157258,0
157259,0
157260,14
157261,0
157262,0
157263,0
157264,0
157265,0
157266,0
157267,21
157268,0
157269,27
157270,0
157271,0
157272,0
157273,0
157274,0
157275,0
157276,33
157277,0
157278,19
157279,0
157280,0
157281,0
157282,0
157283,0
157284,26
157285,0
157286,34
157287,0
157288,22
157289,23
157290,0
157291,30
157292,0
157293,33
157294,0
157295,0
157296,0
157297,34
157298,0
157299,0
157300,0
157301,0
157302,15
157303,0
157304,0
157305,0
157306,0
157307,0
157308,0
157309,0
157310,0
157311,0
157312,0
157313,0
157314,0
157315,0
157316,28
157317,0
157318,0
157319,0
157320,21
157321,0
157322,0
157323,0
157324,0
157325,18
157326,0
157327,0
157328,0
157329,0
157330,0
157331,0
157332,0
157333,0
157334,0
157335,0
157336,0
157337,0
157338,0
157339,0
157340,0
157341,26
157342,0
157343,0
157344,30
157345,22
157346,33
157347,21
157348,0
157349,0
157350,21
157351,0
157352,0
157353,0
157354,0
157355,26
157356,0
157357,30
157358,21
157359,0
157360,0
157361,0
157362,16
157363,0
157364,0
157365,0
157366,0
157367,25
157368,32
157369,24
157370,0
157371,0
157372,16
157373,0
157374,0
157375,22
157376,0
157377,0
157378,0
157379,29
157380,28
157381,0
157382,0
157383,0
157384,0
157385,0
157386,0
157387,0
157388,25
157389,0
157390,25
157391,18
157392,0
157393,0
157394,0
157395,0
157396,0
157397,0
157398,24
157399,0
157400,22
157401,16
157402,0
157403,15
157404,0
157405,0
157406,0
157407,21
157408,0
157409,0
157410,0
157411,0
157412,0
157413,0
157414,0
157415,0
157416,0
157417,0
157418,20
157419,0
157420,0
157421,31
157422,0
157423,0
157424,0
157425,19
157426,0
157427,27
157428,26
157429,0
157430,0
157431,38
157432,0
157433,0
157434,0
157435,0
157436,0
157437,0
157438,0
157439,0
157440,0
157441,0
157442,21
157443,42
157444,36
157445,0
157446,0
157447,32
157448,0
157449,0
157450,0
157451,48
157452,32
157453,41
157454,0
157455,0
157456,0
157457,48
157458,0
157459,0
157460,0
157461,0
157462,0
157463,0
157464,48
157465,0
157466,0
157467,0
157468,0
157469,0
157470,0
157471,0
157472,0
157473,0
157474,0
157475,0
157476,50
157477,29
157478,0
157479,0
157480,0
157481,0
157482,0
157483,0
157484,0
157485,0
157486,0
157487,0
157488,0
157489,0
157490,0
157491,0
157492,0
157493,40
157494,45
157495,0
157496,0
157497,0
157498,0
157499,0
157500,0
157501,0
157502,0
157503,0
157504,0
157505,0
157506,0
157507,0
157508,0
157509,0
157510,0
157511,0
157512,0
157513,36
157514,0
157515,0
157516,0
157517,0
157518,0
157519,30
157520,0
157521,0
157522,30
157523,0
157524,39
157525,0
157526,0
157527,46
157528,0
157529,0
157530,0
157531,0
157532,72
157533,0
157534,0
157535,0
157536,0
157537,0
157538,0
157539,0
157540,0
157541,0
157542,0
157543,0
157544,0
157545,0
157546,37
157547,0
157548,0
157549,0
157550,0
157551,52
157552,0
157553,37
157554,0
157555,0
157556,42
157557,0
157558,0
157559,0
157560,0
157561,0
157562,0
157563,0
157564,0
157565,50
157566,0
157567,42
157568,0
157569,0
157570,0
157571,0
157572,46
157573,0
157574,0
157575,0
157576,0
157577,53
157578,40
157579,0
157580,0
157581,0
157582,35
157583,0
157584,0
157585,0
157586,0
157587,0
157588,0
157589,0
157590,0
157591,0
157592,0
157593,0
157594,0
157595,0
157596,19
157597,0
157598,0
157599,0
157600,0
157601,0
157602,0
157603,24
157604,0
157605,27
157606,0
157607,14
157608,0
157609,0
157610,0
157611,0
157612,0
157613,0
157614,0
157615,0
157616,31
157617,0
157618,0
157619,0
157620,23
157621,0
157622,0
157623,34
157624,0
157625,0
157626,0
157627,24
157628,0
157629,0
157630,0
157631,0
157632,0
157633,0
157634,19
157635,15
157636,26
157637,0
157638,0
157639,0
157640,19
157641,0
157642,25
157643,30
157644,0
157645,0
157646,0
157647,19
157648,25
157649,0
157650,0
157651,0
157652,24
157653,25
157654,0
157655,0
157656,0
157657,0
157658,0
157659,0
157660,0
157661,0
157662,0
157663,0
157664,0
157665,0
157666,28
157667,0
157668,0
157669,0
157670,0
157671,0
157672,36
157673,0
157674,18
157675,20
157676,0
157677,0
157678,0
157679,0
157680,0
157681,0
157682,0
157683,27
157684,0
157685,24
157686,0
157687,0
157688,0
157689,22
157690,0
157691,24
157692,0
157693,26
157694,0
157695,0
157696,0
157697,19
157698,0
157699,0
157700,0
157701,0
157702,26
157703,24
157704,23
157705,0
157706,0
157707,0
157708,0
157709,0
157710,0
157711,0
157712,32
157713,0
157714,0
157715,0
157716,31
157717,0
157718,0
157719,18
157720,19
157721,0
157722,0
157723,0
157724,0
157725,0
157726,30
157727,0
157728,0
157729,25
157730,24
157731,26
157732,0
157733,0
157734,0
157735,0
157736,0
157737,29
157738,25
157739,0
157740,22
157741,0
157742,0
157743,0
157744,0
157745,0
157746,0
157747,0
157748,0
157749,32
157750,0
157751,0
157752,0
157753,0
157754,0
157755,0
157756,0
157757,0
157758,25
157759,0
157760,0
157761,0
157762,18
157763,25
157764,0
157765,0
157766,21
157767,0
157768,22
157769,0
157770,0
157771,0
157772,23
157773,0
157774,0
157775,27
157776,0
157777,0
157778,0
157779,0
157780,0
157781,0
157782,0
157783,23
157784,0
157785,0
157786,0
157787,0
157788,0
157789,0
157790,0
157791,19
157792,17
157793,24
157794,0
157795,18
157796,0
157797,0
157798,0
157799,0
157800,15
157801,20
157802,32
157803,7
157804,0
157805,0
157806,0
157807,22
157808,13
157809,0
157810,0
157811,0
157812,0
157813,0
157814,0
157815,0
157816,0
157817,0
157818,26
157819,25
157820,0
157821,0
157822,0
157823,0
157824,0
157825,19
157826,0
157827,0
157828,0
157829,0
157830,0
157831,0
157832,20
157833,0
157834,0
157835,0
157836,0
157837,0
157838,0
157839,16
157840,0
157841,34
157842,0
157843,0
157844,0
157845,0
157846,0
157847,0
157848,0
157849,0
157850,30
157851,0
157852,18
157853,27
157854,29
157855,0
157856,0
157857,16
157858,30
157859,0
157860,0
157861,18
157862,0
157863,0
157864,0
157865,0
157866,0
157867,15
157868,0
157869,31
157870,24
157871,0
157872,0
157873,0
157874,22
157875,18
157876,0
157877,0
157878,0
157879,0
157880,0
157881,0
157882,0
157883,20
157884,17
157885,0
157886,17
157887,0
157888,0
157889,0
157890,0
157891,0
157892,29
157893,0
157894,0
157895,0
157896,0
157897,0
157898,0
157899,0
157900,0
157901,0
157902,22
157903,18
157904,27
157905,25
157906,0
157907,0
157908,0
157909,28
157910,0
157911,0
157912,0
157913,16
157914,0
157915,29
157916,29
157917,0
157918,0
157919,0
157920,0
157921,0
157922,0
157923,24
157924,0
157925,0
157926,0
157927,0
157928,10
157929,21
157930,0
157931,0
157932,21
157933,14
157934,0
157935,0
157936,0
157937,0
157938,0
157939,0
157940,0
157941,22
157942,0
157943,0
157944,0
157945,26
157946,0
157947,0
157948,43
157949,0
157950,0
157951,22
157952,0
157953,0
157954,0
157955,0
157956,22
157957,0
157958,0
157959,0
157960,0
157961,33
157962,0
157963,0
157964,0
157965,32
157966,0
157967,0
157968,0
157969,0
157970,0
157971,0
157972,0
157973,0
157974,0
157975,0
157976,0
157977,0
157978,0
157979,0
157980,23
157981,0
157982,26
157983,0
157984,25
157985,0
157986,20
157987,0
157988,0
157989,0
157990,0
157991,40
157992,0
157993,0
157994,0
157995,0
157996,20
157997,26
157998,0
157999,0
158000,31
158001,24
158002,0
158003,0
158004,0
158005,0
158006,0
158007,0
158008,9
158009,0
158010,0
158011,0
158012,0
158013,0
158014,0
158015,0
158016,0
158017,0
158018,22
158019,21
158020,0
158021,0
158022,0
158023,18
158024,29
158025,0
158026,0
158027,20
158028,12
158029,0
158030,28
158031,18
158032,0
158033,0
158034,0
158035,0
158036,28
158037,0
158038,21
158039,0
158040,0
158041,0
158042,30
158043,0
158044,0
158045,0
158046,18
158047,0
158048,0
158049,0
158050,0
158051,0
158052,0
158053,0
158054,0
158055,0
158056,0
158057,0
158058,35
158059,0
158060,0
158061,0
158062,17
158063,32
158064,0
158065,0
158066,24
158067,0
158068,0
158069,0
158070,0
158071,0
158072,0
158073,0
158074,29
158075,0
158076,0
158077,39
158078,0
158079,0
158080,0
158081,0
158082,0
158083,0
158084,0
158085,0
158086,0
158087,28
158088,0
158089,0
158090,0
158091,0
158092,0
158093,0
158094,0
158095,0
158096,0
158097,16
158098,0
158099,0
158100,0
158101,0
158102,0
158103,0
158104,0
158105,0
158106,23
158107,24
158108,0
158109,23
158110,20
158111,0
158112,0
158113,0
158114,0
158115,16
158116,0
158117,0
158118,17
158119,0
158120,25
158121,0
158122,0
158123,0
158124,0
158125,0
158126,0
158127,15
158128,0
158129,29
158130,0
158131,0
158132,19
158133,0
158134,20
158135,0
158136,0
158137,22
158138,0
158139,0
158140,0
158141,0
158142,0
158143,0
158144,19
158145,0
158146,0
158147,0
158148,0
158149,0
158150,0
158151,0
158152,24
158153,31
158154,0
158155,0
158156,15
158157,0
158158,22
158159,15
158160,0
158161,20
158162,0
158163,0
158164,0
158165,0
158166,0
158167,0
158168,0
158169,0
158170,0
158171,0
158172,0
158173,15
158174,0
158175,18
158176,0
158177,0
158178,0
158179,0
158180,0
158181,0
158182,0
158183,0
158184,0
158185,19
158186,0
158187,0
158188,0
158189,14
158190,0
158191,26
158192,0
158193,0
158194,0
158195,27
158196,0
158197,0
158198,0
158199,0
158200,24
158201,33
158202,0
158203,0
158204,26
158205,28
158206,31
158207,0
158208,26
158209,0
158210,0
158211,0
158212,26
158213,0
158214,0
158215,0
158216,0
158217,0
158218,0
158219,0
158220,0
158221,27
158222,0
158223,0
158224,27
158225,0
158226,0
158227,17
158228,0
158229,0
158230,21
158231,21
158232,0
158233,0
158234,19
158235,0
158236,0
158237,0
158238,0
158239,0
158240,0
158241,0
158242,18
158243,0
158244,0
158245,0
158246,0
158247,0
158248,35
158249,0
158250,0
158251,0
158252,0
158253,0
158254,0
158255,0
158256,25
158257,0
158258,26
158259,0
158260,0
158261,23
158262,0
158263,0
158264,0
158265,21
158266,0
158267,16
158268,0
158269,27
158270,0
158271,0
158272,0
158273,27
158274,25
158275,0
158276,0
158277,0
158278,0
158279,12
158280,0
158281,0
158282,0
158283,0
158284,0
158285,0
158286,0
158287,29
158288,0
158289,0
158290,0
158291,30
158292,0
158293,21
158294,0
158295,33
158296,0
158297,0
158298,22
158299,0
158300,0
158301,19
158302,22
158303,0
158304,0
158305,0
158306,0
158307,0
158308,0
158309,0
158310,0
158311,0
158312,0
158313,0
158314,0
158315,0
158316,0
158317,0
158318,0
158319,22
158320,0
158321,0
158322,0
158323,0
158324,0
158325,0
158326,26
158327,0
158328,28
158329,0
158330,0
158331,0
158332,0
158333,0
158334,0
158335,0
158336,26
158337,0
158338,0
158339,0
158340,0
158341,25
158342,0
158343,0
158344,0
158345,0
158346,0
158347,0
158348,0
158349,27
158350,0
158351,0
158352,0
158353,0
158354,0
158355,25
158356,0
158357,26
158358,20
158359,0
158360,0
158361,0
158362,0
158363,29
158364,0
158365,0
158366,0
158367,13
158368,0
158369,0
158370,0
158371,0
158372,0
158373,0
158374,0
158375,0
158376,0
158377,0
158378,0
158379,0
158380,0
158381,0
158382,8
158383,0
158384,7
158385,0
158386,0
158387,8
158388,0
158389,0
158390,0
158391,0
158392,15
158393,0
158394,12
158395,0
158396,0
158397,0
158398,0
158399,0
158400,0
158401,0
158402,0
158403,0
158404,18
158405,8
158406,0
158407,7
158408,15
158409,0
158410,0
158411,6
158412,0
158413,18
158414,0
158415,0
158416,0
158417,0
158418,0
158419,0
158420,17
158421,0
158422,0
158423,16
158424,0
158425,14
158426,0
158427,9
158428,16
158429,0
158430,0
158431,0
158432,7
158433,9
158434,0
158435,0
158436,0
158437,0
158438,0
158439,8
158440,6
158441,0
158442,0
158443,0
158444,0
158445,7
158446,11
158447,0
158448,0
158449,0
158450,0
158451,13
158452,0
158453,0
158454,0
158455,10
158456,0
158457,12
158458,0
158459,0
158460,0
158461,0
158462,7
158463,0
158464,0
158465,0
158466,0
158467,14
158468,0
158469,5
158470,0
158471,7
158472,8
158473,0
158474,0
158475,0
158476,0
158477,0
158478,0
158479,9
158480,7
158481,0
158482,0
158483,0
158484,0
158485,0
158486,0
158487,0
158488,0
158489,0
158490,0
158491,0
158492,0
158493,14
158494,6
158495,0
158496,0
158497,0
158498,0
158499,11
158500,0
158501,0
158502,14
158503,15
158504,0
158505,0
158506,0
158507,0
158508,0
158509,9
158510,9
158511,0
158512,0
158513,0
158514,0
158515,0
158516,0
158517,0
158518,0
158519,0
158520,0
158521,0
158522,14
158523,13
158524,0
158525,0
158526,7
158527,0
158528,0
158529,0
158530,10
158531,0
158532,0
158533,0
158534,0
158535,0
158536,0
158537,0
158538,0
158539,0
158540,15
158541,8
158542,0
158543,0
158544,7
158545,10
158546,9
158547,0
158548,0
158549,0
158550,0
158551,0
158552,0
158553,0
158554,0
158555,12
158556,0
158557,0
158558,0
158559,0
158560,0
158561,0
158562,0
158563,7
158564,7
158565,0
158566,0
158567,0
158568,17
158569,0
158570,0
158571,0
158572,9
158573,0
158574,0
158575,13
158576,0
158577,0
158578,0
158579,4
158580,11
158581,0
158582,0
158583,0
158584,9
158585,0
158586,4
158587,0
158588,0
158589,0
158590,4
158591,0
158592,0
158593,12
158594,0
158595,0
158596,0
158597,12
158598,0
158599,4
158600,0
158601,0
158602,15
158603,0
158604,0
158605,0
158606,0
158607,0
158608,10
158609,0
158610,0
158611,0
158612,0
158613,0
158614,0
158615,0
158616,7
158617,0
158618,0
158619,0
158620,0
158621,13
158622,0
158623,8
158624,10
158625,0
158626,0
158627,0
158628,0
158629,0
158630,0
158631,0
158632,0
158633,0
158634,0
158635,13
158636,0
158637,0
158638,0
158639,0
158640,0
158641,6
158642,0
158643,0
158644,0
158645,0
158646,10
158647,0
158648,0
158649,7
158650,10
158651,0
158652,8
158653,12
158654,0
158655,15
158656,0
158657,2
158658,14
158659,0
158660,0
158661,0
158662,0
158663,0
158664,0
158665,0
158666,6
158667,0
158668,0
158669,0
158670,0
158671,0
158672,0
158673,0
158674,0
158675,0
158676,0
158677,13
158678,0
158679,0
158680,0
158681,0
158682,0
158683,9
158684,0
158685,6
158686,0
158687,7
158688,18
158689,12
158690,7
158691,0
158692,0
158693,13
158694,18
158695,12
158696,16
158697,0
158698,0
158699,0
158700,0
158701,0
158702,0
158703,0
158704,0
158705,0
158706,4
158707,11
158708,10
158709,0
158710,0
158711,0
158712,0
158713,5
158714,13
158715,0
158716,0
158717,10
158718,0
158719,8
158720,0
158721,0
158722,0
158723,0
158724,0
158725,0
158726,0
158727,16
158728,0
158729,0
158730,0
158731,0
158732,0
158733,0
158734,11
158735,0
158736,11
158737,0
158738,0
158739,0
158740,0
158741,0
158742,0
158743,0
158744,0
158745,0
158746,0
158747,0
158748,0
158749,0
158750,0
158751,0
158752,6
158753,15
158754,0
158755,12
158756,16
158757,0
158758,10
158759,7
158760,0
158761,0
158762,0
158763,0
158764,0
158765,8
158766,0
158767,0
158768,0
158769,0
158770,0
158771,0
158772,0
158773,0
158774,0
158775,0
158776,0
158777,0
158778,0
158779,9
158780,0
158781,0
158782,0
158783,0
158784,0
158785,0
158786,0
158787,0
158788,5
158789,0
158790,0
158791,8
158792,0
158793,0
158794,0
158795,14
158796,0
158797,0
158798,0
158799,0
158800,0
158801,0
158802,0
158803,0
158804,6
158805,15
158806,0
158807,0
158808,0
158809,0
158810,0
158811,0
158812,0
158813,10
158814,0
158815,0
158816,0
158817,0
158818,0
158819,0
158820,0
158821,0
158822,0
158823,0
158824,0
158825,0
158826,0
158827,0
158828,0
158829,0
158830,0
158831,0
158832,0
158833,9
158834,0
158835,0
158836,9
158837,0
158838,13
158839,0
158840,15
158841,0
158842,0
158843,0
158844,0
158845,0
158846,0
158847,9
158848,3
158849,0
158850,6
158851,6
158852,0
158853,7
158854,0
158855,0
158856,4
158857,0
158858,0
158859,0
158860,0
158861,0
158862,0
158863,0
158864,6
158865,0
158866,12
158867,0
158868,10
158869,0
158870,11
158871,0
158872,0
158873,0
158874,0
158875,9
158876,0
158877,8
158878,0
158879,0
158880,16
158881,0
158882,0
158883,0
158884,0
158885,0
158886,6
158887,0
158888,0
158889,0
158890,0
158891,0
158892,0
158893,0
158894,0
158895,0
158896,0
158897,0
158898,0
158899,0
158900,0
158901,0
158902,0
158903,10
158904,14
158905,0
158906,0
158907,0
158908,14
158909,13
158910,0
158911,0
158912,4
158913,6
158914,0
158915,0
158916,11
158917,0
158918,0
158919,0
158920,0
158921,0
158922,10
158923,0
158924,0
158925,8
158926,0
158927,7
158928,13
158929,0
158930,0
158931,0
158932,0
158933,0
158934,0
158935,12
158936,0
158937,0
158938,6
158939,0
158940,0
158941,0
158942,7
158943,5
158944,0
158945,10
158946,8
158947,5
158948,5
158949,0
158950,0
158951,8
158952,10
158953,13
158954,0
158955,11
158956,0
158957,0
158958,0
158959,0
158960,0
158961,0
158962,0
158963,0
158964,0
158965,0
158966,0
158967,0
158968,0
158969,8
158970,0
158971,0
158972,0
158973,9
158974,10
158975,0
158976,0
158977,0
158978,0
158979,0
158980,0
158981,6
158982,5
158983,0
158984,0
158985,0
158986,0
158987,8
158988,16
158989,0
158990,0
158991,7
158992,0
158993,0
158994,7
158995,0
158996,4
158997,0
158998,0
158999,13
159000,7
159001,0
159002,0
159003,0
159004,0
159005,0
159006,0
159007,0
159008,0
159009,0
159010,10
159011,0
159012,4
159013,0
159014,0
159015,0
159016,5
159017,0
159018,0
159019,0
159020,0
159021,0
159022,0
159023,0
159024,0
159025,0
159026,0
159027,0
159028,0
159029,0
159030,0
159031,0
159032,0
159033,0
159034,0
159035,0
159036,0
159037,0
159038,0
159039,0
159040,0
159041,0
159042,0
159043,0
159044,0
159045,0
159046,0
159047,0
159048,0
159049,0
159050,0
159051,0
159052,0
159053,0
159054,0
159055,0
159056,0
159057,0
159058,0
159059,0
159060,0
159061,0
159062,0
159063,0
159064,0
159065,0
159066,0
159067,0
159068,0
159069,0
159070,0
159071,0
159072,0
159073,0
159074,0
159075,0
159076,0
159077,0
159078,0
159079,0
159080,0
159081,0
159082,0
159083,0
159084,0
159085,0
159086,0
159087,0
159088,0
159089,0
159090,0
159091,0
159092,0
159093,0
159094,0
159095,0
159096,0
159097,0
159098,0
159099,0
159100,0
159101,0
159102,0
159103,0
159104,0
159105,0
159106,0
159107,0
159108,0
159109,0
159110,0
159111,0
159112,0
159113,0
159114,0
159115,0
159116,0
159117,0
159118,0
159119,0
159120,0
159121,0
159122,0
159123,0
159124,0
159125,0
159126,0
159127,0
159128,0
159129,0
159130,0
159131,0
159132,0
159133,0
159134,0
159135,0
159136,0
159137,0
159138,0
159139,0
159140,0
159141,0
159142,0
159143,0
159144,0
159145,0
159146,0
159147,0
159148,0
159149,0
159150,0
159151,0
159152,0
159153,0
159154,0
159155,0
159156,0
159157,0
159158,0
159159,0
159160,0
159161,0
159162,0
159163,0
159164,0
159165,0
159166,0
159167,0
159168,0
159169,0
159170,0
159171,0
159172,0
159173,0
159174,0
159175,0
159176,0
159177,0
159178,0
159179,0
159180,0
159181,0
159182,0
159183,0
159184,0
159185,0
159186,0
159187,0
159188,0
159189,0
159190,0
159191,0
159192,0
159193,0
159194,0
159195,0
159196,0
159197,0
159198,0
159199,0
159200,0
159201,0
159202,0
159203,0
159204,0
159205,0
159206,0
159207,0
159208,0
159209,0
159210,0
159211,0
159212,0
159213,0
159214,0
159215,0
159216,0
159217,0
159218,0
159219,0
159220,0
159221,0
159222,0
159223,0
159224,0
159225,0
159226,0
159227,0
159228,0
159229,0
159230,0
159231,0
159232,0
159233,0
159234,0
159235,0
159236,0
159237,0
159238,0
159239,0
159240,0
159241,0
159242,0
159243,0
159244,0
159245,0
159246,0
159247,0
159248,0
159249,0
159250,0
159251,1
159252,0
159253,0
159254,0
159255,0
159256,0
159257,0
159258,0
159259,0
159260,0
159261,0
159262,0
159263,0
159264,0
159265,0
159266,0
159267,0
159268,0
159269,0
159270,0
159271,0
159272,0
159273,0
159274,0
159275,0
159276,0
159277,0
159278,0
159279,0
159280,0
159281,0
159282,0
159283,0
159284,0
159285,0
159286,0
159287,0
159288,0
159289,0
159290,0
159291,0
159292,0
159293,0
159294,0
159295,0
159296,0
159297,0
159298,0
159299,0
159300,0
159301,0
159302,0
159303,0
159304,0
159305,0
159306,0
159307,0
159308,0
159309,0
159310,0
159311,0
159312,0
159313,0
159314,0
159315,0
159316,0
159317,0
159318,0
159319,0
159320,0
159321,0
159322,0
159323,0
159324,0
159325,0
159326,0
159327,0
159328,0
159329,0
159330,0
159331,0
159332,0
159333,0
159334,0
159335,0
159336,0
159337,0
159338,0
159339,0
159340,0
159341,0
159342,0
159343,0
159344,0
159345,0
159346,0
159347,0
159348,0
159349,0
159350,0
159351,0
159352,0
159353,0
159354,0
159355,0
159356,0
159357,0
159358,0
159359,0
159360,0
159361,0
159362,0
159363,0
159364,0
159365,0
159366,0
159367,0
159368,0
159369,0
159370,0
159371,0
159372,0
159373,0
159374,0
159375,0
159376,0
159377,0
159378,0
159379,0
159380,0
159381,0
159382,0
159383,0
159384,0
159385,0
159386,0
159387,0
159388,0
159389,0
159390,0
159391,0
159392,0
159393,0
159394,0
159395,0
159396,0
159397,0
159398,0
159399,0
159400,0
159401,0
159402,0
159403,0
159404,0
159405,0
159406,0
159407,0
159408,0
159409,0
159410,0
159411,0
159412,0
159413,0
159414,0
159415,0
159416,0
159417,0
159418,0
159419,0
159420,0
159421,0
159422,0
159423,0
159424,0
159425,0
159426,0
159427,0
159428,0
159429,0
159430,0
159431,0
159432,0
159433,0
159434,0
159435,0
159436,0
159437,0
159438,0
159439,0
159440,0
159441,0
159442,0
159443,0
159444,0
159445,0
159446,0
159447,0
159448,0
159449,0
159450,0
159451,0
159452,0
159453,0
159454,1
159455,0
159456,0
159457,0
159458,0
159459,0
159460,0
159461,0
159462,0
159463,0
159464,0
159465,0
159466,0
159467,0
159468,0
159469,0
159470,0
159471,0
159472,0
159473,0
159474,0
159475,0
159476,0
159477,0
159478,0
159479,0
159480,0
159481,0
159482,0
159483,0
159484,0
159485,0
159486,0
159487,0
159488,0
159489,0
159490,0
159491,0
159492,0
159493,0
159494,0
159495,0
159496,0
159497,0
159498,0
159499,0
159500,0
159501,0
159502,0
159503,0
159504,0
159505,0
159506,0
159507,0
159508,0
159509,0
159510,0
159511,0
159512,0
159513,0
159514,0
159515,0
159516,0
159517,0
159518,0
159519,0
159520,0
159521,0
159522,0
159523,0
159524,0
159525,0
159526,0
159527,0
159528,0
159529,0
159530,0
159531,0
159532,0
159533,0
159534,0
159535,0
159536,0
159537,0
159538,0
159539,0
159540,0
159541,0
159542,0
159543,0
159544,0
159545,0
159546,0
159547,0
159548,0
159549,0
159550,0
159551,0
159552,0
159553,0
159554,0
159555,0
159556,0
159557,0
159558,0
159559,0
159560,0
159561,0
159562,0
159563,0
159564,0
159565,0
159566,0
159567,0
159568,0
159569,0
159570,0
159571,0
159572,0
159573,0
159574,0
159575,0
159576,0
159577,0
159578,0
159579,0
159580,0
159581,0
159582,0
159583,0
159584,0
159585,0
159586,0
159587,0
159588,0
159589,0
159590,0
159591,0
159592,0
159593,0
159594,0
159595,0
159596,0
159597,0
159598,0
159599,0
159600,0
159601,0
159602,0
159603,0
159604,0
159605,0
159606,0
159607,0
159608,0
159609,0
159610,0
159611,0
159612,0
159613,0
159614,0
159615,0
159616,0
159617,0
159618,0
159619,0
159620,0
159621,0
159622,0
159623,0
159624,0
159625,0
159626,0
159627,0
159628,0
159629,0
159630,0
159631,0
159632,0
159633,0
159634,0
159635,0
159636,0
159637,0
159638,0
159639,0
159640,0
159641,0
159642,0
159643,0
159644,0
159645,0
159646,0
159647,0
159648,0
159649,0
159650,0
159651,0
159652,0
159653,0
159654,0
159655,0
159656,0
159657,0
159658,0
159659,0
159660,0
159661,0
159662,0
159663,0
159664,0
159665,0
159666,0
159667,0
159668,0
159669,0
159670,0
159671,0
159672,0
159673,0
159674,0
159675,0
159676,0
159677,0
159678,0
159679,0
159680,0
159681,0
159682,0
159683,0
159684,0
159685,0
159686,0
159687,0
159688,0
159689,0
159690,0
159691,0
159692,0
159693,0
159694,0
159695,0
159696,0
159697,0
159698,0
159699,0
159700,0
159701,0
159702,0
159703,0
159704,0
159705,0
159706,0
159707,0
159708,0
159709,0
159710,0
159711,0
159712,0
159713,0
159714,0
159715,0
159716,0
159717,0
159718,0
159719,0
159720,0
159721,0
159722,0
159723,0
159724,0
159725,0
159726,0
159727,0
159728,0
159729,0
159730,0
159731,0
159732,0
159733,0
159734,0
159735,0
159736,0
159737,0
159738,0
159739,0
159740,0
159741,0
159742,0
159743,0
159744,0
159745,0
159746,0
159747,0
159748,0
159749,0
159750,0
159751,0
159752,0
159753,0
159754,0
159755,0
159756,0
159757,0
159758,0
159759,0
159760,0
159761,0
159762,0
159763,0
159764,0
159765,0
159766,0
159767,0
159768,0
159769,0
159770,0
159771,0
159772,0
159773,0
159774,0
159775,0
159776,0
159777,0
159778,0
159779,0
159780,0
159781,0
159782,0
159783,0
159784,0
159785,0
159786,0
159787,0
159788,0
159789,0
159790,0
159791,0
159792,0
159793,0
159794,0
159795,0
159796,0
159797,0
159798,0
159799,0
159800,0
159801,0
159802,0
159803,0
159804,0
159805,0
159806,0
159807,0
159808,0
159809,0
159810,0
159811,0
159812,0
159813,0
159814,0
159815,0
159816,0
159817,0
159818,0
159819,0
159820,0
159821,0
159822,0
159823,0
159824,0
159825,0
159826,0
159827,0
159828,0
159829,0
159830,0
159831,0
159832,0
159833,0
159834,0
159835,0
159836,0
159837,0
159838,0
159839,0
159840,0
159841,0
159842,0
159843,0
159844,0
159845,0
159846,0
159847,0
159848,0
159849,0
159850,0
159851,0
159852,0
159853,0
159854,0
159855,0
159856,0
159857,0
159858,0
159859,0
159860,0
159861,0
159862,0
159863,0
159864,0
159865,0
159866,0
159867,0
159868,0
159869,0
159870,0
159871,0
159872,0
159873,0
159874,0
159875,0
159876,0
159877,0
159878,0
159879,23
159880,0
159881,0
159882,0
159883,0
159884,0
159885,0
159886,0
159887,0
159888,0
159889,0
159890,0
159891,0
159892,0
159893,0
159894,0
159895,0
159896,0
159897,0
159898,0
159899,0
159900,13
159901,5
159902,0
159903,0
159904,17
159905,0
159906,0
159907,0
159908,0
159909,0
159910,0
159911,0
159912,0
159913,0
159914,0
159915,8
159916,0
159917,0
159918,0
159919,21
159920,0
159921,25
159922,0
159923,0
159924,0
159925,17
159926,0
159927,0
159928,0
159929,0
159930,0
159931,0
159932,0
159933,21
159934,0
159935,0
159936,0
159937,21
159938,0
159939,0
159940,0
159941,0
159942,0
159943,0
159944,0
159945,20
159946,0
159947,0
159948,0
159949,0
159950,0
159951,0
159952,0
159953,0
159954,0
159955,0
159956,0
159957,0
159958,0
159959,0
159960,0
159961,0
159962,0
159963,0
159964,0
159965,0
159966,0
159967,0
159968,18
159969,0
159970,0
159971,0
159972,0
159973,0
159974,0
159975,0
159976,0
159977,0
159978,0
159979,0
159980,0
159981,0
159982,21
159983,0
159984,0
159985,0
159986,19
159987,21
159988,0
159989,17
159990,0
159991,0
159992,0
159993,0
159994,14
159995,0
159996,0
159997,0
159998,14
159999,0
160000,0
160001,0
160002,24
160003,0
160004,0
160005,21
160006,0
160007,0
160008,0
160009,0
160010,0
160011,0
160012,0
160013,0
160014,0
160015,0
160016,0
160017,0
160018,0
160019,0
160020,0
160021,0
160022,0
160023,0
160024,0
160025,0
160026,0
160027,0
160028,0
160029,25
160030,0
160031,0
160032,18
160033,0
160034,0
160035,18
160036,25
160037,0
160038,0
160039,0
160040,26
160041,0
160042,0
160043,0
160044,0
160045,0
160046,0
160047,0
160048,0
160049,0
160050,21
160051,0
160052,0
160053,0
160054,0
160055,0
160056,0
160057,0
160058,23
160059,0
160060,0
160061,0
160062,0
160063,0
160064,29
160065,0
160066,0
160067,0
160068,0
160069,0
160070,0
160071,0
160072,0
160073,0
160074,0
160075,0
160076,17
160077,0
160078,0
160079,0
160080,0
160081,0
160082,0
160083,22
160084,0
160085,0
160086,0
160087,0
160088,22
160089,0
160090,0
160091,0
160092,0
160093,0
160094,0
160095,0
160096,0
160097,0
160098,0
160099,0
160100,0
160101,0
160102,0
160103,0
160104,0
160105,0
160106,0
160107,0
160108,0
160109,0
160110,0
160111,0
160112,0
160113,0
160114,19
160115,0
160116,0
160117,0
160118,0
160119,0
160120,0
160121,0
160122,0
160123,0
160124,0
160125,0
160126,0
160127,26
160128,0
160129,14
160130,0
160131,0
160132,0
160133,19
160134,0
160135,0
160136,0
160137,10
160138,0
160139,0
160140,0
160141,0
160142,15
160143,0
160144,0
160145,0
160146,0
160147,0
160148,0
160149,0
160150,0
160151,0
160152,0
160153,0
160154,0
160155,0
160156,13
160157,0
160158,0
160159,0
160160,0
160161,0
160162,0
160163,0
160164,17
160165,0
160166,21
160167,0
160168,0
160169,0
160170,0
160171,0
160172,0
160173,0
160174,0
160175,19
160176,0
160177,0
160178,13
160179,0
160180,0
160181,20
160182,0
160183,0
160184,0
160185,0
160186,0
160187,15
160188,0
160189,0
160190,0
160191,0
160192,0
160193,0
160194,0
160195,0
160196,21
160197,0
160198,0
160199,0
160200,0
160201,0
160202,0
160203,0
160204,0
160205,0
160206,0
160207,0
160208,0
160209,0
160210,0
160211,0
160212,0
160213,0
160214,0
160215,0
160216,0
160217,0
160218,0
160219,0
160220,0
160221,0
160222,0
160223,0
160224,0
160225,0
160226,0
160227,0
160228,0
160229,0
160230,14
160231,0
160232,0
160233,0
160234,0
160235,24
160236,0
160237,0
160238,0
160239,0
160240,0
160241,0
160242,0
160243,26
160244,0
160245,0
160246,0
160247,0
160248,0
160249,0
160250,17
160251,0
160252,0
160253,0
160254,0
160255,0
160256,21
160257,0
160258,0
160259,0
160260,0
160261,0
160262,0
160263,0
160264,0
160265,0
160266,0
160267,0
160268,0
160269,0
160270,0
160271,0
160272,0
160273,0
160274,0
160275,31
160276,0
160277,25
160278,0
160279,17
160280,0
160281,9
160282,0
160283,0
160284,0
160285,0
160286,0
160287,20
160288,0
160289,0
160290,0
160291,0
160292,0
160293,0
160294,0
160295,0
160296,0
160297,0
160298,12
160299,0
160300,0
160301,0
160302,0
160303,0
160304,0
160305,0
160306,0
160307,0
160308,0
160309,0
160310,0
160311,25
160312,0
160313,21
160314,0
160315,0
160316,21
160317,0
160318,0
160319,0
160320,0
160321,18
160322,16
160323,0
160324,0
160325,0
160326,23
160327,0
160328,0
160329,0
160330,0
160331,0
160332,0
160333,0
160334,27
160335,0
160336,0
160337,0
160338,0
160339,0
160340,0
160341,0
160342,0
160343,0
160344,0
160345,20
160346,0
160347,0
160348,0
160349,12
160350,0
160351,0
160352,0
160353,0
160354,0
160355,0
160356,0
160357,15
160358,0
160359,0
160360,0
160361,0
160362,0
160363,0
160364,0
160365,26
160366,0
160367,0
160368,0
160369,0
160370,0
160371,16
160372,0
160373,0
160374,0
160375,0
160376,0
160377,0
160378,0
160379,0
160380,0
160381,16
160382,0
160383,0
160384,0
160385,0
160386,24
160387,0
160388,0
160389,0
160390,0
160391,0
160392,0
160393,0
160394,0
160395,0
160396,0
160397,0
160398,0
160399,0
160400,0
160401,0
160402,0
160403,0
160404,22
160405,0
160406,25
160407,0
160408,0
160409,0
160410,0
160411,0
160412,0
160413,0
160414,0
160415,0
160416,0
160417,0
160418,17
160419,0
160420,0
160421,0
160422,0
160423,0
160424,0
160425,0
160426,0
160427,0
160428,0
160429,0
160430,0
160431,17
160432,0
160433,13
160434,0
160435,0
160436,0
160437,0
160438,0
160439,0
160440,0
160441,0
160442,19
160443,0
160444,0
160445,0
160446,0
160447,0
160448,0
160449,0
160450,0
160451,0
160452,0
160453,0
160454,0
160455,0
160456,0
160457,0
160458,19
160459,0
160460,0
160461,0
160462,0
160463,0
160464,0
160465,0
160466,0
160467,0
160468,0
160469,0
160470,0
160471,0
160472,8
160473,0
160474,0
160475,0
160476,0
160477,0
160478,0
160479,0
160480,0
160481,0
160482,0
160483,6
160484,0
160485,0
160486,0
160487,0
160488,0
160489,0
160490,0
160491,11
160492,0
160493,0
160494,0
160495,0
160496,0
160497,0
160498,0
160499,0
160500,0
160501,0
160502,0
160503,0
160504,0
160505,0
160506,0
160507,0
160508,0
160509,0
160510,18
160511,0
160512,0
160513,0
160514,13
160515,13
160516,17
160517,0
160518,15
160519,0
160520,0
160521,10
160522,19
160523,0
160524,20
160525,0
160526,0
160527,0
160528,0
160529,0
160530,0
160531,0
160532,0
160533,0
160534,0
160535,0
160536,0
160537,0
160538,0
160539,15
160540,0
160541,16
160542,0
160543,0
160544,0
160545,0
160546,0
160547,0
160548,27
160549,0
160550,0
160551,0
160552,0
160553,0
160554,0
160555,9
160556,0
160557,0
160558,0
160559,0
160560,0
160561,0
160562,0
160563,0
160564,0
160565,0
160566,8
160567,0
160568,0
160569,0
160570,11
160571,0
160572,0
160573,0
160574,6
160575,0
160576,0
160577,0
160578,0
160579,0
160580,0
160581,0
160582,0
160583,0
160584,0
160585,0
160586,0
160587,0
160588,0
160589,0
160590,0
160591,0
160592,0
160593,0
160594,0
160595,0
160596,0
160597,8
160598,0
160599,0
160600,0
160601,0
160602,0
160603,0
160604,0
160605,0
160606,0
160607,0
160608,0
160609,0
160610,10
160611,16
160612,0
160613,0
160614,0
160615,0
160616,0
160617,0
160618,20
160619,0
160620,0
160621,13
160622,4
160623,0
160624,0
160625,0
160626,0
160627,0
160628,22
160629,0
160630,0
160631,0
160632,0
160633,0
160634,0
160635,0
160636,0
160637,0
160638,0
160639,0
160640,0
160641,0
160642,0
160643,0
160644,0
160645,0
160646,0
160647,0
160648,0
160649,0
160650,0
160651,0
160652,15
160653,0
160654,0
160655,0
160656,0
160657,0
160658,0
160659,0
160660,10
160661,0
160662,0
160663,0
160664,0
160665,0
160666,0
160667,0
160668,0
160669,0
160670,0
160671,0
160672,0
160673,16
160674,0
160675,0
160676,0
160677,0
160678,0
160679,0
160680,10
160681,0
160682,0
160683,0
160684,0
160685,0
160686,0
160687,0
160688,0
160689,0
160690,0
160691,0
160692,0
160693,0
160694,0
160695,0
160696,0
160697,7
160698,0
160699,0
160700,0
160701,0
160702,0
160703,0
160704,0
160705,12
160706,0
160707,0
160708,0
160709,0
160710,0
160711,0
160712,0
160713,0
160714,0
160715,12
160716,0
160717,13
160718,0
160719,0
160720,0
160721,0
160722,0
160723,0
160724,6
160725,0
160726,0
160727,0
160728,0
160729,0
160730,9
160731,0
160732,0
160733,0
160734,0
160735,0
160736,0
160737,0
160738,0
160739,0
160740,14
160741,0
160742,0
160743,0
160744,0
160745,0
160746,0
160747,0
160748,16
160749,0
160750,0
160751,0
160752,0
160753,0
160754,8
160755,0
160756,11
160757,0
160758,0
160759,0
160760,0
160761,7
160762,0
160763,0
160764,0
160765,16
160766,0
160767,0
160768,27
160769,0
160770,0
160771,0
160772,0
160773,0
160774,22
160775,0
160776,0
160777,0
160778,0
160779,0
160780,13
160781,0
160782,0
160783,0
160784,0
160785,0
160786,0
160787,0
160788,0
160789,0
160790,0
160791,0
160792,0
160793,0
160794,0
160795,0
160796,0
160797,0
160798,0
160799,0
160800,0
160801,0
160802,11
160803,0
160804,0
160805,0
160806,0
160807,8
160808,0
160809,0
160810,9
160811,0
160812,0
160813,0
160814,0
160815,0
160816,0
160817,0
160818,0
160819,0
160820,0
160821,0
160822,0
160823,0
160824,0
160825,0
160826,0
160827,0
160828,0
160829,0
160830,9
160831,0
160832,0
160833,0
160834,0
160835,0
160836,0
160837,0
160838,15
160839,0
160840,0
160841,0
160842,0
160843,0
160844,0
160845,10
160846,0
160847,0
160848,0
160849,15
160850,0
160851,0
160852,0
160853,0
160854,0
160855,0
160856,13
160857,0
160858,0
160859,0
160860,0
160861,13
160862,0
160863,0
160864,0
160865,0
160866,0
160867,0
160868,14
160869,0
160870,17
160871,0
160872,0
160873,0
160874,0
160875,0
160876,0
160877,0
160878,0
160879,0
160880,0
160881,0
160882,0
160883,0
160884,0
160885,0
160886,0
160887,15
160888,0
160889,0
160890,0
160891,0
160892,12
160893,0
160894,0
160895,0
160896,0
160897,0
160898,19
160899,0
160900,0
160901,0
160902,0
160903,9
160904,0
160905,0
160906,0
160907,0
160908,0
160909,0
160910,0
160911,0
160912,0
160913,0
160914,0
160915,0
160916,0
160917,0
160918,0
160919,0
160920,0
160921,0
160922,0
160923,0
160924,0
160925,0
160926,0
160927,0
160928,0
160929,0
160930,0
160931,0
160932,0
160933,0
160934,0
160935,0
160936,0
160937,0
160938,0
160939,12
160940,0
160941,0
160942,0
160943,0
160944,0
160945,0
160946,0
160947,0
160948,0
160949,0
160950,0
160951,0
160952,0
160953,0
160954,0
160955,0
160956,0
160957,0
160958,0
160959,0
160960,0
160961,18
160962,0
160963,18
160964,0
160965,0
160966,0
160967,0
160968,0
160969,0
160970,0
160971,0
160972,0
160973,0
160974,0
160975,0
160976,0
160977,0
160978,0
160979,10
160980,15
160981,0
160982,0
160983,0
160984,0
160985,0
160986,0
160987,0
160988,0
160989,0
160990,0
160991,0
160992,0
160993,0
160994,16
160995,0
160996,0
160997,13
160998,0
160999,0
161000,0
161001,0
161002,0
161003,0
161004,0
161005,0
161006,0
161007,0
161008,15
161009,14
161010,0
161011,0
161012,0
161013,19
161014,0
161015,0
161016,7
161017,4
161018,0
161019,0
161020,10
161021,0
161022,13
161023,0
161024,0
161025,0
161026,0
161027,0
161028,0
161029,13
161030,0
161031,0
161032,0
161033,0
161034,11
161035,11
161036,0
161037,0
161038,0
161039,0
161040,0
161041,0
161042,0
161043,13
161044,0
161045,0
161046,0
161047,0
161048,0
161049,0
161050,0
161051,8
161052,0
161053,0
161054,0
161055,0
161056,0
161057,0
161058,0
161059,0
161060,0
161061,0
161062,13
161063,0
161064,0
161065,0
161066,0
161067,0
161068,0
161069,0
161070,10
161071,0
161072,0
161073,0
161074,16
161075,7
161076,0
161077,0
161078,19
161079,0
161080,0
161081,0
161082,0
161083,0
161084,0
161085,0
161086,0
161087,0
161088,0
161089,0
161090,0
161091,0
161092,0
161093,0
161094,0
161095,0
161096,0
161097,0
161098,0
161099,0
161100,0
161101,0
161102,0
161103,0
161104,0
161105,0
161106,0
161107,0
161108,0
161109,0
161110,0
161111,0
161112,0
161113,0
161114,0
161115,0
161116,0
161117,0
161118,17
161119,0
161120,0
161121,0
161122,24
161123,0
161124,0
161125,46
161126,36
161127,0
161128,0
161129,0
161130,0
161131,0
161132,0
161133,29
161134,0
161135,27
161136,20
161137,0
161138,0
161139,0
161140,0
161141,0
161142,26
161143,0
161144,0
161145,0
161146,53
161147,0
161148,0
161149,39
161150,42
161151,0
161152,0
161153,53
161154,0
161155,0
161156,0
161157,0
161158,0
161159,0
161160,0
161161,27
161162,0
161163,0
161164,0
161165,0
161166,0
161167,23
161168,0
161169,0
161170,0
161171,0
161172,45
161173,0
161174,0
161175,37
161176,0
161177,0
161178,25
161179,26
161180,0
161181,26
161182,43
161183,0
161184,0
161185,0
161186,0
161187,0
161188,0
161189,0
161190,24
161191,0
161192,0
161193,0
161194,0
161195,0
161196,0
161197,0
161198,0
161199,0
161200,31
161201,10
161202,0
161203,0
161204,0
161205,0
161206,23
161207,22
161208,20
161209,0
161210,24
161211,17
161212,0
161213,34
161214,10
161215,0
161216,0
161217,0
161218,32
161219,0
161220,0
161221,0
161222,0
161223,0
161224,0
161225,0
161226,0
161227,0
161228,17
161229,38
161230,0
161231,24
161232,0
161233,0
161234,32
161235,0
161236,0
161237,61
161238,0
161239,0
161240,0
161241,0
161242,36
161243,0
161244,0
161245,0
161246,19
161247,0
161248,0
161249,35
161250,23
161251,0
161252,0
161253,39
161254,0
161255,0
161256,22
161257,0
161258,0
161259,26
161260,0
161261,0
161262,0
161263,28
161264,36
161265,0
161266,50
161267,0
161268,0
161269,0
161270,0
161271,31
161272,31
161273,36
161274,0
161275,23
161276,0
161277,0
161278,26
161279,18
161280,0
161281,0
161282,0
161283,0
161284,0
161285,0
161286,46
161287,30
161288,32
161289,0
161290,0
161291,0
161292,34
161293,27
161294,0
161295,0
161296,53
161297,16
161298,0
161299,0
161300,0
161301,0
161302,0
161303,0
161304,0
161305,18
161306,0
161307,0
161308,32
161309,0
161310,0
161311,0
161312,0
161313,0
161314,0
161315,0
161316,0
161317,0
161318,30
161319,0
161320,0
161321,0
161322,0
161323,0
161324,0
161325,0
161326,0
161327,0
161328,0
161329,0
161330,0
161331,0
161332,0
161333,35
161334,0
161335,0
161336,0
161337,0
161338,0
161339,0
161340,0
161341,22
161342,0
161343,40
161344,19
161345,0
161346,0
161347,0
161348,33
161349,0
161350,24
161351,0
161352,0
161353,38
161354,0
161355,35
161356,26
161357,0
161358,0
161359,30
161360,32
161361,0
161362,0
161363,0
161364,0
161365,0
161366,0
161367,0
161368,0
161369,0
161370,46
161371,36
161372,0
161373,0
161374,0
161375,0
161376,0
161377,0
161378,31
161379,24
161380,13
161381,18
161382,0
161383,0
161384,0
161385,0
161386,0
161387,0
161388,19
161389,0
161390,0
161391,0
161392,47
161393,0
161394,0
161395,0
161396,41
161397,0
161398,0
161399,0
161400,0
161401,0
161402,0
161403,0
161404,0
161405,16
161406,0
161407,0
161408,50
161409,0
161410,30
161411,0
161412,0
161413,49
161414,0
161415,36
161416,0
161417,0
161418,25
161419,0
161420,10
161421,0
161422,0
161423,0
161424,25
161425,0
161426,0
161427,0
161428,30
161429,36
161430,0
161431,33
161432,25
161433,0
161434,0
161435,36
161436,0
161437,51
161438,0
161439,0
161440,0
161441,0
161442,0
161443,23
161444,0
161445,0
161446,40
161447,0
161448,0
161449,19
161450,0
161451,0
161452,0
161453,20
161454,10
161455,0
161456,34
161457,31
161458,31
161459,0
161460,0
161461,16
161462,0
161463,0
161464,0
161465,36
161466,0
161467,27
161468,0
161469,0
161470,33
161471,0
161472,0
161473,0
161474,0
161475,0
161476,0
161477,0
161478,25
161479,0
161480,0
161481,60
161482,0
161483,0
161484,0
161485,0
161486,0
161487,28
161488,0
161489,52
161490,0
161491,0
161492,0
161493,0
161494,38
161495,0
161496,0
161497,0
161498,0
161499,43
161500,0
161501,19
161502,0
161503,0
161504,0
161505,0
161506,12
161507,0
161508,0
161509,32
161510,0
161511,0
161512,0
161513,0
161514,0
161515,0
161516,0
161517,0
161518,0
161519,0
161520,32
161521,0
161522,0
161523,0
161524,0
161525,52
161526,30
161527,0
161528,0
161529,0
161530,0
161531,0
161532,0
161533,0
161534,32
161535,26
161536,0
161537,40
161538,0
161539,0
161540,0
161541,23
161542,0
161543,0
161544,0
161545,16
161546,0
161547,0
161548,0
161549,36
161550,0
161551,0
161552,0
161553,0
161554,0
161555,0
161556,0
161557,0
161558,0
161559,0
161560,32
161561,0
161562,0
161563,21
161564,0
161565,0
161566,12
161567,0
161568,45
161569,20
161570,0
161571,0
161572,0
161573,0
161574,21
161575,0
161576,0
161577,0
161578,0
161579,25
161580,0
161581,22
161582,22
161583,0
161584,0
161585,12
161586,0
161587,0
161588,42
161589,42
161590,33
161591,0
161592,0
161593,0
161594,0
161595,0
161596,0
161597,0
161598,26
161599,0
161600,0
161601,0
161602,0
161603,20
161604,0
161605,0
161606,10
161607,0
161608,57
161609,21
161610,31
161611,0
161612,19
161613,26
161614,0
161615,41
161616,0
161617,0
161618,0
161619,0
161620,25
161621,0
161622,0
161623,0
161624,25
161625,0
161626,24
161627,0
161628,0
161629,0
161630,0
161631,0
161632,0
161633,0
161634,34
161635,0
161636,0
161637,46
161638,0
161639,0
161640,0
161641,0
161642,0
161643,0
161644,0
161645,25
161646,0
161647,0
161648,0
161649,21
161650,0
161651,0
161652,34
161653,0
161654,0
161655,0
161656,0
161657,0
161658,0
161659,51
161660,42
161661,0
161662,0
161663,27
161664,0
161665,29
161666,35
161667,43
161668,0
161669,0
161670,0
161671,0
161672,31
161673,30
161674,0
161675,30
161676,46
161677,0
161678,0
161679,31
161680,0
161681,0
161682,0
161683,0
161684,0
161685,0
161686,34
161687,47
161688,25
161689,0
161690,0
161691,0
161692,0
161693,20
161694,0
161695,27
161696,0
161697,25
161698,0
161699,0
161700,0
161701,0
161702,0
161703,0
161704,0
161705,0
161706,36
161707,36
161708,0
161709,57
161710,0
161711,0
161712,0
161713,0
161714,0
161715,0
161716,33
161717,32
161718,0
161719,0
161720,36
161721,0
161722,0
161723,26
161724,0
161725,34
161726,0
161727,0
161728,0
161729,0
161730,0
161731,36
161732,34
161733,0
161734,0
161735,0
161736,0
161737,27
161738,0
161739,0
161740,0
161741,15
161742,0
161743,0
161744,0
161745,0
161746,0
161747,0
161748,0
161749,0
161750,0
161751,0
161752,47
161753,0
161754,47
161755,13
161756,0
161757,0
161758,0
161759,10
161760,0
161761,0
161762,0
161763,36
161764,0
161765,32
161766,0
161767,0
161768,0
161769,0
161770,38
161771,0
161772,0
161773,0
161774,0
161775,10
161776,0
161777,39
161778,0
161779,23
161780,13
161781,0
161782,0
161783,0
161784,0
161785,0
161786,0
161787,35
161788,0
161789,0
161790,0
161791,30
161792,0
161793,0
161794,13
161795,62
161796,0
161797,0
161798,16
161799,0
161800,24
161801,0
161802,0
161803,0
161804,0
161805,0
161806,0
161807,29
161808,0
161809,62
161810,0
161811,0
161812,0
161813,0
161814,0
161815,0
161816,0
161817,0
161818,0
161819,0
161820,31
161821,0
161822,0
161823,0
161824,0
161825,0
161826,0
161827,0
161828,0
161829,0
161830,14
161831,0
161832,0
161833,0
161834,0
161835,26
161836,0
161837,22
161838,0
161839,0
161840,28
161841,0
161842,0
161843,45
161844,0
161845,0
161846,30
161847,36
161848,0
161849,0
161850,0
161851,37
161852,0
161853,22
161854,42
161855,0
161856,0
161857,22
161858,50
161859,0
161860,37
161861,41
161862,0
161863,0
161864,0
161865,0
161866,0
161867,0
161868,0
161869,0
161870,0
161871,0
161872,0
161873,35
161874,55
161875,25
161876,0
161877,0
161878,0
161879,0
161880,0
161881,0
161882,0
161883,24
161884,0
161885,0
161886,0
161887,0
161888,0
161889,0
161890,0
161891,0
161892,0
161893,0
161894,0
161895,0
161896,0
161897,0
161898,40
161899,0
161900,0
161901,0
161902,0
161903,0
161904,0
161905,0
161906,37
161907,0
161908,0
161909,0
161910,0
161911,0
161912,41
161913,19
161914,0
161915,0
161916,0
161917,0
161918,0
161919,0
161920,0
161921,0
161922,0
161923,0
161924,34
161925,0
161926,0
161927,0
161928,0
161929,37
161930,0
161931,0
161932,0
161933,0
161934,0
161935,44
161936,0
161937,0
161938,0
161939,0
161940,0
161941,0
161942,19
161943,0
161944,12
161945,0
161946,0
161947,0
161948,0
161949,0
161950,34
161951,0
161952,0
161953,20
161954,0
161955,39
161956,41
161957,0
161958,28
161959,0
161960,29
161961,0
161962,0
161963,0
161964,31
161965,23
161966,43
161967,0
161968,0
161969,0
161970,0
161971,41
161972,0
161973,33
161974,44
161975,32
161976,0
161977,0
161978,0
161979,35
161980,0
161981,0
161982,0
161983,26
161984,0
161985,0
161986,0
161987,42
161988,0
161989,0
161990,36
161991,0
161992,0
161993,15
161994,0
161995,0
161996,50
161997,0
161998,0
161999,0
162000,0
162001,0
162002,0
162003,0
162004,0
162005,0
162006,0
162007,0
162008,0
162009,14
162010,0
162011,0
162012,0
162013,3
162014,0
162015,0
162016,0
162017,0
162018,0
162019,0
162020,0
162021,9
162022,0
162023,0
162024,0
162025,0
162026,0
162027,0
162028,6
162029,0
162030,0
162031,0
162032,0
162033,0
162034,13
162035,0
162036,0
162037,12
162038,15
162039,0
162040,0
162041,0
162042,0
162043,0
162044,0
162045,0
162046,0
162047,13
162048,0
162049,11
162050,0
162051,15
162052,8
162053,11
162054,0
162055,0
162056,0
162057,0
162058,0
162059,9
162060,0
162061,0
162062,0
162063,0
162064,0
162065,0
162066,0
162067,0
162068,0
162069,0
162070,4
162071,0
162072,0
162073,0
162074,0
162075,0
162076,0
162077,0
162078,0
162079,10
162080,6
162081,8
162082,0
162083,0
162084,0
162085,0
162086,10
162087,0
162088,9
162089,0
162090,0
162091,14
162092,0
162093,0
162094,0
162095,0
162096,0
162097,0
162098,0
162099,0
162100,0
162101,8
162102,0
162103,0
162104,0
162105,0
162106,0
162107,0
162108,0
162109,0
162110,12
162111,0
162112,0
162113,0
162114,0
162115,5
162116,0
162117,4
162118,0
162119,0
162120,0
162121,0
162122,0
162123,0
162124,10
162125,7
162126,17
162127,0
162128,0
162129,0
162130,0
162131,0
162132,12
162133,0
162134,0
162135,7
162136,0
162137,11
162138,9
162139,0
162140,0
162141,0
162142,0
162143,0
162144,0
162145,7
162146,0
162147,0
162148,0
162149,0
162150,0
162151,0
162152,0
162153,0
162154,0
162155,0
162156,5
162157,0
162158,0
162159,0
162160,0
162161,6
162162,0
162163,0
162164,0
162165,0
162166,0
162167,0
162168,0
162169,0
162170,9
162171,0
162172,0
162173,0
162174,0
162175,6
162176,0
162177,0
162178,0
162179,0
162180,0
162181,0
162182,0
162183,0
162184,0
162185,11
162186,0
162187,0
162188,0
162189,0
162190,0
162191,0
162192,8
162193,0
162194,0
162195,0
162196,0
162197,0
162198,0
162199,0
162200,8
162201,6
162202,0
162203,0
162204,8
162205,0
162206,9
162207,0
162208,0
162209,0
162210,3
162211,0
162212,0
162213,0
162214,0
162215,0
162216,0
162217,0
162218,0
162219,0
162220,0
162221,0
162222,0
162223,5
162224,0
162225,0
162226,0
162227,0
162228,0
162229,6
162230,0
162231,0
162232,0
162233,0
162234,0
162235,0
162236,14
162237,0
162238,8
162239,0
162240,0
162241,0
162242,0
162243,0
162244,0
162245,0
162246,0
162247,0
162248,0
162249,10
162250,9
162251,0
162252,0
162253,7
162254,0
162255,9
162256,0
162257,11
162258,0
162259,0
162260,0
162261,8
162262,0
162263,8
162264,0
162265,0
162266,17
162267,0
162268,0
162269,0
162270,0
162271,0
162272,0
162273,0
162274,0
162275,0
162276,0
162277,0
162278,0
162279,0
162280,0
162281,0
162282,0
162283,6
162284,0
162285,0
162286,0
162287,0
162288,0
162289,0
162290,0
162291,10
162292,0
162293,0
162294,0
162295,0
162296,0
162297,0
162298,0
162299,0
162300,0
162301,0
162302,0
162303,0
162304,0
162305,0
162306,0
162307,0
162308,0
162309,0
162310,0
162311,0
162312,12
162313,0
162314,0
162315,0
162316,0
162317,0
162318,10
162319,0
162320,0
162321,0
162322,0
162323,0
162324,8
162325,0
162326,0
162327,0
162328,0
162329,0
162330,0
162331,0
162332,0
162333,0
162334,0
162335,0
162336,0
162337,8
162338,11
162339,11
162340,14
162341,0
162342,0
162343,0
162344,0
162345,0
162346,0
162347,0
162348,0
162349,0
162350,0
162351,0
162352,0
162353,0
162354,0
162355,11
162356,0
162357,0
162358,8
162359,13
162360,0
162361,0
162362,0
162363,0
162364,9
162365,0
162366,0
162367,0
162368,0
162369,0
162370,0
162371,13
162372,0
162373,0
162374,0
162375,14
162376,13
162377,0
162378,7
162379,0
162380,0
162381,0
162382,4
162383,0
162384,11
162385,0
162386,0
162387,0
162388,0
162389,0
162390,0
162391,0
162392,0
162393,0
162394,0
162395,10
162396,0
162397,16
162398,0
162399,0
162400,6
162401,0
162402,0
162403,0
162404,0
162405,0
162406,0
162407,0
162408,0
162409,0
162410,9
162411,0
162412,10
162413,0
162414,0
162415,0
162416,0
162417,4
162418,0
162419,0
162420,14
162421,0
162422,0
162423,0
162424,0
162425,0
162426,0
162427,4
162428,0
162429,0
162430,0
162431,0
162432,0
162433,0
162434,4
162435,0
162436,0
162437,11
162438,13
162439,6
162440,0
162441,0
162442,0
162443,0
162444,6
162445,10
162446,11
162447,0
162448,13
162449,0
162450,0
162451,5
162452,0
162453,0
162454,0
162455,7
162456,0
162457,0
162458,0
162459,8
162460,0
162461,0
162462,0
162463,13
162464,0
162465,0
162466,0
162467,0
162468,0
162469,0
162470,0
162471,13
162472,0
162473,0
162474,0
162475,6
162476,0
162477,0
162478,0
162479,0
162480,8
162481,0
162482,0
162483,0
162484,0
162485,0
162486,0
162487,13
162488,11
162489,0
162490,0
162491,0
162492,0
162493,11
162494,0
162495,0
162496,0
162497,0
162498,0
162499,0
162500,6
162501,0
162502,0
162503,10
162504,7
162505,0
162506,0
162507,0
162508,0
162509,0
162510,0
162511,0
162512,0
162513,13
162514,0
162515,0
162516,0
162517,0
162518,0
162519,12
162520,0
162521,12
162522,0
162523,0
162524,0
162525,0
162526,0
162527,12
162528,0
162529,0
162530,0
162531,0
162532,0
162533,0
162534,0
162535,0
162536,10
162537,0
162538,0
162539,0
162540,0
162541,0
162542,0
162543,0
162544,0
162545,0
162546,0
162547,0
162548,0
162549,0
162550,0
162551,0
162552,0
162553,0
162554,11
162555,0
162556,11
162557,0
162558,9
162559,0
162560,8
162561,0
162562,0
162563,0
162564,0
162565,0
162566,8
162567,0
162568,14
162569,0
162570,0
162571,6
162572,5
162573,16
162574,0
162575,0
162576,0
162577,0
162578,0
162579,0
162580,0
162581,0
162582,0
162583,0
162584,0
162585,0
162586,0
162587,0
162588,15
162589,0
162590,0
162591,0
162592,0
162593,0
162594,0
162595,0
162596,0
162597,0
162598,0
162599,8
162600,0
162601,0
162602,0
162603,0
162604,0
162605,0
162606,0
162607,0
162608,13
162609,0
162610,5
162611,0
162612,10
162613,0
162614,0
162615,0
162616,0
162617,0
162618,0
162619,0
162620,0
162621,0
162622,0
162623,0
162624,0
162625,0
162626,0
162627,0
162628,0
162629,0
162630,0
162631,11
162632,0
162633,0
162634,0
162635,0
162636,0
162637,0
162638,0
162639,10
162640,5
162641,0
162642,0
162643,0
162644,0
162645,0
162646,0
162647,0
162648,15
162649,0
162650,0
162651,0
162652,0
162653,0
162654,0
162655,13
162656,11
162657,0
162658,7
162659,0
162660,0
162661,0
162662,0
162663,0
162664,0
162665,0
162666,0
162667,0
162668,0
162669,0
162670,0
162671,0
162672,0
162673,0
162674,0
162675,0
162676,2
162677,5
162678,0
162679,0
162680,0
162681,0
162682,0
162683,8
162684,0
162685,4
162686,0
162687,6
162688,0
162689,0
162690,0
162691,0
162692,10
162693,0
162694,0
162695,0
162696,0
162697,0
162698,0
162699,0
162700,0
162701,0
162702,0
162703,0
162704,0
162705,0
162706,0
162707,10
162708,0
162709,0
162710,0
162711,0
162712,0
162713,0
162714,10
162715,13
162716,0
162717,0
162718,0
162719,0
162720,11
162721,0
162722,10
162723,0
162724,0
162725,14
162726,0
162727,0
162728,0
162729,0
162730,17
162731,0
162732,0
162733,0
162734,0
162735,0
162736,0
162737,12
162738,0
162739,0
162740,11
162741,0
162742,0
162743,7
162744,0
162745,0
162746,0
162747,0
162748,0
162749,0
162750,0
162751,0
162752,0
162753,3
162754,10
162755,7
162756,0
162757,8
162758,8
162759,0
162760,9
162761,0
162762,0
162763,0
162764,0
162765,0
162766,0
162767,8
162768,0
162769,11
162770,0
162771,0
162772,0
162773,0
162774,11
162775,0
162776,0
162777,0
162778,0
162779,0
162780,0
162781,9
162782,0
162783,0
162784,12
162785,0
162786,0
162787,0
162788,6
162789,0
162790,0
162791,0
162792,0
162793,0
162794,0
162795,0
162796,0
162797,0
162798,0
162799,0
162800,0
162801,0
162802,0
162803,0
162804,0
162805,0
162806,0
162807,0
162808,0
162809,0
162810,0
162811,0
162812,0
162813,0
162814,0
162815,0
162816,0
162817,0
162818,0
162819,0
162820,0
162821,0
162822,0
162823,0
162824,0
162825,0
162826,30
162827,22
162828,0
162829,0
162830,0
162831,0
162832,0
162833,0
162834,0
162835,0
162836,36
162837,0
162838,0
162839,0
162840,0
162841,0
162842,0
162843,43
162844,0
162845,0
162846,0
162847,0
162848,0
162849,0
162850,0
162851,0
162852,0
162853,0
162854,0
162855,51
162856,51
162857,0
162858,0
162859,0
162860,0
162861,0
162862,0
162863,0
162864,0
162865,0
162866,0
162867,0
162868,0
162869,0
162870,0
162871,0
162872,0
162873,0
162874,0
162875,0
162876,0
162877,45
162878,0
162879,0
162880,0
162881,0
162882,0
162883,0
162884,0
162885,0
162886,0
162887,0
162888,0
162889,0
162890,39
162891,0
162892,0
162893,0
162894,0
162895,0
162896,0
162897,0
162898,0
162899,0
162900,0
162901,0
162902,0
162903,0
162904,0
162905,0
162906,0
162907,0
162908,0
162909,0
162910,0
162911,0
162912,0
162913,0
162914,0
162915,0
162916,0
162917,0
162918,0
162919,0
162920,0
162921,0
162922,0
162923,38
162924,0
162925,0
162926,0
162927,0
162928,0
162929,0
162930,0
162931,0
162932,0
162933,0
162934,0
162935,0
162936,0
162937,0
162938,0
162939,0
162940,0
162941,0
162942,0
162943,0
162944,0
162945,0
162946,0
162947,0
162948,0
162949,0
162950,0
162951,0
162952,0
162953,0
162954,0
162955,0
162956,0
162957,0
162958,0
162959,0
162960,0
162961,29
162962,0
162963,0
162964,0
162965,0
162966,0
162967,0
162968,0
162969,0
162970,0
162971,0
162972,0
162973,0
162974,50
162975,0
162976,0
162977,0
162978,0
162979,0
162980,0
162981,0
162982,0
162983,0
162984,0
162985,0
162986,0
162987,0
162988,0
162989,0
162990,0
162991,0
162992,0
162993,0
162994,0
162995,0
162996,0
162997,0
162998,0
162999,0
163000,0
163001,0
163002,0
163003,0
163004,0
163005,0
163006,0
163007,0
163008,0
163009,0
163010,0
163011,0
163012,0
163013,0
163014,33
163015,0
163016,0
163017,0
163018,0
163019,0
163020,0
163021,0
163022,0
163023,34
163024,0
163025,0
163026,0
163027,0
163028,0
163029,0
163030,0
163031,0
163032,0
163033,0
163034,0
163035,0
163036,0
163037,0
163038,0
163039,0
163040,0
163041,0
163042,0
163043,0
163044,0
163045,0
163046,0
163047,0
163048,0
163049,36
163050,0
163051,45
163052,0
163053,0
163054,0
163055,0
163056,0
163057,0
163058,0
163059,0
163060,0
163061,0
163062,0
163063,0
163064,0
163065,0
163066,0
163067,0
163068,0
163069,0
163070,0
163071,0
163072,0
163073,0
163074,0
163075,0
163076,0
163077,0
163078,0
163079,0
163080,0
163081,0
163082,0
163083,0
163084,0
163085,0
163086,0
163087,0
163088,0
163089,0
163090,0
163091,0
163092,32
163093,0
163094,0
163095,0
163096,0
163097,0
163098,0
163099,0
163100,0
163101,0
163102,0
163103,0
163104,0
163105,0
163106,0
163107,0
163108,0
163109,0
163110,0
163111,0
163112,0
163113,0
163114,0
163115,0
163116,0
163117,0
163118,0
163119,0
163120,0
163121,42
163122,0
163123,0
163124,0
163125,0
163126,0
163127,0
163128,0
163129,36
163130,0
163131,0
163132,0
163133,30
163134,0
163135,0
163136,0
163137,0
163138,0
163139,0
163140,0
163141,0
163142,0
163143,0
163144,0
163145,0
163146,0
163147,0
163148,0
163149,0
163150,0
163151,0
163152,0
163153,0
163154,0
163155,0
163156,0
163157,0
163158,0
163159,0
163160,0
163161,0
163162,0
163163,0
163164,0
163165,0
163166,0
163167,0
163168,0
163169,0
163170,0
163171,0
163172,0
163173,0
163174,0
163175,0
163176,0
163177,0
163178,0
163179,0
163180,0
163181,0
163182,0
163183,0
163184,0
163185,0
163186,0
163187,0
163188,0
163189,42
163190,0
163191,0
163192,0
163193,0
163194,0
163195,0
163196,0
163197,0
163198,0
163199,0
163200,0
163201,0
163202,0
163203,0
163204,22
163205,0
163206,0
163207,0
163208,0
163209,0
163210,0
163211,0
163212,0
163213,0
163214,0
163215,0
163216,0
163217,0
163218,0
163219,0
163220,0
163221,0
163222,0
163223,0
163224,0
163225,0
163226,0
163227,0
163228,0
163229,0
163230,0
163231,0
163232,0
163233,0
163234,0
163235,0
163236,0
163237,0
163238,0
163239,0
163240,0
163241,0
163242,0
163243,0
163244,0
163245,0
163246,0
163247,0
163248,0
163249,0
163250,0
163251,0
163252,0
163253,0
163254,0
163255,0
163256,0
163257,0
163258,0
163259,0
163260,0
163261,0
163262,0
163263,0
163264,0
163265,0
163266,0
163267,0
163268,0
163269,0
163270,0
163271,0
163272,0
163273,0
163274,0
163275,0
163276,0
163277,0
163278,0
163279,0
163280,0
163281,0
163282,0
163283,0
163284,0
163285,0
163286,0
163287,0
163288,0
163289,0
163290,0
163291,0
163292,0
163293,0
163294,0
163295,0
163296,0
163297,0
163298,0
163299,0
163300,0
163301,0
163302,0
163303,0
163304,0
163305,0
163306,37
163307,38
163308,0
163309,0
163310,0
163311,0
163312,37
163313,0
163314,0
163315,0
163316,0
163317,0
163318,0
163319,0
163320,0
163321,32
163322,0
163323,0
163324,0
163325,0
163326,0
163327,0
163328,0
163329,0
163330,0
163331,0
163332,0
163333,0
163334,0
163335,0
163336,0
163337,0
163338,34
163339,0
163340,0
163341,0
163342,0
163343,0
163344,0
163345,0
163346,0
163347,0
163348,0
163349,0
163350,0
163351,0
163352,0
163353,0
163354,0
163355,0
163356,36
163357,0
163358,0
163359,0
163360,0
163361,0
163362,0
163363,0
163364,0
163365,0
163366,0
163367,0
163368,0
163369,0
163370,0
163371,37
163372,0
163373,0
163374,0
163375,0
163376,0
163377,0
163378,0
163379,0
163380,0
163381,0
163382,0
163383,0
163384,0
163385,0
163386,0
163387,0
163388,0
163389,0
163390,0
163391,0
163392,0
163393,0
163394,0
163395,0
163396,0
163397,0
163398,0
163399,0
163400,38
163401,0
163402,45
163403,0
163404,0
163405,0
163406,0
163407,0
163408,0
163409,0
163410,0
163411,0
163412,0
163413,0
163414,0
163415,0
163416,0
163417,0
163418,0
163419,0
163420,0
163421,0
163422,0
163423,0
163424,0
163425,0
163426,0
163427,0
163428,0
163429,0
163430,0
163431,0
163432,0
163433,0
163434,0
163435,0
163436,0
163437,0
163438,0
163439,0
163440,0
163441,0
163442,0
163443,0
163444,0
163445,0
163446,0
163447,0
163448,0
163449,43
163450,0
163451,38
163452,0
163453,0
163454,0
163455,41
163456,0
163457,0
163458,0
163459,0
163460,0
163461,0
163462,30
163463,0
163464,0
163465,0
163466,0
163467,0
163468,0
163469,0
163470,0
163471,52
163472,0
163473,0
163474,0
163475,0
163476,0
163477,0
163478,0
163479,55
163480,0
163481,0
163482,0
163483,0
163484,0
163485,0
163486,0
163487,0
163488,0
163489,0
163490,0
163491,0
163492,0
163493,48
163494,0
163495,25
163496,24
163497,17
163498,0
163499,0
163500,0
163501,0
163502,0
163503,0
163504,29
163505,0
163506,13
163507,0
163508,0
163509,0
163510,0
163511,0
163512,0
163513,0
163514,0
163515,0
163516,0
163517,0
163518,25
163519,22
163520,0
163521,0
163522,21
163523,0
163524,28
163525,0
163526,27
163527,24
163528,0
163529,17
163530,17
163531,0
163532,0
163533,17
163534,0
163535,0
163536,0
163537,0
163538,0
163539,0
163540,28
163541,0
163542,0
163543,0
163544,0
163545,20
163546,0
163547,0
163548,20
163549,14
163550,0
163551,0
163552,0
163553,0
163554,0
163555,0
163556,0
163557,16
163558,0
163559,0
163560,26
163561,0
163562,0
163563,0
163564,0
163565,0
163566,0
163567,0
163568,10
163569,0
163570,0
163571,20
163572,22
163573,0
163574,0
163575,0
163576,0
163577,0
163578,0
163579,0
163580,0
163581,0
163582,0
163583,0
163584,0
163585,21
163586,0
163587,20
163588,0
163589,0
163590,0
163591,0
163592,0
163593,34
163594,0
163595,0
163596,19
163597,0
163598,0
163599,0
163600,0
163601,0
163602,0
163603,0
163604,0
163605,0
163606,0
163607,17
163608,0
163609,0
163610,0
163611,0
163612,0
163613,12
163614,21
163615,0
163616,0
163617,0
163618,0
163619,23
163620,0
163621,0
163622,0
163623,26
163624,0
163625,0
163626,0
163627,25
163628,17
163629,17
163630,14
163631,22
163632,0
163633,0
163634,0
163635,0
163636,23
163637,16
163638,0
163639,0
163640,17
163641,0
163642,0
163643,0
163644,0
163645,0
163646,21
163647,0
163648,0
163649,0
163650,0
163651,0
163652,14
163653,30
163654,0
163655,0
163656,19
163657,0
163658,0
163659,0
163660,0
163661,0
163662,35
163663,0
163664,0
163665,0
163666,0
163667,0
163668,13
163669,0
163670,23
163671,0
163672,0
163673,0
163674,0
163675,20
163676,0
163677,0
163678,0
163679,18
163680,30
163681,0
163682,26
163683,17
163684,16
163685,0
163686,0
163687,19
163688,0
163689,0
163690,23
163691,0
163692,0
163693,0
163694,0
163695,0
163696,22
163697,0
163698,0
163699,0
163700,24
163701,27
163702,0
163703,0
163704,20
163705,20
163706,0
163707,0
163708,0
163709,0
163710,0
163711,0
163712,0
163713,0
163714,0
163715,20
163716,17
163717,31
163718,21
163719,26
163720,0
163721,0
163722,0
163723,23
163724,0
163725,0
163726,30
163727,0
163728,0
163729,0
163730,0
163731,0
163732,0
163733,0
163734,0
163735,0
163736,0
163737,0
163738,0
163739,36
163740,0
163741,0
163742,0
163743,27
163744,0
163745,16
163746,0
163747,32
163748,0
163749,0
163750,0
163751,0
163752,0
163753,15
163754,0
163755,0
163756,22
163757,0
163758,0
163759,0
163760,18
163761,0
163762,0
163763,26
163764,17
163765,0
163766,0
163767,25
163768,0
163769,0
163770,22
163771,0
163772,0
163773,0
163774,25
163775,0
163776,0
163777,0
163778,0
163779,23
163780,27
163781,0
163782,20
163783,0
163784,0
163785,0
163786,0
163787,0
163788,17
163789,13
163790,0
163791,0
163792,0
163793,0
163794,0
163795,0
163796,0
163797,0
163798,0
163799,0
163800,0
163801,0
163802,15
163803,0
163804,0
163805,0
163806,25
163807,0
163808,0
163809,23
163810,0
163811,0
163812,0
163813,0
163814,0
163815,0
163816,0
163817,0
163818,18
163819,34
163820,0
163821,0
163822,0
163823,0
163824,31
163825,0
163826,0
163827,18
163828,0
163829,21
163830,21
163831,14
163832,0
163833,0
163834,0
163835,0
163836,31
163837,0
163838,16
163839,0
163840,0
163841,22
163842,17
163843,23
163844,0
163845,0
163846,0
163847,19
163848,0
163849,22
163850,0
163851,0
163852,0
163853,17
163854,22
163855,0
163856,0
163857,0
163858,25
163859,0
163860,0
163861,0
163862,0
163863,37
163864,25
163865,0
163866,0
163867,0
163868,0
163869,30
163870,20
163871,20
163872,0
163873,0
163874,0
163875,0
163876,0
163877,0
163878,14
163879,19
163880,0
163881,10
163882,0
163883,25
163884,0
163885,0
163886,23
163887,0
163888,0
163889,0
163890,21
163891,0
163892,0
163893,0
163894,0
163895,0
163896,0
163897,24
163898,0
163899,0
163900,0
163901,19
163902,0
163903,38
163904,0
163905,30
163906,21
163907,0
163908,28
163909,33
163910,0
163911,24
163912,0
163913,0
163914,15
163915,31
163916,0
163917,0
163918,26
163919,29
163920,0
163921,0
163922,0
163923,21
163924,0
163925,0
163926,0
163927,17
163928,0
163929,0
163930,24
163931,0
163932,0
163933,0
163934,0
163935,0
163936,0
163937,0
163938,0
163939,24
163940,26
163941,20
163942,26
163943,0
163944,0
163945,0
163946,0
163947,0
163948,0
163949,0
163950,0
163951,0
163952,0
163953,0
163954,0
163955,0
163956,0
163957,0
163958,0
163959,21
163960,0
163961,17
163962,0
163963,0
163964,16
163965,0
163966,0
163967,0
163968,0
163969,17
163970,0
163971,26
163972,25
163973,0
163974,0
163975,0
163976,25
163977,18
163978,0
163979,27
163980,0
163981,0
163982,0
163983,0
163984,0
163985,31
163986,0
163987,0
163988,0
163989,0
163990,0
163991,28
163992,0
163993,0
163994,0
163995,18
163996,0
163997,0
163998,19
163999,0
164000,37
164001,41
164002,0
164003,0
164004,0
164005,0
164006,0
164007,25
164008,0
164009,0
164010,38
164011,31
164012,32
164013,0
164014,0
164015,0
164016,28
164017,0
164018,0
164019,37
164020,33
164021,22
164022,0
164023,0
164024,28
164025,0
164026,0
164027,0
164028,32
164029,0
164030,23
164031,0
164032,0
164033,0
164034,0
164035,37
164036,0
164037,0
164038,27
164039,0
164040,0
164041,0
164042,0
164043,31
164044,0
164045,0
164046,0
164047,33
164048,0
164049,0
164050,0
164051,0
164052,0
164053,33
164054,0
164055,0
164056,0
164057,0
164058,0
164059,0
164060,0
164061,0
164062,0
164063,34
164064,0
164065,0
164066,32
164067,0
164068,0
164069,0
164070,46
164071,0
164072,40
164073,0
164074,47
164075,0
164076,0
164077,42
164078,33
164079,0
164080,0
164081,56
164082,0
164083,0
164084,0
164085,0
164086,0
164087,0
164088,0
164089,33
164090,0
164091,0
164092,0
164093,0
164094,0
164095,0
164096,0
164097,0
164098,0
164099,0
164100,0
164101,0
164102,0
164103,24
164104,22
164105,37
164106,0
164107,0
164108,0
164109,0
164110,0
164111,44
164112,0
164113,0
164114,0
164115,0
164116,0
164117,0
164118,27
164119,0
164120,0
164121,0
164122,0
164123,0
164124,0
164125,0
164126,0
164127,29
164128,26
164129,0
164130,0
164131,0
164132,0
164133,0
164134,0
164135,40
164136,0
164137,0
164138,0
164139,0
164140,0
164141,0
164142,0
164143,0
164144,0
164145,0
164146,57
164147,0
164148,0
164149,0
164150,0
164151,0
164152,0
164153,0
164154,0
164155,0
164156,0
164157,0
164158,0
164159,0
164160,0
164161,0
164162,0
164163,0
164164,0
164165,25
164166,25
164167,0
164168,0
164169,0
164170,0
164171,0
164172,0
164173,0
164174,48
164175,0
164176,0
164177,0
164178,0
164179,0
164180,0
164181,0
164182,0
164183,0
164184,0
164185,0
164186,0
164187,39
164188,32
164189,0
164190,0
164191,0
164192,0
164193,0
164194,0
164195,0
164196,0
164197,0
164198,34
164199,0
164200,0
164201,0
164202,0
164203,0
164204,0
164205,0
164206,0
164207,37
164208,47
164209,22
164210,0
164211,0
164212,35
164213,0
164214,37
164215,0
164216,0
164217,0
164218,44
164219,0
164220,0
164221,0
164222,0
164223,0
164224,0
164225,0
164226,0
164227,0
164228,0
164229,0
164230,0
164231,0
164232,0
164233,0
164234,0
164235,53
164236,0
164237,0
164238,21
164239,0
164240,0
164241,0
164242,0
164243,41
164244,0
164245,42
164246,0
164247,0
164248,0
164249,0
164250,0
164251,0
164252,0
164253,0
164254,0
164255,0
164256,0
164257,0
164258,40
164259,0
164260,51
164261,0
164262,23
164263,22
164264,0
164265,0
164266,0
164267,0
164268,15
164269,0
164270,0
164271,0
164272,22
164273,0
164274,0
164275,0
164276,0
164277,0
164278,22
164279,0
164280,0
164281,0
164282,0
164283,0
164284,0
164285,0
164286,0
164287,0
164288,0
164289,0
164290,0
164291,0
164292,0
164293,0
164294,0
164295,0
164296,0
164297,0
164298,0
164299,0
164300,0
164301,0
164302,0
164303,0
164304,0
164305,0
164306,0
164307,0
164308,0
164309,0
164310,0
164311,0
164312,0
164313,0
164314,0
164315,36
164316,0
164317,0
164318,0
164319,0
164320,0
164321,0
164322,0
164323,0
164324,15
164325,0
164326,0
164327,0
164328,0
164329,0
164330,0
164331,0
164332,0
164333,0
164334,20
164335,0
164336,0
164337,23
164338,0
164339,14
164340,0
164341,0
164342,0
164343,0
164344,0
164345,0
164346,0
164347,0
164348,0
164349,34
164350,17
164351,22
164352,0
164353,0
164354,0
164355,0
164356,0
164357,0
164358,0
164359,0
164360,0
164361,14
164362,0
164363,19
164364,0
164365,0
164366,0
164367,0
164368,0
164369,0
164370,0
164371,0
164372,0
164373,0
164374,0
164375,13
164376,0
164377,0
164378,0
164379,0
164380,0
164381,0
164382,0
164383,0
164384,0
164385,16
164386,21
164387,0
164388,0
164389,0
164390,0
164391,0
164392,0
164393,0
164394,0
164395,0
164396,0
164397,27
164398,0
164399,0
164400,0
164401,0
164402,0
164403,0
164404,0
164405,0
164406,0
164407,0
164408,0
164409,0
164410,16
164411,0
164412,0
164413,0
164414,0
164415,29
164416,25
164417,0
164418,0
164419,0
164420,0
164421,0
164422,26
164423,0
164424,0
164425,0
164426,0
164427,0
164428,0
164429,0
164430,0
164431,0
164432,0
164433,0
164434,0
164435,0
164436,0
164437,0
164438,0
164439,26
164440,0
164441,16
164442,0
164443,0
164444,0
164445,0
164446,0
164447,0
164448,0
164449,0
164450,0
164451,0
164452,0
164453,0
164454,0
164455,17
164456,10
164457,0
164458,0
164459,0
164460,0
164461,0
164462,0
164463,0
164464,0
164465,0
164466,0
164467,34
164468,0
164469,0
164470,0
164471,31
164472,0
164473,0
164474,0
164475,0
164476,17
164477,0
164478,0
164479,0
164480,0
164481,0
164482,0
164483,0
164484,0
164485,0
164486,0
164487,0
164488,0
164489,0
164490,0
164491,0
164492,0
164493,0
164494,0
164495,0
164496,0
164497,10
164498,0
164499,0
164500,10
164501,0
164502,0
164503,23
164504,0
164505,0
164506,0
164507,0
164508,19
164509,0
164510,0
164511,0
164512,0
164513,0
164514,0
164515,20
164516,0
164517,0
164518,24
164519,0
164520,0
164521,0
164522,0
164523,0
164524,22
164525,0
164526,0
164527,0
164528,0
164529,0
164530,0
164531,0
164532,0
164533,0
164534,0
164535,0
164536,0
164537,0
164538,0
164539,0
164540,0
164541,0
164542,0
164543,0
164544,0
164545,0
164546,0
164547,0
164548,0
164549,0
164550,0
164551,12
164552,0
164553,0
164554,0
164555,0
164556,0
164557,0
164558,0
164559,0
164560,0
164561,0
164562,0
164563,0
164564,0
164565,0
164566,0
164567,0
164568,0
164569,0
164570,0
164571,0
164572,0
164573,0
164574,0
164575,0
164576,0
164577,0
164578,0
164579,0
164580,0
164581,0
164582,24
164583,0
164584,0
164585,0
164586,0
164587,0
164588,18
164589,0
164590,0
164591,0
164592,0
164593,0
164594,20
164595,0
164596,0
164597,0
164598,0
164599,0
164600,0
164601,0
164602,0
164603,0
164604,0
164605,0
164606,0
164607,0
164608,0
164609,0
164610,0
164611,0
164612,14
164613,0
164614,0
164615,18
164616,0
164617,24
164618,0
164619,18
164620,0
164621,0
164622,0
164623,0
164624,0
164625,0
164626,0
164627,0
164628,0
164629,0
164630,0
164631,0
164632,0
164633,20
164634,0
164635,0
164636,0
164637,0
164638,0
164639,0
164640,0
164641,0
164642,0
164643,0
164644,11
164645,0
164646,24
164647,0
164648,27
164649,0
164650,0
164651,0
164652,0
164653,0
164654,0
164655,24
164656,0
164657,0
164658,0
164659,0
164660,0
164661,0
164662,0
164663,0
164664,0
164665,0
164666,0
164667,0
164668,12
164669,0
164670,0
164671,0
164672,0
164673,0
164674,0
164675,0
164676,0
164677,0
164678,0
164679,0
164680,0
164681,0
164682,0
164683,0
164684,0
164685,0
164686,0
164687,0
164688,0
164689,14
164690,21
164691,0
164692,0
164693,0
164694,0
164695,0
164696,0
164697,0
164698,0
164699,0
164700,0
164701,0
164702,0
164703,0
164704,0
164705,0
164706,0
164707,0
164708,0
164709,0
164710,0
164711,0
164712,0
164713,0
164714,0
164715,0
164716,0
164717,0
164718,18
164719,0
164720,0
164721,0
164722,0
164723,17
164724,19
164725,0
164726,15
164727,0
164728,0
164729,0
164730,0
164731,0
164732,0
164733,0
164734,0
164735,0
164736,0
164737,0
164738,0
164739,23
164740,17
164741,20
164742,0
164743,28
164744,0
164745,0
164746,0
164747,0
164748,0
164749,0
164750,14
164751,0
164752,0
164753,0
164754,0
164755,0
164756,0
164757,0
164758,0
164759,0
164760,0
164761,0
164762,0
164763,0
164764,0
164765,0
164766,0
164767,0
164768,0
164769,0
164770,0
164771,0
164772,20
164773,0
164774,0
164775,0
164776,0
164777,0
164778,0
164779,0
164780,20
164781,0
164782,0
164783,0
164784,18
164785,0
164786,0
164787,0
164788,0
164789,0
164790,0
164791,0
164792,0
164793,0
164794,0
164795,0
164796,0
164797,0
164798,19
164799,0
164800,0
164801,0
164802,0
164803,0
164804,0
164805,0
164806,0
164807,0
164808,0
164809,0
164810,0
164811,0
164812,0
164813,0
164814,0
164815,31
164816,0
164817,0
164818,0
164819,0
164820,0
164821,0
164822,0
164823,26
164824,0
164825,0
164826,0
164827,25
164828,0
164829,0
164830,0
164831,0
164832,0
164833,0
164834,0
164835,0
164836,0
164837,25
164838,0
164839,0
164840,0
164841,0
164842,0
164843,0
164844,0
164845,0
164846,0
164847,0
164848,0
164849,0
164850,0
164851,0
164852,0
164853,26
164854,0
164855,0
164856,0
164857,0
164858,0
164859,0
164860,0
164861,0
164862,0
164863,12
164864,0
164865,0
164866,0
164867,0
164868,0
164869,24
164870,0
164871,0
164872,18
164873,0
164874,0
164875,0
164876,0
164877,0
164878,0
164879,0
164880,0
164881,0
164882,13
164883,0
164884,0
164885,0
164886,0
164887,0
164888,0
164889,0
164890,0
164891,0
164892,0
164893,0
164894,0
164895,0
164896,0
164897,23
164898,0
164899,0
164900,0
164901,24
164902,0
164903,0
164904,0
164905,0
164906,0
164907,15
164908,20
164909,0
164910,0
164911,0
164912,30
164913,0
164914,0
164915,0
164916,0
164917,0
164918,0
164919,0
164920,0
164921,0
164922,0
164923,0
164924,0
164925,0
164926,0
164927,0
164928,0
164929,0
164930,0
164931,0
164932,0
164933,0
164934,0
164935,0
164936,0
164937,24
164938,0
164939,0
164940,22
164941,0
164942,0
164943,0
164944,0
164945,0
164946,0
164947,0
164948,0
164949,0
164950,0
164951,0
164952,0
164953,0
164954,0
164955,0
164956,0
164957,26
164958,0
164959,0
164960,0
164961,0
164962,0
164963,0
164964,0
164965,0
164966,0
164967,0
164968,0
164969,0
164970,0
164971,0
164972,0
164973,0
164974,0
164975,0
164976,0
164977,0
164978,0
164979,0
164980,21
164981,0
164982,0
164983,0
164984,19
164985,0
164986,0
164987,0
164988,0
164989,0
164990,0
164991,0
164992,0
164993,0
164994,0
164995,0
164996,14
164997,0
164998,0
164999,0
165000,0
165001,8
165002,0
165003,0
165004,0
165005,0
165006,0
165007,0
165008,0
165009,0
165010,0
165011,18
165012,26
165013,0
165014,0
165015,0
165016,10
165017,25
165018,0
165019,0
165020,0
165021,0
165022,0
165023,12
165024,0
165025,0
165026,0
165027,0
165028,0
165029,0
165030,0
165031,0
165032,0
165033,0
165034,0
165035,0
165036,0
165037,0
165038,0
165039,0
165040,31
165041,0
165042,0
165043,0
165044,0
165045,16
165046,0
165047,0
165048,0
165049,0
165050,0
165051,0
165052,18
165053,0
165054,0
165055,0
165056,0
165057,0
165058,0
165059,0
165060,0
165061,20
165062,0
165063,0
165064,0
165065,0
165066,10
165067,0
165068,0
165069,21
165070,0
165071,0
165072,0
165073,0
165074,0
165075,0
165076,6
165077,0
165078,0
165079,0
165080,0
165081,0
165082,0
165083,0
165084,0
165085,0
165086,0
165087,0
165088,0
165089,0
165090,0
165091,0
165092,0
165093,0
165094,0
165095,23
165096,0
165097,0
165098,0
165099,0
165100,0
165101,0
165102,0
165103,0
165104,0
165105,0
165106,0
165107,0
165108,0
165109,0
165110,24
165111,0
165112,0
165113,0
165114,0
165115,0
165116,0
165117,0
165118,0
165119,0
165120,0
165121,0
165122,0
165123,0
165124,0
165125,0
165126,16
165127,0
165128,0
165129,0
165130,0
165131,0
165132,0
165133,0
165134,0
165135,0
165136,0
165137,0
165138,0
165139,0
165140,0
165141,0
165142,0
165143,0
165144,0
165145,0
165146,0
165147,0
165148,0
165149,0
165150,0
165151,17
165152,0
165153,0
165154,0
165155,0
165156,0
165157,0
165158,0
165159,0
165160,0
165161,0
165162,0
165163,0
165164,0
165165,0
165166,0
165167,0
165168,0
165169,0
165170,0
165171,0
165172,0
165173,0
165174,0
165175,0
165176,0
165177,0
165178,0
165179,20
165180,0
165181,0
165182,0
165183,20
165184,0
165185,0
165186,0
165187,0
165188,0
165189,0
165190,0
165191,0
165192,0
165193,0
165194,0
165195,0
165196,0
165197,0
165198,16
165199,0
165200,0
165201,0
165202,0
165203,0
165204,16
165205,0
165206,0
165207,0
165208,0
165209,0
165210,0
165211,0
165212,0
165213,0
165214,0
165215,0
165216,16
165217,29
165218,0
165219,0
165220,0
165221,0
165222,0
165223,0
165224,0
165225,25
165226,0
165227,0
165228,0
165229,0
165230,0
165231,28
165232,0
165233,0
165234,27
165235,0
165236,0
165237,0
165238,0
165239,0
165240,0
165241,0
165242,0
165243,20
165244,0
165245,0
165246,0
165247,0
165248,0
165249,0
165250,0
165251,0
165252,0
165253,28
165254,0
165255,0
165256,0
165257,46
165258,0
165259,0
165260,0
165261,32
165262,0
165263,0
165264,0
165265,0
165266,0
165267,0
165268,0
165269,0
165270,0
165271,0
165272,0
165273,0
165274,0
165275,0
165276,0
165277,0
165278,0
165279,0
165280,0
165281,0
165282,0
165283,0
165284,0
165285,0
165286,53
165287,0
165288,0
165289,0
165290,0
165291,0
165292,0
165293,0
165294,0
165295,0
165296,0
165297,0
165298,0
165299,0
165300,0
165301,0
165302,0
165303,0
165304,0
165305,0
165306,0
165307,0
165308,0
165309,0
165310,0
165311,36
165312,0
165313,39
165314,0
165315,0
165316,0
165317,0
165318,0
165319,0
165320,0
165321,0
165322,0
165323,0
165324,0
165325,0
165326,0
165327,0
165328,0
165329,0
165330,23
165331,36
165332,0
165333,0
165334,0
165335,0
165336,0
165337,0
165338,0
165339,0
165340,0
165341,0
165342,0
165343,0
165344,0
165345,0
165346,0
165347,0
165348,0
165349,0
165350,0
165351,0
165352,0
165353,0
165354,0
165355,20
165356,60
165357,0
165358,29
165359,0
165360,0
165361,0
165362,0
165363,0
165364,0
165365,0
165366,0
165367,0
165368,0
165369,0
165370,0
165371,0
165372,15
165373,0
165374,0
165375,0
165376,0
165377,0
165378,0
165379,0
165380,0
165381,0
165382,0
165383,32
165384,0
165385,0
165386,40
165387,0
165388,0
165389,0
165390,0
165391,0
165392,0
165393,0
165394,29
165395,0
165396,0
165397,0
165398,0
165399,0
165400,0
165401,0
165402,0
165403,0
165404,0
165405,0
165406,0
165407,0
165408,0
165409,0
165410,0
165411,0
165412,0
165413,0
165414,0
165415,0
165416,0
165417,0
165418,0
165419,0
165420,0
165421,0
165422,0
165423,0
165424,0
165425,0
165426,0
165427,0
165428,28
165429,0
165430,0
165431,0
165432,0
165433,0
165434,28
165435,0
165436,0
165437,0
165438,0
165439,0
165440,0
165441,19
165442,0
165443,0
165444,0
165445,0
165446,0
165447,20
165448,0
165449,0
165450,0
165451,0
165452,0
165453,0
165454,0
165455,0
165456,0
165457,28
165458,0
165459,0
165460,0
165461,0
165462,0
165463,0
165464,0
165465,0
165466,29
165467,0
165468,0
165469,0
165470,0
165471,0
165472,0
165473,43
165474,0
165475,0
165476,0
165477,0
165478,0
165479,0
165480,0
165481,0
165482,0
165483,0
165484,0
165485,23
165486,0
165487,0
165488,0
165489,0
165490,0
165491,0
165492,0
165493,0
165494,0
165495,0
165496,0
165497,0
165498,0
165499,0
165500,0
165501,0
165502,0
165503,0
165504,0
165505,0
165506,0
165507,0
165508,0
165509,0
165510,28
165511,0
165512,0
165513,0
165514,0
165515,20
165516,0
165517,19
165518,0
165519,0
165520,32
165521,0
165522,0
165523,0
165524,25
165525,25
165526,0
165527,0
165528,0
165529,15
165530,0
165531,33
165532,0
165533,23
165534,0
165535,0
165536,0
165537,0
165538,0
165539,0
165540,0
165541,0
165542,22
165543,0
165544,0
165545,0
165546,0
165547,0
165548,0
165549,0
165550,0
165551,45
165552,0
165553,0
165554,0
165555,0
165556,0
165557,0
165558,0
165559,0
165560,0
165561,0
165562,0
165563,0
165564,0
165565,0
165566,0
165567,0
165568,0
165569,0
165570,0
165571,0
165572,0
165573,0
165574,0
165575,0
165576,24
165577,0
165578,0
165579,0
165580,0
165581,18
165582,0
165583,0
165584,0
165585,0
165586,0
165587,0
165588,0
165589,0
165590,0
165591,0
165592,0
165593,0
165594,0
165595,0
165596,0
165597,0
165598,0
165599,0
165600,0
165601,0
165602,0
165603,17
165604,0
165605,0
165606,15
165607,0
165608,0
165609,0
165610,0
165611,0
165612,0
165613,0
165614,0
165615,0
165616,0
165617,0
165618,24
165619,0
165620,0
165621,0
165622,0
165623,0
165624,0
165625,0
165626,0
165627,0
165628,0
165629,0
165630,0
165631,0
165632,0
165633,0
165634,0
165635,0
165636,0
165637,0
165638,0
165639,0
165640,0
165641,0
165642,0
165643,0
165644,0
165645,0
165646,22
165647,0
165648,6
165649,0
165650,8
165651,0
165652,5
165653,0
165654,0
165655,0
165656,0
165657,7
165658,0
165659,5
165660,0
165661,0
165662,0
165663,0
165664,4
165665,0
165666,7
165667,0
165668,0
165669,0
165670,0
165671,0
165672,0
165673,0
165674,5
165675,0
165676,0
165677,6
165678,0
165679,8
165680,0
165681,8
165682,0
165683,0
165684,8
165685,7
165686,0
165687,0
165688,0
165689,6
165690,0
165691,0
165692,0
165693,4
165694,0
165695,0
165696,3
165697,0
165698,0
165699,5
165700,3
165701,0
165702,0
165703,0
165704,0
165705,8
165706,0
165707,8
165708,0
165709,0
165710,0
165711,0
165712,0
165713,13
165714,0
165715,0
165716,0
165717,0
165718,0
165719,0
165720,0
165721,2
165722,0
165723,0
165724,0
165725,0
165726,0
165727,0
165728,0
165729,0
165730,0
165731,0
165732,0
165733,0
165734,0
165735,2
165736,0
165737,0
165738,0
165739,0
165740,0
165741,5
165742,0
165743,0
165744,0
165745,0
165746,0
165747,5
165748,0
165749,0
165750,0
165751,10
165752,0
165753,10
165754,0
165755,0
165756,5
165757,0
165758,7
165759,0
165760,0
165761,0
165762,0
165763,0
165764,0
165765,0
165766,0
165767,0
165768,0
165769,0
165770,0
165771,7
165772,0
165773,0
165774,0
165775,0
165776,8
165777,0
165778,4
165779,0
165780,5
165781,8
165782,0
165783,0
165784,0
165785,0
165786,0
165787,0
165788,2
165789,2
165790,0
165791,0
165792,0
165793,0
165794,0
165795,7
165796,5
165797,0
165798,9
165799,7
165800,0
165801,0
165802,0
165803,0
165804,7
165805,0
165806,0
165807,6
165808,3
165809,0
165810,0
165811,0
165812,0
165813,0
165814,0
165815,0
165816,0
165817,8
165818,0
165819,0
165820,2
165821,0
165822,0
165823,0
165824,0
165825,6
165826,4
165827,9
165828,0
165829,0
165830,0
165831,0
165832,5
165833,0
165834,0
165835,0
165836,0
165837,0
165838,0
165839,0
165840,0
165841,0
165842,0
165843,0
165844,0
165845,0
165846,0
165847,0
165848,3
165849,0
165850,0
165851,0
165852,0
165853,0
165854,0
165855,0
165856,9
165857,0
165858,0
165859,0
165860,0
165861,8
165862,0
165863,6
165864,0
165865,0
165866,4
165867,10
165868,0
165869,4
165870,0
165871,0
165872,0
165873,0
165874,0
165875,0
165876,0
165877,1
165878,4
165879,0
165880,0
165881,0
165882,0
165883,0
165884,0
165885,0
165886,0
165887,0
165888,0
165889,4
165890,0
165891,0
165892,0
165893,4
165894,0
165895,3
165896,6
165897,3
165898,6
165899,2
165900,5
165901,7
165902,4
165903,7
165904,0
165905,0
165906,6
165907,0
165908,3
165909,0
165910,0
165911,0
165912,6
165913,0
165914,0
165915,0
165916,0
165917,0
165918,0
165919,0
165920,0
165921,0
165922,0
165923,5
165924,0
165925,0
165926,0
165927,3
165928,0
165929,0
165930,0
165931,0
165932,0
165933,0
165934,0
165935,0
165936,11
165937,0
165938,0
165939,5
165940,0
165941,0
165942,0
165943,5
165944,0
165945,6
165946,6
165947,0
165948,0
165949,0
165950,7
165951,0
165952,0
165953,0
165954,3
165955,2
165956,0
165957,6
165958,0
165959,0
165960,5
165961,5
165962,3
165963,5
165964,0
165965,9
165966,0
165967,2
165968,0
165969,8
165970,0
165971,0
165972,0
165973,0
165974,0
165975,6
165976,0
165977,0
165978,0
165979,0
165980,7
165981,0
165982,8
165983,6
165984,9
165985,4
165986,0
165987,0
165988,0
165989,0
165990,8
165991,7
165992,0
165993,0
165994,0
165995,0
165996,9
165997,0
165998,7
165999,0
166000,0
166001,0
166002,0
166003,0
166004,0
166005,0
166006,0
166007,10
166008,0
166009,0
166010,0
166011,0
166012,0
166013,8
166014,6
166015,8
166016,0
166017,0
166018,0
166019,0
166020,0
166021,9
166022,0
166023,0
166024,0
166025,0
166026,0
166027,4
166028,0
166029,0
166030,0
166031,0
166032,0
166033,0
166034,0
166035,0
166036,6
166037,0
166038,0
166039,0
166040,0
166041,0
166042,3
166043,5
166044,0
166045,0
166046,0
166047,12
166048,7
166049,0
166050,0
166051,0
166052,0
166053,0
166054,0
166055,4
166056,7
166057,0
166058,0
166059,0
166060,8
166061,6
166062,0
166063,0
166064,7
166065,12
166066,0
166067,0
166068,0
166069,0
166070,0
166071,0
166072,0
166073,0
166074,4
166075,0
166076,0
166077,6
166078,0
166079,5
166080,0
166081,5
166082,0
166083,0
166084,10
166085,4
166086,0
166087,0
166088,7
166089,0
166090,0
166091,0
166092,8
166093,0
166094,4
166095,0
166096,0
166097,0
166098,0
166099,0
166100,0
166101,0
166102,0
166103,0
166104,0
166105,0
166106,0
166107,0
166108,6
166109,0
166110,0
166111,0
166112,0
166113,0
166114,0
166115,0
166116,0
166117,0
166118,6
166119,0
166120,0
166121,0
166122,0
166123,0
166124,6
166125,0
166126,5
166127,0
166128,5
166129,0
166130,0
166131,0
166132,0
166133,0
166134,0
166135,0
166136,4
166137,0
166138,0
166139,0
166140,0
166141,0
166142,2
166143,4
166144,0
166145,0
166146,0
166147,0
166148,0
166149,0
166150,3
166151,0
166152,0
166153,6
166154,3
166155,0
166156,0
166157,0
166158,0
166159,4
166160,0
166161,5
166162,0
166163,1
166164,0
166165,7
166166,0
166167,0
166168,2
166169,0
166170,6
166171,0
166172,0
166173,0
166174,4
166175,6
166176,0
166177,0
166178,0
166179,0
166180,0
166181,5
166182,0
166183,0
166184,0
166185,0
166186,12
166187,8
166188,0
166189,0
166190,0
166191,4
166192,0
166193,0
166194,0
166195,0
166196,0
166197,4
166198,0
166199,0
166200,4
166201,0
166202,0
166203,0
166204,0
166205,0
166206,0
166207,0
166208,0
166209,0
166210,0
166211,0
166212,0
166213,0
166214,0
166215,6
166216,6
166217,0
166218,0
166219,0
166220,5
166221,0
166222,3
166223,0
166224,3
166225,0
166226,0
166227,3
166228,0
166229,0
166230,0
166231,7
166232,5
166233,0
166234,0
166235,7
166236,0
166237,0
166238,0
166239,4
166240,0
166241,0
166242,7
166243,0
166244,0
166245,6
166246,0
166247,0
166248,0
166249,0
166250,5
166251,0
166252,0
166253,4
166254,0
166255,0
166256,0
166257,0
166258,0
166259,0
166260,0
166261,0
166262,0
166263,0
166264,0
166265,0
166266,5
166267,0
166268,0
166269,0
166270,4
166271,0
166272,0
166273,2
166274,5
166275,0
166276,9
166277,3
166278,0
166279,0
166280,7
166281,4
166282,0
166283,0
166284,0
166285,0
166286,0
166287,0
166288,0
166289,0
166290,0
166291,0
166292,0
166293,0
166294,0
166295,0
166296,8
166297,7
166298,0
166299,0
166300,5
166301,0
166302,0
166303,0
166304,0
166305,0
166306,4
166307,0
166308,0
166309,0
166310,0
166311,0
166312,6
166313,0
166314,0
166315,12
166316,7
166317,0
166318,10
166319,0
166320,0
166321,0
166322,8
166323,0
166324,4
166325,0
166326,5
166327,0
166328,0
166329,5
166330,0
166331,0
166332,0
166333,0
166334,0
166335,0
166336,0
166337,0
166338,0
166339,0
166340,0
166341,0
166342,0
166343,0
166344,0
166345,0
166346,0
166347,0
166348,0
166349,0
166350,0
166351,0
166352,0
166353,0
166354,0
166355,0
166356,0
166357,0
166358,0
166359,0
166360,0
166361,0
166362,0
166363,0
166364,0
166365,0
166366,0
166367,0
166368,0
166369,0
166370,0
166371,0
166372,0
166373,0
166374,0
166375,0
166376,0
166377,0
166378,0
166379,0
166380,0
166381,0
166382,0
166383,0
166384,0
166385,0
166386,0
166387,0
166388,0
166389,0
166390,0
166391,0
166392,0
166393,0
166394,1
166395,0
166396,0
166397,1
166398,0
166399,0
166400,0
166401,0
166402,0
166403,0
166404,0
166405,0
166406,0
166407,0
166408,0
166409,0
166410,0
166411,0
166412,0
166413,0
166414,0
166415,0
166416,0
166417,0
166418,0
166419,0
166420,0
166421,0
166422,0
166423,0
166424,0
166425,1
166426,0
166427,0
166428,0
166429,0
166430,0
166431,0
166432,0
166433,0
166434,3
166435,3
166436,0
166437,2
166438,0
166439,0
166440,0
166441,0
166442,0
166443,0
166444,4
166445,0
166446,0
166447,0
166448,0
166449,0
166450,0
166451,0
166452,0
166453,0
166454,3
166455,0
166456,4
166457,0
166458,2
166459,0
166460,0
166461,0
166462,0
166463,0
166464,0
166465,0
166466,0
166467,1
166468,0
166469,0
166470,0
166471,0
166472,0
166473,0
166474,0
166475,0
166476,0
166477,0
166478,0
166479,0
166480,0
166481,0
166482,0
166483,0
166484,0
166485,0
166486,0
166487,0
166488,0
166489,0
166490,0
166491,0
166492,0
166493,2
166494,0
166495,0
166496,0
166497,0
166498,0
166499,0
166500,0
166501,0
166502,0
166503,0
166504,0
166505,0
166506,0
166507,0
166508,0
166509,0
166510,0
166511,0
166512,0
166513,0
166514,0
166515,0
166516,0
166517,0
166518,0
166519,1
166520,0
166521,0
166522,2
166523,2
166524,0
166525,0
166526,0
166527,0
166528,0
166529,0
166530,0
166531,0
166532,0
166533,0
166534,1
166535,2
166536,0
166537,0
166538,0
166539,0
166540,0
166541,0
166542,0
166543,0
166544,3
166545,0
166546,0
166547,0
166548,0
166549,1
166550,0
166551,0
166552,0
166553,0
166554,0
166555,0
166556,0
166557,0
166558,0
166559,0
166560,0
166561,1
166562,0
166563,0
166564,0
166565,0
166566,1
166567,0
166568,0
166569,0
166570,3
166571,1
166572,2
166573,0
166574,0
166575,0
166576,0
166577,0
166578,0
166579,0
166580,0
166581,0
166582,0
166583,0
166584,0
166585,0
166586,0
166587,0
166588,0
166589,0
166590,0
166591,0
166592,0
166593,0
166594,0
166595,1
166596,0
166597,0
166598,0
166599,0
166600,0
166601,0
166602,0
166603,0
166604,0
166605,0
166606,0
166607,0
166608,1
166609,0
166610,4
166611,0
166612,0
166613,0
166614,0
166615,0
166616,0
166617,0
166618,1
166619,0
166620,0
166621,0
166622,3
166623,37
166624,31
166625,0
166626,0
166627,0
166628,0
166629,0
166630,0
166631,0
166632,32
166633,32
166634,0
166635,0
166636,0
166637,0
166638,33
166639,0
166640,0
166641,0
166642,0
166643,38
166644,0
166645,0
166646,56
166647,0
166648,0
166649,31
166650,0
166651,0
166652,0
166653,0
166654,23
166655,0
166656,0
166657,0
166658,33
166659,0
166660,0
166661,0
166662,0
166663,48
166664,0
166665,0
166666,0
166667,0
166668,0
166669,0
166670,0
166671,42
166672,28
166673,0
166674,0
166675,0
166676,0
166677,0
166678,55
166679,0
166680,0
166681,0
166682,52
166683,0
166684,0
166685,0
166686,0
166687,0
166688,0
166689,0
166690,0
166691,0
166692,0
166693,0
166694,0
166695,27
166696,0
166697,43
166698,0
166699,47
166700,0
166701,0
166702,0
166703,47
166704,0
166705,0
166706,0
166707,34
166708,0
166709,0
166710,0
166711,0
166712,0
166713,0
166714,0
166715,0
166716,0
166717,0
166718,0
166719,35
166720,0
166721,0
166722,0
166723,0
166724,0
166725,59
166726,0
166727,0
166728,0
166729,0
166730,0
166731,0
166732,0
166733,32
166734,0
166735,0
166736,0
166737,0
166738,0
166739,0
166740,0
166741,0
166742,0
166743,0
166744,0
166745,0
166746,0
166747,0
166748,0
166749,0
166750,0
166751,0
166752,0
166753,0
166754,0
166755,0
166756,35
166757,0
166758,0
166759,0
166760,0
166761,0
166762,0
166763,46
166764,0
166765,0
166766,0
166767,27
166768,34
166769,0
166770,44
166771,31
166772,0
166773,37
166774,0
166775,0
166776,0
166777,0
166778,0
166779,0
166780,0
166781,0
166782,0
166783,0
166784,0
166785,0
166786,0
166787,38
166788,18
166789,0
166790,0
166791,0
166792,0
166793,26
166794,0
166795,0
166796,0
166797,0
166798,0
166799,0
166800,0
166801,0
166802,0
166803,0
166804,0
166805,0
166806,0
166807,0
166808,0
166809,33
166810,0
166811,0
166812,0
166813,0
166814,40
166815,0
166816,58
166817,0
166818,0
166819,0
166820,0
166821,0
166822,0
166823,42
166824,0
166825,0
166826,52
166827,0
166828,0
166829,0
166830,0
166831,0
166832,0
166833,0
166834,0
166835,0
166836,0
166837,0
166838,0
166839,0
166840,0
166841,0
166842,0
166843,0
166844,0
166845,0
166846,0
166847,0
166848,0
166849,0
166850,0
166851,0
166852,0
166853,0
166854,0
166855,38
166856,31
166857,0
166858,0
166859,37
166860,47
166861,0
166862,0
166863,0
166864,0
166865,0
166866,0
166867,41
166868,0
166869,39
166870,0
166871,0
166872,0
166873,0
166874,0
166875,0
166876,34
166877,0
166878,36
166879,34
166880,0
166881,46
166882,0
166883,0
166884,0
166885,0
166886,0
166887,36
166888,0
166889,0
166890,0
166891,0
166892,0
166893,0
166894,0
166895,0
166896,0
166897,38
166898,38
166899,0
166900,0
166901,0
166902,55
166903,27
166904,0
166905,0
166906,0
166907,0
166908,22
166909,0
166910,46
166911,0
166912,0
166913,0
166914,0
166915,0
166916,0
166917,0
166918,0
166919,0
166920,0
166921,0
166922,0
166923,0
166924,52
166925,31
166926,28
166927,0
166928,0
166929,0
166930,0
166931,0
166932,0
166933,0
166934,47
166935,0
166936,0
166937,0
166938,0
166939,38
166940,0
166941,0
166942,0
166943,0
166944,0
166945,0
166946,0
166947,0
166948,0
166949,0
166950,0
166951,0
166952,0
166953,0
166954,16
166955,0
166956,0
166957,0
166958,28
166959,0
166960,0
166961,37
166962,0
166963,17
166964,42
166965,49
166966,0
166967,0
166968,0
166969,0
166970,0
166971,0
166972,0
166973,0
166974,0
166975,0
166976,0
166977,0
166978,0
166979,42
166980,50
166981,44
166982,0
166983,0
166984,44
166985,0
166986,0
166987,0
166988,0
166989,0
166990,38
166991,32
166992,0
166993,0
166994,34
166995,42
166996,0
166997,0
166998,0
166999,28
167000,0
167001,38
167002,50
167003,0
167004,0
167005,0
167006,0
167007,0
167008,29
167009,0
167010,0
167011,0
167012,0
167013,0
167014,31
167015,0
167016,0
167017,0
167018,0
167019,35
167020,0
167021,17
167022,0
167023,0
167024,0
167025,0
167026,0
167027,0
167028,0
167029,0
167030,0
167031,0
167032,43
167033,43
167034,33
167035,0
167036,0
167037,0
167038,0
167039,0
167040,0
167041,39
167042,0
167043,27
167044,35
167045,0
167046,0
167047,0
167048,0
167049,0
167050,0
167051,37
167052,0
167053,0
167054,0
167055,0
167056,0
167057,0
167058,52
167059,0
167060,53
167061,0
167062,0
167063,44
167064,0
167065,0
167066,0
167067,0
167068,0
167069,0
167070,0
167071,0
167072,0
167073,0
167074,0
167075,0
167076,0
167077,0
167078,0
167079,0
167080,0
167081,0
167082,0
167083,0
167084,0
167085,0
167086,0
167087,0
167088,0
167089,0
167090,0
167091,0
167092,0
167093,0
167094,0
167095,0
167096,0
167097,0
167098,80
167099,0
167100,0
167101,0
167102,0
167103,0
167104,0
167105,0
167106,0
167107,0
167108,0
167109,0
167110,0
167111,0
167112,0
167113,0
167114,0
167115,0
167116,0
167117,0
167118,0
167119,0
167120,6
167121,0
167122,17
167123,0
167124,0
167125,0
167126,0
167127,0
167128,0
167129,0
167130,0
167131,0
167132,0
167133,33
167134,0
167135,0
167136,0
167137,0
167138,0
167139,0
167140,0
167141,0
167142,18
167143,0
167144,0
167145,0
167146,0
167147,0
167148,0
167149,0
167150,0
167151,0
167152,0
167153,0
167154,0
167155,0
167156,0
167157,0
167158,0
167159,0
167160,0
167161,0
167162,0
167163,14
167164,0
167165,0
167166,0
167167,93
167168,25
167169,0
167170,0
167171,0
167172,0
167173,0
167174,0
167175,0
167176,0
167177,0
167178,0
167179,0
167180,0
167181,0
167182,0
167183,0
167184,36
167185,22
167186,0
167187,0
167188,0
167189,22
167190,0
167191,0
167192,0
167193,0
167194,0
167195,0
167196,0
167197,0
167198,0
167199,0
167200,0
167201,0
167202,0
167203,0
167204,0
167205,0
167206,0
167207,0
167208,0
167209,0
167210,0
167211,0
167212,0
167213,0
167214,0
167215,0
167216,0
167217,0
167218,0
167219,0
167220,0
167221,0
167222,0
167223,0
167224,0
167225,0
167226,0
167227,0
167228,0
167229,0
167230,0
167231,0
167232,0
167233,0
167234,0
167235,0
167236,0
167237,0
167238,22
167239,0
167240,0
167241,0
167242,0
167243,0
167244,0
167245,0
167246,0
167247,0
167248,0
167249,0
167250,0
167251,0
167252,0
167253,0
167254,0
167255,0
167256,0
167257,0
167258,0
167259,0
167260,0
167261,0
167262,0
167263,0
167264,0
167265,0
167266,0
167267,0
167268,0
167269,0
167270,0
167271,0
167272,0
167273,71
167274,0
167275,0
167276,0
167277,0
167278,0
167279,0
167280,0
167281,0
167282,0
167283,0
167284,0
167285,0
167286,0
167287,0
167288,0
167289,0
167290,0
167291,0
167292,0
167293,0
167294,0
167295,0
167296,0
167297,0
167298,48
167299,0
167300,0
167301,0
167302,0
167303,0
167304,0
167305,32
167306,0
167307,0
167308,0
167309,0
167310,0
167311,0
167312,0
167313,0
167314,0
167315,23
167316,0
167317,0
167318,0
167319,0
167320,0
167321,24
167322,0
167323,0
167324,0
167325,0
167326,0
167327,0
167328,0
167329,0
167330,0
167331,0
167332,0
167333,0
167334,0
167335,0
167336,0
167337,0
167338,0
167339,30
167340,0
167341,19
167342,0
167343,0
167344,0
167345,0
167346,0
167347,0
167348,0
167349,0
167350,0
167351,0
167352,0
167353,0
167354,0
167355,0
167356,34
167357,0
167358,0
167359,0
167360,0
167361,0
167362,0
167363,0
167364,0
167365,0
167366,0
167367,0
167368,0
167369,0
167370,0
167371,40
167372,0
167373,0
167374,0
167375,0
167376,0
167377,0
167378,0
167379,0
167380,0
167381,0
167382,0
167383,0
167384,0
167385,0
167386,42
167387,0
167388,0
167389,0
167390,0
167391,59
167392,0
167393,0
167394,0
167395,0
167396,0
167397,0
167398,0
167399,0
167400,0
167401,0
167402,0
167403,0
167404,0
167405,0
167406,0
167407,0
167408,0
167409,0
167410,0
167411,0
167412,0
167413,0
167414,0
167415,0
167416,0
167417,0
167418,0
167419,0
167420,0
167421,0
167422,0
167423,0
167424,0
167425,0
167426,0
167427,0
167428,0
167429,0
167430,0
167431,0
167432,0
167433,0
167434,0
167435,0
167436,0
167437,0
167438,0
167439,0
167440,0
167441,0
167442,0
167443,0
167444,0
167445,0
167446,0
167447,0
167448,0
167449,0
167450,0
167451,0
167452,0
167453,0
167454,0
167455,0
167456,0
167457,0
167458,0
167459,0
167460,0
167461,0
167462,0
167463,0
167464,0
167465,0
167466,0
167467,0
167468,0
167469,0
167470,0
167471,0
167472,0
167473,0
167474,0
167475,0
167476,0
167477,0
167478,0
167479,0
167480,0
167481,0
167482,0
167483,0
167484,0
167485,26
167486,0
167487,0
167488,0
167489,0
167490,0
167491,0
167492,0
167493,0
167494,0
167495,0
167496,0
167497,26
167498,0
167499,0
167500,0
167501,0
167502,0
167503,0
167504,0
167505,0
167506,0
167507,0
167508,19
167509,0
167510,0
167511,0
167512,0
167513,0
167514,0
167515,0
167516,0
167517,0
167518,0
167519,0
167520,0
167521,0
167522,0
167523,0
167524,0
167525,0
167526,0
167527,0
167528,0
167529,0
167530,0
167531,0
167532,0
167533,47
167534,0
167535,0
167536,0
167537,0
167538,0
167539,0
167540,0
167541,0
167542,0
167543,0
167544,0
167545,0
167546,0
167547,0
167548,0
167549,28
167550,0
167551,0
167552,0
167553,0
167554,39
167555,0
167556,0
167557,0
167558,0
167559,0
167560,0
167561,0
167562,0
167563,0
167564,0
167565,0
167566,0
167567,0
167568,60
167569,0
167570,0
167571,0
167572,0
167573,0
167574,27
167575,0
167576,0
167577,24
167578,0
167579,0
167580,0
167581,0
167582,0
167583,0
167584,0
167585,0
167586,0
167587,0
167588,0
167589,18
167590,0
167591,0
167592,0
167593,0
167594,0
167595,24
167596,0
167597,0
167598,0
167599,0
167600,0
167601,0
167602,0
167603,0
167604,0
167605,0
167606,0
167607,0
167608,0
167609,0
167610,0
167611,0
167612,0
167613,0
167614,0
167615,0
167616,0
167617,0
167618,0
167619,0
167620,0
167621,0
167622,0
167623,0
167624,0
167625,0
167626,0
167627,0
167628,0
167629,0
167630,0
167631,0
167632,0
167633,0
167634,0
167635,0
167636,0
167637,0
167638,0
167639,68
167640,0
167641,0
167642,0
167643,0
167644,49
167645,0
167646,0
167647,0
167648,0
167649,0
167650,0
167651,28
167652,0
167653,0
167654,0
167655,0
167656,0
167657,22
167658,0
167659,0
167660,0
167661,0
167662,0
167663,0
167664,0
167665,39
167666,0
167667,0
167668,0
167669,0
167670,0
167671,0
167672,0
167673,0
167674,0
167675,0
167676,0
167677,0
167678,0
167679,0
167680,0
167681,0
167682,37
167683,0
167684,0
167685,0
167686,0
167687,0
167688,0
167689,0
167690,28
167691,0
167692,0
167693,0
167694,0
167695,0
167696,34
167697,0
167698,0
167699,0
167700,0
167701,0
167702,0
167703,0
167704,0
167705,0
167706,0
167707,0
167708,0
167709,0
167710,0
167711,1
167712,0
167713,0
167714,0
167715,1
167716,0
167717,0
167718,2
167719,0
167720,0
167721,0
167722,0
167723,0
167724,0
167725,0
167726,0
167727,0
167728,0
167729,0
167730,0
167731,1
167732,0
167733,0
167734,0
167735,0
167736,0
167737,0
167738,0
167739,0
167740,0
167741,0
167742,0
167743,0
167744,0
167745,0
167746,0
167747,0
167748,0
167749,0
167750,0
167751,0
167752,0
167753,0
167754,0
167755,0
167756,0
167757,0
167758,0
167759,0
167760,0
167761,0
167762,0
167763,0
167764,0
167765,0
167766,0
167767,0
167768,2
167769,0
167770,0
167771,0
167772,0
167773,0
167774,0
167775,1
167776,1
167777,0
167778,0
167779,2
167780,0
167781,0
167782,0
167783,0
167784,0
167785,0
167786,1
167787,0
167788,1
167789,0
167790,0
167791,0
167792,2
167793,0
167794,0
167795,4
167796,0
167797,0
167798,0
167799,0
167800,0
167801,0
167802,0
167803,0
167804,0
167805,0
167806,0
167807,0
167808,0
167809,3
167810,2
167811,0
167812,0
167813,0
167814,0
167815,0
167816,0
167817,0
167818,0
167819,0
167820,0
167821,0
167822,0
167823,0
167824,0
167825,0
167826,2
167827,0
167828,0
167829,0
167830,0
167831,0
167832,0
167833,0
167834,0
167835,3
167836,0
167837,2
167838,1
167839,0
167840,0
167841,0
167842,0
167843,0
167844,0
167845,0
167846,0
167847,0
167848,0
167849,0
167850,0
167851,0
167852,0
167853,0
167854,0
167855,0
167856,0
167857,2
167858,0
167859,0
167860,0
167861,0
167862,0
167863,0
167864,0
167865,0
167866,0
167867,0
167868,0
167869,0
167870,0
167871,0
167872,1
167873,0
167874,0
167875,1
167876,0
167877,0
167878,0
167879,1
167880,0
167881,0
167882,0
167883,1
167884,0
167885,1
167886,0
167887,0
167888,0
167889,0
167890,0
167891,0
167892,0
167893,0
167894,0
167895,0
167896,0
167897,0
167898,0
167899,0
167900,0
167901,1
167902,0
167903,0
167904,0
167905,0
167906,1
167907,0
167908,3
167909,0
167910,0
167911,0
167912,0
167913,0
167914,1
167915,0
167916,0
167917,0
167918,0
167919,0
167920,0
167921,0
167922,0
167923,0
167924,1
167925,0
167926,0
167927,0
167928,0
167929,0
167930,0
167931,2
167932,0
167933,0
167934,0
167935,0
167936,0
167937,0
167938,0
167939,0
167940,0
167941,0
167942,0
167943,0
167944,1
167945,0
167946,0
167947,2
167948,1
167949,0
167950,0
167951,0
167952,0
167953,1
167954,0
167955,0
167956,0
167957,0
167958,1
167959,0
167960,1
167961,0
167962,0
167963,0
167964,0
167965,0
167966,0
167967,0
167968,0
167969,0
167970,0
167971,0
167972,0
167973,0
167974,0
167975,0
167976,0
167977,0
167978,1
167979,0
167980,0
167981,0
167982,0
167983,0
167984,0
167985,0
167986,1
167987,0
167988,1
167989,0
167990,0
167991,0
167992,0
167993,1
167994,0
167995,0
167996,1
167997,0
167998,0
167999,0
168000,0
168001,0
168002,0
168003,0
168004,0
168005,0
168006,0
168007,0
168008,0
168009,0
168010,0
168011,0
168012,0
168013,0
168014,0
168015,0
168016,0
168017,0
168018,0
168019,0
168020,0
168021,0
168022,0
168023,0
168024,0
168025,0
168026,0
168027,0
168028,0
168029,0
168030,0
168031,0
168032,0
168033,0
168034,0
168035,0
168036,1
168037,0
168038,0
168039,0
168040,0
168041,0
168042,0
168043,2
168044,0
168045,0
168046,0
168047,0
168048,0
168049,0
168050,0
168051,0
168052,0
168053,1
168054,0
168055,0
168056,0
168057,0
168058,0
168059,0
168060,0
168061,0
168062,0
168063,0
168064,0
168065,2
168066,0
168067,0
168068,0
168069,0
168070,0
168071,0
168072,0
168073,1
168074,0
168075,0
168076,0
168077,1
168078,0
168079,0
168080,0
168081,0
168082,0
168083,0
168084,0
168085,2
168086,0
168087,0
168088,0
168089,0
168090,0
168091,0
168092,0
168093,0
168094,3
168095,0
168096,0
168097,0
168098,0
168099,0
168100,0
168101,0
168102,0
168103,0
168104,0
168105,0
168106,0
168107,0
168108,0
168109,0
168110,0
168111,23
168112,0
168113,29
168114,0
168115,0
168116,0
168117,19
168118,17
168119,26
168120,0
168121,27
168122,0
168123,0
168124,26
168125,0
168126,0
168127,0
168128,0
168129,0
168130,24
168131,0
168132,0
168133,0
168134,0
168135,0
168136,0
168137,0
168138,0
168139,0
168140,0
168141,0
168142,23
168143,0
168144,0
168145,22
168146,30
168147,0
168148,0
168149,0
168150,33
168151,0
168152,29
168153,0
168154,0
168155,26
168156,0
168157,0
168158,0
168159,43
168160,0
168161,0
168162,0
168163,0
168164,0
168165,15
168166,0
168167,0
168168,0
168169,27
168170,0
168171,0
168172,0
168173,0
168174,0
168175,21
168176,32
168177,0
168178,0
168179,0
168180,16
168181,0
168182,40
168183,0
168184,0
168185,0
168186,0
168187,0
168188,0
168189,26
168190,0
168191,27
168192,0
168193,0
168194,25
168195,31
168196,0
168197,0
168198,0
168199,0
168200,0
168201,0
168202,32
168203,0
168204,0
168205,31
168206,0
168207,0
168208,0
168209,0
168210,26
168211,0
168212,0
168213,0
168214,18
168215,0
168216,0
168217,0
168218,0
168219,22
168220,0
168221,0
168222,0
168223,27
168224,32
168225,0
168226,0
168227,0
168228,21
168229,0
168230,0
168231,0
168232,0
168233,0
168234,21
168235,0
168236,0
168237,0
168238,0
168239,0
168240,0
168241,0
168242,0
168243,0
168244,0
168245,21
168246,0
168247,0
168248,0
168249,0
168250,0
168251,31
168252,36
168253,0
168254,0
168255,28
168256,0
168257,0
168258,0
168259,18
168260,0
168261,0
168262,17
168263,19
168264,0
168265,0
168266,0
168267,0
168268,25
168269,18
168270,33
168271,0
168272,0
168273,0
168274,0
168275,0
168276,0
168277,0
168278,0
168279,0
168280,0
168281,0
168282,0
168283,0
168284,0
168285,0
168286,0
168287,0
168288,28
168289,0
168290,0
168291,0
168292,0
168293,0
168294,15
168295,0
168296,0
168297,36
168298,0
168299,0
168300,22
168301,23
168302,0
168303,20
168304,0
168305,0
168306,0
168307,0
168308,0
168309,0
168310,20
168311,0
168312,0
168313,0
168314,0
168315,0
168316,21
168317,0
168318,0
168319,32
168320,0
168321,0
168322,0
168323,0
168324,0
168325,28
168326,0
168327,0
168328,23
168329,0
168330,32
168331,0
168332,0
168333,0
168334,0
168335,0
168336,0
168337,0
168338,0
168339,20
168340,0
168341,0
168342,0
168343,19
168344,27
168345,0
168346,0
168347,27
168348,0
168349,0
168350,0
168351,0
168352,0
168353,0
168354,0
168355,0
168356,15
168357,32
168358,0
168359,0
168360,0
168361,0
168362,0
168363,0
168364,0
168365,0
168366,0
168367,0
168368,0
168369,0
168370,0
168371,28
168372,0
168373,0
168374,22
168375,0
168376,0
168377,0
168378,0
168379,0
168380,0
168381,0
168382,18
168383,0
168384,0
168385,0
168386,18
168387,0
168388,0
168389,0
168390,0
168391,0
168392,0
168393,0
168394,0
168395,0
168396,25
168397,39
168398,0
168399,38
168400,17
168401,0
168402,0
168403,0
168404,0
168405,0
168406,21
168407,0
168408,0
168409,0
168410,0
168411,0
168412,0
168413,0
168414,0
168415,37
168416,0
168417,0
168418,0
168419,0
168420,0
168421,26
168422,0
168423,0
168424,0
168425,0
168426,29
168427,28
168428,0
168429,0
168430,0
168431,0
168432,0
168433,31
168434,26
168435,26
168436,0
168437,0
168438,0
168439,25
168440,31
168441,0
168442,0
168443,0
168444,0
168445,0
168446,0
168447,24
168448,0
168449,0
168450,0
168451,0
168452,0
168453,0
168454,0
168455,0
168456,0
168457,0
168458,17
168459,0
168460,0
168461,0
168462,0
168463,0
168464,0
168465,0
168466,0
168467,0
168468,27
168469,0
168470,0
168471,0
168472,40
168473,0
168474,0
168475,0
168476,0
168477,0
168478,0
168479,0
168480,0
168481,0
168482,0
168483,0
168484,36
168485,0
168486,0
168487,0
168488,0
168489,0
168490,0
168491,22
168492,0
168493,0
168494,0
168495,0
168496,0
168497,0
168498,0
168499,0
168500,24
168501,33
168502,0
168503,0
168504,0
168505,24
168506,0
168507,0
168508,0
168509,0
168510,0
168511,19
168512,0
168513,0
168514,0
168515,23
168516,0
168517,0
168518,37
168519,0
168520,0
168521,0
168522,0
168523,32
168524,0
168525,38
168526,43
168527,0
168528,0
168529,25
168530,26
168531,0
168532,0
168533,0
168534,23
168535,0
168536,0
168537,0
168538,0
168539,31
168540,0
168541,0
168542,0
168543,0
168544,0
168545,0
168546,0
168547,0
168548,0
168549,0
168550,34
168551,0
168552,0
168553,0
168554,0
168555,0
168556,0
168557,0
168558,34
168559,33
168560,0
168561,0
168562,18
168563,0
168564,0
168565,0
168566,0
168567,0
168568,0
168569,0
168570,0
168571,0
168572,17
168573,0
168574,0
168575,0
168576,20
168577,0
168578,0
168579,0
168580,0
168581,0
168582,0
168583,0
168584,0
168585,21
168586,20
168587,0
168588,0
168589,0
168590,0
168591,31
168592,0
168593,0
168594,0
168595,34
168596,0
168597,0
168598,0
168599,0
168600,0
168601,0
168602,0
168603,0
168604,0
168605,28
168606,0
168607,0
168608,0
168609,0
168610,0
168611,0
168612,0
168613,0
168614,0
168615,0
168616,48
168617,0
168618,0
168619,0
168620,34
168621,0
168622,0
168623,32
168624,0
168625,0
168626,0
168627,44
168628,0
168629,32
168630,0
168631,0
168632,32
168633,24
168634,0
168635,29
168636,25
168637,0
168638,0
168639,0
168640,16
168641,0
168642,0
168643,0
168644,0
168645,0
168646,29
168647,0
168648,0
168649,24
168650,0
168651,0
168652,0
168653,16
168654,0
168655,27
168656,25
168657,0
168658,31
168659,0
168660,0
168661,0
168662,0
168663,0
168664,27
168665,0
168666,25
168667,21
168668,0
168669,28
168670,0
168671,0
168672,0
168673,0
168674,19
168675,0
168676,0
168677,0
168678,0
168679,0
168680,0
168681,0
168682,0
168683,0
168684,0
168685,0
168686,23
168687,22
168688,0
168689,0
168690,0
168691,0
168692,0
168693,31
168694,0
168695,37
168696,0
168697,0
168698,0
168699,0
168700,33
168701,0
168702,0
168703,0
168704,0
168705,0
168706,0
168707,0
168708,0
168709,37
168710,0
168711,0
168712,0
168713,0
168714,0
168715,0
168716,0
168717,0
168718,0
168719,0
168720,0
168721,0
168722,0
168723,0
168724,0
168725,0
168726,0
168727,0
168728,0
168729,0
168730,0
168731,0
168732,0
168733,35
168734,40
168735,0
168736,0
168737,0
168738,28
168739,0
168740,35
168741,0
168742,0
168743,0
168744,34
168745,0
168746,0
168747,31
168748,0
168749,18
168750,29
168751,0
168752,0
168753,0
168754,0
168755,0
168756,0
168757,0
168758,27
168759,0
168760,0
168761,0
168762,0
168763,36
168764,30
168765,33
168766,0
168767,27
168768,0
168769,0
168770,0
168771,0
168772,0
168773,0
168774,0
168775,0
168776,0
168777,0
168778,0
168779,25
168780,0
168781,0
168782,23
168783,24
168784,0
168785,0
168786,43
168787,0
168788,0
168789,0
168790,43
168791,20
168792,0
168793,0
168794,0
168795,0
168796,0
168797,0
168798,0
168799,0
168800,0
168801,25
168802,0
168803,0
168804,0
168805,0
168806,0
168807,0
168808,0
168809,0
168810,0
168811,32
168812,37
168813,0
168814,0
168815,32
168816,0
168817,0
168818,16
168819,0
168820,0
168821,0
168822,27
168823,0
168824,0
168825,38
168826,0
168827,31
168828,31
168829,0
168830,0
168831,0
168832,0
168833,0
168834,24
168835,0
168836,37
168837,0
168838,0
168839,20
168840,30
168841,0
168842,0
168843,0
168844,0
168845,19
168846,0
168847,0
168848,26
168849,0
168850,0
168851,0
168852,0
168853,0
168854,0
168855,0
168856,0
168857,0
168858,0
168859,0
168860,0
168861,0
168862,0
168863,0
168864,0
168865,0
168866,0
168867,0
168868,0
168869,0
168870,0
168871,0
168872,0
168873,0
168874,0
168875,0
168876,0
168877,0
168878,0
168879,0
168880,0
168881,0
168882,0
168883,0
168884,0
168885,0
168886,0
168887,12
168888,0
168889,0
168890,0
168891,0
168892,0
168893,0
168894,0
168895,0
168896,15
168897,0
168898,0
168899,0
168900,0
168901,0
168902,0
168903,0
168904,0
168905,0
168906,0
168907,0
168908,0
168909,0
168910,0
168911,23
168912,0
168913,0
168914,13
168915,0
168916,0
168917,0
168918,6
168919,0
168920,0
168921,0
168922,0
168923,0
168924,0
168925,0
168926,0
168927,0
168928,0
168929,0
168930,0
168931,0
168932,0
168933,0
168934,0
168935,0
168936,0
168937,0
168938,0
168939,0
168940,15
168941,0
168942,0
168943,0
168944,0
168945,0
168946,0
168947,0
168948,0
168949,14
168950,0
168951,0
168952,19
168953,0
168954,0
168955,0
168956,0
168957,0
168958,0
168959,0
168960,0
168961,0
168962,22
168963,0
168964,0
168965,0
168966,0
168967,0
168968,0
168969,0
168970,0
168971,0
168972,12
168973,0
168974,0
168975,0
168976,0
168977,0
168978,0
168979,0
168980,0
168981,0
168982,0
168983,0
168984,0
168985,0
168986,0
168987,18
168988,0
168989,0
168990,0
168991,0
168992,15
168993,0
168994,17
168995,0
168996,0
168997,0
168998,0
168999,0
169000,0
169001,0
169002,0
169003,0
169004,21
169005,0
169006,0
169007,0
169008,0
169009,0
169010,0
169011,9
169012,14
169013,0
169014,0
169015,0
169016,0
169017,0
169018,0
169019,0
169020,0
169021,0
169022,5
169023,0
169024,0
169025,0
169026,0
169027,0
169028,0
169029,0
169030,0
169031,0
169032,0
169033,0
169034,0
169035,0
169036,0
169037,0
169038,0
169039,11
169040,0
169041,0
169042,0
169043,0
169044,0
169045,0
169046,0
169047,0
169048,0
169049,0
169050,0
169051,0
169052,0
169053,0
169054,0
169055,0
169056,0
169057,0
169058,0
169059,0
169060,0
169061,0
169062,0
169063,0
169064,0
169065,20
169066,0
169067,0
169068,0
169069,0
169070,0
169071,0
169072,0
169073,0
169074,0
169075,0
169076,0
169077,0
169078,0
169079,0
169080,0
169081,0
169082,0
169083,0
169084,0
169085,0
169086,0
169087,0
169088,0
169089,0
169090,0
169091,0
169092,0
169093,0
169094,0
169095,0
169096,0
169097,0
169098,0
169099,0
169100,0
169101,0
169102,0
169103,0
169104,0
169105,0
169106,0
169107,13
169108,0
169109,0
169110,0
169111,0
169112,0
169113,0
169114,0
169115,0
169116,14
169117,0
169118,0
169119,0
169120,0
169121,0
169122,0
169123,0
169124,0
169125,0
169126,0
169127,0
169128,0
169129,0
169130,0
169131,0
169132,0
169133,0
169134,0
169135,0
169136,0
169137,0
169138,0
169139,0
169140,0
169141,0
169142,0
169143,19
169144,0
169145,7
169146,0
169147,0
169148,0
169149,0
169150,0
169151,0
169152,0
169153,0
169154,0
169155,0
169156,0
169157,0
169158,0
169159,0
169160,0
169161,0
169162,0
169163,0
169164,0
169165,0
169166,0
169167,0
169168,0
169169,20
169170,0
169171,0
169172,0
169173,0
169174,0
169175,0
169176,0
169177,0
169178,9
169179,0
169180,0
169181,0
169182,0
169183,0
169184,0
169185,0
169186,0
169187,0
169188,0
169189,0
169190,0
169191,0
169192,0
169193,0
169194,0
169195,0
169196,0
169197,11
169198,0
169199,0
169200,0
169201,0
169202,0
169203,0
169204,0
169205,0
169206,0
169207,0
169208,0
169209,0
169210,0
169211,0
169212,17
169213,0
169214,0
169215,0
169216,14
169217,0
169218,0
169219,0
169220,0
169221,0
169222,0
169223,18
169224,0
169225,0
169226,0
169227,0
169228,0
169229,0
169230,0
169231,0
169232,0
169233,0
169234,0
169235,0
169236,0
169237,0
169238,0
169239,0
169240,0
169241,0
169242,0
169243,0
169244,12
169245,0
169246,0
169247,0
169248,17
169249,10
169250,0
169251,16
169252,0
169253,0
169254,0
169255,13
169256,0
169257,9
169258,0
169259,0
169260,0
169261,15
169262,0
169263,0
169264,14
169265,0
169266,0
169267,17
169268,0
169269,0
169270,20
169271,0
169272,0
169273,0
169274,0
169275,0
169276,0
169277,0
169278,21
169279,0
169280,0
169281,0
169282,11
169283,0
169284,0
169285,0
169286,0
169287,0
169288,0
169289,0
169290,0
169291,0
169292,17
169293,17
169294,16
169295,0
169296,17
169297,13
169298,0
169299,0
169300,0
169301,0
169302,0
169303,0
169304,0
169305,0
169306,0
169307,0
169308,0
169309,0
169310,0
169311,0
169312,0
169313,0
169314,0
169315,0
169316,0
169317,0
169318,0
169319,0
169320,0
169321,0
169322,0
169323,0
169324,0
169325,0
169326,0
169327,0
169328,0
169329,0
169330,0
169331,0
169332,0
169333,0
169334,0
169335,11
169336,0
169337,0
169338,0
169339,0
169340,18
169341,0
169342,0
169343,0
169344,0
169345,0
169346,21
169347,0
169348,0
169349,0
169350,0
169351,15
169352,0
169353,0
169354,0
169355,13
169356,0
169357,0
169358,0
169359,0
169360,0
169361,12
169362,0
169363,0
169364,0
169365,0
169366,0
169367,0
169368,0
169369,0
169370,0
169371,0
169372,0
169373,0
169374,0
169375,0
169376,0
169377,0
169378,0
169379,0
169380,0
169381,0
169382,0
169383,0
169384,0
169385,0
169386,21
169387,0
169388,0
169389,0
169390,0
169391,15
169392,0
169393,0
169394,0
169395,0
169396,0
169397,0
169398,0
169399,19
169400,0
169401,0
169402,0
169403,0
169404,0
169405,0
169406,0
169407,0
169408,0
169409,0
169410,0
169411,0
169412,0
169413,0
169414,0
169415,0
169416,0
169417,0
169418,0
169419,0
169420,0
169421,0
169422,0
169423,0
169424,0
169425,0
169426,0
169427,10
169428,0
169429,0
169430,0
169431,12
169432,0
169433,0
169434,0
169435,0
169436,0
169437,0
169438,0
169439,0
169440,0
169441,16
169442,0
169443,0
169444,0
169445,0
169446,0
169447,0
169448,0
169449,0
169450,0
169451,0
169452,0
169453,16
169454,0
169455,0
169456,0
169457,0
169458,0
169459,0
169460,0
169461,0
169462,0
169463,0
169464,0
169465,0
169466,0
169467,15
169468,0
169469,0
169470,0
169471,0
169472,0
169473,0
169474,0
169475,0
169476,0
169477,0
169478,0
169479,0
169480,0
169481,0
169482,0
169483,0
169484,0
169485,0
169486,0
169487,3
169488,0
169489,0
169490,0
169491,0
169492,0
169493,0
169494,0
169495,0
169496,0
169497,0
169498,19
169499,0
169500,0
169501,0
169502,20
169503,0
169504,15
169505,0
169506,9
169507,0
169508,0
169509,0
169510,0
169511,0
169512,0
169513,0
169514,0
169515,0
169516,13
169517,0
169518,0
169519,0
169520,0
169521,0
169522,0
169523,0
169524,0
169525,0
169526,0
169527,0
169528,0
169529,14
169530,0
169531,0
169532,0
169533,0
169534,0
169535,0
169536,0
169537,0
169538,0
169539,0
169540,0
169541,0
169542,0
169543,0
169544,0
169545,0
169546,0
169547,0
169548,0
169549,0
169550,0
169551,0
169552,0
169553,0
169554,0
169555,0
169556,0
169557,0
169558,24
169559,0
169560,0
169561,0
169562,0
169563,0
169564,0
169565,0
169566,0
169567,0
169568,0
169569,0
169570,0
169571,0
169572,0
169573,0
169574,0
169575,0
169576,0
169577,0
169578,0
169579,0
169580,0
169581,0
169582,0
169583,0
169584,0
169585,0
169586,0
169587,0
169588,0
169589,0
169590,0
169591,0
169592,0
169593,0
169594,0
169595,10
169596,0
169597,0
169598,0
169599,0
169600,0
169601,0
169602,0
169603,0
169604,24
169605,0
169606,0
169607,0
169608,0
169609,0
169610,0
169611,0
169612,0
169613,0
169614,0
169615,0
169616,0
169617,0
169618,0
169619,0
169620,0
169621,0
169622,0
169623,0
169624,0
169625,0
169626,0
169627,0
169628,24
169629,0
169630,0
169631,0
169632,0
169633,0
169634,0
169635,0
169636,0
169637,0
169638,0
169639,0
169640,0
169641,0
169642,0
169643,0
169644,0
169645,0
169646,0
169647,0
169648,0
169649,0
169650,0
169651,0
169652,9
169653,0
169654,0
169655,0
169656,0
169657,0
169658,0
169659,0
169660,0
169661,0
169662,10
169663,0
169664,0
169665,0
169666,0
169667,0
169668,17
169669,0
169670,0
169671,0
169672,16
169673,20
169674,0
169675,19
169676,0
169677,0
169678,0
169679,0
169680,0
169681,10
169682,0
169683,10
169684,16
169685,0
169686,0
169687,0
169688,0
169689,0
169690,0
169691,0
169692,0
169693,0
169694,0
169695,0
169696,0
169697,0
169698,0
169699,0
169700,0
169701,0
169702,0
169703,0
169704,0
169705,7
169706,0
169707,0
169708,0
169709,0
169710,0
169711,0
169712,0
169713,0
169714,0
169715,0
169716,0
169717,0
169718,0
169719,0
169720,7
169721,0
169722,0
169723,0
169724,0
169725,0
169726,8
169727,0
169728,0
169729,0
169730,0
169731,0
169732,0
169733,0
169734,0
169735,0
169736,0
169737,0
169738,0
169739,0
169740,0
169741,0
169742,0
169743,0
169744,7
169745,0
169746,0
169747,0
169748,0
169749,0
169750,0
169751,8
169752,5
169753,7
169754,0
169755,8
169756,0
169757,0
169758,0
169759,7
169760,0
169761,0
169762,0
169763,0
169764,0
169765,0
169766,0
169767,0
169768,0
169769,0
169770,0
169771,0
169772,0
169773,0
169774,5
169775,0
169776,0
169777,0
169778,0
169779,0
169780,0
169781,0
169782,0
169783,0
169784,10
169785,0
169786,0
169787,0
169788,0
169789,0
169790,9
169791,0
169792,0
169793,0
169794,0
169795,0
169796,0
169797,0
169798,0
169799,0
169800,0
169801,0
169802,0
169803,0
169804,0
169805,0
169806,10
169807,6
169808,0
169809,0
169810,0
169811,0
169812,0
169813,0
169814,0
169815,0
169816,0
169817,0
169818,0
169819,0
169820,6
169821,0
169822,0
169823,0
169824,0
169825,0
169826,0
169827,0
169828,12
169829,0
169830,0
169831,0
169832,0
169833,0
169834,0
169835,0
169836,0
169837,0
169838,0
169839,0
169840,0
169841,0
169842,0
169843,12
169844,0
169845,0
169846,0
169847,0
169848,11
169849,0
169850,0
169851,0
169852,0
169853,0
169854,0
169855,0
169856,0
169857,0
169858,0
169859,0
169860,0
169861,0
169862,0
169863,0
169864,9
169865,0
169866,16
169867,6
169868,0
169869,0
169870,0
169871,15
169872,5
169873,0
169874,9
169875,0
169876,0
169877,9
169878,0
169879,0
169880,6
169881,0
169882,0
169883,0
169884,0
169885,0
169886,0
169887,0
169888,16
169889,0
169890,0
169891,3
169892,0
169893,0
169894,9
169895,0
169896,0
169897,14
169898,7
169899,9
169900,0
169901,0
169902,0
169903,0
169904,0
169905,0
169906,0
169907,0
169908,0
169909,8
169910,0
169911,0
169912,0
169913,0
169914,0
169915,0
169916,0
169917,0
169918,0
169919,0
169920,0
169921,0
169922,13
169923,0
169924,0
169925,13
169926,0
169927,12
169928,0
169929,0
169930,0
169931,0
169932,0
169933,0
169934,0
169935,0
169936,0
169937,0
169938,0
169939,0
169940,0
169941,4
169942,14
169943,0
169944,0
169945,0
169946,8
169947,6
169948,0
169949,8
169950,0
169951,0
169952,0
169953,0
169954,0
169955,0
169956,0
169957,0
169958,0
169959,0
169960,14
169961,0
169962,0
169963,4
169964,0
169965,0
169966,0
169967,0
169968,5
169969,0
169970,0
169971,6
169972,0
169973,6
169974,0
169975,7
169976,0
169977,0
169978,0
169979,0
169980,0
169981,0
169982,0
169983,0
169984,10
169985,0
169986,0
169987,0
169988,0
169989,5
169990,0
169991,0
169992,0
169993,0
169994,0
169995,0
169996,0
169997,0
169998,0
169999,0
170000,0
170001,0
170002,11
170003,0
170004,0
170005,9
170006,0
170007,0
170008,0
170009,0
170010,0
170011,0
170012,0
170013,0
170014,0
170015,0
170016,11
170017,5
170018,8
170019,16
170020,0
170021,8
170022,0
170023,0
170024,0
170025,6
170026,0
170027,5
170028,0
170029,0
170030,0
170031,12
170032,0
170033,0
170034,0
170035,0
170036,0
170037,0
170038,0
170039,0
170040,0
170041,0
170042,0
170043,0
170044,0
170045,0
170046,0
170047,0
170048,0
170049,0
170050,0
170051,0
170052,0
170053,0
170054,0
170055,0
170056,0
170057,4
170058,11
170059,0
170060,0
170061,0
170062,0
170063,13
170064,11
170065,0
170066,0
170067,0
170068,0
170069,0
170070,0
170071,6
170072,0
170073,0
170074,11
170075,0
170076,0
170077,0
170078,0
170079,0
170080,0
170081,7
170082,0
170083,0
170084,0
170085,0
170086,0
170087,0
170088,12
170089,0
170090,0
170091,0
170092,9
170093,0
170094,0
170095,0
170096,0
170097,0
170098,8
170099,0
170100,0
170101,0
170102,0
170103,0
170104,7
170105,0
170106,7
170107,0
170108,10
170109,0
170110,0
170111,0
170112,0
170113,0
170114,0
170115,0
170116,15
170117,0
170118,0
170119,0
170120,0
170121,0
170122,0
170123,0
170124,0
170125,0
170126,0
170127,0
170128,0
170129,0
170130,0
170131,0
170132,5
170133,0
170134,0
170135,0
170136,0
170137,0
170138,0
170139,0
170140,0
170141,0
170142,0
170143,0
170144,0
170145,11
170146,0
170147,0
170148,0
170149,0
170150,0
170151,0
170152,0
170153,0
170154,0
170155,7
170156,0
170157,0
170158,8
170159,0
170160,0
170161,0
170162,14
170163,0
170164,0
170165,0
170166,0
170167,0
170168,0
170169,0
170170,0
170171,0
170172,0
170173,0
170174,0
170175,9
170176,10
170177,0
170178,0
170179,0
170180,0
170181,0
170182,0
170183,0
170184,0
170185,0
170186,5
170187,0
170188,0
170189,13
170190,0
170191,0
170192,0
170193,9
170194,0
170195,0
170196,0
170197,0
170198,0
170199,11
170200,0
170201,9
170202,0
170203,5
170204,0
170205,0
170206,0
170207,0
170208,0
170209,9
170210,0
170211,0
170212,8
170213,0
170214,0
170215,4
170216,0
170217,0
170218,0
170219,0
170220,0
170221,0
170222,0
170223,0
170224,0
170225,0
170226,0
170227,0
170228,0
170229,0
170230,0
170231,3
170232,0
170233,0
170234,0
170235,11
170236,0
170237,0
170238,15
170239,0
170240,0
170241,0
170242,0
170243,0
170244,0
170245,0
170246,0
170247,0
170248,13
170249,0
170250,0
170251,0
170252,0
170253,0
170254,0
170255,0
170256,0
170257,0
170258,0
170259,0
170260,0
170261,2
170262,0
170263,0
170264,0
170265,0
170266,0
170267,12
170268,0
170269,0
170270,0
170271,0
170272,0
170273,7
170274,0
170275,10
170276,0
170277,0
170278,9
170279,0
170280,0
170281,0
170282,0
170283,0
170284,0
170285,0
170286,0
170287,0
170288,12
170289,17
170290,0
170291,0
170292,0
170293,0
170294,0
170295,0
170296,0
170297,0
170298,0
170299,0
170300,0
170301,9
170302,0
170303,0
170304,0
170305,0
170306,0
170307,0
170308,5
170309,8
170310,0
170311,0
170312,0
170313,0
170314,15
170315,0
170316,0
170317,0
170318,0
170319,6
170320,0
170321,0
170322,0
170323,0
170324,19
170325,0
170326,0
170327,0
170328,0
170329,0
170330,0
170331,0
170332,0
170333,0
170334,0
170335,10
170336,0
170337,0
170338,0
170339,0
170340,0
170341,0
170342,0
170343,0
170344,0
170345,0
170346,11
170347,0
170348,0
170349,0
170350,0
170351,0
170352,0
170353,0
170354,0
170355,8
170356,5
170357,0
170358,0
170359,0
170360,0
170361,0
170362,0
170363,0
170364,0
170365,0
170366,0
170367,0
170368,0
170369,0
170370,0
170371,12
170372,0
170373,0
170374,0
170375,0
170376,0
170377,0
170378,13
170379,0
170380,0
170381,0
170382,0
170383,0
170384,0
170385,0
170386,0
170387,9
170388,9
170389,0
170390,5
170391,10
170392,0
170393,0
170394,0
170395,0
170396,0
170397,0
170398,12
170399,0
170400,0
170401,0
170402,0
170403,9
170404,0
170405,0
170406,0
170407,0
170408,0
170409,0
170410,0
170411,0
170412,6
170413,10
170414,0
170415,15
170416,0
170417,0
170418,0
170419,0
170420,0
170421,9
170422,0
170423,0
170424,0
170425,0
170426,0
170427,0
170428,0
170429,10
170430,0
170431,0
170432,0
170433,16
170434,6
170435,0
170436,0
170437,0
170438,0
170439,9
170440,0
170441,0
170442,0
170443,0
170444,0
170445,0
170446,0
170447,5
170448,0
170449,0
170450,0
170451,0
170452,11
170453,0
170454,0
170455,0
170456,16
170457,0
170458,0
170459,0
170460,0
170461,0
170462,0
170463,7
170464,0
170465,0
170466,0
170467,0
170468,0
170469,16
170470,0
170471,0
170472,0
170473,0
170474,0
170475,0
170476,0
170477,6
170478,0
170479,0
170480,6
170481,0
170482,10
170483,0
170484,0
170485,0
170486,0
170487,0
170488,0
170489,0
170490,0
170491,0
170492,0
170493,0
170494,0
170495,0
170496,0
170497,0
170498,11
170499,0
170500,0
170501,0
170502,0
170503,0
170504,0
170505,0
170506,0
170507,0
170508,11
170509,0
170510,0
170511,6
170512,0
170513,0
170514,0
170515,0
170516,0
170517,0
170518,0
170519,0
170520,0
170521,0
170522,0
170523,0
170524,0
170525,7
170526,0
170527,0
170528,0
170529,0
170530,0
170531,0
170532,0
170533,0
170534,0
170535,0
170536,6
170537,0
170538,11
170539,0
170540,0
170541,0
170542,10
170543,6
170544,0
170545,0
170546,0
170547,0
170548,0
170549,0
170550,0
170551,0
170552,0
170553,0
170554,0
170555,0
170556,0
170557,0
170558,13
170559,14
170560,0
170561,0
170562,0
170563,0
170564,0
170565,9
170566,0
170567,0
170568,0
170569,0
170570,0
170571,0
170572,9
170573,0
170574,0
170575,0
170576,0
170577,0
170578,0
170579,0
170580,0
170581,0
170582,0
170583,0
170584,0
170585,0
170586,0
170587,0
170588,0
170589,0
170590,9
170591,0
170592,0
170593,0
170594,0
170595,0
170596,17
170597,0
170598,0
170599,0
170600,0
170601,0
170602,0
170603,8
170604,0
170605,0
170606,0
170607,0
170608,4
170609,6
170610,10
170611,0
170612,0
170613,0
170614,8
170615,0
170616,0
170617,0
170618,3
170619,2
170620,0
170621,0
170622,5
170623,7
170624,0
170625,0
170626,0
170627,0
170628,0
170629,0
170630,0
170631,10
170632,0
170633,0
170634,0
170635,0
170636,0
170637,0
170638,0
170639,0
170640,0
170641,0
170642,0
170643,2
170644,0
170645,0
170646,0
170647,0
170648,0
170649,7
170650,0
170651,0
170652,0
170653,0
170654,0
170655,0
170656,7
170657,7
170658,0
170659,0
170660,0
170661,0
170662,0
170663,0
170664,0
170665,1
170666,6
170667,5
170668,0
170669,0
170670,0
170671,0
170672,0
170673,0
170674,4
170675,6
170676,0
170677,10
170678,0
170679,0
170680,0
170681,0
170682,0
170683,0
170684,0
170685,0
170686,0
170687,8
170688,0
170689,0
170690,0
170691,0
170692,0
170693,0
170694,0
170695,0
170696,0
170697,0
170698,8
170699,0
170700,0
170701,0
170702,0
170703,8
170704,0
170705,0
170706,0
170707,0
170708,0
170709,8
170710,4
170711,0
170712,4
170713,0
170714,0
170715,0
170716,6
170717,4
170718,0
170719,0
170720,0
170721,0
170722,0
170723,5
170724,0
170725,0
170726,0
170727,0
170728,0
170729,5
170730,10
170731,0
170732,0
170733,8
170734,0
170735,5
170736,0
170737,0
170738,0
170739,0
170740,8
170741,0
170742,0
170743,7
170744,9
170745,0
170746,0
170747,0
170748,7
170749,5
170750,0
170751,0
170752,8
170753,0
170754,13
170755,0
170756,0
170757,0
170758,0
170759,0
170760,0
170761,0
170762,7
170763,0
170764,6
170765,6
170766,0
170767,9
170768,0
170769,0
170770,0
170771,0
170772,0
170773,0
170774,0
170775,2
170776,0
170777,0
170778,0
170779,0
170780,0
170781,0
170782,29
170783,0
170784,0
170785,0
170786,0
170787,0
170788,0
170789,0
170790,0
170791,0
170792,0
170793,0
170794,0
170795,0
170796,0
170797,0
170798,59
170799,0
170800,0
170801,53
170802,0
170803,37
170804,0
170805,25
170806,0
170807,0
170808,0
170809,0
170810,21
170811,0
170812,0
170813,0
170814,0
170815,30
170816,0
170817,0
170818,0
170819,0
170820,0
170821,0
170822,0
170823,0
170824,0
170825,0
170826,0
170827,0
170828,0
170829,0
170830,0
170831,0
170832,0
170833,0
170834,0
170835,0
170836,52
170837,0
170838,21
170839,0
170840,61
170841,0
170842,0
170843,0
170844,0
170845,0
170846,0
170847,0
170848,31
170849,0
170850,0
170851,55
170852,0
170853,0
170854,45
170855,0
170856,50
170857,0
170858,0
170859,0
170860,0
170861,0
170862,0
170863,0
170864,0
170865,18
170866,35
170867,0
170868,0
170869,47
170870,0
170871,0
170872,0
170873,0
170874,0
170875,0
170876,0
170877,0
170878,31
170879,42
170880,30
170881,0
170882,43
170883,0
170884,0
170885,0
170886,0
170887,0
170888,50
170889,0
170890,31
170891,0
170892,0
170893,37
170894,0
170895,19
170896,0
170897,0
170898,0
170899,0
170900,0
170901,0
170902,0
170903,0
170904,0
170905,0
170906,0
170907,0
170908,0
170909,0
170910,0
170911,0
170912,0
170913,0
170914,0
170915,0
170916,0
170917,0
170918,0
170919,0
170920,0
170921,0
170922,0
170923,0
170924,0
170925,0
170926,0
170927,0
170928,45
170929,0
170930,0
170931,0
170932,0
170933,25
170934,0
170935,0
170936,0
170937,0
170938,32
170939,55
170940,0
170941,0
170942,0
170943,0
170944,0
170945,0
170946,0
170947,0
170948,0
170949,0
170950,0
170951,0
170952,0
170953,0
170954,0
170955,0
170956,0
170957,0
170958,0
170959,0
170960,0
170961,0
170962,0
170963,0
170964,0
170965,0
170966,0
170967,0
170968,0
170969,0
170970,0
170971,0
170972,0
170973,0
170974,0
170975,0
170976,0
170977,0
170978,0
170979,35
170980,0
170981,0
170982,24
170983,0
170984,0
170985,0
170986,35
170987,0
170988,0
170989,0
170990,28
170991,0
170992,0
170993,0
170994,41
170995,0
170996,0
170997,0
170998,0
170999,0
171000,0
171001,21
171002,39
171003,0
171004,0
171005,0
171006,0
171007,0
171008,0
171009,0
171010,0
171011,0
171012,0
171013,0
171014,0
171015,59
171016,0
171017,0
171018,0
171019,0
171020,0
171021,32
171022,24
171023,59
171024,41
171025,0
171026,0
171027,44
171028,31
171029,38
171030,0
171031,0
171032,0
171033,0
171034,0
171035,0
171036,0
171037,0
171038,0
171039,0
171040,0
171041,0
171042,0
171043,45
171044,0
171045,0
171046,0
171047,0
171048,0
171049,26
171050,0
171051,0
171052,25
171053,21
171054,0
171055,0
171056,0
171057,0
171058,0
171059,0
171060,41
171061,0
171062,0
171063,0
171064,0
171065,0
171066,52
171067,0
171068,0
171069,0
171070,0
171071,0
171072,0
171073,0
171074,0
171075,0
171076,0
171077,0
171078,43
171079,0
171080,0
171081,0
171082,24
171083,0
171084,0
171085,0
171086,0
171087,0
171088,0
171089,43
171090,0
171091,0
171092,0
171093,0
171094,0
171095,0
171096,0
171097,0
171098,0
171099,0
171100,0
171101,0
171102,0
171103,0
171104,0
171105,0
171106,0
171107,0
171108,0
171109,0
171110,0
171111,0
171112,0
171113,0
171114,0
171115,0
171116,0
171117,0
171118,0
171119,38
171120,0
171121,0
171122,0
171123,0
171124,0
171125,0
171126,28
171127,0
171128,0
171129,0
171130,0
171131,0
171132,0
171133,0
171134,0
171135,0
171136,0
171137,0
171138,0
171139,0
171140,0
171141,0
171142,0
171143,0
171144,0
171145,0
171146,0
171147,0
171148,0
171149,0
171150,0
171151,0
171152,0
171153,0
171154,0
171155,0
171156,0
171157,33
171158,0
171159,0
171160,23
171161,0
171162,0
171163,0
171164,0
171165,0
171166,0
171167,0
171168,0
171169,53
171170,0
171171,36
171172,0
171173,0
171174,0
171175,0
171176,20
171177,0
171178,0
171179,0
171180,0
171181,0
171182,0
171183,0
171184,35
171185,0
171186,0
171187,0
171188,0
171189,0
171190,0
171191,0
171192,43
171193,0
171194,33
171195,0
171196,0
171197,0
171198,0
171199,0
171200,0
171201,0
171202,0
171203,0
171204,0
171205,0
171206,0
171207,0
171208,0
171209,0
171210,0
171211,27
171212,0
171213,0
171214,0
171215,0
171216,39
171217,0
171218,0
171219,0
171220,0
171221,0
171222,49
171223,0
171224,29
171225,0
171226,0
171227,0
171228,0
171229,0
171230,0
171231,0
171232,0
171233,0
171234,0
171235,0
171236,0
171237,0
171238,0
171239,0
171240,53
171241,0
171242,0
171243,0
171244,0
171245,0
171246,0
171247,0
171248,0
171249,0
171250,0
171251,0
171252,0
171253,0
171254,0
171255,0
171256,0
171257,0
171258,0
171259,0
171260,0
171261,0
171262,0
171263,45
171264,0
171265,0
171266,0
171267,0
171268,0
171269,0
171270,0
171271,0
171272,0
171273,0
171274,42
171275,0
171276,0
171277,0
171278,33
171279,0
171280,0
171281,0
171282,0
171283,0
171284,0
171285,0
171286,0
171287,0
171288,0
171289,0
171290,0
171291,0
171292,33
171293,0
171294,0
171295,0
171296,0
171297,0
171298,0
171299,0
171300,0
171301,0
171302,0
171303,0
171304,0
171305,27
171306,0
171307,0
171308,0
171309,0
171310,27
171311,0
171312,0
171313,0
171314,0
171315,0
171316,0
171317,0
171318,0
171319,0
171320,0
171321,29
171322,0
171323,0
171324,0
171325,0
171326,0
171327,0
171328,0
171329,0
171330,0
171331,37
171332,0
171333,0
171334,0
171335,0
171336,32
171337,0
171338,0
171339,0
171340,0
171341,0
171342,0
171343,0
171344,0
171345,0
171346,44
171347,0
171348,46
171349,0
171350,0
171351,0
171352,0
171353,0
171354,0
171355,0
171356,0
171357,0
171358,0
171359,0
171360,24
171361,0
171362,0
171363,0
171364,0
171365,0
171366,0
171367,0
171368,0
171369,48
171370,0
171371,28
171372,0
171373,0
171374,0
171375,0
171376,0
171377,0
171378,0
171379,0
171380,33
171381,0
171382,0
171383,0
171384,0
171385,0
171386,35
171387,0
171388,0
171389,0
171390,0
171391,0
171392,0
171393,0
171394,0
171395,0
171396,0
171397,0
171398,0
171399,0
171400,0
171401,0
171402,0
171403,0
171404,0
171405,0
171406,0
171407,50
171408,0
171409,27
171410,0
171411,0
171412,0
171413,0
171414,0
171415,0
171416,0
171417,0
171418,0
171419,0
171420,0
171421,0
171422,0
171423,0
171424,0
171425,0
171426,0
171427,0
171428,0
171429,35
171430,0
171431,0
171432,36
171433,0
171434,0
171435,51
171436,0
171437,0
171438,0
171439,0
171440,28
171441,0
171442,0
171443,0
171444,0
171445,0
171446,0
171447,0
171448,0
171449,0
171450,0
171451,0
171452,0
171453,0
171454,0
171455,0
171456,0
171457,43
171458,0
171459,0
171460,0
171461,0
171462,0
171463,0
171464,0
171465,41
171466,0
171467,70
171468,38
171469,0
171470,0
171471,0
171472,0
171473,0
171474,0
171475,0
171476,38
171477,0
171478,0
171479,0
171480,0
171481,0
171482,0
171483,0
171484,0
171485,0
171486,0
171487,0
171488,0
171489,0
171490,0
171491,0
171492,44
171493,0
171494,0
171495,0
171496,32
171497,0
171498,0
171499,0
171500,0
171501,0
171502,0
171503,35
171504,0
171505,0
171506,0
171507,0
171508,0
171509,0
171510,39
171511,0
171512,0
171513,0
171514,0
171515,0
171516,0
171517,0
171518,31
171519,0
171520,0
171521,0
171522,0
171523,0
171524,31
171525,0
171526,0
171527,0
171528,0
171529,0
171530,0
171531,0
171532,0
171533,50
171534,0
171535,0
171536,0
171537,0
171538,0
171539,0
171540,0
171541,0
171542,0
171543,0
171544,0
171545,0
171546,0
171547,0
171548,0
171549,0
171550,0
171551,0
171552,0
171553,30
171554,0
171555,0
171556,0
171557,0
171558,0
171559,49
171560,45
171561,0
171562,0
171563,0
171564,0
171565,0
171566,0
171567,0
171568,0
171569,48
171570,0
171571,0
171572,0
171573,0
171574,0
171575,0
171576,0
171577,0
171578,0
171579,0
171580,0
171581,0
171582,0
171583,0
171584,0
171585,0
171586,36
171587,0
171588,0
171589,0
171590,0
171591,0
171592,50
171593,0
171594,0
171595,0
171596,0
171597,22
171598,0
171599,0
171600,0
171601,0
171602,0
171603,0
171604,0
171605,0
171606,0
171607,0
171608,47
171609,0
171610,0
171611,0
171612,0
171613,0
171614,0
171615,0
171616,0
171617,0
171618,26
171619,0
171620,0
171621,0
171622,0
171623,0
171624,0
171625,0
171626,0
171627,0
171628,0
171629,33
171630,0
171631,0
171632,0
171633,0
171634,0
171635,0
171636,0
171637,0
171638,0
171639,0
171640,0
171641,0
171642,0
171643,0
171644,0
171645,0
171646,0
171647,0
171648,0
171649,0
171650,0
171651,0
171652,0
171653,0
171654,0
171655,0
171656,33
171657,0
171658,0
171659,0
171660,0
171661,0
171662,0
171663,0
171664,0
171665,31
171666,0
171667,0
171668,0
171669,0
171670,0
171671,0
171672,27
171673,0
171674,0
171675,0
171676,0
171677,0
171678,16
171679,0
171680,0
171681,0
171682,43
171683,33
171684,0
171685,0
171686,0
171687,0
171688,0
171689,0
171690,0
171691,0
171692,0
171693,34
171694,0
171695,0
171696,0
171697,0
171698,0
171699,0
171700,0
171701,0
171702,0
171703,33
171704,0
171705,0
171706,0
171707,34
171708,0
171709,0
171710,0
171711,0
171712,0
171713,0
171714,0
171715,0
171716,0
171717,0
171718,0
171719,0
171720,0
171721,0
171722,0
171723,0
171724,0
171725,0
171726,0
171727,0
171728,0
171729,0
171730,0
171731,0
171732,0
171733,0
171734,0
171735,0
171736,0
171737,0
171738,27
171739,0
171740,0
171741,0
171742,0
171743,0
171744,0
171745,0
171746,0
171747,0
171748,0
171749,0
171750,0
171751,0
171752,0
171753,0
171754,0
171755,0
171756,37
171757,0
171758,0
171759,0
171760,0
171761,0
171762,0
171763,0
171764,0
171765,0
171766,0
171767,0
171768,0
171769,0
171770,38
171771,0
171772,0
171773,0
171774,0
171775,0
171776,0
171777,0
171778,0
171779,0
171780,35
171781,0
171782,0
171783,0
171784,0
171785,0
171786,41
171787,31
171788,0
171789,0
171790,0
171791,0
171792,0
171793,0
171794,0
171795,0
171796,0
171797,0
171798,0
171799,0
171800,0
171801,0
171802,0
171803,0
171804,0
171805,0
171806,31
171807,0
171808,0
171809,0
171810,0
171811,0
171812,0
171813,0
171814,0
171815,0
171816,0
171817,0
171818,26
171819,0
171820,0
171821,0
171822,0
171823,0
171824,0
171825,0
171826,0
171827,0
171828,0
171829,0
171830,0
171831,0
171832,0
171833,0
171834,0
171835,0
171836,0
171837,0
171838,0
171839,0
171840,0
171841,0
171842,0
171843,0
171844,0
171845,27
171846,0
171847,0
171848,0
171849,36
171850,0
171851,0
171852,0
171853,0
171854,22
171855,0
171856,0
171857,0
171858,0
171859,0
171860,0
171861,26
171862,26
171863,0
171864,33
171865,0
171866,0
171867,23
171868,0
171869,0
171870,0
171871,0
171872,0
171873,0
171874,0
171875,0
171876,0
171877,0
171878,0
171879,28
171880,0
171881,0
171882,0
171883,33
171884,0
171885,0
171886,0
171887,0
171888,0
171889,0
171890,0
171891,0
171892,38
171893,0
171894,0
171895,0
171896,49
171897,0
171898,0
171899,0
171900,0
171901,0
171902,0
171903,0
171904,29
171905,0
171906,0
171907,0
171908,0
171909,0
171910,0
171911,0
171912,0
171913,0
171914,0
171915,0
171916,0
171917,0
171918,0
171919,0
171920,0
171921,0
171922,0
171923,0
171924,0
171925,0
171926,0
171927,0
171928,0
171929,0
171930,0
171931,0
171932,0
171933,0
171934,0
171935,0
171936,0
171937,0
171938,0
171939,0
171940,0
171941,0
171942,36
171943,0
171944,0
171945,0
171946,0
171947,0
171948,44
171949,0
171950,0
171951,0
171952,0
171953,0
171954,0
171955,0
171956,0
171957,0
171958,0
171959,0
171960,0
171961,0
171962,17
171963,0
171964,29
171965,0
171966,0
171967,0
171968,0
171969,0
171970,0
171971,0
171972,0
171973,0
171974,0
171975,0
171976,0
171977,0
171978,0
171979,0
171980,0
171981,0
171982,0
171983,0
171984,0
171985,0
171986,0
171987,0
171988,0
171989,0
171990,0
171991,0
171992,0
171993,0
171994,0
171995,0
171996,0
171997,0
171998,0
171999,22
172000,0
172001,0
172002,0
172003,0
172004,0
172005,0
172006,0
172007,0
172008,0
172009,0
172010,0
172011,0
172012,0
172013,0
172014,0
172015,36
172016,0
172017,0
172018,0
172019,0
172020,0
172021,0
172022,0
172023,0
172024,0
172025,0
172026,0
172027,0
172028,0
172029,0
172030,0
172031,0
172032,0
172033,0
172034,0
172035,0
172036,0
172037,0
172038,0
172039,0
172040,0
172041,0
172042,0
172043,0
172044,0
172045,0
172046,0
172047,0
172048,0
172049,0
172050,0
172051,0
172052,0
172053,0
172054,0
172055,0
172056,0
172057,0
172058,0
172059,0
172060,0
172061,0
172062,41
172063,0
172064,0
172065,0
172066,0
172067,0
172068,0
172069,0
172070,0
172071,0
172072,0
172073,0
172074,29
172075,0
172076,0
172077,0
172078,0
172079,0
172080,0
172081,21
172082,0
172083,0
172084,0
172085,0
172086,0
172087,0
172088,0
172089,0
172090,49
172091,0
172092,0
172093,0
172094,0
172095,0
172096,0
172097,0
172098,0
172099,0
172100,0
172101,0
172102,0
172103,0
172104,0
172105,0
172106,0
172107,0
172108,0
172109,0
172110,0
172111,0
172112,0
172113,0
172114,26
172115,0
172116,0
172117,0
172118,0
172119,0
172120,0
172121,0
172122,0
172123,0
172124,0
172125,0
172126,0
172127,0
172128,0
172129,0
172130,0
172131,0
172132,0
172133,0
172134,0
172135,0
172136,0
172137,0
172138,0
172139,0
172140,0
172141,0
172142,0
172143,0
172144,0
172145,0
172146,0
172147,0
172148,0
172149,0
172150,0
172151,0
172152,0
172153,0
172154,0
172155,0
172156,0
172157,0
172158,0
172159,0
172160,0
172161,0
172162,0
172163,0
172164,0
172165,0
172166,0
172167,0
172168,0
172169,0
172170,0
172171,0
172172,0
172173,0
172174,0
172175,0
172176,0
172177,0
172178,0
172179,30
172180,0
172181,0
172182,0
172183,0
172184,0
172185,0
172186,0
172187,0
172188,0
172189,0
172190,0
172191,0
172192,0
172193,0
172194,4
172195,7
172196,2
172197,0
172198,0
172199,0
172200,0
172201,0
172202,6
172203,0
172204,0
172205,0
172206,0
172207,2
172208,0
172209,1
172210,0
172211,0
172212,0
172213,0
172214,0
172215,0
172216,0
172217,0
172218,0
172219,0
172220,0
172221,0
172222,0
172223,0
172224,0
172225,0
172226,0
172227,0
172228,0
172229,2
172230,6
172231,0
172232,0
172233,0
172234,0
172235,0
172236,0
172237,0
172238,0
172239,4
172240,0
172241,5
172242,0
172243,0
172244,0
172245,0
172246,0
172247,0
172248,0
172249,0
172250,5
172251,0
172252,0
172253,0
172254,0
172255,0
172256,0
172257,5
172258,0
172259,0
172260,0
172261,3
172262,0
172263,0
172264,0
172265,0
172266,0
172267,0
172268,3
172269,0
172270,5
172271,0
172272,0
172273,0
172274,0
172275,0
172276,4
172277,0
172278,0
172279,0
172280,0
172281,0
172282,0
172283,0
172284,0
172285,0
172286,0
172287,0
172288,0
172289,0
172290,6
172291,2
172292,0
172293,0
172294,0
172295,0
172296,0
172297,4
172298,0
172299,0
172300,0
172301,0
172302,0
172303,0
172304,0
172305,0
172306,0
172307,4
172308,0
172309,0
172310,3
172311,0
172312,2
172313,2
172314,2
172315,0
172316,0
172317,2
172318,0
172319,0
172320,0
172321,0
172322,0
172323,0
172324,0
172325,0
172326,0
172327,0
172328,0
172329,1
172330,0
172331,4
172332,0
172333,0
172334,0
172335,0
172336,5
172337,0
172338,0
172339,0
172340,3
172341,0
172342,4
172343,0
172344,4
172345,5
172346,0
172347,0
172348,0
172349,0
172350,0
172351,0
172352,4
172353,4
172354,0
172355,0
172356,0
172357,2
172358,0
172359,0
172360,0
172361,0
172362,0
172363,0
172364,4
172365,0
172366,0
172367,0
172368,0
172369,0
172370,3
172371,5
172372,4
172373,0
172374,0
172375,0
172376,0
172377,0
172378,2
172379,0
172380,0
172381,0
172382,0
172383,0
172384,0
172385,0
172386,0
172387,0
172388,0
172389,0
172390,0
172391,0
172392,0
172393,0
172394,10
172395,0
172396,0
172397,0
172398,0
172399,0
172400,0
172401,0
172402,0
172403,1
172404,0
172405,0
172406,0
172407,0
172408,0
172409,0
172410,0
172411,0
172412,0
172413,0
172414,0
172415,0
172416,0
172417,0
172418,0
172419,0
172420,0
172421,1
172422,0
172423,0
172424,3
172425,0
172426,0
172427,0
172428,0
172429,0
172430,0
172431,0
172432,0
172433,3
172434,5
172435,3
172436,0
172437,0
172438,0
172439,0
172440,6
172441,0
172442,0
172443,0
172444,0
172445,0
172446,0
172447,0
172448,0
172449,0
172450,0
172451,4
172452,2
172453,0
172454,0
172455,2
172456,0
172457,0
172458,1
172459,0
172460,0
172461,0
172462,0
172463,0
172464,4
172465,0
172466,0
172467,0
172468,3
172469,0
172470,4
172471,0
172472,0
172473,2
172474,0
172475,0
172476,5
172477,0
172478,0
172479,0
172480,0
172481,0
172482,0
172483,0
172484,0
172485,0
172486,0
172487,4
172488,0
172489,0
172490,0
172491,1
172492,0
172493,1
172494,0
172495,0
172496,0
172497,3
172498,0
172499,0
172500,3
172501,0
172502,0
172503,1
172504,0
172505,0
172506,0
172507,0
172508,0
172509,4
172510,0
172511,3
172512,0
172513,0
172514,0
172515,7
172516,0
172517,0
172518,0
172519,0
172520,0
172521,0
172522,0
172523,0
172524,0
172525,0
172526,0
172527,0
172528,1
172529,2
172530,1
172531,0
172532,0
172533,0
172534,0
172535,0
172536,0
172537,4
172538,3
172539,0
172540,0
172541,5
172542,1
172543,4
172544,0
172545,0
172546,0
172547,0
172548,0
172549,0
172550,0
172551,0
172552,4
172553,2
172554,0
172555,1
172556,0
172557,0
172558,0
172559,0
172560,4
172561,0
172562,0
172563,0
172564,0
172565,2
172566,0
172567,32
172568,28
172569,0
172570,23
172571,0
172572,0
172573,29
172574,0
172575,0
172576,0
172577,0
172578,0
172579,32
172580,0
172581,0
172582,0
172583,0
172584,31
172585,0
172586,0
172587,0
172588,24
172589,0
172590,0
172591,36
172592,26
172593,0
172594,0
172595,0
172596,0
172597,0
172598,39
172599,24
172600,0
172601,26
172602,23
172603,36
172604,0
172605,30
172606,0
172607,22
172608,0
172609,0
172610,0
172611,0
172612,23
172613,0
172614,29
172615,0
172616,0
172617,0
172618,0
172619,0
172620,0
172621,0
172622,0
172623,0
172624,29
172625,0
172626,0
172627,0
172628,0
172629,0
172630,31
172631,0
172632,0
172633,0
172634,0
172635,0
172636,0
172637,0
172638,35
172639,0
172640,0
172641,16
172642,0
172643,0
172644,31
172645,0
172646,0
172647,0
172648,43
172649,0
172650,36
172651,17
172652,0
172653,31
172654,0
172655,28
172656,0
172657,0
172658,0
172659,0
172660,0
172661,0
172662,27
172663,0
172664,0
172665,0
172666,0
172667,36
172668,0
172669,0
172670,0
172671,32
172672,0
172673,0
172674,0
172675,0
172676,0
172677,32
172678,0
172679,0
172680,0
172681,39
172682,0
172683,0
172684,33
172685,18
172686,0
172687,0
172688,0
172689,0
172690,0
172691,0
172692,0
172693,0
172694,0
172695,24
172696,0
172697,40
172698,0
172699,0
172700,20
172701,40
172702,0
172703,0
172704,0
172705,0
172706,0
172707,0
172708,0
172709,34
172710,0
172711,0
172712,19
172713,0
172714,0
172715,0
172716,0
172717,0
172718,46
172719,0
172720,0
172721,0
172722,0
172723,0
172724,0
172725,38
172726,30
172727,0
172728,20
172729,0
172730,35
172731,0
172732,0
172733,35
172734,20
172735,25
172736,0
172737,28
172738,0
172739,36
172740,0
172741,0
172742,0
172743,31
172744,33
172745,0
172746,0
172747,0
172748,0
172749,0
172750,0
172751,27
172752,0
172753,38
172754,0
172755,0
172756,0
172757,0
172758,0
172759,31
172760,37
172761,0
172762,0
172763,22
172764,28
172765,0
172766,0
172767,0
172768,20
172769,47
172770,0
172771,0
172772,35
172773,0
172774,0
172775,25
172776,0
172777,0
172778,0
172779,0
172780,0
172781,35
172782,0
172783,0
172784,0
172785,0
172786,0
172787,0
172788,25
172789,0
172790,0
172791,0
172792,0
172793,0
172794,24
172795,0
172796,0
172797,47
172798,20
172799,20
172800,0
172801,0
172802,0
172803,0
172804,44
172805,22
172806,30
172807,28
172808,0
172809,0
172810,0
172811,0
172812,0
172813,25
172814,0
172815,36
172816,0
172817,0
172818,0
172819,0
172820,40
172821,28
172822,40
172823,0
172824,0
172825,28
172826,0
172827,0
172828,0
172829,0
172830,0
172831,25
172832,0
172833,0
172834,0
172835,0
172836,0
172837,45
172838,26
172839,0
172840,40
172841,0
172842,0
172843,0
172844,33
172845,0
172846,37
172847,0
172848,37
172849,28
172850,21
172851,0
172852,0
172853,0
172854,0
172855,0
172856,0
172857,0
172858,41
172859,0
172860,17
172861,0
172862,0
172863,0
172864,28
172865,0
172866,0
172867,0
172868,31
172869,0
172870,30
172871,0
172872,0
172873,0
172874,0
172875,0
172876,32
172877,0
172878,25
172879,0
172880,0
172881,0
172882,0
172883,39
172884,0
172885,0
172886,26
172887,24
172888,0
172889,25
172890,0
172891,0
172892,38
172893,0
172894,0
172895,0
172896,0
172897,17
172898,18
172899,42
172900,0
172901,25
172902,0
172903,0
172904,21
172905,0
172906,0
172907,0
172908,0
172909,0
172910,0
172911,0
172912,0
172913,0
172914,0
172915,0
172916,0
172917,0
172918,29
172919,48
172920,32
172921,35
172922,0
172923,0
172924,0
172925,0
172926,0
172927,0
172928,0
172929,0
172930,0
172931,0
172932,0
172933,0
172934,21
172935,47
172936,0
172937,28
172938,42
172939,0
172940,0
172941,0
172942,0
172943,0
172944,0
172945,0
172946,0
172947,0
172948,0
172949,0
172950,17
172951,0
172952,27
172953,29
172954,0
172955,19
172956,0
172957,0
172958,0
172959,29
172960,0
172961,31
172962,0
172963,32
172964,0
172965,0
172966,0
172967,0
172968,34
172969,0
172970,28
172971,0
172972,0
172973,29
172974,0
172975,0
172976,0
172977,0
172978,26
172979,0
172980,0
172981,0
172982,29
172983,0
172984,0
172985,24
172986,0
172987,0
172988,0
172989,0
172990,0
172991,0
172992,0
172993,0
172994,0
172995,0
172996,0
172997,37
172998,30
172999,0
173000,0
173001,0
173002,0
173003,32
173004,0
173005,0
173006,0
173007,0
173008,0
173009,0
173010,39
173011,0
173012,0
173013,0
173014,0
173015,31
173016,0
173017,0
173018,34
173019,0
173020,29
173021,0
173022,0
173023,20
173024,0
173025,0
173026,0
173027,0
173028,0
173029,0
173030,0
173031,0
173032,0
173033,0
173034,26
173035,0
173036,0
173037,0
173038,0
173039,0
173040,0
173041,0
173042,0
173043,0
173044,0
173045,36
173046,0
173047,0
173048,0
173049,0
173050,0
173051,0
173052,21
173053,0
173054,0
173055,0
173056,33
173057,0
173058,0
173059,19
173060,23
173061,0
173062,29
173063,0
173064,0
173065,0
173066,0
173067,0
173068,0
173069,0
173070,28
173071,26
173072,27
173073,27
173074,0
173075,0
173076,0
173077,0
173078,28
173079,35
173080,0
173081,33
173082,0
173083,0
173084,0
173085,38
173086,0
173087,0
173088,0
173089,28
173090,0
173091,0
173092,0
173093,23
173094,0
173095,41
173096,18
173097,26
173098,0
173099,0
173100,0
173101,0
173102,23
173103,0
173104,0
173105,0
173106,0
173107,40
173108,0
173109,26
173110,0
173111,0
173112,0
173113,0
173114,0
173115,0
173116,0
173117,0
173118,18
173119,0
173120,29
173121,0
173122,0
173123,0
173124,0
173125,0
173126,39
173127,30
173128,0
173129,28
173130,0
173131,0
173132,0
173133,0
173134,0
173135,0
173136,38
173137,0
173138,36
173139,0
173140,0
173141,0
173142,0
173143,0
173144,26
173145,0
173146,36
173147,35
173148,0
173149,0
173150,0
173151,0
173152,30
173153,26
173154,0
173155,0
173156,42
173157,0
173158,0
173159,0
173160,0
173161,30
173162,0
173163,0
173164,0
173165,0
173166,32
173167,0
173168,16
173169,0
173170,24
173171,0
173172,0
173173,56
173174,0
173175,38
173176,0
173177,0
173178,0
173179,0
173180,0
173181,0
173182,35
173183,27
173184,0
173185,0
173186,0
173187,0
173188,34
173189,0
173190,0
173191,0
173192,0
173193,0
173194,0
173195,0
173196,0
173197,0
173198,0
173199,37
173200,31
173201,0
173202,0
173203,0
173204,39
173205,0
173206,25
173207,0
173208,0
173209,0
173210,0
173211,30
173212,0
173213,23
173214,36
173215,0
173216,0
173217,39
173218,41
173219,0
173220,0
173221,0
173222,0
173223,39
173224,0
173225,0
173226,0
173227,0
173228,0
173229,0
173230,0
173231,0
173232,0
173233,19
173234,34
173235,0
173236,21
173237,0
173238,0
173239,0
173240,0
173241,0
173242,0
173243,0
173244,0
173245,42
173246,0
173247,0
173248,0
173249,0
173250,0
173251,0
173252,0
173253,0
173254,0
173255,0
173256,0
173257,0
173258,34
173259,0
173260,0
173261,0
173262,0
173263,40
173264,0
173265,0
173266,31
173267,0
173268,0
173269,21
173270,48
173271,0
173272,0
173273,0
173274,46
173275,0
173276,0
173277,23
173278,54
173279,23
173280,0
173281,31
173282,0
173283,23
173284,25
173285,0
173286,0
173287,0
173288,0
173289,0
173290,0
173291,0
173292,0
173293,28
173294,23
173295,18
173296,0
173297,0
173298,0
173299,24
173300,0
173301,28
173302,0
173303,22
173304,0
173305,21
173306,32
173307,0
173308,34
173309,20
173310,0
173311,0
173312,0
173313,0
173314,0
173315,0
173316,0
173317,35
173318,0
173319,0
173320,28
173321,0
173322,0
173323,0
173324,0
173325,0
173326,0
173327,0
173328,38
173329,0
173330,0
173331,0
173332,0
173333,43
173334,35
173335,0
173336,0
173337,0
173338,0
173339,26
173340,0
173341,0
173342,0
173343,18
173344,0
173345,23
173346,0
173347,0
173348,0
173349,22
173350,44
173351,16
173352,0
173353,0
173354,0
173355,0
173356,0
173357,0
173358,0
173359,0
173360,0
173361,22
173362,0
173363,0
173364,0
173365,0
173366,39
173367,0
173368,0
173369,22
173370,35
173371,0
173372,0
173373,0
173374,0
173375,0
173376,0
173377,0
173378,24
173379,24
173380,16
173381,0
173382,0
173383,22
173384,44
173385,31
173386,0
173387,29
173388,0
173389,0
173390,31
173391,0
173392,0
173393,0
173394,23
173395,0
173396,0
173397,0
173398,27
173399,0
173400,27
173401,0
173402,0
173403,0
173404,0
173405,0
173406,19
173407,0
173408,22
173409,0
173410,0
173411,0
173412,27
173413,0
173414,0
173415,0
173416,0
173417,0
173418,0
173419,0
173420,32
173421,0
173422,0
173423,0
173424,0
173425,0
173426,0
173427,24
173428,0
173429,30
173430,0
173431,0
173432,0
173433,0
173434,0
173435,31
173436,22
173437,0
173438,0
173439,30
173440,0
173441,0
173442,0
173443,0
173444,0
173445,33
173446,0
173447,0
173448,0
173449,0
173450,0
173451,0
173452,0
173453,0
173454,34
173455,0
173456,0
173457,0
173458,0
173459,0
173460,0
173461,0
173462,0
173463,0
173464,29
173465,27
173466,38
173467,0
173468,25
173469,0
173470,0
173471,33
173472,19
173473,0
173474,0
173475,34
173476,28
173477,15
173478,21
173479,0
173480,0
173481,0
173482,0
173483,32
173484,0
173485,0
173486,0
173487,24
173488,0
173489,0
173490,0
173491,0
173492,0
173493,15
173494,0
173495,0
173496,21
173497,0
173498,35
173499,0
173500,0
173501,0
173502,20
173503,0
173504,40
173505,0
173506,20
173507,0
173508,0
173509,18
173510,0
173511,0
173512,0
173513,0
173514,29
173515,0
173516,0
173517,0
173518,0
173519,0
173520,0
173521,0
173522,0
173523,21
173524,0
173525,0
173526,0
173527,0
173528,30
173529,0
173530,0
173531,0
173532,0
173533,0
173534,0
173535,0
173536,0
173537,0
173538,0
173539,0
173540,0
173541,0
173542,0
173543,0
173544,0
173545,0
173546,0
173547,0
173548,0
173549,0
173550,0
173551,0
173552,0
173553,0
173554,0
173555,0
173556,0
173557,0
173558,0
173559,0
173560,0
173561,0
173562,0
173563,0
173564,0
173565,0
173566,0
173567,0
173568,0
173569,0
173570,0
173571,0
173572,0
173573,0
173574,0
173575,0
173576,0
173577,0
173578,0
173579,0
173580,0
173581,0
173582,0
173583,0
173584,0
173585,0
173586,0
173587,0
173588,13
173589,0
173590,0
173591,0
173592,0
173593,0
173594,0
173595,0
173596,0
173597,0
173598,0
173599,0
173600,0
173601,0
173602,0
173603,0
173604,0
173605,0
173606,0
173607,0
173608,0
173609,0
173610,0
173611,0
173612,0
173613,25
173614,0
173615,0
173616,0
173617,0
173618,0
173619,0
173620,0
173621,0
173622,0
173623,0
173624,0
173625,0
173626,0
173627,0
173628,0
173629,0
173630,0
173631,0
173632,0
173633,0
173634,0
173635,0
173636,0
173637,0
173638,0
173639,0
173640,0
173641,0
173642,0
173643,0
173644,0
173645,0
173646,0
173647,21
173648,0
173649,36
173650,0
173651,0
173652,0
173653,0
173654,0
173655,0
173656,0
173657,0
173658,0
173659,0
173660,0
173661,15
173662,0
173663,0
173664,0
173665,0
173666,0
173667,0
173668,0
173669,24
173670,0
173671,0
173672,0
173673,0
173674,0
173675,0
173676,0
173677,19
173678,21
173679,0
173680,0
173681,0
173682,0
173683,0
173684,0
173685,0
173686,0
173687,0
173688,28
173689,0
173690,0
173691,0
173692,0
173693,0
173694,28
173695,0
173696,0
173697,0
173698,0
173699,0
173700,0
173701,0
173702,0
173703,22
173704,0
173705,0
173706,0
173707,0
173708,0
173709,0
173710,0
173711,0
173712,0
173713,0
173714,0
173715,0
173716,0
173717,0
173718,0
173719,0
173720,0
173721,0
173722,0
173723,0
173724,0
173725,0
173726,0
173727,0
173728,0
173729,0
173730,0
173731,0
173732,27
173733,0
173734,22
173735,0
173736,0
173737,0
173738,0
173739,0
173740,0
173741,0
173742,0
173743,16
173744,0
173745,30
173746,0
173747,0
173748,40
173749,0
173750,0
173751,0
173752,0
173753,0
173754,0
173755,0
173756,0
173757,0
173758,0
173759,0
173760,25
173761,0
173762,0
173763,0
173764,0
173765,24
173766,0
173767,0
173768,0
173769,0
173770,0
173771,0
173772,0
173773,0
173774,21
173775,0
173776,0
173777,0
173778,0
173779,0
173780,17
173781,0
173782,22
173783,0
173784,0
173785,0
173786,0
173787,0
173788,0
173789,0
173790,0
173791,0
173792,0
173793,0
173794,0
173795,0
173796,0
173797,0
173798,0
173799,0
173800,0
173801,0
173802,0
173803,0
173804,0
173805,29
173806,0
173807,0
173808,0
173809,0
173810,0
173811,0
173812,0
173813,38
173814,0
173815,0
173816,0
173817,0
173818,0
173819,0
173820,0
173821,0
173822,0
173823,0
173824,0
173825,0
173826,0
173827,0
173828,0
173829,0
173830,0
173831,0
173832,0
173833,0
173834,0
173835,0
173836,0
173837,0
173838,0
173839,0
173840,0
173841,0
173842,0
173843,0
173844,0
173845,0
173846,0
173847,0
173848,0
173849,0
173850,0
173851,0
173852,24
173853,22
173854,0
173855,0
173856,0
173857,0
173858,0
173859,0
173860,0
173861,0
173862,0
173863,0
173864,0
173865,0
173866,0
173867,0
173868,0
173869,20
173870,0
173871,0
173872,0
173873,0
173874,0
173875,22
173876,0
173877,0
173878,0
173879,0
173880,0
173881,15
173882,0
173883,0
173884,0
173885,0
173886,0
173887,0
173888,0
173889,0
173890,0
173891,0
173892,0
173893,0
173894,0
173895,17
173896,26
173897,0
173898,0
173899,0
173900,0
173901,0
173902,0
173903,0
173904,0
173905,0
173906,0
173907,0
173908,0
173909,0
173910,17
173911,0
173912,0
173913,0
173914,0
173915,0
173916,0
173917,24
173918,30
173919,20
173920,0
173921,0
173922,0
173923,0
173924,0
173925,0
173926,0
173927,0
173928,0
173929,0
173930,0
173931,14
173932,0
173933,0
173934,0
173935,0
173936,0
173937,0
173938,0
173939,0
173940,30
173941,0
173942,0
173943,24
173944,0
173945,0
173946,0
173947,0
173948,0
173949,0
173950,0
173951,0
173952,0
173953,0
173954,0
173955,0
173956,0
173957,0
173958,0
173959,0
173960,0
173961,0
173962,0
173963,0
173964,26
173965,0
173966,0
173967,0
173968,25
173969,0
173970,0
173971,0
173972,0
173973,0
173974,0
173975,0
173976,0
173977,0
173978,28
173979,19
173980,0
173981,0
173982,0
173983,0
173984,0
173985,0
173986,0
173987,0
173988,0
173989,0
173990,0
173991,0
173992,0
173993,0
173994,27
173995,0
173996,0
173997,0
173998,0
173999,0
174000,0
174001,0
174002,0
174003,0
174004,0
174005,0
174006,0
174007,0
174008,0
174009,0
174010,0
174011,0
174012,0
174013,0
174014,0
174015,0
174016,0
174017,0
174018,0
174019,0
174020,0
174021,27
174022,22
174023,0
174024,0
174025,0
174026,0
174027,0
174028,0
174029,0
174030,0
174031,0
174032,0
174033,0
174034,0
174035,0
174036,0
174037,0
174038,0
174039,0
174040,0
174041,0
174042,0
174043,0
174044,0
174045,0
174046,0
174047,0
174048,0
174049,0
174050,0
174051,0
174052,0
174053,0
174054,0
174055,0
174056,0
174057,0
174058,17
174059,0
174060,0
174061,0
174062,0
174063,0
174064,0
174065,0
174066,0
174067,0
174068,10
174069,0
174070,0
174071,0
174072,0
174073,0
174074,0
174075,0
174076,0
174077,0
174078,0
174079,0
174080,0
174081,0
174082,0
174083,0
174084,0
174085,0
174086,0
174087,0
174088,0
174089,0
174090,0
174091,0
174092,15
174093,0
174094,0
174095,0
174096,0
174097,0
174098,0
174099,0
174100,0
174101,0
174102,0
174103,0
174104,0
174105,0
174106,0
174107,0
174108,0
174109,0
174110,0
174111,0
174112,0
174113,0
174114,0
174115,0
174116,0
174117,0
174118,0
174119,0
174120,0
174121,0
174122,0
174123,0
174124,0
174125,0
174126,0
174127,0
174128,0
174129,0
174130,0
174131,0
174132,11
174133,0
174134,0
174135,0
174136,0
174137,0
174138,0
174139,0
174140,0
174141,0
174142,0
174143,0
174144,0
174145,0
174146,0
174147,0
174148,0
174149,0
174150,0
174151,0
174152,0
174153,0
174154,0
174155,0
174156,0
174157,0
174158,0
174159,0
174160,0
174161,0
174162,0
174163,0
174164,0
174165,0
174166,0
174167,0
174168,0
174169,0
174170,0
174171,0
174172,0
174173,0
174174,0
174175,0
174176,0
174177,0
174178,0
174179,0
174180,0
174181,0
174182,0
174183,0
174184,0
174185,0
174186,0
174187,0
174188,0
174189,0
174190,0
174191,0
174192,0
174193,0
174194,0
174195,0
174196,0
174197,19
174198,0
174199,0
174200,0
174201,0
174202,0
174203,0
174204,0
174205,0
174206,0
174207,0
174208,0
174209,0
174210,0
174211,0
174212,0
174213,0
174214,19
174215,0
174216,0
174217,0
174218,0
174219,0
174220,0
174221,0
174222,0
174223,0
174224,0
174225,0
174226,0
174227,0
174228,0
174229,0
174230,0
174231,0
174232,0
174233,0
174234,0
174235,0
174236,0
174237,0
174238,0
174239,0
174240,0
174241,0
174242,0
174243,0
174244,0
174245,0
174246,0
174247,0
174248,0
174249,0
174250,0
174251,0
174252,0
174253,0
174254,0
174255,0
174256,0
174257,0
174258,0
174259,21
174260,0
174261,0
174262,0
174263,0
174264,0
174265,0
174266,0
174267,0
174268,0
174269,0
174270,0
174271,0
174272,0
174273,0
174274,0
174275,0
174276,0
174277,19
174278,0
174279,0
174280,0
174281,0
174282,0
174283,0
174284,0
174285,0
174286,0
174287,0
174288,0
174289,0
174290,0
174291,0
174292,0
174293,0
174294,0
174295,0
174296,0
174297,0
174298,0
174299,0
174300,0
174301,0
174302,0
174303,0
174304,0
174305,0
174306,0
174307,0
174308,0
174309,0
174310,0
174311,0
174312,0
174313,0
174314,0
174315,0
174316,0
174317,0
174318,0
174319,0
174320,0
174321,27
174322,0
174323,0
174324,0
174325,0
174326,0
174327,0
174328,0
174329,0
174330,0
174331,0
174332,0
174333,0
174334,0
174335,15
174336,0
174337,0
174338,0
174339,0
174340,0
174341,0
174342,0
174343,0
174344,0
174345,0
174346,0
174347,0
174348,0
174349,0
174350,0
174351,0
174352,0
174353,0
174354,0
174355,0
174356,0
174357,0
174358,0
174359,0
174360,0
174361,0
174362,0
174363,0
174364,0
174365,0
174366,0
174367,0
174368,0
174369,0
174370,16
174371,0
174372,0
174373,0
174374,0
174375,0
174376,0
174377,0
174378,0
174379,0
174380,0
174381,0
174382,0
174383,0
174384,0
174385,0
174386,0
174387,29
174388,0
174389,0
174390,0
174391,0
174392,0
174393,0
174394,0
174395,0
174396,0
174397,0
174398,0
174399,0
174400,0
174401,0
174402,0
174403,0
174404,0
174405,0
174406,0
174407,0
174408,0
174409,0
174410,0
174411,0
174412,0
174413,0
174414,0
174415,0
174416,0
174417,0
174418,0
174419,0
174420,0
174421,0
174422,0
174423,0
174424,0
174425,0
174426,0
174427,0
174428,0
174429,0
174430,0
174431,0
174432,0
174433,0
174434,0
174435,0
174436,0
174437,16
174438,0
174439,0
174440,0
174441,0
174442,0
174443,0
174444,0
174445,0
174446,0
174447,0
174448,0
174449,0
174450,0
174451,0
174452,0
174453,0
174454,0
174455,0
174456,0
174457,0
174458,0
174459,0
174460,0
174461,0
174462,0
174463,0
174464,0
174465,0
174466,0
174467,0
174468,0
174469,0
174470,0
174471,0
174472,0
174473,0
174474,0
174475,0
174476,0
174477,0
174478,0
174479,0
174480,0
174481,0
174482,0
174483,0
174484,0
174485,0
174486,0
174487,0
174488,0
174489,0
174490,0
174491,0
174492,0
174493,0
174494,0
174495,0
174496,0
174497,0
174498,0
174499,0
174500,0
174501,0
174502,0
174503,0
174504,0
174505,0
174506,0
174507,33
174508,8
174509,0
174510,0
174511,0
174512,0
174513,0
174514,0
174515,0
174516,0
174517,0
174518,0
174519,0
174520,0
174521,0
174522,0
174523,0
174524,0
174525,0
174526,0
174527,0
174528,0
174529,0
174530,0
174531,0
174532,0
174533,0
174534,0
174535,18
174536,0
174537,0
174538,0
174539,0
174540,0
174541,0
174542,0
174543,0
174544,0
174545,0
174546,0
174547,0
174548,0
174549,0
174550,0
174551,0
174552,0
174553,0
174554,0
174555,26
174556,0
174557,19
174558,0
174559,0
174560,0
174561,0
174562,0
174563,0
174564,0
174565,0
174566,0
174567,0
174568,0
174569,0
174570,0
174571,0
174572,0
174573,0
174574,0
174575,0
174576,0
174577,0
174578,0
174579,0
174580,0
174581,0
174582,0
174583,0
174584,0
174585,0
174586,0
174587,0
174588,0
174589,0
174590,0
174591,0
174592,0
174593,0
174594,0
174595,0
174596,0
174597,0
174598,0
174599,0
174600,0
174601,0
174602,0
174603,0
174604,0
174605,0
174606,0
174607,0
174608,0
174609,0
174610,0
174611,20
174612,0
174613,0
174614,0
174615,0
174616,0
174617,22
174618,0
174619,0
174620,0
174621,0
174622,0
174623,0
174624,0
174625,0
174626,0
174627,0
174628,12
174629,0
174630,0
174631,0
174632,0
174633,0
174634,0
174635,0
174636,0
174637,0
174638,0
174639,0
174640,0
174641,0
174642,0
174643,0
174644,0
174645,0
174646,0
174647,0
174648,0
174649,0
174650,0
174651,0
174652,0
174653,0
174654,0
174655,20
174656,0
174657,0
174658,0
174659,0
174660,0
174661,0
174662,0
174663,0
174664,0
174665,0
174666,0
174667,0
174668,0
174669,0
174670,0
174671,0
174672,0
174673,0
174674,0
174675,13
174676,0
174677,12
174678,0
174679,0
174680,0
174681,0
174682,0
174683,0
174684,0
174685,28
174686,0
174687,0
174688,0
174689,0
174690,0
174691,0
174692,0
174693,0
174694,0
174695,22
174696,0
174697,0
174698,0
174699,0
174700,0
174701,0
174702,0
174703,0
174704,0
174705,0
174706,0
174707,0
174708,0
174709,0
174710,13
174711,0
174712,0
174713,0
174714,0
174715,0
174716,0
174717,0
174718,0
174719,0
174720,0
174721,0
174722,0
174723,0
174724,0
174725,0
174726,0
174727,0
174728,0
174729,0
174730,16
174731,0
174732,0
174733,0
174734,0
174735,0
174736,0
174737,0
174738,0
174739,0
174740,16
174741,0
174742,0
174743,0
174744,0
174745,0
174746,0
174747,0
174748,22
174749,0
174750,0
174751,0
174752,0
174753,0
174754,0
174755,0
174756,0
174757,0
174758,0
174759,0
174760,0
174761,0
174762,0
174763,0
174764,16
174765,0
174766,0
174767,0
174768,0
174769,25
174770,0
174771,0
174772,0
174773,0
174774,0
174775,6
174776,0
174777,0
174778,0
174779,0
174780,0
174781,0
174782,0
174783,0
174784,0
174785,0
174786,0
174787,0
174788,0
174789,0
174790,0
174791,0
174792,0
174793,0
174794,0
174795,0
174796,0
174797,0
174798,0
174799,0
174800,0
174801,0
174802,0
174803,0
174804,0
174805,0
174806,0
174807,0
174808,0
174809,0
174810,0
174811,0
174812,0
174813,0
174814,0
174815,0
174816,0
174817,0
174818,0
174819,0
174820,0
174821,0
174822,0
174823,0
174824,0
174825,0
174826,0
174827,0
174828,0
174829,0
174830,0
174831,0
174832,0
174833,0
174834,0
174835,0
174836,0
174837,0
174838,0
174839,0
174840,0
174841,0
174842,0
174843,0
174844,0
174845,0
174846,0
174847,0
174848,0
174849,0
174850,0
174851,0
174852,0
174853,0
174854,0
174855,0
174856,0
174857,0
174858,0
174859,0
174860,0
174861,0
174862,0
174863,0
174864,0
174865,0
174866,0
174867,0
174868,0
174869,0
174870,0
174871,0
174872,0
174873,0
174874,0
174875,0
174876,0
174877,0
174878,0
174879,0
174880,0
174881,0
174882,0
174883,0
174884,0
174885,0
174886,0
174887,0
174888,0
174889,0
174890,0
174891,0
174892,0
174893,0
174894,0
174895,0
174896,0
174897,0
174898,0
174899,0
174900,0
174901,0
174902,0
174903,0
174904,0
174905,0
174906,1
174907,0
174908,0
174909,0
174910,0
174911,0
174912,0
174913,0
174914,0
174915,0
174916,0
174917,0
174918,0
174919,0
174920,0
174921,0
174922,0
174923,0
174924,0
174925,0
174926,0
174927,0
174928,0
174929,0
174930,0
174931,0
174932,0
174933,0
174934,0
174935,1
174936,0
174937,0
174938,0
174939,0
174940,0
174941,0
174942,0
174943,0
174944,0
174945,0
174946,0
174947,0
174948,0
174949,0
174950,0
174951,0
174952,0
174953,0
174954,0
174955,0
174956,0
174957,0
174958,0
174959,0
174960,0
174961,0
174962,0
174963,0
174964,0
174965,0
174966,0
174967,0
174968,0
174969,0
174970,0
174971,0
174972,0
174973,0
174974,0
174975,0
174976,0
174977,0
174978,0
174979,0
174980,0
174981,0
174982,0
174983,0
174984,0
174985,0
174986,0
174987,0
174988,0
174989,0
174990,0
174991,0
174992,0
174993,0
174994,0
174995,0
174996,0
174997,0
174998,0
174999,0
175000,0
175001,0
175002,0
175003,0
175004,0
175005,0
175006,0
175007,0
175008,0
175009,0
175010,0
175011,0
175012,0
175013,0
175014,0
175015,0
175016,0
175017,0
175018,0
175019,0
175020,0
175021,0
175022,0
175023,0
175024,0
175025,0
175026,0
175027,0
175028,0
175029,0
175030,0
175031,0
175032,0
175033,25
175034,0
175035,0
175036,0
175037,29
175038,0
175039,0
175040,0
175041,0
175042,0
175043,0
175044,0
175045,0
175046,0
175047,0
175048,0
175049,0
175050,0
175051,0
175052,0
175053,0
175054,0
175055,0
175056,0
175057,0
175058,31
175059,0
175060,36
175061,0
175062,0
175063,0
175064,0
175065,0
175066,0
175067,28
175068,0
175069,0
175070,0
175071,0
175072,0
175073,0
175074,0
175075,0
175076,0
175077,0
175078,0
175079,0
175080,0
175081,0
175082,0
175083,0
175084,0
175085,0
175086,0
175087,0
175088,0
175089,41
175090,0
175091,0
175092,0
175093,0
175094,0
175095,0
175096,0
175097,0
175098,0
175099,0
175100,0
175101,0
175102,0
175103,0
175104,0
175105,0
175106,0
175107,0
175108,0
175109,0
175110,0
175111,30
175112,0
175113,39
175114,0
175115,0
175116,33
175117,0
175118,40
175119,0
175120,0
175121,0
175122,0
175123,0
175124,0
175125,0
175126,0
175127,0
175128,0
175129,0
175130,0
175131,0
175132,34
175133,0
175134,0
175135,0
175136,28
175137,0
175138,0
175139,0
175140,0
175141,0
175142,27
175143,0
175144,0
175145,0
175146,0
175147,0
175148,0
175149,0
175150,0
175151,0
175152,0
175153,0
175154,0
175155,0
175156,0
175157,0
175158,0
175159,0
175160,0
175161,0
175162,0
175163,0
175164,0
175165,0
175166,0
175167,0
175168,0
175169,0
175170,0
175171,0
175172,0
175173,0
175174,0
175175,0
175176,0
175177,0
175178,0
175179,0
175180,0
175181,0
175182,0
175183,0
175184,0
175185,0
175186,0
175187,0
175188,47
175189,0
175190,0
175191,0
175192,0
175193,0
175194,0
175195,0
175196,0
175197,0
175198,26
175199,0
175200,0
175201,0
175202,0
175203,0
175204,0
175205,0
175206,0
175207,0
175208,0
175209,31
175210,0
175211,0
175212,0
175213,0
175214,0
175215,0
175216,33
175217,0
175218,32
175219,0
175220,34
175221,0
175222,32
175223,0
175224,0
175225,0
175226,0
175227,0
175228,0
175229,0
175230,29
175231,0
175232,0
175233,0
175234,28
175235,0
175236,0
175237,0
175238,0
175239,0
175240,0
175241,0
175242,0
175243,0
175244,0
175245,0
175246,0
175247,0
175248,0
175249,0
175250,0
175251,0
175252,0
175253,22
175254,0
175255,0
175256,0
175257,0
175258,32
175259,0
175260,0
175261,0
175262,0
175263,0
175264,0
175265,0
175266,0
175267,45
175268,0
175269,0
175270,0
175271,0
175272,0
175273,0
175274,0
175275,0
175276,0
175277,0
175278,0
175279,0
175280,0
175281,0
175282,0
175283,0
175284,0
175285,0
175286,0
175287,30
175288,0
175289,0
175290,0
175291,0
175292,32
175293,0
175294,0
175295,0
175296,0
175297,37
175298,0
175299,0
175300,0
175301,0
175302,0
175303,0
175304,0
175305,0
175306,0
175307,0
175308,19
175309,0
175310,0
175311,0
175312,0
175313,0
175314,0
175315,0
175316,0
175317,0
175318,0
175319,0
175320,0
175321,0
175322,36
175323,0
175324,0
175325,0
175326,0
175327,34
175328,0
175329,0
175330,39
175331,32
175332,0
175333,0
175334,0
175335,0
175336,0
175337,0
175338,0
175339,0
175340,0
175341,0
175342,0
175343,0
175344,0
175345,0
175346,0
175347,0
175348,0
175349,0
175350,0
175351,0
175352,0
175353,0
175354,0
175355,0
175356,0
175357,0
175358,0
175359,0
175360,0
175361,0
175362,0
175363,0
175364,0
175365,0
175366,0
175367,0
175368,35
175369,0
175370,0
175371,0
175372,0
175373,0
175374,0
175375,0
175376,0
175377,26
175378,0
175379,0
175380,0
175381,36
175382,0
175383,0
175384,0
175385,0
175386,0
175387,0
175388,0
175389,0
175390,0
175391,0
175392,0
175393,0
175394,0
175395,0
175396,0
175397,0
175398,0
175399,0
175400,0
175401,0
175402,33
175403,0
175404,0
175405,0
175406,0
175407,0
175408,35
175409,0
175410,0
175411,0
175412,0
175413,0
175414,0
175415,0
175416,0
175417,29
175418,0
175419,29
175420,29
175421,44
175422,0
175423,36
175424,0
175425,0
175426,0
175427,0
175428,0
175429,0
175430,0
175431,0
175432,33
175433,0
175434,0
175435,0
175436,0
175437,0
175438,0
175439,0
175440,0
175441,0
175442,0
175443,0
175444,36
175445,0
175446,0
175447,0
175448,0
175449,0
175450,0
175451,0
175452,0
175453,0
175454,0
175455,0
175456,0
175457,0
175458,0
175459,0
175460,0
175461,0
175462,0
175463,0
175464,0
175465,0
175466,0
175467,0
175468,0
175469,0
175470,0
175471,0
175472,0
175473,0
175474,0
175475,0
175476,0
175477,0
175478,38
175479,0
175480,25
175481,0
175482,39
175483,0
175484,0
175485,0
175486,0
175487,0
175488,0
175489,0
175490,26
175491,0
175492,0
175493,0
175494,0
175495,0
175496,0
175497,0
175498,0
175499,0
175500,0
175501,0
175502,0
175503,0
175504,0
175505,0
175506,0
175507,0
175508,0
175509,0
175510,0
175511,0
175512,0
175513,0
175514,0
175515,0
175516,0
175517,0
175518,0
175519,0
175520,40
175521,0
175522,0
175523,0
175524,0
175525,0
175526,0
175527,0
175528,0
175529,0
175530,30
175531,0
175532,15
175533,14
175534,0
175535,0
175536,0
175537,0
175538,0
175539,0
175540,9
175541,0
175542,0
175543,12
175544,0
175545,19
175546,0
175547,0
175548,27
175549,0
175550,13
175551,12
175552,27
175553,0
175554,0
175555,17
175556,0
175557,0
175558,0
175559,10
175560,0
175561,19
175562,0
175563,0
175564,0
175565,0
175566,0
175567,11
175568,0
175569,0
175570,0
175571,26
175572,0
175573,0
175574,0
175575,0
175576,26
175577,25
175578,0
175579,0
175580,0
175581,0
175582,0
175583,0
175584,0
175585,15
175586,0
175587,16
175588,21
175589,0
175590,20
175591,0
175592,13
175593,11
175594,0
175595,20
175596,0
175597,0
175598,0
175599,0
175600,0
175601,0
175602,21
175603,0
175604,16
175605,21
175606,0
175607,12
175608,0
175609,0
175610,14
175611,16
175612,18
175613,0
175614,0
175615,0
175616,0
175617,18
175618,0
175619,0
175620,17
175621,0
175622,0
175623,0
175624,0
175625,0
175626,0
175627,0
175628,0
175629,12
175630,0
175631,0
175632,14
175633,0
175634,0
175635,0
175636,0
175637,0
175638,0
175639,0
175640,6
175641,0
175642,0
175643,0
175644,22
175645,0
175646,0
175647,0
175648,23
175649,0
175650,0
175651,0
175652,0
175653,13
175654,0
175655,14
175656,11
175657,0
175658,10
175659,0
175660,0
175661,0
175662,0
175663,14
175664,0
175665,22
175666,15
175667,0
175668,33
175669,0
175670,0
175671,0
175672,0
175673,0
175674,0
175675,0
175676,0
175677,16
175678,0
175679,0
175680,21
175681,15
175682,16
175683,17
175684,0
175685,0
175686,0
175687,0
175688,0
175689,0
175690,0
175691,0
175692,0
175693,0
175694,0
175695,12
175696,0
175697,14
175698,13
175699,0
175700,0
175701,0
175702,0
175703,0
175704,14
175705,0
175706,14
175707,0
175708,18
175709,0
175710,0
175711,0
175712,22
175713,0
175714,0
175715,0
175716,0
175717,0
175718,23
175719,0
175720,7
175721,0
175722,0
175723,0
175724,0
175725,0
175726,0
175727,30
175728,0
175729,0
175730,0
175731,0
175732,0
175733,9
175734,0
175735,0
175736,0
175737,0
175738,24
175739,0
175740,12
175741,0
175742,0
175743,0
175744,22
175745,0
175746,0
175747,0
175748,0
175749,0
175750,15
175751,0
175752,0
175753,17
175754,0
175755,21
175756,0
175757,19
175758,0
175759,18
175760,0
175761,7
175762,0
175763,0
175764,20
175765,0
175766,13
175767,0
175768,0
175769,0
175770,0
175771,0
175772,20
175773,0
175774,0
175775,17
175776,20
175777,0
175778,0
175779,0
175780,0
175781,0
175782,10
175783,0
175784,21
175785,13
175786,0
175787,0
175788,0
175789,0
175790,0
175791,0
175792,0
175793,0
175794,0
175795,0
175796,0
175797,0
175798,0
175799,0
175800,0
175801,0
175802,0
175803,29
175804,0
175805,9
175806,24
175807,0
175808,0
175809,0
175810,0
175811,23
175812,12
175813,0
175814,0
175815,17
175816,20
175817,21
175818,0
175819,0
175820,15
175821,0
175822,0
175823,0
175824,0
175825,0
175826,0
175827,0
175828,0
175829,0
175830,0
175831,20
175832,0
175833,0
175834,0
175835,0
175836,0
175837,0
175838,0
175839,43
175840,0
175841,0
175842,19
175843,0
175844,0
175845,0
175846,17
175847,0
175848,0
175849,15
175850,0
175851,0
175852,0
175853,0
175854,0
175855,0
175856,0
175857,0
175858,0
175859,0
175860,0
175861,0
175862,0
175863,0
175864,0
175865,15
175866,0
175867,0
175868,0
175869,12
175870,0
175871,27
175872,15
175873,0
175874,0
175875,0
175876,0
175877,0
175878,0
175879,0
175880,0
175881,0
175882,0
175883,0
175884,0
175885,0
175886,0
175887,0
175888,0
175889,0
175890,0
175891,0
175892,16
175893,0
175894,0
175895,8
175896,21
175897,0
175898,0
175899,0
175900,0
175901,0
175902,13
175903,0
175904,0
175905,0
175906,0
175907,0
175908,13
175909,0
175910,0
175911,0
175912,0
175913,0
175914,0
175915,0
175916,0
175917,0
175918,0
175919,0
175920,0
175921,0
175922,0
175923,0
175924,0
175925,0
175926,0
175927,0
175928,15
175929,0
175930,0
175931,0
175932,0
175933,0
175934,0
175935,25
175936,0
175937,0
175938,0
175939,0
175940,0
175941,0
175942,0
175943,0
175944,0
175945,0
175946,25
175947,0
175948,0
175949,10
175950,13
175951,0
175952,0
175953,0
175954,0
175955,0
175956,0
175957,0
175958,0
175959,0
175960,0
175961,0
175962,15
175963,11
175964,0
175965,13
175966,0
175967,12
175968,0
175969,0
175970,11
175971,0
175972,0
175973,11
175974,0
175975,0
175976,0
175977,0
175978,24
175979,0
175980,0
175981,0
175982,0
175983,0
175984,23
175985,0
175986,0
175987,0
175988,0
175989,20
175990,0
175991,0
175992,0
175993,0
175994,0
175995,0
175996,9
175997,0
175998,12
175999,0
176000,0
176001,0
176002,0
176003,0
176004,8
176005,0
176006,22
176007,28
176008,0
176009,0
176010,0
176011,17
176012,0
176013,14
176014,20
176015,0
176016,9
176017,0
176018,9
176019,0
176020,0
176021,18
176022,0
176023,10
176024,0
176025,15
176026,0
176027,0
176028,0
176029,0
176030,0
176031,15
176032,0
176033,24
176034,20
176035,0
176036,0
176037,14
176038,0
176039,0
176040,0
176041,15
176042,0
176043,0
176044,14
176045,14
176046,0
176047,0
176048,0
176049,24
176050,0
176051,29
176052,0
176053,15
176054,0
176055,0
176056,11
176057,0
176058,11
176059,13
176060,0
176061,0
176062,0
176063,0
176064,0
176065,0
176066,0
176067,0
176068,13
176069,0
176070,22
176071,0
176072,0
176073,0
176074,0
176075,0
176076,0
176077,34
176078,22
176079,0
176080,11
176081,0
176082,0
176083,0
176084,15
176085,0
176086,14
176087,0
176088,0
176089,20
176090,0
176091,19
176092,0
176093,0
176094,0
176095,0
176096,0
176097,0
176098,0
176099,7
176100,22
176101,0
176102,0
176103,0
176104,21
176105,0
176106,12
176107,0
176108,10
176109,10
176110,0
176111,19
176112,0
176113,23
176114,0
176115,0
176116,0
176117,0
176118,10
176119,18
176120,0
176121,0
176122,0
176123,14
176124,0
176125,9
176126,13
176127,0
176128,0
176129,0
176130,26
176131,0
176132,0
176133,21
176134,0
176135,8
176136,0
176137,0
176138,16
176139,0
176140,0
176141,0
176142,0
176143,0
176144,0
176145,0
176146,0
176147,0
176148,0
176149,0
176150,12
176151,0
176152,12
176153,0
176154,19
176155,0
176156,0
176157,0
176158,10
176159,0
176160,17
176161,16
176162,0
176163,0
176164,8
176165,15
176166,0
176167,0
176168,9
176169,0
176170,0
176171,0
176172,0
176173,0
176174,0
176175,13
176176,0
176177,0
176178,16
176179,12
176180,0
176181,0
176182,0
176183,0
176184,0
176185,23
176186,0
176187,8
176188,15
176189,0
176190,0
176191,0
176192,8
176193,0
176194,15
176195,16
176196,0
176197,0
176198,0
176199,0
176200,0
176201,0
176202,9
176203,0
176204,0
176205,0
176206,0
176207,0
176208,16
176209,0
176210,0
176211,0
176212,0
176213,0
176214,0
176215,0
176216,10
176217,0
176218,15
176219,0
176220,16
176221,8
176222,14
176223,0
176224,0
176225,0
176226,0
176227,0
176228,0
176229,0
176230,16
176231,0
176232,0
176233,10
176234,0
176235,9
176236,0
176237,0
176238,0
176239,0
176240,0
176241,0
176242,0
176243,0
176244,0
176245,0
176246,0
176247,0
176248,0
176249,17
176250,12
176251,0
176252,0
176253,0
176254,0
176255,0
176256,0
176257,14
176258,0
176259,0
176260,0
176261,20
176262,0
176263,0
176264,0
176265,0
176266,0
176267,15
176268,9
176269,0
176270,0
176271,25
176272,0
176273,0
176274,23
176275,11
176276,0
176277,24
176278,21
176279,0
176280,0
176281,0
176282,0
176283,0
176284,0
176285,19
176286,0
176287,21
176288,10
176289,12
176290,0
176291,0
176292,0
176293,0
176294,0
176295,18
176296,0
176297,11
176298,0
176299,0
176300,18
176301,9
176302,0
176303,9
176304,0
176305,0
176306,13
176307,0
176308,0
176309,0
176310,0
176311,0
176312,0
176313,0
176314,0
176315,0
176316,0
176317,0
176318,0
176319,0
176320,0
176321,0
176322,0
176323,0
176324,0
176325,0
176326,0
176327,0
176328,0
176329,0
176330,6
176331,0
176332,0
176333,0
176334,0
176335,14
176336,0
176337,0
176338,0
176339,19
176340,0
176341,0
176342,22
176343,0
176344,0
176345,0
176346,0
176347,0
176348,10
176349,18
176350,0
176351,0
176352,0
176353,18
176354,0
176355,23
176356,0
176357,23
176358,12
176359,0
176360,0
176361,0
176362,9
176363,0
176364,0
176365,8
176366,0
176367,0
176368,0
176369,0
176370,17
176371,14
176372,10
176373,0
176374,0
176375,0
176376,20
176377,0
176378,31
176379,0
176380,0
176381,18
176382,0
176383,0
176384,0
176385,0
176386,0
176387,0
176388,0
176389,0
176390,0
176391,0
176392,0
176393,0
176394,0
176395,0
176396,0
176397,0
176398,21
176399,0
176400,0
176401,0
176402,0
176403,0
176404,15
176405,0
176406,0
176407,0
176408,0
176409,0
176410,18
176411,0
176412,8
176413,0
176414,0
176415,14
176416,6
176417,0
176418,14
176419,21
176420,0
176421,19
176422,0
176423,0
176424,12
176425,0
176426,0
176427,17
176428,0
176429,0
176430,10
176431,0
176432,0
176433,0
176434,0
176435,16
176436,15
176437,13
176438,0
176439,0
176440,0
176441,0
176442,0
176443,0
176444,0
176445,0
176446,0
176447,0
176448,0
176449,0
176450,0
176451,0
176452,0
176453,0
176454,0
176455,0
176456,0
176457,0
176458,0
176459,0
176460,0
176461,0
176462,0
176463,0
176464,0
176465,0
176466,0
176467,0
176468,0
176469,0
176470,0
176471,0
176472,0
176473,0
176474,0
176475,0
176476,0
176477,0
176478,0
176479,0
176480,0
176481,0
176482,0
176483,0
176484,0
176485,0
176486,0
176487,0
176488,0
176489,0
176490,0
176491,0
176492,0
176493,0
176494,0
176495,0
176496,0
176497,0
176498,0
176499,23
176500,24
176501,0
176502,0
176503,0
176504,0
176505,0
176506,0
176507,0
176508,19
176509,0
176510,0
176511,0
176512,0
176513,0
176514,0
176515,0
176516,0
176517,0
176518,18
176519,0
176520,0
176521,0
176522,0
176523,0
176524,0
176525,0
176526,0
176527,0
176528,0
176529,0
176530,0
176531,0
176532,0
176533,0
176534,0
176535,0
176536,0
176537,0
176538,0
176539,0
176540,0
176541,0
176542,0
176543,0
176544,32
176545,0
176546,0
176547,0
176548,8
176549,0
176550,0
176551,0
176552,0
176553,0
176554,0
176555,0
176556,0
176557,0
176558,0
176559,0
176560,0
176561,0
176562,0
176563,0
176564,0
176565,0
176566,0
176567,0
176568,0
176569,0
176570,0
176571,0
176572,0
176573,0
176574,0
176575,0
176576,0
176577,0
176578,0
176579,0
176580,0
176581,0
176582,0
176583,0
176584,0
176585,0
176586,0
176587,0
176588,0
176589,33
176590,0
176591,28
176592,0
176593,0
176594,0
176595,0
176596,0
176597,0
176598,0
176599,0
176600,0
176601,0
176602,0
176603,0
176604,0
176605,0
176606,0
176607,0
176608,0
176609,0
176610,0
176611,0
176612,18
176613,0
176614,0
176615,0
176616,32
176617,0
176618,0
176619,0
176620,0
176621,0
176622,0
176623,0
176624,0
176625,0
176626,0
176627,0
176628,17
176629,0
176630,0
176631,0
176632,0
176633,0
176634,43
176635,0
176636,0
176637,0
176638,0
176639,0
176640,0
176641,0
176642,0
176643,0
176644,0
176645,13
176646,25
176647,0
176648,0
176649,16
176650,27
176651,0
176652,0
176653,0
176654,0
176655,19
176656,0
176657,0
176658,0
176659,0
176660,0
176661,0
176662,0
176663,0
176664,0
176665,0
176666,14
176667,0
176668,0
176669,0
176670,0
176671,0
176672,0
176673,0
176674,0
176675,0
176676,0
176677,0
176678,0
176679,0
176680,0
176681,0
176682,0
176683,0
176684,0
176685,0
176686,0
176687,0
176688,0
176689,0
176690,0
176691,0
176692,0
176693,18
176694,0
176695,0
176696,0
176697,0
176698,0
176699,0
176700,0
176701,32
176702,0
176703,16
176704,0
176705,0
176706,22
176707,0
176708,0
176709,0
176710,0
176711,0
176712,0
176713,0
176714,0
176715,0
176716,0
176717,0
176718,0
176719,0
176720,0
176721,0
176722,0
176723,0
176724,0
176725,0
176726,0
176727,0
176728,0
176729,0
176730,18
176731,16
176732,0
176733,0
176734,0
176735,0
176736,0
176737,0
176738,0
176739,0
176740,0
176741,0
176742,0
176743,0
176744,19
176745,0
176746,0
176747,0
176748,0
176749,0
176750,0
176751,0
176752,0
176753,0
176754,0
176755,18
176756,0
176757,0
176758,0
176759,0
176760,0
176761,0
176762,0
176763,0
176764,0
176765,0
176766,0
176767,0
176768,0
176769,0
176770,0
176771,0
176772,0
176773,0
176774,0
176775,0
176776,0
176777,0
176778,0
176779,0
176780,0
176781,0
176782,0
176783,0
176784,0
176785,0
176786,29
176787,0
176788,0
176789,0
176790,0
176791,0
176792,0
176793,0
176794,0
176795,28
176796,0
176797,0
176798,0
176799,0
176800,0
176801,0
176802,0
176803,0
176804,0
176805,0
176806,0
176807,0
176808,0
176809,0
176810,0
176811,0
176812,0
176813,0
176814,0
176815,0
176816,0
176817,0
176818,0
176819,0
176820,0
176821,0
176822,0
176823,0
176824,0
176825,0
176826,0
176827,0
176828,0
176829,0
176830,0
176831,0
176832,0
176833,0
176834,0
176835,0
176836,0
176837,0
176838,0
176839,0
176840,0
176841,7
176842,0
176843,0
176844,0
176845,0
176846,0
176847,0
176848,0
176849,0
176850,0
176851,20
176852,0
176853,0
176854,0
176855,0
176856,0
176857,0
176858,0
176859,0
176860,0
176861,0
176862,0
176863,0
176864,0
176865,0
176866,0
176867,20
176868,0
176869,20
176870,0
176871,0
176872,0
176873,0
176874,22
176875,0
176876,0
176877,0
176878,0
176879,36
176880,20
176881,0
176882,20
176883,0
176884,0
176885,0
176886,0
176887,0
176888,0
176889,0
176890,0
176891,0
176892,0
176893,0
176894,0
176895,0
176896,0
176897,0
176898,0
176899,0
176900,0
176901,0
176902,0
176903,0
176904,32
176905,0
176906,0
176907,0
176908,0
176909,0
176910,0
176911,0
176912,0
176913,0
176914,0
176915,0
176916,20
176917,0
176918,0
176919,0
176920,0
176921,0
176922,0
176923,0
176924,0
176925,0
176926,0
176927,17
176928,0
176929,0
176930,17
176931,0
176932,0
176933,0
176934,0
176935,0
176936,0
176937,0
176938,0
176939,0
176940,31
176941,0
176942,0
176943,0
176944,0
176945,0
176946,0
176947,0
176948,0
176949,0
176950,22
176951,0
176952,0
176953,0
176954,31
176955,0
176956,0
176957,0
176958,0
176959,0
176960,0
176961,0
176962,0
176963,0
176964,0
176965,0
176966,0
176967,29
176968,0
176969,0
176970,0
176971,0
176972,0
176973,0
176974,0
176975,15
176976,0
176977,0
176978,0
176979,0
176980,0
176981,0
176982,0
176983,0
176984,0
176985,0
176986,0
176987,0
176988,0
176989,0
176990,20
176991,0
176992,0
176993,0
176994,0
176995,0
176996,0
176997,21
176998,0
176999,0
177000,0
177001,0
177002,0
177003,0
177004,0
177005,0
177006,0
177007,0
177008,24
177009,0
177010,14
177011,27
177012,0
177013,15
177014,0
177015,0
177016,0
177017,0
177018,0
177019,0
177020,0
177021,13
177022,0
177023,0
177024,0
177025,0
177026,0
177027,29
177028,0
177029,0
177030,26
177031,0
177032,0
177033,0
177034,0
177035,0
177036,0
177037,0
177038,16
177039,0
177040,0
177041,0
177042,0
177043,0
177044,0
177045,0
177046,0
177047,0
177048,0
177049,0
177050,0
177051,19
177052,0
177053,0
177054,0
177055,0
177056,0
177057,24
177058,0
177059,0
177060,0
177061,0
177062,0
177063,0
177064,0
177065,12
177066,0
177067,0
177068,0
177069,0
177070,0
177071,0
177072,0
177073,0
177074,0
177075,0
177076,0
177077,0
177078,0
177079,0
177080,0
177081,14
177082,0
177083,0
177084,0
177085,0
177086,0
177087,0
177088,0
177089,0
177090,0
177091,0
177092,0
177093,0
177094,0
177095,0
177096,0
177097,0
177098,0
177099,0
177100,0
177101,0
177102,23
177103,0
177104,0
177105,0
177106,0
177107,0
177108,0
177109,0
177110,0
177111,0
177112,0
177113,0
177114,0
177115,0
177116,0
177117,0
177118,0
177119,0
177120,0
177121,0
177122,0
177123,0
177124,0
177125,0
177126,0
177127,0
177128,0
177129,0
177130,34
177131,0
177132,0
177133,0
177134,0
177135,0
177136,0
177137,0
177138,0
177139,0
177140,0
177141,0
177142,0
177143,0
177144,0
177145,0
177146,0
177147,0
177148,0
177149,0
177150,0
177151,0
177152,0
177153,0
177154,0
177155,0
177156,0
177157,0
177158,0
177159,0
177160,0
177161,0
177162,0
177163,0
177164,0
177165,0
177166,0
177167,0
177168,0
177169,0
177170,0
177171,0
177172,0
177173,0
177174,0
177175,0
177176,0
177177,18
177178,0
177179,0
177180,0
177181,0
177182,0
177183,0
177184,0
177185,0
177186,0
177187,0
177188,0
177189,0
177190,0
177191,0
177192,0
177193,0
177194,0
177195,0
177196,0
177197,0
177198,0
177199,0
177200,0
177201,0
177202,0
177203,0
177204,0
177205,0
177206,0
177207,0
177208,0
177209,0
177210,0
177211,11
177212,0
177213,0
177214,0
177215,0
177216,0
177217,0
177218,0
177219,0
177220,0
177221,0
177222,0
177223,0
177224,0
177225,0
177226,0
177227,0
177228,0
177229,0
177230,24
177231,0
177232,0
177233,0
177234,0
177235,0
177236,0
177237,0
177238,0
177239,0
177240,0
177241,0
177242,0
177243,0
177244,0
177245,0
177246,0
177247,0
177248,0
177249,0
177250,0
177251,0
177252,0
177253,0
177254,0
177255,0
177256,0
177257,0
177258,0
177259,0
177260,0
177261,0
177262,0
177263,0
177264,0
177265,0
177266,0
177267,0
177268,0
177269,0
177270,0
177271,0
177272,0
177273,0
177274,0
177275,0
177276,0
177277,0
177278,0
177279,0
177280,0
177281,0
177282,0
177283,0
177284,0
177285,26
177286,0
177287,0
177288,0
177289,0
177290,0
177291,0
177292,0
177293,0
177294,0
177295,0
177296,0
177297,0
177298,0
177299,0
177300,0
177301,0
177302,0
177303,0
177304,1
177305,0
177306,0
177307,0
177308,0
177309,0
177310,0
177311,0
177312,0
177313,0
177314,0
177315,0
177316,0
177317,1
177318,3
177319,0
177320,0
177321,0
177322,0
177323,0
177324,0
177325,0
177326,3
177327,0
177328,0
177329,0
177330,0
177331,4
177332,0
177333,8
177334,6
177335,0
177336,0
177337,0
177338,0
177339,1
177340,0
177341,0
177342,0
177343,0
177344,3
177345,3
177346,0
177347,0
177348,0
177349,0
177350,1
177351,0
177352,0
177353,0
177354,0
177355,8
177356,0
177357,0
177358,0
177359,0
177360,0
177361,0
177362,0
177363,0
177364,0
177365,0
177366,0
177367,0
177368,0
177369,0
177370,0
177371,0
177372,0
177373,9
177374,0
177375,0
177376,0
177377,0
177378,0
177379,2
177380,0
177381,0
177382,0
177383,0
177384,0
177385,3
177386,0
177387,0
177388,2
177389,0
177390,2
177391,0
177392,0
177393,0
177394,0
177395,0
177396,0
177397,0
177398,0
177399,0
177400,2
177401,0
177402,0
177403,0
177404,0
177405,6
177406,0
177407,0
177408,3
177409,0
177410,0
177411,0
177412,0
177413,0
177414,1
177415,0
177416,0
177417,0
177418,0
177419,0
177420,0
177421,0
177422,0
177423,0
177424,0
177425,0
177426,0
177427,0
177428,0
177429,3
177430,0
177431,0
177432,0
177433,0
177434,0
177435,0
177436,0
177437,1
177438,0
177439,0
177440,0
177441,0
177442,0
177443,5
177444,1
177445,0
177446,0
177447,0
177448,0
177449,0
177450,0
177451,0
177452,0
177453,0
177454,2
177455,0
177456,0
177457,1
177458,0
177459,0
177460,3
177461,0
177462,0
177463,0
177464,0
177465,0
177466,0
177467,0
177468,0
177469,0
177470,0
177471,0
177472,0
177473,0
177474,0
177475,0
177476,0
177477,0
177478,0
177479,0
177480,0
177481,0
177482,35
177483,0
177484,0
177485,0
177486,0
177487,24
177488,25
177489,0
177490,0
177491,0
177492,0
177493,0
177494,26
177495,0
177496,31
177497,0
177498,0
177499,0
177500,0
177501,0
177502,0
177503,0
177504,0
177505,25
177506,0
177507,0
177508,21
177509,22
177510,0
177511,0
177512,0
177513,27
177514,0
177515,0
177516,38
177517,0
177518,38
177519,18
177520,0
177521,0
177522,22
177523,0
177524,0
177525,0
177526,21
177527,0
177528,0
177529,0
177530,0
177531,0
177532,0
177533,15
177534,31
177535,0
177536,0
177537,0
177538,0
177539,0
177540,0
177541,0
177542,0
177543,32
177544,21
177545,21
177546,18
177547,14
177548,0
177549,30
177550,0
177551,34
177552,0
177553,0
177554,0
177555,30
177556,0
177557,0
177558,0
177559,0
177560,21
177561,0
177562,0
177563,27
177564,0
177565,41
177566,0
177567,0
177568,0
177569,27
177570,0
177571,0
177572,0
177573,0
177574,32
177575,0
177576,0
177577,0
177578,0
177579,0
177580,30
177581,0
177582,0
177583,0
177584,0
177585,0
177586,0
177587,0
177588,28
177589,0
177590,0
177591,0
177592,0
177593,33
177594,0
177595,0
177596,35
177597,0
177598,0
177599,0
177600,0
177601,0
177602,0
177603,0
177604,0
177605,0
177606,31
177607,13
177608,0
177609,0
177610,0
177611,0
177612,37
177613,0
177614,25
177615,0
177616,40
177617,0
177618,0
177619,0
177620,0
177621,0
177622,20
177623,0
177624,31
177625,0
177626,0
177627,0
177628,0
177629,0
177630,0
177631,0
177632,0
177633,53
177634,0
177635,0
177636,34
177637,0
177638,37
177639,29
177640,0
177641,0
177642,0
177643,0
177644,24
177645,0
177646,0
177647,0
177648,33
177649,22
177650,0
177651,0
177652,0
177653,0
177654,0
177655,0
177656,0
177657,0
177658,0
177659,0
177660,0
177661,0
177662,0
177663,0
177664,32
177665,0
177666,0
177667,34
177668,29
177669,0
177670,0
177671,0
177672,0
177673,28
177674,0
177675,0
177676,0
177677,0
177678,0
177679,0
177680,31
177681,0
177682,27
177683,21
177684,0
177685,0
177686,0
177687,0
177688,0
177689,0
177690,0
177691,25
177692,22
177693,0
177694,0
177695,0
177696,0
177697,0
177698,22
177699,0
177700,0
177701,33
177702,0
177703,0
177704,0
177705,0
177706,0
177707,0
177708,0
177709,0
177710,0
177711,0
177712,27
177713,0
177714,0
177715,0
177716,0
177717,0
177718,0
177719,0
177720,42
177721,0
177722,27
177723,0
177724,0
177725,0
177726,0
177727,0
177728,0
177729,35
177730,0
177731,0
177732,0
177733,0
177734,27
177735,0
177736,0
177737,27
177738,0
177739,0
177740,17
177741,19
177742,0
177743,18
177744,0
177745,0
177746,0
177747,0
177748,0
177749,0
177750,0
177751,0
177752,0
177753,0
177754,0
177755,27
177756,0
177757,0
177758,25
177759,0
177760,0
177761,0
177762,0
177763,0
177764,0
177765,0
177766,0
177767,0
177768,0
177769,0
177770,47
177771,0
177772,0
177773,0
177774,0
177775,0
177776,0
177777,0
177778,30
177779,0
177780,0
177781,0
177782,0
177783,0
177784,0
177785,0
177786,0
177787,0
177788,40
177789,0
177790,0
177791,26
177792,0
177793,0
177794,0
177795,0
177796,23
177797,0
177798,0
177799,0
177800,0
177801,0
177802,0
177803,0
177804,0
177805,25
177806,0
177807,26
177808,0
177809,27
177810,35
177811,0
177812,0
177813,0
177814,0
177815,0
177816,0
177817,35
177818,0
177819,0
177820,0
177821,0
177822,0
177823,0
177824,25
177825,0
177826,32
177827,20
177828,0
177829,0
177830,0
177831,0
177832,0
177833,26
177834,42
177835,0
177836,0
177837,0
177838,0
177839,22
177840,27
177841,0
177842,0
177843,0
177844,0
177845,0
177846,0
177847,0
177848,30
177849,0
177850,0
177851,27
177852,30
177853,0
177854,0
177855,0
177856,30
177857,0
177858,0
177859,42
177860,32
177861,0
177862,0
177863,0
177864,0
177865,0
177866,26
177867,0
177868,0
177869,0
177870,0
177871,29
177872,0
177873,28
177874,0
177875,0
177876,0
177877,0
177878,0
177879,0
177880,0
177881,0
177882,0
177883,39
177884,0
177885,27
177886,31
177887,0
177888,0
177889,34
177890,0
177891,0
177892,20
177893,0
177894,0
177895,32
177896,0
177897,12
177898,0
177899,0
177900,0
177901,0
177902,0
177903,0
177904,0
177905,0
177906,29
177907,24
177908,0
177909,21
177910,0
177911,0
177912,0
177913,0
177914,0
177915,0
177916,0
177917,0
177918,0
177919,0
177920,0
177921,0
177922,20
177923,0
177924,0
177925,0
177926,23
177927,50
177928,0
177929,0
177930,0
177931,0
177932,0
177933,0
177934,0
177935,0
177936,44
177937,0
177938,0
177939,0
177940,0
177941,18
177942,0
177943,0
177944,0
177945,27
177946,26
177947,30
177948,25
177949,0
177950,0
177951,0
177952,0
177953,28
177954,0
177955,0
177956,0
177957,0
177958,0
177959,0
177960,0
177961,0
177962,0
177963,0
177964,0
177965,0
177966,28
177967,0
177968,27
177969,0
177970,24
177971,0
177972,0
177973,23
177974,0
177975,0
177976,0
177977,0
177978,0
177979,37
177980,0
177981,0
177982,0
177983,0
177984,0
177985,33
177986,0
177987,0
177988,0
177989,0
177990,0
177991,0
177992,0
177993,37
177994,0
177995,21
177996,0
177997,22
177998,0
177999,18
178000,38
178001,20
178002,0
178003,0
178004,22
178005,0
178006,0
178007,0
178008,0
178009,0
178010,0
178011,0
178012,0
178013,30
178014,0
178015,0
178016,0
178017,0
178018,0
178019,0
178020,0
178021,0
178022,0
178023,0
178024,0
178025,29
178026,32
178027,0
178028,0
178029,0
178030,23
178031,0
178032,0
178033,0
178034,0
178035,0
178036,0
178037,0
178038,35
178039,0
178040,0
178041,27
178042,25
178043,0
178044,0
178045,0
178046,37
178047,0
178048,23
178049,31
178050,0
178051,0
178052,0
178053,0
178054,0
178055,0
178056,0
178057,0
178058,0
178059,0
178060,0
178061,0
178062,0
178063,0
178064,42
178065,0
178066,0
178067,34
178068,0
178069,0
178070,0
178071,0
178072,0
178073,0
178074,0
178075,0
178076,0
178077,47
178078,0
178079,0
178080,0
178081,0
178082,28
178083,0
178084,0
178085,0
178086,0
178087,0
178088,20
178089,0
178090,0
178091,0
178092,0
178093,0
178094,0
178095,0
178096,0
178097,0
178098,0
178099,0
178100,0
178101,0
178102,40
178103,43
178104,24
178105,0
178106,30
178107,0
178108,0
178109,0
178110,0
178111,0
178112,25
178113,29
178114,0
178115,0
178116,0
178117,0
178118,37
178119,35
178120,0
178121,0
178122,31
178123,0
178124,0
178125,29
178126,27
178127,0
178128,0
178129,0
178130,0
178131,0
178132,0
178133,0
178134,0
178135,0
178136,0
178137,0
178138,0
178139,0
178140,0
178141,45
178142,0
178143,18
178144,0
178145,0
178146,27
178147,0
178148,0
178149,0
178150,22
178151,21
178152,0
178153,0
178154,0
178155,0
178156,0
178157,0
178158,0
178159,0
178160,0
178161,0
178162,0
178163,0
178164,0
178165,0
178166,0
178167,0
178168,0
178169,0
178170,0
178171,0
178172,0
178173,46
178174,0
178175,0
178176,0
178177,0
178178,0
178179,0
178180,0
178181,0
178182,0
178183,0
178184,0
178185,0
178186,0
178187,0
178188,0
178189,0
178190,0
178191,0
178192,0
178193,0
178194,0
178195,0
178196,0
178197,0
178198,0
178199,0
178200,0
178201,0
178202,0
178203,0
178204,0
178205,0
178206,0
178207,0
178208,0
178209,0
178210,0
178211,0
178212,0
178213,0
178214,0
178215,0
178216,0
178217,0
178218,0
178219,0
178220,0
178221,0
178222,0
178223,0
178224,0
178225,0
178226,0
178227,0
178228,0
178229,0
178230,0
178231,0
178232,0
178233,0
178234,0
178235,0
178236,0
178237,0
178238,0
178239,0
178240,0
178241,0
178242,0
178243,0
178244,0
178245,0
178246,0
178247,0
178248,0
178249,0
178250,0
178251,0
178252,0
178253,0
178254,0
178255,0
178256,0
178257,35
178258,0
178259,0
178260,0
178261,0
178262,0
178263,0
178264,0
178265,0
178266,0
178267,0
178268,34
178269,0
178270,0
178271,0
178272,0
178273,0
178274,0
178275,22
178276,0
178277,0
178278,0
178279,0
178280,0
178281,0
178282,0
178283,46
178284,0
178285,0
178286,0
178287,0
178288,0
178289,0
178290,0
178291,0
178292,0
178293,0
178294,0
178295,0
178296,0
178297,0
178298,0
178299,0
178300,0
178301,0
178302,0
178303,0
178304,0
178305,0
178306,0
178307,0
178308,0
178309,0
178310,0
178311,0
178312,0
178313,0
178314,0
178315,0
178316,0
178317,0
178318,0
178319,0
178320,0
178321,0
178322,0
178323,0
178324,0
178325,0
178326,0
178327,0
178328,0
178329,21
178330,0
178331,0
178332,0
178333,0
178334,0
178335,0
178336,0
178337,0
178338,0
178339,0
178340,0
178341,0
178342,0
178343,0
178344,0
178345,0
178346,0
178347,0
178348,0
178349,0
178350,0
178351,0
178352,28
178353,0
178354,0
178355,0
178356,0
178357,0
178358,51
178359,34
178360,0
178361,0
178362,0
178363,0
178364,0
178365,0
178366,0
178367,0
178368,0
178369,0
178370,0
178371,0
178372,0
178373,0
178374,0
178375,0
178376,0
178377,0
178378,0
178379,0
178380,0
178381,0
178382,0
178383,0
178384,0
178385,0
178386,0
178387,32
178388,0
178389,0
178390,19
178391,0
178392,0
178393,0
178394,0
178395,0
178396,0
178397,0
178398,0
178399,0
178400,0
178401,0
178402,0
178403,0
178404,0
178405,0
178406,0
178407,0
178408,0
178409,0
178410,0
178411,0
178412,0
178413,0
178414,0
178415,18
178416,0
178417,0
178418,0
178419,20
178420,29
178421,0
178422,0
178423,0
178424,0
178425,0
178426,25
178427,25
178428,0
178429,0
178430,0
178431,0
178432,0
178433,0
178434,16
178435,21
178436,0
178437,0
178438,0
178439,0
178440,0
178441,0
178442,29
178443,0
178444,0
178445,31
178446,0
178447,28
178448,0
178449,0
178450,0
178451,0
178452,0
178453,0
178454,13
178455,0
178456,0
178457,0
178458,0
178459,0
178460,0
178461,18
178462,0
178463,0
178464,0
178465,0
178466,0
178467,0
178468,0
178469,0
178470,0
178471,13
178472,22
178473,0
178474,0
178475,0
178476,0
178477,0
178478,0
178479,0
178480,0
178481,23
178482,21
178483,0
178484,0
178485,0
178486,0
178487,0
178488,0
178489,0
178490,0
178491,0
178492,0
178493,0
178494,0
178495,0
178496,0
178497,0
178498,0
178499,0
178500,0
178501,0
178502,0
178503,0
178504,0
178505,0
178506,0
178507,18
178508,0
178509,17
178510,0
178511,0
178512,14
178513,0
178514,0
178515,0
178516,0
178517,0
178518,0
178519,0
178520,0
178521,0
178522,14
178523,0
178524,0
178525,0
178526,16
178527,0
178528,0
178529,0
178530,0
178531,0
178532,25
178533,0
178534,18
178535,0
178536,0
178537,0
178538,0
178539,0
178540,0
178541,13
178542,12
178543,0
178544,0
178545,0
178546,0
178547,0
178548,0
178549,0
178550,0
178551,30
178552,0
178553,0
178554,0
178555,0
178556,0
178557,20
178558,0
178559,0
178560,16
178561,0
178562,14
178563,0
178564,0
178565,0
178566,0
178567,0
178568,19
178569,0
178570,0
178571,15
178572,16
178573,0
178574,0
178575,0
178576,0
178577,0
178578,0
178579,0
178580,19
178581,0
178582,0
178583,23
178584,0
178585,0
178586,0
178587,13
178588,0
178589,0
178590,0
178591,17
178592,0
178593,0
178594,0
178595,0
178596,0
178597,0
178598,0
178599,19
178600,0
178601,25
178602,0
178603,0
178604,0
178605,0
178606,0
178607,10
178608,0
178609,0
178610,0
178611,0
178612,0
178613,0
178614,0
178615,0
178616,0
178617,0
178618,0
178619,0
178620,18
178621,14
178622,0
178623,0
178624,0
178625,0
178626,0
178627,0
178628,21
178629,0
178630,0
178631,0
178632,0
178633,0
178634,0
178635,23
178636,0
178637,14
178638,0
178639,19
178640,0
178641,0
178642,24
178643,0
178644,0
178645,0
178646,0
178647,17
178648,18
178649,14
178650,21
178651,0
178652,0
178653,0
178654,0
178655,0
178656,0
178657,0
178658,0
178659,0
178660,0
178661,23
178662,19
178663,0
178664,0
178665,20
178666,0
178667,18
178668,0
178669,20
178670,0
178671,0
178672,7
178673,0
178674,0
178675,0
178676,0
178677,0
178678,26
178679,0
178680,14
178681,0
178682,0
178683,0
178684,0
178685,0
178686,0
178687,31
178688,0
178689,0
178690,0
178691,17
178692,26
178693,18
178694,0
178695,0
178696,0
178697,0
178698,0
178699,0
178700,16
178701,0
178702,0
178703,0
178704,0
178705,0
178706,0
178707,0
178708,0
178709,20
178710,0
178711,0
178712,0
178713,0
178714,0
178715,13
178716,0
178717,0
178718,0
178719,0
178720,0
178721,0
178722,0
178723,0
178724,0
178725,0
178726,13
178727,11
178728,0
178729,0
178730,0
178731,16
178732,0
178733,0
178734,0
178735,0
178736,0
178737,0
178738,0
178739,19
178740,0
178741,0
178742,0
178743,0
178744,0
178745,0
178746,0
178747,0
178748,0
178749,0
178750,0
178751,18
178752,0
178753,0
178754,0
178755,19
178756,0
178757,17
178758,0
178759,0
178760,0
178761,0
178762,0
178763,0
178764,0
178765,20
178766,15
178767,0
178768,0
178769,19
178770,0
178771,0
178772,0
178773,0
178774,0
178775,0
178776,0
178777,0
178778,20
178779,0
178780,0
178781,0
178782,0
178783,0
178784,0
178785,0
178786,0
178787,29
178788,0
178789,16
178790,0
178791,0
178792,16
178793,0
178794,0
178795,0
178796,0
178797,0
178798,0
178799,21
178800,0
178801,0
178802,0
178803,15
178804,0
178805,0
178806,0
178807,0
178808,0
178809,0
178810,21
178811,0
178812,0
178813,0
178814,0
178815,0
178816,0
178817,0
178818,14
178819,15
178820,0
178821,0
178822,0
178823,0
178824,0
178825,0
178826,0
178827,16
178828,0
178829,0
178830,15
178831,0
178832,0
178833,0
178834,0
178835,29
178836,0
178837,0
178838,0
178839,0
178840,0
178841,0
178842,0
178843,0
178844,0
178845,0
178846,0
178847,0
178848,0
178849,23
178850,22
178851,0
178852,0
178853,13
178854,0
178855,0
178856,0
178857,0
178858,0
178859,0
178860,15
178861,0
178862,0
178863,0
178864,0
178865,0
178866,19
178867,0
178868,23
178869,0
178870,27
178871,0
178872,0
178873,18
178874,0
178875,0
178876,0
178877,0
178878,0
178879,18
178880,0
178881,0
178882,0
178883,0
178884,0
178885,0
178886,0
178887,0
178888,0
178889,0
178890,0
178891,0
178892,0
178893,0
178894,22
178895,0
178896,0
178897,0
178898,17
178899,15
178900,0
178901,0
178902,0
178903,17
178904,10
178905,24
178906,0
178907,0
178908,0
178909,0
178910,16
178911,0
178912,0
178913,0
178914,15
178915,0
178916,0
178917,0
178918,0
178919,0
178920,0
178921,0
178922,14
178923,0
178924,0
178925,23
178926,0
178927,17
178928,0
178929,0
178930,0
178931,0
178932,0
178933,0
178934,20
178935,0
178936,0
178937,0
178938,0
178939,0
178940,0
178941,0
178942,0
178943,0
178944,0
178945,0
178946,13
178947,0
178948,0
178949,0
178950,0
178951,21
178952,18
178953,0
178954,0
178955,0
178956,0
178957,0
178958,0
178959,0
178960,0
178961,0
178962,0
178963,10
178964,0
178965,16
178966,0
178967,0
178968,0
178969,0
178970,0
178971,0
178972,12
178973,0
178974,0
178975,0
178976,0
178977,0
178978,0
178979,0
178980,0
178981,0
178982,0
178983,0
178984,0
178985,0
178986,0
178987,14
178988,0
178989,0
178990,15
178991,0
178992,0
178993,13
178994,0
178995,0
178996,0
178997,0
178998,0
178999,0
179000,0
179001,0
179002,0
179003,0
179004,0
179005,0
179006,0
179007,0
179008,0
179009,0
179010,0
179011,0
179012,0
179013,0
179014,0
179015,0
179016,0
179017,0
179018,0
179019,0
179020,0
179021,0
179022,0
179023,0
179024,0
179025,0
179026,0
179027,0
179028,0
179029,0
179030,0
179031,0
179032,0
179033,0
179034,0
179035,0
179036,0
179037,0
179038,0
179039,0
179040,0
179041,0
179042,0
179043,0
179044,0
179045,0
179046,0
179047,0
179048,0
179049,0
179050,0
179051,0
179052,0
179053,0
179054,0
179055,0
179056,0
179057,0
179058,0
179059,0
179060,0
179061,0
179062,2
179063,0
179064,0
179065,0
179066,0
179067,0
179068,0
179069,0
179070,8
179071,0
179072,0
179073,0
179074,0
179075,0
179076,0
179077,0
179078,0
179079,0
179080,0
179081,0
179082,7
179083,0
179084,0
179085,0
179086,0
179087,0
179088,0
179089,0
179090,0
179091,0
179092,0
179093,0
179094,0
179095,0
179096,0
179097,0
179098,0
179099,0
179100,0
179101,7
179102,0
179103,0
179104,0
179105,0
179106,0
179107,4
179108,0
179109,0
179110,0
179111,0
179112,18
179113,23
179114,0
179115,0
179116,0
179117,0
179118,0
179119,0
179120,0
179121,0
179122,0
179123,0
179124,39
179125,0
179126,0
179127,0
179128,0
179129,0
179130,34
179131,0
179132,0
179133,0
179134,0
179135,0
179136,0
179137,0
179138,50
179139,0
179140,0
179141,0
179142,24
179143,0
179144,0
179145,0
179146,0
179147,0
179148,0
179149,0
179150,0
179151,39
179152,0
179153,0
179154,0
179155,0
179156,0
179157,0
179158,40
179159,0
179160,0
179161,31
179162,39
179163,0
179164,0
179165,0
179166,0
179167,0
179168,0
179169,0
179170,28
179171,0
179172,0
179173,0
179174,25
179175,0
179176,0
179177,0
179178,46
179179,0
179180,0
179181,0
179182,0
179183,0
179184,25
179185,41
179186,0
179187,38
179188,0
179189,39
179190,0
179191,0
179192,44
179193,0
179194,0
179195,29
179196,0
179197,0
179198,0
179199,0
179200,0
179201,0
179202,22
179203,34
179204,0
179205,18
179206,0
179207,0
179208,0
179209,0
179210,0
179211,0
179212,0
179213,0
179214,0
179215,0
179216,0
179217,24
179218,0
179219,0
179220,0
179221,0
179222,0
179223,0
179224,0
179225,0
179226,0
179227,0
179228,0
179229,0
179230,0
179231,35
179232,0
179233,0
179234,0
179235,24
179236,44
179237,18
179238,0
179239,0
179240,0
179241,0
179242,0
179243,27
179244,0
179245,0
179246,34
179247,24
179248,0
179249,0
179250,0
179251,0
179252,30
179253,0
179254,0
179255,0
179256,31
179257,0
179258,0
179259,0
179260,43
179261,0
179262,0
179263,0
179264,19
179265,32
179266,0
179267,0
179268,0
179269,0
179270,0
179271,0
179272,31
179273,0
179274,0
179275,0
179276,0
179277,0
179278,44
179279,0
179280,0
179281,0
179282,0
179283,0
179284,0
179285,18
179286,0
179287,0
179288,37
179289,0
179290,0
179291,0
179292,0
179293,27
179294,0
179295,48
179296,0
179297,0
179298,0
179299,0
179300,0
179301,0
179302,0
179303,0
179304,36
179305,36
179306,42
179307,20
179308,42
179309,0
179310,0
179311,0
179312,0
179313,0
179314,0
179315,0
179316,51
179317,0
179318,0
179319,22
179320,0
179321,40
179322,0
179323,31
179324,19
179325,0
179326,0
179327,21
179328,38
179329,34
179330,52
179331,30
179332,35
179333,0
179334,0
179335,34
179336,29
179337,33
179338,35
179339,0
179340,29
179341,35
179342,30
179343,36
179344,0
179345,26
179346,0
179347,0
179348,0
179349,33
179350,0
179351,0
179352,0
179353,0
179354,0
179355,0
179356,0
179357,0
179358,0
179359,0
179360,28
179361,0
179362,0
179363,0
179364,0
179365,0
179366,0
179367,0
179368,24
179369,0
179370,0
179371,0
179372,42
179373,0
179374,26
179375,0
179376,0
179377,0
179378,0
179379,0
179380,0
179381,27
179382,0
179383,0
179384,18
179385,32
179386,0
179387,46
179388,0
179389,49
179390,0
179391,38
179392,0
179393,0
179394,0
179395,0
179396,0
179397,0
179398,0
179399,0
179400,0
179401,0
179402,0
179403,0
179404,45
179405,0
179406,0
179407,0
179408,0
179409,0
179410,0
179411,28
179412,0
179413,0
179414,0
179415,0
179416,0
179417,0
179418,0
179419,34
179420,0
179421,0
179422,38
179423,0
179424,0
179425,34
179426,0
179427,0
179428,0
179429,0
179430,0
179431,39
179432,0
179433,0
179434,0
179435,40
179436,0
179437,0
179438,0
179439,31
179440,0
179441,0
179442,0
179443,0
179444,0
179445,0
179446,0
179447,36
179448,0
179449,0
179450,0
179451,45
179452,0
179453,0
179454,0
179455,0
179456,0
179457,36
179458,0
179459,0
179460,0
179461,0
179462,0
179463,0
179464,0
179465,0
179466,32
179467,0
179468,0
179469,0
179470,0
179471,0
179472,0
179473,26
179474,0
179475,0
179476,0
179477,0
179478,0
179479,0
179480,26
179481,0
179482,0
179483,0
179484,0
179485,0
179486,0
179487,0
179488,0
179489,0
179490,0
179491,0
179492,0
179493,0
179494,0
179495,0
179496,0
179497,0
179498,0
179499,0
179500,0
179501,0
179502,0
179503,29
179504,0
179505,0
179506,0
179507,0
179508,0
179509,0
179510,0
179511,0
179512,0
179513,0
179514,0
179515,0
179516,38
179517,33
179518,0
179519,25
179520,34
179521,44
179522,0
179523,0
179524,0
179525,0
179526,35
179527,0
179528,0
179529,0
179530,46
179531,34
179532,0
179533,0
179534,0
179535,25
179536,0
179537,0
179538,0
179539,0
179540,0
179541,26
179542,0
179543,0
179544,0
179545,0
179546,0
179547,0
179548,0
179549,0
179550,29
179551,0
179552,0
179553,0
179554,0
179555,0
179556,0
179557,0
179558,0
179559,33
179560,0
179561,38
179562,0
179563,0
179564,0
179565,0
179566,0
179567,0
179568,0
179569,0
179570,0
179571,0
179572,0
179573,0
179574,0
179575,39
179576,0
179577,37
179578,0
179579,0
179580,31
179581,0
179582,0
179583,0
179584,0
179585,0
179586,27
179587,0
179588,0
179589,0
179590,0
179591,0
179592,0
179593,0
179594,0
179595,0
179596,0
179597,0
179598,0
179599,0
179600,0
179601,0
179602,0
179603,0
179604,32
179605,0
179606,0
179607,0
179608,0
179609,0
179610,0
179611,0
179612,0
179613,31
179614,0
179615,0
179616,0
179617,0
179618,0
179619,0
179620,0
179621,0
179622,31
179623,0
179624,0
179625,0
179626,0
179627,0
179628,0
179629,26
179630,0
179631,0
179632,0
179633,0
179634,0
179635,0
179636,0
179637,0
179638,0
179639,0
179640,29
179641,0
179642,0
179643,0
179644,0
179645,0
179646,0
179647,0
179648,0
179649,0
179650,0
179651,0
179652,0
179653,0
179654,0
179655,0
179656,0
179657,0
179658,0
179659,0
179660,0
179661,0
179662,0
179663,0
179664,0
179665,0
179666,0
179667,43
179668,0
179669,0
179670,0
179671,0
179672,0
179673,38
179674,0
179675,0
179676,0
179677,0
179678,0
179679,0
179680,0
179681,0
179682,0
179683,0
179684,0
179685,40
179686,0
179687,0
179688,0
179689,0
179690,0
179691,0
179692,0
179693,0
179694,0
179695,0
179696,0
179697,38
179698,0
179699,0
179700,0
179701,0
179702,32
179703,0
179704,0
179705,0
179706,0
179707,0
179708,0
179709,0
179710,34
179711,0
179712,0
179713,0
179714,0
179715,0
179716,0
179717,0
179718,0
179719,0
179720,0
179721,0
179722,0
179723,0
179724,0
179725,0
179726,28
179727,0
179728,0
179729,0
179730,0
179731,0
179732,39
179733,0
179734,42
179735,0
179736,0
179737,29
179738,0
179739,0
179740,0
179741,0
179742,0
179743,0
179744,0
179745,49
179746,21
179747,23
179748,43
179749,0
179750,0
179751,0
179752,0
179753,0
179754,35
179755,0
179756,0
179757,0
179758,0
179759,0
179760,0
179761,0
179762,0
179763,0
179764,0
179765,34
179766,22
179767,0
179768,0
179769,0
179770,0
179771,0
179772,0
179773,0
179774,0
179775,0
179776,0
179777,42
179778,0
179779,0
179780,0
179781,0
179782,52
179783,0
179784,0
179785,0
179786,0
179787,0
179788,0
179789,0
179790,0
179791,0
179792,0
179793,0
179794,0
179795,0
179796,0
179797,0
179798,0
179799,0
179800,43
179801,0
179802,27
179803,0
179804,0
179805,0
179806,0
179807,0
179808,0
179809,0
179810,43
179811,0
179812,0
179813,0
179814,21
179815,0
179816,0
179817,0
179818,0
179819,0
179820,0
179821,0
179822,0
179823,0
179824,0
179825,0
179826,0
179827,0
179828,0
179829,0
179830,0
179831,0
179832,0
179833,0
179834,0
179835,0
179836,0
179837,0
179838,0
179839,0
179840,0
179841,0
179842,0
179843,0
179844,29
179845,0
179846,0
179847,0
179848,0
179849,0
179850,0
179851,0
179852,0
179853,0
179854,0
179855,0
179856,0
179857,0
179858,0
179859,20
179860,0
179861,0
179862,0
179863,0
179864,0
179865,0
179866,0
179867,0
179868,0
179869,0
179870,0
179871,0
179872,0
179873,0
179874,0
179875,36
179876,0
179877,0
179878,0
179879,0
179880,0
179881,31
179882,0
179883,0
179884,0
179885,0
179886,0
179887,0
179888,0
179889,0
179890,0
179891,22
179892,0
179893,0
179894,0
179895,0
179896,0
179897,0
179898,42
179899,0
179900,0
179901,0
179902,0
179903,3
179904,0
179905,1
179906,0
179907,0
179908,0
179909,0
179910,3
179911,0
179912,0
179913,0
179914,0
179915,0
179916,0
179917,0
179918,0
179919,0
179920,0
179921,2
179922,0
179923,0
179924,2
179925,0
179926,3
179927,4
179928,0
179929,4
179930,0
179931,0
179932,0
179933,2
179934,0
179935,0
179936,0
179937,0
179938,0
179939,0
179940,0
179941,3
179942,0
179943,0
179944,0
179945,1
179946,0
179947,0
179948,0
179949,0
179950,0
179951,0
179952,0
179953,0
179954,5
179955,0
179956,0
179957,0
179958,3
179959,0
179960,0
179961,0
179962,0
179963,5
179964,5
179965,3
179966,0
179967,5
179968,4
179969,0
179970,0
179971,0
179972,0
179973,0
179974,0
179975,0
179976,0
179977,3
179978,0
179979,0
179980,6
179981,0
179982,1
179983,0
179984,3
179985,0
179986,3
179987,0
179988,7
179989,0
179990,0
179991,0
179992,0
179993,0
179994,0
179995,0
179996,0
179997,0
179998,2
179999,3
180000,0
180001,1
180002,0
180003,0
180004,0
180005,0
180006,0
180007,0
180008,4
180009,0
180010,0
180011,0
180012,0
180013,0
180014,0
180015,0
180016,0
180017,0
180018,0
180019,0
180020,0
180021,1
180022,3
180023,0
180024,0
180025,0
180026,0
180027,0
180028,0
180029,0
180030,0
180031,0
180032,0
180033,0
180034,0
180035,0
180036,0
180037,0
180038,0
180039,0
180040,0
180041,0
180042,0
180043,2
180044,0
180045,2
180046,0
180047,0
180048,0
180049,0
180050,0
180051,0
180052,1
180053,4
180054,0
180055,0
180056,0
180057,0
180058,0
180059,0
180060,0
180061,0
180062,0
180063,0
180064,0
180065,0
180066,4
180067,4
180068,0
180069,1
180070,0
180071,0
180072,0
180073,0
180074,0
180075,0
180076,0
180077,0
180078,0
180079,0
180080,4
180081,0
180082,0
180083,4
180084,0
180085,0
180086,0
180087,6
180088,0
180089,6
180090,0
180091,7
180092,0
180093,0
180094,0
180095,3
180096,0
180097,0
180098,0
180099,0
180100,4
180101,0
180102,0
180103,0
180104,0
180105,0
180106,0
180107,0
180108,0
180109,4
180110,0
180111,0
180112,0
180113,0
180114,0
180115,2
180116,0
180117,0
180118,3
180119,3
180120,0
180121,0
180122,0
180123,0
180124,0
180125,0
180126,0
180127,1
180128,0
180129,0
180130,0
180131,0
180132,3
180133,0
180134,0
180135,0
180136,5
180137,0
180138,0
180139,0
180140,0
180141,0
180142,0
180143,0
180144,0
180145,0
180146,2
180147,0
180148,0
180149,0
180150,0
180151,0
180152,5
180153,0
180154,0
180155,0
180156,0
180157,0
180158,0
180159,0
180160,6
180161,0
180162,3
180163,0
180164,0
180165,5
180166,0
180167,0
180168,0
180169,5
180170,0
180171,0
180172,1
180173,0
180174,1
180175,0
180176,0
180177,0
180178,0
180179,0
180180,0
180181,0
180182,0
180183,0
180184,0
180185,2
180186,0
180187,0
180188,0
180189,0
180190,0
180191,2
180192,0
180193,0
180194,0
180195,29
180196,23
180197,0
180198,0
180199,0
180200,32
180201,0
180202,0
180203,0
180204,31
180205,0
180206,0
180207,0
180208,0
180209,0
180210,0
180211,0
180212,0
180213,39
180214,0
180215,0
180216,0
180217,36
180218,0
180219,0
180220,0
180221,0
180222,0
180223,0
180224,0
180225,0
180226,27
180227,0
180228,0
180229,0
180230,0
180231,0
180232,0
180233,0
180234,32
180235,0
180236,0
180237,37
180238,0
180239,0
180240,0
180241,0
180242,0
180243,0
180244,0
180245,0
180246,0
180247,0
180248,0
180249,0
180250,24
180251,0
180252,0
180253,0
180254,0
180255,0
180256,0
180257,0
180258,0
180259,0
180260,0
180261,0
180262,0
180263,36
180264,0
180265,0
180266,0
180267,0
180268,0
180269,0
180270,0
180271,0
180272,0
180273,0
180274,40
180275,30
180276,0
180277,0
180278,25
180279,0
180280,0
180281,31
180282,0
180283,0
180284,0
180285,0
180286,0
180287,0
180288,0
180289,0
180290,0
180291,24
180292,0
180293,37
180294,0
180295,0
180296,0
180297,0
180298,0
180299,0
180300,0
180301,0
180302,0
180303,0
180304,0
180305,42
180306,0
180307,0
180308,0
180309,0
180310,0
180311,44
180312,0
180313,0
180314,0
180315,31
180316,0
180317,0
180318,0
180319,0
180320,0
180321,0
180322,18
180323,34
180324,0
180325,0
180326,0
180327,0
180328,0
180329,0
180330,0
180331,0
180332,0
180333,0
180334,0
180335,0
180336,0
180337,0
180338,0
180339,0
180340,0
180341,0
180342,0
180343,0
180344,0
180345,0
180346,0
180347,0
180348,0
180349,0
180350,0
180351,0
180352,0
180353,0
180354,0
180355,0
180356,0
180357,0
180358,0
180359,0
180360,0
180361,25
180362,0
180363,33
180364,0
180365,25
180366,0
180367,0
180368,0
180369,0
180370,0
180371,0
180372,0
180373,0
180374,0
180375,27
180376,0
180377,0
180378,0
180379,32
180380,0
180381,0
180382,33
180383,0
180384,37
180385,0
180386,0
180387,33
180388,0
180389,0
180390,0
180391,0
180392,0
180393,39
180394,0
180395,0
180396,28
180397,0
180398,0
180399,0
180400,0
180401,0
180402,0
180403,0
180404,0
180405,0
180406,0
180407,0
180408,0
180409,31
180410,0
180411,0
180412,0
180413,0
180414,42
180415,0
180416,0
180417,0
180418,0
180419,0
180420,0
180421,34
180422,0
180423,0
180424,0
180425,42
180426,0
180427,0
180428,35
180429,0
180430,0
180431,0
180432,0
180433,0
180434,0
180435,0
180436,0
180437,0
180438,0
180439,0
180440,0
180441,0
180442,0
180443,0
180444,26
180445,0
180446,41
180447,0
180448,0
180449,34
180450,0
180451,22
180452,0
180453,31
180454,0
180455,0
180456,0
180457,0
180458,0
180459,0
180460,0
180461,0
180462,36
180463,26
180464,0
180465,0
180466,0
180467,0
180468,0
180469,35
180470,0
180471,0
180472,31
180473,0
180474,0
180475,0
180476,0
180477,0
180478,0
180479,0
180480,0
180481,0
180482,0
180483,37
180484,0
180485,0
180486,0
180487,0
180488,31
180489,0
180490,0
180491,0
180492,21
180493,0
180494,0
180495,0
180496,0
180497,0
180498,0
180499,28
180500,0
180501,50
180502,0
180503,0
180504,0
180505,0
180506,0
180507,0
180508,0
180509,0
180510,0
180511,0
180512,0
180513,36
180514,0
180515,0
180516,0
180517,0
180518,0
180519,0
180520,0
180521,31
180522,0
180523,0
180524,0
180525,0
180526,0
180527,0
180528,0
180529,0
180530,0
180531,0
180532,0
180533,0
180534,39
180535,0
180536,0
180537,0
180538,0
180539,0
180540,0
180541,0
180542,0
180543,0
180544,0
180545,0
180546,0
180547,0
180548,0
180549,0
180550,0
180551,0
180552,0
180553,0
180554,0
180555,0
180556,32
180557,0
180558,28
180559,0
180560,0
180561,0
180562,0
180563,0
180564,0
180565,0
180566,0
180567,0
180568,0
180569,0
180570,0
180571,0
180572,0
180573,0
180574,0
180575,0
180576,0
180577,0
180578,0
180579,0
180580,0
180581,0
180582,0
180583,0
180584,0
180585,0
180586,0
180587,0
180588,0
180589,0
180590,0
180591,0
180592,0
180593,0
180594,0
180595,0
180596,0
180597,0
180598,0
180599,0
180600,0
180601,0
180602,0
180603,0
180604,0
180605,0
180606,0
180607,0
180608,0
180609,0
180610,0
180611,0
180612,0
180613,0
180614,0
180615,0
180616,0
180617,0
180618,0
180619,0
180620,0
180621,0
180622,0
180623,0
180624,1
180625,0
180626,0
180627,0
180628,0
180629,0
180630,0
180631,0
180632,0
180633,0
180634,0
180635,0
180636,0
180637,0
180638,0
180639,0
180640,0
180641,0
180642,0
180643,0
180644,0
180645,0
180646,0
180647,0
180648,0
180649,0
180650,0
180651,0
180652,0
180653,0
180654,1
180655,0
180656,0
180657,0
180658,0
180659,0
180660,0
180661,0
180662,0
180663,0
180664,0
180665,0
180666,0
180667,0
180668,0
180669,0
180670,0
180671,0
180672,0
180673,0
180674,0
180675,0
180676,0
180677,0
180678,0
180679,0
180680,0
180681,0
180682,1
180683,0
180684,0
180685,0
180686,0
180687,0
180688,0
180689,0
180690,0
180691,0
180692,0
180693,0
180694,0
180695,0
180696,0
180697,0
180698,0
180699,0
180700,0
180701,0
180702,0
180703,0
180704,0
180705,0
180706,0
180707,0
180708,0
180709,0
180710,0
180711,0
180712,0
180713,0
180714,0
180715,0
180716,0
180717,0
180718,0
180719,0
180720,0
180721,0
180722,0
180723,0
180724,0
180725,0
180726,0
180727,0
180728,0
180729,0
180730,0
180731,0
180732,0
180733,0
180734,0
180735,0
180736,0
180737,0
180738,0
180739,0
180740,0
180741,0
180742,0
180743,0
180744,0
180745,0
180746,0
180747,0
180748,0
180749,0
180750,0
180751,0
180752,0
180753,0
180754,0
180755,0
180756,0
180757,0
180758,0
180759,0
180760,0
180761,0
180762,0
180763,0
180764,0
180765,0
180766,0
180767,0
180768,0
180769,0
180770,0
180771,0
180772,0
180773,0
180774,0
180775,0
180776,0
180777,0
180778,0
180779,0
180780,0
180781,0
180782,0
180783,0
180784,0
180785,0
180786,0
180787,0
180788,0
180789,0
180790,0
180791,0
180792,0
180793,0
180794,0
180795,0
180796,0
180797,0
180798,0
180799,0
180800,0
180801,0
180802,0
180803,0
180804,0
180805,0
180806,0
180807,0
180808,0
180809,0
180810,0
180811,0
180812,0
180813,0
180814,0
180815,0
180816,0
180817,0
180818,0
180819,0
180820,0
180821,0
180822,0
180823,1
180824,0
180825,0
180826,0
180827,0
180828,0
180829,0
180830,0
180831,0
180832,0
180833,0
180834,0
180835,0
180836,0
180837,0
180838,0
180839,0
180840,0
180841,0
180842,0
180843,0
180844,0
180845,0
180846,0
180847,0
180848,0
180849,0
180850,0
180851,0
180852,0
180853,0
180854,0
180855,0
180856,0
180857,0
180858,0
180859,0
180860,0
180861,0
180862,0
180863,0
180864,0
180865,0
180866,0
180867,0
180868,0
180869,0
180870,0
180871,0
180872,0
180873,0
180874,0
180875,0
180876,0
180877,0
180878,0
180879,0
180880,0
180881,0
180882,0
180883,0
180884,0
180885,0
180886,0
180887,0
180888,0
180889,0
180890,0
180891,0
180892,0
180893,1
180894,0
180895,0
180896,0
180897,0
180898,0
180899,0
180900,0
180901,0
180902,0
180903,0
180904,0
180905,0
180906,0
180907,0
180908,0
180909,0
180910,0
180911,0
180912,0
180913,0
180914,0
180915,0
180916,0
180917,0
180918,0
180919,0
180920,0
180921,0
180922,0
180923,0
180924,0
180925,0
180926,0
180927,0
180928,0
180929,0
180930,0
180931,0
180932,0
180933,0
180934,0
180935,0
180936,0
180937,0
180938,0
180939,0
180940,0
180941,0
180942,0
180943,0
180944,0
180945,0
180946,0
180947,0
180948,0
180949,0
180950,0
180951,0
180952,0
180953,0
180954,0
180955,0
180956,0
180957,0
180958,0
180959,0
180960,0
180961,0
180962,0
180963,0
180964,0
180965,0
180966,0
180967,0
180968,0
180969,0
180970,0
180971,0
180972,0
180973,0
180974,0
180975,0
180976,0
180977,0
180978,0
180979,0
180980,0
180981,0
180982,0
180983,0
180984,0
180985,0
180986,0
180987,0
180988,0
180989,0
180990,0
180991,0
180992,0
180993,0
180994,0
180995,0
180996,0
180997,0
180998,0
180999,0
181000,0
181001,0
181002,0
181003,0
181004,0
181005,0
181006,0
181007,0
181008,0
181009,0
181010,0
181011,0
181012,0
181013,0
181014,0
181015,0
181016,0
181017,0
181018,0
181019,0
181020,0
181021,0
181022,0
181023,0
181024,0
181025,0
181026,0
181027,0
181028,0
181029,0
181030,0
181031,0
181032,0
181033,0
181034,0
181035,0
181036,0
181037,0
181038,0
181039,0
181040,0
181041,0
181042,0
181043,0
181044,0
181045,0
181046,0
181047,0
181048,0
181049,0
181050,0
181051,0
181052,0
181053,0
181054,0
181055,0
181056,0
181057,0
181058,0
181059,0
181060,0
181061,0
181062,0
181063,0
181064,0
181065,0
181066,0
181067,0
181068,0
181069,0
181070,0
181071,0
181072,0
181073,0
181074,0
181075,0
181076,0
181077,0
181078,0
181079,0
181080,0
181081,0
181082,0
181083,0
181084,0
181085,0
181086,0
181087,0
181088,0
181089,0
181090,0
181091,0
181092,0
181093,0
181094,0
181095,0
181096,0
181097,0
181098,0
181099,0
181100,0
181101,0
181102,0
181103,0
181104,0
181105,0
181106,0
181107,0
181108,0
181109,0
181110,1
181111,0
181112,0
181113,0
181114,0
181115,0
181116,0
181117,0
181118,0
181119,0
181120,0
181121,0
181122,0
181123,0
181124,0
181125,0
181126,0
181127,0
181128,0
181129,0
181130,0
181131,0
181132,0
181133,0
181134,0
181135,0
181136,0
181137,0
181138,0
181139,0
181140,0
181141,0
181142,0
181143,0
181144,0
181145,0
181146,0
181147,0
181148,0
181149,0
181150,0
181151,0
181152,0
181153,0
181154,0
181155,0
181156,0
181157,0
181158,0
181159,0
181160,1
181161,0
181162,0
181163,0
181164,0
181165,0
181166,0
181167,0
181168,0
181169,0
181170,0
181171,0
181172,0
181173,0
181174,0
181175,0
181176,0
181177,0
181178,0
181179,0
181180,0
181181,0
181182,0
181183,0
181184,0
181185,0
181186,0
181187,0
181188,0
181189,0
181190,0
181191,0
181192,0
181193,0
181194,0
181195,0
181196,0
181197,0
181198,0
181199,0
181200,0
181201,0
181202,0
181203,0
181204,0
181205,0
181206,0
181207,0
181208,0
181209,0
181210,0
181211,0
181212,0
181213,0
181214,0
181215,0
181216,0
181217,0
181218,0
181219,0
181220,0
181221,0
181222,0
181223,0
181224,0
181225,0
181226,0
181227,0
181228,0
181229,0
181230,1
181231,0
181232,0
181233,0
181234,0
181235,0
181236,0
181237,0
181238,0
181239,0
181240,0
181241,0
181242,0
181243,0
181244,0
181245,0
181246,0
181247,0
181248,0
181249,0
181250,0
181251,0
181252,0
181253,0
181254,0
181255,0
181256,0
181257,0
181258,0
181259,0
181260,0
181261,0
181262,0
181263,0
181264,0
181265,0
181266,0
181267,0
181268,0
181269,0
181270,0
181271,0
181272,0
181273,0
181274,0
181275,0
181276,0
181277,0
181278,0
181279,0
181280,0
181281,0
181282,0
181283,0
181284,0
181285,0
181286,0
181287,0
181288,0
181289,0
181290,0
181291,0
181292,0
181293,0
181294,0
181295,0
181296,0
181297,0
181298,0
181299,0
181300,0
181301,0
181302,0
181303,0
181304,0
181305,0
181306,1
181307,0
181308,0
181309,0
181310,0
181311,0
181312,0
181313,0
181314,0
181315,0
181316,0
181317,0
181318,0
181319,0
181320,0
181321,0
181322,0
181323,0
181324,0
181325,0
181326,0
181327,0
181328,0
181329,0
181330,0
181331,0
181332,0
181333,0
181334,0
181335,0
181336,0
181337,0
181338,0
181339,0
181340,0
181341,0
181342,0
181343,0
181344,0
181345,0
181346,0
181347,0
181348,0
181349,0
181350,0
181351,0
181352,0
181353,1
181354,0
181355,0
181356,0
181357,0
181358,0
181359,0
181360,0
181361,0
181362,0
181363,0
181364,0
181365,0
181366,0
181367,0
181368,0
181369,0
181370,0
181371,0
181372,0
181373,0
181374,0
181375,0
181376,0
181377,0
181378,0
181379,0
181380,0
181381,0
181382,0
181383,0
181384,0
181385,0
181386,0
181387,0
181388,0
181389,0
181390,0
181391,0
181392,0
181393,0
181394,0
181395,0
181396,0
181397,0
181398,0
181399,0
181400,0
181401,0
181402,0
181403,0
181404,0
181405,0
181406,0
181407,0
181408,0
181409,0
181410,0
181411,0
181412,0
181413,0
181414,0
181415,0
181416,0
181417,0
181418,0
181419,1
181420,1
181421,0
181422,0
181423,0
181424,0
181425,0
181426,0
181427,0
181428,0
181429,0
181430,0
181431,0
181432,0
181433,0
181434,0
181435,0
181436,0
181437,0
181438,0
181439,0
181440,0
181441,0
181442,0
181443,0
181444,0
181445,0
181446,0
181447,0
181448,0
181449,0
181450,0
181451,0
181452,0
181453,0
181454,0
181455,0
181456,0
181457,0
181458,0
181459,0
181460,0
181461,0
181462,0
181463,0
181464,0
181465,0
181466,0
181467,0
181468,0
181469,0
181470,0
181471,0
181472,0
181473,0
181474,0
181475,0
181476,0
181477,0
181478,0
181479,0
181480,0
181481,0
181482,0
181483,0
181484,0
181485,0
181486,0
181487,0
181488,0
181489,0
181490,0
181491,0
181492,0
181493,0
181494,0
181495,0
181496,0
181497,0
181498,0
181499,0
181500,0
181501,0
181502,0
181503,0
181504,1
181505,0
181506,0
181507,0
181508,0
181509,0
181510,0
181511,0
181512,0
181513,0
181514,0
181515,0
181516,0
181517,0
181518,0
181519,0
181520,0
181521,1
181522,0
181523,0
181524,0
181525,0
181526,0
181527,0
181528,0
181529,0
181530,0
181531,0
181532,0
181533,0
181534,0
181535,0
181536,0
181537,0
181538,0
181539,0
181540,0
181541,0
181542,0
181543,0
181544,0
181545,0
181546,0
181547,32
181548,0
181549,0
181550,0
181551,0
181552,0
181553,0
181554,0
181555,0
181556,0
181557,0
181558,0
181559,0
181560,0
181561,0
181562,0
181563,0
181564,0
181565,0
181566,0
181567,0
181568,0
181569,0
181570,0
181571,0
181572,0
181573,0
181574,20
181575,0
181576,0
181577,0
181578,0
181579,0
181580,0
181581,0
181582,0
181583,0
181584,17
181585,0
181586,0
181587,0
181588,0
181589,0
181590,0
181591,0
181592,0
181593,0
181594,0
181595,0
181596,0
181597,0
181598,0
181599,0
181600,0
181601,0
181602,0
181603,0
181604,0
181605,0
181606,0
181607,0
181608,0
181609,0
181610,0
181611,0
181612,0
181613,25
181614,0
181615,22
181616,0
181617,0
181618,28
181619,0
181620,0
181621,0
181622,13
181623,0
181624,0
181625,0
181626,26
181627,0
181628,0
181629,0
181630,0
181631,0
181632,0
181633,0
181634,0
181635,0
181636,0
181637,0
181638,0
181639,0
181640,0
181641,0
181642,0
181643,0
181644,0
181645,0
181646,0
181647,0
181648,0
181649,0
181650,0
181651,0
181652,0
181653,0
181654,0
181655,0
181656,20
181657,0
181658,0
181659,0
181660,0
181661,0
181662,0
181663,0
181664,0
181665,0
181666,0
181667,0
181668,0
181669,0
181670,0
181671,0
181672,21
181673,0
181674,0
181675,0
181676,0
181677,0
181678,0
181679,0
181680,0
181681,0
181682,0
181683,24
181684,0
181685,0
181686,0
181687,20
181688,0
181689,0
181690,0
181691,0
181692,0
181693,0
181694,0
181695,0
181696,0
181697,0
181698,31
181699,0
181700,0
181701,0
181702,0
181703,0
181704,0
181705,0
181706,0
181707,0
181708,0
181709,0
181710,0
181711,0
181712,0
181713,0
181714,0
181715,0
181716,0
181717,0
181718,0
181719,26
181720,0
181721,0
181722,0
181723,0
181724,0
181725,0
181726,0
181727,0
181728,0
181729,0
181730,0
181731,0
181732,0
181733,0
181734,30
181735,0
181736,27
181737,0
181738,0
181739,0
181740,0
181741,0
181742,0
181743,0
181744,0
181745,0
181746,25
181747,25
181748,0
181749,0
181750,0
181751,0
181752,0
181753,0
181754,0
181755,0
181756,0
181757,0
181758,0
181759,0
181760,0
181761,0
181762,0
181763,0
181764,0
181765,0
181766,0
181767,0
181768,0
181769,0
181770,0
181771,0
181772,31
181773,0
181774,0
181775,0
181776,0
181777,26
181778,0
181779,0
181780,0
181781,0
181782,0
181783,0
181784,20
181785,0
181786,22
181787,43
181788,38
181789,0
181790,37
181791,15
181792,43
181793,0
181794,0
181795,29
181796,0
181797,0
181798,0
181799,55
181800,0
181801,36
181802,0
181803,0
181804,47
181805,0
181806,30
181807,0
181808,0
181809,0
181810,0
181811,0
181812,67
181813,0
181814,0
181815,0
181816,0
181817,0
181818,0
181819,32
181820,0
181821,29
181822,49
181823,24
181824,0
181825,29
181826,0
181827,0
181828,25
181829,38
181830,0
181831,39
181832,46
181833,0
181834,0
181835,0
181836,0
181837,30
181838,0
181839,0
181840,0
181841,0
181842,0
181843,0
181844,0
181845,42
181846,0
181847,54
181848,0
181849,0
181850,0
181851,0
181852,0
181853,0
181854,0
181855,0
181856,0
181857,0
181858,38
181859,0
181860,0
181861,0
181862,0
181863,0
181864,22
181865,0
181866,0
181867,0
181868,0
181869,0
181870,0
181871,34
181872,54
181873,0
181874,0
181875,0
181876,0
181877,0
181878,0
181879,0
181880,0
181881,0
181882,39
181883,30
181884,0
181885,43
181886,0
181887,34
181888,42
181889,0
181890,49
181891,40
181892,27
181893,0
181894,51
181895,0
181896,0
181897,0
181898,0
181899,0
181900,0
181901,0
181902,0
181903,46
181904,0
181905,0
181906,0
181907,0
181908,0
181909,0
181910,0
181911,0
181912,0
181913,0
181914,0
181915,0
181916,32
181917,28
181918,35
181919,0
181920,38
181921,0
181922,0
181923,27
181924,0
181925,49
181926,0
181927,0
181928,34
181929,0
181930,0
181931,0
181932,39
181933,42
181934,51
181935,0
181936,27
181937,28
181938,0
181939,0
181940,32
181941,0
181942,41
181943,0
181944,0
181945,41
181946,0
181947,0
181948,44
181949,0
181950,0
181951,20
181952,0
181953,47
181954,0
181955,68
181956,0
181957,0
181958,0
181959,0
181960,0
181961,0
181962,0
181963,0
181964,28
181965,0
181966,0
181967,0
181968,34
181969,34
181970,0
181971,0
181972,0
181973,0
181974,0
181975,0
181976,0
181977,0
181978,0
181979,61
181980,0
181981,0
181982,0
181983,27
181984,0
181985,0
181986,0
181987,45
181988,36
181989,0
181990,0
181991,50
181992,0
181993,0
181994,44
181995,0
181996,0
181997,0
181998,0
181999,0
182000,0
182001,0
182002,0
182003,0
182004,0
182005,0
182006,0
182007,0
182008,0
182009,0
182010,0
182011,45
182012,0
182013,31
182014,37
182015,56
182016,0
182017,0
182018,0
182019,0
182020,28
182021,18
182022,0
182023,0
182024,0
182025,0
182026,0
182027,49
182028,43
182029,35
182030,0
182031,0
182032,0
182033,0
182034,0
182035,0
182036,0
182037,0
182038,0
182039,0
182040,0
182041,0
182042,0
182043,0
182044,28
182045,0
182046,0
182047,29
182048,0
182049,0
182050,0
182051,29
182052,0
182053,42
182054,49
182055,0
182056,0
182057,0
182058,0
182059,0
182060,0
182061,0
182062,0
182063,0
182064,0
182065,0
182066,0
182067,40
182068,49
182069,0
182070,0
182071,35
182072,0
182073,0
182074,0
182075,25
182076,0
182077,0
182078,0
182079,55
182080,0
182081,30
182082,0
182083,0
182084,0
182085,0
182086,38
182087,0
182088,0
182089,46
182090,28
182091,0
182092,45
182093,30
182094,34
182095,0
182096,0
182097,0
182098,0
182099,0
182100,38
182101,0
182102,29
182103,0
182104,0
182105,0
182106,0
182107,0
182108,0
182109,39
182110,36
182111,44
182112,0
182113,0
182114,0
182115,0
182116,0
182117,0
182118,0
182119,0
182120,0
182121,0
182122,46
182123,0
182124,30
182125,39
182126,44
182127,47
182128,35
182129,0
182130,0
182131,29
182132,38
182133,0
182134,0
182135,0
182136,49
182137,26
182138,0
182139,0
182140,29
182141,0
182142,37
182143,0
182144,17
182145,0
182146,16
182147,0
182148,0
182149,64
182150,0
182151,0
182152,0
182153,0
182154,0
182155,0
182156,32
182157,0
182158,25
182159,0
182160,23
182161,0
182162,0
182163,0
182164,55
182165,38
182166,0
182167,0
182168,0
182169,34
182170,0
182171,32
182172,0
182173,53
182174,0
182175,0
182176,0
182177,0
182178,0
182179,0
182180,0
182181,46
182182,0
182183,0
182184,28
182185,0
182186,0
182187,0
182188,35
182189,0
182190,0
182191,0
182192,0
182193,25
182194,0
182195,0
182196,0
182197,0
182198,0
182199,0
182200,0
182201,56
182202,0
182203,36
182204,0
182205,0
182206,0
182207,32
182208,0
182209,0
182210,0
182211,0
182212,44
182213,0
182214,0
182215,0
182216,0
182217,23
182218,0
182219,62
182220,0
182221,0
182222,0
182223,0
182224,35
182225,0
182226,0
182227,0
182228,0
182229,37
182230,58
182231,27
182232,0
182233,0
182234,28
182235,0
182236,0
182237,25
182238,0
182239,0
182240,0
182241,0
182242,0
182243,0
182244,0
182245,57
182246,0
182247,51
182248,0
182249,0
182250,20
182251,0
182252,0
182253,0
182254,0
182255,0
182256,0
182257,0
182258,0
182259,0
182260,0
182261,0
182262,0
182263,45
182264,0
182265,20
182266,29
182267,31
182268,0
182269,0
182270,0
182271,53
182272,0
182273,0
182274,0
182275,14
182276,0
182277,0
182278,0
182279,36
182280,0
182281,0
182282,36
182283,32
182284,26
182285,36
182286,24
182287,49
182288,31
182289,0
182290,0
182291,0
182292,53
182293,0
182294,44
182295,0
182296,0
182297,0
182298,0
182299,31
182300,30
182301,0
182302,0
182303,57
182304,45
182305,0
182306,0
182307,0
182308,0
182309,0
182310,0
182311,0
182312,0
182313,53
182314,0
182315,0
182316,0
182317,0
182318,0
182319,68
182320,0
182321,0
182322,40
182323,0
182324,0
182325,0
182326,0
182327,0
182328,78
182329,0
182330,0
182331,0
182332,0
182333,0
182334,0
182335,0
182336,51
182337,0
182338,0
182339,0
182340,0
182341,0
182342,35
182343,0
182344,0
182345,0
182346,0
182347,0
182348,0
182349,46
182350,0
182351,32
182352,0
182353,0
182354,0
182355,0
182356,0
182357,21
182358,0
182359,0
182360,0
182361,0
182362,0
182363,0
182364,0
182365,0
182366,0
182367,0
182368,0
182369,0
182370,0
182371,46
182372,0
182373,46
182374,30
182375,0
182376,0
182377,0
182378,28
182379,0
182380,0
182381,0
182382,0
182383,60
182384,0
182385,0
182386,0
182387,0
182388,0
182389,0
182390,0
182391,0
182392,0
182393,49
182394,0
182395,37
182396,0
182397,0
182398,25
182399,45
182400,45
182401,0
182402,0
182403,0
182404,0
182405,0
182406,0
182407,42
182408,55
182409,0
182410,0
182411,0
182412,0
182413,38
182414,38
182415,0
182416,24
182417,25
182418,0
182419,0
182420,0
182421,33
182422,0
182423,0
182424,0
182425,0
182426,0
182427,0
182428,0
182429,0
182430,0
182431,43
182432,0
182433,0
182434,0
182435,0
182436,31
182437,0
182438,0
182439,40
182440,16
182441,0
182442,45
182443,0
182444,0
182445,0
182446,0
182447,0
182448,0
182449,0
182450,0
182451,0
182452,40
182453,0
182454,0
182455,49
182456,0
182457,43
182458,0
182459,0
182460,26
182461,31
182462,0
182463,40
182464,0
182465,37
182466,38
182467,29
182468,0
182469,0
182470,0
182471,0
182472,0
182473,0
182474,30
182475,0
182476,0
182477,0
182478,0
182479,0
182480,0
182481,40
182482,0
182483,33
182484,0
182485,0
182486,40
182487,39
182488,34
182489,0
182490,0
182491,0
182492,0
182493,36
182494,42
182495,0
182496,0
182497,37
182498,45
182499,54
182500,0
182501,0
182502,0
182503,0
182504,0
182505,0
182506,49
182507,0
182508,28
182509,0
182510,0
182511,43
182512,44
182513,0
182514,42
182515,43
182516,0
182517,63
182518,0
182519,0
182520,0
182521,0
182522,0
182523,0
182524,37
182525,0
182526,0
182527,0
182528,0
182529,0
182530,0
182531,0
182532,0
182533,70
182534,47
182535,30
182536,0
182537,0
182538,0
182539,0
182540,34
182541,0
182542,0
182543,56
182544,0
182545,0
182546,0
182547,36
182548,0
182549,0
182550,0
182551,46
182552,33
182553,0
182554,0
182555,0
182556,40
182557,0
182558,40
182559,0
182560,0
182561,0
182562,0
182563,0
182564,36
182565,33
182566,0
182567,34
182568,0
182569,0
182570,0
182571,0
182572,0
182573,0
182574,0
182575,0
182576,44
182577,0
182578,35
182579,40
182580,0
182581,0
182582,42
182583,0
182584,0
182585,42
182586,34
182587,0
182588,0
182589,0
182590,0
182591,0
182592,35
182593,0
182594,37
182595,0
182596,0
182597,0
182598,0
182599,0
182600,0
182601,45
182602,0
182603,0
182604,0
182605,0
182606,0
182607,0
182608,37
182609,0
182610,35
182611,35
182612,0
182613,0
182614,22
182615,0
182616,0
182617,0
182618,0
182619,0
182620,0
182621,0
182622,0
182623,0
182624,0
182625,0
182626,35
182627,0
182628,35
182629,0
182630,0
182631,0
182632,49
182633,0
182634,47
182635,0
182636,0
182637,38
182638,0
182639,41
182640,0
182641,0
182642,43
182643,43
182644,0
182645,42
182646,0
182647,0
182648,0
182649,0
182650,0
182651,0
182652,0
182653,0
182654,38
182655,37
182656,0
182657,0
182658,0
182659,0
182660,38
182661,0
182662,0
182663,0
182664,0
182665,49
182666,0
182667,32
182668,0
182669,0
182670,0
182671,0
182672,0
182673,0
182674,0
182675,0
182676,0
182677,0
182678,0
182679,35
182680,0
182681,33
182682,0
182683,0
182684,0
182685,0
182686,0
182687,0
182688,0
182689,0
182690,0
182691,47
182692,0
182693,0
182694,0
182695,0
182696,41
182697,0
182698,0
182699,0
182700,0
182701,31
182702,47
182703,42
182704,0
182705,0
182706,0
182707,0
182708,35
182709,39
182710,0
182711,0
182712,31
182713,41
182714,0
182715,0
182716,0
182717,0
182718,0
182719,0
182720,0
182721,0
182722,0
182723,0
182724,0
182725,0
182726,56
182727,0
182728,0
182729,0
182730,0
182731,44
182732,0
182733,0
182734,0
182735,0
182736,0
182737,0
182738,0
182739,31
182740,0
182741,23
182742,0
182743,41
182744,48
182745,0
182746,0
182747,36
182748,0
182749,0
182750,0
182751,0
182752,0
182753,0
182754,0
182755,43
182756,30
182757,52
182758,0
182759,0
182760,0
182761,0
182762,46
182763,0
182764,0
182765,0
182766,0
182767,0
182768,0
182769,0
182770,0
182771,0
182772,0
182773,0
182774,37
182775,0
182776,0
182777,49
182778,0
182779,0
182780,0
182781,0
182782,41
182783,0
182784,0
182785,0
182786,0
182787,0
182788,52
182789,0
182790,0
182791,0
182792,0
182793,31
182794,0
182795,56
182796,0
182797,36
182798,35
182799,0
182800,41
182801,49
182802,0
182803,0
182804,0
182805,0
182806,0
182807,0
182808,0
182809,31
182810,57
182811,33
182812,37
182813,0
182814,0
182815,33
182816,0
182817,0
182818,0
182819,0
182820,23
182821,0
182822,0
182823,0
182824,51
182825,0
182826,0
182827,35
182828,31
182829,35
182830,0
182831,33
182832,0
182833,28
182834,0
182835,0
182836,0
182837,0
182838,0
182839,0
182840,0
182841,0
182842,0
182843,33
182844,59
182845,0
182846,0
182847,0
182848,0
182849,0
182850,0
182851,0
182852,38
182853,0
182854,0
182855,0
182856,0
182857,0
182858,0
182859,0
182860,0
182861,0
182862,0
182863,29
182864,0
182865,0
182866,0
182867,0
182868,0
182869,0
182870,0
182871,0
182872,0
182873,0
182874,0
182875,29
182876,0
182877,0
182878,0
182879,36
182880,32
182881,0
182882,0
182883,0
182884,30
182885,34
182886,0
182887,0
182888,39
182889,0
182890,38
182891,0
182892,0
182893,0
182894,0
182895,0
182896,0
182897,0
182898,0
182899,0
182900,0
182901,34
182902,0
182903,38
182904,0
182905,0
182906,0
182907,0
182908,30
182909,0
182910,0
182911,0
182912,0
182913,37
182914,0
182915,0
182916,0
182917,50
182918,0
182919,0
182920,47
182921,0
182922,0
182923,0
182924,0
182925,0
182926,0
182927,0
182928,0
182929,0
182930,39
182931,44
182932,0
182933,53
182934,0
182935,0
182936,0
182937,0
182938,0
182939,0
182940,0
182941,0
182942,0
182943,0
182944,0
182945,0
182946,28
182947,0
182948,19
182949,0
182950,0
182951,0
182952,0
182953,0
182954,0
182955,0
182956,0
182957,26
182958,0
182959,0
182960,46
182961,0
182962,0
182963,26
182964,0
182965,0
182966,32
182967,0
182968,0
182969,38
182970,0
182971,46
182972,0
182973,0
182974,0
182975,0
182976,0
182977,0
182978,43
182979,0
182980,0
182981,0
182982,0
182983,0
182984,0
182985,0
182986,48
182987,0
182988,56
182989,0
182990,50
182991,41
182992,0
182993,0
182994,22
182995,0
182996,42
182997,33
182998,0
182999,0
183000,0
183001,0
183002,0
183003,39
183004,0
183005,0
183006,0
183007,0
183008,0
183009,0
183010,0
183011,0
183012,0
183013,0
183014,46
183015,0
183016,0
183017,0
183018,0
183019,0
183020,0
183021,47
183022,0
183023,0
183024,0
183025,0
183026,27
183027,0
183028,42
183029,40
183030,0
183031,0
183032,0
183033,30
183034,0
183035,0
183036,0
183037,0
183038,0
183039,44
183040,0
183041,0
183042,0
183043,0
183044,27
183045,43
183046,0
183047,0
183048,0
183049,0
183050,0
183051,35
183052,0
183053,0
183054,0
183055,0
183056,43
183057,0
183058,54
183059,0
183060,0
183061,0
183062,35
183063,0
183064,30
183065,0
183066,0
183067,0
183068,47
183069,0
183070,52
183071,0
183072,0
183073,0
183074,27
183075,0
183076,0
183077,0
183078,30
183079,0
183080,51
183081,43
183082,0
183083,0
183084,50
183085,0
183086,38
183087,40
183088,0
183089,50
183090,0
183091,43
183092,0
183093,15
183094,0
183095,0
183096,0
183097,0
183098,0
183099,45
183100,0
183101,0
183102,0
183103,38
183104,0
183105,0
183106,0
183107,0
183108,0
183109,0
183110,43
183111,0
183112,0
183113,0
183114,0
183115,0
183116,51
183117,31
183118,0
183119,0
183120,0
183121,0
183122,0
183123,0
183124,0
183125,0
183126,0
183127,0
183128,32
183129,0
183130,0
183131,0
183132,0
183133,0
183134,0
183135,38
183136,0
183137,0
183138,0
183139,0
183140,0
183141,0
183142,0
183143,0
183144,37
183145,0
183146,0
183147,32
183148,0
183149,0
183150,0
183151,0
183152,0
183153,0
183154,0
183155,0
183156,0
183157,0
183158,0
183159,0
183160,0
183161,0
183162,0
183163,0
183164,0
183165,0
183166,0
183167,0
183168,0
183169,0
183170,0
183171,0
183172,0
183173,0
183174,0
183175,0
183176,0
183177,0
183178,49
183179,0
183180,0
183181,40
183182,0
183183,0
183184,0
183185,0
183186,0
183187,0
183188,0
183189,0
183190,0
183191,0
183192,0
183193,0
183194,0
183195,0
183196,0
183197,0
183198,0
183199,0
183200,0
183201,0
183202,51
183203,0
183204,0
183205,0
183206,0
183207,0
183208,0
183209,0
183210,0
183211,0
183212,0
183213,0
183214,0
183215,0
183216,0
183217,0
183218,0
183219,0
183220,0
183221,0
183222,0
183223,0
183224,0
183225,0
183226,0
183227,0
183228,0
183229,33
183230,0
183231,0
183232,0
183233,0
183234,0
183235,0
183236,0
183237,0
183238,0
183239,0
183240,0
183241,0
183242,0
183243,0
183244,0
183245,0
183246,0
183247,0
183248,0
183249,0
183250,0
183251,0
183252,38
183253,0
183254,0
183255,0
183256,0
183257,0
183258,0
183259,0
183260,0
183261,0
183262,0
183263,0
183264,0
183265,26
183266,0
183267,0
183268,0
183269,0
183270,0
183271,0
183272,0
183273,0
183274,0
183275,0
183276,0
183277,0
183278,34
183279,0
183280,0
183281,0
183282,0
183283,0
183284,0
183285,0
183286,0
183287,0
183288,0
183289,0
183290,0
183291,49
183292,0
183293,0
183294,0
183295,0
183296,0
183297,0
183298,0
183299,0
183300,0
183301,0
183302,0
183303,0
183304,0
183305,0
183306,0
183307,0
183308,0
183309,0
183310,0
183311,0
183312,0
183313,0
183314,0
183315,0
183316,0
183317,0
183318,0
183319,0
183320,0
183321,0
183322,0
183323,0
183324,0
183325,0
183326,0
183327,0
183328,0
183329,0
183330,0
183331,34
183332,0
183333,0
183334,0
183335,0
183336,0
183337,0
183338,0
183339,0
183340,0
183341,0
183342,0
183343,0
183344,0
183345,0
183346,0
183347,0
183348,0
183349,25
183350,0
183351,0
183352,0
183353,0
183354,0
183355,0
183356,0
183357,0
183358,0
183359,0
183360,0
183361,0
183362,0
183363,0
183364,0
183365,0
183366,0
183367,0
183368,0
183369,0
183370,0
183371,0
183372,0
183373,0
183374,0
183375,0
183376,0
183377,0
183378,0
183379,0
183380,0
183381,0
183382,0
183383,0
183384,0
183385,0
183386,0
183387,0
183388,0
183389,0
183390,0
183391,0
183392,0
183393,0
183394,0
183395,0
183396,0
183397,0
183398,0
183399,0
183400,0
183401,0
183402,0
183403,0
183404,0
183405,0
183406,37
183407,0
183408,0
183409,0
183410,0
183411,0
183412,0
183413,0
183414,0
183415,0
183416,0
183417,0
183418,0
183419,0
183420,0
183421,0
183422,0
183423,0
183424,0
183425,0
183426,0
183427,0
183428,0
183429,0
183430,0
183431,0
183432,0
183433,0
183434,0
183435,0
183436,0
183437,60
183438,0
183439,51
183440,0
183441,0
183442,0
183443,0
183444,0
183445,0
183446,0
183447,0
183448,0
183449,0
183450,0
183451,0
183452,0
183453,0
183454,0
183455,0
183456,0
183457,0
183458,0
183459,0
183460,0
183461,0
183462,0
183463,0
183464,0
183465,50
183466,0
183467,0
183468,0
183469,0
183470,0
183471,0
183472,0
183473,37
183474,0
183475,0
183476,0
183477,0
183478,0
183479,0
183480,0
183481,0
183482,0
183483,0
183484,0
183485,0
183486,0
183487,33
183488,0
183489,55
183490,49
183491,0
183492,0
183493,0
183494,0
183495,0
183496,0
183497,0
183498,0
183499,0
183500,0
183501,0
183502,0
183503,0
183504,0
183505,0
183506,0
183507,0
183508,0
183509,0
183510,0
183511,36
183512,0
183513,0
183514,0
183515,39
183516,0
183517,0
183518,0
183519,39
183520,0
183521,41
183522,0
183523,0
183524,32
183525,0
183526,0
183527,0
183528,59
183529,0
183530,0
183531,0
183532,0
183533,0
183534,0
183535,0
183536,0
183537,0
183538,0
183539,0
183540,0
183541,0
183542,0
183543,0
183544,0
183545,0
183546,0
183547,0
183548,41
183549,0
183550,0
183551,0
183552,0
183553,0
183554,0
183555,0
183556,0
183557,0
183558,35
183559,0
183560,0
183561,0
183562,0
183563,0
183564,0
183565,0
183566,0
183567,0
183568,0
183569,0
183570,34
183571,0
183572,0
183573,0
183574,0
183575,0
183576,0
183577,0
183578,0
183579,34
183580,0
183581,0
183582,0
183583,0
183584,0
183585,0
183586,0
183587,0
183588,0
183589,0
183590,0
183591,41
183592,0
183593,0
183594,0
183595,0
183596,0
183597,0
183598,0
183599,0
183600,0
183601,0
183602,0
183603,0
183604,0
183605,0
183606,0
183607,0
183608,0
183609,0
183610,0
183611,0
183612,0
183613,0
183614,0
183615,0
183616,0
183617,0
183618,0
183619,37
183620,0
183621,0
183622,0
183623,0
183624,0
183625,29
183626,0
183627,0
183628,38
183629,31
183630,0
183631,0
183632,34
183633,0
183634,0
183635,28
183636,0
183637,0
183638,34
183639,0
183640,0
183641,0
183642,0
183643,0
183644,0
183645,0
183646,0
183647,0
183648,36
183649,0
183650,0
183651,0
183652,0
183653,0
183654,0
183655,0
183656,0
183657,0
183658,0
183659,0
183660,0
183661,0
183662,41
183663,0
183664,0
183665,0
183666,0
183667,0
183668,0
183669,0
183670,0
183671,0
183672,0
183673,0
183674,0
183675,37
183676,0
183677,0
183678,0
183679,41
183680,0
183681,0
183682,0
183683,0
183684,0
183685,0
183686,0
183687,39
183688,0
183689,0
183690,0
183691,0
183692,0
183693,0
183694,0
183695,0
183696,36
183697,0
183698,0
183699,0
183700,0
183701,0
183702,0
183703,0
183704,0
183705,0
183706,0
183707,0
183708,0
183709,0
183710,0
183711,0
183712,41
183713,0
183714,0
183715,0
183716,23
183717,0
183718,41
183719,0
183720,0
183721,0
183722,0
183723,47
183724,0
183725,0
183726,0
183727,0
183728,0
183729,0
183730,0
183731,0
183732,0
183733,44
183734,0
183735,0
183736,0
183737,0
183738,0
183739,0
183740,0
183741,0
183742,0
183743,0
183744,0
183745,0
183746,0
183747,0
183748,0
183749,0
183750,0
183751,0
183752,0
183753,0
183754,0
183755,0
183756,22
183757,28
183758,0
183759,0
183760,40
183761,0
183762,0
183763,0
183764,0
183765,0
183766,0
183767,0
183768,0
183769,0
183770,0
183771,0
183772,0
183773,0
183774,0
183775,0
183776,0
183777,28
183778,38
183779,0
183780,0
183781,0
183782,0
183783,0
183784,0
183785,39
183786,0
183787,0
183788,0
183789,0
183790,0
183791,0
183792,0
183793,0
183794,0
183795,0
183796,19
183797,0
183798,0
183799,0
183800,0
183801,0
183802,0
183803,0
183804,0
183805,0
183806,0
183807,32
183808,0
183809,0
183810,0
183811,0
183812,0
183813,0
183814,0
183815,0
183816,0
183817,0
183818,52
183819,0
183820,0
183821,0
183822,0
183823,0
183824,0
183825,0
183826,0
183827,0
183828,0
183829,0
183830,39
183831,0
183832,43
183833,0
183834,0
183835,0
183836,0
183837,0
183838,0
183839,0
183840,0
183841,0
183842,40
183843,60
183844,0
183845,0
183846,0
183847,0
183848,0
183849,0
183850,32
183851,0
183852,0
183853,0
183854,0
183855,0
183856,0
183857,0
183858,0
183859,0
183860,0
183861,0
183862,0
183863,0
183864,0
183865,0
183866,0
183867,0
183868,0
183869,0
183870,40
183871,0
183872,33
183873,0
183874,0
183875,0
183876,0
183877,0
183878,0
183879,0
183880,0
183881,0
183882,0
183883,23
183884,0
183885,0
183886,0
183887,0
183888,0
183889,0
183890,0
183891,0
183892,0
183893,0
183894,0
183895,0
183896,0
183897,0
183898,0
183899,0
183900,0
183901,0
183902,0
183903,0
183904,0
183905,0
183906,0
183907,0
183908,0
183909,37
183910,0
183911,0
183912,0
183913,0
183914,0
183915,0
183916,0
183917,0
183918,0
183919,0
183920,0
183921,0
183922,0
183923,0
183924,0
183925,0
183926,0
183927,0
183928,34
183929,0
183930,0
183931,0
183932,0
183933,45
183934,0
183935,0
183936,0
183937,0
183938,0
183939,0
183940,0
183941,0
183942,0
183943,0
183944,0
183945,0
183946,0
183947,0
183948,0
183949,0
183950,0
183951,0
183952,0
183953,0
183954,0
183955,0
183956,0
183957,0
183958,0
183959,0
183960,0
183961,0
183962,40
183963,0
183964,0
183965,29
183966,0
183967,0
183968,0
183969,0
183970,0
183971,0
183972,0
183973,0
183974,0
183975,42
183976,0
183977,0
183978,0
183979,0
183980,0
183981,0
183982,0
183983,0
183984,0
183985,0
183986,0
183987,0
183988,0
183989,0
183990,0
183991,36
183992,0
183993,0
183994,0
183995,38
183996,0
183997,0
183998,0
183999,0
184000,0
184001,0
184002,0
184003,0
184004,0
184005,33
184006,0
184007,0
184008,0
184009,0
184010,0
184011,32
184012,0
184013,0
184014,30
184015,0
184016,0
184017,0
184018,0
184019,0
184020,0
184021,0
184022,0
184023,0
184024,22
184025,0
184026,30
184027,0
184028,0
184029,0
184030,0
184031,0
184032,0
184033,52
184034,0
184035,0
184036,0
184037,0
184038,0
184039,0
184040,0
184041,0
184042,0
184043,0
184044,0
184045,0
184046,0
184047,0
184048,0
184049,0
184050,0
184051,0
184052,0
184053,0
184054,0
184055,0
184056,0
184057,4
184058,0
184059,0
184060,0
184061,0
184062,0
184063,0
184064,0
184065,0
184066,0
184067,0
184068,0
184069,6
184070,0
184071,0
184072,3
184073,0
184074,7
184075,0
184076,0
184077,0
184078,0
184079,0
184080,0
184081,0
184082,0
184083,0
184084,0
184085,0
184086,0
184087,0
184088,0
184089,0
184090,0
184091,4
184092,0
184093,0
184094,0
184095,0
184096,4
184097,0
184098,0
184099,0
184100,0
184101,0
184102,4
184103,0
184104,0
184105,0
184106,0
184107,0
184108,0
184109,0
184110,0
184111,0
184112,6
184113,0
184114,0
184115,0
184116,0
184117,0
184118,0
184119,0
184120,2
184121,0
184122,0
184123,0
184124,0
184125,0
184126,0
184127,0
184128,0
184129,0
184130,0
184131,5
184132,0
184133,0
184134,0
184135,0
184136,0
184137,0
184138,0
184139,0
184140,0
184141,0
184142,0
184143,0
184144,0
184145,0
184146,0
184147,0
184148,0
184149,0
184150,0
184151,0
184152,0
184153,0
184154,0
184155,0
184156,0
184157,0
184158,0
184159,0
184160,0
184161,0
184162,0
184163,0
184164,0
184165,0
184166,0
184167,0
184168,0
184169,3
184170,0
184171,0
184172,0
184173,0
184174,0
184175,0
184176,4
184177,0
184178,5
184179,0
184180,0
184181,0
184182,0
184183,3
184184,0
184185,0
184186,4
184187,0
184188,0
184189,0
184190,5
184191,0
184192,0
184193,0
184194,0
184195,4
184196,0
184197,0
184198,3
184199,0
184200,0
184201,0
184202,0
184203,3
184204,0
184205,0
184206,1
184207,0
184208,0
184209,0
184210,1
184211,3
184212,0
184213,0
184214,0
184215,1
184216,3
184217,0
184218,0
184219,0
184220,0
184221,0
184222,0
184223,0
184224,0
184225,0
184226,0
184227,0
184228,0
184229,0
184230,0
184231,0
184232,0
184233,0
184234,0
184235,0
184236,2
184237,0
184238,0
184239,0
184240,0
184241,0
184242,0
184243,0
184244,1
184245,0
184246,0
184247,4
184248,0
184249,0
184250,0
184251,0
184252,0
184253,0
184254,0
184255,0
184256,0
184257,0
184258,0
184259,0
184260,0
184261,0
184262,0
184263,0
184264,0
184265,2
184266,0
184267,0
184268,0
184269,0
184270,0
184271,0
184272,0
184273,0
184274,1
184275,5
184276,0
184277,0
184278,3
184279,0
184280,0
184281,0
184282,0
184283,0
184284,0
184285,0
184286,0
184287,0
184288,0
184289,4
184290,0
184291,0
184292,0
184293,7
184294,0
184295,0
184296,0
184297,4
184298,0
184299,0
184300,0
184301,0
184302,0
184303,0
184304,0
184305,0
184306,0
184307,0
184308,0
184309,2
184310,0
184311,0
184312,4
184313,0
184314,0
184315,0
184316,0
184317,0
184318,0
184319,0
184320,0
184321,0
184322,0
184323,0
184324,0
184325,0
184326,1
184327,0
184328,0
184329,2
184330,0
184331,0
184332,0
184333,0
184334,0
184335,0
184336,0
184337,0
184338,0
184339,0
184340,0
184341,0
184342,0
184343,0
184344,0
184345,0
184346,0
184347,0
184348,0
184349,0
184350,0
184351,0
184352,0
184353,0
184354,0
184355,6
184356,0
184357,0
184358,0
184359,0
184360,0
184361,0
184362,0
184363,0
184364,0
184365,0
184366,0
184367,0
184368,0
184369,0
184370,0
184371,0
184372,0
184373,0
184374,0
184375,0
184376,0
184377,0
184378,0
184379,0
184380,0
184381,0
184382,0
184383,0
184384,0
184385,0
184386,0
184387,0
184388,7
184389,0
184390,0
184391,0
184392,0
184393,1
184394,0
184395,0
184396,2
184397,0
184398,0
184399,0
184400,0
184401,0
184402,0
184403,0
184404,0
184405,0
184406,0
184407,0
184408,0
184409,0
184410,0
184411,0
184412,0
184413,0
184414,0
184415,2
184416,3
184417,0
184418,2
184419,0
184420,0
184421,0
184422,6
184423,0
184424,0
184425,6
184426,0
184427,0
184428,2
184429,5
184430,0
184431,0
184432,0
184433,4
184434,3
184435,0
184436,0
184437,0
184438,0
184439,0
184440,0
184441,0
184442,0
184443,0
184444,0
184445,0
184446,0
184447,0
184448,0
184449,0
184450,0
184451,0
184452,0
184453,0
184454,0
184455,0
184456,2
184457,0
184458,0
184459,0
184460,0
184461,0
184462,0
184463,0
184464,3
184465,3
184466,0
184467,0
184468,0
184469,0
184470,0
184471,0
184472,0
184473,0
184474,0
184475,0
184476,1
184477,0
184478,1
184479,0
184480,0
184481,0
184482,0
184483,0
184484,0
184485,0
184486,0
184487,0
184488,0
184489,3
184490,0
184491,0
184492,0
184493,0
184494,0
184495,0
184496,0
184497,0
184498,0
184499,0
184500,0
184501,0
184502,0
184503,0
184504,0
184505,0
184506,0
184507,0
184508,0
184509,3
184510,0
184511,0
184512,0
184513,0
184514,0
184515,0
184516,0
184517,0
184518,0
184519,0
184520,0
184521,0
184522,1
184523,0
184524,0
184525,0
184526,0
184527,2
184528,0
184529,0
184530,0
184531,0
184532,0
184533,1
184534,0
184535,0
184536,0
184537,0
184538,0
184539,0
184540,0
184541,0
184542,0
184543,1
184544,0
184545,0
184546,0
184547,0
184548,0
184549,0
184550,0
184551,1
184552,0
184553,0
184554,0
184555,0
184556,0
184557,0
184558,0
184559,0
184560,0
184561,3
184562,0
184563,0
184564,0
184565,0
184566,0
184567,1
184568,0
184569,0
184570,0
184571,0
184572,0
184573,0
184574,0
184575,0
184576,0
184577,0
184578,0
184579,0
184580,0
184581,0
184582,0
184583,0
184584,0
184585,0
184586,0
184587,0
184588,0
184589,0
184590,0
184591,0
184592,1
184593,0
184594,0
184595,0
184596,0
184597,0
184598,0
184599,0
184600,0
184601,0
184602,2
184603,0
184604,1
184605,0
184606,0
184607,0
184608,0
184609,0
184610,0
184611,0
184612,0
184613,3
184614,0
184615,0
184616,0
184617,0
184618,0
184619,0
184620,0
184621,0
184622,1
184623,0
184624,0
184625,0
184626,0
184627,0
184628,1
184629,0
184630,3
184631,0
184632,0
184633,0
184634,0
184635,0
184636,0
184637,0
184638,0
184639,0
184640,0
184641,0
184642,0
184643,1
184644,0
184645,0
184646,1
184647,0
184648,0
184649,0
184650,0
184651,0
184652,0
184653,1
184654,0
184655,1
184656,0
184657,0
184658,0
184659,0
184660,1
184661,1
184662,0
184663,0
184664,0
184665,0
184666,0
184667,1
184668,0
184669,0
184670,0
184671,0
184672,0
184673,0
184674,0
184675,0
184676,0
184677,24
184678,0
184679,0
184680,33
184681,0
184682,0
184683,33
184684,0
184685,0
184686,0
184687,0
184688,25
184689,34
184690,0
184691,0
184692,0
184693,23
184694,29
184695,26
184696,0
184697,27
184698,0
184699,0
184700,0
184701,0
184702,32
184703,0
184704,0
184705,0
184706,0
184707,0
184708,0
184709,9
184710,0
184711,28
184712,0
184713,0
184714,31
184715,0
184716,0
184717,0
184718,0
184719,0
184720,46
184721,0
184722,0
184723,0
184724,23
184725,0
184726,0
184727,0
184728,18
184729,0
184730,0
184731,27
184732,0
184733,0
184734,0
184735,0
184736,0
184737,0
184738,0
184739,24
184740,24
184741,0
184742,0
184743,0
184744,0
184745,0
184746,0
184747,0
184748,0
184749,0
184750,0
184751,0
184752,0
184753,0
184754,0
184755,0
184756,0
184757,0
184758,0
184759,0
184760,0
184761,0
184762,0
184763,0
184764,0
184765,0
184766,0
184767,0
184768,39
184769,41
184770,0
184771,36
184772,18
184773,0
184774,0
184775,0
184776,0
184777,32
184778,29
184779,22
184780,0
184781,0
184782,0
184783,0
184784,0
184785,0
184786,0
184787,30
184788,25
184789,0
184790,0
184791,0
184792,0
184793,0
184794,0
184795,24
184796,0
184797,0
184798,0
184799,0
184800,0
184801,0
184802,38
184803,0
184804,25
184805,0
184806,0
184807,0
184808,46
184809,0
184810,0
184811,0
184812,0
184813,0
184814,0
184815,0
184816,0
184817,0
184818,0
184819,45
184820,22
184821,0
184822,30
184823,30
184824,35
184825,0
184826,0
184827,0
184828,0
184829,0
184830,0
184831,0
184832,0
184833,0
184834,0
184835,0
184836,0
184837,0
184838,25
184839,0
184840,0
184841,0
184842,0
184843,0
184844,0
184845,0
184846,0
184847,0
184848,30
184849,0
184850,0
184851,22
184852,24
184853,0
184854,0
184855,0
184856,34
184857,0
184858,25
184859,0
184860,0
184861,0
184862,0
184863,0
184864,0
184865,0
184866,0
184867,0
184868,0
184869,31
184870,0
184871,0
184872,0
184873,0
184874,0
184875,0
184876,0
184877,0
184878,0
184879,0
184880,0
184881,0
184882,0
184883,39
184884,0
184885,0
184886,17
184887,0
184888,29
184889,34
184890,30
184891,0
184892,13
184893,0
184894,29
184895,0
184896,29
184897,0
184898,0
184899,0
184900,0
184901,0
184902,0
184903,0
184904,0
184905,0
184906,0
184907,0
184908,0
184909,0
184910,22
184911,0
184912,0
184913,0
184914,0
184915,0
184916,0
184917,0
184918,0
184919,0
184920,0
184921,0
184922,0
184923,0
184924,0
184925,0
184926,32
184927,0
184928,0
184929,0
184930,0
184931,25
184932,0
184933,0
184934,0
184935,0
184936,0
184937,0
184938,0
184939,0
184940,0
184941,0
184942,0
184943,23
184944,0
184945,0
184946,0
184947,0
184948,0
184949,0
184950,0
184951,0
184952,32
184953,0
184954,0
184955,0
184956,0
184957,0
184958,26
184959,0
184960,0
184961,0
184962,0
184963,0
184964,0
184965,0
184966,34
184967,0
184968,0
184969,0
184970,0
184971,0
184972,0
184973,31
184974,0
184975,0
184976,0
184977,0
184978,0
184979,25
184980,0
184981,0
184982,0
184983,17
184984,0
184985,33
184986,0
184987,35
184988,26
184989,25
184990,0
184991,0
184992,0
184993,0
184994,0
184995,0
184996,0
184997,0
184998,0
184999,0
185000,0
185001,0
185002,0
185003,0
185004,0
185005,0
185006,36
185007,27
185008,0
185009,28
185010,0
185011,33
185012,30
185013,0
185014,0
185015,36
185016,0
185017,34
185018,16
185019,16
185020,0
185021,0
185022,0
185023,0
185024,0
185025,21
185026,0
185027,0
185028,0
185029,32
185030,0
185031,0
185032,0
185033,0
185034,0
185035,38
185036,0
185037,0
185038,35
185039,0
185040,21
185041,28
185042,0
185043,31
185044,0
185045,0
185046,28
185047,0
185048,0
185049,0
185050,32
185051,0
185052,0
185053,32
185054,0
185055,0
185056,0
185057,0
185058,0
185059,36
185060,0
185061,0
185062,0
185063,0
185064,0
185065,0
185066,0
185067,28
185068,0
185069,49
185070,0
185071,0
185072,0
185073,0
185074,36
185075,28
185076,0
185077,0
185078,0
185079,0
185080,0
185081,0
185082,0
185083,0
185084,0
185085,0
185086,0
185087,0
185088,0
185089,0
185090,0
185091,0
185092,0
185093,0
185094,0
185095,0
185096,0
185097,0
185098,0
185099,0
185100,0
185101,0
185102,28
185103,0
185104,0
185105,0
185106,0
185107,0
185108,37
185109,0
185110,0
185111,0
185112,0
185113,0
185114,42
185115,0
185116,0
185117,0
185118,0
185119,25
185120,0
185121,0
185122,32
185123,0
185124,0
185125,0
185126,0
185127,0
185128,0
185129,0
185130,0
185131,0
185132,0
185133,0
185134,0
185135,0
185136,0
185137,0
185138,0
185139,0
185140,23
185141,0
185142,0
185143,0
185144,0
185145,0
185146,0
185147,33
185148,0
185149,0
185150,0
185151,22
185152,32
185153,17
185154,0
185155,18
185156,0
185157,0
185158,37
185159,0
185160,0
185161,0
185162,0
185163,0
185164,0
185165,0
185166,0
185167,0
185168,0
185169,0
185170,0
185171,19
185172,0
185173,23
185174,0
185175,33
185176,0
185177,0
185178,0
185179,0
185180,0
185181,0
185182,28
185183,0
185184,30
185185,0
185186,0
185187,0
185188,46
185189,0
185190,0
185191,0
185192,0
185193,0
185194,17
185195,0
185196,0
185197,0
185198,0
185199,0
185200,0
185201,0
185202,0
185203,0
185204,0
185205,0
185206,0
185207,24
185208,0
185209,0
185210,0
185211,0
185212,0
185213,0
185214,0
185215,0
185216,31
185217,0
185218,0
185219,0
185220,0
185221,0
185222,0
185223,36
185224,0
185225,0
185226,0
185227,0
185228,0
185229,0
185230,18
185231,0
185232,0
185233,0
185234,0
185235,0
185236,0
185237,0
185238,0
185239,0
185240,0
185241,0
185242,0
185243,0
185244,0
185245,0
185246,0
185247,0
185248,0
185249,43
185250,25
185251,0
185252,0
185253,0
185254,0
185255,0
185256,0
185257,56
185258,0
185259,0
185260,0
185261,0
185262,0
185263,0
185264,0
185265,30
185266,0
185267,0
185268,0
185269,0
185270,0
185271,0
185272,0
185273,0
185274,0
185275,0
185276,0
185277,19
185278,0
185279,0
185280,0
185281,0
185282,0
185283,0
185284,0
185285,0
185286,0
185287,0
185288,30
185289,0
185290,0
185291,0
185292,0
185293,0
185294,0
185295,27
185296,0
185297,0
185298,26
185299,0
185300,0
185301,29
185302,0
185303,24
185304,0
185305,0
185306,0
185307,0
185308,0
185309,27
185310,0
185311,0
185312,0
185313,38
185314,0
185315,0
185316,0
185317,0
185318,0
185319,0
185320,28
185321,0
185322,26
185323,36
185324,0
185325,0
185326,0
185327,0
185328,0
185329,0
185330,0
185331,0
185332,23
185333,0
185334,0
185335,0
185336,0
185337,0
185338,0
185339,0
185340,0
185341,0
185342,0
185343,0
185344,0
185345,21
185346,0
185347,0
185348,0
185349,0
185350,0
185351,0
185352,23
185353,0
185354,0
185355,0
185356,19
185357,0
185358,0
185359,0
185360,0
185361,0
185362,0
185363,29
185364,0
185365,0
185366,0
185367,0
185368,0
185369,0
185370,0
185371,0
185372,0
185373,0
185374,0
185375,0
185376,0
185377,0
185378,0
185379,0
185380,0
185381,0
185382,21
185383,0
185384,0
185385,0
185386,0
185387,0
185388,0
185389,36
185390,0
185391,0
185392,0
185393,0
185394,0
185395,0
185396,0
185397,0
185398,0
185399,0
185400,0
185401,0
185402,0
185403,34
185404,0
185405,0
185406,0
185407,0
185408,0
185409,0
185410,0
185411,0
185412,0
185413,0
185414,0
185415,0
185416,0
185417,19
185418,0
185419,16
185420,12
185421,0
185422,0
185423,0
185424,0
185425,20
185426,20
185427,12
185428,17
185429,19
185430,13
185431,0
185432,0
185433,17
185434,0
185435,0
185436,0
185437,0
185438,0
185439,26
185440,0
185441,0
185442,14
185443,9
185444,0
185445,24
185446,0
185447,0
185448,18
185449,0
185450,0
185451,0
185452,16
185453,0
185454,0
185455,16
185456,0
185457,12
185458,0
185459,0
185460,15
185461,0
185462,0
185463,0
185464,0
185465,0
185466,0
185467,0
185468,0
185469,0
185470,0
185471,0
185472,20
185473,0
185474,0
185475,14
185476,0
185477,0
185478,0
185479,0
185480,0
185481,0
185482,17
185483,0
185484,0
185485,0
185486,28
185487,0
185488,0
185489,0
185490,0
185491,0
185492,0
185493,0
185494,19
185495,14
185496,0
185497,0
185498,0
185499,0
185500,0
185501,0
185502,0
185503,0
185504,0
185505,0
185506,0
185507,0
185508,0
185509,17
185510,0
185511,0
185512,0
185513,0
185514,23
185515,0
185516,15
185517,0
185518,22
185519,22
185520,0
185521,0
185522,0
185523,0
185524,20
185525,0
185526,15
185527,31
185528,14
185529,0
185530,12
185531,0
185532,20
185533,0
185534,0
185535,14
185536,0
185537,0
185538,0
185539,0
185540,0
185541,0
185542,0
185543,24
185544,0
185545,0
185546,0
185547,0
185548,0
185549,0
185550,0
185551,0
185552,0
185553,0
185554,0
185555,0
185556,0
185557,0
185558,0
185559,14
185560,0
185561,0
185562,39
185563,23
185564,0
185565,0
185566,0
185567,22
185568,0
185569,12
185570,20
185571,22
185572,0
185573,0
185574,0
185575,0
185576,0
185577,22
185578,23
185579,19
185580,11
185581,0
185582,0
185583,0
185584,0
185585,15
185586,0
185587,0
185588,0
185589,0
185590,0
185591,0
185592,0
185593,12
185594,0
185595,0
185596,0
185597,0
185598,0
185599,24
185600,25
185601,0
185602,14
185603,17
185604,18
185605,0
185606,24
185607,0
185608,0
185609,19
185610,0
185611,0
185612,19
185613,0
185614,0
185615,20
185616,0
185617,0
185618,21
185619,25
185620,0
185621,0
185622,0
185623,0
185624,0
185625,0
185626,0
185627,0
185628,16
185629,0
185630,26
185631,0
185632,0
185633,15
185634,0
185635,0
185636,0
185637,14
185638,22
185639,0
185640,0
185641,0
185642,0
185643,0
185644,0
185645,0
185646,0
185647,0
185648,0
185649,24
185650,23
185651,0
185652,0
185653,0
185654,0
185655,0
185656,16
185657,0
185658,0
185659,0
185660,14
185661,16
185662,0
185663,28
185664,14
185665,23
185666,0
185667,0
185668,0
185669,0
185670,0
185671,14
185672,16
185673,23
185674,0
185675,0
185676,0
185677,0
185678,26
185679,0
185680,0
185681,0
185682,0
185683,25
185684,0
185685,0
185686,0
185687,0
185688,0
185689,10
185690,0
185691,0
185692,0
185693,0
185694,23
185695,0
185696,0
185697,0
185698,0
185699,22
185700,17
185701,0
185702,0
185703,0
185704,0
185705,0
185706,0
185707,18
185708,0
185709,0
185710,0
185711,19
185712,0
185713,0
185714,0
185715,0
185716,0
185717,0
185718,0
185719,17
185720,0
185721,15
185722,0
185723,0
185724,0
185725,15
185726,0
185727,0
185728,0
185729,11
185730,0
185731,0
185732,22
185733,18
185734,0
185735,18
185736,0
185737,15
185738,0
185739,0
185740,26
185741,0
185742,26
185743,0
185744,13
185745,0
185746,0
185747,0
185748,0
185749,22
185750,0
185751,16
185752,0
185753,16
185754,0
185755,0
185756,0
185757,0
185758,14
185759,0
185760,14
185761,0
185762,20
185763,0
185764,18
185765,25
185766,25
185767,0
185768,0
185769,0
185770,0
185771,22
185772,0
185773,0
185774,0
185775,15
185776,6
185777,0
185778,0
185779,0
185780,18
185781,0
185782,0
185783,0
185784,0
185785,0
185786,0
185787,0
185788,0
185789,18
185790,0
185791,0
185792,0
185793,0
185794,0
185795,0
185796,0
185797,29
185798,23
185799,0
185800,0
185801,0
185802,0
185803,16
185804,0
185805,0
185806,0
185807,0
185808,23
185809,0
185810,0
185811,0
185812,0
185813,0
185814,0
185815,0
185816,19
185817,0
185818,25
185819,0
185820,0
185821,0
185822,0
185823,0
185824,24
185825,0
185826,0
185827,0
185828,25
185829,0
185830,33
185831,0
185832,0
185833,0
185834,0
185835,0
185836,0
185837,0
185838,19
185839,0
185840,0
185841,0
185842,0
185843,0
185844,0
185845,15
185846,0
185847,15
185848,17
185849,0
185850,0
185851,0
185852,15
185853,0
185854,0
185855,20
185856,0
185857,23
185858,16
185859,0
185860,17
185861,0
185862,27
185863,0
185864,0
185865,0
185866,0
185867,26
185868,0
185869,0
185870,0
185871,0
185872,0
185873,0
185874,0
185875,0
185876,0
185877,20
185878,0
185879,0
185880,0
185881,38
185882,29
185883,0
185884,0
185885,0
185886,17
185887,0
185888,0
185889,36
185890,16
185891,0
185892,0
185893,0
185894,0
185895,0
185896,18
185897,0
185898,31
185899,0
185900,0
185901,24
185902,0
185903,0
185904,0
185905,0
185906,13
185907,0
185908,0
185909,0
185910,0
185911,0
185912,0
185913,0
185914,0
185915,25
185916,0
185917,37
185918,0
185919,0
185920,0
185921,0
185922,0
185923,26
185924,0
185925,0
185926,0
185927,23
185928,0
185929,0
185930,0
185931,0
185932,0
185933,19
185934,0
185935,0
185936,0
185937,18
185938,0
185939,29
185940,28
185941,0
185942,0
185943,0
185944,0
185945,0
185946,0
185947,14
185948,0
185949,0
185950,0
185951,0
185952,0
185953,0
185954,16
185955,0
185956,0
185957,25
185958,20
185959,0
185960,0
185961,0
185962,0
185963,23
185964,0
185965,0
185966,12
185967,0
185968,32
185969,0
185970,0
185971,35
185972,0
185973,0
185974,0
185975,0
185976,0
185977,0
185978,16
185979,21
185980,0
185981,0
185982,0
185983,0
185984,0
185985,0
185986,26
185987,0
185988,23
185989,0
185990,0
185991,0
185992,0
185993,0
185994,0
185995,0
185996,0
185997,0
185998,0
185999,0
186000,26
186001,19
186002,25
186003,0
186004,0
186005,0
186006,0
186007,0
186008,0
186009,0
186010,0
186011,0
186012,0
186013,0
186014,19
186015,0
186016,0
186017,0
186018,0
186019,25
186020,0
186021,0
186022,0
186023,11
186024,0
186025,17
186026,15
186027,0
186028,30
186029,0
186030,0
186031,0
186032,0
186033,0
186034,0
186035,0
186036,0
186037,0
186038,0
186039,0
186040,28
186041,22
186042,0
186043,0
186044,25
186045,0
186046,0
186047,0
186048,0
186049,26
186050,0
186051,0
186052,21
186053,0
186054,0
186055,0
186056,0
186057,0
186058,0
186059,0
186060,0
186061,0
186062,25
186063,0
186064,17
186065,0
186066,14
186067,0
186068,0
186069,0
186070,0
186071,0
186072,35
186073,0
186074,0
186075,0
186076,0
186077,0
186078,27
186079,0
186080,0
186081,0
186082,0
186083,0
186084,0
186085,0
186086,34
186087,0
186088,0
186089,25
186090,0
186091,0
186092,24
186093,22
186094,0
186095,0
186096,22
186097,0
186098,0
186099,0
186100,0
186101,25
186102,0
186103,0
186104,0
186105,0
186106,0
186107,0
186108,0
186109,0
186110,0
186111,16
186112,0
186113,0
186114,0
186115,0
186116,0
186117,0
186118,0
186119,0
186120,15
186121,0
186122,0
186123,31
186124,0
186125,0
186126,26
186127,0
186128,0
186129,0
186130,30
186131,0
186132,15
186133,0
186134,0
186135,0
186136,17
186137,0
186138,0
186139,0
186140,0
186141,0
186142,0
186143,0
186144,0
186145,0
186146,26
186147,0
186148,0
186149,29
186150,0
186151,0
186152,0
186153,0
186154,30
186155,0
186156,0
186157,0
186158,0
186159,0
186160,0
186161,0
186162,20
186163,0
186164,23
186165,35
186166,15
186167,0
186168,0
186169,0
186170,20
186171,0
186172,0
186173,30
186174,31
186175,0
186176,0
186177,0
186178,14
186179,0
186180,0
186181,28
186182,0
186183,0
186184,0
186185,0
186186,0
186187,0
186188,0
186189,0
186190,0
186191,0
186192,0
186193,30
186194,0
186195,0
186196,25
186197,0
186198,0
186199,0
186200,0
186201,28
186202,0
186203,0
186204,0
186205,0
186206,0
186207,0
186208,15
186209,17
186210,21
186211,18
186212,0
186213,20
186214,0
186215,0
186216,25
186217,0
186218,0
186219,0
186220,0
186221,0
186222,14
186223,0
186224,20
186225,0
186226,24
186227,31
186228,0
186229,0
186230,0
186231,29
186232,0
186233,0
186234,0
186235,13
186236,30
186237,0
186238,13
186239,21
186240,0
186241,0
186242,0
186243,0
186244,30
186245,0
186246,0
186247,0
186248,0
186249,27
186250,0
186251,0
186252,0
186253,0
186254,0
186255,0
186256,0
186257,0
186258,0
186259,0
186260,0
186261,20
186262,20
186263,24
186264,0
186265,0
186266,0
186267,0
186268,0
186269,0
186270,0
186271,0
186272,0
186273,26
186274,0
186275,0
186276,0
186277,23
186278,32
186279,0
186280,0
186281,0
186282,0
186283,24
186284,0
186285,0
186286,0
186287,0
186288,0
186289,0
186290,25
186291,0
186292,0
186293,0
186294,0
186295,0
186296,0
186297,0
186298,0
186299,0
186300,0
186301,0
186302,0
186303,0
186304,0
186305,0
186306,0
186307,0
186308,0
186309,0
186310,0
186311,22
186312,0
186313,0
186314,0
186315,0
186316,0
186317,0
186318,0
186319,22
186320,0
186321,0
186322,0
186323,22
186324,20
186325,0
186326,0
186327,0
186328,0
186329,0
186330,0
186331,15
186332,23
186333,0
186334,0
186335,0
186336,0
186337,0
186338,21
186339,21
186340,0
186341,0
186342,0
186343,0
186344,28
186345,0
186346,0
186347,18
186348,0
186349,17
186350,0
186351,0
186352,0
186353,18
186354,0
186355,0
186356,0
186357,0
186358,23
186359,0
186360,0
186361,0
186362,0
186363,0
186364,0
186365,0
186366,26
186367,0
186368,0
186369,0
186370,0
186371,24
186372,0
186373,0
186374,0
186375,0
186376,0
186377,19
186378,0
186379,0
186380,0
186381,0
186382,0
186383,0
186384,36
186385,24
186386,0
186387,18
186388,0
186389,0
186390,0
186391,13
186392,0
186393,0
186394,0
186395,0
186396,29
186397,0
186398,19
186399,22
186400,0
186401,0
186402,10
186403,0
186404,0
186405,0
186406,0
186407,16
186408,0
186409,0
186410,0
186411,0
186412,0
186413,0
186414,0
186415,36
186416,0
186417,0
186418,0
186419,0
186420,0
186421,0
186422,13
186423,0
186424,0
186425,0
186426,13
186427,0
186428,0
186429,0
186430,0
186431,0
186432,0
186433,0
186434,21
186435,0
186436,0
186437,0
186438,36
186439,0
186440,0
186441,0
186442,30
186443,0
186444,0
186445,28
186446,0
186447,0
186448,0
186449,0
186450,0
186451,0
186452,0
186453,23
186454,0
186455,0
186456,0
186457,0
186458,0
186459,0
186460,0
186461,0
186462,27
186463,21
186464,0
186465,0
186466,0
186467,27
186468,0
186469,0
186470,0
186471,18
186472,0
186473,0
186474,0
186475,0
186476,32
186477,0
186478,0
186479,0
186480,0
186481,21
186482,0
186483,0
186484,0
186485,0
186486,18
186487,0
186488,19
186489,22
186490,0
186491,0
186492,0
186493,0
186494,19
186495,0
186496,19
186497,0
186498,28
186499,0
186500,21
186501,0
186502,0
186503,20
186504,0
186505,0
186506,0
186507,0
186508,27
186509,0
186510,27
186511,0
186512,23
186513,0
186514,0
186515,0
186516,0
186517,0
186518,0
186519,0
186520,57
186521,37
186522,0
186523,0
186524,0
186525,0
186526,0
186527,0
186528,0
186529,28
186530,0
186531,0
186532,0
186533,0
186534,0
186535,0
186536,0
186537,0
186538,0
186539,0
186540,0
186541,0
186542,0
186543,0
186544,33
186545,0
186546,0
186547,0
186548,0
186549,0
186550,0
186551,0
186552,0
186553,0
186554,0
186555,0
186556,0
186557,0
186558,0
186559,0
186560,0
186561,0
186562,0
186563,0
186564,0
186565,0
186566,0
186567,0
186568,0
186569,0
186570,0
186571,0
186572,0
186573,0
186574,0
186575,0
186576,0
186577,0
186578,0
186579,0
186580,0
186581,0
186582,0
186583,0
186584,0
186585,0
186586,41
186587,0
186588,0
186589,0
186590,0
186591,0
186592,0
186593,0
186594,0
186595,0
186596,0
186597,0
186598,0
186599,22
186600,56
186601,0
186602,0
186603,0
186604,0
186605,32
186606,0
186607,0
186608,0
186609,0
186610,0
186611,0
186612,0
186613,0
186614,0
186615,0
186616,0
186617,0
186618,0
186619,0
186620,0
186621,0
186622,0
186623,0
186624,0
186625,0
186626,0
186627,0
186628,0
186629,0
186630,0
186631,0
186632,0
186633,33
186634,0
186635,0
186636,0
186637,0
186638,0
186639,0
186640,0
186641,0
186642,0
186643,0
186644,36
186645,46
186646,0
186647,0
186648,0
186649,0
186650,0
186651,0
186652,44
186653,0
186654,0
186655,0
186656,0
186657,0
186658,29
186659,0
186660,0
186661,0
186662,0
186663,0
186664,0
186665,0
186666,0
186667,0
186668,0
186669,0
186670,0
186671,0
186672,0
186673,0
186674,54
186675,0
186676,0
186677,0
186678,0
186679,26
186680,0
186681,0
186682,0
186683,0
186684,0
186685,0
186686,57
186687,0
186688,0
186689,0
186690,0
186691,0
186692,0
186693,0
186694,0
186695,0
186696,0
186697,0
186698,0
186699,0
186700,0
186701,0
186702,21
186703,0
186704,0
186705,0
186706,0
186707,0
186708,0
186709,0
186710,0
186711,0
186712,0
186713,0
186714,0
186715,0
186716,0
186717,0
186718,0
186719,0
186720,0
186721,0
186722,0
186723,38
186724,0
186725,0
186726,0
186727,0
186728,0
186729,0
186730,0
186731,0
186732,0
186733,0
186734,36
186735,0
186736,0
186737,0
186738,0
186739,0
186740,0
186741,0
186742,0
186743,44
186744,0
186745,0
186746,0
186747,0
186748,0
186749,0
186750,0
186751,0
186752,24
186753,0
186754,0
186755,0
186756,0
186757,0
186758,0
186759,0
186760,0
186761,0
186762,0
186763,0
186764,0
186765,0
186766,0
186767,0
186768,0
186769,40
186770,0
186771,41
186772,0
186773,0
186774,0
186775,39
186776,29
186777,0
186778,48
186779,0
186780,0
186781,0
186782,63
186783,0
186784,0
186785,0
186786,0
186787,0
186788,0
186789,0
186790,42
186791,31
186792,0
186793,0
186794,0
186795,0
186796,0
186797,0
186798,0
186799,26
186800,0
186801,0
186802,0
186803,0
186804,0
186805,0
186806,0
186807,0
186808,0
186809,0
186810,0
186811,0
186812,0
186813,0
186814,0
186815,0
186816,0
186817,0
186818,0
186819,0
186820,0
186821,0
186822,0
186823,0
186824,0
186825,0
186826,48
186827,0
186828,0
186829,0
186830,0
186831,0
186832,0
186833,0
186834,0
186835,0
186836,0
186837,0
186838,0
186839,0
186840,0
186841,21
186842,0
186843,30
186844,0
186845,0
186846,0
186847,0
186848,0
186849,0
186850,0
186851,0
186852,0
186853,36
186854,0
186855,0
186856,0
186857,0
186858,0
186859,0
186860,0
186861,0
186862,0
186863,39
186864,0
186865,0
186866,0
186867,0
186868,0
186869,0
186870,0
186871,0
186872,0
186873,0
186874,0
186875,0
186876,0
186877,0
186878,0
186879,0
186880,36
186881,0
186882,0
186883,0
186884,0
186885,0
186886,0
186887,37
186888,0
186889,48
186890,0
186891,0
186892,0
186893,0
186894,0
186895,0
186896,0
186897,0
186898,53
186899,0
186900,0
186901,0
186902,32
186903,0
186904,0
186905,0
186906,0
186907,0
186908,0
186909,37
186910,0
186911,0
186912,0
186913,0
186914,0
186915,0
186916,0
186917,0
186918,32
186919,30
186920,0
186921,0
186922,0
186923,0
186924,0
186925,0
186926,0
186927,0
186928,0
186929,0
186930,0
186931,0
186932,0
186933,0
186934,0
186935,0
186936,0
186937,0
186938,0
186939,0
186940,0
186941,0
186942,0
186943,0
186944,0
186945,0
186946,0
186947,0
186948,0
186949,0
186950,0
186951,0
186952,0
186953,0
186954,0
186955,0
186956,0
186957,0
186958,0
186959,0
186960,0
186961,0
186962,0
186963,0
186964,0
186965,0
186966,0
186967,0
186968,0
186969,0
186970,0
186971,0
186972,0
186973,0
186974,0
186975,0
186976,0
186977,0
186978,0
186979,0
186980,0
186981,0
186982,0
186983,0
186984,0
186985,0
186986,0
186987,0
186988,0
186989,0
186990,0
186991,0
186992,0
186993,0
186994,0
186995,35
186996,0
186997,0
186998,0
186999,0
187000,0
187001,42
187002,0
187003,0
187004,0
187005,0
187006,0
187007,0
187008,0
187009,0
187010,0
187011,0
187012,0
187013,0
187014,0
187015,0
187016,36
187017,0
187018,0
187019,0
187020,0
187021,0
187022,0
187023,0
187024,0
187025,0
187026,38
187027,0
187028,35
187029,0
187030,0
187031,0
187032,0
187033,0
187034,0
187035,0
187036,0
187037,0
187038,0
187039,0
187040,0
187041,0
187042,0
187043,0
187044,0
187045,0
187046,0
187047,0
187048,0
187049,0
187050,26
187051,0
187052,0
187053,0
187054,0
187055,0
187056,0
187057,0
187058,0
187059,0
187060,0
187061,0
187062,0
187063,0
187064,0
187065,0
187066,0
187067,0
187068,0
187069,0
187070,0
187071,0
187072,0
187073,0
187074,0
187075,0
187076,0
187077,0
187078,0
187079,0
187080,0
187081,0
187082,0
187083,0
187084,0
187085,0
187086,0
187087,0
187088,36
187089,0
187090,47
187091,0
187092,0
187093,0
187094,0
187095,0
187096,0
187097,0
187098,0
187099,0
187100,0
187101,0
187102,0
187103,0
187104,0
187105,0
187106,0
187107,22
187108,0
187109,34
187110,0
187111,0
187112,0
187113,0
187114,0
187115,29
187116,0
187117,0
187118,0
187119,0
187120,0
187121,0
187122,0
187123,0
187124,0
187125,0
187126,29
187127,0
187128,0
187129,0
187130,22
187131,0
187132,0
187133,0
187134,0
187135,0
187136,0
187137,0
187138,0
187139,0
187140,0
187141,0
187142,0
187143,0
187144,0
187145,0
187146,0
187147,0
187148,0
187149,0
187150,0
187151,0
187152,0
187153,0
187154,0
187155,22
187156,14
187157,0
187158,0
187159,16
187160,26
187161,0
187162,0
187163,22
187164,0
187165,0
187166,0
187167,0
187168,0
187169,24
187170,0
187171,0
187172,0
187173,0
187174,0
187175,0
187176,0
187177,22
187178,0
187179,0
187180,0
187181,0
187182,0
187183,27
187184,0
187185,0
187186,0
187187,0
187188,0
187189,0
187190,0
187191,0
187192,0
187193,0
187194,0
187195,0
187196,0
187197,0
187198,22
187199,0
187200,0
187201,24
187202,0
187203,0
187204,0
187205,0
187206,0
187207,0
187208,0
187209,0
187210,0
187211,0
187212,21
187213,0
187214,0
187215,0
187216,0
187217,0
187218,0
187219,21
187220,0
187221,0
187222,0
187223,0
187224,0
187225,0
187226,0
187227,0
187228,26
187229,0
187230,0
187231,0
187232,31
187233,0
187234,0
187235,0
187236,0
187237,0
187238,0
187239,0
187240,0
187241,0
187242,0
187243,0
187244,0
187245,0
187246,0
187247,0
187248,0
187249,0
187250,15
187251,0
187252,0
187253,0
187254,22
187255,0
187256,0
187257,0
187258,0
187259,0
187260,0
187261,0
187262,0
187263,0
187264,0
187265,0
187266,0
187267,0
187268,0
187269,0
187270,0
187271,0
187272,0
187273,0
187274,0
187275,0
187276,0
187277,0
187278,0
187279,0
187280,0
187281,0
187282,0
187283,0
187284,0
187285,0
187286,0
187287,0
187288,0
187289,0
187290,22
187291,0
187292,0
187293,0
187294,0
187295,0
187296,0
187297,0
187298,0
187299,0
187300,0
187301,0
187302,26
187303,0
187304,0
187305,0
187306,0
187307,0
187308,0
187309,0
187310,0
187311,0
187312,0
187313,0
187314,0
187315,0
187316,0
187317,0
187318,0
187319,32
187320,0
187321,0
187322,0
187323,0
187324,0
187325,0
187326,0
187327,0
187328,0
187329,0
187330,0
187331,0
187332,0
187333,22
187334,0
187335,0
187336,0
187337,0
187338,0
187339,0
187340,0
187341,30
187342,0
187343,0
187344,0
187345,0
187346,0
187347,0
187348,0
187349,0
187350,23
187351,0
187352,22
187353,0
187354,0
187355,0
187356,0
187357,20
187358,0
187359,17
187360,0
187361,0
187362,0
187363,24
187364,0
187365,0
187366,0
187367,0
187368,0
187369,0
187370,0
187371,0
187372,0
187373,0
187374,26
187375,0
187376,20
187377,0
187378,0
187379,22
187380,0
187381,0
187382,0
187383,0
187384,0
187385,0
187386,0
187387,24
187388,0
187389,19
187390,0
187391,0
187392,0
187393,0
187394,27
187395,15
187396,0
187397,0
187398,0
187399,0
187400,0
187401,0
187402,0
187403,0
187404,0
187405,0
187406,0
187407,0
187408,0
187409,0
187410,0
187411,0
187412,0
187413,0
187414,0
187415,0
187416,0
187417,0
187418,0
187419,0
187420,0
187421,0
187422,0
187423,0
187424,32
187425,0
187426,0
187427,0
187428,0
187429,19
187430,20
187431,0
187432,0
187433,0
187434,0
187435,0
187436,0
187437,0
187438,0
187439,0
187440,0
187441,0
187442,0
187443,0
187444,0
187445,0
187446,0
187447,0
187448,0
187449,0
187450,0
187451,0
187452,0
187453,0
187454,19
187455,0
187456,0
187457,0
187458,0
187459,0
187460,0
187461,0
187462,0
187463,0
187464,0
187465,0
187466,0
187467,0
187468,0
187469,0
187470,0
187471,0
187472,0
187473,0
187474,0
187475,0
187476,0
187477,0
187478,0
187479,0
187480,0
187481,0
187482,0
187483,0
187484,0
187485,0
187486,0
187487,0
187488,0
187489,0
187490,0
187491,0
187492,0
187493,0
187494,0
187495,0
187496,0
187497,0
187498,0
187499,0
187500,0
187501,0
187502,0
187503,0
187504,0
187505,0
187506,0
187507,0
187508,0
187509,0
187510,0
187511,22
187512,0
187513,24
187514,0
187515,0
187516,0
187517,0
187518,0
187519,0
187520,0
187521,0
187522,0
187523,0
187524,0
187525,0
187526,0
187527,0
187528,0
187529,0
187530,15
187531,0
187532,0
187533,18
187534,0
187535,0
187536,0
187537,0
187538,0
187539,0
187540,0
187541,0
187542,0
187543,0
187544,0
187545,0
187546,0
187547,0
187548,0
187549,0
187550,33
187551,0
187552,0
187553,0
187554,0
187555,0
187556,0
187557,0
187558,0
187559,0
187560,0
187561,0
187562,32
187563,0
187564,21
187565,0
187566,0
187567,0
187568,28
187569,21
187570,0
187571,0
187572,0
187573,0
187574,0
187575,0
187576,0
187577,0
187578,0
187579,0
187580,0
187581,21
187582,0
187583,0
187584,0
187585,17
187586,0
187587,0
187588,0
187589,0
187590,0
187591,0
187592,0
187593,0
187594,0
187595,0
187596,30
187597,27
187598,0
187599,29
187600,0
187601,0
187602,0
187603,0
187604,0
187605,0
187606,0
187607,0
187608,0
187609,0
187610,0
187611,0
187612,0
187613,0
187614,0
187615,0
187616,0
187617,0
187618,15
187619,36
187620,0
187621,0
187622,0
187623,0
187624,0
187625,0
187626,0
187627,0
187628,0
187629,0
187630,0
187631,0
187632,0
187633,0
187634,0
187635,0
187636,0
187637,0
187638,0
187639,0
187640,0
187641,0
187642,0
187643,0
187644,0
187645,0
187646,0
187647,0
187648,0
187649,0
187650,0
187651,0
187652,0
187653,24
187654,0
187655,0
187656,0
187657,0
187658,0
187659,0
187660,0
187661,0
187662,0
187663,0
187664,0
187665,0
187666,0
187667,0
187668,0
187669,0
187670,0
187671,0
187672,0
187673,0
187674,0
187675,0
187676,0
187677,0
187678,0
187679,0
187680,0
187681,0
187682,0
187683,18
187684,0
187685,0
187686,0
187687,0
187688,0
187689,0
187690,0
187691,16
187692,0
187693,0
187694,0
187695,22
187696,0
187697,0
187698,0
187699,0
187700,0
187701,0
187702,0
187703,0
187704,29
187705,0
187706,0
187707,22
187708,0
187709,0
187710,0
187711,0
187712,0
187713,0
187714,0
187715,0
187716,0
187717,0
187718,0
187719,20
187720,0
187721,0
187722,0
187723,0
187724,0
187725,0
187726,0
187727,0
187728,0
187729,0
187730,31
187731,0
187732,0
187733,0
187734,23
187735,0
187736,0
187737,0
187738,0
187739,0
187740,0
187741,0
187742,0
187743,0
187744,0
187745,0
187746,0
187747,0
187748,0
187749,0
187750,0
187751,16
187752,0
187753,0
187754,0
187755,0
187756,0
187757,0
187758,0
187759,0
187760,0
187761,0
187762,0
187763,0
187764,0
187765,26
187766,0
187767,0
187768,0
187769,0
187770,0
187771,0
187772,0
187773,0
187774,0
187775,0
187776,0
187777,0
187778,0
187779,0
187780,0
187781,17
187782,0
187783,0
187784,22
187785,0
187786,0
187787,0
187788,0
187789,0
187790,0
187791,0
187792,30
187793,0
187794,0
187795,0
187796,0
187797,0
187798,0
187799,0
187800,20
187801,0
187802,0
187803,0
187804,28
187805,34
187806,0
187807,0
187808,0
187809,0
187810,0
187811,0
187812,0
187813,0
187814,0
187815,20
187816,0
187817,0
187818,0
187819,25
187820,0
187821,0
187822,0
187823,0
187824,0
187825,0
187826,0
187827,0
187828,0
187829,0
187830,0
187831,0
187832,0
187833,0
187834,29
187835,0
187836,0
187837,0
187838,0
187839,0
187840,0
187841,0
187842,0
187843,0
187844,0
187845,0
187846,0
187847,0
187848,0
187849,0
187850,0
187851,0
187852,0
187853,0
187854,0
187855,0
187856,0
187857,31
187858,0
187859,0
187860,0
187861,0
187862,30
187863,0
187864,0
187865,0
187866,0
187867,0
187868,0
187869,0
187870,28
187871,21
187872,17
187873,19
187874,0
187875,0
187876,29
187877,0
187878,0
187879,0
187880,0
187881,0
187882,0
187883,0
187884,0
187885,0
187886,0
187887,0
187888,0
187889,0
187890,0
187891,0
187892,0
187893,0
187894,0
187895,0
187896,0
187897,0
187898,0
187899,27
187900,0
187901,0
187902,0
187903,0
187904,0
187905,0
187906,0
187907,0
187908,0
187909,0
187910,34
187911,0
187912,0
187913,0
187914,0
187915,0
187916,0
187917,0
187918,0
187919,0
187920,0
187921,0
187922,0
187923,0
187924,0
187925,0
187926,0
187927,0
187928,0
187929,0
187930,0
187931,0
187932,0
187933,0
187934,0
187935,0
187936,16
187937,0
187938,0
187939,0
187940,0
187941,0
187942,0
187943,0
187944,0
187945,21
187946,0
187947,0
187948,0
187949,0
187950,0
187951,0
187952,0
187953,0
187954,0
187955,0
187956,0
187957,20
187958,0
187959,0
187960,0
187961,0
187962,0
187963,29
187964,34
187965,0
187966,0
187967,0
187968,0
187969,0
187970,0
187971,0
187972,0
187973,0
187974,0
187975,0
187976,0
187977,0
187978,28
187979,0
187980,0
187981,0
187982,0
187983,0
187984,0
187985,0
187986,0
187987,0
187988,0
187989,0
187990,0
187991,0
187992,0
187993,0
187994,0
187995,0
187996,0
187997,0
187998,0
187999,0
188000,33
188001,0
188002,0
188003,0
188004,43
188005,0
188006,0
188007,23
188008,0
188009,0
188010,0
188011,0
188012,0
188013,0
188014,0
188015,0
188016,0
188017,0
188018,0
188019,0
188020,0
188021,0
188022,0
188023,0
188024,32
188025,0
188026,0
188027,0
188028,0
188029,0
188030,0
188031,0
188032,0
188033,0
188034,27
188035,0
188036,0
188037,0
188038,0
188039,0
188040,0
188041,0
188042,0
188043,0
188044,0
188045,0
188046,0
188047,34
188048,0
188049,0
188050,0
188051,0
188052,0
188053,0
188054,0
188055,0
188056,0
188057,0
188058,0
188059,0
188060,0
188061,0
188062,19
188063,0
188064,0
188065,0
188066,0
188067,0
188068,0
188069,0
188070,0
188071,0
188072,0
188073,38
188074,0
188075,0
188076,0
188077,0
188078,0
188079,0
188080,0
188081,0
188082,0
188083,0
188084,0
188085,0
188086,0
188087,37
188088,0
188089,42
188090,0
188091,23
188092,0
188093,0
188094,0
188095,32
188096,31
188097,0
188098,0
188099,0
188100,0
188101,0
188102,0
188103,22
188104,0
188105,0
188106,0
188107,29
188108,0
188109,29
188110,0
188111,0
188112,25
188113,0
188114,0
188115,0
188116,0
188117,22
188118,0
188119,0
188120,0
188121,0
188122,0
188123,0
188124,0
188125,0
188126,0
188127,0
188128,0
188129,0
188130,0
188131,0
188132,0
188133,0
188134,0
188135,0
188136,24
188137,36
188138,0
188139,0
188140,0
188141,0
188142,0
188143,0
188144,18
188145,0
188146,0
188147,0
188148,0
188149,0
188150,0
188151,0
188152,0
188153,0
188154,0
188155,0
188156,0
188157,0
188158,0
188159,0
188160,0
188161,0
188162,0
188163,0
188164,0
188165,0
188166,0
188167,0
188168,0
188169,0
188170,0
188171,25
188172,0
188173,0
188174,0
188175,0
188176,0
188177,0
188178,0
188179,0
188180,24
188181,28
188182,0
188183,0
188184,0
188185,0
188186,0
188187,0
188188,0
188189,0
188190,28
188191,36
188192,0
188193,0
188194,0
188195,0
188196,0
188197,0
188198,0
188199,36
188200,0
188201,0
188202,0
188203,0
188204,0
188205,47
188206,0
188207,32
188208,0
188209,0
188210,0
188211,0
188212,0
188213,0
188214,0
188215,0
188216,0
188217,0
188218,0
188219,0
188220,0
188221,0
188222,0
188223,35
188224,0
188225,0
188226,0
188227,35
188228,33
188229,0
188230,0
188231,0
188232,0
188233,0
188234,0
188235,0
188236,0
188237,0
188238,0
188239,0
188240,0
188241,0
188242,0
188243,0
188244,0
188245,0
188246,0
188247,0
188248,0
188249,0
188250,22
188251,0
188252,0
188253,0
188254,0
188255,0
188256,0
188257,0
188258,32
188259,0
188260,0
188261,0
188262,0
188263,0
188264,0
188265,0
188266,0
188267,24
188268,0
188269,0
188270,27
188271,0
188272,0
188273,0
188274,0
188275,0
188276,0
188277,0
188278,0
188279,25
188280,0
188281,0
188282,0
188283,0
188284,0
188285,0
188286,0
188287,0
188288,23
188289,0
188290,0
188291,23
188292,0
188293,0
188294,0
188295,0
188296,0
188297,0
188298,0
188299,0
188300,0
188301,0
188302,0
188303,0
188304,0
188305,0
188306,0
188307,22
188308,0
188309,0
188310,0
188311,0
188312,0
188313,0
188314,28
188315,18
188316,0
188317,0
188318,0
188319,0
188320,0
188321,0
188322,0
188323,0
188324,0
188325,0
188326,0
188327,0
188328,0
188329,0
188330,28
188331,0
188332,0
188333,0
188334,0
188335,0
188336,0
188337,0
188338,0
188339,0
188340,0
188341,0
188342,0
188343,0
188344,0
188345,0
188346,0
188347,0
188348,0
188349,0
188350,0
188351,0
188352,0
188353,0
188354,0
188355,0
188356,45
188357,0
188358,0
188359,0
188360,0
188361,0
188362,0
188363,0
188364,0
188365,0
188366,0
188367,0
188368,0
188369,0
188370,0
188371,0
188372,0
188373,0
188374,0
188375,0
188376,38
188377,0
188378,0
188379,0
188380,0
188381,0
188382,0
188383,0
188384,0
188385,0
188386,0
188387,41
188388,0
188389,0
188390,0
188391,0
188392,0
188393,0
188394,0
188395,0
188396,0
188397,0
188398,0
188399,0
188400,0
188401,35
188402,41
188403,0
188404,0
188405,0
188406,0
188407,0
188408,0
188409,0
188410,0
188411,0
188412,0
188413,0
188414,0
188415,0
188416,0
188417,0
188418,0
188419,0
188420,0
188421,0
188422,0
188423,0
188424,0
188425,0
188426,0
188427,0
188428,24
188429,0
188430,0
188431,0
188432,0
188433,0
188434,0
188435,0
188436,0
188437,0
188438,0
188439,0
188440,0
188441,0
188442,0
188443,0
188444,0
188445,0
188446,0
188447,0
188448,0
188449,0
188450,23
188451,37
188452,0
188453,30
188454,0
188455,22
188456,0
188457,0
188458,0
188459,0
188460,0
188461,0
188462,0
188463,0
188464,0
188465,0
188466,0
188467,31
188468,0
188469,0
188470,0
188471,0
188472,0
188473,0
188474,19
188475,0
188476,0
188477,0
188478,0
188479,0
188480,0
188481,44
188482,0
188483,0
188484,0
188485,0
188486,26
188487,20
188488,0
188489,0
188490,0
188491,0
188492,0
188493,0
188494,0
188495,0
188496,0
188497,0
188498,0
188499,0
188500,0
188501,0
188502,0
188503,0
188504,0
188505,0
188506,0
188507,0
188508,0
188509,32
188510,0
188511,0
188512,0
188513,0
188514,0
188515,0
188516,0
188517,0
188518,0
188519,0
188520,0
188521,0
188522,0
188523,0
188524,0
188525,0
188526,0
188527,0
188528,0
188529,37
188530,0
188531,0
188532,0
188533,0
188534,0
188535,0
188536,0
188537,0
188538,0
188539,0
188540,0
188541,0
188542,0
188543,0
188544,0
188545,0
188546,0
188547,0
188548,0
188549,0
188550,0
188551,0
188552,0
188553,0
188554,0
188555,0
188556,0
188557,0
188558,0
188559,0
188560,0
188561,0
188562,0
188563,0
188564,0
188565,0
188566,0
188567,0
188568,0
188569,0
188570,0
188571,0
188572,0
188573,0
188574,0
188575,0
188576,0
188577,0
188578,0
188579,0
188580,0
188581,0
188582,0
188583,0
188584,0
188585,0
188586,0
188587,0
188588,0
188589,0
188590,0
188591,0
188592,0
188593,0
188594,0
188595,0
188596,0
188597,0
188598,36
188599,0
188600,0
188601,0
188602,0
188603,0
188604,0
188605,0
188606,0
188607,0
188608,0
188609,0
188610,0
188611,0
188612,0
188613,0
188614,0
188615,0
188616,0
188617,0
188618,0
188619,0
188620,0
188621,0
188622,0
188623,0
188624,0
188625,0
188626,0
188627,0
188628,0
188629,0
188630,0
188631,0
188632,0
188633,0
188634,0
188635,0
188636,0
188637,0
188638,0
188639,0
188640,0
188641,0
188642,0
188643,0
188644,0
188645,0
188646,0
188647,0
188648,0
188649,0
188650,0
188651,0
188652,0
188653,0
188654,32
188655,0
188656,0
188657,0
188658,0
188659,0
188660,0
188661,0
188662,0
188663,0
188664,0
188665,0
188666,0
188667,0
188668,20
188669,0
188670,0
188671,0
188672,0
188673,0
188674,0
188675,0
188676,0
188677,0
188678,0
188679,0
188680,0
188681,0
188682,0
188683,0
188684,0
188685,0
188686,0
188687,0
188688,0
188689,39
188690,33
188691,0
188692,0
188693,0
188694,0
188695,0
188696,0
188697,0
188698,0
188699,0
188700,0
188701,0
188702,0
188703,0
188704,37
188705,0
188706,0
188707,0
188708,51
188709,0
188710,18
188711,0
188712,32
188713,34
188714,0
188715,0
188716,0
188717,0
188718,15
188719,0
188720,0
188721,0
188722,23
188723,0
188724,0
188725,0
188726,0
188727,0
188728,24
188729,26
188730,22
188731,26
188732,0
188733,0
188734,0
188735,20
188736,0
188737,0
188738,12
188739,0
188740,23
188741,0
188742,0
188743,0
188744,0
188745,0
188746,0
188747,0
188748,0
188749,0
188750,0
188751,0
188752,0
188753,0
188754,0
188755,0
188756,0
188757,19
188758,0
188759,0
188760,35
188761,0
188762,0
188763,23
188764,0
188765,0
188766,24
188767,0
188768,0
188769,0
188770,0
188771,0
188772,35
188773,0
188774,21
188775,0
188776,41
188777,0
188778,0
188779,0
188780,0
188781,20
188782,0
188783,0
188784,26
188785,0
188786,0
188787,0
188788,0
188789,20
188790,0
188791,0
188792,0
188793,0
188794,0
188795,0
188796,34
188797,0
188798,0
188799,17
188800,0
188801,0
188802,0
188803,0
188804,0
188805,0
188806,0
188807,0
188808,0
188809,0
188810,0
188811,0
188812,0
188813,0
188814,0
188815,0
188816,25
188817,0
188818,25
188819,30
188820,0
188821,0
188822,26
188823,0
188824,0
188825,0
188826,0
188827,23
188828,0
188829,0
188830,26
188831,0
188832,0
188833,0
188834,0
188835,0
188836,0
188837,0
188838,0
188839,0
188840,0
188841,0
188842,0
188843,0
188844,0
188845,0
188846,0
188847,0
188848,0
188849,33
188850,0
188851,0
188852,0
188853,19
188854,0
188855,0
188856,0
188857,0
188858,0
188859,21
188860,0
188861,0
188862,19
188863,0
188864,0
188865,0
188866,0
188867,0
188868,34
188869,19
188870,0
188871,34
188872,40
188873,0
188874,24
188875,22
188876,0
188877,0
188878,0
188879,0
188880,18
188881,0
188882,0
188883,0
188884,0
188885,0
188886,0
188887,0
188888,0
188889,0
188890,0
188891,0
188892,0
188893,0
188894,38
188895,0
188896,0
188897,0
188898,0
188899,0
188900,0
188901,0
188902,0
188903,0
188904,0
188905,0
188906,0
188907,0
188908,0
188909,25
188910,0
188911,0
188912,0
188913,0
188914,0
188915,0
188916,0
188917,19
188918,0
188919,0
188920,22
188921,0
188922,0
188923,0
188924,23
188925,31
188926,0
188927,30
188928,0
188929,35
188930,0
188931,0
188932,0
188933,0
188934,0
188935,0
188936,0
188937,0
188938,0
188939,0
188940,0
188941,0
188942,0
188943,0
188944,0
188945,29
188946,0
188947,0
188948,21
188949,0
188950,0
188951,0
188952,0
188953,0
188954,0
188955,0
188956,0
188957,0
188958,0
188959,0
188960,0
188961,19
188962,0
188963,0
188964,0
188965,0
188966,0
188967,0
188968,0
188969,19
188970,0
188971,0
188972,0
188973,0
188974,0
188975,0
188976,0
188977,31
188978,0
188979,0
188980,0
188981,0
188982,0
188983,0
188984,27
188985,0
188986,0
188987,0
188988,0
188989,0
188990,0
188991,27
188992,25
188993,18
188994,0
188995,0
188996,0
188997,0
188998,0
188999,0
189000,18
189001,0
189002,23
189003,0
189004,0
189005,0
189006,0
189007,27
189008,0
189009,0
189010,17
189011,0
189012,0
189013,28
189014,0
189015,0
189016,0
189017,0
189018,0
189019,0
189020,0
189021,24
189022,0
189023,19
189024,0
189025,0
189026,0
189027,0
189028,0
189029,0
189030,0
189031,0
189032,0
189033,0
189034,18
189035,0
189036,0
189037,0
189038,22
189039,0
189040,0
189041,0
189042,0
189043,0
189044,46
189045,0
189046,0
189047,0
189048,0
189049,40
189050,0
189051,0
189052,18
189053,0
189054,29
189055,0
189056,0
189057,0
189058,29
189059,0
189060,20
189061,15
189062,0
189063,0
189064,0
189065,0
189066,0
189067,40
189068,29
189069,0
189070,0
189071,24
189072,26
189073,0
189074,26
189075,0
189076,0
189077,0
189078,0
189079,24
189080,0
189081,0
189082,12
189083,0
189084,0
189085,0
189086,0
189087,0
189088,19
189089,0
189090,27
189091,0
189092,0
189093,0
189094,0
189095,0
189096,0
189097,0
189098,0
189099,0
189100,0
189101,0
189102,0
189103,0
189104,0
189105,0
189106,0
189107,0
189108,0
189109,0
189110,0
189111,27
189112,0
189113,0
189114,0
189115,0
189116,30
189117,27
189118,0
189119,0
189120,0
189121,0
189122,0
189123,0
189124,0
189125,0
189126,16
189127,0
189128,0
189129,31
189130,0
189131,0
189132,0
189133,0
189134,0
189135,31
189136,0
189137,0
189138,26
189139,31
189140,0
189141,0
189142,0
189143,0
189144,0
189145,34
189146,0
189147,0
189148,31
189149,16
189150,0
189151,0
189152,0
189153,0
189154,0
189155,0
189156,19
189157,0
189158,32
189159,0
189160,0
189161,0
189162,0
189163,31
189164,24
189165,0
189166,0
189167,0
189168,0
189169,0
189170,0
189171,0
189172,0
189173,0
189174,0
189175,0
189176,0
189177,0
189178,0
189179,0
189180,42
189181,0
189182,0
189183,16
189184,0
189185,0
189186,0
189187,40
189188,0
189189,28
189190,0
189191,0
189192,0
189193,0
189194,0
189195,0
189196,0
189197,0
189198,0
189199,0
189200,0
189201,50
189202,0
189203,0
189204,0
189205,0
189206,0
189207,0
189208,0
189209,19
189210,0
189211,0
189212,26
189213,0
189214,0
189215,0
189216,0
189217,27
189218,0
189219,35
189220,28
189221,0
189222,0
189223,0
189224,0
189225,24
189226,0
189227,0
189228,17
189229,0
189230,20
189231,0
189232,0
189233,0
189234,0
189235,0
189236,32
189237,0
189238,0
189239,0
189240,19
189241,0
189242,0
189243,0
189244,0
189245,0
189246,0
189247,24
189248,0
189249,17
189250,0
189251,0
189252,0
189253,0
189254,0
189255,0
189256,23
189257,0
189258,0
189259,0
189260,0
189261,0
189262,0
189263,0
189264,0
189265,0
189266,0
189267,0
189268,33
189269,30
189270,0
189271,0
189272,0
189273,0
189274,0
189275,0
189276,0
189277,0
189278,0
189279,24
189280,0
189281,0
189282,0
189283,0
189284,0
189285,0
189286,0
189287,0
189288,21
189289,17
189290,39
189291,0
189292,0
189293,0
189294,0
189295,29
189296,0
189297,0
189298,0
189299,0
189300,0
189301,0
189302,0
189303,0
189304,0
189305,0
189306,0
189307,24
189308,0
189309,0
189310,0
189311,0
189312,21
189313,0
189314,0
189315,0
189316,0
189317,0
189318,23
189319,0
189320,32
189321,0
189322,0
189323,0
189324,0
189325,0
189326,0
189327,0
189328,0
189329,0
189330,17
189331,0
189332,0
189333,0
189334,0
189335,23
189336,0
189337,0
189338,0
189339,0
189340,0
189341,0
189342,0
189343,0
189344,0
189345,0
189346,0
189347,0
189348,0
189349,0
189350,0
189351,0
189352,0
189353,18
189354,0
189355,0
189356,0
189357,0
189358,0
189359,25
189360,0
189361,0
189362,0
189363,0
189364,0
189365,0
189366,0
189367,20
189368,0
189369,0
189370,25
189371,20
189372,21
189373,0
189374,0
189375,22
189376,0
189377,21
189378,0
189379,27
189380,20
189381,0
189382,0
189383,28
189384,15
189385,23
189386,0
189387,0
189388,0
189389,0
189390,32
189391,0
189392,0
189393,0
189394,0
189395,0
189396,24
189397,0
189398,0
189399,32
189400,0
189401,0
189402,0
189403,0
189404,0
189405,0
189406,29
189407,0
189408,17
189409,0
189410,0
189411,0
189412,0
189413,0
189414,0
189415,0
189416,0
189417,0
189418,0
189419,29
189420,15
189421,0
189422,0
189423,32
189424,0
189425,0
189426,0
189427,0
189428,0
189429,0
189430,0
189431,0
189432,0
189433,0
189434,0
189435,0
189436,0
189437,0
189438,0
189439,22
189440,0
189441,17
189442,0
189443,0
189444,0
189445,0
189446,0
189447,0
189448,27
189449,0
189450,30
189451,0
189452,24
189453,0
189454,0
189455,0
189456,0
189457,0
189458,0
189459,0
189460,15
189461,0
189462,0
189463,0
189464,34
189465,0
189466,0
189467,0
189468,0
189469,0
189470,0
189471,0
189472,0
189473,0
189474,0
189475,26
189476,22
189477,0
189478,25
189479,0
189480,0
189481,0
189482,0
189483,33
189484,0
189485,0
189486,0
189487,0
189488,0
189489,0
189490,0
189491,0
189492,27
189493,0
189494,0
189495,0
189496,0
189497,22
189498,0
189499,34
189500,24
189501,0
189502,0
189503,0
189504,8
189505,0
189506,0
189507,0
189508,0
189509,46
189510,0
189511,0
189512,0
189513,0
189514,0
189515,0
189516,0
189517,0
189518,0
189519,44
189520,0
189521,0
189522,0
189523,0
189524,23
189525,15
189526,0
189527,0
189528,23
189529,0
189530,0
189531,0
189532,0
189533,0
189534,0
189535,38
189536,0
189537,0
189538,21
189539,26
189540,0
189541,0
189542,0
189543,11
189544,0
189545,0
189546,0
189547,0
189548,0
189549,0
189550,0
189551,0
189552,31
189553,24
189554,0
189555,0
189556,0
189557,0
189558,0
189559,0
189560,0
189561,0
189562,0
189563,0
189564,0
189565,0
189566,0
189567,0
189568,0
189569,0
189570,0
189571,0
189572,0
189573,0
189574,0
189575,0
189576,0
189577,0
189578,0
189579,18
189580,0
189581,0
189582,0
189583,0
189584,0
189585,35
189586,0
189587,0
189588,23
189589,25
189590,29
189591,0
189592,0
189593,0
189594,0
189595,0
189596,0
189597,0
189598,0
189599,0
189600,0
189601,0
189602,0
189603,0
189604,0
189605,9
189606,0
189607,0
189608,0
189609,22
189610,18
189611,0
189612,0
189613,0
189614,0
189615,0
189616,0
189617,0
189618,0
189619,0
189620,0
189621,0
189622,0
189623,25
189624,0
189625,0
189626,0
189627,0
189628,0
189629,0
189630,0
189631,33
189632,0
189633,0
189634,0
189635,0
189636,0
189637,0
189638,0
189639,0
189640,0
189641,0
189642,0
189643,0
189644,0
189645,22
189646,0
189647,0
189648,0
189649,0
189650,24
189651,0
189652,0
189653,0
189654,0
189655,0
189656,0
189657,0
189658,17
189659,0
189660,0
189661,0
189662,0
189663,30
189664,0
189665,0
189666,0
189667,0
189668,0
189669,0
189670,0
189671,0
189672,24
189673,0
189674,0
189675,0
189676,0
189677,0
189678,0
189679,28
189680,0
189681,0
189682,0
189683,0
189684,0
189685,0
189686,0
189687,35
189688,0
189689,0
189690,31
189691,0
189692,0
189693,0
189694,0
189695,0
189696,0
189697,0
189698,0
189699,0
189700,0
189701,0
189702,0
189703,0
189704,31
189705,0
189706,0
189707,0
189708,0
189709,0
189710,22
189711,0
189712,22
189713,0
189714,0
189715,17
189716,0
189717,0
189718,0
189719,28
189720,0
189721,0
189722,0
189723,13
189724,0
189725,0
189726,0
189727,0
189728,0
189729,0
189730,0
189731,0
189732,0
189733,0
189734,0
189735,0
189736,0
189737,22
189738,0
189739,0
189740,0
189741,25
189742,0
189743,0
189744,0
189745,0
189746,0
189747,28
189748,0
189749,0
189750,0
189751,0
189752,0
189753,0
189754,0
189755,0
189756,21
189757,0
189758,0
189759,0
189760,0
189761,0
189762,0
189763,0
189764,0
189765,0
189766,0
189767,0
189768,0
189769,0
189770,0
189771,0
189772,0
189773,0
189774,0
189775,0
189776,0
189777,29
189778,37
189779,0
189780,30
189781,0
189782,21
189783,0
189784,0
189785,0
189786,0
189787,0
189788,0
189789,0
189790,0
189791,0
189792,0
189793,0
189794,0
189795,0
189796,0
189797,17
189798,0
189799,27
189800,0
189801,0
189802,0
189803,0
189804,0
189805,0
189806,0
189807,0
189808,24
189809,0
189810,0
189811,0
189812,0
189813,0
189814,29
189815,0
189816,26
189817,0
189818,0
189819,0
189820,38
189821,0
189822,32
189823,0
189824,0
189825,0
189826,0
189827,17
189828,0
189829,0
189830,0
189831,0
189832,34
189833,0
189834,0
189835,0
189836,0
189837,0
189838,0
189839,0
189840,29
189841,0
189842,22
189843,0
189844,0
189845,28
189846,0
189847,38
189848,0
189849,0
189850,0
189851,0
189852,0
189853,0
189854,0
189855,29
189856,0
189857,0
189858,0
189859,39
189860,31
189861,39
189862,0
189863,21
189864,35
189865,0
189866,0
189867,0
189868,0
189869,0
189870,0
189871,0
189872,0
189873,29
189874,0
189875,0
189876,0
189877,0
189878,0
189879,0
189880,0
189881,0
189882,27
189883,33
189884,0
189885,0
189886,0
189887,0
189888,0
189889,32
189890,23
189891,0
189892,0
189893,0
189894,0
189895,0
189896,0
189897,44
189898,0
189899,0
189900,28
189901,0
189902,0
189903,0
189904,25
189905,0
189906,0
189907,0
189908,0
189909,0
189910,27
189911,0
189912,0
189913,0
189914,0
189915,0
189916,0
189917,20
189918,0
189919,0
189920,0
189921,0
189922,0
189923,23
189924,0
189925,0
189926,0
189927,27
189928,40
189929,0
189930,0
189931,0
189932,0
189933,0
189934,0
189935,21
189936,0
189937,0
189938,37
189939,0
189940,0
189941,0
189942,17
189943,26
189944,0
189945,0
189946,0
189947,0
189948,0
189949,0
189950,0
189951,0
189952,19
189953,0
189954,0
189955,0
189956,30
189957,0
189958,0
189959,25
189960,32
189961,45
189962,0
189963,0
189964,28
189965,0
189966,0
189967,30
189968,0
189969,45
189970,26
189971,0
189972,0
189973,0
189974,28
189975,23
189976,0
189977,0
189978,32
189979,0
189980,0
189981,0
189982,0
189983,20
189984,0
189985,0
189986,0
189987,0
189988,0
189989,37
189990,0
189991,26
189992,0
189993,22
189994,16
189995,0
189996,0
189997,34
189998,0
189999,0
190000,0
190001,0
190002,0
190003,0
190004,0
190005,0
190006,0
190007,0
190008,0
190009,0
190010,0
190011,0
190012,0
190013,0
190014,0
190015,0
190016,0
190017,29
190018,0
190019,0
190020,0
190021,0
190022,0
190023,0
190024,0
190025,0
190026,0
190027,0
190028,0
190029,0
190030,24
190031,0
190032,0
190033,0
190034,30
190035,0
190036,0
190037,0
190038,0
190039,0
190040,0
190041,24
190042,0
190043,23
190044,0
190045,0
190046,0
190047,0
190048,26
190049,0
190050,27
190051,33
190052,0
190053,0
190054,20
190055,0
190056,21
190057,0
190058,23
190059,0
190060,0
190061,0
190062,21
190063,0
190064,0
190065,0
190066,22
190067,0
190068,0
190069,0
190070,0
190071,0
190072,26
190073,0
190074,0
190075,0
190076,0
190077,0
190078,0
190079,42
190080,20
190081,0
190082,0
190083,0
190084,0
190085,29
190086,0
190087,0
190088,0
190089,28
190090,23
190091,0
190092,0
190093,0
190094,0
190095,0
190096,0
190097,0
190098,0
190099,32
190100,0
190101,0
190102,25
190103,0
190104,0
190105,0
190106,0
190107,0
190108,0
190109,0
190110,13
190111,0
190112,0
190113,0
190114,0
190115,0
190116,0
190117,0
190118,0
190119,0
190120,16
190121,0
190122,0
190123,0
190124,0
190125,19
190126,0
190127,0
190128,0
190129,0
190130,0
190131,0
190132,0
190133,0
190134,0
190135,0
190136,33
190137,20
190138,35
190139,0
190140,0
190141,0
190142,0
190143,0
190144,0
190145,0
190146,0
190147,0
190148,0
190149,0
190150,0
190151,29
190152,0
190153,0
190154,26
190155,0
190156,0
190157,0
190158,29
190159,38
190160,0
190161,0
190162,0
190163,0
190164,29
190165,57
190166,0
190167,0
190168,0
190169,0
190170,0
190171,15
190172,0
190173,0
190174,0
190175,0
190176,0
190177,0
190178,0
190179,0
190180,0
190181,0
190182,0
190183,0
190184,0
190185,0
190186,0
190187,0
190188,0
190189,16
190190,18
190191,28
190192,0
190193,0
190194,0
190195,0
190196,0
190197,0
190198,0
190199,0
190200,0
190201,0
190202,0
190203,22
190204,0
190205,0
190206,0
190207,29
190208,0
190209,27
190210,0
190211,0
190212,0
190213,0
190214,0
190215,0
190216,0
190217,42
190218,0
190219,0
190220,0
190221,0
190222,0
190223,0
190224,0
190225,22
190226,0
190227,0
190228,0
190229,0
190230,30
190231,0
190232,0
190233,0
190234,0
190235,0
190236,0
190237,0
190238,0
190239,0
190240,0
190241,0
190242,29
190243,0
190244,0
190245,0
190246,0
190247,0
190248,0
190249,0
190250,0
190251,0
190252,0
190253,0
190254,0
190255,0
190256,0
190257,21
190258,24
190259,32
190260,0
190261,0
190262,0
190263,32
190264,0
190265,28
190266,27
190267,0
190268,0
190269,0
190270,0
190271,0
190272,0
190273,0
190274,0
190275,0
190276,23
190277,0
190278,27
190279,0
190280,0
190281,0
190282,0
190283,0
190284,0
190285,0
190286,35
190287,0
190288,0
190289,19
190290,25
190291,22
190292,0
190293,0
190294,0
190295,0
190296,0
190297,0
190298,19
190299,0
190300,0
190301,34
190302,0
190303,23
190304,0
190305,0
190306,15
190307,0
190308,27
190309,0
190310,0
190311,33
190312,0
190313,0
190314,0
190315,0
190316,0
190317,0
190318,0
190319,0
190320,0
190321,0
190322,0
190323,0
190324,0
190325,0
190326,0
190327,19
190328,0
190329,0
190330,0
190331,0
190332,0
190333,0
190334,0
190335,0
190336,0
190337,0
190338,0
190339,0
190340,0
190341,0
190342,0
190343,0
190344,0
190345,0
190346,0
190347,19
190348,25
190349,22
190350,38
190351,34
190352,0
190353,0
190354,0
190355,0
190356,0
190357,0
190358,0
190359,0
190360,0
190361,23
190362,0
190363,0
190364,0
190365,0
190366,24
190367,0
190368,0
190369,0
190370,0
190371,0
190372,29
190373,0
190374,18
190375,0
190376,0
190377,0
190378,0
190379,0
190380,0
190381,0
190382,0
190383,0
190384,37
190385,30
190386,29
190387,0
190388,32
190389,0
190390,0
190391,0
190392,0
190393,0
190394,0
190395,0
190396,0
190397,0
190398,0
190399,0
190400,0
190401,0
190402,0
190403,45
190404,0
190405,0
190406,0
190407,0
190408,0
190409,0
190410,21
190411,0
190412,0
190413,0
190414,0
190415,0
190416,0
190417,0
190418,0
190419,0
190420,25
190421,0
190422,0
190423,0
190424,0
190425,0
190426,0
190427,0
190428,30
190429,0
190430,22
190431,0
190432,0
190433,0
190434,0
190435,0
190436,0
190437,49
190438,0
190439,0
190440,0
190441,0
190442,0
190443,0
190444,0
190445,0
190446,0
190447,0
190448,0
190449,0
190450,20
190451,0
190452,24
190453,0
190454,0
190455,0
190456,0
190457,0
190458,0
190459,21
190460,0
190461,0
190462,0
190463,0
190464,0
190465,18
190466,30
190467,33
190468,0
190469,0
190470,0
190471,0
190472,0
190473,0
190474,0
190475,0
190476,0
190477,0
190478,10
190479,0
190480,0
190481,0
190482,0
190483,21
190484,0
190485,0
190486,15
190487,0
190488,0
190489,0
190490,0
190491,0
190492,0
190493,0
190494,0
190495,0
190496,0
190497,0
190498,0
190499,0
190500,0
190501,0
190502,0
190503,0
190504,0
190505,0
190506,17
190507,0
190508,9
190509,0
190510,14
190511,0
190512,0
190513,0
190514,0
190515,0
190516,0
190517,0
190518,0
190519,11
190520,0
190521,0
190522,0
190523,20
190524,0
190525,0
190526,0
190527,0
190528,0
190529,15
190530,0
190531,13
190532,6
190533,0
190534,0
190535,25
190536,18
190537,0
190538,19
190539,0
190540,0
190541,0
190542,0
190543,0
190544,0
190545,0
190546,0
190547,0
190548,0
190549,12
190550,23
190551,13
190552,14
190553,0
190554,0
190555,0
190556,0
190557,0
190558,0
190559,0
190560,20
190561,25
190562,0
190563,0
190564,0
190565,0
190566,0
190567,0
190568,0
190569,0
190570,12
190571,0
190572,0
190573,0
190574,0
190575,0
190576,0
190577,15
190578,0
190579,0
190580,0
190581,0
190582,0
190583,0
190584,0
190585,0
190586,0
190587,0
190588,14
190589,0
190590,0
190591,0
190592,0
190593,0
190594,0
190595,13
190596,0
190597,0
190598,0
190599,0
190600,0
190601,0
190602,0
190603,0
190604,8
190605,0
190606,0
190607,0
190608,9
190609,0
190610,0
190611,17
190612,0
190613,0
190614,0
190615,0
190616,0
190617,0
190618,0
190619,0
190620,0
190621,11
190622,0
190623,0
190624,0
190625,14
190626,14
190627,0
190628,14
190629,0
190630,0
190631,0
190632,0
190633,0
190634,0
190635,0
190636,0
190637,0
190638,0
190639,0
190640,0
190641,0
190642,10
190643,18
190644,0
190645,0
190646,0
190647,10
190648,0
190649,0
190650,0
190651,0
190652,0
190653,0
190654,0
190655,23
190656,0
190657,0
190658,0
190659,0
190660,9
190661,0
190662,0
190663,0
190664,0
190665,0
190666,0
190667,0
190668,0
190669,0
190670,0
190671,0
190672,10
190673,27
190674,0
190675,9
190676,0
190677,0
190678,0
190679,0
190680,17
190681,0
190682,0
190683,0
190684,0
190685,0
190686,0
190687,0
190688,0
190689,0
190690,0
190691,0
190692,0
190693,0
190694,0
190695,17
190696,0
190697,0
190698,15
190699,0
190700,0
190701,0
190702,0
190703,20
190704,8
190705,0
190706,0
190707,0
190708,0
190709,0
190710,0
190711,0
190712,0
190713,0
190714,0
190715,0
190716,0
190717,0
190718,0
190719,0
190720,0
190721,0
190722,0
190723,0
190724,0
190725,0
190726,15
190727,0
190728,8
190729,0
190730,0
190731,0
190732,0
190733,0
190734,0
190735,0
190736,0
190737,0
190738,0
190739,9
190740,0
190741,17
190742,0
190743,0
190744,0
190745,0
190746,0
190747,11
190748,18
190749,0
190750,5
190751,0
190752,0
190753,11
190754,22
190755,0
190756,0
190757,19
190758,0
190759,0
190760,0
190761,0
190762,17
190763,0
190764,0
190765,0
190766,15
190767,0
190768,0
190769,0
190770,0
190771,0
190772,0
190773,0
190774,0
190775,0
190776,0
190777,0
190778,0
190779,0
190780,14
190781,0
190782,0
190783,0
190784,0
190785,15
190786,0
190787,0
190788,0
190789,0
190790,0
190791,0
190792,0
190793,11
190794,0
190795,0
190796,0
190797,25
190798,0
190799,7
190800,0
190801,0
190802,0
190803,0
190804,0
190805,0
190806,0
190807,0
190808,0
190809,0
190810,0
190811,15
190812,23
190813,0
190814,18
190815,0
190816,0
190817,0
190818,0
190819,0
190820,0
190821,0
190822,18
190823,0
190824,0
190825,0
190826,0
190827,0
190828,0
190829,0
190830,0
190831,0
190832,12
190833,0
190834,0
190835,21
190836,0
190837,0
190838,0
190839,0
190840,0
190841,0
190842,0
190843,0
190844,0
190845,0
190846,0
190847,20
190848,0
190849,10
190850,0
190851,16
190852,14
190853,22
190854,0
190855,0
190856,0
190857,0
190858,0
190859,0
190860,0
190861,0
190862,33
190863,0
190864,0
190865,0
190866,0
190867,0
190868,15
190869,0
190870,0
190871,7
190872,0
190873,0
190874,0
190875,0
190876,0
190877,0
190878,16
190879,10
190880,0
190881,0
190882,0
190883,0
190884,0
190885,0
190886,0
190887,0
190888,0
190889,0
190890,0
190891,0
190892,0
190893,0
190894,0
190895,0
190896,8
190897,0
190898,0
190899,0
190900,0
190901,36
190902,37
190903,0
190904,0
190905,0
190906,0
190907,0
190908,0
190909,0
190910,0
190911,0
190912,0
190913,0
190914,24
190915,50
190916,44
190917,0
190918,0
190919,0
190920,0
190921,0
190922,0
190923,0
190924,0
190925,0
190926,0
190927,0
190928,0
190929,0
190930,0
190931,0
190932,0
190933,0
190934,0
190935,0
190936,0
190937,0
190938,0
190939,42
190940,0
190941,0
190942,0
190943,0
190944,0
190945,0
190946,0
190947,0
190948,0
190949,0
190950,0
190951,0
190952,57
190953,0
190954,0
190955,0
190956,0
190957,0
190958,0
190959,0
190960,41
190961,51
190962,0
190963,0
190964,0
190965,51
190966,0
190967,0
190968,36
190969,53
190970,0
190971,0
190972,0
190973,0
190974,0
190975,0
190976,0
190977,0
190978,0
190979,0
190980,0
190981,0
190982,0
190983,0
190984,0
190985,34
190986,0
190987,0
190988,0
190989,0
190990,0
190991,31
190992,39
190993,0
190994,0
190995,0
190996,0
190997,0
190998,0
190999,0
191000,56
191001,18
191002,47
191003,0
191004,40
191005,0
191006,52
191007,0
191008,0
191009,0
191010,0
191011,0
191012,41
191013,0
191014,0
191015,0
191016,0
191017,0
191018,27
191019,45
191020,0
191021,0
191022,0
191023,0
191024,0
191025,0
191026,44
191027,0
191028,0
191029,35
191030,0
191031,47
191032,0
191033,0
191034,0
191035,0
191036,0
191037,0
191038,0
191039,0
191040,0
191041,0
191042,0
191043,0
191044,0
191045,0
191046,0
191047,0
191048,0
191049,45
191050,0
191051,0
191052,0
191053,0
191054,0
191055,49
191056,30
191057,0
191058,0
191059,0
191060,0
191061,0
191062,0
191063,0
191064,0
191065,0
191066,0
191067,0
191068,0
191069,0
191070,0
191071,26
191072,0
191073,0
191074,41
191075,0
191076,32
191077,0
191078,0
191079,0
191080,0
191081,0
191082,0
191083,0
191084,37
191085,25
191086,33
191087,36
191088,0
191089,0
191090,0
191091,0
191092,0
191093,0
191094,0
191095,0
191096,0
191097,0
191098,0
191099,0
191100,0
191101,41
191102,0
191103,35
191104,0
191105,0
191106,0
191107,0
191108,0
191109,0
191110,48
191111,0
191112,0
191113,0
191114,0
191115,0
191116,0
191117,0
191118,41
191119,29
191120,0
191121,0
191122,0
191123,0
191124,0
191125,0
191126,0
191127,0
191128,0
191129,0
191130,0
191131,0
191132,0
191133,0
191134,0
191135,0
191136,0
191137,0
191138,33
191139,0
191140,0
191141,0
191142,0
191143,0
191144,0
191145,38
191146,0
191147,0
191148,30
191149,38
191150,0
191151,0
191152,0
191153,0
191154,0
191155,0
191156,0
191157,0
191158,0
191159,59
191160,0
191161,0
191162,0
191163,0
191164,0
191165,0
191166,0
191167,0
191168,0
191169,0
191170,0
191171,0
191172,0
191173,0
191174,0
191175,0
191176,0
191177,0
191178,0
191179,0
191180,0
191181,0
191182,0
191183,42
191184,0
191185,0
191186,0
191187,0
191188,0
191189,0
191190,0
191191,61
191192,0
191193,0
191194,0
191195,0
191196,44
191197,0
191198,0
191199,0
191200,0
191201,0
191202,0
191203,0
191204,47
191205,0
191206,0
191207,0
191208,37
191209,43
191210,0
191211,0
191212,0
191213,0
191214,0
191215,0
191216,0
191217,0
191218,0
191219,0
191220,43
191221,0
191222,0
191223,0
191224,0
191225,45
191226,0
191227,0
191228,0
191229,0
191230,0
191231,0
191232,0
191233,0
191234,0
191235,0
191236,27
191237,43
191238,0
191239,0
191240,0
191241,0
191242,0
191243,0
191244,0
191245,0
191246,0
191247,0
191248,0
191249,0
191250,0
191251,0
191252,0
191253,0
191254,0
191255,0
191256,45
191257,0
191258,41
191259,0
191260,46
191261,0
191262,0
191263,0
191264,0
191265,0
191266,0
191267,0
191268,0
191269,0
191270,0
191271,0
191272,0
191273,0
191274,0
191275,0
191276,0
191277,0
191278,0
191279,39
191280,35
191281,0
191282,0
191283,0
191284,0
191285,0
191286,0
191287,0
191288,0
191289,0
191290,0
191291,0
191292,0
191293,0
191294,0
191295,34
191296,3
191297,0
191298,4
191299,0
191300,0
191301,5
191302,0
191303,0
191304,0
191305,0
191306,0
191307,0
191308,0
191309,0
191310,0
191311,2
191312,0
191313,0
191314,0
191315,0
191316,4
191317,0
191318,0
191319,0
191320,0
191321,3
191322,0
191323,0
191324,8
191325,0
191326,8
191327,0
191328,6
191329,0
191330,0
191331,0
191332,0
191333,0
191334,0
191335,0
191336,0
191337,0
191338,0
191339,0
191340,9
191341,0
191342,3
191343,6
191344,0
191345,0
191346,0
191347,0
191348,0
191349,0
191350,0
191351,0
191352,0
191353,0
191354,0
191355,0
191356,0
191357,0
191358,0
191359,0
191360,0
191361,0
191362,6
191363,7
191364,0
191365,0
191366,0
191367,0
191368,7
191369,0
191370,0
191371,0
191372,0
191373,0
191374,0
191375,5
191376,1
191377,2
191378,0
191379,0
191380,0
191381,3
191382,0
191383,0
191384,0
191385,0
191386,0
191387,0
191388,2
191389,0
191390,0
191391,5
191392,0
191393,0
191394,0
191395,0
191396,0
191397,0
191398,0
191399,0
191400,0
191401,0
191402,0
191403,3
191404,3
191405,0
191406,0
191407,4
191408,0
191409,0
191410,0
191411,0
191412,0
191413,0
191414,5
191415,0
191416,14
191417,5
191418,0
191419,0
191420,0
191421,0
191422,0
191423,0
191424,0
191425,0
191426,0
191427,0
191428,0
191429,0
191430,0
191431,0
191432,4
191433,0
191434,0
191435,0
191436,0
191437,8
191438,0
191439,0
191440,0
191441,0
191442,0
191443,0
191444,0
191445,0
191446,0
191447,11
191448,0
191449,0
191450,0
191451,0
191452,0
191453,0
191454,0
191455,8
191456,0
191457,0
191458,0
191459,0
191460,5
191461,0
191462,0
191463,0
191464,0
191465,0
191466,0
191467,0
191468,0
191469,0
191470,0
191471,0
191472,4
191473,0
191474,0
191475,0
191476,0
191477,0
191478,0
191479,0
191480,0
191481,0
191482,0
191483,0
191484,0
191485,3
191486,0
191487,0
191488,0
191489,0
191490,0
191491,0
191492,0
191493,0
191494,0
191495,0
191496,0
191497,9
191498,0
191499,0
191500,0
191501,0
191502,0
191503,10
191504,0
191505,0
191506,0
191507,0
191508,0
191509,0
191510,0
191511,5
191512,0
191513,0
191514,2
191515,0
191516,11
191517,0
191518,5
191519,0
191520,0
191521,9
191522,0
191523,0
191524,0
191525,3
191526,3
191527,0
191528,0
191529,4
191530,4
191531,2
191532,0
191533,0
191534,15
191535,0
191536,0
191537,0
191538,0
191539,0
191540,0
191541,0
191542,0
191543,0
191544,35
191545,0
191546,53
191547,0
191548,35
191549,0
191550,0
191551,0
191552,28
191553,0
191554,0
191555,35
191556,0
191557,0
191558,0
191559,0
191560,0
191561,0
191562,32
191563,0
191564,0
191565,0
191566,14
191567,0
191568,0
191569,0
191570,0
191571,0
191572,0
191573,31
191574,0
191575,34
191576,0
191577,0
191578,0
191579,0
191580,0
191581,0
191582,33
191583,0
191584,0
191585,0
191586,0
191587,0
191588,0
191589,30
191590,0
191591,0
191592,0
191593,0
191594,0
191595,0
191596,63
191597,0
191598,0
191599,0
191600,0
191601,0
191602,0
191603,0
191604,0
191605,22
191606,0
191607,0
191608,0
191609,0
191610,0
191611,0
191612,0
191613,22
191614,40
191615,0
191616,0
191617,0
191618,0
191619,0
191620,0
191621,0
191622,0
191623,0
191624,49
191625,0
191626,36
191627,0
191628,0
191629,0
191630,0
191631,0
191632,0
191633,0
191634,26
191635,0
191636,0
191637,18
191638,0
191639,0
191640,0
191641,29
191642,24
191643,0
191644,0
191645,0
191646,0
191647,0
191648,0
191649,26
191650,0
191651,0
191652,0
191653,0
191654,0
191655,35
191656,0
191657,0
191658,47
191659,0
191660,0
191661,0
191662,0
191663,0
191664,0
191665,0
191666,0
191667,0
191668,0
191669,0
191670,0
191671,0
191672,0
191673,0
191674,0
191675,0
191676,0
191677,0
191678,44
191679,0
191680,0
191681,0
191682,46
191683,47
191684,0
191685,0
191686,0
191687,0
191688,0
191689,34
191690,41
191691,45
191692,0
191693,0
191694,0
191695,24
191696,46
191697,0
191698,37
191699,0
191700,0
191701,0
191702,0
191703,0
191704,0
191705,0
191706,0
191707,0
191708,0
191709,0
191710,0
191711,0
191712,0
191713,38
191714,0
191715,0
191716,0
191717,0
191718,0
191719,55
191720,0
191721,28
191722,0
191723,0
191724,0
191725,44
191726,0
191727,0
191728,32
191729,0
191730,0
191731,68
191732,33
191733,0
191734,0
191735,37
191736,0
191737,0
191738,0
191739,0
191740,0
191741,0
191742,14
191743,0
191744,0
191745,0
191746,28
191747,0
191748,0
191749,0
191750,0
191751,0
191752,0
191753,0
191754,0
191755,33
191756,0
191757,0
191758,0
191759,0
191760,0
191761,10
191762,0
191763,0
191764,0
191765,18
191766,0
191767,34
191768,24
191769,0
191770,0
191771,0
191772,0
191773,0
191774,0
191775,0
191776,0
191777,0
191778,47
191779,0
191780,0
191781,0
191782,0
191783,50
191784,0
191785,0
191786,0
191787,0
191788,0
191789,0
191790,27
191791,0
191792,27
191793,0
191794,25
191795,0
191796,0
191797,0
191798,32
191799,0
191800,0
191801,0
191802,0
191803,26
191804,0
191805,0
191806,0
191807,20
191808,0
191809,44
191810,0
191811,0
191812,41
191813,0
191814,0
191815,0
191816,0
191817,0
191818,0
191819,53
191820,0
191821,18
191822,0
191823,0
191824,37
191825,0
191826,0
191827,27
191828,0
191829,0
191830,0
191831,42
191832,0
191833,0
191834,0
191835,26
191836,0
191837,0
191838,0
191839,0
191840,0
191841,0
191842,0
191843,55
191844,52
191845,0
191846,0
191847,0
191848,0
191849,0
191850,0
191851,0
191852,0
191853,0
191854,0
191855,26
191856,33
191857,43
191858,0
191859,18
191860,0
191861,0
191862,0
191863,0
191864,41
191865,0
191866,0
191867,36
191868,0
191869,33
191870,0
191871,0
191872,0
191873,0
191874,0
191875,0
191876,0
191877,0
191878,0
191879,0
191880,0
191881,0
191882,0
191883,0
191884,0
191885,0
191886,0
191887,0
191888,29
191889,0
191890,0
191891,0
191892,0
191893,42
191894,0
191895,0
191896,0
191897,42
191898,0
191899,0
191900,0
191901,0
191902,0
191903,0
191904,0
191905,0
191906,0
191907,0
191908,46
191909,0
191910,0
191911,0
191912,0
191913,41
191914,0
191915,0
191916,0
191917,0
191918,0
191919,0
191920,0
191921,0
191922,0
191923,0
191924,0
191925,0
191926,0
191927,0
191928,0
191929,0
191930,0
191931,0
191932,0
191933,48
191934,0
191935,0
191936,66
191937,0
191938,0
191939,0
191940,0
191941,0
191942,0
191943,0
191944,20
191945,48
191946,0
191947,25
191948,39
191949,0
191950,0
191951,0
191952,0
191953,32
191954,0
191955,42
191956,50
191957,0
191958,0
191959,0
191960,0
191961,0
191962,0
191963,0
191964,27
191965,0
191966,0
191967,0
191968,0
191969,0
191970,0
191971,0
191972,0
191973,0
191974,0
191975,0
191976,0
191977,0
191978,0
191979,0
191980,0
191981,0
191982,0
191983,0
191984,0
191985,0
191986,0
191987,38
191988,0
191989,20
191990,40
191991,50
191992,0
191993,49
191994,0
191995,0
191996,0
191997,0
191998,0
191999,0
192000,28
192001,27
192002,29
192003,49
192004,0
192005,0
192006,79
192007,0
192008,0
192009,0
192010,0
192011,0
192012,0
192013,31
192014,0
192015,0
192016,49
192017,0
192018,0
192019,0
192020,12
192021,0
192022,0
192023,66
192024,0
192025,0
192026,30
192027,0
192028,0
192029,0
192030,0
192031,0
192032,44
192033,30
192034,0
192035,37
192036,0
192037,0
192038,38
192039,21
192040,0
192041,36
192042,0
192043,0
192044,0
192045,0
192046,0
192047,0
192048,0
192049,42
192050,38
192051,0
192052,0
192053,0
192054,26
192055,0
192056,0
192057,0
192058,62
192059,0
192060,7
192061,0
192062,0
192063,0
192064,0
192065,0
192066,0
192067,0
192068,16
192069,0
192070,0
192071,0
192072,0
192073,31
192074,0
192075,0
192076,0
192077,0
192078,0
192079,0
192080,8
192081,0
192082,0
192083,0
192084,0
192085,0
192086,0
192087,0
192088,14
192089,0
192090,0
192091,0
192092,0
192093,0
192094,0
192095,0
192096,0
192097,0
192098,0
192099,0
192100,0
192101,0
192102,0
192103,0
192104,0
192105,0
192106,0
192107,0
192108,0
192109,0
192110,0
192111,0
192112,0
192113,0
192114,0
192115,0
192116,0
192117,0
192118,11
192119,0
192120,0
192121,0
192122,0
192123,0
192124,0
192125,0
192126,0
192127,0
192128,0
192129,0
192130,0
192131,0
192132,0
192133,0
192134,0
192135,0
192136,0
192137,0
192138,0
192139,0
192140,0
192141,0
192142,0
192143,29
192144,0
192145,0
192146,20
192147,0
192148,0
192149,0
192150,0
192151,0
192152,0
192153,12
192154,0
192155,0
192156,0
192157,0
192158,0
192159,0
192160,0
192161,0
192162,0
192163,22
192164,0
192165,0
192166,0
192167,0
192168,22
192169,25
192170,26
192171,0
192172,0
192173,0
192174,0
192175,0
192176,0
192177,0
192178,9
192179,0
192180,0
192181,0
192182,0
192183,0
192184,0
192185,0
192186,0
192187,0
192188,0
192189,16
192190,0
192191,0
192192,0
192193,0
192194,0
192195,0
192196,0
192197,0
192198,0
192199,0
192200,0
192201,0
192202,0
192203,0
192204,0
192205,33
192206,0
192207,0
192208,0
192209,0
192210,0
192211,0
192212,0
192213,0
192214,0
192215,0
192216,0
192217,0
192218,0
192219,0
192220,0
192221,0
192222,0
192223,0
192224,0
192225,0
192226,0
192227,0
192228,0
192229,0
192230,0
192231,0
192232,0
192233,0
192234,0
192235,0
192236,0
192237,0
192238,0
192239,0
192240,0
192241,12
192242,0
192243,0
192244,0
192245,0
192246,0
192247,0
192248,0
192249,0
192250,0
192251,0
192252,0
192253,0
192254,0
192255,0
192256,0
192257,0
192258,0
192259,15
192260,0
192261,0
192262,0
192263,0
192264,0
192265,0
192266,0
192267,0
192268,16
192269,14
192270,0
192271,0
192272,0
192273,0
192274,14
192275,0
192276,0
192277,0
192278,0
192279,0
192280,0
192281,0
192282,0
192283,0
192284,0
192285,0
192286,0
192287,0
192288,0
192289,0
192290,0
192291,0
192292,0
192293,0
192294,0
192295,0
192296,0
192297,0
192298,0
192299,0
192300,0
192301,0
192302,0
192303,0
192304,0
192305,0
192306,0
192307,0
192308,9
192309,0
192310,0
192311,0
192312,21
192313,0
192314,0
192315,0
192316,0
192317,0
192318,0
192319,0
192320,0
192321,0
192322,0
192323,38
192324,0
192325,0
192326,0
192327,0
192328,0
192329,0
192330,0
192331,21
192332,0
192333,0
192334,0
192335,29
192336,0
192337,0
192338,0
192339,0
192340,0
192341,0
192342,0
192343,0
192344,19
192345,0
192346,0
192347,0
192348,0
192349,0
192350,0
192351,0
192352,0
192353,0
192354,0
192355,0
192356,0
192357,16
192358,0
192359,0
192360,0
192361,12
192362,0
192363,0
192364,0
192365,0
192366,0
192367,13
192368,0
192369,0
192370,0
192371,0
192372,0
192373,0
192374,0
192375,0
192376,0
192377,17
192378,0
192379,0
192380,0
192381,0
192382,0
192383,0
192384,0
192385,0
192386,16
192387,0
192388,0
192389,0
192390,0
192391,0
192392,0
192393,0
192394,0
192395,0
192396,0
192397,15
192398,18
192399,0
192400,0
192401,17
192402,0
192403,0
192404,0
192405,0
192406,0
192407,0
192408,0
192409,0
192410,0
192411,0
192412,24
192413,0
192414,0
192415,0
192416,0
192417,0
192418,0
192419,0
192420,0
192421,0
192422,0
192423,0
192424,0
192425,0
192426,0
192427,0
192428,0
192429,0
192430,0
192431,0
192432,0
192433,0
192434,21
192435,24
192436,0
192437,0
192438,24
192439,0
192440,0
192441,24
192442,0
192443,0
192444,11
192445,0
192446,0
192447,0
192448,0
192449,0
192450,0
192451,0
192452,0
192453,0
192454,29
192455,0
192456,0
192457,0
192458,24
192459,0
192460,0
192461,0
192462,0
192463,35
192464,0
192465,0
192466,0
192467,0
192468,0
192469,0
192470,0
192471,0
192472,0
192473,0
192474,0
192475,0
192476,0
192477,0
192478,0
192479,0
192480,0
192481,0
192482,0
192483,0
192484,0
192485,0
192486,0
192487,0
192488,0
192489,0
192490,0
192491,0
192492,0
192493,0
192494,0
192495,0
192496,21
192497,0
192498,0
192499,0
192500,0
192501,0
192502,0
192503,0
192504,0
192505,0
192506,0
192507,0
192508,0
192509,0
192510,0
192511,0
192512,0
192513,0
192514,0
192515,0
192516,0
192517,0
192518,0
192519,0
192520,15
192521,0
192522,0
192523,0
192524,0
192525,0
192526,10
192527,0
192528,17
192529,0
192530,0
192531,0
192532,0
192533,0
192534,22
192535,0
192536,0
192537,13
192538,0
192539,0
192540,0
192541,0
192542,0
192543,0
192544,27
192545,0
192546,0
192547,11
192548,23
192549,0
192550,0
192551,13
192552,0
192553,0
192554,0
192555,0
192556,0
192557,0
192558,0
192559,0
192560,0
192561,0
192562,0
192563,0
192564,0
192565,0
192566,0
192567,0
192568,0
192569,0
192570,0
192571,0
192572,0
192573,0
192574,0
192575,0
192576,0
192577,0
192578,13
192579,0
192580,0
192581,0
192582,0
192583,27
192584,0
192585,19
192586,0
192587,0
192588,24
192589,0
192590,0
192591,0
192592,0
192593,0
192594,0
192595,0
192596,0
192597,0
192598,0
192599,0
192600,0
192601,22
192602,0
192603,0
192604,22
192605,0
192606,0
192607,0
192608,0
192609,18
192610,16
192611,0
192612,0
192613,0
192614,0
192615,0
192616,0
192617,0
192618,0
192619,0
192620,0
192621,0
192622,0
192623,0
192624,0
192625,0
192626,0
192627,0
192628,0
192629,0
192630,0
192631,0
192632,0
192633,10
192634,0
192635,0
192636,0
192637,0
192638,0
192639,0
192640,0
192641,0
192642,19
192643,0
192644,21
192645,0
192646,0
192647,0
192648,23
192649,0
192650,0
192651,0
192652,0
192653,0
192654,0
192655,0
192656,0
192657,0
192658,12
192659,0
192660,0
192661,0
192662,0
192663,0
192664,0
192665,0
192666,29
192667,30
192668,0
192669,0
192670,0
192671,0
192672,0
192673,0
192674,0
192675,0
192676,18
192677,0
192678,0
192679,0
192680,0
192681,0
192682,10
192683,0
192684,0
192685,0
192686,17
192687,0
192688,0
192689,0
192690,0
192691,0
192692,0
192693,0
192694,0
192695,0
192696,0
192697,9
192698,0
192699,0
192700,0
192701,0
192702,0
192703,0
192704,0
192705,0
192706,0
192707,0
192708,0
192709,0
192710,0
192711,0
192712,0
192713,0
192714,0
192715,0
192716,0
192717,0
192718,0
192719,0
192720,0
192721,0
192722,0
192723,0
192724,0
192725,0
192726,0
192727,0
192728,0
192729,0
192730,0
192731,0
192732,0
192733,0
192734,0
192735,0
192736,0
192737,0
192738,0
192739,0
192740,0
192741,0
192742,11
192743,10
192744,0
192745,0
192746,0
192747,0
192748,0
192749,0
192750,0
192751,18
192752,0
192753,14
192754,0
192755,0
192756,0
192757,0
192758,0
192759,0
192760,0
192761,0
192762,0
192763,0
192764,0
192765,14
192766,0
192767,0
192768,0
192769,0
192770,16
192771,0
192772,0
192773,0
192774,0
192775,0
192776,0
192777,0
192778,0
192779,0
192780,0
192781,0
192782,0
192783,0
192784,0
192785,0
192786,0
192787,0
192788,0
192789,0
192790,0
192791,0
192792,17
192793,0
192794,0
192795,28
192796,0
192797,0
192798,17
192799,0
192800,0
192801,0
192802,0
192803,12
192804,0
192805,0
192806,0
192807,0
192808,0
192809,0
192810,0
192811,0
192812,0
192813,0
192814,0
192815,0
192816,0
192817,0
192818,0
192819,0
192820,0
192821,18
192822,0
192823,0
192824,0
192825,0
192826,0
192827,0
192828,0
192829,11
192830,0
192831,0
192832,19
192833,0
192834,0
192835,0
192836,0
192837,0
192838,20
192839,0
192840,0
192841,0
192842,15
192843,0
192844,0
192845,0
192846,0
192847,0
192848,0
192849,0
192850,0
192851,0
192852,0
192853,0
192854,0
192855,0
192856,0
192857,0
192858,0
192859,0
192860,0
192861,0
192862,0
192863,0
192864,0
192865,15
192866,0
192867,0
192868,0
192869,0
192870,17
192871,0
192872,0
192873,0
192874,0
192875,0
192876,0
192877,0
192878,0
192879,24
192880,16
192881,0
192882,0
192883,0
192884,0
192885,0
192886,15
192887,0
192888,0
192889,0
192890,0
192891,0
192892,0
192893,0
192894,0
192895,11
192896,0
192897,0
192898,0
192899,0
192900,0
192901,0
192902,0
192903,0
192904,0
192905,0
192906,0
192907,0
192908,0
192909,0
192910,0
192911,0
192912,0
192913,0
192914,0
192915,0
192916,0
192917,0
192918,0
192919,0
192920,0
192921,0
192922,0
192923,0
192924,0
192925,0
192926,0
192927,0
192928,19
192929,19
192930,0
192931,0
192932,0
192933,30
192934,35
192935,0
192936,45
192937,0
192938,0
192939,28
192940,0
192941,30
192942,0
192943,0
192944,0
192945,27
192946,0
192947,0
192948,0
192949,0
192950,0
192951,0
192952,0
192953,0
192954,0
192955,25
192956,0
192957,0
192958,0
192959,0
192960,29
192961,0
192962,0
192963,0
192964,0
192965,0
192966,0
192967,0
192968,0
192969,0
192970,0
192971,0
192972,0
192973,41
192974,0
192975,0
192976,0
192977,44
192978,49
192979,49
192980,36
192981,0
192982,0
192983,31
192984,43
192985,0
192986,0
192987,0
192988,42
192989,0
192990,0
192991,34
192992,19
192993,0
192994,0
192995,0
192996,46
192997,35
192998,42
192999,0
193000,22
193001,0
193002,0
193003,27
193004,0
193005,0
193006,0
193007,0
193008,59
193009,24
193010,35
193011,37
193012,0
193013,0
193014,0
193015,0
193016,0
193017,31
193018,22
193019,0
193020,0
193021,0
193022,0
193023,0
193024,44
193025,0
193026,0
193027,0
193028,19
193029,46
193030,0
193031,0
193032,0
193033,0
193034,0
193035,0
193036,0
193037,0
193038,0
193039,14
193040,14
193041,35
193042,0
193043,25
193044,0
193045,0
193046,13
193047,41
193048,0
193049,46
193050,0
193051,40
193052,0
193053,44
193054,0
193055,0
193056,0
193057,0
193058,35
193059,26
193060,0
193061,0
193062,0
193063,25
193064,0
193065,0
193066,31
193067,0
193068,0
193069,0
193070,0
193071,0
193072,0
193073,0
193074,29
193075,0
193076,0
193077,0
193078,0
193079,44
193080,0
193081,0
193082,0
193083,0
193084,0
193085,23
193086,0
193087,38
193088,36
193089,39
193090,0
193091,0
193092,0
193093,25
193094,29
193095,27
193096,0
193097,0
193098,0
193099,0
193100,46
193101,36
193102,42
193103,0
193104,28
193105,0
193106,0
193107,0
193108,0
193109,0
193110,0
193111,0
193112,47
193113,0
193114,0
193115,25
193116,61
193117,29
193118,0
193119,0
193120,0
193121,29
193122,28
193123,0
193124,0
193125,40
193126,0
193127,23
193128,19
193129,0
193130,0
193131,0
193132,0
193133,0
193134,0
193135,31
193136,0
193137,0
193138,32
193139,37
193140,26
193141,0
193142,0
193143,40
193144,0
193145,0
193146,29
193147,27
193148,41
193149,0
193150,40
193151,25
193152,0
193153,0
193154,0
193155,0
193156,22
193157,39
193158,24
193159,21
193160,0
193161,33
193162,0
193163,0
193164,0
193165,0
193166,30
193167,0
193168,0
193169,0
193170,42
193171,40
193172,0
193173,0
193174,0
193175,0
193176,23
193177,29
193178,0
193179,33
193180,0
193181,42
193182,0
193183,0
193184,45
193185,0
193186,46
193187,0
193188,0
193189,37
193190,0
193191,0
193192,0
193193,0
193194,0
193195,0
193196,16
193197,0
193198,0
193199,0
193200,0
193201,46
193202,40
193203,0
193204,0
193205,0
193206,0
193207,0
193208,0
193209,0
193210,0
193211,36
193212,35
193213,14
193214,23
193215,55
193216,25
193217,0
193218,0
193219,0
193220,33
193221,0
193222,0
193223,30
193224,0
193225,27
193226,41
193227,0
193228,33
193229,0
193230,0
193231,0
193232,0
193233,0
193234,0
193235,0
193236,30
193237,0
193238,35
193239,0
193240,0
193241,0
193242,0
193243,0
193244,19
193245,0
193246,0
193247,0
193248,0
193249,0
193250,0
193251,0
193252,0
193253,47
193254,0
193255,0
193256,0
193257,34
193258,0
193259,0
193260,0
193261,0
193262,0
193263,0
193264,18
193265,22
193266,0
193267,0
193268,0
193269,0
193270,0
193271,25
193272,27
193273,0
193274,22
193275,31
193276,0
193277,0
193278,0
193279,28
193280,0
193281,0
193282,0
193283,24
193284,0
193285,0
193286,0
193287,0
193288,0
193289,0
193290,0
193291,0
193292,0
193293,0
193294,0
193295,0
193296,0
193297,49
193298,0
193299,59
193300,0
193301,0
193302,0
193303,0
193304,0
193305,30
193306,0
193307,0
193308,0
193309,26
193310,0
193311,0
193312,0
193313,34
193314,25
193315,0
193316,0
193317,0
193318,0
193319,29
193320,27
193321,0
193322,0
193323,0
193324,0
193325,0
193326,0
193327,0
193328,30
193329,33
193330,0
193331,0
193332,0
193333,12
193334,0
193335,24
193336,40
193337,49
193338,0
193339,0
193340,33
193341,35
193342,0
193343,48
193344,0
193345,20
193346,0
193347,0
193348,0
193349,0
193350,23
193351,0
193352,0
193353,0
193354,0
193355,0
193356,0
193357,0
193358,0
193359,30
193360,0
193361,64
193362,0
193363,24
193364,0
193365,0
193366,0
193367,0
193368,35
193369,19
193370,41
193371,0
193372,24
193373,0
193374,0
193375,0
193376,0
193377,0
193378,0
193379,0
193380,0
193381,0
193382,20
193383,0
193384,24
193385,0
193386,0
193387,16
193388,0
193389,25
193390,24
193391,0
193392,0
193393,19
193394,0
193395,25
193396,0
193397,0
193398,0
193399,34
193400,0
193401,23
193402,0
193403,0
193404,0
193405,24
193406,31
193407,29
193408,29
193409,0
193410,0
193411,0
193412,0
193413,19
193414,14
193415,21
193416,0
193417,0
193418,0
193419,0
193420,31
193421,22
193422,0
193423,0
193424,31
193425,25
193426,0
193427,0
193428,41
193429,0
193430,0
193431,0
193432,0
193433,0
193434,0
193435,0
193436,27
193437,0
193438,0
193439,0
193440,0
193441,56
193442,0
193443,0
193444,0
193445,0
193446,0
193447,0
193448,0
193449,0
193450,0
193451,0
193452,0
193453,0
193454,0
193455,36
193456,47
193457,0
193458,0
193459,0
193460,0
193461,0
193462,0
193463,0
193464,0
193465,0
193466,33
193467,0
193468,19
193469,0
193470,0
193471,0
193472,0
193473,0
193474,0
193475,0
193476,0
193477,0
193478,0
193479,21
193480,0
193481,38
193482,0
193483,0
193484,0
193485,33
193486,17
193487,34
193488,26
193489,0
193490,0
193491,30
193492,0
193493,0
193494,0
193495,19
193496,0
193497,0
193498,24
193499,17
193500,0
193501,37
193502,0
193503,0
193504,0
193505,0
193506,0
193507,0
193508,0
193509,13
193510,0
193511,30
193512,0
193513,0
193514,40
193515,26
193516,0
193517,0
193518,0
193519,17
193520,19
193521,0
193522,0
193523,0
193524,19
193525,21
193526,0
193527,0
193528,0
193529,0
193530,0
193531,0
193532,0
193533,0
193534,26
193535,0
193536,0
193537,0
193538,54
193539,0
193540,0
193541,33
193542,0
193543,0
193544,0
193545,0
193546,28
193547,0
193548,0
193549,0
193550,0
193551,30
193552,0
193553,14
193554,0
193555,0
193556,0
193557,0
193558,0
193559,29
193560,0
193561,28
193562,0
193563,43
193564,0
193565,0
193566,0
193567,0
193568,0
193569,0
193570,0
193571,0
193572,35
193573,0
193574,0
193575,0
193576,0
193577,0
193578,0
193579,28
193580,0
193581,0
193582,0
193583,0
193584,0
193585,0
193586,0
193587,0
193588,0
193589,0
193590,29
193591,16
193592,0
193593,28
193594,29
193595,23
193596,0
193597,0
193598,0
193599,0
193600,0
193601,0
193602,32
193603,0
193604,0
193605,0
193606,0
193607,0
193608,24
193609,0
193610,35
193611,0
193612,0
193613,0
193614,0
193615,0
193616,14
193617,0
193618,0
193619,0
193620,0
193621,20
193622,0
193623,27
193624,0
193625,0
193626,18
193627,0
193628,25
193629,32
193630,0
193631,0
193632,0
193633,27
193634,34
193635,30
193636,0
193637,28
193638,0
193639,19
193640,0
193641,0
193642,0
193643,0
193644,33
193645,0
193646,0
193647,34
193648,0
193649,0
193650,27
193651,34
193652,40
193653,35
193654,37
193655,36
193656,26
193657,0
193658,0
193659,30
193660,0
193661,33
193662,0
193663,25
193664,19
193665,0
193666,0
193667,0
193668,35
193669,0
193670,0
193671,0
193672,0
193673,0
193674,17
193675,28
193676,0
193677,0
193678,21
193679,51
193680,0
193681,35
193682,0
193683,0
193684,0
193685,0
193686,0
193687,0
193688,22
193689,0
193690,0
193691,0
193692,0
193693,0
193694,0
193695,0
193696,0
193697,0
193698,0
193699,0
193700,18
193701,0
193702,0
193703,35
193704,0
193705,18
193706,36
193707,23
193708,0
193709,0
193710,31
193711,0
193712,0
193713,0
193714,0
193715,0
193716,0
193717,19
193718,47
193719,0
193720,0
193721,0
193722,0
193723,0
193724,45
193725,0
193726,0
193727,0
193728,38
193729,0
193730,23
193731,0
193732,29
193733,0
193734,0
193735,21
193736,11
193737,0
193738,0
193739,0
193740,0
193741,0
193742,0
193743,0
193744,0
193745,0
193746,0
193747,0
193748,0
193749,0
193750,0
193751,0
193752,0
193753,0
193754,0
193755,0
193756,0
193757,0
193758,0
193759,0
193760,0
193761,26
193762,0
193763,0
193764,0
193765,0
193766,0
193767,24
193768,0
193769,23
193770,0
193771,0
193772,0
193773,0
193774,0
193775,0
193776,0
193777,0
193778,0
193779,0
193780,0
193781,14
193782,0
193783,0
193784,0
193785,0
193786,0
193787,15
193788,0
193789,0
193790,14
193791,0
193792,0
193793,0
193794,0
193795,0
193796,0
193797,0
193798,0
193799,0
193800,0
193801,0
193802,0
193803,0
193804,0
193805,0
193806,18
193807,0
193808,0
193809,0
193810,22
193811,0
193812,0
193813,0
193814,0
193815,0
193816,0
193817,0
193818,0
193819,0
193820,0
193821,0
193822,0
193823,0
193824,0
193825,0
193826,0
193827,0
193828,0
193829,0
193830,0
193831,0
193832,0
193833,17
193834,0
193835,0
193836,18
193837,0
193838,0
193839,22
193840,0
193841,0
193842,0
193843,0
193844,0
193845,0
193846,0
193847,0
193848,0
193849,0
193850,0
193851,0
193852,0
193853,0
193854,0
193855,0
193856,0
193857,0
193858,0
193859,0
193860,0
193861,0
193862,0
193863,0
193864,0
193865,0
193866,0
193867,0
193868,0
193869,0
193870,0
193871,0
193872,0
193873,0
193874,0
193875,0
193876,0
193877,26
193878,0
193879,0
193880,0
193881,18
193882,0
193883,0
193884,0
193885,0
193886,24
193887,23
193888,0
193889,0
193890,0
193891,0
193892,0
193893,0
193894,0
193895,0
193896,0
193897,0
193898,0
193899,0
193900,0
193901,0
193902,20
193903,0
193904,0
193905,0
193906,0
193907,0
193908,0
193909,0
193910,0
193911,0
193912,0
193913,0
193914,0
193915,0
193916,0
193917,0
193918,0
193919,0
193920,0
193921,0
193922,0
193923,0
193924,0
193925,0
193926,0
193927,0
193928,0
193929,0
193930,0
193931,0
193932,0
193933,0
193934,17
193935,0
193936,0
193937,17
193938,0
193939,0
193940,0
193941,0
193942,0
193943,0
193944,0
193945,0
193946,0
193947,0
193948,0
193949,0
193950,0
193951,0
193952,30
193953,0
193954,0
193955,18
193956,0
193957,0
193958,0
193959,0
193960,0
193961,0
193962,0
193963,16
193964,0
193965,22
193966,0
193967,0
193968,0
193969,0
193970,0
193971,0
193972,0
193973,0
193974,25
193975,0
193976,0
193977,0
193978,0
193979,0
193980,0
193981,0
193982,0
193983,0
193984,0
193985,0
193986,0
193987,0
193988,0
193989,0
193990,0
193991,0
193992,0
193993,0
193994,0
193995,0
193996,21
193997,0
193998,0
193999,0
194000,0
194001,0
194002,0
194003,0
194004,0
194005,0
194006,0
194007,0
194008,0
194009,0
194010,0
194011,0
194012,0
194013,0
194014,0
194015,0
194016,0
194017,0
194018,0
194019,17
194020,0
194021,0
194022,0
194023,0
194024,0
194025,0
194026,0
194027,0
194028,0
194029,0
194030,16
194031,0
194032,0
194033,0
194034,0
194035,0
194036,0
194037,0
194038,0
194039,0
194040,0
194041,0
194042,0
194043,0
194044,0
194045,0
194046,0
194047,0
194048,0
194049,0
194050,0
194051,0
194052,20
194053,0
194054,20
194055,0
194056,0
194057,0
194058,0
194059,0
194060,0
194061,0
194062,0
194063,0
194064,0
194065,0
194066,0
194067,0
194068,0
194069,0
194070,0
194071,0
194072,0
194073,0
194074,0
194075,0
194076,0
194077,0
194078,0
194079,0
194080,0
194081,13
194082,0
194083,0
194084,0
194085,0
194086,0
194087,0
194088,0
194089,0
194090,0
194091,0
194092,0
194093,14
194094,0
194095,0
194096,0
194097,21
194098,0
194099,0
194100,0
194101,0
194102,0
194103,0
194104,0
194105,0
194106,0
194107,0
194108,0
194109,0
194110,22
194111,0
194112,0
194113,0
194114,0
194115,0
194116,0
194117,10
194118,0
194119,0
194120,0
194121,0
194122,0
194123,0
194124,0
194125,0
194126,0
194127,0
194128,0
194129,0
194130,0
194131,0
194132,0
194133,0
194134,0
194135,0
194136,0
194137,0
194138,0
194139,0
194140,0
194141,0
194142,12
194143,0
194144,0
194145,0
194146,0
194147,0
194148,0
194149,0
194150,0
194151,0
194152,0
194153,0
194154,0
194155,0
194156,0
194157,0
194158,0
194159,0
194160,0
194161,0
194162,0
194163,0
194164,0
194165,0
194166,0
194167,0
194168,0
194169,0
194170,0
194171,21
194172,0
194173,0
194174,0
194175,0
194176,0
194177,0
194178,0
194179,0
194180,0
194181,0
194182,0
194183,0
194184,0
194185,0
194186,0
194187,0
194188,0
194189,0
194190,0
194191,0
194192,0
194193,0
194194,0
194195,0
194196,0
194197,0
194198,0
194199,0
194200,0
194201,0
194202,0
194203,0
194204,0
194205,0
194206,0
194207,0
194208,0
194209,0
194210,0
194211,16
194212,0
194213,0
194214,0
194215,0
194216,0
194217,0
194218,0
194219,0
194220,0
194221,0
194222,0
194223,0
194224,0
194225,0
194226,0
194227,0
194228,24
194229,0
194230,0
194231,0
194232,0
194233,0
194234,0
194235,0
194236,0
194237,16
194238,0
194239,0
194240,0
194241,0
194242,0
194243,18
194244,0
194245,0
194246,0
194247,0
194248,0
194249,0
194250,0
194251,0
194252,0
194253,0
194254,0
194255,0
194256,0
194257,24
194258,0
194259,0
194260,0
194261,0
194262,0
194263,0
194264,0
194265,0
194266,12
194267,0
194268,0
194269,0
194270,19
194271,0
194272,0
194273,0
194274,0
194275,0
194276,0
194277,0
194278,0
194279,0
194280,0
194281,0
194282,26
194283,0
194284,0
194285,0
194286,0
194287,17
194288,22
194289,0
194290,0
194291,0
194292,0
194293,0
194294,0
194295,0
194296,0
194297,0
194298,0
194299,0
194300,0
194301,0
194302,0
194303,0
194304,0
194305,0
194306,0
194307,0
194308,0
194309,0
194310,0
194311,0
194312,0
194313,0
194314,0
194315,0
194316,0
194317,0
194318,0
194319,0
194320,0
194321,0
194322,0
194323,22
194324,0
194325,0
194326,0
194327,0
194328,0
194329,0
194330,0
194331,0
194332,0
194333,0
194334,18
194335,0
194336,0
194337,0
194338,0
194339,0
194340,0
194341,0
194342,0
194343,0
194344,0
194345,0
194346,0
194347,0
194348,0
194349,0
194350,0
194351,0
194352,0
194353,0
194354,0
194355,0
194356,0
194357,0
194358,0
194359,0
194360,0
194361,0
194362,0
194363,0
194364,0
194365,0
194366,0
194367,0
194368,0
194369,0
194370,19
194371,25
194372,0
194373,0
194374,0
194375,0
194376,0
194377,0
194378,33
194379,0
194380,0
194381,0
194382,37
194383,21
194384,0
194385,27
194386,0
194387,0
194388,0
194389,0
194390,0
194391,0
194392,0
194393,0
194394,28
194395,0
194396,26
194397,25
194398,0
194399,10
194400,0
194401,0
194402,0
194403,0
194404,0
194405,26
194406,0
194407,0
194408,24
194409,0
194410,0
194411,26
194412,24
194413,16
194414,0
194415,0
194416,0
194417,0
194418,0
194419,0
194420,0
194421,0
194422,25
194423,0
194424,0
194425,22
194426,0
194427,0
194428,0
194429,0
194430,0
194431,0
194432,34
194433,0
194434,39
194435,0
194436,0
194437,0
194438,0
194439,0
194440,0
194441,0
194442,0
194443,0
194444,0
194445,0
194446,0
194447,0
194448,0
194449,0
194450,32
194451,37
194452,0
194453,21
194454,0
194455,0
194456,0
194457,0
194458,0
194459,30
194460,0
194461,0
194462,27
194463,0
194464,34
194465,0
194466,0
194467,28
194468,0
194469,0
194470,0
194471,0
194472,0
194473,29
194474,0
194475,0
194476,0
194477,0
194478,0
194479,29
194480,0
194481,0
194482,0
194483,0
194484,0
194485,0
194486,30
194487,21
194488,0
194489,0
194490,0
194491,0
194492,22
194493,0
194494,0
194495,30
194496,0
194497,0
194498,0
194499,0
194500,0
194501,0
194502,0
194503,0
194504,0
194505,32
194506,0
194507,21
194508,31
194509,0
194510,0
194511,0
194512,0
194513,0
194514,0
194515,0
194516,24
194517,32
194518,0
194519,0
194520,0
194521,0
194522,0
194523,0
194524,0
194525,21
194526,0
194527,17
194528,0
194529,0
194530,0
194531,0
194532,0
194533,20
194534,0
194535,0
194536,0
194537,0
194538,0
194539,0
194540,34
194541,0
194542,24
194543,0
194544,0
194545,0
194546,13
194547,0
194548,23
194549,0
194550,0
194551,0
194552,0
194553,0
194554,0
194555,0
194556,0
194557,0
194558,0
194559,0
194560,25
194561,0
194562,0
194563,0
194564,0
194565,0
194566,0
194567,0
194568,0
194569,0
194570,0
194571,0
194572,0
194573,0
194574,0
194575,0
194576,0
194577,0
194578,0
194579,30
194580,0
194581,0
194582,0
194583,0
194584,0
194585,0
194586,0
194587,0
194588,21
194589,0
194590,0
194591,37
194592,0
194593,0
194594,0
194595,0
194596,0
194597,0
194598,0
194599,0
194600,31
194601,0
194602,0
194603,0
194604,0
194605,0
194606,0
194607,22
194608,0
194609,0
194610,0
194611,0
194612,21
194613,0
194614,0
194615,26
194616,0
194617,0
194618,0
194619,0
194620,0
194621,0
194622,31
194623,35
194624,0
194625,0
194626,0
194627,26
194628,0
194629,29
194630,0
194631,0
194632,0
194633,0
194634,0
194635,0
194636,0
194637,0
194638,0
194639,0
194640,23
194641,0
194642,33
194643,0
194644,0
194645,0
194646,0
194647,33
194648,0
194649,0
194650,0
194651,0
194652,30
194653,0
194654,0
194655,0
194656,0
194657,0
194658,45
194659,0
194660,0
194661,0
194662,0
194663,20
194664,29
194665,0
194666,0
194667,0
194668,0
194669,0
194670,0
194671,0
194672,0
194673,35
194674,0
194675,0
194676,24
194677,0
194678,0
194679,0
194680,36
194681,0
194682,0
194683,0
194684,0
194685,0
194686,0
194687,0
194688,0
194689,29
194690,0
194691,0
194692,0
194693,0
194694,0
194695,0
194696,15
194697,0
194698,13
194699,35
194700,0
194701,0
194702,0
194703,24
194704,0
194705,0
194706,0
194707,46
194708,0
194709,0
194710,21
194711,0
194712,0
194713,0
194714,0
194715,0
194716,0
194717,0
194718,26
194719,0
194720,0
194721,0
194722,37
194723,0
194724,0
194725,15
194726,0
194727,0
194728,0
194729,0
194730,0
194731,0
194732,0
194733,0
194734,0
194735,0
194736,44
194737,0
194738,0
194739,0
194740,0
194741,0
194742,0
194743,15
194744,0
194745,0
194746,0
194747,0
194748,33
194749,0
194750,0
194751,0
194752,0
194753,0
194754,0
194755,0
194756,0
194757,0
194758,0
194759,0
194760,0
194761,39
194762,0
194763,46
194764,0
194765,0
194766,0
194767,0
194768,0
194769,0
194770,0
194771,0
194772,0
194773,0
194774,0
194775,48
194776,0
194777,0
194778,0
194779,0
194780,25
194781,37
194782,0
194783,0
194784,27
194785,21
194786,50
194787,0
194788,0
194789,0
194790,0
194791,0
194792,0
194793,0
194794,30
194795,0
194796,0
194797,0
194798,0
194799,35
194800,0
194801,0
194802,0
194803,0
194804,0
194805,0
194806,18
194807,0
194808,0
194809,0
194810,0
194811,23
194812,0
194813,0
194814,0
194815,0
194816,29
194817,23
194818,45
194819,24
194820,0
194821,0
194822,38
194823,28
194824,0
194825,25
194826,0
194827,22
194828,0
194829,0
194830,0
194831,0
194832,0
194833,0
194834,0
194835,0
194836,0
194837,0
194838,0
194839,18
194840,0
194841,0
194842,0
194843,0
194844,32
194845,0
194846,0
194847,0
194848,0
194849,0
194850,0
194851,22
194852,0
194853,0
194854,0
194855,0
194856,0
194857,0
194858,0
194859,0
194860,0
194861,0
194862,0
194863,0
194864,16
194865,0
194866,0
194867,0
194868,25
194869,0
194870,0
194871,29
194872,41
194873,0
194874,0
194875,36
194876,0
194877,0
194878,0
194879,0
194880,0
194881,0
194882,0
194883,0
194884,0
194885,0
194886,0
194887,0
194888,0
194889,26
194890,0
194891,0
194892,20
194893,0
194894,24
194895,0
194896,39
194897,0
194898,26
194899,0
194900,0
194901,0
194902,0
194903,0
194904,0
194905,0
194906,0
194907,0
194908,0
194909,32
194910,0
194911,0
194912,0
194913,0
194914,0
194915,0
194916,0
194917,0
194918,0
194919,0
194920,0
194921,0
194922,0
194923,0
194924,0
194925,0
194926,23
194927,0
194928,0
194929,0
194930,0
194931,0
194932,0
194933,0
194934,0
194935,0
194936,31
194937,0
194938,0
194939,0
194940,26
194941,29
194942,0
194943,0
194944,0
194945,27
194946,0
194947,0
194948,0
194949,0
194950,0
194951,0
194952,0
194953,15
194954,0
194955,0
194956,0
194957,0
194958,0
194959,42
194960,24
194961,0
194962,0
194963,0
194964,0
194965,28
194966,0
194967,0
194968,26
194969,0
194970,28
194971,0
194972,0
194973,0
194974,0
194975,0
194976,0
194977,0
194978,0
194979,0
194980,0
194981,0
194982,0
194983,0
194984,0
194985,0
194986,0
194987,0
194988,0
194989,0
194990,0
194991,0
194992,30
194993,0
194994,0
194995,0
194996,18
194997,0
194998,0
194999,28
195000,0
195001,0
195002,0
195003,0
195004,0
195005,0
195006,0
195007,0
195008,0
195009,18
195010,0
195011,0
195012,0
195013,0
195014,0
195015,0
195016,0
195017,11
195018,0
195019,0
195020,0
195021,0
195022,0
195023,0
195024,0
195025,0
195026,0
195027,0
195028,0
195029,0
195030,0
195031,0
195032,0
195033,14
195034,0
195035,0
195036,28
195037,0
195038,0
195039,0
195040,19
195041,0
195042,0
195043,0
195044,0
195045,0
195046,0
195047,0
195048,0
195049,0
195050,13
195051,0
195052,0
195053,0
195054,0
195055,26
195056,0
195057,0
195058,0
195059,0
195060,21
195061,0
195062,22
195063,0
195064,0
195065,0
195066,0
195067,0
195068,0
195069,0
195070,0
195071,18
195072,0
195073,0
195074,0
195075,0
195076,0
195077,0
195078,0
195079,0
195080,0
195081,0
195082,0
195083,0
195084,0
195085,0
195086,0
195087,0
195088,0
195089,15
195090,0
195091,0
195092,0
195093,0
195094,0
195095,0
195096,10
195097,0
195098,12
195099,0
195100,0
195101,0
195102,0
195103,0
195104,0
195105,0
195106,0
195107,0
195108,0
195109,0
195110,0
195111,0
195112,0
195113,23
195114,0
195115,0
195116,0
195117,0
195118,0
195119,0
195120,0
195121,32
195122,0
195123,0
195124,0
195125,0
195126,0
195127,0
195128,0
195129,0
195130,0
195131,0
195132,0
195133,0
195134,0
195135,0
195136,0
195137,0
195138,0
195139,21
195140,0
195141,0
195142,0
195143,0
195144,22
195145,0
195146,16
195147,0
195148,0
195149,0
195150,0
195151,0
195152,0
195153,0
195154,0
195155,0
195156,0
195157,0
195158,0
195159,0
195160,0
195161,0
195162,0
195163,0
195164,0
195165,0
195166,0
195167,0
195168,13
195169,0
195170,0
195171,0
195172,0
195173,0
195174,0
195175,0
195176,0
195177,0
195178,0
195179,0
195180,0
195181,0
195182,0
195183,0
195184,0
195185,20
195186,0
195187,0
195188,0
195189,0
195190,0
195191,25
195192,14
195193,23
195194,11
195195,0
195196,0
195197,0
195198,0
195199,0
195200,0
195201,0
195202,0
195203,0
195204,0
195205,15
195206,0
195207,0
195208,0
195209,0
195210,0
195211,0
195212,19
195213,0
195214,0
195215,0
195216,0
195217,0
195218,0
195219,0
195220,0
195221,0
195222,0
195223,0
195224,22
195225,0
195226,0
195227,0
195228,0
195229,0
195230,0
195231,0
195232,0
195233,0
195234,0
195235,0
195236,0
195237,0
195238,18
195239,0
195240,0
195241,0
195242,0
195243,0
195244,21
195245,0
195246,0
195247,0
195248,0
195249,0
195250,20
195251,0
195252,0
195253,0
195254,0
195255,0
195256,0
195257,0
195258,0
195259,14
195260,0
195261,0
195262,0
195263,20
195264,0
195265,0
195266,0
195267,0
195268,23
195269,0
195270,0
195271,13
195272,18
195273,0
195274,10
195275,0
195276,0
195277,0
195278,0
195279,0
195280,0
195281,0
195282,23
195283,0
195284,0
195285,0
195286,0
195287,0
195288,0
195289,0
195290,15
195291,0
195292,0
195293,0
195294,30
195295,0
195296,0
195297,0
195298,0
195299,0
195300,0
195301,0
195302,0
195303,0
195304,0
195305,0
195306,0
195307,22
195308,10
195309,0
195310,0
195311,0
195312,0
195313,23
195314,0
195315,0
195316,0
195317,0
195318,0
195319,23
195320,0
195321,0
195322,0
195323,0
195324,0
195325,0
195326,0
195327,0
195328,0
195329,15
195330,0
195331,7
195332,0
195333,26
195334,0
195335,0
195336,0
195337,0
195338,0
195339,0
195340,0
195341,0
195342,0
195343,27
195344,0
195345,0
195346,0
195347,0
195348,0
195349,0
195350,0
195351,0
195352,26
195353,0
195354,16
195355,0
195356,0
195357,0
195358,0
195359,0
195360,25
195361,0
195362,0
195363,17
195364,0
195365,0
195366,0
195367,0
195368,16
195369,25
195370,0
195371,0
195372,0
195373,21
195374,0
195375,0
195376,23
195377,0
195378,0
195379,25
195380,0
195381,0
195382,0
195383,22
195384,0
195385,0
195386,0
195387,0
195388,0
195389,0
195390,0
195391,0
195392,0
195393,0
195394,0
195395,0
195396,0
195397,0
195398,0
195399,0
195400,0
195401,0
195402,0
195403,0
195404,0
195405,0
195406,0
195407,0
195408,0
195409,27
195410,15
195411,22
195412,0
195413,0
195414,0
195415,0
195416,13
195417,0
195418,0
195419,17
195420,0
195421,0
195422,21
195423,0
195424,0
195425,0
195426,0
195427,0
195428,0
195429,19
195430,0
195431,0
195432,0
195433,0
195434,0
195435,0
195436,0
195437,0
195438,0
195439,0
195440,0
195441,0
195442,0
195443,0
195444,0
195445,11
195446,0
195447,0
195448,0
195449,0
195450,0
195451,0
195452,0
195453,0
195454,0
195455,0
195456,23
195457,0
195458,0
195459,0
195460,0
195461,0
195462,0
195463,0
195464,0
195465,12
195466,0
195467,17
195468,0
195469,0
195470,0
195471,0
195472,0
195473,0
195474,0
195475,0
195476,0
195477,0
195478,0
195479,0
195480,18
195481,0
195482,0
195483,0
195484,0
195485,0
195486,27
195487,0
195488,0
195489,0
195490,0
195491,0
195492,0
195493,0
195494,0
195495,0
195496,0
195497,0
195498,0
195499,0
195500,17
195501,0
195502,0
195503,0
195504,0
195505,0
195506,0
195507,15
195508,0
195509,0
195510,0
195511,0
195512,0
195513,0
195514,0
195515,0
195516,0
195517,0
195518,0
195519,0
195520,0
195521,0
195522,0
195523,0
195524,0
195525,0
195526,0
195527,0
195528,0
195529,0
195530,0
195531,12
195532,0
195533,0
195534,0
195535,20
195536,0
195537,0
195538,0
195539,0
195540,0
195541,0
195542,0
195543,0
195544,0
195545,0
195546,0
195547,0
195548,0
195549,0
195550,0
195551,19
195552,0
195553,0
195554,21
195555,0
195556,0
195557,0
195558,0
195559,0
195560,0
195561,0
195562,0
195563,15
195564,9
195565,0
195566,0
195567,0
195568,0
195569,0
195570,0
195571,0
195572,0
195573,0
195574,0
195575,16
195576,0
195577,16
195578,0
195579,0
195580,0
195581,0
195582,0
195583,0
195584,0
195585,0
195586,0
195587,0
195588,0
195589,17
195590,0
195591,0
195592,0
195593,0
195594,0
195595,0
195596,0
195597,25
195598,0
195599,31
195600,20
195601,0
195602,0
195603,0
195604,36
195605,0
195606,0
195607,25
195608,0
195609,21
195610,0
195611,0
195612,0
195613,0
195614,0
195615,0
195616,0
195617,0
195618,0
195619,0
195620,0
195621,0
195622,0
195623,0
195624,0
195625,0
195626,0
195627,0
195628,0
195629,0
195630,0
195631,0
195632,0
195633,0
195634,0
195635,0
195636,0
195637,0
195638,0
195639,0
195640,0
195641,0
195642,0
195643,0
195644,0
195645,0
195646,0
195647,0
195648,0
195649,0
195650,0
195651,0
195652,25
195653,0
195654,0
195655,0
195656,0
195657,0
195658,0
195659,0
195660,0
195661,0
195662,0
195663,0
195664,0
195665,0
195666,0
195667,0
195668,0
195669,0
195670,0
195671,0
195672,0
195673,0
195674,0
195675,0
195676,0
195677,0
195678,25
195679,0
195680,0
195681,0
195682,0
195683,0
195684,22
195685,23
195686,0
195687,0
195688,0
195689,0
195690,0
195691,0
195692,0
195693,0
195694,0
195695,0
195696,0
195697,0
195698,0
195699,20
195700,0
195701,0
195702,0
195703,0
195704,0
195705,0
195706,0
195707,0
195708,0
195709,0
195710,23
195711,0
195712,0
195713,0
195714,0
195715,0
195716,0
195717,0
195718,0
195719,0
195720,0
195721,0
195722,0
195723,0
195724,15
195725,0
195726,22
195727,0
195728,0
195729,25
195730,16
195731,0
195732,0
195733,0
195734,0
195735,0
195736,20
195737,18
195738,0
195739,7
195740,0
195741,0
195742,0
195743,15
195744,0
195745,0
195746,0
195747,0
195748,0
195749,0
195750,0
195751,0
195752,0
195753,24
195754,0
195755,0
195756,0
195757,0
195758,0
195759,0
195760,0
195761,18
195762,0
195763,0
195764,0
195765,0
195766,0
195767,16
195768,0
195769,0
195770,0
195771,0
195772,0
195773,0
195774,0
195775,0
195776,0
195777,0
195778,0
195779,25
195780,0
195781,0
195782,19
195783,0
195784,0
195785,28
195786,0
195787,0
195788,0
195789,0
195790,0
195791,0
195792,0
195793,0
195794,0
195795,23
195796,0
195797,14
195798,0
195799,0
195800,0
195801,25
195802,0
195803,35
195804,0
195805,0
195806,0
195807,0
195808,0
195809,0
195810,0
195811,0
195812,0
195813,0
195814,0
195815,0
195816,0
195817,9
195818,22
195819,0
195820,0
195821,0
195822,0
195823,0
195824,0
195825,0
195826,0
195827,0
195828,0
195829,0
195830,0
195831,0
195832,0
195833,0
195834,0
195835,0
195836,0
195837,0
195838,0
195839,0
195840,0
195841,0
195842,0
195843,0
195844,0
195845,22
195846,0
195847,0
195848,0
195849,0
195850,0
195851,24
195852,0
195853,0
195854,0
195855,0
195856,0
195857,0
195858,0
195859,0
195860,0
195861,0
195862,0
195863,25
195864,0
195865,0
195866,30
195867,0
195868,0
195869,0
195870,0
195871,23
195872,25
195873,0
195874,0
195875,0
195876,0
195877,0
195878,10
195879,0
195880,0
195881,24
195882,0
195883,0
195884,0
195885,0
195886,0
195887,0
195888,0
195889,0
195890,0
195891,0
195892,0
195893,0
195894,18
195895,0
195896,0
195897,0
195898,0
195899,0
195900,17
195901,0
195902,0
195903,0
195904,0
195905,15
195906,0
195907,0
195908,0
195909,0
195910,0
195911,0
195912,0
195913,0
195914,0
195915,0
195916,0
195917,0
195918,0
195919,0
195920,0
195921,0
195922,0
195923,0
195924,0
195925,0
195926,0
195927,0
195928,0
195929,0
195930,0
195931,0
195932,0
195933,0
195934,0
195935,0
195936,0
195937,18
195938,0
195939,17
195940,0
195941,0
195942,0
195943,0
195944,0
195945,0
195946,0
195947,0
195948,0
195949,0
195950,0
195951,0
195952,0
195953,0
195954,0
195955,0
195956,0
195957,20
195958,0
195959,0
195960,0
195961,0
195962,0
195963,0
195964,0
195965,27
195966,0
195967,0
195968,0
195969,0
195970,0
195971,0
195972,28
195973,0
195974,0
195975,5
195976,0
195977,0
195978,2
195979,0
195980,4
195981,0
195982,0
195983,0
195984,0
195985,0
195986,4
195987,2
195988,0
195989,5
195990,3
195991,0
195992,0
195993,0
195994,0
195995,0
195996,2
195997,0
195998,5
195999,3
196000,0
196001,0
196002,0
196003,4
196004,0
196005,0
196006,0
196007,0
196008,0
196009,0
196010,0
196011,0
196012,6
196013,0
196014,0
196015,0
196016,4
196017,6
196018,0
196019,0
196020,0
196021,3
196022,2
196023,1
196024,2
196025,3
196026,0
196027,0
196028,1
196029,0
196030,0
196031,0
196032,0
196033,0
196034,0
196035,0
196036,5
196037,0
196038,0
196039,0
196040,0
196041,0
196042,0
196043,0
196044,0
196045,0
196046,0
196047,0
196048,0
196049,0
196050,4
196051,2
196052,0
196053,2
196054,2
196055,5
196056,4
196057,0
196058,3
196059,0
196060,2
196061,2
196062,0
196063,6
196064,7
196065,0
196066,0
196067,0
196068,2
196069,3
196070,2
196071,0
196072,0
196073,0
196074,0
196075,0
196076,3
196077,0
196078,0
196079,0
196080,0
196081,1
196082,6
196083,0
196084,0
196085,0
196086,0
196087,0
196088,0
196089,1
196090,0
196091,2
196092,5
196093,4
196094,3
196095,3
196096,0
196097,4
196098,0
196099,6
196100,0
196101,8
196102,1
196103,6
196104,0
196105,0
196106,4
196107,0
196108,0
196109,0
196110,0
196111,0
196112,0
196113,0
196114,4
196115,0
196116,0
196117,0
196118,0
196119,0
196120,4
196121,0
196122,8
196123,0
196124,6
196125,0
196126,0
196127,5
196128,7
196129,4
196130,4
196131,0
196132,2
196133,0
196134,0
196135,5
196136,0
196137,0
196138,0
196139,2
196140,6
196141,0
196142,0
196143,0
196144,5
196145,1
196146,1
196147,7
196148,0
196149,0
196150,3
196151,0
196152,0
196153,0
196154,5
196155,0
196156,0
196157,0
196158,0
196159,0
196160,0
196161,0
196162,3
196163,0
196164,0
196165,0
196166,5
196167,0
196168,3
196169,0
196170,0
196171,0
196172,0
196173,0
196174,0
196175,0
196176,0
196177,0
196178,0
196179,2
196180,0
196181,0
196182,4
196183,3
196184,6
196185,0
196186,0
196187,0
196188,2
196189,0
196190,0
196191,0
196192,0
196193,0
196194,4
196195,6
196196,7
196197,0
196198,0
196199,0
196200,0
196201,0
196202,0
196203,2
196204,0
196205,0
196206,2
196207,0
196208,3
196209,0
196210,7
196211,0
196212,0
196213,0
196214,0
196215,0
196216,0
196217,0
196218,0
196219,0
196220,0
196221,2
196222,0
196223,0
196224,0
196225,0
196226,0
196227,5
196228,0
196229,4
196230,0
196231,0
196232,0
196233,0
196234,2
196235,0
196236,0
196237,0
196238,6
196239,2
196240,0
196241,0
196242,0
196243,0
196244,0
196245,0
196246,0
196247,0
196248,1
196249,0
196250,0
196251,0
196252,0
196253,0
196254,0
196255,0
196256,0
196257,0
196258,0
196259,0
196260,0
196261,17
196262,0
196263,20
196264,0
196265,0
196266,29
196267,0
196268,19
196269,0
196270,0
196271,0
196272,0
196273,0
196274,0
196275,8
196276,15
196277,0
196278,19
196279,0
196280,0
196281,18
196282,0
196283,0
196284,19
196285,0
196286,0
196287,0
196288,0
196289,0
196290,27
196291,27
196292,0
196293,20
196294,0
196295,0
196296,0
196297,0
196298,14
196299,0
196300,16
196301,0
196302,0
196303,32
196304,0
196305,0
196306,0
196307,24
196308,0
196309,0
196310,0
196311,21
196312,0
196313,0
196314,0
196315,0
196316,0
196317,0
196318,0
196319,0
196320,0
196321,0
196322,0
196323,15
196324,0
196325,0
196326,27
196327,27
196328,0
196329,0
196330,0
196331,0
196332,4
196333,0
196334,0
196335,0
196336,0
196337,0
196338,0
196339,0
196340,6
196341,2
196342,0
196343,2
196344,0
196345,0
196346,0
196347,0
196348,4
196349,0
196350,2
196351,4
196352,4
196353,0
196354,3
196355,5
196356,0
196357,0
196358,0
196359,0
196360,0
196361,0
196362,0
196363,0
196364,0
196365,0
196366,0
196367,3
196368,5
196369,3
196370,4
196371,1
196372,1
196373,0
196374,1
196375,4
196376,0
196377,0
196378,0
196379,0
196380,0
196381,0
196382,0
196383,0
196384,5
196385,4
196386,0
196387,0
196388,0
196389,0
196390,0
196391,0
196392,0
196393,0
196394,1
196395,0
196396,0
196397,2
196398,0
196399,0
196400,0
196401,0
196402,0
196403,0
196404,0
196405,0
196406,0
196407,0
196408,1
196409,7
196410,0
196411,0
196412,0
196413,3
196414,0
196415,4
196416,0
196417,5
196418,0
196419,0
196420,0
196421,0
196422,0
196423,0
196424,3
196425,2
196426,3
196427,3
196428,0
196429,0
196430,0
196431,0
196432,0
196433,0
196434,2
196435,0
196436,0
196437,0
196438,5
196439,0
196440,2
196441,0
196442,0
196443,0
196444,5
196445,0
196446,0
196447,1
196448,0
196449,3
196450,5
196451,2
196452,2
196453,0
196454,0
196455,0
196456,0
196457,0
196458,0
196459,4
196460,0
196461,0
196462,0
196463,0
196464,0
196465,0
196466,0
196467,0
196468,0
196469,0
196470,0
196471,0
196472,3
196473,0
196474,0
196475,0
196476,7
196477,3
196478,1
196479,0
196480,0
196481,0
196482,3
196483,0
196484,4
196485,0
196486,0
196487,0
196488,0
196489,0
196490,2
196491,0
196492,3
196493,0
196494,4
196495,0
196496,0
196497,0
196498,0
196499,0
196500,0
196501,0
196502,0
196503,0
196504,0
196505,0
196506,0
196507,0
196508,0
196509,0
196510,0
196511,0
196512,0
196513,0
196514,0
196515,0
196516,0
196517,0
196518,6
196519,0
196520,0
196521,1
196522,3
196523,0
196524,0
196525,0
196526,0
196527,2
196528,0
196529,0
196530,0
196531,0
196532,0
196533,0
196534,6
196535,0
196536,0
196537,0
196538,5
196539,0
196540,0
196541,5
196542,3
196543,0
196544,0
196545,0
196546,3
196547,0
196548,0
196549,0
196550,0
196551,0
196552,0
196553,2
196554,0
196555,0
196556,0
196557,0
196558,0
196559,0
196560,0
196561,0
196562,4
196563,0
196564,4
196565,0
196566,0
196567,0
196568,4
196569,0
196570,0
196571,0
196572,0
196573,0
196574,0
196575,0
196576,0
196577,5
196578,0
196579,3
196580,0
196581,0
196582,0
196583,0
196584,0
196585,0
196586,0
196587,1
196588,0
196589,0
196590,2
196591,0
196592,4
196593,0
196594,0
196595,0
196596,0
196597,1
196598,0
196599,0
196600,3
196601,0
196602,0
196603,0
196604,0
196605,0
196606,0
196607,0
196608,0
196609,0
196610,0
196611,0
196612,0
196613,0
196614,0
196615,0
196616,0
196617,0
196618,0
196619,0
196620,0
196621,0
196622,1
196623,0
196624,0
196625,0
196626,0
196627,0
196628,0
196629,0
196630,0
196631,0
196632,0
196633,0
196634,0
196635,0
196636,0
196637,0
196638,0
196639,0
196640,0
196641,0
196642,0
196643,0
196644,0
196645,0
196646,1
196647,0
196648,0
196649,0
196650,0
196651,0
196652,0
196653,0
196654,0
196655,0
196656,0
196657,0
196658,0
196659,0
196660,0
196661,0
196662,0
196663,0
196664,0
196665,0
196666,0
196667,0
196668,0
196669,0
196670,0
196671,0
196672,0
196673,0
196674,0
196675,0
196676,0
196677,0
196678,0
196679,0
196680,0
196681,0
196682,0
196683,0
196684,0
196685,0
196686,0
196687,0
196688,0
196689,0
196690,0
196691,0
196692,0
196693,0
196694,0
196695,0
196696,0
196697,0
196698,0
196699,0
196700,0
196701,0
196702,0
196703,0
196704,0
196705,0
196706,0
196707,0
196708,0
196709,0
196710,0
196711,0
196712,0
196713,0
196714,0
196715,0
196716,0
196717,0
196718,0
196719,0
196720,0
196721,0
196722,0
196723,0
196724,0
196725,0
196726,0
196727,0
196728,0
196729,0
196730,0
196731,0
196732,0
196733,0
196734,0
196735,0
196736,0
196737,0
196738,0
196739,0
196740,0
196741,1
196742,0
196743,0
196744,0
196745,0
196746,0
196747,0
196748,0
196749,0
196750,0
196751,0
196752,0
196753,0
196754,0
196755,0
196756,0
196757,0
196758,0
196759,0
196760,0
196761,0
196762,0
196763,0
196764,0
196765,0
196766,0
196767,0
196768,0
196769,0
196770,0
196771,0
196772,0
196773,0
196774,0
196775,0
196776,0
196777,0
196778,0
196779,0
196780,0
196781,0
196782,0
196783,0
196784,0
196785,0
196786,0
196787,0
196788,0
196789,0
196790,0
196791,0
196792,0
196793,0
196794,0
196795,0
196796,0
196797,0
196798,0
196799,0
196800,0
196801,0
196802,0
196803,0
196804,0
196805,0
196806,0
196807,0
196808,0
196809,0
196810,0
196811,0
196812,0
196813,0
196814,0
196815,0
196816,0
196817,0
196818,0
196819,0
196820,0
196821,0
196822,0
196823,0
196824,0
196825,0
196826,0
196827,0
196828,0
196829,0
196830,0
196831,0
196832,0
196833,0
196834,0
196835,0
196836,0
196837,0
196838,0
196839,0
196840,0
196841,0
196842,0
196843,0
196844,0
196845,0
196846,0
196847,0
196848,0
196849,0
196850,0
196851,0
196852,0
196853,0
196854,0
196855,0
196856,0
196857,0
196858,0
196859,0
196860,0
196861,0
196862,0
196863,0
196864,0
196865,0
196866,0
196867,0
196868,0
196869,0
196870,0
196871,0
196872,0
196873,0
196874,0
196875,0
196876,0
196877,0
196878,0
196879,0
196880,0
196881,0
196882,0
196883,0
196884,0
196885,0
196886,0
196887,0
196888,0
196889,0
196890,0
196891,0
196892,0
196893,0
196894,0
196895,0
196896,0
196897,0
196898,0
196899,0
196900,0
196901,0
196902,0
196903,0
196904,0
196905,0
196906,0
196907,0
196908,0
196909,0
196910,0
196911,0
196912,0
196913,0
196914,0
196915,0
196916,0
196917,0
196918,0
196919,0
196920,0
196921,0
196922,0
196923,0
196924,0
196925,0
196926,0
196927,0
196928,0
196929,0
196930,0
196931,0
196932,0
196933,0
196934,0
196935,0
196936,0
196937,0
196938,0
196939,0
196940,0
196941,0
196942,0
196943,0
196944,0
196945,0
196946,0
196947,0
196948,0
196949,0
196950,0
196951,0
196952,0
196953,0
196954,0
196955,0
196956,0
196957,0
196958,0
196959,0
196960,0
196961,0
196962,0
196963,0
196964,0
196965,0
196966,0
196967,0
196968,0
196969,0
196970,0
196971,0
196972,0
196973,0
196974,0
196975,0
196976,0
196977,0
196978,0
196979,0
196980,0
196981,0
196982,0
196983,0
196984,0
196985,0
196986,0
196987,0
196988,0
196989,0
196990,0
196991,0
196992,0
196993,0
196994,0
196995,0
196996,0
196997,0
196998,0
196999,0
197000,0
197001,0
197002,0
197003,0
197004,0
197005,0
197006,0
197007,0
197008,1
197009,0
197010,0
197011,0
197012,0
197013,0
197014,0
197015,0
197016,0
197017,0
197018,0
197019,0
197020,0
197021,0
197022,0
197023,0
197024,0
197025,0
197026,0
197027,0
197028,0
197029,0
197030,0
197031,0
197032,0
197033,0
197034,0
197035,0
197036,0
197037,0
197038,0
197039,0
197040,0
197041,0
197042,0
197043,0
197044,0
197045,0
197046,0
197047,0
197048,0
197049,0
197050,0
197051,0
197052,0
197053,0
197054,0
197055,0
197056,0
197057,0
197058,0
197059,0
197060,0
197061,0
197062,0
197063,0
197064,0
197065,0
197066,0
197067,0
197068,0
197069,0
197070,0
197071,0
197072,0
197073,0
197074,0
197075,0
197076,0
197077,0
197078,0
197079,0
197080,0
197081,0
197082,0
197083,0
197084,0
197085,0
197086,0
197087,0
197088,0
197089,0
197090,0
197091,0
197092,0
197093,0
197094,0
197095,0
197096,0
197097,0
197098,0
197099,0
197100,0
197101,0
197102,0
197103,24
197104,0
197105,0
197106,0
197107,0
197108,0
197109,27
197110,0
197111,0
197112,0
197113,0
197114,0
197115,21
197116,28
197117,21
197118,0
197119,0
197120,0
197121,0
197122,0
197123,25
197124,0
197125,0
197126,0
197127,0
197128,0
197129,0
197130,0
197131,0
197132,20
197133,0
197134,0
197135,0
197136,0
197137,0
197138,0
197139,0
197140,0
197141,0
197142,0
197143,0
197144,0
197145,0
197146,0
197147,0
197148,0
197149,0
197150,17
197151,0
197152,0
197153,0
197154,0
197155,0
197156,0
197157,0
197158,0
197159,30
197160,0
197161,0
197162,0
197163,37
197164,0
197165,33
197166,32
197167,0
197168,0
197169,0
197170,0
197171,0
197172,29
197173,38
197174,0
197175,17
197176,15
197177,0
197178,0
197179,29
197180,0
197181,0
197182,0
197183,0
197184,0
197185,0
197186,0
197187,0
197188,0
197189,0
197190,0
197191,0
197192,0
197193,27
197194,0
197195,0
197196,0
197197,0
197198,25
197199,17
197200,20
197201,16
197202,0
197203,0
197204,25
197205,25
197206,0
197207,0
197208,0
197209,0
197210,0
197211,0
197212,0
197213,0
197214,24
197215,0
197216,0
197217,0
197218,0
197219,0
197220,0
197221,0
197222,0
197223,0
197224,0
197225,0
197226,0
197227,35
197228,0
197229,0
197230,0
197231,0
197232,0
197233,10
197234,0
197235,0
197236,0
197237,0
197238,0
197239,25
197240,0
197241,24
197242,0
197243,0
197244,0
197245,19
197246,0
197247,0
197248,0
197249,0
197250,0
197251,0
197252,0
197253,0
197254,0
197255,0
197256,28
197257,15
197258,14
197259,0
197260,0
197261,0
197262,0
197263,0
197264,0
197265,0
197266,0
197267,22
197268,31
197269,0
197270,0
197271,0
197272,0
197273,0
197274,0
197275,10
197276,0
197277,0
197278,0
197279,0
197280,36
197281,0
197282,0
197283,0
197284,0
197285,0
197286,0
197287,0
197288,0
197289,0
197290,0
197291,0
197292,0
197293,0
197294,0
197295,0
197296,0
197297,0
197298,23
197299,0
197300,0
197301,0
197302,0
197303,26
197304,0
197305,0
197306,0
197307,0
197308,0
197309,0
197310,0
197311,0
197312,0
197313,0
197314,0
197315,0
197316,24
197317,0
197318,0
197319,0
197320,0
197321,36
197322,0
197323,0
197324,0
197325,0
197326,0
197327,0
197328,0
197329,0
197330,0
197331,20
197332,0
197333,31
197334,0
197335,0
197336,0
197337,0
197338,0
197339,0
197340,0
197341,29
197342,0
197343,0
197344,18
197345,0
197346,0
197347,0
197348,0
197349,0
197350,0
197351,0
197352,0
197353,0
197354,0
197355,0
197356,0
197357,0
197358,0
197359,0
197360,0
197361,0
197362,26
197363,0
197364,0
197365,0
197366,0
197367,0
197368,0
197369,22
197370,0
197371,0
197372,0
197373,0
197374,0
197375,0
197376,0
197377,0
197378,0
197379,0
197380,0
197381,21
197382,0
197383,0
197384,0
197385,24
197386,0
197387,0
197388,0
197389,0
197390,46
197391,0
197392,0
197393,0
197394,27
197395,22
197396,0
197397,0
197398,0
197399,0
197400,0
197401,28
197402,0
197403,27
197404,0
197405,0
197406,0
197407,0
197408,28
197409,0
197410,26
197411,0
197412,0
197413,0
197414,0
197415,0
197416,0
197417,0
197418,0
197419,0
197420,24
197421,0
197422,38
197423,0
197424,0
197425,0
197426,0
197427,0
197428,18
197429,0
197430,0
197431,0
197432,0
197433,0
197434,0
197435,0
197436,0
197437,0
197438,0
197439,0
197440,0
197441,28
197442,0
197443,0
197444,0
197445,0
197446,19
197447,0
197448,0
197449,0
197450,0
197451,0
197452,0
197453,0
197454,0
197455,0
197456,0
197457,40
197458,21
197459,0
197460,0
197461,0
197462,0
197463,0
197464,19
197465,0
197466,0
197467,0
197468,0
197469,0
197470,0
197471,0
197472,0
197473,0
197474,0
197475,0
197476,32
197477,30
197478,0
197479,0
197480,16
197481,0
197482,0
197483,31
197484,0
197485,0
197486,28
197487,0
197488,0
197489,0
197490,0
197491,18
197492,0
197493,0
197494,0
197495,0
197496,0
197497,0
197498,34
197499,0
197500,25
197501,0
197502,0
197503,18
197504,29
197505,0
197506,0
197507,29
197508,21
197509,21
197510,0
197511,0
197512,0
197513,30
197514,18
197515,0
197516,0
197517,0
197518,0
197519,0
197520,0
197521,0
197522,0
197523,0
197524,0
197525,0
197526,23
197527,20
197528,0
197529,0
197530,35
197531,0
197532,27
197533,0
197534,30
197535,0
197536,0
197537,0
197538,0
197539,0
197540,0
197541,0
197542,0
197543,0
197544,0
197545,0
197546,0
197547,0
197548,0
197549,27
197550,0
197551,0
197552,0
197553,0
197554,0
197555,0
197556,0
197557,0
197558,0
197559,0
197560,0
197561,0
197562,0
197563,0
197564,0
197565,0
197566,0
197567,0
197568,0
197569,0
197570,0
197571,0
197572,0
197573,0
197574,0
197575,29
197576,0
197577,0
197578,0
197579,0
197580,33
197581,0
197582,26
197583,0
197584,0
197585,0
197586,0
197587,0
197588,0
197589,31
197590,0
197591,0
197592,0
197593,0
197594,0
197595,0
197596,0
197597,0
197598,0
197599,0
197600,0
197601,13
197602,0
197603,0
197604,0
197605,24
197606,0
197607,0
197608,26
197609,0
197610,0
197611,0
197612,0
197613,0
197614,0
197615,0
197616,0
197617,0
197618,0
197619,0
197620,0
197621,0
197622,0
197623,0
197624,0
197625,0
197626,0
197627,0
197628,0
197629,22
197630,0
197631,32
197632,0
197633,24
197634,27
197635,0
197636,23
197637,0
197638,0
197639,0
197640,19
197641,0
197642,0
197643,0
197644,0
197645,0
197646,0
197647,0
197648,0
197649,0
197650,0
197651,0
197652,0
197653,0
197654,0
197655,0
197656,0
197657,23
197658,0
197659,0
197660,0
197661,0
197662,0
197663,0
197664,0
197665,0
197666,0
197667,0
197668,0
197669,0
197670,0
197671,0
197672,22
197673,0
197674,0
197675,0
197676,39
197677,0
197678,0
197679,0
197680,21
197681,0
197682,0
197683,0
197684,22
197685,19
197686,0
197687,0
197688,0
197689,17
197690,0
197691,0
197692,25
197693,0
197694,0
197695,0
197696,0
197697,0
197698,0
197699,0
197700,0
197701,0
197702,0
197703,0
197704,0
197705,0
197706,0
197707,39
197708,0
197709,19
197710,0
197711,0
197712,23
197713,0
197714,0
197715,0
197716,0
197717,24
197718,0
197719,0
197720,0
197721,0
197722,21
197723,0
197724,0
197725,0
197726,0
197727,0
197728,0
197729,22
197730,18
197731,0
197732,0
197733,0
197734,0
197735,0
197736,0
197737,0
197738,0
197739,0
197740,0
197741,13
197742,0
197743,19
197744,0
197745,0
197746,0
197747,0
197748,0
197749,14
197750,0
197751,0
197752,0
197753,0
197754,0
197755,0
197756,14
197757,15
197758,25
197759,0
197760,14
197761,0
197762,14
197763,0
197764,0
197765,0
197766,18
197767,0
197768,0
197769,8
197770,0
197771,0
197772,0
197773,0
197774,0
197775,0
197776,0
197777,0
197778,0
197779,11
197780,0
197781,0
197782,0
197783,0
197784,19
197785,0
197786,17
197787,0
197788,0
197789,0
197790,0
197791,0
197792,0
197793,11
197794,0
197795,0
197796,0
197797,0
197798,0
197799,0
197800,0
197801,0
197802,0
197803,0
197804,0
197805,0
197806,0
197807,0
197808,0
197809,0
197810,0
197811,18
197812,0
197813,0
197814,0
197815,0
197816,0
197817,0
197818,0
197819,0
197820,0
197821,0
197822,0
197823,0
197824,0
197825,0
197826,0
197827,16
197828,0
197829,0
197830,0
197831,0
197832,0
197833,0
197834,16
197835,22
197836,0
197837,0
197838,0
197839,0
197840,0
197841,17
197842,0
197843,0
197844,0
197845,0
197846,0
197847,0
197848,0
197849,0
197850,0
197851,0
197852,0
197853,0
197854,0
197855,0
197856,0
197857,0
197858,0
197859,0
197860,0
197861,0
197862,20
197863,0
197864,0
197865,0
197866,0
197867,0
197868,0
197869,0
197870,0
197871,0
197872,0
197873,0
197874,0
197875,0
197876,11
197877,0
197878,0
197879,0
197880,0
197881,0
197882,0
197883,0
197884,21
197885,0
197886,0
197887,0
197888,0
197889,0
197890,0
197891,0
197892,11
197893,0
197894,0
197895,0
197896,0
197897,0
197898,0
197899,0
197900,0
197901,0
197902,14
197903,12
197904,0
197905,26
197906,16
197907,19
197908,0
197909,0
197910,21
197911,0
197912,13
197913,0
197914,13
197915,0
197916,0
197917,0
197918,0
197919,0
197920,0
197921,0
197922,0
197923,0
197924,0
197925,0
197926,0
197927,14
197928,0
197929,0
197930,0
197931,19
197932,0
197933,0
197934,0
197935,0
197936,0
197937,0
197938,0
197939,17
197940,0
197941,0
197942,0
197943,0
197944,0
197945,13
197946,9
197947,0
197948,0
197949,0
197950,0
197951,0
197952,16
197953,0
197954,19
197955,0
197956,0
197957,0
197958,16
197959,0
197960,0
197961,0
197962,0
197963,0
197964,13
197965,0
197966,0
197967,0
197968,0
197969,0
197970,0
197971,0
197972,0
197973,0
197974,0
197975,0
197976,0
197977,0
197978,0
197979,0
197980,0
197981,0
197982,0
197983,8
197984,0
197985,18
197986,0
197987,0
197988,0
197989,0
197990,0
197991,0
197992,14
197993,15
197994,0
197995,0
197996,0
197997,0
197998,0
197999,0
198000,0
198001,0
198002,19
198003,0
198004,0
198005,0
198006,0
198007,0
198008,19
198009,0
198010,0
198011,0
198012,0
198013,0
198014,0
198015,11
198016,0
198017,0
198018,0
198019,0
198020,0
198021,0
198022,24
198023,0
198024,0
198025,0
198026,0
198027,0
198028,0
198029,0
198030,17
198031,16
198032,0
198033,18
198034,0
198035,0
198036,17
198037,16
198038,0
198039,16
198040,0
198041,0
198042,0
198043,0
198044,11
198045,0
198046,13
198047,0
198048,0
198049,21
198050,0
198051,0
198052,0
198053,0
198054,0
198055,10
198056,0
198057,16
198058,0
198059,0
198060,0
198061,10
198062,0
198063,15
198064,0
198065,0
198066,0
198067,0
198068,0
198069,11
198070,0
198071,0
198072,0
198073,16
198074,0
198075,0
198076,15
198077,0
198078,0
198079,0
198080,12
198081,11
198082,0
198083,0
198084,10
198085,0
198086,0
198087,12
198088,0
198089,11
198090,0
198091,0
198092,0
198093,0
198094,0
198095,0
198096,12
198097,0
198098,12
198099,0
198100,19
198101,0
198102,0
198103,0
198104,0
198105,0
198106,0
198107,0
198108,0
198109,0
198110,0
198111,0
198112,0
198113,0
198114,0
198115,0
198116,19
198117,0
198118,23
198119,0
198120,0
198121,16
198122,0
198123,0
198124,0
198125,0
198126,0
198127,0
198128,0
198129,0
198130,0
198131,0
198132,15
198133,0
198134,0
198135,0
198136,17
198137,0
198138,0
198139,11
198140,19
198141,0
198142,0
198143,0
198144,15
198145,17
198146,13
198147,0
198148,0
198149,0
198150,15
198151,21
198152,0
198153,0
198154,0
198155,8
198156,14
198157,0
198158,0
198159,0
198160,0
198161,0
198162,0
198163,0
198164,0
198165,0
198166,21
198167,0
198168,0
198169,13
198170,0
198171,0
198172,0
198173,0
198174,0
198175,20
198176,0
198177,0
198178,0
198179,0
198180,10
198181,0
198182,0
198183,0
198184,0
198185,0
198186,0
198187,0
198188,0
198189,0
198190,9
198191,0
198192,0
198193,0
198194,26
198195,17
198196,0
198197,12
198198,0
198199,22
198200,0
198201,0
198202,0
198203,0
198204,8
198205,0
198206,0
198207,0
198208,0
198209,0
198210,0
198211,0
198212,0
198213,0
198214,0
198215,0
198216,0
198217,0
198218,0
198219,0
198220,0
198221,0
198222,0
198223,0
198224,0
198225,0
198226,0
198227,0
198228,0
198229,0
198230,0
198231,0
198232,15
198233,15
198234,0
198235,0
198236,14
198237,0
198238,0
198239,0
198240,0
198241,0
198242,17
198243,0
198244,0
198245,19
198246,21
198247,0
198248,0
198249,0
198250,0
198251,0
198252,0
198253,0
198254,20
198255,0
198256,0
198257,0
198258,0
198259,0
198260,0
198261,0
198262,0
198263,13
198264,0
198265,0
198266,0
198267,0
198268,8
198269,19
198270,0
198271,0
198272,20
198273,0
198274,0
198275,0
198276,0
198277,19
198278,0
198279,0
198280,0
198281,0
198282,0
198283,19
198284,18
198285,0
198286,0
198287,0
198288,0
198289,0
198290,0
198291,0
198292,0
198293,0
198294,0
198295,0
198296,24
198297,11
198298,20
198299,0
198300,0
198301,0
198302,0
198303,0
198304,0
198305,0
198306,0
198307,11
198308,0
198309,0
198310,0
198311,0
198312,0
198313,0
198314,20
198315,0
198316,0
198317,0
198318,0
198319,0
198320,0
198321,0
198322,0
198323,0
198324,0
198325,0
198326,0
198327,20
198328,0
198329,17
198330,0
198331,0
198332,0
198333,0
198334,0
198335,0
198336,0
198337,20
198338,0
198339,0
198340,0
198341,0
198342,0
198343,0
198344,0
198345,0
198346,0
198347,0
198348,0
198349,0
198350,0
198351,0
198352,0
198353,0
198354,0
198355,0
198356,0
198357,0
198358,0
198359,0
198360,0
198361,0
198362,0
198363,17
198364,0
198365,0
198366,0
198367,0
198368,0
198369,0
198370,0
198371,0
198372,0
198373,0
198374,0
198375,21
198376,0
198377,0
198378,0
198379,0
198380,17
198381,0
198382,13
198383,0
198384,0
198385,16
198386,0
198387,0
198388,0
198389,0
198390,0
198391,0
198392,0
198393,0
198394,0
198395,0
198396,16
198397,0
198398,15
198399,0
198400,0
198401,0
198402,0
198403,0
198404,14
198405,10
198406,0
198407,0
198408,0
198409,12
198410,17
198411,0
198412,0
198413,0
198414,0
198415,0
198416,0
198417,0
198418,0
198419,0
198420,0
198421,0
198422,0
198423,0
198424,18
198425,0
198426,0
198427,16
198428,0
198429,0
198430,0
198431,0
198432,0
198433,0
198434,0
198435,0
198436,0
198437,0
198438,0
198439,0
198440,0
198441,19
198442,0
198443,0
198444,0
198445,0
198446,0
198447,0
198448,0
198449,0
198450,0
198451,0
198452,23
198453,0
198454,0
198455,0
198456,0
198457,0
198458,20
198459,0
198460,12
198461,0
198462,0
198463,17
198464,0
198465,0
198466,10
198467,22
198468,0
198469,16
198470,0
198471,0
198472,0
198473,0
198474,0
198475,0
198476,0
198477,0
198478,0
198479,0
198480,0
198481,0
198482,0
198483,0
198484,16
198485,8
198486,0
198487,0
198488,0
198489,0
198490,0
198491,0
198492,0
198493,22
198494,0
198495,0
198496,43
198497,0
198498,0
198499,0
198500,0
198501,0
198502,0
198503,29
198504,0
198505,22
198506,0
198507,0
198508,0
198509,0
198510,0
198511,0
198512,0
198513,0
198514,0
198515,0
198516,0
198517,0
198518,0
198519,0
198520,0
198521,0
198522,0
198523,32
198524,19
198525,0
198526,9
198527,20
198528,0
198529,0
198530,0
198531,0
198532,0
198533,0
198534,0
198535,0
198536,0
198537,0
198538,0
198539,0
198540,0
198541,0
198542,16
198543,0
198544,0
198545,0
198546,32
198547,0
198548,0
198549,0
198550,16
198551,0
198552,0
198553,0
198554,0
198555,0
198556,0
198557,0
198558,0
198559,0
198560,0
198561,0
198562,0
198563,24
198564,0
198565,0
198566,0
198567,0
198568,0
198569,20
198570,18
198571,0
198572,0
198573,0
198574,0
198575,0
198576,0
198577,0
198578,0
198579,11
198580,0
198581,0
198582,0
198583,0
198584,0
198585,0
198586,52
198587,0
198588,0
198589,0
198590,31
198591,0
198592,0
198593,0
198594,0
198595,0
198596,0
198597,0
198598,0
198599,0
198600,0
198601,0
198602,0
198603,0
198604,0
198605,0
198606,16
198607,36
198608,32
198609,0
198610,0
198611,0
198612,0
198613,0
198614,0
198615,0
198616,0
198617,0
198618,0
198619,0
198620,0
198621,18
198622,0
198623,0
198624,0
198625,0
198626,0
198627,36
198628,0
198629,0
198630,0
198631,0
198632,0
198633,33
198634,16
198635,0
198636,21
198637,0
198638,0
198639,0
198640,0
198641,0
198642,0
198643,0
198644,0
198645,0
198646,0
198647,0
198648,0
198649,0
198650,0
198651,0
198652,0
198653,0
198654,0
198655,0
198656,0
198657,0
198658,0
198659,0
198660,17
198661,0
198662,0
198663,0
198664,0
198665,0
198666,0
198667,0
198668,0
198669,0
198670,0
198671,0
198672,0
198673,0
198674,0
198675,15
198676,0
198677,14
198678,0
198679,0
198680,0
198681,0
198682,0
198683,22
198684,0
198685,0
198686,0
198687,0
198688,0
198689,0
198690,0
198691,0
198692,0
198693,16
198694,0
198695,0
198696,0
198697,0
198698,0
198699,0
198700,0
198701,0
198702,0
198703,0
198704,0
198705,0
198706,0
198707,0
198708,19
198709,0
198710,26
198711,0
198712,0
198713,0
198714,0
198715,0
198716,0
198717,0
198718,0
198719,0
198720,0
198721,0
198722,0
198723,0
198724,0
198725,0
198726,0
198727,0
198728,34
198729,17
198730,0
198731,0
198732,0
198733,0
198734,0
198735,0
198736,0
198737,0
198738,0
198739,0
198740,0
198741,0
198742,0
198743,0
198744,0
198745,0
198746,0
198747,0
198748,0
198749,0
198750,0
198751,0
198752,0
198753,0
198754,0
198755,0
198756,0
198757,0
198758,0
198759,0
198760,0
198761,0
198762,0
198763,17
198764,0
198765,0
198766,0
198767,0
198768,0
198769,0
198770,29
198771,16
198772,0
198773,28
198774,25
198775,0
198776,0
198777,0
198778,0
198779,16
198780,0
198781,0
198782,0
198783,0
198784,0
198785,0
198786,30
198787,0
198788,0
198789,0
198790,0
198791,0
198792,32
198793,0
198794,0
198795,0
198796,0
198797,0
198798,0
198799,24
198800,0
198801,0
198802,0
198803,0
198804,0
198805,0
198806,0
198807,0
198808,22
198809,0
198810,0
198811,0
198812,18
198813,0
198814,0
198815,0
198816,0
198817,28
198818,0
198819,0
198820,20
198821,15
198822,0
198823,0
198824,0
198825,0
198826,0
198827,0
198828,0
198829,0
198830,22
198831,0
198832,0
198833,0
198834,0
198835,0
198836,0
198837,0
198838,0
198839,0
198840,0
198841,0
198842,0
198843,0
198844,0
198845,0
198846,0
198847,0
198848,0
198849,0
198850,0
198851,0
198852,19
198853,0
198854,0
198855,0
198856,0
198857,32
198858,20
198859,42
198860,0
198861,0
198862,39
198863,20
198864,41
198865,0
198866,0
198867,0
198868,34
198869,17
198870,18
198871,33
198872,0
198873,0
198874,0
198875,34
198876,0
198877,0
198878,0
198879,0
198880,0
198881,0
198882,17
198883,0
198884,0
198885,0
198886,0
198887,0
198888,0
198889,0
198890,0
198891,0
198892,0
198893,0
198894,0
198895,0
198896,0
198897,0
198898,0
198899,0
198900,0
198901,0
198902,0
198903,0
198904,0
198905,0
198906,0
198907,0
198908,0
198909,0
198910,0
198911,0
198912,0
198913,0
198914,0
198915,0
198916,0
198917,0
198918,0
198919,0
198920,0
198921,0
198922,0
198923,0
198924,0
198925,0
198926,0
198927,0
198928,0
198929,0
198930,0
198931,0
198932,0
198933,0
198934,0
198935,0
198936,0
198937,0
198938,0
198939,0
198940,0
198941,0
198942,0
198943,0
198944,0
198945,0
198946,0
198947,0
198948,0
198949,0
198950,0
198951,0
198952,0
198953,0
198954,0
198955,0
198956,0
198957,0
198958,0
198959,0
198960,0
198961,0
198962,0
198963,0
198964,0
198965,0
198966,0
198967,0
198968,0
198969,0
198970,0
198971,0
198972,0
198973,0
198974,0
198975,0
198976,0
198977,0
198978,0
198979,0
198980,0
198981,0
198982,0
198983,0
198984,0
198985,0
198986,0
198987,0
198988,0
198989,0
198990,0
198991,0
198992,0
198993,0
198994,0
198995,0
198996,0
198997,0
198998,0
198999,0
199000,0
199001,0
199002,0
199003,0
199004,0
199005,1
199006,0
199007,0
199008,0
199009,0
199010,0
199011,0
199012,0
199013,0
199014,0
199015,0
199016,0
199017,0
199018,0
199019,0
199020,0
199021,0
199022,0
199023,0
199024,0
199025,0
199026,0
199027,0
199028,0
199029,0
199030,0
199031,0
199032,0
199033,0
199034,0
199035,0
199036,0
199037,0
199038,0
199039,0
199040,0
199041,0
199042,0
199043,0
199044,0
199045,0
199046,0
199047,0
199048,0
199049,0
199050,0
199051,0
199052,0
199053,0
199054,0
199055,0
199056,0
199057,0
199058,0
199059,0
199060,0
199061,0
199062,0
199063,0
199064,0
199065,0
199066,0
199067,0
199068,0
199069,0
199070,0
199071,0
199072,0
199073,0
199074,1
199075,0
199076,0
199077,0
199078,0
199079,0
199080,0
199081,0
199082,0
199083,0
199084,0
199085,0
199086,0
199087,0
199088,0
199089,0
199090,0
199091,0
199092,0
199093,0
199094,0
199095,0
199096,0
199097,0
199098,0
199099,0
199100,0
199101,0
199102,0
199103,0
199104,0
199105,0
199106,0
199107,0
199108,0
199109,0
199110,0
199111,0
199112,0
199113,0
199114,0
199115,0
199116,0
199117,0
199118,0
199119,0
199120,0
199121,0
199122,0
199123,0
199124,0
199125,0
199126,0
199127,0
199128,0
199129,0
199130,0
199131,0
199132,0
199133,0
199134,1
199135,0
199136,0
199137,0
199138,0
199139,0
199140,0
199141,0
199142,0
199143,0
199144,0
199145,0
199146,0
199147,0
199148,0
199149,0
199150,0
199151,0
199152,0
199153,0
199154,0
199155,0
199156,0
199157,0
199158,0
199159,0
199160,0
199161,0
199162,0
199163,0
199164,0
199165,0
199166,0
199167,0
199168,0
199169,0
199170,0
199171,0
199172,0
199173,0
199174,0
199175,0
199176,0
199177,0
199178,0
199179,0
199180,0
199181,0
199182,0
199183,0
199184,0
199185,0
199186,0
199187,0
199188,0
199189,0
199190,0
199191,0
199192,0
199193,0
199194,0
199195,0
199196,0
199197,0
199198,0
199199,0
199200,0
199201,0
199202,0
199203,0
199204,0
199205,0
199206,0
199207,0
199208,0
199209,0
199210,0
199211,0
199212,0
199213,0
199214,0
199215,0
199216,0
199217,0
199218,0
199219,0
199220,0
199221,0
199222,0
199223,0
199224,0
199225,0
199226,0
199227,0
199228,0
199229,0
199230,0
199231,0
199232,0
199233,0
199234,0
199235,0
199236,0
199237,0
199238,0
199239,0
199240,0
199241,0
199242,0
199243,0
199244,0
199245,0
199246,0
199247,0
199248,0
199249,0
199250,0
199251,0
199252,0
199253,0
199254,0
199255,0
199256,0
199257,0
199258,0
199259,0
199260,0
199261,0
199262,0
199263,0
199264,0
199265,0
199266,0
199267,0
199268,0
199269,0
199270,0
199271,0
199272,0
199273,0
199274,0
199275,0
199276,0
199277,0
199278,0
199279,0
199280,0
199281,0
199282,0
199283,0
199284,0
199285,0
199286,0
199287,0
199288,0
199289,0
199290,0
199291,0
199292,0
199293,0
199294,0
199295,0
199296,0
199297,0
199298,0
199299,0
199300,0
199301,0
199302,0
199303,0
199304,0
199305,0
199306,0
199307,0
199308,0
199309,0
199310,0
199311,0
199312,0
199313,0
199314,0
199315,0
199316,0
199317,0
199318,0
199319,0
199320,0
199321,0
199322,0
199323,0
199324,0
199325,0
199326,0
199327,0
199328,0
199329,0
199330,0
199331,0
199332,0
199333,0
199334,0
199335,0
199336,0
199337,0
199338,0
199339,0
199340,0
199341,0
199342,0
199343,0
199344,0
199345,0
199346,0
199347,0
199348,0
199349,0
199350,0
199351,0
199352,0
199353,0
199354,0
199355,0
199356,0
199357,0
199358,1
199359,0
199360,0
199361,0
199362,0
199363,0
199364,0
199365,0
199366,0
199367,0
199368,0
199369,0
199370,0
199371,0
199372,0
199373,0
199374,0
199375,0
199376,1
199377,0
199378,0
199379,0
199380,0
199381,0
199382,0
199383,0
199384,0
199385,0
199386,0
199387,0
199388,0
199389,0
199390,0
199391,0
199392,0
199393,0
199394,0
199395,0
199396,0
199397,0
199398,0
199399,0
199400,0
199401,0
199402,0
199403,0
199404,0
199405,0
199406,0
199407,0
199408,0
199409,0
199410,0
199411,0
199412,30
199413,0
199414,0
199415,0
199416,0
199417,0
199418,0
199419,38
199420,0
199421,0
199422,0
199423,0
199424,0
199425,0
199426,0
199427,0
199428,0
199429,0
199430,0
199431,23
199432,33
199433,27
199434,0
199435,27
199436,0
199437,0
199438,0
199439,0
199440,0
199441,28
199442,0
199443,25
199444,0
199445,0
199446,0
199447,0
199448,0
199449,24
199450,0
199451,0
199452,0
199453,26
199454,0
199455,0
199456,12
199457,19
199458,0
199459,0
199460,0
199461,0
199462,0
199463,0
199464,21
199465,0
199466,0
199467,0
199468,0
199469,0
199470,0
199471,0
199472,0
199473,0
199474,0
199475,0
199476,0
199477,0
199478,0
199479,0
199480,0
199481,0
199482,0
199483,0
199484,0
199485,0
199486,0
199487,0
199488,0
199489,0
199490,0
199491,0
199492,25
199493,0
199494,22
199495,30
199496,25
199497,32
199498,0
199499,33
199500,24
199501,23
199502,0
199503,0
199504,31
199505,0
199506,36
199507,0
199508,23
199509,0
199510,0
199511,0
199512,0
199513,0
199514,0
199515,0
199516,0
199517,0
199518,0
199519,0
199520,0
199521,0
199522,0
199523,0
199524,0
199525,21
199526,0
199527,19
199528,24
199529,0
199530,28
199531,0
199532,0
199533,0
199534,0
199535,0
199536,28
199537,0
199538,28
199539,22
199540,0
199541,0
199542,0
199543,0
199544,0
199545,0
199546,0
199547,21
199548,0
199549,29
199550,22
199551,34
199552,35
199553,21
199554,0
199555,0
199556,0
199557,0
199558,0
199559,0
199560,0
199561,28
199562,0
199563,0
199564,0
199565,0
199566,28
199567,23
199568,0
199569,0
199570,0
199571,0
199572,34
199573,0
199574,0
199575,0
199576,0
199577,0
199578,32
199579,0
199580,0
199581,0
199582,0
199583,29
199584,0
199585,0
199586,22
199587,0
199588,0
199589,0
199590,0
199591,25
199592,0
199593,0
199594,0
199595,0
199596,21
199597,23
199598,0
199599,31
199600,25
199601,0
199602,30
199603,18
199604,0
199605,27
199606,26
199607,0
199608,0
199609,0
199610,0
199611,0
199612,23
199613,0
199614,0
199615,0
199616,0
199617,19
199618,0
199619,0
199620,0
199621,0
199622,0
199623,29
199624,0
199625,0
199626,0
199627,34
199628,20
199629,37
199630,0
199631,0
199632,37
199633,0
199634,0
199635,0
199636,24
199637,0
199638,0
199639,0
199640,0
199641,0
199642,0
199643,0
199644,0
199645,0
199646,0
199647,31
199648,0
199649,0
199650,0
199651,0
199652,0
199653,0
199654,21
199655,34
199656,0
199657,19
199658,0
199659,0
199660,37
199661,0
199662,0
199663,0
199664,0
199665,0
199666,0
199667,0
199668,0
199669,0
199670,0
199671,0
199672,11
199673,0
199674,0
199675,0
199676,0
199677,0
199678,30
199679,0
199680,0
199681,0
199682,20
199683,0
199684,33
199685,0
199686,0
199687,32
199688,0
199689,0
199690,35
199691,26
199692,0
199693,0
199694,0
199695,0
199696,0
199697,25
199698,0
199699,26
199700,21
199701,0
199702,29
199703,0
199704,29
199705,39
199706,0
199707,0
199708,0
199709,0
199710,0
199711,0
199712,0
199713,0
199714,0
199715,0
199716,0
199717,0
199718,0
199719,30
199720,19
199721,0
199722,30
199723,0
199724,20
199725,30
199726,0
199727,28
199728,0
199729,0
199730,0
199731,22
199732,0
199733,22
199734,0
199735,0
199736,0
199737,0
199738,0
199739,29
199740,0
199741,0
199742,0
199743,46
199744,0
199745,13
199746,23
199747,0
199748,0
199749,0
199750,0
199751,0
199752,0
199753,0
199754,0
199755,0
199756,0
199757,23
199758,0
199759,0
199760,0
199761,0
199762,0
199763,0
199764,0
199765,0
199766,29
199767,0
199768,0
199769,0
199770,0
199771,0
199772,0
199773,31
199774,0
199775,0
199776,24
199777,0
199778,0
199779,0
199780,0
199781,0
199782,0
199783,0
199784,0
199785,0
199786,0
199787,0
199788,25
199789,0
199790,0
199791,0
199792,0
199793,0
199794,0
199795,0
199796,29
199797,0
199798,0
199799,0
199800,23
199801,29
199802,27
199803,0
199804,0
199805,33
199806,29
199807,0
199808,22
199809,0
199810,0
199811,0
199812,0
199813,0
199814,32
199815,26
199816,0
199817,0
199818,17
199819,0
199820,20
199821,0
199822,0
199823,0
199824,0
199825,15
199826,0
199827,0
199828,16
199829,0
199830,0
199831,29
199832,0
199833,37
199834,0
199835,18
199836,0
199837,25
199838,0
199839,0
199840,0
199841,0
199842,0
199843,25
199844,21
199845,0
199846,0
199847,0
199848,29
199849,0
199850,0
199851,0
199852,0
199853,0
199854,0
199855,24
199856,24
199857,0
199858,0
199859,22
199860,0
199861,0
199862,33
199863,0
199864,0
199865,0
199866,38
199867,0
199868,0
199869,23
199870,0
199871,24
199872,25
199873,0
199874,0
199875,0
199876,19
199877,0
199878,0
199879,30
199880,0
199881,30
199882,0
199883,0
199884,0
199885,0
199886,0
199887,0
199888,0
199889,0
199890,27
199891,0
199892,0
199893,0
199894,0
199895,0
199896,0
199897,0
199898,0
199899,0
199900,0
199901,0
199902,0
199903,0
199904,23
199905,0
199906,20
199907,24
199908,0
199909,0
199910,0
199911,0
199912,0
199913,0
199914,0
199915,0
199916,24
199917,0
199918,0
199919,0
199920,0
199921,0
199922,0
199923,0
199924,31
199925,0
199926,31
199927,29
199928,33
199929,0
199930,27
199931,0
199932,0
199933,0
199934,31
199935,0
199936,0
199937,22
199938,24
199939,0
199940,0
199941,0
199942,0
199943,23
199944,0
199945,0
199946,0
199947,0
199948,0
199949,0
199950,0
199951,27
199952,25
199953,0
199954,0
199955,0
199956,17
199957,0
199958,31
199959,0
199960,26
199961,0
199962,0
199963,33
199964,0
199965,0
199966,24
199967,0
199968,0
199969,0
199970,0
199971,20
199972,0
199973,0
199974,0
199975,24
199976,0
199977,0
199978,0
199979,0
199980,0
199981,0
199982,0
199983,0
199984,0
199985,0
199986,0
199987,17
199988,0
199989,0
199990,24
199991,0
199992,0
199993,0
199994,34
199995,43
199996,0
199997,0
199998,0
199999,0
200000,27
200001,0
200002,0
200003,0
200004,0
200005,0
200006,0
200007,0
200008,0
200009,0
200010,26
200011,0
200012,0
200013,0
200014,0
200015,0
200016,0
200017,0
200018,0
200019,0
200020,0
200021,15
200022,0
200023,0
200024,0
200025,0
200026,32
200027,0
200028,0
200029,0
200030,29
200031,0
200032,0
200033,0
200034,24
200035,0
200036,0
200037,0
200038,0
200039,0
200040,0
200041,0
200042,0
200043,0
200044,0
200045,0
200046,0
200047,0
200048,22
200049,0
200050,27
200051,27
200052,0
200053,0
200054,0
200055,0
200056,0
200057,30
200058,0
200059,0
200060,0
200061,0
200062,0
200063,0
200064,0
200065,0
200066,29
200067,40
200068,0
200069,0
200070,0
200071,27
200072,26
200073,0
200074,0
200075,0
200076,0
200077,0
200078,17
200079,0
200080,0
200081,0
200082,0
200083,30
200084,0
200085,0
200086,0
200087,0
200088,0
200089,0
200090,0
200091,27
200092,0
200093,0
200094,0
200095,0
200096,0
200097,0
200098,0
200099,0
200100,0
200101,0
200102,0
200103,33
200104,0
200105,0
200106,0
200107,27
200108,0
200109,0
200110,0
200111,0
200112,0
200113,0
200114,20
200115,0
200116,0
200117,0
200118,0
200119,0
200120,0
200121,0
200122,24
200123,0
200124,0
200125,0
200126,0
200127,0
200128,0
200129,0
200130,30
200131,0
200132,0
200133,0
200134,0
200135,27
200136,0
200137,0
200138,23
200139,33
200140,0
200141,0
200142,0
200143,0
200144,31
200145,0
200146,41
200147,0
200148,27
200149,15
200150,0
200151,0
200152,0
200153,0
200154,0
200155,0
200156,0
200157,23
200158,22
200159,0
200160,0
200161,0
200162,0
200163,0
200164,18
200165,0
200166,0
200167,0
200168,0
200169,0
200170,0
200171,0
200172,0
200173,0
200174,0
200175,0
200176,0
200177,0
200178,0
200179,0
200180,0
200181,0
200182,0
200183,0
200184,0
200185,0
200186,0
200187,0
200188,0
200189,0
200190,0
200191,0
200192,0
200193,0
200194,0
200195,0
200196,0
200197,0
200198,24
200199,28
200200,0
200201,0
200202,0
200203,23
200204,0
200205,0
200206,42
200207,0
200208,0
200209,0
200210,0
200211,0
200212,0
200213,0
200214,0
200215,0
200216,0
200217,25
200218,0
200219,0
200220,0
200221,25
200222,0
200223,21
200224,0
200225,28
200226,0
200227,26
200228,30
200229,0
200230,0
200231,0
200232,35
200233,0
200234,0
200235,0
200236,18
200237,0
200238,0
200239,0
200240,0
200241,0
200242,0
200243,25
200244,0
200245,0
200246,0
200247,0
200248,0
200249,25
200250,0
200251,27
200252,0
200253,0
200254,17
200255,0
200256,0
200257,0
200258,19
200259,0
200260,26
200261,0
200262,0
200263,0
200264,0
200265,0
200266,0
200267,23
200268,0
200269,0
200270,0
200271,0
200272,0
200273,33
200274,0
200275,16
200276,0
200277,0
200278,0
200279,0
200280,0
200281,0
200282,19
200283,0
200284,0
200285,0
200286,0
200287,0
200288,33
200289,0
200290,0
200291,19
200292,0
200293,0
200294,0
200295,0
200296,0
200297,0
200298,0
200299,0
200300,27
200301,0
200302,0
200303,0
200304,0
200305,0
200306,0
200307,38
200308,19
200309,32
200310,0
200311,0
200312,42
200313,0
200314,0
200315,0
200316,0
200317,0
200318,0
200319,0
200320,0
200321,0
200322,0
200323,0
200324,35
200325,0
200326,0
200327,0
200328,0
200329,21
200330,0
200331,0
200332,0
200333,0
200334,0
200335,0
200336,20
200337,0
200338,0
200339,0
200340,0
200341,0
200342,0
200343,0
200344,0
200345,0
200346,0
200347,0
200348,0
200349,0
200350,0
200351,0
200352,0
200353,17
200354,0
200355,0
200356,0
200357,0
200358,25
200359,14
200360,0
200361,0
200362,0
200363,0
200364,0
200365,20
200366,0
200367,0
200368,15
200369,0
200370,0
200371,0
200372,0
200373,0
200374,0
200375,0
200376,0
200377,12
200378,22
200379,19
200380,0
200381,0
200382,0
200383,0
200384,0
200385,0
200386,29
200387,17
200388,0
200389,0
200390,21
200391,0
200392,0
200393,0
200394,0
200395,0
200396,0
200397,0
200398,0
200399,0
200400,0
200401,0
200402,0
200403,0
200404,11
200405,20
200406,31
200407,0
200408,0
200409,0
200410,0
200411,24
200412,0
200413,0
200414,0
200415,0
200416,0
200417,12
200418,0
200419,0
200420,0
200421,0
200422,0
200423,0
200424,0
200425,0
200426,0
200427,18
200428,0
200429,0
200430,21
200431,0
200432,0
200433,0
200434,0
200435,14
200436,0
200437,0
200438,10
200439,0
200440,0
200441,18
200442,0
200443,0
200444,0
200445,0
200446,21
200447,0
200448,0
200449,0
200450,0
200451,0
200452,0
200453,0
200454,0
200455,0
200456,0
200457,16
200458,0
200459,0
200460,18
200461,0
200462,0
200463,22
200464,0
200465,18
200466,0
200467,19
200468,0
200469,0
200470,23
200471,0
200472,0
200473,0
200474,0
200475,0
200476,0
200477,0
200478,0
200479,0
200480,0
200481,0
200482,19
200483,0
200484,0
200485,0
200486,0
200487,22
200488,0
200489,0
200490,0
200491,25
200492,18
200493,0
200494,15
200495,0
200496,0
200497,13
200498,0
200499,0
200500,0
200501,0
200502,0
200503,0
200504,0
200505,0
200506,0
200507,0
200508,0
200509,17
200510,0
200511,0
200512,0
200513,0
200514,0
200515,12
200516,0
200517,0
200518,0
200519,0
200520,0
200521,0
200522,16
200523,19
200524,0
200525,23
200526,0
200527,0
200528,0
200529,0
200530,22
200531,0
200532,13
200533,0
200534,0
200535,24
200536,0
200537,0
200538,0
200539,0
200540,0
200541,0
200542,0
200543,0
200544,19
200545,0
200546,0
200547,0
200548,17
200549,0
200550,0
200551,0
200552,0
200553,20
200554,0
200555,0
200556,0
200557,0
200558,0
200559,24
200560,0
200561,0
200562,0
200563,11
200564,0
200565,20
200566,23
200567,17
200568,0
200569,22
200570,17
200571,0
200572,0
200573,0
200574,0
200575,0
200576,0
200577,0
200578,0
200579,13
200580,25
200581,0
200582,0
200583,0
200584,0
200585,0
200586,0
200587,0
200588,0
200589,26
200590,0
200591,0
200592,0
200593,0
200594,14
200595,0
200596,0
200597,0
200598,12
200599,0
200600,0
200601,0
200602,0
200603,0
200604,0
200605,0
200606,0
200607,0
200608,0
200609,0
200610,0
200611,0
200612,0
200613,0
200614,0
200615,0
200616,0
200617,0
200618,16
200619,0
200620,0
200621,0
200622,21
200623,0
200624,0
200625,0
200626,16
200627,24
200628,15
200629,13
200630,0
200631,20
200632,0
200633,0
200634,0
200635,0
200636,0
200637,0
200638,0
200639,0
200640,0
200641,0
200642,0
200643,0
200644,21
200645,0
200646,0
200647,0
200648,0
200649,0
200650,19
200651,0
200652,15
200653,0
200654,0
200655,0
200656,14
200657,0
200658,0
200659,17
200660,12
200661,28
200662,0
200663,0
200664,0
200665,0
200666,23
200667,0
200668,0
200669,0
200670,17
200671,0
200672,0
200673,20
200674,0
200675,0
200676,0
200677,0
200678,0
200679,0
200680,0
200681,0
200682,0
200683,19
200684,0
200685,0
200686,19
200687,0
200688,13
200689,0
200690,0
200691,0
200692,0
200693,0
200694,0
200695,0
200696,0
200697,0
200698,0
200699,0
200700,0
200701,0
200702,0
200703,0
200704,0
200705,23
200706,0
200707,0
200708,0
200709,0
200710,15
200711,0
200712,0
200713,0
200714,0
200715,0
200716,0
200717,17
200718,0
200719,18
200720,0
200721,0
200722,20
200723,0
200724,0
200725,18
200726,0
200727,14
200728,0
200729,23
200730,15
200731,0
200732,19
200733,0
200734,0
200735,0
200736,0
200737,0
200738,0
200739,0
200740,0
200741,0
200742,0
200743,28
200744,0
200745,0
200746,0
200747,0
200748,12
200749,0
200750,19
200751,0
200752,0
200753,0
200754,19
200755,0
200756,0
200757,20
200758,0
200759,0
200760,0
200761,0
200762,0
200763,0
200764,0
200765,0
200766,17
200767,0
200768,0
200769,0
200770,0
200771,0
200772,0
200773,0
200774,0
200775,22
200776,0
200777,18
200778,0
200779,0
200780,0
200781,0
200782,0
200783,0
200784,0
200785,0
200786,0
200787,0
200788,0
200789,16
200790,0
200791,20
200792,0
200793,0
200794,0
200795,0
200796,21
200797,0
200798,0
200799,0
200800,12
200801,0
200802,0
200803,0
200804,0
200805,0
200806,0
200807,0
200808,0
200809,16
200810,19
200811,6
200812,0
200813,22
200814,0
200815,0
200816,0
200817,0
200818,20
200819,0
200820,0
200821,0
200822,18
200823,0
200824,0
200825,0
200826,0
200827,0
200828,0
200829,0
200830,0
200831,0
200832,0
200833,0
200834,0
200835,0
200836,0
200837,5
200838,0
200839,0
200840,6
200841,5
200842,0
200843,0
200844,7
200845,0
200846,5
200847,0
200848,0
200849,8
200850,0
200851,0
200852,0
200853,4
200854,0
200855,0
200856,0
200857,0
200858,0
200859,0
200860,0
200861,0
200862,0
200863,0
200864,0
200865,0
200866,0
200867,0
200868,0
200869,14
200870,10
200871,5
200872,0
200873,0
200874,0
200875,0
200876,10
200877,0
200878,9
200879,6
200880,0
200881,4
200882,0
200883,5
200884,0
200885,0
200886,5
200887,6
200888,0
200889,2
200890,0
200891,0
200892,0
200893,0
200894,0
200895,10
200896,4
200897,0
200898,0
200899,10
200900,0
200901,0
200902,0
200903,5
200904,0
200905,0
200906,0
200907,0
200908,8
200909,2
200910,0
200911,12
200912,0
200913,9
200914,0
200915,0
200916,0
200917,0
200918,0
200919,0
200920,0
200921,0
200922,0
200923,8
200924,0
200925,0
200926,0
200927,7
200928,0
200929,8
200930,0
200931,0
200932,1
200933,0
200934,0
200935,0
200936,0
200937,0
200938,0
200939,0
200940,8
200941,0
200942,0
200943,0
200944,11
200945,0
200946,0
200947,0
200948,1
200949,0
200950,0
200951,0
200952,0
200953,0
200954,0
200955,5
200956,0
200957,3
200958,0
200959,0
200960,0
200961,0
200962,0
200963,0
200964,0
200965,5
200966,0
200967,7
200968,8
200969,0
200970,0
200971,0
200972,8
200973,0
200974,0
200975,0
200976,0
200977,0
200978,6
200979,0
200980,0
200981,0
200982,8
200983,4
200984,6
200985,0
200986,0
200987,0
200988,8
200989,0
200990,0
200991,0
200992,0
200993,0
200994,0
200995,9
200996,8
200997,0
200998,0
200999,0
201000,0
201001,0
201002,0
201003,5
201004,0
201005,0
201006,8
201007,0
201008,0
201009,0
201010,0
201011,7
201012,0
201013,5
201014,0
201015,0
201016,0
201017,0
201018,0
201019,0
201020,0
201021,0
201022,6
201023,0
201024,0
201025,0
201026,5
201027,0
201028,0
201029,0
201030,0
201031,0
201032,0
201033,0
201034,0
201035,3
201036,0
201037,0
201038,0
201039,0
201040,2
201041,0
201042,0
201043,9
201044,0
201045,14
201046,6
201047,0
201048,0
201049,0
201050,0
201051,9
201052,0
201053,4
201054,0
201055,0
201056,5
201057,0
201058,0
201059,0
201060,0
201061,1
201062,0
201063,0
201064,8
201065,0
201066,8
201067,0
201068,0
201069,0
201070,0
201071,9
201072,0
201073,0
201074,0
201075,0
201076,0
201077,0
201078,0
201079,0
201080,6
201081,3
201082,0
201083,0
201084,0
201085,5
201086,0
201087,0
201088,0
201089,0
201090,0
201091,2
201092,0
201093,0
201094,0
201095,0
201096,4
201097,0
201098,0
201099,0
201100,0
201101,0
201102,0
201103,0
201104,9
201105,0
201106,0
201107,0
201108,10
201109,0
201110,10
201111,0
201112,0
201113,0
201114,0
201115,0
201116,0
201117,0
201118,0
201119,0
201120,8
201121,0
201122,11
201123,7
201124,0
201125,0
201126,6
201127,0
201128,0
201129,0
201130,0
201131,0
201132,0
201133,7
201134,0
201135,0
201136,8
201137,0
201138,0
201139,0
201140,0
201141,0
201142,0
201143,0
201144,7
201145,0
201146,6
201147,0
201148,0
201149,0
201150,0
201151,0
201152,0
201153,0
201154,0
201155,0
201156,8
201157,0
201158,3
201159,0
201160,0
201161,0
201162,0
201163,11
201164,4
201165,10
201166,5
201167,14
201168,0
201169,0
201170,0
201171,0
201172,0
201173,8
201174,0
201175,0
201176,0
201177,0
201178,0
201179,0
201180,7
201181,0
201182,0
201183,0
201184,0
201185,5
201186,0
201187,0
201188,0
201189,0
201190,5
201191,0
201192,0
201193,0
201194,8
201195,0
201196,0
201197,9
201198,12
201199,0
201200,0
201201,5
201202,5
201203,0
201204,0
201205,0
201206,0
201207,0
201208,0
201209,6
201210,9
201211,0
201212,8
201213,8
201214,0
201215,4
201216,6
201217,6
201218,0
201219,0
201220,0
201221,0
201222,9
201223,4
201224,0
201225,0
201226,4
201227,9
201228,6
201229,0
201230,0
201231,0
201232,0
201233,0
201234,0
201235,0
201236,7
201237,0
201238,0
201239,0
201240,4
201241,2
201242,0
201243,5
201244,0
201245,0
201246,8
201247,0
201248,0
201249,0
201250,0
201251,0
201252,0
201253,0
201254,4
201255,0
201256,0
201257,0
201258,0
201259,0
201260,0
201261,10
201262,0
201263,0
201264,9
201265,0
201266,0
201267,0
201268,0
201269,0
201270,0
201271,0
201272,9
201273,12
201274,0
201275,4
201276,0
201277,0
201278,0
201279,0
201280,0
201281,4
201282,6
201283,0
201284,0
201285,0
201286,0
201287,0
201288,0
201289,0
201290,0
201291,0
201292,0
201293,0
201294,7
201295,0
201296,8
201297,0
201298,13
201299,0
201300,0
201301,0
201302,0
201303,0
201304,0
201305,9
201306,5
201307,2
201308,0
201309,0
201310,0
201311,0
201312,0
201313,0
201314,0
201315,16
201316,4
201317,9
201318,7
201319,0
201320,9
201321,0
201322,0
201323,0
201324,6
201325,6
201326,0
201327,10
201328,4
201329,0
201330,3
201331,5
201332,0
201333,0
201334,0
201335,0
201336,0
201337,5
201338,0
201339,0
201340,0
201341,7
201342,0
201343,0
201344,0
201345,7
201346,6
201347,7
201348,8
201349,11
201350,11
201351,7
201352,0
201353,0
201354,0
201355,0
201356,0
201357,0
201358,5
201359,0
201360,0
201361,7
201362,0
201363,0
201364,0
201365,0
201366,0
201367,0
201368,3
201369,0
201370,6
201371,0
201372,5
201373,9
201374,4
201375,0
201376,0
201377,9
201378,0
201379,0
201380,0
201381,6
201382,0
201383,0
201384,0
201385,0
201386,4
201387,0
201388,0
201389,0
201390,0
201391,0
201392,2
201393,0
201394,0
201395,0
201396,0
201397,0
201398,0
201399,6
201400,0
201401,0
201402,0
201403,0
201404,9
201405,6
201406,0
201407,0
201408,0
201409,0
201410,0
201411,0
201412,0
201413,0
201414,10
201415,0
201416,0
201417,0
201418,0
201419,0
201420,0
201421,5
201422,0
201423,4
201424,0
201425,8
201426,0
201427,8
201428,5
201429,0
201430,0
201431,0
201432,0
201433,0
201434,0
201435,0
201436,0
201437,0
201438,0
201439,0
201440,0
201441,9
201442,0
201443,6
201444,0
201445,0
201446,0
201447,0
201448,10
201449,0
201450,0
201451,0
201452,0
201453,0
201454,0
201455,0
201456,0
201457,0
201458,5
201459,0
201460,7
201461,0
201462,0
201463,0
201464,0
201465,6
201466,0
201467,0
201468,0
201469,0
201470,0
201471,0
201472,0
201473,0
201474,0
201475,0
201476,8
201477,0
201478,0
201479,0
201480,11
201481,0
201482,0
201483,6
201484,0
201485,0
201486,0
201487,0
201488,0
201489,0
201490,0
201491,0
201492,19
201493,0
201494,0
201495,0
201496,0
201497,0
201498,0
201499,0
201500,0
201501,0
201502,0
201503,0
201504,8
201505,0
201506,0
201507,0
201508,9
201509,0
201510,0
201511,0
201512,0
201513,0
201514,0
201515,0
201516,0
201517,0
201518,0
201519,14
201520,0
201521,15
201522,0
201523,0
201524,0
201525,0
201526,0
201527,0
201528,0
201529,0
201530,0
201531,0
201532,0
201533,0
201534,0
201535,0
201536,0
201537,0
201538,0
201539,0
201540,0
201541,0
201542,0
201543,0
201544,0
201545,0
201546,0
201547,0
201548,0
201549,0
201550,0
201551,0
201552,10
201553,0
201554,0
201555,0
201556,0
201557,0
201558,19
201559,0
201560,0
201561,0
201562,0
201563,0
201564,0
201565,0
201566,0
201567,0
201568,0
201569,0
201570,0
201571,9
201572,0
201573,0
201574,0
201575,36
201576,0
201577,0
201578,0
201579,0
201580,0
201581,0
201582,0
201583,0
201584,0
201585,0
201586,18
201587,0
201588,0
201589,0
201590,0
201591,0
201592,0
201593,0
201594,0
201595,0
201596,0
201597,0
201598,0
201599,28
201600,0
201601,0
201602,0
201603,0
201604,0
201605,0
201606,0
201607,28
201608,0
201609,0
201610,0
201611,0
201612,0
201613,13
201614,0
201615,0
201616,0
201617,0
201618,19
201619,0
201620,0
201621,26
201622,0
201623,0
201624,11
201625,0
201626,0
201627,20
201628,0
201629,0
201630,0
201631,0
201632,0
201633,0
201634,0
201635,0
201636,0
201637,0
201638,0
201639,0
201640,0
201641,0
201642,0
201643,0
201644,0
201645,0
201646,0
201647,23
201648,0
201649,25
201650,0
201651,0
201652,0
201653,0
201654,18
201655,0
201656,12
201657,11
201658,0
201659,0
201660,0
201661,0
201662,16
201663,0
201664,0
201665,0
201666,0
201667,9
201668,0
201669,0
201670,0
201671,0
201672,0
201673,0
201674,0
201675,0
201676,0
201677,0
201678,0
201679,0
201680,0
201681,0
201682,0
201683,0
201684,0
201685,12
201686,0
201687,13
201688,0
201689,0
201690,0
201691,0
201692,0
201693,6
201694,0
201695,9
201696,0
201697,0
201698,0
201699,0
201700,0
201701,0
201702,0
201703,0
201704,0
201705,0
201706,0
201707,0
201708,0
201709,0
201710,0
201711,0
201712,0
201713,0
201714,0
201715,0
201716,0
201717,0
201718,0
201719,19
201720,0
201721,0
201722,0
201723,0
201724,29
201725,0
201726,0
201727,26
201728,0
201729,0
201730,0
201731,24
201732,0
201733,0
201734,0
201735,0
201736,0
201737,0
201738,0
201739,0
201740,0
201741,16
201742,0
201743,0
201744,0
201745,0
201746,0
201747,18
201748,0
201749,0
201750,11
201751,0
201752,0
201753,0
201754,0
201755,0
201756,0
201757,0
201758,17
201759,18
201760,0
201761,34
201762,0
201763,0
201764,22
201765,16
201766,24
201767,0
201768,0
201769,0
201770,0
201771,0
201772,0
201773,0
201774,0
201775,0
201776,0
201777,0
201778,0
201779,0
201780,0
201781,0
201782,0
201783,0
201784,0
201785,0
201786,0
201787,0
201788,0
201789,0
201790,0
201791,0
201792,0
201793,0
201794,0
201795,0
201796,0
201797,0
201798,0
201799,0
201800,0
201801,0
201802,0
201803,0
201804,23
201805,0
201806,0
201807,0
201808,0
201809,0
201810,11
201811,0
201812,0
201813,0
201814,0
201815,19
201816,0
201817,0
201818,0
201819,0
201820,0
201821,0
201822,0
201823,0
201824,0
201825,0
201826,0
201827,0
201828,0
201829,12
201830,0
201831,0
201832,0
201833,0
201834,0
201835,0
201836,0
201837,0
201838,0
201839,17
201840,0
201841,0
201842,0
201843,0
201844,0
201845,0
201846,0
201847,0
201848,26
201849,0
201850,0
201851,0
201852,0
201853,0
201854,0
201855,0
201856,19
201857,0
201858,17
201859,0
201860,0
201861,0
201862,0
201863,0
201864,0
201865,0
201866,0
201867,0
201868,0
201869,17
201870,0
201871,0
201872,0
201873,0
201874,17
201875,0
201876,9
201877,0
201878,10
201879,0
201880,13
201881,0
201882,0
201883,0
201884,14
201885,22
201886,0
201887,0
201888,0
201889,0
201890,0
201891,0
201892,10
201893,0
201894,0
201895,0
201896,0
201897,0
201898,0
201899,16
201900,25
201901,24
201902,0
201903,0
201904,26
201905,0
201906,0
201907,15
201908,0
201909,0
201910,0
201911,0
201912,0
201913,0
201914,0
201915,11
201916,0
201917,0
201918,0
201919,0
201920,0
201921,0
201922,0
201923,0
201924,0
201925,0
201926,0
201927,0
201928,0
201929,0
201930,0
201931,0
201932,0
201933,0
201934,0
201935,0
201936,16
201937,0
201938,0
201939,0
201940,0
201941,0
201942,0
201943,0
201944,0
201945,0
201946,0
201947,0
201948,0
201949,0
201950,0
201951,0
201952,0
201953,0
201954,12
201955,0
201956,0
201957,22
201958,30
201959,0
201960,0
201961,0
201962,0
201963,0
201964,0
201965,0
201966,0
201967,0
201968,0
201969,0
201970,0
201971,0
201972,0
201973,0
201974,0
201975,0
201976,0
201977,0
201978,0
201979,0
201980,0
201981,0
201982,0
201983,0
201984,0
201985,0
201986,0
201987,0
201988,23
201989,0
201990,0
201991,0
201992,0
201993,0
201994,0
201995,0
201996,0
201997,0
201998,8
201999,0
202000,0
202001,0
202002,0
202003,0
202004,0
202005,0
202006,0
202007,8
202008,0
202009,0
202010,0
202011,0
202012,0
202013,0
202014,0
202015,0
202016,0
202017,0
202018,0
202019,0
202020,0
202021,0
202022,0
202023,0
202024,0
202025,0
202026,0
202027,0
202028,0
202029,0
202030,0
202031,0
202032,11
202033,10
202034,0
202035,20
202036,0
202037,0
202038,0
202039,0
202040,0
202041,0
202042,0
202043,0
202044,0
202045,0
202046,0
202047,0
202048,9
202049,0
202050,0
202051,0
202052,0
202053,0
202054,0
202055,0
202056,0
202057,0
202058,0
202059,10
202060,0
202061,0
202062,0
202063,0
202064,0
202065,0
202066,0
202067,0
202068,0
202069,36
202070,0
202071,0
202072,0
202073,0
202074,0
202075,0
202076,0
202077,0
202078,0
202079,0
202080,0
202081,0
202082,0
202083,0
202084,0
202085,0
202086,0
202087,0
202088,0
202089,0
202090,0
202091,0
202092,0
202093,0
202094,12
202095,0
202096,0
202097,0
202098,26
202099,0
202100,0
202101,0
202102,0
202103,24
202104,0
202105,0
202106,0
202107,0
202108,0
202109,35
202110,0
202111,0
202112,0
202113,0
202114,0
202115,0
202116,0
202117,0
202118,0
202119,0
202120,0
202121,0
202122,0
202123,0
202124,0
202125,0
202126,0
202127,0
202128,0
202129,0
202130,0
202131,0
202132,0
202133,0
202134,0
202135,0
202136,0
202137,27
202138,0
202139,15
202140,0
202141,0
202142,0
202143,0
202144,0
202145,12
202146,0
202147,0
202148,0
202149,0
202150,8
202151,0
202152,0
202153,0
202154,0
202155,11
202156,0
202157,18
202158,0
202159,0
202160,0
202161,15
202162,0
202163,0
202164,0
202165,0
202166,0
202167,11
202168,0
202169,29
202170,0
202171,0
202172,20
202173,0
202174,0
202175,13
202176,0
202177,0
202178,0
202179,0
202180,0
202181,0
202182,0
202183,0
202184,0
202185,0
202186,0
202187,14
202188,0
202189,0
202190,11
202191,0
202192,0
202193,0
202194,0
202195,0
202196,0
202197,0
202198,0
202199,0
202200,0
202201,0
202202,0
202203,0
202204,0
202205,0
202206,0
202207,21
202208,13
202209,0
202210,4
202211,0
202212,0
202213,0
202214,0
202215,21
202216,0
202217,0
202218,0
202219,0
202220,0
202221,0
202222,18
202223,0
202224,0
202225,0
202226,0
202227,0
202228,0
202229,0
202230,0
202231,15
202232,0
202233,0
202234,0
202235,0
202236,0
202237,0
202238,0
202239,0
202240,0
202241,0
202242,0
202243,0
202244,0
202245,0
202246,0
202247,0
202248,0
202249,0
202250,0
202251,0
202252,0
202253,0
202254,5
202255,19
202256,0
202257,0
202258,0
202259,0
202260,0
202261,24
202262,0
202263,9
202264,0
202265,0
202266,0
202267,0
202268,0
202269,0
202270,0
202271,0
202272,0
202273,0
202274,12
202275,0
202276,0
202277,0
202278,0
202279,0
202280,0
202281,0
202282,0
202283,0
202284,0
202285,0
202286,0
202287,0
202288,0
202289,0
202290,0
202291,0
202292,8
202293,0
202294,0
202295,0
202296,0
202297,0
202298,0
202299,0
202300,0
202301,0
202302,0
202303,0
202304,22
202305,0
202306,29
202307,0
202308,0
202309,9
202310,0
202311,0
202312,0
202313,0
202314,0
202315,0
202316,0
202317,0
202318,0
202319,0
202320,18
202321,0
202322,0
202323,0
202324,0
202325,0
202326,0
202327,0
202328,17
202329,0
202330,0
202331,0
202332,12
202333,0
202334,13
202335,16
202336,15
202337,0
202338,15
202339,0
202340,0
202341,7
202342,11
202343,0
202344,0
202345,0
202346,9
202347,0
202348,0
202349,0
202350,0
202351,0
202352,0
202353,0
202354,0
202355,0
202356,0
202357,0
202358,0
202359,0
202360,0
202361,0
202362,0
202363,0
202364,0
202365,11
202366,15
202367,0
202368,0
202369,0
202370,0
202371,16
202372,0
202373,0
202374,0
202375,0
202376,0
202377,19
202378,0
202379,11
202380,26
202381,13
202382,6
202383,13
202384,13
202385,0
202386,0
202387,0
202388,0
202389,0
202390,0
202391,0
202392,0
202393,0
202394,0
202395,15
202396,15
202397,0
202398,0
202399,0
202400,0
202401,17
202402,14
202403,0
202404,0
202405,0
202406,0
202407,0
202408,0
202409,0
202410,0
202411,9
202412,0
202413,0
202414,11
202415,0
202416,0
202417,0
202418,0
202419,0
202420,0
202421,0
202422,0
202423,0
202424,0
202425,0
202426,6
202427,0
202428,0
202429,0
202430,0
202431,0
202432,0
202433,0
202434,0
202435,0
202436,0
202437,0
202438,0
202439,0
202440,0
202441,0
202442,0
202443,0
202444,0
202445,0
202446,0
202447,0
202448,0
202449,0
202450,0
202451,0
202452,0
202453,0
202454,0
202455,0
202456,0
202457,0
202458,0
202459,0
202460,0
202461,0
202462,0
202463,0
202464,0
202465,0
202466,0
202467,0
202468,0
202469,0
202470,0
202471,0
202472,0
202473,0
202474,0
202475,0
202476,0
202477,0
202478,0
202479,0
202480,0
202481,0
202482,0
202483,0
202484,0
202485,0
202486,0
202487,0
202488,0
202489,0
202490,0
202491,0
202492,0
202493,0
202494,0
202495,0
202496,0
202497,0
202498,0
202499,0
202500,0
202501,0
202502,0
202503,1
202504,0
202505,0
202506,0
202507,0
202508,0
202509,0
202510,0
202511,0
202512,0
202513,0
202514,0
202515,0
202516,0
202517,0
202518,0
202519,0
202520,0
202521,0
202522,0
202523,0
202524,0
202525,0
202526,0
202527,0
202528,0
202529,0
202530,0
202531,0
202532,0
202533,0
202534,0
202535,0
202536,0
202537,0
202538,0
202539,0
202540,0
202541,0
202542,0
202543,0
202544,0
202545,0
202546,0
202547,0
202548,0
202549,0
202550,0
202551,0
202552,0
202553,0
202554,0
202555,0
202556,0
202557,0
202558,0
202559,1
202560,0
202561,0
202562,0
202563,0
202564,0
202565,0
202566,0
202567,0
202568,0
202569,0
202570,0
202571,0
202572,0
202573,0
202574,0
202575,0
202576,0
202577,0
202578,0
202579,0
202580,0
202581,0
202582,0
202583,0
202584,0
202585,0
202586,0
202587,0
202588,0
202589,0
202590,0
202591,0
202592,0
202593,0
202594,0
202595,0
202596,0
202597,0
202598,0
202599,0
202600,0
202601,0
202602,0
202603,0
202604,0
202605,0
202606,0
202607,0
202608,0
202609,0
202610,0
202611,0
202612,0
202613,0
202614,0
202615,0
202616,0
202617,0
202618,0
202619,0
202620,0
202621,0
202622,0
202623,0
202624,0
202625,0
202626,0
202627,0
202628,0
202629,0
202630,0
202631,0
202632,0
202633,0
202634,0
202635,0
202636,0
202637,0
202638,0
202639,0
202640,0
202641,0
202642,0
202643,0
202644,0
202645,0
202646,0
202647,0
202648,0
202649,0
202650,0
202651,0
202652,0
202653,0
202654,0
202655,0
202656,0
202657,0
202658,0
202659,0
202660,0
202661,0
202662,0
202663,0
202664,0
202665,0
202666,0
202667,0
202668,0
202669,0
202670,0
202671,0
202672,0
202673,0
202674,0
202675,0
202676,0
202677,0
202678,0
202679,0
202680,0
202681,0
202682,0
202683,0
202684,0
202685,0
202686,0
202687,0
202688,0
202689,0
202690,0
202691,0
202692,0
202693,0
202694,0
202695,0
202696,0
202697,0
202698,0
202699,0
202700,0
202701,0
202702,0
202703,0
202704,0
202705,0
202706,0
202707,0
202708,0
202709,0
202710,0
202711,0
202712,0
202713,0
202714,0
202715,0
202716,0
202717,0
202718,0
202719,0
202720,0
202721,0
202722,0
202723,0
202724,0
202725,1
202726,0
202727,0
202728,0
202729,0
202730,0
202731,0
202732,0
202733,0
202734,0
202735,0
202736,0
202737,0
202738,0
202739,0
202740,0
202741,0
202742,0
202743,0
202744,0
202745,0
202746,0
202747,0
202748,0
202749,0
202750,0
202751,0
202752,0
202753,0
202754,0
202755,0
202756,0
202757,0
202758,0
202759,0
202760,0
202761,0
202762,0
202763,0
202764,0
202765,0
202766,0
202767,0
202768,0
202769,0
202770,0
202771,0
202772,0
202773,0
202774,0
202775,0
202776,0
202777,0
202778,0
202779,0
202780,0
202781,0
202782,0
202783,0
202784,0
202785,0
202786,0
202787,0
202788,0
202789,0
202790,0
202791,0
202792,0
202793,0
202794,1
202795,0
202796,0
202797,0
202798,0
202799,0
202800,0
202801,0
202802,0
202803,0
202804,0
202805,0
202806,0
202807,0
202808,0
202809,0
202810,0
202811,0
202812,0
202813,0
202814,0
202815,0
202816,0
202817,0
202818,0
202819,0
202820,0
202821,0
202822,0
202823,0
202824,0
202825,0
202826,0
202827,0
202828,0
202829,0
202830,0
202831,0
202832,0
202833,0
202834,0
202835,0
202836,0
202837,0
202838,0
202839,0
202840,0
202841,0
202842,0
202843,0
202844,0
202845,0
202846,0
202847,0
202848,1
202849,0
202850,0
202851,0
202852,0
202853,0
202854,0
202855,0
202856,0
202857,0
202858,0
202859,0
202860,0
202861,0
202862,0
202863,0
202864,0
202865,0
202866,0
202867,0
202868,0
202869,0
202870,0
202871,0
202872,0
202873,0
202874,0
202875,0
202876,0
202877,0
202878,0
202879,0
202880,0
202881,0
202882,0
202883,0
202884,0
202885,0
202886,0
202887,0
202888,0
202889,0
202890,0
202891,0
202892,0
202893,0
202894,0
202895,0
202896,0
202897,0
202898,0
202899,0
202900,0
202901,0
202902,0
202903,0
202904,0
202905,0
202906,0
202907,0
202908,0
202909,0
202910,0
202911,0
202912,0
202913,0
202914,0
202915,0
202916,0
202917,0
202918,0
202919,0
202920,0
202921,0
202922,0
202923,0
202924,0
202925,0
202926,0
202927,0
202928,0
202929,0
202930,0
202931,0
202932,0
202933,0
202934,0
202935,0
202936,25
202937,0
202938,0
202939,0
202940,0
202941,0
202942,0
202943,0
202944,0
202945,0
202946,0
202947,0
202948,0
202949,0
202950,0
202951,0
202952,0
202953,0
202954,0
202955,0
202956,0
202957,0
202958,0
202959,0
202960,0
202961,0
202962,0
202963,0
202964,27
202965,0
202966,0
202967,23
202968,0
202969,0
202970,0
202971,0
202972,0
202973,0
202974,0
202975,0
202976,0
202977,0
202978,0
202979,0
202980,0
202981,0
202982,26
202983,0
202984,0
202985,0
202986,0
202987,0
202988,0
202989,0
202990,0
202991,0
202992,0
202993,0
202994,0
202995,0
202996,0
202997,0
202998,0
202999,0
203000,0
203001,0
203002,0
203003,0
203004,0
203005,0
203006,0
203007,0
203008,0
203009,0
203010,0
203011,0
203012,0
203013,22
203014,0
203015,0
203016,0
203017,0
203018,0
203019,0
203020,0
203021,29
203022,26
203023,0
203024,0
203025,22
203026,0
203027,0
203028,0
203029,0
203030,27
203031,0
203032,0
203033,0
203034,0
203035,0
203036,0
203037,0
203038,0
203039,0
203040,0
203041,0
203042,0
203043,0
203044,40
203045,0
203046,0
203047,0
203048,0
203049,0
203050,0
203051,0
203052,38
203053,0
203054,0
203055,0
203056,0
203057,0
203058,0
203059,0
203060,0
203061,0
203062,0
203063,0
203064,0
203065,0
203066,0
203067,0
203068,0
203069,0
203070,21
203071,0
203072,0
203073,0
203074,0
203075,0
203076,30
203077,0
203078,0
203079,0
203080,0
203081,0
203082,0
203083,0
203084,0
203085,0
203086,0
203087,0
203088,0
203089,0
203090,0
203091,0
203092,0
203093,0
203094,0
203095,0
203096,0
203097,0
203098,0
203099,0
203100,0
203101,0
203102,0
203103,0
203104,0
203105,0
203106,0
203107,0
203108,0
203109,0
203110,0
203111,0
203112,0
203113,35
203114,0
203115,0
203116,0
203117,31
203118,0
203119,0
203120,0
203121,0
203122,0
203123,0
203124,0
203125,0
203126,25
203127,0
203128,0
203129,0
203130,0
203131,0
203132,0
203133,0
203134,0
203135,0
203136,0
203137,0
203138,0
203139,0
203140,0
203141,0
203142,0
203143,0
203144,0
203145,0
203146,0
203147,0
203148,0
203149,0
203150,0
203151,0
203152,0
203153,0
203154,0
203155,33
203156,0
203157,0
203158,0
203159,0
203160,0
203161,0
203162,0
203163,39
203164,0
203165,0
203166,0
203167,0
203168,0
203169,0
203170,0
203171,0
203172,0
203173,0
203174,0
203175,0
203176,0
203177,0
203178,0
203179,0
203180,0
203181,0
203182,0
203183,0
203184,0
203185,0
203186,0
203187,0
203188,0
203189,0
203190,0
203191,0
203192,0
203193,0
203194,0
203195,0
203196,0
203197,29
203198,25
203199,0
203200,0
203201,0
203202,0
203203,0
203204,0
203205,0
203206,0
203207,0
203208,0
203209,0
203210,0
203211,0
203212,0
203213,24
203214,20
203215,42
203216,22
203217,0
203218,0
203219,0
203220,0
203221,0
203222,40
203223,0
203224,0
203225,0
203226,0
203227,0
203228,0
203229,27
203230,0
203231,0
203232,0
203233,33
203234,0
203235,0
203236,0
203237,0
203238,0
203239,21
203240,0
203241,0
203242,0
203243,0
203244,0
203245,20
203246,0
203247,0
203248,29
203249,42
203250,0
203251,22
203252,0
203253,31
203254,0
203255,0
203256,29
203257,0
203258,34
203259,0
203260,0
203261,0
203262,0
203263,0
203264,0
203265,0
203266,0
203267,0
203268,0
203269,0
203270,38
203271,32
203272,0
203273,61
203274,0
203275,0
203276,0
203277,0
203278,0
203279,0
203280,0
203281,0
203282,0
203283,0
203284,30
203285,0
203286,41
203287,0
203288,27
203289,0
203290,0
203291,0
203292,0
203293,0
203294,33
203295,27
203296,0
203297,54
203298,23
203299,0
203300,0
203301,24
203302,0
203303,41
203304,21
203305,43
203306,0
203307,0
203308,37
203309,26
203310,0
203311,0
203312,0
203313,0
203314,0
203315,27
203316,0
203317,0
203318,0
203319,0
203320,27
203321,0
203322,28
203323,0
203324,25
203325,0
203326,0
203327,0
203328,0
203329,0
203330,0
203331,0
203332,16
203333,0
203334,0
203335,0
203336,0
203337,0
203338,0
203339,0
203340,0
203341,0
203342,0
203343,19
203344,0
203345,21
203346,0
203347,0
203348,0
203349,15
203350,0
203351,0
203352,0
203353,0
203354,0
203355,18
203356,0
203357,0
203358,0
203359,0
203360,0
203361,0
203362,0
203363,0
203364,0
203365,0
203366,0
203367,0
203368,0
203369,0
203370,0
203371,0
203372,0
203373,25
203374,0
203375,0
203376,21
203377,0
203378,0
203379,0
203380,0
203381,0
203382,0
203383,0
203384,0
203385,0
203386,0
203387,0
203388,0
203389,22
203390,16
203391,0
203392,0
203393,0
203394,0
203395,0
203396,0
203397,0
203398,24
203399,0
203400,0
203401,0
203402,0
203403,0
203404,0
203405,0
203406,0
203407,0
203408,0
203409,0
203410,0
203411,0
203412,0
203413,0
203414,21
203415,25
203416,0
203417,0
203418,0
203419,0
203420,0
203421,0
203422,0
203423,0
203424,0
203425,28
203426,0
203427,0
203428,17
203429,0
203430,0
203431,0
203432,0
203433,0
203434,0
203435,0
203436,0
203437,21
203438,0
203439,0
203440,0
203441,0
203442,0
203443,0
203444,0
203445,0
203446,15
203447,20
203448,0
203449,24
203450,0
203451,0
203452,0
203453,0
203454,0
203455,0
203456,18
203457,0
203458,0
203459,0
203460,0
203461,0
203462,0
203463,22
203464,27
203465,0
203466,0
203467,22
203468,25
203469,0
203470,0
203471,0
203472,0
203473,0
203474,0
203475,0
203476,24
203477,0
203478,0
203479,0
203480,0
203481,0
203482,0
203483,23
203484,0
203485,24
203486,0
203487,0
203488,0
203489,14
203490,0
203491,0
203492,13
203493,0
203494,0
203495,0
203496,0
203497,0
203498,0
203499,0
203500,19
203501,0
203502,0
203503,0
203504,0
203505,0
203506,0
203507,0
203508,0
203509,0
203510,0
203511,0
203512,0
203513,25
203514,0
203515,31
203516,8
203517,0
203518,0
203519,0
203520,0
203521,27
203522,0
203523,0
203524,0
203525,0
203526,0
203527,0
203528,0
203529,0
203530,0
203531,25
203532,0
203533,0
203534,21
203535,0
203536,0
203537,0
203538,0
203539,24
203540,0
203541,0
203542,0
203543,0
203544,16
203545,0
203546,0
203547,0
203548,17
203549,0
203550,0
203551,0
203552,24
203553,0
203554,19
203555,0
203556,0
203557,0
203558,0
203559,0
203560,0
203561,0
203562,0
203563,0
203564,0
203565,0
203566,20
203567,0
203568,0
203569,16
203570,0
203571,0
203572,0
203573,27
203574,0
203575,21
203576,23
203577,0
203578,0
203579,34
203580,18
203581,0
203582,0
203583,29
203584,0
203585,19
203586,0
203587,17
203588,0
203589,0
203590,0
203591,0
203592,0
203593,25
203594,0
203595,0
203596,0
203597,23
203598,0
203599,23
203600,0
203601,0
203602,0
203603,0
203604,0
203605,24
203606,0
203607,0
203608,0
203609,0
203610,0
203611,0
203612,0
203613,19
203614,21
203615,0
203616,0
203617,0
203618,0
203619,0
203620,23
203621,8
203622,0
203623,0
203624,21
203625,0
203626,0
203627,0
203628,0
203629,33
203630,0
203631,27
203632,0
203633,0
203634,19
203635,0
203636,0
203637,0
203638,24
203639,0
203640,0
203641,0
203642,0
203643,30
203644,0
203645,0
203646,0
203647,33
203648,31
203649,0
203650,0
203651,0
203652,0
203653,0
203654,15
203655,0
203656,0
203657,26
203658,0
203659,0
203660,0
203661,0
203662,0
203663,0
203664,17
203665,20
203666,0
203667,0
203668,30
203669,0
203670,0
203671,16
203672,23
203673,26
203674,0
203675,0
203676,0
203677,0
203678,33
203679,0
203680,0
203681,0
203682,28
203683,29
203684,0
203685,0
203686,0
203687,22
203688,0
203689,0
203690,0
203691,0
203692,0
203693,0
203694,0
203695,0
203696,0
203697,0
203698,0
203699,0
203700,0
203701,0
203702,25
203703,0
203704,26
203705,0
203706,0
203707,0
203708,9
203709,0
203710,0
203711,0
203712,0
203713,0
203714,26
203715,0
203716,0
203717,0
203718,0
203719,0
203720,23
203721,0
203722,0
203723,0
203724,0
203725,0
203726,17
203727,11
203728,0
203729,0
203730,28
203731,0
203732,0
203733,0
203734,0
203735,0
203736,0
203737,0
203738,0
203739,27
203740,0
203741,0
203742,0
203743,0
203744,0
203745,0
203746,0
203747,0
203748,17
203749,0
203750,0
203751,0
203752,0
203753,0
203754,0
203755,23
203756,28
203757,0
203758,26
203759,19
203760,0
203761,14
203762,0
203763,30
203764,21
203765,0
203766,23
203767,0
203768,0
203769,0
203770,19
203771,0
203772,21
203773,0
203774,0
203775,29
203776,0
203777,0
203778,14
203779,0
203780,0
203781,25
203782,0
203783,0
203784,14
203785,0
203786,0
203787,0
203788,0
203789,0
203790,0
203791,0
203792,0
203793,0
203794,0
203795,0
203796,0
203797,0
203798,0
203799,0
203800,0
203801,0
203802,18
203803,0
203804,0
203805,0
203806,0
203807,0
203808,0
203809,21
203810,0
203811,0
203812,0
203813,0
203814,0
203815,0
203816,0
203817,0
203818,0
203819,0
203820,0
203821,0
203822,22
203823,0
203824,0
203825,0
203826,21
203827,0
203828,0
203829,0
203830,0
203831,0
203832,0
203833,0
203834,0
203835,0
203836,0
203837,25
203838,0
203839,0
203840,0
203841,0
203842,0
203843,0
203844,0
203845,0
203846,0
203847,0
203848,16
203849,0
203850,0
203851,0
203852,0
203853,0
203854,0
203855,0
203856,24
203857,0
203858,0
203859,23
203860,22
203861,0
203862,17
203863,0
203864,0
203865,22
203866,0
203867,0
203868,0
203869,0
203870,0
203871,0
203872,0
203873,0
203874,0
203875,0
203876,0
203877,0
203878,23
203879,0
203880,20
203881,0
203882,0
203883,38
203884,0
203885,0
203886,0
203887,0
203888,0
203889,21
203890,21
203891,13
203892,0
203893,0
203894,0
203895,0
203896,0
203897,0
203898,0
203899,0
203900,0
203901,0
203902,0
203903,0
203904,0
203905,0
203906,18
203907,0
203908,0
203909,0
203910,22
203911,0
203912,0
203913,0
203914,0
203915,0
203916,0
203917,0
203918,0
203919,0
203920,29
203921,0
203922,0
203923,0
203924,0
203925,0
203926,0
203927,0
203928,0
203929,0
203930,0
203931,0
203932,0
203933,0
203934,0
203935,20
203936,0
203937,0
203938,0
203939,19
203940,0
203941,23
203942,0
203943,0
203944,23
203945,30
203946,0
203947,0
203948,0
203949,0
203950,0
203951,0
203952,0
203953,0
203954,0
203955,0
203956,0
203957,0
203958,0
203959,0
203960,0
203961,0
203962,0
203963,0
203964,0
203965,0
203966,0
203967,0
203968,0
203969,0
203970,0
203971,0
203972,0
203973,0
203974,0
203975,25
203976,0
203977,0
203978,18
203979,0
203980,0
203981,14
203982,0
203983,0
203984,0
203985,0
203986,0
203987,0
203988,0
203989,30
203990,19
203991,0
203992,0
203993,0
203994,24
203995,0
203996,0
203997,0
203998,26
203999,0
204000,22
204001,0
204002,17
204003,0
204004,0
204005,0
204006,0
204007,0
204008,0
204009,0
204010,0
204011,0
204012,0
204013,21
204014,0
204015,0
204016,0
204017,19
204018,0
204019,0
204020,0
204021,0
204022,19
204023,0
204024,20
204025,0
204026,0
204027,0
204028,0
204029,23
204030,0
204031,0
204032,17
204033,0
204034,0
204035,16
204036,0
204037,0
204038,18
204039,0
204040,0
204041,17
204042,0
204043,0
204044,0
204045,0
204046,0
204047,0
204048,19
204049,0
204050,21
204051,0
204052,0
204053,0
204054,0
204055,0
204056,0
204057,0
204058,0
204059,0
204060,30
204061,0
204062,0
204063,0
204064,0
204065,0
204066,0
204067,0
204068,0
204069,18
204070,0
204071,0
204072,0
204073,0
204074,21
204075,0
204076,0
204077,0
204078,0
204079,0
204080,0
204081,0
204082,0
204083,19
204084,17
204085,0
204086,0
204087,18
204088,21
204089,21
204090,0
204091,0
204092,0
204093,35
204094,0
204095,0
204096,0
204097,0
204098,0
204099,0
204100,0
204101,0
204102,0
204103,12
204104,0
204105,0
204106,0
204107,0
204108,0
204109,0
204110,0
204111,0
204112,0
204113,0
204114,0
204115,0
204116,9
204117,0
204118,0
204119,0
204120,15
204121,0
204122,16
204123,0
204124,17
204125,0
204126,14
204127,0
204128,0
204129,0
204130,0
204131,0
204132,0
204133,0
204134,0
204135,0
204136,11
204137,0
204138,0
204139,0
204140,0
204141,0
204142,0
204143,16
204144,0
204145,15
204146,0
204147,22
204148,0
204149,0
204150,0
204151,0
204152,0
204153,0
204154,0
204155,0
204156,0
204157,0
204158,0
204159,0
204160,0
204161,24
204162,0
204163,0
204164,0
204165,0
204166,0
204167,17
204168,0
204169,0
204170,0
204171,0
204172,0
204173,0
204174,0
204175,0
204176,0
204177,0
204178,0
204179,0
204180,0
204181,0
204182,0
204183,0
204184,0
204185,0
204186,19
204187,0
204188,10
204189,0
204190,0
204191,0
204192,0
204193,0
204194,21
204195,0
204196,13
204197,0
204198,0
204199,0
204200,0
204201,0
204202,20
204203,0
204204,0
204205,0
204206,0
204207,0
204208,0
204209,0
204210,0
204211,24
204212,0
204213,0
204214,0
204215,0
204216,0
204217,0
204218,17
204219,0
204220,0
204221,0
204222,0
204223,8
204224,0
204225,0
204226,0
204227,0
204228,0
204229,0
204230,18
204231,0
204232,0
204233,0
204234,0
204235,10
204236,14
204237,0
204238,0
204239,0
204240,0
204241,0
204242,0
204243,0
204244,0
204245,0
204246,16
204247,16
204248,0
204249,0
204250,0
204251,0
204252,0
204253,0
204254,0
204255,0
204256,0
204257,0
204258,0
204259,0
204260,0
204261,0
204262,0
204263,0
204264,0
204265,0
204266,0
204267,0
204268,0
204269,0
204270,0
204271,0
204272,0
204273,13
204274,0
204275,0
204276,0
204277,0
204278,0
204279,0
204280,0
204281,0
204282,0
204283,0
204284,0
204285,0
204286,0
204287,0
204288,0
204289,17
204290,0
204291,0
204292,19
204293,20
204294,9
204295,0
204296,0
204297,0
204298,0
204299,0
204300,0
204301,0
204302,0
204303,0
204304,0
204305,0
204306,26
204307,0
204308,26
204309,0
204310,0
204311,16
204312,0
204313,0
204314,0
204315,24
204316,16
204317,13
204318,0
204319,0
204320,0
204321,0
204322,0
204323,0
204324,0
204325,0
204326,0
204327,0
204328,17
204329,0
204330,0
204331,0
204332,0
204333,0
204334,0
204335,0
204336,0
204337,14
204338,0
204339,0
204340,0
204341,0
204342,0
204343,0
204344,0
204345,17
204346,0
204347,16
204348,0
204349,0
204350,0
204351,0
204352,0
204353,19
204354,0
204355,0
204356,0
204357,22
204358,0
204359,0
204360,0
204361,24
204362,0
204363,0
204364,0
204365,0
204366,0
204367,0
204368,0
204369,0
204370,0
204371,10
204372,0
204373,0
204374,18
204375,0
204376,0
204377,22
204378,0
204379,0
204380,0
204381,0
204382,0
204383,0
204384,0
204385,0
204386,0
204387,0
204388,0
204389,0
204390,20
204391,0
204392,12
204393,0
204394,0
204395,0
204396,0
204397,0
204398,0
204399,15
204400,0
204401,0
204402,0
204403,0
204404,0
204405,0
204406,0
204407,0
204408,0
204409,0
204410,0
204411,0
204412,0
204413,0
204414,0
204415,11
204416,0
204417,0
204418,0
204419,0
204420,0
204421,16
204422,0
204423,0
204424,0
204425,0
204426,0
204427,0
204428,0
204429,0
204430,0
204431,0
204432,0
204433,8
204434,0
204435,0
204436,0
204437,0
204438,9
204439,0
204440,13
204441,0
204442,0
204443,8
204444,0
204445,0
204446,8
204447,6
204448,0
204449,8
204450,0
204451,6
204452,0
204453,0
204454,0
204455,0
204456,6
204457,11
204458,10
204459,0
204460,0
204461,0
204462,0
204463,9
204464,0
204465,0
204466,0
204467,13
204468,12
204469,0
204470,0
204471,0
204472,0
204473,0
204474,0
204475,0
204476,0
204477,0
204478,1
204479,4
204480,0
204481,5
204482,0
204483,0
204484,4
204485,0
204486,0
204487,0
204488,8
204489,0
204490,0
204491,0
204492,0
204493,0
204494,0
204495,0
204496,0
204497,0
204498,0
204499,0
204500,8
204501,0
204502,0
204503,6
204504,0
204505,0
204506,0
204507,0
204508,0
204509,0
204510,0
204511,0
204512,0
204513,0
204514,0
204515,0
204516,0
204517,0
204518,0
204519,0
204520,0
204521,4
204522,4
204523,0
204524,0
204525,0
204526,0
204527,0
204528,0
204529,0
204530,0
204531,0
204532,0
204533,0
204534,0
204535,0
204536,4
204537,0
204538,5
204539,0
204540,0
204541,0
204542,0
204543,11
204544,0
204545,14
204546,0
204547,0
204548,0
204549,0
204550,0
204551,0
204552,0
204553,5
204554,9
204555,0
204556,0
204557,0
204558,5
204559,0
204560,0
204561,0
204562,0
204563,0
204564,0
204565,0
204566,0
204567,0
204568,0
204569,10
204570,9
204571,0
204572,9
204573,0
204574,0
204575,0
204576,0
204577,0
204578,0
204579,0
204580,0
204581,0
204582,7
204583,0
204584,0
204585,7
204586,0
204587,0
204588,0
204589,0
204590,0
204591,4
204592,0
204593,0
204594,0
204595,0
204596,0
204597,0
204598,16
204599,0
204600,0
204601,22
204602,0
204603,0
204604,0
204605,0
204606,0
204607,0
204608,0
204609,0
204610,16
204611,0
204612,0
204613,0
204614,0
204615,0
204616,0
204617,0
204618,0
204619,0
204620,0
204621,0
204622,0
204623,0
204624,0
204625,0
204626,0
204627,0
204628,0
204629,0
204630,0
204631,0
204632,0
204633,14
204634,0
204635,0
204636,0
204637,0
204638,0
204639,0
204640,0
204641,0
204642,0
204643,0
204644,27
204645,0
204646,16
204647,0
204648,0
204649,16
204650,0
204651,0
204652,13
204653,0
204654,0
204655,0
204656,0
204657,0
204658,0
204659,0
204660,0
204661,0
204662,0
204663,0
204664,0
204665,0
204666,0
204667,0
204668,0
204669,0
204670,0
204671,0
204672,0
204673,0
204674,0
204675,0
204676,11
204677,25
204678,0
204679,0
204680,17
204681,0
204682,0
204683,16
204684,0
204685,0
204686,0
204687,20
204688,0
204689,0
204690,32
204691,17
204692,0
204693,0
204694,0
204695,0
204696,0
204697,0
204698,0
204699,0
204700,0
204701,0
204702,0
204703,0
204704,0
204705,0
204706,0
204707,21
204708,19
204709,13
204710,0
204711,0
204712,18
204713,0
204714,0
204715,0
204716,0
204717,0
204718,0
204719,0
204720,0
204721,0
204722,0
204723,0
204724,21
204725,0
204726,0
204727,0
204728,0
204729,0
204730,0
204731,12
204732,0
204733,0
204734,0
204735,0
204736,0
204737,0
204738,22
204739,0
204740,15
204741,24
204742,20
204743,0
204744,37
204745,14
204746,0
204747,31
204748,0
204749,0
204750,0
204751,0
204752,0
204753,0
204754,16
204755,0
204756,0
204757,0
204758,11
204759,0
204760,0
204761,0
204762,0
204763,0
204764,0
204765,15
204766,0
204767,0
204768,0
204769,15
204770,35
204771,0
204772,0
204773,0
204774,0
204775,0
204776,0
204777,0
204778,0
204779,0
204780,0
204781,0
204782,0
204783,0
204784,0
204785,0
204786,0
204787,0
204788,0
204789,0
204790,0
204791,0
204792,0
204793,0
204794,0
204795,0
204796,0
204797,0
204798,16
204799,0
204800,0
204801,0
204802,0
204803,0
204804,13
204805,0
204806,0
204807,19
204808,0
204809,0
204810,0
204811,0
204812,25
204813,0
204814,0
204815,17
204816,28
204817,0
204818,0
204819,0
204820,0
204821,0
204822,0
204823,0
204824,17
204825,0
204826,0
204827,0
204828,0
204829,0
204830,16
204831,0
204832,11
204833,0
204834,0
204835,0
204836,0
204837,0
204838,12
204839,0
204840,0
204841,0
204842,0
204843,0
204844,0
204845,15
204846,17
204847,0
204848,0
204849,0
204850,0
204851,0
204852,0
204853,6
204854,0
204855,20
204856,18
204857,0
204858,0
204859,12
204860,0
204861,0
204862,0
204863,0
204864,0
204865,16
204866,0
204867,0
204868,0
204869,15
204870,0
204871,0
204872,0
204873,0
204874,0
204875,19
204876,0
204877,0
204878,0
204879,21
204880,0
204881,0
204882,0
204883,0
204884,18
204885,0
204886,0
204887,0
204888,0
204889,14
204890,0
204891,0
204892,0
204893,0
204894,0
204895,0
204896,0
204897,0
204898,0
204899,0
204900,0
204901,0
204902,0
204903,0
204904,0
204905,0
204906,0
204907,0
204908,0
204909,0
204910,0
204911,0
204912,0
204913,0
204914,18
204915,0
204916,0
204917,0
204918,0
204919,0
204920,0
204921,0
204922,0
204923,0
204924,0
204925,0
204926,0
204927,0
204928,0
204929,14
204930,12
204931,0
204932,0
204933,0
204934,0
204935,0
204936,0
204937,0
204938,0
204939,0
204940,0
204941,0
204942,0
204943,0
204944,0
204945,0
204946,0
204947,0
204948,0
204949,0
204950,0
204951,0
204952,0
204953,0
204954,0
204955,0
204956,0
204957,0
204958,0
204959,0
204960,0
204961,0
204962,0
204963,0
204964,0
204965,0
204966,0
204967,0
204968,0
204969,0
204970,36
204971,0
204972,0
204973,0
204974,0
204975,0
204976,0
204977,0
204978,0
204979,32
204980,20
204981,18
204982,0
204983,0
204984,0
204985,0
204986,0
204987,25
204988,0
204989,0
204990,0
204991,23
204992,0
204993,14
204994,0
204995,0
204996,0
204997,22
204998,22
204999,0
205000,0
205001,0
205002,0
205003,0
205004,0
205005,0
205006,0
205007,0
205008,0
205009,0
205010,24
205011,0
205012,0
205013,0
205014,0
205015,0
205016,0
205017,0
205018,0
205019,0
205020,0
205021,0
205022,20
205023,9
205024,0
205025,0
205026,0
205027,0
205028,0
205029,0
205030,0
205031,0
205032,0
205033,0
205034,0
205035,0
205036,0
205037,0
205038,0
205039,16
205040,0
205041,0
205042,30
205043,0
205044,0
205045,0
205046,0
205047,0
205048,0
205049,0
205050,0
205051,0
205052,0
205053,0
205054,0
205055,0
205056,0
205057,0
205058,0
205059,0
205060,0
205061,0
205062,20
205063,0
205064,0
205065,0
205066,0
205067,0
205068,0
205069,0
205070,0
205071,0
205072,0
205073,0
205074,0
205075,0
205076,0
205077,0
205078,0
205079,0
205080,0
205081,0
205082,0
205083,0
205084,0
205085,0
205086,0
205087,0
205088,0
205089,0
205090,0
205091,0
205092,18
205093,0
205094,0
205095,0
205096,0
205097,0
205098,0
205099,0
205100,0
205101,25
205102,27
205103,0
205104,0
205105,0
205106,0
205107,0
205108,0
205109,0
205110,0
205111,0
205112,0
205113,0
205114,18
205115,0
205116,0
205117,0
205118,0
205119,0
205120,0
205121,0
205122,0
205123,0
205124,0
205125,0
205126,0
205127,0
205128,0
205129,0
205130,0
205131,0
205132,0
205133,0
205134,0
205135,0
205136,0
205137,0
205138,0
205139,0
205140,0
205141,0
205142,0
205143,0
205144,23
205145,0
205146,0
205147,0
205148,0
205149,0
205150,0
205151,11
205152,0
205153,0
205154,0
205155,0
205156,0
205157,0
205158,0
205159,23
205160,0
205161,0
205162,22
205163,0
205164,0
205165,0
205166,0
205167,0
205168,0
205169,0
205170,0
205171,20
205172,0
205173,0
205174,0
205175,0
205176,0
205177,0
205178,0
205179,0
205180,0
205181,0
205182,0
205183,0
205184,0
205185,0
205186,0
205187,0
205188,15
205189,0
205190,18
205191,0
205192,0
205193,0
205194,0
205195,26
205196,0
205197,0
205198,0
205199,0
205200,0
205201,0
205202,0
205203,0
205204,0
205205,0
205206,0
205207,0
205208,0
205209,18
205210,0
205211,0
205212,0
205213,0
205214,0
205215,0
205216,0
205217,18
205218,0
205219,0
205220,0
205221,20
205222,0
205223,12
205224,0
205225,0
205226,0
205227,0
205228,7
205229,0
205230,0
205231,17
205232,18
205233,0
205234,0
205235,0
205236,0
205237,0
205238,0
205239,0
205240,0
205241,0
205242,0
205243,0
205244,0
205245,0
205246,0
205247,0
205248,0
205249,0
205250,0
205251,0
205252,0
205253,0
205254,0
205255,0
205256,0
205257,12
205258,0
205259,15
205260,0
205261,32
205262,0
205263,0
205264,22
205265,0
205266,0
205267,0
205268,0
205269,19
205270,0
205271,0
205272,0
205273,0
205274,0
205275,0
205276,0
205277,0
205278,0
205279,0
205280,0
205281,0
205282,0
205283,0
205284,0
205285,0
205286,0
205287,0
205288,0
205289,0
205290,0
205291,0
205292,0
205293,0
205294,0
205295,0
205296,0
205297,0
205298,0
205299,0
205300,0
205301,0
205302,0
205303,0
205304,0
205305,0
205306,0
205307,21
205308,0
205309,15
205310,0
205311,25
205312,0
205313,0
205314,0
205315,0
205316,0
205317,0
205318,0
205319,0
205320,12
205321,0
205322,0
205323,0
205324,0
205325,0
205326,0
205327,0
205328,0
205329,0
205330,0
205331,0
205332,20
205333,0
205334,0
205335,0
205336,0
205337,0
205338,0
205339,0
205340,12
205341,0
205342,0
205343,0
205344,0
205345,0
205346,0
205347,0
205348,39
205349,0
205350,0
205351,0
205352,0
205353,0
205354,0
205355,0
205356,0
205357,0
205358,0
205359,0
205360,0
205361,0
205362,0
205363,0
205364,0
205365,0
205366,0
205367,0
205368,0
205369,0
205370,0
205371,0
205372,0
205373,0
205374,0
205375,0
205376,0
205377,0
205378,0
205379,0
205380,0
205381,0
205382,0
205383,0
205384,0
205385,0
205386,0
205387,26
205388,0
205389,0
205390,0
205391,0
205392,0
205393,0
205394,0
205395,0
205396,0
205397,0
205398,0
205399,38
205400,0
205401,0
205402,30
205403,0
205404,0
205405,41
205406,0
205407,0
205408,0
205409,0
205410,0
205411,0
205412,26
205413,0
205414,0
205415,0
205416,0
205417,0
205418,0
205419,0
205420,30
205421,0
205422,0
205423,0
205424,0
205425,0
205426,0
205427,0
205428,0
205429,0
205430,0
205431,0
205432,0
205433,0
205434,0
205435,0
205436,0
205437,17
205438,0
205439,0
205440,0
205441,46
205442,0
205443,0
205444,0
205445,0
205446,0
205447,26
205448,0
205449,0
205450,0
205451,0
205452,0
205453,0
205454,0
205455,0
205456,38
205457,0
205458,0
205459,0
205460,0
205461,32
205462,0
205463,0
205464,0
205465,0
205466,31
205467,0
205468,0
205469,35
205470,0
205471,0
205472,38
205473,0
205474,32
205475,0
205476,0
205477,33
205478,0
205479,0
205480,33
205481,0
205482,0
205483,0
205484,0
205485,0
205486,36
205487,30
205488,0
205489,0
205490,0
205491,0
205492,0
205493,0
205494,40
205495,0
205496,0
205497,0
205498,0
205499,0
205500,0
205501,0
205502,0
205503,0
205504,0
205505,0
205506,0
205507,0
205508,0
205509,0
205510,0
205511,32
205512,0
205513,0
205514,0
205515,0
205516,0
205517,0
205518,0
205519,34
205520,0
205521,0
205522,0
205523,0
205524,35
205525,0
205526,58
205527,23
205528,38
205529,0
205530,0
205531,23
205532,0
205533,0
205534,0
205535,0
205536,0
205537,30
205538,0
205539,28
205540,0
205541,0
205542,0
205543,0
205544,0
205545,0
205546,0
205547,0
205548,29
205549,34
205550,0
205551,0
205552,0
205553,33
205554,0
205555,0
205556,0
205557,0
205558,0
205559,0
205560,0
205561,48
205562,0
205563,24
205564,0
205565,0
205566,0
205567,0
205568,0
205569,0
205570,0
205571,0
205572,0
205573,0
205574,0
205575,35
205576,0
205577,31
205578,0
205579,0
205580,0
205581,0
205582,0
205583,0
205584,0
205585,20
205586,0
205587,0
205588,38
205589,0
205590,0
205591,0
205592,0
205593,31
205594,0
205595,16
205596,0
205597,42
205598,0
205599,0
205600,29
205601,0
205602,29
205603,0
205604,0
205605,0
205606,0
205607,0
205608,0
205609,0
205610,0
205611,0
205612,0
205613,0
205614,51
205615,0
205616,0
205617,37
205618,47
205619,0
205620,0
205621,0
205622,32
205623,0
205624,31
205625,0
205626,0
205627,0
205628,0
205629,0
205630,30
205631,0
205632,39
205633,0
205634,0
205635,0
205636,0
205637,0
205638,0
205639,0
205640,0
205641,0
205642,33
205643,0
205644,0
205645,0
205646,0
205647,0
205648,0
205649,0
205650,0
205651,24
205652,0
205653,0
205654,0
205655,0
205656,35
205657,0
205658,44
205659,0
205660,0
205661,0
205662,0
205663,37
205664,0
205665,0
205666,0
205667,0
205668,0
205669,39
205670,0
205671,0
205672,0
205673,0
205674,0
205675,0
205676,0
205677,0
205678,0
205679,0
205680,0
205681,0
205682,0
205683,0
205684,60
205685,0
205686,0
205687,0
205688,0
205689,0
205690,0
205691,0
205692,0
205693,16
205694,0
205695,0
205696,0
205697,0
205698,0
205699,0
205700,0
205701,0
205702,0
205703,0
205704,0
205705,0
205706,0
205707,0
205708,0
205709,0
205710,0
205711,0
205712,28
205713,31
205714,0
205715,0
205716,31
205717,0
205718,0
205719,0
205720,0
205721,0
205722,0
205723,43
205724,35
205725,0
205726,0
205727,0
205728,0
205729,0
205730,0
205731,40
205732,0
205733,30
205734,35
205735,24
205736,0
205737,0
205738,0
205739,0
205740,0
205741,0
205742,0
205743,0
205744,0
205745,0
205746,0
205747,43
205748,0
205749,0
205750,0
205751,0
205752,41
205753,0
205754,0
205755,0
205756,0
205757,0
205758,0
205759,0
205760,0
205761,0
205762,0
205763,0
205764,0
205765,0
205766,0
205767,44
205768,42
205769,0
205770,31
205771,0
205772,0
205773,0
205774,0
205775,0
205776,0
205777,0
205778,0
205779,0
205780,0
205781,0
205782,29
205783,0
205784,0
205785,35
205786,0
205787,0
205788,43
205789,0
205790,0
205791,0
205792,0
205793,0
205794,0
205795,32
205796,35
205797,0
205798,0
205799,0
205800,0
205801,0
205802,0
205803,0
205804,0
205805,0
205806,0
205807,0
205808,0
205809,0
205810,0
205811,0
205812,0
205813,0
205814,0
205815,0
205816,0
205817,41
205818,0
205819,38
205820,31
205821,0
205822,0
205823,0
205824,0
205825,0
205826,0
205827,0
205828,0
205829,0
205830,0
205831,34
205832,33
205833,0
205834,0
205835,0
205836,0
205837,0
205838,0
205839,0
205840,0
205841,0
205842,0
205843,0
205844,26
205845,0
205846,0
205847,0
205848,0
205849,0
205850,0
205851,0
205852,0
205853,46
205854,0
205855,0
205856,0
205857,31
205858,0
205859,0
205860,0
205861,0
205862,0
205863,0
205864,0
205865,0
205866,0
205867,0
205868,0
205869,0
205870,0
205871,0
205872,0
205873,34
205874,0
205875,0
205876,0
205877,50
205878,0
205879,0
205880,0
205881,44
205882,0
205883,0
205884,0
205885,0
205886,0
205887,0
205888,0
205889,0
205890,45
205891,0
205892,0
205893,0
205894,0
205895,40
205896,0
205897,0
205898,38
205899,0
205900,0
205901,0
205902,26
205903,0
205904,0
205905,0
205906,27
205907,0
205908,0
205909,0
205910,0
205911,0
205912,0
205913,0
205914,0
205915,30
205916,0
205917,28
205918,0
205919,51
205920,0
205921,0
205922,0
205923,0
205924,0
205925,0
205926,0
205927,36
205928,0
205929,0
205930,0
205931,0
205932,47
205933,0
205934,0
205935,27
205936,0
205937,0
205938,0
205939,0
205940,0
205941,0
205942,46
205943,0
205944,0
205945,0
205946,0
205947,0
205948,0
205949,35
205950,0
205951,0
205952,0
205953,0
205954,0
205955,0
205956,0
205957,0
205958,37
205959,0
205960,28
205961,31
205962,29
205963,33
205964,0
205965,0
205966,34
205967,0
205968,0
205969,0
205970,0
205971,0
205972,23
205973,14
205974,0
205975,0
205976,0
205977,0
205978,0
205979,0
205980,0
205981,0
205982,0
205983,18
205984,0
205985,0
205986,0
205987,0
205988,40
205989,0
205990,28
205991,0
205992,0
205993,0
205994,0
205995,0
205996,0
205997,0
205998,0
205999,0
206000,0
206001,35
206002,0
206003,0
206004,30
206005,0
206006,0
206007,0
206008,0
206009,40
206010,0
206011,0
206012,18
206013,0
206014,0
206015,0
206016,0
206017,0
206018,0
206019,0
206020,0
206021,0
206022,0
206023,0
206024,0
206025,0
206026,44
206027,0
206028,0
206029,0
206030,0
206031,38
206032,0
206033,0
206034,0
206035,0
206036,0
206037,16
206038,0
206039,0
206040,0
206041,0
206042,0
206043,0
206044,0
206045,0
206046,0
206047,0
206048,0
206049,24
206050,0
206051,0
206052,0
206053,0
206054,0
206055,0
206056,0
206057,0
206058,0
206059,0
206060,0
206061,0
206062,0
206063,0
206064,49
206065,30
206066,0
206067,37
206068,0
206069,0
206070,0
206071,0
206072,0
206073,0
206074,0
206075,0
206076,0
206077,40
206078,0
206079,0
206080,37
206081,0
206082,0
206083,0
206084,0
206085,0
206086,0
206087,0
206088,0
206089,0
206090,0
206091,0
206092,0
206093,0
206094,0
206095,0
206096,0
206097,0
206098,0
206099,0
206100,0
206101,0
206102,34
206103,0
206104,0
206105,0
206106,0
206107,0
206108,0
206109,21
206110,0
206111,0
206112,0
206113,0
206114,32
206115,0
206116,0
206117,38
206118,0
206119,0
206120,0
206121,0
206122,15
206123,0
206124,18
206125,0
206126,0
206127,0
206128,0
206129,0
206130,34
206131,0
206132,0
206133,0
206134,16
206135,0
206136,0
206137,0
206138,0
206139,0
206140,0
206141,25
206142,0
206143,0
206144,0
206145,0
206146,0
206147,0
206148,0
206149,0
206150,0
206151,0
206152,0
206153,0
206154,0
206155,36
206156,0
206157,0
206158,0
206159,21
206160,0
206161,0
206162,0
206163,0
206164,0
206165,26
206166,26
206167,0
206168,0
206169,50
206170,0
206171,0
206172,0
206173,0
206174,0
206175,0
206176,0
206177,0
206178,0
206179,0
206180,0
206181,0
206182,0
206183,0
206184,0
206185,0
206186,0
206187,19
206188,0
206189,36
206190,0
206191,0
206192,0
206193,35
206194,25
206195,0
206196,0
206197,0
206198,0
206199,29
206200,29
206201,0
206202,0
206203,25
206204,0
206205,20
206206,0
206207,26
206208,0
206209,0
206210,0
206211,0
206212,0
206213,0
206214,0
206215,0
206216,0
206217,0
206218,0
206219,0
206220,0
206221,0
206222,0
206223,0
206224,0
206225,0
206226,0
206227,0
206228,0
206229,0
206230,0
206231,0
206232,22
206233,0
206234,0
206235,0
206236,25
206237,14
206238,11
206239,0
206240,0
206241,0
206242,0
206243,0
206244,0
206245,0
206246,0
206247,9
206248,0
206249,18
206250,0
206251,0
206252,0
206253,0
206254,0
206255,0
206256,0
206257,0
206258,17
206259,0
206260,0
206261,0
206262,0
206263,0
206264,18
206265,0
206266,0
206267,0
206268,0
206269,27
206270,0
206271,0
206272,0
206273,0
206274,24
206275,0
206276,0
206277,0
206278,0
206279,0
206280,0
206281,0
206282,0
206283,0
206284,0
206285,0
206286,0
206287,0
206288,0
206289,0
206290,0
206291,0
206292,26
206293,0
206294,0
206295,0
206296,0
206297,0
206298,0
206299,0
206300,0
206301,0
206302,0
206303,0
206304,0
206305,0
206306,0
206307,0
206308,0
206309,0
206310,0
206311,0
206312,0
206313,0
206314,0
206315,0
206316,0
206317,0
206318,27
206319,29
206320,0
206321,0
206322,0
206323,0
206324,0
206325,0
206326,0
206327,0
206328,0
206329,0
206330,22
206331,20
206332,0
206333,0
206334,0
206335,36
206336,0
206337,0
206338,0
206339,0
206340,0
206341,0
206342,0
206343,24
206344,0
206345,0
206346,0
206347,0
206348,0
206349,0
206350,0
206351,26
206352,0
206353,27
206354,0
206355,0
206356,0
206357,0
206358,23
206359,17
206360,0
206361,0
206362,0
206363,0
206364,0
206365,0
206366,0
206367,0
206368,0
206369,0
206370,0
206371,0
206372,18
206373,34
206374,0
206375,0
206376,0
206377,0
206378,0
206379,21
206380,22
206381,0
206382,0
206383,0
206384,0
206385,0
206386,0
206387,0
206388,0
206389,17
206390,32
206391,0
206392,21
206393,28
206394,0
206395,29
206396,0
206397,0
206398,0
206399,0
206400,0
206401,0
206402,0
206403,0
206404,0
206405,0
206406,0
206407,0
206408,34
206409,27
206410,0
206411,0
206412,26
206413,0
206414,0
206415,0
206416,0
206417,15
206418,0
206419,0
206420,0
206421,0
206422,0
206423,0
206424,0
206425,0
206426,0
206427,0
206428,41
206429,0
206430,0
206431,0
206432,25
206433,18
206434,0
206435,0
206436,18
206437,0
206438,30
206439,0
206440,0
206441,0
206442,0
206443,0
206444,0
206445,0
206446,0
206447,21
206448,0
206449,0
206450,0
206451,25
206452,0
206453,0
206454,0
206455,0
206456,0
206457,0
206458,0
206459,0
206460,0
206461,0
206462,0
206463,0
206464,0
206465,21
206466,0
206467,0
206468,0
206469,0
206470,16
206471,0
206472,0
206473,0
206474,0
206475,31
206476,0
206477,0
206478,0
206479,17
206480,0
206481,30
206482,0
206483,0
206484,0
206485,0
206486,30
206487,0
206488,0
206489,0
206490,0
206491,0
206492,0
206493,28
206494,0
206495,0
206496,0
206497,0
206498,0
206499,0
206500,0
206501,0
206502,0
206503,0
206504,0
206505,0
206506,21
206507,32
206508,0
206509,0
206510,0
206511,19
206512,0
206513,43
206514,0
206515,0
206516,0
206517,24
206518,0
206519,0
206520,0
206521,0
206522,33
206523,0
206524,0
206525,0
206526,0
206527,0
206528,0
206529,0
206530,0
206531,0
206532,0
206533,0
206534,0
206535,36
206536,0
206537,23
206538,0
206539,0
206540,0
206541,0
206542,0
206543,21
206544,33
206545,0
206546,23
206547,0
206548,0
206549,31
206550,0
206551,0
206552,0
206553,0
206554,0
206555,0
206556,0
206557,0
206558,0
206559,0
206560,0
206561,0
206562,0
206563,0
206564,21
206565,0
206566,0
206567,0
206568,25
206569,0
206570,0
206571,0
206572,0
206573,0
206574,0
206575,24
206576,0
206577,0
206578,0
206579,23
206580,0
206581,22
206582,0
206583,14
206584,0
206585,12
206586,0
206587,27
206588,14
206589,26
206590,0
206591,0
206592,0
206593,19
206594,0
206595,0
206596,0
206597,0
206598,0
206599,0
206600,0
206601,0
206602,0
206603,24
206604,0
206605,0
206606,0
206607,0
206608,31
206609,0
206610,0
206611,0
206612,0
206613,0
206614,0
206615,0
206616,0
206617,0
206618,0
206619,0
206620,20
206621,0
206622,0
206623,0
206624,0
206625,0
206626,0
206627,0
206628,0
206629,0
206630,0
206631,0
206632,0
206633,20
206634,0
206635,0
206636,0
206637,0
206638,17
206639,0
206640,0
206641,0
206642,0
206643,0
206644,0
206645,20
206646,27
206647,34
206648,0
206649,0
206650,0
206651,20
206652,0
206653,32
206654,14
206655,0
206656,0
206657,0
206658,0
206659,0
206660,0
206661,17
206662,0
206663,18
206664,0
206665,0
206666,0
206667,0
206668,0
206669,0
206670,0
206671,0
206672,0
206673,28
206674,0
206675,0
206676,0
206677,28
206678,19
206679,30
206680,0
206681,0
206682,24
206683,0
206684,0
206685,0
206686,0
206687,37
206688,0
206689,26
206690,0
206691,0
206692,0
206693,0
206694,18
206695,0
206696,0
206697,0
206698,0
206699,0
206700,0
206701,0
206702,30
206703,0
206704,24
206705,15
206706,0
206707,29
206708,0
206709,0
206710,0
206711,0
206712,0
206713,0
206714,0
206715,0
206716,0
206717,0
206718,0
206719,0
206720,0
206721,0
206722,28
206723,0
206724,0
206725,0
206726,0
206727,0
206728,0
206729,0
206730,0
206731,0
206732,0
206733,0
206734,0
206735,0
206736,0
206737,0
206738,0
206739,0
206740,0
206741,0
206742,0
206743,0
206744,0
206745,0
206746,32
206747,0
206748,0
206749,0
206750,0
206751,27
206752,0
206753,0
206754,0
206755,0
206756,0
206757,0
206758,0
206759,0
206760,0
206761,0
206762,0
206763,0
206764,33
206765,25
206766,0
206767,0
206768,19
206769,0
206770,0
206771,0
206772,0
206773,0
206774,21
206775,0
206776,0
206777,0
206778,0
206779,20
206780,33
206781,0
206782,0
206783,0
206784,27
206785,0
206786,21
206787,0
206788,0
206789,0
206790,23
206791,0
206792,47
206793,0
206794,24
206795,0
206796,0
206797,26
206798,0
206799,0
206800,0
206801,30
206802,0
206803,0
206804,0
206805,0
206806,23
206807,0
206808,0
206809,0
206810,18
206811,29
206812,0
206813,0
206814,0
206815,0
206816,0
206817,0
206818,0
206819,0
206820,0
206821,15
206822,0
206823,23
206824,18
206825,31
206826,27
206827,0
206828,21
206829,20
206830,0
206831,0
206832,0
206833,27
206834,18
206835,0
206836,0
206837,0
206838,24
206839,0
206840,0
206841,33
206842,14
206843,0
206844,0
206845,0
206846,0
206847,0
206848,0
206849,0
206850,0
206851,0
206852,0
206853,18
206854,0
206855,0
206856,0
206857,0
206858,0
206859,25
206860,0
206861,0
206862,0
206863,0
206864,24
206865,0
206866,0
206867,0
206868,0
206869,0
206870,20
206871,0
206872,23
206873,0
206874,0
206875,18
206876,0
206877,0
206878,0
206879,14
206880,0
206881,31
206882,0
206883,0
206884,24
206885,20
206886,0
206887,0
206888,0
206889,0
206890,0
206891,22
206892,0
206893,0
206894,0
206895,18
206896,0
206897,16
206898,0
206899,14
206900,0
206901,0
206902,0
206903,0
206904,20
206905,0
206906,0
206907,0
206908,0
206909,0
206910,0
206911,0
206912,0
206913,0
206914,21
206915,27
206916,0
206917,0
206918,0
206919,0
206920,0
206921,0
206922,0
206923,0
206924,0
206925,0
206926,0
206927,0
206928,0
206929,0
206930,26
206931,0
206932,0
206933,0
206934,0
206935,0
206936,0
206937,0
206938,0
206939,0
206940,0
206941,0
206942,0
206943,0
206944,0
206945,19
206946,0
206947,0
206948,0
206949,0
206950,0
206951,0
206952,0
206953,0
206954,19
206955,0
206956,25
206957,0
206958,0
206959,24
206960,23
206961,0
206962,0
206963,0
206964,0
206965,0
206966,0
206967,0
206968,0
206969,0
206970,0
206971,3
206972,0
206973,2
206974,0
206975,0
206976,0
206977,0
206978,0
206979,0
206980,0
206981,0
206982,8
206983,0
206984,2
206985,0
206986,0
206987,0
206988,0
206989,0
206990,0
206991,0
206992,0
206993,0
206994,0
206995,0
206996,0
206997,0
206998,0
206999,0
207000,0
207001,0
207002,0
207003,0
207004,0
207005,0
207006,0
207007,0
207008,0
207009,2
207010,6
207011,0
207012,0
207013,0
207014,1
207015,3
207016,0
207017,0
207018,0
207019,0
207020,0
207021,0
207022,0
207023,0
207024,0
207025,2
207026,0
207027,0
207028,0
207029,0
207030,0
207031,0
207032,0
207033,0
207034,1
207035,0
207036,0
207037,0
207038,0
207039,0
207040,0
207041,0
207042,0
207043,0
207044,2
207045,0
207046,0
207047,0
207048,0
207049,0
207050,0
207051,0
207052,0
207053,0
207054,0
207055,0
207056,0
207057,2
207058,3
207059,1
207060,0
207061,0
207062,0
207063,0
207064,0
207065,0
207066,0
207067,0
207068,0
207069,3
207070,0
207071,0
207072,0
207073,0
207074,3
207075,4
207076,4
207077,0
207078,0
207079,0
207080,0
207081,0
207082,4
207083,0
207084,0
207085,0
207086,0
207087,0
207088,0
207089,4
207090,0
207091,0
207092,0
207093,1
207094,4
207095,1
207096,0
207097,0
207098,0
207099,0
207100,0
207101,2
207102,0
207103,0
207104,0
207105,0
207106,4
207107,2
207108,0
207109,0
207110,0
207111,0
207112,0
207113,0
207114,0
207115,5
207116,0
207117,0
207118,0
207119,0
207120,0
207121,0
207122,0
207123,0
207124,0
207125,0
207126,0
207127,0
207128,0
207129,0
207130,0
207131,0
207132,0
207133,0
207134,0
207135,0
207136,0
207137,0
207138,0
207139,2
207140,0
207141,0
207142,0
207143,0
207144,0
207145,0
207146,0
207147,0
207148,0
207149,0
207150,0
207151,2
207152,2
207153,4
207154,0
207155,0
207156,4
207157,1
207158,0
207159,0
207160,0
207161,0
207162,0
207163,2
207164,1
207165,1
207166,0
207167,0
207168,0
207169,0
207170,0
207171,0
207172,0
207173,2
207174,0
207175,0
207176,0
207177,0
207178,0
207179,0
207180,0
207181,0
207182,0
207183,0
207184,0
207185,0
207186,0
207187,2
207188,5
207189,0
207190,0
207191,0
207192,0
207193,0
207194,3
207195,0
207196,0
207197,0
207198,0
207199,0
207200,0
207201,0
207202,0
207203,0
207204,0
207205,0
207206,0
207207,0
207208,0
207209,0
207210,0
207211,0
207212,3
207213,0
207214,2
207215,0
207216,0
207217,0
207218,0
207219,0
207220,2
207221,0
207222,0
207223,0
207224,0
207225,0
207226,0
207227,0
207228,1
207229,0
207230,0
207231,3
207232,0
207233,0
207234,0
207235,0
207236,1
207237,0
207238,2
207239,0
207240,0
207241,0
207242,0
207243,0
207244,5
207245,0
207246,1
207247,0
207248,2
207249,3
207250,0
207251,2
207252,6
207253,0
207254,0
207255,0
207256,0
207257,0
207258,0
207259,0
207260,3
207261,2
207262,0
207263,0
207264,0
207265,4
207266,0
207267,0
207268,0
207269,0
207270,2
207271,0
207272,0
207273,5
207274,0
207275,0
207276,0
207277,0
207278,5
207279,0
207280,0
207281,0
207282,0
207283,0
207284,0
207285,0
207286,1
207287,0
207288,0
207289,0
207290,0
207291,0
207292,0
207293,0
207294,0
207295,0
207296,0
207297,0
207298,0
207299,0
207300,1
207301,0
207302,2
207303,0
207304,0
207305,0
207306,0
207307,0
207308,0
207309,0
207310,0
207311,0
207312,1
207313,0
207314,0
207315,0
207316,0
207317,0
207318,0
207319,0
207320,0
207321,0
207322,4
207323,0
207324,0
207325,2
207326,0
207327,0
207328,0
207329,0
207330,2
207331,0
207332,0
207333,0
207334,0
207335,5
207336,0
207337,0
207338,0
207339,0
207340,3
207341,0
207342,0
207343,0
207344,0
207345,0
207346,0
207347,0
207348,0
207349,0
207350,4
207351,2
207352,2
207353,0
207354,0
207355,0
207356,0
207357,0
207358,0
207359,0
207360,0
207361,5
207362,0
207363,0
207364,0
207365,0
207366,5
207367,0
207368,0
207369,0
207370,1
207371,0
207372,0
207373,0
207374,0
207375,0
207376,0
207377,4
207378,0
207379,2
207380,0
207381,0
207382,0
207383,3
207384,0
207385,0
207386,0
207387,0
207388,4
207389,0
207390,0
207391,0
207392,0
207393,3
207394,0
207395,5
207396,0
207397,0
207398,0
207399,0
207400,0
207401,0
207402,0
207403,6
207404,0
207405,0
207406,1
207407,0
207408,0
207409,2
207410,0
207411,0
207412,0
207413,7
207414,0
207415,0
207416,0
207417,0
207418,0
207419,0
207420,0
207421,0
207422,0
207423,0
207424,0
207425,0
207426,6
207427,0
207428,0
207429,0
207430,3
207431,3
207432,0
207433,0
207434,0
207435,0
207436,0
207437,0
207438,0
207439,0
207440,2
207441,0
207442,0
207443,0
207444,0
207445,0
207446,0
207447,0
207448,0
207449,0
207450,0
207451,0
207452,0
207453,0
207454,1
207455,0
207456,0
207457,2
207458,0
207459,0
207460,2
207461,0
207462,0
207463,1
207464,0
207465,0
207466,0
207467,0
207468,4
207469,0
207470,2
207471,3
207472,0
207473,0
207474,0
207475,0
207476,0
207477,0
207478,0
207479,0
207480,0
207481,0
207482,0
207483,2
207484,0
207485,0
207486,1
207487,0
207488,0
207489,0
207490,0
207491,0
207492,0
207493,0
207494,0
207495,0
207496,3
207497,0
207498,0
207499,0
207500,1
207501,0
207502,0
207503,0
207504,0
207505,2
207506,0
207507,3
207508,0
207509,0
207510,0
207511,0
207512,0
207513,0
207514,0
207515,0
207516,0
207517,1
207518,0
207519,0
207520,0
207521,0
207522,1
207523,0
207524,0
207525,2
207526,0
207527,0
207528,0
207529,0
207530,0
207531,0
207532,0
207533,0
207534,0
207535,0
207536,0
207537,9
207538,0
207539,0
207540,0
207541,0
207542,0
207543,0
207544,0
207545,0
207546,0
207547,0
207548,0
207549,0
207550,2
207551,0
207552,1
207553,0
207554,0
207555,0
207556,3
207557,0
207558,4
207559,0
207560,0
207561,2
207562,0
207563,0
207564,0
207565,0
207566,0
207567,0
207568,0
207569,0
207570,0
207571,0
207572,0
207573,4
207574,0
207575,0
207576,0
207577,1
207578,0
207579,0
207580,6
207581,0
207582,0
207583,0
207584,0
207585,0
207586,0
207587,0
207588,0
207589,1
207590,0
207591,0
207592,5
207593,2
207594,0
207595,0
207596,0
207597,1
207598,0
207599,0
207600,0
207601,0
207602,0
207603,0
207604,0
207605,0
207606,0
207607,0
207608,0
207609,0
207610,0
207611,0
207612,0
207613,0
207614,0
207615,0
207616,0
207617,0
207618,0
207619,0
207620,0
207621,5
207622,0
207623,2
207624,0
207625,5
207626,0
207627,0
207628,0
207629,0
207630,0
207631,0
207632,0
207633,1
207634,0
207635,0
207636,0
207637,0
207638,0
207639,0
207640,3
207641,9
207642,0
207643,3
207644,0
207645,0
207646,0
207647,0
207648,0
207649,0
207650,0
207651,0
207652,0
207653,4
207654,0
207655,0
207656,0
207657,0
207658,0
207659,0
207660,0
207661,1
207662,0
207663,0
207664,0
207665,0
207666,0
207667,3
207668,0
207669,1
207670,0
207671,0
207672,0
207673,0
207674,0
207675,0
207676,3
207677,0
207678,0
207679,0
207680,0
207681,0
207682,0
207683,3
207684,3
207685,0
207686,2
207687,0
207688,0
207689,5
207690,0
207691,2
207692,0
207693,5
207694,0
207695,0
207696,0
207697,3
207698,0
207699,0
207700,0
207701,0
207702,0
207703,0
207704,0
207705,0
207706,2
207707,0
207708,0
207709,0
207710,0
207711,3
207712,0
207713,0
207714,0
207715,0
207716,1
207717,4
207718,0
207719,0
207720,0
207721,0
207722,0
207723,2
207724,3
207725,0
207726,2
207727,1
207728,0
207729,0
207730,0
207731,0
207732,0
207733,0
207734,0
207735,1
207736,0
207737,0
207738,0
207739,0
207740,2
207741,0
207742,0
207743,2
207744,0
207745,0
207746,0
207747,0
207748,0
207749,4
207750,0
207751,0
207752,0
207753,2
207754,1
207755,0
207756,0
207757,0
207758,0
207759,6
207760,0
207761,0
207762,0
207763,0
207764,7
207765,0
207766,0
207767,5
207768,5
207769,3
207770,0
207771,0
207772,3
207773,0
207774,0
207775,0
207776,1
207777,0
207778,0
207779,0
207780,0
207781,0
207782,3
207783,0
207784,0
207785,0
207786,0
207787,1
207788,0
207789,0
207790,0
207791,0
207792,0
207793,0
207794,0
207795,0
207796,0
207797,0
207798,0
207799,0
207800,0
207801,8
207802,0
207803,0
207804,3
207805,0
207806,0
207807,0
207808,5
207809,0
207810,0
207811,0
207812,2
207813,0
207814,1
207815,0
207816,0
207817,0
207818,0
207819,0
207820,0
207821,3
207822,0
207823,0
207824,0
207825,0
207826,0
207827,0
207828,0
207829,6
207830,0
207831,0
207832,1
207833,0
207834,0
207835,0
207836,0
207837,0
207838,0
207839,0
207840,0
207841,0
207842,0
207843,0
207844,4
207845,0
207846,0
207847,0
207848,0
207849,0
207850,0
207851,2
207852,0
207853,0
207854,5
207855,0
207856,0
207857,0
207858,0
207859,0
207860,0
207861,0
207862,2
207863,0
207864,3
207865,0
207866,0
207867,0
207868,0
207869,1
207870,0
207871,0
207872,0
207873,0
207874,1
207875,0
207876,0
207877,0
207878,0
207879,0
207880,0
207881,0
207882,0
207883,0
207884,0
207885,0
207886,0
207887,0
207888,0
207889,2
207890,0
207891,0
207892,0
207893,3
207894,0
207895,0
207896,0
207897,4
207898,0
207899,0
207900,6
207901,1
207902,0
207903,0
207904,1
207905,0
207906,0
207907,0
207908,0
207909,0
207910,0
207911,0
207912,0
207913,0
207914,0
207915,0
207916,0
207917,1
207918,0
207919,0
207920,0
207921,0
207922,0
207923,0
207924,0
207925,0
207926,0
207927,3
207928,0
207929,0
207930,0
207931,0
207932,0
207933,0
207934,0
207935,18
207936,12
207937,0
207938,0
207939,0
207940,0
207941,0
207942,20
207943,0
207944,0
207945,14
207946,0
207947,0
207948,0
207949,19
207950,0
207951,10
207952,0
207953,0
207954,0
207955,0
207956,0
207957,0
207958,0
207959,0
207960,0
207961,0
207962,0
207963,0
207964,0
207965,0
207966,0
207967,0
207968,0
207969,0
207970,0
207971,0
207972,0
207973,0
207974,0
207975,0
207976,0
207977,12
207978,0
207979,0
207980,0
207981,0
207982,0
207983,14
207984,0
207985,20
207986,0
207987,0
207988,0
207989,0
207990,0
207991,0
207992,0
207993,0
207994,13
207995,0
207996,0
207997,0
207998,0
207999,0
208000,0
208001,0
208002,0
208003,0
208004,11
208005,0
208006,0
208007,0
208008,0
208009,0
208010,0
208011,21
208012,0
208013,0
208014,0
208015,0
208016,10
208017,0
208018,15
208019,20
208020,0
208021,20
208022,0
208023,0
208024,0
208025,12
208026,0
208027,0
208028,0
208029,0
208030,0
208031,0
208032,0
208033,0
208034,0
208035,18
208036,0
208037,0
208038,0
208039,0
208040,22
208041,0
208042,0
208043,0
208044,0
208045,0
208046,0
208047,12
208048,0
208049,0
208050,0
208051,0
208052,0
208053,0
208054,0
208055,0
208056,0
208057,17
208058,0
208059,0
208060,0
208061,0
208062,0
208063,0
208064,0
208065,0
208066,0
208067,0
208068,0
208069,0
208070,0
208071,0
208072,0
208073,0
208074,0
208075,0
208076,0
208077,0
208078,0
208079,0
208080,19
208081,0
208082,0
208083,0
208084,0
208085,0
208086,8
208087,0
208088,10
208089,0
208090,0
208091,19
208092,15
208093,0
208094,16
208095,0
208096,0
208097,0
208098,0
208099,0
208100,0
208101,0
208102,0
208103,0
208104,0
208105,0
208106,21
208107,0
208108,0
208109,0
208110,0
208111,0
208112,0
208113,0
208114,0
208115,16
208116,0
208117,0
208118,0
208119,0
208120,22
208121,0
208122,0
208123,0
208124,0
208125,0
208126,0
208127,0
208128,0
208129,0
208130,0
208131,24
208132,0
208133,16
208134,0
208135,16
208136,0
208137,0
208138,0
208139,0
208140,0
208141,0
208142,0
208143,0
208144,0
208145,0
208146,0
208147,0
208148,0
208149,0
208150,17
208151,0
208152,0
208153,0
208154,0
208155,0
208156,0
208157,0
208158,0
208159,0
208160,0
208161,13
208162,0
208163,0
208164,12
208165,0
208166,0
208167,0
208168,20
208169,0
208170,0
208171,0
208172,21
208173,0
208174,15
208175,0
208176,0
208177,0
208178,0
208179,0
208180,0
208181,0
208182,0
208183,0
208184,0
208185,0
208186,0
208187,0
208188,0
208189,0
208190,25
208191,0
208192,0
208193,0
208194,9
208195,0
208196,17
208197,0
208198,0
208199,0
208200,0
208201,12
208202,0
208203,0
208204,0
208205,0
208206,0
208207,0
208208,0
208209,0
208210,0
208211,0
208212,11
208213,0
208214,0
208215,0
208216,12
208217,0
208218,0
208219,0
208220,0
208221,0
208222,0
208223,0
208224,23
208225,14
208226,0
208227,28
208228,0
208229,0
208230,0
208231,0
208232,14
208233,0
208234,10
208235,0
208236,0
208237,0
208238,0
208239,6
208240,0
208241,0
208242,0
208243,0
208244,0
208245,0
208246,0
208247,0
208248,14
208249,0
208250,0
208251,0
208252,12
208253,0
208254,0
208255,0
208256,0
208257,0
208258,0
208259,10
208260,0
208261,0
208262,0
208263,0
208264,13
208265,0
208266,13
208267,0
208268,0
208269,4
208270,4
208271,4
208272,0
208273,8
208274,0
208275,0
208276,0
208277,0
208278,0
208279,3
208280,0
208281,0
208282,0
208283,0
208284,0
208285,0
208286,0
208287,0
208288,11
208289,0
208290,0
208291,0
208292,0
208293,0
208294,0
208295,0
208296,0
208297,0
208298,0
208299,0
208300,0
208301,0
208302,0
208303,0
208304,0
208305,0
208306,0
208307,0
208308,0
208309,0
208310,0
208311,0
208312,0
208313,0
208314,0
208315,0
208316,0
208317,2
208318,0
208319,0
208320,0
208321,5
208322,0
208323,0
208324,0
208325,0
208326,0
208327,0
208328,0
208329,0
208330,0
208331,0
208332,0
208333,0
208334,0
208335,0
208336,1
208337,0
208338,0
208339,0
208340,2
208341,5
208342,0
208343,8
208344,0
208345,0
208346,0
208347,0
208348,0
208349,0
208350,0
208351,0
208352,6
208353,0
208354,2
208355,0
208356,0
208357,0
208358,0
208359,6
208360,0
208361,0
208362,0
208363,0
208364,0
208365,0
208366,16
208367,0
208368,0
208369,4
208370,0
208371,0
208372,0
208373,0
208374,0
208375,0
208376,0
208377,0
208378,0
208379,0
208380,0
208381,0
208382,0
208383,0
208384,0
208385,0
208386,0
208387,0
208388,5
208389,0
208390,0
208391,0
208392,3
208393,7
208394,0
208395,0
208396,0
208397,4
208398,0
208399,0
208400,0
208401,0
208402,6
208403,6
208404,0
208405,8
208406,0
208407,0
208408,0
208409,0
208410,0
208411,0
208412,0
208413,0
208414,0
208415,11
208416,0
208417,0
208418,0
208419,0
208420,0
208421,0
208422,0
208423,14
208424,0
208425,0
208426,0
208427,0
208428,0
208429,0
208430,0
208431,0
208432,4
208433,0
208434,7
208435,0
208436,0
208437,0
208438,0
208439,0
208440,0
208441,0
208442,0
208443,0
208444,0
208445,0
208446,0
208447,0
208448,5
208449,0
208450,0
208451,0
208452,0
208453,0
208454,0
208455,0
208456,2
208457,0
208458,0
208459,0
208460,0
208461,1
208462,0
208463,0
208464,0
208465,0
208466,0
208467,0
208468,0
208469,0
208470,0
208471,0
208472,0
208473,0
208474,0
208475,0
208476,17
208477,0
208478,3
208479,0
208480,0
208481,0
208482,0
208483,0
208484,0
208485,8
208486,0
208487,0
208488,0
208489,8
208490,0
208491,0
208492,0
208493,0
208494,0
208495,0
208496,0
208497,0
208498,0
208499,0
208500,0
208501,0
208502,0
208503,0
208504,0
208505,0
208506,0
208507,0
208508,0
208509,0
208510,0
208511,0
208512,0
208513,0
208514,11
208515,8
208516,5
208517,0
208518,0
208519,0
208520,0
208521,0
208522,0
208523,0
208524,0
208525,4
208526,0
208527,0
208528,0
208529,0
208530,0
208531,0
208532,0
208533,0
208534,7
208535,0
208536,0
208537,0
208538,17
208539,0
208540,0
208541,0
208542,0
208543,0
208544,0
208545,0
208546,0
208547,0
208548,0
208549,0
208550,0
208551,0
208552,6
208553,0
208554,14
208555,8
208556,10
208557,0
208558,0
208559,0
208560,0
208561,0
208562,0
208563,0
208564,0
208565,0
208566,0
208567,0
208568,7
208569,0
208570,0
208571,0
208572,0
208573,11
208574,0
208575,0
208576,0
208577,13
208578,0
208579,0
208580,0
208581,8
208582,0
208583,9
208584,0
208585,14
208586,0
208587,0
208588,0
208589,10
208590,9
208591,0
208592,7
208593,14
208594,4
208595,0
208596,4
208597,0
208598,0
208599,0
208600,0
208601,8
208602,0
208603,0
208604,0
208605,0
208606,8
208607,0
208608,0
208609,5
208610,0
208611,0
208612,0
208613,8
208614,0
208615,0
208616,0
208617,0
208618,0
208619,9
208620,0
208621,5
208622,2
208623,0
208624,0
208625,0
208626,0
208627,0
208628,9
208629,0
208630,0
208631,0
208632,9
208633,0
208634,0
208635,6
208636,0
208637,0
208638,0
208639,0
208640,2
208641,0
208642,0
208643,0
208644,0
208645,0
208646,0
208647,0
208648,0
208649,7
208650,8
208651,0
208652,0
208653,0
208654,0
208655,18
208656,0
208657,0
208658,13
208659,0
208660,8
208661,8
208662,6
208663,0
208664,0
208665,0
208666,0
208667,7
208668,0
208669,0
208670,0
208671,5
208672,7
208673,0
208674,0
208675,0
208676,0
208677,0
208678,0
208679,14
208680,0
208681,0
208682,0
208683,0
208684,0
208685,0
208686,0
208687,0
208688,11
208689,11
208690,8
208691,0
208692,0
208693,0
208694,0
208695,9
208696,0
208697,0
208698,0
208699,0
208700,0
208701,9
208702,8
208703,0
208704,0
208705,0
208706,0
208707,0
208708,0
208709,10
208710,10
208711,0
208712,0
208713,0
208714,8
208715,0
208716,15
208717,0
208718,8
208719,0
208720,12
208721,0
208722,0
208723,0
208724,0
208725,0
208726,0
208727,0
208728,0
208729,0
208730,0
208731,0
208732,0
208733,11
208734,0
208735,0
208736,0
208737,0
208738,0
208739,0
208740,0
208741,13
208742,0
208743,0
208744,0
208745,0
208746,0
208747,0
208748,0
208749,0
208750,0
208751,0
208752,0
208753,0
208754,7
208755,0
208756,0
208757,0
208758,0
208759,0
208760,0
208761,13
208762,8
208763,0
208764,0
208765,0
208766,0
208767,12
208768,0
208769,0
208770,0
208771,0
208772,0
208773,0
208774,0
208775,0
208776,0
208777,0
208778,0
208779,0
208780,0
208781,0
208782,0
208783,9
208784,0
208785,0
208786,11
208787,0
208788,0
208789,0
208790,0
208791,6
208792,0
208793,0
208794,0
208795,0
208796,2
208797,0
208798,0
208799,0
208800,0
208801,0
208802,8
208803,0
208804,6
208805,0
208806,0
208807,7
208808,0
208809,0
208810,0
208811,10
208812,0
208813,0
208814,14
208815,0
208816,0
208817,0
208818,0
208819,0
208820,0
208821,0
208822,0
208823,12
208824,0
208825,12
208826,0
208827,9
208828,0
208829,9
208830,7
208831,8
208832,0
208833,0
208834,0
208835,0
208836,0
208837,0
208838,0
208839,5
208840,10
208841,0
208842,0
208843,0
208844,0
208845,0
208846,14
208847,11
208848,0
208849,0
208850,0
208851,0
208852,0
208853,0
208854,0
208855,0
208856,4
208857,0
208858,0
208859,0
208860,0
208861,0
208862,0
208863,0
208864,0
208865,0
208866,0
208867,13
208868,0
208869,0
208870,0
208871,0
208872,0
208873,5
208874,0
208875,0
208876,0
208877,0
208878,0
208879,0
208880,0
208881,0
208882,0
208883,0
208884,0
208885,0
208886,0
208887,0
208888,0
208889,6
208890,0
208891,6
208892,0
208893,5
208894,3
208895,0
208896,0
208897,0
208898,0
208899,0
208900,10
208901,0
208902,6
208903,0
208904,0
208905,0
208906,0
208907,5
208908,0
208909,0
208910,0
208911,0
208912,1
208913,0
208914,0
208915,0
208916,0
208917,10
208918,0
208919,0
208920,11
208921,0
208922,14
208923,0
208924,0
208925,0
208926,0
208927,0
208928,0
208929,0
208930,0
208931,0
208932,0
208933,0
208934,10
208935,0
208936,0
208937,0
208938,0
208939,0
208940,0
208941,14
208942,8
208943,0
208944,0
208945,10
208946,0
208947,0
208948,0
208949,0
208950,10
208951,0
208952,0
208953,0
208954,0
208955,0
208956,24
208957,0
208958,0
208959,0
208960,0
208961,0
208962,0
208963,0
208964,0
208965,0
208966,0
208967,0
208968,0
208969,0
208970,0
208971,0
208972,0
208973,0
208974,0
208975,18
208976,12
208977,0
208978,0
208979,12
208980,0
208981,0
208982,0
208983,0
208984,0
208985,0
208986,0
208987,0
208988,0
208989,0
208990,0
208991,0
208992,7
208993,0
208994,0
208995,0
208996,0
208997,0
208998,0
208999,0
209000,0
209001,0
209002,0
209003,0
209004,0
209005,0
209006,0
209007,0
209008,0
209009,0
209010,0
209011,0
209012,0
209013,0
209014,0
209015,7
209016,0
209017,0
209018,0
209019,0
209020,0
209021,0
209022,0
209023,0
209024,0
209025,0
209026,0
209027,0
209028,0
209029,0
209030,0
209031,0
209032,0
209033,0
209034,0
209035,0
209036,0
209037,8
209038,0
209039,0
209040,0
209041,0
209042,0
209043,0
209044,0
209045,0
209046,0
209047,0
209048,0
209049,0
209050,0
209051,0
209052,0
209053,19
209054,0
209055,0
209056,0
209057,0
209058,0
209059,0
209060,0
209061,0
209062,0
209063,0
209064,0
209065,0
209066,0
209067,8
209068,0
209069,0
209070,7
209071,0
209072,11
209073,0
209074,0
209075,14
209076,0
209077,0
209078,0
209079,0
209080,0
209081,3
209082,0
209083,0
209084,0
209085,0
209086,0
209087,0
209088,10
209089,0
209090,0
209091,0
209092,0
209093,0
209094,0
209095,23
209096,0
209097,0
209098,11
209099,0
209100,0
209101,14
209102,0
209103,0
209104,0
209105,0
209106,0
209107,0
209108,0
209109,0
209110,0
209111,0
209112,0
209113,0
209114,0
209115,0
209116,0
209117,0
209118,10
209119,0
209120,9
209121,0
209122,0
209123,0
209124,13
209125,0
209126,0
209127,0
209128,0
209129,0
209130,0
209131,0
209132,0
209133,0
209134,0
209135,0
209136,0
209137,0
209138,0
209139,0
209140,0
209141,0
209142,0
209143,0
209144,0
209145,0
209146,0
209147,0
209148,0
209149,11
209150,13
209151,0
209152,0
209153,0
209154,0
209155,0
209156,0
209157,0
209158,0
209159,0
209160,0
209161,5
209162,0
209163,0
209164,0
209165,0
209166,0
209167,0
209168,0
209169,0
209170,0
209171,0
209172,0
209173,0
209174,0
209175,0
209176,0
209177,14
209178,0
209179,5
209180,0
209181,0
209182,0
209183,0
209184,14
209185,0
209186,0
209187,0
209188,0
209189,0
209190,0
209191,0
209192,0
209193,0
209194,0
209195,0
209196,0
209197,15
209198,0
209199,8
209200,0
209201,0
209202,0
209203,0
209204,0
209205,0
209206,0
209207,0
209208,0
209209,0
209210,0
209211,0
209212,0
209213,0
209214,16
209215,0
209216,0
209217,0
209218,0
209219,0
209220,0
209221,0
209222,0
209223,0
209224,0
209225,0
209226,14
209227,0
209228,0
209229,0
209230,20
209231,0
209232,0
209233,0
209234,0
209235,0
209236,0
209237,0
209238,0
209239,0
209240,13
209241,11
209242,0
209243,0
209244,9
209245,0
209246,0
209247,0
209248,0
209249,0
209250,0
209251,0
209252,0
209253,0
209254,0
209255,0
209256,0
209257,0
209258,0
209259,0
209260,0
209261,8
209262,0
209263,0
209264,0
209265,0
209266,0
209267,0
209268,0
209269,0
209270,0
209271,5
209272,0
209273,0
209274,0
209275,0
209276,0
209277,5
209278,12
209279,0
209280,0
209281,0
209282,0
209283,0
209284,0
209285,19
209286,0
209287,0
209288,0
209289,0
209290,0
209291,5
209292,0
209293,0
209294,21
209295,0
209296,0
209297,0
209298,0
209299,0
209300,0
209301,0
209302,0
209303,0
209304,0
209305,0
209306,0
209307,0
209308,0
209309,5
209310,9
209311,14
209312,0
209313,0
209314,6
209315,0
209316,0
209317,0
209318,0
209319,0
209320,4
209321,0
209322,0
209323,0
209324,0
209325,0
209326,8
209327,0
209328,0
209329,0
209330,0
209331,0
209332,0
209333,0
209334,0
209335,0
209336,0
209337,0
209338,0
209339,0
209340,8
209341,0
209342,0
209343,0
209344,0
209345,0
209346,0
209347,8
209348,0
209349,0
209350,0
209351,0
209352,0
209353,0
209354,0
209355,0
209356,6
209357,0
209358,0
209359,0
209360,0
209361,0
209362,0
209363,0
209364,0
209365,0
209366,0
209367,0
209368,0
209369,0
209370,0
209371,0
209372,12
209373,15
209374,0
209375,7
209376,0
209377,0
209378,0
209379,0
209380,0
209381,0
209382,0
209383,0
209384,0
209385,0
209386,0
209387,0
209388,0
209389,0
209390,0
209391,10
209392,0
209393,0
209394,0
209395,0
209396,0
209397,0
209398,0
209399,0
209400,0
209401,14
209402,0
209403,0
209404,0
209405,0
209406,0
209407,0
209408,0
209409,0
209410,25
209411,0
209412,0
209413,0
209414,0
209415,0
209416,46
209417,33
209418,0
209419,0
209420,0
209421,0
209422,34
209423,0
209424,0
209425,42
209426,0
209427,0
209428,0
209429,0
209430,0
209431,0
209432,0
209433,0
209434,0
209435,34
209436,0
209437,0
209438,47
209439,0
209440,0
209441,0
209442,22
209443,0
209444,0
209445,24
209446,0
209447,0
209448,45
209449,0
209450,0
209451,46
209452,0
209453,0
209454,0
209455,0
209456,0
209457,0
209458,0
209459,0
209460,0
209461,41
209462,44
209463,0
209464,24
209465,0
209466,0
209467,0
209468,26
209469,0
209470,0
209471,0
209472,0
209473,0
209474,45
209475,0
209476,0
209477,0
209478,0
209479,0
209480,0
209481,0
209482,0
209483,0
209484,27
209485,0
209486,0
209487,0
209488,0
209489,0
209490,0
209491,0
209492,39
209493,0
209494,0
209495,0
209496,33
209497,0
209498,40
209499,0
209500,39
209501,0
209502,0
209503,0
209504,0
209505,45
209506,0
209507,0
209508,0
209509,0
209510,0
209511,17
209512,36
209513,56
209514,0
209515,0
209516,0
209517,0
209518,17
209519,0
209520,0
209521,0
209522,31
209523,0
209524,0
209525,0
209526,48
209527,0
209528,0
209529,0
209530,0
209531,45
209532,0
209533,0
209534,0
209535,0
209536,0
209537,0
209538,14
209539,0
209540,0
209541,0
209542,0
209543,36
209544,0
209545,0
209546,0
209547,0
209548,0
209549,0
209550,0
209551,0
209552,0
209553,0
209554,0
209555,0
209556,0
209557,0
209558,0
209559,0
209560,37
209561,64
209562,0
209563,0
209564,31
209565,0
209566,37
209567,0
209568,0
209569,0
209570,0
209571,0
209572,0
209573,0
209574,0
209575,0
209576,0
209577,0
209578,0
209579,0
209580,47
209581,0
209582,18
209583,34
209584,0
209585,49
209586,35
209587,0
209588,0
209589,0
209590,0
209591,0
209592,0
209593,0
209594,0
209595,25
209596,0
209597,29
209598,0
209599,33
209600,0
209601,0
209602,0
209603,70
209604,0
209605,0
209606,0
209607,37
209608,0
209609,0
209610,0
209611,0
209612,0
209613,0
209614,0
209615,0
209616,0
209617,0
209618,48
209619,0
209620,0
209621,0
209622,43
209623,0
209624,0
209625,0
209626,0
209627,0
209628,0
209629,0
209630,0
209631,33
209632,0
209633,0
209634,27
209635,44
209636,28
209637,0
209638,0
209639,0
209640,0
209641,0
209642,0
209643,0
209644,0
209645,0
209646,0
209647,34
209648,0
209649,49
209650,0
209651,0
209652,22
209653,47
209654,0
209655,0
209656,37
209657,0
209658,0
209659,0
209660,0
209661,17
209662,45
209663,0
209664,22
209665,31
209666,33
209667,0
209668,19
209669,53
209670,35
209671,0
209672,0
209673,0
209674,0
209675,0
209676,41
209677,0
209678,0
209679,0
209680,47
209681,0
209682,0
209683,0
209684,21
209685,19
209686,0
209687,0
209688,52
209689,0
209690,0
209691,42
209692,0
209693,34
209694,0
209695,0
209696,0
209697,0
209698,0
209699,0
209700,0
209701,0
209702,19
209703,0
209704,0
209705,0
209706,29
209707,0
209708,0
209709,60
209710,0
209711,0
209712,0
209713,0
209714,0
209715,0
209716,0
209717,40
209718,0
209719,0
209720,63
209721,0
209722,0
209723,0
209724,0
209725,0
209726,0
209727,0
209728,0
209729,0
209730,0
209731,0
209732,30
209733,0
209734,0
209735,0
209736,0
209737,0
209738,0
209739,54
209740,52
209741,0
209742,67
209743,0
209744,0
209745,0
209746,23
209747,37
209748,0
209749,0
209750,0
209751,0
209752,0
209753,0
209754,0
209755,34
209756,0
209757,0
209758,0
209759,0
209760,25
209761,0
209762,0
209763,0
209764,0
209765,35
209766,0
209767,0
209768,0
209769,0
209770,0
209771,0
209772,49
209773,0
209774,0
209775,0
209776,0
209777,0
209778,38
209779,0
209780,0
209781,0
209782,0
209783,0
209784,0
209785,0
209786,0
209787,0
209788,0
209789,0
209790,0
209791,0
209792,0
209793,0
209794,0
209795,0
209796,0
209797,0
209798,41
209799,0
209800,0
209801,37
209802,0
209803,11
209804,49
209805,0
209806,69
209807,0
209808,0
209809,0
209810,0
209811,56
209812,0
209813,0
209814,0
209815,0
209816,0
209817,0
209818,0
209819,0
209820,0
209821,0
209822,51
209823,0
209824,0
209825,0
209826,25
209827,0
209828,0
209829,0
209830,0
209831,0
209832,0
209833,0
209834,0
209835,52
209836,0
209837,50
209838,32
209839,25
209840,42
209841,0
209842,0
209843,0
209844,0
209845,0
209846,0
209847,0
209848,0
209849,0
209850,32
209851,0
209852,66
209853,52
209854,19
209855,0
209856,0
209857,27
209858,0
209859,35
209860,0
209861,0
209862,47
209863,0
209864,0
209865,41
209866,0
209867,0
209868,0
209869,0
209870,0
209871,0
209872,32
209873,35
209874,0
209875,0
209876,0
209877,43
209878,36
209879,67
209880,0
209881,0
209882,40
209883,0
209884,0
209885,37
209886,0
209887,0
209888,58
209889,45
209890,25
209891,0
209892,27
209893,26
209894,0
209895,0
209896,0
209897,26
209898,0
209899,0
209900,0
209901,0
209902,0
209903,0
209904,0
209905,0
209906,0
209907,39
209908,0
209909,0
209910,0
209911,0
209912,48
209913,0
209914,0
209915,0
209916,49
209917,0
209918,28
209919,0
209920,46
209921,42
209922,0
209923,0
209924,0
209925,0
209926,0
209927,0
209928,0
209929,32
209930,0
209931,0
209932,0
209933,0
209934,49
209935,0
209936,0
209937,30
209938,0
209939,64
209940,30
209941,0
209942,18
209943,0
209944,0
209945,0
209946,0
209947,0
209948,0
209949,20
209950,0
209951,0
209952,0
209953,0
209954,0
209955,0
209956,0
209957,0
209958,27
209959,0
209960,0
209961,27
209962,0
209963,0
209964,0
209965,35
209966,0
209967,0
209968,44
209969,0
209970,0
209971,0
209972,90
209973,0
209974,0
209975,21
209976,0
209977,0
209978,0
209979,0
209980,42
209981,0
209982,36
209983,0
209984,0
209985,0
209986,0
209987,22
209988,0
209989,0
209990,0
209991,0
209992,0
209993,0
209994,36
209995,0
209996,0
209997,0
209998,29
209999,0
210000,30
210001,0
210002,0
210003,0
210004,0
210005,0
210006,0
210007,22
210008,0
210009,32
210010,0
210011,0
210012,0
210013,49
210014,0
210015,0
210016,0
210017,0
210018,0
210019,0
210020,0
210021,0
210022,0
210023,61
210024,0
210025,0
210026,0
210027,0
210028,41
210029,0
210030,0
210031,36
210032,0
210033,0
210034,0
210035,0
210036,0
210037,0
210038,0
210039,0
210040,0
210041,0
210042,0
210043,0
210044,0
210045,10
210046,0
210047,33
210048,0
210049,0
210050,69
210051,0
210052,0
210053,0
210054,0
210055,61
210056,0
210057,0
210058,0
210059,0
210060,35
210061,0
210062,0
210063,0
210064,0
210065,0
210066,0
210067,0
210068,0
210069,39
210070,0
210071,0
210072,0
210073,0
210074,39
210075,0
210076,0
210077,0
210078,0
210079,0
210080,0
210081,0
210082,0
210083,0
210084,0
210085,0
210086,34
210087,0
210088,0
210089,0
210090,0
210091,0
210092,0
210093,30
210094,0
210095,0
210096,44
210097,0
210098,0
210099,0
210100,0
210101,0
210102,36
210103,0
210104,0
210105,44
210106,54
210107,0
210108,0
210109,0
210110,0
210111,0
210112,29
210113,0
210114,0
210115,0
210116,39
210117,0
210118,50
210119,0
210120,0
210121,0
210122,30
210123,0
210124,0
210125,0
210126,0
210127,0
210128,35
210129,0
210130,0
210131,0
210132,0
210133,0
210134,0
210135,0
210136,23
210137,0
210138,0
210139,0
210140,0
210141,0
210142,34
210143,0
210144,0
210145,37
210146,0
210147,0
210148,0
210149,0
210150,0
210151,0
210152,0
210153,0
210154,0
210155,0
210156,23
210157,0
210158,0
210159,0
210160,0
210161,32
210162,0
210163,0
210164,0
210165,0
210166,0
210167,26
210168,46
210169,0
210170,0
210171,0
210172,0
210173,0
210174,0
210175,0
210176,0
210177,0
210178,0
210179,0
210180,0
210181,0
210182,0
210183,0
210184,0
210185,0
210186,0
210187,0
210188,0
210189,0
210190,0
210191,0
210192,0
210193,0
210194,0
210195,0
210196,0
210197,0
210198,0
210199,0
210200,0
210201,0
210202,0
210203,0
210204,0
210205,0
210206,0
210207,0
210208,0
210209,19
210210,0
210211,0
210212,0
210213,0
210214,0
210215,0
210216,0
210217,0
210218,0
210219,0
210220,0
210221,0
210222,0
210223,0
210224,0
210225,0
210226,0
210227,0
210228,0
210229,0
210230,31
210231,25
210232,0
210233,0
210234,0
210235,0
210236,0
210237,0
210238,0
210239,0
210240,0
210241,0
210242,16
210243,15
210244,0
210245,0
210246,0
210247,0
210248,17
210249,0
210250,0
210251,0
210252,0
210253,0
210254,0
210255,0
210256,0
210257,0
210258,0
210259,0
210260,0
210261,0
210262,0
210263,0
210264,0
210265,0
210266,19
210267,0
210268,0
210269,0
210270,0
210271,0
210272,0
210273,0
210274,0
210275,0
210276,0
210277,0
210278,0
210279,0
210280,0
210281,0
210282,0
210283,0
210284,0
210285,0
210286,15
210287,0
210288,0
210289,0
210290,0
210291,0
210292,0
210293,0
210294,0
210295,0
210296,0
210297,0
210298,0
210299,0
210300,0
210301,0
210302,0
210303,0
210304,0
210305,0
210306,0
210307,0
210308,0
210309,0
210310,0
210311,0
210312,0
210313,0
210314,0
210315,0
210316,0
210317,0
210318,0
210319,0
210320,0
210321,0
210322,0
210323,0
210324,0
210325,0
210326,0
210327,0
210328,0
210329,0
210330,0
210331,0
210332,0
210333,0
210334,0
210335,0
210336,0
210337,0
210338,0
210339,0
210340,0
210341,0
210342,0
210343,0
210344,0
210345,0
210346,0
210347,0
210348,0
210349,0
210350,0
210351,0
210352,0
210353,0
210354,0
210355,0
210356,0
210357,0
210358,0
210359,0
210360,0
210361,0
210362,0
210363,0
210364,0
210365,0
210366,0
210367,0
210368,0
210369,0
210370,0
210371,0
210372,0
210373,0
210374,0
210375,0
210376,0
210377,0
210378,0
210379,0
210380,0
210381,0
210382,0
210383,0
210384,0
210385,0
210386,0
210387,0
210388,0
210389,0
210390,0
210391,0
210392,0
210393,0
210394,0
210395,0
210396,0
210397,0
210398,0
210399,0
210400,0
210401,0
210402,0
210403,0
210404,0
210405,0
210406,0
210407,0
210408,0
210409,0
210410,0
210411,0
210412,0
210413,0
210414,0
210415,0
210416,0
210417,0
210418,0
210419,0
210420,0
210421,0
210422,0
210423,0
210424,0
210425,0
210426,1
210427,0
210428,0
210429,0
210430,0
210431,0
210432,0
210433,0
210434,0
210435,0
210436,0
210437,0
210438,0
210439,0
210440,0
210441,0
210442,0
210443,0
210444,0
210445,0
210446,0
210447,0
210448,0
210449,0
210450,0
210451,0
210452,0
210453,0
210454,0
210455,0
210456,0
210457,0
210458,0
210459,0
210460,0
210461,0
210462,0
210463,0
210464,0
210465,0
210466,0
210467,0
210468,0
210469,0
210470,0
210471,0
210472,0
210473,0
210474,0
210475,0
210476,0
210477,0
210478,0
210479,0
210480,0
210481,0
210482,0
210483,0
210484,0
210485,0
210486,0
210487,0
210488,0
210489,0
210490,0
210491,0
210492,0
210493,0
210494,0
210495,0
210496,0
210497,0
210498,0
210499,0
210500,0
210501,0
210502,0
210503,0
210504,0
210505,0
210506,0
210507,0
210508,0
210509,0
210510,0
210511,0
210512,0
210513,0
210514,0
210515,0
210516,0
210517,0
210518,0
210519,0
210520,0
210521,0
210522,0
210523,0
210524,0
210525,0
210526,0
210527,0
210528,0
210529,0
210530,0
210531,0
210532,0
210533,0
210534,0
210535,0
210536,0
210537,0
210538,0
210539,0
210540,0
210541,0
210542,0
210543,0
210544,0
210545,0
210546,0
210547,0
210548,0
210549,0
210550,0
210551,0
210552,0
210553,0
210554,0
210555,0
210556,0
210557,0
210558,0
210559,0
210560,0
210561,0
210562,0
210563,0
210564,0
210565,0
210566,0
210567,0
210568,0
210569,0
210570,0
210571,0
210572,0
210573,0
210574,0
210575,0
210576,0
210577,0
210578,0
210579,0
210580,0
210581,0
210582,0
210583,0
210584,0
210585,0
210586,0
210587,0
210588,0
210589,0
210590,0
210591,0
210592,0
210593,0
210594,0
210595,0
210596,0
210597,0
210598,0
210599,0
210600,0
210601,0
210602,0
210603,0
210604,1
210605,0
210606,0
210607,0
210608,0
210609,0
210610,0
210611,0
210612,0
210613,0
210614,0
210615,0
210616,0
210617,0
210618,0
210619,0
210620,0
210621,0
210622,0
210623,0
210624,0
210625,0
210626,0
210627,0
210628,0
210629,0
210630,0
210631,0
210632,0
210633,0
210634,0
210635,0
210636,0
210637,0
210638,0
210639,0
210640,0
210641,0
210642,0
210643,0
210644,0
210645,0
210646,0
210647,0
210648,0
210649,0
210650,0
210651,0
210652,0
210653,0
210654,0
210655,0
210656,0
210657,0
210658,0
210659,0
210660,0
210661,0
210662,0
210663,0
210664,0
210665,0
210666,0
210667,0
210668,0
210669,0
210670,0
210671,0
210672,0
210673,0
210674,0
210675,0
210676,0
210677,0
210678,0
210679,0
210680,0
210681,0
210682,0
210683,0
210684,0
210685,0
210686,0
210687,0
210688,0
210689,0
210690,0
210691,0
210692,0
210693,0
210694,0
210695,0
210696,0
210697,0
210698,0
210699,0
210700,0
210701,0
210702,0
210703,0
210704,0
210705,0
210706,0
210707,0
210708,0
210709,0
210710,0
210711,0
210712,0
210713,0
210714,0
210715,0
210716,0
210717,0
210718,0
210719,0
210720,0
210721,0
210722,0
210723,0
210724,0
210725,0
210726,0
210727,0
210728,0
210729,0
210730,0
210731,0
210732,0
210733,0
210734,0
210735,0
210736,0
210737,0
210738,0
210739,1
210740,0
210741,0
210742,0
210743,0
210744,0
210745,0
210746,0
210747,0
210748,0
210749,0
210750,0
210751,0
210752,0
210753,0
210754,0
210755,0
210756,0
210757,0
210758,0
210759,0
210760,0
210761,0
210762,0
210763,0
210764,0
210765,0
210766,0
210767,0
210768,0
210769,0
210770,0
210771,0
210772,0
210773,0
210774,0
210775,0
210776,0
210777,0
210778,0
210779,0
210780,0
210781,0
210782,0
210783,0
210784,0
210785,0
210786,0
210787,0
210788,0
210789,0
210790,0
210791,0
210792,0
210793,0
210794,0
210795,0
210796,0
210797,0
210798,0
210799,0
210800,0
210801,0
210802,0
210803,0
210804,0
210805,0
210806,0
210807,0
210808,0
210809,0
210810,0
210811,0
210812,0
210813,0
210814,0
210815,0
210816,0
210817,0
210818,0
210819,0
210820,0
210821,0
210822,0
210823,0
210824,0
210825,0
210826,0
210827,0
210828,0
210829,0
210830,0
210831,0
210832,0
210833,0
210834,0
210835,0
210836,0
210837,0
210838,0
210839,0
210840,0
210841,0
210842,0
210843,0
210844,0
210845,0
210846,0
210847,0
210848,0
210849,0
210850,0
210851,0
210852,0
210853,0
210854,0
210855,0
210856,0
210857,0
210858,0
210859,0
210860,0
210861,0
210862,0
210863,0
210864,0
210865,0
210866,0
210867,0
210868,0
210869,0
210870,0
210871,0
210872,0
210873,0
210874,0
210875,0
210876,0
210877,0
210878,0
210879,0
210880,0
210881,0
210882,0
210883,0
210884,0
210885,0
210886,0
210887,0
210888,0
210889,0
210890,0
210891,0
210892,0
210893,0
210894,0
210895,0
210896,0
210897,0
210898,0
210899,0
210900,0
210901,0
210902,0
210903,0
210904,0
210905,0
210906,0
210907,0
210908,0
210909,0
210910,0
210911,0
210912,0
210913,0
210914,0
210915,0
210916,0
210917,0
210918,0
210919,0
210920,0
210921,0
210922,0
210923,0
210924,0
210925,0
210926,0
210927,0
210928,0
210929,0
210930,0
210931,0
210932,0
210933,0
210934,0
210935,0
210936,0
210937,0
210938,0
210939,0
210940,0
210941,0
210942,0
210943,0
210944,0
210945,0
210946,0
210947,0
210948,0
210949,0
210950,0
210951,0
210952,0
210953,0
210954,0
210955,0
210956,0
210957,0
210958,0
210959,0
210960,0
210961,0
210962,0
210963,0
210964,0
210965,0
210966,0
210967,0
210968,0
210969,0
210970,0
210971,0
210972,0
210973,0
210974,0
210975,0
210976,0
210977,0
210978,0
210979,0
210980,0
210981,0
210982,0
210983,0
210984,0
210985,0
210986,0
210987,0
210988,0
210989,0
210990,0
210991,0
210992,0
210993,0
210994,0
210995,0
210996,0
210997,0
210998,0
210999,0
211000,0
211001,0
211002,0
211003,0
211004,0
211005,0
211006,0
211007,0
211008,0
211009,0
211010,0
211011,0
211012,0
211013,0
211014,0
211015,0
211016,0
211017,0
211018,0
211019,0
211020,0
211021,0
211022,0
211023,0
211024,0
211025,0
211026,0
211027,0
211028,0
211029,0
211030,0
211031,0
211032,0
211033,0
211034,0
211035,0
211036,0
211037,0
211038,0
211039,0
211040,0
211041,0
211042,0
211043,0
211044,0
211045,0
211046,0
211047,0
211048,0
211049,0
211050,0
211051,0
211052,0
211053,0
211054,0
211055,1
211056,0
211057,0
211058,0
211059,0
211060,0
211061,0
211062,0
211063,0
211064,0
211065,0
211066,0
211067,0
211068,0
211069,0
211070,0
211071,0
211072,0
211073,0
211074,0
211075,0
211076,0
211077,0
211078,0
211079,0
211080,0
211081,0
211082,0
211083,0
211084,0
211085,0
211086,0
211087,0
211088,0
211089,0
211090,0
211091,0
211092,0
211093,0
211094,0
211095,0
211096,0
211097,0
211098,0
211099,0
211100,0
211101,0
211102,0
211103,0
211104,0
211105,0
211106,0
211107,0
211108,0
211109,0
211110,0
211111,0
211112,0
211113,0
211114,0
211115,0
211116,0
211117,0
211118,0
211119,0
211120,0
211121,0
211122,0
211123,0
211124,0
211125,0
211126,0
211127,0
211128,0
211129,0
211130,0
211131,0
211132,0
211133,0
211134,0
211135,0
211136,0
211137,0
211138,0
211139,0
211140,0
211141,0
211142,0
211143,0
211144,0
211145,0
211146,0
211147,0
211148,0
211149,0
211150,0
211151,0
211152,0
211153,0
211154,0
211155,0
211156,0
211157,0
211158,0
211159,0
211160,0
211161,0
211162,0
211163,0
211164,0
211165,0
211166,0
211167,0
211168,0
211169,0
211170,0
211171,35
211172,0
211173,0
211174,0
211175,0
211176,0
211177,0
211178,0
211179,0
211180,0
211181,0
211182,0
211183,26
211184,0
211185,0
211186,0
211187,0
211188,67
211189,0
211190,0
211191,26
211192,0
211193,0
211194,0
211195,0
211196,0
211197,22
211198,0
211199,0
211200,0
211201,0
211202,0
211203,0
211204,0
211205,11
211206,40
211207,14
211208,0
211209,36
211210,0
211211,0
211212,43
211213,48
211214,0
211215,0
211216,0
211217,0
211218,0
211219,0
211220,0
211221,0
211222,0
211223,0
211224,0
211225,0
211226,0
211227,0
211228,0
211229,46
211230,0
211231,0
211232,0
211233,0
211234,44
211235,0
211236,0
211237,31
211238,0
211239,10
211240,0
211241,0
211242,0
211243,0
211244,38
211245,0
211246,35
211247,25
211248,0
211249,0
211250,0
211251,58
211252,0
211253,0
211254,0
211255,36
211256,0
211257,0
211258,0
211259,49
211260,0
211261,0
211262,0
211263,0
211264,0
211265,0
211266,0
211267,28
211268,0
211269,0
211270,0
211271,0
211272,0
211273,0
211274,0
211275,61
211276,0
211277,0
211278,0
211279,0
211280,29
211281,0
211282,0
211283,0
211284,40
211285,31
211286,37
211287,0
211288,0
211289,0
211290,0
211291,0
211292,0
211293,0
211294,0
211295,0
211296,0
211297,49
211298,0
211299,0
211300,0
211301,0
211302,32
211303,60
211304,49
211305,0
211306,0
211307,49
211308,0
211309,0
211310,0
211311,0
211312,0
211313,0
211314,21
211315,0
211316,0
211317,0
211318,0
211319,0
211320,0
211321,0
211322,0
211323,0
211324,0
211325,0
211326,0
211327,0
211328,0
211329,50
211330,0
211331,0
211332,0
211333,0
211334,12
211335,0
211336,0
211337,0
211338,0
211339,0
211340,0
211341,0
211342,0
211343,62
211344,0
211345,0
211346,0
211347,0
211348,0
211349,0
211350,0
211351,0
211352,0
211353,0
211354,33
211355,0
211356,0
211357,0
211358,0
211359,0
211360,0
211361,0
211362,0
211363,0
211364,24
211365,0
211366,0
211367,0
211368,0
211369,0
211370,0
211371,0
211372,28
211373,0
211374,0
211375,0
211376,65
211377,0
211378,0
211379,26
211380,13
211381,0
211382,0
211383,0
211384,0
211385,0
211386,0
211387,0
211388,0
211389,0
211390,0
211391,0
211392,0
211393,0
211394,0
211395,47
211396,42
211397,0
211398,38
211399,21
211400,0
211401,0
211402,0
211403,0
211404,0
211405,0
211406,24
211407,0
211408,0
211409,0
211410,0
211411,0
211412,0
211413,0
211414,0
211415,0
211416,0
211417,0
211418,0
211419,0
211420,0
211421,0
211422,0
211423,0
211424,0
211425,0
211426,0
211427,0
211428,24
211429,0
211430,0
211431,0
211432,0
211433,0
211434,0
211435,0
211436,0
211437,55
211438,0
211439,0
211440,0
211441,0
211442,43
211443,0
211444,0
211445,0
211446,30
211447,0
211448,0
211449,0
211450,0
211451,0
211452,0
211453,0
211454,28
211455,0
211456,0
211457,0
211458,0
211459,0
211460,35
211461,0
211462,0
211463,0
211464,0
211465,0
211466,0
211467,26
211468,0
211469,0
211470,35
211471,0
211472,0
211473,0
211474,0
211475,0
211476,0
211477,0
211478,0
211479,69
211480,0
211481,0
211482,29
211483,0
211484,42
211485,0
211486,0
211487,35
211488,0
211489,35
211490,0
211491,0
211492,24
211493,69
211494,0
211495,40
211496,0
211497,0
211498,0
211499,0
211500,0
211501,0
211502,56
211503,0
211504,0
211505,24
211506,19
211507,0
211508,0
211509,0
211510,0
211511,0
211512,0
211513,0
211514,0
211515,0
211516,59
211517,0
211518,0
211519,0
211520,0
211521,0
211522,0
211523,0
211524,0
211525,0
211526,28
211527,0
211528,0
211529,0
211530,0
211531,0
211532,0
211533,55
211534,40
211535,0
211536,0
211537,0
211538,0
211539,0
211540,0
211541,0
211542,0
211543,0
211544,0
211545,0
211546,0
211547,0
211548,0
211549,0
211550,35
211551,0
211552,0
211553,0
211554,0
211555,0
211556,0
211557,18
211558,0
211559,0
211560,0
211561,0
211562,0
211563,0
211564,0
211565,0
211566,0
211567,0
211568,0
211569,0
211570,0
211571,0
211572,0
211573,0
211574,0
211575,0
211576,0
211577,0
211578,0
211579,0
211580,0
211581,36
211582,0
211583,0
211584,0
211585,0
211586,29
211587,0
211588,0
211589,0
211590,0
211591,0
211592,0
211593,48
211594,0
211595,15
211596,0
211597,34
211598,0
211599,0
211600,0
211601,0
211602,0
211603,0
211604,0
211605,0
211606,0
211607,0
211608,0
211609,0
211610,0
211611,66
211612,32
211613,0
211614,0
211615,0
211616,49
211617,53
211618,0
211619,11
211620,0
211621,0
211622,0
211623,0
211624,0
211625,61
211626,0
211627,0
211628,0
211629,0
211630,0
211631,0
211632,0
211633,0
211634,0
211635,0
211636,36
211637,0
211638,0
211639,0
211640,19
211641,0
211642,0
211643,0
211644,0
211645,0
211646,0
211647,0
211648,30
211649,0
211650,0
211651,0
211652,0
211653,0
211654,0
211655,0
211656,0
211657,0
211658,0
211659,0
211660,0
211661,74
211662,0
211663,0
211664,21
211665,0
211666,0
211667,0
211668,0
211669,21
211670,0
211671,0
211672,20
211673,25
211674,0
211675,0
211676,0
211677,0
211678,0
211679,0
211680,0
211681,0
211682,0
211683,0
211684,0
211685,28
211686,35
211687,0
211688,0
211689,0
211690,40
211691,17
211692,0
211693,0
211694,0
211695,0
211696,42
211697,0
211698,0
211699,0
211700,0
211701,43
211702,0
211703,24
211704,0
211705,0
211706,0
211707,0
211708,0
211709,0
211710,0
211711,0
211712,0
211713,0
211714,0
211715,0
211716,0
211717,26
211718,32
211719,0
211720,0
211721,0
211722,0
211723,0
211724,0
211725,14
211726,0
211727,0
211728,0
211729,0
211730,0
211731,0
211732,21
211733,0
211734,38
211735,36
211736,0
211737,0
211738,32
211739,0
211740,0
211741,0
211742,0
211743,0
211744,0
211745,0
211746,0
211747,0
211748,0
211749,0
211750,0
211751,0
211752,0
211753,0
211754,0
211755,0
211756,0
211757,0
211758,0
211759,28
211760,0
211761,0
211762,0
211763,0
211764,0
211765,42
211766,0
211767,40
211768,0
211769,0
211770,0
211771,0
211772,18
211773,0
211774,0
211775,0
211776,0
211777,0
211778,0
211779,0
211780,27
211781,0
211782,0
211783,0
211784,0
211785,0
211786,0
211787,0
211788,0
211789,0
211790,0
211791,0
211792,0
211793,0
211794,0
211795,0
211796,0
211797,0
211798,0
211799,0
211800,0
211801,0
211802,0
211803,0
211804,51
211805,0
211806,0
211807,0
211808,0
211809,0
211810,0
211811,0
211812,0
211813,0
211814,0
211815,0
211816,0
211817,38
211818,0
211819,0
211820,0
211821,0
211822,0
211823,0
211824,0
211825,0
211826,0
211827,0
211828,0
211829,0
211830,0
211831,0
211832,0
211833,0
211834,0
211835,0
211836,0
211837,0
211838,0
211839,0
211840,32
211841,0
211842,0
211843,0
211844,0
211845,0
211846,0
211847,0
211848,33
211849,0
211850,0
211851,0
211852,0
211853,0
211854,0
211855,0
211856,18
211857,0
211858,0
211859,0
211860,31
211861,0
211862,0
211863,0
211864,40
211865,0
211866,0
211867,0
211868,0
211869,0
211870,28
211871,0
211872,0
211873,0
211874,25
211875,0
211876,0
211877,0
211878,0
211879,0
211880,0
211881,0
211882,0
211883,0
211884,0
211885,0
211886,35
211887,0
211888,0
211889,0
211890,0
211891,0
211892,0
211893,0
211894,0
211895,0
211896,0
211897,0
211898,0
211899,0
211900,0
211901,0
211902,0
211903,0
211904,0
211905,0
211906,0
211907,0
211908,28
211909,0
211910,0
211911,0
211912,0
211913,0
211914,0
211915,0
211916,0
211917,0
211918,0
211919,0
211920,0
211921,41
211922,52
211923,0
211924,0
211925,0
211926,0
211927,0
211928,0
211929,0
211930,0
211931,0
211932,0
211933,0
211934,0
211935,0
211936,0
211937,0
211938,0
211939,0
211940,0
211941,0
211942,0
211943,0
211944,0
211945,0
211946,0
211947,0
211948,0
211949,0
211950,32
211951,0
211952,0
211953,0
211954,0
211955,0
211956,0
211957,0
211958,0
211959,0
211960,0
211961,0
211962,0
211963,0
211964,0
211965,0
211966,0
211967,0
211968,0
211969,0
211970,0
211971,0
211972,0
211973,0
211974,0
211975,0
211976,0
211977,34
211978,0
211979,0
211980,32
211981,0
211982,0
211983,0
211984,0
211985,0
211986,0
211987,19
211988,0
211989,0
211990,0
211991,0
211992,0
211993,0
211994,0
211995,0
211996,0
211997,0
211998,0
211999,0
212000,0
212001,0
212002,0
212003,0
212004,0
212005,33
212006,0
212007,0
212008,0
212009,0
212010,0
212011,0
212012,0
212013,0
212014,0
212015,0
212016,0
212017,0
212018,0
212019,0
212020,0
212021,0
212022,0
212023,0
212024,0
212025,0
212026,0
212027,0
212028,0
212029,0
212030,0
212031,0
212032,0
212033,0
212034,0
212035,0
212036,0
212037,0
212038,0
212039,0
212040,0
212041,0
212042,26
212043,0
212044,0
212045,0
212046,0
212047,0
212048,0
212049,0
212050,0
212051,0
212052,0
212053,0
212054,0
212055,30
212056,0
212057,37
212058,0
212059,0
212060,0
212061,0
212062,0
212063,0
212064,0
212065,0
212066,0
212067,0
212068,0
212069,0
212070,0
212071,0
212072,24
212073,0
212074,22
212075,0
212076,0
212077,0
212078,0
212079,0
212080,0
212081,0
212082,0
212083,0
212084,0
212085,0
212086,0
212087,0
212088,0
212089,0
212090,22
212091,0
212092,0
212093,0
212094,0
212095,0
212096,0
212097,0
212098,0
212099,0
212100,0
212101,0
212102,0
212103,0
212104,0
212105,0
212106,0
212107,44
212108,0
212109,0
212110,0
212111,0
212112,0
212113,0
212114,0
212115,0
212116,0
212117,0
212118,0
212119,0
212120,0
212121,34
212122,0
212123,0
212124,0
212125,0
212126,0
212127,31
212128,33
212129,0
212130,0
212131,0
212132,0
212133,33
212134,0
212135,0
212136,0
212137,35
212138,0
212139,0
212140,0
212141,0
212142,0
212143,0
212144,0
212145,36
212146,0
212147,0
212148,0
212149,0
212150,0
212151,0
212152,0
212153,0
212154,0
212155,36
212156,0
212157,0
212158,0
212159,0
212160,0
212161,0
212162,0
212163,0
212164,0
212165,35
212166,0
212167,0
212168,0
212169,36
212170,0
212171,0
212172,0
212173,0
212174,0
212175,0
212176,15
212177,0
212178,0
212179,0
212180,0
212181,0
212182,0
212183,0
212184,0
212185,0
212186,0
212187,0
212188,0
212189,0
212190,0
212191,0
212192,0
212193,0
212194,0
212195,0
212196,0
212197,0
212198,35
212199,0
212200,47
212201,0
212202,0
212203,0
212204,0
212205,0
212206,0
212207,0
212208,0
212209,0
212210,0
212211,33
212212,0
212213,0
212214,0
212215,0
212216,0
212217,0
212218,26
212219,0
212220,0
212221,0
212222,0
212223,0
212224,0
212225,0
212226,0
212227,0
212228,0
212229,0
212230,0
212231,0
212232,0
212233,0
212234,0
212235,27
212236,0
212237,0
212238,15
212239,0
212240,0
212241,40
212242,0
212243,0
212244,0
212245,0
212246,0
212247,0
212248,0
212249,0
212250,0
212251,0
212252,0
212253,0
212254,0
212255,34
212256,0
212257,0
212258,0
212259,0
212260,0
212261,0
212262,0
212263,50
212264,40
212265,0
212266,0
212267,0
212268,0
212269,0
212270,41
212271,0
212272,0
212273,0
212274,0
212275,0
212276,0
212277,0
212278,39
212279,34
212280,0
212281,0
212282,38
212283,24
212284,0
212285,0
212286,0
212287,0
212288,0
212289,0
212290,0
212291,0
212292,0
212293,0
212294,0
212295,0
212296,0
212297,0
212298,0
212299,0
212300,0
212301,0
212302,0
212303,0
212304,0
212305,0
212306,0
212307,0
212308,0
212309,0
212310,0
212311,0
212312,0
212313,0
212314,0
212315,0
212316,0
212317,29
212318,0
212319,0
212320,0
212321,0
212322,0
212323,0
212324,0
212325,0
212326,0
212327,0
212328,0
212329,0
212330,0
212331,41
212332,0
212333,0
212334,0
212335,25
212336,0
212337,0
212338,0
212339,0
212340,0
212341,0
212342,0
212343,0
212344,0
212345,39
212346,0
212347,0
212348,0
212349,29
212350,0
212351,0
212352,32
212353,0
212354,0
212355,28
212356,0
212357,0
212358,23
212359,0
212360,37
212361,0
212362,0
212363,42
212364,0
212365,0
212366,0
212367,0
212368,0
212369,0
212370,0
212371,0
212372,44
212373,0
212374,0
212375,15
212376,0
212377,0
212378,38
212379,0
212380,0
212381,34
212382,0
212383,0
212384,0
212385,0
212386,0
212387,0
212388,0
212389,0
212390,0
212391,0
212392,0
212393,0
212394,0
212395,0
212396,0
212397,0
212398,0
212399,0
212400,0
212401,39
212402,0
212403,0
212404,0
212405,0
212406,0
212407,41
212408,0
212409,0
212410,0
212411,0
212412,47
212413,0
212414,0
212415,42
212416,0
212417,0
212418,0
212419,0
212420,39
212421,0
212422,0
212423,26
212424,0
212425,0
212426,0
212427,0
212428,0
212429,40
212430,0
212431,0
212432,0
212433,0
212434,0
212435,0
212436,0
212437,0
212438,0
212439,0
212440,0
212441,0
212442,0
212443,0
212444,0
212445,30
212446,0
212447,0
212448,0
212449,0
212450,0
212451,0
212452,0
212453,0
212454,0
212455,0
212456,0
212457,0
212458,0
212459,0
212460,0
212461,0
212462,0
212463,0
212464,0
212465,0
212466,0
212467,0
212468,0
212469,0
212470,0
212471,49
212472,0
212473,26
212474,0
212475,38
212476,0
212477,0
212478,0
212479,30
212480,0
212481,0
212482,0
212483,0
212484,0
212485,0
212486,28
212487,0
212488,0
212489,0
212490,0
212491,4
212492,0
212493,0
212494,1
212495,0
212496,0
212497,0
212498,0
212499,0
212500,0
212501,0
212502,0
212503,4
212504,0
212505,2
212506,2
212507,1
212508,0
212509,0
212510,0
212511,0
212512,6
212513,5
212514,0
212515,0
212516,0
212517,0
212518,0
212519,0
212520,0
212521,0
212522,0
212523,0
212524,0
212525,0
212526,0
212527,0
212528,0
212529,0
212530,4
212531,0
212532,5
212533,0
212534,0
212535,0
212536,0
212537,3
212538,0
212539,0
212540,0
212541,0
212542,0
212543,0
212544,1
212545,0
212546,0
212547,0
212548,0
212549,0
212550,0
212551,1
212552,0
212553,0
212554,3
212555,5
212556,0
212557,0
212558,0
212559,0
212560,4
212561,6
212562,0
212563,3
212564,0
212565,0
212566,0
212567,0
212568,0
212569,3
212570,0
212571,0
212572,2
212573,0
212574,0
212575,5
212576,0
212577,0
212578,0
212579,0
212580,1
212581,0
212582,0
212583,0
212584,5
212585,2
212586,4
212587,7
212588,0
212589,0
212590,0
212591,0
212592,0
212593,0
212594,3
212595,0
212596,0
212597,0
212598,0
212599,1
212600,0
212601,0
212602,3
212603,7
212604,0
212605,0
212606,0
212607,2
212608,1
212609,0
212610,0
212611,2
212612,0
212613,0
212614,0
212615,0
212616,0
212617,0
212618,0
212619,0
212620,0
212621,4
212622,0
212623,0
212624,0
212625,0
212626,0
212627,0
212628,3
212629,0
212630,0
212631,0
212632,0
212633,0
212634,0
212635,3
212636,0
212637,2
212638,0
212639,0
212640,8
212641,0
212642,0
212643,1
212644,0
212645,0
212646,0
212647,3
212648,0
212649,0
212650,0
212651,0
212652,0
212653,0
212654,3
212655,0
212656,5
212657,0
212658,0
212659,3
212660,0
212661,3
212662,2
212663,0
212664,0
212665,0
212666,2
212667,0
212668,0
212669,0
212670,0
212671,0
212672,0
212673,0
212674,0
212675,0
212676,0
212677,0
212678,0
212679,0
212680,1
212681,0
212682,0
212683,0
212684,0
212685,0
212686,0
212687,2
212688,0
212689,0
212690,0
212691,0
212692,0
212693,3
212694,2
212695,5
212696,0
212697,4
212698,0
212699,0
212700,3
212701,0
212702,0
212703,0
212704,3
212705,1
212706,0
212707,0
212708,0
212709,0
212710,0
212711,0
212712,0
212713,0
212714,0
212715,0
212716,0
212717,0
212718,5
212719,0
212720,0
212721,0
212722,0
212723,0
212724,0
212725,0
212726,0
212727,0
212728,3
212729,0
212730,1
212731,0
212732,0
212733,0
212734,0
212735,0
212736,0
212737,4
212738,0
212739,0
212740,0
212741,0
212742,0
212743,0
212744,0
212745,2
212746,0
212747,0
212748,0
212749,0
212750,0
212751,0
212752,0
212753,0
212754,0
212755,0
212756,1
212757,0
212758,0
212759,0
212760,0
212761,0
212762,1
212763,0
212764,0
212765,0
212766,4
212767,0
212768,6
212769,0
212770,1
212771,0
212772,0
212773,0
212774,7
212775,4
212776,5
212777,0
212778,0
212779,0
212780,1
212781,0
212782,4
212783,0
212784,0
212785,4
212786,0
212787,0
212788,0
212789,2
212790,0
212791,2
212792,0
212793,1
212794,0
212795,5
212796,0
212797,0
212798,0
212799,3
212800,0
212801,0
212802,1
212803,0
212804,0
212805,0
212806,0
212807,0
212808,0
212809,0
212810,4
212811,0
212812,0
212813,0
212814,0
212815,0
212816,0
212817,0
212818,0
212819,0
212820,0
212821,0
212822,0
212823,0
212824,0
212825,5
212826,0
212827,0
212828,0
212829,3
212830,0
212831,4
212832,0
212833,0
212834,0
212835,1
212836,0
212837,5
212838,0
212839,0
212840,0
212841,0
212842,0
212843,6
212844,0
212845,3
212846,0
212847,0
212848,0
212849,0
212850,0
212851,0
212852,0
212853,0
212854,2
212855,0
212856,0
212857,0
212858,0
212859,1
212860,0
212861,0
212862,0
212863,5
212864,2
212865,0
212866,0
212867,3
212868,0
212869,0
212870,0
212871,0
212872,2
212873,0
212874,0
212875,0
212876,0
212877,0
212878,0
212879,0
212880,4
212881,5
212882,0
212883,0
212884,3
212885,0
212886,0
212887,0
212888,0
212889,1
212890,0
212891,0
212892,0
212893,0
212894,2
212895,6
212896,4
212897,0
212898,0
212899,0
212900,0
212901,0
212902,0
212903,0
212904,0
212905,0
212906,0
212907,2
212908,0
212909,0
212910,0
212911,0
212912,0
212913,0
212914,0
212915,0
212916,0
212917,0
212918,0
212919,0
212920,0
212921,0
212922,0
212923,0
212924,0
212925,2
212926,2
212927,0
212928,0
212929,0
212930,3
212931,0
212932,0
212933,0
212934,1
212935,0
212936,0
212937,0
212938,0
212939,0
212940,4
212941,0
212942,5
212943,1
212944,0
212945,0
212946,0
212947,0
212948,0
212949,0
212950,2
212951,1
212952,0
212953,0
212954,1
212955,0
212956,0
212957,0
212958,0
212959,0
212960,0
212961,0
212962,3
212963,0
212964,0
212965,1
212966,1
212967,0
212968,0
212969,0
212970,0
212971,1
212972,0
212973,0
212974,0
212975,0
212976,0
212977,4
212978,0
212979,0
212980,0
212981,0
212982,0
212983,7
212984,0
212985,1
212986,0
212987,0
212988,2
212989,0
212990,0
212991,0
212992,0
212993,0
212994,0
212995,5
212996,0
212997,0
212998,0
212999,0
213000,0
213001,0
213002,0
213003,0
213004,0
213005,0
213006,0
213007,0
213008,0
213009,4
213010,0
213011,0
213012,2
213013,0
213014,2
213015,2
213016,0
213017,0
213018,0
213019,1
213020,0
213021,0
213022,3
213023,0
213024,4
213025,0
213026,2
213027,0
213028,0
213029,0
213030,4
213031,1
213032,3
213033,5
213034,0
213035,2
213036,0
213037,0
213038,5
213039,0
213040,0
213041,0
213042,0
213043,4
213044,0
213045,0
213046,0
213047,5
213048,0
213049,0
213050,0
213051,0
213052,0
213053,0
213054,0
213055,0
213056,0
213057,0
213058,0
213059,0
213060,2
213061,2
213062,0
213063,0
213064,0
213065,0
213066,0
213067,0
213068,5
213069,0
213070,0
213071,12
213072,1
213073,0
213074,3
213075,0
213076,0
213077,0
213078,0
213079,0
213080,0
213081,3
213082,2
213083,4
213084,0
213085,4
213086,2
213087,0
213088,2
213089,0
213090,0
213091,0
213092,3
213093,0
213094,0
213095,0
213096,0
213097,6
213098,0
213099,0
213100,0
213101,0
213102,0
213103,0
213104,0
213105,0
213106,38
213107,0
213108,0
213109,0
213110,0
213111,32
213112,23
213113,0
213114,0
213115,0
213116,29
213117,0
213118,0
213119,20
213120,30
213121,0
213122,0
213123,0
213124,35
213125,0
213126,55
213127,0
213128,0
213129,41
213130,0
213131,0
213132,0
213133,0
213134,28
213135,39
213136,0
213137,0
213138,0
213139,0
213140,0
213141,44
213142,0
213143,54
213144,0
213145,0
213146,0
213147,31
213148,36
213149,0
213150,0
213151,0
213152,36
213153,31
213154,38
213155,0
213156,0
213157,0
213158,0
213159,0
213160,0
213161,0
213162,0
213163,0
213164,0
213165,0
213166,0
213167,28
213168,0
213169,41
213170,0
213171,30
213172,0
213173,0
213174,44
213175,0
213176,0
213177,0
213178,43
213179,0
213180,0
213181,0
213182,0
213183,0
213184,27
213185,0
213186,0
213187,0
213188,0
213189,29
213190,0
213191,0
213192,0
213193,0
213194,0
213195,49
213196,0
213197,0
213198,0
213199,0
213200,0
213201,0
213202,40
213203,0
213204,0
213205,35
213206,0
213207,0
213208,0
213209,0
213210,0
213211,29
213212,0
213213,49
213214,0
213215,0
213216,0
213217,0
213218,30
213219,0
213220,37
213221,0
213222,44
213223,37
213224,0
213225,0
213226,45
213227,0
213228,0
213229,0
213230,0
213231,40
213232,0
213233,0
213234,0
213235,0
213236,38
213237,0
213238,0
213239,51
213240,0
213241,27
213242,0
213243,31
213244,34
213245,0
213246,34
213247,0
213248,0
213249,0
213250,0
213251,0
213252,0
213253,0
213254,0
213255,35
213256,0
213257,61
213258,0
213259,0
213260,34
213261,27
213262,32
213263,0
213264,0
213265,0
213266,0
213267,0
213268,0
213269,0
213270,0
213271,0
213272,0
213273,58
213274,0
213275,0
213276,0
213277,25
213278,0
213279,38
213280,46
213281,0
213282,0
213283,0
213284,0
213285,0
213286,0
213287,0
213288,0
213289,25
213290,0
213291,33
213292,0
213293,0
213294,0
213295,0
213296,0
213297,0
213298,0
213299,0
213300,0
213301,0
213302,0
213303,0
213304,0
213305,0
213306,0
213307,0
213308,0
213309,0
213310,35
213311,0
213312,38
213313,0
213314,0
213315,0
213316,0
213317,0
213318,0
213319,0
213320,0
213321,39
213322,0
213323,0
213324,0
213325,0
213326,0
213327,0
213328,0
213329,0
213330,0
213331,0
213332,0
213333,0
213334,0
213335,0
213336,0
213337,37
213338,0
213339,0
213340,30
213341,0
213342,45
213343,0
213344,0
213345,0
213346,39
213347,0
213348,0
213349,0
213350,0
213351,0
213352,41
213353,0
213354,0
213355,0
213356,0
213357,0
213358,0
213359,0
213360,0
213361,51
213362,33
213363,0
213364,0
213365,0
213366,0
213367,41
213368,0
213369,33
213370,0
213371,0
213372,0
213373,0
213374,0
213375,45
213376,39
213377,0
213378,39
213379,46
213380,0
213381,0
213382,0
213383,0
213384,0
213385,0
213386,0
213387,0
213388,32
213389,0
213390,0
213391,46
213392,42
213393,0
213394,0
213395,0
213396,46
213397,43
213398,0
213399,0
213400,21
213401,35
213402,43
213403,0
213404,0
213405,33
213406,0
213407,0
213408,0
213409,0
213410,0
213411,0
213412,0
213413,0
213414,0
213415,0
213416,0
213417,50
213418,0
213419,0
213420,0
213421,0
213422,0
213423,36
213424,0
213425,29
213426,0
213427,0
213428,0
213429,0
213430,26
213431,50
213432,0
213433,45
213434,0
213435,0
213436,42
213437,0
213438,0
213439,0
213440,0
213441,36
213442,28
213443,66
213444,0
213445,0
213446,0
213447,0
213448,0
213449,23
213450,0
213451,0
213452,0
213453,0
213454,0
213455,46
213456,0
213457,36
213458,50
213459,0
213460,0
213461,0
213462,44
213463,0
213464,0
213465,0
213466,0
213467,0
213468,0
213469,38
213470,44
213471,0
213472,0
213473,0
213474,35
213475,0
213476,0
213477,0
213478,0
213479,0
213480,0
213481,0
213482,0
213483,0
213484,0
213485,0
213486,37
213487,0
213488,0
213489,46
213490,0
213491,30
213492,0
213493,33
213494,0
213495,0
213496,0
213497,0
213498,0
213499,0
213500,0
213501,49
213502,58
213503,25
213504,0
213505,0
213506,0
213507,0
213508,34
213509,0
213510,47
213511,0
213512,29
213513,0
213514,0
213515,0
213516,39
213517,48
213518,0
213519,0
213520,0
213521,0
213522,33
213523,0
213524,0
213525,0
213526,0
213527,0
213528,0
213529,29
213530,0
213531,40
213532,51
213533,35
213534,0
213535,0
213536,0
213537,61
213538,0
213539,0
213540,0
213541,0
213542,0
213543,0
213544,42
213545,30
213546,0
213547,0
213548,0
213549,0
213550,0
213551,0
213552,0
213553,40
213554,31
213555,0
213556,0
213557,0
213558,0
213559,0
213560,0
213561,0
213562,0
213563,0
213564,50
213565,0
213566,0
213567,0
213568,0
213569,34
213570,29
213571,42
213572,0
213573,0
213574,0
213575,0
213576,0
213577,0
213578,0
213579,0
213580,0
213581,0
213582,0
213583,0
213584,63
213585,0
213586,0
213587,0
213588,0
213589,40
213590,0
213591,57
213592,53
213593,35
213594,0
213595,0
213596,0
213597,43
213598,0
213599,0
213600,0
213601,0
213602,0
213603,0
213604,0
213605,36
213606,0
213607,0
213608,0
213609,0
213610,26
213611,47
213612,41
213613,0
213614,0
213615,68
213616,34
213617,0
213618,0
213619,0
213620,32
213621,0
213622,0
213623,31
213624,0
213625,0
213626,42
213627,0
213628,0
213629,0
213630,0
213631,0
213632,0
213633,0
213634,47
213635,0
213636,0
213637,0
213638,0
213639,0
213640,0
213641,0
213642,0
213643,0
213644,0
213645,0
213646,0
213647,0
213648,0
213649,0
213650,0
213651,0
213652,0
213653,0
213654,0
213655,0
213656,0
213657,0
213658,30
213659,54
213660,61
213661,0
213662,0
213663,59
213664,0
213665,0
213666,0
213667,0
213668,0
213669,0
213670,40
213671,52
213672,0
213673,0
213674,31
213675,0
213676,0
213677,0
213678,0
213679,0
213680,38
213681,54
213682,0
213683,0
213684,43
213685,0
213686,0
213687,35
213688,0
213689,0
213690,39
213691,42
213692,0
213693,0
213694,28
213695,0
213696,0
213697,0
213698,0
213699,0
213700,0
213701,0
213702,0
213703,0
213704,0
213705,0
213706,0
213707,0
213708,0
213709,0
213710,0
213711,40
213712,0
213713,31
213714,0
213715,0
213716,0
213717,0
213718,0
213719,47
213720,51
213721,0
213722,18
213723,0
213724,36
213725,56
213726,0
213727,0
213728,0
213729,35
213730,0
213731,44
213732,0
213733,46
213734,0
213735,0
213736,39
213737,0
213738,0
213739,39
213740,54
213741,38
213742,0
213743,31
213744,0
213745,0
213746,0
213747,55
213748,38
213749,0
213750,0
213751,0
213752,65
213753,0
213754,0
213755,0
213756,0
213757,0
213758,0
213759,0
213760,39
213761,46
213762,0
213763,27
213764,0
213765,0
213766,33
213767,0
213768,0
213769,53
213770,0
213771,0
213772,0
213773,0
213774,0
213775,0
213776,0
213777,0
213778,0
213779,0
213780,0
213781,33
213782,0
213783,0
213784,33
213785,39
213786,30
213787,0
213788,0
213789,0
213790,47
213791,0
213792,0
213793,0
213794,0
213795,0
213796,0
213797,0
213798,0
213799,47
213800,0
213801,33
213802,19
213803,0
213804,0
213805,0
213806,0
213807,0
213808,0
213809,0
213810,0
213811,41
213812,43
213813,0
213814,0
213815,0
213816,0
213817,0
213818,55
213819,38
213820,47
213821,43
213822,0
213823,44
213824,0
213825,0
213826,0
213827,43
213828,0
213829,0
213830,0
213831,0
213832,0
213833,53
213834,0
213835,0
213836,57
213837,0
213838,0
213839,0
213840,0
213841,36
213842,30
213843,50
213844,0
213845,0
213846,0
213847,0
213848,31
213849,0
213850,0
213851,0
213852,40
213853,0
213854,50
213855,0
213856,0
213857,0
213858,29
213859,31
213860,0
213861,56
213862,0
213863,18
213864,0
213865,38
213866,0
213867,0
213868,0
213869,0
213870,44
213871,26
213872,0
213873,0
213874,0
213875,0
213876,43
213877,60
213878,0
213879,0
213880,0
213881,36
213882,0
213883,0
213884,45
213885,0
213886,0
213887,0
213888,0
213889,0
213890,26
213891,30
213892,54
213893,38
213894,0
213895,0
213896,0
213897,0
213898,0
213899,53
213900,31
213901,0
213902,0
213903,0
213904,0
213905,0
213906,0
213907,0
213908,38
213909,0
213910,0
213911,0
213912,0
213913,0
213914,44
213915,38
213916,0
213917,0
213918,0
213919,0
213920,0
213921,0
213922,0
213923,0
213924,37
213925,0
213926,0
213927,0
213928,0
213929,19
213930,0
213931,0
213932,0
213933,27
213934,0
213935,0
213936,0
213937,0
213938,0
213939,32
213940,34
213941,44
213942,0
213943,0
213944,0
213945,0
213946,0
213947,47
213948,55
213949,0
213950,0
213951,0
213952,37
213953,39
213954,32
213955,0
213956,39
213957,64
213958,0
213959,42
213960,0
213961,0
213962,41
213963,42
213964,0
213965,0
213966,33
213967,0
213968,36
213969,0
213970,0
213971,0
213972,40
213973,0
213974,0
213975,0
213976,0
213977,0
213978,36
213979,0
213980,0
213981,0
213982,0
213983,44
213984,35
213985,0
213986,27
213987,31
213988,0
213989,50
213990,0
213991,0
213992,0
213993,36
213994,0
213995,45
213996,0
213997,0
213998,0
213999,0
214000,0
214001,0
214002,34
214003,0
214004,0
214005,0
214006,0
214007,43
214008,0
214009,0
214010,0
214011,0
214012,37
214013,37
214014,0
214015,43
214016,0
214017,0
214018,0
214019,0
214020,0
214021,37
214022,0
214023,0
214024,0
214025,0
214026,0
214027,0
214028,0
214029,0
214030,0
214031,0
214032,0
214033,0
214034,40
214035,0
214036,0
214037,0
214038,0
214039,0
214040,0
214041,0
214042,29
214043,35
214044,43
214045,42
214046,0
214047,0
214048,0
214049,41
214050,0
214051,0
214052,0
214053,43
214054,0
214055,0
214056,0
214057,0
214058,0
214059,0
214060,0
214061,63
214062,0
214063,0
214064,0
214065,0
214066,0
214067,0
214068,0
214069,0
214070,0
214071,0
214072,50
214073,0
214074,0
214075,31
214076,0
214077,0
214078,0
214079,47
214080,0
214081,53
214082,0
214083,0
214084,27
214085,0
214086,0
214087,0
214088,0
214089,0
214090,0
214091,0
214092,0
214093,0
214094,0
214095,0
214096,0
214097,0
214098,50
214099,26
214100,0
214101,0
214102,0
214103,0
214104,0
214105,0
214106,0
214107,0
214108,0
214109,50
214110,0
214111,0
214112,0
214113,0
214114,0
214115,38
214116,35
214117,0
214118,0
214119,0
214120,0
214121,0
214122,34
214123,0
214124,0
214125,39
214126,0
214127,0
214128,0
214129,0
214130,47
214131,0
214132,0
214133,0
214134,0
214135,0
214136,40
214137,0
214138,41
214139,0
214140,0
214141,0
214142,0
214143,42
214144,0
214145,0
214146,0
214147,39
214148,0
214149,0
214150,0
214151,0
214152,0
214153,0
214154,0
214155,0
214156,0
214157,0
214158,0
214159,0
214160,0
214161,0
214162,0
214163,37
214164,0
214165,0
214166,0
214167,0
214168,0
214169,0
214170,0
214171,0
214172,0
214173,0
214174,0
214175,39
214176,0
214177,0
214178,0
214179,0
214180,0
214181,0
214182,0
214183,0
214184,38
214185,0
214186,0
214187,0
214188,0
214189,0
214190,0
214191,26
214192,39
214193,0
214194,0
214195,0
214196,0
214197,0
214198,0
214199,24
214200,0
214201,0
214202,0
214203,0
214204,0
214205,0
214206,0
214207,0
214208,0
214209,0
214210,0
214211,0
214212,0
214213,0
214214,0
214215,0
214216,0
214217,0
214218,0
214219,45
214220,0
214221,0
214222,0
214223,0
214224,0
214225,0
214226,0
214227,50
214228,0
214229,0
214230,0
214231,0
214232,47
214233,0
214234,0
214235,0
214236,0
214237,0
214238,0
214239,0
214240,0
214241,0
214242,0
214243,0
214244,0
214245,51
214246,0
214247,0
214248,34
214249,0
214250,0
214251,36
214252,0
214253,24
214254,0
214255,0
214256,0
214257,0
214258,0
214259,0
214260,39
214261,38
214262,0
214263,0
214264,0
214265,0
214266,46
214267,0
214268,0
214269,42
214270,0
214271,48
214272,0
214273,47
214274,0
214275,38
214276,47
214277,0
214278,0
214279,0
214280,0
214281,0
214282,0
214283,0
214284,0
214285,0
214286,0
214287,0
214288,0
214289,0
214290,0
214291,0
214292,0
214293,0
214294,0
214295,0
214296,0
214297,0
214298,0
214299,0
214300,0
214301,0
214302,0
214303,44
214304,0
214305,0
214306,0
214307,0
214308,0
214309,0
214310,0
214311,0
214312,34
214313,38
214314,0
214315,49
214316,48
214317,0
214318,0
214319,0
214320,0
214321,0
214322,0
214323,40
214324,37
214325,0
214326,0
214327,0
214328,0
214329,0
214330,0
214331,0
214332,0
214333,0
214334,43
214335,0
214336,37
214337,0
214338,41
214339,0
214340,0
214341,0
214342,0
214343,0
214344,0
214345,0
214346,0
214347,0
214348,0
214349,0
214350,0
214351,0
214352,32
214353,33
214354,0
214355,0
214356,0
214357,42
214358,0
214359,0
214360,0
214361,45
214362,0
214363,0
214364,0
214365,50
214366,0
214367,0
214368,0
214369,0
214370,44
214371,37
214372,0
214373,58
214374,49
214375,0
214376,31
214377,0
214378,46
214379,0
214380,0
214381,48
214382,0
214383,0
214384,0
214385,0
214386,35
214387,0
214388,0
214389,0
214390,0
214391,0
214392,0
214393,0
214394,0
214395,0
214396,0
214397,0
214398,0
214399,0
214400,0
214401,0
214402,45
214403,0
214404,0
214405,0
214406,0
214407,53
214408,0
214409,0
214410,0
214411,0
214412,0
214413,0
214414,0
214415,0
214416,0
214417,0
214418,0
214419,0
214420,0
214421,0
214422,0
214423,0
214424,0
214425,0
214426,0
214427,0
214428,0
214429,0
214430,0
214431,0
214432,0
214433,0
214434,0
214435,0
214436,0
214437,0
214438,0
214439,0
214440,0
214441,0
214442,0
214443,0
214444,30
214445,0
214446,43
214447,0
214448,0
214449,0
214450,0
214451,0
214452,0
214453,0
214454,0
214455,0
214456,0
214457,16
214458,41
214459,44
214460,0
214461,0
214462,0
214463,55
214464,0
214465,0
214466,0
214467,0
214468,0
214469,0
214470,0
214471,0
214472,0
214473,46
214474,0
214475,0
214476,0
214477,0
214478,0
214479,0
214480,27
214481,0
214482,0
214483,0
214484,0
214485,0
214486,0
214487,0
214488,0
214489,0
214490,0
214491,57
214492,0
214493,0
214494,0
214495,0
214496,0
214497,59
214498,0
214499,0
214500,0
214501,36
214502,0
214503,0
214504,0
214505,0
214506,0
214507,0
214508,0
214509,0
214510,0
214511,30
214512,0
214513,0
214514,0
214515,0
214516,0
214517,0
214518,44
214519,53
214520,0
214521,0
214522,0
214523,0
214524,0
214525,36
214526,0
214527,0
214528,0
214529,0
214530,0
214531,0
214532,0
214533,0
214534,30
214535,32
214536,0
214537,0
214538,0
214539,0
214540,0
214541,0
214542,24
214543,0
214544,0
214545,0
214546,0
214547,0
214548,0
214549,59
214550,0
214551,0
214552,0
214553,0
214554,0
214555,0
214556,0
214557,30
214558,0
214559,42
214560,0
214561,53
214562,0
214563,0
214564,0
214565,0
214566,57
214567,0
214568,0
214569,0
214570,0
214571,0
214572,0
214573,0
214574,33
214575,0
214576,0
214577,0
214578,0
214579,0
214580,0
214581,0
214582,0
214583,57
214584,30
214585,0
214586,0
214587,0
214588,0
214589,0
214590,41
214591,0
214592,39
214593,0
214594,30
214595,41
214596,0
214597,0
214598,0
214599,0
214600,0
214601,38
214602,42
214603,0
214604,0
214605,0
214606,0
214607,31
214608,39
214609,60
214610,0
214611,0
214612,0
214613,38
214614,0
214615,0
214616,35
214617,39
214618,0
214619,0
214620,0
214621,0
214622,0
214623,0
214624,0
214625,0
214626,0
214627,0
214628,0
214629,51
214630,0
214631,0
214632,0
214633,0
214634,0
214635,0
214636,0
214637,0
214638,0
214639,0
214640,0
214641,0
214642,43
214643,0
214644,0
214645,36
214646,0
214647,0
214648,0
214649,0
214650,0
214651,0
214652,42
214653,0
214654,46
214655,0
214656,0
214657,0
214658,0
214659,0
214660,0
214661,0
214662,0
214663,0
214664,42
214665,0
214666,0
214667,0
214668,0
214669,0
214670,35
214671,0
214672,59
214673,44
214674,51
214675,0
214676,0
214677,0
214678,48
214679,31
214680,44
214681,0
214682,45
214683,0
214684,0
214685,0
214686,37
214687,0
214688,38
214689,52
214690,40
214691,45
214692,0
214693,0
214694,0
214695,0
214696,0
214697,0
214698,0
214699,0
214700,0
214701,0
214702,0
214703,0
214704,0
214705,0
214706,0
214707,0
214708,31
214709,0
214710,0
214711,0
214712,0
214713,35
214714,0
214715,0
214716,0
214717,0
214718,0
214719,0
214720,0
214721,0
214722,0
214723,0
214724,0
214725,0
214726,0
214727,0
214728,0
214729,0
214730,0
214731,0
214732,0
214733,0
214734,0
214735,0
214736,0
214737,0
214738,43
214739,0
214740,0
214741,29
214742,0
214743,0
214744,0
214745,0
214746,0
214747,0
214748,37
214749,0
214750,0
214751,40
214752,0
214753,0
214754,0
214755,0
214756,0
214757,0
214758,0
214759,0
214760,0
214761,0
214762,0
214763,0
214764,0
214765,0
214766,0
214767,0
214768,0
214769,0
214770,0
214771,0
214772,0
214773,0
214774,0
214775,40
214776,0
214777,39
214778,0
214779,0
214780,0
214781,0
214782,0
214783,0
214784,0
214785,0
214786,0
214787,0
214788,0
214789,0
214790,0
214791,0
214792,0
214793,0
214794,0
214795,0
214796,0
214797,0
214798,0
214799,0
214800,0
214801,0
214802,0
214803,0
214804,0
214805,0
214806,0
214807,0
214808,0
214809,0
214810,0
214811,0
214812,0
214813,0
214814,0
214815,0
214816,0
214817,0
214818,0
214819,0
214820,0
214821,0
214822,0
214823,0
214824,0
214825,0
214826,0
214827,0
214828,0
214829,0
214830,0
214831,0
214832,0
214833,0
214834,0
214835,0
214836,0
214837,0
214838,0
214839,0
214840,0
214841,0
214842,0
214843,0
214844,0
214845,0
214846,0
214847,0
214848,0
214849,0
214850,0
214851,0
214852,0
214853,0
214854,0
214855,0
214856,0
214857,0
214858,0
214859,0
214860,0
214861,0
214862,0
214863,0
214864,0
214865,0
214866,0
214867,0
214868,0
214869,0
214870,0
214871,0
214872,0
214873,0
214874,0
214875,0
214876,0
214877,0
214878,0
214879,0
214880,0
214881,0
214882,0
214883,0
214884,0
214885,0
214886,0
214887,0
214888,0
214889,0
214890,0
214891,0
214892,0
214893,0
214894,0
214895,0
214896,0
214897,0
214898,0
214899,0
214900,0
214901,0
214902,0
214903,0
214904,0
214905,0
214906,0
214907,0
214908,0
214909,0
214910,0
214911,0
214912,0
214913,0
214914,0
214915,0
214916,0
214917,0
214918,0
214919,0
214920,0
214921,0
214922,0
214923,0
214924,0
214925,0
214926,0
214927,0
214928,0
214929,0
214930,0
214931,0
214932,0
214933,0
214934,0
214935,0
214936,0
214937,0
214938,0
214939,0
214940,0
214941,0
214942,0
214943,0
214944,0
214945,0
214946,0
214947,1
214948,0
214949,0
214950,0
214951,0
214952,0
214953,0
214954,0
214955,0
214956,0
214957,0
214958,0
214959,0
214960,0
214961,0
214962,0
214963,0
214964,0
214965,0
214966,0
214967,0
214968,0
214969,0
214970,0
214971,0
214972,0
214973,0
214974,0
214975,0
214976,0
214977,0
214978,0
214979,0
214980,0
214981,0
214982,0
214983,0
214984,0
214985,0
214986,0
214987,0
214988,0
214989,0
214990,0
214991,0
214992,0
214993,0
214994,1
214995,0
214996,0
214997,0
214998,0
214999,0
215000,0
215001,0
215002,0
215003,0
215004,0
215005,0
215006,0
215007,0
215008,0
215009,0
215010,0
215011,0
215012,0
215013,0
215014,0
215015,0
215016,0
215017,0
215018,0
215019,0
215020,0
215021,0
215022,0
215023,0
215024,0
215025,0
215026,0
215027,0
215028,0
215029,0
215030,0
215031,0
215032,0
215033,0
215034,0
215035,0
215036,0
215037,0
215038,0
215039,0
215040,0
215041,0
215042,0
215043,0
215044,0
215045,0
215046,0
215047,0
215048,0
215049,0
215050,0
215051,0
215052,0
215053,0
215054,1
215055,0
215056,0
215057,0
215058,0
215059,0
215060,0
215061,0
215062,0
215063,0
215064,0
215065,0
215066,0
215067,0
215068,0
215069,0
215070,0
215071,0
215072,0
215073,0
215074,0
215075,0
215076,0
215077,0
215078,0
215079,0
215080,0
215081,0
215082,0
215083,0
215084,0
215085,0
215086,0
215087,0
215088,0
215089,0
215090,0
215091,0
215092,0
215093,0
215094,0
215095,0
215096,0
215097,0
215098,0
215099,0
215100,0
215101,0
215102,0
215103,0
215104,0
215105,0
215106,0
215107,0
215108,0
215109,0
215110,0
215111,0
215112,0
215113,0
215114,0
215115,0
215116,0
215117,0
215118,0
215119,0
215120,0
215121,0
215122,0
215123,0
215124,0
215125,0
215126,0
215127,0
215128,0
215129,0
215130,0
215131,0
215132,0
215133,0
215134,0
215135,0
215136,0
215137,0
215138,0
215139,0
215140,0
215141,0
215142,0
215143,0
215144,0
215145,0
215146,0
215147,0
215148,0
215149,0
215150,0
215151,0
215152,0
215153,0
215154,0
215155,0
215156,0
215157,0
215158,0
215159,0
215160,0
215161,0
215162,0
215163,0
215164,0
215165,0
215166,0
215167,0
215168,0
215169,0
215170,0
215171,0
215172,0
215173,0
215174,0
215175,0
215176,0
215177,0
215178,0
215179,0
215180,0
215181,0
215182,0
215183,0
215184,0
215185,0
215186,0
215187,0
215188,0
215189,0
215190,0
215191,0
215192,0
215193,0
215194,0
215195,0
215196,0
215197,0
215198,0
215199,0
215200,0
215201,0
215202,0
215203,0
215204,0
215205,0
215206,0
215207,0
215208,0
215209,0
215210,0
215211,0
215212,0
215213,0
215214,0
215215,0
215216,1
215217,0
215218,0
215219,0
215220,0
215221,0
215222,0
215223,0
215224,0
215225,0
215226,0
215227,0
215228,0
215229,0
215230,0
215231,0
215232,0
215233,0
215234,0
215235,0
215236,0
215237,0
215238,0
215239,0
215240,0
215241,0
215242,0
215243,0
215244,0
215245,0
215246,0
215247,0
215248,0
215249,0
215250,0
215251,0
215252,0
215253,0
215254,0
215255,0
215256,0
215257,0
215258,0
215259,0
215260,0
215261,0
215262,0
215263,0
215264,0
215265,0
215266,0
215267,0
215268,0
215269,0
215270,0
215271,0
215272,0
215273,0
215274,0
215275,0
215276,0
215277,0
215278,0
215279,0
215280,0
215281,0
215282,1
215283,0
215284,0
215285,0
215286,0
215287,0
215288,0
215289,0
215290,0
215291,0
215292,0
215293,0
215294,0
215295,0
215296,0
215297,0
215298,0
215299,0
215300,0
215301,0
215302,0
215303,0
215304,0
215305,0
215306,0
215307,0
215308,0
215309,0
215310,0
215311,0
215312,0
215313,0
215314,0
215315,0
215316,0
215317,0
215318,0
215319,0
215320,0
215321,0
215322,0
215323,0
215324,0
215325,0
215326,0
215327,0
215328,0
215329,0
215330,0
215331,0
215332,0
215333,0
215334,0
215335,0
215336,0
215337,0
215338,0
215339,0
215340,0
215341,0
215342,0
215343,0
215344,0
215345,0
215346,0
215347,0
215348,0
215349,0
215350,0
215351,0
215352,0
215353,0
215354,0
215355,0
215356,0
215357,0
215358,0
215359,0
215360,0
215361,0
215362,0
215363,0
215364,0
215365,0
215366,0
215367,0
215368,0
215369,0
215370,0
215371,0
215372,0
215373,0
215374,0
215375,0
215376,0
215377,0
215378,0
215379,0
215380,0
215381,0
215382,0
215383,0
215384,0
215385,0
215386,0
215387,0
215388,0
215389,0
215390,0
215391,0
215392,0
215393,0
215394,0
215395,0
215396,0
215397,0
215398,0
215399,0
215400,0
215401,0
215402,0
215403,0
215404,0
215405,0
215406,0
215407,0
215408,0
215409,0
215410,0
215411,0
215412,0
215413,0
215414,0
215415,0
215416,0
215417,0
215418,0
215419,0
215420,0
215421,0
215422,0
215423,0
215424,0
215425,0
215426,0
215427,1
215428,0
215429,0
215430,0
215431,0
215432,0
215433,0
215434,0
215435,0
215436,0
215437,0
215438,0
215439,0
215440,0
215441,0
215442,0
215443,0
215444,0
215445,0
215446,0
215447,0
215448,0
215449,0
215450,0
215451,0
215452,0
215453,0
215454,0
215455,0
215456,0
215457,0
215458,0
215459,0
215460,0
215461,0
215462,0
215463,0
215464,0
215465,0
215466,0
215467,0
215468,0
215469,0
215470,0
215471,0
215472,0
215473,0
215474,0
215475,0
215476,0
215477,0
215478,0
215479,0
215480,0
215481,0
215482,0
215483,0
215484,0
215485,0
215486,0
215487,0
215488,0
215489,0
215490,0
215491,0
215492,0
215493,0
215494,0
215495,0
215496,0
215497,0
215498,0
215499,0
215500,0
215501,0
215502,0
215503,0
215504,0
215505,0
215506,0
215507,0
215508,0
215509,0
215510,0
215511,0
215512,0
215513,0
215514,0
215515,0
215516,0
215517,0
215518,0
215519,0
215520,0
215521,0
215522,0
215523,0
215524,0
215525,0
215526,0
215527,0
215528,0
215529,0
215530,0
215531,0
215532,0
215533,0
215534,0
215535,0
215536,0
215537,0
215538,0
215539,0
215540,0
215541,0
215542,0
215543,0
215544,0
215545,0
215546,0
215547,0
215548,0
215549,1
215550,0
215551,0
215552,0
215553,0
215554,0
215555,0
215556,0
215557,0
215558,0
215559,0
215560,0
215561,0
215562,0
215563,0
215564,0
215565,0
215566,0
215567,0
215568,0
215569,0
215570,13
215571,0
215572,0
215573,0
215574,0
215575,0
215576,0
215577,0
215578,0
215579,0
215580,19
215581,0
215582,0
215583,27
215584,0
215585,0
215586,0
215587,0
215588,0
215589,32
215590,0
215591,0
215592,0
215593,0
215594,0
215595,0
215596,0
215597,0
215598,41
215599,0
215600,0
215601,0
215602,0
215603,0
215604,23
215605,20
215606,0
215607,0
215608,19
215609,0
215610,0
215611,0
215612,0
215613,20
215614,0
215615,0
215616,0
215617,0
215618,0
215619,0
215620,0
215621,0
215622,0
215623,0
215624,0
215625,0
215626,0
215627,20
215628,0
215629,0
215630,0
215631,0
215632,0
215633,0
215634,28
215635,0
215636,0
215637,0
215638,0
215639,12
215640,0
215641,0
215642,0
215643,0
215644,0
215645,0
215646,0
215647,0
215648,0
215649,13
215650,0
215651,0
215652,0
215653,0
215654,0
215655,0
215656,0
215657,0
215658,0
215659,0
215660,0
215661,0
215662,20
215663,21
215664,0
215665,0
215666,0
215667,0
215668,0
215669,8
215670,0
215671,0
215672,13
215673,0
215674,0
215675,0
215676,0
215677,0
215678,18
215679,0
215680,27
215681,0
215682,0
215683,0
215684,0
215685,0
215686,0
215687,0
215688,0
215689,0
215690,0
215691,0
215692,15
215693,0
215694,0
215695,0
215696,0
215697,0
215698,0
215699,0
215700,0
215701,0
215702,0
215703,0
215704,8
215705,0
215706,0
215707,0
215708,0
215709,0
215710,0
215711,0
215712,19
215713,0
215714,21
215715,0
215716,0
215717,23
215718,0
215719,14
215720,0
215721,0
215722,0
215723,0
215724,0
215725,0
215726,0
215727,0
215728,0
215729,0
215730,0
215731,0
215732,0
215733,0
215734,0
215735,17
215736,14
215737,0
215738,0
215739,0
215740,0
215741,0
215742,0
215743,0
215744,21
215745,0
215746,0
215747,0
215748,0
215749,16
215750,0
215751,0
215752,0
215753,0
215754,0
215755,0
215756,0
215757,0
215758,0
215759,0
215760,0
215761,0
215762,0
215763,0
215764,0
215765,0
215766,0
215767,0
215768,28
215769,0
215770,0
215771,0
215772,0
215773,0
215774,0
215775,0
215776,0
215777,0
215778,0
215779,0
215780,0
215781,0
215782,0
215783,0
215784,11
215785,0
215786,0
215787,0
215788,0
215789,0
215790,0
215791,0
215792,0
215793,0
215794,0
215795,0
215796,0
215797,18
215798,0
215799,0
215800,0
215801,0
215802,0
215803,0
215804,0
215805,0
215806,0
215807,0
215808,0
215809,0
215810,22
215811,0
215812,0
215813,0
215814,0
215815,0
215816,0
215817,0
215818,0
215819,0
215820,0
215821,0
215822,0
215823,0
215824,0
215825,0
215826,0
215827,0
215828,0
215829,0
215830,0
215831,0
215832,0
215833,0
215834,0
215835,0
215836,0
215837,0
215838,19
215839,0
215840,18
215841,12
215842,0
215843,21
215844,0
215845,6
215846,14
215847,0
215848,0
215849,0
215850,11
215851,0
215852,0
215853,0
215854,0
215855,0
215856,0
215857,0
215858,9
215859,0
215860,11
215861,0
215862,11
215863,10
215864,15
215865,0
215866,0
215867,0
215868,0
215869,8
215870,0
215871,0
215872,0
215873,0
215874,0
215875,0
215876,16
215877,8
215878,8
215879,0
215880,12
215881,0
215882,0
215883,15
215884,0
215885,0
215886,0
215887,0
215888,0
215889,9
215890,0
215891,18
215892,17
215893,0
215894,0
215895,14
215896,9
215897,13
215898,16
215899,9
215900,0
215901,0
215902,0
215903,0
215904,0
215905,0
215906,0
215907,13
215908,0
215909,0
215910,0
215911,10
215912,0
215913,0
215914,7
215915,0
215916,0
215917,0
215918,0
215919,0
215920,9
215921,0
215922,0
215923,0
215924,0
215925,13
215926,0
215927,18
215928,0
215929,0
215930,0
215931,0
215932,0
215933,0
215934,14
215935,19
215936,7
215937,6
215938,0
215939,15
215940,0
215941,0
215942,15
215943,13
215944,0
215945,9
215946,0
215947,0
215948,0
215949,0
215950,0
215951,9
215952,4
215953,12
215954,0
215955,0
215956,16
215957,0
215958,17
215959,0
215960,0
215961,17
215962,0
215963,0
215964,24
215965,0
215966,0
215967,0
215968,0
215969,0
215970,0
215971,0
215972,0
215973,0
215974,0
215975,0
215976,0
215977,0
215978,0
215979,18
215980,0
215981,0
215982,0
215983,0
215984,0
215985,0
215986,0
215987,0
215988,0
215989,0
215990,0
215991,0
215992,0
215993,0
215994,0
215995,0
215996,0
215997,0
215998,18
215999,0
216000,0
216001,0
216002,16
216003,0
216004,0
216005,0
216006,0
216007,0
216008,0
216009,0
216010,0
216011,0
216012,0
216013,0
216014,0
216015,0
216016,0
216017,0
216018,0
216019,0
216020,0
216021,0
216022,0
216023,0
216024,0
216025,0
216026,0
216027,0
216028,0
216029,0
216030,0
216031,0
216032,0
216033,0
216034,0
216035,0
216036,0
216037,0
216038,0
216039,0
216040,0
216041,0
216042,0
216043,0
216044,0
216045,0
216046,0
216047,0
216048,0
216049,0
216050,0
216051,0
216052,0
216053,0
216054,0
216055,0
216056,0
216057,0
216058,0
216059,0
216060,0
216061,0
216062,0
216063,20
216064,0
216065,0
216066,0
216067,0
216068,0
216069,23
216070,0
216071,0
216072,0
216073,0
216074,0
216075,0
216076,0
216077,0
216078,13
216079,0
216080,0
216081,0
216082,0
216083,0
216084,0
216085,0
216086,0
216087,0
216088,0
216089,0
216090,0
216091,0
216092,0
216093,0
216094,0
216095,0
216096,0
216097,0
216098,0
216099,0
216100,0
216101,0
216102,0
216103,0
216104,0
216105,0
216106,0
216107,0
216108,0
216109,0
216110,0
216111,0
216112,0
216113,0
216114,22
216115,0
216116,0
216117,0
216118,0
216119,0
216120,0
216121,0
216122,0
216123,0
216124,0
216125,0
216126,0
216127,0
216128,0
216129,0
216130,0
216131,0
216132,0
216133,0
216134,0
216135,0
216136,0
216137,0
216138,0
216139,0
216140,0
216141,0
216142,0
216143,0
216144,0
216145,0
216146,0
216147,0
216148,0
216149,0
216150,0
216151,0
216152,0
216153,0
216154,0
216155,0
216156,0
216157,0
216158,0
216159,0
216160,0
216161,0
216162,0
216163,0
216164,0
216165,0
216166,0
216167,0
216168,0
216169,0
216170,0
216171,0
216172,0
216173,0
216174,0
216175,0
216176,0
216177,0
216178,0
216179,0
216180,0
216181,0
216182,0
216183,0
216184,0
216185,0
216186,0
216187,0
216188,0
216189,18
216190,0
216191,0
216192,0
216193,20
216194,0
216195,0
216196,0
216197,0
216198,14
216199,0
216200,0
216201,0
216202,0
216203,0
216204,0
216205,0
216206,0
216207,0
216208,0
216209,0
216210,0
216211,0
216212,0
216213,0
216214,0
216215,0
216216,0
216217,0
216218,0
216219,0
216220,0
216221,0
216222,0
216223,0
216224,0
216225,0
216226,0
216227,0
216228,0
216229,0
216230,0
216231,0
216232,0
216233,0
216234,0
216235,0
216236,0
216237,0
216238,0
216239,0
216240,0
216241,0
216242,0
216243,0
216244,0
216245,0
216246,0
216247,0
216248,0
216249,0
216250,0
216251,0
216252,0
216253,0
216254,0
216255,0
216256,0
216257,0
216258,0
216259,0
216260,0
216261,0
216262,0
216263,0
216264,0
216265,0
216266,0
216267,0
216268,0
216269,0
216270,0
216271,0
216272,0
216273,0
216274,0
216275,0
216276,0
216277,0
216278,0
216279,0
216280,0
216281,0
216282,0
216283,0
216284,0
216285,0
216286,0
216287,0
216288,0
216289,0
216290,0
216291,0
216292,0
216293,0
216294,0
216295,0
216296,0
216297,0
216298,0
216299,0
216300,0
216301,0
216302,0
216303,0
216304,0
216305,0
216306,0
216307,0
216308,0
216309,0
216310,0
216311,0
216312,0
216313,0
216314,0
216315,0
216316,0
216317,0
216318,0
216319,0
216320,0
216321,0
216322,0
216323,0
216324,0
216325,0
216326,0
216327,0
216328,0
216329,0
216330,0
216331,0
216332,0
216333,0
216334,0
216335,0
216336,0
216337,0
216338,0
216339,0
216340,0
216341,0
216342,0
216343,0
216344,0
216345,0
216346,0
216347,0
216348,0
216349,0
216350,0
216351,0
216352,1
216353,0
216354,0
216355,0
216356,0
216357,0
216358,0
216359,0
216360,0
216361,0
216362,0
216363,0
216364,0
216365,0
216366,0
216367,0
216368,0
216369,0
216370,0
216371,0
216372,0
216373,0
216374,0
216375,0
216376,0
216377,0
216378,0
216379,0
216380,0
216381,0
216382,0
216383,0
216384,0
216385,0
216386,0
216387,0
216388,0
216389,0
216390,0
216391,0
216392,0
216393,0
216394,0
216395,0
216396,0
216397,0
216398,0
216399,0
216400,0
216401,0
216402,0
216403,0
216404,0
216405,0
216406,0
216407,0
216408,0
216409,0
216410,0
216411,0
216412,0
216413,0
216414,0
216415,0
216416,0
216417,0
216418,0
216419,0
216420,0
216421,0
216422,0
216423,0
216424,0
216425,0
216426,0
216427,0
216428,0
216429,0
216430,0
216431,0
216432,0
216433,0
216434,0
216435,0
216436,0
216437,0
216438,0
216439,0
216440,0
216441,0
216442,0
216443,0
216444,0
216445,0
216446,0
216447,0
216448,0
216449,0
216450,0
216451,0
216452,0
216453,0
216454,0
216455,0
216456,0
216457,0
216458,0
216459,0
216460,0
216461,0
216462,0
216463,0
216464,0
216465,0
216466,0
216467,0
216468,0
216469,0
216470,0
216471,0
216472,0
216473,0
216474,0
216475,0
216476,0
216477,0
216478,0
216479,0
216480,0
216481,0
216482,0
216483,0
216484,0
216485,0
216486,0
216487,0
216488,0
216489,0
216490,0
216491,0
216492,0
216493,0
216494,0
216495,0
216496,0
216497,0
216498,0
216499,0
216500,0
216501,0
216502,0
216503,0
216504,0
216505,0
216506,0
216507,0
216508,0
216509,0
216510,0
216511,0
216512,0
216513,0
216514,0
216515,0
216516,0
216517,0
216518,0
216519,0
216520,0
216521,0
216522,0
216523,0
216524,0
216525,0
216526,0
216527,0
216528,0
216529,0
216530,0
216531,0
216532,0
216533,0
216534,0
216535,0
216536,0
216537,0
216538,0
216539,0
216540,0
216541,0
216542,0
216543,0
216544,0
216545,0
216546,0
216547,0
216548,0
216549,0
216550,0
216551,0
216552,0
216553,0
216554,0
216555,0
216556,0
216557,0
216558,0
216559,0
216560,0
216561,0
216562,0
216563,0
216564,0
216565,1
216566,0
216567,0
216568,0
216569,0
216570,0
216571,0
216572,0
216573,0
216574,0
216575,0
216576,0
216577,0
216578,0
216579,0
216580,0
216581,0
216582,0
216583,0
216584,0
216585,0
216586,0
216587,0
216588,0
216589,0
216590,0
216591,0
216592,0
216593,0
216594,0
216595,0
216596,0
216597,0
216598,0
216599,0
216600,0
216601,0
216602,0
216603,0
216604,0
216605,0
216606,0
216607,0
216608,0
216609,0
216610,0
216611,0
216612,0
216613,0
216614,0
216615,0
216616,0
216617,0
216618,0
216619,0
216620,0
216621,0
216622,0
216623,0
216624,0
216625,0
216626,0
216627,0
216628,0
216629,0
216630,0
216631,0
216632,0
216633,0
216634,0
216635,0
216636,0
216637,0
216638,0
216639,0
216640,0
216641,0
216642,0
216643,0
216644,0
216645,0
216646,0
216647,0
216648,0
216649,0
216650,0
216651,0
216652,0
216653,0
216654,0
216655,0
216656,0
216657,0
216658,0
216659,0
216660,0
216661,0
216662,0
216663,0
216664,0
216665,0
216666,0
216667,0
216668,0
216669,0
216670,0
216671,0
216672,0
216673,0
216674,0
216675,0
216676,0
216677,0
216678,0
216679,0
216680,0
216681,0
216682,0
216683,0
216684,0
216685,0
216686,0
216687,0
216688,0
216689,0
216690,0
216691,0
216692,0
216693,0
216694,0
216695,0
216696,0
216697,0
216698,0
216699,0
216700,0
216701,0
216702,0
216703,0
216704,0
216705,0
216706,0
216707,0
216708,0
216709,0
216710,0
216711,0
216712,0
216713,0
216714,0
216715,0
216716,0
216717,0
216718,0
216719,1
216720,0
216721,0
216722,0
216723,0
216724,0
216725,0
216726,0
216727,0
216728,0
216729,0
216730,0
216731,0
216732,0
216733,0
216734,0
216735,0
216736,0
216737,0
216738,0
216739,0
216740,0
216741,0
216742,0
216743,0
216744,0
216745,0
216746,0
216747,0
216748,0
216749,0
216750,0
216751,0
216752,0
216753,0
216754,0
216755,0
216756,0
216757,0
216758,0
216759,0
216760,0
216761,0
216762,0
216763,0
216764,0
216765,0
216766,0
216767,0
216768,0
216769,0
216770,0
216771,0
216772,0
216773,0
216774,0
216775,0
216776,0
216777,0
216778,0
216779,0
216780,0
216781,0
216782,0
216783,0
216784,0
216785,0
216786,0
216787,0
216788,0
216789,0
216790,0
216791,0
216792,0
216793,0
216794,0
216795,0
216796,0
216797,0
216798,0
216799,0
216800,0
216801,0
216802,0
216803,0
216804,0
216805,0
216806,0
216807,0
216808,0
216809,0
216810,0
216811,0
216812,0
216813,0
216814,0
216815,0
216816,0
216817,0
216818,0
216819,0
216820,0
216821,0
216822,0
216823,0
216824,0
216825,0
216826,0
216827,0
216828,0
216829,0
216830,0
216831,0
216832,0
216833,0
216834,0
216835,0
216836,0
216837,0
216838,0
216839,0
216840,0
216841,0
216842,0
216843,0
216844,0
216845,0
216846,0
216847,0
216848,0
216849,0
216850,0
216851,0
216852,0
216853,0
216854,0
216855,0
216856,0
216857,0
216858,0
216859,0
216860,0
216861,0
216862,0
216863,0
216864,0
216865,0
216866,0
216867,0
216868,0
216869,0
216870,0
216871,0
216872,0
216873,0
216874,0
216875,0
216876,0
216877,0
216878,0
216879,0
216880,0
216881,0
216882,0
216883,0
216884,0
216885,0
216886,0
216887,0
216888,0
216889,13
216890,0
216891,0
216892,0
216893,0
216894,0
216895,0
216896,0
216897,0
216898,0
216899,0
216900,0
216901,0
216902,0
216903,0
216904,0
216905,0
216906,0
216907,0
216908,0
216909,0
216910,0
216911,0
216912,0
216913,0
216914,0
216915,0
216916,9
216917,0
216918,0
216919,0
216920,0
216921,0
216922,0
216923,0
216924,0
216925,0
216926,0
216927,0
216928,0
216929,0
216930,16
216931,0
216932,0
216933,0
216934,0
216935,0
216936,0
216937,0
216938,0
216939,0
216940,0
216941,0
216942,0
216943,0
216944,0
216945,0
216946,19
216947,0
216948,0
216949,0
216950,0
216951,0
216952,0
216953,0
216954,0
216955,8
216956,0
216957,0
216958,0
216959,0
216960,0
216961,0
216962,0
216963,0
216964,0
216965,0
216966,0
216967,0
216968,0
216969,0
216970,0
216971,0
216972,0
216973,0
216974,0
216975,0
216976,0
216977,0
216978,0
216979,0
216980,0
216981,0
216982,0
216983,0
216984,0
216985,0
216986,0
216987,0
216988,0
216989,0
216990,0
216991,0
216992,0
216993,20
216994,0
216995,0
216996,24
216997,0
216998,0
216999,0
217000,0
217001,0
217002,0
217003,0
217004,0
217005,0
217006,0
217007,0
217008,0
217009,0
217010,12
217011,24
217012,22
217013,0
217014,0
217015,0
217016,0
217017,0
217018,0
217019,0
217020,0
217021,0
217022,0
217023,0
217024,0
217025,0
217026,0
217027,21
217028,0
217029,0
217030,0
217031,0
217032,0
217033,0
217034,0
217035,0
217036,16
217037,9
217038,15
217039,0
217040,0
217041,15
217042,0
217043,0
217044,0
217045,0
217046,0
217047,0
217048,15
217049,0
217050,0
217051,11
217052,0
217053,0
217054,0
217055,0
217056,0
217057,0
217058,0
217059,17
217060,0
217061,0
217062,0
217063,27
217064,18
217065,0
217066,0
217067,0
217068,0
217069,0
217070,0
217071,0
217072,0
217073,0
217074,0
217075,0
217076,20
217077,0
217078,17
217079,0
217080,0
217081,0
217082,0
217083,0
217084,0
217085,0
217086,0
217087,0
217088,0
217089,0
217090,0
217091,0
217092,0
217093,0
217094,0
217095,0
217096,0
217097,0
217098,0
217099,0
217100,0
217101,0
217102,0
217103,0
217104,0
217105,0
217106,0
217107,0
217108,0
217109,0
217110,0
217111,0
217112,0
217113,13
217114,0
217115,0
217116,0
217117,0
217118,0
217119,0
217120,0
217121,0
217122,0
217123,0
217124,0
217125,0
217126,0
217127,0
217128,0
217129,0
217130,0
217131,0
217132,0
217133,0
217134,0
217135,0
217136,0
217137,0
217138,0
217139,0
217140,0
217141,0
217142,0
217143,0
217144,0
217145,0
217146,0
217147,0
217148,0
217149,0
217150,0
217151,0
217152,0
217153,0
217154,0
217155,0
217156,0
217157,16
217158,0
217159,0
217160,0
217161,0
217162,0
217163,0
217164,0
217165,0
217166,0
217167,0
217168,0
217169,0
217170,0
217171,0
217172,0
217173,0
217174,0
217175,0
217176,0
217177,0
217178,0
217179,0
217180,0
217181,0
217182,0
217183,0
217184,0
217185,0
217186,0
217187,0
217188,0
217189,0
217190,0
217191,0
217192,0
217193,0
217194,0
217195,0
217196,0
217197,0
217198,0
217199,0
217200,0
217201,0
217202,0
217203,0
217204,0
217205,0
217206,0
217207,14
217208,0
217209,0
217210,0
217211,0
217212,0
217213,0
217214,0
217215,0
217216,0
217217,0
217218,0
217219,0
217220,0
217221,0
217222,0
217223,0
217224,0
217225,0
217226,0
217227,0
217228,0
217229,0
217230,0
217231,0
217232,0
217233,0
217234,0
217235,0
217236,0
217237,0
217238,0
217239,0
217240,0
217241,0
217242,0
217243,0
217244,0
217245,0
217246,0
217247,0
217248,0
217249,10
217250,0
217251,0
217252,16
217253,17
217254,0
217255,0
217256,0
217257,0
217258,0
217259,0
217260,0
217261,0
217262,0
217263,0
217264,0
217265,0
217266,0
217267,0
217268,0
217269,0
217270,0
217271,0
217272,0
217273,0
217274,0
217275,0
217276,0
217277,0
217278,0
217279,17
217280,0
217281,0
217282,0
217283,0
217284,0
217285,0
217286,0
217287,0
217288,0
217289,0
217290,0
217291,0
217292,0
217293,0
217294,0
217295,0
217296,0
217297,0
217298,0
217299,0
217300,0
217301,0
217302,0
217303,0
217304,0
217305,0
217306,0
217307,0
217308,0
217309,0
217310,0
217311,0
217312,0
217313,0
217314,0
217315,0
217316,0
217317,0
217318,0
217319,0
217320,0
217321,0
217322,0
217323,17
217324,0
217325,0
217326,0
217327,0
217328,0
217329,0
217330,11
217331,0
217332,0
217333,12
217334,0
217335,0
217336,0
217337,19
217338,0
217339,0
217340,0
217341,12
217342,0
217343,16
217344,0
217345,0
217346,0
217347,0
217348,0
217349,7
217350,0
217351,0
217352,0
217353,0
217354,0
217355,0
217356,0
217357,0
217358,0
217359,0
217360,0
217361,0
217362,0
217363,0
217364,16
217365,0
217366,0
217367,0
217368,0
217369,0
217370,0
217371,0
217372,0
217373,10
217374,0
217375,0
217376,0
217377,0
217378,0
217379,0
217380,0
217381,0
217382,0
217383,0
217384,0
217385,0
217386,0
217387,0
217388,0
217389,0
217390,0
217391,0
217392,0
217393,0
217394,0
217395,0
217396,0
217397,15
217398,0
217399,0
217400,0
217401,0
217402,0
217403,0
217404,0
217405,20
217406,0
217407,0
217408,0
217409,0
217410,0
217411,15
217412,0
217413,0
217414,22
217415,13
217416,0
217417,0
217418,18
217419,0
217420,0
217421,0
217422,32
217423,0
217424,22
217425,0
217426,0
217427,0
217428,0
217429,0
217430,0
217431,0
217432,0
217433,0
217434,0
217435,0
217436,19
217437,0
217438,0
217439,0
217440,0
217441,0
217442,0
217443,0
217444,0
217445,0
217446,18
217447,0
217448,0
217449,0
217450,18
217451,0
217452,0
217453,0
217454,0
217455,14
217456,19
217457,0
217458,0
217459,0
217460,25
217461,0
217462,0
217463,0
217464,0
217465,20
217466,0
217467,0
217468,0
217469,0
217470,13
217471,0
217472,0
217473,0
217474,0
217475,0
217476,14
217477,18
217478,14
217479,17
217480,0
217481,0
217482,14
217483,0
217484,0
217485,0
217486,14
217487,0
217488,0
217489,14
217490,0
217491,0
217492,0
217493,0
217494,0
217495,0
217496,0
217497,18
217498,23
217499,0
217500,0
217501,0
217502,0
217503,0
217504,0
217505,0
217506,0
217507,29
217508,19
217509,0
217510,0
217511,17
217512,0
217513,0
217514,0
217515,0
217516,15
217517,0
217518,0
217519,0
217520,12
217521,0
217522,0
217523,0
217524,10
217525,0
217526,0
217527,23
217528,21
217529,16
217530,0
217531,0
217532,0
217533,0
217534,0
217535,0
217536,15
217537,0
217538,16
217539,9
217540,0
217541,0
217542,0
217543,0
217544,0
217545,0
217546,17
217547,0
217548,0
217549,0
217550,17
217551,0
217552,0
217553,0
217554,0
217555,0
217556,19
217557,0
217558,0
217559,0
217560,0
217561,0
217562,19
217563,0
217564,0
217565,0
217566,0
217567,0
217568,0
217569,0
217570,0
217571,13
217572,20
217573,17
217574,0
217575,0
217576,0
217577,0
217578,0
217579,19
217580,0
217581,5
217582,7
217583,19
217584,0
217585,0
217586,15
217587,0
217588,0
217589,0
217590,21
217591,0
217592,0
217593,0
217594,0
217595,14
217596,15
217597,0
217598,0
217599,20
217600,0
217601,0
217602,0
217603,18
217604,0
217605,0
217606,0
217607,0
217608,16
217609,0
217610,0
217611,0
217612,0
217613,0
217614,0
217615,0
217616,15
217617,0
217618,14
217619,0
217620,0
217621,0
217622,14
217623,19
217624,0
217625,14
217626,0
217627,28
217628,0
217629,0
217630,0
217631,17
217632,0
217633,0
217634,23
217635,0
217636,0
217637,23
217638,0
217639,11
217640,0
217641,0
217642,0
217643,7
217644,0
217645,0
217646,0
217647,0
217648,17
217649,14
217650,25
217651,15
217652,0
217653,0
217654,0
217655,0
217656,8
217657,0
217658,0
217659,0
217660,19
217661,8
217662,0
217663,16
217664,0
217665,20
217666,0
217667,0
217668,0
217669,0
217670,0
217671,0
217672,15
217673,0
217674,0
217675,0
217676,0
217677,0
217678,0
217679,29
217680,12
217681,17
217682,0
217683,0
217684,13
217685,0
217686,0
217687,0
217688,0
217689,0
217690,0
217691,25
217692,0
217693,0
217694,24
217695,0
217696,0
217697,0
217698,0
217699,0
217700,0
217701,15
217702,0
217703,0
217704,0
217705,0
217706,0
217707,0
217708,0
217709,0
217710,0
217711,0
217712,0
217713,18
217714,16
217715,0
217716,0
217717,20
217718,15
217719,0
217720,0
217721,0
217722,0
217723,19
217724,0
217725,0
217726,0
217727,0
217728,0
217729,0
217730,0
217731,0
217732,0
217733,0
217734,0
217735,0
217736,0
217737,0
217738,30
217739,0
217740,0
217741,0
217742,0
217743,0
217744,0
217745,21
217746,21
217747,0
217748,0
217749,0
217750,0
217751,0
217752,0
217753,0
217754,0
217755,0
217756,0
217757,0
217758,0
217759,0
217760,16
217761,0
217762,0
217763,28
217764,0
217765,18
217766,0
217767,0
217768,0
217769,0
217770,0
217771,0
217772,0
217773,34
217774,16
217775,18
217776,18
217777,0
217778,0
217779,0
217780,7
217781,0
217782,6
217783,0
217784,0
217785,0
217786,0
217787,19
217788,0
217789,0
217790,0
217791,0
217792,0
217793,0
217794,0
217795,0
217796,0
217797,26
217798,20
217799,0
217800,0
217801,0
217802,0
217803,21
217804,0
217805,0
217806,0
217807,0
217808,9
217809,0
217810,0
217811,18
217812,0
217813,0
217814,12
217815,27
217816,0
217817,0
217818,0
217819,0
217820,26
217821,0
217822,0
217823,21
217824,0
217825,0
217826,12
217827,0
217828,0
217829,25
217830,0
217831,16
217832,0
217833,27
217834,11
217835,0
217836,12
217837,0
217838,0
217839,0
217840,22
217841,0
217842,20
217843,0
217844,14
217845,21
217846,10
217847,0
217848,0
217849,0
217850,0
217851,25
217852,20
217853,0
217854,0
217855,0
217856,24
217857,0
217858,0
217859,0
217860,19
217861,0
217862,0
217863,17
217864,0
217865,0
217866,18
217867,0
217868,20
217869,0
217870,0
217871,0
217872,0
217873,0
217874,0
217875,0
217876,0
217877,12
217878,0
217879,0
217880,21
217881,0
217882,23
217883,0
217884,15
217885,0
217886,0
217887,0
217888,0
217889,0
217890,0
217891,0
217892,0
217893,0
217894,0
217895,0
217896,21
217897,0
217898,0
217899,0
217900,0
217901,0
217902,22
217903,0
217904,0
217905,0
217906,16
217907,0
217908,0
217909,12
217910,0
217911,0
217912,0
217913,15
217914,0
217915,0
217916,0
217917,0
217918,13
217919,0
217920,24
217921,0
217922,0
217923,28
217924,0
217925,0
217926,0
217927,0
217928,0
217929,13
217930,0
217931,24
217932,16
217933,0
217934,0
217935,0
217936,0
217937,0
217938,0
217939,0
217940,0
217941,0
217942,0
217943,0
217944,0
217945,0
217946,16
217947,0
217948,19
217949,0
217950,0
217951,0
217952,0
217953,0
217954,11
217955,0
217956,25
217957,0
217958,0
217959,0
217960,11
217961,0
217962,0
217963,14
217964,13
217965,0
217966,0
217967,19
217968,0
217969,19
217970,16
217971,0
217972,0
217973,0
217974,0
217975,0
217976,0
217977,13
217978,0
217979,0
217980,0
217981,0
217982,16
217983,17
217984,0
217985,0
217986,9
217987,40
217988,0
217989,0
217990,0
217991,0
217992,0
217993,0
217994,19
217995,0
217996,0
217997,0
217998,0
217999,0
218000,0
218001,0
218002,0
218003,0
218004,0
218005,0
218006,0
218007,0
218008,14
218009,20
218010,22
218011,23
218012,26
218013,0
218014,0
218015,0
218016,0
218017,0
218018,0
218019,0
218020,0
218021,0
218022,0
218023,0
218024,0
218025,0
218026,12
218027,0
218028,22
218029,21
218030,0
218031,20
218032,0
218033,0
218034,19
218035,0
218036,0
218037,0
218038,0
218039,0
218040,16
218041,15
218042,0
218043,0
218044,0
218045,0
218046,0
218047,0
218048,0
218049,0
218050,0
218051,25
218052,0
218053,0
218054,0
218055,0
218056,22
218057,0
218058,0
218059,0
218060,0
218061,18
218062,0
218063,0
218064,0
218065,0
218066,0
218067,0
218068,0
218069,0
218070,0
218071,22
218072,0
218073,0
218074,8
218075,0
218076,23
218077,16
218078,20
218079,0
218080,0
218081,0
218082,0
218083,0
218084,0
218085,0
218086,15
218087,0
218088,0
218089,0
218090,15
218091,0
218092,0
218093,0
218094,0
218095,20
218096,0
218097,18
218098,0
218099,0
218100,0
218101,0
218102,18
218103,0
218104,9
218105,0
218106,22
218107,0
218108,0
218109,0
218110,0
218111,0
218112,0
218113,0
218114,0
218115,18
218116,0
218117,0
218118,0
218119,0
218120,0
218121,0
218122,24
218123,0
218124,0
218125,0
218126,0
218127,0
218128,0
218129,19
218130,21
218131,0
218132,0
218133,18
218134,0
218135,0
218136,10
218137,17
218138,0
218139,16
218140,0
218141,0
218142,16
218143,0
218144,0
218145,12
218146,0
218147,0
218148,17
218149,0
218150,0
218151,0
218152,17
218153,0
218154,0
218155,26
218156,0
218157,17
218158,22
218159,0
218160,0
218161,26
218162,0
218163,11
218164,0
218165,0
218166,8
218167,0
218168,0
218169,0
218170,0
218171,0
218172,0
218173,0
218174,0
218175,0
218176,0
218177,0
218178,0
218179,0
218180,0
218181,0
218182,0
218183,0
218184,0
218185,0
218186,0
218187,0
218188,0
218189,0
218190,0
218191,0
218192,0
218193,0
218194,0
218195,0
218196,0
218197,0
218198,0
218199,0
218200,0
218201,0
218202,0
218203,0
218204,0
218205,0
218206,0
218207,0
218208,0
218209,0
218210,0
218211,0
218212,0
218213,0
218214,0
218215,0
218216,0
218217,0
218218,0
218219,0
218220,0
218221,0
218222,0
218223,0
218224,0
218225,0
218226,0
218227,1
218228,0
218229,0
218230,0
218231,0
218232,0
218233,0
218234,0
218235,0
218236,0
218237,0
218238,0
218239,0
218240,0
218241,0
218242,0
218243,0
218244,0
218245,0
218246,0
218247,0
218248,0
218249,0
218250,0
218251,0
218252,0
218253,0
218254,0
218255,0
218256,0
218257,0
218258,0
218259,0
218260,0
218261,0
218262,0
218263,0
218264,0
218265,0
218266,0
218267,0
218268,0
218269,0
218270,0
218271,0
218272,0
218273,0
218274,0
218275,0
218276,0
218277,0
218278,0
218279,0
218280,0
218281,0
218282,0
218283,0
218284,0
218285,0
218286,0
218287,0
218288,0
218289,0
218290,0
218291,0
218292,0
218293,0
218294,0
218295,0
218296,0
218297,0
218298,0
218299,0
218300,0
218301,0
218302,0
218303,0
218304,0
218305,0
218306,0
218307,0
218308,0
218309,0
218310,0
218311,0
218312,0
218313,0
218314,0
218315,0
218316,0
218317,0
218318,0
218319,1
218320,0
218321,0
218322,0
218323,0
218324,0
218325,0
218326,0
218327,0
218328,0
218329,0
218330,0
218331,0
218332,0
218333,0
218334,1
218335,0
218336,0
218337,0
218338,0
218339,0
218340,0
218341,0
218342,0
218343,0
218344,0
218345,0
218346,0
218347,0
218348,0
218349,0
218350,0
218351,0
218352,0
218353,0
218354,0
218355,0
218356,0
218357,0
218358,0
218359,0
218360,0
218361,0
218362,0
218363,0
218364,0
218365,0
218366,0
218367,0
218368,0
218369,0
218370,0
218371,0
218372,0
218373,0
218374,0
218375,0
218376,0
218377,0
218378,0
218379,0
218380,0
218381,0
218382,0
218383,0
218384,0
218385,0
218386,1
218387,0
218388,0
218389,0
218390,0
218391,0
218392,0
218393,0
218394,0
218395,0
218396,0
218397,0
218398,0
218399,0
218400,0
218401,0
218402,0
218403,0
218404,0
218405,0
218406,0
218407,0
218408,0
218409,0
218410,0
218411,0
218412,0
218413,0
218414,0
218415,0
218416,0
218417,0
218418,1
218419,0
218420,0
218421,0
218422,0
218423,0
218424,0
218425,0
218426,0
218427,0
218428,0
218429,0
218430,0
218431,0
218432,0
218433,0
218434,0
218435,0
218436,0
218437,0
218438,0
218439,0
218440,0
218441,0
218442,0
218443,0
218444,0
218445,0
218446,0
218447,0
218448,0
218449,0
218450,0
218451,0
218452,0
218453,0
218454,0
218455,0
218456,0
218457,0
218458,0
218459,0
218460,1
218461,0
218462,0
218463,0
218464,0
218465,0
218466,0
218467,0
218468,0
218469,0
218470,0
218471,0
218472,0
218473,0
218474,0
218475,0
218476,0
218477,0
218478,0
218479,0
218480,0
218481,0
218482,0
218483,0
218484,0
218485,0
218486,0
218487,0
218488,0
218489,0
218490,0
218491,1
218492,0
218493,0
218494,0
218495,0
218496,0
218497,0
218498,0
218499,0
218500,0
218501,0
218502,0
218503,0
218504,0
218505,0
218506,0
218507,0
218508,0
218509,0
218510,0
218511,0
218512,0
218513,0
218514,0
218515,0
218516,0
218517,0
218518,0
218519,0
218520,0
218521,0
218522,0
218523,0
218524,0
218525,0
218526,0
218527,0
218528,0
218529,0
218530,0
218531,0
218532,0
218533,0
218534,0
218535,0
218536,0
218537,0
218538,0
218539,0
218540,0
218541,0
218542,0
218543,0
218544,0
218545,0
218546,0
218547,0
218548,0
218549,0
218550,0
218551,0
218552,0
218553,0
218554,0
218555,0
218556,0
218557,0
218558,0
218559,0
218560,0
218561,0
218562,0
218563,0
218564,0
218565,0
218566,0
218567,0
218568,0
218569,0
218570,0
218571,0
218572,0
218573,0
218574,0
218575,0
218576,0
218577,0
218578,0
218579,0
218580,0
218581,0
218582,0
218583,0
218584,0
218585,0
218586,0
218587,0
218588,0
218589,0
218590,0
218591,0
218592,0
218593,0
218594,0
218595,0
218596,0
218597,0
218598,0
218599,0
218600,0
218601,0
218602,0
218603,0
218604,0
218605,0
218606,0
218607,0
218608,0
218609,0
218610,0
218611,0
218612,0
218613,0
218614,0
218615,0
218616,0
218617,0
218618,0
218619,0
218620,0
218621,0
218622,0
218623,0
218624,0
218625,0
218626,0
218627,0
218628,0
218629,0
218630,0
218631,0
218632,0
218633,0
218634,0
218635,0
218636,0
218637,0
218638,0
218639,0
218640,0
218641,0
218642,0
218643,0
218644,0
218645,0
218646,0
218647,0
218648,0
218649,0
218650,0
218651,0
218652,0
218653,0
218654,0
218655,0
218656,0
218657,0
218658,0
218659,0
218660,0
218661,0
218662,0
218663,0
218664,0
218665,0
218666,0
218667,0
218668,0
218669,0
218670,0
218671,0
218672,0
218673,0
218674,0
218675,0
218676,1
218677,0
218678,0
218679,0
218680,0
218681,0
218682,0
218683,0
218684,0
218685,0
218686,0
218687,0
218688,0
218689,0
218690,0
218691,0
218692,0
218693,0
218694,0
218695,0
218696,0
218697,0
218698,0
218699,0
218700,0
218701,0
218702,0
218703,0
218704,0
218705,1
218706,0
218707,0
218708,0
218709,0
218710,0
218711,0
218712,0
218713,0
218714,0
218715,0
218716,0
218717,0
218718,0
218719,0
218720,0
218721,0
218722,0
218723,0
218724,0
218725,0
218726,0
218727,0
218728,0
218729,0
218730,0
218731,0
218732,0
218733,0
218734,0
218735,0
218736,0
218737,0
218738,0
218739,0
218740,0
218741,0
218742,0
218743,0
218744,0
218745,0
218746,0
218747,0
218748,0
218749,0
218750,0
218751,0
218752,0
218753,0
218754,0
218755,0
218756,0
218757,0
218758,0
218759,0
218760,0
218761,0
218762,0
218763,0
218764,0
218765,0
218766,0
218767,0
218768,0
218769,0
218770,0
218771,0
218772,0
218773,0
218774,0
218775,0
218776,0
218777,0
218778,0
218779,0
218780,1
218781,0
218782,0
218783,0
218784,0
218785,0
218786,0
218787,0
218788,0
218789,0
218790,0
218791,0
218792,0
218793,3
218794,0
218795,0
218796,5
218797,0
218798,0
218799,0
218800,0
218801,0
218802,4
218803,3
218804,0
218805,6
218806,0
218807,3
218808,0
218809,0
218810,0
218811,0
218812,0
218813,0
218814,0
218815,0
218816,0
218817,8
218818,0
218819,0
218820,0
218821,11
218822,0
218823,8
218824,0
218825,0
218826,0
218827,0
218828,0
218829,0
218830,0
218831,0
218832,0
218833,0
218834,7
218835,4
218836,0
218837,0
218838,2
218839,0
218840,0
218841,0
218842,4
218843,5
218844,0
218845,0
218846,0
218847,0
218848,0
218849,6
218850,0
218851,0
218852,8
218853,0
218854,0
218855,0
218856,0
218857,0
218858,5
218859,9
218860,0
218861,0
218862,0
218863,0
218864,0
218865,6
218866,0
218867,0
218868,0
218869,0
218870,0
218871,0
218872,0
218873,0
218874,7
218875,0
218876,0
218877,4
218878,0
218879,0
218880,0
218881,0
218882,0
218883,0
218884,0
218885,0
218886,0
218887,0
218888,0
218889,0
218890,3
218891,0
218892,0
218893,0
218894,0
218895,0
218896,3
218897,0
218898,0
218899,0
218900,0
218901,0
218902,0
218903,0
218904,0
218905,0
218906,0
218907,0
218908,0
218909,0
218910,0
218911,0
218912,0
218913,0
218914,0
218915,3
218916,0
218917,0
218918,8
218919,0
218920,0
218921,0
218922,0
218923,0
218924,0
218925,0
218926,0
218927,0
218928,0
218929,3
218930,4
218931,0
218932,0
218933,0
218934,3
218935,0
218936,0
218937,0
218938,0
218939,0
218940,0
218941,0
218942,0
218943,0
218944,0
218945,0
218946,0
218947,0
218948,6
218949,0
218950,0
218951,0
218952,0
218953,0
218954,0
218955,10
218956,0
218957,0
218958,0
218959,0
218960,0
218961,0
218962,0
218963,0
218964,7
218965,0
218966,0
218967,6
218968,0
218969,0
218970,0
218971,0
218972,0
218973,6
218974,0
218975,0
218976,0
218977,2
218978,0
218979,2
218980,0
218981,7
218982,0
218983,0
218984,0
218985,0
218986,0
218987,0
218988,2
218989,0
218990,0
218991,0
218992,0
218993,7
218994,0
218995,0
218996,0
218997,0
218998,0
218999,0
219000,0
219001,0
219002,0
219003,0
219004,0
219005,0
219006,0
219007,0
219008,3
219009,0
219010,0
219011,0
219012,0
219013,0
219014,3
219015,0
219016,0
219017,5
219018,0
219019,5
219020,0
219021,0
219022,0
219023,0
219024,0
219025,0
219026,0
219027,0
219028,0
219029,5
219030,0
219031,0
219032,5
219033,5
219034,0
219035,0
219036,0
219037,8
219038,0
219039,0
219040,0
219041,0
219042,0
219043,0
219044,0
219045,0
219046,0
219047,0
219048,0
219049,0
219050,0
219051,0
219052,0
219053,0
219054,0
219055,0
219056,0
219057,0
219058,5
219059,0
219060,10
219061,0
219062,0
219063,0
219064,0
219065,0
219066,0
219067,0
219068,0
219069,0
219070,9
219071,0
219072,0
219073,0
219074,0
219075,0
219076,10
219077,0
219078,0
219079,0
219080,14
219081,0
219082,0
219083,0
219084,0
219085,0
219086,0
219087,17
219088,0
219089,0
219090,0
219091,0
219092,0
219093,0
219094,0
219095,0
219096,0
219097,0
219098,0
219099,0
219100,14
219101,0
219102,0
219103,0
219104,0
219105,22
219106,0
219107,9
219108,0
219109,12
219110,0
219111,29
219112,0
219113,0
219114,0
219115,8
219116,0
219117,0
219118,0
219119,0
219120,21
219121,0
219122,0
219123,0
219124,0
219125,0
219126,0
219127,0
219128,0
219129,0
219130,11
219131,13
219132,0
219133,0
219134,0
219135,0
219136,0
219137,0
219138,0
219139,0
219140,0
219141,9
219142,0
219143,0
219144,0
219145,9
219146,0
219147,0
219148,9
219149,0
219150,9
219151,0
219152,0
219153,0
219154,0
219155,0
219156,0
219157,0
219158,0
219159,0
219160,0
219161,21
219162,0
219163,0
219164,10
219165,0
219166,0
219167,0
219168,0
219169,0
219170,9
219171,0
219172,0
219173,0
219174,17
219175,0
219176,0
219177,0
219178,0
219179,11
219180,11
219181,0
219182,0
219183,0
219184,7
219185,0
219186,0
219187,0
219188,18
219189,0
219190,0
219191,0
219192,0
219193,0
219194,0
219195,10
219196,0
219197,10
219198,0
219199,0
219200,0
219201,0
219202,0
219203,0
219204,0
219205,0
219206,0
219207,0
219208,0
219209,0
219210,0
219211,0
219212,14
219213,13
219214,0
219215,0
219216,14
219217,0
219218,0
219219,0
219220,0
219221,0
219222,0
219223,0
219224,0
219225,0
219226,0
219227,0
219228,0
219229,36
219230,0
219231,0
219232,32
219233,0
219234,0
219235,0
219236,0
219237,30
219238,0
219239,0
219240,20
219241,0
219242,0
219243,19
219244,26
219245,29
219246,0
219247,0
219248,0
219249,0
219250,0
219251,0
219252,16
219253,0
219254,0
219255,0
219256,0
219257,0
219258,0
219259,16
219260,0
219261,0
219262,0
219263,0
219264,0
219265,0
219266,20
219267,33
219268,0
219269,0
219270,0
219271,0
219272,0
219273,30
219274,0
219275,0
219276,25
219277,0
219278,0
219279,0
219280,0
219281,0
219282,0
219283,32
219284,0
219285,0
219286,0
219287,0
219288,0
219289,0
219290,29
219291,0
219292,33
219293,32
219294,0
219295,23
219296,27
219297,0
219298,0
219299,0
219300,0
219301,0
219302,0
219303,0
219304,0
219305,0
219306,0
219307,0
219308,30
219309,0
219310,0
219311,0
219312,0
219313,0
219314,25
219315,15
219316,0
219317,23
219318,0
219319,0
219320,0
219321,22
219322,0
219323,0
219324,34
219325,0
219326,29
219327,0
219328,0
219329,0
219330,0
219331,0
219332,0
219333,34
219334,0
219335,18
219336,0
219337,21
219338,0
219339,0
219340,0
219341,30
219342,0
219343,0
219344,0
219345,0
219346,16
219347,27
219348,0
219349,28
219350,0
219351,0
219352,0
219353,0
219354,14
219355,0
219356,0
219357,0
219358,37
219359,37
219360,0
219361,0
219362,23
219363,0
219364,0
219365,38
219366,0
219367,35
219368,0
219369,0
219370,0
219371,38
219372,24
219373,31
219374,0
219375,0
219376,0
219377,28
219378,0
219379,0
219380,0
219381,30
219382,36
219383,0
219384,40
219385,0
219386,0
219387,0
219388,15
219389,25
219390,0
219391,25
219392,0
219393,20
219394,0
219395,0
219396,0
219397,21
219398,0
219399,18
219400,0
219401,0
219402,0
219403,0
219404,0
219405,0
219406,31
219407,0
219408,0
219409,37
219410,0
219411,24
219412,0
219413,0
219414,24
219415,26
219416,23
219417,26
219418,0
219419,0
219420,0
219421,30
219422,0
219423,44
219424,0
219425,32
219426,0
219427,28
219428,0
219429,35
219430,33
219431,0
219432,0
219433,0
219434,0
219435,0
219436,0
219437,0
219438,0
219439,0
219440,0
219441,0
219442,0
219443,28
219444,0
219445,0
219446,0
219447,0
219448,0
219449,0
219450,0
219451,37
219452,19
219453,0
219454,0
219455,0
219456,27
219457,0
219458,0
219459,0
219460,0
219461,29
219462,0
219463,0
219464,0
219465,0
219466,30
219467,0
219468,28
219469,0
219470,0
219471,0
219472,0
219473,0
219474,0
219475,0
219476,0
219477,0
219478,0
219479,0
219480,21
219481,0
219482,0
219483,0
219484,24
219485,21
219486,0
219487,17
219488,0
219489,0
219490,23
219491,0
219492,0
219493,0
219494,0
219495,0
219496,0
219497,0
219498,0
219499,0
219500,0
219501,37
219502,0
219503,27
219504,0
219505,31
219506,0
219507,0
219508,0
219509,0
219510,43
219511,0
219512,0
219513,0
219514,0
219515,0
219516,27
219517,0
219518,0
219519,24
219520,0
219521,0
219522,0
219523,0
219524,0
219525,0
219526,0
219527,0
219528,20
219529,0
219530,0
219531,30
219532,16
219533,0
219534,23
219535,0
219536,0
219537,0
219538,0
219539,0
219540,0
219541,39
219542,0
219543,0
219544,0
219545,0
219546,0
219547,0
219548,0
219549,0
219550,0
219551,31
219552,0
219553,0
219554,0
219555,0
219556,0
219557,37
219558,0
219559,0
219560,0
219561,0
219562,33
219563,26
219564,0
219565,0
219566,35
219567,0
219568,0
219569,0
219570,0
219571,32
219572,27
219573,0
219574,0
219575,19
219576,0
219577,0
219578,0
219579,24
219580,22
219581,0
219582,0
219583,34
219584,0
219585,21
219586,0
219587,0
219588,0
219589,0
219590,0
219591,0
219592,0
219593,0
219594,0
219595,0
219596,0
219597,0
219598,0
219599,0
219600,0
219601,0
219602,20
219603,0
219604,0
219605,0
219606,0
219607,0
219608,0
219609,0
219610,23
219611,0
219612,0
219613,0
219614,0
219615,0
219616,0
219617,0
219618,19
219619,25
219620,0
219621,0
219622,23
219623,0
219624,0
219625,17
219626,0
219627,0
219628,0
219629,33
219630,0
219631,0
219632,0
219633,0
219634,30
219635,0
219636,27
219637,0
219638,39
219639,0
219640,23
219641,0
219642,0
219643,0
219644,32
219645,0
219646,0
219647,16
219648,0
219649,0
219650,28
219651,0
219652,0
219653,0
219654,24
219655,0
219656,31
219657,0
219658,30
219659,28
219660,0
219661,0
219662,0
219663,26
219664,0
219665,0
219666,0
219667,0
219668,0
219669,32
219670,0
219671,0
219672,14
219673,0
219674,0
219675,0
219676,0
219677,23
219678,0
219679,34
219680,0
219681,33
219682,0
219683,0
219684,0
219685,0
219686,0
219687,34
219688,0
219689,0
219690,0
219691,21
219692,25
219693,0
219694,0
219695,0
219696,31
219697,0
219698,0
219699,0
219700,0
219701,43
219702,20
219703,28
219704,0
219705,0
219706,28
219707,0
219708,23
219709,0
219710,0
219711,0
219712,0
219713,0
219714,23
219715,0
219716,0
219717,0
219718,0
219719,23
219720,0
219721,0
219722,0
219723,0
219724,40
219725,0
219726,0
219727,49
219728,0
219729,0
219730,0
219731,0
219732,0
219733,39
219734,0
219735,39
219736,0
219737,0
219738,0
219739,0
219740,0
219741,0
219742,38
219743,0
219744,0
219745,43
219746,0
219747,0
219748,0
219749,0
219750,26
219751,22
219752,41
219753,0
219754,34
219755,0
219756,0
219757,0
219758,0
219759,0
219760,0
219761,0
219762,0
219763,45
219764,0
219765,48
219766,0
219767,49
219768,44
219769,0
219770,0
219771,0
219772,0
219773,0
219774,0
219775,0
219776,0
219777,0
219778,0
219779,0
219780,0
219781,0
219782,0
219783,55
219784,0
219785,0
219786,0
219787,0
219788,0
219789,0
219790,0
219791,0
219792,0
219793,0
219794,34
219795,0
219796,40
219797,0
219798,40
219799,0
219800,0
219801,0
219802,0
219803,0
219804,0
219805,0
219806,0
219807,0
219808,0
219809,0
219810,0
219811,0
219812,43
219813,0
219814,0
219815,0
219816,0
219817,0
219818,0
219819,0
219820,0
219821,41
219822,0
219823,0
219824,0
219825,0
219826,45
219827,0
219828,0
219829,0
219830,0
219831,0
219832,36
219833,0
219834,0
219835,0
219836,0
219837,0
219838,0
219839,0
219840,34
219841,0
219842,0
219843,0
219844,0
219845,35
219846,0
219847,49
219848,0
219849,0
219850,0
219851,41
219852,0
219853,0
219854,0
219855,0
219856,0
219857,40
219858,0
219859,31
219860,0
219861,0
219862,44
219863,0
219864,0
219865,0
219866,0
219867,0
219868,0
219869,0
219870,0
219871,38
219872,0
219873,0
219874,19
219875,39
219876,0
219877,0
219878,38
219879,32
219880,0
219881,36
219882,0
219883,0
219884,0
219885,0
219886,0
219887,0
219888,0
219889,0
219890,0
219891,0
219892,0
219893,0
219894,0
219895,0
219896,0
219897,0
219898,0
219899,0
219900,26
219901,0
219902,0
219903,0
219904,0
219905,0
219906,0
219907,0
219908,0
219909,0
219910,35
219911,0
219912,0
219913,0
219914,0
219915,0
219916,33
219917,0
219918,0
219919,0
219920,0
219921,38
219922,0
219923,0
219924,0
219925,0
219926,0
219927,0
219928,0
219929,0
219930,0
219931,0
219932,0
219933,26
219934,0
219935,0
219936,36
219937,0
219938,33
219939,0
219940,0
219941,38
219942,0
219943,0
219944,0
219945,0
219946,43
219947,0
219948,0
219949,0
219950,0
219951,0
219952,0
219953,0
219954,0
219955,0
219956,0
219957,0
219958,0
219959,0
219960,0
219961,23
219962,0
219963,33
219964,0
219965,0
219966,0
219967,0
219968,0
219969,0
219970,24
219971,0
219972,37
219973,35
219974,0
219975,0
219976,0
219977,51
219978,0
219979,0
219980,0
219981,43
219982,0
219983,0
219984,0
219985,0
219986,0
219987,0
219988,0
219989,0
219990,0
219991,0
219992,0
219993,56
219994,0
219995,0
219996,44
219997,0
219998,0
219999,35
220000,0
220001,0
220002,0
220003,0
220004,33
220005,0
220006,0
220007,36
220008,0
220009,0
220010,36
220011,0
220012,0
220013,21
220014,0
220015,0
220016,0
220017,0
220018,38
220019,33
220020,0
220021,0
220022,37
220023,26
220024,23
220025,39
220026,0
220027,0
220028,0
220029,42
220030,42
220031,0
220032,0
220033,0
220034,0
220035,26
220036,0
220037,0
220038,0
220039,33
220040,0
220041,30
220042,0
220043,0
220044,0
220045,0
220046,0
220047,0
220048,0
220049,0
220050,0
220051,0
220052,0
220053,0
220054,0
220055,0
220056,0
220057,0
220058,0
220059,0
220060,0
220061,0
220062,0
220063,0
220064,0
220065,41
220066,0
220067,0
220068,0
220069,36
220070,0
220071,0
220072,0
220073,0
220074,53
220075,39
220076,35
220077,0
220078,0
220079,0
220080,34
220081,0
220082,0
220083,0
220084,0
220085,0
220086,0
220087,42
220088,0
220089,62
220090,36
220091,0
220092,0
220093,0
220094,42
220095,0
220096,0
220097,0
220098,0
220099,0
220100,0
220101,0
220102,0
220103,0
220104,39
220105,0
220106,0
220107,38
220108,0
220109,0
220110,41
220111,0
220112,0
220113,0
220114,0
220115,0
220116,37
220117,45
220118,33
220119,0
220120,0
220121,23
220122,0
220123,0
220124,0
220125,47
220126,0
220127,0
220128,0
220129,29
220130,0
220131,0
220132,0
220133,0
220134,0
220135,0
220136,0
220137,0
220138,0
220139,0
220140,0
220141,0
220142,0
220143,0
220144,0
220145,0
220146,0
220147,0
220148,0
220149,0
220150,0
220151,0
220152,0
220153,0
220154,0
220155,38
220156,0
220157,0
220158,0
220159,0
220160,0
220161,0
220162,0
220163,0
220164,52
220165,38
220166,38
220167,0
220168,0
220169,0
220170,0
220171,35
220172,31
220173,0
220174,0
220175,46
220176,0
220177,49
220178,0
220179,30
220180,0
220181,0
220182,42
220183,0
220184,45
220185,0
220186,0
220187,0
220188,0
220189,0
220190,0
220191,0
220192,0
220193,0
220194,31
220195,0
220196,0
220197,31
220198,34
220199,0
220200,0
220201,0
220202,0
220203,0
220204,0
220205,0
220206,34
220207,0
220208,0
220209,0
220210,0
220211,34
220212,34
220213,28
220214,0
220215,0
220216,0
220217,0
220218,27
220219,0
220220,0
220221,0
220222,41
220223,23
220224,0
220225,0
220226,0
220227,0
220228,21
220229,0
220230,0
220231,0
220232,0
220233,0
220234,0
220235,0
220236,36
220237,0
220238,0
220239,0
220240,0
220241,0
220242,0
220243,0
220244,0
220245,29
220246,0
220247,0
220248,0
220249,0
220250,36
220251,0
220252,0
220253,45
220254,0
220255,0
220256,0
220257,0
220258,0
220259,0
220260,0
220261,0
220262,0
220263,0
220264,32
220265,0
220266,0
220267,0
220268,0
220269,0
220270,38
220271,0
220272,0
220273,31
220274,37
220275,0
220276,32
220277,0
220278,0
220279,0
220280,0
220281,0
220282,0
220283,45
220284,39
220285,39
220286,0
220287,50
220288,0
220289,0
220290,0
220291,0
220292,0
220293,0
220294,0
220295,0
220296,0
220297,0
220298,31
220299,0
220300,0
220301,0
220302,45
220303,32
220304,0
220305,0
220306,0
220307,0
220308,0
220309,0
220310,0
220311,0
220312,0
220313,0
220314,0
220315,41
220316,41
220317,0
220318,0
220319,0
220320,39
220321,0
220322,0
220323,0
220324,0
220325,30
220326,0
220327,0
220328,23
220329,0
220330,0
220331,27
220332,0
220333,0
220334,0
220335,0
220336,0
220337,0
220338,0
220339,0
220340,0
220341,0
220342,0
220343,0
220344,0
220345,0
220346,36
220347,0
220348,25
220349,0
220350,0
220351,0
220352,56
220353,36
220354,0
220355,33
220356,0
220357,0
220358,0
220359,0
220360,0
220361,0
220362,0
220363,0
220364,0
220365,36
220366,0
220367,0
220368,0
220369,0
220370,0
220371,0
220372,0
220373,24
220374,36
220375,0
220376,53
220377,0
220378,0
220379,0
220380,0
220381,0
220382,0
220383,0
220384,45
220385,30
220386,0
220387,0
220388,0
220389,0
220390,0
220391,0
220392,0
220393,0
220394,49
220395,0
220396,0
220397,0
220398,29
220399,0
220400,0
220401,0
220402,0
220403,0
220404,0
220405,0
220406,0
220407,0
220408,0
220409,0
220410,0
220411,0
220412,0
220413,0
220414,26
220415,0
220416,0
220417,0
220418,0
220419,0
220420,0
220421,0
220422,0
220423,0
220424,0
220425,42
220426,0
220427,55
220428,0
220429,46
220430,17
220431,0
220432,36
220433,34
220434,42
220435,0
220436,0
220437,31
220438,41
220439,0
220440,0
220441,0
220442,0
220443,0
220444,40
220445,0
220446,36
220447,0
220448,0
220449,0
220450,0
220451,0
220452,0
220453,0
220454,0
220455,0
220456,3
220457,0
220458,0
220459,0
220460,0
220461,0
220462,0
220463,0
220464,0
220465,0
220466,0
220467,0
220468,0
220469,0
220470,0
220471,0
220472,0
220473,4
220474,0
220475,0
220476,0
220477,0
220478,0
220479,3
220480,0
220481,0
220482,0
220483,3
220484,0
220485,4
220486,0
220487,4
220488,0
220489,0
220490,0
220491,0
220492,0
220493,4
220494,0
220495,2
220496,6
220497,0
220498,0
220499,3
220500,5
220501,8
220502,0
220503,0
220504,5
220505,0
220506,0
220507,1
220508,3
220509,0
220510,0
220511,0
220512,0
220513,5
220514,0
220515,0
220516,0
220517,0
220518,6
220519,4
220520,0
220521,0
220522,5
220523,0
220524,0
220525,0
220526,0
220527,0
220528,0
220529,0
220530,3
220531,0
220532,0
220533,0
220534,0
220535,2
220536,2
220537,0
220538,0
220539,6
220540,0
220541,4
220542,0
220543,0
220544,0
220545,0
220546,0
220547,0
220548,0
220549,0
220550,0
220551,0
220552,0
220553,0
220554,0
220555,0
220556,0
220557,0
220558,0
220559,0
220560,0
220561,0
220562,0
220563,0
220564,0
220565,0
220566,5
220567,0
220568,0
220569,0
220570,4
220571,0
220572,0
220573,0
220574,0
220575,4
220576,0
220577,0
220578,7
220579,0
220580,0
220581,0
220582,4
220583,0
220584,0
220585,0
220586,0
220587,0
220588,0
220589,9
220590,2
220591,0
220592,3
220593,0
220594,0
220595,0
220596,0
220597,0
220598,0
220599,0
220600,0
220601,0
220602,0
220603,0
220604,0
220605,0
220606,0
220607,1
220608,0
220609,6
220610,0
220611,0
220612,5
220613,0
220614,8
220615,0
220616,0
220617,0
220618,0
220619,0
220620,4
220621,0
220622,0
220623,0
220624,0
220625,0
220626,0
220627,5
220628,0
220629,0
220630,0
220631,0
220632,0
220633,10
220634,0
220635,0
220636,0
220637,0
220638,0
220639,3
220640,5
220641,5
220642,0
220643,0
220644,0
220645,5
220646,0
220647,0
220648,7
220649,0
220650,0
220651,0
220652,3
220653,0
220654,0
220655,0
220656,0
220657,0
220658,0
220659,7
220660,0
220661,0
220662,0
220663,3
220664,0
220665,0
220666,0
220667,1
220668,0
220669,0
220670,0
220671,0
220672,6
220673,0
220674,0
220675,3
220676,0
220677,0
220678,0
220679,0
220680,0
220681,0
220682,0
220683,4
220684,0
220685,0
220686,0
220687,0
220688,0
220689,0
220690,0
220691,6
220692,0
220693,0
220694,0
220695,2
220696,0
220697,7
220698,0
220699,0
220700,0
220701,0
220702,0
220703,0
220704,0
220705,0
220706,0
220707,0
220708,0
220709,0
220710,0
220711,0
220712,0
220713,0
220714,0
220715,0
220716,6
220717,0
220718,0
220719,0
220720,0
220721,4
220722,0
220723,0
220724,2
220725,0
220726,0
220727,0
220728,0
220729,3
220730,2
220731,3
220732,0
220733,0
220734,0
220735,8
220736,0
220737,0
220738,0
220739,4
220740,0
220741,5
220742,0
220743,0
220744,0
220745,0
220746,0
220747,0
220748,0
220749,0
220750,0
220751,0
220752,0
220753,0
220754,0
220755,3
220756,0
220757,0
220758,0
220759,3
220760,6
220761,0
220762,0
220763,0
220764,0
220765,0
220766,0
220767,0
220768,0
220769,0
220770,0
220771,0
220772,0
220773,0
220774,2
220775,2
220776,0
220777,0
220778,3
220779,0
220780,6
220781,0
220782,0
220783,0
220784,0
220785,0
220786,0
220787,0
220788,0
220789,0
220790,0
220791,0
220792,0
220793,0
220794,5
220795,0
220796,0
220797,0
220798,0
220799,0
220800,2
220801,2
220802,0
220803,0
220804,0
220805,0
220806,0
220807,0
220808,1
220809,0
220810,0
220811,0
220812,0
220813,0
220814,0
220815,0
220816,6
220817,6
220818,0
220819,4
220820,0
220821,0
220822,0
220823,2
220824,2
220825,0
220826,0
220827,0
220828,0
220829,0
220830,0
220831,0
220832,0
220833,0
220834,0
220835,0
220836,0
220837,4
220838,0
220839,0
220840,0
220841,0
220842,3
220843,0
220844,8
220845,0
220846,0
220847,0
220848,0
220849,0
220850,2
220851,0
220852,0
220853,0
220854,0
220855,9
220856,2
220857,0
220858,5
220859,0
220860,4
220861,0
220862,0
220863,0
220864,0
220865,0
220866,0
220867,5
220868,0
220869,0
220870,0
220871,0
220872,0
220873,0
220874,7
220875,5
220876,0
220877,0
220878,7
220879,0
220880,0
220881,0
220882,0
220883,0
220884,0
220885,0
220886,5
220887,0
220888,0
220889,0
220890,0
220891,0
220892,6
220893,0
220894,0
220895,0
220896,0
220897,5
220898,0
220899,0
220900,0
220901,0
220902,0
220903,0
220904,0
220905,0
220906,0
220907,0
220908,33
220909,0
220910,0
220911,20
220912,0
220913,0
220914,0
220915,0
220916,24
220917,0
220918,0
220919,0
220920,0
220921,0
220922,0
220923,0
220924,0
220925,0
220926,32
220927,21
220928,0
220929,0
220930,0
220931,0
220932,20
220933,31
220934,0
220935,0
220936,0
220937,32
220938,0
220939,22
220940,0
220941,0
220942,0
220943,0
220944,0
220945,0
220946,0
220947,0
220948,0
220949,0
220950,11
220951,0
220952,23
220953,0
220954,0
220955,0
220956,0
220957,0
220958,0
220959,0
220960,0
220961,0
220962,35
220963,0
220964,0
220965,0
220966,0
220967,0
220968,0
220969,25
220970,0
220971,0
220972,0
220973,0
220974,37
220975,14
220976,20
220977,29
220978,0
220979,0
220980,0
220981,0
220982,0
220983,0
220984,0
220985,0
220986,0
220987,0
220988,0
220989,22
220990,0
220991,0
220992,0
220993,0
220994,0
220995,23
220996,0
220997,0
220998,0
220999,0
221000,0
221001,0
221002,0
221003,0
221004,9
221005,0
221006,0
221007,0
221008,21
221009,0
221010,0
221011,0
221012,37
221013,0
221014,29
221015,0
221016,0
221017,0
221018,13
221019,20
221020,0
221021,31
221022,0
221023,20
221024,0
221025,0
221026,0
221027,24
221028,0
221029,15
221030,0
221031,0
221032,0
221033,0
221034,0
221035,0
221036,29
221037,0
221038,0
221039,30
221040,0
221041,0
221042,0
221043,0
221044,28
221045,0
221046,0
221047,15
221048,0
221049,0
221050,0
221051,0
221052,0
221053,0
221054,0
221055,0
221056,26
221057,23
221058,0
221059,0
221060,0
221061,0
221062,0
221063,12
221064,0
221065,15
221066,0
221067,0
221068,0
221069,0
221070,0
221071,0
221072,0
221073,0
221074,20
221075,0
221076,0
221077,0
221078,0
221079,0
221080,0
221081,0
221082,21
221083,0
221084,0
221085,0
221086,0
221087,0
221088,0
221089,0
221090,0
221091,1
221092,0
221093,0
221094,0
221095,0
221096,0
221097,1
221098,0
221099,0
221100,0
221101,0
221102,3
221103,0
221104,0
221105,0
221106,0
221107,0
221108,0
221109,0
221110,0
221111,0
221112,0
221113,0
221114,0
221115,0
221116,0
221117,0
221118,0
221119,0
221120,0
221121,0
221122,0
221123,0
221124,0
221125,0
221126,0
221127,0
221128,0
221129,0
221130,0
221131,0
221132,0
221133,0
221134,2
221135,0
221136,0
221137,0
221138,0
221139,0
221140,0
221141,0
221142,0
221143,0
221144,0
221145,0
221146,0
221147,0
221148,0
221149,0
221150,0
221151,0
221152,0
221153,4
221154,0
221155,0
221156,0
221157,0
221158,0
221159,0
221160,0
221161,0
221162,0
221163,0
221164,0
221165,0
221166,0
221167,0
221168,0
221169,0
221170,0
221171,0
221172,0
221173,1
221174,0
221175,0
221176,0
221177,0
221178,0
221179,0
221180,0
221181,0
221182,0
221183,3
221184,0
221185,0
221186,0
221187,0
221188,1
221189,0
221190,1
221191,0
221192,0
221193,0
221194,0
221195,0
221196,0
221197,1
221198,0
221199,0
221200,0
221201,0
221202,0
221203,0
221204,0
221205,0
221206,0
221207,0
221208,0
221209,0
221210,0
221211,13
221212,0
221213,0
221214,0
221215,0
221216,0
221217,0
221218,0
221219,0
221220,0
221221,0
221222,8
221223,0
221224,0
221225,0
221226,0
221227,0
221228,0
221229,0
221230,0
221231,0
221232,0
221233,0
221234,0
221235,0
221236,0
221237,7
221238,7
221239,0
221240,17
221241,0
221242,0
221243,0
221244,0
221245,11
221246,0
221247,0
221248,0
221249,13
221250,0
221251,0
221252,0
221253,0
221254,0
221255,0
221256,0
221257,14
221258,0
221259,0
221260,12
221261,0
221262,0
221263,0
221264,0
221265,9
221266,0
221267,0
221268,0
221269,0
221270,0
221271,15
221272,0
221273,0
221274,0
221275,0
221276,0
221277,0
221278,0
221279,0
221280,0
221281,0
221282,0
221283,0
221284,0
221285,10
221286,0
221287,0
221288,0
221289,0
221290,16
221291,0
221292,0
221293,0
221294,0
221295,0
221296,0
221297,0
221298,0
221299,7
221300,0
221301,0
221302,0
221303,0
221304,0
221305,0
221306,0
221307,0
221308,0
221309,0
221310,0
221311,0
221312,0
221313,0
221314,0
221315,0
221316,0
221317,0
221318,0
221319,0
221320,0
221321,0
221322,0
221323,0
221324,0
221325,9
221326,0
221327,15
221328,0
221329,0
221330,0
221331,0
221332,12
221333,0
221334,0
221335,0
221336,0
221337,0
221338,0
221339,0
221340,0
221341,0
221342,0
221343,13
221344,0
221345,0
221346,0
221347,0
221348,0
221349,0
221350,0
221351,0
221352,0
221353,0
221354,0
221355,0
221356,0
221357,0
221358,0
221359,0
221360,0
221361,0
221362,0
221363,23
221364,0
221365,0
221366,0
221367,0
221368,0
221369,0
221370,0
221371,0
221372,0
221373,0
221374,0
221375,0
221376,0
221377,0
221378,0
221379,0
221380,0
221381,0
221382,0
221383,0
221384,0
221385,0
221386,10
221387,0
221388,0
221389,0
221390,0
221391,0
221392,0
221393,17
221394,18
221395,0
221396,0
221397,0
221398,0
221399,0
221400,0
221401,0
221402,0
221403,0
221404,0
221405,0
221406,0
221407,19
221408,0
221409,0
221410,0
221411,0
221412,0
221413,0
221414,0
221415,0
221416,0
221417,0
221418,0
221419,11
221420,15
221421,0
221422,0
221423,0
221424,12
221425,0
221426,11
221427,0
221428,0
221429,0
221430,0
221431,0
221432,0
221433,0
221434,0
221435,0
221436,0
221437,0
221438,0
221439,0
221440,0
221441,0
221442,0
221443,0
221444,0
221445,0
221446,0
221447,0
221448,0
221449,0
221450,0
221451,0
221452,0
221453,0
221454,0
221455,0
221456,0
221457,8
221458,0
221459,0
221460,13
221461,0
221462,0
221463,0
221464,14
221465,0
221466,0
221467,0
221468,14
221469,0
221470,0
221471,0
221472,0
221473,0
221474,0
221475,0
221476,0
221477,0
221478,0
221479,0
221480,0
221481,0
221482,0
221483,0
221484,0
221485,0
221486,0
221487,0
221488,0
221489,0
221490,0
221491,0
221492,0
221493,0
221494,0
221495,0
221496,0
221497,0
221498,0
221499,0
221500,0
221501,0
221502,7
221503,0
221504,0
221505,0
221506,0
221507,0
221508,0
221509,0
221510,0
221511,0
221512,0
221513,10
221514,0
221515,0
221516,0
221517,0
221518,0
221519,0
221520,0
221521,0
221522,0
221523,0
221524,0
221525,14
221526,0
221527,0
221528,0
221529,0
221530,0
221531,0
221532,7
221533,0
221534,0
221535,0
221536,0
221537,0
221538,0
221539,0
221540,0
221541,0
221542,0
221543,0
221544,0
221545,13
221546,8
221547,0
221548,0
221549,0
221550,0
221551,0
221552,0
221553,0
221554,0
221555,0
221556,0
221557,0
221558,0
221559,0
221560,0
221561,0
221562,0
221563,0
221564,0
221565,0
221566,0
221567,0
221568,0
221569,0
221570,0
221571,0
221572,0
221573,0
221574,0
221575,17
221576,0
221577,0
221578,8
221579,0
221580,0
221581,0
221582,0
221583,0
221584,10
221585,0
221586,0
221587,0
221588,0
221589,0
221590,0
221591,0
221592,0
221593,0
221594,0
221595,0
221596,0
221597,0
221598,0
221599,0
221600,0
221601,0
221602,0
221603,0
221604,0
221605,0
221606,0
221607,0
221608,0
221609,0
221610,0
221611,0
221612,0
221613,0
221614,0
221615,13
221616,0
221617,0
221618,0
221619,0
221620,0
221621,0
221622,0
221623,0
221624,0
221625,8
221626,19
221627,0
221628,8
221629,0
221630,0
221631,0
221632,0
221633,0
221634,0
221635,0
221636,0
221637,0
221638,0
221639,13
221640,0
221641,0
221642,0
221643,0
221644,0
221645,0
221646,0
221647,0
221648,0
221649,0
221650,0
221651,0
221652,0
221653,0
221654,0
221655,0
221656,0
221657,0
221658,0
221659,0
221660,0
221661,0
221662,0
221663,0
221664,0
221665,0
221666,0
221667,0
221668,0
221669,0
221670,15
221671,0
221672,0
221673,0
221674,18
221675,24
221676,0
221677,0
221678,0
221679,0
221680,0
221681,0
221682,0
221683,31
221684,0
221685,0
221686,30
221687,0
221688,0
221689,0
221690,0
221691,0
221692,0
221693,28
221694,30
221695,0
221696,0
221697,16
221698,0
221699,0
221700,0
221701,32
221702,0
221703,0
221704,15
221705,0
221706,0
221707,0
221708,0
221709,0
221710,0
221711,0
221712,0
221713,20
221714,0
221715,19
221716,0
221717,14
221718,0
221719,0
221720,0
221721,0
221722,0
221723,16
221724,0
221725,0
221726,0
221727,16
221728,0
221729,0
221730,27
221731,0
221732,0
221733,25
221734,0
221735,0
221736,0
221737,0
221738,16
221739,21
221740,0
221741,38
221742,0
221743,0
221744,0
221745,0
221746,56
221747,0
221748,20
221749,0
221750,0
221751,0
221752,0
221753,0
221754,0
221755,26
221756,0
221757,0
221758,0
221759,37
221760,0
221761,0
221762,0
221763,0
221764,0
221765,0
221766,0
221767,0
221768,16
221769,0
221770,0
221771,27
221772,52
221773,0
221774,0
221775,0
221776,0
221777,0
221778,23
221779,0
221780,0
221781,0
221782,0
221783,40
221784,0
221785,0
221786,20
221787,0
221788,0
221789,22
221790,0
221791,0
221792,22
221793,38
221794,11
221795,35
221796,0
221797,0
221798,0
221799,30
221800,0
221801,0
221802,0
221803,0
221804,0
221805,0
221806,0
221807,32
221808,16
221809,49
221810,0
221811,27
221812,0
221813,0
221814,27
221815,0
221816,0
221817,0
221818,32
221819,20
221820,0
221821,0
221822,0
221823,0
221824,0
221825,29
221826,0
221827,13
221828,27
221829,16
221830,0
221831,0
221832,25
221833,0
221834,0
221835,26
221836,0
221837,0
221838,13
221839,0
221840,0
221841,0
221842,0
221843,0
221844,34
221845,0
221846,0
221847,33
221848,19
221849,0
221850,52
221851,0
221852,0
221853,0
221854,0
221855,0
221856,0
221857,0
221858,0
221859,0
221860,6
221861,0
221862,0
221863,0
221864,0
221865,0
221866,0
221867,0
221868,39
221869,17
221870,0
221871,14
221872,0
221873,33
221874,47
221875,0
221876,0
221877,0
221878,0
221879,0
221880,18
221881,29
221882,0
221883,0
221884,0
221885,0
221886,0
221887,0
221888,0
221889,26
221890,18
221891,0
221892,0
221893,0
221894,0
221895,0
221896,0
221897,0
221898,0
221899,0
221900,0
221901,0
221902,0
221903,0
221904,22
221905,0
221906,0
221907,0
221908,47
221909,0
221910,0
221911,0
221912,25
221913,0
221914,0
221915,0
221916,0
221917,36
221918,0
221919,32
221920,14
221921,10
221922,0
221923,0
221924,0
221925,0
221926,0
221927,0
221928,17
221929,32
221930,0
221931,0
221932,13
221933,0
221934,0
221935,18
221936,21
221937,0
221938,0
221939,0
221940,0
221941,0
221942,31
221943,0
221944,0
221945,0
221946,0
221947,0
221948,0
221949,0
221950,0
221951,0
221952,0
221953,0
221954,0
221955,0
221956,0
221957,19
221958,0
221959,27
221960,28
221961,23
221962,0
221963,0
221964,0
221965,42
221966,0
221967,0
221968,0
221969,0
221970,0
221971,0
221972,0
221973,0
221974,0
221975,0
221976,0
221977,0
221978,39
221979,0
221980,17
221981,38
221982,25
221983,0
221984,17
221985,0
221986,29
221987,27
221988,27
221989,10
221990,0
221991,0
221992,0
221993,20
221994,0
221995,27
221996,0
221997,0
221998,0
221999,0
222000,0
222001,28
222002,31
222003,0
222004,18
222005,0
222006,34
222007,22
222008,0
222009,0
222010,0
222011,0
222012,0
222013,0
222014,0
222015,0
222016,0
222017,0
222018,0
222019,0
222020,25
222021,38
222022,0
222023,0
222024,0
222025,0
222026,24
222027,0
222028,0
222029,20
222030,0
222031,0
222032,0
222033,0
222034,0
222035,0
222036,0
222037,0
222038,0
222039,24
222040,0
222041,34
222042,0
222043,22
222044,0
222045,0
222046,0
222047,0
222048,19
222049,0
222050,0
222051,0
222052,0
222053,0
222054,0
222055,30
222056,0
222057,0
222058,31
222059,37
222060,20
222061,0
222062,0
222063,0
222064,0
222065,0
222066,0
222067,32
222068,33
222069,0
222070,0
222071,0
222072,0
222073,0
222074,0
222075,11
222076,30
222077,24
222078,32
222079,31
222080,0
222081,0
222082,0
222083,0
222084,0
222085,0
222086,25
222087,0
222088,0
222089,0
222090,0
222091,27
222092,0
222093,0
222094,0
222095,20
222096,20
222097,0
222098,0
222099,0
222100,0
222101,0
222102,0
222103,20
222104,0
222105,0
222106,0
222107,0
222108,0
222109,0
222110,0
222111,0
222112,26
222113,0
222114,0
222115,0
222116,0
222117,0
222118,24
222119,0
222120,0
222121,0
222122,37
222123,0
222124,0
222125,0
222126,0
222127,0
222128,0
222129,22
222130,0
222131,0
222132,20
222133,0
222134,23
222135,0
222136,24
222137,41
222138,0
222139,0
222140,0
222141,0
222142,20
222143,0
222144,0
222145,0
222146,0
222147,12
222148,0
222149,22
222150,0
222151,0
222152,0
222153,0
222154,0
222155,42
222156,0
222157,0
222158,0
222159,31
222160,17
222161,0
222162,0
222163,0
222164,0
222165,0
222166,36
222167,26
222168,0
222169,31
222170,31
222171,0
222172,0
222173,0
222174,0
222175,0
222176,0
222177,0
222178,18
222179,18
222180,37
222181,24
222182,0
222183,0
222184,27
222185,27
222186,32
222187,0
222188,0
222189,0
222190,0
222191,0
222192,0
222193,0
222194,0
222195,0
222196,38
222197,0
222198,16
222199,0
222200,30
222201,0
222202,0
222203,0
222204,0
222205,0
222206,21
222207,0
222208,31
222209,0
222210,0
222211,0
222212,0
222213,0
222214,44
222215,31
222216,9
222217,24
222218,0
222219,0
222220,0
222221,0
222222,0
222223,0
222224,0
222225,0
222226,33
222227,0
222228,12
222229,0
222230,26
222231,0
222232,0
222233,24
222234,20
222235,23
222236,0
222237,0
222238,32
222239,0
222240,0
222241,0
222242,0
222243,22
222244,25
222245,0
222246,0
222247,0
222248,0
222249,30
222250,0
222251,0
222252,27
222253,7
222254,0
222255,0
222256,27
222257,0
222258,0
222259,0
222260,0
222261,0
222262,32
222263,22
222264,0
222265,31
222266,0
222267,0
222268,0
222269,0
222270,0
222271,0
222272,0
222273,0
222274,35
222275,24
222276,35
222277,0
222278,0
222279,0
222280,19
222281,0
222282,0
222283,18
222284,0
222285,25
222286,0
222287,27
222288,22
222289,0
222290,0
222291,15
222292,0
222293,20
222294,20
222295,0
222296,33
222297,30
222298,0
222299,0
222300,0
222301,0
222302,21
222303,19
222304,35
222305,0
222306,0
222307,36
222308,26
222309,17
222310,0
222311,0
222312,21
222313,0
222314,0
222315,19
222316,0
222317,0
222318,0
222319,0
222320,0
222321,0
222322,0
222323,0
222324,0
222325,0
222326,0
222327,0
222328,0
222329,0
222330,0
222331,0
222332,0
222333,0
222334,0
222335,0
222336,0
222337,0
222338,0
222339,0
222340,0
222341,0
222342,0
222343,0
222344,0
222345,0
222346,0
222347,0
222348,0
222349,0
222350,0
222351,0
222352,0
222353,0
222354,0
222355,0
222356,0
222357,0
222358,0
222359,0
222360,0
222361,0
222362,0
222363,0
222364,0
222365,0
222366,0
222367,0
222368,0
222369,0
222370,0
222371,0
222372,0
222373,0
222374,0
222375,0
222376,0
222377,0
222378,1
222379,0
222380,0
222381,0
222382,0
222383,0
222384,0
222385,0
222386,0
222387,1
222388,0
222389,0
222390,0
222391,0
222392,0
222393,0
222394,0
222395,0
222396,0
222397,0
222398,0
222399,0
222400,0
222401,0
222402,0
222403,0
222404,0
222405,0
222406,0
222407,0
222408,0
222409,0
222410,0
222411,0
222412,0
222413,0
222414,0
222415,0
222416,0
222417,0
222418,0
222419,0
222420,0
222421,0
222422,0
222423,0
222424,0
222425,0
222426,0
222427,0
222428,0
222429,0
222430,0
222431,0
222432,0
222433,0
222434,0
222435,0
222436,1
222437,0
222438,0
222439,0
222440,0
222441,0
222442,0
222443,0
222444,0
222445,0
222446,0
222447,0
222448,0
222449,0
222450,0
222451,0
222452,0
222453,0
222454,0
222455,0
222456,0
222457,0
222458,0
222459,0
222460,0
222461,0
222462,0
222463,0
222464,1
222465,0
222466,0
222467,0
222468,0
222469,0
222470,0
222471,0
222472,0
222473,0
222474,0
222475,0
222476,0
222477,0
222478,0
222479,0
222480,0
222481,0
222482,0
222483,0
222484,0
222485,0
222486,0
222487,0
222488,0
222489,0
222490,0
222491,0
222492,0
222493,1
222494,0
222495,0
222496,0
222497,0
222498,0
222499,0
222500,0
222501,0
222502,0
222503,0
222504,0
222505,0
222506,0
222507,0
222508,0
222509,0
222510,0
222511,0
222512,0
222513,0
222514,0
222515,0
222516,0
222517,0
222518,0
222519,0
222520,0
222521,0
222522,0
222523,1
222524,0
222525,0
222526,0
222527,0
222528,0
222529,0
222530,0
222531,0
222532,0
222533,0
222534,0
222535,0
222536,0
222537,0
222538,0
222539,0
222540,0
222541,0
222542,0
222543,0
222544,0
222545,1
222546,0
222547,0
222548,0
222549,0
222550,0
222551,0
222552,0
222553,0
222554,0
222555,0
222556,0
222557,0
222558,0
222559,0
222560,0
222561,0
222562,0
222563,0
222564,0
222565,0
222566,0
222567,0
222568,0
222569,0
222570,0
222571,0
222572,0
222573,0
222574,0
222575,0
222576,0
222577,0
222578,0
222579,0
222580,0
222581,0
222582,0
222583,0
222584,0
222585,0
222586,0
222587,0
222588,0
222589,0
222590,1
222591,0
222592,0
222593,0
222594,0
222595,0
222596,0
222597,0
222598,0
222599,0
222600,0
222601,0
222602,0
222603,0
222604,0
222605,0
222606,0
222607,0
222608,0
222609,0
222610,0
222611,0
222612,0
222613,0
222614,0
222615,0
222616,0
222617,0
222618,0
222619,0
222620,0
222621,0
222622,0
222623,0
222624,0
222625,0
222626,0
222627,0
222628,0
222629,0
222630,0
222631,0
222632,0
222633,0
222634,0
222635,0
222636,0
222637,0
222638,0
222639,0
222640,0
222641,0
222642,0
222643,0
222644,0
222645,0
222646,0
222647,0
222648,1
222649,0
222650,0
222651,0
222652,0
222653,0
222654,0
222655,0
222656,1
222657,0
222658,0
222659,0
222660,0
222661,0
222662,0
222663,0
222664,0
222665,0
222666,0
222667,0
222668,0
222669,0
222670,0
222671,0
222672,0
222673,0
222674,0
222675,0
222676,0
222677,0
222678,0
222679,0
222680,0
222681,0
222682,0
222683,0
222684,0
222685,0
222686,0
222687,0
222688,0
222689,0
222690,0
222691,0
222692,0
222693,0
222694,0
222695,0
222696,0
222697,0
222698,0
222699,0
222700,0
222701,0
222702,0
222703,0
222704,0
222705,0
222706,0
222707,0
222708,0
222709,0
222710,0
222711,0
222712,0
222713,0
222714,0
222715,0
222716,0
222717,0
222718,1
222719,0
222720,0
222721,0
222722,0
222723,0
222724,0
222725,0
222726,0
222727,0
222728,0
222729,0
222730,0
222731,0
222732,0
222733,0
222734,0
222735,0
222736,0
222737,0
222738,0
222739,0
222740,0
222741,0
222742,0
222743,0
222744,0
222745,0
222746,0
222747,0
222748,0
222749,0
222750,0
222751,0
222752,0
222753,0
222754,0
222755,0
222756,0
222757,0
222758,0
222759,0
222760,0
222761,0
222762,0
222763,0
222764,0
222765,0
222766,0
222767,0
222768,0
222769,0
222770,0
222771,0
222772,0
222773,0
222774,0
222775,0
222776,0
222777,0
222778,0
222779,0
222780,0
222781,0
222782,0
222783,0
222784,0
222785,0
222786,0
222787,0
222788,0
222789,0
222790,0
222791,0
222792,0
222793,1
222794,0
222795,0
222796,0
222797,0
222798,0
222799,0
222800,0
222801,0
222802,0
222803,0
222804,0
222805,0
222806,0
222807,0
222808,0
222809,0
222810,0
222811,0
222812,0
222813,0
222814,0
222815,0
222816,0
222817,0
222818,0
222819,0
222820,0
222821,0
222822,0
222823,0
222824,0
222825,0
222826,0
222827,0
222828,0
222829,0
222830,0
222831,0
222832,0
222833,0
222834,0
222835,0
222836,0
222837,0
222838,0
222839,0
222840,0
222841,0
222842,0
222843,0
222844,0
222845,0
222846,0
222847,0
222848,0
222849,0
222850,0
222851,0
222852,0
222853,0
222854,0
222855,0
222856,0
222857,0
222858,0
222859,0
222860,0
222861,0
222862,0
222863,0
222864,0
222865,0
222866,1
222867,0
222868,0
222869,0
222870,0
222871,0
222872,0
222873,0
222874,0
222875,0
222876,0
222877,0
222878,0
222879,0
222880,0
222881,0
222882,0
222883,0
222884,0
222885,0
222886,0
222887,0
222888,0
222889,0
222890,0
222891,0
222892,1
222893,0
222894,0
222895,0
222896,0
222897,0
222898,0
222899,0
222900,0
222901,0
222902,0
222903,0
222904,0
222905,0
222906,0
222907,0
222908,0
222909,0
222910,0
222911,0
222912,0
222913,0
222914,0
222915,0
222916,0
222917,0
222918,0
222919,0
222920,0
222921,0
222922,0
222923,0
222924,0
222925,0
222926,0
222927,0
222928,0
222929,0
222930,0
222931,0
222932,0
222933,0
222934,0
222935,0
222936,0
222937,0
222938,0
222939,0
222940,0
222941,0
222942,0
222943,0
222944,0
222945,0
222946,0
222947,0
222948,0
222949,0
222950,0
222951,0
222952,0
222953,0
222954,0
222955,0
222956,0
222957,0
222958,0
222959,0
222960,0
222961,0
222962,1
222963,0
222964,0
222965,0
222966,0
222967,0
222968,0
222969,0
222970,0
222971,0
222972,0
222973,0
222974,0
222975,0
222976,0
222977,0
222978,0
222979,0
222980,0
222981,0
222982,0
222983,0
222984,0
222985,0
222986,0
222987,0
222988,0
222989,1
222990,0
222991,0
222992,0
222993,0
222994,0
222995,0
222996,0
222997,0
222998,0
222999,0
223000,0
223001,0
223002,0
223003,0
223004,0
223005,0
223006,0
223007,0
223008,0
223009,0
223010,0
223011,0
223012,0
223013,0
223014,0
223015,0
223016,0
223017,0
223018,0
223019,0
223020,0
223021,0
223022,0
223023,0
223024,0
223025,0
223026,0
223027,0
223028,0
223029,0
223030,0
223031,0
223032,0
223033,0
223034,0
223035,0
223036,0
223037,0
223038,0
223039,0
223040,0
223041,0
223042,0
223043,0
223044,0
223045,0
223046,0
223047,0
223048,0
223049,0
223050,0
223051,0
223052,0
223053,0
223054,0
223055,0
223056,0
223057,0
223058,0
223059,0
223060,0
223061,0
223062,0
223063,0
223064,0
223065,0
223066,0
223067,0
223068,0
223069,0
223070,0
223071,0
223072,0
223073,0
223074,0
223075,0
223076,0
223077,0
223078,0
223079,0
223080,0
223081,0
223082,0
223083,0
223084,0
223085,0
223086,0
223087,0
223088,0
223089,0
223090,0
223091,0
223092,0
223093,0
223094,0
223095,0
223096,0
223097,0
223098,0
223099,0
223100,0
223101,0
223102,0
223103,0
223104,0
223105,0
223106,0
223107,0
223108,0
223109,0
223110,0
223111,0
223112,0
223113,0
223114,0
223115,0
223116,0
223117,0
223118,0
223119,0
223120,0
223121,0
223122,0
223123,0
223124,0
223125,0
223126,0
223127,0
223128,0
223129,0
223130,0
223131,0
223132,0
223133,0
223134,0
223135,0
223136,0
223137,0
223138,1
223139,0
223140,0
223141,0
223142,0
223143,0
223144,0
223145,0
223146,0
223147,0
223148,0
223149,0
223150,0
223151,0
223152,0
223153,0
223154,0
223155,0
223156,0
223157,0
223158,0
223159,0
223160,0
223161,0
223162,0
223163,0
223164,0
223165,0
223166,0
223167,0
223168,0
223169,0
223170,0
223171,0
223172,0
223173,0
223174,0
223175,0
223176,0
223177,0
223178,0
223179,0
223180,0
223181,0
223182,0
223183,0
223184,0
223185,0
223186,0
223187,0
223188,0
223189,0
223190,0
223191,0
223192,0
223193,0
223194,0
223195,0
223196,0
223197,0
223198,0
223199,0
223200,0
223201,0
223202,0
223203,0
223204,0
223205,0
223206,0
223207,0
223208,0
223209,0
223210,0
223211,0
223212,0
223213,0
223214,0
223215,0
223216,0
223217,0
223218,0
223219,0
223220,0
223221,0
223222,0
223223,0
223224,0
223225,0
223226,0
223227,0
223228,0
223229,0
223230,0
223231,0
223232,0
223233,0
223234,0
223235,0
223236,0
223237,0
223238,0
223239,0
223240,0
223241,0
223242,0
223243,0
223244,0
223245,0
223246,0
223247,0
223248,0
223249,0
223250,0
223251,0
223252,26
223253,0
223254,0
223255,0
223256,0
223257,0
223258,0
223259,0
223260,0
223261,0
223262,0
223263,0
223264,0
223265,0
223266,0
223267,0
223268,0
223269,0
223270,0
223271,0
223272,0
223273,0
223274,0
223275,0
223276,24
223277,27
223278,0
223279,0
223280,16
223281,32
223282,0
223283,0
223284,0
223285,0
223286,0
223287,0
223288,0
223289,0
223290,0
223291,0
223292,0
223293,0
223294,0
223295,0
223296,0
223297,15
223298,0
223299,0
223300,0
223301,0
223302,0
223303,0
223304,0
223305,0
223306,0
223307,0
223308,0
223309,18
223310,0
223311,0
223312,0
223313,0
223314,0
223315,0
223316,0
223317,0
223318,0
223319,0
223320,0
223321,17
223322,0
223323,0
223324,0
223325,0
223326,0
223327,0
223328,23
223329,0
223330,0
223331,0
223332,0
223333,0
223334,0
223335,0
223336,0
223337,21
223338,0
223339,0
223340,19
223341,33
223342,0
223343,0
223344,0
223345,0
223346,0
223347,0
223348,0
223349,0
223350,0
223351,20
223352,21
223353,0
223354,24
223355,0
223356,0
223357,0
223358,0
223359,0
223360,0
223361,0
223362,0
223363,0
223364,0
223365,0
223366,0
223367,18
223368,0
223369,16
223370,17
223371,0
223372,16
223373,0
223374,0
223375,0
223376,23
223377,0
223378,0
223379,0
223380,23
223381,17
223382,0
223383,0
223384,0
223385,0
223386,0
223387,0
223388,0
223389,0
223390,0
223391,20
223392,0
223393,21
223394,0
223395,0
223396,0
223397,0
223398,0
223399,0
223400,0
223401,27
223402,0
223403,21
223404,0
223405,0
223406,0
223407,0
223408,0
223409,23
223410,0
223411,0
223412,0
223413,0
223414,16
223415,0
223416,0
223417,0
223418,0
223419,0
223420,19
223421,0
223422,0
223423,0
223424,0
223425,0
223426,0
223427,0
223428,0
223429,0
223430,0
223431,0
223432,0
223433,0
223434,0
223435,17
223436,0
223437,0
223438,0
223439,0
223440,0
223441,0
223442,0
223443,0
223444,0
223445,0
223446,0
223447,13
223448,31
223449,0
223450,0
223451,0
223452,0
223453,0
223454,24
223455,0
223456,0
223457,0
223458,29
223459,0
223460,0
223461,0
223462,0
223463,0
223464,0
223465,19
223466,0
223467,0
223468,19
223469,0
223470,0
223471,0
223472,0
223473,0
223474,19
223475,0
223476,0
223477,0
223478,0
223479,0
223480,0
223481,0
223482,0
223483,0
223484,0
223485,0
223486,0
223487,0
223488,22
223489,0
223490,20
223491,0
223492,0
223493,0
223494,0
223495,0
223496,19
223497,0
223498,0
223499,0
223500,0
223501,0
223502,0
223503,0
223504,0
223505,0
223506,0
223507,0
223508,0
223509,0
223510,0
223511,23
223512,0
223513,0
223514,0
223515,0
223516,0
223517,15
223518,0
223519,0
223520,22
223521,0
223522,0
223523,0
223524,0
223525,0
223526,0
223527,0
223528,0
223529,0
223530,0
223531,0
223532,0
223533,0
223534,0
223535,0
223536,0
223537,0
223538,16
223539,0
223540,0
223541,0
223542,15
223543,0
223544,0
223545,0
223546,0
223547,0
223548,0
223549,0
223550,0
223551,0
223552,0
223553,0
223554,0
223555,0
223556,18
223557,0
223558,0
223559,0
223560,0
223561,0
223562,0
223563,25
223564,0
223565,0
223566,0
223567,13
223568,0
223569,0
223570,0
223571,0
223572,0
223573,0
223574,14
223575,0
223576,0
223577,0
223578,0
223579,0
223580,0
223581,0
223582,0
223583,0
223584,0
223585,0
223586,0
223587,0
223588,0
223589,0
223590,19
223591,0
223592,0
223593,0
223594,0
223595,20
223596,0
223597,0
223598,22
223599,0
223600,0
223601,0
223602,0
223603,0
223604,0
223605,0
223606,0
223607,0
223608,0
223609,0
223610,0
223611,0
223612,0
223613,0
223614,0
223615,0
223616,0
223617,23
223618,0
223619,0
223620,0
223621,22
223622,0
223623,0
223624,0
223625,0
223626,0
223627,0
223628,0
223629,0
223630,0
223631,0
223632,17
223633,0
223634,0
223635,0
223636,0
223637,0
223638,0
223639,23
223640,0
223641,14
223642,0
223643,23
223644,24
223645,0
223646,0
223647,0
223648,0
223649,0
223650,0
223651,0
223652,26
223653,0
223654,0
223655,0
223656,0
223657,0
223658,0
223659,23
223660,0
223661,0
223662,0
223663,0
223664,0
223665,0
223666,0
223667,18
223668,0
223669,11
223670,0
223671,0
223672,0
223673,0
223674,0
223675,0
223676,0
223677,0
223678,0
223679,18
223680,0
223681,0
223682,0
223683,0
223684,0
223685,0
223686,0
223687,0
223688,27
223689,0
223690,0
223691,0
223692,0
223693,0
223694,0
223695,0
223696,0
223697,0
223698,0
223699,0
223700,0
223701,0
223702,0
223703,0
223704,0
223705,0
223706,0
223707,0
223708,0
223709,0
223710,0
223711,0
223712,0
223713,0
223714,0
223715,0
223716,0
223717,0
223718,0
223719,0
223720,0
223721,0
223722,0
223723,0
223724,0
223725,17
223726,0
223727,0
223728,0
223729,19
223730,0
223731,0
223732,0
223733,0
223734,28
223735,0
223736,0
223737,0
223738,15
223739,0
223740,15
223741,0
223742,0
223743,0
223744,0
223745,21
223746,0
223747,22
223748,0
223749,0
223750,0
223751,0
223752,0
223753,0
223754,0
223755,28
223756,0
223757,0
223758,0
223759,0
223760,0
223761,0
223762,0
223763,0
223764,0
223765,16
223766,0
223767,0
223768,0
223769,0
223770,0
223771,0
223772,0
223773,0
223774,0
223775,0
223776,44
223777,0
223778,0
223779,0
223780,36
223781,0
223782,0
223783,0
223784,0
223785,0
223786,0
223787,0
223788,0
223789,0
223790,0
223791,0
223792,0
223793,0
223794,0
223795,0
223796,0
223797,0
223798,0
223799,0
223800,0
223801,0
223802,0
223803,0
223804,38
223805,0
223806,0
223807,0
223808,0
223809,0
223810,0
223811,0
223812,0
223813,0
223814,0
223815,0
223816,0
223817,0
223818,0
223819,0
223820,0
223821,0
223822,0
223823,0
223824,0
223825,0
223826,0
223827,0
223828,0
223829,48
223830,0
223831,0
223832,0
223833,0
223834,0
223835,42
223836,0
223837,0
223838,0
223839,0
223840,0
223841,0
223842,0
223843,0
223844,0
223845,0
223846,0
223847,0
223848,42
223849,0
223850,0
223851,0
223852,0
223853,0
223854,0
223855,0
223856,0
223857,0
223858,0
223859,0
223860,0
223861,0
223862,0
223863,0
223864,0
223865,0
223866,0
223867,0
223868,0
223869,0
223870,0
223871,0
223872,38
223873,0
223874,0
223875,0
223876,0
223877,0
223878,0
223879,0
223880,0
223881,0
223882,0
223883,39
223884,0
223885,0
223886,0
223887,0
223888,0
223889,0
223890,0
223891,0
223892,0
223893,0
223894,0
223895,0
223896,0
223897,0
223898,0
223899,0
223900,0
223901,0
223902,0
223903,0
223904,0
223905,0
223906,0
223907,0
223908,0
223909,0
223910,0
223911,0
223912,0
223913,0
223914,0
223915,0
223916,32
223917,0
223918,0
223919,0
223920,0
223921,0
223922,0
223923,0
223924,0
223925,0
223926,0
223927,0
223928,26
223929,0
223930,0
223931,0
223932,0
223933,0
223934,40
223935,0
223936,0
223937,0
223938,0
223939,0
223940,0
223941,0
223942,0
223943,0
223944,0
223945,0
223946,0
223947,0
223948,0
223949,0
223950,27
223951,0
223952,0
223953,65
223954,0
223955,53
223956,0
223957,0
223958,0
223959,0
223960,0
223961,0
223962,0
223963,0
223964,0
223965,42
223966,0
223967,0
223968,0
223969,0
223970,0
223971,0
223972,0
223973,0
223974,0
223975,0
223976,0
223977,0
223978,0
223979,55
223980,0
223981,0
223982,0
223983,0
223984,0
223985,0
223986,0
223987,0
223988,0
223989,0
223990,0
223991,0
223992,0
223993,0
223994,0
223995,0
223996,0
223997,0
223998,0
223999,0
224000,0
224001,0
224002,0
224003,0
224004,0
224005,0
224006,0
224007,0
224008,37
224009,0
224010,0
224011,0
224012,0
224013,50
224014,29
224015,0
224016,0
224017,0
224018,0
224019,0
224020,0
224021,59
224022,0
224023,0
224024,0
224025,0
224026,0
224027,0
224028,0
224029,0
224030,0
224031,0
224032,0
224033,0
224034,0
224035,0
224036,0
224037,79
224038,0
224039,0
224040,0
224041,0
224042,0
224043,0
224044,0
224045,0
224046,0
224047,0
224048,0
224049,43
224050,0
224051,0
224052,0
224053,0
224054,0
224055,0
224056,0
224057,0
224058,30
224059,61
224060,33
224061,0
224062,39
224063,0
224064,0
224065,0
224066,0
224067,45
224068,37
224069,0
224070,0
224071,0
224072,35
224073,0
224074,0
224075,0
224076,0
224077,0
224078,0
224079,0
224080,0
224081,0
224082,0
224083,0
224084,0
224085,0
224086,0
224087,0
224088,0
224089,0
224090,0
224091,0
224092,0
224093,0
224094,0
224095,0
224096,0
224097,0
224098,0
224099,0
224100,0
224101,0
224102,0
224103,0
224104,0
224105,0
224106,43
224107,0
224108,0
224109,0
224110,0
224111,0
224112,0
224113,0
224114,0
224115,0
224116,0
224117,0
224118,0
224119,0
224120,0
224121,0
224122,0
224123,0
224124,0
224125,0
224126,0
224127,0
224128,0
224129,0
224130,0
224131,0
224132,0
224133,0
224134,0
224135,43
224136,0
224137,0
224138,0
224139,0
224140,0
224141,0
224142,0
224143,0
224144,0
224145,0
224146,0
224147,0
224148,0
224149,0
224150,0
224151,35
224152,0
224153,40
224154,0
224155,0
224156,0
224157,0
224158,0
224159,0
224160,0
224161,0
224162,0
224163,0
224164,31
224165,0
224166,0
224167,0
224168,46
224169,0
224170,0
224171,0
224172,0
224173,0
224174,0
224175,0
224176,0
224177,0
224178,0
224179,0
224180,0
224181,0
224182,0
224183,0
224184,0
224185,0
224186,0
224187,0
224188,0
224189,0
224190,0
224191,34
224192,0
224193,0
224194,0
224195,0
224196,0
224197,0
224198,0
224199,0
224200,0
224201,0
224202,0
224203,0
224204,0
224205,0
224206,0
224207,0
224208,0
224209,0
224210,0
224211,0
224212,0
224213,0
224214,0
224215,0
224216,0
224217,0
224218,0
224219,0
224220,0
224221,0
224222,0
224223,0
224224,0
224225,0
224226,0
224227,0
224228,0
224229,0
224230,0
224231,0
224232,0
224233,0
224234,0
224235,0
224236,0
224237,0
224238,0
224239,0
224240,0
224241,0
224242,0
224243,0
224244,0
224245,0
224246,0
224247,0
224248,0
224249,0
224250,0
224251,0
224252,0
224253,0
224254,0
224255,0
224256,0
224257,0
224258,0
224259,0
224260,0
224261,0
224262,0
224263,0
224264,0
224265,0
224266,0
224267,0
224268,0
224269,0
224270,0
224271,0
224272,0
224273,0
224274,0
224275,0
224276,0
224277,0
224278,49
224279,0
224280,0
224281,0
224282,0
224283,0
224284,0
224285,0
224286,0
224287,0
224288,0
224289,0
224290,0
224291,0
224292,0
224293,0
224294,0
224295,38
224296,0
224297,0
224298,0
224299,0
224300,0
224301,0
224302,0
224303,0
224304,0
224305,0
224306,0
224307,0
224308,0
224309,0
224310,0
224311,0
224312,0
224313,0
224314,0
224315,0
224316,0
224317,0
224318,0
224319,0
224320,0
224321,32
224322,0
224323,0
224324,0
224325,0
224326,0
224327,0
224328,46
224329,0
224330,0
224331,0
224332,0
224333,0
224334,0
224335,0
224336,0
224337,0
224338,0
224339,0
224340,0
224341,0
224342,0
224343,0
224344,0
224345,0
224346,0
224347,0
224348,0
224349,0
224350,0
224351,0
224352,0
224353,0
224354,0
224355,0
224356,0
224357,0
224358,0
224359,0
224360,0
224361,0
224362,0
224363,0
224364,0
224365,0
224366,0
224367,0
224368,0
224369,0
224370,0
224371,0
224372,0
224373,0
224374,0
224375,0
224376,0
224377,43
224378,0
224379,0
224380,0
224381,0
224382,0
224383,0
224384,0
224385,0
224386,0
224387,0
224388,0
224389,0
224390,0
224391,0
224392,0
224393,0
224394,0
224395,0
224396,0
224397,0
224398,0
224399,0
224400,0
224401,0
224402,0
224403,0
224404,0
224405,0
224406,0
224407,0
224408,0
224409,0
224410,0
224411,0
224412,0
224413,0
224414,0
224415,0
224416,0
224417,0
224418,0
224419,0
224420,0
224421,0
224422,0
224423,0
224424,0
224425,0
224426,0
224427,0
224428,0
224429,0
224430,0
224431,31
224432,0
224433,0
224434,0
224435,0
224436,0
224437,0
224438,23
224439,0
224440,0
224441,0
224442,0
224443,0
224444,0
224445,0
224446,0
224447,0
224448,0
224449,0
224450,0
224451,17
224452,0
224453,31
224454,19
224455,0
224456,0
224457,0
224458,0
224459,0
224460,0
224461,0
224462,0
224463,0
224464,0
224465,0
224466,0
224467,0
224468,0
224469,0
224470,0
224471,0
224472,0
224473,0
224474,0
224475,0
224476,0
224477,0
224478,18
224479,0
224480,0
224481,0
224482,0
224483,19
224484,18
224485,22
224486,31
224487,0
224488,0
224489,0
224490,0
224491,0
224492,0
224493,16
224494,0
224495,0
224496,0
224497,0
224498,0
224499,0
224500,0
224501,0
224502,35
224503,0
224504,38
224505,0
224506,0
224507,0
224508,0
224509,0
224510,0
224511,19
224512,27
224513,0
224514,0
224515,0
224516,0
224517,0
224518,0
224519,0
224520,0
224521,0
224522,0
224523,0
224524,0
224525,0
224526,0
224527,20
224528,40
224529,0
224530,0
224531,23
224532,31
224533,0
224534,0
224535,0
224536,15
224537,0
224538,0
224539,0
224540,0
224541,0
224542,0
224543,0
224544,0
224545,0
224546,0
224547,0
224548,19
224549,0
224550,0
224551,0
224552,0
224553,0
224554,0
224555,0
224556,0
224557,0
224558,29
224559,0
224560,0
224561,33
224562,0
224563,0
224564,0
224565,0
224566,0
224567,0
224568,0
224569,0
224570,0
224571,0
224572,0
224573,0
224574,0
224575,0
224576,20
224577,0
224578,0
224579,0
224580,0
224581,0
224582,0
224583,0
224584,0
224585,0
224586,0
224587,0
224588,0
224589,0
224590,0
224591,0
224592,21
224593,0
224594,0
224595,0
224596,0
224597,19
224598,0
224599,0
224600,0
224601,0
224602,0
224603,12
224604,12
224605,0
224606,0
224607,0
224608,0
224609,0
224610,0
224611,26
224612,15
224613,0
224614,0
224615,0
224616,0
224617,0
224618,0
224619,16
224620,0
224621,17
224622,21
224623,0
224624,0
224625,0
224626,0
224627,0
224628,0
224629,0
224630,0
224631,18
224632,0
224633,0
224634,33
224635,0
224636,26
224637,0
224638,0
224639,27
224640,0
224641,0
224642,0
224643,0
224644,0
224645,21
224646,0
224647,0
224648,0
224649,0
224650,0
224651,0
224652,0
224653,0
224654,0
224655,0
224656,0
224657,0
224658,0
224659,0
224660,0
224661,13
224662,0
224663,0
224664,20
224665,0
224666,0
224667,0
224668,0
224669,0
224670,0
224671,0
224672,0
224673,0
224674,0
224675,0
224676,14
224677,0
224678,0
224679,0
224680,20
224681,0
224682,0
224683,0
224684,0
224685,0
224686,0
224687,0
224688,21
224689,0
224690,0
224691,0
224692,24
224693,0
224694,0
224695,0
224696,0
224697,17
224698,13
224699,0
224700,0
224701,0
224702,0
224703,0
224704,0
224705,0
224706,0
224707,0
224708,0
224709,0
224710,0
224711,25
224712,0
224713,0
224714,0
224715,23
224716,27
224717,0
224718,0
224719,0
224720,0
224721,27
224722,0
224723,0
224724,29
224725,0
224726,0
224727,0
224728,0
224729,0
224730,0
224731,17
224732,0
224733,0
224734,0
224735,0
224736,0
224737,0
224738,0
224739,27
224740,0
224741,0
224742,0
224743,0
224744,0
224745,0
224746,0
224747,0
224748,0
224749,0
224750,0
224751,30
224752,22
224753,0
224754,0
224755,0
224756,0
224757,0
224758,34
224759,17
224760,0
224761,21
224762,0
224763,0
224764,0
224765,0
224766,33
224767,33
224768,0
224769,0
224770,0
224771,0
224772,0
224773,19
224774,0
224775,27
224776,0
224777,0
224778,0
224779,0
224780,24
224781,0
224782,0
224783,0
224784,0
224785,0
224786,31
224787,0
224788,0
224789,0
224790,0
224791,0
224792,0
224793,43
224794,22
224795,26
224796,0
224797,0
224798,0
224799,0
224800,0
224801,27
224802,0
224803,0
224804,0
224805,0
224806,20
224807,20
224808,0
224809,0
224810,31
224811,0
224812,0
224813,0
224814,0
224815,0
224816,0
224817,0
224818,0
224819,0
224820,0
224821,0
224822,0
224823,0
224824,0
224825,0
224826,0
224827,0
224828,22
224829,0
224830,0
224831,0
224832,0
224833,24
224834,0
224835,0
224836,26
224837,20
224838,0
224839,0
224840,0
224841,0
224842,0
224843,0
224844,30
224845,29
224846,0
224847,0
224848,0
224849,0
224850,0
224851,0
224852,0
224853,0
224854,0
224855,0
224856,0
224857,36
224858,0
224859,15
224860,0
224861,0
224862,0
224863,26
224864,21
224865,0
224866,0
224867,0
224868,0
224869,0
224870,30
224871,0
224872,0
224873,0
224874,0
224875,0
224876,0
224877,0
224878,0
224879,0
224880,0
224881,0
224882,0
224883,0
224884,0
224885,0
224886,19
224887,0
224888,0
224889,0
224890,29
224891,19
224892,29
224893,26
224894,0
224895,0
224896,0
224897,0
224898,0
224899,28
224900,15
224901,18
224902,0
224903,35
224904,0
224905,0
224906,0
224907,0
224908,0
224909,0
224910,0
224911,0
224912,0
224913,0
224914,0
224915,38
224916,0
224917,0
224918,0
224919,20
224920,0
224921,0
224922,0
224923,0
224924,36
224925,0
224926,0
224927,0
224928,0
224929,0
224930,0
224931,0
224932,20
224933,0
224934,42
224935,23
224936,0
224937,20
224938,0
224939,0
224940,0
224941,0
224942,0
224943,22
224944,0
224945,0
224946,0
224947,0
224948,0
224949,0
224950,26
224951,0
224952,0
224953,24
224954,0
224955,29
224956,0
224957,20
224958,0
224959,21
224960,0
224961,0
224962,32
224963,24
224964,0
224965,0
224966,0
224967,0
224968,0
224969,0
224970,0
224971,0
224972,18
224973,0
224974,0
224975,0
224976,0
224977,0
224978,0
224979,0
224980,25
224981,24
224982,0
224983,0
224984,29
224985,0
224986,0
224987,0
224988,0
224989,20
224990,0
224991,0
224992,0
224993,0
224994,0
224995,0
224996,0
224997,0
224998,0
224999,0
225000,37
225001,0
225002,0
225003,16
225004,0
225005,0
225006,27
225007,32
225008,0
225009,0
225010,0
225011,0
225012,0
225013,0
225014,0
225015,0
225016,0
225017,0
225018,21
225019,22
225020,0
225021,0
225022,0
225023,16
225024,0
225025,0
225026,0
225027,0
225028,0
225029,0
225030,0
225031,24
225032,0
225033,0
225034,0
225035,0
225036,0
225037,0
225038,0
225039,0
225040,0
225041,0
225042,0
225043,0
225044,0
225045,0
225046,0
225047,26
225048,0
225049,35
225050,0
225051,0
225052,0
225053,0
225054,24
225055,0
225056,0
225057,18
225058,0
225059,0
225060,0
225061,0
225062,0
225063,0
225064,0
225065,0
225066,0
225067,0
225068,24
225069,0
225070,0
225071,0
225072,0
225073,0
225074,0
225075,0
225076,0
225077,0
225078,0
225079,0
225080,0
225081,0
225082,19
225083,0
225084,0
225085,0
225086,31
225087,0
225088,0
225089,0
225090,0
225091,0
225092,0
225093,30
225094,0
225095,21
225096,0
225097,0
225098,0
225099,0
225100,0
225101,0
225102,14
225103,0
225104,0
225105,0
225106,0
225107,0
225108,0
225109,0
225110,0
225111,0
225112,0
225113,0
225114,0
225115,32
225116,0
225117,0
225118,0
225119,0
225120,0
225121,22
225122,0
225123,0
225124,0
225125,0
225126,0
225127,0
225128,0
225129,0
225130,0
225131,0
225132,0
225133,0
225134,0
225135,23
225136,0
225137,0
225138,0
225139,0
225140,0
225141,0
225142,19
225143,0
225144,0
225145,0
225146,0
225147,0
225148,0
225149,0
225150,0
225151,0
225152,0
225153,10
225154,0
225155,0
225156,0
225157,0
225158,33
225159,0
225160,0
225161,0
225162,0
225163,0
225164,0
225165,0
225166,0
225167,0
225168,24
225169,0
225170,0
225171,13
225172,0
225173,19
225174,0
225175,0
225176,0
225177,0
225178,0
225179,0
225180,26
225181,30
225182,0
225183,0
225184,0
225185,0
225186,0
225187,0
225188,0
225189,0
225190,0
225191,0
225192,0
225193,21
225194,0
225195,0
225196,0
225197,22
225198,0
225199,0
225200,0
225201,0
225202,0
225203,25
225204,22
225205,25
225206,0
225207,0
225208,0
225209,0
225210,17
225211,0
225212,32
225213,0
225214,0
225215,0
225216,0
225217,0
225218,0
225219,0
225220,0
225221,0
225222,0
225223,0
225224,0
225225,0
225226,0
225227,0
225228,0
225229,0
225230,28
225231,0
225232,0
225233,23
225234,0
225235,0
225236,0
225237,0
225238,0
225239,0
225240,0
225241,0
225242,0
225243,21
225244,0
225245,0
225246,0
225247,0
225248,0
225249,0
225250,0
225251,0
225252,22
225253,27
225254,0
225255,0
225256,0
225257,0
225258,0
225259,35
225260,0
225261,0
225262,0
225263,0
225264,0
225265,0
225266,0
225267,0
225268,0
225269,0
225270,0
225271,20
225272,0
225273,0
225274,0
225275,0
225276,0
225277,0
225278,0
225279,0
225280,0
225281,25
225282,0
225283,0
225284,0
225285,32
225286,0
225287,0
225288,0
225289,0
225290,0
225291,16
225292,31
225293,0
225294,0
225295,0
225296,0
225297,0
225298,0
225299,0
225300,0
225301,0
225302,0
225303,0
225304,0
225305,0
225306,0
225307,0
225308,0
225309,0
225310,0
225311,0
225312,19
225313,0
225314,0
225315,0
225316,21
225317,0
225318,0
225319,0
225320,26
225321,0
225322,36
225323,0
225324,0
225325,0
225326,0
225327,0
225328,0
225329,24
225330,0
225331,0
225332,0
225333,0
225334,0
225335,0
225336,0
225337,0
225338,32
225339,0
225340,0
225341,0
225342,0
225343,0
225344,0
225345,0
225346,0
225347,0
225348,0
225349,0
225350,0
225351,0
225352,0
225353,0
225354,0
225355,0
225356,0
225357,26
225358,0
225359,18
225360,28
225361,0
225362,0
225363,0
225364,28
225365,0
225366,0
225367,20
225368,27
225369,0
225370,0
225371,0
225372,0
225373,0
225374,0
225375,26
225376,0
225377,0
225378,0
225379,0
225380,0
225381,0
225382,23
225383,0
225384,0
225385,0
225386,0
225387,0
225388,0
225389,0
225390,34
225391,0
225392,0
225393,0
225394,0
225395,0
225396,0
225397,0
225398,0
225399,0
225400,0
225401,0
225402,0
225403,0
225404,0
225405,0
225406,0
225407,0
225408,0
225409,0
225410,0
225411,0
225412,0
225413,0
225414,33
225415,0
225416,0
225417,0
225418,0
225419,0
225420,0
225421,0
225422,0
225423,0
225424,0
225425,0
225426,17
225427,16
225428,0
225429,0
225430,0
225431,33
225432,0
225433,0
225434,0
225435,0
225436,0
225437,0
225438,0
225439,0
225440,0
225441,0
225442,0
225443,0
225444,0
225445,0
225446,0
225447,0
225448,35
225449,0
225450,0
225451,0
225452,0
225453,0
225454,0
225455,0
225456,0
225457,0
225458,0
225459,0
225460,0
225461,0
225462,0
225463,0
225464,0
225465,0
225466,0
225467,0
225468,0
225469,0
225470,0
225471,0
225472,0
225473,0
225474,0
225475,0
225476,0
225477,30
225478,23
225479,0
225480,0
225481,0
225482,0
225483,0
225484,27
225485,0
225486,28
225487,0
225488,0
225489,0
225490,0
225491,0
225492,0
225493,0
225494,0
225495,0
225496,0
225497,0
225498,0
225499,0
225500,0
225501,0
225502,0
225503,0
225504,34
225505,0
225506,0
225507,0
225508,0
225509,27
225510,0
225511,0
225512,0
225513,28
225514,0
225515,0
225516,0
225517,0
225518,0
225519,19
225520,32
225521,0
225522,0
225523,0
225524,0
225525,29
225526,0
225527,0
225528,0
225529,0
225530,0
225531,0
225532,34
225533,30
225534,0
225535,0
225536,0
225537,0
225538,0
225539,0
225540,0
225541,0
225542,0
225543,0
225544,0
225545,0
225546,0
225547,0
225548,0
225549,0
225550,0
225551,0
225552,36
225553,0
225554,0
225555,0
225556,0
225557,29
225558,0
225559,0
225560,0
225561,0
225562,26
225563,0
225564,0
225565,0
225566,0
225567,0
225568,0
225569,0
225570,0
225571,0
225572,0
225573,0
225574,0
225575,24
225576,0
225577,47
225578,28
225579,0
225580,0
225581,0
225582,0
225583,28
225584,0
225585,0
225586,0
225587,0
225588,30
225589,0
225590,0
225591,0
225592,0
225593,0
225594,0
225595,0
225596,0
225597,0
225598,0
225599,0
225600,0
225601,0
225602,0
225603,0
225604,0
225605,0
225606,0
225607,34
225608,0
225609,0
225610,0
225611,0
225612,0
225613,23
225614,0
225615,0
225616,0
225617,0
225618,0
225619,0
225620,26
225621,0
225622,37
225623,0
225624,0
225625,0
225626,0
225627,0
225628,0
225629,0
225630,0
225631,0
225632,0
225633,0
225634,0
225635,0
225636,0
225637,0
225638,0
225639,0
225640,0
225641,21
225642,0
225643,0
225644,0
225645,0
225646,0
225647,0
225648,0
225649,0
225650,0
225651,0
225652,27
225653,0
225654,0
225655,24
225656,0
225657,0
225658,0
225659,0
225660,0
225661,0
225662,0
225663,0
225664,0
225665,0
225666,0
225667,0
225668,0
225669,0
225670,0
225671,0
225672,0
225673,0
225674,0
225675,0
225676,0
225677,0
225678,0
225679,0
225680,0
225681,0
225682,0
225683,0
225684,0
225685,0
225686,0
225687,31
225688,0
225689,0
225690,0
225691,0
225692,0
225693,0
225694,0
225695,0
225696,0
225697,18
225698,0
225699,0
225700,0
225701,0
225702,0
225703,0
225704,0
225705,0
225706,0
225707,0
225708,0
225709,0
225710,0
225711,32
225712,0
225713,25
225714,26
225715,0
225716,0
225717,27
225718,0
225719,28
225720,32
225721,0
225722,0
225723,0
225724,0
225725,0
225726,0
225727,0
225728,0
225729,0
225730,0
225731,0
225732,36
225733,0
225734,0
225735,0
225736,0
225737,0
225738,0
225739,26
225740,0
225741,0
225742,0
225743,0
225744,0
225745,0
225746,0
225747,0
225748,0
225749,0
225750,0
225751,0
225752,24
225753,0
225754,0
225755,0
225756,0
225757,0
225758,0
225759,0
225760,0
225761,0
225762,0
225763,0
225764,0
225765,0
225766,0
225767,0
225768,0
225769,0
225770,0
225771,0
225772,0
225773,0
225774,0
225775,37
225776,40
225777,0
225778,0
225779,0
225780,0
225781,0
225782,28
225783,0
225784,0
225785,0
225786,0
225787,0
225788,0
225789,0
225790,0
225791,0
225792,0
225793,0
225794,0
225795,23
225796,0
225797,0
225798,0
225799,0
225800,0
225801,0
225802,0
225803,0
225804,0
225805,25
225806,38
225807,0
225808,0
225809,0
225810,39
225811,0
225812,0
225813,0
225814,0
225815,0
225816,0
225817,0
225818,0
225819,0
225820,0
225821,0
225822,0
225823,0
225824,0
225825,0
225826,0
225827,0
225828,0
225829,27
225830,0
225831,0
225832,0
225833,0
225834,0
225835,0
225836,28
225837,0
225838,0
225839,0
225840,0
225841,0
225842,0
225843,0
225844,32
225845,32
225846,0
225847,0
225848,30
225849,0
225850,23
225851,0
225852,0
225853,0
225854,0
225855,33
225856,0
225857,0
225858,0
225859,0
225860,0
225861,0
225862,0
225863,0
225864,0
225865,0
225866,0
225867,0
225868,0
225869,0
225870,0
225871,45
225872,30
225873,29
225874,0
225875,0
225876,0
225877,0
225878,8
225879,0
225880,0
225881,0
225882,0
225883,0
225884,0
225885,0
225886,0
225887,0
225888,0
225889,0
225890,0
225891,0
225892,0
225893,0
225894,0
225895,9
225896,0
225897,0
225898,0
225899,16
225900,0
225901,0
225902,0
225903,0
225904,0
225905,0
225906,0
225907,0
225908,0
225909,12
225910,0
225911,9
225912,0
225913,0
225914,0
225915,0
225916,8
225917,0
225918,18
225919,8
225920,0
225921,4
225922,0
225923,0
225924,0
225925,0
225926,0
225927,10
225928,0
225929,0
225930,6
225931,2
225932,0
225933,0
225934,11
225935,0
225936,0
225937,0
225938,9
225939,0
225940,0
225941,0
225942,0
225943,0
225944,0
225945,0
225946,0
225947,0
225948,0
225949,0
225950,0
225951,0
225952,0
225953,0
225954,0
225955,0
225956,0
225957,0
225958,0
225959,0
225960,12
225961,0
225962,0
225963,0
225964,9
225965,0
225966,0
225967,9
225968,0
225969,0
225970,0
225971,0
225972,0
225973,0
225974,0
225975,0
225976,0
225977,16
225978,0
225979,0
225980,0
225981,0
225982,0
225983,0
225984,0
225985,0
225986,10
225987,0
225988,0
225989,0
225990,0
225991,0
225992,0
225993,0
225994,0
225995,0
225996,0
225997,16
225998,0
225999,0
226000,0
226001,0
226002,0
226003,0
226004,0
226005,0
226006,0
226007,0
226008,0
226009,0
226010,0
226011,0
226012,0
226013,0
226014,0
226015,7
226016,0
226017,10
226018,0
226019,7
226020,0
226021,0
226022,0
226023,0
226024,0
226025,0
226026,0
226027,0
226028,0
226029,0
226030,0
226031,0
226032,0
226033,0
226034,9
226035,0
226036,0
226037,0
226038,0
226039,0
226040,0
226041,0
226042,0
226043,0
226044,0
226045,0
226046,7
226047,0
226048,0
226049,0
226050,0
226051,0
226052,6
226053,11
226054,0
226055,9
226056,0
226057,0
226058,0
226059,0
226060,0
226061,0
226062,13
226063,0
226064,0
226065,0
226066,4
226067,0
226068,0
226069,0
226070,0
226071,0
226072,0
226073,0
226074,16
226075,0
226076,7
226077,0
226078,13
226079,0
226080,11
226081,0
226082,0
226083,0
226084,0
226085,0
226086,0
226087,0
226088,0
226089,0
226090,0
226091,0
226092,0
226093,0
226094,0
226095,0
226096,0
226097,0
226098,0
226099,0
226100,0
226101,8
226102,0
226103,0
226104,0
226105,0
226106,0
226107,0
226108,0
226109,0
226110,0
226111,0
226112,0
226113,0
226114,0
226115,0
226116,0
226117,0
226118,9
226119,0
226120,0
226121,0
226122,0
226123,0
226124,0
226125,0
226126,0
226127,0
226128,0
226129,0
226130,6
226131,0
226132,0
226133,0
226134,0
226135,0
226136,0
226137,0
226138,9
226139,0
226140,0
226141,0
226142,0
226143,0
226144,0
226145,0
226146,0
226147,4
226148,0
226149,0
226150,0
226151,0
226152,0
226153,3
226154,0
226155,0
226156,0
226157,0
226158,0
226159,0
226160,9
226161,0
226162,0
226163,0
226164,9
226165,0
226166,0
226167,7
226168,0
226169,0
226170,13
226171,6
226172,7
226173,0
226174,0
226175,0
226176,0
226177,0
226178,0
226179,0
226180,0
226181,0
226182,0
226183,0
226184,0
226185,0
226186,0
226187,0
226188,0
226189,0
226190,0
226191,0
226192,0
226193,9
226194,11
226195,0
226196,0
226197,11
226198,0
226199,0
226200,8
226201,0
226202,0
226203,0
226204,0
226205,0
226206,10
226207,0
226208,0
226209,0
226210,0
226211,0
226212,0
226213,0
226214,0
226215,0
226216,0
226217,0
226218,0
226219,0
226220,0
226221,0
226222,0
226223,13
226224,0
226225,0
226226,7
226227,0
226228,0
226229,0
226230,0
226231,0
226232,0
226233,0
226234,0
226235,0
226236,0
226237,13
226238,9
226239,0
226240,0
226241,0
226242,0
226243,7
226244,0
226245,0
226246,0
226247,0
226248,0
226249,12
226250,10
226251,0
226252,0
226253,0
226254,0
226255,0
226256,14
226257,10
226258,0
226259,0
226260,0
226261,0
226262,0
226263,0
226264,11
226265,0
226266,0
226267,0
226268,0
226269,0
226270,0
226271,0
226272,0
226273,0
226274,0
226275,0
226276,0
226277,15
226278,0
226279,8
226280,0
226281,0
226282,0
226283,0
226284,0
226285,0
226286,0
226287,0
226288,10
226289,0
226290,0
226291,0
226292,10
226293,0
226294,0
226295,0
226296,0
226297,4
226298,9
226299,0
226300,0
226301,0
226302,0
226303,0
226304,0
226305,11
226306,0
226307,0
226308,0
226309,11
226310,0
226311,0
226312,0
226313,6
226314,0
226315,12
226316,5
226317,0
226318,5
226319,0
226320,0
226321,0
226322,0
226323,0
226324,16
226325,0
226326,0
226327,4
226328,0
226329,0
226330,0
226331,0
226332,0
226333,0
226334,10
226335,0
226336,0
226337,6
226338,0
226339,0
226340,0
226341,0
226342,0
226343,0
226344,0
226345,7
226346,0
226347,0
226348,9
226349,6
226350,0
226351,0
226352,0
226353,0
226354,8
226355,0
226356,0
226357,0
226358,6
226359,0
226360,0
226361,0
226362,0
226363,0
226364,0
226365,0
226366,0
226367,0
226368,0
226369,0
226370,0
226371,0
226372,0
226373,14
226374,0
226375,0
226376,0
226377,0
226378,0
226379,0
226380,0
226381,0
226382,0
226383,0
226384,7
226385,0
226386,0
226387,11
226388,12
226389,0
226390,0
226391,0
226392,0
226393,0
226394,0
226395,0
226396,0
226397,0
226398,8
226399,0
226400,0
226401,0
226402,0
226403,0
226404,0
226405,5
226406,0
226407,0
226408,0
226409,14
226410,0
226411,3
226412,0
226413,0
226414,0
226415,0
226416,0
226417,0
226418,0
226419,0
226420,0
226421,0
226422,0
226423,0
226424,0
226425,17
226426,0
226427,0
226428,0
226429,10
226430,0
226431,0
226432,0
226433,13
226434,0
226435,0
226436,0
226437,0
226438,0
226439,0
226440,0
226441,0
226442,0
226443,0
226444,0
226445,0
226446,0
226447,0
226448,4
226449,0
226450,0
226451,3
226452,15
226453,0
226454,0
226455,0
226456,0
226457,0
226458,0
226459,0
226460,0
226461,12
226462,0
226463,0
226464,14
226465,0
226466,0
226467,11
226468,0
226469,0
226470,0
226471,0
226472,0
226473,0
226474,0
226475,0
226476,8
226477,0
226478,6
226479,0
226480,0
226481,0
226482,0
226483,0
226484,0
226485,0
226486,0
226487,0
226488,13
226489,0
226490,0
226491,0
226492,0
226493,8
226494,0
226495,0
226496,0
226497,0
226498,0
226499,0
226500,0
226501,0
226502,0
226503,0
226504,0
226505,0
226506,17
226507,0
226508,0
226509,0
226510,0
226511,7
226512,0
226513,0
226514,0
226515,0
226516,0
226517,0
226518,0
226519,0
226520,0
226521,0
226522,0
226523,0
226524,0
226525,0
226526,0
226527,0
226528,0
226529,0
226530,0
226531,0
226532,0
226533,0
226534,0
226535,0
226536,0
226537,0
226538,0
226539,0
226540,0
226541,0
226542,0
226543,0
226544,9
226545,14
226546,0
226547,0
226548,0
226549,0
226550,10
226551,0
226552,27
226553,0
226554,47
226555,0
226556,0
226557,0
226558,0
226559,37
226560,0
226561,26
226562,0
226563,0
226564,40
226565,0
226566,0
226567,0
226568,0
226569,34
226570,0
226571,0
226572,0
226573,0
226574,0
226575,0
226576,0
226577,0
226578,38
226579,0
226580,0
226581,0
226582,0
226583,0
226584,0
226585,0
226586,34
226587,20
226588,0
226589,34
226590,0
226591,0
226592,0
226593,0
226594,0
226595,25
226596,0
226597,31
226598,48
226599,0
226600,0
226601,0
226602,0
226603,0
226604,46
226605,0
226606,0
226607,0
226608,25
226609,0
226610,0
226611,0
226612,0
226613,0
226614,0
226615,28
226616,29
226617,0
226618,0
226619,0
226620,0
226621,0
226622,0
226623,29
226624,26
226625,0
226626,0
226627,0
226628,27
226629,0
226630,22
226631,0
226632,0
226633,0
226634,0
226635,0
226636,0
226637,24
226638,0
226639,34
226640,0
226641,0
226642,33
226643,32
226644,0
226645,0
226646,32
226647,0
226648,0
226649,0
226650,40
226651,0
226652,39
226653,0
226654,0
226655,0
226656,0
226657,0
226658,0
226659,0
226660,0
226661,0
226662,0
226663,0
226664,0
226665,31
226666,0
226667,0
226668,0
226669,31
226670,0
226671,0
226672,35
226673,0
226674,28
226675,0
226676,0
226677,41
226678,46
226679,0
226680,0
226681,0
226682,0
226683,0
226684,0
226685,0
226686,0
226687,0
226688,0
226689,0
226690,0
226691,0
226692,42
226693,0
226694,0
226695,0
226696,32
226697,46
226698,43
226699,0
226700,0
226701,0
226702,0
226703,0
226704,0
226705,0
226706,0
226707,31
226708,38
226709,0
226710,0
226711,0
226712,0
226713,0
226714,0
226715,0
226716,0
226717,0
226718,0
226719,0
226720,0
226721,0
226722,0
226723,0
226724,0
226725,0
226726,59
226727,0
226728,0
226729,0
226730,0
226731,0
226732,0
226733,0
226734,0
226735,0
226736,0
226737,0
226738,0
226739,0
226740,0
226741,0
226742,0
226743,39
226744,0
226745,0
226746,0
226747,0
226748,0
226749,0
226750,31
226751,0
226752,0
226753,0
226754,0
226755,0
226756,0
226757,0
226758,0
226759,0
226760,33
226761,0
226762,0
226763,0
226764,0
226765,0
226766,0
226767,0
226768,0
226769,36
226770,0
226771,0
226772,0
226773,0
226774,0
226775,0
226776,49
226777,0
226778,0
226779,26
226780,0
226781,31
226782,0
226783,0
226784,0
226785,0
226786,30
226787,0
226788,0
226789,0
226790,0
226791,0
226792,41
226793,0
226794,0
226795,0
226796,51
226797,0
226798,0
226799,0
226800,0
226801,0
226802,0
226803,0
226804,0
226805,0
226806,0
226807,0
226808,0
226809,0
226810,33
226811,0
226812,29
226813,0
226814,0
226815,39
226816,46
226817,35
226818,0
226819,0
226820,43
226821,0
226822,0
226823,47
226824,26
226825,0
226826,0
226827,0
226828,0
226829,0
226830,29
226831,40
226832,0
226833,0
226834,0
226835,0
226836,0
226837,0
226838,29
226839,0
226840,0
226841,0
226842,0
226843,47
226844,0
226845,0
226846,0
226847,0
226848,30
226849,43
226850,0
226851,0
226852,0
226853,0
226854,0
226855,0
226856,0
226857,0
226858,0
226859,41
226860,0
226861,0
226862,0
226863,0
226864,0
226865,0
226866,0
226867,38
226868,0
226869,43
226870,0
226871,0
226872,47
226873,0
226874,0
226875,0
226876,0
226877,0
226878,0
226879,0
226880,0
226881,0
226882,0
226883,0
226884,0
226885,0
226886,0
226887,0
226888,32
226889,21
226890,0
226891,51
226892,0
226893,0
226894,0
226895,0
226896,0
226897,0
226898,0
226899,0
226900,0
226901,0
226902,0
226903,0
226904,48
226905,0
226906,0
226907,0
226908,0
226909,0
226910,0
226911,0
226912,0
226913,0
226914,38
226915,0
226916,0
226917,37
226918,41
226919,0
226920,0
226921,0
226922,0
226923,0
226924,0
226925,0
226926,0
226927,0
226928,0
226929,0
226930,0
226931,0
226932,0
226933,30
226934,0
226935,0
226936,0
226937,0
226938,0
226939,39
226940,0
226941,0
226942,30
226943,0
226944,0
226945,0
226946,0
226947,0
226948,0
226949,0
226950,0
226951,0
226952,0
226953,32
226954,0
226955,43
226956,0
226957,0
226958,0
226959,0
226960,0
226961,0
226962,0
226963,52
226964,0
226965,0
226966,20
226967,0
226968,0
226969,0
226970,0
226971,47
226972,0
226973,0
226974,29
226975,0
226976,0
226977,29
226978,0
226979,0
226980,0
226981,0
226982,0
226983,0
226984,0
226985,0
226986,0
226987,0
226988,0
226989,0
226990,0
226991,0
226992,0
226993,47
226994,0
226995,34
226996,0
226997,0
226998,59
226999,0
227000,37
227001,0
227002,0
227003,0
227004,0
227005,0
227006,0
227007,0
227008,45
227009,0
227010,0
227011,25
227012,0
227013,0
227014,0
227015,0
227016,0
227017,0
227018,0
227019,0
227020,0
227021,0
227022,21
227023,0
227024,0
227025,0
227026,0
227027,0
227028,30
227029,0
227030,0
227031,0
227032,0
227033,0
227034,0
227035,29
227036,0
227037,0
227038,0
227039,0
227040,0
227041,0
227042,0
227043,0
227044,0
227045,0
227046,0
227047,0
227048,0
227049,0
227050,0
227051,0
227052,0
227053,29
227054,0
227055,0
227056,0
227057,0
227058,0
227059,0
227060,0
227061,0
227062,0
227063,0
227064,0
227065,0
227066,27
227067,0
227068,0
227069,0
227070,35
227071,0
227072,0
227073,0
227074,0
227075,0
227076,29
227077,0
227078,0
227079,32
227080,0
227081,0
227082,24
227083,0
227084,0
227085,0
227086,0
227087,0
227088,0
227089,0
227090,0
227091,0
227092,0
227093,27
227094,48
227095,0
227096,0
227097,0
227098,0
227099,0
227100,0
227101,28
227102,22
227103,0
227104,0
227105,0
227106,28
227107,0
227108,0
227109,0
227110,0
227111,19
227112,0
227113,0
227114,0
227115,0
227116,0
227117,0
227118,0
227119,0
227120,0
227121,0
227122,0
227123,22
227124,0
227125,0
227126,0
227127,0
227128,0
227129,0
227130,0
227131,28
227132,0
227133,0
227134,24
227135,0
227136,0
227137,0
227138,0
227139,0
227140,0
227141,19
227142,0
227143,0
227144,25
227145,0
227146,0
227147,0
227148,0
227149,19
227150,0
227151,0
227152,0
227153,0
227154,0
227155,0
227156,0
227157,25
227158,0
227159,0
227160,0
227161,0
227162,0
227163,0
227164,0
227165,0
227166,0
227167,0
227168,0
227169,0
227170,0
227171,0
227172,0
227173,0
227174,0
227175,0
227176,0
227177,17
227178,0
227179,0
227180,0
227181,0
227182,0
227183,15
227184,0
227185,0
227186,0
227187,0
227188,0
227189,0
227190,30
227191,0
227192,0
227193,0
227194,0
227195,0
227196,0
227197,0
227198,0
227199,0
227200,23
227201,0
227202,0
227203,0
227204,0
227205,0
227206,0
227207,32
227208,0
227209,0
227210,0
227211,0
227212,0
227213,0
227214,0
227215,0
227216,0
227217,0
227218,0
227219,0
227220,0
227221,0
227222,0
227223,0
227224,0
227225,0
227226,0
227227,0
227228,0
227229,0
227230,0
227231,0
227232,0
227233,0
227234,0
227235,50
227236,0
227237,0
227238,0
227239,0
227240,0
227241,0
227242,0
227243,0
227244,0
227245,0
227246,0
227247,0
227248,0
227249,0
227250,0
227251,0
227252,0
227253,0
227254,0
227255,0
227256,0
227257,0
227258,0
227259,0
227260,0
227261,22
227262,0
227263,0
227264,31
227265,0
227266,0
227267,0
227268,0
227269,0
227270,0
227271,27
227272,0
227273,0
227274,0
227275,0
227276,0
227277,25
227278,0
227279,26
227280,24
227281,0
227282,17
227283,0
227284,0
227285,0
227286,26
227287,0
227288,0
227289,25
227290,0
227291,0
227292,0
227293,29
227294,0
227295,0
227296,26
227297,0
227298,0
227299,0
227300,30
227301,13
227302,0
227303,0
227304,0
227305,0
227306,0
227307,0
227308,0
227309,0
227310,0
227311,0
227312,0
227313,0
227314,0
227315,0
227316,0
227317,0
227318,27
227319,0
227320,0
227321,0
227322,0
227323,27
227324,0
227325,0
227326,0
227327,0
227328,0
227329,0
227330,0
227331,0
227332,0
227333,0
227334,0
227335,0
227336,26
227337,26
227338,0
227339,0
227340,0
227341,0
227342,0
227343,0
227344,0
227345,0
227346,0
227347,0
227348,0
227349,0
227350,0
227351,0
227352,0
227353,0
227354,22
227355,0
227356,0
227357,39
227358,0
227359,9
227360,0
227361,0
227362,0
227363,0
227364,0
227365,0
227366,21
227367,0
227368,0
227369,0
227370,0
227371,0
227372,0
227373,0
227374,0
227375,20
227376,0
227377,25
227378,20
227379,19
227380,0
227381,0
227382,0
227383,0
227384,37
227385,0
227386,0
227387,0
227388,0
227389,0
227390,23
227391,0
227392,28
227393,16
227394,22
227395,0
227396,0
227397,0
227398,0
227399,0
227400,0
227401,0
227402,0
227403,0
227404,0
227405,0
227406,21
227407,0
227408,11
227409,0
227410,0
227411,0
227412,0
227413,29
227414,0
227415,22
227416,0
227417,0
227418,0
227419,0
227420,18
227421,0
227422,0
227423,0
227424,0
227425,27
227426,0
227427,0
227428,0
227429,0
227430,17
227431,0
227432,0
227433,0
227434,20
227435,0
227436,0
227437,0
227438,0
227439,0
227440,28
227441,0
227442,0
227443,19
227444,0
227445,0
227446,0
227447,0
227448,35
227449,0
227450,0
227451,0
227452,0
227453,0
227454,0
227455,0
227456,0
227457,0
227458,0
227459,38
227460,22
227461,0
227462,0
227463,0
227464,0
227465,0
227466,0
227467,0
227468,0
227469,0
227470,0
227471,0
227472,0
227473,0
227474,0
227475,0
227476,0
227477,0
227478,0
227479,0
227480,0
227481,0
227482,0
227483,0
227484,0
227485,0
227486,0
227487,0
227488,24
227489,0
227490,19
227491,0
227492,0
227493,13
227494,0
227495,0
227496,0
227497,0
227498,0
227499,0
227500,23
227501,0
227502,0
227503,0
227504,0
227505,0
227506,0
227507,0
227508,0
227509,0
227510,0
227511,0
227512,0
227513,0
227514,0
227515,0
227516,0
227517,0
227518,0
227519,0
227520,17
227521,33
227522,0
227523,0
227524,0
227525,0
227526,0
227527,0
227528,22
227529,0
227530,0
227531,0
227532,18
227533,0
227534,0
227535,0
227536,22
227537,32
227538,0
227539,18
227540,0
227541,0
227542,0
227543,21
227544,0
227545,0
227546,0
227547,0
227548,0
227549,0
227550,0
227551,28
227552,0
227553,0
227554,0
227555,21
227556,0
227557,0
227558,0
227559,20
227560,0
227561,0
227562,0
227563,0
227564,16
227565,0
227566,0
227567,0
227568,0
227569,0
227570,13
227571,0
227572,0
227573,0
227574,0
227575,0
227576,0
227577,0
227578,0
227579,0
227580,0
227581,0
227582,27
227583,0
227584,0
227585,0
227586,6
227587,0
227588,3
227589,0
227590,0
227591,0
227592,0
227593,0
227594,0
227595,0
227596,0
227597,0
227598,2
227599,0
227600,0
227601,0
227602,0
227603,0
227604,0
227605,0
227606,0
227607,0
227608,0
227609,0
227610,0
227611,0
227612,0
227613,0
227614,0
227615,4
227616,0
227617,0
227618,0
227619,0
227620,0
227621,0
227622,5
227623,0
227624,4
227625,9
227626,0
227627,0
227628,0
227629,4
227630,2
227631,0
227632,0
227633,0
227634,0
227635,0
227636,0
227637,0
227638,0
227639,0
227640,0
227641,0
227642,4
227643,0
227644,0
227645,0
227646,0
227647,0
227648,0
227649,0
227650,0
227651,0
227652,0
227653,2
227654,0
227655,5
227656,0
227657,5
227658,0
227659,0
227660,0
227661,0
227662,7
227663,0
227664,0
227665,9
227666,0
227667,0
227668,0
227669,4
227670,0
227671,0
227672,1
227673,0
227674,0
227675,0
227676,0
227677,0
227678,6
227679,9
227680,0
227681,0
227682,6
227683,0
227684,0
227685,0
227686,3
227687,0
227688,0
227689,0
227690,0
227691,13
227692,0
227693,0
227694,0
227695,0
227696,0
227697,0
227698,0
227699,0
227700,0
227701,0
227702,0
227703,0
227704,0
227705,0
227706,0
227707,0
227708,0
227709,0
227710,0
227711,0
227712,0
227713,0
227714,0
227715,0
227716,0
227717,0
227718,0
227719,10
227720,0
227721,0
227722,0
227723,0
227724,0
227725,0
227726,0
227727,0
227728,0
227729,0
227730,0
227731,0
227732,0
227733,0
227734,0
227735,0
227736,0
227737,2
227738,0
227739,0
227740,0
227741,0
227742,0
227743,0
227744,0
227745,0
227746,0
227747,0
227748,0
227749,0
227750,0
227751,0
227752,18
227753,0
227754,0
227755,0
227756,0
227757,0
227758,0
227759,0
227760,0
227761,0
227762,0
227763,0
227764,0
227765,0
227766,0
227767,0
227768,0
227769,0
227770,0
227771,0
227772,0
227773,0
227774,0
227775,0
227776,0
227777,0
227778,0
227779,0
227780,0
227781,0
227782,0
227783,0
227784,0
227785,0
227786,0
227787,0
227788,0
227789,0
227790,0
227791,0
227792,0
227793,0
227794,6
227795,0
227796,0
227797,0
227798,0
227799,0
227800,0
227801,0
227802,0
227803,0
227804,0
227805,0
227806,0
227807,0
227808,0
227809,0
227810,0
227811,0
227812,0
227813,0
227814,0
227815,0
227816,0
227817,0
227818,0
227819,0
227820,9
227821,0
227822,0
227823,0
227824,0
227825,0
227826,0
227827,0
227828,0
227829,0
227830,0
227831,0
227832,0
227833,0
227834,0
227835,0
227836,0
227837,0
227838,0
227839,0
227840,0
227841,0
227842,0
227843,0
227844,0
227845,0
227846,0
227847,0
227848,0
227849,0
227850,0
227851,0
227852,0
227853,0
227854,0
227855,0
227856,0
227857,0
227858,0
227859,0
227860,8
227861,0
227862,0
227863,0
227864,0
227865,0
227866,0
227867,6
227868,0
227869,0
227870,0
227871,0
227872,0
227873,0
227874,0
227875,0
227876,0
227877,0
227878,0
227879,0
227880,0
227881,0
227882,0
227883,0
227884,0
227885,0
227886,0
227887,0
227888,0
227889,0
227890,0
227891,0
227892,0
227893,0
227894,0
227895,0
227896,0
227897,0
227898,0
227899,0
227900,0
227901,0
227902,7
227903,11
227904,0
227905,0
227906,0
227907,0
227908,0
227909,0
227910,0
227911,0
227912,0
227913,0
227914,0
227915,0
227916,0
227917,0
227918,0
227919,0
227920,0
227921,0
227922,0
227923,0
227924,0
227925,0
227926,0
227927,0
227928,0
227929,0
227930,0
227931,0
227932,0
227933,0
227934,0
227935,0
227936,0
227937,0
227938,0
227939,0
227940,0
227941,0
227942,0
227943,0
227944,0
227945,0
227946,0
227947,0
227948,0
227949,0
227950,0
227951,0
227952,0
227953,0
227954,0
227955,0
227956,0
227957,0
227958,0
227959,0
227960,0
227961,0
227962,0
227963,0
227964,0
227965,0
227966,0
227967,0
227968,0
227969,0
227970,0
227971,0
227972,0
227973,0
227974,0
227975,0
227976,0
227977,0
227978,0
227979,0
227980,0
227981,0
227982,0
227983,0
227984,0
227985,0
227986,0
227987,0
227988,0
227989,0
227990,0
227991,0
227992,0
227993,0
227994,0
227995,0
227996,0
227997,0
227998,0
227999,0
228000,0
228001,0
228002,0
228003,0
228004,0
228005,11
228006,0
228007,0
228008,0
228009,0
228010,0
228011,0
228012,0
228013,0
228014,0
228015,0
228016,0
228017,0
228018,0
228019,0
228020,0
228021,0
228022,5
228023,0
228024,0
228025,0
228026,0
228027,0
228028,0
228029,0
228030,0
228031,0
228032,0
228033,0
228034,0
228035,0
228036,0
228037,0
228038,0
228039,0
228040,0
228041,0
228042,0
228043,0
228044,0
228045,0
228046,0
228047,0
228048,0
228049,0
228050,0
228051,0
228052,0
228053,0
228054,0
228055,0
228056,0
228057,0
228058,0
228059,0
228060,0
228061,0
228062,0
228063,0
228064,0
228065,0
228066,0
228067,0
228068,0
228069,0
228070,0
228071,0
228072,0
228073,0
228074,0
228075,0
228076,0
228077,0
228078,0
228079,0
228080,0
228081,0
228082,0
228083,0
228084,0
228085,0
228086,0
228087,0
228088,0
228089,0
228090,0
228091,0
228092,0
228093,0
228094,0
228095,0
228096,0
228097,0
228098,0
228099,0
228100,0
228101,0
228102,0
228103,0
228104,0
228105,0
228106,0
228107,0
228108,0
228109,0
228110,10
228111,0
228112,0
228113,0
228114,0
228115,0
228116,0
228117,5
228118,0
228119,0
228120,0
228121,0
228122,8
228123,0
228124,0
228125,0
228126,0
228127,0
228128,0
228129,0
228130,0
228131,0
228132,0
228133,0
228134,0
228135,0
228136,0
228137,0
228138,12
228139,0
228140,0
228141,0
228142,0
228143,0
228144,0
228145,0
228146,0
228147,8
228148,0
228149,0
228150,0
228151,0
228152,0
228153,0
228154,0
228155,0
228156,0
228157,0
228158,0
228159,0
228160,0
228161,0
228162,0
228163,0
228164,0
228165,0
228166,0
228167,0
228168,0
228169,0
228170,0
228171,0
228172,0
228173,0
228174,0
228175,0
228176,0
228177,0
228178,0
228179,0
228180,0
228181,0
228182,0
228183,0
228184,0
228185,0
228186,0
228187,0
228188,0
228189,0
228190,0
228191,0
228192,1
228193,0
228194,0
228195,0
228196,0
228197,0
228198,0
228199,0
228200,0
228201,0
228202,0
228203,0
228204,0
228205,0
228206,0
228207,0
228208,0
228209,0
228210,0
228211,0
228212,0
228213,0
228214,0
228215,0
228216,0
228217,0
228218,0
228219,0
228220,0
228221,0
228222,0
228223,0
228224,0
228225,0
228226,0
228227,0
228228,0
228229,0
228230,0
228231,0
228232,0
228233,0
228234,0
228235,0
228236,0
228237,0
228238,0
228239,0
228240,0
228241,0
228242,0
228243,0
228244,0
228245,0
228246,0
228247,0
228248,0
228249,0
228250,0
228251,0
228252,0
228253,0
228254,0
228255,0
228256,0
228257,0
228258,0
228259,1
228260,0
228261,0
228262,0
228263,0
228264,0
228265,0
228266,0
228267,0
228268,0
228269,0
228270,0
228271,0
228272,0
228273,0
228274,0
228275,0
228276,0
228277,0
228278,0
228279,0
228280,0
228281,0
228282,0
228283,0
228284,0
228285,0
228286,0
228287,1
228288,0
228289,0
228290,0
228291,0
228292,0
228293,0
228294,0
228295,0
228296,0
228297,0
228298,0
228299,0
228300,0
228301,0
228302,0
228303,0
228304,0
228305,0
228306,0
228307,0
228308,0
228309,0
228310,0
228311,0
228312,0
228313,0
228314,0
228315,0
228316,0
228317,0
228318,0
228319,0
228320,0
228321,0
228322,0
228323,0
228324,0
228325,0
228326,0
228327,0
228328,0
228329,0
228330,0
228331,0
228332,0
228333,0
228334,1
228335,0
228336,0
228337,0
228338,0
228339,0
228340,0
228341,0
228342,0
228343,0
228344,0
228345,0
228346,0
228347,0
228348,0
228349,3
228350,0
228351,0
228352,3
228353,0
228354,0
228355,0
228356,1
228357,0
228358,0
228359,0
228360,7
228361,0
228362,0
228363,0
228364,0
228365,0
228366,0
228367,0
228368,0
228369,0
228370,0
228371,0
228372,0
228373,0
228374,0
228375,0
228376,3
228377,0
228378,0
228379,0
228380,0
228381,0
228382,0
228383,0
228384,0
228385,0
228386,2
228387,0
228388,0
228389,0
228390,0
228391,0
228392,0
228393,0
228394,0
228395,0
228396,0
228397,0
228398,6
228399,0
228400,0
228401,0
228402,0
228403,0
228404,0
228405,0
228406,5
228407,2
228408,0
228409,0
228410,0
228411,0
228412,0
228413,0
228414,0
228415,0
228416,0
228417,0
228418,1
228419,0
228420,0
228421,0
228422,0
228423,0
228424,0
228425,0
228426,0
228427,3
228428,5
228429,0
228430,0
228431,0
228432,0
228433,0
228434,0
228435,0
228436,0
228437,3
228438,9
228439,0
228440,0
228441,4
228442,4
228443,0
228444,0
228445,0
228446,3
228447,0
228448,0
228449,0
228450,0
228451,0
228452,0
228453,0
228454,3
228455,0
228456,0
228457,0
228458,0
228459,0
228460,0
228461,3
228462,3
228463,0
228464,0
228465,0
228466,0
228467,0
228468,0
228469,0
228470,0
228471,0
228472,0
228473,0
228474,0
228475,0
228476,0
228477,0
228478,0
228479,0
228480,0
228481,0
228482,0
228483,1
228484,0
228485,0
228486,0
228487,0
228488,0
228489,5
228490,0
228491,0
228492,0
228493,0
228494,7
228495,2
228496,0
228497,0
228498,0
228499,0
228500,0
228501,0
228502,0
228503,0
228504,0
228505,0
228506,0
228507,0
228508,0
228509,0
228510,0
228511,0
228512,0
228513,0
228514,0
228515,0
228516,0
228517,0
228518,0
228519,0
228520,0
228521,0
228522,2
228523,2
228524,0
228525,0
228526,0
228527,0
228528,0
228529,0
228530,0
228531,0
228532,3
228533,0
228534,0
228535,0
228536,0
228537,0
228538,0
228539,0
228540,0
228541,0
228542,0
228543,0
228544,0
228545,3
228546,0
228547,0
228548,0
228549,4
228550,0
228551,0
228552,0
228553,0
228554,0
228555,0
228556,0
228557,0
228558,0
228559,3
228560,0
228561,0
228562,0
228563,3
228564,0
228565,0
228566,0
228567,0
228568,5
228569,0
228570,2
228571,0
228572,0
228573,0
228574,0
228575,0
228576,0
228577,0
228578,0
228579,6
228580,0
228581,0
228582,0
228583,0
228584,0
228585,0
228586,0
228587,0
228588,0
228589,0
228590,0
228591,0
228592,0
228593,0
228594,0
228595,0
228596,0
228597,0
228598,0
228599,3
228600,0
228601,0
228602,0
228603,0
228604,0
228605,0
228606,0
228607,0
228608,0
228609,0
228610,0
228611,0
228612,0
228613,0
228614,0
228615,0
228616,0
228617,0
228618,0
228619,0
228620,0
228621,0
228622,0
228623,0
228624,0
228625,0
228626,0
228627,0
228628,0
228629,3
228630,0
228631,0
228632,0
228633,3
228634,0
228635,0
228636,2
228637,0
228638,0
228639,0
228640,0
228641,0
228642,0
228643,0
228644,0
228645,0
228646,0
228647,0
228648,0
228649,0
228650,0
228651,1
228652,0
228653,0
228654,0
228655,0
228656,2
228657,0
228658,0
228659,0
228660,0
228661,0
228662,0
228663,0
228664,0
228665,0
228666,0
228667,0
228668,0
228669,0
228670,0
228671,5
228672,0
228673,0
228674,0
228675,0
228676,3
228677,0
228678,0
228679,0
228680,0
228681,0
228682,0
228683,0
228684,0
228685,0
228686,0
228687,0
228688,0
228689,0
228690,0
228691,0
228692,0
228693,0
228694,0
228695,0
228696,2
228697,0
228698,0
228699,0
228700,0
228701,0
228702,0
228703,0
228704,0
228705,0
228706,0
228707,0
228708,0
228709,0
228710,0
228711,0
228712,0
228713,0
228714,0
228715,0
228716,2
228717,0
228718,4
228719,0
228720,0
228721,0
228722,2
228723,0
228724,0
228725,0
228726,0
228727,0
228728,0
228729,0
228730,0
228731,0
228732,0
228733,0
228734,0
228735,0
228736,0
228737,0
228738,0
228739,0
228740,0
228741,0
228742,0
228743,0
228744,0
228745,0
228746,0
228747,0
228748,0
228749,0
228750,0
228751,3
228752,0
228753,4
228754,2
228755,0
228756,0
228757,0
228758,0
228759,0
228760,0
228761,0
228762,0
228763,0
228764,0
228765,0
228766,0
228767,0
228768,0
228769,0
228770,0
228771,0
228772,3
228773,0
228774,0
228775,0
228776,0
228777,0
228778,0
228779,0
228780,4
228781,0
228782,0
228783,0
228784,0
228785,0
228786,0
228787,0
228788,0
228789,1
228790,0
228791,0
228792,0
228793,0
228794,0
228795,0
228796,0
228797,0
228798,0
228799,0
228800,0
228801,0
228802,0
228803,0
228804,0
228805,0
228806,0
228807,0
228808,0
228809,0
228810,0
228811,2
228812,0
228813,0
228814,0
228815,0
228816,0
228817,0
228818,0
228819,0
228820,0
228821,0
228822,0
228823,0
228824,0
228825,0
228826,0
228827,0
228828,0
228829,0
228830,0
228831,4
228832,0
228833,0
228834,4
228835,4
228836,0
228837,0
228838,3
228839,0
228840,0
228841,0
228842,0
228843,0
228844,0
228845,2
228846,0
228847,0
228848,2
228849,0
228850,0
228851,0
228852,0
228853,0
228854,0
228855,0
228856,0
228857,0
228858,0
228859,0
228860,0
228861,1
228862,0
228863,0
228864,0
228865,0
228866,0
228867,0
228868,0
228869,0
228870,0
228871,0
228872,0
228873,0
228874,0
228875,1
228876,0
228877,0
228878,0
228879,4
228880,0
228881,0
228882,0
228883,0
228884,0
228885,0
228886,0
228887,0
228888,3
228889,0
228890,0
228891,0
228892,0
228893,0
228894,0
228895,0
228896,0
228897,0
228898,5
228899,0
228900,4
228901,0
228902,0
228903,0
228904,0
228905,0
228906,0
228907,0
228908,0
228909,0
228910,0
228911,0
228912,0
228913,0
228914,0
228915,0
228916,0
228917,0
228918,0
228919,0
228920,0
228921,0
228922,0
228923,0
228924,0
228925,0
228926,0
228927,0
228928,0
228929,0
228930,0
228931,0
228932,0
228933,3
228934,0
228935,3
228936,0
228937,0
228938,0
228939,0
228940,6
228941,0
228942,0
228943,0
228944,0
228945,0
228946,0
228947,0
228948,0
228949,0
228950,0
228951,4
228952,0
228953,0
228954,0
228955,0
228956,0
228957,2
228958,0
228959,0
228960,0
228961,0
228962,5
228963,0
228964,0
228965,0
228966,4
228967,0
228968,0
228969,0
228970,0
228971,0
228972,0
228973,0
228974,0
228975,0
228976,5
228977,0
228978,0
228979,0
228980,0
228981,0
228982,0
228983,0
228984,0
228985,0
228986,0
228987,0
228988,0
228989,0
228990,0
228991,0
228992,0
228993,0
228994,3
228995,0
228996,3
228997,0
228998,0
228999,0
229000,0
229001,0
229002,3
229003,0
229004,0
229005,0
229006,0
229007,2
229008,0
229009,0
229010,4
229011,0
229012,0
229013,0
229014,0
229015,0
229016,0
229017,0
229018,0
229019,0
229020,0
229021,0
229022,0
229023,0
229024,0
229025,0
229026,0
229027,0
229028,0
229029,1
229030,0
229031,0
229032,0
229033,0
229034,0
229035,0
229036,5
229037,0
229038,0
229039,0
229040,0
229041,0
229042,0
229043,0
229044,0
229045,0
229046,0
229047,0
229048,4
229049,3
229050,1
229051,0
229052,0
229053,0
229054,0
229055,9
229056,3
229057,0
229058,4
229059,0
229060,0
229061,0
229062,0
229063,0
229064,0
229065,0
229066,3
229067,6
229068,0
229069,0
229070,8
229071,0
229072,0
229073,0
229074,3
229075,0
229076,0
229077,0
229078,0
229079,0
229080,0
229081,0
229082,0
229083,0
229084,0
229085,0
229086,0
229087,0
229088,2
229089,0
229090,0
229091,0
229092,0
229093,0
229094,0
229095,1
229096,0
229097,0
229098,0
229099,0
229100,0
229101,8
229102,0
229103,0
229104,0
229105,0
229106,0
229107,0
229108,0
229109,0
229110,0
229111,0
229112,0
229113,0
229114,6
229115,0
229116,0
229117,0
229118,0
229119,0
229120,0
229121,0
229122,0
229123,0
229124,0
229125,0
229126,0
229127,0
229128,0
229129,0
229130,0
229131,0
229132,0
229133,0
229134,0
229135,2
229136,0
229137,3
229138,0
229139,0
229140,0
229141,0
229142,0
229143,0
229144,0
229145,0
229146,0
229147,0
229148,0
229149,6
229150,0
229151,0
229152,0
229153,0
229154,7
229155,2
229156,0
229157,0
229158,0
229159,0
229160,0
229161,3
229162,0
229163,0
229164,0
229165,0
229166,0
229167,0
229168,3
229169,0
229170,3
229171,0
229172,0
229173,0
229174,0
229175,1
229176,0
229177,0
229178,0
229179,0
229180,0
229181,0
229182,5
229183,0
229184,0
229185,0
229186,0
229187,0
229188,0
229189,0
229190,0
229191,0
229192,0
229193,0
229194,0
229195,0
229196,0
229197,0
229198,0
229199,0
229200,0
229201,5
229202,0
229203,0
229204,0
229205,0
229206,0
229207,0
229208,0
229209,0
229210,0
229211,0
229212,7
229213,0
229214,0
229215,0
229216,0
229217,0
229218,12
229219,0
229220,0
229221,0
229222,0
229223,0
229224,0
229225,21
229226,0
229227,0
229228,0
229229,0
229230,0
229231,0
229232,10
229233,0
229234,21
229235,0
229236,0
229237,12
229238,0
229239,11
229240,16
229241,13
229242,0
229243,12
229244,0
229245,0
229246,10
229247,0
229248,0
229249,8
229250,0
229251,0
229252,0
229253,14
229254,0
229255,0
229256,16
229257,0
229258,0
229259,0
229260,0
229261,10
229262,0
229263,0
229264,0
229265,0
229266,0
229267,0
229268,12
229269,0
229270,0
229271,0
229272,0
229273,0
229274,0
229275,9
229276,0
229277,0
229278,0
229279,0
229280,0
229281,0
229282,14
229283,0
229284,0
229285,0
229286,0
229287,0
229288,0
229289,0
229290,0
229291,0
229292,12
229293,15
229294,10
229295,11
229296,13
229297,0
229298,0
229299,0
229300,0
229301,0
229302,0
229303,0
229304,0
229305,0
229306,0
229307,0
229308,0
229309,14
229310,0
229311,8
229312,0
229313,0
229314,0
229315,13
229316,0
229317,0
229318,0
229319,0
229320,0
229321,7
229322,0
229323,0
229324,15
229325,0
229326,0
229327,0
229328,0
229329,0
229330,0
229331,0
229332,0
229333,0
229334,0
229335,0
229336,0
229337,0
229338,11
229339,12
229340,0
229341,0
229342,0
229343,0
229344,0
229345,0
229346,0
229347,0
229348,0
229349,0
229350,0
229351,0
229352,0
229353,0
229354,0
229355,0
229356,0
229357,0
229358,0
229359,0
229360,0
229361,19
229362,0
229363,0
229364,0
229365,0
229366,18
229367,0
229368,0
229369,0
229370,0
229371,0
229372,0
229373,0
229374,0
229375,0
229376,0
229377,0
229378,0
229379,0
229380,0
229381,0
229382,0
229383,0
229384,0
229385,0
229386,0
229387,0
229388,0
229389,0
229390,0
229391,0
229392,0
229393,0
229394,7
229395,0
229396,0
229397,10
229398,11
229399,0
229400,0
229401,0
229402,0
229403,0
229404,0
229405,8
229406,18
229407,12
229408,0
229409,0
229410,0
229411,7
229412,0
229413,12
229414,0
229415,0
229416,0
229417,0
229418,0
229419,13
229420,0
229421,0
229422,12
229423,0
229424,0
229425,0
229426,0
229427,0
229428,0
229429,0
229430,0
229431,0
229432,0
229433,0
229434,0
229435,16
229436,13
229437,0
229438,0
229439,0
229440,0
229441,0
229442,0
229443,0
229444,0
229445,0
229446,9
229447,0
229448,15
229449,0
229450,0
229451,0
229452,0
229453,0
229454,11
229455,0
229456,0
229457,0
229458,0
229459,0
229460,0
229461,0
229462,0
229463,0
229464,0
229465,0
229466,14
229467,14
229468,0
229469,0
229470,0
229471,0
229472,0
229473,14
229474,0
229475,10
229476,0
229477,0
229478,0
229479,0
229480,10
229481,10
229482,0
229483,0
229484,14
229485,0
229486,0
229487,0
229488,0
229489,0
229490,6
229491,0
229492,0
229493,0
229494,0
229495,0
229496,0
229497,16
229498,0
229499,0
229500,0
229501,0
229502,0
229503,0
229504,7
229505,0
229506,0
229507,0
229508,0
229509,0
229510,9
229511,0
229512,0
229513,0
229514,0
229515,10
229516,4
229517,0
229518,0
229519,0
229520,0
229521,0
229522,0
229523,0
229524,0
229525,0
229526,18
229527,6
229528,12
229529,0
229530,0
229531,0
229532,0
229533,0
229534,0
229535,11
229536,0
229537,0
229538,0
229539,0
229540,0
229541,0
229542,9
229543,0
229544,0
229545,0
229546,9
229547,0
229548,0
229549,0
229550,0
229551,0
229552,0
229553,0
229554,0
229555,0
229556,15
229557,0
229558,0
229559,0
229560,0
229561,0
229562,0
229563,0
229564,0
229565,0
229566,0
229567,0
229568,0
229569,7
229570,0
229571,0
229572,8
229573,0
229574,0
229575,0
229576,0
229577,0
229578,0
229579,0
229580,0
229581,16
229582,0
229583,0
229584,0
229585,7
229586,0
229587,0
229588,0
229589,0
229590,0
229591,7
229592,0
229593,0
229594,0
229595,12
229596,0
229597,0
229598,0
229599,0
229600,0
229601,0
229602,0
229603,0
229604,0
229605,0
229606,0
229607,0
229608,0
229609,0
229610,0
229611,0
229612,0
229613,0
229614,0
229615,0
229616,0
229617,10
229618,9
229619,0
229620,0
229621,0
229622,0
229623,0
229624,0
229625,0
229626,0
229627,0
229628,11
229629,0
229630,14
229631,0
229632,0
229633,0
229634,0
229635,9
229636,0
229637,0
229638,0
229639,15
229640,0
229641,10
229642,0
229643,0
229644,0
229645,0
229646,0
229647,0
229648,0
229649,0
229650,0
229651,2
229652,0
229653,0
229654,0
229655,0
229656,0
229657,0
229658,0
229659,0
229660,0
229661,10
229662,0
229663,0
229664,0
229665,0
229666,0
229667,0
229668,10
229669,0
229670,0
229671,0
229672,0
229673,0
229674,0
229675,0
229676,5
229677,17
229678,0
229679,0
229680,0
229681,0
229682,7
229683,0
229684,0
229685,0
229686,0
229687,0
229688,0
229689,0
229690,0
229691,0
229692,7
229693,0
229694,0
229695,12
229696,0
229697,0
229698,0
229699,0
229700,3
229701,11
229702,14
229703,14
229704,0
229705,0
229706,13
229707,0
229708,13
229709,0
229710,15
229711,0
229712,0
229713,0
229714,0
229715,0
229716,0
229717,0
229718,0
229719,0
229720,0
229721,0
229722,0
229723,0
229724,11
229725,0
229726,0
229727,0
229728,0
229729,0
229730,0
229731,0
229732,0
229733,0
229734,0
229735,0
229736,0
229737,0
229738,0
229739,0
229740,0
229741,0
229742,8
229743,0
229744,0
229745,0
229746,0
229747,0
229748,0
229749,0
229750,0
229751,0
229752,0
229753,0
229754,0
229755,0
229756,0
229757,15
229758,0
229759,0
229760,0
229761,0
229762,0
229763,0
229764,0
229765,0
229766,0
229767,0
229768,0
229769,0
229770,0
229771,11
229772,0
229773,0
229774,0
229775,0
229776,10
229777,0
229778,0
229779,0
229780,0
229781,9
229782,0
229783,0
229784,9
229785,0
229786,13
229787,0
229788,0
229789,0
229790,0
229791,0
229792,16
229793,0
229794,0
229795,0
229796,0
229797,0
229798,14
229799,0
229800,0
229801,11
229802,0
229803,0
229804,0
229805,0
229806,0
229807,0
229808,0
229809,0
229810,0
229811,0
229812,8
229813,0
229814,0
229815,0
229816,15
229817,0
229818,0
229819,0
229820,0
229821,10
229822,0
229823,0
229824,0
229825,0
229826,0
229827,0
229828,12
229829,7
229830,0
229831,0
229832,0
229833,8
229834,0
229835,0
229836,0
229837,0
229838,0
229839,0
229840,0
229841,0
229842,13
229843,0
229844,0
229845,15
229846,0
229847,10
229848,0
229849,0
229850,0
229851,0
229852,0
229853,0
229854,0
229855,0
229856,0
229857,0
229858,0
229859,0
229860,0
229861,0
229862,0
229863,0
229864,0
229865,0
229866,0
229867,0
229868,0
229869,0
229870,0
229871,0
229872,0
229873,0
229874,0
229875,0
229876,0
229877,0
229878,0
229879,0
229880,0
229881,0
229882,0
229883,0
229884,0
229885,11
229886,0
229887,0
229888,0
229889,0
229890,0
229891,0
229892,11
229893,0
229894,0
229895,0
229896,0
229897,0
229898,0
229899,0
229900,0
229901,0
229902,0
229903,0
229904,0
229905,0
229906,0
229907,0
229908,0
229909,0
229910,0
229911,0
229912,0
229913,0
229914,0
229915,0
229916,18
229917,0
229918,0
229919,0
229920,0
229921,0
229922,0
229923,0
229924,0
229925,0
229926,0
229927,0
229928,0
229929,0
229930,0
229931,0
229932,0
229933,0
229934,0
229935,0
229936,0
229937,0
229938,15
229939,11
229940,17
229941,0
229942,0
229943,0
229944,15
229945,0
229946,0
229947,0
229948,0
229949,0
229950,0
229951,0
229952,0
229953,0
229954,0
229955,0
229956,0
229957,0
229958,0
229959,11
229960,0
229961,10
229962,18
229963,0
229964,10
229965,0
229966,10
229967,0
229968,0
229969,0
229970,0
229971,0
229972,0
229973,0
229974,0
229975,0
229976,0
229977,8
229978,0
229979,0
229980,11
229981,0
229982,16
229983,0
229984,0
229985,0
229986,0
229987,0
229988,0
229989,0
229990,13
229991,0
229992,0
229993,0
229994,0
229995,0
229996,0
229997,0
229998,0
229999,0
230000,0
230001,0
230002,0
230003,0
230004,0
230005,0
230006,0
230007,0
230008,0
230009,0
230010,0
230011,0
230012,0
230013,0
230014,12
230015,0
230016,0
230017,0
230018,0
230019,0
230020,0
230021,0
230022,12
230023,0
230024,0
230025,0
230026,0
230027,0
230028,0
230029,0
230030,0
230031,0
230032,18
230033,0
230034,0
230035,7
230036,0
230037,0
230038,0
230039,0
230040,0
230041,0
230042,0
230043,0
230044,0
230045,0
230046,0
230047,9
230048,0
230049,0
230050,0
230051,7
230052,7
230053,0
230054,0
230055,0
230056,0
230057,0
230058,17
230059,0
230060,0
230061,0
230062,0
230063,0
230064,0
230065,0
230066,0
230067,0
230068,0
230069,0
230070,0
230071,0
230072,18
230073,0
230074,0
230075,0
230076,0
230077,0
230078,0
230079,12
230080,0
230081,11
230082,0
230083,13
230084,0
230085,0
230086,0
230087,0
230088,0
230089,0
230090,13
230091,0
230092,0
230093,9
230094,0
230095,9
230096,12
230097,0
230098,0
230099,0
230100,0
230101,0
230102,0
230103,0
230104,0
230105,0
230106,0
230107,0
230108,0
230109,0
230110,0
230111,0
230112,0
230113,0
230114,0
230115,0
230116,8
230117,0
230118,0
230119,0
230120,0
230121,0
230122,0
230123,0
230124,7
230125,0
230126,0
230127,0
230128,0
230129,0
230130,9
230131,0
230132,0
230133,0
230134,0
230135,0
230136,0
230137,0
230138,0
230139,0
230140,0
230141,0
230142,0
230143,0
230144,0
230145,0
230146,0
230147,0
230148,0
230149,0
230150,10
230151,0
230152,0
230153,0
230154,0
230155,0
230156,0
230157,0
230158,0
230159,0
230160,0
230161,0
230162,0
230163,0
230164,17
230165,0
230166,14
230167,0
230168,0
230169,0
230170,11
230171,0
230172,0
230173,0
230174,0
230175,0
230176,0
230177,14
230178,10
230179,0
230180,0
230181,0
230182,0
230183,0
230184,0
230185,0
230186,0
230187,7
230188,0
230189,0
230190,0
230191,0
230192,14
230193,0
230194,0
230195,0
230196,0
230197,0
230198,0
230199,0
230200,0
230201,15
230202,0
230203,0
230204,0
230205,0
230206,0
230207,0
230208,0
230209,0
230210,21
230211,0
230212,0
230213,0
230214,0
230215,0
230216,0
230217,0
230218,0
230219,0
230220,0
230221,0
230222,0
230223,0
230224,0
230225,0
230226,0
230227,11
230228,0
230229,0
230230,0
230231,0
230232,0
230233,0
230234,0
230235,0
230236,10
230237,0
230238,0
230239,0
230240,0
230241,0
230242,0
230243,11
230244,0
230245,0
230246,0
230247,0
230248,0
230249,9
230250,0
230251,0
230252,12
230253,0
230254,0
230255,0
230256,0
230257,19
230258,0
230259,0
230260,8
230261,0
230262,10
230263,0
230264,0
230265,0
230266,0
230267,0
230268,0
230269,0
230270,0
230271,0
230272,0
230273,0
230274,0
230275,12
230276,0
230277,0
230278,9
230279,0
230280,0
230281,0
230282,0
230283,0
230284,15
230285,20
230286,12
230287,0
230288,0
230289,0
230290,0
230291,0
230292,0
230293,0
230294,0
230295,0
230296,0
230297,0
230298,0
230299,0
230300,0
230301,0
230302,0
230303,0
230304,0
230305,0
230306,0
230307,0
230308,0
230309,0
230310,0
230311,7
230312,0
230313,0
230314,0
230315,12
230316,0
230317,0
230318,0
230319,0
230320,0
230321,0
230322,0
230323,0
230324,0
230325,0
230326,0
230327,8
230328,0
230329,0
230330,0
230331,0
230332,0
230333,0
230334,0
230335,13
230336,0
230337,0
230338,0
230339,13
230340,8
230341,0
230342,0
230343,0
230344,11
230345,0
230346,0
230347,0
230348,0
230349,0
230350,0
230351,0
230352,0
230353,0
230354,0
230355,0
230356,0
230357,0
230358,0
230359,0
230360,0
230361,0
230362,0
230363,0
230364,0
230365,0
230366,0
230367,0
230368,0
230369,0
230370,0
230371,0
230372,0
230373,0
230374,0
230375,12
230376,0
230377,0
230378,0
230379,23
230380,0
230381,0
230382,0
230383,0
230384,0
230385,0
230386,0
230387,0
230388,0
230389,9
230390,0
230391,0
230392,0
230393,0
230394,0
230395,0
230396,0
230397,0
230398,12
230399,10
230400,0
230401,0
230402,0
230403,11
230404,0
230405,0
230406,0
230407,0
230408,0
230409,10
230410,0
230411,11
230412,0
230413,6
230414,0
230415,0
230416,0
230417,25
230418,0
230419,0
230420,0
230421,0
230422,0
230423,0
230424,0
230425,0
230426,0
230427,0
230428,0
230429,0
230430,0
230431,0
230432,0
230433,0
230434,0
230435,0
230436,0
230437,0
230438,9
230439,0
230440,0
230441,0
230442,21
230443,0
230444,13
230445,0
230446,0
230447,0
230448,0
230449,0
230450,0
230451,4
230452,0
230453,14
230454,0
230455,10
230456,0
230457,0
230458,0
230459,0
230460,0
230461,0
230462,0
230463,0
230464,0
230465,0
230466,0
230467,0
230468,0
230469,0
230470,0
230471,0
230472,0
230473,0
230474,27
230475,0
230476,0
230477,0
230478,16
230479,0
230480,0
230481,12
230482,8
230483,0
230484,0
230485,0
230486,0
230487,0
230488,22
230489,0
230490,0
230491,0
230492,0
230493,0
230494,0
230495,0
230496,0
230497,5
230498,0
230499,0
230500,0
230501,0
230502,0
230503,13
230504,0
230505,0
230506,0
230507,0
230508,0
230509,0
230510,0
230511,0
230512,0
230513,0
230514,0
230515,0
230516,0
230517,0
230518,0
230519,9
230520,0
230521,0
230522,0
230523,0
230524,0
230525,0
230526,0
230527,0
230528,0
230529,0
230530,0
230531,0
230532,0
230533,0
230534,0
230535,0
230536,0
230537,9
230538,0
230539,0
230540,11
230541,0
230542,0
230543,0
230544,0
230545,0
230546,0
230547,0
230548,0
230549,0
230550,0
230551,0
230552,0
230553,0
230554,17
230555,0
230556,0
230557,0
230558,0
230559,0
230560,0
230561,0
230562,0
230563,15
230564,0
230565,0
230566,0
230567,0
230568,0
230569,0
230570,0
230571,0
230572,21
230573,8
230574,0
230575,7
230576,0
230577,24
230578,0
230579,0
230580,13
230581,0
230582,0
230583,19
230584,17
230585,0
230586,0
230587,0
230588,0
230589,0
230590,0
230591,0
230592,7
230593,0
230594,0
230595,0
230596,23
230597,0
230598,0
230599,14
230600,0
230601,0
230602,0
230603,13
230604,0
230605,0
230606,0
230607,0
230608,17
230609,0
230610,0
230611,0
230612,0
230613,0
230614,0
230615,0
230616,0
230617,0
230618,0
230619,0
230620,0
230621,0
230622,0
230623,0
230624,0
230625,6
230626,0
230627,0
230628,0
230629,0
230630,0
230631,0
230632,0
230633,0
230634,0
230635,0
230636,0
230637,13
230638,0
230639,7
230640,0
230641,0
230642,0
230643,0
230644,0
230645,0
230646,14
230647,0
230648,0
230649,0
230650,20
230651,0
230652,10
230653,0
230654,0
230655,10
230656,0
230657,0
230658,0
230659,0
230660,0
230661,15
230662,0
230663,6
230664,0
230665,12
230666,11
230667,0
230668,0
230669,0
230670,0
230671,0
230672,11
230673,0
230674,0
230675,0
230676,0
230677,0
230678,0
230679,0
230680,13
230681,0
230682,10
230683,0
230684,0
230685,11
230686,0
230687,0
230688,0
230689,0
230690,0
230691,0
230692,0
230693,0
230694,0
230695,0
230696,0
230697,0
230698,0
230699,0
230700,0
230701,0
230702,0
230703,0
230704,0
230705,0
230706,0
230707,0
230708,0
230709,0
230710,0
230711,0
230712,0
230713,0
230714,0
230715,0
230716,0
230717,0
230718,0
230719,0
230720,0
230721,0
230722,0
230723,0
230724,11
230725,0
230726,0
230727,0
230728,0
230729,0
230730,11
230731,0
230732,0
230733,11
230734,0
230735,0
230736,0
230737,0
230738,0
230739,0
230740,0
230741,13
230742,0
230743,0
230744,0
230745,0
230746,0
230747,0
230748,0
230749,0
230750,0
230751,0
230752,0
230753,10
230754,0
230755,0
230756,0
230757,0
230758,14
230759,0
230760,0
230761,0
230762,26
230763,0
230764,27
230765,0
230766,0
230767,0
230768,0
230769,0
230770,20
230771,0
230772,0
230773,0
230774,0
230775,0
230776,0
230777,0
230778,0
230779,0
230780,0
230781,0
230782,0
230783,0
230784,17
230785,0
230786,0
230787,0
230788,0
230789,0
230790,0
230791,36
230792,0
230793,0
230794,0
230795,0
230796,0
230797,0
230798,0
230799,0
230800,21
230801,0
230802,0
230803,0
230804,0
230805,0
230806,0
230807,0
230808,0
230809,13
230810,0
230811,0
230812,0
230813,0
230814,25
230815,0
230816,0
230817,0
230818,0
230819,0
230820,0
230821,0
230822,0
230823,0
230824,0
230825,0
230826,0
230827,0
230828,0
230829,0
230830,0
230831,0
230832,14
230833,0
230834,0
230835,0
230836,0
230837,0
230838,0
230839,0
230840,0
230841,0
230842,0
230843,0
230844,0
230845,0
230846,0
230847,0
230848,0
230849,0
230850,0
230851,0
230852,25
230853,0
230854,0
230855,0
230856,26
230857,0
230858,0
230859,0
230860,0
230861,0
230862,29
230863,0
230864,0
230865,36
230866,0
230867,0
230868,0
230869,0
230870,0
230871,0
230872,0
230873,0
230874,0
230875,24
230876,0
230877,0
230878,0
230879,0
230880,0
230881,0
230882,0
230883,0
230884,0
230885,0
230886,0
230887,0
230888,0
230889,0
230890,29
230891,0
230892,0
230893,0
230894,0
230895,0
230896,0
230897,0
230898,0
230899,0
230900,0
230901,0
230902,0
230903,16
230904,0
230905,0
230906,0
230907,0
230908,0
230909,0
230910,0
230911,0
230912,0
230913,16
230914,0
230915,0
230916,0
230917,0
230918,0
230919,14
230920,0
230921,0
230922,22
230923,26
230924,0
230925,0
230926,0
230927,0
230928,0
230929,0
230930,0
230931,0
230932,15
230933,30
230934,0
230935,29
230936,0
230937,0
230938,0
230939,0
230940,0
230941,0
230942,0
230943,0
230944,0
230945,0
230946,0
230947,0
230948,0
230949,0
230950,23
230951,0
230952,0
230953,18
230954,0
230955,0
230956,0
230957,0
230958,8
230959,0
230960,0
230961,0
230962,0
230963,0
230964,0
230965,0
230966,30
230967,27
230968,0
230969,0
230970,0
230971,10
230972,0
230973,0
230974,17
230975,0
230976,0
230977,0
230978,0
230979,0
230980,0
230981,0
230982,0
230983,0
230984,0
230985,0
230986,34
230987,0
230988,0
230989,0
230990,0
230991,0
230992,0
230993,0
230994,0
230995,0
230996,24
230997,0
230998,0
230999,0
231000,0
231001,27
231002,0
231003,0
231004,0
231005,0
231006,0
231007,0
231008,0
231009,0
231010,0
231011,0
231012,0
231013,0
231014,0
231015,0
231016,0
231017,0
231018,0
231019,18
231020,0
231021,24
231022,0
231023,0
231024,0
231025,0
231026,0
231027,0
231028,0
231029,19
231030,0
231031,0
231032,0
231033,0
231034,0
231035,0
231036,0
231037,0
231038,0
231039,26
231040,0
231041,0
231042,0
231043,0
231044,29
231045,0
231046,0
231047,0
231048,0
231049,0
231050,0
231051,0
231052,0
231053,0
231054,0
231055,0
231056,22
231057,0
231058,0
231059,0
231060,0
231061,0
231062,0
231063,30
231064,0
231065,0
231066,0
231067,0
231068,0
231069,30
231070,0
231071,0
231072,0
231073,0
231074,0
231075,0
231076,0
231077,15
231078,0
231079,0
231080,0
231081,0
231082,0
231083,0
231084,0
231085,0
231086,0
231087,0
231088,0
231089,0
231090,0
231091,0
231092,0
231093,0
231094,0
231095,0
231096,0
231097,0
231098,0
231099,0
231100,0
231101,0
231102,0
231103,0
231104,11
231105,19
231106,0
231107,0
231108,0
231109,23
231110,0
231111,0
231112,0
231113,0
231114,0
231115,0
231116,0
231117,0
231118,30
231119,0
231120,0
231121,0
231122,0
231123,0
231124,0
231125,17
231126,0
231127,0
231128,0
231129,0
231130,0
231131,19
231132,0
231133,0
231134,33
231135,0
231136,0
231137,0
231138,0
231139,0
231140,0
231141,0
231142,0
231143,0
231144,0
231145,0
231146,0
231147,0
231148,0
231149,0
231150,0
231151,0
231152,0
231153,16
231154,22
231155,42
231156,0
231157,0
231158,0
231159,0
231160,0
231161,0
231162,23
231163,0
231164,0
231165,0
231166,0
231167,0
231168,0
231169,0
231170,0
231171,0
231172,55
231173,0
231174,0
231175,0
231176,0
231177,0
231178,0
231179,0
231180,0
231181,0
231182,0
231183,0
231184,0
231185,0
231186,0
231187,0
231188,0
231189,27
231190,20
231191,53
231192,0
231193,0
231194,0
231195,0
231196,0
231197,17
231198,0
231199,0
231200,49
231201,25
231202,0
231203,0
231204,35
231205,0
231206,0
231207,43
231208,0
231209,25
231210,0
231211,0
231212,0
231213,0
231214,57
231215,0
231216,43
231217,50
231218,72
231219,33
231220,0
231221,0
231222,0
231223,34
231224,0
231225,0
231226,0
231227,0
231228,0
231229,0
231230,0
231231,0
231232,0
231233,37
231234,0
231235,0
231236,0
231237,0
231238,51
231239,0
231240,0
231241,0
231242,0
231243,0
231244,0
231245,37
231246,0
231247,0
231248,38
231249,0
231250,31
231251,0
231252,0
231253,0
231254,40
231255,0
231256,0
231257,29
231258,0
231259,0
231260,0
231261,0
231262,0
231263,0
231264,0
231265,37
231266,0
231267,0
231268,0
231269,0
231270,0
231271,0
231272,0
231273,0
231274,0
231275,0
231276,0
231277,0
231278,0
231279,0
231280,0
231281,53
231282,58
231283,32
231284,0
231285,45
231286,0
231287,0
231288,0
231289,0
231290,41
231291,0
231292,0
231293,0
231294,48
231295,0
231296,38
231297,0
231298,0
231299,0
231300,0
231301,0
231302,0
231303,0
231304,0
231305,0
231306,21
231307,55
231308,0
231309,0
231310,0
231311,0
231312,48
231313,45
231314,33
231315,0
231316,0
231317,0
231318,40
231319,41
231320,0
231321,0
231322,0
231323,0
231324,0
231325,0
231326,0
231327,39
231328,31
231329,47
231330,0
231331,35
231332,0
231333,0
231334,0
231335,25
231336,19
231337,38
231338,0
231339,0
231340,45
231341,0
231342,48
231343,0
231344,0
231345,0
231346,0
231347,0
231348,0
231349,24
231350,0
231351,0
231352,0
231353,38
231354,25
231355,0
231356,0
231357,0
231358,0
231359,0
231360,0
231361,0
231362,27
231363,31
231364,0
231365,0
231366,45
231367,0
231368,0
231369,31
231370,0
231371,0
231372,0
231373,0
231374,0
231375,0
231376,35
231377,48
231378,0
231379,62
231380,0
231381,0
231382,0
231383,0
231384,0
231385,41
231386,0
231387,0
231388,0
231389,0
231390,0
231391,0
231392,0
231393,0
231394,38
231395,0
231396,0
231397,0
231398,0
231399,0
231400,0
231401,0
231402,0
231403,0
231404,31
231405,0
231406,0
231407,0
231408,0
231409,0
231410,0
231411,0
231412,0
231413,35
231414,0
231415,50
231416,0
231417,51
231418,0
231419,0
231420,0
231421,0
231422,0
231423,0
231424,34
231425,0
231426,51
231427,0
231428,0
231429,0
231430,35
231431,0
231432,0
231433,0
231434,0
231435,0
231436,0
231437,0
231438,30
231439,45
231440,41
231441,0
231442,0
231443,29
231444,0
231445,35
231446,0
231447,0
231448,0
231449,41
231450,39
231451,44
231452,0
231453,0
231454,0
231455,0
231456,0
231457,0
231458,0
231459,0
231460,0
231461,0
231462,0
231463,0
231464,0
231465,0
231466,0
231467,31
231468,0
231469,0
231470,0
231471,0
231472,0
231473,0
231474,0
231475,0
231476,0
231477,30
231478,0
231479,0
231480,35
231481,0
231482,0
231483,47
231484,0
231485,0
231486,35
231487,0
231488,37
231489,0
231490,36
231491,0
231492,0
231493,37
231494,63
231495,0
231496,32
231497,0
231498,0
231499,0
231500,33
231501,0
231502,0
231503,58
231504,28
231505,0
231506,0
231507,0
231508,0
231509,0
231510,0
231511,30
231512,0
231513,22
231514,46
231515,33
231516,0
231517,0
231518,0
231519,0
231520,0
231521,0
231522,33
231523,31
231524,0
231525,31
231526,0
231527,0
231528,38
231529,0
231530,24
231531,58
231532,0
231533,43
231534,0
231535,0
231536,0
231537,0
231538,0
231539,0
231540,52
231541,0
231542,26
231543,18
231544,0
231545,0
231546,0
231547,0
231548,0
231549,0
231550,0
231551,0
231552,0
231553,0
231554,0
231555,48
231556,0
231557,26
231558,0
231559,0
231560,0
231561,0
231562,0
231563,0
231564,27
231565,45
231566,0
231567,0
231568,0
231569,0
231570,0
231571,34
231572,46
231573,0
231574,0
231575,0
231576,0
231577,0
231578,0
231579,0
231580,0
231581,0
231582,15
231583,0
231584,0
231585,0
231586,0
231587,54
231588,0
231589,0
231590,0
231591,0
231592,42
231593,0
231594,0
231595,0
231596,0
231597,0
231598,0
231599,0
231600,0
231601,48
231602,0
231603,0
231604,37
231605,0
231606,0
231607,0
231608,24
231609,45
231610,0
231611,0
231612,0
231613,0
231614,0
231615,49
231616,0
231617,41
231618,0
231619,0
231620,0
231621,0
231622,0
231623,0
231624,59
231625,32
231626,0
231627,24
231628,0
231629,0
231630,37
231631,0
231632,0
231633,46
231634,38
231635,27
231636,0
231637,37
231638,0
231639,0
231640,0
231641,33
231642,0
231643,0
231644,0
231645,19
231646,0
231647,0
231648,0
231649,24
231650,0
231651,0
231652,0
231653,0
231654,0
231655,0
231656,35
231657,0
231658,0
231659,39
231660,0
231661,0
231662,38
231663,0
231664,0
231665,0
231666,0
231667,0
231668,0
231669,0
231670,22
231671,0
231672,0
231673,0
231674,0
231675,16
231676,35
231677,0
231678,0
231679,0
231680,0
231681,0
231682,0
231683,0
231684,0
231685,0
231686,0
231687,0
231688,0
231689,0
231690,0
231691,0
231692,0
231693,34
231694,0
231695,0
231696,0
231697,0
231698,0
231699,0
231700,0
231701,0
231702,0
231703,0
231704,24
231705,0
231706,39
231707,0
231708,0
231709,0
231710,16
231711,14
231712,38
231713,0
231714,37
231715,0
231716,47
231717,20
231718,60
231719,0
231720,0
231721,0
231722,0
231723,16
231724,0
231725,0
231726,0
231727,0
231728,33
231729,0
231730,0
231731,41
231732,0
231733,0
231734,0
231735,55
231736,0
231737,46
231738,0
231739,0
231740,0
231741,0
231742,42
231743,40
231744,13
231745,0
231746,0
231747,0
231748,0
231749,0
231750,0
231751,0
231752,0
231753,28
231754,0
231755,0
231756,0
231757,0
231758,0
231759,0
231760,0
231761,41
231762,0
231763,41
231764,0
231765,0
231766,0
231767,0
231768,0
231769,0
231770,0
231771,0
231772,0
231773,0
231774,0
231775,32
231776,26
231777,0
231778,0
231779,0
231780,0
231781,0
231782,0
231783,0
231784,0
231785,0
231786,0
231787,44
231788,0
231789,33
231790,0
231791,31
231792,0
231793,0
231794,0
231795,0
231796,0
231797,0
231798,34
231799,0
231800,0
231801,0
231802,40
231803,34
231804,0
231805,0
231806,0
231807,0
231808,0
231809,39
231810,0
231811,40
231812,38
231813,0
231814,0
231815,0
231816,27
231817,0
231818,0
231819,47
231820,0
231821,0
231822,23
231823,0
231824,0
231825,0
231826,58
231827,0
231828,0
231829,0
231830,0
231831,0
231832,0
231833,34
231834,0
231835,59
231836,60
231837,43
231838,0
231839,0
231840,0
231841,0
231842,0
231843,54
231844,0
231845,0
231846,0
231847,40
231848,0
231849,61
231850,0
231851,29
231852,0
231853,0
231854,0
231855,0
231856,48
231857,0
231858,0
231859,0
231860,48
231861,0
231862,0
231863,0
231864,0
231865,0
231866,0
231867,0
231868,0
231869,0
231870,53
231871,0
231872,0
231873,0
231874,52
231875,0
231876,55
231877,0
231878,32
231879,0
231880,0
231881,0
231882,0
231883,47
231884,0
231885,0
231886,0
231887,0
231888,44
231889,0
231890,41
231891,0
231892,0
231893,0
231894,0
231895,0
231896,22
231897,0
231898,0
231899,0
231900,0
231901,21
231902,0
231903,0
231904,0
231905,0
231906,0
231907,0
231908,0
231909,0
231910,0
231911,0
231912,0
231913,0
231914,0
231915,0
231916,0
231917,0
231918,0
231919,0
231920,0
231921,0
231922,0
231923,0
231924,0
231925,0
231926,0
231927,0
231928,33
231929,0
231930,20
231931,0
231932,0
231933,0
231934,0
231935,0
231936,0
231937,0
231938,0
231939,0
231940,0
231941,0
231942,0
231943,0
231944,37
231945,0
231946,0
231947,0
231948,0
231949,0
231950,0
231951,39
231952,0
231953,0
231954,0
231955,0
231956,0
231957,0
231958,0
231959,40
231960,0
231961,0
231962,0
231963,0
231964,0
231965,0
231966,23
231967,0
231968,0
231969,0
231970,0
231971,0
231972,0
231973,0
231974,45
231975,0
231976,0
231977,0
231978,37
231979,0
231980,0
231981,26
231982,0
231983,0
231984,46
231985,42
231986,35
231987,0
231988,0
231989,0
231990,0
231991,32
231992,0
231993,0
231994,0
231995,48
231996,0
231997,0
231998,0
231999,38
232000,41
232001,45
232002,32
232003,0
232004,0
232005,0
232006,0
232007,0
232008,0
232009,39
232010,0
232011,0
232012,27
232013,41
232014,50
232015,44
232016,51
232017,0
232018,19
232019,0
232020,0
232021,0
232022,0
232023,0
232024,34
232025,31
232026,0
232027,0
232028,0
232029,0
232030,38
232031,47
232032,44
232033,0
232034,0
232035,0
232036,18
232037,0
232038,0
232039,0
232040,30
232041,40
232042,0
232043,0
232044,0
232045,60
232046,32
232047,0
232048,0
232049,0
232050,0
232051,0
232052,0
232053,0
232054,0
232055,48
232056,0
232057,0
232058,0
232059,0
232060,0
232061,0
232062,0
232063,29
232064,0
232065,45
232066,0
232067,0
232068,0
232069,0
232070,37
232071,0
232072,0
232073,0
232074,0
232075,0
232076,0
232077,0
232078,0
232079,0
232080,0
232081,34
232082,0
232083,0
232084,39
232085,35
232086,0
232087,27
232088,0
232089,0
232090,0
232091,0
232092,0
232093,38
232094,0
232095,0
232096,0
232097,0
232098,0
232099,0
232100,0
232101,0
232102,0
232103,0
232104,0
232105,18
232106,0
232107,0
232108,0
232109,0
232110,0
232111,0
232112,0
232113,0
232114,0
232115,0
232116,0
232117,0
232118,0
232119,0
232120,0
232121,0
232122,0
232123,0
232124,0
232125,0
232126,0
232127,0
232128,15
232129,0
232130,0
232131,0
232132,0
232133,0
232134,0
232135,0
232136,0
232137,0
232138,0
232139,0
232140,17
232141,0
232142,0
232143,0
232144,0
232145,0
232146,0
232147,15
232148,0
232149,0
232150,0
232151,0
232152,0
232153,0
232154,0
232155,0
232156,0
232157,0
232158,15
232159,0
232160,0
232161,0
232162,0
232163,0
232164,0
232165,0
232166,0
232167,0
232168,0
232169,0
232170,0
232171,19
232172,0
232173,0
232174,11
232175,0
232176,0
232177,0
232178,0
232179,0
232180,0
232181,0
232182,0
232183,0
232184,0
232185,0
232186,0
232187,0
232188,0
232189,0
232190,0
232191,0
232192,0
232193,0
232194,11
232195,16
232196,0
232197,0
232198,0
232199,0
232200,0
232201,0
232202,0
232203,0
232204,0
232205,0
232206,0
232207,0
232208,0
232209,0
232210,0
232211,0
232212,0
232213,0
232214,0
232215,0
232216,0
232217,0
232218,0
232219,0
232220,0
232221,0
232222,0
232223,0
232224,0
232225,0
232226,0
232227,0
232228,0
232229,21
232230,0
232231,10
232232,0
232233,0
232234,0
232235,0
232236,0
232237,0
232238,0
232239,0
232240,0
232241,0
232242,0
232243,0
232244,0
232245,0
232246,0
232247,0
232248,0
232249,0
232250,0
232251,0
232252,0
232253,0
232254,0
232255,0
232256,0
232257,0
232258,0
232259,0
232260,0
232261,0
232262,0
232263,0
232264,0
232265,0
232266,11
232267,0
232268,0
232269,0
232270,0
232271,0
232272,0
232273,0
232274,0
232275,0
232276,0
232277,0
232278,0
232279,0
232280,0
232281,0
232282,0
232283,0
232284,0
232285,0
232286,0
232287,0
232288,0
232289,0
232290,0
232291,18
232292,7
232293,0
232294,0
232295,0
232296,0
232297,0
232298,0
232299,0
232300,0
232301,0
232302,0
232303,0
232304,0
232305,0
232306,0
232307,0
232308,0
232309,0
232310,0
232311,0
232312,0
232313,0
232314,0
232315,0
232316,0
232317,0
232318,0
232319,0
232320,0
232321,0
232322,0
232323,0
232324,0
232325,0
232326,0
232327,0
232328,0
232329,0
232330,0
232331,0
232332,0
232333,0
232334,0
232335,0
232336,0
232337,0
232338,17
232339,0
232340,0
232341,0
232342,0
232343,0
232344,0
232345,0
232346,0
232347,0
232348,0
232349,0
232350,0
232351,0
232352,0
232353,0
232354,0
232355,0
232356,0
232357,0
232358,0
232359,0
232360,0
232361,0
232362,0
232363,0
232364,0
232365,0
232366,0
232367,0
232368,0
232369,0
232370,0
232371,0
232372,0
232373,0
232374,0
232375,0
232376,0
232377,0
232378,0
232379,0
232380,0
232381,0
232382,0
232383,0
232384,0
232385,0
232386,0
232387,0
232388,0
232389,0
232390,0
232391,0
232392,0
232393,0
232394,0
232395,0
232396,0
232397,0
232398,0
232399,13
232400,0
232401,0
232402,0
232403,0
232404,0
232405,0
232406,0
232407,0
232408,0
232409,0
232410,0
232411,0
232412,0
232413,0
232414,0
232415,0
232416,0
232417,0
232418,0
232419,0
232420,0
232421,21
232422,0
232423,0
232424,0
232425,0
232426,0
232427,0
232428,0
232429,0
232430,0
232431,0
232432,0
232433,0
232434,0
232435,12
232436,0
232437,0
232438,0
232439,0
232440,0
232441,0
232442,0
232443,0
232444,0
232445,0
232446,0
232447,0
232448,19
232449,0
232450,0
232451,0
232452,0
232453,0
232454,0
232455,0
232456,0
232457,0
232458,0
232459,0
232460,0
232461,0
232462,0
232463,0
232464,0
232465,0
232466,0
232467,0
232468,0
232469,0
232470,0
232471,0
232472,0
232473,0
232474,0
232475,0
232476,0
232477,0
232478,0
232479,0
232480,0
232481,0
232482,0
232483,0
232484,0
232485,0
232486,0
232487,0
232488,0
232489,0
232490,0
232491,28
232492,0
232493,0
232494,0
232495,0
232496,0
232497,0
232498,0
232499,12
232500,0
232501,0
232502,0
232503,0
232504,0
232505,0
232506,0
232507,0
232508,0
232509,0
232510,0
232511,0
232512,0
232513,0
232514,0
232515,0
232516,0
232517,0
232518,0
232519,0
232520,0
232521,0
232522,0
232523,0
232524,22
232525,0
232526,0
232527,0
232528,0
232529,0
232530,0
232531,0
232532,0
232533,0
232534,0
232535,0
232536,0
232537,0
232538,0
232539,0
232540,0
232541,0
232542,0
232543,0
232544,0
232545,0
232546,0
232547,0
232548,0
232549,0
232550,0
232551,0
232552,0
232553,0
232554,0
232555,24
232556,0
232557,0
232558,0
232559,0
232560,0
232561,0
232562,0
232563,0
232564,0
232565,0
232566,0
232567,0
232568,0
232569,0
232570,0
232571,0
232572,13
232573,0
232574,17
232575,0
232576,0
232577,0
232578,0
232579,0
232580,0
232581,0
232582,0
232583,0
232584,0
232585,0
232586,19
232587,0
232588,0
232589,0
232590,0
232591,0
232592,0
232593,0
232594,13
232595,0
232596,18
232597,0
232598,0
232599,0
232600,0
232601,0
232602,0
232603,0
232604,0
232605,0
232606,0
232607,0
232608,0
232609,0
232610,0
232611,0
232612,0
232613,0
232614,0
232615,0
232616,0
232617,0
232618,0
232619,0
232620,0
232621,0
232622,0
232623,0
232624,0
232625,0
232626,0
232627,0
232628,0
232629,0
232630,0
232631,0
232632,0
232633,0
232634,16
232635,0
232636,11
232637,0
232638,0
232639,17
232640,0
232641,0
232642,0
232643,0
232644,0
232645,0
232646,0
232647,0
232648,0
232649,0
232650,0
232651,0
232652,0
232653,0
232654,21
232655,0
232656,0
232657,0
232658,0
232659,0
232660,0
232661,0
232662,0
232663,0
232664,0
232665,0
232666,0
232667,16
232668,0
232669,0
232670,0
232671,0
232672,0
232673,0
232674,0
232675,0
232676,0
232677,0
232678,0
232679,0
232680,0
232681,0
232682,0
232683,0
232684,0
232685,0
232686,0
232687,0
232688,0
232689,0
232690,0
232691,0
232692,0
232693,0
232694,0
232695,0
232696,0
232697,0
232698,0
232699,0
232700,0
232701,0
232702,0
232703,0
232704,0
232705,0
232706,0
232707,0
232708,0
232709,0
232710,0
232711,0
232712,0
232713,15
232714,0
232715,0
232716,0
232717,0
232718,15
232719,0
232720,0
232721,0
232722,0
232723,18
232724,0
232725,0
232726,0
232727,0
232728,0
232729,0
232730,0
232731,19
232732,0
232733,0
232734,0
232735,0
232736,17
232737,0
232738,0
232739,0
232740,0
232741,0
232742,0
232743,0
232744,0
232745,0
232746,0
232747,0
232748,0
232749,0
232750,0
232751,0
232752,0
232753,0
232754,0
232755,0
232756,0
232757,0
232758,21
232759,0
232760,0
232761,0
232762,0
232763,0
232764,0
232765,15
232766,0
232767,0
232768,0
232769,0
232770,0
232771,0
232772,0
232773,0
232774,0
232775,0
232776,0
232777,0
232778,0
232779,0
232780,12
232781,0
232782,0
232783,0
232784,0
232785,0
232786,0
232787,20
232788,0
232789,0
232790,0
232791,0
232792,0
232793,0
232794,0
232795,0
232796,0
232797,0
232798,0
232799,0
232800,0
232801,0
232802,0
232803,0
232804,0
232805,0
232806,0
232807,0
232808,0
232809,0
232810,0
232811,0
232812,0
232813,18
232814,0
232815,0
232816,0
232817,0
232818,0
232819,0
232820,0
232821,0
232822,0
232823,0
232824,0
232825,0
232826,0
232827,0
232828,0
232829,0
232830,0
232831,0
232832,0
232833,0
232834,0
232835,0
232836,0
232837,0
232838,0
232839,0
232840,0
232841,0
232842,0
232843,0
232844,14
232845,0
232846,0
232847,0
232848,0
232849,0
232850,0
232851,0
232852,0
232853,0
232854,0
232855,0
232856,25
232857,0
232858,0
232859,0
232860,0
232861,0
232862,0
232863,0
232864,0
232865,0
232866,0
232867,0
232868,0
232869,0
232870,0
232871,13
232872,0
232873,0
232874,0
232875,0
232876,0
232877,0
232878,0
232879,0
232880,0
232881,0
232882,18
232883,0
232884,0
232885,0
232886,0
232887,0
232888,0
232889,0
232890,0
232891,0
232892,0
232893,0
232894,0
232895,0
232896,0
232897,0
232898,0
232899,0
232900,0
232901,0
232902,0
232903,0
232904,0
232905,0
232906,0
232907,0
232908,0
232909,0
232910,0
232911,0
232912,0
232913,17
232914,0
232915,0
232916,0
232917,0
232918,17
232919,0
232920,0
232921,0
232922,0
232923,0
232924,0
232925,0
232926,16
232927,0
232928,0
232929,0
232930,0
232931,0
232932,0
232933,0
232934,0
232935,0
232936,0
232937,0
232938,0
232939,0
232940,0
232941,0
232942,0
232943,0
232944,0
232945,0
232946,0
232947,0
232948,0
232949,23
232950,0
232951,0
232952,0
232953,0
232954,0
232955,0
232956,0
232957,0
232958,0
232959,0
232960,0
232961,0
232962,0
232963,0
232964,0
232965,0
232966,0
232967,0
232968,0
232969,0
232970,0
232971,0
232972,0
232973,0
232974,0
232975,0
232976,0
232977,0
232978,0
232979,0
232980,0
232981,0
232982,0
232983,0
232984,0
232985,0
232986,0
232987,0
232988,0
232989,0
232990,0
232991,0
232992,0
232993,0
232994,0
232995,0
232996,0
232997,0
232998,19
232999,0
233000,0
233001,0
233002,0
233003,0
233004,20
233005,0
233006,0
233007,0
233008,0
233009,0
233010,0
233011,0
233012,0
233013,0
233014,0
233015,0
233016,0
233017,0
233018,0
233019,0
233020,0
233021,0
233022,0
233023,0
233024,0
233025,0
233026,0
233027,0
233028,0
233029,0
233030,0
233031,0
233032,0
233033,0
233034,0
233035,0
233036,0
233037,0
233038,0
233039,0
233040,0
233041,0
233042,0
233043,0
233044,0
233045,0
233046,0
233047,0
233048,13
233049,0
233050,0
233051,0
233052,0
233053,0
233054,0
233055,0
233056,0
233057,0
233058,11
233059,0
233060,0
233061,0
233062,0
233063,0
233064,0
233065,0
233066,0
233067,11
233068,0
233069,0
233070,0
233071,8
233072,0
233073,0
233074,0
233075,0
233076,0
233077,0
233078,0
233079,16
233080,24
233081,0
233082,0
233083,0
233084,0
233085,0
233086,0
233087,0
233088,18
233089,23
233090,0
233091,0
233092,0
233093,0
233094,0
233095,0
233096,0
233097,16
233098,0
233099,0
233100,0
233101,0
233102,17
233103,0
233104,0
233105,0
233106,0
233107,0
233108,0
233109,12
233110,21
233111,16
233112,0
233113,0
233114,20
233115,0
233116,19
233117,0
233118,0
233119,19
233120,20
233121,0
233122,0
233123,22
233124,0
233125,0
233126,0
233127,0
233128,0
233129,0
233130,0
233131,19
233132,0
233133,0
233134,0
233135,21
233136,0
233137,0
233138,0
233139,18
233140,0
233141,0
233142,0
233143,0
233144,0
233145,0
233146,16
233147,0
233148,0
233149,0
233150,14
233151,0
233152,19
233153,0
233154,13
233155,14
233156,0
233157,0
233158,0
233159,24
233160,0
233161,0
233162,0
233163,0
233164,0
233165,0
233166,0
233167,13
233168,25
233169,0
233170,0
233171,32
233172,0
233173,0
233174,0
233175,0
233176,0
233177,0
233178,20
233179,0
233180,0
233181,0
233182,23
233183,0
233184,0
233185,0
233186,24
233187,0
233188,0
233189,16
233190,20
233191,0
233192,26
233193,0
233194,0
233195,0
233196,0
233197,0
233198,0
233199,0
233200,0
233201,0
233202,21
233203,0
233204,0
233205,26
233206,26
233207,17
233208,23
233209,0
233210,0
233211,0
233212,22
233213,0
233214,0
233215,0
233216,0
233217,0
233218,0
233219,0
233220,0
233221,18
233222,0
233223,0
233224,35
233225,0
233226,0
233227,0
233228,0
233229,0
233230,0
233231,0
233232,0
233233,23
233234,18
233235,16
233236,0
233237,17
233238,13
233239,0
233240,0
233241,0
233242,0
233243,16
233244,0
233245,0
233246,0
233247,0
233248,17
233249,0
233250,24
233251,0
233252,20
233253,0
233254,17
233255,20
233256,16
233257,0
233258,0
233259,25
233260,0
233261,0
233262,0
233263,28
233264,0
233265,0
233266,0
233267,0
233268,0
233269,20
233270,0
233271,0
233272,19
233273,18
233274,0
233275,0
233276,22
233277,21
233278,29
233279,0
233280,28
233281,0
233282,0
233283,0
233284,0
233285,0
233286,0
233287,19
233288,0
233289,0
233290,23
233291,16
233292,0
233293,0
233294,0
233295,0
233296,21
233297,0
233298,0
233299,0
233300,0
233301,24
233302,0
233303,0
233304,25
233305,0
233306,0
233307,0
233308,0
233309,0
233310,0
233311,0
233312,0
233313,0
233314,0
233315,0
233316,0
233317,0
233318,0
233319,0
233320,0
233321,0
233322,0
233323,0
233324,0
233325,0
233326,19
233327,0
233328,16
233329,0
233330,24
233331,18
233332,0
233333,0
233334,0
233335,0
233336,0
233337,0
233338,0
233339,0
233340,0
233341,16
233342,19
233343,0
233344,0
233345,0
233346,0
233347,0
233348,0
233349,0
233350,0
233351,0
233352,0
233353,0
233354,0
233355,0
233356,0
233357,0
233358,14
233359,0
233360,0
233361,0
233362,0
233363,0
233364,0
233365,0
233366,0
233367,0
233368,0
233369,0
233370,0
233371,0
233372,20
233373,0
233374,0
233375,0
233376,0
233377,0
233378,0
233379,0
233380,0
233381,24
233382,13
233383,0
233384,20
233385,0
233386,0
233387,22
233388,0
233389,0
233390,0
233391,19
233392,0
233393,0
233394,0
233395,0
233396,16
233397,0
233398,0
233399,16
233400,15
233401,0
233402,0
233403,0
233404,0
233405,26
233406,20
233407,14
233408,19
233409,0
233410,0
233411,0
233412,0
233413,18
233414,0
233415,0
233416,0
233417,21
233418,0
233419,0
233420,0
233421,0
233422,0
233423,20
233424,0
233425,0
233426,31
233427,16
233428,27
233429,0
233430,0
233431,18
233432,0
233433,0
233434,0
233435,0
233436,0
233437,0
233438,0
233439,10
233440,0
233441,0
233442,0
233443,0
233444,0
233445,0
233446,0
233447,0
233448,19
233449,22
233450,17
233451,0
233452,23
233453,0
233454,14
233455,0
233456,0
233457,0
233458,0
233459,0
233460,9
233461,18
233462,0
233463,0
233464,19
233465,22
233466,22
233467,17
233468,0
233469,11
233470,0
233471,0
233472,0
233473,11
233474,0
233475,17
233476,0
233477,0
233478,0
233479,0
233480,28
233481,0
233482,23
233483,0
233484,19
233485,0
233486,19
233487,0
233488,0
233489,0
233490,0
233491,0
233492,0
233493,0
233494,0
233495,24
233496,0
233497,25
233498,0
233499,0
233500,0
233501,6
233502,0
233503,19
233504,0
233505,0
233506,0
233507,0
233508,23
233509,20
233510,0
233511,0
233512,25
233513,25
233514,13
233515,0
233516,0
233517,14
233518,0
233519,25
233520,0
233521,0
233522,0
233523,15
233524,12
233525,0
233526,0
233527,17
233528,0
233529,0
233530,0
233531,0
233532,0
233533,0
233534,0
233535,0
233536,0
233537,0
233538,0
233539,0
233540,19
233541,18
233542,0
233543,0
233544,14
233545,0
233546,0
233547,0
233548,0
233549,18
233550,0
233551,0
233552,16
233553,15
233554,0
233555,0
233556,0
233557,0
233558,0
233559,0
233560,0
233561,11
233562,0
233563,0
233564,0
233565,26
233566,0
233567,26
233568,0
233569,0
233570,0
233571,0
233572,23
233573,0
233574,0
233575,0
233576,0
233577,0
233578,0
233579,18
233580,0
233581,0
233582,13
233583,0
233584,15
233585,11
233586,0
233587,12
233588,0
233589,0
233590,13
233591,0
233592,15
233593,0
233594,16
233595,0
233596,0
233597,22
233598,24
233599,0
233600,0
233601,31
233602,23
233603,0
233604,16
233605,0
233606,29
233607,0
233608,0
233609,0
233610,20
233611,0
233612,0
233613,0
233614,0
233615,0
233616,0
233617,18
233618,23
233619,0
233620,0
233621,0
233622,14
233623,0
233624,0
233625,0
233626,0
233627,0
233628,21
233629,0
233630,0
233631,0
233632,9
233633,0
233634,0
233635,0
233636,0
233637,0
233638,0
233639,0
233640,0
233641,0
233642,0
233643,0
233644,24
233645,0
233646,22
233647,27
233648,25
233649,25
233650,0
233651,21
233652,0
233653,0
233654,21
233655,0
233656,0
233657,0
233658,0
233659,0
233660,15
233661,0
233662,0
233663,0
233664,0
233665,0
233666,16
233667,0
233668,25
233669,0
233670,0
233671,0
233672,0
233673,0
233674,0
233675,0
233676,0
233677,0
233678,0
233679,0
233680,0
233681,0
233682,0
233683,0
233684,0
233685,0
233686,0
233687,0
233688,0
233689,0
233690,0
233691,12
233692,0
233693,0
233694,14
233695,0
233696,17
233697,19
233698,0
233699,0
233700,0
233701,0
233702,0
233703,18
233704,18
233705,0
233706,24
233707,0
233708,15
233709,0
233710,14
233711,31
233712,18
233713,24
233714,0
233715,0
233716,0
233717,0
233718,0
233719,0
233720,0
233721,20
233722,0
233723,18
233724,12
233725,17
233726,0
233727,0
233728,0
233729,11
233730,0
233731,0
233732,18
233733,18
233734,0
233735,0
233736,25
233737,0
233738,0
233739,0
233740,34
233741,31
233742,0
233743,0
233744,0
233745,0
233746,0
233747,0
233748,39
233749,0
233750,0
233751,0
233752,0
233753,0
233754,0
233755,0
233756,0
233757,0
233758,0
233759,45
233760,0
233761,0
233762,0
233763,0
233764,0
233765,0
233766,0
233767,0
233768,0
233769,0
233770,0
233771,0
233772,0
233773,0
233774,0
233775,0
233776,0
233777,0
233778,0
233779,0
233780,0
233781,22
233782,0
233783,0
233784,0
233785,0
233786,0
233787,0
233788,0
233789,0
233790,0
233791,0
233792,0
233793,0
233794,0
233795,0
233796,0
233797,0
233798,0
233799,54
233800,0
233801,0
233802,0
233803,0
233804,32
233805,0
233806,0
233807,0
233808,0
233809,0
233810,0
233811,0
233812,0
233813,0
233814,0
233815,0
233816,0
233817,0
233818,0
233819,37
233820,0
233821,0
233822,0
233823,0
233824,0
233825,0
233826,0
233827,0
233828,0
233829,0
233830,0
233831,0
233832,0
233833,28
233834,0
233835,0
233836,0
233837,0
233838,0
233839,0
233840,0
233841,0
233842,0
233843,0
233844,0
233845,0
233846,0
233847,0
233848,23
233849,0
233850,0
233851,0
233852,0
233853,53
233854,0
233855,0
233856,20
233857,0
233858,0
233859,0
233860,0
233861,0
233862,0
233863,0
233864,0
233865,30
233866,40
233867,0
233868,42
233869,0
233870,0
233871,0
233872,0
233873,0
233874,0
233875,0
233876,0
233877,0
233878,0
233879,0
233880,0
233881,0
233882,0
233883,43
233884,22
233885,0
233886,0
233887,0
233888,0
233889,0
233890,37
233891,0
233892,0
233893,0
233894,0
233895,0
233896,0
233897,0
233898,0
233899,0
233900,0
233901,0
233902,0
233903,2
233904,0
233905,0
233906,2
233907,0
233908,0
233909,0
233910,0
233911,3
233912,0
233913,0
233914,0
233915,1
233916,0
233917,0
233918,0
233919,0
233920,0
233921,0
233922,0
233923,0
233924,0
233925,0
233926,0
233927,0
233928,0
233929,0
233930,0
233931,0
233932,0
233933,0
233934,0
233935,0
233936,0
233937,1
233938,0
233939,0
233940,0
233941,1
233942,0
233943,0
233944,0
233945,0
233946,0
233947,0
233948,0
233949,0
233950,3
233951,0
233952,0
233953,0
233954,0
233955,0
233956,0
233957,0
233958,0
233959,0
233960,0
233961,0
233962,0
233963,0
233964,0
233965,0
233966,0
233967,0
233968,0
233969,0
233970,0
233971,0
233972,1
233973,0
233974,0
233975,0
233976,0
233977,0
233978,0
233979,0
233980,0
233981,0
233982,0
233983,0
233984,0
233985,0
233986,0
233987,0
233988,4
233989,0
233990,0
233991,0
233992,0
233993,0
233994,0
233995,0
233996,0
233997,0
233998,0
233999,0
234000,2
234001,0
234002,0
234003,1
234004,0
234005,0
234006,0
234007,0
234008,0
234009,0
234010,0
234011,0
234012,0
234013,0
234014,0
234015,0
234016,0
234017,0
234018,1
234019,0
234020,1
234021,0
234022,0
234023,0
234024,0
234025,0
234026,1
234027,0
234028,0
234029,0
234030,0
234031,0
234032,0
234033,0
234034,0
234035,0
234036,0
234037,0
234038,0
234039,0
234040,0
234041,0
234042,0
234043,0
234044,0
234045,0
234046,0
234047,0
234048,0
234049,1
234050,0
234051,0
234052,0
234053,0
234054,0
234055,0
234056,0
234057,0
234058,0
234059,0
234060,0
234061,0
234062,0
234063,0
234064,2
234065,0
234066,0
234067,0
234068,0
234069,0
234070,0
234071,0
234072,0
234073,0
234074,0
234075,1
234076,0
234077,0
234078,0
234079,0
234080,0
234081,0
234082,0
234083,0
234084,0
234085,0
234086,0
234087,0
234088,0
234089,0
234090,0
234091,0
234092,0
234093,0
234094,0
234095,0
234096,0
234097,0
234098,0
234099,0
234100,0
234101,0
234102,0
234103,0
234104,0
234105,0
234106,0
234107,0
234108,0
234109,0
234110,0
234111,0
234112,0
234113,0
234114,0
234115,0
234116,0
234117,0
234118,0
234119,0
234120,0
234121,0
234122,0
234123,0
234124,0
234125,0
234126,0
234127,0
234128,0
234129,0
234130,0
234131,0
234132,0
234133,0
234134,0
234135,4
234136,0
234137,1
234138,0
234139,0
234140,0
234141,0
234142,0
234143,0
234144,0
234145,0
234146,0
234147,0
234148,0
234149,0
234150,0
234151,0
234152,0
234153,0
234154,0
234155,0
234156,0
234157,0
234158,1
234159,0
234160,0
234161,0
234162,1
234163,0
234164,0
234165,0
234166,0
234167,0
234168,0
234169,0
234170,0
234171,1
234172,0
234173,0
234174,0
234175,0
234176,0
234177,2
234178,2
234179,0
234180,1
234181,0
234182,0
234183,0
234184,0
234185,0
234186,0
234187,0
234188,0
234189,0
234190,0
234191,0
234192,0
234193,0
234194,1
234195,0
234196,0
234197,0
234198,0
234199,0
234200,0
234201,1
234202,0
234203,0
234204,0
234205,1
234206,0
234207,0
234208,0
234209,0
234210,0
234211,0
234212,2
234213,0
234214,0
234215,0
234216,0
234217,0
234218,1
234219,0
234220,1
234221,0
234222,0
234223,0
234224,0
234225,1
234226,0
234227,0
234228,0
234229,0
234230,0
234231,0
234232,0
234233,0
234234,0
234235,0
234236,0
234237,0
234238,0
234239,0
234240,0
234241,0
234242,0
234243,1
234244,0
234245,1
234246,0
234247,0
234248,0
234249,0
234250,0
234251,0
234252,0
234253,0
234254,0
234255,0
234256,0
234257,0
234258,0
234259,0
234260,0
234261,0
234262,0
234263,0
234264,0
234265,0
234266,0
234267,0
234268,0
234269,5
234270,0
234271,0
234272,0
234273,0
234274,0
234275,0
234276,0
234277,0
234278,1
234279,0
234280,0
234281,0
234282,0
234283,0
234284,1
234285,0
234286,0
234287,0
234288,0
234289,0
234290,0
234291,0
234292,0
234293,0
234294,3
234295,0
234296,0
234297,0
234298,0
234299,0
234300,0
234301,0
234302,0
234303,0
234304,0
234305,0
234306,0
234307,0
234308,0
234309,0
234310,0
234311,0
234312,0
234313,0
234314,0
234315,1
234316,0
234317,0
234318,0
234319,4
234320,5
234321,0
234322,0
234323,0
234324,0
234325,0
234326,0
234327,0
234328,0
234329,0
234330,0
234331,0
234332,2
234333,0
234334,2
234335,0
234336,0
234337,0
234338,0
234339,0
234340,2
234341,0
234342,5
234343,1
234344,1
234345,0
234346,2
234347,0
234348,0
234349,0
234350,2
234351,0
234352,0
234353,0
234354,7
234355,4
234356,0
234357,2
234358,0
234359,0
234360,0
234361,0
234362,0
234363,0
234364,0
234365,0
234366,0
234367,0
234368,0
234369,0
234370,0
234371,0
234372,0
234373,0
234374,0
234375,0
234376,0
234377,2
234378,0
234379,0
234380,0
234381,0
234382,3
234383,0
234384,0
234385,0
234386,0
234387,0
234388,0
234389,0
234390,4
234391,0
234392,0
234393,0
234394,0
234395,0
234396,0
234397,0
234398,0
234399,0
234400,0
234401,0
234402,4
234403,0
234404,0
234405,0
234406,0
234407,0
234408,4
234409,0
234410,0
234411,2
234412,0
234413,0
234414,0
234415,0
234416,0
234417,0
234418,0
234419,0
234420,0
234421,3
234422,0
234423,3
234424,1
234425,0
234426,0
234427,6
234428,0
234429,0
234430,0
234431,0
234432,3
234433,0
234434,5
234435,0
234436,0
234437,0
234438,0
234439,0
234440,1
234441,0
234442,0
234443,0
234444,0
234445,2
234446,5
234447,0
234448,2
234449,0
234450,0
234451,0
234452,0
234453,0
234454,0
234455,3
234456,2
234457,5
234458,0
234459,0
234460,0
234461,0
234462,0
234463,0
234464,0
234465,0
234466,0
234467,0
234468,1
234469,0
234470,0
234471,2
234472,0
234473,0
234474,0
234475,1
234476,5
234477,0
234478,6
234479,4
234480,0
234481,0
234482,2
234483,0
234484,0
234485,2
234486,0
234487,0
234488,1
234489,0
234490,0
234491,0
234492,0
234493,0
234494,0
234495,0
234496,0
234497,0
234498,0
234499,0
234500,2
234501,0
234502,0
234503,0
234504,0
234505,1
234506,3
234507,4
234508,3
234509,0
234510,0
234511,4
234512,0
234513,0
234514,0
234515,0
234516,5
234517,3
234518,0
234519,3
234520,0
234521,0
234522,0
234523,0
234524,3
234525,0
234526,0
234527,2
234528,0
234529,0
234530,0
234531,0
234532,0
234533,0
234534,0
234535,0
234536,0
234537,3
234538,3
234539,0
234540,0
234541,0
234542,4
234543,0
234544,0
234545,0
234546,1
234547,0
234548,0
234549,0
234550,5
234551,4
234552,0
234553,0
234554,2
234555,2
234556,0
234557,0
234558,1
234559,0
234560,0
234561,0
234562,0
234563,1
234564,0
234565,0
234566,4
234567,0
234568,0
234569,0
234570,2
234571,0
234572,0
234573,0
234574,2
234575,0
234576,0
234577,0
234578,0
234579,0
234580,0
234581,0
234582,3
234583,0
234584,0
234585,0
234586,4
234587,0
234588,0
234589,0
234590,0
234591,0
234592,0
234593,0
234594,0
234595,0
234596,2
234597,0
234598,0
234599,0
234600,0
234601,0
234602,0
234603,0
234604,0
234605,0
234606,0
234607,4
234608,0
234609,0
234610,0
234611,0
234612,0
234613,0
234614,0
234615,0
234616,2
234617,0
234618,0
234619,0
234620,0
234621,0
234622,0
234623,0
234624,5
234625,0
234626,5
234627,0
234628,0
234629,0
234630,4
234631,0
234632,0
234633,0
234634,0
234635,0
234636,0
234637,0
234638,6
234639,0
234640,3
234641,0
234642,0
234643,0
234644,0
234645,0
234646,0
234647,4
234648,0
234649,1
234650,0
234651,0
234652,0
234653,0
234654,0
234655,1
234656,0
234657,0
234658,0
234659,0
234660,1
234661,2
234662,2
234663,0
234664,0
234665,3
234666,0
234667,2
234668,0
234669,0
234670,0
234671,0
234672,0
234673,0
234674,0
234675,0
234676,0
234677,0
234678,0
234679,2
234680,0
234681,2
234682,0
234683,0
234684,0
234685,0
234686,2
234687,0
234688,0
234689,0
234690,4
234691,0
234692,0
234693,0
234694,0
234695,0
234696,0
234697,0
234698,3
234699,0
234700,0
234701,0
234702,8
234703,0
234704,0
234705,5
234706,0
234707,0
234708,0
234709,4
234710,0
234711,0
234712,0
234713,0
234714,2
234715,0
234716,6
234717,0
234718,0
234719,0
234720,2
234721,1
234722,0
234723,0
234724,0
234725,4
234726,0
234727,0
234728,0
234729,0
234730,0
234731,0
234732,0
234733,0
234734,0
234735,0
234736,0
234737,0
234738,0
234739,2
234740,3
234741,0
234742,0
234743,0
234744,0
234745,0
234746,0
234747,4
234748,3
234749,0
234750,0
234751,0
234752,0
234753,3
234754,0
234755,0
234756,0
234757,0
234758,0
234759,0
234760,0
234761,0
234762,0
234763,0
234764,0
234765,0
234766,4
234767,0
234768,0
234769,4
234770,0
234771,0
234772,0
234773,0
234774,0
234775,0
234776,0
234777,0
234778,0
234779,0
234780,0
234781,0
234782,0
234783,3
234784,2
234785,6
234786,0
234787,0
234788,0
234789,0
234790,0
234791,0
234792,2
234793,0
234794,0
234795,3
234796,6
234797,2
234798,0
234799,0
234800,0
234801,3
234802,0
234803,0
234804,0
234805,0
234806,2
234807,0
234808,7
234809,0
234810,0
234811,0
234812,0
234813,0
234814,0
234815,0
234816,2
234817,0
234818,0
234819,3
234820,0
234821,0
234822,0
234823,4
234824,0
234825,0
234826,0
234827,0
234828,0
234829,2
234830,0
234831,0
234832,0
234833,0
234834,0
234835,0
234836,0
234837,0
234838,0
234839,1
234840,5
234841,4
234842,0
234843,0
234844,0
234845,3
234846,0
234847,5
234848,0
234849,4
234850,0
234851,0
234852,0
234853,7
234854,0
234855,1
234856,0
234857,1
234858,0
234859,0
234860,4
234861,0
234862,3
234863,3
234864,0
234865,0
234866,5
234867,0
234868,0
234869,3
234870,0
234871,0
234872,0
234873,0
234874,0
234875,0
234876,0
234877,4
234878,7
234879,0
234880,0
234881,0
234882,0
234883,4
234884,0
234885,0
234886,3
234887,0
234888,0
234889,3
234890,5
234891,0
234892,0
234893,0
234894,1
234895,2
234896,2
234897,0
234898,1
234899,2
234900,0
234901,0
234902,0
234903,3
234904,0
234905,0
234906,0
234907,0
234908,0
234909,0
234910,0
234911,0
234912,2
234913,0
234914,1
234915,0
234916,4
234917,0
234918,5
234919,0
234920,0
234921,3
234922,4
234923,0
234924,0
234925,0
234926,0
234927,0
234928,2
234929,0
234930,0
234931,2
234932,0
234933,6
234934,0
234935,0
234936,4
234937,0
234938,0
234939,3
234940,0
234941,1
234942,0
234943,0
234944,0
234945,5
234946,0
234947,0
234948,0
234949,0
234950,0
234951,0
234952,2
234953,0
234954,0
234955,0
234956,0
234957,0
234958,2
234959,0
234960,5
234961,6
234962,0
234963,2
234964,0
234965,0
234966,1
234967,2
234968,0
234969,0
234970,0
234971,1
234972,0
234973,2
234974,2
234975,0
234976,0
234977,2
234978,0
234979,0
234980,0
234981,0
234982,0
234983,0
234984,3
234985,0
234986,0
234987,0
234988,0
234989,0
234990,0
234991,0
234992,0
234993,0
234994,2
234995,0
234996,0
234997,0
234998,0
234999,0
235000,0
235001,0
235002,0
235003,0
235004,4
235005,3
235006,0
235007,0
235008,0
235009,0
235010,0
235011,0
235012,0
235013,0
235014,0
235015,0
235016,6
235017,1
235018,0
235019,0
235020,0
235021,0
235022,1
235023,1
235024,0
235025,2
235026,0
235027,0
235028,0
235029,0
235030,7
235031,0
235032,0
235033,4
235034,6
235035,0
235036,0
235037,0
235038,0
235039,0
235040,0
235041,0
235042,0
235043,0
235044,4
235045,0
235046,0
235047,0
235048,3
235049,0
235050,0
235051,0
235052,0
235053,0
235054,0
235055,0
235056,0
235057,0
235058,0
235059,0
235060,3
235061,0
235062,0
235063,2
235064,0
235065,0
235066,0
235067,6
235068,0
235069,0
235070,2
235071,0
235072,0
235073,0
235074,0
235075,0
235076,0
235077,0
235078,0
235079,0
235080,4
235081,0
235082,0
235083,0
235084,1
235085,7
235086,0
235087,0
235088,0
235089,0
235090,0
235091,0
235092,1
235093,0
235094,0
235095,0
235096,0
235097,0
235098,0
235099,0
235100,4
235101,0
235102,0
235103,0
235104,0
235105,0
235106,0
235107,0
235108,0
235109,0
235110,0
235111,0
235112,0
235113,0
235114,0
235115,0
235116,0
235117,0
235118,4
235119,3
235120,5
235121,0
235122,0
235123,0
235124,3
235125,0
235126,0
235127,0
235128,0
235129,0
235130,0
235131,34
235132,0
235133,0
235134,0
235135,0
235136,0
235137,0
235138,0
235139,0
235140,0
235141,0
235142,0
235143,0
235144,0
235145,26
235146,0
235147,0
235148,0
235149,0
235150,0
235151,0
235152,0
235153,0
235154,0
235155,36
235156,27
235157,0
235158,0
235159,0
235160,0
235161,0
235162,24
235163,0
235164,0
235165,0
235166,0
235167,0
235168,0
235169,0
235170,22
235171,0
235172,0
235173,0
235174,0
235175,0
235176,0
235177,29
235178,0
235179,0
235180,0
235181,0
235182,0
235183,0
235184,29
235185,27
235186,0
235187,0
235188,0
235189,0
235190,0
235191,0
235192,24
235193,0
235194,0
235195,0
235196,0
235197,0
235198,0
235199,0
235200,0
235201,23
235202,0
235203,17
235204,0
235205,35
235206,0
235207,0
235208,35
235209,0
235210,0
235211,0
235212,0
235213,0
235214,37
235215,0
235216,3
235217,0
235218,0
235219,0
235220,5
235221,0
235222,6
235223,0
235224,7
235225,4
235226,11
235227,0
235228,13
235229,0
235230,0
235231,0
235232,0
235233,0
235234,0
235235,0
235236,0
235237,0
235238,0
235239,0
235240,0
235241,0
235242,0
235243,6
235244,0
235245,0
235246,0
235247,0
235248,0
235249,0
235250,8
235251,12
235252,8
235253,0
235254,0
235255,0
235256,0
235257,0
235258,0
235259,0
235260,0
235261,10
235262,0
235263,0
235264,0
235265,0
235266,0
235267,0
235268,0
235269,0
235270,0
235271,0
235272,0
235273,6
235274,0
235275,8
235276,0
235277,0
235278,0
235279,0
235280,0
235281,0
235282,0
235283,0
235284,3
235285,0
235286,0
235287,0
235288,10
235289,12
235290,0
235291,14
235292,0
235293,18
235294,0
235295,7
235296,0
235297,8
235298,0
235299,0
235300,10
235301,0
235302,11
235303,0
235304,16
235305,0
235306,0
235307,0
235308,8
235309,4
235310,10
235311,0
235312,0
235313,0
235314,0
235315,0
235316,8
235317,0
235318,0
235319,4
235320,17
235321,0
235322,0
235323,0
235324,0
235325,0
235326,0
235327,0
235328,0
235329,0
235330,0
235331,10
235332,7
235333,0
235334,9
235335,0
235336,0
235337,0
235338,8
235339,0
235340,0
235341,0
235342,0
235343,0
235344,0
235345,0
235346,0
235347,0
235348,0
235349,0
235350,6
235351,0
235352,4
235353,0
235354,0
235355,5
235356,0
235357,0
235358,15
235359,0
235360,0
235361,0
235362,9
235363,0
235364,10
235365,0
235366,0
235367,12
235368,0
235369,4
235370,0
235371,0
235372,14
235373,0
235374,4
235375,0
235376,0
235377,5
235378,11
235379,0
235380,5
235381,0
235382,0
235383,0
235384,6
235385,7
235386,0
235387,0
235388,7
235389,8
235390,0
235391,0
235392,0
235393,0
235394,0
235395,0
235396,0
235397,0
235398,0
235399,0
235400,0
235401,0
235402,0
235403,4
235404,0
235405,0
235406,0
235407,5
235408,0
235409,0
235410,0
235411,0
235412,0
235413,0
235414,0
235415,0
235416,0
235417,0
235418,0
235419,0
235420,0
235421,0
235422,0
235423,0
235424,9
235425,0
235426,0
235427,0
235428,0
235429,8
235430,0
235431,0
235432,0
235433,0
235434,5
235435,0
235436,7
235437,0
235438,0
235439,0
235440,0
235441,0
235442,0
235443,0
235444,14
235445,6
235446,6
235447,0
235448,5
235449,0
235450,0
235451,0
235452,0
235453,0
235454,0
235455,0
235456,0
235457,6
235458,10
235459,8
235460,0
235461,9
235462,6
235463,0
235464,0
235465,4
235466,0
235467,0
235468,2
235469,0
235470,0
235471,0
235472,0
235473,13
235474,0
235475,0
235476,7
235477,4
235478,0
235479,0
235480,0
235481,0
235482,0
235483,0
235484,11
235485,0
235486,0
235487,0
235488,7
235489,0
235490,9
235491,0
235492,0
235493,8
235494,0
235495,0
235496,0
235497,0
235498,0
235499,14
235500,0
235501,0
235502,0
235503,0
235504,11
235505,0
235506,0
235507,8
235508,6
235509,5
235510,0
235511,11
235512,2
235513,0
235514,6
235515,0
235516,0
235517,0
235518,0
235519,0
235520,0
235521,0
235522,0
235523,0
235524,0
235525,0
235526,0
235527,13
235528,0
235529,0
235530,0
235531,0
235532,0
235533,12
235534,0
235535,7
235536,0
235537,0
235538,0
235539,0
235540,0
235541,7
235542,0
235543,0
235544,0
235545,10
235546,0
235547,0
235548,8
235549,0
235550,0
235551,0
235552,0
235553,8
235554,0
235555,0
235556,0
235557,0
235558,7
235559,0
235560,0
235561,0
235562,6
235563,0
235564,3
235565,0
235566,8
235567,0
235568,0
235569,0
235570,0
235571,0
235572,0
235573,0
235574,0
235575,0
235576,0
235577,0
235578,0
235579,0
235580,34
235581,0
235582,0
235583,0
235584,0
235585,0
235586,0
235587,22
235588,0
235589,0
235590,0
235591,0
235592,0
235593,0
235594,0
235595,22
235596,0
235597,0
235598,0
235599,0
235600,29
235601,0
235602,0
235603,40
235604,0
235605,0
235606,0
235607,0
235608,0
235609,0
235610,0
235611,0
235612,0
235613,0
235614,0
235615,0
235616,0
235617,0
235618,0
235619,0
235620,0
235621,0
235622,28
235623,0
235624,29
235625,0
235626,23
235627,0
235628,0
235629,0
235630,0
235631,0
235632,0
235633,0
235634,0
235635,0
235636,0
235637,0
235638,0
235639,0
235640,0
235641,0
235642,0
235643,0
235644,0
235645,0
235646,0
235647,0
235648,0
235649,0
235650,0
235651,0
235652,0
235653,0
235654,17
235655,0
235656,0
235657,0
235658,0
235659,0
235660,0
235661,0
235662,0
235663,0
235664,0
235665,0
235666,0
235667,0
235668,0
235669,8
235670,0
235671,0
235672,1
235673,0
235674,0
235675,4
235676,0
235677,0
235678,10
235679,0
235680,0
235681,0
235682,5
235683,0
235684,3
235685,0
235686,0
235687,0
235688,0
235689,0
235690,0
235691,0
235692,0
235693,0
235694,2
235695,0
235696,0
235697,0
235698,0
235699,0
235700,0
235701,0
235702,0
235703,0
235704,0
235705,0
235706,0
235707,0
235708,0
235709,0
235710,7
235711,0
235712,4
235713,6
235714,4
235715,0
235716,0
235717,0
235718,0
235719,0
235720,0
235721,0
235722,0
235723,0
235724,0
235725,0
235726,3
235727,0
235728,0
235729,4
235730,0
235731,0
235732,0
235733,0
235734,4
235735,0
235736,4
235737,0
235738,0
235739,0
235740,3
235741,0
235742,5
235743,0
235744,0
235745,0
235746,0
235747,0
235748,0
235749,0
235750,0
235751,3
235752,3
235753,5
235754,0
235755,0
235756,0
235757,0
235758,0
235759,0
235760,0
235761,0
235762,0
235763,0
235764,9
235765,2
235766,0
235767,0
235768,0
235769,0
235770,0
235771,0
235772,0
235773,0
235774,0
235775,0
235776,0
235777,0
235778,2
235779,0
235780,0
235781,0
235782,2
235783,0
235784,0
235785,1
235786,0
235787,0
235788,0
235789,3
235790,10
235791,0
235792,0
235793,0
235794,0
235795,4
235796,0
235797,0
235798,0
235799,9
235800,0
235801,7
235802,0
235803,0
235804,1
235805,5
235806,0
235807,0
235808,5
235809,0
235810,0
235811,3
235812,0
235813,0
235814,4
235815,0
235816,0
235817,0
235818,0
235819,0
235820,0
235821,0
235822,3
235823,0
235824,0
235825,7
235826,0
235827,0
235828,0
235829,0
235830,0
235831,2
235832,0
235833,0
235834,0
235835,0
235836,0
235837,0
235838,0
235839,0
235840,3
235841,7
235842,6
235843,0
235844,0
235845,0
235846,0
235847,0
235848,0
235849,2
235850,0
235851,5
235852,3
235853,2
235854,0
235855,0
235856,0
235857,0
235858,8
235859,3
235860,0
235861,0
235862,0
235863,0
235864,4
235865,0
235866,4
235867,0
235868,0
235869,0
235870,0
235871,0
235872,0
235873,0
235874,0
235875,0
235876,0
235877,0
235878,0
235879,5
235880,2
235881,0
235882,0
235883,0
235884,0
235885,0
235886,0
235887,0
235888,0
235889,0
235890,0
235891,0
235892,0
235893,0
235894,0
235895,0
235896,0
235897,0
235898,0
235899,0
235900,0
235901,0
235902,0
235903,0
235904,0
235905,3
235906,0
235907,0
235908,6
235909,7
235910,0
235911,0
235912,0
235913,0
235914,0
235915,0
235916,6
235917,0
235918,0
235919,0
235920,0
235921,0
235922,0
235923,0
235924,0
235925,0
235926,0
235927,0
235928,8
235929,0
235930,0
235931,0
235932,0
235933,0
235934,0
235935,0
235936,0
235937,0
235938,0
235939,4
235940,0
235941,0
235942,0
235943,2
235944,0
235945,0
235946,0
235947,2
235948,0
235949,0
235950,0
235951,0
235952,0
235953,0
235954,0
235955,0
235956,4
235957,0
235958,0
235959,0
235960,0
235961,3
235962,2
235963,0
235964,0
235965,0
235966,6
235967,2
235968,0
235969,0
235970,0
235971,2
235972,0
235973,6
235974,0
235975,0
235976,0
235977,0
235978,0
235979,0
235980,0
235981,0
235982,0
235983,4
235984,0
235985,0
235986,0
235987,5
235988,6
235989,0
235990,0
235991,7
235992,0
235993,0
235994,0
235995,0
235996,0
235997,0
235998,1
235999,0
236000,0
236001,0
236002,0
236003,0
236004,0
236005,0
236006,5
236007,0
236008,4
236009,0
236010,0
236011,0
236012,0
236013,0
236014,0
236015,7
236016,0
236017,0
236018,0
236019,0
236020,0
236021,0
236022,0
236023,0
236024,2
236025,0
236026,0
236027,0
236028,0
236029,0
236030,0
236031,0
236032,0
236033,0
236034,5
236035,6
236036,8
236037,7
236038,0
236039,0
236040,1
236041,0
236042,0
236043,0
236044,0
236045,0
236046,0
236047,2
236048,0
236049,0
236050,0
236051,0
236052,4
236053,0
236054,0
236055,0
236056,0
236057,0
236058,7
236059,0
236060,0
236061,4
236062,0
236063,8
236064,0
236065,0
236066,3
236067,4
236068,3
236069,0
236070,0
236071,0
236072,0
236073,0
236074,0
236075,0
236076,0
236077,0
236078,0
236079,0
236080,0
236081,0
236082,0
236083,0
236084,1
236085,0
236086,7
236087,0
236088,0
236089,0
236090,0
236091,0
236092,5
236093,0
236094,0
236095,0
236096,0
236097,0
236098,0
236099,0
236100,0
236101,3
236102,0
236103,0
236104,0
236105,0
236106,6
236107,3
236108,0
236109,7
236110,0
236111,0
236112,0
236113,0
236114,0
236115,0
236116,0
236117,3
236118,0
236119,0
236120,0
236121,0
236122,0
236123,0
236124,0
236125,0
236126,5
236127,7
236128,0
236129,7
236130,0
236131,0
236132,0
236133,0
236134,0
236135,0
236136,0
236137,0
236138,0
236139,0
236140,0
236141,4
236142,2
236143,5
236144,0
236145,5
236146,7
236147,4
236148,0
236149,0
236150,6
236151,0
236152,0
236153,4
236154,0
236155,0
236156,0
236157,0
236158,9
236159,0
236160,0
236161,0
236162,0
236163,0
236164,11
236165,2
236166,0
236167,0
236168,0
236169,0
236170,4
236171,0
236172,6
236173,0
236174,0
236175,6
236176,0
236177,3
236178,0
236179,3
236180,4
236181,0
236182,0
236183,0
236184,0
236185,0
236186,0
236187,0
236188,0
236189,0
236190,0
236191,0
236192,4
236193,0
236194,0
236195,0
236196,0
236197,0
236198,0
236199,0
236200,0
236201,2
236202,0
236203,7
236204,5
236205,0
236206,0
236207,5
236208,0
236209,2
236210,9
236211,7
236212,4
236213,5
236214,0
236215,3
236216,4
236217,0
236218,0
236219,10
236220,0
236221,3
236222,0
236223,3
236224,0
236225,0
236226,0
236227,0
236228,0
236229,0
236230,0
236231,0
236232,0
236233,0
236234,0
236235,0
236236,0
236237,0
236238,0
236239,0
236240,0
236241,0
236242,0
236243,0
236244,0
236245,1
236246,0
236247,0
236248,0
236249,0
236250,0
236251,0
236252,0
236253,4
236254,0
236255,12
236256,0
236257,0
236258,0
236259,0
236260,0
236261,0
236262,7
236263,4
236264,0
236265,0
236266,0
236267,0
236268,0
236269,0
236270,0
236271,4
236272,4
236273,0
236274,0
236275,2
236276,12
236277,8
236278,0
236279,0
236280,0
236281,0
236282,0
236283,0
236284,0
236285,0
236286,5
236287,0
236288,0
236289,0
236290,5
236291,0
236292,5
236293,0
236294,0
236295,4
236296,2
236297,0
236298,0
236299,0
236300,5
236301,6
236302,0
236303,0
236304,0
236305,6
236306,0
236307,0
236308,0
236309,0
236310,0
236311,0
236312,0
236313,0
236314,0
236315,0
236316,2
236317,0
236318,0
236319,5
236320,0
236321,0
236322,0
236323,4
236324,5
236325,0
236326,13
236327,0
236328,0
236329,0
236330,0
236331,0
236332,0
236333,0
236334,0
236335,0
236336,0
236337,0
236338,0
236339,0
236340,0
236341,0
236342,0
236343,0
236344,0
236345,0
236346,0
236347,0
236348,0
236349,0
236350,0
236351,23
236352,0
236353,0
236354,0
236355,0
236356,11
236357,0
236358,0
236359,0
236360,0
236361,6
236362,0
236363,5
236364,0
236365,0
236366,0
236367,0
236368,3
236369,7
236370,0
236371,0
236372,0
236373,7
236374,0
236375,0
236376,0
236377,0
236378,0
236379,14
236380,0
236381,0
236382,0
236383,0
236384,0
236385,0
236386,0
236387,0
236388,0
236389,0
236390,0
236391,0
236392,0
236393,0
236394,0
236395,7
236396,8
236397,0
236398,11
236399,13
236400,0
236401,0
236402,0
236403,0
236404,0
236405,0
236406,0
236407,4
236408,0
236409,0
236410,0
236411,0
236412,6
236413,0
236414,0
236415,0
236416,0
236417,0
236418,1
236419,0
236420,0
236421,0
236422,0
236423,0
236424,0
236425,0
236426,0
236427,0
236428,0
236429,0
236430,0
236431,2
236432,0
236433,0
236434,0
236435,5
236436,0
236437,0
236438,0
236439,0
236440,0
236441,0
236442,0
236443,1
236444,0
236445,0
236446,0
236447,0
236448,2
236449,2
236450,0
236451,0
236452,0
236453,1
236454,0
236455,0
236456,0
236457,0
236458,0
236459,0
236460,0
236461,0
236462,0
236463,0
236464,0
236465,0
236466,0
236467,0
236468,5
236469,0
236470,0
236471,0
236472,0
236473,0
236474,0
236475,0
236476,0
236477,0
236478,0
236479,2
236480,0
236481,0
236482,0
236483,0
236484,0
236485,0
236486,0
236487,0
236488,0
236489,0
236490,0
236491,0
236492,0
236493,0
236494,0
236495,2
236496,0
236497,0
236498,0
236499,0
236500,0
236501,1
236502,0
236503,0
236504,0
236505,0
236506,0
236507,5
236508,0
236509,0
236510,2
236511,0
236512,0
236513,2
236514,0
236515,0
236516,2
236517,0
236518,0
236519,0
236520,0
236521,0
236522,2
236523,7
236524,2
236525,0
236526,0
236527,0
236528,1
236529,0
236530,3
236531,0
236532,1
236533,0
236534,0
236535,0
236536,0
236537,4
236538,0
236539,2
236540,0
236541,0
236542,2
236543,0
236544,0
236545,2
236546,0
236547,3
236548,0
236549,0
236550,0
236551,0
236552,0
236553,0
236554,0
236555,0
236556,0
236557,0
236558,0
236559,0
236560,0
236561,0
236562,0
236563,0
236564,0
236565,0
236566,4
236567,0
236568,0
236569,0
236570,0
236571,1
236572,0
236573,1
236574,0
236575,0
236576,0
236577,0
236578,0
236579,0
236580,0
236581,0
236582,2
236583,0
236584,0
236585,0
236586,0
236587,0
236588,0
236589,0
236590,0
236591,0
236592,0
236593,0
236594,0
236595,2
236596,0
236597,0
236598,1
236599,0
236600,0
236601,0
236602,3
236603,0
236604,0
236605,0
236606,0
236607,0
236608,0
236609,0
236610,0
236611,0
236612,0
236613,0
236614,0
236615,0
236616,0
236617,0
236618,1
236619,0
236620,0
236621,0
236622,0
236623,0
236624,3
236625,0
236626,0
236627,2
236628,2
236629,0
236630,0
236631,0
236632,0
236633,0
236634,0
236635,0
236636,0
236637,0
236638,0
236639,0
236640,0
236641,0
236642,0
236643,2
236644,0
236645,0
236646,0
236647,0
236648,0
236649,0
236650,4
236651,2
236652,0
236653,0
236654,0
236655,0
236656,0
236657,0
236658,0
236659,0
236660,0
236661,4
236662,0
236663,0
236664,1
236665,0
236666,0
236667,3
236668,0
236669,0
236670,0
236671,2
236672,2
236673,0
236674,0
236675,0
236676,0
236677,0
236678,0
236679,0
236680,4
236681,0
236682,0
236683,1
236684,0
236685,0
236686,0
236687,0
236688,0
236689,0
236690,0
236691,0
236692,3
236693,0
236694,0
236695,3
236696,0
236697,0
236698,4
236699,0
236700,0
236701,0
236702,0
236703,0
236704,0
236705,0
236706,0
236707,0
236708,0
236709,1
236710,0
236711,0
236712,2
236713,0
236714,0
236715,0
236716,0
236717,0
236718,0
236719,0
236720,0
236721,0
236722,0
236723,0
236724,0
236725,10
236726,0
236727,0
236728,0
236729,13
236730,0
236731,0
236732,0
236733,0
236734,0
236735,5
236736,0
236737,0
236738,3
236739,0
236740,10
236741,0
236742,15
236743,0
236744,0
236745,9
236746,0
236747,0
236748,0
236749,0
236750,0
236751,0
236752,0
236753,0
236754,0
236755,7
236756,0
236757,0
236758,12
236759,0
236760,0
236761,0
236762,0
236763,0
236764,0
236765,0
236766,0
236767,0
236768,7
236769,0
236770,0
236771,0
236772,0
236773,0
236774,5
236775,10
236776,0
236777,0
236778,0
236779,0
236780,0
236781,14
236782,0
236783,0
236784,0
236785,0
236786,0
236787,0
236788,0
236789,0
236790,0
236791,0
236792,0
236793,0
236794,0
236795,0
236796,0
236797,0
236798,18
236799,0
236800,0
236801,0
236802,0
236803,0
236804,0
236805,0
236806,7
236807,0
236808,0
236809,7
236810,19
236811,0
236812,0
236813,0
236814,0
236815,5
236816,0
236817,10
236818,0
236819,0
236820,11
236821,0
236822,0
236823,0
236824,0
236825,0
236826,0
236827,0
236828,0
236829,0
236830,13
236831,0
236832,0
236833,0
236834,0
236835,0
236836,0
236837,0
236838,0
236839,0
236840,5
236841,0
236842,0
236843,0
236844,11
236845,0
236846,0
236847,6
236848,0
236849,4
236850,0
236851,0
236852,9
236853,0
236854,8
236855,0
236856,0
236857,0
236858,0
236859,11
236860,0
236861,0
236862,18
236863,0
236864,0
236865,0
236866,9
236867,0
236868,0
236869,0
236870,0
236871,0
236872,0
236873,0
236874,11
236875,0
236876,0
236877,0
236878,0
236879,0
236880,0
236881,0
236882,0
236883,0
236884,0
236885,0
236886,0
236887,11
236888,0
236889,10
236890,0
236891,0
236892,5
236893,6
236894,0
236895,0
236896,0
236897,0
236898,0
236899,0
236900,0
236901,0
236902,0
236903,0
236904,0
236905,0
236906,0
236907,0
236908,9
236909,0
236910,0
236911,0
236912,0
236913,0
236914,0
236915,0
236916,0
236917,0
236918,0
236919,0
236920,12
236921,8
236922,14
236923,0
236924,0
236925,0
236926,0
236927,0
236928,0
236929,0
236930,11
236931,0
236932,0
236933,10
236934,0
236935,0
236936,6
236937,0
236938,0
236939,0
236940,9
236941,0
236942,0
236943,0
236944,0
236945,0
236946,0
236947,0
236948,0
236949,0
236950,0
236951,0
236952,0
236953,0
236954,0
236955,0
236956,0
236957,0
236958,0
236959,0
236960,0
236961,0
236962,15
236963,18
236964,0
236965,0
236966,0
236967,0
236968,0
236969,0
236970,0
236971,0
236972,0
236973,0
236974,0
236975,9
236976,12
236977,0
236978,0
236979,0
236980,0
236981,0
236982,0
236983,0
236984,0
236985,0
236986,0
236987,0
236988,0
236989,0
236990,8
236991,0
236992,0
236993,0
236994,8
236995,0
236996,8
236997,0
236998,0
236999,0
237000,0
237001,0
237002,0
237003,0
237004,5
237005,0
237006,11
237007,0
237008,0
237009,0
237010,0
237011,7
237012,0
237013,0
237014,0
237015,0
237016,0
237017,0
237018,17
237019,0
237020,0
237021,0
237022,0
237023,8
237024,0
237025,0
237026,0
237027,8
237028,0
237029,0
237030,0
237031,0
237032,15
237033,11
237034,14
237035,11
237036,0
237037,0
237038,0
237039,0
237040,0
237041,0
237042,0
237043,0
237044,0
237045,0
237046,0
237047,18
237048,0
237049,0
237050,0
237051,6
237052,0
237053,13
237054,0
237055,0
237056,0
237057,0
237058,0
237059,0
237060,0
237061,0
237062,0
237063,7
237064,0
237065,0
237066,0
237067,0
237068,0
237069,0
237070,0
237071,7
237072,0
237073,0
237074,0
237075,9
237076,0
237077,0
237078,0
237079,0
237080,0
237081,0
237082,0
237083,0
237084,0
237085,0
237086,10
237087,0
237088,0
237089,0
237090,0
237091,0
237092,0
237093,7
237094,0
237095,11
237096,0
237097,0
237098,0
237099,0
237100,0
237101,0
237102,0
237103,7
237104,0
237105,0
237106,0
237107,0
237108,0
237109,0
237110,0
237111,7
237112,0
237113,0
237114,0
237115,2
237116,0
237117,0
237118,0
237119,0
237120,0
237121,0
237122,0
237123,0
237124,0
237125,0
237126,0
237127,0
237128,0
237129,0
237130,0
237131,0
237132,0
237133,0
237134,0
237135,0
237136,0
237137,8
237138,13
237139,0
237140,0
237141,0
237142,0
237143,0
237144,0
237145,0
237146,0
237147,0
237148,0
237149,0
237150,0
237151,0
237152,0
237153,0
237154,0
237155,0
237156,0
237157,0
237158,0
237159,0
237160,0
237161,7
237162,8
237163,10
237164,6
237165,0
237166,0
237167,0
237168,0
237169,0
237170,0
237171,0
237172,0
237173,0
237174,0
237175,15
237176,0
237177,0
237178,0
237179,0
237180,0
237181,0
237182,0
237183,0
237184,14
237185,12
237186,0
237187,0
237188,0
237189,0
237190,0
237191,0
237192,0
237193,10
237194,0
237195,0
237196,0
237197,0
237198,13
237199,0
237200,7
237201,0
237202,0
237203,0
237204,0
237205,0
237206,0
237207,0
237208,5
237209,0
237210,0
237211,0
237212,0
237213,10
237214,0
237215,0
237216,0
237217,0
237218,0
237219,0
237220,0
237221,0
237222,0
237223,0
237224,0
237225,0
237226,0
237227,8
237228,0
237229,0
237230,0
237231,0
237232,0
237233,0
237234,0
237235,0
237236,0
237237,9
237238,0
237239,0
237240,0
237241,0
237242,0
237243,7
237244,0
237245,3
237246,0
237247,18
237248,0
237249,0
237250,12
237251,0
237252,0
237253,0
237254,0
237255,0
237256,0
237257,0
237258,0
237259,0
237260,0
237261,0
237262,12
237263,0
237264,0
237265,11
237266,12
237267,9
237268,0
237269,0
237270,0
237271,11
237272,0
237273,0
237274,0
237275,0
237276,0
237277,0
237278,9
237279,0
237280,0
237281,0
237282,0
237283,0
237284,0
237285,9
237286,0
237287,0
237288,12
237289,0
237290,12
237291,0
237292,14
237293,0
237294,0
237295,5
237296,0
237297,0
237298,13
237299,7
237300,0
237301,0
237302,0
237303,0
237304,0
237305,0
237306,12
237307,0
237308,0
237309,0
237310,0
237311,0
237312,0
237313,0
237314,6
237315,0
237316,0
237317,0
237318,0
237319,0
237320,0
237321,0
237322,8
237323,2
237324,1
237325,0
237326,0
237327,0
237328,0
237329,0
237330,0
237331,1
237332,0
237333,0
237334,0
237335,0
237336,0
237337,0
237338,0
237339,1
237340,1
237341,0
237342,0
237343,0
237344,0
237345,0
237346,0
237347,1
237348,0
237349,3
237350,0
237351,0
237352,0
237353,0
237354,0
237355,0
237356,2
237357,0
237358,0
237359,0
237360,0
237361,0
237362,0
237363,0
237364,0
237365,1
237366,0
237367,0
237368,0
237369,0
237370,2
237371,0
237372,1
237373,1
237374,0
237375,1
237376,1
237377,2
237378,0
237379,0
237380,0
237381,0
237382,3
237383,1
237384,0
237385,0
237386,0
237387,6
237388,0
237389,0
237390,0
237391,0
237392,0
237393,0
237394,2
237395,0
237396,0
237397,2
237398,0
237399,0
237400,1
237401,0
237402,0
237403,0
237404,2
237405,0
237406,0
237407,1
237408,1
237409,1
237410,0
237411,0
237412,0
237413,0
237414,1
237415,0
237416,0
237417,0
237418,1
237419,0
237420,0
237421,0
237422,0
237423,0
237424,0
237425,0
237426,0
237427,0
237428,4
237429,0
237430,1
237431,0
237432,2
237433,0
237434,0
237435,0
237436,0
237437,0
237438,3
237439,0
237440,1
237441,0
237442,2
237443,0
237444,4
237445,0
237446,0
237447,0
237448,0
237449,2
237450,1
237451,0
237452,0
237453,0
237454,2
237455,0
237456,0
237457,0
237458,0
237459,0
237460,0
237461,0
237462,0
237463,0
237464,0
237465,0
237466,1
237467,0
237468,0
237469,2
237470,0
237471,0
237472,0
237473,0
237474,0
237475,0
237476,0
237477,1
237478,0
237479,0
237480,0
237481,1
237482,0
237483,0
237484,0
237485,0
237486,0
237487,0
237488,0
237489,0
237490,0
237491,0
237492,0
237493,0
237494,0
237495,0
237496,2
237497,0
237498,0
237499,1
237500,0
237501,0
237502,0
237503,1
237504,0
237505,0
237506,0
237507,0
237508,1
237509,0
237510,2
237511,0
237512,0
237513,0
237514,0
237515,0
237516,3
237517,0
237518,2
237519,3
237520,0
237521,0
237522,0
237523,2
237524,0
237525,0
237526,0
237527,0
237528,0
237529,0
237530,0
237531,1
237532,0
237533,1
237534,0
237535,0
237536,0
237537,2
237538,0
237539,0
237540,0
237541,0
237542,0
237543,0
237544,2
237545,0
237546,0
237547,0
237548,3
237549,0
237550,0
237551,0
237552,0
237553,0
237554,4
237555,0
237556,0
237557,0
237558,0
237559,0
237560,0
237561,0
237562,0
237563,0
237564,0
237565,0
237566,1
237567,3
237568,0
237569,0
237570,0
237571,0
237572,0
237573,0
237574,0
237575,0
237576,1
237577,0
237578,0
237579,0
237580,0
237581,0
237582,1
237583,2
237584,0
237585,2
237586,0
237587,0
237588,0
237589,0
237590,0
237591,0
237592,0
237593,0
237594,0
237595,0
237596,1
237597,0
237598,0
237599,0
237600,0
237601,2
237602,0
237603,0
237604,0
237605,0
237606,1
237607,0
237608,0
237609,0
237610,0
237611,0
237612,0
237613,0
237614,0
237615,0
237616,0
237617,0
237618,0
237619,0
237620,0
237621,0
237622,0
237623,0
237624,0
237625,0
237626,0
237627,0
237628,0
237629,0
237630,0
237631,0
237632,1
237633,0
237634,0
237635,1
237636,0
237637,0
237638,0
237639,0
237640,0
237641,0
237642,0
237643,0
237644,0
237645,3
237646,0
237647,0
237648,0
237649,0
237650,1
237651,1
237652,0
237653,0
237654,4
237655,0
237656,0
237657,0
237658,0
237659,0
237660,0
237661,0
237662,0
237663,0
237664,0
237665,0
237666,5
237667,0
237668,0
237669,0
237670,0
237671,0
237672,0
237673,0
237674,1
237675,0
237676,0
237677,0
237678,0
237679,1
237680,1
237681,0
237682,0
237683,0
237684,0
237685,2
237686,4
237687,0
237688,0
237689,0
237690,0
237691,0
237692,0
237693,1
237694,1
237695,0
237696,0
237697,0
237698,3
237699,0
237700,2
237701,0
237702,0
237703,1
237704,2
237705,0
237706,0
237707,0
237708,0
237709,0
237710,0
237711,0
237712,0
237713,0
237714,0
237715,0
237716,0
237717,1
237718,0
237719,0
237720,0
237721,0
237722,0
237723,0
237724,0
237725,0
237726,0
237727,0
237728,0
237729,0
237730,0
237731,0
237732,0
237733,0
237734,0
237735,0
237736,0
237737,0
237738,0
237739,1
237740,0
237741,0
237742,0
237743,0
237744,4
237745,1
237746,2
237747,0
237748,0
237749,0
237750,0
237751,0
237752,2
237753,2
237754,0
237755,0
237756,0
237757,0
237758,0
237759,0
237760,0
237761,0
237762,0
237763,2
237764,0
237765,0
237766,0
237767,0
237768,0
237769,0
237770,0
237771,0
237772,0
237773,0
237774,0
237775,0
237776,0
237777,0
237778,0
237779,2
237780,0
237781,2
237782,0
237783,0
237784,0
237785,0
237786,0
237787,0
237788,5
237789,0
237790,0
237791,0
237792,0
237793,0
237794,0
237795,0
237796,0
237797,0
237798,0
237799,0
237800,0
237801,2
237802,3
237803,0
237804,0
237805,0
237806,0
237807,0
237808,0
237809,0
237810,0
237811,0
237812,0
237813,0
237814,0
237815,0
237816,0
237817,2
237818,2
237819,0
237820,1
237821,0
237822,0
237823,2
237824,2
237825,0
237826,0
237827,0
237828,0
237829,0
237830,0
237831,0
237832,0
237833,1
237834,0
237835,0
237836,0
237837,0
237838,0
237839,0
237840,0
237841,0
237842,0
237843,3
237844,2
237845,0
237846,0
237847,0
237848,0
237849,0
237850,0
237851,0
237852,0
237853,1
237854,0
237855,0
237856,0
237857,0
237858,0
237859,0
237860,0
237861,0
237862,1
237863,0
237864,0
237865,0
237866,0
237867,5
237868,0
237869,2
237870,0
237871,1
237872,0
237873,1
237874,0
237875,0
237876,0
237877,0
237878,1
237879,0
237880,0
237881,0
237882,0
237883,0
237884,1
237885,1
237886,0
237887,0
237888,0
237889,0
237890,1
237891,0
237892,0
237893,0
237894,0
237895,0
237896,0
237897,0
237898,0
237899,0
237900,0
237901,0
237902,0
237903,0
237904,1
237905,0
237906,0
237907,0
237908,3
237909,0
237910,0
237911,0
237912,0
237913,0
237914,0
237915,0
237916,1
237917,0
237918,0
237919,0
237920,0
237921,2
237922,0
237923,0
237924,0
237925,0
237926,0
237927,0
237928,2
237929,0
237930,0
237931,0
237932,0
237933,2
237934,0
237935,0
237936,0
237937,0
237938,0
237939,0
237940,0
237941,2
237942,0
237943,3
237944,1
237945,0
237946,3
237947,0
237948,0
237949,0
237950,0
237951,0
237952,0
237953,1
237954,0
237955,0
237956,0
237957,0
237958,0
237959,0
237960,0
237961,0
237962,0
237963,0
237964,0
237965,0
237966,0
237967,0
237968,0
237969,1
237970,0
237971,0
237972,0
237973,0
237974,0
237975,0
237976,0
237977,0
237978,0
237979,0
237980,0
237981,2
237982,0
237983,0
237984,0
237985,1
237986,0
237987,0
237988,0
237989,0
237990,0
237991,0
237992,0
237993,0
237994,4
237995,1
237996,0
237997,0
237998,0
237999,0
238000,0
238001,0
238002,0
238003,0
238004,0
238005,0
238006,2
238007,0
238008,0
238009,0
238010,0
238011,0
238012,0
238013,0
238014,3
238015,0
238016,0
238017,0
238018,0
238019,0
238020,0
238021,1
238022,0
238023,3
238024,0
238025,0
238026,0
238027,0
238028,0
238029,0
238030,1
238031,0
238032,1
238033,2
238034,0
238035,0
238036,0
238037,1
238038,0
238039,0
238040,0
238041,0
238042,0
238043,0
238044,0
238045,0
238046,0
238047,1
238048,0
238049,0
238050,0
238051,0
238052,0
238053,2
238054,0
238055,0
238056,0
238057,0
238058,0
238059,0
238060,0
238061,0
238062,0
238063,0
238064,1
238065,0
238066,0
238067,0
238068,0
238069,0
238070,0
238071,0
238072,0
238073,0
238074,2
238075,0
238076,0
238077,0
238078,0
238079,0
238080,0
238081,0
238082,0
238083,0
238084,0
238085,0
238086,0
238087,0
238088,0
238089,2
238090,3
238091,0
238092,0
238093,0
238094,0
238095,0
238096,0
238097,0
238098,1
238099,0
238100,0
238101,0
238102,0
238103,0
238104,2
238105,1
238106,0
238107,0
238108,2
238109,3
238110,0
238111,0
238112,0
238113,0
238114,0
238115,0
238116,21
238117,0
238118,0
238119,0
238120,0
238121,0
238122,0
238123,0
238124,0
238125,0
238126,10
238127,0
238128,24
238129,0
238130,0
238131,0
238132,13
238133,18
238134,0
238135,0
238136,0
238137,0
238138,0
238139,0
238140,0
238141,0
238142,0
238143,0
238144,0
238145,0
238146,0
238147,12
238148,19
238149,0
238150,0
238151,10
238152,8
238153,0
238154,11
238155,0
238156,0
238157,0
238158,10
238159,16
238160,11
238161,0
238162,0
238163,0
238164,0
238165,0
238166,9
238167,0
238168,0
238169,0
238170,13
238171,0
238172,0
238173,15
238174,0
238175,0
238176,0
238177,12
238178,0
238179,0
238180,0
238181,0
238182,13
238183,0
238184,0
238185,0
238186,0
238187,0
238188,0
238189,0
238190,0
238191,0
238192,0
238193,13
238194,0
238195,0
238196,0
238197,0
238198,0
238199,17
238200,21
238201,10
238202,0
238203,0
238204,0
238205,0
238206,0
238207,0
238208,0
238209,0
238210,0
238211,0
238212,0
238213,0
238214,0
238215,25
238216,0
238217,0
238218,13
238219,0
238220,0
238221,0
238222,0
238223,0
238224,0
238225,0
238226,0
238227,0
238228,0
238229,0
238230,15
238231,0
238232,0
238233,0
238234,0
238235,0
238236,16
238237,0
238238,0
238239,0
238240,0
238241,0
238242,0
238243,0
238244,0
238245,0
238246,0
238247,0
238248,0
238249,21
238250,0
238251,20
238252,10
238253,0
238254,0
238255,0
238256,13
238257,13
238258,0
238259,14
238260,0
238261,0
238262,0
238263,5
238264,0
238265,0
238266,0
238267,16
238268,0
238269,0
238270,0
238271,19
238272,0
238273,0
238274,0
238275,15
238276,12
238277,0
238278,0
238279,15
238280,11
238281,0
238282,0
238283,0
238284,0
238285,20
238286,13
238287,0
238288,0
238289,0
238290,0
238291,0
238292,0
238293,0
238294,0
238295,10
238296,22
238297,0
238298,21
238299,0
238300,21
238301,0
238302,0
238303,16
238304,0
238305,0
238306,0
238307,0
238308,13
238309,0
238310,0
238311,0
238312,0
238313,13
238314,0
238315,17
238316,0
238317,10
238318,0
238319,0
238320,19
238321,0
238322,0
238323,0
238324,9
238325,21
238326,0
238327,0
238328,19
238329,0
238330,0
238331,0
238332,22
238333,0
238334,0
238335,0
238336,0
238337,0
238338,0
238339,18
238340,0
238341,0
238342,0
238343,0
238344,0
238345,0
238346,0
238347,7
238348,21
238349,13
238350,0
238351,19
238352,0
238353,23
238354,20
238355,0
238356,0
238357,23
238358,0
238359,0
238360,0
238361,0
238362,19
238363,0
238364,0
238365,0
238366,9
238367,0
238368,0
238369,0
238370,12
238371,0
238372,0
238373,9
238374,14
238375,20
238376,0
238377,0
238378,16
238379,0
238380,0
238381,13
238382,0
238383,20
238384,0
238385,9
238386,0
238387,0
238388,12
238389,0
238390,0
238391,0
238392,0
238393,10
238394,0
238395,0
238396,0
238397,10
238398,0
238399,3
238400,9
238401,10
238402,0
238403,0
238404,0
238405,0
238406,0
238407,0
238408,0
238409,0
238410,0
238411,0
238412,0
238413,3
238414,0
238415,21
238416,0
238417,0
238418,0
238419,0
238420,0
238421,0
238422,0
238423,10
238424,18
238425,0
238426,3
238427,0
238428,0
238429,0
238430,0
238431,20
238432,0
238433,0
238434,0
238435,0
238436,10
238437,0
238438,0
238439,0
238440,0
238441,0
238442,0
238443,0
238444,7
238445,0
238446,0
238447,2
238448,0
238449,0
238450,0
238451,0
238452,0
238453,0
238454,0
238455,0
238456,0
238457,0
238458,0
238459,13
238460,15
238461,0
238462,4
238463,0
238464,0
238465,8
238466,14
238467,0
238468,0
238469,0
238470,0
238471,0
238472,8
238473,0
238474,0
238475,0
238476,0
238477,0
238478,6
238479,22
238480,0
238481,13
238482,0
238483,0
238484,3
238485,0
238486,0
238487,3
238488,0
238489,0
238490,0
238491,0
238492,0
238493,0
238494,11
238495,20
238496,12
238497,0
238498,0
238499,0
238500,0
238501,10
238502,0
238503,0
238504,0
238505,2
238506,0
238507,0
238508,0
238509,0
238510,0
238511,0
238512,0
238513,0
238514,0
238515,0
238516,0
238517,0
238518,0
238519,0
238520,4
238521,0
238522,0
238523,0
238524,0
238525,0
238526,0
238527,0
238528,0
238529,0
238530,0
238531,0
238532,0
238533,9
238534,0
238535,0
238536,0
238537,0
238538,14
238539,0
238540,0
238541,0
238542,0
238543,0
238544,0
238545,0
238546,0
238547,0
238548,7
238549,0
238550,18
238551,15
238552,0
238553,0
238554,0
238555,9
238556,0
238557,0
238558,10
238559,4
238560,0
238561,0
238562,9
238563,0
238564,20
238565,0
238566,0
238567,7
238568,9
238569,0
238570,9
238571,0
238572,0
238573,0
238574,0
238575,0
238576,0
238577,0
238578,0
238579,0
238580,0
238581,0
238582,0
238583,0
238584,0
238585,0
238586,0
238587,0
238588,0
238589,0
238590,12
238591,0
238592,0
238593,0
238594,0
238595,0
238596,23
238597,0
238598,0
238599,20
238600,0
238601,0
238602,3
238603,0
238604,0
238605,25
238606,0
238607,0
238608,0
238609,17
238610,29
238611,0
238612,8
238613,0
238614,0
238615,3
238616,6
238617,0
238618,0
238619,0
238620,0
238621,28
238622,0
238623,5
238624,0
238625,0
238626,14
238627,0
238628,0
238629,0
238630,15
238631,0
238632,0
238633,11
238634,0
238635,2
238636,0
238637,0
238638,0
238639,0
238640,7
238641,0
238642,0
238643,0
238644,0
238645,6
238646,0
238647,0
238648,0
238649,0
238650,0
238651,0
238652,0
238653,0
238654,0
238655,10
238656,15
238657,18
238658,0
238659,0
238660,0
238661,0
238662,0
238663,13
238664,0
238665,0
238666,0
238667,0
238668,6
238669,11
238670,0
238671,0
238672,0
238673,0
238674,0
238675,0
238676,0
238677,0
238678,13
238679,0
238680,0
238681,0
238682,0
238683,12
238684,0
238685,6
238686,0
238687,5
238688,7
238689,0
238690,4
238691,0
238692,0
238693,0
238694,13
238695,0
238696,0
238697,5
238698,0
238699,0
238700,20
238701,16
238702,0
238703,0
238704,8
238705,0
238706,0
238707,20
238708,0
238709,0
238710,0
238711,0
238712,0
238713,0
238714,0
238715,0
238716,0
238717,0
238718,0
238719,14
238720,0
238721,4
238722,0
238723,19
238724,0
238725,0
238726,0
238727,0
238728,0
238729,0
238730,0
238731,10
238732,0
238733,0
238734,0
238735,11
238736,0
238737,0
238738,0
238739,0
238740,0
238741,0
238742,0
238743,0
238744,0
238745,0
238746,15
238747,0
238748,0
238749,0
238750,7
238751,0
238752,0
238753,6
238754,23
238755,0
238756,0
238757,0
238758,0
238759,0
238760,0
238761,0
238762,0
238763,0
238764,0
238765,6
238766,0
238767,10
238768,0
238769,7
238770,8
238771,3
238772,0
238773,0
238774,0
238775,7
238776,0
238777,0
238778,0
238779,0
238780,0
238781,0
238782,0
238783,0
238784,0
238785,0
238786,16
238787,0
238788,13
238789,6
238790,0
238791,0
238792,0
238793,2
238794,0
238795,0
238796,0
238797,5
238798,0
238799,21
238800,14
238801,0
238802,0
238803,13
238804,0
238805,0
238806,0
238807,0
238808,0
238809,0
238810,13
238811,11
238812,14
238813,0
238814,0
238815,10
238816,0
238817,0
238818,0
238819,0
238820,0
238821,0
238822,0
238823,0
238824,0
238825,14
238826,0
238827,0
238828,0
238829,0
238830,26
238831,6
238832,0
238833,0
238834,0
238835,0
238836,0
238837,0
238838,0
238839,0
238840,10
238841,0
238842,0
238843,0
238844,0
238845,0
238846,7
238847,0
238848,0
238849,0
238850,0
238851,15
238852,0
238853,0
238854,0
238855,0
238856,0
238857,0
238858,0
238859,11
238860,0
238861,0
238862,5
238863,4
238864,9
238865,0
238866,0
238867,0
238868,0
238869,0
238870,0
238871,0
238872,0
238873,0
238874,0
238875,0
238876,3
238877,8
238878,0
238879,0
238880,0
238881,0
238882,16
238883,10
238884,0
238885,0
238886,0
238887,15
238888,0
238889,0
238890,0
238891,0
238892,0
238893,0
238894,0
238895,0
238896,0
238897,0
238898,0
238899,0
238900,11
238901,0
238902,21
238903,0
238904,0
238905,10
238906,0
238907,0
238908,10
238909,0
238910,6
238911,0
238912,0
238913,5
238914,0
238915,0
238916,0
238917,0
238918,0
238919,0
238920,0
238921,0
238922,10
238923,0
238924,0
238925,10
238926,9
238927,0
238928,0
238929,4
238930,15
238931,0
238932,0
238933,0
238934,0
238935,0
238936,0
238937,0
238938,0
238939,17
238940,0
238941,24
238942,0
238943,0
238944,0
238945,0
238946,0
238947,19
238948,0
238949,0
238950,0
238951,0
238952,3
238953,0
238954,0
238955,11
238956,0
238957,0
238958,0
238959,0
238960,0
238961,0
238962,15
238963,15
238964,0
238965,0
238966,0
238967,0
238968,9
238969,0
238970,0
238971,11
238972,0
238973,0
238974,0
238975,0
238976,11
238977,0
238978,0
238979,15
238980,7
238981,0
238982,0
238983,12
238984,0
238985,0
238986,0
238987,0
238988,0
238989,0
238990,0
238991,0
238992,12
238993,0
238994,0
238995,4
238996,7
238997,0
238998,0
238999,0
239000,0
239001,0
239002,0
239003,0
239004,18
239005,0
239006,0
239007,0
239008,0
239009,2
239010,0
239011,0
239012,0
239013,0
239014,17
239015,0
239016,13
239017,0
239018,0
239019,0
239020,0
239021,3
239022,0
239023,0
239024,12
239025,0
239026,0
239027,0
239028,0
239029,7
239030,0
239031,0
239032,5
239033,10
239034,0
239035,0
239036,0
239037,0
239038,11
239039,8
239040,0
239041,0
239042,0
239043,0
239044,0
239045,0
239046,10
239047,0
239048,6
239049,0
239050,0
239051,0
239052,0
239053,0
239054,0
239055,0
239056,0
239057,0
239058,7
239059,0
239060,0
239061,0
239062,0
239063,0
239064,0
239065,0
239066,0
239067,0
239068,0
239069,0
239070,0
239071,10
239072,0
239073,0
239074,21
239075,0
239076,27
239077,0
239078,0
239079,0
239080,0
239081,0
239082,9
239083,0
239084,0
239085,0
239086,0
239087,0
239088,0
239089,0
239090,0
239091,0
239092,0
239093,0
239094,0
239095,0
239096,0
239097,0
239098,0
239099,0
239100,10
239101,3
239102,0
239103,0
239104,5
239105,0
239106,0
239107,0
239108,0
239109,0
239110,0
239111,6
239112,0
239113,8
239114,0
239115,6
239116,0
239117,11
239118,14
239119,20
239120,0
239121,0
239122,0
239123,0
239124,0
239125,3
239126,0
239127,0
239128,0
239129,0
239130,0
239131,13
239132,0
239133,0
239134,0
239135,0
239136,0
239137,0
239138,0
239139,0
239140,0
239141,0
239142,0
239143,0
239144,0
239145,0
239146,0
239147,0
239148,0
239149,0
239150,0
239151,0
239152,0
239153,0
239154,0
239155,0
239156,0
239157,15
239158,0
239159,0
239160,0
239161,0
239162,2
239163,0
239164,0
239165,0
239166,0
239167,0
239168,0
239169,0
239170,2
239171,0
239172,0
239173,16
239174,10
239175,0
239176,19
239177,0
239178,0
239179,8
239180,0
239181,6
239182,0
239183,0
239184,17
239185,0
239186,8
239187,30
239188,0
239189,0
239190,0
239191,6
239192,0
239193,0
239194,0
239195,0
239196,0
239197,0
239198,0
239199,0
239200,0
239201,0
239202,14
239203,0
239204,0
239205,0
239206,0
239207,0
239208,9
239209,0
239210,0
239211,0
239212,0
239213,0
239214,5
239215,0
239216,0
239217,0
239218,0
239219,0
239220,0
239221,0
239222,0
239223,0
239224,2
239225,0
239226,7
239227,0
239228,4
239229,0
239230,0
239231,0
239232,0
239233,0
239234,0
239235,10
239236,15
239237,0
239238,15
239239,0
239240,0
239241,0
239242,15
239243,14
239244,0
239245,15
239246,0
239247,10
239248,0
239249,0
239250,0
239251,0
239252,18
239253,0
239254,0
239255,0
239256,0
239257,2
239258,0
239259,0
239260,0
239261,0
239262,0
239263,0
239264,0
239265,9
239266,0
239267,13
239268,0
239269,20
239270,0
239271,11
239272,0
239273,0
239274,10
239275,0
239276,10
239277,0
239278,0
239279,0
239280,0
239281,0
239282,0
239283,0
239284,10
239285,10
239286,0
239287,0
239288,8
239289,7
239290,0
239291,10
239292,0
239293,0
239294,0
239295,0
239296,0
239297,0
239298,7
239299,0
239300,0
239301,0
239302,0
239303,0
239304,0
239305,0
239306,13
239307,0
239308,0
239309,10
239310,0
239311,0
239312,13
239313,0
239314,9
239315,0
239316,0
239317,0
239318,0
239319,0
239320,15
239321,0
239322,8
239323,9
239324,0
239325,0
239326,0
239327,0
239328,11
239329,0
239330,0
239331,0
239332,0
239333,0
239334,0
239335,0
239336,12
239337,15
239338,0
239339,0
239340,0
239341,0
239342,0
239343,12
239344,0
239345,0
239346,0
239347,10
239348,0
239349,0
239350,0
239351,0
239352,0
239353,0
239354,0
239355,0
239356,9
239357,0
239358,0
239359,12
239360,0
239361,0
239362,0
239363,0
239364,15
239365,11
239366,0
239367,13
239368,13
239369,15
239370,0
239371,0
239372,13
239373,15
239374,0
239375,0
239376,0
239377,6
239378,0
239379,19
239380,0
239381,0
239382,0
239383,39
239384,0
239385,26
239386,0
239387,0
239388,27
239389,0
239390,0
239391,0
239392,40
239393,0
239394,0
239395,0
239396,43
239397,0
239398,0
239399,0
239400,0
239401,0
239402,32
239403,45
239404,0
239405,0
239406,0
239407,32
239408,36
239409,39
239410,0
239411,0
239412,33
239413,0
239414,0
239415,0
239416,0
239417,35
239418,42
239419,0
239420,26
239421,35
239422,0
239423,0
239424,0
239425,53
239426,0
239427,0
239428,26
239429,38
239430,0
239431,0
239432,0
239433,46
239434,40
239435,0
239436,24
239437,0
239438,0
239439,34
239440,0
239441,0
239442,30
239443,0
239444,0
239445,0
239446,0
239447,0
239448,0
239449,0
239450,0
239451,46
239452,0
239453,0
239454,0
239455,0
239456,0
239457,0
239458,0
239459,0
239460,0
239461,0
239462,35
239463,0
239464,0
239465,0
239466,0
239467,29
239468,0
239469,0
239470,0
239471,0
239472,22
239473,0
239474,0
239475,0
239476,0
239477,47
239478,42
239479,38
239480,42
239481,0
239482,0
239483,32
239484,30
239485,43
239486,35
239487,29
239488,0
239489,0
239490,0
239491,0
239492,24
239493,0
239494,41
239495,0
239496,0
239497,0
239498,0
239499,0
239500,0
239501,21
239502,0
239503,0
239504,0
239505,41
239506,0
239507,0
239508,0
239509,0
239510,0
239511,33
239512,0
239513,0
239514,0
239515,0
239516,0
239517,0
239518,0
239519,0
239520,0
239521,38
239522,0
239523,0
239524,0
239525,0
239526,0
239527,21
239528,0
239529,0
239530,0
239531,0
239532,32
239533,0
239534,0
239535,0
239536,0
239537,38
239538,30
239539,0
239540,0
239541,0
239542,0
239543,0
239544,0
239545,47
239546,0
239547,0
239548,0
239549,0
239550,0
239551,0
239552,0
239553,0
239554,0
239555,0
239556,0
239557,0
239558,0
239559,0
239560,0
239561,0
239562,0
239563,38
239564,0
239565,0
239566,0
239567,33
239568,0
239569,0
239570,0
239571,0
239572,0
239573,0
239574,0
239575,0
239576,0
239577,0
239578,0
239579,0
239580,0
239581,37
239582,0
239583,32
239584,0
239585,0
239586,0
239587,0
239588,0
239589,0
239590,0
239591,29
239592,0
239593,0
239594,0
239595,0
239596,0
239597,0
239598,41
239599,0
239600,0
239601,0
239602,0
239603,41
239604,0
239605,0
239606,0
239607,0
239608,0
239609,45
239610,41
239611,0
239612,0
239613,45
239614,0
239615,0
239616,30
239617,0
239618,0
239619,0
239620,0
239621,0
239622,22
239623,35
239624,0
239625,0
239626,35
239627,0
239628,0
239629,34
239630,0
239631,40
239632,0
239633,0
239634,0
239635,0
239636,0
239637,0
239638,0
239639,38
239640,0
239641,37
239642,0
239643,0
239644,34
239645,0
239646,0
239647,0
239648,0
239649,0
239650,29
239651,35
239652,0
239653,0
239654,0
239655,0
239656,23
239657,0
239658,0
239659,0
239660,0
239661,0
239662,0
239663,0
239664,0
239665,0
239666,49
239667,41
239668,24
239669,0
239670,0
239671,0
239672,0
239673,24
239674,0
239675,0
239676,0
239677,0
239678,0
239679,26
239680,31
239681,0
239682,0
239683,0
239684,0
239685,0
239686,36
239687,0
239688,0
239689,0
239690,0
239691,0
239692,0
239693,0
239694,49
239695,31
239696,0
239697,0
239698,0
239699,0
239700,0
239701,0
239702,0
239703,0
239704,0
239705,0
239706,48
239707,0
239708,0
239709,0
239710,32
239711,24
239712,34
239713,0
239714,0
239715,0
239716,0
239717,0
239718,0
239719,40
239720,38
239721,0
239722,0
239723,0
239724,0
239725,48
239726,0
239727,0
239728,0
239729,0
239730,0
239731,0
239732,0
239733,35
239734,0
239735,0
239736,0
239737,46
239738,0
239739,0
239740,37
239741,44
239742,35
239743,52
239744,0
239745,0
239746,0
239747,0
239748,45
239749,29
239750,44
239751,0
239752,0
239753,0
239754,0
239755,0
239756,0
239757,40
239758,0
239759,0
239760,0
239761,0
239762,53
239763,0
239764,0
239765,41
239766,0
239767,0
239768,0
239769,47
239770,41
239771,35
239772,0
239773,0
239774,0
239775,27
239776,0
239777,34
239778,0
239779,0
239780,43
239781,46
239782,27
239783,0
239784,0
239785,0
239786,0
239787,0
239788,27
239789,0
239790,0
239791,0
239792,0
239793,0
239794,31
239795,44
239796,0
239797,38
239798,0
239799,0
239800,0
239801,0
239802,0
239803,0
239804,0
239805,37
239806,0
239807,0
239808,0
239809,41
239810,0
239811,27
239812,0
239813,0
239814,0
239815,0
239816,30
239817,0
239818,28
239819,26
239820,0
239821,43
239822,0
239823,0
239824,0
239825,0
239826,0
239827,0
239828,0
239829,45
239830,0
239831,33
239832,0
239833,0
239834,0
239835,0
239836,0
239837,0
239838,0
239839,0
239840,0
239841,35
239842,0
239843,0
239844,0
239845,0
239846,29
239847,0
239848,38
239849,0
239850,0
239851,0
239852,0
239853,0
239854,0
239855,0
239856,33
239857,37
239858,0
239859,0
239860,26
239861,25
239862,0
239863,0
239864,0
239865,0
239866,0
239867,46
239868,0
239869,0
239870,0
239871,0
239872,38
239873,0
239874,38
239875,0
239876,0
239877,0
239878,0
239879,43
239880,0
239881,0
239882,0
239883,44
239884,0
239885,0
239886,39
239887,22
239888,30
239889,42
239890,28
239891,0
239892,46
239893,16
239894,0
239895,58
239896,0
239897,0
239898,43
239899,0
239900,0
239901,0
239902,32
239903,0
239904,0
239905,42
239906,0
239907,35
239908,27
239909,0
239910,0
239911,0
239912,45
239913,0
239914,25
239915,0
239916,0
239917,33
239918,0
239919,0
239920,0
239921,0
239922,0
239923,0
239924,0
239925,47
239926,0
239927,0
239928,40
239929,0
239930,26
239931,0
239932,40
239933,0
239934,40
239935,0
239936,0
239937,37
239938,39
239939,0
239940,0
239941,33
239942,0
239943,0
239944,0
239945,0
239946,0
239947,0
239948,0
239949,0
239950,0
239951,0
239952,27
239953,39
239954,34
239955,0
239956,0
239957,0
239958,0
239959,0
239960,0
239961,0
239962,0
239963,0
239964,0
239965,0
239966,0
239967,0
239968,40
239969,24
239970,0
239971,0
239972,0
239973,0
239974,0
239975,0
239976,0
239977,0
239978,0
239979,0
239980,0
239981,0
239982,0
239983,0
239984,34
239985,28
239986,33
239987,53
239988,0
239989,0
239990,0
239991,0
239992,42
239993,0
239994,0
239995,0
239996,29
239997,0
239998,0
239999,0
240000,0
240001,46
240002,0
240003,0
240004,0
240005,0
240006,0
240007,0
240008,48
240009,46
240010,0
240011,0
240012,0
240013,0
240014,0
240015,0
240016,0
240017,41
240018,0
240019,0
240020,0
240021,0
240022,0
240023,0
240024,0
240025,0
240026,0
240027,0
240028,0
240029,36
240030,52
240031,0
240032,0
240033,47
240034,0
240035,0
240036,0
240037,0
240038,0
240039,0
240040,0
240041,0
240042,41
240043,0
240044,0
240045,0
240046,0
240047,0
240048,0
240049,0
240050,0
240051,0
240052,40
240053,0
240054,0
240055,0
240056,0
240057,0
240058,0
240059,0
240060,0
240061,0
240062,0
240063,0
240064,0
240065,0
240066,26
240067,31
240068,53
240069,0
240070,33
240071,34
240072,0
240073,41
240074,0
240075,0
240076,0
240077,29
240078,0
240079,0
240080,0
240081,53
240082,31
240083,0
240084,0
240085,52
240086,0
240087,0
240088,37
240089,0
240090,0
240091,0
240092,0
240093,34
240094,0
240095,0
240096,0
240097,0
240098,40
240099,0
240100,0
240101,0
240102,0
240103,26
240104,0
240105,0
240106,0
240107,0
240108,0
240109,0
240110,0
240111,0
240112,0
240113,0
240114,0
240115,40
240116,41
240117,39
240118,0
240119,43
240120,36
240121,0
240122,0
240123,40
240124,0
240125,0
240126,0
240127,0
240128,0
240129,0
240130,37
240131,0
240132,0
240133,0
240134,0
240135,0
240136,0
240137,0
240138,0
240139,0
240140,0
240141,0
240142,0
240143,0
240144,0
240145,0
240146,41
240147,0
240148,0
240149,0
240150,0
240151,0
240152,0
240153,0
240154,0
240155,0
240156,55
240157,0
240158,0
240159,0
240160,0
240161,0
240162,0
240163,38
240164,0
240165,0
240166,38
240167,0
240168,36
240169,0
240170,44
240171,0
240172,44
240173,39
240174,30
240175,0
240176,0
240177,0
240178,35
240179,38
240180,0
240181,0
240182,0
240183,0
240184,0
240185,0
240186,0
240187,0
240188,44
240189,0
240190,0
240191,0
240192,41
240193,32
240194,0
240195,27
240196,0
240197,21
240198,39
240199,0
240200,39
240201,37
240202,0
240203,0
240204,0
240205,0
240206,36
240207,0
240208,0
240209,40
240210,28
240211,0
240212,30
240213,0
240214,0
240215,35
240216,0
240217,0
240218,25
240219,0
240220,33
240221,0
240222,0
240223,0
240224,0
240225,0
240226,33
240227,0
240228,0
240229,40
240230,0
240231,0
240232,0
240233,0
240234,0
240235,33
240236,0
240237,0
240238,0
240239,0
240240,26
240241,41
240242,0
240243,38
240244,0
240245,0
240246,0
240247,0
240248,0
240249,29
240250,0
240251,0
240252,0
240253,0
240254,0
240255,0
240256,46
240257,0
240258,0
240259,0
240260,0
240261,0
240262,0
240263,0
240264,0
240265,0
240266,0
240267,35
240268,0
240269,0
240270,26
240271,36
240272,34
240273,0
240274,53
240275,30
240276,50
240277,0
240278,37
240279,42
240280,0
240281,0
240282,0
240283,0
240284,0
240285,40
240286,0
240287,0
240288,0
240289,39
240290,0
240291,0
240292,35
240293,0
240294,33
240295,0
240296,0
240297,0
240298,0
240299,0
240300,32
240301,28
240302,0
240303,0
240304,43
240305,30
240306,0
240307,0
240308,0
240309,0
240310,0
240311,0
240312,0
240313,0
240314,0
240315,0
240316,0
240317,0
240318,0
240319,0
240320,40
240321,0
240322,0
240323,0
240324,0
240325,0
240326,0
240327,0
240328,38
240329,0
240330,0
240331,39
240332,0
240333,0
240334,0
240335,0
240336,0
240337,0
240338,0
240339,25
240340,0
240341,0
240342,0
240343,20
240344,0
240345,12
240346,0
240347,0
240348,6
240349,0
240350,0
240351,0
240352,0
240353,0
240354,0
240355,0
240356,13
240357,0
240358,7
240359,0
240360,0
240361,0
240362,0
240363,0
240364,0
240365,0
240366,0
240367,11
240368,0
240369,0
240370,0
240371,0
240372,0
240373,0
240374,0
240375,0
240376,0
240377,0
240378,0
240379,0
240380,0
240381,0
240382,0
240383,17
240384,9
240385,0
240386,0
240387,0
240388,0
240389,0
240390,0
240391,11
240392,0
240393,9
240394,14
240395,0
240396,0
240397,6
240398,0
240399,0
240400,0
240401,0
240402,8
240403,0
240404,0
240405,0
240406,0
240407,13
240408,0
240409,0
240410,0
240411,0
240412,0
240413,13
240414,0
240415,0
240416,0
240417,14
240418,0
240419,0
240420,0
240421,11
240422,0
240423,10
240424,0
240425,0
240426,6
240427,11
240428,0
240429,0
240430,3
240431,0
240432,0
240433,8
240434,0
240435,4
240436,0
240437,11
240438,0
240439,17
240440,0
240441,0
240442,4
240443,0
240444,0
240445,0
240446,0
240447,0
240448,5
240449,0
240450,0
240451,0
240452,0
240453,11
240454,0
240455,3
240456,0
240457,0
240458,7
240459,0
240460,0
240461,13
240462,0
240463,6
240464,3
240465,0
240466,11
240467,0
240468,7
240469,0
240470,0
240471,14
240472,12
240473,0
240474,7
240475,8
240476,0
240477,0
240478,11
240479,0
240480,0
240481,10
240482,0
240483,0
240484,0
240485,4
240486,0
240487,0
240488,10
240489,7
240490,0
240491,0
240492,0
240493,0
240494,0
240495,6
240496,0
240497,0
240498,11
240499,0
240500,0
240501,0
240502,12
240503,15
240504,0
240505,8
240506,0
240507,0
240508,0
240509,15
240510,4
240511,0
240512,12
240513,0
240514,0
240515,9
240516,0
240517,0
240518,0
240519,0
240520,7
240521,0
240522,0
240523,0
240524,0
240525,0
240526,0
240527,0
240528,0
240529,0
240530,0
240531,0
240532,0
240533,0
240534,8
240535,9
240536,0
240537,0
240538,0
240539,9
240540,0
240541,0
240542,0
240543,0
240544,0
240545,0
240546,0
240547,0
240548,7
240549,10
240550,0
240551,0
240552,0
240553,0
240554,0
240555,0
240556,0
240557,0
240558,0
240559,0
240560,11
240561,0
240562,11
240563,0
240564,0
240565,0
240566,0
240567,0
240568,0
240569,15
240570,0
240571,0
240572,9
240573,0
240574,0
240575,0
240576,0
240577,0
240578,0
240579,0
240580,0
240581,0
240582,0
240583,0
240584,0
240585,0
240586,0
240587,0
240588,0
240589,0
240590,0
240591,0
240592,15
240593,0
240594,0
240595,0
240596,0
240597,0
240598,0
240599,15
240600,6
240601,0
240602,0
240603,0
240604,0
240605,0
240606,13
240607,0
240608,0
240609,0
240610,10
240611,0
240612,0
240613,0
240614,0
240615,0
240616,0
240617,0
240618,0
240619,0
240620,10
240621,7
240622,0
240623,0
240624,0
240625,0
240626,0
240627,0
240628,0
240629,12
240630,0
240631,0
240632,10
240633,0
240634,0
240635,0
240636,0
240637,0
240638,0
240639,0
240640,0
240641,6
240642,0
240643,10
240644,0
240645,0
240646,0
240647,0
240648,12
240649,0
240650,0
240651,0
240652,0
240653,0
240654,6
240655,13
240656,8
240657,0
240658,6
240659,11
240660,0
240661,0
240662,0
240663,0
240664,0
240665,0
240666,0
240667,0
240668,12
240669,0
240670,11
240671,0
240672,0
240673,5
240674,0
240675,16
240676,0
240677,0
240678,0
240679,0
240680,0
240681,9
240682,0
240683,7
240684,0
240685,0
240686,0
240687,7
240688,0
240689,14
240690,0
240691,0
240692,2
240693,19
240694,6
240695,12
240696,0
240697,0
240698,0
240699,0
240700,0
240701,0
240702,5
240703,0
240704,0
240705,17
240706,18
240707,0
240708,0
240709,0
240710,0
240711,10
240712,0
240713,0
240714,0
240715,0
240716,0
240717,0
240718,0
240719,0
240720,0
240721,11
240722,0
240723,0
240724,10
240725,0
240726,0
240727,0
240728,0
240729,0
240730,0
240731,0
240732,0
240733,0
240734,0
240735,0
240736,0
240737,14
240738,0
240739,0
240740,9
240741,7
240742,0
240743,0
240744,0
240745,0
240746,0
240747,12
240748,0
240749,0
240750,14
240751,0
240752,12
240753,0
240754,0
240755,0
240756,11
240757,0
240758,0
240759,11
240760,0
240761,0
240762,16
240763,0
240764,0
240765,6
240766,0
240767,0
240768,0
240769,7
240770,0
240771,7
240772,0
240773,0
240774,0
240775,7
240776,0
240777,0
240778,0
240779,14
240780,0
240781,0
240782,0
240783,0
240784,0
240785,6
240786,0
240787,13
240788,0
240789,9
240790,0
240791,0
240792,0
240793,0
240794,0
240795,0
240796,0
240797,0
240798,0
240799,0
240800,13
240801,9
240802,0
240803,13
240804,21
240805,0
240806,0
240807,0
240808,0
240809,9
240810,4
240811,0
240812,7
240813,6
240814,0
240815,0
240816,0
240817,10
240818,0
240819,0
240820,0
240821,7
240822,0
240823,9
240824,0
240825,0
240826,0
240827,0
240828,0
240829,0
240830,7
240831,0
240832,0
240833,0
240834,0
240835,0
240836,0
240837,0
240838,0
240839,0
240840,5
240841,0
240842,5
240843,0
240844,8
240845,0
240846,0
240847,8
240848,0
240849,5
240850,0
240851,0
240852,0
240853,0
240854,0
240855,0
240856,0
240857,4
240858,0
240859,0
240860,12
240861,0
240862,0
240863,12
240864,13
240865,0
240866,0
240867,0
240868,12
240869,16
240870,0
240871,0
240872,3
240873,0
240874,0
240875,0
240876,0
240877,0
240878,0
240879,0
240880,0
240881,11
240882,8
240883,0
240884,0
240885,9
240886,0
240887,0
240888,0
240889,0
240890,0
240891,0
240892,0
240893,0
240894,0
240895,0
240896,7
240897,0
240898,0
240899,0
240900,0
240901,9
240902,0
240903,12
240904,7
240905,0
240906,6
240907,0
240908,0
240909,0
240910,0
240911,0
240912,0
240913,0
240914,10
240915,0
240916,0
240917,0
240918,7
240919,0
240920,0
240921,0
240922,10
240923,0
240924,0
240925,0
240926,0
240927,0
240928,0
240929,11
240930,0
240931,15
240932,0
240933,0
240934,0
240935,0
240936,0
240937,0
240938,10
240939,0
240940,0
240941,0
240942,11
240943,0
240944,14
240945,0
240946,0
240947,0
240948,0
240949,0
240950,9
240951,0
240952,0
240953,0
240954,0
240955,0
240956,13
240957,0
240958,0
240959,7
240960,12
240961,0
240962,0
240963,0
240964,0
240965,0
240966,0
240967,0
240968,19
240969,0
240970,0
240971,0
240972,0
240973,0
240974,8
240975,0
240976,9
240977,0
240978,12
240979,0
240980,0
240981,0
240982,0
240983,0
240984,14
240985,0
240986,6
240987,0
240988,0
240989,0
240990,0
240991,5
240992,0
240993,5
240994,0
240995,0
240996,0
240997,0
240998,0
240999,12
241000,0
241001,0
241002,0
241003,0
241004,0
241005,0
241006,30
241007,0
241008,0
241009,0
241010,0
241011,0
241012,0
241013,22
241014,16
241015,0
241016,25
241017,0
241018,0
241019,18
241020,0
241021,0
241022,28
241023,0
241024,0
241025,0
241026,0
241027,0
241028,0
241029,0
241030,15
241031,0
241032,0
241033,0
241034,0
241035,0
241036,16
241037,0
241038,0
241039,14
241040,0
241041,0
241042,0
241043,0
241044,0
241045,15
241046,0
241047,0
241048,0
241049,0
241050,0
241051,22
241052,0
241053,0
241054,19
241055,0
241056,25
241057,0
241058,0
241059,0
241060,0
241061,0
241062,0
241063,0
241064,0
241065,30
241066,33
241067,32
241068,0
241069,0
241070,21
241071,0
241072,0
241073,0
241074,0
241075,0
241076,0
241077,15
241078,0
241079,0
241080,0
241081,0
241082,0
241083,26
241084,0
241085,0
241086,0
241087,0
241088,0
241089,0
241090,0
241091,0
241092,0
241093,20
241094,0
241095,15
241096,0
241097,17
241098,0
241099,0
241100,18
241101,28
241102,0
241103,15
241104,0
241105,0
241106,0
241107,0
241108,0
241109,0
241110,0
241111,0
241112,0
241113,21
241114,0
241115,0
241116,0
241117,0
241118,0
241119,0
241120,0
241121,28
241122,0
241123,0
241124,28
241125,0
241126,0
241127,0
241128,0
241129,0
241130,0
241131,0
241132,0
241133,0
241134,0
241135,0
241136,0
241137,0
241138,0
241139,0
241140,0
241141,37
241142,37
241143,0
241144,31
241145,0
241146,0
241147,0
241148,0
241149,0
241150,0
241151,0
241152,0
241153,25
241154,0
241155,0
241156,29
241157,21
241158,0
241159,0
241160,0
241161,0
241162,0
241163,0
241164,24
241165,0
241166,0
241167,0
241168,26
241169,0
241170,0
241171,22
241172,0
241173,0
241174,0
241175,0
241176,0
241177,0
241178,0
241179,0
241180,24
241181,0
241182,0
241183,0
241184,0
241185,0
241186,0
241187,0
241188,22
241189,18
241190,0
241191,0
241192,0
241193,0
241194,0
241195,0
241196,0
241197,0
241198,0
241199,0
241200,0
241201,0
241202,0
241203,0
241204,0
241205,0
241206,0
241207,0
241208,0
241209,18
241210,0
241211,0
241212,0
241213,17
241214,0
241215,0
241216,0
241217,0
241218,0
241219,0
241220,0
241221,0
241222,24
241223,26
241224,0
241225,0
241226,22
241227,0
241228,0
241229,0
241230,0
241231,0
241232,0
241233,0
241234,0
241235,0
241236,0
241237,0
241238,0
241239,0
241240,0
241241,18
241242,0
241243,0
241244,0
241245,0
241246,0
241247,0
241248,0
241249,0
241250,0
241251,0
241252,0
241253,0
241254,28
241255,0
241256,34
241257,0
241258,0
241259,0
241260,0
241261,31
241262,0
241263,0
241264,0
241265,0
241266,0
241267,23
241268,0
241269,30
241270,22
241271,23
241272,0
241273,0
241274,0
241275,0
241276,0
241277,0
241278,22
241279,23
241280,20
241281,0
241282,0
241283,32
241284,0
241285,0
241286,0
241287,0
241288,0
241289,0
241290,0
241291,0
241292,28
241293,0
241294,0
241295,0
241296,0
241297,0
241298,0
241299,0
241300,0
241301,0
241302,19
241303,24
241304,15
241305,0
241306,0
241307,0
241308,0
241309,0
241310,0
241311,0
241312,0
241313,0
241314,0
241315,0
241316,0
241317,0
241318,0
241319,0
241320,14
241321,22
241322,28
241323,0
241324,0
241325,0
241326,0
241327,12
241328,21
241329,0
241330,0
241331,0
241332,0
241333,0
241334,0
241335,0
241336,0
241337,0
241338,0
241339,0
241340,0
241341,21
241342,25
241343,0
241344,0
241345,0
241346,0
241347,0
241348,0
241349,29
241350,0
241351,0
241352,0
241353,17
241354,0
241355,0
241356,0
241357,0
241358,25
241359,0
241360,26
241361,0
241362,0
241363,19
241364,0
241365,0
241366,0
241367,0
241368,0
241369,0
241370,0
241371,23
241372,0
241373,0
241374,0
241375,0
241376,0
241377,0
241378,0
241379,29
241380,0
241381,0
241382,21
241383,20
241384,8
241385,27
241386,0
241387,0
241388,0
241389,24
241390,29
241391,0
241392,0
241393,21
241394,0
241395,0
241396,0
241397,0
241398,0
241399,0
241400,24
241401,0
241402,0
241403,0
241404,0
241405,0
241406,0
241407,25
241408,0
241409,0
241410,0
241411,40
241412,0
241413,26
241414,0
241415,0
241416,0
241417,0
241418,0
241419,0
241420,0
241421,24
241422,0
241423,0
241424,0
241425,0
241426,19
241427,0
241428,0
241429,0
241430,0
241431,0
241432,0
241433,0
241434,0
241435,22
241436,0
241437,0
241438,0
241439,17
241440,0
241441,0
241442,29
241443,0
241444,0
241445,0
241446,0
241447,14
241448,0
241449,0
241450,0
241451,0
241452,0
241453,0
241454,0
241455,0
241456,0
241457,0
241458,0
241459,21
241460,0
241461,0
241462,37
241463,12
241464,0
241465,13
241466,0
241467,0
241468,0
241469,0
241470,0
241471,0
241472,0
241473,0
241474,0
241475,0
241476,0
241477,18
241478,0
241479,0
241480,19
241481,0
241482,0
241483,0
241484,0
241485,0
241486,0
241487,0
241488,0
241489,22
241490,0
241491,0
241492,20
241493,0
241494,0
241495,0
241496,0
241497,0
241498,0
241499,0
241500,0
241501,12
241502,0
241503,0
241504,0
241505,30
241506,29
241507,0
241508,0
241509,0
241510,0
241511,0
241512,0
241513,0
241514,14
241515,0
241516,0
241517,0
241518,0
241519,23
241520,0
241521,21
241522,0
241523,0
241524,22
241525,0
241526,0
241527,0
241528,0
241529,15
241530,0
241531,0
241532,0
241533,12
241534,20
241535,0
241536,28
241537,0
241538,22
241539,0
241540,0
241541,0
241542,0
241543,0
241544,0
241545,0
241546,0
241547,0
241548,29
241549,0
241550,0
241551,21
241552,0
241553,0
241554,0
241555,23
241556,0
241557,0
241558,21
241559,0
241560,15
241561,0
241562,0
241563,0
241564,0
241565,0
241566,0
241567,0
241568,0
241569,0
241570,0
241571,0
241572,0
241573,0
241574,0
241575,0
241576,0
241577,0
241578,0
241579,0
241580,0
241581,19
241582,16
241583,0
241584,0
241585,0
241586,0
241587,0
241588,0
241589,0
241590,0
241591,0
241592,0
241593,0
241594,0
241595,0
241596,16
241597,24
241598,24
241599,17
241600,0
241601,0
241602,0
241603,0
241604,0
241605,0
241606,0
241607,0
241608,0
241609,21
241610,0
241611,0
241612,0
241613,0
241614,0
241615,27
241616,0
241617,0
241618,18
241619,0
241620,17
241621,0
241622,0
241623,0
241624,0
241625,27
241626,31
241627,0
241628,0
241629,0
241630,0
241631,0
241632,0
241633,0
241634,0
241635,0
241636,0
241637,33
241638,0
241639,14
241640,20
241641,0
241642,0
241643,23
241644,0
241645,22
241646,27
241647,0
241648,0
241649,0
241650,0
241651,0
241652,24
241653,0
241654,0
241655,0
241656,0
241657,0
241658,0
241659,0
241660,0
241661,0
241662,0
241663,23
241664,15
241665,0
241666,0
241667,19
241668,0
241669,0
241670,0
241671,0
241672,0
241673,0
241674,0
241675,0
241676,0
241677,0
241678,0
241679,0
241680,0
241681,0
241682,0
241683,0
241684,0
241685,15
241686,0
241687,0
241688,14
241689,0
241690,0
241691,0
241692,0
241693,0
241694,0
241695,0
241696,0
241697,0
241698,0
241699,0
241700,0
241701,0
241702,0
241703,0
241704,0
241705,10
241706,20
241707,0
241708,0
241709,0
241710,0
241711,0
241712,0
241713,0
241714,0
241715,0
241716,0
241717,0
241718,25
241719,0
241720,11
241721,17
241722,0
241723,0
241724,12
241725,0
241726,0
241727,0
241728,0
241729,0
241730,0
241731,0
241732,0
241733,0
241734,0
241735,0
241736,0
241737,22
241738,13
241739,29
241740,0
241741,18
241742,0
241743,0
241744,0
241745,0
241746,14
241747,0
241748,0
241749,0
241750,0
241751,0
241752,0
241753,0
241754,0
241755,10
241756,0
241757,0
241758,0
241759,0
241760,7
241761,0
241762,0
241763,0
241764,0
241765,0
241766,0
241767,12
241768,0
241769,0
241770,0
241771,0
241772,0
241773,0
241774,0
241775,0
241776,0
241777,0
241778,0
241779,0
241780,0
241781,0
241782,9
241783,0
241784,0
241785,0
241786,0
241787,0
241788,9
241789,0
241790,0
241791,0
241792,0
241793,0
241794,14
241795,0
241796,0
241797,0
241798,0
241799,11
241800,0
241801,0
241802,0
241803,11
241804,0
241805,16
241806,0
241807,0
241808,0
241809,0
241810,0
241811,0
241812,0
241813,0
241814,0
241815,0
241816,0
241817,0
241818,0
241819,0
241820,0
241821,0
241822,0
241823,0
241824,0
241825,0
241826,0
241827,0
241828,0
241829,0
241830,0
241831,0
241832,6
241833,0
241834,0
241835,0
241836,13
241837,0
241838,14
241839,0
241840,7
241841,0
241842,0
241843,5
241844,0
241845,0
241846,0
241847,0
241848,19
241849,0
241850,0
241851,0
241852,0
241853,0
241854,0
241855,0
241856,21
241857,0
241858,0
241859,0
241860,0
241861,0
241862,21
241863,0
241864,0
241865,0
241866,0
241867,9
241868,4
241869,0
241870,0
241871,0
241872,0
241873,16
241874,0
241875,0
241876,0
241877,0
241878,0
241879,0
241880,0
241881,0
241882,15
241883,0
241884,0
241885,0
241886,0
241887,17
241888,0
241889,0
241890,22
241891,0
241892,0
241893,0
241894,24
241895,0
241896,0
241897,0
241898,0
241899,0
241900,0
241901,0
241902,0
241903,0
241904,0
241905,0
241906,0
241907,0
241908,0
241909,14
241910,0
241911,0
241912,0
241913,0
241914,0
241915,0
241916,0
241917,0
241918,0
241919,0
241920,0
241921,0
241922,0
241923,0
241924,15
241925,0
241926,10
241927,20
241928,0
241929,0
241930,0
241931,0
241932,19
241933,0
241934,0
241935,0
241936,0
241937,0
241938,7
241939,0
241940,0
241941,0
241942,10
241943,0
241944,0
241945,0
241946,0
241947,0
241948,0
241949,0
241950,0
241951,0
241952,16
241953,0
241954,0
241955,0
241956,0
241957,18
241958,0
241959,0
241960,0
241961,0
241962,0
241963,0
241964,0
241965,0
241966,0
241967,0
241968,0
241969,0
241970,10
241971,0
241972,0
241973,0
241974,0
241975,17
241976,0
241977,0
241978,12
241979,29
241980,0
241981,14
241982,0
241983,0
241984,10
241985,0
241986,0
241987,0
241988,0
241989,0
241990,0
241991,0
241992,11
241993,0
241994,0
241995,0
241996,0
241997,0
241998,25
241999,0
242000,0
242001,0
242002,0
242003,0
242004,0
242005,0
242006,0
242007,0
242008,14
242009,0
242010,0
242011,0
242012,21
242013,0
242014,0
242015,0
242016,0
242017,0
242018,0
242019,0
242020,0
242021,0
242022,0
242023,0
242024,0
242025,0
242026,0
242027,0
242028,0
242029,0
242030,0
242031,0
242032,0
242033,17
242034,0
242035,0
242036,0
242037,0
242038,0
242039,10
242040,0
242041,0
242042,0
242043,0
242044,21
242045,0
242046,19
242047,0
242048,13
242049,0
242050,0
242051,15
242052,0
242053,0
242054,0
242055,0
242056,0
242057,0
242058,0
242059,0
242060,0
242061,0
242062,26
242063,0
242064,0
242065,0
242066,0
242067,0
242068,16
242069,0
242070,0
242071,0
242072,0
242073,17
242074,0
242075,11
242076,0
242077,0
242078,0
242079,0
242080,0
242081,0
242082,0
242083,0
242084,14
242085,15
242086,0
242087,0
242088,0
242089,0
242090,0
242091,0
242092,0
242093,0
242094,0
242095,0
242096,0
242097,14
242098,0
242099,13
242100,11
242101,0
242102,0
242103,0
242104,0
242105,19
242106,0
242107,0
242108,18
242109,0
242110,0
242111,0
242112,13
242113,0
242114,0
242115,17
242116,0
242117,24
242118,0
242119,0
242120,0
242121,0
242122,0
242123,0
242124,0
242125,0
242126,15
242127,0
242128,0
242129,0
242130,0
242131,0
242132,0
242133,19
242134,0
242135,0
242136,0
242137,0
242138,14
242139,0
242140,0
242141,0
242142,20
242143,0
242144,0
242145,21
242146,0
242147,0
242148,0
242149,14
242150,0
242151,0
242152,0
242153,0
242154,0
242155,0
242156,0
242157,0
242158,0
242159,0
242160,0
242161,0
242162,0
242163,0
242164,0
242165,0
242166,14
242167,0
242168,0
242169,0
242170,0
242171,0
242172,0
242173,26
242174,0
242175,0
242176,0
242177,0
242178,18
242179,15
242180,0
242181,0
242182,0
242183,0
242184,0
242185,0
242186,0
242187,0
242188,0
242189,0
242190,0
242191,0
242192,0
242193,0
242194,0
242195,0
242196,0
242197,0
242198,0
242199,0
242200,16
242201,0
242202,0
242203,0
242204,0
242205,0
242206,0
242207,0
242208,0
242209,0
242210,0
242211,0
242212,0
242213,0
242214,0
242215,0
242216,0
242217,0
242218,0
242219,0
242220,0
242221,0
242222,23
242223,0
242224,0
242225,0
242226,0
242227,10
242228,0
242229,0
242230,0
242231,15
242232,0
242233,0
242234,0
242235,0
242236,0
242237,20
242238,0
242239,0
242240,0
242241,14
242242,0
242243,14
242244,0
242245,0
242246,13
242247,0
242248,0
242249,0
242250,16
242251,0
242252,0
242253,18
242254,0
242255,0
242256,0
242257,24
242258,0
242259,0
242260,0
242261,0
242262,0
242263,0
242264,0
242265,0
242266,10
242267,0
242268,0
242269,0
242270,0
242271,21
242272,23
242273,0
242274,0
242275,20
242276,0
242277,0
242278,0
242279,0
242280,0
242281,0
242282,0
242283,24
242284,0
242285,0
242286,0
242287,12
242288,0
242289,0
242290,21
242291,0
242292,0
242293,0
242294,0
242295,10
242296,0
242297,0
242298,0
242299,0
242300,0
242301,0
242302,0
242303,0
242304,0
242305,10
242306,0
242307,0
242308,21
242309,0
242310,0
242311,0
242312,0
242313,0
242314,0
242315,0
242316,0
242317,0
242318,0
242319,0
242320,0
242321,0
242322,36
242323,0
242324,0
242325,0
242326,0
242327,0
242328,0
242329,0
242330,16
242331,0
242332,17
242333,0
242334,0
242335,0
242336,0
242337,15
242338,0
242339,16
242340,30
242341,0
242342,0
242343,0
242344,0
242345,0
242346,0
242347,0
242348,5
242349,0
242350,0
242351,10
242352,15
242353,0
242354,0
242355,26
242356,0
242357,0
242358,0
242359,0
242360,0
242361,0
242362,0
242363,19
242364,10
242365,0
242366,0
242367,0
242368,0
242369,0
242370,14
242371,0
242372,0
242373,0
242374,0
242375,0
242376,0
242377,0
242378,0
242379,0
242380,0
242381,0
242382,0
242383,0
242384,0
242385,0
242386,9
242387,0
242388,24
242389,11
242390,0
242391,0
242392,0
242393,0
242394,0
242395,0
242396,17
242397,0
242398,0
242399,0
242400,0
242401,19
242402,0
242403,10
242404,0
242405,0
242406,0
242407,0
242408,0
242409,0
242410,17
242411,0
242412,0
242413,0
242414,23
242415,0
242416,0
242417,23
242418,0
242419,0
242420,0
242421,0
242422,16
242423,0
242424,0
242425,0
242426,27
242427,0
242428,0
242429,14
242430,0
242431,0
242432,0
242433,0
242434,0
242435,0
242436,0
242437,0
242438,0
242439,0
242440,0
242441,0
242442,0
242443,17
242444,21
242445,0
242446,0
242447,14
242448,0
242449,0
242450,18
242451,0
242452,0
242453,9
242454,0
242455,0
242456,0
242457,0
242458,0
242459,0
242460,0
242461,0
242462,18
242463,20
242464,0
242465,0
242466,0
242467,0
242468,0
242469,0
242470,0
242471,0
242472,16
242473,0
242474,0
242475,0
242476,12
242477,0
242478,0
242479,0
242480,0
242481,0
242482,0
242483,16
242484,0
242485,0
242486,0
242487,0
242488,0
242489,0
242490,0
242491,0
242492,0
242493,0
242494,0
242495,0
242496,0
242497,0
242498,9
242499,0
242500,0
242501,0
242502,0
242503,0
242504,0
242505,0
242506,1
242507,0
242508,0
242509,0
242510,0
242511,0
242512,0
242513,0
242514,0
242515,0
242516,0
242517,0
242518,0
242519,0
242520,0
242521,0
242522,0
242523,0
242524,0
242525,0
242526,1
242527,0
242528,0
242529,0
242530,0
242531,0
242532,0
242533,0
242534,0
242535,0
242536,0
242537,0
242538,2
242539,0
242540,0
242541,0
242542,0
242543,0
242544,0
242545,0
242546,0
242547,0
242548,0
242549,0
242550,0
242551,0
242552,0
242553,0
242554,0
242555,0
242556,0
242557,0
242558,0
242559,0
242560,0
242561,0
242562,0
242563,0
242564,0
242565,0
242566,0
242567,0
242568,0
242569,0
242570,0
242571,0
242572,0
242573,0
242574,0
242575,0
242576,0
242577,0
242578,0
242579,0
242580,0
242581,0
242582,0
242583,0
242584,0
242585,0
242586,0
242587,0
242588,0
242589,0
242590,1
242591,0
242592,0
242593,0
242594,0
242595,0
242596,0
242597,0
242598,0
242599,1
242600,0
242601,0
242602,0
242603,0
242604,0
242605,0
242606,0
242607,0
242608,0
242609,0
242610,0
242611,0
242612,0
242613,0
242614,0
242615,0
242616,0
242617,0
242618,0
242619,0
242620,0
242621,0
242622,0
242623,0
242624,0
242625,0
242626,0
242627,0
242628,0
242629,0
242630,0
242631,0
242632,0
242633,0
242634,0
242635,0
242636,0
242637,0
242638,0
242639,0
242640,0
242641,0
242642,0
242643,0
242644,0
242645,0
242646,0
242647,0
242648,0
242649,1
242650,0
242651,0
242652,0
242653,0
242654,0
242655,0
242656,0
242657,0
242658,0
242659,0
242660,0
242661,0
242662,0
242663,0
242664,0
242665,0
242666,0
242667,0
242668,0
242669,0
242670,0
242671,0
242672,4
242673,1
242674,0
242675,0
242676,0
242677,0
242678,0
242679,0
242680,0
242681,0
242682,0
242683,0
242684,0
242685,0
242686,0
242687,0
242688,0
242689,1
242690,0
242691,0
242692,0
242693,0
242694,0
242695,0
242696,0
242697,0
242698,0
242699,0
242700,0
242701,0
242702,0
242703,0
242704,0
242705,0
242706,0
242707,0
242708,0
242709,1
242710,0
242711,0
242712,0
242713,0
242714,0
242715,0
242716,0
242717,0
242718,0
242719,0
242720,0
242721,0
242722,0
242723,0
242724,0
242725,0
242726,0
242727,0
242728,0
242729,0
242730,0
242731,0
242732,0
242733,0
242734,0
242735,0
242736,0
242737,0
242738,0
242739,0
242740,0
242741,0
242742,0
242743,0
242744,0
242745,0
242746,0
242747,0
242748,0
242749,0
242750,0
242751,0
242752,0
242753,0
242754,0
242755,0
242756,0
242757,0
242758,0
242759,2
242760,0
242761,0
242762,0
242763,0
242764,0
242765,0
242766,0
242767,0
242768,1
242769,0
242770,0
242771,1
242772,0
242773,1
242774,0
242775,0
242776,0
242777,0
242778,0
242779,0
242780,1
242781,0
242782,1
242783,0
242784,2
242785,0
242786,0
242787,0
242788,0
242789,0
242790,0
242791,0
242792,0
242793,0
242794,0
242795,0
242796,2
242797,0
242798,0
242799,0
242800,0
242801,0
242802,0
242803,0
242804,0
242805,0
242806,0
242807,0
242808,0
242809,0
242810,0
242811,0
242812,0
242813,0
242814,0
242815,0
242816,0
242817,0
242818,0
242819,0
242820,0
242821,0
242822,0
242823,0
242824,0
242825,0
242826,0
242827,0
242828,0
242829,0
242830,0
242831,0
242832,0
242833,21
242834,0
242835,20
242836,19
242837,30
242838,0
242839,0
242840,0
242841,0
242842,0
242843,0
242844,0
242845,0
242846,0
242847,0
242848,0
242849,18
242850,34
242851,0
242852,0
242853,0
242854,18
242855,0
242856,0
242857,0
242858,0
242859,23
242860,0
242861,0
242862,21
242863,0
242864,0
242865,22
242866,0
242867,11
242868,30
242869,21
242870,0
242871,0
242872,0
242873,0
242874,0
242875,0
242876,0
242877,20
242878,12
242879,0
242880,0
242881,16
242882,0
242883,0
242884,18
242885,0
242886,27
242887,12
242888,0
242889,19
242890,0
242891,0
242892,0
242893,0
242894,0
242895,0
242896,0
242897,0
242898,0
242899,12
242900,0
242901,0
242902,0
242903,14
242904,0
242905,0
242906,18
242907,0
242908,13
242909,0
242910,0
242911,20
242912,0
242913,0
242914,0
242915,18
242916,0
242917,0
242918,0
242919,19
242920,0
242921,18
242922,0
242923,0
242924,0
242925,0
242926,0
242927,0
242928,19
242929,0
242930,18
242931,21
242932,0
242933,0
242934,22
242935,19
242936,0
242937,0
242938,0
242939,16
242940,0
242941,0
242942,34
242943,0
242944,0
242945,16
242946,0
242947,18
242948,0
242949,0
242950,13
242951,26
242952,0
242953,17
242954,0
242955,0
242956,0
242957,0
242958,17
242959,0
242960,0
242961,0
242962,0
242963,0
242964,0
242965,0
242966,0
242967,0
242968,0
242969,0
242970,27
242971,0
242972,0
242973,0
242974,0
242975,0
242976,0
242977,0
242978,0
242979,0
242980,13
242981,15
242982,0
242983,0
242984,0
242985,0
242986,14
242987,0
242988,0
242989,0
242990,0
242991,0
242992,0
242993,0
242994,0
242995,0
242996,0
242997,0
242998,0
242999,21
243000,0
243001,0
243002,0
243003,0
243004,26
243005,0
243006,0
243007,0
243008,16
243009,21
243010,0
243011,0
243012,0
243013,0
243014,0
243015,0
243016,0
243017,0
243018,23
243019,0
243020,19
243021,0
243022,0
243023,0
243024,23
243025,21
243026,0
243027,0
243028,0
243029,17
243030,0
243031,0
243032,0
243033,21
243034,0
243035,0
243036,0
243037,0
243038,0
243039,0
243040,0
243041,0
243042,0
243043,9
243044,0
243045,0
243046,0
243047,0
243048,11
243049,19
243050,0
243051,0
243052,0
243053,0
243054,0
243055,26
243056,0
243057,18
243058,0
243059,0
243060,0
243061,0
243062,0
243063,0
243064,0
243065,0
243066,0
243067,0
243068,0
243069,0
243070,0
243071,24
243072,25
243073,9
243074,0
243075,0
243076,0
243077,9
243078,0
243079,23
243080,13
243081,15
243082,0
243083,0
243084,0
243085,0
243086,14
243087,0
243088,0
243089,0
243090,0
243091,0
243092,19
243093,21
243094,22
243095,0
243096,0
243097,0
243098,0
243099,0
243100,14
243101,0
243102,0
243103,23
243104,0
243105,0
243106,23
243107,0
243108,18
243109,0
243110,0
243111,0
243112,0
243113,0
243114,0
243115,0
243116,16
243117,21
243118,0
243119,0
243120,0
243121,0
243122,0
243123,0
243124,0
243125,0
243126,19
243127,20
243128,0
243129,0
243130,0
243131,0
243132,27
243133,24
243134,0
243135,28
243136,26
243137,0
243138,25
243139,18
243140,21
243141,20
243142,19
243143,0
243144,0
243145,0
243146,13
243147,24
243148,18
243149,0
243150,0
243151,0
243152,0
243153,0
243154,14
243155,0
243156,0
243157,0
243158,0
243159,16
243160,18
243161,0
243162,20
243163,0
243164,0
243165,0
243166,0
243167,0
243168,18
243169,0
243170,11
243171,16
243172,0
243173,0
243174,0
243175,0
243176,0
243177,0
243178,20
243179,0
243180,0
243181,0
243182,0
243183,16
243184,0
243185,0
243186,0
243187,0
243188,32
243189,19
243190,0
243191,20
243192,0
243193,0
243194,0
243195,0
243196,0
243197,0
243198,26
243199,22
243200,0
243201,0
243202,0
243203,0
243204,0
243205,0
243206,0
243207,0
243208,0
243209,12
243210,0
243211,15
243212,0
243213,0
243214,0
243215,0
243216,0
243217,0
243218,0
243219,0
243220,0
243221,21
243222,0
243223,0
243224,15
243225,0
243226,0
243227,0
243228,0
243229,0
243230,16
243231,0
243232,0
243233,0
243234,0
243235,0
243236,0
243237,13
243238,11
243239,0
243240,0
243241,0
243242,0
243243,0
243244,0
243245,0
243246,0
243247,26
243248,0
243249,0
243250,0
243251,0
243252,15
243253,0
243254,0
243255,0
243256,21
243257,20
243258,0
243259,0
243260,14
243261,0
243262,0
243263,18
243264,0
243265,0
243266,0
243267,0
243268,0
243269,0
243270,0
243271,0
243272,0
243273,0
243274,14
243275,0
243276,15
243277,6
243278,18
243279,0
243280,0
243281,0
243282,0
243283,0
243284,0
243285,18
243286,15
243287,14
243288,16
243289,0
243290,0
243291,0
243292,11
243293,27
243294,0
243295,0
243296,0
243297,0
243298,0
243299,0
243300,0
243301,0
243302,0
243303,0
243304,0
243305,16
243306,0
243307,0
243308,0
243309,11
243310,0
243311,0
243312,0
243313,0
243314,0
243315,22
243316,13
243317,0
243318,0
243319,0
243320,0
243321,22
243322,0
243323,0
243324,23
243325,0
243326,0
243327,0
243328,0
243329,0
243330,0
243331,18
243332,22
243333,0
243334,25
243335,0
243336,0
243337,0
243338,0
243339,24
243340,0
243341,0
243342,0
243343,27
243344,0
243345,0
243346,0
243347,0
243348,0
243349,0
243350,0
243351,0
243352,0
243353,23
243354,29
243355,0
243356,13
243357,0
243358,11
243359,0
243360,14
243361,0
243362,0
243363,0
243364,0
243365,0
243366,15
243367,22
243368,0
243369,19
243370,0
243371,0
243372,0
243373,0
243374,17
243375,14
243376,0
243377,0
243378,0
243379,0
243380,0
243381,0
243382,0
243383,0
243384,0
243385,10
243386,0
243387,9
243388,0
243389,0
243390,9
243391,0
243392,13
243393,0
243394,0
243395,9
243396,11
243397,10
243398,0
243399,0
243400,0
243401,0
243402,0
243403,0
243404,0
243405,0
243406,0
243407,0
243408,0
243409,0
243410,0
243411,0
243412,0
243413,0
243414,0
243415,0
243416,0
243417,7
243418,0
243419,12
243420,0
243421,0
243422,0
243423,0
243424,2
243425,0
243426,0
243427,0
243428,0
243429,0
243430,7
243431,0
243432,0
243433,10
243434,0
243435,10
243436,0
243437,0
243438,0
243439,0
243440,0
243441,0
243442,5
243443,0
243444,0
243445,0
243446,0
243447,0
243448,9
243449,0
243450,0
243451,0
243452,12
243453,0
243454,0
243455,0
243456,3
243457,0
243458,0
243459,0
243460,6
243461,0
243462,0
243463,0
243464,0
243465,0
243466,4
243467,0
243468,0
243469,9
243470,0
243471,9
243472,9
243473,4
243474,0
243475,0
243476,0
243477,20
243478,0
243479,0
243480,0
243481,20
243482,0
243483,0
243484,0
243485,0
243486,7
243487,0
243488,0
243489,0
243490,6
243491,0
243492,11
243493,0
243494,0
243495,0
243496,0
243497,0
243498,10
243499,14
243500,0
243501,6
243502,0
243503,0
243504,8
243505,0
243506,0
243507,0
243508,3
243509,0
243510,0
243511,0
243512,0
243513,17
243514,0
243515,14
243516,0
243517,0
243518,0
243519,22
243520,11
243521,0
243522,0
243523,0
243524,6
243525,0
243526,0
243527,5
243528,0
243529,0
243530,0
243531,0
243532,0
243533,0
243534,0
243535,0
243536,0
243537,0
243538,0
243539,0
243540,0
243541,0
243542,0
243543,5
243544,0
243545,0
243546,0
243547,0
243548,0
243549,5
243550,7
243551,0
243552,0
243553,0
243554,0
243555,15
243556,0
243557,16
243558,0
243559,0
243560,5
243561,0
243562,0
243563,0
243564,0
243565,5
243566,11
243567,0
243568,0
243569,16
243570,0
243571,0
243572,0
243573,0
243574,0
243575,19
243576,0
243577,0
243578,0
243579,5
243580,0
243581,12
243582,0
243583,0
243584,0
243585,0
243586,10
243587,0
243588,19
243589,0
243590,7
243591,0
243592,0
243593,7
243594,0
243595,8
243596,0
243597,0
243598,0
243599,0
243600,0
243601,0
243602,19
243603,7
243604,0
243605,0
243606,0
243607,0
243608,0
243609,4
243610,0
243611,18
243612,0
243613,0
243614,0
243615,0
243616,0
243617,0
243618,0
243619,0
243620,0
243621,0
243622,0
243623,0
243624,0
243625,0
243626,18
243627,0
243628,0
243629,0
243630,0
243631,0
243632,0
243633,0
243634,0
243635,7
243636,17
243637,19
243638,0
243639,0
243640,0
243641,0
243642,0
243643,0
243644,0
243645,0
243646,0
243647,0
243648,0
243649,16
243650,0
243651,0
243652,8
243653,0
243654,0
243655,0
243656,0
243657,0
243658,0
243659,0
243660,0
243661,31
243662,0
243663,0
243664,0
243665,0
243666,0
243667,0
243668,0
243669,0
243670,0
243671,0
243672,0
243673,0
243674,0
243675,0
243676,0
243677,0
243678,0
243679,0
243680,0
243681,0
243682,0
243683,0
243684,0
243685,0
243686,0
243687,0
243688,0
243689,0
243690,0
243691,12
243692,0
243693,0
243694,23
243695,0
243696,0
243697,0
243698,0
243699,0
243700,0
243701,0
243702,0
243703,0
243704,0
243705,0
243706,0
243707,0
243708,0
243709,40
243710,0
243711,0
243712,0
243713,0
243714,0
243715,0
243716,0
243717,0
243718,0
243719,0
243720,18
243721,0
243722,0
243723,0
243724,0
243725,0
243726,0
243727,0
243728,0
243729,0
243730,0
243731,0
243732,0
243733,0
243734,0
243735,0
243736,0
243737,0
243738,0
243739,0
243740,0
243741,0
243742,0
243743,0
243744,0
243745,0
243746,0
243747,0
243748,0
243749,0
243750,0
243751,0
243752,0
243753,0
243754,0
243755,19
243756,0
243757,0
243758,0
243759,0
243760,0
243761,0
243762,0
243763,0
243764,0
243765,0
243766,18
243767,12
243768,0
243769,0
243770,0
243771,0
243772,0
243773,0
243774,0
243775,22
243776,0
243777,0
243778,0
243779,0
243780,0
243781,0
243782,0
243783,0
243784,0
243785,0
243786,0
243787,0
243788,0
243789,0
243790,0
243791,0
243792,0
243793,0
243794,0
243795,0
243796,0
243797,0
243798,0
243799,0
243800,0
243801,0
243802,0
243803,0
243804,0
243805,0
243806,0
243807,0
243808,0
243809,0
243810,0
243811,17
243812,0
243813,0
243814,0
243815,0
243816,0
243817,0
243818,0
243819,0
243820,0
243821,0
243822,0
243823,0
243824,42
243825,0
243826,0
243827,0
243828,0
243829,0
243830,0
243831,0
243832,0
243833,0
243834,0
243835,0
243836,0
243837,0
243838,0
243839,0
243840,0
243841,0
243842,0
243843,0
243844,0
243845,27
243846,0
243847,0
243848,0
243849,0
243850,0
243851,0
243852,0
243853,0
243854,22
243855,0
243856,0
243857,0
243858,0
243859,0
243860,0
243861,0
243862,0
243863,0
243864,0
243865,0
243866,0
243867,0
243868,0
243869,0
243870,0
243871,0
243872,0
243873,0
243874,0
243875,0
243876,0
243877,0
243878,0
243879,0
243880,15
243881,0
243882,0
243883,0
243884,0
243885,0
243886,0
243887,0
243888,0
243889,0
243890,0
243891,0
243892,0
243893,0
243894,0
243895,0
243896,0
243897,0
243898,0
243899,0
243900,0
243901,29
243902,0
243903,0
243904,0
243905,0
243906,0
243907,0
243908,0
243909,0
243910,0
243911,0
243912,0
243913,0
243914,0
243915,0
243916,0
243917,0
243918,0
243919,0
243920,0
243921,0
243922,0
243923,0
243924,0
243925,0
243926,0
243927,0
243928,0
243929,0
243930,0
243931,0
243932,0
243933,0
243934,0
243935,31
243936,0
243937,0
243938,0
243939,0
243940,0
243941,0
243942,0
243943,0
243944,0
243945,0
243946,0
243947,0
243948,0
243949,0
243950,0
243951,0
243952,0
243953,0
243954,19
243955,0
243956,0
243957,0
243958,0
243959,0
243960,0
243961,0
243962,23
243963,0
243964,0
243965,21
243966,0
243967,0
243968,0
243969,0
243970,0
243971,0
243972,0
243973,0
243974,0
243975,0
243976,0
243977,0
243978,0
243979,0
243980,0
243981,0
243982,0
243983,0
243984,0
243985,0
243986,0
243987,0
243988,0
243989,0
243990,0
243991,0
243992,0
243993,0
243994,0
243995,0
243996,0
243997,0
243998,0
243999,0
244000,0
244001,0
244002,0
244003,0
244004,0
244005,0
244006,0
244007,0
244008,0
244009,0
244010,0
244011,0
244012,0
244013,0
244014,0
244015,0
244016,0
244017,0
244018,0
244019,0
244020,0
244021,0
244022,0
244023,0
244024,0
244025,0
244026,0
244027,0
244028,0
244029,0
244030,0
244031,0
244032,20
244033,14
244034,0
244035,0
244036,0
244037,0
244038,28
244039,0
244040,0
244041,13
244042,0
244043,0
244044,0
244045,0
244046,0
244047,0
244048,0
244049,0
244050,0
244051,0
244052,0
244053,0
244054,0
244055,0
244056,0
244057,0
244058,0
244059,0
244060,19
244061,0
244062,0
244063,0
244064,0
244065,0
244066,0
244067,0
244068,0
244069,23
244070,0
244071,0
244072,27
244073,0
244074,0
244075,0
244076,33
244077,0
244078,0
244079,0
244080,0
244081,0
244082,0
244083,0
244084,0
244085,0
244086,0
244087,0
244088,0
244089,0
244090,0
244091,0
244092,0
244093,0
244094,0
244095,0
244096,0
244097,0
244098,0
244099,0
244100,0
244101,0
244102,0
244103,0
244104,0
244105,0
244106,0
244107,0
244108,0
244109,0
244110,0
244111,0
244112,0
244113,0
244114,19
244115,0
244116,0
244117,0
244118,0
244119,0
244120,0
244121,23
244122,0
244123,0
244124,0
244125,0
244126,0
244127,0
244128,0
244129,0
244130,0
244131,0
244132,0
244133,0
244134,0
244135,0
244136,0
244137,0
244138,0
244139,0
244140,19
244141,0
244142,0
244143,0
244144,0
244145,0
244146,0
244147,0
244148,0
244149,0
244150,0
244151,0
244152,0
244153,0
244154,0
244155,0
244156,0
244157,0
244158,0
244159,0
244160,0
244161,0
244162,0
244163,0
244164,0
244165,0
244166,0
244167,0
244168,0
244169,0
244170,0
244171,0
244172,0
244173,0
244174,0
244175,0
244176,0
244177,0
244178,0
244179,0
244180,0
244181,0
244182,0
244183,0
244184,0
244185,0
244186,0
244187,0
244188,0
244189,0
244190,0
244191,0
244192,0
244193,0
244194,0
244195,0
244196,0
244197,0
244198,0
244199,0
244200,0
244201,0
244202,0
244203,0
244204,0
244205,0
244206,0
244207,0
244208,0
244209,0
244210,0
244211,0
244212,0
244213,0
244214,0
244215,0
244216,0
244217,0
244218,0
244219,0
244220,0
244221,0
244222,0
244223,0
244224,0
244225,0
244226,0
244227,0
244228,0
244229,0
244230,0
244231,0
244232,0
244233,0
244234,0
244235,0
244236,0
244237,0
244238,0
244239,38
244240,0
244241,0
244242,0
244243,0
244244,0
244245,0
244246,0
244247,0
244248,0
244249,0
244250,0
244251,0
244252,15
244253,0
244254,0
244255,0
244256,0
244257,0
244258,0
244259,0
244260,0
244261,0
244262,0
244263,0
244264,0
244265,0
244266,0
244267,0
244268,0
244269,0
244270,0
244271,0
244272,27
244273,0
244274,0
244275,0
244276,0
244277,0
244278,0
244279,0
244280,15
244281,0
244282,0
244283,0
244284,0
244285,0
244286,0
244287,0
244288,0
244289,0
244290,0
244291,0
244292,0
244293,0
244294,0
244295,0
244296,0
244297,0
244298,15
244299,0
244300,0
244301,0
244302,0
244303,0
244304,0
244305,0
244306,0
244307,0
244308,0
244309,0
244310,0
244311,0
244312,0
244313,0
244314,0
244315,0
244316,0
244317,0
244318,0
244319,0
244320,0
244321,0
244322,0
244323,0
244324,0
244325,0
244326,0
244327,0
244328,0
244329,0
244330,0
244331,0
244332,0
244333,0
244334,0
244335,0
244336,0
244337,0
244338,0
244339,0
244340,0
244341,0
244342,0
244343,0
244344,0
244345,0
244346,0
244347,0
244348,0
244349,0
244350,7
244351,0
244352,0
244353,13
244354,0
244355,0
244356,0
244357,0
244358,0
244359,0
244360,0
244361,0
244362,0
244363,0
244364,9
244365,0
244366,13
244367,0
244368,0
244369,0
244370,9
244371,0
244372,0
244373,0
244374,0
244375,0
244376,0
244377,0
244378,0
244379,9
244380,0
244381,0
244382,0
244383,12
244384,11
244385,0
244386,6
244387,0
244388,0
244389,0
244390,0
244391,0
244392,0
244393,0
244394,0
244395,0
244396,16
244397,0
244398,0
244399,0
244400,0
244401,0
244402,7
244403,0
244404,0
244405,0
244406,9
244407,0
244408,0
244409,0
244410,0
244411,0
244412,0
244413,0
244414,0
244415,0
244416,13
244417,0
244418,0
244419,0
244420,0
244421,10
244422,0
244423,0
244424,0
244425,0
244426,0
244427,0
244428,9
244429,0
244430,14
244431,0
244432,11
244433,10
244434,0
244435,0
244436,0
244437,12
244438,5
244439,0
244440,14
244441,8
244442,0
244443,0
244444,9
244445,0
244446,9
244447,0
244448,0
244449,3
244450,0
244451,0
244452,0
244453,6
244454,0
244455,0
244456,0
244457,0
244458,0
244459,0
244460,0
244461,0
244462,0
244463,0
244464,0
244465,0
244466,0
244467,0
244468,0
244469,0
244470,0
244471,0
244472,0
244473,7
244474,0
244475,0
244476,0
244477,0
244478,0
244479,0
244480,12
244481,0
244482,0
244483,0
244484,0
244485,0
244486,0
244487,0
244488,0
244489,0
244490,0
244491,0
244492,7
244493,0
244494,0
244495,0
244496,14
244497,0
244498,0
244499,0
244500,0
244501,0
244502,20
244503,0
244504,0
244505,0
244506,0
244507,0
244508,0
244509,0
244510,0
244511,0
244512,0
244513,0
244514,0
244515,0
244516,0
244517,0
244518,0
244519,0
244520,0
244521,7
244522,0
244523,0
244524,0
244525,0
244526,0
244527,0
244528,0
244529,0
244530,0
244531,0
244532,13
244533,0
244534,0
244535,0
244536,0
244537,0
244538,0
244539,0
244540,0
244541,0
244542,0
244543,11
244544,0
244545,0
244546,0
244547,0
244548,0
244549,0
244550,8
244551,0
244552,17
244553,9
244554,10
244555,0
244556,0
244557,0
244558,0
244559,12
244560,0
244561,11
244562,0
244563,0
244564,11
244565,0
244566,0
244567,0
244568,0
244569,9
244570,0
244571,0
244572,0
244573,0
244574,0
244575,0
244576,0
244577,0
244578,0
244579,0
244580,10
244581,0
244582,0
244583,0
244584,0
244585,0
244586,0
244587,0
244588,0
244589,0
244590,0
244591,0
244592,0
244593,0
244594,0
244595,13
244596,0
244597,0
244598,0
244599,13
244600,0
244601,0
244602,0
244603,0
244604,0
244605,0
244606,0
244607,0
244608,0
244609,0
244610,0
244611,6
244612,0
244613,12
244614,0
244615,0
244616,0
244617,0
244618,7
244619,0
244620,0
244621,0
244622,0
244623,0
244624,0
244625,0
244626,0
244627,9
244628,0
244629,0
244630,0
244631,10
244632,8
244633,0
244634,0
244635,11
244636,0
244637,0
244638,0
244639,0
244640,0
244641,0
244642,0
244643,0
244644,0
244645,16
244646,0
244647,0
244648,0
244649,0
244650,0
244651,0
244652,11
244653,0
244654,0
244655,0
244656,0
244657,15
244658,0
244659,0
244660,0
244661,0
244662,0
244663,0
244664,0
244665,0
244666,0
244667,0
244668,0
244669,0
244670,0
244671,0
244672,0
244673,0
244674,0
244675,0
244676,0
244677,0
244678,0
244679,0
244680,0
244681,0
244682,0
244683,0
244684,0
244685,0
244686,0
244687,11
244688,0
244689,0
244690,0
244691,8
244692,0
244693,0
244694,0
244695,0
244696,0
244697,0
244698,9
244699,0
244700,0
244701,0
244702,0
244703,9
244704,0
244705,0
244706,0
244707,0
244708,0
244709,0
244710,0
244711,0
244712,0
244713,0
244714,0
244715,0
244716,0
244717,0
244718,0
244719,0
244720,0
244721,0
244722,0
244723,0
244724,0
244725,0
244726,20
244727,0
244728,0
244729,0
244730,12
244731,16
244732,0
244733,14
244734,0
244735,0
244736,0
244737,0
244738,0
244739,11
244740,0
244741,0
244742,5
244743,0
244744,0
244745,0
244746,0
244747,0
244748,0
244749,0
244750,0
244751,0
244752,0
244753,0
244754,0
244755,0
244756,0
244757,0
244758,0
244759,0
244760,0
244761,0
244762,0
244763,0
244764,0
244765,0
244766,0
244767,0
244768,0
244769,8
244770,0
244771,0
244772,0
244773,0
244774,0
244775,0
244776,0
244777,0
244778,0
244779,0
244780,0
244781,0
244782,2
244783,0
244784,0
244785,0
244786,0
244787,0
244788,0
244789,0
244790,12
244791,8
244792,14
244793,4
244794,0
244795,0
244796,0
244797,0
244798,0
244799,0
244800,0
244801,0
244802,0
244803,15
244804,0
244805,8
244806,0
244807,10
244808,0
244809,0
244810,0
244811,0
244812,0
244813,0
244814,0
244815,0
244816,0
244817,0
244818,14
244819,0
244820,0
244821,0
244822,0
244823,13
244824,0
244825,0
244826,0
244827,0
244828,0
244829,18
244830,8
244831,0
244832,0
244833,0
244834,0
244835,14
244836,0
244837,0
244838,0
244839,0
244840,0
244841,0
244842,0
244843,0
244844,0
244845,0
244846,0
244847,0
244848,0
244849,0
244850,0
244851,0
244852,17
244853,0
244854,0
244855,9
244856,0
244857,0
244858,0
244859,0
244860,7
244861,0
244862,0
244863,0
244864,0
244865,0
244866,0
244867,0
244868,0
244869,0
244870,10
244871,0
244872,0
244873,0
244874,0
244875,0
244876,0
244877,0
244878,0
244879,11
244880,0
244881,0
244882,0
244883,15
244884,0
244885,0
244886,0
244887,0
244888,0
244889,8
244890,0
244891,0
244892,0
244893,0
244894,0
244895,0
244896,0
244897,0
244898,0
244899,0
244900,0
244901,0
244902,13
244903,0
244904,0
244905,0
244906,0
244907,0
244908,7
244909,0
244910,0
244911,15
244912,0
244913,0
244914,0
244915,0
244916,0
244917,0
244918,10
244919,0
244920,0
244921,0
244922,0
244923,0
244924,0
244925,0
244926,0
244927,0
244928,0
244929,0
244930,0
244931,0
244932,0
244933,0
244934,0
244935,0
244936,0
244937,0
244938,8
244939,8
244940,0
244941,13
244942,0
244943,0
244944,0
244945,0
244946,0
244947,0
244948,6
244949,0
244950,0
244951,9
244952,10
244953,0
244954,0
244955,0
244956,11
244957,0
244958,7
244959,12
244960,0
244961,0
244962,0
244963,0
244964,0
244965,0
244966,0
244967,0
244968,10
244969,0
244970,0
244971,0
244972,0
244973,0
244974,28
244975,0
244976,0
244977,0
244978,29
244979,0
244980,0
244981,0
244982,0
244983,28
244984,0
244985,0
244986,0
244987,0
244988,0
244989,27
244990,0
244991,0
244992,0
244993,0
244994,0
244995,0
244996,0
244997,23
244998,0
244999,35
245000,0
245001,0
245002,0
245003,0
245004,0
245005,28
245006,0
245007,0
245008,0
245009,0
245010,0
245011,34
245012,0
245013,28
245014,0
245015,0
245016,0
245017,0
245018,0
245019,0
245020,35
245021,0
245022,0
245023,37
245024,0
245025,33
245026,0
245027,27
245028,0
245029,0
245030,53
245031,0
245032,0
245033,0
245034,0
245035,36
245036,0
245037,0
245038,0
245039,0
245040,42
245041,29
245042,0
245043,0
245044,29
245045,36
245046,0
245047,0
245048,0
245049,25
245050,35
245051,0
245052,0
245053,25
245054,0
245055,41
245056,0
245057,0
245058,0
245059,38
245060,0
245061,0
245062,0
245063,0
245064,24
245065,0
245066,0
245067,31
245068,0
245069,0
245070,40
245071,31
245072,16
245073,0
245074,0
245075,0
245076,0
245077,49
245078,0
245079,0
245080,0
245081,0
245082,28
245083,0
245084,0
245085,0
245086,0
245087,35
245088,38
245089,39
245090,0
245091,0
245092,0
245093,15
245094,0
245095,0
245096,0
245097,0
245098,0
245099,0
245100,0
245101,0
245102,0
245103,0
245104,0
245105,32
245106,36
245107,0
245108,0
245109,0
245110,0
245111,0
245112,0
245113,0
245114,0
245115,22
245116,0
245117,0
245118,0
245119,0
245120,0
245121,0
245122,0
245123,0
245124,31
245125,17
245126,31
245127,0
245128,0
245129,0
245130,0
245131,39
245132,24
245133,0
245134,0
245135,32
245136,0
245137,25
245138,0
245139,0
245140,0
245141,0
245142,0
245143,32
245144,0
245145,51
245146,0
245147,0
245148,0
245149,0
245150,40
245151,45
245152,0
245153,0
245154,0
245155,32
245156,0
245157,0
245158,0
245159,34
245160,34
245161,31
245162,0
245163,0
245164,0
245165,0
245166,0
245167,0
245168,0
245169,0
245170,0
245171,41
245172,0
245173,0
245174,0
245175,27
245176,0
245177,24
245178,0
245179,44
245180,35
245181,0
245182,39
245183,0
245184,0
245185,0
245186,26
245187,0
245188,0
245189,0
245190,0
245191,0
245192,0
245193,0
245194,0
245195,0
245196,0
245197,0
245198,0
245199,32
245200,27
245201,0
245202,0
245203,19
245204,0
245205,0
245206,0
245207,29
245208,31
245209,0
245210,0
245211,0
245212,0
245213,0
245214,39
245215,0
245216,0
245217,0
245218,36
245219,0
245220,0
245221,0
245222,0
245223,0
245224,33
245225,35
245226,36
245227,27
245228,32
245229,48
245230,0
245231,0
245232,0
245233,0
245234,15
245235,0
245236,0
245237,0
245238,0
245239,0
245240,0
245241,0
245242,0
245243,0
245244,35
245245,0
245246,0
245247,0
245248,0
245249,0
245250,0
245251,0
245252,61
245253,0
245254,0
245255,44
245256,0
245257,0
245258,0
245259,27
245260,0
245261,29
245262,0
245263,0
245264,0
245265,34
245266,0
245267,20
245268,0
245269,0
245270,31
245271,0
245272,28
245273,0
245274,0
245275,0
245276,32
245277,0
245278,0
245279,0
245280,0
245281,0
245282,0
245283,0
245284,0
245285,0
245286,0
245287,0
245288,0
245289,26
245290,0
245291,0
245292,31
245293,0
245294,36
245295,0
245296,39
245297,34
245298,0
245299,0
245300,0
245301,0
245302,0
245303,0
245304,0
245305,0
245306,0
245307,33
245308,0
245309,0
245310,34
245311,0
245312,32
245313,0
245314,0
245315,41
245316,0
245317,0
245318,26
245319,0
245320,0
245321,33
245322,47
245323,0
245324,0
245325,0
245326,0
245327,0
245328,0
245329,0
245330,0
245331,0
245332,29
245333,32
245334,0
245335,0
245336,0
245337,0
245338,20
245339,35
245340,0
245341,30
245342,0
245343,0
245344,0
245345,34
245346,28
245347,0
245348,0
245349,0
245350,0
245351,0
245352,0
245353,0
245354,0
245355,0
245356,48
245357,0
245358,0
245359,0
245360,27
245361,0
245362,0
245363,43
245364,0
245365,0
245366,0
245367,34
245368,0
245369,0
245370,0
245371,0
245372,0
245373,0
245374,0
245375,0
245376,32
245377,0
245378,28
245379,0
245380,0
245381,0
245382,0
245383,0
245384,34
245385,0
245386,0
245387,0
245388,0
245389,0
245390,0
245391,37
245392,0
245393,0
245394,0
245395,26
245396,0
245397,0
245398,39
245399,0
245400,0
245401,0
245402,0
245403,0
245404,0
245405,0
245406,0
245407,4
245408,0
245409,0
245410,0
245411,0
245412,0
245413,0
245414,0
245415,0
245416,0
245417,0
245418,0
245419,0
245420,8
245421,0
245422,0
245423,0
245424,0
245425,0
245426,5
245427,8
245428,0
245429,0
245430,0
245431,2
245432,8
245433,1
245434,0
245435,0
245436,3
245437,0
245438,0
245439,0
245440,0
245441,10
245442,0
245443,0
245444,0
245445,0
245446,0
245447,3
245448,2
245449,0
245450,0
245451,0
245452,0
245453,6
245454,5
245455,0
245456,0
245457,7
245458,0
245459,0
245460,7
245461,0
245462,0
245463,0
245464,0
245465,0
245466,0
245467,8
245468,0
245469,0
245470,5
245471,8
245472,0
245473,0
245474,0
245475,0
245476,0
245477,0
245478,6
245479,4
245480,0
245481,0
245482,5
245483,7
245484,9
245485,4
245486,0
245487,0
245488,0
245489,0
245490,0
245491,0
245492,0
245493,0
245494,0
245495,0
245496,0
245497,0
245498,0
245499,0
245500,0
245501,0
245502,0
245503,4
245504,0
245505,0
245506,6
245507,0
245508,3
245509,0
245510,0
245511,0
245512,0
245513,0
245514,0
245515,9
245516,0
245517,0
245518,0
245519,0
245520,0
245521,0
245522,0
245523,0
245524,0
245525,3
245526,7
245527,3
245528,4
245529,9
245530,0
245531,0
245532,0
245533,6
245534,0
245535,0
245536,4
245537,0
245538,0
245539,0
245540,0
245541,0
245542,6
245543,0
245544,0
245545,0
245546,0
245547,0
245548,0
245549,0
245550,0
245551,0
245552,1
245553,0
245554,0
245555,0
245556,0
245557,0
245558,0
245559,0
245560,9
245561,7
245562,0
245563,0
245564,0
245565,4
245566,6
245567,0
245568,0
245569,0
245570,0
245571,14
245572,0
245573,0
245574,4
245575,0
245576,0
245577,0
245578,0
245579,0
245580,3
245581,0
245582,0
245583,0
245584,0
245585,0
245586,0
245587,10
245588,0
245589,0
245590,7
245591,3
245592,0
245593,0
245594,0
245595,4
245596,6
245597,0
245598,0
245599,8
245600,0
245601,0
245602,0
245603,0
245604,1
245605,0
245606,0
245607,0
245608,0
245609,0
245610,0
245611,0
245612,0
245613,0
245614,0
245615,0
245616,0
245617,0
245618,6
245619,0
245620,0
245621,4
245622,0
245623,0
245624,0
245625,0
245626,0
245627,0
245628,0
245629,0
245630,0
245631,0
245632,0
245633,0
245634,5
245635,0
245636,0
245637,0
245638,4
245639,6
245640,0
245641,0
245642,0
245643,0
245644,0
245645,0
245646,0
245647,0
245648,9
245649,0
245650,0
245651,0
245652,0
245653,0
245654,0
245655,0
245656,0
245657,4
245658,0
245659,0
245660,0
245661,4
245662,0
245663,0
245664,0
245665,0
245666,0
245667,6
245668,0
245669,0
245670,0
245671,0
245672,0
245673,0
245674,0
245675,0
245676,0
245677,5
245678,0
245679,0
245680,0
245681,9
245682,0
245683,0
245684,0
245685,0
245686,6
245687,7
245688,7
245689,0
245690,7
245691,0
245692,0
245693,6
245694,5
245695,0
245696,0
245697,0
245698,0
245699,0
245700,0
245701,0
245702,0
245703,0
245704,0
245705,0
245706,5
245707,7
245708,2
245709,3
245710,0
245711,0
245712,4
245713,0
245714,0
245715,0
245716,0
245717,0
245718,0
245719,0
245720,0
245721,3
245722,0
245723,0
245724,0
245725,6
245726,0
245727,2
245728,0
245729,0
245730,0
245731,0
245732,6
245733,0
245734,0
245735,0
245736,0
245737,3
245738,0
245739,3
245740,0
245741,0
245742,0
245743,0
245744,0
245745,0
245746,8
245747,5
245748,0
245749,5
245750,4
245751,10
245752,0
245753,0
245754,5
245755,5
245756,0
245757,0
245758,0
245759,7
245760,0
245761,0
245762,1
245763,0
245764,5
245765,0
245766,0
245767,0
245768,0
245769,0
245770,0
245771,0
245772,0
245773,0
245774,6
245775,6
245776,0
245777,0
245778,0
245779,0
245780,0
245781,0
245782,0
245783,0
245784,0
245785,4
245786,0
245787,0
245788,0
245789,4
245790,0
245791,0
245792,0
245793,9
245794,0
245795,6
245796,0
245797,0
245798,0
245799,0
245800,0
245801,0
245802,8
245803,0
245804,0
245805,3
245806,0
245807,0
245808,0
245809,0
245810,0
245811,0
245812,0
245813,0
245814,0
245815,0
245816,0
245817,0
245818,0
245819,0
245820,0
245821,0
245822,0
245823,0
245824,4
245825,0
245826,0
245827,0
245828,0
245829,7
245830,7
245831,0
245832,0
245833,0
245834,0
245835,0
245836,0
245837,0
245838,0
245839,0
245840,0
245841,0
245842,7
245843,0
245844,0
245845,0
245846,0
245847,0
245848,0
245849,0
245850,0
245851,7
245852,5
245853,0
245854,0
245855,0
245856,2
245857,0
245858,0
245859,0
245860,0
245861,0
245862,3
245863,0
245864,0
245865,0
245866,4
245867,0
245868,0
245869,0
245870,0
245871,0
245872,0
245873,0
245874,1
245875,0
245876,0
245877,2
245878,0
245879,0
245880,5
245881,0
245882,10
245883,5
245884,0
245885,0
245886,6
245887,9
245888,9
245889,0
245890,9
245891,11
245892,0
245893,0
245894,0
245895,0
245896,0
245897,0
245898,0
245899,0
245900,0
245901,0
245902,0
245903,6
245904,5
245905,0
245906,7
245907,4
245908,0
245909,0
245910,0
245911,0
245912,4
245913,4
245914,0
245915,0
245916,0
245917,6
245918,4
245919,5
245920,0
245921,0
245922,3
245923,0
245924,0
245925,0
245926,6
245927,0
245928,0
245929,4
245930,0
245931,0
245932,0
245933,0
245934,6
245935,0
245936,0
245937,0
245938,0
245939,4
245940,0
245941,0
245942,0
245943,9
245944,0
245945,1
245946,0
245947,1
245948,0
245949,0
245950,5
245951,4
245952,0
245953,0
245954,0
245955,0
245956,0
245957,0
245958,4
245959,4
245960,0
245961,1
245962,0
245963,0
245964,0
245965,0
245966,0
245967,0
245968,0
245969,0
245970,0
245971,0
245972,0
245973,0
245974,6
245975,5
245976,0
245977,0
245978,0
245979,0
245980,0
245981,0
245982,0
245983,7
245984,0
245985,4
245986,0
245987,8
245988,0
245989,0
245990,4
245991,0
245992,0
245993,10
245994,7
245995,0
245996,0
245997,0
245998,0
245999,3
246000,5
246001,0
246002,9
246003,2
246004,0
246005,4
246006,0
246007,0
246008,0
246009,0
246010,0
246011,0
246012,0
246013,7
246014,10
246015,0
246016,0
246017,0
246018,0
246019,0
246020,5
246021,0
246022,12
246023,0
246024,0
246025,7
246026,0
246027,3
246028,5
246029,0
246030,0
246031,0
246032,4
246033,0
246034,3
246035,7
246036,0
246037,0
246038,8
246039,8
246040,2
246041,0
246042,7
246043,0
246044,3
246045,0
246046,6
246047,0
246048,0
246049,0
246050,0
246051,0
246052,0
246053,0
246054,0
246055,4
246056,6
246057,4
246058,0
246059,4
246060,0
246061,0
246062,0
246063,0
246064,0
246065,0
246066,0
246067,11
246068,0
246069,0
246070,0
246071,0
246072,10
246073,0
246074,0
246075,4
246076,0
246077,8
246078,0
246079,8
246080,0
246081,0
246082,4
246083,3
246084,0
246085,0
246086,3
246087,5
246088,0
246089,0
246090,0
246091,0
246092,0
246093,0
246094,0
246095,0
246096,0
246097,0
246098,0
246099,0
246100,0
246101,4
246102,0
246103,0
246104,5
246105,0
246106,0
246107,0
246108,0
246109,0
246110,0
246111,0
246112,0
246113,0
246114,8
246115,9
246116,6
246117,0
246118,0
246119,5
246120,0
246121,2
246122,3
246123,0
246124,4
246125,0
246126,0
246127,0
246128,4
246129,0
246130,3
246131,0
246132,0
246133,0
246134,0
246135,0
246136,0
246137,0
246138,0
246139,10
246140,0
246141,0
246142,7
246143,0
246144,0
246145,0
246146,0
246147,0
246148,0
246149,0
246150,5
246151,4
246152,0
246153,0
246154,0
246155,0
246156,0
246157,0
246158,0
246159,0
246160,6
246161,0
246162,0
246163,0
246164,0
246165,4
246166,0
246167,0
246168,0
246169,0
246170,0
246171,8
246172,0
246173,0
246174,0
246175,0
246176,0
246177,10
246178,0
246179,0
246180,5
246181,0
246182,0
246183,0
246184,0
246185,0
246186,0
246187,0
246188,0
246189,0
246190,0
246191,6
246192,0
246193,6
246194,0
246195,0
246196,8
246197,5
246198,0
246199,0
246200,0
246201,3
246202,0
246203,10
246204,4
246205,0
246206,0
246207,0
246208,4
246209,6
246210,0
246211,0
246212,0
246213,0
246214,3
246215,5
246216,0
246217,0
246218,0
246219,0
246220,2
246221,0
246222,0
246223,0
246224,0
246225,0
246226,0
246227,0
246228,8
246229,0
246230,0
246231,8
246232,0
246233,0
246234,0
246235,3
246236,2
246237,0
246238,0
246239,4
246240,0
246241,0
246242,0
246243,0
246244,0
246245,7
246246,0
246247,0
246248,0
246249,0
246250,0
246251,0
246252,0
246253,5
246254,0
246255,0
246256,0
246257,0
246258,0
246259,0
246260,0
246261,0
246262,0
246263,0
246264,0
246265,0
246266,0
246267,0
246268,0
246269,0
246270,0
246271,0
246272,0
246273,0
246274,4
246275,0
246276,0
246277,6
246278,0
246279,0
246280,0
246281,8
246282,11
246283,0
246284,0
246285,0
246286,4
246287,0
246288,0
246289,0
246290,0
246291,0
246292,0
246293,0
246294,0
246295,7
246296,0
246297,0
246298,0
246299,0
246300,9
246301,12
246302,0
246303,0
246304,0
246305,0
246306,0
246307,0
246308,0
246309,0
246310,0
246311,0
246312,0
246313,0
246314,0
246315,13
246316,0
246317,0
246318,0
246319,7
246320,0
246321,0
246322,0
246323,0
246324,0
246325,13
246326,4
246327,0
246328,0
246329,3
246330,0
246331,0
246332,22
246333,0
246334,0
246335,0
246336,19
246337,0
246338,0
246339,5
246340,0
246341,0
246342,0
246343,0
246344,0
246345,0
246346,0
246347,12
246348,0
246349,5
246350,24
246351,0
246352,3
246353,0
246354,0
246355,0
246356,0
246357,0
246358,9
246359,0
246360,0
246361,0
246362,0
246363,0
246364,3
246365,6
246366,0
246367,0
246368,0
246369,0
246370,0
246371,0
246372,0
246373,0
246374,0
246375,0
246376,0
246377,0
246378,0
246379,0
246380,0
246381,0
246382,0
246383,0
246384,0
246385,0
246386,0
246387,9
246388,0
246389,0
246390,0
246391,0
246392,0
246393,0
246394,0
246395,0
246396,0
246397,0
246398,0
246399,0
246400,0
246401,0
246402,0
246403,0
246404,0
246405,13
246406,0
246407,0
246408,0
246409,0
246410,0
246411,0
246412,0
246413,0
246414,0
246415,0
246416,0
246417,0
246418,0
246419,0
246420,0
246421,0
246422,16
246423,0
246424,0
246425,0
246426,0
246427,0
246428,0
246429,10
246430,0
246431,0
246432,0
246433,0
246434,0
246435,0
246436,0
246437,0
246438,0
246439,0
246440,0
246441,0
246442,0
246443,0
246444,0
246445,0
246446,0
246447,0
246448,0
246449,0
246450,0
246451,0
246452,0
246453,0
246454,0
246455,13
246456,0
246457,0
246458,0
246459,0
246460,0
246461,0
246462,0
246463,0
246464,0
246465,0
246466,0
246467,0
246468,0
246469,0
246470,0
246471,0
246472,0
246473,10
246474,0
246475,0
246476,0
246477,5
246478,0
246479,17
246480,0
246481,0
246482,0
246483,0
246484,0
246485,0
246486,0
246487,0
246488,0
246489,0
246490,0
246491,0
246492,0
246493,0
246494,13
246495,0
246496,20
246497,0
246498,9
246499,0
246500,11
246501,0
246502,0
246503,5
246504,0
246505,0
246506,0
246507,0
246508,0
246509,0
246510,0
246511,0
246512,0
246513,0
246514,0
246515,0
246516,0
246517,0
246518,4
246519,0
246520,29
246521,9
246522,0
246523,0
246524,0
246525,0
246526,0
246527,0
246528,0
246529,0
246530,0
246531,0
246532,0
246533,0
246534,0
246535,0
246536,0
246537,0
246538,0
246539,25
246540,0
246541,0
246542,0
246543,0
246544,0
246545,0
246546,0
246547,0
246548,0
246549,0
246550,9
246551,0
246552,0
246553,0
246554,0
246555,16
246556,0
246557,0
246558,0
246559,0
246560,0
246561,0
246562,0
246563,0
246564,0
246565,4
246566,0
246567,0
246568,0
246569,0
246570,0
246571,0
246572,0
246573,0
246574,0
246575,0
246576,0
246577,0
246578,13
246579,0
246580,0
246581,0
246582,0
246583,0
246584,0
246585,0
246586,0
246587,0
246588,1
246589,0
246590,0
246591,0
246592,30
246593,0
246594,0
246595,0
246596,0
246597,0
246598,4
246599,0
246600,0
246601,0
246602,0
246603,0
246604,0
246605,0
246606,0
246607,0
246608,0
246609,4
246610,0
246611,0
246612,0
246613,0
246614,0
246615,8
246616,10
246617,0
246618,0
246619,0
246620,0
246621,6
246622,0
246623,0
246624,0
246625,0
246626,0
246627,0
246628,0
246629,0
246630,0
246631,0
246632,12
246633,0
246634,0
246635,8
246636,0
246637,0
246638,0
246639,0
246640,0
246641,0
246642,0
246643,13
246644,0
246645,0
246646,0
246647,0
246648,0
246649,0
246650,0
246651,0
246652,0
246653,0
246654,0
246655,0
246656,0
246657,0
246658,0
246659,0
246660,0
246661,10
246662,0
246663,0
246664,0
246665,0
246666,9
246667,0
246668,0
246669,12
246670,0
246671,0
246672,0
246673,0
246674,0
246675,0
246676,0
246677,0
246678,0
246679,0
246680,0
246681,0
246682,0
246683,0
246684,0
246685,0
246686,0
246687,0
246688,0
246689,0
246690,0
246691,0
246692,0
246693,0
246694,0
246695,0
246696,0
246697,0
246698,0
246699,0
246700,0
246701,0
246702,0
246703,0
246704,0
246705,0
246706,0
246707,0
246708,11
246709,0
246710,0
246711,0
246712,0
246713,0
246714,0
246715,15
246716,0
246717,0
246718,0
246719,0
246720,0
246721,0
246722,0
246723,4
246724,0
246725,0
246726,0
246727,0
246728,0
246729,0
246730,0
246731,9
246732,0
246733,0
246734,0
246735,9
246736,0
246737,0
246738,0
246739,0
246740,0
246741,0
246742,0
246743,9
246744,0
246745,0
246746,0
246747,18
246748,11
246749,0
246750,0
246751,0
246752,0
246753,0
246754,0
246755,0
246756,0
246757,4
246758,0
246759,0
246760,0
246761,0
246762,0
246763,0
246764,0
246765,2
246766,7
246767,0
246768,19
246769,0
246770,0
246771,0
246772,0
246773,0
246774,0
246775,0
246776,0
246777,0
246778,0
246779,0
246780,0
246781,0
246782,0
246783,0
246784,0
246785,0
246786,0
246787,0
246788,0
246789,0
246790,0
246791,0
246792,0
246793,0
246794,0
246795,0
246796,0
246797,0
246798,0
246799,0
246800,0
246801,0
246802,0
246803,0
246804,0
246805,0
246806,0
246807,0
246808,0
246809,0
246810,0
246811,0
246812,16
246813,0
246814,0
246815,0
246816,0
246817,0
246818,0
246819,0
246820,0
246821,0
246822,0
246823,0
246824,0
246825,13
246826,0
246827,0
246828,0
246829,0
246830,0
246831,0
246832,0
246833,0
246834,0
246835,8
246836,0
246837,0
246838,0
246839,0
246840,0
246841,18
246842,0
246843,0
246844,0
246845,0
246846,0
246847,0
246848,0
246849,0
246850,16
246851,0
246852,0
246853,0
246854,0
246855,0
246856,0
246857,0
246858,0
246859,0
246860,0
246861,0
246862,8
246863,0
246864,0
246865,11
246866,0
246867,0
246868,0
246869,0
246870,0
246871,0
246872,0
246873,0
246874,0
246875,8
246876,0
246877,0
246878,0
246879,5
246880,0
246881,0
246882,0
246883,0
246884,0
246885,0
246886,0
246887,0
246888,0
246889,9
246890,0
246891,0
246892,0
246893,0
246894,2
246895,0
246896,0
246897,0
246898,0
246899,0
246900,12
246901,0
246902,0
246903,0
246904,18
246905,0
246906,0
246907,0
246908,0
246909,0
246910,0
246911,0
246912,0
246913,0
246914,0
246915,0
246916,0
246917,0
246918,0
246919,0
246920,0
246921,0
246922,0
246923,11
246924,0
246925,0
246926,0
246927,0
246928,11
246929,0
246930,0
246931,0
246932,0
246933,0
246934,8
246935,0
246936,0
246937,0
246938,0
246939,0
246940,0
246941,0
246942,0
246943,0
246944,0
246945,0
246946,0
246947,0
246948,3
246949,8
246950,0
246951,8
246952,0
246953,0
246954,0
246955,0
246956,0
246957,0
246958,5
246959,0
246960,0
246961,0
246962,0
246963,0
246964,9
246965,0
246966,0
246967,18
246968,0
246969,0
246970,12
246971,0
246972,0
246973,0
246974,0
246975,10
246976,0
246977,0
246978,0
246979,7
246980,0
246981,0
246982,0
246983,9
246984,0
246985,0
246986,16
246987,0
246988,0
246989,0
246990,0
246991,0
246992,0
246993,0
246994,0
246995,0
246996,6
246997,0
246998,3
246999,4
247000,0
247001,0
247002,0
247003,0
247004,0
247005,16
247006,0
247007,0
247008,0
247009,0
247010,0
247011,0
247012,0
247013,0
247014,0
247015,0
247016,0
247017,0
247018,0
247019,7
247020,0
247021,0
247022,0
247023,0
247024,0
247025,0
247026,8
247027,0
247028,0
247029,0
247030,0
247031,0
247032,0
247033,0
247034,0
247035,0
247036,0
247037,9
247038,5
247039,0
247040,0
247041,0
247042,15
247043,0
247044,0
247045,0
247046,0
247047,0
247048,0
247049,0
247050,0
247051,0
247052,0
247053,0
247054,0
247055,0
247056,0
247057,0
247058,0
247059,0
247060,0
247061,0
247062,0
247063,0
247064,0
247065,14
247066,2
247067,13
247068,0
247069,0
247070,0
247071,11
247072,0
247073,0
247074,0
247075,0
247076,0
247077,0
247078,0
247079,0
247080,0
247081,0
247082,0
247083,0
247084,0
247085,0
247086,0
247087,0
247088,0
247089,0
247090,0
247091,0
247092,5
247093,0
247094,0
247095,0
247096,0
247097,0
247098,0
247099,0
247100,0
247101,0
247102,0
247103,0
247104,0
247105,0
247106,0
247107,0
247108,0
247109,0
247110,0
247111,5
247112,0
247113,0
247114,0
247115,0
247116,5
247117,0
247118,0
247119,0
247120,0
247121,0
247122,0
247123,0
247124,0
247125,0
247126,0
247127,3
247128,0
247129,0
247130,0
247131,0
247132,12
247133,0
247134,13
247135,0
247136,0
247137,0
247138,0
247139,0
247140,0
247141,0
247142,0
247143,0
247144,0
247145,0
247146,0
247147,0
247148,0
247149,0
247150,0
247151,0
247152,0
247153,0
247154,0
247155,0
247156,0
247157,0
247158,0
247159,0
247160,0
247161,0
247162,0
247163,0
247164,0
247165,0
247166,0
247167,0
247168,0
247169,0
247170,0
247171,0
247172,0
247173,0
247174,0
247175,0
247176,0
247177,0
247178,7
247179,0
247180,18
247181,0
247182,22
247183,0
247184,0
247185,31
247186,31
247187,0
247188,0
247189,0
247190,0
247191,0
247192,0
247193,0
247194,0
247195,35
247196,0
247197,0
247198,0
247199,18
247200,0
247201,35
247202,0
247203,0
247204,0
247205,0
247206,19
247207,15
247208,36
247209,22
247210,0
247211,0
247212,0
247213,0
247214,0
247215,0
247216,0
247217,0
247218,0
247219,0
247220,22
247221,0
247222,0
247223,0
247224,0
247225,0
247226,39
247227,0
247228,20
247229,0
247230,0
247231,0
247232,0
247233,0
247234,0
247235,0
247236,0
247237,0
247238,0
247239,0
247240,0
247241,18
247242,0
247243,32
247244,25
247245,0
247246,0
247247,37
247248,0
247249,0
247250,0
247251,0
247252,0
247253,20
247254,25
247255,23
247256,0
247257,26
247258,0
247259,42
247260,0
247261,41
247262,30
247263,0
247264,0
247265,0
247266,0
247267,18
247268,0
247269,0
247270,0
247271,0
247272,0
247273,0
247274,32
247275,0
247276,0
247277,40
247278,0
247279,17
247280,0
247281,25
247282,0
247283,0
247284,27
247285,19
247286,28
247287,0
247288,0
247289,0
247290,32
247291,0
247292,23
247293,0
247294,26
247295,0
247296,27
247297,26
247298,19
247299,0
247300,42
247301,0
247302,0
247303,0
247304,0
247305,25
247306,33
247307,0
247308,0
247309,43
247310,0
247311,28
247312,0
247313,0
247314,0
247315,0
247316,0
247317,0
247318,0
247319,0
247320,0
247321,45
247322,19
247323,0
247324,0
247325,0
247326,0
247327,0
247328,0
247329,0
247330,0
247331,0
247332,36
247333,30
247334,0
247335,0
247336,46
247337,0
247338,0
247339,0
247340,0
247341,0
247342,0
247343,0
247344,0
247345,28
247346,0
247347,25
247348,19
247349,0
247350,0
247351,0
247352,0
247353,0
247354,0
247355,22
247356,0
247357,0
247358,30
247359,0
247360,0
247361,0
247362,0
247363,29
247364,0
247365,32
247366,0
247367,0
247368,0
247369,0
247370,0
247371,22
247372,0
247373,0
247374,0
247375,0
247376,0
247377,23
247378,22
247379,0
247380,0
247381,0
247382,0
247383,0
247384,0
247385,0
247386,0
247387,0
247388,0
247389,0
247390,0
247391,0
247392,0
247393,0
247394,0
247395,21
247396,0
247397,0
247398,0
247399,0
247400,0
247401,28
247402,15
247403,0
247404,0
247405,22
247406,0
247407,36
247408,0
247409,0
247410,0
247411,0
247412,0
247413,29
247414,20
247415,0
247416,39
247417,30
247418,0
247419,0
247420,0
247421,17
247422,22
247423,23
247424,0
247425,0
247426,0
247427,22
247428,18
247429,22
247430,0
247431,0
247432,39
247433,0
247434,0
247435,0
247436,22
247437,20
247438,0
247439,31
247440,35
247441,0
247442,0
247443,0
247444,35
247445,0
247446,0
247447,0
247448,28
247449,0
247450,0
247451,0
247452,0
247453,21
247454,0
247455,20
247456,0
247457,30
247458,36
247459,0
247460,0
247461,23
247462,0
247463,31
247464,0
247465,27
247466,0
247467,23
247468,28
247469,0
247470,14
247471,0
247472,25
247473,36
247474,0
247475,0
247476,0
247477,0
247478,0
247479,0
247480,0
247481,21
247482,11
247483,0
247484,0
247485,0
247486,35
247487,0
247488,0
247489,0
247490,23
247491,0
247492,0
247493,26
247494,0
247495,0
247496,0
247497,23
247498,0
247499,18
247500,0
247501,0
247502,22
247503,31
247504,23
247505,0
247506,0
247507,0
247508,26
247509,0
247510,0
247511,0
247512,0
247513,22
247514,0
247515,0
247516,0
247517,0
247518,0
247519,0
247520,0
247521,0
247522,0
247523,26
247524,0
247525,0
247526,0
247527,0
247528,0
247529,0
247530,0
247531,0
247532,0
247533,0
247534,40
247535,0
247536,33
247537,27
247538,0
247539,0
247540,19
247541,0
247542,35
247543,0
247544,30
247545,0
247546,29
247547,22
247548,0
247549,0
247550,0
247551,0
247552,0
247553,0
247554,0
247555,27
247556,23
247557,0
247558,0
247559,0
247560,0
247561,0
247562,25
247563,0
247564,0
247565,0
247566,0
247567,0
247568,17
247569,0
247570,0
247571,0
247572,27
247573,0
247574,0
247575,0
247576,27
247577,0
247578,0
247579,0
247580,0
247581,30
247582,0
247583,0
247584,0
247585,0
247586,0
247587,0
247588,39
247589,18
247590,0
247591,27
247592,0
247593,0
247594,0
247595,0
247596,24
247597,0
247598,38
247599,0
247600,0
247601,19
247602,0
247603,37
247604,30
247605,0
247606,37
247607,0
247608,35
247609,0
247610,0
247611,0
247612,0
247613,0
247614,0
247615,15
247616,0
247617,0
247618,0
247619,0
247620,0
247621,33
247622,0
247623,0
247624,0
247625,0
247626,0
247627,0
247628,0
247629,0
247630,0
247631,0
247632,0
247633,0
247634,0
247635,27
247636,33
247637,0
247638,0
247639,0
247640,0
247641,0
247642,0
247643,0
247644,24
247645,28
247646,0
247647,0
247648,0
247649,0
247650,0
247651,0
247652,0
247653,0
247654,33
247655,0
247656,0
247657,21
247658,0
247659,0
247660,0
247661,0
247662,23
247663,0
247664,0
247665,0
247666,0
247667,43
247668,27
247669,0
247670,0
247671,0
247672,0
247673,0
247674,26
247675,0
247676,0
247677,0
247678,0
247679,0
247680,0
247681,31
247682,0
247683,0
247684,0
247685,0
247686,0
247687,0
247688,0
247689,21
247690,0
247691,0
247692,0
247693,0
247694,21
247695,0
247696,0
247697,25
247698,0
247699,0
247700,0
247701,0
247702,0
247703,0
247704,0
247705,0
247706,0
247707,38
247708,0
247709,0
247710,0
247711,0
247712,0
247713,0
247714,0
247715,0
247716,0
247717,0
247718,0
247719,0
247720,0
247721,0
247722,0
247723,23
247724,0
247725,0
247726,0
247727,0
247728,0
247729,29
247730,37
247731,0
247732,18
247733,0
247734,0
247735,0
247736,0
247737,0
247738,0
247739,0
247740,0
247741,0
247742,0
247743,0
247744,0
247745,0
247746,0
247747,0
247748,0
247749,0
247750,0
247751,0
247752,0
247753,0
247754,0
247755,16
247756,27
247757,33
247758,0
247759,0
247760,0
247761,0
247762,0
247763,0
247764,0
247765,29
247766,0
247767,0
247768,0
247769,0
247770,26
247771,0
247772,0
247773,0
247774,23
247775,15
247776,0
247777,0
247778,0
247779,0
247780,0
247781,29
247782,0
247783,0
247784,0
247785,0
247786,0
247787,62
247788,0
247789,0
247790,0
247791,0
247792,0
247793,0
247794,0
247795,0
247796,0
247797,0
247798,0
247799,0
247800,27
247801,46
247802,0
247803,0
247804,0
247805,0
247806,0
247807,0
247808,0
247809,0
247810,0
247811,0
247812,0
247813,0
247814,0
247815,0
247816,0
247817,0
247818,12
247819,0
247820,0
247821,0
247822,0
247823,0
247824,0
247825,47
247826,10
247827,0
247828,0
247829,0
247830,0
247831,0
247832,0
247833,0
247834,0
247835,0
247836,0
247837,0
247838,0
247839,31
247840,0
247841,0
247842,0
247843,0
247844,0
247845,0
247846,57
247847,0
247848,41
247849,88
247850,0
247851,0
247852,0
247853,0
247854,0
247855,0
247856,0
247857,0
247858,41
247859,0
247860,0
247861,0
247862,0
247863,0
247864,0
247865,0
247866,0
247867,21
247868,0
247869,0
247870,0
247871,0
247872,0
247873,0
247874,24
247875,19
247876,0
247877,0
247878,43
247879,0
247880,0
247881,0
247882,0
247883,0
247884,0
247885,0
247886,86
247887,0
247888,29
247889,0
247890,37
247891,0
247892,0
247893,0
247894,0
247895,30
247896,0
247897,0
247898,0
247899,0
247900,0
247901,0
247902,34
247903,32
247904,0
247905,0
247906,0
247907,0
247908,53
247909,0
247910,0
247911,0
247912,57
247913,30
247914,0
247915,0
247916,0
247917,0
247918,0
247919,0
247920,0
247921,0
247922,0
247923,0
247924,0
247925,0
247926,40
247927,0
247928,44
247929,0
247930,0
247931,0
247932,0
247933,0
247934,0
247935,0
247936,14
247937,0
247938,38
247939,0
247940,0
247941,0
247942,0
247943,0
247944,0
247945,0
247946,0
247947,0
247948,0
247949,0
247950,0
247951,24
247952,19
247953,12
247954,0
247955,27
247956,0
247957,0
247958,31
247959,0
247960,0
247961,28
247962,43
247963,0
247964,0
247965,0
247966,0
247967,0
247968,0
247969,0
247970,0
247971,0
247972,0
247973,0
247974,0
247975,0
247976,0
247977,0
247978,0
247979,0
247980,0
247981,0
247982,26
247983,0
247984,0
247985,48
247986,19
247987,0
247988,0
247989,0
247990,0
247991,0
247992,0
247993,0
247994,0
247995,0
247996,0
247997,0
247998,0
247999,45
248000,0
248001,0
248002,0
248003,0
248004,28
248005,0
248006,0
248007,0
248008,0
248009,0
248010,0
248011,0
248012,39
248013,0
248014,0
248015,0
248016,0
248017,32
248018,0
248019,0
248020,0
248021,0
248022,0
248023,0
248024,20
248025,0
248026,0
248027,0
248028,0
248029,0
248030,25
248031,0
248032,0
248033,0
248034,0
248035,0
248036,0
248037,0
248038,36
248039,24
248040,56
248041,0
248042,0
248043,0
248044,0
248045,0
248046,0
248047,0
248048,0
248049,18
248050,0
248051,0
248052,0
248053,15
248054,0
248055,0
248056,0
248057,24
248058,0
248059,0
248060,0
248061,0
248062,0
248063,23
248064,0
248065,0
248066,0
248067,0
248068,0
248069,0
248070,0
248071,0
248072,0
248073,0
248074,0
248075,25
248076,0
248077,0
248078,0
248079,0
248080,49
248081,0
248082,48
248083,0
248084,21
248085,27
248086,0
248087,0
248088,0
248089,0
248090,19
248091,0
248092,0
248093,0
248094,25
248095,0
248096,0
248097,0
248098,0
248099,0
248100,0
248101,35
248102,0
248103,0
248104,0
248105,0
248106,0
248107,0
248108,0
248109,27
248110,32
248111,0
248112,0
248113,0
248114,0
248115,0
248116,0
248117,0
248118,0
248119,0
248120,0
248121,0
248122,19
248123,35
248124,0
248125,0
248126,0
248127,0
248128,0
248129,0
248130,0
248131,0
248132,0
248133,0
248134,0
248135,35
248136,0
248137,0
248138,0
248139,62
248140,0
248141,0
248142,0
248143,0
248144,0
248145,0
248146,25
248147,0
248148,0
248149,0
248150,0
248151,0
248152,0
248153,0
248154,0
248155,0
248156,0
248157,0
248158,0
248159,0
248160,0
248161,48
248162,0
248163,0
248164,0
248165,0
248166,0
248167,0
248168,55
248169,24
248170,0
248171,0
248172,0
248173,0
248174,31
248175,0
248176,0
248177,0
248178,0
248179,0
248180,0
248181,25
248182,0
248183,0
248184,0
248185,0
248186,51
248187,0
248188,0
248189,0
248190,0
248191,0
248192,0
248193,0
248194,34
248195,0
248196,0
248197,32
248198,0
248199,0
248200,0
248201,0
248202,0
248203,0
248204,29
248205,0
248206,0
248207,0
248208,0
248209,0
248210,0
248211,0
248212,0
248213,0
248214,0
248215,0
248216,0
248217,0
248218,30
248219,0
248220,0
248221,0
248222,0
248223,0
248224,0
248225,0
248226,0
248227,18
248228,34
248229,0
248230,23
248231,0
248232,20
248233,0
248234,0
248235,0
248236,0
248237,0
248238,0
248239,0
248240,0
248241,0
248242,29
248243,0
248244,0
248245,0
248246,0
248247,0
248248,0
248249,0
248250,0
248251,13
248252,0
248253,24
248254,0
248255,0
248256,0
248257,0
248258,62
248259,0
248260,0
248261,0
248262,0
248263,0
248264,0
248265,31
248266,0
248267,0
248268,0
248269,0
248270,0
248271,0
248272,34
248273,0
248274,0
248275,29
248276,0
248277,0
248278,0
248279,63
248280,0
248281,31
248282,0
248283,0
248284,10
248285,0
248286,0
248287,0
248288,0
248289,14
248290,0
248291,0
248292,44
248293,0
248294,0
248295,0
248296,0
248297,0
248298,0
248299,0
248300,29
248301,0
248302,0
248303,0
248304,31
248305,0
248306,0
248307,24
248308,38
248309,0
248310,0
248311,0
248312,0
248313,0
248314,0
248315,0
248316,0
248317,0
248318,0
248319,0
248320,0
248321,0
248322,0
248323,61
248324,31
248325,0
248326,0
248327,0
248328,35
248329,0
248330,0
248331,0
248332,0
248333,0
248334,0
248335,0
248336,60
248337,22
248338,0
248339,0
248340,67
248341,0
248342,23
248343,0
248344,0
248345,0
248346,0
248347,0
248348,0
248349,0
248350,13
248351,0
248352,0
248353,0
248354,0
248355,0
248356,0
248357,0
248358,54
248359,0
248360,0
248361,0
248362,47
248363,0
248364,0
248365,0
248366,0
248367,0
248368,0
248369,0
248370,72
248371,0
248372,0
248373,0
248374,0
248375,22
248376,0
248377,0
248378,0
248379,0
248380,0
248381,0
248382,0
248383,0
248384,0
248385,0
248386,0
248387,34
248388,0
248389,0
248390,0
248391,0
248392,0
248393,0
248394,0
248395,10
248396,0
248397,0
248398,0
248399,0
248400,0
248401,32
248402,0
248403,0
248404,16
248405,0
248406,0
248407,0
248408,48
248409,0
248410,0
248411,0
248412,0
248413,0
248414,0
248415,0
248416,0
248417,0
248418,0
248419,0
248420,0
248421,0
248422,0
248423,0
248424,0
248425,0
248426,32
248427,0
248428,0
248429,0
248430,0
248431,7
248432,0
248433,0
248434,0
248435,0
248436,0
248437,45
248438,0
248439,0
248440,0
248441,0
248442,46
248443,0
248444,0
248445,0
248446,0
248447,0
248448,0
248449,31
248450,0
248451,31
248452,0
248453,0
248454,0
248455,0
248456,0
248457,0
248458,0
248459,36
248460,0
248461,20
248462,0
248463,0
248464,0
248465,0
248466,0
248467,0
248468,37
248469,0
248470,0
248471,0
248472,0
248473,0
248474,0
248475,0
248476,0
248477,0
248478,0
248479,0
248480,0
248481,0
248482,0
248483,0
248484,0
248485,0
248486,0
248487,39
248488,78
248489,41
248490,17
248491,0
248492,0
248493,0
248494,0
248495,0
248496,0
248497,0
248498,0
248499,36
248500,0
248501,0
248502,68
248503,0
248504,0
248505,0
248506,0
248507,0
248508,0
248509,0
248510,58
248511,0
248512,0
248513,0
248514,27
248515,0
248516,0
248517,0
248518,0
248519,0
248520,0
248521,0
248522,0
248523,0
248524,0
248525,0
248526,25
248527,0
248528,0
248529,0
248530,0
248531,0
248532,0
248533,12
248534,36
248535,0
248536,0
248537,46
248538,32
248539,0
248540,0
248541,0
248542,19
248543,0
248544,0
248545,0
248546,0
248547,0
248548,0
248549,0
248550,0
248551,0
248552,0
248553,54
248554,0
248555,0
248556,0
248557,0
248558,0
248559,0
248560,38
248561,0
248562,0
248563,0
248564,0
248565,0
248566,0
248567,0
248568,0
248569,0
248570,0
248571,0
248572,0
248573,0
248574,0
248575,0
248576,0
248577,0
248578,0
248579,57
248580,0
248581,0
248582,22
248583,0
248584,0
248585,0
248586,26
248587,0
248588,0
248589,26
248590,0
248591,0
248592,0
248593,0
248594,0
248595,0
248596,0
248597,0
248598,0
248599,0
248600,34
248601,29
248602,0
248603,0
248604,0
248605,0
248606,0
248607,0
248608,0
248609,0
248610,0
248611,0
248612,0
248613,0
248614,0
248615,0
248616,0
248617,0
248618,0
248619,0
248620,0
248621,0
248622,0
248623,0
248624,0
248625,0
248626,29
248627,0
248628,0
248629,0
248630,0
248631,0
248632,0
248633,0
248634,0
248635,0
248636,0
248637,0
248638,0
248639,0
248640,0
248641,0
248642,0
248643,0
248644,0
248645,0
248646,0
248647,0
248648,0
248649,0
248650,0
248651,0
248652,0
248653,0
248654,0
248655,0
248656,0
248657,0
248658,0
248659,0
248660,0
248661,0
248662,0
248663,0
248664,0
248665,0
248666,0
248667,0
248668,0
248669,0
248670,0
248671,30
248672,0
248673,0
248674,0
248675,0
248676,19
248677,0
248678,40
248679,0
248680,0
248681,0
248682,0
248683,0
248684,0
248685,0
248686,0
248687,0
248688,0
248689,0
248690,0
248691,0
248692,0
248693,0
248694,0
248695,0
248696,0
248697,0
248698,38
248699,0
248700,0
248701,0
248702,0
248703,0
248704,0
248705,0
248706,0
248707,0
248708,0
248709,0
248710,0
248711,0
248712,0
248713,0
248714,0
248715,0
248716,0
248717,0
248718,0
248719,0
248720,0
248721,0
248722,0
248723,0
248724,0
248725,0
248726,0
248727,0
248728,0
248729,0
248730,0
248731,0
248732,0
248733,0
248734,0
248735,0
248736,0
248737,0
248738,0
248739,0
248740,0
248741,0
248742,25
248743,0
248744,0
248745,0
248746,30
248747,0
248748,0
248749,0
248750,0
248751,30
248752,0
248753,0
248754,0
248755,0
248756,0
248757,0
248758,0
248759,0
248760,0
248761,0
248762,0
248763,0
248764,0
248765,32
248766,0
248767,0
248768,0
248769,0
248770,0
248771,0
248772,0
248773,0
248774,0
248775,0
248776,0
248777,0
248778,0
248779,0
248780,0
248781,0
248782,0
248783,0
248784,22
248785,0
248786,0
248787,27
248788,0
248789,0
248790,0
248791,23
248792,29
248793,0
248794,0
248795,0
248796,32
248797,24
248798,0
248799,0
248800,28
248801,0
248802,0
248803,0
248804,0
248805,0
248806,18
248807,0
248808,0
248809,0
248810,0
248811,0
248812,0
248813,0
248814,0
248815,0
248816,0
248817,0
248818,0
248819,0
248820,19
248821,0
248822,0
248823,0
248824,0
248825,0
248826,0
248827,0
248828,0
248829,0
248830,25
248831,0
248832,0
248833,0
248834,0
248835,35
248836,0
248837,0
248838,20
248839,30
248840,0
248841,0
248842,0
248843,0
248844,0
248845,0
248846,0
248847,34
248848,0
248849,27
248850,0
248851,13
248852,0
248853,0
248854,0
248855,0
248856,0
248857,0
248858,0
248859,27
248860,21
248861,0
248862,0
248863,30
248864,0
248865,0
248866,0
248867,0
248868,0
248869,0
248870,0
248871,0
248872,0
248873,0
248874,0
248875,0
248876,28
248877,0
248878,40
248879,0
248880,0
248881,0
248882,0
248883,0
248884,29
248885,0
248886,0
248887,0
248888,0
248889,0
248890,0
248891,0
248892,0
248893,0
248894,0
248895,0
248896,0
248897,28
248898,0
248899,0
248900,0
248901,0
248902,0
248903,0
248904,0
248905,0
248906,0
248907,0
248908,0
248909,25
248910,0
248911,0
248912,0
248913,0
248914,0
248915,0
248916,0
248917,23
248918,0
248919,0
248920,24
248921,0
248922,0
248923,0
248924,0
248925,0
248926,18
248927,0
248928,0
248929,0
248930,0
248931,0
248932,0
248933,0
248934,0
248935,0
248936,0
248937,0
248938,0
248939,0
248940,0
248941,0
248942,0
248943,0
248944,0
248945,0
248946,0
248947,0
248948,0
248949,0
248950,0
248951,0
248952,18
248953,0
248954,0
248955,0
248956,22
248957,0
248958,0
248959,0
248960,0
248961,0
248962,0
248963,0
248964,0
248965,0
248966,0
248967,0
248968,0
248969,0
248970,0
248971,30
248972,0
248973,0
248974,0
248975,0
248976,0
248977,0
248978,26
248979,0
248980,0
248981,0
248982,0
248983,0
248984,0
248985,0
248986,23
248987,0
248988,0
248989,31
248990,0
248991,0
248992,0
248993,0
248994,29
248995,0
248996,0
248997,19
248998,0
248999,0
249000,0
249001,20
249002,0
249003,26
249004,0
249005,0
249006,19
249007,19
249008,0
249009,0
249010,0
249011,0
249012,0
249013,0
249014,0
249015,0
249016,0
249017,0
249018,0
249019,0
249020,0
249021,27
249022,0
249023,0
249024,0
249025,0
249026,0
249027,0
249028,0
249029,0
249030,17
249031,29
249032,0
249033,0
249034,26
249035,0
249036,0
249037,0
249038,29
249039,0
249040,0
249041,23
249042,29
249043,21
249044,0
249045,20
249046,0
249047,0
249048,0
249049,20
249050,0
249051,0
249052,0
249053,22
249054,0
249055,35
249056,0
249057,0
249058,0
249059,0
249060,0
249061,0
249062,0
249063,0
249064,0
249065,0
249066,0
249067,23
249068,0
249069,0
249070,0
249071,0
249072,0
249073,20
249074,0
249075,0
249076,0
249077,0
249078,0
249079,29
249080,0
249081,0
249082,0
249083,0
249084,0
249085,0
249086,0
249087,0
249088,0
249089,0
249090,0
249091,0
249092,26
249093,0
249094,0
249095,0
249096,0
249097,0
249098,0
249099,0
249100,22
249101,0
249102,0
249103,22
249104,0
249105,0
249106,0
249107,12
249108,0
249109,0
249110,0
249111,0
249112,0
249113,0
249114,29
249115,19
249116,21
249117,0
249118,0
249119,17
249120,0
249121,0
249122,0
249123,0
249124,0
249125,16
249126,0
249127,0
249128,0
249129,0
249130,0
249131,0
249132,0
249133,0
249134,0
249135,0
249136,0
249137,0
249138,0
249139,0
249140,0
249141,0
249142,13
249143,0
249144,0
249145,0
249146,0
249147,0
249148,0
249149,0
249150,22
249151,0
249152,0
249153,0
249154,0
249155,33
249156,0
249157,24
249158,16
249159,0
249160,45
249161,30
249162,19
249163,0
249164,0
249165,24
249166,0
249167,0
249168,23
249169,29
249170,0
249171,0
249172,0
249173,0
249174,0
249175,28
249176,23
249177,0
249178,0
249179,29
249180,0
249181,0
249182,0
249183,0
249184,0
249185,26
249186,0
249187,0
249188,0
249189,0
249190,0
249191,0
249192,0
249193,18
249194,0
249195,0
249196,0
249197,26
249198,19
249199,0
249200,0
249201,0
249202,0
249203,24
249204,0
249205,0
249206,0
249207,0
249208,0
249209,0
249210,30
249211,29
249212,0
249213,0
249214,32
249215,0
249216,0
249217,0
249218,0
249219,0
249220,0
249221,0
249222,0
249223,0
249224,0
249225,0
249226,0
249227,0
249228,0
249229,0
249230,0
249231,0
249232,0
249233,0
249234,0
249235,0
249236,0
249237,24
249238,0
249239,0
249240,0
249241,0
249242,17
249243,26
249244,0
249245,0
249246,24
249247,0
249248,0
249249,23
249250,0
249251,0
249252,0
249253,0
249254,0
249255,0
249256,0
249257,0
249258,0
249259,0
249260,0
249261,0
249262,0
249263,0
249264,0
249265,0
249266,0
249267,0
249268,0
249269,0
249270,0
249271,0
249272,0
249273,0
249274,0
249275,0
249276,27
249277,0
249278,0
249279,0
249280,0
249281,29
249282,0
249283,0
249284,0
249285,0
249286,0
249287,0
249288,26
249289,37
249290,0
249291,0
249292,28
249293,0
249294,0
249295,34
249296,0
249297,0
249298,0
249299,0
249300,0
249301,0
249302,26
249303,21
249304,0
249305,0
249306,0
249307,0
249308,0
249309,0
249310,0
249311,0
249312,15
249313,0
249314,0
249315,34
249316,0
249317,0
249318,0
249319,0
249320,0
249321,37
249322,0
249323,0
249324,0
249325,27
249326,0
249327,0
249328,0
249329,0
249330,0
249331,0
249332,0
249333,0
249334,0
249335,0
249336,0
249337,0
249338,19
249339,0
249340,0
249341,0
249342,0
249343,0
249344,0
249345,0
249346,22
249347,0
249348,0
249349,0
249350,0
249351,0
249352,0
249353,0
249354,0
249355,0
249356,0
249357,0
249358,34
249359,0
249360,0
249361,0
249362,0
249363,25
249364,0
249365,0
249366,24
249367,0
249368,30
249369,0
249370,0
249371,0
249372,0
249373,0
249374,0
249375,32
249376,0
249377,17
249378,0
249379,0
249380,29
249381,29
249382,0
249383,0
249384,0
249385,0
249386,0
249387,0
249388,0
249389,0
249390,0
249391,0
249392,0
249393,0
249394,0
249395,0
249396,0
249397,0
249398,0
249399,0
249400,25
249401,0
249402,0
249403,0
249404,26
249405,0
249406,21
249407,0
249408,0
249409,0
249410,0
249411,20
249412,0
249413,30
249414,0
249415,0
249416,0
249417,0
249418,0
249419,0
249420,0
249421,0
249422,0
249423,0
249424,0
249425,27
249426,0
249427,0
249428,0
249429,0
249430,28
249431,0
249432,0
249433,0
249434,0
249435,0
249436,0
249437,0
249438,0
249439,0
249440,0
249441,26
249442,0
249443,0
249444,0
249445,34
249446,38
249447,0
249448,0
249449,20
249450,0
249451,0
249452,0
249453,0
249454,0
249455,0
249456,0
249457,20
249458,0
249459,0
249460,0
249461,0
249462,0
249463,36
249464,19
249465,31
249466,0
249467,33
249468,0
249469,0
249470,0
249471,0
249472,0
249473,0
249474,0
249475,0
249476,20
249477,0
249478,0
249479,0
249480,0
249481,0
249482,20
249483,0
249484,0
249485,0
249486,0
249487,0
249488,0
249489,0
249490,18
249491,0
249492,20
249493,17
249494,18
249495,20
249496,0
249497,0
249498,0
249499,0
249500,0
249501,0
249502,0
249503,0
249504,0
249505,14
249506,20
249507,0
249508,0
249509,25
249510,26
249511,0
249512,0
249513,0
249514,0
249515,0
249516,0
249517,0
249518,0
249519,0
249520,0
249521,0
249522,0
249523,0
249524,0
249525,0
249526,1
249527,0
249528,0
249529,0
249530,0
249531,0
249532,0
249533,0
249534,0
249535,0
249536,0
249537,0
249538,0
249539,0
249540,0
249541,0
249542,0
249543,0
249544,0
249545,0
249546,0
249547,0
249548,0
249549,0
249550,0
249551,0
249552,0
249553,0
249554,0
249555,0
249556,0
249557,0
249558,0
249559,0
249560,0
249561,0
249562,0
249563,0
249564,0
249565,0
249566,0
249567,0
249568,0
249569,0
249570,0
249571,0
249572,0
249573,0
249574,0
249575,0
249576,0
249577,0
249578,0
249579,0
249580,0
249581,0
249582,0
249583,0
249584,0
249585,0
249586,0
249587,0
249588,0
249589,0
249590,0
249591,0
249592,0
249593,0
249594,0
249595,0
249596,0
249597,0
249598,0
249599,0
249600,0
249601,0
249602,0
249603,0
249604,0
249605,0
249606,0
249607,0
249608,0
249609,0
249610,0
249611,0
249612,0
249613,0
249614,0
249615,0
249616,0
249617,0
249618,0
249619,0
249620,0
249621,0
249622,0
249623,0
249624,0
249625,0
249626,0
249627,0
249628,0
249629,0
249630,0
249631,0
249632,0
249633,0
249634,0
249635,0
249636,0
249637,0
249638,0
249639,0
249640,0
249641,0
249642,0
249643,0
249644,0
249645,0
249646,0
249647,0
249648,0
249649,0
249650,1
249651,0
249652,0
249653,0
249654,0
249655,0
249656,0
249657,0
249658,0
249659,44
249660,39
249661,37
249662,0
249663,0
249664,0
249665,0
249666,0
249667,0
249668,27
249669,0
249670,0
249671,38
249672,0
249673,42
249674,0
249675,67
249676,0
249677,0
249678,0
249679,0
249680,26
249681,0
249682,0
249683,0
249684,0
249685,0
249686,0
249687,0
249688,0
249689,34
249690,0
249691,0
249692,0
249693,0
249694,0
249695,0
249696,0
249697,0
249698,0
249699,0
249700,0
249701,0
249702,0
249703,0
249704,0
249705,0
249706,0
249707,0
249708,0
249709,0
249710,0
249711,0
249712,0
249713,0
249714,0
249715,0
249716,0
249717,0
249718,46
249719,0
249720,0
249721,27
249722,0
249723,36
249724,0
249725,34
249726,0
249727,0
249728,0
249729,0
249730,32
249731,0
249732,38
249733,0
249734,0
249735,37
249736,0
249737,0
249738,0
249739,0
249740,0
249741,0
249742,0
249743,26
249744,0
249745,0
249746,0
249747,0
249748,0
249749,0
249750,38
249751,40
249752,37
249753,0
249754,0
249755,0
249756,0
249757,0
249758,59
249759,38
249760,0
249761,0
249762,0
249763,0
249764,22
249765,0
249766,0
249767,0
249768,0
249769,0
249770,0
249771,0
249772,0
249773,0
249774,0
249775,0
249776,25
249777,0
249778,0
249779,0
249780,0
249781,0
249782,0
249783,0
249784,0
249785,0
249786,0
249787,0
249788,0
249789,38
249790,0
249791,0
249792,0
249793,0
249794,0
249795,42
249796,44
249797,0
249798,37
249799,0
249800,0
249801,27
249802,26
249803,0
249804,0
249805,22
249806,22
249807,42
249808,60
249809,43
249810,0
249811,0
249812,0
249813,0
249814,0
249815,26
249816,0
249817,0
249818,0
249819,0
249820,0
249821,0
249822,0
249823,0
249824,0
249825,33
249826,0
249827,0
249828,0
249829,0
249830,0
249831,0
249832,0
249833,0
249834,0
249835,0
249836,0
249837,0
249838,0
249839,0
249840,0
249841,0
249842,0
249843,0
249844,25
249845,0
249846,0
249847,0
249848,37
249849,0
249850,28
249851,0
249852,0
249853,0
249854,29
249855,34
249856,0
249857,0
249858,41
249859,32
249860,0
249861,31
249862,34
249863,0
249864,0
249865,34
249866,32
249867,0
249868,0
249869,0
249870,33
249871,0
249872,0
249873,42
249874,0
249875,0
249876,0
249877,32
249878,0
249879,0
249880,43
249881,0
249882,28
249883,29
249884,0
249885,0
249886,0
249887,0
249888,0
249889,0
249890,0
249891,0
249892,0
249893,0
249894,0
249895,0
249896,0
249897,0
249898,0
249899,37
249900,0
249901,0
249902,0
249903,0
249904,0
249905,0
249906,0
249907,0
249908,0
249909,0
249910,0
249911,0
249912,0
249913,36
249914,0
249915,0
249916,0
249917,0
249918,0
249919,0
249920,0
249921,0
249922,0
249923,0
249924,0
249925,0
249926,0
249927,0
249928,41
249929,43
249930,0
249931,0
249932,44
249933,0
249934,0
249935,44
249936,0
249937,0
249938,0
249939,36
249940,34
249941,0
249942,0
249943,0
249944,0
249945,0
249946,0
249947,0
249948,0
249949,0
249950,0
249951,0
249952,23
249953,22
249954,0
249955,0
249956,0
249957,0
249958,0
249959,0
249960,0
249961,0
249962,0
249963,0
249964,0
249965,0
249966,0
249967,36
249968,59
249969,0
249970,0
249971,0
249972,0
249973,40
249974,0
249975,0
249976,0
249977,0
249978,0
249979,0
249980,0
249981,0
249982,31
249983,0
249984,41
249985,0
249986,0
249987,0
249988,0
249989,0
249990,0
249991,0
249992,4
249993,23
249994,44
249995,0
249996,16
249997,0
249998,0
249999,0
250000,0
250001,0
250002,29
250003,0
250004,0
250005,33
250006,17
250007,10
250008,0
250009,0
250010,0
250011,11
250012,0
250013,0
250014,0
250015,0
250016,0
250017,0
250018,0
250019,0
250020,0
250021,0
250022,27
250023,0
250024,0
250025,0
250026,0
250027,0
250028,0
250029,32
250030,29
250031,25
250032,0
250033,23
250034,0
250035,0
250036,37
250037,0
250038,0
250039,0
250040,44
250041,23
250042,0
250043,18
250044,29
250045,22
250046,0
250047,0
250048,0
250049,0
250050,11
250051,0
250052,0
250053,0
250054,0
250055,0
250056,0
250057,0
250058,0
250059,0
250060,0
250061,0
250062,33
250063,20
250064,32
250065,0
250066,0
250067,0
250068,0
250069,24
250070,0
250071,0
250072,0
250073,0
250074,26
250075,0
250076,0
250077,0
250078,0
250079,0
250080,40
250081,18
250082,0
250083,19
250084,22
250085,15
250086,0
250087,0
250088,0
250089,0
250090,37
250091,45
250092,24
250093,0
250094,0
250095,0
250096,30
250097,0
250098,0
250099,37
250100,0
250101,0
250102,31
250103,0
250104,0
250105,0
250106,15
250107,33
250108,0
250109,0
250110,28
250111,0
250112,0
250113,0
250114,27
250115,0
250116,0
250117,0
250118,0
250119,9
250120,0
250121,0
250122,0
250123,0
250124,25
250125,18
250126,0
250127,0
250128,0
250129,0
250130,0
250131,21
250132,0
250133,0
250134,25
250135,19
250136,15
250137,0
250138,0
250139,0
250140,0
250141,0
250142,40
250143,0
250144,21
250145,0
250146,0
250147,21
250148,0
250149,0
250150,0
250151,0
250152,24
250153,18
250154,0
250155,0
250156,0
250157,23
250158,0
250159,0
250160,0
250161,0
250162,0
250163,25
250164,0
250165,0
250166,14
250167,19
250168,0
250169,20
250170,0
250171,0
250172,0
250173,0
250174,0
250175,0
250176,0
250177,0
250178,0
250179,20
250180,0
250181,0
250182,0
250183,0
250184,0
250185,0
250186,0
250187,0
250188,0
250189,0
250190,0
250191,0
250192,30
250193,0
250194,0
250195,0
250196,25
250197,28
250198,0
250199,26
250200,32
250201,0
250202,0
250203,0
250204,0
250205,0
250206,0
250207,0
250208,24
250209,20
250210,31
250211,0
250212,0
250213,0
250214,0
250215,28
250216,0
250217,0
250218,0
250219,0
250220,31
250221,0
250222,0
250223,0
250224,0
250225,0
250226,0
250227,0
250228,0
250229,33
250230,0
250231,0
250232,36
250233,0
250234,19
250235,0
250236,0
250237,19
250238,0
250239,33
250240,23
250241,25
250242,0
250243,0
250244,0
250245,29
250246,35
250247,0
250248,31
250249,0
250250,0
250251,0
250252,0
250253,0
250254,12
250255,0
250256,0
250257,0
250258,0
250259,0
250260,27
250261,0
250262,0
250263,18
250264,0
250265,0
250266,0
250267,0
250268,0
250269,0
250270,0
250271,0
250272,0
250273,0
250274,0
250275,43
250276,0
250277,0
250278,0
250279,0
250280,0
250281,18
250282,0
250283,0
250284,0
250285,25
250286,0
250287,0
250288,0
250289,0
250290,0
250291,0
250292,0
250293,0
250294,0
250295,0
250296,0
250297,0
250298,0
250299,0
250300,0
250301,0
250302,0
250303,0
250304,30
250305,0
250306,0
250307,0
250308,0
250309,26
250310,0
250311,0
250312,0
250313,26
250314,30
250315,0
250316,0
250317,21
250318,0
250319,0
250320,0
250321,0
250322,0
250323,0
250324,0
250325,0
250326,0
250327,0
250328,28
250329,0
250330,0
250331,0
250332,0
250333,35
250334,0
250335,0
250336,34
250337,18
250338,0
250339,24
250340,17
250341,40
250342,0
250343,24
250344,0
250345,0
250346,0
250347,0
250348,0
250349,0
250350,0
250351,0
250352,0
250353,0
250354,0
250355,0
250356,0
250357,0
250358,0
250359,20
250360,33
250361,0
250362,20
250363,0
250364,25
250365,0
250366,0
250367,0
250368,0
250369,0
250370,19
250371,36
250372,29
250373,0
250374,0
250375,27
250376,13
250377,18
250378,0
250379,0
250380,0
250381,0
250382,0
250383,0
250384,0
250385,17
250386,0
250387,0
250388,0
250389,0
250390,25
250391,0
250392,40
250393,0
250394,0
250395,0
250396,0
250397,0
250398,0
250399,0
250400,21
250401,0
250402,0
250403,27
250404,0
250405,0
250406,0
250407,0
250408,29
250409,0
250410,22
250411,0
250412,0
250413,27
250414,0
250415,0
250416,0
250417,18
250418,0
250419,0
250420,0
250421,0
250422,19
250423,0
250424,23
250425,0
250426,0
250427,0
250428,0
250429,19
250430,0
250431,0
250432,0
250433,0
250434,0
250435,31
250436,0
250437,0
250438,21
250439,29
250440,0
250441,0
250442,20
250443,0
250444,0
250445,0
250446,0
250447,0
250448,0
250449,25
250450,0
250451,29
250452,0
250453,0
250454,41
250455,25
250456,0
250457,25
250458,28
250459,0
250460,0
250461,0
250462,0
250463,0
250464,0
250465,23
250466,23
250467,20
250468,0
250469,0
250470,0
250471,0
250472,27
250473,0
250474,0
250475,24
250476,0
250477,0
250478,17
250479,28
250480,0
250481,0
250482,0
250483,0
250484,24
250485,0
250486,30
250487,0
250488,0
250489,0
250490,0
250491,0
250492,0
250493,27
250494,25
250495,29
250496,13
250497,0
250498,25
250499,0
250500,22
250501,17
250502,25
250503,0
250504,0
250505,17
250506,0
250507,11
250508,0
250509,0
250510,0
250511,0
250512,23
250513,0
250514,0
250515,0
250516,0
250517,0
250518,0
250519,0
250520,27
250521,42
250522,0
250523,0
250524,0
250525,0
250526,0
250527,0
250528,0
250529,0
250530,0
250531,0
250532,0
250533,22
250534,35
250535,0
250536,0
250537,0
250538,0
250539,28
250540,0
250541,0
250542,34
250543,0
250544,0
250545,0
250546,0
250547,0
250548,0
250549,12
250550,0
250551,0
250552,0
250553,0
250554,20
250555,29
250556,0
250557,0
250558,0
250559,0
250560,0
250561,31
250562,0
250563,0
250564,22
250565,0
250566,0
250567,0
250568,0
250569,0
250570,0
250571,0
250572,21
250573,0
250574,0
250575,0
250576,0
250577,0
250578,0
250579,18
250580,0
250581,0
250582,0
250583,0
250584,0
250585,0
250586,0
250587,0
250588,0
250589,19
250590,0
250591,0
250592,0
250593,0
250594,0
250595,0
250596,0
250597,0
250598,26
250599,0
250600,0
250601,0
250602,0
250603,0
250604,0
250605,40
250606,0
250607,0
250608,0
250609,0
250610,0
250611,26
250612,0
250613,0
250614,0
250615,0
250616,23
250617,0
250618,0
250619,24
250620,16
250621,14
250622,0
250623,19
250624,0
250625,15
250626,0
250627,0
250628,0
250629,0
250630,0
250631,0
250632,0
250633,0
250634,30
250635,0
250636,0
250637,11
250638,0
250639,18
250640,0
250641,0
250642,0
250643,18
250644,0
250645,20
250646,0
250647,0
250648,0
250649,0
250650,0
250651,0
250652,0
250653,23
250654,0
250655,0
250656,0
250657,26
250658,29
250659,21
250660,30
250661,0
250662,0
250663,0
250664,18
250665,37
250666,0
250667,0
250668,0
250669,0
250670,25
250671,0
250672,17
250673,23
250674,23
250675,0
250676,0
250677,0
250678,18
250679,0
250680,11
250681,21
250682,0
250683,0
250684,11
250685,0
250686,0
250687,22
250688,0
250689,0
250690,0
250691,0
250692,0
250693,0
250694,0
250695,32
250696,0
250697,0
250698,0
250699,0
250700,0
250701,0
250702,0
250703,0
250704,0
250705,0
250706,0
250707,32
250708,29
250709,21
250710,0
250711,0
250712,0
250713,0
250714,0
250715,0
250716,0
250717,0
250718,35
250719,0
250720,0
250721,0
250722,0
250723,12
250724,7
250725,31
250726,0
250727,32
250728,0
250729,0
250730,0
250731,0
250732,0
250733,0
250734,20
250735,0
250736,27
250737,0
250738,0
250739,0
250740,0
250741,0
250742,13
250743,0
250744,0
250745,0
250746,0
250747,0
250748,17
250749,0
250750,0
250751,20
250752,0
250753,27
250754,0
250755,0
250756,0
250757,0
250758,18
250759,0
250760,0
250761,17
250762,0
250763,0
250764,31
250765,27
250766,28
250767,25
250768,0
250769,0
250770,0
250771,21
250772,0
250773,0
250774,0
250775,0
250776,13
250777,29
250778,24
250779,30
250780,0
250781,0
250782,34
250783,0
250784,0
250785,28
250786,0
250787,0
250788,0
250789,23
250790,0
250791,0
250792,0
250793,0
250794,0
250795,16
250796,0
250797,15
250798,0
250799,0
250800,22
250801,0
250802,22
250803,0
250804,32
250805,33
250806,0
250807,0
250808,27
250809,0
250810,0
250811,0
250812,0
250813,0
250814,0
250815,0
250816,0
250817,0
250818,0
250819,0
250820,0
250821,0
250822,0
250823,27
250824,0
250825,20
250826,0
250827,19
250828,0
250829,20
250830,0
250831,0
250832,35
250833,27
250834,23
250835,0
250836,0
250837,24
250838,0
250839,31
250840,0
250841,6
250842,0
250843,39
250844,0
250845,0
250846,0
250847,16
250848,0
250849,0
250850,16
250851,23
250852,0
250853,0
250854,0
250855,0
250856,0
250857,39
250858,0
250859,13
250860,0
250861,0
250862,0
250863,0
250864,0
250865,0
250866,0
250867,0
250868,0
250869,15
250870,0
250871,0
250872,0
250873,0
250874,0
250875,0
250876,0
250877,0
250878,0
250879,0
250880,0
250881,0
250882,0
250883,0
250884,0
250885,0
250886,0
250887,0
250888,0
250889,11
250890,0
250891,0
250892,0
250893,0
250894,0
250895,0
250896,0
250897,0
250898,0
250899,0
250900,0
250901,0
250902,0
250903,0
250904,0
250905,0
250906,12
250907,0
250908,17
250909,0
250910,0
250911,0
250912,0
250913,0
250914,13
250915,12
250916,0
250917,0
250918,0
250919,0
250920,0
250921,0
250922,0
250923,0
250924,0
250925,0
250926,0
250927,12
250928,0
250929,0
250930,0
250931,0
250932,0
250933,0
250934,0
250935,0
250936,14
250937,0
250938,0
250939,0
250940,0
250941,0
250942,14
250943,0
250944,0
250945,0
250946,0
250947,20
250948,0
250949,0
250950,0
250951,0
250952,0
250953,0
250954,0
250955,5
250956,0
250957,0
250958,0
250959,13
250960,0
250961,0
250962,0
250963,0
250964,0
250965,0
250966,0
250967,0
250968,0
250969,11
250970,0
250971,0
250972,0
250973,0
250974,16
250975,8
250976,0
250977,0
250978,0
250979,0
250980,14
250981,0
250982,0
250983,0
250984,0
250985,0
250986,0
250987,0
250988,0
250989,0
250990,0
250991,13
250992,0
250993,0
250994,0
250995,6
250996,0
250997,11
250998,0
250999,0
251000,0
251001,0
251002,0
251003,0
251004,11
251005,0
251006,0
251007,0
251008,0
251009,0
251010,0
251011,0
251012,0
251013,0
251014,0
251015,0
251016,13
251017,0
251018,0
251019,0
251020,0
251021,0
251022,0
251023,0
251024,0
251025,0
251026,0
251027,0
251028,14
251029,8
251030,0
251031,0
251032,0
251033,18
251034,0
251035,0
251036,0
251037,0
251038,9
251039,0
251040,0
251041,0
251042,0
251043,9
251044,0
251045,0
251046,0
251047,0
251048,0
251049,0
251050,0
251051,0
251052,0
251053,0
251054,0
251055,0
251056,12
251057,0
251058,0
251059,0
251060,0
251061,0
251062,13
251063,9
251064,0
251065,0
251066,0
251067,0
251068,9
251069,0
251070,0
251071,0
251072,0
251073,0
251074,0
251075,0
251076,13
251077,0
251078,7
251079,10
251080,0
251081,0
251082,0
251083,0
251084,10
251085,0
251086,0
251087,11
251088,0
251089,16
251090,0
251091,0
251092,0
251093,0
251094,0
251095,0
251096,0
251097,0
251098,0
251099,0
251100,0
251101,21
251102,0
251103,0
251104,0
251105,0
251106,0
251107,0
251108,13
251109,0
251110,0
251111,0
251112,8
251113,16
251114,0
251115,0
251116,0
251117,0
251118,9
251119,0
251120,16
251121,0
251122,5
251123,0
251124,0
251125,0
251126,0
251127,0
251128,0
251129,0
251130,0
251131,10
251132,0
251133,0
251134,0
251135,0
251136,0
251137,0
251138,0
251139,0
251140,0
251141,0
251142,0
251143,0
251144,0
251145,0
251146,0
251147,0
251148,0
251149,0
251150,9
251151,10
251152,13
251153,0
251154,11
251155,0
251156,0
251157,11
251158,13
251159,0
251160,0
251161,0
251162,0
251163,11
251164,0
251165,0
251166,0
251167,0
251168,0
251169,0
251170,12
251171,0
251172,0
251173,0
251174,0
251175,0
251176,0
251177,0
251178,0
251179,0
251180,0
251181,0
251182,0
251183,0
251184,0
251185,0
251186,0
251187,0
251188,0
251189,0
251190,0
251191,0
251192,0
251193,0
251194,0
251195,0
251196,0
251197,0
251198,0
251199,0
251200,0
251201,0
251202,0
251203,0
251204,0
251205,0
251206,0
251207,0
251208,0
251209,0
251210,0
251211,0
251212,0
251213,0
251214,7
251215,0
251216,0
251217,0
251218,0
251219,0
251220,0
251221,0
251222,0
251223,0
251224,0
251225,0
251226,0
251227,0
251228,0
251229,13
251230,10
251231,0
251232,0
251233,0
251234,0
251235,0
251236,0
251237,0
251238,0
251239,0
251240,0
251241,0
251242,0
251243,0
251244,0
251245,0
251246,0
251247,0
251248,0
251249,0
251250,9
251251,0
251252,15
251253,0
251254,0
251255,0
251256,0
251257,0
251258,0
251259,0
251260,9
251261,0
251262,0
251263,0
251264,0
251265,12
251266,0
251267,15
251268,0
251269,0
251270,15
251271,0
251272,0
251273,0
251274,0
251275,0
251276,0
251277,0
251278,0
251279,0
251280,0
251281,0
251282,0
251283,0
251284,0
251285,0
251286,0
251287,0
251288,0
251289,0
251290,0
251291,0
251292,8
251293,0
251294,0
251295,0
251296,9
251297,14
251298,14
251299,0
251300,0
251301,0
251302,0
251303,0
251304,0
251305,0
251306,0
251307,0
251308,0
251309,0
251310,0
251311,0
251312,0
251313,0
251314,0
251315,0
251316,0
251317,0
251318,0
251319,0
251320,0
251321,0
251322,0
251323,0
251324,0
251325,0
251326,0
251327,16
251328,0
251329,0
251330,7
251331,0
251332,0
251333,0
251334,0
251335,10
251336,4
251337,0
251338,0
251339,0
251340,0
251341,0
251342,0
251343,0
251344,0
251345,0
251346,0
251347,0
251348,0
251349,0
251350,0
251351,0
251352,0
251353,10
251354,9
251355,0
251356,0
251357,0
251358,0
251359,0
251360,0
251361,0
251362,0
251363,0
251364,0
251365,0
251366,0
251367,0
251368,0
251369,0
251370,11
251371,0
251372,0
251373,0
251374,0
251375,16
251376,0
251377,0
251378,0
251379,0
251380,0
251381,0
251382,12
251383,0
251384,0
251385,0
251386,0
251387,0
251388,0
251389,0
251390,14
251391,11
251392,0
251393,0
251394,0
251395,0
251396,0
251397,0
251398,0
251399,0
251400,0
251401,0
251402,24
251403,0
251404,0
251405,0
251406,0
251407,0
251408,0
251409,0
251410,0
251411,0
251412,0
251413,0
251414,0
251415,0
251416,0
251417,0
251418,0
251419,10
251420,0
251421,0
251422,0
251423,0
251424,0
251425,0
251426,0
251427,0
251428,0
251429,0
251430,0
251431,0
251432,0
251433,0
251434,0
251435,7
251436,0
251437,0
251438,0
251439,13
251440,8
251441,0
251442,0
251443,0
251444,0
251445,0
251446,0
251447,0
251448,0
251449,0
251450,0
251451,0
251452,0
251453,0
251454,0
251455,0
251456,0
251457,13
251458,0
251459,0
251460,0
251461,0
251462,0
251463,12
251464,0
251465,0
251466,0
251467,8
251468,0
251469,0
251470,8
251471,0
251472,0
251473,0
251474,0
251475,0
251476,21
251477,17
251478,0
251479,0
251480,0
251481,0
251482,0
251483,0
251484,0
251485,0
251486,0
251487,0
251488,0
251489,20
251490,0
251491,8
251492,0
251493,0
251494,14
251495,0
251496,0
251497,0
251498,0
251499,0
251500,0
251501,0
251502,13
251503,0
251504,0
251505,0
251506,0
251507,0
251508,0
251509,0
251510,0
251511,12
251512,0
251513,0
251514,0
251515,0
251516,0
251517,0
251518,0
251519,0
251520,0
251521,0
251522,0
251523,10
251524,0
251525,7
251526,0
251527,0
251528,13
251529,0
251530,10
251531,19
251532,0
251533,0
251534,0
251535,0
251536,0
251537,0
251538,0
251539,0
251540,0
251541,0
251542,0
251543,0
251544,0
251545,0
251546,0
251547,0
251548,0
251549,0
251550,0
251551,0
251552,0
251553,0
251554,19
251555,0
251556,16
251557,0
251558,12
251559,14
251560,0
251561,0
251562,9
251563,0
251564,0
251565,0
251566,0
251567,0
251568,0
251569,0
251570,0
251571,0
251572,0
251573,0
251574,0
251575,0
251576,0
251577,0
251578,5
251579,0
251580,0
251581,0
251582,0
251583,0
251584,0
251585,0
251586,0
251587,0
251588,0
251589,0
251590,0
251591,0
251592,0
251593,0
251594,0
251595,0
251596,9
251597,0
251598,0
251599,0
251600,0
251601,0
251602,0
251603,0
251604,0
251605,0
251606,0
251607,0
251608,0
251609,0
251610,0
251611,18
251612,13
251613,0
251614,9
251615,0
251616,0
251617,0
251618,0
251619,0
251620,0
251621,0
251622,0
251623,0
251624,7
251625,0
251626,0
251627,0
251628,0
251629,0
251630,0
251631,0
251632,0
251633,0
251634,0
251635,0
251636,0
251637,0
251638,0
251639,0
251640,0
251641,0
251642,0
251643,0
251644,0
251645,10
251646,0
251647,0
251648,0
251649,0
251650,0
251651,0
251652,0
251653,0
251654,0
251655,0
251656,0
251657,0
251658,0
251659,14
251660,0
251661,0
251662,0
251663,0
251664,0
251665,0
251666,0
251667,0
251668,10
251669,0
251670,0
251671,0
251672,0
251673,0
251674,12
251675,0
251676,10
251677,0
251678,0
251679,0
251680,0
251681,0
251682,0
251683,0
251684,0
251685,0
251686,0
251687,0
251688,0
251689,0
251690,0
251691,0
251692,0
251693,0
251694,0
251695,0
251696,12
251697,13
251698,0
251699,0
251700,0
251701,0
251702,0
251703,16
251704,0
251705,0
251706,0
251707,0
251708,0
251709,0
251710,0
251711,6
251712,0
251713,0
251714,0
251715,13
251716,0
251717,0
251718,0
251719,9
251720,0
251721,0
251722,13
251723,0
251724,0
251725,0
251726,0
251727,0
251728,18
251729,0
251730,11
251731,0
251732,0
251733,0
251734,0
251735,0
251736,0
251737,0
251738,0
251739,0
251740,0
251741,0
251742,0
251743,0
251744,0
251745,0
251746,0
251747,0
251748,0
251749,0
251750,0
251751,0
251752,0
251753,0
251754,17
251755,8
251756,0
251757,0
251758,15
251759,0
251760,0
251761,0
251762,0
251763,9
251764,0
251765,0
251766,0
251767,0
251768,0
251769,0
251770,18
251771,0
251772,0
251773,0
251774,0
251775,14
251776,0
251777,0
251778,0
251779,0
251780,10
251781,0
251782,0
251783,0
251784,0
251785,0
251786,0
251787,0
251788,0
251789,0
251790,0
251791,0
251792,12
251793,0
251794,0
251795,0
251796,0
251797,0
251798,0
251799,0
251800,0
251801,0
251802,0
251803,0
251804,14
251805,0
251806,0
251807,11
251808,0
251809,0
251810,0
251811,0
251812,0
251813,0
251814,0
251815,0
251816,0
251817,0
251818,0
251819,0
251820,0
251821,0
251822,0
251823,0
251824,0
251825,0
251826,0
251827,0
251828,0
251829,0
251830,0
251831,0
251832,0
251833,0
251834,0
251835,0
251836,0
251837,0
251838,0
251839,0
251840,0
251841,0
251842,0
251843,0
251844,0
251845,0
251846,0
251847,0
251848,2
251849,0
251850,0
251851,0
251852,0
251853,0
251854,0
251855,0
251856,0
251857,0
251858,0
251859,0
251860,0
251861,0
251862,0
251863,0
251864,0
251865,0
251866,0
251867,0
251868,0
251869,0
251870,0
251871,0
251872,0
251873,0
251874,0
251875,0
251876,0
251877,0
251878,0
251879,0
251880,0
251881,0
251882,0
251883,0
251884,0
251885,0
251886,0
251887,0
251888,0
251889,0
251890,0
251891,0
251892,0
251893,0
251894,0
251895,2
251896,0
251897,0
251898,0
251899,0
251900,0
251901,0
251902,0
251903,0
251904,0
251905,0
251906,0
251907,0
251908,0
251909,0
251910,0
251911,0
251912,0
251913,0
251914,1
251915,0
251916,0
251917,3
251918,0
251919,0
251920,0
251921,2
251922,0
251923,0
251924,0
251925,1
251926,0
251927,0
251928,0
251929,3
251930,0
251931,0
251932,0
251933,0
251934,0
251935,0
251936,0
251937,0
251938,0
251939,1
251940,0
251941,0
251942,0
251943,0
251944,0
251945,0
251946,0
251947,0
251948,0
251949,0
251950,0
251951,0
251952,0
251953,0
251954,3
251955,0
251956,0
251957,0
251958,0
251959,0
251960,0
251961,0
251962,0
251963,0
251964,0
251965,0
251966,0
251967,0
251968,0
251969,0
251970,0
251971,0
251972,0
251973,0
251974,0
251975,0
251976,0
251977,0
251978,0
251979,0
251980,0
251981,0
251982,0
251983,0
251984,1
251985,0
251986,0
251987,0
251988,0
251989,0
251990,0
251991,0
251992,1
251993,0
251994,0
251995,0
251996,0
251997,0
251998,0
251999,0
252000,0
252001,0
252002,0
252003,0
252004,0
252005,0
252006,0
252007,0
252008,0
252009,0
252010,3
252011,0
252012,0
252013,0
252014,0
252015,0
252016,0
252017,0
252018,0
252019,1
252020,0
252021,0
252022,0
252023,0
252024,0
252025,0
252026,0
252027,0
252028,0
252029,0
252030,0
252031,0
252032,0
252033,0
252034,0
252035,0
252036,0
252037,0
252038,0
252039,0
252040,0
252041,0
252042,0
252043,0
252044,0
252045,2
252046,0
252047,0
252048,0
252049,0
252050,0
252051,0
252052,0
252053,0
252054,0
252055,0
252056,0
252057,0
252058,0
252059,0
252060,0
252061,0
252062,0
252063,0
252064,0
252065,0
252066,0
252067,4
252068,0
252069,0
252070,0
252071,0
252072,0
252073,0
252074,0
252075,0
252076,0
252077,0
252078,0
252079,0
252080,0
252081,0
252082,0
252083,0
252084,0
252085,0
252086,2
252087,0
252088,0
252089,0
252090,0
252091,0
252092,0
252093,0
252094,0
252095,0
252096,0
252097,0
252098,0
252099,0
252100,0
252101,0
252102,0
252103,0
252104,0
252105,0
252106,0
252107,0
252108,0
252109,0
252110,0
252111,0
252112,0
252113,0
252114,0
252115,0
252116,0
252117,0
252118,0
252119,0
252120,0
252121,0
252122,0
252123,0
252124,0
252125,0
252126,0
252127,0
252128,0
252129,0
252130,0
252131,0
252132,0
252133,0
252134,0
252135,0
252136,0
252137,0
252138,0
252139,0
252140,0
252141,0
252142,0
252143,0
252144,0
252145,0
252146,0
252147,0
252148,0
252149,1
252150,0
252151,0
252152,0
252153,0
252154,0
252155,0
252156,0
252157,0
252158,0
252159,0
252160,0
252161,0
252162,0
252163,0
252164,0
252165,0
252166,0
252167,0
252168,0
252169,0
252170,0
252171,0
252172,0
252173,0
252174,0
252175,0
252176,0
252177,0
252178,0
252179,0
252180,0
252181,0
252182,0
252183,0
252184,0
252185,0
252186,0
252187,0
252188,0
252189,0
252190,0
252191,0
252192,0
252193,0
252194,0
252195,0
252196,0
252197,0
252198,0
252199,0
252200,0
252201,0
252202,0
252203,0
252204,0
252205,0
252206,0
252207,0
252208,0
252209,0
252210,0
252211,0
252212,0
252213,0
252214,0
252215,0
252216,0
252217,0
252218,0
252219,0
252220,0
252221,0
252222,0
252223,0
252224,0
252225,0
252226,0
252227,0
252228,0
252229,0
252230,0
252231,0
252232,0
252233,0
252234,0
252235,0
252236,0
252237,0
252238,0
252239,0
252240,0
252241,0
252242,0
252243,0
252244,0
252245,0
252246,0
252247,0
252248,0
252249,0
252250,0
252251,0
252252,0
252253,0
252254,0
252255,0
252256,0
252257,0
252258,0
252259,0
252260,0
252261,0
252262,0
252263,0
252264,0
252265,0
252266,0
252267,0
252268,0
252269,0
252270,0
252271,0
252272,0
252273,0
252274,0
252275,0
252276,0
252277,0
252278,0
252279,0
252280,0
252281,0
252282,0
252283,0
252284,0
252285,0
252286,0
252287,0
252288,0
252289,0
252290,0
252291,0
252292,0
252293,0
252294,0
252295,0
252296,0
252297,0
252298,0
252299,0
252300,0
252301,0
252302,0
252303,0
252304,0
252305,0
252306,0
252307,0
252308,0
252309,0
252310,0
252311,0
252312,0
252313,0
252314,0
252315,0
252316,0
252317,0
252318,0
252319,0
252320,0
252321,0
252322,0
252323,0
252324,0
252325,0
252326,0
252327,0
252328,0
252329,0
252330,0
252331,0
252332,0
252333,0
252334,0
252335,0
252336,0
252337,0
252338,0
252339,0
252340,0
252341,0
252342,0
252343,0
252344,0
252345,0
252346,0
252347,0
252348,0
252349,0
252350,0
252351,0
252352,0
252353,0
252354,0
252355,0
252356,0
252357,0
252358,0
252359,0
252360,0
252361,0
252362,0
252363,0
252364,0
252365,0
252366,0
252367,0
252368,0
252369,0
252370,0
252371,0
252372,0
252373,0
252374,0
252375,0
252376,0
252377,0
252378,0
252379,0
252380,0
252381,0
252382,0
252383,0
252384,0
252385,0
252386,0
252387,0
252388,0
252389,0
252390,0
252391,0
252392,0
252393,0
252394,0
252395,0
252396,0
252397,0
252398,0
252399,0
252400,0
252401,0
252402,0
252403,0
252404,0
252405,0
252406,0
252407,0
252408,0
252409,0
252410,0
252411,0
252412,0
252413,0
252414,0
252415,0
252416,0
252417,0
252418,0
252419,0
252420,0
252421,0
252422,0
252423,0
252424,0
252425,0
252426,0
252427,0
252428,0
252429,0
252430,0
252431,0
252432,0
252433,0
252434,0
252435,0
252436,0
252437,0
252438,0
252439,0
252440,0
252441,0
252442,0
252443,0
252444,0
252445,0
252446,0
252447,0
252448,0
252449,0
252450,0
252451,0
252452,0
252453,0
252454,0
252455,0
252456,0
252457,0
252458,1
252459,0
252460,0
252461,0
252462,0
252463,0
252464,0
252465,0
252466,0
252467,0
252468,0
252469,0
252470,0
252471,0
252472,0
252473,0
252474,0
252475,0
252476,0
252477,0
252478,0
252479,0
252480,0
252481,0
252482,0
252483,0
252484,0
252485,0
252486,0
252487,0
252488,0
252489,0
252490,0
252491,0
252492,0
252493,0
252494,0
252495,0
252496,0
252497,0
252498,0
252499,1
252500,0
252501,0
252502,0
252503,0
252504,0
252505,0
252506,0
252507,0
252508,0
252509,0
252510,0
252511,0
252512,0
252513,0
252514,0
252515,0
252516,0
252517,0
252518,0
252519,0
252520,0
252521,0
252522,0
252523,0
252524,0
252525,0
252526,0
252527,0
252528,0
252529,0
252530,0
252531,0
252532,0
252533,0
252534,0
252535,0
252536,0
252537,0
252538,0
252539,0
252540,0
252541,0
252542,0
252543,0
252544,0
252545,0
252546,0
252547,0
252548,0
252549,0
252550,0
252551,0
252552,0
252553,0
252554,0
252555,0
252556,0
252557,0
252558,0
252559,0
252560,0
252561,0
252562,0
252563,0
252564,0
252565,0
252566,0
252567,0
252568,0
252569,0
252570,1
252571,0
252572,0
252573,0
252574,0
252575,0
252576,0
252577,0
252578,0
252579,0
252580,0
252581,0
252582,0
252583,0
252584,0
252585,0
252586,0
252587,0
252588,0
252589,0
252590,0
252591,0
252592,0
252593,0
252594,0
252595,0
252596,0
252597,0
252598,0
252599,0
252600,0
252601,0
252602,0
252603,0
252604,0
252605,0
252606,0
252607,0
252608,0
252609,0
252610,0
252611,0
252612,0
252613,0
252614,0
252615,0
252616,0
252617,0
252618,0
252619,0
252620,0
252621,0
252622,0
252623,0
252624,0
252625,0
252626,0
252627,0
252628,0
252629,0
252630,0
252631,0
252632,0
252633,0
252634,0
252635,0
252636,0
252637,0
252638,0
252639,0
252640,0
252641,0
252642,0
252643,0
252644,0
252645,0
252646,0
252647,0
252648,0
252649,0
252650,0
252651,0
252652,0
252653,0
252654,0
252655,0
252656,0
252657,0
252658,0
252659,0
252660,0
252661,0
252662,0
252663,0
252664,0
252665,0
252666,0
252667,0
252668,0
252669,0
252670,0
252671,0
252672,0
252673,0
252674,0
252675,0
252676,0
252677,0
252678,0
252679,0
252680,0
252681,0
252682,0
252683,0
252684,0
252685,0
252686,0
252687,0
252688,0
252689,0
252690,0
252691,0
252692,0
252693,0
252694,0
252695,0
252696,0
252697,0
252698,0
252699,0
252700,0
252701,0
252702,0
252703,0
252704,0
252705,0
252706,0
252707,0
252708,0
252709,0
252710,0
252711,0
252712,0
252713,0
252714,0
252715,0
252716,0
252717,0
252718,0
252719,0
252720,0
252721,0
252722,0
252723,0
252724,0
252725,0
252726,0
252727,0
252728,0
252729,0
252730,0
252731,0
252732,0
252733,0
252734,0
252735,0
252736,0
252737,0
252738,0
252739,0
252740,0
252741,0
252742,0
252743,0
252744,0
252745,0
252746,0
252747,0
252748,0
252749,0
252750,0
252751,0
252752,0
252753,0
252754,0
252755,0
252756,0
252757,0
252758,0
252759,0
252760,0
252761,0
252762,0
252763,1
252764,0
252765,0
252766,0
252767,0
252768,0
252769,0
252770,0
252771,0
252772,0
252773,0
252774,0
252775,0
252776,0
252777,0
252778,0
252779,0
252780,0
252781,0
252782,0
252783,0
252784,0
252785,0
252786,0
252787,0
252788,0
252789,0
252790,0
252791,0
252792,0
252793,0
252794,0
252795,0
252796,0
252797,0
252798,0
252799,0
252800,0
252801,0
252802,0
252803,0
252804,0
252805,0
252806,0
252807,0
252808,31
252809,0
252810,0
252811,42
252812,0
252813,37
252814,0
252815,0
252816,0
252817,0
252818,0
252819,0
252820,0
252821,0
252822,37
252823,0
252824,0
252825,0
252826,0
252827,0
252828,0
252829,26
252830,0
252831,0
252832,0
252833,0
252834,0
252835,0
252836,0
252837,0
252838,51
252839,0
252840,0
252841,0
252842,0
252843,0
252844,0
252845,0
252846,0
252847,0
252848,46
252849,41
252850,0
252851,31
252852,0
252853,0
252854,0
252855,0
252856,0
252857,0
252858,0
252859,33
252860,0
252861,40
252862,33
252863,0
252864,0
252865,0
252866,0
252867,32
252868,0
252869,0
252870,0
252871,48
252872,0
252873,0
252874,0
252875,0
252876,0
252877,52
252878,0
252879,0
252880,0
252881,0
252882,0
252883,38
252884,0
252885,0
252886,0
252887,37
252888,31
252889,0
252890,0
252891,41
252892,0
252893,54
252894,0
252895,0
252896,0
252897,0
252898,38
252899,0
252900,0
252901,0
252902,0
252903,0
252904,35
252905,0
252906,42
252907,29
252908,0
252909,0
252910,0
252911,0
252912,0
252913,0
252914,0
252915,0
252916,0
252917,0
252918,0
252919,0
252920,0
252921,41
252922,29
252923,0
252924,35
252925,0
252926,0
252927,0
252928,0
252929,0
252930,0
252931,0
252932,44
252933,0
252934,0
252935,0
252936,35
252937,49
252938,0
252939,0
252940,38
252941,0
252942,50
252943,30
252944,0
252945,0
252946,0
252947,0
252948,0
252949,0
252950,0
252951,37
252952,0
252953,0
252954,0
252955,0
252956,0
252957,0
252958,0
252959,35
252960,0
252961,0
252962,28
252963,0
252964,32
252965,0
252966,0
252967,0
252968,38
252969,0
252970,0
252971,0
252972,0
252973,0
252974,0
252975,29
252976,0
252977,0
252978,0
252979,0
252980,0
252981,37
252982,0
252983,33
252984,0
252985,0
252986,0
252987,0
252988,0
252989,0
252990,0
252991,0
252992,31
252993,0
252994,35
252995,0
252996,0
252997,0
252998,0
252999,0
253000,25
253001,0
253002,0
253003,0
253004,0
253005,27
253006,34
253007,0
253008,0
253009,0
253010,0
253011,28
253012,44
253013,0
253014,0
253015,0
253016,0
253017,47
253018,0
253019,28
253020,0
253021,0
253022,0
253023,54
253024,43
253025,0
253026,0
253027,0
253028,33
253029,42
253030,0
253031,0
253032,0
253033,0
253034,0
253035,0
253036,0
253037,0
253038,0
253039,0
253040,0
253041,0
253042,0
253043,0
253044,27
253045,0
253046,0
253047,42
253048,0
253049,45
253050,0
253051,0
253052,0
253053,0
253054,0
253055,0
253056,0
253057,0
253058,28
253059,0
253060,0
253061,0
253062,0
253063,52
253064,37
253065,0
253066,0
253067,0
253068,0
253069,0
253070,36
253071,49
253072,0
253073,0
253074,0
253075,0
253076,0
253077,44
253078,45
253079,0
253080,0
253081,0
253082,29
253083,27
253084,0
253085,0
253086,0
253087,0
253088,45
253089,0
253090,0
253091,0
253092,0
253093,0
253094,0
253095,38
253096,0
253097,0
253098,0
253099,0
253100,36
253101,42
253102,0
253103,0
253104,0
253105,0
253106,0
253107,20
253108,0
253109,0
253110,0
253111,35
253112,40
253113,0
253114,0
253115,44
253116,0
253117,26
253118,0
253119,0
253120,0
253121,0
253122,0
253123,29
253124,0
253125,0
253126,0
253127,0
253128,0
253129,0
253130,0
253131,0
253132,0
253133,0
253134,0
253135,0
253136,0
253137,0
253138,0
253139,0
253140,0
253141,0
253142,0
253143,34
253144,0
253145,0
253146,0
253147,33
253148,0
253149,0
253150,0
253151,0
253152,0
253153,0
253154,0
253155,0
253156,0
253157,0
253158,0
253159,24
253160,24
253161,0
253162,0
253163,0
253164,0
253165,0
253166,0
253167,0
253168,0
253169,0
253170,50
253171,0
253172,0
253173,43
253174,0
253175,0
253176,0
253177,0
253178,0
253179,0
253180,0
253181,0
253182,0
253183,0
253184,29
253185,0
253186,0
253187,0
253188,31
253189,0
253190,45
253191,0
253192,0
253193,0
253194,0
253195,0
253196,0
253197,0
253198,0
253199,0
253200,34
253201,36
253202,0
253203,29
253204,28
253205,0
253206,0
253207,0
253208,0
253209,0
253210,0
253211,0
253212,0
253213,0
253214,0
253215,0
253216,0
253217,29
253218,0
253219,0
253220,0
253221,0
253222,42
253223,0
253224,0
253225,0
253226,0
253227,0
253228,0
253229,0
253230,0
253231,32
253232,0
253233,0
253234,0
253235,0
253236,0
253237,0
253238,0
253239,0
253240,0
253241,0
253242,53
253243,0
253244,0
253245,0
253246,0
253247,0
253248,0
253249,0
253250,39
253251,26
253252,0
253253,0
253254,39
253255,0
253256,0
253257,0
253258,0
253259,0
253260,0
253261,0
253262,40
253263,0
253264,35
253265,0
253266,39
253267,40
253268,0
253269,0
253270,0
253271,0
253272,43
253273,0
253274,0
253275,0
253276,0
253277,0
253278,27
253279,0
253280,40
253281,0
253282,0
253283,0
253284,0
253285,44
253286,34
253287,24
253288,0
253289,0
253290,40
253291,39
253292,0
253293,0
253294,0
253295,47
253296,0
253297,43
253298,30
253299,0
253300,0
253301,0
253302,35
253303,0
253304,0
253305,0
253306,0
253307,0
253308,0
253309,32
253310,0
253311,0
253312,0
253313,32
253314,38
253315,41
253316,0
253317,0
253318,0
253319,52
253320,0
253321,0
253322,0
253323,0
253324,28
253325,0
253326,0
253327,0
253328,0
253329,45
253330,0
253331,40
253332,23
253333,0
253334,0
253335,0
253336,0
253337,26
253338,0
253339,0
253340,0
253341,33
253342,0
253343,0
253344,0
253345,38
253346,0
253347,46
253348,0
253349,0
253350,0
253351,0
253352,15
253353,0
253354,0
253355,0
253356,0
253357,0
253358,0
253359,0
253360,0
253361,0
253362,0
253363,0
253364,0
253365,0
253366,0
253367,0
253368,0
253369,0
253370,0
253371,0
253372,0
253373,0
253374,0
253375,0
253376,0
253377,0
253378,0
253379,0
253380,0
253381,0
253382,0
253383,7
253384,0
253385,0
253386,0
253387,0
253388,0
253389,0
253390,0
253391,0
253392,0
253393,0
253394,0
253395,0
253396,0
253397,0
253398,0
253399,0
253400,0
253401,0
253402,0
253403,0
253404,0
253405,0
253406,0
253407,0
253408,0
253409,0
253410,0
253411,0
253412,0
253413,0
253414,0
253415,0
253416,0
253417,0
253418,0
253419,0
253420,0
253421,0
253422,0
253423,0
253424,0
253425,0
253426,0
253427,0
253428,0
253429,0
253430,7
253431,0
253432,0
253433,0
253434,0
253435,9
253436,0
253437,0
253438,0
253439,0
253440,0
253441,0
253442,0
253443,0
253444,0
253445,0
253446,0
253447,0
253448,0
253449,0
253450,0
253451,0
253452,0
253453,0
253454,0
253455,0
253456,0
253457,0
253458,0
253459,0
253460,0
253461,0
253462,0
253463,0
253464,0
253465,0
253466,0
253467,0
253468,0
253469,0
253470,0
253471,0
253472,0
253473,0
253474,0
253475,0
253476,8
253477,0
253478,0
253479,0
253480,0
253481,0
253482,0
253483,0
253484,0
253485,0
253486,0
253487,0
253488,0
253489,0
253490,0
253491,0
253492,0
253493,0
253494,0
253495,0
253496,0
253497,0
253498,0
253499,0
253500,0
253501,0
253502,0
253503,0
253504,0
253505,0
253506,0
253507,0
253508,0
253509,0
253510,0
253511,0
253512,0
253513,0
253514,0
253515,0
253516,0
253517,0
253518,0
253519,0
253520,0
253521,0
253522,0
253523,0
253524,0
253525,10
253526,0
253527,0
253528,0
253529,0
253530,0
253531,0
253532,0
253533,0
253534,0
253535,0
253536,0
253537,0
253538,0
253539,0
253540,0
253541,0
253542,0
253543,0
253544,0
253545,0
253546,0
253547,0
253548,0
253549,0
253550,6
253551,0
253552,0
253553,0
253554,0
253555,0
253556,0
253557,0
253558,0
253559,0
253560,0
253561,0
253562,0
253563,0
253564,0
253565,0
253566,0
253567,0
253568,0
253569,0
253570,0
253571,0
253572,0
253573,0
253574,0
253575,0
253576,0
253577,0
253578,0
253579,0
253580,0
253581,0
253582,0
253583,0
253584,0
253585,0
253586,0
253587,0
253588,0
253589,0
253590,0
253591,0
253592,0
253593,13
253594,0
253595,0
253596,0
253597,0
253598,0
253599,0
253600,0
253601,0
253602,0
253603,0
253604,0
253605,0
253606,0
253607,0
253608,0
253609,0
253610,0
253611,0
253612,0
253613,0
253614,0
253615,0
253616,0
253617,0
253618,0
253619,0
253620,0
253621,0
253622,16
253623,0
253624,0
253625,0
253626,0
253627,0
253628,0
253629,0
253630,0
253631,0
253632,0
253633,0
253634,0
253635,0
253636,0
253637,0
253638,0
253639,0
253640,0
253641,10
253642,0
253643,0
253644,0
253645,0
253646,0
253647,0
253648,0
253649,0
253650,0
253651,0
253652,3
253653,0
253654,0
253655,0
253656,0
253657,0
253658,0
253659,0
253660,0
253661,0
253662,0
253663,0
253664,0
253665,0
253666,13
253667,0
253668,0
253669,0
253670,0
253671,0
253672,0
253673,0
253674,0
253675,0
253676,0
253677,0
253678,0
253679,0
253680,0
253681,0
253682,0
253683,0
253684,0
253685,0
253686,0
253687,0
253688,0
253689,0
253690,0
253691,0
253692,6
253693,0
253694,0
253695,0
253696,0
253697,0
253698,0
253699,0
253700,0
253701,0
253702,0
253703,0
253704,0
253705,0
253706,0
253707,0
253708,0
253709,0
253710,0
253711,0
253712,0
253713,0
253714,0
253715,0
253716,0
253717,0
253718,6
253719,0
253720,0
253721,0
253722,0
253723,0
253724,0
253725,11
253726,0
253727,0
253728,0
253729,0
253730,0
253731,0
253732,0
253733,0
253734,0
253735,0
253736,0
253737,0
253738,0
253739,0
253740,0
253741,0
253742,0
253743,0
253744,0
253745,0
253746,8
253747,0
253748,0
253749,0
253750,0
253751,0
253752,0
253753,0
253754,0
253755,0
253756,0
253757,0
253758,0
253759,0
253760,0
253761,0
253762,0
253763,15
253764,0
253765,0
253766,0
253767,0
253768,0
253769,0
253770,0
253771,13
253772,0
253773,0
253774,0
253775,0
253776,8
253777,0
253778,0
253779,0
253780,15
253781,0
253782,0
253783,0
253784,0
253785,0
253786,0
253787,0
253788,0
253789,0
253790,0
253791,0
253792,0
253793,0
253794,0
253795,10
253796,0
253797,0
253798,0
253799,0
253800,0
253801,0
253802,0
253803,0
253804,0
253805,0
253806,0
253807,0
253808,0
253809,0
253810,0
253811,0
253812,0
253813,0
253814,0
253815,0
253816,12
253817,0
253818,0
253819,0
253820,12
253821,0
253822,0
253823,0
253824,0
253825,0
253826,0
253827,0
253828,0
253829,0
253830,0
253831,0
253832,0
253833,0
253834,0
253835,0
253836,0
253837,0
253838,0
253839,0
253840,0
253841,0
253842,0
253843,0
253844,0
253845,0
253846,0
253847,0
253848,13
253849,0
253850,0
253851,0
253852,0
253853,0
253854,0
253855,0
253856,0
253857,0
253858,0
253859,0
253860,0
253861,0
253862,0
253863,0
253864,0
253865,0
253866,0
253867,0
253868,0
253869,0
253870,12
253871,0
253872,0
253873,0
253874,0
253875,0
253876,0
253877,0
253878,8
253879,0
253880,0
253881,0
253882,0
253883,0
253884,0
253885,0
253886,0
253887,0
253888,0
253889,0
253890,0
253891,0
253892,0
253893,0
253894,0
253895,0
253896,12
253897,0
253898,0
253899,6
253900,0
253901,0
253902,0
253903,0
253904,0
253905,0
253906,0
253907,0
253908,0
253909,0
253910,0
253911,0
253912,0
253913,0
253914,0
253915,0
253916,0
253917,5
253918,0
253919,0
253920,0
253921,0
253922,0
253923,0
253924,0
253925,0
253926,0
253927,0
253928,0
253929,0
253930,0
253931,0
253932,0
253933,0
253934,0
253935,0
253936,0
253937,8
253938,0
253939,0
253940,0
253941,12
253942,0
253943,0
253944,0
253945,0
253946,0
253947,0
253948,0
253949,0
253950,0
253951,0
253952,0
253953,4
253954,0
253955,0
253956,0
253957,14
253958,0
253959,0
253960,0
253961,0
253962,0
253963,12
253964,0
253965,0
253966,0
253967,0
253968,0
253969,0
253970,10
253971,0
253972,0
253973,0
253974,0
253975,0
253976,0
253977,0
253978,0
253979,0
253980,0
253981,0
253982,0
253983,0
253984,0
253985,0
253986,0
253987,0
253988,0
253989,0
253990,0
253991,0
253992,0
253993,0
253994,0
253995,0
253996,0
253997,0
253998,0
253999,0
254000,0
254001,13
254002,0
254003,0
254004,0
254005,0
254006,0
254007,10
254008,0
254009,0
254010,0
254011,10
254012,0
254013,0
254014,0
254015,0
254016,7
254017,0
254018,0
254019,0
254020,0
254021,0
254022,0
254023,0
254024,0
254025,0
254026,0
254027,0
254028,0
254029,0
254030,0
254031,0
254032,0
254033,0
254034,0
254035,0
254036,0
254037,0
254038,0
254039,0
254040,0
254041,0
254042,0
254043,0
254044,0
254045,14
254046,0
254047,0
254048,0
254049,42
254050,0
254051,0
254052,0
254053,0
254054,34
254055,0
254056,0
254057,0
254058,0
254059,0
254060,0
254061,0
254062,0
254063,0
254064,0
254065,26
254066,0
254067,0
254068,35
254069,0
254070,0
254071,0
254072,50
254073,0
254074,0
254075,45
254076,0
254077,0
254078,0
254079,0
254080,0
254081,0
254082,0
254083,0
254084,0
254085,0
254086,0
254087,0
254088,0
254089,0
254090,0
254091,0
254092,0
254093,0
254094,39
254095,0
254096,0
254097,0
254098,0
254099,0
254100,0
254101,0
254102,0
254103,0
254104,0
254105,0
254106,0
254107,0
254108,0
254109,0
254110,0
254111,0
254112,0
254113,42
254114,0
254115,40
254116,0
254117,54
254118,32
254119,0
254120,0
254121,0
254122,0
254123,0
254124,0
254125,0
254126,31
254127,0
254128,0
254129,0
254130,0
254131,0
254132,0
254133,0
254134,0
254135,0
254136,0
254137,0
254138,0
254139,36
254140,0
254141,32
254142,39
254143,0
254144,0
254145,43
254146,0
254147,0
254148,0
254149,0
254150,0
254151,0
254152,0
254153,0
254154,0
254155,31
254156,0
254157,0
254158,0
254159,0
254160,0
254161,0
254162,0
254163,0
254164,0
254165,0
254166,0
254167,0
254168,0
254169,0
254170,36
254171,0
254172,0
254173,0
254174,39
254175,0
254176,69
254177,0
254178,0
254179,0
254180,0
254181,0
254182,0
254183,0
254184,0
254185,40
254186,0
254187,0
254188,0
254189,0
254190,0
254191,0
254192,42
254193,0
254194,0
254195,38
254196,0
254197,0
254198,0
254199,47
254200,0
254201,0
254202,0
254203,0
254204,32
254205,0
254206,0
254207,0
254208,0
254209,0
254210,0
254211,0
254212,0
254213,0
254214,0
254215,0
254216,0
254217,40
254218,0
254219,0
254220,0
254221,0
254222,0
254223,0
254224,0
254225,0
254226,39
254227,0
254228,30
254229,0
254230,0
254231,0
254232,0
254233,0
254234,0
254235,41
254236,0
254237,0
254238,0
254239,0
254240,0
254241,0
254242,0
254243,0
254244,35
254245,0
254246,0
254247,0
254248,0
254249,0
254250,0
254251,30
254252,59
254253,0
254254,0
254255,0
254256,0
254257,0
254258,0
254259,0
254260,0
254261,0
254262,0
254263,0
254264,0
254265,0
254266,0
254267,0
254268,0
254269,0
254270,0
254271,0
254272,0
254273,0
254274,0
254275,0
254276,0
254277,0
254278,0
254279,0
254280,0
254281,0
254282,46
254283,0
254284,32
254285,0
254286,29
254287,52
254288,44
254289,0
254290,0
254291,0
254292,0
254293,0
254294,30
254295,0
254296,0
254297,27
254298,0
254299,0
254300,0
254301,0
254302,0
254303,0
254304,0
254305,0
254306,0
254307,0
254308,0
254309,0
254310,0
254311,0
254312,0
254313,0
254314,0
254315,0
254316,0
254317,0
254318,0
254319,0
254320,0
254321,0
254322,0
254323,0
254324,0
254325,0
254326,0
254327,0
254328,38
254329,0
254330,0
254331,0
254332,0
254333,0
254334,0
254335,0
254336,0
254337,0
254338,0
254339,0
254340,0
254341,0
254342,0
254343,0
254344,0
254345,33
254346,0
254347,0
254348,0
254349,0
254350,0
254351,0
254352,38
254353,0
254354,0
254355,0
254356,0
254357,0
254358,0
254359,0
254360,0
254361,0
254362,0
254363,46
254364,53
254365,32
254366,0
254367,0
254368,0
254369,0
254370,0
254371,0
254372,0
254373,0
254374,0
254375,0
254376,0
254377,0
254378,0
254379,0
254380,39
254381,32
254382,0
254383,0
254384,0
254385,0
254386,0
254387,0
254388,0
254389,0
254390,0
254391,0
254392,46
254393,35
254394,0
254395,0
254396,0
254397,0
254398,0
254399,0
254400,0
254401,41
254402,0
254403,0
254404,50
254405,0
254406,0
254407,36
254408,0
254409,0
254410,0
254411,0
254412,0
254413,0
254414,0
254415,12
254416,0
254417,0
254418,0
254419,0
254420,0
254421,0
254422,0
254423,0
254424,0
254425,0
254426,0
254427,0
254428,43
254429,0
254430,0
254431,0
254432,0
254433,50
254434,0
254435,0
254436,0
254437,34
254438,0
254439,0
254440,0
254441,0
254442,25
254443,0
254444,0
254445,0
254446,0
254447,0
254448,0
254449,0
254450,0
254451,0
254452,48
254453,0
254454,0
254455,0
254456,0
254457,0
254458,30
254459,0
254460,19
254461,0
254462,0
254463,0
254464,0
254465,22
254466,0
254467,0
254468,0
254469,0
254470,0
254471,0
254472,0
254473,0
254474,0
254475,0
254476,0
254477,40
254478,0
254479,0
254480,0
254481,0
254482,0
254483,0
254484,17
254485,0
254486,0
254487,0
254488,0
254489,0
254490,0
254491,0
254492,34
254493,0
254494,0
254495,0
254496,50
254497,0
254498,0
254499,0
254500,0
254501,0
254502,0
254503,26
254504,0
254505,0
254506,41
254507,0
254508,0
254509,0
254510,0
254511,0
254512,0
254513,0
254514,37
254515,0
254516,0
254517,0
254518,0
254519,0
254520,0
254521,0
254522,0
254523,0
254524,41
254525,0
254526,0
254527,0
254528,0
254529,0
254530,0
254531,0
254532,39
254533,0
254534,0
254535,0
254536,31
254537,0
254538,0
254539,0
254540,42
254541,36
254542,0
254543,0
254544,22
254545,0
254546,30
254547,0
254548,0
254549,0
254550,0
254551,0
254552,0
254553,0
254554,0
254555,57
254556,43
254557,0
254558,0
254559,0
254560,0
254561,0
254562,45
254563,0
254564,0
254565,0
254566,0
254567,0
254568,0
254569,0
254570,0
254571,28
254572,0
254573,0
254574,52
254575,0
254576,0
254577,48
254578,0
254579,0
254580,0
254581,42
254582,0
254583,0
254584,0
254585,0
254586,0
254587,0
254588,0
254589,0
254590,33
254591,0
254592,0
254593,0
254594,0
254595,0
254596,27
254597,0
254598,0
254599,0
254600,0
254601,0
254602,0
254603,0
254604,0
254605,0
254606,0
254607,0
254608,0
254609,64
254610,39
254611,23
254612,0
254613,0
254614,0
254615,48
254616,0
254617,0
254618,0
254619,0
254620,0
254621,0
254622,0
254623,54
254624,0
254625,0
254626,39
254627,0
254628,0
254629,0
254630,0
254631,0
254632,0
254633,0
254634,66
254635,13
254636,0
254637,42
254638,0
254639,33
254640,0
254641,0
254642,0
254643,0
254644,0
254645,0
254646,0
254647,0
254648,0
254649,0
254650,0
254651,0
254652,40
254653,37
254654,0
254655,0
254656,0
254657,0
254658,0
254659,39
254660,0
254661,0
254662,0
254663,0
254664,0
254665,0
254666,0
254667,37
254668,0
254669,0
254670,36
254671,54
254672,0
254673,0
254674,0
254675,0
254676,0
254677,0
254678,0
254679,0
254680,0
254681,0
254682,0
254683,0
254684,0
254685,0
254686,0
254687,0
254688,0
254689,0
254690,40
254691,0
254692,0
254693,0
254694,0
254695,0
254696,0
254697,35
254698,0
254699,0
254700,0
254701,0
254702,0
254703,44
254704,0
254705,0
254706,0
254707,0
254708,0
254709,0
254710,0
254711,47
254712,0
254713,0
254714,8
254715,0
254716,0
254717,8
254718,2
254719,0
254720,0
254721,0
254722,0
254723,0
254724,0
254725,8
254726,0
254727,0
254728,0
254729,0
254730,0
254731,0
254732,0
254733,0
254734,0
254735,0
254736,0
254737,0
254738,0
254739,14
254740,0
254741,0
254742,0
254743,0
254744,0
254745,9
254746,0
254747,5
254748,0
254749,5
254750,0
254751,0
254752,0
254753,0
254754,6
254755,0
254756,0
254757,0
254758,0
254759,0
254760,0
254761,0
254762,0
254763,0
254764,0
254765,0
254766,0
254767,3
254768,0
254769,0
254770,4
254771,0
254772,0
254773,0
254774,0
254775,0
254776,0
254777,0
254778,0
254779,0
254780,0
254781,0
254782,0
254783,0
254784,0
254785,0
254786,0
254787,0
254788,0
254789,0
254790,0
254791,0
254792,0
254793,0
254794,0
254795,0
254796,0
254797,0
254798,0
254799,0
254800,0
254801,0
254802,3
254803,0
254804,0
254805,0
254806,0
254807,11
254808,6
254809,0
254810,0
254811,0
254812,0
254813,2
254814,0
254815,0
254816,0
254817,5
254818,9
254819,0
254820,0
254821,0
254822,0
254823,0
254824,9
254825,8
254826,9
254827,0
254828,10
254829,0
254830,0
254831,0
254832,0
254833,0
254834,0
254835,0
254836,9
254837,0
254838,0
254839,4
254840,0
254841,0
254842,0
254843,0
254844,8
254845,0
254846,6
254847,0
254848,0
254849,0
254850,0
254851,0
254852,0
254853,0
254854,0
254855,0
254856,0
254857,0
254858,0
254859,0
254860,0
254861,0
254862,0
254863,4
254864,0
254865,0
254866,0
254867,0
254868,9
254869,0
254870,13
254871,7
254872,0
254873,0
254874,0
254875,0
254876,0
254877,0
254878,0
254879,0
254880,7
254881,0
254882,0
254883,0
254884,0
254885,6
254886,13
254887,0
254888,0
254889,0
254890,0
254891,0
254892,8
254893,0
254894,7
254895,8
254896,0
254897,0
254898,9
254899,0
254900,10
254901,0
254902,0
254903,0
254904,0
254905,0
254906,0
254907,0
254908,0
254909,7
254910,0
254911,8
254912,0
254913,0
254914,0
254915,10
254916,0
254917,0
254918,0
254919,0
254920,0
254921,0
254922,0
254923,0
254924,0
254925,0
254926,0
254927,9
254928,0
254929,0
254930,0
254931,0
254932,0
254933,0
254934,0
254935,0
254936,0
254937,0
254938,0
254939,0
254940,0
254941,0
254942,0
254943,0
254944,0
254945,0
254946,0
254947,0
254948,0
254949,0
254950,8
254951,0
254952,9
254953,0
254954,0
254955,10
254956,0
254957,4
254958,8
254959,0
254960,0
254961,0
254962,14
254963,0
254964,7
254965,0
254966,0
254967,0
254968,0
254969,11
254970,0
254971,12
254972,10
254973,8
254974,5
254975,0
254976,7
254977,0
254978,7
254979,0
254980,0
254981,9
254982,0
254983,0
254984,0
254985,0
254986,0
254987,0
254988,0
254989,0
254990,0
254991,0
254992,0
254993,0
254994,6
254995,0
254996,0
254997,0
254998,0
254999,0
255000,0
255001,0
255002,0
255003,0
255004,0
255005,0
255006,0
255007,0
255008,7
255009,0
255010,0
255011,0
255012,0
255013,0
255014,0
255015,0
255016,0
255017,0
255018,0
255019,0
255020,5
255021,0
255022,0
255023,8
255024,0
255025,0
255026,0
255027,0
255028,0
255029,0
255030,0
255031,0
255032,0
255033,0
255034,0
255035,0
255036,0
255037,6
255038,0
255039,0
255040,0
255041,0
255042,0
255043,0
255044,0
255045,0
255046,5
255047,0
255048,0
255049,0
255050,0
255051,6
255052,0
255053,4
255054,0
255055,0
255056,0
255057,0
255058,0
255059,0
255060,0
255061,0
255062,0
255063,0
255064,0
255065,7
255066,0
255067,0
255068,0
255069,0
255070,0
255071,0
255072,0
255073,0
255074,0
255075,0
255076,0
255077,12
255078,7
255079,0
255080,9
255081,0
255082,6
255083,0
255084,0
255085,8
255086,0
255087,0
255088,0
255089,0
255090,0
255091,6
255092,6
255093,0
255094,0
255095,5
255096,0
255097,0
255098,0
255099,0
255100,0
255101,8
255102,11
255103,0
255104,0
255105,0
255106,0
255107,0
255108,0
255109,0
255110,0
255111,13
255112,0
255113,0
255114,0
255115,0
255116,0
255117,5
255118,0
255119,5
255120,0
255121,12
255122,0
255123,0
255124,0
255125,0
255126,8
255127,0
255128,0
255129,0
255130,0
255131,0
255132,7
255133,0
255134,0
255135,8
255136,0
255137,0
255138,0
255139,0
255140,0
255141,0
255142,0
255143,0
255144,0
255145,0
255146,0
255147,0
255148,0
255149,0
255150,0
255151,0
255152,5
255153,0
255154,0
255155,0
255156,0
255157,0
255158,0
255159,0
255160,0
255161,0
255162,6
255163,7
255164,8
255165,0
255166,0
255167,0
255168,4
255169,0
255170,0
255171,10
255172,14
255173,0
255174,0
255175,0
255176,8
255177,0
255178,0
255179,0
255180,0
255181,9
255182,0
255183,12
255184,0
255185,0
255186,5
255187,0
255188,0
255189,0
255190,0
255191,0
255192,0
255193,0
255194,0
255195,0
255196,0
255197,0
255198,0
255199,0
255200,0
255201,0
255202,0
255203,0
255204,0
255205,4
255206,0
255207,0
255208,0
255209,0
255210,0
255211,0
255212,3
255213,0
255214,0
255215,0
255216,0
255217,0
255218,0
255219,0
255220,0
255221,0
255222,7
255223,0
255224,0
255225,0
255226,0
255227,0
255228,0
255229,0
255230,0
255231,0
255232,0
255233,0
255234,7
255235,0
255236,0
255237,13
255238,0
255239,0
255240,0
255241,0
255242,0
255243,0
255244,0
255245,6
255246,0
255247,0
255248,0
255249,0
255250,0
255251,0
255252,0
255253,6
255254,0
255255,0
255256,0
255257,0
255258,0
255259,0
255260,0
255261,6
255262,10
255263,0
255264,0
255265,0
255266,0
255267,0
255268,0
255269,0
255270,0
255271,0
255272,0
255273,0
255274,9
255275,0
255276,6
255277,0
255278,6
255279,0
255280,0
255281,0
255282,0
255283,0
255284,0
255285,0
255286,4
255287,0
255288,0
255289,0
255290,0
255291,10
255292,0
255293,0
255294,13
255295,0
255296,0
255297,0
255298,0
255299,0
255300,0
255301,0
255302,0
255303,0
255304,0
255305,0
255306,0
255307,0
255308,8
255309,0
255310,0
255311,0
255312,0
255313,0
255314,0
255315,0
255316,0
255317,11
255318,0
255319,6
255320,0
255321,0
255322,6
255323,13
255324,0
255325,0
255326,0
255327,0
255328,0
255329,0
255330,0
255331,0
255332,0
255333,0
255334,0
255335,0
255336,6
255337,0
255338,0
255339,0
255340,0
255341,0
255342,0
255343,0
255344,9
255345,0
255346,0
255347,0
255348,0
255349,0
255350,0
255351,0
255352,10
255353,0
255354,0
255355,0
255356,0
255357,0
255358,4
255359,0
255360,0
255361,8
255362,0
255363,0
255364,0
255365,0
255366,0
255367,0
255368,0
255369,0
255370,0
255371,0
255372,4
255373,0
255374,0
255375,0
255376,0
255377,0
255378,9
255379,0
255380,4
255381,0
255382,0
255383,0
255384,0
255385,0
255386,0
255387,0
255388,0
255389,0
255390,0
255391,0
255392,5
255393,0
255394,0
255395,0
255396,0
255397,0
255398,0
255399,9
255400,0
255401,0
255402,0
255403,8
255404,0
255405,0
255406,13
255407,0
255408,0
255409,0
255410,0
255411,0
255412,0
255413,0
255414,0
255415,0
255416,0
255417,0
255418,0
255419,0
255420,0
255421,0
255422,0
255423,0
255424,0
255425,0
255426,0
255427,0
255428,0
255429,0
255430,0
255431,0
255432,5
255433,0
255434,12
255435,0
255436,0
255437,0
255438,0
255439,0
255440,0
255441,0
255442,0
255443,0
255444,0
255445,11
255446,0
255447,6
255448,0
255449,0
255450,0
255451,0
255452,0
255453,0
255454,0
255455,0
255456,7
255457,0
255458,0
255459,0
255460,0
255461,0
255462,0
255463,0
255464,0
255465,0
255466,0
255467,0
255468,0
255469,9
255470,0
255471,7
255472,0
255473,0
255474,0
255475,0
255476,0
255477,8
255478,10
255479,7
255480,0
255481,0
255482,0
255483,0
255484,0
255485,0
255486,6
255487,0
255488,0
255489,0
255490,0
255491,0
255492,3
255493,0
255494,0
255495,0
255496,14
255497,11
255498,0
255499,0
255500,0
255501,0
255502,0
255503,0
255504,0
255505,7
255506,0
255507,12
255508,0
255509,0
255510,0
255511,0
255512,6
255513,0
255514,11
255515,0
255516,0
255517,0
255518,0
255519,0
255520,0
255521,10
255522,0
255523,8
255524,0
255525,0
255526,0
255527,0
255528,0
255529,0
255530,0
255531,6
255532,0
255533,0
255534,0
255535,0
255536,0
255537,0
255538,0
255539,9
255540,0
255541,0
255542,7
255543,0
255544,0
255545,0
255546,0
255547,0
255548,0
255549,0
255550,5
255551,0
255552,0
255553,0
255554,0
255555,10
255556,0
255557,9
255558,0
255559,0
255560,10
255561,0
255562,0
255563,0
255564,0
255565,0
255566,0
255567,0
255568,0
255569,8
255570,0
255571,0
255572,0
255573,0
255574,0
255575,0
255576,0
255577,0
255578,0
255579,0
255580,0
255581,0
255582,0
255583,12
255584,0
255585,6
255586,0
255587,0
255588,0
255589,0
255590,0
255591,0
255592,0
255593,0
255594,0
255595,0
255596,8
255597,0
255598,0
255599,0
255600,0
255601,0
255602,0
255603,0
255604,0
255605,0
255606,0
255607,0
255608,0
255609,7
255610,10
255611,0
255612,0
255613,0
255614,0
255615,0
255616,0
255617,0
255618,0
255619,4
255620,0
255621,0
255622,8
255623,0
255624,0
255625,0
255626,0
255627,0
255628,0
255629,0
255630,0
255631,0
255632,0
255633,0
255634,0
255635,0
255636,0
255637,0
255638,10
255639,0
255640,0
255641,0
255642,0
255643,0
255644,0
255645,0
255646,10
255647,0
255648,0
255649,6
255650,0
255651,0
255652,0
255653,0
255654,0
255655,0
255656,0
255657,0
255658,0
255659,0
255660,0
255661,0
255662,0
255663,6
255664,10
255665,0
255666,0
255667,0
255668,0
255669,0
255670,0
255671,0
255672,12
255673,0
255674,0
255675,0
255676,0
255677,0
255678,6
255679,0
255680,0
255681,9
255682,0
255683,0
255684,9
255685,34
255686,0
255687,0
255688,0
255689,0
255690,0
255691,0
255692,0
255693,0
255694,0
255695,0
255696,0
255697,0
255698,0
255699,0
255700,0
255701,0
255702,0
255703,0
255704,0
255705,0
255706,0
255707,0
255708,0
255709,0
255710,0
255711,0
255712,20
255713,0
255714,0
255715,0
255716,0
255717,0
255718,34
255719,0
255720,0
255721,0
255722,0
255723,0
255724,0
255725,0
255726,0
255727,0
255728,0
255729,0
255730,40
255731,0
255732,0
255733,0
255734,0
255735,0
255736,0
255737,34
255738,0
255739,0
255740,0
255741,0
255742,0
255743,0
255744,0
255745,0
255746,0
255747,0
255748,0
255749,0
255750,0
255751,0
255752,0
255753,0
255754,0
255755,0
255756,0
255757,0
255758,0
255759,31
255760,0
255761,48
255762,0
255763,28
255764,0
255765,0
255766,0
255767,0
255768,0
255769,0
255770,37
255771,0
255772,0
255773,0
255774,0
255775,0
255776,0
255777,0
255778,0
255779,0
255780,0
255781,0
255782,0
255783,0
255784,0
255785,0
255786,0
255787,0
255788,0
255789,0
255790,0
255791,0
255792,0
255793,0
255794,0
255795,0
255796,0
255797,0
255798,0
255799,0
255800,0
255801,0
255802,0
255803,0
255804,0
255805,0
255806,0
255807,0
255808,0
255809,0
255810,0
255811,0
255812,0
255813,0
255814,0
255815,52
255816,0
255817,0
255818,0
255819,0
255820,0
255821,0
255822,41
255823,0
255824,0
255825,0
255826,0
255827,0
255828,0
255829,0
255830,0
255831,0
255832,0
255833,0
255834,0
255835,0
255836,0
255837,0
255838,0
255839,0
255840,0
255841,0
255842,0
255843,0
255844,0
255845,0
255846,0
255847,0
255848,0
255849,40
255850,0
255851,0
255852,0
255853,0
255854,0
255855,0
255856,0
255857,0
255858,0
255859,0
255860,0
255861,0
255862,0
255863,0
255864,0
255865,0
255866,0
255867,0
255868,0
255869,0
255870,0
255871,0
255872,0
255873,0
255874,0
255875,0
255876,0
255877,0
255878,0
255879,0
255880,0
255881,0
255882,0
255883,0
255884,0
255885,0
255886,0
255887,0
255888,0
255889,0
255890,0
255891,41
255892,0
255893,0
255894,0
255895,0
255896,0
255897,0
255898,0
255899,0
255900,0
255901,0
255902,0
255903,0
255904,0
255905,0
255906,0
255907,0
255908,0
255909,0
255910,0
255911,0
255912,0
255913,0
255914,0
255915,0
255916,0
255917,0
255918,0
255919,23
255920,35
255921,0
255922,0
255923,0
255924,0
255925,0
255926,0
255927,0
255928,0
255929,0
255930,0
255931,48
255932,0
255933,0
255934,0
255935,33
255936,0
255937,0
255938,0
255939,0
255940,0
255941,0
255942,0
255943,0
255944,37
255945,0
255946,69
255947,0
255948,0
255949,0
255950,0
255951,0
255952,0
255953,63
255954,0
255955,0
255956,0
255957,0
255958,0
255959,0
255960,0
255961,0
255962,0
255963,0
255964,0
255965,0
255966,0
255967,0
255968,0
255969,0
255970,0
255971,0
255972,0
255973,0
255974,0
255975,0
255976,0
255977,0
255978,0
255979,0
255980,0
255981,0
255982,0
255983,0
255984,24
255985,0
255986,19
255987,0
255988,0
255989,0
255990,0
255991,0
255992,0
255993,0
255994,0
255995,0
255996,0
255997,0
255998,0
255999,0
256000,0
256001,0
256002,0
256003,0
256004,0
256005,0
256006,0
256007,46
256008,0
256009,0
256010,0
256011,0
256012,0
256013,0
256014,0
256015,0
256016,0
256017,54
256018,0
256019,0
256020,0
256021,0
256022,0
256023,0
256024,0
256025,0
256026,0
256027,0
256028,0
256029,0
256030,0
256031,0
256032,0
256033,0
256034,0
256035,0
256036,0
256037,0
256038,0
256039,0
256040,0
256041,0
256042,0
256043,0
256044,0
256045,0
256046,0
256047,0
256048,0
256049,0
256050,0
256051,0
256052,0
256053,0
256054,0
256055,0
256056,0
256057,0
256058,0
256059,0
256060,0
256061,0
256062,0
256063,0
256064,0
256065,0
256066,0
256067,0
256068,0
256069,0
256070,0
256071,0
256072,0
256073,0
256074,0
256075,0
256076,0
256077,0
256078,0
256079,0
256080,0
256081,0
256082,0
256083,0
256084,0
256085,0
256086,0
256087,0
256088,0
256089,0
256090,0
256091,0
256092,0
256093,0
256094,0
256095,0
256096,0
256097,0
256098,0
256099,0
256100,0
256101,0
256102,0
256103,52
256104,0
256105,0
256106,0
256107,0
256108,0
256109,0
256110,0
256111,0
256112,0
256113,0
256114,0
256115,0
256116,0
256117,0
256118,0
256119,0
256120,30
256121,0
256122,0
256123,0
256124,0
256125,0
256126,0
256127,0
256128,0
256129,0
256130,0
256131,0
256132,0
256133,0
256134,0
256135,0
256136,0
256137,0
256138,15
256139,0
256140,0
256141,0
256142,0
256143,0
256144,0
256145,0
256146,0
256147,0
256148,0
256149,0
256150,0
256151,0
256152,0
256153,0
256154,0
256155,0
256156,41
256157,0
256158,0
256159,0
256160,0
256161,0
256162,0
256163,0
256164,0
256165,0
256166,0
256167,0
256168,0
256169,0
256170,0
256171,0
256172,0
256173,0
256174,0
256175,0
256176,0
256177,0
256178,0
256179,0
256180,0
256181,0
256182,0
256183,33
256184,0
256185,0
256186,62
256187,0
256188,0
256189,0
256190,0
256191,30
256192,0
256193,0
256194,0
256195,39
256196,0
256197,0
256198,52
256199,0
256200,0
256201,0
256202,0
256203,0
256204,0
256205,0
256206,0
256207,0
256208,0
256209,0
256210,0
256211,0
256212,0
256213,0
256214,0
256215,0
256216,0
256217,0
256218,0
256219,0
256220,0
256221,0
256222,0
256223,0
256224,0
256225,0
256226,0
256227,0
256228,0
256229,0
256230,26
256231,0
256232,0
256233,0
256234,0
256235,0
256236,0
256237,0
256238,0
256239,0
256240,0
256241,0
256242,0
256243,0
256244,0
256245,0
256246,0
256247,0
256248,0
256249,0
256250,62
256251,0
256252,0
256253,0
256254,0
256255,0
256256,0
256257,41
256258,0
256259,0
256260,32
256261,32
256262,0
256263,0
256264,0
256265,0
256266,0
256267,0
256268,0
256269,0
256270,0
256271,0
256272,0
256273,0
256274,0
256275,0
256276,0
256277,0
256278,0
256279,0
256280,0
256281,0
256282,39
256283,0
256284,0
256285,0
256286,0
256287,0
256288,0
256289,0
256290,0
256291,0
256292,0
256293,0
256294,0
256295,0
256296,0
256297,0
256298,0
256299,0
256300,0
256301,0
256302,0
256303,0
256304,0
256305,0
256306,0
256307,0
256308,0
256309,0
256310,0
256311,0
256312,0
256313,0
256314,0
256315,0
256316,0
256317,0
256318,0
256319,0
256320,0
256321,0
256322,0
256323,76
256324,0
256325,0
256326,0
256327,0
256328,0
256329,0
256330,0
256331,36
256332,0
256333,0
256334,0
256335,0
256336,0
256337,0
256338,0
256339,0
256340,0
256341,0
256342,0
256343,0
256344,0
256345,0
256346,0
256347,50
256348,0
256349,0
256350,0
256351,0
256352,0
256353,0
256354,0
256355,0
256356,0
256357,0
256358,0
256359,0
256360,0
256361,0
256362,0
256363,0
256364,0
256365,0
256366,0
256367,0
256368,0
256369,0
256370,0
256371,0
256372,0
256373,36
256374,0
256375,0
256376,33
256377,0
256378,0
256379,0
256380,0
256381,0
256382,0
256383,0
256384,0
256385,0
256386,0
256387,0
256388,0
256389,0
256390,0
256391,0
256392,0
256393,0
256394,0
256395,31
256396,0
256397,0
256398,0
256399,0
256400,0
256401,0
256402,0
256403,0
256404,0
256405,0
256406,0
256407,0
256408,38
256409,53
256410,0
256411,0
256412,0
256413,0
256414,0
256415,0
256416,0
256417,0
256418,0
256419,0
256420,0
256421,0
256422,0
256423,0
256424,0
256425,0
256426,0
256427,0
256428,11
256429,0
256430,0
256431,0
256432,0
256433,0
256434,0
256435,0
256436,0
256437,0
256438,0
256439,0
256440,0
256441,0
256442,0
256443,0
256444,0
256445,0
256446,0
256447,0
256448,0
256449,0
256450,0
256451,0
256452,0
256453,0
256454,0
256455,0
256456,31
256457,0
256458,16
256459,0
256460,0
256461,0
256462,0
256463,0
256464,0
256465,0
256466,0
256467,21
256468,0
256469,0
256470,0
256471,0
256472,0
256473,0
256474,0
256475,0
256476,0
256477,0
256478,0
256479,0
256480,0
256481,20
256482,0
256483,0
256484,0
256485,0
256486,0
256487,0
256488,0
256489,29
256490,0
256491,0
256492,0
256493,0
256494,0
256495,0
256496,0
256497,0
256498,0
256499,0
256500,0
256501,0
256502,0
256503,16
256504,0
256505,0
256506,0
256507,0
256508,0
256509,0
256510,0
256511,0
256512,19
256513,0
256514,0
256515,0
256516,0
256517,0
256518,0
256519,0
256520,0
256521,20
256522,0
256523,0
256524,0
256525,0
256526,0
256527,0
256528,0
256529,0
256530,16
256531,0
256532,0
256533,0
256534,0
256535,0
256536,0
256537,0
256538,0
256539,0
256540,0
256541,0
256542,0
256543,0
256544,0
256545,25
256546,0
256547,0
256548,0
256549,0
256550,0
256551,21
256552,0
256553,0
256554,0
256555,0
256556,0
256557,0
256558,0
256559,26
256560,0
256561,0
256562,0
256563,18
256564,0
256565,0
256566,0
256567,0
256568,0
256569,23
256570,18
256571,0
256572,0
256573,0
256574,0
256575,0
256576,0
256577,0
256578,0
256579,0
256580,0
256581,0
256582,0
256583,0
256584,0
256585,0
256586,0
256587,0
256588,0
256589,0
256590,0
256591,0
256592,0
256593,0
256594,0
256595,0
256596,0
256597,20
256598,0
256599,0
256600,0
256601,0
256602,0
256603,18
256604,24
256605,0
256606,0
256607,0
256608,0
256609,0
256610,0
256611,0
256612,0
256613,0
256614,0
256615,0
256616,0
256617,0
256618,0
256619,0
256620,0
256621,0
256622,0
256623,0
256624,0
256625,0
256626,0
256627,0
256628,0
256629,0
256630,0
256631,18
256632,0
256633,0
256634,0
256635,0
256636,0
256637,0
256638,0
256639,0
256640,0
256641,0
256642,0
256643,18
256644,0
256645,0
256646,0
256647,0
256648,0
256649,0
256650,0
256651,0
256652,0
256653,0
256654,27
256655,0
256656,0
256657,0
256658,0
256659,0
256660,0
256661,0
256662,22
256663,22
256664,21
256665,0
256666,0
256667,0
256668,0
256669,0
256670,0
256671,0
256672,0
256673,0
256674,0
256675,0
256676,0
256677,0
256678,0
256679,0
256680,0
256681,0
256682,0
256683,0
256684,0
256685,0
256686,0
256687,0
256688,0
256689,0
256690,0
256691,0
256692,0
256693,0
256694,0
256695,0
256696,0
256697,0
256698,0
256699,0
256700,0
256701,29
256702,0
256703,0
256704,0
256705,20
256706,0
256707,0
256708,0
256709,0
256710,0
256711,0
256712,0
256713,0
256714,0
256715,0
256716,0
256717,0
256718,0
256719,0
256720,0
256721,0
256722,0
256723,0
256724,0
256725,0
256726,0
256727,0
256728,0
256729,0
256730,0
256731,0
256732,0
256733,0
256734,0
256735,0
256736,0
256737,22
256738,0
256739,0
256740,0
256741,0
256742,0
256743,0
256744,0
256745,0
256746,0
256747,0
256748,0
256749,0
256750,0
256751,0
256752,0
256753,0
256754,0
256755,0
256756,0
256757,0
256758,0
256759,0
256760,0
256761,0
256762,0
256763,14
256764,0
256765,0
256766,0
256767,0
256768,0
256769,0
256770,0
256771,0
256772,0
256773,0
256774,0
256775,0
256776,0
256777,0
256778,0
256779,0
256780,0
256781,0
256782,0
256783,0
256784,0
256785,18
256786,0
256787,0
256788,0
256789,0
256790,0
256791,0
256792,0
256793,0
256794,0
256795,0
256796,0
256797,0
256798,0
256799,0
256800,0
256801,0
256802,0
256803,0
256804,0
256805,0
256806,0
256807,0
256808,0
256809,0
256810,0
256811,0
256812,0
256813,0
256814,0
256815,0
256816,0
256817,0
256818,0
256819,0
256820,0
256821,0
256822,0
256823,0
256824,0
256825,0
256826,0
256827,0
256828,0
256829,0
256830,0
256831,0
256832,0
256833,0
256834,0
256835,0
256836,0
256837,0
256838,0
256839,0
256840,0
256841,0
256842,0
256843,21
256844,0
256845,0
256846,0
256847,0
256848,0
256849,0
256850,0
256851,0
256852,32
256853,0
256854,0
256855,0
256856,0
256857,0
256858,0
256859,0
256860,0
256861,0
256862,0
256863,0
256864,0
256865,22
256866,42
256867,0
256868,0
256869,0
256870,0
256871,0
256872,0
256873,0
256874,0
256875,0
256876,0
256877,0
256878,0
256879,0
256880,0
256881,0
256882,0
256883,0
256884,0
256885,0
256886,0
256887,0
256888,0
256889,0
256890,0
256891,0
256892,0
256893,0
256894,0
256895,0
256896,0
256897,0
256898,0
256899,0
256900,0
256901,0
256902,0
256903,0
256904,0
256905,0
256906,0
256907,0
256908,0
256909,0
256910,0
256911,0
256912,0
256913,0
256914,0
256915,0
256916,0
256917,0
256918,0
256919,0
256920,25
256921,0
256922,0
256923,0
256924,0
256925,0
256926,0
256927,28
256928,0
256929,0
256930,0
256931,12
256932,0
256933,0
256934,0
256935,18
256936,0
256937,0
256938,16
256939,0
256940,0
256941,0
256942,0
256943,0
256944,12
256945,0
256946,0
256947,0
256948,0
256949,0
256950,0
256951,0
256952,0
256953,0
256954,0
256955,0
256956,0
256957,0
256958,0
256959,0
256960,0
256961,0
256962,0
256963,0
256964,26
256965,0
256966,0
256967,0
256968,0
256969,0
256970,0
256971,0
256972,0
256973,26
256974,0
256975,15
256976,0
256977,0
256978,0
256979,0
256980,0
256981,0
256982,0
256983,0
256984,0
256985,0
256986,0
256987,0
256988,0
256989,0
256990,0
256991,0
256992,0
256993,28
256994,0
256995,0
256996,0
256997,0
256998,0
256999,0
257000,0
257001,0
257002,0
257003,0
257004,0
257005,0
257006,17
257007,0
257008,0
257009,0
257010,0
257011,0
257012,0
257013,0
257014,26
257015,0
257016,0
257017,0
257018,0
257019,0
257020,15
257021,0
257022,0
257023,0
257024,0
257025,31
257026,0
257027,27
257028,0
257029,0
257030,0
257031,0
257032,0
257033,0
257034,0
257035,15
257036,0
257037,0
257038,0
257039,0
257040,0
257041,0
257042,0
257043,0
257044,0
257045,0
257046,0
257047,0
257048,0
257049,0
257050,0
257051,0
257052,0
257053,0
257054,0
257055,0
257056,0
257057,0
257058,0
257059,0
257060,0
257061,0
257062,0
257063,0
257064,0
257065,0
257066,0
257067,0
257068,0
257069,0
257070,0
257071,0
257072,0
257073,0
257074,0
257075,0
257076,0
257077,0
257078,0
257079,0
257080,0
257081,0
257082,32
257083,0
257084,0
257085,0
257086,0
257087,0
257088,31
257089,0
257090,0
257091,0
257092,0
257093,0
257094,0
257095,0
257096,0
257097,0
257098,0
257099,0
257100,0
257101,0
257102,0
257103,0
257104,0
257105,0
257106,0
257107,0
257108,0
257109,0
257110,0
257111,0
257112,0
257113,0
257114,0
257115,27
257116,0
257117,0
257118,0
257119,0
257120,0
257121,0
257122,0
257123,0
257124,0
257125,0
257126,0
257127,0
257128,0
257129,0
257130,0
257131,0
257132,0
257133,0
257134,0
257135,0
257136,0
257137,0
257138,0
257139,0
257140,0
257141,0
257142,0
257143,0
257144,0
257145,0
257146,0
257147,0
257148,0
257149,0
257150,0
257151,0
257152,0
257153,26
257154,0
257155,0
257156,0
257157,0
257158,0
257159,0
257160,0
257161,0
257162,0
257163,0
257164,0
257165,0
257166,1
257167,0
257168,0
257169,0
257170,0
257171,0
257172,0
257173,0
257174,0
257175,2
257176,0
257177,0
257178,0
257179,0
257180,0
257181,0
257182,0
257183,0
257184,0
257185,0
257186,0
257187,0
257188,0
257189,0
257190,0
257191,0
257192,0
257193,0
257194,0
257195,0
257196,0
257197,0
257198,0
257199,0
257200,0
257201,0
257202,0
257203,0
257204,0
257205,1
257206,0
257207,0
257208,0
257209,0
257210,0
257211,0
257212,0
257213,0
257214,0
257215,0
257216,0
257217,0
257218,0
257219,0
257220,0
257221,0
257222,0
257223,0
257224,0
257225,0
257226,0
257227,0
257228,0
257229,0
257230,0
257231,0
257232,0
257233,0
257234,0
257235,0
257236,0
257237,0
257238,0
257239,0
257240,0
257241,0
257242,0
257243,0
257244,0
257245,0
257246,0
257247,0
257248,0
257249,0
257250,0
257251,0
257252,0
257253,0
257254,0
257255,0
257256,0
257257,0
257258,0
257259,0
257260,1
257261,0
257262,0
257263,0
257264,0
257265,0
257266,0
257267,0
257268,0
257269,0
257270,0
257271,0
257272,0
257273,0
257274,0
257275,0
257276,0
257277,0
257278,0
257279,0
257280,0
257281,0
257282,0
257283,0
257284,0
257285,0
257286,0
257287,0
257288,0
257289,0
257290,0
257291,0
257292,0
257293,0
257294,0
257295,0
257296,0
257297,0
257298,0
257299,0
257300,0
257301,0
257302,0
257303,1
257304,0
257305,0
257306,0
257307,0
257308,0
257309,0
257310,0
257311,0
257312,0
257313,2
257314,0
257315,0
257316,0
257317,0
257318,0
257319,0
257320,2
257321,0
257322,2
257323,0
257324,0
257325,0
257326,0
257327,0
257328,0
257329,0
257330,0
257331,0
257332,0
257333,0
257334,0
257335,0
257336,0
257337,0
257338,0
257339,0
257340,0
257341,0
257342,0
257343,0
257344,0
257345,0
257346,0
257347,0
257348,0
257349,0
257350,1
257351,0
257352,0
257353,0
257354,0
257355,2
257356,0
257357,0
257358,0
257359,0
257360,0
257361,0
257362,0
257363,0
257364,0
257365,0
257366,0
257367,0
257368,0
257369,0
257370,0
257371,0
257372,0
257373,0
257374,0
257375,0
257376,0
257377,0
257378,0
257379,0
257380,0
257381,1
257382,0
257383,0
257384,0
257385,0
257386,0
257387,0
257388,0
257389,0
257390,0
257391,0
257392,0
257393,0
257394,0
257395,0
257396,0
257397,0
257398,0
257399,0
257400,0
257401,0
257402,0
257403,0
257404,0
257405,0
257406,0
257407,0
257408,0
257409,0
257410,0
257411,0
257412,0
257413,0
257414,0
257415,0
257416,0
257417,0
257418,0
257419,0
257420,0
257421,0
257422,0
257423,0
257424,0
257425,1
257426,0
257427,0
257428,0
257429,0
257430,0
257431,0
257432,1
257433,0
257434,0
257435,0
257436,0
257437,0
257438,0
257439,0
257440,0
257441,0
257442,0
257443,0
257444,0
257445,0
257446,0
257447,0
257448,0
257449,0
257450,0
257451,0
257452,0
257453,0
257454,0
257455,0
257456,0
257457,1
257458,0
257459,0
257460,0
257461,0
257462,0
257463,0
257464,0
257465,0
257466,0
257467,0
257468,0
257469,0
257470,0
257471,0
257472,0
257473,0
257474,0
257475,0
257476,2
257477,0
257478,0
257479,0
257480,0
257481,0
257482,0
257483,0
257484,0
257485,0
257486,0
257487,0
257488,0
257489,0
257490,0
257491,0
257492,0
257493,0
257494,2
257495,0
257496,0
257497,0
257498,0
257499,0
257500,0
257501,0
257502,0
257503,0
257504,0
257505,0
257506,0
257507,0
257508,0
257509,0
257510,0
257511,0
257512,0
257513,0
257514,0
257515,0
257516,0
257517,0
257518,0
257519,0
257520,0
257521,0
257522,0
257523,0
257524,0
257525,0
257526,0
257527,0
257528,0
257529,0
257530,0
257531,1
257532,0
257533,0
257534,0
257535,0
257536,0
257537,0
257538,0
257539,0
257540,0
257541,0
257542,0
257543,0
257544,0
257545,0
257546,0
257547,0
257548,0
257549,0
257550,0
257551,0
257552,0
257553,0
257554,0
257555,0
257556,0
257557,0
257558,0
257559,0
257560,0
257561,0
257562,0
257563,0
257564,0
257565,0
257566,0
257567,0
257568,0
257569,0
257570,0
257571,0
257572,0
257573,0
257574,0
257575,0
257576,0
257577,0
257578,0
257579,0
257580,0
257581,0
257582,0
257583,0
257584,0
257585,0
257586,0
257587,0
257588,0
257589,0
257590,0
257591,0
257592,0
257593,0
257594,0
257595,0
257596,0
257597,0
257598,0
257599,0
257600,0
257601,0
257602,0
257603,0
257604,0
257605,0
257606,1
257607,0
257608,0
257609,0
257610,0
257611,1
257612,0
257613,0
257614,0
257615,0
257616,0
257617,0
257618,0
257619,0
257620,0
257621,1
257622,0
257623,0
257624,0
257625,0
257626,0
257627,0
257628,0
257629,0
257630,0
257631,0
257632,0
257633,0
257634,0
257635,0
257636,0
257637,0
257638,0
257639,0
257640,0
257641,0
257642,0
257643,0
257644,0
257645,0
257646,0
257647,0
257648,0
257649,0
257650,0
257651,0
257652,0
257653,0
257654,0
257655,1
257656,0
257657,0
257658,0
257659,0
257660,0
257661,0
257662,0
257663,0
257664,0
257665,0
257666,0
257667,0
257668,0
257669,0
257670,0
257671,0
257672,0
257673,0
257674,0
257675,0
257676,0
257677,0
257678,0
257679,0
257680,0
257681,0
257682,0
257683,0
257684,0
257685,0
257686,0
257687,0
257688,0
257689,0
257690,0
257691,0
257692,0
257693,0
257694,0
257695,0
257696,1
257697,0
257698,0
257699,0
257700,0
257701,0
257702,0
257703,0
257704,0
257705,0
257706,1
257707,0
257708,0
257709,0
257710,0
257711,0
257712,0
257713,0
257714,0
257715,0
257716,0
257717,0
257718,0
257719,0
257720,0
257721,0
257722,0
257723,0
257724,0
257725,0
257726,0
257727,0
257728,0
257729,0
257730,0
257731,0
257732,0
257733,0
257734,0
257735,0
257736,0
257737,0
257738,0
257739,0
257740,0
257741,0
257742,0
257743,0
257744,0
257745,0
257746,0
257747,0
257748,0
257749,0
257750,0
257751,0
257752,0
257753,0
257754,0
257755,0
257756,0
257757,0
257758,0
257759,1
257760,0
257761,0
257762,0
257763,0
257764,0
257765,0
257766,0
257767,0
257768,0
257769,0
257770,0
257771,0
257772,0
257773,0
257774,0
257775,0
257776,0
257777,0
257778,0
257779,0
257780,0
257781,0
257782,0
257783,0
257784,0
257785,0
257786,0
257787,0
257788,0
257789,0
257790,0
257791,0
257792,0
257793,0
257794,0
257795,0
257796,0
257797,0
257798,0
257799,0
257800,0
257801,0
257802,0
257803,0
257804,0
257805,0
257806,0
257807,0
257808,2
257809,0
257810,0
257811,0
257812,0
257813,0
257814,0
257815,0
257816,0
257817,0
257818,0
257819,0
257820,0
257821,0
257822,0
257823,0
257824,0
257825,0
257826,0
257827,0
257828,0
257829,0
257830,0
257831,0
257832,0
257833,0
257834,0
257835,0
257836,0
257837,0
257838,0
257839,0
257840,0
257841,0
257842,0
257843,0
257844,0
257845,1
257846,0
257847,0
257848,0
257849,0
257850,0
257851,0
257852,0
257853,0
257854,0
257855,1
257856,0
257857,0
257858,0
257859,0
257860,0
257861,0
257862,0
257863,0
257864,0
257865,0
257866,0
257867,0
257868,0
257869,0
257870,0
257871,0
257872,0
257873,0
257874,0
257875,0
257876,0
257877,0
257878,0
257879,1
257880,0
257881,0
257882,0
257883,0
257884,0
257885,0
257886,0
257887,0
257888,0
257889,0
257890,0
257891,0
257892,2
257893,0
257894,0
257895,0
257896,0
257897,0
257898,0
257899,0
257900,0
257901,0
257902,0
257903,0
257904,0
257905,0
257906,0
257907,0
257908,0
257909,0
257910,0
257911,0
257912,0
257913,0
257914,0
257915,0
257916,0
257917,0
257918,0
257919,0
257920,0
257921,0
257922,0
257923,0
257924,0
257925,0
257926,0
257927,0
257928,0
257929,0
257930,0
257931,0
257932,0
257933,0
257934,0
257935,0
257936,0
257937,0
257938,0
257939,0
257940,0
257941,0
257942,0
257943,0
257944,0
257945,0
257946,0
257947,0
257948,0
257949,0
257950,0
257951,0
257952,0
257953,0
257954,0
257955,0
257956,0
257957,0
257958,0
257959,0
257960,0
257961,0
257962,0
257963,0
257964,0
257965,0
257966,0
257967,0
257968,0
257969,0
257970,0
257971,0
257972,0
257973,0
257974,0
257975,0
257976,0
257977,0
257978,0
257979,0
257980,0
257981,0
257982,0
257983,0
257984,0
257985,0
257986,0
257987,0
257988,0
257989,0
257990,0
257991,0
257992,0
257993,0
257994,3
257995,0
257996,0
257997,0
257998,0
257999,0
258000,0
258001,0
258002,0
258003,0
258004,0
258005,0
258006,0
258007,0
258008,0
258009,0
258010,0
258011,0
258012,0
258013,0
258014,36
258015,0
258016,0
258017,31
258018,0
258019,0
258020,0
258021,0
258022,0
258023,39
258024,0
258025,0
258026,0
258027,38
258028,25
258029,30
258030,0
258031,0
258032,28
258033,0
258034,0
258035,0
258036,0
258037,0
258038,28
258039,0
258040,0
258041,0
258042,21
258043,36
258044,26
258045,0
258046,16
258047,0
258048,0
258049,0
258050,0
258051,0
258052,0
258053,0
258054,33
258055,0
258056,35
258057,0
258058,44
258059,0
258060,16
258061,0
258062,0
258063,0
258064,0
258065,0
258066,0
258067,27
258068,26
258069,16
258070,47
258071,0
258072,0
258073,0
258074,42
258075,24
258076,0
258077,0
258078,0
258079,0
258080,0
258081,0
258082,0
258083,0
258084,0
258085,0
258086,0
258087,0
258088,23
258089,0
258090,0
258091,0
258092,0
258093,0
258094,22
258095,0
258096,0
258097,37
258098,0
258099,0
258100,24
258101,0
258102,0
258103,0
258104,0
258105,0
258106,0
258107,0
258108,0
258109,18
258110,17
258111,0
258112,0
258113,23
258114,25
258115,0
258116,0
258117,0
258118,0
258119,0
258120,0
258121,0
258122,0
258123,31
258124,0
258125,0
258126,0
258127,0
258128,0
258129,47
258130,0
258131,0
258132,0
258133,0
258134,0
258135,0
258136,0
258137,0
258138,0
258139,14
258140,0
258141,0
258142,0
258143,31
258144,0
258145,0
258146,0
258147,0
258148,0
258149,0
258150,0
258151,0
258152,0
258153,0
258154,28
258155,15
258156,0
258157,26
258158,0
258159,0
258160,0
258161,33
258162,0
258163,0
258164,0
258165,0
258166,0
258167,0
258168,0
258169,0
258170,0
258171,0
258172,0
258173,18
258174,0
258175,31
258176,0
258177,20
258178,31
258179,0
258180,0
258181,33
258182,0
258183,0
258184,17
258185,19
258186,35
258187,21
258188,0
258189,0
258190,0
258191,0
258192,0
258193,24
258194,0
258195,10
258196,0
258197,24
258198,17
258199,0
258200,0
258201,0
258202,27
258203,0
258204,26
258205,0
258206,0
258207,0
258208,0
258209,38
258210,0
258211,0
258212,14
258213,0
258214,39
258215,0
258216,0
258217,0
258218,0
258219,0
258220,0
258221,0
258222,0
258223,0
258224,0
258225,0
258226,0
258227,0
258228,0
258229,0
258230,28
258231,0
258232,0
258233,0
258234,0
258235,0
258236,0
258237,0
258238,0
258239,0
258240,45
258241,0
258242,0
258243,0
258244,0
258245,0
258246,29
258247,31
258248,0
258249,0
258250,0
258251,0
258252,0
258253,0
258254,0
258255,19
258256,0
258257,0
258258,0
258259,0
258260,28
258261,16
258262,0
258263,0
258264,0
258265,15
258266,17
258267,31
258268,0
258269,0
258270,0
258271,0
258272,0
258273,0
258274,23
258275,0
258276,35
258277,0
258278,28
258279,0
258280,0
258281,29
258282,23
258283,0
258284,33
258285,0
258286,39
258287,0
258288,0
258289,0
258290,0
258291,0
258292,31
258293,0
258294,0
258295,0
258296,0
258297,0
258298,0
258299,26
258300,0
258301,0
258302,0
258303,0
258304,0
258305,0
258306,29
258307,0
258308,15
258309,0
258310,0
258311,0
258312,0
258313,34
258314,26
258315,0
258316,25
258317,0
258318,0
258319,0
258320,35
258321,33
258322,38
258323,0
258324,22
258325,0
258326,0
258327,0
258328,0
258329,35
258330,0
258331,0
258332,0
258333,0
258334,0
258335,0
258336,0
258337,0
258338,0
258339,0
258340,0
258341,0
258342,0
258343,41
258344,0
258345,0
258346,0
258347,0
258348,0
258349,0
258350,0
258351,0
258352,0
258353,0
258354,0
258355,23
258356,20
258357,0
258358,29
258359,0
258360,0
258361,34
258362,0
258363,0
258364,26
258365,0
258366,0
258367,0
258368,0
258369,0
258370,0
258371,0
258372,0
258373,0
258374,0
258375,0
258376,0
258377,0
258378,0
258379,0
258380,34
258381,0
258382,24
258383,0
258384,0
258385,0
258386,22
258387,0
258388,0
258389,0
258390,0
258391,0
258392,0
258393,0
258394,0
258395,0
258396,0
258397,0
258398,41
258399,0
258400,0
258401,0
258402,0
258403,0
258404,0
258405,0
258406,0
258407,0
258408,0
258409,0
258410,0
258411,0
258412,0
258413,0
258414,0
258415,46
258416,0
258417,0
258418,0
258419,0
258420,0
258421,0
258422,0
258423,0
258424,0
258425,0
258426,0
258427,0
258428,0
258429,0
258430,0
258431,0
258432,0
258433,0
258434,0
258435,0
258436,0
258437,0
258438,39
258439,0
258440,0
258441,0
258442,36
258443,0
258444,0
258445,33
258446,0
258447,39
258448,0
258449,0
258450,0
258451,0
258452,0
258453,0
258454,0
258455,0
258456,0
258457,0
258458,0
258459,0
258460,0
258461,0
258462,37
258463,0
258464,11
258465,0
258466,0
258467,0
258468,31
258469,0
258470,0
258471,0
258472,0
258473,0
258474,0
258475,0
258476,17
258477,0
258478,0
258479,0
258480,0
258481,0
258482,0
258483,0
258484,0
258485,0
258486,0
258487,0
258488,0
258489,0
258490,0
258491,0
258492,0
258493,0
258494,0
258495,0
258496,0
258497,0
258498,0
258499,0
258500,0
258501,0
258502,0
258503,0
258504,0
258505,0
258506,0
258507,40
258508,20
258509,0
258510,0
258511,0
258512,0
258513,0
258514,0
258515,0
258516,0
258517,0
258518,0
258519,0
258520,0
258521,0
258522,0
258523,48
258524,0
258525,0
258526,0
258527,28
258528,0
258529,0
258530,0
258531,0
258532,0
258533,0
258534,0
258535,0
258536,0
258537,0
258538,0
258539,0
258540,0
258541,0
258542,0
258543,0
258544,0
258545,18
258546,0
258547,0
258548,0
258549,0
258550,0
258551,0
258552,0
258553,0
258554,0
258555,0
258556,0
258557,0
258558,0
258559,0
258560,0
258561,0
258562,33
258563,0
258564,0
258565,0
258566,36
258567,0
258568,0
258569,0
258570,0
258571,0
258572,0
258573,0
258574,0
258575,0
258576,0
258577,0
258578,0
258579,0
258580,0
258581,0
258582,0
258583,0
258584,0
258585,0
258586,0
258587,0
258588,0
258589,0
258590,0
258591,0
258592,0
258593,0
258594,37
258595,0
258596,0
258597,29
258598,0
258599,0
258600,0
258601,0
258602,0
258603,0
258604,0
258605,0
258606,0
258607,0
258608,0
258609,0
258610,0
258611,0
258612,0
258613,0
258614,0
258615,0
258616,0
258617,0
258618,0
258619,0
258620,0
258621,0
258622,0
258623,0
258624,0
258625,0
258626,0
258627,0
258628,0
258629,0
258630,0
258631,0
258632,0
258633,0
258634,0
258635,0
258636,23
258637,0
258638,0
258639,0
258640,0
258641,0
258642,0
258643,0
258644,0
258645,0
258646,19
258647,0
258648,0
258649,0
258650,16
258651,0
258652,0
258653,0
258654,0
258655,0
258656,0
258657,46
258658,0
258659,0
258660,0
258661,0
258662,0
258663,0
258664,0
258665,26
258666,0
258667,0
258668,0
258669,0
258670,40
258671,0
258672,0
258673,0
258674,0
258675,0
258676,0
258677,0
258678,0
258679,0
258680,0
258681,0
258682,0
258683,0
258684,0
258685,0
258686,0
258687,0
258688,0
258689,0
258690,0
258691,0
258692,0
258693,27
258694,0
258695,0
258696,0
258697,0
258698,41
258699,0
258700,0
258701,0
258702,0
258703,0
258704,0
258705,23
258706,0
258707,0
258708,0
258709,0
258710,0
258711,0
258712,0
258713,26
258714,0
258715,0
258716,0
258717,0
258718,0
258719,0
258720,0
258721,0
258722,0
258723,0
258724,0
258725,0
258726,0
258727,0
258728,0
258729,0
258730,0
258731,0
258732,0
258733,0
258734,0
258735,0
258736,0
258737,0
258738,0
258739,0
258740,0
258741,0
258742,0
258743,0
258744,0
258745,0
258746,0
258747,0
258748,0
258749,0
258750,0
258751,0
258752,0
258753,0
258754,0
258755,0
258756,0
258757,0
258758,21
258759,0
258760,0
258761,0
258762,0
258763,0
258764,0
258765,31
258766,0
258767,0
258768,0
258769,0
258770,0
258771,0
258772,0
258773,0
258774,0
258775,0
258776,0
258777,0
258778,0
258779,0
258780,0
258781,41
258782,0
258783,42
258784,0
258785,0
258786,0
258787,0
258788,0
258789,0
258790,0
258791,0
258792,0
258793,0
258794,0
258795,0
258796,37
258797,0
258798,0
258799,43
258800,0
258801,0
258802,0
258803,0
258804,0
258805,0
258806,26
258807,0
258808,0
258809,0
258810,0
258811,0
258812,0
258813,0
258814,0
258815,0
258816,0
258817,0
258818,0
258819,0
258820,0
258821,25
258822,0
258823,0
258824,0
258825,0
258826,0
258827,0
258828,0
258829,0
258830,0
258831,0
258832,0
258833,0
258834,0
258835,0
258836,0
258837,0
258838,0
258839,0
258840,0
258841,25
258842,0
258843,0
258844,0
258845,0
258846,0
258847,0
258848,0
258849,0
258850,0
258851,0
258852,0
258853,0
258854,0
258855,0
258856,0
258857,0
258858,0
258859,0
258860,0
258861,0
258862,0
258863,0
258864,0
258865,35
258866,0
258867,0
258868,0
258869,0
258870,0
258871,0
258872,36
258873,0
258874,0
258875,0
258876,0
258877,0
258878,0
258879,0
258880,0
258881,37
258882,0
258883,0
258884,0
258885,0
258886,0
258887,0
258888,0
258889,0
258890,0
258891,0
258892,0
258893,0
258894,0
258895,0
258896,25
258897,0
258898,0
258899,0
258900,0
258901,0
258902,32
258903,0
258904,0
258905,0
258906,0
258907,0
258908,0
258909,0
258910,0
258911,0
258912,0
258913,0
258914,0
258915,0
258916,0
258917,0
258918,0
258919,0
258920,0
258921,0
258922,0
258923,0
258924,47
258925,0
258926,28
258927,0
258928,0
258929,0
258930,0
258931,0
258932,0
258933,0
258934,0
258935,0
258936,0
258937,0
258938,0
258939,36
258940,0
258941,0
258942,0
258943,0
258944,0
258945,0
258946,0
258947,0
258948,0
258949,0
258950,0
258951,0
258952,0
258953,0
258954,0
258955,0
258956,0
258957,0
258958,0
258959,23
258960,0
258961,0
258962,0
258963,0
258964,0
258965,0
258966,0
258967,0
258968,0
258969,0
258970,0
258971,0
258972,0
258973,0
258974,0
258975,0
258976,0
258977,33
258978,0
258979,0
258980,0
258981,0
258982,0
258983,0
258984,0
258985,0
258986,0
258987,0
258988,0
258989,0
258990,0
258991,0
258992,27
258993,0
258994,0
258995,0
258996,0
258997,0
258998,0
258999,0
259000,0
259001,0
259002,0
259003,0
259004,0
259005,0
259006,0
259007,0
259008,0
259009,0
259010,0
259011,0
259012,0
259013,0
259014,0
259015,0
259016,0
259017,0
259018,0
259019,0
259020,0
259021,0
259022,0
259023,0
259024,0
259025,0
259026,0
259027,0
259028,0
259029,0
259030,24
259031,0
259032,29
259033,0
259034,0
259035,0
259036,33
259037,0
259038,0
259039,0
259040,0
259041,0
259042,0
259043,0
259044,0
259045,0
259046,0
259047,0
259048,0
259049,0
259050,0
259051,0
259052,0
259053,0
259054,0
259055,0
259056,29
259057,0
259058,0
259059,0
259060,0
259061,0
259062,0
259063,0
259064,36
259065,0
259066,0
259067,0
259068,0
259069,0
259070,33
259071,0
259072,0
259073,0
259074,0
259075,0
259076,0
259077,0
259078,0
259079,0
259080,0
259081,48
259082,0
259083,0
259084,0
259085,0
259086,0
259087,0
259088,0
259089,0
259090,0
259091,0
259092,0
259093,0
259094,38
259095,0
259096,32
259097,0
259098,0
259099,0
259100,0
259101,28
259102,0
259103,0
259104,0
259105,0
259106,0
259107,0
259108,17
259109,0
259110,0
259111,0
259112,0
259113,0
259114,0
259115,0
259116,0
259117,0
259118,0
259119,0
259120,0
259121,32
259122,0
259123,0
259124,0
259125,0
259126,0
259127,0
259128,0
259129,32
259130,0
259131,0
259132,0
259133,0
259134,0
259135,0
259136,0
259137,0
259138,0
259139,0
259140,0
259141,0
259142,0
259143,0
259144,0
259145,0
259146,0
259147,0
259148,0
259149,35
259150,0
259151,0
259152,0
259153,0
259154,0
259155,0
259156,0
259157,0
259158,0
259159,0
259160,0
259161,0
259162,0
259163,0
259164,0
259165,0
259166,0
259167,0
259168,0
259169,0
259170,0
259171,0
259172,0
259173,0
259174,0
259175,0
259176,0
259177,0
259178,0
259179,0
259180,0
259181,0
259182,0
259183,0
259184,0
259185,0
259186,0
259187,42
259188,0
259189,0
259190,0
259191,0
259192,0
259193,0
259194,0
259195,0
259196,0
259197,0
259198,0
259199,0
259200,0
259201,0
259202,0
259203,0
259204,0
259205,0
259206,0
259207,0
259208,0
259209,0
259210,0
259211,0
259212,0
259213,0
259214,0
259215,0
259216,0
259217,0
259218,0
259219,0
259220,0
259221,0
259222,0
259223,33
259224,0
259225,44
259226,0
259227,0
259228,0
259229,0
259230,44
259231,0
259232,0
259233,0
259234,0
259235,0
259236,0
259237,0
259238,0
259239,0
259240,0
259241,0
259242,0
259243,0
259244,0
259245,0
259246,0
259247,0
259248,0
259249,35
259250,0
259251,19
259252,0
259253,0
259254,0
259255,0
259256,0
259257,0
259258,0
259259,0
259260,0
259261,0
259262,0
259263,0
259264,0
259265,0
259266,0
259267,0
259268,0
259269,29
259270,0
259271,0
259272,0
259273,0
259274,0
259275,0
259276,0
259277,0
259278,0
259279,0
259280,0
259281,0
259282,0
259283,0
259284,0
259285,0
259286,0
259287,0
259288,0
259289,0
259290,0
259291,0
259292,0
259293,0
259294,0
259295,0
259296,0
259297,0
259298,0
259299,0
259300,0
259301,0
259302,0
259303,0
259304,0
259305,0
259306,0
259307,0
259308,0
259309,0
259310,0
259311,0
259312,0
259313,0
259314,0
259315,0
259316,0
259317,0
259318,0
259319,0
259320,0
259321,0
259322,0
259323,0
259324,0
259325,0
259326,0
259327,0
259328,0
259329,0
259330,0
259331,0
259332,0
259333,0
259334,0
259335,0
259336,0
259337,0
259338,0
259339,0
259340,0
259341,0
259342,0
259343,0
259344,0
259345,0
259346,0
259347,0
259348,0
259349,0
259350,0
259351,0
259352,0
259353,0
259354,0
259355,0
259356,0
259357,0
259358,0
259359,0
259360,0
259361,0
259362,0
259363,0
259364,0
259365,0
259366,0
259367,0
259368,0
259369,0
259370,0
259371,0
259372,0
259373,0
259374,0
259375,0
259376,0
259377,0
259378,0
259379,0
259380,0
259381,0
259382,0
259383,0
259384,0
259385,0
259386,0
259387,0
259388,0
259389,1
259390,0
259391,0
259392,0
259393,0
259394,0
259395,0
259396,0
259397,0
259398,0
259399,0
259400,0
259401,0
259402,0
259403,0
259404,0
259405,0
259406,0
259407,0
259408,0
259409,0
259410,0
259411,0
259412,1
259413,0
259414,0
259415,0
259416,0
259417,0
259418,0
259419,0
259420,0
259421,0
259422,0
259423,0
259424,0
259425,0
259426,0
259427,0
259428,0
259429,0
259430,0
259431,0
259432,0
259433,0
259434,0
259435,0
259436,0
259437,0
259438,0
259439,0
259440,0
259441,0
259442,0
259443,0
259444,0
259445,0
259446,0
259447,0
259448,0
259449,0
259450,0
259451,0
259452,0
259453,0
259454,0
259455,0
259456,0
259457,0
259458,0
259459,0
259460,0
259461,0
259462,0
259463,0
259464,0
259465,0
259466,0
259467,0
259468,0
259469,0
259470,0
259471,0
259472,0
259473,0
259474,0
259475,0
259476,0
259477,0
259478,0
259479,0
259480,0
259481,0
259482,0
259483,0
259484,0
259485,0
259486,0
259487,0
259488,0
259489,0
259490,0
259491,0
259492,0
259493,0
259494,0
259495,0
259496,0
259497,0
259498,0
259499,0
259500,0
259501,0
259502,0
259503,0
259504,0
259505,0
259506,0
259507,0
259508,0
259509,0
259510,0
259511,0
259512,0
259513,0
259514,0
259515,0
259516,0
259517,0
259518,0
259519,0
259520,0
259521,0
259522,0
259523,0
259524,0
259525,0
259526,0
259527,0
259528,0
259529,0
259530,0
259531,0
259532,0
259533,0
259534,0
259535,0
259536,0
259537,0
259538,0
259539,0
259540,0
259541,0
259542,0
259543,0
259544,0
259545,0
259546,1
259547,0
259548,0
259549,0
259550,0
259551,0
259552,0
259553,0
259554,0
259555,0
259556,0
259557,0
259558,0
259559,0
259560,0
259561,0
259562,0
259563,0
259564,0
259565,0
259566,0
259567,0
259568,0
259569,0
259570,0
259571,0
259572,0
259573,0
259574,0
259575,0
259576,0
259577,0
259578,0
259579,0
259580,0
259581,0
259582,0
259583,0
259584,0
259585,0
259586,0
259587,0
259588,0
259589,0
259590,0
259591,0
259592,0
259593,0
259594,0
259595,0
259596,0
259597,0
259598,0
259599,0
259600,0
259601,0
259602,1
259603,0
259604,0
259605,0
259606,0
259607,0
259608,0
259609,0
259610,0
259611,0
259612,0
259613,0
259614,0
259615,0
259616,0
259617,0
259618,1
259619,0
259620,0
259621,0
259622,0
259623,0
259624,0
259625,0
259626,0
259627,0
259628,0
259629,0
259630,0
259631,0
259632,0
259633,0
259634,0
259635,0
259636,0
259637,0
259638,0
259639,0
259640,0
259641,1
259642,0
259643,0
259644,0
259645,0
259646,0
259647,0
259648,0
259649,0
259650,0
259651,0
259652,0
259653,0
259654,0
259655,0
259656,0
259657,0
259658,0
259659,0
259660,0
259661,0
259662,0
259663,0
259664,0
259665,0
259666,0
259667,0
259668,0
259669,0
259670,0
259671,0
259672,0
259673,0
259674,0
259675,0
259676,0
259677,0
259678,0
259679,0
259680,0
259681,0
259682,0
259683,0
259684,0
259685,0
259686,0
259687,0
259688,0
259689,0
259690,0
259691,0
259692,0
259693,0
259694,0
259695,0
259696,0
259697,0
259698,0
259699,0
259700,0
259701,0
259702,0
259703,0
259704,0
259705,0
259706,0
259707,0
259708,0
259709,0
259710,0
259711,0
259712,0
259713,0
259714,0
259715,0
259716,0
259717,1
259718,0
259719,0
259720,0
259721,0
259722,0
259723,0
259724,0
259725,0
259726,0
259727,0
259728,0
259729,0
259730,0
259731,0
259732,0
259733,0
259734,0
259735,0
259736,0
259737,0
259738,0
259739,0
259740,0
259741,0
259742,0
259743,0
259744,0
259745,0
259746,0
259747,0
259748,0
259749,0
259750,0
259751,0
259752,0
259753,0
259754,0
259755,0
259756,0
259757,0
259758,0
259759,0
259760,0
259761,0
259762,0
259763,0
259764,0
259765,0
259766,0
259767,0
259768,0
259769,0
259770,0
259771,0
259772,0
259773,0
259774,0
259775,0
259776,0
259777,0
259778,0
259779,0
259780,0
259781,0
259782,0
259783,0
259784,0
259785,0
259786,0
259787,0
259788,0
259789,0
259790,0
259791,0
259792,0
259793,0
259794,0
259795,0
259796,0
259797,0
259798,0
259799,0
259800,0
259801,0
259802,0
259803,0
259804,0
259805,0
259806,0
259807,0
259808,0
259809,0
259810,0
259811,0
259812,0
259813,0
259814,0
259815,0
259816,0
259817,0
259818,0
259819,0
259820,0
259821,0
259822,0
259823,0
259824,0
259825,0
259826,0
259827,0
259828,0
259829,0
259830,0
259831,0
259832,0
259833,0
259834,0
259835,0
259836,0
259837,0
259838,0
259839,0
259840,0
259841,0
259842,0
259843,0
259844,0
259845,0
259846,0
259847,0
259848,0
259849,0
259850,0
259851,0
259852,0
259853,0
259854,0
259855,0
259856,0
259857,0
259858,0
259859,0
259860,0
259861,0
259862,0
259863,0
259864,0
259865,0
259866,0
259867,0
259868,0
259869,0
259870,0
259871,0
259872,0
259873,0
259874,0
259875,0
259876,0
259877,0
259878,0
259879,0
259880,0
259881,0
259882,0
259883,0
259884,0
259885,0
259886,0
259887,0
259888,0
259889,0
259890,0
259891,0
259892,0
259893,0
259894,0
259895,0
259896,0
259897,0
259898,0
259899,0
259900,0
259901,0
259902,0
259903,0
259904,0
259905,0
259906,0
259907,0
259908,0
259909,0
259910,0
259911,0
259912,0
259913,0
259914,0
259915,0
259916,0
259917,0
259918,0
259919,0
259920,0
259921,0
259922,0
259923,0
259924,0
259925,0
259926,0
259927,0
259928,0
259929,0
259930,0
259931,0
259932,0
259933,0
259934,0
259935,0
259936,0
259937,0
259938,0
259939,0
259940,0
259941,0
259942,0
259943,0
259944,0
259945,0
259946,0
259947,0
259948,0
259949,0
259950,0
259951,0
259952,0
259953,0
259954,0
259955,0
259956,0
259957,0
259958,0
259959,0
259960,0
259961,0
259962,0
259963,0
259964,0
259965,0
259966,0
259967,0
259968,27
259969,0
259970,0
259971,0
259972,14
259973,0
259974,0
259975,0
259976,0
259977,0
259978,0
259979,0
259980,0
259981,0
259982,0
259983,0
259984,0
259985,0
259986,0
259987,17
259988,0
259989,0
259990,0
259991,0
259992,24
259993,0
259994,0
259995,0
259996,0
259997,13
259998,12
259999,0
260000,0
260001,0
260002,0
260003,15
260004,0
260005,0
260006,0
260007,0
260008,14
260009,0
260010,0
260011,0
260012,0
260013,0
260014,15
260015,0
260016,0
260017,14
260018,22
260019,0
260020,0
260021,0
260022,18
260023,0
260024,0
260025,0
260026,18
260027,0
260028,16
260029,0
260030,0
260031,0
260032,12
260033,0
260034,14
260035,0
260036,0
260037,0
260038,16
260039,0
260040,0
260041,28
260042,0
260043,0
260044,0
260045,23
260046,0
260047,0
260048,0
260049,0
260050,12
260051,0
260052,21
260053,21
260054,0
260055,0
260056,0
260057,0
260058,8
260059,0
260060,0
260061,0
260062,0
260063,0
260064,8
260065,0
260066,18
260067,0
260068,0
260069,19
260070,0
260071,0
260072,0
260073,14
260074,0
260075,10
260076,0
260077,0
260078,17
260079,0
260080,0
260081,0
260082,0
260083,0
260084,13
260085,0
260086,0
260087,21
260088,18
260089,0
260090,0
260091,12
260092,0
260093,0
260094,0
260095,0
260096,13
260097,0
260098,18
260099,0
260100,0
260101,20
260102,0
260103,0
260104,0
260105,0
260106,0
260107,0
260108,24
260109,0
260110,0
260111,0
260112,19
260113,0
260114,20
260115,0
260116,0
260117,0
260118,0
260119,18
260120,15
260121,0
260122,19
260123,0
260124,0
260125,0
260126,0
260127,0
260128,0
260129,14
260130,0
260131,15
260132,22
260133,0
260134,0
260135,0
260136,0
260137,0
260138,0
260139,30
260140,0
260141,0
260142,0
260143,0
260144,0
260145,0
260146,18
260147,0
260148,0
260149,0
260150,0
260151,0
260152,0
260153,0
260154,0
260155,24
260156,0
260157,0
260158,0
260159,17
260160,0
260161,0
260162,0
260163,0
260164,0
260165,19
260166,0
260167,0
260168,0
260169,0
260170,0
260171,0
260172,0
260173,0
260174,0
260175,0
260176,0
260177,0
260178,0
260179,14
260180,0
260181,0
260182,0
260183,0
260184,0
260185,0
260186,0
260187,0
260188,0
260189,21
260190,0
260191,0
260192,0
260193,0
260194,0
260195,0
260196,17
260197,16
260198,0
260199,0
260200,0
260201,0
260202,0
260203,0
260204,23
260205,0
260206,0
260207,0
260208,0
260209,0
260210,0
260211,0
260212,0
260213,0
260214,0
260215,0
260216,0
260217,0
260218,0
260219,0
260220,14
260221,0
260222,0
260223,0
260224,0
260225,0
260226,12
260227,0
260228,0
260229,0
260230,0
260231,0
260232,0
260233,0
260234,0
260235,30
260236,14
260237,0
260238,0
260239,0
260240,9
260241,0
260242,0
260243,0
260244,0
260245,0
260246,0
260247,0
260248,0
260249,0
260250,22
260251,14
260252,0
260253,0
260254,0
260255,0
260256,0
260257,15
260258,0
260259,0
260260,0
260261,0
260262,0
260263,0
260264,20
260265,0
260266,26
260267,0
260268,0
260269,0
260270,0
260271,23
260272,19
260273,10
260274,0
260275,0
260276,22
260277,0
260278,0
260279,18
260280,19
260281,0
260282,0
260283,15
260284,0
260285,0
260286,0
260287,0
260288,0
260289,0
260290,20
260291,0
260292,16
260293,15
260294,0
260295,18
260296,21
260297,0
260298,0
260299,9
260300,0
260301,0
260302,20
260303,0
260304,0
260305,0
260306,0
260307,18
260308,12
260309,0
260310,0
260311,0
260312,0
260313,0
260314,15
260315,0
260316,0
260317,0
260318,0
260319,0
260320,18
260321,0
260322,0
260323,0
260324,0
260325,0
260326,13
260327,0
260328,18
260329,0
260330,0
260331,0
260332,23
260333,13
260334,0
260335,0
260336,0
260337,0
260338,0
260339,13
260340,11
260341,0
260342,0
260343,0
260344,0
260345,0
260346,0
260347,0
260348,0
260349,9
260350,0
260351,0
260352,0
260353,0
260354,13
260355,0
260356,0
260357,15
260358,0
260359,0
260360,0
260361,0
260362,12
260363,0
260364,0
260365,0
260366,0
260367,0
260368,0
260369,15
260370,0
260371,15
260372,8
260373,0
260374,0
260375,0
260376,0
260377,0
260378,0
260379,0
260380,8
260381,18
260382,0
260383,28
260384,12
260385,0
260386,0
260387,21
260388,0
260389,0
260390,0
260391,15
260392,10
260393,0
260394,12
260395,0
260396,0
260397,0
260398,0
260399,0
260400,0
260401,0
260402,14
260403,0
260404,19
260405,0
260406,0
260407,14
260408,0
260409,0
260410,0
260411,0
260412,19
260413,0
260414,0
260415,20
260416,0
260417,12
260418,0
260419,19
260420,0
260421,7
260422,0
260423,18
260424,0
260425,0
260426,0
260427,0
260428,0
260429,0
260430,18
260431,0
260432,0
260433,0
260434,0
260435,0
260436,0
260437,17
260438,27
260439,0
260440,0
260441,0
260442,0
260443,23
260444,0
260445,0
260446,0
260447,0
260448,0
260449,24
260450,10
260451,0
260452,0
260453,0
260454,24
260455,0
260456,0
260457,0
260458,0
260459,0
260460,16
260461,0
260462,0
260463,16
260464,0
260465,0
260466,0
260467,0
260468,0
260469,15
260470,9
260471,0
260472,0
260473,0
260474,0
260475,0
260476,0
260477,22
260478,0
260479,10
260480,0
260481,0
260482,14
260483,0
260484,0
260485,0
260486,0
260487,13
260488,0
260489,0
260490,0
260491,0
260492,0
260493,0
260494,0
260495,0
260496,16
260497,0
260498,0
260499,13
260500,14
260501,0
260502,0
260503,0
260504,0
260505,0
260506,19
260507,16
260508,0
260509,19
260510,0
260511,0
260512,16
260513,16
260514,0
260515,0
260516,0
260517,21
260518,0
260519,0
260520,0
260521,21
260522,0
260523,0
260524,0
260525,0
260526,0
260527,17
260528,0
260529,0
260530,0
260531,0
260532,24
260533,0
260534,25
260535,0
260536,0
260537,0
260538,19
260539,18
260540,0
260541,0
260542,0
260543,0
260544,0
260545,0
260546,0
260547,0
260548,11
260549,0
260550,32
260551,0
260552,0
260553,0
260554,14
260555,0
260556,16
260557,0
260558,0
260559,0
260560,0
260561,0
260562,0
260563,0
260564,0
260565,24
260566,0
260567,0
260568,0
260569,19
260570,0
260571,0
260572,20
260573,0
260574,0
260575,25
260576,0
260577,0
260578,17
260579,0
260580,0
260581,0
260582,0
260583,22
260584,24
260585,0
260586,0
260587,0
260588,11
260589,0
260590,0
260591,9
260592,14
260593,0
260594,0
260595,0
260596,0
260597,0
260598,0
260599,0
260600,0
260601,9
260602,14
260603,0
260604,22
260605,0
260606,18
260607,16
260608,9
260609,0
260610,0
260611,0
260612,12
260613,12
260614,26
260615,18
260616,0
260617,0
260618,0
260619,0
260620,15
260621,0
260622,0
260623,29
260624,0
260625,0
260626,0
260627,0
260628,0
260629,0
260630,12
260631,0
260632,15
260633,20
260634,0
260635,0
260636,22
260637,13
260638,0
260639,16
260640,8
260641,0
260642,0
260643,0
260644,16
260645,0
260646,0
260647,0
260648,0
260649,0
260650,0
260651,0
260652,0
260653,0
260654,0
260655,0
260656,1
260657,0
260658,0
260659,0
260660,0
260661,0
260662,15
260663,0
260664,0
260665,0
260666,0
260667,0
260668,0
260669,0
260670,0
260671,0
260672,0
260673,0
260674,0
260675,0
260676,4
260677,0
260678,30
260679,0
260680,0
260681,0
260682,8
260683,0
260684,22
260685,0
260686,0
260687,11
260688,0
260689,0
260690,10
260691,0
260692,0
260693,0
260694,0
260695,0
260696,0
260697,0
260698,0
260699,0
260700,0
260701,0
260702,0
260703,9
260704,0
260705,0
260706,0
260707,0
260708,0
260709,30
260710,0
260711,0
260712,3
260713,0
260714,0
260715,0
260716,5
260717,0
260718,0
260719,40
260720,0
260721,12
260722,16
260723,0
260724,0
260725,10
260726,0
260727,16
260728,0
260729,13
260730,0
260731,0
260732,14
260733,0
260734,0
260735,0
260736,0
260737,0
260738,0
260739,0
260740,14
260741,14
260742,0
260743,0
260744,0
260745,0
260746,0
260747,0
260748,0
260749,0
260750,0
260751,0
260752,0
260753,0
260754,0
260755,0
260756,0
260757,0
260758,6
260759,0
260760,24
260761,0
260762,11
260763,0
260764,0
260765,0
260766,0
260767,0
260768,0
260769,0
260770,0
260771,13
260772,0
260773,0
260774,0
260775,0
260776,0
260777,0
260778,0
260779,0
260780,0
260781,0
260782,0
260783,0
260784,0
260785,0
260786,0
260787,0
260788,15
260789,13
260790,0
260791,0
260792,0
260793,0
260794,18
260795,0
260796,24
260797,0
260798,0
260799,21
260800,21
260801,6
260802,0
260803,0
260804,0
260805,0
260806,0
260807,0
260808,0
260809,0
260810,0
260811,0
260812,0
260813,10
260814,0
260815,23
260816,0
260817,9
260818,0
260819,0
260820,0
260821,0
260822,0
260823,0
260824,0
260825,0
260826,0
260827,6
260828,28
260829,0
260830,0
260831,0
260832,0
260833,0
260834,0
260835,13
260836,15
260837,0
260838,0
260839,0
260840,0
260841,0
260842,0
260843,21
260844,0
260845,0
260846,20
260847,0
260848,0
260849,9
260850,0
260851,0
260852,13
260853,0
260854,0
260855,0
260856,9
260857,25
260858,0
260859,0
260860,0
260861,11
260862,0
260863,0
260864,0
260865,0
260866,0
260867,0
260868,0
260869,0
260870,0
260871,0
260872,0
260873,23
260874,0
260875,0
260876,0
260877,0
260878,0
260879,0
260880,0
260881,31
260882,15
260883,0
260884,0
260885,7
260886,0
260887,0
260888,0
260889,0
260890,0
260891,16
260892,0
260893,0
260894,0
260895,0
260896,0
260897,18
260898,0
260899,20
260900,0
260901,0
260902,0
260903,0
260904,0
260905,0
260906,0
260907,28
260908,0
260909,0
260910,0
260911,0
260912,0
260913,0
260914,16
260915,15
260916,0
260917,0
260918,0
260919,16
260920,0
260921,0
260922,17
260923,30
260924,20
260925,0
260926,0
260927,0
260928,19
260929,0
260930,0
260931,0
260932,19
260933,0
260934,0
260935,22
260936,0
260937,0
260938,0
260939,0
260940,14
260941,0
260942,0
260943,0
260944,0
260945,0
260946,0
260947,0
260948,0
260949,0
260950,0
260951,0
260952,0
260953,30
260954,40
260955,37
260956,0
260957,0
260958,0
260959,36
260960,0
260961,0
260962,0
260963,0
260964,0
260965,0
260966,0
260967,0
260968,0
260969,0
260970,0
260971,0
260972,0
260973,0
260974,0
260975,0
260976,29
260977,0
260978,0
260979,0
260980,0
260981,43
260982,0
260983,0
260984,0
260985,0
260986,41
260987,0
260988,0
260989,0
260990,0
260991,36
260992,0
260993,0
260994,0
260995,0
260996,0
260997,0
260998,0
260999,28
261000,0
261001,43
261002,34
261003,0
261004,0
261005,0
261006,0
261007,0
261008,0
261009,0
261010,30
261011,0
261012,0
261013,0
261014,0
261015,36
261016,0
261017,0
261018,0
261019,0
261020,0
261021,0
261022,0
261023,43
261024,0
261025,0
261026,0
261027,41
261028,31
261029,67
261030,0
261031,36
261032,35
261033,0
261034,0
261035,38
261036,0
261037,0
261038,40
261039,36
261040,0
261041,0
261042,0
261043,23
261044,0
261045,0
261046,0
261047,0
261048,0
261049,0
261050,0
261051,0
261052,0
261053,0
261054,0
261055,0
261056,0
261057,0
261058,0
261059,0
261060,0
261061,29
261062,0
261063,0
261064,0
261065,0
261066,30
261067,0
261068,49
261069,0
261070,0
261071,48
261072,0
261073,0
261074,0
261075,0
261076,0
261077,0
261078,0
261079,0
261080,0
261081,0
261082,45
261083,0
261084,0
261085,0
261086,0
261087,0
261088,40
261089,0
261090,0
261091,0
261092,0
261093,0
261094,0
261095,0
261096,0
261097,0
261098,0
261099,0
261100,0
261101,0
261102,0
261103,0
261104,0
261105,0
261106,0
261107,0
261108,0
261109,0
261110,0
261111,0
261112,0
261113,0
261114,23
261115,0
261116,35
261117,0
261118,0
261119,0
261120,41
261121,0
261122,30
261123,0
261124,40
261125,0
261126,0
261127,0
261128,0
261129,0
261130,0
261131,0
261132,0
261133,0
261134,0
261135,0
261136,0
261137,0
261138,43
261139,0
261140,0
261141,0
261142,0
261143,0
261144,0
261145,0
261146,0
261147,25
261148,0
261149,32
261150,0
261151,0
261152,0
261153,0
261154,0
261155,0
261156,0
261157,0
261158,0
261159,0
261160,0
261161,44
261162,0
261163,0
261164,33
261165,32
261166,0
261167,0
261168,0
261169,0
261170,26
261171,0
261172,0
261173,0
261174,0
261175,0
261176,36
261177,0
261178,0
261179,0
261180,0
261181,45
261182,0
261183,0
261184,0
261185,0
261186,47
261187,0
261188,0
261189,0
261190,0
261191,0
261192,0
261193,62
261194,0
261195,0
261196,0
261197,0
261198,0
261199,0
261200,0
261201,61
261202,0
261203,0
261204,0
261205,0
261206,42
261207,0
261208,0
261209,0
261210,43
261211,0
261212,0
261213,0
261214,0
261215,32
261216,33
261217,0
261218,0
261219,0
261220,0
261221,34
261222,0
261223,37
261224,0
261225,0
261226,0
261227,0
261228,0
261229,0
261230,32
261231,48
261232,0
261233,0
261234,39
261235,26
261236,0
261237,38
261238,0
261239,0
261240,0
261241,0
261242,0
261243,0
261244,0
261245,0
261246,0
261247,37
261248,0
261249,15
261250,0
261251,0
261252,0
261253,0
261254,0
261255,44
261256,25
261257,0
261258,0
261259,0
261260,0
261261,0
261262,0
261263,0
261264,0
261265,0
261266,0
261267,0
261268,0
261269,0
261270,0
261271,0
261272,0
261273,0
261274,0
261275,0
261276,0
261277,0
261278,0
261279,41
261280,0
261281,0
261282,0
261283,0
261284,0
261285,0
261286,0
261287,0
261288,35
261289,0
261290,0
261291,47
261292,0
261293,34
261294,0
261295,0
261296,0
261297,0
261298,0
261299,0
261300,0
261301,0
261302,0
261303,0
261304,0
261305,0
261306,35
261307,0
261308,0
261309,0
261310,0
261311,0
261312,26
261313,0
261314,0
261315,32
261316,0
261317,26
261318,0
261319,0
261320,0
261321,0
261322,0
261323,41
261324,0
261325,0
261326,0
261327,0
261328,0
261329,0
261330,0
261331,0
261332,0
261333,39
261334,0
261335,0
261336,0
261337,0
261338,55
261339,29
261340,0
261341,0
261342,0
261343,0
261344,0
261345,0
261346,42
261347,0
261348,43
261349,35
261350,0
261351,0
261352,0
261353,0
261354,28
261355,25
261356,0
261357,0
261358,0
261359,0
261360,0
261361,0
261362,0
261363,0
261364,0
261365,0
261366,0
261367,0
261368,0
261369,0
261370,0
261371,0
261372,32
261373,0
261374,0
261375,0
261376,0
261377,0
261378,0
261379,0
261380,0
261381,0
261382,37
261383,40
261384,0
261385,0
261386,29
261387,0
261388,0
261389,0
261390,0
261391,0
261392,0
261393,0
261394,0
261395,0
261396,0
261397,46
261398,0
261399,0
261400,28
261401,0
261402,46
261403,0
261404,29
261405,27
261406,45
261407,0
261408,0
261409,0
261410,0
261411,23
261412,0
261413,0
261414,59
261415,0
261416,37
261417,0
261418,0
261419,0
261420,32
261421,0
261422,23
261423,0
261424,0
261425,0
261426,0
261427,0
261428,0
261429,15
261430,0
261431,0
261432,0
261433,0
261434,0
261435,0
261436,0
261437,0
261438,0
261439,0
261440,0
261441,24
261442,0
261443,0
261444,47
261445,0
261446,0
261447,0
261448,0
261449,0
261450,0
261451,0
261452,0
261453,0
261454,0
261455,0
261456,42
261457,0
261458,0
261459,0
261460,0
261461,0
261462,0
261463,0
261464,48
261465,30
261466,35
261467,25
261468,0
261469,0
261470,0
261471,36
261472,0
261473,0
261474,0
261475,0
261476,0
261477,0
261478,23
261479,0
261480,0
261481,56
261482,0
261483,36
261484,0
261485,35
261486,0
261487,43
261488,0
261489,0
261490,0
261491,0
261492,0
261493,0
261494,0
261495,0
261496,0
261497,0
261498,0
261499,0
261500,0
261501,0
261502,0
261503,0
261504,0
261505,0
261506,0
261507,0
261508,26
261509,0
261510,72
261511,0
261512,0
261513,0
261514,0
261515,0
261516,30
261517,0
261518,30
261519,0
261520,0
261521,46
261522,32
261523,0
261524,0
261525,40
261526,0
261527,0
261528,0
261529,0
261530,0
261531,0
261532,41
261533,0
261534,41
261535,30
261536,0
261537,0
261538,0
261539,49
261540,0
261541,0
261542,0
261543,0
261544,33
261545,0
261546,44
261547,0
261548,0
261549,50
261550,0
261551,0
261552,0
261553,0
261554,39
261555,0
261556,0
261557,0
261558,0
261559,0
261560,0
261561,0
261562,0
261563,0
261564,0
261565,46
261566,0
261567,0
261568,37
261569,0
261570,0
261571,0
261572,0
261573,0
261574,0
261575,33
261576,0
261577,0
261578,39
261579,41
261580,0
261581,0
261582,0
261583,48
261584,0
261585,0
261586,0
261587,0
261588,37
261589,0
261590,34
261591,0
261592,0
261593,27
261594,0
261595,0
261596,0
261597,0
261598,0
261599,0
261600,0
261601,0
261602,29
261603,30
261604,33
261605,0
261606,0
261607,40
261608,0
261609,0
261610,0
261611,44
261612,0
261613,0
261614,16
261615,54
261616,0
261617,0
261618,0
261619,0
261620,49
261621,0
261622,0
261623,31
261624,0
261625,0
261626,0
261627,22
261628,0
261629,61
261630,0
261631,0
261632,15
261633,0
261634,0
261635,70
261636,39
261637,0
261638,0
261639,49
261640,0
261641,0
261642,0
261643,0
261644,0
261645,43
261646,0
261647,0
261648,46
261649,0
261650,0
261651,26
261652,0
261653,42
261654,0
261655,0
261656,0
261657,43
261658,0
261659,0
261660,0
261661,0
261662,38
261663,0
261664,20
261665,0
261666,36
261667,0
261668,0
261669,30
261670,0
261671,0
261672,32
261673,0
261674,46
261675,0
261676,0
261677,0
261678,0
261679,0
261680,0
261681,0
261682,37
261683,0
261684,24
261685,0
261686,40
261687,14
261688,0
261689,48
261690,0
261691,0
261692,0
261693,0
261694,30
261695,0
261696,44
261697,21
261698,0
261699,0
261700,0
261701,0
261702,0
261703,33
261704,28
261705,0
261706,52
261707,0
261708,0
261709,38
261710,0
261711,0
261712,0
261713,0
261714,34
261715,0
261716,0
261717,37
261718,23
261719,0
261720,0
261721,38
261722,0
261723,0
261724,0
261725,0
261726,44
261727,0
261728,0
261729,34
261730,0
261731,0
261732,0
261733,0
261734,0
261735,0
261736,0
261737,0
261738,0
261739,0
261740,0
261741,0
261742,58
261743,0
261744,0
261745,0
261746,0
261747,0
261748,0
261749,0
261750,0
261751,0
261752,0
261753,26
261754,0
261755,0
261756,0
261757,0
261758,0
261759,0
261760,48
261761,0
261762,0
261763,0
261764,50
261765,0
261766,0
261767,0
261768,0
261769,0
261770,0
261771,0
261772,27
261773,0
261774,0
261775,44
261776,0
261777,0
261778,56
261779,0
261780,0
261781,44
261782,0
261783,0
261784,21
261785,0
261786,0
261787,0
261788,0
261789,43
261790,0
261791,22
261792,0
261793,0
261794,0
261795,0
261796,57
261797,0
261798,38
261799,0
261800,0
261801,0
261802,45
261803,26
261804,0
261805,22
261806,0
261807,0
261808,38
261809,0
261810,0
261811,0
261812,0
261813,0
261814,27
261815,0
261816,0
261817,0
261818,0
261819,0
261820,36
261821,52
261822,0
261823,0
261824,36
261825,0
261826,35
261827,26
261828,0
261829,51
261830,0
261831,0
261832,0
261833,0
261834,0
261835,16
261836,34
261837,43
261838,44
261839,0
261840,0
261841,0
261842,32
261843,54
261844,29
261845,0
261846,32
261847,0
261848,0
261849,0
261850,0
261851,0
261852,0
261853,0
261854,0
261855,0
261856,0
261857,12
261858,0
261859,3
261860,0
261861,0
261862,4
261863,0
261864,0
261865,0
261866,0
261867,0
261868,0
261869,0
261870,0
261871,15
261872,0
261873,0
261874,0
261875,0
261876,11
261877,0
261878,20
261879,0
261880,0
261881,5
261882,0
261883,0
261884,0
261885,0
261886,7
261887,0
261888,6
261889,8
261890,6
261891,0
261892,8
261893,0
261894,0
261895,0
261896,0
261897,11
261898,0
261899,0
261900,0
261901,20
261902,11
261903,14
261904,0
261905,11
261906,0
261907,0
261908,0
261909,0
261910,0
261911,0
261912,0
261913,11
261914,12
261915,0
261916,0
261917,0
261918,0
261919,0
261920,0
261921,0
261922,9
261923,12
261924,0
261925,0
261926,17
261927,2
261928,0
261929,17
261930,0
261931,0
261932,14
261933,0
261934,0
261935,11
261936,0
261937,0
261938,4
261939,0
261940,0
261941,0
261942,0
261943,12
261944,0
261945,0
261946,16
261947,0
261948,0
261949,0
261950,7
261951,0
261952,0
261953,9
261954,0
261955,0
261956,0
261957,0
261958,0
261959,0
261960,4
261961,0
261962,0
261963,0
261964,0
261965,0
261966,0
261967,0
261968,0
261969,0
261970,0
261971,0
261972,0
261973,0
261974,0
261975,0
261976,0
261977,0
261978,0
261979,0
261980,0
261981,0
261982,0
261983,0
261984,0
261985,0
261986,0
261987,0
261988,0
261989,0
261990,0
261991,0
261992,0
261993,0
261994,0
261995,0
261996,0
261997,0
261998,0
261999,0
262000,0
262001,14
262002,13
262003,0
262004,0
262005,0
262006,0
262007,0
262008,13
262009,0
262010,0
262011,0
262012,0
262013,0
262014,0
262015,0
262016,0
262017,19
262018,0
262019,0
262020,0
262021,25
262022,0
262023,9
262024,0
262025,0
262026,0
262027,0
262028,0
262029,11
262030,0
262031,0
262032,0
262033,18
262034,0
262035,0
262036,0
262037,18
262038,0
262039,0
262040,0
262041,0
262042,0
262043,0
262044,0
262045,0
262046,0
262047,19
262048,0
262049,0
262050,0
262051,0
262052,0
262053,0
262054,0
262055,0
262056,0
262057,0
262058,0
262059,0
262060,0
262061,0
262062,0
262063,0
262064,0
262065,9
262066,0
262067,0
262068,22
262069,0
262070,0
262071,0
262072,0
262073,0
262074,0
262075,0
262076,13
262077,0
262078,0
262079,0
262080,0
262081,17
262082,0
262083,0
262084,0
262085,18
262086,6
262087,0
262088,0
262089,0
262090,0
262091,0
262092,0
262093,0
262094,0
262095,0
262096,0
262097,8
262098,0
262099,0
262100,0
262101,0
262102,0
262103,0
262104,0
262105,0
262106,25
262107,12
262108,0
262109,0
262110,0
262111,0
262112,0
262113,0
262114,0
262115,0
262116,0
262117,0
262118,0
262119,0
262120,0
262121,0
262122,0
262123,0
262124,0
262125,0
262126,0
262127,0
262128,0
262129,0
262130,0
262131,0
262132,0
262133,0
262134,0
262135,0
262136,0
262137,13
262138,0
262139,0
262140,0
262141,0
262142,0
262143,0
262144,0
262145,0
262146,0
262147,0
262148,0
262149,0
262150,0
262151,0
262152,0
262153,0
262154,0
262155,0
262156,0
262157,0
262158,0
262159,0
262160,0
262161,0
262162,0
262163,0
262164,0
262165,0
262166,0
262167,11
262168,0
262169,0
262170,0
262171,0
262172,0
262173,0
262174,0
262175,0
262176,0
262177,0
262178,0
262179,0
262180,0
262181,14
262182,0
262183,0
262184,0
262185,0
262186,13
262187,0
262188,0
262189,0
262190,0
262191,0
262192,0
262193,0
262194,0
262195,0
262196,12
262197,0
262198,17
262199,0
262200,0
262201,0
262202,0
262203,0
262204,0
262205,0
262206,0
262207,0
262208,0
262209,0
262210,0
262211,0
262212,9
262213,25
262214,0
262215,0
262216,0
262217,0
262218,0
262219,0
262220,0
262221,0
262222,0
262223,0
262224,0
262225,0
262226,0
262227,0
262228,9
262229,0
262230,0
262231,0
262232,17
262233,0
262234,0
262235,0
262236,0
262237,0
262238,0
262239,0
262240,0
262241,0
262242,0
262243,0
262244,12
262245,0
262246,0
262247,0
262248,26
262249,0
262250,0
262251,17
262252,0
262253,18
262254,0
262255,0
262256,16
262257,0
262258,0
262259,0
262260,9
262261,0
262262,0
262263,0
262264,0
262265,0
262266,0
262267,0
262268,0
262269,0
262270,0
262271,0
262272,0
262273,0
262274,0
262275,0
262276,15
262277,0
262278,13
262279,0
262280,0
262281,0
262282,0
262283,0
262284,0
262285,0
262286,0
262287,0
262288,0
262289,0
262290,20
262291,11
262292,12
262293,0
262294,0
262295,15
262296,0
262297,0
262298,0
262299,0
262300,0
262301,0
262302,0
262303,0
262304,0
262305,0
262306,0
262307,0
262308,0
262309,0
262310,0
262311,0
262312,0
262313,0
262314,0
262315,0
262316,0
262317,0
262318,0
262319,0
262320,0
262321,0
262322,0
262323,0
262324,17
262325,0
262326,0
262327,0
262328,28
262329,0
262330,0
262331,0
262332,0
262333,26
262334,0
262335,28
262336,0
262337,0
262338,0
262339,0
262340,0
262341,0
262342,0
262343,22
262344,0
262345,30
262346,0
262347,0
262348,0
262349,0
262350,0
262351,0
262352,0
262353,0
262354,0
262355,0
262356,0
262357,0
262358,0
262359,0
262360,0
262361,0
262362,0
262363,0
262364,0
262365,0
262366,0
262367,0
262368,0
262369,0
262370,0
262371,0
262372,0
262373,0
262374,0
262375,0
262376,0
262377,0
262378,0
262379,0
262380,0
262381,0
262382,0
262383,23
262384,0
262385,0
262386,0
262387,0
262388,0
262389,0
262390,0
262391,0
262392,0
262393,0
262394,0
262395,0
262396,0
262397,0
262398,27
262399,0
262400,0
262401,34
262402,0
262403,0
262404,0
262405,0
262406,0
262407,0
262408,0
262409,0
262410,0
262411,0
262412,0
262413,22
262414,0
262415,0
262416,0
262417,23
262418,0
262419,0
262420,0
262421,0
262422,0
262423,0
262424,0
262425,0
262426,0
262427,0
262428,0
262429,0
262430,0
262431,0
262432,0
262433,0
262434,31
262435,0
262436,0
262437,0
262438,23
262439,0
262440,0
262441,0
262442,0
262443,0
262444,0
262445,0
262446,0
262447,0
262448,0
262449,0
262450,0
262451,0
262452,0
262453,0
262454,0
262455,0
262456,0
262457,0
262458,0
262459,0
262460,0
262461,0
262462,15
262463,13
262464,0
262465,0
262466,0
262467,0
262468,19
262469,0
262470,0
262471,0
262472,0
262473,0
262474,0
262475,0
262476,0
262477,0
262478,20
262479,0
262480,0
262481,0
262482,0
262483,0
262484,0
262485,0
262486,0
262487,0
262488,0
262489,0
262490,0
262491,0
262492,0
262493,0
262494,0
262495,0
262496,0
262497,0
262498,0
262499,0
262500,0
262501,0
262502,0
262503,0
262504,0
262505,0
262506,0
262507,0
262508,0
262509,0
262510,0
262511,0
262512,0
262513,0
262514,0
262515,0
262516,0
262517,0
262518,22
262519,0
262520,0
262521,0
262522,0
262523,0
262524,0
262525,0
262526,0
262527,0
262528,0
262529,0
262530,0
262531,0
262532,0
262533,0
262534,0
262535,23
262536,0
262537,0
262538,0
262539,0
262540,0
262541,0
262542,0
262543,0
262544,0
262545,0
262546,0
262547,19
262548,0
262549,0
262550,0
262551,0
262552,0
262553,0
262554,0
262555,0
262556,30
262557,0
262558,0
262559,0
262560,0
262561,0
262562,0
262563,0
262564,0
262565,0
262566,0
262567,0
262568,0
262569,0
262570,0
262571,0
262572,0
262573,0
262574,0
262575,0
262576,0
262577,0
262578,0
262579,0
262580,0
262581,0
262582,0
262583,28
262584,0
262585,0
262586,20
262587,0
262588,0
262589,0
262590,0
262591,0
262592,0
262593,0
262594,0
262595,0
262596,0
262597,0
262598,0
262599,0
262600,0
262601,0
262602,0
262603,0
262604,0
262605,24
262606,0
262607,0
262608,0
262609,0
262610,0
262611,0
262612,0
262613,0
262614,0
262615,0
262616,0
262617,0
262618,0
262619,0
262620,0
262621,0
262622,0
262623,0
262624,0
262625,0
262626,0
262627,0
262628,0
262629,0
262630,0
262631,0
262632,0
262633,0
262634,0
262635,0
262636,0
262637,0
262638,0
262639,0
262640,0
262641,0
262642,0
262643,0
262644,0
262645,0
262646,0
262647,0
262648,0
262649,0
262650,0
262651,0
262652,0
262653,0
262654,0
262655,0
262656,30
262657,0
262658,0
262659,0
262660,0
262661,0
262662,0
262663,0
262664,0
262665,31
262666,0
262667,0
262668,0
262669,0
262670,0
262671,0
262672,0
262673,0
262674,0
262675,0
262676,0
262677,0
262678,0
262679,0
262680,0
262681,0
262682,0
262683,0
262684,0
262685,0
262686,0
262687,0
262688,0
262689,0
262690,0
262691,0
262692,0
262693,0
262694,0
262695,0
262696,0
262697,0
262698,0
262699,0
262700,0
262701,0
262702,28
262703,0
262704,0
262705,27
262706,0
262707,0
262708,0
262709,0
262710,0
262711,0
262712,0
262713,0
262714,0
262715,0
262716,0
262717,0
262718,0
262719,0
262720,0
262721,0
262722,0
262723,21
262724,0
262725,23
262726,0
262727,11
262728,0
262729,24
262730,0
262731,0
262732,0
262733,0
262734,0
262735,0
262736,0
262737,0
262738,0
262739,0
262740,0
262741,0
262742,0
262743,0
262744,0
262745,0
262746,0
262747,0
262748,0
262749,0
262750,0
262751,0
262752,0
262753,0
262754,0
262755,0
262756,0
262757,0
262758,0
262759,0
262760,0
262761,0
262762,0
262763,0
262764,0
262765,0
262766,0
262767,0
262768,20
262769,0
262770,0
262771,0
262772,0
262773,0
262774,0
262775,0
262776,0
262777,0
262778,0
262779,0
262780,18
262781,0
262782,0
262783,0
262784,0
262785,0
262786,0
262787,0
262788,0
262789,0
262790,0
262791,0
262792,0
262793,0
262794,20
262795,15
262796,0
262797,13
262798,0
262799,0
262800,0
262801,0
262802,0
262803,0
262804,26
262805,0
262806,22
262807,0
262808,0
262809,0
262810,0
262811,0
262812,0
262813,20
262814,0
262815,0
262816,0
262817,23
262818,0
262819,0
262820,0
262821,0
262822,0
262823,0
262824,0
262825,0
262826,0
262827,0
262828,0
262829,0
262830,0
262831,0
262832,0
262833,0
262834,0
262835,0
262836,0
262837,0
262838,0
262839,0
262840,0
262841,0
262842,0
262843,0
262844,0
262845,0
262846,0
262847,0
262848,0
262849,0
262850,28
262851,0
262852,0
262853,0
262854,0
262855,0
262856,0
262857,0
262858,0
262859,0
262860,0
262861,0
262862,0
262863,0
262864,0
262865,0
262866,0
262867,0
262868,0
262869,0
262870,0
262871,0
262872,23
262873,22
262874,0
262875,0
262876,0
262877,0
262878,0
262879,0
262880,0
262881,0
262882,0
262883,0
262884,0
262885,0
262886,0
262887,0
262888,0
262889,0
262890,0
262891,0
262892,0
262893,0
262894,0
262895,0
262896,0
262897,0
262898,0
262899,0
262900,0
262901,0
262902,0
262903,0
262904,0
262905,0
262906,21
262907,0
262908,0
262909,0
262910,0
262911,0
262912,0
262913,0
262914,0
262915,0
262916,0
262917,0
262918,0
262919,0
262920,0
262921,0
262922,0
262923,0
262924,0
262925,0
262926,0
262927,0
262928,0
262929,0
262930,0
262931,0
262932,0
262933,0
262934,21
262935,0
262936,0
262937,0
262938,0
262939,0
262940,0
262941,0
262942,0
262943,0
262944,0
262945,0
262946,0
262947,0
262948,0
262949,0
262950,0
262951,0
262952,0
262953,0
262954,0
262955,0
262956,0
262957,0
262958,0
262959,0
262960,0
262961,0
262962,0
262963,0
262964,0
262965,0
262966,0
262967,19
262968,0
262969,20
262970,0
262971,19
262972,0
262973,0
262974,0
262975,0
262976,24
262977,27
262978,0
262979,0
262980,0
262981,0
262982,0
262983,0
262984,0
262985,0
262986,0
262987,0
262988,0
262989,0
262990,0
262991,0
262992,0
262993,0
262994,0
262995,26
262996,0
262997,0
262998,0
262999,0
263000,0
263001,0
263002,0
263003,0
263004,0
263005,0
263006,0
263007,0
263008,0
263009,0
263010,0
263011,0
263012,0
263013,0
263014,23
263015,0
263016,0
263017,0
263018,0
263019,0
263020,0
263021,0
263022,0
263023,0
263024,0
263025,0
263026,0
263027,0
263028,0
263029,0
263030,0
263031,31
263032,0
263033,0
263034,0
263035,0
263036,0
263037,0
263038,0
263039,0
263040,0
263041,0
263042,0
263043,0
263044,0
263045,0
263046,0
263047,0
263048,0
263049,0
263050,0
263051,0
263052,0
263053,0
263054,0
263055,0
263056,22
263057,0
263058,0
263059,25
263060,0
263061,25
263062,0
263063,0
263064,0
263065,0
263066,25
263067,0
263068,0
263069,0
263070,0
263071,0
263072,0
263073,0
263074,0
263075,0
263076,0
263077,0
263078,0
263079,0
263080,0
263081,0
263082,0
263083,0
263084,0
263085,0
263086,0
263087,17
263088,27
263089,0
263090,0
263091,0
263092,0
263093,0
263094,0
263095,0
263096,0
263097,0
263098,0
263099,0
263100,0
263101,0
263102,0
263103,0
263104,0
263105,0
263106,0
263107,0
263108,0
263109,0
263110,0
263111,0
263112,0
263113,0
263114,0
263115,0
263116,0
263117,0
263118,0
263119,0
263120,28
263121,0
263122,0
263123,0
263124,0
263125,0
263126,0
263127,19
263128,0
263129,0
263130,0
263131,0
263132,0
263133,0
263134,20
263135,0
263136,0
263137,0
263138,0
263139,0
263140,0
263141,0
263142,0
263143,0
263144,0
263145,0
263146,17
263147,0
263148,0
263149,0
263150,0
263151,0
263152,0
263153,0
263154,0
263155,0
263156,0
263157,0
263158,0
263159,0
263160,0
263161,0
263162,0
263163,0
263164,31
263165,0
263166,0
263167,0
263168,0
263169,0
263170,0
263171,0
263172,0
263173,0
263174,0
263175,0
263176,0
263177,0
263178,0
263179,20
263180,0
263181,0
263182,0
263183,24
263184,0
263185,0
263186,0
263187,0
263188,21
263189,0
263190,0
263191,0
263192,0
263193,0
263194,19
263195,0
263196,0
263197,0
263198,0
263199,0
263200,0
263201,0
263202,0
263203,0
263204,0
263205,0
263206,0
263207,0
263208,0
263209,0
263210,36
263211,0
263212,0
263213,0
263214,0
263215,0
263216,0
263217,0
263218,32
263219,0
263220,0
263221,0
263222,0
263223,0
263224,16
263225,0
263226,0
263227,0
263228,0
263229,11
263230,18
263231,0
263232,0
263233,0
263234,0
263235,0
263236,0
263237,0
263238,0
263239,34
263240,0
263241,0
263242,22
263243,0
263244,28
263245,0
263246,21
263247,0
263248,0
263249,25
263250,25
263251,0
263252,0
263253,0
263254,0
263255,0
263256,0
263257,0
263258,0
263259,0
263260,27
263261,26
263262,0
263263,0
263264,0
263265,21
263266,0
263267,22
263268,0
263269,0
263270,14
263271,0
263272,18
263273,0
263274,0
263275,0
263276,0
263277,18
263278,0
263279,0
263280,0
263281,0
263282,0
263283,16
263284,0
263285,0
263286,0
263287,0
263288,0
263289,0
263290,0
263291,0
263292,0
263293,0
263294,0
263295,0
263296,0
263297,21
263298,0
263299,0
263300,0
263301,0
263302,0
263303,0
263304,0
263305,0
263306,0
263307,0
263308,0
263309,13
263310,0
263311,26
263312,0
263313,0
263314,0
263315,0
263316,0
263317,0
263318,0
263319,0
263320,0
263321,0
263322,0
263323,0
263324,0
263325,0
263326,0
263327,0
263328,0
263329,0
263330,0
263331,0
263332,0
263333,0
263334,0
263335,0
263336,0
263337,21
263338,0
263339,0
263340,23
263341,0
263342,27
263343,0
263344,37
263345,20
263346,0
263347,0
263348,26
263349,0
263350,0
263351,0
263352,0
263353,20
263354,0
263355,0
263356,0
263357,0
263358,0
263359,0
263360,0
263361,0
263362,0
263363,0
263364,0
263365,0
263366,0
263367,0
263368,0
263369,0
263370,0
263371,0
263372,17
263373,0
263374,0
263375,0
263376,0
263377,25
263378,0
263379,20
263380,26
263381,31
263382,0
263383,0
263384,0
263385,0
263386,0
263387,0
263388,0
263389,0
263390,16
263391,0
263392,0
263393,0
263394,0
263395,0
263396,0
263397,18
263398,0
263399,0
263400,0
263401,16
263402,0
263403,0
263404,17
263405,0
263406,0
263407,0
263408,0
263409,0
263410,0
263411,0
263412,0
263413,0
263414,0
263415,0
263416,0
263417,0
263418,0
263419,0
263420,0
263421,0
263422,0
263423,0
263424,0
263425,0
263426,0
263427,27
263428,0
263429,0
263430,0
263431,0
263432,24
263433,0
263434,0
263435,0
263436,0
263437,0
263438,0
263439,0
263440,19
263441,0
263442,0
263443,13
263444,0
263445,14
263446,25
263447,0
263448,0
263449,0
263450,24
263451,0
263452,0
263453,0
263454,28
263455,0
263456,0
263457,0
263458,0
263459,0
263460,0
263461,0
263462,0
263463,20
263464,0
263465,0
263466,0
263467,0
263468,0
263469,0
263470,0
263471,0
263472,0
263473,0
263474,22
263475,20
263476,0
263477,0
263478,0
263479,18
263480,0
263481,0
263482,0
263483,0
263484,0
263485,0
263486,0
263487,0
263488,0
263489,29
263490,0
263491,0
263492,0
263493,0
263494,0
263495,0
263496,0
263497,0
263498,0
263499,18
263500,21
263501,0
263502,0
263503,0
263504,0
263505,0
263506,0
263507,0
263508,0
263509,0
263510,0
263511,0
263512,0
263513,0
263514,0
263515,0
263516,0
263517,0
263518,0
263519,0
263520,0
263521,0
263522,0
263523,0
263524,0
263525,0
263526,0
263527,0
263528,0
263529,0
263530,0
263531,0
263532,0
263533,0
263534,0
263535,0
263536,0
263537,0
263538,0
263539,0
263540,0
263541,0
263542,0
263543,0
263544,0
263545,0
263546,0
263547,0
263548,0
263549,0
263550,0
263551,0
263552,0
263553,1
263554,0
263555,0
263556,0
263557,0
263558,0
263559,0
263560,0
263561,0
263562,0
263563,0
263564,0
263565,0
263566,0
263567,0
263568,0
263569,0
263570,0
263571,0
263572,0
263573,0
263574,0
263575,0
263576,0
263577,0
263578,0
263579,0
263580,0
263581,0
263582,0
263583,0
263584,0
263585,0
263586,0
263587,0
263588,0
263589,0
263590,0
263591,0
263592,0
263593,0
263594,0
263595,0
263596,0
263597,0
263598,0
263599,0
263600,0
263601,0
263602,0
263603,0
263604,0
263605,0
263606,0
263607,0
263608,0
263609,0
263610,0
263611,0
263612,0
263613,0
263614,0
263615,0
263616,0
263617,0
263618,0
263619,0
263620,0
263621,0
263622,0
263623,0
263624,0
263625,0
263626,0
263627,0
263628,0
263629,0
263630,0
263631,0
263632,0
263633,0
263634,0
263635,0
263636,0
263637,0
263638,0
263639,0
263640,0
263641,0
263642,0
263643,0
263644,0
263645,0
263646,0
263647,0
263648,0
263649,0
263650,0
263651,0
263652,0
263653,0
263654,0
263655,0
263656,0
263657,0
263658,0
263659,0
263660,0
263661,0
263662,0
263663,0
263664,0
263665,0
263666,0
263667,0
263668,0
263669,0
263670,0
263671,0
263672,0
263673,0
263674,0
263675,0
263676,0
263677,0
263678,0
263679,0
263680,0
263681,0
263682,0
263683,0
263684,0
263685,0
263686,0
263687,0
263688,0
263689,0
263690,0
263691,0
263692,0
263693,0
263694,0
263695,0
263696,0
263697,0
263698,0
263699,0
263700,0
263701,0
263702,0
263703,0
263704,0
263705,0
263706,0
263707,0
263708,0
263709,0
263710,0
263711,0
263712,0
263713,0
263714,0
263715,0
263716,0
263717,0
263718,0
263719,0
263720,0
263721,0
263722,0
263723,0
263724,0
263725,0
263726,0
263727,0
263728,0
263729,0
263730,0
263731,0
263732,0
263733,0
263734,0
263735,0
263736,0
263737,0
263738,0
263739,0
263740,0
263741,0
263742,0
263743,0
263744,0
263745,0
263746,0
263747,0
263748,0
263749,0
263750,0
263751,0
263752,0
263753,0
263754,0
263755,0
263756,0
263757,0
263758,0
263759,0
263760,0
263761,0
263762,0
263763,0
263764,0
263765,0
263766,0
263767,0
263768,0
263769,0
263770,0
263771,0
263772,0
263773,0
263774,0
263775,0
263776,0
263777,0
263778,0
263779,0
263780,0
263781,0
263782,0
263783,0
263784,0
263785,0
263786,0
263787,0
263788,0
263789,0
263790,0
263791,0
263792,0
263793,0
263794,0
263795,0
263796,0
263797,0
263798,0
263799,0
263800,0
263801,0
263802,0
263803,0
263804,0
263805,0
263806,0
263807,0
263808,0
263809,0
263810,0
263811,0
263812,0
263813,0
263814,0
263815,0
263816,0
263817,0
263818,0
263819,0
263820,0
263821,0
263822,0
263823,0
263824,0
263825,0
263826,0
263827,0
263828,0
263829,0
263830,0
263831,0
263832,0
263833,0
263834,0
263835,0
263836,0
263837,0
263838,0
263839,0
263840,0
263841,0
263842,0
263843,0
263844,0
263845,0
263846,0
263847,0
263848,0
263849,0
263850,0
263851,0
263852,0
263853,0
263854,0
263855,0
263856,0
263857,0
263858,0
263859,0
263860,0
263861,0
263862,0
263863,0
263864,0
263865,0
263866,0
263867,0
263868,0
263869,0
263870,0
263871,0
263872,0
263873,0
263874,0
263875,0
263876,0
263877,0
263878,0
263879,0
263880,0
263881,0
263882,0
263883,0
263884,0
263885,0
263886,0
263887,0
263888,0
263889,0
263890,0
263891,0
263892,0
263893,0
263894,0
263895,0
263896,0
263897,0
263898,0
263899,0
263900,0
263901,0
263902,0
263903,0
263904,0
263905,0
263906,0
263907,0
263908,0
263909,0
263910,0
263911,0
263912,0
263913,0
263914,0
263915,0
263916,0
263917,0
263918,0
263919,0
263920,0
263921,0
263922,0
263923,0
263924,0
263925,0
263926,0
263927,0
263928,0
263929,0
263930,0
263931,0
263932,1
263933,0
263934,0
263935,0
263936,0
263937,0
263938,0
263939,0
263940,0
263941,0
263942,0
263943,0
263944,0
263945,0
263946,0
263947,0
263948,0
263949,0
263950,0
263951,0
263952,0
263953,0
263954,0
263955,0
263956,0
263957,0
263958,0
263959,0
263960,0
263961,0
263962,0
263963,0
263964,0
263965,0
263966,0
263967,0
263968,0
263969,0
263970,0
263971,0
263972,0
263973,0
263974,0
263975,0
263976,0
263977,0
263978,0
263979,0
263980,0
263981,0
263982,0
263983,0
263984,0
263985,0
263986,0
263987,0
263988,0
263989,0
263990,0
263991,0
263992,0
263993,0
263994,0
263995,0
263996,0
263997,0
263998,0
263999,0
264000,0
264001,0
264002,0
264003,0
264004,0
264005,0
264006,0
264007,0
264008,0
264009,0
264010,0
264011,0
264012,0
264013,0
264014,0
264015,0
264016,0
264017,0
264018,0
264019,0
264020,0
264021,0
264022,0
264023,0
264024,0
264025,0
264026,0
264027,0
264028,0
264029,0
264030,0
264031,0
264032,0
264033,0
264034,0
264035,0
264036,0
264037,0
264038,0
264039,0
264040,0
264041,0
264042,0
264043,0
264044,0
264045,0
264046,0
264047,0
264048,0
264049,0
264050,0
264051,0
264052,0
264053,0
264054,0
264055,0
264056,0
264057,0
264058,0
264059,0
264060,0
264061,0
264062,0
264063,0
264064,0
264065,0
264066,0
264067,0
264068,0
264069,0
264070,0
264071,0
264072,0
264073,0
264074,0
264075,0
264076,0
264077,0
264078,0
264079,0
264080,0
264081,0
264082,0
264083,0
264084,0
264085,0
264086,0
264087,0
264088,0
264089,0
264090,0
264091,0
264092,0
264093,0
264094,0
264095,0
264096,0
264097,0
264098,0
264099,0
264100,0
264101,0
264102,0
264103,0
264104,0
264105,0
264106,0
264107,0
264108,0
264109,0
264110,0
264111,0
264112,0
264113,0
264114,0
264115,0
264116,0
264117,0
264118,0
264119,0
264120,0
264121,0
264122,0
264123,0
264124,0
264125,0
264126,0
264127,0
264128,0
264129,0
264130,0
264131,0
264132,0
264133,0
264134,0
264135,0
264136,0
264137,0
264138,0
264139,0
264140,0
264141,0
264142,0
264143,0
264144,0
264145,0
264146,0
264147,0
264148,0
264149,0
264150,0
264151,0
264152,0
264153,0
264154,0
264155,0
264156,0
264157,0
264158,0
264159,0
264160,0
264161,0
264162,0
264163,0
264164,0
264165,0
264166,0
264167,0
264168,0
264169,0
264170,0
264171,0
264172,0
264173,0
264174,0
264175,0
264176,0
264177,0
264178,0
264179,0
264180,0
264181,0
264182,0
264183,0
264184,0
264185,0
264186,0
264187,0
264188,0
264189,0
264190,0
264191,0
264192,0
264193,0
264194,0
264195,0
264196,0
264197,0
264198,0
264199,0
264200,0
264201,0
264202,0
264203,0
264204,0
264205,0
264206,0
264207,0
264208,0
264209,0
264210,0
264211,0
264212,0
264213,0
264214,0
264215,0
264216,0
264217,0
264218,0
264219,0
264220,0
264221,0
264222,0
264223,0
264224,0
264225,0
264226,0
264227,0
264228,0
264229,0
264230,0
264231,0
264232,0
264233,0
264234,0
264235,0
264236,0
264237,0
264238,0
264239,0
264240,0
264241,0
264242,0
264243,0
264244,0
264245,0
264246,0
264247,0
264248,0
264249,0
264250,0
264251,0
264252,0
264253,0
264254,0
264255,0
264256,0
264257,0
264258,0
264259,0
264260,0
264261,0
264262,0
264263,0
264264,0
264265,0
264266,0
264267,0
264268,0
264269,0
264270,0
264271,0
264272,0
264273,0
264274,0
264275,0
264276,0
264277,0
264278,0
264279,0
264280,0
264281,0
264282,0
264283,0
264284,0
264285,0
264286,0
264287,0
264288,0
264289,0
264290,0
264291,0
264292,0
264293,0
264294,0
264295,0
264296,0
264297,0
264298,0
264299,0
264300,0
264301,0
264302,0
264303,0
264304,0
264305,0
264306,0
264307,0
264308,0
264309,0
264310,0
264311,0
264312,0
264313,0
264314,0
264315,0
264316,0
264317,0
264318,0
264319,0
264320,0
264321,0
264322,0
264323,0
264324,0
264325,0
264326,0
264327,0
264328,0
264329,0
264330,0
264331,0
264332,0
264333,0
264334,0
264335,0
264336,0
264337,0
264338,0
264339,0
264340,0
264341,0
264342,0
264343,0
264344,0
264345,0
264346,0
264347,0
264348,0
264349,0
264350,0
264351,0
264352,0
264353,0
264354,0
264355,0
264356,0
264357,0
264358,0
264359,0
264360,0
264361,0
264362,0
264363,0
264364,0
264365,0
264366,0
264367,0
264368,0
264369,0
264370,0
264371,0
264372,0
264373,0
264374,0
264375,0
264376,0
264377,0
264378,0
264379,0
264380,0
264381,0
264382,0
264383,0
264384,0
264385,0
264386,0
264387,0
264388,0
264389,0
264390,0
264391,0
264392,0
264393,0
264394,0
264395,0
264396,0
264397,0
264398,0
264399,0
264400,0
264401,0
264402,0
264403,0
264404,0
264405,0
264406,0
264407,0
264408,0
264409,0
264410,0
264411,0
264412,0
264413,0
264414,0
264415,0
264416,0
264417,0
264418,0
264419,0
264420,0
264421,0
264422,0
264423,0
264424,0
264425,0
264426,0
264427,0
264428,0
264429,0
264430,0
264431,0
264432,0
264433,0
264434,0
264435,0
264436,0
264437,0
264438,0
264439,0
264440,0
264441,0
264442,0
264443,0
264444,0
264445,0
264446,0
264447,0
264448,0
264449,0
264450,0
264451,0
264452,0
264453,0
264454,0
264455,0
264456,0
264457,0
264458,0
264459,0
264460,0
264461,0
264462,0
264463,0
264464,0
264465,0
264466,0
264467,0
264468,0
264469,0
264470,0
264471,0
264472,0
264473,0
264474,0
264475,0
264476,0
264477,0
264478,0
264479,0
264480,0
264481,0
264482,0
264483,0
264484,0
264485,0
264486,0
264487,0
264488,0
264489,0
264490,0
264491,0
264492,0
264493,0
264494,0
264495,0
264496,0
264497,0
264498,0
264499,0
264500,0
264501,0
264502,0
264503,0
264504,0
264505,0
264506,0
264507,0
264508,0
264509,0
264510,0
264511,0
264512,0
264513,0
264514,0
264515,0
264516,0
264517,0
264518,0
264519,0
264520,0
264521,0
264522,0
264523,0
264524,0
264525,0
264526,0
264527,0
264528,0
264529,0
264530,0
264531,0
264532,0
264533,0
264534,0
264535,0
264536,0
264537,0
264538,0
264539,0
264540,0
264541,0
264542,0
264543,0
264544,0
264545,1
264546,0
264547,0
264548,0
264549,0
264550,0
264551,0
264552,0
264553,0
264554,0
264555,0
264556,0
264557,0
264558,0
264559,0
264560,0
264561,0
264562,0
264563,0
264564,0
264565,0
264566,0
264567,0
264568,0
264569,0
264570,0
264571,0
264572,0
264573,0
264574,0
264575,0
264576,0
264577,0
264578,0
264579,0
264580,0
264581,0
264582,0
264583,0
264584,0
264585,0
264586,0
264587,0
264588,0
264589,0
264590,0
264591,0
264592,0
264593,0
264594,0
264595,0
264596,0
264597,0
264598,0
264599,0
264600,0
264601,0
264602,0
264603,0
264604,0
264605,0
264606,0
264607,0
264608,0
264609,0
264610,0
264611,0
264612,0
264613,0
264614,0
264615,0
264616,0
264617,0
264618,0
264619,0
264620,0
264621,0
264622,0
264623,0
264624,0
264625,0
264626,0
264627,0
264628,0
264629,0
264630,0
264631,0
264632,0
264633,0
264634,0
264635,0
264636,0
264637,0
264638,0
264639,0
264640,0
264641,0
264642,0
264643,0
264644,0
264645,0
264646,0
264647,0
264648,0
264649,0
264650,0
264651,0
264652,0
264653,0
264654,0
264655,0
264656,0
264657,0
264658,0
264659,0
264660,0
264661,0
264662,0
264663,0
264664,0
264665,0
264666,0
264667,0
264668,0
264669,0
264670,0
264671,0
264672,0
264673,0
264674,0
264675,0
264676,0
264677,0
264678,0
264679,0
264680,0
264681,0
264682,0
264683,0
264684,0
264685,0
264686,0
264687,0
264688,0
264689,0
264690,0
264691,0
264692,0
264693,0
264694,0
264695,0
264696,0
264697,0
264698,0
264699,0
264700,0
264701,12
264702,0
264703,0
264704,0
264705,0
264706,7
264707,0
264708,0
264709,0
264710,8
264711,0
264712,0
264713,0
264714,0
264715,0
264716,0
264717,0
264718,0
264719,0
264720,12
264721,0
264722,0
264723,0
264724,0
264725,0
264726,9
264727,13
264728,0
264729,6
264730,0
264731,0
264732,0
264733,0
264734,0
264735,0
264736,8
264737,0
264738,9
264739,0
264740,0
264741,0
264742,0
264743,0
264744,0
264745,0
264746,21
264747,0
264748,10
264749,0
264750,0
264751,0
264752,0
264753,0
264754,0
264755,12
264756,7
264757,0
264758,7
264759,0
264760,0
264761,0
264762,18
264763,0
264764,8
264765,6
264766,0
264767,0
264768,0
264769,0
264770,0
264771,16
264772,0
264773,0
264774,0
264775,0
264776,0
264777,0
264778,0
264779,0
264780,0
264781,0
264782,9
264783,0
264784,9
264785,0
264786,0
264787,0
264788,0
264789,0
264790,0
264791,0
264792,0
264793,13
264794,0
264795,0
264796,0
264797,0
264798,0
264799,0
264800,0
264801,0
264802,16
264803,0
264804,0
264805,0
264806,0
264807,0
264808,10
264809,3
264810,0
264811,0
264812,18
264813,0
264814,11
264815,0
264816,0
264817,0
264818,0
264819,0
264820,0
264821,11
264822,0
264823,0
264824,0
264825,0
264826,0
264827,0
264828,0
264829,0
264830,0
264831,0
264832,0
264833,0
264834,7
264835,9
264836,0
264837,0
264838,0
264839,0
264840,0
264841,0
264842,0
264843,0
264844,7
264845,0
264846,0
264847,0
264848,0
264849,0
264850,15
264851,0
264852,0
264853,10
264854,9
264855,0
264856,0
264857,0
264858,0
264859,7
264860,0
264861,0
264862,0
264863,0
264864,0
264865,10
264866,0
264867,0
264868,0
264869,0
264870,0
264871,0
264872,0
264873,0
264874,0
264875,5
264876,0
264877,0
264878,0
264879,0
264880,0
264881,0
264882,0
264883,0
264884,0
264885,0
264886,0
264887,0
264888,0
264889,14
264890,0
264891,0
264892,22
264893,9
264894,0
264895,0
264896,12
264897,0
264898,8
264899,0
264900,0
264901,0
264902,0
264903,7
264904,0
264905,0
264906,0
264907,0
264908,0
264909,0
264910,0
264911,0
264912,0
264913,0
264914,0
264915,0
264916,9
264917,0
264918,7
264919,8
264920,0
264921,0
264922,0
264923,0
264924,0
264925,0
264926,0
264927,13
264928,0
264929,0
264930,0
264931,0
264932,0
264933,15
264934,0
264935,0
264936,0
264937,0
264938,0
264939,0
264940,0
264941,0
264942,0
264943,0
264944,0
264945,12
264946,6
264947,0
264948,0
264949,0
264950,12
264951,0
264952,0
264953,0
264954,0
264955,0
264956,6
264957,0
264958,0
264959,0
264960,0
264961,0
264962,10
264963,0
264964,0
264965,0
264966,0
264967,0
264968,0
264969,0
264970,10
264971,0
264972,0
264973,0
264974,0
264975,13
264976,14
264977,0
264978,0
264979,0
264980,0
264981,6
264982,0
264983,0
264984,0
264985,0
264986,13
264987,0
264988,0
264989,0
264990,0
264991,0
264992,0
264993,0
264994,0
264995,0
264996,0
264997,0
264998,0
264999,0
265000,12
265001,0
265002,0
265003,0
265004,0
265005,0
265006,0
265007,0
265008,0
265009,0
265010,0
265011,0
265012,0
265013,4
265014,0
265015,0
265016,0
265017,0
265018,6
265019,0
265020,0
265021,0
265022,0
265023,0
265024,6
265025,0
265026,0
265027,0
265028,0
265029,0
265030,0
265031,7
265032,8
265033,0
265034,0
265035,7
265036,6
265037,0
265038,0
265039,0
265040,0
265041,0
265042,8
265043,0
265044,0
265045,11
265046,0
265047,12
265048,0
265049,0
265050,0
265051,0
265052,0
265053,0
265054,0
265055,0
265056,0
265057,0
265058,0
265059,0
265060,0
265061,0
265062,0
265063,0
265064,0
265065,0
265066,0
265067,0
265068,0
265069,0
265070,0
265071,0
265072,0
265073,0
265074,0
265075,0
265076,0
265077,6
265078,8
265079,0
265080,7
265081,0
265082,0
265083,14
265084,0
265085,0
265086,0
265087,0
265088,0
265089,0
265090,0
265091,0
265092,0
265093,0
265094,0
265095,0
265096,0
265097,0
265098,0
265099,0
265100,0
265101,0
265102,13
265103,0
265104,9
265105,0
265106,0
265107,0
265108,0
265109,0
265110,0
265111,0
265112,0
265113,14
265114,0
265115,0
265116,0
265117,0
265118,6
265119,0
265120,0
265121,0
265122,11
265123,0
265124,0
265125,0
265126,0
265127,0
265128,0
265129,15
265130,10
265131,0
265132,0
265133,0
265134,0
265135,0
265136,0
265137,0
265138,0
265139,0
265140,0
265141,10
265142,0
265143,0
265144,11
265145,0
265146,6
265147,0
265148,0
265149,0
265150,0
265151,0
265152,0
265153,0
265154,8
265155,0
265156,13
265157,0
265158,0
265159,0
265160,0
265161,0
265162,10
265163,0
265164,0
265165,0
265166,12
265167,19
265168,0
265169,0
265170,0
265171,0
265172,0
265173,0
265174,0
265175,0
265176,0
265177,0
265178,0
265179,0
265180,0
265181,16
265182,0
265183,7
265184,0
265185,0
265186,0
265187,0
265188,0
265189,0
265190,0
265191,0
265192,0
265193,0
265194,12
265195,0
265196,0
265197,0
265198,7
265199,0
265200,0
265201,0
265202,0
265203,15
265204,0
265205,0
265206,9
265207,0
265208,0
265209,7
265210,0
265211,11
265212,22
265213,0
265214,0
265215,0
265216,0
265217,7
265218,0
265219,0
265220,0
265221,0
265222,0
265223,0
265224,0
265225,0
265226,0
265227,0
265228,0
265229,0
265230,0
265231,0
265232,0
265233,0
265234,0
265235,0
265236,0
265237,0
265238,0
265239,0
265240,0
265241,0
265242,0
265243,0
265244,0
265245,15
265246,0
265247,0
265248,0
265249,0
265250,6
265251,0
265252,13
265253,0
265254,0
265255,0
265256,9
265257,0
265258,0
265259,0
265260,0
265261,0
265262,13
265263,0
265264,0
265265,0
265266,0
265267,0
265268,0
265269,0
265270,0
265271,7
265272,0
265273,0
265274,0
265275,0
265276,11
265277,0
265278,0
265279,0
265280,9
265281,0
265282,8
265283,13
265284,0
265285,0
265286,0
265287,0
265288,0
265289,0
265290,0
265291,10
265292,0
265293,0
265294,0
265295,0
265296,0
265297,0
265298,0
265299,9
265300,0
265301,0
265302,0
265303,0
265304,0
265305,0
265306,0
265307,0
265308,0
265309,0
265310,0
265311,0
265312,0
265313,0
265314,0
265315,40
265316,25
265317,0
265318,0
265319,0
265320,0
265321,25
265322,0
265323,27
265324,0
265325,0
265326,0
265327,0
265328,0
265329,0
265330,0
265331,0
265332,0
265333,0
265334,0
265335,27
265336,0
265337,0
265338,0
265339,0
265340,0
265341,0
265342,0
265343,0
265344,0
265345,25
265346,0
265347,0
265348,0
265349,0
265350,19
265351,0
265352,0
265353,0
265354,0
265355,0
265356,21
265357,0
265358,0
265359,0
265360,0
265361,0
265362,0
265363,0
265364,0
265365,0
265366,0
265367,0
265368,0
265369,0
265370,0
265371,0
265372,0
265373,0
265374,0
265375,0
265376,0
265377,0
265378,16
265379,0
265380,0
265381,0
265382,0
265383,21
265384,0
265385,15
265386,0
265387,0
265388,15
265389,0
265390,0
265391,0
265392,0
265393,17
265394,36
265395,32
265396,0
265397,0
265398,0
265399,0
265400,0
265401,23
265402,0
265403,0
265404,0
265405,29
265406,0
265407,0
265408,0
265409,0
265410,0
265411,0
265412,18
265413,0
265414,0
265415,0
265416,0
265417,0
265418,0
265419,0
265420,0
265421,0
265422,0
265423,22
265424,0
265425,0
265426,15
265427,0
265428,0
265429,21
265430,0
265431,14
265432,0
265433,0
265434,0
265435,0
265436,0
265437,0
265438,0
265439,0
265440,0
265441,0
265442,0
265443,0
265444,0
265445,0
265446,0
265447,0
265448,0
265449,0
265450,0
265451,22
265452,0
265453,0
265454,19
265455,0
265456,0
265457,27
265458,21
265459,23
265460,24
265461,0
265462,0
265463,0
265464,0
265465,23
265466,0
265467,0
265468,0
265469,0
265470,0
265471,0
265472,0
265473,0
265474,24
265475,0
265476,0
265477,0
265478,21
265479,0
265480,0
265481,0
265482,0
265483,0
265484,0
265485,0
265486,0
265487,0
265488,0
265489,0
265490,0
265491,0
265492,0
265493,0
265494,0
265495,0
265496,21
265497,0
265498,0
265499,28
265500,0
265501,24
265502,0
265503,37
265504,0
265505,0
265506,0
265507,0
265508,0
265509,26
265510,20
265511,0
265512,0
265513,0
265514,0
265515,17
265516,0
265517,0
265518,23
265519,19
265520,0
265521,0
265522,0
265523,0
265524,0
265525,16
265526,0
265527,0
265528,0
265529,21
265530,30
265531,0
265532,0
265533,0
265534,0
265535,0
265536,0
265537,0
265538,0
265539,0
265540,0
265541,0
265542,0
265543,0
265544,31
265545,0
265546,0
265547,0
265548,0
265549,0
265550,0
265551,0
265552,0
265553,0
265554,0
265555,41
265556,0
265557,0
265558,0
265559,28
265560,0
265561,0
265562,0
265563,0
265564,26
265565,0
265566,41
265567,0
265568,0
265569,0
265570,0
265571,0
265572,0
265573,0
265574,34
265575,22
265576,0
265577,0
265578,0
265579,0
265580,0
265581,11
265582,0
265583,0
265584,26
265585,0
265586,0
265587,0
265588,0
265589,28
265590,0
265591,0
265592,0
265593,0
265594,0
265595,0
265596,0
265597,0
265598,0
265599,23
265600,0
265601,0
265602,0
265603,0
265604,0
265605,17
265606,0
265607,0
265608,23
265609,0
265610,0
265611,0
265612,0
265613,0
265614,23
265615,0
265616,0
265617,0
265618,18
265619,0
265620,0
265621,0
265622,0
265623,0
265624,0
265625,19
265626,0
265627,18
265628,27
265629,0
265630,23
265631,0
265632,0
265633,0
265634,0
265635,0
265636,0
265637,0
265638,0
265639,0
265640,0
265641,0
265642,14
265643,17
265644,0
265645,0
265646,0
265647,0
265648,0
265649,0
265650,0
265651,0
265652,36
265653,0
265654,28
265655,0
265656,0
265657,0
265658,0
265659,17
265660,0
265661,0
265662,0
265663,0
265664,0
265665,0
265666,0
265667,0
265668,0
265669,0
265670,21
265671,30
265672,0
265673,0
265674,0
265675,0
265676,0
265677,0
265678,0
265679,0
265680,0
265681,0
265682,0
265683,0
265684,0
265685,23
265686,0
265687,0
265688,0
265689,0
265690,0
265691,0
265692,0
265693,25
265694,0
265695,0
265696,0
265697,0
265698,18
265699,0
265700,0
265701,0
265702,0
265703,0
265704,0
265705,0
265706,0
265707,0
265708,18
265709,0
265710,0
265711,0
265712,10
265713,0
265714,0
265715,0
265716,0
265717,0
265718,0
265719,0
265720,31
265721,0
265722,0
265723,0
265724,0
265725,0
265726,0
265727,0
265728,0
265729,29
265730,0
265731,0
265732,0
265733,0
265734,0
265735,0
265736,20
265737,0
265738,0
265739,0
265740,0
265741,0
265742,0
265743,0
265744,19
265745,0
265746,0
265747,0
265748,0
265749,0
265750,0
265751,0
265752,26
265753,0
265754,0
265755,0
265756,0
265757,0
265758,0
265759,0
265760,0
265761,0
265762,0
265763,0
265764,0
265765,29
265766,0
265767,25
265768,0
265769,0
265770,0
265771,0
265772,21
265773,0
265774,0
265775,0
265776,0
265777,0
265778,0
265779,0
265780,32
265781,0
265782,0
265783,23
265784,0
265785,0
265786,0
265787,0
265788,0
265789,0
265790,0
265791,0
265792,25
265793,0
265794,17
265795,0
265796,0
265797,0
265798,0
265799,18
265800,0
265801,0
265802,0
265803,0
265804,0
265805,16
265806,12
265807,0
265808,22
265809,13
265810,8
265811,0
265812,0
265813,0
265814,12
265815,13
265816,13
265817,0
265818,20
265819,0
265820,18
265821,0
265822,0
265823,0
265824,0
265825,0
265826,0
265827,0
265828,0
265829,0
265830,0
265831,0
265832,0
265833,0
265834,0
265835,0
265836,14
265837,16
265838,0
265839,0
265840,0
265841,0
265842,0
265843,0
265844,0
265845,0
265846,0
265847,0
265848,14
265849,0
265850,0
265851,26
265852,0
265853,13
265854,0
265855,17
265856,0
265857,0
265858,0
265859,0
265860,0
265861,0
265862,0
265863,0
265864,0
265865,0
265866,0
265867,0
265868,0
265869,0
265870,0
265871,16
265872,28
265873,0
265874,0
265875,0
265876,0
265877,0
265878,10
265879,11
265880,0
265881,0
265882,23
265883,0
265884,0
265885,0
265886,0
265887,0
265888,0
265889,0
265890,0
265891,0
265892,0
265893,0
265894,0
265895,24
265896,0
265897,17
265898,14
265899,13
265900,0
265901,0
265902,5
265903,28
265904,0
265905,17
265906,0
265907,0
265908,0
265909,0
265910,0
265911,11
265912,20
265913,0
265914,11
265915,16
265916,0
265917,0
265918,0
265919,0
265920,0
265921,0
265922,0
265923,0
265924,0
265925,0
265926,0
265927,16
265928,0
265929,0
265930,0
265931,0
265932,0
265933,0
265934,0
265935,0
265936,17
265937,16
265938,0
265939,0
265940,0
265941,6
265942,0
265943,13
265944,0
265945,0
265946,0
265947,0
265948,0
265949,0
265950,0
265951,0
265952,0
265953,0
265954,0
265955,16
265956,7
265957,19
265958,0
265959,0
265960,0
265961,0
265962,0
265963,0
265964,0
265965,0
265966,9
265967,12
265968,0
265969,22
265970,0
265971,0
265972,0
265973,0
265974,0
265975,0
265976,19
265977,0
265978,21
265979,0
265980,0
265981,15
265982,7
265983,22
265984,0
265985,19
265986,0
265987,14
265988,0
265989,25
265990,12
265991,0
265992,0
265993,0
265994,0
265995,0
265996,0
265997,0
265998,0
265999,15
266000,12
266001,0
266002,0
266003,10
266004,11
266005,0
266006,17
266007,0
266008,0
266009,0
266010,27
266011,13
266012,8
266013,0
266014,11
266015,0
266016,0
266017,24
266018,0
266019,0
266020,0
266021,0
266022,0
266023,0
266024,0
266025,0
266026,16
266027,0
266028,0
266029,0
266030,18
266031,0
266032,0
266033,0
266034,0
266035,0
266036,0
266037,0
266038,0
266039,6
266040,0
266041,0
266042,0
266043,0
266044,0
266045,0
266046,0
266047,23
266048,0
266049,0
266050,0
266051,7
266052,0
266053,0
266054,0
266055,0
266056,14
266057,10
266058,0
266059,14
266060,0
266061,15
266062,0
266063,0
266064,0
266065,0
266066,0
266067,0
266068,14
266069,0
266070,0
266071,0
266072,0
266073,0
266074,13
266075,17
266076,0
266077,18
266078,24
266079,0
266080,0
266081,0
266082,0
266083,22
266084,0
266085,0
266086,0
266087,0
266088,0
266089,0
266090,0
266091,10
266092,0
266093,10
266094,0
266095,0
266096,21
266097,0
266098,0
266099,0
266100,15
266101,0
266102,10
266103,0
266104,0
266105,19
266106,11
266107,14
266108,14
266109,15
266110,0
266111,12
266112,0
266113,0
266114,0
266115,14
266116,0
266117,0
266118,0
266119,0
266120,0
266121,13
266122,0
266123,16
266124,0
266125,0
266126,14
266127,4
266128,17
266129,0
266130,0
266131,0
266132,13
266133,0
266134,0
266135,0
266136,0
266137,0
266138,0
266139,0
266140,0
266141,0
266142,18
266143,23
266144,0
266145,0
266146,0
266147,0
266148,0
266149,0
266150,0
266151,0
266152,11
266153,0
266154,0
266155,0
266156,0
266157,0
266158,0
266159,0
266160,0
266161,0
266162,0
266163,0
266164,37
266165,24
266166,0
266167,0
266168,0
266169,22
266170,18
266171,7
266172,0
266173,0
266174,0
266175,5
266176,0
266177,0
266178,0
266179,26
266180,22
266181,19
266182,0
266183,0
266184,0
266185,0
266186,0
266187,18
266188,0
266189,0
266190,0
266191,5
266192,0
266193,0
266194,0
266195,0
266196,0
266197,0
266198,0
266199,0
266200,0
266201,7
266202,16
266203,0
266204,14
266205,17
266206,17
266207,0
266208,0
266209,0
266210,0
266211,12
266212,0
266213,20
266214,22
266215,25
266216,0
266217,0
266218,0
266219,0
266220,0
266221,14
266222,8
266223,10
266224,0
266225,0
266226,0
266227,0
266228,0
266229,0
266230,0
266231,0
266232,0
266233,0
266234,26
266235,0
266236,18
266237,20
266238,0
266239,0
266240,13
266241,0
266242,0
266243,0
266244,0
266245,0
266246,15
266247,0
266248,0
266249,0
266250,0
266251,14
266252,0
266253,0
266254,19
266255,0
266256,15
266257,0
266258,0
266259,0
266260,0
266261,0
266262,0
266263,0
266264,0
266265,0
266266,15
266267,12
266268,0
266269,0
266270,0
266271,0
266272,13
266273,0
266274,11
266275,0
266276,27
266277,25
266278,0
266279,0
266280,15
266281,0
266282,0
266283,0
266284,0
266285,0
266286,21
266287,14
266288,0
266289,0
266290,0
266291,0
266292,0
266293,13
266294,0
266295,10
266296,12
266297,0
266298,13
266299,0
266300,0
266301,0
266302,0
266303,17
266304,0
266305,0
266306,0
266307,0
266308,20
266309,0
266310,0
266311,0
266312,0
266313,0
266314,27
266315,0
266316,0
266317,13
266318,15
266319,0
266320,18
266321,9
266322,0
266323,0
266324,0
266325,15
266326,0
266327,0
266328,0
266329,0
266330,0
266331,0
266332,0
266333,8
266334,14
266335,0
266336,0
266337,0
266338,0
266339,0
266340,0
266341,17
266342,0
266343,0
266344,13
266345,26
266346,13
266347,15
266348,0
266349,16
266350,0
266351,0
266352,29
266353,0
266354,0
266355,0
266356,0
266357,0
266358,0
266359,0
266360,0
266361,0
266362,0
266363,0
266364,15
266365,20
266366,0
266367,0
266368,0
266369,0
266370,0
266371,24
266372,0
266373,20
266374,0
266375,14
266376,0
266377,23
266378,0
266379,0
266380,7
266381,0
266382,0
266383,0
266384,0
266385,0
266386,0
266387,7
266388,0
266389,0
266390,0
266391,15
266392,0
266393,11
266394,0
266395,13
266396,11
266397,10
266398,0
266399,23
266400,21
266401,17
266402,0
266403,0
266404,0
266405,0
266406,0
266407,20
266408,0
266409,0
266410,0
266411,0
266412,0
266413,0
266414,13
266415,0
266416,0
266417,0
266418,0
266419,0
266420,0
266421,10
266422,0
266423,0
266424,0
266425,16
266426,10
266427,0
266428,0
266429,0
266430,11
266431,0
266432,14
266433,0
266434,0
266435,0
266436,0
266437,0
266438,0
266439,0
266440,0
266441,0
266442,18
266443,0
266444,0
266445,0
266446,0
266447,0
266448,0
266449,0
266450,17
266451,0
266452,0
266453,0
266454,0
266455,11
266456,0
266457,0
266458,0
266459,0
266460,0
266461,24
266462,11
266463,0
266464,7
266465,0
266466,0
266467,0
266468,0
266469,0
266470,26
266471,0
266472,17
266473,0
266474,0
266475,0
266476,5
266477,0
266478,0
266479,0
266480,0
266481,0
266482,0
266483,13
266484,0
266485,0
266486,11
266487,0
266488,0
266489,0
266490,13
266491,12
266492,19
266493,0
266494,0
266495,0
266496,0
266497,16
266498,0
266499,0
266500,0
266501,22
266502,0
266503,0
266504,0
266505,0
266506,0
266507,20
266508,0
266509,0
266510,0
266511,0
266512,0
266513,0
266514,0
266515,0
266516,0
266517,0
266518,19
266519,14
266520,18
266521,0
266522,0
266523,0
266524,0
266525,0
266526,0
266527,0
266528,0
266529,24
266530,0
266531,20
266532,18
266533,0
266534,0
266535,8
266536,0
266537,0
266538,0
266539,0
266540,14
266541,15
266542,0
266543,0
266544,0
266545,0
266546,0
266547,0
266548,0
266549,0
266550,0
266551,0
266552,12
266553,13
266554,0
266555,0
266556,0
266557,8
266558,0
266559,0
266560,0
266561,19
266562,0
266563,0
266564,0
266565,0
266566,21
266567,0
266568,9
266569,0
266570,0
266571,0
266572,0
266573,0
266574,0
266575,11
266576,0
266577,19
266578,19
266579,0
266580,0
266581,11
266582,10
266583,0
266584,0
266585,0
266586,14
266587,0
266588,0
266589,0
266590,0
266591,0
266592,0
266593,0
266594,0
266595,0
266596,0
266597,0
266598,0
266599,0
266600,0
266601,0
266602,0
266603,0
266604,0
266605,0
266606,0
266607,0
266608,13
266609,0
266610,0
266611,0
266612,0
266613,17
266614,0
266615,0
266616,0
266617,19
266618,0
266619,17
266620,0
266621,0
266622,0
266623,16
266624,0
266625,0
266626,0
266627,0
266628,0
266629,0
266630,14
266631,0
266632,0
266633,0
266634,0
266635,11
266636,0
266637,0
266638,0
266639,0
266640,0
266641,0
266642,0
266643,0
266644,0
266645,0
266646,0
266647,0
266648,0
266649,0
266650,0
266651,15
266652,0
266653,17
266654,0
266655,0
266656,18
266657,0
266658,0
266659,23
266660,0
266661,0
266662,10
266663,0
266664,16
266665,0
266666,0
266667,0
266668,14
266669,0
266670,0
266671,0
266672,0
266673,0
266674,19
266675,11
266676,0
266677,21
266678,0
266679,0
266680,19
266681,0
266682,0
266683,13
266684,23
266685,0
266686,20
266687,0
266688,0
266689,0
266690,12
266691,0
266692,7
266693,0
266694,17
266695,0
266696,0
266697,0
266698,18
266699,0
266700,0
266701,0
266702,0
266703,0
266704,0
266705,0
266706,0
266707,0
266708,24
266709,0
266710,0
266711,0
266712,0
266713,0
266714,0
266715,17
266716,0
266717,0
266718,0
266719,0
266720,0
266721,0
266722,0
266723,0
266724,0
266725,0
266726,0
266727,0
266728,0
266729,0
266730,0
266731,0
266732,0
266733,0
266734,0
266735,0
266736,0
266737,0
266738,0
266739,0
266740,0
266741,0
266742,0
266743,0
266744,0
266745,0
266746,0
266747,0
266748,0
266749,0
266750,0
266751,10
266752,20
266753,0
266754,0
266755,0
266756,0
266757,0
266758,25
266759,0
266760,0
266761,0
266762,16
266763,0
266764,0
266765,0
266766,13
266767,0
266768,0
266769,0
266770,0
266771,0
266772,0
266773,0
266774,0
266775,0
266776,0
266777,0
266778,0
266779,0
266780,0
266781,17
266782,0
266783,0
266784,0
266785,0
266786,0
266787,0
266788,0
266789,0
266790,14
266791,0
266792,0
266793,18
266794,0
266795,0
266796,0
266797,0
266798,15
266799,0
266800,0
266801,0
266802,0
266803,0
266804,0
266805,0
266806,0
266807,0
266808,16
266809,0
266810,0
266811,0
266812,0
266813,0
266814,0
266815,12
266816,0
266817,0
266818,0
266819,0
266820,0
266821,0
266822,13
266823,0
266824,0
266825,0
266826,0
266827,0
266828,0
266829,0
266830,0
266831,0
266832,0
266833,0
266834,0
266835,0
266836,0
266837,0
266838,0
266839,0
266840,0
266841,0
266842,14
266843,22
266844,0
266845,0
266846,0
266847,0
266848,0
266849,15
266850,0
266851,0
266852,0
266853,0
266854,0
266855,0
266856,28
266857,0
266858,0
266859,0
266860,0
266861,0
266862,0
266863,0
266864,13
266865,0
266866,0
266867,0
266868,0
266869,0
266870,0
266871,0
266872,21
266873,0
266874,0
266875,0
266876,0
266877,0
266878,18
266879,0
266880,0
266881,0
266882,0
266883,0
266884,0
266885,0
266886,0
266887,0
266888,0
266889,0
266890,0
266891,0
266892,0
266893,0
266894,0
266895,24
266896,0
266897,0
266898,0
266899,0
266900,0
266901,0
266902,0
266903,14
266904,0
266905,0
266906,19
266907,0
266908,0
266909,0
266910,0
266911,0
266912,0
266913,0
266914,0
266915,0
266916,0
266917,0
266918,21
266919,0
266920,0
266921,0
266922,0
266923,0
266924,10
266925,0
266926,0
266927,0
266928,20
266929,0
266930,0
266931,0
266932,0
266933,0
266934,0
266935,0
266936,0
266937,21
266938,0
266939,0
266940,0
266941,0
266942,0
266943,0
266944,20
266945,0
266946,0
266947,0
266948,0
266949,0
266950,0
266951,15
266952,0
266953,0
266954,23
266955,28
266956,0
266957,0
266958,0
266959,0
266960,0
266961,0
266962,0
266963,0
266964,14
266965,0
266966,0
266967,0
266968,0
266969,0
266970,0
266971,0
266972,0
266973,0
266974,0
266975,0
266976,0
266977,0
266978,0
266979,0
266980,0
266981,0
266982,0
266983,0
266984,0
266985,0
266986,0
266987,0
266988,0
266989,0
266990,0
266991,0
266992,0
266993,15
266994,17
266995,0
266996,0
266997,0
266998,0
266999,0
267000,0
267001,0
267002,0
267003,0
267004,0
267005,0
267006,0
267007,0
267008,0
267009,12
267010,21
267011,0
267012,0
267013,0
267014,0
267015,0
267016,0
267017,0
267018,0
267019,0
267020,0
267021,0
267022,0
267023,0
267024,0
267025,0
267026,0
267027,0
267028,0
267029,19
267030,8
267031,0
267032,0
267033,0
267034,0
267035,0
267036,0
267037,0
267038,0
267039,0
267040,18
267041,0
267042,0
267043,0
267044,0
267045,0
267046,0
267047,0
267048,0
267049,0
267050,0
267051,0
267052,0
267053,0
267054,0
267055,0
267056,0
267057,0
267058,0
267059,0
267060,0
267061,0
267062,0
267063,0
267064,0
267065,0
267066,0
267067,0
267068,0
267069,0
267070,0
267071,0
267072,0
267073,18
267074,0
267075,0
267076,0
267077,0
267078,0
267079,0
267080,0
267081,0
267082,0
267083,0
267084,16
267085,0
267086,0
267087,10
267088,0
267089,14
267090,0
267091,0
267092,0
267093,0
267094,18
267095,0
267096,0
267097,0
267098,0
267099,0
267100,0
267101,0
267102,0
267103,24
267104,0
267105,0
267106,0
267107,27
267108,0
267109,0
267110,0
267111,0
267112,0
267113,0
267114,13
267115,0
267116,16
267117,0
267118,0
267119,0
267120,0
267121,0
267122,0
267123,0
267124,0
267125,25
267126,7
267127,0
267128,19
267129,7
267130,0
267131,0
267132,23
267133,0
267134,0
267135,11
267136,22
267137,0
267138,0
267139,0
267140,0
267141,0
267142,0
267143,0
267144,7
267145,0
267146,0
267147,0
267148,0
267149,13
267150,0
267151,0
267152,0
267153,18
267154,15
267155,0
267156,0
267157,22
267158,0
267159,0
267160,0
267161,0
267162,0
267163,0
267164,20
267165,0
267166,0
267167,16
267168,0
267169,0
267170,0
267171,0
267172,0
267173,0
267174,0
267175,0
267176,0
267177,0
267178,0
267179,0
267180,0
267181,17
267182,0
267183,0
267184,0
267185,0
267186,0
267187,0
267188,0
267189,0
267190,0
267191,0
267192,20
267193,14
267194,0
267195,0
267196,0
267197,0
267198,0
267199,0
267200,12
267201,0
267202,0
267203,0
267204,13
267205,0
267206,0
267207,0
267208,0
267209,0
267210,0
267211,0
267212,0
267213,0
267214,13
267215,0
267216,0
267217,0
267218,19
267219,0
267220,15
267221,0
267222,0
267223,0
267224,0
267225,0
267226,0
267227,0
267228,0
267229,0
267230,0
267231,20
267232,0
267233,17
267234,0
267235,0
267236,0
267237,16
267238,0
267239,12
267240,0
267241,0
267242,0
267243,0
267244,0
267245,0
267246,0
267247,27
267248,0
267249,0
267250,0
267251,16
267252,0
267253,17
267254,0
267255,0
267256,0
267257,0
267258,14
267259,14
267260,0
267261,0
267262,0
267263,0
267264,0
267265,0
267266,0
267267,0
267268,0
267269,15
267270,0
267271,0
267272,0
267273,0
267274,0
267275,0
267276,0
267277,0
267278,0
267279,0
267280,0
267281,0
267282,0
267283,0
267284,14
267285,11
267286,0
267287,18
267288,0
267289,0
267290,0
267291,0
267292,0
267293,0
267294,0
267295,0
267296,0
267297,0
267298,0
267299,0
267300,0
267301,0
267302,0
267303,0
267304,0
267305,0
267306,17
267307,0
267308,0
267309,0
267310,0
267311,0
267312,0
267313,0
267314,0
267315,0
267316,0
267317,0
267318,21
267319,0
267320,0
267321,0
267322,0
267323,0
267324,0
267325,0
267326,0
267327,0
267328,0
267329,0
267330,0
267331,0
267332,0
267333,0
267334,0
267335,20
267336,0
267337,0
267338,0
267339,0
267340,0
267341,0
267342,0
267343,0
267344,0
267345,0
267346,0
267347,0
267348,0
267349,0
267350,0
267351,0
267352,12
267353,0
267354,0
267355,0
267356,16
267357,22
267358,0
267359,0
267360,15
267361,0
267362,0
267363,0
267364,30
267365,0
267366,0
267367,0
267368,0
267369,0
267370,0
267371,0
267372,14
267373,0
267374,0
267375,0
267376,0
267377,0
267378,0
267379,17
267380,0
267381,0
267382,0
267383,19
267384,0
267385,0
267386,0
267387,0
267388,0
267389,0
267390,0
267391,0
267392,0
267393,0
267394,0
267395,20
267396,0
267397,0
267398,0
267399,0
267400,0
267401,0
267402,0
267403,0
267404,26
267405,0
267406,0
267407,0
267408,0
267409,0
267410,0
267411,0
267412,0
267413,0
267414,0
267415,0
267416,0
267417,0
267418,0
267419,0
267420,0
267421,0
267422,0
267423,19
267424,0
267425,0
267426,0
267427,0
267428,0
267429,0
267430,0
267431,0
267432,0
267433,0
267434,0
267435,0
267436,0
267437,0
267438,0
267439,0
267440,0
267441,0
267442,0
267443,0
267444,20
267445,0
267446,0
267447,0
267448,0
267449,0
267450,0
267451,0
267452,0
267453,0
267454,0
267455,24
267456,0
267457,0
267458,20
267459,0
267460,0
267461,0
267462,0
267463,0
267464,0
267465,0
267466,0
267467,0
267468,0
267469,19
267470,0
267471,0
267472,0
267473,0
267474,0
267475,0
267476,0
267477,0
267478,0
267479,26
267480,0
267481,0
267482,0
267483,0
267484,0
267485,0
267486,0
267487,0
267488,22
267489,19
267490,0
267491,0
267492,0
267493,0
267494,18
267495,0
267496,0
267497,0
267498,0
267499,0
267500,0
267501,0
267502,0
267503,0
267504,0
267505,0
267506,0
267507,0
267508,0
267509,0
267510,0
267511,0
267512,0
267513,19
267514,0
267515,0
267516,0
267517,0
267518,0
267519,0
267520,0
267521,0
267522,0
267523,0
267524,0
267525,0
267526,0
267527,0
267528,0
267529,0
267530,0
267531,14
267532,0
267533,13
267534,0
267535,0
267536,0
267537,0
267538,0
267539,18
267540,0
267541,0
267542,0
267543,0
267544,0
267545,0
267546,0
267547,0
267548,0
267549,0
267550,0
267551,0
267552,0
267553,20
267554,0
267555,0
267556,0
267557,0
267558,0
267559,15
267560,0
267561,0
267562,0
267563,0
267564,0
267565,0
267566,0
267567,0
267568,0
267569,0
267570,0
267571,0
267572,0
267573,0
267574,0
267575,0
267576,0
267577,0
267578,0
267579,0
267580,0
267581,0
267582,0
267583,21
267584,0
267585,0
267586,0
267587,0
267588,0
267589,0
267590,0
267591,0
267592,18
267593,0
267594,0
267595,0
267596,0
267597,0
267598,0
267599,12
267600,0
267601,27
267602,22
267603,0
267604,21
267605,0
267606,0
267607,0
267608,0
267609,28
267610,0
267611,0
267612,0
267613,0
267614,0
267615,0
267616,21
267617,0
267618,22
267619,22
267620,0
267621,0
267622,0
267623,0
267624,0
267625,0
267626,0
267627,0
267628,0
267629,0
267630,0
267631,0
267632,26
267633,0
267634,23
267635,0
267636,0
267637,0
267638,0
267639,0
267640,0
267641,0
267642,0
267643,0
267644,0
267645,0
267646,14
267647,0
267648,0
267649,0
267650,0
267651,0
267652,26
267653,0
267654,0
267655,0
267656,20
267657,0
267658,0
267659,0
267660,0
267661,0
267662,0
267663,0
267664,0
267665,0
267666,0
267667,0
267668,0
267669,0
267670,0
267671,18
267672,0
267673,0
267674,0
267675,0
267676,0
267677,0
267678,0
267679,0
267680,0
267681,0
267682,0
267683,15
267684,32
267685,0
267686,0
267687,19
267688,0
267689,0
267690,28
267691,19
267692,0
267693,0
267694,0
267695,17
267696,0
267697,0
267698,0
267699,0
267700,0
267701,0
267702,0
267703,0
267704,0
267705,0
267706,0
267707,0
267708,0
267709,16
267710,22
267711,0
267712,0
267713,0
267714,0
267715,0
267716,0
267717,0
267718,17
267719,0
267720,0
267721,0
267722,0
267723,0
267724,24
267725,0
267726,0
267727,18
267728,0
267729,0
267730,0
267731,0
267732,0
267733,0
267734,0
267735,0
267736,0
267737,0
267738,21
267739,0
267740,0
267741,0
267742,0
267743,0
267744,19
267745,0
267746,27
267747,0
267748,0
267749,0
267750,0
267751,11
267752,0
267753,0
267754,0
267755,0
267756,0
267757,0
267758,0
267759,0
267760,0
267761,0
267762,0
267763,0
267764,7
267765,0
267766,0
267767,0
267768,0
267769,23
267770,0
267771,0
267772,0
267773,0
267774,25
267775,0
267776,0
267777,31
267778,0
267779,0
267780,0
267781,0
267782,0
267783,0
267784,26
267785,22
267786,0
267787,0
267788,0
267789,0
267790,0
267791,0
267792,0
267793,0
267794,0
267795,0
267796,0
267797,0
267798,16
267799,0
267800,0
267801,0
267802,0
267803,0
267804,0
267805,13
267806,0
267807,0
267808,0
267809,0
267810,0
267811,0
267812,0
267813,0
267814,0
267815,0
267816,24
267817,22
267818,14
267819,0
267820,0
267821,0
267822,0
267823,0
267824,0
267825,0
267826,0
267827,0
267828,0
267829,0
267830,19
267831,0
267832,19
267833,0
267834,0
267835,0
267836,0
267837,0
267838,0
267839,0
267840,0
267841,0
267842,0
267843,0
267844,24
267845,0
267846,0
267847,0
267848,0
267849,0
267850,0
267851,0
267852,0
267853,0
267854,0
267855,0
267856,0
267857,14
267858,0
267859,0
267860,0
267861,0
267862,0
267863,0
267864,0
267865,0
267866,0
267867,0
267868,0
267869,0
267870,0
267871,0
267872,0
267873,0
267874,0
267875,0
267876,0
267877,30
267878,0
267879,0
267880,16
267881,0
267882,0
267883,0
267884,0
267885,28
267886,0
267887,22
267888,22
267889,0
267890,0
267891,26
267892,0
267893,0
267894,34
267895,0
267896,0
267897,0
267898,0
267899,0
267900,0
267901,0
267902,0
267903,0
267904,0
267905,0
267906,0
267907,0
267908,0
267909,0
267910,0
267911,0
267912,0
267913,0
267914,0
267915,20
267916,0
267917,0
267918,0
267919,0
267920,0
267921,0
267922,0
267923,0
267924,0
267925,0
267926,0
267927,0
267928,0
267929,0
267930,0
267931,0
267932,0
267933,0
267934,0
267935,0
267936,0
267937,0
267938,0
267939,0
267940,0
267941,0
267942,0
267943,0
267944,0
267945,0
267946,0
267947,0
267948,0
267949,0
267950,0
267951,0
267952,0
267953,0
267954,0
267955,0
267956,0
267957,0
267958,0
267959,0
267960,0
267961,0
267962,0
267963,0
267964,0
267965,0
267966,0
267967,0
267968,0
267969,0
267970,0
267971,0
267972,0
267973,0
267974,0
267975,0
267976,0
267977,0
267978,0
267979,0
267980,0
267981,0
267982,0
267983,0
267984,0
267985,0
267986,0
267987,0
267988,0
267989,0
267990,0
267991,0
267992,0
267993,0
267994,0
267995,0
267996,0
267997,0
267998,0
267999,0
268000,0
268001,0
268002,0
268003,0
268004,0
268005,0
268006,0
268007,0
268008,0
268009,0
268010,0
268011,0
268012,0
268013,0
268014,0
268015,1
268016,0
268017,0
268018,0
268019,0
268020,0
268021,0
268022,0
268023,0
268024,0
268025,0
268026,0
268027,0
268028,0
268029,0
268030,0
268031,0
268032,0
268033,0
268034,0
268035,0
268036,0
268037,0
268038,0
268039,0
268040,0
268041,0
268042,0
268043,0
268044,0
268045,0
268046,0
268047,0
268048,0
268049,0
268050,0
268051,0
268052,0
268053,0
268054,0
268055,0
268056,0
268057,0
268058,0
268059,0
268060,0
268061,0
268062,0
268063,0
268064,0
268065,0
268066,0
268067,0
268068,0
268069,0
268070,0
268071,0
268072,0
268073,0
268074,0
268075,0
268076,0
268077,0
268078,0
268079,0
268080,0
268081,0
268082,0
268083,0
268084,0
268085,0
268086,0
268087,0
268088,0
268089,0
268090,0
268091,0
268092,0
268093,0
268094,0
268095,0
268096,0
268097,0
268098,0
268099,0
268100,0
268101,0
268102,0
268103,0
268104,0
268105,0
268106,0
268107,0
268108,0
268109,0
268110,0
268111,0
268112,0
268113,0
268114,0
268115,0
268116,1
268117,0
268118,0
268119,0
268120,0
268121,0
268122,0
268123,0
268124,0
268125,0
268126,0
268127,0
268128,0
268129,0
268130,0
268131,0
268132,0
268133,0
268134,0
268135,0
268136,0
268137,0
268138,0
268139,0
268140,0
268141,0
268142,0
268143,0
268144,0
268145,0
268146,0
268147,0
268148,0
268149,0
268150,0
268151,0
268152,0
268153,0
268154,0
268155,0
268156,0
268157,0
268158,0
268159,0
268160,0
268161,0
268162,0
268163,0
268164,0
268165,0
268166,0
268167,0
268168,0
268169,0
268170,0
268171,0
268172,0
268173,0
268174,0
268175,0
268176,0
268177,0
268178,0
268179,0
268180,0
268181,0
268182,0
268183,0
268184,0
268185,0
268186,0
268187,0
268188,0
268189,0
268190,0
268191,0
268192,0
268193,0
268194,0
268195,0
268196,0
268197,0
268198,0
268199,0
268200,0
268201,0
268202,0
268203,0
268204,0
268205,0
268206,0
268207,0
268208,0
268209,0
268210,0
268211,0
268212,0
268213,0
268214,0
268215,0
268216,0
268217,0
268218,0
268219,0
268220,0
268221,0
268222,0
268223,0
268224,0
268225,0
268226,0
268227,0
268228,0
268229,0
268230,0
268231,0
268232,0
268233,0
268234,0
268235,0
268236,0
268237,0
268238,0
268239,0
268240,0
268241,0
268242,0
268243,0
268244,0
268245,0
268246,0
268247,0
268248,0
268249,0
268250,0
268251,0
268252,0
268253,0
268254,0
268255,0
268256,0
268257,0
268258,0
268259,0
268260,0
268261,0
268262,0
268263,0
268264,0
268265,0
268266,0
268267,0
268268,0
268269,0
268270,0
268271,0
268272,0
268273,0
268274,0
268275,0
268276,0
268277,0
268278,0
268279,0
268280,0
268281,0
268282,0
268283,0
268284,0
268285,0
268286,0
268287,0
268288,0
268289,0
268290,0
268291,0
268292,0
268293,0
268294,0
268295,0
268296,0
268297,0
268298,0
268299,0
268300,0
268301,0
268302,0
268303,0
268304,0
268305,0
268306,0
268307,0
268308,0
268309,0
268310,0
268311,0
268312,0
268313,0
268314,0
268315,0
268316,0
268317,0
268318,0
268319,0
268320,0
268321,0
268322,0
268323,0
268324,0
268325,0
268326,0
268327,0
268328,0
268329,0
268330,0
268331,0
268332,0
268333,0
268334,0
268335,0
268336,0
268337,0
268338,0
268339,0
268340,0
268341,0
268342,0
268343,0
268344,0
268345,0
268346,0
268347,0
268348,0
268349,0
268350,0
268351,0
268352,0
268353,0
268354,0
268355,0
268356,0
268357,0
268358,0
268359,0
268360,0
268361,0
268362,0
268363,0
268364,0
268365,0
268366,0
268367,0
268368,0
268369,0
268370,0
268371,0
268372,0
268373,0
268374,0
268375,0
268376,0
268377,0
268378,0
268379,0
268380,0
268381,0
268382,0
268383,0
268384,0
268385,0
268386,0
268387,0
268388,0
268389,0
268390,0
268391,0
268392,0
268393,0
268394,0
268395,0
268396,0
268397,0
268398,0
268399,0
268400,0
268401,0
268402,0
268403,0
268404,0
268405,0
268406,0
268407,0
268408,0
268409,0
268410,0
268411,0
268412,0
268413,0
268414,0
268415,0
268416,0
268417,0
268418,0
268419,0
268420,0
268421,0
268422,0
268423,0
268424,0
268425,0
268426,0
268427,0
268428,1
268429,0
268430,0
268431,0
268432,0
268433,0
268434,0
268435,0
268436,0
268437,0
268438,0
268439,0
268440,0
268441,0
268442,0
268443,0
268444,0
268445,0
268446,0
268447,0
268448,0
268449,0
268450,0
268451,0
268452,0
268453,0
268454,0
268455,0
268456,0
268457,0
268458,0
268459,0
268460,0
268461,0
268462,0
268463,0
268464,0
268465,0
268466,0
268467,0
268468,0
268469,0
268470,0
268471,0
268472,0
268473,0
268474,0
268475,0
268476,0
268477,0
268478,0
268479,0
268480,0
268481,0
268482,0
268483,0
268484,0
268485,0
268486,0
268487,0
268488,0
268489,0
268490,0
268491,0
268492,0
268493,0
268494,0
268495,0
268496,0
268497,0
268498,0
268499,0
268500,0
268501,0
268502,0
268503,0
268504,0
268505,0
268506,0
268507,0
268508,0
268509,0
268510,0
268511,0
268512,0
268513,0
268514,1
268515,0
268516,0
268517,0
268518,0
268519,0
268520,0
268521,0
268522,0
268523,0
268524,0
268525,0
268526,0
268527,0
268528,0
268529,0
268530,0
268531,0
268532,0
268533,0
268534,0
268535,0
268536,0
268537,0
268538,0
268539,0
268540,0
268541,0
268542,0
268543,0
268544,0
268545,0
268546,0
268547,0
268548,0
268549,0
268550,0
268551,0
268552,0
268553,0
268554,0
268555,0
268556,0
268557,1
268558,0
268559,0
268560,0
268561,0
268562,0
268563,0
268564,0
268565,0
268566,0
268567,0
268568,0
268569,0
268570,0
268571,0
268572,0
268573,0
268574,0
268575,0
268576,1
268577,0
268578,0
268579,0
268580,0
268581,0
268582,0
268583,0
268584,0
268585,0
268586,0
268587,0
268588,0
268589,0
268590,0
268591,0
268592,0
268593,0
268594,0
268595,0
268596,0
268597,0
268598,0
268599,0
268600,0
268601,0
268602,0
268603,0
268604,0
268605,0
268606,0
268607,0
268608,0
268609,0
268610,0
268611,0
268612,0
268613,0
268614,0
268615,0
268616,0
268617,0
268618,0
268619,0
268620,0
268621,0
268622,0
268623,0
268624,0
268625,0
268626,0
268627,0
268628,0
268629,0
268630,0
268631,0
268632,0
268633,0
268634,0
268635,0
268636,0
268637,0
268638,0
268639,0
268640,0
268641,1
268642,0
268643,0
268644,0
268645,0
268646,0
268647,0
268648,0
268649,0
268650,0
268651,0
268652,0
268653,0
268654,0
268655,0
268656,0
268657,0
268658,0
268659,0
268660,0
268661,0
268662,0
268663,0
268664,0
268665,0
268666,0
268667,0
268668,0
268669,0
268670,0
268671,0
268672,0
268673,0
268674,0
268675,0
268676,0
268677,0
268678,0
268679,0
268680,31
268681,0
268682,0
268683,0
268684,0
268685,0
268686,35
268687,0
268688,16
268689,0
268690,0
268691,0
268692,0
268693,0
268694,0
268695,0
268696,0
268697,0
268698,0
268699,0
268700,0
268701,0
268702,0
268703,0
268704,0
268705,0
268706,0
268707,0
268708,0
268709,37
268710,0
268711,0
268712,0
268713,0
268714,0
268715,0
268716,0
268717,0
268718,0
268719,0
268720,0
268721,0
268722,0
268723,0
268724,0
268725,0
268726,0
268727,0
268728,0
268729,0
268730,0
268731,0
268732,0
268733,0
268734,0
268735,18
268736,0
268737,0
268738,0
268739,0
268740,0
268741,0
268742,0
268743,0
268744,0
268745,0
268746,0
268747,0
268748,0
268749,0
268750,0
268751,35
268752,0
268753,0
268754,0
268755,0
268756,0
268757,0
268758,0
268759,0
268760,0
268761,0
268762,0
268763,0
268764,0
268765,0
268766,0
268767,0
268768,0
268769,0
268770,0
268771,0
268772,0
268773,0
268774,0
268775,0
268776,0
268777,0
268778,0
268779,0
268780,0
268781,0
268782,0
268783,0
268784,0
268785,0
268786,0
268787,0
268788,0
268789,0
268790,0
268791,0
268792,0
268793,0
268794,0
268795,0
268796,0
268797,21
268798,0
268799,0
268800,0
268801,0
268802,0
268803,0
268804,0
268805,0
268806,0
268807,0
268808,0
268809,0
268810,0
268811,0
268812,0
268813,0
268814,0
268815,0
268816,18
268817,0
268818,0
268819,0
268820,0
268821,0
268822,0
268823,0
268824,0
268825,0
268826,0
268827,0
268828,0
268829,0
268830,0
268831,0
268832,0
268833,0
268834,0
268835,0
268836,0
268837,0
268838,19
268839,28
268840,0
268841,0
268842,0
268843,0
268844,0
268845,28
268846,0
268847,27
268848,0
268849,0
268850,32
268851,0
268852,0
268853,0
268854,0
268855,0
268856,0
268857,0
268858,0
268859,0
268860,0
268861,0
268862,0
268863,0
268864,30
268865,0
268866,0
268867,0
268868,0
268869,0
268870,0
268871,0
268872,0
268873,0
268874,0
268875,0
268876,0
268877,0
268878,0
268879,0
268880,0
268881,0
268882,0
268883,0
268884,0
268885,0
268886,0
268887,0
268888,0
268889,0
268890,0
268891,0
268892,0
268893,20
268894,0
268895,27
268896,0
268897,0
268898,0
268899,0
268900,0
268901,0
268902,0
268903,0
268904,0
268905,0
268906,0
268907,0
268908,0
268909,0
268910,26
268911,17
268912,0
268913,0
268914,0
268915,0
268916,0
268917,0
268918,0
268919,0
268920,0
268921,0
268922,0
268923,0
268924,0
268925,0
268926,0
268927,0
268928,0
268929,0
268930,0
268931,0
268932,0
268933,22
268934,0
268935,0
268936,0
268937,0
268938,18
268939,0
268940,0
268941,0
268942,0
268943,0
268944,0
268945,0
268946,0
268947,0
268948,0
268949,0
268950,15
268951,28
268952,0
268953,0
268954,0
268955,0
268956,0
268957,0
268958,0
268959,20
268960,0
268961,0
268962,0
268963,0
268964,20
268965,0
268966,20
268967,30
268968,17
268969,23
268970,0
268971,0
268972,0
268973,0
268974,0
268975,0
268976,0
268977,0
268978,0
268979,12
268980,0
268981,0
268982,22
268983,0
268984,0
268985,8
268986,0
268987,0
268988,17
268989,0
268990,0
268991,0
268992,0
268993,0
268994,14
268995,0
268996,0
268997,0
268998,0
268999,0
269000,0
269001,0
269002,0
269003,25
269004,12
269005,0
269006,0
269007,29
269008,0
269009,0
269010,11
269011,23
269012,0
269013,0
269014,0
269015,12
269016,0
269017,0
269018,23
269019,0
269020,0
269021,0
269022,30
269023,0
269024,0
269025,0
269026,0
269027,0
269028,13
269029,0
269030,0
269031,0
269032,0
269033,0
269034,0
269035,0
269036,0
269037,0
269038,0
269039,0
269040,0
269041,0
269042,0
269043,0
269044,0
269045,21
269046,0
269047,0
269048,0
269049,0
269050,0
269051,0
269052,0
269053,0
269054,15
269055,0
269056,0
269057,0
269058,0
269059,0
269060,21
269061,0
269062,14
269063,0
269064,0
269065,17
269066,0
269067,0
269068,0
269069,0
269070,0
269071,0
269072,0
269073,0
269074,14
269075,0
269076,0
269077,0
269078,0
269079,0
269080,0
269081,0
269082,0
269083,0
269084,23
269085,0
269086,0
269087,0
269088,0
269089,0
269090,0
269091,19
269092,22
269093,0
269094,0
269095,0
269096,0
269097,0
269098,20
269099,0
269100,0
269101,0
269102,0
269103,0
269104,36
269105,19
269106,0
269107,0
269108,0
269109,0
269110,0
269111,0
269112,0
269113,0
269114,0
269115,0
269116,0
269117,0
269118,0
269119,0
269120,0
269121,15
269122,0
269123,0
269124,0
269125,0
269126,0
269127,0
269128,31
269129,0
269130,0
269131,15
269132,31
269133,0
269134,0
269135,0
269136,0
269137,0
269138,0
269139,0
269140,0
269141,0
269142,0
269143,18
269144,0
269145,0
269146,0
269147,0
269148,0
269149,0
269150,21
269151,18
269152,0
269153,0
269154,0
269155,0
269156,0
269157,0
269158,0
269159,0
269160,27
269161,15
269162,0
269163,0
269164,0
269165,0
269166,18
269167,0
269168,20
269169,0
269170,0
269171,0
269172,0
269173,0
269174,0
269175,0
269176,20
269177,11
269178,0
269179,15
269180,0
269181,0
269182,14
269183,0
269184,0
269185,0
269186,0
269187,0
269188,14
269189,0
269190,0
269191,0
269192,0
269193,24
269194,16
269195,0
269196,0
269197,0
269198,0
269199,18
269200,0
269201,24
269202,0
269203,0
269204,0
269205,0
269206,0
269207,0
269208,0
269209,13
269210,0
269211,25
269212,0
269213,0
269214,0
269215,0
269216,16
269217,0
269218,0
269219,19
269220,0
269221,0
269222,0
269223,0
269224,0
269225,0
269226,16
269227,0
269228,0
269229,0
269230,0
269231,0
269232,0
269233,14
269234,0
269235,0
269236,0
269237,0
269238,0
269239,0
269240,0
269241,0
269242,0
269243,0
269244,20
269245,0
269246,0
269247,0
269248,0
269249,0
269250,0
269251,0
269252,0
269253,0
269254,29
269255,0
269256,0
269257,0
269258,0
269259,0
269260,16
269261,0
269262,0
269263,22
269264,0
269265,0
269266,0
269267,0
269268,0
269269,0
269270,0
269271,0
269272,0
269273,0
269274,0
269275,0
269276,0
269277,0
269278,23
269279,0
269280,0
269281,0
269282,14
269283,21
269284,19
269285,22
269286,0
269287,0
269288,19
269289,0
269290,0
269291,0
269292,0
269293,0
269294,0
269295,0
269296,0
269297,0
269298,0
269299,20
269300,14
269301,0
269302,0
269303,0
269304,18
269305,19
269306,13
269307,0
269308,0
269309,15
269310,0
269311,0
269312,0
269313,0
269314,0
269315,0
269316,0
269317,0
269318,0
269319,0
269320,0
269321,0
269322,23
269323,0
269324,0
269325,0
269326,0
269327,0
269328,26
269329,0
269330,0
269331,0
269332,0
269333,0
269334,0
269335,0
269336,0
269337,0
269338,0
269339,0
269340,32
269341,0
269342,0
269343,0
269344,0
269345,0
269346,0
269347,0
269348,0
269349,14
269350,0
269351,0
269352,0
269353,0
269354,20
269355,0
269356,0
269357,20
269358,0
269359,0
269360,0
269361,0
269362,0
269363,0
269364,0
269365,0
269366,0
269367,0
269368,0
269369,0
269370,20
269371,0
269372,20
269373,18
269374,0
269375,0
269376,0
269377,0
269378,0
269379,0
269380,0
269381,0
269382,0
269383,0
269384,0
269385,0
269386,0
269387,26
269388,0
269389,0
269390,0
269391,0
269392,0
269393,0
269394,0
269395,0
269396,0
269397,0
269398,0
269399,0
269400,0
269401,0
269402,0
269403,0
269404,0
269405,25
269406,0
269407,0
269408,0
269409,0
269410,26
269411,0
269412,10
269413,10
269414,12
269415,0
269416,0
269417,0
269418,17
269419,0
269420,0
269421,0
269422,0
269423,0
269424,0
269425,0
269426,0
269427,0
269428,0
269429,0
269430,0
269431,22
269432,0
269433,26
269434,12
269435,0
269436,0
269437,0
269438,0
269439,0
269440,0
269441,25
269442,0
269443,0
269444,0
269445,0
269446,0
269447,0
269448,0
269449,0
269450,0
269451,0
269452,0
269453,19
269454,0
269455,0
269456,0
269457,0
269458,26
269459,0
269460,0
269461,0
269462,0
269463,20
269464,0
269465,0
269466,27
269467,0
269468,0
269469,19
269470,0
269471,11
269472,0
269473,0
269474,16
269475,0
269476,0
269477,0
269478,0
269479,0
269480,0
269481,0
269482,0
269483,20
269484,0
269485,0
269486,18
269487,0
269488,0
269489,0
269490,0
269491,0
269492,0
269493,0
269494,0
269495,0
269496,0
269497,17
269498,0
269499,0
269500,0
269501,0
269502,0
269503,0
269504,0
269505,0
269506,0
269507,0
269508,0
269509,0
269510,0
269511,18
269512,0
269513,0
269514,0
269515,0
269516,17
269517,0
269518,22
269519,0
269520,0
269521,24
269522,0
269523,9
269524,0
269525,0
269526,0
269527,0
269528,0
269529,0
269530,0
269531,0
269532,0
269533,0
269534,0
269535,0
269536,0
269537,0
269538,0
269539,0
269540,0
269541,0
269542,0
269543,0
269544,0
269545,0
269546,14
269547,0
269548,0
269549,0
269550,0
269551,0
269552,0
269553,0
269554,30
269555,0
269556,0
269557,13
269558,18
269559,0
269560,0
269561,0
269562,0
269563,10
269564,13
269565,0
269566,0
269567,0
269568,15
269569,0
269570,0
269571,0
269572,0
269573,0
269574,0
269575,0
269576,0
269577,0
269578,0
269579,0
269580,13
269581,0
269582,0
269583,18
269584,11
269585,0
269586,0
269587,0
269588,0
269589,0
269590,0
269591,15
269592,0
269593,19
269594,0
269595,17
269596,0
269597,0
269598,0
269599,0
269600,0
269601,0
269602,0
269603,0
269604,0
269605,0
269606,17
269607,0
269608,0
269609,0
269610,0
269611,0
269612,0
269613,0
269614,0
269615,0
269616,0
269617,0
269618,0
269619,0
269620,0
269621,0
269622,0
269623,0
269624,0
269625,0
269626,22
269627,18
269628,0
269629,0
269630,0
269631,0
269632,12
269633,0
269634,0
269635,0
269636,0
269637,17
269638,0
269639,16
269640,0
269641,0
269642,0
269643,0
269644,0
269645,15
269646,17
269647,0
269648,23
269649,0
269650,23
269651,0
269652,0
269653,0
269654,0
269655,0
269656,10
269657,0
269658,0
269659,0
269660,0
269661,25
269662,0
269663,0
269664,0
269665,0
269666,0
269667,0
269668,0
269669,18
269670,0
269671,0
269672,0
269673,0
269674,0
269675,0
269676,16
269677,0
269678,25
269679,0
269680,0
269681,26
269682,0
269683,0
269684,0
269685,0
269686,0
269687,0
269688,0
269689,0
269690,22
269691,20
269692,0
269693,0
269694,16
269695,0
269696,0
269697,0
269698,0
269699,0
269700,0
269701,0
269702,0
269703,0
269704,0
269705,0
269706,0
269707,12
269708,0
269709,22
269710,0
269711,0
269712,0
269713,0
269714,0
269715,0
269716,0
269717,0
269718,0
269719,0
269720,28
269721,0
269722,0
269723,0
269724,0
269725,0
269726,0
269727,18
269728,0
269729,21
269730,0
269731,0
269732,11
269733,27
269734,0
269735,0
269736,0
269737,0
269738,0
269739,0
269740,0
269741,13
269742,19
269743,17
269744,0
269745,0
269746,0
269747,22
269748,0
269749,0
269750,0
269751,0
269752,21
269753,0
269754,30
269755,0
269756,0
269757,0
269758,26
269759,0
269760,0
269761,0
269762,0
269763,0
269764,0
269765,0
269766,15
269767,0
269768,0
269769,0
269770,0
269771,0
269772,0
269773,0
269774,0
269775,0
269776,0
269777,0
269778,0
269779,0
269780,0
269781,0
269782,0
269783,0
269784,0
269785,0
269786,0
269787,0
269788,0
269789,0
269790,0
269791,0
269792,0
269793,0
269794,0
269795,0
269796,0
269797,0
269798,0
269799,0
269800,0
269801,0
269802,0
269803,0
269804,0
269805,0
269806,0
269807,0
269808,0
269809,0
269810,0
269811,0
269812,0
269813,0
269814,0
269815,0
269816,0
269817,0
269818,0
269819,0
269820,0
269821,0
269822,0
269823,0
269824,0
269825,0
269826,0
269827,0
269828,0
269829,0
269830,0
269831,0
269832,0
269833,0
269834,0
269835,0
269836,0
269837,0
269838,0
269839,0
269840,0
269841,0
269842,0
269843,0
269844,0
269845,0
269846,0
269847,0
269848,0
269849,0
269850,0
269851,0
269852,0
269853,0
269854,0
269855,0
269856,0
269857,0
269858,0
269859,0
269860,0
269861,0
269862,0
269863,0
269864,0
269865,0
269866,0
269867,0
269868,0
269869,0
269870,0
269871,0
269872,0
269873,0
269874,0
269875,0
269876,0
269877,0
269878,0
269879,0
269880,0
269881,0
269882,0
269883,0
269884,0
269885,0
269886,1
269887,0
269888,0
269889,0
269890,0
269891,0
269892,0
269893,0
269894,0
269895,0
269896,0
269897,0
269898,0
269899,0
269900,0
269901,0
269902,0
269903,0
269904,0
269905,0
269906,0
269907,0
269908,0
269909,0
269910,0
269911,0
269912,0
269913,0
269914,0
269915,0
269916,0
269917,0
269918,0
269919,0
269920,0
269921,0
269922,0
269923,0
269924,0
269925,0
269926,0
269927,0
269928,0
269929,0
269930,0
269931,0
269932,0
269933,0
269934,0
269935,0
269936,0
269937,0
269938,0
269939,0
269940,0
269941,0
269942,0
269943,0
269944,0
269945,0
269946,0
269947,0
269948,0
269949,0
269950,0
269951,0
269952,0
269953,0
269954,0
269955,0
269956,0
269957,0
269958,0
269959,0
269960,0
269961,0
269962,0
269963,0
269964,0
269965,0
269966,0
269967,0
269968,0
269969,0
269970,0
269971,0
269972,0
269973,0
269974,0
269975,0
269976,0
269977,0
269978,0
269979,0
269980,0
269981,0
269982,0
269983,0
269984,0
269985,0
269986,0
269987,0
269988,0
269989,0
269990,0
269991,0
269992,0
269993,0
269994,0
269995,0
269996,0
269997,0
269998,0
269999,0
270000,0
270001,0
270002,0
270003,0
270004,0
270005,0
270006,0
270007,0
270008,0
270009,0
270010,0
270011,0
270012,0
270013,0
270014,0
270015,0
270016,0
270017,0
270018,0
270019,0
270020,0
270021,0
270022,0
270023,0
270024,0
270025,0
270026,0
270027,0
270028,0
270029,0
270030,0
270031,0
270032,0
270033,0
270034,0
270035,0
270036,0
270037,0
270038,0
270039,0
270040,0
270041,0
270042,0
270043,0
270044,0
270045,0
270046,0
270047,0
270048,0
270049,0
270050,0
270051,0
270052,0
270053,0
270054,0
270055,0
270056,0
270057,0
270058,0
270059,0
270060,0
270061,0
270062,0
270063,0
270064,0
270065,0
270066,0
270067,0
270068,0
270069,0
270070,0
270071,0
270072,0
270073,0
270074,0
270075,0
270076,0
270077,0
270078,0
270079,0
270080,0
270081,0
270082,0
270083,0
270084,0
270085,0
270086,0
270087,0
270088,0
270089,0
270090,0
270091,0
270092,0
270093,0
270094,0
270095,0
270096,0
270097,0
270098,0
270099,0
270100,0
270101,0
270102,0
270103,0
270104,0
270105,0
270106,0
270107,0
270108,0
270109,0
270110,0
270111,0
270112,0
270113,0
270114,0
270115,0
270116,0
270117,0
270118,0
270119,0
270120,0
270121,0
270122,0
270123,0
270124,0
270125,0
270126,0
270127,0
270128,0
270129,0
270130,0
270131,0
270132,0
270133,0
270134,0
270135,0
270136,0
270137,0
270138,0
270139,0
270140,0
270141,0
270142,0
270143,0
270144,0
270145,0
270146,0
270147,0
270148,0
270149,0
270150,0
270151,0
270152,0
270153,0
270154,0
270155,0
270156,0
270157,0
270158,0
270159,0
270160,0
270161,0
270162,0
270163,0
270164,0
270165,0
270166,0
270167,0
270168,0
270169,0
270170,0
270171,0
270172,0
270173,0
270174,0
270175,0
270176,0
270177,0
270178,0
270179,0
270180,0
270181,0
270182,0
270183,0
270184,0
270185,0
270186,0
270187,1
270188,0
270189,0
270190,0
270191,0
270192,0
270193,0
270194,0
270195,0
270196,0
270197,0
270198,0
270199,0
270200,0
270201,0
270202,0
270203,0
270204,0
270205,0
270206,0
270207,0
270208,0
270209,0
270210,0
270211,0
270212,0
270213,0
270214,0
270215,0
270216,0
270217,0
270218,0
270219,0
270220,0
270221,0
270222,0
270223,0
270224,0
270225,0
270226,0
270227,0
270228,0
270229,0
270230,0
270231,0
270232,0
270233,0
270234,0
270235,0
270236,0
270237,0
270238,0
270239,0
270240,0
270241,0
270242,0
270243,0
270244,0
270245,0
270246,0
270247,0
270248,0
270249,0
270250,0
270251,0
270252,0
270253,0
270254,0
270255,0
270256,0
270257,0
270258,0
270259,0
270260,0
270261,0
270262,0
270263,0
270264,0
270265,0
270266,0
270267,0
270268,0
270269,0
270270,0
270271,0
270272,0
270273,0
270274,0
270275,0
270276,0
270277,0
270278,0
270279,0
270280,0
270281,0
270282,0
270283,0
270284,0
270285,0
270286,0
270287,0
270288,0
270289,0
270290,0
270291,0
270292,0
270293,0
270294,0
270295,0
270296,0
270297,0
270298,0
270299,0
270300,0
270301,0
270302,0
270303,0
270304,0
270305,0
270306,0
270307,0
270308,0
270309,0
270310,0
270311,0
270312,0
270313,0
270314,0
270315,0
270316,0
270317,0
270318,0
270319,0
270320,0
270321,0
270322,0
270323,0
270324,1
270325,0
270326,0
270327,0
270328,0
270329,0
270330,0
270331,0
270332,0
270333,0
270334,0
270335,0
270336,0
270337,0
270338,0
270339,0
270340,0
270341,0
270342,0
270343,0
270344,0
270345,0
270346,0
270347,0
270348,0
270349,0
270350,0
270351,0
270352,0
270353,0
270354,0
270355,0
270356,0
270357,0
270358,0
270359,0
270360,0
270361,0
270362,0
270363,0
270364,0
270365,0
270366,0
270367,0
270368,0
270369,0
270370,0
270371,0
270372,0
270373,0
270374,0
270375,0
270376,0
270377,0
270378,0
270379,0
270380,0
270381,0
270382,0
270383,0
270384,0
270385,0
270386,0
270387,0
270388,0
270389,0
270390,0
270391,0
270392,0
270393,0
270394,0
270395,0
270396,0
270397,0
270398,0
270399,0
270400,0
270401,0
270402,0
270403,0
270404,0
270405,0
270406,0
270407,0
270408,0
270409,0
270410,0
270411,0
270412,0
270413,0
270414,0
270415,0
270416,0
270417,0
270418,0
270419,0
270420,0
270421,0
270422,0
270423,0
270424,0
270425,0
270426,0
270427,0
270428,0
270429,0
270430,0
270431,0
270432,0
270433,0
270434,0
270435,0
270436,0
270437,0
270438,0
270439,0
270440,0
270441,0
270442,0
270443,0
270444,0
270445,0
270446,0
270447,0
270448,0
270449,0
270450,0
270451,0
270452,0
270453,0
270454,0
270455,0
270456,0
270457,0
270458,0
270459,0
270460,0
270461,0
270462,0
270463,0
270464,0
270465,0
270466,0
270467,0
270468,0
270469,0
270470,0
270471,0
270472,0
270473,0
270474,0
270475,0
270476,0
270477,0
270478,0
270479,0
270480,0
270481,0
270482,0
270483,0
270484,0
270485,0
270486,0
270487,0
270488,0
270489,0
270490,0
270491,0
270492,0
270493,0
270494,0
270495,0
270496,0
270497,0
270498,0
270499,0
270500,0
270501,0
270502,0
270503,0
270504,0
270505,0
270506,0
270507,0
270508,0
270509,0
270510,0
270511,0
270512,0
270513,0
270514,0
270515,0
270516,0
270517,0
270518,0
270519,0
270520,0
270521,0
270522,0
270523,0
270524,0
270525,0
270526,0
270527,0
270528,0
270529,0
270530,0
270531,0
270532,0
270533,0
270534,0
270535,0
270536,0
270537,0
270538,0
270539,0
270540,0
270541,0
270542,0
270543,0
270544,0
270545,0
270546,0
270547,0
270548,0
270549,0
270550,0
270551,0
270552,0
270553,0
270554,0
270555,0
270556,0
270557,0
270558,0
270559,0
270560,0
270561,0
270562,0
270563,0
270564,0
270565,0
270566,0
270567,0
270568,0
270569,0
270570,0
270571,0
270572,0
270573,0
270574,0
270575,0
270576,0
270577,0
270578,0
270579,0
270580,0
270581,0
270582,0
270583,0
270584,0
270585,0
270586,0
270587,0
270588,0
270589,0
270590,0
270591,0
270592,0
270593,0
270594,0
270595,0
270596,0
270597,0
270598,0
270599,0
270600,0
270601,0
270602,0
270603,0
270604,0
270605,0
270606,0
270607,0
270608,0
270609,0
270610,0
270611,0
270612,0
270613,0
270614,0
270615,0
270616,0
270617,0
270618,0
270619,0
270620,0
270621,0
270622,0
270623,0
270624,0
270625,0
270626,0
270627,0
270628,0
270629,0
270630,0
270631,1
270632,0
270633,0
270634,0
270635,0
270636,0
270637,0
270638,0
270639,0
270640,0
270641,0
270642,0
270643,0
270644,0
270645,0
270646,0
270647,0
270648,0
270649,0
270650,0
270651,0
270652,0
270653,0
270654,0
270655,0
270656,0
270657,0
270658,0
270659,0
270660,0
270661,0
270662,0
270663,0
270664,0
270665,0
270666,0
270667,0
270668,0
270669,0
270670,0
270671,0
270672,0
270673,0
270674,0
270675,0
270676,0
270677,0
270678,0
270679,0
270680,0
270681,0
270682,0
270683,0
270684,0
270685,0
270686,0
270687,0
270688,0
270689,0
270690,0
270691,0
270692,0
270693,0
270694,0
270695,0
270696,0
270697,0
270698,0
270699,0
270700,0
270701,0
270702,0
270703,0
270704,0
270705,0
270706,0
270707,0
270708,0
270709,0
270710,0
270711,0
270712,0
270713,0
270714,0
270715,0
270716,0
270717,0
270718,0
270719,0
270720,0
270721,0
270722,0
270723,0
270724,0
270725,0
270726,0
270727,0
270728,0
270729,0
270730,0
270731,0
270732,0
270733,0
270734,0
270735,0
270736,0
270737,0
270738,0
270739,0
270740,0
270741,0
270742,0
270743,0
270744,0
270745,0
270746,0
270747,0
270748,0
270749,0
270750,0
270751,0
270752,0
270753,0
270754,0
270755,0
270756,0
270757,0
270758,0
270759,0
270760,0
270761,0
270762,0
270763,0
270764,0
270765,0
270766,0
270767,0
270768,0
270769,0
270770,24
270771,0
270772,0
270773,38
270774,0
270775,0
270776,0
270777,0
270778,0
270779,0
270780,12
270781,19
270782,0
270783,0
270784,0
270785,0
270786,0
270787,0
270788,0
270789,0
270790,0
270791,0
270792,0
270793,0
270794,0
270795,0
270796,0
270797,0
270798,0
270799,0
270800,0
270801,0
270802,0
270803,27
270804,0
270805,0
270806,0
270807,0
270808,0
270809,0
270810,0
270811,21
270812,0
270813,0
270814,0
270815,0
270816,0
270817,0
270818,0
270819,27
270820,0
270821,0
270822,0
270823,0
270824,0
270825,0
270826,0
270827,0
270828,0
270829,0
270830,0
270831,0
270832,32
270833,0
270834,0
270835,0
270836,0
270837,0
270838,0
270839,0
270840,0
270841,12
270842,0
270843,0
270844,0
270845,0
270846,0
270847,0
270848,0
270849,28
270850,0
270851,13
270852,0
270853,0
270854,0
270855,0
270856,23
270857,24
270858,0
270859,0
270860,0
270861,0
270862,0
270863,0
270864,0
270865,0
270866,0
270867,0
270868,0
270869,0
270870,0
270871,0
270872,0
270873,15
270874,0
270875,0
270876,0
270877,0
270878,0
270879,0
270880,0
270881,0
270882,0
270883,32
270884,26
270885,0
270886,31
270887,17
270888,0
270889,0
270890,0
270891,0
270892,0
270893,0
270894,0
270895,0
270896,45
270897,0
270898,0
270899,0
270900,0
270901,19
270902,0
270903,0
270904,0
270905,0
270906,0
270907,0
270908,0
270909,0
270910,0
270911,0
270912,0
270913,0
270914,36
270915,0
270916,0
270917,0
270918,0
270919,0
270920,0
270921,0
270922,0
270923,0
270924,0
270925,0
270926,0
270927,0
270928,0
270929,0
270930,0
270931,0
270932,0
270933,0
270934,0
270935,0
270936,0
270937,0
270938,0
270939,0
270940,0
270941,32
270942,0
270943,0
270944,0
270945,0
270946,0
270947,0
270948,0
270949,0
270950,0
270951,0
270952,0
270953,0
270954,0
270955,0
270956,0
270957,0
270958,0
270959,0
270960,0
270961,0
270962,0
270963,0
270964,0
270965,0
270966,0
270967,0
270968,0
270969,0
270970,0
270971,0
270972,0
270973,0
270974,0
270975,0
270976,0
270977,27
270978,0
270979,0
270980,0
270981,0
270982,0
270983,0
270984,0
270985,0
270986,0
270987,0
270988,0
270989,0
270990,0
270991,0
270992,0
270993,0
270994,0
270995,0
270996,0
270997,0
270998,0
270999,0
271000,0
271001,0
271002,0
271003,0
271004,0
271005,0
271006,0
271007,0
271008,0
271009,0
271010,0
271011,0
271012,0
271013,0
271014,0
271015,0
271016,0
271017,0
271018,0
271019,34
271020,0
271021,0
271022,0
271023,0
271024,0
271025,0
271026,0
271027,22
271028,0
271029,0
271030,0
271031,0
271032,0
271033,0
271034,0
271035,0
271036,0
271037,0
271038,0
271039,0
271040,0
271041,0
271042,0
271043,0
271044,0
271045,0
271046,0
271047,0
271048,0
271049,0
271050,0
271051,0
271052,0
271053,0
271054,0
271055,0
271056,19
271057,0
271058,0
271059,0
271060,0
271061,20
271062,0
271063,0
271064,0
271065,0
271066,0
271067,0
271068,0
271069,0
271070,0
271071,0
271072,0
271073,0
271074,0
271075,0
271076,0
271077,0
271078,0
271079,0
271080,18
271081,0
271082,0
271083,0
271084,0
271085,0
271086,0
271087,0
271088,0
271089,0
271090,0
271091,0
271092,0
271093,0
271094,0
271095,0
271096,0
271097,0
271098,0
271099,0
271100,0
271101,9
271102,0
271103,0
271104,0
271105,0
271106,0
271107,0
271108,0
271109,0
271110,0
271111,0
271112,0
271113,0
271114,0
271115,0
271116,0
271117,0
271118,0
271119,20
271120,0
271121,0
271122,0
271123,0
271124,0
271125,0
271126,0
271127,0
271128,0
271129,0
271130,0
271131,0
271132,0
271133,0
271134,9
271135,0
271136,0
271137,0
271138,0
271139,0
271140,0
271141,0
271142,0
271143,0
271144,0
271145,0
271146,0
271147,0
271148,0
271149,0
271150,0
271151,11
271152,0
271153,0
271154,0
271155,0
271156,0
271157,0
271158,0
271159,0
271160,0
271161,0
271162,0
271163,0
271164,0
271165,0
271166,36
271167,0
271168,34
271169,0
271170,0
271171,0
271172,0
271173,0
271174,14
271175,0
271176,0
271177,0
271178,0
271179,0
271180,0
271181,0
271182,0
271183,0
271184,0
271185,0
271186,0
271187,0
271188,0
271189,0
271190,0
271191,0
271192,0
271193,0
271194,0
271195,0
271196,0
271197,0
271198,0
271199,0
271200,0
271201,0
271202,0
271203,0
271204,0
271205,0
271206,0
271207,0
271208,0
271209,0
271210,0
271211,0
271212,0
271213,0
271214,0
271215,0
271216,0
271217,0
271218,0
271219,0
271220,0
271221,0
271222,0
271223,0
271224,0
271225,0
271226,0
271227,0
271228,0
271229,0
271230,0
271231,0
271232,0
271233,0
271234,0
271235,0
271236,0
271237,0
271238,0
271239,0
271240,0
271241,0
271242,0
271243,0
271244,0
271245,0
271246,0
271247,0
271248,0
271249,0
271250,0
271251,0
271252,0
271253,0
271254,0
271255,0
271256,0
271257,0
271258,0
271259,0
271260,0
271261,0
271262,0
271263,0
271264,0
271265,0
271266,0
271267,0
271268,0
271269,0
271270,0
271271,0
271272,0
271273,0
271274,0
271275,0
271276,0
271277,0
271278,0
271279,0
271280,0
271281,0
271282,0
271283,0
271284,0
271285,0
271286,0
271287,0
271288,0
271289,0
271290,0
271291,0
271292,0
271293,0
271294,0
271295,0
271296,0
271297,0
271298,0
271299,0
271300,0
271301,0
271302,0
271303,0
271304,0
271305,0
271306,0
271307,1
271308,0
271309,0
271310,0
271311,0
271312,0
271313,0
271314,0
271315,1
271316,0
271317,0
271318,0
271319,0
271320,0
271321,0
271322,0
271323,0
271324,0
271325,0
271326,0
271327,0
271328,0
271329,0
271330,0
271331,0
271332,0
271333,0
271334,0
271335,0
271336,0
271337,0
271338,0
271339,0
271340,0
271341,0
271342,0
271343,0
271344,0
271345,0
271346,0
271347,0
271348,0
271349,0
271350,0
271351,0
271352,0
271353,0
271354,0
271355,0
271356,0
271357,0
271358,0
271359,0
271360,0
271361,0
271362,0
271363,0
271364,0
271365,0
271366,0
271367,0
271368,0
271369,0
271370,0
271371,0
271372,0
271373,0
271374,0
271375,0
271376,0
271377,0
271378,0
271379,0
271380,0
271381,0
271382,0
271383,0
271384,0
271385,0
271386,0
271387,0
271388,0
271389,0
271390,0
271391,0
271392,0
271393,0
271394,0
271395,0
271396,0
271397,0
271398,0
271399,0
271400,0
271401,0
271402,0
271403,0
271404,0
271405,0
271406,0
271407,0
271408,0
271409,0
271410,0
271411,0
271412,0
271413,0
271414,0
271415,0
271416,0
271417,0
271418,0
271419,0
271420,0
271421,0
271422,0
271423,0
271424,0
271425,0
271426,0
271427,0
271428,0
271429,0
271430,0
271431,0
271432,0
271433,0
271434,0
271435,0
271436,0
271437,0
271438,0
271439,0
271440,0
271441,0
271442,0
271443,0
271444,0
271445,0
271446,0
271447,0
271448,0
271449,0
271450,0
271451,0
271452,0
271453,0
271454,0
271455,0
271456,0
271457,0
271458,0
271459,0
271460,0
271461,0
271462,0
271463,0
271464,0
271465,0
271466,0
271467,0
271468,0
271469,0
271470,0
271471,0
271472,0
271473,0
271474,0
271475,0
271476,0
271477,0
271478,0
271479,0
271480,0
271481,0
271482,0
271483,0
271484,0
271485,0
271486,0
271487,0
271488,0
271489,0
271490,0
271491,0
271492,0
271493,0
271494,0
271495,0
271496,0
271497,0
271498,0
271499,0
271500,0
271501,0
271502,0
271503,0
271504,0
271505,0
271506,0
271507,0
271508,0
271509,0
271510,0
271511,0
271512,0
271513,0
271514,0
271515,0
271516,0
271517,0
271518,0
271519,0
271520,0
271521,0
271522,0
271523,0
271524,0
271525,0
271526,0
271527,0
271528,0
271529,0
271530,0
271531,0
271532,0
271533,0
271534,0
271535,0
271536,0
271537,0
271538,0
271539,0
271540,0
271541,0
271542,0
271543,0
271544,0
271545,0
271546,0
271547,0
271548,0
271549,0
271550,0
271551,0
271552,0
271553,0
271554,0
271555,0
271556,0
271557,0
271558,0
271559,0
271560,0
271561,0
271562,0
271563,0
271564,0
271565,0
271566,0
271567,0
271568,0
271569,0
271570,0
271571,0
271572,0
271573,0
271574,0
271575,0
271576,0
271577,0
271578,0
271579,0
271580,0
271581,0
271582,0
271583,0
271584,0
271585,0
271586,0
271587,0
271588,0
271589,0
271590,0
271591,0
271592,0
271593,0
271594,0
271595,0
271596,0
271597,0
271598,0
271599,0
271600,0
271601,0
271602,0
271603,0
271604,0
271605,0
271606,0
271607,0
271608,0
271609,0
271610,0
271611,0
271612,0
271613,0
271614,0
271615,0
271616,0
271617,0
271618,0
271619,0
271620,0
271621,0
271622,0
271623,0
271624,0
271625,0
271626,0
271627,0
271628,0
271629,0
271630,0
271631,0
271632,0
271633,0
271634,0
271635,0
271636,0
271637,0
271638,0
271639,0
271640,0
271641,0
271642,0
271643,0
271644,0
271645,0
271646,0
271647,0
271648,0
271649,0
271650,0
271651,0
271652,0
271653,0
271654,0
271655,0
271656,0
271657,0
271658,0
271659,0
271660,0
271661,0
271662,0
271663,0
271664,0
271665,0
271666,0
271667,0
271668,0
271669,0
271670,0
271671,0
271672,0
271673,0
271674,0
271675,0
271676,0
271677,0
271678,0
271679,0
271680,0
271681,0
271682,0
271683,0
271684,0
271685,0
271686,0
271687,0
271688,0
271689,0
271690,0
271691,0
271692,0
271693,0
271694,0
271695,0
271696,0
271697,0
271698,0
271699,0
271700,0
271701,0
271702,0
271703,0
271704,0
271705,0
271706,0
271707,0
271708,0
271709,0
271710,0
271711,0
271712,0
271713,0
271714,0
271715,0
271716,0
271717,0
271718,0
271719,0
271720,0
271721,0
271722,0
271723,0
271724,0
271725,0
271726,0
271727,0
271728,0
271729,0
271730,0
271731,0
271732,0
271733,0
271734,0
271735,0
271736,0
271737,0
271738,1
271739,0
271740,0
271741,0
271742,0
271743,0
271744,0
271745,0
271746,0
271747,0
271748,0
271749,0
271750,0
271751,0
271752,0
271753,0
271754,0
271755,0
271756,0
271757,0
271758,0
271759,0
271760,0
271761,0
271762,0
271763,0
271764,0
271765,0
271766,0
271767,0
271768,0
271769,0
271770,0
271771,0
271772,0
271773,0
271774,0
271775,0
271776,0
271777,0
271778,0
271779,0
271780,0
271781,0
271782,0
271783,0
271784,0
271785,0
271786,0
271787,0
271788,0
271789,0
271790,0
271791,0
271792,0
271793,0
271794,0
271795,0
271796,0
271797,0
271798,0
271799,0
271800,0
271801,0
271802,0
271803,0
271804,0
271805,0
271806,0
271807,0
271808,0
271809,0
271810,0
271811,0
271812,0
271813,0
271814,0
271815,0
271816,0
271817,0
271818,0
271819,0
271820,0
271821,0
271822,0
271823,0
271824,0
271825,0
271826,0
271827,0
271828,0
271829,0
271830,0
271831,0
271832,0
271833,0
271834,0
271835,0
271836,0
271837,0
271838,0
271839,0
271840,0
271841,0
271842,0
271843,0
271844,0
271845,0
271846,0
271847,0
271848,0
271849,0
271850,0
271851,0
271852,0
271853,0
271854,0
271855,0
271856,0
271857,0
271858,0
271859,0
271860,0
271861,0
271862,0
271863,0
271864,0
271865,0
271866,0
271867,0
271868,0
271869,0
271870,0
271871,0
271872,0
271873,0
271874,0
271875,0
271876,0
271877,0
271878,0
271879,0
271880,0
271881,0
271882,0
271883,0
271884,0
271885,0
271886,0
271887,0
271888,0
271889,0
271890,0
271891,0
271892,41
271893,0
271894,0
271895,0
271896,0
271897,0
271898,0
271899,0
271900,0
271901,0
271902,0
271903,0
271904,0
271905,21
271906,0
271907,0
271908,0
271909,30
271910,0
271911,0
271912,0
271913,0
271914,0
271915,39
271916,0
271917,0
271918,34
271919,0
271920,36
271921,0
271922,0
271923,0
271924,0
271925,0
271926,0
271927,0
271928,0
271929,0
271930,43
271931,0
271932,0
271933,31
271934,0
271935,0
271936,0
271937,0
271938,0
271939,27
271940,0
271941,0
271942,31
271943,0
271944,0
271945,0
271946,0
271947,27
271948,0
271949,0
271950,0
271951,0
271952,0
271953,31
271954,0
271955,0
271956,0
271957,0
271958,0
271959,50
271960,0
271961,0
271962,0
271963,0
271964,0
271965,0
271966,34
271967,0
271968,0
271969,0
271970,0
271971,0
271972,0
271973,0
271974,0
271975,0
271976,0
271977,0
271978,0
271979,0
271980,0
271981,0
271982,46
271983,0
271984,0
271985,0
271986,0
271987,0
271988,29
271989,0
271990,0
271991,0
271992,0
271993,0
271994,0
271995,0
271996,0
271997,0
271998,0
271999,0
272000,0
272001,0
272002,0
272003,0
272004,0
272005,0
272006,0
272007,39
272008,0
272009,0
272010,0
272011,0
272012,0
272013,0
272014,0
272015,0
272016,0
272017,0
272018,0
272019,0
272020,0
272021,0
272022,0
272023,0
272024,0
272025,37
272026,0
272027,28
272028,0
272029,0
272030,0
272031,32
272032,30
272033,0
272034,28
272035,0
272036,0
272037,0
272038,0
272039,0
272040,0
272041,0
272042,0
272043,0
272044,25
272045,28
272046,0
272047,0
272048,0
272049,0
272050,0
272051,0
272052,0
272053,0
272054,0
272055,0
272056,0
272057,0
272058,0
272059,0
272060,0
272061,26
272062,0
272063,0
272064,0
272065,0
272066,0
272067,0
272068,0
272069,0
272070,31
272071,33
272072,0
272073,0
272074,0
272075,0
272076,27
272077,0
272078,0
272079,29
272080,0
272081,0
272082,0
272083,58
272084,0
272085,0
272086,0
272087,0
272088,0
272089,0
272090,0
272091,0
272092,0
272093,0
272094,25
272095,0
272096,0
272097,0
272098,0
272099,0
272100,34
272101,0
272102,0
272103,0
272104,36
272105,0
272106,0
272107,40
272108,38
272109,0
272110,41
272111,0
272112,0
272113,0
272114,0
272115,0
272116,0
272117,0
272118,0
272119,0
272120,28
272121,0
272122,0
272123,0
272124,0
272125,34
272126,0
272127,0
272128,0
272129,0
272130,0
272131,0
272132,0
272133,0
272134,0
272135,0
272136,0
272137,0
272138,0
272139,25
272140,0
272141,33
272142,0
272143,0
272144,0
272145,0
272146,0
272147,0
272148,0
272149,30
272150,24
272151,0
272152,0
272153,0
272154,0
272155,0
272156,0
272157,0
272158,0
272159,0
272160,0
272161,0
272162,0
272163,0
272164,27
272165,0
272166,21
272167,0
272168,0
272169,0
272170,0
272171,0
272172,31
272173,0
272174,0
272175,0
272176,29
272177,0
272178,0
272179,28
272180,0
272181,0
272182,0
272183,0
272184,0
272185,0
272186,0
272187,41
272188,0
272189,0
272190,0
272191,38
272192,0
272193,0
272194,0
272195,0
272196,0
272197,0
272198,0
272199,0
272200,0
272201,0
272202,0
272203,0
272204,0
272205,0
272206,31
272207,26
272208,0
272209,0
272210,0
272211,0
272212,30
272213,0
272214,0
272215,34
272216,0
272217,0
272218,0
272219,32
272220,0
272221,0
272222,0
272223,0
272224,0
272225,0
272226,36
272227,0
272228,0
272229,0
272230,0
272231,0
272232,0
272233,30
272234,0
272235,0
272236,0
272237,0
272238,0
272239,0
272240,0
272241,0
272242,35
272243,0
272244,0
272245,0
272246,0
272247,0
272248,0
272249,0
272250,0
272251,0
272252,0
272253,0
272254,0
272255,0
272256,0
272257,0
272258,21
272259,39
272260,0
272261,0
272262,0
272263,0
272264,39
272265,0
272266,0
272267,0
272268,0
272269,0
272270,0
272271,43
272272,0
272273,0
272274,0
272275,0
272276,0
272277,0
272278,0
272279,0
272280,0
272281,0
272282,50
272283,0
272284,31
272285,0
272286,34
272287,34
272288,20
272289,0
272290,0
272291,0
272292,31
272293,0
272294,34
272295,0
272296,0
272297,0
272298,0
272299,0
272300,0
272301,0
272302,0
272303,0
272304,0
272305,31
272306,0
272307,0
272308,0
272309,0
272310,0
272311,0
272312,0
272313,0
272314,0
272315,0
272316,44
272317,26
272318,0
272319,0
272320,0
272321,0
272322,0
272323,0
272324,0
272325,0
272326,0
272327,0
272328,0
272329,0
272330,36
272331,0
272332,0
272333,32
272334,0
272335,0
272336,0
272337,0
272338,0
272339,29
272340,0
272341,0
272342,0
272343,0
272344,0
272345,0
272346,29
272347,0
272348,30
272349,38
272350,0
272351,0
272352,0
272353,0
272354,0
272355,0
272356,0
272357,0
272358,0
272359,33
272360,0
272361,48
272362,0
272363,0
272364,27
272365,0
272366,0
272367,0
272368,0
272369,0
272370,41
272371,0
272372,35
272373,0
272374,0
272375,0
272376,0
272377,0
272378,43
272379,0
272380,0
272381,0
272382,0
272383,0
272384,0
272385,0
272386,0
272387,42
272388,0
272389,0
272390,0
272391,0
272392,0
272393,0
272394,24
272395,0
272396,0
272397,0
272398,0
272399,0
272400,0
272401,0
272402,0
272403,0
272404,33
272405,0
272406,0
272407,0
272408,0
272409,0
272410,37
272411,0
272412,26
272413,0
272414,0
272415,0
272416,0
272417,0
272418,39
272419,0
272420,0
272421,0
272422,0
272423,0
272424,0
272425,0
272426,0
272427,0
272428,0
272429,0
272430,0
272431,0
272432,0
272433,0
272434,33
272435,0
272436,0
272437,0
272438,0
272439,0
272440,0
272441,0
272442,0
272443,0
272444,0
272445,0
272446,0
272447,0
272448,0
272449,0
272450,0
272451,0
272452,0
272453,41
272454,0
272455,0
272456,0
272457,0
272458,0
272459,0
272460,53
272461,0
272462,0
272463,0
272464,0
272465,0
272466,0
272467,0
272468,0
272469,0
272470,37
272471,0
272472,0
272473,0
272474,0
272475,0
272476,33
272477,39
272478,0
272479,0
272480,0
272481,0
272482,0
272483,0
272484,0
272485,0
272486,2
272487,0
272488,0
272489,1
272490,0
272491,0
272492,0
272493,0
272494,0
272495,0
272496,0
272497,0
272498,0
272499,0
272500,0
272501,0
272502,0
272503,0
272504,0
272505,0
272506,0
272507,0
272508,0
272509,0
272510,0
272511,0
272512,0
272513,0
272514,0
272515,0
272516,0
272517,0
272518,0
272519,0
272520,0
272521,0
272522,0
272523,0
272524,0
272525,0
272526,0
272527,3
272528,0
272529,0
272530,0
272531,0
272532,0
272533,0
272534,0
272535,5
272536,0
272537,6
272538,0
272539,0
272540,0
272541,0
272542,0
272543,4
272544,0
272545,0
272546,6
272547,0
272548,0
272549,0
272550,5
272551,0
272552,0
272553,0
272554,0
272555,0
272556,0
272557,0
272558,0
272559,0
272560,0
272561,0
272562,0
272563,0
272564,0
272565,0
272566,0
272567,0
272568,0
272569,0
272570,0
272571,6
272572,5
272573,3
272574,0
272575,0
272576,0
272577,0
272578,0
272579,0
272580,0
272581,0
272582,2
272583,0
272584,0
272585,0
272586,0
272587,0
272588,3
272589,0
272590,0
272591,0
272592,0
272593,0
272594,0
272595,0
272596,0
272597,0
272598,0
272599,8
272600,0
272601,0
272602,0
272603,0
272604,0
272605,0
272606,0
272607,0
272608,4
272609,0
272610,0
272611,0
272612,0
272613,0
272614,0
272615,0
272616,0
272617,5
272618,0
272619,3
272620,0
272621,0
272622,0
272623,0
272624,0
272625,0
272626,0
272627,0
272628,0
272629,2
272630,0
272631,0
272632,0
272633,0
272634,0
272635,0
272636,0
272637,0
272638,0
272639,7
272640,0
272641,0
272642,0
272643,0
272644,0
272645,0
272646,5
272647,0
272648,0
272649,0
272650,0
272651,0
272652,0
272653,0
272654,0
272655,0
272656,0
272657,0
272658,0
272659,0
272660,9
272661,0
272662,0
272663,4
272664,0
272665,0
272666,0
272667,0
272668,0
272669,0
272670,0
272671,0
272672,0
272673,0
272674,4
272675,0
272676,0
272677,0
272678,6
272679,0
272680,0
272681,0
272682,0
272683,0
272684,0
272685,0
272686,0
272687,0
272688,0
272689,0
272690,0
272691,6
272692,0
272693,0
272694,0
272695,0
272696,0
272697,0
272698,0
272699,0
272700,2
272701,0
272702,0
272703,0
272704,0
272705,0
272706,0
272707,0
272708,3
272709,0
272710,0
272711,0
272712,0
272713,7
272714,0
272715,0
272716,0
272717,0
272718,0
272719,5
272720,0
272721,0
272722,0
272723,0
272724,0
272725,0
272726,0
272727,0
272728,0
272729,0
272730,0
272731,0
272732,0
272733,0
272734,0
272735,5
272736,0
272737,7
272738,0
272739,0
272740,0
272741,0
272742,0
272743,0
272744,0
272745,0
272746,7
272747,0
272748,0
272749,0
272750,0
272751,3
272752,0
272753,0
272754,0
272755,0
272756,0
272757,0
272758,0
272759,0
272760,0
272761,0
272762,0
272763,0
272764,5
272765,4
272766,0
272767,0
272768,0
272769,0
272770,0
272771,0
272772,0
272773,2
272774,0
272775,0
272776,0
272777,0
272778,4
272779,0
272780,0
272781,0
272782,2
272783,0
272784,0
272785,0
272786,0
272787,0
272788,0
272789,5
272790,0
272791,0
272792,0
272793,0
272794,0
272795,0
272796,0
272797,0
272798,0
272799,0
272800,0
272801,0
272802,0
272803,0
272804,0
272805,0
272806,0
272807,0
272808,3
272809,0
272810,0
272811,0
272812,0
272813,0
272814,5
272815,4
272816,0
272817,0
272818,0
272819,0
272820,0
272821,2
272822,0
272823,0
272824,0
272825,0
272826,0
272827,0
272828,0
272829,0
272830,0
272831,0
272832,0
272833,0
272834,0
272835,4
272836,0
272837,0
272838,0
272839,0
272840,0
272841,0
272842,3
272843,0
272844,0
272845,0
272846,0
272847,0
272848,0
272849,2
272850,0
272851,0
272852,0
272853,0
272854,0
272855,0
272856,3
272857,0
272858,0
272859,0
272860,0
272861,0
272862,0
272863,0
272864,8
272865,0
272866,0
272867,0
272868,4
272869,0
272870,0
272871,0
272872,0
272873,0
272874,0
272875,0
272876,2
272877,0
272878,0
272879,0
272880,0
272881,23
272882,0
272883,0
272884,15
272885,0
272886,21
272887,0
272888,0
272889,18
272890,16
272891,0
272892,21
272893,24
272894,0
272895,0
272896,0
272897,0
272898,0
272899,0
272900,0
272901,0
272902,0
272903,0
272904,0
272905,0
272906,0
272907,0
272908,0
272909,0
272910,0
272911,27
272912,0
272913,0
272914,0
272915,27
272916,0
272917,0
272918,0
272919,0
272920,21
272921,0
272922,0
272923,0
272924,33
272925,0
272926,0
272927,0
272928,0
272929,0
272930,0
272931,0
272932,0
272933,14
272934,23
272935,22
272936,0
272937,18
272938,0
272939,0
272940,0
272941,0
272942,0
272943,0
272944,0
272945,0
272946,0
272947,0
272948,0
272949,0
272950,0
272951,0
272952,0
272953,0
272954,0
272955,22
272956,0
272957,0
272958,0
272959,0
272960,0
272961,0
272962,0
272963,0
272964,0
272965,0
272966,0
272967,0
272968,0
272969,0
272970,0
272971,0
272972,0
272973,0
272974,0
272975,0
272976,20
272977,0
272978,0
272979,0
272980,0
272981,0
272982,0
272983,0
272984,0
272985,0
272986,0
272987,0
272988,0
272989,0
272990,17
272991,0
272992,0
272993,0
272994,0
272995,0
272996,0
272997,0
272998,0
272999,0
273000,0
273001,0
273002,0
273003,0
273004,0
273005,0
273006,0
273007,0
273008,0
273009,0
273010,0
273011,26
273012,0
273013,0
273014,0
273015,0
273016,0
273017,0
273018,0
273019,0
273020,0
273021,0
273022,0
273023,0
273024,0
273025,0
273026,0
273027,0
273028,0
273029,0
273030,0
273031,0
273032,0
273033,0
273034,0
273035,17
273036,0
273037,0
273038,23
273039,0
273040,0
273041,0
273042,0
273043,0
273044,0
273045,0
273046,0
273047,0
273048,0
273049,0
273050,0
273051,0
273052,0
273053,0
273054,0
273055,0
273056,0
273057,0
273058,0
273059,19
273060,0
273061,0
273062,0
273063,0
273064,0
273065,14
273066,0
273067,0
273068,0
273069,0
273070,0
273071,0
273072,22
273073,0
273074,0
273075,0
273076,0
273077,0
273078,0
273079,0
273080,0
273081,0
273082,27
273083,0
273084,0
273085,0
273086,0
273087,0
273088,0
273089,0
273090,0
273091,0
273092,0
273093,0
273094,0
273095,0
273096,0
273097,15
273098,23
273099,0
273100,0
273101,0
273102,0
273103,8
273104,0
273105,0
273106,15
273107,0
273108,0
273109,0
273110,0
273111,0
273112,0
273113,0
273114,0
273115,18
273116,19
273117,0
273118,0
273119,0
273120,0
273121,0
273122,0
273123,0
273124,0
273125,18
273126,0
273127,0
273128,0
273129,0
273130,0
273131,18
273132,0
273133,0
273134,0
273135,0
273136,0
273137,0
273138,0
273139,0
273140,22
273141,0
273142,0
273143,0
273144,0
273145,0
273146,9
273147,0
273148,16
273149,0
273150,20
273151,22
273152,0
273153,0
273154,0
273155,0
273156,0
273157,0
273158,0
273159,14
273160,0
273161,0
273162,15
273163,0
273164,0
273165,0
273166,15
273167,0
273168,0
273169,0
273170,0
273171,0
273172,0
273173,0
273174,0
273175,0
273176,0
273177,0
273178,0
273179,0
273180,0
273181,0
273182,14
273183,0
273184,0
273185,0
273186,0
273187,24
273188,0
273189,0
273190,0
273191,0
273192,0
273193,0
273194,0
273195,0
273196,0
273197,0
273198,0
273199,0
273200,0
273201,0
273202,0
273203,0
273204,0
273205,0
273206,0
273207,0
273208,0
273209,0
273210,0
273211,0
273212,0
273213,0
273214,0
273215,0
273216,19
273217,0
273218,0
273219,0
273220,0
273221,0
273222,0
273223,0
273224,0
273225,0
273226,0
273227,0
273228,0
273229,0
273230,16
273231,0
273232,0
273233,0
273234,0
273235,0
273236,0
273237,0
273238,15
273239,0
273240,0
273241,0
273242,0
273243,0
273244,0
273245,0
273246,0
273247,0
273248,0
273249,12
273250,0
273251,0
273252,0
273253,0
273254,25
273255,22
273256,0
273257,0
273258,0
273259,0
273260,0
273261,0
273262,0
273263,0
273264,0
273265,0
273266,0
273267,0
273268,0
273269,0
273270,0
273271,0
273272,0
273273,10
273274,0
273275,0
273276,0
273277,0
273278,0
273279,0
273280,0
273281,0
273282,0
273283,0
273284,0
273285,21
273286,0
273287,0
273288,0
273289,0
273290,0
273291,0
273292,0
273293,0
273294,0
273295,0
273296,0
273297,17
273298,0
273299,0
273300,0
273301,0
273302,0
273303,0
273304,0
273305,0
273306,0
273307,0
273308,0
273309,0
273310,0
273311,0
273312,0
273313,0
273314,0
273315,0
273316,0
273317,0
273318,0
273319,0
273320,0
273321,0
273322,0
273323,0
273324,0
273325,0
273326,0
273327,0
273328,0
273329,0
273330,0
273331,0
273332,0
273333,0
273334,0
273335,0
273336,0
273337,0
273338,0
273339,0
273340,13
273341,0
273342,0
273343,0
273344,0
273345,0
273346,0
273347,0
273348,0
273349,0
273350,0
273351,0
273352,0
273353,0
273354,11
273355,0
273356,0
273357,0
273358,7
273359,0
273360,0
273361,0
273362,0
273363,0
273364,0
273365,0
273366,0
273367,0
273368,0
273369,0
273370,0
273371,0
273372,0
273373,0
273374,0
273375,0
273376,10
273377,0
273378,0
273379,0
273380,0
273381,0
273382,0
273383,0
273384,0
273385,0
273386,0
273387,0
273388,0
273389,0
273390,0
273391,0
273392,11
273393,0
273394,0
273395,0
273396,0
273397,0
273398,0
273399,0
273400,0
273401,0
273402,0
273403,0
273404,0
273405,0
273406,0
273407,0
273408,0
273409,0
273410,0
273411,16
273412,0
273413,0
273414,0
273415,0
273416,0
273417,0
273418,0
273419,0
273420,0
273421,18
273422,0
273423,0
273424,0
273425,0
273426,0
273427,0
273428,0
273429,0
273430,0
273431,0
273432,0
273433,0
273434,0
273435,0
273436,0
273437,0
273438,0
273439,0
273440,0
273441,0
273442,18
273443,0
273444,0
273445,0
273446,0
273447,0
273448,0
273449,0
273450,0
273451,0
273452,17
273453,0
273454,0
273455,0
273456,0
273457,0
273458,0
273459,0
273460,0
273461,0
273462,0
273463,25
273464,0
273465,20
273466,0
273467,0
273468,0
273469,0
273470,0
273471,18
273472,0
273473,0
273474,0
273475,21
273476,0
273477,0
273478,0
273479,0
273480,15
273481,0
273482,0
273483,0
273484,18
273485,0
273486,0
273487,0
273488,0
273489,0
273490,0
273491,0
273492,0
273493,0
273494,0
273495,0
273496,0
273497,0
273498,0
273499,0
273500,13
273501,0
273502,0
273503,0
273504,0
273505,0
273506,0
273507,17
273508,0
273509,0
273510,0
273511,0
273512,0
273513,0
273514,0
273515,0
273516,0
273517,9
273518,0
273519,0
273520,0
273521,0
273522,0
273523,0
273524,0
273525,0
273526,0
273527,0
273528,0
273529,0
273530,0
273531,0
273532,0
273533,0
273534,20
273535,0
273536,0
273537,0
273538,0
273539,21
273540,0
273541,0
273542,0
273543,0
273544,0
273545,0
273546,0
273547,0
273548,14
273549,0
273550,0
273551,0
273552,0
273553,0
273554,0
273555,0
273556,0
273557,0
273558,0
273559,15
273560,0
273561,0
273562,0
273563,0
273564,0
273565,0
273566,0
273567,0
273568,0
273569,0
273570,0
273571,0
273572,0
273573,0
273574,0
273575,0
273576,0
273577,0
273578,0
273579,0
273580,0
273581,27
273582,0
273583,0
273584,0
273585,0
273586,0
273587,0
273588,0
273589,0
273590,0
273591,0
273592,0
273593,0
273594,0
273595,0
273596,0
273597,10
273598,20
273599,0
273600,0
273601,0
273602,0
273603,0
273604,0
273605,0
273606,0
273607,0
273608,0
273609,0
273610,0
273611,0
273612,0
273613,0
273614,1
273615,0
273616,0
273617,0
273618,0
273619,0
273620,0
273621,0
273622,0
273623,0
273624,0
273625,0
273626,0
273627,0
273628,0
273629,0
273630,0
273631,0
273632,0
273633,0
273634,0
273635,0
273636,0
273637,0
273638,0
273639,0
273640,0
273641,0
273642,0
273643,0
273644,0
273645,0
273646,0
273647,0
273648,0
273649,0
273650,0
273651,0
273652,0
273653,0
273654,0
273655,0
273656,0
273657,0
273658,0
273659,0
273660,0
273661,0
273662,0
273663,0
273664,0
273665,0
273666,0
273667,0
273668,0
273669,0
273670,0
273671,0
273672,0
273673,0
273674,0
273675,0
273676,0
273677,0
273678,0
273679,0
273680,0
273681,0
273682,0
273683,0
273684,1
273685,0
273686,0
273687,0
273688,0
273689,0
273690,0
273691,0
273692,0
273693,0
273694,0
273695,0
273696,0
273697,0
273698,0
273699,0
273700,0
273701,0
273702,0
273703,0
273704,0
273705,0
273706,0
273707,0
273708,0
273709,0
273710,0
273711,0
273712,0
273713,0
273714,0
273715,0
273716,0
273717,0
273718,0
273719,0
273720,0
273721,0
273722,0
273723,0
273724,0
273725,0
273726,0
273727,0
273728,0
273729,0
273730,0
273731,0
273732,0
273733,0
273734,0
273735,0
273736,0
273737,0
273738,0
273739,0
273740,0
273741,0
273742,0
273743,0
273744,0
273745,0
273746,0
273747,0
273748,0
273749,0
273750,0
273751,0
273752,0
273753,0
273754,0
273755,0
273756,0
273757,0
273758,0
273759,0
273760,0
273761,0
273762,0
273763,0
273764,0
273765,0
273766,0
273767,0
273768,0
273769,0
273770,0
273771,0
273772,0
273773,0
273774,0
273775,0
273776,0
273777,0
273778,0
273779,0
273780,0
273781,0
273782,0
273783,0
273784,0
273785,0
273786,0
273787,0
273788,0
273789,0
273790,0
273791,0
273792,0
273793,0
273794,0
273795,0
273796,0
273797,0
273798,0
273799,0
273800,0
273801,1
273802,0
273803,0
273804,0
273805,0
273806,0
273807,0
273808,0
273809,0
273810,0
273811,0
273812,0
273813,0
273814,0
273815,0
273816,0
273817,0
273818,0
273819,0
273820,0
273821,0
273822,0
273823,0
273824,0
273825,0
273826,0
273827,0
273828,0
273829,0
273830,0
273831,0
273832,0
273833,0
273834,0
273835,0
273836,0
273837,0
273838,0
273839,0
273840,0
273841,0
273842,0
273843,0
273844,0
273845,0
273846,0
273847,0
273848,0
273849,0
273850,0
273851,0
273852,0
273853,0
273854,0
273855,0
273856,0
273857,0
273858,0
273859,0
273860,0
273861,0
273862,0
273863,0
273864,0
273865,0
273866,0
273867,0
273868,0
273869,0
273870,0
273871,0
273872,0
273873,0
273874,0
273875,0
273876,0
273877,0
273878,0
273879,0
273880,0
273881,0
273882,0
273883,0
273884,0
273885,0
273886,0
273887,0
273888,0
273889,0
273890,0
273891,0
273892,0
273893,0
273894,0
273895,0
273896,0
273897,0
273898,0
273899,0
273900,0
273901,0
273902,0
273903,0
273904,0
273905,0
273906,0
273907,0
273908,0
273909,0
273910,0
273911,1
273912,0
273913,0
273914,0
273915,0
273916,0
273917,0
273918,0
273919,0
273920,0
273921,0
273922,0
273923,0
273924,0
273925,0
273926,0
273927,0
273928,0
273929,0
273930,0
273931,0
273932,0
273933,0
273934,0
273935,0
273936,0
273937,0
273938,0
273939,0
273940,0
273941,0
273942,0
273943,0
273944,0
273945,0
273946,0
273947,0
273948,0
273949,0
273950,0
273951,0
273952,0
273953,0
273954,0
273955,0
273956,0
273957,0
273958,0
273959,0
273960,0
273961,0
273962,0
273963,0
273964,0
273965,0
273966,0
273967,0
273968,0
273969,0
273970,0
273971,0
273972,1
273973,0
273974,0
273975,0
273976,0
273977,0
273978,0
273979,0
273980,0
273981,0
273982,0
273983,0
273984,0
273985,0
273986,0
273987,0
273988,0
273989,0
273990,0
273991,0
273992,0
273993,0
273994,0
273995,0
273996,0
273997,0
273998,0
273999,0
274000,0
274001,0
274002,0
274003,0
274004,0
274005,0
274006,0
274007,0
274008,0
274009,0
274010,0
274011,0
274012,0
274013,0
274014,0
274015,0
274016,0
274017,0
274018,0
274019,0
274020,0
274021,0
274022,0
274023,0
274024,0
274025,0
274026,0
274027,0
274028,0
274029,0
274030,0
274031,0
274032,0
274033,0
274034,0
274035,0
274036,0
274037,0
274038,0
274039,0
274040,0
274041,0
274042,0
274043,0
274044,0
274045,0
274046,0
274047,0
274048,0
274049,0
274050,0
274051,0
274052,0
274053,0
274054,0
274055,0
274056,0
274057,0
274058,0
274059,0
274060,0
274061,0
274062,0
274063,0
274064,0
274065,0
274066,0
274067,0
274068,0
274069,0
274070,0
274071,0
274072,0
274073,0
274074,0
274075,0
274076,0
274077,0
274078,0
274079,0
274080,0
274081,0
274082,0
274083,0
274084,0
274085,0
274086,0
274087,0
274088,0
274089,0
274090,0
274091,0
274092,0
274093,0
274094,0
274095,0
274096,0
274097,0
274098,0
274099,1
274100,0
274101,1
274102,0
274103,0
274104,0
274105,0
274106,0
274107,0
274108,0
274109,0
274110,0
274111,0
274112,0
274113,0
274114,0
274115,0
274116,0
274117,0
274118,0
274119,0
274120,0
274121,0
274122,0
274123,0
274124,0
274125,0
274126,0
274127,0
274128,0
274129,0
274130,0
274131,0
274132,0
274133,0
274134,0
274135,0
274136,0
274137,0
274138,0
274139,0
274140,0
274141,0
274142,0
274143,0
274144,0
274145,0
274146,0
274147,0
274148,0
274149,0
274150,0
274151,0
274152,0
274153,0
274154,0
274155,0
274156,0
274157,0
274158,0
274159,0
274160,0
274161,0
274162,0
274163,0
274164,0
274165,0
274166,1
274167,0
274168,0
274169,0
274170,0
274171,0
274172,0
274173,0
274174,0
274175,0
274176,0
274177,0
274178,0
274179,0
274180,0
274181,0
274182,0
274183,0
274184,0
274185,0
274186,0
274187,0
274188,0
274189,0
274190,0
274191,0
274192,0
274193,0
274194,0
274195,0
274196,0
274197,0
274198,0
274199,0
274200,0
274201,0
274202,0
274203,0
274204,0
274205,0
274206,0
274207,0
274208,0
274209,0
274210,0
274211,0
274212,0
274213,0
274214,0
274215,0
274216,0
274217,0
274218,0
274219,0
274220,0
274221,0
274222,0
274223,0
274224,0
274225,0
274226,0
274227,0
274228,0
274229,0
274230,0
274231,0
274232,0
274233,0
274234,0
274235,0
274236,0
274237,0
274238,0
274239,0
274240,0
274241,0
274242,0
274243,0
274244,0
274245,0
274246,0
274247,0
274248,0
274249,0
274250,0
274251,0
274252,0
274253,0
274254,0
274255,0
274256,0
274257,0
274258,0
274259,0
274260,0
274261,0
274262,0
274263,0
274264,0
274265,0
274266,0
274267,0
274268,0
274269,0
274270,0
274271,0
274272,0
274273,0
274274,0
274275,0
274276,0
274277,0
274278,0
274279,0
274280,0
274281,0
274282,0
274283,0
274284,0
274285,0
274286,0
274287,0
274288,0
274289,0
274290,0
274291,0
274292,0
274293,0
274294,0
274295,0
274296,0
274297,0
274298,0
274299,0
274300,0
274301,0
274302,0
274303,0
274304,0
274305,0
274306,0
274307,0
274308,0
274309,0
274310,0
274311,0
274312,0
274313,0
274314,0
274315,0
274316,0
274317,0
274318,0
274319,0
274320,0
274321,0
274322,1
274323,0
274324,0
274325,0
274326,0
274327,0
274328,0
274329,0
274330,0
274331,0
274332,0
274333,0
274334,0
274335,0
274336,0
274337,0
274338,0
274339,0
274340,0
274341,0
274342,0
274343,0
274344,0
274345,0
274346,0
274347,0
274348,0
274349,0
274350,0
274351,0
274352,0
274353,0
274354,0
274355,0
274356,0
274357,0
274358,0
274359,0
274360,0
274361,0
274362,0
274363,0
274364,0
274365,0
274366,0
274367,0
274368,0
274369,0
274370,0
274371,0
274372,0
274373,0
274374,0
274375,0
274376,0
274377,0
274378,0
274379,0
274380,0
274381,0
274382,0
274383,0
274384,0
274385,0
274386,0
274387,0
274388,0
274389,0
274390,0
274391,0
274392,0
274393,0
274394,0
274395,0
274396,0
274397,0
274398,0
274399,0
274400,0
274401,0
274402,0
274403,0
274404,0
274405,0
274406,0
274407,0
274408,0
274409,0
274410,0
274411,0
274412,0
274413,0
274414,0
274415,0
274416,0
274417,0
274418,0
274419,0
274420,0
274421,0
274422,0
274423,0
274424,0
274425,0
274426,0
274427,0
274428,0
274429,0
274430,0
274431,0
274432,0
274433,0
274434,0
274435,1
274436,0
274437,0
274438,0
274439,0
274440,0
274441,0
274442,0
274443,0
274444,0
274445,0
274446,0
274447,0
274448,0
274449,0
274450,0
274451,0
274452,0
274453,0
274454,0
274455,0
274456,0
274457,0
274458,0
274459,0
274460,0
274461,0
274462,0
274463,0
274464,0
274465,0
274466,0
274467,0
274468,0
274469,0
274470,0
274471,0
274472,0
274473,0
274474,0
274475,0
274476,0
274477,0
274478,0
274479,0
274480,0
274481,1
274482,0
274483,0
274484,0
274485,0
274486,0
274487,0
274488,0
274489,0
274490,0
274491,0
274492,0
274493,0
274494,0
274495,0
274496,0
274497,0
274498,0
274499,0
274500,0
274501,0
274502,0
274503,1
274504,0
274505,0
274506,0
274507,0
274508,0
274509,0
274510,0
274511,0
274512,0
274513,0
274514,0
274515,0
274516,0
274517,0
274518,0
274519,0
274520,0
274521,0
274522,0
274523,0
274524,0
274525,0
274526,0
274527,0
274528,0
274529,0
274530,0
274531,0
274532,0
274533,0
274534,0
274535,0
274536,0
274537,0
274538,0
274539,0
274540,0
274541,0
274542,0
274543,0
274544,0
274545,0
274546,0
274547,0
274548,0
274549,0
274550,0
274551,0
274552,0
274553,0
274554,0
274555,0
274556,0
274557,0
274558,0
274559,0
274560,0
274561,0
274562,0
274563,0
274564,0
274565,0
274566,0
274567,0
274568,0
274569,0
274570,0
274571,0
274572,0
274573,0
274574,0
274575,0
274576,0
274577,0
274578,0
274579,0
274580,0
274581,0
274582,0
274583,0
274584,0
274585,0
274586,0
274587,0
274588,0
274589,21
274590,0
274591,0
274592,37
274593,0
274594,0
274595,0
274596,0
274597,0
274598,21
274599,0
274600,25
274601,0
274602,0
274603,0
274604,0
274605,0
274606,0
274607,0
274608,0
274609,0
274610,0
274611,0
274612,0
274613,0
274614,15
274615,35
274616,0
274617,0
274618,0
274619,0
274620,0
274621,0
274622,0
274623,0
274624,0
274625,0
274626,0
274627,0
274628,0
274629,0
274630,0
274631,0
274632,0
274633,0
274634,0
274635,0
274636,0
274637,0
274638,17
274639,18
274640,19
274641,16
274642,0
274643,0
274644,0
274645,0
274646,0
274647,0
274648,27
274649,22
274650,0
274651,0
274652,0
274653,0
274654,0
274655,0
274656,0
274657,0
274658,0
274659,0
274660,0
274661,0
274662,0
274663,0
274664,0
274665,0
274666,0
274667,0
274668,0
274669,30
274670,0
274671,0
274672,0
274673,0
274674,0
274675,0
274676,20
274677,0
274678,0
274679,31
274680,0
274681,0
274682,0
274683,25
274684,0
274685,17
274686,0
274687,0
274688,0
274689,0
274690,0
274691,0
274692,0
274693,0
274694,0
274695,0
274696,0
274697,0
274698,0
274699,0
274700,0
274701,0
274702,0
274703,0
274704,0
274705,0
274706,0
274707,0
274708,0
274709,0
274710,0
274711,0
274712,0
274713,0
274714,0
274715,24
274716,0
274717,0
274718,0
274719,0
274720,23
274721,0
274722,0
274723,0
274724,34
274725,0
274726,23
274727,0
274728,6
274729,0
274730,0
274731,0
274732,27
274733,0
274734,0
274735,0
274736,0
274737,0
274738,0
274739,0
274740,0
274741,0
274742,0
274743,0
274744,0
274745,0
274746,0
274747,0
274748,0
274749,0
274750,0
274751,0
274752,0
274753,0
274754,0
274755,0
274756,0
274757,0
274758,0
274759,0
274760,0
274761,0
274762,15
274763,0
274764,0
274765,0
274766,0
274767,17
274768,22
274769,0
274770,0
274771,0
274772,0
274773,0
274774,38
274775,0
274776,10
274777,0
274778,0
274779,0
274780,0
274781,0
274782,0
274783,0
274784,0
274785,0
274786,0
274787,0
274788,0
274789,0
274790,0
274791,0
274792,22
274793,0
274794,0
274795,0
274796,0
274797,0
274798,0
274799,0
274800,0
274801,0
274802,0
274803,0
274804,0
274805,0
274806,0
274807,0
274808,0
274809,0
274810,0
274811,0
274812,0
274813,0
274814,0
274815,0
274816,0
274817,0
274818,0
274819,0
274820,25
274821,0
274822,26
274823,0
274824,10
274825,0
274826,23
274827,0
274828,0
274829,0
274830,41
274831,0
274832,30
274833,23
274834,0
274835,0
274836,20
274837,0
274838,0
274839,22
274840,0
274841,0
274842,0
274843,18
274844,0
274845,15
274846,0
274847,0
274848,0
274849,0
274850,0
274851,0
274852,0
274853,0
274854,0
274855,0
274856,0
274857,0
274858,0
274859,0
274860,0
274861,0
274862,0
274863,0
274864,0
274865,0
274866,29
274867,20
274868,0
274869,27
274870,0
274871,0
274872,26
274873,0
274874,23
274875,0
274876,0
274877,0
274878,0
274879,0
274880,0
274881,31
274882,0
274883,0
274884,31
274885,0
274886,0
274887,0
274888,0
274889,17
274890,20
274891,0
274892,0
274893,0
274894,20
274895,0
274896,0
274897,0
274898,14
274899,0
274900,36
274901,23
274902,0
274903,0
274904,0
274905,0
274906,0
274907,0
274908,14
274909,0
274910,0
274911,0
274912,0
274913,0
274914,0
274915,0
274916,0
274917,0
274918,0
274919,0
274920,0
274921,18
274922,0
274923,26
274924,0
274925,18
274926,25
274927,0
274928,0
274929,0
274930,19
274931,0
274932,0
274933,0
274934,0
274935,0
274936,0
274937,0
274938,0
274939,18
274940,30
274941,0
274942,0
274943,0
274944,28
274945,0
274946,0
274947,30
274948,0
274949,16
274950,0
274951,0
274952,0
274953,0
274954,0
274955,0
274956,18
274957,0
274958,0
274959,0
274960,0
274961,0
274962,0
274963,0
274964,0
274965,15
274966,32
274967,0
274968,0
274969,0
274970,0
274971,0
274972,0
274973,0
274974,0
274975,0
274976,0
274977,0
274978,0
274979,0
274980,0
274981,0
274982,14
274983,0
274984,0
274985,0
274986,0
274987,0
274988,0
274989,0
274990,17
274991,0
274992,0
274993,0
274994,0
274995,0
274996,0
274997,0
274998,0
274999,23
275000,0
275001,0
275002,24
275003,0
275004,0
275005,0
275006,0
275007,0
275008,0
275009,0
275010,0
275011,0
275012,0
275013,25
275014,0
275015,27
275016,39
275017,0
275018,23
275019,0
275020,15
275021,30
275022,38
275023,18
275024,0
275025,0
275026,0
275027,0
275028,0
275029,0
275030,0
275031,0
275032,0
275033,13
275034,0
275035,0
275036,0
275037,32
275038,0
275039,0
275040,18
275041,0
275042,25
275043,0
275044,0
275045,0
275046,0
275047,0
275048,22
275049,0
275050,0
275051,0
275052,0
275053,0
275054,0
275055,0
275056,0
275057,19
275058,0
275059,0
275060,30
275061,0
275062,0
275063,0
275064,36
275065,0
275066,0
275067,0
275068,30
275069,30
275070,0
275071,28
275072,0
275073,0
275074,0
275075,0
275076,0
275077,0
275078,0
275079,19
275080,35
275081,0
275082,0
275083,0
275084,0
275085,0
275086,0
275087,0
275088,0
275089,0
275090,0
275091,0
275092,0
275093,11
275094,0
275095,0
275096,0
275097,0
275098,24
275099,0
275100,16
275101,0
275102,0
275103,0
275104,0
275105,0
275106,16
275107,0
275108,0
275109,26
275110,19
275111,25
275112,0
275113,14
275114,0
275115,0
275116,0
275117,0
275118,20
275119,0
275120,0
275121,0
275122,0
275123,0
275124,0
275125,27
275126,0
275127,34
275128,0
275129,0
275130,0
275131,0
275132,0
275133,31
275134,0
275135,0
275136,0
275137,20
275138,0
275139,0
275140,25
275141,0
275142,0
275143,14
275144,0
275145,0
275146,0
275147,0
275148,0
275149,0
275150,0
275151,0
275152,0
275153,0
275154,0
275155,0
275156,0
275157,36
275158,0
275159,0
275160,0
275161,19
275162,0
275163,28
275164,21
275165,0
275166,0
275167,0
275168,0
275169,0
275170,27
275171,0
275172,0
275173,0
275174,0
275175,46
275176,0
275177,0
275178,0
275179,0
275180,0
275181,0
275182,27
275183,0
275184,0
275185,0
275186,0
275187,0
275188,30
275189,0
275190,0
275191,0
275192,0
275193,0
275194,11
275195,0
275196,0
275197,0
275198,16
275199,22
275200,0
275201,25
275202,0
275203,0
275204,0
275205,31
275206,0
275207,25
275208,0
275209,42
275210,0
275211,0
275212,0
275213,16
275214,20
275215,0
275216,0
275217,0
275218,31
275219,24
275220,0
275221,19
275222,0
275223,0
275224,31
275225,0
275226,0
275227,37
275228,15
275229,0
275230,0
275231,0
275232,21
275233,0
275234,22
275235,25
275236,13
275237,0
275238,0
275239,0
275240,21
275241,0
275242,0
275243,0
275244,0
275245,0
275246,0
275247,0
275248,0
275249,0
275250,0
275251,35
275252,0
275253,0
275254,0
275255,0
275256,0
275257,0
275258,0
275259,0
275260,0
275261,34
275262,0
275263,0
275264,36
275265,25
275266,0
275267,0
275268,0
275269,40
275270,0
275271,21
275272,0
275273,20
275274,0
275275,0
275276,0
275277,0
275278,0
275279,39
275280,0
275281,0
275282,0
275283,0
275284,0
275285,0
275286,0
275287,10
275288,26
275289,0
275290,31
275291,0
275292,32
275293,0
275294,16
275295,0
275296,37
275297,0
275298,0
275299,0
275300,0
275301,0
275302,35
275303,0
275304,0
275305,0
275306,0
275307,0
275308,14
275309,0
275310,0
275311,0
275312,0
275313,0
275314,0
275315,0
275316,0
275317,0
275318,0
275319,35
275320,0
275321,0
275322,0
275323,0
275324,0
275325,0
275326,0
275327,0
275328,0
275329,0
275330,0
275331,0
275332,0
275333,0
275334,23
275335,0
275336,17
275337,0
275338,0
275339,31
275340,0
275341,0
275342,0
275343,28
275344,0
275345,16
275346,16
275347,0
275348,0
275349,0
275350,0
275351,18
275352,28
275353,0
275354,35
275355,0
275356,28
275357,31
275358,25
275359,0
275360,0
275361,0
275362,0
275363,28
275364,0
275365,0
275366,33
275367,0
275368,0
275369,0
275370,0
275371,27
275372,0
275373,0
275374,0
275375,0
275376,0
275377,0
275378,0
275379,0
275380,0
275381,0
275382,0
275383,0
275384,31
275385,0
275386,0
275387,29
275388,0
275389,0
275390,0
275391,0
275392,0
275393,0
275394,0
275395,41
275396,0
275397,33
275398,0
275399,43
275400,0
275401,0
275402,22
275403,0
275404,0
275405,35
275406,0
275407,0
275408,31
275409,17
275410,17
275411,43
275412,20
275413,0
275414,0
275415,0
275416,0
275417,28
275418,18
275419,0
275420,34
275421,27
275422,0
275423,0
275424,0
275425,0
275426,0
275427,0
275428,0
275429,0
275430,23
275431,0
275432,25
275433,0
275434,28
275435,0
275436,25
275437,0
275438,39
275439,26
275440,0
275441,18
275442,0
275443,0
275444,0
275445,23
275446,31
275447,0
275448,0
275449,0
275450,0
275451,0
275452,0
275453,51
275454,0
275455,0
275456,0
275457,0
275458,0
275459,0
275460,0
275461,32
275462,0
275463,24
275464,0
275465,0
275466,29
275467,0
275468,37
275469,0
275470,0
275471,0
275472,0
275473,0
275474,16
275475,31
275476,0
275477,0
275478,0
275479,22
275480,28
275481,0
275482,0
275483,0
275484,0
275485,48
275486,0
275487,24
275488,0
275489,0
275490,22
275491,24
275492,0
275493,0
275494,0
275495,0
275496,0
275497,0
275498,0
275499,0
275500,24
275501,0
275502,18
275503,0
275504,0
275505,0
275506,0
275507,0
275508,0
275509,40
275510,0
275511,25
275512,0
275513,0
275514,0
275515,14
275516,0
275517,0
275518,0
275519,0
275520,0
275521,0
275522,0
275523,0
275524,0
275525,0
275526,0
275527,17
275528,0
275529,0
275530,0
275531,0
275532,0
275533,18
275534,0
275535,0
275536,0
275537,0
275538,0
275539,0
275540,0
275541,0
275542,0
275543,23
275544,0
275545,28
275546,0
275547,34
275548,0
275549,26
275550,0
275551,0
275552,0
275553,0
275554,0
275555,0
275556,0
275557,16
275558,20
275559,0
275560,0
275561,0
275562,36
275563,25
275564,0
275565,0
275566,0
275567,0
275568,29
275569,0
275570,0
275571,0
275572,0
275573,0
275574,0
275575,0
275576,0
275577,0
275578,0
275579,0
275580,0
275581,0
275582,0
275583,0
275584,20
275585,0
275586,0
275587,36
275588,0
275589,0
275590,0
275591,25
275592,0
275593,35
275594,0
275595,35
275596,0
275597,0
275598,0
275599,0
275600,26
275601,18
275602,0
275603,0
275604,0
275605,0
275606,0
275607,24
275608,0
275609,0
275610,38
275611,20
275612,32
275613,33
275614,0
275615,0
275616,12
275617,19
275618,0
275619,0
275620,0
275621,0
275622,0
275623,0
275624,26
275625,0
275626,38
275627,30
275628,0
275629,0
275630,0
275631,0
275632,0
275633,0
275634,0
275635,0
275636,0
275637,0
275638,0
275639,0
275640,0
275641,0
275642,0
275643,0
275644,0
275645,0
275646,0
275647,0
275648,0
275649,0
275650,31
275651,0
275652,0
275653,0
275654,0
275655,29
275656,22
275657,21
275658,0
275659,29
275660,0
275661,23
275662,42
275663,21
275664,23
275665,0
275666,0
275667,0
275668,0
275669,0
275670,0
275671,27
275672,0
275673,0
275674,0
275675,0
275676,0
275677,0
275678,0
275679,16
275680,0
275681,30
275682,0
275683,0
275684,0
275685,0
275686,0
275687,0
275688,25
275689,0
275690,0
275691,0
275692,0
275693,0
275694,0
275695,0
275696,16
275697,0
275698,29
275699,0
275700,0
275701,0
275702,0
275703,0
275704,25
275705,0
275706,0
275707,0
275708,0
275709,26
275710,0
275711,0
275712,0
275713,0
275714,0
275715,0
275716,0
275717,0
275718,0
275719,0
275720,0
275721,0
275722,0
275723,0
275724,0
275725,31
275726,0
275727,0
275728,0
275729,0
275730,0
275731,0
275732,26
275733,0
275734,0
275735,0
275736,0
275737,0
275738,0
275739,0
275740,0
275741,19
275742,25
275743,29
275744,0
275745,27
275746,0
275747,0
275748,0
275749,10
275750,0
275751,0
275752,0
275753,0
275754,0
275755,0
275756,0
275757,35
275758,0
275759,27
275760,0
275761,0
275762,0
275763,0
275764,22
275765,0
275766,0
275767,0
275768,21
275769,0
275770,0
275771,43
275772,0
275773,0
275774,16
275775,30
275776,33
275777,0
275778,0
275779,0
275780,0
275781,0
275782,26
275783,0
275784,0
275785,17
275786,0
275787,0
275788,0
275789,0
275790,0
275791,0
275792,21
275793,0
275794,0
275795,0
275796,0
275797,0
275798,0
275799,0
275800,33
275801,0
275802,0
275803,12
275804,0
275805,0
275806,0
275807,0
275808,19
275809,0
275810,0
275811,12
275812,8
275813,0
275814,0
275815,0
275816,0
275817,0
275818,0
275819,8
275820,0
275821,0
275822,3
275823,0
275824,0
275825,0
275826,0
275827,13
275828,0
275829,0
275830,0
275831,14
275832,0
275833,0
275834,0
275835,0
275836,0
275837,11
275838,0
275839,0
275840,17
275841,0
275842,0
275843,0
275844,0
275845,0
275846,0
275847,0
275848,0
275849,0
275850,0
275851,0
275852,12
275853,0
275854,0
275855,0
275856,7
275857,0
275858,0
275859,11
275860,0
275861,0
275862,0
275863,0
275864,0
275865,0
275866,16
275867,0
275868,0
275869,0
275870,9
275871,0
275872,0
275873,0
275874,0
275875,0
275876,0
275877,0
275878,0
275879,0
275880,0
275881,0
275882,0
275883,0
275884,0
275885,9
275886,0
275887,23
275888,0
275889,11
275890,0
275891,0
275892,0
275893,0
275894,0
275895,0
275896,0
275897,0
275898,0
275899,13
275900,0
275901,0
275902,0
275903,0
275904,0
275905,0
275906,0
275907,0
275908,0
275909,0
275910,0
275911,0
275912,0
275913,10
275914,0
275915,0
275916,0
275917,0
275918,0
275919,0
275920,0
275921,0
275922,7
275923,0
275924,11
275925,0
275926,0
275927,0
275928,0
275929,10
275930,0
275931,16
275932,0
275933,0
275934,0
275935,0
275936,0
275937,0
275938,0
275939,15
275940,0
275941,0
275942,0
275943,13
275944,0
275945,6
275946,0
275947,0
275948,0
275949,0
275950,0
275951,8
275952,17
275953,0
275954,0
275955,17
275956,0
275957,0
275958,0
275959,0
275960,0
275961,0
275962,0
275963,13
275964,9
275965,0
275966,0
275967,0
275968,0
275969,0
275970,0
275971,0
275972,0
275973,17
275974,0
275975,0
275976,0
275977,0
275978,0
275979,0
275980,0
275981,0
275982,0
275983,0
275984,0
275985,0
275986,0
275987,0
275988,0
275989,0
275990,0
275991,0
275992,0
275993,0
275994,0
275995,18
275996,9
275997,0
275998,0
275999,0
276000,6
276001,0
276002,0
276003,0
276004,0
276005,0
276006,0
276007,0
276008,0
276009,21
276010,0
276011,10
276012,0
276013,15
276014,0
276015,0
276016,0
276017,0
276018,0
276019,0
276020,0
276021,0
276022,0
276023,0
276024,0
276025,0
276026,0
276027,5
276028,0
276029,0
276030,0
276031,0
276032,16
276033,0
276034,0
276035,0
276036,0
276037,0
276038,14
276039,0
276040,12
276041,0
276042,0
276043,10
276044,0
276045,0
276046,0
276047,0
276048,10
276049,0
276050,9
276051,13
276052,0
276053,0
276054,10
276055,0
276056,15
276057,11
276058,15
276059,0
276060,0
276061,0
276062,0
276063,0
276064,0
276065,0
276066,0
276067,0
276068,0
276069,0
276070,0
276071,0
276072,0
276073,0
276074,0
276075,11
276076,0
276077,0
276078,11
276079,0
276080,0
276081,0
276082,0
276083,0
276084,0
276085,0
276086,0
276087,0
276088,0
276089,0
276090,0
276091,0
276092,0
276093,13
276094,0
276095,0
276096,0
276097,0
276098,0
276099,0
276100,0
276101,9
276102,0
276103,0
276104,0
276105,0
276106,0
276107,7
276108,7
276109,0
276110,0
276111,13
276112,8
276113,0
276114,0
276115,0
276116,0
276117,0
276118,0
276119,0
276120,0
276121,0
276122,0
276123,0
276124,0
276125,0
276126,0
276127,0
276128,0
276129,0
276130,0
276131,0
276132,0
276133,0
276134,0
276135,0
276136,0
276137,0
276138,0
276139,0
276140,0
276141,0
276142,0
276143,16
276144,0
276145,0
276146,0
276147,0
276148,8
276149,0
276150,0
276151,0
276152,11
276153,12
276154,0
276155,10
276156,0
276157,0
276158,0
276159,15
276160,0
276161,0
276162,0
276163,0
276164,0
276165,0
276166,0
276167,0
276168,0
276169,7
276170,0
276171,7
276172,0
276173,0
276174,0
276175,0
276176,0
276177,0
276178,0
276179,0
276180,0
276181,0
276182,0
276183,0
276184,4
276185,0
276186,0
276187,0
276188,0
276189,0
276190,0
276191,0
276192,0
276193,8
276194,0
276195,0
276196,0
276197,0
276198,0
276199,0
276200,0
276201,0
276202,0
276203,0
276204,0
276205,0
276206,0
276207,0
276208,0
276209,0
276210,0
276211,0
276212,0
276213,0
276214,0
276215,0
276216,0
276217,0
276218,0
276219,0
276220,0
276221,0
276222,0
276223,0
276224,0
276225,0
276226,0
276227,0
276228,0
276229,0
276230,0
276231,0
276232,0
276233,0
276234,0
276235,1
276236,0
276237,0
276238,0
276239,0
276240,0
276241,0
276242,0
276243,0
276244,0
276245,0
276246,0
276247,0
276248,0
276249,0
276250,0
276251,0
276252,0
276253,0
276254,0
276255,0
276256,0
276257,0
276258,0
276259,0
276260,0
276261,0
276262,0
276263,0
276264,0
276265,0
276266,0
276267,0
276268,0
276269,0
276270,0
276271,0
276272,0
276273,0
276274,0
276275,0
276276,0
276277,0
276278,0
276279,0
276280,0
276281,0
276282,0
276283,0
276284,0
276285,0
276286,0
276287,0
276288,0
276289,0
276290,0
276291,0
276292,0
276293,0
276294,0
276295,0
276296,0
276297,0
276298,0
276299,0
276300,0
276301,0
276302,0
276303,0
276304,0
276305,0
276306,0
276307,0
276308,0
276309,0
276310,0
276311,0
276312,0
276313,0
276314,0
276315,0
276316,0
276317,0
276318,0
276319,0
276320,0
276321,0
276322,0
276323,0
276324,0
276325,0
276326,0
276327,0
276328,0
276329,0
276330,0
276331,0
276332,0
276333,0
276334,0
276335,0
276336,0
276337,0
276338,0
276339,0
276340,0
276341,0
276342,0
276343,0
276344,0
276345,0
276346,0
276347,0
276348,0
276349,0
276350,0
276351,0
276352,0
276353,0
276354,0
276355,0
276356,0
276357,0
276358,0
276359,0
276360,0
276361,0
276362,0
276363,0
276364,0
276365,0
276366,0
276367,0
276368,0
276369,0
276370,0
276371,0
276372,0
276373,0
276374,0
276375,0
276376,0
276377,0
276378,0
276379,0
276380,0
276381,0
276382,0
276383,1
276384,0
276385,0
276386,0
276387,0
276388,0
276389,0
276390,0
276391,0
276392,0
276393,0
276394,0
276395,0
276396,0
276397,0
276398,0
276399,0
276400,0
276401,0
276402,0
276403,0
276404,0
276405,0
276406,0
276407,0
276408,0
276409,0
276410,0
276411,0
276412,0
276413,0
276414,0
276415,0
276416,0
276417,0
276418,0
276419,0
276420,0
276421,0
276422,0
276423,0
276424,0
276425,0
276426,0
276427,0
276428,0
276429,0
276430,0
276431,0
276432,0
276433,0
276434,0
276435,0
276436,0
276437,0
276438,0
276439,0
276440,0
276441,0
276442,0
276443,0
276444,0
276445,0
276446,0
276447,0
276448,0
276449,0
276450,0
276451,0
276452,0
276453,0
276454,0
276455,0
276456,0
276457,0
276458,0
276459,0
276460,0
276461,0
276462,0
276463,0
276464,0
276465,0
276466,0
276467,0
276468,0
276469,0
276470,0
276471,0
276472,0
276473,0
276474,0
276475,0
276476,0
276477,0
276478,0
276479,0
276480,0
276481,0
276482,0
276483,0
276484,0
276485,0
276486,0
276487,0
276488,0
276489,0
276490,0
276491,0
276492,0
276493,0
276494,0
276495,0
276496,0
276497,0
276498,0
276499,0
276500,0
276501,1
276502,0
276503,0
276504,0
276505,0
276506,0
276507,0
276508,0
276509,0
276510,0
276511,0
276512,0
276513,0
276514,0
276515,0
276516,0
276517,0
276518,0
276519,0
276520,0
276521,0
276522,0
276523,0
276524,0
276525,0
276526,0
276527,0
276528,0
276529,0
276530,0
276531,0
276532,0
276533,0
276534,0
276535,0
276536,0
276537,0
276538,0
276539,0
276540,0
276541,0
276542,0
276543,0
276544,0
276545,0
276546,0
276547,0
276548,0
276549,0
276550,0
276551,0
276552,0
276553,0
276554,0
276555,0
276556,0
276557,0
276558,0
276559,0
276560,0
276561,0
276562,0
276563,0
276564,0
276565,0
276566,0
276567,0
276568,0
276569,0
276570,0
276571,0
276572,0
276573,0
276574,0
276575,0
276576,0
276577,0
276578,0
276579,0
276580,0
276581,0
276582,0
276583,0
276584,0
276585,0
276586,0
276587,0
276588,0
276589,0
276590,0
276591,1
276592,0
276593,0
276594,0
276595,0
276596,0
276597,0
276598,0
276599,0
276600,0
276601,0
276602,0
276603,0
276604,0
276605,0
276606,0
276607,0
276608,0
276609,0
276610,0
276611,0
276612,0
276613,0
276614,0
276615,0
276616,0
276617,0
276618,0
276619,0
276620,0
276621,0
276622,0
276623,0
276624,0
276625,0
276626,0
276627,0
276628,0
276629,0
276630,0
276631,0
276632,0
276633,0
276634,0
276635,0
276636,0
276637,0
276638,0
276639,0
276640,0
276641,0
276642,0
276643,0
276644,0
276645,0
276646,0
276647,0
276648,0
276649,0
276650,0
276651,0
276652,0
276653,0
276654,0
276655,0
276656,0
276657,0
276658,0
276659,0
276660,0
276661,0
276662,0
276663,0
276664,0
276665,0
276666,0
276667,0
276668,0
276669,0
276670,0
276671,0
276672,0
276673,0
276674,0
276675,0
276676,0
276677,0
276678,0
276679,0
276680,0
276681,0
276682,0
276683,0
276684,0
276685,0
276686,0
276687,0
276688,0
276689,0
276690,0
276691,0
276692,0
276693,0
276694,0
276695,0
276696,0
276697,0
276698,0
276699,0
276700,0
276701,0
276702,0
276703,0
276704,0
276705,0
276706,0
276707,0
276708,0
276709,0
276710,0
276711,0
276712,0
276713,0
276714,0
276715,0
276716,0
276717,0
276718,0
276719,0
276720,0
276721,0
276722,0
276723,0
276724,0
276725,0
276726,0
276727,0
276728,0
276729,0
276730,0
276731,0
276732,0
276733,0
276734,0
276735,0
276736,0
276737,0
276738,0
276739,0
276740,0
276741,0
276742,0
276743,0
276744,0
276745,0
276746,0
276747,0
276748,0
276749,0
276750,0
276751,0
276752,0
276753,0
276754,0
276755,0
276756,0
276757,0
276758,0
276759,0
276760,0
276761,0
276762,0
276763,0
276764,0
276765,0
276766,0
276767,0
276768,0
276769,0
276770,0
276771,0
276772,0
276773,0
276774,0
276775,0
276776,0
276777,0
276778,0
276779,0
276780,0
276781,0
276782,1
276783,0
276784,0
276785,0
276786,0
276787,0
276788,0
276789,0
276790,0
276791,0
276792,0
276793,0
276794,0
276795,0
276796,0
276797,0
276798,0
276799,0
276800,0
276801,0
276802,0
276803,0
276804,0
276805,0
276806,0
276807,0
276808,0
276809,0
276810,0
276811,0
276812,0
276813,0
276814,0
276815,0
276816,0
276817,0
276818,0
276819,0
276820,0
276821,0
276822,0
276823,0
276824,0
276825,0
276826,0
276827,0
276828,0
276829,0
276830,0
276831,0
276832,0
276833,0
276834,0
276835,0
276836,0
276837,0
276838,0
276839,0
276840,0
276841,0
276842,0
276843,0
276844,0
276845,0
276846,0
276847,0
276848,0
276849,0
276850,0
276851,0
276852,0
276853,0
276854,0
276855,0
276856,0
276857,0
276858,0
276859,0
276860,0
276861,0
276862,0
276863,0
276864,0
276865,0
276866,0
276867,0
276868,0
276869,0
276870,0
276871,0
276872,0
276873,0
276874,0
276875,0
276876,0
276877,0
276878,0
276879,0
276880,0
276881,0
276882,0
276883,0
276884,0
276885,0
276886,0
276887,0
276888,0
276889,0
276890,0
276891,0
276892,0
276893,0
276894,0
276895,0
276896,0
276897,0
276898,0
276899,0
276900,0
276901,0
276902,0
276903,0
276904,0
276905,0
276906,0
276907,0
276908,0
276909,0
276910,0
276911,0
276912,0
276913,0
276914,0
276915,0
276916,0
276917,0
276918,0
276919,0
276920,0
276921,0
276922,0
276923,0
276924,0
276925,0
276926,0
276927,0
276928,0
276929,0
276930,0
276931,0
276932,0
276933,0
276934,0
276935,0
276936,0
276937,0
276938,0
276939,0
276940,0
276941,0
276942,0
276943,0
276944,0
276945,0
276946,0
276947,0
276948,0
276949,0
276950,0
276951,0
276952,2
276953,2
276954,0
276955,4
276956,0
276957,5
276958,0
276959,0
276960,0
276961,0
276962,0
276963,0
276964,0
276965,4
276966,0
276967,1
276968,0
276969,0
276970,2
276971,0
276972,7
276973,0
276974,0
276975,0
276976,2
276977,0
276978,0
276979,0
276980,0
276981,0
276982,0
276983,0
276984,0
276985,0
276986,0
276987,0
276988,2
276989,0
276990,0
276991,0
276992,0
276993,5
276994,0
276995,0
276996,0
276997,0
276998,0
276999,2
277000,0
277001,0
277002,0
277003,0
277004,0
277005,0
277006,0
277007,1
277008,0
277009,5
277010,0
277011,0
277012,0
277013,0
277014,3
277015,3
277016,0
277017,0
277018,0
277019,0
277020,0
277021,0
277022,5
277023,0
277024,0
277025,0
277026,3
277027,0
277028,0
277029,0
277030,0
277031,0
277032,0
277033,0
277034,0
277035,0
277036,0
277037,0
277038,0
277039,2
277040,0
277041,4
277042,0
277043,0
277044,0
277045,0
277046,0
277047,0
277048,7
277049,0
277050,0
277051,0
277052,0
277053,0
277054,0
277055,0
277056,0
277057,0
277058,0
277059,0
277060,4
277061,5
277062,0
277063,0
277064,0
277065,0
277066,0
277067,0
277068,0
277069,0
277070,0
277071,0
277072,0
277073,0
277074,10
277075,0
277076,3
277077,3
277078,0
277079,0
277080,0
277081,0
277082,0
277083,0
277084,5
277085,0
277086,0
277087,0
277088,0
277089,0
277090,0
277091,0
277092,0
277093,0
277094,0
277095,0
277096,6
277097,0
277098,0
277099,0
277100,0
277101,0
277102,0
277103,0
277104,0
277105,4
277106,0
277107,0
277108,0
277109,0
277110,4
277111,0
277112,0
277113,0
277114,0
277115,0
277116,0
277117,0
277118,0
277119,0
277120,0
277121,1
277122,0
277123,0
277124,0
277125,0
277126,3
277127,0
277128,1
277129,3
277130,0
277131,0
277132,0
277133,0
277134,0
277135,0
277136,0
277137,0
277138,0
277139,0
277140,0
277141,0
277142,0
277143,0
277144,0
277145,1
277146,1
277147,3
277148,2
277149,0
277150,0
277151,0
277152,0
277153,8
277154,0
277155,0
277156,0
277157,13
277158,0
277159,0
277160,0
277161,0
277162,0
277163,0
277164,0
277165,0
277166,0
277167,0
277168,0
277169,0
277170,0
277171,4
277172,4
277173,4
277174,0
277175,0
277176,0
277177,0
277178,0
277179,2
277180,0
277181,0
277182,0
277183,0
277184,0
277185,0
277186,0
277187,0
277188,0
277189,3
277190,3
277191,1
277192,0
277193,0
277194,0
277195,0
277196,0
277197,0
277198,0
277199,0
277200,0
277201,0
277202,0
277203,0
277204,0
277205,4
277206,0
277207,0
277208,0
277209,0
277210,0
277211,0
277212,0
277213,4
277214,0
277215,2
277216,5
277217,0
277218,0
277219,0
277220,0
277221,0
277222,0
277223,2
277224,0
277225,0
277226,0
277227,7
277228,0
277229,0
277230,0
277231,0
277232,0
277233,0
277234,0
277235,0
277236,0
277237,0
277238,0
277239,7
277240,2
277241,0
277242,0
277243,7
277244,0
277245,0
277246,0
277247,0
277248,0
277249,0
277250,0
277251,0
277252,0
277253,0
277254,0
277255,0
277256,0
277257,0
277258,4
277259,0
277260,0
277261,0
277262,0
277263,0
277264,6
277265,5
277266,0
277267,0
277268,1
277269,2
277270,0
277271,0
277272,0
277273,0
277274,0
277275,0
277276,0
277277,0
277278,0
277279,0
277280,0
277281,0
277282,0
277283,0
277284,0
277285,0
277286,2
277287,0
277288,0
277289,0
277290,0
277291,0
277292,0
277293,0
277294,0
277295,0
277296,0
277297,0
277298,0
277299,7
277300,0
277301,0
277302,0
277303,0
277304,4
277305,0
277306,0
277307,0
277308,5
277309,0
277310,0
277311,0
277312,0
277313,1
277314,0
277315,0
277316,0
277317,0
277318,0
277319,0
277320,4
277321,0
277322,0
277323,0
277324,0
277325,0
277326,0
277327,0
277328,0
277329,7
277330,0
277331,0
277332,3
277333,1
277334,6
277335,0
277336,0
277337,0
277338,0
277339,0
277340,0
277341,0
277342,0
277343,0
277344,5
277345,7
277346,0
277347,0
277348,1
277349,0
277350,4
277351,0
277352,0
277353,0
277354,5
277355,0
277356,0
277357,0
277358,0
277359,0
277360,0
277361,7
277362,0
277363,0
277364,0
277365,0
277366,0
277367,0
277368,0
277369,0
277370,0
277371,0
277372,0
277373,3
277374,0
277375,0
277376,0
277377,0
277378,0
277379,0
277380,0
277381,0
277382,0
277383,0
277384,1
277385,0
277386,0
277387,0
277388,0
277389,0
277390,0
277391,0
277392,0
277393,0
277394,0
277395,0
277396,0
277397,0
277398,0
277399,0
277400,0
277401,0
277402,0
277403,0
277404,0
277405,0
277406,0
277407,0
277408,0
277409,0
277410,0
277411,0
277412,0
277413,0
277414,0
277415,2
277416,0
277417,0
277418,0
277419,0
277420,0
277421,0
277422,0
277423,0
277424,0
277425,0
277426,0
277427,0
277428,5
277429,0
277430,0
277431,0
277432,0
277433,0
277434,10
277435,0
277436,0
277437,0
277438,4
277439,0
277440,11
277441,0
277442,0
277443,0
277444,0
277445,0
277446,0
277447,0
277448,0
277449,0
277450,0
277451,3
277452,0
277453,6
277454,5
277455,0
277456,0
277457,0
277458,0
277459,0
277460,0
277461,0
277462,0
277463,0
277464,0
277465,0
277466,0
277467,0
277468,3
277469,0
277470,0
277471,0
277472,0
277473,4
277474,3
277475,0
277476,0
277477,0
277478,0
277479,0
277480,0
277481,0
277482,0
277483,0
277484,0
277485,0
277486,0
277487,1
277488,0
277489,0
277490,0
277491,0
277492,14
277493,0
277494,0
277495,12
277496,0
277497,0
277498,0
277499,0
277500,10
277501,0
277502,0
277503,0
277504,0
277505,0
277506,0
277507,0
277508,0
277509,0
277510,7
277511,0
277512,0
277513,0
277514,0
277515,0
277516,0
277517,0
277518,0
277519,0
277520,0
277521,0
277522,0
277523,0
277524,0
277525,0
277526,0
277527,0
277528,0
277529,0
277530,0
277531,0
277532,0
277533,0
277534,0
277535,0
277536,6
277537,0
277538,0
277539,0
277540,0
277541,0
277542,0
277543,0
277544,0
277545,10
277546,0
277547,0
277548,0
277549,0
277550,0
277551,0
277552,0
277553,0
277554,0
277555,0
277556,0
277557,0
277558,0
277559,0
277560,0
277561,0
277562,0
277563,19
277564,0
277565,0
277566,0
277567,0
277568,0
277569,0
277570,0
277571,0
277572,0
277573,0
277574,0
277575,0
277576,0
277577,0
277578,0
277579,0
277580,0
277581,0
277582,0
277583,0
277584,0
277585,0
277586,0
277587,0
277588,0
277589,0
277590,10
277591,0
277592,0
277593,0
277594,0
277595,0
277596,0
277597,0
277598,0
277599,0
277600,0
277601,0
277602,0
277603,7
277604,11
277605,0
277606,0
277607,0
277608,0
277609,8
277610,0
277611,0
277612,0
277613,0
277614,0
277615,0
277616,10
277617,0
277618,0
277619,0
277620,0
277621,0
277622,0
277623,0
277624,0
277625,0
277626,0
277627,0
277628,0
277629,0
277630,0
277631,0
277632,0
277633,0
277634,0
277635,0
277636,0
277637,7
277638,0
277639,0
277640,0
277641,0
277642,0
277643,0
277644,0
277645,0
277646,0
277647,0
277648,0
277649,0
277650,0
277651,0
277652,11
277653,0
277654,0
277655,0
277656,0
277657,0
277658,0
277659,0
277660,0
277661,0
277662,0
277663,0
277664,0
277665,0
277666,0
277667,0
277668,15
277669,0
277670,0
277671,0
277672,0
277673,0
277674,12
277675,0
277676,0
277677,0
277678,0
277679,0
277680,0
277681,0
277682,0
277683,0
277684,0
277685,0
277686,0
277687,0
277688,0
277689,0
277690,0
277691,0
277692,0
277693,0
277694,9
277695,0
277696,0
277697,0
277698,0
277699,0
277700,0
277701,0
277702,0
277703,0
277704,0
277705,0
277706,0
277707,0
277708,0
277709,0
277710,0
277711,0
277712,0
277713,0
277714,0
277715,0
277716,0
277717,0
277718,0
277719,0
277720,0
277721,0
277722,0
277723,0
277724,0
277725,0
277726,0
277727,0
277728,0
277729,0
277730,12
277731,0
277732,0
277733,0
277734,11
277735,0
277736,0
277737,0
277738,0
277739,0
277740,0
277741,0
277742,0
277743,0
277744,0
277745,0
277746,0
277747,0
277748,0
277749,0
277750,0
277751,0
277752,0
277753,0
277754,0
277755,0
277756,0
277757,21
277758,0
277759,0
277760,0
277761,0
277762,0
277763,0
277764,16
277765,0
277766,0
277767,0
277768,0
277769,0
277770,0
277771,0
277772,0
277773,0
277774,0
277775,0
277776,0
277777,0
277778,18
277779,0
277780,0
277781,0
277782,0
277783,0
277784,0
277785,0
277786,0
277787,0
277788,0
277789,0
277790,0
277791,0
277792,0
277793,0
277794,0
277795,8
277796,0
277797,0
277798,0
277799,0
277800,0
277801,8
277802,0
277803,0
277804,0
277805,0
277806,0
277807,0
277808,0
277809,0
277810,0
277811,0
277812,0
277813,5
277814,0
277815,0
277816,0
277817,0
277818,0
277819,5
277820,0
277821,9
277822,0
277823,0
277824,0
277825,0
277826,0
277827,0
277828,0
277829,0
277830,0
277831,0
277832,9
277833,0
277834,0
277835,0
277836,0
277837,0
277838,0
277839,0
277840,0
277841,0
277842,0
277843,0
277844,0
277845,0
277846,0
277847,0
277848,13
277849,0
277850,0
277851,0
277852,0
277853,0
277854,0
277855,0
277856,0
277857,0
277858,0
277859,0
277860,0
277861,0
277862,0
277863,0
277864,0
277865,0
277866,0
277867,0
277868,0
277869,0
277870,0
277871,12
277872,0
277873,0
277874,11
277875,0
277876,0
277877,0
277878,0
277879,0
277880,0
277881,0
277882,0
277883,0
277884,0
277885,6
277886,0
277887,0
277888,0
277889,0
277890,0
277891,0
277892,0
277893,0
277894,0
277895,0
277896,0
277897,0
277898,0
277899,11
277900,0
277901,0
277902,0
277903,0
277904,0
277905,0
277906,0
277907,0
277908,0
277909,0
277910,0
277911,0
277912,0
277913,0
277914,0
277915,0
277916,0
277917,0
277918,0
277919,7
277920,0
277921,0
277922,0
277923,0
277924,13
277925,0
277926,0
277927,0
277928,0
277929,0
277930,0
277931,0
277932,0
277933,0
277934,0
277935,0
277936,0
277937,0
277938,0
277939,0
277940,0
277941,0
277942,0
277943,0
277944,0
277945,0
277946,9
277947,0
277948,7
277949,0
277950,0
277951,0
277952,0
277953,0
277954,0
277955,8
277956,0
277957,0
277958,0
277959,0
277960,0
277961,0
277962,0
277963,0
277964,0
277965,0
277966,0
277967,0
277968,0
277969,0
277970,14
277971,0
277972,10
277973,0
277974,0
277975,0
277976,0
277977,0
277978,0
277979,11
277980,0
277981,0
277982,0
277983,0
277984,0
277985,0
277986,10
277987,0
277988,0
277989,0
277990,10
277991,8
277992,0
277993,0
277994,0
277995,0
277996,0
277997,0
277998,0
277999,0
278000,0
278001,4
278002,0
278003,0
278004,0
278005,0
278006,0
278007,0
278008,0
278009,0
278010,0
278011,0
278012,0
278013,0
278014,8
278015,0
278016,0
278017,0
278018,0
278019,0
278020,0
278021,0
278022,0
278023,10
278024,0
278025,0
278026,0
278027,0
278028,0
278029,13
278030,0
278031,0
278032,0
278033,0
278034,0
278035,0
278036,0
278037,0
278038,0
278039,0
278040,0
278041,0
278042,0
278043,0
278044,0
278045,0
278046,0
278047,0
278048,0
278049,0
278050,0
278051,0
278052,0
278053,0
278054,0
278055,0
278056,0
278057,0
278058,12
278059,0
278060,0
278061,0
278062,0
278063,0
278064,0
278065,0
278066,10
278067,0
278068,0
278069,0
278070,0
278071,0
278072,0
278073,0
278074,0
278075,0
278076,0
278077,0
278078,0
278079,0
278080,0
278081,0
278082,8
278083,0
278084,0
278085,0
278086,0
278087,0
278088,12
278089,0
278090,0
278091,0
278092,12
278093,0
278094,0
278095,3
278096,0
278097,0
278098,12
278099,0
278100,0
278101,0
278102,0
278103,0
278104,0
278105,0
278106,0
278107,0
278108,0
278109,0
278110,0
278111,0
278112,0
278113,0
278114,11
278115,0
278116,0
278117,0
278118,0
278119,0
278120,8
278121,0
278122,0
278123,0
278124,0
278125,0
278126,0
278127,0
278128,0
278129,0
278130,0
278131,0
278132,0
278133,0
278134,0
278135,0
278136,0
278137,0
278138,0
278139,0
278140,0
278141,0
278142,14
278143,0
278144,0
278145,0
278146,0
278147,0
278148,0
278149,0
278150,6
278151,0
278152,9
278153,0
278154,0
278155,0
278156,0
278157,0
278158,0
278159,0
278160,17
278161,0
278162,0
278163,0
278164,0
278165,7
278166,0
278167,0
278168,0
278169,0
278170,0
278171,10
278172,0
278173,14
278174,0
278175,0
278176,0
278177,0
278178,0
278179,0
278180,0
278181,14
278182,0
278183,0
278184,9
278185,0
278186,9
278187,0
278188,0
278189,0
278190,0
278191,0
278192,0
278193,0
278194,0
278195,0
278196,0
278197,0
278198,5
278199,0
278200,0
278201,0
278202,0
278203,0
278204,12
278205,0
278206,0
278207,11
278208,0
278209,0
278210,0
278211,0
278212,0
278213,0
278214,0
278215,0
278216,0
278217,0
278218,0
278219,0
278220,0
278221,0
278222,0
278223,0
278224,0
278225,0
278226,0
278227,0
278228,0
278229,0
278230,0
278231,0
278232,0
278233,0
278234,0
278235,0
278236,0
278237,0
278238,0
278239,0
278240,0
278241,0
278242,0
278243,0
278244,0
278245,0
278246,0
278247,0
278248,0
278249,0
278250,0
278251,0
278252,0
278253,0
278254,0
278255,0
278256,0
278257,0
278258,0
278259,0
278260,0
278261,0
278262,0
278263,0
278264,0
278265,0
278266,0
278267,0
278268,0
278269,0
278270,0
278271,0
278272,0
278273,0
278274,0
278275,0
278276,0
278277,0
278278,0
278279,0
278280,0
278281,0
278282,0
278283,0
278284,0
278285,0
278286,0
278287,0
278288,0
278289,0
278290,0
278291,0
278292,0
278293,0
278294,0
278295,0
278296,0
278297,0
278298,0
278299,0
278300,0
278301,0
278302,0
278303,0
278304,0
278305,0
278306,0
278307,0
278308,0
278309,0
278310,0
278311,0
278312,0
278313,0
278314,0
278315,0
278316,0
278317,0
278318,0
278319,0
278320,0
278321,0
278322,0
278323,0
278324,0
278325,0
278326,0
278327,0
278328,0
278329,0
278330,0
278331,0
278332,0
278333,0
278334,0
278335,0
278336,0
278337,0
278338,0
278339,0
278340,0
278341,0
278342,0
278343,0
278344,0
278345,0
278346,0
278347,0
278348,0
278349,0
278350,0
278351,0
278352,0
278353,0
278354,0
278355,0
278356,0
278357,0
278358,0
278359,0
278360,0
278361,0
278362,0
278363,0
278364,0
278365,0
278366,0
278367,0
278368,0
278369,0
278370,0
278371,0
278372,0
278373,0
278374,0
278375,0
278376,0
278377,0
278378,0
278379,0
278380,0
278381,0
278382,0
278383,0
278384,0
278385,0
278386,0
278387,0
278388,0
278389,0
278390,0
278391,0
278392,0
278393,0
278394,0
278395,0
278396,0
278397,0
278398,0
278399,0
278400,0
278401,0
278402,0
278403,0
278404,0
278405,0
278406,0
278407,0
278408,0
278409,0
278410,0
278411,0
278412,0
278413,0
278414,0
278415,0
278416,0
278417,0
278418,0
278419,0
278420,0
278421,0
278422,0
278423,0
278424,0
278425,0
278426,0
278427,0
278428,0
278429,0
278430,0
278431,0
278432,0
278433,0
278434,0
278435,0
278436,0
278437,0
278438,0
278439,0
278440,0
278441,0
278442,0
278443,0
278444,0
278445,0
278446,0
278447,0
278448,0
278449,0
278450,0
278451,1
278452,0
278453,0
278454,0
278455,0
278456,0
278457,0
278458,0
278459,0
278460,0
278461,0
278462,0
278463,0
278464,0
278465,0
278466,0
278467,0
278468,0
278469,0
278470,0
278471,0
278472,0
278473,0
278474,0
278475,0
278476,0
278477,0
278478,0
278479,0
278480,0
278481,0
278482,0
278483,0
278484,0
278485,0
278486,0
278487,0
278488,0
278489,0
278490,0
278491,0
278492,0
278493,0
278494,0
278495,0
278496,0
278497,0
278498,0
278499,0
278500,0
278501,0
278502,0
278503,0
278504,0
278505,0
278506,0
278507,0
278508,0
278509,0
278510,0
278511,0
278512,0
278513,0
278514,0
278515,0
278516,0
278517,0
278518,0
278519,0
278520,0
278521,0
278522,0
278523,0
278524,0
278525,0
278526,0
278527,0
278528,0
278529,0
278530,0
278531,0
278532,0
278533,0
278534,0
278535,0
278536,0
278537,0
278538,0
278539,0
278540,0
278541,0
278542,0
278543,0
278544,0
278545,0
278546,0
278547,0
278548,0
278549,0
278550,0
278551,0
278552,0
278553,0
278554,0
278555,0
278556,0
278557,0
278558,0
278559,0
278560,0
278561,0
278562,0
278563,0
278564,0
278565,0
278566,0
278567,1
278568,0
278569,0
278570,0
278571,0
278572,0
278573,0
278574,0
278575,0
278576,0
278577,0
278578,0
278579,0
278580,0
278581,0
278582,0
278583,0
278584,0
278585,0
278586,0
278587,0
278588,0
278589,0
278590,0
278591,0
278592,0
278593,0
278594,0
278595,0
278596,0
278597,0
278598,0
278599,0
278600,0
278601,0
278602,0
278603,0
278604,0
278605,0
278606,0
278607,0
278608,0
278609,0
278610,0
278611,0
278612,0
278613,0
278614,0
278615,0
278616,0
278617,0
278618,0
278619,0
278620,0
278621,1
278622,0
278623,0
278624,0
278625,0
278626,0
278627,0
278628,0
278629,0
278630,0
278631,0
278632,0
278633,0
278634,0
278635,0
278636,0
278637,0
278638,0
278639,0
278640,0
278641,0
278642,0
278643,0
278644,1
278645,0
278646,0
278647,0
278648,0
278649,0
278650,0
278651,0
278652,0
278653,0
278654,0
278655,0
278656,0
278657,0
278658,0
278659,0
278660,0
278661,0
278662,0
278663,0
278664,0
278665,0
278666,0
278667,0
278668,0
278669,0
278670,0
278671,0
278672,0
278673,0
278674,0
278675,0
278676,0
278677,0
278678,0
278679,0
278680,0
278681,0
278682,0
278683,0
278684,0
278685,0
278686,0
278687,0
278688,0
278689,0
278690,0
278691,0
278692,0
278693,0
278694,0
278695,0
278696,0
278697,0
278698,0
278699,0
278700,0
278701,0
278702,0
278703,0
278704,0
278705,0
278706,0
278707,0
278708,0
278709,0
278710,0
278711,0
278712,0
278713,0
278714,0
278715,0
278716,0
278717,0
278718,0
278719,0
278720,0
278721,0
278722,0
278723,0
278724,0
278725,0
278726,0
278727,0
278728,0
278729,0
278730,0
278731,0
278732,0
278733,0
278734,0
278735,0
278736,0
278737,0
278738,0
278739,0
278740,0
278741,0
278742,0
278743,0
278744,0
278745,0
278746,0
278747,0
278748,0
278749,0
278750,0
278751,0
278752,0
278753,0
278754,0
278755,0
278756,0
278757,0
278758,0
278759,0
278760,0
278761,0
278762,0
278763,0
278764,0
278765,0
278766,0
278767,0
278768,0
278769,0
278770,0
278771,0
278772,0
278773,0
278774,0
278775,0
278776,0
278777,0
278778,0
278779,0
278780,0
278781,0
278782,0
278783,0
278784,0
278785,0
278786,0
278787,0
278788,0
278789,0
278790,0
278791,0
278792,0
278793,0
278794,0
278795,0
278796,0
278797,0
278798,0
278799,0
278800,0
278801,0
278802,0
278803,0
278804,0
278805,0
278806,0
278807,0
278808,0
278809,0
278810,0
278811,0
278812,0
278813,0
278814,0
278815,0
278816,0
278817,0
278818,0
278819,0
278820,0
278821,0
278822,0
278823,0
278824,0
278825,0
278826,0
278827,0
278828,0
278829,0
278830,0
278831,0
278832,0
278833,0
278834,0
278835,0
278836,0
278837,0
278838,0
278839,0
278840,0
278841,0
278842,0
278843,0
278844,0
278845,0
278846,0
278847,0
278848,0
278849,1
278850,0
278851,0
278852,0
278853,0
278854,0
278855,0
278856,0
278857,0
278858,0
278859,0
278860,0
278861,0
278862,0
278863,0
278864,0
278865,0
278866,0
278867,0
278868,0
278869,0
278870,0
278871,0
278872,0
278873,0
278874,0
278875,0
278876,0
278877,0
278878,0
278879,0
278880,0
278881,0
278882,0
278883,0
278884,0
278885,0
278886,0
278887,0
278888,0
278889,0
278890,0
278891,0
278892,0
278893,0
278894,0
278895,0
278896,0
278897,0
278898,0
278899,0
278900,0
278901,0
278902,0
278903,0
278904,0
278905,0
278906,0
278907,0
278908,0
278909,0
278910,0
278911,0
278912,0
278913,0
278914,0
278915,0
278916,0
278917,0
278918,0
278919,0
278920,0
278921,0
278922,0
278923,0
278924,0
278925,0
278926,0
278927,0
278928,0
278929,0
278930,0
278931,0
278932,0
278933,0
278934,0
278935,0
278936,0
278937,0
278938,0
278939,0
278940,0
278941,0
278942,0
278943,0
278944,0
278945,0
278946,0
278947,0
278948,0
278949,0
278950,0
278951,0
278952,0
278953,0
278954,0
278955,0
278956,0
278957,0
278958,0
278959,0
278960,0
278961,0
278962,0
278963,0
278964,0
278965,0
278966,0
278967,0
278968,0
278969,0
278970,0
278971,0
278972,0
278973,0
278974,0
278975,0
278976,0
278977,0
278978,0
278979,0
278980,0
278981,0
278982,0
278983,0
278984,0
278985,0
278986,0
278987,0
278988,0
278989,0
278990,0
278991,0
278992,0
278993,0
278994,0
278995,0
278996,0
278997,0
278998,0
278999,0
279000,0
279001,0
279002,0
279003,0
279004,0
279005,0
279006,0
279007,0
279008,0
279009,0
279010,0
279011,0
279012,0
279013,0
279014,0
279015,0
279016,0
279017,0
279018,0
279019,0
279020,1
279021,0
279022,0
279023,0
279024,0
279025,0
279026,0
279027,0
279028,0
279029,0
279030,0
279031,0
279032,0
279033,0
279034,0
279035,0
279036,0
279037,0
279038,0
279039,0
279040,0
279041,0
279042,0
279043,0
279044,0
279045,0
279046,0
279047,0
279048,0
279049,0
279050,0
279051,0
279052,0
279053,0
279054,0
279055,0
279056,0
279057,0
279058,0
279059,0
279060,0
279061,0
279062,0
279063,0
279064,0
279065,0
279066,0
279067,0
279068,0
279069,0
279070,0
279071,0
279072,0
279073,0
279074,0
279075,0
279076,0
279077,0
279078,0
279079,0
279080,0
279081,0
279082,0
279083,0
279084,0
279085,0
279086,0
279087,0
279088,0
279089,0
279090,0
279091,0
279092,0
279093,0
279094,0
279095,0
279096,0
279097,0
279098,0
279099,0
279100,0
279101,0
279102,0
279103,0
279104,0
279105,0
279106,0
279107,0
279108,0
279109,0
279110,0
279111,0
279112,0
279113,0
279114,0
279115,0
279116,0
279117,0
279118,0
279119,1
279120,0
279121,0
279122,0
279123,0
279124,0
279125,0
279126,0
279127,1
279128,0
279129,0
279130,0
279131,0
279132,0
279133,0
279134,0
279135,0
279136,0
279137,0
279138,0
279139,0
279140,0
279141,0
279142,0
279143,0
279144,0
279145,0
279146,0
279147,0
279148,0
279149,0
279150,0
279151,0
279152,0
279153,0
279154,0
279155,0
279156,0
279157,0
279158,0
279159,0
279160,0
279161,0
279162,0
279163,0
279164,0
279165,0
279166,0
279167,0
279168,0
279169,0
279170,0
279171,0
279172,0
279173,0
279174,0
279175,0
279176,0
279177,0
279178,0
279179,0
279180,0
279181,0
279182,0
279183,0
279184,0
279185,0
279186,0
279187,0
279188,0
279189,0
279190,0
279191,0
279192,9
279193,0
279194,0
279195,10
279196,0
279197,0
279198,0
279199,0
279200,0
279201,0
279202,0
279203,0
279204,0
279205,0
279206,0
279207,0
279208,0
279209,0
279210,0
279211,0
279212,0
279213,0
279214,0
279215,0
279216,0
279217,0
279218,0
279219,0
279220,0
279221,0
279222,0
279223,0
279224,0
279225,5
279226,0
279227,0
279228,0
279229,0
279230,0
279231,0
279232,0
279233,0
279234,0
279235,0
279236,10
279237,0
279238,0
279239,0
279240,0
279241,0
279242,0
279243,0
279244,0
279245,0
279246,0
279247,13
279248,0
279249,0
279250,0
279251,0
279252,0
279253,0
279254,0
279255,0
279256,0
279257,0
279258,0
279259,0
279260,0
279261,0
279262,0
279263,0
279264,0
279265,0
279266,0
279267,0
279268,14
279269,0
279270,0
279271,0
279272,0
279273,0
279274,0
279275,0
279276,0
279277,0
279278,0
279279,0
279280,0
279281,0
279282,0
279283,0
279284,0
279285,0
279286,0
279287,0
279288,0
279289,0
279290,0
279291,0
279292,0
279293,0
279294,0
279295,0
279296,0
279297,15
279298,0
279299,0
279300,11
279301,0
279302,0
279303,4
279304,0
279305,0
279306,0
279307,0
279308,0
279309,0
279310,0
279311,0
279312,0
279313,0
279314,0
279315,0
279316,0
279317,0
279318,0
279319,0
279320,0
279321,0
279322,0
279323,0
279324,0
279325,0
279326,0
279327,0
279328,0
279329,0
279330,0
279331,0
279332,0
279333,0
279334,0
279335,0
279336,0
279337,0
279338,0
279339,0
279340,11
279341,0
279342,0
279343,0
279344,0
279345,0
279346,0
279347,0
279348,0
279349,0
279350,0
279351,0
279352,0
279353,0
279354,0
279355,0
279356,10
279357,0
279358,0
279359,0
279360,0
279361,0
279362,0
279363,0
279364,0
279365,0
279366,0
279367,0
279368,0
279369,0
279370,14
279371,10
279372,0
279373,0
279374,14
279375,0
279376,0
279377,0
279378,0
279379,0
279380,0
279381,5
279382,0
279383,0
279384,0
279385,0
279386,0
279387,0
279388,0
279389,0
279390,0
279391,0
279392,0
279393,0
279394,0
279395,0
279396,0
279397,0
279398,0
279399,0
279400,0
279401,0
279402,0
279403,0
279404,0
279405,0
279406,0
279407,0
279408,0
279409,8
279410,0
279411,0
279412,0
279413,0
279414,0
279415,0
279416,0
279417,0
279418,0
279419,0
279420,0
279421,0
279422,18
279423,0
279424,0
279425,0
279426,0
279427,0
279428,11
279429,0
279430,0
279431,11
279432,0
279433,13
279434,0
279435,0
279436,0
279437,0
279438,10
279439,0
279440,0
279441,0
279442,0
279443,0
279444,0
279445,0
279446,0
279447,17
279448,0
279449,0
279450,19
279451,0
279452,0
279453,0
279454,0
279455,0
279456,0
279457,12
279458,0
279459,0
279460,0
279461,0
279462,0
279463,0
279464,0
279465,0
279466,0
279467,0
279468,0
279469,12
279470,0
279471,0
279472,0
279473,18
279474,0
279475,0
279476,0
279477,0
279478,0
279479,0
279480,0
279481,6
279482,0
279483,0
279484,15
279485,10
279486,16
279487,15
279488,0
279489,0
279490,0
279491,0
279492,0
279493,0
279494,0
279495,0
279496,0
279497,0
279498,0
279499,0
279500,0
279501,0
279502,0
279503,0
279504,0
279505,0
279506,0
279507,0
279508,0
279509,16
279510,0
279511,0
279512,0
279513,0
279514,0
279515,0
279516,0
279517,1
279518,0
279519,0
279520,0
279521,0
279522,0
279523,0
279524,1
279525,0
279526,0
279527,0
279528,0
279529,0
279530,0
279531,0
279532,2
279533,1
279534,0
279535,1
279536,0
279537,0
279538,0
279539,0
279540,0
279541,1
279542,1
279543,0
279544,0
279545,0
279546,0
279547,0
279548,0
279549,3
279550,0
279551,0
279552,0
279553,0
279554,0
279555,0
279556,0
279557,0
279558,0
279559,1
279560,0
279561,0
279562,0
279563,0
279564,4
279565,0
279566,0
279567,0
279568,0
279569,0
279570,0
279571,0
279572,0
279573,0
279574,0
279575,1
279576,0
279577,1
279578,0
279579,0
279580,0
279581,0
279582,1
279583,0
279584,0
279585,0
279586,0
279587,0
279588,0
279589,2
279590,0
279591,0
279592,0
279593,1
279594,0
279595,1
279596,0
279597,0
279598,0
279599,0
279600,0
279601,0
279602,0
279603,0
279604,0
279605,0
279606,0
279607,0
279608,2
279609,0
279610,0
279611,2
279612,1
279613,0
279614,0
279615,0
279616,2
279617,0
279618,0
279619,0
279620,0
279621,1
279622,0
279623,1
279624,0
279625,0
279626,0
279627,0
279628,0
279629,0
279630,0
279631,1
279632,1
279633,1
279634,0
279635,0
279636,0
279637,0
279638,0
279639,0
279640,0
279641,0
279642,0
279643,0
279644,0
279645,0
279646,2
279647,0
279648,0
279649,0
279650,0
279651,0
279652,0
279653,0
279654,0
279655,0
279656,0
279657,0
279658,0
279659,0
279660,0
279661,0
279662,0
279663,0
279664,0
279665,2
279666,0
279667,1
279668,0
279669,1
279670,0
279671,0
279672,0
279673,0
279674,0
279675,0
279676,0
279677,0
279678,0
279679,0
279680,0
279681,0
279682,0
279683,0
279684,0
279685,2
279686,3
279687,0
279688,0
279689,0
279690,0
279691,0
279692,0
279693,1
279694,0
279695,0
279696,0
279697,0
279698,0
279699,0
279700,0
279701,0
279702,1
279703,0
279704,0
279705,0
279706,0
279707,0
279708,0
279709,0
279710,0
279711,0
279712,0
279713,0
279714,0
279715,1
279716,0
279717,0
279718,0
279719,0
279720,0
279721,1
279722,0
279723,0
279724,0
279725,0
279726,0
279727,0
279728,0
279729,0
279730,0
279731,0
279732,0
279733,3
279734,0
279735,0
279736,0
279737,0
279738,0
279739,0
279740,0
279741,0
279742,0
279743,1
279744,0
279745,0
279746,0
279747,0
279748,0
279749,0
279750,0
279751,0
279752,0
279753,0
279754,4
279755,0
279756,1
279757,0
279758,0
279759,1
279760,0
279761,0
279762,1
279763,0
279764,0
279765,0
279766,0
279767,0
279768,0
279769,0
279770,0
279771,0
279772,0
279773,1
279774,0
279775,0
279776,1
279777,0
279778,0
279779,0
279780,0
279781,0
279782,0
279783,0
279784,0
279785,0
279786,0
279787,0
279788,0
279789,0
279790,0
279791,0
279792,0
279793,0
279794,1
279795,0
279796,0
279797,0
279798,0
279799,0
279800,3
279801,0
279802,0
279803,0
279804,0
279805,0
279806,0
279807,0
279808,1
279809,0
279810,0
279811,1
279812,0
279813,0
279814,0
279815,0
279816,0
279817,0
279818,0
279819,0
279820,0
279821,0
279822,0
279823,3
279824,1
279825,0
279826,0
279827,2
279828,0
279829,0
279830,0
279831,0
279832,0
279833,0
279834,0
279835,0
279836,0
279837,0
279838,0
279839,0
279840,0
279841,0
279842,0
279843,0
279844,0
279845,1
279846,0
279847,0
279848,1
279849,0
279850,0
279851,0
279852,0
279853,0
279854,0
279855,1
279856,0
279857,0
279858,0
279859,1
279860,0
279861,0
279862,2
279863,0
279864,0
279865,2
279866,0
279867,1
279868,0
279869,0
279870,0
279871,1
279872,0
279873,0
279874,1
279875,0
279876,0
279877,0
279878,2
279879,0
279880,0
279881,0
279882,0
279883,0
279884,0
279885,0
279886,0
279887,0
279888,0
279889,1
279890,0
279891,0
279892,0
279893,2
279894,0
279895,0
279896,0
279897,0
279898,0
279899,0
279900,0
279901,0
279902,0
279903,0
279904,3
279905,0
279906,0
279907,1
279908,0
279909,0
279910,0
279911,0
279912,0
279913,0
279914,0
279915,0
279916,1
279917,0
279918,0
279919,0
279920,0
279921,0
279922,0
279923,0
279924,0
279925,0
279926,0
279927,0
279928,0
279929,0
279930,0
279931,0
279932,0
279933,0
279934,0
279935,0
279936,3
279937,1
279938,0
279939,0
279940,0
279941,1
279942,0
279943,0
279944,0
279945,0
279946,0
279947,0
279948,0
279949,0
279950,0
279951,0
279952,0
279953,0
279954,0
279955,0
279956,0
279957,1
279958,0
279959,0
279960,0
279961,0
279962,0
279963,0
279964,0
279965,0
279966,1
279967,0
279968,2
279969,0
279970,0
279971,0
279972,0
279973,2
279974,1
279975,0
279976,0
279977,0
279978,0
279979,2
279980,0
279981,0
279982,0
279983,1
279984,0
279985,0
279986,0
279987,0
279988,0
279989,0
279990,0
279991,2
279992,2
279993,0
279994,0
279995,1
279996,0
279997,1
279998,0
279999,0
280000,0
280001,0
280002,0
280003,0
280004,0
280005,0
280006,0
280007,0
280008,1
280009,0
280010,0
280011,1
280012,2
280013,0
280014,0
280015,0
280016,0
280017,2
280018,0
280019,1
280020,0
280021,0
280022,2
280023,1
280024,0
280025,3
280026,0
280027,1
280028,0
280029,0
280030,0
280031,0
280032,2
280033,0
280034,0
280035,0
280036,0
280037,0
280038,0
280039,0
280040,0
280041,1
280042,0
280043,0
280044,0
280045,0
280046,0
280047,0
280048,0
280049,0
280050,0
280051,0
280052,0
280053,1
280054,0
280055,0
280056,1
280057,0
280058,0
280059,0
280060,0
280061,0
280062,0
280063,0
280064,0
280065,0
280066,0
280067,0
280068,0
280069,0
280070,0
280071,0
280072,0
280073,0
280074,0
280075,0
280076,0
280077,0
280078,0
280079,1
280080,0
280081,1
280082,1
280083,0
280084,0
280085,0
280086,2
280087,0
280088,0
280089,0
280090,0
280091,0
280092,0
280093,0
280094,0
280095,1
280096,0
280097,1
280098,2
280099,0
280100,0
280101,0
280102,1
280103,1
280104,0
280105,0
280106,0
280107,0
280108,0
280109,0
280110,0
280111,4
280112,0
280113,2
280114,0
280115,0
280116,0
280117,1
280118,0
280119,0
280120,0
280121,0
280122,0
280123,0
280124,1
280125,0
280126,0
280127,0
280128,0
280129,0
280130,0
280131,0
280132,0
280133,0
280134,0
280135,1
280136,0
280137,0
280138,0
280139,3
280140,0
280141,1
280142,1
280143,0
280144,2
280145,0
280146,0
280147,0
280148,0
280149,0
280150,2
280151,0
280152,0
280153,0
280154,0
280155,0
280156,0
280157,0
280158,0
280159,0
280160,0
280161,0
280162,1
280163,0
280164,0
280165,0
280166,0
280167,1
280168,0
280169,0
280170,0
280171,0
280172,0
280173,0
280174,0
280175,1
280176,0
280177,0
280178,0
280179,0
280180,0
280181,2
280182,0
280183,4
280184,0
280185,0
280186,0
280187,0
280188,0
280189,0
280190,0
280191,0
280192,0
280193,0
280194,1
280195,0
280196,0
280197,0
280198,0
280199,2
280200,1
280201,0
280202,0
280203,0
280204,1
280205,0
280206,0
280207,0
280208,0
280209,3
280210,0
280211,0
280212,1
280213,0
280214,0
280215,0
280216,0
280217,0
280218,3
280219,0
280220,0
280221,0
280222,0
280223,0
280224,0
280225,0
280226,0
280227,0
280228,0
280229,0
280230,0
280231,0
280232,1
280233,0
280234,0
280235,1
280236,0
280237,0
280238,0
280239,0
280240,0
280241,0
280242,1
280243,0
280244,0
280245,0
280246,0
280247,0
280248,0
280249,0
280250,1
280251,0
280252,0
280253,1
280254,0
280255,0
280256,0
280257,0
280258,0
280259,0
280260,0
280261,0
280262,0
280263,0
280264,1
280265,2
280266,0
280267,0
280268,0
280269,0
280270,0
280271,0
280272,1
280273,0
280274,0
280275,0
280276,0
280277,0
280278,0
280279,0
280280,0
280281,0
280282,0
280283,0
280284,1
280285,0
280286,0
280287,0
280288,0
280289,0
280290,0
280291,0
280292,0
280293,2
280294,0
280295,0
280296,0
280297,0
280298,0
280299,0
280300,0
280301,1
280302,0
280303,0
280304,0
280305,0
280306,0
280307,0
280308,2
280309,0
280310,0
280311,0
280312,2
280313,0
280314,2
280315,1
280316,0
280317,0
280318,0
280319,0
280320,0
280321,0
280322,0
280323,0
280324,0
280325,0
280326,0
280327,0
280328,1
280329,1
280330,0
280331,0
280332,0
280333,0
280334,0
280335,0
280336,0
280337,0
280338,0
280339,0
280340,0
280341,43
280342,0
280343,0
280344,13
280345,0
280346,0
280347,0
280348,0
280349,0
280350,0
280351,0
280352,29
280353,0
280354,0
280355,0
280356,0
280357,0
280358,0
280359,0
280360,0
280361,0
280362,0
280363,0
280364,0
280365,0
280366,0
280367,0
280368,0
280369,0
280370,0
280371,0
280372,14
280373,0
280374,0
280375,0
280376,0
280377,0
280378,0
280379,0
280380,0
280381,0
280382,0
280383,0
280384,0
280385,0
280386,0
280387,0
280388,0
280389,0
280390,0
280391,0
280392,0
280393,0
280394,0
280395,0
280396,0
280397,0
280398,0
280399,21
280400,0
280401,0
280402,0
280403,0
280404,20
280405,0
280406,0
280407,0
280408,0
280409,0
280410,0
280411,0
280412,0
280413,0
280414,0
280415,0
280416,17
280417,0
280418,7
280419,0
280420,0
280421,0
280422,0
280423,0
280424,0
280425,0
280426,0
280427,0
280428,0
280429,0
280430,0
280431,0
280432,0
280433,0
280434,0
280435,17
280436,0
280437,0
280438,0
280439,0
280440,0
280441,0
280442,0
280443,0
280444,0
280445,26
280446,0
280447,0
280448,0
280449,0
280450,0
280451,0
280452,0
280453,0
280454,0
280455,0
280456,35
280457,0
280458,0
280459,0
280460,0
280461,0
280462,0
280463,0
280464,0
280465,0
280466,0
280467,0
280468,0
280469,0
280470,0
280471,0
280472,0
280473,0
280474,0
280475,25
280476,0
280477,0
280478,41
280479,0
280480,0
280481,38
280482,0
280483,0
280484,0
280485,14
280486,0
280487,28
280488,40
280489,26
280490,0
280491,0
280492,0
280493,0
280494,0
280495,0
280496,0
280497,0
280498,39
280499,0
280500,0
280501,40
280502,0
280503,0
280504,0
280505,25
280506,0
280507,0
280508,0
280509,0
280510,0
280511,0
280512,30
280513,0
280514,0
280515,0
280516,0
280517,0
280518,0
280519,0
280520,0
280521,0
280522,0
280523,30
280524,31
280525,0
280526,0
280527,0
280528,0
280529,0
280530,0
280531,0
280532,0
280533,0
280534,29
280535,0
280536,49
280537,0
280538,40
280539,0
280540,35
280541,48
280542,0
280543,0
280544,0
280545,18
280546,0
280547,0
280548,0
280549,0
280550,0
280551,0
280552,0
280553,0
280554,0
280555,0
280556,0
280557,17
280558,0
280559,0
280560,0
280561,0
280562,0
280563,21
280564,0
280565,0
280566,0
280567,0
280568,0
280569,0
280570,0
280571,35
280572,0
280573,0
280574,0
280575,0
280576,30
280577,36
280578,0
280579,0
280580,40
280581,17
280582,33
280583,34
280584,0
280585,0
280586,35
280587,0
280588,0
280589,0
280590,0
280591,0
280592,0
280593,0
280594,0
280595,0
280596,0
280597,16
280598,0
280599,0
280600,0
280601,0
280602,0
280603,38
280604,0
280605,37
280606,0
280607,0
280608,0
280609,0
280610,0
280611,0
280612,0
280613,0
280614,0
280615,0
280616,0
280617,0
280618,0
280619,0
280620,41
280621,0
280622,0
280623,9
280624,0
280625,0
280626,0
280627,0
280628,37
280629,0
280630,0
280631,35
280632,0
280633,24
280634,0
280635,0
280636,0
280637,0
280638,0
280639,42
280640,61
280641,0
280642,0
280643,0
280644,40
280645,33
280646,28
280647,24
280648,0
280649,0
280650,0
280651,0
280652,0
280653,0
280654,0
280655,34
280656,0
280657,0
280658,0
280659,0
280660,0
280661,0
280662,31
280663,0
280664,0
280665,45
280666,0
280667,0
280668,0
280669,22
280670,47
280671,32
280672,0
280673,0
280674,0
280675,0
280676,32
280677,47
280678,0
280679,0
280680,0
280681,0
280682,39
280683,0
280684,0
280685,0
280686,0
280687,48
280688,0
280689,0
280690,28
280691,43
280692,0
280693,0
280694,0
280695,0
280696,23
280697,22
280698,16
280699,47
280700,0
280701,0
280702,0
280703,0
280704,0
280705,0
280706,0
280707,0
280708,35
280709,0
280710,37
280711,0
280712,0
280713,0
280714,39
280715,36
280716,26
280717,0
280718,0
280719,30
280720,28
280721,0
280722,40
280723,29
280724,0
280725,31
280726,0
280727,33
280728,0
280729,35
280730,0
280731,0
280732,0
280733,0
280734,24
280735,24
280736,0
280737,25
280738,0
280739,0
280740,34
280741,43
280742,44
280743,34
280744,0
280745,0
280746,0
280747,0
280748,47
280749,0
280750,0
280751,22
280752,31
280753,0
280754,0
280755,0
280756,28
280757,33
280758,0
280759,40
280760,0
280761,0
280762,0
280763,0
280764,33
280765,49
280766,0
280767,0
280768,0
280769,0
280770,0
280771,0
280772,35
280773,0
280774,0
280775,0
280776,0
280777,31
280778,0
280779,0
280780,0
280781,37
280782,0
280783,0
280784,0
280785,0
280786,24
280787,0
280788,0
280789,0
280790,0
280791,29
280792,0
280793,0
280794,0
280795,0
280796,0
280797,0
280798,0
280799,0
280800,0
280801,0
280802,0
280803,26
280804,0
280805,0
280806,0
280807,39
280808,0
280809,31
280810,0
280811,29
280812,0
280813,0
280814,0
280815,30
280816,0
280817,0
280818,36
280819,0
280820,33
280821,0
280822,0
280823,0
280824,0
280825,25
280826,0
280827,39
280828,0
280829,0
280830,0
280831,0
280832,44
280833,11
280834,39
280835,22
280836,0
280837,0
280838,0
280839,0
280840,0
280841,0
280842,0
280843,36
280844,0
280845,29
280846,32
280847,40
280848,0
280849,0
280850,42
280851,22
280852,0
280853,18
280854,0
280855,15
280856,0
280857,0
280858,0
280859,0
280860,0
280861,0
280862,0
280863,30
280864,0
280865,39
280866,0
280867,0
280868,0
280869,0
280870,0
280871,0
280872,0
280873,0
280874,38
280875,0
280876,30
280877,20
280878,0
280879,0
280880,0
280881,0
280882,0
280883,0
280884,0
280885,0
280886,0
280887,38
280888,0
280889,0
280890,0
280891,0
280892,0
280893,0
280894,0
280895,0
280896,0
280897,0
280898,28
280899,0
280900,0
280901,0
280902,0
280903,0
280904,0
280905,0
280906,40
280907,51
280908,54
280909,0
280910,0
280911,0
280912,29
280913,17
280914,0
280915,0
280916,0
280917,0
280918,32
280919,0
280920,0
280921,22
280922,46
280923,0
280924,21
280925,0
280926,0
280927,0
280928,0
280929,0
280930,0
280931,0
280932,0
280933,8
280934,0
280935,0
280936,0
280937,0
280938,10
280939,0
280940,0
280941,0
280942,26
280943,0
280944,0
280945,0
280946,0
280947,0
280948,0
280949,13
280950,0
280951,10
280952,0
280953,0
280954,0
280955,12
280956,14
280957,0
280958,9
280959,0
280960,0
280961,0
280962,0
280963,0
280964,0
280965,0
280966,0
280967,0
280968,0
280969,0
280970,0
280971,0
280972,0
280973,0
280974,0
280975,0
280976,0
280977,0
280978,0
280979,0
280980,0
280981,0
280982,16
280983,0
280984,0
280985,7
280986,0
280987,0
280988,0
280989,0
280990,0
280991,0
280992,0
280993,0
280994,0
280995,0
280996,0
280997,0
280998,0
280999,0
281000,17
281001,0
281002,0
281003,18
281004,11
281005,0
281006,0
281007,0
281008,0
281009,15
281010,0
281011,0
281012,0
281013,0
281014,0
281015,0
281016,0
281017,27
281018,0
281019,0
281020,0
281021,0
281022,0
281023,0
281024,0
281025,0
281026,0
281027,12
281028,15
281029,0
281030,0
281031,0
281032,0
281033,0
281034,0
281035,0
281036,0
281037,0
281038,0
281039,0
281040,0
281041,0
281042,0
281043,0
281044,0
281045,0
281046,0
281047,0
281048,10
281049,0
281050,0
281051,0
281052,0
281053,0
281054,0
281055,10
281056,0
281057,0
281058,0
281059,0
281060,0
281061,0
281062,0
281063,0
281064,0
281065,0
281066,0
281067,0
281068,0
281069,0
281070,11
281071,19
281072,0
281073,0
281074,0
281075,0
281076,0
281077,0
281078,0
281079,0
281080,0
281081,0
281082,0
281083,0
281084,7
281085,0
281086,0
281087,12
281088,11
281089,18
281090,0
281091,0
281092,0
281093,0
281094,14
281095,0
281096,0
281097,0
281098,0
281099,7
281100,0
281101,9
281102,0
281103,0
281104,0
281105,0
281106,0
281107,0
281108,0
281109,9
281110,0
281111,0
281112,0
281113,0
281114,0
281115,0
281116,7
281117,0
281118,0
281119,0
281120,0
281121,0
281122,0
281123,0
281124,0
281125,9
281126,16
281127,0
281128,0
281129,0
281130,0
281131,0
281132,0
281133,19
281134,11
281135,0
281136,0
281137,0
281138,0
281139,0
281140,0
281141,0
281142,0
281143,0
281144,12
281145,0
281146,0
281147,0
281148,0
281149,0
281150,0
281151,0
281152,0
281153,0
281154,0
281155,0
281156,0
281157,0
281158,0
281159,14
281160,0
281161,6
281162,0
281163,0
281164,0
281165,0
281166,0
281167,0
281168,0
281169,0
281170,0
281171,0
281172,0
281173,0
281174,0
281175,0
281176,0
281177,0
281178,5
281179,0
281180,0
281181,0
281182,9
281183,0
281184,0
281185,0
281186,0
281187,0
281188,0
281189,0
281190,0
281191,0
281192,16
281193,0
281194,0
281195,23
281196,4
281197,0
281198,0
281199,0
281200,0
281201,11
281202,0
281203,0
281204,0
281205,0
281206,0
281207,0
281208,0
281209,0
281210,10
281211,0
281212,0
281213,0
281214,0
281215,0
281216,0
281217,0
281218,0
281219,0
281220,0
281221,0
281222,0
281223,0
281224,0
281225,0
281226,0
281227,0
281228,0
281229,7
281230,0
281231,0
281232,0
281233,0
281234,0
281235,0
281236,0
281237,0
281238,15
281239,0
281240,19
281241,0
281242,0
281243,0
281244,0
281245,0
281246,0
281247,0
281248,0
281249,0
281250,5
281251,0
281252,0
281253,0
281254,0
281255,0
281256,0
281257,0
281258,12
281259,0
281260,0
281261,0
281262,0
281263,16
281264,0
281265,14
281266,0
281267,0
281268,0
281269,0
281270,0
281271,15
281272,0
281273,0
281274,0
281275,0
281276,0
281277,0
281278,0
281279,0
281280,0
281281,0
281282,0
281283,0
281284,0
281285,0
281286,0
281287,0
281288,10
281289,0
281290,0
281291,14
281292,0
281293,0
281294,16
281295,0
281296,0
281297,7
281298,0
281299,0
281300,0
281301,0
281302,0
281303,0
281304,0
281305,0
281306,0
281307,0
281308,17
281309,0
281310,0
281311,0
281312,0
281313,0
281314,0
281315,0
281316,0
281317,0
281318,0
281319,0
281320,8
281321,0
281322,0
281323,0
281324,0
281325,0
281326,0
281327,0
281328,0
281329,13
281330,0
281331,0
281332,0
281333,0
281334,10
281335,0
281336,0
281337,0
281338,0
281339,0
281340,0
281341,14
281342,18
281343,9
281344,22
281345,0
281346,0
281347,0
281348,0
281349,0
281350,0
281351,0
281352,0
281353,0
281354,0
281355,0
281356,0
281357,0
281358,0
281359,0
281360,0
281361,0
281362,0
281363,0
281364,14
281365,0
281366,0
281367,0
281368,0
281369,0
281370,20
281371,0
281372,0
281373,11
281374,0
281375,16
281376,0
281377,8
281378,6
281379,0
281380,0
281381,0
281382,0
281383,0
281384,0
281385,0
281386,0
281387,0
281388,0
281389,11
281390,0
281391,0
281392,0
281393,0
281394,0
281395,0
281396,0
281397,10
281398,0
281399,0
281400,0
281401,0
281402,0
281403,0
281404,0
281405,0
281406,0
281407,0
281408,16
281409,0
281410,0
281411,0
281412,0
281413,19
281414,0
281415,0
281416,0
281417,0
281418,0
281419,0
281420,0
281421,0
281422,0
281423,0
281424,0
281425,0
281426,0
281427,0
281428,0
281429,0
281430,9
281431,0
281432,10
281433,0
281434,0
281435,0
281436,0
281437,0
281438,0
281439,0
281440,0
281441,0
281442,22
281443,0
281444,0
281445,0
281446,0
281447,0
281448,0
281449,0
281450,0
281451,0
281452,0
281453,0
281454,10
281455,0
281456,0
281457,0
281458,0
281459,0
281460,0
281461,0
281462,0
281463,0
281464,0
281465,0
281466,0
281467,0
281468,0
281469,13
281470,0
281471,0
281472,0
281473,0
281474,0
281475,0
281476,0
281477,0
281478,0
281479,0
281480,0
281481,0
281482,0
281483,0
281484,0
281485,0
281486,12
281487,0
281488,0
281489,0
281490,0
281491,0
281492,0
281493,0
281494,0
281495,0
281496,0
281497,0
281498,0
281499,0
281500,0
281501,0
281502,0
281503,0
281504,0
281505,0
281506,13
281507,0
281508,10
281509,24
281510,0
281511,0
281512,0
281513,0
281514,0
281515,0
281516,0
281517,0
281518,0
281519,0
281520,14
281521,0
281522,0
281523,0
281524,0
281525,0
281526,0
281527,0
281528,0
281529,8
281530,0
281531,0
281532,0
281533,0
281534,0
281535,8
281536,0
281537,0
281538,5
281539,0
281540,0
281541,0
281542,0
281543,0
281544,0
281545,6
281546,13
281547,0
281548,0
281549,0
281550,0
281551,0
281552,0
281553,13
281554,0
281555,0
281556,0
281557,0
281558,0
281559,8
281560,0
281561,0
281562,0
281563,0
281564,12
281565,0
281566,0
281567,0
281568,14
281569,17
281570,0
281571,0
281572,0
281573,0
281574,0
281575,17
281576,0
281577,10
281578,0
281579,0
281580,0
281581,0
281582,0
281583,0
281584,0
281585,0
281586,0
281587,0
281588,0
281589,0
281590,0
281591,0
281592,0
281593,0
281594,0
281595,0
281596,0
281597,0
281598,0
281599,0
281600,0
281601,17
281602,0
281603,8
281604,0
281605,0
281606,0
281607,0
281608,0
281609,0
281610,0
281611,0
281612,12
281613,14
281614,0
281615,0
281616,0
281617,17
281618,18
281619,0
281620,0
281621,0
281622,0
281623,0
281624,0
281625,0
281626,0
281627,0
281628,0
281629,16
281630,15
281631,0
281632,0
281633,0
281634,15
281635,0
281636,0
281637,0
281638,0
281639,0
281640,0
281641,0
281642,0
281643,0
281644,0
281645,0
281646,0
281647,19
281648,0
281649,0
281650,17
281651,0
281652,15
281653,0
281654,0
281655,0
281656,13
281657,15
281658,0
281659,0
281660,0
281661,0
281662,0
281663,0
281664,0
281665,8
281666,0
281667,0
281668,21
281669,0
281670,0
281671,0
281672,0
281673,0
281674,11
281675,0
281676,0
281677,0
281678,12
281679,0
281680,0
281681,0
281682,0
281683,0
281684,0
281685,0
281686,9
281687,0
281688,11
281689,0
281690,0
281691,0
281692,0
281693,0
281694,0
281695,0
281696,0
281697,0
281698,0
281699,0
281700,0
281701,0
281702,0
281703,0
281704,0
281705,0
281706,0
281707,0
281708,0
281709,0
281710,0
281711,0
281712,0
281713,0
281714,0
281715,0
281716,0
281717,10
281718,6
281719,0
281720,0
281721,0
281722,10
281723,0
281724,11
281725,0
281726,0
281727,0
281728,0
281729,0
281730,0
281731,10
281732,0
281733,0
281734,0
281735,0
281736,0
281737,0
281738,0
281739,0
281740,12
281741,0
281742,0
281743,0
281744,0
281745,0
281746,0
281747,0
281748,0
281749,0
281750,11
281751,0
281752,0
281753,0
281754,0
281755,11
281756,0
281757,0
281758,0
281759,0
281760,0
281761,0
281762,0
281763,0
281764,0
281765,0
281766,0
281767,0
281768,0
281769,0
281770,0
281771,0
281772,0
281773,0
281774,0
281775,0
281776,11
281777,0
281778,9
281779,0
281780,0
281781,0
281782,0
281783,0
281784,0
281785,0
281786,25
281787,0
281788,0
281789,0
281790,0
281791,12
281792,0
281793,0
281794,10
281795,0
281796,0
281797,10
281798,14
281799,0
281800,0
281801,0
281802,0
281803,0
281804,0
281805,0
281806,0
281807,0
281808,0
281809,0
281810,11
281811,0
281812,0
281813,0
281814,0
281815,0
281816,4
281817,0
281818,0
281819,0
281820,0
281821,0
281822,0
281823,20
281824,0
281825,0
281826,10
281827,0
281828,0
281829,0
281830,0
281831,0
281832,0
281833,0
281834,0
281835,0
281836,0
281837,0
281838,0
281839,0
281840,0
281841,0
281842,0
281843,15
281844,0
281845,10
281846,0
281847,0
281848,0
281849,0
281850,0
281851,0
281852,0
281853,0
281854,8
281855,0
281856,0
281857,0
281858,0
281859,0
281860,0
281861,0
281862,0
281863,0
281864,0
281865,7
281866,0
281867,0
281868,0
281869,0
281870,0
281871,0
281872,0
281873,0
281874,0
281875,10
281876,0
281877,0
281878,0
281879,10
281880,0
281881,0
281882,18
281883,0
281884,0
281885,0
281886,0
281887,0
281888,0
281889,0
281890,9
281891,0
281892,0
281893,11
281894,0
281895,8
281896,0
281897,0
281898,0
281899,0
281900,0
281901,0
281902,8
281903,0
281904,14
281905,0
281906,0
281907,4
281908,0
281909,0
281910,0
281911,0
281912,0
281913,21
281914,0
281915,0
281916,0
281917,0
281918,0
281919,0
281920,0
281921,0
281922,0
281923,0
281924,0
281925,0
281926,0
281927,0
281928,37
281929,0
281930,0
281931,0
281932,0
281933,0
281934,0
281935,0
281936,41
281937,0
281938,0
281939,0
281940,0
281941,0
281942,0
281943,0
281944,0
281945,0
281946,0
281947,0
281948,0
281949,0
281950,0
281951,0
281952,0
281953,0
281954,0
281955,0
281956,0
281957,0
281958,0
281959,0
281960,0
281961,0
281962,0
281963,0
281964,0
281965,0
281966,0
281967,0
281968,38
281969,0
281970,0
281971,0
281972,0
281973,0
281974,0
281975,0
281976,0
281977,0
281978,0
281979,0
281980,0
281981,30
281982,33
281983,0
281984,0
281985,0
281986,0
281987,0
281988,0
281989,38
281990,0
281991,0
281992,0
281993,0
281994,0
281995,0
281996,0
281997,0
281998,0
281999,0
282000,0
282001,0
282002,0
282003,0
282004,0
282005,0
282006,0
282007,0
282008,0
282009,31
282010,0
282011,0
282012,0
282013,0
282014,0
282015,0
282016,0
282017,0
282018,0
282019,0
282020,0
282021,0
282022,0
282023,0
282024,0
282025,0
282026,0
282027,31
282028,41
282029,0
282030,0
282031,0
282032,40
282033,25
282034,0
282035,0
282036,0
282037,0
282038,0
282039,0
282040,0
282041,0
282042,0
282043,0
282044,0
282045,0
282046,0
282047,0
282048,40
282049,0
282050,0
282051,25
282052,0
282053,0
282054,0
282055,37
282056,0
282057,50
282058,0
282059,0
282060,0
282061,0
282062,31
282063,45
282064,0
282065,0
282066,0
282067,0
282068,61
282069,0
282070,0
282071,28
282072,0
282073,0
282074,0
282075,48
282076,0
282077,0
282078,0
282079,0
282080,38
282081,0
282082,0
282083,0
282084,0
282085,0
282086,0
282087,0
282088,0
282089,0
282090,0
282091,0
282092,0
282093,0
282094,0
282095,22
282096,0
282097,0
282098,0
282099,0
282100,0
282101,0
282102,44
282103,31
282104,0
282105,0
282106,0
282107,0
282108,0
282109,37
282110,0
282111,0
282112,0
282113,0
282114,0
282115,39
282116,0
282117,39
282118,0
282119,0
282120,0
282121,0
282122,62
282123,0
282124,0
282125,0
282126,0
282127,0
282128,0
282129,0
282130,0
282131,0
282132,0
282133,0
282134,0
282135,0
282136,21
282137,0
282138,0
282139,8
282140,0
282141,0
282142,0
282143,0
282144,0
282145,0
282146,0
282147,0
282148,0
282149,52
282150,0
282151,0
282152,0
282153,0
282154,0
282155,31
282156,0
282157,27
282158,0
282159,0
282160,0
282161,0
282162,0
282163,0
282164,0
282165,50
282166,0
282167,0
282168,0
282169,19
282170,0
282171,0
282172,0
282173,0
282174,0
282175,0
282176,0
282177,0
282178,0
282179,0
282180,0
282181,0
282182,23
282183,0
282184,0
282185,0
282186,41
282187,0
282188,0
282189,0
282190,49
282191,0
282192,0
282193,0
282194,16
282195,0
282196,0
282197,0
282198,0
282199,0
282200,0
282201,0
282202,0
282203,0
282204,0
282205,0
282206,0
282207,20
282208,0
282209,41
282210,0
282211,38
282212,0
282213,48
282214,0
282215,0
282216,0
282217,60
282218,23
282219,0
282220,44
282221,0
282222,0
282223,0
282224,0
282225,0
282226,0
282227,32
282228,22
282229,25
282230,0
282231,0
282232,0
282233,0
282234,0
282235,0
282236,0
282237,0
282238,0
282239,14
282240,0
282241,0
282242,0
282243,0
282244,16
282245,0
282246,0
282247,0
282248,0
282249,0
282250,0
282251,0
282252,0
282253,32
282254,0
282255,0
282256,0
282257,0
282258,0
282259,0
282260,0
282261,0
282262,0
282263,0
282264,0
282265,0
282266,0
282267,0
282268,0
282269,0
282270,0
282271,0
282272,0
282273,0
282274,0
282275,0
282276,0
282277,0
282278,0
282279,29
282280,0
282281,0
282282,0
282283,58
282284,0
282285,0
282286,0
282287,0
282288,0
282289,0
282290,0
282291,48
282292,0
282293,0
282294,0
282295,0
282296,0
282297,0
282298,59
282299,0
282300,0
282301,0
282302,0
282303,0
282304,28
282305,0
282306,0
282307,0
282308,0
282309,0
282310,0
282311,0
282312,0
282313,31
282314,0
282315,0
282316,0
282317,0
282318,0
282319,0
282320,0
282321,0
282322,0
282323,0
282324,0
282325,0
282326,0
282327,0
282328,0
282329,0
282330,0
282331,24
282332,0
282333,30
282334,0
282335,0
282336,0
282337,0
282338,0
282339,0
282340,0
282341,0
282342,0
282343,21
282344,0
282345,0
282346,0
282347,0
282348,39
282349,16
282350,0
282351,0
282352,0
282353,0
282354,0
282355,0
282356,0
282357,21
282358,0
282359,0
282360,0
282361,0
282362,0
282363,0
282364,0
282365,0
282366,0
282367,0
282368,0
282369,0
282370,0
282371,0
282372,0
282373,0
282374,0
282375,30
282376,0
282377,14
282378,0
282379,0
282380,19
282381,0
282382,0
282383,27
282384,0
282385,21
282386,0
282387,0
282388,0
282389,14
282390,0
282391,0
282392,0
282393,0
282394,0
282395,0
282396,25
282397,0
282398,0
282399,0
282400,25
282401,0
282402,0
282403,0
282404,0
282405,0
282406,22
282407,0
282408,0
282409,29
282410,0
282411,0
282412,0
282413,0
282414,0
282415,0
282416,0
282417,35
282418,0
282419,0
282420,0
282421,20
282422,0
282423,0
282424,0
282425,23
282426,0
282427,24
282428,0
282429,0
282430,0
282431,0
282432,0
282433,0
282434,0
282435,0
282436,0
282437,0
282438,0
282439,0
282440,0
282441,0
282442,0
282443,0
282444,0
282445,0
282446,0
282447,0
282448,16
282449,26
282450,0
282451,0
282452,21
282453,0
282454,0
282455,0
282456,0
282457,0
282458,0
282459,20
282460,0
282461,31
282462,0
282463,0
282464,0
282465,23
282466,28
282467,0
282468,0
282469,0
282470,0
282471,0
282472,0
282473,0
282474,0
282475,0
282476,25
282477,0
282478,0
282479,0
282480,19
282481,0
282482,0
282483,0
282484,29
282485,0
282486,0
282487,0
282488,0
282489,0
282490,0
282491,0
282492,0
282493,0
282494,21
282495,0
282496,0
282497,19
282498,0
282499,0
282500,0
282501,0
282502,0
282503,0
282504,0
282505,0
282506,0
282507,0
282508,0
282509,0
282510,0
282511,0
282512,0
282513,0
282514,0
282515,0
282516,0
282517,0
282518,0
282519,0
282520,0
282521,0
282522,0
282523,0
282524,0
282525,0
282526,0
282527,0
282528,0
282529,0
282530,0
282531,31
282532,0
282533,0
282534,0
282535,0
282536,0
282537,0
282538,0
282539,0
282540,0
282541,23
282542,0
282543,0
282544,0
282545,0
282546,0
282547,0
282548,21
282549,0
282550,0
282551,0
282552,0
282553,0
282554,0
282555,0
282556,0
282557,0
282558,0
282559,0
282560,0
282561,0
282562,0
282563,0
282564,0
282565,0
282566,19
282567,0
282568,0
282569,0
282570,0
282571,0
282572,0
282573,0
282574,0
282575,0
282576,0
282577,0
282578,0
282579,0
282580,0
282581,0
282582,0
282583,0
282584,0
282585,0
282586,0
282587,0
282588,0
282589,34
282590,0
282591,0
282592,0
282593,0
282594,0
282595,0
282596,0
282597,0
282598,0
282599,27
282600,0
282601,25
282602,0
282603,0
282604,0
282605,0
282606,0
282607,0
282608,0
282609,0
282610,0
282611,0
282612,0
282613,0
282614,0
282615,0
282616,0
282617,0
282618,0
282619,0
282620,0
282621,0
282622,18
282623,38
282624,0
282625,0
282626,0
282627,0
282628,0
282629,36
282630,0
282631,41
282632,0
282633,26
282634,0
282635,0
282636,0
282637,0
282638,0
282639,0
282640,0
282641,0
282642,0
282643,0
282644,0
282645,0
282646,0
282647,0
282648,0
282649,0
282650,0
282651,0
282652,0
282653,0
282654,0
282655,0
282656,0
282657,0
282658,0
282659,21
282660,0
282661,0
282662,0
282663,0
282664,0
282665,0
282666,0
282667,0
282668,0
282669,0
282670,0
282671,31
282672,0
282673,0
282674,0
282675,0
282676,0
282677,0
282678,0
282679,0
282680,0
282681,0
282682,0
282683,0
282684,0
282685,0
282686,0
282687,0
282688,0
282689,0
282690,0
282691,0
282692,21
282693,0
282694,0
282695,0
282696,0
282697,33
282698,0
282699,0
282700,0
282701,0
282702,21
282703,0
282704,0
282705,34
282706,0
282707,0
282708,0
282709,0
282710,0
282711,0
282712,0
282713,0
282714,0
282715,0
282716,0
282717,0
282718,0
282719,32
282720,0
282721,0
282722,0
282723,0
282724,27
282725,0
282726,0
282727,0
282728,0
282729,0
282730,0
282731,0
282732,0
282733,0
282734,0
282735,0
282736,0
282737,0
282738,0
282739,22
282740,23
282741,0
282742,0
282743,0
282744,0
282745,0
282746,0
282747,0
282748,0
282749,0
282750,0
282751,0
282752,0
282753,0
282754,0
282755,0
282756,0
282757,0
282758,0
282759,0
282760,0
282761,0
282762,0
282763,0
282764,0
282765,31
282766,0
282767,0
282768,0
282769,0
282770,0
282771,0
282772,0
282773,26
282774,0
282775,0
282776,0
282777,0
282778,0
282779,0
282780,0
282781,0
282782,29
282783,0
282784,0
282785,22
282786,0
282787,0
282788,0
282789,28
282790,0
282791,27
282792,36
282793,0
282794,0
282795,22
282796,0
282797,0
282798,0
282799,0
282800,33
282801,0
282802,0
282803,0
282804,0
282805,0
282806,0
282807,0
282808,0
282809,0
282810,31
282811,0
282812,0
282813,0
282814,0
282815,0
282816,0
282817,0
282818,0
282819,0
282820,0
282821,0
282822,28
282823,0
282824,34
282825,0
282826,0
282827,0
282828,0
282829,0
282830,0
282831,0
282832,0
282833,0
282834,0
282835,0
282836,0
282837,0
282838,18
282839,0
282840,0
282841,0
282842,0
282843,0
282844,30
282845,27
282846,0
282847,0
282848,0
282849,0
282850,0
282851,0
282852,0
282853,0
282854,0
282855,0
282856,29
282857,0
282858,0
282859,24
282860,0
282861,0
282862,0
282863,0
282864,0
282865,0
282866,0
282867,0
282868,13
282869,0
282870,0
282871,0
282872,23
282873,0
282874,0
282875,0
282876,0
282877,35
282878,0
282879,0
282880,0
282881,0
282882,28
282883,27
282884,0
282885,32
282886,0
282887,36
282888,0
282889,0
282890,0
282891,0
282892,0
282893,0
282894,0
282895,0
282896,0
282897,0
282898,31
282899,0
282900,0
282901,0
282902,0
282903,26
282904,25
282905,0
282906,34
282907,23
282908,0
282909,0
282910,0
282911,0
282912,0
282913,0
282914,0
282915,0
282916,33
282917,0
282918,0
282919,0
282920,0
282921,23
282922,0
282923,0
282924,0
282925,0
282926,0
282927,0
282928,0
282929,0
282930,0
282931,0
282932,0
282933,0
282934,0
282935,0
282936,0
282937,0
282938,0
282939,0
282940,20
282941,0
282942,0
282943,44
282944,0
282945,29
282946,0
282947,0
282948,0
282949,0
282950,0
282951,0
282952,0
282953,35
282954,0
282955,0
282956,0
282957,0
282958,0
282959,33
282960,13
282961,0
282962,0
282963,15
282964,0
282965,0
282966,0
282967,0
282968,0
282969,0
282970,0
282971,0
282972,0
282973,0
282974,23
282975,0
282976,0
282977,0
282978,0
282979,4
282980,0
282981,26
282982,22
282983,0
282984,31
282985,0
282986,33
282987,32
282988,0
282989,0
282990,61
282991,13
282992,0
282993,26
282994,0
282995,0
282996,0
282997,0
282998,0
282999,0
283000,55
283001,0
283002,41
283003,0
283004,0
283005,0
283006,0
283007,0
283008,0
283009,0
283010,18
283011,0
283012,0
283013,23
283014,0
283015,0
283016,30
283017,0
283018,0
283019,0
283020,0
283021,0
283022,0
283023,24
283024,0
283025,0
283026,0
283027,18
283028,0
283029,0
283030,0
283031,0
283032,0
283033,10
283034,0
283035,0
283036,43
283037,40
283038,36
283039,0
283040,0
283041,0
283042,0
283043,0
283044,0
283045,0
283046,0
283047,18
283048,28
283049,0
283050,54
283051,31
283052,13
283053,32
283054,0
283055,0
283056,21
283057,0
283058,0
283059,0
283060,18
283061,0
283062,25
283063,0
283064,0
283065,0
283066,22
283067,21
283068,0
283069,0
283070,47
283071,0
283072,0
283073,0
283074,0
283075,22
283076,0
283077,0
283078,0
283079,0
283080,0
283081,25
283082,0
283083,0
283084,0
283085,0
283086,9
283087,1
283088,0
283089,0
283090,0
283091,17
283092,0
283093,17
283094,0
283095,23
283096,0
283097,0
283098,0
283099,31
283100,0
283101,0
283102,0
283103,0
283104,0
283105,0
283106,0
283107,0
283108,0
283109,0
283110,19
283111,0
283112,0
283113,0
283114,0
283115,17
283116,0
283117,0
283118,33
283119,0
283120,18
283121,0
283122,0
283123,0
283124,0
283125,0
283126,23
283127,0
283128,0
283129,0
283130,0
283131,12
283132,50
283133,0
283134,0
283135,0
283136,0
283137,53
283138,0
283139,0
283140,12
283141,0
283142,0
283143,0
283144,0
283145,0
283146,12
283147,29
283148,0
283149,0
283150,0
283151,0
283152,19
283153,0
283154,32
283155,0
283156,30
283157,0
283158,0
283159,17
283160,0
283161,0
283162,0
283163,0
283164,0
283165,13
283166,0
283167,0
283168,24
283169,0
283170,0
283171,0
283172,0
283173,0
283174,0
283175,0
283176,0
283177,12
283178,0
283179,0
283180,0
283181,0
283182,0
283183,0
283184,17
283185,0
283186,0
283187,42
283188,30
283189,0
283190,0
283191,0
283192,30
283193,0
283194,0
283195,0
283196,0
283197,0
283198,0
283199,0
283200,0
283201,0
283202,0
283203,0
283204,11
283205,15
283206,0
283207,0
283208,0
283209,0
283210,0
283211,0
283212,0
283213,24
283214,0
283215,0
283216,0
283217,20
283218,0
283219,12
283220,0
283221,9
283222,0
283223,0
283224,0
283225,0
283226,0
283227,0
283228,0
283229,0
283230,0
283231,30
283232,0
283233,0
283234,0
283235,19
283236,16
283237,0
283238,0
283239,31
283240,0
283241,0
283242,0
283243,0
283244,0
283245,23
283246,0
283247,0
283248,0
283249,23
283250,0
283251,0
283252,0
283253,47
283254,0
283255,0
283256,0
283257,0
283258,0
283259,0
283260,33
283261,26
283262,0
283263,0
283264,0
283265,0
283266,0
283267,0
283268,0
283269,0
283270,17
283271,11
283272,25
283273,0
283274,14
283275,0
283276,0
283277,23
283278,0
283279,0
283280,0
283281,1
283282,0
283283,0
283284,0
283285,0
283286,0
283287,0
283288,0
283289,0
283290,0
283291,0
283292,0
283293,0
283294,27
283295,35
283296,20
283297,0
283298,0
283299,19
283300,0
283301,0
283302,0
283303,0
283304,8
283305,0
283306,0
283307,0
283308,0
283309,28
283310,15
283311,0
283312,20
283313,0
283314,0
283315,0
283316,0
283317,0
283318,20
283319,0
283320,0
283321,0
283322,0
283323,32
283324,0
283325,20
283326,17
283327,49
283328,0
283329,0
283330,0
283331,19
283332,0
283333,0
283334,17
283335,0
283336,0
283337,28
283338,14
283339,0
283340,20
283341,33
283342,31
283343,0
283344,0
283345,0
283346,0
283347,0
283348,0
283349,17
283350,0
283351,0
283352,0
283353,0
283354,0
283355,0
283356,0
283357,22
283358,0
283359,31
283360,0
283361,0
283362,0
283363,23
283364,0
283365,0
283366,0
283367,0
283368,0
283369,0
283370,0
283371,0
283372,0
283373,21
283374,0
283375,0
283376,0
283377,0
283378,0
283379,0
283380,53
283381,0
283382,0
283383,0
283384,0
283385,16
283386,14
283387,0
283388,0
283389,14
283390,26
283391,0
283392,0
283393,0
283394,0
283395,0
283396,23
283397,0
283398,0
283399,0
283400,25
283401,0
283402,0
283403,0
283404,42
283405,32
283406,0
283407,26
283408,0
283409,0
283410,0
283411,0
283412,0
283413,42
283414,22
283415,0
283416,44
283417,0
283418,26
283419,0
283420,0
283421,0
283422,0
283423,26
283424,14
283425,0
283426,0
283427,0
283428,0
283429,59
283430,52
283431,0
283432,0
283433,0
283434,0
283435,0
283436,0
283437,0
283438,0
283439,0
283440,0
283441,0
283442,50
283443,14
283444,25
283445,24
283446,0
283447,0
283448,30
283449,13
283450,0
283451,0
283452,0
283453,32
283454,0
283455,0
283456,0
283457,18
283458,0
283459,0
283460,0
283461,0
283462,0
283463,19
283464,41
283465,0
283466,0
283467,0
283468,0
283469,0
283470,0
283471,0
283472,0
283473,23
283474,0
283475,0
283476,18
283477,0
283478,0
283479,24
283480,0
283481,24
283482,30
283483,20
283484,0
283485,0
283486,0
283487,10
283488,0
283489,0
283490,0
283491,0
283492,0
283493,0
283494,0
283495,0
283496,26
283497,21
283498,51
283499,0
283500,0
283501,0
283502,0
283503,0
283504,29
283505,0
283506,0
283507,0
283508,0
283509,0
283510,0
283511,0
283512,0
283513,32
283514,0
283515,0
283516,0
283517,32
283518,0
283519,18
283520,0
283521,0
283522,0
283523,13
283524,29
283525,0
283526,0
283527,0
283528,35
283529,0
283530,0
283531,0
283532,31
283533,49
283534,0
283535,0
283536,0
283537,27
283538,0
283539,0
283540,0
283541,0
283542,28
283543,0
283544,0
283545,0
283546,20
283547,0
283548,12
283549,14
283550,0
283551,20
283552,0
283553,0
283554,0
283555,0
283556,0
283557,23
283558,27
283559,50
283560,0
283561,0
283562,0
283563,0
283564,0
283565,28
283566,0
283567,0
283568,13
283569,0
283570,0
283571,42
283572,0
283573,0
283574,0
283575,0
283576,33
283577,5
283578,0
283579,0
283580,0
283581,31
283582,0
283583,12
283584,26
283585,0
283586,0
283587,0
283588,32
283589,0
283590,0
283591,0
283592,0
283593,0
283594,32
283595,0
283596,0
283597,34
283598,0
283599,0
283600,23
283601,30
283602,0
283603,0
283604,0
283605,0
283606,37
283607,0
283608,0
283609,0
283610,18
283611,7
283612,0
283613,31
283614,0
283615,28
283616,0
283617,0
283618,0
283619,0
283620,0
283621,0
283622,16
283623,0
283624,0
283625,0
283626,0
283627,0
283628,0
283629,0
283630,13
283631,0
283632,0
283633,0
283634,0
283635,0
283636,0
283637,0
283638,0
283639,0
283640,38
283641,0
283642,0
283643,0
283644,35
283645,0
283646,0
283647,21
283648,0
283649,0
283650,0
283651,14
283652,0
283653,0
283654,0
283655,0
283656,0
283657,0
283658,0
283659,0
283660,0
283661,0
283662,0
283663,15
283664,0
283665,0
283666,0
283667,0
283668,38
283669,0
283670,43
283671,0
283672,0
283673,0
283674,0
283675,0
283676,0
283677,0
283678,34
283679,21
283680,26
283681,21
283682,0
283683,0
283684,0
283685,0
283686,0
283687,27
283688,0
283689,10
283690,0
283691,0
283692,22
283693,26
283694,0
283695,38
283696,28
283697,17
283698,0
283699,67
283700,27
283701,0
283702,0
283703,0
283704,0
283705,54
283706,0
283707,0
283708,34
283709,0
283710,23
283711,0
283712,0
283713,0
283714,29
283715,0
283716,14
283717,0
283718,0
283719,0
283720,0
283721,0
283722,18
283723,0
283724,0
283725,0
283726,22
283727,0
283728,0
283729,28
283730,0
283731,0
283732,0
283733,0
283734,26
283735,0
283736,0
283737,0
283738,0
283739,0
283740,43
283741,0
283742,0
283743,0
283744,0
283745,31
283746,0
283747,0
283748,0
283749,0
283750,38
283751,29
283752,0
283753,0
283754,0
283755,0
283756,0
283757,42
283758,0
283759,0
283760,52
283761,0
283762,39
283763,0
283764,0
283765,23
283766,0
283767,0
283768,48
283769,0
283770,0
283771,0
283772,12
283773,0
283774,0
283775,41
283776,0
283777,0
283778,0
283779,0
283780,0
283781,48
283782,0
283783,0
283784,0
283785,0
283786,0
283787,23
283788,0
283789,0
283790,29
283791,0
283792,0
283793,0
283794,0
283795,0
283796,25
283797,20
283798,13
283799,0
283800,0
283801,54
283802,10
283803,0
283804,0
283805,50
283806,20
283807,0
283808,26
283809,0
283810,0
283811,0
283812,32
283813,0
283814,0
283815,0
283816,0
283817,0
283818,0
283819,0
283820,0
283821,0
283822,0
283823,0
283824,0
283825,0
283826,0
283827,0
283828,21
283829,0
283830,0
283831,0
283832,0
283833,0
283834,0
283835,0
283836,9
283837,25
283838,0
283839,0
283840,0
283841,0
283842,24
283843,0
283844,0
283845,23
283846,0
283847,0
283848,0
283849,0
283850,0
283851,0
283852,28
283853,12
283854,0
283855,0
283856,0
283857,41
283858,0
283859,0
283860,0
283861,11
283862,0
283863,0
283864,0
283865,0
283866,0
283867,0
283868,0
283869,0
283870,0
283871,0
283872,0
283873,0
283874,0
283875,0
283876,0
283877,0
283878,0
283879,0
283880,0
283881,0
283882,0
283883,0
283884,15
283885,0
283886,0
283887,0
283888,0
283889,0
283890,0
283891,0
283892,0
283893,0
283894,12
283895,0
283896,0
283897,0
283898,0
283899,0
283900,0
283901,0
283902,10
283903,17
283904,11
283905,0
283906,0
283907,10
283908,0
283909,0
283910,13
283911,0
283912,0
283913,10
283914,0
283915,0
283916,0
283917,4
283918,13
283919,0
283920,6
283921,0
283922,0
283923,0
283924,0
283925,8
283926,0
283927,0
283928,0
283929,0
283930,0
283931,0
283932,0
283933,0
283934,0
283935,0
283936,0
283937,0
283938,0
283939,0
283940,0
283941,0
283942,0
283943,0
283944,0
283945,10
283946,0
283947,0
283948,0
283949,0
283950,0
283951,6
283952,0
283953,0
283954,0
283955,10
283956,0
283957,7
283958,0
283959,0
283960,0
283961,7
283962,0
283963,8
283964,13
283965,0
283966,0
283967,0
283968,0
283969,0
283970,6
283971,0
283972,0
283973,0
283974,8
283975,9
283976,0
283977,0
283978,7
283979,0
283980,0
283981,13
283982,11
283983,0
283984,0
283985,0
283986,6
283987,0
283988,0
283989,0
283990,0
283991,5
283992,0
283993,0
283994,0
283995,0
283996,0
283997,0
283998,0
283999,0
284000,0
284001,0
284002,0
284003,0
284004,0
284005,0
284006,0
284007,8
284008,0
284009,0
284010,0
284011,0
284012,0
284013,0
284014,0
284015,0
284016,0
284017,0
284018,5
284019,0
284020,0
284021,0
284022,0
284023,0
284024,0
284025,8
284026,9
284027,7
284028,0
284029,0
284030,3
284031,15
284032,0
284033,9
284034,5
284035,0
284036,8
284037,5
284038,0
284039,0
284040,0
284041,8
284042,0
284043,7
284044,0
284045,0
284046,0
284047,0
284048,0
284049,0
284050,0
284051,7
284052,0
284053,0
284054,0
284055,0
284056,0
284057,0
284058,0
284059,17
284060,0
284061,0
284062,0
284063,0
284064,0
284065,0
284066,0
284067,0
284068,8
284069,0
284070,0
284071,0
284072,0
284073,0
284074,0
284075,8
284076,0
284077,10
284078,0
284079,0
284080,11
284081,0
284082,0
284083,0
284084,0
284085,0
284086,8
284087,0
284088,0
284089,0
284090,6
284091,0
284092,0
284093,0
284094,0
284095,6
284096,0
284097,0
284098,0
284099,0
284100,0
284101,10
284102,0
284103,0
284104,0
284105,0
284106,0
284107,0
284108,0
284109,0
284110,0
284111,0
284112,7
284113,7
284114,5
284115,0
284116,0
284117,0
284118,0
284119,0
284120,0
284121,10
284122,0
284123,0
284124,0
284125,0
284126,0
284127,0
284128,0
284129,0
284130,0
284131,9
284132,0
284133,0
284134,0
284135,10
284136,0
284137,0
284138,0
284139,0
284140,0
284141,7
284142,8
284143,0
284144,0
284145,0
284146,0
284147,0
284148,0
284149,5
284150,0
284151,9
284152,0
284153,0
284154,0
284155,0
284156,0
284157,5
284158,0
284159,0
284160,0
284161,0
284162,0
284163,0
284164,0
284165,0
284166,0
284167,0
284168,0
284169,0
284170,0
284171,0
284172,0
284173,0
284174,0
284175,0
284176,0
284177,0
284178,0
284179,0
284180,0
284181,0
284182,5
284183,0
284184,0
284185,0
284186,6
284187,0
284188,0
284189,0
284190,0
284191,0
284192,0
284193,0
284194,0
284195,0
284196,0
284197,3
284198,6
284199,0
284200,0
284201,0
284202,4
284203,0
284204,0
284205,0
284206,5
284207,0
284208,10
284209,0
284210,6
284211,0
284212,13
284213,13
284214,0
284215,0
284216,0
284217,0
284218,11
284219,13
284220,0
284221,0
284222,0
284223,9
284224,0
284225,0
284226,0
284227,8
284228,3
284229,0
284230,0
284231,0
284232,0
284233,12
284234,9
284235,0
284236,10
284237,0
284238,0
284239,9
284240,0
284241,4
284242,0
284243,0
284244,0
284245,0
284246,0
284247,0
284248,0
284249,6
284250,0
284251,0
284252,0
284253,9
284254,13
284255,0
284256,0
284257,9
284258,0
284259,0
284260,0
284261,9
284262,0
284263,0
284264,2
284265,0
284266,0
284267,0
284268,0
284269,0
284270,20
284271,0
284272,0
284273,0
284274,13
284275,0
284276,9
284277,0
284278,0
284279,0
284280,0
284281,0
284282,0
284283,0
284284,0
284285,10
284286,0
284287,0
284288,0
284289,0
284290,9
284291,0
284292,0
284293,11
284294,0
284295,0
284296,0
284297,0
284298,5
284299,0
284300,0
284301,0
284302,7
284303,2
284304,0
284305,0
284306,0
284307,0
284308,0
284309,0
284310,0
284311,7
284312,0
284313,7
284314,0
284315,0
284316,0
284317,0
284318,0
284319,13
284320,0
284321,0
284322,0
284323,7
284324,6
284325,0
284326,0
284327,0
284328,0
284329,0
284330,11
284331,0
284332,9
284333,0
284334,0
284335,0
284336,0
284337,0
284338,0
284339,0
284340,10
284341,9
284342,0
284343,14
284344,0
284345,0
284346,8
284347,0
284348,7
284349,0
284350,6
284351,0
284352,6
284353,0
284354,0
284355,0
284356,0
284357,0
284358,0
284359,0
284360,0
284361,12
284362,0
284363,0
284364,0
284365,0
284366,0
284367,0
284368,0
284369,0
284370,10
284371,0
284372,10
284373,7
284374,0
284375,0
284376,0
284377,0
284378,0
284379,6
284380,0
284381,0
284382,0
284383,8
284384,0
284385,0
284386,0
284387,0
284388,0
284389,0
284390,0
284391,0
284392,0
284393,0
284394,0
284395,0
284396,0
284397,0
284398,4
284399,7
284400,0
284401,0
284402,0
284403,11
284404,4
284405,11
284406,0
284407,0
284408,0
284409,0
284410,0
284411,0
284412,0
284413,0
284414,0
284415,0
284416,6
284417,0
284418,0
284419,0
284420,0
284421,8
284422,8
284423,0
284424,0
284425,0
284426,0
284427,0
284428,0
284429,0
284430,9
284431,0
284432,0
284433,14
284434,0
284435,0
284436,0
284437,0
284438,0
284439,0
284440,0
284441,0
284442,0
284443,11
284444,0
284445,0
284446,0
284447,8
284448,0
284449,0
284450,0
284451,4
284452,0
284453,0
284454,0
284455,0
284456,14
284457,7
284458,0
284459,0
284460,0
284461,0
284462,0
284463,0
284464,0
284465,7
284466,0
284467,0
284468,0
284469,5
284470,0
284471,0
284472,0
284473,0
284474,0
284475,7
284476,0
284477,0
284478,8
284479,4
284480,10
284481,0
284482,0
284483,0
284484,0
284485,0
284486,0
284487,0
284488,0
284489,0
284490,0
284491,0
284492,4
284493,0
284494,0
284495,0
284496,0
284497,0
284498,0
284499,0
284500,0
284501,0
284502,7
284503,0
284504,0
284505,0
284506,0
284507,0
284508,9
284509,0
284510,10
284511,0
284512,0
284513,0
284514,0
284515,0
284516,0
284517,0
284518,0
284519,0
284520,0
284521,9
284522,0
284523,0
284524,0
284525,0
284526,0
284527,0
284528,9
284529,0
284530,11
284531,7
284532,0
284533,4
284534,0
284535,9
284536,0
284537,0
284538,9
284539,0
284540,0
284541,0
284542,0
284543,5
284544,0
284545,0
284546,0
284547,10
284548,10
284549,14
284550,0
284551,0
284552,9
284553,0
284554,6
284555,0
284556,0
284557,11
284558,0
284559,0
284560,11
284561,0
284562,0
284563,0
284564,0
284565,0
284566,0
284567,0
284568,10
284569,0
284570,0
284571,0
284572,0
284573,6
284574,8
284575,0
284576,0
284577,0
284578,0
284579,0
284580,0
284581,0
284582,0
284583,0
284584,0
284585,5
284586,4
284587,13
284588,0
284589,0
284590,0
284591,0
284592,0
284593,0
284594,0
284595,0
284596,0
284597,5
284598,0
284599,0
284600,0
284601,0
284602,12
284603,8
284604,0
284605,5
284606,15
284607,0
284608,0
284609,0
284610,9
284611,0
284612,0
284613,0
284614,0
284615,0
284616,8
284617,0
284618,0
284619,0
284620,0
284621,0
284622,0
284623,0
284624,0
284625,0
284626,5
284627,0
284628,0
284629,0
284630,0
284631,0
284632,0
284633,8
284634,0
284635,0
284636,0
284637,0
284638,3
284639,0
284640,0
284641,0
284642,0
284643,0
284644,14
284645,0
284646,7
284647,0
284648,0
284649,0
284650,0
284651,0
284652,0
284653,0
284654,0
284655,0
284656,0
284657,0
284658,5
284659,0
284660,18
284661,0
284662,0
284663,0
284664,0
284665,8
284666,0
284667,0
284668,7
284669,0
284670,0
284671,0
284672,10
284673,0
284674,0
284675,0
284676,12
284677,0
284678,0
284679,10
284680,0
284681,8
284682,0
284683,8
284684,15
284685,8
284686,0
284687,0
284688,0
284689,3
284690,0
284691,0
284692,0
284693,16
284694,0
284695,15
284696,0
284697,0
284698,10
284699,0
284700,0
284701,11
284702,0
284703,0
284704,0
284705,0
284706,0
284707,0
284708,0
284709,0
284710,10
284711,0
284712,0
284713,0
284714,0
284715,12
284716,0
284717,0
284718,0
284719,0
284720,0
284721,10
284722,0
284723,0
284724,7
284725,2
284726,0
284727,0
284728,0
284729,0
284730,6
284731,0
284732,0
284733,0
284734,0
284735,0
284736,0
284737,0
284738,0
284739,0
284740,0
284741,8
284742,0
284743,0
284744,0
284745,0
284746,0
284747,4
284748,0
284749,0
284750,0
284751,8
284752,0
284753,14
284754,0
284755,0
284756,0
284757,0
284758,0
284759,0
284760,0
284761,0
284762,0
284763,0
284764,0
284765,0
284766,12
284767,0
284768,0
284769,0
284770,0
284771,0
284772,0
284773,12
284774,0
284775,0
284776,10
284777,0
284778,11
284779,0
284780,0
284781,0
284782,0
284783,0
284784,0
284785,0
284786,0
284787,0
284788,0
284789,0
284790,0
284791,0
284792,0
284793,0
284794,0
284795,0
284796,0
284797,0
284798,0
284799,10
284800,13
284801,0
284802,0
284803,2
284804,0
284805,0
284806,0
284807,2
284808,4
284809,8
284810,0
284811,0
284812,0
284813,0
284814,0
284815,0
284816,0
284817,0
284818,0
284819,1
284820,0
284821,0
284822,6
284823,0
284824,0
284825,0
284826,11
284827,0
284828,9
284829,0
284830,0
284831,0
284832,0
284833,0
284834,12
284835,0
284836,6
284837,0
284838,0
284839,0
284840,0
284841,0
284842,7
284843,10
284844,0
284845,0
284846,0
284847,0
284848,0
284849,0
284850,6
284851,0
284852,6
284853,6
284854,6
284855,0
284856,0
284857,0
284858,0
284859,8
284860,0
284861,0
284862,0
284863,0
284864,7
284865,0
284866,0
284867,0
284868,0
284869,16
284870,0
284871,0
284872,9
284873,0
284874,0
284875,0
284876,0
284877,0
284878,0
284879,0
284880,0
284881,0
284882,7
284883,0
284884,0
284885,0
284886,0
284887,0
284888,0
284889,8
284890,5
284891,0
284892,0
284893,0
284894,0
284895,0
284896,0
284897,0
284898,0
284899,0
284900,0
284901,0
284902,14
284903,0
284904,0
284905,8
284906,0
284907,0
284908,0
284909,0
284910,0
284911,0
284912,0
284913,0
284914,0
284915,0
284916,0
284917,0
284918,0
284919,0
284920,0
284921,0
284922,0
284923,0
284924,0
284925,0
284926,0
284927,0
284928,0
284929,0
284930,0
284931,0
284932,0
284933,0
284934,0
284935,0
284936,7
284937,0
284938,0
284939,0
284940,0
284941,0
284942,0
284943,0
284944,0
284945,6
284946,0
284947,0
284948,0
284949,0
284950,0
284951,0
284952,0
284953,0
284954,0
284955,0
284956,0
284957,0
284958,0
284959,0
284960,0
284961,0
284962,0
284963,0
284964,10
284965,0
284966,0
284967,0
284968,0
284969,0
284970,0
284971,0
284972,0
284973,8
284974,0
284975,0
284976,0
284977,0
284978,0
284979,0
284980,0
284981,0
284982,0
284983,0
284984,0
284985,0
284986,0
284987,0
284988,0
284989,7
284990,0
284991,0
284992,0
284993,0
284994,0
284995,0
284996,0
284997,0
284998,0
284999,0
285000,0
285001,0
285002,6
285003,0
285004,0
285005,0
285006,0
285007,0
285008,0
285009,0
285010,0
285011,0
285012,0
285013,0
285014,11
285015,0
285016,0
285017,0
285018,4
285019,0
285020,0
285021,0
285022,0
285023,11
285024,0
285025,9
285026,0
285027,0
285028,0
285029,0
285030,0
285031,0
285032,0
285033,0
285034,4
285035,0
285036,0
285037,0
285038,4
285039,0
285040,0
285041,9
285042,0
285043,0
285044,0
285045,0
285046,0
285047,0
285048,0
285049,0
285050,0
285051,0
285052,0
285053,0
285054,0
285055,0
285056,0
285057,0
285058,0
285059,0
285060,0
285061,0
285062,0
285063,0
285064,0
285065,7
285066,0
285067,12
285068,9
285069,0
285070,0
285071,0
285072,0
285073,6
285074,0
285075,0
285076,8
285077,0
285078,0
285079,0
285080,0
285081,0
285082,4
285083,0
285084,0
285085,9
285086,12
285087,0
285088,0
285089,0
285090,9
285091,0
285092,0
285093,0
285094,0
285095,0
285096,0
285097,0
285098,0
285099,0
285100,0
285101,0
285102,0
285103,0
285104,0
285105,0
285106,0
285107,0
285108,0
285109,0
285110,0
285111,0
285112,9
285113,0
285114,0
285115,0
285116,0
285117,0
285118,0
285119,0
285120,5
285121,0
285122,5
285123,0
285124,0
285125,0
285126,0
285127,0
285128,9
285129,0
285130,0
285131,0
285132,0
285133,0
285134,0
285135,0
285136,0
285137,10
285138,0
285139,0
285140,0
285141,0
285142,0
285143,0
285144,0
285145,0
285146,7
285147,0
285148,0
285149,0
285150,0
285151,0
285152,5
285153,0
285154,0
285155,0
285156,0
285157,0
285158,0
285159,0
285160,0
285161,0
285162,0
285163,0
285164,0
285165,0
285166,0
285167,0
285168,0
285169,0
285170,0
285171,13
285172,0
285173,0
285174,0
285175,0
285176,0
285177,0
285178,0
285179,0
285180,0
285181,0
285182,0
285183,0
285184,0
285185,0
285186,0
285187,0
285188,0
285189,0
285190,0
285191,5
285192,0
285193,0
285194,6
285195,0
285196,0
285197,0
285198,0
285199,0
285200,0
285201,6
285202,8
285203,9
285204,0
285205,0
285206,0
285207,0
285208,0
285209,0
285210,0
285211,0
285212,0
285213,0
285214,0
285215,0
285216,0
285217,0
285218,0
285219,0
285220,0
285221,0
285222,0
285223,0
285224,0
285225,0
285226,0
285227,0
285228,4
285229,0
285230,0
285231,0
285232,0
285233,0
285234,0
285235,0
285236,0
285237,0
285238,0
285239,0
285240,0
285241,0
285242,0
285243,0
285244,0
285245,6
285246,0
285247,0
285248,0
285249,0
285250,6
285251,0
285252,0
285253,0
285254,0
285255,0
285256,0
285257,0
285258,0
285259,0
285260,0
285261,0
285262,0
285263,0
285264,0
285265,0
285266,0
285267,0
285268,0
285269,0
285270,8
285271,0
285272,0
285273,0
285274,6
285275,0
285276,9
285277,0
285278,0
285279,0
285280,0
285281,0
285282,0
285283,0
285284,0
285285,0
285286,0
285287,0
285288,0
285289,0
285290,0
285291,0
285292,0
285293,0
285294,0
285295,0
285296,0
285297,0
285298,0
285299,0
285300,0
285301,0
285302,0
285303,8
285304,0
285305,0
285306,0
285307,0
285308,0
285309,0
285310,0
285311,0
285312,0
285313,0
285314,0
285315,0
285316,0
285317,0
285318,4
285319,0
285320,0
285321,0
285322,0
285323,3
285324,0
285325,0
285326,0
285327,0
285328,0
285329,0
285330,0
285331,0
285332,0
285333,0
285334,10
285335,0
285336,0
285337,0
285338,0
285339,0
285340,0
285341,0
285342,0
285343,0
285344,0
285345,0
285346,0
285347,0
285348,0
285349,0
285350,0
285351,0
285352,0
285353,0
285354,0
285355,0
285356,0
285357,0
285358,0
285359,0
285360,0
285361,0
285362,0
285363,0
285364,0
285365,0
285366,0
285367,0
285368,0
285369,0
285370,0
285371,0
285372,0
285373,0
285374,0
285375,14
285376,0
285377,0
285378,0
285379,0
285380,0
285381,18
285382,0
285383,0
285384,0
285385,12
285386,0
285387,0
285388,0
285389,0
285390,0
285391,0
285392,0
285393,0
285394,0
285395,0
285396,0
285397,0
285398,0
285399,9
285400,0
285401,0
285402,0
285403,0
285404,0
285405,13
285406,0
285407,0
285408,0
285409,0
285410,0
285411,0
285412,0
285413,0
285414,0
285415,9
285416,0
285417,0
285418,0
285419,0
285420,0
285421,0
285422,0
285423,0
285424,0
285425,0
285426,0
285427,0
285428,0
285429,0
285430,0
285431,0
285432,0
285433,0
285434,0
285435,0
285436,0
285437,0
285438,0
285439,0
285440,0
285441,0
285442,14
285443,0
285444,0
285445,0
285446,0
285447,0
285448,0
285449,0
285450,0
285451,0
285452,0
285453,0
285454,0
285455,14
285456,0
285457,0
285458,0
285459,0
285460,0
285461,0
285462,8
285463,0
285464,0
285465,0
285466,0
285467,0
285468,0
285469,0
285470,0
285471,0
285472,0
285473,0
285474,0
285475,0
285476,11
285477,0
285478,0
285479,0
285480,0
285481,0
285482,0
285483,0
285484,0
285485,16
285486,0
285487,0
285488,0
285489,0
285490,0
285491,0
285492,0
285493,0
285494,0
285495,0
285496,0
285497,0
285498,0
285499,0
285500,0
285501,0
285502,0
285503,0
285504,0
285505,0
285506,0
285507,0
285508,0
285509,0
285510,0
285511,0
285512,0
285513,0
285514,0
285515,0
285516,7
285517,0
285518,0
285519,0
285520,0
285521,0
285522,0
285523,0
285524,0
285525,0
285526,0
285527,0
285528,0
285529,0
285530,0
285531,0
285532,0
285533,0
285534,0
285535,0
285536,0
285537,0
285538,0
285539,0
285540,0
285541,0
285542,0
285543,0
285544,0
285545,0
285546,0
285547,10
285548,0
285549,0
285550,0
285551,0
285552,0
285553,0
285554,0
285555,0
285556,0
285557,0
285558,0
285559,0
285560,0
285561,0
285562,0
285563,0
285564,0
285565,0
285566,0
285567,0
285568,0
285569,0
285570,0
285571,0
285572,0
285573,7
285574,0
285575,6
285576,0
285577,0
285578,0
285579,6
285580,0
285581,0
285582,0
285583,0
285584,0
285585,0
285586,0
285587,0
285588,0
285589,0
285590,0
285591,0
285592,0
285593,0
285594,13
285595,0
285596,0
285597,0
285598,0
285599,0
285600,0
285601,0
285602,0
285603,0
285604,0
285605,0
285606,14
285607,0
285608,0
285609,0
285610,0
285611,0
285612,0
285613,0
285614,12
285615,0
285616,0
285617,0
285618,0
285619,0
285620,0
285621,0
285622,0
285623,0
285624,0
285625,0
285626,0
285627,0
285628,0
285629,0
285630,0
285631,0
285632,11
285633,0
285634,0
285635,0
285636,0
285637,0
285638,0
285639,0
285640,0
285641,0
285642,0
285643,0
285644,0
285645,0
285646,0
285647,13
285648,0
285649,0
285650,0
285651,0
285652,0
285653,0
285654,0
285655,0
285656,0
285657,0
285658,0
285659,0
285660,0
285661,0
285662,0
285663,0
285664,0
285665,0
285666,0
285667,0
285668,0
285669,0
285670,0
285671,0
285672,0
285673,0
285674,0
285675,0
285676,0
285677,0
285678,0
285679,0
285680,0
285681,0
285682,0
285683,0
285684,0
285685,0
285686,0
285687,0
285688,0
285689,0
285690,0
285691,0
285692,0
285693,0
285694,0
285695,0
285696,0
285697,0
285698,0
285699,0
285700,0
285701,0
285702,0
285703,0
285704,0
285705,0
285706,0
285707,0
285708,0
285709,0
285710,0
285711,0
285712,0
285713,0
285714,0
285715,0
285716,0
285717,0
285718,0
285719,0
285720,0
285721,0
285722,0
285723,0
285724,0
285725,0
285726,0
285727,0
285728,0
285729,0
285730,0
285731,8
285732,0
285733,0
285734,0
285735,0
285736,0
285737,0
285738,0
285739,0
285740,0
285741,0
285742,0
285743,0
285744,0
285745,0
285746,0
285747,0
285748,0
285749,0
285750,0
285751,0
285752,0
285753,0
285754,0
285755,0
285756,0
285757,0
285758,0
285759,0
285760,0
285761,0
285762,0
285763,0
285764,0
285765,0
285766,0
285767,0
285768,0
285769,0
285770,0
285771,0
285772,0
285773,16
285774,0
285775,0
285776,0
285777,4
285778,0
285779,0
285780,0
285781,21
285782,0
285783,0
285784,0
285785,0
285786,3
285787,0
285788,0
285789,0
285790,0
285791,0
285792,13
285793,0
285794,0
285795,0
285796,0
285797,0
285798,0
285799,0
285800,0
285801,7
285802,0
285803,0
285804,0
285805,0
285806,0
285807,0
285808,0
285809,0
285810,0
285811,0
285812,0
285813,0
285814,0
285815,0
285816,0
285817,0
285818,0
285819,0
285820,0
285821,0
285822,0
285823,0
285824,0
285825,0
285826,0
285827,0
285828,0
285829,0
285830,0
285831,0
285832,16
285833,0
285834,0
285835,0
285836,0
285837,14
285838,0
285839,0
285840,0
285841,0
285842,0
285843,14
285844,0
285845,0
285846,0
285847,0
285848,0
285849,0
285850,0
285851,0
285852,0
285853,0
285854,0
285855,0
285856,0
285857,0
285858,0
285859,0
285860,0
285861,14
285862,0
285863,0
285864,0
285865,0
285866,0
285867,0
285868,0
285869,9
285870,0
285871,0
285872,0
285873,0
285874,0
285875,14
285876,0
285877,0
285878,0
285879,0
285880,0
285881,0
285882,0
285883,0
285884,0
285885,0
285886,0
285887,7
285888,0
285889,0
285890,0
285891,0
285892,0
285893,0
285894,0
285895,0
285896,0
285897,0
285898,15
285899,0
285900,0
285901,0
285902,5
285903,0
285904,0
285905,0
285906,0
285907,0
285908,0
285909,0
285910,0
285911,0
285912,0
285913,0
285914,0
285915,0
285916,0
285917,0
285918,0
285919,0
285920,0
285921,0
285922,6
285923,0
285924,11
285925,0
285926,0
285927,0
285928,0
285929,0
285930,0
285931,0
285932,0
285933,24
285934,0
285935,0
285936,0
285937,0
285938,0
285939,0
285940,0
285941,0
285942,0
285943,0
285944,0
285945,0
285946,0
285947,8
285948,0
285949,0
285950,0
285951,0
285952,0
285953,0
285954,0
285955,0
285956,0
285957,0
285958,0
285959,0
285960,0
285961,0
285962,0
285963,0
285964,11
285965,0
285966,0
285967,8
285968,0
285969,0
285970,0
285971,0
285972,6
285973,0
285974,0
285975,0
285976,0
285977,0
285978,0
285979,0
285980,0
285981,0
285982,0
285983,0
285984,0
285985,0
285986,0
285987,0
285988,0
285989,0
285990,0
285991,0
285992,0
285993,0
285994,0
285995,0
285996,0
285997,0
285998,0
285999,0
286000,0
286001,0
286002,0
286003,0
286004,0
286005,0
286006,0
286007,0
286008,0
286009,0
286010,0
286011,0
286012,12
286013,0
286014,0
286015,0
286016,0
286017,0
286018,0
286019,0
286020,0
286021,0
286022,0
286023,15
286024,0
286025,0
286026,0
286027,0
286028,0
286029,0
286030,12
286031,0
286032,0
286033,0
286034,0
286035,0
286036,0
286037,0
286038,0
286039,0
286040,0
286041,0
286042,0
286043,0
286044,0
286045,0
286046,0
286047,9
286048,0
286049,0
286050,14
286051,0
286052,0
286053,0
286054,9
286055,0
286056,0
286057,0
286058,0
286059,0
286060,0
286061,0
286062,0
286063,0
286064,0
286065,0
286066,0
286067,0
286068,0
286069,15
286070,0
286071,0
286072,0
286073,0
286074,0
286075,0
286076,0
286077,0
286078,0
286079,0
286080,0
286081,0
286082,0
286083,0
286084,0
286085,0
286086,0
286087,0
286088,0
286089,0
286090,0
286091,0
286092,0
286093,0
286094,0
286095,0
286096,0
286097,0
286098,0
286099,0
286100,0
286101,0
286102,0
286103,0
286104,0
286105,0
286106,0
286107,0
286108,4
286109,0
286110,18
286111,0
286112,0
286113,0
286114,11
286115,0
286116,0
286117,13
286118,0
286119,0
286120,11
286121,0
286122,0
286123,0
286124,0
286125,0
286126,0
286127,0
286128,0
286129,0
286130,0
286131,0
286132,0
286133,0
286134,0
286135,0
286136,0
286137,0
286138,0
286139,6
286140,9
286141,0
286142,0
286143,8
286144,0
286145,0
286146,0
286147,0
286148,0
286149,0
286150,0
286151,12
286152,0
286153,0
286154,0
286155,0
286156,0
286157,6
286158,0
286159,0
286160,0
286161,0
286162,0
286163,8
286164,0
286165,7
286166,0
286167,0
286168,8
286169,0
286170,0
286171,0
286172,3
286173,0
286174,0
286175,5
286176,0
286177,0
286178,9
286179,0
286180,0
286181,2
286182,0
286183,0
286184,0
286185,0
286186,0
286187,0
286188,2
286189,11
286190,0
286191,0
286192,0
286193,4
286194,0
286195,0
286196,0
286197,0
286198,6
286199,0
286200,0
286201,0
286202,0
286203,7
286204,6
286205,0
286206,0
286207,5
286208,0
286209,3
286210,0
286211,0
286212,0
286213,0
286214,0
286215,0
286216,0
286217,0
286218,0
286219,0
286220,7
286221,6
286222,0
286223,0
286224,0
286225,0
286226,0
286227,0
286228,0
286229,0
286230,11
286231,0
286232,0
286233,0
286234,4
286235,0
286236,6
286237,6
286238,0
286239,0
286240,0
286241,0
286242,0
286243,0
286244,0
286245,0
286246,0
286247,6
286248,0
286249,9
286250,0
286251,0
286252,0
286253,0
286254,0
286255,0
286256,14
286257,14
286258,0
286259,0
286260,0
286261,0
286262,0
286263,0
286264,8
286265,0
286266,0
286267,0
286268,0
286269,0
286270,0
286271,0
286272,0
286273,0
286274,0
286275,0
286276,0
286277,0
286278,0
286279,0
286280,0
286281,0
286282,9
286283,0
286284,0
286285,0
286286,0
286287,0
286288,0
286289,0
286290,0
286291,0
286292,0
286293,0
286294,5
286295,0
286296,0
286297,0
286298,0
286299,0
286300,0
286301,3
286302,0
286303,0
286304,0
286305,0
286306,0
286307,0
286308,3
286309,0
286310,0
286311,0
286312,0
286313,0
286314,0
286315,0
286316,0
286317,0
286318,0
286319,0
286320,0
286321,0
286322,0
286323,0
286324,0
286325,0
286326,0
286327,0
286328,0
286329,5
286330,0
286331,0
286332,0
286333,0
286334,0
286335,0
286336,0
286337,0
286338,0
286339,0
286340,1
286341,0
286342,0
286343,0
286344,0
286345,0
286346,0
286347,7
286348,10
286349,0
286350,0
286351,3
286352,0
286353,0
286354,0
286355,0
286356,3
286357,0
286358,0
286359,0
286360,10
286361,9
286362,0
286363,0
286364,0
286365,0
286366,0
286367,0
286368,0
286369,0
286370,0
286371,0
286372,0
286373,0
286374,0
286375,0
286376,0
286377,0
286378,7
286379,0
286380,0
286381,0
286382,0
286383,6
286384,2
286385,0
286386,0
286387,0
286388,11
286389,0
286390,0
286391,8
286392,0
286393,0
286394,0
286395,0
286396,0
286397,0
286398,0
286399,0
286400,9
286401,5
286402,0
286403,0
286404,0
286405,0
286406,0
286407,0
286408,7
286409,0
286410,0
286411,0
286412,0
286413,0
286414,0
286415,0
286416,0
286417,0
286418,0
286419,0
286420,0
286421,0
286422,0
286423,0
286424,0
286425,0
286426,0
286427,4
286428,0
286429,0
286430,0
286431,11
286432,0
286433,3
286434,0
286435,0
286436,0
286437,0
286438,0
286439,0
286440,0
286441,0
286442,0
286443,0
286444,0
286445,0
286446,0
286447,0
286448,0
286449,0
286450,0
286451,0
286452,0
286453,0
286454,0
286455,0
286456,0
286457,4
286458,0
286459,7
286460,0
286461,0
286462,0
286463,0
286464,0
286465,0
286466,0
286467,0
286468,0
286469,0
286470,0
286471,0
286472,0
286473,5
286474,4
286475,8
286476,0
286477,6
286478,0
286479,0
286480,0
286481,0
286482,8
286483,9
286484,8
286485,6
286486,0
286487,0
286488,0
286489,0
286490,0
286491,0
286492,0
286493,0
286494,0
286495,0
286496,0
286497,0
286498,0
286499,0
286500,0
286501,6
286502,10
286503,0
286504,0
286505,0
286506,10
286507,0
286508,0
286509,5
286510,0
286511,0
286512,0
286513,0
286514,0
286515,0
286516,0
286517,0
286518,0
286519,2
286520,6
286521,0
286522,0
286523,4
286524,0
286525,7
286526,4
286527,0
286528,14
286529,0
286530,0
286531,0
286532,0
286533,6
286534,7
286535,0
286536,0
286537,0
286538,0
286539,0
286540,7
286541,0
286542,0
286543,13
286544,6
286545,0
286546,0
286547,5
286548,0
286549,10
286550,0
286551,0
286552,0
286553,0
286554,0
286555,0
286556,4
286557,0
286558,0
286559,0
286560,0
286561,0
286562,0
286563,0
286564,9
286565,0
286566,5
286567,0
286568,0
286569,13
286570,0
286571,0
286572,0
286573,0
286574,0
286575,0
286576,0
286577,0
286578,6
286579,0
286580,3
286581,0
286582,0
286583,0
286584,0
286585,7
286586,0
286587,8
286588,0
286589,0
286590,5
286591,0
286592,0
286593,0
286594,0
286595,0
286596,9
286597,1
286598,9
286599,8
286600,0
286601,0
286602,0
286603,0
286604,0
286605,0
286606,0
286607,0
286608,0
286609,2
286610,0
286611,0
286612,9
286613,0
286614,0
286615,0
286616,9
286617,0
286618,0
286619,0
286620,0
286621,0
286622,0
286623,0
286624,0
286625,0
286626,0
286627,0
286628,0
286629,0
286630,4
286631,0
286632,0
286633,5
286634,0
286635,4
286636,0
286637,0
286638,0
286639,0
286640,0
286641,0
286642,0
286643,0
286644,0
286645,0
286646,9
286647,5
286648,0
286649,0
286650,0
286651,0
286652,0
286653,0
286654,9
286655,0
286656,0
286657,0
286658,0
286659,0
286660,0
286661,0
286662,0
286663,0
286664,0
286665,7
286666,0
286667,0
286668,0
286669,0
286670,0
286671,0
286672,0
286673,0
286674,0
286675,4
286676,0
286677,9
286678,0
286679,0
286680,0
286681,0
286682,0
286683,0
286684,0
286685,0
286686,0
286687,0
286688,0
286689,3
286690,4
286691,0
286692,0
286693,0
286694,0
286695,0
286696,0
286697,0
286698,3
286699,0
286700,0
286701,0
286702,0
286703,0
286704,0
286705,0
286706,0
286707,0
286708,2
286709,0
286710,9
286711,0
286712,5
286713,0
286714,0
286715,7
286716,0
286717,6
286718,0
286719,7
286720,0
286721,0
286722,0
286723,0
286724,0
286725,7
286726,0
286727,0
286728,0
286729,0
286730,0
286731,6
286732,0
286733,5
286734,0
286735,0
286736,0
286737,0
286738,7
286739,0
286740,0
286741,5
286742,0
286743,0
286744,0
286745,0
286746,0
286747,0
286748,0
286749,0
286750,10
286751,7
286752,0
286753,0
286754,4
286755,6
286756,0
286757,0
286758,0
286759,0
286760,0
286761,0
286762,0
286763,0
286764,0
286765,0
286766,0
286767,0
286768,0
286769,4
286770,5
286771,0
286772,0
286773,0
286774,0
286775,0
286776,0
286777,0
286778,0
286779,0
286780,0
286781,4
286782,0
286783,4
286784,0
286785,0
286786,0
286787,0
286788,0
286789,0
286790,0
286791,5
286792,7
286793,0
286794,0
286795,0
286796,0
286797,0
286798,0
286799,0
286800,0
286801,0
286802,0
286803,0
286804,0
286805,3
286806,0
286807,0
286808,0
286809,0
286810,0
286811,0
286812,0
286813,0
286814,0
286815,0
286816,0
286817,0
286818,4
286819,0
286820,0
286821,0
286822,0
286823,0
286824,0
286825,0
286826,4
286827,0
286828,0
286829,6
286830,3
286831,9
286832,0
286833,4
286834,0
286835,2
286836,0
286837,0
286838,0
286839,0
286840,0
286841,15
286842,0
286843,7
286844,0
286845,0
286846,0
286847,0
286848,0
286849,9
286850,0
286851,0
286852,0
286853,0
286854,0
286855,5
286856,0
286857,0
286858,0
286859,0
286860,0
286861,0
286862,0
286863,0
286864,0
286865,0
286866,0
286867,0
286868,0
286869,0
286870,0
286871,0
286872,0
286873,0
286874,0
286875,0
286876,0
286877,0
286878,0
286879,0
286880,0
286881,0
286882,0
286883,0
286884,0
286885,0
286886,0
286887,0
286888,0
286889,0
286890,0
286891,0
286892,0
286893,0
286894,0
286895,0
286896,0
286897,0
286898,0
286899,0
286900,0
286901,0
286902,0
286903,0
286904,0
286905,0
286906,0
286907,0
286908,0
286909,0
286910,0
286911,0
286912,0
286913,0
286914,0
286915,0
286916,0
286917,0
286918,0
286919,0
286920,0
286921,0
286922,0
286923,0
286924,0
286925,0
286926,0
286927,0
286928,0
286929,0
286930,0
286931,0
286932,0
286933,0
286934,0
286935,0
286936,0
286937,0
286938,0
286939,0
286940,0
286941,0
286942,0
286943,0
286944,0
286945,0
286946,0
286947,0
286948,0
286949,0
286950,0
286951,0
286952,0
286953,0
286954,0
286955,0
286956,0
286957,0
286958,0
286959,0
286960,0
286961,0
286962,0
286963,0
286964,0
286965,0
286966,0
286967,0
286968,0
286969,0
286970,0
286971,0
286972,0
286973,0
286974,0
286975,0
286976,0
286977,0
286978,0
286979,0
286980,0
286981,0
286982,0
286983,0
286984,0
286985,0
286986,0
286987,0
286988,0
286989,0
286990,0
286991,0
286992,0
286993,0
286994,0
286995,0
286996,0
286997,0
286998,0
286999,0
287000,0
287001,0
287002,0
287003,0
287004,0
287005,0
287006,0
287007,0
287008,0
287009,0
287010,0
287011,0
287012,0
287013,0
287014,0
287015,0
287016,0
287017,0
287018,0
287019,0
287020,0
287021,0
287022,0
287023,0
287024,0
287025,0
287026,0
287027,0
287028,0
287029,0
287030,0
287031,0
287032,0
287033,0
287034,0
287035,0
287036,0
287037,0
287038,0
287039,0
287040,0
287041,0
287042,0
287043,0
287044,0
287045,0
287046,0
287047,0
287048,0
287049,0
287050,0
287051,0
287052,0
287053,0
287054,0
287055,0
287056,0
287057,0
287058,0
287059,0
287060,0
287061,0
287062,0
287063,0
287064,0
287065,0
287066,0
287067,0
287068,0
287069,0
287070,0
287071,0
287072,0
287073,0
287074,0
287075,0
287076,0
287077,0
287078,0
287079,0
287080,0
287081,0
287082,0
287083,0
287084,0
287085,0
287086,0
287087,0
287088,0
287089,0
287090,0
287091,0
287092,0
287093,0
287094,0
287095,0
287096,0
287097,0
287098,0
287099,0
287100,0
287101,0
287102,0
287103,0
287104,0
287105,0
287106,0
287107,0
287108,0
287109,0
287110,0
287111,0
287112,0
287113,0
287114,0
287115,0
287116,0
287117,0
287118,0
287119,0
287120,0
287121,0
287122,0
287123,0
287124,0
287125,0
287126,0
287127,0
287128,0
287129,0
287130,0
287131,0
287132,0
287133,0
287134,0
287135,0
287136,0
287137,0
287138,0
287139,0
287140,0
287141,0
287142,0
287143,0
287144,0
287145,0
287146,0
287147,0
287148,0
287149,0
287150,0
287151,0
287152,0
287153,0
287154,0
287155,0
287156,0
287157,0
287158,0
287159,0
287160,0
287161,0
287162,0
287163,0
287164,0
287165,0
287166,0
287167,0
287168,0
287169,0
287170,0
287171,0
287172,0
287173,0
287174,0
287175,0
287176,0
287177,0
287178,0
287179,0
287180,0
287181,0
287182,0
287183,0
287184,0
287185,0
287186,0
287187,0
287188,0
287189,0
287190,0
287191,0
287192,0
287193,0
287194,0
287195,0
287196,0
287197,0
287198,0
287199,0
287200,0
287201,0
287202,0
287203,0
287204,0
287205,0
287206,0
287207,0
287208,0
287209,0
287210,0
287211,0
287212,0
287213,0
287214,0
287215,0
287216,0
287217,0
287218,0
287219,0
287220,0
287221,0
287222,0
287223,0
287224,0
287225,0
287226,0
287227,0
287228,0
287229,0
287230,0
287231,0
287232,0
287233,0
287234,0
287235,0
287236,0
287237,0
287238,0
287239,0
287240,0
287241,0
287242,0
287243,0
287244,0
287245,0
287246,0
287247,0
287248,0
287249,0
287250,0
287251,0
287252,0
287253,0
287254,0
287255,0
287256,0
287257,0
287258,0
287259,0
287260,0
287261,0
287262,0
287263,0
287264,0
287265,0
287266,0
287267,0
287268,0
287269,0
287270,0
287271,0
287272,0
287273,0
287274,0
287275,0
287276,0
287277,0
287278,0
287279,0
287280,0
287281,0
287282,0
287283,0
287284,0
287285,0
287286,0
287287,0
287288,0
287289,0
287290,0
287291,0
287292,0
287293,0
287294,0
287295,0
287296,0
287297,0
287298,0
287299,0
287300,0
287301,0
287302,0
287303,0
287304,0
287305,0
287306,1
287307,0
287308,0
287309,0
287310,0
287311,0
287312,0
287313,0
287314,0
287315,0
287316,0
287317,0
287318,0
287319,0
287320,0
287321,0
287322,0
287323,0
287324,0
287325,0
287326,0
287327,0
287328,0
287329,0
287330,0
287331,0
287332,0
287333,0
287334,0
287335,0
287336,0
287337,0
287338,0
287339,0
287340,0
287341,0
287342,0
287343,0
287344,0
287345,0
287346,0
287347,0
287348,0
287349,0
287350,0
287351,0
287352,0
287353,0
287354,0
287355,0
287356,0
287357,0
287358,0
287359,0
287360,0
287361,0
287362,0
287363,0
287364,0
287365,0
287366,0
287367,0
287368,0
287369,0
287370,0
287371,0
287372,0
287373,0
287374,0
287375,0
287376,0
287377,0
287378,0
287379,0
287380,0
287381,0
287382,0
287383,0
287384,0
287385,0
287386,0
287387,0
287388,0
287389,0
287390,0
287391,0
287392,0
287393,0
287394,0
287395,0
287396,0
287397,0
287398,0
287399,0
287400,0
287401,0
287402,0
287403,0
287404,0
287405,0
287406,0
287407,0
287408,0
287409,0
287410,0
287411,0
287412,0
287413,0
287414,0
287415,0
287416,0
287417,0
287418,0
287419,0
287420,0
287421,0
287422,0
287423,0
287424,0
287425,0
287426,0
287427,0
287428,0
287429,0
287430,0
287431,0
287432,0
287433,0
287434,0
287435,0
287436,0
287437,0
287438,0
287439,0
287440,0
287441,0
287442,0
287443,0
287444,0
287445,0
287446,0
287447,0
287448,0
287449,0
287450,0
287451,0
287452,0
287453,0
287454,0
287455,0
287456,0
287457,0
287458,0
287459,0
287460,0
287461,0
287462,0
287463,0
287464,0
287465,0
287466,0
287467,0
287468,0
287469,0
287470,0
287471,0
287472,0
287473,0
287474,0
287475,0
287476,0
287477,0
287478,0
287479,0
287480,0
287481,0
287482,0
287483,0
287484,0
287485,0
287486,0
287487,0
287488,0
287489,0
287490,0
287491,0
287492,0
287493,0
287494,0
287495,0
287496,0
287497,0
287498,0
287499,0
287500,0
287501,0
287502,0
287503,0
287504,0
287505,1
287506,0
287507,0
287508,0
287509,0
287510,0
287511,0
287512,0
287513,0
287514,1
287515,0
287516,0
287517,0
287518,0
287519,0
287520,0
287521,0
287522,0
287523,0
287524,0
287525,0
287526,0
287527,0
287528,0
287529,0
287530,0
287531,0
287532,0
287533,0
287534,0
287535,0
287536,0
287537,0
287538,0
287539,0
287540,0
287541,0
287542,0
287543,0
287544,53
287545,0
287546,0
287547,0
287548,0
287549,0
287550,0
287551,0
287552,0
287553,0
287554,0
287555,0
287556,0
287557,0
287558,0
287559,0
287560,0
287561,0
287562,0
287563,0
287564,0
287565,0
287566,19
287567,0
287568,0
287569,0
287570,0
287571,0
287572,0
287573,0
287574,0
287575,0
287576,40
287577,0
287578,0
287579,0
287580,0
287581,0
287582,0
287583,0
287584,27
287585,0
287586,0
287587,0
287588,0
287589,0
287590,0
287591,0
287592,32
287593,0
287594,0
287595,0
287596,0
287597,0
287598,0
287599,0
287600,0
287601,0
287602,0
287603,0
287604,0
287605,0
287606,0
287607,0
287608,0
287609,0
287610,0
287611,0
287612,0
287613,0
287614,0
287615,37
287616,0
287617,0
287618,0
287619,0
287620,0
287621,0
287622,0
287623,0
287624,0
287625,0
287626,0
287627,0
287628,0
287629,0
287630,0
287631,0
287632,0
287633,0
287634,0
287635,0
287636,0
287637,0
287638,0
287639,0
287640,0
287641,0
287642,0
287643,0
287644,0
287645,37
287646,0
287647,0
287648,0
287649,0
287650,0
287651,0
287652,0
287653,0
287654,0
287655,0
287656,0
287657,0
287658,0
287659,0
287660,0
287661,0
287662,0
287663,0
287664,0
287665,0
287666,0
287667,0
287668,0
287669,0
287670,0
287671,0
287672,0
287673,0
287674,0
287675,0
287676,0
287677,0
287678,24
287679,0
287680,0
287681,0
287682,0
287683,0
287684,0
287685,0
287686,0
287687,34
287688,0
287689,0
287690,0
287691,0
287692,0
287693,0
287694,0
287695,0
287696,0
287697,0
287698,0
287699,0
287700,0
287701,0
287702,0
287703,0
287704,0
287705,0
287706,0
287707,0
287708,0
287709,0
287710,0
287711,0
287712,0
287713,0
287714,0
287715,0
287716,0
287717,27
287718,0
287719,0
287720,0
287721,36
287722,0
287723,0
287724,0
287725,0
287726,0
287727,0
287728,0
287729,0
287730,0
287731,0
287732,0
287733,0
287734,0
287735,0
287736,0
287737,0
287738,0
287739,0
287740,0
287741,0
287742,0
287743,0
287744,0
287745,0
287746,0
287747,0
287748,0
287749,0
287750,0
287751,0
287752,0
287753,0
287754,0
287755,0
287756,0
287757,0
287758,0
287759,0
287760,0
287761,0
287762,0
287763,0
287764,0
287765,0
287766,0
287767,0
287768,0
287769,23
287770,0
287771,0
287772,0
287773,0
287774,0
287775,0
287776,0
287777,0
287778,0
287779,0
287780,0
287781,0
287782,0
287783,0
287784,0
287785,0
287786,0
287787,0
287788,32
287789,0
287790,0
287791,0
287792,0
287793,0
287794,0
287795,0
287796,0
287797,26
287798,0
287799,0
287800,0
287801,0
287802,0
287803,0
287804,38
287805,0
287806,0
287807,0
287808,0
287809,20
287810,0
287811,0
287812,0
287813,0
287814,0
287815,0
287816,0
287817,0
287818,0
287819,0
287820,0
287821,0
287822,0
287823,0
287824,0
287825,30
287826,0
287827,0
287828,0
287829,0
287830,0
287831,22
287832,0
287833,0
287834,0
287835,0
287836,0
287837,0
287838,0
287839,0
287840,0
287841,0
287842,0
287843,0
287844,0
287845,0
287846,24
287847,0
287848,0
287849,0
287850,0
287851,0
287852,0
287853,0
287854,0
287855,0
287856,0
287857,0
287858,0
287859,0
287860,0
287861,0
287862,0
287863,0
287864,0
287865,0
287866,0
287867,0
287868,0
287869,0
287870,0
287871,0
287872,29
287873,0
287874,0
287875,0
287876,0
287877,0
287878,0
287879,0
287880,0
287881,0
287882,0
287883,0
287884,0
287885,0
287886,52
287887,0
287888,0
287889,0
287890,0
287891,0
287892,0
287893,0
287894,0
287895,0
287896,0
287897,0
287898,0
287899,0
287900,0
287901,0
287902,0
287903,0
287904,0
287905,46
287906,0
287907,0
287908,0
287909,0
287910,0
287911,0
287912,0
287913,0
287914,0
287915,0
287916,0
287917,0
287918,0
287919,0
287920,0
287921,0
287922,0
287923,0
287924,0
287925,0
287926,0
287927,0
287928,0
287929,0
287930,0
287931,0
287932,0
287933,0
287934,0
287935,0
287936,0
287937,0
287938,0
287939,0
287940,0
287941,0
287942,44
287943,0
287944,0
287945,0
287946,0
287947,0
287948,0
287949,0
287950,0
287951,0
287952,0
287953,0
287954,0
287955,0
287956,0
287957,0
287958,0
287959,0
287960,0
287961,0
287962,0
287963,0
287964,0
287965,0
287966,0
287967,0
287968,0
287969,0
287970,0
287971,0
287972,0
287973,41
287974,0
287975,0
287976,0
287977,0
287978,0
287979,0
287980,0
287981,0
287982,0
287983,0
287984,0
287985,0
287986,0
287987,0
287988,0
287989,0
287990,0
287991,0
287992,0
287993,0
287994,0
287995,0
287996,0
287997,0
287998,0
287999,0
288000,0
288001,0
288002,0
288003,0
288004,0
288005,0
288006,0
288007,0
288008,0
288009,0
288010,0
288011,0
288012,0
288013,0
288014,0
288015,0
288016,0
288017,23
288018,0
288019,0
288020,0
288021,35
288022,0
288023,0
288024,0
288025,0
288026,0
288027,0
288028,0
288029,0
288030,0
288031,0
288032,0
288033,0
288034,0
288035,24
288036,0
288037,0
288038,0
288039,0
288040,0
288041,0
288042,0
288043,0
288044,0
288045,31
288046,35
288047,0
288048,0
288049,0
288050,0
288051,0
288052,0
288053,0
288054,34
288055,0
288056,0
288057,0
288058,0
288059,0
288060,0
288061,0
288062,0
288063,0
288064,0
288065,32
288066,0
288067,0
288068,0
288069,0
288070,0
288071,0
288072,0
288073,0
288074,0
288075,0
288076,0
288077,0
288078,0
288079,0
288080,0
288081,0
288082,0
288083,0
288084,0
288085,0
288086,0
288087,0
288088,0
288089,0
288090,0
288091,0
288092,0
288093,0
288094,0
288095,0
288096,0
288097,0
288098,0
288099,0
288100,0
288101,0
288102,0
288103,0
288104,0
288105,0
288106,0
288107,0
288108,0
288109,0
288110,0
288111,0
288112,0
288113,0
288114,0
288115,0
288116,0
288117,0
288118,0
288119,35
288120,0
288121,0
288122,0
288123,0
288124,0
288125,0
288126,36
288127,0
288128,0
288129,20
288130,0
288131,0
288132,0
288133,0
288134,0
288135,0
288136,0
288137,0
288138,0
288139,0
288140,0
288141,0
288142,24
288143,0
288144,0
288145,0
288146,0
288147,0
288148,0
288149,0
288150,0
288151,0
288152,0
288153,0
288154,0
288155,0
288156,0
288157,0
288158,0
288159,0
288160,39
288161,37
288162,0
288163,0
288164,0
288165,0
288166,0
288167,0
288168,0
288169,0
288170,0
288171,0
288172,0
288173,0
288174,0
288175,0
288176,0
288177,0
288178,0
288179,0
288180,0
288181,0
288182,0
288183,0
288184,0
288185,0
288186,0
288187,0
288188,0
288189,0
288190,0
288191,0
288192,0
288193,0
288194,0
288195,0
288196,0
288197,0
288198,0
288199,0
288200,0
288201,0
288202,0
288203,0
288204,0
288205,0
288206,0
288207,0
288208,0
288209,0
288210,0
288211,0
288212,0
288213,0
288214,0
288215,0
288216,0
288217,0
288218,0
288219,0
288220,0
288221,0
288222,0
288223,0
288224,0
288225,0
288226,0
288227,0
288228,0
288229,0
288230,45
288231,0
288232,0
288233,0
288234,0
288235,0
288236,0
288237,0
288238,0
288239,0
288240,0
288241,0
288242,0
288243,0
288244,0
288245,41
288246,0
288247,32
288248,42
288249,0
288250,0
288251,0
288252,0
288253,0
288254,0
288255,0
288256,0
288257,0
288258,0
288259,0
288260,0
288261,0
288262,0
288263,0
288264,49
288265,0
288266,0
288267,0
288268,0
288269,0
288270,0
288271,0
288272,0
288273,0
288274,0
288275,0
288276,0
288277,0
288278,0
288279,0
288280,0
288281,0
288282,0
288283,0
288284,0
288285,0
288286,0
288287,0
288288,0
288289,0
288290,0
288291,0
288292,0
288293,0
288294,0
288295,0
288296,0
288297,0
288298,16
288299,0
288300,0
288301,10
288302,0
288303,0
288304,0
288305,0
288306,0
288307,0
288308,0
288309,0
288310,0
288311,0
288312,0
288313,0
288314,0
288315,13
288316,0
288317,0
288318,0
288319,0
288320,0
288321,0
288322,0
288323,0
288324,0
288325,0
288326,36
288327,0
288328,0
288329,0
288330,0
288331,0
288332,0
288333,0
288334,0
288335,0
288336,0
288337,0
288338,0
288339,0
288340,0
288341,0
288342,0
288343,17
288344,14
288345,0
288346,0
288347,0
288348,0
288349,0
288350,0
288351,0
288352,0
288353,0
288354,0
288355,0
288356,0
288357,18
288358,18
288359,0
288360,0
288361,0
288362,0
288363,0
288364,0
288365,0
288366,0
288367,0
288368,0
288369,0
288370,0
288371,0
288372,0
288373,0
288374,0
288375,0
288376,0
288377,0
288378,0
288379,0
288380,19
288381,21
288382,0
288383,0
288384,0
288385,0
288386,20
288387,0
288388,0
288389,0
288390,0
288391,15
288392,0
288393,0
288394,0
288395,0
288396,0
288397,0
288398,0
288399,0
288400,0
288401,0
288402,0
288403,0
288404,0
288405,0
288406,22
288407,0
288408,0
288409,0
288410,0
288411,0
288412,0
288413,0
288414,18
288415,0
288416,0
288417,0
288418,0
288419,0
288420,0
288421,0
288422,0
288423,0
288424,0
288425,0
288426,0
288427,0
288428,0
288429,0
288430,0
288431,0
288432,0
288433,0
288434,0
288435,0
288436,0
288437,0
288438,0
288439,0
288440,0
288441,0
288442,0
288443,0
288444,0
288445,0
288446,0
288447,0
288448,0
288449,0
288450,0
288451,0
288452,0
288453,1
288454,0
288455,0
288456,0
288457,0
288458,0
288459,0
288460,0
288461,0
288462,0
288463,0
288464,0
288465,0
288466,0
288467,0
288468,0
288469,0
288470,0
288471,0
288472,0
288473,0
288474,0
288475,0
288476,0
288477,0
288478,0
288479,0
288480,0
288481,0
288482,0
288483,0
288484,0
288485,0
288486,0
288487,0
288488,0
288489,0
288490,0
288491,0
288492,0
288493,0
288494,0
288495,0
288496,0
288497,0
288498,0
288499,0
288500,0
288501,0
288502,0
288503,0
288504,0
288505,0
288506,0
288507,0
288508,0
288509,0
288510,0
288511,0
288512,0
288513,0
288514,0
288515,0
288516,0
288517,0
288518,0
288519,0
288520,0
288521,0
288522,0
288523,0
288524,0
288525,0
288526,0
288527,0
288528,0
288529,0
288530,0
288531,0
288532,0
288533,0
288534,0
288535,0
288536,0
288537,0
288538,0
288539,0
288540,0
288541,0
288542,0
288543,0
288544,0
288545,0
288546,0
288547,0
288548,0
288549,0
288550,0
288551,0
288552,0
288553,0
288554,0
288555,0
288556,0
288557,0
288558,0
288559,0
288560,0
288561,0
288562,0
288563,0
288564,0
288565,0
288566,0
288567,0
288568,0
288569,0
288570,0
288571,0
288572,0
288573,0
288574,0
288575,0
288576,0
288577,0
288578,0
288579,0
288580,0
288581,0
288582,0
288583,0
288584,1
288585,0
288586,0
288587,0
288588,0
288589,0
288590,0
288591,0
288592,0
288593,0
288594,0
288595,0
288596,0
288597,0
288598,0
288599,0
288600,0
288601,0
288602,0
288603,0
288604,0
288605,0
288606,0
288607,0
288608,0
288609,0
288610,0
288611,0
288612,0
288613,0
288614,0
288615,0
288616,0
288617,0
288618,0
288619,0
288620,0
288621,0
288622,0
288623,0
288624,0
288625,0
288626,0
288627,0
288628,0
288629,0
288630,0
288631,0
288632,1
288633,0
288634,0
288635,0
288636,0
288637,0
288638,0
288639,0
288640,0
288641,0
288642,0
288643,0
288644,0
288645,0
288646,0
288647,0
288648,0
288649,0
288650,0
288651,0
288652,0
288653,0
288654,0
288655,0
288656,0
288657,0
288658,0
288659,0
288660,0
288661,0
288662,0
288663,0
288664,0
288665,0
288666,0
288667,0
288668,0
288669,0
288670,0
288671,0
288672,0
288673,0
288674,0
288675,0
288676,0
288677,0
288678,0
288679,0
288680,0
288681,0
288682,0
288683,0
288684,0
288685,0
288686,0
288687,0
288688,0
288689,0
288690,0
288691,0
288692,0
288693,0
288694,0
288695,0
288696,0
288697,0
288698,0
288699,0
288700,0
288701,0
288702,0
288703,0
288704,0
288705,0
288706,0
288707,0
288708,0
288709,0
288710,0
288711,0
288712,0
288713,0
288714,0
288715,0
288716,0
288717,0
288718,0
288719,0
288720,0
288721,0
288722,0
288723,0
288724,0
288725,0
288726,0
288727,0
288728,0
288729,0
288730,0
288731,0
288732,0
288733,0
288734,0
288735,0
288736,0
288737,0
288738,0
288739,0
288740,0
288741,0
288742,0
288743,0
288744,0
288745,0
288746,0
288747,0
288748,0
288749,0
288750,0
288751,0
288752,0
288753,0
288754,0
288755,0
288756,0
288757,0
288758,0
288759,0
288760,0
288761,0
288762,0
288763,0
288764,0
288765,0
288766,0
288767,0
288768,0
288769,0
288770,0
288771,0
288772,0
288773,0
288774,0
288775,0
288776,0
288777,0
288778,0
288779,0
288780,0
288781,0
288782,0
288783,0
288784,0
288785,0
288786,0
288787,0
288788,0
288789,0
288790,0
288791,0
288792,0
288793,0
288794,0
288795,0
288796,0
288797,0
288798,0
288799,0
288800,0
288801,0
288802,0
288803,0
288804,0
288805,0
288806,0
288807,0
288808,0
288809,0
288810,0
288811,0
288812,0
288813,0
288814,0
288815,0
288816,0
288817,0
288818,0
288819,0
288820,0
288821,0
288822,0
288823,0
288824,0
288825,0
288826,0
288827,0
288828,0
288829,0
288830,0
288831,0
288832,0
288833,0
288834,0
288835,0
288836,0
288837,0
288838,0
288839,0
288840,0
288841,0
288842,0
288843,0
288844,0
288845,0
288846,0
288847,0
288848,0
288849,0
288850,0
288851,0
288852,0
288853,0
288854,0
288855,0
288856,0
288857,0
288858,0
288859,0
288860,0
288861,0
288862,0
288863,0
288864,0
288865,0
288866,0
288867,0
288868,0
288869,0
288870,0
288871,0
288872,0
288873,0
288874,0
288875,0
288876,0
288877,0
288878,0
288879,0
288880,0
288881,0
288882,0
288883,0
288884,0
288885,0
288886,0
288887,0
288888,0
288889,0
288890,0
288891,0
288892,0
288893,0
288894,0
288895,0
288896,0
288897,0
288898,0
288899,0
288900,0
288901,0
288902,0
288903,0
288904,0
288905,0
288906,0
288907,1
288908,0
288909,0
288910,0
288911,0
288912,0
288913,0
288914,0
288915,0
288916,0
288917,0
288918,0
288919,0
288920,0
288921,0
288922,0
288923,0
288924,0
288925,0
288926,0
288927,0
288928,0
288929,0
288930,0
288931,0
288932,0
288933,0
288934,0
288935,0
288936,0
288937,0
288938,0
288939,0
288940,0
288941,0
288942,0
288943,0
288944,0
288945,0
288946,0
288947,0
288948,0
288949,0
288950,0
288951,0
288952,0
288953,0
288954,0
288955,0
288956,0
288957,0
288958,0
288959,0
288960,0
288961,0
288962,0
288963,0
288964,0
288965,0
288966,0
288967,0
288968,0
288969,0
288970,0
288971,0
288972,0
288973,0
288974,0
288975,0
288976,0
288977,0
288978,0
288979,0
288980,0
288981,0
288982,0
288983,0
288984,0
288985,0
288986,0
288987,0
288988,0
288989,0
288990,0
288991,0
288992,0
288993,0
288994,0
288995,0
288996,0
288997,0
288998,0
288999,0
289000,0
289001,0
289002,0
289003,0
289004,0
289005,0
289006,0
289007,0
289008,0
289009,0
289010,0
289011,0
289012,0
289013,0
289014,0
289015,0
289016,0
289017,0
289018,0
289019,0
289020,0
289021,0
289022,0
289023,0
289024,0
289025,0
289026,0
289027,0
289028,0
289029,0
289030,0
289031,0
289032,0
289033,0
289034,0
289035,0
289036,0
289037,0
289038,0
289039,0
289040,0
289041,0
289042,0
289043,0
289044,0
289045,0
289046,0
289047,0
289048,0
289049,0
289050,0
289051,0
289052,0
289053,0
289054,0
289055,0
289056,0
289057,0
289058,0
289059,0
289060,0
289061,0
289062,1
289063,0
289064,0
289065,0
289066,0
289067,0
289068,0
289069,0
289070,0
289071,0
289072,0
289073,0
289074,0
289075,0
289076,0
289077,0
289078,0
289079,0
289080,0
289081,0
289082,0
289083,0
289084,0
289085,0
289086,0
289087,0
289088,0
289089,0
289090,0
289091,0
289092,0
289093,0
289094,0
289095,0
289096,0
289097,0
289098,0
289099,0
289100,0
289101,0
289102,0
289103,0
289104,0
289105,0
289106,0
289107,0
289108,0
289109,0
289110,0
289111,0
289112,0
289113,0
289114,0
289115,0
289116,0
289117,0
289118,0
289119,0
289120,0
289121,0
289122,0
289123,0
289124,0
289125,0
289126,0
289127,0
289128,0
289129,0
289130,0
289131,0
289132,0
289133,0
289134,0
289135,0
289136,0
289137,0
289138,0
289139,0
289140,0
289141,0
289142,0
289143,0
289144,0
289145,0
289146,0
289147,0
289148,0
289149,0
289150,0
289151,0
289152,0
289153,0
289154,0
289155,0
289156,0
289157,0
289158,0
289159,0
289160,0
289161,0
289162,0
289163,0
289164,0
289165,0
289166,0
289167,0
289168,0
289169,0
289170,0
289171,0
289172,0
289173,0
289174,0
289175,0
289176,0
289177,0
289178,0
289179,0
289180,0
289181,1
289182,0
289183,0
289184,0
289185,0
289186,0
289187,0
289188,0
289189,0
289190,0
289191,0
289192,0
289193,0
289194,0
289195,0
289196,0
289197,0
289198,0
289199,0
289200,0
289201,0
289202,0
289203,0
289204,0
289205,0
289206,0
289207,0
289208,0
289209,0
289210,0
289211,0
289212,0
289213,0
289214,0
289215,0
289216,0
289217,0
289218,0
289219,0
289220,0
289221,0
289222,0
289223,0
289224,0
289225,0
289226,0
289227,0
289228,0
289229,0
289230,0
289231,0
289232,0
289233,0
289234,0
289235,0
289236,0
289237,0
289238,0
289239,0
289240,0
289241,0
289242,0
289243,0
289244,0
289245,0
289246,0
289247,1
289248,0
289249,0
289250,0
289251,0
289252,0
289253,0
289254,0
289255,0
289256,0
289257,0
289258,0
289259,0
289260,0
289261,0
289262,0
289263,0
289264,0
289265,0
289266,0
289267,0
289268,0
289269,0
289270,0
289271,0
289272,0
289273,0
289274,0
289275,0
289276,0
289277,0
289278,0
289279,0
289280,0
289281,0
289282,0
289283,0
289284,0
289285,0
289286,0
289287,0
289288,0
289289,0
289290,0
289291,0
289292,0
289293,0
289294,0
289295,0
289296,0
289297,0
289298,0
289299,0
289300,0
289301,0
289302,0
289303,0
289304,0
289305,0
289306,0
289307,0
289308,0
289309,0
289310,0
289311,0
289312,0
289313,0
289314,0
289315,0
289316,0
289317,0
289318,0
289319,0
289320,0
289321,0
289322,0
289323,0
289324,0
289325,0
289326,0
289327,0
289328,0
289329,0
289330,0
289331,0
289332,0
289333,0
289334,0
289335,0
289336,0
289337,0
289338,0
289339,0
289340,0
289341,0
289342,0
289343,0
289344,0
289345,0
289346,0
289347,0
289348,0
289349,0
289350,0
289351,0
289352,0
289353,0
289354,0
289355,0
289356,0
289357,0
289358,0
289359,0
289360,0
289361,0
289362,0
289363,0
289364,0
289365,6
289366,0
289367,0
289368,17
289369,0
289370,0
289371,0
289372,7
289373,0
289374,0
289375,0
289376,0
289377,0
289378,0
289379,0
289380,0
289381,0
289382,0
289383,0
289384,0
289385,0
289386,0
289387,0
289388,0
289389,0
289390,0
289391,0
289392,11
289393,0
289394,0
289395,0
289396,0
289397,0
289398,0
289399,20
289400,0
289401,0
289402,0
289403,0
289404,6
289405,0
289406,0
289407,0
289408,0
289409,11
289410,0
289411,13
289412,0
289413,0
289414,0
289415,0
289416,0
289417,0
289418,0
289419,0
289420,0
289421,8
289422,11
289423,13
289424,0
289425,0
289426,0
289427,0
289428,0
289429,0
289430,0
289431,0
289432,0
289433,0
289434,10
289435,0
289436,12
289437,0
289438,0
289439,0
289440,0
289441,10
289442,17
289443,0
289444,10
289445,0
289446,0
289447,0
289448,0
289449,0
289450,16
289451,12
289452,0
289453,0
289454,0
289455,0
289456,0
289457,0
289458,0
289459,0
289460,0
289461,0
289462,0
289463,0
289464,5
289465,0
289466,0
289467,14
289468,0
289469,0
289470,0
289471,0
289472,0
289473,0
289474,0
289475,0
289476,14
289477,0
289478,0
289479,0
289480,0
289481,17
289482,0
289483,0
289484,0
289485,0
289486,13
289487,15
289488,13
289489,0
289490,0
289491,0
289492,0
289493,0
289494,0
289495,0
289496,13
289497,11
289498,0
289499,0
289500,0
289501,0
289502,0
289503,0
289504,0
289505,0
289506,0
289507,0
289508,0
289509,0
289510,0
289511,0
289512,0
289513,0
289514,0
289515,0
289516,0
289517,0
289518,0
289519,11
289520,12
289521,12
289522,15
289523,10
289524,0
289525,0
289526,0
289527,11
289528,0
289529,0
289530,0
289531,0
289532,12
289533,8
289534,0
289535,8
289536,0
289537,0
289538,0
289539,0
289540,0
289541,14
289542,0
289543,4
289544,0
289545,17
289546,0
289547,0
289548,13
289549,0
289550,0
289551,14
289552,0
289553,0
289554,0
289555,0
289556,10
289557,9
289558,0
289559,0
289560,0
289561,0
289562,0
289563,0
289564,0
289565,7
289566,0
289567,13
289568,0
289569,0
289570,0
289571,0
289572,0
289573,7
289574,0
289575,0
289576,0
289577,0
289578,0
289579,0
289580,0
289581,0
289582,0
289583,0
289584,0
289585,0
289586,0
289587,0
289588,0
289589,0
289590,5
289591,0
289592,0
289593,0
289594,0
289595,0
289596,0
289597,0
289598,0
289599,0
289600,0
289601,13
289602,0
289603,12
289604,10
289605,0
289606,0
289607,18
289608,13
289609,0
289610,0
289611,8
289612,0
289613,0
289614,15
289615,0
289616,21
289617,0
289618,11
289619,13
289620,0
289621,18
289622,14
289623,0
289624,0
289625,16
289626,0
289627,0
289628,11
289629,0
289630,0
289631,0
289632,0
289633,10
289634,0
289635,11
289636,0
289637,0
289638,0
289639,0
289640,0
289641,0
289642,0
289643,0
289644,0
289645,0
289646,0
289647,16
289648,0
289649,0
289650,0
289651,0
289652,0
289653,0
289654,0
289655,0
289656,7
289657,0
289658,7
289659,14
289660,12
289661,0
289662,0
289663,0
289664,6
289665,9
289666,0
289667,12
289668,0
289669,0
289670,0
289671,0
289672,0
289673,0
289674,0
289675,10
289676,0
289677,0
289678,0
289679,0
289680,0
289681,0
289682,0
289683,0
289684,7
289685,0
289686,0
289687,7
289688,0
289689,0
289690,0
289691,5
289692,0
289693,14
289694,0
289695,0
289696,0
289697,0
289698,0
289699,0
289700,0
289701,17
289702,0
289703,0
289704,0
289705,0
289706,0
289707,0
289708,0
289709,0
289710,0
289711,0
289712,0
289713,0
289714,0
289715,0
289716,7
289717,0
289718,0
289719,21
289720,0
289721,0
289722,0
289723,18
289724,11
289725,0
289726,0
289727,0
289728,0
289729,0
289730,12
289731,0
289732,0
289733,0
289734,0
289735,0
289736,0
289737,0
289738,0
289739,0
289740,0
289741,0
289742,0
289743,0
289744,0
289745,0
289746,0
289747,0
289748,18
289749,0
289750,13
289751,0
289752,0
289753,0
289754,0
289755,0
289756,0
289757,0
289758,0
289759,15
289760,0
289761,0
289762,16
289763,0
289764,0
289765,0
289766,0
289767,10
289768,0
289769,0
289770,15
289771,0
289772,11
289773,0
289774,0
289775,0
289776,13
289777,0
289778,0
289779,0
289780,0
289781,7
289782,12
289783,5
289784,0
289785,0
289786,12
289787,13
289788,11
289789,0
289790,0
289791,0
289792,0
289793,7
289794,0
289795,0
289796,0
289797,17
289798,0
289799,0
289800,0
289801,0
289802,10
289803,0
289804,0
289805,0
289806,0
289807,0
289808,14
289809,8
289810,12
289811,0
289812,0
289813,0
289814,0
289815,0
289816,11
289817,0
289818,12
289819,0
289820,0
289821,0
289822,8
289823,0
289824,0
289825,14
289826,0
289827,0
289828,0
289829,0
289830,0
289831,0
289832,0
289833,11
289834,14
289835,0
289836,5
289837,0
289838,0
289839,0
289840,0
289841,0
289842,0
289843,0
289844,0
289845,14
289846,10
289847,0
289848,11
289849,0
289850,0
289851,0
289852,0
289853,0
289854,0
289855,12
289856,15
289857,0
289858,0
289859,0
289860,0
289861,0
289862,0
289863,0
289864,0
289865,0
289866,0
289867,0
289868,0
289869,0
289870,0
289871,0
289872,0
289873,0
289874,0
289875,0
289876,8
289877,0
289878,0
289879,0
289880,0
289881,0
289882,0
289883,10
289884,0
289885,0
289886,9
289887,0
289888,0
289889,0
289890,0
289891,0
289892,0
289893,0
289894,0
289895,0
289896,6
289897,0
289898,0
289899,9
289900,0
289901,0
289902,0
289903,8
289904,0
289905,0
289906,0
289907,0
289908,0
289909,0
289910,10
289911,11
289912,0
289913,0
289914,12
289915,9
289916,0
289917,0
289918,0
289919,10
289920,14
289921,0
289922,0
289923,0
289924,0
289925,0
289926,0
289927,0
289928,0
289929,0
289930,0
289931,10
289932,0
289933,0
289934,0
289935,0
289936,0
289937,0
289938,0
289939,0
289940,0
289941,0
289942,0
289943,0
289944,0
289945,7
289946,0
289947,0
289948,0
289949,6
289950,12
289951,0
289952,5
289953,0
289954,0
289955,16
289956,9
289957,0
289958,0
289959,0
289960,0
289961,0
289962,0
289963,11
289964,0
289965,15
289966,8
289967,0
289968,0
289969,0
289970,10
289971,0
289972,0
289973,13
289974,0
289975,17
289976,13
289977,0
289978,0
289979,0
289980,0
289981,12
289982,0
289983,0
289984,0
289985,0
289986,0
289987,0
289988,7
289989,0
289990,11
289991,0
289992,0
289993,0
289994,0
289995,7
289996,0
289997,0
289998,0
289999,0
290000,0
290001,0
290002,0
290003,0
290004,0
290005,0
290006,0
290007,0
290008,13
290009,0
290010,0
290011,0
290012,16
290013,9
290014,0
290015,0
290016,0
290017,13
290018,0
290019,0
290020,0
290021,8
290022,0
290023,0
290024,5
290025,13
290026,18
290027,17
290028,8
290029,0
290030,0
290031,0
290032,0
290033,0
290034,0
290035,0
290036,0
290037,0
290038,0
290039,0
290040,0
290041,0
290042,0
290043,0
290044,0
290045,0
290046,0
290047,1
290048,0
290049,0
290050,0
290051,0
290052,0
290053,0
290054,0
290055,0
290056,0
290057,0
290058,0
290059,0
290060,0
290061,0
290062,0
290063,0
290064,0
290065,0
290066,1
290067,0
290068,0
290069,0
290070,0
290071,0
290072,0
290073,0
290074,0
290075,0
290076,0
290077,0
290078,0
290079,0
290080,0
290081,0
290082,0
290083,0
290084,0
290085,0
290086,0
290087,0
290088,0
290089,0
290090,0
290091,0
290092,0
290093,0
290094,0
290095,0
290096,0
290097,0
290098,0
290099,0
290100,0
290101,0
290102,0
290103,0
290104,0
290105,0
290106,0
290107,0
290108,0
290109,0
290110,0
290111,0
290112,0
290113,0
290114,0
290115,0
290116,0
290117,0
290118,0
290119,0
290120,0
290121,0
290122,0
290123,0
290124,0
290125,0
290126,0
290127,0
290128,0
290129,0
290130,0
290131,0
290132,0
290133,0
290134,0
290135,0
290136,0
290137,0
290138,0
290139,0
290140,0
290141,0
290142,0
290143,0
290144,0
290145,0
290146,0
290147,0
290148,0
290149,0
290150,0
290151,0
290152,0
290153,0
290154,0
290155,0
290156,0
290157,0
290158,0
290159,0
290160,0
290161,0
290162,0
290163,0
290164,0
290165,0
290166,0
290167,0
290168,0
290169,0
290170,0
290171,0
290172,0
290173,0
290174,0
290175,0
290176,0
290177,0
290178,0
290179,0
290180,0
290181,0
290182,0
290183,0
290184,0
290185,0
290186,0
290187,0
290188,0
290189,0
290190,0
290191,0
290192,0
290193,0
290194,0
290195,0
290196,0
290197,0
290198,0
290199,0
290200,0
290201,1
290202,0
290203,0
290204,0
290205,0
290206,0
290207,0
290208,0
290209,0
290210,0
290211,0
290212,0
290213,0
290214,0
290215,0
290216,0
290217,0
290218,0
290219,0
290220,0
290221,0
290222,0
290223,0
290224,0
290225,0
290226,0
290227,0
290228,0
290229,0
290230,0
290231,0
290232,0
290233,0
290234,0
290235,0
290236,0
290237,0
290238,0
290239,0
290240,0
290241,0
290242,0
290243,0
290244,0
290245,0
290246,0
290247,0
290248,0
290249,0
290250,0
290251,0
290252,0
290253,0
290254,0
290255,0
290256,0
290257,0
290258,0
290259,1
290260,0
290261,0
290262,0
290263,0
290264,0
290265,0
290266,0
290267,0
290268,0
290269,0
290270,0
290271,0
290272,0
290273,0
290274,0
290275,0
290276,0
290277,0
290278,0
290279,0
290280,0
290281,0
290282,0
290283,0
290284,0
290285,0
290286,0
290287,0
290288,0
290289,0
290290,0
290291,0
290292,0
290293,0
290294,0
290295,0
290296,0
290297,0
290298,0
290299,0
290300,0
290301,0
290302,0
290303,0
290304,0
290305,0
290306,0
290307,0
290308,0
290309,0
290310,0
290311,0
290312,0
290313,0
290314,0
290315,0
290316,0
290317,0
290318,0
290319,0
290320,0
290321,0
290322,0
290323,0
290324,0
290325,0
290326,0
290327,0
290328,0
290329,0
290330,0
290331,0
290332,0
290333,0
290334,0
290335,0
290336,0
290337,0
290338,0
290339,0
290340,0
290341,0
290342,0
290343,0
290344,0
290345,0
290346,0
290347,0
290348,0
290349,0
290350,0
290351,0
290352,0
290353,0
290354,0
290355,0
290356,0
290357,0
290358,0
290359,0
290360,0
290361,0
290362,0
290363,0
290364,0
290365,0
290366,0
290367,0
290368,0
290369,0
290370,0
290371,0
290372,0
290373,0
290374,0
290375,0
290376,0
290377,0
290378,0
290379,0
290380,0
290381,0
290382,1
290383,0
290384,0
290385,0
290386,0
290387,0
290388,0
290389,0
290390,0
290391,0
290392,0
290393,0
290394,0
290395,0
290396,0
290397,0
290398,0
290399,0
290400,0
290401,0
290402,0
290403,0
290404,0
290405,0
290406,0
290407,0
290408,0
290409,0
290410,0
290411,0
290412,0
290413,0
290414,0
290415,0
290416,0
290417,0
290418,0
290419,0
290420,0
290421,0
290422,0
290423,0
290424,0
290425,0
290426,0
290427,0
290428,0
290429,0
290430,0
290431,0
290432,0
290433,0
290434,0
290435,0
290436,0
290437,0
290438,0
290439,0
290440,0
290441,0
290442,0
290443,0
290444,0
290445,0
290446,0
290447,0
290448,0
290449,0
290450,0
290451,0
290452,0
290453,0
290454,0
290455,0
290456,0
290457,0
290458,0
290459,0
290460,0
290461,0
290462,0
290463,0
290464,0
290465,0
290466,0
290467,0
290468,0
290469,0
290470,0
290471,0
290472,0
290473,0
290474,0
290475,0
290476,0
290477,0
290478,0
290479,0
290480,0
290481,0
290482,0
290483,0
290484,0
290485,0
290486,0
290487,0
290488,0
290489,0
290490,0
290491,0
290492,0
290493,0
290494,0
290495,0
290496,0
290497,0
290498,0
290499,0
290500,0
290501,0
290502,0
290503,0
290504,0
290505,0
290506,0
290507,0
290508,0
290509,0
290510,0
290511,0
290512,0
290513,0
290514,0
290515,0
290516,0
290517,0
290518,0
290519,0
290520,0
290521,0
290522,0
290523,0
290524,0
290525,0
290526,0
290527,0
290528,0
290529,0
290530,0
290531,0
290532,0
290533,0
290534,0
290535,0
290536,0
290537,0
290538,0
290539,0
290540,0
290541,0
290542,0
290543,0
290544,0
290545,0
290546,0
290547,0
290548,0
290549,0
290550,0
290551,0
290552,0
290553,0
290554,0
290555,0
290556,0
290557,0
290558,0
290559,0
290560,0
290561,0
290562,0
290563,0
290564,0
290565,0
290566,0
290567,0
290568,0
290569,0
290570,0
290571,0
290572,0
290573,0
290574,0
290575,0
290576,0
290577,0
290578,0
290579,0
290580,0
290581,0
290582,0
290583,0
290584,0
290585,0
290586,0
290587,0
290588,0
290589,0
290590,0
290591,0
290592,0
290593,0
290594,0
290595,0
290596,0
290597,0
290598,0
290599,0
290600,0
290601,0
290602,0
290603,0
290604,0
290605,0
290606,0
290607,0
290608,1
290609,0
290610,0
290611,0
290612,0
290613,0
290614,0
290615,0
290616,0
290617,0
290618,0
290619,0
290620,0
290621,0
290622,0
290623,0
290624,0
290625,0
290626,0
290627,0
290628,0
290629,0
290630,0
290631,0
290632,0
290633,0
290634,0
290635,0
290636,0
290637,0
290638,0
290639,0
290640,0
290641,0
290642,0
290643,0
290644,0
290645,0
290646,0
290647,0
290648,0
290649,0
290650,0
290651,0
290652,0
290653,0
290654,0
290655,0
290656,0
290657,0
290658,0
290659,0
290660,0
290661,0
290662,0
290663,0
290664,0
290665,0
290666,0
290667,0
290668,0
290669,0
290670,0
290671,0
290672,0
290673,0
290674,0
290675,0
290676,0
290677,0
290678,0
290679,0
290680,0
290681,0
290682,0
290683,0
290684,0
290685,0
290686,0
290687,0
290688,0
290689,0
290690,0
290691,0
290692,0
290693,0
290694,0
290695,0
290696,0
290697,0
290698,0
290699,0
290700,0
290701,0
290702,0
290703,0
290704,0
290705,0
290706,0
290707,0
290708,0
290709,0
290710,0
290711,0
290712,0
290713,0
290714,0
290715,0
290716,0
290717,0
290718,0
290719,0
290720,0
290721,0
290722,0
290723,0
290724,0
290725,0
290726,0
290727,0
290728,0
290729,0
290730,0
290731,0
290732,0
290733,0
290734,0
290735,0
290736,0
290737,0
290738,0
290739,0
290740,0
290741,0
290742,0
290743,0
290744,0
290745,0
290746,0
290747,0
290748,0
290749,0
290750,0
290751,0
290752,0
290753,0
290754,0
290755,0
290756,0
290757,0
290758,0
290759,0
290760,0
290761,0
290762,0
290763,0
290764,0
290765,0
290766,0
290767,0
290768,0
290769,0
290770,0
290771,0
290772,0
290773,0
290774,0
290775,0
290776,0
290777,0
290778,0
290779,0
290780,0
290781,0
290782,0
290783,0
290784,0
290785,0
290786,0
290787,0
290788,0
290789,0
290790,0
290791,0
290792,0
290793,0
290794,0
290795,0
290796,0
290797,0
290798,0
290799,0
290800,0
290801,0
290802,0
290803,0
290804,0
290805,0
290806,0
290807,0
290808,0
290809,0
290810,0
290811,0
290812,0
290813,0
290814,0
290815,0
290816,0
290817,1
290818,0
290819,0
290820,0
290821,0
290822,0
290823,0
290824,0
290825,0
290826,0
290827,0
290828,0
290829,0
290830,0
290831,0
290832,0
290833,0
290834,0
290835,0
290836,0
290837,0
290838,0
290839,0
290840,0
290841,0
290842,0
290843,0
290844,0
290845,0
290846,0
290847,0
290848,0
290849,0
290850,0
290851,0
290852,0
290853,0
290854,0
290855,0
290856,0
290857,0
290858,1
290859,0
290860,1
290861,0
290862,0
290863,0
290864,0
290865,0
290866,0
290867,0
290868,0
290869,0
290870,0
290871,0
290872,0
290873,0
290874,0
290875,0
290876,0
290877,0
290878,0
290879,0
290880,0
290881,0
290882,0
290883,0
290884,0
290885,0
290886,0
290887,0
290888,0
290889,0
290890,0
290891,0
290892,0
290893,0
290894,0
290895,0
290896,0
290897,0
290898,0
290899,0
290900,0
290901,0
290902,0
290903,0
290904,0
290905,0
290906,0
290907,0
290908,0
290909,0
290910,0
290911,0
290912,0
290913,0
290914,0
290915,0
290916,0
290917,0
290918,0
290919,0
290920,0
290921,0
290922,0
290923,0
290924,1
290925,0
290926,0
290927,0
290928,0
290929,0
290930,0
290931,0
290932,0
290933,0
290934,0
290935,0
290936,0
290937,0
290938,0
290939,0
290940,0
290941,0
290942,0
290943,0
290944,0
290945,0
290946,0
290947,0
290948,0
290949,0
290950,0
290951,2
290952,0
290953,3
290954,0
290955,0
290956,0
290957,0
290958,0
290959,0
290960,0
290961,4
290962,0
290963,0
290964,0
290965,0
290966,0
290967,0
290968,0
290969,0
290970,0
290971,0
290972,3
290973,0
290974,0
290975,0
290976,1
290977,0
290978,0
290979,0
290980,0
290981,0
290982,0
290983,0
290984,0
290985,0
290986,0
290987,0
290988,0
290989,0
290990,0
290991,0
290992,0
290993,0
290994,0
290995,0
290996,0
290997,0
290998,0
290999,0
291000,0
291001,0
291002,0
291003,0
291004,0
291005,0
291006,8
291007,0
291008,0
291009,0
291010,0
291011,0
291012,0
291013,0
291014,0
291015,0
291016,0
291017,0
291018,0
291019,0
291020,0
291021,0
291022,0
291023,0
291024,0
291025,0
291026,0
291027,0
291028,0
291029,4
291030,0
291031,0
291032,0
291033,5
291034,0
291035,0
291036,0
291037,0
291038,6
291039,0
291040,0
291041,0
291042,0
291043,0
291044,0
291045,0
291046,0
291047,0
291048,0
291049,3
291050,0
291051,0
291052,0
291053,0
291054,0
291055,0
291056,0
291057,0
291058,0
291059,0
291060,0
291061,0
291062,0
291063,0
291064,0
291065,0
291066,0
291067,3
291068,0
291069,0
291070,0
291071,0
291072,0
291073,0
291074,0
291075,0
291076,0
291077,0
291078,0
291079,0
291080,0
291081,0
291082,0
291083,5
291084,0
291085,0
291086,0
291087,0
291088,1
291089,0
291090,0
291091,0
291092,0
291093,0
291094,0
291095,0
291096,0
291097,0
291098,0
291099,0
291100,0
291101,0
291102,0
291103,0
291104,0
291105,0
291106,0
291107,0
291108,0
291109,0
291110,0
291111,0
291112,0
291113,0
291114,0
291115,0
291116,0
291117,0
291118,0
291119,2
291120,2
291121,0
291122,0
291123,0
291124,0
291125,4
291126,8
291127,0
291128,0
291129,0
291130,0
291131,0
291132,0
291133,0
291134,5
291135,0
291136,0
291137,0
291138,2
291139,0
291140,0
291141,2
291142,0
291143,0
291144,0
291145,0
291146,0
291147,6
291148,0
291149,0
291150,0
291151,0
291152,0
291153,0
291154,0
291155,0
291156,0
291157,3
291158,0
291159,0
291160,5
291161,0
291162,0
291163,0
291164,0
291165,0
291166,0
291167,0
291168,0
291169,0
291170,0
291171,0
291172,0
291173,0
291174,0
291175,0
291176,0
291177,0
291178,4
291179,0
291180,0
291181,0
291182,0
291183,0
291184,0
291185,0
291186,0
291187,0
291188,0
291189,0
291190,3
291191,0
291192,0
291193,10
291194,0
291195,0
291196,0
291197,0
291198,16
291199,25
291200,0
291201,0
291202,0
291203,0
291204,0
291205,0
291206,0
291207,0
291208,19
291209,0
291210,0
291211,0
291212,14
291213,0
291214,0
291215,0
291216,0
291217,21
291218,0
291219,0
291220,0
291221,0
291222,0
291223,0
291224,0
291225,0
291226,0
291227,0
291228,22
291229,0
291230,0
291231,12
291232,0
291233,0
291234,0
291235,18
291236,0
291237,0
291238,0
291239,0
291240,12
291241,0
291242,0
291243,0
291244,14
291245,22
291246,0
291247,0
291248,0
291249,0
291250,0
291251,0
291252,0
291253,0
291254,0
291255,0
291256,0
291257,0
291258,0
291259,22
291260,0
291261,0
291262,0
291263,0
291264,19
291265,14
291266,0
291267,0
291268,0
291269,21
291270,0
291271,0
291272,0
291273,20
291274,15
291275,0
291276,0
291277,31
291278,20
291279,19
291280,12
291281,0
291282,0
291283,0
291284,0
291285,0
291286,0
291287,0
291288,12
291289,17
291290,16
291291,32
291292,0
291293,0
291294,0
291295,0
291296,18
291297,19
291298,0
291299,0
291300,19
291301,0
291302,0
291303,21
291304,12
291305,0
291306,0
291307,29
291308,0
291309,0
291310,17
291311,0
291312,0
291313,19
291314,0
291315,9
291316,0
291317,0
291318,0
291319,0
291320,0
291321,0
291322,0
291323,0
291324,0
291325,18
291326,14
291327,0
291328,0
291329,22
291330,0
291331,17
291332,0
291333,0
291334,25
291335,10
291336,15
291337,9
291338,19
291339,19
291340,0
291341,0
291342,16
291343,12
291344,0
291345,0
291346,0
291347,0
291348,0
291349,0
291350,0
291351,0
291352,0
291353,0
291354,0
291355,0
291356,16
291357,22
291358,0
291359,0
291360,0
291361,0
291362,15
291363,15
291364,0
291365,18
291366,0
291367,16
291368,0
291369,0
291370,0
291371,20
291372,0
291373,17
291374,0
291375,0
291376,0
291377,0
291378,0
291379,20
291380,0
291381,0
291382,0
291383,0
291384,0
291385,0
291386,0
291387,0
291388,15
291389,0
291390,0
291391,15
291392,0
291393,0
291394,15
291395,0
291396,0
291397,0
291398,0
291399,0
291400,21
291401,0
291402,0
291403,0
291404,22
291405,0
291406,0
291407,12
291408,0
291409,7
291410,0
291411,0
291412,0
291413,0
291414,0
291415,20
291416,18
291417,0
291418,0
291419,0
291420,0
291421,0
291422,28
291423,0
291424,0
291425,0
291426,0
291427,0
291428,0
291429,0
291430,0
291431,0
291432,13
291433,0
291434,16
291435,21
291436,20
291437,20
291438,23
291439,32
291440,0
291441,0
291442,0
291443,0
291444,16
291445,22
291446,23
291447,28
291448,0
291449,0
291450,17
291451,11
291452,0
291453,0
291454,26
291455,17
291456,0
291457,0
291458,0
291459,0
291460,0
291461,0
291462,0
291463,0
291464,0
291465,29
291466,21
291467,0
291468,0
291469,0
291470,18
291471,0
291472,9
291473,0
291474,0
291475,0
291476,0
291477,0
291478,19
291479,0
291480,22
291481,31
291482,0
291483,21
291484,0
291485,0
291486,0
291487,0
291488,0
291489,14
291490,0
291491,0
291492,0
291493,0
291494,20
291495,0
291496,0
291497,0
291498,0
291499,27
291500,0
291501,0
291502,28
291503,23
291504,22
291505,0
291506,0
291507,0
291508,0
291509,17
291510,16
291511,0
291512,26
291513,0
291514,0
291515,0
291516,17
291517,17
291518,0
291519,21
291520,0
291521,17
291522,0
291523,20
291524,21
291525,0
291526,18
291527,0
291528,0
291529,0
291530,0
291531,16
291532,0
291533,0
291534,0
291535,0
291536,0
291537,0
291538,0
291539,0
291540,0
291541,0
291542,0
291543,17
291544,0
291545,0
291546,16
291547,0
291548,20
291549,0
291550,25
291551,0
291552,0
291553,0
291554,19
291555,0
291556,17
291557,29
291558,21
291559,0
291560,22
291561,0
291562,0
291563,15
291564,0
291565,0
291566,0
291567,0
291568,16
291569,0
291570,0
291571,0
291572,0
291573,16
291574,15
291575,15
291576,0
291577,0
291578,0
291579,0
291580,0
291581,0
291582,0
291583,0
291584,0
291585,0
291586,0
291587,0
291588,0
291589,10
291590,0
291591,0
291592,0
291593,0
291594,0
291595,0
291596,0
291597,0
291598,17
291599,0
291600,0
291601,0
291602,0
291603,0
291604,0
291605,24
291606,0
291607,0
291608,0
291609,0
291610,14
291611,0
291612,30
291613,0
291614,0
291615,23
291616,0
291617,0
291618,0
291619,0
291620,25
291621,0
291622,17
291623,0
291624,17
291625,0
291626,24
291627,21
291628,0
291629,0
291630,0
291631,0
291632,0
291633,0
291634,0
291635,17
291636,0
291637,0
291638,0
291639,0
291640,12
291641,0
291642,0
291643,0
291644,0
291645,0
291646,0
291647,0
291648,0
291649,18
291650,0
291651,0
291652,0
291653,0
291654,16
291655,26
291656,0
291657,0
291658,0
291659,0
291660,0
291661,18
291662,0
291663,28
291664,0
291665,16
291666,20
291667,0
291668,0
291669,24
291670,29
291671,0
291672,0
291673,0
291674,16
291675,0
291676,0
291677,0
291678,0
291679,0
291680,0
291681,0
291682,0
291683,20
291684,0
291685,0
291686,22
291687,0
291688,7
291689,21
291690,0
291691,0
291692,0
291693,0
291694,18
291695,0
291696,0
291697,17
291698,0
291699,0
291700,0
291701,19
291702,0
291703,12
291704,0
291705,0
291706,0
291707,0
291708,17
291709,19
291710,0
291711,12
291712,25
291713,20
291714,0
291715,0
291716,0
291717,0
291718,0
291719,0
291720,0
291721,0
291722,0
291723,25
291724,26
291725,0
291726,0
291727,0
291728,0
291729,0
291730,0
291731,0
291732,0
291733,0
291734,0
291735,9
291736,0
291737,13
291738,0
291739,7
291740,0
291741,0
291742,9
291743,0
291744,0
291745,0
291746,0
291747,0
291748,0
291749,0
291750,0
291751,0
291752,5
291753,8
291754,0
291755,0
291756,0
291757,0
291758,0
291759,3
291760,0
291761,0
291762,0
291763,0
291764,0
291765,0
291766,0
291767,0
291768,0
291769,0
291770,0
291771,9
291772,12
291773,0
291774,0
291775,0
291776,4
291777,0
291778,0
291779,0
291780,0
291781,0
291782,0
291783,0
291784,0
291785,0
291786,0
291787,0
291788,0
291789,0
291790,0
291791,0
291792,0
291793,0
291794,0
291795,0
291796,0
291797,0
291798,0
291799,0
291800,0
291801,0
291802,0
291803,0
291804,0
291805,0
291806,0
291807,0
291808,0
291809,0
291810,0
291811,0
291812,0
291813,0
291814,0
291815,0
291816,0
291817,7
291818,9
291819,0
291820,6
291821,0
291822,0
291823,0
291824,0
291825,6
291826,0
291827,0
291828,10
291829,0
291830,0
291831,6
291832,0
291833,0
291834,0
291835,0
291836,0
291837,0
291838,0
291839,0
291840,0
291841,0
291842,0
291843,0
291844,0
291845,0
291846,0
291847,0
291848,0
291849,0
291850,0
291851,3
291852,0
291853,0
291854,0
291855,0
291856,0
291857,0
291858,0
291859,0
291860,0
291861,0
291862,12
291863,0
291864,0
291865,0
291866,0
291867,0
291868,0
291869,0
291870,0
291871,0
291872,9
291873,0
291874,0
291875,0
291876,0
291877,0
291878,0
291879,0
291880,5
291881,0
291882,0
291883,0
291884,0
291885,0
291886,0
291887,11
291888,0
291889,0
291890,6
291891,0
291892,0
291893,0
291894,0
291895,0
291896,0
291897,0
291898,0
291899,9
291900,6
291901,0
291902,0
291903,0
291904,0
291905,0
291906,0
291907,0
291908,6
291909,0
291910,4
291911,0
291912,0
291913,0
291914,0
291915,0
291916,0
291917,0
291918,0
291919,0
291920,0
291921,0
291922,0
291923,0
291924,0
291925,0
291926,0
291927,0
291928,0
291929,0
291930,0
291931,0
291932,0
291933,0
291934,0
291935,0
291936,0
291937,0
291938,0
291939,0
291940,0
291941,0
291942,0
291943,0
291944,0
291945,0
291946,0
291947,0
291948,0
291949,0
291950,0
291951,0
291952,0
291953,0
291954,0
291955,0
291956,0
291957,4
291958,0
291959,0
291960,6
291961,0
291962,6
291963,0
291964,0
291965,0
291966,0
291967,0
291968,0
291969,0
291970,0
291971,0
291972,4
291973,0
291974,0
291975,0
291976,0
291977,0
291978,0
291979,0
291980,0
291981,0
291982,0
291983,0
291984,0
291985,0
291986,0
291987,0
291988,0
291989,0
291990,0
291991,0
291992,0
291993,0
291994,0
291995,0
291996,0
291997,0
291998,6
291999,0
292000,0
292001,0
292002,0
292003,6
292004,0
292005,0
292006,11
292007,0
292008,0
292009,0
292010,0
292011,0
292012,0
292013,0
292014,0
292015,0
292016,0
292017,0
292018,0
292019,0
292020,0
292021,0
292022,0
292023,0
292024,0
292025,0
292026,0
292027,0
292028,11
292029,0
292030,0
292031,0
292032,0
292033,0
292034,4
292035,0
292036,0
292037,0
292038,0
292039,0
292040,8
292041,0
292042,0
292043,0
292044,0
292045,0
292046,0
292047,2
292048,0
292049,5
292050,0
292051,0
292052,0
292053,0
292054,0
292055,0
292056,0
292057,0
292058,0
292059,0
292060,0
292061,0
292062,0
292063,0
292064,0
292065,0
292066,11
292067,0
292068,0
292069,0
292070,0
292071,0
292072,0
292073,0
292074,0
292075,0
292076,0
292077,0
292078,0
292079,0
292080,0
292081,0
292082,0
292083,0
292084,0
292085,0
292086,0
292087,0
292088,0
292089,0
292090,0
292091,0
292092,6
292093,0
292094,0
292095,0
292096,0
292097,0
292098,6
292099,0
292100,0
292101,0
292102,0
292103,0
292104,7
292105,0
292106,8
292107,0
292108,0
292109,0
292110,0
292111,0
292112,0
292113,0
292114,0
292115,0
292116,0
292117,0
292118,0
292119,0
292120,0
292121,0
292122,0
292123,0
292124,0
292125,0
292126,0
292127,0
292128,0
292129,0
292130,0
292131,0
292132,0
292133,0
292134,0
292135,0
292136,0
292137,4
292138,0
292139,0
292140,0
292141,0
292142,0
292143,0
292144,0
292145,0
292146,0
292147,0
292148,0
292149,0
292150,0
292151,0
292152,0
292153,2
292154,0
292155,0
292156,0
292157,0
292158,0
292159,0
292160,0
292161,0
292162,0
292163,0
292164,0
292165,0
292166,8
292167,0
292168,0
292169,0
292170,0
292171,0
292172,0
292173,0
292174,0
292175,0
292176,0
292177,3
292178,0
292179,0
292180,0
292181,0
292182,0
292183,0
292184,0
292185,0
292186,0
292187,0
292188,0
292189,0
292190,0
292191,0
292192,0
292193,0
292194,0
292195,0
292196,0
292197,0
292198,0
292199,0
292200,0
292201,0
292202,0
292203,0
292204,0
292205,0
292206,0
292207,0
292208,0
292209,0
292210,0
292211,0
292212,0
292213,0
292214,0
292215,0
292216,0
292217,0
292218,0
292219,0
292220,33
292221,0
292222,0
292223,33
292224,0
292225,49
292226,0
292227,28
292228,0
292229,44
292230,44
292231,0
292232,42
292233,0
292234,0
292235,0
292236,32
292237,0
292238,33
292239,0
292240,38
292241,0
292242,0
292243,54
292244,0
292245,0
292246,0
292247,0
292248,0
292249,0
292250,0
292251,33
292252,0
292253,0
292254,40
292255,0
292256,0
292257,0
292258,0
292259,34
292260,0
292261,0
292262,0
292263,0
292264,0
292265,0
292266,0
292267,0
292268,0
292269,0
292270,0
292271,0
292272,38
292273,0
292274,0
292275,0
292276,0
292277,0
292278,0
292279,0
292280,0
292281,0
292282,23
292283,0
292284,0
292285,0
292286,32
292287,0
292288,0
292289,0
292290,0
292291,0
292292,40
292293,50
292294,0
292295,26
292296,0
292297,0
292298,0
292299,0
292300,0
292301,44
292302,0
292303,0
292304,0
292305,0
292306,0
292307,0
292308,0
292309,0
292310,0
292311,0
292312,0
292313,0
292314,0
292315,0
292316,0
292317,0
292318,0
292319,0
292320,33
292321,0
292322,0
292323,0
292324,0
292325,0
292326,0
292327,0
292328,0
292329,0
292330,0
292331,0
292332,0
292333,0
292334,0
292335,0
292336,0
292337,0
292338,0
292339,0
292340,0
292341,0
292342,33
292343,0
292344,34
292345,0
292346,0
292347,0
292348,0
292349,0
292350,0
292351,0
292352,0
292353,0
292354,0
292355,0
292356,0
292357,0
292358,35
292359,0
292360,0
292361,0
292362,44
292363,0
292364,0
292365,0
292366,38
292367,0
292368,0
292369,0
292370,0
292371,0
292372,0
292373,0
292374,0
292375,0
292376,0
292377,0
292378,0
292379,0
292380,0
292381,28
292382,28
292383,39
292384,0
292385,0
292386,0
292387,0
292388,0
292389,0
292390,0
292391,44
292392,0
292393,0
292394,0
292395,33
292396,0
292397,0
292398,25
292399,0
292400,0
292401,0
292402,0
292403,0
292404,0
292405,0
292406,47
292407,0
292408,0
292409,0
292410,0
292411,0
292412,0
292413,53
292414,47
292415,0
292416,0
292417,0
292418,22
292419,39
292420,0
292421,0
292422,0
292423,0
292424,0
292425,48
292426,0
292427,0
292428,0
292429,0
292430,0
292431,0
292432,0
292433,0
292434,0
292435,0
292436,0
292437,0
292438,0
292439,0
292440,0
292441,0
292442,0
292443,0
292444,0
292445,0
292446,0
292447,0
292448,0
292449,23
292450,0
292451,0
292452,0
292453,0
292454,0
292455,0
292456,42
292457,0
292458,20
292459,0
292460,0
292461,36
292462,0
292463,0
292464,35
292465,0
292466,45
292467,0
292468,0
292469,0
292470,0
292471,0
292472,0
292473,0
292474,0
292475,0
292476,0
292477,0
292478,0
292479,28
292480,0
292481,0
292482,0
292483,0
292484,50
292485,0
292486,0
292487,0
292488,47
292489,0
292490,0
292491,0
292492,69
292493,0
292494,0
292495,63
292496,37
292497,0
292498,0
292499,47
292500,0
292501,0
292502,0
292503,0
292504,0
292505,0
292506,0
292507,0
292508,57
292509,0
292510,0
292511,0
292512,0
292513,30
292514,0
292515,0
292516,30
292517,0
292518,0
292519,0
292520,0
292521,0
292522,0
292523,34
292524,0
292525,58
292526,0
292527,0
292528,0
292529,0
292530,0
292531,0
292532,0
292533,0
292534,0
292535,54
292536,34
292537,40
292538,0
292539,50
292540,37
292541,30
292542,32
292543,0
292544,0
292545,0
292546,0
292547,40
292548,0
292549,0
292550,0
292551,0
292552,0
292553,0
292554,0
292555,0
292556,0
292557,0
292558,0
292559,0
292560,41
292561,0
292562,0
292563,0
292564,0
292565,0
292566,0
292567,0
292568,0
292569,0
292570,0
292571,0
292572,0
292573,0
292574,27
292575,0
292576,0
292577,0
292578,0
292579,0
292580,0
292581,0
292582,0
292583,0
292584,38
292585,0
292586,0
292587,0
292588,0
292589,0
292590,0
292591,40
292592,0
292593,0
292594,0
292595,51
292596,0
292597,0
292598,24
292599,0
292600,0
292601,0
292602,0
292603,0
292604,0
292605,36
292606,0
292607,40
292608,0
292609,0
292610,0
292611,0
292612,0
292613,0
292614,0
292615,0
292616,0
292617,30
292618,0
292619,0
292620,38
292621,0
292622,0
292623,0
292624,41
292625,0
292626,0
292627,47
292628,0
292629,0
292630,41
292631,0
292632,0
292633,0
292634,0
292635,0
292636,0
292637,0
292638,0
292639,0
292640,0
292641,48
292642,0
292643,0
292644,0
292645,0
292646,0
292647,0
292648,0
292649,0
292650,24
292651,0
292652,0
292653,0
292654,34
292655,0
292656,0
292657,0
292658,0
292659,0
292660,0
292661,29
292662,49
292663,0
292664,0
292665,0
292666,0
292667,0
292668,0
292669,0
292670,0
292671,0
292672,0
292673,28
292674,0
292675,0
292676,0
292677,0
292678,0
292679,0
292680,0
292681,11
292682,12
292683,0
292684,0
292685,0
292686,0
292687,0
292688,0
292689,6
292690,0
292691,0
292692,0
292693,0
292694,0
292695,6
292696,0
292697,0
292698,0
292699,0
292700,0
292701,4
292702,0
292703,0
292704,0
292705,0
292706,0
292707,6
292708,0
292709,8
292710,0
292711,4
292712,0
292713,0
292714,0
292715,15
292716,3
292717,0
292718,0
292719,0
292720,0
292721,0
292722,0
292723,0
292724,0
292725,0
292726,0
292727,0
292728,0
292729,0
292730,0
292731,0
292732,0
292733,0
292734,20
292735,0
292736,5
292737,5
292738,0
292739,0
292740,0
292741,0
292742,0
292743,0
292744,0
292745,0
292746,10
292747,4
292748,6
292749,0
292750,0
292751,10
292752,0
292753,0
292754,0
292755,8
292756,1
292757,0
292758,0
292759,0
292760,0
292761,12
292762,0
292763,0
292764,0
292765,0
292766,0
292767,5
292768,0
292769,0
292770,0
292771,21
292772,0
292773,0
292774,0
292775,0
292776,9
292777,8
292778,12
292779,0
292780,0
292781,6
292782,17
292783,7
292784,0
292785,0
292786,0
292787,9
292788,8
292789,0
292790,0
292791,0
292792,0
292793,10
292794,0
292795,0
292796,0
292797,8
292798,0
292799,0
292800,0
292801,19
292802,0
292803,0
292804,10
292805,0
292806,8
292807,0
292808,0
292809,0
292810,0
292811,0
292812,0
292813,12
292814,0
292815,0
292816,10
292817,0
292818,0
292819,9
292820,9
292821,0
292822,0
292823,0
292824,10
292825,8
292826,8
292827,0
292828,6
292829,0
292830,0
292831,9
292832,0
292833,0
292834,0
292835,0
292836,0
292837,0
292838,0
292839,9
292840,0
292841,0
292842,0
292843,0
292844,7
292845,0
292846,0
292847,0
292848,0
292849,0
292850,14
292851,8
292852,16
292853,0
292854,0
292855,0
292856,3
292857,0
292858,0
292859,0
292860,0
292861,0
292862,17
292863,10
292864,0
292865,10
292866,0
292867,10
292868,6
292869,0
292870,13
292871,0
292872,10
292873,0
292874,13
292875,0
292876,0
292877,0
292878,14
292879,14
292880,0
292881,0
292882,0
292883,0
292884,0
292885,0
292886,0
292887,8
292888,12
292889,0
292890,0
292891,0
292892,0
292893,0
292894,11
292895,0
292896,3
292897,0
292898,0
292899,0
292900,0
292901,15
292902,0
292903,11
292904,0
292905,0
292906,0
292907,0
292908,0
292909,0
292910,10
292911,7
292912,0
292913,0
292914,0
292915,10
292916,11
292917,0
292918,0
292919,9
292920,0
292921,0
292922,0
292923,7
292924,7
292925,0
292926,5
292927,0
292928,0
292929,13
292930,0
292931,0
292932,0
292933,3
292934,9
292935,15
292936,0
292937,0
292938,0
292939,0
292940,0
292941,0
292942,0
292943,0
292944,0
292945,0
292946,0
292947,3
292948,4
292949,0
292950,5
292951,0
292952,0
292953,10
292954,0
292955,0
292956,4
292957,8
292958,0
292959,0
292960,0
292961,0
292962,8
292963,0
292964,0
292965,0
292966,0
292967,0
292968,0
292969,0
292970,9
292971,6
292972,11
292973,0
292974,0
292975,14
292976,0
292977,0
292978,0
292979,0
292980,0
292981,0
292982,0
292983,10
292984,0
292985,0
292986,10
292987,0
292988,8
292989,0
292990,0
292991,0
292992,9
292993,3
292994,0
292995,0
292996,0
292997,0
292998,1
292999,0
293000,0
293001,0
293002,8
293003,0
293004,0
293005,6
293006,0
293007,0
293008,0
293009,0
293010,0
293011,0
293012,0
293013,0
293014,0
293015,0
293016,0
293017,0
293018,10
293019,8
293020,12
293021,0
293022,0
293023,0
293024,0
293025,8
293026,0
293027,0
293028,15
293029,0
293030,0
293031,0
293032,0
293033,0
293034,0
293035,0
293036,0
293037,0
293038,0
293039,0
293040,24
293041,0
293042,0
293043,0
293044,0
293045,0
293046,0
293047,10
293048,0
293049,0
293050,0
293051,7
293052,0
293053,0
293054,0
293055,0
293056,0
293057,0
293058,0
293059,0
293060,0
293061,14
293062,0
293063,8
293064,0
293065,0
293066,0
293067,0
293068,0
293069,0
293070,0
293071,0
293072,0
293073,0
293074,0
293075,17
293076,9
293077,0
293078,0
293079,0
293080,0
293081,0
293082,6
293083,0
293084,0
293085,0
293086,0
293087,0
293088,0
293089,13
293090,0
293091,0
293092,0
293093,0
293094,11
293095,0
293096,0
293097,0
293098,0
293099,0
293100,12
293101,0
293102,0
293103,0
293104,0
293105,0
293106,0
293107,0
293108,0
293109,0
293110,0
293111,0
293112,15
293113,7
293114,0
293115,0
293116,0
293117,0
293118,0
293119,0
293120,0
293121,0
293122,0
293123,4
293124,0
293125,0
293126,0
293127,7
293128,0
293129,19
293130,0
293131,0
293132,7
293133,0
293134,10
293135,12
293136,4
293137,0
293138,8
293139,0
293140,4
293141,0
293142,0
293143,0
293144,0
293145,0
293146,8
293147,0
293148,0
293149,0
293150,0
293151,0
293152,0
293153,0
293154,0
293155,0
293156,0
293157,0
293158,0
293159,0
293160,0
293161,0
293162,0
293163,0
293164,0
293165,0
293166,0
293167,0
293168,0
293169,0
293170,0
293171,0
293172,6
293173,0
293174,0
293175,0
293176,0
293177,0
293178,0
293179,0
293180,0
293181,0
293182,6
293183,0
293184,0
293185,0
293186,0
293187,0
293188,0
293189,0
293190,0
293191,0
293192,0
293193,5
293194,0
293195,0
293196,0
293197,0
293198,0
293199,0
293200,0
293201,0
293202,0
293203,0
293204,0
293205,0
293206,0
293207,0
293208,6
293209,0
293210,0
293211,0
293212,5
293213,0
293214,0
293215,0
293216,0
293217,7
293218,0
293219,0
293220,0
293221,0
293222,0
293223,9
293224,0
293225,0
293226,6
293227,0
293228,0
293229,0
293230,0
293231,0
293232,0
293233,0
293234,0
293235,0
293236,0
293237,0
293238,0
293239,0
293240,0
293241,0
293242,0
293243,0
293244,0
293245,0
293246,0
293247,0
293248,0
293249,0
293250,0
293251,0
293252,0
293253,6
293254,0
293255,0
293256,0
293257,0
293258,8
293259,0
293260,0
293261,0
293262,0
293263,0
293264,0
293265,0
293266,0
293267,0
293268,0
293269,6
293270,0
293271,0
293272,6
293273,0
293274,0
293275,5
293276,0
293277,0
293278,0
293279,0
293280,0
293281,0
293282,4
293283,0
293284,0
293285,0
293286,0
293287,0
293288,0
293289,5
293290,0
293291,11
293292,0
293293,0
293294,0
293295,0
293296,0
293297,0
293298,0
293299,0
293300,0
293301,0
293302,0
293303,0
293304,0
293305,0
293306,0
293307,0
293308,0
293309,0
293310,0
293311,0
293312,0
293313,0
293314,0
293315,0
293316,0
293317,0
293318,0
293319,0
293320,0
293321,0
293322,0
293323,0
293324,0
293325,0
293326,0
293327,0
293328,0
293329,0
293330,0
293331,0
293332,0
293333,0
293334,0
293335,0
293336,0
293337,4
293338,0
293339,0
293340,0
293341,0
293342,0
293343,0
293344,10
293345,5
293346,0
293347,0
293348,0
293349,0
293350,0
293351,0
293352,2
293353,0
293354,0
293355,0
293356,0
293357,0
293358,0
293359,0
293360,3
293361,0
293362,0
293363,0
293364,0
293365,0
293366,0
293367,0
293368,0
293369,0
293370,4
293371,0
293372,6
293373,0
293374,0
293375,0
293376,0
293377,6
293378,0
293379,8
293380,0
293381,0
293382,0
293383,0
293384,0
293385,6
293386,0
293387,0
293388,0
293389,0
293390,0
293391,0
293392,0
293393,0
293394,0
293395,3
293396,0
293397,0
293398,0
293399,0
293400,0
293401,4
293402,0
293403,0
293404,0
293405,0
293406,0
293407,0
293408,0
293409,7
293410,0
293411,0
293412,0
293413,0
293414,0
293415,5
293416,0
293417,0
293418,0
293419,0
293420,0
293421,0
293422,0
293423,0
293424,0
293425,0
293426,6
293427,0
293428,8
293429,0
293430,0
293431,0
293432,0
293433,0
293434,0
293435,0
293436,0
293437,0
293438,0
293439,0
293440,0
293441,4
293442,4
293443,0
293444,0
293445,0
293446,0
293447,2
293448,0
293449,0
293450,0
293451,0
293452,0
293453,0
293454,11
293455,0
293456,7
293457,5
293458,0
293459,0
293460,0
293461,0
293462,0
293463,0
293464,0
293465,0
293466,0
293467,0
293468,0
293469,0
293470,0
293471,9
293472,0
293473,0
293474,0
293475,0
293476,0
293477,7
293478,0
293479,0
293480,0
293481,0
293482,0
293483,0
293484,0
293485,0
293486,0
293487,0
293488,0
293489,0
293490,0
293491,0
293492,0
293493,0
293494,10
293495,0
293496,0
293497,0
293498,0
293499,0
293500,0
293501,0
293502,0
293503,0
293504,0
293505,0
293506,0
293507,0
293508,0
293509,2
293510,0
293511,0
293512,0
293513,12
293514,0
293515,0
293516,0
293517,0
293518,0
293519,0
293520,0
293521,0
293522,8
293523,0
293524,0
293525,0
293526,0
293527,0
293528,0
293529,0
293530,0
293531,0
293532,0
293533,0
293534,0
293535,5
293536,0
293537,0
293538,0
293539,0
293540,0
293541,0
293542,0
293543,0
293544,0
293545,0
293546,0
293547,0
293548,0
293549,0
293550,0
293551,0
293552,0
293553,0
293554,0
293555,1
293556,0
293557,0
293558,0
293559,0
293560,0
293561,13
293562,0
293563,0
293564,0
293565,0
293566,7
293567,0
293568,0
293569,0
293570,0
293571,0
293572,0
293573,0
293574,0
293575,0
293576,0
293577,0
293578,0
293579,0
293580,0
293581,0
293582,0
293583,0
293584,0
293585,5
293586,0
293587,0
293588,0
293589,0
293590,0
293591,0
293592,8
293593,0
293594,0
293595,0
293596,0
293597,3
293598,0
293599,0
293600,0
293601,0
293602,0
293603,0
293604,0
293605,0
293606,0
293607,0
293608,0
293609,0
293610,0
293611,3
293612,0
293613,0
293614,0
293615,0
293616,0
293617,0
293618,0
293619,0
293620,0
293621,0
293622,0
293623,0
293624,0
293625,0
293626,0
293627,0
293628,0
293629,7
293630,0
293631,0
293632,0
293633,0
293634,0
293635,0
293636,0
293637,10
293638,0
293639,0
293640,0
293641,0
293642,6
293643,0
293644,0
293645,5
293646,0
293647,10
293648,0
293649,0
293650,0
293651,0
293652,0
293653,5
293654,0
293655,0
293656,0
293657,0
293658,3
293659,0
293660,8
293661,0
293662,0
293663,0
293664,0
293665,0
293666,0
293667,0
293668,0
293669,0
293670,0
293671,0
293672,0
293673,0
293674,0
293675,0
293676,7
293677,5
293678,0
293679,0
293680,0
293681,2
293682,0
293683,0
293684,0
293685,0
293686,0
293687,12
293688,0
293689,0
293690,0
293691,0
293692,0
293693,0
293694,0
293695,0
293696,0
293697,0
293698,0
293699,0
293700,0
293701,0
293702,3
293703,0
293704,0
293705,0
293706,0
293707,0
293708,0
293709,0
293710,0
293711,0
293712,0
293713,5
293714,0
293715,0
293716,0
293717,0
293718,0
293719,0
293720,0
293721,0
293722,0
293723,0
293724,0
293725,0
293726,0
293727,0
293728,0
293729,0
293730,0
293731,0
293732,0
293733,0
293734,0
293735,0
293736,0
293737,0
293738,0
293739,0
293740,0
293741,0
293742,0
293743,9
293744,0
293745,0
293746,0
293747,0
293748,0
293749,0
293750,0
293751,0
293752,0
293753,0
293754,0
293755,0
293756,0
293757,0
293758,0
293759,0
293760,0
293761,0
293762,0
293763,0
293764,0
293765,0
293766,0
293767,0
293768,0
293769,0
293770,0
293771,0
293772,0
293773,0
293774,0
293775,0
293776,0
293777,0
293778,0
293779,0
293780,0
293781,9
293782,0
293783,0
293784,0
293785,0
293786,6
293787,0
293788,0
293789,7
293790,0
293791,0
293792,10
293793,0
293794,0
293795,0
293796,7
293797,0
293798,0
293799,0
293800,0
293801,0
293802,0
293803,0
293804,0
293805,0
293806,0
293807,5
293808,9
293809,0
293810,0
293811,7
293812,4
293813,0
293814,0
293815,0
293816,0
293817,0
293818,0
293819,0
293820,6
293821,0
293822,0
293823,0
293824,0
293825,0
293826,0
293827,4
293828,0
293829,0
293830,7
293831,0
293832,0
293833,0
293834,0
293835,0
293836,0
293837,0
293838,0
293839,0
293840,0
293841,0
293842,0
293843,0
293844,9
293845,0
293846,0
293847,0
293848,0
293849,0
293850,0
293851,3
293852,0
293853,4
293854,7
293855,0
293856,0
293857,0
293858,4
293859,0
293860,0
293861,0
293862,0
293863,0
293864,0
293865,0
293866,0
293867,0
293868,0
293869,0
293870,0
293871,0
293872,0
293873,0
293874,5
293875,0
293876,0
293877,0
293878,0
293879,0
293880,0
293881,0
293882,0
293883,0
293884,6
293885,0
293886,0
293887,0
293888,0
293889,0
293890,0
293891,0
293892,0
293893,0
293894,0
293895,0
293896,0
293897,0
293898,7
293899,0
293900,0
293901,0
293902,0
293903,1
293904,2
293905,0
293906,0
293907,0
293908,3
293909,0
293910,0
293911,0
293912,0
293913,0
293914,0
293915,0
293916,0
293917,0
293918,0
293919,0
293920,0
293921,0
293922,10
293923,0
293924,0
293925,0
293926,0
293927,0
293928,0
293929,0
293930,0
293931,0
293932,0
293933,0
293934,0
293935,11
293936,0
293937,7
293938,0
293939,7
293940,0
293941,0
293942,0
293943,0
293944,0
293945,0
293946,0
293947,0
293948,0
293949,0
293950,6
293951,0
293952,0
293953,0
293954,0
293955,0
293956,0
293957,0
293958,0
293959,0
293960,0
293961,0
293962,0
293963,0
293964,0
293965,0
293966,0
293967,0
293968,0
293969,0
293970,0
293971,0
293972,5
293973,5
293974,0
293975,0
293976,0
293977,0
293978,6
293979,0
293980,0
293981,0
293982,0
293983,0
293984,0
293985,0
293986,11
293987,0
293988,0
293989,0
293990,0
293991,0
293992,3
293993,0
293994,0
293995,0
293996,0
293997,0
293998,0
293999,0
294000,0
294001,0
294002,0
294003,0
294004,0
294005,0
294006,0
294007,0
294008,0
294009,0
294010,0
294011,0
294012,0
294013,0
294014,0
294015,0
294016,0
294017,0
294018,5
294019,0
294020,0
294021,0
294022,0
294023,0
294024,0
294025,0
294026,0
294027,0
294028,4
294029,0
294030,0
294031,0
294032,0
294033,0
294034,0
294035,0
294036,0
294037,0
294038,0
294039,0
294040,0
294041,0
294042,0
294043,0
294044,7
294045,6
294046,0
294047,0
294048,0
294049,0
294050,0
294051,0
294052,0
294053,0
294054,0
294055,0
294056,0
294057,8
294058,0
294059,5
294060,0
294061,0
294062,3
294063,6
294064,0
294065,0
294066,0
294067,0
294068,0
294069,0
294070,0
294071,0
294072,0
294073,0
294074,16
294075,0
294076,0
294077,0
294078,0
294079,0
294080,0
294081,0
294082,0
294083,0
294084,0
294085,0
294086,0
294087,0
294088,0
294089,0
294090,0
294091,0
294092,0
294093,14
294094,0
294095,0
294096,0
294097,0
294098,0
294099,0
294100,0
294101,0
294102,0
294103,25
294104,0
294105,0
294106,0
294107,0
294108,0
294109,0
294110,0
294111,0
294112,0
294113,0
294114,0
294115,0
294116,0
294117,0
294118,0
294119,0
294120,0
294121,0
294122,0
294123,0
294124,0
294125,0
294126,0
294127,0
294128,0
294129,0
294130,0
294131,0
294132,0
294133,24
294134,0
294135,0
294136,0
294137,0
294138,0
294139,0
294140,0
294141,0
294142,0
294143,0
294144,0
294145,0
294146,0
294147,0
294148,0
294149,0
294150,0
294151,0
294152,0
294153,0
294154,0
294155,0
294156,19
294157,0
294158,0
294159,0
294160,0
294161,0
294162,0
294163,0
294164,22
294165,0
294166,0
294167,0
294168,0
294169,0
294170,0
294171,0
294172,0
294173,0
294174,0
294175,0
294176,0
294177,0
294178,0
294179,0
294180,0
294181,0
294182,0
294183,0
294184,0
294185,0
294186,0
294187,0
294188,0
294189,0
294190,0
294191,0
294192,0
294193,0
294194,0
294195,0
294196,0
294197,0
294198,0
294199,0
294200,0
294201,0
294202,0
294203,0
294204,0
294205,0
294206,0
294207,0
294208,0
294209,0
294210,0
294211,0
294212,0
294213,0
294214,0
294215,0
294216,0
294217,0
294218,12
294219,0
294220,0
294221,0
294222,0
294223,0
294224,0
294225,0
294226,0
294227,0
294228,0
294229,0
294230,0
294231,0
294232,0
294233,0
294234,0
294235,0
294236,0
294237,0
294238,19
294239,0
294240,17
294241,0
294242,0
294243,0
294244,0
294245,0
294246,0
294247,0
294248,0
294249,0
294250,0
294251,0
294252,0
294253,0
294254,0
294255,0
294256,0
294257,0
294258,0
294259,0
294260,0
294261,0
294262,0
294263,0
294264,0
294265,0
294266,0
294267,0
294268,0
294269,0
294270,0
294271,0
294272,0
294273,14
294274,0
294275,0
294276,0
294277,14
294278,0
294279,0
294280,0
294281,0
294282,0
294283,0
294284,0
294285,0
294286,0
294287,0
294288,0
294289,13
294290,0
294291,0
294292,0
294293,0
294294,0
294295,0
294296,0
294297,0
294298,0
294299,0
294300,0
294301,0
294302,0
294303,0
294304,0
294305,0
294306,0
294307,0
294308,0
294309,0
294310,0
294311,27
294312,0
294313,0
294314,0
294315,0
294316,0
294317,0
294318,0
294319,0
294320,0
294321,18
294322,0
294323,0
294324,0
294325,24
294326,0
294327,0
294328,0
294329,0
294330,0
294331,0
294332,0
294333,0
294334,0
294335,0
294336,18
294337,0
294338,12
294339,0
294340,0
294341,0
294342,0
294343,0
294344,16
294345,0
294346,0
294347,22
294348,0
294349,0
294350,0
294351,17
294352,0
294353,0
294354,12
294355,0
294356,0
294357,0
294358,0
294359,0
294360,0
294361,0
294362,0
294363,0
294364,0
294365,0
294366,0
294367,0
294368,0
294369,0
294370,0
294371,0
294372,0
294373,0
294374,0
294375,0
294376,0
294377,22
294378,0
294379,0
294380,0
294381,0
294382,0
294383,21
294384,0
294385,0
294386,0
294387,0
294388,0
294389,0
294390,0
294391,0
294392,0
294393,0
294394,14
294395,0
294396,0
294397,0
294398,0
294399,0
294400,0
294401,0
294402,0
294403,0
294404,0
294405,0
294406,0
294407,0
294408,0
294409,0
294410,0
294411,0
294412,0
294413,0
294414,11
294415,0
294416,0
294417,0
294418,0
294419,0
294420,0
294421,16
294422,0
294423,0
294424,0
294425,0
294426,0
294427,0
294428,0
294429,0
294430,0
294431,0
294432,22
294433,0
294434,0
294435,0
294436,0
294437,0
294438,13
294439,0
294440,0
294441,0
294442,0
294443,0
294444,0
294445,0
294446,0
294447,0
294448,0
294449,0
294450,0
294451,0
294452,0
294453,0
294454,0
294455,0
294456,0
294457,0
294458,0
294459,0
294460,0
294461,0
294462,0
294463,0
294464,0
294465,0
294466,0
294467,0
294468,0
294469,0
294470,0
294471,0
294472,0
294473,0
294474,0
294475,0
294476,0
294477,7
294478,0
294479,0
294480,0
294481,0
294482,0
294483,0
294484,0
294485,0
294486,0
294487,7
294488,9
294489,0
294490,0
294491,0
294492,0
294493,0
294494,0
294495,0
294496,0
294497,0
294498,0
294499,0
294500,0
294501,6
294502,3
294503,13
294504,0
294505,0
294506,0
294507,0
294508,0
294509,0
294510,8
294511,0
294512,0
294513,0
294514,15
294515,0
294516,0
294517,0
294518,0
294519,0
294520,0
294521,0
294522,0
294523,0
294524,0
294525,0
294526,0
294527,0
294528,0
294529,0
294530,0
294531,0
294532,0
294533,7
294534,0
294535,0
294536,0
294537,0
294538,0
294539,0
294540,7
294541,0
294542,0
294543,7
294544,0
294545,8
294546,0
294547,8
294548,6
294549,0
294550,0
294551,6
294552,7
294553,0
294554,0
294555,0
294556,0
294557,0
294558,4
294559,0
294560,0
294561,0
294562,0
294563,0
294564,6
294565,0
294566,0
294567,0
294568,0
294569,0
294570,8
294571,0
294572,0
294573,10
294574,0
294575,0
294576,0
294577,0
294578,0
294579,0
294580,0
294581,0
294582,0
294583,0
294584,0
294585,9
294586,0
294587,0
294588,0
294589,0
294590,0
294591,0
294592,0
294593,0
294594,0
294595,0
294596,0
294597,0
294598,0
294599,0
294600,0
294601,0
294602,0
294603,0
294604,4
294605,0
294606,0
294607,0
294608,0
294609,0
294610,0
294611,0
294612,6
294613,0
294614,0
294615,0
294616,0
294617,0
294618,0
294619,0
294620,0
294621,0
294622,0
294623,6
294624,0
294625,0
294626,0
294627,0
294628,0
294629,0
294630,0
294631,0
294632,0
294633,0
294634,0
294635,0
294636,0
294637,0
294638,5
294639,0
294640,0
294641,9
294642,0
294643,0
294644,4
294645,0
294646,0
294647,0
294648,0
294649,0
294650,0
294651,0
294652,0
294653,6
294654,0
294655,0
294656,0
294657,0
294658,0
294659,5
294660,0
294661,0
294662,0
294663,0
294664,0
294665,0
294666,0
294667,0
294668,0
294669,0
294670,0
294671,8
294672,0
294673,0
294674,0
294675,0
294676,0
294677,0
294678,5
294679,0
294680,0
294681,11
294682,0
294683,0
294684,0
294685,0
294686,0
294687,0
294688,0
294689,0
294690,0
294691,0
294692,0
294693,11
294694,0
294695,0
294696,0
294697,0
294698,12
294699,0
294700,0
294701,0
294702,0
294703,0
294704,0
294705,0
294706,0
294707,11
294708,0
294709,14
294710,0
294711,0
294712,0
294713,5
294714,0
294715,0
294716,0
294717,0
294718,0
294719,0
294720,0
294721,0
294722,0
294723,0
294724,7
294725,0
294726,0
294727,0
294728,0
294729,0
294730,0
294731,0
294732,0
294733,0
294734,0
294735,0
294736,0
294737,0
294738,0
294739,0
294740,7
294741,7
294742,9
294743,3
294744,0
294745,0
294746,0
294747,0
294748,0
294749,0
294750,0
294751,0
294752,0
294753,0
294754,0
294755,0
294756,0
294757,0
294758,0
294759,10
294760,12
294761,0
294762,0
294763,0
294764,8
294765,0
294766,0
294767,0
294768,0
294769,9
294770,0
294771,9
294772,0
294773,0
294774,0
294775,0
294776,0
294777,3
294778,0
294779,0
294780,10
294781,0
294782,0
294783,0
294784,0
294785,0
294786,0
294787,0
294788,0
294789,0
294790,0
294791,0
294792,0
294793,6
294794,5
294795,0
294796,0
294797,0
294798,0
294799,0
294800,0
294801,0
294802,0
294803,0
294804,0
294805,0
294806,0
294807,0
294808,0
294809,0
294810,0
294811,0
294812,0
294813,0
294814,0
294815,0
294816,0
294817,0
294818,0
294819,0
294820,0
294821,0
294822,7
294823,0
294824,6
294825,0
294826,3
294827,0
294828,0
294829,0
294830,0
294831,0
294832,0
294833,8
294834,9
294835,0
294836,0
294837,0
294838,0
294839,0
294840,0
294841,0
294842,4
294843,0
294844,0
294845,0
294846,0
294847,0
294848,0
294849,7
294850,0
294851,0
294852,0
294853,0
294854,0
294855,0
294856,0
294857,0
294858,0
294859,1
294860,0
294861,0
294862,7
294863,13
294864,0
294865,0
294866,0
294867,0
294868,0
294869,0
294870,0
294871,0
294872,0
294873,0
294874,0
294875,0
294876,0
294877,0
294878,0
294879,0
294880,0
294881,0
294882,0
294883,0
294884,0
294885,0
294886,0
294887,7
294888,0
294889,0
294890,10
294891,0
294892,0
294893,0
294894,0
294895,10
294896,0
294897,0
294898,0
294899,0
294900,0
294901,0
294902,0
294903,0
294904,0
294905,0
294906,0
294907,4
294908,0
294909,8
294910,0
294911,0
294912,5
294913,0
294914,0
294915,7
294916,0
294917,10
294918,0
294919,0
294920,0
294921,10
294922,0
294923,0
294924,0
294925,0
294926,0
294927,0
294928,0
294929,11
294930,0
294931,0
294932,0
294933,0
294934,0
294935,0
294936,4
294937,3
294938,0
294939,0
294940,8
294941,0
294942,0
294943,0
294944,0
294945,0
294946,0
294947,0
294948,6
294949,0
294950,2
294951,0
294952,8
294953,0
294954,0
294955,0
294956,0
294957,0
294958,2
294959,0
294960,0
294961,0
294962,0
294963,0
294964,0
294965,0
294966,0
294967,0
294968,0
294969,0
294970,0
294971,0
294972,0
294973,0
294974,0
294975,0
294976,0
294977,0
294978,0
294979,14
294980,0
294981,0
294982,0
294983,0
294984,0
294985,0
294986,0
294987,0
294988,0
294989,0
294990,0
294991,0
294992,0
294993,0
294994,0
294995,0
294996,0
294997,11
294998,0
294999,0
295000,0
295001,0
295002,0
295003,0
295004,0
295005,0
295006,0
295007,0
295008,0
295009,0
295010,0
295011,0
295012,10
295013,0
295014,0
295015,0
295016,0
295017,0
295018,0
295019,0
295020,0
295021,10
295022,0
295023,0
295024,0
295025,0
295026,0
295027,6
295028,0
295029,0
295030,0
295031,0
295032,0
295033,0
295034,0
295035,0
295036,6
295037,8
295038,0
295039,0
295040,0
295041,0
295042,0
295043,0
295044,0
295045,0
295046,0
295047,0
295048,0
295049,0
295050,0
295051,0
295052,6
295053,0
295054,8
295055,0
295056,0
295057,0
295058,0
295059,0
295060,0
295061,0
295062,0
295063,0
295064,0
295065,0
295066,0
295067,0
295068,0
295069,0
295070,0
295071,0
295072,0
295073,0
295074,0
295075,7
295076,7
295077,0
295078,3
295079,0
295080,0
295081,0
295082,0
295083,0
295084,1
295085,0
295086,0
295087,0
295088,0
295089,0
295090,0
295091,0
295092,12
295093,14
295094,0
295095,0
295096,0
295097,0
295098,0
295099,0
295100,0
295101,0
295102,6
295103,0
295104,0
295105,0
295106,0
295107,0
295108,0
295109,0
295110,0
295111,0
295112,0
295113,0
295114,0
295115,0
295116,0
295117,1
295118,0
295119,0
295120,0
295121,0
295122,0
295123,0
295124,0
295125,0
295126,0
295127,0
295128,0
295129,0
295130,0
295131,0
295132,0
295133,0
295134,0
295135,0
295136,0
295137,0
295138,0
295139,0
295140,0
295141,0
295142,0
295143,0
295144,0
295145,0
295146,0
295147,0
295148,0
295149,0
295150,0
295151,0
295152,0
295153,0
295154,0
295155,0
295156,0
295157,0
295158,0
295159,0
295160,0
295161,0
295162,0
295163,0
295164,1
295165,0
295166,1
295167,0
295168,0
295169,0
295170,0
295171,0
295172,0
295173,0
295174,0
295175,0
295176,0
295177,0
295178,0
295179,0
295180,0
295181,0
295182,0
295183,0
295184,0
295185,0
295186,0
295187,0
295188,0
295189,0
295190,0
295191,0
295192,0
295193,0
295194,0
295195,0
295196,0
295197,0
295198,0
295199,0
295200,0
295201,0
295202,0
295203,0
295204,0
295205,0
295206,0
295207,0
295208,0
295209,0
295210,0
295211,0
295212,0
295213,0
295214,0
295215,0
295216,0
295217,0
295218,0
295219,0
295220,0
295221,0
295222,0
295223,0
295224,0
295225,0
295226,0
295227,0
295228,0
295229,0
295230,0
295231,0
295232,0
295233,0
295234,0
295235,0
295236,0
295237,0
295238,0
295239,0
295240,0
295241,0
295242,0
295243,0
295244,0
295245,0
295246,0
295247,0
295248,0
295249,0
295250,0
295251,0
295252,0
295253,0
295254,0
295255,0
295256,0
295257,0
295258,0
295259,0
295260,0
295261,0
295262,0
295263,0
295264,0
295265,0
295266,0
295267,0
295268,0
295269,0
295270,0
295271,0
295272,0
295273,0
295274,0
295275,0
295276,0
295277,0
295278,0
295279,0
295280,0
295281,0
295282,0
295283,0
295284,0
295285,0
295286,0
295287,0
295288,0
295289,0
295290,0
295291,0
295292,0
295293,0
295294,0
295295,0
295296,0
295297,0
295298,0
295299,0
295300,0
295301,0
295302,0
295303,0
295304,0
295305,0
295306,0
295307,0
295308,0
295309,0
295310,0
295311,0
295312,0
295313,0
295314,0
295315,0
295316,0
295317,0
295318,0
295319,0
295320,0
295321,0
295322,0
295323,0
295324,0
295325,0
295326,0
295327,0
295328,0
295329,0
295330,0
295331,0
295332,0
295333,0
295334,0
295335,0
295336,0
295337,0
295338,0
295339,0
295340,0
295341,0
295342,0
295343,1
295344,0
295345,0
295346,0
295347,0
295348,0
295349,0
295350,0
295351,0
295352,0
295353,0
295354,0
295355,0
295356,0
295357,0
295358,0
295359,0
295360,0
295361,0
295362,0
295363,0
295364,0
295365,0
295366,0
295367,0
295368,0
295369,0
295370,0
295371,0
295372,0
295373,0
295374,0
295375,0
295376,0
295377,0
295378,0
295379,0
295380,0
295381,0
295382,0
295383,0
295384,0
295385,0
295386,0
295387,0
295388,0
295389,0
295390,0
295391,0
295392,0
295393,0
295394,0
295395,0
295396,0
295397,0
295398,0
295399,0
295400,0
295401,0
295402,0
295403,0
295404,0
295405,0
295406,0
295407,0
295408,0
295409,0
295410,0
295411,0
295412,0
295413,0
295414,0
295415,0
295416,0
295417,0
295418,0
295419,0
295420,0
295421,0
295422,0
295423,0
295424,0
295425,0
295426,0
295427,0
295428,0
295429,0
295430,0
295431,0
295432,0
295433,0
295434,0
295435,0
295436,0
295437,0
295438,1
295439,0
295440,0
295441,0
295442,0
295443,0
295444,0
295445,0
295446,0
295447,0
295448,0
295449,0
295450,0
295451,0
295452,0
295453,0
295454,0
295455,0
295456,0
295457,0
295458,0
295459,0
295460,0
295461,0
295462,0
295463,0
295464,0
295465,0
295466,0
295467,0
295468,0
295469,0
295470,0
295471,0
295472,0
295473,0
295474,0
295475,0
295476,0
295477,0
295478,0
295479,0
295480,0
295481,0
295482,0
295483,0
295484,0
295485,0
295486,0
295487,0
295488,0
295489,0
295490,0
295491,0
295492,0
295493,0
295494,0
295495,0
295496,0
295497,0
295498,0
295499,0
295500,0
295501,0
295502,0
295503,0
295504,0
295505,0
295506,0
295507,0
295508,0
295509,0
295510,0
295511,0
295512,0
295513,0
295514,0
295515,0
295516,0
295517,0
295518,0
295519,0
295520,0
295521,0
295522,0
295523,0
295524,0
295525,1
295526,0
295527,0
295528,0
295529,0
295530,0
295531,0
295532,0
295533,0
295534,1
295535,0
295536,0
295537,0
295538,0
295539,0
295540,0
295541,0
295542,0
295543,0
295544,0
295545,0
295546,0
295547,0
295548,0
295549,0
295550,0
295551,0
295552,0
295553,0
295554,0
295555,0
295556,0
295557,0
295558,0
295559,0
295560,0
295561,0
295562,2
295563,0
295564,0
295565,0
295566,0
295567,2
295568,0
295569,0
295570,0
295571,0
295572,0
295573,0
295574,0
295575,0
295576,0
295577,0
295578,0
295579,0
295580,0
295581,0
295582,0
295583,0
295584,0
295585,0
295586,0
295587,0
295588,0
295589,0
295590,0
295591,0
295592,0
295593,0
295594,0
295595,0
295596,0
295597,0
295598,0
295599,0
295600,0
295601,0
295602,0
295603,0
295604,0
295605,0
295606,0
295607,0
295608,0
295609,0
295610,0
295611,0
295612,0
295613,0
295614,0
295615,0
295616,0
295617,0
295618,0
295619,0
295620,0
295621,0
295622,0
295623,0
295624,0
295625,0
295626,0
295627,0
295628,0
295629,0
295630,0
295631,0
295632,0
295633,0
295634,0
295635,0
295636,0
295637,0
295638,0
295639,0
295640,0
295641,0
295642,0
295643,0
295644,0
295645,0
295646,0
295647,0
295648,1
295649,0
295650,0
295651,0
295652,0
295653,0
295654,0
295655,0
295656,0
295657,0
295658,0
295659,0
295660,0
295661,0
295662,0
295663,0
295664,0
295665,0
295666,0
295667,0
295668,0
295669,0
295670,1
295671,1
295672,0
295673,1
295674,0
295675,0
295676,0
295677,0
295678,0
295679,0
295680,0
295681,0
295682,0
295683,1
295684,0
295685,0
295686,1
295687,0
295688,0
295689,0
295690,0
295691,0
295692,0
295693,0
295694,0
295695,0
295696,0
295697,0
295698,0
295699,0
295700,0
295701,0
295702,0
295703,0
295704,0
295705,0
295706,0
295707,2
295708,0
295709,0
295710,0
295711,0
295712,0
295713,0
295714,0
295715,0
295716,0
295717,0
295718,0
295719,0
295720,0
295721,0
295722,0
295723,3
295724,0
295725,0
295726,0
295727,0
295728,0
295729,0
295730,0
295731,0
295732,0
295733,0
295734,0
295735,0
295736,0
295737,0
295738,0
295739,0
295740,0
295741,0
295742,0
295743,0
295744,0
295745,0
295746,0
295747,0
295748,0
295749,0
295750,0
295751,0
295752,0
295753,0
295754,0
295755,0
295756,0
295757,0
295758,0
295759,1
295760,0
295761,0
295762,0
295763,0
295764,0
295765,0
295766,0
295767,0
295768,0
295769,0
295770,0
295771,0
295772,0
295773,0
295774,0
295775,0
295776,0
295777,0
295778,0
295779,0
295780,0
295781,0
295782,1
295783,0
295784,0
295785,0
295786,0
295787,0
295788,0
295789,0
295790,0
295791,0
295792,0
295793,0
295794,0
295795,0
295796,1
295797,0
295798,0
295799,0
295800,0
295801,0
295802,0
295803,0
295804,0
295805,0
295806,0
295807,0
295808,0
295809,1
295810,0
295811,0
295812,0
295813,0
295814,0
295815,0
295816,0
295817,0
295818,0
295819,0
295820,0
295821,0
295822,0
295823,0
295824,0
295825,0
295826,0
295827,0
295828,0
295829,0
295830,0
295831,0
295832,0
295833,0
295834,0
295835,0
295836,0
295837,0
295838,4
295839,0
295840,0
295841,0
295842,0
295843,0
295844,0
295845,0
295846,0
295847,0
295848,0
295849,0
295850,0
295851,0
295852,0
295853,0
295854,0
295855,2
295856,0
295857,0
295858,0
295859,0
295860,0
295861,0
295862,0
295863,0
295864,0
295865,0
295866,0
295867,0
295868,0
295869,0
295870,0
295871,0
295872,0
295873,0
295874,0
295875,0
295876,0
295877,2
295878,0
295879,0
295880,0
295881,0
295882,0
295883,0
295884,0
295885,0
295886,0
295887,0
295888,0
295889,1
295890,0
295891,0
295892,0
295893,0
295894,0
295895,0
295896,0
295897,0
295898,0
295899,0
295900,0
295901,0
295902,0
295903,0
295904,0
295905,0
295906,0
295907,0
295908,0
295909,0
295910,0
295911,0
295912,0
295913,0
295914,0
295915,0
295916,0
295917,0
295918,0
295919,0
295920,1
295921,0
295922,0
295923,0
295924,0
295925,0
295926,0
295927,0
295928,0
295929,0
295930,0
295931,1
295932,0
295933,0
295934,3
295935,0
295936,0
295937,0
295938,0
295939,0
295940,0
295941,0
295942,0
295943,0
295944,0
295945,0
295946,0
295947,0
295948,0
295949,0
295950,0
295951,0
295952,0
295953,3
295954,0
295955,0
295956,0
295957,0
295958,0
295959,0
295960,0
295961,0
295962,1
295963,0
295964,0
295965,0
295966,0
295967,0
295968,0
295969,0
295970,0
295971,0
295972,0
295973,0
295974,0
295975,0
295976,0
295977,0
295978,0
295979,0
295980,0
295981,0
295982,0
295983,0
295984,0
295985,0
295986,0
295987,0
295988,0
295989,0
295990,0
295991,0
295992,0
295993,0
295994,0
295995,0
295996,0
295997,0
295998,0
295999,0
296000,2
296001,0
296002,0
296003,0
296004,0
296005,0
296006,0
296007,0
296008,0
296009,0
296010,0
296011,0
296012,0
296013,0
296014,0
296015,0
296016,0
296017,0
296018,0
296019,0
296020,0
296021,0
296022,4
296023,0
296024,0
296025,0
296026,0
296027,0
296028,0
296029,0
296030,1
296031,0
296032,0
296033,0
296034,0
296035,0
296036,0
296037,0
296038,1
296039,0
296040,4
296041,0
296042,0
296043,0
296044,0
296045,1
296046,0
296047,0
296048,0
296049,0
296050,0
296051,0
296052,0
296053,0
296054,0
296055,0
296056,0
296057,0
296058,0
296059,0
296060,0
296061,0
296062,0
296063,0
296064,0
296065,0
296066,0
296067,1
296068,0
296069,0
296070,0
296071,0
296072,0
296073,0
296074,0
296075,0
296076,0
296077,0
296078,0
296079,2
296080,0
296081,2
296082,0
296083,0
296084,0
296085,0
296086,0
296087,0
296088,0
296089,0
296090,0
296091,0
296092,0
296093,0
296094,0
296095,0
296096,1
296097,0
296098,0
296099,0
296100,0
296101,0
296102,0
296103,0
296104,0
296105,0
296106,0
296107,0
296108,5
296109,0
296110,0
296111,0
296112,0
296113,0
296114,0
296115,0
296116,0
296117,0
296118,0
296119,0
296120,0
296121,0
296122,0
296123,0
296124,0
296125,0
296126,0
296127,0
296128,0
296129,0
296130,0
296131,0
296132,0
296133,0
296134,0
296135,0
296136,0
296137,0
296138,0
296139,0
296140,0
296141,0
296142,0
296143,0
296144,0
296145,0
296146,0
296147,0
296148,0
296149,0
296150,0
296151,0
296152,0
296153,0
296154,0
296155,0
296156,0
296157,0
296158,0
296159,0
296160,2
296161,0
296162,0
296163,0
296164,0
296165,0
296166,0
296167,0
296168,0
296169,0
296170,0
296171,0
296172,0
296173,0
296174,0
296175,0
296176,0
296177,0
296178,0
296179,0
296180,0
296181,0
296182,0
296183,0
296184,0
296185,2
296186,0
296187,0
296188,0
296189,0
296190,0
296191,0
296192,0
296193,0
296194,0
296195,0
296196,0
296197,0
296198,0
296199,0
296200,0
296201,0
296202,0
296203,0
296204,0
296205,0
296206,0
296207,0
296208,0
296209,0
296210,2
296211,0
296212,0
296213,0
296214,0
296215,0
296216,0
296217,0
296218,0
296219,0
296220,0
296221,0
296222,0
296223,0
296224,0
296225,0
296226,0
296227,0
296228,0
296229,0
296230,0
296231,0
296232,0
296233,0
296234,0
296235,0
296236,1
296237,6
296238,0
296239,0
296240,0
296241,0
296242,0
296243,0
296244,0
296245,0
296246,0
296247,0
296248,0
296249,0
296250,0
296251,0
296252,0
296253,0
296254,0
296255,0
296256,0
296257,0
296258,0
296259,0
296260,0
296261,0
296262,0
296263,0
296264,0
296265,0
296266,0
296267,0
296268,0
296269,2
296270,0
296271,0
296272,0
296273,0
296274,0
296275,0
296276,0
296277,0
296278,0
296279,0
296280,0
296281,0
296282,0
296283,0
296284,0
296285,0
296286,0
296287,0
296288,0
296289,0
296290,0
296291,0
296292,0
296293,0
296294,0
296295,0
296296,0
296297,0
296298,0
296299,0
296300,0
296301,0
296302,0
296303,0
296304,0
296305,0
296306,0
296307,0
296308,0
296309,0
296310,0
296311,0
296312,0
296313,0
296314,0
296315,0
296316,0
296317,0
296318,0
296319,0
296320,0
296321,0
296322,0
296323,0
296324,0
296325,0
296326,0
296327,0
296328,0
296329,0
296330,0
296331,0
296332,34
296333,0
296334,0
296335,0
296336,0
296337,0
296338,16
296339,0
296340,0
296341,0
296342,40
296343,31
296344,0
296345,0
296346,0
296347,0
296348,0
296349,31
296350,0
296351,0
296352,0
296353,24
296354,32
296355,28
296356,0
296357,0
296358,0
296359,0
296360,53
296361,0
296362,0
296363,32
296364,0
296365,24
296366,29
296367,0
296368,0
296369,27
296370,36
296371,0
296372,0
296373,0
296374,0
296375,0
296376,0
296377,0
296378,0
296379,0
296380,0
296381,0
296382,0
296383,0
296384,0
296385,40
296386,0
296387,0
296388,0
296389,0
296390,0
296391,37
296392,0
296393,0
296394,0
296395,39
296396,0
296397,45
296398,0
296399,41
296400,0
296401,0
296402,0
296403,32
296404,0
296405,0
296406,0
296407,0
296408,34
296409,0
296410,23
296411,0
296412,0
296413,0
296414,0
296415,0
296416,0
296417,0
296418,0
296419,21
296420,0
296421,0
296422,0
296423,17
296424,0
296425,0
296426,0
296427,0
296428,0
296429,29
296430,0
296431,0
296432,0
296433,0
296434,22
296435,0
296436,36
296437,0
296438,31
296439,0
296440,0
296441,22
296442,0
296443,37
296444,0
296445,0
296446,0
296447,0
296448,0
296449,0
296450,0
296451,2
296452,0
296453,28
296454,0
296455,0
296456,0
296457,0
296458,40
296459,0
296460,0
296461,0
296462,0
296463,44
296464,0
296465,28
296466,0
296467,0
296468,0
296469,0
296470,0
296471,0
296472,0
296473,0
296474,0
296475,19
296476,0
296477,0
296478,0
296479,0
296480,0
296481,0
296482,0
296483,0
296484,0
296485,0
296486,0
296487,0
296488,0
296489,0
296490,0
296491,0
296492,0
296493,0
296494,37
296495,0
296496,0
296497,0
296498,0
296499,0
296500,0
296501,0
296502,0
296503,25
296504,22
296505,0
296506,0
296507,0
296508,0
296509,0
296510,0
296511,33
296512,0
296513,0
296514,0
296515,0
296516,28
296517,0
296518,0
296519,0
296520,0
296521,0
296522,0
296523,0
296524,0
296525,0
296526,0
296527,0
296528,40
296529,0
296530,0
296531,0
296532,0
296533,0
296534,0
296535,0
296536,0
296537,0
296538,0
296539,0
296540,0
296541,0
296542,0
296543,0
296544,0
296545,0
296546,65
296547,0
296548,48
296549,0
296550,0
296551,0
296552,0
296553,35
296554,42
296555,0
296556,0
296557,0
296558,0
296559,0
296560,0
296561,48
296562,0
296563,0
296564,0
296565,0
296566,0
296567,0
296568,0
296569,0
296570,0
296571,0
296572,0
296573,0
296574,0
296575,0
296576,0
296577,0
296578,0
296579,0
296580,0
296581,0
296582,0
296583,0
296584,0
296585,0
296586,0
296587,0
296588,0
296589,0
296590,0
296591,12
296592,0
296593,0
296594,0
296595,0
296596,0
296597,0
296598,0
296599,0
296600,0
296601,0
296602,0
296603,0
296604,35
296605,0
296606,0
296607,0
296608,0
296609,0
296610,0
296611,0
296612,0
296613,0
296614,0
296615,0
296616,33
296617,0
296618,0
296619,0
296620,0
296621,0
296622,0
296623,0
296624,0
296625,16
296626,0
296627,0
296628,0
296629,0
296630,0
296631,0
296632,0
296633,31
296634,0
296635,0
296636,0
296637,0
296638,0
296639,0
296640,0
296641,0
296642,0
296643,0
296644,0
296645,0
296646,37
296647,0
296648,0
296649,0
296650,0
296651,0
296652,0
296653,0
296654,0
296655,0
296656,0
296657,0
296658,0
296659,0
296660,0
296661,0
296662,0
296663,0
296664,0
296665,0
296666,0
296667,0
296668,0
296669,0
296670,0
296671,0
296672,0
296673,0
296674,0
296675,0
296676,0
296677,42
296678,0
296679,0
296680,0
296681,0
296682,0
296683,0
296684,0
296685,26
296686,0
296687,0
296688,0
296689,0
296690,0
296691,0
296692,0
296693,0
296694,0
296695,0
296696,0
296697,0
296698,0
296699,0
296700,0
296701,0
296702,0
296703,0
296704,0
296705,0
296706,39
296707,0
296708,0
296709,0
296710,0
296711,0
296712,0
296713,0
296714,0
296715,0
296716,0
296717,0
296718,0
296719,0
296720,0
296721,28
296722,0
296723,0
296724,0
296725,0
296726,0
296727,0
296728,0
296729,0
296730,0
296731,0
296732,0
296733,0
296734,0
296735,0
296736,0
296737,0
296738,0
296739,0
296740,0
296741,0
296742,0
296743,0
296744,0
296745,0
296746,0
296747,0
296748,0
296749,0
296750,0
296751,37
296752,0
296753,0
296754,0
296755,13
296756,50
296757,0
296758,0
296759,0
296760,0
296761,0
296762,0
296763,0
296764,0
296765,0
296766,0
296767,0
296768,0
296769,0
296770,0
296771,0
296772,0
296773,0
296774,0
296775,0
296776,0
296777,0
296778,0
296779,37
296780,0
296781,53
296782,0
296783,0
296784,0
296785,29
296786,0
296787,0
296788,0
296789,0
296790,0
296791,64
296792,45
296793,0
296794,27
296795,0
296796,0
296797,0
296798,0
296799,0
296800,0
296801,0
296802,25
296803,0
296804,0
296805,0
296806,0
296807,0
296808,0
296809,0
296810,0
296811,0
296812,0
296813,0
296814,0
296815,0
296816,0
296817,0
296818,0
296819,0
296820,0
296821,0
296822,0
296823,0
296824,36
296825,0
296826,40
296827,0
296828,0
296829,22
296830,0
296831,0
296832,0
296833,32
296834,0
296835,0
296836,42
296837,0
296838,0
296839,0
296840,0
296841,0
296842,0
296843,0
296844,0
296845,36
296846,0
296847,0
296848,0
296849,0
296850,41
296851,0
296852,0
296853,0
296854,38
296855,0
296856,0
296857,0
296858,0
296859,0
296860,55
296861,0
296862,0
296863,0
296864,33
296865,0
296866,0
296867,0
296868,0
296869,32
296870,0
296871,0
296872,0
296873,0
296874,0
296875,0
296876,0
296877,0
296878,0
296879,0
296880,47
296881,0
296882,0
296883,0
296884,0
296885,0
296886,0
296887,0
296888,0
296889,0
296890,22
296891,0
296892,0
296893,0
296894,0
296895,0
296896,0
296897,0
296898,0
296899,0
296900,0
296901,0
296902,0
296903,0
296904,0
296905,0
296906,0
296907,0
296908,0
296909,0
296910,0
296911,0
296912,0
296913,0
296914,0
296915,0
296916,0
296917,0
296918,0
296919,0
296920,0
296921,0
296922,0
296923,0
296924,39
296925,0
296926,0
296927,0
296928,0
296929,0
296930,0
296931,0
296932,0
296933,0
296934,0
296935,0
296936,0
296937,0
296938,0
296939,0
296940,0
296941,0
296942,0
296943,0
296944,17
296945,0
296946,0
296947,0
296948,0
296949,0
296950,44
296951,0
296952,0
296953,0
296954,33
296955,15
296956,35
296957,21
296958,0
296959,0
296960,0
296961,0
296962,0
296963,0
296964,0
296965,0
296966,0
296967,0
296968,0
296969,0
296970,0
296971,0
296972,0
296973,0
296974,21
296975,0
296976,0
296977,0
296978,0
296979,0
296980,0
296981,0
296982,0
296983,0
296984,0
296985,0
296986,0
296987,0
296988,0
296989,50
296990,0
296991,0
296992,0
296993,0
296994,0
296995,31
296996,0
296997,0
296998,0
296999,0
297000,0
297001,0
297002,0
297003,34
297004,43
297005,0
297006,0
297007,0
297008,0
297009,0
297010,0
297011,0
297012,0
297013,54
297014,0
297015,0
297016,16
297017,0
297018,0
297019,76
297020,0
297021,0
297022,0
297023,0
297024,0
297025,0
297026,0
297027,0
297028,0
297029,0
297030,0
297031,0
297032,0
297033,0
297034,0
297035,0
297036,0
297037,0
297038,0
297039,0
297040,0
297041,0
297042,0
297043,0
297044,0
297045,0
297046,0
297047,0
297048,0
297049,39
297050,0
297051,0
297052,0
297053,43
297054,0
297055,0
297056,0
297057,0
297058,0
297059,0
297060,0
297061,0
297062,0
297063,0
297064,0
297065,0
297066,0
297067,0
297068,28
297069,0
297070,0
297071,0
297072,0
297073,0
297074,0
297075,0
297076,0
297077,0
297078,0
297079,0
297080,44
297081,0
297082,0
297083,0
297084,0
297085,0
297086,0
297087,0
297088,0
297089,0
297090,0
297091,0
297092,0
297093,0
297094,0
297095,0
297096,17
297097,0
297098,0
297099,0
297100,0
297101,0
297102,0
297103,0
297104,12
297105,0
297106,11
297107,17
297108,0
297109,22
297110,16
297111,0
297112,0
297113,0
297114,0
297115,21
297116,0
297117,0
297118,0
297119,0
297120,0
297121,0
297122,0
297123,0
297124,0
297125,0
297126,0
297127,0
297128,0
297129,17
297130,0
297131,0
297132,16
297133,0
297134,11
297135,0
297136,17
297137,0
297138,0
297139,0
297140,18
297141,0
297142,0
297143,0
297144,0
297145,23
297146,0
297147,0
297148,0
297149,0
297150,0
297151,0
297152,0
297153,0
297154,0
297155,0
297156,0
297157,21
297158,0
297159,0
297160,0
297161,0
297162,0
297163,0
297164,0
297165,0
297166,0
297167,0
297168,0
297169,0
297170,6
297171,3
297172,0
297173,0
297174,0
297175,0
297176,0
297177,0
297178,3
297179,0
297180,0
297181,3
297182,0
297183,0
297184,4
297185,0
297186,0
297187,4
297188,0
297189,0
297190,0
297191,0
297192,0
297193,0
297194,8
297195,0
297196,8
297197,4
297198,0
297199,0
297200,0
297201,0
297202,0
297203,9
297204,2
297205,5
297206,0
297207,0
297208,0
297209,0
297210,5
297211,0
297212,0
297213,0
297214,0
297215,0
297216,0
297217,0
297218,6
297219,4
297220,0
297221,0
297222,0
297223,0
297224,0
297225,0
297226,7
297227,0
297228,4
297229,0
297230,0
297231,0
297232,0
297233,0
297234,5
297235,0
297236,0
297237,5
297238,7
297239,0
297240,1
297241,0
297242,0
297243,0
297244,0
297245,1
297246,0
297247,0
297248,0
297249,2
297250,0
297251,3
297252,0
297253,7
297254,11
297255,0
297256,0
297257,0
297258,4
297259,0
297260,0
297261,0
297262,0
297263,0
297264,0
297265,6
297266,0
297267,11
297268,0
297269,0
297270,5
297271,0
297272,0
297273,0
297274,0
297275,0
297276,3
297277,0
297278,0
297279,0
297280,0
297281,5
297282,11
297283,13
297284,0
297285,7
297286,0
297287,0
297288,0
297289,0
297290,0
297291,7
297292,0
297293,0
297294,0
297295,0
297296,0
297297,0
297298,0
297299,0
297300,0
297301,3
297302,0
297303,8
297304,0
297305,0
297306,0
297307,0
297308,10
297309,10
297310,0
297311,0
297312,0
297313,11
297314,0
297315,0
297316,0
297317,0
297318,0
297319,0
297320,0
297321,0
297322,0
297323,0
297324,0
297325,0
297326,0
297327,0
297328,7
297329,0
297330,0
297331,0
297332,8
297333,5
297334,0
297335,0
297336,0
297337,0
297338,0
297339,6
297340,4
297341,0
297342,0
297343,0
297344,0
297345,6
297346,0
297347,8
297348,0
297349,0
297350,7
297351,7
297352,0
297353,0
297354,0
297355,0
297356,6
297357,0
297358,0
297359,3
297360,0
297361,0
297362,0
297363,0
297364,0
297365,0
297366,0
297367,0
297368,0
297369,0
297370,6
297371,0
297372,0
297373,5
297374,6
297375,0
297376,0
297377,0
297378,0
297379,0
297380,5
297381,0
297382,0
297383,0
297384,0
297385,0
297386,0
297387,0
297388,0
297389,0
297390,0
297391,0
297392,0
297393,0
297394,6
297395,0
297396,7
297397,5
297398,0
297399,0
297400,0
297401,0
297402,0
297403,0
297404,3
297405,8
297406,0
297407,0
297408,0
297409,0
297410,6
297411,0
297412,7
297413,0
297414,0
297415,0
297416,0
297417,0
297418,0
297419,0
297420,4
297421,0
297422,0
297423,8
297424,1
297425,0
297426,0
297427,0
297428,1
297429,0
297430,0
297431,0
297432,0
297433,0
297434,0
297435,0
297436,0
297437,0
297438,7
297439,0
297440,0
297441,4
297442,0
297443,0
297444,0
297445,0
297446,0
297447,0
297448,0
297449,0
297450,0
297451,0
297452,4
297453,0
297454,0
297455,0
297456,0
297457,0
297458,0
297459,0
297460,0
297461,0
297462,0
297463,0
297464,0
297465,0
297466,0
297467,0
297468,0
297469,0
297470,6
297471,0
297472,7
297473,0
297474,0
297475,4
297476,2
297477,3
297478,0
297479,7
297480,3
297481,0
297482,4
297483,0
297484,0
297485,0
297486,0
297487,0
297488,0
297489,0
297490,0
297491,0
297492,0
297493,0
297494,0
297495,0
297496,0
297497,0
297498,6
297499,6
297500,0
297501,5
297502,4
297503,0
297504,0
297505,0
297506,0
297507,0
297508,0
297509,8
297510,0
297511,0
297512,0
297513,0
297514,0
297515,0
297516,0
297517,4
297518,0
297519,0
297520,0
297521,0
297522,0
297523,0
297524,0
297525,0
297526,9
297527,0
297528,0
297529,10
297530,0
297531,0
297532,0
297533,0
297534,0
297535,0
297536,0
297537,0
297538,0
297539,0
297540,0
297541,0
297542,9
297543,0
297544,0
297545,10
297546,0
297547,5
297548,0
297549,0
297550,9
297551,7
297552,0
297553,0
297554,0
297555,0
297556,5
297557,0
297558,7
297559,0
297560,0
297561,0
297562,0
297563,0
297564,0
297565,2
297566,0
297567,0
297568,0
297569,0
297570,0
297571,0
297572,0
297573,0
297574,6
297575,0
297576,5
297577,0
297578,11
297579,5
297580,8
297581,0
297582,0
297583,0
297584,0
297585,0
297586,0
297587,8
297588,4
297589,5
297590,8
297591,0
297592,0
297593,0
297594,0
297595,6
297596,0
297597,0
297598,0
297599,0
297600,0
297601,11
297602,0
297603,0
297604,0
297605,0
297606,3
297607,1
297608,0
297609,7
297610,0
297611,0
297612,16
297613,0
297614,0
297615,0
297616,0
297617,19
297618,0
297619,12
297620,11
297621,10
297622,0
297623,0
297624,0
297625,0
297626,0
297627,0
297628,17
297629,0
297630,0
297631,15
297632,0
297633,0
297634,17
297635,26
297636,0
297637,0
297638,0
297639,0
297640,0
297641,0
297642,0
297643,10
297644,0
297645,0
297646,8
297647,0
297648,0
297649,0
297650,0
297651,0
297652,0
297653,0
297654,11
297655,0
297656,0
297657,0
297658,0
297659,0
297660,13
297661,0
297662,0
297663,9
297664,8
297665,10
297666,10
297667,0
297668,0
297669,0
297670,20
297671,0
297672,0
297673,0
297674,14
297675,0
297676,0
297677,0
297678,0
297679,0
297680,13
297681,14
297682,10
297683,0
297684,0
297685,0
297686,7
297687,0
297688,0
297689,0
297690,0
297691,0
297692,0
297693,12
297694,0
297695,0
297696,0
297697,0
297698,0
297699,0
297700,0
297701,0
297702,0
297703,15
297704,0
297705,0
297706,0
297707,0
297708,0
297709,0
297710,0
297711,8
297712,0
297713,0
297714,0
297715,0
297716,0
297717,0
297718,0
297719,0
297720,0
297721,10
297722,0
297723,0
297724,0
297725,0
297726,0
297727,9
297728,15
297729,0
297730,11
297731,0
297732,0
297733,0
297734,0
297735,12
297736,0
297737,0
297738,0
297739,0
297740,11
297741,0
297742,19
297743,0
297744,19
297745,0
297746,0
297747,0
297748,16
297749,0
297750,4
297751,0
297752,0
297753,0
297754,14
297755,15
297756,0
297757,13
297758,0
297759,19
297760,12
297761,0
297762,0
297763,0
297764,0
297765,0
297766,0
297767,0
297768,0
297769,0
297770,14
297771,6
297772,0
297773,0
297774,0
297775,18
297776,0
297777,0
297778,0
297779,6
297780,0
297781,0
297782,16
297783,6
297784,13
297785,0
297786,12
297787,11
297788,0
297789,11
297790,0
297791,0
297792,0
297793,8
297794,0
297795,0
297796,0
297797,0
297798,0
297799,0
297800,0
297801,0
297802,10
297803,0
297804,14
297805,0
297806,8
297807,0
297808,11
297809,12
297810,13
297811,0
297812,0
297813,0
297814,17
297815,0
297816,0
297817,12
297818,0
297819,21
297820,0
297821,0
297822,0
297823,0
297824,0
297825,0
297826,0
297827,0
297828,0
297829,0
297830,0
297831,5
297832,0
297833,0
297834,0
297835,0
297836,0
297837,0
297838,9
297839,0
297840,0
297841,0
297842,10
297843,0
297844,0
297845,0
297846,0
297847,0
297848,15
297849,0
297850,0
297851,0
297852,0
297853,0
297854,0
297855,0
297856,0
297857,0
297858,0
297859,0
297860,0
297861,0
297862,0
297863,0
297864,15
297865,0
297866,0
297867,0
297868,0
297869,0
297870,0
297871,12
297872,0
297873,0
297874,0
297875,0
297876,0
297877,12
297878,10
297879,0
297880,0
297881,0
297882,0
297883,0
297884,0
297885,0
297886,0
297887,0
297888,11
297889,0
297890,0
297891,0
297892,0
297893,0
297894,15
297895,0
297896,8
297897,0
297898,10
297899,0
297900,0
297901,19
297902,0
297903,15
297904,0
297905,16
297906,0
297907,0
297908,0
297909,11
297910,0
297911,0
297912,0
297913,0
297914,0
297915,0
297916,12
297917,0
297918,0
297919,0
297920,0
297921,0
297922,16
297923,0
297924,0
297925,0
297926,7
297927,0
297928,0
297929,0
297930,0
297931,10
297932,0
297933,0
297934,14
297935,0
297936,0
297937,0
297938,10
297939,0
297940,0
297941,0
297942,0
297943,0
297944,0
297945,0
297946,6
297947,9
297948,0
297949,0
297950,10
297951,8
297952,0
297953,0
297954,0
297955,14
297956,0
297957,0
297958,0
297959,0
297960,0
297961,0
297962,16
297963,14
297964,0
297965,10
297966,10
297967,0
297968,12
297969,13
297970,0
297971,5
297972,0
297973,0
297974,22
297975,0
297976,0
297977,18
297978,0
297979,13
297980,20
297981,0
297982,28
297983,0
297984,0
297985,0
297986,0
297987,0
297988,0
297989,0
297990,0
297991,0
297992,15
297993,0
297994,0
297995,27
297996,0
297997,0
297998,15
297999,21
298000,26
298001,0
298002,0
298003,11
298004,13
298005,0
298006,0
298007,17
298008,0
298009,22
298010,22
298011,20
298012,0
298013,0
298014,0
298015,0
298016,12
298017,0
298018,0
298019,12
298020,0
298021,0
298022,21
298023,0
298024,15
298025,16
298026,0
298027,28
298028,17
298029,0
298030,0
298031,0
298032,16
298033,0
298034,0
298035,0
298036,18
298037,0
298038,25
298039,0
298040,21
298041,0
298042,0
298043,0
298044,0
298045,17
298046,0
298047,0
298048,0
298049,0
298050,0
298051,25
298052,0
298053,0
298054,18
298055,0
298056,0
298057,0
298058,17
298059,0
298060,25
298061,0
298062,0
298063,0
298064,0
298065,0
298066,0
298067,0
298068,0
298069,16
298070,0
298071,37
298072,0
298073,17
298074,0
298075,0
298076,0
298077,0
298078,0
298079,0
298080,0
298081,16
298082,0
298083,0
298084,0
298085,15
298086,11
298087,0
298088,0
298089,13
298090,0
298091,0
298092,0
298093,0
298094,10
298095,0
298096,26
298097,0
298098,0
298099,0
298100,27
298101,9
298102,17
298103,0
298104,0
298105,12
298106,18
298107,0
298108,24
298109,0
298110,0
298111,0
298112,21
298113,0
298114,0
298115,0
298116,0
298117,0
298118,0
298119,0
298120,0
298121,0
298122,23
298123,0
298124,0
298125,0
298126,0
298127,0
298128,0
298129,0
298130,0
298131,0
298132,0
298133,0
298134,0
298135,0
298136,0
298137,0
298138,0
298139,0
298140,0
298141,0
298142,0
298143,0
298144,0
298145,0
298146,22
298147,16
298148,21
298149,10
298150,0
298151,14
298152,0
298153,0
298154,0
298155,27
298156,0
298157,20
298158,16
298159,0
298160,0
298161,0
298162,0
298163,0
298164,0
298165,23
298166,0
298167,0
298168,0
298169,0
298170,0
298171,24
298172,0
298173,0
298174,0
298175,0
298176,0
298177,0
298178,0
298179,0
298180,0
298181,0
298182,0
298183,0
298184,0
298185,20
298186,20
298187,0
298188,0
298189,30
298190,0
298191,18
298192,0
298193,0
298194,17
298195,0
298196,24
298197,18
298198,0
298199,0
298200,0
298201,0
298202,0
298203,0
298204,0
298205,0
298206,0
298207,0
298208,20
298209,0
298210,19
298211,22
298212,20
298213,0
298214,0
298215,0
298216,0
298217,0
298218,0
298219,0
298220,17
298221,0
298222,0
298223,0
298224,0
298225,0
298226,0
298227,0
298228,0
298229,0
298230,25
298231,13
298232,0
298233,0
298234,0
298235,0
298236,17
298237,0
298238,0
298239,19
298240,0
298241,0
298242,0
298243,0
298244,0
298245,0
298246,21
298247,0
298248,0
298249,0
298250,0
298251,0
298252,17
298253,0
298254,0
298255,0
298256,0
298257,0
298258,21
298259,0
298260,0
298261,0
298262,0
298263,0
298264,0
298265,0
298266,20
298267,0
298268,0
298269,0
298270,0
298271,0
298272,0
298273,0
298274,0
298275,0
298276,0
298277,0
298278,21
298279,24
298280,0
298281,14
298282,0
298283,0
298284,0
298285,31
298286,22
298287,20
298288,0
298289,0
298290,0
298291,0
298292,17
298293,18
298294,17
298295,27
298296,0
298297,34
298298,0
298299,0
298300,22
298301,0
298302,0
298303,21
298304,0
298305,0
298306,0
298307,0
298308,0
298309,15
298310,17
298311,0
298312,0
298313,0
298314,25
298315,0
298316,12
298317,0
298318,0
298319,0
298320,0
298321,22
298322,0
298323,18
298324,0
298325,0
298326,0
298327,0
298328,0
298329,15
298330,0
298331,0
298332,18
298333,16
298334,14
298335,0
298336,25
298337,0
298338,0
298339,24
298340,0
298341,0
298342,0
298343,0
298344,16
298345,0
298346,18
298347,0
298348,0
298349,0
298350,0
298351,0
298352,22
298353,0
298354,0
298355,21
298356,0
298357,0
298358,0
298359,0
298360,0
298361,24
298362,0
298363,0
298364,19
298365,0
298366,0
298367,18
298368,25
298369,0
298370,0
298371,27
298372,0
298373,0
298374,0
298375,0
298376,0
298377,0
298378,0
298379,0
298380,0
298381,24
298382,0
298383,0
298384,0
298385,0
298386,0
298387,0
298388,0
298389,0
298390,0
298391,0
298392,0
298393,0
298394,0
298395,0
298396,0
298397,0
298398,0
298399,0
298400,0
298401,17
298402,0
298403,0
298404,23
298405,21
298406,0
298407,0
298408,0
298409,0
298410,0
298411,12
298412,0
298413,0
298414,0
298415,0
298416,0
298417,0
298418,0
298419,15
298420,0
298421,0
298422,0
298423,0
298424,0
298425,0
298426,23
298427,0
298428,0
298429,28
298430,0
298431,0
298432,15
298433,0
298434,29
298435,0
298436,0
298437,23
298438,15
298439,0
298440,18
298441,17
298442,20
298443,0
298444,21
298445,0
298446,0
298447,16
298448,0
298449,0
298450,0
298451,0
298452,0
298453,0
298454,0
298455,0
298456,14
298457,0
298458,0
298459,0
298460,0
298461,0
298462,16
298463,29
298464,0
298465,18
298466,0
298467,0
298468,0
298469,0
298470,19
298471,8
298472,0
298473,0
298474,0
298475,15
298476,21
298477,15
298478,0
298479,0
298480,33
298481,0
298482,0
298483,0
298484,0
298485,19
298486,0
298487,15
298488,0
298489,0
298490,0
298491,0
298492,0
298493,0
298494,13
298495,0
298496,11
298497,0
298498,0
298499,0
298500,0
298501,0
298502,0
298503,32
298504,0
298505,0
298506,0
298507,0
298508,22
298509,29
298510,0
298511,6
298512,30
298513,0
298514,0
298515,0
298516,18
298517,0
298518,0
298519,0
298520,0
298521,0
298522,23
298523,0
298524,0
298525,20
298526,0
298527,26
298528,23
298529,19
298530,0
298531,0
298532,27
298533,17
298534,6
298535,0
298536,0
298537,16
298538,12
298539,0
298540,14
298541,17
298542,0
298543,0
298544,0
298545,15
298546,13
298547,0
298548,0
298549,0
298550,0
298551,20
298552,0
298553,0
298554,0
298555,22
298556,0
298557,19
298558,0
298559,0
298560,0
298561,0
298562,0
298563,0
298564,0
298565,0
298566,0
298567,0
298568,21
298569,0
298570,24
298571,0
298572,0
298573,13
298574,0
298575,0
298576,0
298577,0
298578,0
298579,0
298580,24
298581,0
298582,0
298583,0
298584,24
298585,0
298586,22
298587,0
298588,0
298589,19
298590,0
298591,0
298592,0
298593,0
298594,0
298595,28
298596,21
298597,0
298598,0
298599,0
298600,14
298601,0
298602,21
298603,12
298604,0
298605,20
298606,0
298607,0
298608,0
298609,0
298610,25
298611,0
298612,0
298613,0
298614,0
298615,16
298616,0
298617,0
298618,13
298619,0
298620,0
298621,13
298622,0
298623,23
298624,0
298625,0
298626,0
298627,0
298628,0
298629,25
298630,0
298631,0
298632,0
298633,19
298634,26
298635,0
298636,25
298637,0
298638,0
298639,0
298640,15
298641,0
298642,0
298643,14
298644,0
298645,16
298646,14
298647,0
298648,0
298649,22
298650,0
298651,0
298652,0
298653,0
298654,25
298655,20
298656,0
298657,15
298658,22
298659,0
298660,0
298661,0
298662,21
298663,0
298664,0
298665,0
298666,0
298667,0
298668,0
298669,0
298670,21
298671,21
298672,0
298673,14
298674,0
298675,21
298676,0
298677,0
298678,0
298679,23
298680,0
298681,18
298682,0
298683,0
298684,0
298685,22
298686,0
298687,0
298688,0
298689,0
298690,0
298691,0
298692,0
298693,0
298694,0
298695,0
298696,0
298697,0
298698,0
298699,0
298700,0
298701,28
298702,0
298703,0
298704,0
298705,13
298706,0
298707,24
298708,0
298709,0
298710,0
298711,0
298712,19
298713,0
298714,0
298715,0
298716,0
298717,18
298718,0
298719,0
298720,20
298721,0
298722,0
298723,0
298724,29
298725,0
298726,0
298727,15
298728,0
298729,19
298730,22
298731,0
298732,0
298733,0
298734,0
298735,0
298736,0
298737,0
298738,30
298739,0
298740,0
298741,17
298742,0
298743,31
298744,0
298745,0
298746,28
298747,0
298748,0
298749,0
298750,0
298751,0
298752,0
298753,0
298754,21
298755,0
298756,0
298757,27
298758,0
298759,0
298760,0
298761,0
298762,0
298763,0
298764,0
298765,0
298766,0
298767,18
298768,13
298769,0
298770,0
298771,0
298772,0
298773,0
298774,18
298775,25
298776,14
298777,0
298778,0
298779,18
298780,0
298781,0
298782,30
298783,0
298784,14
298785,20
298786,15
298787,23
298788,33
298789,0
298790,0
298791,17
298792,0
298793,24
298794,0
298795,0
298796,27
298797,0
298798,0
298799,0
298800,0
298801,0
298802,0
298803,0
298804,0
298805,0
298806,0
298807,0
298808,0
298809,30
298810,0
298811,0
298812,32
298813,12
298814,0
298815,0
298816,0
298817,26
298818,0
298819,0
298820,6
298821,0
298822,20
298823,0
298824,0
298825,0
298826,0
298827,0
298828,0
298829,0
298830,0
298831,28
298832,24
298833,0
298834,0
298835,0
298836,33
298837,0
298838,0
298839,19
298840,0
298841,0
298842,0
298843,18
298844,0
298845,15
298846,16
298847,0
298848,0
298849,15
298850,0
298851,0
298852,0
298853,0
298854,0
298855,10
298856,0
298857,0
298858,0
298859,0
298860,0
298861,0
298862,0
298863,0
298864,0
298865,18
298866,41
298867,19
298868,0
298869,0
298870,0
298871,0
298872,0
298873,27
298874,0
298875,27
298876,0
298877,0
298878,0
298879,0
298880,0
298881,0
298882,0
298883,0
298884,0
298885,31
298886,0
298887,0
298888,19
298889,0
298890,0
298891,0
298892,0
298893,17
298894,0
298895,0
298896,0
298897,0
298898,0
298899,0
298900,0
298901,0
298902,0
298903,0
298904,13
298905,0
298906,0
298907,25
298908,0
298909,15
298910,0
298911,25
298912,0
298913,28
298914,0
298915,28
298916,0
298917,0
298918,0
298919,23
298920,0
298921,11
298922,0
298923,0
298924,20
298925,0
298926,18
298927,0
298928,18
298929,0
298930,26
298931,12
298932,26
298933,0
298934,0
298935,0
298936,0
298937,20
298938,0
298939,0
298940,0
298941,0
298942,0
298943,0
298944,0
298945,0
298946,0
298947,0
298948,0
298949,0
298950,0
298951,0
298952,0
298953,21
298954,0
298955,0
298956,0
298957,25
298958,0
298959,0
298960,0
298961,0
298962,21
298963,0
298964,0
298965,26
298966,0
298967,0
298968,34
298969,0
298970,18
298971,0
298972,0
298973,0
298974,0
298975,0
298976,0
298977,0
298978,0
298979,28
298980,0
298981,0
298982,0
298983,0
298984,21
298985,0
298986,0
298987,11
298988,22
298989,0
298990,24
298991,0
298992,0
298993,16
298994,0
298995,0
298996,0
298997,0
298998,0
298999,0
299000,26
299001,0
299002,26
299003,0
299004,0
299005,0
299006,16
299007,24
299008,0
299009,22
299010,0
299011,0
299012,0
299013,0
299014,0
299015,35
299016,0
299017,0
299018,0
299019,0
299020,0
299021,28
299022,0
299023,0
299024,19
299025,0
299026,42
299027,0
299028,0
299029,0
299030,0
299031,0
299032,0
299033,0
299034,0
299035,0
299036,0
299037,0
299038,0
299039,20
299040,19
299041,0
299042,0
299043,0
299044,0
299045,0
299046,0
299047,0
299048,27
299049,0
299050,0
299051,23
299052,22
299053,0
299054,0
299055,15
299056,22
299057,16
299058,0
299059,0
299060,0
299061,0
299062,0
299063,0
299064,8
299065,0
299066,0
299067,0
299068,0
299069,0
299070,27
299071,0
299072,0
299073,0
299074,0
299075,0
299076,0
299077,0
299078,0
299079,0
299080,0
299081,24
299082,0
299083,0
299084,10
299085,0
299086,18
299087,16
299088,15
299089,0
299090,0
299091,0
299092,12
299093,18
299094,0
299095,0
299096,0
299097,12
299098,28
299099,23
299100,0
299101,0
299102,0
299103,0
299104,0
299105,13
299106,0
299107,0
299108,0
299109,21
299110,0
299111,16
299112,0
299113,18
299114,0
299115,0
299116,26
299117,0
299118,0
299119,0
299120,0
299121,0
299122,19
299123,0
299124,0
299125,0
299126,8
299127,0
299128,18
299129,30
299130,0
299131,0
299132,0
299133,37
299134,12
299135,12
299136,18
299137,22
299138,0
299139,0
299140,0
299141,0
299142,26
299143,0
299144,24
299145,0
299146,0
299147,24
299148,7
299149,0
299150,0
299151,19
299152,0
299153,0
299154,21
299155,10
299156,0
299157,0
299158,0
299159,0
299160,0
299161,13
299162,15
299163,0
299164,0
299165,0
299166,0
299167,0
299168,16
299169,0
299170,0
299171,0
299172,13
299173,0
299174,0
299175,0
299176,0
299177,0
299178,0
299179,0
299180,23
299181,0
299182,22
299183,0
299184,0
299185,0
299186,19
299187,0
299188,0
299189,10
299190,0
299191,11
299192,0
299193,0
299194,0
299195,33
299196,0
299197,0
299198,0
299199,0
299200,0
299201,0
299202,0
299203,0
299204,32
299205,28
299206,0
299207,9
299208,17
299209,11
299210,0
299211,28
299212,0
299213,34
299214,0
299215,0
299216,0
299217,29
299218,18
299219,14
299220,0
299221,0
299222,0
299223,0
299224,11
299225,0
299226,0
299227,0
299228,0
299229,0
299230,0
299231,0
299232,0
299233,0
299234,0
299235,0
299236,15
299237,0
299238,33
299239,0
299240,0
299241,0
299242,16
299243,0
299244,0
299245,0
299246,0
299247,0
299248,0
299249,0
299250,0
299251,0
299252,0
299253,7
299254,0
299255,30
299256,21
299257,0
299258,0
299259,0
299260,0
299261,0
299262,0
299263,0
299264,0
299265,0
299266,18
299267,0
299268,18
299269,0
299270,0
299271,0
299272,0
299273,0
299274,0
299275,0
299276,20
299277,17
299278,0
299279,0
299280,0
299281,0
299282,0
299283,13
299284,0
299285,0
299286,0
299287,0
299288,0
299289,0
299290,22
299291,20
299292,0
299293,0
299294,0
299295,16
299296,0
299297,0
299298,23
299299,0
299300,0
299301,0
299302,0
299303,0
299304,0
299305,9
299306,0
299307,0
299308,32
299309,25
299310,0
299311,0
299312,21
299313,0
299314,15
299315,16
299316,0
299317,0
299318,0
299319,0
299320,24
299321,0
299322,0
299323,0
299324,22
299325,0
299326,0
299327,0
299328,0
299329,14
299330,0
299331,0
299332,34
299333,0
299334,0
299335,20
299336,0
299337,18
299338,23
299339,0
299340,0
299341,0
299342,22
299343,0
299344,0
299345,0
299346,32
299347,0
299348,0
299349,26
299350,0
299351,0
299352,0
299353,0
299354,0
299355,0
299356,0
299357,23
299358,0
299359,0
299360,0
299361,0
299362,25
299363,0
299364,0
299365,0
299366,0
299367,19
299368,18
299369,0
299370,0
299371,0
299372,0
299373,0
299374,0
299375,0
299376,0
299377,0
299378,0
299379,0
299380,0
299381,0
299382,0
299383,0
299384,0
299385,10
299386,0
299387,28
299388,30
299389,0
299390,0
299391,24
299392,0
299393,17
299394,0
299395,0
299396,0
299397,0
299398,0
299399,22
299400,0
299401,23
299402,0
299403,0
299404,0
299405,0
299406,0
299407,14
299408,0
299409,0
299410,0
299411,21
299412,0
299413,0
299414,0
299415,28
299416,0
299417,0
299418,0
299419,7
299420,0
299421,0
299422,0
299423,22
299424,16
299425,13
299426,21
299427,0
299428,0
299429,21
299430,35
299431,0
299432,9
299433,0
299434,19
299435,0
299436,0
299437,0
299438,0
299439,0
299440,0
299441,0
299442,0
299443,0
299444,0
299445,0
299446,0
299447,0
299448,0
299449,0
299450,0
299451,0
299452,0
299453,0
299454,0
299455,0
299456,0
299457,53
299458,0
299459,0
299460,0
299461,28
299462,22
299463,0
299464,0
299465,0
299466,10
299467,0
299468,29
299469,0
299470,10
299471,0
299472,18
299473,0
299474,0
299475,0
299476,0
299477,11
299478,0
299479,17
299480,0
299481,0
299482,0
299483,0
299484,0
299485,0
299486,0
299487,0
299488,0
299489,0
299490,0
299491,0
299492,0
299493,0
299494,0
299495,0
299496,0
299497,0
299498,0
299499,0
299500,0
299501,0
299502,0
299503,0
299504,0
299505,0
299506,0
299507,0
299508,0
299509,0
299510,0
299511,0
299512,0
299513,0
299514,0
299515,0
299516,0
299517,0
299518,0
299519,0
299520,0
299521,0
299522,0
299523,0
299524,0
299525,0
299526,0
299527,9
299528,0
299529,8
299530,12
299531,0
299532,0
299533,0
299534,0
299535,0
299536,0
299537,0
299538,0
299539,0
299540,0
299541,0
299542,0
299543,14
299544,0
299545,0
299546,0
299547,0
299548,0
299549,0
299550,0
299551,0
299552,0
299553,0
299554,0
299555,0
299556,0
299557,0
299558,14
299559,0
299560,0
299561,0
299562,0
299563,18
299564,0
299565,0
299566,0
299567,0
299568,0
299569,0
299570,0
299571,0
299572,0
299573,0
299574,0
299575,0
299576,12
299577,0
299578,0
299579,0
299580,0
299581,0
299582,0
299583,0
299584,0
299585,0
299586,0
299587,0
299588,0
299589,0
299590,0
299591,0
299592,0
299593,0
299594,0
299595,0
299596,0
299597,0
299598,0
299599,0
299600,0
299601,0
299602,0
299603,0
299604,0
299605,0
299606,0
299607,0
299608,0
299609,0
299610,0
299611,0
299612,0
299613,0
299614,0
299615,0
299616,0
299617,0
299618,0
299619,0
299620,0
299621,0
299622,0
299623,0
299624,0
299625,0
299626,0
299627,0
299628,0
299629,0
299630,0
299631,0
299632,11
299633,0
299634,0
299635,14
299636,0
299637,0
299638,0
299639,0
299640,10
299641,15
299642,0
299643,0
299644,0
299645,0
299646,0
299647,0
299648,0
299649,0
299650,0
299651,0
299652,0
299653,20
299654,0
299655,0
299656,0
299657,0
299658,0
299659,0
299660,0
299661,0
299662,0
299663,16
299664,0
299665,0
299666,18
299667,0
299668,0
299669,0
299670,0
299671,10
299672,13
299673,0
299674,0
299675,0
299676,0
299677,0
299678,0
299679,0
299680,0
299681,0
299682,0
299683,0
299684,0
299685,0
299686,0
299687,0
299688,0
299689,0
299690,0
299691,8
299692,0
299693,13
299694,0
299695,0
299696,0
299697,20
299698,0
299699,0
299700,0
299701,0
299702,0
299703,0
299704,0
299705,0
299706,0
299707,0
299708,0
299709,0
299710,0
299711,0
299712,0
299713,0
299714,0
299715,0
299716,0
299717,0
299718,0
299719,15
299720,11
299721,0
299722,0
299723,0
299724,0
299725,0
299726,0
299727,0
299728,0
299729,0
299730,0
299731,0
299732,0
299733,0
299734,0
299735,0
299736,0
299737,0
299738,0
299739,0
299740,0
299741,15
299742,0
299743,0
299744,0
299745,0
299746,9
299747,0
299748,0
299749,0
299750,0
299751,0
299752,0
299753,12
299754,0
299755,0
299756,0
299757,0
299758,9
299759,0
299760,0
299761,0
299762,0
299763,0
299764,0
299765,0
299766,0
299767,0
299768,0
299769,0
299770,0
299771,0
299772,0
299773,0
299774,0
299775,0
299776,0
299777,0
299778,0
299779,0
299780,0
299781,0
299782,0
299783,0
299784,0
299785,0
299786,15
299787,0
299788,0
299789,0
299790,0
299791,0
299792,0
299793,14
299794,0
299795,0
299796,0
299797,0
299798,0
299799,0
299800,0
299801,0
299802,0
299803,0
299804,0
299805,12
299806,0
299807,0
299808,0
299809,0
299810,0
299811,0
299812,0
299813,0
299814,0
299815,0
299816,0
299817,0
299818,0
299819,0
299820,0
299821,0
299822,0
299823,0
299824,0
299825,0
299826,0
299827,0
299828,0
299829,0
299830,0
299831,0
299832,0
299833,0
299834,0
299835,0
299836,0
299837,0
299838,0
299839,0
299840,0
299841,0
299842,0
299843,0
299844,0
299845,0
299846,0
299847,0
299848,0
299849,0
299850,0
299851,0
299852,0
299853,0
299854,0
299855,0
299856,0
299857,0
299858,0
299859,0
299860,0
299861,0
299862,0
299863,0
299864,0
299865,0
299866,0
299867,0
299868,0
299869,0
299870,0
299871,0
299872,0
299873,0
299874,0
299875,0
299876,0
299877,0
299878,0
299879,0
299880,0
299881,0
299882,44
299883,25
299884,0
299885,0
299886,0
299887,0
299888,0
299889,0
299890,0
299891,0
299892,0
299893,0
299894,0
299895,0
299896,0
299897,0
299898,0
299899,0
299900,0
299901,0
299902,0
299903,0
299904,0
299905,0
299906,0
299907,0
299908,0
299909,0
299910,0
299911,0
299912,0
299913,0
299914,42
299915,0
299916,0
299917,0
299918,0
299919,0
299920,0
299921,0
299922,0
299923,0
299924,0
299925,0
299926,0
299927,0
299928,0
299929,0
299930,0
299931,0
299932,31
299933,0
299934,0
299935,0
299936,0
299937,0
299938,0
299939,0
299940,30
299941,0
299942,0
299943,0
299944,0
299945,0
299946,0
299947,0
299948,0
299949,0
299950,0
299951,32
299952,0
299953,0
299954,0
299955,0
299956,0
299957,0
299958,0
299959,0
299960,0
299961,0
299962,0
299963,0
299964,0
299965,0
299966,0
299967,0
299968,0
299969,0
299970,0
299971,0
299972,0
299973,0
299974,0
299975,0
299976,0
299977,0
299978,0
299979,0
299980,0
299981,0
299982,37
299983,0
299984,0
299985,23
299986,0
299987,0
299988,0
299989,0
299990,0
299991,0
299992,0
299993,0
299994,0
299995,26
299996,0
299997,0
299998,0
299999,0
300000,0
300001,28
300002,0
300003,0
300004,21
300005,0
300006,0
300007,0
300008,26
300009,0
300010,0
300011,0
300012,0
300013,0
300014,0
300015,27
300016,0
300017,0
300018,0
300019,0
300020,0
300021,0
300022,0
300023,0
300024,0
300025,0
300026,0
300027,0
300028,0
300029,0
300030,0
300031,36
300032,0
300033,0
300034,0
300035,0
300036,0
300037,0
300038,0
300039,0
300040,0
300041,0
300042,0
300043,0
300044,0
300045,0
300046,0
300047,0
300048,0
300049,0
300050,0
300051,0
300052,0
300053,0
300054,0
300055,0
300056,0
300057,33
300058,0
300059,0
300060,0
300061,0
300062,29
300063,0
300064,0
300065,0
300066,0
300067,0
300068,0
300069,0
300070,0
300071,0
300072,0
300073,0
300074,0
300075,0
300076,0
300077,50
300078,0
300079,23
300080,0
300081,0
300082,0
300083,0
300084,0
300085,0
300086,0
300087,0
300088,29
300089,0
300090,0
300091,29
300092,0
300093,0
300094,0
300095,0
300096,0
300097,0
300098,0
300099,0
300100,0
300101,0
300102,0
300103,0
300104,0
300105,0
300106,0
300107,0
300108,27
300109,0
300110,0
300111,0
300112,0
300113,0
300114,0
300115,19
300116,0
300117,0
300118,0
300119,0
300120,0
300121,0
300122,0
300123,0
300124,25
300125,41
300126,0
300127,0
300128,0
300129,0
300130,0
300131,0
300132,0
300133,16
300134,34
300135,0
300136,0
300137,0
300138,0
300139,0
300140,0
300141,23
300142,0
300143,0
300144,0
300145,30
300146,0
300147,0
300148,0
300149,33
300150,0
300151,0
300152,0
300153,0
300154,0
300155,0
300156,39
300157,23
300158,0
300159,0
300160,0
300161,0
300162,0
300163,0
300164,0
300165,0
300166,0
300167,0
300168,0
300169,0
300170,0
300171,19
300172,0
300173,0
300174,0
300175,0
300176,0
300177,0
300178,0
300179,29
300180,0
300181,0
300182,0
300183,0
300184,0
300185,0
300186,0
300187,0
300188,0
300189,0
300190,0
300191,0
300192,0
300193,0
300194,0
300195,0
300196,0
300197,0
300198,0
300199,39
300200,0
300201,0
300202,0
300203,0
300204,0
300205,0
300206,0
300207,0
300208,0
300209,0
300210,0
300211,0
300212,0
300213,0
300214,0
300215,0
300216,0
300217,0
300218,26
300219,0
300220,0
300221,0
300222,0
300223,38
300224,0
300225,0
300226,0
300227,26
300228,0
300229,0
300230,20
300231,37
300232,0
300233,0
300234,0
300235,0
300236,0
300237,0
300238,0
300239,0
300240,0
300241,0
300242,0
300243,25
300244,0
300245,31
300246,23
300247,0
300248,0
300249,0
300250,0
300251,0
300252,0
300253,0
300254,0
300255,0
300256,0
300257,0
300258,29
300259,0
300260,0
300261,0
300262,0
300263,0
300264,0
300265,0
300266,0
300267,0
300268,0
300269,0
300270,42
300271,30
300272,0
300273,36
300274,0
300275,0
300276,31
300277,0
300278,0
300279,25
300280,0
300281,0
300282,0
300283,0
300284,0
300285,29
300286,0
300287,0
300288,0
300289,33
300290,0
300291,0
300292,0
300293,0
300294,0
300295,38
300296,0
300297,33
300298,0
300299,0
300300,0
300301,0
300302,22
300303,0
300304,0
300305,0
300306,0
300307,0
300308,22
300309,0
300310,0
300311,43
300312,0
300313,0
300314,0
300315,0
300316,0
300317,0
300318,30
300319,0
300320,0
300321,0
300322,0
300323,0
300324,0
300325,0
300326,0
300327,18
300328,0
300329,0
300330,0
300331,32
300332,0
300333,37
300334,0
300335,0
300336,0
300337,0
300338,0
300339,0
300340,0
300341,0
300342,0
300343,34
300344,0
300345,39
300346,32
300347,0
300348,0
300349,0
300350,0
300351,0
300352,0
300353,0
300354,0
300355,0
300356,0
300357,0
300358,44
300359,0
300360,0
300361,22
300362,0
300363,0
300364,0
300365,0
300366,0
300367,0
300368,62
300369,0
300370,42
300371,0
300372,0
300373,0
300374,0
300375,0
300376,0
300377,0
300378,53
300379,0
300380,0
300381,35
300382,0
300383,0
300384,34
300385,0
300386,28
300387,0
300388,0
300389,0
300390,25
300391,0
300392,0
300393,0
300394,0
300395,0
300396,0
300397,0
300398,0
300399,0
300400,66
300401,0
300402,29
300403,17
300404,85
300405,0
300406,0
300407,24
300408,0
300409,0
300410,47
300411,0
300412,30
300413,0
300414,0
300415,0
300416,21
300417,0
300418,0
300419,24
300420,0
300421,35
300422,27
300423,0
300424,0
300425,0
300426,0
300427,0
300428,60
300429,13
300430,51
300431,0
300432,0
300433,0
300434,0
300435,0
300436,0
300437,0
300438,0
300439,43
300440,0
300441,0
300442,0
300443,0
300444,42
300445,0
300446,0
300447,0
300448,21
300449,0
300450,0
300451,29
300452,0
300453,0
300454,17
300455,23
300456,0
300457,27
300458,0
300459,0
300460,0
300461,31
300462,0
300463,0
300464,0
300465,0
300466,28
300467,0
300468,0
300469,0
300470,0
300471,0
300472,0
300473,0
300474,0
300475,0
300476,0
300477,15
300478,0
300479,0
300480,0
300481,24
300482,0
300483,47
300484,0
300485,0
300486,0
300487,0
300488,0
300489,0
300490,0
300491,0
300492,6
300493,0
300494,0
300495,0
300496,0
300497,0
300498,29
300499,0
300500,0
300501,0
300502,0
300503,0
300504,0
300505,0
300506,30
300507,8
300508,0
300509,40
300510,26
300511,0
300512,0
300513,0
300514,0
300515,0
300516,0
300517,0
300518,0
300519,0
300520,0
300521,0
300522,0
300523,0
300524,0
300525,22
300526,25
300527,39
300528,0
300529,0
300530,0
300531,14
300532,0
300533,0
300534,0
300535,0
300536,35
300537,17
300538,38
300539,0
300540,55
300541,36
300542,0
300543,33
300544,0
300545,0
300546,0
300547,0
300548,0
300549,22
300550,43
300551,0
300552,18
300553,28
300554,0
300555,15
300556,28
300557,0
300558,18
300559,0
300560,0
300561,0
300562,0
300563,28
300564,0
300565,0
300566,30
300567,0
300568,0
300569,16
300570,0
300571,0
300572,0
300573,0
300574,30
300575,0
300576,0
300577,0
300578,0
300579,0
300580,0
300581,0
300582,0
300583,14
300584,0
300585,0
300586,49
300587,35
300588,0
300589,48
300590,17
300591,0
300592,0
300593,23
300594,0
300595,0
300596,0
300597,0
300598,28
300599,0
300600,0
300601,18
300602,20
300603,31
300604,0
300605,0
300606,0
300607,0
300608,32
300609,23
300610,11
300611,0
300612,0
300613,16
300614,0
300615,82
300616,0
300617,0
300618,34
300619,0
300620,0
300621,28
300622,35
300623,19
300624,0
300625,38
300626,14
300627,0
300628,0
300629,0
300630,0
300631,0
300632,0
300633,0
300634,0
300635,0
300636,0
300637,0
300638,32
300639,0
300640,45
300641,0
300642,0
300643,0
300644,0
300645,20
300646,22
300647,25
300648,0
300649,0
300650,0
300651,0
300652,0
300653,45
300654,47
300655,0
300656,0
300657,22
300658,13
300659,26
300660,0
300661,10
300662,0
300663,0
300664,0
300665,0
300666,0
300667,52
300668,31
300669,0
300670,0
300671,23
300672,0
300673,0
300674,0
300675,17
300676,0
300677,0
300678,0
300679,0
300680,22
300681,0
300682,31
300683,24
300684,14
300685,27
300686,0
300687,0
300688,0
300689,20
300690,0
300691,33
300692,0
300693,0
300694,0
300695,0
300696,0
300697,0
300698,0
300699,0
300700,38
300701,0
300702,48
300703,0
300704,0
300705,27
300706,88
300707,44
300708,0
300709,32
300710,0
300711,32
300712,0
300713,40
300714,0
300715,22
300716,0
300717,0
300718,0
300719,0
300720,10
300721,5
300722,0
300723,0
300724,0
300725,0
300726,11
300727,0
300728,0
300729,0
300730,0
300731,0
300732,0
300733,0
300734,0
300735,0
300736,0
300737,26
300738,0
300739,25
300740,0
300741,0
300742,0
300743,0
300744,0
300745,0
300746,26
300747,0
300748,0
300749,0
300750,48
300751,0
300752,0
300753,0
300754,71
300755,0
300756,0
300757,0
300758,0
300759,13
300760,33
300761,0
300762,0
300763,0
300764,0
300765,0
300766,0
300767,0
300768,0
300769,0
300770,21
300771,39
300772,0
300773,0
300774,62
300775,0
300776,17
300777,0
300778,0
300779,0
300780,0
300781,0
300782,0
300783,22
300784,36
300785,0
300786,0
300787,0
300788,8
300789,0
300790,0
300791,17
300792,0
300793,0
300794,0
300795,0
300796,33
300797,0
300798,0
300799,0
300800,0
300801,31
300802,27
300803,0
300804,0
300805,0
300806,0
300807,0
300808,0
300809,44
300810,0
300811,0
300812,0
300813,20
300814,0
300815,0
300816,42
300817,26
300818,0
300819,43
300820,39
300821,0
300822,0
300823,12
300824,0
300825,0
300826,0
300827,0
300828,0
300829,0
300830,39
300831,0
300832,0
300833,0
300834,0
300835,0
300836,26
300837,0
300838,0
300839,0
300840,55
300841,13
300842,0
300843,30
300844,22
300845,0
300846,0
300847,0
300848,0
300849,0
300850,0
300851,0
300852,0
300853,14
300854,0
300855,0
300856,0
300857,0
300858,0
300859,32
300860,0
300861,47
300862,29
300863,0
300864,0
300865,0
300866,42
300867,18
300868,0
300869,0
300870,41
300871,0
300872,39
300873,0
300874,0
300875,24
300876,0
300877,22
300878,0
300879,0
300880,0
300881,0
300882,21
300883,0
300884,0
300885,0
300886,0
300887,0
300888,36
300889,27
300890,41
300891,0
300892,0
300893,0
300894,0
300895,0
300896,0
300897,0
300898,0
300899,0
300900,0
300901,35
300902,46
300903,0
300904,0
300905,0
300906,0
300907,0
300908,0
300909,30
300910,0
300911,0
300912,40
300913,37
300914,0
300915,0
300916,0
300917,0
300918,0
300919,52
300920,0
300921,0
300922,0
300923,0
300924,0
300925,0
300926,0
300927,0
300928,0
300929,19
300930,38
300931,35
300932,0
300933,28
300934,17
300935,0
300936,51
300937,0
300938,0
300939,27
300940,27
300941,0
300942,0
300943,29
300944,0
300945,0
300946,0
300947,0
300948,0
300949,28
300950,0
300951,0
300952,0
300953,0
300954,0
300955,57
300956,31
300957,0
300958,37
300959,0
300960,0
300961,0
300962,0
300963,0
300964,0
300965,0
300966,0
300967,0
300968,32
300969,0
300970,0
300971,20
300972,0
300973,0
300974,0
300975,0
300976,0
300977,0
300978,0
300979,0
300980,0
300981,0
300982,0
300983,13
300984,17
300985,0
300986,0
300987,49
300988,0
300989,0
300990,25
300991,0
300992,0
300993,0
300994,0
300995,19
300996,0
300997,0
300998,0
300999,30
301000,29
301001,0
301002,0
301003,0
301004,0
301005,0
301006,0
301007,14
301008,36
301009,0
301010,16
301011,52
301012,0
301013,0
301014,0
301015,0
301016,0
301017,0
301018,14
301019,0
301020,0
301021,0
301022,0
301023,0
301024,21
301025,37
301026,0
301027,74
301028,0
301029,25
301030,0
301031,0
301032,0
301033,40
301034,28
301035,0
301036,0
301037,0
301038,0
301039,31
301040,0
301041,40
301042,0
301043,0
301044,0
301045,41
301046,0
301047,10
301048,0
301049,0
301050,0
301051,0
301052,0
301053,0
301054,0
301055,0
301056,0
301057,0
301058,0
301059,0
301060,0
301061,0
301062,31
301063,0
301064,27
301065,23
301066,27
301067,0
301068,39
301069,0
301070,0
301071,0
301072,0
301073,0
301074,0
301075,0
301076,0
301077,34
301078,20
301079,0
301080,15
301081,0
301082,0
301083,0
301084,14
301085,0
301086,0
301087,0
301088,0
301089,0
301090,0
301091,0
301092,0
301093,0
301094,0
301095,0
301096,13
301097,54
301098,0
301099,0
301100,30
301101,0
301102,0
301103,0
301104,37
301105,0
301106,35
301107,54
301108,0
301109,0
301110,0
301111,0
301112,0
301113,0
301114,25
301115,0
301116,0
301117,0
301118,0
301119,0
301120,0
301121,0
301122,0
301123,0
301124,0
301125,0
301126,0
301127,0
301128,0
301129,0
301130,54
301131,0
301132,0
301133,20
301134,0
301135,18
301136,41
301137,0
301138,0
301139,54
301140,0
301141,0
301142,0
301143,0
301144,21
301145,0
301146,0
301147,0
301148,36
301149,0
301150,0
301151,18
301152,0
301153,5
301154,0
301155,0
301156,29
301157,33
301158,0
301159,39
301160,0
301161,0
301162,0
301163,0
301164,15
301165,0
301166,0
301167,0
301168,26
301169,22
301170,43
301171,0
301172,0
301173,0
301174,0
301175,0
301176,0
301177,0
301178,0
301179,0
301180,51
301181,0
301182,0
301183,0
301184,0
301185,0
301186,32
301187,0
301188,32
301189,0
301190,47
301191,0
301192,41
301193,0
301194,41
301195,0
301196,0
301197,0
301198,0
301199,0
301200,0
301201,0
301202,0
301203,0
301204,60
301205,0
301206,0
301207,43
301208,15
301209,0
301210,0
301211,8
301212,0
301213,0
301214,0
301215,45
301216,64
301217,0
301218,0
301219,0
301220,0
301221,0
301222,0
301223,0
301224,0
301225,0
301226,40
301227,0
301228,22
301229,0
301230,0
301231,0
301232,0
301233,66
301234,0
301235,0
301236,0
301237,0
301238,0
301239,59
301240,0
301241,21
301242,0
301243,0
301244,36
301245,35
301246,0
301247,0
301248,0
301249,0
301250,16
301251,0
301252,0
301253,0
301254,0
301255,0
301256,0
301257,0
301258,0
301259,24
301260,0
301261,0
301262,23
301263,0
301264,0
301265,59
301266,0
301267,24
301268,0
301269,0
301270,27
301271,0
301272,47
301273,0
301274,0
301275,29
301276,0
301277,0
301278,0
301279,47
301280,19
301281,0
301282,0
301283,15
301284,0
301285,0
301286,31
301287,0
301288,0
301289,0
301290,48
301291,15
301292,0
301293,0
301294,0
301295,13
301296,0
301297,0
301298,16
301299,0
301300,0
301301,0
301302,0
301303,29
301304,40
301305,0
301306,0
301307,0
301308,11
301309,42
301310,0
301311,0
301312,0
301313,78
301314,28
301315,0
301316,38
301317,0
301318,40
301319,34
301320,0
301321,0
301322,0
301323,42
301324,0
301325,0
301326,0
301327,0
301328,0
301329,0
301330,0
301331,0
301332,0
301333,0
301334,0
301335,0
301336,0
301337,1
301338,0
301339,0
301340,0
301341,0
301342,0
301343,0
301344,0
301345,0
301346,0
301347,0
301348,0
301349,0
301350,0
301351,0
301352,0
301353,0
301354,0
301355,0
301356,0
301357,0
301358,0
301359,0
301360,0
301361,0
301362,0
301363,0
301364,0
301365,0
301366,0
301367,0
301368,0
301369,0
301370,0
301371,0
301372,0
301373,0
301374,0
301375,0
301376,0
301377,0
301378,0
301379,0
301380,0
301381,0
301382,0
301383,0
301384,0
301385,0
301386,0
301387,0
301388,0
301389,0
301390,0
301391,0
301392,0
301393,0
301394,0
301395,0
301396,0
301397,0
301398,0
301399,0
301400,0
301401,0
301402,0
301403,0
301404,0
301405,0
301406,0
301407,0
301408,0
301409,0
301410,0
301411,0
301412,0
301413,0
301414,0
301415,0
301416,0
301417,0
301418,0
301419,0
301420,0
301421,0
301422,0
301423,0
301424,0
301425,0
301426,0
301427,0
301428,0
301429,0
301430,0
301431,0
301432,0
301433,0
301434,0
301435,0
301436,0
301437,0
301438,0
301439,0
301440,0
301441,0
301442,0
301443,0
301444,0
301445,0
301446,0
301447,0
301448,0
301449,0
301450,0
301451,0
301452,0
301453,0
301454,0
301455,0
301456,0
301457,0
301458,0
301459,0
301460,0
301461,0
301462,0
301463,0
301464,0
301465,0
301466,0
301467,0
301468,0
301469,0
301470,0
301471,0
301472,0
301473,0
301474,0
301475,0
301476,0
301477,1
301478,0
301479,0
301480,0
301481,0
301482,0
301483,0
301484,0
301485,0
301486,0
301487,0
301488,0
301489,0
301490,0
301491,0
301492,0
301493,0
301494,0
301495,0
301496,0
301497,0
301498,0
301499,0
301500,0
301501,0
301502,0
301503,0
301504,0
301505,0
301506,0
301507,0
301508,0
301509,0
301510,0
301511,0
301512,0
301513,0
301514,0
301515,0
301516,0
301517,0
301518,0
301519,0
301520,0
301521,0
301522,0
301523,0
301524,0
301525,0
301526,0
301527,0
301528,0
301529,0
301530,0
301531,0
301532,0
301533,0
301534,0
301535,0
301536,0
301537,0
301538,0
301539,0
301540,0
301541,0
301542,0
301543,0
301544,0
301545,0
301546,0
301547,0
301548,0
301549,0
301550,0
301551,0
301552,0
301553,0
301554,0
301555,0
301556,0
301557,0
301558,0
301559,0
301560,0
301561,0
301562,0
301563,0
301564,0
301565,0
301566,0
301567,0
301568,0
301569,0
301570,0
301571,0
301572,0
301573,0
301574,0
301575,0
301576,0
301577,0
301578,0
301579,0
301580,0
301581,0
301582,0
301583,0
301584,0
301585,0
301586,0
301587,0
301588,0
301589,0
301590,0
301591,0
301592,0
301593,0
301594,0
301595,0
301596,0
301597,0
301598,0
301599,0
301600,0
301601,0
301602,0
301603,0
301604,0
301605,0
301606,0
301607,0
301608,0
301609,0
301610,0
301611,0
301612,0
301613,0
301614,0
301615,0
301616,0
301617,0
301618,0
301619,0
301620,0
301621,0
301622,0
301623,0
301624,0
301625,0
301626,0
301627,0
301628,0
301629,0
301630,0
301631,0
301632,0
301633,0
301634,0
301635,0
301636,0
301637,0
301638,0
301639,0
301640,0
301641,0
301642,0
301643,0
301644,0
301645,0
301646,0
301647,0
301648,0
301649,0
301650,0
301651,0
301652,0
301653,0
301654,0
301655,0
301656,0
301657,0
301658,0
301659,0
301660,0
301661,0
301662,0
301663,0
301664,0
301665,0
301666,0
301667,0
301668,0
301669,0
301670,0
301671,0
301672,0
301673,0
301674,0
301675,0
301676,0
301677,0
301678,0
301679,0
301680,0
301681,0
301682,0
301683,0
301684,0
301685,0
301686,0
301687,0
301688,0
301689,0
301690,0
301691,0
301692,0
301693,0
301694,0
301695,0
301696,0
301697,0
301698,0
301699,0
301700,0
301701,0
301702,0
301703,0
301704,0
301705,0
301706,0
301707,0
301708,0
301709,0
301710,0
301711,0
301712,0
301713,0
301714,0
301715,0
301716,0
301717,0
301718,0
301719,0
301720,0
301721,0
301722,0
301723,23
301724,0
301725,0
301726,0
301727,0
301728,27
301729,0
301730,0
301731,0
301732,42
301733,0
301734,0
301735,0
301736,0
301737,23
301738,34
301739,0
301740,0
301741,0
301742,0
301743,0
301744,0
301745,0
301746,23
301747,0
301748,24
301749,26
301750,0
301751,0
301752,0
301753,19
301754,26
301755,0
301756,0
301757,0
301758,0
301759,0
301760,0
301761,0
301762,0
301763,0
301764,0
301765,0
301766,0
301767,0
301768,0
301769,0
301770,33
301771,0
301772,0
301773,0
301774,19
301775,0
301776,0
301777,0
301778,20
301779,0
301780,0
301781,0
301782,34
301783,0
301784,0
301785,27
301786,0
301787,0
301788,20
301789,0
301790,0
301791,0
301792,0
301793,0
301794,0
301795,0
301796,0
301797,0
301798,0
301799,0
301800,24
301801,0
301802,0
301803,0
301804,0
301805,0
301806,0
301807,42
301808,0
301809,0
301810,0
301811,0
301812,0
301813,0
301814,0
301815,25
301816,0
301817,0
301818,0
301819,0
301820,0
301821,0
301822,0
301823,0
301824,0
301825,0
301826,0
301827,0
301828,23
301829,0
301830,0
301831,0
301832,0
301833,0
301834,0
301835,0
301836,0
301837,0
301838,0
301839,0
301840,0
301841,0
301842,0
301843,0
301844,0
301845,18
301846,0
301847,25
301848,0
301849,31
301850,0
301851,26
301852,0
301853,0
301854,0
301855,0
301856,0
301857,0
301858,0
301859,0
301860,0
301861,0
301862,0
301863,0
301864,17
301865,30
301866,0
301867,0
301868,0
301869,14
301870,0
301871,0
301872,0
301873,25
301874,0
301875,0
301876,22
301877,0
301878,0
301879,0
301880,0
301881,0
301882,0
301883,0
301884,0
301885,0
301886,0
301887,0
301888,0
301889,0
301890,25
301891,0
301892,0
301893,0
301894,0
301895,0
301896,0
301897,0
301898,0
301899,23
301900,0
301901,0
301902,0
301903,21
301904,0
301905,22
301906,27
301907,0
301908,0
301909,0
301910,0
301911,0
301912,0
301913,0
301914,0
301915,0
301916,0
301917,0
301918,21
301919,0
301920,0
301921,0
301922,30
301923,0
301924,0
301925,0
301926,0
301927,0
301928,0
301929,0
301930,0
301931,0
301932,0
301933,0
301934,0
301935,0
301936,0
301937,30
301938,0
301939,33
301940,32
301941,0
301942,30
301943,0
301944,0
301945,0
301946,0
301947,0
301948,38
301949,0
301950,0
301951,0
301952,0
301953,20
301954,0
301955,0
301956,26
301957,0
301958,0
301959,0
301960,26
301961,0
301962,0
301963,0
301964,0
301965,0
301966,0
301967,0
301968,0
301969,0
301970,0
301971,0
301972,0
301973,0
301974,0
301975,0
301976,0
301977,0
301978,0
301979,0
301980,0
301981,0
301982,18
301983,23
301984,0
301985,0
301986,27
301987,0
301988,0
301989,0
301990,0
301991,0
301992,0
301993,0
301994,0
301995,0
301996,0
301997,0
301998,0
301999,25
302000,0
302001,0
302002,0
302003,0
302004,23
302005,0
302006,0
302007,35
302008,0
302009,0
302010,0
302011,11
302012,0
302013,0
302014,0
302015,21
302016,0
302017,0
302018,0
302019,0
302020,0
302021,0
302022,31
302023,0
302024,0
302025,0
302026,0
302027,0
302028,0
302029,24
302030,0
302031,0
302032,0
302033,29
302034,0
302035,20
302036,0
302037,0
302038,0
302039,0
302040,0
302041,0
302042,0
302043,0
302044,0
302045,0
302046,0
302047,0
302048,0
302049,0
302050,0
302051,0
302052,0
302053,0
302054,0
302055,0
302056,38
302057,11
302058,17
302059,0
302060,0
302061,0
302062,20
302063,0
302064,0
302065,0
302066,0
302067,0
302068,0
302069,0
302070,0
302071,0
302072,0
302073,0
302074,0
302075,0
302076,0
302077,0
302078,0
302079,0
302080,0
302081,0
302082,0
302083,0
302084,0
302085,36
302086,0
302087,0
302088,0
302089,0
302090,0
302091,0
302092,30
302093,0
302094,0
302095,29
302096,35
302097,0
302098,29
302099,0
302100,0
302101,0
302102,20
302103,0
302104,23
302105,18
302106,0
302107,0
302108,0
302109,0
302110,0
302111,0
302112,0
302113,36
302114,0
302115,0
302116,15
302117,0
302118,0
302119,0
302120,0
302121,0
302122,0
302123,18
302124,34
302125,0
302126,25
302127,0
302128,0
302129,0
302130,0
302131,0
302132,0
302133,0
302134,0
302135,0
302136,0
302137,0
302138,0
302139,0
302140,0
302141,19
302142,0
302143,0
302144,0
302145,0
302146,23
302147,30
302148,30
302149,0
302150,0
302151,0
302152,0
302153,0
302154,0
302155,0
302156,0
302157,0
302158,0
302159,0
302160,0
302161,0
302162,0
302163,22
302164,0
302165,0
302166,0
302167,28
302168,0
302169,0
302170,0
302171,25
302172,0
302173,0
302174,0
302175,0
302176,0
302177,0
302178,0
302179,16
302180,0
302181,0
302182,0
302183,0
302184,0
302185,0
302186,0
302187,0
302188,0
302189,0
302190,0
302191,35
302192,0
302193,34
302194,0
302195,0
302196,0
302197,0
302198,0
302199,0
302200,0
302201,0
302202,0
302203,0
302204,0
302205,0
302206,0
302207,27
302208,15
302209,0
302210,0
302211,0
302212,0
302213,0
302214,0
302215,0
302216,20
302217,35
302218,24
302219,0
302220,0
302221,0
302222,0
302223,0
302224,0
302225,0
302226,0
302227,0
302228,0
302229,0
302230,30
302231,0
302232,0
302233,0
302234,0
302235,32
302236,0
302237,0
302238,0
302239,32
302240,21
302241,0
302242,0
302243,0
302244,0
302245,0
302246,0
302247,0
302248,0
302249,0
302250,0
302251,23
302252,0
302253,0
302254,0
302255,0
302256,0
302257,0
302258,0
302259,0
302260,0
302261,0
302262,0
302263,0
302264,0
302265,0
302266,0
302267,17
302268,0
302269,0
302270,18
302271,28
302272,0
302273,0
302274,0
302275,0
302276,0
302277,0
302278,0
302279,0
302280,0
302281,0
302282,0
302283,0
302284,0
302285,0
302286,0
302287,0
302288,0
302289,0
302290,29
302291,0
302292,0
302293,0
302294,0
302295,0
302296,0
302297,0
302298,0
302299,0
302300,36
302301,34
302302,28
302303,0
302304,0
302305,0
302306,0
302307,0
302308,25
302309,0
302310,0
302311,0
302312,0
302313,28
302314,0
302315,0
302316,0
302317,0
302318,0
302319,0
302320,20
302321,0
302322,19
302323,0
302324,0
302325,27
302326,0
302327,0
302328,0
302329,0
302330,0
302331,0
302332,0
302333,23
302334,0
302335,0
302336,0
302337,0
302338,22
302339,34
302340,0
302341,0
302342,0
302343,0
302344,0
302345,0
302346,0
302347,12
302348,0
302349,0
302350,33
302351,32
302352,26
302353,0
302354,0
302355,0
302356,0
302357,0
302358,24
302359,45
302360,0
302361,21
302362,0
302363,0
302364,24
302365,0
302366,0
302367,0
302368,0
302369,0
302370,0
302371,0
302372,0
302373,0
302374,0
302375,0
302376,0
302377,0
302378,0
302379,0
302380,0
302381,0
302382,0
302383,36
302384,0
302385,0
302386,31
302387,0
302388,0
302389,0
302390,0
302391,0
302392,0
302393,29
302394,0
302395,0
302396,0
302397,0
302398,0
302399,0
302400,0
302401,0
302402,0
302403,0
302404,0
302405,0
302406,0
302407,0
302408,0
302409,0
302410,0
302411,0
302412,0
302413,0
302414,0
302415,0
302416,22
302417,0
302418,0
302419,0
302420,0
302421,0
302422,0
302423,0
302424,0
302425,0
302426,0
302427,29
302428,0
302429,0
302430,0
302431,31
302432,0
302433,0
302434,0
302435,0
302436,22
302437,46
302438,0
302439,0
302440,25
302441,0
302442,0
302443,0
302444,0
302445,0
302446,0
302447,0
302448,0
302449,0
302450,0
302451,30
302452,0
302453,0
302454,0
302455,0
302456,0
302457,0
302458,0
302459,0
302460,0
302461,0
302462,0
302463,0
302464,0
302465,27
302466,0
302467,0
302468,0
302469,0
302470,0
302471,0
302472,0
302473,16
302474,0
302475,0
302476,0
302477,34
302478,0
302479,0
302480,0
302481,30
302482,0
302483,0
302484,0
302485,0
302486,25
302487,25
302488,0
302489,0
302490,0
302491,0
302492,0
302493,26
302494,0
302495,0
302496,0
302497,0
302498,30
302499,19
302500,0
302501,0
302502,29
302503,0
302504,0
302505,28
302506,0
302507,0
302508,0
302509,0
302510,0
302511,0
302512,0
302513,35
302514,27
302515,28
302516,0
302517,0
302518,0
302519,0
302520,0
302521,0
302522,0
302523,0
302524,0
302525,0
302526,0
302527,0
302528,0
302529,0
302530,0
302531,0
302532,0
302533,0
302534,0
302535,18
302536,0
302537,0
302538,0
302539,28
302540,0
302541,0
302542,31
302543,0
302544,0
302545,22
302546,30
302547,0
302548,0
302549,0
302550,29
302551,0
302552,0
302553,0
302554,0
302555,0
302556,0
302557,0
302558,0
302559,0
302560,0
302561,0
302562,35
302563,0
302564,0
302565,0
302566,0
302567,0
302568,0
302569,0
302570,0
302571,0
302572,0
302573,38
302574,0
302575,0
302576,0
302577,0
302578,23
302579,23
302580,0
302581,0
302582,0
302583,0
302584,24
302585,0
302586,0
302587,0
302588,0
302589,0
302590,0
302591,0
302592,0
302593,0
302594,0
302595,0
302596,0
302597,0
302598,0
302599,0
302600,0
302601,0
302602,0
302603,15
302604,0
302605,0
302606,0
302607,39
302608,30
302609,0
302610,25
302611,21
302612,0
302613,19
302614,0
302615,36
302616,0
302617,0
302618,0
302619,0
302620,0
302621,0
302622,24
302623,36
302624,0
302625,0
302626,27
302627,35
302628,16
302629,0
302630,22
302631,0
302632,0
302633,0
302634,0
302635,0
302636,0
302637,0
302638,0
302639,0
302640,23
302641,0
302642,35
302643,0
302644,0
302645,0
302646,0
302647,0
302648,0
302649,20
302650,0
302651,0
302652,0
302653,0
302654,0
302655,0
302656,24
302657,0
302658,0
302659,0
302660,18
302661,0
302662,0
302663,0
302664,0
302665,0
302666,0
302667,7
302668,0
302669,0
302670,14
302671,0
302672,0
302673,0
302674,0
302675,14
302676,0
302677,0
302678,6
302679,11
302680,0
302681,0
302682,0
302683,0
302684,0
302685,0
302686,0
302687,12
302688,0
302689,0
302690,0
302691,0
302692,0
302693,0
302694,0
302695,18
302696,9
302697,0
302698,0
302699,0
302700,0
302701,0
302702,0
302703,0
302704,0
302705,9
302706,0
302707,0
302708,0
302709,0
302710,0
302711,0
302712,0
302713,0
302714,0
302715,0
302716,0
302717,0
302718,1
302719,0
302720,0
302721,0
302722,0
302723,0
302724,0
302725,17
302726,0
302727,0
302728,15
302729,0
302730,0
302731,0
302732,0
302733,12
302734,0
302735,0
302736,0
302737,0
302738,0
302739,0
302740,0
302741,13
302742,0
302743,17
302744,8
302745,16
302746,0
302747,0
302748,0
302749,0
302750,0
302751,12
302752,14
302753,0
302754,0
302755,0
302756,0
302757,9
302758,0
302759,0
302760,0
302761,8
302762,0
302763,0
302764,0
302765,0
302766,0
302767,0
302768,13
302769,0
302770,0
302771,0
302772,0
302773,0
302774,0
302775,0
302776,8
302777,0
302778,0
302779,0
302780,0
302781,0
302782,0
302783,9
302784,13
302785,0
302786,0
302787,0
302788,0
302789,7
302790,0
302791,0
302792,0
302793,0
302794,6
302795,0
302796,0
302797,0
302798,11
302799,10
302800,0
302801,0
302802,0
302803,0
302804,0
302805,0
302806,0
302807,0
302808,0
302809,0
302810,0
302811,0
302812,14
302813,0
302814,0
302815,0
302816,0
302817,0
302818,0
302819,0
302820,0
302821,0
302822,0
302823,0
302824,0
302825,0
302826,0
302827,0
302828,0
302829,21
302830,0
302831,0
302832,0
302833,0
302834,0
302835,0
302836,0
302837,0
302838,0
302839,0
302840,13
302841,0
302842,11
302843,0
302844,18
302845,0
302846,0
302847,0
302848,0
302849,0
302850,0
302851,0
302852,0
302853,0
302854,0
302855,0
302856,0
302857,3
302858,0
302859,0
302860,0
302861,18
302862,0
302863,0
302864,11
302865,0
302866,0
302867,0
302868,0
302869,0
302870,13
302871,0
302872,0
302873,10
302874,0
302875,0
302876,0
302877,0
302878,14
302879,9
302880,0
302881,0
302882,0
302883,15
302884,0
302885,0
302886,12
302887,12
302888,0
302889,0
302890,11
302891,11
302892,21
302893,0
302894,0
302895,0
302896,0
302897,21
302898,0
302899,0
302900,0
302901,0
302902,0
302903,16
302904,17
302905,9
302906,0
302907,0
302908,0
302909,0
302910,0
302911,0
302912,0
302913,18
302914,0
302915,0
302916,20
302917,0
302918,14
302919,0
302920,6
302921,0
302922,0
302923,0
302924,15
302925,8
302926,0
302927,0
302928,0
302929,0
302930,19
302931,0
302932,0
302933,0
302934,0
302935,0
302936,16
302937,0
302938,0
302939,10
302940,0
302941,19
302942,0
302943,0
302944,0
302945,13
302946,17
302947,0
302948,0
302949,0
302950,0
302951,21
302952,0
302953,13
302954,0
302955,0
302956,0
302957,0
302958,0
302959,11
302960,15
302961,22
302962,0
302963,6
302964,0
302965,0
302966,13
302967,15
302968,14
302969,18
302970,0
302971,6
302972,0
302973,0
302974,0
302975,19
302976,0
302977,0
302978,9
302979,0
302980,0
302981,14
302982,0
302983,4
302984,0
302985,14
302986,0
302987,15
302988,0
302989,0
302990,0
302991,11
302992,0
302993,0
302994,0
302995,0
302996,0
302997,0
302998,0
302999,0
303000,0
303001,0
303002,0
303003,0
303004,7
303005,0
303006,0
303007,0
303008,0
303009,0
303010,0
303011,19
303012,10
303013,0
303014,0
303015,0
303016,15
303017,0
303018,0
303019,0
303020,0
303021,0
303022,0
303023,0
303024,0
303025,0
303026,0
303027,0
303028,0
303029,0
303030,12
303031,12
303032,0
303033,0
303034,0
303035,0
303036,0
303037,0
303038,0
303039,0
303040,0
303041,0
303042,0
303043,0
303044,0
303045,0
303046,7
303047,20
303048,0
303049,0
303050,0
303051,0
303052,13
303053,0
303054,0
303055,0
303056,19
303057,14
303058,0
303059,0
303060,0
303061,25
303062,0
303063,12
303064,0
303065,0
303066,20
303067,17
303068,13
303069,0
303070,0
303071,0
303072,0
303073,0
303074,27
303075,0
303076,0
303077,0
303078,0
303079,0
303080,0
303081,0
303082,0
303083,0
303084,11
303085,19
303086,0
303087,0
303088,0
303089,13
303090,0
303091,0
303092,0
303093,0
303094,0
303095,0
303096,0
303097,0
303098,17
303099,0
303100,0
303101,0
303102,19
303103,0
303104,0
303105,0
303106,9
303107,16
303108,0
303109,3
303110,0
303111,0
303112,0
303113,0
303114,0
303115,0
303116,0
303117,0
303118,13
303119,9
303120,0
303121,17
303122,0
303123,0
303124,12
303125,0
303126,0
303127,15
303128,25
303129,9
303130,0
303131,0
303132,0
303133,0
303134,0
303135,0
303136,0
303137,0
303138,0
303139,0
303140,21
303141,0
303142,0
303143,15
303144,0
303145,0
303146,5
303147,0
303148,0
303149,0
303150,7
303151,0
303152,0
303153,0
303154,0
303155,0
303156,0
303157,0
303158,0
303159,0
303160,0
303161,8
303162,0
303163,0
303164,0
303165,0
303166,0
303167,0
303168,0
303169,0
303170,13
303171,0
303172,0
303173,0
303174,9
303175,0
303176,0
303177,0
303178,0
303179,0
303180,0
303181,0
303182,0
303183,0
303184,0
303185,0
303186,0
303187,0
303188,0
303189,0
303190,0
303191,0
303192,0
303193,0
303194,0
303195,0
303196,7
303197,0
303198,0
303199,0
303200,0
303201,0
303202,7
303203,0
303204,0
303205,0
303206,0
303207,0
303208,0
303209,0
303210,0
303211,0
303212,0
303213,0
303214,13
303215,0
303216,0
303217,0
303218,7
303219,0
303220,0
303221,0
303222,6
303223,0
303224,0
303225,5
303226,11
303227,0
303228,0
303229,12
303230,0
303231,0
303232,7
303233,0
303234,5
303235,0
303236,8
303237,7
303238,0
303239,0
303240,0
303241,0
303242,0
303243,0
303244,0
303245,0
303246,0
303247,0
303248,0
303249,0
303250,0
303251,0
303252,0
303253,0
303254,14
303255,0
303256,0
303257,0
303258,16
303259,0
303260,0
303261,0
303262,0
303263,0
303264,0
303265,0
303266,0
303267,0
303268,0
303269,0
303270,0
303271,0
303272,0
303273,0
303274,0
303275,5
303276,0
303277,9
303278,0
303279,0
303280,0
303281,0
303282,0
303283,0
303284,0
303285,0
303286,0
303287,0
303288,16
303289,0
303290,0
303291,12
303292,0
303293,11
303294,0
303295,0
303296,13
303297,0
303298,0
303299,0
303300,0
303301,0
303302,0
303303,0
303304,7
303305,11
303306,12
303307,0
303308,0
303309,0
303310,0
303311,8
303312,0
303313,0
303314,0
303315,0
303316,0
303317,0
303318,0
303319,0
303320,0
303321,0
303322,15
303323,0
303324,0
303325,0
303326,0
303327,8
303328,0
303329,0
303330,0
303331,10
303332,0
303333,0
303334,0
303335,0
303336,7
303337,10
303338,0
303339,0
303340,0
303341,0
303342,0
303343,0
303344,0
303345,0
303346,0
303347,0
303348,0
303349,0
303350,0
303351,5
303352,0
303353,16
303354,0
303355,0
303356,8
303357,0
303358,0
303359,5
303360,0
303361,0
303362,0
303363,0
303364,10
303365,0
303366,0
303367,0
303368,0
303369,0
303370,11
303371,0
303372,0
303373,9
303374,0
303375,6
303376,0
303377,0
303378,0
303379,0
303380,0
303381,0
303382,0
303383,0
303384,0
303385,0
303386,0
303387,0
303388,0
303389,0
303390,0
303391,0
303392,0
303393,0
303394,0
303395,0
303396,0
303397,0
303398,0
303399,0
303400,12
303401,0
303402,0
303403,0
303404,0
303405,0
303406,0
303407,0
303408,0
303409,3
303410,10
303411,0
303412,0
303413,0
303414,0
303415,7
303416,2
303417,0
303418,0
303419,0
303420,0
303421,0
303422,0
303423,0
303424,0
303425,0
303426,0
303427,0
303428,0
303429,0
303430,0
303431,0
303432,0
303433,7
303434,0
303435,0
303436,0
303437,9
303438,0
303439,0
303440,0
303441,0
303442,0
303443,0
303444,0
303445,0
303446,0
303447,18
303448,0
303449,0
303450,0
303451,0
303452,0
303453,0
303454,0
303455,0
303456,0
303457,0
303458,0
303459,0
303460,0
303461,0
303462,0
303463,12
303464,0
303465,0
303466,0
303467,10
303468,0
303469,0
303470,0
303471,0
303472,0
303473,0
303474,9
303475,5
303476,0
303477,0
303478,0
303479,0
303480,0
303481,0
303482,12
303483,0
303484,0
303485,0
303486,0
303487,0
303488,0
303489,0
303490,0
303491,0
303492,0
303493,0
303494,5
303495,0
303496,0
303497,7
303498,0
303499,0
303500,0
303501,0
303502,0
303503,8
303504,0
303505,9
303506,0
303507,0
303508,0
303509,0
303510,0
303511,0
303512,7
303513,0
303514,0
303515,0
303516,0
303517,0
303518,0
303519,9
303520,0
303521,0
303522,9
303523,0
303524,0
303525,0
303526,0
303527,0
303528,7
303529,0
303530,0
303531,0
303532,0
303533,0
303534,6
303535,0
303536,0
303537,0
303538,0
303539,0
303540,0
303541,0
303542,0
303543,0
303544,0
303545,0
303546,0
303547,0
303548,0
303549,0
303550,0
303551,0
303552,0
303553,0
303554,0
303555,0
303556,5
303557,0
303558,0
303559,0
303560,0
303561,14
303562,0
303563,0
303564,0
303565,0
303566,0
303567,0
303568,0
303569,0
303570,14
303571,0
303572,0
303573,0
303574,0
303575,0
303576,0
303577,17
303578,0
303579,12
303580,25
303581,0
303582,0
303583,0
303584,0
303585,25
303586,0
303587,16
303588,0
303589,0
303590,9
303591,12
303592,0
303593,0
303594,0
303595,0
303596,0
303597,0
303598,0
303599,0
303600,0
303601,0
303602,0
303603,11
303604,22
303605,25
303606,0
303607,0
303608,0
303609,0
303610,18
303611,10
303612,14
303613,0
303614,0
303615,0
303616,0
303617,0
303618,0
303619,0
303620,0
303621,0
303622,0
303623,0
303624,0
303625,16
303626,0
303627,20
303628,0
303629,33
303630,0
303631,0
303632,0
303633,11
303634,0
303635,0
303636,0
303637,0
303638,0
303639,0
303640,0
303641,0
303642,0
303643,0
303644,0
303645,0
303646,0
303647,14
303648,0
303649,0
303650,0
303651,16
303652,0
303653,7
303654,21
303655,0
303656,0
303657,12
303658,0
303659,0
303660,29
303661,24
303662,18
303663,0
303664,16
303665,0
303666,20
303667,0
303668,0
303669,23
303670,13
303671,19
303672,0
303673,0
303674,0
303675,0
303676,26
303677,0
303678,0
303679,0
303680,0
303681,0
303682,0
303683,0
303684,0
303685,0
303686,0
303687,0
303688,0
303689,0
303690,0
303691,0
303692,19
303693,0
303694,0
303695,0
303696,15
303697,0
303698,0
303699,0
303700,0
303701,0
303702,0
303703,0
303704,18
303705,0
303706,0
303707,20
303708,0
303709,0
303710,0
303711,0
303712,25
303713,16
303714,0
303715,0
303716,0
303717,23
303718,0
303719,19
303720,0
303721,0
303722,0
303723,0
303724,25
303725,0
303726,28
303727,18
303728,14
303729,0
303730,0
303731,0
303732,0
303733,0
303734,21
303735,0
303736,21
303737,0
303738,0
303739,0
303740,0
303741,0
303742,29
303743,0
303744,0
303745,0
303746,0
303747,25
303748,15
303749,18
303750,20
303751,0
303752,0
303753,28
303754,18
303755,0
303756,0
303757,21
303758,0
303759,13
303760,0
303761,0
303762,0
303763,0
303764,0
303765,0
303766,0
303767,0
303768,0
303769,26
303770,0
303771,0
303772,17
303773,23
303774,0
303775,0
303776,35
303777,0
303778,0
303779,0
303780,0
303781,17
303782,26
303783,0
303784,0
303785,38
303786,0
303787,0
303788,0
303789,0
303790,34
303791,0
303792,38
303793,0
303794,29
303795,27
303796,0
303797,0
303798,0
303799,0
303800,0
303801,46
303802,0
303803,28
303804,0
303805,0
303806,0
303807,0
303808,0
303809,0
303810,0
303811,0
303812,0
303813,0
303814,40
303815,0
303816,0
303817,0
303818,0
303819,0
303820,0
303821,22
303822,0
303823,0
303824,0
303825,16
303826,0
303827,31
303828,0
303829,0
303830,0
303831,0
303832,0
303833,21
303834,49
303835,0
303836,0
303837,0
303838,0
303839,0
303840,0
303841,0
303842,0
303843,29
303844,0
303845,0
303846,0
303847,0
303848,0
303849,22
303850,0
303851,0
303852,15
303853,0
303854,0
303855,0
303856,0
303857,0
303858,37
303859,0
303860,0
303861,0
303862,0
303863,0
303864,35
303865,0
303866,0
303867,0
303868,0
303869,0
303870,0
303871,0
303872,0
303873,0
303874,40
303875,37
303876,32
303877,0
303878,0
303879,0
303880,28
303881,0
303882,0
303883,0
303884,0
303885,0
303886,0
303887,0
303888,0
303889,0
303890,25
303891,0
303892,29
303893,0
303894,0
303895,0
303896,17
303897,0
303898,0
303899,37
303900,24
303901,30
303902,0
303903,0
303904,34
303905,47
303906,32
303907,0
303908,0
303909,0
303910,0
303911,0
303912,30
303913,0
303914,24
303915,0
303916,0
303917,25
303918,0
303919,0
303920,0
303921,0
303922,17
303923,0
303924,34
303925,0
303926,0
303927,0
303928,23
303929,37
303930,29
303931,25
303932,0
303933,0
303934,30
303935,0
303936,0
303937,37
303938,0
303939,0
303940,24
303941,0
303942,22
303943,0
303944,0
303945,14
303946,0
303947,0
303948,0
303949,0
303950,0
303951,0
303952,0
303953,0
303954,0
303955,0
303956,0
303957,0
303958,0
303959,29
303960,0
303961,0
303962,0
303963,0
303964,34
303965,0
303966,21
303967,23
303968,0
303969,27
303970,0
303971,0
303972,0
303973,0
303974,0
303975,28
303976,0
303977,0
303978,31
303979,0
303980,17
303981,0
303982,0
303983,0
303984,0
303985,0
303986,0
303987,0
303988,0
303989,0
303990,38
303991,0
303992,22
303993,0
303994,36
303995,0
303996,0
303997,0
303998,0
303999,0
304000,32
304001,0
304002,0
304003,0
304004,0
304005,0
304006,0
304007,0
304008,33
304009,0
304010,29
304011,0
304012,0
304013,26
304014,0
304015,0
304016,0
304017,0
304018,0
304019,0
304020,0
304021,0
304022,0
304023,21
304024,0
304025,34
304026,0
304027,0
304028,0
304029,0
304030,0
304031,0
304032,33
304033,0
304034,0
304035,0
304036,26
304037,0
304038,39
304039,31
304040,0
304041,31
304042,0
304043,0
304044,0
304045,0
304046,37
304047,0
304048,0
304049,17
304050,0
304051,0
304052,0
304053,0
304054,0
304055,0
304056,0
304057,0
304058,0
304059,0
304060,0
304061,33
304062,0
304063,0
304064,0
304065,0
304066,39
304067,0
304068,0
304069,0
304070,0
304071,0
304072,0
304073,0
304074,22
304075,0
304076,0
304077,0
304078,0
304079,0
304080,27
304081,0
304082,0
304083,0
304084,0
304085,23
304086,17
304087,0
304088,0
304089,0
304090,0
304091,0
304092,0
304093,0
304094,0
304095,0
304096,30
304097,12
304098,30
304099,18
304100,0
304101,0
304102,0
304103,0
304104,0
304105,0
304106,0
304107,0
304108,0
304109,0
304110,0
304111,0
304112,0
304113,0
304114,0
304115,0
304116,0
304117,32
304118,0
304119,0
304120,0
304121,0
304122,0
304123,30
304124,0
304125,0
304126,0
304127,0
304128,0
304129,0
304130,0
304131,0
304132,0
304133,0
304134,0
304135,21
304136,21
304137,0
304138,39
304139,0
304140,23
304141,0
304142,31
304143,0
304144,0
304145,0
304146,0
304147,0
304148,44
304149,0
304150,38
304151,0
304152,0
304153,32
304154,0
304155,42
304156,31
304157,19
304158,0
304159,0
304160,21
304161,0
304162,0
304163,0
304164,0
304165,0
304166,0
304167,26
304168,0
304169,28
304170,0
304171,26
304172,24
304173,0
304174,22
304175,0
304176,0
304177,0
304178,0
304179,0
304180,0
304181,0
304182,28
304183,0
304184,0
304185,46
304186,0
304187,24
304188,0
304189,0
304190,0
304191,22
304192,0
304193,0
304194,0
304195,0
304196,0
304197,0
304198,0
304199,0
304200,0
304201,24
304202,0
304203,26
304204,21
304205,0
304206,0
304207,34
304208,0
304209,0
304210,0
304211,28
304212,0
304213,26
304214,26
304215,0
304216,24
304217,0
304218,0
304219,0
304220,0
304221,0
304222,26
304223,0
304224,0
304225,0
304226,0
304227,0
304228,0
304229,31
304230,0
304231,28
304232,0
304233,0
304234,0
304235,44
304236,0
304237,0
304238,0
304239,0
304240,0
304241,0
304242,0
304243,0
304244,0
304245,0
304246,0
304247,0
304248,0
304249,22
304250,0
304251,0
304252,0
304253,0
304254,0
304255,0
304256,0
304257,0
304258,0
304259,0
304260,0
304261,0
304262,0
304263,0
304264,0
304265,0
304266,0
304267,0
304268,17
304269,23
304270,0
304271,0
304272,0
304273,32
304274,40
304275,42
304276,27
304277,0
304278,0
304279,0
304280,23
304281,0
304282,53
304283,0
304284,0
304285,0
304286,24
304287,29
304288,0
304289,0
304290,0
304291,25
304292,0
304293,0
304294,28
304295,0
304296,0
304297,0
304298,0
304299,0
304300,0
304301,0
304302,13
304303,0
304304,0
304305,33
304306,21
304307,0
304308,0
304309,0
304310,41
304311,0
304312,0
304313,0
304314,0
304315,0
304316,0
304317,0
304318,0
304319,0
304320,0
304321,0
304322,0
304323,46
304324,17
304325,0
304326,0
304327,0
304328,0
304329,0
304330,20
304331,0
304332,0
304333,0
304334,0
304335,0
304336,0
304337,0
304338,0
304339,31
304340,0
304341,0
304342,0
304343,0
304344,0
304345,0
304346,0
304347,30
304348,0
304349,36
304350,25
304351,30
304352,16
304353,0
304354,0
304355,39
304356,22
304357,43
304358,0
304359,41
304360,38
304361,0
304362,0
304363,29
304364,28
304365,0
304366,0
304367,27
304368,20
304369,0
304370,0
304371,0
304372,39
304373,0
304374,0
304375,0
304376,35
304377,0
304378,0
304379,0
304380,0
304381,0
304382,0
304383,0
304384,24
304385,0
304386,28
304387,0
304388,0
304389,27
304390,0
304391,0
304392,0
304393,0
304394,0
304395,0
304396,0
304397,0
304398,0
304399,0
304400,0
304401,0
304402,24
304403,0
304404,0
304405,29
304406,0
304407,0
304408,0
304409,0
304410,0
304411,0
304412,0
304413,0
304414,33
304415,0
304416,0
304417,0
304418,0
304419,0
304420,0
304421,0
304422,0
304423,0
304424,30
304425,21
304426,0
304427,0
304428,0
304429,0
304430,0
304431,18
304432,0
304433,0
304434,0
304435,26
304436,0
304437,0
304438,0
304439,0
304440,0
304441,0
304442,0
304443,0
304444,26
304445,0
304446,0
304447,0
304448,0
304449,0
304450,0
304451,35
304452,0
304453,0
304454,0
304455,0
304456,0
304457,0
304458,24
304459,0
304460,15
304461,0
304462,0
304463,17
304464,30
304465,0
304466,26
304467,27
304468,0
304469,27
304470,0
304471,0
304472,0
304473,32
304474,0
304475,0
304476,31
304477,28
304478,0
304479,0
304480,0
304481,19
304482,0
304483,27
304484,38
304485,35
304486,0
304487,0
304488,30
304489,28
304490,0
304491,39
304492,0
304493,0
304494,21
304495,26
304496,0
304497,0
304498,0
304499,23
304500,26
304501,0
304502,0
304503,0
304504,0
304505,0
304506,43
304507,0
304508,0
304509,0
304510,0
304511,0
304512,0
304513,29
304514,28
304515,0
304516,0
304517,0
304518,0
304519,24
304520,0
304521,0
304522,0
304523,0
304524,0
304525,0
304526,0
304527,0
304528,23
304529,0
304530,30
304531,0
304532,25
304533,0
304534,0
304535,26
304536,17
304537,19
304538,0
304539,0
304540,0
304541,0
304542,0
304543,18
304544,0
304545,0
304546,0
304547,0
304548,0
304549,29
304550,0
304551,0
304552,0
304553,0
304554,0
304555,0
304556,0
304557,15
304558,0
304559,0
304560,0
304561,0
304562,0
304563,0
304564,0
304565,0
304566,0
304567,33
304568,31
304569,0
304570,0
304571,0
304572,0
304573,0
304574,0
304575,0
304576,0
304577,0
304578,0
304579,31
304580,0
304581,0
304582,37
304583,0
304584,0
304585,0
304586,0
304587,0
304588,0
304589,0
304590,0
304591,17
304592,0
304593,0
304594,21
304595,0
304596,0
304597,0
304598,0
304599,0
304600,0
304601,0
304602,0
304603,0
304604,0
304605,0
304606,0
304607,0
304608,0
304609,58
304610,0
304611,46
304612,0
304613,0
304614,0
304615,29
304616,0
304617,0
304618,0
304619,39
304620,0
304621,0
304622,25
304623,0
304624,0
304625,0
304626,0
304627,34
304628,0
304629,58
304630,0
304631,0
304632,0
304633,0
304634,44
304635,0
304636,0
304637,0
304638,0
304639,38
304640,44
304641,0
304642,0
304643,0
304644,0
304645,40
304646,0
304647,34
304648,0
304649,61
304650,0
304651,0
304652,51
304653,0
304654,0
304655,68
304656,0
304657,0
304658,0
304659,0
304660,0
304661,22
304662,0
304663,0
304664,0
304665,30
304666,32
304667,54
304668,0
304669,0
304670,33
304671,0
304672,0
304673,39
304674,0
304675,0
304676,0
304677,28
304678,0
304679,39
304680,39
304681,0
304682,0
304683,0
304684,0
304685,0
304686,0
304687,0
304688,30
304689,31
304690,34
304691,0
304692,0
304693,0
304694,0
304695,31
304696,0
304697,0
304698,0
304699,0
304700,35
304701,0
304702,42
304703,27
304704,0
304705,0
304706,0
304707,34
304708,0
304709,0
304710,0
304711,0
304712,0
304713,45
304714,56
304715,0
304716,0
304717,0
304718,37
304719,27
304720,0
304721,36
304722,0
304723,0
304724,0
304725,39
304726,0
304727,0
304728,0
304729,0
304730,0
304731,52
304732,0
304733,0
304734,40
304735,56
304736,31
304737,47
304738,0
304739,0
304740,0
304741,0
304742,0
304743,0
304744,0
304745,31
304746,0
304747,36
304748,37
304749,0
304750,37
304751,0
304752,0
304753,28
304754,0
304755,37
304756,0
304757,30
304758,0
304759,0
304760,46
304761,0
304762,0
304763,0
304764,39
304765,0
304766,0
304767,0
304768,0
304769,0
304770,43
304771,0
304772,0
304773,22
304774,0
304775,52
304776,0
304777,0
304778,38
304779,64
304780,0
304781,0
304782,0
304783,0
304784,0
304785,0
304786,0
304787,27
304788,0
304789,0
304790,47
304791,0
304792,0
304793,0
304794,0
304795,0
304796,0
304797,0
304798,27
304799,0
304800,0
304801,0
304802,41
304803,0
304804,0
304805,0
304806,0
304807,0
304808,0
304809,33
304810,0
304811,13
304812,41
304813,0
304814,0
304815,28
304816,0
304817,47
304818,0
304819,35
304820,0
304821,0
304822,0
304823,0
304824,32
304825,70
304826,0
304827,47
304828,42
304829,0
304830,0
304831,0
304832,0
304833,0
304834,0
304835,0
304836,0
304837,38
304838,0
304839,0
304840,0
304841,0
304842,0
304843,38
304844,0
304845,0
304846,0
304847,0
304848,0
304849,34
304850,0
304851,0
304852,43
304853,39
304854,0
304855,0
304856,0
304857,0
304858,0
304859,0
304860,0
304861,40
304862,50
304863,42
304864,0
304865,0
304866,36
304867,0
304868,34
304869,28
304870,51
304871,0
304872,0
304873,45
304874,0
304875,0
304876,52
304877,0
304878,0
304879,0
304880,47
304881,0
304882,0
304883,0
304884,29
304885,0
304886,41
304887,0
304888,0
304889,0
304890,0
304891,0
304892,0
304893,0
304894,0
304895,27
304896,57
304897,0
304898,0
304899,26
304900,0
304901,39
304902,32
304903,0
304904,0
304905,0
304906,0
304907,0
304908,37
304909,0
304910,0
304911,0
304912,0
304913,0
304914,0
304915,0
304916,0
304917,0
304918,0
304919,33
304920,0
304921,29
304922,0
304923,0
304924,29
304925,0
304926,0
304927,43
304928,0
304929,0
304930,0
304931,0
304932,45
304933,0
304934,0
304935,0
304936,0
304937,0
304938,0
304939,0
304940,0
304941,0
304942,0
304943,0
304944,0
304945,0
304946,0
304947,0
304948,0
304949,0
304950,0
304951,30
304952,0
304953,0
304954,0
304955,0
304956,39
304957,30
304958,0
304959,0
304960,0
304961,42
304962,0
304963,0
304964,0
304965,0
304966,0
304967,0
304968,0
304969,43
304970,0
304971,33
304972,0
304973,40
304974,0
304975,29
304976,0
304977,0
304978,0
304979,0
304980,0
304981,42
304982,0
304983,0
304984,0
304985,0
304986,0
304987,0
304988,0
304989,0
304990,0
304991,0
304992,61
304993,0
304994,41
304995,0
304996,41
304997,0
304998,0
304999,0
305000,38
305001,0
305002,0
305003,0
305004,0
305005,0
305006,0
305007,0
305008,0
305009,0
305010,0
305011,0
305012,0
305013,0
305014,0
305015,0
305016,0
305017,23
305018,0
305019,0
305020,0
305021,56
305022,0
305023,45
305024,0
305025,0
305026,0
305027,0
305028,36
305029,0
305030,0
305031,0
305032,0
305033,0
305034,32
305035,0
305036,0
305037,0
305038,46
305039,0
305040,0
305041,40
305042,48
305043,0
305044,0
305045,22
305046,0
305047,0
305048,0
305049,0
305050,0
305051,0
305052,0
305053,0
305054,38
305055,53
305056,0
305057,0
305058,0
305059,0
305060,33
305061,38
305062,0
305063,26
305064,0
305065,32
305066,0
305067,0
305068,0
305069,0
305070,0
305071,51
305072,24
305073,0
305074,0
305075,0
305076,0
305077,0
305078,0
305079,0
305080,0
305081,0
305082,0
305083,0
305084,0
305085,0
305086,35
305087,0
305088,0
305089,0
305090,0
305091,0
305092,48
305093,40
305094,40
305095,0
305096,0
305097,0
305098,0
305099,0
305100,0
305101,43
305102,0
305103,0
305104,0
305105,0
305106,0
305107,0
305108,0
305109,0
305110,29
305111,28
305112,34
305113,0
305114,38
305115,0
305116,37
305117,0
305118,36
305119,0
305120,0
305121,0
305122,0
305123,0
305124,0
305125,0
305126,55
305127,42
305128,0
305129,0
305130,0
305131,29
305132,0
305133,35
305134,0
305135,0
305136,0
305137,0
305138,0
305139,0
305140,27
305141,40
305142,0
305143,0
305144,33
305145,0
305146,24
305147,0
305148,0
305149,0
305150,0
305151,0
305152,0
305153,0
305154,0
305155,29
305156,52
305157,0
305158,0
305159,0
305160,43
305161,0
305162,0
305163,0
305164,29
305165,57
305166,0
305167,0
305168,28
305169,0
305170,0
305171,0
305172,39
305173,0
305174,0
305175,45
305176,36
305177,65
305178,0
305179,0
305180,0
305181,35
305182,0
305183,0
305184,0
305185,0
305186,0
305187,0
305188,0
305189,59
305190,34
305191,0
305192,49
305193,0
305194,0
305195,0
305196,44
305197,67
305198,0
305199,0
305200,27
305201,0
305202,0
305203,0
305204,55
305205,0
305206,0
305207,0
305208,0
305209,0
305210,0
305211,0
305212,47
305213,0
305214,0
305215,38
305216,0
305217,49
305218,53
305219,0
305220,0
305221,0
305222,0
305223,46
305224,0
305225,29
305226,0
305227,0
305228,0
305229,35
305230,0
305231,0
305232,23
305233,35
305234,0
305235,0
305236,37
305237,0
305238,0
305239,43
305240,41
305241,0
305242,0
305243,0
305244,0
305245,39
305246,0
305247,0
305248,0
305249,0
305250,0
305251,0
305252,38
305253,38
305254,24
305255,48
305256,36
305257,40
305258,27
305259,0
305260,0
305261,0
305262,0
305263,0
305264,0
305265,0
305266,33
305267,0
305268,48
305269,0
305270,0
305271,0
305272,0
305273,0
305274,0
305275,0
305276,0
305277,0
305278,0
305279,0
305280,0
305281,52
305282,43
305283,0
305284,0
305285,0
305286,0
305287,0
305288,0
305289,0
305290,0
305291,0
305292,0
305293,0
305294,25
305295,0
305296,0
305297,0
305298,28
305299,0
305300,0
305301,27
305302,0
305303,0
305304,23
305305,31
305306,0
305307,0
305308,0
305309,0
305310,0
305311,0
305312,0
305313,36
305314,0
305315,0
305316,32
305317,0
305318,0
305319,0
305320,30
305321,0
305322,0
305323,0
305324,0
305325,42
305326,0
305327,0
305328,40
305329,37
305330,0
305331,34
305332,38
305333,0
305334,0
305335,0
305336,0
305337,0
305338,0
305339,0
305340,0
305341,22
305342,0
305343,0
305344,0
305345,0
305346,0
305347,0
305348,0
305349,45
305350,0
305351,0
305352,0
305353,0
305354,0
305355,20
305356,0
305357,0
305358,0
305359,0
305360,26
305361,0
305362,0
305363,38
305364,0
305365,0
305366,42
305367,0
305368,0
305369,0
305370,0
305371,34
305372,0
305373,0
305374,0
305375,45
305376,0
305377,0
305378,0
305379,27
305380,0
305381,43
305382,0
305383,0
305384,48
305385,0
305386,0
305387,0
305388,0
305389,0
305390,0
305391,0
305392,36
305393,0
305394,0
305395,41
305396,0
305397,0
305398,0
305399,0
305400,24
305401,0
305402,40
305403,26
305404,0
305405,0
305406,42
305407,0
305408,0
305409,33
305410,34
305411,0
305412,40
305413,0
305414,0
305415,0
305416,0
305417,0
305418,0
305419,0
305420,0
305421,0
305422,29
305423,0
305424,0
305425,0
305426,44
305427,0
305428,0
305429,38
305430,51
305431,0
305432,0
305433,0
305434,0
305435,0
305436,34
305437,32
305438,23
305439,23
305440,0
305441,0
305442,0
305443,0
305444,0
305445,0
305446,0
305447,31
305448,0
305449,0
305450,27
305451,0
305452,0
305453,0
305454,29
305455,0
305456,0
305457,0
305458,17
305459,0
305460,34
305461,0
305462,0
305463,0
305464,37
305465,0
305466,0
305467,0
305468,0
305469,0
305470,35
305471,0
305472,37
305473,0
305474,41
305475,0
305476,0
305477,0
305478,0
305479,38
305480,0
305481,0
305482,0
305483,0
305484,26
305485,0
305486,0
305487,0
305488,0
305489,0
305490,57
305491,0
305492,0
305493,0
305494,36
305495,18
305496,0
305497,0
305498,0
305499,0
305500,0
305501,0
305502,40
305503,0
305504,51
305505,42
305506,0
305507,23
305508,0
305509,0
305510,0
305511,0
305512,0
305513,42
305514,0
305515,0
305516,0
305517,0
305518,0
305519,35
305520,25
305521,0
305522,0
305523,0
305524,0
305525,35
305526,0
305527,0
305528,0
305529,0
305530,38
305531,0
305532,0
305533,0
305534,30
305535,25
305536,0
305537,34
305538,0
305539,0
305540,0
305541,0
305542,27
305543,0
305544,0
305545,0
305546,0
305547,0
305548,0
305549,45
305550,32
305551,0
305552,0
305553,0
305554,0
305555,25
305556,0
305557,43
305558,0
305559,36
305560,0
305561,0
305562,0
305563,0
305564,0
305565,32
305566,0
305567,0
305568,0
305569,0
305570,0
305571,0
305572,0
305573,0
305574,0
305575,0
305576,0
305577,0
305578,0
305579,0
305580,0
305581,0
305582,0
305583,0
305584,0
305585,0
305586,0
305587,0
305588,0
305589,34
305590,0
305591,0
305592,0
305593,0
305594,0
305595,0
305596,0
305597,0
305598,41
305599,25
305600,0
305601,0
305602,37
305603,0
305604,0
305605,0
305606,0
305607,0
305608,0
305609,45
305610,46
305611,0
305612,0
305613,0
305614,0
305615,0
305616,35
305617,0
305618,0
305619,0
305620,0
305621,0
305622,33
305623,0
305624,0
305625,0
305626,0
305627,28
305628,0
305629,0
305630,0
305631,0
305632,0
305633,0
305634,34
305635,0
305636,0
305637,23
305638,0
305639,36
305640,30
305641,22
305642,0
305643,0
305644,0
305645,0
305646,42
305647,0
305648,0
305649,0
305650,0
305651,0
305652,0
305653,0
305654,29
305655,0
305656,0
305657,0
305658,0
305659,0
305660,26
305661,0
305662,0
305663,0
305664,0
305665,45
305666,34
305667,0
305668,39
305669,0
305670,35
305671,0
305672,38
305673,0
305674,0
305675,0
305676,0
305677,37
305678,0
305679,0
305680,0
305681,0
305682,0
305683,0
305684,44
305685,0
305686,0
305687,0
305688,0
305689,30
305690,0
305691,0
305692,0
305693,0
305694,48
305695,0
305696,0
305697,0
305698,49
305699,0
305700,0
305701,34
305702,0
305703,40
305704,0
305705,0
305706,27
305707,0
305708,0
305709,0
305710,0
305711,0
305712,0
305713,38
305714,0
305715,0
305716,0
305717,35
305718,39
305719,0
305720,0
305721,27
305722,0
305723,0
305724,0
305725,28
305726,0
305727,0
305728,0
305729,0
305730,0
305731,43
305732,0
305733,28
305734,0
305735,0
305736,0
305737,42
305738,0
305739,0
305740,0
305741,37
305742,0
305743,0
305744,25
305745,35
305746,0
305747,29
305748,0
305749,60
305750,0
305751,0
305752,30
305753,38
305754,0
305755,0
305756,0
305757,32
305758,0
305759,0
305760,0
305761,33
305762,0
305763,0
305764,39
305765,0
305766,0
305767,0
305768,0
305769,0
305770,0
305771,0
305772,0
305773,24
305774,0
305775,0
305776,0
305777,0
305778,25
305779,0
305780,0
305781,0
305782,0
305783,0
305784,0
305785,35
305786,0
305787,0
305788,40
305789,0
305790,0
305791,0
305792,0
305793,0
305794,37
305795,30
305796,33
305797,0
305798,0
305799,26
305800,0
305801,0
305802,0
305803,36
305804,0
305805,30
305806,0
305807,0
305808,0
305809,39
305810,38
305811,48
305812,0
305813,0
305814,30
305815,0
305816,0
305817,0
305818,0
305819,0
305820,0
305821,31
305822,0
305823,0
305824,0
305825,0
305826,0
305827,34
305828,0
305829,0
305830,0
305831,0
305832,40
305833,0
305834,28
305835,0
305836,0
305837,0
305838,0
305839,29
305840,0
305841,35
305842,0
305843,0
305844,0
305845,0
305846,0
305847,0
305848,32
305849,0
305850,0
305851,31
305852,0
305853,0
305854,34
305855,0
305856,0
305857,40
305858,0
305859,0
305860,0
305861,0
305862,0
305863,38
305864,0
305865,0
305866,37
305867,0
305868,0
305869,0
305870,0
305871,0
305872,0
305873,0
305874,0
305875,0
305876,0
305877,0
305878,0
305879,25
305880,0
305881,0
305882,0
305883,0
305884,31
305885,0
305886,0
305887,50
305888,0
305889,0
305890,0
305891,0
305892,0
305893,0
305894,27
305895,0
305896,0
305897,0
305898,0
305899,0
305900,0
305901,0
305902,36
305903,0
305904,0
305905,0
305906,0
305907,0
305908,35
305909,0
305910,0
305911,34
305912,33
305913,0
305914,0
305915,0
305916,0
305917,0
305918,0
305919,23
305920,0
305921,0
305922,0
305923,0
305924,0
305925,37
305926,0
305927,0
305928,0
305929,0
305930,0
305931,0
305932,34
305933,0
305934,29
305935,38
305936,0
305937,0
305938,0
305939,33
305940,0
305941,0
305942,0
305943,0
305944,0
305945,31
305946,0
305947,27
305948,39
305949,0
305950,23
305951,0
305952,0
305953,0
305954,0
305955,39
305956,0
305957,0
305958,0
305959,0
305960,0
305961,0
305962,28
305963,0
305964,28
305965,0
305966,0
305967,26
305968,0
305969,0
305970,0
305971,0
305972,29
305973,0
305974,0
305975,34
305976,0
305977,34
305978,40
305979,0
305980,0
305981,0
305982,0
305983,0
305984,39
305985,0
305986,0
305987,0
305988,0
305989,27
305990,0
305991,0
305992,39
305993,46
305994,0
305995,0
305996,42
305997,0
305998,0
305999,0
306000,0
306001,0
306002,0
306003,35
306004,0
306005,40
306006,39
306007,0
306008,0
306009,0
306010,0
306011,0
306012,0
306013,0
306014,0
306015,0
306016,0
306017,0
306018,35
306019,0
306020,0
306021,0
306022,49
306023,0
306024,0
306025,0
306026,0
306027,0
306028,0
306029,0
306030,0
306031,0
306032,0
306033,0
306034,38
306035,0
306036,0
306037,34
306038,0
306039,52
306040,0
306041,0
306042,0
306043,0
306044,0
306045,0
306046,33
306047,0
306048,0
306049,28
306050,0
306051,0
306052,0
306053,0
306054,0
306055,0
306056,0
306057,0
306058,38
306059,30
306060,47
306061,0
306062,0
306063,0
306064,29
306065,28
306066,0
306067,0
306068,0
306069,0
306070,0
306071,0
306072,32
306073,33
306074,0
306075,33
306076,0
306077,52
306078,0
306079,45
306080,29
306081,0
306082,0
306083,50
306084,0
306085,41
306086,0
306087,0
306088,0
306089,0
306090,0
306091,0
306092,38
306093,26
306094,0
306095,0
306096,0
306097,21
306098,21
306099,0
306100,49
306101,34
306102,0
306103,0
306104,33
306105,0
306106,0
306107,0
306108,0
306109,0
306110,35
306111,0
306112,0
306113,0
306114,0
306115,43
306116,0
306117,0
306118,0
306119,0
306120,0
306121,0
306122,0
306123,0
306124,0
306125,0
306126,38
306127,41
306128,0
306129,44
306130,0
306131,0
306132,23
306133,0
306134,33
306135,0
306136,0
306137,0
306138,0
306139,0
306140,0
306141,0
306142,23
306143,0
306144,56
306145,0
306146,24
306147,0
306148,0
306149,43
306150,0
306151,0
306152,27
306153,0
306154,0
306155,0
306156,0
306157,31
306158,0
306159,0
306160,0
306161,0
306162,0
306163,0
306164,0
306165,0
306166,0
306167,0
306168,0
306169,0
306170,25
306171,30
306172,0
306173,0
306174,0
306175,38
306176,0
306177,43
306178,26
306179,37
306180,0
306181,0
306182,36
306183,0
306184,0
306185,0
306186,0
306187,31
306188,0
306189,0
306190,0
306191,47
306192,0
306193,0
306194,0
306195,0
306196,0
306197,0
306198,0
306199,0
306200,0
306201,0
306202,0
306203,0
306204,0
306205,0
306206,0
306207,58
306208,0
306209,0
306210,0
306211,0
306212,0
306213,0
306214,0
306215,0
306216,0
306217,0
306218,0
306219,0
306220,0
306221,0
306222,0
306223,0
306224,0
306225,0
306226,0
306227,0
306228,0
306229,0
306230,0
306231,0
306232,0
306233,0
306234,0
306235,0
306236,0
306237,0
306238,39
306239,0
306240,0
306241,42
306242,0
306243,35
306244,0
306245,0
306246,0
306247,0
306248,0
306249,0
306250,0
306251,0
306252,0
306253,0
306254,0
306255,0
306256,0
306257,0
306258,0
306259,0
306260,0
306261,0
306262,0
306263,0
306264,46
306265,0
306266,0
306267,0
306268,0
306269,0
306270,0
306271,0
306272,0
306273,0
306274,0
306275,0
306276,0
306277,42
306278,0
306279,0
306280,0
306281,0
306282,0
306283,0
306284,0
306285,0
306286,0
306287,0
306288,0
306289,0
306290,0
306291,0
306292,0
306293,0
306294,0
306295,0
306296,0
306297,0
306298,0
306299,0
306300,34
306301,0
306302,0
306303,0
306304,0
306305,0
306306,0
306307,0
306308,0
306309,0
306310,0
306311,0
306312,0
306313,0
306314,0
306315,0
306316,0
306317,0
306318,0
306319,0
306320,0
306321,0
306322,0
306323,0
306324,0
306325,0
306326,0
306327,0
306328,0
306329,0
306330,0
306331,0
306332,0
306333,0
306334,0
306335,0
306336,0
306337,0
306338,0
306339,0
306340,0
306341,0
306342,0
306343,51
306344,0
306345,0
306346,0
306347,0
306348,0
306349,0
306350,0
306351,0
306352,0
306353,0
306354,0
306355,0
306356,0
306357,0
306358,0
306359,0
306360,0
306361,0
306362,0
306363,0
306364,0
306365,0
306366,0
306367,0
306368,0
306369,0
306370,0
306371,28
306372,0
306373,0
306374,0
306375,0
306376,0
306377,0
306378,0
306379,0
306380,0
306381,0
306382,0
306383,0
306384,0
306385,0
306386,0
306387,0
306388,0
306389,0
306390,41
306391,0
306392,29
306393,0
306394,0
306395,0
306396,0
306397,0
306398,0
306399,0
306400,0
306401,0
306402,0
306403,0
306404,0
306405,0
306406,0
306407,0
306408,0
306409,0
306410,0
306411,0
306412,0
306413,0
306414,0
306415,0
306416,0
306417,0
306418,0
306419,0
306420,0
306421,0
306422,0
306423,0
306424,0
306425,0
306426,0
306427,0
306428,0
306429,0
306430,0
306431,44
306432,0
306433,0
306434,0
306435,0
306436,0
306437,0
306438,0
306439,0
306440,0
306441,0
306442,0
306443,0
306444,0
306445,0
306446,0
306447,0
306448,0
306449,0
306450,0
306451,0
306452,0
306453,0
306454,0
306455,0
306456,0
306457,0
306458,0
306459,0
306460,0
306461,0
306462,0
306463,0
306464,0
306465,0
306466,0
306467,0
306468,0
306469,0
306470,0
306471,0
306472,0
306473,0
306474,0
306475,0
306476,0
306477,0
306478,0
306479,0
306480,26
306481,0
306482,0
306483,0
306484,0
306485,0
306486,0
306487,43
306488,0
306489,0
306490,0
306491,0
306492,0
306493,0
306494,0
306495,47
306496,0
306497,0
306498,0
306499,0
306500,0
306501,0
306502,44
306503,0
306504,0
306505,0
306506,0
306507,0
306508,0
306509,33
306510,0
306511,0
306512,0
306513,0
306514,0
306515,0
306516,0
306517,0
306518,0
306519,0
306520,0
306521,0
306522,0
306523,0
306524,0
306525,0
306526,0
306527,0
306528,0
306529,0
306530,0
306531,0
306532,0
306533,0
306534,0
306535,0
306536,48
306537,0
306538,0
306539,0
306540,0
306541,0
306542,0
306543,0
306544,0
306545,0
306546,0
306547,0
306548,0
306549,0
306550,0
306551,0
306552,0
306553,0
306554,0
306555,0
306556,0
306557,0
306558,0
306559,0
306560,0
306561,0
306562,0
306563,0
306564,0
306565,0
306566,0
306567,0
306568,0
306569,34
306570,0
306571,0
306572,0
306573,0
306574,0
306575,0
306576,0
306577,0
306578,0
306579,0
306580,0
306581,0
306582,0
306583,0
306584,0
306585,0
306586,0
306587,33
306588,0
306589,0
306590,0
306591,0
306592,0
306593,0
306594,0
306595,0
306596,35
306597,0
306598,0
306599,0
306600,0
306601,23
306602,0
306603,0
306604,0
306605,0
306606,0
306607,0
306608,0
306609,0
306610,0
306611,0
306612,0
306613,28
306614,0
306615,0
306616,0
306617,0
306618,0
306619,0
306620,0
306621,0
306622,0
306623,0
306624,0
306625,0
306626,0
306627,0
306628,0
306629,0
306630,0
306631,0
306632,0
306633,0
306634,0
306635,0
306636,0
306637,0
306638,0
306639,0
306640,0
306641,0
306642,0
306643,0
306644,0
306645,0
306646,0
306647,0
306648,0
306649,0
306650,0
306651,0
306652,0
306653,0
306654,0
306655,0
306656,0
306657,0
306658,0
306659,0
306660,0
306661,0
306662,0
306663,0
306664,0
306665,37
306666,0
306667,0
306668,0
306669,0
306670,0
306671,29
306672,0
306673,0
306674,36
306675,0
306676,0
306677,0
306678,0
306679,0
306680,0
306681,0
306682,0
306683,0
306684,0
306685,0
306686,0
306687,0
306688,55
306689,0
306690,0
306691,0
306692,0
306693,0
306694,0
306695,45
306696,0
306697,0
306698,0
306699,0
306700,0
306701,0
306702,0
306703,0
306704,0
306705,0
306706,0
306707,0
306708,0
306709,0
306710,0
306711,0
306712,0
306713,0
306714,0
306715,0
306716,0
306717,0
306718,0
306719,0
306720,0
306721,0
306722,0
306723,0
306724,0
306725,0
306726,0
306727,23
306728,0
306729,0
306730,0
306731,0
306732,0
306733,0
306734,0
306735,0
306736,0
306737,0
306738,0
306739,0
306740,0
306741,0
306742,0
306743,0
306744,0
306745,0
306746,0
306747,0
306748,0
306749,0
306750,0
306751,38
306752,0
306753,0
306754,0
306755,0
306756,0
306757,32
306758,0
306759,0
306760,0
306761,0
306762,0
306763,40
306764,0
306765,0
306766,0
306767,0
306768,0
306769,0
306770,0
306771,0
306772,0
306773,0
306774,0
306775,0
306776,0
306777,0
306778,0
306779,0
306780,0
306781,0
306782,34
306783,0
306784,0
306785,0
306786,0
306787,0
306788,0
306789,0
306790,0
306791,0
306792,0
306793,0
306794,0
306795,0
306796,0
306797,0
306798,0
306799,0
306800,0
306801,0
306802,24
306803,0
306804,0
306805,0
306806,0
306807,0
306808,0
306809,0
306810,34
306811,0
306812,0
306813,0
306814,0
306815,0
306816,0
306817,0
306818,0
306819,0
306820,0
306821,0
306822,0
306823,0
306824,0
306825,0
306826,0
306827,0
306828,0
306829,0
306830,30
306831,0
306832,0
306833,0
306834,0
306835,0
306836,0
306837,0
306838,0
306839,0
306840,0
306841,0
306842,0
306843,0
306844,0
306845,0
306846,0
306847,0
306848,0
306849,0
306850,0
306851,0
306852,0
306853,21
306854,0
306855,0
306856,0
306857,0
306858,0
306859,0
306860,0
306861,0
306862,0
306863,0
306864,18
306865,0
306866,0
306867,0
306868,0
306869,0
306870,0
306871,0
306872,0
306873,0
306874,22
306875,0
306876,20
306877,0
306878,0
306879,0
306880,0
306881,0
306882,0
306883,0
306884,0
306885,0
306886,0
306887,0
306888,0
306889,0
306890,0
306891,30
306892,0
306893,0
306894,0
306895,0
306896,16
306897,0
306898,0
306899,0
306900,0
306901,0
306902,0
306903,0
306904,0
306905,0
306906,0
306907,0
306908,0
306909,0
306910,0
306911,0
306912,0
306913,0
306914,0
306915,0
306916,0
306917,0
306918,0
306919,0
306920,0
306921,21
306922,0
306923,0
306924,0
306925,0
306926,0
306927,12
306928,0
306929,0
306930,0
306931,0
306932,25
306933,0
306934,0
306935,0
306936,0
306937,0
306938,0
306939,0
306940,0
306941,0
306942,0
306943,0
306944,0
306945,0
306946,0
306947,0
306948,0
306949,0
306950,0
306951,0
306952,0
306953,0
306954,0
306955,0
306956,0
306957,0
306958,23
306959,0
306960,0
306961,0
306962,0
306963,0
306964,0
306965,0
306966,0
306967,20
306968,0
306969,0
306970,0
306971,0
306972,0
306973,0
306974,0
306975,23
306976,0
306977,0
306978,0
306979,0
306980,0
306981,0
306982,19
306983,0
306984,0
306985,0
306986,0
306987,0
306988,0
306989,0
306990,0
306991,0
306992,25
306993,18
306994,0
306995,0
306996,0
306997,0
306998,0
306999,0
307000,0
307001,0
307002,0
307003,0
307004,0
307005,0
307006,24
307007,0
307008,0
307009,0
307010,0
307011,0
307012,0
307013,0
307014,0
307015,0
307016,16
307017,0
307018,0
307019,20
307020,42
307021,0
307022,0
307023,0
307024,0
307025,20
307026,0
307027,0
307028,0
307029,0
307030,0
307031,0
307032,0
307033,0
307034,0
307035,29
307036,0
307037,0
307038,0
307039,0
307040,30
307041,0
307042,0
307043,0
307044,25
307045,0
307046,0
307047,0
307048,0
307049,25
307050,0
307051,0
307052,0
307053,41
307054,0
307055,0
307056,33
307057,0
307058,0
307059,47
307060,29
307061,0
307062,0
307063,0
307064,0
307065,0
307066,0
307067,33
307068,37
307069,0
307070,35
307071,24
307072,39
307073,23
307074,0
307075,0
307076,41
307077,0
307078,33
307079,0
307080,31
307081,0
307082,0
307083,26
307084,0
307085,0
307086,21
307087,45
307088,0
307089,32
307090,0
307091,32
307092,0
307093,0
307094,0
307095,29
307096,26
307097,0
307098,0
307099,29
307100,0
307101,0
307102,0
307103,39
307104,0
307105,24
307106,0
307107,0
307108,0
307109,0
307110,0
307111,0
307112,40
307113,0
307114,16
307115,0
307116,0
307117,0
307118,29
307119,0
307120,34
307121,0
307122,26
307123,0
307124,0
307125,0
307126,0
307127,0
307128,0
307129,0
307130,0
307131,31
307132,40
307133,0
307134,30
307135,32
307136,0
307137,0
307138,0
307139,0
307140,0
307141,0
307142,36
307143,44
307144,33
307145,20
307146,29
307147,0
307148,0
307149,29
307150,40
307151,0
307152,34
307153,0
307154,0
307155,25
307156,0
307157,33
307158,0
307159,0
307160,37
307161,0
307162,27
307163,0
307164,0
307165,0
307166,0
307167,0
307168,0
307169,0
307170,0
307171,0
307172,37
307173,0
307174,0
307175,0
307176,36
307177,0
307178,42
307179,34
307180,26
307181,0
307182,0
307183,0
307184,38
307185,0
307186,0
307187,0
307188,0
307189,0
307190,0
307191,0
307192,0
307193,0
307194,0
307195,0
307196,0
307197,0
307198,0
307199,0
307200,0
307201,28
307202,30
307203,0
307204,0
307205,24
307206,0
307207,0
307208,31
307209,0
307210,0
307211,0
307212,0
307213,25
307214,20
307215,25
307216,0
307217,0
307218,29
307219,0
307220,0
307221,0
307222,0
307223,35
307224,28
307225,0
307226,21
307227,36
307228,0
307229,0
307230,0
307231,0
307232,0
307233,0
307234,0
307235,0
307236,0
307237,0
307238,0
307239,0
307240,0
307241,0
307242,0
307243,0
307244,0
307245,0
307246,0
307247,0
307248,29
307249,0
307250,0
307251,0
307252,0
307253,0
307254,0
307255,0
307256,51
307257,0
307258,0
307259,0
307260,0
307261,0
307262,42
307263,41
307264,0
307265,30
307266,0
307267,0
307268,0
307269,0
307270,30
307271,0
307272,51
307273,0
307274,33
307275,0
307276,33
307277,0
307278,0
307279,0
307280,0
307281,0
307282,36
307283,33
307284,0
307285,0
307286,0
307287,0
307288,0
307289,0
307290,0
307291,0
307292,0
307293,42
307294,0
307295,0
307296,0
307297,0
307298,0
307299,0
307300,24
307301,0
307302,0
307303,0
307304,0
307305,0
307306,0
307307,45
307308,0
307309,0
307310,38
307311,0
307312,0
307313,0
307314,0
307315,0
307316,58
307317,0
307318,0
307319,0
307320,0
307321,0
307322,0
307323,0
307324,44
307325,0
307326,0
307327,0
307328,0
307329,0
307330,0
307331,0
307332,0
307333,0
307334,23
307335,0
307336,0
307337,0
307338,0
307339,0
307340,0
307341,0
307342,21
307343,40
307344,0
307345,0
307346,0
307347,0
307348,0
307349,0
307350,0
307351,0
307352,0
307353,0
307354,0
307355,27
307356,0
307357,0
307358,52
307359,0
307360,0
307361,36
307362,0
307363,0
307364,32
307365,0
307366,0
307367,27
307368,0
307369,0
307370,51
307371,0
307372,36
307373,0
307374,24
307375,27
307376,39
307377,25
307378,0
307379,0
307380,0
307381,0
307382,0
307383,0
307384,0
307385,0
307386,0
307387,0
307388,0
307389,57
307390,0
307391,0
307392,0
307393,0
307394,0
307395,0
307396,0
307397,0
307398,0
307399,0
307400,0
307401,0
307402,0
307403,37
307404,0
307405,29
307406,0
307407,0
307408,0
307409,0
307410,0
307411,0
307412,0
307413,0
307414,0
307415,0
307416,0
307417,0
307418,0
307419,0
307420,60
307421,0
307422,0
307423,39
307424,32
307425,0
307426,0
307427,0
307428,0
307429,0
307430,0
307431,46
307432,0
307433,0
307434,0
307435,0
307436,18
307437,0
307438,0
307439,0
307440,0
307441,0
307442,0
307443,0
307444,0
307445,0
307446,0
307447,46
307448,0
307449,0
307450,22
307451,43
307452,0
307453,33
307454,30
307455,0
307456,0
307457,41
307458,28
307459,0
307460,0
307461,50
307462,0
307463,0
307464,23
307465,46
307466,32
307467,0
307468,0
307469,0
307470,43
307471,0
307472,37
307473,0
307474,25
307475,32
307476,0
307477,0
307478,34
307479,0
307480,0
307481,0
307482,0
307483,0
307484,31
307485,0
307486,29
307487,0
307488,0
307489,0
307490,0
307491,0
307492,64
307493,0
307494,55
307495,0
307496,0
307497,0
307498,0
307499,61
307500,0
307501,27
307502,0
307503,0
307504,38
307505,0
307506,0
307507,0
307508,0
307509,0
307510,0
307511,32
307512,0
307513,0
307514,0
307515,17
307516,0
307517,36
307518,0
307519,0
307520,40
307521,0
307522,0
307523,0
307524,37
307525,0
307526,0
307527,0
307528,0
307529,35
307530,56
307531,33
307532,0
307533,0
307534,0
307535,0
307536,0
307537,0
307538,0
307539,0
307540,0
307541,0
307542,0
307543,0
307544,0
307545,0
307546,46
307547,0
307548,0
307549,0
307550,0
307551,42
307552,0
307553,0
307554,0
307555,0
307556,0
307557,39
307558,0
307559,0
307560,39
307561,22
307562,0
307563,0
307564,48
307565,0
307566,0
307567,0
307568,0
307569,0
307570,0
307571,18
307572,0
307573,0
307574,0
307575,0
307576,0
307577,0
307578,0
307579,0
307580,0
307581,0
307582,34
307583,0
307584,31
307585,0
307586,0
307587,0
307588,0
307589,0
307590,0
307591,0
307592,43
307593,0
307594,0
307595,0
307596,0
307597,0
307598,0
307599,0
307600,0
307601,0
307602,0
307603,0
307604,0
307605,0
307606,0
307607,0
307608,0
307609,41
307610,0
307611,54
307612,60
307613,0
307614,0
307615,0
307616,0
307617,0
307618,0
307619,0
307620,0
307621,0
307622,0
307623,0
307624,0
307625,0
307626,0
307627,0
307628,28
307629,42
307630,33
307631,0
307632,36
307633,0
307634,41
307635,0
307636,0
307637,0
307638,0
307639,36
307640,40
307641,48
307642,0
307643,0
307644,0
307645,0
307646,0
307647,0
307648,0
307649,30
307650,0
307651,0
307652,0
307653,0
307654,0
307655,34
307656,0
307657,0
307658,21
307659,0
307660,0
307661,0
307662,0
307663,0
307664,0
307665,0
307666,0
307667,0
307668,0
307669,61
307670,0
307671,0
307672,0
307673,37
307674,0
307675,0
307676,0
307677,0
307678,0
307679,0
307680,0
307681,0
307682,0
307683,0
307684,0
307685,0
307686,0
307687,0
307688,0
307689,0
307690,0
307691,0
307692,0
307693,0
307694,20
307695,0
307696,0
307697,0
307698,0
307699,0
307700,0
307701,39
307702,34
307703,31
307704,0
307705,0
307706,0
307707,0
307708,0
307709,0
307710,29
307711,0
307712,0
307713,0
307714,41
307715,0
307716,45
307717,0
307718,21
307719,0
307720,0
307721,0
307722,30
307723,0
307724,35
307725,0
307726,0
307727,0
307728,0
307729,0
307730,0
307731,0
307732,0
307733,0
307734,0
307735,0
307736,0
307737,0
307738,0
307739,54
307740,0
307741,0
307742,0
307743,0
307744,39
307745,29
307746,0
307747,0
307748,0
307749,41
307750,0
307751,0
307752,0
307753,0
307754,0
307755,33
307756,0
307757,27
307758,0
307759,0
307760,57
307761,0
307762,0
307763,0
307764,0
307765,0
307766,39
307767,0
307768,0
307769,0
307770,0
307771,0
307772,0
307773,0
307774,0
307775,0
307776,0
307777,0
307778,36
307779,0
307780,0
307781,0
307782,0
307783,35
307784,32
307785,37
307786,0
307787,0
307788,0
307789,0
307790,0
307791,0
307792,0
307793,0
307794,0
307795,0
307796,26
307797,0
307798,0
307799,0
307800,0
307801,0
307802,0
307803,0
307804,35
307805,0
307806,0
307807,0
307808,0
307809,0
307810,38
307811,0
307812,0
307813,0
307814,0
307815,0
307816,17
307817,0
307818,0
307819,0
307820,0
307821,0
307822,0
307823,0
307824,0
307825,0
307826,0
307827,0
307828,0
307829,0
307830,0
307831,0
307832,0
307833,1
307834,0
307835,0
307836,0
307837,0
307838,0
307839,0
307840,0
307841,0
307842,0
307843,0
307844,0
307845,0
307846,0
307847,0
307848,0
307849,0
307850,0
307851,0
307852,0
307853,0
307854,1
307855,0
307856,0
307857,0
307858,0
307859,0
307860,0
307861,0
307862,0
307863,0
307864,0
307865,0
307866,0
307867,0
307868,0
307869,0
307870,0
307871,0
307872,0
307873,0
307874,0
307875,0
307876,0
307877,0
307878,0
307879,0
307880,0
307881,0
307882,0
307883,0
307884,0
307885,0
307886,0
307887,0
307888,0
307889,0
307890,0
307891,0
307892,0
307893,0
307894,0
307895,0
307896,0
307897,0
307898,0
307899,0
307900,0
307901,0
307902,0
307903,0
307904,0
307905,0
307906,0
307907,0
307908,0
307909,0
307910,0
307911,0
307912,0
307913,0
307914,0
307915,0
307916,0
307917,0
307918,0
307919,0
307920,0
307921,0
307922,0
307923,0
307924,0
307925,0
307926,0
307927,0
307928,0
307929,0
307930,0
307931,0
307932,0
307933,0
307934,0
307935,0
307936,0
307937,0
307938,0
307939,0
307940,0
307941,0
307942,0
307943,0
307944,0
307945,0
307946,0
307947,0
307948,0
307949,0
307950,0
307951,0
307952,0
307953,0
307954,0
307955,0
307956,0
307957,0
307958,0
307959,0
307960,0
307961,0
307962,0
307963,0
307964,0
307965,0
307966,0
307967,0
307968,0
307969,0
307970,0
307971,0
307972,0
307973,0
307974,0
307975,0
307976,0
307977,0
307978,0
307979,0
307980,0
307981,0
307982,0
307983,0
307984,0
307985,0
307986,0
307987,0
307988,0
307989,0
307990,0
307991,0
307992,0
307993,0
307994,0
307995,0
307996,0
307997,0
307998,0
307999,0
308000,0
308001,0
308002,0
308003,0
308004,0
308005,0
308006,0
308007,0
308008,0
308009,0
308010,0
308011,0
308012,0
308013,0
308014,0
308015,0
308016,0
308017,0
308018,0
308019,0
308020,0
308021,0
308022,0
308023,0
308024,0
308025,0
308026,0
308027,0
308028,0
308029,0
308030,0
308031,0
308032,0
308033,0
308034,0
308035,0
308036,0
308037,0
308038,0
308039,0
308040,0
308041,0
308042,0
308043,0
308044,0
308045,0
308046,0
308047,0
308048,0
308049,0
308050,0
308051,0
308052,0
308053,0
308054,0
308055,0
308056,0
308057,0
308058,0
308059,0
308060,0
308061,0
308062,0
308063,0
308064,0
308065,0
308066,0
308067,0
308068,0
308069,0
308070,0
308071,0
308072,0
308073,0
308074,0
308075,0
308076,0
308077,0
308078,0
308079,0
308080,0
308081,0
308082,0
308083,0
308084,0
308085,0
308086,0
308087,0
308088,0
308089,0
308090,0
308091,0
308092,0
308093,0
308094,0
308095,0
308096,0
308097,0
308098,0
308099,0
308100,0
308101,0
308102,0
308103,0
308104,0
308105,0
308106,0
308107,0
308108,0
308109,0
308110,0
308111,0
308112,0
308113,0
308114,0
308115,0
308116,0
308117,0
308118,0
308119,0
308120,0
308121,0
308122,0
308123,0
308124,0
308125,0
308126,0
308127,0
308128,0
308129,0
308130,0
308131,0
308132,0
308133,0
308134,0
308135,0
308136,0
308137,0
308138,0
308139,0
308140,0
308141,0
308142,0
308143,0
308144,0
308145,0
308146,0
308147,0
308148,0
308149,0
308150,0
308151,0
308152,0
308153,0
308154,0
308155,0
308156,0
308157,0
308158,0
308159,0
308160,0
308161,0
308162,0
308163,0
308164,0
308165,0
308166,0
308167,0
308168,0
308169,0
308170,0
308171,0
308172,0
308173,0
308174,0
308175,0
308176,0
308177,0
308178,0
308179,0
308180,0
308181,0
308182,0
308183,0
308184,0
308185,24
308186,31
308187,26
308188,36
308189,0
308190,0
308191,0
308192,0
308193,0
308194,0
308195,0
308196,0
308197,28
308198,0
308199,0
308200,0
308201,0
308202,0
308203,0
308204,0
308205,0
308206,0
308207,0
308208,0
308209,0
308210,0
308211,0
308212,0
308213,0
308214,0
308215,0
308216,0
308217,0
308218,0
308219,0
308220,0
308221,0
308222,0
308223,0
308224,0
308225,0
308226,0
308227,24
308228,0
308229,0
308230,0
308231,0
308232,0
308233,0
308234,0
308235,0
308236,0
308237,0
308238,0
308239,0
308240,0
308241,0
308242,0
308243,0
308244,0
308245,0
308246,0
308247,0
308248,0
308249,0
308250,0
308251,0
308252,0
308253,0
308254,0
308255,30
308256,0
308257,0
308258,0
308259,0
308260,0
308261,0
308262,0
308263,0
308264,0
308265,0
308266,0
308267,0
308268,0
308269,0
308270,31
308271,0
308272,0
308273,0
308274,0
308275,0
308276,0
308277,0
308278,41
308279,0
308280,0
308281,0
308282,27
308283,0
308284,0
308285,0
308286,0
308287,0
308288,30
308289,0
308290,0
308291,0
308292,0
308293,0
308294,0
308295,0
308296,0
308297,0
308298,0
308299,0
308300,0
308301,0
308302,0
308303,0
308304,0
308305,0
308306,0
308307,30
308308,0
308309,0
308310,44
308311,0
308312,34
308313,0
308314,0
308315,0
308316,0
308317,0
308318,27
308319,0
308320,0
308321,0
308322,0
308323,0
308324,0
308325,0
308326,0
308327,0
308328,0
308329,0
308330,0
308331,0
308332,0
308333,0
308334,28
308335,0
308336,0
308337,0
308338,0
308339,0
308340,0
308341,0
308342,0
308343,0
308344,0
308345,0
308346,0
308347,0
308348,25
308349,0
308350,0
308351,0
308352,0
308353,21
308354,0
308355,30
308356,0
308357,0
308358,0
308359,0
308360,0
308361,0
308362,0
308363,0
308364,0
308365,0
308366,0
308367,0
308368,0
308369,0
308370,0
308371,32
308372,0
308373,0
308374,0
308375,0
308376,0
308377,0
308378,0
308379,28
308380,33
308381,0
308382,0
308383,0
308384,0
308385,0
308386,0
308387,0
308388,0
308389,0
308390,0
308391,0
308392,0
308393,0
308394,27
308395,37
308396,0
308397,0
308398,0
308399,0
308400,0
308401,25
308402,0
308403,0
308404,0
308405,0
308406,0
308407,0
308408,0
308409,0
308410,0
308411,19
308412,0
308413,0
308414,0
308415,0
308416,0
308417,24
308418,0
308419,0
308420,0
308421,0
308422,0
308423,0
308424,28
308425,0
308426,0
308427,0
308428,0
308429,0
308430,34
308431,0
308432,0
308433,0
308434,0
308435,0
308436,0
308437,0
308438,22
308439,0
308440,0
308441,0
308442,0
308443,0
308444,0
308445,0
308446,26
308447,0
308448,0
308449,0
308450,21
308451,0
308452,0
308453,15
308454,0
308455,0
308456,0
308457,0
308458,0
308459,0
308460,0
308461,0
308462,0
308463,31
308464,0
308465,0
308466,0
308467,0
308468,0
308469,25
308470,0
308471,0
308472,0
308473,22
308474,0
308475,0
308476,0
308477,32
308478,0
308479,0
308480,0
308481,0
308482,0
308483,0
308484,0
308485,0
308486,0
308487,0
308488,0
308489,0
308490,0
308491,0
308492,0
308493,0
308494,0
308495,0
308496,0
308497,0
308498,0
308499,0
308500,0
308501,26
308502,0
308503,0
308504,0
308505,0
308506,0
308507,0
308508,0
308509,26
308510,23
308511,0
308512,0
308513,0
308514,0
308515,0
308516,0
308517,0
308518,0
308519,0
308520,35
308521,0
308522,0
308523,0
308524,0
308525,0
308526,0
308527,0
308528,0
308529,0
308530,0
308531,28
308532,0
308533,0
308534,0
308535,0
308536,0
308537,0
308538,0
308539,0
308540,0
308541,0
308542,0
308543,0
308544,0
308545,0
308546,0
308547,18
308548,0
308549,0
308550,0
308551,0
308552,0
308553,0
308554,0
308555,0
308556,0
308557,0
308558,0
308559,0
308560,0
308561,0
308562,0
308563,0
308564,0
308565,0
308566,0
308567,0
308568,0
308569,0
308570,0
308571,0
308572,0
308573,0
308574,0
308575,0
308576,0
308577,0
308578,0
308579,0
308580,0
308581,0
308582,0
308583,0
308584,0
308585,0
308586,0
308587,0
308588,0
308589,0
308590,0
308591,0
308592,0
308593,0
308594,0
308595,0
308596,0
308597,0
308598,0
308599,0
308600,0
308601,0
308602,0
308603,0
308604,0
308605,0
308606,0
308607,0
308608,0
308609,0
308610,0
308611,0
308612,0
308613,0
308614,0
308615,0
308616,0
308617,0
308618,0
308619,0
308620,0
308621,0
308622,0
308623,0
308624,0
308625,0
308626,0
308627,0
308628,0
308629,0
308630,0
308631,0
308632,0
308633,0
308634,0
308635,0
308636,1
308637,0
308638,0
308639,0
308640,0
308641,0
308642,0
308643,0
308644,0
308645,0
308646,0
308647,0
308648,0
308649,0
308650,0
308651,0
308652,0
308653,0
308654,0
308655,0
308656,0
308657,0
308658,0
308659,0
308660,0
308661,0
308662,0
308663,0
308664,0
308665,0
308666,0
308667,0
308668,0
308669,0
308670,0
308671,0
308672,0
308673,0
308674,0
308675,0
308676,0
308677,0
308678,0
308679,0
308680,0
308681,0
308682,0
308683,0
308684,0
308685,0
308686,0
308687,0
308688,0
308689,0
308690,0
308691,0
308692,0
308693,0
308694,0
308695,0
308696,0
308697,0
308698,0
308699,0
308700,0
308701,0
308702,0
308703,0
308704,0
308705,0
308706,0
308707,0
308708,0
308709,0
308710,0
308711,0
308712,0
308713,0
308714,0
308715,0
308716,0
308717,0
308718,0
308719,0
308720,0
308721,0
308722,0
308723,0
308724,0
308725,0
308726,0
308727,0
308728,0
308729,0
308730,0
308731,0
308732,0
308733,0
308734,0
308735,0
308736,0
308737,0
308738,0
308739,0
308740,0
308741,0
308742,0
308743,0
308744,0
308745,0
308746,0
308747,0
308748,0
308749,0
308750,0
308751,0
308752,0
308753,0
308754,0
308755,0
308756,0
308757,0
308758,0
308759,0
308760,0
308761,0
308762,0
308763,0
308764,0
308765,0
308766,0
308767,0
308768,0
308769,0
308770,0
308771,0
308772,0
308773,0
308774,0
308775,0
308776,0
308777,0
308778,0
308779,0
308780,0
308781,0
308782,0
308783,0
308784,0
308785,0
308786,0
308787,0
308788,0
308789,0
308790,0
308791,0
308792,0
308793,0
308794,0
308795,0
308796,0
308797,0
308798,0
308799,0
308800,0
308801,0
308802,0
308803,0
308804,0
308805,0
308806,0
308807,0
308808,0
308809,0
308810,0
308811,0
308812,0
308813,0
308814,0
308815,0
308816,0
308817,0
308818,0
308819,0
308820,0
308821,0
308822,0
308823,0
308824,0
308825,0
308826,0
308827,0
308828,0
308829,0
308830,0
308831,0
308832,0
308833,0
308834,0
308835,0
308836,0
308837,0
308838,0
308839,0
308840,0
308841,0
308842,0
308843,0
308844,0
308845,0
308846,0
308847,0
308848,0
308849,0
308850,0
308851,0
308852,0
308853,0
308854,0
308855,0
308856,0
308857,0
308858,0
308859,0
308860,0
308861,0
308862,0
308863,0
308864,0
308865,0
308866,0
308867,0
308868,0
308869,0
308870,0
308871,0
308872,0
308873,0
308874,0
308875,0
308876,0
308877,0
308878,0
308879,0
308880,0
308881,0
308882,0
308883,0
308884,0
308885,0
308886,0
308887,0
308888,0
308889,0
308890,0
308891,0
308892,0
308893,0
308894,0
308895,0
308896,0
308897,0
308898,0
308899,0
308900,0
308901,0
308902,0
308903,0
308904,0
308905,0
308906,0
308907,0
308908,0
308909,0
308910,0
308911,0
308912,0
308913,0
308914,0
308915,0
308916,0
308917,0
308918,0
308919,0
308920,0
308921,0
308922,0
308923,0
308924,0
308925,0
308926,0
308927,0
308928,0
308929,0
308930,0
308931,0
308932,0
308933,0
308934,0
308935,0
308936,0
308937,0
308938,0
308939,0
308940,0
308941,0
308942,0
308943,0
308944,0
308945,0
308946,0
308947,0
308948,0
308949,0
308950,0
308951,0
308952,0
308953,0
308954,0
308955,0
308956,0
308957,0
308958,0
308959,0
308960,0
308961,0
308962,0
308963,0
308964,0
308965,0
308966,0
308967,0
308968,0
308969,0
308970,0
308971,0
308972,0
308973,0
308974,0
308975,0
308976,0
308977,0
308978,0
308979,0
308980,0
308981,0
308982,0
308983,0
308984,0
308985,0
308986,0
308987,0
308988,0
308989,0
308990,0
308991,0
308992,0
308993,0
308994,0
308995,0
308996,0
308997,0
308998,0
308999,0
309000,0
309001,0
309002,0
309003,0
309004,0
309005,0
309006,0
309007,0
309008,0
309009,0
309010,0
309011,0
309012,0
309013,0
309014,0
309015,0
309016,0
309017,0
309018,0
309019,0
309020,0
309021,0
309022,0
309023,0
309024,0
309025,0
309026,0
309027,0
309028,0
309029,0
309030,1
309031,0
309032,0
309033,0
309034,0
309035,0
309036,0
309037,0
309038,0
309039,0
309040,0
309041,0
309042,0
309043,0
309044,0
309045,0
309046,0
309047,0
309048,0
309049,0
309050,0
309051,0
309052,0
309053,0
309054,0
309055,0
309056,0
309057,0
309058,0
309059,0
309060,0
309061,0
309062,0
309063,0
309064,0
309065,0
309066,0
309067,0
309068,0
309069,0
309070,0
309071,0
309072,0
309073,0
309074,0
309075,0
309076,0
309077,0
309078,0
309079,0
309080,0
309081,0
309082,0
309083,0
309084,0
309085,0
309086,0
309087,0
309088,0
309089,0
309090,0
309091,0
309092,0
309093,0
309094,0
309095,0
309096,0
309097,0
309098,0
309099,0
309100,0
309101,0
309102,0
309103,0
309104,0
309105,0
309106,0
309107,0
309108,0
309109,0
309110,0
309111,0
309112,0
309113,0
309114,0
309115,0
309116,0
309117,0
309118,0
309119,0
309120,0
309121,0
309122,0
309123,0
309124,0
309125,0
309126,0
309127,0
309128,0
309129,0
309130,0
309131,0
309132,0
309133,0
309134,0
309135,0
309136,0
309137,0
309138,0
309139,0
309140,0
309141,0
309142,0
309143,0
309144,0
309145,0
309146,0
309147,0
309148,0
309149,0
309150,0
309151,0
309152,0
309153,0
309154,0
309155,0
309156,0
309157,0
309158,0
309159,0
309160,0
309161,0
309162,0
309163,0
309164,0
309165,0
309166,0
309167,0
309168,0
309169,0
309170,0
309171,0
309172,0
309173,0
309174,0
309175,0
309176,0
309177,0
309178,0
309179,0
309180,0
309181,0
309182,0
309183,0
309184,0
309185,0
309186,0
309187,0
309188,0
309189,0
309190,0
309191,0
309192,0
309193,0
309194,0
309195,0
309196,0
309197,0
309198,0
309199,0
309200,0
309201,0
309202,0
309203,0
309204,0
309205,0
309206,0
309207,0
309208,0
309209,0
309210,0
309211,0
309212,0
309213,0
309214,0
309215,0
309216,0
309217,0
309218,0
309219,0
309220,0
309221,0
309222,0
309223,0
309224,0
309225,0
309226,0
309227,0
309228,0
309229,0
309230,0
309231,0
309232,0
309233,0
309234,0
309235,0
309236,0
309237,0
309238,0
309239,0
309240,0
309241,0
309242,0
309243,0
309244,0
309245,0
309246,0
309247,0
309248,0
309249,0
309250,0
309251,0
309252,0
309253,0
309254,0
309255,0
309256,0
309257,0
309258,0
309259,0
309260,0
309261,0
309262,0
309263,0
309264,0
309265,0
309266,0
309267,0
309268,0
309269,0
309270,0
309271,0
309272,0
309273,0
309274,0
309275,0
309276,0
309277,0
309278,0
309279,0
309280,0
309281,0
309282,0
309283,0
309284,0
309285,0
309286,0
309287,0
309288,0
309289,0
309290,0
309291,0
309292,0
309293,0
309294,0
309295,0
309296,0
309297,0
309298,0
309299,0
309300,0
309301,0
309302,47
309303,0
309304,0
309305,19
309306,0
309307,0
309308,0
309309,0
309310,0
309311,30
309312,0
309313,0
309314,0
309315,34
309316,37
309317,0
309318,0
309319,0
309320,22
309321,0
309322,0
309323,31
309324,0
309325,0
309326,0
309327,0
309328,0
309329,0
309330,0
309331,27
309332,0
309333,29
309334,26
309335,0
309336,0
309337,36
309338,59
309339,0
309340,0
309341,0
309342,0
309343,0
309344,0
309345,0
309346,46
309347,27
309348,36
309349,0
309350,0
309351,44
309352,39
309353,0
309354,0
309355,0
309356,0
309357,13
309358,0
309359,28
309360,23
309361,0
309362,0
309363,0
309364,33
309365,0
309366,0
309367,0
309368,0
309369,0
309370,0
309371,0
309372,0
309373,0
309374,0
309375,24
309376,56
309377,0
309378,0
309379,0
309380,0
309381,0
309382,0
309383,0
309384,0
309385,0
309386,0
309387,0
309388,0
309389,0
309390,0
309391,48
309392,0
309393,19
309394,0
309395,0
309396,0
309397,0
309398,0
309399,21
309400,0
309401,48
309402,0
309403,0
309404,0
309405,0
309406,0
309407,0
309408,0
309409,47
309410,0
309411,0
309412,0
309413,0
309414,0
309415,0
309416,0
309417,0
309418,39
309419,0
309420,0
309421,0
309422,0
309423,17
309424,28
309425,0
309426,0
309427,0
309428,23
309429,0
309430,0
309431,0
309432,0
309433,39
309434,0
309435,0
309436,0
309437,24
309438,0
309439,0
309440,0
309441,77
309442,0
309443,0
309444,0
309445,0
309446,0
309447,0
309448,0
309449,0
309450,0
309451,24
309452,0
309453,0
309454,0
309455,0
309456,31
309457,49
309458,45
309459,0
309460,40
309461,0
309462,0
309463,31
309464,0
309465,0
309466,0
309467,0
309468,0
309469,0
309470,0
309471,0
309472,0
309473,0
309474,0
309475,33
309476,26
309477,0
309478,0
309479,0
309480,0
309481,0
309482,0
309483,0
309484,28
309485,27
309486,0
309487,0
309488,0
309489,29
309490,0
309491,24
309492,0
309493,0
309494,26
309495,0
309496,29
309497,0
309498,0
309499,0
309500,0
309501,0
309502,0
309503,0
309504,0
309505,29
309506,0
309507,0
309508,0
309509,19
309510,0
309511,0
309512,0
309513,28
309514,0
309515,0
309516,48
309517,0
309518,0
309519,0
309520,0
309521,0
309522,37
309523,50
309524,0
309525,0
309526,0
309527,0
309528,0
309529,0
309530,0
309531,0
309532,0
309533,41
309534,0
309535,24
309536,0
309537,0
309538,0
309539,0
309540,0
309541,26
309542,30
309543,0
309544,0
309545,0
309546,0
309547,0
309548,0
309549,0
309550,25
309551,30
309552,0
309553,38
309554,0
309555,0
309556,0
309557,0
309558,0
309559,0
309560,0
309561,32
309562,6
309563,0
309564,0
309565,0
309566,0
309567,0
309568,0
309569,0
309570,33
309571,31
309572,0
309573,25
309574,0
309575,0
309576,0
309577,0
309578,18
309579,0
309580,0
309581,0
309582,0
309583,0
309584,0
309585,0
309586,0
309587,0
309588,0
309589,0
309590,0
309591,0
309592,0
309593,0
309594,0
309595,0
309596,0
309597,0
309598,0
309599,0
309600,0
309601,0
309602,0
309603,0
309604,0
309605,0
309606,0
309607,0
309608,0
309609,0
309610,0
309611,0
309612,0
309613,0
309614,0
309615,0
309616,0
309617,0
309618,0
309619,0
309620,0
309621,0
309622,0
309623,0
309624,0
309625,0
309626,0
309627,0
309628,0
309629,0
309630,0
309631,0
309632,0
309633,0
309634,0
309635,0
309636,0
309637,0
309638,0
309639,0
309640,0
309641,0
309642,0
309643,0
309644,0
309645,0
309646,0
309647,0
309648,0
309649,0
309650,0
309651,0
309652,0
309653,0
309654,0
309655,0
309656,0
309657,0
309658,0
309659,0
309660,0
309661,0
309662,0
309663,0
309664,0
309665,0
309666,0
309667,0
309668,0
309669,0
309670,0
309671,0
309672,0
309673,0
309674,0
309675,0
309676,0
309677,0
309678,0
309679,0
309680,0
309681,0
309682,0
309683,0
309684,0
309685,0
309686,0
309687,0
309688,0
309689,0
309690,0
309691,0
309692,0
309693,0
309694,0
309695,0
309696,0
309697,0
309698,0
309699,0
309700,0
309701,0
309702,0
309703,0
309704,0
309705,0
309706,0
309707,0
309708,0
309709,0
309710,0
309711,0
309712,0
309713,0
309714,0
309715,0
309716,0
309717,0
309718,0
309719,0
309720,0
309721,0
309722,0
309723,0
309724,0
309725,0
309726,0
309727,0
309728,0
309729,0
309730,0
309731,0
309732,0
309733,0
309734,0
309735,0
309736,0
309737,0
309738,0
309739,0
309740,0
309741,0
309742,0
309743,0
309744,0
309745,0
309746,0
309747,0
309748,0
309749,0
309750,0
309751,0
309752,0
309753,0
309754,0
309755,0
309756,0
309757,0
309758,0
309759,0
309760,0
309761,0
309762,0
309763,0
309764,0
309765,0
309766,0
309767,0
309768,0
309769,0
309770,0
309771,0
309772,0
309773,0
309774,0
309775,0
309776,0
309777,0
309778,0
309779,0
309780,0
309781,0
309782,0
309783,0
309784,0
309785,0
309786,0
309787,0
309788,0
309789,0
309790,0
309791,0
309792,0
309793,0
309794,0
309795,0
309796,0
309797,0
309798,0
309799,0
309800,0
309801,0
309802,0
309803,0
309804,0
309805,0
309806,0
309807,0
309808,0
309809,0
309810,0
309811,0
309812,0
309813,0
309814,0
309815,0
309816,0
309817,0
309818,0
309819,0
309820,0
309821,0
309822,0
309823,0
309824,0
309825,0
309826,0
309827,0
309828,0
309829,0
309830,0
309831,0
309832,0
309833,0
309834,0
309835,0
309836,0
309837,0
309838,0
309839,0
309840,0
309841,0
309842,0
309843,0
309844,0
309845,0
309846,0
309847,0
309848,0
309849,0
309850,0
309851,0
309852,0
309853,0
309854,0
309855,0
309856,0
309857,0
309858,0
309859,0
309860,0
309861,0
309862,0
309863,0
309864,0
309865,0
309866,0
309867,0
309868,0
309869,0
309870,0
309871,0
309872,0
309873,0
309874,0
309875,0
309876,0
309877,0
309878,0
309879,0
309880,0
309881,0
309882,0
309883,0
309884,0
309885,0
309886,0
309887,0
309888,0
309889,0
309890,0
309891,0
309892,0
309893,0
309894,0
309895,0
309896,0
309897,0
309898,0
309899,0
309900,0
309901,0
309902,0
309903,0
309904,0
309905,0
309906,0
309907,0
309908,0
309909,0
309910,0
309911,0
309912,0
309913,0
309914,0
309915,0
309916,0
309917,0
309918,0
309919,0
309920,0
309921,0
309922,0
309923,0
309924,0
309925,0
309926,0
309927,0
309928,0
309929,0
309930,0
309931,0
309932,0
309933,0
309934,0
309935,0
309936,0
309937,0
309938,0
309939,0
309940,0
309941,0
309942,0
309943,0
309944,0
309945,0
309946,0
309947,0
309948,0
309949,0
309950,0
309951,0
309952,0
309953,0
309954,0
309955,0
309956,0
309957,0
309958,0
309959,0
309960,0
309961,0
309962,0
309963,0
309964,0
309965,0
309966,0
309967,0
309968,0
309969,0
309970,0
309971,0
309972,0
309973,0
309974,0
309975,0
309976,0
309977,0
309978,0
309979,0
309980,0
309981,0
309982,0
309983,0
309984,0
309985,0
309986,0
309987,0
309988,0
309989,0
309990,0
309991,0
309992,0
309993,0
309994,0
309995,0
309996,0
309997,0
309998,0
309999,0
310000,0
310001,0
310002,0
310003,0
310004,0
310005,0
310006,0
310007,0
310008,0
310009,0
310010,0
310011,0
310012,0
310013,0
310014,0
310015,0
310016,0
310017,0
310018,0
310019,0
310020,0
310021,0
310022,0
310023,0
310024,0
310025,0
310026,0
310027,0
310028,0
310029,0
310030,0
310031,0
310032,0
310033,0
310034,0
310035,0
310036,0
310037,0
310038,0
310039,0
310040,0
310041,0
310042,0
310043,0
310044,0
310045,0
310046,0
310047,0
310048,0
310049,0
310050,0
310051,0
310052,0
310053,0
310054,0
310055,0
310056,0
310057,0
310058,0
310059,0
310060,0
310061,0
310062,0
310063,0
310064,0
310065,0
310066,0
310067,0
310068,0
310069,0
310070,0
310071,0
310072,0
310073,0
310074,0
310075,0
310076,0
310077,0
310078,0
310079,0
310080,0
310081,0
310082,0
310083,0
310084,0
310085,0
310086,0
310087,0
310088,0
310089,0
310090,0
310091,0
310092,0
310093,0
310094,0
310095,0
310096,0
310097,0
310098,0
310099,0
310100,0
310101,0
310102,0
310103,0
310104,0
310105,0
310106,0
310107,0
310108,0
310109,0
310110,0
310111,0
310112,0
310113,0
310114,0
310115,0
310116,0
310117,0
310118,0
310119,0
310120,0
310121,0
310122,0
310123,0
310124,0
310125,0
310126,0
310127,0
310128,0
310129,0
310130,0
310131,0
310132,0
310133,0
310134,0
310135,0
310136,0
310137,0
310138,0
310139,0
310140,0
310141,0
310142,0
310143,0
310144,0
310145,0
310146,0
310147,0
310148,0
310149,0
310150,0
310151,0
310152,0
310153,0
310154,0
310155,0
310156,0
310157,0
310158,0
310159,0
310160,0
310161,0
310162,0
310163,0
310164,0
310165,0
310166,0
310167,0
310168,0
310169,0
310170,0
310171,0
310172,0
310173,0
310174,0
310175,0
310176,0
310177,0
310178,0
310179,0
310180,0
310181,0
310182,0
310183,0
310184,0
310185,0
310186,0
310187,0
310188,0
310189,0
310190,0
310191,0
310192,0
310193,0
310194,0
310195,0
310196,0
310197,0
310198,0
310199,0
310200,0
310201,0
310202,0
310203,0
310204,0
310205,0
310206,0
310207,0
310208,0
310209,0
310210,0
310211,0
310212,0
310213,0
310214,0
310215,0
310216,0
310217,0
310218,0
310219,0
310220,0
310221,0
310222,0
310223,0
310224,0
310225,0
310226,0
310227,0
310228,0
310229,0
310230,0
310231,0
310232,0
310233,0
310234,0
310235,0
310236,0
310237,0
310238,0
310239,0
310240,0
310241,0
310242,0
310243,0
310244,0
310245,0
310246,0
310247,0
310248,0
310249,0
310250,0
310251,0
310252,0
310253,0
310254,0
310255,0
310256,0
310257,0
310258,0
310259,0
310260,0
310261,0
310262,0
310263,0
310264,0
310265,0
310266,0
310267,0
310268,0
310269,0
310270,0
310271,0
310272,0
310273,0
310274,1
310275,0
310276,0
310277,0
310278,0
310279,0
310280,0
310281,0
310282,0
310283,0
310284,0
310285,0
310286,0
310287,0
310288,0
310289,0
310290,0
310291,0
310292,0
310293,0
310294,0
310295,0
310296,0
310297,0
310298,0
310299,0
310300,0
310301,0
310302,0
310303,0
310304,0
310305,0
310306,0
310307,0
310308,0
310309,0
310310,0
310311,0
310312,0
310313,0
310314,0
310315,0
310316,0
310317,0
310318,0
310319,0
310320,0
310321,0
310322,0
310323,0
310324,0
310325,0
310326,0
310327,0
310328,0
310329,0
310330,0
310331,0
310332,0
310333,0
310334,0
310335,0
310336,0
310337,0
310338,0
310339,0
310340,0
310341,0
310342,0
310343,0
310344,0
310345,0
310346,0
310347,0
310348,0
310349,0
310350,0
310351,0
310352,0
310353,0
310354,0
310355,0
310356,0
310357,0
310358,0
310359,0
310360,0
310361,0
310362,0
310363,0
310364,0
310365,0
310366,0
310367,0
310368,0
310369,0
310370,0
310371,0
310372,0
310373,0
310374,0
310375,0
310376,0
310377,0
310378,0
310379,0
310380,0
310381,0
310382,0
310383,0
310384,0
310385,0
310386,0
310387,0
310388,0
310389,0
310390,0
310391,0
310392,0
310393,0
310394,0
310395,0
310396,0
310397,0
310398,0
310399,0
310400,0
310401,0
310402,0
310403,0
310404,0
310405,0
310406,0
310407,0
310408,0
310409,0
310410,0
310411,0
310412,0
310413,0
310414,0
310415,0
310416,0
310417,0
310418,0
310419,0
310420,0
310421,0
310422,0
310423,0
310424,0
310425,0
310426,0
310427,0
310428,0
310429,0
310430,0
310431,0
310432,0
310433,0
310434,0
310435,0
310436,0
310437,0
310438,0
310439,0
310440,0
310441,0
310442,0
310443,0
310444,0
310445,0
310446,0
310447,0
310448,0
310449,0
310450,0
310451,0
310452,0
310453,0
310454,0
310455,0
310456,0
310457,0
310458,0
310459,0
310460,0
310461,0
310462,0
310463,0
310464,0
310465,0
310466,0
310467,0
310468,0
310469,0
310470,0
310471,0
310472,0
310473,0
310474,0
310475,0
310476,0
310477,0
310478,5
310479,0
310480,0
310481,0
310482,0
310483,0
310484,0
310485,0
310486,11
310487,0
310488,0
310489,0
310490,0
310491,0
310492,0
310493,0
310494,0
310495,15
310496,0
310497,0
310498,8
310499,6
310500,0
310501,0
310502,0
310503,0
310504,0
310505,0
310506,4
310507,0
310508,0
310509,0
310510,0
310511,0
310512,0
310513,0
310514,5
310515,0
310516,12
310517,0
310518,0
310519,0
310520,0
310521,12
310522,0
310523,0
310524,0
310525,0
310526,0
310527,11
310528,0
310529,0
310530,0
310531,0
310532,0
310533,12
310534,0
310535,0
310536,6
310537,0
310538,11
310539,0
310540,0
310541,0
310542,0
310543,0
310544,0
310545,0
310546,0
310547,0
310548,0
310549,0
310550,0
310551,0
310552,0
310553,0
310554,0
310555,11
310556,0
310557,0
310558,0
310559,0
310560,0
310561,0
310562,0
310563,0
310564,0
310565,0
310566,0
310567,0
310568,0
310569,0
310570,0
310571,0
310572,0
310573,0
310574,0
310575,0
310576,5
310577,0
310578,0
310579,0
310580,11
310581,0
310582,0
310583,0
310584,0
310585,0
310586,0
310587,0
310588,0
310589,0
310590,0
310591,0
310592,0
310593,0
310594,0
310595,0
310596,0
310597,0
310598,0
310599,0
310600,0
310601,0
310602,0
310603,0
310604,0
310605,0
310606,0
310607,0
310608,0
310609,0
310610,6
310611,0
310612,0
310613,0
310614,0
310615,11
310616,0
310617,0
310618,10
310619,0
310620,0
310621,0
310622,0
310623,0
310624,0
310625,0
310626,0
310627,0
310628,0
310629,0
310630,0
310631,6
310632,4
310633,0
310634,0
310635,0
310636,0
310637,0
310638,0
310639,0
310640,0
310641,0
310642,0
310643,0
310644,0
310645,0
310646,7
310647,9
310648,0
310649,0
310650,0
310651,0
310652,0
310653,0
310654,0
310655,8
310656,0
310657,0
310658,0
310659,0
310660,0
310661,0
310662,4
310663,0
310664,0
310665,0
310666,0
310667,12
310668,0
310669,0
310670,0
310671,0
310672,7
310673,0
310674,0
310675,0
310676,0
310677,0
310678,11
310679,0
310680,0
310681,0
310682,0
310683,0
310684,0
310685,0
310686,0
310687,0
310688,0
310689,0
310690,0
310691,8
310692,0
310693,0
310694,0
310695,0
310696,0
310697,0
310698,0
310699,0
310700,0
310701,0
310702,0
310703,0
310704,0
310705,0
310706,0
310707,0
310708,0
310709,0
310710,0
310711,0
310712,0
310713,0
310714,10
310715,0
310716,0
310717,12
310718,0
310719,0
310720,5
310721,0
310722,13
310723,0
310724,0
310725,0
310726,11
310727,11
310728,0
310729,0
310730,10
310731,0
310732,0
310733,0
310734,0
310735,0
310736,0
310737,9
310738,0
310739,0
310740,0
310741,0
310742,0
310743,0
310744,0
310745,0
310746,0
310747,0
310748,0
310749,0
310750,0
310751,0
310752,0
310753,0
310754,0
310755,0
310756,0
310757,0
310758,0
310759,0
310760,0
310761,0
310762,0
310763,0
310764,0
310765,0
310766,0
310767,0
310768,0
310769,0
310770,0
310771,10
310772,0
310773,0
310774,0
310775,0
310776,0
310777,0
310778,0
310779,8
310780,0
310781,0
310782,0
310783,0
310784,0
310785,0
310786,0
310787,0
310788,0
310789,10
310790,0
310791,0
310792,0
310793,0
310794,0
310795,8
310796,0
310797,0
310798,0
310799,0
310800,0
310801,0
310802,0
310803,0
310804,0
310805,0
310806,0
310807,0
310808,0
310809,14
310810,8
310811,0
310812,9
310813,0
310814,7
310815,0
310816,0
310817,7
310818,0
310819,0
310820,0
310821,0
310822,0
310823,0
310824,0
310825,0
310826,0
310827,0
310828,0
310829,0
310830,0
310831,0
310832,0
310833,7
310834,0
310835,0
310836,0
310837,0
310838,0
310839,0
310840,0
310841,10
310842,0
310843,0
310844,0
310845,0
310846,0
310847,0
310848,7
310849,0
310850,0
310851,0
310852,0
310853,0
310854,0
310855,0
310856,0
310857,0
310858,0
310859,13
310860,0
310861,0
310862,0
310863,0
310864,0
310865,0
310866,0
310867,0
310868,0
310869,0
310870,0
310871,0
310872,0
310873,0
310874,0
310875,0
310876,0
310877,0
310878,0
310879,0
310880,0
310881,4
310882,0
310883,0
310884,10
310885,0
310886,0
310887,6
310888,0
310889,0
310890,0
310891,0
310892,0
310893,0
310894,0
310895,0
310896,0
310897,0
310898,0
310899,0
310900,0
310901,0
310902,0
310903,26
310904,0
310905,0
310906,0
310907,0
310908,0
310909,0
310910,0
310911,0
310912,24
310913,0
310914,0
310915,0
310916,0
310917,0
310918,0
310919,0
310920,0
310921,14
310922,0
310923,0
310924,0
310925,0
310926,0
310927,0
310928,0
310929,41
310930,0
310931,36
310932,0
310933,35
310934,0
310935,0
310936,0
310937,0
310938,0
310939,27
310940,0
310941,0
310942,27
310943,35
310944,0
310945,20
310946,0
310947,0
310948,0
310949,0
310950,0
310951,0
310952,44
310953,26
310954,0
310955,0
310956,38
310957,0
310958,33
310959,0
310960,39
310961,28
310962,33
310963,24
310964,0
310965,0
310966,0
310967,36
310968,0
310969,0
310970,0
310971,0
310972,0
310973,0
310974,0
310975,0
310976,0
310977,0
310978,40
310979,0
310980,0
310981,0
310982,0
310983,0
310984,0
310985,0
310986,0
310987,0
310988,0
310989,0
310990,0
310991,30
310992,0
310993,0
310994,0
310995,0
310996,0
310997,0
310998,0
310999,0
311000,0
311001,0
311002,0
311003,0
311004,0
311005,24
311006,0
311007,0
311008,38
311009,0
311010,0
311011,0
311012,0
311013,0
311014,0
311015,18
311016,0
311017,0
311018,0
311019,36
311020,0
311021,0
311022,40
311023,28
311024,27
311025,17
311026,0
311027,0
311028,0
311029,0
311030,0
311031,27
311032,0
311033,0
311034,26
311035,0
311036,0
311037,32
311038,0
311039,0
311040,0
311041,0
311042,37
311043,0
311044,27
311045,0
311046,0
311047,16
311048,0
311049,0
311050,28
311051,0
311052,27
311053,0
311054,0
311055,0
311056,0
311057,0
311058,0
311059,23
311060,0
311061,0
311062,0
311063,0
311064,0
311065,0
311066,53
311067,0
311068,0
311069,0
311070,0
311071,0
311072,0
311073,0
311074,0
311075,27
311076,0
311077,26
311078,24
311079,0
311080,23
311081,0
311082,0
311083,0
311084,0
311085,0
311086,0
311087,0
311088,20
311089,0
311090,0
311091,0
311092,0
311093,0
311094,0
311095,0
311096,0
311097,0
311098,0
311099,0
311100,28
311101,0
311102,0
311103,24
311104,35
311105,38
311106,27
311107,0
311108,36
311109,21
311110,0
311111,26
311112,20
311113,28
311114,23
311115,0
311116,20
311117,0
311118,0
311119,0
311120,0
311121,0
311122,0
311123,0
311124,0
311125,0
311126,0
311127,0
311128,38
311129,0
311130,0
311131,25
311132,0
311133,0
311134,0
311135,0
311136,39
311137,0
311138,0
311139,16
311140,0
311141,30
311142,0
311143,0
311144,0
311145,22
311146,0
311147,0
311148,0
311149,0
311150,0
311151,0
311152,25
311153,0
311154,35
311155,24
311156,0
311157,0
311158,0
311159,0
311160,20
311161,0
311162,0
311163,0
311164,0
311165,0
311166,0
311167,0
311168,0
311169,29
311170,0
311171,0
311172,0
311173,0
311174,0
311175,0
311176,26
311177,25
311178,0
311179,0
311180,26
311181,0
311182,0
311183,0
311184,27
311185,0
311186,24
311187,44
311188,0
311189,0
311190,0
311191,0
311192,0
311193,31
311194,0
311195,0
311196,0
311197,27
311198,25
311199,0
311200,0
311201,0
311202,37
311203,43
311204,51
311205,0
311206,36
311207,32
311208,21
311209,0
311210,0
311211,0
311212,22
311213,33
311214,0
311215,0
311216,0
311217,0
311218,20
311219,25
311220,0
311221,0
311222,0
311223,0
311224,0
311225,0
311226,0
311227,0
311228,0
311229,27
311230,0
311231,0
311232,0
311233,0
311234,32
311235,0
311236,22
311237,0
311238,0
311239,0
311240,0
311241,0
311242,0
311243,0
311244,0
311245,0
311246,0
311247,0
311248,0
311249,0
311250,0
311251,0
311252,0
311253,15
311254,0
311255,0
311256,22
311257,0
311258,0
311259,14
311260,0
311261,0
311262,0
311263,0
311264,34
311265,0
311266,0
311267,0
311268,0
311269,24
311270,0
311271,30
311272,0
311273,28
311274,0
311275,0
311276,0
311277,0
311278,40
311279,0
311280,39
311281,12
311282,0
311283,0
311284,56
311285,0
311286,0
311287,0
311288,41
311289,25
311290,27
311291,0
311292,8
311293,0
311294,0
311295,0
311296,0
311297,20
311298,0
311299,0
311300,0
311301,0
311302,0
311303,39
311304,40
311305,28
311306,18
311307,19
311308,0
311309,0
311310,25
311311,19
311312,0
311313,0
311314,0
311315,0
311316,59
311317,28
311318,0
311319,0
311320,11
311321,0
311322,0
311323,25
311324,23
311325,0
311326,0
311327,0
311328,21
311329,0
311330,0
311331,0
311332,0
311333,0
311334,0
311335,0
311336,34
311337,0
311338,38
311339,0
311340,0
311341,0
311342,0
311343,0
311344,14
311345,0
311346,0
311347,0
311348,0
311349,0
311350,40
311351,0
311352,19
311353,0
311354,0
311355,0
311356,0
311357,0
311358,6
311359,0
311360,0
311361,0
311362,0
311363,0
311364,0
311365,0
311366,0
311367,0
311368,0
311369,0
311370,0
311371,0
311372,0
311373,0
311374,0
311375,14
311376,0
311377,0
311378,0
311379,0
311380,0
311381,0
311382,0
311383,0
311384,0
311385,0
311386,0
311387,0
311388,0
311389,0
311390,0
311391,0
311392,0
311393,0
311394,0
311395,0
311396,0
311397,0
311398,0
311399,0
311400,0
311401,0
311402,0
311403,0
311404,0
311405,0
311406,0
311407,0
311408,0
311409,0
311410,0
311411,0
311412,0
311413,0
311414,0
311415,0
311416,0
311417,0
311418,0
311419,0
311420,0
311421,0
311422,15
311423,0
311424,0
311425,0
311426,0
311427,0
311428,0
311429,0
311430,0
311431,0
311432,0
311433,0
311434,0
311435,0
311436,0
311437,0
311438,0
311439,10
311440,0
311441,0
311442,0
311443,0
311444,6
311445,9
311446,0
311447,0
311448,0
311449,0
311450,0
311451,0
311452,0
311453,0
311454,0
311455,18
311456,0
311457,0
311458,0
311459,0
311460,0
311461,0
311462,0
311463,0
311464,0
311465,0
311466,0
311467,0
311468,0
311469,0
311470,0
311471,0
311472,0
311473,0
311474,0
311475,0
311476,0
311477,0
311478,0
311479,0
311480,0
311481,0
311482,0
311483,0
311484,0
311485,0
311486,0
311487,0
311488,0
311489,0
311490,0
311491,0
311492,0
311493,0
311494,16
311495,0
311496,0
311497,0
311498,0
311499,0
311500,0
311501,0
311502,0
311503,0
311504,0
311505,0
311506,0
311507,0
311508,0
311509,0
311510,0
311511,0
311512,0
311513,0
311514,0
311515,0
311516,0
311517,0
311518,0
311519,0
311520,9
311521,0
311522,0
311523,0
311524,0
311525,0
311526,0
311527,0
311528,0
311529,0
311530,0
311531,17
311532,0
311533,0
311534,0
311535,0
311536,0
311537,0
311538,19
311539,0
311540,0
311541,14
311542,0
311543,14
311544,0
311545,34
311546,0
311547,0
311548,0
311549,0
311550,17
311551,0
311552,0
311553,0
311554,0
311555,0
311556,8
311557,0
311558,0
311559,0
311560,0
311561,0
311562,0
311563,0
311564,0
311565,0
311566,0
311567,0
311568,0
311569,0
311570,17
311571,0
311572,0
311573,0
311574,0
311575,0
311576,0
311577,0
311578,0
311579,0
311580,0
311581,0
311582,0
311583,0
311584,0
311585,0
311586,0
311587,0
311588,0
311589,0
311590,11
311591,0
311592,8
311593,0
311594,0
311595,0
311596,0
311597,0
311598,0
311599,0
311600,0
311601,0
311602,0
311603,0
311604,0
311605,0
311606,0
311607,0
311608,0
311609,0
311610,0
311611,0
311612,0
311613,0
311614,0
311615,0
311616,0
311617,0
311618,23
311619,0
311620,0
311621,0
311622,0
311623,0
311624,0
311625,0
311626,0
311627,0
311628,0
311629,0
311630,0
311631,0
311632,14
311633,0
311634,0
311635,0
311636,0
311637,0
311638,0
311639,0
311640,0
311641,0
311642,0
311643,0
311644,0
311645,0
311646,0
311647,19
311648,0
311649,0
311650,0
311651,0
311652,0
311653,0
311654,0
311655,0
311656,0
311657,0
311658,0
311659,0
311660,0
311661,0
311662,0
311663,0
311664,0
311665,0
311666,0
311667,0
311668,0
311669,8
311670,0
311671,0
311672,0
311673,0
311674,0
311675,14
311676,0
311677,0
311678,0
311679,0
311680,0
311681,0
311682,0
311683,0
311684,0
311685,0
311686,0
311687,0
311688,0
311689,0
311690,0
311691,0
311692,0
311693,48
311694,0
311695,0
311696,0
311697,0
311698,0
311699,0
311700,0
311701,0
311702,0
311703,42
311704,0
311705,0
311706,0
311707,0
311708,0
311709,0
311710,0
311711,0
311712,0
311713,0
311714,0
311715,0
311716,0
311717,0
311718,0
311719,0
311720,0
311721,37
311722,31
311723,0
311724,41
311725,0
311726,0
311727,0
311728,0
311729,0
311730,37
311731,0
311732,0
311733,0
311734,0
311735,0
311736,0
311737,0
311738,0
311739,0
311740,19
311741,0
311742,29
311743,0
311744,26
311745,0
311746,0
311747,0
311748,0
311749,0
311750,0
311751,0
311752,0
311753,0
311754,0
311755,0
311756,0
311757,0
311758,51
311759,0
311760,0
311761,0
311762,0
311763,0
311764,0
311765,0
311766,0
311767,32
311768,0
311769,0
311770,0
311771,0
311772,0
311773,0
311774,0
311775,0
311776,0
311777,0
311778,41
311779,0
311780,0
311781,0
311782,0
311783,0
311784,0
311785,23
311786,40
311787,0
311788,0
311789,0
311790,0
311791,0
311792,0
311793,48
311794,0
311795,0
311796,0
311797,0
311798,0
311799,0
311800,0
311801,0
311802,44
311803,0
311804,0
311805,0
311806,0
311807,0
311808,0
311809,0
311810,43
311811,0
311812,0
311813,0
311814,0
311815,42
311816,32
311817,0
311818,0
311819,0
311820,0
311821,0
311822,0
311823,0
311824,0
311825,0
311826,24
311827,0
311828,0
311829,0
311830,0
311831,0
311832,0
311833,0
311834,0
311835,34
311836,0
311837,0
311838,0
311839,0
311840,46
311841,0
311842,0
311843,0
311844,0
311845,0
311846,21
311847,0
311848,0
311849,0
311850,0
311851,0
311852,0
311853,0
311854,0
311855,0
311856,0
311857,0
311858,0
311859,0
311860,0
311861,0
311862,0
311863,30
311864,0
311865,0
311866,40
311867,0
311868,0
311869,0
311870,0
311871,0
311872,0
311873,0
311874,0
311875,36
311876,46
311877,0
311878,0
311879,28
311880,0
311881,54
311882,0
311883,40
311884,0
311885,30
311886,0
311887,0
311888,0
311889,0
311890,0
311891,0
311892,0
311893,0
311894,0
311895,0
311896,0
311897,0
311898,0
311899,32
311900,0
311901,0
311902,0
311903,0
311904,22
311905,0
311906,0
311907,0
311908,0
311909,39
311910,0
311911,0
311912,0
311913,0
311914,0
311915,0
311916,0
311917,0
311918,38
311919,0
311920,35
311921,0
311922,0
311923,0
311924,0
311925,0
311926,0
311927,31
311928,27
311929,0
311930,0
311931,0
311932,45
311933,0
311934,38
311935,0
311936,0
311937,0
311938,32
311939,0
311940,0
311941,0
311942,0
311943,0
311944,0
311945,25
311946,0
311947,42
311948,0
311949,43
311950,0
311951,0
311952,0
311953,0
311954,35
311955,0
311956,0
311957,48
311958,0
311959,0
311960,0
311961,0
311962,0
311963,0
311964,35
311965,0
311966,0
311967,0
311968,0
311969,0
311970,0
311971,0
311972,0
311973,0
311974,0
311975,52
311976,0
311977,0
311978,0
311979,0
311980,0
311981,0
311982,0
311983,0
311984,0
311985,0
311986,0
311987,0
311988,0
311989,0
311990,0
311991,0
311992,0
311993,28
311994,0
311995,37
311996,0
311997,0
311998,0
311999,0
312000,0
312001,0
312002,0
312003,0
312004,31
312005,35
312006,0
312007,0
312008,0
312009,0
312010,33
312011,0
312012,0
312013,0
312014,0
312015,0
312016,0
312017,0
312018,0
312019,0
312020,0
312021,0
312022,0
312023,0
312024,0
312025,0
312026,0
312027,0
312028,0
312029,0
312030,0
312031,43
312032,0
312033,0
312034,28
312035,0
312036,0
312037,0
312038,0
312039,0
312040,0
312041,0
312042,0
312043,0
312044,0
312045,0
312046,0
312047,0
312048,0
312049,0
312050,0
312051,0
312052,0
312053,0
312054,62
312055,0
312056,0
312057,66
312058,0
312059,0
312060,0
312061,40
312062,0
312063,30
312064,0
312065,0
312066,39
312067,0
312068,44
312069,0
312070,0
312071,0
312072,0
312073,0
312074,0
312075,0
312076,0
312077,0
312078,0
312079,0
312080,29
312081,0
312082,0
312083,44
312084,0
312085,0
312086,0
312087,0
312088,0
312089,36
312090,0
312091,0
312092,0
312093,0
312094,0
312095,0
312096,0
312097,0
312098,43
312099,0
312100,0
312101,0
312102,0
312103,0
312104,0
312105,40
312106,0
312107,40
312108,0
312109,0
312110,38
312111,0
312112,26
312113,0
312114,0
312115,53
312116,0
312117,0
312118,0
312119,0
312120,34
312121,0
312122,0
312123,0
312124,0
312125,0
312126,50
312127,0
312128,0
312129,0
312130,0
312131,0
312132,0
312133,0
312134,0
312135,0
312136,0
312137,41
312138,0
312139,0
312140,0
312141,44
312142,49
312143,0
312144,38
312145,0
312146,0
312147,0
312148,50
312149,0
312150,0
312151,0
312152,0
312153,0
312154,0
312155,0
312156,0
312157,0
312158,0
312159,0
312160,0
312161,35
312162,0
312163,0
312164,0
312165,0
312166,0
312167,0
312168,0
312169,0
312170,0
312171,0
312172,0
312173,0
312174,28
312175,0
312176,0
312177,33
312178,41
312179,37
312180,41
312181,47
312182,0
312183,36
312184,0
312185,34
312186,0
312187,0
312188,43
312189,0
312190,0
312191,0
312192,0
312193,37
312194,0
312195,49
312196,0
312197,0
312198,0
312199,41
312200,0
312201,0
312202,22
312203,0
312204,53
312205,0
312206,0
312207,0
312208,0
312209,0
312210,38
312211,0
312212,0
312213,0
312214,0
312215,0
312216,40
312217,29
312218,20
312219,0
312220,0
312221,0
312222,0
312223,0
312224,0
312225,0
312226,0
312227,45
312228,0
312229,0
312230,0
312231,0
312232,0
312233,42
312234,0
312235,32
312236,52
312237,0
312238,0
312239,0
312240,0
312241,0
312242,45
312243,0
312244,0
312245,0
312246,0
312247,0
312248,0
312249,0
312250,0
312251,40
312252,0
312253,0
312254,0
312255,0
312256,55
312257,33
312258,0
312259,37
312260,33
312261,0
312262,0
312263,45
312264,0
312265,0
312266,38
312267,0
312268,0
312269,0
312270,0
312271,0
312272,0
312273,52
312274,0
312275,0
312276,0
312277,50
312278,0
312279,0
312280,0
312281,0
312282,0
312283,0
312284,0
312285,0
312286,0
312287,0
312288,0
312289,0
312290,0
312291,0
312292,0
312293,0
312294,0
312295,0
312296,0
312297,13
312298,11
312299,0
312300,0
312301,7
312302,0
312303,0
312304,0
312305,0
312306,0
312307,0
312308,17
312309,7
312310,10
312311,6
312312,0
312313,0
312314,0
312315,0
312316,0
312317,0
312318,0
312319,14
312320,0
312321,9
312322,0
312323,0
312324,0
312325,0
312326,0
312327,0
312328,8
312329,17
312330,3
312331,0
312332,0
312333,0
312334,0
312335,6
312336,0
312337,0
312338,0
312339,0
312340,0
312341,0
312342,17
312343,0
312344,0
312345,0
312346,0
312347,0
312348,0
312349,0
312350,13
312351,0
312352,0
312353,0
312354,0
312355,0
312356,5
312357,0
312358,0
312359,0
312360,11
312361,0
312362,0
312363,13
312364,0
312365,4
312366,0
312367,0
312368,0
312369,10
312370,0
312371,0
312372,0
312373,6
312374,0
312375,0
312376,0
312377,0
312378,7
312379,0
312380,0
312381,7
312382,0
312383,0
312384,0
312385,0
312386,12
312387,11
312388,0
312389,0
312390,0
312391,0
312392,0
312393,9
312394,0
312395,0
312396,14
312397,9
312398,0
312399,0
312400,6
312401,0
312402,0
312403,15
312404,0
312405,0
312406,0
312407,0
312408,0
312409,0
312410,0
312411,0
312412,10
312413,0
312414,0
312415,0
312416,0
312417,0
312418,0
312419,0
312420,0
312421,10
312422,0
312423,0
312424,0
312425,0
312426,0
312427,0
312428,9
312429,9
312430,0
312431,0
312432,0
312433,0
312434,8
312435,11
312436,0
312437,11
312438,5
312439,0
312440,0
312441,8
312442,0
312443,0
312444,0
312445,0
312446,14
312447,0
312448,0
312449,0
312450,0
312451,0
312452,0
312453,0
312454,0
312455,0
312456,0
312457,5
312458,0
312459,0
312460,0
312461,0
312462,0
312463,8
312464,0
312465,7
312466,0
312467,18
312468,13
312469,15
312470,0
312471,0
312472,0
312473,0
312474,16
312475,0
312476,0
312477,0
312478,5
312479,0
312480,9
312481,7
312482,0
312483,0
312484,0
312485,0
312486,12
312487,0
312488,0
312489,0
312490,14
312491,0
312492,0
312493,9
312494,0
312495,0
312496,0
312497,0
312498,4
312499,0
312500,16
312501,0
312502,6
312503,0
312504,0
312505,20
312506,0
312507,0
312508,10
312509,9
312510,7
312511,0
312512,0
312513,0
312514,0
312515,6
312516,0
312517,13
312518,10
312519,8
312520,0
312521,8
312522,0
312523,0
312524,0
312525,0
312526,0
312527,0
312528,29
312529,29
312530,26
312531,0
312532,25
312533,21
312534,0
312535,48
312536,0
312537,0
312538,28
312539,15
312540,0
312541,19
312542,0
312543,0
312544,0
312545,25
312546,0
312547,0
312548,0
312549,0
312550,0
312551,18
312552,12
312553,29
312554,0
312555,0
312556,0
312557,0
312558,0
312559,0
312560,0
312561,0
312562,31
312563,0
312564,0
312565,0
312566,0
312567,0
312568,0
312569,0
312570,0
312571,0
312572,0
312573,10
312574,0
312575,0
312576,17
312577,26
312578,0
312579,0
312580,0
312581,15
312582,0
312583,0
312584,0
312585,21
312586,0
312587,28
312588,0
312589,0
312590,0
312591,0
312592,0
312593,0
312594,0
312595,0
312596,0
312597,0
312598,0
312599,0
312600,0
312601,0
312602,11
312603,27
312604,0
312605,15
312606,0
312607,0
312608,20
312609,0
312610,0
312611,0
312612,0
312613,0
312614,0
312615,0
312616,0
312617,0
312618,21
312619,0
312620,0
312621,20
312622,0
312623,0
312624,0
312625,0
312626,0
312627,0
312628,0
312629,0
312630,0
312631,17
312632,17
312633,17
312634,0
312635,0
312636,0
312637,0
312638,0
312639,14
312640,0
312641,0
312642,0
312643,39
312644,0
312645,0
312646,0
312647,0
312648,0
312649,18
312650,0
312651,0
312652,0
312653,0
312654,0
312655,0
312656,0
312657,0
312658,0
312659,24
312660,20
312661,0
312662,0
312663,0
312664,0
312665,17
312666,24
312667,0
312668,31
312669,0
312670,17
312671,0
312672,0
312673,0
312674,0
312675,0
312676,0
312677,21
312678,0
312679,13
312680,0
312681,0
312682,0
312683,0
312684,20
312685,0
312686,0
312687,0
312688,13
312689,0
312690,0
312691,0
312692,11
312693,0
312694,0
312695,0
312696,0
312697,0
312698,12
312699,0
312700,0
312701,0
312702,0
312703,0
312704,0
312705,0
312706,32
312707,0
312708,0
312709,15
312710,0
312711,0
312712,24
312713,0
312714,0
312715,0
312716,0
312717,0
312718,0
312719,16
312720,0
312721,0
312722,18
312723,0
312724,19
312725,0
312726,0
312727,0
312728,16
312729,0
312730,22
312731,0
312732,16
312733,0
312734,0
312735,0
312736,0
312737,0
312738,15
312739,11
312740,0
312741,16
312742,0
312743,0
312744,21
312745,0
312746,0
312747,0
312748,0
312749,0
312750,11
312751,10
312752,0
312753,0
312754,0
312755,18
312756,20
312757,0
312758,0
312759,0
312760,0
312761,19
312762,0
312763,16
312764,0
312765,0
312766,0
312767,31
312768,0
312769,0
312770,0
312771,0
312772,0
312773,0
312774,27
312775,0
312776,0
312777,0
312778,34
312779,0
312780,0
312781,0
312782,0
312783,0
312784,0
312785,0
312786,0
312787,0
312788,0
312789,0
312790,32
312791,0
312792,0
312793,0
312794,0
312795,0
312796,0
312797,0
312798,0
312799,0
312800,0
312801,29
312802,0
312803,0
312804,26
312805,0
312806,0
312807,24
312808,17
312809,0
312810,0
312811,0
312812,0
312813,0
312814,0
312815,0
312816,0
312817,0
312818,0
312819,0
312820,14
312821,22
312822,0
312823,0
312824,26
312825,0
312826,27
312827,26
312828,0
312829,0
312830,0
312831,0
312832,0
312833,0
312834,0
312835,0
312836,0
312837,0
312838,0
312839,37
312840,21
312841,17
312842,20
312843,24
312844,12
312845,0
312846,0
312847,0
312848,20
312849,0
312850,0
312851,0
312852,14
312853,0
312854,14
312855,0
312856,0
312857,0
312858,20
312859,0
312860,0
312861,14
312862,0
312863,22
312864,0
312865,0
312866,0
312867,0
312868,0
312869,0
312870,0
312871,0
312872,0
312873,0
312874,18
312875,0
312876,0
312877,0
312878,0
312879,0
312880,18
312881,32
312882,0
312883,0
312884,0
312885,13
312886,19
312887,19
312888,0
312889,0
312890,0
312891,0
312892,32
312893,0
312894,0
312895,0
312896,0
312897,8
312898,0
312899,0
312900,0
312901,28
312902,0
312903,0
312904,0
312905,0
312906,0
312907,0
312908,0
312909,0
312910,0
312911,0
312912,0
312913,0
312914,0
312915,0
312916,27
312917,0
312918,0
312919,0
312920,25
312921,0
312922,0
312923,20
312924,0
312925,0
312926,0
312927,0
312928,0
312929,0
312930,0
312931,0
312932,0
312933,0
312934,0
312935,0
312936,0
312937,0
312938,0
312939,16
312940,0
312941,17
312942,25
312943,0
312944,11
312945,0
312946,18
312947,23
312948,0
312949,0
312950,18
312951,0
312952,0
312953,13
312954,0
312955,0
312956,0
312957,0
312958,0
312959,0
312960,13
312961,0
312962,19
312963,21
312964,16
312965,0
312966,31
312967,0
312968,0
312969,0
312970,0
312971,0
312972,0
312973,0
312974,0
312975,29
312976,0
312977,27
312978,0
312979,0
312980,0
312981,0
312982,0
312983,0
312984,0
312985,27
312986,0
312987,0
312988,0
312989,0
312990,25
312991,0
312992,17
312993,0
312994,0
312995,23
312996,0
312997,15
312998,12
312999,0
313000,0
313001,23
313002,0
313003,35
313004,0
313005,0
313006,0
313007,0
313008,0
313009,0
313010,0
313011,0
313012,0
313013,0
313014,0
313015,0
313016,9
313017,0
313018,0
313019,0
313020,0
313021,24
313022,0
313023,21
313024,0
313025,0
313026,0
313027,0
313028,0
313029,0
313030,28
313031,0
313032,14
313033,0
313034,0
313035,0
313036,0
313037,0
313038,0
313039,0
313040,0
313041,0
313042,25
313043,0
313044,0
313045,0
313046,18
313047,0
313048,20
313049,0
313050,0
313051,0
313052,0
313053,0
313054,0
313055,17
313056,0
313057,0
313058,0
313059,0
313060,0
313061,0
313062,0
313063,16
313064,0
313065,0
313066,0
313067,22
313068,0
313069,0
313070,0
313071,0
313072,0
313073,21
313074,27
313075,0
313076,19
313077,0
313078,11
313079,0
313080,0
313081,0
313082,0
313083,0
313084,0
313085,0
313086,0
313087,0
313088,0
313089,0
313090,0
313091,17
313092,0
313093,0
313094,0
313095,22
313096,0
313097,0
313098,0
313099,24
313100,33
313101,0
313102,26
313103,0
313104,0
313105,0
313106,0
313107,0
313108,0
313109,0
313110,0
313111,0
313112,0
313113,0
313114,0
313115,0
313116,0
313117,0
313118,0
313119,0
313120,0
313121,0
313122,0
313123,0
313124,0
313125,0
313126,28
313127,0
313128,0
313129,0
313130,0
313131,0
313132,45
313133,0
313134,0
313135,0
313136,0
313137,0
313138,0
313139,0
313140,17
313141,0
313142,30
313143,0
313144,26
313145,0
313146,0
313147,0
313148,0
313149,23
313150,21
313151,0
313152,29
313153,27
313154,0
313155,0
313156,39
313157,0
313158,0
313159,0
313160,0
313161,0
313162,0
313163,0
313164,0
313165,27
313166,24
313167,0
313168,28
313169,0
313170,0
313171,0
313172,0
313173,26
313174,17
313175,19
313176,0
313177,0
313178,0
313179,32
313180,0
313181,0
313182,0
313183,0
313184,0
313185,0
313186,0
313187,0
313188,0
313189,0
313190,31
313191,0
313192,0
313193,40
313194,0
313195,0
313196,0
313197,43
313198,0
313199,58
313200,23
313201,0
313202,0
313203,0
313204,31
313205,0
313206,0
313207,0
313208,15
313209,0
313210,26
313211,0
313212,33
313213,0
313214,0
313215,0
313216,0
313217,29
313218,0
313219,0
313220,32
313221,0
313222,0
313223,0
313224,0
313225,0
313226,0
313227,16
313228,0
313229,36
313230,0
313231,0
313232,9
313233,0
313234,19
313235,36
313236,0
313237,0
313238,0
313239,0
313240,0
313241,0
313242,21
313243,0
313244,39
313245,0
313246,0
313247,25
313248,0
313249,0
313250,42
313251,0
313252,0
313253,0
313254,0
313255,0
313256,23
313257,32
313258,0
313259,0
313260,0
313261,0
313262,0
313263,34
313264,0
313265,28
313266,0
313267,0
313268,0
313269,0
313270,0
313271,0
313272,0
313273,0
313274,0
313275,0
313276,42
313277,0
313278,0
313279,36
313280,0
313281,0
313282,0
313283,0
313284,0
313285,0
313286,25
313287,0
313288,0
313289,0
313290,0
313291,0
313292,28
313293,0
313294,0
313295,25
313296,0
313297,0
313298,29
313299,0
313300,0
313301,29
313302,24
313303,0
313304,0
313305,0
313306,0
313307,0
313308,0
313309,27
313310,36
313311,35
313312,0
313313,27
313314,0
313315,0
313316,0
313317,0
313318,14
313319,0
313320,0
313321,0
313322,0
313323,0
313324,0
313325,0
313326,0
313327,0
313328,0
313329,36
313330,0
313331,0
313332,0
313333,0
313334,45
313335,0
313336,0
313337,40
313338,13
313339,29
313340,0
313341,0
313342,0
313343,0
313344,0
313345,23
313346,28
313347,0
313348,31
313349,0
313350,36
313351,0
313352,0
313353,14
313354,0
313355,0
313356,0
313357,0
313358,39
313359,0
313360,35
313361,0
313362,0
313363,0
313364,0
313365,0
313366,0
313367,0
313368,0
313369,0
313370,0
313371,0
313372,0
313373,41
313374,35
313375,18
313376,0
313377,0
313378,0
313379,0
313380,27
313381,0
313382,0
313383,0
313384,0
313385,0
313386,18
313387,0
313388,0
313389,0
313390,0
313391,0
313392,0
313393,0
313394,0
313395,0
313396,36
313397,0
313398,0
313399,0
313400,0
313401,0
313402,32
313403,0
313404,0
313405,0
313406,0
313407,25
313408,22
313409,37
313410,0
313411,0
313412,0
313413,0
313414,0
313415,0
313416,0
313417,0
313418,39
313419,46
313420,0
313421,0
313422,0
313423,0
313424,0
313425,37
313426,0
313427,0
313428,0
313429,0
313430,0
313431,0
313432,0
313433,37
313434,0
313435,0
313436,0
313437,28
313438,0
313439,0
313440,22
313441,0
313442,0
313443,0
313444,25
313445,0
313446,0
313447,0
313448,0
313449,0
313450,0
313451,30
313452,30
313453,0
313454,24
313455,0
313456,43
313457,0
313458,0
313459,0
313460,0
313461,0
313462,0
313463,0
313464,0
313465,0
313466,0
313467,0
313468,28
313469,0
313470,0
313471,0
313472,0
313473,33
313474,0
313475,0
313476,0
313477,0
313478,0
313479,0
313480,30
313481,0
313482,0
313483,25
313484,0
313485,0
313486,0
313487,0
313488,0
313489,0
313490,27
313491,0
313492,0
313493,42
313494,20
313495,0
313496,0
313497,49
313498,35
313499,0
313500,0
313501,34
313502,0
313503,0
313504,0
313505,25
313506,45
313507,0
313508,22
313509,0
313510,0
313511,0
313512,0
313513,0
313514,0
313515,0
313516,0
313517,58
313518,17
313519,0
313520,0
313521,0
313522,44
313523,28
313524,31
313525,34
313526,33
313527,0
313528,0
313529,27
313530,0
313531,0
313532,35
313533,0
313534,0
313535,0
313536,25
313537,0
313538,31
313539,0
313540,0
313541,14
313542,0
313543,19
313544,16
313545,0
313546,0
313547,0
313548,0
313549,0
313550,0
313551,18
313552,0
313553,0
313554,0
313555,0
313556,0
313557,0
313558,0
313559,0
313560,0
313561,0
313562,0
313563,0
313564,17
313565,0
313566,0
313567,0
313568,0
313569,0
313570,20
313571,0
313572,0
313573,27
313574,23
313575,0
313576,0
313577,26
313578,0
313579,17
313580,0
313581,0
313582,0
313583,24
313584,0
313585,49
313586,0
313587,0
313588,0
313589,19
313590,0
313591,0
313592,48
313593,0
313594,0
313595,0
313596,0
313597,0
313598,0
313599,0
313600,24
313601,0
313602,0
313603,0
313604,0
313605,0
313606,0
313607,0
313608,0
313609,50
313610,0
313611,29
313612,0
313613,49
313614,0
313615,0
313616,26
313617,0
313618,26
313619,56
313620,0
313621,0
313622,40
313623,23
313624,0
313625,0
313626,28
313627,0
313628,0
313629,19
313630,0
313631,32
313632,0
313633,0
313634,0
313635,16
313636,0
313637,0
313638,0
313639,0
313640,0
313641,0
313642,0
313643,0
313644,0
313645,29
313646,0
313647,0
313648,0
313649,19
313650,0
313651,23
313652,26
313653,0
313654,0
313655,0
313656,15
313657,0
313658,0
313659,0
313660,0
313661,0
313662,0
313663,18
313664,0
313665,0
313666,0
313667,0
313668,0
313669,0
313670,39
313671,0
313672,0
313673,0
313674,25
313675,31
313676,0
313677,0
313678,0
313679,0
313680,0
313681,11
313682,0
313683,16
313684,0
313685,36
313686,27
313687,31
313688,18
313689,0
313690,0
313691,0
313692,32
313693,0
313694,35
313695,0
313696,32
313697,0
313698,22
313699,14
313700,17
313701,0
313702,0
313703,0
313704,0
313705,0
313706,0
313707,0
313708,0
313709,0
313710,0
313711,0
313712,0
313713,0
313714,0
313715,0
313716,0
313717,21
313718,0
313719,26
313720,0
313721,0
313722,0
313723,15
313724,0
313725,25
313726,0
313727,21
313728,11
313729,0
313730,0
313731,0
313732,0
313733,39
313734,31
313735,0
313736,0
313737,0
313738,0
313739,0
313740,0
313741,45
313742,0
313743,0
313744,0
313745,26
313746,50
313747,24
313748,0
313749,0
313750,0
313751,19
313752,0
313753,0
313754,0
313755,26
313756,0
313757,0
313758,0
313759,0
313760,0
313761,0
313762,0
313763,0
313764,43
313765,0
313766,0
313767,0
313768,0
313769,9
313770,0
313771,37
313772,0
313773,0
313774,30
313775,33
313776,0
313777,0
313778,0
313779,0
313780,0
313781,22
313782,17
313783,0
313784,21
313785,0
313786,0
313787,0
313788,0
313789,15
313790,0
313791,0
313792,0
313793,0
313794,0
313795,0
313796,0
313797,0
313798,0
313799,0
313800,0
313801,36
313802,17
313803,0
313804,0
313805,0
313806,27
313807,0
313808,0
313809,0
313810,0
313811,27
313812,0
313813,34
313814,45
313815,0
313816,0
313817,0
313818,12
313819,0
313820,0
313821,25
313822,0
313823,0
313824,0
313825,0
313826,0
313827,0
313828,15
313829,0
313830,0
313831,0
313832,0
313833,22
313834,12
313835,0
313836,24
313837,0
313838,20
313839,0
313840,0
313841,0
313842,0
313843,0
313844,0
313845,0
313846,0
313847,0
313848,0
313849,0
313850,0
313851,0
313852,0
313853,0
313854,23
313855,0
313856,0
313857,0
313858,0
313859,0
313860,35
313861,0
313862,0
313863,0
313864,0
313865,15
313866,0
313867,0
313868,24
313869,0
313870,0
313871,0
313872,0
313873,0
313874,0
313875,0
313876,0
313877,0
313878,0
313879,0
313880,28
313881,19
313882,0
313883,0
313884,0
313885,0
313886,0
313887,0
313888,29
313889,0
313890,29
313891,17
313892,0
313893,0
313894,24
313895,0
313896,0
313897,0
313898,0
313899,0
313900,20
313901,22
313902,11
313903,0
313904,0
313905,0
313906,0
313907,0
313908,0
313909,0
313910,22
313911,0
313912,0
313913,57
313914,33
313915,0
313916,20
313917,27
313918,0
313919,0
313920,0
313921,0
313922,0
313923,0
313924,0
313925,30
313926,42
313927,0
313928,23
313929,41
313930,0
313931,0
313932,0
313933,0
313934,0
313935,0
313936,0
313937,0
313938,0
313939,18
313940,0
313941,0
313942,13
313943,0
313944,0
313945,0
313946,0
313947,0
313948,0
313949,0
313950,0
313951,0
313952,0
313953,11
313954,0
313955,0
313956,0
313957,0
313958,0
313959,0
313960,0
313961,27
313962,26
313963,0
313964,0
313965,0
313966,0
313967,27
313968,0
313969,0
313970,0
313971,0
313972,0
313973,0
313974,0
313975,0
313976,0
313977,0
313978,0
313979,0
313980,0
313981,20
313982,0
313983,23
313984,0
313985,0
313986,0
313987,0
313988,0
313989,0
313990,0
313991,0
313992,30
313993,0
313994,0
313995,0
313996,0
313997,0
313998,16
313999,0
314000,0
314001,0
314002,0
314003,0
314004,0
314005,0
314006,0
314007,30
314008,44
314009,13
314010,0
314011,0
314012,0
314013,0
314014,0
314015,0
314016,45
314017,0
314018,0
314019,0
314020,0
314021,0
314022,15
314023,21
314024,0
314025,47
314026,0
314027,9
314028,0
314029,0
314030,33
314031,0
314032,0
314033,22
314034,0
314035,27
314036,25
314037,0
314038,27
314039,0
314040,0
314041,0
314042,36
314043,0
314044,0
314045,26
314046,0
314047,18
314048,21
314049,0
314050,0
314051,0
314052,0
314053,28
314054,40
314055,0
314056,0
314057,0
314058,0
314059,0
314060,0
314061,0
314062,0
314063,0
314064,38
314065,31
314066,0
314067,0
314068,0
314069,0
314070,23
314071,0
314072,0
314073,0
314074,0
314075,21
314076,0
314077,0
314078,0
314079,0
314080,0
314081,0
314082,0
314083,0
314084,0
314085,0
314086,30
314087,0
314088,0
314089,0
314090,27
314091,0
314092,0
314093,0
314094,0
314095,0
314096,0
314097,0
314098,11
314099,0
314100,37
314101,0
314102,0
314103,0
314104,15
314105,0
314106,0
314107,0
314108,0
314109,18
314110,0
314111,10
314112,0
314113,0
314114,0
314115,0
314116,0
314117,0
314118,0
314119,0
314120,13
314121,0
314122,0
314123,0
314124,19
314125,0
314126,0
314127,36
314128,0
314129,0
314130,16
314131,0
314132,0
314133,34
314134,0
314135,0
314136,21
314137,0
314138,0
314139,0
314140,0
314141,16
314142,0
314143,0
314144,17
314145,0
314146,13
314147,0
314148,0
314149,0
314150,32
314151,0
314152,0
314153,0
314154,21
314155,14
314156,0
314157,0
314158,0
314159,17
314160,0
314161,0
314162,0
314163,0
314164,13
314165,0
314166,0
314167,0
314168,17
314169,0
314170,0
314171,16
314172,0
314173,12
314174,0
314175,37
314176,40
314177,0
314178,33
314179,0
314180,0
314181,14
314182,0
314183,12
314184,0
314185,0
314186,0
314187,0
314188,0
314189,0
314190,0
314191,0
314192,0
314193,15
314194,0
314195,0
314196,13
314197,0
314198,0
314199,0
314200,0
314201,0
314202,0
314203,0
314204,20
314205,0
314206,0
314207,0
314208,17
314209,0
314210,0
314211,0
314212,0
314213,0
314214,37
314215,0
314216,0
314217,0
314218,0
314219,0
314220,0
314221,0
314222,0
314223,0
314224,0
314225,0
314226,0
314227,25
314228,0
314229,0
314230,22
314231,21
314232,0
314233,0
314234,0
314235,0
314236,35
314237,14
314238,0
314239,0
314240,27
314241,0
314242,0
314243,0
314244,0
314245,0
314246,0
314247,0
314248,17
314249,0
314250,0
314251,26
314252,0
314253,43
314254,0
314255,0
314256,0
314257,24
314258,0
314259,0
314260,0
314261,0
314262,0
314263,0
314264,33
314265,0
314266,0
314267,0
314268,0
314269,0
314270,35
314271,0
314272,0
314273,0
314274,0
314275,19
314276,0
314277,0
314278,10
314279,0
314280,25
314281,21
314282,0
314283,29
314284,0
314285,0
314286,0
314287,0
314288,0
314289,17
314290,0
314291,25
314292,0
314293,48
314294,0
314295,0
314296,0
314297,0
314298,0
314299,0
314300,0
314301,24
314302,0
314303,0
314304,0
314305,23
314306,0
314307,0
314308,0
314309,19
314310,0
314311,0
314312,0
314313,0
314314,21
314315,16
314316,0
314317,0
314318,0
314319,0
314320,28
314321,0
314322,0
314323,0
314324,0
314325,0
314326,0
314327,0
314328,0
314329,0
314330,0
314331,0
314332,0
314333,28
314334,0
314335,17
314336,0
314337,0
314338,0
314339,0
314340,0
314341,0
314342,22
314343,17
314344,0
314345,0
314346,25
314347,0
314348,0
314349,0
314350,0
314351,0
314352,0
314353,15
314354,0
314355,0
314356,0
314357,17
314358,0
314359,0
314360,0
314361,35
314362,0
314363,0
314364,0
314365,0
314366,0
314367,0
314368,13
314369,0
314370,0
314371,0
314372,19
314373,0
314374,0
314375,0
314376,0
314377,0
314378,0
314379,0
314380,0
314381,0
314382,0
314383,0
314384,0
314385,21
314386,0
314387,0
314388,0
314389,0
314390,0
314391,0
314392,9
314393,0
314394,0
314395,0
314396,0
314397,0
314398,0
314399,0
314400,0
314401,0
314402,0
314403,9
314404,0
314405,15
314406,25
314407,14
314408,0
314409,0
314410,0
314411,0
314412,0
314413,0
314414,0
314415,0
314416,0
314417,0
314418,0
314419,0
314420,0
314421,0
314422,0
314423,0
314424,0
314425,0
314426,0
314427,0
314428,0
314429,0
314430,0
314431,0
314432,0
314433,18
314434,0
314435,0
314436,0
314437,20
314438,0
314439,0
314440,0
314441,0
314442,12
314443,0
314444,0
314445,0
314446,0
314447,0
314448,0
314449,18
314450,0
314451,0
314452,0
314453,0
314454,0
314455,18
314456,0
314457,0
314458,0
314459,0
314460,0
314461,0
314462,11
314463,0
314464,0
314465,11
314466,0
314467,0
314468,0
314469,0
314470,0
314471,15
314472,0
314473,0
314474,0
314475,0
314476,17
314477,19
314478,13
314479,10
314480,0
314481,8
314482,0
314483,0
314484,0
314485,0
314486,0
314487,0
314488,0
314489,0
314490,0
314491,0
314492,0
314493,0
314494,0
314495,0
314496,15
314497,0
314498,0
314499,0
314500,0
314501,0
314502,16
314503,0
314504,0
314505,0
314506,0
314507,0
314508,0
314509,0
314510,0
314511,0
314512,0
314513,0
314514,0
314515,0
314516,0
314517,0
314518,13
314519,0
314520,0
314521,0
314522,0
314523,0
314524,0
314525,0
314526,0
314527,0
314528,0
314529,0
314530,0
314531,0
314532,0
314533,0
314534,0
314535,0
314536,0
314537,8
314538,0
314539,0
314540,0
314541,0
314542,0
314543,0
314544,0
314545,0
314546,0
314547,0
314548,0
314549,0
314550,0
314551,17
314552,0
314553,0
314554,0
314555,0
314556,0
314557,0
314558,0
314559,0
314560,0
314561,0
314562,0
314563,0
314564,0
314565,0
314566,0
314567,9
314568,0
314569,0
314570,28
314571,0
314572,0
314573,0
314574,0
314575,0
314576,0
314577,0
314578,0
314579,0
314580,0
314581,0
314582,15
314583,0
314584,0
314585,0
314586,0
314587,0
314588,0
314589,0
314590,0
314591,15
314592,0
314593,0
314594,0
314595,0
314596,0
314597,0
314598,0
314599,21
314600,0
314601,15
314602,0
314603,0
314604,33
314605,0
314606,0
314607,0
314608,0
314609,0
314610,17
314611,0
314612,0
314613,0
314614,0
314615,21
314616,0
314617,0
314618,16
314619,23
314620,0
314621,0
314622,0
314623,0
314624,21
314625,0
314626,0
314627,0
314628,0
314629,0
314630,0
314631,0
314632,8
314633,0
314634,0
314635,0
314636,0
314637,0
314638,0
314639,0
314640,0
314641,0
314642,0
314643,0
314644,0
314645,0
314646,13
314647,0
314648,0
314649,0
314650,0
314651,0
314652,0
314653,0
314654,0
314655,0
314656,0
314657,0
314658,0
314659,8
314660,11
314661,0
314662,0
314663,0
314664,0
314665,5
314666,0
314667,0
314668,0
314669,0
314670,0
314671,0
314672,0
314673,0
314674,0
314675,0
314676,23
314677,0
314678,0
314679,0
314680,15
314681,18
314682,0
314683,0
314684,0
314685,0
314686,0
314687,0
314688,0
314689,0
314690,0
314691,0
314692,0
314693,0
314694,0
314695,0
314696,18
314697,0
314698,0
314699,0
314700,0
314701,0
314702,0
314703,0
314704,0
314705,21
314706,0
314707,0
314708,0
314709,0
314710,0
314711,0
314712,0
314713,12
314714,0
314715,0
314716,0
314717,0
314718,0
314719,0
314720,18
314721,0
314722,0
314723,0
314724,18
314725,0
314726,0
314727,0
314728,0
314729,0
314730,0
314731,0
314732,17
314733,0
314734,21
314735,0
314736,20
314737,0
314738,0
314739,0
314740,0
314741,12
314742,0
314743,0
314744,0
314745,0
314746,0
314747,0
314748,0
314749,0
314750,0
314751,0
314752,0
314753,0
314754,14
314755,24
314756,0
314757,0
314758,0
314759,0
314760,0
314761,20
314762,0
314763,15
314764,0
314765,0
314766,0
314767,0
314768,0
314769,0
314770,0
314771,0
314772,0
314773,0
314774,0
314775,0
314776,0
314777,0
314778,0
314779,0
314780,0
314781,0
314782,0
314783,0
314784,0
314785,11
314786,0
314787,16
314788,0
314789,0
314790,0
314791,0
314792,0
314793,0
314794,0
314795,0
314796,0
314797,0
314798,0
314799,0
314800,0
314801,0
314802,0
314803,14
314804,0
314805,0
314806,0
314807,0
314808,0
314809,0
314810,0
314811,0
314812,17
314813,0
314814,0
314815,0
314816,0
314817,0
314818,11
314819,18
314820,0
314821,0
314822,27
314823,0
314824,0
314825,14
314826,0
314827,0
314828,0
314829,0
314830,0
314831,0
314832,0
314833,19
314834,0
314835,0
314836,0
314837,0
314838,0
314839,24
314840,20
314841,0
314842,0
314843,0
314844,0
314845,0
314846,0
314847,0
314848,0
314849,0
314850,0
314851,0
314852,25
314853,0
314854,0
314855,0
314856,0
314857,0
314858,0
314859,0
314860,0
314861,0
314862,0
314863,0
314864,0
314865,0
314866,21
314867,0
314868,9
314869,0
314870,0
314871,13
314872,0
314873,0
314874,0
314875,0
314876,20
314877,0
314878,0
314879,0
314880,0
314881,0
314882,0
314883,0
314884,0
314885,0
314886,0
314887,0
314888,0
314889,0
314890,13
314891,0
314892,0
314893,15
314894,10
314895,0
314896,15
314897,0
314898,0
314899,0
314900,0
314901,0
314902,0
314903,0
314904,0
314905,0
314906,0
314907,0
314908,0
314909,0
314910,0
314911,18
314912,0
314913,0
314914,0
314915,34
314916,0
314917,0
314918,0
314919,0
314920,0
314921,0
314922,0
314923,18
314924,0
314925,0
314926,0
314927,0
314928,0
314929,13
314930,0
314931,21
314932,0
314933,12
314934,0
314935,0
314936,0
314937,0
314938,10
314939,0
314940,0
314941,0
314942,0
314943,13
314944,22
314945,0
314946,0
314947,0
314948,0
314949,0
314950,0
314951,0
314952,13
314953,0
314954,0
314955,0
314956,0
314957,14
314958,16
314959,0
314960,0
314961,0
314962,0
314963,0
314964,15
314965,0
314966,0
314967,0
314968,0
314969,13
314970,7
314971,0
314972,0
314973,0
314974,0
314975,0
314976,22
314977,0
314978,0
314979,0
314980,0
314981,0
314982,0
314983,0
314984,0
314985,0
314986,0
314987,0
314988,0
314989,28
314990,0
314991,0
314992,0
314993,47
314994,0
314995,0
314996,0
314997,0
314998,0
314999,32
315000,0
315001,0
315002,0
315003,0
315004,35
315005,0
315006,0
315007,0
315008,0
315009,0
315010,0
315011,0
315012,0
315013,0
315014,0
315015,0
315016,0
315017,0
315018,0
315019,0
315020,36
315021,0
315022,0
315023,0
315024,0
315025,0
315026,0
315027,0
315028,0
315029,0
315030,0
315031,31
315032,0
315033,0
315034,0
315035,0
315036,0
315037,0
315038,0
315039,34
315040,0
315041,0
315042,0
315043,0
315044,0
315045,0
315046,0
315047,0
315048,0
315049,0
315050,0
315051,0
315052,0
315053,0
315054,0
315055,0
315056,0
315057,0
315058,29
315059,0
315060,0
315061,0
315062,0
315063,28
315064,0
315065,0
315066,0
315067,0
315068,0
315069,0
315070,0
315071,0
315072,0
315073,24
315074,0
315075,0
315076,0
315077,0
315078,29
315079,0
315080,0
315081,0
315082,0
315083,0
315084,0
315085,22
315086,29
315087,0
315088,0
315089,0
315090,38
315091,0
315092,15
315093,0
315094,0
315095,0
315096,35
315097,0
315098,0
315099,0
315100,0
315101,0
315102,0
315103,0
315104,0
315105,0
315106,0
315107,0
315108,0
315109,0
315110,0
315111,0
315112,0
315113,0
315114,0
315115,0
315116,0
315117,0
315118,0
315119,28
315120,0
315121,0
315122,0
315123,0
315124,32
315125,0
315126,0
315127,0
315128,30
315129,0
315130,0
315131,0
315132,0
315133,0
315134,0
315135,0
315136,0
315137,0
315138,0
315139,0
315140,0
315141,0
315142,0
315143,0
315144,0
315145,0
315146,0
315147,0
315148,0
315149,0
315150,0
315151,0
315152,29
315153,0
315154,0
315155,0
315156,0
315157,0
315158,0
315159,0
315160,0
315161,0
315162,0
315163,0
315164,0
315165,0
315166,0
315167,0
315168,27
315169,0
315170,0
315171,27
315172,0
315173,0
315174,0
315175,0
315176,0
315177,0
315178,0
315179,17
315180,0
315181,0
315182,0
315183,0
315184,32
315185,0
315186,0
315187,0
315188,0
315189,0
315190,40
315191,0
315192,0
315193,0
315194,0
315195,0
315196,0
315197,0
315198,0
315199,0
315200,0
315201,0
315202,0
315203,0
315204,0
315205,0
315206,0
315207,0
315208,0
315209,24
315210,0
315211,0
315212,0
315213,0
315214,32
315215,0
315216,0
315217,0
315218,0
315219,32
315220,0
315221,0
315222,0
315223,0
315224,29
315225,0
315226,0
315227,0
315228,0
315229,28
315230,26
315231,31
315232,0
315233,0
315234,0
315235,0
315236,0
315237,0
315238,0
315239,0
315240,0
315241,0
315242,31
315243,0
315244,0
315245,0
315246,0
315247,0
315248,0
315249,0
315250,0
315251,0
315252,0
315253,0
315254,0
315255,0
315256,0
315257,0
315258,0
315259,0
315260,0
315261,0
315262,32
315263,0
315264,0
315265,37
315266,0
315267,0
315268,35
315269,0
315270,0
315271,0
315272,0
315273,0
315274,0
315275,0
315276,0
315277,0
315278,0
315279,0
315280,0
315281,0
315282,0
315283,0
315284,0
315285,0
315286,0
315287,0
315288,0
315289,0
315290,0
315291,0
315292,15
315293,0
315294,0
315295,35
315296,0
315297,0
315298,0
315299,0
315300,37
315301,0
315302,0
315303,0
315304,0
315305,0
315306,0
315307,0
315308,0
315309,0
315310,0
315311,0
315312,0
315313,0
315314,0
315315,0
315316,32
315317,0
315318,0
315319,0
315320,23
315321,0
315322,0
315323,0
315324,31
315325,0
315326,0
315327,31
315328,22
315329,0
315330,0
315331,0
315332,0
315333,0
315334,0
315335,0
315336,0
315337,0
315338,0
315339,0
315340,0
315341,0
315342,0
315343,0
315344,0
315345,0
315346,0
315347,0
315348,0
315349,0
315350,0
315351,0
315352,0
315353,0
315354,0
315355,0
315356,0
315357,0
315358,0
315359,0
315360,0
315361,0
315362,0
315363,0
315364,0
315365,0
315366,0
315367,0
315368,0
315369,0
315370,0
315371,0
315372,0
315373,0
315374,36
315375,0
315376,0
315377,0
315378,0
315379,0
315380,0
315381,0
315382,0
315383,0
315384,0
315385,37
315386,0
315387,0
315388,0
315389,0
315390,0
315391,0
315392,0
315393,0
315394,0
315395,0
315396,0
315397,0
315398,0
315399,0
315400,33
315401,28
315402,0
315403,0
315404,0
315405,0
315406,0
315407,35
315408,0
315409,0
315410,0
315411,0
315412,0
315413,36
315414,0
315415,0
315416,0
315417,0
315418,0
315419,0
315420,0
315421,0
315422,0
315423,0
315424,0
315425,0
315426,0
315427,0
315428,0
315429,0
315430,0
315431,0
315432,38
315433,0
315434,0
315435,0
315436,0
315437,0
315438,0
315439,0
315440,25
315441,0
315442,0
315443,25
315444,0
315445,0
315446,0
315447,0
315448,0
315449,0
315450,0
315451,0
315452,0
315453,0
315454,0
315455,0
315456,35
315457,0
315458,23
315459,21
315460,0
315461,0
315462,0
315463,0
315464,0
315465,0
315466,0
315467,0
315468,0
315469,0
315470,0
315471,41
315472,0
315473,0
315474,0
315475,0
315476,0
315477,0
315478,0
315479,0
315480,23
315481,0
315482,0
315483,0
315484,0
315485,0
315486,0
315487,0
315488,0
315489,0
315490,0
315491,0
315492,0
315493,0
315494,27
315495,0
315496,0
315497,0
315498,0
315499,0
315500,0
315501,0
315502,0
315503,29
315504,0
315505,0
315506,0
315507,0
315508,0
315509,0
315510,0
315511,0
315512,23
315513,0
315514,43
315515,0
315516,0
315517,0
315518,0
315519,0
315520,0
315521,0
315522,0
315523,0
315524,0
315525,0
315526,28
315527,0
315528,39
315529,25
315530,0
315531,0
315532,0
315533,28
315534,0
315535,0
315536,0
315537,0
315538,0
315539,0
315540,0
315541,0
315542,0
315543,0
315544,0
315545,0
315546,0
315547,0
315548,0
315549,0
315550,0
315551,0
315552,0
315553,0
315554,0
315555,0
315556,0
315557,25
315558,0
315559,0
315560,0
315561,0
315562,0
315563,0
315564,0
315565,0
315566,0
315567,0
315568,0
315569,0
315570,37
315571,0
315572,0
315573,0
315574,0
315575,0
315576,0
315577,0
315578,28
315579,0
315580,0
315581,0
315582,29
315583,0
315584,0
315585,38
315586,27
315587,0
315588,0
315589,0
315590,0
315591,0
315592,0
315593,24
315594,0
315595,0
315596,0
315597,0
315598,32
315599,0
315600,0
315601,0
315602,0
315603,0
315604,26
315605,0
315606,0
315607,0
315608,0
315609,0
315610,0
315611,0
315612,0
315613,0
315614,0
315615,0
315616,0
315617,0
315618,0
315619,0
315620,0
315621,0
315622,0
315623,35
315624,30
315625,0
315626,0
315627,0
315628,0
315629,32
315630,0
315631,26
315632,0
315633,0
315634,0
315635,0
315636,0
315637,0
315638,0
315639,0
315640,0
315641,0
315642,36
315643,0
315644,0
315645,34
315646,0
315647,0
315648,0
315649,0
315650,0
315651,0
315652,0
315653,0
315654,0
315655,0
315656,0
315657,0
315658,0
315659,0
315660,0
315661,0
315662,0
315663,0
315664,0
315665,0
315666,0
315667,0
315668,0
315669,0
315670,0
315671,0
315672,0
315673,0
315674,0
315675,0
315676,0
315677,29
315678,45
315679,0
315680,0
315681,0
315682,0
315683,0
315684,0
315685,0
315686,0
315687,0
315688,0
315689,0
315690,0
315691,0
315692,0
315693,0
315694,0
315695,23
315696,0
315697,0
315698,0
315699,0
315700,0
315701,0
315702,0
315703,0
315704,0
315705,0
315706,0
315707,0
315708,0
315709,42
315710,0
315711,0
315712,0
315713,0
315714,0
315715,0
315716,0
315717,0
315718,0
315719,0
315720,0
315721,32
315722,0
315723,0
315724,0
315725,0
315726,0
315727,0
315728,0
315729,0
315730,0
315731,0
315732,0
315733,0
315734,0
315735,0
315736,0
315737,0
315738,43
315739,0
315740,0
315741,0
315742,0
315743,0
315744,0
315745,0
315746,0
315747,0
315748,0
315749,0
315750,0
315751,0
315752,0
315753,0
315754,0
315755,0
315756,0
315757,0
315758,24
315759,0
315760,0
315761,0
315762,0
315763,0
315764,0
315765,0
315766,0
315767,0
315768,0
315769,0
315770,0
315771,0
315772,32
315773,0
315774,0
315775,0
315776,0
315777,0
315778,27
315779,0
315780,0
315781,0
315782,0
315783,0
315784,0
315785,0
315786,0
315787,0
315788,0
315789,0
315790,0
315791,0
315792,0
315793,0
315794,0
315795,0
315796,0
315797,0
315798,0
315799,0
315800,0
315801,0
315802,0
315803,0
315804,0
315805,0
315806,0
315807,0
315808,0
315809,0
315810,0
315811,0
315812,0
315813,0
315814,0
315815,0
315816,0
315817,0
315818,0
315819,0
315820,0
315821,0
315822,0
315823,0
315824,0
315825,0
315826,0
315827,0
315828,0
315829,0
315830,0
315831,0
315832,0
315833,0
315834,0
315835,0
315836,0
315837,0
315838,0
315839,0
315840,0
315841,0
315842,0
315843,0
315844,0
315845,0
315846,0
315847,0
315848,0
315849,0
315850,0
315851,0
315852,0
315853,0
315854,0
315855,0
315856,0
315857,0
315858,0
315859,0
315860,0
315861,0
315862,0
315863,0
315864,0
315865,0
315866,0
315867,0
315868,0
315869,0
315870,0
315871,0
315872,0
315873,0
315874,0
315875,0
315876,0
315877,0
315878,0
315879,0
315880,0
315881,0
315882,0
315883,0
315884,0
315885,0
315886,0
315887,0
315888,0
315889,0
315890,0
315891,0
315892,0
315893,0
315894,0
315895,0
315896,0
315897,0
315898,0
315899,0
315900,0
315901,0
315902,0
315903,0
315904,0
315905,0
315906,0
315907,0
315908,0
315909,0
315910,0
315911,0
315912,0
315913,0
315914,0
315915,0
315916,0
315917,0
315918,0
315919,0
315920,0
315921,0
315922,0
315923,0
315924,0
315925,0
315926,0
315927,0
315928,0
315929,0
315930,0
315931,0
315932,0
315933,0
315934,0
315935,0
315936,0
315937,0
315938,0
315939,0
315940,0
315941,0
315942,0
315943,0
315944,0
315945,0
315946,0
315947,0
315948,0
315949,0
315950,0
315951,1
315952,0
315953,0
315954,0
315955,0
315956,0
315957,0
315958,0
315959,0
315960,0
315961,0
315962,0
315963,0
315964,0
315965,0
315966,0
315967,0
315968,0
315969,0
315970,0
315971,0
315972,0
315973,0
315974,0
315975,0
315976,0
315977,0
315978,0
315979,0
315980,0
315981,0
315982,0
315983,0
315984,0
315985,0
315986,0
315987,0
315988,0
315989,0
315990,0
315991,0
315992,0
315993,0
315994,0
315995,0
315996,0
315997,0
315998,0
315999,0
316000,0
316001,0
316002,0
316003,0
316004,0
316005,0
316006,0
316007,0
316008,0
316009,0
316010,0
316011,0
316012,0
316013,0
316014,0
316015,0
316016,0
316017,0
316018,0
316019,0
316020,0
316021,0
316022,0
316023,0
316024,0
316025,0
316026,0
316027,0
316028,0
316029,0
316030,0
316031,0
316032,0
316033,0
316034,0
316035,0
316036,0
316037,0
316038,0
316039,0
316040,0
316041,0
316042,0
316043,0
316044,0
316045,0
316046,0
316047,0
316048,0
316049,0
316050,0
316051,0
316052,0
316053,0
316054,0
316055,0
316056,0
316057,0
316058,0
316059,0
316060,0
316061,0
316062,0
316063,0
316064,0
316065,0
316066,0
316067,0
316068,0
316069,0
316070,0
316071,0
316072,0
316073,0
316074,0
316075,0
316076,0
316077,0
316078,0
316079,0
316080,0
316081,0
316082,0
316083,0
316084,0
316085,0
316086,0
316087,0
316088,0
316089,0
316090,0
316091,0
316092,0
316093,0
316094,0
316095,0
316096,0
316097,0
316098,0
316099,0
316100,0
316101,0
316102,0
316103,0
316104,0
316105,0
316106,0
316107,0
316108,0
316109,0
316110,0
316111,0
316112,0
316113,0
316114,0
316115,0
316116,0
316117,0
316118,0
316119,0
316120,0
316121,0
316122,0
316123,0
316124,0
316125,0
316126,0
316127,0
316128,0
316129,0
316130,0
316131,0
316132,0
316133,0
316134,0
316135,0
316136,0
316137,0
316138,0
316139,0
316140,0
316141,0
316142,0
316143,0
316144,0
316145,0
316146,0
316147,0
316148,0
316149,0
316150,0
316151,0
316152,0
316153,0
316154,0
316155,0
316156,0
316157,0
316158,0
316159,0
316160,0
316161,0
316162,0
316163,0
316164,0
316165,0
316166,0
316167,0
316168,0
316169,0
316170,0
316171,0
316172,0
316173,0
316174,0
316175,0
316176,0
316177,0
316178,0
316179,0
316180,0
316181,0
316182,0
316183,0
316184,0
316185,0
316186,0
316187,0
316188,0
316189,0
316190,0
316191,0
316192,0
316193,0
316194,0
316195,0
316196,0
316197,0
316198,0
316199,0
316200,0
316201,0
316202,0
316203,0
316204,0
316205,0
316206,0
316207,0
316208,0
316209,0
316210,0
316211,0
316212,0
316213,0
316214,0
316215,0
316216,1
316217,0
316218,0
316219,0
316220,0
316221,0
316222,0
316223,0
316224,0
316225,0
316226,0
316227,0
316228,0
316229,0
316230,0
316231,0
316232,0
316233,0
316234,0
316235,0
316236,0
316237,0
316238,0
316239,0
316240,0
316241,0
316242,0
316243,0
316244,0
316245,0
316246,0
316247,0
316248,0
316249,0
316250,0
316251,0
316252,0
316253,0
316254,0
316255,0
316256,0
316257,0
316258,0
316259,0
316260,0
316261,0
316262,0
316263,0
316264,0
316265,0
316266,0
316267,0
316268,0
316269,0
316270,0
316271,0
316272,0
316273,0
316274,0
316275,0
316276,0
316277,0
316278,0
316279,0
316280,0
316281,0
316282,0
316283,0
316284,0
316285,0
316286,0
316287,0
316288,0
316289,0
316290,0
316291,0
316292,0
316293,0
316294,0
316295,0
316296,0
316297,0
316298,0
316299,0
316300,0
316301,0
316302,0
316303,0
316304,0
316305,0
316306,0
316307,0
316308,0
316309,0
316310,0
316311,0
316312,0
316313,0
316314,0
316315,0
316316,0
316317,0
316318,0
316319,0
316320,0
316321,0
316322,0
316323,0
316324,0
316325,0
316326,0
316327,0
316328,0
316329,0
316330,0
316331,0
316332,0
316333,0
316334,0
316335,0
316336,0
316337,0
316338,0
316339,0
316340,0
316341,0
316342,0
316343,0
316344,0
316345,0
316346,0
316347,0
316348,0
316349,0
316350,0
316351,0
316352,0
316353,0
316354,0
316355,0
316356,0
316357,0
316358,0
316359,0
316360,0
316361,0
316362,0
316363,0
316364,0
316365,0
316366,0
316367,0
316368,0
316369,0
316370,0
316371,0
316372,0
316373,0
316374,0
316375,0
316376,0
316377,0
316378,0
316379,0
316380,0
316381,0
316382,0
316383,0
316384,0
316385,0
316386,0
316387,0
316388,0
316389,0
316390,0
316391,0
316392,0
316393,0
316394,0
316395,0
316396,0
316397,0
316398,0
316399,0
316400,0
316401,0
316402,0
316403,0
316404,0
316405,0
316406,0
316407,0
316408,0
316409,0
316410,0
316411,0
316412,0
316413,0
316414,0
316415,0
316416,0
316417,0
316418,0
316419,0
316420,0
316421,0
316422,0
316423,0
316424,0
316425,0
316426,0
316427,0
316428,0
316429,0
316430,0
316431,0
316432,0
316433,0
316434,0
316435,0
316436,0
316437,0
316438,0
316439,0
316440,0
316441,0
316442,0
316443,0
316444,0
316445,0
316446,22
316447,0
316448,15
316449,0
316450,0
316451,14
316452,18
316453,0
316454,0
316455,0
316456,0
316457,0
316458,0
316459,29
316460,0
316461,19
316462,0
316463,32
316464,48
316465,0
316466,0
316467,13
316468,0
316469,30
316470,0
316471,0
316472,0
316473,21
316474,0
316475,32
316476,0
316477,0
316478,29
316479,0
316480,0
316481,0
316482,0
316483,22
316484,0
316485,17
316486,0
316487,16
316488,0
316489,0
316490,0
316491,0
316492,23
316493,0
316494,25
316495,28
316496,0
316497,0
316498,0
316499,0
316500,33
316501,22
316502,0
316503,21
316504,0
316505,26
316506,24
316507,0
316508,0
316509,0
316510,0
316511,0
316512,0
316513,0
316514,0
316515,0
316516,28
316517,0
316518,0
316519,0
316520,44
316521,0
316522,0
316523,0
316524,33
316525,0
316526,0
316527,24
316528,0
316529,0
316530,0
316531,0
316532,0
316533,0
316534,0
316535,16
316536,0
316537,0
316538,0
316539,0
316540,0
316541,0
316542,22
316543,0
316544,0
316545,21
316546,23
316547,20
316548,0
316549,0
316550,37
316551,0
316552,17
316553,26
316554,20
316555,0
316556,29
316557,0
316558,0
316559,0
316560,29
316561,20
316562,0
316563,0
316564,0
316565,0
316566,0
316567,10
316568,0
316569,0
316570,0
316571,0
316572,0
316573,0
316574,0
316575,0
316576,24
316577,0
316578,0
316579,0
316580,0
316581,0
316582,18
316583,24
316584,0
316585,0
316586,0
316587,16
316588,0
316589,28
316590,28
316591,16
316592,26
316593,0
316594,0
316595,0
316596,0
316597,0
316598,0
316599,0
316600,0
316601,34
316602,0
316603,0
316604,0
316605,29
316606,17
316607,29
316608,0
316609,0
316610,30
316611,36
316612,0
316613,0
316614,0
316615,0
316616,0
316617,0
316618,0
316619,0
316620,0
316621,0
316622,0
316623,0
316624,0
316625,0
316626,0
316627,0
316628,19
316629,0
316630,0
316631,0
316632,0
316633,21
316634,0
316635,0
316636,17
316637,0
316638,0
316639,0
316640,0
316641,0
316642,38
316643,0
316644,20
316645,0
316646,0
316647,0
316648,0
316649,0
316650,22
316651,0
316652,0
316653,0
316654,0
316655,0
316656,0
316657,27
316658,0
316659,0
316660,22
316661,0
316662,0
316663,0
316664,32
316665,0
316666,0
316667,0
316668,0
316669,0
316670,21
316671,19
316672,0
316673,0
316674,26
316675,23
316676,0
316677,0
316678,0
316679,19
316680,27
316681,0
316682,0
316683,33
316684,0
316685,0
316686,0
316687,0
316688,0
316689,0
316690,0
316691,0
316692,16
316693,0
316694,0
316695,0
316696,14
316697,23
316698,13
316699,0
316700,0
316701,0
316702,0
316703,0
316704,0
316705,0
316706,0
316707,0
316708,20
316709,0
316710,0
316711,0
316712,0
316713,27
316714,24
316715,18
316716,0
316717,0
316718,0
316719,31
316720,26
316721,0
316722,0
316723,0
316724,0
316725,28
316726,0
316727,0
316728,0
316729,0
316730,0
316731,0
316732,0
316733,27
316734,0
316735,0
316736,0
316737,0
316738,0
316739,0
316740,0
316741,0
316742,0
316743,0
316744,0
316745,0
316746,0
316747,0
316748,0
316749,0
316750,32
316751,0
316752,0
316753,0
316754,0
316755,0
316756,12
316757,0
316758,20
316759,0
316760,0
316761,0
316762,0
316763,0
316764,19
316765,0
316766,32
316767,0
316768,0
316769,0
316770,0
316771,0
316772,18
316773,0
316774,0
316775,0
316776,0
316777,0
316778,0
316779,0
316780,15
316781,37
316782,0
316783,0
316784,0
316785,0
316786,18
316787,0
316788,21
316789,27
316790,0
316791,0
316792,0
316793,0
316794,0
316795,0
316796,0
316797,0
316798,0
316799,0
316800,0
316801,0
316802,28
316803,0
316804,0
316805,0
316806,0
316807,0
316808,27
316809,0
316810,0
316811,0
316812,0
316813,17
316814,22
316815,0
316816,0
316817,0
316818,31
316819,0
316820,0
316821,33
316822,0
316823,21
316824,0
316825,0
316826,0
316827,0
316828,0
316829,36
316830,0
316831,23
316832,0
316833,0
316834,0
316835,0
316836,0
316837,0
316838,0
316839,0
316840,34
316841,22
316842,0
316843,0
316844,0
316845,0
316846,0
316847,32
316848,0
316849,14
316850,0
316851,0
316852,0
316853,0
316854,0
316855,26
316856,0
316857,0
316858,19
316859,0
316860,0
316861,0
316862,0
316863,0
316864,22
316865,0
316866,30
316867,0
316868,0
316869,0
316870,0
316871,0
316872,0
316873,39
316874,31
316875,0
316876,0
316877,0
316878,0
316879,0
316880,0
316881,0
316882,0
316883,21
316884,0
316885,0
316886,0
316887,0
316888,0
316889,0
316890,24
316891,0
316892,19
316893,0
316894,28
316895,0
316896,0
316897,29
316898,0
316899,0
316900,0
316901,0
316902,23
316903,0
316904,0
316905,0
316906,30
316907,0
316908,0
316909,0
316910,0
316911,0
316912,0
316913,0
316914,22
316915,0
316916,0
316917,0
316918,0
316919,17
316920,0
316921,0
316922,0
316923,25
316924,0
316925,0
316926,19
316927,0
316928,10
316929,0
316930,0
316931,0
316932,0
316933,33
316934,28
316935,0
316936,0
316937,0
316938,0
316939,0
316940,32
316941,0
316942,0
316943,0
316944,14
316945,0
316946,0
316947,0
316948,0
316949,0
316950,14
316951,25
316952,0
316953,0
316954,0
316955,0
316956,0
316957,0
316958,0
316959,0
316960,25
316961,0
316962,0
316963,0
316964,0
316965,15
316966,0
316967,0
316968,0
316969,0
316970,0
316971,0
316972,0
316973,0
316974,0
316975,0
316976,19
316977,0
316978,0
316979,0
316980,27
316981,0
316982,0
316983,0
316984,0
316985,17
316986,33
316987,0
316988,0
316989,23
316990,0
316991,0
316992,0
316993,0
316994,0
316995,28
316996,0
316997,0
316998,0
316999,0
317000,0
317001,12
317002,0
317003,0
317004,0
317005,26
317006,0
317007,0
317008,0
317009,0
317010,0
317011,0
317012,28
317013,0
317014,13
317015,21
317016,0
317017,0
317018,0
317019,0
317020,13
317021,0
317022,0
317023,0
317024,19
317025,0
317026,0
317027,0
317028,23
317029,0
317030,0
317031,0
317032,23
317033,0
317034,23
317035,0
317036,0
317037,0
317038,0
317039,0
317040,0
317041,19
317042,0
317043,0
317044,0
317045,0
317046,0
317047,15
317048,0
317049,14
317050,25
317051,0
317052,0
317053,0
317054,0
317055,0
317056,0
317057,0
317058,21
317059,21
317060,0
317061,0
317062,0
317063,0
317064,0
317065,0
317066,0
317067,33
317068,0
317069,0
317070,0
317071,0
317072,0
317073,0
317074,0
317075,0
317076,23
317077,0
317078,0
317079,0
317080,0
317081,0
317082,0
317083,0
317084,24
317085,0
317086,21
317087,0
317088,0
317089,17
317090,0
317091,0
317092,0
317093,0
317094,21
317095,0
317096,0
317097,0
317098,0
317099,0
317100,0
317101,0
317102,0
317103,0
317104,0
317105,0
317106,21
317107,0
317108,0
317109,0
317110,0
317111,0
317112,0
317113,0
317114,0
317115,19
317116,0
317117,0
317118,0
317119,0
317120,24
317121,19
317122,0
317123,0
317124,0
317125,0
317126,0
317127,0
317128,0
317129,31
317130,0
317131,27
317132,0
317133,17
317134,0
317135,0
317136,0
317137,0
317138,0
317139,32
317140,23
317141,0
317142,32
317143,0
317144,0
317145,0
317146,0
317147,0
317148,0
317149,0
317150,25
317151,0
317152,0
317153,21
317154,0
317155,0
317156,0
317157,0
317158,0
317159,0
317160,0
317161,0
317162,0
317163,0
317164,28
317165,0
317166,0
317167,0
317168,19
317169,0
317170,0
317171,0
317172,0
317173,0
317174,20
317175,0
317176,0
317177,0
317178,0
317179,0
317180,0
317181,31
317182,0
317183,0
317184,0
317185,0
317186,0
317187,0
317188,24
317189,0
317190,31
317191,0
317192,0
317193,0
317194,23
317195,0
317196,0
317197,24
317198,0
317199,0
317200,0
317201,26
317202,0
317203,0
317204,0
317205,0
317206,0
317207,0
317208,0
317209,0
317210,0
317211,23
317212,24
317213,0
317214,0
317215,0
317216,37
317217,20
317218,0
317219,0
317220,0
317221,0
317222,0
317223,15
317224,0
317225,13
317226,0
317227,0
317228,0
317229,0
317230,0
317231,0
317232,0
317233,0
317234,0
317235,27
317236,0
317237,0
317238,0
317239,0
317240,0
317241,0
317242,0
317243,0
317244,0
317245,0
317246,0
317247,20
317248,0
317249,0
317250,0
317251,32
317252,0
317253,35
317254,19
317255,32
317256,0
317257,0
317258,0
317259,0
317260,0
317261,0
317262,0
317263,0
317264,0
317265,0
317266,0
317267,0
317268,0
317269,0
317270,0
317271,30
317272,0
317273,0
317274,0
317275,26
317276,0
317277,0
317278,0
317279,0
317280,0
317281,26
317282,0
317283,0
317284,0
317285,0
317286,0
317287,0
317288,0
317289,0
317290,23
317291,0
317292,0
317293,0
317294,0
317295,0
317296,0
317297,0
317298,0
317299,0
317300,0
317301,27
317302,0
317303,0
317304,0
317305,0
317306,0
317307,0
317308,0
317309,0
317310,0
317311,0
317312,0
317313,21
317314,0
317315,0
317316,0
317317,0
317318,0
317319,0
317320,27
317321,0
317322,0
317323,0
317324,0
317325,0
317326,0
317327,0
317328,28
317329,26
317330,0
317331,0
317332,0
317333,16
317334,0
317335,0
317336,0
317337,0
317338,0
317339,30
317340,0
317341,0
317342,0
317343,0
317344,0
317345,0
317346,0
317347,0
317348,33
317349,27
317350,23
317351,0
317352,22
317353,0
317354,22
317355,0
317356,0
317357,22
317358,0
317359,0
317360,0
317361,35
317362,0
317363,0
317364,0
317365,0
317366,0
317367,0
317368,0
317369,0
317370,0
317371,0
317372,29
317373,0
317374,24
317375,0
317376,0
317377,0
317378,16
317379,0
317380,28
317381,29
317382,22
317383,0
317384,0
317385,0
317386,0
317387,25
317388,0
317389,0
317390,0
317391,0
317392,0
317393,0
317394,0
317395,0
317396,0
317397,0
317398,0
317399,0
317400,0
317401,0
317402,0
317403,0
317404,0
317405,0
317406,14
317407,0
317408,0
317409,21
317410,0
317411,0
317412,0
317413,0
317414,0
317415,0
317416,0
317417,0
317418,0
317419,0
317420,0
317421,0
317422,29
317423,0
317424,0
317425,0
317426,0
317427,0
317428,0
317429,0
317430,0
317431,0
317432,0
317433,0
317434,0
317435,0
317436,0
317437,0
317438,0
317439,0
317440,0
317441,0
317442,0
317443,26
317444,18
317445,0
317446,0
317447,28
317448,0
317449,0
317450,0
317451,36
317452,0
317453,0
317454,0
317455,0
317456,0
317457,17
317458,0
317459,0
317460,0
317461,0
317462,0
317463,29
317464,0
317465,0
317466,0
317467,0
317468,0
317469,0
317470,0
317471,33
317472,24
317473,0
317474,22
317475,0
317476,0
317477,35
317478,0
317479,22
317480,0
317481,0
317482,0
317483,0
317484,0
317485,37
317486,0
317487,0
317488,18
317489,0
317490,0
317491,36
317492,0
317493,16
317494,0
317495,0
317496,0
317497,0
317498,0
317499,0
317500,0
317501,0
317502,24
317503,0
317504,0
317505,0
317506,0
317507,0
317508,0
317509,37
317510,0
317511,0
317512,0
317513,0
317514,0
317515,0
317516,0
317517,0
317518,0
317519,0
317520,0
317521,0
317522,0
317523,0
317524,0
317525,25
317526,0
317527,0
317528,0
317529,17
317530,0
317531,26
317532,15
317533,0
317534,0
317535,0
317536,27
317537,0
317538,0
317539,0
317540,0
317541,18
317542,0
317543,28
317544,0
317545,0
317546,0
317547,0
317548,27
317549,0
317550,0
317551,0
317552,0
317553,0
317554,0
317555,0
317556,28
317557,20
317558,0
317559,0
317560,24
317561,13
317562,0
317563,0
317564,0
317565,0
317566,0
317567,0
317568,5
317569,0
317570,0
317571,14
317572,9
317573,0
317574,0
317575,0
317576,0
317577,0
317578,0
317579,0
317580,0
317581,0
317582,0
317583,30
317584,22
317585,0
317586,19
317587,2
317588,0
317589,0
317590,0
317591,0
317592,0
317593,8
317594,0
317595,0
317596,10
317597,0
317598,20
317599,0
317600,15
317601,0
317602,17
317603,0
317604,0
317605,9
317606,12
317607,0
317608,0
317609,22
317610,0
317611,6
317612,6
317613,7
317614,0
317615,0
317616,4
317617,0
317618,0
317619,0
317620,16
317621,0
317622,0
317623,0
317624,6
317625,0
317626,0
317627,0
317628,12
317629,11
317630,0
317631,18
317632,10
317633,0
317634,0
317635,0
317636,0
317637,0
317638,0
317639,0
317640,0
317641,0
317642,23
317643,0
317644,0
317645,0
317646,15
317647,13
317648,0
317649,0
317650,6
317651,0
317652,15
317653,9
317654,11
317655,0
317656,0
317657,13
317658,0
317659,0
317660,9
317661,0
317662,18
317663,0
317664,24
317665,6
317666,0
317667,0
317668,0
317669,0
317670,0
317671,0
317672,0
317673,12
317674,32
317675,17
317676,0
317677,0
317678,7
317679,0
317680,16
317681,0
317682,0
317683,0
317684,0
317685,0
317686,0
317687,0
317688,0
317689,11
317690,0
317691,0
317692,9
317693,0
317694,0
317695,0
317696,16
317697,0
317698,0
317699,0
317700,0
317701,14
317702,0
317703,0
317704,14
317705,14
317706,0
317707,0
317708,0
317709,16
317710,0
317711,13
317712,0
317713,31
317714,0
317715,7
317716,0
317717,0
317718,0
317719,19
317720,12
317721,0
317722,0
317723,0
317724,0
317725,0
317726,0
317727,0
317728,0
317729,0
317730,0
317731,0
317732,0
317733,31
317734,0
317735,0
317736,0
317737,0
317738,0
317739,0
317740,18
317741,0
317742,0
317743,0
317744,16
317745,0
317746,0
317747,0
317748,0
317749,0
317750,0
317751,0
317752,0
317753,0
317754,0
317755,0
317756,0
317757,0
317758,5
317759,0
317760,0
317761,0
317762,28
317763,19
317764,0
317765,0
317766,11
317767,0
317768,0
317769,0
317770,0
317771,21
317772,0
317773,16
317774,0
317775,24
317776,0
317777,8
317778,0
317779,0
317780,0
317781,0
317782,0
317783,0
317784,0
317785,9
317786,0
317787,31
317788,21
317789,0
317790,0
317791,15
317792,0
317793,9
317794,7
317795,4
317796,10
317797,0
317798,0
317799,0
317800,0
317801,1
317802,0
317803,0
317804,14
317805,0
317806,0
317807,0
317808,0
317809,0
317810,14
317811,0
317812,10
317813,14
317814,0
317815,16
317816,0
317817,6
317818,14
317819,0
317820,0
317821,0
317822,0
317823,4
317824,0
317825,0
317826,0
317827,0
317828,0
317829,0
317830,26
317831,0
317832,0
317833,0
317834,0
317835,0
317836,0
317837,0
317838,0
317839,0
317840,0
317841,0
317842,0
317843,0
317844,0
317845,0
317846,0
317847,20
317848,0
317849,0
317850,0
317851,0
317852,0
317853,0
317854,0
317855,0
317856,0
317857,0
317858,0
317859,0
317860,15
317861,0
317862,0
317863,0
317864,0
317865,0
317866,0
317867,0
317868,22
317869,0
317870,0
317871,0
317872,22
317873,0
317874,0
317875,0
317876,0
317877,0
317878,0
317879,0
317880,0
317881,0
317882,0
317883,0
317884,0
317885,0
317886,0
317887,0
317888,0
317889,0
317890,0
317891,0
317892,0
317893,0
317894,0
317895,0
317896,0
317897,0
317898,0
317899,0
317900,0
317901,0
317902,0
317903,0
317904,0
317905,0
317906,0
317907,0
317908,0
317909,0
317910,0
317911,0
317912,0
317913,0
317914,0
317915,0
317916,0
317917,0
317918,0
317919,0
317920,0
317921,0
317922,0
317923,0
317924,0
317925,0
317926,26
317927,0
317928,0
317929,0
317930,0
317931,0
317932,0
317933,0
317934,0
317935,0
317936,0
317937,0
317938,0
317939,0
317940,0
317941,0
317942,0
317943,0
317944,0
317945,0
317946,0
317947,24
317948,0
317949,0
317950,0
317951,0
317952,0
317953,0
317954,0
317955,0
317956,0
317957,27
317958,0
317959,0
317960,0
317961,0
317962,0
317963,0
317964,0
317965,0
317966,0
317967,0
317968,0
317969,0
317970,0
317971,0
317972,0
317973,0
317974,0
317975,0
317976,0
317977,0
317978,20
317979,0
317980,0
317981,0
317982,0
317983,0
317984,0
317985,0
317986,0
317987,0
317988,0
317989,0
317990,0
317991,0
317992,0
317993,0
317994,0
317995,0
317996,0
317997,0
317998,0
317999,0
318000,0
318001,0
318002,0
318003,0
318004,0
318005,0
318006,0
318007,24
318008,0
318009,0
318010,0
318011,0
318012,0
318013,0
318014,0
318015,0
318016,0
318017,0
318018,0
318019,0
318020,0
318021,0
318022,0
318023,0
318024,0
318025,0
318026,0
318027,0
318028,0
318029,19
318030,0
318031,0
318032,0
318033,0
318034,0
318035,0
318036,0
318037,0
318038,0
318039,0
318040,0
318041,0
318042,0
318043,0
318044,0
318045,0
318046,0
318047,0
318048,0
318049,0
318050,0
318051,0
318052,0
318053,22
318054,0
318055,0
318056,0
318057,0
318058,0
318059,0
318060,0
318061,0
318062,0
318063,0
318064,0
318065,0
318066,0
318067,0
318068,0
318069,0
318070,0
318071,0
318072,0
318073,0
318074,19
318075,0
318076,0
318077,0
318078,0
318079,0
318080,0
318081,0
318082,0
318083,0
318084,0
318085,0
318086,0
318087,0
318088,0
318089,0
318090,0
318091,0
318092,0
318093,0
318094,0
318095,0
318096,0
318097,0
318098,0
318099,0
318100,17
318101,0
318102,0
318103,0
318104,0
318105,0
318106,0
318107,0
318108,28
318109,0
318110,0
318111,0
318112,0
318113,0
318114,0
318115,0
318116,0
318117,0
318118,0
318119,0
318120,0
318121,0
318122,31
318123,0
318124,0
318125,0
318126,0
318127,0
318128,0
318129,0
318130,0
318131,0
318132,0
318133,0
318134,14
318135,0
318136,0
318137,0
318138,0
318139,0
318140,0
318141,0
318142,0
318143,0
318144,0
318145,0
318146,0
318147,0
318148,0
318149,0
318150,0
318151,0
318152,0
318153,0
318154,0
318155,0
318156,0
318157,0
318158,0
318159,0
318160,0
318161,0
318162,0
318163,0
318164,0
318165,0
318166,0
318167,0
318168,0
318169,0
318170,0
318171,0
318172,0
318173,0
318174,0
318175,0
318176,0
318177,0
318178,0
318179,0
318180,0
318181,0
318182,0
318183,0
318184,0
318185,0
318186,0
318187,0
318188,0
318189,0
318190,0
318191,0
318192,0
318193,0
318194,14
318195,0
318196,0
318197,0
318198,0
318199,0
318200,0
318201,0
318202,29
318203,0
318204,0
318205,0
318206,0
318207,0
318208,0
318209,0
318210,0
318211,0
318212,0
318213,0
318214,0
318215,0
318216,0
318217,0
318218,0
318219,0
318220,0
318221,0
318222,0
318223,0
318224,0
318225,0
318226,0
318227,0
318228,0
318229,0
318230,0
318231,0
318232,0
318233,0
318234,0
318235,0
318236,19
318237,16
318238,0
318239,0
318240,0
318241,0
318242,0
318243,0
318244,0
318245,0
318246,0
318247,0
318248,22
318249,0
318250,18
318251,0
318252,0
318253,20
318254,0
318255,0
318256,0
318257,0
318258,0
318259,0
318260,0
318261,0
318262,0
318263,0
318264,0
318265,0
318266,0
318267,0
318268,0
318269,0
318270,0
318271,0
318272,0
318273,0
318274,0
318275,0
318276,0
318277,24
318278,0
318279,0
318280,0
318281,0
318282,0
318283,0
318284,0
318285,0
318286,0
318287,0
318288,0
318289,0
318290,0
318291,0
318292,0
318293,0
318294,0
318295,0
318296,0
318297,20
318298,0
318299,0
318300,0
318301,0
318302,0
318303,0
318304,0
318305,0
318306,16
318307,0
318308,0
318309,0
318310,0
318311,0
318312,16
318313,0
318314,0
318315,0
318316,0
318317,0
318318,0
318319,0
318320,0
318321,0
318322,0
318323,0
318324,0
318325,0
318326,0
318327,12
318328,0
318329,0
318330,0
318331,0
318332,0
318333,0
318334,0
318335,0
318336,0
318337,0
318338,0
318339,0
318340,0
318341,0
318342,0
318343,0
318344,0
318345,0
318346,0
318347,0
318348,0
318349,0
318350,0
318351,0
318352,0
318353,0
318354,0
318355,0
318356,0
318357,0
318358,0
318359,0
318360,0
318361,25
318362,20
318363,0
318364,0
318365,0
318366,0
318367,0
318368,0
318369,0
318370,0
318371,0
318372,26
318373,0
318374,28
318375,0
318376,0
318377,0
318378,0
318379,0
318380,0
318381,0
318382,0
318383,0
318384,17
318385,0
318386,0
318387,0
318388,0
318389,0
318390,0
318391,0
318392,0
318393,0
318394,0
318395,0
318396,0
318397,0
318398,0
318399,0
318400,0
318401,0
318402,0
318403,0
318404,0
318405,0
318406,0
318407,0
318408,0
318409,0
318410,25
318411,0
318412,0
318413,0
318414,0
318415,23
318416,0
318417,0
318418,0
318419,0
318420,0
318421,0
318422,0
318423,0
318424,0
318425,0
318426,0
318427,0
318428,0
318429,0
318430,0
318431,0
318432,0
318433,21
318434,0
318435,0
318436,0
318437,0
318438,0
318439,0
318440,0
318441,0
318442,0
318443,0
318444,8
318445,0
318446,0
318447,4
318448,0
318449,0
318450,0
318451,0
318452,0
318453,0
318454,0
318455,0
318456,0
318457,21
318458,0
318459,0
318460,31
318461,0
318462,0
318463,0
318464,0
318465,0
318466,0
318467,0
318468,0
318469,24
318470,18
318471,0
318472,0
318473,0
318474,0
318475,0
318476,0
318477,0
318478,0
318479,0
318480,13
318481,0
318482,19
318483,16
318484,0
318485,0
318486,0
318487,0
318488,0
318489,0
318490,0
318491,0
318492,0
318493,24
318494,0
318495,0
318496,28
318497,0
318498,0
318499,17
318500,0
318501,0
318502,0
318503,0
318504,0
318505,0
318506,0
318507,0
318508,0
318509,0
318510,0
318511,21
318512,29
318513,0
318514,0
318515,0
318516,0
318517,0
318518,0
318519,0
318520,0
318521,0
318522,0
318523,0
318524,0
318525,0
318526,0
318527,0
318528,32
318529,0
318530,0
318531,0
318532,25
318533,0
318534,0
318535,0
318536,0
318537,0
318538,0
318539,0
318540,0
318541,0
318542,0
318543,0
318544,0
318545,0
318546,0
318547,0
318548,0
318549,0
318550,0
318551,0
318552,11
318553,0
318554,0
318555,0
318556,27
318557,0
318558,0
318559,0
318560,0
318561,0
318562,0
318563,0
318564,0
318565,0
318566,0
318567,0
318568,0
318569,0
318570,27
318571,0
318572,0
318573,0
318574,0
318575,0
318576,18
318577,0
318578,0
318579,0
318580,24
318581,0
318582,0
318583,17
318584,0
318585,0
318586,0
318587,19
318588,0
318589,0
318590,0
318591,0
318592,0
318593,0
318594,0
318595,13
318596,0
318597,0
318598,0
318599,15
318600,0
318601,15
318602,0
318603,0
318604,0
318605,0
318606,0
318607,18
318608,20
318609,0
318610,0
318611,24
318612,0
318613,0
318614,0
318615,14
318616,0
318617,0
318618,0
318619,29
318620,0
318621,0
318622,0
318623,0
318624,0
318625,0
318626,0
318627,0
318628,0
318629,0
318630,12
318631,18
318632,0
318633,0
318634,0
318635,0
318636,0
318637,0
318638,0
318639,0
318640,0
318641,0
318642,17
318643,0
318644,14
318645,0
318646,19
318647,22
318648,0
318649,0
318650,0
318651,0
318652,0
318653,0
318654,28
318655,0
318656,24
318657,22
318658,0
318659,0
318660,0
318661,0
318662,0
318663,17
318664,0
318665,0
318666,0
318667,0
318668,23
318669,0
318670,0
318671,0
318672,19
318673,0
318674,0
318675,0
318676,0
318677,0
318678,0
318679,20
318680,0
318681,0
318682,0
318683,0
318684,0
318685,13
318686,0
318687,0
318688,0
318689,0
318690,0
318691,0
318692,0
318693,0
318694,0
318695,0
318696,0
318697,0
318698,0
318699,0
318700,0
318701,0
318702,0
318703,0
318704,0
318705,0
318706,0
318707,0
318708,22
318709,0
318710,0
318711,0
318712,29
318713,0
318714,0
318715,0
318716,0
318717,0
318718,0
318719,0
318720,22
318721,0
318722,0
318723,0
318724,0
318725,0
318726,17
318727,14
318728,0
318729,32
318730,0
318731,0
318732,0
318733,0
318734,0
318735,0
318736,0
318737,0
318738,0
318739,15
318740,0
318741,0
318742,0
318743,0
318744,16
318745,0
318746,16
318747,0
318748,0
318749,0
318750,0
318751,0
318752,0
318753,0
318754,14
318755,0
318756,0
318757,0
318758,0
318759,12
318760,0
318761,0
318762,0
318763,0
318764,0
318765,0
318766,22
318767,0
318768,0
318769,0
318770,0
318771,0
318772,0
318773,0
318774,0
318775,0
318776,0
318777,0
318778,0
318779,0
318780,25
318781,0
318782,17
318783,0
318784,0
318785,0
318786,0
318787,0
318788,0
318789,0
318790,0
318791,0
318792,0
318793,0
318794,0
318795,0
318796,0
318797,0
318798,0
318799,0
318800,0
318801,0
318802,0
318803,0
318804,0
318805,0
318806,0
318807,0
318808,0
318809,0
318810,0
318811,0
318812,0
318813,0
318814,0
318815,0
318816,0
318817,18
318818,0
318819,0
318820,0
318821,0
318822,0
318823,0
318824,0
318825,0
318826,0
318827,0
318828,0
318829,0
318830,21
318831,17
318832,15
318833,0
318834,0
318835,0
318836,0
318837,0
318838,0
318839,0
318840,0
318841,0
318842,0
318843,0
318844,0
318845,0
318846,0
318847,0
318848,0
318849,0
318850,0
318851,0
318852,0
318853,0
318854,0
318855,0
318856,0
318857,0
318858,0
318859,0
318860,0
318861,0
318862,0
318863,0
318864,0
318865,0
318866,0
318867,0
318868,0
318869,0
318870,0
318871,14
318872,0
318873,14
318874,0
318875,0
318876,0
318877,0
318878,0
318879,0
318880,0
318881,0
318882,0
318883,0
318884,0
318885,0
318886,0
318887,11
318888,0
318889,31
318890,0
318891,0
318892,0
318893,0
318894,0
318895,0
318896,0
318897,0
318898,39
318899,0
318900,0
318901,0
318902,0
318903,0
318904,0
318905,0
318906,0
318907,11
318908,0
318909,0
318910,0
318911,0
318912,0
318913,0
318914,0
318915,0
318916,0
318917,0
318918,0
318919,0
318920,0
318921,0
318922,0
318923,0
318924,0
318925,0
318926,0
318927,0
318928,0
318929,0
318930,0
318931,0
318932,21
318933,0
318934,0
318935,0
318936,0
318937,0
318938,0
318939,0
318940,0
318941,0
318942,0
318943,0
318944,0
318945,0
318946,0
318947,0
318948,0
318949,21
318950,0
318951,0
318952,0
318953,0
318954,0
318955,0
318956,0
318957,0
318958,0
318959,28
318960,0
318961,16
318962,14
318963,0
318964,0
318965,0
318966,0
318967,0
318968,0
318969,20
318970,0
318971,0
318972,0
318973,0
318974,0
318975,0
318976,0
318977,0
318978,0
318979,0
318980,0
318981,0
318982,0
318983,0
318984,0
318985,0
318986,0
318987,0
318988,27
318989,0
318990,0
318991,0
318992,0
318993,0
318994,0
318995,0
318996,0
318997,0
318998,0
318999,0
319000,0
319001,0
319002,0
319003,0
319004,0
319005,0
319006,0
319007,0
319008,0
319009,0
319010,0
319011,0
319012,15
319013,0
319014,0
319015,0
319016,0
319017,0
319018,0
319019,0
319020,0
319021,0
319022,0
319023,0
319024,0
319025,0
319026,0
319027,0
319028,0
319029,0
319030,0
319031,0
319032,0
319033,0
319034,0
319035,0
319036,0
319037,0
319038,0
319039,0
319040,27
319041,0
319042,0
319043,0
319044,0
319045,0
319046,0
319047,0
319048,0
319049,0
319050,0
319051,0
319052,28
319053,0
319054,0
319055,0
319056,0
319057,0
319058,0
319059,0
319060,0
319061,0
319062,0
319063,0
319064,0
319065,0
319066,0
319067,0
319068,0
319069,8
319070,0
319071,0
319072,0
319073,0
319074,20
319075,0
319076,0
319077,0
319078,0
319079,0
319080,16
319081,0
319082,0
319083,0
319084,0
319085,13
319086,0
319087,0
319088,0
319089,0
319090,0
319091,0
319092,0
319093,0
319094,13
319095,0
319096,0
319097,0
319098,0
319099,0
319100,0
319101,0
319102,0
319103,0
319104,0
319105,0
319106,0
319107,20
319108,0
319109,0
319110,0
319111,0
319112,0
319113,28
319114,0
319115,0
319116,0
319117,28
319118,0
319119,0
319120,0
319121,0
319122,0
319123,0
319124,0
319125,0
319126,0
319127,17
319128,0
319129,9
319130,0
319131,0
319132,0
319133,0
319134,0
319135,0
319136,0
319137,0
319138,0
319139,0
319140,0
319141,0
319142,0
319143,0
319144,0
319145,0
319146,0
319147,0
319148,0
319149,0
319150,0
319151,0
319152,0
319153,0
319154,0
319155,0
319156,0
319157,0
319158,0
319159,0
319160,0
319161,0
319162,0
319163,0
319164,0
319165,0
319166,0
319167,18
319168,0
319169,0
319170,0
319171,0
319172,0
319173,0
319174,0
319175,0
319176,0
319177,0
319178,0
319179,0
319180,12
319181,0
319182,0
319183,0
319184,0
319185,0
319186,0
319187,0
319188,0
319189,0
319190,0
319191,0
319192,0
319193,0
319194,0
319195,0
319196,0
319197,0
319198,0
319199,0
319200,0
319201,0
319202,24
319203,0
319204,0
319205,20
319206,0
319207,0
319208,0
319209,0
319210,0
319211,0
319212,0
319213,0
319214,0
319215,0
319216,0
319217,0
319218,8
319219,0
319220,0
319221,0
319222,0
319223,0
319224,26
319225,15
319226,0
319227,0
319228,0
319229,0
319230,0
319231,0
319232,0
319233,0
319234,0
319235,0
319236,0
319237,0
319238,0
319239,0
319240,18
319241,0
319242,0
319243,0
319244,0
319245,0
319246,29
319247,0
319248,0
319249,0
319250,0
319251,0
319252,0
319253,0
319254,0
319255,0
319256,0
319257,0
319258,0
319259,16
319260,0
319261,0
319262,0
319263,0
319264,0
319265,0
319266,0
319267,0
319268,0
319269,0
319270,0
319271,0
319272,0
319273,0
319274,0
319275,0
319276,0
319277,0
319278,0
319279,0
319280,0
319281,0
319282,0
319283,0
319284,0
319285,0
319286,0
319287,0
319288,0
319289,0
319290,0
319291,0
319292,0
319293,0
319294,0
319295,0
319296,0
319297,0
319298,0
319299,0
319300,0
319301,0
319302,0
319303,0
319304,0
319305,0
319306,0
319307,0
319308,0
319309,0
319310,0
319311,0
319312,0
319313,0
319314,0
319315,0
319316,6
319317,0
319318,0
319319,0
319320,0
319321,22
319322,16
319323,0
319324,0
319325,0
319326,0
319327,0
319328,0
319329,0
319330,0
319331,0
319332,22
319333,0
319334,0
319335,0
319336,0
319337,0
319338,0
319339,0
319340,0
319341,0
319342,0
319343,0
319344,0
319345,0
319346,0
319347,0
319348,25
319349,22
319350,0
319351,0
319352,0
319353,0
319354,0
319355,0
319356,0
319357,18
319358,0
319359,20
319360,0
319361,0
319362,0
319363,0
319364,0
319365,0
319366,0
319367,0
319368,0
319369,0
319370,0
319371,0
319372,0
319373,0
319374,0
319375,40
319376,0
319377,0
319378,0
319379,0
319380,0
319381,0
319382,0
319383,0
319384,0
319385,0
319386,0
319387,0
319388,0
319389,0
319390,0
319391,0
319392,0
319393,0
319394,0
319395,0
319396,0
319397,0
319398,0
319399,0
319400,0
319401,0
319402,0
319403,0
319404,0
319405,0
319406,0
319407,0
319408,0
319409,0
319410,0
319411,0
319412,0
319413,0
319414,0
319415,0
319416,0
319417,0
319418,0
319419,0
319420,0
319421,0
319422,0
319423,0
319424,0
319425,0
319426,0
319427,13
319428,0
319429,0
319430,0
319431,0
319432,0
319433,0
319434,0
319435,0
319436,0
319437,0
319438,0
319439,0
319440,0
319441,16
319442,0
319443,0
319444,0
319445,0
319446,0
319447,0
319448,0
319449,0
319450,0
319451,0
319452,0
319453,0
319454,0
319455,0
319456,0
319457,0
319458,0
319459,0
319460,0
319461,0
319462,0
319463,0
319464,0
319465,23
319466,0
319467,0
319468,0
319469,0
319470,0
319471,0
319472,16
319473,0
319474,0
319475,0
319476,0
319477,0
319478,0
319479,0
319480,0
319481,0
319482,0
319483,0
319484,0
319485,0
319486,0
319487,0
319488,20
319489,0
319490,0
319491,0
319492,0
319493,0
319494,0
319495,0
319496,0
319497,0
319498,0
319499,0
319500,0
319501,0
319502,0
319503,0
319504,0
319505,0
319506,19
319507,0
319508,0
319509,0
319510,0
319511,0
319512,0
319513,0
319514,0
319515,0
319516,0
319517,0
319518,0
319519,0
319520,0
319521,0
319522,0
319523,0
319524,0
319525,0
319526,0
319527,0
319528,0
319529,0
319530,0
319531,0
319532,0
319533,0
319534,0
319535,0
319536,0
319537,0
319538,0
319539,0
319540,0
319541,0
319542,0
319543,0
319544,0
319545,0
319546,0
319547,0
319548,26
319549,0
319550,0
319551,0
319552,0
319553,0
319554,0
319555,0
319556,0
319557,0
319558,0
319559,0
319560,0
319561,0
319562,0
319563,0
319564,0
319565,0
319566,0
319567,0
319568,0
319569,0
319570,0
319571,8
319572,0
319573,0
319574,0
319575,0
319576,0
319577,0
319578,0
319579,0
319580,0
319581,0
319582,0
319583,0
319584,0
319585,0
319586,0
319587,0
319588,0
319589,19
319590,0
319591,21
319592,0
319593,0
319594,0
319595,0
319596,0
319597,0
319598,0
319599,0
319600,0
319601,0
319602,0
319603,0
319604,0
319605,0
319606,0
319607,0
319608,0
319609,0
319610,0
319611,0
319612,30
319613,0
319614,0
319615,22
319616,0
319617,0
319618,0
319619,0
319620,0
319621,10
319622,14
319623,0
319624,0
319625,0
319626,0
319627,0
319628,0
319629,0
319630,0
319631,0
319632,0
319633,0
319634,25
319635,0
319636,0
319637,0
319638,0
319639,0
319640,0
319641,0
319642,0
319643,0
319644,0
319645,0
319646,0
319647,0
319648,18
319649,0
319650,0
319651,0
319652,0
319653,0
319654,0
319655,0
319656,0
319657,0
319658,0
319659,0
319660,0
319661,0
319662,0
319663,0
319664,0
319665,0
319666,0
319667,0
319668,0
319669,0
319670,0
319671,20
319672,0
319673,0
319674,0
319675,0
319676,0
319677,0
319678,0
319679,0
319680,0
319681,0
319682,0
319683,0
319684,0
319685,0
319686,0
319687,0
319688,0
319689,0
319690,0
319691,0
319692,20
319693,0
319694,0
319695,0
319696,0
319697,0
319698,0
319699,0
319700,0
319701,23
319702,0
319703,0
319704,0
319705,0
319706,0
319707,0
319708,0
319709,0
319710,0
319711,0
319712,0
319713,0
319714,0
319715,0
319716,0
319717,0
319718,0
319719,0
319720,0
319721,0
319722,0
319723,0
319724,0
319725,0
319726,0
319727,0
319728,43
319729,37
319730,0
319731,0
319732,0
319733,0
319734,29
319735,0
319736,0
319737,33
319738,0
319739,0
319740,0
319741,30
319742,0
319743,0
319744,0
319745,0
319746,0
319747,0
319748,0
319749,29
319750,39
319751,0
319752,25
319753,0
319754,0
319755,35
319756,38
319757,0
319758,0
319759,0
319760,35
319761,0
319762,33
319763,0
319764,0
319765,0
319766,0
319767,0
319768,0
319769,57
319770,0
319771,0
319772,0
319773,31
319774,0
319775,39
319776,43
319777,0
319778,0
319779,0
319780,0
319781,0
319782,0
319783,0
319784,0
319785,0
319786,0
319787,25
319788,0
319789,0
319790,34
319791,40
319792,0
319793,31
319794,0
319795,35
319796,30
319797,0
319798,0
319799,39
319800,34
319801,25
319802,0
319803,0
319804,0
319805,0
319806,0
319807,0
319808,0
319809,0
319810,44
319811,0
319812,30
319813,31
319814,0
319815,0
319816,0
319817,0
319818,0
319819,0
319820,29
319821,0
319822,0
319823,0
319824,0
319825,49
319826,29
319827,0
319828,0
319829,30
319830,0
319831,40
319832,0
319833,0
319834,0
319835,0
319836,40
319837,38
319838,0
319839,0
319840,0
319841,0
319842,0
319843,0
319844,0
319845,0
319846,26
319847,26
319848,0
319849,0
319850,31
319851,42
319852,0
319853,38
319854,0
319855,0
319856,0
319857,0
319858,44
319859,0
319860,0
319861,0
319862,0
319863,0
319864,0
319865,0
319866,0
319867,1
319868,0
319869,0
319870,0
319871,0
319872,1
319873,0
319874,0
319875,0
319876,0
319877,0
319878,0
319879,0
319880,0
319881,0
319882,0
319883,0
319884,0
319885,0
319886,0
319887,0
319888,0
319889,1
319890,0
319891,0
319892,0
319893,0
319894,0
319895,1
319896,0
319897,0
319898,1
319899,0
319900,0
319901,0
319902,0
319903,0
319904,0
319905,0
319906,0
319907,0
319908,0
319909,0
319910,0
319911,0
319912,0
319913,0
319914,0
319915,0
319916,0
319917,0
319918,0
319919,0
319920,0
319921,0
319922,0
319923,0
319924,0
319925,0
319926,0
319927,0
319928,0
319929,0
319930,0
319931,0
319932,0
319933,0
319934,0
319935,0
319936,0
319937,0
319938,0
319939,0
319940,0
319941,0
319942,0
319943,0
319944,0
319945,0
319946,0
319947,0
319948,0
319949,0
319950,0
319951,0
319952,0
319953,0
319954,0
319955,0
319956,1
319957,0
319958,0
319959,0
319960,0
319961,0
319962,0
319963,0
319964,0
319965,0
319966,0
319967,1
319968,0
319969,0
319970,0
319971,0
319972,0
319973,0
319974,0
319975,1
319976,2
319977,0
319978,0
319979,0
319980,1
319981,0
319982,0
319983,0
319984,0
319985,0
319986,0
319987,0
319988,0
319989,0
319990,0
319991,0
319992,0
319993,0
319994,0
319995,0
319996,0
319997,0
319998,0
319999,0
320000,0
320001,0
320002,0
320003,0
320004,0
320005,0
320006,0
320007,0
320008,0
320009,0
320010,0
320011,0
320012,0
320013,0
320014,1
320015,0
320016,0
320017,0
320018,0
320019,0
320020,0
320021,0
320022,0
320023,0
320024,0
320025,0
320026,0
320027,0
320028,2
320029,2
320030,2
320031,0
320032,0
320033,0
320034,0
320035,0
320036,1
320037,0
320038,0
320039,0
320040,0
320041,0
320042,0
320043,0
320044,0
320045,0
320046,0
320047,0
320048,0
320049,0
320050,0
320051,0
320052,0
320053,0
320054,0
320055,0
320056,0
320057,0
320058,0
320059,0
320060,0
320061,0
320062,0
320063,0
320064,0
320065,0
320066,0
320067,0
320068,0
320069,0
320070,0
320071,0
320072,0
320073,0
320074,0
320075,1
320076,0
320077,0
320078,0
320079,0
320080,0
320081,0
320082,0
320083,0
320084,0
320085,0
320086,0
320087,0
320088,0
320089,0
320090,0
320091,1
320092,0
320093,0
320094,0
320095,1
320096,0
320097,0
320098,0
320099,0
320100,0
320101,0
320102,1
320103,0
320104,3
320105,0
320106,0
320107,0
320108,0
320109,0
320110,0
320111,0
320112,0
320113,0
320114,0
320115,0
320116,0
320117,0
320118,0
320119,0
320120,0
320121,0
320122,0
320123,0
320124,0
320125,0
320126,0
320127,0
320128,0
320129,0
320130,0
320131,0
320132,0
320133,0
320134,0
320135,0
320136,0
320137,0
320138,1
320139,0
320140,0
320141,0
320142,0
320143,0
320144,0
320145,0
320146,0
320147,0
320148,0
320149,0
320150,0
320151,0
320152,0
320153,0
320154,0
320155,0
320156,0
320157,0
320158,0
320159,0
320160,0
320161,0
320162,0
320163,0
320164,0
320165,0
320166,0
320167,0
320168,1
320169,0
320170,0
320171,0
320172,0
320173,0
320174,0
320175,0
320176,0
320177,0
320178,0
320179,0
320180,1
320181,0
320182,0
320183,0
320184,0
320185,0
320186,0
320187,0
320188,0
320189,0
320190,0
320191,0
320192,0
320193,0
320194,0
320195,0
320196,0
320197,1
320198,0
320199,0
320200,0
320201,0
320202,0
320203,0
320204,0
320205,0
320206,0
320207,0
320208,0
320209,0
320210,0
320211,0
320212,0
320213,0
320214,0
320215,0
320216,1
320217,0
320218,0
320219,1
320220,0
320221,0
320222,0
320223,0
320224,0
320225,1
320226,0
320227,0
320228,0
320229,0
320230,1
320231,0
320232,0
320233,0
320234,0
320235,0
320236,0
320237,0
320238,0
320239,0
320240,0
320241,0
320242,0
320243,0
320244,0
320245,0
320246,0
320247,0
320248,0
320249,0
320250,0
320251,0
320252,1
320253,1
320254,0
320255,0
320256,0
320257,0
320258,0
320259,0
320260,0
320261,0
320262,0
320263,0
320264,0
320265,0
320266,0
320267,0
320268,0
320269,0
320270,0
320271,0
320272,1
320273,0
320274,0
320275,0
320276,0
320277,0
320278,0
320279,2
320280,0
320281,0
320282,0
320283,1
320284,0
320285,0
320286,0
320287,0
320288,0
320289,0
320290,0
320291,0
320292,0
320293,0
320294,0
320295,1
320296,0
320297,0
320298,0
320299,0
320300,0
320301,0
320302,0
320303,0
320304,0
320305,0
320306,0
320307,0
320308,1
320309,1
320310,0
320311,0
320312,1
320313,0
320314,1
320315,0
320316,0
320317,0
320318,0
320319,0
320320,0
320321,0
320322,0
320323,0
320324,0
320325,0
320326,0
320327,0
320328,0
320329,1
320330,0
320331,0
320332,0
320333,0
320334,0
320335,0
320336,0
320337,0
320338,0
320339,0
320340,0
320341,0
320342,0
320343,0
320344,0
320345,0
320346,0
320347,0
320348,0
320349,0
320350,0
320351,0
320352,0
320353,0
320354,0
320355,0
320356,0
320357,0
320358,0
320359,0
320360,0
320361,0
320362,0
320363,0
320364,0
320365,0
320366,0
320367,0
320368,0
320369,0
320370,0
320371,0
320372,0
320373,0
320374,0
320375,0
320376,0
320377,0
320378,0
320379,0
320380,0
320381,0
320382,0
320383,0
320384,0
320385,0
320386,0
320387,0
320388,0
320389,0
320390,0
320391,0
320392,0
320393,0
320394,0
320395,0
320396,0
320397,0
320398,0
320399,0
320400,0
320401,0
320402,0
320403,0
320404,0
320405,0
320406,0
320407,0
320408,0
320409,0
320410,0
320411,0
320412,0
320413,0
320414,0
320415,0
320416,0
320417,0
320418,0
320419,0
320420,0
320421,0
320422,0
320423,0
320424,0
320425,0
320426,0
320427,0
320428,0
320429,0
320430,0
320431,0
320432,0
320433,0
320434,0
320435,0
320436,0
320437,0
320438,0
320439,0
320440,0
320441,0
320442,0
320443,0
320444,0
320445,0
320446,0
320447,0
320448,0
320449,0
320450,0
320451,0
320452,0
320453,0
320454,0
320455,0
320456,0
320457,0
320458,0
320459,0
320460,0
320461,2
320462,0
320463,0
320464,0
320465,0
320466,0
320467,0
320468,0
320469,0
320470,0
320471,0
320472,0
320473,0
320474,0
320475,0
320476,0
320477,0
320478,0
320479,0
320480,0
320481,0
320482,0
320483,0
320484,0
320485,0
320486,0
320487,0
320488,0
320489,0
320490,0
320491,0
320492,0
320493,1
320494,0
320495,0
320496,1
320497,0
320498,0
320499,0
320500,0
320501,0
320502,0
320503,0
320504,0
320505,0
320506,0
320507,0
320508,0
320509,0
320510,0
320511,0
320512,0
320513,0
320514,0
320515,0
320516,0
320517,0
320518,0
320519,0
320520,0
320521,0
320522,0
320523,0
320524,0
320525,0
320526,0
320527,1
320528,0
320529,0
320530,0
320531,0
320532,0
320533,0
320534,0
320535,0
320536,0
320537,0
320538,0
320539,0
320540,0
320541,0
320542,0
320543,0
320544,0
320545,0
320546,0
320547,0
320548,0
320549,0
320550,0
320551,0
320552,0
320553,0
320554,0
320555,0
320556,0
320557,0
320558,0
320559,0
320560,0
320561,0
320562,0
320563,1
320564,0
320565,0
320566,0
320567,0
320568,0
320569,0
320570,1
320571,0
320572,0
320573,0
320574,0
320575,1
320576,0
320577,0
320578,0
320579,0
320580,0
320581,0
320582,0
320583,0
320584,0
320585,0
320586,0
320587,0
320588,0
320589,0
320590,0
320591,0
320592,0
320593,0
320594,0
320595,0
320596,1
320597,0
320598,0
320599,0
320600,0
320601,0
320602,0
320603,0
320604,0
320605,0
320606,0
320607,0
320608,0
320609,0
320610,0
320611,0
320612,0
320613,0
320614,0
320615,0
320616,0
320617,0
320618,0
320619,0
320620,0
320621,0
320622,0
320623,0
320624,0
320625,0
320626,0
320627,0
320628,0
320629,0
320630,1
320631,0
320632,1
320633,1
320634,0
320635,0
320636,0
320637,0
320638,0
320639,0
320640,0
320641,0
320642,0
320643,0
320644,0
320645,0
320646,1
320647,0
320648,0
320649,0
320650,0
320651,0
320652,0
320653,0
320654,1
320655,0
320656,0
320657,0
320658,0
320659,0
320660,0
320661,0
320662,0
320663,0
320664,0
320665,0
320666,0
320667,0
320668,0
320669,0
320670,0
320671,0
320672,0
320673,0
320674,0
320675,0
320676,0
320677,1
320678,0
320679,0
320680,0
320681,0
320682,0
320683,0
320684,0
320685,0
320686,2
320687,0
320688,0
320689,0
320690,2
320691,0
320692,0
320693,0
320694,0
320695,0
320696,0
320697,0
320698,0
320699,0
320700,0
320701,0
320702,0
320703,0
320704,0
320705,0
320706,0
320707,0
320708,0
320709,0
320710,3
320711,0
320712,0
320713,0
320714,0
320715,0
320716,0
320717,0
320718,1
320719,0
320720,0
320721,0
320722,0
320723,0
320724,0
320725,0
320726,0
320727,0
320728,0
320729,0
320730,0
320731,0
320732,0
320733,0
320734,0
320735,0
320736,0
320737,0
320738,0
320739,0
320740,0
320741,0
320742,0
320743,1
320744,0
320745,0
320746,0
320747,0
320748,0
320749,0
320750,1
320751,0
320752,0
320753,0
320754,0
320755,0
320756,0
320757,0
320758,0
320759,0
320760,0
320761,1
320762,0
320763,0
320764,0
320765,0
320766,0
320767,0
320768,0
320769,0
320770,0
320771,0
320772,0
320773,0
320774,1
320775,0
320776,0
320777,0
320778,0
320779,0
320780,0
320781,0
320782,0
320783,43
320784,0
320785,0
320786,0
320787,27
320788,0
320789,0
320790,0
320791,0
320792,0
320793,37
320794,24
320795,0
320796,0
320797,0
320798,0
320799,25
320800,36
320801,0
320802,0
320803,0
320804,30
320805,0
320806,0
320807,0
320808,0
320809,53
320810,0
320811,0
320812,0
320813,0
320814,0
320815,0
320816,0
320817,0
320818,0
320819,0
320820,0
320821,36
320822,0
320823,0
320824,35
320825,31
320826,0
320827,0
320828,44
320829,0
320830,30
320831,0
320832,0
320833,0
320834,26
320835,0
320836,0
320837,0
320838,0
320839,0
320840,0
320841,0
320842,0
320843,0
320844,0
320845,0
320846,0
320847,0
320848,0
320849,0
320850,0
320851,0
320852,0
320853,0
320854,0
320855,0
320856,0
320857,0
320858,0
320859,0
320860,0
320861,0
320862,22
320863,22
320864,40
320865,0
320866,0
320867,0
320868,0
320869,43
320870,0
320871,0
320872,0
320873,0
320874,0
320875,0
320876,0
320877,0
320878,0
320879,0
320880,40
320881,0
320882,0
320883,0
320884,0
320885,0
320886,0
320887,0
320888,0
320889,29
320890,0
320891,0
320892,0
320893,26
320894,41
320895,0
320896,0
320897,0
320898,0
320899,0
320900,0
320901,0
320902,0
320903,0
320904,0
320905,0
320906,0
320907,0
320908,0
320909,0
320910,22
320911,0
320912,0
320913,0
320914,0
320915,21
320916,0
320917,32
320918,0
320919,0
320920,0
320921,0
320922,0
320923,0
320924,0
320925,0
320926,0
320927,0
320928,0
320929,0
320930,0
320931,0
320932,30
320933,23
320934,0
320935,0
320936,0
320937,0
320938,21
320939,0
320940,0
320941,0
320942,0
320943,0
320944,0
320945,0
320946,18
320947,0
320948,0
320949,39
320950,0
320951,0
320952,0
320953,0
320954,0
320955,0
320956,24
320957,0
320958,0
320959,0
320960,0
320961,0
320962,0
320963,0
320964,0
320965,0
320966,0
320967,0
320968,0
320969,0
320970,0
320971,0
320972,0
320973,0
320974,0
320975,0
320976,0
320977,0
320978,0
320979,0
320980,0
320981,0
320982,0
320983,0
320984,0
320985,34
320986,0
320987,33
320988,0
320989,0
320990,0
320991,0
320992,0
320993,0
320994,0
320995,0
320996,26
320997,0
320998,0
320999,0
321000,0
321001,0
321002,0
321003,32
321004,0
321005,0
321006,38
321007,28
321008,0
321009,0
321010,46
321011,0
321012,0
321013,0
321014,0
321015,0
321016,0
321017,0
321018,0
321019,0
321020,0
321021,0
321022,0
321023,0
321024,0
321025,0
321026,0
321027,0
321028,34
321029,21
321030,0
321031,0
321032,0
321033,0
321034,0
321035,0
321036,0
321037,0
321038,37
321039,0
321040,0
321041,26
321042,0
321043,0
321044,38
321045,0
321046,0
321047,0
321048,0
321049,0
321050,0
321051,0
321052,22
321053,0
321054,0
321055,0
321056,0
321057,0
321058,0
321059,0
321060,0
321061,0
321062,0
321063,0
321064,52
321065,0
321066,0
321067,0
321068,0
321069,0
321070,0
321071,0
321072,0
321073,0
321074,0
321075,0
321076,0
321077,0
321078,0
321079,0
321080,0
321081,54
321082,0
321083,0
321084,0
321085,0
321086,0
321087,0
321088,0
321089,0
321090,30
321091,0
321092,0
321093,32
321094,0
321095,0
321096,0
321097,0
321098,0
321099,27
321100,0
321101,0
321102,44
321103,0
321104,0
321105,0
321106,0
321107,0
321108,0
321109,0
321110,0
321111,0
321112,0
321113,0
321114,0
321115,0
321116,0
321117,0
321118,0
321119,0
321120,0
321121,0
321122,0
321123,22
321124,0
321125,0
321126,0
321127,46
321128,0
321129,0
321130,0
321131,0
321132,40
321133,39
321134,36
321135,0
321136,0
321137,0
321138,0
321139,0
321140,20
321141,34
321142,0
321143,30
321144,0
321145,0
321146,0
321147,0
321148,0
321149,0
321150,0
321151,0
321152,0
321153,0
321154,0
321155,0
321156,0
321157,0
321158,0
321159,30
321160,0
321161,0
321162,0
321163,0
321164,0
321165,0
321166,0
321167,0
321168,0
321169,0
321170,0
321171,25
321172,0
321173,0
321174,0
321175,0
321176,0
321177,0
321178,0
321179,0
321180,32
321181,23
321182,0
321183,0
321184,19
321185,0
321186,0
321187,0
321188,0
321189,0
321190,0
321191,0
321192,0
321193,0
321194,0
321195,0
321196,0
321197,0
321198,0
321199,0
321200,0
321201,0
321202,0
321203,0
321204,0
321205,0
321206,0
321207,0
321208,0
321209,0
321210,34
321211,0
321212,0
321213,0
321214,0
321215,0
321216,0
321217,0
321218,0
321219,0
321220,0
321221,0
321222,0
321223,0
321224,0
321225,0
321226,0
321227,0
321228,0
321229,32
321230,0
321231,30
321232,0
321233,0
321234,0
321235,0
321236,0
321237,22
321238,0
321239,0
321240,0
321241,0
321242,0
321243,0
321244,0
321245,26
321246,0
321247,31
321248,0
321249,0
321250,0
321251,0
321252,0
321253,0
321254,0
321255,0
321256,0
321257,0
321258,0
321259,0
321260,0
321261,0
321262,0
321263,0
321264,32
321265,25
321266,0
321267,0
321268,0
321269,0
321270,0
321271,0
321272,0
321273,22
321274,0
321275,0
321276,0
321277,0
321278,0
321279,0
321280,0
321281,0
321282,0
321283,0
321284,0
321285,39
321286,0
321287,0
321288,35
321289,0
321290,29
321291,0
321292,0
321293,0
321294,0
321295,0
321296,0
321297,0
321298,0
321299,0
321300,29
321301,0
321302,0
321303,0
321304,0
321305,0
321306,0
321307,0
321308,0
321309,0
321310,0
321311,46
321312,0
321313,0
321314,0
321315,0
321316,0
321317,32
321318,0
321319,0
321320,36
321321,0
321322,33
321323,0
321324,0
321325,0
321326,0
321327,0
321328,0
321329,0
321330,29
321331,0
321332,0
321333,32
321334,0
321335,0
321336,0
321337,0
321338,0
321339,0
321340,29
321341,0
321342,0
321343,0
321344,20
321345,0
321346,0
321347,0
321348,29
321349,0
321350,0
321351,0
321352,26
321353,0
321354,0
321355,0
321356,0
321357,0
321358,27
321359,0
321360,22
321361,0
321362,0
321363,0
321364,0
321365,0
321366,0
321367,0
321368,31
321369,0
321370,0
321371,0
321372,19
321373,27
321374,0
321375,37
321376,0
321377,0
321378,0
321379,0
321380,35
321381,0
321382,0
321383,0
321384,0
321385,16
321386,26
321387,0
321388,0
321389,0
321390,0
321391,25
321392,0
321393,0
321394,0
321395,0
321396,34
321397,0
321398,0
321399,0
321400,41
321401,0
321402,24
321403,0
321404,0
321405,0
321406,0
321407,0
321408,0
321409,0
321410,0
321411,0
321412,0
321413,0
321414,0
321415,0
321416,0
321417,0
321418,0
321419,0
321420,0
321421,0
321422,0
321423,0
321424,0
321425,0
321426,36
321427,25
321428,0
321429,0
321430,0
321431,0
321432,51
321433,0
321434,0
321435,0
321436,0
321437,0
321438,0
321439,0
321440,0
321441,0
321442,0
321443,0
321444,0
321445,0
321446,0
321447,0
321448,0
321449,0
321450,0
321451,0
321452,21
321453,0
321454,0
321455,0
321456,0
321457,0
321458,0
321459,0
321460,22
321461,0
321462,21
321463,46
321464,23
321465,0
321466,0
321467,34
321468,0
321469,0
321470,25
321471,29
321472,0
321473,31
321474,16
321475,0
321476,0
321477,0
321478,0
321479,32
321480,20
321481,0
321482,25
321483,0
321484,0
321485,0
321486,0
321487,26
321488,0
321489,0
321490,0
321491,0
321492,33
321493,21
321494,0
321495,0
321496,0
321497,0
321498,0
321499,0
321500,0
321501,0
321502,0
321503,0
321504,0
321505,0
321506,0
321507,35
321508,0
321509,0
321510,24
321511,0
321512,17
321513,0
321514,0
321515,25
321516,0
321517,26
321518,18
321519,0
321520,0
321521,0
321522,0
321523,19
321524,0
321525,18
321526,0
321527,0
321528,0
321529,0
321530,0
321531,0
321532,0
321533,0
321534,0
321535,0
321536,0
321537,0
321538,0
321539,0
321540,0
321541,0
321542,0
321543,27
321544,0
321545,0
321546,0
321547,0
321548,23
321549,0
321550,0
321551,0
321552,0
321553,0
321554,0
321555,28
321556,0
321557,0
321558,0
321559,0
321560,0
321561,0
321562,0
321563,0
321564,0
321565,0
321566,0
321567,0
321568,0
321569,0
321570,0
321571,33
321572,0
321573,0
321574,0
321575,26
321576,0
321577,0
321578,0
321579,0
321580,0
321581,0
321582,0
321583,0
321584,0
321585,25
321586,0
321587,0
321588,0
321589,0
321590,0
321591,0
321592,0
321593,14
321594,0
321595,0
321596,0
321597,34
321598,0
321599,20
321600,9
321601,0
321602,27
321603,32
321604,0
321605,0
321606,24
321607,0
321608,26
321609,0
321610,0
321611,0
321612,0
321613,0
321614,0
321615,31
321616,0
321617,0
321618,0
321619,0
321620,24
321621,0
321622,0
321623,0
321624,27
321625,0
321626,0
321627,0
321628,31
321629,15
321630,25
321631,42
321632,0
321633,18
321634,0
321635,0
321636,0
321637,0
321638,0
321639,0
321640,0
321641,0
321642,0
321643,0
321644,0
321645,0
321646,0
321647,0
321648,0
321649,0
321650,0
321651,24
321652,0
321653,0
321654,0
321655,0
321656,33
321657,0
321658,0
321659,0
321660,25
321661,0
321662,29
321663,0
321664,22
321665,0
321666,0
321667,0
321668,0
321669,0
321670,16
321671,29
321672,18
321673,27
321674,0
321675,0
321676,0
321677,0
321678,0
321679,0
321680,0
321681,0
321682,0
321683,0
321684,0
321685,36
321686,28
321687,0
321688,0
321689,0
321690,0
321691,14
321692,0
321693,0
321694,0
321695,0
321696,0
321697,0
321698,0
321699,0
321700,0
321701,14
321702,0
321703,0
321704,0
321705,0
321706,0
321707,0
321708,37
321709,26
321710,0
321711,0
321712,19
321713,0
321714,35
321715,0
321716,0
321717,0
321718,0
321719,24
321720,0
321721,0
321722,0
321723,0
321724,0
321725,0
321726,0
321727,0
321728,0
321729,16
321730,0
321731,0
321732,0
321733,0
321734,0
321735,40
321736,0
321737,30
321738,30
321739,21
321740,0
321741,29
321742,0
321743,0
321744,0
321745,0
321746,0
321747,0
321748,0
321749,0
321750,0
321751,28
321752,0
321753,19
321754,0
321755,0
321756,0
321757,0
321758,36
321759,0
321760,23
321761,17
321762,0
321763,0
321764,16
321765,0
321766,30
321767,24
321768,0
321769,0
321770,21
321771,0
321772,0
321773,0
321774,0
321775,0
321776,20
321777,0
321778,0
321779,0
321780,0
321781,0
321782,0
321783,19
321784,0
321785,32
321786,23
321787,41
321788,0
321789,32
321790,0
321791,27
321792,0
321793,32
321794,0
321795,0
321796,0
321797,35
321798,0
321799,0
321800,29
321801,0
321802,0
321803,0
321804,0
321805,32
321806,0
321807,0
321808,0
321809,25
321810,25
321811,0
321812,23
321813,0
321814,0
321815,0
321816,0
321817,0
321818,0
321819,28
321820,0
321821,17
321822,25
321823,0
321824,0
321825,0
321826,0
321827,32
321828,0
321829,29
321830,0
321831,0
321832,0
321833,0
321834,0
321835,0
321836,0
321837,0
321838,0
321839,0
321840,0
321841,0
321842,9
321843,0
321844,0
321845,0
321846,0
321847,19
321848,0
321849,0
321850,0
321851,0
321852,0
321853,0
321854,0
321855,0
321856,0
321857,0
321858,0
321859,0
321860,0
321861,0
321862,0
321863,17
321864,0
321865,0
321866,0
321867,8
321868,0
321869,0
321870,0
321871,0
321872,0
321873,21
321874,0
321875,0
321876,0
321877,0
321878,0
321879,0
321880,16
321881,0
321882,0
321883,0
321884,0
321885,0
321886,0
321887,0
321888,0
321889,0
321890,0
321891,0
321892,0
321893,0
321894,0
321895,0
321896,25
321897,17
321898,0
321899,0
321900,0
321901,0
321902,0
321903,0
321904,0
321905,0
321906,18
321907,0
321908,0
321909,0
321910,0
321911,0
321912,0
321913,0
321914,0
321915,0
321916,0
321917,0
321918,0
321919,0
321920,0
321921,0
321922,0
321923,0
321924,0
321925,0
321926,0
321927,0
321928,0
321929,0
321930,0
321931,0
321932,0
321933,0
321934,0
321935,21
321936,0
321937,0
321938,0
321939,0
321940,0
321941,0
321942,0
321943,0
321944,0
321945,0
321946,0
321947,0
321948,0
321949,0
321950,21
321951,0
321952,0
321953,0
321954,0
321955,0
321956,0
321957,0
321958,0
321959,0
321960,0
321961,18
321962,0
321963,0
321964,0
321965,0
321966,0
321967,0
321968,0
321969,0
321970,0
321971,0
321972,0
321973,0
321974,8
321975,0
321976,0
321977,0
321978,0
321979,0
321980,0
321981,0
321982,0
321983,0
321984,0
321985,0
321986,0
321987,0
321988,26
321989,16
321990,0
321991,0
321992,0
321993,0
321994,0
321995,0
321996,0
321997,0
321998,0
321999,0
322000,13
322001,0
322002,24
322003,0
322004,0
322005,0
322006,17
322007,0
322008,0
322009,0
322010,0
322011,0
322012,0
322013,0
322014,24
322015,0
322016,0
322017,0
322018,0
322019,0
322020,11
322021,0
322022,0
322023,19
322024,0
322025,0
322026,0
322027,0
322028,0
322029,0
322030,0
322031,0
322032,0
322033,0
322034,0
322035,0
322036,0
322037,0
322038,0
322039,0
322040,0
322041,0
322042,0
322043,0
322044,0
322045,0
322046,0
322047,0
322048,0
322049,0
322050,0
322051,0
322052,0
322053,0
322054,0
322055,28
322056,0
322057,22
322058,0
322059,0
322060,0
322061,0
322062,16
322063,0
322064,0
322065,0
322066,0
322067,0
322068,0
322069,0
322070,0
322071,0
322072,0
322073,0
322074,0
322075,0
322076,20
322077,0
322078,0
322079,0
322080,0
322081,0
322082,0
322083,0
322084,33
322085,9
322086,0
322087,0
322088,0
322089,0
322090,0
322091,0
322092,15
322093,0
322094,0
322095,17
322096,0
322097,0
322098,0
322099,0
322100,0
322101,0
322102,0
322103,0
322104,0
322105,0
322106,0
322107,0
322108,23
322109,0
322110,0
322111,0
322112,0
322113,0
322114,0
322115,0
322116,0
322117,0
322118,0
322119,0
322120,0
322121,25
322122,0
322123,0
322124,0
322125,0
322126,0
322127,0
322128,0
322129,0
322130,0
322131,10
322132,0
322133,0
322134,0
322135,0
322136,15
322137,0
322138,0
322139,0
322140,0
322141,0
322142,0
322143,0
322144,0
322145,19
322146,25
322147,0
322148,0
322149,0
322150,0
322151,0
322152,0
322153,0
322154,18
322155,0
322156,0
322157,0
322158,0
322159,0
322160,0
322161,0
322162,0
322163,0
322164,0
322165,0
322166,0
322167,19
322168,0
322169,0
322170,12
322171,0
322172,14
322173,20
322174,0
322175,21
322176,0
322177,0
322178,0
322179,0
322180,0
322181,0
322182,27
322183,0
322184,0
322185,0
322186,0
322187,0
322188,0
322189,0
322190,0
322191,0
322192,0
322193,0
322194,0
322195,0
322196,0
322197,0
322198,0
322199,0
322200,14
322201,0
322202,0
322203,0
322204,14
322205,0
322206,0
322207,0
322208,0
322209,0
322210,27
322211,0
322212,0
322213,0
322214,0
322215,19
322216,0
322217,0
322218,0
322219,23
322220,0
322221,0
322222,0
322223,0
322224,0
322225,0
322226,21
322227,0
322228,0
322229,0
322230,0
322231,0
322232,0
322233,0
322234,0
322235,0
322236,10
322237,0
322238,0
322239,0
322240,0
322241,0
322242,0
322243,0
322244,0
322245,0
322246,0
322247,0
322248,0
322249,0
322250,0
322251,0
322252,0
322253,0
322254,0
322255,0
322256,0
322257,0
322258,0
322259,0
322260,0
322261,0
322262,0
322263,0
322264,0
322265,0
322266,0
322267,0
322268,0
322269,11
322270,0
322271,0
322272,23
322273,0
322274,0
322275,0
322276,0
322277,0
322278,0
322279,0
322280,0
322281,0
322282,0
322283,0
322284,0
322285,0
322286,0
322287,0
322288,0
322289,15
322290,0
322291,0
322292,0
322293,0
322294,0
322295,0
322296,0
322297,0
322298,0
322299,0
322300,0
322301,0
322302,0
322303,0
322304,0
322305,0
322306,0
322307,0
322308,0
322309,0
322310,0
322311,0
322312,0
322313,0
322314,0
322315,0
322316,0
322317,0
322318,0
322319,0
322320,0
322321,0
322322,0
322323,0
322324,0
322325,0
322326,0
322327,0
322328,0
322329,17
322330,0
322331,0
322332,0
322333,0
322334,0
322335,0
322336,18
322337,0
322338,0
322339,19
322340,0
322341,0
322342,0
322343,0
322344,0
322345,0
322346,0
322347,0
322348,13
322349,0
322350,0
322351,0
322352,0
322353,0
322354,0
322355,0
322356,0
322357,0
322358,0
322359,0
322360,0
322361,0
322362,0
322363,0
322364,0
322365,0
322366,0
322367,24
322368,0
322369,0
322370,0
322371,0
322372,0
322373,0
322374,0
322375,0
322376,0
322377,0
322378,0
322379,0
322380,0
322381,0
322382,0
322383,15
322384,0
322385,0
322386,0
322387,0
322388,0
322389,0
322390,0
322391,0
322392,0
322393,0
322394,0
322395,0
322396,0
322397,0
322398,0
322399,0
322400,0
322401,0
322402,0
322403,0
322404,0
322405,0
322406,0
322407,0
322408,0
322409,0
322410,0
322411,0
322412,16
322413,0
322414,23
322415,0
322416,0
322417,0
322418,0
322419,13
322420,0
322421,0
322422,0
322423,0
322424,0
322425,0
322426,0
322427,0
322428,0
322429,0
322430,16
322431,0
322432,13
322433,26
322434,0
322435,0
322436,0
322437,0
322438,12
322439,0
322440,0
322441,0
322442,0
322443,0
322444,22
322445,0
322446,0
322447,0
322448,0
322449,0
322450,0
322451,0
322452,0
322453,0
322454,0
322455,0
322456,0
322457,0
322458,0
322459,22
322460,0
322461,0
322462,0
322463,0
322464,0
322465,14
322466,0
322467,12
322468,0
322469,0
322470,0
322471,0
322472,0
322473,0
322474,24
322475,0
322476,0
322477,0
322478,0
322479,0
322480,0
322481,0
322482,0
322483,0
322484,0
322485,0
322486,0
322487,0
322488,0
322489,26
322490,0
322491,0
322492,0
322493,0
322494,0
322495,0
322496,0
322497,18
322498,0
322499,15
322500,0
322501,0
322502,0
322503,0
322504,0
322505,0
322506,11
322507,0
322508,0
322509,0
322510,0
322511,17
322512,0
322513,0
322514,0
322515,0
322516,0
322517,0
322518,0
322519,0
322520,0
322521,0
322522,0
322523,0
322524,0
322525,0
322526,0
322527,16
322528,0
322529,0
322530,0
322531,0
322532,0
322533,0
322534,0
322535,0
322536,0
322537,0
322538,0
322539,0
322540,0
322541,0
322542,0
322543,0
322544,0
322545,0
322546,0
322547,0
322548,0
322549,0
322550,0
322551,0
322552,0
322553,33
322554,0
322555,0
322556,0
322557,0
322558,31
322559,0
322560,0
322561,33
322562,0
322563,0
322564,0
322565,0
322566,0
322567,0
322568,0
322569,0
322570,0
322571,0
322572,0
322573,0
322574,23
322575,0
322576,0
322577,0
322578,26
322579,0
322580,0
322581,0
322582,0
322583,0
322584,34
322585,0
322586,0
322587,0
322588,0
322589,0
322590,0
322591,0
322592,0
322593,0
322594,0
322595,0
322596,0
322597,0
322598,0
322599,0
322600,0
322601,0
322602,0
322603,0
322604,0
322605,0
322606,0
322607,0
322608,0
322609,0
322610,0
322611,0
322612,0
322613,42
322614,0
322615,0
322616,0
322617,0
322618,0
322619,0
322620,0
322621,22
322622,0
322623,0
322624,33
322625,0
322626,35
322627,0
322628,38
322629,0
322630,0
322631,0
322632,0
322633,0
322634,0
322635,0
322636,0
322637,0
322638,35
322639,0
322640,0
322641,0
322642,0
322643,26
322644,0
322645,0
322646,0
322647,0
322648,0
322649,0
322650,0
322651,0
322652,0
322653,0
322654,0
322655,0
322656,0
322657,33
322658,0
322659,0
322660,0
322661,0
322662,21
322663,0
322664,0
322665,25
322666,0
322667,0
322668,0
322669,0
322670,27
322671,0
322672,0
322673,0
322674,0
322675,19
322676,0
322677,0
322678,0
322679,0
322680,30
322681,24
322682,0
322683,0
322684,0
322685,0
322686,0
322687,0
322688,0
322689,0
322690,0
322691,0
322692,0
322693,0
322694,0
322695,0
322696,0
322697,0
322698,0
322699,0
322700,0
322701,0
322702,0
322703,31
322704,0
322705,0
322706,34
322707,0
322708,30
322709,0
322710,0
322711,0
322712,0
322713,20
322714,0
322715,50
322716,0
322717,25
322718,0
322719,0
322720,36
322721,20
322722,0
322723,24
322724,0
322725,0
322726,0
322727,0
322728,0
322729,0
322730,0
322731,0
322732,33
322733,0
322734,0
322735,25
322736,0
322737,0
322738,0
322739,0
322740,0
322741,0
322742,0
322743,0
322744,0
322745,0
322746,0
322747,0
322748,29
322749,0
322750,0
322751,0
322752,0
322753,0
322754,0
322755,0
322756,0
322757,0
322758,34
322759,17
322760,0
322761,0
322762,0
322763,0
322764,0
322765,0
322766,0
322767,26
322768,0
322769,0
322770,0
322771,38
322772,0
322773,0
322774,0
322775,0
322776,0
322777,0
322778,0
322779,0
322780,0
322781,0
322782,0
322783,0
322784,0
322785,0
322786,0
322787,0
322788,0
322789,0
322790,0
322791,10
322792,0
322793,0
322794,0
322795,0
322796,0
322797,0
322798,0
322799,0
322800,0
322801,0
322802,3
322803,0
322804,0
322805,0
322806,0
322807,0
322808,7
322809,0
322810,0
322811,0
322812,0
322813,0
322814,0
322815,0
322816,0
322817,0
322818,0
322819,0
322820,0
322821,0
322822,0
322823,0
322824,3
322825,0
322826,0
322827,0
322828,0
322829,0
322830,0
322831,0
322832,0
322833,0
322834,0
322835,0
322836,0
322837,0
322838,0
322839,3
322840,0
322841,0
322842,0
322843,0
322844,0
322845,0
322846,0
322847,0
322848,0
322849,0
322850,0
322851,0
322852,0
322853,0
322854,0
322855,0
322856,0
322857,0
322858,0
322859,0
322860,0
322861,0
322862,0
322863,0
322864,0
322865,0
322866,9
322867,0
322868,0
322869,0
322870,0
322871,0
322872,0
322873,0
322874,0
322875,0
322876,0
322877,0
322878,0
322879,0
322880,0
322881,0
322882,0
322883,0
322884,0
322885,8
322886,0
322887,0
322888,0
322889,0
322890,0
322891,0
322892,0
322893,0
322894,0
322895,4
322896,0
322897,0
322898,0
322899,0
322900,0
322901,5
322902,0
322903,0
322904,0
322905,0
322906,0
322907,0
322908,0
322909,0
322910,0
322911,0
322912,0
322913,0
322914,0
322915,0
322916,0
322917,0
322918,0
322919,0
322920,0
322921,0
322922,0
322923,0
322924,0
322925,0
322926,0
322927,0
322928,0
322929,0
322930,0
322931,0
322932,0
322933,0
322934,0
322935,0
322936,0
322937,0
322938,0
322939,0
322940,0
322941,0
322942,0
322943,0
322944,0
322945,0
322946,0
322947,0
322948,0
322949,0
322950,0
322951,0
322952,0
322953,0
322954,0
322955,0
322956,0
322957,0
322958,0
322959,0
322960,0
322961,0
322962,0
322963,0
322964,0
322965,0
322966,0
322967,0
322968,0
322969,0
322970,0
322971,0
322972,0
322973,0
322974,0
322975,0
322976,0
322977,0
322978,0
322979,0
322980,0
322981,0
322982,0
322983,0
322984,0
322985,0
322986,0
322987,0
322988,0
322989,0
322990,0
322991,0
322992,0
322993,0
322994,0
322995,0
322996,0
322997,0
322998,0
322999,0
323000,0
323001,0
323002,0
323003,0
323004,0
323005,0
323006,0
323007,0
323008,0
323009,0
323010,0
323011,6
323012,0
323013,0
323014,0
323015,0
323016,0
323017,0
323018,0
323019,0
323020,0
323021,0
323022,0
323023,0
323024,0
323025,0
323026,0
323027,5
323028,0
323029,0
323030,0
323031,0
323032,0
323033,0
323034,0
323035,0
323036,0
323037,0
323038,0
323039,0
323040,7
323041,0
323042,0
323043,0
323044,0
323045,0
323046,0
323047,0
323048,0
323049,0
323050,0
323051,0
323052,0
323053,0
323054,0
323055,5
323056,3
323057,0
323058,0
323059,0
323060,0
323061,0
323062,0
323063,0
323064,0
323065,0
323066,0
323067,0
323068,0
323069,0
323070,0
323071,0
323072,0
323073,0
323074,0
323075,0
323076,0
323077,0
323078,0
323079,0
323080,0
323081,0
323082,0
323083,0
323084,0
323085,0
323086,0
323087,0
323088,10
323089,0
323090,0
323091,0
323092,0
323093,0
323094,0
323095,0
323096,0
323097,0
323098,0
323099,0
323100,7
323101,0
323102,0
323103,0
323104,0
323105,0
323106,0
323107,0
323108,0
323109,0
323110,0
323111,0
323112,0
323113,0
323114,0
323115,0
323116,0
323117,0
323118,0
323119,0
323120,0
323121,6
323122,0
323123,0
323124,0
323125,0
323126,0
323127,0
323128,0
323129,0
323130,0
323131,0
323132,0
323133,0
323134,0
323135,0
323136,0
323137,0
323138,0
323139,0
323140,7
323141,0
323142,0
323143,0
323144,0
323145,0
323146,0
323147,2
323148,0
323149,0
323150,0
323151,0
323152,0
323153,0
323154,0
323155,0
323156,0
323157,0
323158,8
323159,0
323160,0
323161,0
323162,0
323163,9
323164,0
323165,0
323166,0
323167,0
323168,0
323169,0
323170,0
323171,0
323172,0
323173,0
323174,0
323175,0
323176,0
323177,0
323178,0
323179,0
323180,0
323181,0
323182,0
323183,0
323184,0
323185,0
323186,0
323187,0
323188,0
323189,0
323190,0
323191,0
323192,0
323193,0
323194,0
323195,0
323196,0
323197,0
323198,0
323199,0
323200,0
323201,0
323202,0
323203,0
323204,0
323205,0
323206,0
323207,0
323208,0
323209,6
323210,0
323211,0
323212,0
323213,0
323214,0
323215,0
323216,0
323217,0
323218,0
323219,0
323220,9
323221,0
323222,6
323223,0
323224,0
323225,0
323226,0
323227,0
323228,0
323229,0
323230,0
323231,0
323232,0
323233,0
323234,0
323235,0
323236,0
323237,0
323238,0
323239,0
323240,0
323241,0
323242,0
323243,0
323244,6
323245,0
323246,0
323247,0
323248,0
323249,0
323250,0
323251,0
323252,0
323253,0
323254,0
323255,0
323256,0
323257,10
323258,3
323259,0
323260,0
323261,0
323262,0
323263,0
323264,0
323265,0
323266,0
323267,0
323268,0
323269,0
323270,0
323271,0
323272,0
323273,0
323274,0
323275,0
323276,0
323277,0
323278,0
323279,0
323280,6
323281,0
323282,0
323283,0
323284,0
323285,0
323286,0
323287,0
323288,0
323289,0
323290,0
323291,0
323292,0
323293,0
323294,0
323295,0
323296,0
323297,0
323298,0
323299,0
323300,0
323301,0
323302,0
323303,0
323304,0
323305,0
323306,0
323307,0
323308,0
323309,0
323310,0
323311,0
323312,0
323313,0
323314,3
323315,0
323316,0
323317,0
323318,0
323319,0
323320,0
323321,0
323322,0
323323,0
323324,0
323325,0
323326,0
323327,0
323328,0
323329,0
323330,0
323331,0
323332,0
323333,0
323334,0
323335,0
323336,0
323337,0
323338,0
323339,0
323340,0
323341,0
323342,0
323343,0
323344,0
323345,0
323346,0
323347,0
323348,0
323349,0
323350,0
323351,0
323352,7
323353,0
323354,0
323355,0
323356,0
323357,0
323358,0
323359,0
323360,0
323361,0
323362,0
323363,0
323364,0
323365,0
323366,0
323367,0
323368,0
323369,0
323370,0
323371,0
323372,0
323373,2
323374,0
323375,0
323376,0
323377,0
323378,0
323379,0
323380,0
323381,0
323382,7
323383,0
323384,0
323385,0
323386,0
323387,0
323388,0
323389,0
323390,0
323391,0
323392,0
323393,0
323394,0
323395,0
323396,0
323397,0
323398,0
323399,0
323400,0
323401,0
323402,0
323403,5
323404,0
323405,0
323406,0
323407,0
323408,0
323409,0
323410,0
323411,0
323412,0
323413,0
323414,0
323415,0
323416,0
323417,0
323418,0
323419,0
323420,0
323421,0
323422,0
323423,0
323424,0
323425,0
323426,0
323427,0
323428,0
323429,0
323430,0
323431,0
323432,0
323433,0
323434,0
323435,0
323436,0
323437,0
323438,0
323439,0
323440,2
323441,0
323442,0
323443,0
323444,6
323445,0
323446,0
323447,0
323448,6
323449,0
323450,0
323451,0
323452,10
323453,0
323454,0
323455,2
323456,5
323457,0
323458,1
323459,5
323460,0
323461,0
323462,0
323463,1
323464,0
323465,7
323466,5
323467,0
323468,4
323469,0
323470,0
323471,6
323472,0
323473,0
323474,1
323475,1
323476,0
323477,0
323478,0
323479,0
323480,4
323481,4
323482,8
323483,1
323484,0
323485,6
323486,0
323487,0
323488,0
323489,0
323490,0
323491,0
323492,3
323493,0
323494,1
323495,0
323496,2
323497,2
323498,0
323499,0
323500,4
323501,0
323502,1
323503,0
323504,1
323505,0
323506,0
323507,0
323508,0
323509,0
323510,0
323511,0
323512,0
323513,0
323514,0
323515,0
323516,0
323517,2
323518,0
323519,0
323520,9
323521,0
323522,0
323523,4
323524,0
323525,4
323526,0
323527,7
323528,0
323529,3
323530,2
323531,5
323532,0
323533,0
323534,1
323535,7
323536,0
323537,6
323538,0
323539,4
323540,2
323541,0
323542,0
323543,2
323544,0
323545,0
323546,0
323547,0
323548,2
323549,0
323550,0
323551,0
323552,0
323553,0
323554,0
323555,0
323556,4
323557,0
323558,8
323559,0
323560,0
323561,2
323562,0
323563,0
323564,0
323565,0
323566,5
323567,0
323568,3
323569,2
323570,0
323571,0
323572,0
323573,0
323574,0
323575,0
323576,0
323577,0
323578,7
323579,0
323580,0
323581,5
323582,0
323583,0
323584,0
323585,0
323586,2
323587,0
323588,0
323589,0
323590,6
323591,0
323592,0
323593,0
323594,0
323595,1
323596,0
323597,0
323598,0
323599,0
323600,0
323601,0
323602,0
323603,0
323604,0
323605,0
323606,0
323607,0
323608,0
323609,0
323610,0
323611,0
323612,0
323613,2
323614,0
323615,2
323616,6
323617,3
323618,0
323619,0
323620,0
323621,2
323622,1
323623,0
323624,0
323625,0
323626,0
323627,0
323628,0
323629,0
323630,0
323631,4
323632,0
323633,0
323634,0
323635,0
323636,0
323637,6
323638,0
323639,2
323640,0
323641,0
323642,0
323643,0
323644,1
323645,4
323646,0
323647,0
323648,0
323649,3
323650,0
323651,0
323652,0
323653,0
323654,0
323655,0
323656,0
323657,0
323658,0
323659,0
323660,1
323661,0
323662,0
323663,0
323664,0
323665,0
323666,0
323667,0
323668,0
323669,0
323670,0
323671,2
323672,3
323673,0
323674,6
323675,0
323676,0
323677,0
323678,0
323679,0
323680,4
323681,0
323682,0
323683,0
323684,0
323685,4
323686,12
323687,3
323688,5
323689,0
323690,9
323691,0
323692,0
323693,0
323694,3
323695,0
323696,0
323697,0
323698,0
323699,0
323700,0
323701,0
323702,0
323703,8
323704,3
323705,4
323706,0
323707,0
323708,6
323709,4
323710,5
323711,0
323712,0
323713,3
323714,7
323715,0
323716,2
323717,8
323718,0
323719,0
323720,0
323721,4
323722,5
323723,0
323724,0
323725,0
323726,0
323727,0
323728,0
323729,5
323730,0
323731,0
323732,2
323733,0
323734,0
323735,4
323736,3
323737,0
323738,0
323739,0
323740,0
323741,1
323742,0
323743,3
323744,0
323745,0
323746,0
323747,0
323748,0
323749,5
323750,0
323751,0
323752,0
323753,0
323754,2
323755,0
323756,0
323757,0
323758,0
323759,0
323760,3
323761,0
323762,4
323763,2
323764,1
323765,0
323766,5
323767,0
323768,1
323769,0
323770,0
323771,3
323772,0
323773,0
323774,0
323775,1
323776,0
323777,2
323778,0
323779,0
323780,0
323781,0
323782,0
323783,1
323784,0
323785,0
323786,0
323787,1
323788,0
323789,0
323790,0
323791,0
323792,0
323793,0
323794,0
323795,1
323796,0
323797,0
323798,0
323799,0
323800,5
323801,0
323802,0
323803,0
323804,0
323805,1
323806,0
323807,2
323808,2
323809,0
323810,2
323811,0
323812,0
323813,0
323814,0
323815,5
323816,0
323817,0
323818,4
323819,2
323820,0
323821,0
323822,0
323823,0
323824,0
323825,0
323826,0
323827,0
323828,0
323829,0
323830,0
323831,3
323832,0
323833,0
323834,0
323835,0
323836,1
323837,0
323838,0
323839,0
323840,0
323841,0
323842,0
323843,0
323844,0
323845,2
323846,0
323847,0
323848,2
323849,0
323850,1
323851,0
323852,0
323853,0
323854,2
323855,0
323856,0
323857,0
323858,4
323859,0
323860,0
323861,0
323862,0
323863,0
323864,0
323865,3
323866,0
323867,0
323868,0
323869,0
323870,0
323871,0
323872,0
323873,3
323874,0
323875,0
323876,0
323877,0
323878,3
323879,0
323880,1
323881,0
323882,0
323883,0
323884,5
323885,1
323886,0
323887,2
323888,0
323889,0
323890,0
323891,2
323892,0
323893,4
323894,3
323895,2
323896,0
323897,1
323898,5
323899,0
323900,0
323901,0
323902,0
323903,0
323904,0
323905,0
323906,0
323907,1
323908,0
323909,0
323910,3
323911,0
323912,2
323913,0
323914,2
323915,2
323916,3
323917,0
323918,0
323919,0
323920,0
323921,4
323922,1
323923,2
323924,0
323925,7
323926,0
323927,2
323928,0
323929,0
323930,0
323931,0
323932,4
323933,0
323934,2
323935,0
323936,0
323937,3
323938,0
323939,0
323940,0
323941,0
323942,0
323943,0
323944,0
323945,2
323946,0
323947,0
323948,0
323949,1
323950,2
323951,0
323952,0
323953,2
323954,0
323955,0
323956,0
323957,0
323958,0
323959,0
323960,0
323961,0
323962,4
323963,0
323964,0
323965,1
323966,0
323967,0
323968,0
323969,3
323970,4
323971,1
323972,0
323973,4
323974,0
323975,0
323976,1
323977,0
323978,4
323979,0
323980,0
323981,1
323982,0
323983,0
323984,0
323985,1
323986,3
323987,0
323988,0
323989,4
323990,0
323991,0
323992,0
323993,1
323994,0
323995,0
323996,0
323997,0
323998,0
323999,3
324000,0
324001,0
324002,0
324003,0
324004,2
324005,0
324006,0
324007,0
324008,0
324009,0
324010,0
324011,6
324012,2
324013,0
324014,0
324015,2
324016,0
324017,0
324018,1
324019,0
324020,0
324021,1
324022,0
324023,0
324024,0
324025,2
324026,0
324027,0
324028,0
324029,0
324030,0
324031,0
324032,0
324033,0
324034,2
324035,0
324036,2
324037,0
324038,0
324039,0
324040,0
324041,0
324042,1
324043,0
324044,2
324045,0
324046,0
324047,0
324048,0
324049,2
324050,0
324051,0
324052,4
324053,0
324054,0
324055,0
324056,0
324057,0
324058,0
324059,0
324060,0
324061,4
324062,3
324063,1
324064,0
324065,0
324066,0
324067,0
324068,0
324069,3
324070,0
324071,0
324072,0
324073,0
324074,0
324075,0
324076,1
324077,3
324078,0
324079,0
324080,0
324081,0
324082,0
324083,4
324084,0
324085,0
324086,0
324087,0
324088,3
324089,0
324090,0
324091,0
324092,2
324093,0
324094,0
324095,0
324096,0
324097,0
324098,0
324099,0
324100,0
324101,1
324102,0
324103,0
324104,2
324105,2
324106,0
324107,0
324108,0
324109,0
324110,0
324111,1
324112,0
324113,2
324114,0
324115,0
324116,0
324117,0
324118,0
324119,0
324120,0
324121,0
324122,0
324123,0
324124,1
324125,0
324126,0
324127,0
324128,0
324129,0
324130,0
324131,0
324132,0
324133,5
324134,0
324135,0
324136,0
324137,2
324138,0
324139,0
324140,1
324141,0
324142,0
324143,0
324144,0
324145,0
324146,2
324147,0
324148,0
324149,0
324150,0
324151,0
324152,0
324153,0
324154,0
324155,0
324156,0
324157,0
324158,0
324159,0
324160,0
324161,3
324162,6
324163,0
324164,0
324165,3
324166,1
324167,0
324168,0
324169,0
324170,9
324171,0
324172,0
324173,1
324174,0
324175,0
324176,0
324177,0
324178,0
324179,0
324180,0
324181,0
324182,1
324183,0
324184,0
324185,1
324186,0
324187,0
324188,0
324189,0
324190,5
324191,1
324192,0
324193,0
324194,0
324195,0
324196,0
324197,2
324198,0
324199,5
324200,0
324201,0
324202,4
324203,0
324204,0
324205,0
324206,0
324207,4
324208,0
324209,0
324210,3
324211,0
324212,0
324213,0
324214,4
324215,0
324216,0
324217,0
324218,2
324219,0
324220,1
324221,0
324222,0
324223,0
324224,0
324225,0
324226,1
324227,0
324228,0
324229,0
324230,2
324231,0
324232,2
324233,2
324234,0
324235,0
324236,0
324237,2
324238,0
324239,0
324240,1
324241,1
324242,0
324243,0
324244,3
324245,0
324246,0
324247,0
324248,1
324249,0
324250,0
324251,0
324252,0
324253,0
324254,0
324255,0
324256,0
324257,0
324258,0
324259,0
324260,0
324261,0
324262,0
324263,0
324264,1
324265,0
324266,0
324267,0
324268,0
324269,1
324270,0
324271,0
324272,0
324273,0
324274,1
324275,0
324276,0
324277,0
324278,0
324279,0
324280,0
324281,0
324282,3
324283,2
324284,2
324285,0
324286,0
324287,0
324288,3
324289,0
324290,0
324291,0
324292,0
324293,0
324294,0
324295,0
324296,0
324297,3
324298,2
324299,1
324300,0
324301,0
324302,0
324303,0
324304,0
324305,1
324306,0
324307,0
324308,0
324309,0
324310,0
324311,0
324312,0
324313,0
324314,0
324315,2
324316,0
324317,0
324318,0
324319,0
324320,1
324321,0
324322,0
324323,0
324324,0
324325,0
324326,0
324327,0
324328,0
324329,0
324330,0
324331,0
324332,0
324333,0
324334,0
324335,1
324336,2
324337,2
324338,3
324339,0
324340,0
324341,1
324342,0
324343,0
324344,0
324345,0
324346,0
324347,0
324348,0
324349,2
324350,0
324351,0
324352,0
324353,0
324354,2
324355,1
324356,0
324357,4
324358,0
324359,4
324360,4
324361,0
324362,0
324363,0
324364,1
324365,0
324366,0
324367,0
324368,0
324369,23
324370,0
324371,0
324372,0
324373,0
324374,0
324375,0
324376,0
324377,0
324378,0
324379,0
324380,0
324381,0
324382,0
324383,0
324384,0
324385,0
324386,0
324387,17
324388,0
324389,0
324390,0
324391,0
324392,0
324393,0
324394,0
324395,0
324396,0
324397,0
324398,0
324399,0
324400,0
324401,14
324402,0
324403,0
324404,0
324405,0
324406,0
324407,12
324408,20
324409,0
324410,16
324411,0
324412,11
324413,13
324414,0
324415,0
324416,0
324417,0
324418,0
324419,0
324420,0
324421,0
324422,0
324423,0
324424,0
324425,0
324426,0
324427,0
324428,19
324429,0
324430,0
324431,0
324432,0
324433,0
324434,0
324435,0
324436,0
324437,0
324438,0
324439,0
324440,0
324441,0
324442,0
324443,0
324444,0
324445,0
324446,0
324447,21
324448,0
324449,0
324450,0
324451,0
324452,0
324453,0
324454,0
324455,0
324456,17
324457,0
324458,0
324459,30
324460,11
324461,0
324462,0
324463,0
324464,0
324465,0
324466,0
324467,0
324468,0
324469,0
324470,0
324471,0
324472,0
324473,0
324474,0
324475,0
324476,0
324477,21
324478,0
324479,0
324480,0
324481,0
324482,0
324483,0
324484,0
324485,13
324486,0
324487,0
324488,0
324489,0
324490,0
324491,0
324492,8
324493,20
324494,0
324495,0
324496,0
324497,0
324498,13
324499,0
324500,0
324501,0
324502,0
324503,17
324504,0
324505,0
324506,0
324507,0
324508,0
324509,0
324510,0
324511,0
324512,15
324513,0
324514,0
324515,0
324516,0
324517,0
324518,0
324519,0
324520,0
324521,0
324522,0
324523,7
324524,0
324525,0
324526,0
324527,11
324528,0
324529,0
324530,0
324531,0
324532,0
324533,0
324534,0
324535,0
324536,0
324537,0
324538,0
324539,0
324540,0
324541,0
324542,12
324543,0
324544,0
324545,0
324546,0
324547,0
324548,0
324549,0
324550,0
324551,0
324552,0
324553,0
324554,0
324555,0
324556,0
324557,0
324558,11
324559,0
324560,0
324561,0
324562,0
324563,0
324564,0
324565,0
324566,0
324567,0
324568,0
324569,0
324570,0
324571,0
324572,0
324573,0
324574,17
324575,0
324576,0
324577,0
324578,0
324579,22
324580,18
324581,8
324582,0
324583,0
324584,0
324585,0
324586,0
324587,0
324588,0
324589,0
324590,0
324591,19
324592,0
324593,0
324594,0
324595,0
324596,0
324597,0
324598,0
324599,17
324600,0
324601,0
324602,0
324603,0
324604,0
324605,0
324606,0
324607,0
324608,0
324609,0
324610,0
324611,0
324612,0
324613,0
324614,0
324615,0
324616,0
324617,0
324618,0
324619,0
324620,0
324621,0
324622,0
324623,0
324624,0
324625,0
324626,0
324627,0
324628,0
324629,0
324630,0
324631,0
324632,17
324633,0
324634,10
324635,0
324636,0
324637,17
324638,0
324639,0
324640,26
324641,0
324642,0
324643,0
324644,0
324645,0
324646,0
324647,20
324648,0
324649,0
324650,0
324651,0
324652,0
324653,0
324654,0
324655,0
324656,22
324657,0
324658,0
324659,0
324660,0
324661,0
324662,0
324663,0
324664,0
324665,0
324666,10
324667,0
324668,0
324669,0
324670,0
324671,0
324672,19
324673,0
324674,16
324675,0
324676,0
324677,0
324678,0
324679,0
324680,0
324681,0
324682,0
324683,0
324684,0
324685,0
324686,0
324687,0
324688,0
324689,0
324690,0
324691,0
324692,0
324693,0
324694,0
324695,0
324696,0
324697,0
324698,0
324699,0
324700,0
324701,0
324702,0
324703,0
324704,0
324705,0
324706,0
324707,0
324708,0
324709,0
324710,0
324711,13
324712,0
324713,0
324714,0
324715,0
324716,0
324717,14
324718,0
324719,16
324720,0
324721,0
324722,0
324723,0
324724,0
324725,24
324726,0
324727,0
324728,0
324729,0
324730,0
324731,0
324732,0
324733,0
324734,0
324735,0
324736,0
324737,0
324738,0
324739,0
324740,0
324741,0
324742,0
324743,14
324744,0
324745,14
324746,0
324747,0
324748,0
324749,16
324750,0
324751,0
324752,0
324753,0
324754,0
324755,0
324756,0
324757,0
324758,0
324759,0
324760,0
324761,0
324762,0
324763,0
324764,0
324765,0
324766,0
324767,0
324768,0
324769,0
324770,0
324771,0
324772,0
324773,0
324774,0
324775,0
324776,0
324777,15
324778,0
324779,0
324780,0
324781,0
324782,0
324783,0
324784,0
324785,0
324786,0
324787,0
324788,0
324789,0
324790,16
324791,0
324792,0
324793,0
324794,0
324795,0
324796,0
324797,0
324798,0
324799,0
324800,15
324801,0
324802,0
324803,0
324804,0
324805,0
324806,0
324807,0
324808,0
324809,0
324810,0
324811,0
324812,0
324813,0
324814,0
324815,0
324816,0
324817,0
324818,0
324819,0
324820,0
324821,0
324822,0
324823,0
324824,0
324825,0
324826,0
324827,0
324828,0
324829,0
324830,0
324831,0
324832,15
324833,0
324834,0
324835,0
324836,14
324837,0
324838,0
324839,0
324840,0
324841,0
324842,0
324843,0
324844,0
324845,0
324846,0
324847,0
324848,0
324849,0
324850,0
324851,0
324852,0
324853,0
324854,0
324855,0
324856,0
324857,0
324858,0
324859,0
324860,0
324861,0
324862,0
324863,0
324864,0
324865,0
324866,0
324867,0
324868,0
324869,0
324870,0
324871,12
324872,16
324873,0
324874,0
324875,0
324876,14
324877,0
324878,0
324879,0
324880,0
324881,0
324882,0
324883,0
324884,17
324885,0
324886,0
324887,0
324888,14
324889,0
324890,0
324891,0
324892,0
324893,0
324894,11
324895,0
324896,0
324897,0
324898,0
324899,0
324900,0
324901,0
324902,11
324903,0
324904,0
324905,0
324906,0
324907,0
324908,0
324909,0
324910,0
324911,0
324912,0
324913,0
324914,26
324915,0
324916,0
324917,0
324918,0
324919,0
324920,15
324921,0
324922,0
324923,0
324924,0
324925,0
324926,0
324927,0
324928,20
324929,0
324930,0
324931,0
324932,0
324933,0
324934,0
324935,0
324936,0
324937,0
324938,0
324939,0
324940,0
324941,0
324942,0
324943,0
324944,0
324945,0
324946,0
324947,0
324948,11
324949,0
324950,0
324951,0
324952,0
324953,13
324954,0
324955,0
324956,0
324957,0
324958,0
324959,0
324960,0
324961,0
324962,0
324963,0
324964,14
324965,0
324966,0
324967,0
324968,0
324969,0
324970,0
324971,0
324972,0
324973,0
324974,14
324975,0
324976,0
324977,0
324978,0
324979,0
324980,0
324981,0
324982,0
324983,0
324984,0
324985,0
324986,0
324987,0
324988,0
324989,0
324990,0
324991,0
324992,0
324993,0
324994,0
324995,0
324996,0
324997,0
324998,0
324999,0
325000,0
325001,0
325002,0
325003,0
325004,0
325005,0
325006,0
325007,0
325008,0
325009,0
325010,0
325011,16
325012,0
325013,14
325014,0
325015,18
325016,0
325017,0
325018,10
325019,0
325020,0
325021,31
325022,43
325023,0
325024,0
325025,0
325026,0
325027,0
325028,0
325029,0
325030,26
325031,0
325032,0
325033,23
325034,0
325035,0
325036,0
325037,0
325038,33
325039,22
325040,0
325041,0
325042,0
325043,0
325044,0
325045,0
325046,0
325047,0
325048,0
325049,0
325050,0
325051,0
325052,0
325053,25
325054,0
325055,0
325056,0
325057,0
325058,0
325059,0
325060,0
325061,0
325062,0
325063,0
325064,0
325065,0
325066,0
325067,0
325068,0
325069,0
325070,0
325071,0
325072,0
325073,35
325074,0
325075,31
325076,0
325077,0
325078,0
325079,0
325080,0
325081,0
325082,0
325083,37
325084,0
325085,0
325086,0
325087,0
325088,0
325089,0
325090,0
325091,0
325092,0
325093,0
325094,0
325095,0
325096,36
325097,0
325098,0
325099,0
325100,0
325101,36
325102,34
325103,24
325104,0
325105,0
325106,0
325107,0
325108,0
325109,0
325110,0
325111,0
325112,33
325113,0
325114,0
325115,0
325116,0
325117,0
325118,0
325119,0
325120,0
325121,0
325122,32
325123,0
325124,0
325125,0
325126,0
325127,0
325128,31
325129,0
325130,0
325131,0
325132,0
325133,0
325134,24
325135,0
325136,0
325137,28
325138,23
325139,0
325140,37
325141,0
325142,0
325143,33
325144,0
325145,25
325146,33
325147,0
325148,0
325149,0
325150,0
325151,0
325152,0
325153,0
325154,27
325155,0
325156,16
325157,0
325158,0
325159,0
325160,0
325161,0
325162,0
325163,0
325164,0
325165,29
325166,0
325167,0
325168,0
325169,0
325170,0
325171,0
325172,0
325173,0
325174,34
325175,20
325176,32
325177,31
325178,26
325179,0
325180,0
325181,0
325182,25
325183,27
325184,0
325185,0
325186,0
325187,0
325188,0
325189,0
325190,0
325191,0
325192,0
325193,30
325194,28
325195,0
325196,0
325197,0
325198,0
325199,25
325200,0
325201,26
325202,0
325203,0
325204,39
325205,0
325206,0
325207,0
325208,0
325209,0
325210,0
325211,0
325212,0
325213,0
325214,0
325215,0
325216,0
325217,0
325218,0
325219,0
325220,0
325221,0
325222,38
325223,0
325224,0
325225,0
325226,0
325227,0
325228,0
325229,0
325230,0
325231,0
325232,0
325233,17
325234,0
325235,39
325236,0
325237,0
325238,0
325239,0
325240,38
325241,0
325242,0
325243,35
325244,0
325245,0
325246,0
325247,0
325248,0
325249,0
325250,0
325251,0
325252,0
325253,0
325254,0
325255,0
325256,0
325257,20
325258,0
325259,0
325260,24
325261,0
325262,0
325263,26
325264,0
325265,0
325266,0
325267,0
325268,0
325269,0
325270,57
325271,0
325272,0
325273,0
325274,0
325275,29
325276,0
325277,0
325278,30
325279,41
325280,0
325281,0
325282,20
325283,0
325284,17
325285,0
325286,39
325287,0
325288,0
325289,0
325290,0
325291,0
325292,0
325293,0
325294,18
325295,0
325296,0
325297,0
325298,0
325299,0
325300,0
325301,0
325302,0
325303,0
325304,0
325305,0
325306,33
325307,0
325308,12
325309,0
325310,13
325311,0
325312,0
325313,0
325314,0
325315,6
325316,0
325317,11
325318,0
325319,0
325320,0
325321,5
325322,0
325323,5
325324,0
325325,0
325326,0
325327,0
325328,0
325329,0
325330,0
325331,0
325332,0
325333,0
325334,0
325335,10
325336,0
325337,0
325338,0
325339,0
325340,12
325341,0
325342,0
325343,20
325344,0
325345,0
325346,0
325347,6
325348,0
325349,0
325350,6
325351,14
325352,0
325353,13
325354,0
325355,0
325356,0
325357,8
325358,0
325359,0
325360,0
325361,0
325362,0
325363,0
325364,0
325365,0
325366,0
325367,0
325368,0
325369,0
325370,0
325371,0
325372,0
325373,0
325374,0
325375,9
325376,0
325377,0
325378,7
325379,0
325380,13
325381,0
325382,4
325383,0
325384,0
325385,0
325386,0
325387,0
325388,0
325389,0
325390,0
325391,0
325392,0
325393,0
325394,0
325395,0
325396,0
325397,0
325398,0
325399,0
325400,0
325401,0
325402,0
325403,0
325404,0
325405,0
325406,10
325407,2
325408,0
325409,0
325410,0
325411,0
325412,0
325413,0
325414,12
325415,0
325416,0
325417,0
325418,0
325419,8
325420,0
325421,0
325422,8
325423,0
325424,5
325425,0
325426,0
325427,0
325428,0
325429,0
325430,0
325431,10
325432,0
325433,0
325434,0
325435,0
325436,0
325437,0
325438,0
325439,10
325440,9
325441,0
325442,0
325443,7
325444,9
325445,6
325446,0
325447,0
325448,0
325449,0
325450,0
325451,0
325452,0
325453,0
325454,0
325455,14
325456,0
325457,10
325458,0
325459,0
325460,7
325461,0
325462,0
325463,0
325464,0
325465,0
325466,0
325467,0
325468,4
325469,0
325470,0
325471,0
325472,8
325473,0
325474,0
325475,0
325476,0
325477,7
325478,7
325479,0
325480,10
325481,0
325482,0
325483,0
325484,0
325485,0
325486,0
325487,0
325488,0
325489,9
325490,0
325491,0
325492,0
325493,0
325494,0
325495,0
325496,0
325497,0
325498,0
325499,0
325500,0
325501,0
325502,0
325503,0
325504,17
325505,0
325506,0
325507,0
325508,0
325509,13
325510,0
325511,0
325512,0
325513,9
325514,0
325515,3
325516,0
325517,13
325518,0
325519,0
325520,0
325521,0
325522,0
325523,0
325524,11
325525,0
325526,0
325527,0
325528,0
325529,0
325530,0
325531,0
325532,0
325533,24
325534,0
325535,0
325536,0
325537,0
325538,11
325539,0
325540,0
325541,10
325542,14
325543,0
325544,0
325545,0
325546,0
325547,0
325548,0
325549,12
325550,0
325551,0
325552,0
325553,0
325554,0
325555,0
325556,6
325557,3
325558,0
325559,0
325560,0
325561,0
325562,9
325563,0
325564,6
325565,0
325566,0
325567,7
325568,0
325569,0
325570,0
325571,0
325572,0
325573,5
325574,0
325575,0
325576,0
325577,10
325578,0
325579,0
325580,0
325581,13
325582,0
325583,0
325584,0
325585,0
325586,0
325587,0
325588,0
325589,0
325590,0
325591,0
325592,0
325593,0
325594,0
325595,0
325596,0
325597,0
325598,0
325599,0
325600,0
325601,0
325602,0
325603,15
325604,4
325605,8
325606,0
325607,0
325608,0
325609,0
325610,0
325611,0
325612,0
325613,4
325614,0
325615,0
325616,6
325617,9
325618,0
325619,0
325620,5
325621,0
325622,0
325623,0
325624,0
325625,0
325626,0
325627,0
325628,6
325629,9
325630,4
325631,8
325632,8
325633,0
325634,7
325635,0
325636,9
325637,0
325638,0
325639,0
325640,44
325641,0
325642,0
325643,0
325644,0
325645,0
325646,0
325647,44
325648,23
325649,40
325650,26
325651,0
325652,10
325653,0
325654,0
325655,0
325656,0
325657,0
325658,48
325659,28
325660,0
325661,0
325662,0
325663,0
325664,0
325665,32
325666,0
325667,10
325668,0
325669,0
325670,0
325671,0
325672,0
325673,0
325674,0
325675,0
325676,24
325677,0
325678,0
325679,0
325680,0
325681,0
325682,0
325683,0
325684,0
325685,0
325686,0
325687,0
325688,0
325689,0
325690,0
325691,0
325692,0
325693,0
325694,0
325695,0
325696,27
325697,29
325698,0
325699,42
325700,0
325701,18
325702,31
325703,0
325704,40
325705,0
325706,29
325707,0
325708,0
325709,0
325710,22
325711,44
325712,0
325713,0
325714,0
325715,0
325716,0
325717,0
325718,0
325719,0
325720,23
325721,0
325722,0
325723,0
325724,0
325725,0
325726,0
325727,36
325728,0
325729,0
325730,0
325731,32
325732,0
325733,0
325734,0
325735,28
325736,0
325737,0
325738,0
325739,0
325740,0
325741,0
325742,0
325743,43
325744,0
325745,0
325746,0
325747,0
325748,0
325749,0
325750,0
325751,26
325752,0
325753,0
325754,0
325755,0
325756,0
325757,0
325758,0
325759,26
325760,0
325761,0
325762,0
325763,30
325764,18
325765,0
325766,12
325767,26
325768,0
325769,0
325770,0
325771,40
325772,23
325773,27
325774,19
325775,0
325776,0
325777,32
325778,0
325779,0
325780,0
325781,0
325782,26
325783,0
325784,0
325785,0
325786,0
325787,5
325788,0
325789,24
325790,25
325791,0
325792,0
325793,12
325794,0
325795,0
325796,0
325797,0
325798,0
325799,23
325800,0
325801,0
325802,0
325803,0
325804,0
325805,36
325806,45
325807,0
325808,0
325809,25
325810,0
325811,0
325812,31
325813,0
325814,0
325815,19
325816,0
325817,17
325818,15
325819,21
325820,0
325821,0
325822,0
325823,0
325824,34
325825,28
325826,0
325827,0
325828,0
325829,30
325830,0
325831,0
325832,0
325833,42
325834,0
325835,26
325836,32
325837,25
325838,0
325839,0
325840,0
325841,0
325842,0
325843,23
325844,33
325845,0
325846,28
325847,42
325848,23
325849,37
325850,0
325851,12
325852,0
325853,0
325854,0
325855,24
325856,0
325857,0
325858,0
325859,0
325860,0
325861,0
325862,0
325863,0
325864,0
325865,0
325866,0
325867,33
325868,38
325869,0
325870,0
325871,0
325872,0
325873,0
325874,0
325875,0
325876,21
325877,0
325878,0
325879,0
325880,0
325881,0
325882,0
325883,0
325884,0
325885,0
325886,0
325887,0
325888,0
325889,0
325890,0
325891,9
325892,0
325893,0
325894,0
325895,0
325896,37
325897,0
325898,40
325899,31
325900,0
325901,0
325902,0
325903,0
325904,0
325905,0
325906,0
325907,0
325908,0
325909,0
325910,0
325911,0
325912,37
325913,0
325914,11
325915,34
325916,0
325917,0
325918,0
325919,0
325920,22
325921,0
325922,0
325923,0
325924,0
325925,0
325926,0
325927,0
325928,0
325929,29
325930,0
325931,25
325932,47
325933,0
325934,0
325935,0
325936,0
325937,0
325938,0
325939,39
325940,31
325941,20
325942,34
325943,0
325944,0
325945,0
325946,0
325947,0
325948,33
325949,29
325950,0
325951,50
325952,51
325953,0
325954,0
325955,22
325956,0
325957,0
325958,11
325959,0
325960,0
325961,0
325962,0
325963,50
325964,0
325965,0
325966,23
325967,0
325968,0
325969,15
325970,0
325971,0
325972,34
325973,0
325974,0
325975,0
325976,0
325977,0
325978,0
325979,0
325980,0
325981,0
325982,23
325983,0
325984,0
325985,52
325986,28
325987,35
325988,0
325989,39
325990,0
325991,0
325992,0
325993,22
325994,33
325995,41
325996,0
325997,0
325998,0
325999,15
326000,0
326001,0
326002,33
326003,0
326004,30
326005,17
326006,0
326007,0
326008,32
326009,0
326010,0
326011,19
326012,0
326013,29
326014,0
326015,37
326016,41
326017,0
326018,0
326019,0
326020,0
326021,65
326022,17
326023,0
326024,46
326025,0
326026,0
326027,0
326028,0
326029,0
326030,0
326031,0
326032,0
326033,0
326034,0
326035,0
326036,0
326037,0
326038,0
326039,0
326040,42
326041,0
326042,29
326043,0
326044,0
326045,0
326046,46
326047,0
326048,0
326049,0
326050,0
326051,0
326052,60
326053,0
326054,0
326055,0
326056,0
326057,0
326058,15
326059,0
326060,0
326061,0
326062,0
326063,0
326064,0
326065,0
326066,0
326067,27
326068,14
326069,0
326070,49
326071,8
326072,0
326073,0
326074,0
326075,0
326076,32
326077,0
326078,0
326079,0
326080,27
326081,0
326082,24
326083,0
326084,0
326085,0
326086,9
326087,0
326088,0
326089,19
326090,29
326091,0
326092,36
326093,24
326094,0
326095,0
326096,0
326097,14
326098,0
326099,0
326100,24
326101,0
326102,0
326103,20
326104,0
326105,27
326106,0
326107,0
326108,0
326109,0
326110,0
326111,43
326112,0
326113,34
326114,0
326115,0
326116,0
326117,33
326118,0
326119,38
326120,0
326121,0
326122,38
326123,0
326124,23
326125,0
326126,0
326127,0
326128,0
326129,0
326130,0
326131,0
326132,0
326133,53
326134,0
326135,0
326136,0
326137,0
326138,15
326139,0
326140,46
326141,0
326142,0
326143,0
326144,0
326145,0
326146,0
326147,0
326148,0
326149,0
326150,0
326151,0
326152,28
326153,0
326154,0
326155,0
326156,0
326157,28
326158,0
326159,25
326160,0
326161,14
326162,0
326163,27
326164,0
326165,0
326166,0
326167,37
326168,0
326169,0
326170,0
326171,0
326172,0
326173,0
326174,0
326175,38
326176,0
326177,23
326178,0
326179,48
326180,41
326181,0
326182,38
326183,0
326184,0
326185,27
326186,20
326187,0
326188,0
326189,0
326190,31
326191,17
326192,0
326193,0
326194,0
326195,0
326196,40
326197,0
326198,33
326199,0
326200,29
326201,0
326202,48
326203,21
326204,21
326205,0
326206,0
326207,0
326208,0
326209,0
326210,0
326211,0
326212,0
326213,24
326214,0
326215,16
326216,0
326217,0
326218,0
326219,0
326220,27
326221,24
326222,0
326223,20
326224,55
326225,26
326226,0
326227,34
326228,0
326229,48
326230,0
326231,0
326232,21
326233,28
326234,0
326235,0
326236,0
326237,0
326238,0
326239,0
326240,0
326241,28
326242,0
326243,0
326244,0
326245,0
326246,0
326247,0
326248,0
326249,0
326250,0
326251,0
326252,0
326253,31
326254,0
326255,0
326256,0
326257,0
326258,0
326259,0
326260,0
326261,0
326262,0
326263,0
326264,0
326265,0
326266,25
326267,34
326268,18
326269,0
326270,45
326271,0
326272,0
326273,0
326274,0
326275,0
326276,0
326277,0
326278,35
326279,0
326280,21
326281,0
326282,0
326283,0
326284,30
326285,0
326286,0
326287,0
326288,33
326289,11
326290,21
326291,0
326292,40
326293,0
326294,0
326295,0
326296,0
326297,0
326298,0
326299,0
326300,0
326301,0
326302,0
326303,0
326304,0
326305,0
326306,24
326307,23
326308,0
326309,0
326310,0
326311,0
326312,0
326313,0
326314,35
326315,0
326316,0
326317,0
326318,0
326319,0
326320,0
326321,40
326322,0
326323,25
326324,61
326325,0
326326,0
326327,0
326328,0
326329,0
326330,0
326331,0
326332,0
326333,0
326334,0
326335,0
326336,0
326337,0
326338,0
326339,0
326340,0
326341,0
326342,0
326343,0
326344,0
326345,0
326346,0
326347,0
326348,0
326349,32
326350,0
326351,24
326352,0
326353,0
326354,0
326355,0
326356,0
326357,0
326358,0
326359,0
326360,31
326361,0
326362,0
326363,11
326364,0
326365,0
326366,28
326367,0
326368,0
326369,29
326370,0
326371,0
326372,0
326373,14
326374,0
326375,54
326376,0
326377,0
326378,0
326379,0
326380,0
326381,0
326382,0
326383,0
326384,0
326385,31
326386,0
326387,0
326388,0
326389,24
326390,0
326391,0
326392,0
326393,0
326394,0
326395,0
326396,0
326397,52
326398,0
326399,51
326400,31
326401,0
326402,0
326403,0
326404,0
326405,0
326406,28
326407,24
326408,0
326409,34
326410,0
326411,0
326412,0
326413,0
326414,33
326415,0
326416,0
326417,0
326418,0
326419,0
326420,0
326421,0
326422,0
326423,0
326424,0
326425,0
326426,0
326427,0
326428,0
326429,0
326430,0
326431,29
326432,0
326433,21
326434,35
326435,0
326436,0
326437,9
326438,0
326439,0
326440,0
326441,0
326442,0
326443,0
326444,0
326445,0
326446,0
326447,26
326448,36
326449,0
326450,33
326451,0
326452,0
326453,0
326454,0
326455,0
326456,0
326457,31
326458,0
326459,66
326460,0
326461,0
326462,0
326463,0
326464,0
326465,0
326466,0
326467,0
326468,0
326469,31
326470,28
326471,0
326472,0
326473,0
326474,15
326475,0
326476,29
326477,18
326478,39
326479,0
326480,0
326481,0
326482,0
326483,0
326484,18
326485,0
326486,0
326487,0
326488,0
326489,8
326490,0
326491,0
326492,0
326493,0
326494,0
326495,0
326496,0
326497,16
326498,0
326499,0
326500,0
326501,0
326502,0
326503,23
326504,0
326505,0
326506,0
326507,42
326508,0
326509,14
326510,0
326511,0
326512,0
326513,40
326514,0
326515,0
326516,22
326517,48
326518,0
326519,0
326520,32
326521,0
326522,0
326523,0
326524,0
326525,0
326526,0
326527,16
326528,0
326529,34
326530,0
326531,0
326532,0
326533,0
326534,0
326535,0
326536,0
326537,0
326538,0
326539,0
326540,32
326541,0
326542,0
326543,0
326544,0
326545,0
326546,0
326547,0
326548,0
326549,0
326550,0
326551,30
326552,0
326553,0
326554,0
326555,38
326556,0
326557,0
326558,0
326559,0
326560,0
326561,0
326562,0
326563,0
326564,21
326565,0
326566,23
326567,0
326568,0
326569,0
326570,0
326571,0
326572,0
326573,0
326574,24
326575,24
326576,0
326577,0
326578,0
326579,0
326580,0
326581,0
326582,25
326583,0
326584,0
326585,0
326586,0
326587,0
326588,0
326589,0
326590,0
326591,32
326592,16
326593,17
326594,0
326595,0
326596,13
326597,0
326598,0
326599,0
326600,0
326601,0
326602,29
326603,29
326604,0
326605,0
326606,0
326607,0
326608,40
326609,34
326610,31
326611,0
326612,0
326613,0
326614,0
326615,21
326616,0
326617,0
326618,28
326619,0
326620,23
326621,0
326622,0
326623,32
326624,0
326625,0
326626,0
326627,0
326628,0
326629,0
326630,0
326631,0
326632,0
326633,34
326634,46
326635,0
326636,0
326637,0
326638,45
326639,28
326640,0
326641,0
326642,0
326643,0
326644,50
326645,0
326646,0
326647,37
326648,38
326649,38
326650,0
326651,0
326652,0
326653,0
326654,0
326655,0
326656,29
326657,50
326658,0
326659,0
326660,31
326661,0
326662,34
326663,0
326664,0
326665,0
326666,45
326667,40
326668,0
326669,0
326670,0
326671,0
326672,0
326673,0
326674,0
326675,39
326676,46
326677,0
326678,0
326679,0
326680,49
326681,0
326682,0
326683,0
326684,0
326685,0
326686,0
326687,51
326688,0
326689,0
326690,0
326691,0
326692,0
326693,0
326694,0
326695,68
326696,0
326697,0
326698,37
326699,43
326700,0
326701,0
326702,33
326703,0
326704,0
326705,0
326706,0
326707,0
326708,32
326709,0
326710,52
326711,36
326712,0
326713,0
326714,0
326715,0
326716,0
326717,41
326718,37
326719,0
326720,0
326721,0
326722,0
326723,0
326724,49
326725,0
326726,0
326727,0
326728,0
326729,0
326730,0
326731,0
326732,34
326733,0
326734,0
326735,0
326736,21
326737,0
326738,0
326739,0
326740,0
326741,0
326742,0
326743,39
326744,49
326745,33
326746,29
326747,26
326748,0
326749,0
326750,0
326751,25
326752,0
326753,0
326754,0
326755,0
326756,0
326757,0
326758,0
326759,0
326760,0
326761,0
326762,0
326763,0
326764,0
326765,0
326766,0
326767,0
326768,0
326769,25
326770,0
326771,0
326772,0
326773,0
326774,0
326775,31
326776,0
326777,0
326778,38
326779,0
326780,0
326781,44
326782,0
326783,0
326784,0
326785,0
326786,0
326787,33
326788,0
326789,34
326790,0
326791,0
326792,0
326793,0
326794,36
326795,0
326796,0
326797,0
326798,0
326799,0
326800,0
326801,0
326802,0
326803,0
326804,0
326805,48
326806,32
326807,29
326808,32
326809,0
326810,18
326811,42
326812,0
326813,0
326814,0
326815,0
326816,0
326817,0
326818,0
326819,0
326820,35
326821,0
326822,0
326823,41
326824,0
326825,0
326826,0
326827,47
326828,28
326829,30
326830,28
326831,39
326832,0
326833,0
326834,27
326835,0
326836,0
326837,46
326838,35
326839,0
326840,0
326841,0
326842,24
326843,0
326844,0
326845,0
326846,0
326847,0
326848,0
326849,0
326850,0
326851,0
326852,0
326853,0
326854,0
326855,0
326856,0
326857,0
326858,0
326859,0
326860,0
326861,50
326862,0
326863,0
326864,0
326865,0
326866,0
326867,0
326868,0
326869,56
326870,0
326871,46
326872,0
326873,48
326874,0
326875,0
326876,0
326877,36
326878,0
326879,0
326880,0
326881,0
326882,0
326883,0
326884,0
326885,0
326886,0
326887,0
326888,43
326889,0
326890,0
326891,0
326892,0
326893,0
326894,0
326895,0
326896,27
326897,0
326898,0
326899,0
326900,0
326901,0
326902,0
326903,0
326904,0
326905,29
326906,0
326907,43
326908,51
326909,0
326910,42
326911,0
326912,0
326913,0
326914,0
326915,0
326916,28
326917,0
326918,0
326919,0
326920,0
326921,0
326922,0
326923,0
326924,0
326925,38
326926,0
326927,34
326928,50
326929,48
326930,0
326931,0
326932,0
326933,0
326934,0
326935,0
326936,0
326937,0
326938,43
326939,0
326940,38
326941,0
326942,39
326943,0
326944,0
326945,0
326946,0
326947,0
326948,0
326949,35
326950,0
326951,0
326952,0
326953,0
326954,0
326955,0
326956,0
326957,0
326958,0
326959,0
326960,30
326961,0
326962,0
326963,0
326964,0
326965,0
326966,43
326967,0
326968,0
326969,0
326970,0
326971,30
326972,0
326973,0
326974,0
326975,0
326976,61
326977,0
326978,0
326979,0
326980,39
326981,0
326982,0
326983,0
326984,44
326985,0
326986,0
326987,0
326988,0
326989,0
326990,0
326991,0
326992,0
326993,24
326994,0
326995,0
326996,0
326997,0
326998,0
326999,36
327000,0
327001,0
327002,0
327003,0
327004,0
327005,19
327006,0
327007,0
327008,0
327009,0
327010,0
327011,0
327012,0
327013,0
327014,0
327015,0
327016,0
327017,0
327018,0
327019,0
327020,44
327021,0
327022,0
327023,0
327024,0
327025,24
327026,39
327027,0
327028,0
327029,0
327030,0
327031,0
327032,0
327033,0
327034,0
327035,0
327036,0
327037,33
327038,0
327039,27
327040,0
327041,0
327042,0
327043,48
327044,0
327045,37
327046,0
327047,29
327048,51
327049,0
327050,40
327051,0
327052,30
327053,0
327054,0
327055,0
327056,0
327057,0
327058,0
327059,0
327060,0
327061,0
327062,0
327063,0
327064,31
327065,0
327066,0
327067,50
327068,0
327069,0
327070,0
327071,0
327072,34
327073,30
327074,0
327075,0
327076,0
327077,0
327078,0
327079,0
327080,0
327081,0
327082,0
327083,42
327084,0
327085,0
327086,39
327087,33
327088,0
327089,0
327090,0
327091,0
327092,0
327093,0
327094,27
327095,0
327096,0
327097,31
327098,0
327099,0
327100,0
327101,0
327102,0
327103,0
327104,32
327105,0
327106,0
327107,0
327108,0
327109,0
327110,0
327111,44
327112,0
327113,0
327114,29
327115,0
327116,0
327117,0
327118,28
327119,0
327120,0
327121,28
327122,37
327123,0
327124,47
327125,0
327126,0
327127,0
327128,0
327129,0
327130,0
327131,43
327132,0
327133,0
327134,0
327135,0
327136,0
327137,0
327138,0
327139,0
327140,0
327141,0
327142,0
327143,0
327144,0
327145,0
327146,0
327147,0
327148,21
327149,0
327150,0
327151,0
327152,0
327153,0
327154,0
327155,0
327156,0
327157,39
327158,0
327159,38
327160,0
327161,0
327162,0
327163,0
327164,0
327165,0
327166,0
327167,35
327168,0
327169,37
327170,0
327171,0
327172,0
327173,0
327174,43
327175,0
327176,0
327177,0
327178,45
327179,0
327180,41
327181,0
327182,0
327183,43
327184,0
327185,0
327186,0
327187,0
327188,34
327189,0
327190,0
327191,0
327192,0
327193,0
327194,34
327195,0
327196,0
327197,0
327198,0
327199,0
327200,0
327201,0
327202,0
327203,0
327204,42
327205,0
327206,0
327207,0
327208,0
327209,0
327210,25
327211,44
327212,32
327213,0
327214,42
327215,0
327216,0
327217,0
327218,0
327219,0
327220,0
327221,0
327222,0
327223,29
327224,0
327225,0
327226,47
327227,0
327228,40
327229,23
327230,0
327231,48
327232,32
327233,0
327234,0
327235,29
327236,0
327237,27
327238,0
327239,0
327240,19
327241,51
327242,0
327243,0
327244,53
327245,0
327246,51
327247,30
327248,51
327249,0
327250,37
327251,0
327252,0
327253,0
327254,0
327255,0
327256,0
327257,0
327258,0
327259,0
327260,0
327261,0
327262,0
327263,0
327264,0
327265,0
327266,0
327267,0
327268,28
327269,0
327270,0
327271,48
327272,36
327273,24
327274,0
327275,0
327276,0
327277,0
327278,0
327279,0
327280,35
327281,31
327282,0
327283,0
327284,0
327285,0
327286,34
327287,0
327288,29
327289,0
327290,0
327291,0
327292,0
327293,0
327294,0
327295,0
327296,41
327297,0
327298,0
327299,0
327300,0
327301,38
327302,0
327303,0
327304,0
327305,0
327306,0
327307,0
327308,0
327309,0
327310,0
327311,47
327312,0
327313,0
327314,0
327315,50
327316,46
327317,48
327318,0
327319,0
327320,21
327321,31
327322,0
327323,0
327324,0
327325,0
327326,37
327327,36
327328,27
327329,0
327330,0
327331,0
327332,37
327333,0
327334,0
327335,0
327336,0
327337,45
327338,0
327339,0
327340,0
327341,0
327342,0
327343,34
327344,0
327345,0
327346,0
327347,0
327348,31
327349,0
327350,0
327351,0
327352,0
327353,0
327354,26
327355,0
327356,0
327357,0
327358,0
327359,0
327360,0
327361,0
327362,0
327363,0
327364,0
327365,0
327366,0
327367,0
327368,0
327369,0
327370,44
327371,0
327372,0
327373,0
327374,0
327375,0
327376,0
327377,0
327378,0
327379,32
327380,0
327381,30
327382,0
327383,38
327384,43
327385,0
327386,36
327387,0
327388,0
327389,24
327390,0
327391,0
327392,0
327393,0
327394,46
327395,0
327396,26
327397,0
327398,0
327399,0
327400,0
327401,0
327402,0
327403,0
327404,30
327405,41
327406,40
327407,0
327408,0
327409,0
327410,0
327411,0
327412,0
327413,0
327414,0
327415,21
327416,0
327417,0
327418,0
327419,0
327420,0
327421,0
327422,44
327423,0
327424,0
327425,0
327426,0
327427,30
327428,0
327429,39
327430,0
327431,0
327432,0
327433,0
327434,0
327435,0
327436,0
327437,34
327438,36
327439,31
327440,0
327441,0
327442,34
327443,25
327444,0
327445,37
327446,0
327447,0
327448,0
327449,0
327450,0
327451,0
327452,42
327453,0
327454,0
327455,57
327456,0
327457,0
327458,0
327459,0
327460,36
327461,44
327462,0
327463,29
327464,0
327465,0
327466,0
327467,51
327468,0
327469,35
327470,0
327471,0
327472,0
327473,0
327474,0
327475,52
327476,0
327477,0
327478,0
327479,0
327480,40
327481,0
327482,0
327483,43
327484,0
327485,40
327486,37
327487,0
327488,0
327489,0
327490,0
327491,47
327492,26
327493,46
327494,0
327495,0
327496,0
327497,43
327498,0
327499,0
327500,0
327501,0
327502,0
327503,0
327504,0
327505,29
327506,58
327507,0
327508,37
327509,0
327510,0
327511,0
327512,0
327513,0
327514,0
327515,21
327516,0
327517,42
327518,0
327519,0
327520,53
327521,39
327522,0
327523,0
327524,0
327525,0
327526,0
327527,0
327528,0
327529,0
327530,0
327531,0
327532,0
327533,0
327534,0
327535,0
327536,0
327537,0
327538,0
327539,0
327540,9
327541,0
327542,0
327543,0
327544,0
327545,0
327546,0
327547,0
327548,0
327549,0
327550,0
327551,0
327552,0
327553,0
327554,0
327555,0
327556,0
327557,0
327558,0
327559,0
327560,7
327561,7
327562,8
327563,8
327564,0
327565,0
327566,9
327567,0
327568,0
327569,0
327570,0
327571,0
327572,0
327573,0
327574,0
327575,0
327576,0
327577,0
327578,0
327579,0
327580,0
327581,0
327582,0
327583,0
327584,0
327585,0
327586,0
327587,9
327588,0
327589,0
327590,0
327591,0
327592,0
327593,0
327594,0
327595,0
327596,6
327597,0
327598,0
327599,0
327600,0
327601,0
327602,0
327603,0
327604,5
327605,0
327606,0
327607,0
327608,0
327609,0
327610,0
327611,0
327612,0
327613,0
327614,0
327615,0
327616,0
327617,0
327618,0
327619,0
327620,0
327621,0
327622,0
327623,0
327624,0
327625,0
327626,10
327627,0
327628,0
327629,0
327630,7
327631,0
327632,0
327633,6
327634,0
327635,0
327636,0
327637,0
327638,0
327639,0
327640,0
327641,0
327642,0
327643,7
327644,0
327645,8
327646,0
327647,0
327648,0
327649,0
327650,0
327651,4
327652,0
327653,0
327654,8
327655,0
327656,0
327657,0
327658,0
327659,0
327660,2
327661,0
327662,0
327663,5
327664,5
327665,0
327666,0
327667,0
327668,0
327669,0
327670,0
327671,0
327672,0
327673,0
327674,0
327675,6
327676,0
327677,0
327678,0
327679,0
327680,5
327681,8
327682,0
327683,0
327684,0
327685,0
327686,0
327687,0
327688,0
327689,0
327690,0
327691,0
327692,0
327693,0
327694,0
327695,0
327696,0
327697,0
327698,0
327699,0
327700,0
327701,0
327702,0
327703,0
327704,0
327705,0
327706,0
327707,6
327708,0
327709,0
327710,0
327711,0
327712,0
327713,0
327714,0
327715,0
327716,0
327717,0
327718,0
327719,0
327720,0
327721,0
327722,0
327723,0
327724,0
327725,0
327726,0
327727,0
327728,0
327729,0
327730,0
327731,0
327732,0
327733,0
327734,0
327735,0
327736,0
327737,0
327738,0
327739,0
327740,0
327741,0
327742,0
327743,5
327744,0
327745,0
327746,0
327747,0
327748,0
327749,0
327750,0
327751,0
327752,0
327753,0
327754,0
327755,0
327756,0
327757,10
327758,0
327759,0
327760,0
327761,0
327762,0
327763,0
327764,0
327765,4
327766,0
327767,0
327768,8
327769,0
327770,0
327771,0
327772,0
327773,12
327774,0
327775,0
327776,0
327777,0
327778,0
327779,0
327780,0
327781,0
327782,0
327783,0
327784,0
327785,0
327786,0
327787,0
327788,0
327789,0
327790,0
327791,0
327792,0
327793,0
327794,0
327795,0
327796,0
327797,7
327798,0
327799,8
327800,0
327801,0
327802,0
327803,0
327804,0
327805,0
327806,0
327807,0
327808,0
327809,0
327810,0
327811,0
327812,0
327813,0
327814,0
327815,0
327816,0
327817,0
327818,0
327819,0
327820,0
327821,0
327822,0
327823,0
327824,0
327825,0
327826,0
327827,0
327828,5
327829,0
327830,0
327831,0
327832,0
327833,0
327834,0
327835,0
327836,4
327837,0
327838,0
327839,12
327840,0
327841,0
327842,14
327843,0
327844,11
327845,0
327846,0
327847,0
327848,0
327849,0
327850,0
327851,9
327852,0
327853,6
327854,0
327855,0
327856,0
327857,0
327858,0
327859,5
327860,10
327861,0
327862,0
327863,0
327864,0
327865,0
327866,0
327867,0
327868,0
327869,0
327870,0
327871,0
327872,0
327873,0
327874,0
327875,14
327876,0
327877,0
327878,0
327879,0
327880,0
327881,3
327882,0
327883,0
327884,3
327885,0
327886,0
327887,0
327888,0
327889,0
327890,0
327891,0
327892,0
327893,5
327894,0
327895,0
327896,0
327897,0
327898,0
327899,7
327900,0
327901,0
327902,0
327903,0
327904,0
327905,8
327906,0
327907,0
327908,0
327909,0
327910,0
327911,0
327912,0
327913,0
327914,0
327915,0
327916,0
327917,7
327918,0
327919,0
327920,9
327921,0
327922,0
327923,0
327924,0
327925,0
327926,0
327927,0
327928,0
327929,0
327930,0
327931,7
327932,0
327933,0
327934,0
327935,0
327936,0
327937,0
327938,0
327939,0
327940,0
327941,0
327942,0
327943,0
327944,0
327945,0
327946,0
327947,0
327948,0
327949,0
327950,0
327951,6
327952,0
327953,0
327954,0
327955,0
327956,0
327957,0
327958,8
327959,0
327960,9
327961,0
327962,0
327963,0
327964,0
327965,0
327966,0
327967,3
327968,0
327969,0
327970,0
327971,0
327972,0
327973,0
327974,0
327975,0
327976,0
327977,9
327978,0
327979,0
327980,0
327981,0
327982,0
327983,0
327984,0
327985,0
327986,0
327987,0
327988,0
327989,0
327990,0
327991,0
327992,0
327993,0
327994,0
327995,0
327996,0
327997,0
327998,0
327999,0
328000,0
328001,7
328002,0
328003,0
328004,0
328005,0
328006,0
328007,0
328008,0
328009,0
328010,0
328011,0
328012,0
328013,0
328014,0
328015,0
328016,0
328017,0
328018,0
328019,0
328020,0
328021,0
328022,0
328023,0
328024,0
328025,0
328026,0
328027,0
328028,0
328029,0
328030,6
328031,0
328032,0
328033,0
328034,0
328035,0
328036,0
328037,0
328038,0
328039,0
328040,0
328041,0
328042,0
328043,0
328044,0
328045,0
328046,26
328047,0
328048,0
328049,0
328050,0
328051,0
328052,0
328053,0
328054,0
328055,0
328056,0
328057,0
328058,0
328059,0
328060,32
328061,0
328062,0
328063,0
328064,0
328065,0
328066,0
328067,0
328068,0
328069,0
328070,0
328071,0
328072,22
328073,0
328074,0
328075,0
328076,0
328077,0
328078,0
328079,0
328080,0
328081,0
328082,0
328083,0
328084,0
328085,0
328086,0
328087,0
328088,0
328089,0
328090,0
328091,0
328092,0
328093,0
328094,0
328095,0
328096,0
328097,0
328098,0
328099,0
328100,0
328101,0
328102,0
328103,0
328104,0
328105,0
328106,0
328107,0
328108,0
328109,0
328110,0
328111,0
328112,0
328113,0
328114,0
328115,0
328116,0
328117,26
328118,0
328119,0
328120,40
328121,0
328122,0
328123,0
328124,0
328125,0
328126,0
328127,0
328128,0
328129,0
328130,0
328131,0
328132,0
328133,0
328134,0
328135,0
328136,34
328137,0
328138,0
328139,0
328140,0
328141,0
328142,0
328143,0
328144,0
328145,26
328146,0
328147,0
328148,0
328149,0
328150,0
328151,0
328152,0
328153,32
328154,0
328155,0
328156,0
328157,0
328158,0
328159,0
328160,0
328161,0
328162,0
328163,0
328164,0
328165,0
328166,0
328167,0
328168,0
328169,0
328170,0
328171,0
328172,0
328173,0
328174,0
328175,0
328176,27
328177,0
328178,0
328179,0
328180,0
328181,0
328182,0
328183,0
328184,0
328185,0
328186,0
328187,0
328188,0
328189,0
328190,0
328191,0
328192,0
328193,37
328194,0
328195,0
328196,0
328197,0
328198,0
328199,0
328200,0
328201,0
328202,0
328203,0
328204,0
328205,0
328206,0
328207,0
328208,27
328209,0
328210,0
328211,0
328212,0
328213,0
328214,0
328215,0
328216,0
328217,0
328218,0
328219,0
328220,0
328221,0
328222,0
328223,0
328224,0
328225,0
328226,0
328227,0
328228,0
328229,0
328230,0
328231,0
328232,0
328233,0
328234,0
328235,0
328236,0
328237,32
328238,0
328239,0
328240,0
328241,0
328242,0
328243,0
328244,0
328245,0
328246,0
328247,0
328248,0
328249,0
328250,38
328251,33
328252,0
328253,0
328254,0
328255,0
328256,0
328257,0
328258,0
328259,0
328260,0
328261,0
328262,0
328263,0
328264,0
328265,0
328266,0
328267,0
328268,0
328269,0
328270,23
328271,0
328272,0
328273,0
328274,0
328275,0
328276,0
328277,0
328278,0
328279,0
328280,0
328281,0
328282,0
328283,0
328284,0
328285,0
328286,0
328287,0
328288,0
328289,0
328290,30
328291,0
328292,0
328293,0
328294,35
328295,0
328296,0
328297,0
328298,0
328299,0
328300,0
328301,0
328302,38
328303,0
328304,0
328305,0
328306,30
328307,0
328308,0
328309,38
328310,0
328311,0
328312,0
328313,0
328314,0
328315,0
328316,0
328317,0
328318,0
328319,0
328320,0
328321,0
328322,0
328323,0
328324,0
328325,0
328326,0
328327,0
328328,0
328329,0
328330,0
328331,0
328332,0
328333,24
328334,0
328335,0
328336,0
328337,33
328338,0
328339,0
328340,0
328341,0
328342,0
328343,0
328344,0
328345,0
328346,0
328347,0
328348,0
328349,0
328350,0
328351,0
328352,0
328353,21
328354,0
328355,0
328356,0
328357,0
328358,0
328359,0
328360,0
328361,21
328362,31
328363,0
328364,0
328365,0
328366,0
328367,0
328368,0
328369,0
328370,0
328371,0
328372,0
328373,0
328374,0
328375,0
328376,0
328377,0
328378,35
328379,0
328380,0
328381,0
328382,0
328383,0
328384,0
328385,37
328386,0
328387,0
328388,0
328389,0
328390,23
328391,0
328392,22
328393,0
328394,0
328395,0
328396,0
328397,0
328398,0
328399,0
328400,0
328401,0
328402,0
328403,0
328404,0
328405,0
328406,0
328407,0
328408,0
328409,0
328410,0
328411,0
328412,0
328413,0
328414,0
328415,29
328416,0
328417,0
328418,0
328419,0
328420,44
328421,28
328422,0
328423,0
328424,0
328425,0
328426,0
328427,0
328428,0
328429,0
328430,0
328431,30
328432,0
328433,0
328434,0
328435,0
328436,0
328437,0
328438,0
328439,0
328440,0
328441,0
328442,0
328443,0
328444,0
328445,0
328446,0
328447,0
328448,0
328449,0
328450,0
328451,0
328452,0
328453,0
328454,22
328455,0
328456,0
328457,0
328458,0
328459,0
328460,0
328461,0
328462,0
328463,0
328464,32
328465,0
328466,0
328467,0
328468,0
328469,0
328470,0
328471,0
328472,0
328473,0
328474,0
328475,0
328476,0
328477,0
328478,0
328479,0
328480,0
328481,0
328482,0
328483,0
328484,42
328485,0
328486,0
328487,0
328488,29
328489,33
328490,43
328491,0
328492,0
328493,0
328494,30
328495,0
328496,41
328497,28
328498,0
328499,33
328500,0
328501,0
328502,42
328503,0
328504,0
328505,0
328506,0
328507,0
328508,0
328509,0
328510,0
328511,0
328512,0
328513,0
328514,41
328515,0
328516,58
328517,0
328518,0
328519,0
328520,0
328521,0
328522,0
328523,0
328524,41
328525,0
328526,0
328527,40
328528,35
328529,0
328530,0
328531,0
328532,0
328533,0
328534,0
328535,0
328536,0
328537,0
328538,0
328539,0
328540,0
328541,38
328542,0
328543,0
328544,33
328545,0
328546,0
328547,24
328548,27
328549,0
328550,32
328551,0
328552,0
328553,0
328554,0
328555,0
328556,0
328557,39
328558,0
328559,0
328560,0
328561,30
328562,0
328563,0
328564,0
328565,0
328566,0
328567,35
328568,42
328569,0
328570,0
328571,0
328572,0
328573,0
328574,0
328575,0
328576,0
328577,0
328578,0
328579,0
328580,0
328581,0
328582,30
328583,32
328584,46
328585,0
328586,0
328587,0
328588,0
328589,28
328590,0
328591,40
328592,0
328593,0
328594,0
328595,0
328596,0
328597,0
328598,0
328599,0
328600,0
328601,0
328602,0
328603,0
328604,0
328605,0
328606,37
328607,0
328608,39
328609,0
328610,0
328611,0
328612,0
328613,0
328614,0
328615,0
328616,0
328617,0
328618,0
328619,43
328620,0
328621,37
328622,0
328623,0
328624,0
328625,0
328626,0
328627,33
328628,0
328629,0
328630,51
328631,34
328632,0
328633,0
328634,52
328635,49
328636,0
328637,32
328638,0
328639,0
328640,35
328641,0
328642,33
328643,0
328644,0
328645,0
328646,0
328647,0
328648,0
328649,0
328650,31
328651,0
328652,27
328653,30
328654,0
328655,0
328656,0
328657,0
328658,0
328659,0
328660,39
328661,0
328662,0
328663,0
328664,0
328665,39
328666,0
328667,38
328668,37
328669,0
328670,0
328671,0
328672,0
328673,38
328674,52
328675,0
328676,0
328677,30
328678,0
328679,0
328680,0
328681,0
328682,0
328683,0
328684,0
328685,0
328686,39
328687,0
328688,0
328689,37
328690,35
328691,0
328692,40
328693,0
328694,0
328695,0
328696,0
328697,52
328698,0
328699,0
328700,30
328701,0
328702,39
328703,0
328704,0
328705,0
328706,31
328707,0
328708,0
328709,0
328710,0
328711,0
328712,0
328713,0
328714,0
328715,34
328716,0
328717,0
328718,49
328719,0
328720,0
328721,0
328722,0
328723,0
328724,37
328725,0
328726,34
328727,0
328728,0
328729,0
328730,0
328731,35
328732,0
328733,0
328734,0
328735,0
328736,0
328737,0
328738,0
328739,0
328740,0
328741,0
328742,0
328743,0
328744,0
328745,0
328746,0
328747,0
328748,0
328749,31
328750,0
328751,0
328752,0
328753,0
328754,0
328755,0
328756,0
328757,0
328758,0
328759,0
328760,0
328761,34
328762,0
328763,26
328764,0
328765,0
328766,0
328767,42
328768,0
328769,0
328770,0
328771,0
328772,0
328773,0
328774,0
328775,0
328776,0
328777,50
328778,0
328779,0
328780,0
328781,0
328782,52
328783,0
328784,0
328785,0
328786,36
328787,44
328788,0
328789,0
328790,0
328791,0
328792,0
328793,0
328794,0
328795,0
328796,30
328797,45
328798,0
328799,0
328800,0
328801,29
328802,0
328803,0
328804,0
328805,0
328806,42
328807,0
328808,0
328809,0
328810,0
328811,0
328812,0
328813,0
328814,0
328815,0
328816,0
328817,45
328818,0
328819,0
328820,0
328821,0
328822,0
328823,0
328824,50
328825,0
328826,0
328827,0
328828,0
328829,0
328830,0
328831,0
328832,0
328833,53
328834,32
328835,0
328836,0
328837,0
328838,0
328839,0
328840,0
328841,0
328842,0
328843,0
328844,30
328845,0
328846,0
328847,0
328848,0
328849,36
328850,0
328851,29
328852,0
328853,0
328854,30
328855,0
328856,0
328857,0
328858,31
328859,0
328860,0
328861,0
328862,0
328863,0
328864,35
328865,0
328866,0
328867,0
328868,29
328869,0
328870,0
328871,0
328872,0
328873,34
328874,0
328875,0
328876,46
328877,0
328878,0
328879,0
328880,0
328881,0
328882,29
328883,0
328884,0
328885,0
328886,44
328887,47
328888,0
328889,31
328890,0
328891,0
328892,0
328893,35
328894,0
328895,0
328896,0
328897,42
328898,38
328899,37
328900,49
328901,0
328902,0
328903,0
328904,0
328905,0
328906,40
328907,44
328908,0
328909,0
328910,0
328911,0
328912,35
328913,31
328914,0
328915,0
328916,45
328917,30
328918,0
328919,0
328920,0
328921,31
328922,0
328923,0
328924,0
328925,0
328926,29
328927,0
328928,0
328929,36
328930,0
328931,0
328932,42
328933,0
328934,30
328935,0
328936,0
328937,0
328938,34
328939,0
328940,0
328941,0
328942,0
328943,0
328944,0
328945,0
328946,38
328947,0
328948,0
328949,0
328950,0
328951,0
328952,29
328953,13
328954,45
328955,0
328956,0
328957,0
328958,0
328959,0
328960,0
328961,0
328962,0
328963,0
328964,36
328965,34
328966,0
328967,0
328968,0
328969,0
328970,0
328971,40
328972,0
328973,0
328974,0
328975,0
328976,0
328977,0
328978,31
328979,0
328980,38
328981,0
328982,0
328983,0
328984,0
328985,32
328986,46
328987,0
328988,0
328989,0
328990,0
328991,0
328992,0
328993,0
328994,0
328995,0
328996,0
328997,37
328998,0
328999,0
329000,41
329001,0
329002,0
329003,0
329004,0
329005,32
329006,40
329007,0
329008,0
329009,28
329010,0
329011,0
329012,0
329013,0
329014,51
329015,25
329016,31
329017,0
329018,0
329019,30
329020,0
329021,0
329022,0
329023,0
329024,0
329025,30
329026,0
329027,0
329028,0
329029,0
329030,0
329031,65
329032,34
329033,30
329034,0
329035,36
329036,0
329037,37
329038,0
329039,0
329040,0
329041,40
329042,0
329043,0
329044,0
329045,32
329046,41
329047,0
329048,32
329049,33
329050,0
329051,0
329052,0
329053,33
329054,0
329055,0
329056,40
329057,0
329058,38
329059,27
329060,38
329061,0
329062,0
329063,0
329064,36
329065,0
329066,0
329067,0
329068,0
329069,0
329070,0
329071,40
329072,24
329073,38
329074,0
329075,0
329076,0
329077,0
329078,39
329079,32
329080,0
329081,0
329082,0
329083,38
329084,0
329085,0
329086,0
329087,0
329088,0
329089,0
329090,0
329091,0
329092,49
329093,0
329094,0
329095,0
329096,0
329097,35
329098,46
329099,0
329100,0
329101,0
329102,0
329103,0
329104,0
329105,0
329106,0
329107,0
329108,39
329109,29
329110,0
329111,0
329112,0
329113,0
329114,0
329115,39
329116,0
329117,0
329118,0
329119,48
329120,0
329121,0
329122,0
329123,0
329124,28
329125,36
329126,0
329127,0
329128,0
329129,0
329130,0
329131,0
329132,0
329133,47
329134,0
329135,0
329136,0
329137,0
329138,0
329139,36
329140,0
329141,0
329142,0
329143,0
329144,0
329145,0
329146,0
329147,0
329148,0
329149,0
329150,0
329151,0
329152,0
329153,0
329154,0
329155,0
329156,0
329157,0
329158,0
329159,2
329160,0
329161,0
329162,0
329163,3
329164,0
329165,0
329166,0
329167,0
329168,0
329169,0
329170,0
329171,0
329172,8
329173,0
329174,0
329175,0
329176,0
329177,0
329178,0
329179,0
329180,0
329181,0
329182,0
329183,0
329184,0
329185,3
329186,0
329187,0
329188,0
329189,0
329190,0
329191,0
329192,0
329193,0
329194,0
329195,7
329196,0
329197,0
329198,0
329199,0
329200,0
329201,0
329202,0
329203,0
329204,0
329205,0
329206,10
329207,0
329208,0
329209,0
329210,0
329211,4
329212,0
329213,0
329214,0
329215,0
329216,0
329217,0
329218,0
329219,0
329220,0
329221,6
329222,0
329223,0
329224,0
329225,0
329226,0
329227,0
329228,0
329229,0
329230,0
329231,0
329232,0
329233,5
329234,0
329235,6
329236,0
329237,0
329238,0
329239,0
329240,0
329241,0
329242,0
329243,0
329244,0
329245,0
329246,0
329247,0
329248,0
329249,0
329250,0
329251,0
329252,0
329253,0
329254,0
329255,0
329256,0
329257,5
329258,0
329259,0
329260,0
329261,0
329262,0
329263,0
329264,0
329265,0
329266,0
329267,0
329268,0
329269,0
329270,0
329271,0
329272,0
329273,0
329274,6
329275,0
329276,0
329277,0
329278,0
329279,0
329280,0
329281,0
329282,0
329283,0
329284,0
329285,0
329286,4
329287,0
329288,0
329289,0
329290,0
329291,9
329292,0
329293,0
329294,0
329295,0
329296,0
329297,0
329298,0
329299,0
329300,0
329301,0
329302,0
329303,0
329304,0
329305,0
329306,0
329307,0
329308,0
329309,0
329310,0
329311,0
329312,0
329313,0
329314,0
329315,0
329316,0
329317,0
329318,0
329319,8
329320,0
329321,0
329322,0
329323,0
329324,0
329325,0
329326,0
329327,0
329328,0
329329,0
329330,0
329331,0
329332,0
329333,0
329334,0
329335,0
329336,0
329337,0
329338,0
329339,0
329340,1
329341,0
329342,0
329343,3
329344,0
329345,0
329346,0
329347,0
329348,0
329349,0
329350,6
329351,0
329352,0
329353,0
329354,0
329355,5
329356,0
329357,0
329358,0
329359,0
329360,0
329361,0
329362,0
329363,0
329364,0
329365,0
329366,0
329367,10
329368,0
329369,0
329370,0
329371,0
329372,0
329373,0
329374,0
329375,0
329376,0
329377,0
329378,0
329379,0
329380,0
329381,0
329382,0
329383,0
329384,0
329385,26
329386,0
329387,0
329388,0
329389,0
329390,0
329391,30
329392,23
329393,0
329394,0
329395,0
329396,0
329397,0
329398,0
329399,0
329400,0
329401,0
329402,0
329403,0
329404,0
329405,0
329406,25
329407,0
329408,0
329409,28
329410,0
329411,16
329412,0
329413,0
329414,0
329415,0
329416,0
329417,0
329418,0
329419,0
329420,0
329421,36
329422,0
329423,0
329424,0
329425,23
329426,0
329427,0
329428,0
329429,0
329430,0
329431,0
329432,0
329433,0
329434,21
329435,0
329436,32
329437,0
329438,0
329439,0
329440,0
329441,34
329442,0
329443,0
329444,20
329445,0
329446,0
329447,0
329448,0
329449,0
329450,33
329451,0
329452,0
329453,0
329454,0
329455,0
329456,0
329457,0
329458,0
329459,29
329460,0
329461,0
329462,0
329463,44
329464,0
329465,0
329466,0
329467,20
329468,0
329469,0
329470,0
329471,41
329472,0
329473,0
329474,0
329475,0
329476,23
329477,0
329478,0
329479,0
329480,0
329481,0
329482,0
329483,0
329484,41
329485,0
329486,0
329487,0
329488,0
329489,0
329490,0
329491,0
329492,0
329493,0
329494,0
329495,0
329496,40
329497,0
329498,0
329499,0
329500,0
329501,18
329502,0
329503,0
329504,0
329505,0
329506,0
329507,0
329508,0
329509,0
329510,0
329511,0
329512,0
329513,0
329514,0
329515,0
329516,0
329517,37
329518,0
329519,0
329520,0
329521,0
329522,0
329523,0
329524,0
329525,22
329526,0
329527,0
329528,0
329529,0
329530,0
329531,0
329532,28
329533,0
329534,0
329535,0
329536,0
329537,0
329538,0
329539,0
329540,0
329541,0
329542,0
329543,0
329544,0
329545,0
329546,0
329547,0
329548,0
329549,0
329550,0
329551,28
329552,0
329553,0
329554,0
329555,0
329556,0
329557,29
329558,0
329559,0
329560,0
329561,0
329562,0
329563,0
329564,0
329565,0
329566,15
329567,0
329568,0
329569,0
329570,0
329571,0
329572,0
329573,0
329574,0
329575,35
329576,0
329577,29
329578,0
329579,0
329580,0
329581,28
329582,0
329583,0
329584,0
329585,0
329586,0
329587,0
329588,0
329589,0
329590,49
329591,32
329592,44
329593,0
329594,25
329595,26
329596,0
329597,27
329598,0
329599,0
329600,0
329601,0
329602,0
329603,0
329604,0
329605,0
329606,0
329607,0
329608,0
329609,0
329610,0
329611,0
329612,30
329613,0
329614,0
329615,0
329616,0
329617,0
329618,0
329619,0
329620,16
329621,0
329622,0
329623,0
329624,22
329625,0
329626,35
329627,0
329628,0
329629,0
329630,0
329631,0
329632,0
329633,0
329634,0
329635,26
329636,0
329637,0
329638,0
329639,0
329640,5
329641,0
329642,0
329643,0
329644,0
329645,0
329646,0
329647,0
329648,0
329649,25
329650,0
329651,19
329652,0
329653,0
329654,0
329655,0
329656,0
329657,0
329658,0
329659,30
329660,0
329661,0
329662,0
329663,0
329664,0
329665,0
329666,23
329667,0
329668,0
329669,31
329670,0
329671,0
329672,0
329673,0
329674,20
329675,0
329676,0
329677,0
329678,43
329679,41
329680,0
329681,0
329682,0
329683,0
329684,0
329685,0
329686,21
329687,0
329688,0
329689,0
329690,33
329691,0
329692,0
329693,0
329694,39
329695,0
329696,0
329697,0
329698,32
329699,0
329700,0
329701,0
329702,57
329703,0
329704,0
329705,0
329706,0
329707,0
329708,0
329709,0
329710,0
329711,0
329712,0
329713,43
329714,0
329715,0
329716,0
329717,0
329718,0
329719,26
329720,0
329721,0
329722,0
329723,19
329724,24
329725,0
329726,0
329727,0
329728,57
329729,0
329730,0
329731,0
329732,0
329733,0
329734,57
329735,25
329736,0
329737,0
329738,44
329739,0
329740,0
329741,39
329742,0
329743,0
329744,0
329745,0
329746,0
329747,0
329748,0
329749,0
329750,0
329751,0
329752,0
329753,0
329754,0
329755,0
329756,0
329757,0
329758,0
329759,0
329760,27
329761,0
329762,0
329763,0
329764,0
329765,0
329766,0
329767,0
329768,0
329769,0
329770,33
329771,23
329772,27
329773,61
329774,0
329775,0
329776,37
329777,0
329778,0
329779,0
329780,0
329781,0
329782,0
329783,0
329784,0
329785,0
329786,0
329787,0
329788,0
329789,0
329790,0
329791,0
329792,0
329793,0
329794,43
329795,0
329796,0
329797,0
329798,21
329799,0
329800,31
329801,0
329802,28
329803,0
329804,0
329805,0
329806,0
329807,0
329808,29
329809,0
329810,19
329811,0
329812,0
329813,0
329814,59
329815,33
329816,0
329817,0
329818,0
329819,0
329820,0
329821,53
329822,0
329823,0
329824,0
329825,0
329826,0
329827,0
329828,0
329829,0
329830,0
329831,0
329832,38
329833,0
329834,0
329835,0
329836,0
329837,0
329838,0
329839,0
329840,0
329841,21
329842,0
329843,0
329844,0
329845,0
329846,0
329847,41
329848,0
329849,0
329850,0
329851,32
329852,0
329853,0
329854,0
329855,0
329856,0
329857,0
329858,0
329859,0
329860,0
329861,0
329862,0
329863,0
329864,0
329865,0
329866,0
329867,0
329868,0
329869,0
329870,0
329871,0
329872,0
329873,0
329874,0
329875,0
329876,0
329877,0
329878,0
329879,0
329880,0
329881,0
329882,33
329883,0
329884,0
329885,0
329886,0
329887,0
329888,0
329889,0
329890,0
329891,0
329892,0
329893,0
329894,0
329895,0
329896,0
329897,0
329898,21
329899,0
329900,0
329901,33
329902,0
329903,0
329904,0
329905,0
329906,0
329907,49
329908,0
329909,0
329910,0
329911,0
329912,0
329913,0
329914,0
329915,0
329916,36
329917,0
329918,30
329919,0
329920,0
329921,0
329922,22
329923,0
329924,0
329925,0
329926,0
329927,0
329928,0
329929,0
329930,0
329931,0
329932,0
329933,21
329934,0
329935,0
329936,0
329937,0
329938,0
329939,0
329940,0
329941,0
329942,41
329943,0
329944,0
329945,17
329946,0
329947,0
329948,0
329949,0
329950,0
329951,0
329952,0
329953,0
329954,0
329955,0
329956,0
329957,22
329958,0
329959,0
329960,0
329961,43
329962,0
329963,0
329964,0
329965,0
329966,0
329967,0
329968,0
329969,0
329970,0
329971,0
329972,0
329973,0
329974,34
329975,0
329976,0
329977,0
329978,0
329979,35
329980,0
329981,0
329982,0
329983,0
329984,0
329985,0
329986,0
329987,0
329988,36
329989,0
329990,0
329991,0
329992,0
329993,0
329994,0
329995,0
329996,0
329997,0
329998,0
329999,0
330000,0
330001,0
330002,0
330003,0
330004,0
330005,0
330006,12
330007,0
330008,0
330009,0
330010,0
330011,0
330012,25
330013,0
330014,0
330015,0
330016,0
330017,0
330018,22
330019,0
330020,0
330021,0
330022,0
330023,0
330024,0
330025,0
330026,0
330027,0
330028,0
330029,32
330030,0
330031,0
330032,0
330033,0
330034,0
330035,0
330036,0
330037,0
330038,0
330039,0
330040,0
330041,0
330042,0
330043,0
330044,30
330045,0
330046,27
330047,0
330048,27
330049,31
330050,0
330051,0
330052,0
330053,0
330054,0
330055,0
330056,0
330057,0
330058,0
330059,0
330060,48
330061,0
330062,0
330063,31
330064,0
330065,26
330066,0
330067,0
330068,0
330069,0
330070,0
330071,0
330072,0
330073,0
330074,0
330075,42
330076,0
330077,0
330078,0
330079,0
330080,0
330081,0
330082,0
330083,0
330084,0
330085,0
330086,0
330087,0
330088,0
330089,0
330090,0
330091,23
330092,0
330093,0
330094,0
330095,0
330096,32
330097,0
330098,0
330099,41
330100,0
330101,0
330102,0
330103,0
330104,0
330105,0
330106,0
330107,15
330108,0
330109,0
330110,20
330111,0
330112,0
330113,0
330114,0
330115,41
330116,0
330117,0
330118,0
330119,0
330120,0
330121,0
330122,0
330123,0
330124,0
330125,31
330126,0
330127,0
330128,0
330129,31
330130,0
330131,0
330132,0
330133,30
330134,52
330135,34
330136,0
330137,0
330138,0
330139,0
330140,37
330141,0
330142,0
330143,0
330144,0
330145,0
330146,13
330147,0
330148,0
330149,0
330150,0
330151,0
330152,0
330153,0
330154,40
330155,0
330156,0
330157,0
330158,24
330159,0
330160,0
330161,0
330162,0
330163,0
330164,0
330165,0
330166,0
330167,0
330168,0
330169,0
330170,0
330171,0
330172,0
330173,18
330174,0
330175,0
330176,0
330177,32
330178,0
330179,0
330180,14
330181,0
330182,0
330183,0
330184,0
330185,0
330186,0
330187,0
330188,0
330189,0
330190,13
330191,31
330192,43
330193,0
330194,0
330195,34
330196,0
330197,0
330198,0
330199,0
330200,0
330201,0
330202,0
330203,19
330204,0
330205,0
330206,0
330207,0
330208,0
330209,25
330210,0
330211,0
330212,0
330213,0
330214,0
330215,42
330216,42
330217,0
330218,0
330219,0
330220,0
330221,0
330222,51
330223,19
330224,0
330225,0
330226,0
330227,0
330228,0
330229,0
330230,0
330231,0
330232,42
330233,39
330234,20
330235,0
330236,33
330237,0
330238,0
330239,0
330240,0
330241,0
330242,0
330243,42
330244,0
330245,0
330246,23
330247,0
330248,0
330249,0
330250,29
330251,27
330252,0
330253,0
330254,0
330255,0
330256,0
330257,0
330258,0
330259,0
330260,40
330261,26
330262,33
330263,0
330264,0
330265,0
330266,0
330267,0
330268,0
330269,0
330270,0
330271,0
330272,0
330273,0
330274,0
330275,0
330276,0
330277,0
330278,0
330279,31
330280,0
330281,0
330282,20
330283,0
330284,0
330285,33
330286,0
330287,0
330288,0
330289,0
330290,0
330291,0
330292,0
330293,19
330294,0
330295,0
330296,0
330297,0
330298,41
330299,0
330300,0
330301,0
330302,0
330303,0
330304,29
330305,36
330306,0
330307,0
330308,0
330309,0
330310,45
330311,0
330312,0
330313,0
330314,0
330315,46
330316,0
330317,35
330318,0
330319,22
330320,0
330321,0
330322,0
330323,0
330324,0
330325,0
330326,0
330327,30
330328,0
330329,0
330330,0
330331,0
330332,0
330333,0
330334,0
330335,22
330336,0
330337,0
330338,0
330339,0
330340,0
330341,0
330342,0
330343,0
330344,0
330345,0
330346,0
330347,0
330348,0
330349,0
330350,0
330351,0
330352,0
330353,0
330354,0
330355,0
330356,0
330357,0
330358,0
330359,0
330360,0
330361,0
330362,0
330363,0
330364,0
330365,0
330366,0
330367,0
330368,0
330369,1
330370,0
330371,0
330372,0
330373,0
330374,0
330375,0
330376,0
330377,0
330378,0
330379,0
330380,0
330381,0
330382,0
330383,0
330384,0
330385,0
330386,0
330387,0
330388,0
330389,0
330390,0
330391,0
330392,0
330393,0
330394,0
330395,0
330396,0
330397,0
330398,0
330399,0
330400,0
330401,0
330402,0
330403,0
330404,0
330405,0
330406,0
330407,0
330408,0
330409,0
330410,0
330411,0
330412,0
330413,0
330414,0
330415,0
330416,0
330417,0
330418,0
330419,0
330420,0
330421,0
330422,0
330423,0
330424,0
330425,0
330426,0
330427,0
330428,0
330429,0
330430,0
330431,0
330432,0
330433,0
330434,0
330435,0
330436,0
330437,0
330438,0
330439,0
330440,0
330441,0
330442,0
330443,0
330444,0
330445,0
330446,0
330447,0
330448,0
330449,0
330450,0
330451,0
330452,0
330453,0
330454,0
330455,0
330456,0
330457,0
330458,0
330459,0
330460,0
330461,0
330462,0
330463,0
330464,0
330465,0
330466,0
330467,0
330468,0
330469,0
330470,0
330471,0
330472,0
330473,0
330474,0
330475,0
330476,0
330477,0
330478,0
330479,0
330480,0
330481,0
330482,0
330483,0
330484,0
330485,0
330486,0
330487,0
330488,0
330489,0
330490,0
330491,0
330492,0
330493,0
330494,0
330495,0
330496,0
330497,0
330498,0
330499,0
330500,0
330501,0
330502,0
330503,0
330504,0
330505,0
330506,0
330507,0
330508,0
330509,0
330510,0
330511,0
330512,1
330513,0
330514,0
330515,0
330516,0
330517,0
330518,0
330519,0
330520,0
330521,0
330522,0
330523,0
330524,0
330525,0
330526,0
330527,0
330528,0
330529,0
330530,0
330531,0
330532,0
330533,0
330534,0
330535,0
330536,0
330537,0
330538,0
330539,0
330540,0
330541,0
330542,0
330543,0
330544,0
330545,0
330546,0
330547,0
330548,0
330549,0
330550,0
330551,0
330552,0
330553,0
330554,0
330555,0
330556,0
330557,0
330558,0
330559,0
330560,0
330561,0
330562,0
330563,0
330564,0
330565,0
330566,0
330567,0
330568,0
330569,0
330570,0
330571,0
330572,0
330573,0
330574,0
330575,0
330576,0
330577,0
330578,0
330579,0
330580,0
330581,0
330582,0
330583,0
330584,0
330585,0
330586,0
330587,0
330588,0
330589,0
330590,0
330591,0
330592,0
330593,0
330594,0
330595,0
330596,0
330597,0
330598,0
330599,0
330600,0
330601,0
330602,0
330603,0
330604,0
330605,0
330606,0
330607,0
330608,0
330609,0
330610,0
330611,0
330612,0
330613,0
330614,0
330615,0
330616,0
330617,0
330618,0
330619,0
330620,0
330621,0
330622,0
330623,0
330624,0
330625,0
330626,0
330627,0
330628,0
330629,0
330630,0
330631,0
330632,0
330633,0
330634,0
330635,0
330636,0
330637,0
330638,0
330639,0
330640,0
330641,0
330642,0
330643,0
330644,0
330645,0
330646,0
330647,0
330648,0
330649,0
330650,0
330651,0
330652,0
330653,0
330654,0
330655,0
330656,0
330657,0
330658,0
330659,0
330660,0
330661,0
330662,0
330663,0
330664,0
330665,0
330666,0
330667,0
330668,0
330669,0
330670,0
330671,0
330672,0
330673,0
330674,0
330675,0
330676,0
330677,0
330678,0
330679,0
330680,0
330681,0
330682,0
330683,0
330684,0
330685,0
330686,0
330687,0
330688,0
330689,0
330690,0
330691,0
330692,0
330693,0
330694,0
330695,0
330696,0
330697,0
330698,0
330699,0
330700,0
330701,0
330702,0
330703,0
330704,0
330705,0
330706,0
330707,0
330708,0
330709,0
330710,0
330711,0
330712,0
330713,0
330714,0
330715,0
330716,0
330717,0
330718,0
330719,0
330720,0
330721,0
330722,0
330723,0
330724,0
330725,0
330726,0
330727,0
330728,0
330729,0
330730,0
330731,0
330732,0
330733,0
330734,0
330735,0
330736,0
330737,0
330738,0
330739,0
330740,0
330741,0
330742,0
330743,0
330744,0
330745,0
330746,0
330747,0
330748,0
330749,0
330750,0
330751,0
330752,0
330753,0
330754,0
330755,0
330756,0
330757,0
330758,0
330759,0
330760,0
330761,0
330762,0
330763,0
330764,0
330765,0
330766,0
330767,0
330768,0
330769,0
330770,0
330771,0
330772,0
330773,0
330774,0
330775,0
330776,0
330777,0
330778,0
330779,0
330780,0
330781,0
330782,0
330783,0
330784,0
330785,0
330786,0
330787,0
330788,0
330789,0
330790,0
330791,0
330792,0
330793,0
330794,0
330795,0
330796,0
330797,0
330798,0
330799,0
330800,0
330801,0
330802,0
330803,0
330804,0
330805,0
330806,0
330807,0
330808,0
330809,0
330810,0
330811,0
330812,0
330813,0
330814,0
330815,0
330816,0
330817,0
330818,0
330819,0
330820,0
330821,0
330822,0
330823,0
330824,0
330825,0
330826,0
330827,0
330828,0
330829,0
330830,0
330831,0
330832,0
330833,0
330834,0
330835,0
330836,0
330837,0
330838,0
330839,0
330840,0
330841,0
330842,0
330843,0
330844,0
330845,0
330846,0
330847,0
330848,0
330849,0
330850,0
330851,0
330852,0
330853,0
330854,0
330855,0
330856,0
330857,0
330858,0
330859,0
330860,0
330861,0
330862,0
330863,0
330864,0
330865,0
330866,0
330867,0
330868,0
330869,0
330870,0
330871,0
330872,0
330873,0
330874,0
330875,0
330876,0
330877,0
330878,0
330879,0
330880,0
330881,0
330882,0
330883,0
330884,0
330885,0
330886,0
330887,0
330888,0
330889,0
330890,0
330891,0
330892,0
330893,0
330894,0
330895,0
330896,1
330897,0
330898,0
330899,0
330900,0
330901,0
330902,0
330903,0
330904,0
330905,0
330906,0
330907,0
330908,0
330909,0
330910,0
330911,0
330912,0
330913,0
330914,0
330915,0
330916,0
330917,0
330918,0
330919,0
330920,0
330921,0
330922,0
330923,0
330924,0
330925,0
330926,0
330927,0
330928,0
330929,0
330930,0
330931,0
330932,0
330933,0
330934,0
330935,0
330936,0
330937,0
330938,0
330939,0
330940,0
330941,0
330942,0
330943,0
330944,0
330945,0
330946,0
330947,0
330948,0
330949,0
330950,0
330951,0
330952,0
330953,0
330954,0
330955,0
330956,0
330957,0
330958,0
330959,0
330960,0
330961,0
330962,0
330963,0
330964,0
330965,0
330966,0
330967,0
330968,0
330969,0
330970,0
330971,0
330972,0
330973,0
330974,0
330975,0
330976,0
330977,0
330978,0
330979,0
330980,0
330981,0
330982,0
330983,0
330984,0
330985,0
330986,0
330987,0
330988,0
330989,0
330990,0
330991,0
330992,0
330993,0
330994,0
330995,0
330996,0
330997,0
330998,0
330999,0
331000,0
331001,0
331002,0
331003,0
331004,0
331005,0
331006,0
331007,0
331008,0
331009,0
331010,0
331011,0
331012,0
331013,0
331014,0
331015,0
331016,0
331017,0
331018,0
331019,0
331020,0
331021,0
331022,0
331023,0
331024,0
331025,0
331026,0
331027,0
331028,0
331029,0
331030,0
331031,0
331032,0
331033,0
331034,0
331035,0
331036,0
331037,0
331038,0
331039,0
331040,0
331041,0
331042,0
331043,0
331044,0
331045,0
331046,0
331047,0
331048,0
331049,0
331050,0
331051,0
331052,0
331053,0
331054,0
331055,0
331056,0
331057,0
331058,0
331059,0
331060,0
331061,0
331062,0
331063,0
331064,0
331065,0
331066,0
331067,0
331068,0
331069,0
331070,0
331071,0
331072,0
331073,0
331074,0
331075,0
331076,0
331077,0
331078,0
331079,0
331080,0
331081,0
331082,0
331083,0
331084,0
331085,0
331086,0
331087,0
331088,0
331089,0
331090,0
331091,0
331092,0
331093,0
331094,0
331095,0
331096,0
331097,0
331098,0
331099,0
331100,0
331101,0
331102,0
331103,0
331104,0
331105,0
331106,0
331107,0
331108,0
331109,0
331110,0
331111,0
331112,0
331113,0
331114,0
331115,0
331116,1
331117,0
331118,0
331119,0
331120,0
331121,0
331122,0
331123,0
331124,0
331125,0
331126,0
331127,0
331128,0
331129,0
331130,0
331131,0
331132,0
331133,0
331134,0
331135,0
331136,0
331137,0
331138,0
331139,0
331140,0
331141,0
331142,0
331143,0
331144,0
331145,0
331146,0
331147,0
331148,0
331149,0
331150,0
331151,0
331152,0
331153,0
331154,0
331155,0
331156,0
331157,0
331158,0
331159,0
331160,0
331161,0
331162,0
331163,0
331164,0
331165,0
331166,0
331167,0
331168,0
331169,0
331170,0
331171,0
331172,0
331173,0
331174,0
331175,0
331176,0
331177,0
331178,0
331179,0
331180,0
331181,0
331182,0
331183,0
331184,0
331185,0
331186,0
331187,0
331188,0
331189,0
331190,0
331191,0
331192,0
331193,0
331194,0
331195,0
331196,0
331197,0
331198,0
331199,0
331200,0
331201,0
331202,0
331203,0
331204,0
331205,0
331206,0
331207,0
331208,0
331209,0
331210,0
331211,0
331212,0
331213,0
331214,0
331215,0
331216,0
331217,0
331218,0
331219,0
331220,0
331221,0
331222,0
331223,0
331224,0
331225,0
331226,0
331227,0
331228,0
331229,0
331230,0
331231,0
331232,0
331233,1
331234,0
331235,0
331236,0
331237,0
331238,0
331239,0
331240,0
331241,0
331242,0
331243,0
331244,0
331245,0
331246,0
331247,0
331248,0
331249,0
331250,0
331251,0
331252,0
331253,0
331254,0
331255,0
331256,37
331257,0
331258,35
331259,0
331260,0
331261,0
331262,0
331263,0
331264,0
331265,0
331266,0
331267,0
331268,38
331269,0
331270,0
331271,0
331272,0
331273,0
331274,0
331275,0
331276,0
331277,0
331278,0
331279,0
331280,0
331281,0
331282,0
331283,0
331284,0
331285,39
331286,41
331287,0
331288,0
331289,0
331290,0
331291,49
331292,40
331293,0
331294,0
331295,0
331296,0
331297,42
331298,36
331299,0
331300,0
331301,0
331302,0
331303,51
331304,0
331305,0
331306,0
331307,0
331308,0
331309,0
331310,0
331311,0
331312,34
331313,0
331314,0
331315,0
331316,0
331317,0
331318,0
331319,0
331320,0
331321,0
331322,47
331323,0
331324,0
331325,0
331326,0
331327,0
331328,0
331329,0
331330,0
331331,0
331332,0
331333,0
331334,0
331335,40
331336,0
331337,0
331338,0
331339,0
331340,0
331341,0
331342,0
331343,0
331344,0
331345,0
331346,0
331347,0
331348,32
331349,0
331350,0
331351,0
331352,0
331353,0
331354,0
331355,0
331356,0
331357,0
331358,0
331359,0
331360,0
331361,0
331362,0
331363,0
331364,0
331365,55
331366,26
331367,0
331368,0
331369,0
331370,0
331371,0
331372,20
331373,24
331374,0
331375,0
331376,0
331377,0
331378,0
331379,0
331380,0
331381,0
331382,0
331383,0
331384,0
331385,0
331386,0
331387,14
331388,0
331389,0
331390,13
331391,0
331392,0
331393,0
331394,0
331395,0
331396,0
331397,0
331398,0
331399,7
331400,0
331401,0
331402,0
331403,4
331404,0
331405,0
331406,0
331407,0
331408,0
331409,21
331410,0
331411,9
331412,0
331413,0
331414,0
331415,0
331416,0
331417,0
331418,0
331419,0
331420,0
331421,0
331422,0
331423,0
331424,0
331425,0
331426,0
331427,0
331428,15
331429,0
331430,0
331431,0
331432,0
331433,0
331434,0
331435,0
331436,0
331437,12
331438,0
331439,0
331440,0
331441,0
331442,0
331443,0
331444,7
331445,0
331446,0
331447,0
331448,0
331449,0
331450,0
331451,0
331452,0
331453,0
331454,0
331455,0
331456,18
331457,0
331458,0
331459,0
331460,0
331461,0
331462,0
331463,0
331464,0
331465,0
331466,0
331467,0
331468,0
331469,0
331470,0
331471,1
331472,0
331473,0
331474,0
331475,0
331476,0
331477,0
331478,0
331479,11
331480,0
331481,0
331482,0
331483,0
331484,21
331485,0
331486,0
331487,0
331488,0
331489,0
331490,0
331491,0
331492,0
331493,0
331494,0
331495,0
331496,12
331497,0
331498,0
331499,0
331500,0
331501,0
331502,0
331503,0
331504,0
331505,10
331506,9
331507,0
331508,0
331509,0
331510,0
331511,0
331512,0
331513,14
331514,0
331515,0
331516,0
331517,0
331518,0
331519,0
331520,0
331521,0
331522,0
331523,0
331524,0
331525,0
331526,0
331527,14
331528,0
331529,14
331530,0
331531,13
331532,0
331533,0
331534,0
331535,0
331536,0
331537,0
331538,0
331539,0
331540,0
331541,0
331542,0
331543,0
331544,0
331545,0
331546,0
331547,15
331548,0
331549,0
331550,0
331551,0
331552,8
331553,0
331554,0
331555,0
331556,12
331557,0
331558,21
331559,0
331560,0
331561,0
331562,0
331563,0
331564,0
331565,0
331566,0
331567,0
331568,21
331569,0
331570,20
331571,15
331572,0
331573,0
331574,0
331575,0
331576,0
331577,8
331578,0
331579,0
331580,0
331581,0
331582,0
331583,0
331584,0
331585,0
331586,0
331587,0
331588,6
331589,0
331590,0
331591,0
331592,0
331593,0
331594,0
331595,0
331596,0
331597,0
331598,0
331599,0
331600,0
331601,0
331602,0
331603,0
331604,0
331605,0
331606,0
331607,0
331608,13
331609,0
331610,0
331611,11
331612,0
331613,0
331614,0
331615,0
331616,13
331617,0
331618,0
331619,0
331620,0
331621,0
331622,0
331623,0
331624,0
331625,0
331626,0
331627,0
331628,0
331629,0
331630,0
331631,0
331632,0
331633,0
331634,0
331635,0
331636,0
331637,16
331638,0
331639,0
331640,0
331641,0
331642,7
331643,0
331644,0
331645,0
331646,0
331647,0
331648,0
331649,0
331650,0
331651,0
331652,0
331653,0
331654,0
331655,0
331656,0
331657,0
331658,0
331659,11
331660,12
331661,0
331662,0
331663,0
331664,10
331665,0
331666,0
331667,0
331668,0
331669,0
331670,0
331671,0
331672,0
331673,0
331674,0
331675,0
331676,0
331677,0
331678,0
331679,0
331680,0
331681,0
331682,0
331683,0
331684,0
331685,0
331686,0
331687,11
331688,0
331689,0
331690,0
331691,0
331692,0
331693,0
331694,0
331695,20
331696,21
331697,0
331698,0
331699,12
331700,0
331701,0
331702,0
331703,0
331704,0
331705,0
331706,0
331707,0
331708,0
331709,0
331710,15
331711,0
331712,0
331713,0
331714,0
331715,0
331716,0
331717,0
331718,10
331719,0
331720,0
331721,0
331722,12
331723,0
331724,0
331725,0
331726,0
331727,0
331728,0
331729,0
331730,0
331731,0
331732,0
331733,0
331734,0
331735,0
331736,0
331737,0
331738,0
331739,0
331740,0
331741,0
331742,0
331743,0
331744,0
331745,0
331746,0
331747,0
331748,0
331749,0
331750,0
331751,0
331752,0
331753,0
331754,0
331755,0
331756,0
331757,0
331758,0
331759,0
331760,25
331761,0
331762,0
331763,0
331764,0
331765,10
331766,16
331767,11
331768,0
331769,0
331770,0
331771,0
331772,0
331773,0
331774,0
331775,0
331776,16
331777,0
331778,0
331779,0
331780,0
331781,0
331782,9
331783,0
331784,0
331785,0
331786,0
331787,0
331788,0
331789,16
331790,0
331791,17
331792,0
331793,0
331794,0
331795,0
331796,0
331797,0
331798,13
331799,0
331800,0
331801,0
331802,0
331803,0
331804,0
331805,0
331806,0
331807,0
331808,0
331809,0
331810,0
331811,0
331812,16
331813,0
331814,0
331815,0
331816,0
331817,0
331818,0
331819,0
331820,0
331821,0
331822,0
331823,0
331824,0
331825,0
331826,0
331827,0
331828,0
331829,0
331830,0
331831,0
331832,0
331833,0
331834,0
331835,0
331836,0
331837,0
331838,13
331839,8
331840,0
331841,0
331842,0
331843,22
331844,0
331845,14
331846,0
331847,0
331848,0
331849,0
331850,9
331851,0
331852,0
331853,0
331854,0
331855,0
331856,0
331857,0
331858,0
331859,0
331860,0
331861,0
331862,0
331863,0
331864,0
331865,0
331866,0
331867,0
331868,0
331869,0
331870,0
331871,0
331872,0
331873,0
331874,0
331875,0
331876,0
331877,0
331878,0
331879,0
331880,19
331881,0
331882,22
331883,0
331884,0
331885,18
331886,0
331887,0
331888,0
331889,0
331890,0
331891,0
331892,0
331893,0
331894,0
331895,0
331896,0
331897,0
331898,0
331899,0
331900,0
331901,0
331902,0
331903,0
331904,0
331905,0
331906,0
331907,0
331908,0
331909,0
331910,0
331911,0
331912,0
331913,0
331914,0
331915,0
331916,0
331917,0
331918,0
331919,0
331920,12
331921,0
331922,0
331923,0
331924,0
331925,0
331926,0
331927,0
331928,20
331929,0
331930,0
331931,0
331932,0
331933,16
331934,0
331935,0
331936,0
331937,0
331938,0
331939,0
331940,0
331941,0
331942,0
331943,0
331944,0
331945,0
331946,0
331947,0
331948,0
331949,0
331950,0
331951,0
331952,0
331953,13
331954,0
331955,0
331956,0
331957,0
331958,0
331959,10
331960,0
331961,0
331962,19
331963,0
331964,0
331965,0
331966,0
331967,0
331968,0
331969,0
331970,0
331971,0
331972,0
331973,0
331974,0
331975,0
331976,0
331977,0
331978,0
331979,0
331980,0
331981,0
331982,0
331983,0
331984,0
331985,0
331986,0
331987,0
331988,0
331989,0
331990,0
331991,0
331992,0
331993,0
331994,0
331995,0
331996,0
331997,0
331998,0
331999,0
332000,0
332001,0
332002,0
332003,0
332004,8
332005,0
332006,0
332007,0
332008,0
332009,13
332010,11
332011,0
332012,10
332013,0
332014,0
332015,0
332016,0
332017,0
332018,0
332019,0
332020,0
332021,0
332022,0
332023,0
332024,0
332025,0
332026,0
332027,0
332028,0
332029,0
332030,0
332031,0
332032,0
332033,0
332034,0
332035,0
332036,0
332037,0
332038,0
332039,0
332040,0
332041,0
332042,0
332043,15
332044,0
332045,0
332046,0
332047,0
332048,10
332049,0
332050,10
332051,0
332052,0
332053,0
332054,0
332055,0
332056,0
332057,0
332058,0
332059,0
332060,0
332061,0
332062,0
332063,0
332064,0
332065,0
332066,0
332067,0
332068,0
332069,0
332070,0
332071,0
332072,0
332073,0
332074,0
332075,0
332076,0
332077,0
332078,0
332079,0
332080,0
332081,0
332082,0
332083,13
332084,0
332085,0
332086,0
332087,0
332088,0
332089,9
332090,12
332091,0
332092,0
332093,0
332094,0
332095,0
332096,0
332097,0
332098,0
332099,0
332100,0
332101,0
332102,0
332103,0
332104,0
332105,0
332106,0
332107,0
332108,0
332109,0
332110,0
332111,0
332112,0
332113,0
332114,0
332115,0
332116,0
332117,8
332118,0
332119,0
332120,11
332121,0
332122,0
332123,0
332124,0
332125,0
332126,0
332127,0
332128,0
332129,0
332130,0
332131,0
332132,0
332133,0
332134,0
332135,0
332136,0
332137,0
332138,14
332139,7
332140,0
332141,0
332142,0
332143,0
332144,0
332145,0
332146,0
332147,0
332148,0
332149,0
332150,0
332151,0
332152,0
332153,0
332154,0
332155,0
332156,0
332157,0
332158,0
332159,0
332160,0
332161,0
332162,0
332163,0
332164,0
332165,14
332166,0
332167,0
332168,0
332169,0
332170,0
332171,0
332172,0
332173,0
332174,0
332175,0
332176,0
332177,0
332178,5
332179,0
332180,0
332181,0
332182,0
332183,0
332184,0
332185,0
332186,0
332187,0
332188,0
332189,0
332190,16
332191,0
332192,0
332193,0
332194,16
332195,0
332196,0
332197,0
332198,0
332199,0
332200,0
332201,0
332202,15
332203,0
332204,0
332205,0
332206,0
332207,0
332208,0
332209,0
332210,0
332211,0
332212,0
332213,23
332214,0
332215,0
332216,0
332217,0
332218,0
332219,0
332220,0
332221,0
332222,0
332223,0
332224,0
332225,0
332226,0
332227,0
332228,0
332229,0
332230,0
332231,0
332232,0
332233,0
332234,0
332235,0
332236,0
332237,0
332238,0
332239,0
332240,0
332241,0
332242,0
332243,0
332244,0
332245,0
332246,0
332247,0
332248,0
332249,0
332250,0
332251,0
332252,0
332253,0
332254,0
332255,0
332256,0
332257,0
332258,0
332259,0
332260,0
332261,1
332262,0
332263,0
332264,0
332265,0
332266,0
332267,0
332268,0
332269,0
332270,0
332271,0
332272,0
332273,0
332274,0
332275,0
332276,0
332277,0
332278,0
332279,0
332280,0
332281,0
332282,0
332283,0
332284,0
332285,0
332286,0
332287,0
332288,0
332289,0
332290,0
332291,0
332292,0
332293,0
332294,0
332295,0
332296,0
332297,0
332298,1
332299,0
332300,1
332301,0
332302,0
332303,0
332304,0
332305,0
332306,0
332307,0
332308,0
332309,0
332310,0
332311,0
332312,0
332313,0
332314,0
332315,0
332316,0
332317,0
332318,0
332319,0
332320,0
332321,0
332322,0
332323,0
332324,0
332325,0
332326,0
332327,0
332328,0
332329,0
332330,0
332331,0
332332,0
332333,0
332334,0
332335,0
332336,0
332337,0
332338,0
332339,0
332340,0
332341,0
332342,0
332343,0
332344,0
332345,0
332346,0
332347,0
332348,0
332349,0
332350,0
332351,0
332352,0
332353,0
332354,0
332355,0
332356,0
332357,0
332358,0
332359,0
332360,0
332361,0
332362,0
332363,0
332364,0
332365,0
332366,0
332367,0
332368,0
332369,0
332370,0
332371,0
332372,0
332373,0
332374,0
332375,0
332376,0
332377,0
332378,0
332379,0
332380,0
332381,0
332382,0
332383,0
332384,0
332385,0
332386,0
332387,0
332388,0
332389,0
332390,0
332391,0
332392,0
332393,0
332394,0
332395,0
332396,0
332397,0
332398,0
332399,0
332400,0
332401,0
332402,0
332403,0
332404,0
332405,0
332406,0
332407,0
332408,0
332409,0
332410,0
332411,0
332412,0
332413,0
332414,0
332415,0
332416,0
332417,0
332418,0
332419,0
332420,0
332421,0
332422,0
332423,0
332424,0
332425,0
332426,0
332427,0
332428,0
332429,0
332430,0
332431,0
332432,0
332433,0
332434,0
332435,0
332436,0
332437,0
332438,0
332439,0
332440,0
332441,0
332442,0
332443,0
332444,0
332445,0
332446,0
332447,0
332448,0
332449,0
332450,0
332451,0
332452,0
332453,0
332454,0
332455,0
332456,0
332457,0
332458,0
332459,0
332460,0
332461,0
332462,0
332463,0
332464,0
332465,0
332466,0
332467,0
332468,0
332469,0
332470,0
332471,0
332472,0
332473,0
332474,0
332475,0
332476,0
332477,0
332478,0
332479,0
332480,0
332481,0
332482,0
332483,0
332484,0
332485,0
332486,0
332487,0
332488,0
332489,0
332490,0
332491,0
332492,0
332493,0
332494,0
332495,0
332496,0
332497,0
332498,0
332499,0
332500,0
332501,0
332502,0
332503,0
332504,0
332505,0
332506,0
332507,0
332508,0
332509,0
332510,0
332511,0
332512,0
332513,0
332514,0
332515,0
332516,0
332517,0
332518,0
332519,0
332520,0
332521,0
332522,0
332523,0
332524,0
332525,0
332526,0
332527,0
332528,0
332529,0
332530,0
332531,0
332532,0
332533,0
332534,0
332535,0
332536,0
332537,0
332538,0
332539,0
332540,0
332541,0
332542,0
332543,0
332544,0
332545,0
332546,0
332547,0
332548,0
332549,0
332550,0
332551,0
332552,0
332553,0
332554,0
332555,0
332556,0
332557,0
332558,0
332559,0
332560,0
332561,0
332562,0
332563,0
332564,0
332565,0
332566,0
332567,0
332568,0
332569,0
332570,0
332571,0
332572,0
332573,0
332574,0
332575,0
332576,0
332577,0
332578,0
332579,0
332580,0
332581,0
332582,0
332583,0
332584,0
332585,0
332586,0
332587,0
332588,0
332589,0
332590,0
332591,0
332592,0
332593,0
332594,0
332595,0
332596,0
332597,0
332598,0
332599,0
332600,0
332601,0
332602,0
332603,0
332604,0
332605,0
332606,0
332607,0
332608,0
332609,0
332610,0
332611,0
332612,0
332613,0
332614,0
332615,0
332616,0
332617,0
332618,0
332619,0
332620,0
332621,0
332622,0
332623,0
332624,0
332625,0
332626,0
332627,0
332628,0
332629,0
332630,0
332631,0
332632,0
332633,0
332634,0
332635,0
332636,0
332637,0
332638,0
332639,0
332640,0
332641,0
332642,0
332643,0
332644,0
332645,0
332646,0
332647,0
332648,0
332649,0
332650,0
332651,0
332652,0
332653,0
332654,0
332655,0
332656,0
332657,0
332658,0
332659,0
332660,0
332661,0
332662,0
332663,0
332664,0
332665,0
332666,0
332667,0
332668,0
332669,0
332670,0
332671,0
332672,0
332673,0
332674,0
332675,0
332676,0
332677,0
332678,0
332679,0
332680,0
332681,0
332682,0
332683,0
332684,0
332685,0
332686,0
332687,0
332688,0
332689,0
332690,0
332691,0
332692,0
332693,0
332694,0
332695,1
332696,0
332697,0
332698,0
332699,0
332700,0
332701,0
332702,0
332703,0
332704,0
332705,0
332706,0
332707,0
332708,0
332709,0
332710,0
332711,0
332712,0
332713,0
332714,0
332715,0
332716,0
332717,0
332718,0
332719,0
332720,0
332721,0
332722,0
332723,0
332724,0
332725,0
332726,0
332727,0
332728,0
332729,0
332730,0
332731,0
332732,0
332733,0
332734,0
332735,0
332736,0
332737,0
332738,0
332739,0
332740,0
332741,0
332742,0
332743,0
332744,0
332745,0
332746,0
332747,0
332748,0
332749,0
332750,0
332751,0
332752,0
332753,0
332754,0
332755,0
332756,0
332757,0
332758,0
332759,0
332760,0
332761,0
332762,0
332763,0
332764,0
332765,0
332766,0
332767,0
332768,0
332769,0
332770,0
332771,0
332772,0
332773,0
332774,0
332775,0
332776,0
332777,0
332778,0
332779,0
332780,0
332781,0
332782,0
332783,0
332784,0
332785,0
332786,0
332787,0
332788,0
332789,0
332790,0
332791,0
332792,0
332793,0
332794,0
332795,0
332796,0
332797,0
332798,0
332799,0
332800,0
332801,0
332802,0
332803,0
332804,0
332805,0
332806,0
332807,0
332808,0
332809,0
332810,0
332811,0
332812,0
332813,0
332814,0
332815,0
332816,0
332817,0
332818,0
332819,0
332820,0
332821,0
332822,0
332823,0
332824,0
332825,0
332826,0
332827,0
332828,0
332829,0
332830,0
332831,0
332832,0
332833,0
332834,0
332835,0
332836,0
332837,0
332838,0
332839,0
332840,0
332841,0
332842,0
332843,0
332844,0
332845,0
332846,0
332847,0
332848,0
332849,0
332850,0
332851,0
332852,0
332853,0
332854,0
332855,0
332856,0
332857,0
332858,0
332859,0
332860,0
332861,0
332862,0
332863,0
332864,0
332865,0
332866,0
332867,0
332868,0
332869,0
332870,0
332871,0
332872,0
332873,0
332874,0
332875,0
332876,0
332877,0
332878,0
332879,0
332880,0
332881,0
332882,0
332883,0
332884,0
332885,0
332886,0
332887,0
332888,0
332889,0
332890,0
332891,0
332892,0
332893,0
332894,0
332895,0
332896,0
332897,0
332898,0
332899,0
332900,0
332901,0
332902,0
332903,0
332904,0
332905,0
332906,0
332907,0
332908,0
332909,0
332910,0
332911,0
332912,0
332913,0
332914,0
332915,0
332916,0
332917,0
332918,0
332919,0
332920,0
332921,0
332922,0
332923,0
332924,0
332925,0
332926,0
332927,1
332928,0
332929,0
332930,0
332931,0
332932,0
332933,0
332934,0
332935,0
332936,0
332937,0
332938,0
332939,0
332940,0
332941,0
332942,0
332943,0
332944,0
332945,0
332946,0
332947,0
332948,0
332949,0
332950,0
332951,0
332952,0
332953,0
332954,0
332955,0
332956,0
332957,0
332958,0
332959,0
332960,0
332961,0
332962,0
332963,0
332964,0
332965,0
332966,0
332967,0
332968,0
332969,0
332970,0
332971,0
332972,0
332973,0
332974,0
332975,0
332976,0
332977,0
332978,0
332979,0
332980,0
332981,0
332982,0
332983,0
332984,0
332985,0
332986,0
332987,0
332988,0
332989,0
332990,0
332991,0
332992,0
332993,0
332994,0
332995,0
332996,0
332997,0
332998,0
332999,9
333000,0
333001,0
333002,0
333003,0
333004,0
333005,0
333006,0
333007,0
333008,0
333009,0
333010,0
333011,0
333012,0
333013,0
333014,0
333015,0
333016,0
333017,0
333018,0
333019,0
333020,14
333021,0
333022,13
333023,0
333024,0
333025,0
333026,0
333027,0
333028,0
333029,0
333030,0
333031,0
333032,0
333033,0
333034,18
333035,0
333036,0
333037,0
333038,0
333039,0
333040,0
333041,0
333042,0
333043,10
333044,0
333045,0
333046,0
333047,0
333048,0
333049,0
333050,0
333051,0
333052,0
333053,0
333054,6
333055,0
333056,20
333057,0
333058,0
333059,0
333060,0
333061,0
333062,0
333063,0
333064,0
333065,0
333066,17
333067,0
333068,0
333069,0
333070,0
333071,0
333072,0
333073,0
333074,0
333075,0
333076,0
333077,0
333078,0
333079,20
333080,0
333081,12
333082,0
333083,9
333084,0
333085,0
333086,0
333087,0
333088,0
333089,0
333090,0
333091,0
333092,0
333093,0
333094,0
333095,0
333096,0
333097,0
333098,0
333099,16
333100,0
333101,0
333102,0
333103,0
333104,0
333105,0
333106,0
333107,0
333108,7
333109,0
333110,14
333111,0
333112,0
333113,0
333114,0
333115,0
333116,0
333117,0
333118,0
333119,0
333120,0
333121,0
333122,0
333123,0
333124,0
333125,0
333126,0
333127,15
333128,0
333129,0
333130,15
333131,0
333132,0
333133,0
333134,0
333135,13
333136,0
333137,0
333138,0
333139,0
333140,0
333141,0
333142,0
333143,0
333144,0
333145,0
333146,0
333147,0
333148,0
333149,0
333150,0
333151,0
333152,0
333153,0
333154,0
333155,0
333156,17
333157,0
333158,0
333159,0
333160,23
333161,0
333162,0
333163,0
333164,0
333165,0
333166,0
333167,0
333168,14
333169,9
333170,0
333171,0
333172,0
333173,0
333174,14
333175,21
333176,0
333177,0
333178,0
333179,0
333180,0
333181,0
333182,0
333183,0
333184,0
333185,12
333186,0
333187,0
333188,11
333189,0
333190,0
333191,0
333192,0
333193,0
333194,0
333195,0
333196,0
333197,0
333198,0
333199,0
333200,16
333201,0
333202,0
333203,0
333204,7
333205,0
333206,0
333207,0
333208,0
333209,0
333210,0
333211,0
333212,9
333213,0
333214,15
333215,0
333216,0
333217,0
333218,0
333219,0
333220,12
333221,12
333222,0
333223,0
333224,12
333225,0
333226,0
333227,0
333228,0
333229,0
333230,0
333231,0
333232,0
333233,0
333234,0
333235,0
333236,0
333237,0
333238,0
333239,0
333240,0
333241,0
333242,0
333243,0
333244,0
333245,0
333246,0
333247,0
333248,0
333249,20
333250,0
333251,0
333252,12
333253,0
333254,0
333255,0
333256,0
333257,0
333258,0
333259,0
333260,0
333261,0
333262,0
333263,0
333264,0
333265,0
333266,0
333267,0
333268,0
333269,0
333270,0
333271,0
333272,0
333273,0
333274,6
333275,0
333276,16
333277,0
333278,0
333279,0
333280,0
333281,0
333282,0
333283,0
333284,0
333285,0
333286,11
333287,0
333288,0
333289,0
333290,0
333291,0
333292,0
333293,0
333294,0
333295,0
333296,0
333297,0
333298,0
333299,0
333300,0
333301,0
333302,0
333303,0
333304,0
333305,0
333306,0
333307,0
333308,0
333309,0
333310,0
333311,0
333312,11
333313,0
333314,0
333315,0
333316,0
333317,0
333318,0
333319,0
333320,0
333321,0
333322,0
333323,0
333324,0
333325,0
333326,0
333327,0
333328,0
333329,0
333330,0
333331,0
333332,0
333333,0
333334,10
333335,0
333336,0
333337,0
333338,0
333339,0
333340,13
333341,0
333342,18
333343,0
333344,0
333345,0
333346,0
333347,0
333348,0
333349,0
333350,0
333351,0
333352,4
333353,0
333354,0
333355,0
333356,0
333357,0
333358,0
333359,0
333360,0
333361,0
333362,0
333363,0
333364,0
333365,0
333366,0
333367,0
333368,0
333369,0
333370,0
333371,0
333372,0
333373,0
333374,0
333375,0
333376,0
333377,0
333378,0
333379,0
333380,0
333381,19
333382,0
333383,0
333384,0
333385,0
333386,0
333387,0
333388,0
333389,0
333390,0
333391,0
333392,0
333393,0
333394,0
333395,0
333396,13
333397,0
333398,0
333399,17
333400,0
333401,11
333402,0
333403,0
333404,0
333405,0
333406,0
333407,0
333408,0
333409,15
333410,0
333411,0
333412,0
333413,0
333414,0
333415,0
333416,0
333417,0
333418,0
333419,0
333420,0
333421,0
333422,0
333423,0
333424,0
333425,0
333426,0
333427,0
333428,0
333429,0
333430,0
333431,0
333432,0
333433,0
333434,0
333435,0
333436,0
333437,0
333438,12
333439,0
333440,0
333441,0
333442,0
333443,0
333444,0
333445,0
333446,0
333447,13
333448,0
333449,0
333450,0
333451,0
333452,0
333453,0
333454,6
333455,0
333456,0
333457,0
333458,0
333459,0
333460,0
333461,0
333462,0
333463,9
333464,0
333465,0
333466,0
333467,0
333468,0
333469,0
333470,0
333471,0
333472,0
333473,0
333474,0
333475,0
333476,0
333477,0
333478,0
333479,0
333480,0
333481,0
333482,0
333483,0
333484,0
333485,0
333486,0
333487,0
333488,0
333489,0
333490,0
333491,0
333492,0
333493,0
333494,0
333495,0
333496,0
333497,0
333498,11
333499,0
333500,0
333501,0
333502,0
333503,0
333504,0
333505,0
333506,0
333507,0
333508,0
333509,0
333510,0
333511,0
333512,0
333513,0
333514,0
333515,0
333516,0
333517,0
333518,0
333519,0
333520,0
333521,0
333522,0
333523,0
333524,0
333525,0
333526,0
333527,0
333528,0
333529,0
333530,0
333531,0
333532,0
333533,0
333534,0
333535,0
333536,0
333537,0
333538,0
333539,15
333540,0
333541,0
333542,0
333543,0
333544,0
333545,0
333546,0
333547,0
333548,0
333549,12
333550,0
333551,0
333552,0
333553,0
333554,0
333555,0
333556,0
333557,0
333558,0
333559,14
333560,0
333561,0
333562,15
333563,12
333564,0
333565,0
333566,0
333567,0
333568,0
333569,0
333570,0
333571,0
333572,0
333573,0
333574,0
333575,0
333576,0
333577,16
333578,0
333579,0
333580,0
333581,0
333582,13
333583,0
333584,0
333585,0
333586,0
333587,0
333588,0
333589,0
333590,0
333591,0
333592,14
333593,0
333594,0
333595,0
333596,0
333597,19
333598,0
333599,0
333600,0
333601,0
333602,0
333603,0
333604,0
333605,0
333606,12
333607,0
333608,0
333609,0
333610,0
333611,0
333612,0
333613,0
333614,0
333615,14
333616,0
333617,0
333618,0
333619,0
333620,0
333621,0
333622,0
333623,13
333624,20
333625,0
333626,0
333627,0
333628,0
333629,0
333630,0
333631,15
333632,0
333633,0
333634,0
333635,0
333636,0
333637,0
333638,0
333639,0
333640,0
333641,0
333642,0
333643,0
333644,0
333645,0
333646,0
333647,0
333648,0
333649,17
333650,0
333651,0
333652,0
333653,0
333654,0
333655,0
333656,0
333657,16
333658,0
333659,0
333660,0
333661,0
333662,0
333663,0
333664,0
333665,0
333666,21
333667,0
333668,0
333669,18
333670,0
333671,0
333672,0
333673,0
333674,8
333675,0
333676,0
333677,0
333678,0
333679,0
333680,0
333681,0
333682,0
333683,0
333684,0
333685,0
333686,0
333687,0
333688,0
333689,0
333690,11
333691,0
333692,0
333693,0
333694,0
333695,0
333696,0
333697,0
333698,0
333699,0
333700,14
333701,0
333702,0
333703,7
333704,0
333705,0
333706,0
333707,0
333708,0
333709,0
333710,0
333711,0
333712,9
333713,0
333714,0
333715,0
333716,0
333717,0
333718,0
333719,0
333720,0
333721,0
333722,0
333723,0
333724,0
333725,12
333726,0
333727,0
333728,0
333729,0
333730,0
333731,0
333732,0
333733,0
333734,0
333735,8
333736,0
333737,0
333738,0
333739,0
333740,0
333741,14
333742,0
333743,0
333744,0
333745,0
333746,0
333747,13
333748,0
333749,13
333750,0
333751,0
333752,0
333753,0
333754,0
333755,0
333756,15
333757,0
333758,0
333759,0
333760,0
333761,0
333762,0
333763,0
333764,0
333765,0
333766,0
333767,0
333768,0
333769,0
333770,0
333771,0
333772,0
333773,0
333774,0
333775,10
333776,0
333777,0
333778,0
333779,0
333780,0
333781,5
333782,0
333783,17
333784,11
333785,0
333786,0
333787,12
333788,0
333789,0
333790,0
333791,0
333792,0
333793,0
333794,0
333795,0
333796,0
333797,0
333798,0
333799,0
333800,0
333801,0
333802,0
333803,0
333804,0
333805,0
333806,0
333807,0
333808,9
333809,0
333810,0
333811,0
333812,0
333813,0
333814,0
333815,0
333816,15
333817,0
333818,0
333819,12
333820,0
333821,0
333822,0
333823,0
333824,0
333825,0
333826,0
333827,10
333828,0
333829,0
333830,0
333831,0
333832,0
333833,0
333834,0
333835,0
333836,0
333837,0
333838,0
333839,0
333840,0
333841,0
333842,0
333843,0
333844,0
333845,30
333846,0
333847,0
333848,0
333849,0
333850,0
333851,0
333852,0
333853,0
333854,0
333855,0
333856,0
333857,0
333858,0
333859,0
333860,0
333861,0
333862,0
333863,0
333864,0
333865,0
333866,0
333867,0
333868,0
333869,0
333870,0
333871,0
333872,0
333873,0
333874,0
333875,0
333876,0
333877,0
333878,0
333879,0
333880,0
333881,0
333882,0
333883,0
333884,0
333885,0
333886,0
333887,0
333888,0
333889,0
333890,21
333891,0
333892,0
333893,0
333894,0
333895,32
333896,0
333897,0
333898,0
333899,0
333900,0
333901,0
333902,0
333903,0
333904,0
333905,0
333906,0
333907,0
333908,0
333909,0
333910,0
333911,0
333912,0
333913,0
333914,0
333915,0
333916,0
333917,0
333918,0
333919,0
333920,0
333921,0
333922,0
333923,0
333924,0
333925,0
333926,0
333927,0
333928,0
333929,0
333930,0
333931,0
333932,0
333933,0
333934,0
333935,0
333936,0
333937,0
333938,0
333939,0
333940,0
333941,0
333942,0
333943,0
333944,0
333945,0
333946,0
333947,0
333948,0
333949,0
333950,0
333951,0
333952,0
333953,0
333954,0
333955,0
333956,0
333957,0
333958,30
333959,0
333960,0
333961,0
333962,0
333963,0
333964,0
333965,0
333966,0
333967,13
333968,0
333969,0
333970,0
333971,0
333972,20
333973,18
333974,0
333975,0
333976,0
333977,0
333978,28
333979,0
333980,0
333981,19
333982,0
333983,0
333984,0
333985,0
333986,0
333987,0
333988,0
333989,0
333990,0
333991,0
333992,0
333993,0
333994,0
333995,0
333996,0
333997,0
333998,0
333999,0
334000,0
334001,0
334002,0
334003,0
334004,0
334005,0
334006,0
334007,0
334008,0
334009,0
334010,0
334011,0
334012,0
334013,0
334014,0
334015,0
334016,0
334017,0
334018,0
334019,0
334020,0
334021,19
334022,0
334023,0
334024,0
334025,0
334026,0
334027,0
334028,0
334029,0
334030,0
334031,0
334032,0
334033,0
334034,0
334035,0
334036,0
334037,0
334038,0
334039,0
334040,0
334041,0
334042,0
334043,0
334044,18
334045,0
334046,0
334047,0
334048,0
334049,0
334050,0
334051,0
334052,0
334053,0
334054,0
334055,0
334056,0
334057,0
334058,0
334059,0
334060,0
334061,0
334062,0
334063,0
334064,0
334065,0
334066,23
334067,0
334068,0
334069,0
334070,0
334071,0
334072,0
334073,0
334074,0
334075,0
334076,0
334077,22
334078,0
334079,0
334080,0
334081,0
334082,0
334083,16
334084,0
334085,0
334086,28
334087,0
334088,0
334089,0
334090,0
334091,0
334092,0
334093,0
334094,0
334095,0
334096,0
334097,0
334098,0
334099,0
334100,0
334101,0
334102,0
334103,0
334104,0
334105,0
334106,0
334107,0
334108,0
334109,0
334110,0
334111,0
334112,0
334113,0
334114,0
334115,0
334116,0
334117,0
334118,0
334119,7
334120,0
334121,0
334122,0
334123,0
334124,0
334125,0
334126,0
334127,0
334128,6
334129,0
334130,4
334131,0
334132,0
334133,0
334134,11
334135,13
334136,0
334137,4
334138,0
334139,0
334140,7
334141,12
334142,0
334143,0
334144,0
334145,13
334146,0
334147,8
334148,0
334149,0
334150,0
334151,10
334152,0
334153,7
334154,0
334155,0
334156,8
334157,0
334158,0
334159,4
334160,5
334161,12
334162,0
334163,3
334164,0
334165,0
334166,0
334167,3
334168,0
334169,0
334170,0
334171,4
334172,0
334173,0
334174,2
334175,0
334176,0
334177,0
334178,0
334179,18
334180,0
334181,0
334182,18
334183,10
334184,0
334185,0
334186,0
334187,0
334188,4
334189,0
334190,0
334191,0
334192,8
334193,9
334194,0
334195,0
334196,0
334197,0
334198,5
334199,0
334200,3
334201,5
334202,0
334203,0
334204,0
334205,31
334206,0
334207,0
334208,0
334209,0
334210,0
334211,34
334212,30
334213,45
334214,36
334215,0
334216,38
334217,0
334218,0
334219,28
334220,0
334221,39
334222,0
334223,0
334224,0
334225,0
334226,45
334227,0
334228,0
334229,0
334230,35
334231,0
334232,0
334233,0
334234,0
334235,24
334236,0
334237,0
334238,0
334239,0
334240,0
334241,0
334242,0
334243,38
334244,0
334245,0
334246,0
334247,32
334248,0
334249,0
334250,0
334251,0
334252,0
334253,0
334254,0
334255,0
334256,0
334257,0
334258,0
334259,39
334260,0
334261,0
334262,0
334263,0
334264,0
334265,0
334266,0
334267,0
334268,0
334269,0
334270,0
334271,0
334272,31
334273,0
334274,0
334275,0
334276,0
334277,0
334278,0
334279,0
334280,0
334281,0
334282,0
334283,0
334284,0
334285,0
334286,0
334287,31
334288,0
334289,0
334290,0
334291,23
334292,27
334293,42
334294,0
334295,0
334296,34
334297,0
334298,0
334299,0
334300,0
334301,0
334302,0
334303,0
334304,0
334305,0
334306,0
334307,0
334308,0
334309,0
334310,35
334311,0
334312,43
334313,0
334314,43
334315,36
334316,0
334317,0
334318,0
334319,0
334320,27
334321,0
334322,0
334323,0
334324,0
334325,0
334326,0
334327,0
334328,0
334329,0
334330,0
334331,0
334332,0
334333,0
334334,42
334335,0
334336,0
334337,0
334338,0
334339,51
334340,0
334341,0
334342,0
334343,0
334344,0
334345,0
334346,0
334347,0
334348,0
334349,0
334350,0
334351,0
334352,22
334353,0
334354,40
334355,36
334356,0
334357,0
334358,0
334359,0
334360,0
334361,42
334362,0
334363,0
334364,48
334365,0
334366,0
334367,0
334368,0
334369,0
334370,0
334371,41
334372,0
334373,0
334374,0
334375,0
334376,0
334377,0
334378,0
334379,0
334380,0
334381,0
334382,0
334383,0
334384,0
334385,0
334386,0
334387,0
334388,0
334389,0
334390,39
334391,37
334392,0
334393,0
334394,0
334395,0
334396,0
334397,46
334398,0
334399,0
334400,28
334401,0
334402,0
334403,0
334404,0
334405,0
334406,46
334407,0
334408,31
334409,0
334410,0
334411,0
334412,0
334413,0
334414,0
334415,0
334416,0
334417,0
334418,0
334419,0
334420,0
334421,0
334422,0
334423,0
334424,0
334425,0
334426,0
334427,0
334428,0
334429,0
334430,0
334431,32
334432,46
334433,0
334434,0
334435,0
334436,0
334437,0
334438,0
334439,0
334440,34
334441,0
334442,0
334443,0
334444,0
334445,44
334446,0
334447,0
334448,0
334449,0
334450,0
334451,0
334452,0
334453,0
334454,46
334455,0
334456,0
334457,0
334458,0
334459,41
334460,0
334461,35
334462,0
334463,0
334464,0
334465,31
334466,0
334467,0
334468,0
334469,0
334470,0
334471,0
334472,0
334473,0
334474,0
334475,31
334476,0
334477,0
334478,0
334479,0
334480,29
334481,0
334482,0
334483,0
334484,0
334485,0
334486,0
334487,0
334488,0
334489,0
334490,0
334491,0
334492,0
334493,0
334494,0
334495,0
334496,0
334497,0
334498,0
334499,38
334500,0
334501,0
334502,0
334503,0
334504,0
334505,29
334506,0
334507,0
334508,0
334509,0
334510,0
334511,40
334512,0
334513,0
334514,33
334515,0
334516,0
334517,0
334518,60
334519,0
334520,0
334521,0
334522,0
334523,40
334524,24
334525,0
334526,51
334527,0
334528,0
334529,0
334530,0
334531,0
334532,0
334533,0
334534,0
334535,30
334536,0
334537,0
334538,0
334539,0
334540,44
334541,0
334542,0
334543,0
334544,28
334545,0
334546,0
334547,0
334548,0
334549,0
334550,0
334551,19
334552,0
334553,0
334554,0
334555,0
334556,0
334557,0
334558,0
334559,0
334560,0
334561,0
334562,0
334563,0
334564,0
334565,0
334566,0
334567,0
334568,0
334569,0
334570,45
334571,0
334572,0
334573,43
334574,0
334575,0
334576,0
334577,0
334578,0
334579,0
334580,28
334581,0
334582,0
334583,37
334584,46
334585,0
334586,0
334587,0
334588,0
334589,49
334590,0
334591,0
334592,0
334593,30
334594,0
334595,0
334596,0
334597,0
334598,40
334599,0
334600,36
334601,47
334602,0
334603,0
334604,0
334605,0
334606,60
334607,0
334608,0
334609,30
334610,0
334611,0
334612,0
334613,32
334614,0
334615,0
334616,0
334617,45
334618,0
334619,43
334620,0
334621,0
334622,0
334623,42
334624,0
334625,0
334626,0
334627,37
334628,0
334629,0
334630,44
334631,41
334632,0
334633,38
334634,0
334635,0
334636,0
334637,0
334638,0
334639,38
334640,53
334641,0
334642,0
334643,0
334644,0
334645,0
334646,0
334647,0
334648,0
334649,0
334650,30
334651,0
334652,40
334653,0
334654,29
334655,0
334656,0
334657,0
334658,0
334659,0
334660,0
334661,0
334662,0
334663,0
334664,0
334665,0
334666,0
334667,0
334668,27
334669,46
334670,0
334671,0
334672,45
334673,35
334674,0
334675,0
334676,0
334677,0
334678,0
334679,0
334680,0
334681,59
334682,0
334683,0
334684,0
334685,32
334686,0
334687,37
334688,0
334689,0
334690,31
334691,0
334692,0
334693,0
334694,0
334695,35
334696,0
334697,0
334698,0
334699,0
334700,0
334701,0
334702,0
334703,0
334704,0
334705,27
334706,0
334707,29
334708,0
334709,0
334710,0
334711,0
334712,0
334713,0
334714,0
334715,0
334716,0
334717,0
334718,50
334719,0
334720,0
334721,35
334722,0
334723,33
334724,0
334725,0
334726,0
334727,0
334728,31
334729,0
334730,0
334731,0
334732,50
334733,0
334734,37
334735,0
334736,0
334737,0
334738,0
334739,29
334740,38
334741,0
334742,0
334743,32
334744,0
334745,0
334746,0
334747,0
334748,0
334749,0
334750,0
334751,0
334752,0
334753,0
334754,0
334755,0
334756,0
334757,0
334758,0
334759,0
334760,0
334761,0
334762,40
334763,0
334764,0
334765,30
334766,0
334767,0
334768,0
334769,0
334770,0
334771,0
334772,0
334773,0
334774,0
334775,0
334776,0
334777,43
334778,0
334779,0
334780,0
334781,29
334782,0
334783,0
334784,0
334785,0
334786,0
334787,0
334788,0
334789,0
334790,0
334791,0
334792,0
334793,37
334794,0
334795,0
334796,0
334797,0
334798,0
334799,30
334800,0
334801,20
334802,0
334803,0
334804,0
334805,0
334806,0
334807,48
334808,0
334809,0
334810,0
334811,0
334812,0
334813,35
334814,48
334815,33
334816,47
334817,0
334818,0
334819,0
334820,18
334821,0
334822,0
334823,0
334824,0
334825,0
334826,0
334827,50
334828,0
334829,0
334830,0
334831,0
334832,0
334833,0
334834,0
334835,37
334836,31
334837,50
334838,0
334839,0
334840,0
334841,0
334842,0
334843,0
334844,0
334845,0
334846,0
334847,0
334848,0
334849,0
334850,0
334851,0
334852,0
334853,0
334854,0
334855,0
334856,0
334857,0
334858,0
334859,0
334860,0
334861,0
334862,0
334863,0
334864,0
334865,0
334866,0
334867,0
334868,0
334869,0
334870,0
334871,0
334872,0
334873,0
334874,0
334875,0
334876,0
334877,0
334878,0
334879,0
334880,0
334881,0
334882,0
334883,0
334884,0
334885,0
334886,0
334887,0
334888,0
334889,0
334890,0
334891,0
334892,0
334893,0
334894,0
334895,0
334896,0
334897,0
334898,0
334899,0
334900,0
334901,0
334902,0
334903,0
334904,0
334905,0
334906,0
334907,0
334908,0
334909,0
334910,0
334911,0
334912,0
334913,0
334914,0
334915,0
334916,0
334917,0
334918,0
334919,0
334920,0
334921,0
334922,0
334923,0
334924,0
334925,0
334926,0
334927,0
334928,0
334929,0
334930,0
334931,0
334932,0
334933,0
334934,0
334935,0
334936,0
334937,0
334938,0
334939,0
334940,0
334941,0
334942,0
334943,0
334944,0
334945,0
334946,0
334947,0
334948,0
334949,0
334950,0
334951,0
334952,0
334953,0
334954,0
334955,0
334956,0
334957,0
334958,0
334959,0
334960,0
334961,0
334962,0
334963,0
334964,0
334965,0
334966,0
334967,0
334968,0
334969,0
334970,18
334971,0
334972,0
334973,15
334974,0
334975,23
334976,0
334977,0
334978,0
334979,0
334980,0
334981,0
334982,0
334983,0
334984,0
334985,0
334986,0
334987,0
334988,0
334989,0
334990,0
334991,0
334992,0
334993,0
334994,24
334995,0
334996,0
334997,0
334998,20
334999,0
335000,0
335001,0
335002,0
335003,0
335004,0
335005,0
335006,0
335007,20
335008,0
335009,0
335010,0
335011,0
335012,0
335013,21
335014,0
335015,11
335016,0
335017,0
335018,0
335019,0
335020,0
335021,0
335022,32
335023,0
335024,0
335025,0
335026,12
335027,0
335028,0
335029,26
335030,34
335031,0
335032,0
335033,30
335034,0
335035,0
335036,0
335037,0
335038,0
335039,0
335040,20
335041,26
335042,19
335043,27
335044,0
335045,0
335046,0
335047,0
335048,0
335049,0
335050,0
335051,0
335052,0
335053,0
335054,0
335055,0
335056,16
335057,0
335058,0
335059,0
335060,0
335061,0
335062,13
335063,0
335064,0
335065,0
335066,0
335067,0
335068,0
335069,0
335070,27
335071,0
335072,0
335073,0
335074,0
335075,29
335076,0
335077,0
335078,0
335079,22
335080,0
335081,0
335082,0
335083,17
335084,0
335085,0
335086,0
335087,0
335088,0
335089,0
335090,0
335091,19
335092,0
335093,0
335094,0
335095,32
335096,0
335097,0
335098,0
335099,0
335100,0
335101,0
335102,0
335103,0
335104,0
335105,0
335106,0
335107,0
335108,30
335109,0
335110,0
335111,0
335112,0
335113,0
335114,18
335115,14
335116,0
335117,0
335118,29
335119,0
335120,0
335121,0
335122,0
335123,0
335124,0
335125,22
335126,0
335127,0
335128,22
335129,0
335130,0
335131,26
335132,0
335133,0
335134,18
335135,0
335136,26
335137,0
335138,19
335139,0
335140,0
335141,0
335142,0
335143,0
335144,0
335145,20
335146,0
335147,0
335148,0
335149,0
335150,0
335151,0
335152,0
335153,20
335154,0
335155,0
335156,0
335157,0
335158,0
335159,0
335160,0
335161,0
335162,0
335163,0
335164,0
335165,0
335166,0
335167,22
335168,0
335169,0
335170,0
335171,0
335172,0
335173,0
335174,23
335175,0
335176,0
335177,0
335178,0
335179,0
335180,0
335181,0
335182,0
335183,0
335184,0
335185,0
335186,0
335187,0
335188,0
335189,0
335190,0
335191,24
335192,0
335193,0
335194,25
335195,20
335196,0
335197,0
335198,0
335199,0
335200,0
335201,0
335202,0
335203,0
335204,19
335205,40
335206,0
335207,0
335208,23
335209,22
335210,10
335211,27
335212,0
335213,0
335214,0
335215,34
335216,0
335217,0
335218,0
335219,0
335220,0
335221,0
335222,0
335223,16
335224,0
335225,0
335226,0
335227,21
335228,0
335229,0
335230,0
335231,0
335232,0
335233,0
335234,0
335235,0
335236,0
335237,0
335238,0
335239,24
335240,0
335241,0
335242,0
335243,26
335244,32
335245,0
335246,0
335247,0
335248,27
335249,0
335250,0
335251,0
335252,0
335253,0
335254,21
335255,0
335256,0
335257,0
335258,0
335259,0
335260,26
335261,0
335262,0
335263,0
335264,0
335265,0
335266,0
335267,0
335268,0
335269,0
335270,0
335271,21
335272,0
335273,0
335274,27
335275,0
335276,0
335277,23
335278,0
335279,0
335280,0
335281,0
335282,0
335283,0
335284,0
335285,0
335286,38
335287,0
335288,0
335289,0
335290,0
335291,0
335292,0
335293,0
335294,0
335295,27
335296,0
335297,0
335298,27
335299,0
335300,0
335301,26
335302,0
335303,0
335304,0
335305,0
335306,0
335307,0
335308,0
335309,0
335310,0
335311,18
335312,0
335313,0
335314,0
335315,0
335316,0
335317,0
335318,0
335319,0
335320,0
335321,0
335322,0
335323,0
335324,0
335325,0
335326,0
335327,0
335328,0
335329,0
335330,10
335331,0
335332,0
335333,0
335334,26
335335,0
335336,12
335337,28
335338,16
335339,0
335340,0
335341,16
335342,0
335343,14
335344,0
335345,0
335346,26
335347,0
335348,0
335349,0
335350,0
335351,0
335352,0
335353,0
335354,0
335355,0
335356,0
335357,0
335358,0
335359,0
335360,0
335361,0
335362,17
335363,0
335364,0
335365,0
335366,0
335367,0
335368,0
335369,0
335370,0
335371,0
335372,0
335373,0
335374,21
335375,0
335376,0
335377,0
335378,17
335379,0
335380,0
335381,21
335382,0
335383,0
335384,17
335385,17
335386,0
335387,0
335388,21
335389,27
335390,0
335391,0
335392,0
335393,0
335394,0
335395,0
335396,15
335397,26
335398,0
335399,20
335400,0
335401,10
335402,0
335403,0
335404,0
335405,0
335406,0
335407,0
335408,0
335409,0
335410,15
335411,21
335412,0
335413,14
335414,0
335415,0
335416,0
335417,0
335418,0
335419,0
335420,17
335421,0
335422,0
335423,18
335424,15
335425,0
335426,0
335427,0
335428,0
335429,0
335430,0
335431,0
335432,0
335433,20
335434,0
335435,23
335436,0
335437,0
335438,0
335439,0
335440,0
335441,0
335442,0
335443,0
335444,0
335445,0
335446,23
335447,0
335448,0
335449,0
335450,0
335451,0
335452,0
335453,0
335454,0
335455,0
335456,20
335457,0
335458,0
335459,0
335460,24
335461,0
335462,0
335463,0
335464,0
335465,0
335466,0
335467,0
335468,0
335469,0
335470,0
335471,0
335472,0
335473,0
335474,0
335475,0
335476,0
335477,0
335478,26
335479,15
335480,0
335481,9
335482,0
335483,35
335484,0
335485,18
335486,0
335487,26
335488,0
335489,0
335490,0
335491,0
335492,0
335493,36
335494,0
335495,0
335496,26
335497,0
335498,0
335499,30
335500,25
335501,0
335502,0
335503,0
335504,0
335505,24
335506,0
335507,0
335508,0
335509,0
335510,0
335511,0
335512,0
335513,0
335514,0
335515,0
335516,0
335517,0
335518,19
335519,0
335520,0
335521,0
335522,14
335523,0
335524,0
335525,21
335526,28
335527,23
335528,0
335529,0
335530,0
335531,0
335532,26
335533,28
335534,0
335535,0
335536,0
335537,0
335538,0
335539,27
335540,0
335541,0
335542,0
335543,0
335544,0
335545,0
335546,0
335547,0
335548,27
335549,0
335550,19
335551,0
335552,0
335553,0
335554,0
335555,0
335556,0
335557,0
335558,0
335559,0
335560,0
335561,0
335562,0
335563,0
335564,0
335565,0
335566,19
335567,0
335568,0
335569,28
335570,0
335571,0
335572,27
335573,0
335574,0
335575,24
335576,0
335577,0
335578,0
335579,0
335580,0
335581,0
335582,15
335583,0
335584,0
335585,0
335586,0
335587,0
335588,20
335589,0
335590,0
335591,0
335592,0
335593,0
335594,17
335595,28
335596,0
335597,0
335598,0
335599,0
335600,0
335601,0
335602,28
335603,19
335604,10
335605,0
335606,0
335607,20
335608,0
335609,0
335610,0
335611,0
335612,0
335613,27
335614,0
335615,0
335616,24
335617,0
335618,0
335619,0
335620,0
335621,31
335622,0
335623,0
335624,0
335625,0
335626,30
335627,18
335628,0
335629,0
335630,0
335631,0
335632,0
335633,19
335634,0
335635,36
335636,0
335637,0
335638,0
335639,0
335640,0
335641,0
335642,0
335643,19
335644,28
335645,20
335646,26
335647,0
335648,27
335649,0
335650,0
335651,0
335652,0
335653,0
335654,19
335655,0
335656,0
335657,0
335658,23
335659,0
335660,0
335661,0
335662,0
335663,0
335664,0
335665,0
335666,19
335667,0
335668,0
335669,0
335670,0
335671,0
335672,0
335673,0
335674,19
335675,0
335676,33
335677,0
335678,0
335679,0
335680,0
335681,0
335682,0
335683,0
335684,0
335685,0
335686,0
335687,0
335688,0
335689,13
335690,16
335691,0
335692,0
335693,0
335694,0
335695,21
335696,21
335697,0
335698,0
335699,0
335700,0
335701,18
335702,0
335703,0
335704,0
335705,14
335706,0
335707,29
335708,0
335709,0
335710,0
335711,0
335712,0
335713,0
335714,34
335715,0
335716,0
335717,0
335718,0
335719,27
335720,0
335721,0
335722,29
335723,24
335724,0
335725,0
335726,0
335727,20
335728,0
335729,0
335730,22
335731,0
335732,0
335733,23
335734,0
335735,0
335736,13
335737,0
335738,0
335739,0
335740,0
335741,0
335742,0
335743,0
335744,19
335745,0
335746,0
335747,0
335748,0
335749,0
335750,0
335751,0
335752,0
335753,0
335754,0
335755,28
335756,0
335757,0
335758,0
335759,17
335760,0
335761,0
335762,0
335763,0
335764,0
335765,0
335766,0
335767,0
335768,0
335769,0
335770,0
335771,0
335772,32
335773,0
335774,0
335775,0
335776,0
335777,31
335778,0
335779,0
335780,0
335781,0
335782,0
335783,0
335784,0
335785,0
335786,0
335787,0
335788,0
335789,0
335790,0
335791,0
335792,0
335793,0
335794,0
335795,0
335796,0
335797,32
335798,0
335799,19
335800,0
335801,0
335802,0
335803,20
335804,0
335805,0
335806,0
335807,0
335808,19
335809,0
335810,0
335811,0
335812,0
335813,0
335814,0
335815,18
335816,0
335817,0
335818,0
335819,0
335820,0
335821,0
335822,0
335823,0
335824,0
335825,0
335826,0
335827,0
335828,28
335829,0
335830,0
335831,0
335832,0
335833,0
335834,26
335835,0
335836,0
335837,29
335838,0
335839,26
335840,0
335841,0
335842,0
335843,0
335844,26
335845,29
335846,15
335847,0
335848,0
335849,0
335850,19
335851,19
335852,0
335853,0
335854,0
335855,0
335856,0
335857,0
335858,0
335859,0
335860,0
335861,32
335862,0
335863,0
335864,12
335865,28
335866,0
335867,0
335868,0
335869,0
335870,0
335871,0
335872,0
335873,0
335874,0
335875,0
335876,14
335877,0
335878,0
335879,0
335880,0
335881,0
335882,0
335883,14
335884,0
335885,0
335886,0
335887,19
335888,0
335889,0
335890,0
335891,0
335892,24
335893,19
335894,0
335895,0
335896,0
335897,0
335898,0
335899,0
335900,0
335901,0
335902,0
335903,0
335904,0
335905,0
335906,0
335907,2
335908,0
335909,0
335910,0
335911,0
335912,0
335913,0
335914,0
335915,0
335916,0
335917,1
335918,0
335919,0
335920,0
335921,0
335922,0
335923,0
335924,0
335925,0
335926,0
335927,1
335928,0
335929,0
335930,0
335931,0
335932,0
335933,0
335934,0
335935,0
335936,0
335937,0
335938,0
335939,0
335940,0
335941,0
335942,0
335943,0
335944,0
335945,2
335946,0
335947,0
335948,0
335949,0
335950,0
335951,0
335952,0
335953,0
335954,0
335955,0
335956,0
335957,0
335958,0
335959,0
335960,0
335961,0
335962,0
335963,0
335964,0
335965,0
335966,0
335967,3
335968,0
335969,0
335970,0
335971,0
335972,0
335973,0
335974,0
335975,0
335976,0
335977,0
335978,0
335979,0
335980,2
335981,0
335982,0
335983,0
335984,5
335985,0
335986,0
335987,0
335988,0
335989,0
335990,0
335991,0
335992,0
335993,0
335994,0
335995,0
335996,0
335997,0
335998,0
335999,0
336000,1
336001,0
336002,0
336003,0
336004,0
336005,0
336006,2
336007,0
336008,0
336009,0
336010,0
336011,0
336012,0
336013,2
336014,0
336015,0
336016,0
336017,0
336018,0
336019,0
336020,0
336021,0
336022,0
336023,0
336024,0
336025,0
336026,0
336027,3
336028,2
336029,0
336030,0
336031,0
336032,0
336033,0
336034,0
336035,0
336036,0
336037,0
336038,0
336039,0
336040,0
336041,0
336042,0
336043,0
336044,0
336045,0
336046,0
336047,0
336048,0
336049,0
336050,0
336051,0
336052,0
336053,0
336054,0
336055,0
336056,0
336057,0
336058,0
336059,0
336060,0
336061,0
336062,0
336063,0
336064,0
336065,0
336066,0
336067,0
336068,0
336069,0
336070,0
336071,0
336072,3
336073,0
336074,0
336075,0
336076,0
336077,0
336078,0
336079,0
336080,2
336081,0
336082,0
336083,0
336084,0
336085,2
336086,0
336087,0
336088,0
336089,0
336090,0
336091,1
336092,2
336093,0
336094,0
336095,0
336096,0
336097,0
336098,0
336099,0
336100,3
336101,0
336102,2
336103,0
336104,0
336105,0
336106,0
336107,0
336108,0
336109,0
336110,0
336111,0
336112,0
336113,0
336114,2
336115,0
336116,0
336117,0
336118,0
336119,0
336120,0
336121,0
336122,0
336123,0
336124,0
336125,0
336126,0
336127,0
336128,2
336129,3
336130,0
336131,0
336132,0
336133,0
336134,0
336135,0
336136,0
336137,0
336138,0
336139,0
336140,0
336141,0
336142,0
336143,0
336144,3
336145,0
336146,0
336147,1
336148,0
336149,0
336150,0
336151,0
336152,0
336153,1
336154,0
336155,0
336156,0
336157,0
336158,0
336159,0
336160,0
336161,0
336162,0
336163,0
336164,0
336165,0
336166,0
336167,0
336168,0
336169,0
336170,0
336171,0
336172,0
336173,0
336174,0
336175,0
336176,0
336177,0
336178,0
336179,0
336180,0
336181,1
336182,0
336183,0
336184,0
336185,1
336186,5
336187,0
336188,0
336189,0
336190,0
336191,0
336192,0
336193,0
336194,0
336195,0
336196,0
336197,0
336198,0
336199,0
336200,0
336201,0
336202,7
336203,0
336204,4
336205,0
336206,0
336207,5
336208,0
336209,0
336210,0
336211,0
336212,0
336213,0
336214,0
336215,0
336216,0
336217,0
336218,0
336219,0
336220,0
336221,0
336222,0
336223,0
336224,0
336225,0
336226,0
336227,0
336228,0
336229,0
336230,0
336231,0
336232,0
336233,0
336234,0
336235,0
336236,0
336237,0
336238,0
336239,0
336240,0
336241,0
336242,0
336243,4
336244,0
336245,0
336246,0
336247,0
336248,0
336249,0
336250,0
336251,0
336252,0
336253,2
336254,0
336255,0
336256,0
336257,0
336258,0
336259,0
336260,0
336261,0
336262,0
336263,0
336264,0
336265,0
336266,2
336267,0
336268,0
336269,0
336270,3
336271,0
336272,0
336273,0
336274,0
336275,0
336276,0
336277,0
336278,0
336279,0
336280,0
336281,0
336282,0
336283,0
336284,0
336285,0
336286,0
336287,0
336288,0
336289,0
336290,0
336291,0
336292,0
336293,0
336294,0
336295,0
336296,0
336297,0
336298,0
336299,0
336300,0
336301,0
336302,0
336303,0
336304,0
336305,1
336306,0
336307,0
336308,0
336309,0
336310,0
336311,0
336312,0
336313,0
336314,0
336315,0
336316,4
336317,0
336318,0
336319,0
336320,0
336321,0
336322,0
336323,0
336324,0
336325,4
336326,0
336327,0
336328,0
336329,1
336330,0
336331,0
336332,0
336333,0
336334,0
336335,0
336336,0
336337,0
336338,0
336339,0
336340,0
336341,4
336342,0
336343,0
336344,0
336345,0
336346,3
336347,6
336348,0
336349,0
336350,0
336351,0
336352,0
336353,0
336354,0
336355,0
336356,0
336357,0
336358,0
336359,0
336360,0
336361,0
336362,0
336363,0
336364,0
336365,0
336366,0
336367,0
336368,0
336369,0
336370,0
336371,0
336372,0
336373,0
336374,0
336375,2
336376,0
336377,0
336378,6
336379,0
336380,0
336381,0
336382,5
336383,0
336384,0
336385,0
336386,0
336387,0
336388,0
336389,0
336390,0
336391,0
336392,0
336393,0
336394,2
336395,0
336396,0
336397,0
336398,0
336399,0
336400,0
336401,0
336402,0
336403,0
336404,0
336405,0
336406,0
336407,2
336408,0
336409,2
336410,0
336411,0
336412,0
336413,0
336414,0
336415,0
336416,0
336417,2
336418,0
336419,3
336420,0
336421,1
336422,0
336423,0
336424,0
336425,0
336426,0
336427,0
336428,0
336429,0
336430,2
336431,0
336432,0
336433,0
336434,0
336435,0
336436,0
336437,0
336438,0
336439,0
336440,0
336441,0
336442,0
336443,0
336444,0
336445,3
336446,0
336447,0
336448,0
336449,0
336450,0
336451,1
336452,0
336453,0
336454,0
336455,4
336456,0
336457,0
336458,0
336459,0
336460,3
336461,0
336462,0
336463,0
336464,0
336465,0
336466,0
336467,0
336468,0
336469,0
336470,0
336471,1
336472,0
336473,0
336474,0
336475,0
336476,0
336477,0
336478,0
336479,4
336480,0
336481,0
336482,0
336483,0
336484,0
336485,0
336486,0
336487,0
336488,0
336489,0
336490,0
336491,0
336492,0
336493,0
336494,0
336495,2
336496,0
336497,0
336498,0
336499,0
336500,0
336501,0
336502,0
336503,4
336504,0
336505,0
336506,0
336507,0
336508,0
336509,0
336510,0
336511,0
336512,0
336513,0
336514,0
336515,0
336516,0
336517,0
336518,0
336519,0
336520,0
336521,0
336522,0
336523,0
336524,37
336525,0
336526,0
336527,0
336528,0
336529,0
336530,34
336531,0
336532,0
336533,0
336534,0
336535,0
336536,0
336537,0
336538,0
336539,0
336540,0
336541,0
336542,0
336543,0
336544,0
336545,0
336546,0
336547,0
336548,0
336549,0
336550,0
336551,0
336552,0
336553,0
336554,0
336555,0
336556,0
336557,0
336558,0
336559,0
336560,0
336561,0
336562,0
336563,0
336564,0
336565,0
336566,0
336567,0
336568,0
336569,0
336570,0
336571,0
336572,0
336573,0
336574,0
336575,0
336576,0
336577,0
336578,0
336579,41
336580,0
336581,0
336582,0
336583,0
336584,42
336585,0
336586,0
336587,0
336588,0
336589,40
336590,0
336591,0
336592,0
336593,0
336594,0
336595,0
336596,0
336597,0
336598,0
336599,0
336600,0
336601,0
336602,0
336603,0
336604,0
336605,0
336606,0
336607,0
336608,0
336609,0
336610,0
336611,0
336612,0
336613,0
336614,0
336615,0
336616,0
336617,0
336618,0
336619,0
336620,0
336621,0
336622,0
336623,0
336624,0
336625,0
336626,0
336627,0
336628,0
336629,0
336630,0
336631,0
336632,0
336633,0
336634,48
336635,0
336636,0
336637,0
336638,0
336639,30
336640,0
336641,0
336642,0
336643,0
336644,0
336645,0
336646,0
336647,0
336648,0
336649,0
336650,41
336651,0
336652,0
336653,0
336654,0
336655,41
336656,0
336657,0
336658,0
336659,0
336660,0
336661,22
336662,0
336663,0
336664,0
336665,0
336666,24
336667,0
336668,0
336669,0
336670,0
336671,0
336672,0
336673,0
336674,0
336675,0
336676,0
336677,0
336678,0
336679,0
336680,0
336681,0
336682,0
336683,0
336684,0
336685,0
336686,0
336687,0
336688,58
336689,0
336690,0
336691,0
336692,0
336693,0
336694,0
336695,0
336696,0
336697,0
336698,0
336699,45
336700,0
336701,0
336702,0
336703,0
336704,0
336705,0
336706,0
336707,0
336708,0
336709,0
336710,0
336711,0
336712,0
336713,42
336714,0
336715,0
336716,0
336717,0
336718,0
336719,0
336720,0
336721,0
336722,0
336723,0
336724,0
336725,0
336726,0
336727,0
336728,0
336729,0
336730,0
336731,0
336732,0
336733,0
336734,0
336735,0
336736,0
336737,0
336738,0
336739,0
336740,0
336741,0
336742,0
336743,0
336744,0
336745,0
336746,0
336747,49
336748,0
336749,0
336750,0
336751,0
336752,0
336753,0
336754,0
336755,0
336756,0
336757,0
336758,0
336759,0
336760,0
336761,0
336762,0
336763,0
336764,0
336765,0
336766,0
336767,0
336768,0
336769,0
336770,0
336771,0
336772,0
336773,0
336774,0
336775,0
336776,0
336777,34
336778,0
336779,58
336780,0
336781,0
336782,0
336783,28
336784,0
336785,0
336786,43
336787,0
336788,0
336789,0
336790,0
336791,0
336792,0
336793,0
336794,0
336795,0
336796,0
336797,0
336798,0
336799,0
336800,30
336801,48
336802,0
336803,0
336804,0
336805,0
336806,0
336807,0
336808,0
336809,0
336810,0
336811,0
336812,0
336813,0
336814,0
336815,0
336816,0
336817,0
336818,0
336819,0
336820,0
336821,0
336822,0
336823,0
336824,0
336825,0
336826,0
336827,0
336828,0
336829,0
336830,0
336831,35
336832,0
336833,0
336834,0
336835,0
336836,0
336837,0
336838,0
336839,0
336840,0
336841,0
336842,0
336843,0
336844,0
336845,0
336846,0
336847,0
336848,0
336849,0
336850,0
336851,0
336852,0
336853,0
336854,39
336855,0
336856,0
336857,0
336858,0
336859,0
336860,0
336861,0
336862,26
336863,0
336864,0
336865,0
336866,0
336867,0
336868,0
336869,0
336870,0
336871,26
336872,0
336873,0
336874,0
336875,0
336876,0
336877,0
336878,52
336879,0
336880,0
336881,0
336882,0
336883,0
336884,0
336885,0
336886,0
336887,0
336888,0
336889,0
336890,0
336891,0
336892,0
336893,0
336894,0
336895,0
336896,0
336897,0
336898,0
336899,0
336900,0
336901,0
336902,0
336903,0
336904,0
336905,0
336906,0
336907,0
336908,0
336909,0
336910,0
336911,0
336912,0
336913,0
336914,0
336915,0
336916,0
336917,42
336918,0
336919,0
336920,0
336921,0
336922,0
336923,0
336924,0
336925,34
336926,0
336927,0
336928,0
336929,35
336930,0
336931,0
336932,49
336933,0
336934,0
336935,53
336936,0
336937,0
336938,0
336939,0
336940,0
336941,0
336942,0
336943,0
336944,0
336945,0
336946,0
336947,35
336948,0
336949,0
336950,0
336951,35
336952,0
336953,0
336954,34
336955,0
336956,0
336957,0
336958,0
336959,0
336960,0
336961,0
336962,0
336963,0
336964,0
336965,0
336966,0
336967,0
336968,0
336969,0
336970,0
336971,0
336972,0
336973,0
336974,0
336975,0
336976,0
336977,0
336978,0
336979,0
336980,30
336981,0
336982,0
336983,0
336984,0
336985,0
336986,41
336987,0
336988,0
336989,0
336990,0
336991,0
336992,0
336993,40
336994,0
336995,0
336996,0
336997,0
336998,0
336999,34
337000,0
337001,0
337002,0
337003,0
337004,0
337005,0
337006,0
337007,0
337008,0
337009,0
337010,0
337011,0
337012,0
337013,0
337014,5
337015,0
337016,6
337017,0
337018,4
337019,0
337020,6
337021,0
337022,0
337023,0
337024,0
337025,0
337026,0
337027,0
337028,0
337029,7
337030,0
337031,6
337032,0
337033,0
337034,0
337035,0
337036,0
337037,0
337038,0
337039,0
337040,5
337041,0
337042,0
337043,0
337044,0
337045,0
337046,0
337047,0
337048,0
337049,0
337050,0
337051,7
337052,0
337053,0
337054,0
337055,0
337056,0
337057,8
337058,0
337059,0
337060,0
337061,0
337062,8
337063,0
337064,5
337065,0
337066,0
337067,0
337068,0
337069,0
337070,0
337071,0
337072,7
337073,0
337074,10
337075,0
337076,0
337077,4
337078,0
337079,0
337080,0
337081,0
337082,0
337083,9
337084,0
337085,0
337086,9
337087,8
337088,9
337089,6
337090,0
337091,0
337092,0
337093,0
337094,10
337095,0
337096,0
337097,6
337098,4
337099,6
337100,0
337101,11
337102,4
337103,0
337104,0
337105,0
337106,5
337107,0
337108,7
337109,0
337110,3
337111,0
337112,0
337113,0
337114,6
337115,0
337116,0
337117,0
337118,0
337119,0
337120,0
337121,6
337122,0
337123,0
337124,5
337125,0
337126,0
337127,0
337128,7
337129,0
337130,0
337131,0
337132,0
337133,0
337134,0
337135,8
337136,0
337137,0
337138,0
337139,9
337140,0
337141,0
337142,0
337143,0
337144,0
337145,0
337146,0
337147,5
337148,4
337149,0
337150,3
337151,0
337152,0
337153,0
337154,8
337155,0
337156,0
337157,0
337158,0
337159,0
337160,0
337161,13
337162,1
337163,0
337164,9
337165,3
337166,8
337167,0
337168,12
337169,7
337170,0
337171,7
337172,0
337173,0
337174,10
337175,7
337176,5
337177,0
337178,0
337179,0
337180,0
337181,4
337182,0
337183,0
337184,0
337185,4
337186,0
337187,0
337188,7
337189,0
337190,0
337191,0
337192,0
337193,0
337194,0
337195,0
337196,0
337197,0
337198,0
337199,0
337200,3
337201,0
337202,0
337203,0
337204,0
337205,0
337206,12
337207,0
337208,0
337209,5
337210,0
337211,0
337212,7
337213,4
337214,0
337215,0
337216,0
337217,4
337218,0
337219,0
337220,0
337221,4
337222,0
337223,0
337224,0
337225,0
337226,7
337227,8
337228,0
337229,6
337230,0
337231,9
337232,0
337233,0
337234,0
337235,0
337236,7
337237,0
337238,0
337239,0
337240,0
337241,0
337242,0
337243,0
337244,0
337245,0
337246,0
337247,8
337248,9
337249,0
337250,10
337251,5
337252,0
337253,0
337254,6
337255,0
337256,6
337257,0
337258,8
337259,0
337260,0
337261,0
337262,0
337263,0
337264,0
337265,0
337266,7
337267,0
337268,0
337269,9
337270,0
337271,0
337272,5
337273,2
337274,3
337275,0
337276,0
337277,10
337278,0
337279,0
337280,0
337281,10
337282,0
337283,0
337284,3
337285,6
337286,0
337287,0
337288,0
337289,0
337290,0
337291,0
337292,0
337293,0
337294,0
337295,2
337296,8
337297,0
337298,10
337299,10
337300,0
337301,10
337302,0
337303,0
337304,0
337305,0
337306,5
337307,14
337308,0
337309,0
337310,0
337311,3
337312,4
337313,0
337314,0
337315,0
337316,0
337317,8
337318,0
337319,0
337320,0
337321,0
337322,0
337323,0
337324,0
337325,0
337326,0
337327,0
337328,0
337329,6
337330,0
337331,17
337332,9
337333,0
337334,0
337335,6
337336,0
337337,11
337338,0
337339,0
337340,0
337341,0
337342,0
337343,0
337344,0
337345,0
337346,0
337347,0
337348,0
337349,0
337350,0
337351,0
337352,0
337353,0
337354,0
337355,0
337356,0
337357,0
337358,0
337359,0
337360,0
337361,0
337362,0
337363,0
337364,0
337365,0
337366,0
337367,0
337368,0
337369,0
337370,0
337371,0
337372,0
337373,0
337374,0
337375,0
337376,0
337377,0
337378,0
337379,0
337380,0
337381,0
337382,0
337383,0
337384,1
337385,0
337386,0
337387,0
337388,0
337389,0
337390,0
337391,0
337392,0
337393,0
337394,0
337395,0
337396,0
337397,0
337398,0
337399,0
337400,0
337401,0
337402,0
337403,0
337404,0
337405,0
337406,0
337407,1
337408,0
337409,0
337410,0
337411,0
337412,0
337413,0
337414,0
337415,0
337416,0
337417,0
337418,0
337419,0
337420,0
337421,0
337422,0
337423,0
337424,0
337425,0
337426,0
337427,0
337428,0
337429,0
337430,0
337431,0
337432,0
337433,0
337434,0
337435,0
337436,0
337437,0
337438,0
337439,0
337440,0
337441,0
337442,0
337443,0
337444,0
337445,0
337446,0
337447,0
337448,0
337449,0
337450,0
337451,0
337452,0
337453,0
337454,0
337455,0
337456,0
337457,0
337458,0
337459,0
337460,0
337461,0
337462,0
337463,0
337464,0
337465,0
337466,0
337467,0
337468,0
337469,0
337470,0
337471,0
337472,0
337473,0
337474,0
337475,0
337476,0
337477,0
337478,0
337479,0
337480,0
337481,0
337482,0
337483,0
337484,0
337485,0
337486,0
337487,0
337488,0
337489,0
337490,0
337491,0
337492,0
337493,0
337494,0
337495,0
337496,0
337497,0
337498,0
337499,0
337500,0
337501,0
337502,1
337503,0
337504,0
337505,0
337506,0
337507,0
337508,0
337509,0
337510,0
337511,0
337512,0
337513,0
337514,0
337515,0
337516,0
337517,0
337518,0
337519,0
337520,0
337521,0
337522,0
337523,0
337524,0
337525,0
337526,0
337527,0
337528,0
337529,0
337530,0
337531,0
337532,0
337533,0
337534,0
337535,0
337536,0
337537,0
337538,0
337539,0
337540,0
337541,0
337542,0
337543,0
337544,0
337545,0
337546,0
337547,0
337548,0
337549,0
337550,0
337551,0
337552,0
337553,0
337554,0
337555,0
337556,0
337557,0
337558,0
337559,0
337560,0
337561,0
337562,0
337563,0
337564,0
337565,0
337566,0
337567,0
337568,0
337569,0
337570,0
337571,0
337572,0
337573,0
337574,0
337575,0
337576,0
337577,0
337578,0
337579,0
337580,0
337581,0
337582,0
337583,0
337584,0
337585,0
337586,0
337587,0
337588,1
337589,0
337590,0
337591,0
337592,0
337593,0
337594,0
337595,0
337596,0
337597,0
337598,0
337599,0
337600,0
337601,0
337602,0
337603,0
337604,0
337605,0
337606,0
337607,0
337608,0
337609,0
337610,0
337611,0
337612,0
337613,0
337614,0
337615,0
337616,0
337617,0
337618,0
337619,0
337620,0
337621,0
337622,0
337623,0
337624,0
337625,0
337626,0
337627,0
337628,0
337629,0
337630,0
337631,0
337632,0
337633,0
337634,0
337635,0
337636,0
337637,0
337638,1
337639,0
337640,0
337641,0
337642,0
337643,0
337644,0
337645,0
337646,0
337647,0
337648,0
337649,0
337650,0
337651,0
337652,0
337653,0
337654,0
337655,0
337656,0
337657,0
337658,0
337659,0
337660,0
337661,0
337662,0
337663,0
337664,0
337665,0
337666,0
337667,0
337668,0
337669,0
337670,0
337671,0
337672,0
337673,0
337674,0
337675,0
337676,0
337677,0
337678,0
337679,0
337680,0
337681,0
337682,0
337683,0
337684,0
337685,0
337686,0
337687,0
337688,0
337689,0
337690,0
337691,0
337692,0
337693,0
337694,0
337695,0
337696,0
337697,0
337698,1
337699,0
337700,0
337701,0
337702,0
337703,0
337704,0
337705,0
337706,0
337707,0
337708,0
337709,0
337710,0
337711,0
337712,0
337713,0
337714,0
337715,0
337716,0
337717,0
337718,0
337719,0
337720,0
337721,0
337722,0
337723,0
337724,0
337725,0
337726,0
337727,0
337728,0
337729,0
337730,0
337731,0
337732,0
337733,0
337734,0
337735,0
337736,0
337737,0
337738,0
337739,0
337740,0
337741,0
337742,0
337743,0
337744,0
337745,0
337746,0
337747,0
337748,0
337749,0
337750,0
337751,0
337752,0
337753,0
337754,0
337755,0
337756,0
337757,0
337758,0
337759,0
337760,0
337761,0
337762,0
337763,0
337764,0
337765,0
337766,0
337767,0
337768,0
337769,0
337770,0
337771,0
337772,0
337773,0
337774,0
337775,0
337776,0
337777,0
337778,0
337779,0
337780,0
337781,0
337782,0
337783,0
337784,0
337785,0
337786,0
337787,0
337788,0
337789,0
337790,0
337791,0
337792,0
337793,0
337794,0
337795,0
337796,1
337797,0
337798,0
337799,0
337800,0
337801,0
337802,0
337803,0
337804,0
337805,0
337806,0
337807,0
337808,0
337809,0
337810,0
337811,0
337812,0
337813,0
337814,0
337815,0
337816,0
337817,0
337818,0
337819,0
337820,0
337821,0
337822,0
337823,0
337824,0
337825,0
337826,0
337827,0
337828,0
337829,0
337830,0
337831,1
337832,0
337833,0
337834,0
337835,0
337836,0
337837,0
337838,0
337839,0
337840,0
337841,0
337842,0
337843,0
337844,0
337845,0
337846,0
337847,0
337848,0
337849,0
337850,0
337851,0
337852,0
337853,0
337854,0
337855,0
337856,0
337857,0
337858,0
337859,0
337860,0
337861,0
337862,0
337863,0
337864,0
337865,0
337866,0
337867,0
337868,0
337869,0
337870,0
337871,0
337872,0
337873,0
337874,0
337875,0
337876,0
337877,0
337878,0
337879,0
337880,0
337881,0
337882,0
337883,0
337884,0
337885,0
337886,0
337887,0
337888,0
337889,0
337890,0
337891,0
337892,0
337893,0
337894,0
337895,0
337896,0
337897,0
337898,0
337899,0
337900,0
337901,0
337902,0
337903,0
337904,0
337905,0
337906,0
337907,0
337908,0
337909,0
337910,0
337911,0
337912,0
337913,0
337914,0
337915,0
337916,1
337917,0
337918,0
337919,0
337920,0
337921,0
337922,0
337923,0
337924,0
337925,0
337926,0
337927,0
337928,0
337929,0
337930,0
337931,0
337932,0
337933,0
337934,0
337935,0
337936,0
337937,0
337938,0
337939,0
337940,0
337941,0
337942,0
337943,0
337944,0
337945,0
337946,0
337947,0
337948,0
337949,0
337950,0
337951,0
337952,22
337953,0
337954,0
337955,0
337956,0
337957,27
337958,21
337959,0
337960,0
337961,0
337962,0
337963,0
337964,0
337965,40
337966,0
337967,26
337968,0
337969,0
337970,0
337971,0
337972,27
337973,0
337974,0
337975,0
337976,0
337977,0
337978,0
337979,38
337980,0
337981,0
337982,0
337983,0
337984,28
337985,0
337986,0
337987,37
337988,0
337989,0
337990,0
337991,18
337992,0
337993,37
337994,28
337995,35
337996,0
337997,0
337998,0
337999,25
338000,0
338001,0
338002,0
338003,27
338004,0
338005,0
338006,0
338007,35
338008,0
338009,0
338010,0
338011,0
338012,0
338013,29
338014,26
338015,30
338016,0
338017,27
338018,23
338019,0
338020,40
338021,0
338022,0
338023,0
338024,40
338025,38
338026,0
338027,0
338028,0
338029,0
338030,0
338031,46
338032,0
338033,0
338034,0
338035,0
338036,44
338037,0
338038,0
338039,0
338040,0
338041,0
338042,0
338043,0
338044,0
338045,21
338046,40
338047,0
338048,31
338049,0
338050,37
338051,28
338052,0
338053,0
338054,0
338055,0
338056,0
338057,0
338058,33
338059,0
338060,0
338061,0
338062,0
338063,22
338064,36
338065,0
338066,0
338067,0
338068,0
338069,0
338070,33
338071,44
338072,0
338073,0
338074,0
338075,0
338076,32
338077,0
338078,0
338079,0
338080,0
338081,0
338082,0
338083,0
338084,0
338085,28
338086,29
338087,33
338088,0
338089,25
338090,0
338091,35
338092,0
338093,0
338094,30
338095,0
338096,0
338097,27
338098,24
338099,26
338100,0
338101,46
338102,31
338103,0
338104,0
338105,26
338106,0
338107,0
338108,30
338109,0
338110,0
338111,0
338112,0
338113,0
338114,0
338115,0
338116,0
338117,0
338118,40
338119,0
338120,0
338121,0
338122,0
338123,22
338124,0
338125,0
338126,0
338127,0
338128,0
338129,0
338130,26
338131,0
338132,0
338133,0
338134,0
338135,0
338136,0
338137,0
338138,0
338139,0
338140,0
338141,0
338142,0
338143,0
338144,0
338145,0
338146,0
338147,0
338148,0
338149,0
338150,0
338151,0
338152,0
338153,32
338154,0
338155,0
338156,0
338157,24
338158,0
338159,0
338160,0
338161,0
338162,0
338163,0
338164,28
338165,41
338166,0
338167,0
338168,0
338169,0
338170,40
338171,0
338172,0
338173,23
338174,0
338175,0
338176,0
338177,33
338178,15
338179,0
338180,25
338181,0
338182,0
338183,37
338184,28
338185,0
338186,27
338187,0
338188,0
338189,0
338190,0
338191,33
338192,0
338193,34
338194,0
338195,0
338196,28
338197,0
338198,0
338199,0
338200,42
338201,0
338202,0
338203,0
338204,27
338205,0
338206,0
338207,0
338208,0
338209,24
338210,0
338211,0
338212,37
338213,0
338214,34
338215,0
338216,0
338217,0
338218,0
338219,0
338220,0
338221,15
338222,35
338223,38
338224,0
338225,0
338226,0
338227,29
338228,36
338229,0
338230,0
338231,0
338232,0
338233,0
338234,0
338235,0
338236,0
338237,44
338238,0
338239,0
338240,0
338241,0
338242,38
338243,23
338244,0
338245,0
338246,0
338247,0
338248,32
338249,0
338250,39
338251,0
338252,25
338253,32
338254,0
338255,28
338256,0
338257,0
338258,0
338259,0
338260,27
338261,0
338262,0
338263,0
338264,35
338265,0
338266,0
338267,0
338268,0
338269,0
338270,22
338271,0
338272,33
338273,0
338274,0
338275,48
338276,17
338277,34
338278,0
338279,0
338280,0
338281,37
338282,0
338283,33
338284,0
338285,0
338286,0
338287,0
338288,0
338289,0
338290,0
338291,25
338292,0
338293,0
338294,0
338295,0
338296,0
338297,0
338298,0
338299,30
338300,0
338301,0
338302,0
338303,38
338304,20
338305,37
338306,0
338307,0
338308,44
338309,0
338310,0
338311,0
338312,0
338313,0
338314,0
338315,0
338316,0
338317,0
338318,0
338319,0
338320,26
338321,0
338322,0
338323,28
338324,0
338325,0
338326,0
338327,29
338328,0
338329,0
338330,37
338331,0
338332,0
338333,0
338334,37
338335,0
338336,0
338337,0
338338,16
338339,0
338340,0
338341,36
338342,0
338343,45
338344,0
338345,46
338346,48
338347,0
338348,0
338349,0
338350,0
338351,0
338352,0
338353,20
338354,0
338355,0
338356,0
338357,37
338358,0
338359,47
338360,0
338361,0
338362,0
338363,0
338364,0
338365,0
338366,0
338367,0
338368,0
338369,0
338370,40
338371,0
338372,0
338373,0
338374,0
338375,0
338376,0
338377,0
338378,0
338379,30
338380,0
338381,0
338382,0
338383,0
338384,0
338385,18
338386,0
338387,0
338388,0
338389,0
338390,0
338391,0
338392,0
338393,0
338394,0
338395,36
338396,0
338397,30
338398,0
338399,0
338400,0
338401,0
338402,0
338403,0
338404,0
338405,22
338406,0
338407,34
338408,0
338409,0
338410,0
338411,0
338412,0
338413,0
338414,0
338415,0
338416,0
338417,0
338418,39
338419,42
338420,32
338421,30
338422,0
338423,0
338424,28
338425,0
338426,0
338427,0
338428,0
338429,0
338430,0
338431,0
338432,0
338433,26
338434,30
338435,0
338436,0
338437,0
338438,0
338439,0
338440,24
338441,0
338442,40
338443,0
338444,53
338445,0
338446,0
338447,28
338448,0
338449,0
338450,34
338451,0
338452,0
338453,0
338454,0
338455,0
338456,0
338457,53
338458,0
338459,0
338460,32
338461,0
338462,0
338463,47
338464,0
338465,0
338466,27
338467,32
338468,0
338469,0
338470,0
338471,0
338472,0
338473,0
338474,0
338475,0
338476,0
338477,0
338478,0
338479,0
338480,0
338481,0
338482,23
338483,0
338484,0
338485,0
338486,29
338487,38
338488,0
338489,0
338490,0
338491,0
338492,0
338493,0
338494,0
338495,41
338496,0
338497,0
338498,0
338499,0
338500,0
338501,0
338502,0
338503,0
338504,21
338505,44
338506,0
338507,0
338508,0
338509,0
338510,0
338511,0
338512,0
338513,37
338514,0
338515,0
338516,0
338517,31
338518,0
338519,34
338520,0
338521,33
338522,29
338523,0
338524,0
338525,47
338526,0
338527,0
338528,0
338529,0
338530,0
338531,0
338532,36
338533,0
338534,33
338535,0
338536,0
338537,0
338538,0
338539,0
338540,0
338541,0
338542,0
338543,38
338544,31
338545,0
338546,0
338547,0
338548,25
338549,31
338550,0
338551,0
338552,0
338553,0
338554,0
338555,0
338556,0
338557,0
338558,0
338559,0
338560,0
338561,0
338562,0
338563,0
338564,0
338565,0
338566,21
338567,0
338568,31
338569,0
338570,0
338571,0
338572,0
338573,0
338574,0
338575,0
338576,0
338577,0
338578,0
338579,0
338580,27
338581,0
338582,0
338583,0
338584,51
338585,0
338586,0
338587,26
338588,24
338589,30
338590,34
338591,0
338592,0
338593,0
338594,0
338595,0
338596,0
338597,0
338598,0
338599,0
338600,39
338601,0
338602,0
338603,0
338604,0
338605,0
338606,0
338607,0
338608,35
338609,0
338610,0
338611,0
338612,0
338613,34
338614,0
338615,0
338616,0
338617,0
338618,33
338619,0
338620,0
338621,0
338622,0
338623,0
338624,0
338625,0
338626,0
338627,0
338628,0
338629,0
338630,0
338631,0
338632,0
338633,0
338634,0
338635,19
338636,0
338637,0
338638,33
338639,21
338640,0
338641,34
338642,36
338643,0
338644,0
338645,0
338646,24
338647,0
338648,0
338649,0
338650,0
338651,0
338652,41
338653,0
338654,0
338655,0
338656,0
338657,21
338658,27
338659,41
338660,0
338661,0
338662,0
338663,0
338664,0
338665,0
338666,0
338667,0
338668,0
338669,0
338670,0
338671,0
338672,0
338673,29
338674,33
338675,0
338676,38
338677,0
338678,0
338679,0
338680,0
338681,0
338682,0
338683,0
338684,25
338685,0
338686,32
338687,0
338688,0
338689,21
338690,0
338691,0
338692,0
338693,0
338694,29
338695,29
338696,0
338697,35
338698,34
338699,0
338700,0
338701,0
338702,0
338703,0
338704,0
338705,0
338706,0
338707,0
338708,40
338709,44
338710,33
338711,0
338712,0
338713,39
338714,27
338715,20
338716,0
338717,0
338718,0
338719,0
338720,0
338721,30
338722,0
338723,33
338724,0
338725,0
338726,0
338727,0
338728,0
338729,43
338730,0
338731,22
338732,0
338733,0
338734,0
338735,0
338736,0
338737,0
338738,0
338739,0
338740,14
338741,25
338742,0
338743,0
338744,0
338745,0
338746,0
338747,0
338748,0
338749,0
338750,0
338751,0
338752,0
338753,0
338754,21
338755,0
338756,0
338757,0
338758,0
338759,0
338760,0
338761,43
338762,0
338763,0
338764,0
338765,0
338766,27
338767,0
338768,0
338769,0
338770,0
338771,37
338772,0
338773,0
338774,0
338775,0
338776,0
338777,0
338778,0
338779,0
338780,0
338781,0
338782,0
338783,0
338784,0
338785,0
338786,43
338787,0
338788,0
338789,0
338790,26
338791,0
338792,25
338793,54
338794,0
338795,37
338796,0
338797,0
338798,0
338799,43
338800,0
338801,0
338802,0
338803,0
338804,0
338805,0
338806,36
338807,0
338808,0
338809,0
338810,50
338811,34
338812,0
338813,0
338814,45
338815,0
338816,0
338817,0
338818,0
338819,0
338820,0
338821,0
338822,0
338823,0
338824,0
338825,0
338826,0
338827,0
338828,0
338829,27
338830,0
338831,0
338832,46
338833,0
338834,0
338835,37
338836,0
338837,0
338838,0
338839,0
338840,0
338841,0
338842,0
338843,0
338844,0
338845,0
338846,0
338847,0
338848,24
338849,0
338850,0
338851,33
338852,0
338853,0
338854,40
338855,34
338856,0
338857,0
338858,0
338859,21
338860,37
338861,0
338862,28
338863,0
338864,0
338865,0
338866,0
338867,0
338868,0
338869,0
338870,0
338871,0
338872,0
338873,0
338874,0
338875,0
338876,0
338877,16
338878,0
338879,0
338880,0
338881,39
338882,0
338883,46
338884,0
338885,0
338886,17
338887,0
338888,0
338889,0
338890,0
338891,0
338892,0
338893,0
338894,0
338895,0
338896,0
338897,0
338898,0
338899,0
338900,0
338901,36
338902,20
338903,0
338904,27
338905,0
338906,0
338907,0
338908,34
338909,0
338910,38
338911,0
338912,0
338913,0
338914,0
338915,22
338916,0
338917,29
338918,34
338919,0
338920,0
338921,23
338922,0
338923,0
338924,0
338925,0
338926,0
338927,0
338928,0
338929,0
338930,23
338931,0
338932,0
338933,0
338934,50
338935,0
338936,0
338937,0
338938,0
338939,0
338940,0
338941,0
338942,0
338943,0
338944,0
338945,0
338946,0
338947,0
338948,0
338949,0
338950,0
338951,0
338952,0
338953,0
338954,0
338955,0
338956,0
338957,0
338958,0
338959,0
338960,0
338961,0
338962,32
338963,45
338964,0
338965,0
338966,0
338967,0
338968,0
338969,0
338970,0
338971,40
338972,0
338973,0
338974,0
338975,0
338976,0
338977,0
338978,0
338979,0
338980,0
338981,0
338982,0
338983,0
338984,0
338985,0
338986,19
338987,0
338988,0
338989,0
338990,0
338991,0
338992,37
338993,0
338994,0
338995,0
338996,0
338997,0
338998,0
338999,0
339000,0
339001,0
339002,0
339003,0
339004,0
339005,0
339006,0
339007,0
339008,0
339009,0
339010,0
339011,0
339012,0
339013,0
339014,0
339015,0
339016,0
339017,0
339018,0
339019,0
339020,0
339021,0
339022,0
339023,0
339024,27
339025,0
339026,0
339027,0
339028,0
339029,0
339030,0
339031,0
339032,0
339033,0
339034,0
339035,0
339036,0
339037,32
339038,0
339039,0
339040,0
339041,0
339042,0
339043,0
339044,0
339045,0
339046,0
339047,0
339048,0
339049,0
339050,0
339051,0
339052,0
339053,0
339054,0
339055,0
339056,0
339057,0
339058,0
339059,0
339060,0
339061,0
339062,0
339063,0
339064,0
339065,23
339066,0
339067,0
339068,0
339069,0
339070,0
339071,0
339072,0
339073,0
339074,0
339075,0
339076,0
339077,0
339078,0
339079,0
339080,0
339081,0
339082,36
339083,0
339084,0
339085,0
339086,29
339087,0
339088,0
339089,0
339090,0
339091,0
339092,0
339093,0
339094,0
339095,0
339096,0
339097,0
339098,0
339099,0
339100,0
339101,0
339102,0
339103,0
339104,0
339105,0
339106,0
339107,0
339108,0
339109,0
339110,0
339111,0
339112,0
339113,0
339114,0
339115,35
339116,0
339117,0
339118,0
339119,0
339120,0
339121,0
339122,0
339123,0
339124,0
339125,0
339126,0
339127,0
339128,0
339129,0
339130,0
339131,0
339132,0
339133,0
339134,0
339135,0
339136,0
339137,0
339138,0
339139,0
339140,0
339141,0
339142,0
339143,0
339144,0
339145,0
339146,0
339147,0
339148,0
339149,0
339150,0
339151,0
339152,0
339153,0
339154,32
339155,0
339156,36
339157,0
339158,0
339159,0
339160,0
339161,0
339162,29
339163,0
339164,37
339165,0
339166,0
339167,0
339168,0
339169,0
339170,0
339171,0
339172,0
339173,0
339174,0
339175,0
339176,0
339177,0
339178,0
339179,0
339180,0
339181,0
339182,0
339183,0
339184,0
339185,0
339186,0
339187,0
339188,0
339189,0
339190,0
339191,0
339192,0
339193,0
339194,0
339195,0
339196,0
339197,0
339198,37
339199,0
339200,0
339201,0
339202,0
339203,0
339204,0
339205,0
339206,0
339207,0
339208,0
339209,0
339210,0
339211,0
339212,0
339213,0
339214,0
339215,0
339216,0
339217,0
339218,0
339219,0
339220,0
339221,0
339222,0
339223,0
339224,0
339225,0
339226,0
339227,35
339228,0
339229,0
339230,0
339231,0
339232,0
339233,0
339234,0
339235,0
339236,0
339237,0
339238,28
339239,0
339240,0
339241,0
339242,0
339243,0
339244,0
339245,31
339246,0
339247,0
339248,0
339249,28
339250,0
339251,0
339252,0
339253,0
339254,17
339255,0
339256,0
339257,0
339258,0
339259,0
339260,0
339261,0
339262,0
339263,0
339264,0
339265,0
339266,0
339267,0
339268,0
339269,0
339270,0
339271,0
339272,0
339273,0
339274,31
339275,0
339276,0
339277,0
339278,0
339279,0
339280,0
339281,0
339282,0
339283,0
339284,0
339285,0
339286,0
339287,0
339288,0
339289,0
339290,0
339291,0
339292,0
339293,0
339294,0
339295,0
339296,0
339297,0
339298,0
339299,0
339300,23
339301,0
339302,0
339303,0
339304,0
339305,0
339306,0
339307,0
339308,0
339309,0
339310,0
339311,0
339312,0
339313,0
339314,35
339315,0
339316,0
339317,0
339318,0
339319,0
339320,23
339321,0
339322,0
339323,0
339324,0
339325,0
339326,0
339327,0
339328,0
339329,0
339330,0
339331,0
339332,0
339333,0
339334,0
339335,0
339336,0
339337,0
339338,0
339339,0
339340,0
339341,0
339342,0
339343,0
339344,0
339345,0
339346,0
339347,0
339348,0
339349,0
339350,0
339351,0
339352,0
339353,0
339354,0
339355,0
339356,0
339357,0
339358,0
339359,0
339360,0
339361,0
339362,36
339363,0
339364,0
339365,0
339366,0
339367,0
339368,0
339369,0
339370,0
339371,0
339372,0
339373,0
339374,0
339375,0
339376,0
339377,24
339378,0
339379,0
339380,0
339381,0
339382,0
339383,0
339384,0
339385,0
339386,0
339387,0
339388,0
339389,0
339390,0
339391,0
339392,0
339393,0
339394,0
339395,0
339396,0
339397,0
339398,0
339399,0
339400,0
339401,0
339402,0
339403,0
339404,0
339405,0
339406,0
339407,0
339408,0
339409,0
339410,0
339411,0
339412,0
339413,0
339414,0
339415,0
339416,0
339417,0
339418,0
339419,0
339420,0
339421,0
339422,0
339423,0
339424,0
339425,0
339426,0
339427,0
339428,0
339429,0
339430,0
339431,0
339432,0
339433,0
339434,0
339435,0
339436,0
339437,0
339438,31
339439,0
339440,31
339441,0
339442,40
339443,38
339444,0
339445,0
339446,0
339447,0
339448,0
339449,0
339450,0
339451,0
339452,0
339453,0
339454,0
339455,0
339456,0
339457,0
339458,30
339459,0
339460,0
339461,0
339462,0
339463,0
339464,0
339465,0
339466,0
339467,0
339468,0
339469,0
339470,0
339471,0
339472,32
339473,0
339474,0
339475,0
339476,0
339477,0
339478,0
339479,0
339480,0
339481,0
339482,0
339483,0
339484,0
339485,0
339486,0
339487,0
339488,0
339489,0
339490,26
339491,30
339492,0
339493,0
339494,0
339495,0
339496,0
339497,0
339498,0
339499,0
339500,0
339501,0
339502,0
339503,0
339504,0
339505,0
339506,0
339507,0
339508,0
339509,0
339510,47
339511,0
339512,0
339513,40
339514,0
339515,0
339516,0
339517,0
339518,0
339519,0
339520,0
339521,0
339522,0
339523,0
339524,0
339525,0
339526,0
339527,0
339528,0
339529,0
339530,0
339531,0
339532,0
339533,0
339534,0
339535,0
339536,0
339537,0
339538,0
339539,0
339540,0
339541,0
339542,0
339543,0
339544,0
339545,0
339546,0
339547,0
339548,0
339549,0
339550,0
339551,0
339552,0
339553,0
339554,0
339555,0
339556,0
339557,0
339558,22
339559,0
339560,0
339561,0
339562,0
339563,0
339564,0
339565,0
339566,0
339567,0
339568,0
339569,0
339570,0
339571,0
339572,0
339573,0
339574,0
339575,15
339576,0
339577,0
339578,0
339579,0
339580,0
339581,0
339582,0
339583,0
339584,0
339585,0
339586,0
339587,0
339588,35
339589,0
339590,0
339591,0
339592,0
339593,0
339594,0
339595,0
339596,0
339597,0
339598,0
339599,0
339600,0
339601,0
339602,0
339603,0
339604,0
339605,0
339606,0
339607,0
339608,0
339609,0
339610,0
339611,0
339612,0
339613,0
339614,0
339615,0
339616,0
339617,31
339618,0
339619,31
339620,0
339621,0
339622,0
339623,19
339624,0
339625,0
339626,0
339627,0
339628,0
339629,0
339630,0
339631,0
339632,0
339633,27
339634,0
339635,0
339636,0
339637,0
339638,0
339639,0
339640,0
339641,0
339642,0
339643,0
339644,0
339645,0
339646,0
339647,0
339648,0
339649,0
339650,0
339651,0
339652,0
339653,0
339654,0
339655,0
339656,0
339657,26
339658,0
339659,38
339660,0
339661,0
339662,0
339663,0
339664,29
339665,0
339666,0
339667,0
339668,0
339669,0
339670,0
339671,0
339672,0
339673,0
339674,0
339675,0
339676,0
339677,0
339678,0
339679,0
339680,0
339681,39
339682,0
339683,0
339684,0
339685,0
339686,0
339687,0
339688,0
339689,0
339690,0
339691,0
339692,0
339693,0
339694,0
339695,0
339696,0
339697,0
339698,0
339699,0
339700,0
339701,0
339702,0
339703,0
339704,0
339705,0
339706,0
339707,0
339708,0
339709,0
339710,0
339711,0
339712,17
339713,0
339714,0
339715,0
339716,28
339717,34
339718,0
339719,0
339720,0
339721,0
339722,0
339723,0
339724,0
339725,0
339726,0
339727,0
339728,0
339729,0
339730,0
339731,29
339732,0
339733,18
339734,26
339735,0
339736,0
339737,0
339738,0
339739,0
339740,0
339741,0
339742,0
339743,0
339744,0
339745,0
339746,0
339747,0
339748,0
339749,16
339750,0
339751,0
339752,0
339753,0
339754,0
339755,0
339756,0
339757,57
339758,0
339759,0
339760,0
339761,0
339762,0
339763,0
339764,0
339765,0
339766,0
339767,0
339768,31
339769,0
339770,0
339771,0
339772,0
339773,30
339774,0
339775,0
339776,0
339777,0
339778,0
339779,0
339780,0
339781,0
339782,0
339783,0
339784,0
339785,0
339786,0
339787,0
339788,0
339789,0
339790,0
339791,23
339792,26
339793,0
339794,0
339795,0
339796,0
339797,0
339798,0
339799,0
339800,0
339801,0
339802,0
339803,0
339804,0
339805,0
339806,0
339807,0
339808,0
339809,0
339810,0
339811,0
339812,0
339813,27
339814,0
339815,0
339816,0
339817,0
339818,0
339819,42
339820,0
339821,0
339822,0
339823,0
339824,0
339825,0
339826,0
339827,0
339828,0
339829,0
339830,0
339831,0
339832,0
339833,0
339834,0
339835,0
339836,0
339837,0
339838,31
339839,0
339840,0
339841,0
339842,0
339843,0
339844,0
339845,0
339846,0
339847,0
339848,0
339849,0
339850,0
339851,0
339852,0
339853,0
339854,0
339855,0
339856,42
339857,0
339858,0
339859,0
339860,0
339861,0
339862,0
339863,0
339864,0
339865,0
339866,0
339867,0
339868,0
339869,0
339870,53
339871,0
339872,0
339873,0
339874,0
339875,0
339876,0
339877,0
339878,0
339879,0
339880,0
339881,0
339882,0
339883,0
339884,0
339885,0
339886,0
339887,0
339888,0
339889,0
339890,0
339891,37
339892,0
339893,0
339894,0
339895,0
339896,0
339897,44
339898,0
339899,0
339900,0
339901,0
339902,0
339903,0
339904,0
339905,0
339906,31
339907,0
339908,0
339909,0
339910,26
339911,0
339912,0
339913,0
339914,0
339915,0
339916,0
339917,0
339918,0
339919,0
339920,0
339921,0
339922,0
339923,0
339924,0
339925,0
339926,0
339927,0
339928,0
339929,0
339930,0
339931,0
339932,0
339933,0
339934,0
339935,0
339936,0
339937,0
339938,0
339939,50
339940,0
339941,53
339942,30
339943,0
339944,0
339945,42
339946,0
339947,0
339948,0
339949,0
339950,0
339951,0
339952,0
339953,0
339954,0
339955,0
339956,0
339957,0
339958,0
339959,0
339960,0
339961,0
339962,0
339963,0
339964,0
339965,0
339966,0
339967,0
339968,0
339969,0
339970,0
339971,0
339972,0
339973,40
339974,43
339975,0
339976,0
339977,0
339978,0
339979,0
339980,0
339981,0
339982,0
339983,30
339984,21
339985,0
339986,0
339987,0
339988,0
339989,0
339990,0
339991,0
339992,0
339993,0
339994,0
339995,0
339996,0
339997,0
339998,0
339999,0
340000,0
340001,42
340002,0
340003,0
340004,40
340005,0
340006,37
340007,0
340008,0
340009,0
340010,0
340011,0
340012,0
340013,0
340014,0
340015,0
340016,0
340017,35
340018,0
340019,0
340020,0
340021,35
340022,0
340023,0
340024,0
340025,0
340026,26
340027,0
340028,0
340029,0
340030,0
340031,12
340032,0
340033,0
340034,16
340035,30
340036,33
340037,0
340038,27
340039,24
340040,0
340041,0
340042,0
340043,0
340044,0
340045,0
340046,32
340047,0
340048,0
340049,0
340050,0
340051,0
340052,0
340053,0
340054,0
340055,0
340056,0
340057,0
340058,0
340059,0
340060,0
340061,30
340062,0
340063,0
340064,0
340065,0
340066,0
340067,0
340068,0
340069,0
340070,22
340071,0
340072,0
340073,0
340074,40
340075,0
340076,0
340077,0
340078,0
340079,22
340080,0
340081,0
340082,0
340083,0
340084,0
340085,43
340086,0
340087,0
340088,0
340089,0
340090,0
340091,0
340092,0
340093,0
340094,27
340095,21
340096,0
340097,0
340098,0
340099,0
340100,0
340101,31
340102,37
340103,0
340104,0
340105,0
340106,0
340107,0
340108,0
340109,0
340110,0
340111,0
340112,0
340113,0
340114,0
340115,0
340116,0
340117,0
340118,0
340119,0
340120,23
340121,0
340122,0
340123,0
340124,33
340125,0
340126,0
340127,23
340128,0
340129,0
340130,0
340131,0
340132,0
340133,0
340134,0
340135,0
340136,0
340137,0
340138,0
340139,32
340140,0
340141,0
340142,0
340143,0
340144,0
340145,0
340146,0
340147,0
340148,34
340149,0
340150,0
340151,0
340152,24
340153,0
340154,0
340155,0
340156,0
340157,0
340158,0
340159,0
340160,0
340161,0
340162,0
340163,0
340164,0
340165,0
340166,0
340167,0
340168,0
340169,0
340170,0
340171,0
340172,0
340173,0
340174,0
340175,0
340176,0
340177,0
340178,0
340179,39
340180,0
340181,0
340182,0
340183,0
340184,22
340185,0
340186,0
340187,0
340188,0
340189,0
340190,0
340191,0
340192,0
340193,0
340194,0
340195,0
340196,0
340197,0
340198,0
340199,0
340200,23
340201,0
340202,0
340203,0
340204,0
340205,0
340206,0
340207,0
340208,0
340209,0
340210,0
340211,0
340212,0
340213,0
340214,0
340215,0
340216,0
340217,0
340218,0
340219,0
340220,0
340221,0
340222,0
340223,0
340224,0
340225,0
340226,0
340227,0
340228,0
340229,0
340230,0
340231,0
340232,0
340233,0
340234,0
340235,0
340236,0
340237,0
340238,0
340239,0
340240,0
340241,0
340242,0
340243,0
340244,0
340245,0
340246,0
340247,0
340248,0
340249,37
340250,0
340251,44
340252,0
340253,27
340254,0
340255,0
340256,0
340257,0
340258,0
340259,0
340260,0
340261,0
340262,0
340263,0
340264,0
340265,0
340266,0
340267,0
340268,0
340269,0
340270,0
340271,0
340272,0
340273,0
340274,27
340275,0
340276,0
340277,0
340278,0
340279,0
340280,0
340281,0
340282,35
340283,0
340284,0
340285,0
340286,0
340287,0
340288,0
340289,0
340290,0
340291,44
340292,25
340293,27
340294,0
340295,0
340296,0
340297,0
340298,28
340299,0
340300,0
340301,38
340302,0
340303,0
340304,0
340305,0
340306,0
340307,0
340308,0
340309,48
340310,33
340311,0
340312,0
340313,0
340314,0
340315,0
340316,0
340317,0
340318,0
340319,33
340320,0
340321,0
340322,0
340323,0
340324,0
340325,0
340326,46
340327,0
340328,0
340329,0
340330,0
340331,0
340332,26
340333,0
340334,0
340335,27
340336,0
340337,45
340338,0
340339,0
340340,0
340341,0
340342,0
340343,0
340344,0
340345,0
340346,0
340347,0
340348,0
340349,0
340350,0
340351,0
340352,0
340353,0
340354,0
340355,0
340356,0
340357,0
340358,0
340359,0
340360,37
340361,0
340362,0
340363,0
340364,0
340365,0
340366,0
340367,0
340368,0
340369,0
340370,0
340371,0
340372,0
340373,0
340374,0
340375,0
340376,0
340377,0
340378,0
340379,0
340380,0
340381,0
340382,0
340383,0
340384,0
340385,0
340386,0
340387,0
340388,0
340389,0
340390,12
340391,0
340392,0
340393,30
340394,0
340395,0
340396,0
340397,0
340398,0
340399,0
340400,0
340401,0
340402,0
340403,0
340404,0
340405,0
340406,0
340407,0
340408,0
340409,0
340410,0
340411,0
340412,0
340413,0
340414,0
340415,0
340416,28
340417,0
340418,0
340419,0
340420,0
340421,0
340422,0
340423,0
340424,0
340425,0
340426,0
340427,0
340428,0
340429,37
340430,0
340431,0
340432,25
340433,0
340434,0
340435,0
340436,0
340437,0
340438,0
340439,0
340440,0
340441,0
340442,0
340443,32
340444,0
340445,0
340446,0
340447,0
340448,0
340449,0
340450,0
340451,0
340452,0
340453,0
340454,0
340455,0
340456,0
340457,0
340458,0
340459,0
340460,37
340461,37
340462,0
340463,0
340464,0
340465,0
340466,0
340467,0
340468,0
340469,0
340470,0
340471,0
340472,0
340473,0
340474,0
340475,0
340476,0
340477,0
340478,0
340479,0
340480,0
340481,0
340482,40
340483,0
340484,0
340485,0
340486,0
340487,0
340488,22
340489,0
340490,0
340491,0
340492,29
340493,0
340494,0
340495,0
340496,0
340497,0
340498,0
340499,0
340500,0
340501,0
340502,0
340503,0
340504,24
340505,0
340506,0
340507,0
340508,0
340509,0
340510,0
340511,0
340512,0
340513,0
340514,0
340515,0
340516,0
340517,0
340518,0
340519,22
340520,46
340521,38
340522,0
340523,0
340524,0
340525,0
340526,0
340527,0
340528,0
340529,0
340530,0
340531,0
340532,0
340533,0
340534,0
340535,0
340536,0
340537,0
340538,0
340539,0
340540,30
340541,0
340542,0
340543,0
340544,20
340545,0
340546,0
340547,0
340548,0
340549,0
340550,0
340551,0
340552,31
340553,0
340554,0
340555,0
340556,0
340557,0
340558,0
340559,29
340560,0
340561,0
340562,16
340563,0
340564,0
340565,0
340566,0
340567,0
340568,0
340569,0
340570,0
340571,0
340572,53
340573,0
340574,0
340575,0
340576,0
340577,0
340578,0
340579,0
340580,0
340581,0
340582,0
340583,0
340584,24
340585,16
340586,0
340587,0
340588,0
340589,0
340590,0
340591,0
340592,0
340593,0
340594,0
340595,0
340596,0
340597,37
340598,0
340599,0
340600,0
340601,0
340602,0
340603,0
340604,0
340605,0
340606,0
340607,0
340608,32
340609,0
340610,0
340611,0
340612,0
340613,0
340614,0
340615,0
340616,41
340617,45
340618,0
340619,0
340620,0
340621,0
340622,37
340623,27
340624,0
340625,0
340626,0
340627,0
340628,0
340629,0
340630,0
340631,0
340632,0
340633,0
340634,31
340635,0
340636,0
340637,0
340638,0
340639,0
340640,0
340641,0
340642,0
340643,0
340644,0
340645,0
340646,0
340647,0
340648,0
340649,0
340650,0
340651,22
340652,0
340653,0
340654,0
340655,0
340656,0
340657,0
340658,0
340659,0
340660,0
340661,0
340662,0
340663,19
340664,0
340665,0
340666,28
340667,0
340668,0
340669,0
340670,0
340671,0
340672,0
340673,0
340674,0
340675,0
340676,17
340677,0
340678,33
340679,0
340680,0
340681,0
340682,0
340683,0
340684,0
340685,0
340686,0
340687,0
340688,0
340689,0
340690,0
340691,0
340692,0
340693,0
340694,0
340695,0
340696,0
340697,0
340698,0
340699,0
340700,0
340701,0
340702,0
340703,0
340704,0
340705,0
340706,0
340707,0
340708,0
340709,0
340710,26
340711,0
340712,0
340713,0
340714,0
340715,0
340716,0
340717,0
340718,0
340719,0
340720,0
340721,0
340722,0
340723,0
340724,0
340725,0
340726,0
340727,0
340728,0
340729,0
340730,0
340731,0
340732,18
340733,0
340734,0
340735,22
340736,0
340737,0
340738,0
340739,0
340740,0
340741,0
340742,0
340743,0
340744,0
340745,0
340746,0
340747,0
340748,0
340749,0
340750,0
340751,0
340752,0
340753,0
340754,64
340755,0
340756,0
340757,0
340758,0
340759,0
340760,0
340761,0
340762,0
340763,0
340764,0
340765,0
340766,0
340767,0
340768,0
340769,41
340770,0
340771,0
340772,0
340773,0
340774,0
340775,0
340776,0
340777,0
340778,0
340779,0
340780,0
340781,0
340782,36
340783,0
340784,0
340785,49
340786,0
340787,0
340788,0
340789,0
340790,0
340791,0
340792,0
340793,0
340794,28
340795,0
340796,0
340797,0
340798,0
340799,0
340800,0
340801,0
340802,0
340803,0
340804,0
340805,0
340806,0
340807,0
340808,0
340809,0
340810,0
340811,0
340812,0
340813,42
340814,0
340815,0
340816,0
340817,0
340818,22
340819,0
340820,0
340821,0
340822,0
340823,44
340824,60
340825,0
340826,0
340827,0
340828,0
340829,0
340830,22
340831,0
340832,0
340833,0
340834,0
340835,0
340836,0
340837,46
340838,0
340839,0
340840,0
340841,0
340842,0
340843,0
340844,0
340845,0
340846,0
340847,0
340848,32
340849,0
340850,32
340851,0
340852,42
340853,0
340854,34
340855,0
340856,0
340857,0
340858,0
340859,0
340860,0
340861,46
340862,0
340863,0
340864,0
340865,0
340866,0
340867,0
340868,0
340869,0
340870,0
340871,0
340872,50
340873,0
340874,0
340875,0
340876,0
340877,0
340878,0
340879,0
340880,37
340881,0
340882,0
340883,0
340884,0
340885,0
340886,55
340887,0
340888,0
340889,0
340890,0
340891,0
340892,40
340893,0
340894,0
340895,0
340896,0
340897,0
340898,0
340899,0
340900,46
340901,0
340902,48
340903,0
340904,0
340905,0
340906,0
340907,0
340908,0
340909,0
340910,0
340911,0
340912,0
340913,0
340914,0
340915,0
340916,0
340917,29
340918,0
340919,0
340920,0
340921,0
340922,39
340923,0
340924,35
340925,0
340926,0
340927,0
340928,0
340929,0
340930,0
340931,0
340932,0
340933,0
340934,0
340935,0
340936,0
340937,0
340938,0
340939,0
340940,41
340941,0
340942,0
340943,0
340944,0
340945,0
340946,0
340947,4
340948,0
340949,6
340950,4
340951,3
340952,0
340953,0
340954,0
340955,3
340956,0
340957,0
340958,4
340959,0
340960,0
340961,0
340962,0
340963,0
340964,0
340965,0
340966,0
340967,3
340968,0
340969,0
340970,0
340971,3
340972,0
340973,0
340974,3
340975,0
340976,0
340977,0
340978,5
340979,0
340980,0
340981,0
340982,0
340983,0
340984,0
340985,0
340986,0
340987,0
340988,0
340989,0
340990,10
340991,2
340992,0
340993,0
340994,0
340995,0
340996,0
340997,9
340998,0
340999,8
341000,0
341001,0
341002,4
341003,0
341004,0
341005,0
341006,0
341007,0
341008,0
341009,10
341010,3
341011,0
341012,9
341013,0
341014,0
341015,4
341016,0
341017,0
341018,0
341019,0
341020,0
341021,0
341022,0
341023,0
341024,0
341025,0
341026,4
341027,0
341028,0
341029,0
341030,0
341031,0
341032,0
341033,0
341034,3
341035,0
341036,0
341037,0
341038,0
341039,0
341040,0
341041,5
341042,0
341043,7
341044,0
341045,0
341046,0
341047,0
341048,0
341049,0
341050,0
341051,0
341052,0
341053,0
341054,5
341055,0
341056,0
341057,0
341058,0
341059,4
341060,0
341061,0
341062,0
341063,0
341064,0
341065,0
341066,0
341067,0
341068,8
341069,5
341070,0
341071,0
341072,0
341073,4
341074,0
341075,4
341076,0
341077,6
341078,0
341079,0
341080,8
341081,0
341082,0
341083,7
341084,5
341085,0
341086,0
341087,6
341088,4
341089,0
341090,0
341091,0
341092,0
341093,0
341094,0
341095,0
341096,0
341097,0
341098,39
341099,0
341100,0
341101,0
341102,40
341103,0
341104,13
341105,0
341106,0
341107,0
341108,0
341109,24
341110,30
341111,0
341112,0
341113,23
341114,21
341115,0
341116,0
341117,0
341118,44
341119,0
341120,0
341121,0
341122,28
341123,0
341124,34
341125,26
341126,22
341127,0
341128,0
341129,0
341130,35
341131,0
341132,0
341133,33
341134,0
341135,0
341136,0
341137,0
341138,0
341139,0
341140,0
341141,0
341142,0
341143,0
341144,0
341145,0
341146,0
341147,28
341148,0
341149,0
341150,21
341151,0
341152,34
341153,0
341154,0
341155,0
341156,31
341157,0
341158,0
341159,0
341160,0
341161,28
341162,0
341163,0
341164,0
341165,34
341166,0
341167,0
341168,0
341169,0
341170,0
341171,0
341172,26
341173,29
341174,28
341175,0
341176,0
341177,0
341178,0
341179,29
341180,0
341181,0
341182,0
341183,0
341184,0
341185,0
341186,0
341187,0
341188,0
341189,0
341190,0
341191,0
341192,0
341193,0
341194,0
341195,17
341196,0
341197,38
341198,0
341199,27
341200,0
341201,0
341202,0
341203,31
341204,28
341205,0
341206,26
341207,0
341208,0
341209,0
341210,0
341211,0
341212,46
341213,0
341214,28
341215,0
341216,0
341217,0
341218,25
341219,16
341220,0
341221,0
341222,0
341223,26
341224,42
341225,0
341226,0
341227,0
341228,0
341229,17
341230,0
341231,0
341232,0
341233,0
341234,32
341235,0
341236,0
341237,0
341238,0
341239,0
341240,34
341241,0
341242,0
341243,0
341244,0
341245,29
341246,0
341247,0
341248,0
341249,38
341250,0
341251,0
341252,18
341253,0
341254,0
341255,0
341256,0
341257,0
341258,0
341259,0
341260,0
341261,0
341262,0
341263,0
341264,27
341265,0
341266,0
341267,0
341268,0
341269,0
341270,35
341271,0
341272,0
341273,0
341274,0
341275,0
341276,0
341277,48
341278,52
341279,25
341280,32
341281,18
341282,0
341283,0
341284,0
341285,0
341286,0
341287,0
341288,0
341289,33
341290,0
341291,0
341292,21
341293,37
341294,25
341295,0
341296,0
341297,0
341298,0
341299,0
341300,0
341301,0
341302,0
341303,30
341304,0
341305,26
341306,0
341307,0
341308,0
341309,0
341310,0
341311,0
341312,0
341313,0
341314,33
341315,0
341316,0
341317,24
341318,0
341319,31
341320,30
341321,0
341322,0
341323,0
341324,25
341325,0
341326,0
341327,0
341328,0
341329,0
341330,0
341331,0
341332,0
341333,0
341334,0
341335,36
341336,32
341337,0
341338,0
341339,0
341340,0
341341,0
341342,0
341343,39
341344,14
341345,0
341346,0
341347,0
341348,0
341349,0
341350,33
341351,0
341352,0
341353,0
341354,0
341355,21
341356,0
341357,0
341358,43
341359,19
341360,0
341361,0
341362,0
341363,0
341364,0
341365,0
341366,0
341367,0
341368,0
341369,0
341370,29
341371,0
341372,0
341373,0
341374,0
341375,0
341376,15
341377,0
341378,36
341379,0
341380,0
341381,30
341382,18
341383,0
341384,27
341385,0
341386,0
341387,29
341388,0
341389,0
341390,0
341391,0
341392,0
341393,0
341394,0
341395,29
341396,0
341397,0
341398,0
341399,0
341400,0
341401,0
341402,0
341403,0
341404,20
341405,0
341406,0
341407,30
341408,25
341409,31
341410,0
341411,0
341412,0
341413,0
341414,28
341415,23
341416,0
341417,0
341418,33
341419,0
341420,0
341421,0
341422,0
341423,0
341424,0
341425,0
341426,0
341427,28
341428,0
341429,0
341430,0
341431,31
341432,38
341433,18
341434,0
341435,0
341436,0
341437,0
341438,0
341439,0
341440,0
341441,0
341442,0
341443,25
341444,0
341445,0
341446,30
341447,0
341448,0
341449,0
341450,0
341451,0
341452,0
341453,0
341454,0
341455,0
341456,0
341457,0
341458,0
341459,31
341460,0
341461,23
341462,36
341463,30
341464,0
341465,39
341466,42
341467,0
341468,0
341469,0
341470,0
341471,0
341472,0
341473,0
341474,0
341475,0
341476,0
341477,33
341478,23
341479,0
341480,0
341481,0
341482,0
341483,0
341484,0
341485,0
341486,0
341487,0
341488,0
341489,0
341490,0
341491,0
341492,35
341493,22
341494,0
341495,0
341496,0
341497,0
341498,39
341499,25
341500,0
341501,0
341502,30
341503,0
341504,0
341505,34
341506,0
341507,0
341508,25
341509,0
341510,0
341511,33
341512,0
341513,0
341514,0
341515,26
341516,0
341517,0
341518,28
341519,40
341520,26
341521,0
341522,0
341523,0
341524,46
341525,0
341526,0
341527,38
341528,16
341529,0
341530,0
341531,29
341532,0
341533,0
341534,26
341535,22
341536,0
341537,0
341538,0
341539,0
341540,0
341541,29
341542,23
341543,0
341544,0
341545,32
341546,0
341547,25
341548,0
341549,0
341550,0
341551,0
341552,0
341553,0
341554,0
341555,0
341556,0
341557,0
341558,27
341559,0
341560,0
341561,0
341562,0
341563,0
341564,25
341565,23
341566,0
341567,0
341568,39
341569,28
341570,0
341571,0
341572,0
341573,0
341574,0
341575,0
341576,0
341577,0
341578,0
341579,0
341580,0
341581,0
341582,0
341583,0
341584,0
341585,0
341586,0
341587,0
341588,0
341589,0
341590,32
341591,0
341592,18
341593,0
341594,0
341595,0
341596,31
341597,0
341598,0
341599,0
341600,0
341601,0
341602,51
341603,0
341604,0
341605,0
341606,0
341607,0
341608,0
341609,0
341610,0
341611,0
341612,28
341613,0
341614,0
341615,0
341616,0
341617,0
341618,0
341619,0
341620,0
341621,0
341622,0
341623,0
341624,40
341625,0
341626,0
341627,0
341628,0
341629,26
341630,0
341631,0
341632,0
341633,0
341634,0
341635,0
341636,0
341637,31
341638,0
341639,25
341640,32
341641,30
341642,0
341643,0
341644,0
341645,0
341646,0
341647,0
341648,0
341649,30
341650,22
341651,0
341652,33
341653,0
341654,0
341655,0
341656,0
341657,30
341658,0
341659,0
341660,0
341661,0
341662,0
341663,0
341664,27
341665,0
341666,0
341667,0
341668,36
341669,0
341670,0
341671,0
341672,0
341673,0
341674,0
341675,0
341676,27
341677,0
341678,0
341679,0
341680,0
341681,0
341682,0
341683,0
341684,0
341685,0
341686,22
341687,0
341688,0
341689,0
341690,19
341691,0
341692,0
341693,0
341694,0
341695,0
341696,0
341697,29
341698,28
341699,20
341700,29
341701,0
341702,0
341703,0
341704,0
341705,0
341706,31
341707,0
341708,0
341709,0
341710,0
341711,0
341712,0
341713,0
341714,0
341715,0
341716,0
341717,0
341718,17
341719,0
341720,0
341721,0
341722,0
341723,14
341724,0
341725,0
341726,16
341727,0
341728,14
341729,0
341730,0
341731,0
341732,0
341733,8
341734,9
341735,0
341736,0
341737,0
341738,0
341739,15
341740,13
341741,0
341742,0
341743,0
341744,14
341745,0
341746,0
341747,0
341748,0
341749,15
341750,0
341751,0
341752,0
341753,0
341754,0
341755,0
341756,10
341757,0
341758,0
341759,0
341760,0
341761,0
341762,0
341763,0
341764,0
341765,0
341766,0
341767,0
341768,0
341769,0
341770,9
341771,0
341772,0
341773,0
341774,0
341775,11
341776,0
341777,0
341778,0
341779,0
341780,16
341781,0
341782,0
341783,0
341784,11
341785,0
341786,8
341787,0
341788,17
341789,0
341790,10
341791,9
341792,0
341793,15
341794,12
341795,0
341796,10
341797,0
341798,0
341799,8
341800,0
341801,8
341802,0
341803,10
341804,0
341805,0
341806,0
341807,17
341808,0
341809,12
341810,12
341811,10
341812,0
341813,12
341814,0
341815,0
341816,0
341817,11
341818,0
341819,8
341820,0
341821,0
341822,0
341823,0
341824,0
341825,0
341826,12
341827,0
341828,17
341829,0
341830,0
341831,0
341832,0
341833,6
341834,0
341835,0
341836,0
341837,0
341838,0
341839,16
341840,6
341841,0
341842,0
341843,0
341844,0
341845,0
341846,0
341847,0
341848,0
341849,16
341850,0
341851,0
341852,13
341853,0
341854,0
341855,0
341856,0
341857,0
341858,0
341859,0
341860,13
341861,11
341862,0
341863,0
341864,0
341865,0
341866,0
341867,0
341868,0
341869,12
341870,0
341871,0
341872,15
341873,7
341874,0
341875,0
341876,20
341877,0
341878,0
341879,13
341880,8
341881,17
341882,0
341883,0
341884,0
341885,0
341886,0
341887,0
341888,0
341889,0
341890,0
341891,14
341892,0
341893,0
341894,0
341895,0
341896,0
341897,0
341898,0
341899,0
341900,0
341901,0
341902,0
341903,0
341904,9
341905,20
341906,4
341907,0
341908,0
341909,0
341910,0
341911,0
341912,0
341913,0
341914,0
341915,0
341916,0
341917,8
341918,0
341919,9
341920,0
341921,0
341922,11
341923,11
341924,0
341925,0
341926,0
341927,0
341928,0
341929,13
341930,0
341931,14
341932,13
341933,0
341934,0
341935,12
341936,7
341937,0
341938,0
341939,15
341940,0
341941,12
341942,0
341943,21
341944,0
341945,0
341946,0
341947,0
341948,15
341949,11
341950,0
341951,7
341952,0
341953,0
341954,0
341955,15
341956,0
341957,11
341958,0
341959,0
341960,0
341961,0
341962,0
341963,0
341964,4
341965,0
341966,0
341967,0
341968,0
341969,0
341970,0
341971,0
341972,0
341973,0
341974,12
341975,9
341976,0
341977,0
341978,0
341979,0
341980,0
341981,0
341982,0
341983,0
341984,0
341985,0
341986,0
341987,0
341988,0
341989,0
341990,0
341991,0
341992,0
341993,9
341994,19
341995,0
341996,0
341997,0
341998,0
341999,18
342000,11
342001,0
342002,0
342003,0
342004,0
342005,8
342006,0
342007,0
342008,0
342009,0
342010,0
342011,15
342012,0
342013,0
342014,0
342015,16
342016,0
342017,18
342018,0
342019,0
342020,11
342021,0
342022,11
342023,0
342024,0
342025,0
342026,0
342027,0
342028,0
342029,8
342030,0
342031,0
342032,0
342033,0
342034,10
342035,0
342036,0
342037,18
342038,0
342039,10
342040,0
342041,0
342042,10
342043,0
342044,0
342045,0
342046,7
342047,0
342048,0
342049,0
342050,0
342051,0
342052,8
342053,0
342054,14
342055,21
342056,13
342057,12
342058,0
342059,0
342060,0
342061,0
342062,0
342063,0
342064,0
342065,0
342066,0
342067,0
342068,0
342069,0
342070,0
342071,0
342072,0
342073,9
342074,0
342075,0
342076,0
342077,15
342078,0
342079,0
342080,0
342081,0
342082,0
342083,16
342084,0
342085,0
342086,0
342087,0
342088,0
342089,0
342090,0
342091,0
342092,0
342093,0
342094,0
342095,17
342096,0
342097,17
342098,0
342099,0
342100,0
342101,15
342102,0
342103,20
342104,0
342105,0
342106,0
342107,0
342108,0
342109,0
342110,0
342111,7
342112,0
342113,0
342114,0
342115,0
342116,10
342117,0
342118,0
342119,11
342120,0
342121,0
342122,13
342123,0
342124,0
342125,0
342126,0
342127,0
342128,0
342129,0
342130,0
342131,12
342132,0
342133,0
342134,0
342135,15
342136,0
342137,0
342138,0
342139,0
342140,0
342141,14
342142,0
342143,0
342144,0
342145,0
342146,0
342147,10
342148,0
342149,12
342150,0
342151,0
342152,0
342153,7
342154,13
342155,10
342156,9
342157,0
342158,0
342159,0
342160,0
342161,11
342162,11
342163,0
342164,11
342165,6
342166,5
342167,0
342168,11
342169,12
342170,0
342171,7
342172,0
342173,0
342174,0
342175,13
342176,0
342177,0
342178,9
342179,11
342180,0
342181,10
342182,0
342183,0
342184,0
342185,0
342186,0
342187,0
342188,13
342189,0
342190,11
342191,0
342192,11
342193,0
342194,0
342195,17
342196,0
342197,10
342198,0
342199,0
342200,4
342201,6
342202,0
342203,0
342204,0
342205,0
342206,0
342207,0
342208,0
342209,0
342210,15
342211,5
342212,0
342213,0
342214,0
342215,18
342216,20
342217,14
342218,0
342219,0
342220,17
342221,0
342222,7
342223,0
342224,0
342225,0
342226,11
342227,0
342228,0
342229,11
342230,0
342231,0
342232,0
342233,9
342234,0
342235,0
342236,0
342237,12
342238,7
342239,12
342240,13
342241,0
342242,0
342243,0
342244,0
342245,9
342246,17
342247,0
342248,14
342249,0
342250,0
342251,13
342252,21
342253,0
342254,0
342255,0
342256,0
342257,0
342258,0
342259,19
342260,11
342261,0
342262,13
342263,0
342264,12
342265,12
342266,14
342267,8
342268,6
342269,11
342270,10
342271,0
342272,0
342273,8
342274,0
342275,0
342276,0
342277,17
342278,0
342279,0
342280,0
342281,0
342282,14
342283,0
342284,0
342285,14
342286,0
342287,9
342288,0
342289,9
342290,0
342291,0
342292,0
342293,0
342294,0
342295,0
342296,13
342297,11
342298,0
342299,0
342300,10
342301,0
342302,11
342303,0
342304,0
342305,16
342306,0
342307,0
342308,0
342309,0
342310,0
342311,0
342312,0
342313,0
342314,0
342315,0
342316,0
342317,10
342318,10
342319,13
342320,0
342321,0
342322,0
342323,0
342324,14
342325,0
342326,0
342327,0
342328,0
342329,0
342330,18
342331,0
342332,0
342333,0
342334,0
342335,0
342336,0
342337,0
342338,0
342339,4
342340,0
342341,18
342342,12
342343,7
342344,0
342345,0
342346,14
342347,0
342348,0
342349,0
342350,13
342351,0
342352,0
342353,0
342354,0
342355,0
342356,0
342357,0
342358,13
342359,12
342360,11
342361,0
342362,0
342363,0
342364,0
342365,13
342366,9
342367,11
342368,12
342369,0
342370,0
342371,18
342372,0
342373,0
342374,0
342375,0
342376,9
342377,18
342378,0
342379,0
342380,0
342381,0
342382,0
342383,0
342384,0
342385,0
342386,8
342387,0
342388,0
342389,13
342390,11
342391,16
342392,0
342393,0
342394,0
342395,0
342396,0
342397,13
342398,0
342399,0
342400,0
342401,0
342402,0
342403,0
342404,0
342405,0
342406,0
342407,9
342408,9
342409,15
342410,15
342411,0
342412,0
342413,0
342414,0
342415,0
342416,0
342417,35
342418,0
342419,30
342420,0
342421,0
342422,0
342423,0
342424,0
342425,0
342426,0
342427,0
342428,0
342429,0
342430,0
342431,0
342432,0
342433,26
342434,0
342435,40
342436,0
342437,20
342438,26
342439,0
342440,35
342441,0
342442,0
342443,26
342444,0
342445,0
342446,0
342447,26
342448,0
342449,0
342450,0
342451,0
342452,0
342453,24
342454,23
342455,0
342456,0
342457,0
342458,0
342459,0
342460,0
342461,0
342462,0
342463,0
342464,0
342465,28
342466,0
342467,0
342468,22
342469,0
342470,20
342471,0
342472,0
342473,0
342474,0
342475,13
342476,0
342477,0
342478,0
342479,0
342480,28
342481,34
342482,23
342483,0
342484,0
342485,0
342486,21
342487,0
342488,0
342489,0
342490,0
342491,0
342492,0
342493,24
342494,0
342495,36
342496,0
342497,16
342498,12
342499,0
342500,0
342501,0
342502,0
342503,0
342504,0
342505,0
342506,29
342507,0
342508,20
342509,0
342510,0
342511,0
342512,0
342513,0
342514,0
342515,0
342516,0
342517,0
342518,35
342519,0
342520,24
342521,0
342522,0
342523,0
342524,0
342525,0
342526,0
342527,24
342528,0
342529,0
342530,0
342531,18
342532,26
342533,0
342534,0
342535,0
342536,0
342537,0
342538,0
342539,0
342540,0
342541,0
342542,0
342543,0
342544,0
342545,0
342546,0
342547,22
342548,0
342549,0
342550,0
342551,12
342552,14
342553,17
342554,0
342555,20
342556,0
342557,18
342558,0
342559,0
342560,0
342561,0
342562,18
342563,0
342564,0
342565,0
342566,22
342567,0
342568,0
342569,0
342570,0
342571,0
342572,0
342573,0
342574,0
342575,0
342576,0
342577,25
342578,25
342579,15
342580,0
342581,0
342582,0
342583,0
342584,39
342585,0
342586,0
342587,0
342588,24
342589,19
342590,0
342591,13
342592,23
342593,0
342594,0
342595,0
342596,0
342597,20
342598,12
342599,0
342600,0
342601,0
342602,0
342603,39
342604,0
342605,27
342606,0
342607,0
342608,0
342609,0
342610,0
342611,14
342612,0
342613,0
342614,0
342615,0
342616,0
342617,0
342618,0
342619,0
342620,0
342621,0
342622,0
342623,0
342624,29
342625,17
342626,0
342627,0
342628,0
342629,0
342630,0
342631,0
342632,0
342633,0
342634,20
342635,0
342636,23
342637,0
342638,0
342639,0
342640,15
342641,0
342642,0
342643,0
342644,0
342645,0
342646,0
342647,0
342648,0
342649,0
342650,0
342651,0
342652,0
342653,0
342654,0
342655,0
342656,20
342657,31
342658,11
342659,0
342660,0
342661,0
342662,0
342663,17
342664,0
342665,0
342666,12
342667,0
342668,21
342669,0
342670,0
342671,28
342672,21
342673,0
342674,0
342675,0
342676,0
342677,0
342678,0
342679,14
342680,0
342681,0
342682,0
342683,25
342684,24
342685,0
342686,0
342687,0
342688,0
342689,0
342690,0
342691,0
342692,16
342693,0
342694,0
342695,0
342696,0
342697,28
342698,0
342699,0
342700,0
342701,0
342702,0
342703,0
342704,0
342705,0
342706,14
342707,0
342708,0
342709,26
342710,0
342711,0
342712,0
342713,0
342714,0
342715,0
342716,0
342717,0
342718,0
342719,0
342720,0
342721,29
342722,0
342723,0
342724,0
342725,0
342726,0
342727,0
342728,22
342729,0
342730,0
342731,0
342732,0
342733,0
342734,0
342735,0
342736,0
342737,0
342738,0
342739,0
342740,0
342741,29
342742,0
342743,0
342744,20
342745,0
342746,19
342747,0
342748,0
342749,0
342750,0
342751,0
342752,0
342753,0
342754,0
342755,0
342756,0
342757,0
342758,0
342759,0
342760,30
342761,33
342762,0
342763,0
342764,18
342765,0
342766,0
342767,28
342768,0
342769,0
342770,0
342771,15
342772,13
342773,0
342774,0
342775,0
342776,0
342777,0
342778,27
342779,0
342780,15
342781,0
342782,0
342783,0
342784,40
342785,0
342786,0
342787,0
342788,0
342789,0
342790,0
342791,0
342792,0
342793,0
342794,0
342795,0
342796,30
342797,0
342798,0
342799,24
342800,0
342801,0
342802,0
342803,19
342804,36
342805,0
342806,0
342807,0
342808,0
342809,15
342810,35
342811,0
342812,0
342813,0
342814,0
342815,0
342816,19
342817,0
342818,22
342819,0
342820,31
342821,0
342822,39
342823,0
342824,0
342825,0
342826,0
342827,21
342828,0
342829,26
342830,0
342831,0
342832,0
342833,13
342834,0
342835,0
342836,0
342837,0
342838,19
342839,0
342840,25
342841,0
342842,0
342843,0
342844,30
342845,0
342846,25
342847,0
342848,0
342849,23
342850,0
342851,0
342852,0
342853,31
342854,0
342855,0
342856,0
342857,0
342858,0
342859,0
342860,0
342861,0
342862,0
342863,0
342864,0
342865,0
342866,0
342867,28
342868,0
342869,0
342870,0
342871,0
342872,0
342873,0
342874,17
342875,0
342876,0
342877,0
342878,0
342879,0
342880,0
342881,0
342882,0
342883,33
342884,0
342885,0
342886,25
342887,0
342888,15
342889,0
342890,0
342891,22
342892,0
342893,0
342894,16
342895,0
342896,0
342897,0
342898,30
342899,20
342900,0
342901,0
342902,34
342903,20
342904,33
342905,24
342906,0
342907,0
342908,0
342909,0
342910,0
342911,0
342912,0
342913,0
342914,0
342915,0
342916,0
342917,0
342918,0
342919,0
342920,0
342921,0
342922,0
342923,0
342924,37
342925,0
342926,0
342927,0
342928,20
342929,0
342930,0
342931,0
342932,0
342933,0
342934,0
342935,0
342936,26
342937,0
342938,0
342939,0
342940,0
342941,0
342942,0
342943,0
342944,0
342945,0
342946,18
342947,0
342948,0
342949,22
342950,33
342951,0
342952,0
342953,21
342954,0
342955,0
342956,0
342957,0
342958,0
342959,0
342960,0
342961,0
342962,0
342963,0
342964,0
342965,0
342966,0
342967,0
342968,0
342969,21
342970,38
342971,0
342972,13
342973,17
342974,0
342975,32
342976,0
342977,0
342978,31
342979,0
342980,0
342981,25
342982,0
342983,0
342984,21
342985,26
342986,0
342987,0
342988,0
342989,0
342990,16
342991,23
342992,20
342993,0
342994,0
342995,0
342996,0
342997,21
342998,18
342999,0
343000,0
343001,0
343002,0
343003,0
343004,22
343005,0
343006,26
343007,0
343008,0
343009,0
343010,0
343011,33
343012,0
343013,0
343014,0
343015,0
343016,0
343017,20
343018,0
343019,0
343020,0
343021,0
343022,17
343023,0
343024,14
343025,0
343026,0
343027,0
343028,0
343029,0
343030,0
343031,21
343032,21
343033,0
343034,0
343035,0
343036,0
343037,23
343038,0
343039,16
343040,0
343041,0
343042,21
343043,24
343044,0
343045,0
343046,0
343047,0
343048,20
343049,0
343050,0
343051,22
343052,30
343053,0
343054,0
343055,0
343056,16
343057,0
343058,27
343059,27
343060,0
343061,0
343062,0
343063,16
343064,20
343065,41
343066,0
343067,0
343068,0
343069,22
343070,0
343071,0
343072,0
343073,0
343074,0
343075,25
343076,17
343077,0
343078,0
343079,0
343080,0
343081,0
343082,0
343083,0
343084,0
343085,24
343086,0
343087,0
343088,0
343089,0
343090,0
343091,0
343092,0
343093,24
343094,41
343095,0
343096,0
343097,0
343098,0
343099,0
343100,0
343101,16
343102,0
343103,0
343104,0
343105,0
343106,0
343107,0
343108,0
343109,0
343110,0
343111,0
343112,0
343113,0
343114,0
343115,0
343116,25
343117,16
343118,0
343119,0
343120,0
343121,0
343122,0
343123,0
343124,0
343125,0
343126,0
343127,0
343128,0
343129,22
343130,0
343131,0
343132,12
343133,30
343134,0
343135,0
343136,35
343137,0
343138,0
343139,0
343140,0
343141,0
343142,0
343143,0
343144,0
343145,0
343146,0
343147,18
343148,0
343149,0
343150,27
343151,0
343152,0
343153,22
343154,19
343155,0
343156,28
343157,0
343158,0
343159,0
343160,16
343161,27
343162,30
343163,0
343164,0
343165,0
343166,0
343167,17
343168,0
343169,0
343170,16
343171,0
343172,0
343173,0
343174,0
343175,0
343176,27
343177,0
343178,15
343179,0
343180,33
343181,0
343182,0
343183,0
343184,13
343185,0
343186,0
343187,0
343188,23
343189,33
343190,40
343191,0
343192,0
343193,0
343194,0
343195,0
343196,0
343197,0
343198,0
343199,0
343200,0
343201,0
343202,0
343203,17
343204,0
343205,0
343206,0
343207,0
343208,0
343209,0
343210,0
343211,0
343212,0
343213,0
343214,0
343215,0
343216,0
343217,21
343218,0
343219,0
343220,0
343221,0
343222,0
343223,0
343224,10
343225,0
343226,0
343227,0
343228,0
343229,0
343230,0
343231,19
343232,0
343233,0
343234,0
343235,0
343236,0
343237,0
343238,0
343239,0
343240,0
343241,0
343242,0
343243,0
343244,0
343245,0
343246,0
343247,0
343248,0
343249,0
343250,0
343251,0
343252,0
343253,0
343254,18
343255,0
343256,0
343257,0
343258,0
343259,0
343260,0
343261,0
343262,0
343263,0
343264,19
343265,0
343266,17
343267,0
343268,0
343269,0
343270,0
343271,0
343272,0
343273,0
343274,0
343275,0
343276,0
343277,0
343278,0
343279,0
343280,15
343281,0
343282,0
343283,16
343284,12
343285,0
343286,0
343287,0
343288,0
343289,0
343290,0
343291,0
343292,0
343293,0
343294,0
343295,0
343296,0
343297,20
343298,0
343299,0
343300,20
343301,0
343302,22
343303,0
343304,0
343305,0
343306,0
343307,0
343308,0
343309,0
343310,29
343311,0
343312,0
343313,0
343314,0
343315,0
343316,0
343317,0
343318,16
343319,0
343320,0
343321,22
343322,0
343323,0
343324,0
343325,0
343326,0
343327,0
343328,0
343329,0
343330,0
343331,0
343332,0
343333,0
343334,0
343335,0
343336,0
343337,0
343338,26
343339,0
343340,0
343341,0
343342,0
343343,13
343344,0
343345,0
343346,19
343347,0
343348,16
343349,0
343350,0
343351,0
343352,0
343353,0
343354,0
343355,0
343356,0
343357,0
343358,17
343359,0
343360,0
343361,0
343362,0
343363,0
343364,0
343365,0
343366,0
343367,21
343368,15
343369,0
343370,0
343371,0
343372,0
343373,27
343374,0
343375,0
343376,0
343377,0
343378,0
343379,0
343380,23
343381,21
343382,0
343383,0
343384,0
343385,0
343386,0
343387,0
343388,0
343389,0
343390,0
343391,0
343392,0
343393,0
343394,0
343395,0
343396,0
343397,0
343398,0
343399,17
343400,32
343401,0
343402,18
343403,0
343404,20
343405,24
343406,0
343407,13
343408,0
343409,0
343410,0
343411,0
343412,0
343413,0
343414,22
343415,0
343416,0
343417,0
343418,12
343419,0
343420,0
343421,0
343422,16
343423,21
343424,0
343425,0
343426,0
343427,0
343428,0
343429,0
343430,0
343431,0
343432,0
343433,0
343434,0
343435,0
343436,25
343437,25
343438,0
343439,0
343440,0
343441,22
343442,25
343443,0
343444,0
343445,0
343446,0
343447,0
343448,0
343449,0
343450,0
343451,0
343452,0
343453,0
343454,0
343455,0
343456,0
343457,0
343458,0
343459,0
343460,0
343461,0
343462,0
343463,0
343464,0
343465,0
343466,0
343467,0
343468,0
343469,0
343470,0
343471,0
343472,15
343473,0
343474,0
343475,0
343476,0
343477,0
343478,0
343479,0
343480,0
343481,21
343482,0
343483,14
343484,0
343485,0
343486,0
343487,13
343488,18
343489,0
343490,0
343491,0
343492,0
343493,0
343494,0
343495,0
343496,0
343497,0
343498,0
343499,17
343500,26
343501,0
343502,25
343503,0
343504,0
343505,17
343506,0
343507,26
343508,0
343509,0
343510,0
343511,0
343512,0
343513,0
343514,16
343515,0
343516,0
343517,0
343518,0
343519,0
343520,0
343521,0
343522,0
343523,0
343524,0
343525,14
343526,0
343527,0
343528,0
343529,0
343530,0
343531,0
343532,22
343533,10
343534,0
343535,0
343536,0
343537,0
343538,0
343539,23
343540,0
343541,14
343542,0
343543,0
343544,0
343545,0
343546,0
343547,0
343548,0
343549,0
343550,0
343551,0
343552,0
343553,0
343554,0
343555,13
343556,0
343557,0
343558,0
343559,0
343560,0
343561,0
343562,0
343563,0
343564,0
343565,0
343566,17
343567,0
343568,23
343569,0
343570,0
343571,0
343572,0
343573,0
343574,0
343575,0
343576,0
343577,0
343578,0
343579,0
343580,0
343581,0
343582,0
343583,0
343584,31
343585,0
343586,0
343587,0
343588,0
343589,0
343590,0
343591,0
343592,21
343593,0
343594,0
343595,0
343596,0
343597,0
343598,0
343599,0
343600,0
343601,0
343602,0
343603,23
343604,0
343605,0
343606,0
343607,0
343608,0
343609,0
343610,0
343611,22
343612,0
343613,18
343614,0
343615,0
343616,23
343617,0
343618,0
343619,0
343620,0
343621,0
343622,0
343623,0
343624,0
343625,0
343626,0
343627,0
343628,0
343629,13
343630,0
343631,0
343632,0
343633,0
343634,0
343635,0
343636,0
343637,0
343638,0
343639,0
343640,0
343641,0
343642,0
343643,14
343644,23
343645,0
343646,0
343647,0
343648,0
343649,20
343650,0
343651,0
343652,0
343653,0
343654,0
343655,17
343656,17
343657,0
343658,0
343659,0
343660,0
343661,0
343662,0
343663,0
343664,0
343665,0
343666,0
343667,0
343668,0
343669,0
343670,0
343671,0
343672,0
343673,0
343674,0
343675,0
343676,0
343677,0
343678,0
343679,0
343680,0
343681,0
343682,0
343683,0
343684,0
343685,30
343686,13
343687,0
343688,0
343689,0
343690,0
343691,0
343692,0
343693,0
343694,0
343695,0
343696,27
343697,0
343698,0
343699,23
343700,0
343701,0
343702,0
343703,14
343704,0
343705,0
343706,0
343707,0
343708,0
343709,24
343710,0
343711,0
343712,0
343713,0
343714,0
343715,0
343716,29
343717,0
343718,0
343719,0
343720,0
343721,0
343722,0
343723,0
343724,24
343725,0
343726,0
343727,0
343728,0
343729,0
343730,0
343731,0
343732,0
343733,0
343734,0
343735,0
343736,0
343737,0
343738,0
343739,0
343740,23
343741,0
343742,0
343743,17
343744,0
343745,0
343746,21
343747,0
343748,0
343749,0
343750,0
343751,0
343752,0
343753,0
343754,0
343755,0
343756,0
343757,0
343758,0
343759,0
343760,0
343761,0
343762,0
343763,0
343764,0
343765,0
343766,0
343767,0
343768,0
343769,0
343770,0
343771,0
343772,0
343773,0
343774,0
343775,0
343776,0
343777,0
343778,15
343779,0
343780,0
343781,0
343782,0
343783,0
343784,0
343785,0
343786,0
343787,0
343788,0
343789,0
343790,0
343791,0
343792,0
343793,0
343794,0
343795,0
343796,18
343797,0
343798,0
343799,0
343800,0
343801,0
343802,0
343803,0
343804,0
343805,0
343806,0
343807,0
343808,0
343809,0
343810,0
343811,0
343812,0
343813,0
343814,0
343815,31
343816,0
343817,0
343818,19
343819,16
343820,0
343821,0
343822,0
343823,0
343824,0
343825,0
343826,0
343827,0
343828,10
343829,26
343830,14
343831,0
343832,24
343833,0
343834,0
343835,0
343836,0
343837,0
343838,0
343839,0
343840,0
343841,0
343842,0
343843,0
343844,0
343845,21
343846,0
343847,0
343848,18
343849,0
343850,0
343851,0
343852,0
343853,0
343854,0
343855,0
343856,0
343857,0
343858,0
343859,13
343860,0
343861,19
343862,0
343863,0
343864,24
343865,0
343866,0
343867,0
343868,0
343869,0
343870,0
343871,0
343872,0
343873,0
343874,0
343875,0
343876,32
343877,0
343878,21
343879,0
343880,0
343881,0
343882,28
343883,0
343884,0
343885,0
343886,0
343887,0
343888,0
343889,27
343890,0
343891,0
343892,0
343893,0
343894,0
343895,0
343896,0
343897,0
343898,0
343899,0
343900,0
343901,0
343902,0
343903,0
343904,0
343905,0
343906,0
343907,0
343908,19
343909,0
343910,0
343911,0
343912,0
343913,0
343914,0
343915,0
343916,0
343917,0
343918,0
343919,0
343920,33
343921,0
343922,0
343923,0
343924,0
343925,0
343926,36
343927,42
343928,0
343929,0
343930,0
343931,0
343932,0
343933,0
343934,0
343935,0
343936,0
343937,0
343938,0
343939,38
343940,0
343941,0
343942,0
343943,0
343944,23
343945,0
343946,0
343947,0
343948,25
343949,0
343950,0
343951,0
343952,34
343953,0
343954,0
343955,0
343956,0
343957,0
343958,0
343959,0
343960,0
343961,0
343962,0
343963,0
343964,0
343965,0
343966,0
343967,28
343968,47
343969,0
343970,35
343971,0
343972,39
343973,0
343974,0
343975,0
343976,0
343977,0
343978,0
343979,0
343980,0
343981,0
343982,0
343983,0
343984,0
343985,0
343986,0
343987,0
343988,0
343989,0
343990,0
343991,0
343992,0
343993,0
343994,0
343995,0
343996,0
343997,0
343998,0
343999,65
344000,0
344001,0
344002,0
344003,0
344004,53
344005,0
344006,0
344007,47
344008,0
344009,43
344010,0
344011,0
344012,0
344013,47
344014,0
344015,0
344016,0
344017,49
344018,0
344019,0
344020,0
344021,0
344022,0
344023,38
344024,0
344025,0
344026,0
344027,0
344028,0
344029,0
344030,48
344031,0
344032,0
344033,0
344034,0
344035,0
344036,0
344037,0
344038,0
344039,0
344040,24
344041,0
344042,0
344043,0
344044,0
344045,30
344046,39
344047,0
344048,0
344049,0
344050,37
344051,0
344052,0
344053,0
344054,0
344055,42
344056,0
344057,0
344058,0
344059,0
344060,0
344061,0
344062,0
344063,0
344064,0
344065,46
344066,0
344067,0
344068,0
344069,0
344070,0
344071,37
344072,0
344073,0
344074,0
344075,0
344076,0
344077,0
344078,42
344079,0
344080,0
344081,0
344082,0
344083,0
344084,45
344085,0
344086,0
344087,0
344088,0
344089,0
344090,0
344091,0
344092,0
344093,67
344094,0
344095,0
344096,0
344097,0
344098,0
344099,0
344100,0
344101,0
344102,61
344103,0
344104,0
344105,0
344106,0
344107,0
344108,0
344109,0
344110,0
344111,0
344112,42
344113,0
344114,0
344115,31
344116,0
344117,0
344118,0
344119,0
344120,0
344121,0
344122,0
344123,0
344124,45
344125,0
344126,0
344127,0
344128,0
344129,0
344130,0
344131,49
344132,0
344133,0
344134,0
344135,0
344136,0
344137,29
344138,0
344139,0
344140,0
344141,0
344142,0
344143,0
344144,49
344145,0
344146,0
344147,0
344148,0
344149,0
344150,0
344151,0
344152,0
344153,0
344154,0
344155,0
344156,27
344157,41
344158,0
344159,0
344160,0
344161,0
344162,0
344163,0
344164,0
344165,0
344166,0
344167,0
344168,0
344169,42
344170,0
344171,0
344172,0
344173,0
344174,0
344175,0
344176,0
344177,0
344178,0
344179,0
344180,33
344181,34
344182,0
344183,0
344184,0
344185,0
344186,0
344187,0
344188,0
344189,0
344190,31
344191,0
344192,0
344193,0
344194,0
344195,0
344196,0
344197,0
344198,0
344199,0
344200,43
344201,0
344202,0
344203,0
344204,0
344205,0
344206,48
344207,49
344208,0
344209,0
344210,0
344211,41
344212,41
344213,0
344214,0
344215,0
344216,0
344217,0
344218,0
344219,0
344220,0
344221,0
344222,0
344223,50
344224,0
344225,0
344226,0
344227,0
344228,0
344229,0
344230,0
344231,0
344232,24
344233,0
344234,30
344235,0
344236,0
344237,0
344238,0
344239,0
344240,0
344241,0
344242,23
344243,0
344244,0
344245,0
344246,0
344247,0
344248,0
344249,0
344250,0
344251,0
344252,0
344253,0
344254,0
344255,0
344256,0
344257,0
344258,22
344259,31
344260,28
344261,0
344262,0
344263,0
344264,0
344265,36
344266,0
344267,25
344268,0
344269,0
344270,0
344271,0
344272,0
344273,0
344274,0
344275,0
344276,0
344277,0
344278,0
344279,0
344280,0
344281,0
344282,0
344283,0
344284,13
344285,0
344286,27
344287,18
344288,0
344289,0
344290,0
344291,0
344292,0
344293,0
344294,0
344295,0
344296,0
344297,23
344298,25
344299,0
344300,25
344301,0
344302,0
344303,0
344304,0
344305,0
344306,0
344307,0
344308,0
344309,0
344310,22
344311,0
344312,0
344313,0
344314,0
344315,0
344316,0
344317,0
344318,0
344319,0
344320,0
344321,0
344322,0
344323,0
344324,0
344325,0
344326,25
344327,0
344328,0
344329,23
344330,24
344331,0
344332,0
344333,0
344334,0
344335,0
344336,0
344337,0
344338,0
344339,0
344340,27
344341,0
344342,0
344343,14
344344,0
344345,0
344346,0
344347,22
344348,0
344349,0
344350,0
344351,0
344352,0
344353,0
344354,0
344355,0
344356,30
344357,0
344358,23
344359,0
344360,0
344361,0
344362,0
344363,0
344364,24
344365,0
344366,0
344367,22
344368,0
344369,0
344370,26
344371,0
344372,0
344373,0
344374,0
344375,0
344376,0
344377,0
344378,23
344379,0
344380,0
344381,0
344382,0
344383,0
344384,0
344385,0
344386,0
344387,0
344388,0
344389,0
344390,0
344391,0
344392,0
344393,0
344394,0
344395,0
344396,0
344397,0
344398,28
344399,0
344400,26
344401,0
344402,0
344403,29
344404,0
344405,0
344406,29
344407,0
344408,0
344409,0
344410,33
344411,0
344412,0
344413,0
344414,23
344415,0
344416,24
344417,0
344418,0
344419,0
344420,0
344421,0
344422,0
344423,0
344424,30
344425,0
344426,0
344427,0
344428,0
344429,0
344430,12
344431,23
344432,0
344433,0
344434,0
344435,0
344436,0
344437,0
344438,0
344439,0
344440,0
344441,0
344442,0
344443,0
344444,0
344445,0
344446,0
344447,0
344448,0
344449,0
344450,0
344451,0
344452,0
344453,23
344454,0
344455,0
344456,0
344457,0
344458,0
344459,0
344460,0
344461,0
344462,0
344463,0
344464,0
344465,0
344466,0
344467,0
344468,0
344469,29
344470,0
344471,0
344472,0
344473,0
344474,0
344475,33
344476,0
344477,0
344478,0
344479,0
344480,0
344481,0
344482,17
344483,0
344484,0
344485,0
344486,0
344487,0
344488,0
344489,0
344490,10
344491,0
344492,0
344493,0
344494,0
344495,0
344496,0
344497,0
344498,0
344499,0
344500,0
344501,0
344502,0
344503,0
344504,0
344505,30
344506,0
344507,28
344508,20
344509,0
344510,27
344511,0
344512,0
344513,0
344514,0
344515,22
344516,0
344517,0
344518,0
344519,0
344520,26
344521,0
344522,0
344523,0
344524,0
344525,0
344526,0
344527,0
344528,0
344529,0
344530,0
344531,0
344532,0
344533,0
344534,0
344535,0
344536,0
344537,0
344538,0
344539,0
344540,0
344541,19
344542,31
344543,0
344544,0
344545,0
344546,0
344547,28
344548,26
344549,0
344550,0
344551,23
344552,0
344553,0
344554,19
344555,0
344556,0
344557,23
344558,0
344559,0
344560,0
344561,30
344562,0
344563,0
344564,0
344565,0
344566,0
344567,0
344568,0
344569,0
344570,0
344571,0
344572,0
344573,0
344574,0
344575,0
344576,0
344577,0
344578,0
344579,0
344580,0
344581,0
344582,0
344583,0
344584,0
344585,0
344586,0
344587,0
344588,0
344589,27
344590,0
344591,0
344592,0
344593,0
344594,0
344595,0
344596,0
344597,0
344598,31
344599,0
344600,0
344601,0
344602,32
344603,0
344604,0
344605,0
344606,0
344607,0
344608,0
344609,0
344610,0
344611,0
344612,0
344613,0
344614,0
344615,0
344616,0
344617,0
344618,0
344619,0
344620,0
344621,0
344622,0
344623,0
344624,0
344625,24
344626,0
344627,0
344628,22
344629,0
344630,0
344631,0
344632,0
344633,0
344634,0
344635,0
344636,0
344637,0
344638,0
344639,0
344640,0
344641,0
344642,0
344643,0
344644,0
344645,0
344646,0
344647,0
344648,0
344649,0
344650,0
344651,0
344652,0
344653,0
344654,0
344655,0
344656,0
344657,0
344658,0
344659,0
344660,0
344661,0
344662,0
344663,0
344664,0
344665,0
344666,21
344667,0
344668,0
344669,0
344670,0
344671,0
344672,0
344673,0
344674,0
344675,0
344676,0
344677,0
344678,0
344679,0
344680,0
344681,0
344682,0
344683,0
344684,0
344685,16
344686,0
344687,23
344688,0
344689,0
344690,0
344691,0
344692,0
344693,0
344694,0
344695,0
344696,0
344697,0
344698,0
344699,0
344700,0
344701,0
344702,0
344703,0
344704,0
344705,0
344706,0
344707,27
344708,0
344709,0
344710,0
344711,0
344712,0
344713,0
344714,0
344715,0
344716,20
344717,20
344718,0
344719,22
344720,0
344721,0
344722,0
344723,0
344724,0
344725,0
344726,29
344727,0
344728,0
344729,0
344730,0
344731,0
344732,0
344733,0
344734,23
344735,32
344736,0
344737,0
344738,0
344739,0
344740,0
344741,0
344742,0
344743,0
344744,0
344745,34
344746,18
344747,0
344748,0
344749,0
344750,0
344751,0
344752,0
344753,0
344754,0
344755,0
344756,18
344757,0
344758,0
344759,0
344760,0
344761,0
344762,0
344763,0
344764,0
344765,0
344766,0
344767,0
344768,0
344769,0
344770,0
344771,0
344772,0
344773,0
344774,0
344775,0
344776,0
344777,0
344778,21
344779,0
344780,0
344781,0
344782,0
344783,0
344784,0
344785,0
344786,0
344787,0
344788,0
344789,0
344790,0
344791,0
344792,15
344793,0
344794,0
344795,0
344796,22
344797,0
344798,0
344799,0
344800,0
344801,18
344802,0
344803,0
344804,0
344805,0
344806,0
344807,0
344808,0
344809,0
344810,0
344811,0
344812,20
344813,0
344814,0
344815,0
344816,0
344817,0
344818,0
344819,0
344820,0
344821,0
344822,0
344823,0
344824,0
344825,0
344826,0
344827,31
344828,0
344829,0
344830,0
344831,0
344832,0
344833,0
344834,0
344835,0
344836,0
344837,0
344838,0
344839,0
344840,0
344841,0
344842,0
344843,0
344844,0
344845,23
344846,0
344847,0
344848,0
344849,0
344850,0
344851,0
344852,0
344853,0
344854,0
344855,0
344856,26
344857,0
344858,40
344859,0
344860,0
344861,0
344862,30
344863,0
344864,0
344865,0
344866,0
344867,0
344868,17
344869,0
344870,0
344871,0
344872,0
344873,0
344874,28
344875,0
344876,0
344877,0
344878,0
344879,0
344880,0
344881,0
344882,0
344883,32
344884,0
344885,0
344886,0
344887,0
344888,0
344889,0
344890,0
344891,0
344892,0
344893,0
344894,0
344895,0
344896,0
344897,31
344898,0
344899,0
344900,27
344901,0
344902,0
344903,0
344904,0
344905,24
344906,0
344907,0
344908,0
344909,18
344910,30
344911,0
344912,0
344913,0
344914,0
344915,22
344916,0
344917,0
344918,28
344919,0
344920,0
344921,0
344922,0
344923,0
344924,0
344925,0
344926,0
344927,0
344928,0
344929,0
344930,0
344931,0
344932,0
344933,0
344934,0
344935,0
344936,0
344937,0
344938,14
344939,0
344940,0
344941,0
344942,23
344943,0
344944,35
344945,0
344946,0
344947,0
344948,26
344949,0
344950,0
344951,30
344952,0
344953,0
344954,29
344955,0
344956,0
344957,0
344958,16
344959,0
344960,0
344961,0
344962,0
344963,0
344964,0
344965,24
344966,0
344967,0
344968,0
344969,0
344970,27
344971,0
344972,0
344973,0
344974,0
344975,0
344976,0
344977,0
344978,30
344979,0
344980,0
344981,35
344982,0
344983,0
344984,0
344985,25
344986,0
344987,35
344988,0
344989,0
344990,0
344991,0
344992,0
344993,0
344994,0
344995,0
344996,0
344997,17
344998,0
344999,0
345000,0
345001,0
345002,34
345003,18
345004,0
345005,0
345006,0
345007,0
345008,0
345009,0
345010,0
345011,0
345012,0
345013,0
345014,0
345015,35
345016,0
345017,0
345018,24
345019,0
345020,0
345021,0
345022,0
345023,0
345024,0
345025,0
345026,33
345027,18
345028,0
345029,0
345030,0
345031,0
345032,0
345033,0
345034,26
345035,0
345036,0
345037,0
345038,0
345039,0
345040,0
345041,0
345042,0
345043,0
345044,0
345045,0
345046,0
345047,0
345048,0
345049,40
345050,0
345051,0
345052,0
345053,0
345054,23
345055,0
345056,0
345057,0
345058,0
345059,0
345060,0
345061,0
345062,0
345063,0
345064,0
345065,0
345066,0
345067,0
345068,0
345069,0
345070,0
345071,22
345072,0
345073,0
345074,0
345075,0
345076,0
345077,0
345078,21
345079,26
345080,39
345081,0
345082,0
345083,0
345084,0
345085,0
345086,0
345087,28
345088,38
345089,0
345090,0
345091,0
345092,0
345093,0
345094,0
345095,0
345096,0
345097,0
345098,0
345099,28
345100,0
345101,0
345102,0
345103,0
345104,0
345105,0
345106,0
345107,0
345108,0
345109,0
345110,0
345111,0
345112,0
345113,0
345114,0
345115,0
345116,0
345117,0
345118,0
345119,0
345120,35
345121,0
345122,0
345123,0
345124,30
345125,0
345126,0
345127,0
345128,0
345129,0
345130,0
345131,0
345132,0
345133,0
345134,0
345135,28
345136,0
345137,31
345138,0
345139,0
345140,0
345141,0
345142,0
345143,0
345144,0
345145,0
345146,36
345147,17
345148,0
345149,0
345150,23
345151,0
345152,0
345153,0
345154,0
345155,0
345156,0
345157,0
345158,21
345159,0
345160,0
345161,0
345162,29
345163,0
345164,0
345165,0
345166,23
345167,0
345168,0
345169,0
345170,18
345171,0
345172,0
345173,0
345174,0
345175,0
345176,0
345177,0
345178,0
345179,0
345180,0
345181,0
345182,0
345183,0
345184,0
345185,0
345186,0
345187,0
345188,0
345189,0
345190,0
345191,0
345192,0
345193,0
345194,0
345195,0
345196,0
345197,0
345198,23
345199,0
345200,30
345201,0
345202,43
345203,0
345204,0
345205,0
345206,16
345207,0
345208,0
345209,0
345210,0
345211,0
345212,0
345213,0
345214,0
345215,0
345216,33
345217,0
345218,0
345219,0
345220,0
345221,38
345222,0
345223,0
345224,0
345225,0
345226,0
345227,0
345228,0
345229,0
345230,0
345231,0
345232,0
345233,0
345234,0
345235,18
345236,0
345237,0
345238,0
345239,0
345240,23
345241,0
345242,0
345243,0
345244,0
345245,0
345246,0
345247,0
345248,0
345249,24
345250,0
345251,0
345252,0
345253,0
345254,0
345255,30
345256,0
345257,0
345258,0
345259,0
345260,0
345261,0
345262,0
345263,0
345264,23
345265,0
345266,24
345267,0
345268,0
345269,0
345270,0
345271,0
345272,0
345273,21
345274,0
345275,0
345276,0
345277,29
345278,0
345279,0
345280,0
345281,34
345282,0
345283,0
345284,0
345285,0
345286,0
345287,0
345288,0
345289,39
345290,24
345291,0
345292,0
345293,0
345294,0
345295,0
345296,0
345297,0
345298,0
345299,0
345300,18
345301,0
345302,0
345303,0
345304,0
345305,0
345306,0
345307,0
345308,0
345309,0
345310,0
345311,0
345312,0
345313,0
345314,0
345315,0
345316,0
345317,0
345318,0
345319,29
345320,0
345321,0
345322,0
345323,0
345324,0
345325,0
345326,0
345327,0
345328,0
345329,0
345330,30
345331,0
345332,0
345333,0
345334,0
345335,0
345336,0
345337,0
345338,0
345339,0
345340,0
345341,0
345342,26
345343,0
345344,0
345345,0
345346,0
345347,0
345348,0
345349,0
345350,0
345351,0
345352,25
345353,0
345354,0
345355,0
345356,22
345357,0
345358,21
345359,0
345360,0
345361,0
345362,0
345363,0
345364,0
345365,0
345366,18
345367,0
345368,0
345369,0
345370,0
345371,0
345372,0
345373,0
345374,0
345375,0
345376,0
345377,0
345378,0
345379,0
345380,0
345381,0
345382,12
345383,0
345384,0
345385,0
345386,30
345387,0
345388,0
345389,0
345390,0
345391,0
345392,0
345393,0
345394,0
345395,0
345396,0
345397,0
345398,23
345399,0
345400,0
345401,0
345402,6
345403,0
345404,13
345405,33
345406,0
345407,0
345408,0
345409,0
345410,0
345411,0
345412,0
345413,0
345414,0
345415,0
345416,0
345417,0
345418,0
345419,0
345420,0
345421,0
345422,22
345423,12
345424,0
345425,0
345426,0
345427,15
345428,0
345429,0
345430,0
345431,0
345432,27
345433,29
345434,22
345435,29
345436,0
345437,0
345438,19
345439,0
345440,0
345441,0
345442,0
345443,0
345444,19
345445,0
345446,0
345447,0
345448,0
345449,0
345450,31
345451,0
345452,0
345453,0
345454,0
345455,0
345456,0
345457,0
345458,17
345459,0
345460,0
345461,0
345462,0
345463,0
345464,0
345465,0
345466,0
345467,0
345468,0
345469,0
345470,0
345471,0
345472,0
345473,0
345474,0
345475,9
345476,0
345477,0
345478,0
345479,8
345480,0
345481,0
345482,0
345483,0
345484,0
345485,0
345486,0
345487,0
345488,0
345489,0
345490,0
345491,0
345492,0
345493,0
345494,0
345495,0
345496,0
345497,0
345498,0
345499,0
345500,0
345501,13
345502,0
345503,0
345504,8
345505,20
345506,0
345507,0
345508,0
345509,0
345510,0
345511,0
345512,0
345513,0
345514,0
345515,0
345516,0
345517,0
345518,0
345519,0
345520,0
345521,0
345522,29
345523,20
345524,19
345525,0
345526,0
345527,0
345528,0
345529,0
345530,0
345531,0
345532,0
345533,0
345534,0
345535,0
345536,0
345537,0
345538,0
345539,0
345540,0
345541,0
345542,0
345543,28
345544,11
345545,0
345546,0
345547,0
345548,0
345549,24
345550,0
345551,0
345552,0
345553,0
345554,0
345555,0
345556,0
345557,0
345558,0
345559,0
345560,31
345561,22
345562,0
345563,0
345564,0
345565,11
345566,18
345567,0
345568,17
345569,0
345570,0
345571,0
345572,0
345573,0
345574,0
345575,29
345576,16
345577,0
345578,0
345579,0
345580,16
345581,0
345582,38
345583,0
345584,20
345585,0
345586,0
345587,0
345588,36
345589,0
345590,0
345591,0
345592,0
345593,11
345594,0
345595,0
345596,0
345597,0
345598,0
345599,0
345600,0
345601,0
345602,0
345603,0
345604,0
345605,0
345606,0
345607,0
345608,0
345609,0
345610,0
345611,19
345612,0
345613,0
345614,0
345615,0
345616,0
345617,0
345618,12
345619,0
345620,20
345621,0
345622,0
345623,0
345624,0
345625,0
345626,0
345627,0
345628,20
345629,24
345630,0
345631,0
345632,16
345633,0
345634,0
345635,0
345636,12
345637,0
345638,13
345639,38
345640,0
345641,32
345642,0
345643,0
345644,0
345645,0
345646,0
345647,0
345648,22
345649,0
345650,0
345651,0
345652,19
345653,21
345654,0
345655,13
345656,0
345657,0
345658,8
345659,17
345660,0
345661,0
345662,0
345663,0
345664,0
345665,0
345666,13
345667,15
345668,0
345669,0
345670,25
345671,0
345672,9
345673,0
345674,0
345675,0
345676,0
345677,0
345678,17
345679,0
345680,0
345681,0
345682,17
345683,0
345684,0
345685,0
345686,0
345687,0
345688,0
345689,0
345690,0
345691,0
345692,0
345693,0
345694,0
345695,0
345696,0
345697,0
345698,0
345699,0
345700,0
345701,0
345702,0
345703,0
345704,14
345705,33
345706,0
345707,0
345708,0
345709,0
345710,0
345711,0
345712,0
345713,0
345714,0
345715,0
345716,0
345717,27
345718,12
345719,0
345720,27
345721,0
345722,0
345723,36
345724,0
345725,29
345726,0
345727,0
345728,0
345729,0
345730,0
345731,15
345732,0
345733,0
345734,0
345735,0
345736,0
345737,0
345738,0
345739,0
345740,0
345741,13
345742,0
345743,0
345744,0
345745,0
345746,0
345747,0
345748,0
345749,0
345750,0
345751,0
345752,0
345753,0
345754,25
345755,0
345756,0
345757,0
345758,21
345759,22
345760,0
345761,22
345762,0
345763,0
345764,0
345765,0
345766,0
345767,0
345768,0
345769,0
345770,0
345771,39
345772,0
345773,33
345774,0
345775,0
345776,0
345777,0
345778,0
345779,23
345780,0
345781,19
345782,0
345783,0
345784,0
345785,22
345786,0
345787,0
345788,2
345789,33
345790,0
345791,0
345792,0
345793,0
345794,0
345795,0
345796,0
345797,0
345798,0
345799,0
345800,0
345801,0
345802,15
345803,20
345804,0
345805,20
345806,13
345807,0
345808,0
345809,0
345810,0
345811,0
345812,0
345813,0
345814,25
345815,30
345816,0
345817,0
345818,20
345819,0
345820,9
345821,0
345822,0
345823,11
345824,20
345825,0
345826,0
345827,0
345828,0
345829,0
345830,0
345831,0
345832,0
345833,18
345834,0
345835,0
345836,0
345837,0
345838,0
345839,30
345840,0
345841,0
345842,26
345843,0
345844,0
345845,0
345846,13
345847,0
345848,0
345849,0
345850,0
345851,0
345852,39
345853,0
345854,0
345855,0
345856,0
345857,0
345858,0
345859,0
345860,0
345861,0
345862,0
345863,0
345864,0
345865,6
345866,30
345867,0
345868,32
345869,0
345870,3
345871,35
345872,0
345873,0
345874,42
345875,0
345876,0
345877,32
345878,0
345879,0
345880,0
345881,0
345882,0
345883,0
345884,0
345885,0
345886,0
345887,0
345888,0
345889,0
345890,0
345891,0
345892,0
345893,0
345894,0
345895,0
345896,0
345897,0
345898,0
345899,0
345900,0
345901,0
345902,0
345903,0
345904,22
345905,0
345906,0
345907,0
345908,0
345909,19
345910,0
345911,0
345912,0
345913,0
345914,0
345915,0
345916,0
345917,0
345918,0
345919,0
345920,0
345921,0
345922,0
345923,0
345924,0
345925,0
345926,26
345927,0
345928,24
345929,0
345930,0
345931,0
345932,0
345933,0
345934,0
345935,19
345936,0
345937,0
345938,0
345939,0
345940,0
345941,0
345942,0
345943,40
345944,0
345945,0
345946,0
345947,0
345948,0
345949,0
345950,0
345951,0
345952,22
345953,0
345954,0
345955,0
345956,0
345957,0
345958,0
345959,0
345960,0
345961,0
345962,0
345963,0
345964,0
345965,0
345966,0
345967,0
345968,0
345969,0
345970,0
345971,9
345972,19
345973,30
345974,0
345975,0
345976,0
345977,0
345978,0
345979,16
345980,0
345981,0
345982,0
345983,0
345984,0
345985,0
345986,0
345987,0
345988,0
345989,0
345990,23
345991,6
345992,0
345993,0
345994,0
345995,0
345996,0
345997,0
345998,0
345999,0
346000,0
346001,15
346002,0
346003,0
346004,0
346005,0
346006,0
346007,0
346008,0
346009,0
346010,0
346011,0
346012,0
346013,0
346014,0
346015,16
346016,0
346017,0
346018,29
346019,0
346020,0
346021,0
346022,0
346023,0
346024,0
346025,28
346026,14
346027,15
346028,0
346029,52
346030,0
346031,0
346032,0
346033,0
346034,25
346035,0
346036,39
346037,0
346038,0
346039,0
346040,0
346041,0
346042,0
346043,24
346044,0
346045,29
346046,0
346047,0
346048,24
346049,0
346050,33
346051,22
346052,0
346053,0
346054,16
346055,0
346056,0
346057,0
346058,0
346059,0
346060,0
346061,0
346062,0
346063,0
346064,0
346065,0
346066,0
346067,0
346068,0
346069,0
346070,0
346071,30
346072,0
346073,0
346074,0
346075,0
346076,0
346077,0
346078,0
346079,0
346080,0
346081,0
346082,24
346083,0
346084,0
346085,0
346086,22
346087,0
346088,0
346089,0
346090,0
346091,0
346092,0
346093,0
346094,0
346095,0
346096,0
346097,24
346098,0
346099,0
346100,0
346101,23
346102,17
346103,0
346104,0
346105,22
346106,0
346107,0
346108,0
346109,0
346110,0
346111,0
346112,0
346113,0
346114,0
346115,0
346116,0
346117,0
346118,0
346119,0
346120,0
346121,0
346122,0
346123,0
346124,0
346125,23
346126,0
346127,0
346128,0
346129,32
346130,0
346131,0
346132,0
346133,0
346134,0
346135,0
346136,0
346137,0
346138,0
346139,0
346140,0
346141,33
346142,0
346143,22
346144,0
346145,0
346146,0
346147,0
346148,0
346149,0
346150,0
346151,0
346152,0
346153,0
346154,0
346155,0
346156,0
346157,0
346158,0
346159,0
346160,0
346161,0
346162,0
346163,0
346164,0
346165,0
346166,0
346167,0
346168,0
346169,0
346170,24
346171,18
346172,0
346173,0
346174,0
346175,0
346176,0
346177,0
346178,14
346179,0
346180,0
346181,0
346182,0
346183,0
346184,0
346185,0
346186,0
346187,0
346188,0
346189,0
346190,0
346191,0
346192,0
346193,0
346194,24
346195,0
346196,0
346197,29
346198,0
346199,0
346200,0
346201,0
346202,0
346203,0
346204,0
346205,24
346206,0
346207,0
346208,29
346209,0
346210,0
346211,26
346212,0
346213,0
346214,0
346215,0
346216,31
346217,0
346218,0
346219,0
346220,21
346221,0
346222,0
346223,0
346224,0
346225,0
346226,0
346227,0
346228,0
346229,0
346230,0
346231,0
346232,16
346233,0
346234,0
346235,0
346236,0
346237,0
346238,0
346239,0
346240,0
346241,14
346242,0
346243,0
346244,0
346245,0
346246,0
346247,0
346248,0
346249,0
346250,0
346251,0
346252,0
346253,22
346254,0
346255,0
346256,28
346257,0
346258,0
346259,0
346260,24
346261,0
346262,0
346263,0
346264,0
346265,0
346266,0
346267,0
346268,0
346269,0
346270,0
346271,0
346272,0
346273,0
346274,0
346275,0
346276,0
346277,18
346278,0
346279,0
346280,0
346281,16
346282,19
346283,0
346284,0
346285,0
346286,0
346287,23
346288,0
346289,0
346290,0
346291,0
346292,0
346293,0
346294,0
346295,0
346296,10
346297,0
346298,0
346299,0
346300,0
346301,0
346302,0
346303,25
346304,14
346305,0
346306,0
346307,0
346308,18
346309,0
346310,0
346311,0
346312,0
346313,0
346314,0
346315,0
346316,0
346317,0
346318,1
346319,0
346320,0
346321,0
346322,0
346323,0
346324,0
346325,0
346326,0
346327,0
346328,0
346329,0
346330,0
346331,0
346332,0
346333,0
346334,0
346335,0
346336,0
346337,0
346338,0
346339,0
346340,0
346341,0
346342,0
346343,0
346344,0
346345,0
346346,0
346347,0
346348,0
346349,0
346350,0
346351,0
346352,0
346353,0
346354,0
346355,0
346356,0
346357,0
346358,0
346359,0
346360,0
346361,0
346362,0
346363,0
346364,0
346365,0
346366,0
346367,1
346368,0
346369,0
346370,0
346371,0
346372,0
346373,0
346374,0
346375,0
346376,0
346377,0
346378,0
346379,0
346380,0
346381,0
346382,0
346383,0
346384,0
346385,0
346386,0
346387,0
346388,0
346389,0
346390,0
346391,0
346392,0
346393,0
346394,0
346395,0
346396,0
346397,0
346398,0
346399,0
346400,0
346401,0
346402,0
346403,0
346404,0
346405,0
346406,0
346407,0
346408,0
346409,0
346410,0
346411,0
346412,0
346413,0
346414,0
346415,0
346416,0
346417,0
346418,0
346419,0
346420,0
346421,0
346422,0
346423,0
346424,0
346425,0
346426,0
346427,0
346428,0
346429,0
346430,0
346431,0
346432,0
346433,0
346434,0
346435,0
346436,0
346437,0
346438,0
346439,0
346440,0
346441,0
346442,0
346443,0
346444,0
346445,0
346446,0
346447,0
346448,0
346449,0
346450,0
346451,0
346452,0
346453,0
346454,0
346455,0
346456,0
346457,0
346458,0
346459,0
346460,0
346461,0
346462,0
346463,0
346464,0
346465,0
346466,0
346467,0
346468,0
346469,0
346470,0
346471,0
346472,0
346473,0
346474,0
346475,0
346476,0
346477,0
346478,0
346479,0
346480,0
346481,0
346482,0
346483,0
346484,0
346485,0
346486,0
346487,0
346488,0
346489,0
346490,0
346491,0
346492,0
346493,0
346494,0
346495,0
346496,0
346497,0
346498,0
346499,0
346500,0
346501,0
346502,0
346503,0
346504,0
346505,0
346506,0
346507,0
346508,0
346509,0
346510,0
346511,0
346512,0
346513,0
346514,0
346515,0
346516,0
346517,0
346518,0
346519,0
346520,0
346521,0
346522,0
346523,0
346524,0
346525,0
346526,0
346527,0
346528,0
346529,0
346530,0
346531,0
346532,0
346533,1
346534,0
346535,0
346536,0
346537,0
346538,0
346539,0
346540,0
346541,0
346542,0
346543,0
346544,0
346545,0
346546,0
346547,0
346548,0
346549,0
346550,0
346551,0
346552,0
346553,0
346554,0
346555,0
346556,0
346557,0
346558,0
346559,0
346560,0
346561,0
346562,0
346563,0
346564,0
346565,0
346566,0
346567,0
346568,0
346569,0
346570,0
346571,0
346572,0
346573,0
346574,0
346575,0
346576,0
346577,0
346578,0
346579,0
346580,0
346581,0
346582,0
346583,0
346584,0
346585,0
346586,0
346587,0
346588,0
346589,0
346590,0
346591,0
346592,0
346593,0
346594,0
346595,0
346596,0
346597,0
346598,0
346599,0
346600,0
346601,0
346602,0
346603,0
346604,0
346605,0
346606,0
346607,0
346608,0
346609,0
346610,0
346611,0
346612,0
346613,0
346614,0
346615,0
346616,0
346617,0
346618,0
346619,0
346620,0
346621,0
346622,0
346623,0
346624,0
346625,0
346626,0
346627,0
346628,0
346629,0
346630,0
346631,0
346632,0
346633,0
346634,0
346635,0
346636,0
346637,0
346638,0
346639,0
346640,0
346641,0
346642,0
346643,0
346644,0
346645,0
346646,0
346647,0
346648,0
346649,0
346650,0
346651,0
346652,0
346653,0
346654,0
346655,0
346656,0
346657,0
346658,0
346659,0
346660,0
346661,0
346662,0
346663,0
346664,0
346665,0
346666,0
346667,0
346668,0
346669,0
346670,0
346671,0
346672,0
346673,0
346674,0
346675,0
346676,0
346677,0
346678,0
346679,0
346680,0
346681,0
346682,0
346683,0
346684,0
346685,0
346686,0
346687,0
346688,0
346689,0
346690,0
346691,0
346692,0
346693,0
346694,0
346695,0
346696,0
346697,0
346698,0
346699,0
346700,0
346701,0
346702,0
346703,0
346704,0
346705,0
346706,0
346707,0
346708,0
346709,0
346710,0
346711,0
346712,0
346713,0
346714,0
346715,0
346716,0
346717,0
346718,0
346719,0
346720,0
346721,0
346722,0
346723,0
346724,0
346725,0
346726,0
346727,0
346728,0
346729,0
346730,0
346731,0
346732,0
346733,0
346734,0
346735,0
346736,0
346737,0
346738,0
346739,0
346740,0
346741,0
346742,0
346743,0
346744,0
346745,0
346746,0
346747,0
346748,0
346749,0
346750,0
346751,0
346752,0
346753,0
346754,0
346755,0
346756,0
346757,0
346758,0
346759,0
346760,0
346761,0
346762,0
346763,0
346764,0
346765,0
346766,0
346767,0
346768,0
346769,0
346770,0
346771,0
346772,0
346773,0
346774,0
346775,0
346776,0
346777,0
346778,0
346779,0
346780,0
346781,0
346782,0
346783,0
346784,0
346785,0
346786,0
346787,0
346788,0
346789,0
346790,0
346791,0
346792,0
346793,0
346794,0
346795,0
346796,0
346797,0
346798,0
346799,0
346800,0
346801,0
346802,0
346803,0
346804,0
346805,0
346806,0
346807,0
346808,0
346809,0
346810,0
346811,0
346812,0
346813,0
346814,0
346815,0
346816,0
346817,0
346818,0
346819,0
346820,0
346821,0
346822,0
346823,0
346824,0
346825,0
346826,0
346827,1
346828,0
346829,0
346830,0
346831,0
346832,0
346833,0
346834,0
346835,0
346836,0
346837,0
346838,0
346839,0
346840,0
346841,0
346842,0
346843,0
346844,0
346845,0
346846,0
346847,0
346848,0
346849,0
346850,0
346851,0
346852,0
346853,0
346854,0
346855,0
346856,0
346857,0
346858,0
346859,0
346860,0
346861,0
346862,0
346863,0
346864,0
346865,0
346866,0
346867,0
346868,0
346869,0
346870,0
346871,0
346872,0
346873,0
346874,0
346875,0
346876,0
346877,0
346878,0
346879,0
346880,0
346881,0
346882,0
346883,0
346884,0
346885,0
346886,0
346887,0
346888,0
346889,0
346890,0
346891,0
346892,0
346893,0
346894,0
346895,0
346896,0
346897,0
346898,0
346899,0
346900,0
346901,0
346902,0
346903,0
346904,0
346905,0
346906,0
346907,0
346908,0
346909,0
346910,0
346911,0
346912,0
346913,0
346914,0
346915,0
346916,0
346917,0
346918,0
346919,0
346920,0
346921,0
346922,0
346923,0
346924,0
346925,0
346926,0
346927,0
346928,0
346929,0
346930,1
346931,0
346932,0
346933,0
346934,0
346935,0
346936,0
346937,0
346938,0
346939,0
346940,0
346941,0
346942,0
346943,0
346944,0
346945,0
346946,0
346947,0
346948,0
346949,0
346950,0
346951,0
346952,0
346953,0
346954,0
346955,0
346956,0
346957,0
346958,0
346959,0
346960,0
346961,0
346962,0
346963,0
346964,0
346965,0
346966,0
346967,0
346968,0
346969,0
346970,0
346971,0
346972,0
346973,0
346974,0
346975,0
346976,1
346977,0
346978,0
346979,0
346980,0
346981,0
346982,0
346983,0
346984,0
346985,0
346986,0
346987,0
346988,0
346989,0
346990,0
346991,0
346992,0
346993,0
346994,0
346995,0
346996,0
346997,0
346998,0
346999,0
347000,0
347001,0
347002,0
347003,0
347004,0
347005,0
347006,0
347007,0
347008,0
347009,0
347010,0
347011,0
347012,0
347013,0
347014,0
347015,0
347016,0
347017,0
347018,0
347019,0
347020,0
347021,0
347022,0
347023,0
347024,0
347025,0
347026,0
347027,0
347028,0
347029,0
347030,0
347031,0
347032,5
347033,0
347034,0
347035,0
347036,0
347037,0
347038,0
347039,0
347040,0
347041,0
347042,0
347043,0
347044,0
347045,11
347046,0
347047,0
347048,0
347049,0
347050,0
347051,0
347052,0
347053,0
347054,0
347055,0
347056,0
347057,0
347058,0
347059,0
347060,0
347061,0
347062,7
347063,0
347064,7
347065,0
347066,0
347067,5
347068,0
347069,0
347070,0
347071,0
347072,0
347073,0
347074,0
347075,0
347076,0
347077,0
347078,0
347079,0
347080,0
347081,0
347082,0
347083,0
347084,0
347085,0
347086,8
347087,0
347088,0
347089,0
347090,0
347091,0
347092,0
347093,0
347094,0
347095,0
347096,0
347097,0
347098,0
347099,0
347100,0
347101,0
347102,0
347103,0
347104,0
347105,0
347106,0
347107,0
347108,0
347109,0
347110,0
347111,0
347112,0
347113,0
347114,0
347115,0
347116,0
347117,0
347118,0
347119,0
347120,0
347121,0
347122,0
347123,0
347124,0
347125,0
347126,0
347127,0
347128,0
347129,0
347130,0
347131,0
347132,0
347133,0
347134,7
347135,0
347136,0
347137,0
347138,0
347139,0
347140,0
347141,0
347142,0
347143,0
347144,0
347145,0
347146,0
347147,0
347148,0
347149,0
347150,0
347151,0
347152,0
347153,0
347154,0
347155,0
347156,0
347157,0
347158,0
347159,0
347160,0
347161,0
347162,0
347163,0
347164,3
347165,0
347166,0
347167,0
347168,0
347169,0
347170,0
347171,0
347172,0
347173,0
347174,0
347175,0
347176,0
347177,0
347178,0
347179,0
347180,0
347181,0
347182,0
347183,0
347184,0
347185,0
347186,0
347187,0
347188,0
347189,0
347190,0
347191,0
347192,0
347193,0
347194,0
347195,0
347196,0
347197,0
347198,0
347199,0
347200,0
347201,0
347202,0
347203,0
347204,0
347205,6
347206,0
347207,0
347208,0
347209,0
347210,0
347211,0
347212,0
347213,0
347214,0
347215,0
347216,0
347217,0
347218,12
347219,0
347220,0
347221,0
347222,0
347223,0
347224,0
347225,0
347226,0
347227,0
347228,0
347229,0
347230,0
347231,0
347232,0
347233,0
347234,1
347235,9
347236,0
347237,7
347238,0
347239,0
347240,2
347241,7
347242,9
347243,0
347244,0
347245,0
347246,0
347247,0
347248,0
347249,0
347250,0
347251,0
347252,0
347253,0
347254,0
347255,0
347256,0
347257,6
347258,0
347259,0
347260,0
347261,0
347262,11
347263,0
347264,0
347265,0
347266,0
347267,0
347268,0
347269,0
347270,0
347271,0
347272,0
347273,0
347274,0
347275,0
347276,0
347277,0
347278,0
347279,0
347280,0
347281,0
347282,0
347283,0
347284,0
347285,0
347286,0
347287,0
347288,0
347289,0
347290,10
347291,0
347292,0
347293,0
347294,0
347295,0
347296,0
347297,0
347298,0
347299,0
347300,0
347301,0
347302,0
347303,0
347304,0
347305,0
347306,0
347307,0
347308,0
347309,0
347310,0
347311,0
347312,0
347313,0
347314,0
347315,0
347316,0
347317,0
347318,0
347319,0
347320,0
347321,0
347322,0
347323,0
347324,0
347325,0
347326,0
347327,0
347328,0
347329,0
347330,0
347331,13
347332,0
347333,9
347334,0
347335,8
347336,0
347337,6
347338,0
347339,0
347340,0
347341,0
347342,0
347343,0
347344,3
347345,0
347346,0
347347,0
347348,5
347349,0
347350,0
347351,0
347352,0
347353,0
347354,5
347355,0
347356,8
347357,0
347358,0
347359,6
347360,0
347361,0
347362,0
347363,0
347364,0
347365,0
347366,0
347367,0
347368,0
347369,0
347370,0
347371,0
347372,0
347373,0
347374,0
347375,0
347376,0
347377,0
347378,0
347379,0
347380,0
347381,0
347382,0
347383,5
347384,0
347385,0
347386,0
347387,4
347388,0
347389,0
347390,0
347391,0
347392,0
347393,0
347394,0
347395,0
347396,0
347397,0
347398,0
347399,0
347400,0
347401,0
347402,0
347403,0
347404,0
347405,0
347406,0
347407,0
347408,0
347409,0
347410,15
347411,0
347412,0
347413,0
347414,0
347415,0
347416,0
347417,0
347418,0
347419,0
347420,0
347421,0
347422,0
347423,0
347424,0
347425,0
347426,0
347427,0
347428,0
347429,0
347430,0
347431,0
347432,0
347433,0
347434,0
347435,0
347436,0
347437,0
347438,0
347439,0
347440,0
347441,0
347442,0
347443,0
347444,0
347445,11
347446,8
347447,0
347448,0
347449,0
347450,0
347451,0
347452,0
347453,0
347454,0
347455,11
347456,0
347457,0
347458,0
347459,0
347460,13
347461,0
347462,0
347463,0
347464,0
347465,0
347466,0
347467,0
347468,0
347469,0
347470,0
347471,0
347472,0
347473,0
347474,0
347475,0
347476,0
347477,0
347478,0
347479,0
347480,0
347481,0
347482,0
347483,0
347484,0
347485,0
347486,0
347487,0
347488,0
347489,0
347490,0
347491,0
347492,0
347493,0
347494,0
347495,0
347496,0
347497,0
347498,0
347499,0
347500,0
347501,0
347502,0
347503,0
347504,0
347505,0
347506,0
347507,0
347508,0
347509,0
347510,0
347511,0
347512,0
347513,0
347514,0
347515,0
347516,0
347517,0
347518,0
347519,0
347520,0
347521,0
347522,0
347523,0
347524,0
347525,0
347526,0
347527,0
347528,0
347529,0
347530,0
347531,0
347532,0
347533,0
347534,0
347535,0
347536,0
347537,0
347538,0
347539,0
347540,0
347541,0
347542,0
347543,0
347544,0
347545,0
347546,0
347547,0
347548,0
347549,0
347550,0
347551,0
347552,0
347553,0
347554,0
347555,0
347556,0
347557,0
347558,0
347559,0
347560,0
347561,0
347562,0
347563,0
347564,0
347565,0
347566,0
347567,0
347568,0
347569,0
347570,0
347571,8
347572,0
347573,0
347574,0
347575,0
347576,0
347577,0
347578,0
347579,0
347580,0
347581,0
347582,0
347583,0
347584,3
347585,0
347586,0
347587,0
347588,0
347589,0
347590,0
347591,0
347592,0
347593,0
347594,8
347595,0
347596,0
347597,0
347598,0
347599,0
347600,3
347601,0
347602,0
347603,34
347604,0
347605,0
347606,0
347607,0
347608,0
347609,0
347610,0
347611,0
347612,0
347613,32
347614,0
347615,0
347616,0
347617,32
347618,0
347619,23
347620,0
347621,0
347622,0
347623,0
347624,31
347625,0
347626,0
347627,0
347628,0
347629,0
347630,0
347631,59
347632,0
347633,32
347634,0
347635,0
347636,0
347637,0
347638,25
347639,41
347640,0
347641,0
347642,0
347643,0
347644,0
347645,0
347646,0
347647,0
347648,0
347649,0
347650,0
347651,42
347652,0
347653,0
347654,0
347655,0
347656,0
347657,0
347658,29
347659,0
347660,0
347661,0
347662,0
347663,0
347664,0
347665,0
347666,0
347667,0
347668,0
347669,42
347670,0
347671,0
347672,0
347673,29
347674,0
347675,0
347676,0
347677,0
347678,0
347679,0
347680,0
347681,0
347682,0
347683,0
347684,0
347685,0
347686,32
347687,29
347688,0
347689,0
347690,0
347691,0
347692,0
347693,0
347694,0
347695,0
347696,0
347697,37
347698,0
347699,0
347700,0
347701,0
347702,0
347703,0
347704,0
347705,0
347706,0
347707,0
347708,37
347709,0
347710,24
347711,0
347712,0
347713,31
347714,0
347715,41
347716,0
347717,0
347718,0
347719,24
347720,33
347721,0
347722,0
347723,0
347724,0
347725,0
347726,0
347727,0
347728,0
347729,0
347730,0
347731,0
347732,0
347733,0
347734,0
347735,0
347736,0
347737,0
347738,0
347739,0
347740,0
347741,0
347742,41
347743,0
347744,0
347745,0
347746,0
347747,0
347748,27
347749,34
347750,0
347751,0
347752,0
347753,22
347754,41
347755,38
347756,0
347757,0
347758,43
347759,0
347760,30
347761,0
347762,27
347763,0
347764,0
347765,0
347766,0
347767,39
347768,0
347769,0
347770,0
347771,0
347772,0
347773,0
347774,0
347775,0
347776,0
347777,0
347778,0
347779,0
347780,0
347781,0
347782,0
347783,0
347784,0
347785,0
347786,0
347787,31
347788,0
347789,0
347790,31
347791,0
347792,0
347793,0
347794,0
347795,0
347796,0
347797,0
347798,0
347799,0
347800,25
347801,34
347802,0
347803,0
347804,0
347805,32
347806,37
347807,0
347808,0
347809,0
347810,0
347811,0
347812,0
347813,0
347814,0
347815,0
347816,0
347817,0
347818,0
347819,0
347820,0
347821,33
347822,0
347823,0
347824,31
347825,21
347826,0
347827,0
347828,0
347829,36
347830,0
347831,0
347832,0
347833,50
347834,0
347835,0
347836,25
347837,0
347838,37
347839,21
347840,0
347841,34
347842,0
347843,0
347844,0
347845,0
347846,19
347847,0
347848,0
347849,0
347850,0
347851,44
347852,35
347853,0
347854,21
347855,0
347856,0
347857,35
347858,0
347859,0
347860,0
347861,0
347862,0
347863,0
347864,0
347865,0
347866,29
347867,0
347868,0
347869,0
347870,0
347871,0
347872,0
347873,0
347874,37
347875,0
347876,18
347877,0
347878,0
347879,0
347880,0
347881,0
347882,0
347883,0
347884,0
347885,0
347886,0
347887,0
347888,0
347889,0
347890,0
347891,25
347892,0
347893,0
347894,25
347895,44
347896,0
347897,31
347898,23
347899,0
347900,26
347901,0
347902,0
347903,0
347904,0
347905,0
347906,0
347907,0
347908,0
347909,0
347910,0
347911,0
347912,0
347913,0
347914,25
347915,0
347916,22
347917,0
347918,0
347919,0
347920,32
347921,0
347922,0
347923,0
347924,0
347925,0
347926,0
347927,33
347928,0
347929,19
347930,0
347931,0
347932,31
347933,27
347934,0
347935,26
347936,0
347937,0
347938,0
347939,0
347940,31
347941,0
347942,33
347943,0
347944,0
347945,0
347946,0
347947,0
347948,0
347949,0
347950,0
347951,38
347952,0
347953,0
347954,0
347955,0
347956,0
347957,0
347958,0
347959,0
347960,0
347961,33
347962,0
347963,0
347964,29
347965,0
347966,0
347967,28
347968,0
347969,0
347970,0
347971,0
347972,0
347973,0
347974,0
347975,35
347976,0
347977,0
347978,0
347979,0
347980,0
347981,0
347982,0
347983,0
347984,0
347985,46
347986,14
347987,0
347988,0
347989,28
347990,0
347991,0
347992,28
347993,0
347994,0
347995,30
347996,48
347997,0
347998,0
347999,0
348000,0
348001,0
348002,0
348003,0
348004,46
348005,0
348006,0
348007,0
348008,0
348009,0
348010,23
348011,0
348012,37
348013,0
348014,0
348015,0
348016,0
348017,0
348018,26
348019,0
348020,33
348021,0
348022,0
348023,0
348024,0
348025,0
348026,0
348027,0
348028,0
348029,0
348030,0
348031,0
348032,33
348033,0
348034,0
348035,0
348036,0
348037,0
348038,0
348039,0
348040,0
348041,0
348042,0
348043,0
348044,0
348045,0
348046,0
348047,0
348048,0
348049,0
348050,0
348051,0
348052,0
348053,0
348054,0
348055,25
348056,0
348057,31
348058,0
348059,0
348060,29
348061,0
348062,30
348063,27
348064,0
348065,0
348066,0
348067,0
348068,0
348069,0
348070,0
348071,0
348072,0
348073,0
348074,0
348075,0
348076,41
348077,0
348078,32
348079,19
348080,0
348081,43
348082,0
348083,0
348084,0
348085,0
348086,0
348087,0
348088,0
348089,0
348090,43
348091,0
348092,0
348093,0
348094,0
348095,0
348096,28
348097,0
348098,0
348099,0
348100,0
348101,0
348102,0
348103,0
348104,0
348105,0
348106,0
348107,0
348108,0
348109,36
348110,0
348111,0
348112,0
348113,16
348114,29
348115,0
348116,0
348117,28
348118,0
348119,0
348120,0
348121,0
348122,0
348123,0
348124,0
348125,30
348126,0
348127,0
348128,0
348129,24
348130,0
348131,0
348132,0
348133,40
348134,0
348135,0
348136,0
348137,0
348138,0
348139,24
348140,33
348141,0
348142,0
348143,38
348144,20
348145,0
348146,33
348147,0
348148,0
348149,0
348150,0
348151,0
348152,0
348153,28
348154,0
348155,0
348156,39
348157,0
348158,0
348159,0
348160,0
348161,0
348162,0
348163,0
348164,23
348165,0
348166,0
348167,0
348168,0
348169,38
348170,0
348171,0
348172,0
348173,40
348174,0
348175,35
348176,0
348177,0
348178,0
348179,0
348180,0
348181,33
348182,35
348183,0
348184,0
348185,0
348186,21
348187,31
348188,0
348189,0
348190,0
348191,0
348192,0
348193,0
348194,0
348195,27
348196,0
348197,0
348198,0
348199,0
348200,0
348201,0
348202,0
348203,0
348204,0
348205,0
348206,0
348207,0
348208,0
348209,0
348210,0
348211,0
348212,0
348213,0
348214,30
348215,0
348216,0
348217,0
348218,0
348219,46
348220,0
348221,0
348222,39
348223,0
348224,34
348225,32
348226,0
348227,0
348228,39
348229,0
348230,35
348231,0
348232,0
348233,0
348234,0
348235,0
348236,0
348237,0
348238,34
348239,35
348240,0
348241,0
348242,0
348243,0
348244,0
348245,0
348246,34
348247,30
348248,0
348249,0
348250,0
348251,0
348252,0
348253,0
348254,0
348255,0
348256,0
348257,41
348258,0
348259,0
348260,0
348261,0
348262,41
348263,0
348264,0
348265,0
348266,0
348267,0
348268,0
348269,0
348270,0
348271,0
348272,26
348273,0
348274,0
348275,32
348276,0
348277,43
348278,0
348279,0
348280,0
348281,0
348282,0
348283,0
348284,0
348285,0
348286,0
348287,0
348288,0
348289,0
348290,0
348291,0
348292,0
348293,0
348294,38
348295,34
348296,0
348297,0
348298,0
348299,0
348300,0
348301,0
348302,0
348303,0
348304,0
348305,0
348306,0
348307,0
348308,0
348309,0
348310,0
348311,0
348312,0
348313,0
348314,0
348315,0
348316,0
348317,0
348318,0
348319,0
348320,0
348321,0
348322,0
348323,0
348324,0
348325,0
348326,0
348327,0
348328,0
348329,0
348330,0
348331,0
348332,0
348333,0
348334,0
348335,0
348336,0
348337,0
348338,0
348339,0
348340,0
348341,0
348342,1
348343,0
348344,0
348345,0
348346,0
348347,0
348348,0
348349,0
348350,0
348351,0
348352,0
348353,0
348354,0
348355,0
348356,0
348357,0
348358,0
348359,0
348360,0
348361,0
348362,0
348363,0
348364,0
348365,0
348366,0
348367,0
348368,0
348369,0
348370,0
348371,1
348372,0
348373,0
348374,0
348375,0
348376,0
348377,0
348378,0
348379,0
348380,0
348381,0
348382,0
348383,0
348384,0
348385,0
348386,0
348387,0
348388,0
348389,0
348390,0
348391,0
348392,0
348393,0
348394,0
348395,0
348396,0
348397,0
348398,0
348399,0
348400,0
348401,0
348402,0
348403,0
348404,0
348405,0
348406,0
348407,0
348408,0
348409,0
348410,0
348411,1
348412,0
348413,0
348414,0
348415,0
348416,0
348417,0
348418,0
348419,0
348420,0
348421,0
348422,0
348423,0
348424,0
348425,0
348426,0
348427,0
348428,0
348429,0
348430,0
348431,0
348432,0
348433,0
348434,0
348435,0
348436,0
348437,0
348438,0
348439,0
348440,0
348441,0
348442,0
348443,0
348444,0
348445,0
348446,0
348447,0
348448,0
348449,0
348450,0
348451,0
348452,0
348453,0
348454,0
348455,0
348456,0
348457,0
348458,0
348459,0
348460,0
348461,0
348462,0
348463,0
348464,0
348465,0
348466,0
348467,1
348468,0
348469,0
348470,0
348471,0
348472,0
348473,0
348474,0
348475,0
348476,0
348477,0
348478,0
348479,0
348480,0
348481,0
348482,0
348483,0
348484,0
348485,1
348486,0
348487,0
348488,0
348489,0
348490,0
348491,0
348492,0
348493,0
348494,0
348495,0
348496,0
348497,0
348498,0
348499,0
348500,0
348501,0
348502,0
348503,0
348504,0
348505,0
348506,0
348507,0
348508,0
348509,0
348510,0
348511,0
348512,0
348513,0
348514,0
348515,0
348516,0
348517,0
348518,0
348519,0
348520,0
348521,0
348522,0
348523,0
348524,0
348525,0
348526,0
348527,0
348528,0
348529,0
348530,0
348531,0
348532,0
348533,0
348534,0
348535,0
348536,1
348537,0
348538,0
348539,0
348540,0
348541,0
348542,0
348543,1
348544,0
348545,0
348546,0
348547,0
348548,0
348549,0
348550,0
348551,0
348552,0
348553,0
348554,0
348555,0
348556,0
348557,0
348558,0
348559,0
348560,0
348561,0
348562,0
348563,0
348564,0
348565,0
348566,0
348567,0
348568,0
348569,0
348570,0
348571,0
348572,0
348573,0
348574,0
348575,0
348576,0
348577,0
348578,0
348579,0
348580,0
348581,0
348582,0
348583,0
348584,0
348585,0
348586,0
348587,0
348588,0
348589,0
348590,0
348591,0
348592,0
348593,0
348594,0
348595,0
348596,0
348597,0
348598,0
348599,0
348600,0
348601,0
348602,0
348603,0
348604,0
348605,0
348606,0
348607,0
348608,0
348609,0
348610,0
348611,0
348612,0
348613,0
348614,0
348615,0
348616,0
348617,0
348618,0
348619,0
348620,0
348621,0
348622,0
348623,0
348624,0
348625,0
348626,0
348627,0
348628,0
348629,0
348630,0
348631,0
348632,0
348633,0
348634,0
348635,0
348636,0
348637,0
348638,1
348639,1
348640,0
348641,0
348642,0
348643,0
348644,0
348645,0
348646,0
348647,0
348648,0
348649,0
348650,0
348651,0
348652,0
348653,0
348654,0
348655,0
348656,0
348657,0
348658,0
348659,0
348660,0
348661,0
348662,0
348663,0
348664,0
348665,0
348666,0
348667,0
348668,0
348669,0
348670,0
348671,0
348672,0
348673,0
348674,0
348675,0
348676,0
348677,0
348678,0
348679,0
348680,0
348681,0
348682,0
348683,0
348684,0
348685,0
348686,0
348687,0
348688,0
348689,34
348690,34
348691,0
348692,33
348693,0
348694,0
348695,0
348696,0
348697,0
348698,0
348699,37
348700,0
348701,0
348702,0
348703,0
348704,35
348705,38
348706,0
348707,0
348708,0
348709,0
348710,0
348711,43
348712,33
348713,44
348714,0
348715,50
348716,0
348717,0
348718,37
348719,0
348720,0
348721,0
348722,30
348723,0
348724,0
348725,0
348726,0
348727,41
348728,36
348729,34
348730,0
348731,25
348732,47
348733,0
348734,0
348735,0
348736,0
348737,25
348738,0
348739,0
348740,0
348741,0
348742,0
348743,36
348744,34
348745,0
348746,0
348747,34
348748,0
348749,0
348750,0
348751,0
348752,0
348753,0
348754,0
348755,33
348756,0
348757,0
348758,0
348759,0
348760,0
348761,0
348762,0
348763,43
348764,32
348765,0
348766,42
348767,0
348768,33
348769,0
348770,0
348771,0
348772,34
348773,0
348774,0
348775,0
348776,0
348777,0
348778,37
348779,0
348780,0
348781,0
348782,0
348783,0
348784,0
348785,0
348786,0
348787,29
348788,0
348789,0
348790,42
348791,0
348792,0
348793,35
348794,0
348795,39
348796,35
348797,0
348798,24
348799,0
348800,0
348801,34
348802,0
348803,47
348804,0
348805,0
348806,0
348807,0
348808,37
348809,0
348810,28
348811,37
348812,0
348813,43
348814,0
348815,0
348816,0
348817,56
348818,0
348819,24
348820,0
348821,0
348822,0
348823,55
348824,0
348825,0
348826,44
348827,45
348828,31
348829,0
348830,0
348831,38
348832,0
348833,0
348834,0
348835,0
348836,0
348837,45
348838,40
348839,0
348840,34
348841,37
348842,43
348843,38
348844,28
348845,31
348846,0
348847,36
348848,40
348849,51
348850,0
348851,0
348852,39
348853,0
348854,0
348855,0
348856,0
348857,0
348858,0
348859,0
348860,0
348861,0
348862,27
348863,0
348864,42
348865,0
348866,29
348867,0
348868,44
348869,0
348870,0
348871,0
348872,0
348873,0
348874,49
348875,35
348876,30
348877,0
348878,0
348879,41
348880,0
348881,0
348882,35
348883,0
348884,0
348885,0
348886,0
348887,0
348888,0
348889,45
348890,0
348891,41
348892,0
348893,0
348894,39
348895,25
348896,0
348897,0
348898,34
348899,38
348900,0
348901,0
348902,41
348903,0
348904,0
348905,0
348906,0
348907,0
348908,0
348909,0
348910,31
348911,0
348912,0
348913,0
348914,0
348915,0
348916,0
348917,0
348918,0
348919,43
348920,0
348921,0
348922,0
348923,0
348924,0
348925,0
348926,0
348927,0
348928,16
348929,26
348930,0
348931,0
348932,0
348933,0
348934,0
348935,0
348936,0
348937,48
348938,0
348939,0
348940,36
348941,38
348942,0
348943,41
348944,25
348945,0
348946,0
348947,50
348948,0
348949,0
348950,36
348951,0
348952,0
348953,44
348954,0
348955,0
348956,0
348957,0
348958,37
348959,0
348960,0
348961,0
348962,0
348963,50
348964,0
348965,0
348966,0
348967,0
348968,39
348969,0
348970,38
348971,0
348972,27
348973,36
348974,0
348975,49
348976,28
348977,0
348978,0
348979,28
348980,0
348981,0
348982,39
348983,0
348984,0
348985,0
348986,0
348987,0
348988,28
348989,33
348990,0
348991,48
348992,31
348993,0
348994,0
348995,32
348996,0
348997,35
348998,0
348999,31
349000,34
349001,20
349002,37
349003,0
349004,0
349005,0
349006,37
349007,0
349008,0
349009,0
349010,0
349011,0
349012,39
349013,0
349014,27
349015,43
349016,0
349017,0
349018,43
349019,0
349020,0
349021,0
349022,0
349023,31
349024,30
349025,0
349026,0
349027,0
349028,0
349029,0
349030,0
349031,0
349032,0
349033,0
349034,0
349035,26
349036,0
349037,0
349038,0
349039,0
349040,35
349041,0
349042,0
349043,0
349044,0
349045,19
349046,34
349047,0
349048,46
349049,0
349050,0
349051,0
349052,29
349053,0
349054,0
349055,0
349056,0
349057,0
349058,0
349059,25
349060,0
349061,0
349062,0
349063,53
349064,40
349065,35
349066,0
349067,39
349068,0
349069,40
349070,35
349071,0
349072,0
349073,0
349074,0
349075,35
349076,0
349077,41
349078,0
349079,0
349080,0
349081,0
349082,0
349083,0
349084,0
349085,38
349086,44
349087,0
349088,0
349089,0
349090,0
349091,0
349092,0
349093,0
349094,0
349095,0
349096,0
349097,0
349098,0
349099,0
349100,0
349101,0
349102,0
349103,0
349104,35
349105,39
349106,0
349107,0
349108,0
349109,0
349110,33
349111,0
349112,33
349113,0
349114,0
349115,0
349116,34
349117,0
349118,0
349119,55
349120,0
349121,0
349122,44
349123,0
349124,0
349125,0
349126,31
349127,0
349128,27
349129,0
349130,33
349131,0
349132,42
349133,0
349134,0
349135,0
349136,0
349137,0
349138,35
349139,0
349140,0
349141,0
349142,0
349143,0
349144,0
349145,0
349146,0
349147,0
349148,0
349149,0
349150,28
349151,0
349152,0
349153,37
349154,40
349155,0
349156,46
349157,0
349158,0
349159,0
349160,0
349161,0
349162,43
349163,0
349164,0
349165,38
349166,0
349167,0
349168,32
349169,37
349170,0
349171,0
349172,0
349173,0
349174,0
349175,0
349176,0
349177,0
349178,0
349179,51
349180,0
349181,0
349182,0
349183,57
349184,36
349185,0
349186,0
349187,0
349188,0
349189,0
349190,0
349191,0
349192,0
349193,52
349194,0
349195,40
349196,0
349197,34
349198,0
349199,28
349200,0
349201,30
349202,0
349203,0
349204,0
349205,0
349206,0
349207,0
349208,0
349209,0
349210,40
349211,0
349212,0
349213,37
349214,37
349215,36
349216,0
349217,29
349218,0
349219,0
349220,0
349221,49
349222,0
349223,0
349224,0
349225,0
349226,0
349227,37
349228,0
349229,36
349230,0
349231,0
349232,27
349233,0
349234,41
349235,0
349236,0
349237,38
349238,47
349239,0
349240,39
349241,0
349242,0
349243,0
349244,0
349245,49
349246,0
349247,28
349248,0
349249,31
349250,28
349251,31
349252,39
349253,0
349254,0
349255,33
349256,0
349257,0
349258,0
349259,0
349260,0
349261,0
349262,16
349263,0
349264,0
349265,0
349266,0
349267,0
349268,0
349269,0
349270,0
349271,0
349272,0
349273,0
349274,0
349275,0
349276,0
349277,0
349278,0
349279,0
349280,0
349281,0
349282,0
349283,0
349284,0
349285,0
349286,22
349287,0
349288,0
349289,0
349290,0
349291,0
349292,15
349293,0
349294,15
349295,0
349296,0
349297,0
349298,0
349299,0
349300,0
349301,0
349302,0
349303,0
349304,21
349305,17
349306,0
349307,17
349308,0
349309,0
349310,0
349311,0
349312,0
349313,0
349314,8
349315,0
349316,0
349317,0
349318,0
349319,0
349320,0
349321,0
349322,15
349323,0
349324,0
349325,0
349326,0
349327,0
349328,0
349329,0
349330,0
349331,0
349332,10
349333,0
349334,0
349335,0
349336,0
349337,0
349338,0
349339,0
349340,0
349341,0
349342,0
349343,11
349344,0
349345,0
349346,0
349347,0
349348,0
349349,0
349350,0
349351,0
349352,15
349353,0
349354,0
349355,0
349356,0
349357,0
349358,0
349359,0
349360,0
349361,18
349362,15
349363,14
349364,0
349365,0
349366,0
349367,0
349368,0
349369,0
349370,15
349371,0
349372,0
349373,11
349374,0
349375,0
349376,0
349377,0
349378,0
349379,0
349380,15
349381,14
349382,0
349383,0
349384,0
349385,0
349386,0
349387,23
349388,0
349389,0
349390,0
349391,18
349392,0
349393,13
349394,0
349395,0
349396,13
349397,0
349398,0
349399,0
349400,0
349401,0
349402,0
349403,0
349404,0
349405,0
349406,0
349407,0
349408,20
349409,0
349410,0
349411,0
349412,8
349413,0
349414,0
349415,0
349416,0
349417,0
349418,0
349419,0
349420,0
349421,0
349422,0
349423,11
349424,14
349425,0
349426,0
349427,0
349428,0
349429,10
349430,0
349431,0
349432,0
349433,0
349434,18
349435,0
349436,0
349437,0
349438,0
349439,0
349440,0
349441,0
349442,14
349443,0
349444,0
349445,0
349446,0
349447,0
349448,12
349449,0
349450,0
349451,0
349452,0
349453,0
349454,0
349455,0
349456,0
349457,0
349458,18
349459,0
349460,0
349461,0
349462,0
349463,0
349464,0
349465,0
349466,0
349467,0
349468,13
349469,0
349470,0
349471,0
349472,0
349473,0
349474,0
349475,0
349476,12
349477,9
349478,0
349479,0
349480,0
349481,0
349482,0
349483,0
349484,0
349485,0
349486,0
349487,12
349488,0
349489,0
349490,0
349491,0
349492,0
349493,0
349494,14
349495,0
349496,0
349497,0
349498,0
349499,0
349500,0
349501,0
349502,12
349503,0
349504,0
349505,0
349506,10
349507,0
349508,0
349509,0
349510,0
349511,0
349512,0
349513,0
349514,0
349515,0
349516,0
349517,0
349518,0
349519,0
349520,14
349521,14
349522,0
349523,0
349524,0
349525,0
349526,0
349527,0
349528,0
349529,19
349530,0
349531,0
349532,0
349533,0
349534,0
349535,0
349536,0
349537,0
349538,11
349539,16
349540,0
349541,0
349542,0
349543,0
349544,0
349545,0
349546,0
349547,0
349548,0
349549,0
349550,0
349551,0
349552,0
349553,25
349554,0
349555,0
349556,10
349557,0
349558,0
349559,0
349560,0
349561,13
349562,0
349563,0
349564,0
349565,0
349566,0
349567,0
349568,0
349569,0
349570,0
349571,0
349572,0
349573,0
349574,0
349575,0
349576,0
349577,0
349578,0
349579,16
349580,0
349581,0
349582,0
349583,14
349584,0
349585,0
349586,0
349587,0
349588,0
349589,14
349590,0
349591,0
349592,0
349593,0
349594,0
349595,0
349596,0
349597,10
349598,0
349599,14
349600,0
349601,0
349602,0
349603,0
349604,0
349605,0
349606,0
349607,0
349608,0
349609,0
349610,0
349611,0
349612,0
349613,0
349614,0
349615,17
349616,0
349617,0
349618,0
349619,0
349620,0
349621,16
349622,0
349623,14
349624,0
349625,0
349626,0
349627,0
349628,0
349629,0
349630,20
349631,0
349632,0
349633,12
349634,15
349635,0
349636,0
349637,15
349638,0
349639,0
349640,0
349641,0
349642,15
349643,0
349644,0
349645,0
349646,0
349647,10
349648,10
349649,0
349650,0
349651,0
349652,0
349653,0
349654,22
349655,0
349656,0
349657,0
349658,15
349659,0
349660,0
349661,0
349662,0
349663,0
349664,0
349665,0
349666,0
349667,0
349668,16
349669,0
349670,25
349671,19
349672,14
349673,0
349674,8
349675,0
349676,0
349677,27
349678,0
349679,28
349680,0
349681,0
349682,0
349683,16
349684,0
349685,9
349686,0
349687,12
349688,0
349689,0
349690,0
349691,11
349692,0
349693,0
349694,0
349695,19
349696,0
349697,0
349698,0
349699,0
349700,0
349701,0
349702,0
349703,0
349704,0
349705,0
349706,15
349707,0
349708,0
349709,0
349710,0
349711,0
349712,16
349713,0
349714,0
349715,0
349716,0
349717,0
349718,0
349719,0
349720,0
349721,0
349722,18
349723,0
349724,0
349725,0
349726,0
349727,0
349728,0
349729,0
349730,0
349731,0
349732,0
349733,0
349734,0
349735,0
349736,0
349737,0
349738,0
349739,0
349740,0
349741,0
349742,0
349743,0
349744,0
349745,0
349746,0
349747,0
349748,0
349749,13
349750,0
349751,0
349752,0
349753,0
349754,0
349755,0
349756,0
349757,0
349758,0
349759,0
349760,0
349761,0
349762,0
349763,13
349764,0
349765,0
349766,0
349767,0
349768,0
349769,9
349770,0
349771,0
349772,0
349773,21
349774,0
349775,0
349776,0
349777,0
349778,0
349779,10
349780,0
349781,0
349782,0
349783,0
349784,0
349785,0
349786,0
349787,0
349788,0
349789,0
349790,0
349791,0
349792,0
349793,0
349794,0
349795,0
349796,0
349797,0
349798,0
349799,0
349800,0
349801,0
349802,0
349803,0
349804,0
349805,0
349806,0
349807,0
349808,0
349809,0
349810,0
349811,0
349812,0
349813,0
349814,0
349815,0
349816,0
349817,0
349818,0
349819,0
349820,0
349821,0
349822,0
349823,0
349824,0
349825,0
349826,0
349827,0
349828,0
349829,0
349830,0
349831,0
349832,0
349833,0
349834,0
349835,0
349836,0
349837,0
349838,0
349839,15
349840,0
349841,0
349842,0
349843,0
349844,0
349845,0
349846,0
349847,0
349848,0
349849,0
349850,0
349851,0
349852,0
349853,0
349854,0
349855,0
349856,0
349857,0
349858,0
349859,0
349860,0
349861,16
349862,0
349863,0
349864,0
349865,0
349866,6
349867,0
349868,0
349869,0
349870,0
349871,0
349872,0
349873,0
349874,0
349875,0
349876,0
349877,0
349878,0
349879,0
349880,0
349881,0
349882,0
349883,0
349884,0
349885,0
349886,0
349887,0
349888,18
349889,0
349890,0
349891,0
349892,0
349893,0
349894,0
349895,0
349896,0
349897,0
349898,0
349899,0
349900,12
349901,0
349902,0
349903,0
349904,0
349905,0
349906,0
349907,0
349908,0
349909,0
349910,0
349911,0
349912,0
349913,0
349914,0
349915,0
349916,0
349917,0
349918,0
349919,0
349920,0
349921,0
349922,0
349923,0
349924,0
349925,0
349926,0
349927,0
349928,0
349929,0
349930,0
349931,0
349932,0
349933,0
349934,0
349935,0
349936,0
349937,0
349938,0
349939,0
349940,0
349941,0
349942,0
349943,0
349944,0
349945,0
349946,0
349947,0
349948,0
349949,8
349950,0
349951,0
349952,0
349953,0
349954,0
349955,0
349956,0
349957,0
349958,0
349959,0
349960,0
349961,0
349962,0
349963,0
349964,0
349965,0
349966,0
349967,0
349968,0
349969,0
349970,0
349971,0
349972,0
349973,0
349974,0
349975,0
349976,0
349977,0
349978,0
349979,0
349980,0
349981,0
349982,0
349983,16
349984,0
349985,0
349986,0
349987,0
349988,0
349989,0
349990,0
349991,0
349992,0
349993,0
349994,0
349995,0
349996,21
349997,0
349998,0
349999,0
350000,0
350001,0
350002,0
350003,0
350004,0
350005,0
350006,0
350007,0
350008,0
350009,18
350010,17
350011,18
350012,13
350013,0
350014,0
350015,0
350016,0
350017,0
350018,0
350019,0
350020,0
350021,0
350022,0
350023,0
350024,0
350025,0
350026,0
350027,0
350028,0
350029,0
350030,0
350031,27
350032,0
350033,0
350034,0
350035,44
350036,0
350037,0
350038,0
350039,0
350040,0
350041,0
350042,52
350043,32
350044,40
350045,0
350046,42
350047,50
350048,0
350049,0
350050,34
350051,29
350052,26
350053,0
350054,25
350055,0
350056,0
350057,0
350058,0
350059,32
350060,0
350061,31
350062,40
350063,0
350064,0
350065,0
350066,0
350067,0
350068,0
350069,0
350070,0
350071,0
350072,33
350073,0
350074,31
350075,0
350076,0
350077,0
350078,0
350079,0
350080,0
350081,0
350082,35
350083,0
350084,0
350085,0
350086,0
350087,0
350088,0
350089,0
350090,0
350091,0
350092,0
350093,0
350094,20
350095,0
350096,0
350097,0
350098,0
350099,0
350100,34
350101,0
350102,0
350103,0
350104,0
350105,0
350106,0
350107,0
350108,0
350109,22
350110,0
350111,0
350112,38
350113,0
350114,0
350115,0
350116,0
350117,0
350118,30
350119,0
350120,0
350121,0
350122,0
350123,30
350124,0
350125,0
350126,0
350127,0
350128,0
350129,0
350130,37
350131,0
350132,0
350133,0
350134,44
350135,35
350136,0
350137,30
350138,0
350139,29
350140,28
350141,0
350142,0
350143,0
350144,30
350145,0
350146,0
350147,0
350148,0
350149,0
350150,0
350151,33
350152,0
350153,38
350154,0
350155,32
350156,31
350157,0
350158,0
350159,0
350160,29
350161,0
350162,0
350163,0
350164,15
350165,0
350166,0
350167,0
350168,0
350169,0
350170,37
350171,0
350172,48
350173,31
350174,0
350175,0
350176,0
350177,0
350178,50
350179,0
350180,34
350181,0
350182,0
350183,0
350184,34
350185,0
350186,0
350187,0
350188,26
350189,0
350190,0
350191,48
350192,40
350193,38
350194,0
350195,0
350196,0
350197,0
350198,0
350199,0
350200,0
350201,0
350202,0
350203,30
350204,27
350205,0
350206,0
350207,32
350208,0
350209,0
350210,0
350211,0
350212,0
350213,29
350214,0
350215,0
350216,0
350217,27
350218,0
350219,0
350220,0
350221,0
350222,0
350223,0
350224,0
350225,0
350226,0
350227,0
350228,0
350229,0
350230,0
350231,37
350232,0
350233,0
350234,0
350235,0
350236,51
350237,0
350238,25
350239,0
350240,0
350241,28
350242,0
350243,33
350244,34
350245,0
350246,0
350247,26
350248,0
350249,0
350250,0
350251,30
350252,34
350253,42
350254,0
350255,0
350256,0
350257,0
350258,0
350259,0
350260,31
350261,0
350262,30
350263,0
350264,0
350265,33
350266,0
350267,25
350268,0
350269,0
350270,0
350271,0
350272,0
350273,0
350274,0
350275,0
350276,0
350277,25
350278,0
350279,40
350280,0
350281,0
350282,27
350283,0
350284,0
350285,0
350286,0
350287,0
350288,0
350289,38
350290,0
350291,0
350292,0
350293,0
350294,0
350295,0
350296,32
350297,0
350298,40
350299,0
350300,0
350301,0
350302,42
350303,0
350304,0
350305,0
350306,0
350307,20
350308,0
350309,0
350310,0
350311,0
350312,0
350313,0
350314,0
350315,19
350316,0
350317,0
350318,0
350319,0
350320,0
350321,43
350322,0
350323,31
350324,0
350325,18
350326,0
350327,0
350328,0
350329,0
350330,19
350331,0
350332,22
350333,23
350334,0
350335,21
350336,0
350337,0
350338,0
350339,0
350340,0
350341,0
350342,17
350343,19
350344,0
350345,0
350346,23
350347,0
350348,0
350349,0
350350,0
350351,14
350352,0
350353,17
350354,0
350355,0
350356,20
350357,0
350358,25
350359,25
350360,0
350361,0
350362,0
350363,29
350364,0
350365,23
350366,0
350367,0
350368,0
350369,0
350370,0
350371,0
350372,21
350373,0
350374,0
350375,0
350376,0
350377,0
350378,0
350379,0
350380,0
350381,22
350382,0
350383,27
350384,0
350385,18
350386,27
350387,30
350388,0
350389,0
350390,0
350391,0
350392,0
350393,0
350394,0
350395,24
350396,0
350397,0
350398,0
350399,0
350400,21
350401,0
350402,0
350403,0
350404,25
350405,19
350406,0
350407,0
350408,0
350409,13
350410,0
350411,0
350412,0
350413,13
350414,0
350415,0
350416,27
350417,0
350418,0
350419,0
350420,0
350421,0
350422,0
350423,0
350424,0
350425,13
350426,0
350427,20
350428,17
350429,0
350430,0
350431,0
350432,0
350433,19
350434,12
350435,0
350436,0
350437,0
350438,17
350439,12
350440,15
350441,0
350442,22
350443,0
350444,30
350445,20
350446,17
350447,18
350448,0
350449,15
350450,0
350451,0
350452,0
350453,21
350454,20
350455,0
350456,0
350457,0
350458,27
350459,0
350460,20
350461,0
350462,0
350463,19
350464,0
350465,23
350466,25
350467,14
350468,0
350469,0
350470,24
350471,0
350472,0
350473,0
350474,0
350475,0
350476,0
350477,0
350478,0
350479,0
350480,0
350481,0
350482,15
350483,0
350484,0
350485,0
350486,0
350487,0
350488,0
350489,0
350490,32
350491,0
350492,0
350493,0
350494,0
350495,0
350496,20
350497,0
350498,0
350499,0
350500,26
350501,18
350502,0
350503,0
350504,21
350505,0
350506,0
350507,0
350508,0
350509,0
350510,16
350511,19
350512,26
350513,24
350514,22
350515,0
350516,0
350517,0
350518,0
350519,0
350520,16
350521,22
350522,0
350523,23
350524,24
350525,0
350526,33
350527,0
350528,0
350529,0
350530,0
350531,0
350532,23
350533,0
350534,0
350535,0
350536,0
350537,0
350538,0
350539,0
350540,0
350541,0
350542,0
350543,24
350544,22
350545,0
350546,0
350547,0
350548,0
350549,0
350550,26
350551,0
350552,0
350553,0
350554,28
350555,0
350556,0
350557,0
350558,0
350559,0
350560,0
350561,0
350562,0
350563,26
350564,0
350565,0
350566,0
350567,28
350568,0
350569,0
350570,0
350571,0
350572,26
350573,14
350574,0
350575,26
350576,22
350577,0
350578,0
350579,19
350580,26
350581,0
350582,0
350583,0
350584,16
350585,0
350586,0
350587,0
350588,0
350589,0
350590,0
350591,14
350592,30
350593,0
350594,0
350595,0
350596,21
350597,0
350598,0
350599,16
350600,0
350601,0
350602,25
350603,15
350604,0
350605,0
350606,0
350607,0
350608,0
350609,15
350610,0
350611,37
350612,0
350613,0
350614,22
350615,0
350616,0
350617,31
350618,0
350619,0
350620,27
350621,16
350622,0
350623,0
350624,17
350625,0
350626,0
350627,17
350628,0
350629,0
350630,13
350631,22
350632,19
350633,0
350634,0
350635,24
350636,0
350637,26
350638,0
350639,0
350640,0
350641,0
350642,16
350643,0
350644,19
350645,13
350646,0
350647,0
350648,0
350649,0
350650,0
350651,0
350652,0
350653,0
350654,0
350655,19
350656,0
350657,0
350658,0
350659,0
350660,0
350661,16
350662,25
350663,16
350664,0
350665,0
350666,14
350667,0
350668,0
350669,0
350670,18
350671,0
350672,0
350673,0
350674,0
350675,0
350676,0
350677,0
350678,0
350679,0
350680,0
350681,0
350682,21
350683,0
350684,0
350685,0
350686,26
350687,0
350688,0
350689,0
350690,0
350691,0
350692,20
350693,0
350694,0
350695,0
350696,0
350697,0
350698,18
350699,0
350700,0
350701,0
350702,27
350703,19
350704,27
350705,0
350706,0
350707,18
350708,0
350709,0
350710,24
350711,0
350712,16
350713,0
350714,0
350715,0
350716,19
350717,0
350718,0
350719,26
350720,0
350721,24
350722,14
350723,0
350724,0
350725,16
350726,0
350727,31
350728,0
350729,0
350730,0
350731,0
350732,0
350733,0
350734,0
350735,0
350736,0
350737,0
350738,22
350739,0
350740,0
350741,0
350742,0
350743,18
350744,0
350745,33
350746,17
350747,0
350748,0
350749,0
350750,0
350751,19
350752,38
350753,0
350754,0
350755,0
350756,0
350757,0
350758,0
350759,0
350760,0
350761,0
350762,0
350763,0
350764,16
350765,0
350766,0
350767,33
350768,0
350769,15
350770,0
350771,0
350772,0
350773,0
350774,0
350775,21
350776,0
350777,0
350778,0
350779,0
350780,0
350781,14
350782,17
350783,0
350784,0
350785,0
350786,0
350787,0
350788,0
350789,20
350790,20
350791,0
350792,0
350793,0
350794,0
350795,0
350796,0
350797,0
350798,0
350799,0
350800,33
350801,0
350802,27
350803,0
350804,25
350805,0
350806,8
350807,0
350808,0
350809,0
350810,0
350811,0
350812,0
350813,0
350814,0
350815,0
350816,0
350817,0
350818,0
350819,0
350820,0
350821,0
350822,0
350823,16
350824,0
350825,0
350826,0
350827,13
350828,18
350829,0
350830,0
350831,12
350832,0
350833,0
350834,0
350835,0
350836,0
350837,24
350838,0
350839,0
350840,13
350841,0
350842,0
350843,0
350844,0
350845,0
350846,0
350847,0
350848,12
350849,31
350850,0
350851,0
350852,0
350853,18
350854,30
350855,0
350856,0
350857,0
350858,0
350859,0
350860,21
350861,0
350862,0
350863,0
350864,0
350865,0
350866,0
350867,0
350868,0
350869,14
350870,0
350871,0
350872,23
350873,0
350874,0
350875,0
350876,0
350877,11
350878,18
350879,0
350880,0
350881,0
350882,0
350883,0
350884,0
350885,0
350886,0
350887,0
350888,0
350889,17
350890,22
350891,0
350892,0
350893,0
350894,0
350895,23
350896,23
350897,0
350898,0
350899,0
350900,0
350901,10
350902,0
350903,0
350904,17
350905,25
350906,0
350907,29
350908,0
350909,0
350910,13
350911,0
350912,0
350913,0
350914,0
350915,0
350916,0
350917,22
350918,0
350919,21
350920,0
350921,0
350922,0
350923,0
350924,0
350925,0
350926,0
350927,0
350928,25
350929,22
350930,15
350931,0
350932,0
350933,0
350934,0
350935,0
350936,0
350937,0
350938,0
350939,35
350940,0
350941,0
350942,0
350943,0
350944,0
350945,0
350946,0
350947,0
350948,13
350949,0
350950,0
350951,0
350952,0
350953,0
350954,19
350955,17
350956,0
350957,0
350958,0
350959,0
350960,0
350961,0
350962,16
350963,17
350964,16
350965,15
350966,0
350967,0
350968,0
350969,33
350970,20
350971,0
350972,0
350973,0
350974,20
350975,0
350976,0
350977,0
350978,0
350979,0
350980,31
350981,0
350982,0
350983,0
350984,0
350985,0
350986,0
350987,0
350988,0
350989,0
350990,0
350991,0
350992,0
350993,0
350994,0
350995,0
350996,0
350997,15
350998,0
350999,0
351000,0
351001,15
351002,0
351003,0
351004,0
351005,0
351006,0
351007,0
351008,0
351009,0
351010,0
351011,13
351012,0
351013,0
351014,0
351015,13
351016,0
351017,0
351018,0
351019,0
351020,0
351021,9
351022,0
351023,0
351024,0
351025,0
351026,8
351027,16
351028,0
351029,0
351030,0
351031,0
351032,0
351033,0
351034,0
351035,0
351036,14
351037,12
351038,0
351039,13
351040,0
351041,0
351042,10
351043,0
351044,0
351045,0
351046,0
351047,16
351048,0
351049,0
351050,0
351051,13
351052,0
351053,0
351054,0
351055,0
351056,0
351057,0
351058,0
351059,0
351060,17
351061,0
351062,0
351063,0
351064,0
351065,0
351066,0
351067,0
351068,6
351069,0
351070,15
351071,0
351072,0
351073,0
351074,0
351075,14
351076,0
351077,13
351078,0
351079,0
351080,12
351081,0
351082,0
351083,15
351084,0
351085,0
351086,0
351087,6
351088,0
351089,7
351090,0
351091,0
351092,0
351093,0
351094,0
351095,0
351096,0
351097,0
351098,0
351099,0
351100,0
351101,8
351102,0
351103,0
351104,11
351105,0
351106,0
351107,0
351108,0
351109,0
351110,7
351111,0
351112,0
351113,0
351114,0
351115,0
351116,0
351117,0
351118,0
351119,0
351120,0
351121,0
351122,0
351123,0
351124,7
351125,0
351126,13
351127,0
351128,18
351129,11
351130,0
351131,0
351132,0
351133,0
351134,0
351135,9
351136,0
351137,0
351138,0
351139,10
351140,0
351141,0
351142,0
351143,0
351144,0
351145,16
351146,0
351147,0
351148,5
351149,0
351150,0
351151,0
351152,0
351153,0
351154,0
351155,0
351156,0
351157,0
351158,13
351159,0
351160,0
351161,0
351162,0
351163,11
351164,13
351165,0
351166,0
351167,8
351168,0
351169,0
351170,0
351171,0
351172,9
351173,12
351174,18
351175,0
351176,0
351177,8
351178,15
351179,0
351180,0
351181,0
351182,0
351183,0
351184,0
351185,7
351186,0
351187,14
351188,10
351189,0
351190,0
351191,0
351192,11
351193,0
351194,0
351195,0
351196,0
351197,0
351198,0
351199,0
351200,0
351201,0
351202,8
351203,0
351204,0
351205,0
351206,0
351207,8
351208,3
351209,0
351210,0
351211,0
351212,0
351213,0
351214,0
351215,0
351216,0
351217,0
351218,0
351219,0
351220,0
351221,0
351222,0
351223,0
351224,0
351225,0
351226,0
351227,0
351228,0
351229,14
351230,0
351231,0
351232,0
351233,0
351234,7
351235,9
351236,15
351237,0
351238,12
351239,0
351240,0
351241,0
351242,0
351243,0
351244,0
351245,0
351246,0
351247,0
351248,0
351249,0
351250,0
351251,0
351252,0
351253,0
351254,0
351255,12
351256,0
351257,0
351258,0
351259,0
351260,16
351261,0
351262,0
351263,0
351264,0
351265,0
351266,0
351267,0
351268,0
351269,0
351270,0
351271,0
351272,0
351273,0
351274,0
351275,0
351276,0
351277,0
351278,0
351279,0
351280,0
351281,0
351282,0
351283,0
351284,13
351285,0
351286,0
351287,0
351288,0
351289,0
351290,7
351291,15
351292,0
351293,0
351294,0
351295,0
351296,0
351297,0
351298,0
351299,0
351300,0
351301,0
351302,0
351303,0
351304,0
351305,16
351306,0
351307,0
351308,0
351309,0
351310,0
351311,0
351312,0
351313,11
351314,11
351315,12
351316,0
351317,0
351318,0
351319,0
351320,0
351321,0
351322,16
351323,4
351324,0
351325,0
351326,0
351327,0
351328,0
351329,7
351330,0
351331,0
351332,0
351333,6
351334,0
351335,0
351336,10
351337,20
351338,0
351339,0
351340,0
351341,0
351342,0
351343,16
351344,10
351345,0
351346,0
351347,7
351348,12
351349,10
351350,10
351351,16
351352,19
351353,0
351354,0
351355,14
351356,0
351357,0
351358,11
351359,0
351360,0
351361,0
351362,18
351363,0
351364,0
351365,13
351366,0
351367,0
351368,0
351369,0
351370,0
351371,0
351372,0
351373,0
351374,0
351375,0
351376,0
351377,0
351378,0
351379,0
351380,0
351381,0
351382,16
351383,0
351384,0
351385,13
351386,17
351387,11
351388,20
351389,0
351390,0
351391,0
351392,13
351393,0
351394,14
351395,0
351396,0
351397,12
351398,12
351399,0
351400,0
351401,0
351402,0
351403,0
351404,0
351405,0
351406,6
351407,0
351408,8
351409,0
351410,0
351411,0
351412,0
351413,0
351414,0
351415,0
351416,0
351417,15
351418,0
351419,0
351420,0
351421,0
351422,0
351423,0
351424,0
351425,8
351426,0
351427,0
351428,0
351429,0
351430,0
351431,0
351432,9
351433,0
351434,0
351435,0
351436,10
351437,0
351438,0
351439,0
351440,12
351441,0
351442,0
351443,0
351444,0
351445,0
351446,12
351447,0
351448,0
351449,0
351450,10
351451,0
351452,0
351453,0
351454,0
351455,0
351456,0
351457,0
351458,7
351459,0
351460,0
351461,6
351462,0
351463,0
351464,9
351465,0
351466,0
351467,0
351468,14
351469,0
351470,0
351471,0
351472,0
351473,0
351474,14
351475,0
351476,0
351477,0
351478,0
351479,0
351480,0
351481,10
351482,0
351483,0
351484,0
351485,12
351486,9
351487,14
351488,0
351489,0
351490,0
351491,0
351492,6
351493,0
351494,0
351495,0
351496,0
351497,0
351498,0
351499,0
351500,17
351501,0
351502,0
351503,0
351504,9
351505,0
351506,0
351507,11
351508,0
351509,0
351510,0
351511,0
351512,0
351513,0
351514,0
351515,0
351516,4
351517,0
351518,0
351519,10
351520,0
351521,0
351522,8
351523,0
351524,0
351525,0
351526,0
351527,9
351528,0
351529,4
351530,12
351531,0
351532,0
351533,0
351534,0
351535,0
351536,0
351537,6
351538,0
351539,10
351540,0
351541,0
351542,0
351543,0
351544,0
351545,0
351546,0
351547,19
351548,5
351549,11
351550,0
351551,10
351552,0
351553,0
351554,0
351555,0
351556,0
351557,0
351558,0
351559,0
351560,9
351561,0
351562,0
351563,13
351564,0
351565,0
351566,0
351567,0
351568,0
351569,0
351570,0
351571,0
351572,0
351573,0
351574,0
351575,0
351576,0
351577,0
351578,0
351579,0
351580,0
351581,0
351582,0
351583,15
351584,10
351585,0
351586,0
351587,0
351588,0
351589,0
351590,10
351591,0
351592,0
351593,0
351594,0
351595,0
351596,0
351597,0
351598,0
351599,16
351600,5
351601,0
351602,13
351603,0
351604,0
351605,0
351606,0
351607,0
351608,0
351609,0
351610,0
351611,0
351612,0
351613,9
351614,0
351615,9
351616,0
351617,0
351618,0
351619,15
351620,0
351621,0
351622,0
351623,6
351624,0
351625,0
351626,0
351627,0
351628,11
351629,0
351630,0
351631,0
351632,0
351633,0
351634,0
351635,6
351636,0
351637,18
351638,0
351639,0
351640,0
351641,0
351642,0
351643,0
351644,0
351645,0
351646,17
351647,0
351648,0
351649,0
351650,12
351651,13
351652,0
351653,0
351654,0
351655,0
351656,0
351657,0
351658,0
351659,0
351660,0
351661,0
351662,11
351663,9
351664,0
351665,0
351666,0
351667,0
351668,11
351669,0
351670,11
351671,19
351672,0
351673,0
351674,0
351675,9
351676,0
351677,0
351678,0
351679,0
351680,0
351681,0
351682,14
351683,0
351684,0
351685,13
351686,0
351687,0
351688,0
351689,0
351690,8
351691,0
351692,0
351693,0
351694,0
351695,0
351696,0
351697,0
351698,0
351699,0
351700,9
351701,0
351702,0
351703,0
351704,0
351705,0
351706,0
351707,13
351708,0
351709,0
351710,0
351711,18
351712,0
351713,0
351714,0
351715,10
351716,0
351717,0
351718,12
351719,18
351720,0
351721,0
351722,0
351723,0
351724,0
351725,5
351726,0
351727,0
351728,0
351729,0
351730,15
351731,13
351732,0
351733,0
351734,0
351735,10
351736,0
351737,17
351738,5
351739,0
351740,15
351741,0
351742,0
351743,0
351744,12
351745,0
351746,0
351747,10
351748,0
351749,16
351750,0
351751,0
351752,0
351753,14
351754,0
351755,0
351756,0
351757,0
351758,0
351759,12
351760,0
351761,0
351762,0
351763,0
351764,14
351765,0
351766,8
351767,0
351768,0
351769,0
351770,0
351771,0
351772,0
351773,0
351774,0
351775,0
351776,0
351777,0
351778,0
351779,0
351780,0
351781,0
351782,0
351783,0
351784,0
351785,0
351786,0
351787,0
351788,0
351789,0
351790,0
351791,0
351792,0
351793,0
351794,0
351795,0
351796,0
351797,0
351798,0
351799,0
351800,0
351801,0
351802,9
351803,0
351804,0
351805,0
351806,0
351807,0
351808,0
351809,0
351810,0
351811,0
351812,0
351813,0
351814,0
351815,0
351816,7
351817,0
351818,0
351819,0
351820,0
351821,0
351822,0
351823,0
351824,0
351825,0
351826,8
351827,0
351828,0
351829,0
351830,11
351831,0
351832,0
351833,5
351834,0
351835,0
351836,0
351837,0
351838,0
351839,0
351840,0
351841,0
351842,6
351843,0
351844,0
351845,0
351846,0
351847,0
351848,12
351849,0
351850,0
351851,15
351852,0
351853,0
351854,0
351855,0
351856,0
351857,0
351858,8
351859,0
351860,0
351861,0
351862,0
351863,0
351864,0
351865,0
351866,0
351867,0
351868,0
351869,0
351870,0
351871,0
351872,0
351873,0
351874,0
351875,0
351876,0
351877,0
351878,0
351879,0
351880,15
351881,0
351882,0
351883,0
351884,0
351885,0
351886,12
351887,0
351888,0
351889,0
351890,0
351891,0
351892,0
351893,0
351894,0
351895,0
351896,0
351897,0
351898,0
351899,0
351900,9
351901,0
351902,0
351903,0
351904,0
351905,8
351906,0
351907,0
351908,0
351909,0
351910,0
351911,0
351912,0
351913,0
351914,0
351915,0
351916,0
351917,0
351918,9
351919,0
351920,0
351921,9
351922,0
351923,0
351924,0
351925,0
351926,0
351927,0
351928,0
351929,0
351930,0
351931,0
351932,0
351933,0
351934,9
351935,0
351936,0
351937,0
351938,0
351939,0
351940,0
351941,0
351942,0
351943,0
351944,0
351945,0
351946,0
351947,0
351948,0
351949,0
351950,0
351951,0
351952,0
351953,0
351954,0
351955,0
351956,0
351957,0
351958,0
351959,0
351960,0
351961,0
351962,13
351963,0
351964,0
351965,0
351966,0
351967,0
351968,0
351969,0
351970,0
351971,0
351972,0
351973,0
351974,0
351975,0
351976,0
351977,0
351978,0
351979,0
351980,0
351981,0
351982,0
351983,0
351984,7
351985,0
351986,0
351987,0
351988,0
351989,0
351990,0
351991,6
351992,0
351993,0
351994,0
351995,0
351996,7
351997,10
351998,0
351999,0
352000,0
352001,0
352002,0
352003,0
352004,0
352005,0
352006,0
352007,0
352008,0
352009,0
352010,0
352011,0
352012,0
352013,0
352014,0
352015,0
352016,0
352017,0
352018,0
352019,0
352020,0
352021,0
352022,0
352023,0
352024,0
352025,0
352026,0
352027,0
352028,0
352029,0
352030,0
352031,0
352032,0
352033,0
352034,0
352035,0
352036,0
352037,0
352038,0
352039,10
352040,0
352041,0
352042,0
352043,0
352044,0
352045,0
352046,5
352047,0
352048,0
352049,0
352050,0
352051,0
352052,0
352053,12
352054,0
352055,0
352056,0
352057,0
352058,0
352059,9
352060,0
352061,0
352062,0
352063,0
352064,0
352065,9
352066,0
352067,0
352068,0
352069,0
352070,0
352071,0
352072,0
352073,0
352074,0
352075,0
352076,0
352077,6
352078,0
352079,0
352080,0
352081,9
352082,0
352083,0
352084,14
352085,0
352086,10
352087,0
352088,0
352089,0
352090,0
352091,0
352092,0
352093,8
352094,0
352095,0
352096,0
352097,0
352098,0
352099,0
352100,0
352101,0
352102,0
352103,0
352104,0
352105,0
352106,0
352107,0
352108,0
352109,0
352110,0
352111,0
352112,0
352113,7
352114,0
352115,9
352116,0
352117,0
352118,0
352119,0
352120,0
352121,6
352122,0
352123,0
352124,0
352125,0
352126,0
352127,0
352128,0
352129,0
352130,8
352131,0
352132,0
352133,0
352134,0
352135,0
352136,0
352137,11
352138,0
352139,0
352140,0
352141,11
352142,0
352143,0
352144,0
352145,0
352146,0
352147,0
352148,0
352149,0
352150,0
352151,0
352152,0
352153,0
352154,0
352155,0
352156,0
352157,0
352158,0
352159,0
352160,0
352161,0
352162,0
352163,9
352164,0
352165,0
352166,0
352167,0
352168,0
352169,0
352170,0
352171,0
352172,0
352173,0
352174,0
352175,0
352176,0
352177,0
352178,0
352179,0
352180,0
352181,0
352182,0
352183,0
352184,0
352185,13
352186,0
352187,0
352188,0
352189,0
352190,0
352191,0
352192,0
352193,5
352194,0
352195,0
352196,0
352197,0
352198,0
352199,0
352200,0
352201,0
352202,0
352203,0
352204,0
352205,8
352206,0
352207,0
352208,0
352209,0
352210,0
352211,0
352212,0
352213,0
352214,0
352215,0
352216,11
352217,0
352218,0
352219,0
352220,0
352221,0
352222,0
352223,0
352224,6
352225,8
352226,0
352227,0
352228,0
352229,12
352230,0
352231,0
352232,10
352233,0
352234,0
352235,0
352236,0
352237,0
352238,10
352239,0
352240,0
352241,0
352242,0
352243,0
352244,10
352245,0
352246,0
352247,0
352248,0
352249,0
352250,0
352251,13
352252,0
352253,11
352254,0
352255,0
352256,0
352257,0
352258,0
352259,15
352260,0
352261,0
352262,0
352263,0
352264,0
352265,0
352266,0
352267,0
352268,0
352269,0
352270,0
352271,0
352272,0
352273,0
352274,0
352275,0
352276,0
352277,0
352278,0
352279,0
352280,10
352281,0
352282,0
352283,0
352284,0
352285,0
352286,0
352287,6
352288,0
352289,6
352290,0
352291,0
352292,0
352293,0
352294,0
352295,11
352296,0
352297,0
352298,0
352299,0
352300,0
352301,0
352302,0
352303,0
352304,0
352305,0
352306,0
352307,0
352308,0
352309,0
352310,0
352311,0
352312,10
352313,0
352314,0
352315,0
352316,0
352317,0
352318,7
352319,0
352320,0
352321,0
352322,0
352323,9
352324,0
352325,14
352326,9
352327,0
352328,0
352329,0
352330,0
352331,0
352332,0
352333,0
352334,0
352335,0
352336,0
352337,0
352338,0
352339,0
352340,7
352341,0
352342,0
352343,0
352344,0
352345,0
352346,0
352347,0
352348,0
352349,0
352350,14
352351,0
352352,0
352353,0
352354,0
352355,0
352356,0
352357,0
352358,0
352359,13
352360,0
352361,0
352362,0
352363,0
352364,0
352365,0
352366,0
352367,0
352368,0
352369,0
352370,0
352371,0
352372,0
352373,0
352374,0
352375,0
352376,0
352377,0
352378,0
352379,0
352380,0
352381,0
352382,0
352383,0
352384,0
352385,0
352386,0
352387,0
352388,6
352389,0
352390,0
352391,0
352392,0
352393,0
352394,0
352395,0
352396,0
352397,0
352398,0
352399,0
352400,0
352401,0
352402,6
352403,0
352404,0
352405,0
352406,0
352407,0
352408,18
352409,24
352410,32
352411,0
352412,0
352413,0
352414,33
352415,29
352416,0
352417,25
352418,0
352419,0
352420,29
352421,13
352422,23
352423,0
352424,28
352425,0
352426,0
352427,0
352428,0
352429,16
352430,0
352431,0
352432,0
352433,21
352434,0
352435,0
352436,0
352437,0
352438,0
352439,0
352440,14
352441,0
352442,39
352443,0
352444,0
352445,0
352446,0
352447,0
352448,0
352449,0
352450,29
352451,0
352452,26
352453,0
352454,0
352455,0
352456,0
352457,17
352458,0
352459,0
352460,0
352461,0
352462,43
352463,0
352464,0
352465,0
352466,0
352467,33
352468,0
352469,0
352470,0
352471,0
352472,0
352473,0
352474,0
352475,0
352476,0
352477,0
352478,0
352479,0
352480,27
352481,0
352482,0
352483,0
352484,0
352485,21
352486,0
352487,33
352488,0
352489,25
352490,41
352491,0
352492,0
352493,0
352494,13
352495,0
352496,0
352497,0
352498,35
352499,0
352500,0
352501,0
352502,16
352503,0
352504,0
352505,0
352506,0
352507,0
352508,0
352509,0
352510,0
352511,18
352512,0
352513,19
352514,0
352515,0
352516,37
352517,23
352518,0
352519,0
352520,0
352521,0
352522,0
352523,27
352524,0
352525,0
352526,31
352527,0
352528,0
352529,0
352530,0
352531,0
352532,0
352533,12
352534,0
352535,5
352536,0
352537,0
352538,0
352539,0
352540,0
352541,6
352542,0
352543,5
352544,0
352545,0
352546,7
352547,0
352548,0
352549,7
352550,6
352551,0
352552,0
352553,0
352554,0
352555,0
352556,12
352557,0
352558,0
352559,4
352560,0
352561,0
352562,4
352563,0
352564,7
352565,0
352566,0
352567,0
352568,0
352569,0
352570,0
352571,0
352572,0
352573,0
352574,0
352575,0
352576,0
352577,5
352578,0
352579,0
352580,5
352581,10
352582,0
352583,7
352584,0
352585,0
352586,0
352587,0
352588,6
352589,0
352590,0
352591,5
352592,0
352593,0
352594,8
352595,0
352596,5
352597,0
352598,9
352599,0
352600,0
352601,0
352602,0
352603,0
352604,0
352605,0
352606,0
352607,0
352608,0
352609,0
352610,0
352611,0
352612,0
352613,0
352614,0
352615,0
352616,13
352617,0
352618,0
352619,6
352620,0
352621,0
352622,4
352623,0
352624,0
352625,0
352626,0
352627,0
352628,0
352629,0
352630,0
352631,0
352632,0
352633,7
352634,2
352635,0
352636,0
352637,0
352638,8
352639,0
352640,0
352641,0
352642,0
352643,0
352644,0
352645,0
352646,0
352647,0
352648,0
352649,0
352650,0
352651,0
352652,0
352653,0
352654,0
352655,0
352656,0
352657,6
352658,0
352659,0
352660,0
352661,5
352662,10
352663,5
352664,6
352665,0
352666,0
352667,0
352668,0
352669,14
352670,0
352671,0
352672,0
352673,0
352674,0
352675,0
352676,0
352677,0
352678,0
352679,0
352680,9
352681,0
352682,0
352683,16
352684,6
352685,3
352686,0
352687,3
352688,6
352689,0
352690,0
352691,0
352692,0
352693,10
352694,0
352695,0
352696,0
352697,2
352698,0
352699,0
352700,4
352701,0
352702,0
352703,0
352704,0
352705,0
352706,3
352707,8
352708,6
352709,0
352710,0
352711,0
352712,0
352713,0
352714,0
352715,0
352716,0
352717,0
352718,0
352719,8
352720,0
352721,0
352722,0
352723,0
352724,0
352725,0
352726,0
352727,0
352728,0
352729,0
352730,7
352731,0
352732,0
352733,0
352734,0
352735,0
352736,0
352737,0
352738,0
352739,0
352740,3
352741,0
352742,4
352743,0
352744,0
352745,0
352746,0
352747,0
352748,0
352749,0
352750,0
352751,0
352752,5
352753,0
352754,0
352755,0
352756,0
352757,0
352758,0
352759,0
352760,0
352761,0
352762,0
352763,6
352764,0
352765,0
352766,0
352767,0
352768,11
352769,3
352770,0
352771,0
352772,0
352773,20
352774,0
352775,0
352776,0
352777,0
352778,0
352779,0
352780,0
352781,37
352782,0
352783,0
352784,0
352785,0
352786,31
352787,0
352788,22
352789,0
352790,27
352791,0
352792,0
352793,21
352794,0
352795,0
352796,0
352797,0
352798,33
352799,25
352800,0
352801,0
352802,25
352803,0
352804,37
352805,22
352806,0
352807,16
352808,0
352809,32
352810,0
352811,0
352812,0
352813,34
352814,0
352815,0
352816,0
352817,0
352818,0
352819,0
352820,21
352821,0
352822,0
352823,0
352824,0
352825,22
352826,29
352827,0
352828,0
352829,0
352830,41
352831,0
352832,28
352833,0
352834,0
352835,0
352836,19
352837,0
352838,0
352839,0
352840,0
352841,0
352842,0
352843,0
352844,0
352845,0
352846,24
352847,0
352848,0
352849,0
352850,34
352851,0
352852,0
352853,0
352854,0
352855,0
352856,0
352857,0
352858,0
352859,0
352860,0
352861,0
352862,0
352863,0
352864,0
352865,0
352866,0
352867,0
352868,0
352869,0
352870,0
352871,0
352872,0
352873,0
352874,0
352875,38
352876,0
352877,42
352878,0
352879,0
352880,0
352881,0
352882,27
352883,0
352884,0
352885,28
352886,0
352887,0
352888,0
352889,38
352890,0
352891,0
352892,0
352893,0
352894,0
352895,0
352896,31
352897,0
352898,0
352899,0
352900,0
352901,24
352902,0
352903,18
352904,0
352905,0
352906,0
352907,0
352908,0
352909,0
352910,0
352911,0
352912,21
352913,34
352914,0
352915,0
352916,0
352917,0
352918,0
352919,0
352920,0
352921,0
352922,0
352923,39
352924,0
352925,0
352926,0
352927,0
352928,0
352929,0
352930,0
352931,0
352932,34
352933,39
352934,0
352935,23
352936,0
352937,18
352938,21
352939,19
352940,0
352941,0
352942,0
352943,27
352944,0
352945,37
352946,0
352947,0
352948,0
352949,0
352950,0
352951,0
352952,0
352953,0
352954,22
352955,0
352956,0
352957,0
352958,0
352959,0
352960,0
352961,0
352962,0
352963,0
352964,0
352965,18
352966,27
352967,0
352968,18
352969,27
352970,0
352971,11
352972,21
352973,0
352974,0
352975,0
352976,0
352977,0
352978,0
352979,27
352980,0
352981,0
352982,0
352983,0
352984,0
352985,0
352986,19
352987,30
352988,0
352989,0
352990,27
352991,0
352992,0
352993,26
352994,0
352995,0
352996,28
352997,24
352998,0
352999,0
353000,0
353001,0
353002,0
353003,0
353004,0
353005,0
353006,0
353007,0
353008,0
353009,26
353010,0
353011,0
353012,0
353013,0
353014,0
353015,0
353016,0
353017,0
353018,0
353019,0
353020,0
353021,0
353022,0
353023,0
353024,0
353025,0
353026,0
353027,0
353028,0
353029,0
353030,0
353031,0
353032,0
353033,0
353034,0
353035,0
353036,0
353037,0
353038,0
353039,0
353040,0
353041,0
353042,0
353043,0
353044,0
353045,0
353046,0
353047,0
353048,0
353049,0
353050,0
353051,1
353052,0
353053,0
353054,0
353055,0
353056,0
353057,0
353058,0
353059,0
353060,0
353061,1
353062,0
353063,0
353064,0
353065,0
353066,0
353067,0
353068,0
353069,0
353070,0
353071,0
353072,0
353073,0
353074,0
353075,0
353076,0
353077,0
353078,0
353079,0
353080,0
353081,0
353082,0
353083,0
353084,0
353085,0
353086,0
353087,0
353088,0
353089,0
353090,0
353091,0
353092,0
353093,0
353094,0
353095,0
353096,0
353097,0
353098,0
353099,0
353100,0
353101,0
353102,0
353103,0
353104,0
353105,0
353106,0
353107,0
353108,0
353109,0
353110,0
353111,0
353112,0
353113,0
353114,0
353115,0
353116,0
353117,0
353118,0
353119,0
353120,0
353121,0
353122,0
353123,0
353124,0
353125,0
353126,0
353127,0
353128,0
353129,0
353130,0
353131,0
353132,0
353133,0
353134,0
353135,0
353136,0
353137,0
353138,0
353139,0
353140,0
353141,0
353142,0
353143,0
353144,0
353145,0
353146,0
353147,16
353148,0
353149,0
353150,0
353151,0
353152,0
353153,0
353154,0
353155,0
353156,32
353157,0
353158,21
353159,0
353160,0
353161,0
353162,0
353163,0
353164,24
353165,0
353166,0
353167,0
353168,0
353169,0
353170,0
353171,0
353172,0
353173,0
353174,16
353175,22
353176,0
353177,0
353178,0
353179,30
353180,0
353181,0
353182,0
353183,0
353184,0
353185,0
353186,0
353187,0
353188,0
353189,0
353190,35
353191,0
353192,0
353193,0
353194,0
353195,0
353196,0
353197,0
353198,0
353199,29
353200,23
353201,27
353202,0
353203,0
353204,0
353205,0
353206,0
353207,0
353208,0
353209,0
353210,0
353211,19
353212,0
353213,0
353214,0
353215,30
353216,0
353217,0
353218,20
353219,0
353220,0
353221,0
353222,0
353223,25
353224,31
353225,0
353226,0
353227,0
353228,0
353229,0
353230,0
353231,0
353232,0
353233,0
353234,0
353235,0
353236,26
353237,23
353238,0
353239,39
353240,20
353241,0
353242,0
353243,0
353244,0
353245,0
353246,0
353247,0
353248,0
353249,0
353250,0
353251,28
353252,29
353253,0
353254,0
353255,0
353256,0
353257,0
353258,0
353259,0
353260,0
353261,30
353262,0
353263,21
353264,0
353265,0
353266,0
353267,0
353268,0
353269,0
353270,0
353271,0
353272,25
353273,0
353274,0
353275,0
353276,25
353277,0
353278,0
353279,0
353280,0
353281,24
353282,0
353283,0
353284,20
353285,0
353286,0
353287,32
353288,0
353289,21
353290,0
353291,22
353292,0
353293,0
353294,0
353295,0
353296,0
353297,0
353298,25
353299,24
353300,0
353301,0
353302,0
353303,0
353304,0
353305,0
353306,0
353307,0
353308,0
353309,27
353310,0
353311,0
353312,0
353313,0
353314,0
353315,0
353316,20
353317,0
353318,0
353319,32
353320,0
353321,0
353322,41
353323,19
353324,0
353325,0
353326,0
353327,0
353328,0
353329,0
353330,0
353331,31
353332,23
353333,0
353334,0
353335,0
353336,0
353337,0
353338,0
353339,27
353340,0
353341,0
353342,0
353343,0
353344,0
353345,0
353346,18
353347,0
353348,0
353349,0
353350,0
353351,17
353352,0
353353,0
353354,0
353355,0
353356,24
353357,0
353358,0
353359,0
353360,0
353361,0
353362,0
353363,0
353364,0
353365,0
353366,0
353367,0
353368,0
353369,0
353370,0
353371,0
353372,0
353373,0
353374,33
353375,0
353376,0
353377,0
353378,0
353379,0
353380,0
353381,0
353382,0
353383,0
353384,0
353385,0
353386,0
353387,0
353388,0
353389,0
353390,0
353391,0
353392,0
353393,36
353394,0
353395,0
353396,31
353397,0
353398,0
353399,0
353400,0
353401,0
353402,0
353403,0
353404,0
353405,0
353406,21
353407,0
353408,0
353409,0
353410,0
353411,0
353412,0
353413,0
353414,27
353415,0
353416,0
353417,0
353418,0
353419,0
353420,0
353421,16
353422,0
353423,0
353424,0
353425,0
353426,0
353427,21
353428,27
353429,13
353430,0
353431,0
353432,0
353433,24
353434,20
353435,26
353436,0
353437,0
353438,0
353439,0
353440,0
353441,0
353442,0
353443,0
353444,0
353445,0
353446,17
353447,0
353448,0
353449,30
353450,0
353451,0
353452,0
353453,0
353454,0
353455,0
353456,0
353457,0
353458,0
353459,0
353460,0
353461,0
353462,0
353463,0
353464,0
353465,21
353466,0
353467,0
353468,0
353469,0
353470,23
353471,0
353472,0
353473,0
353474,0
353475,15
353476,0
353477,18
353478,0
353479,0
353480,0
353481,0
353482,33
353483,0
353484,0
353485,0
353486,28
353487,36
353488,0
353489,23
353490,0
353491,0
353492,0
353493,0
353494,0
353495,0
353496,0
353497,0
353498,23
353499,17
353500,0
353501,0
353502,22
353503,0
353504,0
353505,0
353506,0
353507,0
353508,21
353509,0
353510,0
353511,0
353512,0
353513,16
353514,0
353515,0
353516,24
353517,0
353518,0
353519,21
353520,0
353521,0
353522,0
353523,0
353524,0
353525,0
353526,0
353527,0
353528,0
353529,28
353530,31
353531,0
353532,31
353533,0
353534,0
353535,23
353536,0
353537,0
353538,0
353539,0
353540,0
353541,28
353542,30
353543,0
353544,0
353545,19
353546,0
353547,0
353548,22
353549,0
353550,0
353551,0
353552,0
353553,0
353554,0
353555,0
353556,29
353557,0
353558,0
353559,0
353560,0
353561,0
353562,0
353563,0
353564,0
353565,0
353566,32
353567,22
353568,0
353569,0
353570,0
353571,0
353572,0
353573,0
353574,0
353575,22
353576,22
353577,17
353578,0
353579,0
353580,25
353581,0
353582,26
353583,0
353584,0
353585,0
353586,0
353587,0
353588,0
353589,17
353590,0
353591,0
353592,27
353593,0
353594,0
353595,0
353596,0
353597,0
353598,0
353599,31
353600,0
353601,31
353602,0
353603,28
353604,0
353605,28
353606,0
353607,29
353608,0
353609,25
353610,0
353611,0
353612,0
353613,34
353614,0
353615,0
353616,0
353617,18
353618,0
353619,0
353620,0
353621,24
353622,0
353623,0
353624,0
353625,28
353626,0
353627,35
353628,0
353629,0
353630,15
353631,27
353632,21
353633,0
353634,0
353635,21
353636,0
353637,0
353638,0
353639,28
353640,0
353641,0
353642,0
353643,0
353644,0
353645,0
353646,20
353647,22
353648,0
353649,18
353650,0
353651,0
353652,0
353653,0
353654,25
353655,0
353656,0
353657,17
353658,19
353659,0
353660,0
353661,0
353662,0
353663,0
353664,0
353665,0
353666,30
353667,0
353668,0
353669,0
353670,24
353671,0
353672,0
353673,0
353674,0
353675,0
353676,0
353677,0
353678,0
353679,0
353680,32
353681,0
353682,0
353683,0
353684,2
353685,0
353686,0
353687,0
353688,0
353689,0
353690,0
353691,0
353692,0
353693,0
353694,0
353695,0
353696,0
353697,0
353698,0
353699,0
353700,0
353701,0
353702,0
353703,0
353704,0
353705,0
353706,0
353707,0
353708,0
353709,0
353710,0
353711,0
353712,0
353713,0
353714,0
353715,1
353716,0
353717,0
353718,0
353719,0
353720,0
353721,0
353722,0
353723,0
353724,0
353725,0
353726,0
353727,0
353728,0
353729,0
353730,0
353731,0
353732,0
353733,0
353734,0
353735,0
353736,0
353737,0
353738,0
353739,0
353740,0
353741,0
353742,0
353743,0
353744,0
353745,0
353746,0
353747,0
353748,0
353749,0
353750,0
353751,0
353752,0
353753,0
353754,0
353755,0
353756,0
353757,0
353758,0
353759,0
353760,0
353761,0
353762,0
353763,0
353764,0
353765,0
353766,0
353767,0
353768,0
353769,0
353770,0
353771,0
353772,0
353773,0
353774,15
353775,0
353776,0
353777,0
353778,0
353779,0
353780,20
353781,0
353782,0
353783,0
353784,0
353785,0
353786,0
353787,0
353788,0
353789,0
353790,0
353791,0
353792,0
353793,0
353794,0
353795,0
353796,0
353797,0
353798,0
353799,0
353800,0
353801,0
353802,0
353803,0
353804,0
353805,0
353806,0
353807,0
353808,0
353809,0
353810,6
353811,9
353812,0
353813,0
353814,0
353815,0
353816,0
353817,0
353818,13
353819,0
353820,0
353821,0
353822,0
353823,0
353824,0
353825,0
353826,0
353827,0
353828,0
353829,0
353830,0
353831,0
353832,0
353833,0
353834,0
353835,0
353836,0
353837,0
353838,0
353839,0
353840,10
353841,0
353842,0
353843,0
353844,0
353845,0
353846,0
353847,0
353848,0
353849,0
353850,0
353851,0
353852,0
353853,0
353854,9
353855,0
353856,0
353857,0
353858,0
353859,0
353860,0
353861,0
353862,0
353863,0
353864,0
353865,0
353866,0
353867,0
353868,0
353869,0
353870,0
353871,0
353872,0
353873,0
353874,0
353875,0
353876,0
353877,0
353878,0
353879,0
353880,0
353881,0
353882,0
353883,0
353884,0
353885,11
353886,0
353887,0
353888,0
353889,0
353890,0
353891,0
353892,0
353893,0
353894,0
353895,0
353896,0
353897,0
353898,0
353899,0
353900,0
353901,0
353902,0
353903,0
353904,8
353905,0
353906,0
353907,0
353908,12
353909,0
353910,0
353911,0
353912,0
353913,0
353914,0
353915,0
353916,0
353917,0
353918,0
353919,0
353920,0
353921,0
353922,0
353923,0
353924,0
353925,0
353926,0
353927,0
353928,0
353929,0
353930,0
353931,0
353932,0
353933,0
353934,0
353935,0
353936,0
353937,0
353938,0
353939,0
353940,0
353941,0
353942,12
353943,0
353944,0
353945,0
353946,0
353947,0
353948,0
353949,0
353950,0
353951,0
353952,0
353953,0
353954,0
353955,0
353956,0
353957,0
353958,0
353959,0
353960,0
353961,0
353962,0
353963,0
353964,0
353965,0
353966,0
353967,0
353968,0
353969,0
353970,0
353971,0
353972,0
353973,0
353974,0
353975,0
353976,0
353977,0
353978,0
353979,0
353980,0
353981,0
353982,8
353983,0
353984,0
353985,0
353986,0
353987,0
353988,0
353989,0
353990,0
353991,0
353992,0
353993,0
353994,7
353995,0
353996,13
353997,0
353998,0
353999,10
354000,0
354001,0
354002,0
354003,0
354004,0
354005,0
354006,0
354007,0
354008,10
354009,0
354010,0
354011,0
354012,0
354013,0
354014,0
354015,0
354016,0
354017,0
354018,0
354019,0
354020,0
354021,0
354022,0
354023,14
354024,0
354025,0
354026,0
354027,0
354028,0
354029,0
354030,0
354031,0
354032,0
354033,0
354034,7
354035,0
354036,0
354037,0
354038,0
354039,0
354040,0
354041,0
354042,0
354043,0
354044,0
354045,0
354046,0
354047,0
354048,0
354049,0
354050,9
354051,0
354052,0
354053,0
354054,0
354055,0
354056,11
354057,0
354058,0
354059,0
354060,13
354061,0
354062,0
354063,0
354064,0
354065,0
354066,0
354067,0
354068,6
354069,0
354070,0
354071,0
354072,0
354073,9
354074,0
354075,0
354076,0
354077,0
354078,0
354079,0
354080,0
354081,0
354082,0
354083,0
354084,0
354085,0
354086,0
354087,9
354088,0
354089,0
354090,0
354091,0
354092,0
354093,0
354094,0
354095,0
354096,0
354097,0
354098,0
354099,0
354100,0
354101,0
354102,0
354103,0
354104,0
354105,12
354106,14
354107,0
354108,0
354109,0
354110,0
354111,0
354112,0
354113,0
354114,0
354115,11
354116,0
354117,0
354118,0
354119,0
354120,0
354121,0
354122,0
354123,0
354124,0
354125,0
354126,0
354127,0
354128,0
354129,0
354130,8
354131,0
354132,0
354133,0
354134,0
354135,0
354136,0
354137,0
354138,0
354139,0
354140,0
354141,8
354142,0
354143,0
354144,0
354145,0
354146,0
354147,0
354148,0
354149,0
354150,0
354151,0
354152,0
354153,0
354154,0
354155,0
354156,0
354157,0
354158,0
354159,0
354160,0
354161,0
354162,0
354163,0
354164,0
354165,0
354166,0
354167,0
354168,0
354169,0
354170,0
354171,0
354172,0
354173,0
354174,0
354175,0
354176,0
354177,0
354178,0
354179,0
354180,0
354181,0
354182,0
354183,0
354184,0
354185,0
354186,0
354187,0
354188,8
354189,0
354190,0
354191,0
354192,0
354193,0
354194,0
354195,0
354196,0
354197,0
354198,0
354199,0
354200,0
354201,0
354202,0
354203,0
354204,0
354205,0
354206,0
354207,0
354208,0
354209,0
354210,0
354211,0
354212,0
354213,0
354214,0
354215,18
354216,0
354217,0
354218,6
354219,10
354220,0
354221,11
354222,0
354223,0
354224,0
354225,0
354226,0
354227,0
354228,0
354229,0
354230,11
354231,0
354232,0
354233,0
354234,0
354235,0
354236,0
354237,0
354238,0
354239,0
354240,7
354241,0
354242,0
354243,0
354244,0
354245,0
354246,0
354247,0
354248,0
354249,0
354250,12
354251,0
354252,0
354253,0
354254,0
354255,0
354256,19
354257,0
354258,0
354259,0
354260,0
354261,0
354262,0
354263,0
354264,0
354265,0
354266,0
354267,0
354268,0
354269,0
354270,0
354271,0
354272,0
354273,0
354274,13
354275,0
354276,0
354277,0
354278,0
354279,0
354280,0
354281,0
354282,0
354283,0
354284,0
354285,0
354286,0
354287,0
354288,0
354289,0
354290,0
354291,0
354292,0
354293,7
354294,0
354295,0
354296,0
354297,5
354298,0
354299,0
354300,0
354301,0
354302,0
354303,0
354304,6
354305,0
354306,0
354307,0
354308,0
354309,10
354310,0
354311,0
354312,0
354313,0
354314,0
354315,0
354316,0
354317,0
354318,0
354319,0
354320,0
354321,7
354322,0
354323,0
354324,0
354325,0
354326,0
354327,0
354328,0
354329,0
354330,0
354331,0
354332,0
354333,13
354334,0
354335,0
354336,23
354337,12
354338,0
354339,0
354340,0
354341,0
354342,0
354343,0
354344,0
354345,0
354346,0
354347,0
354348,0
354349,0
354350,0
354351,0
354352,0
354353,0
354354,0
354355,0
354356,0
354357,0
354358,21
354359,0
354360,0
354361,0
354362,0
354363,0
354364,0
354365,7
354366,0
354367,0
354368,0
354369,0
354370,0
354371,0
354372,19
354373,2
354374,0
354375,0
354376,0
354377,0
354378,0
354379,0
354380,0
354381,0
354382,0
354383,0
354384,0
354385,0
354386,0
354387,0
354388,0
354389,0
354390,0
354391,0
354392,0
354393,0
354394,0
354395,0
354396,9
354397,0
354398,0
354399,0
354400,0
354401,0
354402,0
354403,0
354404,13
354405,0
354406,0
354407,0
354408,12
354409,0
354410,0
354411,0
354412,0
354413,0
354414,0
354415,9
354416,0
354417,0
354418,0
354419,0
354420,0
354421,0
354422,0
354423,0
354424,0
354425,10
354426,0
354427,0
354428,0
354429,0
354430,0
354431,0
354432,0
354433,0
354434,0
354435,10
354436,14
354437,0
354438,0
354439,10
354440,0
354441,0
354442,19
354443,0
354444,0
354445,0
354446,0
354447,13
354448,0
354449,9
354450,18
354451,0
354452,0
354453,0
354454,0
354455,0
354456,15
354457,9
354458,0
354459,0
354460,0
354461,0
354462,0
354463,0
354464,0
354465,17
354466,0
354467,0
354468,0
354469,0
354470,0
354471,0
354472,0
354473,0
354474,0
354475,0
354476,0
354477,0
354478,0
354479,0
354480,0
354481,0
354482,13
354483,0
354484,0
354485,0
354486,0
354487,0
354488,0
354489,0
354490,0
354491,5
354492,0
354493,0
354494,0
354495,10
354496,0
354497,0
354498,0
354499,0
354500,0
354501,0
354502,0
354503,0
354504,0
354505,0
354506,0
354507,0
354508,0
354509,0
354510,0
354511,0
354512,0
354513,0
354514,7
354515,0
354516,0
354517,0
354518,0
354519,0
354520,0
354521,0
354522,0
354523,0
354524,0
354525,0
354526,0
354527,0
354528,0
354529,0
354530,0
354531,0
354532,0
354533,0
354534,0
354535,0
354536,0
354537,0
354538,0
354539,0
354540,0
354541,0
354542,0
354543,0
354544,0
354545,0
354546,0
354547,0
354548,0
354549,12
354550,0
354551,0
354552,0
354553,0
354554,0
354555,0
354556,0
354557,0
354558,0
354559,0
354560,0
354561,0
354562,0
354563,0
354564,0
354565,0
354566,0
354567,0
354568,0
354569,0
354570,0
354571,0
354572,0
354573,0
354574,11
354575,0
354576,0
354577,0
354578,0
354579,0
354580,0
354581,0
354582,9
354583,0
354584,0
354585,0
354586,0
354587,0
354588,0
354589,0
354590,0
354591,0
354592,0
354593,0
354594,0
354595,0
354596,0
354597,0
354598,0
354599,0
354600,0
354601,0
354602,0
354603,0
354604,0
354605,0
354606,0
354607,0
354608,0
354609,0
354610,0
354611,0
354612,0
354613,0
354614,0
354615,0
354616,0
354617,0
354618,0
354619,0
354620,0
354621,0
354622,0
354623,0
354624,0
354625,0
354626,0
354627,0
354628,0
354629,11
354630,0
354631,0
354632,0
354633,0
354634,0
354635,0
354636,0
354637,0
354638,0
354639,0
354640,0
354641,0
354642,0
354643,0
354644,0
354645,0
354646,0
354647,6
354648,18
354649,0
354650,0
354651,0
354652,0
354653,0
354654,0
354655,0
354656,0
354657,0
354658,0
354659,0
354660,0
354661,0
354662,0
354663,0
354664,0
354665,0
354666,0
354667,0
354668,0
354669,0
354670,0
354671,0
354672,0
354673,0
354674,3
354675,0
354676,0
354677,0
354678,0
354679,0
354680,0
354681,0
354682,0
354683,0
354684,0
354685,0
354686,0
354687,0
354688,0
354689,0
354690,0
354691,0
354692,0
354693,0
354694,0
354695,0
354696,0
354697,0
354698,0
354699,0
354700,0
354701,0
354702,0
354703,0
354704,0
354705,0
354706,0
354707,0
354708,0
354709,0
354710,0
354711,0
354712,0
354713,0
354714,0
354715,0
354716,0
354717,0
354718,0
354719,0
354720,0
354721,0
354722,0
354723,0
354724,3
354725,0
354726,0
354727,0
354728,0
354729,0
354730,8
354731,0
354732,0
354733,0
354734,0
354735,0
354736,0
354737,0
354738,0
354739,0
354740,0
354741,0
354742,0
354743,0
354744,0
354745,7
354746,0
354747,0
354748,0
354749,0
354750,0
354751,0
354752,0
354753,0
354754,0
354755,0
354756,0
354757,0
354758,0
354759,0
354760,0
354761,0
354762,0
354763,0
354764,0
354765,0
354766,0
354767,0
354768,0
354769,0
354770,0
354771,0
354772,0
354773,0
354774,0
354775,0
354776,0
354777,0
354778,0
354779,0
354780,0
354781,0
354782,0
354783,0
354784,0
354785,0
354786,0
354787,0
354788,0
354789,0
354790,0
354791,0
354792,0
354793,0
354794,0
354795,0
354796,0
354797,12
354798,0
354799,0
354800,0
354801,0
354802,0
354803,0
354804,0
354805,0
354806,0
354807,0
354808,0
354809,0
354810,0
354811,0
354812,0
354813,0
354814,0
354815,0
354816,0
354817,2
354818,0
354819,0
354820,0
354821,0
354822,0
354823,0
354824,0
354825,5
354826,0
354827,0
354828,0
354829,11
354830,0
354831,0
354832,0
354833,0
354834,5
354835,0
354836,0
354837,0
354838,0
354839,0
354840,0
354841,0
354842,0
354843,0
354844,0
354845,0
354846,0
354847,0
354848,0
354849,0
354850,0
354851,0
354852,7
354853,5
354854,14
354855,0
354856,0
354857,0
354858,0
354859,0
354860,0
354861,0
354862,0
354863,0
354864,0
354865,0
354866,0
354867,0
354868,0
354869,0
354870,0
354871,0
354872,0
354873,0
354874,0
354875,0
354876,0
354877,0
354878,0
354879,0
354880,0
354881,0
354882,0
354883,0
354884,0
354885,0
354886,0
354887,0
354888,0
354889,14
354890,0
354891,0
354892,0
354893,0
354894,0
354895,0
354896,0
354897,0
354898,0
354899,0
354900,0
354901,0
354902,0
354903,0
354904,0
354905,0
354906,0
354907,0
354908,0
354909,0
354910,0
354911,0
354912,0
354913,0
354914,0
354915,0
354916,0
354917,0
354918,0
354919,0
354920,7
354921,0
354922,0
354923,0
354924,0
354925,0
354926,0
354927,0
354928,0
354929,0
354930,0
354931,0
354932,0
354933,0
354934,0
354935,0
354936,0
354937,0
354938,0
354939,0
354940,0
354941,0
354942,0
354943,0
354944,0
354945,0
354946,0
354947,0
354948,0
354949,0
354950,0
354951,0
354952,0
354953,0
354954,0
354955,0
354956,0
354957,0
354958,0
354959,0
354960,0
354961,0
354962,0
354963,0
354964,0
354965,0
354966,0
354967,0
354968,0
354969,0
354970,0
354971,0
354972,0
354973,0
354974,4
354975,0
354976,0
354977,0
354978,0
354979,0
354980,0
354981,0
354982,0
354983,0
354984,0
354985,0
354986,0
354987,11
354988,0
354989,0
354990,0
354991,0
354992,0
354993,0
354994,0
354995,0
354996,0
354997,0
354998,0
354999,0
355000,0
355001,0
355002,0
355003,0
355004,0
355005,0
355006,0
355007,0
355008,0
355009,0
355010,0
355011,0
355012,0
355013,0
355014,0
355015,0
355016,0
355017,6
355018,0
355019,0
355020,0
355021,0
355022,0
355023,0
355024,0
355025,0
355026,0
355027,7
355028,0
355029,0
355030,0
355031,0
355032,0
355033,0
355034,0
355035,0
355036,0
355037,0
355038,0
355039,0
355040,0
355041,0
355042,0
355043,0
355044,0
355045,0
355046,0
355047,0
355048,0
355049,0
355050,0
355051,0
355052,0
355053,10
355054,0
355055,0
355056,0
355057,0
355058,0
355059,0
355060,0
355061,8
355062,0
355063,0
355064,0
355065,0
355066,0
355067,0
355068,0
355069,0
355070,0
355071,0
355072,0
355073,0
355074,10
355075,0
355076,0
355077,0
355078,0
355079,0
355080,0
355081,0
355082,15
355083,0
355084,0
355085,0
355086,0
355087,0
355088,0
355089,0
355090,0
355091,0
355092,0
355093,0
355094,0
355095,0
355096,0
355097,0
355098,0
355099,0
355100,0
355101,0
355102,0
355103,0
355104,0
355105,0
355106,0
355107,0
355108,0
355109,0
355110,0
355111,0
355112,0
355113,0
355114,0
355115,0
355116,0
355117,0
355118,0
355119,0
355120,0
355121,0
355122,0
355123,0
355124,5
355125,0
355126,0
355127,0
355128,0
355129,0
355130,11
355131,0
355132,0
355133,0
355134,0
355135,0
355136,0
355137,0
355138,0
355139,0
355140,0
355141,0
355142,0
355143,0
355144,0
355145,7
355146,0
355147,0
355148,0
355149,0
355150,0
355151,0
355152,0
355153,0
355154,0
355155,0
355156,0
355157,12
355158,0
355159,0
355160,0
355161,0
355162,0
355163,0
355164,0
355165,0
355166,0
355167,0
355168,0
355169,0
355170,0
355171,0
355172,0
355173,0
355174,0
355175,0
355176,0
355177,0
355178,0
355179,0
355180,0
355181,0
355182,0
355183,0
355184,0
355185,0
355186,0
355187,0
355188,0
355189,0
355190,12
355191,12
355192,0
355193,0
355194,0
355195,0
355196,0
355197,6
355198,0
355199,0
355200,0
355201,0
355202,0
355203,0
355204,0
355205,0
355206,0
355207,0
355208,0
355209,0
355210,0
355211,0
355212,0
355213,0
355214,0
355215,0
355216,0
355217,0
355218,0
355219,0
355220,0
355221,0
355222,0
355223,0
355224,0
355225,0
355226,0
355227,0
355228,0
355229,0
355230,0
355231,0
355232,0
355233,0
355234,0
355235,0
355236,0
355237,0
355238,0
355239,0
355240,0
355241,0
355242,0
355243,0
355244,0
355245,8
355246,0
355247,0
355248,0
355249,0
355250,0
355251,0
355252,0
355253,0
355254,0
355255,0
355256,0
355257,0
355258,0
355259,0
355260,0
355261,0
355262,0
355263,8
355264,0
355265,0
355266,0
355267,0
355268,0
355269,0
355270,0
355271,0
355272,0
355273,0
355274,0
355275,0
355276,0
355277,0
355278,0
355279,0
355280,0
355281,0
355282,0
355283,0
355284,0
355285,0
355286,0
355287,0
355288,0
355289,0
355290,0
355291,0
355292,0
355293,0
355294,0
355295,0
355296,15
355297,0
355298,0
355299,11
355300,0
355301,0
355302,0
355303,0
355304,0
355305,15
355306,0
355307,0
355308,0
355309,0
355310,0
355311,0
355312,0
355313,0
355314,0
355315,0
355316,0
355317,0
355318,0
355319,0
355320,0
355321,0
355322,0
355323,0
355324,0
355325,0
355326,0
355327,0
355328,0
355329,0
355330,0
355331,0
355332,0
355333,0
355334,0
355335,12
355336,0
355337,0
355338,0
355339,0
355340,0
355341,0
355342,0
355343,0
355344,0
355345,0
355346,0
355347,0
355348,0
355349,0
355350,0
355351,0
355352,0
355353,0
355354,0
355355,0
355356,0
355357,0
355358,0
355359,0
355360,0
355361,0
355362,0
355363,0
355364,0
355365,0
355366,8
355367,0
355368,0
355369,0
355370,16
355371,0
355372,0
355373,7
355374,21
355375,22
355376,0
355377,0
355378,0
355379,0
355380,24
355381,0
355382,19
355383,0
355384,0
355385,18
355386,0
355387,0
355388,0
355389,19
355390,25
355391,21
355392,0
355393,0
355394,0
355395,15
355396,0
355397,10
355398,0
355399,19
355400,0
355401,20
355402,0
355403,0
355404,0
355405,0
355406,19
355407,0
355408,0
355409,12
355410,19
355411,15
355412,16
355413,24
355414,0
355415,0
355416,0
355417,0
355418,0
355419,27
355420,0
355421,0
355422,0
355423,16
355424,0
355425,0
355426,0
355427,18
355428,27
355429,0
355430,0
355431,0
355432,19
355433,0
355434,0
355435,33
355436,0
355437,0
355438,0
355439,26
355440,26
355441,0
355442,30
355443,0
355444,0
355445,0
355446,0
355447,15
355448,22
355449,0
355450,15
355451,0
355452,17
355453,0
355454,16
355455,0
355456,0
355457,35
355458,18
355459,17
355460,21
355461,0
355462,0
355463,0
355464,15
355465,0
355466,13
355467,0
355468,0
355469,0
355470,22
355471,23
355472,0
355473,0
355474,22
355475,0
355476,22
355477,28
355478,21
355479,0
355480,0
355481,18
355482,18
355483,23
355484,31
355485,22
355486,0
355487,0
355488,0
355489,18
355490,0
355491,0
355492,0
355493,0
355494,0
355495,0
355496,0
355497,0
355498,0
355499,0
355500,0
355501,0
355502,0
355503,0
355504,0
355505,18
355506,0
355507,0
355508,0
355509,0
355510,0
355511,0
355512,0
355513,12
355514,0
355515,0
355516,0
355517,22
355518,0
355519,0
355520,0
355521,0
355522,0
355523,0
355524,33
355525,0
355526,0
355527,0
355528,0
355529,0
355530,20
355531,0
355532,0
355533,22
355534,0
355535,0
355536,0
355537,0
355538,0
355539,0
355540,0
355541,0
355542,0
355543,0
355544,0
355545,26
355546,0
355547,0
355548,0
355549,0
355550,0
355551,0
355552,20
355553,14
355554,0
355555,0
355556,0
355557,0
355558,0
355559,16
355560,0
355561,15
355562,0
355563,0
355564,18
355565,0
355566,19
355567,0
355568,23
355569,0
355570,0
355571,0
355572,0
355573,0
355574,0
355575,0
355576,0
355577,0
355578,0
355579,0
355580,22
355581,0
355582,0
355583,18
355584,13
355585,11
355586,0
355587,0
355588,0
355589,12
355590,0
355591,0
355592,0
355593,0
355594,26
355595,0
355596,26
355597,29
355598,24
355599,0
355600,17
355601,13
355602,0
355603,25
355604,25
355605,0
355606,13
355607,0
355608,28
355609,0
355610,0
355611,0
355612,0
355613,0
355614,0
355615,0
355616,0
355617,0
355618,0
355619,0
355620,0
355621,0
355622,0
355623,0
355624,0
355625,0
355626,24
355627,0
355628,14
355629,0
355630,0
355631,26
355632,0
355633,25
355634,0
355635,0
355636,17
355637,21
355638,33
355639,0
355640,0
355641,0
355642,13
355643,0
355644,15
355645,0
355646,0
355647,14
355648,22
355649,13
355650,0
355651,0
355652,0
355653,0
355654,0
355655,0
355656,10
355657,0
355658,0
355659,7
355660,0
355661,26
355662,17
355663,0
355664,22
355665,0
355666,0
355667,0
355668,23
355669,15
355670,0
355671,23
355672,0
355673,0
355674,0
355675,0
355676,0
355677,0
355678,0
355679,0
355680,0
355681,22
355682,0
355683,0
355684,15
355685,0
355686,0
355687,28
355688,0
355689,0
355690,0
355691,0
355692,0
355693,0
355694,0
355695,0
355696,0
355697,0
355698,14
355699,0
355700,0
355701,0
355702,20
355703,0
355704,22
355705,0
355706,0
355707,0
355708,0
355709,0
355710,11
355711,0
355712,12
355713,18
355714,0
355715,0
355716,26
355717,14
355718,19
355719,0
355720,17
355721,0
355722,0
355723,0
355724,0
355725,0
355726,0
355727,23
355728,0
355729,0
355730,0
355731,0
355732,0
355733,0
355734,0
355735,11
355736,0
355737,0
355738,0
355739,0
355740,0
355741,24
355742,0
355743,0
355744,0
355745,0
355746,15
355747,0
355748,15
355749,0
355750,15
355751,27
355752,16
355753,0
355754,0
355755,22
355756,13
355757,0
355758,0
355759,16
355760,23
355761,24
355762,0
355763,0
355764,0
355765,0
355766,0
355767,21
355768,0
355769,28
355770,0
355771,0
355772,12
355773,0
355774,0
355775,0
355776,15
355777,33
355778,0
355779,23
355780,0
355781,19
355782,0
355783,0
355784,26
355785,0
355786,14
355787,0
355788,22
355789,0
355790,0
355791,28
355792,20
355793,0
355794,17
355795,33
355796,0
355797,0
355798,18
355799,0
355800,0
355801,0
355802,17
355803,10
355804,0
355805,0
355806,16
355807,0
355808,0
355809,0
355810,27
355811,0
355812,15
355813,0
355814,0
355815,23
355816,13
355817,0
355818,22
355819,28
355820,21
355821,0
355822,0
355823,20
355824,0
355825,19
355826,0
355827,0
355828,19
355829,0
355830,0
355831,0
355832,0
355833,0
355834,0
355835,0
355836,0
355837,0
355838,0
355839,0
355840,0
355841,0
355842,0
355843,17
355844,16
355845,0
355846,22
355847,26
355848,15
355849,25
355850,0
355851,0
355852,0
355853,0
355854,0
355855,0
355856,0
355857,0
355858,24
355859,0
355860,18
355861,0
355862,19
355863,23
355864,0
355865,0
355866,0
355867,29
355868,9
355869,0
355870,0
355871,22
355872,0
355873,0
355874,19
355875,0
355876,0
355877,23
355878,0
355879,0
355880,0
355881,14
355882,15
355883,0
355884,0
355885,0
355886,0
355887,16
355888,0
355889,0
355890,31
355891,0
355892,23
355893,20
355894,0
355895,0
355896,0
355897,0
355898,18
355899,0
355900,0
355901,22
355902,0
355903,15
355904,0
355905,0
355906,0
355907,0
355908,0
355909,23
355910,0
355911,16
355912,0
355913,0
355914,0
355915,0
355916,20
355917,0
355918,0
355919,12
355920,0
355921,0
355922,0
355923,0
355924,0
355925,0
355926,0
355927,12
355928,0
355929,0
355930,0
355931,0
355932,0
355933,16
355934,0
355935,0
355936,13
355937,0
355938,0
355939,0
355940,11
355941,0
355942,0
355943,0
355944,0
355945,0
355946,0
355947,0
355948,0
355949,0
355950,0
355951,0
355952,25
355953,0
355954,0
355955,0
355956,0
355957,0
355958,0
355959,0
355960,0
355961,0
355962,0
355963,19
355964,16
355965,0
355966,0
355967,0
355968,0
355969,19
355970,0
355971,0
355972,0
355973,27
355974,25
355975,27
355976,0
355977,0
355978,0
355979,0
355980,0
355981,0
355982,0
355983,17
355984,7
355985,0
355986,0
355987,0
355988,0
355989,26
355990,0
355991,19
355992,0
355993,0
355994,14
355995,0
355996,18
355997,0
355998,0
355999,0
356000,0
356001,0
356002,0
356003,20
356004,18
356005,12
356006,0
356007,0
356008,0
356009,0
356010,23
356011,0
356012,17
356013,0
356014,0
356015,10
356016,0
356017,25
356018,0
356019,0
356020,0
356021,0
356022,0
356023,16
356024,0
356025,0
356026,0
356027,0
356028,0
356029,0
356030,0
356031,0
356032,31
356033,0
356034,0
356035,0
356036,0
356037,0
356038,16
356039,0
356040,0
356041,0
356042,22
356043,0
356044,27
356045,0
356046,0
356047,0
356048,0
356049,0
356050,0
356051,0
356052,0
356053,22
356054,12
356055,0
356056,16
356057,13
356058,0
356059,0
356060,19
356061,0
356062,0
356063,0
356064,17
356065,0
356066,0
356067,0
356068,19
356069,0
356070,17
356071,19
356072,0
356073,0
356074,0
356075,0
356076,27
356077,0
356078,34
356079,0
356080,16
356081,0
356082,21
356083,0
356084,0
356085,12
356086,0
356087,16
356088,19
356089,20
356090,0
356091,0
356092,0
356093,0
356094,0
356095,15
356096,0
356097,0
356098,0
356099,0
356100,0
356101,0
356102,17
356103,0
356104,0
356105,0
356106,23
356107,0
356108,16
356109,0
356110,0
356111,27
356112,24
356113,0
356114,0
356115,29
356116,0
356117,0
356118,0
356119,0
356120,0
356121,0
356122,20
356123,0
356124,0
356125,0
356126,0
356127,0
356128,15
356129,0
356130,0
356131,15
356132,0
356133,0
356134,0
356135,21
356136,0
356137,21
356138,0
356139,0
356140,0
356141,23
356142,17
356143,0
356144,0
356145,0
356146,21
356147,0
356148,0
356149,0
356150,0
356151,0
356152,0
356153,26
356154,0
356155,20
356156,21
356157,0
356158,0
356159,17
356160,0
356161,0
356162,0
356163,0
356164,25
356165,0
356166,0
356167,0
356168,0
356169,0
356170,0
356171,15
356172,23
356173,0
356174,0
356175,0
356176,21
356177,20
356178,21
356179,0
356180,0
356181,0
356182,23
356183,0
356184,0
356185,0
356186,0
356187,0
356188,0
356189,0
356190,0
356191,0
356192,0
356193,0
356194,0
356195,0
356196,0
356197,0
356198,0
356199,0
356200,0
356201,0
356202,0
356203,0
356204,0
356205,0
356206,0
356207,0
356208,0
356209,0
356210,0
356211,0
356212,0
356213,0
356214,0
356215,0
356216,0
356217,0
356218,0
356219,0
356220,0
356221,0
356222,0
356223,0
356224,0
356225,0
356226,0
356227,0
356228,0
356229,0
356230,0
356231,0
356232,0
356233,0
356234,0
356235,0
356236,0
356237,0
356238,0
356239,0
356240,0
356241,0
356242,0
356243,0
356244,0
356245,0
356246,0
356247,0
356248,0
356249,0
356250,0
356251,0
356252,0
356253,0
356254,0
356255,0
356256,0
356257,0
356258,0
356259,0
356260,0
356261,0
356262,0
356263,0
356264,0
356265,0
356266,0
356267,0
356268,0
356269,0
356270,0
356271,0
356272,0
356273,0
356274,0
356275,0
356276,0
356277,0
356278,0
356279,0
356280,0
356281,0
356282,0
356283,0
356284,0
356285,0
356286,0
356287,0
356288,0
356289,0
356290,0
356291,0
356292,0
356293,0
356294,0
356295,0
356296,0
356297,0
356298,0
356299,0
356300,0
356301,0
356302,0
356303,0
356304,0
356305,0
356306,0
356307,0
356308,0
356309,0
356310,0
356311,0
356312,0
356313,0
356314,0
356315,0
356316,0
356317,0
356318,0
356319,0
356320,0
356321,1
356322,0
356323,0
356324,0
356325,0
356326,0
356327,0
356328,0
356329,0
356330,0
356331,0
356332,0
356333,0
356334,0
356335,0
356336,0
356337,0
356338,0
356339,0
356340,0
356341,0
356342,0
356343,0
356344,0
356345,0
356346,0
356347,0
356348,0
356349,0
356350,0
356351,0
356352,0
356353,0
356354,0
356355,0
356356,0
356357,0
356358,0
356359,0
356360,0
356361,0
356362,0
356363,0
356364,0
356365,0
356366,0
356367,0
356368,0
356369,0
356370,0
356371,0
356372,0
356373,0
356374,0
356375,0
356376,0
356377,0
356378,0
356379,0
356380,0
356381,0
356382,0
356383,0
356384,0
356385,0
356386,0
356387,0
356388,0
356389,0
356390,0
356391,0
356392,0
356393,0
356394,1
356395,0
356396,0
356397,0
356398,0
356399,0
356400,0
356401,0
356402,0
356403,0
356404,0
356405,0
356406,0
356407,0
356408,0
356409,0
356410,0
356411,0
356412,0
356413,0
356414,0
356415,0
356416,0
356417,0
356418,0
356419,0
356420,0
356421,0
356422,0
356423,0
356424,0
356425,0
356426,0
356427,0
356428,0
356429,0
356430,0
356431,0
356432,0
356433,0
356434,0
356435,0
356436,0
356437,0
356438,0
356439,0
356440,0
356441,0
356442,0
356443,0
356444,0
356445,0
356446,0
356447,0
356448,0
356449,0
356450,0
356451,0
356452,0
356453,0
356454,0
356455,0
356456,0
356457,0
356458,0
356459,0
356460,0
356461,0
356462,0
356463,0
356464,0
356465,0
356466,0
356467,0
356468,0
356469,0
356470,0
356471,0
356472,0
356473,0
356474,0
356475,0
356476,0
356477,0
356478,0
356479,0
356480,0
356481,0
356482,0
356483,0
356484,0
356485,0
356486,0
356487,0
356488,0
356489,0
356490,0
356491,0
356492,0
356493,0
356494,0
356495,0
356496,0
356497,0
356498,0
356499,0
356500,0
356501,0
356502,0
356503,0
356504,0
356505,0
356506,0
356507,0
356508,0
356509,0
356510,0
356511,0
356512,0
356513,0
356514,0
356515,0
356516,0
356517,0
356518,0
356519,0
356520,0
356521,0
356522,0
356523,0
356524,0
356525,0
356526,0
356527,0
356528,0
356529,0
356530,0
356531,0
356532,0
356533,0
356534,0
356535,1
356536,0
356537,0
356538,0
356539,0
356540,0
356541,0
356542,0
356543,0
356544,0
356545,0
356546,0
356547,0
356548,0
356549,0
356550,0
356551,0
356552,0
356553,0
356554,0
356555,0
356556,0
356557,0
356558,0
356559,0
356560,0
356561,0
356562,0
356563,0
356564,0
356565,0
356566,0
356567,0
356568,0
356569,0
356570,0
356571,0
356572,0
356573,0
356574,0
356575,0
356576,0
356577,0
356578,0
356579,0
356580,0
356581,0
356582,0
356583,0
356584,0
356585,0
356586,0
356587,0
356588,0
356589,0
356590,0
356591,0
356592,0
356593,0
356594,0
356595,0
356596,0
356597,0
356598,0
356599,0
356600,0
356601,0
356602,0
356603,0
356604,0
356605,0
356606,0
356607,0
356608,0
356609,0
356610,0
356611,0
356612,0
356613,0
356614,0
356615,0
356616,1
356617,0
356618,0
356619,0
356620,0
356621,0
356622,0
356623,0
356624,0
356625,0
356626,0
356627,0
356628,0
356629,0
356630,0
356631,0
356632,0
356633,0
356634,0
356635,0
356636,0
356637,0
356638,0
356639,0
356640,0
356641,0
356642,0
356643,0
356644,0
356645,0
356646,0
356647,0
356648,0
356649,0
356650,0
356651,0
356652,0
356653,0
356654,0
356655,0
356656,1
356657,0
356658,0
356659,0
356660,0
356661,0
356662,1
356663,0
356664,0
356665,0
356666,0
356667,19
356668,0
356669,12
356670,0
356671,0
356672,0
356673,0
356674,0
356675,0
356676,0
356677,27
356678,25
356679,26
356680,0
356681,0
356682,0
356683,0
356684,0
356685,0
356686,0
356687,0
356688,0
356689,0
356690,0
356691,15
356692,23
356693,0
356694,0
356695,24
356696,33
356697,0
356698,0
356699,0
356700,24
356701,16
356702,0
356703,0
356704,0
356705,13
356706,29
356707,0
356708,0
356709,27
356710,0
356711,29
356712,0
356713,28
356714,29
356715,0
356716,0
356717,0
356718,34
356719,0
356720,0
356721,30
356722,18
356723,0
356724,0
356725,0
356726,0
356727,30
356728,0
356729,0
356730,0
356731,0
356732,0
356733,0
356734,0
356735,0
356736,20
356737,24
356738,33
356739,0
356740,0
356741,0
356742,0
356743,32
356744,30
356745,0
356746,0
356747,0
356748,0
356749,0
356750,0
356751,0
356752,0
356753,0
356754,0
356755,0
356756,0
356757,0
356758,0
356759,0
356760,0
356761,0
356762,0
356763,0
356764,24
356765,0
356766,0
356767,22
356768,0
356769,0
356770,0
356771,0
356772,0
356773,0
356774,14
356775,0
356776,0
356777,0
356778,0
356779,0
356780,0
356781,0
356782,20
356783,12
356784,0
356785,0
356786,0
356787,19
356788,0
356789,0
356790,0
356791,0
356792,25
356793,0
356794,0
356795,0
356796,0
356797,0
356798,0
356799,0
356800,0
356801,24
356802,0
356803,0
356804,0
356805,29
356806,0
356807,0
356808,24
356809,0
356810,30
356811,0
356812,0
356813,0
356814,0
356815,0
356816,0
356817,0
356818,0
356819,0
356820,32
356821,0
356822,0
356823,0
356824,0
356825,26
356826,0
356827,0
356828,35
356829,0
356830,0
356831,0
356832,0
356833,0
356834,0
356835,0
356836,0
356837,0
356838,0
356839,28
356840,0
356841,0
356842,0
356843,25
356844,0
356845,0
356846,0
356847,0
356848,0
356849,0
356850,0
356851,28
356852,22
356853,0
356854,0
356855,0
356856,21
356857,0
356858,0
356859,0
356860,0
356861,0
356862,0
356863,18
356864,0
356865,28
356866,0
356867,0
356868,0
356869,0
356870,0
356871,0
356872,0
356873,0
356874,0
356875,0
356876,0
356877,0
356878,0
356879,0
356880,0
356881,0
356882,36
356883,0
356884,0
356885,0
356886,0
356887,20
356888,0
356889,26
356890,22
356891,0
356892,0
356893,0
356894,0
356895,0
356896,29
356897,0
356898,0
356899,0
356900,0
356901,0
356902,0
356903,26
356904,0
356905,0
356906,0
356907,0
356908,0
356909,0
356910,25
356911,0
356912,38
356913,0
356914,23
356915,19
356916,25
356917,23
356918,0
356919,0
356920,0
356921,28
356922,0
356923,0
356924,0
356925,20
356926,0
356927,0
356928,0
356929,0
356930,0
356931,22
356932,0
356933,0
356934,0
356935,21
356936,27
356937,30
356938,0
356939,21
356940,0
356941,0
356942,0
356943,0
356944,29
356945,0
356946,31
356947,20
356948,0
356949,0
356950,0
356951,24
356952,0
356953,0
356954,0
356955,0
356956,0
356957,25
356958,0
356959,0
356960,0
356961,0
356962,0
356963,0
356964,0
356965,0
356966,0
356967,0
356968,0
356969,0
356970,0
356971,0
356972,0
356973,0
356974,0
356975,18
356976,0
356977,0
356978,0
356979,0
356980,0
356981,0
356982,0
356983,0
356984,12
356985,0
356986,25
356987,36
356988,0
356989,0
356990,0
356991,0
356992,0
356993,0
356994,0
356995,31
356996,0
356997,33
356998,0
356999,0
357000,0
357001,0
357002,28
357003,0
357004,0
357005,0
357006,0
357007,24
357008,28
357009,0
357010,0
357011,17
357012,0
357013,0
357014,0
357015,0
357016,0
357017,0
357018,19
357019,21
357020,0
357021,0
357022,23
357023,0
357024,0
357025,0
357026,0
357027,0
357028,0
357029,15
357030,0
357031,0
357032,0
357033,0
357034,26
357035,0
357036,0
357037,0
357038,0
357039,0
357040,31
357041,0
357042,0
357043,0
357044,0
357045,0
357046,0
357047,0
357048,0
357049,0
357050,0
357051,0
357052,0
357053,0
357054,0
357055,0
357056,0
357057,0
357058,28
357059,0
357060,0
357061,0
357062,0
357063,25
357064,0
357065,0
357066,0
357067,0
357068,0
357069,0
357070,0
357071,0
357072,29
357073,0
357074,0
357075,0
357076,0
357077,0
357078,0
357079,0
357080,0
357081,0
357082,0
357083,0
357084,0
357085,17
357086,26
357087,0
357088,0
357089,0
357090,0
357091,0
357092,26
357093,0
357094,0
357095,0
357096,0
357097,0
357098,29
357099,29
357100,0
357101,0
357102,0
357103,22
357104,0
357105,0
357106,0
357107,0
357108,0
357109,0
357110,20
357111,0
357112,0
357113,0
357114,0
357115,0
357116,0
357117,0
357118,0
357119,27
357120,0
357121,33
357122,0
357123,0
357124,0
357125,0
357126,0
357127,0
357128,0
357129,0
357130,0
357131,0
357132,0
357133,20
357134,0
357135,29
357136,0
357137,23
357138,38
357139,0
357140,0
357141,33
357142,0
357143,0
357144,0
357145,0
357146,23
357147,27
357148,0
357149,0
357150,0
357151,36
357152,0
357153,0
357154,0
357155,0
357156,0
357157,22
357158,0
357159,0
357160,0
357161,0
357162,24
357163,0
357164,21
357165,0
357166,0
357167,0
357168,0
357169,31
357170,0
357171,0
357172,0
357173,0
357174,18
357175,34
357176,32
357177,17
357178,0
357179,0
357180,0
357181,26
357182,0
357183,0
357184,0
357185,0
357186,0
357187,31
357188,25
357189,0
357190,0
357191,0
357192,19
357193,0
357194,0
357195,0
357196,0
357197,0
357198,0
357199,0
357200,22
357201,34
357202,26
357203,28
357204,0
357205,0
357206,0
357207,0
357208,0
357209,0
357210,0
357211,0
357212,29
357213,0
357214,0
357215,0
357216,0
357217,0
357218,0
357219,0
357220,27
357221,0
357222,0
357223,0
357224,34
357225,0
357226,0
357227,26
357228,0
357229,0
357230,0
357231,0
357232,0
357233,0
357234,0
357235,0
357236,0
357237,0
357238,0
357239,0
357240,0
357241,19
357242,0
357243,0
357244,0
357245,0
357246,0
357247,0
357248,0
357249,0
357250,0
357251,0
357252,19
357253,0
357254,0
357255,0
357256,0
357257,0
357258,15
357259,16
357260,25
357261,0
357262,0
357263,0
357264,27
357265,22
357266,0
357267,0
357268,0
357269,0
357270,0
357271,0
357272,20
357273,0
357274,0
357275,0
357276,0
357277,31
357278,0
357279,0
357280,0
357281,37
357282,0
357283,0
357284,0
357285,0
357286,29
357287,0
357288,0
357289,0
357290,0
357291,0
357292,0
357293,28
357294,0
357295,33
357296,0
357297,0
357298,0
357299,21
357300,0
357301,0
357302,0
357303,0
357304,35
357305,0
357306,0
357307,32
357308,0
357309,0
357310,0
357311,26
357312,23
357313,0
357314,30
357315,0
357316,0
357317,0
357318,0
357319,0
357320,22
357321,0
357322,0
357323,31
357324,0
357325,28
357326,0
357327,24
357328,0
357329,0
357330,0
357331,20
357332,0
357333,0
357334,17
357335,0
357336,0
357337,0
357338,0
357339,0
357340,0
357341,0
357342,28
357343,17
357344,0
357345,0
357346,0
357347,0
357348,19
357349,0
357350,0
357351,0
357352,0
357353,0
357354,0
357355,0
357356,41
357357,19
357358,0
357359,28
357360,0
357361,0
357362,24
357363,0
357364,0
357365,0
357366,0
357367,0
357368,0
357369,0
357370,0
357371,0
357372,0
357373,0
357374,0
357375,0
357376,0
357377,20
357378,0
357379,0
357380,0
357381,0
357382,30
357383,28
357384,0
357385,0
357386,0
357387,0
357388,0
357389,0
357390,0
357391,0
357392,17
357393,0
357394,0
357395,0
357396,0
357397,16
357398,0
357399,15
357400,24
357401,0
357402,21
357403,0
357404,0
357405,0
357406,0
357407,0
357408,0
357409,0
357410,0
357411,0
357412,0
357413,26
357414,0
357415,14
357416,0
357417,20
357418,0
357419,0
357420,0
357421,0
357422,24
357423,0
357424,0
357425,0
357426,0
357427,18
357428,0
357429,0
357430,0
357431,0
357432,0
357433,0
357434,0
357435,0
357436,0
357437,0
357438,30
357439,0
357440,0
357441,0
357442,0
357443,0
357444,27
357445,0
357446,0
357447,0
357448,0
357449,0
357450,0
357451,0
357452,0
357453,0
357454,16
357455,22
357456,0
357457,13
357458,0
357459,0
357460,0
357461,0
357462,0
357463,0
357464,0
357465,0
357466,0
357467,0
357468,0
357469,25
357470,0
357471,0
357472,0
357473,17
357474,0
357475,0
357476,0
357477,0
357478,0
357479,0
357480,0
357481,0
357482,0
357483,0
357484,21
357485,32
357486,0
357487,0
357488,0
357489,0
357490,18
357491,0
357492,28
357493,0
357494,0
357495,18
357496,0
357497,0
357498,0
357499,0
357500,0
357501,0
357502,23
357503,0
357504,0
357505,0
357506,24
357507,0
357508,21
357509,0
357510,0
357511,0
357512,0
357513,0
357514,0
357515,0
357516,23
357517,20
357518,0
357519,0
357520,0
357521,0
357522,0
357523,0
357524,0
357525,0
357526,0
357527,28
357528,0
357529,0
357530,0
357531,0
357532,25
357533,0
357534,21
357535,0
357536,0
357537,0
357538,0
357539,0
357540,0
357541,0
357542,0
357543,0
357544,0
357545,0
357546,0
357547,0
357548,0
357549,19
357550,0
357551,0
357552,0
357553,0
357554,0
357555,0
357556,0
357557,0
357558,0
357559,0
357560,0
357561,0
357562,0
357563,0
357564,0
357565,0
357566,27
357567,0
357568,0
357569,0
357570,31
357571,0
357572,0
357573,0
357574,0
357575,0
357576,0
357577,0
357578,40
357579,0
357580,28
357581,37
357582,0
357583,0
357584,0
357585,0
357586,33
357587,0
357588,18
357589,0
357590,0
357591,0
357592,0
357593,0
357594,0
357595,0
357596,0
357597,0
357598,0
357599,0
357600,0
357601,0
357602,0
357603,0
357604,55
357605,0
357606,0
357607,31
357608,0
357609,0
357610,0
357611,0
357612,31
357613,0
357614,0
357615,0
357616,19
357617,0
357618,46
357619,0
357620,0
357621,0
357622,26
357623,0
357624,47
357625,0
357626,0
357627,0
357628,0
357629,0
357630,0
357631,0
357632,0
357633,0
357634,0
357635,0
357636,0
357637,0
357638,0
357639,0
357640,28
357641,0
357642,0
357643,0
357644,0
357645,0
357646,41
357647,0
357648,0
357649,0
357650,0
357651,0
357652,0
357653,0
357654,0
357655,0
357656,41
357657,0
357658,41
357659,0
357660,0
357661,0
357662,0
357663,0
357664,0
357665,0
357666,0
357667,0
357668,0
357669,0
357670,0
357671,29
357672,0
357673,0
357674,0
357675,0
357676,33
357677,33
357678,0
357679,28
357680,0
357681,36
357682,40
357683,0
357684,0
357685,0
357686,0
357687,0
357688,0
357689,0
357690,0
357691,0
357692,0
357693,0
357694,0
357695,0
357696,0
357697,0
357698,0
357699,0
357700,0
357701,30
357702,0
357703,0
357704,38
357705,0
357706,0
357707,0
357708,0
357709,0
357710,0
357711,0
357712,41
357713,0
357714,0
357715,0
357716,0
357717,0
357718,0
357719,0
357720,0
357721,0
357722,0
357723,0
357724,0
357725,0
357726,29
357727,0
357728,0
357729,38
357730,0
357731,0
357732,0
357733,0
357734,0
357735,0
357736,37
357737,0
357738,0
357739,0
357740,0
357741,40
357742,0
357743,0
357744,0
357745,41
357746,0
357747,0
357748,0
357749,0
357750,0
357751,0
357752,31
357753,0
357754,0
357755,0
357756,0
357757,0
357758,0
357759,0
357760,0
357761,0
357762,0
357763,31
357764,0
357765,0
357766,0
357767,0
357768,0
357769,0
357770,0
357771,17
357772,0
357773,0
357774,0
357775,0
357776,0
357777,0
357778,0
357779,22
357780,0
357781,0
357782,0
357783,0
357784,44
357785,43
357786,0
357787,0
357788,40
357789,0
357790,0
357791,42
357792,49
357793,0
357794,0
357795,0
357796,0
357797,32
357798,0
357799,0
357800,0
357801,35
357802,41
357803,0
357804,0
357805,0
357806,0
357807,0
357808,0
357809,34
357810,0
357811,0
357812,0
357813,0
357814,0
357815,32
357816,0
357817,0
357818,0
357819,0
357820,0
357821,0
357822,0
357823,0
357824,0
357825,26
357826,0
357827,0
357828,0
357829,33
357830,0
357831,41
357832,44
357833,42
357834,0
357835,0
357836,0
357837,0
357838,0
357839,0
357840,0
357841,0
357842,0
357843,0
357844,0
357845,0
357846,0
357847,0
357848,0
357849,0
357850,33
357851,0
357852,0
357853,0
357854,0
357855,51
357856,28
357857,0
357858,0
357859,23
357860,0
357861,0
357862,0
357863,31
357864,31
357865,0
357866,0
357867,0
357868,0
357869,0
357870,0
357871,0
357872,0
357873,0
357874,0
357875,0
357876,0
357877,0
357878,0
357879,0
357880,0
357881,0
357882,0
357883,0
357884,0
357885,0
357886,0
357887,0
357888,0
357889,0
357890,0
357891,0
357892,0
357893,41
357894,47
357895,43
357896,0
357897,32
357898,0
357899,0
357900,0
357901,0
357902,0
357903,0
357904,0
357905,0
357906,0
357907,57
357908,0
357909,0
357910,0
357911,0
357912,0
357913,0
357914,0
357915,0
357916,0
357917,0
357918,0
357919,0
357920,0
357921,0
357922,40
357923,0
357924,36
357925,0
357926,0
357927,0
357928,0
357929,0
357930,0
357931,0
357932,0
357933,30
357934,0
357935,0
357936,0
357937,0
357938,0
357939,0
357940,0
357941,0
357942,0
357943,0
357944,0
357945,34
357946,0
357947,0
357948,0
357949,0
357950,0
357951,0
357952,33
357953,0
357954,0
357955,0
357956,0
357957,0
357958,33
357959,0
357960,0
357961,0
357962,0
357963,0
357964,0
357965,0
357966,0
357967,29
357968,0
357969,0
357970,26
357971,0
357972,0
357973,0
357974,0
357975,0
357976,0
357977,1
357978,0
357979,0
357980,0
357981,0
357982,0
357983,0
357984,0
357985,0
357986,0
357987,0
357988,0
357989,0
357990,0
357991,0
357992,0
357993,0
357994,0
357995,0
357996,0
357997,0
357998,0
357999,0
358000,0
358001,0
358002,0
358003,0
358004,0
358005,0
358006,0
358007,0
358008,0
358009,0
358010,0
358011,0
358012,0
358013,0
358014,0
358015,0
358016,0
358017,0
358018,0
358019,0
358020,0
358021,0
358022,0
358023,0
358024,0
358025,0
358026,0
358027,0
358028,1
358029,0
358030,0
358031,1
358032,0
358033,0
358034,0
358035,0
358036,0
358037,0
358038,0
358039,0
358040,0
358041,0
358042,0
358043,0
358044,0
358045,0
358046,0
358047,0
358048,0
358049,0
358050,0
358051,0
358052,0
358053,0
358054,0
358055,0
358056,0
358057,0
358058,0
358059,0
358060,0
358061,0
358062,0
358063,0
358064,0
358065,0
358066,0
358067,0
358068,0
358069,0
358070,0
358071,0
358072,0
358073,0
358074,0
358075,0
358076,0
358077,0
358078,0
358079,0
358080,0
358081,0
358082,0
358083,0
358084,0
358085,0
358086,0
358087,0
358088,0
358089,0
358090,0
358091,0
358092,0
358093,0
358094,0
358095,0
358096,0
358097,0
358098,0
358099,0
358100,0
358101,0
358102,0
358103,0
358104,0
358105,0
358106,0
358107,0
358108,0
358109,0
358110,0
358111,0
358112,1
358113,0
358114,0
358115,0
358116,0
358117,0
358118,0
358119,0
358120,0
358121,0
358122,0
358123,0
358124,0
358125,0
358126,0
358127,0
358128,0
358129,0
358130,0
358131,0
358132,0
358133,0
358134,0
358135,0
358136,0
358137,0
358138,0
358139,0
358140,0
358141,0
358142,0
358143,0
358144,0
358145,0
358146,0
358147,0
358148,0
358149,0
358150,0
358151,0
358152,0
358153,0
358154,0
358155,0
358156,0
358157,0
358158,0
358159,0
358160,0
358161,0
358162,0
358163,0
358164,0
358165,0
358166,0
358167,0
358168,0
358169,0
358170,0
358171,0
358172,0
358173,0
358174,0
358175,0
358176,0
358177,0
358178,0
358179,0
358180,0
358181,0
358182,0
358183,0
358184,0
358185,0
358186,0
358187,0
358188,0
358189,0
358190,0
358191,0
358192,0
358193,0
358194,0
358195,0
358196,0
358197,0
358198,0
358199,0
358200,0
358201,0
358202,0
358203,0
358204,0
358205,0
358206,0
358207,0
358208,0
358209,0
358210,0
358211,0
358212,0
358213,0
358214,0
358215,0
358216,0
358217,0
358218,0
358219,0
358220,0
358221,0
358222,0
358223,0
358224,0
358225,0
358226,0
358227,0
358228,0
358229,0
358230,0
358231,0
358232,0
358233,0
358234,0
358235,0
358236,0
358237,0
358238,0
358239,0
358240,0
358241,0
358242,0
358243,0
358244,0
358245,0
358246,0
358247,0
358248,0
358249,0
358250,0
358251,0
358252,33
358253,45
358254,35
358255,0
358256,37
358257,0
358258,49
358259,0
358260,0
358261,0
358262,39
358263,0
358264,0
358265,0
358266,0
358267,43
358268,0
358269,0
358270,0
358271,0
358272,0
358273,36
358274,39
358275,0
358276,32
358277,0
358278,0
358279,0
358280,0
358281,0
358282,40
358283,0
358284,0
358285,0
358286,0
358287,0
358288,0
358289,0
358290,32
358291,37
358292,0
358293,0
358294,0
358295,23
358296,27
358297,0
358298,30
358299,33
358300,0
358301,0
358302,0
358303,0
358304,51
358305,0
358306,0
358307,0
358308,0
358309,0
358310,43
358311,0
358312,42
358313,32
358314,0
358315,25
358316,0
358317,44
358318,0
358319,0
358320,0
358321,0
358322,0
358323,0
358324,0
358325,0
358326,0
358327,0
358328,25
358329,0
358330,0
358331,0
358332,0
358333,0
358334,0
358335,0
358336,0
358337,0
358338,0
358339,0
358340,0
358341,40
358342,0
358343,0
358344,0
358345,0
358346,0
358347,0
358348,0
358349,0
358350,43
358351,36
358352,0
358353,0
358354,0
358355,31
358356,29
358357,0
358358,0
358359,0
358360,0
358361,0
358362,0
358363,0
358364,0
358365,0
358366,0
358367,46
358368,0
358369,0
358370,36
358371,0
358372,0
358373,0
358374,0
358375,0
358376,0
358377,0
358378,0
358379,0
358380,0
358381,0
358382,0
358383,0
358384,20
358385,0
358386,0
358387,0
358388,0
358389,35
358390,0
358391,24
358392,0
358393,0
358394,0
358395,0
358396,0
358397,33
358398,0
358399,0
358400,0
358401,0
358402,0
358403,25
358404,0
358405,20
358406,0
358407,34
358408,29
358409,34
358410,45
358411,0
358412,0
358413,0
358414,0
358415,0
358416,33
358417,27
358418,0
358419,0
358420,0
358421,0
358422,0
358423,0
358424,0
358425,0
358426,0
358427,0
358428,0
358429,0
358430,0
358431,0
358432,0
358433,0
358434,0
358435,0
358436,24
358437,31
358438,0
358439,0
358440,44
358441,0
358442,39
358443,0
358444,0
358445,0
358446,0
358447,0
358448,0
358449,0
358450,0
358451,0
358452,54
358453,0
358454,45
358455,0
358456,0
358457,0
358458,0
358459,0
358460,0
358461,0
358462,0
358463,0
358464,0
358465,0
358466,0
358467,0
358468,0
358469,0
358470,0
358471,0
358472,0
358473,24
358474,0
358475,0
358476,0
358477,0
358478,0
358479,0
358480,21
358481,27
358482,0
358483,0
358484,0
358485,0
358486,0
358487,0
358488,0
358489,0
358490,0
358491,0
358492,0
358493,33
358494,0
358495,0
358496,0
358497,0
358498,0
358499,0
358500,0
358501,0
358502,0
358503,0
358504,0
358505,0
358506,0
358507,33
358508,0
358509,0
358510,0
358511,0
358512,0
358513,0
358514,0
358515,0
358516,41
358517,0
358518,0
358519,0
358520,0
358521,0
358522,0
358523,0
358524,0
358525,0
358526,0
358527,0
358528,0
358529,0
358530,32
358531,33
358532,0
358533,0
358534,0
358535,0
358536,0
358537,0
358538,0
358539,36
358540,0
358541,0
358542,0
358543,0
358544,0
358545,0
358546,0
358547,0
358548,0
358549,0
358550,0
358551,0
358552,39
358553,0
358554,39
358555,0
358556,0
358557,0
358558,38
358559,0
358560,0
358561,46
358562,0
358563,0
358564,0
358565,0
358566,0
358567,0
358568,0
358569,0
358570,0
358571,43
358572,0
358573,33
358574,0
358575,33
358576,25
358577,0
358578,0
358579,0
358580,30
358581,0
358582,0
358583,0
358584,0
358585,0
358586,0
358587,0
358588,0
358589,0
358590,35
358591,0
358592,0
358593,0
358594,0
358595,0
358596,0
358597,0
358598,29
358599,0
358600,0
358601,0
358602,0
358603,0
358604,0
358605,0
358606,0
358607,0
358608,0
358609,0
358610,0
358611,0
358612,0
358613,0
358614,32
358615,0
358616,0
358617,27
358618,0
358619,0
358620,0
358621,0
358622,0
358623,0
358624,0
358625,0
358626,0
358627,0
358628,0
358629,0
358630,0
358631,0
358632,0
358633,31
358634,0
358635,0
358636,0
358637,0
358638,0
358639,0
358640,0
358641,0
358642,0
358643,0
358644,0
358645,0
358646,0
358647,0
358648,0
358649,0
358650,0
358651,0
358652,0
358653,0
358654,45
358655,0
358656,0
358657,0
358658,0
358659,0
358660,0
358661,0
358662,37
358663,0
358664,0
358665,0
358666,0
358667,0
358668,0
358669,0
358670,0
358671,0
358672,0
358673,0
358674,0
358675,0
358676,0
358677,0
358678,0
358679,42
358680,0
358681,0
358682,0
358683,0
358684,0
358685,0
358686,0
358687,0
358688,0
358689,32
358690,0
358691,0
358692,0
358693,0
358694,0
358695,0
358696,0
358697,0
358698,0
358699,0
358700,0
358701,0
358702,0
358703,0
358704,0
358705,0
358706,0
358707,0
358708,0
358709,0
358710,0
358711,0
358712,0
358713,0
358714,34
358715,0
358716,0
358717,0
358718,39
358719,0
358720,0
358721,0
358722,24
358723,0
358724,0
358725,0
358726,0
358727,0
358728,0
358729,0
358730,0
358731,0
358732,0
358733,0
358734,0
358735,0
358736,0
358737,0
358738,0
358739,0
358740,0
358741,0
358742,0
358743,28
358744,0
358745,0
358746,0
358747,0
358748,0
358749,0
358750,0
358751,0
358752,0
358753,0
358754,31
358755,0
358756,0
358757,0
358758,0
358759,0
358760,0
358761,0
358762,0
358763,0
358764,0
358765,0
358766,0
358767,0
358768,0
358769,0
358770,0
358771,0
358772,0
358773,0
358774,0
358775,0
358776,27
358777,0
358778,0
358779,0
358780,0
358781,0
358782,0
358783,0
358784,0
358785,0
358786,16
358787,0
358788,0
358789,0
358790,0
358791,29
358792,0
358793,0
358794,0
358795,0
358796,0
358797,0
358798,0
358799,0
358800,0
358801,0
358802,0
358803,0
358804,0
358805,0
358806,0
358807,0
358808,0
358809,0
358810,0
358811,0
358812,0
358813,0
358814,0
358815,0
358816,33
358817,0
358818,0
358819,0
358820,0
358821,0
358822,0
358823,0
358824,0
358825,0
358826,0
358827,0
358828,0
358829,0
358830,0
358831,0
358832,0
358833,35
358834,0
358835,0
358836,0
358837,0
358838,0
358839,0
358840,0
358841,42
358842,0
358843,0
358844,0
358845,23
358846,0
358847,0
358848,0
358849,32
358850,0
358851,0
358852,0
358853,26
358854,0
358855,0
358856,0
358857,0
358858,0
358859,0
358860,45
358861,0
358862,0
358863,0
358864,0
358865,0
358866,0
358867,0
358868,0
358869,0
358870,0
358871,17
358872,0
358873,0
358874,0
358875,0
358876,0
358877,0
358878,0
358879,0
358880,0
358881,34
358882,0
358883,0
358884,0
358885,0
358886,0
358887,0
358888,18
358889,0
358890,36
358891,0
358892,0
358893,0
358894,0
358895,0
358896,0
358897,0
358898,0
358899,0
358900,0
358901,0
358902,0
358903,0
358904,0
358905,0
358906,0
358907,0
358908,0
358909,0
358910,0
358911,0
358912,0
358913,0
358914,0
358915,0
358916,0
358917,0
358918,0
358919,0
358920,0
358921,0
358922,0
358923,35
358924,0
358925,0
358926,0
358927,0
358928,0
358929,0
358930,0
358931,0
358932,0
358933,0
358934,0
358935,0
358936,0
358937,0
358938,0
358939,0
358940,0
358941,0
358942,0
358943,0
358944,0
358945,0
358946,0
358947,0
358948,0
358949,0
358950,0
358951,21
358952,0
358953,40
358954,0
358955,21
358956,0
358957,0
358958,0
358959,0
358960,32
358961,0
358962,0
358963,0
358964,35
358965,0
358966,0
358967,0
358968,0
358969,0
358970,0
358971,0
358972,0
358973,0
358974,0
358975,0
358976,0
358977,0
358978,26
358979,0
358980,0
358981,0
358982,0
358983,0
358984,0
358985,0
358986,0
358987,0
358988,0
358989,0
358990,0
358991,0
358992,0
358993,0
358994,0
358995,0
358996,0
358997,0
358998,0
358999,0
359000,0
359001,0
359002,0
359003,0
359004,0
359005,0
359006,0
359007,0
359008,0
359009,0
359010,0
359011,32
359012,0
359013,0
359014,0
359015,0
359016,0
359017,0
359018,0
359019,0
359020,0
359021,0
359022,0
359023,0
359024,0
359025,32
359026,0
359027,0
359028,0
359029,23
359030,0
359031,0
359032,0
359033,0
359034,0
359035,0
359036,0
359037,0
359038,0
359039,0
359040,0
359041,0
359042,0
359043,0
359044,0
359045,18
359046,0
359047,0
359048,0
359049,0
359050,0
359051,41
359052,0
359053,0
359054,0
359055,0
359056,18
359057,0
359058,0
359059,0
359060,0
359061,0
359062,0
359063,0
359064,0
359065,0
359066,0
359067,0
359068,42
359069,0
359070,0
359071,0
359072,0
359073,0
359074,0
359075,0
359076,0
359077,0
359078,0
359079,0
359080,0
359081,0
359082,0
359083,0
359084,0
359085,0
359086,0
359087,0
359088,0
359089,0
359090,0
359091,0
359092,0
359093,0
359094,0
359095,0
359096,0
359097,0
359098,0
359099,0
359100,0
359101,0
359102,0
359103,0
359104,0
359105,0
359106,0
359107,0
359108,0
359109,0
359110,0
359111,0
359112,0
359113,0
359114,0
359115,5
359116,0
359117,0
359118,0
359119,0
359120,1
359121,0
359122,0
359123,0
359124,0
359125,0
359126,0
359127,0
359128,0
359129,0
359130,0
359131,0
359132,0
359133,0
359134,0
359135,0
359136,0
359137,2
359138,0
359139,0
359140,0
359141,0
359142,0
359143,2
359144,0
359145,0
359146,0
359147,0
359148,0
359149,0
359150,0
359151,0
359152,0
359153,3
359154,0
359155,0
359156,0
359157,0
359158,0
359159,0
359160,0
359161,0
359162,0
359163,0
359164,0
359165,0
359166,0
359167,0
359168,0
359169,0
359170,0
359171,0
359172,0
359173,0
359174,0
359175,0
359176,0
359177,2
359178,0
359179,0
359180,0
359181,0
359182,0
359183,0
359184,0
359185,0
359186,0
359187,4
359188,0
359189,3
359190,0
359191,0
359192,0
359193,0
359194,0
359195,0
359196,3
359197,0
359198,0
359199,0
359200,0
359201,4
359202,0
359203,0
359204,0
359205,0
359206,0
359207,0
359208,0
359209,0
359210,0
359211,0
359212,0
359213,0
359214,0
359215,0
359216,0
359217,0
359218,0
359219,0
359220,0
359221,0
359222,0
359223,0
359224,0
359225,0
359226,0
359227,0
359228,7
359229,0
359230,0
359231,0
359232,0
359233,0
359234,0
359235,0
359236,0
359237,0
359238,0
359239,0
359240,0
359241,0
359242,0
359243,0
359244,0
359245,0
359246,0
359247,0
359248,0
359249,0
359250,0
359251,0
359252,0
359253,0
359254,0
359255,0
359256,0
359257,0
359258,0
359259,0
359260,0
359261,0
359262,0
359263,1
359264,0
359265,0
359266,0
359267,0
359268,0
359269,0
359270,0
359271,0
359272,0
359273,0
359274,0
359275,0
359276,0
359277,0
359278,0
359279,0
359280,1
359281,0
359282,0
359283,0
359284,0
359285,0
359286,5
359287,0
359288,0
359289,4
359290,0
359291,0
359292,0
359293,0
359294,0
359295,0
359296,0
359297,0
359298,0
359299,0
359300,0
359301,0
359302,0
359303,0
359304,0
359305,0
359306,0
359307,0
359308,0
359309,0
359310,0
359311,0
359312,0
359313,0
359314,0
359315,0
359316,0
359317,0
359318,0
359319,2
359320,0
359321,0
359322,0
359323,0
359324,3
359325,0
359326,0
359327,0
359328,0
359329,0
359330,3
359331,0
359332,0
359333,0
359334,5
359335,0
359336,0
359337,0
359338,0
359339,0
359340,0
359341,0
359342,0
359343,0
359344,0
359345,0
359346,0
359347,0
359348,0
359349,0
359350,0
359351,0
359352,0
359353,0
359354,0
359355,1
359356,0
359357,0
359358,0
359359,0
359360,0
359361,3
359362,0
359363,0
359364,0
359365,0
359366,0
359367,0
359368,0
359369,0
359370,0
359371,4
359372,0
359373,0
359374,0
359375,0
359376,0
359377,0
359378,0
359379,0
359380,0
359381,3
359382,0
359383,0
359384,0
359385,0
359386,0
359387,0
359388,0
359389,0
359390,0
359391,0
359392,0
359393,0
359394,0
359395,0
359396,0
359397,0
359398,0
359399,0
359400,0
359401,0
359402,0
359403,0
359404,0
359405,0
359406,0
359407,0
359408,0
359409,0
359410,0
359411,0
359412,0
359413,0
359414,0
359415,0
359416,0
359417,0
359418,1
359419,4
359420,0
359421,0
359422,0
359423,0
359424,0
359425,0
359426,0
359427,0
359428,0
359429,0
359430,0
359431,0
359432,0
359433,0
359434,0
359435,0
359436,0
359437,4
359438,0
359439,0
359440,0
359441,0
359442,0
359443,0
359444,0
359445,0
359446,0
359447,0
359448,0
359449,0
359450,0
359451,0
359452,0
359453,0
359454,0
359455,0
359456,0
359457,5
359458,0
359459,0
359460,0
359461,0
359462,0
359463,0
359464,0
359465,0
359466,0
359467,0
359468,0
359469,0
359470,0
359471,0
359472,1
359473,2
359474,0
359475,0
359476,0
359477,0
359478,0
359479,0
359480,0
359481,0
359482,0
359483,0
359484,0
359485,0
359486,0
359487,0
359488,0
359489,0
359490,0
359491,0
359492,2
359493,0
359494,0
359495,0
359496,0
359497,0
359498,0
359499,0
359500,0
359501,0
359502,0
359503,0
359504,0
359505,0
359506,0
359507,0
359508,0
359509,0
359510,0
359511,0
359512,0
359513,0
359514,0
359515,0
359516,0
359517,0
359518,0
359519,0
359520,0
359521,0
359522,0
359523,0
359524,0
359525,0
359526,0
359527,0
359528,0
359529,0
359530,0
359531,0
359532,4
359533,0
359534,0
359535,0
359536,0
359537,0
359538,0
359539,0
359540,0
359541,0
359542,3
359543,0
359544,0
359545,0
359546,0
359547,0
359548,0
359549,0
359550,0
359551,0
359552,0
359553,0
359554,5
359555,0
359556,0
359557,0
359558,0
359559,0
359560,0
359561,0
359562,0
359563,0
359564,0
359565,0
359566,0
359567,0
359568,0
359569,0
359570,2
359571,0
359572,0
359573,0
359574,0
359575,0
359576,0
359577,0
359578,5
359579,0
359580,0
359581,0
359582,0
359583,0
359584,0
359585,0
359586,0
359587,0
359588,0
359589,0
359590,0
359591,0
359592,0
359593,0
359594,0
359595,0
359596,0
359597,0
359598,0
359599,0
359600,0
359601,0
359602,0
359603,0
359604,0
359605,0
359606,0
359607,0
359608,0
359609,0
359610,3
359611,0
359612,0
359613,0
359614,0
359615,0
359616,0
359617,0
359618,0
359619,0
359620,0
359621,0
359622,0
359623,0
359624,0
359625,0
359626,0
359627,0
359628,0
359629,2
359630,0
359631,0
359632,0
359633,0
359634,0
359635,0
359636,0
359637,0
359638,0
359639,0
359640,0
359641,0
359642,0
359643,0
359644,0
359645,0
359646,0
359647,0
359648,0
359649,0
359650,0
359651,0
359652,0
359653,0
359654,0
359655,0
359656,0
359657,6
359658,0
359659,0
359660,0
359661,0
359662,0
359663,0
359664,0
359665,0
359666,0
359667,0
359668,0
359669,4
359670,0
359671,0
359672,2
359673,0
359674,0
359675,0
359676,0
359677,0
359678,0
359679,0
359680,0
359681,0
359682,0
359683,0
359684,3
359685,0
359686,0
359687,0
359688,0
359689,0
359690,0
359691,0
359692,0
359693,0
359694,0
359695,0
359696,0
359697,0
359698,0
359699,0
359700,0
359701,0
359702,0
359703,0
359704,0
359705,0
359706,0
359707,0
359708,3
359709,0
359710,0
359711,0
359712,0
359713,0
359714,0
359715,0
359716,0
359717,0
359718,0
359719,0
359720,0
359721,0
359722,0
359723,0
359724,0
359725,3
359726,0
359727,0
359728,0
359729,0
359730,0
359731,0
359732,0
359733,0
359734,0
359735,0
359736,0
359737,0
359738,0
359739,0
359740,0
359741,0
359742,0
359743,0
359744,0
359745,0
359746,0
359747,0
359748,0
359749,0
359750,0
359751,0
359752,0
359753,0
359754,0
359755,0
359756,0
359757,0
359758,0
359759,0
359760,0
359761,0
359762,0
359763,0
359764,0
359765,0
359766,0
359767,0
359768,0
359769,0
359770,0
359771,0
359772,0
359773,0
359774,0
359775,0
359776,0
359777,0
359778,0
359779,0
359780,0
359781,0
359782,0
359783,0
359784,0
359785,0
359786,0
359787,0
359788,0
359789,0
359790,0
359791,0
359792,0
359793,0
359794,0
359795,0
359796,0
359797,0
359798,0
359799,0
359800,0
359801,0
359802,0
359803,0
359804,0
359805,0
359806,0
359807,0
359808,0
359809,0
359810,0
359811,0
359812,1
359813,0
359814,0
359815,0
359816,0
359817,0
359818,0
359819,0
359820,0
359821,0
359822,0
359823,0
359824,0
359825,0
359826,0
359827,0
359828,0
359829,0
359830,0
359831,0
359832,0
359833,0
359834,0
359835,0
359836,0
359837,0
359838,0
359839,0
359840,0
359841,0
359842,0
359843,0
359844,0
359845,0
359846,0
359847,0
359848,0
359849,0
359850,0
359851,0
359852,0
359853,0
359854,0
359855,0
359856,0
359857,0
359858,0
359859,0
359860,0
359861,0
359862,0
359863,0
359864,0
359865,0
359866,0
359867,0
359868,0
359869,0
359870,0
359871,0
359872,0
359873,0
359874,0
359875,0
359876,0
359877,0
359878,0
359879,0
359880,0
359881,0
359882,0
359883,0
359884,0
359885,0
359886,0
359887,0
359888,0
359889,0
359890,0
359891,0
359892,0
359893,0
359894,0
359895,0
359896,0
359897,0
359898,0
359899,0
359900,0
359901,0
359902,0
359903,0
359904,0
359905,0
359906,0
359907,0
359908,0
359909,0
359910,0
359911,0
359912,0
359913,0
359914,0
359915,0
359916,0
359917,0
359918,0
359919,0
359920,0
359921,0
359922,0
359923,0
359924,0
359925,0
359926,0
359927,0
359928,0
359929,0
359930,0
359931,0
359932,1
359933,0
359934,0
359935,0
359936,0
359937,0
359938,0
359939,0
359940,0
359941,0
359942,0
359943,0
359944,0
359945,0
359946,0
359947,0
359948,0
359949,0
359950,0
359951,0
359952,0
359953,0
359954,0
359955,0
359956,0
359957,0
359958,0
359959,0
359960,0
359961,0
359962,0
359963,0
359964,0
359965,0
359966,0
359967,0
359968,0
359969,0
359970,0
359971,0
359972,0
359973,0
359974,0
359975,0
359976,0
359977,0
359978,0
359979,0
359980,0
359981,0
359982,0
359983,0
359984,0
359985,0
359986,0
359987,0
359988,0
359989,0
359990,0
359991,0
359992,0
359993,0
359994,0
359995,0
359996,0
359997,0
359998,0
359999,0
360000,0
360001,0
360002,0
360003,0
360004,0
360005,0
360006,0
360007,0
360008,0
360009,0
360010,0
360011,0
360012,0
360013,0
360014,0
360015,0
360016,0
360017,0
360018,0
360019,0
360020,0
360021,0
360022,0
360023,0
360024,0
360025,0
360026,0
360027,0
360028,0
360029,0
360030,0
360031,0
360032,0
360033,0
360034,0
360035,0
360036,0
360037,0
360038,0
360039,0
360040,0
360041,0
360042,0
360043,0
360044,0
360045,0
360046,0
360047,0
360048,0
360049,0
360050,0
360051,0
360052,0
360053,0
360054,0
360055,0
360056,0
360057,0
360058,0
360059,0
360060,0
360061,0
360062,20
360063,24
360064,0
360065,0
360066,0
360067,0
360068,0
360069,0
360070,0
360071,0
360072,0
360073,0
360074,0
360075,0
360076,0
360077,0
360078,0
360079,0
360080,0
360081,0
360082,0
360083,0
360084,0
360085,26
360086,0
360087,0
360088,0
360089,0
360090,0
360091,0
360092,0
360093,0
360094,0
360095,0
360096,0
360097,0
360098,0
360099,0
360100,20
360101,0
360102,0
360103,0
360104,0
360105,0
360106,0
360107,1
360108,0
360109,0
360110,0
360111,0
360112,0
360113,0
360114,0
360115,0
360116,0
360117,0
360118,0
360119,0
360120,0
360121,0
360122,0
360123,3
360124,0
360125,0
360126,0
360127,2
360128,0
360129,0
360130,0
360131,0
360132,0
360133,0
360134,1
360135,0
360136,0
360137,0
360138,0
360139,0
360140,1
360141,0
360142,0
360143,0
360144,0
360145,0
360146,1
360147,0
360148,0
360149,0
360150,0
360151,0
360152,1
360153,2
360154,0
360155,0
360156,0
360157,0
360158,0
360159,0
360160,0
360161,0
360162,0
360163,0
360164,0
360165,0
360166,0
360167,0
360168,2
360169,1
360170,0
360171,0
360172,0
360173,0
360174,0
360175,1
360176,1
360177,0
360178,0
360179,0
360180,0
360181,0
360182,0
360183,0
360184,0
360185,0
360186,0
360187,1
360188,0
360189,0
360190,2
360191,0
360192,0
360193,0
360194,0
360195,0
360196,0
360197,0
360198,0
360199,0
360200,0
360201,0
360202,2
360203,0
360204,0
360205,0
360206,0
360207,0
360208,0
360209,0
360210,0
360211,0
360212,0
360213,0
360214,0
360215,0
360216,0
360217,0
360218,0
360219,0
360220,0
360221,0
360222,0
360223,0
360224,1
360225,0
360226,0
360227,0
360228,2
360229,0
360230,0
360231,2
360232,0
360233,0
360234,0
360235,0
360236,0
360237,0
360238,0
360239,0
360240,0
360241,0
360242,0
360243,0
360244,0
360245,0
360246,0
360247,0
360248,0
360249,0
360250,0
360251,0
360252,0
360253,0
360254,0
360255,0
360256,1
360257,0
360258,0
360259,3
360260,2
360261,0
360262,0
360263,0
360264,0
360265,0
360266,0
360267,0
360268,0
360269,0
360270,0
360271,0
360272,0
360273,0
360274,0
360275,0
360276,0
360277,2
360278,0
360279,0
360280,0
360281,0
360282,0
360283,0
360284,0
360285,2
360286,0
360287,0
360288,0
360289,0
360290,0
360291,0
360292,0
360293,0
360294,0
360295,0
360296,3
360297,0
360298,1
360299,0
360300,1
360301,0
360302,0
360303,0
360304,0
360305,0
360306,0
360307,0
360308,0
360309,0
360310,0
360311,0
360312,0
360313,0
360314,0
360315,0
360316,0
360317,0
360318,0
360319,0
360320,0
360321,0
360322,0
360323,2
360324,0
360325,1
360326,0
360327,0
360328,0
360329,0
360330,0
360331,0
360332,0
360333,0
360334,0
360335,0
360336,0
360337,0
360338,0
360339,3
360340,0
360341,1
360342,0
360343,1
360344,0
360345,0
360346,0
360347,0
360348,0
360349,0
360350,0
360351,2
360352,0
360353,0
360354,1
360355,0
360356,2
360357,0
360358,2
360359,4
360360,2
360361,0
360362,0
360363,0
360364,0
360365,0
360366,0
360367,1
360368,0
360369,0
360370,1
360371,1
360372,0
360373,0
360374,0
360375,0
360376,0
360377,0
360378,0
360379,0
360380,2
360381,2
360382,0
360383,0
360384,0
360385,0
360386,0
360387,0
360388,0
360389,0
360390,0
360391,0
360392,0
360393,0
360394,0
360395,0
360396,0
360397,0
360398,0
360399,0
360400,0
360401,0
360402,0
360403,2
360404,0
360405,0
360406,0
360407,0
360408,0
360409,0
360410,3
360411,0
360412,0
360413,3
360414,0
360415,0
360416,0
360417,2
360418,2
360419,0
360420,0
360421,0
360422,0
360423,0
360424,0
360425,0
360426,0
360427,1
360428,0
360429,0
360430,0
360431,1
360432,0
360433,0
360434,0
360435,0
360436,0
360437,0
360438,0
360439,0
360440,0
360441,0
360442,0
360443,1
360444,2
360445,1
360446,0
360447,0
360448,0
360449,0
360450,0
360451,0
360452,0
360453,0
360454,0
360455,0
360456,1
360457,0
360458,0
360459,0
360460,0
360461,2
360462,0
360463,2
360464,0
360465,0
360466,2
360467,0
360468,0
360469,0
360470,0
360471,0
360472,0
360473,0
360474,0
360475,1
360476,1
360477,1
360478,0
360479,1
360480,0
360481,6
360482,0
360483,0
360484,0
360485,0
360486,2
360487,2
360488,0
360489,0
360490,0
360491,0
360492,0
360493,1
360494,0
360495,0
360496,0
360497,0
360498,0
360499,0
360500,0
360501,0
360502,0
360503,0
360504,1
360505,0
360506,0
360507,0
360508,0
360509,0
360510,0
360511,0
360512,1
360513,3
360514,0
360515,0
360516,0
360517,0
360518,0
360519,2
360520,1
360521,0
360522,0
360523,1
360524,0
360525,0
360526,0
360527,0
360528,2
360529,0
360530,0
360531,0
360532,0
360533,0
360534,2
360535,2
360536,0
360537,0
360538,0
360539,0
360540,0
360541,0
360542,0
360543,0
360544,1
360545,1
360546,0
360547,0
360548,0
360549,0
360550,1
360551,4
360552,0
360553,0
360554,0
360555,0
360556,0
360557,0
360558,2
360559,0
360560,0
360561,2
360562,2
360563,1
360564,2
360565,0
360566,0
360567,0
360568,0
360569,0
360570,0
360571,0
360572,0
360573,0
360574,0
360575,0
360576,0
360577,0
360578,0
360579,1
360580,0
360581,1
360582,0
360583,0
360584,2
360585,0
360586,0
360587,1
360588,0
360589,2
360590,0
360591,0
360592,0
360593,0
360594,0
360595,0
360596,0
360597,0
360598,2
360599,32
360600,0
360601,0
360602,19
360603,23
360604,0
360605,0
360606,0
360607,0
360608,0
360609,0
360610,0
360611,0
360612,36
360613,25
360614,0
360615,0
360616,0
360617,0
360618,0
360619,27
360620,0
360621,0
360622,0
360623,22
360624,0
360625,0
360626,0
360627,0
360628,0
360629,0
360630,0
360631,0
360632,0
360633,0
360634,0
360635,29
360636,0
360637,0
360638,0
360639,0
360640,0
360641,39
360642,0
360643,0
360644,0
360645,0
360646,0
360647,35
360648,0
360649,0
360650,27
360651,0
360652,0
360653,0
360654,0
360655,0
360656,0
360657,25
360658,0
360659,0
360660,0
360661,27
360662,0
360663,0
360664,0
360665,0
360666,35
360667,0
360668,0
360669,0
360670,0
360671,0
360672,0
360673,0
360674,0
360675,0
360676,40
360677,0
360678,33
360679,0
360680,0
360681,0
360682,0
360683,0
360684,0
360685,0
360686,0
360687,0
360688,0
360689,0
360690,0
360691,0
360692,0
360693,0
360694,0
360695,0
360696,31
360697,0
360698,0
360699,0
360700,25
360701,0
360702,0
360703,37
360704,0
360705,0
360706,0
360707,0
360708,0
360709,0
360710,0
360711,0
360712,0
360713,40
360714,0
360715,0
360716,26
360717,0
360718,0
360719,0
360720,0
360721,0
360722,0
360723,0
360724,0
360725,0
360726,0
360727,0
360728,29
360729,36
360730,30
360731,0
360732,0
360733,0
360734,0
360735,0
360736,0
360737,0
360738,0
360739,0
360740,19
360741,0
360742,0
360743,28
360744,0
360745,0
360746,0
360747,31
360748,0
360749,39
360750,0
360751,0
360752,17
360753,31
360754,0
360755,0
360756,0
360757,0
360758,0
360759,0
360760,0
360761,0
360762,0
360763,0
360764,26
360765,0
360766,0
360767,35
360768,0
360769,0
360770,0
360771,0
360772,28
360773,0
360774,0
360775,0
360776,0
360777,0
360778,0
360779,0
360780,24
360781,0
360782,0
360783,23
360784,0
360785,0
360786,0
360787,0
360788,0
360789,0
360790,0
360791,30
360792,38
360793,0
360794,41
360795,0
360796,0
360797,0
360798,42
360799,0
360800,0
360801,0
360802,31
360803,0
360804,0
360805,0
360806,8
360807,0
360808,0
360809,0
360810,0
360811,0
360812,0
360813,0
360814,0
360815,0
360816,0
360817,0
360818,0
360819,0
360820,0
360821,0
360822,0
360823,2
360824,0
360825,0
360826,0
360827,11
360828,0
360829,0
360830,6
360831,0
360832,0
360833,0
360834,0
360835,0
360836,0
360837,0
360838,0
360839,0
360840,0
360841,0
360842,0
360843,0
360844,0
360845,0
360846,0
360847,0
360848,0
360849,0
360850,0
360851,0
360852,0
360853,0
360854,0
360855,0
360856,0
360857,0
360858,0
360859,0
360860,0
360861,0
360862,0
360863,0
360864,0
360865,0
360866,0
360867,0
360868,0
360869,0
360870,0
360871,0
360872,0
360873,0
360874,0
360875,7
360876,2
360877,7
360878,0
360879,0
360880,0
360881,0
360882,0
360883,0
360884,0
360885,0
360886,0
360887,0
360888,0
360889,0
360890,0
360891,0
360892,0
360893,0
360894,0
360895,0
360896,0
360897,0
360898,0
360899,0
360900,0
360901,6
360902,0
360903,0
360904,0
360905,0
360906,0
360907,0
360908,0
360909,9
360910,0
360911,0
360912,0
360913,0
360914,0
360915,0
360916,0
360917,0
360918,0
360919,0
360920,0
360921,0
360922,0
360923,0
360924,0
360925,0
360926,0
360927,0
360928,0
360929,0
360930,0
360931,0
360932,0
360933,0
360934,0
360935,0
360936,0
360937,0
360938,0
360939,0
360940,0
360941,0
360942,0
360943,0
360944,0
360945,0
360946,0
360947,0
360948,0
360949,0
360950,0
360951,0
360952,0
360953,0
360954,0
360955,0
360956,0
360957,0
360958,0
360959,0
360960,9
360961,0
360962,0
360963,0
360964,0
360965,0
360966,0
360967,0
360968,0
360969,10
360970,0
360971,0
360972,0
360973,0
360974,0
360975,0
360976,0
360977,12
360978,0
360979,16
360980,14
360981,22
360982,0
360983,0
360984,0
360985,22
360986,0
360987,0
360988,0
360989,0
360990,0
360991,0
360992,0
360993,0
360994,25
360995,15
360996,26
360997,0
360998,0
360999,0
361000,19
361001,0
361002,0
361003,0
361004,0
361005,18
361006,23
361007,0
361008,0
361009,0
361010,0
361011,0
361012,0
361013,0
361014,0
361015,0
361016,23
361017,0
361018,0
361019,0
361020,0
361021,24
361022,32
361023,0
361024,21
361025,0
361026,0
361027,0
361028,0
361029,0
361030,0
361031,0
361032,0
361033,0
361034,0
361035,15
361036,0
361037,0
361038,17
361039,0
361040,23
361041,31
361042,0
361043,0
361044,0
361045,0
361046,0
361047,0
361048,21
361049,0
361050,0
361051,0
361052,0
361053,0
361054,0
361055,25
361056,0
361057,25
361058,0
361059,23
361060,0
361061,0
361062,0
361063,0
361064,0
361065,0
361066,0
361067,0
361068,0
361069,0
361070,0
361071,0
361072,0
361073,0
361074,0
361075,22
361076,0
361077,0
361078,0
361079,26
361080,18
361081,21
361082,0
361083,0
361084,23
361085,0
361086,0
361087,21
361088,16
361089,0
361090,27
361091,0
361092,0
361093,0
361094,0
361095,20
361096,0
361097,0
361098,0
361099,0
361100,0
361101,0
361102,0
361103,0
361104,0
361105,0
361106,0
361107,0
361108,0
361109,28
361110,0
361111,0
361112,27
361113,0
361114,0
361115,0
361116,0
361117,0
361118,0
361119,0
361120,0
361121,0
361122,0
361123,22
361124,0
361125,0
361126,0
361127,25
361128,0
361129,0
361130,0
361131,0
361132,12
361133,0
361134,0
361135,0
361136,0
361137,0
361138,0
361139,0
361140,0
361141,0
361142,0
361143,0
361144,0
361145,0
361146,25
361147,0
361148,0
361149,37
361150,0
361151,25
361152,0
361153,34
361154,0
361155,0
361156,17
361157,0
361158,0
361159,0
361160,0
361161,0
361162,0
361163,0
361164,0
361165,0
361166,0
361167,0
361168,0
361169,0
361170,0
361171,0
361172,0
361173,0
361174,0
361175,0
361176,0
361177,0
361178,0
361179,0
361180,0
361181,20
361182,0
361183,0
361184,0
361185,0
361186,0
361187,0
361188,0
361189,17
361190,31
361191,0
361192,0
361193,0
361194,0
361195,0
361196,25
361197,0
361198,0
361199,31
361200,27
361201,0
361202,0
361203,0
361204,34
361205,0
361206,0
361207,0
361208,20
361209,0
361210,0
361211,0
361212,0
361213,0
361214,0
361215,0
361216,0
361217,0
361218,0
361219,0
361220,26
361221,0
361222,0
361223,32
361224,0
361225,33
361226,0
361227,0
361228,0
361229,0
361230,0
361231,19
361232,0
361233,40
361234,0
361235,17
361236,0
361237,0
361238,25
361239,0
361240,0
361241,0
361242,0
361243,32
361244,0
361245,0
361246,0
361247,0
361248,0
361249,0
361250,0
361251,0
361252,0
361253,0
361254,0
361255,0
361256,0
361257,0
361258,0
361259,0
361260,0
361261,0
361262,0
361263,0
361264,24
361265,0
361266,0
361267,0
361268,0
361269,19
361270,0
361271,0
361272,0
361273,9
361274,0
361275,0
361276,0
361277,0
361278,0
361279,0
361280,0
361281,0
361282,0
361283,0
361284,0
361285,0
361286,0
361287,0
361288,0
361289,0
361290,0
361291,0
361292,0
361293,0
361294,0
361295,0
361296,0
361297,0
361298,32
361299,0
361300,0
361301,16
361302,0
361303,27
361304,0
361305,0
361306,0
361307,0
361308,0
361309,0
361310,0
361311,0
361312,0
361313,27
361314,0
361315,0
361316,0
361317,0
361318,0
361319,0
361320,0
361321,0
361322,32
361323,0
361324,13
361325,0
361326,0
361327,0
361328,0
361329,0
361330,0
361331,0
361332,20
361333,0
361334,0
361335,0
361336,0
361337,0
361338,0
361339,0
361340,0
361341,0
361342,0
361343,0
361344,28
361345,0
361346,0
361347,0
361348,0
361349,0
361350,0
361351,0
361352,36
361353,0
361354,0
361355,19
361356,0
361357,28
361358,27
361359,0
361360,0
361361,0
361362,0
361363,0
361364,0
361365,0
361366,0
361367,0
361368,0
361369,0
361370,0
361371,16
361372,0
361373,0
361374,0
361375,0
361376,0
361377,0
361378,0
361379,0
361380,0
361381,19
361382,0
361383,0
361384,0
361385,0
361386,11
361387,0
361388,0
361389,0
361390,0
361391,13
361392,0
361393,0
361394,0
361395,0
361396,26
361397,0
361398,0
361399,0
361400,0
361401,22
361402,0
361403,0
361404,0
361405,18
361406,0
361407,23
361408,29
361409,0
361410,0
361411,0
361412,0
361413,0
361414,0
361415,0
361416,0
361417,0
361418,16
361419,0
361420,0
361421,0
361422,0
361423,0
361424,0
361425,0
361426,18
361427,0
361428,26
361429,0
361430,23
361431,0
361432,0
361433,0
361434,0
361435,0
361436,0
361437,0
361438,0
361439,0
361440,0
361441,0
361442,0
361443,0
361444,0
361445,13
361446,26
361447,0
361448,0
361449,0
361450,23
361451,0
361452,0
361453,0
361454,0
361455,0
361456,0
361457,0
361458,12
361459,0
361460,0
361461,24
361462,0
361463,0
361464,21
361465,0
361466,0
361467,0
361468,0
361469,0
361470,0
361471,0
361472,0
361473,0
361474,0
361475,14
361476,0
361477,0
361478,0
361479,0
361480,0
361481,17
361482,0
361483,21
361484,0
361485,0
361486,26
361487,0
361488,0
361489,21
361490,0
361491,20
361492,14
361493,0
361494,0
361495,0
361496,0
361497,0
361498,29
361499,0
361500,0
361501,31
361502,0
361503,20
361504,0
361505,0
361506,0
361507,0
361508,0
361509,21
361510,0
361511,0
361512,0
361513,21
361514,16
361515,0
361516,0
361517,0
361518,0
361519,0
361520,0
361521,0
361522,0
361523,0
361524,36
361525,0
361526,0
361527,0
361528,0
361529,0
361530,0
361531,23
361532,0
361533,23
361534,0
361535,0
361536,0
361537,0
361538,0
361539,25
361540,13
361541,35
361542,20
361543,0
361544,0
361545,0
361546,0
361547,0
361548,0
361549,0
361550,21
361551,0
361552,20
361553,31
361554,0
361555,0
361556,0
361557,0
361558,0
361559,0
361560,0
361561,0
361562,0
361563,25
361564,0
361565,0
361566,0
361567,23
361568,0
361569,0
361570,0
361571,13
361572,0
361573,0
361574,0
361575,0
361576,0
361577,0
361578,22
361579,0
361580,24
361581,13
361582,21
361583,0
361584,18
361585,0
361586,0
361587,18
361588,0
361589,0
361590,0
361591,0
361592,22
361593,0
361594,0
361595,0
361596,0
361597,22
361598,20
361599,19
361600,29
361601,0
361602,0
361603,0
361604,25
361605,0
361606,23
361607,0
361608,0
361609,0
361610,0
361611,0
361612,0
361613,22
361614,25
361615,29
361616,0
361617,0
361618,0
361619,0
361620,0
361621,0
361622,0
361623,17
361624,0
361625,33
361626,22
361627,0
361628,0
361629,12
361630,39
361631,0
361632,0
361633,0
361634,0
361635,0
361636,0
361637,0
361638,0
361639,0
361640,0
361641,0
361642,18
361643,25
361644,0
361645,0
361646,0
361647,0
361648,0
361649,0
361650,26
361651,0
361652,0
361653,0
361654,0
361655,0
361656,0
361657,0
361658,0
361659,0
361660,0
361661,0
361662,0
361663,0
361664,23
361665,0
361666,0
361667,0
361668,0
361669,0
361670,0
361671,0
361672,18
361673,0
361674,0
361675,0
361676,0
361677,0
361678,0
361679,0
361680,0
361681,0
361682,0
361683,25
361684,0
361685,31
361686,0
361687,0
361688,0
361689,29
361690,0
361691,0
361692,0
361693,22
361694,25
361695,0
361696,0
361697,0
361698,0
361699,23
361700,0
361701,0
361702,0
361703,17
361704,0
361705,0
361706,0
361707,27
361708,0
361709,18
361710,0
361711,0
361712,0
361713,16
361714,0
361715,0
361716,0
361717,0
361718,0
361719,20
361720,0
361721,0
361722,0
361723,5
361724,0
361725,0
361726,0
361727,6
361728,0
361729,0
361730,4
361731,0
361732,0
361733,0
361734,0
361735,0
361736,0
361737,4
361738,4
361739,8
361740,0
361741,0
361742,13
361743,0
361744,0
361745,0
361746,5
361747,0
361748,0
361749,0
361750,0
361751,0
361752,0
361753,0
361754,0
361755,0
361756,0
361757,0
361758,0
361759,0
361760,0
361761,4
361762,0
361763,0
361764,0
361765,0
361766,0
361767,0
361768,0
361769,0
361770,1
361771,0
361772,0
361773,9
361774,0
361775,0
361776,0
361777,5
361778,0
361779,0
361780,0
361781,0
361782,0
361783,5
361784,5
361785,0
361786,0
361787,0
361788,0
361789,5
361790,0
361791,0
361792,0
361793,0
361794,0
361795,0
361796,0
361797,0
361798,0
361799,0
361800,0
361801,0
361802,0
361803,0
361804,0
361805,0
361806,0
361807,5
361808,0
361809,0
361810,12
361811,0
361812,0
361813,0
361814,0
361815,0
361816,0
361817,5
361818,0
361819,0
361820,6
361821,0
361822,3
361823,0
361824,0
361825,0
361826,0
361827,0
361828,0
361829,0
361830,0
361831,0
361832,0
361833,0
361834,0
361835,3
361836,0
361837,0
361838,0
361839,0
361840,12
361841,0
361842,0
361843,0
361844,0
361845,0
361846,0
361847,0
361848,0
361849,7
361850,0
361851,0
361852,0
361853,0
361854,8
361855,0
361856,0
361857,0
361858,0
361859,0
361860,0
361861,0
361862,0
361863,0
361864,0
361865,0
361866,0
361867,6
361868,0
361869,0
361870,0
361871,0
361872,0
361873,0
361874,0
361875,0
361876,0
361877,0
361878,0
361879,0
361880,0
361881,0
361882,0
361883,0
361884,7
361885,0
361886,0
361887,0
361888,0
361889,0
361890,0
361891,0
361892,0
361893,0
361894,0
361895,0
361896,0
361897,0
361898,0
361899,4
361900,0
361901,0
361902,0
361903,0
361904,0
361905,0
361906,2
361907,0
361908,0
361909,0
361910,0
361911,0
361912,0
361913,6
361914,9
361915,3
361916,7
361917,0
361918,0
361919,4
361920,0
361921,6
361922,8
361923,0
361924,0
361925,0
361926,0
361927,0
361928,0
361929,0
361930,0
361931,0
361932,0
361933,0
361934,0
361935,0
361936,2
361937,0
361938,0
361939,0
361940,0
361941,3
361942,0
361943,0
361944,0
361945,0
361946,0
361947,7
361948,0
361949,0
361950,5
361951,7
361952,4
361953,0
361954,0
361955,0
361956,0
361957,0
361958,0
361959,8
361960,0
361961,0
361962,0
361963,0
361964,4
361965,0
361966,5
361967,8
361968,0
361969,0
361970,0
361971,0
361972,0
361973,0
361974,0
361975,0
361976,0
361977,0
361978,0
361979,0
361980,6
361981,0
361982,0
361983,0
361984,0
361985,0
361986,6
361987,0
361988,0
361989,0
361990,1
361991,0
361992,0
361993,0
361994,0
361995,0
361996,6
361997,0
361998,0
361999,4
362000,0
362001,1
362002,0
362003,0
362004,0
362005,0
362006,0
362007,0
362008,0
362009,2
362010,0
362011,0
362012,0
362013,6
362014,0
362015,4
362016,0
362017,0
362018,0
362019,0
362020,0
362021,0
362022,2
362023,0
362024,5
362025,0
362026,0
362027,10
362028,0
362029,0
362030,0
362031,0
362032,0
362033,0
362034,0
362035,0
362036,0
362037,6
362038,0
362039,0
362040,0
362041,0
362042,0
362043,0
362044,0
362045,0
362046,0
362047,0
362048,0
362049,0
362050,0
362051,0
362052,0
362053,0
362054,0
362055,0
362056,0
362057,0
362058,5
362059,0
362060,6
362061,0
362062,0
362063,0
362064,7
362065,0
362066,0
362067,0
362068,0
362069,0
362070,0
362071,6
362072,0
362073,5
362074,0
362075,0
362076,0
362077,7
362078,0
362079,0
362080,0
362081,0
362082,0
362083,0
362084,0
362085,0
362086,5
362087,0
362088,0
362089,0
362090,0
362091,6
362092,11
362093,5
362094,0
362095,0
362096,0
362097,0
362098,0
362099,0
362100,3
362101,0
362102,4
362103,0
362104,0
362105,0
362106,0
362107,0
362108,0
362109,0
362110,0
362111,5
362112,9
362113,0
362114,0
362115,0
362116,0
362117,0
362118,0
362119,0
362120,0
362121,0
362122,0
362123,5
362124,0
362125,7
362126,0
362127,0
362128,0
362129,0
362130,0
362131,0
362132,0
362133,0
362134,0
362135,0
362136,0
362137,0
362138,0
362139,0
362140,0
362141,8
362142,0
362143,0
362144,0
362145,0
362146,4
362147,0
362148,0
362149,0
362150,0
362151,0
362152,0
362153,0
362154,0
362155,0
362156,0
362157,0
362158,0
362159,0
362160,0
362161,29
362162,0
362163,0
362164,0
362165,0
362166,0
362167,0
362168,0
362169,0
362170,0
362171,0
362172,0
362173,0
362174,0
362175,0
362176,0
362177,0
362178,0
362179,0
362180,20
362181,0
362182,0
362183,0
362184,0
362185,22
362186,0
362187,0
362188,0
362189,0
362190,0
362191,0
362192,0
362193,0
362194,0
362195,0
362196,0
362197,0
362198,0
362199,0
362200,0
362201,23
362202,0
362203,0
362204,0
362205,0
362206,0
362207,0
362208,0
362209,0
362210,0
362211,0
362212,0
362213,0
362214,0
362215,0
362216,0
362217,0
362218,0
362219,0
362220,0
362221,0
362222,0
362223,0
362224,0
362225,0
362226,0
362227,19
362228,0
362229,0
362230,0
362231,22
362232,0
362233,0
362234,0
362235,0
362236,0
362237,0
362238,0
362239,0
362240,0
362241,0
362242,0
362243,0
362244,0
362245,0
362246,0
362247,0
362248,0
362249,0
362250,0
362251,0
362252,0
362253,9
362254,0
362255,28
362256,12
362257,0
362258,0
362259,0
362260,0
362261,0
362262,0
362263,0
362264,0
362265,0
362266,0
362267,26
362268,0
362269,0
362270,17
362271,0
362272,0
362273,0
362274,0
362275,10
362276,0
362277,0
362278,28
362279,18
362280,0
362281,14
362282,17
362283,0
362284,0
362285,14
362286,0
362287,0
362288,0
362289,0
362290,0
362291,0
362292,0
362293,0
362294,0
362295,0
362296,18
362297,0
362298,0
362299,0
362300,0
362301,0
362302,28
362303,0
362304,0
362305,0
362306,0
362307,0
362308,0
362309,21
362310,0
362311,0
362312,28
362313,0
362314,0
362315,21
362316,0
362317,0
362318,0
362319,0
362320,0
362321,0
362322,0
362323,22
362324,0
362325,20
362326,0
362327,0
362328,0
362329,0
362330,0
362331,17
362332,31
362333,0
362334,0
362335,0
362336,0
362337,0
362338,0
362339,0
362340,0
362341,0
362342,0
362343,0
362344,0
362345,0
362346,0
362347,0
362348,0
362349,19
362350,0
362351,0
362352,0
362353,0
362354,0
362355,0
362356,22
362357,0
362358,0
362359,0
362360,0
362361,14
362362,0
362363,0
362364,26
362365,0
362366,0
362367,0
362368,0
362369,0
362370,0
362371,0
362372,32
362373,0
362374,0
362375,0
362376,0
362377,25
362378,0
362379,0
362380,0
362381,0
362382,0
362383,0
362384,0
362385,21
362386,0
362387,0
362388,29
362389,0
362390,0
362391,0
362392,0
362393,27
362394,0
362395,0
362396,0
362397,0
362398,0
362399,0
362400,0
362401,0
362402,0
362403,0
362404,0
362405,0
362406,0
362407,0
362408,0
362409,0
362410,0
362411,0
362412,0
362413,0
362414,0
362415,0
362416,23
362417,0
362418,0
362419,31
362420,0
362421,18
362422,0
362423,0
362424,0
362425,0
362426,0
362427,0
362428,0
362429,0
362430,0
362431,0
362432,26
362433,0
362434,16
362435,39
362436,0
362437,15
362438,0
362439,0
362440,0
362441,0
362442,17
362443,0
362444,0
362445,0
362446,0
362447,0
362448,0
362449,15
362450,0
362451,25
362452,0
362453,23
362454,0
362455,0
362456,0
362457,0
362458,0
362459,0
362460,0
362461,0
362462,0
362463,0
362464,0
362465,0
362466,0
362467,15
362468,0
362469,0
362470,0
362471,18
362472,0
362473,0
362474,0
362475,20
362476,0
362477,0
362478,0
362479,0
362480,0
362481,0
362482,0
362483,0
362484,0
362485,0
362486,0
362487,0
362488,0
362489,0
362490,0
362491,0
362492,21
362493,0
362494,0
362495,0
362496,0
362497,0
362498,0
362499,0
362500,0
362501,0
362502,0
362503,0
362504,0
362505,0
362506,0
362507,0
362508,0
362509,22
362510,20
362511,0
362512,0
362513,0
362514,0
362515,0
362516,0
362517,27
362518,0
362519,0
362520,0
362521,0
362522,0
362523,0
362524,0
362525,0
362526,0
362527,0
362528,0
362529,0
362530,0
362531,0
362532,0
362533,0
362534,0
362535,0
362536,0
362537,0
362538,0
362539,0
362540,0
362541,34
362542,0
362543,0
362544,0
362545,27
362546,0
362547,16
362548,0
362549,0
362550,0
362551,0
362552,17
362553,0
362554,17
362555,0
362556,0
362557,0
362558,0
362559,0
362560,29
362561,0
362562,0
362563,0
362564,0
362565,0
362566,0
362567,0
362568,21
362569,21
362570,0
362571,0
362572,26
362573,0
362574,0
362575,24
362576,0
362577,17
362578,0
362579,33
362580,0
362581,0
362582,0
362583,0
362584,0
362585,0
362586,0
362587,0
362588,0
362589,0
362590,0
362591,0
362592,0
362593,18
362594,0
362595,26
362596,0
362597,0
362598,0
362599,0
362600,0
362601,0
362602,0
362603,0
362604,24
362605,0
362606,0
362607,0
362608,0
362609,0
362610,0
362611,28
362612,0
362613,16
362614,0
362615,0
362616,0
362617,0
362618,0
362619,0
362620,0
362621,0
362622,0
362623,0
362624,0
362625,0
362626,0
362627,0
362628,0
362629,0
362630,0
362631,0
362632,0
362633,0
362634,0
362635,28
362636,0
362637,0
362638,0
362639,0
362640,0
362641,0
362642,0
362643,26
362644,0
362645,21
362646,0
362647,0
362648,0
362649,0
362650,0
362651,0
362652,17
362653,0
362654,0
362655,18
362656,0
362657,0
362658,0
362659,0
362660,18
362661,23
362662,0
362663,17
362664,21
362665,0
362666,0
362667,0
362668,0
362669,23
362670,28
362671,0
362672,20
362673,0
362674,0
362675,0
362676,0
362677,0
362678,0
362679,0
362680,10
362681,28
362682,0
362683,0
362684,0
362685,0
362686,0
362687,0
362688,0
362689,0
362690,0
362691,0
362692,22
362693,13
362694,0
362695,0
362696,0
362697,0
362698,0
362699,0
362700,18
362701,0
362702,0
362703,0
362704,0
362705,0
362706,0
362707,24
362708,0
362709,0
362710,0
362711,0
362712,0
362713,0
362714,0
362715,0
362716,0
362717,0
362718,14
362719,0
362720,0
362721,0
362722,19
362723,0
362724,0
362725,0
362726,0
362727,0
362728,0
362729,0
362730,0
362731,0
362732,0
362733,0
362734,0
362735,0
362736,0
362737,0
362738,0
362739,31
362740,0
362741,0
362742,0
362743,0
362744,0
362745,0
362746,0
362747,26
362748,0
362749,0
362750,0
362751,34
362752,0
362753,23
362754,0
362755,34
362756,0
362757,0
362758,0
362759,40
362760,0
362761,0
362762,0
362763,0
362764,0
362765,26
362766,0
362767,0
362768,0
362769,0
362770,0
362771,0
362772,41
362773,0
362774,0
362775,49
362776,0
362777,0
362778,0
362779,0
362780,0
362781,0
362782,26
362783,0
362784,0
362785,0
362786,0
362787,0
362788,20
362789,0
362790,0
362791,0
362792,0
362793,0
362794,0
362795,30
362796,0
362797,0
362798,0
362799,0
362800,26
362801,0
362802,0
362803,0
362804,0
362805,0
362806,27
362807,0
362808,0
362809,0
362810,0
362811,35
362812,0
362813,0
362814,0
362815,0
362816,0
362817,0
362818,0
362819,0
362820,0
362821,31
362822,0
362823,0
362824,0
362825,0
362826,27
362827,0
362828,0
362829,0
362830,0
362831,0
362832,0
362833,0
362834,35
362835,0
362836,0
362837,0
362838,35
362839,0
362840,47
362841,0
362842,0
362843,0
362844,29
362845,0
362846,0
362847,0
362848,29
362849,29
362850,0
362851,0
362852,0
362853,0
362854,0
362855,41
362856,0
362857,26
362858,0
362859,0
362860,0
362861,0
362862,20
362863,0
362864,25
362865,0
362866,0
362867,0
362868,33
362869,0
362870,0
362871,0
362872,0
362873,0
362874,0
362875,31
362876,0
362877,31
362878,0
362879,0
362880,0
362881,0
362882,39
362883,0
362884,0
362885,0
362886,0
362887,0
362888,7
362889,0
362890,0
362891,0
362892,0
362893,0
362894,0
362895,0
362896,0
362897,0
362898,0
362899,0
362900,0
362901,0
362902,0
362903,0
362904,0
362905,11
362906,0
362907,0
362908,0
362909,0
362910,5
362911,0
362912,0
362913,0
362914,0
362915,0
362916,0
362917,0
362918,0
362919,0
362920,0
362921,0
362922,0
362923,0
362924,0
362925,0
362926,0
362927,7
362928,0
362929,0
362930,0
362931,0
362932,5
362933,0
362934,0
362935,0
362936,0
362937,0
362938,0
362939,0
362940,0
362941,0
362942,0
362943,0
362944,0
362945,0
362946,0
362947,0
362948,0
362949,0
362950,0
362951,0
362952,0
362953,7
362954,11
362955,0
362956,0
362957,0
362958,0
362959,0
362960,0
362961,0
362962,0
362963,0
362964,0
362965,0
362966,0
362967,0
362968,0
362969,0
362970,0
362971,0
362972,0
362973,0
362974,0
362975,0
362976,0
362977,0
362978,0
362979,0
362980,0
362981,0
362982,0
362983,0
362984,0
362985,0
362986,0
362987,0
362988,0
362989,9
362990,0
362991,0
362992,0
362993,11
362994,0
362995,0
362996,0
362997,0
362998,0
362999,0
363000,0
363001,0
363002,0
363003,0
363004,0
363005,3
363006,0
363007,7
363008,6
363009,0
363010,0
363011,0
363012,0
363013,0
363014,0
363015,0
363016,0
363017,0
363018,4
363019,0
363020,0
363021,8
363022,0
363023,0
363024,0
363025,0
363026,5
363027,0
363028,0
363029,13
363030,0
363031,0
363032,0
363033,0
363034,0
363035,0
363036,0
363037,0
363038,0
363039,0
363040,0
363041,0
363042,0
363043,0
363044,0
363045,0
363046,0
363047,0
363048,0
363049,0
363050,0
363051,0
363052,0
363053,6
363054,0
363055,0
363056,0
363057,0
363058,0
363059,0
363060,0
363061,0
363062,0
363063,0
363064,6
363065,0
363066,0
363067,0
363068,0
363069,0
363070,0
363071,0
363072,0
363073,0
363074,0
363075,10
363076,0
363077,0
363078,0
363079,0
363080,0
363081,0
363082,0
363083,0
363084,0
363085,0
363086,0
363087,0
363088,0
363089,0
363090,0
363091,0
363092,0
363093,0
363094,0
363095,0
363096,0
363097,0
363098,0
363099,0
363100,0
363101,0
363102,9
363103,0
363104,0
363105,0
363106,0
363107,0
363108,0
363109,0
363110,0
363111,0
363112,0
363113,0
363114,0
363115,0
363116,0
363117,0
363118,0
363119,0
363120,0
363121,0
363122,0
363123,0
363124,6
363125,9
363126,0
363127,0
363128,0
363129,0
363130,0
363131,0
363132,0
363133,0
363134,0
363135,0
363136,4
363137,0
363138,0
363139,0
363140,0
363141,0
363142,9
363143,0
363144,0
363145,7
363146,0
363147,0
363148,0
363149,0
363150,0
363151,0
363152,0
363153,0
363154,0
363155,0
363156,0
363157,0
363158,0
363159,0
363160,0
363161,0
363162,0
363163,0
363164,0
363165,0
363166,0
363167,0
363168,0
363169,0
363170,0
363171,0
363172,0
363173,0
363174,0
363175,0
363176,0
363177,0
363178,0
363179,0
363180,0
363181,0
363182,0
363183,0
363184,0
363185,0
363186,0
363187,0
363188,0
363189,0
363190,0
363191,4
363192,0
363193,0
363194,0
363195,0
363196,0
363197,0
363198,0
363199,0
363200,0
363201,0
363202,0
363203,0
363204,0
363205,0
363206,0
363207,0
363208,0
363209,0
363210,0
363211,0
363212,0
363213,0
363214,0
363215,0
363216,0
363217,0
363218,0
363219,0
363220,0
363221,0
363222,11
363223,5
363224,8
363225,0
363226,0
363227,0
363228,0
363229,0
363230,0
363231,0
363232,0
363233,0
363234,0
363235,9
363236,0
363237,0
363238,0
363239,0
363240,6
363241,0
363242,2
363243,0
363244,0
363245,0
363246,13
363247,0
363248,5
363249,0
363250,0
363251,0
363252,0
363253,0
363254,0
363255,0
363256,0
363257,0
363258,9
363259,8
363260,0
363261,0
363262,0
363263,6
363264,0
363265,2
363266,0
363267,0
363268,0
363269,0
363270,6
363271,0
363272,0
363273,0
363274,0
363275,0
363276,0
363277,0
363278,0
363279,0
363280,0
363281,0
363282,0
363283,0
363284,0
363285,0
363286,0
363287,0
363288,0
363289,0
363290,0
363291,0
363292,0
363293,0
363294,0
363295,0
363296,0
363297,0
363298,0
363299,0
363300,0
363301,0
363302,0
363303,0
363304,0
363305,0
363306,0
363307,0
363308,0
363309,0
363310,0
363311,0
363312,0
363313,0
363314,0
363315,0
363316,0
363317,0
363318,0
363319,0
363320,0
363321,5
363322,0
363323,8
363324,0
363325,5
363326,0
363327,0
363328,0
363329,0
363330,0
363331,0
363332,0
363333,0
363334,0
363335,0
363336,0
363337,0
363338,0
363339,0
363340,0
363341,0
363342,0
363343,0
363344,0
363345,0
363346,14
363347,0
363348,4
363349,0
363350,0
363351,0
363352,0
363353,0
363354,0
363355,7
363356,0
363357,3
363358,0
363359,0
363360,0
363361,0
363362,0
363363,0
363364,0
363365,0
363366,0
363367,0
363368,0
363369,0
363370,0
363371,8
363372,0
363373,0
363374,0
363375,0
363376,6
363377,0
363378,0
363379,0
363380,0
363381,0
363382,0
363383,0
363384,0
363385,0
363386,0
363387,0
363388,0
363389,0
363390,0
363391,0
363392,0
363393,0
363394,0
363395,0
363396,4
363397,0
363398,0
363399,0
363400,0
363401,0
363402,0
363403,0
363404,0
363405,0
363406,0
363407,13
363408,0
363409,0
363410,0
363411,0
363412,0
363413,3
363414,0
363415,0
363416,0
363417,0
363418,0
363419,0
363420,0
363421,0
363422,0
363423,0
363424,0
363425,6
363426,0
363427,0
363428,0
363429,0
363430,0
363431,0
363432,0
363433,0
363434,0
363435,0
363436,0
363437,0
363438,0
363439,0
363440,0
363441,0
363442,0
363443,0
363444,0
363445,0
363446,2
363447,0
363448,0
363449,0
363450,0
363451,0
363452,0
363453,0
363454,0
363455,0
363456,0
363457,0
363458,0
363459,0
363460,0
363461,0
363462,0
363463,0
363464,0
363465,0
363466,0
363467,0
363468,0
363469,0
363470,0
363471,0
363472,0
363473,0
363474,0
363475,10
363476,0
363477,0
363478,0
363479,0
363480,0
363481,0
363482,0
363483,0
363484,0
363485,0
363486,9
363487,0
363488,0
363489,5
363490,0
363491,0
363492,0
363493,0
363494,0
363495,0
363496,0
363497,0
363498,0
363499,0
363500,0
363501,15
363502,0
363503,0
363504,0
363505,0
363506,0
363507,11
363508,4
363509,0
363510,0
363511,2
363512,0
363513,0
363514,6
363515,0
363516,9
363517,0
363518,0
363519,0
363520,0
363521,0
363522,0
363523,0
363524,0
363525,0
363526,0
363527,0
363528,0
363529,12
363530,0
363531,0
363532,0
363533,14
363534,0
363535,0
363536,0
363537,0
363538,7
363539,0
363540,0
363541,0
363542,0
363543,0
363544,0
363545,6
363546,5
363547,0
363548,3
363549,0
363550,0
363551,0
363552,0
363553,0
363554,6
363555,6
363556,0
363557,8
363558,0
363559,7
363560,0
363561,0
363562,0
363563,0
363564,0
363565,0
363566,0
363567,0
363568,0
363569,0
363570,0
363571,0
363572,0
363573,0
363574,0
363575,0
363576,0
363577,0
363578,0
363579,0
363580,0
363581,13
363582,0
363583,0
363584,0
363585,0
363586,0
363587,0
363588,0
363589,0
363590,0
363591,0
363592,0
363593,0
363594,0
363595,0
363596,0
363597,0
363598,0
363599,8
363600,0
363601,0
363602,0
363603,7
363604,0
363605,0
363606,0
363607,0
363608,0
363609,0
363610,0
363611,0
363612,0
363613,0
363614,0
363615,0
363616,0
363617,0
363618,0
363619,0
363620,0
363621,0
363622,0
363623,0
363624,0
363625,0
363626,0
363627,0
363628,0
363629,0
363630,11
363631,0
363632,0
363633,0
363634,0
363635,8
363636,0
363637,0
363638,0
363639,0
363640,0
363641,0
363642,0
363643,0
363644,0
363645,0
363646,0
363647,0
363648,0
363649,0
363650,7
363651,0
363652,0
363653,0
363654,0
363655,0
363656,0
363657,0
363658,0
363659,0
363660,0
363661,7
363662,0
363663,2
363664,0
363665,0
363666,6
363667,4
363668,0
363669,0
363670,0
363671,0
363672,0
363673,0
363674,0
363675,0
363676,0
363677,0
363678,0
363679,0
363680,0
363681,0
363682,0
363683,0
363684,0
363685,0
363686,0
363687,8
363688,0
363689,0
363690,0
363691,0
363692,0
363693,4
363694,0
363695,0
363696,0
363697,0
363698,5
363699,0
363700,0
363701,0
363702,1
363703,0
363704,0
363705,0
363706,0
363707,5
363708,0
363709,0
363710,0
363711,0
363712,0
363713,0
363714,0
363715,0
363716,0
363717,0
363718,0
363719,0
363720,0
363721,8
363722,0
363723,0
363724,0
363725,0
363726,9
363727,0
363728,0
363729,0
363730,0
363731,0
363732,0
363733,6
363734,0
363735,0
363736,0
363737,0
363738,0
363739,0
363740,8
363741,0
363742,0
363743,0
363744,0
363745,7
363746,0
363747,0
363748,0
363749,0
363750,0
363751,2
363752,0
363753,0
363754,0
363755,0
363756,0
363757,0
363758,0
363759,0
363760,0
363761,0
363762,0
363763,0
363764,0
363765,0
363766,0
363767,0
363768,5
363769,0
363770,0
363771,0
363772,0
363773,0
363774,0
363775,0
363776,0
363777,0
363778,0
363779,0
363780,0
363781,0
363782,0
363783,0
363784,0
363785,4
363786,0
363787,0
363788,0
363789,7
363790,0
363791,0
363792,6
363793,0
363794,0
363795,0
363796,6
363797,0
363798,0
363799,0
363800,0
363801,0
363802,0
363803,0
363804,0
363805,0
363806,0
363807,5
363808,0
363809,0
363810,0
363811,0
363812,0
363813,0
363814,0
363815,0
363816,0
363817,0
363818,0
363819,0
363820,0
363821,0
363822,0
363823,0
363824,0
363825,0
363826,5
363827,0
363828,0
363829,12
363830,0
363831,0
363832,0
363833,0
363834,0
363835,4
363836,0
363837,0
363838,0
363839,0
363840,7
363841,0
363842,0
363843,0
363844,0
363845,0
363846,0
363847,0
363848,7
363849,8
363850,0
363851,0
363852,0
363853,10
363854,0
363855,0
363856,0
363857,0
363858,0
363859,0
363860,0
363861,0
363862,0
363863,5
363864,0
363865,0
363866,0
363867,0
363868,0
363869,0
363870,0
363871,0
363872,0
363873,0
363874,0
363875,0
363876,0
363877,0
363878,0
363879,0
363880,0
363881,0
363882,0
363883,0
363884,0
363885,0
363886,0
363887,0
363888,0
363889,0
363890,0
363891,0
363892,18
363893,23
363894,0
363895,0
363896,21
363897,0
363898,0
363899,38
363900,0
363901,0
363902,0
363903,32
363904,24
363905,25
363906,0
363907,0
363908,0
363909,0
363910,0
363911,21
363912,0
363913,0
363914,0
363915,0
363916,35
363917,0
363918,0
363919,0
363920,0
363921,0
363922,0
363923,0
363924,0
363925,0
363926,0
363927,0
363928,0
363929,0
363930,0
363931,0
363932,34
363933,21
363934,42
363935,0
363936,0
363937,0
363938,0
363939,28
363940,0
363941,0
363942,0
363943,0
363944,0
363945,0
363946,0
363947,20
363948,0
363949,32
363950,0
363951,0
363952,0
363953,0
363954,0
363955,0
363956,0
363957,0
363958,0
363959,20
363960,0
363961,0
363962,0
363963,0
363964,0
363965,20
363966,0
363967,0
363968,0
363969,0
363970,0
363971,0
363972,0
363973,0
363974,0
363975,0
363976,0
363977,0
363978,0
363979,16
363980,0
363981,0
363982,27
363983,0
363984,0
363985,0
363986,0
363987,0
363988,0
363989,0
363990,0
363991,0
363992,0
363993,0
363994,0
363995,0
363996,0
363997,0
363998,0
363999,0
364000,0
364001,0
364002,30
364003,0
364004,26
364005,25
364006,0
364007,0
364008,0
364009,0
364010,0
364011,0
364012,27
364013,0
364014,0
364015,0
364016,0
364017,0
364018,0
364019,28
364020,0
364021,18
364022,0
364023,0
364024,21
364025,14
364026,0
364027,0
364028,0
364029,0
364030,0
364031,0
364032,0
364033,0
364034,12
364035,0
364036,0
364037,7
364038,0
364039,17
364040,0
364041,0
364042,0
364043,0
364044,20
364045,0
364046,0
364047,0
364048,12
364049,0
364050,0
364051,0
364052,0
364053,0
364054,0
364055,0
364056,0
364057,0
364058,0
364059,0
364060,0
364061,0
364062,0
364063,0
364064,0
364065,0
364066,0
364067,0
364068,0
364069,0
364070,0
364071,0
364072,11
364073,0
364074,0
364075,0
364076,0
364077,0
364078,0
364079,0
364080,0
364081,0
364082,0
364083,0
364084,0
364085,0
364086,0
364087,0
364088,0
364089,0
364090,19
364091,0
364092,0
364093,0
364094,0
364095,0
364096,0
364097,0
364098,0
364099,0
364100,0
364101,0
364102,0
364103,0
364104,0
364105,14
364106,0
364107,0
364108,10
364109,0
364110,0
364111,0
364112,8
364113,0
364114,0
364115,0
364116,0
364117,0
364118,0
364119,0
364120,0
364121,0
364122,0
364123,0
364124,0
364125,18
364126,14
364127,0
364128,0
364129,0
364130,27
364131,0
364132,0
364133,0
364134,0
364135,0
364136,0
364137,0
364138,0
364139,0
364140,0
364141,0
364142,0
364143,14
364144,0
364145,8
364146,0
364147,0
364148,0
364149,19
364150,0
364151,0
364152,0
364153,24
364154,0
364155,13
364156,0
364157,0
364158,0
364159,0
364160,0
364161,0
364162,0
364163,0
364164,0
364165,0
364166,0
364167,0
364168,0
364169,22
364170,13
364171,8
364172,0
364173,20
364174,16
364175,22
364176,0
364177,0
364178,0
364179,0
364180,20
364181,18
364182,14
364183,0
364184,0
364185,0
364186,0
364187,0
364188,0
364189,0
364190,0
364191,0
364192,0
364193,17
364194,0
364195,0
364196,21
364197,14
364198,15
364199,17
364200,0
364201,0
364202,0
364203,0
364204,0
364205,0
364206,0
364207,34
364208,0
364209,0
364210,0
364211,0
364212,19
364213,0
364214,0
364215,0
364216,35
364217,0
364218,0
364219,17
364220,30
364221,0
364222,0
364223,0
364224,13
364225,0
364226,0
364227,0
364228,18
364229,0
364230,16
364231,0
364232,21
364233,0
364234,0
364235,0
364236,0
364237,23
364238,0
364239,0
364240,0
364241,0
364242,0
364243,30
364244,0
364245,0
364246,0
364247,0
364248,0
364249,0
364250,0
364251,0
364252,0
364253,0
364254,0
364255,0
364256,0
364257,0
364258,31
364259,0
364260,0
364261,35
364262,0
364263,0
364264,18
364265,0
364266,0
364267,0
364268,13
364269,0
364270,0
364271,22
364272,0
364273,0
364274,0
364275,0
364276,0
364277,0
364278,0
364279,0
364280,0
364281,21
364282,23
364283,0
364284,0
364285,9
364286,0
364287,26
364288,5
364289,0
364290,0
364291,31
364292,14
364293,0
364294,0
364295,0
364296,7
364297,0
364298,0
364299,0
364300,0
364301,17
364302,0
364303,14
364304,0
364305,0
364306,0
364307,0
364308,21
364309,0
364310,0
364311,0
364312,0
364313,0
364314,0
364315,0
364316,0
364317,0
364318,15
364319,15
364320,0
364321,0
364322,0
364323,0
364324,0
364325,22
364326,0
364327,0
364328,27
364329,0
364330,0
364331,0
364332,0
364333,0
364334,0
364335,0
364336,0
364337,0
364338,0
364339,0
364340,20
364341,0
364342,11
364343,0
364344,0
364345,0
364346,13
364347,22
364348,0
364349,11
364350,0
364351,0
364352,0
364353,14
364354,19
364355,0
364356,18
364357,27
364358,0
364359,14
364360,0
364361,0
364362,0
364363,23
364364,32
364365,0
364366,0
364367,0
364368,16
364369,0
364370,0
364371,0
364372,26
364373,32
364374,0
364375,0
364376,33
364377,20
364378,0
364379,19
364380,0
364381,18
364382,0
364383,0
364384,0
364385,30
364386,0
364387,0
364388,23
364389,0
364390,0
364391,23
364392,0
364393,0
364394,0
364395,11
364396,27
364397,0
364398,0
364399,0
364400,0
364401,0
364402,0
364403,25
364404,0
364405,0
364406,0
364407,0
364408,0
364409,0
364410,0
364411,14
364412,0
364413,0
364414,0
364415,0
364416,0
364417,0
364418,7
364419,0
364420,19
364421,0
364422,0
364423,0
364424,0
364425,0
364426,0
364427,0
364428,0
364429,0
364430,0
364431,0
364432,0
364433,0
364434,0
364435,0
364436,0
364437,13
364438,17
364439,0
364440,0
364441,0
364442,0
364443,0
364444,14
364445,22
364446,0
364447,0
364448,26
364449,0
364450,0
364451,11
364452,0
364453,0
364454,11
364455,0
364456,24
364457,0
364458,29
364459,0
364460,0
364461,0
364462,0
364463,0
364464,0
364465,0
364466,16
364467,23
364468,0
364469,0
364470,0
364471,0
364472,0
364473,0
364474,0
364475,30
364476,0
364477,30
364478,0
364479,0
364480,10
364481,0
364482,0
364483,0
364484,0
364485,29
364486,14
364487,0
364488,0
364489,0
364490,0
364491,0
364492,23
364493,0
364494,0
364495,0
364496,0
364497,23
364498,0
364499,0
364500,0
364501,0
364502,18
364503,0
364504,12
364505,0
364506,0
364507,0
364508,19
364509,19
364510,0
364511,0
364512,0
364513,11
364514,0
364515,0
364516,0
364517,0
364518,0
364519,0
364520,0
364521,0
364522,0
364523,0
364524,0
364525,0
364526,0
364527,0
364528,0
364529,0
364530,22
364531,14
364532,0
364533,11
364534,0
364535,10
364536,0
364537,18
364538,0
364539,14
364540,0
364541,0
364542,26
364543,0
364544,0
364545,0
364546,18
364547,0
364548,30
364549,0
364550,0
364551,0
364552,0
364553,0
364554,0
364555,0
364556,31
364557,20
364558,0
364559,15
364560,15
364561,0
364562,21
364563,0
364564,0
364565,0
364566,0
364567,0
364568,0
364569,0
364570,35
364571,0
364572,0
364573,23
364574,18
364575,0
364576,0
364577,0
364578,0
364579,0
364580,0
364581,0
364582,0
364583,0
364584,0
364585,22
364586,22
364587,0
364588,0
364589,26
364590,0
364591,0
364592,0
364593,0
364594,0
364595,0
364596,25
364597,0
364598,0
364599,19
364600,0
364601,0
364602,0
364603,22
364604,0
364605,0
364606,0
364607,0
364608,0
364609,14
364610,16
364611,0
364612,0
364613,0
364614,0
364615,0
364616,0
364617,34
364618,0
364619,0
364620,0
364621,0
364622,0
364623,0
364624,0
364625,0
364626,15
364627,0
364628,22
364629,0
364630,0
364631,0
364632,0
364633,0
364634,0
364635,0
364636,17
364637,0
364638,15
364639,0
364640,0
364641,0
364642,29
364643,0
364644,16
364645,0
364646,13
364647,0
364648,0
364649,16
364650,0
364651,14
364652,0
364653,15
364654,0
364655,0
364656,9
364657,0
364658,0
364659,0
364660,0
364661,0
364662,0
364663,0
364664,0
364665,0
364666,0
364667,0
364668,19
364669,0
364670,0
364671,11
364672,33
364673,0
364674,0
364675,0
364676,0
364677,26
364678,0
364679,0
364680,0
364681,0
364682,0
364683,0
364684,0
364685,0
364686,0
364687,0
364688,0
364689,0
364690,0
364691,0
364692,0
364693,0
364694,0
364695,0
364696,14
364697,14
364698,0
364699,0
364700,0
364701,0
364702,0
364703,18
364704,0
364705,0
364706,0
364707,26
364708,0
364709,0
364710,0
364711,0
364712,0
364713,0
364714,0
364715,0
364716,0
364717,20
364718,0
364719,0
364720,0
364721,0
364722,0
364723,0
364724,0
364725,20
364726,0
364727,0
364728,0
364729,0
364730,0
364731,19
364732,0
364733,0
364734,0
364735,0
364736,21
364737,0
364738,0
364739,0
364740,15
364741,0
364742,0
364743,0
364744,21
364745,0
364746,0
364747,0
364748,0
364749,38
364750,14
364751,26
364752,0
364753,0
364754,45
364755,0
364756,0
364757,0
364758,0
364759,0
364760,0
364761,0
364762,0
364763,0
364764,0
364765,0
364766,17
364767,0
364768,0
364769,0
364770,0
364771,31
364772,0
364773,26
364774,17
364775,0
364776,0
364777,0
364778,0
364779,0
364780,20
364781,22
364782,0
364783,0
364784,11
364785,0
364786,0
364787,18
364788,0
364789,0
364790,0
364791,23
364792,0
364793,0
364794,0
364795,0
364796,30
364797,15
364798,0
364799,0
364800,0
364801,0
364802,19
364803,0
364804,0
364805,21
364806,0
364807,20
364808,0
364809,0
364810,0
364811,9
364812,9
364813,0
364814,0
364815,0
364816,6
364817,0
364818,0
364819,0
364820,0
364821,0
364822,0
364823,0
364824,0
364825,0
364826,0
364827,0
364828,0
364829,0
364830,0
364831,0
364832,0
364833,0
364834,15
364835,11
364836,0
364837,0
364838,0
364839,9
364840,0
364841,18
364842,0
364843,0
364844,18
364845,0
364846,0
364847,0
364848,12
364849,0
364850,0
364851,0
364852,0
364853,0
364854,0
364855,0
364856,0
364857,0
364858,0
364859,0
364860,0
364861,0
364862,0
364863,0
364864,0
364865,0
364866,0
364867,11
364868,0
364869,0
364870,0
364871,6
364872,0
364873,0
364874,0
364875,0
364876,0
364877,0
364878,0
364879,0
364880,0
364881,0
364882,0
364883,0
364884,7
364885,0
364886,17
364887,0
364888,0
364889,13
364890,0
364891,0
364892,0
364893,0
364894,0
364895,0
364896,0
364897,0
364898,0
364899,0
364900,0
364901,0
364902,0
364903,0
364904,0
364905,0
364906,0
364907,17
364908,5
364909,0
364910,0
364911,0
364912,0
364913,11
364914,9
364915,0
364916,0
364917,0
364918,0
364919,0
364920,0
364921,0
364922,0
364923,0
364924,0
364925,0
364926,11
364927,25
364928,0
364929,0
364930,6
364931,0
364932,0
364933,0
364934,0
364935,0
364936,0
364937,0
364938,0
364939,0
364940,0
364941,0
364942,0
364943,21
364944,0
364945,10
364946,0
364947,0
364948,0
364949,19
364950,0
364951,0
364952,0
364953,14
364954,0
364955,0
364956,5
364957,0
364958,0
364959,0
364960,0
364961,0
364962,0
364963,0
364964,0
364965,7
364966,0
364967,0
364968,15
364969,0
364970,0
364971,0
364972,0
364973,0
364974,0
364975,0
364976,0
364977,0
364978,0
364979,0
364980,13
364981,8
364982,11
364983,0
364984,0
364985,0
364986,0
364987,0
364988,0
364989,12
364990,0
364991,0
364992,0
364993,0
364994,0
364995,0
364996,0
364997,12
364998,9
364999,0
365000,0
365001,0
365002,0
365003,0
365004,0
365005,0
365006,0
365007,10
365008,18
365009,0
365010,0
365011,0
365012,0
365013,0
365014,0
365015,0
365016,0
365017,11
365018,0
365019,0
365020,0
365021,0
365022,0
365023,0
365024,0
365025,0
365026,0
365027,0
365028,10
365029,7
365030,0
365031,0
365032,0
365033,0
365034,0
365035,0
365036,0
365037,0
365038,9
365039,0
365040,0
365041,0
365042,0
365043,21
365044,0
365045,0
365046,0
365047,0
365048,8
365049,0
365050,0
365051,0
365052,0
365053,7
365054,0
365055,0
365056,0
365057,0
365058,9
365059,13
365060,0
365061,0
365062,0
365063,9
365064,0
365065,0
365066,0
365067,0
365068,0
365069,0
365070,6
365071,0
365072,7
365073,0
365074,0
365075,0
365076,0
365077,9
365078,0
365079,0
365080,0
365081,0
365082,0
365083,0
365084,12
365085,0
365086,12
365087,0
365088,15
365089,7
365090,0
365091,0
365092,0
365093,0
365094,7
365095,0
365096,0
365097,0
365098,0
365099,12
365100,0
365101,11
365102,0
365103,0
365104,0
365105,0
365106,16
365107,7
365108,0
365109,19
365110,0
365111,0
365112,0
365113,0
365114,13
365115,0
365116,0
365117,0
365118,0
365119,0
365120,10
365121,0
365122,0
365123,9
365124,0
365125,0
365126,0
365127,13
365128,0
365129,0
365130,0
365131,12
365132,10
365133,0
365134,0
365135,0
365136,0
365137,0
365138,0
365139,0
365140,0
365141,8
365142,0
365143,0
365144,0
365145,0
365146,0
365147,0
365148,9
365149,16
365150,0
365151,0
365152,0
365153,0
365154,9
365155,0
365156,0
365157,0
365158,0
365159,0
365160,0
365161,0
365162,0
365163,0
365164,0
365165,0
365166,0
365167,3
365168,10
365169,0
365170,0
365171,6
365172,0
365173,8
365174,9
365175,0
365176,0
365177,0
365178,0
365179,0
365180,0
365181,0
365182,0
365183,0
365184,0
365185,18
365186,0
365187,0
365188,0
365189,15
365190,0
365191,0
365192,16
365193,0
365194,0
365195,0
365196,0
365197,0
365198,0
365199,0
365200,0
365201,0
365202,0
365203,0
365204,0
365205,0
365206,0
365207,0
365208,0
365209,0
365210,0
365211,0
365212,0
365213,11
365214,0
365215,8
365216,0
365217,0
365218,0
365219,0
365220,0
365221,0
365222,0
365223,0
365224,0
365225,9
365226,0
365227,0
365228,7
365229,5
365230,8
365231,0
365232,11
365233,0
365234,0
365235,0
365236,8
365237,0
365238,0
365239,0
365240,7
365241,0
365242,0
365243,0
365244,0
365245,0
365246,14
365247,0
365248,11
365249,0
365250,0
365251,0
365252,0
365253,0
365254,0
365255,0
365256,0
365257,0
365258,0
365259,0
365260,0
365261,0
365262,0
365263,0
365264,0
365265,6
365266,0
365267,0
365268,0
365269,8
365270,0
365271,0
365272,0
365273,12
365274,18
365275,0
365276,15
365277,0
365278,0
365279,0
365280,0
365281,0
365282,0
365283,0
365284,9
365285,0
365286,0
365287,0
365288,0
365289,17
365290,0
365291,0
365292,0
365293,0
365294,12
365295,0
365296,0
365297,11
365298,0
365299,0
365300,0
365301,0
365302,0
365303,0
365304,13
365305,0
365306,0
365307,0
365308,0
365309,0
365310,0
365311,11
365312,0
365313,0
365314,8
365315,0
365316,0
365317,0
365318,0
365319,0
365320,0
365321,0
365322,0
365323,11
365324,0
365325,0
365326,0
365327,0
365328,0
365329,0
365330,0
365331,0
365332,0
365333,0
365334,0
365335,0
365336,0
365337,10
365338,0
365339,0
365340,0
365341,0
365342,0
365343,0
365344,0
365345,13
365346,0
365347,0
365348,0
365349,0
365350,0
365351,0
365352,0
365353,0
365354,0
365355,11
365356,9
365357,0
365358,0
365359,0
365360,0
365361,8
365362,0
365363,11
365364,0
365365,0
365366,0
365367,0
365368,0
365369,0
365370,0
365371,0
365372,0
365373,0
365374,7
365375,0
365376,6
365377,13
365378,0
365379,0
365380,0
365381,0
365382,0
365383,0
365384,0
365385,0
365386,0
365387,0
365388,0
365389,0
365390,0
365391,9
365392,0
365393,0
365394,0
365395,0
365396,0
365397,0
365398,0
365399,0
365400,0
365401,6
365402,0
365403,10
365404,0
365405,0
365406,0
365407,0
365408,0
365409,0
365410,0
365411,0
365412,0
365413,0
365414,0
365415,0
365416,10
365417,0
365418,0
365419,0
365420,0
365421,0
365422,0
365423,0
365424,0
365425,0
365426,0
365427,0
365428,0
365429,0
365430,13
365431,0
365432,0
365433,0
365434,7
365435,0
365436,0
365437,0
365438,0
365439,0
365440,0
365441,0
365442,0
365443,0
365444,0
365445,0
365446,0
365447,0
365448,0
365449,0
365450,0
365451,0
365452,0
365453,0
365454,0
365455,0
365456,0
365457,0
365458,0
365459,0
365460,0
365461,0
365462,0
365463,0
365464,0
365465,0
365466,0
365467,0
365468,0
365469,0
365470,0
365471,0
365472,0
365473,0
365474,0
365475,0
365476,0
365477,0
365478,0
365479,0
365480,0
365481,0
365482,0
365483,0
365484,0
365485,0
365486,0
365487,1
365488,0
365489,0
365490,0
365491,0
365492,0
365493,0
365494,0
365495,0
365496,0
365497,0
365498,0
365499,0
365500,0
365501,0
365502,0
365503,0
365504,0
365505,0
365506,0
365507,0
365508,0
365509,0
365510,0
365511,0
365512,0
365513,0
365514,0
365515,0
365516,0
365517,0
365518,0
365519,0
365520,0
365521,0
365522,0
365523,0
365524,0
365525,0
365526,0
365527,0
365528,0
365529,0
365530,0
365531,0
365532,0
365533,0
365534,0
365535,0
365536,0
365537,0
365538,0
365539,0
365540,0
365541,0
365542,0
365543,0
365544,0
365545,0
365546,0
365547,0
365548,0
365549,0
365550,0
365551,0
365552,0
365553,0
365554,0
365555,0
365556,0
365557,0
365558,0
365559,0
365560,0
365561,0
365562,0
365563,0
365564,0
365565,0
365566,0
365567,0
365568,0
365569,0
365570,0
365571,0
365572,0
365573,0
365574,0
365575,0
365576,0
365577,0
365578,0
365579,0
365580,0
365581,0
365582,0
365583,0
365584,0
365585,0
365586,0
365587,0
365588,0
365589,0
365590,0
365591,0
365592,0
365593,0
365594,0
365595,0
365596,0
365597,0
365598,0
365599,0
365600,0
365601,0
365602,0
365603,0
365604,0
365605,0
365606,0
365607,0
365608,0
365609,0
365610,0
365611,0
365612,0
365613,0
365614,0
365615,0
365616,0
365617,0
365618,0
365619,0
365620,0
365621,0
365622,0
365623,0
365624,0
365625,0
365626,0
365627,0
365628,0
365629,0
365630,0
365631,0
365632,0
365633,0
365634,0
365635,0
365636,0
365637,0
365638,0
365639,0
365640,0
365641,0
365642,0
365643,0
365644,0
365645,0
365646,0
365647,0
365648,0
365649,0
365650,0
365651,0
365652,0
365653,0
365654,0
365655,0
365656,0
365657,0
365658,0
365659,0
365660,0
365661,0
365662,0
365663,0
365664,0
365665,0
365666,0
365667,0
365668,0
365669,0
365670,0
365671,0
365672,0
365673,0
365674,0
365675,0
365676,0
365677,0
365678,0
365679,0
365680,0
365681,0
365682,0
365683,0
365684,0
365685,0
365686,0
365687,0
365688,0
365689,0
365690,0
365691,0
365692,0
365693,0
365694,0
365695,0
365696,0
365697,0
365698,0
365699,0
365700,0
365701,0
365702,0
365703,0
365704,0
365705,0
365706,0
365707,0
365708,0
365709,0
365710,0
365711,0
365712,0
365713,0
365714,0
365715,0
365716,0
365717,0
365718,0
365719,0
365720,0
365721,0
365722,0
365723,0
365724,0
365725,0
365726,0
365727,0
365728,0
365729,0
365730,0
365731,0
365732,0
365733,0
365734,0
365735,0
365736,0
365737,0
365738,0
365739,0
365740,0
365741,0
365742,0
365743,0
365744,0
365745,0
365746,0
365747,0
365748,0
365749,0
365750,0
365751,0
365752,0
365753,0
365754,0
365755,0
365756,0
365757,0
365758,0
365759,0
365760,0
365761,0
365762,0
365763,0
365764,0
365765,0
365766,0
365767,0
365768,0
365769,0
365770,0
365771,0
365772,0
365773,0
365774,0
365775,0
365776,0
365777,0
365778,0
365779,0
365780,0
365781,0
365782,0
365783,0
365784,0
365785,0
365786,0
365787,0
365788,0
365789,0
365790,0
365791,0
365792,0
365793,0
365794,0
365795,0
365796,0
365797,0
365798,0
365799,0
365800,0
365801,0
365802,0
365803,0
365804,0
365805,0
365806,0
365807,0
365808,0
365809,0
365810,0
365811,0
365812,0
365813,0
365814,1
365815,0
365816,0
365817,0
365818,0
365819,0
365820,0
365821,0
365822,0
365823,1
365824,0
365825,0
365826,0
365827,0
365828,0
365829,0
365830,0
365831,0
365832,0
365833,0
365834,0
365835,0
365836,0
365837,0
365838,0
365839,0
365840,0
365841,1
365842,0
365843,0
365844,0
365845,0
365846,0
365847,0
365848,0
365849,0
365850,0
365851,0
365852,0
365853,0
365854,0
365855,0
365856,0
365857,0
365858,0
365859,0
365860,0
365861,0
365862,0
365863,0
365864,0
365865,0
365866,0
365867,0
365868,0
365869,1
365870,0
365871,0
365872,0
365873,0
365874,0
365875,0
365876,0
365877,0
365878,0
365879,0
365880,0
365881,0
365882,0
365883,0
365884,29
365885,0
365886,0
365887,0
365888,0
365889,47
365890,0
365891,0
365892,0
365893,0
365894,0
365895,0
365896,34
365897,41
365898,20
365899,0
365900,0
365901,0
365902,0
365903,25
365904,0
365905,0
365906,0
365907,0
365908,0
365909,0
365910,0
365911,0
365912,0
365913,0
365914,0
365915,0
365916,0
365917,0
365918,0
365919,0
365920,0
365921,0
365922,0
365923,35
365924,0
365925,0
365926,30
365927,0
365928,0
365929,0
365930,0
365931,0
365932,0
365933,0
365934,0
365935,45
365936,0
365937,0
365938,0
365939,16
365940,0
365941,0
365942,0
365943,0
365944,0
365945,0
365946,0
365947,0
365948,0
365949,0
365950,13
365951,0
365952,30
365953,0
365954,0
365955,0
365956,0
365957,0
365958,39
365959,0
365960,0
365961,0
365962,36
365963,32
365964,0
365965,33
365966,0
365967,0
365968,0
365969,25
365970,0
365971,24
365972,48
365973,0
365974,0
365975,0
365976,0
365977,0
365978,0
365979,33
365980,0
365981,37
365982,0
365983,35
365984,0
365985,0
365986,0
365987,0
365988,34
365989,0
365990,0
365991,27
365992,0
365993,0
365994,0
365995,0
365996,22
365997,0
365998,0
365999,0
366000,43
366001,0
366002,0
366003,0
366004,0
366005,13
366006,30
366007,0
366008,33
366009,0
366010,40
366011,0
366012,28
366013,0
366014,30
366015,22
366016,0
366017,0
366018,0
366019,0
366020,41
366021,39
366022,0
366023,0
366024,0
366025,0
366026,0
366027,0
366028,0
366029,0
366030,21
366031,0
366032,0
366033,57
366034,0
366035,19
366036,42
366037,0
366038,26
366039,0
366040,0
366041,24
366042,0
366043,0
366044,0
366045,0
366046,40
366047,0
366048,0
366049,0
366050,0
366051,0
366052,0
366053,0
366054,0
366055,0
366056,0
366057,0
366058,0
366059,45
366060,0
366061,0
366062,32
366063,0
366064,0
366065,0
366066,0
366067,0
366068,0
366069,0
366070,0
366071,0
366072,0
366073,0
366074,0
366075,0
366076,47
366077,0
366078,0
366079,0
366080,0
366081,0
366082,0
366083,0
366084,17
366085,0
366086,0
366087,0
366088,0
366089,0
366090,0
366091,0
366092,16
366093,0
366094,0
366095,34
366096,23
366097,0
366098,0
366099,0
366100,0
366101,0
366102,0
366103,0
366104,0
366105,0
366106,0
366107,0
366108,0
366109,0
366110,0
366111,0
366112,0
366113,14
366114,0
366115,0
366116,0
366117,0
366118,12
366119,0
366120,0
366121,0
366122,0
366123,0
366124,0
366125,0
366126,0
366127,0
366128,0
366129,0
366130,0
366131,25
366132,0
366133,0
366134,0
366135,0
366136,0
366137,0
366138,0
366139,0
366140,0
366141,12
366142,0
366143,0
366144,0
366145,0
366146,0
366147,0
366148,0
366149,0
366150,0
366151,0
366152,0
366153,0
366154,0
366155,0
366156,0
366157,0
366158,0
366159,0
366160,0
366161,0
366162,0
366163,23
366164,0
366165,0
366166,22
366167,0
366168,0
366169,0
366170,0
366171,0
366172,0
366173,0
366174,0
366175,14
366176,0
366177,0
366178,0
366179,0
366180,0
366181,0
366182,0
366183,0
366184,0
366185,0
366186,0
366187,7
366188,0
366189,0
366190,0
366191,0
366192,0
366193,0
366194,0
366195,0
366196,23
366197,0
366198,0
366199,0
366200,0
366201,0
366202,0
366203,16
366204,0
366205,0
366206,0
366207,11
366208,0
366209,0
366210,0
366211,0
366212,0
366213,12
366214,0
366215,0
366216,0
366217,0
366218,0
366219,28
366220,0
366221,0
366222,0
366223,0
366224,0
366225,0
366226,0
366227,0
366228,16
366229,19
366230,0
366231,0
366232,0
366233,0
366234,0
366235,35
366236,0
366237,0
366238,0
366239,27
366240,0
366241,0
366242,0
366243,0
366244,22
366245,15
366246,0
366247,0
366248,22
366249,0
366250,0
366251,0
366252,0
366253,0
366254,25
366255,0
366256,0
366257,0
366258,18
366259,0
366260,0
366261,0
366262,0
366263,0
366264,0
366265,0
366266,0
366267,19
366268,0
366269,0
366270,0
366271,0
366272,0
366273,0
366274,0
366275,0
366276,0
366277,0
366278,0
366279,0
366280,0
366281,0
366282,0
366283,24
366284,0
366285,0
366286,21
366287,0
366288,0
366289,0
366290,0
366291,0
366292,0
366293,0
366294,0
366295,0
366296,0
366297,0
366298,0
366299,0
366300,0
366301,0
366302,20
366303,0
366304,0
366305,0
366306,0
366307,0
366308,0
366309,0
366310,0
366311,0
366312,0
366313,19
366314,24
366315,0
366316,0
366317,0
366318,0
366319,0
366320,0
366321,0
366322,0
366323,0
366324,0
366325,0
366326,0
366327,0
366328,0
366329,0
366330,0
366331,0
366332,0
366333,0
366334,0
366335,0
366336,0
366337,0
366338,0
366339,0
366340,0
366341,0
366342,0
366343,0
366344,0
366345,0
366346,0
366347,0
366348,0
366349,0
366350,15
366351,0
366352,0
366353,0
366354,0
366355,0
366356,0
366357,19
366358,0
366359,0
366360,0
366361,0
366362,0
366363,0
366364,0
366365,0
366366,0
366367,0
366368,0
366369,0
366370,0
366371,0
366372,0
366373,0
366374,0
366375,0
366376,0
366377,0
366378,0
366379,0
366380,0
366381,21
366382,0
366383,0
366384,0
366385,0
366386,0
366387,0
366388,0
366389,0
366390,0
366391,17
366392,20
366393,0
366394,0
366395,17
366396,0
366397,0
366398,0
366399,0
366400,0
366401,13
366402,0
366403,0
366404,0
366405,0
366406,0
366407,0
366408,0
366409,0
366410,11
366411,14
366412,0
366413,21
366414,0
366415,0
366416,0
366417,0
366418,0
366419,0
366420,0
366421,0
366422,0
366423,0
366424,0
366425,0
366426,0
366427,18
366428,0
366429,0
366430,0
366431,0
366432,0
366433,0
366434,0
366435,0
366436,0
366437,0
366438,0
366439,0
366440,0
366441,18
366442,0
366443,0
366444,0
366445,0
366446,0
366447,0
366448,0
366449,0
366450,0
366451,0
366452,0
366453,0
366454,0
366455,0
366456,0
366457,0
366458,0
366459,0
366460,0
366461,0
366462,8
366463,0
366464,0
366465,0
366466,0
366467,12
366468,0
366469,0
366470,0
366471,0
366472,0
366473,0
366474,0
366475,0
366476,0
366477,0
366478,0
366479,0
366480,0
366481,0
366482,0
366483,0
366484,0
366485,16
366486,16
366487,0
366488,15
366489,0
366490,0
366491,0
366492,12
366493,0
366494,0
366495,0
366496,0
366497,23
366498,22
366499,0
366500,0
366501,0
366502,0
366503,0
366504,0
366505,0
366506,0
366507,0
366508,0
366509,0
366510,0
366511,0
366512,0
366513,24
366514,0
366515,0
366516,0
366517,0
366518,9
366519,0
366520,0
366521,0
366522,0
366523,16
366524,0
366525,0
366526,0
366527,0
366528,0
366529,0
366530,0
366531,16
366532,17
366533,0
366534,0
366535,0
366536,0
366537,0
366538,0
366539,0
366540,28
366541,0
366542,0
366543,0
366544,0
366545,0
366546,0
366547,0
366548,14
366549,0
366550,0
366551,27
366552,27
366553,0
366554,0
366555,0
366556,0
366557,0
366558,0
366559,0
366560,0
366561,0
366562,0
366563,0
366564,0
366565,0
366566,21
366567,0
366568,0
366569,0
366570,0
366571,9
366572,0
366573,0
366574,30
366575,0
366576,0
366577,0
366578,0
366579,0
366580,0
366581,0
366582,0
366583,0
366584,0
366585,0
366586,0
366587,0
366588,0
366589,0
366590,0
366591,15
366592,0
366593,0
366594,0
366595,0
366596,0
366597,0
366598,0
366599,0
366600,9
366601,12
366602,0
366603,0
366604,0
366605,0
366606,0
366607,0
366608,15
366609,0
366610,0
366611,0
366612,0
366613,0
366614,0
366615,0
366616,0
366617,0
366618,0
366619,0
366620,0
366621,0
366622,0
366623,0
366624,11
366625,0
366626,0
366627,0
366628,0
366629,0
366630,0
366631,0
366632,0
366633,0
366634,0
366635,0
366636,0
366637,0
366638,0
366639,0
366640,0
366641,0
366642,0
366643,22
366644,0
366645,0
366646,0
366647,0
366648,0
366649,0
366650,0
366651,0
366652,0
366653,20
366654,0
366655,21
366656,0
366657,0
366658,0
366659,0
366660,0
366661,0
366662,0
366663,0
366664,0
366665,17
366666,29
366667,22
366668,0
366669,0
366670,0
366671,0
366672,0
366673,0
366674,0
366675,0
366676,0
366677,0
366678,0
366679,0
366680,0
366681,0
366682,0
366683,0
366684,0
366685,0
366686,0
366687,0
366688,23
366689,0
366690,0
366691,34
366692,0
366693,0
366694,0
366695,0
366696,0
366697,0
366698,0
366699,0
366700,0
366701,18
366702,0
366703,0
366704,0
366705,0
366706,0
366707,0
366708,0
366709,0
366710,0
366711,0
366712,0
366713,0
366714,0
366715,0
366716,8
366717,0
366718,0
366719,11
366720,0
366721,0
366722,0
366723,0
366724,0
366725,0
366726,0
366727,19
366728,0
366729,0
366730,0
366731,0
366732,0
366733,0
366734,0
366735,0
366736,0
366737,0
366738,0
366739,0
366740,0
366741,0
366742,0
366743,21
366744,0
366745,0
366746,0
366747,0
366748,0
366749,0
366750,0
366751,0
366752,0
366753,0
366754,0
366755,0
366756,0
366757,0
366758,0
366759,0
366760,0
366761,0
366762,0
366763,0
366764,0
366765,0
366766,0
366767,0
366768,0
366769,0
366770,0
366771,22
366772,0
366773,0
366774,18
366775,0
366776,0
366777,0
366778,13
366779,0
366780,0
366781,0
366782,0
366783,0
366784,0
366785,0
366786,14
366787,0
366788,0
366789,0
366790,0
366791,0
366792,0
366793,0
366794,0
366795,0
366796,0
366797,0
366798,0
366799,0
366800,0
366801,0
366802,27
366803,0
366804,0
366805,0
366806,0
366807,0
366808,0
366809,0
366810,0
366811,0
366812,0
366813,0
366814,0
366815,0
366816,0
366817,0
366818,0
366819,0
366820,0
366821,0
366822,0
366823,0
366824,0
366825,0
366826,0
366827,0
366828,0
366829,0
366830,0
366831,0
366832,0
366833,0
366834,0
366835,0
366836,0
366837,0
366838,0
366839,0
366840,0
366841,0
366842,0
366843,0
366844,0
366845,0
366846,15
366847,0
366848,30
366849,0
366850,8
366851,0
366852,0
366853,0
366854,0
366855,0
366856,0
366857,0
366858,0
366859,0
366860,0
366861,0
366862,18
366863,0
366864,0
366865,0
366866,0
366867,0
366868,0
366869,0
366870,0
366871,0
366872,0
366873,9
366874,0
366875,0
366876,0
366877,0
366878,0
366879,0
366880,32
366881,0
366882,0
366883,15
366884,0
366885,0
366886,0
366887,0
366888,0
366889,0
366890,0
366891,0
366892,0
366893,0
366894,17
366895,0
366896,0
366897,0
366898,0
366899,0
366900,33
366901,0
366902,22
366903,23
366904,0
366905,0
366906,0
366907,0
366908,0
366909,21
366910,0
366911,0
366912,0
366913,0
366914,0
366915,0
366916,0
366917,29
366918,0
366919,14
366920,0
366921,21
366922,0
366923,0
366924,35
366925,0
366926,0
366927,0
366928,40
366929,37
366930,27
366931,0
366932,18
366933,0
366934,0
366935,0
366936,0
366937,0
366938,26
366939,0
366940,0
366941,22
366942,25
366943,17
366944,0
366945,26
366946,0
366947,26
366948,0
366949,0
366950,0
366951,0
366952,0
366953,0
366954,31
366955,0
366956,0
366957,26
366958,0
366959,0
366960,0
366961,18
366962,0
366963,0
366964,0
366965,0
366966,18
366967,0
366968,0
366969,19
366970,0
366971,0
366972,0
366973,0
366974,16
366975,0
366976,0
366977,29
366978,25
366979,0
366980,0
366981,0
366982,0
366983,0
366984,0
366985,0
366986,0
366987,0
366988,0
366989,0
366990,25
366991,0
366992,19
366993,32
366994,0
366995,0
366996,0
366997,0
366998,0
366999,0
367000,0
367001,0
367002,28
367003,0
367004,0
367005,0
367006,0
367007,28
367008,0
367009,0
367010,0
367011,15
367012,0
367013,0
367014,0
367015,0
367016,18
367017,0
367018,0
367019,0
367020,0
367021,15
367022,0
367023,21
367024,0
367025,0
367026,0
367027,0
367028,0
367029,0
367030,0
367031,0
367032,0
367033,21
367034,0
367035,0
367036,0
367037,0
367038,0
367039,36
367040,0
367041,0
367042,0
367043,29
367044,0
367045,0
367046,11
367047,0
367048,0
367049,0
367050,0
367051,31
367052,0
367053,0
367054,0
367055,15
367056,26
367057,0
367058,28
367059,0
367060,0
367061,32
367062,0
367063,0
367064,0
367065,0
367066,0
367067,24
367068,30
367069,28
367070,0
367071,18
367072,22
367073,0
367074,0
367075,16
367076,0
367077,0
367078,0
367079,0
367080,0
367081,0
367082,0
367083,0
367084,19
367085,0
367086,22
367087,0
367088,25
367089,0
367090,0
367091,18
367092,0
367093,0
367094,0
367095,0
367096,0
367097,0
367098,0
367099,0
367100,0
367101,0
367102,0
367103,19
367104,0
367105,0
367106,0
367107,0
367108,0
367109,0
367110,0
367111,0
367112,0
367113,30
367114,0
367115,0
367116,0
367117,0
367118,0
367119,0
367120,0
367121,28
367122,0
367123,0
367124,0
367125,22
367126,0
367127,0
367128,0
367129,0
367130,0
367131,0
367132,0
367133,0
367134,21
367135,0
367136,0
367137,28
367138,35
367139,0
367140,0
367141,0
367142,0
367143,0
367144,0
367145,23
367146,0
367147,40
367148,0
367149,45
367150,27
367151,28
367152,0
367153,23
367154,0
367155,0
367156,0
367157,0
367158,0
367159,19
367160,0
367161,0
367162,22
367163,32
367164,0
367165,0
367166,16
367167,0
367168,0
367169,0
367170,0
367171,32
367172,0
367173,0
367174,21
367175,0
367176,0
367177,0
367178,0
367179,0
367180,0
367181,26
367182,0
367183,0
367184,21
367185,21
367186,0
367187,22
367188,25
367189,26
367190,0
367191,0
367192,31
367193,21
367194,27
367195,0
367196,0
367197,0
367198,0
367199,0
367200,0
367201,0
367202,18
367203,0
367204,0
367205,0
367206,0
367207,0
367208,26
367209,0
367210,30
367211,0
367212,19
367213,0
367214,31
367215,0
367216,0
367217,0
367218,0
367219,0
367220,0
367221,0
367222,31
367223,26
367224,20
367225,0
367226,0
367227,0
367228,27
367229,0
367230,0
367231,0
367232,0
367233,0
367234,28
367235,26
367236,22
367237,20
367238,0
367239,0
367240,23
367241,0
367242,0
367243,0
367244,0
367245,0
367246,20
367247,0
367248,0
367249,0
367250,0
367251,0
367252,0
367253,0
367254,0
367255,0
367256,20
367257,0
367258,32
367259,0
367260,0
367261,20
367262,24
367263,0
367264,0
367265,0
367266,0
367267,0
367268,22
367269,0
367270,15
367271,0
367272,0
367273,0
367274,0
367275,0
367276,0
367277,0
367278,0
367279,0
367280,0
367281,0
367282,0
367283,25
367284,0
367285,0
367286,0
367287,0
367288,0
367289,26
367290,0
367291,17
367292,0
367293,18
367294,0
367295,0
367296,0
367297,0
367298,23
367299,31
367300,0
367301,18
367302,22
367303,0
367304,0
367305,0
367306,0
367307,0
367308,0
367309,28
367310,0
367311,0
367312,23
367313,22
367314,28
367315,0
367316,25
367317,0
367318,0
367319,0
367320,0
367321,0
367322,0
367323,0
367324,0
367325,0
367326,0
367327,0
367328,0
367329,0
367330,0
367331,0
367332,0
367333,0
367334,25
367335,0
367336,0
367337,0
367338,22
367339,0
367340,0
367341,0
367342,0
367343,0
367344,0
367345,0
367346,0
367347,0
367348,18
367349,0
367350,29
367351,0
367352,0
367353,16
367354,0
367355,23
367356,0
367357,26
367358,0
367359,0
367360,0
367361,0
367362,22
367363,11
367364,0
367365,23
367366,0
367367,0
367368,0
367369,0
367370,24
367371,0
367372,0
367373,0
367374,0
367375,25
367376,0
367377,0
367378,0
367379,0
367380,24
367381,0
367382,0
367383,0
367384,0
367385,0
367386,0
367387,33
367388,0
367389,19
367390,19
367391,0
367392,0
367393,0
367394,36
367395,25
367396,0
367397,19
367398,0
367399,0
367400,19
367401,0
367402,0
367403,0
367404,33
367405,0
367406,0
367407,33
367408,0
367409,35
367410,0
367411,0
367412,0
367413,0
367414,0
367415,0
367416,0
367417,0
367418,0
367419,0
367420,0
367421,0
367422,0
367423,0
367424,0
367425,0
367426,0
367427,0
367428,0
367429,0
367430,33
367431,0
367432,0
367433,0
367434,41
367435,0
367436,0
367437,0
367438,25
367439,0
367440,0
367441,40
367442,19
367443,0
367444,0
367445,0
367446,18
367447,0
367448,0
367449,0
367450,0
367451,0
367452,0
367453,0
367454,0
367455,0
367456,0
367457,0
367458,18
367459,0
367460,0
367461,32
367462,0
367463,28
367464,0
367465,22
367466,19
367467,17
367468,0
367469,0
367470,0
367471,0
367472,38
367473,0
367474,0
367475,0
367476,0
367477,22
367478,0
367479,0
367480,0
367481,0
367482,0
367483,0
367484,25
367485,0
367486,0
367487,0
367488,0
367489,17
367490,0
367491,22
367492,22
367493,0
367494,0
367495,23
367496,20
367497,25
367498,0
367499,0
367500,0
367501,0
367502,0
367503,0
367504,32
367505,0
367506,32
367507,16
367508,0
367509,0
367510,0
367511,0
367512,0
367513,0
367514,0
367515,28
367516,0
367517,0
367518,0
367519,22
367520,0
367521,0
367522,0
367523,0
367524,0
367525,0
367526,0
367527,0
367528,0
367529,0
367530,0
367531,24
367532,0
367533,0
367534,0
367535,0
367536,0
367537,0
367538,0
367539,0
367540,0
367541,0
367542,0
367543,0
367544,21
367545,0
367546,19
367547,19
367548,0
367549,0
367550,29
367551,0
367552,26
367553,0
367554,25
367555,0
367556,38
367557,17
367558,0
367559,0
367560,0
367561,0
367562,23
367563,25
367564,0
367565,0
367566,0
367567,0
367568,0
367569,23
367570,0
367571,19
367572,0
367573,0
367574,0
367575,0
367576,0
367577,0
367578,0
367579,0
367580,19
367581,0
367582,0
367583,0
367584,0
367585,27
367586,60
367587,0
367588,0
367589,21
367590,0
367591,0
367592,0
367593,39
367594,0
367595,0
367596,0
367597,0
367598,0
367599,0
367600,0
367601,0
367602,0
367603,0
367604,0
367605,0
367606,0
367607,19
367608,0
367609,38
367610,0
367611,15
367612,30
367613,0
367614,0
367615,0
367616,0
367617,0
367618,0
367619,0
367620,0
367621,42
367622,43
367623,0
367624,0
367625,0
367626,0
367627,36
367628,0
367629,0
367630,0
367631,0
367632,0
367633,47
367634,0
367635,27
367636,18
367637,0
367638,0
367639,0
367640,0
367641,0
367642,27
367643,0
367644,0
367645,19
367646,0
367647,0
367648,40
367649,0
367650,37
367651,0
367652,36
367653,0
367654,0
367655,0
367656,29
367657,69
367658,27
367659,0
367660,0
367661,0
367662,0
367663,0
367664,0
367665,0
367666,0
367667,0
367668,0
367669,0
367670,0
367671,0
367672,0
367673,0
367674,29
367675,0
367676,0
367677,0
367678,0
367679,0
367680,0
367681,0
367682,0
367683,14
367684,0
367685,0
367686,0
367687,0
367688,0
367689,27
367690,0
367691,0
367692,0
367693,0
367694,0
367695,26
367696,0
367697,0
367698,23
367699,0
367700,0
367701,0
367702,0
367703,0
367704,0
367705,0
367706,22
367707,23
367708,0
367709,0
367710,26
367711,21
367712,0
367713,10
367714,0
367715,0
367716,0
367717,44
367718,0
367719,31
367720,0
367721,0
367722,0
367723,0
367724,18
367725,0
367726,0
367727,0
367728,0
367729,21
367730,0
367731,0
367732,0
367733,0
367734,0
367735,0
367736,0
367737,0
367738,0
367739,0
367740,0
367741,0
367742,0
367743,0
367744,0
367745,0
367746,32
367747,0
367748,0
367749,17
367750,0
367751,0
367752,0
367753,0
367754,0
367755,27
367756,0
367757,0
367758,0
367759,0
367760,0
367761,0
367762,0
367763,0
367764,0
367765,23
367766,0
367767,0
367768,0
367769,0
367770,57
367771,0
367772,0
367773,0
367774,20
367775,0
367776,29
367777,0
367778,0
367779,0
367780,43
367781,29
367782,0
367783,0
367784,0
367785,0
367786,0
367787,20
367788,0
367789,0
367790,0
367791,0
367792,0
367793,62
367794,0
367795,25
367796,0
367797,0
367798,43
367799,26
367800,0
367801,0
367802,0
367803,33
367804,42
367805,24
367806,43
367807,18
367808,0
367809,0
367810,15
367811,0
367812,0
367813,0
367814,28
367815,0
367816,0
367817,32
367818,0
367819,0
367820,40
367821,0
367822,0
367823,0
367824,0
367825,29
367826,0
367827,17
367828,0
367829,0
367830,25
367831,0
367832,0
367833,0
367834,36
367835,0
367836,46
367837,53
367838,0
367839,0
367840,0
367841,29
367842,0
367843,0
367844,0
367845,0
367846,19
367847,0
367848,35
367849,38
367850,18
367851,0
367852,0
367853,0
367854,0
367855,0
367856,0
367857,0
367858,0
367859,0
367860,0
367861,0
367862,0
367863,0
367864,40
367865,0
367866,0
367867,21
367868,0
367869,0
367870,0
367871,0
367872,36
367873,0
367874,16
367875,0
367876,0
367877,0
367878,34
367879,35
367880,0
367881,0
367882,21
367883,23
367884,0
367885,0
367886,0
367887,0
367888,0
367889,16
367890,0
367891,24
367892,0
367893,0
367894,0
367895,58
367896,0
367897,0
367898,0
367899,0
367900,0
367901,0
367902,0
367903,32
367904,0
367905,0
367906,37
367907,33
367908,0
367909,0
367910,0
367911,0
367912,28
367913,0
367914,0
367915,0
367916,0
367917,0
367918,0
367919,0
367920,0
367921,0
367922,16
367923,15
367924,0
367925,0
367926,0
367927,0
367928,0
367929,0
367930,0
367931,0
367932,0
367933,0
367934,0
367935,0
367936,0
367937,20
367938,26
367939,0
367940,0
367941,0
367942,0
367943,0
367944,0
367945,0
367946,0
367947,0
367948,0
367949,0
367950,0
367951,0
367952,41
367953,0
367954,0
367955,6
367956,0
367957,6
367958,0
367959,0
367960,0
367961,0
367962,0
367963,7
367964,6
367965,0
367966,0
367967,4
367968,0
367969,0
367970,0
367971,0
367972,0
367973,0
367974,0
367975,0
367976,2
367977,0
367978,0
367979,8
367980,0
367981,11
367982,0
367983,0
367984,0
367985,6
367986,1
367987,0
367988,0
367989,0
367990,0
367991,0
367992,0
367993,0
367994,0
367995,0
367996,0
367997,0
367998,0
367999,0
368000,0
368001,6
368002,0
368003,0
368004,0
368005,10
368006,0
368007,0
368008,9
368009,0
368010,0
368011,6
368012,0
368013,0
368014,0
368015,0
368016,0
368017,1
368018,0
368019,0
368020,0
368021,0
368022,0
368023,0
368024,10
368025,0
368026,0
368027,0
368028,0
368029,0
368030,9
368031,0
368032,0
368033,7
368034,0
368035,0
368036,0
368037,5
368038,0
368039,6
368040,0
368041,0
368042,0
368043,4
368044,0
368045,0
368046,0
368047,0
368048,7
368049,7
368050,0
368051,0
368052,9
368053,0
368054,0
368055,11
368056,0
368057,3
368058,0
368059,0
368060,0
368061,0
368062,0
368063,0
368064,0
368065,0
368066,13
368067,0
368068,0
368069,0
368070,0
368071,0
368072,0
368073,0
368074,0
368075,0
368076,11
368077,0
368078,0
368079,0
368080,7
368081,0
368082,0
368083,9
368084,0
368085,0
368086,0
368087,0
368088,0
368089,0
368090,0
368091,7
368092,0
368093,0
368094,0
368095,0
368096,5
368097,0
368098,0
368099,0
368100,0
368101,0
368102,4
368103,0
368104,0
368105,0
368106,10
368107,0
368108,0
368109,0
368110,0
368111,0
368112,0
368113,0
368114,0
368115,0
368116,0
368117,0
368118,0
368119,0
368120,0
368121,0
368122,10
368123,0
368124,0
368125,0
368126,11
368127,0
368128,17
368129,0
368130,0
368131,0
368132,0
368133,0
368134,0
368135,0
368136,7
368137,8
368138,0
368139,0
368140,0
368141,0
368142,0
368143,0
368144,0
368145,0
368146,0
368147,0
368148,11
368149,0
368150,0
368151,0
368152,0
368153,0
368154,0
368155,0
368156,8
368157,0
368158,4
368159,0
368160,0
368161,0
368162,0
368163,0
368164,0
368165,0
368166,0
368167,0
368168,0
368169,0
368170,0
368171,0
368172,10
368173,0
368174,0
368175,0
368176,0
368177,0
368178,0
368179,0
368180,0
368181,0
368182,0
368183,0
368184,0
368185,0
368186,0
368187,0
368188,0
368189,0
368190,0
368191,10
368192,0
368193,0
368194,20
368195,0
368196,0
368197,0
368198,0
368199,0
368200,20
368201,22
368202,0
368203,21
368204,0
368205,4
368206,0
368207,0
368208,0
368209,0
368210,0
368211,17
368212,0
368213,0
368214,0
368215,0
368216,4
368217,0
368218,0
368219,0
368220,0
368221,15
368222,0
368223,0
368224,0
368225,0
368226,0
368227,0
368228,0
368229,11
368230,0
368231,0
368232,0
368233,0
368234,0
368235,0
368236,0
368237,0
368238,0
368239,0
368240,0
368241,0
368242,0
368243,0
368244,6
368245,0
368246,0
368247,0
368248,0
368249,21
368250,0
368251,0
368252,0
368253,0
368254,0
368255,0
368256,0
368257,0
368258,0
368259,0
368260,0
368261,0
368262,0
368263,0
368264,0
368265,0
368266,0
368267,0
368268,0
368269,0
368270,0
368271,0
368272,0
368273,0
368274,0
368275,0
368276,0
368277,0
368278,0
368279,0
368280,0
368281,0
368282,0
368283,0
368284,7
368285,0
368286,0
368287,0
368288,0
368289,0
368290,0
368291,0
368292,0
368293,0
368294,0
368295,0
368296,0
368297,0
368298,0
368299,0
368300,0
368301,0
368302,0
368303,0
368304,0
368305,0
368306,0
368307,0
368308,19
368309,0
368310,0
368311,0
368312,13
368313,12
368314,0
368315,0
368316,0
368317,0
368318,10
368319,0
368320,0
368321,0
368322,0
368323,0
368324,0
368325,0
368326,0
368327,0
368328,0
368329,0
368330,0
368331,0
368332,0
368333,0
368334,11
368335,6
368336,0
368337,0
368338,0
368339,0
368340,0
368341,0
368342,0
368343,0
368344,19
368345,12
368346,14
368347,0
368348,0
368349,0
368350,0
368351,0
368352,0
368353,0
368354,0
368355,0
368356,0
368357,0
368358,0
368359,0
368360,0
368361,0
368362,0
368363,0
368364,0
368365,0
368366,0
368367,0
368368,0
368369,0
368370,0
368371,0
368372,16
368373,0
368374,0
368375,0
368376,0
368377,0
368378,0
368379,0
368380,0
368381,0
368382,0
368383,0
368384,0
368385,0
368386,0
368387,0
368388,0
368389,0
368390,0
368391,0
368392,0
368393,0
368394,0
368395,0
368396,12
368397,0
368398,0
368399,0
368400,0
368401,0
368402,0
368403,0
368404,0
368405,0
368406,0
368407,0
368408,0
368409,0
368410,0
368411,0
368412,0
368413,0
368414,0
368415,0
368416,0
368417,0
368418,0
368419,7
368420,0
368421,0
368422,0
368423,0
368424,0
368425,0
368426,0
368427,16
368428,0
368429,0
368430,0
368431,0
368432,0
368433,0
368434,0
368435,0
368436,0
368437,0
368438,0
368439,0
368440,0
368441,0
368442,0
368443,7
368444,0
368445,0
368446,0
368447,0
368448,0
368449,0
368450,0
368451,0
368452,0
368453,0
368454,0
368455,0
368456,0
368457,0
368458,0
368459,0
368460,0
368461,0
368462,12
368463,0
368464,0
368465,6
368466,0
368467,0
368468,0
368469,0
368470,0
368471,0
368472,0
368473,0
368474,0
368475,0
368476,0
368477,0
368478,7
368479,0
368480,0
368481,0
368482,0
368483,0
368484,0
368485,0
368486,0
368487,0
368488,0
368489,0
368490,0
368491,0
368492,0
368493,0
368494,0
368495,0
368496,0
368497,0
368498,0
368499,0
368500,0
368501,0
368502,0
368503,0
368504,0
368505,0
368506,0
368507,0
368508,0
368509,0
368510,7
368511,0
368512,0
368513,0
368514,0
368515,17
368516,0
368517,0
368518,0
368519,36
368520,0
368521,0
368522,0
368523,0
368524,0
368525,0
368526,0
368527,0
368528,0
368529,0
368530,0
368531,0
368532,0
368533,0
368534,0
368535,0
368536,0
368537,0
368538,0
368539,0
368540,0
368541,0
368542,0
368543,20
368544,0
368545,0
368546,0
368547,0
368548,0
368549,0
368550,0
368551,0
368552,0
368553,0
368554,12
368555,0
368556,0
368557,0
368558,9
368559,0
368560,0
368561,0
368562,0
368563,0
368564,0
368565,0
368566,0
368567,0
368568,0
368569,0
368570,0
368571,0
368572,0
368573,0
368574,0
368575,0
368576,5
368577,15
368578,0
368579,0
368580,16
368581,0
368582,27
368583,18
368584,0
368585,8
368586,19
368587,0
368588,22
368589,0
368590,0
368591,0
368592,0
368593,0
368594,0
368595,43
368596,0
368597,27
368598,0
368599,0
368600,0
368601,0
368602,0
368603,0
368604,0
368605,0
368606,0
368607,0
368608,0
368609,0
368610,0
368611,0
368612,0
368613,0
368614,19
368615,0
368616,0
368617,0
368618,0
368619,0
368620,0
368621,23
368622,0
368623,0
368624,0
368625,0
368626,0
368627,0
368628,0
368629,0
368630,0
368631,0
368632,0
368633,0
368634,0
368635,0
368636,0
368637,0
368638,0
368639,9
368640,26
368641,0
368642,0
368643,0
368644,0
368645,0
368646,0
368647,28
368648,52
368649,0
368650,0
368651,0
368652,0
368653,0
368654,0
368655,0
368656,0
368657,0
368658,37
368659,0
368660,0
368661,0
368662,0
368663,0
368664,0
368665,32
368666,0
368667,0
368668,0
368669,0
368670,0
368671,0
368672,0
368673,0
368674,0
368675,16
368676,0
368677,0
368678,0
368679,0
368680,0
368681,0
368682,25
368683,0
368684,0
368685,0
368686,0
368687,0
368688,23
368689,0
368690,0
368691,0
368692,0
368693,0
368694,0
368695,0
368696,0
368697,0
368698,0
368699,0
368700,0
368701,0
368702,0
368703,0
368704,0
368705,0
368706,26
368707,0
368708,0
368709,0
368710,0
368711,0
368712,0
368713,0
368714,0
368715,0
368716,0
368717,0
368718,36
368719,0
368720,0
368721,0
368722,0
368723,0
368724,22
368725,0
368726,0
368727,0
368728,0
368729,0
368730,0
368731,0
368732,0
368733,0
368734,24
368735,0
368736,0
368737,0
368738,0
368739,0
368740,0
368741,0
368742,0
368743,0
368744,0
368745,0
368746,0
368747,0
368748,22
368749,0
368750,0
368751,0
368752,0
368753,0
368754,0
368755,0
368756,0
368757,0
368758,0
368759,0
368760,0
368761,27
368762,0
368763,0
368764,0
368765,0
368766,0
368767,0
368768,48
368769,0
368770,0
368771,0
368772,0
368773,0
368774,0
368775,0
368776,0
368777,0
368778,0
368779,0
368780,0
368781,0
368782,0
368783,0
368784,0
368785,0
368786,0
368787,0
368788,0
368789,13
368790,0
368791,0
368792,0
368793,0
368794,0
368795,0
368796,0
368797,0
368798,36
368799,0
368800,0
368801,0
368802,0
368803,18
368804,0
368805,0
368806,0
368807,0
368808,0
368809,24
368810,0
368811,0
368812,0
368813,0
368814,0
368815,0
368816,29
368817,29
368818,48
368819,0
368820,0
368821,0
368822,0
368823,0
368824,0
368825,0
368826,0
368827,0
368828,0
368829,40
368830,0
368831,0
368832,0
368833,0
368834,0
368835,0
368836,0
368837,0
368838,0
368839,0
368840,0
368841,0
368842,0
368843,44
368844,0
368845,0
368846,0
368847,23
368848,0
368849,0
368850,0
368851,38
368852,0
368853,0
368854,0
368855,0
368856,0
368857,0
368858,0
368859,27
368860,0
368861,0
368862,0
368863,0
368864,0
368865,0
368866,35
368867,0
368868,0
368869,0
368870,0
368871,0
368872,0
368873,0
368874,0
368875,59
368876,0
368877,28
368878,0
368879,0
368880,0
368881,0
368882,0
368883,37
368884,0
368885,0
368886,0
368887,0
368888,0
368889,0
368890,11
368891,0
368892,0
368893,0
368894,0
368895,0
368896,0
368897,0
368898,22
368899,0
368900,0
368901,0
368902,0
368903,0
368904,0
368905,0
368906,0
368907,0
368908,0
368909,0
368910,0
368911,0
368912,0
368913,0
368914,0
368915,0
368916,0
368917,29
368918,0
368919,0
368920,0
368921,0
368922,0
368923,0
368924,0
368925,12
368926,0
368927,0
368928,0
368929,0
368930,0
368931,0
368932,0
368933,0
368934,0
368935,0
368936,0
368937,0
368938,0
368939,0
368940,0
368941,30
368942,0
368943,0
368944,0
368945,0
368946,0
368947,0
368948,0
368949,0
368950,0
368951,0
368952,0
368953,0
368954,0
368955,0
368956,0
368957,0
368958,0
368959,0
368960,0
368961,40
368962,0
368963,0
368964,0
368965,0
368966,0
368967,0
368968,0
368969,0
368970,0
368971,0
368972,0
368973,0
368974,0
368975,0
368976,0
368977,0
368978,28
368979,0
368980,0
368981,10
368982,0
368983,0
368984,0
368985,0
368986,0
368987,25
368988,0
368989,0
368990,0
368991,0
368992,0
368993,0
368994,0
368995,0
368996,0
368997,24
368998,0
368999,0
369000,0
369001,0
369002,0
369003,0
369004,0
369005,0
369006,0
369007,0
369008,0
369009,0
369010,0
369011,0
369012,0
369013,0
369014,0
369015,27
369016,31
369017,0
369018,0
369019,0
369020,0
369021,0
369022,0
369023,0
369024,0
369025,0
369026,0
369027,0
369028,0
369029,0
369030,0
369031,26
369032,0
369033,0
369034,0
369035,0
369036,0
369037,0
369038,0
369039,0
369040,0
369041,0
369042,31
369043,0
369044,24
369045,0
369046,0
369047,0
369048,0
369049,0
369050,0
369051,23
369052,0
369053,0
369054,0
369055,22
369056,0
369057,0
369058,0
369059,0
369060,0
369061,0
369062,0
369063,25
369064,0
369065,0
369066,0
369067,25
369068,0
369069,0
369070,0
369071,0
369072,0
369073,0
369074,24
369075,0
369076,0
369077,0
369078,0
369079,0
369080,0
369081,0
369082,0
369083,0
369084,0
369085,0
369086,0
369087,0
369088,0
369089,0
369090,0
369091,0
369092,0
369093,0
369094,0
369095,26
369096,0
369097,0
369098,27
369099,0
369100,0
369101,0
369102,0
369103,0
369104,0
369105,0
369106,33
369107,0
369108,0
369109,0
369110,0
369111,0
369112,0
369113,0
369114,0
369115,0
369116,0
369117,0
369118,0
369119,0
369120,0
369121,0
369122,0
369123,0
369124,0
369125,23
369126,0
369127,0
369128,0
369129,0
369130,0
369131,0
369132,0
369133,0
369134,0
369135,0
369136,0
369137,0
369138,0
369139,0
369140,0
369141,23
369142,0
369143,0
369144,0
369145,0
369146,0
369147,0
369148,0
369149,0
369150,0
369151,0
369152,0
369153,0
369154,0
369155,0
369156,0
369157,0
369158,0
369159,0
369160,0
369161,0
369162,0
369163,0
369164,0
369165,0
369166,0
369167,0
369168,0
369169,0
369170,0
369171,0
369172,0
369173,31
369174,0
369175,0
369176,0
369177,0
369178,0
369179,0
369180,0
369181,36
369182,0
369183,0
369184,0
369185,0
369186,0
369187,0
369188,0
369189,0
369190,0
369191,15
369192,0
369193,0
369194,0
369195,0
369196,0
369197,0
369198,0
369199,0
369200,0
369201,0
369202,0
369203,0
369204,0
369205,0
369206,0
369207,0
369208,0
369209,0
369210,19
369211,0
369212,0
369213,0
369214,22
369215,0
369216,0
369217,0
369218,0
369219,0
369220,0
369221,0
369222,0
369223,0
369224,0
369225,0
369226,0
369227,0
369228,0
369229,0
369230,0
369231,0
369232,0
369233,0
369234,0
369235,0
369236,0
369237,0
369238,0
369239,0
369240,0
369241,0
369242,0
369243,0
369244,0
369245,0
369246,0
369247,0
369248,0
369249,0
369250,0
369251,0
369252,0
369253,0
369254,0
369255,0
369256,0
369257,0
369258,0
369259,0
369260,0
369261,0
369262,0
369263,0
369264,21
369265,0
369266,22
369267,0
369268,0
369269,0
369270,0
369271,0
369272,0
369273,32
369274,33
369275,0
369276,0
369277,0
369278,0
369279,0
369280,0
369281,0
369282,0
369283,0
369284,0
369285,0
369286,0
369287,0
369288,0
369289,0
369290,0
369291,0
369292,0
369293,0
369294,0
369295,22
369296,0
369297,0
369298,0
369299,0
369300,0
369301,0
369302,25
369303,0
369304,0
369305,27
369306,0
369307,0
369308,0
369309,19
369310,0
369311,0
369312,0
369313,0
369314,0
369315,0
369316,0
369317,0
369318,0
369319,0
369320,0
369321,0
369322,0
369323,0
369324,0
369325,0
369326,0
369327,0
369328,0
369329,0
369330,0
369331,0
369332,25
369333,0
369334,0
369335,0
369336,0
369337,0
369338,20
369339,0
369340,0
369341,0
369342,0
369343,0
369344,0
369345,0
369346,0
369347,0
369348,0
369349,0
369350,0
369351,0
369352,0
369353,0
369354,0
369355,0
369356,0
369357,0
369358,0
369359,0
369360,0
369361,0
369362,0
369363,0
369364,0
369365,18
369366,0
369367,22
369368,0
369369,0
369370,0
369371,0
369372,0
369373,0
369374,0
369375,0
369376,0
369377,0
369378,0
369379,0
369380,0
369381,0
369382,0
369383,0
369384,0
369385,0
369386,33
369387,0
369388,0
369389,0
369390,0
369391,42
369392,0
369393,0
369394,0
369395,0
369396,0
369397,0
369398,0
369399,0
369400,0
369401,0
369402,0
369403,0
369404,0
369405,29
369406,0
369407,0
369408,0
369409,0
369410,40
369411,0
369412,0
369413,0
369414,0
369415,43
369416,0
369417,45
369418,0
369419,0
369420,0
369421,48
369422,0
369423,0
369424,0
369425,0
369426,0
369427,0
369428,0
369429,0
369430,0
369431,0
369432,0
369433,43
369434,0
369435,0
369436,0
369437,0
369438,40
369439,0
369440,0
369441,46
369442,35
369443,0
369444,0
369445,0
369446,29
369447,0
369448,53
369449,0
369450,50
369451,42
369452,0
369453,0
369454,0
369455,0
369456,0
369457,37
369458,0
369459,0
369460,35
369461,0
369462,0
369463,0
369464,24
369465,0
369466,0
369467,0
369468,0
369469,0
369470,60
369471,0
369472,0
369473,0
369474,0
369475,0
369476,0
369477,0
369478,0
369479,22
369480,0
369481,0
369482,0
369483,0
369484,0
369485,0
369486,0
369487,0
369488,0
369489,0
369490,0
369491,0
369492,0
369493,0
369494,0
369495,0
369496,0
369497,21
369498,0
369499,42
369500,0
369501,29
369502,0
369503,0
369504,0
369505,0
369506,0
369507,56
369508,0
369509,0
369510,38
369511,0
369512,0
369513,36
369514,0
369515,0
369516,0
369517,0
369518,0
369519,0
369520,0
369521,31
369522,0
369523,0
369524,29
369525,0
369526,0
369527,0
369528,0
369529,0
369530,0
369531,0
369532,0
369533,0
369534,0
369535,0
369536,0
369537,0
369538,0
369539,0
369540,0
369541,53
369542,0
369543,0
369544,0
369545,0
369546,0
369547,0
369548,0
369549,0
369550,0
369551,0
369552,0
369553,0
369554,0
369555,41
369556,0
369557,28
369558,0
369559,0
369560,0
369561,0
369562,0
369563,0
369564,0
369565,0
369566,0
369567,0
369568,0
369569,0
369570,0
369571,0
369572,0
369573,0
369574,0
369575,0
369576,0
369577,0
369578,0
369579,39
369580,0
369581,0
369582,0
369583,0
369584,27
369585,0
369586,0
369587,0
369588,33
369589,0
369590,48
369591,74
369592,0
369593,0
369594,0
369595,0
369596,58
369597,35
369598,0
369599,0
369600,0
369601,66
369602,0
369603,0
369604,0
369605,0
369606,43
369607,0
369608,0
369609,0
369610,0
369611,0
369612,0
369613,0
369614,45
369615,0
369616,0
369617,0
369618,0
369619,0
369620,0
369621,0
369622,0
369623,0
369624,0
369625,0
369626,0
369627,0
369628,0
369629,36
369630,0
369631,0
369632,0
369633,0
369634,0
369635,0
369636,0
369637,0
369638,0
369639,0
369640,0
369641,0
369642,38
369643,0
369644,0
369645,0
369646,0
369647,0
369648,0
369649,20
369650,0
369651,0
369652,0
369653,0
369654,52
369655,0
369656,0
369657,0
369658,0
369659,0
369660,43
369661,0
369662,0
369663,87
369664,0
369665,0
369666,0
369667,0
369668,36
369669,0
369670,0
369671,0
369672,0
369673,0
369674,0
369675,0
369676,40
369677,0
369678,0
369679,0
369680,36
369681,0
369682,44
369683,0
369684,0
369685,0
369686,0
369687,0
369688,0
369689,0
369690,0
369691,40
369692,0
369693,0
369694,0
369695,0
369696,0
369697,0
369698,0
369699,0
369700,0
369701,0
369702,36
369703,46
369704,0
369705,0
369706,0
369707,0
369708,0
369709,47
369710,0
369711,0
369712,0
369713,0
369714,0
369715,0
369716,0
369717,64
369718,0
369719,0
369720,0
369721,0
369722,44
369723,0
369724,0
369725,0
369726,0
369727,21
369728,45
369729,0
369730,52
369731,0
369732,45
369733,0
369734,0
369735,0
369736,0
369737,0
369738,0
369739,0
369740,0
369741,0
369742,0
369743,0
369744,38
369745,19
369746,0
369747,0
369748,0
369749,0
369750,54
369751,0
369752,0
369753,0
369754,0
369755,0
369756,0
369757,0
369758,33
369759,0
369760,0
369761,41
369762,31
369763,0
369764,0
369765,0
369766,48
369767,0
369768,0
369769,0
369770,0
369771,0
369772,0
369773,0
369774,0
369775,0
369776,0
369777,0
369778,0
369779,48
369780,0
369781,0
369782,0
369783,29
369784,0
369785,0
369786,20
369787,0
369788,28
369789,0
369790,0
369791,0
369792,59
369793,37
369794,0
369795,0
369796,0
369797,0
369798,0
369799,0
369800,0
369801,0
369802,0
369803,0
369804,0
369805,0
369806,0
369807,0
369808,0
369809,0
369810,64
369811,49
369812,38
369813,25
369814,0
369815,0
369816,0
369817,0
369818,0
369819,60
369820,54
369821,0
369822,0
369823,0
369824,0
369825,0
369826,0
369827,0
369828,14
369829,0
369830,0
369831,0
369832,26
369833,0
369834,0
369835,0
369836,0
369837,0
369838,19
369839,0
369840,0
369841,0
369842,0
369843,0
369844,0
369845,0
369846,15
369847,0
369848,0
369849,28
369850,0
369851,0
369852,21
369853,0
369854,15
369855,0
369856,25
369857,0
369858,0
369859,0
369860,19
369861,0
369862,0
369863,19
369864,0
369865,0
369866,0
369867,0
369868,0
369869,30
369870,0
369871,0
369872,18
369873,0
369874,0
369875,0
369876,0
369877,0
369878,0
369879,0
369880,25
369881,12
369882,0
369883,23
369884,17
369885,0
369886,0
369887,0
369888,21
369889,18
369890,0
369891,0
369892,17
369893,0
369894,0
369895,18
369896,0
369897,0
369898,0
369899,0
369900,0
369901,0
369902,26
369903,0
369904,0
369905,0
369906,0
369907,0
369908,17
369909,17
369910,0
369911,0
369912,0
369913,0
369914,0
369915,11
369916,13
369917,0
369918,16
369919,0
369920,0
369921,12
369922,0
369923,0
369924,0
369925,0
369926,0
369927,0
369928,0
369929,0
369930,0
369931,0
369932,0
369933,0
369934,0
369935,0
369936,0
369937,0
369938,0
369939,0
369940,0
369941,0
369942,0
369943,0
369944,0
369945,0
369946,0
369947,0
369948,16
369949,13
369950,0
369951,15
369952,0
369953,0
369954,0
369955,0
369956,12
369957,0
369958,22
369959,0
369960,21
369961,0
369962,17
369963,0
369964,20
369965,0
369966,0
369967,0
369968,0
369969,12
369970,0
369971,0
369972,0
369973,15
369974,0
369975,0
369976,0
369977,0
369978,0
369979,0
369980,0
369981,12
369982,22
369983,0
369984,0
369985,30
369986,0
369987,0
369988,0
369989,0
369990,23
369991,0
369992,0
369993,0
369994,0
369995,0
369996,0
369997,0
369998,22
369999,0
370000,0
370001,0
370002,0
370003,0
370004,0
370005,0
370006,0
370007,0
370008,0
370009,0
370010,13
370011,0
370012,0
370013,0
370014,21
370015,0
370016,0
370017,0
370018,0
370019,0
370020,0
370021,19
370022,0
370023,13
370024,0
370025,0
370026,0
370027,26
370028,0
370029,23
370030,0
370031,24
370032,0
370033,0
370034,13
370035,0
370036,0
370037,0
370038,0
370039,17
370040,0
370041,0
370042,0
370043,0
370044,22
370045,0
370046,0
370047,28
370048,0
370049,0
370050,0
370051,14
370052,0
370053,0
370054,0
370055,0
370056,15
370057,23
370058,0
370059,0
370060,0
370061,0
370062,0
370063,18
370064,0
370065,0
370066,0
370067,0
370068,0
370069,0
370070,17
370071,0
370072,0
370073,0
370074,0
370075,0
370076,0
370077,0
370078,0
370079,29
370080,0
370081,0
370082,0
370083,0
370084,0
370085,16
370086,13
370087,0
370088,0
370089,0
370090,0
370091,0
370092,0
370093,0
370094,11
370095,0
370096,0
370097,0
370098,0
370099,0
370100,20
370101,0
370102,15
370103,0
370104,0
370105,0
370106,0
370107,15
370108,0
370109,0
370110,0
370111,17
370112,0
370113,21
370114,0
370115,0
370116,0
370117,0
370118,0
370119,0
370120,0
370121,0
370122,0
370123,0
370124,0
370125,0
370126,20
370127,0
370128,16
370129,0
370130,0
370131,14
370132,0
370133,13
370134,0
370135,0
370136,0
370137,12
370138,0
370139,0
370140,18
370141,0
370142,0
370143,0
370144,22
370145,21
370146,0
370147,30
370148,0
370149,33
370150,13
370151,14
370152,0
370153,18
370154,0
370155,0
370156,0
370157,0
370158,0
370159,8
370160,0
370161,0
370162,0
370163,13
370164,11
370165,20
370166,0
370167,0
370168,14
370169,0
370170,0
370171,0
370172,0
370173,0
370174,0
370175,0
370176,0
370177,0
370178,12
370179,0
370180,21
370181,17
370182,13
370183,20
370184,0
370185,19
370186,0
370187,0
370188,0
370189,0
370190,20
370191,15
370192,0
370193,0
370194,0
370195,0
370196,28
370197,0
370198,0
370199,0
370200,0
370201,0
370202,0
370203,0
370204,13
370205,0
370206,0
370207,0
370208,12
370209,0
370210,0
370211,0
370212,23
370213,0
370214,0
370215,0
370216,0
370217,0
370218,0
370219,0
370220,0
370221,27
370222,0
370223,23
370224,0
370225,0
370226,0
370227,0
370228,0
370229,0
370230,0
370231,0
370232,0
370233,0
370234,0
370235,0
370236,0
370237,0
370238,30
370239,0
370240,15
370241,27
370242,0
370243,0
370244,0
370245,0
370246,0
370247,0
370248,0
370249,21
370250,0
370251,0
370252,0
370253,0
370254,0
370255,0
370256,0
370257,0
370258,0
370259,16
370260,17
370261,0
370262,0
370263,0
370264,26
370265,0
370266,17
370267,8
370268,0
370269,15
370270,0
370271,0
370272,14
370273,0
370274,27
370275,0
370276,0
370277,23
370278,0
370279,0
370280,20
370281,26
370282,0
370283,26
370284,0
370285,0
370286,13
370287,0
370288,0
370289,0
370290,0
370291,0
370292,16
370293,0
370294,0
370295,0
370296,44
370297,13
370298,0
370299,0
370300,0
370301,0
370302,35
370303,47
370304,0
370305,0
370306,0
370307,0
370308,69
370309,71
370310,40
370311,0
370312,0
370313,33
370314,0
370315,0
370316,0
370317,0
370318,0
370319,0
370320,0
370321,0
370322,0
370323,0
370324,0
370325,0
370326,0
370327,0
370328,0
370329,0
370330,0
370331,0
370332,0
370333,43
370334,0
370335,0
370336,0
370337,0
370338,0
370339,26
370340,0
370341,0
370342,0
370343,0
370344,0
370345,0
370346,0
370347,0
370348,41
370349,0
370350,0
370351,0
370352,55
370353,50
370354,0
370355,38
370356,0
370357,0
370358,0
370359,46
370360,0
370361,0
370362,42
370363,27
370364,52
370365,0
370366,126
370367,0
370368,54
370369,0
370370,34
370371,0
370372,0
370373,0
370374,0
370375,0
370376,0
370377,0
370378,0
370379,0
370380,0
370381,0
370382,0
370383,0
370384,0
370385,63
370386,0
370387,0
370388,31
370389,0
370390,0
370391,0
370392,0
370393,0
370394,31
370395,0
370396,29
370397,0
370398,24
370399,0
370400,0
370401,57
370402,0
370403,44
370404,0
370405,19
370406,52
370407,0
370408,0
370409,0
370410,15
370411,35
370412,82
370413,0
370414,0
370415,0
370416,0
370417,0
370418,0
370419,0
370420,0
370421,0
370422,36
370423,0
370424,0
370425,0
370426,0
370427,0
370428,45
370429,0
370430,0
370431,0
370432,0
370433,0
370434,0
370435,0
370436,0
370437,0
370438,0
370439,0
370440,78
370441,0
370442,68
370443,0
370444,0
370445,0
370446,31
370447,0
370448,0
370449,0
370450,0
370451,0
370452,0
370453,0
370454,0
370455,0
370456,0
370457,0
370458,40
370459,0
370460,0
370461,22
370462,0
370463,0
370464,0
370465,0
370466,0
370467,36
370468,51
370469,0
370470,0
370471,0
370472,0
370473,21
370474,0
370475,0
370476,22
370477,0
370478,15
370479,0
370480,0
370481,0
370482,0
370483,0
370484,0
370485,0
370486,0
370487,27
370488,0
370489,30
370490,0
370491,31
370492,0
370493,0
370494,63
370495,0
370496,0
370497,0
370498,0
370499,0
370500,0
370501,0
370502,0
370503,0
370504,0
370505,0
370506,0
370507,0
370508,49
370509,0
370510,0
370511,22
370512,58
370513,0
370514,10
370515,0
370516,0
370517,29
370518,0
370519,32
370520,0
370521,0
370522,0
370523,0
370524,0
370525,0
370526,0
370527,0
370528,0
370529,0
370530,0
370531,0
370532,0
370533,0
370534,0
370535,0
370536,25
370537,0
370538,61
370539,0
370540,0
370541,35
370542,0
370543,0
370544,0
370545,0
370546,29
370547,0
370548,0
370549,0
370550,0
370551,0
370552,37
370553,0
370554,0
370555,0
370556,0
370557,54
370558,0
370559,0
370560,35
370561,0
370562,0
370563,0
370564,0
370565,0
370566,0
370567,40
370568,0
370569,0
370570,0
370571,0
370572,0
370573,28
370574,52
370575,0
370576,0
370577,0
370578,0
370579,0
370580,41
370581,0
370582,0
370583,0
370584,26
370585,64
370586,29
370587,0
370588,50
370589,0
370590,23
370591,0
370592,35
370593,0
370594,29
370595,42
370596,0
370597,39
370598,0
370599,0
370600,0
370601,0
370602,0
370603,0
370604,0
370605,0
370606,0
370607,0
370608,0
370609,0
370610,0
370611,0
370612,0
370613,0
370614,0
370615,0
370616,0
370617,0
370618,36
370619,0
370620,15
370621,0
370622,0
370623,0
370624,0
370625,0
370626,0
370627,0
370628,0
370629,0
370630,0
370631,0
370632,0
370633,0
370634,0
370635,0
370636,14
370637,0
370638,0
370639,0
370640,0
370641,0
370642,0
370643,28
370644,0
370645,34
370646,0
370647,0
370648,0
370649,0
370650,0
370651,0
370652,0
370653,0
370654,0
370655,19
370656,0
370657,0
370658,0
370659,0
370660,14
370661,15
370662,34
370663,0
370664,0
370665,37
370666,0
370667,0
370668,0
370669,0
370670,0
370671,0
370672,0
370673,0
370674,0
370675,0
370676,0
370677,0
370678,45
370679,0
370680,0
370681,0
370682,0
370683,0
370684,0
370685,59
370686,0
370687,0
370688,0
370689,20
370690,0
370691,0
370692,0
370693,0
370694,0
370695,0
370696,21
370697,0
370698,51
370699,0
370700,0
370701,0
370702,0
370703,20
370704,0
370705,0
370706,40
370707,0
370708,57
370709,0
370710,40
370711,24
370712,39
370713,0
370714,29
370715,0
370716,0
370717,0
370718,39
370719,0
370720,50
370721,0
370722,0
370723,31
370724,0
370725,0
370726,0
370727,54
370728,70
370729,0
370730,0
370731,36
370732,0
370733,0
370734,0
370735,0
370736,25
370737,45
370738,79
370739,0
370740,0
370741,0
370742,0
370743,0
370744,0
370745,0
370746,0
370747,55
370748,0
370749,41
370750,0
370751,0
370752,0
370753,17
370754,72
370755,0
370756,20
370757,0
370758,0
370759,25
370760,0
370761,0
370762,39
370763,0
370764,0
370765,56
370766,16
370767,0
370768,0
370769,0
370770,0
370771,45
370772,19
370773,0
370774,0
370775,0
370776,33
370777,0
370778,29
370779,0
370780,0
370781,0
370782,0
370783,0
370784,0
370785,0
370786,0
370787,0
370788,0
370789,0
370790,20
370791,0
370792,0
370793,0
370794,0
370795,0
370796,0
370797,0
370798,0
370799,0
370800,58
370801,0
370802,0
370803,0
370804,34
370805,0
370806,0
370807,28
370808,0
370809,0
370810,0
370811,37
370812,0
370813,40
370814,26
370815,14
370816,30
370817,0
370818,31
370819,0
370820,30
370821,54
370822,0
370823,0
370824,0
370825,0
370826,0
370827,0
370828,0
370829,0
370830,0
370831,0
370832,0
370833,0
370834,0
370835,19
370836,0
370837,0
370838,0
370839,41
370840,0
370841,0
370842,0
370843,34
370844,0
370845,0
370846,0
370847,0
370848,0
370849,0
370850,0
370851,0
370852,0
370853,0
370854,0
370855,0
370856,0
370857,46
370858,0
370859,0
370860,29
370861,0
370862,0
370863,58
370864,0
370865,0
370866,0
370867,0
370868,0
370869,33
370870,0
370871,29
370872,0
370873,31
370874,0
370875,0
370876,0
370877,47
370878,0
370879,0
370880,0
370881,0
370882,0
370883,0
370884,0
370885,37
370886,0
370887,0
370888,0
370889,0
370890,54
370891,0
370892,0
370893,0
370894,0
370895,0
370896,81
370897,46
370898,0
370899,21
370900,0
370901,24
370902,27
370903,0
370904,0
370905,0
370906,0
370907,0
370908,0
370909,0
370910,0
370911,26
370912,0
370913,32
370914,0
370915,0
370916,0
370917,11
370918,13
370919,0
370920,19
370921,0
370922,0
370923,20
370924,0
370925,0
370926,0
370927,0
370928,0
370929,0
370930,0
370931,0
370932,24
370933,11
370934,0
370935,15
370936,0
370937,0
370938,0
370939,0
370940,0
370941,0
370942,0
370943,0
370944,0
370945,10
370946,16
370947,0
370948,0
370949,27
370950,17
370951,9
370952,0
370953,0
370954,0
370955,0
370956,0
370957,11
370958,0
370959,25
370960,0
370961,0
370962,0
370963,0
370964,22
370965,23
370966,0
370967,22
370968,10
370969,0
370970,0
370971,0
370972,13
370973,0
370974,15
370975,0
370976,8
370977,9
370978,0
370979,12
370980,0
370981,14
370982,0
370983,0
370984,0
370985,14
370986,0
370987,0
370988,0
370989,22
370990,0
370991,22
370992,0
370993,14
370994,0
370995,0
370996,0
370997,0
370998,0
370999,0
371000,0
371001,15
371002,13
371003,14
371004,0
371005,19
371006,0
371007,0
371008,15
371009,0
371010,22
371011,0
371012,0
371013,0
371014,0
371015,0
371016,19
371017,0
371018,0
371019,0
371020,0
371021,0
371022,20
371023,0
371024,0
371025,0
371026,0
371027,9
371028,16
371029,15
371030,0
371031,0
371032,0
371033,0
371034,0
371035,0
371036,13
371037,11
371038,0
371039,0
371040,0
371041,0
371042,0
371043,0
371044,0
371045,0
371046,0
371047,11
371048,0
371049,9
371050,0
371051,0
371052,23
371053,0
371054,14
371055,7
371056,0
371057,0
371058,0
371059,19
371060,0
371061,8
371062,14
371063,10
371064,0
371065,10
371066,19
371067,0
371068,0
371069,0
371070,0
371071,18
371072,0
371073,13
371074,0
371075,36
371076,19
371077,0
371078,0
371079,0
371080,0
371081,0
371082,0
371083,0
371084,0
371085,0
371086,0
371087,0
371088,0
371089,0
371090,0
371091,0
371092,0
371093,0
371094,0
371095,0
371096,17
371097,0
371098,0
371099,0
371100,0
371101,0
371102,0
371103,0
371104,17
371105,12
371106,17
371107,0
371108,0
371109,0
371110,0
371111,0
371112,17
371113,0
371114,0
371115,21
371116,0
371117,0
371118,18
371119,0
371120,0
371121,0
371122,0
371123,0
371124,0
371125,26
371126,12
371127,14
371128,26
371129,0
371130,0
371131,0
371132,0
371133,0
371134,0
371135,0
371136,0
371137,0
371138,15
371139,11
371140,0
371141,0
371142,0
371143,11
371144,5
371145,0
371146,0
371147,0
371148,14
371149,0
371150,0
371151,0
371152,0
371153,0
371154,0
371155,24
371156,21
371157,0
371158,0
371159,0
371160,24
371161,23
371162,0
371163,0
371164,0
371165,0
371166,0
371167,31
371168,0
371169,0
371170,0
371171,0
371172,0
371173,0
371174,0
371175,0
371176,0
371177,0
371178,14
371179,0
371180,0
371181,23
371182,0
371183,0
371184,0
371185,0
371186,0
371187,15
371188,0
371189,0
371190,0
371191,0
371192,24
371193,0
371194,0
371195,0
371196,0
371197,0
371198,0
371199,21
371200,0
371201,0
371202,0
371203,24
371204,0
371205,0
371206,0
371207,0
371208,19
371209,0
371210,0
371211,0
371212,23
371213,0
371214,0
371215,0
371216,0
371217,0
371218,0
371219,0
371220,17
371221,0
371222,0
371223,0
371224,0
371225,0
371226,0
371227,0
371228,0
371229,0
371230,0
371231,14
371232,0
371233,0
371234,24
371235,0
371236,35
371237,0
371238,0
371239,0
371240,0
371241,0
371242,0
371243,0
371244,24
371245,0
371246,0
371247,0
371248,0
371249,0
371250,0
371251,0
371252,0
371253,12
371254,0
371255,0
371256,0
371257,0
371258,0
371259,0
371260,27
371261,0
371262,0
371263,0
371264,0
371265,0
371266,0
371267,0
371268,0
371269,0
371270,0
371271,0
371272,0
371273,0
371274,0
371275,13
371276,13
371277,0
371278,0
371279,0
371280,0
371281,0
371282,0
371283,0
371284,10
371285,21
371286,0
371287,0
371288,0
371289,0
371290,28
371291,14
371292,0
371293,13
371294,0
371295,0
371296,0
371297,0
371298,0
371299,0
371300,21
371301,0
371302,0
371303,0
371304,15
371305,0
371306,0
371307,26
371308,0
371309,26
371310,0
371311,0
371312,0
371313,15
371314,0
371315,0
371316,0
371317,0
371318,8
371319,0
371320,0
371321,0
371322,17
371323,0
371324,0
371325,0
371326,0
371327,0
371328,0
371329,0
371330,0
371331,0
371332,0
371333,0
371334,32
371335,0
371336,0
371337,0
371338,0
371339,0
371340,0
371341,0
371342,0
371343,0
371344,0
371345,0
371346,0
371347,0
371348,0
371349,0
371350,0
371351,0
371352,0
371353,0
371354,0
371355,0
371356,0
371357,16
371358,18
371359,18
371360,0
371361,0
371362,0
371363,0
371364,0
371365,0
371366,0
371367,0
371368,0
371369,16
371370,23
371371,0
371372,0
371373,0
371374,0
371375,0
371376,7
371377,11
371378,0
371379,0
371380,0
371381,0
371382,16
371383,0
371384,0
371385,0
371386,0
371387,13
371388,0
371389,0
371390,7
371391,0
371392,22
371393,0
371394,0
371395,0
371396,0
371397,0
371398,0
371399,0
371400,0
371401,0
371402,0
371403,0
371404,0
371405,0
371406,0
371407,0
371408,0
371409,0
371410,0
371411,0
371412,0
371413,0
371414,0
371415,19
371416,0
371417,0
371418,0
371419,0
371420,14
371421,12
371422,25
371423,0
371424,11
371425,0
371426,0
371427,0
371428,0
371429,0
371430,32
371431,0
371432,0
371433,0
371434,0
371435,0
371436,0
371437,0
371438,21
371439,0
371440,0
371441,0
371442,20
371443,0
371444,0
371445,0
371446,0
371447,0
371448,0
371449,0
371450,0
371451,0
371452,0
371453,13
371454,0
371455,0
371456,0
371457,0
371458,0
371459,0
371460,0
371461,0
371462,0
371463,8
371464,0
371465,28
371466,0
371467,0
371468,0
371469,0
371470,0
371471,0
371472,0
371473,0
371474,10
371475,0
371476,0
371477,0
371478,0
371479,0
371480,0
371481,0
371482,15
371483,0
371484,10
371485,0
371486,0
371487,0
371488,0
371489,0
371490,0
371491,16
371492,0
371493,0
371494,0
371495,0
371496,0
371497,0
371498,0
371499,0
371500,0
371501,0
371502,0
371503,0
371504,0
371505,14
371506,0
371507,0
371508,0
371509,0
371510,0
371511,0
371512,0
371513,0
371514,0
371515,0
371516,0
371517,0
371518,0
371519,0
371520,0
371521,0
371522,0
371523,11
371524,0
371525,0
371526,0
371527,21
371528,0
371529,0
371530,0
371531,0
371532,0
371533,0
371534,0
371535,0
371536,0
371537,6
371538,0
371539,0
371540,0
371541,0
371542,0
371543,0
371544,0
371545,0
371546,0
371547,0
371548,0
371549,0
371550,0
371551,0
371552,0
371553,0
371554,0
371555,10
371556,26
371557,0
371558,0
371559,0
371560,24
371561,0
371562,0
371563,0
371564,0
371565,0
371566,0
371567,0
371568,0
371569,0
371570,0
371571,0
371572,0
371573,0
371574,0
371575,0
371576,0
371577,0
371578,0
371579,23
371580,0
371581,0
371582,0
371583,0
371584,0
371585,0
371586,0
371587,0
371588,0
371589,27
371590,0
371591,22
371592,0
371593,0
371594,20
371595,0
371596,0
371597,0
371598,25
371599,17
371600,0
371601,0
371602,0
371603,0
371604,0
371605,0
371606,0
371607,0
371608,0
371609,0
371610,0
371611,0
371612,0
371613,0
371614,14
371615,0
371616,0
371617,0
371618,0
371619,0
371620,0
371621,0
371622,0
371623,10
371624,0
371625,0
371626,0
371627,0
371628,17
371629,0
371630,0
371631,0
371632,0
371633,0
371634,0
371635,0
371636,0
371637,12
371638,0
371639,0
371640,0
371641,0
371642,0
371643,29
371644,0
371645,0
371646,0
371647,0
371648,0
371649,0
371650,0
371651,0
371652,0
371653,0
371654,19
371655,0
371656,0
371657,0
371658,0
371659,31
371660,0
371661,0
371662,14
371663,21
371664,0
371665,0
371666,0
371667,0
371668,0
371669,0
371670,0
371671,36
371672,0
371673,0
371674,0
371675,0
371676,0
371677,0
371678,0
371679,18
371680,15
371681,33
371682,0
371683,0
371684,25
371685,0
371686,0
371687,20
371688,0
371689,0
371690,0
371691,0
371692,0
371693,0
371694,0
371695,0
371696,0
371697,0
371698,0
371699,0
371700,0
371701,18
371702,0
371703,0
371704,0
371705,25
371706,0
371707,0
371708,24
371709,0
371710,0
371711,0
371712,0
371713,0
371714,0
371715,0
371716,0
371717,24
371718,15
371719,0
371720,0
371721,0
371722,0
371723,0
371724,0
371725,0
371726,0
371727,0
371728,0
371729,19
371730,0
371731,0
371732,0
371733,0
371734,0
371735,0
371736,0
371737,0
371738,0
371739,0
371740,0
371741,0
371742,0
371743,0
371744,0
371745,0
371746,0
371747,0
371748,0
371749,0
371750,0
371751,0
371752,0
371753,0
371754,16
371755,25
371756,0
371757,0
371758,0
371759,0
371760,0
371761,0
371762,0
371763,0
371764,0
371765,0
371766,0
371767,0
371768,0
371769,0
371770,0
371771,0
371772,19
371773,14
371774,0
371775,17
371776,0
371777,0
371778,0
371779,0
371780,18
371781,0
371782,0
371783,16
371784,0
371785,0
371786,0
371787,0
371788,0
371789,0
371790,0
371791,0
371792,0
371793,0
371794,22
371795,0
371796,0
371797,0
371798,0
371799,0
371800,28
371801,0
371802,0
371803,0
371804,0
371805,0
371806,0
371807,0
371808,0
371809,0
371810,0
371811,18
371812,25
371813,0
371814,0
371815,28
371816,15
371817,0
371818,0
371819,32
371820,0
371821,0
371822,0
371823,0
371824,0
371825,0
371826,0
371827,0
371828,0
371829,0
371830,0
371831,0
371832,0
371833,0
371834,0
371835,0
371836,0
371837,0
371838,18
371839,0
371840,0
371841,0
371842,0
371843,0
371844,0
371845,0
371846,0
371847,0
371848,0
371849,0
371850,12
371851,0
371852,0
371853,18
371854,0
371855,0
371856,0
371857,0
371858,0
371859,0
371860,0
371861,0
371862,0
371863,0
371864,0
371865,0
371866,0
371867,0
371868,0
371869,0
371870,0
371871,23
371872,0
371873,0
371874,0
371875,0
371876,0
371877,0
371878,0
371879,23
371880,0
371881,0
371882,0
371883,20
371884,0
371885,27
371886,0
371887,0
371888,0
371889,0
371890,0
371891,0
371892,0
371893,18
371894,13
371895,0
371896,0
371897,0
371898,0
371899,0
371900,0
371901,0
371902,0
371903,0
371904,0
371905,0
371906,20
371907,0
371908,0
371909,0
371910,0
371911,0
371912,21
371913,0
371914,0
371915,0
371916,0
371917,0
371918,0
371919,0
371920,23
371921,0
371922,0
371923,18
371924,0
371925,0
371926,23
371927,0
371928,16
371929,0
371930,0
371931,0
371932,0
371933,0
371934,0
371935,0
371936,0
371937,0
371938,0
371939,0
371940,0
371941,0
371942,0
371943,0
371944,0
371945,0
371946,0
371947,0
371948,0
371949,0
371950,0
371951,0
371952,0
371953,0
371954,0
371955,0
371956,0
371957,0
371958,0
371959,0
371960,0
371961,0
371962,0
371963,0
371964,0
371965,13
371966,0
371967,0
371968,0
371969,0
371970,0
371971,0
371972,0
371973,0
371974,19
371975,0
371976,22
371977,0
371978,0
371979,18
371980,15
371981,0
371982,0
371983,0
371984,0
371985,0
371986,0
371987,0
371988,0
371989,0
371990,0
371991,17
371992,19
371993,0
371994,0
371995,0
371996,0
371997,0
371998,0
371999,0
372000,0
372001,0
372002,0
372003,0
372004,0
372005,0
372006,0
372007,0
372008,0
372009,13
372010,0
372011,0
372012,0
372013,0
372014,0
372015,0
372016,0
372017,0
372018,0
372019,8
372020,0
372021,0
372022,0
372023,0
372024,0
372025,0
372026,0
372027,3
372028,0
372029,0
372030,0
372031,0
372032,0
372033,4
372034,3
372035,0
372036,0
372037,4
372038,0
372039,0
372040,5
372041,0
372042,0
372043,0
372044,0
372045,0
372046,5
372047,0
372048,0
372049,0
372050,2
372051,0
372052,6
372053,0
372054,0
372055,6
372056,0
372057,0
372058,0
372059,8
372060,0
372061,0
372062,0
372063,4
372064,0
372065,0
372066,0
372067,0
372068,0
372069,0
372070,2
372071,0
372072,3
372073,0
372074,0
372075,0
372076,0
372077,0
372078,0
372079,4
372080,0
372081,0
372082,2
372083,0
372084,0
372085,0
372086,0
372087,0
372088,0
372089,0
372090,0
372091,2
372092,0
372093,1
372094,0
372095,2
372096,0
372097,2
372098,0
372099,0
372100,0
372101,1
372102,0
372103,0
372104,5
372105,0
372106,0
372107,0
372108,0
372109,4
372110,0
372111,4
372112,1
372113,0
372114,0
372115,0
372116,0
372117,0
372118,0
372119,0
372120,0
372121,0
372122,0
372123,0
372124,1
372125,0
372126,2
372127,1
372128,0
372129,0
372130,0
372131,0
372132,7
372133,0
372134,0
372135,0
372136,0
372137,6
372138,0
372139,0
372140,0
372141,0
372142,3
372143,0
372144,2
372145,2
372146,0
372147,0
372148,0
372149,0
372150,0
372151,0
372152,0
372153,0
372154,3
372155,0
372156,0
372157,3
372158,0
372159,0
372160,8
372161,5
372162,3
372163,4
372164,0
372165,0
372166,0
372167,2
372168,9
372169,0
372170,0
372171,5
372172,0
372173,3
372174,0
372175,0
372176,0
372177,0
372178,0
372179,2
372180,0
372181,0
372182,0
372183,0
372184,1
372185,0
372186,0
372187,0
372188,1
372189,0
372190,0
372191,0
372192,0
372193,0
372194,0
372195,6
372196,3
372197,3
372198,0
372199,0
372200,0
372201,0
372202,0
372203,0
372204,0
372205,0
372206,0
372207,0
372208,4
372209,0
372210,0
372211,0
372212,7
372213,2
372214,0
372215,0
372216,0
372217,0
372218,0
372219,0
372220,0
372221,0
372222,2
372223,0
372224,0
372225,3
372226,0
372227,0
372228,0
372229,3
372230,1
372231,0
372232,0
372233,0
372234,3
372235,0
372236,0
372237,0
372238,0
372239,3
372240,0
372241,2
372242,3
372243,3
372244,5
372245,0
372246,0
372247,0
372248,6
372249,0
372250,0
372251,0
372252,0
372253,0
372254,0
372255,0
372256,0
372257,0
372258,1
372259,7
372260,0
372261,5
372262,0
372263,0
372264,0
372265,0
372266,0
372267,0
372268,6
372269,0
372270,2
372271,0
372272,2
372273,0
372274,1
372275,1
372276,0
372277,0
372278,0
372279,2
372280,0
372281,4
372282,0
372283,0
372284,0
372285,0
372286,0
372287,0
372288,0
372289,0
372290,0
372291,0
372292,0
372293,2
372294,0
372295,0
372296,0
372297,3
372298,0
372299,3
372300,0
372301,0
372302,0
372303,0
372304,0
372305,0
372306,0
372307,6
372308,0
372309,0
372310,0
372311,0
372312,0
372313,0
372314,0
372315,3
372316,0
372317,0
372318,0
372319,0
372320,2
372321,0
372322,0
372323,0
372324,0
372325,0
372326,2
372327,0
372328,0
372329,3
372330,0
372331,0
372332,0
372333,3
372334,0
372335,1
372336,0
372337,0
372338,5
372339,0
372340,0
372341,0
372342,0
372343,0
372344,0
372345,0
372346,0
372347,1
372348,0
372349,3
372350,2
372351,0
372352,0
372353,0
372354,0
372355,0
372356,0
372357,0
372358,0
372359,0
372360,0
372361,1
372362,2
372363,0
372364,0
372365,0
372366,0
372367,0
372368,4
372369,0
372370,0
372371,0
372372,0
372373,2
372374,0
372375,0
372376,0
372377,0
372378,1
372379,0
372380,0
372381,0
372382,3
372383,2
372384,0
372385,0
372386,0
372387,3
372388,0
372389,0
372390,0
372391,0
372392,4
372393,0
372394,0
372395,0
372396,0
372397,0
372398,0
372399,0
372400,0
372401,1
372402,0
372403,0
372404,3
372405,0
372406,1
372407,0
372408,6
372409,0
372410,0
372411,0
372412,0
372413,1
372414,0
372415,0
372416,0
372417,0
372418,0
372419,0
372420,0
372421,0
372422,0
372423,4
372424,0
372425,0
372426,0
372427,0
372428,0
372429,0
372430,0
372431,0
372432,0
372433,0
372434,0
372435,5
372436,0
372437,0
372438,3
372439,0
372440,0
372441,0
372442,0
372443,2
372444,0
372445,4
372446,0
372447,0
372448,0
372449,3
372450,0
372451,0
372452,6
372453,1
372454,3
372455,0
372456,0
372457,0
372458,0
372459,0
372460,2
372461,0
372462,0
372463,3
372464,0
372465,0
372466,2
372467,1
372468,0
372469,0
372470,0
372471,0
372472,0
372473,4
372474,0
372475,0
372476,0
372477,0
372478,0
372479,5
372480,0
372481,0
372482,0
372483,0
372484,0
372485,0
372486,2
372487,0
372488,2
372489,0
372490,0
372491,0
372492,0
372493,0
372494,0
372495,0
372496,0
372497,0
372498,0
372499,0
372500,2
372501,0
372502,0
372503,0
372504,0
372505,0
372506,4
372507,0
372508,0
372509,0
372510,0
372511,0
372512,0
372513,0
372514,1
372515,0
372516,0
372517,0
372518,0
372519,0
372520,0
372521,0
372522,0
372523,3
372524,2
372525,2
372526,2
372527,4
372528,0
372529,0
372530,6
372531,0
372532,0
372533,0
372534,0
372535,0
372536,0
372537,0
372538,0
372539,0
372540,0
372541,0
372542,0
372543,0
372544,0
372545,6
372546,5
372547,0
372548,0
372549,1
372550,3
372551,6
372552,1
372553,0
372554,0
372555,2
372556,0
372557,4
372558,0
372559,0
372560,0
372561,0
372562,0
372563,0
372564,3
372565,0
372566,0
372567,1
372568,0
372569,3
372570,0
372571,0
372572,0
372573,0
372574,0
372575,0
372576,0
372577,0
372578,0
372579,0
372580,2
372581,0
372582,0
372583,3
372584,0
372585,0
372586,0
372587,0
372588,0
372589,0
372590,2
372591,0
372592,0
372593,0
372594,4
372595,0
372596,0
372597,0
372598,0
372599,0
372600,0
372601,5
372602,3
372603,0
372604,3
372605,0
372606,0
372607,0
372608,0
372609,0
372610,0
372611,0
372612,2
372613,5
372614,0
372615,0
372616,5
372617,9
372618,0
372619,0
372620,0
372621,0
372622,0
372623,1
372624,4
372625,0
372626,0
372627,3
372628,2
372629,0
372630,0
372631,0
372632,1
372633,0
372634,4
372635,2
372636,3
372637,6
372638,0
372639,0
372640,5
372641,3
372642,0
372643,0
372644,0
372645,0
372646,0
372647,2
372648,0
372649,0
372650,0
372651,0
372652,3
372653,0
372654,0
372655,3
372656,0
372657,0
372658,0
372659,0
372660,4
372661,3
372662,0
372663,3
372664,3
372665,0
372666,0
372667,0
372668,0
372669,0
372670,0
372671,0
372672,0
372673,5
372674,0
372675,5
372676,0
372677,4
372678,0
372679,0
372680,0
372681,2
372682,4
372683,3
372684,0
372685,6
372686,0
372687,3
372688,3
372689,0
372690,0
372691,0
372692,0
372693,1
372694,0
372695,0
372696,4
372697,1
372698,6
372699,1
372700,0
372701,0
372702,4
372703,2
372704,2
372705,0
372706,2
372707,0
372708,0
372709,0
372710,0
372711,0
372712,4
372713,4
372714,0
372715,0
372716,0
372717,0
372718,0
372719,1
372720,0
372721,0
372722,3
372723,3
372724,0
372725,0
372726,0
372727,0
372728,0
372729,0
372730,0
372731,0
372732,1
372733,0
372734,0
372735,0
372736,0
372737,0
372738,0
372739,0
372740,0
372741,0
372742,0
372743,0
372744,0
372745,0
372746,0
372747,0
372748,3
372749,5
372750,0
372751,0
372752,0
372753,0
372754,0
372755,4
372756,0
372757,0
372758,4
372759,0
372760,0
372761,0
372762,0
372763,9
372764,0
372765,0
372766,0
372767,0
372768,0
372769,5
372770,0
372771,0
372772,0
372773,0
372774,0
372775,5
372776,0
372777,2
372778,6
372779,0
372780,0
372781,0
372782,2
372783,0
372784,1
372785,6
372786,1
372787,0
372788,0
372789,0
372790,0
372791,0
372792,0
372793,0
372794,0
372795,0
372796,0
372797,0
372798,4
372799,0
372800,0
372801,0
372802,0
372803,0
372804,0
372805,0
372806,0
372807,0
372808,0
372809,3
372810,0
372811,0
372812,0
372813,0
372814,3
372815,0
372816,0
372817,0
372818,0
372819,3
372820,2
372821,0
372822,0
372823,0
372824,0
372825,0
372826,0
372827,2
372828,2
372829,5
372830,0
372831,0
372832,0
372833,0
372834,0
372835,0
372836,0
372837,0
372838,0
372839,0
372840,0
372841,0
372842,4
372843,0
372844,0
372845,6
372846,0
372847,0
372848,0
372849,0
372850,0
372851,0
372852,4
372853,0
372854,0
372855,0
372856,0
372857,1
372858,8
372859,0
372860,0
372861,0
372862,0
372863,0
372864,0
372865,0
372866,3
372867,0
372868,0
372869,0
372870,0
372871,0
372872,0
372873,5
372874,0
372875,2
372876,0
372877,3
372878,0
372879,0
372880,0
372881,4
372882,1
372883,0
372884,0
372885,0
372886,2
372887,0
372888,3
372889,0
372890,0
372891,0
372892,0
372893,0
372894,0
372895,0
372896,1
372897,0
372898,0
372899,0
372900,0
372901,0
372902,7
372903,2
372904,0
372905,4
372906,0
372907,0
372908,0
372909,0
372910,4
372911,0
372912,0
372913,0
372914,0
372915,0
372916,0
372917,0
372918,3
372919,2
372920,0
372921,1
372922,6
372923,0
372924,4
372925,0
372926,0
372927,0
372928,3
372929,0
372930,0
372931,5
372932,0
372933,10
372934,0
372935,0
372936,0
372937,0
372938,4
372939,0
372940,0
372941,0
372942,0
372943,0
372944,0
372945,0
372946,4
372947,0
372948,0
372949,0
372950,0
372951,0
372952,0
372953,4
372954,0
372955,4
372956,0
372957,0
372958,0
372959,0
372960,0
372961,0
372962,0
372963,2
372964,0
372965,0
372966,24
372967,0
372968,0
372969,0
372970,22
372971,0
372972,0
372973,17
372974,0
372975,0
372976,21
372977,0
372978,0
372979,21
372980,25
372981,0
372982,28
372983,0
372984,16
372985,0
372986,0
372987,14
372988,0
372989,20
372990,0
372991,0
372992,32
372993,0
372994,23
372995,21
372996,22
372997,0
372998,0
372999,0
373000,14
373001,16
373002,34
373003,0
373004,23
373005,17
373006,0
373007,0
373008,0
373009,0
373010,0
373011,0
373012,0
373013,0
373014,0
373015,0
373016,27
373017,0
373018,23
373019,0
373020,16
373021,0
373022,0
373023,23
373024,0
373025,17
373026,0
373027,0
373028,0
373029,22
373030,0
373031,0
373032,0
373033,0
373034,14
373035,0
373036,0
373037,0
373038,0
373039,0
373040,21
373041,39
373042,0
373043,22
373044,0
373045,0
373046,0
373047,0
373048,0
373049,0
373050,0
373051,0
373052,0
373053,0
373054,0
373055,0
373056,0
373057,12
373058,26
373059,0
373060,0
373061,18
373062,0
373063,0
373064,31
373065,0
373066,0
373067,0
373068,0
373069,0
373070,18
373071,23
373072,28
373073,0
373074,0
373075,21
373076,0
373077,19
373078,0
373079,25
373080,28
373081,28
373082,0
373083,0
373084,0
373085,0
373086,0
373087,0
373088,0
373089,0
373090,0
373091,0
373092,0
373093,0
373094,22
373095,0
373096,0
373097,0
373098,15
373099,0
373100,0
373101,0
373102,0
373103,0
373104,23
373105,0
373106,0
373107,0
373108,24
373109,0
373110,0
373111,0
373112,0
373113,0
373114,0
373115,0
373116,0
373117,0
373118,24
373119,20
373120,0
373121,0
373122,16
373123,0
373124,0
373125,0
373126,0
373127,0
373128,0
373129,0
373130,23
373131,23
373132,0
373133,22
373134,27
373135,0
373136,11
373137,24
373138,0
373139,0
373140,9
373141,0
373142,24
373143,0
373144,18
373145,0
373146,0
373147,0
373148,0
373149,28
373150,0
373151,0
373152,22
373153,18
373154,0
373155,0
373156,19
373157,0
373158,0
373159,23
373160,0
373161,0
373162,0
373163,0
373164,0
373165,0
373166,29
373167,0
373168,0
373169,0
373170,20
373171,0
373172,0
373173,0
373174,20
373175,0
373176,25
373177,0
373178,0
373179,0
373180,0
373181,0
373182,0
373183,0
373184,10
373185,24
373186,0
373187,22
373188,0
373189,0
373190,0
373191,0
373192,0
373193,0
373194,36
373195,0
373196,20
373197,0
373198,0
373199,0
373200,0
373201,0
373202,0
373203,0
373204,0
373205,0
373206,28
373207,0
373208,0
373209,0
373210,0
373211,0
373212,0
373213,0
373214,0
373215,0
373216,0
373217,0
373218,0
373219,17
373220,0
373221,32
373222,22
373223,0
373224,0
373225,22
373226,0
373227,0
373228,18
373229,0
373230,14
373231,0
373232,16
373233,0
373234,0
373235,29
373236,24
373237,0
373238,0
373239,0
373240,0
373241,0
373242,0
373243,0
373244,0
373245,21
373246,0
373247,0
373248,0
373249,0
373250,0
373251,0
373252,0
373253,0
373254,33
373255,0
373256,17
373257,18
373258,20
373259,0
373260,0
373261,0
373262,26
373263,0
373264,0
373265,0
373266,0
373267,0
373268,30
373269,0
373270,0
373271,19
373272,0
373273,0
373274,0
373275,19
373276,0
373277,0
373278,17
373279,0
373280,0
373281,0
373282,0
373283,0
373284,0
373285,0
373286,23
373287,0
373288,0
373289,21
373290,0
373291,0
373292,0
373293,0
373294,19
373295,0
373296,16
373297,0
373298,0
373299,21
373300,0
373301,26
373302,0
373303,0
373304,22
373305,0
373306,0
373307,0
373308,21
373309,0
373310,0
373311,26
373312,0
373313,0
373314,0
373315,0
373316,0
373317,0
373318,21
373319,0
373320,0
373321,0
373322,0
373323,0
373324,0
373325,0
373326,0
373327,0
373328,16
373329,0
373330,0
373331,0
373332,0
373333,0
373334,0
373335,0
373336,0
373337,0
373338,0
373339,0
373340,32
373341,0
373342,25
373343,19
373344,0
373345,0
373346,27
373347,0
373348,15
373349,0
373350,0
373351,30
373352,0
373353,0
373354,0
373355,0
373356,0
373357,25
373358,19
373359,0
373360,22
373361,0
373362,28
373363,0
373364,0
373365,35
373366,0
373367,0
373368,0
373369,0
373370,0
373371,0
373372,0
373373,0
373374,0
373375,0
373376,0
373377,0
373378,24
373379,0
373380,0
373381,0
373382,19
373383,16
373384,15
373385,0
373386,14
373387,0
373388,24
373389,0
373390,12
373391,0
373392,21
373393,0
373394,21
373395,0
373396,16
373397,0
373398,0
373399,20
373400,0
373401,0
373402,0
373403,0
373404,0
373405,0
373406,23
373407,0
373408,0
373409,0
373410,0
373411,0
373412,31
373413,0
373414,0
373415,19
373416,0
373417,0
373418,0
373419,0
373420,0
373421,33
373422,21
373423,18
373424,0
373425,0
373426,25
373427,23
373428,27
373429,0
373430,0
373431,27
373432,18
373433,23
373434,25
373435,0
373436,27
373437,0
373438,0
373439,0
373440,0
373441,0
373442,0
373443,0
373444,0
373445,0
373446,17
373447,15
373448,0
373449,0
373450,21
373451,27
373452,0
373453,0
373454,0
373455,17
373456,0
373457,0
373458,0
373459,13
373460,0
373461,20
373462,0
373463,0
373464,0
373465,0
373466,0
373467,0
373468,0
373469,0
373470,0
373471,0
373472,21
373473,0
373474,0
373475,18
373476,14
373477,0
373478,18
373479,0
373480,19
373481,0
373482,37
373483,27
373484,0
373485,16
373486,23
373487,26
373488,0
373489,0
373490,0
373491,25
373492,20
373493,0
373494,0
373495,17
373496,21
373497,28
373498,0
373499,30
373500,0
373501,18
373502,0
373503,31
373504,0
373505,20
373506,19
373507,24
373508,0
373509,26
373510,0
373511,0
373512,23
373513,0
373514,0
373515,0
373516,0
373517,0
373518,0
373519,0
373520,0
373521,0
373522,21
373523,19
373524,0
373525,0
373526,22
373527,19
373528,0
373529,0
373530,0
373531,16
373532,0
373533,0
373534,0
373535,0
373536,30
373537,0
373538,0
373539,18
373540,26
373541,22
373542,18
373543,0
373544,14
373545,0
373546,0
373547,0
373548,0
373549,23
373550,0
373551,0
373552,0
373553,0
373554,17
373555,0
373556,0
373557,0
373558,30
373559,0
373560,32
373561,0
373562,0
373563,22
373564,21
373565,17
373566,18
373567,33
373568,0
373569,0
373570,0
373571,0
373572,0
373573,12
373574,0
373575,0
373576,0
373577,0
373578,15
373579,0
373580,21
373581,0
373582,0
373583,13
373584,0
373585,0
373586,0
373587,0
373588,0
373589,26
373590,27
373591,9
373592,0
373593,0
373594,22
373595,0
373596,14
373597,0
373598,0
373599,0
373600,0
373601,0
373602,0
373603,0
373604,21
373605,0
373606,0
373607,23
373608,0
373609,0
373610,0
373611,0
373612,23
373613,0
373614,0
373615,0
373616,0
373617,0
373618,24
373619,0
373620,0
373621,19
373622,33
373623,0
373624,0
373625,27
373626,0
373627,0
373628,0
373629,0
373630,0
373631,0
373632,22
373633,0
373634,0
373635,0
373636,25
373637,0
373638,0
373639,0
373640,0
373641,21
373642,16
373643,0
373644,0
373645,0
373646,23
373647,0
373648,0
373649,0
373650,0
373651,17
373652,0
373653,0
373654,31
373655,0
373656,26
373657,0
373658,0
373659,0
373660,0
373661,0
373662,0
373663,32
373664,0
373665,30
373666,22
373667,0
373668,0
373669,8
373670,0
373671,0
373672,0
373673,16
373674,0
373675,0
373676,0
373677,0
373678,22
373679,0
373680,0
373681,16
373682,23
373683,0
373684,23
373685,0
373686,0
373687,0
373688,28
373689,0
373690,17
373691,0
373692,0
373693,0
373694,23
373695,0
373696,0
373697,13
373698,0
373699,0
373700,0
373701,23
373702,0
373703,33
373704,0
373705,0
373706,0
373707,0
373708,0
373709,30
373710,0
373711,27
373712,16
373713,0
373714,0
373715,25
373716,0
373717,0
373718,0
373719,0
373720,0
373721,0
373722,0
373723,0
373724,0
373725,0
373726,0
373727,0
373728,0
373729,0
373730,0
373731,0
373732,0
373733,0
373734,0
373735,0
373736,0
373737,0
373738,0
373739,0
373740,0
373741,0
373742,0
373743,0
373744,0
373745,0
373746,0
373747,0
373748,0
373749,0
373750,0
373751,0
373752,0
373753,0
373754,0
373755,0
373756,0
373757,0
373758,0
373759,0
373760,0
373761,0
373762,0
373763,0
373764,0
373765,0
373766,0
373767,0
373768,0
373769,0
373770,0
373771,0
373772,0
373773,0
373774,0
373775,0
373776,0
373777,0
373778,0
373779,0
373780,0
373781,0
373782,0
373783,0
373784,0
373785,0
373786,0
373787,0
373788,0
373789,0
373790,0
373791,0
373792,0
373793,0
373794,0
373795,0
373796,0
373797,0
373798,0
373799,0
373800,0
373801,0
373802,0
373803,0
373804,0
373805,0
373806,0
373807,0
373808,0
373809,0
373810,0
373811,0
373812,0
373813,0
373814,0
373815,0
373816,0
373817,0
373818,0
373819,0
373820,0
373821,0
373822,0
373823,0
373824,0
373825,0
373826,0
373827,0
373828,0
373829,0
373830,0
373831,0
373832,0
373833,0
373834,0
373835,0
373836,0
373837,0
373838,0
373839,0
373840,0
373841,0
373842,0
373843,0
373844,0
373845,0
373846,0
373847,0
373848,0
373849,0
373850,0
373851,0
373852,0
373853,0
373854,0
373855,0
373856,0
373857,0
373858,0
373859,0
373860,0
373861,0
373862,0
373863,0
373864,0
373865,0
373866,0
373867,0
373868,0
373869,0
373870,0
373871,0
373872,0
373873,0
373874,0
373875,0
373876,0
373877,0
373878,0
373879,0
373880,0
373881,0
373882,0
373883,0
373884,0
373885,0
373886,0
373887,0
373888,0
373889,0
373890,0
373891,0
373892,0
373893,0
373894,0
373895,0
373896,0
373897,0
373898,0
373899,0
373900,0
373901,0
373902,0
373903,0
373904,0
373905,0
373906,0
373907,0
373908,0
373909,0
373910,0
373911,0
373912,0
373913,0
373914,0
373915,0
373916,0
373917,0
373918,0
373919,0
373920,0
373921,0
373922,0
373923,0
373924,0
373925,0
373926,0
373927,0
373928,0
373929,0
373930,0
373931,0
373932,0
373933,0
373934,0
373935,0
373936,0
373937,0
373938,0
373939,0
373940,0
373941,0
373942,0
373943,0
373944,0
373945,0
373946,0
373947,0
373948,0
373949,0
373950,0
373951,0
373952,0
373953,0
373954,0
373955,0
373956,0
373957,0
373958,0
373959,0
373960,0
373961,0
373962,0
373963,0
373964,0
373965,0
373966,0
373967,0
373968,0
373969,0
373970,0
373971,0
373972,0
373973,0
373974,0
373975,0
373976,0
373977,0
373978,0
373979,0
373980,0
373981,0
373982,0
373983,0
373984,0
373985,0
373986,0
373987,0
373988,0
373989,0
373990,0
373991,0
373992,0
373993,0
373994,0
373995,0
373996,0
373997,0
373998,0
373999,0
374000,0
374001,0
374002,0
374003,0
374004,0
374005,0
374006,0
374007,0
374008,0
374009,0
374010,0
374011,0
374012,0
374013,0
374014,0
374015,0
374016,0
374017,0
374018,0
374019,0
374020,0
374021,0
374022,0
374023,0
374024,0
374025,0
374026,0
374027,0
374028,0
374029,0
374030,0
374031,0
374032,0
374033,0
374034,0
374035,0
374036,0
374037,0
374038,1
374039,0
374040,0
374041,0
374042,0
374043,0
374044,0
374045,0
374046,0
374047,0
374048,0
374049,0
374050,1
374051,0
374052,0
374053,0
374054,0
374055,0
374056,0
374057,0
374058,0
374059,0
374060,0
374061,0
374062,0
374063,0
374064,0
374065,0
374066,0
374067,0
374068,0
374069,0
374070,0
374071,0
374072,0
374073,0
374074,0
374075,0
374076,0
374077,0
374078,0
374079,0
374080,0
374081,0
374082,0
374083,0
374084,0
374085,0
374086,0
374087,0
374088,0
374089,0
374090,0
374091,0
374092,0
374093,0
374094,0
374095,0
374096,0
374097,0
374098,0
374099,0
374100,0
374101,0
374102,0
374103,0
374104,0
374105,0
374106,0
374107,0
374108,0
374109,0
374110,0
374111,0
374112,0
374113,0
374114,0
374115,0
374116,0
374117,0
374118,0
374119,0
374120,0
374121,0
374122,0
374123,0
374124,0
374125,0
374126,0
374127,0
374128,0
374129,0
374130,0
374131,0
374132,0
374133,0
374134,0
374135,0
374136,0
374137,0
374138,0
374139,0
374140,0
374141,0
374142,0
374143,0
374144,0
374145,0
374146,0
374147,0
374148,0
374149,0
374150,0
374151,0
374152,0
374153,0
374154,0
374155,0
374156,0
374157,0
374158,0
374159,0
374160,0
374161,0
374162,0
374163,0
374164,0
374165,0
374166,0
374167,0
374168,0
374169,0
374170,0
374171,0
374172,0
374173,0
374174,0
374175,0
374176,0
374177,0
374178,0
374179,0
374180,0
374181,0
374182,0
374183,0
374184,0
374185,0
374186,0
374187,0
374188,0
374189,0
374190,0
374191,0
374192,0
374193,0
374194,0
374195,0
374196,0
374197,0
374198,0
374199,0
374200,0
374201,0
374202,0
374203,0
374204,0
374205,0
374206,0
374207,0
374208,0
374209,0
374210,0
374211,0
374212,0
374213,0
374214,0
374215,0
374216,0
374217,0
374218,0
374219,0
374220,0
374221,0
374222,0
374223,0
374224,0
374225,0
374226,0
374227,0
374228,0
374229,0
374230,1
374231,0
374232,0
374233,0
374234,0
374235,0
374236,0
374237,0
374238,0
374239,0
374240,0
374241,0
374242,0
374243,0
374244,0
374245,0
374246,0
374247,0
374248,0
374249,0
374250,0
374251,0
374252,0
374253,0
374254,0
374255,0
374256,0
374257,0
374258,0
374259,0
374260,0
374261,0
374262,0
374263,0
374264,0
374265,0
374266,0
374267,0
374268,0
374269,0
374270,0
374271,0
374272,0
374273,0
374274,0
374275,0
374276,0
374277,0
374278,0
374279,0
374280,0
374281,0
374282,0
374283,0
374284,0
374285,0
374286,0
374287,0
374288,0
374289,0
374290,0
374291,0
374292,0
374293,0
374294,0
374295,0
374296,0
374297,0
374298,0
374299,0
374300,0
374301,0
374302,0
374303,0
374304,0
374305,0
374306,0
374307,0
374308,0
374309,0
374310,0
374311,0
374312,0
374313,0
374314,0
374315,0
374316,0
374317,0
374318,0
374319,0
374320,0
374321,0
374322,0
374323,0
374324,0
374325,0
374326,0
374327,0
374328,0
374329,0
374330,0
374331,0
374332,0
374333,0
374334,0
374335,0
374336,0
374337,0
374338,0
374339,0
374340,0
374341,0
374342,0
374343,0
374344,0
374345,0
374346,0
374347,0
374348,0
374349,0
374350,0
374351,0
374352,0
374353,0
374354,0
374355,0
374356,0
374357,0
374358,0
374359,0
374360,0
374361,0
374362,0
374363,0
374364,0
374365,0
374366,0
374367,0
374368,0
374369,0
374370,0
374371,0
374372,0
374373,0
374374,0
374375,0
374376,0
374377,0
374378,0
374379,0
374380,0
374381,0
374382,0
374383,0
374384,0
374385,0
374386,0
374387,0
374388,0
374389,0
374390,0
374391,0
374392,0
374393,0
374394,0
374395,0
374396,0
374397,0
374398,0
374399,0
374400,0
374401,0
374402,0
374403,0
374404,0
374405,0
374406,0
374407,0
374408,0
374409,0
374410,0
374411,0
374412,0
374413,0
374414,0
374415,0
374416,0
374417,0
374418,0
374419,0
374420,0
374421,0
374422,0
374423,0
374424,0
374425,0
374426,0
374427,0
374428,0
374429,0
374430,0
374431,0
374432,0
374433,0
374434,0
374435,0
374436,0
374437,0
374438,0
374439,0
374440,0
374441,0
374442,0
374443,0
374444,0
374445,0
374446,0
374447,0
374448,0
374449,0
374450,0
374451,0
374452,0
374453,0
374454,0
374455,0
374456,0
374457,0
374458,0
374459,0
374460,0
374461,0
374462,0
374463,0
374464,0
374465,0
374466,0
374467,0
374468,0
374469,0
374470,0
374471,0
374472,0
374473,0
374474,0
374475,0
374476,0
374477,0
374478,0
374479,1
374480,0
374481,0
374482,0
374483,0
374484,0
374485,0
374486,0
374487,0
374488,0
374489,0
374490,0
374491,0
374492,0
374493,0
374494,0
374495,0
374496,0
374497,0
374498,0
374499,0
374500,0
374501,0
374502,0
374503,0
374504,0
374505,0
374506,0
374507,0
374508,0
374509,0
374510,0
374511,0
374512,0
374513,0
374514,0
374515,0
374516,0
374517,0
374518,0
374519,0
374520,0
374521,0
374522,0
374523,0
374524,0
374525,0
374526,0
374527,1
374528,0
374529,0
374530,0
374531,0
374532,0
374533,0
374534,0
374535,0
374536,0
374537,0
374538,40
374539,0
374540,0
374541,0
374542,30
374543,0
374544,0
374545,0
374546,0
374547,0
374548,0
374549,0
374550,0
374551,37
374552,39
374553,0
374554,0
374555,29
374556,0
374557,0
374558,0
374559,22
374560,0
374561,17
374562,0
374563,0
374564,0
374565,0
374566,0
374567,0
374568,27
374569,0
374570,0
374571,57
374572,0
374573,0
374574,0
374575,0
374576,0
374577,34
374578,36
374579,36
374580,34
374581,0
374582,33
374583,20
374584,0
374585,0
374586,0
374587,0
374588,0
374589,0
374590,16
374591,0
374592,32
374593,0
374594,0
374595,0
374596,36
374597,0
374598,0
374599,29
374600,26
374601,0
374602,0
374603,38
374604,0
374605,0
374606,0
374607,0
374608,0
374609,0
374610,0
374611,0
374612,0
374613,30
374614,0
374615,0
374616,44
374617,12
374618,0
374619,0
374620,45
374621,0
374622,0
374623,0
374624,0
374625,0
374626,28
374627,0
374628,0
374629,0
374630,21
374631,29
374632,48
374633,0
374634,0
374635,0
374636,0
374637,0
374638,0
374639,0
374640,38
374641,0
374642,42
374643,0
374644,0
374645,0
374646,0
374647,0
374648,0
374649,27
374650,0
374651,0
374652,0
374653,0
374654,0
374655,0
374656,0
374657,0
374658,0
374659,0
374660,0
374661,0
374662,37
374663,0
374664,0
374665,0
374666,0
374667,0
374668,0
374669,0
374670,0
374671,0
374672,0
374673,0
374674,0
374675,0
374676,0
374677,0
374678,0
374679,0
374680,0
374681,0
374682,0
374683,0
374684,0
374685,0
374686,24
374687,0
374688,0
374689,17
374690,0
374691,15
374692,0
374693,0
374694,0
374695,0
374696,0
374697,0
374698,0
374699,0
374700,31
374701,0
374702,0
374703,0
374704,0
374705,0
374706,0
374707,0
374708,0
374709,0
374710,0
374711,0
374712,0
374713,50
374714,0
374715,0
374716,0
374717,0
374718,0
374719,0
374720,36
374721,0
374722,0
374723,0
374724,0
374725,0
374726,26
374727,0
374728,0
374729,0
374730,21
374731,0
374732,0
374733,0
374734,0
374735,0
374736,0
374737,0
374738,0
374739,0
374740,32
374741,26
374742,0
374743,0
374744,0
374745,0
374746,0
374747,0
374748,0
374749,0
374750,0
374751,34
374752,0
374753,0
374754,0
374755,0
374756,0
374757,0
374758,0
374759,32
374760,0
374761,0
374762,0
374763,0
374764,0
374765,0
374766,0
374767,30
374768,31
374769,0
374770,0
374771,0
374772,0
374773,0
374774,0
374775,0
374776,0
374777,0
374778,0
374779,0
374780,0
374781,0
374782,0
374783,0
374784,0
374785,0
374786,0
374787,0
374788,0
374789,0
374790,0
374791,0
374792,0
374793,0
374794,0
374795,0
374796,34
374797,0
374798,0
374799,45
374800,0
374801,0
374802,0
374803,38
374804,0
374805,0
374806,0
374807,0
374808,0
374809,0
374810,0
374811,34
374812,0
374813,0
374814,0
374815,0
374816,0
374817,0
374818,0
374819,0
374820,0
374821,31
374822,0
374823,0
374824,0
374825,0
374826,0
374827,24
374828,0
374829,0
374830,0
374831,0
374832,0
374833,0
374834,0
374835,0
374836,0
374837,19
374838,0
374839,0
374840,0
374841,0
374842,0
374843,0
374844,0
374845,0
374846,0
374847,0
374848,0
374849,0
374850,0
374851,45
374852,0
374853,28
374854,0
374855,0
374856,0
374857,0
374858,33
374859,0
374860,31
374861,0
374862,30
374863,0
374864,0
374865,0
374866,0
374867,0
374868,0
374869,0
374870,0
374871,0
374872,0
374873,0
374874,0
374875,0
374876,0
374877,0
374878,36
374879,0
374880,0
374881,0
374882,0
374883,0
374884,0
374885,0
374886,0
374887,0
374888,0
374889,0
374890,0
374891,0
374892,23
374893,0
374894,0
374895,0
374896,0
374897,0
374898,0
374899,0
374900,32
374901,45
374902,0
374903,0
374904,0
374905,0
374906,0
374907,0
374908,0
374909,0
374910,0
374911,0
374912,0
374913,0
374914,0
374915,0
374916,0
374917,0
374918,0
374919,25
374920,33
374921,0
374922,0
374923,29
374924,0
374925,0
374926,0
374927,0
374928,36
374929,24
374930,31
374931,0
374932,0
374933,0
374934,0
374935,0
374936,0
374937,0
374938,0
374939,0
374940,0
374941,32
374942,0
374943,0
374944,0
374945,0
374946,0
374947,0
374948,0
374949,0
374950,0
374951,0
374952,0
374953,0
374954,0
374955,0
374956,0
374957,0
374958,0
374959,0
374960,0
374961,0
374962,0
374963,0
374964,43
374965,0
374966,0
374967,0
374968,0
374969,0
374970,0
374971,0
374972,0
374973,0
374974,0
374975,32
374976,0
374977,0
374978,0
374979,37
374980,0
374981,0
374982,0
374983,0
374984,0
374985,0
374986,30
374987,0
374988,0
374989,0
374990,52
374991,0
374992,0
374993,0
374994,0
374995,32
374996,0
374997,0
374998,0
374999,0
375000,0
375001,0
375002,0
375003,0
375004,0
375005,0
375006,0
375007,0
375008,0
375009,0
375010,0
375011,0
375012,38
375013,0
375014,0
375015,0
375016,0
375017,0
375018,0
375019,0
375020,0
375021,0
375022,0
375023,36
375024,0
375025,0
375026,30
375027,0
375028,27
375029,0
375030,0
375031,0
375032,0
375033,0
375034,32
375035,0
375036,0
375037,0
375038,0
375039,0
375040,0
375041,0
375042,0
375043,0
375044,0
375045,0
375046,0
375047,0
375048,0
375049,0
375050,0
375051,0
375052,0
375053,0
375054,0
375055,0
375056,0
375057,0
375058,0
375059,0
375060,0
375061,0
375062,0
375063,0
375064,0
375065,0
375066,0
375067,0
375068,0
375069,0
375070,0
375071,0
375072,0
375073,0
375074,0
375075,0
375076,0
375077,0
375078,0
375079,0
375080,0
375081,0
375082,0
375083,0
375084,0
375085,0
375086,0
375087,0
375088,0
375089,38
375090,0
375091,0
375092,0
375093,0
375094,0
375095,18
375096,0
375097,0
375098,0
375099,0
375100,0
375101,0
375102,0
375103,0
375104,0
375105,0
375106,0
375107,0
375108,0
375109,31
375110,0
375111,23
375112,32
375113,0
375114,0
375115,0
375116,0
375117,0
375118,41
375119,0
375120,0
375121,0
375122,0
375123,0
375124,0
375125,27
375126,0
375127,0
375128,33
375129,0
375130,0
375131,0
375132,0
375133,31
375134,0
375135,0
375136,0
375137,0
375138,0
375139,31
375140,0
375141,0
375142,0
375143,0
375144,0
375145,0
375146,0
375147,0
375148,25
375149,36
375150,0
375151,0
375152,0
375153,0
375154,0
375155,0
375156,0
375157,30
375158,0
375159,0
375160,0
375161,0
375162,0
375163,0
375164,0
375165,0
375166,0
375167,52
375168,0
375169,0
375170,0
375171,0
375172,0
375173,22
375174,0
375175,0
375176,0
375177,0
375178,0
375179,22
375180,0
375181,0
375182,0
375183,0
375184,0
375185,0
375186,0
375187,0
375188,0
375189,0
375190,0
375191,0
375192,0
375193,25
375194,0
375195,0
375196,0
375197,0
375198,33
375199,0
375200,18
375201,0
375202,0
375203,0
375204,0
375205,0
375206,0
375207,0
375208,0
375209,0
375210,0
375211,0
375212,33
375213,0
375214,0
375215,0
375216,0
375217,0
375218,0
375219,0
375220,0
375221,0
375222,0
375223,0
375224,0
375225,0
375226,0
375227,30
375228,0
375229,0
375230,0
375231,0
375232,0
375233,22
375234,0
375235,0
375236,0
375237,0
375238,37
375239,0
375240,0
375241,0
375242,0
375243,0
375244,0
375245,0
375246,31
375247,0
375248,0
375249,0
375250,0
375251,0
375252,0
375253,21
375254,0
375255,0
375256,0
375257,39
375258,0
375259,30
375260,0
375261,0
375262,0
375263,0
375264,0
375265,0
375266,0
375267,0
375268,0
375269,0
375270,40
375271,0
375272,0
375273,0
375274,0
375275,0
375276,0
375277,0
375278,0
375279,0
375280,0
375281,0
375282,0
375283,0
375284,19
375285,0
375286,0
375287,0
375288,0
375289,0
375290,0
375291,0
375292,0
375293,0
375294,31
375295,28
375296,33
375297,0
375298,0
375299,29
375300,0
375301,0
375302,0
375303,22
375304,43
375305,27
375306,0
375307,0
375308,0
375309,0
375310,0
375311,31
375312,0
375313,0
375314,0
375315,21
375316,0
375317,26
375318,0
375319,0
375320,0
375321,0
375322,0
375323,0
375324,0
375325,0
375326,0
375327,37
375328,0
375329,0
375330,0
375331,0
375332,0
375333,0
375334,0
375335,0
375336,46
375337,0
375338,0
375339,0
375340,0
375341,0
375342,0
375343,0
375344,0
375345,0
375346,0
375347,0
375348,38
375349,24
375350,0
375351,0
375352,0
375353,0
375354,0
375355,0
375356,0
375357,0
375358,22
375359,0
375360,0
375361,0
375362,33
375363,0
375364,0
375365,0
375366,0
375367,0
375368,0
375369,0
375370,0
375371,0
375372,0
375373,0
375374,0
375375,0
375376,0
375377,34
375378,0
375379,0
375380,0
375381,0
375382,0
375383,30
375384,0
375385,0
375386,0
375387,0
375388,0
375389,0
375390,0
375391,0
375392,0
375393,0
375394,0
375395,0
375396,0
375397,0
375398,0
375399,20
375400,0
375401,0
375402,32
375403,0
375404,18
375405,0
375406,25
375407,0
375408,24
375409,0
375410,0
375411,0
375412,0
375413,0
375414,0
375415,0
375416,0
375417,0
375418,0
375419,34
375420,0
375421,0
375422,25
375423,0
375424,22
375425,0
375426,39
375427,0
375428,0
375429,0
375430,0
375431,0
375432,0
375433,0
375434,0
375435,0
375436,0
375437,0
375438,0
375439,38
375440,0
375441,0
375442,0
375443,0
375444,0
375445,37
375446,0
375447,0
375448,0
375449,0
375450,0
375451,0
375452,0
375453,0
375454,0
375455,0
375456,4
375457,0
375458,0
375459,0
375460,0
375461,0
375462,0
375463,0
375464,0
375465,0
375466,0
375467,0
375468,0
375469,0
375470,0
375471,0
375472,3
375473,0
375474,0
375475,0
375476,0
375477,0
375478,1
375479,3
375480,0
375481,0
375482,0
375483,0
375484,0
375485,0
375486,0
375487,0
375488,0
375489,0
375490,0
375491,0
375492,0
375493,0
375494,0
375495,2
375496,0
375497,2
375498,0
375499,0
375500,0
375501,1
375502,3
375503,0
375504,0
375505,0
375506,2
375507,0
375508,0
375509,0
375510,0
375511,0
375512,0
375513,4
375514,0
375515,0
375516,0
375517,0
375518,0
375519,0
375520,0
375521,0
375522,0
375523,0
375524,0
375525,1
375526,0
375527,0
375528,0
375529,0
375530,0
375531,0
375532,5
375533,0
375534,5
375535,0
375536,0
375537,0
375538,0
375539,0
375540,5
375541,0
375542,4
375543,0
375544,0
375545,0
375546,0
375547,0
375548,0
375549,0
375550,2
375551,0
375552,6
375553,0
375554,0
375555,2
375556,0
375557,0
375558,0
375559,0
375560,0
375561,0
375562,0
375563,0
375564,0
375565,0
375566,0
375567,0
375568,0
375569,0
375570,0
375571,0
375572,0
375573,0
375574,0
375575,0
375576,0
375577,0
375578,0
375579,0
375580,0
375581,0
375582,0
375583,0
375584,0
375585,0
375586,0
375587,0
375588,0
375589,0
375590,0
375591,0
375592,0
375593,0
375594,0
375595,0
375596,0
375597,0
375598,0
375599,0
375600,4
375601,0
375602,0
375603,0
375604,0
375605,0
375606,0
375607,0
375608,0
375609,0
375610,0
375611,0
375612,0
375613,0
375614,0
375615,0
375616,0
375617,3
375618,0
375619,2
375620,0
375621,0
375622,0
375623,0
375624,5
375625,0
375626,0
375627,0
375628,0
375629,0
375630,0
375631,0
375632,0
375633,0
375634,0
375635,0
375636,0
375637,5
375638,0
375639,0
375640,0
375641,0
375642,0
375643,0
375644,0
375645,0
375646,0
375647,0
375648,0
375649,0
375650,0
375651,0
375652,4
375653,0
375654,0
375655,0
375656,0
375657,0
375658,0
375659,0
375660,0
375661,0
375662,0
375663,0
375664,0
375665,2
375666,0
375667,0
375668,0
375669,4
375670,1
375671,0
375672,6
375673,0
375674,0
375675,0
375676,3
375677,0
375678,0
375679,0
375680,0
375681,0
375682,0
375683,0
375684,0
375685,0
375686,0
375687,0
375688,0
375689,0
375690,0
375691,0
375692,0
375693,0
375694,0
375695,0
375696,0
375697,0
375698,0
375699,0
375700,0
375701,0
375702,0
375703,0
375704,0
375705,0
375706,0
375707,4
375708,0
375709,0
375710,0
375711,0
375712,4
375713,0
375714,0
375715,0
375716,0
375717,0
375718,0
375719,0
375720,0
375721,0
375722,0
375723,0
375724,0
375725,0
375726,0
375727,0
375728,0
375729,0
375730,0
375731,0
375732,0
375733,0
375734,3
375735,0
375736,0
375737,0
375738,0
375739,0
375740,0
375741,0
375742,0
375743,0
375744,3
375745,0
375746,0
375747,5
375748,4
375749,0
375750,0
375751,0
375752,0
375753,0
375754,0
375755,0
375756,0
375757,4
375758,0
375759,0
375760,0
375761,0
375762,0
375763,0
375764,0
375765,0
375766,0
375767,0
375768,0
375769,0
375770,0
375771,1
375772,0
375773,0
375774,0
375775,0
375776,1
375777,0
375778,0
375779,0
375780,0
375781,0
375782,0
375783,0
375784,0
375785,0
375786,0
375787,0
375788,0
375789,0
375790,0
375791,0
375792,0
375793,0
375794,0
375795,0
375796,0
375797,0
375798,0
375799,0
375800,0
375801,0
375802,0
375803,0
375804,0
375805,0
375806,0
375807,0
375808,0
375809,0
375810,0
375811,0
375812,0
375813,0
375814,0
375815,0
375816,0
375817,0
375818,0
375819,0
375820,0
375821,0
375822,0
375823,0
375824,0
375825,0
375826,0
375827,0
375828,0
375829,0
375830,0
375831,0
375832,0
375833,0
375834,0
375835,5
375836,0
375837,0
375838,0
375839,0
375840,4
375841,0
375842,0
375843,0
375844,0
375845,0
375846,0
375847,0
375848,0
375849,0
375850,0
375851,0
375852,0
375853,0
375854,0
375855,0
375856,0
375857,0
375858,0
375859,0
375860,0
375861,0
375862,0
375863,0
375864,0
375865,0
375866,0
375867,4
375868,4
375869,0
375870,0
375871,1
375872,3
375873,0
375874,0
375875,0
375876,0
375877,0
375878,0
375879,0
375880,0
375881,5
375882,0
375883,5
375884,0
375885,0
375886,0
375887,0
375888,0
375889,0
375890,0
375891,1
375892,0
375893,0
375894,0
375895,0
375896,0
375897,4
375898,3
375899,0
375900,0
375901,0
375902,0
375903,0
375904,0
375905,2
375906,0
375907,0
375908,0
375909,0
375910,5
375911,0
375912,0
375913,0
375914,0
375915,0
375916,0
375917,0
375918,0
375919,0
375920,0
375921,0
375922,0
375923,0
375924,0
375925,0
375926,3
375927,0
375928,0
375929,0
375930,0
375931,0
375932,0
375933,0
375934,0
375935,5
375936,0
375937,0
375938,0
375939,0
375940,0
375941,0
375942,0
375943,0
375944,0
375945,0
375946,0
375947,0
375948,0
375949,0
375950,0
375951,0
375952,0
375953,1
375954,0
375955,0
375956,0
375957,0
375958,2
375959,0
375960,0
375961,0
375962,0
375963,0
375964,0
375965,0
375966,0
375967,0
375968,0
375969,0
375970,6
375971,0
375972,5
375973,0
375974,0
375975,0
375976,0
375977,1
375978,1
375979,0
375980,0
375981,0
375982,0
375983,0
375984,0
375985,0
375986,0
375987,0
375988,0
375989,0
375990,0
375991,0
375992,0
375993,0
375994,0
375995,0
375996,0
375997,0
375998,0
375999,0
376000,0
376001,0
376002,3
376003,0
376004,0
376005,0
376006,0
376007,0
376008,2
376009,0
376010,0
376011,0
376012,0
376013,0
376014,0
376015,0
376016,0
376017,5
376018,0
376019,0
376020,1
376021,0
376022,0
376023,0
376024,0
376025,0
376026,0
376027,0
376028,0
376029,0
376030,0
376031,0
376032,0
376033,0
376034,0
376035,0
376036,0
376037,0
376038,0
376039,0
376040,0
376041,0
376042,0
376043,9
376044,0
376045,0
376046,0
376047,0
376048,0
376049,0
376050,0
376051,0
376052,0
376053,0
376054,0
376055,0
376056,0
376057,0
376058,0
376059,0
376060,0
376061,0
376062,0
376063,0
376064,0
376065,0
376066,0
376067,0
376068,0
376069,0
376070,0
376071,0
376072,0
376073,0
376074,0
376075,0
376076,0
376077,4
376078,0
376079,0
376080,0
376081,0
376082,0
376083,0
376084,0
376085,0
376086,0
376087,0
376088,0
376089,0
376090,0
376091,0
376092,0
376093,0
376094,4
376095,0
376096,0
376097,2
376098,0
376099,0
376100,0
376101,0
376102,0
376103,0
376104,6
376105,0
376106,0
376107,0
376108,0
376109,0
376110,0
376111,4
376112,4
376113,0
376114,0
376115,0
376116,1
376117,0
376118,0
376119,0
376120,4
376121,4
376122,0
376123,0
376124,0
376125,6
376126,0
376127,0
376128,0
376129,0
376130,0
376131,0
376132,0
376133,0
376134,0
376135,0
376136,6
376137,0
376138,0
376139,0
376140,0
376141,0
376142,0
376143,0
376144,0
376145,0
376146,0
376147,0
376148,0
376149,0
376150,0
376151,0
376152,0
376153,0
376154,2
376155,0
376156,0
376157,0
376158,0
376159,0
376160,0
376161,0
376162,0
376163,0
376164,0
376165,1
376166,3
376167,0
376168,0
376169,0
376170,0
376171,0
376172,0
376173,0
376174,0
376175,0
376176,0
376177,0
376178,1
376179,0
376180,0
376181,0
376182,0
376183,0
376184,0
376185,0
376186,0
376187,0
376188,0
376189,0
376190,0
376191,0
376192,0
376193,1
376194,0
376195,0
376196,0
376197,0
376198,0
376199,0
376200,0
376201,0
376202,0
376203,0
376204,3
376205,0
376206,3
376207,0
376208,0
376209,0
376210,0
376211,0
376212,3
376213,0
376214,1
376215,4
376216,0
376217,0
376218,0
376219,0
376220,0
376221,2
376222,0
376223,0
376224,0
376225,0
376226,0
376227,0
376228,0
376229,0
376230,0
376231,0
376232,0
376233,0
376234,0
376235,0
376236,0
376237,0
376238,0
376239,0
376240,0
376241,0
376242,0
376243,0
376244,0
376245,2
376246,0
376247,0
376248,0
376249,0
376250,0
376251,0
376252,0
376253,0
376254,5
376255,0
376256,0
376257,0
376258,0
376259,0
376260,0
376261,0
376262,0
376263,0
376264,8
376265,0
376266,0
376267,0
376268,0
376269,0
376270,4
376271,0
376272,0
376273,0
376274,0
376275,0
376276,0
376277,0
376278,0
376279,0
376280,0
376281,0
376282,0
376283,0
376284,0
376285,0
376286,0
376287,1
376288,0
376289,0
376290,0
376291,0
376292,0
376293,0
376294,0
376295,0
376296,0
376297,0
376298,0
376299,0
376300,0
376301,4
376302,0
376303,0
376304,0
376305,0
376306,0
376307,0
376308,0
376309,0
376310,0
376311,3
376312,0
376313,4
376314,0
376315,0
376316,0
376317,0
376318,0
376319,0
376320,0
376321,0
376322,0
376323,0
376324,0
376325,0
376326,0
376327,2
376328,0
376329,2
376330,0
376331,0
376332,0
376333,0
376334,0
376335,0
376336,0
376337,0
376338,0
376339,0
376340,0
376341,1
376342,0
376343,0
376344,0
376345,0
376346,0
376347,0
376348,0
376349,0
376350,0
376351,0
376352,0
376353,0
376354,0
376355,0
376356,0
376357,0
376358,0
376359,0
376360,0
376361,1
376362,0
376363,0
376364,0
376365,0
376366,0
376367,0
376368,0
376369,0
376370,0
376371,0
376372,0
376373,0
376374,0
376375,0
376376,0
376377,0
376378,0
376379,0
376380,0
376381,0
376382,0
376383,0
376384,0
376385,0
376386,0
376387,0
376388,1
376389,0
376390,0
376391,0
376392,0
376393,0
376394,0
376395,0
376396,0
376397,0
376398,0
376399,0
376400,0
376401,0
376402,0
376403,0
376404,0
376405,0
376406,0
376407,0
376408,0
376409,0
376410,0
376411,0
376412,0
376413,0
376414,3
376415,0
376416,0
376417,0
376418,0
376419,0
376420,0
376421,0
376422,0
376423,0
376424,0
376425,0
376426,0
376427,0
376428,0
376429,0
376430,0
376431,0
376432,0
376433,0
376434,7
376435,0
376436,0
376437,0
376438,0
376439,0
376440,0
376441,0
376442,0
376443,0
376444,0
376445,0
376446,0
376447,0
376448,0
376449,0
376450,0
376451,0
376452,0
376453,0
376454,0
376455,0
376456,0
376457,0
376458,0
376459,0
376460,0
376461,0
376462,0
376463,0
376464,0
376465,0
376466,3
376467,0
376468,0
376469,0
376470,0
376471,5
376472,0
376473,0
376474,0
376475,0
376476,0
376477,0
376478,0
376479,4
376480,0
376481,0
376482,0
376483,0
376484,0
376485,0
376486,5
376487,0
376488,4
376489,0
376490,0
376491,0
376492,0
376493,0
376494,0
376495,0
376496,0
376497,0
376498,0
376499,0
376500,0
376501,0
376502,0
376503,0
376504,0
376505,0
376506,0
376507,0
376508,0
376509,0
376510,0
376511,6
376512,0
376513,0
376514,0
376515,0
376516,0
376517,0
376518,0
376519,0
376520,0
376521,0
376522,0
376523,0
376524,0
376525,0
376526,0
376527,0
376528,0
376529,0
376530,0
376531,0
376532,0
376533,0
376534,0
376535,0
376536,0
376537,0
376538,0
376539,0
376540,0
376541,0
376542,0
376543,0
376544,0
376545,0
376546,0
376547,0
376548,0
376549,0
376550,0
376551,0
376552,19
376553,0
376554,0
376555,25
376556,0
376557,0
376558,0
376559,0
376560,35
376561,0
376562,43
376563,0
376564,0
376565,0
376566,27
376567,0
376568,34
376569,0
376570,0
376571,34
376572,0
376573,30
376574,0
376575,0
376576,0
376577,36
376578,0
376579,0
376580,0
376581,0
376582,0
376583,0
376584,25
376585,32
376586,0
376587,0
376588,0
376589,0
376590,0
376591,30
376592,0
376593,34
376594,25
376595,0
376596,0
376597,0
376598,0
376599,0
376600,0
376601,19
376602,0
376603,0
376604,0
376605,25
376606,0
376607,0
376608,0
376609,0
376610,0
376611,21
376612,0
376613,21
376614,0
376615,0
376616,0
376617,19
376618,0
376619,0
376620,37
376621,0
376622,0
376623,0
376624,44
376625,0
376626,24
376627,33
376628,0
376629,0
376630,22
376631,32
376632,0
376633,0
376634,0
376635,0
376636,0
376637,25
376638,0
376639,0
376640,0
376641,0
376642,0
376643,22
376644,0
376645,0
376646,0
376647,0
376648,0
376649,30
376650,29
376651,0
376652,0
376653,0
376654,0
376655,0
376656,0
376657,0
376658,0
376659,0
376660,13
376661,19
376662,0
376663,0
376664,0
376665,0
376666,22
376667,19
376668,0
376669,26
376670,0
376671,0
376672,0
376673,29
376674,0
376675,0
376676,22
376677,0
376678,0
376679,0
376680,0
376681,0
376682,0
376683,0
376684,0
376685,0
376686,0
376687,0
376688,0
376689,40
376690,0
376691,21
376692,0
376693,0
376694,15
376695,0
376696,0
376697,0
376698,0
376699,0
376700,0
376701,0
376702,0
376703,0
376704,35
376705,0
376706,0
376707,0
376708,0
376709,0
376710,0
376711,0
376712,0
376713,0
376714,0
376715,0
376716,0
376717,0
376718,0
376719,0
376720,0
376721,0
376722,0
376723,0
376724,0
376725,0
376726,0
376727,0
376728,0
376729,0
376730,33
376731,0
376732,0
376733,0
376734,0
376735,43
376736,0
376737,0
376738,29
376739,24
376740,0
376741,0
376742,33
376743,0
376744,25
376745,0
376746,0
376747,0
376748,0
376749,0
376750,0
376751,0
376752,24
376753,0
376754,0
376755,0
376756,0
376757,20
376758,0
376759,0
376760,0
376761,0
376762,0
376763,0
376764,0
376765,0
376766,0
376767,0
376768,0
376769,20
376770,29
376771,0
376772,0
376773,0
376774,14
376775,0
376776,0
376777,0
376778,22
376779,21
376780,0
376781,0
376782,0
376783,0
376784,25
376785,24
376786,20
376787,0
376788,0
376789,0
376790,28
376791,0
376792,0
376793,0
376794,0
376795,0
376796,34
376797,0
376798,0
376799,36
376800,37
376801,0
376802,22
376803,0
376804,24
376805,23
376806,0
376807,0
376808,0
376809,0
376810,47
376811,0
376812,0
376813,0
376814,0
376815,0
376816,0
376817,0
376818,0
376819,0
376820,0
376821,0
376822,0
376823,0
376824,32
376825,29
376826,29
376827,0
376828,0
376829,0
376830,0
376831,0
376832,0
376833,0
376834,0
376835,0
376836,36
376837,29
376838,0
376839,28
376840,0
376841,0
376842,25
376843,0
376844,38
376845,24
376846,0
376847,29
376848,23
376849,20
376850,33
376851,0
376852,25
376853,0
376854,0
376855,0
376856,0
376857,40
376858,0
376859,40
376860,0
376861,0
376862,0
376863,0
376864,0
376865,23
376866,24
376867,30
376868,0
376869,35
376870,0
376871,0
376872,17
376873,25
376874,18
376875,0
376876,0
376877,0
376878,24
376879,0
376880,0
376881,0
376882,23
376883,0
376884,0
376885,22
376886,18
376887,0
376888,0
376889,0
376890,34
376891,0
376892,0
376893,21
376894,0
376895,0
376896,0
376897,28
376898,0
376899,31
376900,20
376901,26
376902,0
376903,24
376904,36
376905,40
376906,0
376907,0
376908,0
376909,0
376910,0
376911,0
376912,0
376913,0
376914,0
376915,0
376916,34
376917,0
376918,28
376919,28
376920,0
376921,22
376922,0
376923,0
376924,0
376925,0
376926,0
376927,0
376928,0
376929,0
376930,0
376931,0
376932,0
376933,0
376934,0
376935,0
376936,32
376937,28
376938,0
376939,0
376940,0
376941,0
376942,0
376943,0
376944,0
376945,37
376946,27
376947,0
376948,0
376949,28
376950,0
376951,28
376952,0
376953,31
376954,29
376955,0
376956,0
376957,0
376958,0
376959,0
376960,0
376961,0
376962,25
376963,0
376964,28
376965,0
376966,19
376967,0
376968,0
376969,0
376970,0
376971,0
376972,33
376973,0
376974,23
376975,0
376976,0
376977,0
376978,0
376979,0
376980,0
376981,0
376982,0
376983,0
376984,0
376985,26
376986,0
376987,0
376988,0
376989,28
376990,0
376991,0
376992,28
376993,0
376994,0
376995,27
376996,39
376997,0
376998,0
376999,5
377000,2
377001,0
377002,0
377003,0
377004,0
377005,0
377006,0
377007,0
377008,2
377009,3
377010,2
377011,5
377012,0
377013,0
377014,0
377015,0
377016,0
377017,0
377018,0
377019,0
377020,0
377021,0
377022,0
377023,0
377024,0
377025,0
377026,0
377027,0
377028,0
377029,0
377030,0
377031,0
377032,0
377033,0
377034,0
377035,3
377036,0
377037,0
377038,0
377039,0
377040,0
377041,0
377042,0
377043,0
377044,0
377045,0
377046,0
377047,0
377048,0
377049,0
377050,0
377051,3
377052,0
377053,0
377054,0
377055,0
377056,0
377057,0
377058,0
377059,4
377060,0
377061,0
377062,0
377063,0
377064,0
377065,0
377066,0
377067,0
377068,0
377069,0
377070,0
377071,0
377072,6
377073,0
377074,0
377075,0
377076,0
377077,2
377078,0
377079,0
377080,0
377081,3
377082,0
377083,0
377084,0
377085,0
377086,0
377087,0
377088,3
377089,0
377090,0
377091,0
377092,0
377093,0
377094,0
377095,0
377096,0
377097,0
377098,0
377099,0
377100,0
377101,0
377102,0
377103,0
377104,0
377105,0
377106,0
377107,0
377108,0
377109,0
377110,0
377111,0
377112,0
377113,0
377114,2
377115,4
377116,0
377117,0
377118,0
377119,0
377120,0
377121,0
377122,0
377123,0
377124,0
377125,0
377126,0
377127,0
377128,2
377129,0
377130,0
377131,0
377132,0
377133,2
377134,0
377135,0
377136,0
377137,0
377138,0
377139,0
377140,0
377141,0
377142,0
377143,0
377144,0
377145,0
377146,0
377147,0
377148,0
377149,0
377150,0
377151,0
377152,0
377153,3
377154,0
377155,10
377156,1
377157,0
377158,0
377159,0
377160,0
377161,0
377162,0
377163,2
377164,0
377165,0
377166,0
377167,0
377168,3
377169,0
377170,0
377171,0
377172,0
377173,0
377174,0
377175,0
377176,0
377177,0
377178,1
377179,0
377180,0
377181,0
377182,3
377183,0
377184,2
377185,0
377186,0
377187,2
377188,1
377189,0
377190,0
377191,2
377192,0
377193,6
377194,0
377195,0
377196,0
377197,0
377198,0
377199,0
377200,0
377201,0
377202,0
377203,2
377204,0
377205,0
377206,0
377207,0
377208,3
377209,0
377210,4
377211,0
377212,2
377213,4
377214,0
377215,0
377216,0
377217,0
377218,0
377219,0
377220,0
377221,0
377222,0
377223,0
377224,0
377225,3
377226,0
377227,2
377228,0
377229,0
377230,0
377231,0
377232,3
377233,0
377234,0
377235,0
377236,0
377237,6
377238,2
377239,0
377240,0
377241,0
377242,0
377243,0
377244,0
377245,0
377246,0
377247,0
377248,0
377249,0
377250,0
377251,0
377252,0
377253,0
377254,2
377255,0
377256,0
377257,5
377258,0
377259,0
377260,0
377261,0
377262,0
377263,0
377264,0
377265,0
377266,0
377267,0
377268,4
377269,0
377270,0
377271,0
377272,0
377273,3
377274,0
377275,0
377276,0
377277,0
377278,0
377279,3
377280,0
377281,0
377282,3
377283,0
377284,0
377285,3
377286,0
377287,0
377288,0
377289,0
377290,0
377291,0
377292,0
377293,0
377294,0
377295,0
377296,0
377297,0
377298,2
377299,0
377300,0
377301,0
377302,0
377303,0
377304,0
377305,0
377306,0
377307,2
377308,6
377309,0
377310,0
377311,0
377312,0
377313,0
377314,0
377315,0
377316,0
377317,0
377318,0
377319,0
377320,4
377321,0
377322,0
377323,0
377324,0
377325,0
377326,0
377327,2
377328,0
377329,7
377330,0
377331,0
377332,4
377333,0
377334,0
377335,0
377336,0
377337,2
377338,0
377339,0
377340,0
377341,0
377342,3
377343,0
377344,0
377345,0
377346,0
377347,0
377348,0
377349,3
377350,1
377351,12
377352,0
377353,0
377354,4
377355,0
377356,0
377357,0
377358,0
377359,0
377360,0
377361,0
377362,0
377363,0
377364,0
377365,0
377366,0
377367,5
377368,0
377369,0
377370,0
377371,0
377372,0
377373,0
377374,0
377375,0
377376,0
377377,0
377378,0
377379,0
377380,0
377381,0
377382,6
377383,0
377384,0
377385,0
377386,0
377387,5
377388,6
377389,3
377390,6
377391,0
377392,0
377393,0
377394,0
377395,0
377396,0
377397,0
377398,0
377399,0
377400,1
377401,0
377402,0
377403,0
377404,0
377405,0
377406,0
377407,0
377408,0
377409,0
377410,0
377411,2
377412,0
377413,0
377414,0
377415,0
377416,0
377417,0
377418,8
377419,0
377420,0
377421,3
377422,0
377423,0
377424,0
377425,0
377426,0
377427,0
377428,0
377429,0
377430,0
377431,0
377432,6
377433,0
377434,0
377435,0
377436,0
377437,0
377438,0
377439,0
377440,0
377441,0
377442,0
377443,0
377444,2
377445,0
377446,0
377447,0
377448,3
377449,0
377450,0
377451,0
377452,0
377453,0
377454,0
377455,2
377456,0
377457,0
377458,0
377459,0
377460,0
377461,0
377462,0
377463,0
377464,0
377465,0
377466,0
377467,0
377468,2
377469,0
377470,0
377471,0
377472,0
377473,0
377474,0
377475,3
377476,1
377477,0
377478,2
377479,0
377480,0
377481,0
377482,0
377483,0
377484,0
377485,0
377486,0
377487,0
377488,0
377489,0
377490,0
377491,0
377492,0
377493,0
377494,0
377495,0
377496,5
377497,0
377498,0
377499,0
377500,0
377501,0
377502,0
377503,1
377504,5
377505,3
377506,0
377507,0
377508,0
377509,6
377510,0
377511,0
377512,0
377513,0
377514,0
377515,0
377516,0
377517,0
377518,0
377519,0
377520,0
377521,8
377522,0
377523,1
377524,0
377525,0
377526,0
377527,0
377528,0
377529,0
377530,0
377531,0
377532,2
377533,0
377534,2
377535,0
377536,0
377537,0
377538,0
377539,0
377540,0
377541,0
377542,0
377543,2
377544,0
377545,0
377546,0
377547,0
377548,0
377549,0
377550,0
377551,0
377552,0
377553,0
377554,0
377555,0
377556,0
377557,0
377558,0
377559,0
377560,0
377561,0
377562,0
377563,0
377564,0
377565,0
377566,0
377567,0
377568,2
377569,0
377570,0
377571,0
377572,4
377573,5
377574,0
377575,0
377576,0
377577,0
377578,0
377579,0
377580,0
377581,0
377582,0
377583,0
377584,0
377585,0
377586,0
377587,3
377588,0
377589,4
377590,0
377591,1
377592,0
377593,3
377594,0
377595,4
377596,0
377597,0
377598,0
377599,0
377600,0
377601,0
377602,0
377603,6
377604,0
377605,0
377606,0
377607,0
377608,0
377609,0
377610,10
377611,0
377612,0
377613,0
377614,8
377615,0
377616,0
377617,0
377618,0
377619,0
377620,0
377621,0
377622,0
377623,0
377624,0
377625,0
377626,3
377627,11
377628,0
377629,0
377630,0
377631,0
377632,0
377633,0
377634,0
377635,0
377636,0
377637,0
377638,0
377639,0
377640,0
377641,0
377642,0
377643,0
377644,0
377645,0
377646,0
377647,0
377648,0
377649,0
377650,0
377651,0
377652,0
377653,3
377654,0
377655,0
377656,0
377657,0
377658,0
377659,0
377660,0
377661,0
377662,0
377663,0
377664,0
377665,0
377666,0
377667,0
377668,1
377669,0
377670,1
377671,0
377672,0
377673,0
377674,0
377675,0
377676,0
377677,0
377678,0
377679,1
377680,0
377681,0
377682,0
377683,2
377684,8
377685,3
377686,0
377687,0
377688,0
377689,0
377690,1
377691,0
377692,0
377693,0
377694,0
377695,0
377696,5
377697,0
377698,0
377699,0
377700,0
377701,10
377702,0
377703,0
377704,0
377705,0
377706,0
377707,0
377708,0
377709,0
377710,0
377711,0
377712,0
377713,0
377714,0
377715,0
377716,0
377717,0
377718,0
377719,10
377720,0
377721,0
377722,0
377723,3
377724,0
377725,0
377726,0
377727,0
377728,0
377729,0
377730,0
377731,0
377732,0
377733,0
377734,0
377735,0
377736,0
377737,0
377738,4
377739,0
377740,0
377741,0
377742,0
377743,0
377744,0
377745,0
377746,0
377747,0
377748,0
377749,0
377750,0
377751,3
377752,0
377753,0
377754,0
377755,0
377756,1
377757,0
377758,0
377759,0
377760,4
377761,0
377762,0
377763,2
377764,0
377765,0
377766,0
377767,3
377768,0
377769,0
377770,0
377771,0
377772,4
377773,0
377774,0
377775,2
377776,0
377777,0
377778,0
377779,0
377780,0
377781,0
377782,0
377783,0
377784,0
377785,0
377786,0
377787,0
377788,0
377789,0
377790,0
377791,0
377792,0
377793,0
377794,3
377795,0
377796,0
377797,0
377798,0
377799,0
377800,0
377801,0
377802,0
377803,0
377804,0
377805,0
377806,0
377807,0
377808,0
377809,0
377810,0
377811,0
377812,0
377813,0
377814,0
377815,0
377816,0
377817,0
377818,0
377819,0
377820,0
377821,0
377822,0
377823,0
377824,0
377825,0
377826,0
377827,0
377828,0
377829,0
377830,0
377831,0
377832,0
377833,0
377834,0
377835,0
377836,0
377837,0
377838,0
377839,0
377840,0
377841,0
377842,0
377843,0
377844,0
377845,0
377846,0
377847,0
377848,0
377849,0
377850,0
377851,0
377852,0
377853,0
377854,0
377855,0
377856,0
377857,0
377858,0
377859,0
377860,0
377861,0
377862,0
377863,0
377864,0
377865,0
377866,0
377867,0
377868,0
377869,0
377870,0
377871,0
377872,0
377873,0
377874,0
377875,0
377876,0
377877,1
377878,0
377879,0
377880,0
377881,0
377882,0
377883,0
377884,0
377885,0
377886,0
377887,0
377888,0
377889,0
377890,0
377891,0
377892,0
377893,0
377894,0
377895,0
377896,0
377897,0
377898,0
377899,0
377900,0
377901,0
377902,0
377903,0
377904,0
377905,0
377906,0
377907,0
377908,0
377909,0
377910,0
377911,0
377912,0
377913,0
377914,0
377915,0
377916,0
377917,0
377918,0
377919,0
377920,0
377921,0
377922,0
377923,0
377924,0
377925,0
377926,0
377927,0
377928,0
377929,0
377930,0
377931,0
377932,0
377933,0
377934,0
377935,0
377936,0
377937,0
377938,0
377939,0
377940,0
377941,0
377942,0
377943,0
377944,0
377945,0
377946,0
377947,0
377948,0
377949,0
377950,0
377951,0
377952,0
377953,0
377954,0
377955,0
377956,0
377957,0
377958,0
377959,0
377960,0
377961,0
377962,0
377963,0
377964,0
377965,0
377966,0
377967,0
377968,0
377969,0
377970,0
377971,0
377972,0
377973,0
377974,0
377975,0
377976,0
377977,0
377978,0
377979,0
377980,0
377981,0
377982,0
377983,0
377984,0
377985,0
377986,0
377987,0
377988,0
377989,0
377990,0
377991,0
377992,0
377993,0
377994,0
377995,0
377996,0
377997,0
377998,0
377999,0
378000,0
378001,0
378002,0
378003,0
378004,0
378005,0
378006,0
378007,0
378008,0
378009,0
378010,0
378011,0
378012,0
378013,0
378014,0
378015,0
378016,0
378017,0
378018,0
378019,0
378020,0
378021,0
378022,0
378023,0
378024,0
378025,0
378026,0
378027,0
378028,0
378029,0
378030,0
378031,0
378032,0
378033,0
378034,0
378035,0
378036,0
378037,0
378038,0
378039,0
378040,0
378041,0
378042,0
378043,0
378044,0
378045,0
378046,0
378047,0
378048,0
378049,0
378050,0
378051,0
378052,0
378053,0
378054,0
378055,0
378056,0
378057,0
378058,0
378059,0
378060,0
378061,0
378062,0
378063,0
378064,0
378065,0
378066,0
378067,0
378068,0
378069,0
378070,0
378071,0
378072,0
378073,0
378074,0
378075,0
378076,0
378077,0
378078,0
378079,0
378080,0
378081,0
378082,0
378083,0
378084,0
378085,0
378086,0
378087,0
378088,0
378089,0
378090,0
378091,0
378092,0
378093,1
378094,0
378095,0
378096,0
378097,0
378098,0
378099,0
378100,0
378101,0
378102,0
378103,0
378104,0
378105,0
378106,0
378107,0
378108,0
378109,0
378110,0
378111,0
378112,0
378113,0
378114,0
378115,0
378116,0
378117,0
378118,0
378119,0
378120,0
378121,0
378122,0
378123,0
378124,0
378125,0
378126,0
378127,0
378128,0
378129,0
378130,0
378131,0
378132,0
378133,0
378134,0
378135,0
378136,0
378137,0
378138,0
378139,0
378140,0
378141,0
378142,0
378143,0
378144,0
378145,0
378146,0
378147,0
378148,0
378149,0
378150,0
378151,0
378152,0
378153,0
378154,0
378155,13
378156,0
378157,0
378158,16
378159,10
378160,0
378161,0
378162,0
378163,0
378164,9
378165,0
378166,9
378167,0
378168,0
378169,0
378170,0
378171,0
378172,0
378173,0
378174,20
378175,0
378176,0
378177,0
378178,17
378179,0
378180,14
378181,0
378182,8
378183,0
378184,0
378185,0
378186,0
378187,0
378188,0
378189,8
378190,0
378191,18
378192,0
378193,0
378194,0
378195,0
378196,0
378197,11
378198,0
378199,0
378200,0
378201,0
378202,0
378203,14
378204,0
378205,0
378206,0
378207,0
378208,0
378209,0
378210,16
378211,0
378212,0
378213,0
378214,0
378215,0
378216,14
378217,0
378218,14
378219,0
378220,0
378221,12
378222,0
378223,0
378224,10
378225,0
378226,0
378227,5
378228,14
378229,12
378230,0
378231,0
378232,17
378233,0
378234,5
378235,10
378236,0
378237,17
378238,0
378239,0
378240,0
378241,9
378242,0
378243,0
378244,0
378245,0
378246,0
378247,0
378248,0
378249,0
378250,0
378251,16
378252,0
378253,0
378254,0
378255,0
378256,0
378257,9
378258,0
378259,0
378260,0
378261,0
378262,0
378263,0
378264,0
378265,25
378266,0
378267,10
378268,0
378269,0
378270,0
378271,0
378272,0
378273,0
378274,16
378275,0
378276,0
378277,0
378278,0
378279,0
378280,0
378281,16
378282,0
378283,0
378284,14
378285,0
378286,0
378287,0
378288,0
378289,15
378290,0
378291,0
378292,0
378293,9
378294,13
378295,0
378296,0
378297,0
378298,0
378299,12
378300,0
378301,0
378302,0
378303,0
378304,0
378305,14
378306,0
378307,0
378308,0
378309,9
378310,0
378311,0
378312,0
378313,0
378314,17
378315,0
378316,0
378317,0
378318,0
378319,13
378320,0
378321,0
378322,0
378323,0
378324,0
378325,0
378326,0
378327,0
378328,0
378329,0
378330,0
378331,9
378332,0
378333,0
378334,0
378335,0
378336,0
378337,0
378338,8
378339,0
378340,0
378341,11
378342,0
378343,6
378344,0
378345,0
378346,0
378347,0
378348,0
378349,0
378350,0
378351,0
378352,0
378353,0
378354,14
378355,0
378356,0
378357,12
378358,0
378359,11
378360,0
378361,0
378362,0
378363,0
378364,7
378365,0
378366,0
378367,0
378368,0
378369,0
378370,0
378371,15
378372,3
378373,0
378374,17
378375,0
378376,0
378377,0
378378,11
378379,0
378380,0
378381,0
378382,13
378383,0
378384,0
378385,0
378386,21
378387,0
378388,0
378389,13
378390,0
378391,0
378392,0
378393,0
378394,0
378395,0
378396,12
378397,18
378398,19
378399,0
378400,0
378401,0
378402,0
378403,0
378404,0
378405,0
378406,0
378407,0
378408,0
378409,0
378410,0
378411,0
378412,0
378413,0
378414,0
378415,13
378416,0
378417,7
378418,8
378419,0
378420,0
378421,0
378422,0
378423,0
378424,0
378425,13
378426,0
378427,0
378428,0
378429,0
378430,0
378431,17
378432,15
378433,0
378434,0
378435,0
378436,0
378437,0
378438,0
378439,0
378440,0
378441,0
378442,0
378443,0
378444,0
378445,0
378446,3
378447,0
378448,0
378449,0
378450,0
378451,3
378452,0
378453,0
378454,0
378455,0
378456,4
378457,0
378458,0
378459,4
378460,0
378461,4
378462,3
378463,0
378464,3
378465,3
378466,0
378467,2
378468,0
378469,0
378470,0
378471,0
378472,0
378473,4
378474,0
378475,0
378476,1
378477,0
378478,3
378479,0
378480,0
378481,0
378482,4
378483,0
378484,4
378485,0
378486,0
378487,0
378488,3
378489,4
378490,2
378491,0
378492,0
378493,0
378494,1
378495,2
378496,0
378497,0
378498,0
378499,3
378500,0
378501,0
378502,0
378503,0
378504,0
378505,2
378506,1
378507,0
378508,2
378509,0
378510,0
378511,3
378512,3
378513,0
378514,0
378515,0
378516,0
378517,0
378518,0
378519,0
378520,0
378521,0
378522,0
378523,0
378524,5
378525,1
378526,0
378527,0
378528,0
378529,0
378530,0
378531,0
378532,5
378533,1
378534,0
378535,0
378536,2
378537,0
378538,3
378539,2
378540,1
378541,2
378542,0
378543,0
378544,2
378545,0
378546,0
378547,1
378548,2
378549,2
378550,0
378551,0
378552,0
378553,0
378554,0
378555,0
378556,5
378557,0
378558,2
378559,0
378560,0
378561,0
378562,0
378563,0
378564,0
378565,0
378566,1
378567,0
378568,2
378569,2
378570,0
378571,4
378572,0
378573,0
378574,0
378575,4
378576,1
378577,0
378578,0
378579,0
378580,0
378581,0
378582,0
378583,0
378584,0
378585,0
378586,3
378587,2
378588,1
378589,2
378590,2
378591,0
378592,0
378593,0
378594,0
378595,0
378596,1
378597,0
378598,0
378599,0
378600,0
378601,4
378602,0
378603,2
378604,0
378605,0
378606,0
378607,0
378608,0
378609,0
378610,2
378611,2
378612,5
378613,0
378614,0
378615,5
378616,2
378617,0
378618,0
378619,0
378620,0
378621,0
378622,0
378623,2
378624,0
378625,0
378626,0
378627,0
378628,0
378629,0
378630,0
378631,3
378632,0
378633,0
378634,0
378635,0
378636,6
378637,0
378638,2
378639,0
378640,4
378641,0
378642,0
378643,3
378644,0
378645,0
378646,0
378647,0
378648,0
378649,0
378650,0
378651,0
378652,0
378653,0
378654,0
378655,0
378656,0
378657,0
378658,0
378659,0
378660,3
378661,0
378662,0
378663,2
378664,0
378665,0
378666,0
378667,0
378668,5
378669,0
378670,0
378671,0
378672,0
378673,0
378674,0
378675,0
378676,0
378677,0
378678,1
378679,0
378680,0
378681,5
378682,0
378683,4
378684,0
378685,0
378686,0
378687,0
378688,0
378689,1
378690,2
378691,0
378692,0
378693,0
378694,0
378695,0
378696,0
378697,2
378698,0
378699,0
378700,0
378701,3
378702,0
378703,0
378704,0
378705,0
378706,5
378707,0
378708,0
378709,0
378710,0
378711,0
378712,0
378713,0
378714,0
378715,0
378716,0
378717,0
378718,0
378719,0
378720,3
378721,0
378722,0
378723,0
378724,0
378725,0
378726,1
378727,0
378728,1
378729,0
378730,0
378731,0
378732,5
378733,0
378734,0
378735,0
378736,0
378737,0
378738,0
378739,0
378740,1
378741,0
378742,0
378743,3
378744,0
378745,0
378746,0
378747,0
378748,0
378749,0
378750,0
378751,2
378752,0
378753,0
378754,0
378755,0
378756,1
378757,0
378758,0
378759,0
378760,0
378761,0
378762,0
378763,0
378764,0
378765,0
378766,2
378767,0
378768,0
378769,0
378770,0
378771,0
378772,0
378773,0
378774,5
378775,4
378776,4
378777,0
378778,1
378779,0
378780,0
378781,0
378782,0
378783,0
378784,0
378785,0
378786,4
378787,0
378788,0
378789,0
378790,0
378791,0
378792,0
378793,0
378794,0
378795,0
378796,0
378797,0
378798,0
378799,4
378800,0
378801,0
378802,0
378803,0
378804,0
378805,2
378806,0
378807,0
378808,0
378809,0
378810,0
378811,0
378812,0
378813,0
378814,0
378815,2
378816,0
378817,0
378818,0
378819,0
378820,0
378821,0
378822,0
378823,1
378824,0
378825,0
378826,3
378827,0
378828,0
378829,0
378830,2
378831,0
378832,0
378833,0
378834,0
378835,0
378836,0
378837,0
378838,0
378839,3
378840,0
378841,0
378842,0
378843,0
378844,0
378845,0
378846,4
378847,0
378848,0
378849,1
378850,0
378851,0
378852,6
378853,0
378854,0
378855,0
378856,0
378857,1
378858,0
378859,0
378860,0
378861,0
378862,0
378863,0
378864,5
378865,1
378866,0
378867,0
378868,4
378869,0
378870,0
378871,0
378872,0
378873,0
378874,0
378875,2
378876,0
378877,2
378878,3
378879,0
378880,0
378881,0
378882,0
378883,0
378884,0
378885,2
378886,0
378887,1
378888,0
378889,0
378890,0
378891,0
378892,0
378893,0
378894,0
378895,0
378896,7
378897,4
378898,0
378899,0
378900,0
378901,0
378902,2
378903,0
378904,4
378905,0
378906,0
378907,0
378908,0
378909,3
378910,3
378911,0
378912,0
378913,0
378914,0
378915,0
378916,0
378917,0
378918,2
378919,0
378920,0
378921,0
378922,3
378923,0
378924,1
378925,0
378926,2
378927,0
378928,0
378929,0
378930,0
378931,0
378932,1
378933,2
378934,1
378935,0
378936,0
378937,0
378938,0
378939,0
378940,0
378941,0
378942,3
378943,0
378944,0
378945,0
378946,0
378947,0
378948,4
378949,0
378950,0
378951,3
378952,0
378953,0
378954,1
378955,0
378956,0
378957,0
378958,0
378959,0
378960,0
378961,0
378962,2
378963,0
378964,0
378965,0
378966,0
378967,4
378968,0
378969,4
378970,0
378971,0
378972,0
378973,0
378974,0
378975,0
378976,0
378977,3
378978,0
378979,0
378980,0
378981,2
378982,2
378983,0
378984,0
378985,0
378986,0
378987,3
378988,1
378989,0
378990,1
378991,0
378992,0
378993,0
378994,1
378995,0
378996,0
378997,0
378998,0
378999,0
379000,6
379001,0
379002,0
379003,0
379004,3
379005,0
379006,0
379007,0
379008,0
379009,0
379010,3
379011,0
379012,0
379013,0
379014,0
379015,0
379016,3
379017,0
379018,0
379019,3
379020,0
379021,0
379022,0
379023,0
379024,0
379025,0
379026,0
379027,0
379028,0
379029,0
379030,0
379031,0
379032,0
379033,0
379034,0
379035,0
379036,0
379037,0
379038,0
379039,0
379040,0
379041,0
379042,0
379043,8
379044,0
379045,0
379046,0
379047,0
379048,2
379049,4
379050,0
379051,0
379052,0
379053,0
379054,0
379055,0
379056,1
379057,4
379058,1
379059,0
379060,0
379061,0
379062,1
379063,0
379064,0
379065,0
379066,0
379067,0
379068,0
379069,0
379070,0
379071,3
379072,0
379073,0
379074,1
379075,0
379076,0
379077,0
379078,0
379079,0
379080,1
379081,0
379082,1
379083,0
379084,0
379085,0
379086,0
379087,0
379088,0
379089,0
379090,0
379091,0
379092,3
379093,1
379094,1
379095,0
379096,2
379097,0
379098,1
379099,0
379100,0
379101,0
379102,0
379103,0
379104,0
379105,0
379106,0
379107,0
379108,0
379109,0
379110,2
379111,0
379112,0
379113,0
379114,0
379115,0
379116,0
379117,0
379118,0
379119,0
379120,2
379121,0
379122,0
379123,0
379124,0
379125,3
379126,0
379127,0
379128,0
379129,0
379130,0
379131,0
379132,0
379133,0
379134,0
379135,0
379136,0
379137,0
379138,0
379139,0
379140,0
379141,0
379142,0
379143,4
379144,0
379145,0
379146,0
379147,3
379148,0
379149,0
379150,0
379151,0
379152,0
379153,0
379154,3
379155,0
379156,0
379157,0
379158,0
379159,0
379160,1
379161,0
379162,0
379163,0
379164,0
379165,0
379166,0
379167,0
379168,0
379169,0
379170,0
379171,0
379172,0
379173,4
379174,5
379175,0
379176,0
379177,0
379178,0
379179,0
379180,2
379181,0
379182,0
379183,0
379184,4
379185,0
379186,0
379187,1
379188,1
379189,0
379190,3
379191,1
379192,3
379193,0
379194,0
379195,5
379196,0
379197,0
379198,0
379199,0
379200,0
379201,3
379202,0
379203,0
379204,0
379205,0
379206,0
379207,0
379208,0
379209,0
379210,0
379211,3
379212,0
379213,0
379214,0
379215,3
379216,0
379217,0
379218,2
379219,0
379220,0
379221,0
379222,0
379223,0
379224,0
379225,0
379226,0
379227,0
379228,0
379229,0
379230,0
379231,0
379232,0
379233,0
379234,2
379235,0
379236,0
379237,2
379238,0
379239,0
379240,0
379241,0
379242,0
379243,0
379244,3
379245,0
379246,0
379247,0
379248,3
379249,0
379250,0
379251,0
379252,0
379253,0
379254,0
379255,4
379256,0
379257,0
379258,0
379259,2
379260,0
379261,0
379262,0
379263,4
379264,0
379265,0
379266,3
379267,0
379268,1
379269,0
379270,0
379271,0
379272,0
379273,0
379274,0
379275,0
379276,0
379277,0
379278,3
379279,0
379280,0
379281,0
379282,0
379283,0
379284,0
379285,4
379286,0
379287,0
379288,0
379289,0
379290,0
379291,0
379292,0
379293,0
379294,0
379295,0
379296,0
379297,0
379298,3
379299,0
379300,0
379301,0
379302,0
379303,0
379304,0
379305,0
379306,0
379307,0
379308,0
379309,0
379310,0
379311,0
379312,0
379313,0
379314,0
379315,3
379316,0
379317,0
379318,0
379319,0
379320,0
379321,0
379322,0
379323,0
379324,0
379325,0
379326,0
379327,4
379328,0
379329,0
379330,0
379331,16
379332,0
379333,0
379334,0
379335,0
379336,0
379337,0
379338,0
379339,0
379340,0
379341,0
379342,0
379343,0
379344,0
379345,0
379346,0
379347,0
379348,0
379349,8
379350,0
379351,0
379352,0
379353,0
379354,0
379355,0
379356,0
379357,0
379358,0
379359,24
379360,0
379361,0
379362,0
379363,0
379364,0
379365,0
379366,18
379367,0
379368,0
379369,0
379370,0
379371,0
379372,0
379373,0
379374,0
379375,0
379376,0
379377,0
379378,29
379379,19
379380,0
379381,0
379382,0
379383,0
379384,0
379385,0
379386,22
379387,0
379388,0
379389,0
379390,0
379391,0
379392,0
379393,0
379394,0
379395,0
379396,0
379397,18
379398,15
379399,0
379400,0
379401,0
379402,0
379403,0
379404,0
379405,0
379406,0
379407,0
379408,0
379409,0
379410,0
379411,0
379412,0
379413,0
379414,0
379415,0
379416,0
379417,0
379418,0
379419,0
379420,0
379421,14
379422,0
379423,0
379424,0
379425,0
379426,0
379427,0
379428,0
379429,9
379430,0
379431,10
379432,0
379433,0
379434,0
379435,27
379436,0
379437,0
379438,0
379439,0
379440,0
379441,0
379442,0
379443,0
379444,7
379445,0
379446,0
379447,0
379448,13
379449,0
379450,0
379451,0
379452,16
379453,0
379454,0
379455,0
379456,20
379457,0
379458,0
379459,0
379460,0
379461,0
379462,0
379463,0
379464,0
379465,0
379466,0
379467,0
379468,0
379469,0
379470,0
379471,0
379472,0
379473,0
379474,9
379475,0
379476,0
379477,0
379478,0
379479,0
379480,0
379481,0
379482,0
379483,0
379484,13
379485,0
379486,36
379487,0
379488,0
379489,0
379490,0
379491,0
379492,0
379493,10
379494,0
379495,0
379496,0
379497,0
379498,0
379499,0
379500,0
379501,25
379502,0
379503,0
379504,0
379505,0
379506,0
379507,0
379508,0
379509,0
379510,0
379511,0
379512,0
379513,0
379514,0
379515,0
379516,0
379517,0
379518,0
379519,0
379520,0
379521,0
379522,0
379523,14
379524,0
379525,0
379526,0
379527,0
379528,0
379529,0
379530,0
379531,0
379532,0
379533,0
379534,0
379535,0
379536,0
379537,0
379538,0
379539,0
379540,0
379541,0
379542,0
379543,0
379544,0
379545,0
379546,0
379547,0
379548,0
379549,0
379550,0
379551,0
379552,0
379553,0
379554,0
379555,0
379556,0
379557,0
379558,0
379559,0
379560,0
379561,0
379562,0
379563,0
379564,0
379565,0
379566,0
379567,0
379568,0
379569,0
379570,0
379571,0
379572,0
379573,27
379574,14
379575,0
379576,0
379577,16
379578,0
379579,0
379580,0
379581,0
379582,0
379583,0
379584,0
379585,0
379586,0
379587,0
379588,0
379589,0
379590,0
379591,0
379592,0
379593,33
379594,0
379595,0
379596,0
379597,0
379598,0
379599,0
379600,0
379601,0
379602,0
379603,0
379604,0
379605,0
379606,0
379607,0
379608,0
379609,0
379610,22
379611,0
379612,0
379613,0
379614,0
379615,0
379616,0
379617,0
379618,0
379619,0
379620,0
379621,0
379622,0
379623,0
379624,0
379625,0
379626,0
379627,0
379628,0
379629,0
379630,0
379631,0
379632,0
379633,31
379634,0
379635,0
379636,0
379637,16
379638,0
379639,17
379640,13
379641,0
379642,0
379643,0
379644,0
379645,0
379646,0
379647,0
379648,0
379649,0
379650,12
379651,0
379652,0
379653,0
379654,0
379655,0
379656,0
379657,0
379658,0
379659,0
379660,0
379661,0
379662,0
379663,0
379664,0
379665,0
379666,0
379667,0
379668,0
379669,0
379670,0
379671,0
379672,0
379673,0
379674,14
379675,0
379676,0
379677,0
379678,0
379679,0
379680,0
379681,0
379682,0
379683,0
379684,0
379685,14
379686,0
379687,0
379688,0
379689,0
379690,0
379691,0
379692,0
379693,0
379694,0
379695,0
379696,0
379697,0
379698,0
379699,0
379700,20
379701,0
379702,0
379703,0
379704,0
379705,0
379706,0
379707,0
379708,0
379709,0
379710,0
379711,0
379712,0
379713,0
379714,0
379715,0
379716,0
379717,0
379718,0
379719,0
379720,0
379721,0
379722,0
379723,9
379724,0
379725,24
379726,0
379727,0
379728,0
379729,0
379730,0
379731,0
379732,0
379733,0
379734,0
379735,0
379736,0
379737,0
379738,0
379739,0
379740,0
379741,0
379742,0
379743,0
379744,0
379745,0
379746,0
379747,0
379748,0
379749,8
379750,0
379751,15
379752,0
379753,0
379754,0
379755,0
379756,0
379757,0
379758,0
379759,0
379760,0
379761,12
379762,0
379763,0
379764,0
379765,0
379766,0
379767,0
379768,0
379769,0
379770,0
379771,0
379772,0
379773,0
379774,0
379775,0
379776,0
379777,0
379778,0
379779,0
379780,0
379781,0
379782,0
379783,0
379784,0
379785,0
379786,0
379787,0
379788,0
379789,0
379790,28
379791,0
379792,0
379793,0
379794,0
379795,0
379796,0
379797,0
379798,11
379799,0
379800,0
379801,0
379802,0
379803,0
379804,0
379805,0
379806,0
379807,0
379808,0
379809,0
379810,0
379811,0
379812,20
379813,0
379814,0
379815,0
379816,0
379817,0
379818,0
379819,0
379820,0
379821,0
379822,31
379823,0
379824,0
379825,0
379826,14
379827,0
379828,0
379829,0
379830,0
379831,0
379832,0
379833,0
379834,0
379835,0
379836,0
379837,0
379838,0
379839,0
379840,0
379841,0
379842,0
379843,0
379844,0
379845,0
379846,0
379847,0
379848,0
379849,19
379850,0
379851,18
379852,0
379853,27
379854,0
379855,0
379856,0
379857,0
379858,0
379859,0
379860,0
379861,0
379862,0
379863,0
379864,0
379865,0
379866,0
379867,0
379868,0
379869,0
379870,0
379871,0
379872,20
379873,0
379874,0
379875,2
379876,0
379877,0
379878,0
379879,0
379880,0
379881,0
379882,0
379883,0
379884,0
379885,0
379886,0
379887,0
379888,0
379889,0
379890,0
379891,0
379892,0
379893,15
379894,0
379895,0
379896,0
379897,0
379898,0
379899,0
379900,9
379901,20
379902,0
379903,0
379904,0
379905,23
379906,0
379907,0
379908,0
379909,0
379910,0
379911,0
379912,26
379913,0
379914,23
379915,0
379916,0
379917,12
379918,0
379919,0
379920,0
379921,0
379922,0
379923,0
379924,0
379925,0
379926,0
379927,0
379928,0
379929,0
379930,0
379931,0
379932,0
379933,0
379934,25
379935,19
379936,0
379937,0
379938,0
379939,0
379940,0
379941,5
379942,0
379943,0
379944,0
379945,0
379946,0
379947,0
379948,0
379949,0
379950,0
379951,0
379952,0
379953,0
379954,0
379955,0
379956,0
379957,0
379958,0
379959,0
379960,0
379961,13
379962,14
379963,0
379964,0
379965,0
379966,0
379967,0
379968,0
379969,0
379970,0
379971,0
379972,0
379973,0
379974,0
379975,0
379976,0
379977,0
379978,0
379979,0
379980,0
379981,0
379982,0
379983,0
379984,0
379985,0
379986,0
379987,20
379988,17
379989,0
379990,0
379991,15
379992,15
379993,0
379994,0
379995,12
379996,0
379997,0
379998,0
379999,0
380000,0
380001,0
380002,0
380003,0
380004,0
380005,0
380006,0
380007,0
380008,0
380009,0
380010,0
380011,0
380012,0
380013,11
380014,0
380015,0
380016,0
380017,1
380018,0
380019,0
380020,27
380021,0
380022,0
380023,0
380024,0
380025,0
380026,0
380027,0
380028,0
380029,0
380030,0
380031,0
380032,0
380033,0
380034,0
380035,0
380036,0
380037,0
380038,0
380039,0
380040,12
380041,0
380042,5
380043,0
380044,0
380045,0
380046,0
380047,0
380048,0
380049,0
380050,0
380051,0
380052,0
380053,0
380054,0
380055,0
380056,8
380057,0
380058,0
380059,0
380060,0
380061,0
380062,0
380063,0
380064,0
380065,0
380066,0
380067,0
380068,0
380069,0
380070,0
380071,0
380072,15
380073,0
380074,0
380075,0
380076,0
380077,0
380078,0
380079,0
380080,13
380081,15
380082,0
380083,0
380084,0
380085,0
380086,0
380087,0
380088,0
380089,0
380090,0
380091,0
380092,0
380093,0
380094,0
380095,0
380096,0
380097,0
380098,0
380099,0
380100,0
380101,0
380102,0
380103,0
380104,0
380105,0
380106,0
380107,0
380108,0
380109,0
380110,0
380111,0
380112,0
380113,0
380114,0
380115,16
380116,0
380117,0
380118,0
380119,0
380120,7
380121,0
380122,0
380123,0
380124,0
380125,0
380126,0
380127,15
380128,0
380129,14
380130,5
380131,0
380132,0
380133,0
380134,0
380135,0
380136,0
380137,0
380138,0
380139,0
380140,16
380141,0
380142,16
380143,8
380144,0
380145,0
380146,0
380147,0
380148,0
380149,0
380150,0
380151,0
380152,0
380153,0
380154,0
380155,9
380156,0
380157,0
380158,0
380159,7
380160,0
380161,0
380162,0
380163,0
380164,0
380165,0
380166,0
380167,0
380168,6
380169,0
380170,0
380171,0
380172,0
380173,0
380174,0
380175,0
380176,0
380177,6
380178,0
380179,0
380180,0
380181,8
380182,0
380183,11
380184,0
380185,0
380186,0
380187,0
380188,0
380189,9
380190,0
380191,0
380192,6
380193,0
380194,0
380195,0
380196,0
380197,0
380198,0
380199,0
380200,0
380201,0
380202,0
380203,0
380204,4
380205,0
380206,0
380207,9
380208,0
380209,0
380210,13
380211,0
380212,0
380213,0
380214,0
380215,0
380216,0
380217,0
380218,0
380219,0
380220,0
380221,0
380222,0
380223,0
380224,0
380225,8
380226,0
380227,0
380228,0
380229,0
380230,0
380231,0
380232,0
380233,4
380234,0
380235,0
380236,0
380237,5
380238,0
380239,0
380240,0
380241,0
380242,0
380243,0
380244,0
380245,0
380246,0
380247,0
380248,12
380249,0
380250,0
380251,0
380252,0
380253,0
380254,0
380255,0
380256,0
380257,0
380258,2
380259,0
380260,0
380261,0
380262,0
380263,0
380264,8
380265,6
380266,8
380267,0
380268,0
380269,0
380270,0
380271,7
380272,0
380273,0
380274,0
380275,0
380276,0
380277,13
380278,0
380279,0
380280,4
380281,7
380282,0
380283,0
380284,0
380285,0
380286,0
380287,0
380288,0
380289,0
380290,0
380291,0
380292,0
380293,0
380294,0
380295,0
380296,0
380297,0
380298,8
380299,0
380300,11
380301,0
380302,7
380303,0
380304,11
380305,0
380306,6
380307,13
380308,0
380309,0
380310,0
380311,0
380312,0
380313,0
380314,0
380315,0
380316,0
380317,8
380318,0
380319,0
380320,9
380321,0
380322,8
380323,0
380324,0
380325,0
380326,0
380327,0
380328,0
380329,0
380330,13
380331,0
380332,0
380333,7
380334,0
380335,7
380336,0
380337,8
380338,0
380339,0
380340,0
380341,9
380342,0
380343,0
380344,10
380345,0
380346,0
380347,0
380348,0
380349,0
380350,0
380351,0
380352,13
380353,0
380354,0
380355,0
380356,0
380357,0
380358,0
380359,0
380360,9
380361,0
380362,0
380363,0
380364,0
380365,12
380366,0
380367,0
380368,0
380369,0
380370,0
380371,0
380372,0
380373,0
380374,0
380375,0
380376,0
380377,0
380378,0
380379,0
380380,0
380381,0
380382,0
380383,5
380384,0
380385,0
380386,0
380387,0
380388,0
380389,0
380390,0
380391,0
380392,0
380393,0
380394,0
380395,4
380396,0
380397,0
380398,0
380399,0
380400,0
380401,7
380402,0
380403,0
380404,0
380405,4
380406,0
380407,8
380408,0
380409,5
380410,0
380411,7
380412,0
380413,0
380414,0
380415,0
380416,9
380417,0
380418,0
380419,0
380420,0
380421,0
380422,0
380423,0
380424,0
380425,0
380426,0
380427,10
380428,0
380429,0
380430,7
380431,0
380432,5
380433,0
380434,0
380435,0
380436,5
380437,6
380438,0
380439,0
380440,0
380441,0
380442,0
380443,0
380444,0
380445,0
380446,0
380447,0
380448,8
380449,0
380450,0
380451,0
380452,0
380453,0
380454,0
380455,6
380456,0
380457,0
380458,0
380459,0
380460,0
380461,0
380462,0
380463,0
380464,0
380465,7
380466,0
380467,0
380468,0
380469,0
380470,0
380471,0
380472,0
380473,0
380474,0
380475,0
380476,0
380477,0
380478,0
380479,6
380480,0
380481,6
380482,12
380483,0
380484,0
380485,0
380486,0
380487,10
380488,0
380489,0
380490,0
380491,0
380492,0
380493,0
380494,7
380495,0
380496,0
380497,0
380498,0
380499,0
380500,12
380501,0
380502,0
380503,0
380504,6
380505,0
380506,12
380507,0
380508,0
380509,12
380510,5
380511,0
380512,0
380513,0
380514,0
380515,0
380516,0
380517,5
380518,0
380519,3
380520,0
380521,0
380522,0
380523,0
380524,0
380525,0
380526,0
380527,6
380528,0
380529,0
380530,0
380531,0
380532,0
380533,0
380534,0
380535,0
380536,8
380537,0
380538,3
380539,0
380540,0
380541,0
380542,3
380543,0
380544,8
380545,0
380546,0
380547,0
380548,8
380549,0
380550,10
380551,0
380552,0
380553,4
380554,0
380555,0
380556,0
380557,0
380558,8
380559,0
380560,6
380561,0
380562,0
380563,0
380564,0
380565,0
380566,0
380567,0
380568,9
380569,0
380570,0
380571,16
380572,7
380573,9
380574,0
380575,0
380576,0
380577,0
380578,0
380579,0
380580,0
380581,0
380582,0
380583,11
380584,0
380585,0
380586,0
380587,7
380588,0
380589,0
380590,0
380591,0
380592,0
380593,0
380594,0
380595,0
380596,7
380597,0
380598,0
380599,0
380600,0
380601,6
380602,10
380603,0
380604,0
380605,0
380606,0
380607,0
380608,0
380609,5
380610,7
380611,6
380612,0
380613,0
380614,6
380615,0
380616,0
380617,0
380618,0
380619,0
380620,10
380621,0
380622,0
380623,0
380624,0
380625,0
380626,0
380627,0
380628,0
380629,0
380630,0
380631,0
380632,0
380633,0
380634,0
380635,0
380636,0
380637,0
380638,0
380639,0
380640,0
380641,10
380642,0
380643,0
380644,0
380645,0
380646,0
380647,12
380648,0
380649,0
380650,0
380651,0
380652,0
380653,0
380654,12
380655,0
380656,0
380657,0
380658,0
380659,0
380660,0
380661,0
380662,3
380663,0
380664,0
380665,0
380666,0
380667,0
380668,0
380669,0
380670,0
380671,0
380672,3
380673,0
380674,0
380675,0
380676,0
380677,0
380678,3
380679,0
380680,0
380681,6
380682,0
380683,0
380684,0
380685,0
380686,5
380687,4
380688,7
380689,0
380690,0
380691,0
380692,0
380693,0
380694,0
380695,0
380696,4
380697,0
380698,6
380699,0
380700,0
380701,0
380702,14
380703,0
380704,0
380705,0
380706,0
380707,0
380708,15
380709,0
380710,0
380711,0
380712,0
380713,0
380714,0
380715,0
380716,0
380717,0
380718,0
380719,0
380720,0
380721,0
380722,0
380723,0
380724,0
380725,0
380726,0
380727,0
380728,0
380729,0
380730,0
380731,0
380732,6
380733,0
380734,0
380735,0
380736,0
380737,0
380738,5
380739,0
380740,0
380741,0
380742,0
380743,0
380744,0
380745,0
380746,0
380747,0
380748,0
380749,0
380750,0
380751,0
380752,0
380753,0
380754,0
380755,0
380756,0
380757,0
380758,0
380759,11
380760,0
380761,9
380762,0
380763,0
380764,0
380765,0
380766,0
380767,0
380768,0
380769,0
380770,6
380771,14
380772,0
380773,8
380774,0
380775,0
380776,0
380777,0
380778,0
380779,0
380780,0
380781,5
380782,0
380783,0
380784,10
380785,0
380786,0
380787,0
380788,0
380789,0
380790,0
380791,0
380792,0
380793,0
380794,10
380795,0
380796,6
380797,0
380798,0
380799,0
380800,0
380801,0
380802,0
380803,0
380804,0
380805,0
380806,0
380807,10
380808,0
380809,0
380810,10
380811,0
380812,0
380813,2
380814,0
380815,0
380816,0
380817,0
380818,0
380819,9
380820,0
380821,0
380822,0
380823,0
380824,0
380825,0
380826,0
380827,0
380828,0
380829,0
380830,12
380831,0
380832,0
380833,0
380834,0
380835,0
380836,0
380837,0
380838,9
380839,0
380840,0
380841,0
380842,0
380843,18
380844,0
380845,0
380846,32
380847,0
380848,0
380849,0
380850,18
380851,0
380852,0
380853,0
380854,0
380855,0
380856,0
380857,0
380858,0
380859,13
380860,0
380861,16
380862,0
380863,0
380864,0
380865,0
380866,0
380867,22
380868,0
380869,0
380870,0
380871,0
380872,0
380873,0
380874,30
380875,0
380876,0
380877,0
380878,0
380879,0
380880,24
380881,25
380882,0
380883,0
380884,0
380885,26
380886,0
380887,0
380888,0
380889,0
380890,0
380891,0
380892,0
380893,0
380894,0
380895,0
380896,0
380897,35
380898,16
380899,25
380900,0
380901,0
380902,0
380903,0
380904,0
380905,0
380906,0
380907,0
380908,0
380909,0
380910,27
380911,0
380912,0
380913,0
380914,0
380915,0
380916,31
380917,31
380918,0
380919,28
380920,0
380921,0
380922,0
380923,0
380924,37
380925,0
380926,0
380927,0
380928,29
380929,0
380930,0
380931,0
380932,0
380933,0
380934,0
380935,0
380936,39
380937,0
380938,0
380939,0
380940,0
380941,0
380942,0
380943,0
380944,17
380945,0
380946,0
380947,0
380948,32
380949,0
380950,0
380951,0
380952,0
380953,0
380954,0
380955,0
380956,0
380957,0
380958,0
380959,26
380960,0
380961,0
380962,0
380963,0
380964,0
380965,28
380966,31
380967,0
380968,0
380969,32
380970,0
380971,0
380972,32
380973,36
380974,0
380975,0
380976,38
380977,0
380978,0
380979,0
380980,0
380981,0
380982,0
380983,30
380984,0
380985,0
380986,0
380987,0
380988,27
380989,0
380990,26
380991,13
380992,0
380993,22
380994,0
380995,0
380996,0
380997,0
380998,0
380999,0
381000,0
381001,0
381002,28
381003,0
381004,0
381005,0
381006,0
381007,0
381008,0
381009,0
381010,0
381011,0
381012,24
381013,0
381014,0
381015,50
381016,0
381017,0
381018,0
381019,0
381020,0
381021,29
381022,0
381023,0
381024,0
381025,0
381026,0
381027,0
381028,0
381029,0
381030,27
381031,0
381032,0
381033,0
381034,0
381035,0
381036,0
381037,0
381038,0
381039,0
381040,0
381041,0
381042,38
381043,0
381044,0
381045,31
381046,0
381047,21
381048,27
381049,43
381050,0
381051,28
381052,23
381053,0
381054,0
381055,0
381056,0
381057,0
381058,0
381059,0
381060,0
381061,0
381062,40
381063,30
381064,0
381065,23
381066,0
381067,0
381068,0
381069,0
381070,0
381071,0
381072,0
381073,0
381074,0
381075,0
381076,0
381077,0
381078,0
381079,18
381080,27
381081,0
381082,0
381083,0
381084,19
381085,0
381086,0
381087,0
381088,0
381089,0
381090,0
381091,29
381092,0
381093,0
381094,0
381095,11
381096,0
381097,0
381098,0
381099,0
381100,0
381101,30
381102,0
381103,0
381104,0
381105,0
381106,0
381107,0
381108,0
381109,43
381110,0
381111,0
381112,0
381113,0
381114,0
381115,0
381116,0
381117,0
381118,0
381119,23
381120,0
381121,0
381122,0
381123,0
381124,0
381125,0
381126,0
381127,21
381128,0
381129,0
381130,0
381131,0
381132,26
381133,0
381134,21
381135,0
381136,0
381137,0
381138,0
381139,0
381140,0
381141,0
381142,8
381143,0
381144,0
381145,0
381146,18
381147,0
381148,0
381149,31
381150,0
381151,24
381152,0
381153,0
381154,0
381155,0
381156,0
381157,0
381158,0
381159,0
381160,0
381161,0
381162,0
381163,0
381164,0
381165,0
381166,0
381167,0
381168,0
381169,0
381170,0
381171,0
381172,29
381173,0
381174,0
381175,0
381176,0
381177,0
381178,0
381179,13
381180,0
381181,0
381182,0
381183,19
381184,0
381185,0
381186,35
381187,23
381188,0
381189,0
381190,35
381191,0
381192,0
381193,31
381194,0
381195,0
381196,0
381197,0
381198,0
381199,0
381200,0
381201,0
381202,0
381203,0
381204,0
381205,0
381206,0
381207,0
381208,0
381209,0
381210,0
381211,0
381212,0
381213,0
381214,0
381215,0
381216,0
381217,0
381218,0
381219,0
381220,0
381221,0
381222,0
381223,24
381224,0
381225,40
381226,0
381227,0
381228,0
381229,0
381230,0
381231,0
381232,0
381233,0
381234,0
381235,14
381236,0
381237,0
381238,0
381239,0
381240,0
381241,0
381242,18
381243,0
381244,0
381245,0
381246,0
381247,15
381248,0
381249,0
381250,27
381251,0
381252,0
381253,0
381254,28
381255,0
381256,0
381257,0
381258,0
381259,0
381260,40
381261,0
381262,15
381263,0
381264,0
381265,0
381266,0
381267,0
381268,0
381269,0
381270,46
381271,0
381272,0
381273,0
381274,0
381275,0
381276,0
381277,30
381278,0
381279,0
381280,30
381281,0
381282,20
381283,0
381284,0
381285,0
381286,16
381287,0
381288,20
381289,0
381290,0
381291,15
381292,0
381293,0
381294,0
381295,0
381296,0
381297,20
381298,0
381299,0
381300,0
381301,0
381302,0
381303,0
381304,37
381305,0
381306,0
381307,0
381308,0
381309,0
381310,0
381311,29
381312,27
381313,0
381314,0
381315,0
381316,0
381317,0
381318,0
381319,0
381320,0
381321,0
381322,28
381323,30
381324,0
381325,0
381326,0
381327,0
381328,24
381329,0
381330,0
381331,36
381332,0
381333,18
381334,0
381335,0
381336,0
381337,0
381338,0
381339,0
381340,0
381341,0
381342,0
381343,0
381344,0
381345,0
381346,0
381347,0
381348,0
381349,0
381350,0
381351,0
381352,0
381353,0
381354,0
381355,0
381356,0
381357,0
381358,0
381359,0
381360,0
381361,0
381362,0
381363,0
381364,0
381365,0
381366,0
381367,0
381368,0
381369,0
381370,0
381371,0
381372,0
381373,19
381374,0
381375,0
381376,0
381377,0
381378,23
381379,0
381380,0
381381,0
381382,0
381383,0
381384,0
381385,0
381386,0
381387,0
381388,0
381389,0
381390,0
381391,0
381392,0
381393,0
381394,0
381395,0
381396,0
381397,0
381398,0
381399,0
381400,0
381401,0
381402,0
381403,15
381404,0
381405,0
381406,0
381407,0
381408,0
381409,0
381410,0
381411,0
381412,0
381413,35
381414,0
381415,0
381416,0
381417,0
381418,0
381419,41
381420,0
381421,0
381422,0
381423,0
381424,0
381425,0
381426,0
381427,0
381428,0
381429,0
381430,23
381431,0
381432,0
381433,0
381434,0
381435,0
381436,0
381437,0
381438,0
381439,0
381440,0
381441,0
381442,0
381443,21
381444,0
381445,0
381446,0
381447,0
381448,0
381449,0
381450,0
381451,0
381452,0
381453,0
381454,0
381455,0
381456,0
381457,0
381458,0
381459,27
381460,0
381461,0
381462,0
381463,0
381464,13
381465,0
381466,0
381467,0
381468,24
381469,0
381470,0
381471,0
381472,0
381473,0
381474,0
381475,0
381476,0
381477,0
381478,0
381479,0
381480,0
381481,0
381482,0
381483,0
381484,0
381485,0
381486,0
381487,0
381488,0
381489,29
381490,0
381491,0
381492,0
381493,0
381494,0
381495,0
381496,37
381497,0
381498,0
381499,0
381500,0
381501,0
381502,0
381503,0
381504,0
381505,0
381506,26
381507,0
381508,0
381509,0
381510,0
381511,0
381512,0
381513,0
381514,0
381515,0
381516,0
381517,0
381518,0
381519,0
381520,24
381521,0
381522,0
381523,0
381524,0
381525,0
381526,0
381527,0
381528,27
381529,23
381530,0
381531,0
381532,0
381533,0
381534,0
381535,0
381536,21
381537,0
381538,18
381539,0
381540,20
381541,0
381542,0
381543,0
381544,0
381545,0
381546,18
381547,0
381548,17
381549,0
381550,7
381551,0
381552,0
381553,0
381554,0
381555,0
381556,0
381557,0
381558,0
381559,0
381560,0
381561,0
381562,0
381563,0
381564,0
381565,0
381566,0
381567,0
381568,0
381569,0
381570,0
381571,0
381572,0
381573,0
381574,0
381575,0
381576,0
381577,19
381578,0
381579,11
381580,0
381581,0
381582,0
381583,0
381584,0
381585,0
381586,0
381587,40
381588,0
381589,0
381590,0
381591,19
381592,0
381593,0
381594,30
381595,12
381596,0
381597,35
381598,0
381599,0
381600,0
381601,28
381602,0
381603,53
381604,0
381605,0
381606,0
381607,0
381608,0
381609,0
381610,0
381611,0
381612,0
381613,22
381614,0
381615,0
381616,0
381617,0
381618,0
381619,0
381620,0
381621,0
381622,0
381623,0
381624,0
381625,0
381626,0
381627,33
381628,0
381629,17
381630,0
381631,0
381632,0
381633,0
381634,0
381635,0
381636,0
381637,0
381638,0
381639,0
381640,0
381641,0
381642,16
381643,0
381644,0
381645,0
381646,0
381647,0
381648,0
381649,34
381650,20
381651,0
381652,0
381653,0
381654,0
381655,0
381656,0
381657,0
381658,0
381659,0
381660,17
381661,0
381662,0
381663,0
381664,19
381665,28
381666,22
381667,0
381668,0
381669,20
381670,0
381671,28
381672,0
381673,0
381674,0
381675,24
381676,0
381677,37
381678,0
381679,0
381680,0
381681,0
381682,0
381683,0
381684,0
381685,0
381686,0
381687,0
381688,0
381689,0
381690,0
381691,0
381692,0
381693,0
381694,24
381695,0
381696,0
381697,44
381698,0
381699,19
381700,0
381701,0
381702,0
381703,0
381704,0
381705,0
381706,0
381707,0
381708,0
381709,0
381710,0
381711,0
381712,0
381713,0
381714,0
381715,0
381716,0
381717,0
381718,0
381719,21
381720,0
381721,0
381722,0
381723,31
381724,0
381725,0
381726,0
381727,0
381728,0
381729,0
381730,0
381731,0
381732,0
381733,0
381734,0
381735,21
381736,0
381737,0
381738,9
381739,0
381740,0
381741,0
381742,0
381743,0
381744,0
381745,0
381746,0
381747,0
381748,0
381749,0
381750,0
381751,0
381752,0
381753,0
381754,0
381755,0
381756,0
381757,0
381758,0
381759,0
381760,0
381761,0
381762,0
381763,0
381764,0
381765,0
381766,0
381767,0
381768,0
381769,19
381770,0
381771,0
381772,0
381773,0
381774,0
381775,0
381776,0
381777,0
381778,0
381779,0
381780,0
381781,0
381782,0
381783,0
381784,0
381785,23
381786,21
381787,0
381788,0
381789,0
381790,0
381791,0
381792,31
381793,0
381794,0
381795,0
381796,0
381797,25
381798,0
381799,0
381800,0
381801,0
381802,0
381803,0
381804,0
381805,0
381806,0
381807,0
381808,38
381809,23
381810,0
381811,0
381812,0
381813,25
381814,17
381815,6
381816,0
381817,0
381818,0
381819,22
381820,0
381821,0
381822,0
381823,0
381824,0
381825,0
381826,0
381827,0
381828,0
381829,0
381830,0
381831,0
381832,0
381833,0
381834,0
381835,0
381836,10
381837,0
381838,0
381839,0
381840,0
381841,23
381842,0
381843,0
381844,0
381845,0
381846,0
381847,0
381848,0
381849,0
381850,0
381851,0
381852,0
381853,0
381854,0
381855,0
381856,29
381857,0
381858,0
381859,0
381860,0
381861,0
381862,9
381863,0
381864,26
381865,0
381866,0
381867,0
381868,0
381869,0
381870,0
381871,0
381872,0
381873,32
381874,0
381875,0
381876,19
381877,0
381878,0
381879,0
381880,0
381881,0
381882,0
381883,0
381884,0
381885,0
381886,0
381887,0
381888,41
381889,0
381890,0
381891,0
381892,0
381893,9
381894,21
381895,0
381896,0
381897,0
381898,22
381899,7
381900,0
381901,26
381902,0
381903,0
381904,0
381905,0
381906,0
381907,0
381908,0
381909,0
381910,0
381911,0
381912,0
381913,0
381914,23
381915,0
381916,6
381917,0
381918,0
381919,0
381920,0
381921,0
381922,5
381923,0
381924,0
381925,0
381926,0
381927,0
381928,0
381929,0
381930,0
381931,0
381932,1
381933,0
381934,0
381935,0
381936,0
381937,0
381938,0
381939,0
381940,0
381941,0
381942,0
381943,0
381944,0
381945,0
381946,0
381947,0
381948,0
381949,0
381950,0
381951,0
381952,0
381953,4
381954,0
381955,0
381956,0
381957,0
381958,0
381959,0
381960,0
381961,0
381962,0
381963,0
381964,0
381965,0
381966,0
381967,0
381968,0
381969,0
381970,0
381971,0
381972,2
381973,0
381974,0
381975,0
381976,0
381977,0
381978,0
381979,0
381980,0
381981,0
381982,0
381983,0
381984,0
381985,0
381986,0
381987,0
381988,0
381989,0
381990,0
381991,0
381992,0
381993,0
381994,0
381995,0
381996,0
381997,0
381998,0
381999,0
382000,0
382001,0
382002,4
382003,0
382004,0
382005,0
382006,0
382007,0
382008,0
382009,0
382010,0
382011,0
382012,0
382013,0
382014,0
382015,7
382016,0
382017,0
382018,0
382019,0
382020,0
382021,0
382022,0
382023,0
382024,0
382025,0
382026,0
382027,0
382028,0
382029,0
382030,0
382031,0
382032,0
382033,0
382034,0
382035,0
382036,0
382037,0
382038,0
382039,0
382040,0
382041,0
382042,0
382043,0
382044,0
382045,0
382046,0
382047,0
382048,0
382049,0
382050,0
382051,0
382052,1
382053,0
382054,0
382055,0
382056,0
382057,0
382058,0
382059,0
382060,0
382061,0
382062,0
382063,0
382064,0
382065,0
382066,0
382067,0
382068,0
382069,0
382070,0
382071,0
382072,0
382073,0
382074,0
382075,0
382076,0
382077,0
382078,0
382079,0
382080,0
382081,0
382082,0
382083,0
382084,0
382085,0
382086,0
382087,0
382088,0
382089,0
382090,0
382091,0
382092,0
382093,0
382094,0
382095,0
382096,0
382097,0
382098,0
382099,0
382100,0
382101,0
382102,2
382103,0
382104,0
382105,0
382106,3
382107,0
382108,0
382109,0
382110,0
382111,0
382112,0
382113,3
382114,0
382115,0
382116,0
382117,0
382118,0
382119,0
382120,0
382121,0
382122,0
382123,4
382124,0
382125,0
382126,0
382127,0
382128,0
382129,0
382130,0
382131,0
382132,0
382133,0
382134,0
382135,0
382136,3
382137,0
382138,0
382139,0
382140,0
382141,0
382142,0
382143,0
382144,0
382145,0
382146,5
382147,0
382148,0
382149,0
382150,0
382151,0
382152,0
382153,5
382154,0
382155,0
382156,0
382157,0
382158,0
382159,0
382160,0
382161,0
382162,0
382163,0
382164,0
382165,0
382166,0
382167,0
382168,0
382169,0
382170,0
382171,0
382172,0
382173,5
382174,0
382175,0
382176,0
382177,0
382178,4
382179,0
382180,0
382181,0
382182,0
382183,0
382184,0
382185,0
382186,0
382187,0
382188,0
382189,0
382190,0
382191,7
382192,0
382193,0
382194,0
382195,0
382196,0
382197,4
382198,0
382199,0
382200,0
382201,0
382202,0
382203,0
382204,0
382205,0
382206,0
382207,0
382208,0
382209,0
382210,0
382211,0
382212,0
382213,3
382214,0
382215,0
382216,0
382217,0
382218,4
382219,0
382220,0
382221,0
382222,4
382223,0
382224,0
382225,0
382226,0
382227,0
382228,0
382229,0
382230,0
382231,0
382232,0
382233,0
382234,0
382235,0
382236,0
382237,0
382238,0
382239,0
382240,0
382241,2
382242,0
382243,0
382244,0
382245,0
382246,0
382247,0
382248,0
382249,0
382250,0
382251,0
382252,0
382253,0
382254,0
382255,5
382256,0
382257,0
382258,0
382259,0
382260,0
382261,0
382262,0
382263,0
382264,0
382265,6
382266,0
382267,0
382268,5
382269,0
382270,0
382271,0
382272,0
382273,0
382274,0
382275,0
382276,0
382277,0
382278,0
382279,0
382280,0
382281,0
382282,0
382283,0
382284,0
382285,0
382286,0
382287,0
382288,0
382289,0
382290,0
382291,0
382292,0
382293,0
382294,0
382295,0
382296,0
382297,0
382298,0
382299,0
382300,0
382301,6
382302,0
382303,0
382304,0
382305,0
382306,0
382307,0
382308,0
382309,0
382310,0
382311,0
382312,0
382313,6
382314,0
382315,0
382316,0
382317,0
382318,0
382319,0
382320,0
382321,0
382322,7
382323,0
382324,0
382325,0
382326,0
382327,0
382328,0
382329,0
382330,0
382331,0
382332,0
382333,0
382334,0
382335,0
382336,0
382337,0
382338,0
382339,0
382340,0
382341,18
382342,0
382343,0
382344,0
382345,0
382346,0
382347,0
382348,0
382349,0
382350,0
382351,0
382352,0
382353,0
382354,0
382355,0
382356,0
382357,0
382358,0
382359,0
382360,0
382361,0
382362,0
382363,0
382364,0
382365,0
382366,0
382367,0
382368,0
382369,0
382370,0
382371,0
382372,0
382373,0
382374,0
382375,0
382376,0
382377,0
382378,0
382379,0
382380,0
382381,0
382382,0
382383,0
382384,0
382385,0
382386,0
382387,0
382388,0
382389,0
382390,0
382391,0
382392,0
382393,0
382394,0
382395,0
382396,0
382397,0
382398,0
382399,0
382400,0
382401,0
382402,0
382403,0
382404,0
382405,0
382406,0
382407,0
382408,0
382409,0
382410,0
382411,0
382412,0
382413,0
382414,0
382415,0
382416,0
382417,0
382418,0
382419,0
382420,0
382421,0
382422,21
382423,0
382424,0
382425,0
382426,0
382427,0
382428,0
382429,0
382430,0
382431,0
382432,0
382433,0
382434,0
382435,0
382436,0
382437,0
382438,0
382439,0
382440,0
382441,0
382442,0
382443,0
382444,0
382445,0
382446,0
382447,0
382448,0
382449,0
382450,0
382451,0
382452,0
382453,0
382454,0
382455,0
382456,0
382457,34
382458,0
382459,0
382460,0
382461,0
382462,0
382463,0
382464,0
382465,0
382466,0
382467,0
382468,0
382469,0
382470,0
382471,0
382472,0
382473,0
382474,0
382475,0
382476,0
382477,0
382478,0
382479,0
382480,0
382481,0
382482,0
382483,0
382484,0
382485,0
382486,0
382487,0
382488,0
382489,0
382490,8
382491,0
382492,0
382493,0
382494,0
382495,0
382496,0
382497,0
382498,0
382499,0
382500,0
382501,0
382502,0
382503,0
382504,0
382505,0
382506,0
382507,0
382508,0
382509,0
382510,0
382511,0
382512,0
382513,0
382514,0
382515,0
382516,12
382517,0
382518,0
382519,0
382520,0
382521,0
382522,0
382523,0
382524,0
382525,0
382526,0
382527,0
382528,0
382529,0
382530,0
382531,0
382532,0
382533,0
382534,0
382535,0
382536,0
382537,0
382538,5
382539,0
382540,0
382541,0
382542,0
382543,0
382544,0
382545,0
382546,0
382547,0
382548,0
382549,0
382550,0
382551,0
382552,0
382553,0
382554,0
382555,0
382556,0
382557,0
382558,0
382559,0
382560,0
382561,0
382562,0
382563,0
382564,0
382565,0
382566,0
382567,0
382568,0
382569,8
382570,0
382571,0
382572,0
382573,0
382574,0
382575,0
382576,0
382577,0
382578,0
382579,0
382580,0
382581,0
382582,0
382583,0
382584,0
382585,0
382586,0
382587,10
382588,0
382589,0
382590,0
382591,0
382592,0
382593,0
382594,0
382595,0
382596,0
382597,0
382598,0
382599,0
382600,53
382601,0
382602,25
382603,0
382604,30
382605,0
382606,21
382607,0
382608,0
382609,0
382610,0
382611,30
382612,27
382613,0
382614,0
382615,33
382616,0
382617,11
382618,0
382619,0
382620,0
382621,0
382622,0
382623,34
382624,0
382625,0
382626,0
382627,26
382628,34
382629,0
382630,0
382631,25
382632,0
382633,21
382634,0
382635,25
382636,0
382637,0
382638,18
382639,0
382640,0
382641,0
382642,16
382643,0
382644,20
382645,0
382646,0
382647,0
382648,0
382649,0
382650,0
382651,17
382652,0
382653,0
382654,0
382655,0
382656,0
382657,0
382658,0
382659,0
382660,0
382661,47
382662,0
382663,0
382664,0
382665,0
382666,0
382667,0
382668,0
382669,16
382670,0
382671,0
382672,28
382673,0
382674,0
382675,0
382676,0
382677,0
382678,18
382679,0
382680,0
382681,0
382682,0
382683,0
382684,0
382685,0
382686,0
382687,19
382688,0
382689,0
382690,0
382691,0
382692,28
382693,0
382694,0
382695,16
382696,0
382697,0
382698,0
382699,0
382700,30
382701,0
382702,0
382703,0
382704,0
382705,0
382706,0
382707,0
382708,0
382709,42
382710,0
382711,0
382712,0
382713,0
382714,0
382715,0
382716,15
382717,0
382718,0
382719,33
382720,0
382721,0
382722,0
382723,0
382724,0
382725,0
382726,0
382727,31
382728,0
382729,0
382730,26
382731,0
382732,0
382733,0
382734,26
382735,0
382736,0
382737,25
382738,0
382739,25
382740,0
382741,0
382742,0
382743,0
382744,0
382745,0
382746,0
382747,16
382748,0
382749,0
382750,0
382751,0
382752,0
382753,0
382754,0
382755,0
382756,0
382757,0
382758,0
382759,0
382760,0
382761,0
382762,0
382763,27
382764,0
382765,0
382766,0
382767,0
382768,27
382769,38
382770,20
382771,0
382772,0
382773,0
382774,0
382775,26
382776,0
382777,0
382778,0
382779,0
382780,0
382781,0
382782,0
382783,0
382784,24
382785,0
382786,0
382787,0
382788,0
382789,38
382790,0
382791,0
382792,0
382793,24
382794,0
382795,0
382796,0
382797,0
382798,0
382799,31
382800,0
382801,24
382802,0
382803,0
382804,20
382805,0
382806,0
382807,0
382808,0
382809,0
382810,0
382811,0
382812,0
382813,0
382814,0
382815,0
382816,0
382817,0
382818,0
382819,0
382820,0
382821,22
382822,0
382823,0
382824,0
382825,0
382826,0
382827,0
382828,0
382829,0
382830,17
382831,0
382832,0
382833,0
382834,0
382835,0
382836,0
382837,0
382838,0
382839,0
382840,0
382841,0
382842,0
382843,0
382844,0
382845,0
382846,0
382847,0
382848,0
382849,0
382850,0
382851,0
382852,0
382853,0
382854,0
382855,0
382856,0
382857,0
382858,0
382859,0
382860,0
382861,0
382862,0
382863,0
382864,0
382865,0
382866,0
382867,0
382868,22
382869,0
382870,0
382871,0
382872,0
382873,0
382874,0
382875,0
382876,0
382877,0
382878,0
382879,0
382880,0
382881,0
382882,0
382883,0
382884,0
382885,0
382886,0
382887,0
382888,0
382889,0
382890,0
382891,0
382892,0
382893,0
382894,0
382895,0
382896,0
382897,0
382898,0
382899,0
382900,0
382901,0
382902,16
382903,0
382904,17
382905,0
382906,0
382907,0
382908,18
382909,0
382910,0
382911,0
382912,0
382913,0
382914,27
382915,0
382916,0
382917,0
382918,0
382919,20
382920,0
382921,0
382922,0
382923,0
382924,0
382925,0
382926,21
382927,0
382928,0
382929,0
382930,0
382931,0
382932,0
382933,0
382934,0
382935,0
382936,0
382937,0
382938,20
382939,0
382940,0
382941,0
382942,17
382943,0
382944,0
382945,0
382946,0
382947,0
382948,0
382949,0
382950,0
382951,0
382952,0
382953,0
382954,0
382955,0
382956,0
382957,0
382958,8
382959,20
382960,0
382961,0
382962,20
382963,0
382964,0
382965,0
382966,0
382967,0
382968,0
382969,0
382970,17
382971,10
382972,0
382973,0
382974,0
382975,0
382976,22
382977,0
382978,0
382979,0
382980,0
382981,0
382982,0
382983,0
382984,0
382985,0
382986,0
382987,0
382988,0
382989,0
382990,0
382991,0
382992,0
382993,19
382994,0
382995,0
382996,0
382997,0
382998,0
382999,0
383000,0
383001,0
383002,15
383003,0
383004,0
383005,0
383006,0
383007,0
383008,0
383009,0
383010,23
383011,0
383012,0
383013,0
383014,0
383015,0
383016,20
383017,0
383018,0
383019,0
383020,0
383021,11
383022,0
383023,0
383024,0
383025,0
383026,0
383027,0
383028,0
383029,0
383030,0
383031,0
383032,0
383033,0
383034,0
383035,0
383036,0
383037,0
383038,0
383039,0
383040,0
383041,0
383042,0
383043,14
383044,0
383045,0
383046,0
383047,0
383048,0
383049,0
383050,0
383051,0
383052,0
383053,0
383054,0
383055,0
383056,23
383057,0
383058,0
383059,0
383060,0
383061,0
383062,0
383063,16
383064,18
383065,0
383066,0
383067,0
383068,0
383069,0
383070,0
383071,0
383072,0
383073,0
383074,0
383075,0
383076,0
383077,0
383078,0
383079,0
383080,0
383081,0
383082,0
383083,0
383084,0
383085,0
383086,0
383087,0
383088,10
383089,0
383090,0
383091,0
383092,0
383093,0
383094,0
383095,0
383096,0
383097,0
383098,0
383099,0
383100,0
383101,12
383102,0
383103,0
383104,0
383105,0
383106,0
383107,0
383108,0
383109,26
383110,0
383111,0
383112,0
383113,0
383114,0
383115,0
383116,0
383117,0
383118,0
383119,0
383120,0
383121,0
383122,0
383123,0
383124,0
383125,0
383126,0
383127,0
383128,0
383129,21
383130,19
383131,0
383132,0
383133,0
383134,0
383135,0
383136,0
383137,0
383138,0
383139,0
383140,0
383141,0
383142,14
383143,0
383144,0
383145,0
383146,0
383147,0
383148,0
383149,0
383150,0
383151,0
383152,0
383153,0
383154,0
383155,0
383156,0
383157,28
383158,0
383159,0
383160,0
383161,0
383162,0
383163,0
383164,0
383165,0
383166,0
383167,0
383168,0
383169,0
383170,0
383171,0
383172,0
383173,0
383174,0
383175,0
383176,0
383177,0
383178,0
383179,0
383180,0
383181,12
383182,20
383183,0
383184,0
383185,0
383186,0
383187,0
383188,0
383189,0
383190,0
383191,0
383192,0
383193,0
383194,0
383195,0
383196,0
383197,0
383198,0
383199,0
383200,0
383201,17
383202,31
383203,0
383204,0
383205,0
383206,0
383207,0
383208,0
383209,0
383210,0
383211,0
383212,0
383213,0
383214,0
383215,0
383216,0
383217,0
383218,0
383219,0
383220,0
383221,20
383222,0
383223,0
383224,17
383225,0
383226,0
383227,0
383228,0
383229,0
383230,0
383231,0
383232,0
383233,0
383234,0
383235,0
383236,0
383237,0
383238,0
383239,0
383240,0
383241,0
383242,0
383243,0
383244,0
383245,0
383246,0
383247,0
383248,0
383249,0
383250,15
383251,0
383252,0
383253,0
383254,0
383255,0
383256,0
383257,0
383258,0
383259,0
383260,0
383261,0
383262,0
383263,0
383264,0
383265,0
383266,0
383267,22
383268,0
383269,0
383270,0
383271,0
383272,0
383273,17
383274,0
383275,0
383276,0
383277,0
383278,0
383279,0
383280,0
383281,0
383282,0
383283,0
383284,0
383285,0
383286,0
383287,24
383288,0
383289,0
383290,0
383291,0
383292,0
383293,0
383294,0
383295,0
383296,0
383297,0
383298,0
383299,0
383300,0
383301,0
383302,0
383303,0
383304,0
383305,0
383306,25
383307,0
383308,0
383309,0
383310,0
383311,0
383312,0
383313,0
383314,0
383315,0
383316,0
383317,0
383318,11
383319,0
383320,0
383321,0
383322,0
383323,0
383324,0
383325,0
383326,15
383327,0
383328,0
383329,0
383330,0
383331,0
383332,0
383333,0
383334,0
383335,0
383336,0
383337,0
383338,0
383339,0
383340,0
383341,0
383342,18
383343,0
383344,0
383345,0
383346,0
383347,25
383348,0
383349,0
383350,0
383351,0
383352,0
383353,0
383354,0
383355,0
383356,0
383357,0
383358,14
383359,0
383360,19
383361,0
383362,0
383363,0
383364,0
383365,0
383366,19
383367,0
383368,0
383369,0
383370,20
383371,0
383372,0
383373,0
383374,0
383375,0
383376,0
383377,34
383378,0
383379,21
383380,0
383381,0
383382,0
383383,0
383384,0
383385,0
383386,0
383387,0
383388,0
383389,0
383390,0
383391,0
383392,0
383393,0
383394,0
383395,0
383396,19
383397,0
383398,22
383399,0
383400,0
383401,0
383402,0
383403,0
383404,0
383405,0
383406,0
383407,0
383408,0
383409,0
383410,0
383411,0
383412,0
383413,0
383414,0
383415,0
383416,0
383417,0
383418,0
383419,0
383420,0
383421,0
383422,0
383423,0
383424,0
383425,0
383426,0
383427,0
383428,0
383429,19
383430,0
383431,0
383432,0
383433,0
383434,14
383435,0
383436,0
383437,0
383438,22
383439,0
383440,0
383441,0
383442,0
383443,14
383444,0
383445,0
383446,19
383447,0
383448,0
383449,0
383450,0
383451,0
383452,0
383453,0
383454,0
383455,0
383456,0
383457,0
383458,0
383459,0
383460,0
383461,0
383462,0
383463,0
383464,0
383465,0
383466,0
383467,0
383468,0
383469,0
383470,0
383471,0
383472,0
383473,0
383474,0
383475,30
383476,0
383477,0
383478,0
383479,0
383480,0
383481,0
383482,0
383483,0
383484,0
383485,0
383486,0
383487,0
383488,0
383489,22
383490,0
383491,0
383492,0
383493,0
383494,0
383495,0
383496,0
383497,0
383498,0
383499,0
383500,29
383501,0
383502,19
383503,0
383504,0
383505,0
383506,0
383507,0
383508,29
383509,0
383510,0
383511,11
383512,0
383513,16
383514,0
383515,0
383516,0
383517,0
383518,0
383519,0
383520,0
383521,0
383522,0
383523,17
383524,0
383525,0
383526,0
383527,0
383528,0
383529,0
383530,0
383531,19
383532,0
383533,0
383534,0
383535,0
383536,0
383537,0
383538,0
383539,0
383540,0
383541,0
383542,0
383543,0
383544,0
383545,0
383546,0
383547,0
383548,0
383549,0
383550,0
383551,0
383552,0
383553,0
383554,0
383555,0
383556,0
383557,0
383558,0
383559,0
383560,0
383561,0
383562,14
383563,0
383564,0
383565,27
383566,0
383567,0
383568,0
383569,26
383570,0
383571,0
383572,0
383573,0
383574,0
383575,0
383576,0
383577,0
383578,0
383579,0
383580,0
383581,0
383582,0
383583,0
383584,0
383585,0
383586,0
383587,0
383588,20
383589,0
383590,0
383591,0
383592,0
383593,0
383594,0
383595,0
383596,0
383597,0
383598,0
383599,0
383600,0
383601,0
383602,0
383603,0
383604,0
383605,23
383606,0
383607,0
383608,0
383609,16
383610,11
383611,0
383612,0
383613,13
383614,0
383615,0
383616,30
383617,0
383618,0
383619,0
383620,0
383621,0
383622,0
383623,0
383624,0
383625,12
383626,0
383627,0
383628,16
383629,0
383630,0
383631,0
383632,0
383633,0
383634,0
383635,0
383636,0
383637,0
383638,0
383639,0
383640,0
383641,0
383642,22
383643,0
383644,0
383645,0
383646,0
383647,0
383648,18
383649,0
383650,0
383651,0
383652,0
383653,0
383654,0
383655,0
383656,0
383657,0
383658,0
383659,0
383660,0
383661,0
383662,0
383663,0
383664,0
383665,0
383666,0
383667,0
383668,0
383669,0
383670,0
383671,0
383672,0
383673,0
383674,0
383675,0
383676,0
383677,0
383678,0
383679,0
383680,0
383681,0
383682,0
383683,0
383684,0
383685,0
383686,0
383687,0
383688,0
383689,11
383690,0
383691,17
383692,0
383693,15
383694,20
383695,0
383696,0
383697,0
383698,0
383699,0
383700,0
383701,0
383702,0
383703,0
383704,23
383705,20
383706,0
383707,0
383708,9
383709,0
383710,0
383711,0
383712,0
383713,0
383714,0
383715,0
383716,0
383717,0
383718,0
383719,16
383720,0
383721,0
383722,0
383723,0
383724,0
383725,0
383726,0
383727,0
383728,0
383729,0
383730,0
383731,0
383732,0
383733,0
383734,25
383735,10
383736,22
383737,0
383738,0
383739,0
383740,0
383741,0
383742,0
383743,0
383744,0
383745,0
383746,0
383747,0
383748,0
383749,0
383750,0
383751,0
383752,0
383753,0
383754,0
383755,0
383756,0
383757,0
383758,0
383759,0
383760,0
383761,0
383762,0
383763,0
383764,0
383765,0
383766,0
383767,0
383768,0
383769,0
383770,0
383771,0
383772,0
383773,0
383774,0
383775,0
383776,0
383777,0
383778,0
383779,0
383780,0
383781,0
383782,0
383783,0
383784,0
383785,0
383786,0
383787,0
383788,0
383789,0
383790,0
383791,0
383792,0
383793,0
383794,0
383795,0
383796,0
383797,0
383798,0
383799,0
383800,0
383801,0
383802,0
383803,0
383804,0
383805,0
383806,0
383807,0
383808,0
383809,0
383810,0
383811,0
383812,0
383813,0
383814,0
383815,0
383816,7
383817,0
383818,4
383819,0
383820,0
383821,0
383822,4
383823,0
383824,0
383825,0
383826,3
383827,0
383828,0
383829,0
383830,0
383831,0
383832,0
383833,0
383834,0
383835,0
383836,0
383837,0
383838,0
383839,0
383840,0
383841,0
383842,0
383843,8
383844,5
383845,5
383846,0
383847,0
383848,9
383849,7
383850,0
383851,5
383852,0
383853,0
383854,0
383855,0
383856,3
383857,6
383858,7
383859,0
383860,0
383861,0
383862,0
383863,0
383864,0
383865,3
383866,3
383867,4
383868,0
383869,0
383870,0
383871,0
383872,0
383873,7
383874,0
383875,0
383876,0
383877,0
383878,10
383879,0
383880,0
383881,0
383882,0
383883,0
383884,0
383885,0
383886,1
383887,0
383888,0
383889,0
383890,0
383891,0
383892,0
383893,0
383894,3
383895,6
383896,0
383897,0
383898,0
383899,0
383900,0
383901,0
383902,0
383903,5
383904,0
383905,0
383906,0
383907,4
383908,0
383909,0
383910,0
383911,0
383912,0
383913,0
383914,0
383915,0
383916,0
383917,0
383918,0
383919,5
383920,0
383921,2
383922,0
383923,0
383924,0
383925,0
383926,1
383927,0
383928,0
383929,0
383930,0
383931,3
383932,0
383933,0
383934,0
383935,0
383936,0
383937,8
383938,4
383939,0
383940,0
383941,0
383942,6
383943,0
383944,0
383945,0
383946,0
383947,0
383948,0
383949,0
383950,5
383951,0
383952,0
383953,0
383954,0
383955,0
383956,0
383957,0
383958,0
383959,0
383960,0
383961,0
383962,0
383963,0
383964,11
383965,6
383966,6
383967,0
383968,4
383969,0
383970,0
383971,0
383972,0
383973,0
383974,0
383975,0
383976,0
383977,0
383978,0
383979,0
383980,6
383981,0
383982,0
383983,0
383984,0
383985,0
383986,0
383987,0
383988,0
383989,0
383990,0
383991,8
383992,0
383993,0
383994,0
383995,0
383996,0
383997,0
383998,0
383999,0
384000,0
384001,0
384002,0
384003,0
384004,0
384005,0
384006,4
384007,5
384008,0
384009,8
384010,0
384011,0
384012,0
384013,5
384014,3
384015,0
384016,0
384017,0
384018,0
384019,0
384020,0
384021,5
384022,7
384023,8
384024,8
384025,0
384026,8
384027,8
384028,7
384029,13
384030,0
384031,0
384032,0
384033,0
384034,0
384035,0
384036,8
384037,0
384038,0
384039,5
384040,0
384041,0
384042,0
384043,5
384044,0
384045,0
384046,3
384047,0
384048,0
384049,4
384050,0
384051,0
384052,0
384053,0
384054,0
384055,0
384056,0
384057,0
384058,8
384059,0
384060,0
384061,0
384062,0
384063,6
384064,0
384065,0
384066,0
384067,0
384068,0
384069,0
384070,0
384071,2
384072,0
384073,6
384074,0
384075,0
384076,0
384077,0
384078,0
384079,0
384080,0
384081,0
384082,0
384083,0
384084,0
384085,0
384086,0
384087,0
384088,0
384089,0
384090,5
384091,0
384092,5
384093,0
384094,0
384095,0
384096,0
384097,0
384098,0
384099,0
384100,2
384101,0
384102,0
384103,0
384104,0
384105,0
384106,8
384107,0
384108,0
384109,0
384110,0
384111,0
384112,0
384113,9
384114,0
384115,0
384116,0
384117,0
384118,0
384119,0
384120,0
384121,0
384122,0
384123,0
384124,0
384125,5
384126,6
384127,0
384128,9
384129,0
384130,0
384131,6
384132,0
384133,0
384134,5
384135,0
384136,0
384137,2
384138,0
384139,9
384140,0
384141,5
384142,0
384143,0
384144,0
384145,0
384146,0
384147,0
384148,1
384149,0
384150,0
384151,5
384152,0
384153,0
384154,0
384155,0
384156,4
384157,0
384158,0
384159,0
384160,12
384161,0
384162,0
384163,0
384164,8
384165,0
384166,0
384167,0
384168,0
384169,0
384170,0
384171,0
384172,0
384173,0
384174,0
384175,0
384176,8
384177,0
384178,0
384179,7
384180,0
384181,0
384182,0
384183,4
384184,7
384185,0
384186,4
384187,0
384188,0
384189,0
384190,0
384191,0
384192,0
384193,0
384194,0
384195,0
384196,7
384197,5
384198,0
384199,0
384200,0
384201,0
384202,0
384203,0
384204,0
384205,0
384206,0
384207,3
384208,0
384209,0
384210,0
384211,0
384212,0
384213,6
384214,0
384215,7
384216,0
384217,0
384218,0
384219,0
384220,0
384221,4
384222,0
384223,0
384224,0
384225,0
384226,0
384227,0
384228,0
384229,0
384230,0
384231,0
384232,0
384233,0
384234,0
384235,0
384236,0
384237,0
384238,0
384239,0
384240,0
384241,7
384242,0
384243,0
384244,0
384245,3
384246,0
384247,0
384248,0
384249,0
384250,6
384251,0
384252,4
384253,0
384254,0
384255,0
384256,0
384257,0
384258,0
384259,0
384260,0
384261,0
384262,8
384263,0
384264,0
384265,0
384266,0
384267,0
384268,0
384269,0
384270,0
384271,0
384272,0
384273,0
384274,0
384275,0
384276,0
384277,6
384278,0
384279,0
384280,0
384281,0
384282,4
384283,0
384284,0
384285,0
384286,0
384287,0
384288,0
384289,0
384290,0
384291,0
384292,0
384293,0
384294,0
384295,0
384296,0
384297,0
384298,9
384299,0
384300,0
384301,0
384302,0
384303,0
384304,0
384305,0
384306,0
384307,0
384308,0
384309,0
384310,0
384311,0
384312,0
384313,0
384314,0
384315,0
384316,0
384317,0
384318,0
384319,0
384320,0
384321,0
384322,0
384323,0
384324,0
384325,4
384326,0
384327,0
384328,0
384329,0
384330,0
384331,0
384332,0
384333,0
384334,9
384335,0
384336,0
384337,7
384338,0
384339,0
384340,0
384341,0
384342,9
384343,0
384344,0
384345,0
384346,0
384347,0
384348,0
384349,11
384350,0
384351,0
384352,0
384353,0
384354,2
384355,0
384356,5
384357,6
384358,0
384359,0
384360,0
384361,4
384362,2
384363,0
384364,0
384365,0
384366,0
384367,0
384368,0
384369,0
384370,4
384371,0
384372,5
384373,0
384374,0
384375,3
384376,0
384377,0
384378,0
384379,7
384380,0
384381,3
384382,0
384383,0
384384,0
384385,0
384386,6
384387,1
384388,10
384389,5
384390,6
384391,0
384392,0
384393,5
384394,0
384395,0
384396,2
384397,0
384398,0
384399,0
384400,0
384401,0
384402,0
384403,0
384404,2
384405,0
384406,2
384407,0
384408,0
384409,0
384410,0
384411,2
384412,4
384413,1
384414,8
384415,0
384416,0
384417,0
384418,0
384419,0
384420,5
384421,0
384422,3
384423,0
384424,0
384425,0
384426,0
384427,0
384428,0
384429,0
384430,0
384431,0
384432,4
384433,0
384434,0
384435,0
384436,0
384437,0
384438,7
384439,1
384440,0
384441,7
384442,0
384443,0
384444,0
384445,3
384446,0
384447,0
384448,0
384449,0
384450,0
384451,6
384452,0
384453,0
384454,0
384455,0
384456,4
384457,0
384458,0
384459,0
384460,0
384461,0
384462,0
384463,0
384464,0
384465,0
384466,0
384467,0
384468,3
384469,0
384470,2
384471,0
384472,0
384473,6
384474,0
384475,0
384476,0
384477,0
384478,3
384479,2
384480,0
384481,0
384482,4
384483,0
384484,0
384485,0
384486,0
384487,3
384488,0
384489,0
384490,0
384491,3
384492,0
384493,3
384494,0
384495,0
384496,0
384497,5
384498,0
384499,7
384500,3
384501,5
384502,3
384503,0
384504,0
384505,0
384506,0
384507,0
384508,5
384509,0
384510,0
384511,7
384512,0
384513,0
384514,2
384515,0
384516,6
384517,0
384518,0
384519,0
384520,0
384521,0
384522,0
384523,1
384524,0
384525,0
384526,0
384527,5
384528,0
384529,0
384530,6
384531,0
384532,0
384533,0
384534,0
384535,0
384536,3
384537,5
384538,9
384539,0
384540,6
384541,0
384542,0
384543,0
384544,0
384545,0
384546,0
384547,0
384548,0
384549,0
384550,0
384551,0
384552,0
384553,5
384554,0
384555,3
384556,0
384557,0
384558,0
384559,1
384560,0
384561,0
384562,2
384563,0
384564,1
384565,0
384566,0
384567,3
384568,10
384569,0
384570,0
384571,0
384572,0
384573,0
384574,0
384575,0
384576,0
384577,0
384578,0
384579,3
384580,4
384581,9
384582,4
384583,0
384584,5
384585,5
384586,0
384587,0
384588,0
384589,4
384590,7
384591,0
384592,0
384593,9
384594,0
384595,0
384596,0
384597,0
384598,3
384599,0
384600,3
384601,0
384602,0
384603,0
384604,0
384605,0
384606,5
384607,0
384608,1
384609,0
384610,0
384611,0
384612,0
384613,0
384614,3
384615,0
384616,0
384617,4
384618,3
384619,0
384620,0
384621,0
384622,0
384623,0
384624,0
384625,0
384626,0
384627,0
384628,0
384629,0
384630,2
384631,0
384632,0
384633,0
384634,5
384635,0
384636,0
384637,0
384638,0
384639,4
384640,0
384641,0
384642,0
384643,0
384644,0
384645,0
384646,0
384647,0
384648,0
384649,5
384650,0
384651,0
384652,0
384653,0
384654,0
384655,0
384656,0
384657,0
384658,5
384659,0
384660,5
384661,2
384662,3
384663,0
384664,1
384665,3
384666,2
384667,0
384668,0
384669,0
384670,0
384671,2
384672,0
384673,0
384674,0
384675,0
384676,0
384677,6
384678,6
384679,1
384680,0
384681,0
384682,0
384683,0
384684,6
384685,0
384686,0
384687,0
384688,0
384689,0
384690,0
384691,0
384692,0
384693,0
384694,7
384695,3
384696,0
384697,0
384698,0
384699,0
384700,0
384701,41
384702,0
384703,0
384704,0
384705,30
384706,0
384707,34
384708,0
384709,45
384710,0
384711,0
384712,0
384713,0
384714,0
384715,0
384716,0
384717,0
384718,0
384719,48
384720,0
384721,0
384722,38
384723,48
384724,0
384725,31
384726,0
384727,45
384728,0
384729,38
384730,0
384731,0
384732,46
384733,0
384734,0
384735,0
384736,0
384737,0
384738,0
384739,0
384740,0
384741,29
384742,38
384743,0
384744,30
384745,35
384746,38
384747,0
384748,0
384749,0
384750,43
384751,0
384752,0
384753,0
384754,0
384755,0
384756,0
384757,0
384758,0
384759,0
384760,38
384761,34
384762,28
384763,0
384764,0
384765,0
384766,0
384767,0
384768,47
384769,0
384770,0
384771,0
384772,47
384773,0
384774,44
384775,0
384776,40
384777,0
384778,0
384779,0
384780,0
384781,0
384782,32
384783,0
384784,0
384785,0
384786,39
384787,37
384788,32
384789,0
384790,31
384791,0
384792,0
384793,39
384794,43
384795,23
384796,0
384797,0
384798,29
384799,0
384800,40
384801,0
384802,36
384803,0
384804,37
384805,0
384806,0
384807,45
384808,0
384809,0
384810,45
384811,0
384812,45
384813,28
384814,45
384815,0
384816,33
384817,0
384818,36
384819,0
384820,0
384821,0
384822,0
384823,0
384824,0
384825,0
384826,0
384827,50
384828,0
384829,0
384830,46
384831,0
384832,0
384833,41
384834,23
384835,0
384836,0
384837,0
384838,14
384839,0
384840,0
384841,0
384842,0
384843,0
384844,0
384845,0
384846,0
384847,0
384848,0
384849,0
384850,0
384851,0
384852,0
384853,0
384854,0
384855,0
384856,0
384857,0
384858,0
384859,0
384860,8
384861,0
384862,0
384863,0
384864,0
384865,0
384866,0
384867,0
384868,0
384869,0
384870,0
384871,0
384872,6
384873,0
384874,0
384875,0
384876,0
384877,0
384878,8
384879,0
384880,0
384881,11
384882,5
384883,0
384884,0
384885,6
384886,9
384887,0
384888,0
384889,0
384890,0
384891,0
384892,0
384893,0
384894,0
384895,11
384896,0
384897,10
384898,0
384899,0
384900,0
384901,0
384902,0
384903,0
384904,0
384905,0
384906,0
384907,0
384908,0
384909,8
384910,0
384911,0
384912,0
384913,0
384914,0
384915,3
384916,12
384917,4
384918,0
384919,0
384920,0
384921,0
384922,9
384923,0
384924,0
384925,0
384926,0
384927,0
384928,1
384929,5
384930,0
384931,0
384932,0
384933,0
384934,0
384935,0
384936,0
384937,0
384938,0
384939,0
384940,30
384941,0
384942,0
384943,0
384944,0
384945,0
384946,14
384947,0
384948,0
384949,10
384950,0
384951,0
384952,0
384953,0
384954,0
384955,20
384956,0
384957,0
384958,0
384959,0
384960,0
384961,0
384962,0
384963,20
384964,0
384965,0
384966,19
384967,0
384968,0
384969,0
384970,0
384971,0
384972,0
384973,0
384974,0
384975,0
384976,0
384977,19
384978,0
384979,0
384980,0
384981,0
384982,0
384983,0
384984,23
384985,0
384986,0
384987,0
384988,0
384989,0
384990,0
384991,0
384992,0
384993,0
384994,0
384995,0
384996,0
384997,0
384998,0
384999,0
385000,0
385001,0
385002,29
385003,29
385004,0
385005,0
385006,0
385007,0
385008,0
385009,0
385010,0
385011,0
385012,0
385013,0
385014,0
385015,0
385016,0
385017,16
385018,0
385019,17
385020,0
385021,0
385022,0
385023,24
385024,29
385025,0
385026,0
385027,0
385028,0
385029,0
385030,0
385031,0
385032,0
385033,0
385034,0
385035,0
385036,0
385037,0
385038,0
385039,0
385040,0
385041,0
385042,0
385043,0
385044,0
385045,0
385046,0
385047,26
385048,0
385049,0
385050,0
385051,0
385052,0
385053,0
385054,0
385055,0
385056,23
385057,23
385058,0
385059,0
385060,20
385061,0
385062,0
385063,0
385064,17
385065,0
385066,0
385067,0
385068,0
385069,0
385070,0
385071,0
385072,21
385073,0
385074,0
385075,0
385076,0
385077,31
385078,0
385079,0
385080,0
385081,0
385082,0
385083,0
385084,0
385085,0
385086,0
385087,0
385088,0
385089,0
385090,0
385091,0
385092,0
385093,0
385094,0
385095,0
385096,0
385097,0
385098,0
385099,21
385100,17
385101,0
385102,0
385103,0
385104,0
385105,0
385106,0
385107,26
385108,0
385109,0
385110,0
385111,29
385112,27
385113,0
385114,0
385115,0
385116,23
385117,0
385118,0
385119,0
385120,29
385121,0
385122,0
385123,0
385124,0
385125,0
385126,20
385127,0
385128,0
385129,0
385130,0
385131,0
385132,0
385133,0
385134,0
385135,0
385136,0
385137,0
385138,0
385139,0
385140,24
385141,0
385142,0
385143,0
385144,0
385145,0
385146,0
385147,0
385148,0
385149,0
385150,0
385151,0
385152,0
385153,0
385154,0
385155,0
385156,28
385157,22
385158,0
385159,0
385160,0
385161,0
385162,0
385163,0
385164,0
385165,0
385166,0
385167,0
385168,0
385169,0
385170,0
385171,0
385172,14
385173,0
385174,0
385175,0
385176,0
385177,0
385178,0
385179,0
385180,0
385181,0
385182,0
385183,22
385184,0
385185,0
385186,0
385187,0
385188,0
385189,0
385190,0
385191,0
385192,0
385193,0
385194,18
385195,0
385196,0
385197,0
385198,0
385199,0
385200,0
385201,0
385202,0
385203,0
385204,0
385205,0
385206,0
385207,0
385208,0
385209,0
385210,15
385211,0
385212,0
385213,27
385214,0
385215,0
385216,0
385217,0
385218,0
385219,0
385220,0
385221,0
385222,0
385223,0
385224,0
385225,22
385226,0
385227,0
385228,0
385229,0
385230,32
385231,0
385232,0
385233,0
385234,34
385235,0
385236,0
385237,0
385238,0
385239,0
385240,0
385241,0
385242,0
385243,0
385244,0
385245,0
385246,0
385247,0
385248,0
385249,0
385250,0
385251,0
385252,0
385253,0
385254,0
385255,0
385256,0
385257,0
385258,0
385259,0
385260,0
385261,0
385262,17
385263,0
385264,0
385265,0
385266,0
385267,0
385268,0
385269,0
385270,0
385271,0
385272,0
385273,0
385274,0
385275,0
385276,0
385277,0
385278,0
385279,0
385280,0
385281,0
385282,0
385283,0
385284,0
385285,25
385286,0
385287,0
385288,0
385289,0
385290,0
385291,0
385292,0
385293,0
385294,22
385295,0
385296,0
385297,0
385298,0
385299,0
385300,20
385301,0
385302,0
385303,0
385304,0
385305,0
385306,0
385307,0
385308,20
385309,0
385310,0
385311,0
385312,0
385313,0
385314,0
385315,0
385316,0
385317,0
385318,0
385319,0
385320,0
385321,0
385322,0
385323,0
385324,0
385325,0
385326,0
385327,0
385328,0
385329,0
385330,21
385331,22
385332,0
385333,0
385334,0
385335,0
385336,0
385337,0
385338,0
385339,0
385340,0
385341,19
385342,0
385343,0
385344,0
385345,24
385346,0
385347,0
385348,25
385349,0
385350,0
385351,0
385352,0
385353,0
385354,0
385355,0
385356,0
385357,0
385358,0
385359,0
385360,0
385361,0
385362,0
385363,0
385364,0
385365,0
385366,0
385367,0
385368,0
385369,0
385370,0
385371,24
385372,0
385373,0
385374,0
385375,0
385376,0
385377,0
385378,0
385379,0
385380,0
385381,18
385382,0
385383,0
385384,0
385385,34
385386,0
385387,0
385388,0
385389,0
385390,0
385391,0
385392,0
385393,21
385394,0
385395,0
385396,24
385397,0
385398,0
385399,0
385400,0
385401,0
385402,0
385403,0
385404,0
385405,0
385406,31
385407,0
385408,0
385409,0
385410,0
385411,0
385412,0
385413,0
385414,19
385415,0
385416,0
385417,0
385418,0
385419,0
385420,18
385421,0
385422,24
385423,0
385424,0
385425,25
385426,16
385427,0
385428,0
385429,0
385430,0
385431,0
385432,0
385433,0
385434,0
385435,0
385436,32
385437,0
385438,0
385439,0
385440,0
385441,0
385442,0
385443,0
385444,0
385445,0
385446,0
385447,0
385448,0
385449,0
385450,0
385451,0
385452,0
385453,0
385454,0
385455,0
385456,0
385457,0
385458,26
385459,0
385460,0
385461,0
385462,0
385463,0
385464,0
385465,0
385466,0
385467,0
385468,28
385469,22
385470,0
385471,0
385472,15
385473,0
385474,0
385475,0
385476,0
385477,0
385478,0
385479,0
385480,0
385481,0
385482,0
385483,0
385484,0
385485,0
385486,16
385487,0
385488,0
385489,0
385490,0
385491,0
385492,0
385493,0
385494,0
385495,0
385496,0
385497,0
385498,0
385499,0
385500,0
385501,9
385502,0
385503,0
385504,0
385505,0
385506,0
385507,0
385508,0
385509,0
385510,0
385511,0
385512,0
385513,0
385514,0
385515,32
385516,0
385517,0
385518,21
385519,0
385520,16
385521,11
385522,0
385523,0
385524,0
385525,0
385526,0
385527,0
385528,20
385529,0
385530,0
385531,0
385532,0
385533,0
385534,0
385535,25
385536,0
385537,0
385538,0
385539,0
385540,0
385541,25
385542,0
385543,0
385544,0
385545,0
385546,0
385547,0
385548,0
385549,0
385550,0
385551,0
385552,0
385553,0
385554,0
385555,0
385556,0
385557,0
385558,0
385559,8
385560,0
385561,0
385562,0
385563,14
385564,0
385565,0
385566,0
385567,0
385568,12
385569,0
385570,0
385571,0
385572,0
385573,0
385574,0
385575,0
385576,19
385577,0
385578,0
385579,0
385580,0
385581,0
385582,0
385583,0
385584,0
385585,0
385586,0
385587,0
385588,0
385589,0
385590,0
385591,0
385592,17
385593,15
385594,0
385595,0
385596,0
385597,0
385598,10
385599,0
385600,0
385601,0
385602,12
385603,10
385604,0
385605,0
385606,0
385607,0
385608,0
385609,0
385610,0
385611,0
385612,0
385613,0
385614,0
385615,0
385616,0
385617,0
385618,0
385619,0
385620,0
385621,0
385622,0
385623,0
385624,0
385625,0
385626,7
385627,0
385628,0
385629,0
385630,0
385631,0
385632,0
385633,0
385634,0
385635,0
385636,0
385637,0
385638,0
385639,0
385640,0
385641,0
385642,0
385643,0
385644,0
385645,0
385646,15
385647,0
385648,10
385649,0
385650,0
385651,0
385652,0
385653,0
385654,0
385655,5
385656,0
385657,0
385658,0
385659,15
385660,0
385661,0
385662,0
385663,0
385664,0
385665,0
385666,0
385667,0
385668,0
385669,0
385670,0
385671,0
385672,0
385673,0
385674,0
385675,0
385676,0
385677,0
385678,0
385679,0
385680,0
385681,0
385682,0
385683,0
385684,0
385685,0
385686,0
385687,0
385688,0
385689,0
385690,0
385691,0
385692,0
385693,0
385694,0
385695,0
385696,0
385697,0
385698,0
385699,0
385700,0
385701,0
385702,0
385703,0
385704,0
385705,0
385706,0
385707,0
385708,0
385709,0
385710,0
385711,0
385712,0
385713,0
385714,0
385715,0
385716,0
385717,0
385718,9
385719,0
385720,0
385721,0
385722,0
385723,0
385724,0
385725,0
385726,0
385727,0
385728,15
385729,0
385730,8
385731,0
385732,11
385733,0
385734,12
385735,0
385736,0
385737,0
385738,0
385739,0
385740,0
385741,0
385742,0
385743,0
385744,15
385745,0
385746,0
385747,0
385748,0
385749,0
385750,0
385751,12
385752,0
385753,8
385754,0
385755,0
385756,0
385757,0
385758,0
385759,0
385760,0
385761,0
385762,0
385763,0
385764,19
385765,15
385766,0
385767,0
385768,0
385769,0
385770,0
385771,0
385772,0
385773,12
385774,0
385775,0
385776,0
385777,0
385778,0
385779,0
385780,0
385781,0
385782,0
385783,0
385784,0
385785,0
385786,12
385787,0
385788,0
385789,0
385790,0
385791,0
385792,10
385793,0
385794,0
385795,0
385796,0
385797,5
385798,0
385799,0
385800,0
385801,11
385802,0
385803,0
385804,0
385805,0
385806,0
385807,0
385808,0
385809,0
385810,0
385811,0
385812,0
385813,0
385814,0
385815,0
385816,0
385817,0
385818,0
385819,0
385820,0
385821,0
385822,0
385823,0
385824,0
385825,0
385826,0
385827,0
385828,0
385829,0
385830,0
385831,0
385832,0
385833,0
385834,0
385835,0
385836,0
385837,0
385838,0
385839,0
385840,0
385841,0
385842,0
385843,0
385844,0
385845,0
385846,0
385847,0
385848,0
385849,0
385850,0
385851,0
385852,0
385853,0
385854,0
385855,0
385856,0
385857,0
385858,0
385859,0
385860,0
385861,0
385862,0
385863,0
385864,0
385865,0
385866,0
385867,13
385868,0
385869,0
385870,0
385871,0
385872,0
385873,0
385874,0
385875,0
385876,0
385877,0
385878,0
385879,0
385880,0
385881,0
385882,0
385883,0
385884,0
385885,0
385886,0
385887,0
385888,9
385889,0
385890,0
385891,0
385892,0
385893,9
385894,8
385895,0
385896,0
385897,0
385898,0
385899,10
385900,0
385901,0
385902,0
385903,0
385904,0
385905,6
385906,0
385907,0
385908,0
385909,0
385910,0
385911,0
385912,0
385913,0
385914,0
385915,0
385916,0
385917,0
385918,0
385919,14
385920,8
385921,0
385922,0
385923,0
385924,0
385925,0
385926,0
385927,0
385928,11
385929,0
385930,0
385931,0
385932,0
385933,0
385934,0
385935,13
385936,0
385937,0
385938,0
385939,16
385940,0
385941,15
385942,0
385943,0
385944,0
385945,10
385946,0
385947,0
385948,0
385949,0
385950,0
385951,22
385952,0
385953,0
385954,0
385955,12
385956,0
385957,4
385958,0
385959,0
385960,0
385961,0
385962,0
385963,0
385964,0
385965,0
385966,0
385967,0
385968,0
385969,0
385970,0
385971,0
385972,0
385973,0
385974,19
385975,0
385976,0
385977,0
385978,0
385979,0
385980,0
385981,0
385982,0
385983,0
385984,0
385985,0
385986,0
385987,0
385988,0
385989,0
385990,7
385991,0
385992,0
385993,0
385994,15
385995,0
385996,0
385997,0
385998,0
385999,0
386000,0
386001,0
386002,0
386003,0
386004,0
386005,0
386006,0
386007,0
386008,0
386009,0
386010,0
386011,0
386012,0
386013,0
386014,0
386015,0
386016,0
386017,0
386018,0
386019,0
386020,0
386021,0
386022,0
386023,0
386024,0
386025,0
386026,0
386027,0
386028,0
386029,0
386030,0
386031,0
386032,0
386033,0
386034,0
386035,0
386036,0
386037,0
386038,12
386039,0
386040,0
386041,0
386042,0
386043,0
386044,0
386045,0
386046,12
386047,0
386048,0
386049,0
386050,0
386051,0
386052,0
386053,0
386054,0
386055,10
386056,0
386057,0
386058,0
386059,0
386060,0
386061,0
386062,0
386063,0
386064,0
386065,0
386066,0
386067,0
386068,0
386069,0
386070,0
386071,0
386072,0
386073,0
386074,0
386075,0
386076,9
386077,0
386078,0
386079,11
386080,0
386081,0
386082,0
386083,0
386084,19
386085,0
386086,0
386087,17
386088,0
386089,0
386090,0
386091,0
386092,0
386093,0
386094,0
386095,9
386096,0
386097,0
386098,0
386099,0
386100,0
386101,0
386102,0
386103,0
386104,0
386105,0
386106,0
386107,0
386108,0
386109,0
386110,0
386111,15
386112,0
386113,0
386114,0
386115,0
386116,0
386117,0
386118,0
386119,0
386120,0
386121,0
386122,12
386123,0
386124,0
386125,9
386126,0
386127,0
386128,0
386129,0
386130,0
386131,0
386132,0
386133,0
386134,0
386135,0
386136,13
386137,0
386138,0
386139,0
386140,0
386141,0
386142,0
386143,0
386144,0
386145,0
386146,7
386147,0
386148,0
386149,0
386150,0
386151,0
386152,0
386153,0
386154,0
386155,0
386156,0
386157,11
386158,0
386159,0
386160,0
386161,0
386162,0
386163,0
386164,0
386165,0
386166,0
386167,0
386168,0
386169,16
386170,0
386171,0
386172,0
386173,0
386174,0
386175,0
386176,14
386177,0
386178,0
386179,0
386180,0
386181,0
386182,0
386183,0
386184,0
386185,0
386186,0
386187,0
386188,0
386189,0
386190,0
386191,0
386192,0
386193,0
386194,0
386195,0
386196,0
386197,0
386198,0
386199,0
386200,0
386201,0
386202,11
386203,15
386204,0
386205,0
386206,0
386207,17
386208,0
386209,13
386210,0
386211,0
386212,8
386213,0
386214,0
386215,17
386216,11
386217,0
386218,8
386219,0
386220,0
386221,0
386222,9
386223,18
386224,8
386225,0
386226,0
386227,18
386228,0
386229,0
386230,0
386231,14
386232,0
386233,0
386234,0
386235,0
386236,0
386237,0
386238,0
386239,0
386240,0
386241,0
386242,0
386243,0
386244,0
386245,0
386246,0
386247,0
386248,0
386249,0
386250,0
386251,0
386252,16
386253,0
386254,0
386255,0
386256,0
386257,13
386258,0
386259,0
386260,9
386261,0
386262,0
386263,0
386264,0
386265,0
386266,16
386267,0
386268,13
386269,0
386270,0
386271,0
386272,0
386273,26
386274,0
386275,6
386276,0
386277,0
386278,0
386279,0
386280,10
386281,13
386282,0
386283,0
386284,14
386285,0
386286,0
386287,0
386288,0
386289,0
386290,0
386291,0
386292,0
386293,0
386294,0
386295,0
386296,0
386297,0
386298,0
386299,0
386300,0
386301,0
386302,0
386303,0
386304,0
386305,0
386306,0
386307,0
386308,0
386309,0
386310,13
386311,16
386312,0
386313,0
386314,0
386315,0
386316,0
386317,0
386318,0
386319,0
386320,0
386321,0
386322,16
386323,0
386324,0
386325,0
386326,0
386327,0
386328,7
386329,0
386330,0
386331,0
386332,0
386333,0
386334,7
386335,0
386336,0
386337,0
386338,0
386339,0
386340,0
386341,0
386342,0
386343,0
386344,0
386345,0
386346,0
386347,0
386348,13
386349,11
386350,0
386351,0
386352,28
386353,0
386354,13
386355,0
386356,0
386357,0
386358,0
386359,0
386360,0
386361,0
386362,0
386363,0
386364,0
386365,0
386366,0
386367,0
386368,0
386369,0
386370,12
386371,0
386372,0
386373,0
386374,7
386375,0
386376,0
386377,11
386378,5
386379,0
386380,0
386381,0
386382,0
386383,0
386384,0
386385,0
386386,15
386387,0
386388,0
386389,0
386390,0
386391,0
386392,0
386393,0
386394,0
386395,11
386396,0
386397,0
386398,0
386399,18
386400,0
386401,0
386402,0
386403,0
386404,0
386405,0
386406,0
386407,0
386408,0
386409,0
386410,0
386411,0
386412,0
386413,0
386414,0
386415,15
386416,0
386417,0
386418,0
386419,0
386420,0
386421,0
386422,0
386423,0
386424,0
386425,0
386426,16
386427,0
386428,0
386429,0
386430,13
386431,0
386432,0
386433,0
386434,0
386435,0
386436,0
386437,0
386438,16
386439,0
386440,0
386441,0
386442,0
386443,14
386444,0
386445,0
386446,0
386447,0
386448,0
386449,0
386450,0
386451,0
386452,0
386453,0
386454,11
386455,0
386456,0
386457,0
386458,0
386459,0
386460,0
386461,0
386462,0
386463,0
386464,0
386465,0
386466,0
386467,0
386468,0
386469,0
386470,0
386471,0
386472,0
386473,0
386474,0
386475,0
386476,0
386477,0
386478,0
386479,0
386480,0
386481,0
386482,13
386483,7
386484,0
386485,0
386486,0
386487,0
386488,0
386489,16
386490,0
386491,0
386492,0
386493,0
386494,0
386495,0
386496,0
386497,0
386498,23
386499,0
386500,0
386501,0
386502,0
386503,0
386504,0
386505,0
386506,0
386507,0
386508,0
386509,0
386510,0
386511,0
386512,0
386513,0
386514,0
386515,0
386516,0
386517,0
386518,0
386519,0
386520,0
386521,0
386522,9
386523,0
386524,0
386525,0
386526,0
386527,0
386528,0
386529,7
386530,0
386531,0
386532,0
386533,0
386534,0
386535,0
386536,8
386537,0
386538,0
386539,0
386540,0
386541,0
386542,0
386543,10
386544,0
386545,0
386546,0
386547,0
386548,0
386549,0
386550,0
386551,0
386552,0
386553,0
386554,0
386555,17
386556,0
386557,0
386558,0
386559,0
386560,0
386561,0
386562,0
386563,0
386564,0
386565,0
386566,0
386567,0
386568,0
386569,10
386570,0
386571,20
386572,0
386573,0
386574,0
386575,0
386576,0
386577,7
386578,0
386579,0
386580,0
386581,0
386582,0
386583,14
386584,0
386585,0
386586,0
386587,14
386588,0
386589,0
386590,0
386591,0
386592,0
386593,28
386594,0
386595,0
386596,11
386597,0
386598,0
386599,0
386600,0
386601,0
386602,6
386603,0
386604,0
386605,0
386606,0
386607,0
386608,0
386609,20
386610,0
386611,11
386612,0
386613,0
386614,0
386615,0
386616,0
386617,0
386618,0
386619,7
386620,0
386621,0
386622,0
386623,0
386624,0
386625,0
386626,0
386627,0
386628,9
386629,0
386630,0
386631,0
386632,0
386633,0
386634,0
386635,0
386636,0
386637,0
386638,0
386639,0
386640,0
386641,0
386642,17
386643,0
386644,0
386645,0
386646,16
386647,0
386648,0
386649,0
386650,0
386651,0
386652,0
386653,12
386654,0
386655,0
386656,0
386657,0
386658,0
386659,0
386660,0
386661,0
386662,0
386663,0
386664,0
386665,9
386666,0
386667,10
386668,0
386669,5
386670,0
386671,0
386672,0
386673,0
386674,12
386675,0
386676,0
386677,0
386678,0
386679,0
386680,10
386681,0
386682,0
386683,0
386684,0
386685,0
386686,0
386687,0
386688,0
386689,0
386690,0
386691,0
386692,12
386693,0
386694,0
386695,0
386696,11
386697,0
386698,0
386699,7
386700,0
386701,0
386702,0
386703,0
386704,0
386705,0
386706,0
386707,0
386708,0
386709,0
386710,0
386711,0
386712,0
386713,0
386714,12
386715,0
386716,0
386717,0
386718,0
386719,13
386720,0
386721,0
386722,0
386723,17
386724,0
386725,0
386726,0
386727,0
386728,0
386729,13
386730,0
386731,0
386732,0
386733,0
386734,0
386735,0
386736,0
386737,0
386738,0
386739,0
386740,0
386741,0
386742,0
386743,0
386744,0
386745,0
386746,0
386747,0
386748,0
386749,17
386750,13
386751,0
386752,0
386753,11
386754,0
386755,0
386756,0
386757,0
386758,0
386759,9
386760,0
386761,0
386762,0
386763,0
386764,0
386765,10
386766,15
386767,0
386768,0
386769,0
386770,0
386771,0
386772,0
386773,0
386774,0
386775,0
386776,0
386777,0
386778,0
386779,0
386780,0
386781,0
386782,0
386783,0
386784,0
386785,0
386786,16
386787,9
386788,0
386789,0
386790,0
386791,0
386792,0
386793,0
386794,0
386795,0
386796,0
386797,0
386798,0
386799,0
386800,0
386801,0
386802,30
386803,0
386804,0
386805,0
386806,0
386807,0
386808,0
386809,0
386810,25
386811,0
386812,23
386813,34
386814,0
386815,0
386816,39
386817,0
386818,37
386819,43
386820,0
386821,0
386822,0
386823,0
386824,0
386825,0
386826,0
386827,0
386828,0
386829,38
386830,0
386831,0
386832,0
386833,0
386834,45
386835,45
386836,56
386837,28
386838,0
386839,0
386840,0
386841,0
386842,0
386843,0
386844,0
386845,33
386846,0
386847,28
386848,0
386849,0
386850,0
386851,0
386852,48
386853,0
386854,0
386855,0
386856,0
386857,39
386858,0
386859,0
386860,28
386861,0
386862,0
386863,0
386864,0
386865,0
386866,0
386867,47
386868,0
386869,0
386870,0
386871,0
386872,0
386873,53
386874,49
386875,46
386876,0
386877,0
386878,33
386879,0
386880,0
386881,0
386882,0
386883,0
386884,0
386885,0
386886,0
386887,0
386888,0
386889,0
386890,0
386891,49
386892,0
386893,49
386894,22
386895,0
386896,49
386897,0
386898,32
386899,0
386900,20
386901,34
386902,0
386903,0
386904,30
386905,0
386906,0
386907,54
386908,0
386909,22
386910,0
386911,31
386912,31
386913,0
386914,0
386915,0
386916,0
386917,0
386918,32
386919,0
386920,0
386921,34
386922,0
386923,0
386924,0
386925,0
386926,0
386927,0
386928,0
386929,0
386930,0
386931,0
386932,26
386933,33
386934,0
386935,0
386936,0
386937,27
386938,40
386939,39
386940,0
386941,21
386942,0
386943,0
386944,0
386945,0
386946,0
386947,0
386948,0
386949,0
386950,42
386951,0
386952,0
386953,0
386954,0
386955,0
386956,36
386957,0
386958,0
386959,0
386960,0
386961,0
386962,0
386963,0
386964,0
386965,0
386966,48
386967,0
386968,32
386969,45
386970,0
386971,0
386972,46
386973,0
386974,46
386975,0
386976,0
386977,0
386978,0
386979,0
386980,38
386981,0
386982,35
386983,0
386984,0
386985,0
386986,0
386987,0
386988,0
386989,0
386990,28
386991,0
386992,0
386993,0
386994,0
386995,0
386996,0
386997,0
386998,0
386999,46
387000,0
387001,0
387002,0
387003,0
387004,0
387005,0
387006,0
387007,41
387008,0
387009,38
387010,63
387011,0
387012,0
387013,0
387014,39
387015,38
387016,50
387017,0
387018,0
387019,0
387020,0
387021,32
387022,0
387023,0
387024,43
387025,0
387026,0
387027,0
387028,53
387029,0
387030,0
387031,0
387032,0
387033,0
387034,0
387035,0
387036,0
387037,0
387038,0
387039,0
387040,0
387041,0
387042,41
387043,0
387044,0
387045,0
387046,0
387047,0
387048,0
387049,43
387050,28
387051,43
387052,0
387053,43
387054,0
387055,0
387056,0
387057,0
387058,0
387059,0
387060,0
387061,0
387062,0
387063,0
387064,0
387065,0
387066,0
387067,0
387068,41
387069,0
387070,0
387071,0
387072,45
387073,60
387074,0
387075,56
387076,41
387077,0
387078,0
387079,61
387080,0
387081,28
387082,0
387083,0
387084,0
387085,0
387086,0
387087,0
387088,35
387089,0
387090,0
387091,36
387092,0
387093,37
387094,0
387095,0
387096,0
387097,0
387098,0
387099,0
387100,0
387101,0
387102,0
387103,0
387104,0
387105,28
387106,0
387107,0
387108,0
387109,0
387110,32
387111,0
387112,0
387113,22
387114,0
387115,0
387116,0
387117,17
387118,0
387119,0
387120,0
387121,0
387122,32
387123,0
387124,0
387125,0
387126,47
387127,0
387128,0
387129,0
387130,0
387131,0
387132,0
387133,0
387134,0
387135,34
387136,0
387137,0
387138,43
387139,0
387140,0
387141,0
387142,37
387143,0
387144,0
387145,0
387146,0
387147,0
387148,0
387149,0
387150,0
387151,0
387152,44
387153,0
387154,0
387155,30
387156,0
387157,0
387158,0
387159,0
387160,0
387161,0
387162,0
387163,27
387164,0
387165,0
387166,42
387167,0
387168,0
387169,0
387170,0
387171,0
387172,38
387173,23
387174,0
387175,43
387176,0
387177,0
387178,0
387179,0
387180,0
387181,40
387182,38
387183,0
387184,0
387185,38
387186,0
387187,0
387188,31
387189,0
387190,0
387191,0
387192,28
387193,0
387194,0
387195,0
387196,30
387197,0
387198,0
387199,0
387200,0
387201,32
387202,0
387203,27
387204,0
387205,0
387206,0
387207,0
387208,0
387209,0
387210,0
387211,25
387212,0
387213,35
387214,0
387215,0
387216,0
387217,0
387218,0
387219,54
387220,0
387221,0
387222,26
387223,0
387224,33
387225,0
387226,46
387227,0
387228,0
387229,41
387230,0
387231,0
387232,0
387233,0
387234,45
387235,0
387236,0
387237,0
387238,0
387239,0
387240,0
387241,0
387242,29
387243,0
387244,0
387245,54
387246,0
387247,28
387248,0
387249,0
387250,0
387251,0
387252,0
387253,0
387254,0
387255,0
387256,45
387257,41
387258,32
387259,0
387260,0
387261,46
387262,0
387263,0
387264,0
387265,0
387266,0
387267,0
387268,0
387269,0
387270,30
387271,0
387272,0
387273,0
387274,0
387275,38
387276,0
387277,0
387278,0
387279,0
387280,0
387281,0
387282,0
387283,0
387284,44
387285,0
387286,0
387287,0
387288,0
387289,0
387290,36
387291,0
387292,0
387293,41
387294,0
387295,0
387296,0
387297,33
387298,35
387299,0
387300,62
387301,0
387302,0
387303,0
387304,0
387305,0
387306,0
387307,40
387308,32
387309,0
387310,0
387311,0
387312,0
387313,0
387314,0
387315,0
387316,0
387317,50
387318,0
387319,0
387320,39
387321,38
387322,0
387323,40
387324,0
387325,0
387326,0
387327,0
387328,53
387329,0
387330,0
387331,0
387332,0
387333,0
387334,0
387335,0
387336,0
387337,0
387338,0
387339,0
387340,0
387341,0
387342,0
387343,38
387344,29
387345,0
387346,0
387347,0
387348,0
387349,33
387350,0
387351,0
387352,27
387353,0
387354,0
387355,50
387356,21
387357,0
387358,0
387359,0
387360,0
387361,0
387362,0
387363,0
387364,0
387365,0
387366,34
387367,0
387368,0
387369,0
387370,0
387371,31
387372,0
387373,45
387374,36
387375,0
387376,0
387377,0
387378,0
387379,0
387380,0
387381,0
387382,24
387383,0
387384,27
387385,20
387386,50
387387,0
387388,0
387389,0
387390,52
387391,46
387392,0
387393,38
387394,0
387395,0
387396,0
387397,0
387398,0
387399,0
387400,0
387401,68
387402,29
387403,0
387404,0
387405,0
387406,48
387407,0
387408,0
387409,0
387410,0
387411,58
387412,40
387413,0
387414,0
387415,0
387416,0
387417,0
387418,0
387419,0
387420,0
387421,50
387422,0
387423,0
387424,0
387425,0
387426,0
387427,30
387428,0
387429,42
387430,0
387431,0
387432,0
387433,0
387434,0
387435,0
387436,51
387437,0
387438,0
387439,0
387440,43
387441,0
387442,0
387443,43
387444,0
387445,42
387446,41
387447,38
387448,0
387449,0
387450,0
387451,0
387452,28
387453,41
387454,0
387455,32
387456,23
387457,0
387458,0
387459,0
387460,0
387461,0
387462,0
387463,0
387464,0
387465,0
387466,0
387467,0
387468,0
387469,45
387470,0
387471,0
387472,0
387473,0
387474,37
387475,0
387476,41
387477,44
387478,0
387479,0
387480,0
387481,0
387482,0
387483,0
387484,39
387485,0
387486,0
387487,29
387488,0
387489,0
387490,0
387491,0
387492,46
387493,0
387494,0
387495,24
387496,0
387497,0
387498,0
387499,45
387500,0
387501,0
387502,33
387503,0
387504,0
387505,0
387506,58
387507,0
387508,0
387509,0
387510,0
387511,0
387512,0
387513,0
387514,0
387515,0
387516,0
387517,0
387518,0
387519,0
387520,0
387521,35
387522,0
387523,0
387524,0
387525,0
387526,17
387527,0
387528,0
387529,0
387530,0
387531,0
387532,0
387533,0
387534,0
387535,0
387536,0
387537,0
387538,0
387539,34
387540,28
387541,0
387542,0
387543,0
387544,0
387545,0
387546,0
387547,0
387548,0
387549,40
387550,0
387551,0
387552,23
387553,35
387554,0
387555,0
387556,50
387557,0
387558,0
387559,0
387560,0
387561,0
387562,0
387563,0
387564,0
387565,0
387566,0
387567,15
387568,0
387569,0
387570,13
387571,0
387572,15
387573,0
387574,0
387575,0
387576,0
387577,0
387578,12
387579,0
387580,0
387581,0
387582,0
387583,0
387584,0
387585,0
387586,0
387587,0
387588,0
387589,0
387590,0
387591,0
387592,0
387593,0
387594,27
387595,0
387596,0
387597,0
387598,0
387599,0
387600,0
387601,0
387602,14
387603,0
387604,0
387605,0
387606,0
387607,0
387608,0
387609,0
387610,0
387611,0
387612,0
387613,0
387614,0
387615,0
387616,0
387617,0
387618,0
387619,12
387620,17
387621,0
387622,0
387623,0
387624,0
387625,0
387626,0
387627,0
387628,0
387629,0
387630,0
387631,0
387632,0
387633,0
387634,0
387635,0
387636,0
387637,0
387638,0
387639,0
387640,0
387641,0
387642,0
387643,0
387644,0
387645,0
387646,0
387647,0
387648,26
387649,0
387650,0
387651,0
387652,0
387653,0
387654,0
387655,16
387656,0
387657,0
387658,0
387659,0
387660,0
387661,0
387662,0
387663,0
387664,8
387665,0
387666,14
387667,0
387668,0
387669,0
387670,16
387671,0
387672,0
387673,0
387674,0
387675,0
387676,0
387677,0
387678,0
387679,0
387680,0
387681,8
387682,0
387683,0
387684,0
387685,0
387686,0
387687,0
387688,0
387689,0
387690,0
387691,0
387692,0
387693,0
387694,0
387695,0
387696,0
387697,0
387698,0
387699,0
387700,0
387701,0
387702,0
387703,0
387704,9
387705,0
387706,0
387707,0
387708,0
387709,0
387710,0
387711,0
387712,0
387713,0
387714,0
387715,0
387716,0
387717,0
387718,0
387719,0
387720,0
387721,0
387722,0
387723,0
387724,17
387725,19
387726,19
387727,0
387728,0
387729,0
387730,0
387731,0
387732,0
387733,0
387734,0
387735,9
387736,0
387737,0
387738,0
387739,0
387740,0
387741,0
387742,19
387743,0
387744,0
387745,0
387746,0
387747,0
387748,15
387749,0
387750,0
387751,0
387752,15
387753,0
387754,0
387755,0
387756,0
387757,0
387758,0
387759,0
387760,0
387761,16
387762,0
387763,14
387764,0
387765,0
387766,0
387767,0
387768,0
387769,0
387770,0
387771,0
387772,0
387773,0
387774,0
387775,0
387776,0
387777,0
387778,0
387779,0
387780,0
387781,0
387782,0
387783,0
387784,0
387785,0
387786,0
387787,0
387788,0
387789,0
387790,0
387791,0
387792,0
387793,0
387794,0
387795,0
387796,0
387797,0
387798,0
387799,19
387800,0
387801,0
387802,0
387803,0
387804,0
387805,0
387806,0
387807,0
387808,0
387809,9
387810,0
387811,0
387812,25
387813,15
387814,0
387815,0
387816,0
387817,0
387818,0
387819,0
387820,0
387821,6
387822,0
387823,0
387824,0
387825,0
387826,0
387827,0
387828,0
387829,0
387830,0
387831,0
387832,0
387833,0
387834,0
387835,0
387836,0
387837,0
387838,0
387839,11
387840,0
387841,0
387842,0
387843,0
387844,0
387845,0
387846,0
387847,0
387848,0
387849,0
387850,0
387851,0
387852,0
387853,0
387854,0
387855,14
387856,0
387857,0
387858,0
387859,0
387860,0
387861,0
387862,0
387863,0
387864,0
387865,0
387866,0
387867,0
387868,0
387869,0
387870,0
387871,0
387872,0
387873,0
387874,0
387875,19
387876,0
387877,0
387878,0
387879,0
387880,0
387881,0
387882,0
387883,0
387884,0
387885,0
387886,0
387887,0
387888,0
387889,0
387890,0
387891,11
387892,0
387893,0
387894,0
387895,0
387896,0
387897,0
387898,0
387899,0
387900,0
387901,0
387902,0
387903,0
387904,20
387905,0
387906,0
387907,0
387908,0
387909,0
387910,0
387911,0
387912,0
387913,0
387914,0
387915,0
387916,0
387917,0
387918,0
387919,0
387920,0
387921,0
387922,0
387923,0
387924,0
387925,0
387926,0
387927,0
387928,0
387929,0
387930,0
387931,0
387932,0
387933,0
387934,0
387935,0
387936,0
387937,0
387938,0
387939,0
387940,11
387941,0
387942,0
387943,0
387944,0
387945,0
387946,0
387947,0
387948,0
387949,0
387950,16
387951,0
387952,0
387953,0
387954,14
387955,0
387956,0
387957,0
387958,0
387959,0
387960,0
387961,0
387962,0
387963,0
387964,0
387965,0
387966,0
387967,0
387968,0
387969,0
387970,0
387971,0
387972,0
387973,0
387974,0
387975,0
387976,0
387977,0
387978,0
387979,0
387980,0
387981,0
387982,0
387983,0
387984,0
387985,0
387986,0
387987,0
387988,0
387989,9
387990,0
387991,0
387992,0
387993,0
387994,0
387995,0
387996,0
387997,0
387998,0
387999,0
388000,0
388001,0
388002,0
388003,0
388004,0
388005,0
388006,0
388007,0
388008,0
388009,0
388010,0
388011,0
388012,0
388013,0
388014,0
388015,0
388016,0
388017,0
388018,0
388019,0
388020,0
388021,0
388022,0
388023,0
388024,0
388025,17
388026,0
388027,0
388028,0
388029,0
388030,0
388031,0
388032,0
388033,0
388034,0
388035,0
388036,8
388037,0
388038,12
388039,0
388040,0
388041,9
388042,0
388043,0
388044,0
388045,0
388046,0
388047,0
388048,0
388049,0
388050,0
388051,0
388052,0
388053,0
388054,0
388055,0
388056,0
388057,0
388058,0
388059,0
388060,0
388061,21
388062,0
388063,0
388064,0
388065,0
388066,0
388067,0
388068,0
388069,0
388070,0
388071,0
388072,0
388073,0
388074,0
388075,0
388076,0
388077,0
388078,0
388079,0
388080,0
388081,0
388082,0
388083,0
388084,0
388085,13
388086,0
388087,0
388088,0
388089,0
388090,0
388091,0
388092,0
388093,0
388094,0
388095,0
388096,0
388097,0
388098,0
388099,0
388100,0
388101,0
388102,0
388103,0
388104,0
388105,0
388106,0
388107,0
388108,0
388109,0
388110,19
388111,0
388112,0
388113,0
388114,0
388115,24
388116,0
388117,18
388118,0
388119,0
388120,0
388121,0
388122,0
388123,0
388124,0
388125,0
388126,0
388127,0
388128,0
388129,0
388130,0
388131,0
388132,0
388133,0
388134,0
388135,0
388136,0
388137,0
388138,0
388139,0
388140,0
388141,0
388142,0
388143,0
388144,0
388145,0
388146,0
388147,0
388148,0
388149,0
388150,0
388151,0
388152,0
388153,0
388154,0
388155,0
388156,0
388157,0
388158,0
388159,0
388160,0
388161,0
388162,0
388163,0
388164,0
388165,0
388166,0
388167,0
388168,0
388169,0
388170,0
388171,0
388172,0
388173,0
388174,0
388175,0
388176,0
388177,0
388178,0
388179,0
388180,0
388181,0
388182,0
388183,0
388184,0
388185,0
388186,0
388187,0
388188,0
388189,0
388190,0
388191,0
388192,0
388193,0
388194,0
388195,0
388196,0
388197,0
388198,0
388199,0
388200,0
388201,0
388202,0
388203,0
388204,1
388205,0
388206,0
388207,0
388208,0
388209,0
388210,0
388211,0
388212,0
388213,0
388214,0
388215,0
388216,0
388217,0
388218,0
388219,0
388220,0
388221,0
388222,0
388223,0
388224,0
388225,0
388226,0
388227,0
388228,0
388229,0
388230,0
388231,0
388232,0
388233,0
388234,0
388235,0
388236,0
388237,0
388238,0
388239,0
388240,0
388241,0
388242,0
388243,0
388244,0
388245,0
388246,0
388247,0
388248,0
388249,0
388250,0
388251,0
388252,0
388253,0
388254,0
388255,0
388256,1
388257,0
388258,0
388259,0
388260,0
388261,0
388262,0
388263,0
388264,0
388265,0
388266,0
388267,0
388268,0
388269,0
388270,0
388271,0
388272,0
388273,0
388274,0
388275,0
388276,1
388277,0
388278,0
388279,0
388280,0
388281,0
388282,0
388283,0
388284,0
388285,0
388286,0
388287,0
388288,0
388289,0
388290,0
388291,0
388292,0
388293,0
388294,0
388295,0
388296,0
388297,0
388298,0
388299,0
388300,0
388301,0
388302,0
388303,0
388304,0
388305,0
388306,0
388307,0
388308,0
388309,0
388310,0
388311,0
388312,0
388313,0
388314,0
388315,0
388316,0
388317,0
388318,0
388319,0
388320,0
388321,0
388322,0
388323,0
388324,0
388325,0
388326,0
388327,0
388328,0
388329,0
388330,0
388331,0
388332,0
388333,0
388334,0
388335,0
388336,0
388337,0
388338,0
388339,0
388340,0
388341,0
388342,1
388343,0
388344,0
388345,0
388346,0
388347,0
388348,0
388349,0
388350,0
388351,0
388352,0
388353,0
388354,0
388355,0
388356,0
388357,0
388358,0
388359,0
388360,0
388361,0
388362,0
388363,0
388364,0
388365,0
388366,0
388367,0
388368,0
388369,0
388370,0
388371,0
388372,0
388373,0
388374,0
388375,0
388376,0
388377,0
388378,0
388379,0
388380,0
388381,0
388382,0
388383,0
388384,0
388385,0
388386,0
388387,0
388388,0
388389,0
388390,0
388391,0
388392,0
388393,0
388394,0
388395,0
388396,0
388397,0
388398,1
388399,0
388400,0
388401,0
388402,0
388403,0
388404,0
388405,0
388406,0
388407,0
388408,0
388409,0
388410,0
388411,0
388412,0
388413,0
388414,0
388415,0
388416,0
388417,0
388418,0
388419,0
388420,0
388421,0
388422,0
388423,0
388424,0
388425,0
388426,0
388427,0
388428,0
388429,0
388430,0
388431,0
388432,0
388433,0
388434,0
388435,0
388436,0
388437,0
388438,0
388439,0
388440,0
388441,0
388442,0
388443,0
388444,0
388445,0
388446,0
388447,0
388448,0
388449,0
388450,0
388451,0
388452,0
388453,0
388454,0
388455,0
388456,0
388457,0
388458,0
388459,0
388460,0
388461,0
388462,0
388463,0
388464,0
388465,0
388466,0
388467,0
388468,0
388469,0
388470,0
388471,0
388472,0
388473,0
388474,0
388475,0
388476,0
388477,0
388478,0
388479,0
388480,0
388481,0
388482,0
388483,0
388484,0
388485,0
388486,0
388487,0
388488,0
388489,0
388490,0
388491,0
388492,0
388493,0
388494,0
388495,0
388496,0
388497,0
388498,0
388499,0
388500,0
388501,0
388502,0
388503,0
388504,0
388505,0
388506,0
388507,0
388508,0
388509,0
388510,0
388511,0
388512,0
388513,0
388514,0
388515,0
388516,0
388517,0
388518,0
388519,0
388520,0
388521,0
388522,0
388523,0
388524,0
388525,0
388526,0
388527,0
388528,0
388529,0
388530,0
388531,0
388532,0
388533,0
388534,0
388535,0
388536,0
388537,0
388538,0
388539,0
388540,0
388541,0
388542,0
388543,0
388544,0
388545,0
388546,0
388547,0
388548,0
388549,0
388550,0
388551,0
388552,0
388553,0
388554,0
388555,0
388556,0
388557,0
388558,0
388559,0
388560,0
388561,0
388562,0
388563,0
388564,0
388565,0
388566,0
388567,0
388568,0
388569,0
388570,0
388571,0
388572,0
388573,0
388574,0
388575,0
388576,0
388577,0
388578,0
388579,0
388580,0
388581,0
388582,0
388583,0
388584,0
388585,0
388586,0
388587,0
388588,0
388589,0
388590,0
388591,0
388592,0
388593,0
388594,0
388595,0
388596,0
388597,0
388598,0
388599,0
388600,0
388601,0
388602,0
388603,0
388604,0
388605,0
388606,0
388607,0
388608,0
388609,0
388610,0
388611,0
388612,0
388613,0
388614,0
388615,0
388616,0
388617,0
388618,0
388619,0
388620,0
388621,0
388622,0
388623,0
388624,0
388625,0
388626,0
388627,0
388628,0
388629,0
388630,0
388631,0
388632,0
388633,0
388634,0
388635,0
388636,0
388637,0
388638,0
388639,0
388640,0
388641,0
388642,0
388643,0
388644,0
388645,0
388646,0
388647,0
388648,0
388649,0
388650,0
388651,0
388652,0
388653,0
388654,0
388655,0
388656,0
388657,0
388658,0
388659,0
388660,0
388661,0
388662,0
388663,0
388664,0
388665,0
388666,0
388667,0
388668,0
388669,0
388670,0
388671,0
388672,0
388673,0
388674,0
388675,0
388676,0
388677,0
388678,0
388679,0
388680,0
388681,0
388682,0
388683,0
388684,0
388685,0
388686,0
388687,0
388688,0
388689,0
388690,0
388691,0
388692,0
388693,1
388694,0
388695,0
388696,0
388697,0
388698,0
388699,0
388700,0
388701,0
388702,0
388703,0
388704,0
388705,0
388706,0
388707,0
388708,0
388709,0
388710,0
388711,0
388712,0
388713,0
388714,0
388715,0
388716,0
388717,0
388718,0
388719,0
388720,1
388721,0
388722,0
388723,0
388724,0
388725,0
388726,0
388727,0
388728,0
388729,0
388730,0
388731,0
388732,0
388733,0
388734,0
388735,0
388736,0
388737,0
388738,0
388739,0
388740,0
388741,0
388742,0
388743,0
388744,0
388745,0
388746,0
388747,0
388748,0
388749,0
388750,0
388751,0
388752,0
388753,0
388754,0
388755,0
388756,0
388757,0
388758,0
388759,0
388760,0
388761,0
388762,0
388763,0
388764,0
388765,0
388766,0
388767,0
388768,0
388769,0
388770,0
388771,0
388772,0
388773,0
388774,0
388775,0
388776,0
388777,0
388778,0
388779,0
388780,0
388781,1
388782,0
388783,0
388784,0
388785,0
388786,1
388787,0
388788,0
388789,0
388790,0
388791,0
388792,0
388793,0
388794,0
388795,0
388796,0
388797,0
388798,0
388799,0
388800,0
388801,0
388802,0
388803,0
388804,0
388805,0
388806,0
388807,0
388808,0
388809,0
388810,0
388811,0
388812,0
388813,0
388814,0
388815,0
388816,0
388817,0
388818,0
388819,0
388820,0
388821,0
388822,0
388823,0
388824,0
388825,0
388826,0
388827,0
388828,0
388829,0
388830,0
388831,0
388832,0
388833,0
388834,0
388835,0
388836,0
388837,0
388838,0
388839,0
388840,0
388841,0
388842,0
388843,0
388844,0
388845,0
388846,0
388847,0
388848,0
388849,0
388850,0
388851,0
388852,0
388853,0
388854,0
388855,0
388856,0
388857,0
388858,0
388859,0
388860,0
388861,0
388862,0
388863,0
388864,0
388865,0
388866,0
388867,0
388868,0
388869,0
388870,0
388871,0
388872,0
388873,0
388874,0
388875,0
388876,0
388877,0
388878,0
388879,0
388880,0
388881,0
388882,0
388883,0
388884,0
388885,0
388886,0
388887,0
388888,0
388889,0
388890,0
388891,0
388892,0
388893,0
388894,0
388895,0
388896,0
388897,0
388898,0
388899,0
388900,0
388901,0
388902,0
388903,0
388904,0
388905,0
388906,0
388907,0
388908,0
388909,0
388910,0
388911,0
388912,0
388913,0
388914,0
388915,0
388916,0
388917,0
388918,0
388919,0
388920,0
388921,0
388922,0
388923,0
388924,0
388925,0
388926,0
388927,0
388928,0
388929,0
388930,0
388931,0
388932,0
388933,0
388934,0
388935,0
388936,0
388937,0
388938,0
388939,0
388940,0
388941,0
388942,0
388943,0
388944,0
388945,0
388946,0
388947,0
388948,0
388949,0
388950,0
388951,0
388952,0
388953,0
388954,0
388955,0
388956,0
388957,0
388958,0
388959,0
388960,0
388961,0
388962,0
388963,0
388964,0
388965,1
388966,0
388967,0
388968,0
388969,0
388970,0
388971,0
388972,0
388973,0
388974,0
388975,0
388976,0
388977,0
388978,0
388979,0
388980,0
388981,0
388982,0
388983,0
388984,0
388985,0
388986,0
388987,0
388988,0
388989,0
388990,0
388991,0
388992,0
388993,0
388994,0
388995,0
388996,0
388997,0
388998,0
388999,0
389000,0
389001,0
389002,0
389003,0
389004,0
389005,0
389006,0
389007,0
389008,0
389009,0
389010,0
389011,0
389012,0
389013,0
389014,0
389015,0
389016,0
389017,0
389018,0
389019,0
389020,0
389021,0
389022,0
389023,0
389024,0
389025,0
389026,0
389027,0
389028,0
389029,0
389030,0
389031,0
389032,0
389033,0
389034,0
389035,0
389036,0
389037,0
389038,0
389039,0
389040,0
389041,0
389042,0
389043,0
389044,0
389045,0
389046,0
389047,0
389048,0
389049,0
389050,0
389051,0
389052,0
389053,0
389054,0
389055,0
389056,0
389057,0
389058,0
389059,0
389060,0
389061,0
389062,0
389063,0
389064,0
389065,0
389066,0
389067,0
389068,0
389069,0
389070,0
389071,0
389072,0
389073,0
389074,0
389075,0
389076,0
389077,0
389078,0
389079,0
389080,0
389081,0
389082,0
389083,0
389084,0
389085,0
389086,0
389087,0
389088,0
389089,0
389090,0
389091,0
389092,0
389093,0
389094,0
389095,0
389096,0
389097,0
389098,0
389099,21
389100,0
389101,24
389102,0
389103,30
389104,0
389105,0
389106,0
389107,0
389108,24
389109,12
389110,0
389111,33
389112,29
389113,0
389114,0
389115,0
389116,0
389117,0
389118,26
389119,0
389120,0
389121,0
389122,17
389123,34
389124,27
389125,0
389126,26
389127,28
389128,20
389129,0
389130,0
389131,0
389132,0
389133,0
389134,22
389135,0
389136,0
389137,27
389138,0
389139,0
389140,0
389141,0
389142,0
389143,0
389144,0
389145,0
389146,0
389147,0
389148,0
389149,0
389150,0
389151,25
389152,0
389153,0
389154,0
389155,0
389156,0
389157,16
389158,0
389159,0
389160,0
389161,0
389162,0
389163,17
389164,18
389165,0
389166,0
389167,22
389168,30
389169,0
389170,0
389171,0
389172,0
389173,22
389174,21
389175,25
389176,21
389177,0
389178,26
389179,25
389180,18
389181,0
389182,0
389183,0
389184,16
389185,0
389186,0
389187,0
389188,0
389189,0
389190,0
389191,21
389192,0
389193,0
389194,0
389195,16
389196,0
389197,0
389198,19
389199,0
389200,0
389201,0
389202,27
389203,0
389204,25
389205,0
389206,0
389207,0
389208,0
389209,27
389210,0
389211,0
389212,20
389213,0
389214,0
389215,0
389216,0
389217,0
389218,0
389219,18
389220,20
389221,0
389222,0
389223,0
389224,0
389225,0
389226,0
389227,0
389228,0
389229,0
389230,0
389231,33
389232,0
389233,25
389234,0
389235,0
389236,0
389237,20
389238,0
389239,23
389240,30
389241,0
389242,18
389243,0
389244,0
389245,0
389246,17
389247,0
389248,0
389249,0
389250,0
389251,0
389252,25
389253,0
389254,0
389255,0
389256,0
389257,0
389258,35
389259,0
389260,22
389261,0
389262,0
389263,0
389264,0
389265,16
389266,0
389267,22
389268,41
389269,0
389270,0
389271,0
389272,0
389273,23
389274,0
389275,30
389276,0
389277,0
389278,21
389279,0
389280,30
389281,0
389282,0
389283,22
389284,19
389285,0
389286,18
389287,0
389288,22
389289,25
389290,0
389291,21
389292,0
389293,15
389294,26
389295,0
389296,0
389297,0
389298,21
389299,21
389300,0
389301,0
389302,0
389303,0
389304,30
389305,0
389306,0
389307,0
389308,26
389309,0
389310,0
389311,0
389312,0
389313,0
389314,0
389315,0
389316,20
389317,0
389318,0
389319,0
389320,31
389321,0
389322,0
389323,0
389324,0
389325,0
389326,0
389327,0
389328,0
389329,0
389330,20
389331,0
389332,36
389333,0
389334,0
389335,14
389336,0
389337,20
389338,35
389339,0
389340,0
389341,57
389342,0
389343,0
389344,0
389345,0
389346,0
389347,0
389348,0
389349,0
389350,0
389351,0
389352,0
389353,0
389354,0
389355,0
389356,0
389357,0
389358,0
389359,0
389360,0
389361,0
389362,0
389363,0
389364,0
389365,0
389366,0
389367,0
389368,0
389369,0
389370,0
389371,0
389372,0
389373,0
389374,0
389375,0
389376,0
389377,0
389378,45
389379,0
389380,0
389381,0
389382,0
389383,0
389384,0
389385,0
389386,0
389387,0
389388,39
389389,0
389390,0
389391,0
389392,0
389393,0
389394,0
389395,0
389396,0
389397,0
389398,0
389399,0
389400,0
389401,0
389402,0
389403,0
389404,0
389405,0
389406,27
389407,0
389408,0
389409,0
389410,0
389411,0
389412,0
389413,0
389414,0
389415,0
389416,0
389417,0
389418,0
389419,0
389420,0
389421,25
389422,0
389423,0
389424,0
389425,0
389426,0
389427,33
389428,0
389429,0
389430,0
389431,0
389432,0
389433,33
389434,0
389435,0
389436,0
389437,31
389438,0
389439,0
389440,0
389441,0
389442,0
389443,0
389444,0
389445,0
389446,0
389447,0
389448,0
389449,0
389450,26
389451,0
389452,0
389453,0
389454,0
389455,0
389456,0
389457,0
389458,43
389459,0
389460,0
389461,0
389462,0
389463,0
389464,0
389465,31
389466,0
389467,0
389468,0
389469,0
389470,0
389471,0
389472,23
389473,0
389474,0
389475,0
389476,0
389477,0
389478,0
389479,0
389480,0
389481,0
389482,0
389483,0
389484,0
389485,0
389486,0
389487,0
389488,0
389489,0
389490,0
389491,0
389492,0
389493,0
389494,0
389495,0
389496,0
389497,0
389498,0
389499,0
389500,0
389501,0
389502,0
389503,0
389504,0
389505,0
389506,44
389507,0
389508,0
389509,0
389510,0
389511,0
389512,0
389513,0
389514,0
389515,0
389516,0
389517,0
389518,0
389519,0
389520,0
389521,0
389522,0
389523,0
389524,0
389525,21
389526,0
389527,0
389528,0
389529,0
389530,0
389531,0
389532,0
389533,0
389534,0
389535,0
389536,0
389537,0
389538,0
389539,0
389540,0
389541,0
389542,27
389543,0
389544,35
389545,0
389546,0
389547,42
389548,0
389549,0
389550,0
389551,24
389552,0
389553,23
389554,0
389555,37
389556,0
389557,0
389558,9
389559,0
389560,0
389561,0
389562,0
389563,0
389564,0
389565,0
389566,0
389567,11
389568,0
389569,10
389570,0
389571,5
389572,0
389573,0
389574,19
389575,0
389576,0
389577,0
389578,0
389579,0
389580,0
389581,15
389582,0
389583,8
389584,15
389585,0
389586,0
389587,0
389588,0
389589,18
389590,13
389591,0
389592,0
389593,0
389594,0
389595,0
389596,0
389597,0
389598,0
389599,0
389600,0
389601,0
389602,0
389603,0
389604,12
389605,0
389606,0
389607,0
389608,18
389609,0
389610,0
389611,0
389612,0
389613,0
389614,0
389615,0
389616,0
389617,0
389618,0
389619,0
389620,0
389621,0
389622,0
389623,0
389624,0
389625,0
389626,0
389627,14
389628,0
389629,0
389630,0
389631,0
389632,0
389633,0
389634,0
389635,0
389636,0
389637,0
389638,0
389639,0
389640,0
389641,0
389642,0
389643,0
389644,13
389645,0
389646,0
389647,20
389648,0
389649,20
389650,0
389651,0
389652,0
389653,15
389654,17
389655,0
389656,20
389657,0
389658,0
389659,20
389660,0
389661,0
389662,0
389663,0
389664,0
389665,0
389666,0
389667,0
389668,16
389669,0
389670,24
389671,0
389672,0
389673,0
389674,0
389675,0
389676,0
389677,0
389678,15
389679,0
389680,0
389681,0
389682,0
389683,0
389684,12
389685,0
389686,0
389687,14
389688,24
389689,0
389690,0
389691,28
389692,0
389693,12
389694,17
389695,0
389696,14
389697,0
389698,0
389699,16
389700,0
389701,17
389702,0
389703,0
389704,0
389705,0
389706,16
389707,0
389708,0
389709,0
389710,0
389711,11
389712,0
389713,34
389714,16
389715,0
389716,0
389717,16
389718,0
389719,0
389720,0
389721,15
389722,0
389723,0
389724,6
389725,0
389726,0
389727,0
389728,0
389729,19
389730,0
389731,0
389732,0
389733,0
389734,5
389735,12
389736,0
389737,0
389738,0
389739,0
389740,0
389741,0
389742,0
389743,0
389744,21
389745,0
389746,0
389747,0
389748,0
389749,0
389750,0
389751,0
389752,0
389753,0
389754,0
389755,0
389756,9
389757,0
389758,0
389759,0
389760,0
389761,0
389762,0
389763,0
389764,0
389765,0
389766,17
389767,0
389768,22
389769,17
389770,0
389771,0
389772,21
389773,13
389774,18
389775,0
389776,0
389777,0
389778,0
389779,0
389780,0
389781,0
389782,0
389783,0
389784,0
389785,0
389786,0
389787,0
389788,0
389789,0
389790,19
389791,0
389792,0
389793,14
389794,0
389795,9
389796,6
389797,22
389798,0
389799,7
389800,0
389801,0
389802,16
389803,0
389804,0
389805,25
389806,0
389807,0
389808,0
389809,0
389810,23
389811,15
389812,0
389813,0
389814,0
389815,0
389816,0
389817,28
389818,0
389819,0
389820,0
389821,0
389822,0
389823,0
389824,0
389825,12
389826,0
389827,0
389828,0
389829,15
389830,0
389831,0
389832,0
389833,0
389834,0
389835,0
389836,11
389837,0
389838,0
389839,0
389840,9
389841,0
389842,16
389843,14
389844,6
389845,0
389846,0
389847,18
389848,0
389849,0
389850,0
389851,0
389852,0
389853,0
389854,18
389855,14
389856,0
389857,0
389858,0
389859,18
389860,0
389861,0
389862,0
389863,0
389864,0
389865,0
389866,0
389867,13
389868,0
389869,0
389870,0
389871,26
389872,0
389873,0
389874,0
389875,20
389876,0
389877,0
389878,0
389879,0
389880,14
389881,0
389882,0
389883,0
389884,0
389885,19
389886,0
389887,0
389888,0
389889,0
389890,0
389891,12
389892,15
389893,0
389894,0
389895,11
389896,0
389897,0
389898,0
389899,0
389900,0
389901,0
389902,0
389903,0
389904,10
389905,0
389906,20
389907,0
389908,0
389909,0
389910,0
389911,0
389912,0
389913,19
389914,7
389915,0
389916,0
389917,0
389918,0
389919,0
389920,0
389921,0
389922,0
389923,0
389924,0
389925,0
389926,11
389927,0
389928,0
389929,0
389930,10
389931,10
389932,0
389933,0
389934,0
389935,19
389936,23
389937,14
389938,0
389939,0
389940,0
389941,0
389942,10
389943,0
389944,11
389945,0
389946,0
389947,23
389948,0
389949,0
389950,0
389951,0
389952,11
389953,0
389954,0
389955,0
389956,0
389957,0
389958,0
389959,0
389960,0
389961,0
389962,0
389963,0
389964,0
389965,0
389966,20
389967,15
389968,0
389969,0
389970,0
389971,0
389972,0
389973,16
389974,0
389975,0
389976,0
389977,17
389978,0
389979,0
389980,16
389981,0
389982,0
389983,14
389984,0
389985,13
389986,0
389987,0
389988,0
389989,25
389990,0
389991,11
389992,0
389993,0
389994,0
389995,0
389996,0
389997,13
389998,0
389999,14
390000,0
390001,0
390002,0
390003,19
390004,0
390005,0
390006,0
390007,21
390008,0
390009,0
390010,0
390011,19
390012,0
390013,0
390014,0
390015,0
390016,0
390017,0
390018,0
390019,0
390020,19
390021,0
390022,0
390023,0
390024,0
390025,0
390026,12
390027,0
390028,9
390029,0
390030,0
390031,15
390032,0
390033,0
390034,0
390035,0
390036,0
390037,0
390038,0
390039,0
390040,0
390041,0
390042,0
390043,0
390044,0
390045,0
390046,0
390047,0
390048,0
390049,0
390050,0
390051,13
390052,0
390053,0
390054,16
390055,0
390056,0
390057,0
390058,0
390059,0
390060,0
390061,20
390062,0
390063,12
390064,0
390065,12
390066,12
390067,0
390068,0
390069,0
390070,16
390071,0
390072,0
390073,0
390074,0
390075,0
390076,5
390077,19
390078,0
390079,0
390080,0
390081,0
390082,0
390083,21
390084,23
390085,0
390086,0
390087,14
390088,0
390089,0
390090,0
390091,11
390092,17
390093,0
390094,0
390095,0
390096,0
390097,0
390098,0
390099,0
390100,0
390101,0
390102,21
390103,0
390104,12
390105,0
390106,0
390107,0
390108,0
390109,19
390110,0
390111,17
390112,0
390113,0
390114,0
390115,0
390116,0
390117,0
390118,15
390119,0
390120,0
390121,0
390122,13
390123,22
390124,0
390125,0
390126,0
390127,0
390128,0
390129,0
390130,0
390131,17
390132,0
390133,0
390134,16
390135,0
390136,0
390137,0
390138,0
390139,10
390140,0
390141,0
390142,0
390143,0
390144,15
390145,0
390146,0
390147,17
390148,0
390149,0
390150,0
390151,0
390152,0
390153,19
390154,12
390155,0
390156,0
390157,0
390158,16
390159,0
390160,0
390161,14
390162,0
390163,0
390164,0
390165,0
390166,0
390167,0
390168,0
390169,0
390170,0
390171,10
390172,0
390173,0
390174,0
390175,0
390176,0
390177,7
390178,0
390179,9
390180,0
390181,0
390182,0
390183,14
390184,40
390185,0
390186,0
390187,0
390188,0
390189,40
390190,0
390191,48
390192,29
390193,50
390194,0
390195,0
390196,0
390197,0
390198,0
390199,0
390200,45
390201,42
390202,0
390203,0
390204,37
390205,0
390206,0
390207,0
390208,0
390209,0
390210,0
390211,42
390212,0
390213,0
390214,0
390215,0
390216,0
390217,0
390218,37
390219,0
390220,0
390221,0
390222,0
390223,0
390224,0
390225,0
390226,0
390227,0
390228,0
390229,0
390230,33
390231,0
390232,0
390233,0
390234,0
390235,27
390236,0
390237,0
390238,0
390239,0
390240,0
390241,0
390242,0
390243,49
390244,0
390245,42
390246,0
390247,0
390248,0
390249,0
390250,39
390251,0
390252,0
390253,0
390254,37
390255,0
390256,0
390257,0
390258,0
390259,0
390260,38
390261,0
390262,0
390263,0
390264,0
390265,30
390266,34
390267,0
390268,28
390269,0
390270,32
390271,37
390272,0
390273,41
390274,0
390275,0
390276,0
390277,0
390278,0
390279,0
390280,0
390281,28
390282,0
390283,0
390284,0
390285,0
390286,0
390287,0
390288,0
390289,0
390290,0
390291,0
390292,0
390293,0
390294,40
390295,40
390296,0
390297,36
390298,0
390299,0
390300,0
390301,44
390302,28
390303,0
390304,46
390305,0
390306,0
390307,45
390308,0
390309,0
390310,0
390311,58
390312,20
390313,0
390314,0
390315,0
390316,0
390317,0
390318,0
390319,45
390320,0
390321,0
390322,0
390323,45
390324,0
390325,0
390326,35
390327,0
390328,0
390329,0
390330,22
390331,30
390332,0
390333,0
390334,46
390335,0
390336,0
390337,0
390338,0
390339,0
390340,0
390341,0
390342,33
390343,30
390344,0
390345,0
390346,0
390347,0
390348,0
390349,0
390350,0
390351,36
390352,30
390353,0
390354,0
390355,0
390356,0
390357,0
390358,0
390359,21
390360,0
390361,41
390362,0
390363,0
390364,0
390365,0
390366,0
390367,28
390368,0
390369,0
390370,0
390371,0
390372,0
390373,47
390374,0
390375,0
390376,0
390377,0
390378,0
390379,0
390380,0
390381,0
390382,40
390383,51
390384,0
390385,52
390386,49
390387,0
390388,0
390389,0
390390,0
390391,32
390392,61
390393,0
390394,0
390395,0
390396,47
390397,0
390398,47
390399,0
390400,0
390401,35
390402,25
390403,0
390404,0
390405,0
390406,0
390407,51
390408,0
390409,0
390410,0
390411,0
390412,0
390413,43
390414,0
390415,0
390416,0
390417,52
390418,0
390419,0
390420,0
390421,32
390422,0
390423,51
390424,0
390425,0
390426,0
390427,0
390428,0
390429,0
390430,40
390431,0
390432,0
390433,0
390434,0
390435,29
390436,0
390437,42
390438,0
390439,0
390440,0
390441,30
390442,0
390443,0
390444,0
390445,0
390446,0
390447,0
390448,33
390449,0
390450,0
390451,0
390452,0
390453,0
390454,42
390455,0
390456,0
390457,0
390458,0
390459,33
390460,33
390461,0
390462,0
390463,30
390464,0
390465,0
390466,0
390467,0
390468,0
390469,0
390470,0
390471,0
390472,38
390473,0
390474,0
390475,0
390476,0
390477,38
390478,0
390479,0
390480,48
390481,0
390482,0
390483,42
390484,0
390485,26
390486,0
390487,49
390488,34
390489,0
390490,0
390491,0
390492,0
390493,0
390494,35
390495,46
390496,41
390497,0
390498,0
390499,0
390500,0
390501,0
390502,0
390503,33
390504,0
390505,43
390506,0
390507,36
390508,0
390509,0
390510,32
390511,38
390512,0
390513,54
390514,0
390515,38
390516,0
390517,0
390518,0
390519,0
390520,0
390521,0
390522,0
390523,0
390524,0
390525,0
390526,32
390527,0
390528,0
390529,0
390530,0
390531,0
390532,0
390533,0
390534,0
390535,0
390536,28
390537,0
390538,0
390539,36
390540,0
390541,0
390542,24
390543,51
390544,0
390545,51
390546,0
390547,0
390548,0
390549,0
390550,21
390551,33
390552,0
390553,0
390554,0
390555,0
390556,37
390557,0
390558,35
390559,0
390560,0
390561,0
390562,42
390563,39
390564,0
390565,0
390566,38
390567,29
390568,0
390569,29
390570,48
390571,0
390572,36
390573,37
390574,23
390575,0
390576,0
390577,0
390578,0
390579,0
390580,0
390581,0
390582,0
390583,0
390584,35
390585,0
390586,0
390587,0
390588,0
390589,0
390590,0
390591,0
390592,0
390593,34
390594,0
390595,0
390596,0
390597,42
390598,0
390599,25
390600,0
390601,0
390602,0
390603,0
390604,0
390605,0
390606,0
390607,0
390608,0
390609,0
390610,35
390611,50
390612,49
390613,0
390614,0
390615,0
390616,0
390617,26
390618,0
390619,0
390620,36
390621,0
390622,0
390623,0
390624,0
390625,0
390626,50
390627,0
390628,0
390629,0
390630,0
390631,0
390632,0
390633,0
390634,0
390635,25
390636,0
390637,0
390638,0
390639,0
390640,0
390641,0
390642,30
390643,47
390644,0
390645,0
390646,0
390647,29
390648,39
390649,25
390650,0
390651,41
390652,0
390653,38
390654,0
390655,46
390656,0
390657,27
390658,0
390659,33
390660,0
390661,0
390662,0
390663,0
390664,0
390665,36
390666,0
390667,45
390668,0
390669,38
390670,0
390671,0
390672,0
390673,44
390674,0
390675,51
390676,32
390677,0
390678,0
390679,0
390680,44
390681,0
390682,0
390683,0
390684,63
390685,0
390686,0
390687,49
390688,46
390689,0
390690,0
390691,0
390692,47
390693,0
390694,0
390695,0
390696,0
390697,43
390698,0
390699,0
390700,39
390701,34
390702,30
390703,0
390704,0
390705,0
390706,0
390707,0
390708,0
390709,43
390710,0
390711,0
390712,0
390713,0
390714,0
390715,28
390716,0
390717,44
390718,0
390719,0
390720,0
390721,0
390722,32
390723,57
390724,35
390725,37
390726,0
390727,0
390728,0
390729,0
390730,0
390731,0
390732,34
390733,0
390734,39
390735,70
390736,35
390737,0
390738,0
390739,0
390740,0
390741,0
390742,49
390743,0
390744,0
390745,0
390746,39
390747,0
390748,0
390749,0
390750,0
390751,0
390752,0
390753,0
390754,0
390755,0
390756,0
390757,0
390758,0
390759,0
390760,0
390761,0
390762,0
390763,0
390764,0
390765,0
390766,0
390767,0
390768,0
390769,0
390770,0
390771,0
390772,0
390773,0
390774,0
390775,0
390776,0
390777,0
390778,0
390779,0
390780,0
390781,0
390782,0
390783,0
390784,0
390785,0
390786,0
390787,0
390788,0
390789,0
390790,0
390791,0
390792,0
390793,0
390794,0
390795,0
390796,0
390797,0
390798,0
390799,0
390800,0
390801,0
390802,0
390803,0
390804,0
390805,0
390806,0
390807,0
390808,0
390809,0
390810,0
390811,0
390812,0
390813,0
390814,0
390815,0
390816,0
390817,0
390818,0
390819,0
390820,0
390821,0
390822,0
390823,0
390824,0
390825,0
390826,0
390827,0
390828,0
390829,0
390830,0
390831,0
390832,0
390833,0
390834,0
390835,0
390836,0
390837,0
390838,0
390839,0
390840,0
390841,0
390842,0
390843,0
390844,0
390845,0
390846,0
390847,0
390848,0
390849,0
390850,0
390851,0
390852,0
390853,0
390854,0
390855,0
390856,0
390857,0
390858,0
390859,0
390860,0
390861,0
390862,0
390863,0
390864,0
390865,0
390866,0
390867,0
390868,0
390869,0
390870,0
390871,0
390872,0
390873,0
390874,0
390875,0
390876,0
390877,0
390878,0
390879,0
390880,0
390881,0
390882,0
390883,0
390884,0
390885,0
390886,0
390887,0
390888,0
390889,0
390890,0
390891,0
390892,0
390893,0
390894,0
390895,0
390896,0
390897,0
390898,0
390899,0
390900,0
390901,0
390902,0
390903,0
390904,0
390905,0
390906,0
390907,0
390908,0
390909,0
390910,0
390911,0
390912,0
390913,0
390914,0
390915,0
390916,0
390917,0
390918,0
390919,0
390920,0
390921,0
390922,0
390923,0
390924,1
390925,0
390926,0
390927,0
390928,0
390929,0
390930,0
390931,0
390932,0
390933,0
390934,0
390935,0
390936,0
390937,0
390938,0
390939,0
390940,0
390941,0
390942,0
390943,0
390944,0
390945,0
390946,0
390947,0
390948,0
390949,0
390950,0
390951,0
390952,0
390953,0
390954,0
390955,0
390956,0
390957,0
390958,0
390959,0
390960,0
390961,0
390962,0
390963,0
390964,0
390965,0
390966,0
390967,0
390968,0
390969,0
390970,0
390971,0
390972,0
390973,0
390974,0
390975,0
390976,0
390977,0
390978,0
390979,0
390980,0
390981,0
390982,0
390983,0
390984,0
390985,0
390986,0
390987,0
390988,0
390989,0
390990,0
390991,0
390992,0
390993,0
390994,0
390995,0
390996,0
390997,0
390998,0
390999,0
391000,0
391001,0
391002,0
391003,0
391004,0
391005,0
391006,0
391007,0
391008,0
391009,0
391010,0
391011,0
391012,0
391013,0
391014,0
391015,0
391016,0
391017,0
391018,0
391019,0
391020,0
391021,0
391022,0
391023,0
391024,0
391025,0
391026,0
391027,0
391028,0
391029,0
391030,0
391031,0
391032,0
391033,0
391034,0
391035,0
391036,0
391037,0
391038,0
391039,0
391040,0
391041,0
391042,0
391043,0
391044,0
391045,0
391046,0
391047,0
391048,0
391049,0
391050,0
391051,0
391052,0
391053,0
391054,0
391055,0
391056,0
391057,0
391058,0
391059,0
391060,0
391061,0
391062,0
391063,0
391064,0
391065,0
391066,0
391067,0
391068,0
391069,0
391070,0
391071,0
391072,0
391073,0
391074,0
391075,0
391076,0
391077,0
391078,0
391079,0
391080,0
391081,0
391082,0
391083,0
391084,0
391085,0
391086,0
391087,0
391088,0
391089,0
391090,0
391091,0
391092,0
391093,0
391094,0
391095,0
391096,0
391097,0
391098,0
391099,0
391100,0
391101,24
391102,0
391103,0
391104,28
391105,0
391106,0
391107,0
391108,0
391109,0
391110,0
391111,0
391112,0
391113,0
391114,0
391115,0
391116,36
391117,0
391118,0
391119,0
391120,18
391121,22
391122,0
391123,0
391124,0
391125,0
391126,0
391127,22
391128,23
391129,0
391130,0
391131,0
391132,0
391133,34
391134,0
391135,0
391136,0
391137,0
391138,0
391139,0
391140,0
391141,26
391142,0
391143,0
391144,0
391145,0
391146,0
391147,0
391148,0
391149,0
391150,18
391151,42
391152,0
391153,27
391154,0
391155,0
391156,0
391157,0
391158,0
391159,0
391160,29
391161,0
391162,0
391163,0
391164,0
391165,0
391166,0
391167,0
391168,0
391169,26
391170,0
391171,21
391172,0
391173,0
391174,0
391175,0
391176,0
391177,0
391178,33
391179,0
391180,0
391181,0
391182,0
391183,0
391184,19
391185,0
391186,0
391187,0
391188,22
391189,0
391190,17
391191,0
391192,0
391193,0
391194,30
391195,32
391196,0
391197,0
391198,0
391199,0
391200,0
391201,21
391202,0
391203,0
391204,0
391205,0
391206,0
391207,0
391208,25
391209,37
391210,0
391211,0
391212,24
391213,33
391214,0
391215,0
391216,0
391217,0
391218,0
391219,0
391220,0
391221,0
391222,0
391223,0
391224,0
391225,0
391226,0
391227,0
391228,0
391229,0
391230,31
391231,0
391232,0
391233,0
391234,0
391235,0
391236,0
391237,39
391238,0
391239,0
391240,22
391241,0
391242,0
391243,0
391244,0
391245,0
391246,28
391247,0
391248,0
391249,0
391250,47
391251,0
391252,0
391253,0
391254,0
391255,25
391256,0
391257,0
391258,30
391259,33
391260,0
391261,0
391262,0
391263,23
391264,0
391265,0
391266,0
391267,0
391268,0
391269,0
391270,0
391271,18
391272,0
391273,0
391274,31
391275,0
391276,33
391277,0
391278,0
391279,0
391280,0
391281,0
391282,0
391283,0
391284,0
391285,0
391286,0
391287,0
391288,0
391289,0
391290,0
391291,0
391292,0
391293,0
391294,0
391295,0
391296,0
391297,0
391298,0
391299,0
391300,0
391301,22
391302,19
391303,27
391304,30
391305,0
391306,0
391307,17
391308,25
391309,23
391310,0
391311,0
391312,0
391313,0
391314,0
391315,0
391316,0
391317,0
391318,0
391319,0
391320,0
391321,0
391322,14
391323,0
391324,0
391325,0
391326,0
391327,0
391328,39
391329,0
391330,0
391331,0
391332,0
391333,0
391334,0
391335,0
391336,0
391337,0
391338,0
391339,0
391340,0
391341,23
391342,0
391343,0
391344,0
391345,28
391346,0
391347,0
391348,0
391349,0
391350,23
391351,0
391352,24
391353,0
391354,0
391355,0
391356,0
391357,0
391358,0
391359,19
391360,0
391361,24
391362,0
391363,0
391364,0
391365,39
391366,33
391367,0
391368,0
391369,0
391370,0
391371,0
391372,0
391373,23
391374,0
391375,20
391376,0
391377,0
391378,0
391379,0
391380,17
391381,0
391382,0
391383,0
391384,0
391385,0
391386,0
391387,0
391388,0
391389,25
391390,0
391391,0
391392,0
391393,0
391394,0
391395,22
391396,0
391397,0
391398,0
391399,23
391400,0
391401,0
391402,0
391403,0
391404,0
391405,0
391406,19
391407,0
391408,0
391409,15
391410,0
391411,0
391412,21
391413,0
391414,0
391415,0
391416,0
391417,0
391418,0
391419,0
391420,26
391421,0
391422,35
391423,0
391424,0
391425,0
391426,0
391427,0
391428,0
391429,0
391430,26
391431,0
391432,0
391433,30
391434,0
391435,0
391436,37
391437,29
391438,0
391439,0
391440,0
391441,0
391442,0
391443,0
391444,34
391445,0
391446,0
391447,33
391448,0
391449,0
391450,32
391451,28
391452,0
391453,0
391454,0
391455,28
391456,0
391457,0
391458,0
391459,0
391460,0
391461,0
391462,22
391463,25
391464,0
391465,0
391466,0
391467,0
391468,0
391469,0
391470,0
391471,0
391472,0
391473,0
391474,25
391475,0
391476,0
391477,0
391478,31
391479,0
391480,0
391481,0
391482,0
391483,0
391484,0
391485,0
391486,0
391487,0
391488,28
391489,0
391490,0
391491,0
391492,0
391493,0
391494,0
391495,0
391496,0
391497,0
391498,0
391499,0
391500,0
391501,0
391502,30
391503,0
391504,0
391505,24
391506,0
391507,29
391508,0
391509,0
391510,0
391511,0
391512,0
391513,0
391514,25
391515,0
391516,0
391517,0
391518,0
391519,0
391520,16
391521,0
391522,0
391523,0
391524,0
391525,0
391526,0
391527,0
391528,0
391529,46
391530,0
391531,0
391532,0
391533,0
391534,0
391535,0
391536,46
391537,0
391538,0
391539,25
391540,0
391541,29
391542,0
391543,0
391544,15
391545,0
391546,0
391547,0
391548,31
391549,0
391550,0
391551,0
391552,0
391553,0
391554,0
391555,0
391556,0
391557,0
391558,21
391559,33
391560,0
391561,0
391562,0
391563,0
391564,0
391565,0
391566,0
391567,0
391568,0
391569,0
391570,0
391571,35
391572,0
391573,0
391574,0
391575,0
391576,0
391577,38
391578,0
391579,33
391580,0
391581,0
391582,0
391583,0
391584,0
391585,0
391586,0
391587,34
391588,0
391589,0
391590,0
391591,22
391592,0
391593,0
391594,0
391595,0
391596,0
391597,0
391598,0
391599,0
391600,0
391601,0
391602,25
391603,0
391604,0
391605,0
391606,0
391607,0
391608,0
391609,0
391610,0
391611,0
391612,0
391613,13
391614,0
391615,0
391616,0
391617,0
391618,0
391619,0
391620,0
391621,27
391622,36
391623,0
391624,0
391625,0
391626,0
391627,0
391628,0
391629,0
391630,0
391631,0
391632,0
391633,0
391634,0
391635,0
391636,0
391637,0
391638,0
391639,0
391640,30
391641,0
391642,41
391643,0
391644,0
391645,0
391646,0
391647,0
391648,0
391649,0
391650,26
391651,0
391652,0
391653,0
391654,0
391655,0
391656,0
391657,0
391658,0
391659,0
391660,0
391661,0
391662,0
391663,0
391664,37
391665,0
391666,0
391667,0
391668,0
391669,0
391670,0
391671,0
391672,0
391673,0
391674,0
391675,0
391676,0
391677,0
391678,0
391679,0
391680,0
391681,0
391682,0
391683,0
391684,0
391685,0
391686,0
391687,0
391688,0
391689,0
391690,0
391691,0
391692,0
391693,0
391694,0
391695,0
391696,0
391697,0
391698,0
391699,0
391700,0
391701,0
391702,0
391703,0
391704,0
391705,0
391706,0
391707,0
391708,0
391709,0
391710,0
391711,0
391712,0
391713,0
391714,0
391715,0
391716,0
391717,0
391718,22
391719,48
391720,0
391721,35
391722,0
391723,0
391724,0
391725,0
391726,0
391727,0
391728,0
391729,0
391730,32
391731,0
391732,0
391733,0
391734,0
391735,0
391736,0
391737,0
391738,0
391739,0
391740,0
391741,0
391742,0
391743,0
391744,0
391745,0
391746,0
391747,0
391748,0
391749,0
391750,0
391751,0
391752,0
391753,0
391754,0
391755,0
391756,0
391757,29
391758,0
391759,0
391760,0
391761,0
391762,0
391763,0
391764,0
391765,0
391766,0
391767,0
391768,0
391769,30
391770,0
391771,34
391772,0
391773,0
391774,0
391775,0
391776,33
391777,0
391778,0
391779,0
391780,23
391781,0
391782,0
391783,0
391784,0
391785,0
391786,0
391787,0
391788,0
391789,0
391790,0
391791,0
391792,0
391793,0
391794,0
391795,0
391796,0
391797,0
391798,0
391799,0
391800,0
391801,0
391802,0
391803,0
391804,0
391805,0
391806,0
391807,0
391808,0
391809,31
391810,0
391811,0
391812,0
391813,0
391814,26
391815,0
391816,0
391817,0
391818,0
391819,0
391820,0
391821,30
391822,30
391823,26
391824,0
391825,0
391826,0
391827,0
391828,0
391829,0
391830,0
391831,0
391832,0
391833,0
391834,0
391835,0
391836,0
391837,0
391838,0
391839,0
391840,0
391841,0
391842,0
391843,0
391844,0
391845,0
391846,0
391847,24
391848,26
391849,0
391850,0
391851,0
391852,0
391853,0
391854,0
391855,0
391856,0
391857,0
391858,0
391859,33
391860,0
391861,0
391862,0
391863,0
391864,0
391865,0
391866,0
391867,0
391868,34
391869,0
391870,0
391871,0
391872,0
391873,0
391874,0
391875,0
391876,0
391877,0
391878,0
391879,0
391880,0
391881,0
391882,0
391883,0
391884,0
391885,0
391886,0
391887,0
391888,0
391889,0
391890,0
391891,0
391892,0
391893,0
391894,0
391895,0
391896,0
391897,0
391898,0
391899,0
391900,0
391901,0
391902,34
391903,0
391904,0
391905,0
391906,0
391907,0
391908,0
391909,0
391910,0
391911,0
391912,0
391913,0
391914,0
391915,0
391916,0
391917,0
391918,32
391919,0
391920,0
391921,0
391922,0
391923,0
391924,0
391925,0
391926,0
391927,0
391928,0
391929,0
391930,0
391931,0
391932,0
391933,0
391934,0
391935,0
391936,0
391937,0
391938,0
391939,0
391940,0
391941,0
391942,0
391943,0
391944,0
391945,40
391946,24
391947,0
391948,23
391949,0
391950,19
391951,15
391952,14
391953,0
391954,0
391955,0
391956,0
391957,0
391958,0
391959,0
391960,0
391961,0
391962,0
391963,0
391964,0
391965,0
391966,26
391967,0
391968,0
391969,25
391970,0
391971,0
391972,0
391973,0
391974,0
391975,0
391976,0
391977,16
391978,0
391979,13
391980,0
391981,0
391982,0
391983,21
391984,0
391985,0
391986,0
391987,0
391988,0
391989,0
391990,12
391991,0
391992,0
391993,26
391994,16
391995,19
391996,0
391997,16
391998,0
391999,0
392000,0
392001,0
392002,0
392003,0
392004,0
392005,0
392006,0
392007,0
392008,0
392009,25
392010,0
392011,0
392012,0
392013,0
392014,0
392015,0
392016,0
392017,0
392018,0
392019,21
392020,0
392021,0
392022,0
392023,0
392024,21
392025,18
392026,0
392027,0
392028,0
392029,0
392030,21
392031,0
392032,0
392033,12
392034,0
392035,0
392036,14
392037,23
392038,20
392039,0
392040,13
392041,0
392042,0
392043,0
392044,27
392045,0
392046,0
392047,0
392048,0
392049,0
392050,0
392051,0
392052,0
392053,12
392054,21
392055,16
392056,0
392057,0
392058,26
392059,0
392060,0
392061,0
392062,0
392063,0
392064,0
392065,0
392066,0
392067,0
392068,0
392069,0
392070,13
392071,0
392072,13
392073,0
392074,0
392075,14
392076,0
392077,12
392078,30
392079,18
392080,0
392081,20
392082,0
392083,0
392084,0
392085,16
392086,0
392087,0
392088,0
392089,0
392090,0
392091,11
392092,20
392093,0
392094,0
392095,28
392096,0
392097,0
392098,28
392099,0
392100,0
392101,0
392102,0
392103,0
392104,0
392105,0
392106,0
392107,0
392108,0
392109,0
392110,0
392111,0
392112,0
392113,0
392114,0
392115,0
392116,0
392117,0
392118,0
392119,24
392120,12
392121,18
392122,12
392123,0
392124,15
392125,0
392126,30
392127,0
392128,16
392129,0
392130,0
392131,0
392132,0
392133,0
392134,0
392135,17
392136,0
392137,0
392138,0
392139,18
392140,12
392141,22
392142,0
392143,0
392144,0
392145,0
392146,20
392147,0
392148,10
392149,0
392150,0
392151,0
392152,0
392153,0
392154,18
392155,15
392156,0
392157,0
392158,19
392159,0
392160,0
392161,0
392162,0
392163,0
392164,0
392165,0
392166,0
392167,0
392168,0
392169,0
392170,0
392171,15
392172,0
392173,27
392174,0
392175,0
392176,0
392177,14
392178,0
392179,0
392180,0
392181,0
392182,0
392183,13
392184,0
392185,0
392186,0
392187,13
392188,14
392189,14
392190,0
392191,12
392192,0
392193,0
392194,18
392195,32
392196,0
392197,0
392198,0
392199,0
392200,0
392201,0
392202,0
392203,0
392204,0
392205,0
392206,0
392207,0
392208,0
392209,6
392210,18
392211,0
392212,0
392213,17
392214,0
392215,0
392216,0
392217,15
392218,23
392219,0
392220,0
392221,0
392222,0
392223,0
392224,0
392225,0
392226,16
392227,0
392228,0
392229,13
392230,23
392231,0
392232,0
392233,0
392234,25
392235,0
392236,0
392237,0
392238,24
392239,24
392240,0
392241,20
392242,0
392243,0
392244,0
392245,0
392246,32
392247,0
392248,0
392249,29
392250,20
392251,0
392252,0
392253,0
392254,0
392255,16
392256,14
392257,24
392258,0
392259,14
392260,0
392261,0
392262,17
392263,17
392264,0
392265,0
392266,17
392267,0
392268,0
392269,13
392270,0
392271,0
392272,30
392273,0
392274,0
392275,0
392276,23
392277,0
392278,0
392279,0
392280,0
392281,0
392282,0
392283,0
392284,0
392285,0
392286,0
392287,0
392288,0
392289,0
392290,0
392291,23
392292,0
392293,15
392294,0
392295,0
392296,0
392297,0
392298,18
392299,0
392300,14
392301,0
392302,0
392303,0
392304,0
392305,0
392306,0
392307,0
392308,0
392309,0
392310,0
392311,0
392312,0
392313,0
392314,0
392315,0
392316,0
392317,0
392318,0
392319,21
392320,0
392321,0
392322,0
392323,0
392324,0
392325,10
392326,0
392327,19
392328,0
392329,9
392330,18
392331,0
392332,0
392333,0
392334,0
392335,17
392336,0
392337,0
392338,0
392339,23
392340,21
392341,0
392342,0
392343,31
392344,0
392345,15
392346,18
392347,0
392348,0
392349,22
392350,0
392351,0
392352,32
392353,0
392354,0
392355,0
392356,0
392357,0
392358,0
392359,0
392360,20
392361,0
392362,0
392363,0
392364,27
392365,0
392366,0
392367,0
392368,0
392369,0
392370,0
392371,0
392372,0
392373,23
392374,16
392375,0
392376,0
392377,0
392378,0
392379,16
392380,0
392381,0
392382,0
392383,0
392384,21
392385,0
392386,0
392387,0
392388,0
392389,0
392390,0
392391,0
392392,0
392393,17
392394,0
392395,0
392396,0
392397,0
392398,0
392399,11
392400,0
392401,0
392402,10
392403,0
392404,0
392405,0
392406,0
392407,0
392408,12
392409,0
392410,0
392411,0
392412,0
392413,0
392414,22
392415,0
392416,0
392417,0
392418,0
392419,0
392420,16
392421,0
392422,0
392423,0
392424,16
392425,0
392426,0
392427,0
392428,0
392429,0
392430,0
392431,0
392432,0
392433,0
392434,0
392435,0
392436,0
392437,0
392438,0
392439,0
392440,13
392441,0
392442,0
392443,0
392444,10
392445,0
392446,0
392447,0
392448,0
392449,17
392450,7
392451,0
392452,18
392453,0
392454,0
392455,0
392456,25
392457,0
392458,17
392459,0
392460,0
392461,14
392462,18
392463,0
392464,0
392465,0
392466,0
392467,0
392468,0
392469,18
392470,0
392471,0
392472,19
392473,0
392474,0
392475,17
392476,0
392477,0
392478,0
392479,18
392480,16
392481,0
392482,0
392483,0
392484,0
392485,0
392486,0
392487,0
392488,19
392489,0
392490,0
392491,11
392492,0
392493,0
392494,18
392495,0
392496,0
392497,18
392498,0
392499,0
392500,13
392501,0
392502,21
392503,0
392504,0
392505,0
392506,0
392507,0
392508,0
392509,0
392510,21
392511,0
392512,0
392513,0
392514,0
392515,0
392516,0
392517,0
392518,0
392519,0
392520,21
392521,0
392522,0
392523,18
392524,0
392525,17
392526,13
392527,0
392528,0
392529,0
392530,0
392531,0
392532,16
392533,0
392534,0
392535,0
392536,0
392537,0
392538,17
392539,0
392540,0
392541,23
392542,0
392543,0
392544,0
392545,18
392546,0
392547,20
392548,0
392549,0
392550,0
392551,0
392552,0
392553,0
392554,0
392555,24
392556,0
392557,0
392558,21
392559,0
392560,16
392561,0
392562,12
392563,18
392564,0
392565,0
392566,0
392567,0
392568,0
392569,0
392570,16
392571,0
392572,0
392573,25
392574,0
392575,0
392576,0
392577,0
392578,0
392579,0
392580,20
392581,0
392582,15
392583,14
392584,13
392585,0
392586,0
392587,0
392588,0
392589,0
392590,0
392591,0
392592,6
392593,8
392594,0
392595,0
392596,0
392597,0
392598,0
392599,7
392600,0
392601,0
392602,5
392603,0
392604,0
392605,0
392606,12
392607,8
392608,12
392609,0
392610,7
392611,10
392612,0
392613,0
392614,8
392615,8
392616,0
392617,0
392618,6
392619,0
392620,0
392621,0
392622,2
392623,10
392624,6
392625,0
392626,0
392627,4
392628,0
392629,0
392630,0
392631,0
392632,0
392633,3
392634,0
392635,0
392636,0
392637,7
392638,0
392639,5
392640,0
392641,0
392642,6
392643,9
392644,0
392645,3
392646,0
392647,0
392648,4
392649,0
392650,0
392651,0
392652,8
392653,0
392654,10
392655,6
392656,0
392657,7
392658,0
392659,2
392660,0
392661,6
392662,0
392663,0
392664,0
392665,0
392666,0
392667,0
392668,0
392669,0
392670,0
392671,12
392672,0
392673,0
392674,0
392675,0
392676,0
392677,0
392678,0
392679,0
392680,0
392681,0
392682,7
392683,0
392684,0
392685,0
392686,0
392687,0
392688,0
392689,9
392690,0
392691,0
392692,0
392693,0
392694,0
392695,0
392696,0
392697,0
392698,0
392699,0
392700,0
392701,0
392702,0
392703,0
392704,0
392705,6
392706,0
392707,0
392708,3
392709,0
392710,0
392711,0
392712,0
392713,0
392714,0
392715,0
392716,0
392717,0
392718,7
392719,0
392720,3
392721,0
392722,0
392723,0
392724,0
392725,0
392726,0
392727,0
392728,7
392729,0
392730,6
392731,0
392732,9
392733,0
392734,0
392735,0
392736,0
392737,0
392738,7
392739,0
392740,0
392741,13
392742,0
392743,0
392744,7
392745,0
392746,0
392747,4
392748,0
392749,6
392750,0
392751,0
392752,0
392753,0
392754,0
392755,0
392756,0
392757,0
392758,0
392759,0
392760,4
392761,0
392762,0
392763,0
392764,0
392765,0
392766,0
392767,0
392768,3
392769,0
392770,0
392771,0
392772,0
392773,0
392774,0
392775,0
392776,0
392777,0
392778,0
392779,0
392780,0
392781,0
392782,10
392783,0
392784,0
392785,0
392786,0
392787,0
392788,0
392789,0
392790,0
392791,0
392792,0
392793,8
392794,0
392795,0
392796,9
392797,0
392798,9
392799,0
392800,0
392801,0
392802,0
392803,0
392804,0
392805,0
392806,8
392807,0
392808,2
392809,0
392810,0
392811,0
392812,0
392813,0
392814,0
392815,0
392816,8
392817,0
392818,0
392819,0
392820,0
392821,10
392822,0
392823,6
392824,0
392825,0
392826,0
392827,7
392828,10
392829,0
392830,0
392831,0
392832,0
392833,9
392834,0
392835,5
392836,0
392837,0
392838,0
392839,0
392840,3
392841,0
392842,0
392843,0
392844,0
392845,0
392846,0
392847,0
392848,0
392849,0
392850,0
392851,0
392852,4
392853,0
392854,0
392855,3
392856,0
392857,0
392858,0
392859,0
392860,10
392861,0
392862,0
392863,0
392864,0
392865,0
392866,0
392867,0
392868,0
392869,0
392870,0
392871,0
392872,0
392873,8
392874,0
392875,0
392876,0
392877,0
392878,0
392879,0
392880,0
392881,9
392882,0
392883,0
392884,0
392885,0
392886,0
392887,0
392888,0
392889,7
392890,0
392891,0
392892,0
392893,0
392894,3
392895,0
392896,10
392897,0
392898,0
392899,0
392900,5
392901,0
392902,0
392903,0
392904,0
392905,0
392906,0
392907,0
392908,0
392909,6
392910,4
392911,0
392912,0
392913,8
392914,9
392915,0
392916,0
392917,0
392918,0
392919,0
392920,6
392921,0
392922,0
392923,0
392924,0
392925,0
392926,0
392927,0
392928,0
392929,0
392930,0
392931,0
392932,0
392933,0
392934,0
392935,0
392936,0
392937,8
392938,0
392939,0
392940,3
392941,0
392942,0
392943,0
392944,0
392945,6
392946,0
392947,0
392948,0
392949,11
392950,0
392951,0
392952,0
392953,0
392954,0
392955,0
392956,0
392957,0
392958,0
392959,0
392960,4
392961,0
392962,0
392963,0
392964,10
392965,0
392966,10
392967,7
392968,0
392969,0
392970,0
392971,0
392972,0
392973,8
392974,0
392975,9
392976,0
392977,0
392978,12
392979,4
392980,0
392981,0
392982,4
392983,0
392984,0
392985,0
392986,0
392987,0
392988,0
392989,0
392990,0
392991,0
392992,0
392993,0
392994,0
392995,5
392996,9
392997,0
392998,7
392999,0
393000,0
393001,0
393002,0
393003,0
393004,8
393005,0
393006,0
393007,0
393008,0
393009,0
393010,0
393011,0
393012,0
393013,5
393014,0
393015,0
393016,0
393017,0
393018,0
393019,0
393020,0
393021,0
393022,0
393023,0
393024,0
393025,0
393026,0
393027,0
393028,0
393029,11
393030,4
393031,0
393032,0
393033,1
393034,0
393035,6
393036,0
393037,0
393038,0
393039,0
393040,0
393041,0
393042,0
393043,0
393044,0
393045,0
393046,0
393047,0
393048,0
393049,0
393050,0
393051,0
393052,0
393053,8
393054,0
393055,0
393056,0
393057,0
393058,0
393059,0
393060,0
393061,4
393062,0
393063,0
393064,6
393065,0
393066,0
393067,7
393068,0
393069,0
393070,10
393071,7
393072,0
393073,0
393074,0
393075,0
393076,0
393077,0
393078,0
393079,0
393080,0
393081,0
393082,4
393083,3
393084,0
393085,0
393086,0
393087,0
393088,5
393089,0
393090,0
393091,5
393092,0
393093,9
393094,6
393095,0
393096,0
393097,8
393098,0
393099,7
393100,0
393101,3
393102,0
393103,0
393104,4
393105,0
393106,4
393107,0
393108,0
393109,0
393110,0
393111,0
393112,0
393113,4
393114,0
393115,0
393116,0
393117,0
393118,0
393119,0
393120,0
393121,0
393122,0
393123,0
393124,0
393125,0
393126,0
393127,0
393128,0
393129,0
393130,0
393131,0
393132,0
393133,0
393134,4
393135,0
393136,0
393137,0
393138,5
393139,0
393140,0
393141,0
393142,0
393143,0
393144,0
393145,0
393146,0
393147,0
393148,0
393149,0
393150,0
393151,0
393152,0
393153,0
393154,0
393155,0
393156,0
393157,0
393158,0
393159,0
393160,0
393161,0
393162,0
393163,0
393164,0
393165,0
393166,0
393167,4
393168,0
393169,0
393170,0
393171,0
393172,0
393173,0
393174,0
393175,0
393176,0
393177,0
393178,0
393179,0
393180,0
393181,0
393182,0
393183,0
393184,0
393185,0
393186,0
393187,0
393188,0
393189,0
393190,4
393191,0
393192,0
393193,0
393194,0
393195,0
393196,0
393197,0
393198,0
393199,0
393200,0
393201,0
393202,0
393203,0
393204,0
393205,0
393206,0
393207,0
393208,3
393209,0
393210,0
393211,0
393212,0
393213,0
393214,7
393215,0
393216,0
393217,0
393218,3
393219,4
393220,2
393221,0
393222,0
393223,0
393224,0
393225,0
393226,0
393227,0
393228,0
393229,0
393230,0
393231,0
393232,0
393233,0
393234,0
393235,3
393236,0
393237,0
393238,0
393239,0
393240,0
393241,0
393242,0
393243,6
393244,0
393245,0
393246,0
393247,0
393248,0
393249,0
393250,0
393251,0
393252,0
393253,0
393254,0
393255,0
393256,0
393257,0
393258,0
393259,0
393260,0
393261,0
393262,0
393263,0
393264,0
393265,0
393266,7
393267,0
393268,0
393269,0
393270,0
393271,0
393272,0
393273,0
393274,0
393275,0
393276,0
393277,0
393278,1
393279,0
393280,0
393281,0
393282,0
393283,0
393284,0
393285,0
393286,0
393287,0
393288,0
393289,0
393290,0
393291,0
393292,0
393293,0
393294,0
393295,0
393296,0
393297,0
393298,0
393299,0
393300,0
393301,0
393302,0
393303,0
393304,0
393305,0
393306,0
393307,0
393308,0
393309,0
393310,0
393311,0
393312,0
393313,0
393314,0
393315,0
393316,6
393317,0
393318,0
393319,0
393320,0
393321,0
393322,0
393323,0
393324,0
393325,0
393326,0
393327,0
393328,0
393329,0
393330,0
393331,0
393332,0
393333,6
393334,0
393335,0
393336,0
393337,0
393338,0
393339,0
393340,0
393341,0
393342,0
393343,0
393344,0
393345,0
393346,0
393347,0
393348,0
393349,0
393350,0
393351,0
393352,0
393353,0
393354,0
393355,0
393356,0
393357,0
393358,0
393359,0
393360,0
393361,0
393362,0
393363,0
393364,0
393365,0
393366,0
393367,0
393368,0
393369,0
393370,0
393371,0
393372,0
393373,0
393374,0
393375,0
393376,0
393377,0
393378,0
393379,0
393380,0
393381,4
393382,0
393383,0
393384,0
393385,0
393386,0
393387,0
393388,0
393389,0
393390,1
393391,0
393392,0
393393,0
393394,0
393395,0
393396,0
393397,6
393398,0
393399,0
393400,0
393401,0
393402,0
393403,0
393404,0
393405,0
393406,0
393407,0
393408,0
393409,0
393410,0
393411,0
393412,0
393413,0
393414,0
393415,0
393416,0
393417,0
393418,0
393419,2
393420,3
393421,0
393422,0
393423,0
393424,0
393425,0
393426,0
393427,0
393428,0
393429,0
393430,0
393431,0
393432,0
393433,0
393434,0
393435,3
393436,0
393437,0
393438,0
393439,0
393440,0
393441,0
393442,0
393443,0
393444,0
393445,0
393446,0
393447,0
393448,0
393449,0
393450,0
393451,0
393452,2
393453,0
393454,0
393455,0
393456,0
393457,0
393458,0
393459,0
393460,0
393461,0
393462,0
393463,0
393464,0
393465,0
393466,0
393467,0
393468,0
393469,4
393470,0
393471,0
393472,0
393473,0
393474,0
393475,0
393476,0
393477,0
393478,0
393479,0
393480,0
393481,0
393482,0
393483,1
393484,0
393485,0
393486,0
393487,4
393488,0
393489,0
393490,0
393491,0
393492,0
393493,0
393494,0
393495,0
393496,0
393497,7
393498,0
393499,3
393500,3
393501,0
393502,0
393503,0
393504,0
393505,0
393506,0
393507,0
393508,0
393509,0
393510,0
393511,0
393512,0
393513,0
393514,0
393515,0
393516,0
393517,0
393518,0
393519,0
393520,0
393521,0
393522,0
393523,0
393524,0
393525,0
393526,0
393527,0
393528,0
393529,0
393530,0
393531,0
393532,0
393533,0
393534,0
393535,0
393536,0
393537,0
393538,0
393539,0
393540,0
393541,0
393542,0
393543,0
393544,0
393545,0
393546,0
393547,0
393548,0
393549,0
393550,3
393551,0
393552,0
393553,0
393554,0
393555,0
393556,0
393557,0
393558,0
393559,0
393560,0
393561,0
393562,0
393563,0
393564,0
393565,0
393566,0
393567,0
393568,0
393569,0
393570,0
393571,0
393572,0
393573,0
393574,0
393575,0
393576,0
393577,0
393578,0
393579,0
393580,0
393581,3
393582,0
393583,0
393584,0
393585,0
393586,0
393587,0
393588,0
393589,0
393590,0
393591,0
393592,4
393593,0
393594,0
393595,0
393596,0
393597,0
393598,0
393599,0
393600,0
393601,0
393602,0
393603,0
393604,0
393605,0
393606,0
393607,0
393608,0
393609,0
393610,0
393611,0
393612,0
393613,0
393614,0
393615,0
393616,0
393617,0
393618,0
393619,0
393620,0
393621,0
393622,0
393623,0
393624,0
393625,0
393626,0
393627,0
393628,0
393629,0
393630,0
393631,2
393632,0
393633,0
393634,0
393635,0
393636,0
393637,0
393638,0
393639,0
393640,0
393641,0
393642,0
393643,0
393644,0
393645,0
393646,0
393647,0
393648,0
393649,0
393650,0
393651,0
393652,0
393653,0
393654,0
393655,0
393656,0
393657,0
393658,0
393659,0
393660,0
393661,0
393662,0
393663,0
393664,0
393665,0
393666,0
393667,0
393668,0
393669,0
393670,0
393671,0
393672,0
393673,0
393674,0
393675,0
393676,0
393677,0
393678,0
393679,0
393680,0
393681,0
393682,0
393683,0
393684,0
393685,0
393686,0
393687,0
393688,0
393689,0
393690,0
393691,0
393692,0
393693,6
393694,0
393695,0
393696,0
393697,0
393698,0
393699,0
393700,0
393701,0
393702,0
393703,0
393704,0
393705,0
393706,0
393707,0
393708,0
393709,0
393710,0
393711,0
393712,0
393713,0
393714,0
393715,0
393716,0
393717,0
393718,0
393719,0
393720,0
393721,0
393722,0
393723,0
393724,0
393725,0
393726,0
393727,0
393728,0
393729,0
393730,0
393731,0
393732,0
393733,0
393734,0
393735,0
393736,0
393737,0
393738,0
393739,0
393740,0
393741,0
393742,0
393743,0
393744,0
393745,0
393746,0
393747,0
393748,0
393749,0
393750,0
393751,0
393752,0
393753,0
393754,1
393755,0
393756,0
393757,0
393758,0
393759,0
393760,0
393761,0
393762,0
393763,0
393764,0
393765,0
393766,0
393767,0
393768,0
393769,0
393770,0
393771,0
393772,0
393773,0
393774,0
393775,0
393776,0
393777,0
393778,0
393779,0
393780,0
393781,0
393782,0
393783,0
393784,0
393785,0
393786,0
393787,0
393788,0
393789,0
393790,0
393791,0
393792,0
393793,0
393794,0
393795,0
393796,0
393797,0
393798,0
393799,0
393800,0
393801,0
393802,0
393803,0
393804,0
393805,0
393806,0
393807,0
393808,0
393809,0
393810,0
393811,0
393812,0
393813,0
393814,0
393815,0
393816,0
393817,1
393818,0
393819,0
393820,0
393821,0
393822,0
393823,0
393824,0
393825,0
393826,0
393827,0
393828,0
393829,0
393830,0
393831,0
393832,0
393833,0
393834,0
393835,0
393836,0
393837,0
393838,0
393839,0
393840,0
393841,0
393842,0
393843,0
393844,0
393845,0
393846,0
393847,0
393848,0
393849,0
393850,0
393851,0
393852,1
393853,0
393854,0
393855,0
393856,0
393857,0
393858,0
393859,0
393860,0
393861,0
393862,0
393863,0
393864,0
393865,0
393866,0
393867,0
393868,0
393869,0
393870,0
393871,0
393872,0
393873,0
393874,0
393875,0
393876,0
393877,0
393878,0
393879,0
393880,0
393881,0
393882,0
393883,0
393884,0
393885,0
393886,0
393887,0
393888,0
393889,0
393890,0
393891,0
393892,0
393893,0
393894,0
393895,0
393896,0
393897,0
393898,0
393899,0
393900,1
393901,0
393902,0
393903,0
393904,0
393905,0
393906,0
393907,0
393908,0
393909,0
393910,0
393911,0
393912,0
393913,0
393914,0
393915,0
393916,0
393917,0
393918,0
393919,0
393920,0
393921,0
393922,0
393923,0
393924,0
393925,0
393926,0
393927,0
393928,0
393929,0
393930,0
393931,0
393932,0
393933,0
393934,0
393935,0
393936,0
393937,0
393938,0
393939,0
393940,0
393941,24
393942,48
393943,0
393944,0
393945,0
393946,0
393947,46
393948,0
393949,0
393950,0
393951,0
393952,30
393953,0
393954,32
393955,0
393956,31
393957,43
393958,0
393959,66
393960,0
393961,30
393962,0
393963,54
393964,23
393965,0
393966,0
393967,0
393968,0
393969,0
393970,0
393971,0
393972,36
393973,30
393974,0
393975,0
393976,30
393977,0
393978,0
393979,0
393980,0
393981,30
393982,0
393983,34
393984,0
393985,0
393986,0
393987,36
393988,0
393989,0
393990,54
393991,0
393992,0
393993,23
393994,0
393995,0
393996,0
393997,0
393998,36
393999,0
394000,31
394001,0
394002,0
394003,0
394004,0
394005,0
394006,53
394007,0
394008,0
394009,0
394010,0
394011,55
394012,0
394013,0
394014,0
394015,39
394016,24
394017,0
394018,0
394019,50
394020,39
394021,0
394022,32
394023,0
394024,0
394025,0
394026,26
394027,0
394028,0
394029,0
394030,0
394031,0
394032,0
394033,0
394034,0
394035,0
394036,0
394037,28
394038,0
394039,0
394040,0
394041,0
394042,0
394043,0
394044,61
394045,0
394046,0
394047,0
394048,35
394049,0
394050,0
394051,0
394052,37
394053,0
394054,0
394055,0
394056,0
394057,0
394058,0
394059,0
394060,0
394061,0
394062,0
394063,0
394064,42
394065,0
394066,39
394067,0
394068,0
394069,0
394070,0
394071,30
394072,0
394073,47
394074,0
394075,30
394076,0
394077,0
394078,0
394079,0
394080,0
394081,0
394082,0
394083,0
394084,0
394085,40
394086,0
394087,31
394088,0
394089,28
394090,0
394091,0
394092,0
394093,0
394094,36
394095,0
394096,0
394097,42
394098,32
394099,0
394100,0
394101,0
394102,0
394103,48
394104,84
394105,0
394106,0
394107,0
394108,0
394109,0
394110,0
394111,42
394112,0
394113,41
394114,45
394115,0
394116,0
394117,0
394118,28
394119,0
394120,0
394121,0
394122,0
394123,0
394124,0
394125,0
394126,46
394127,35
394128,28
394129,0
394130,0
394131,0
394132,34
394133,0
394134,0
394135,0
394136,34
394137,0
394138,26
394139,0
394140,37
394141,0
394142,0
394143,0
394144,11
394145,0
394146,0
394147,37
394148,0
394149,27
394150,0
394151,0
394152,0
394153,0
394154,0
394155,37
394156,0
394157,0
394158,0
394159,25
394160,41
394161,0
394162,0
394163,60
394164,32
394165,0
394166,0
394167,0
394168,0
394169,50
394170,0
394171,0
394172,0
394173,16
394174,0
394175,0
394176,41
394177,0
394178,0
394179,0
394180,27
394181,33
394182,0
394183,0
394184,0
394185,28
394186,0
394187,46
394188,32
394189,65
394190,0
394191,0
394192,0
394193,0
394194,0
394195,0
394196,47
394197,36
394198,47
394199,40
394200,38
394201,41
394202,0
394203,0
394204,0
394205,0
394206,0
394207,44
394208,0
394209,0
394210,0
394211,0
394212,51
394213,0
394214,0
394215,0
394216,0
394217,40
394218,0
394219,48
394220,24
394221,0
394222,0
394223,0
394224,0
394225,0
394226,40
394227,0
394228,0
394229,0
394230,0
394231,30
394232,0
394233,0
394234,28
394235,0
394236,0
394237,0
394238,0
394239,0
394240,22
394241,0
394242,0
394243,0
394244,0
394245,0
394246,39
394247,47
394248,0
394249,32
394250,0
394251,0
394252,22
394253,0
394254,0
394255,0
394256,0
394257,0
394258,0
394259,0
394260,0
394261,0
394262,0
394263,51
394264,0
394265,0
394266,29
394267,36
394268,0
394269,0
394270,0
394271,0
394272,0
394273,0
394274,0
394275,0
394276,0
394277,0
394278,0
394279,0
394280,0
394281,0
394282,0
394283,0
394284,48
394285,0
394286,0
394287,0
394288,40
394289,46
394290,0
394291,37
394292,0
394293,54
394294,34
394295,0
394296,0
394297,60
394298,0
394299,0
394300,0
394301,0
394302,0
394303,0
394304,0
394305,0
394306,0
394307,0
394308,0
394309,0
394310,0
394311,59
394312,0
394313,31
394314,0
394315,0
394316,0
394317,0
394318,0
394319,0
394320,0
394321,0
394322,0
394323,37
394324,14
394325,0
394326,0
394327,0
394328,32
394329,0
394330,0
394331,0
394332,0
394333,0
394334,0
394335,35
394336,0
394337,0
394338,0
394339,0
394340,0
394341,0
394342,0
394343,0
394344,48
394345,0
394346,72
394347,0
394348,43
394349,0
394350,0
394351,0
394352,0
394353,23
394354,0
394355,0
394356,0
394357,0
394358,0
394359,0
394360,0
394361,0
394362,0
394363,0
394364,0
394365,0
394366,19
394367,37
394368,0
394369,0
394370,23
394371,0
394372,0
394373,0
394374,0
394375,0
394376,0
394377,0
394378,0
394379,0
394380,0
394381,19
394382,0
394383,0
394384,0
394385,36
394386,0
394387,17
394388,0
394389,40
394390,0
394391,54
394392,0
394393,0
394394,0
394395,0
394396,0
394397,0
394398,0
394399,0
394400,0
394401,0
394402,0
394403,48
394404,60
394405,0
394406,0
394407,31
394408,0
394409,48
394410,0
394411,0
394412,0
394413,33
394414,0
394415,0
394416,0
394417,0
394418,0
394419,0
394420,0
394421,0
394422,0
394423,0
394424,0
394425,0
394426,0
394427,0
394428,45
394429,0
394430,0
394431,0
394432,0
394433,0
394434,44
394435,0
394436,0
394437,0
394438,67
394439,0
394440,41
394441,29
394442,47
394443,0
394444,67
394445,0
394446,0
394447,0
394448,0
394449,0
394450,0
394451,0
394452,0
394453,0
394454,0
394455,21
394456,0
394457,0
394458,0
394459,37
394460,0
394461,22
394462,40
394463,0
394464,32
394465,0
394466,23
394467,0
394468,0
394469,45
394470,0
394471,0
394472,0
394473,0
394474,0
394475,36
394476,0
394477,0
394478,36
394479,0
394480,0
394481,32
394482,0
394483,42
394484,0
394485,25
394486,0
394487,0
394488,0
394489,0
394490,0
394491,0
394492,36
394493,42
394494,0
394495,0
394496,20
394497,6
394498,0
394499,22
394500,0
394501,0
394502,0
394503,14
394504,0
394505,0
394506,0
394507,0
394508,0
394509,0
394510,0
394511,0
394512,33
394513,0
394514,0
394515,0
394516,0
394517,0
394518,0
394519,0
394520,0
394521,37
394522,0
394523,0
394524,0
394525,49
394526,0
394527,0
394528,0
394529,41
394530,0
394531,39
394532,0
394533,0
394534,22
394535,56
394536,56
394537,0
394538,40
394539,0
394540,26
394541,0
394542,27
394543,0
394544,0
394545,32
394546,0
394547,0
394548,0
394549,0
394550,0
394551,30
394552,0
394553,36
394554,0
394555,0
394556,72
394557,0
394558,0
394559,0
394560,0
394561,41
394562,47
394563,0
394564,36
394565,0
394566,0
394567,0
394568,0
394569,0
394570,33
394571,0
394572,0
394573,0
394574,0
394575,34
394576,25
394577,0
394578,0
394579,32
394580,44
394581,0
394582,0
394583,57
394584,0
394585,48
394586,0
394587,36
394588,0
394589,0
394590,0
394591,0
394592,0
394593,0
394594,0
394595,0
394596,0
394597,0
394598,0
394599,0
394600,42
394601,0
394602,0
394603,0
394604,0
394605,0
394606,0
394607,0
394608,0
394609,0
394610,0
394611,0
394612,0
394613,0
394614,0
394615,31
394616,0
394617,0
394618,0
394619,0
394620,31
394621,0
394622,0
394623,0
394624,0
394625,0
394626,0
394627,0
394628,0
394629,48
394630,44
394631,0
394632,0
394633,27
394634,0
394635,0
394636,0
394637,0
394638,0
394639,0
394640,44
394641,0
394642,0
394643,0
394644,0
394645,0
394646,44
394647,0
394648,0
394649,0
394650,37
394651,27
394652,0
394653,0
394654,0
394655,0
394656,0
394657,0
394658,0
394659,48
394660,62
394661,0
394662,0
394663,0
394664,0
394665,0
394666,31
394667,42
394668,0
394669,44
394670,0
394671,0
394672,0
394673,43
394674,0
394675,37
394676,0
394677,0
394678,49
394679,0
394680,75
394681,0
394682,23
394683,0
394684,0
394685,0
394686,0
394687,37
394688,0
394689,0
394690,36
394691,0
394692,46
394693,0
394694,0
394695,53
394696,36
394697,0
394698,45
394699,27
394700,30
394701,0
394702,0
394703,0
394704,0
394705,0
394706,0
394707,0
394708,0
394709,38
394710,40
394711,0
394712,0
394713,0
394714,0
394715,0
394716,0
394717,0
394718,0
394719,0
394720,0
394721,0
394722,0
394723,0
394724,51
394725,0
394726,0
394727,46
394728,0
394729,0
394730,0
394731,29
394732,0
394733,0
394734,34
394735,0
394736,49
394737,0
394738,0
394739,0
394740,0
394741,0
394742,44
394743,25
394744,79
394745,37
394746,0
394747,0
394748,0
394749,0
394750,0
394751,44
394752,0
394753,0
394754,0
394755,0
394756,0
394757,0
394758,0
394759,0
394760,63
394761,0
394762,29
394763,0
394764,0
394765,0
394766,0
394767,0
394768,0
394769,0
394770,25
394771,15
394772,20
394773,0
394774,16
394775,0
394776,0
394777,12
394778,0
394779,0
394780,0
394781,0
394782,0
394783,0
394784,0
394785,0
394786,20
394787,0
394788,0
394789,0
394790,0
394791,23
394792,0
394793,0
394794,0
394795,21
394796,0
394797,0
394798,0
394799,0
394800,0
394801,18
394802,0
394803,11
394804,16
394805,0
394806,0
394807,0
394808,0
394809,0
394810,12
394811,0
394812,0
394813,29
394814,13
394815,9
394816,0
394817,0
394818,20
394819,0
394820,21
394821,22
394822,14
394823,0
394824,13
394825,18
394826,0
394827,16
394828,0
394829,0
394830,0
394831,16
394832,0
394833,0
394834,13
394835,0
394836,0
394837,14
394838,0
394839,0
394840,13
394841,9
394842,0
394843,16
394844,0
394845,0
394846,0
394847,0
394848,0
394849,0
394850,11
394851,0
394852,0
394853,0
394854,0
394855,0
394856,0
394857,0
394858,0
394859,0
394860,0
394861,18
394862,21
394863,0
394864,0
394865,0
394866,19
394867,0
394868,0
394869,0
394870,0
394871,0
394872,24
394873,0
394874,0
394875,11
394876,0
394877,0
394878,0
394879,0
394880,0
394881,0
394882,0
394883,0
394884,0
394885,14
394886,0
394887,0
394888,18
394889,0
394890,12
394891,0
394892,0
394893,12
394894,16
394895,0
394896,13
394897,13
394898,0
394899,0
394900,0
394901,13
394902,0
394903,16
394904,0
394905,16
394906,0
394907,0
394908,0
394909,0
394910,15
394911,0
394912,0
394913,0
394914,0
394915,11
394916,0
394917,19
394918,0
394919,17
394920,0
394921,0
394922,0
394923,0
394924,11
394925,0
394926,9
394927,10
394928,0
394929,0
394930,0
394931,0
394932,0
394933,0
394934,0
394935,0
394936,16
394937,14
394938,0
394939,0
394940,0
394941,0
394942,28
394943,0
394944,0
394945,17
394946,0
394947,0
394948,0
394949,0
394950,23
394951,0
394952,0
394953,0
394954,30
394955,0
394956,0
394957,0
394958,22
394959,11
394960,7
394961,0
394962,0
394963,0
394964,0
394965,0
394966,0
394967,19
394968,8
394969,0
394970,0
394971,0
394972,23
394973,0
394974,0
394975,0
394976,12
394977,14
394978,0
394979,0
394980,0
394981,0
394982,0
394983,0
394984,0
394985,0
394986,0
394987,0
394988,13
394989,20
394990,0
394991,0
394992,0
394993,17
394994,17
394995,0
394996,11
394997,25
394998,0
394999,0
395000,0
395001,0
395002,0
395003,0
395004,24
395005,0
395006,18
395007,15
395008,0
395009,26
395010,0
395011,0
395012,0
395013,15
395014,0
395015,0
395016,0
395017,20
395018,0
395019,0
395020,12
395021,0
395022,0
395023,10
395024,0
395025,0
395026,0
395027,0
395028,10
395029,0
395030,0
395031,0
395032,0
395033,0
395034,0
395035,0
395036,20
395037,0
395038,0
395039,0
395040,0
395041,20
395042,11
395043,26
395044,28
395045,0
395046,0
395047,0
395048,0
395049,0
395050,18
395051,0
395052,0
395053,0
395054,0
395055,0
395056,0
395057,0
395058,0
395059,0
395060,0
395061,0
395062,0
395063,15
395064,0
395065,13
395066,0
395067,18
395068,12
395069,0
395070,0
395071,0
395072,20
395073,13
395074,0
395075,0
395076,0
395077,0
395078,12
395079,0
395080,11
395081,9
395082,17
395083,0
395084,0
395085,0
395086,0
395087,0
395088,22
395089,10
395090,15
395091,0
395092,0
395093,0
395094,0
395095,17
395096,0
395097,0
395098,0
395099,0
395100,0
395101,0
395102,0
395103,0
395104,0
395105,0
395106,0
395107,0
395108,0
395109,0
395110,0
395111,0
395112,0
395113,0
395114,0
395115,0
395116,0
395117,0
395118,0
395119,0
395120,0
395121,0
395122,0
395123,0
395124,0
395125,0
395126,14
395127,0
395128,0
395129,21
395130,0
395131,0
395132,0
395133,0
395134,0
395135,0
395136,0
395137,0
395138,0
395139,0
395140,0
395141,17
395142,28
395143,0
395144,0
395145,0
395146,0
395147,0
395148,0
395149,0
395150,0
395151,0
395152,0
395153,0
395154,0
395155,16
395156,17
395157,0
395158,0
395159,0
395160,0
395161,0
395162,0
395163,0
395164,18
395165,0
395166,0
395167,9
395168,0
395169,0
395170,0
395171,0
395172,0
395173,0
395174,0
395175,12
395176,12
395177,21
395178,0
395179,14
395180,0
395181,0
395182,8
395183,0
395184,28
395185,30
395186,22
395187,30
395188,0
395189,21
395190,10
395191,0
395192,0
395193,0
395194,0
395195,0
395196,0
395197,0
395198,0
395199,0
395200,16
395201,0
395202,0
395203,13
395204,0
395205,0
395206,0
395207,0
395208,0
395209,9
395210,0
395211,10
395212,10
395213,0
395214,18
395215,0
395216,0
395217,0
395218,0
395219,0
395220,0
395221,0
395222,0
395223,0
395224,0
395225,15
395226,0
395227,0
395228,0
395229,0
395230,0
395231,0
395232,0
395233,0
395234,14
395235,0
395236,0
395237,0
395238,0
395239,22
395240,0
395241,0
395242,0
395243,0
395244,0
395245,18
395246,0
395247,0
395248,0
395249,0
395250,0
395251,0
395252,0
395253,0
395254,0
395255,0
395256,0
395257,0
395258,0
395259,0
395260,16
395261,0
395262,0
395263,0
395264,16
395265,0
395266,0
395267,13
395268,31
395269,0
395270,0
395271,0
395272,0
395273,21
395274,0
395275,0
395276,25
395277,0
395278,22
395279,0
395280,0
395281,0
395282,0
395283,0
395284,0
395285,8
395286,12
395287,16
395288,0
395289,10
395290,0
395291,0
395292,8
395293,21
395294,0
395295,10
395296,13
395297,0
395298,18
395299,0
395300,0
395301,0
395302,0
395303,0
395304,0
395305,0
395306,17
395307,0
395308,0
395309,0
395310,0
395311,0
395312,15
395313,19
395314,27
395315,0
395316,0
395317,20
395318,0
395319,0
395320,0
395321,0
395322,0
395323,0
395324,0
395325,0
395326,0
395327,0
395328,0
395329,8
395330,0
395331,16
395332,0
395333,0
395334,0
395335,0
395336,0
395337,16
395338,0
395339,12
395340,0
395341,0
395342,0
395343,18
395344,0
395345,0
395346,29
395347,0
395348,0
395349,0
395350,0
395351,0
395352,15
395353,0
395354,0
395355,0
395356,17
395357,0
395358,0
395359,0
395360,18
395361,0
395362,0
395363,0
395364,0
395365,17
395366,0
395367,0
395368,13
395369,0
395370,0
395371,0
395372,0
395373,0
395374,0
395375,0
395376,0
395377,13
395378,0
395379,0
395380,0
395381,0
395382,23
395383,0
395384,0
395385,19
395386,0
395387,0
395388,0
395389,0
395390,18
395391,0
395392,0
395393,19
395394,0
395395,23
395396,18
395397,0
395398,0
395399,0
395400,0
395401,8
395402,0
395403,18
395404,0
395405,0
395406,0
395407,0
395408,0
395409,0
395410,0
395411,0
395412,0
395413,0
395414,0
395415,0
395416,0
395417,0
395418,0
395419,0
395420,17
395421,0
395422,0
395423,12
395424,0
395425,0
395426,0
395427,0
395428,25
395429,0
395430,0
395431,35
395432,14
395433,0
395434,0
395435,14
395436,14
395437,0
395438,0
395439,0
395440,20
395441,0
395442,16
395443,0
395444,0
395445,20
395446,0
395447,19
395448,0
395449,0
395450,0
395451,0
395452,0
395453,0
395454,0
395455,0
395456,0
395457,0
395458,13
395459,17
395460,22
395461,15
395462,11
395463,0
395464,13
395465,13
395466,0
395467,0
395468,0
395469,0
395470,0
395471,26
395472,0
395473,0
395474,0
395475,0
395476,14
395477,0
395478,0
395479,0
395480,0
395481,0
395482,0
395483,15
395484,20
395485,0
395486,17
395487,18
395488,0
395489,0
395490,0
395491,0
395492,11
395493,0
395494,0
395495,16
395496,0
395497,19
395498,0
395499,0
395500,12
395501,0
395502,0
395503,0
395504,0
395505,0
395506,17
395507,0
395508,19
395509,0
395510,0
395511,0
395512,0
395513,14
395514,18
395515,0
395516,0
395517,0
395518,0
395519,0
395520,0
395521,23
395522,0
395523,0
395524,0
395525,0
395526,20
395527,0
395528,0
395529,0
395530,0
395531,18
395532,0
395533,0
395534,21
395535,0
395536,0
395537,0
395538,0
395539,21
395540,23
395541,0
395542,27
395543,33
395544,16
395545,24
395546,27
395547,15
395548,0
395549,34
395550,0
395551,35
395552,0
395553,25
395554,0
395555,0
395556,0
395557,14
395558,32
395559,0
395560,17
395561,0
395562,0
395563,0
395564,0
395565,0
395566,0
395567,25
395568,0
395569,0
395570,31
395571,0
395572,0
395573,0
395574,33
395575,0
395576,23
395577,0
395578,0
395579,17
395580,0
395581,30
395582,0
395583,0
395584,0
395585,0
395586,0
395587,0
395588,24
395589,0
395590,0
395591,0
395592,10
395593,33
395594,0
395595,0
395596,0
395597,0
395598,0
395599,0
395600,0
395601,0
395602,0
395603,0
395604,0
395605,0
395606,0
395607,0
395608,0
395609,0
395610,0
395611,0
395612,0
395613,0
395614,0
395615,0
395616,6
395617,0
395618,0
395619,0
395620,0
395621,0
395622,0
395623,0
395624,0
395625,0
395626,0
395627,0
395628,6
395629,0
395630,0
395631,0
395632,0
395633,0
395634,0
395635,0
395636,0
395637,0
395638,0
395639,0
395640,0
395641,0
395642,0
395643,8
395644,0
395645,0
395646,0
395647,0
395648,0
395649,0
395650,0
395651,0
395652,7
395653,0
395654,0
395655,0
395656,0
395657,0
395658,0
395659,0
395660,0
395661,0
395662,5
395663,0
395664,0
395665,0
395666,0
395667,0
395668,0
395669,0
395670,0
395671,0
395672,0
395673,0
395674,0
395675,0
395676,0
395677,6
395678,0
395679,0
395680,0
395681,0
395682,0
395683,0
395684,0
395685,0
395686,0
395687,0
395688,2
395689,0
395690,0
395691,0
395692,0
395693,0
395694,0
395695,0
395696,0
395697,0
395698,0
395699,0
395700,0
395701,7
395702,0
395703,0
395704,0
395705,0
395706,0
395707,0
395708,0
395709,0
395710,0
395711,0
395712,0
395713,0
395714,0
395715,0
395716,0
395717,0
395718,0
395719,0
395720,8
395721,0
395722,0
395723,0
395724,6
395725,0
395726,0
395727,0
395728,0
395729,0
395730,0
395731,0
395732,0
395733,0
395734,0
395735,0
395736,0
395737,0
395738,0
395739,0
395740,0
395741,0
395742,0
395743,0
395744,0
395745,0
395746,0
395747,0
395748,4
395749,0
395750,5
395751,0
395752,0
395753,0
395754,15
395755,0
395756,0
395757,0
395758,0
395759,0
395760,0
395761,0
395762,0
395763,0
395764,9
395765,0
395766,0
395767,0
395768,0
395769,0
395770,0
395771,0
395772,0
395773,0
395774,0
395775,0
395776,0
395777,0
395778,0
395779,0
395780,0
395781,0
395782,0
395783,10
395784,0
395785,0
395786,0
395787,0
395788,0
395789,0
395790,0
395791,0
395792,0
395793,0
395794,0
395795,0
395796,0
395797,0
395798,0
395799,0
395800,0
395801,0
395802,0
395803,3
395804,7
395805,0
395806,0
395807,0
395808,0
395809,0
395810,0
395811,0
395812,0
395813,0
395814,8
395815,0
395816,0
395817,0
395818,0
395819,0
395820,0
395821,0
395822,0
395823,0
395824,0
395825,0
395826,0
395827,0
395828,0
395829,0
395830,0
395831,0
395832,0
395833,0
395834,0
395835,0
395836,0
395837,0
395838,0
395839,0
395840,8
395841,0
395842,0
395843,0
395844,0
395845,0
395846,0
395847,0
395848,0
395849,0
395850,0
395851,0
395852,0
395853,0
395854,0
395855,0
395856,0
395857,7
395858,0
395859,0
395860,0
395861,0
395862,0
395863,0
395864,0
395865,0
395866,0
395867,0
395868,0
395869,0
395870,0
395871,0
395872,0
395873,0
395874,0
395875,0
395876,0
395877,0
395878,0
395879,0
395880,3
395881,0
395882,0
395883,0
395884,0
395885,5
395886,0
395887,0
395888,0
395889,0
395890,7
395891,0
395892,0
395893,0
395894,0
395895,0
395896,0
395897,0
395898,0
395899,0
395900,0
395901,0
395902,0
395903,0
395904,0
395905,0
395906,0
395907,0
395908,0
395909,0
395910,0
395911,0
395912,0
395913,0
395914,0
395915,13
395916,0
395917,0
395918,16
395919,11
395920,0
395921,0
395922,0
395923,0
395924,0
395925,0
395926,0
395927,0
395928,0
395929,0
395930,0
395931,0
395932,0
395933,0
395934,0
395935,0
395936,0
395937,6
395938,16
395939,0
395940,0
395941,5
395942,0
395943,0
395944,0
395945,0
395946,0
395947,0
395948,0
395949,0
395950,0
395951,0
395952,0
395953,0
395954,0
395955,0
395956,0
395957,0
395958,0
395959,0
395960,0
395961,0
395962,0
395963,0
395964,0
395965,0
395966,0
395967,0
395968,0
395969,0
395970,0
395971,0
395972,6
395973,0
395974,0
395975,0
395976,0
395977,0
395978,2
395979,0
395980,0
395981,0
395982,0
395983,0
395984,0
395985,0
395986,0
395987,0
395988,0
395989,0
395990,0
395991,0
395992,0
395993,0
395994,0
395995,0
395996,0
395997,0
395998,0
395999,0
396000,0
396001,0
396002,0
396003,0
396004,0
396005,0
396006,0
396007,0
396008,0
396009,0
396010,0
396011,0
396012,0
396013,0
396014,0
396015,0
396016,0
396017,0
396018,0
396019,0
396020,5
396021,0
396022,0
396023,0
396024,0
396025,0
396026,0
396027,0
396028,0
396029,0
396030,0
396031,0
396032,0
396033,0
396034,0
396035,0
396036,0
396037,8
396038,0
396039,8
396040,0
396041,0
396042,0
396043,0
396044,0
396045,0
396046,2
396047,0
396048,0
396049,0
396050,0
396051,0
396052,0
396053,0
396054,0
396055,4
396056,0
396057,0
396058,0
396059,0
396060,0
396061,0
396062,9
396063,0
396064,0
396065,5
396066,0
396067,0
396068,0
396069,0
396070,0
396071,0
396072,0
396073,0
396074,0
396075,0
396076,0
396077,0
396078,0
396079,0
396080,0
396081,0
396082,0
396083,0
396084,11
396085,0
396086,0
396087,0
396088,0
396089,0
396090,0
396091,0
396092,0
396093,3
396094,0
396095,0
396096,0
396097,0
396098,0
396099,0
396100,0
396101,0
396102,0
396103,0
396104,0
396105,0
396106,0
396107,0
396108,0
396109,0
396110,0
396111,0
396112,0
396113,0
396114,0
396115,0
396116,0
396117,0
396118,0
396119,0
396120,0
396121,0
396122,0
396123,0
396124,0
396125,0
396126,0
396127,0
396128,0
396129,0
396130,0
396131,0
396132,0
396133,0
396134,0
396135,0
396136,8
396137,0
396138,0
396139,0
396140,0
396141,0
396142,0
396143,0
396144,0
396145,0
396146,0
396147,0
396148,0
396149,0
396150,0
396151,0
396152,0
396153,0
396154,0
396155,0
396156,0
396157,0
396158,0
396159,0
396160,0
396161,0
396162,0
396163,0
396164,0
396165,0
396166,0
396167,0
396168,0
396169,0
396170,0
396171,0
396172,0
396173,0
396174,0
396175,0
396176,0
396177,0
396178,0
396179,0
396180,0
396181,0
396182,0
396183,0
396184,0
396185,0
396186,0
396187,0
396188,0
396189,0
396190,0
396191,0
396192,0
396193,0
396194,0
396195,0
396196,0
396197,0
396198,0
396199,0
396200,10
396201,0
396202,0
396203,6
396204,0
396205,0
396206,0
396207,0
396208,0
396209,0
396210,0
396211,0
396212,0
396213,0
396214,0
396215,0
396216,0
396217,0
396218,0
396219,0
396220,0
396221,0
396222,0
396223,0
396224,0
396225,0
396226,0
396227,0
396228,0
396229,0
396230,0
396231,0
396232,0
396233,0
396234,0
396235,0
396236,6
396237,8
396238,0
396239,0
396240,5
396241,0
396242,0
396243,0
396244,0
396245,0
396246,0
396247,0
396248,0
396249,0
396250,0
396251,0
396252,0
396253,0
396254,10
396255,0
396256,0
396257,0
396258,0
396259,0
396260,0
396261,0
396262,5
396263,0
396264,0
396265,0
396266,0
396267,0
396268,0
396269,0
396270,0
396271,0
396272,0
396273,0
396274,0
396275,0
396276,0
396277,0
396278,0
396279,0
396280,0
396281,0
396282,0
396283,0
396284,0
396285,0
396286,0
396287,0
396288,0
396289,0
396290,0
396291,0
396292,0
396293,0
396294,0
396295,0
396296,0
396297,0
396298,0
396299,0
396300,0
396301,0
396302,0
396303,0
396304,0
396305,0
396306,0
396307,0
396308,0
396309,0
396310,0
396311,0
396312,0
396313,0
396314,0
396315,0
396316,0
396317,0
396318,9
396319,0
396320,0
396321,0
396322,0
396323,0
396324,0
396325,0
396326,0
396327,0
396328,5
396329,0
396330,13
396331,0
396332,0
396333,0
396334,0
396335,0
396336,0
396337,0
396338,0
396339,0
396340,0
396341,0
396342,0
396343,0
396344,0
396345,0
396346,0
396347,0
396348,0
396349,0
396350,0
396351,0
396352,0
396353,0
396354,0
396355,0
396356,0
396357,0
396358,0
396359,8
396360,0
396361,0
396362,0
396363,0
396364,0
396365,0
396366,0
396367,0
396368,0
396369,0
396370,0
396371,0
396372,0
396373,0
396374,0
396375,0
396376,10
396377,0
396378,0
396379,0
396380,0
396381,0
396382,0
396383,0
396384,0
396385,0
396386,0
396387,0
396388,0
396389,0
396390,0
396391,0
396392,0
396393,0
396394,0
396395,0
396396,0
396397,0
396398,0
396399,0
396400,0
396401,0
396402,0
396403,0
396404,0
396405,7
396406,0
396407,0
396408,0
396409,0
396410,0
396411,0
396412,0
396413,0
396414,8
396415,0
396416,0
396417,0
396418,4
396419,0
396420,0
396421,0
396422,0
396423,0
396424,0
396425,0
396426,0
396427,0
396428,0
396429,0
396430,0
396431,0
396432,4
396433,0
396434,5
396435,0
396436,0
396437,0
396438,0
396439,0
396440,0
396441,0
396442,0
396443,0
396444,0
396445,0
396446,0
396447,0
396448,0
396449,0
396450,0
396451,0
396452,0
396453,0
396454,8
396455,0
396456,0
396457,8
396458,0
396459,0
396460,0
396461,0
396462,0
396463,0
396464,0
396465,0
396466,0
396467,0
396468,0
396469,0
396470,0
396471,0
396472,4
396473,0
396474,0
396475,0
396476,6
396477,0
396478,0
396479,0
396480,0
396481,10
396482,0
396483,0
396484,0
396485,5
396486,4
396487,0
396488,0
396489,6
396490,0
396491,0
396492,4
396493,5
396494,0
396495,0
396496,9
396497,8
396498,8
396499,0
396500,0
396501,0
396502,0
396503,0
396504,10
396505,0
396506,0
396507,0
396508,0
396509,0
396510,0
396511,0
396512,0
396513,2
396514,0
396515,0
396516,0
396517,5
396518,0
396519,0
396520,5
396521,5
396522,0
396523,0
396524,0
396525,0
396526,0
396527,6
396528,0
396529,0
396530,0
396531,0
396532,0
396533,4
396534,13
396535,0
396536,0
396537,0
396538,5
396539,0
396540,0
396541,0
396542,0
396543,8
396544,0
396545,3
396546,10
396547,0
396548,0
396549,0
396550,0
396551,0
396552,0
396553,0
396554,4
396555,0
396556,10
396557,0
396558,0
396559,5
396560,0
396561,0
396562,0
396563,0
396564,0
396565,0
396566,0
396567,2
396568,0
396569,10
396570,0
396571,0
396572,0
396573,0
396574,0
396575,0
396576,0
396577,0
396578,7
396579,2
396580,0
396581,5
396582,0
396583,0
396584,0
396585,0
396586,0
396587,0
396588,0
396589,4
396590,7
396591,6
396592,0
396593,9
396594,0
396595,14
396596,0
396597,6
396598,0
396599,0
396600,0
396601,0
396602,0
396603,0
396604,0
396605,6
396606,4
396607,0
396608,0
396609,0
396610,0
396611,0
396612,0
396613,8
396614,0
396615,0
396616,0
396617,0
396618,0
396619,0
396620,0
396621,3
396622,0
396623,0
396624,0
396625,0
396626,0
396627,0
396628,0
396629,8
396630,3
396631,0
396632,0
396633,5
396634,0
396635,0
396636,12
396637,12
396638,5
396639,0
396640,0
396641,5
396642,0
396643,0
396644,0
396645,0
396646,0
396647,0
396648,0
396649,0
396650,0
396651,0
396652,0
396653,9
396654,10
396655,5
396656,0
396657,0
396658,0
396659,0
396660,0
396661,0
396662,1
396663,5
396664,0
396665,0
396666,0
396667,7
396668,0
396669,0
396670,0
396671,0
396672,6
396673,0
396674,13
396675,0
396676,0
396677,0
396678,0
396679,6
396680,0
396681,0
396682,0
396683,0
396684,0
396685,0
396686,6
396687,0
396688,8
396689,0
396690,11
396691,0
396692,0
396693,0
396694,0
396695,6
396696,0
396697,0
396698,0
396699,0
396700,0
396701,0
396702,0
396703,2
396704,10
396705,6
396706,0
396707,0
396708,9
396709,0
396710,0
396711,0
396712,4
396713,0
396714,11
396715,0
396716,0
396717,0
396718,0
396719,3
396720,0
396721,0
396722,6
396723,8
396724,8
396725,0
396726,0
396727,0
396728,0
396729,0
396730,0
396731,5
396732,4
396733,0
396734,0
396735,7
396736,4
396737,0
396738,0
396739,0
396740,0
396741,10
396742,0
396743,0
396744,0
396745,0
396746,0
396747,0
396748,15
396749,0
396750,5
396751,8
396752,10
396753,0
396754,0
396755,0
396756,0
396757,4
396758,7
396759,0
396760,0
396761,0
396762,7
396763,0
396764,0
396765,0
396766,0
396767,4
396768,0
396769,6
396770,4
396771,0
396772,0
396773,0
396774,6
396775,0
396776,0
396777,0
396778,0
396779,0
396780,9
396781,6
396782,0
396783,0
396784,6
396785,0
396786,0
396787,2
396788,0
396789,0
396790,0
396791,0
396792,0
396793,8
396794,8
396795,6
396796,0
396797,9
396798,0
396799,6
396800,0
396801,0
396802,0
396803,0
396804,0
396805,0
396806,0
396807,6
396808,0
396809,14
396810,9
396811,0
396812,0
396813,5
396814,0
396815,0
396816,9
396817,0
396818,0
396819,0
396820,0
396821,14
396822,0
396823,0
396824,0
396825,5
396826,0
396827,5
396828,0
396829,0
396830,0
396831,7
396832,0
396833,0
396834,0
396835,0
396836,0
396837,0
396838,0
396839,0
396840,4
396841,0
396842,2
396843,0
396844,5
396845,0
396846,8
396847,0
396848,0
396849,0
396850,0
396851,9
396852,0
396853,11
396854,10
396855,4
396856,0
396857,0
396858,0
396859,9
396860,0
396861,0
396862,0
396863,0
396864,0
396865,0
396866,7
396867,0
396868,0
396869,3
396870,3
396871,0
396872,0
396873,7
396874,14
396875,0
396876,0
396877,0
396878,0
396879,0
396880,0
396881,0
396882,0
396883,11
396884,0
396885,0
396886,0
396887,4
396888,0
396889,13
396890,8
396891,0
396892,0
396893,0
396894,9
396895,0
396896,0
396897,6
396898,0
396899,0
396900,8
396901,0
396902,0
396903,0
396904,0
396905,0
396906,0
396907,0
396908,0
396909,13
396910,10
396911,0
396912,0
396913,3
396914,0
396915,0
396916,0
396917,0
396918,5
396919,0
396920,8
396921,0
396922,0
396923,0
396924,7
396925,0
396926,0
396927,0
396928,0
396929,8
396930,0
396931,0
396932,6
396933,7
396934,0
396935,0
396936,0
396937,0
396938,2
396939,0
396940,7
396941,11
396942,0
396943,0
396944,6
396945,7
396946,0
396947,0
396948,0
396949,0
396950,7
396951,0
396952,0
396953,0
396954,0
396955,0
396956,6
396957,0
396958,0
396959,0
396960,0
396961,7
396962,0
396963,7
396964,0
396965,0
396966,5
396967,2
396968,6
396969,0
396970,0
396971,0
396972,0
396973,4
396974,0
396975,0
396976,0
396977,0
396978,0
396979,5
396980,6
396981,0
396982,0
396983,0
396984,0
396985,7
396986,0
396987,8
396988,0
396989,0
396990,0
396991,0
396992,1
396993,7
396994,0
396995,0
396996,0
396997,0
396998,0
396999,0
397000,0
397001,6
397002,6
397003,0
397004,0
397005,5
397006,0
397007,0
397008,0
397009,2
397010,0
397011,2
397012,0
397013,0
397014,3
397015,0
397016,11
397017,0
397018,0
397019,0
397020,0
397021,13
397022,0
397023,0
397024,0
397025,0
397026,0
397027,12
397028,6
397029,0
397030,0
397031,0
397032,0
397033,0
397034,0
397035,0
397036,0
397037,0
397038,0
397039,11
397040,0
397041,0
397042,0
397043,0
397044,0
397045,0
397046,0
397047,0
397048,0
397049,9
397050,0
397051,4
397052,0
397053,15
397054,0
397055,10
397056,0
397057,3
397058,0
397059,0
397060,0
397061,0
397062,0
397063,12
397064,9
397065,0
397066,8
397067,0
397068,4
397069,0
397070,0
397071,0
397072,0
397073,0
397074,0
397075,0
397076,6
397077,0
397078,0
397079,0
397080,0
397081,3
397082,9
397083,4
397084,0
397085,12
397086,0
397087,0
397088,10
397089,0
397090,0
397091,0
397092,5
397093,0
397094,11
397095,8
397096,0
397097,8
397098,0
397099,0
397100,0
397101,0
397102,0
397103,0
397104,1
397105,0
397106,0
397107,1
397108,0
397109,0
397110,4
397111,0
397112,0
397113,0
397114,4
397115,12
397116,0
397117,0
397118,8
397119,0
397120,0
397121,2
397122,0
397123,0
397124,0
397125,16
397126,0
397127,0
397128,0
397129,7
397130,0
397131,0
397132,0
397133,0
397134,0
397135,6
397136,0
397137,0
397138,0
397139,5
397140,0
397141,8
397142,0
397143,0
397144,11
397145,9
397146,0
397147,0
397148,6
397149,0
397150,0
397151,0
397152,0
397153,0
397154,0
397155,0
397156,0
397157,0
397158,0
397159,0
397160,0
397161,0
397162,1
397163,0
397164,0
397165,0
397166,0
397167,0
397168,0
397169,0
397170,0
397171,0
397172,2
397173,2
397174,0
397175,0
397176,0
397177,0
397178,0
397179,0
397180,0
397181,0
397182,0
397183,0
397184,6
397185,0
397186,0
397187,0
397188,0
397189,0
397190,0
397191,8
397192,0
397193,0
397194,0
397195,0
397196,11
397197,0
397198,0
397199,0
397200,0
397201,0
397202,8
397203,0
397204,0
397205,0
397206,0
397207,10
397208,0
397209,9
397210,0
397211,0
397212,0
397213,0
397214,0
397215,0
397216,0
397217,0
397218,0
397219,0
397220,0
397221,8
397222,12
397223,0
397224,0
397225,5
397226,0
397227,0
397228,0
397229,0
397230,3
397231,0
397232,0
397233,0
397234,0
397235,0
397236,0
397237,0
397238,0
397239,0
397240,8
397241,0
397242,6
397243,0
397244,0
397245,10
397246,0
397247,4
397248,0
397249,5
397250,9
397251,0
397252,0
397253,11
397254,0
397255,0
397256,0
397257,0
397258,0
397259,0
397260,0
397261,0
397262,0
397263,0
397264,0
397265,0
397266,0
397267,9
397268,11
397269,0
397270,0
397271,8
397272,0
397273,0
397274,0
397275,0
397276,0
397277,0
397278,0
397279,10
397280,0
397281,0
397282,0
397283,0
397284,0
397285,0
397286,0
397287,0
397288,6
397289,0
397290,0
397291,14
397292,0
397293,0
397294,9
397295,0
397296,0
397297,0
397298,4
397299,0
397300,0
397301,11
397302,5
397303,0
397304,6
397305,0
397306,0
397307,0
397308,2
397309,0
397310,0
397311,0
397312,0
397313,10
397314,6
397315,0
397316,0
397317,8
397318,0
397319,0
397320,5
397321,0
397322,0
397323,0
397324,3
397325,9
397326,3
397327,12
397328,4
397329,0
397330,0
397331,0
397332,0
397333,11
397334,5
397335,11
397336,0
397337,0
397338,0
397339,14
397340,0
397341,0
397342,0
397343,7
397344,0
397345,11
397346,0
397347,1
397348,5
397349,0
397350,0
397351,11
397352,0
397353,8
397354,0
397355,0
397356,0
397357,16
397358,0
397359,0
397360,0
397361,0
397362,0
397363,0
397364,0
397365,0
397366,0
397367,3
397368,8
397369,0
397370,5
397371,0
397372,0
397373,0
397374,5
397375,5
397376,0
397377,0
397378,4
397379,0
397380,0
397381,5
397382,0
397383,1
397384,3
397385,0
397386,0
397387,0
397388,0
397389,0
397390,0
397391,0
397392,0
397393,0
397394,0
397395,0
397396,0
397397,0
397398,0
397399,0
397400,0
397401,0
397402,0
397403,0
397404,3
397405,0
397406,0
397407,0
397408,0
397409,2
397410,0
397411,0
397412,0
397413,0
397414,0
397415,0
397416,0
397417,0
397418,0
397419,0
397420,0
397421,2
397422,0
397423,0
397424,0
397425,0
397426,0
397427,0
397428,0
397429,0
397430,0
397431,0
397432,0
397433,0
397434,4
397435,0
397436,0
397437,0
397438,0
397439,0
397440,0
397441,0
397442,3
397443,0
397444,0
397445,0
397446,0
397447,0
397448,0
397449,0
397450,0
397451,0
397452,0
397453,0
397454,0
397455,7
397456,0
397457,6
397458,1
397459,0
397460,0
397461,0
397462,0
397463,0
397464,0
397465,0
397466,0
397467,0
397468,0
397469,0
397470,0
397471,0
397472,1
397473,0
397474,0
397475,0
397476,0
397477,0
397478,0
397479,0
397480,0
397481,0
397482,0
397483,0
397484,13
397485,0
397486,0
397487,0
397488,0
397489,0
397490,9
397491,19
397492,0
397493,0
397494,18
397495,0
397496,0
397497,0
397498,0
397499,0
397500,0
397501,0
397502,7
397503,0
397504,14
397505,0
397506,0
397507,0
397508,0
397509,0
397510,13
397511,0
397512,0
397513,14
397514,7
397515,0
397516,0
397517,11
397518,0
397519,0
397520,0
397521,0
397522,0
397523,9
397524,0
397525,0
397526,0
397527,0
397528,0
397529,0
397530,0
397531,0
397532,11
397533,0
397534,0
397535,0
397536,4
397537,0
397538,0
397539,0
397540,0
397541,0
397542,0
397543,0
397544,0
397545,0
397546,0
397547,0
397548,0
397549,12
397550,0
397551,0
397552,14
397553,0
397554,0
397555,0
397556,0
397557,13
397558,13
397559,0
397560,0
397561,0
397562,15
397563,13
397564,0
397565,0
397566,0
397567,0
397568,0
397569,0
397570,0
397571,0
397572,0
397573,0
397574,12
397575,12
397576,10
397577,9
397578,0
397579,0
397580,0
397581,0
397582,0
397583,0
397584,0
397585,16
397586,0
397587,0
397588,10
397589,0
397590,0
397591,0
397592,0
397593,0
397594,6
397595,0
397596,0
397597,0
397598,0
397599,0
397600,0
397601,0
397602,0
397603,0
397604,0
397605,0
397606,0
397607,14
397608,0
397609,0
397610,0
397611,9
397612,11
397613,0
397614,0
397615,0
397616,0
397617,0
397618,14
397619,0
397620,0
397621,0
397622,0
397623,0
397624,0
397625,0
397626,0
397627,0
397628,0
397629,0
397630,0
397631,0
397632,13
397633,0
397634,0
397635,0
397636,10
397637,0
397638,0
397639,0
397640,13
397641,0
397642,0
397643,0
397644,0
397645,0
397646,0
397647,0
397648,11
397649,0
397650,13
397651,0
397652,0
397653,0
397654,0
397655,0
397656,0
397657,0
397658,0
397659,13
397660,0
397661,18
397662,0
397663,0
397664,0
397665,0
397666,13
397667,0
397668,0
397669,0
397670,20
397671,0
397672,0
397673,0
397674,0
397675,9
397676,0
397677,0
397678,0
397679,0
397680,0
397681,0
397682,0
397683,0
397684,0
397685,0
397686,0
397687,0
397688,0
397689,19
397690,0
397691,11
397692,18
397693,9
397694,0
397695,17
397696,18
397697,17
397698,0
397699,0
397700,0
397701,0
397702,0
397703,0
397704,0
397705,12
397706,0
397707,0
397708,0
397709,0
397710,0
397711,0
397712,13
397713,13
397714,9
397715,0
397716,0
397717,19
397718,0
397719,14
397720,12
397721,20
397722,0
397723,0
397724,0
397725,0
397726,0
397727,0
397728,0
397729,0
397730,0
397731,19
397732,22
397733,0
397734,0
397735,0
397736,4
397737,0
397738,8
397739,0
397740,0
397741,0
397742,0
397743,0
397744,0
397745,20
397746,0
397747,0
397748,0
397749,0
397750,0
397751,0
397752,0
397753,0
397754,0
397755,17
397756,0
397757,0
397758,18
397759,0
397760,0
397761,0
397762,0
397763,0
397764,7
397765,0
397766,0
397767,0
397768,0
397769,0
397770,16
397771,12
397772,0
397773,0
397774,12
397775,0
397776,0
397777,0
397778,0
397779,0
397780,18
397781,0
397782,0
397783,0
397784,15
397785,0
397786,0
397787,12
397788,0
397789,0
397790,0
397791,15
397792,0
397793,13
397794,0
397795,0
397796,0
397797,0
397798,0
397799,0
397800,0
397801,0
397802,0
397803,0
397804,14
397805,0
397806,10
397807,0
397808,22
397809,0
397810,0
397811,12
397812,0
397813,19
397814,0
397815,17
397816,0
397817,0
397818,0
397819,9
397820,0
397821,0
397822,0
397823,11
397824,0
397825,0
397826,22
397827,0
397828,8
397829,0
397830,0
397831,0
397832,0
397833,0
397834,0
397835,0
397836,0
397837,0
397838,17
397839,0
397840,0
397841,0
397842,0
397843,0
397844,0
397845,13
397846,12
397847,0
397848,0
397849,0
397850,0
397851,0
397852,0
397853,12
397854,0
397855,0
397856,0
397857,11
397858,0
397859,0
397860,0
397861,16
397862,0
397863,0
397864,6
397865,0
397866,0
397867,0
397868,11
397869,0
397870,0
397871,0
397872,17
397873,16
397874,0
397875,20
397876,12
397877,13
397878,9
397879,0
397880,0
397881,10
397882,0
397883,0
397884,0
397885,0
397886,8
397887,0
397888,0
397889,20
397890,17
397891,0
397892,0
397893,15
397894,0
397895,12
397896,0
397897,0
397898,21
397899,0
397900,0
397901,0
397902,0
397903,0
397904,0
397905,0
397906,0
397907,0
397908,0
397909,0
397910,10
397911,0
397912,0
397913,21
397914,0
397915,15
397916,0
397917,0
397918,0
397919,0
397920,0
397921,0
397922,0
397923,17
397924,0
397925,0
397926,0
397927,0
397928,0
397929,0
397930,0
397931,0
397932,0
397933,15
397934,0
397935,14
397936,0
397937,0
397938,0
397939,20
397940,0
397941,0
397942,20
397943,13
397944,17
397945,0
397946,17
397947,0
397948,0
397949,0
397950,21
397951,36
397952,31
397953,0
397954,0
397955,0
397956,0
397957,32
397958,26
397959,0
397960,0
397961,0
397962,15
397963,25
397964,0
397965,25
397966,0
397967,30
397968,0
397969,0
397970,37
397971,0
397972,25
397973,0
397974,0
397975,0
397976,0
397977,0
397978,0
397979,0
397980,29
397981,0
397982,0
397983,0
397984,16
397985,0
397986,38
397987,0
397988,0
397989,0
397990,0
397991,0
397992,28
397993,0
397994,0
397995,0
397996,18
397997,0
397998,0
397999,0
398000,0
398001,0
398002,24
398003,0
398004,0
398005,43
398006,0
398007,41
398008,0
398009,0
398010,37
398011,0
398012,0
398013,0
398014,21
398015,30
398016,28
398017,29
398018,0
398019,35
398020,0
398021,0
398022,28
398023,0
398024,29
398025,31
398026,0
398027,0
398028,0
398029,0
398030,32
398031,15
398032,0
398033,0
398034,0
398035,0
398036,32
398037,31
398038,0
398039,26
398040,0
398041,0
398042,33
398043,0
398044,0
398045,31
398046,35
398047,0
398048,0
398049,23
398050,0
398051,0
398052,0
398053,0
398054,0
398055,0
398056,28
398057,24
398058,0
398059,0
398060,0
398061,0
398062,0
398063,24
398064,0
398065,0
398066,33
398067,0
398068,0
398069,34
398070,0
398071,0
398072,0
398073,0
398074,0
398075,20
398076,0
398077,0
398078,0
398079,0
398080,0
398081,0
398082,21
398083,0
398084,0
398085,0
398086,0
398087,0
398088,0
398089,0
398090,0
398091,0
398092,0
398093,0
398094,19
398095,0
398096,0
398097,0
398098,32
398099,0
398100,0
398101,0
398102,0
398103,0
398104,0
398105,0
398106,0
398107,0
398108,0
398109,0
398110,0
398111,0
398112,25
398113,0
398114,22
398115,0
398116,0
398117,33
398118,31
398119,0
398120,0
398121,34
398122,0
398123,30
398124,0
398125,0
398126,0
398127,0
398128,0
398129,0
398130,0
398131,0
398132,0
398133,22
398134,0
398135,0
398136,0
398137,0
398138,0
398139,0
398140,0
398141,0
398142,33
398143,0
398144,0
398145,0
398146,25
398147,0
398148,0
398149,0
398150,0
398151,29
398152,0
398153,0
398154,0
398155,0
398156,33
398157,0
398158,26
398159,16
398160,0
398161,0
398162,0
398163,18
398164,36
398165,0
398166,0
398167,0
398168,0
398169,29
398170,33
398171,34
398172,0
398173,24
398174,0
398175,0
398176,17
398177,0
398178,0
398179,0
398180,29
398181,0
398182,34
398183,0
398184,0
398185,0
398186,0
398187,0
398188,33
398189,0
398190,0
398191,36
398192,30
398193,26
398194,0
398195,0
398196,0
398197,0
398198,0
398199,26
398200,18
398201,0
398202,29
398203,0
398204,0
398205,24
398206,16
398207,0
398208,0
398209,0
398210,0
398211,0
398212,0
398213,0
398214,0
398215,0
398216,0
398217,0
398218,0
398219,0
398220,0
398221,0
398222,0
398223,0
398224,35
398225,0
398226,30
398227,0
398228,0
398229,0
398230,0
398231,0
398232,0
398233,0
398234,26
398235,0
398236,0
398237,36
398238,0
398239,0
398240,0
398241,23
398242,19
398243,0
398244,0
398245,0
398246,0
398247,0
398248,0
398249,0
398250,0
398251,20
398252,0
398253,0
398254,0
398255,0
398256,0
398257,0
398258,0
398259,0
398260,0
398261,0
398262,0
398263,30
398264,0
398265,28
398266,0
398267,21
398268,0
398269,15
398270,0
398271,0
398272,0
398273,0
398274,0
398275,0
398276,0
398277,0
398278,0
398279,0
398280,0
398281,0
398282,0
398283,0
398284,0
398285,0
398286,0
398287,0
398288,0
398289,0
398290,0
398291,0
398292,0
398293,0
398294,0
398295,0
398296,0
398297,0
398298,0
398299,27
398300,23
398301,24
398302,0
398303,0
398304,0
398305,0
398306,0
398307,0
398308,0
398309,0
398310,0
398311,0
398312,31
398313,0
398314,0
398315,0
398316,0
398317,0
398318,0
398319,0
398320,32
398321,0
398322,0
398323,37
398324,0
398325,0
398326,0
398327,0
398328,0
398329,0
398330,30
398331,0
398332,0
398333,34
398334,0
398335,18
398336,0
398337,0
398338,0
398339,0
398340,0
398341,0
398342,0
398343,0
398344,0
398345,0
398346,0
398347,0
398348,0
398349,0
398350,0
398351,32
398352,0
398353,0
398354,0
398355,0
398356,0
398357,0
398358,0
398359,0
398360,25
398361,0
398362,0
398363,0
398364,0
398365,0
398366,0
398367,0
398368,33
398369,0
398370,0
398371,0
398372,0
398373,35
398374,0
398375,0
398376,0
398377,23
398378,0
398379,0
398380,0
398381,0
398382,0
398383,0
398384,0
398385,0
398386,0
398387,0
398388,0
398389,28
398390,0
398391,0
398392,0
398393,0
398394,0
398395,0
398396,0
398397,0
398398,27
398399,38
398400,0
398401,0
398402,0
398403,24
398404,0
398405,0
398406,32
398407,34
398408,0
398409,0
398410,0
398411,0
398412,0
398413,0
398414,0
398415,0
398416,24
398417,41
398418,0
398419,0
398420,0
398421,30
398422,0
398423,25
398424,0
398425,0
398426,0
398427,0
398428,0
398429,26
398430,0
398431,27
398432,23
398433,0
398434,0
398435,0
398436,0
398437,0
398438,0
398439,18
398440,25
398441,0
398442,0
398443,0
398444,0
398445,0
398446,0
398447,0
398448,0
398449,0
398450,0
398451,31
398452,0
398453,0
398454,0
398455,0
398456,25
398457,0
398458,0
398459,23
398460,0
398461,27
398462,0
398463,0
398464,0
398465,0
398466,30
398467,33
398468,0
398469,0
398470,0
398471,0
398472,33
398473,0
398474,0
398475,0
398476,0
398477,0
398478,0
398479,0
398480,0
398481,0
398482,0
398483,0
398484,0
398485,34
398486,0
398487,0
398488,0
398489,0
398490,0
398491,28
398492,0
398493,0
398494,0
398495,19
398496,0
398497,20
398498,0
398499,0
398500,0
398501,0
398502,0
398503,21
398504,0
398505,0
398506,0
398507,0
398508,0
398509,0
398510,26
398511,0
398512,0
398513,0
398514,29
398515,0
398516,0
398517,0
398518,0
398519,49
398520,0
398521,0
398522,0
398523,0
398524,0
398525,0
398526,24
398527,0
398528,35
398529,0
398530,27
398531,21
398532,0
398533,34
398534,0
398535,0
398536,23
398537,0
398538,19
398539,0
398540,28
398541,17
398542,0
398543,0
398544,0
398545,32
398546,0
398547,0
398548,0
398549,0
398550,36
398551,0
398552,0
398553,0
398554,0
398555,21
398556,0
398557,30
398558,30
398559,23
398560,0
398561,0
398562,0
398563,23
398564,0
398565,0
398566,0
398567,0
398568,33
398569,33
398570,0
398571,0
398572,36
398573,23
398574,0
398575,29
398576,0
398577,30
398578,0
398579,48
398580,38
398581,29
398582,0
398583,31
398584,0
398585,28
398586,0
398587,0
398588,0
398589,23
398590,18
398591,0
398592,0
398593,0
398594,0
398595,0
398596,0
398597,31
398598,0
398599,23
398600,0
398601,0
398602,0
398603,32
398604,0
398605,0
398606,0
398607,30
398608,0
398609,0
398610,0
398611,31
398612,27
398613,0
398614,0
398615,0
398616,20
398617,0
398618,0
398619,29
398620,0
398621,0
398622,0
398623,0
398624,0
398625,0
398626,0
398627,0
398628,0
398629,0
398630,0
398631,37
398632,0
398633,0
398634,0
398635,0
398636,34
398637,0
398638,0
398639,30
398640,0
398641,0
398642,0
398643,0
398644,0
398645,0
398646,22
398647,0
398648,0
398649,0
398650,0
398651,0
398652,0
398653,0
398654,0
398655,0
398656,0
398657,0
398658,0
398659,0
398660,0
398661,0
398662,0
398663,0
398664,19
398665,0
398666,0
398667,0
398668,0
398669,15
398670,0
398671,0
398672,0
398673,0
398674,24
398675,0
398676,33
398677,0
398678,0
398679,0
398680,0
398681,39
398682,0
398683,0
398684,0
398685,0
398686,31
398687,0
398688,16
398689,0
398690,0
398691,0
398692,20
398693,0
398694,0
398695,0
398696,24
398697,24
398698,0
398699,32
398700,31
398701,0
398702,0
398703,35
398704,0
398705,0
398706,0
398707,20
398708,0
398709,0
398710,0
398711,35
398712,23
398713,20
398714,0
398715,0
398716,27
398717,25
398718,42
398719,0
398720,0
398721,0
398722,25
398723,21
398724,0
398725,37
398726,27
398727,0
398728,0
398729,34
398730,0
398731,0
398732,21
398733,0
398734,0
398735,23
398736,14
398737,0
398738,40
398739,0
398740,25
398741,0
398742,0
398743,0
398744,0
398745,0
398746,21
398747,0
398748,0
398749,25
398750,0
398751,0
398752,0
398753,0
398754,16
398755,25
398756,27
398757,0
398758,0
398759,0
398760,31
398761,16
398762,0
398763,21
398764,46
398765,0
398766,28
398767,0
398768,16
398769,25
398770,0
398771,0
398772,29
398773,34
398774,0
398775,14
398776,32
398777,20
398778,0
398779,0
398780,0
398781,22
398782,24
398783,0
398784,0
398785,0
398786,0
398787,39
398788,24
398789,20
398790,0
398791,0
398792,34
398793,0
398794,0
398795,0
398796,0
398797,0
398798,15
398799,0
398800,0
398801,27
398802,0
398803,0
398804,0
398805,0
398806,0
398807,0
398808,0
398809,0
398810,41
398811,40
398812,0
398813,0
398814,35
398815,0
398816,0
398817,0
398818,24
398819,0
398820,0
398821,0
398822,33
398823,0
398824,0
398825,0
398826,32
398827,0
398828,0
398829,15
398830,41
398831,0
398832,0
398833,0
398834,26
398835,0
398836,0
398837,0
398838,0
398839,0
398840,0
398841,0
398842,0
398843,0
398844,34
398845,0
398846,0
398847,0
398848,0
398849,0
398850,18
398851,0
398852,0
398853,0
398854,0
398855,31
398856,16
398857,0
398858,0
398859,0
398860,0
398861,34
398862,0
398863,22
398864,0
398865,0
398866,0
398867,0
398868,0
398869,0
398870,30
398871,0
398872,0
398873,0
398874,0
398875,17
398876,31
398877,17
398878,0
398879,0
398880,0
398881,16
398882,0
398883,0
398884,0
398885,20
398886,28
398887,0
398888,0
398889,0
398890,26
398891,0
398892,29
398893,0
398894,0
398895,26
398896,31
398897,29
398898,0
398899,31
398900,33
398901,22
398902,0
398903,0
398904,0
398905,0
398906,31
398907,0
398908,0
398909,27
398910,0
398911,0
398912,9
398913,0
398914,18
398915,25
398916,0
398917,0
398918,0
398919,0
398920,19
398921,19
398922,0
398923,0
398924,0
398925,0
398926,0
398927,0
398928,0
398929,0
398930,0
398931,0
398932,26
398933,0
398934,24
398935,15
398936,0
398937,13
398938,0
398939,27
398940,0
398941,0
398942,0
398943,20
398944,13
398945,0
398946,0
398947,0
398948,24
398949,0
398950,0
398951,0
398952,0
398953,21
398954,24
398955,24
398956,0
398957,0
398958,0
398959,0
398960,24
398961,0
398962,0
398963,0
398964,0
398965,16
398966,0
398967,0
398968,0
398969,18
398970,0
398971,0
398972,15
398973,0
398974,0
398975,14
398976,0
398977,0
398978,0
398979,0
398980,20
398981,17
398982,0
398983,0
398984,0
398985,0
398986,17
398987,0
398988,13
398989,0
398990,0
398991,0
398992,0
398993,0
398994,0
398995,19
398996,0
398997,26
398998,0
398999,0
399000,0
399001,0
399002,0
399003,30
399004,23
399005,26
399006,0
399007,0
399008,0
399009,0
399010,27
399011,0
399012,19
399013,0
399014,27
399015,0
399016,0
399017,0
399018,0
399019,0
399020,0
399021,22
399022,0
399023,0
399024,0
399025,0
399026,30
399027,26
399028,17
399029,0
399030,0
399031,18
399032,0
399033,0
399034,17
399035,28
399036,0
399037,0
399038,0
399039,0
399040,0
399041,19
399042,0
399043,24
399044,33
399045,0
399046,0
399047,0
399048,0
399049,0
399050,0
399051,0
399052,0
399053,0
399054,0
399055,0
399056,31
399057,20
399058,0
399059,0
399060,24
399061,0
399062,0
399063,22
399064,0
399065,0
399066,0
399067,0
399068,23
399069,0
399070,23
399071,0
399072,30
399073,0
399074,12
399075,0
399076,0
399077,26
399078,0
399079,0
399080,0
399081,0
399082,0
399083,14
399084,0
399085,25
399086,15
399087,18
399088,0
399089,0
399090,17
399091,15
399092,29
399093,0
399094,17
399095,16
399096,0
399097,19
399098,21
399099,0
399100,0
399101,0
399102,0
399103,0
399104,13
399105,0
399106,22
399107,19
399108,0
399109,28
399110,0
399111,0
399112,0
399113,0
399114,0
399115,0
399116,0
399117,0
399118,0
399119,13
399120,0
399121,18
399122,0
399123,0
399124,0
399125,13
399126,0
399127,0
399128,16
399129,0
399130,0
399131,0
399132,0
399133,23
399134,16
399135,0
399136,22
399137,14
399138,29
399139,0
399140,15
399141,18
399142,20
399143,21
399144,0
399145,0
399146,23
399147,0
399148,0
399149,0
399150,0
399151,21
399152,11
399153,18
399154,17
399155,18
399156,0
399157,18
399158,38
399159,25
399160,0
399161,0
399162,24
399163,23
399164,0
399165,0
399166,0
399167,0
399168,34
399169,0
399170,0
399171,0
399172,15
399173,0
399174,0
399175,0
399176,0
399177,0
399178,0
399179,21
399180,20
399181,22
399182,24
399183,0
399184,0
399185,0
399186,0
399187,24
399188,25
399189,0
399190,0
399191,25
399192,0
399193,18
399194,0
399195,0
399196,0
399197,24
399198,0
399199,0
399200,0
399201,0
399202,22
399203,0
399204,0
399205,20
399206,0
399207,0
399208,0
399209,0
399210,35
399211,11
399212,0
399213,0
399214,0
399215,0
399216,0
399217,34
399218,0
399219,0
399220,0
399221,0
399222,0
399223,0
399224,17
399225,0
399226,17
399227,17
399228,0
399229,13
399230,0
399231,0
399232,18
399233,0
399234,0
399235,0
399236,15
399237,0
399238,23
399239,35
399240,0
399241,0
399242,0
399243,21
399244,0
399245,0
399246,18
399247,0
399248,21
399249,0
399250,0
399251,0
399252,0
399253,0
399254,0
399255,0
399256,0
399257,14
399258,0
399259,0
399260,0
399261,0
399262,0
399263,0
399264,0
399265,0
399266,0
399267,13
399268,0
399269,23
399270,0
399271,0
399272,0
399273,0
399274,0
399275,15
399276,0
399277,23
399278,0
399279,19
399280,0
399281,19
399282,26
399283,25
399284,0
399285,0
399286,0
399287,0
399288,0
399289,0
399290,0
399291,43
399292,18
399293,0
399294,0
399295,32
399296,0
399297,0
399298,0
399299,10
399300,0
399301,30
399302,0
399303,0
399304,0
399305,0
399306,0
399307,0
399308,0
399309,0
399310,17
399311,15
399312,0
399313,0
399314,23
399315,0
399316,0
399317,21
399318,0
399319,0
399320,0
399321,0
399322,11
399323,17
399324,20
399325,0
399326,0
399327,0
399328,0
399329,0
399330,29
399331,19
399332,0
399333,0
399334,0
399335,0
399336,0
399337,21
399338,0
399339,0
399340,0
399341,22
399342,20
399343,0
399344,17
399345,15
399346,0
399347,0
399348,0
399349,11
399350,28
399351,26
399352,0
399353,29
399354,0
399355,20
399356,14
399357,0
399358,25
399359,0
399360,0
399361,0
399362,0
399363,0
399364,0
399365,0
399366,0
399367,0
399368,32
399369,21
399370,0
399371,20
399372,27
399373,0
399374,0
399375,0
399376,0
399377,37
399378,0
399379,18
399380,0
399381,0
399382,0
399383,0
399384,0
399385,0
399386,0
399387,18
399388,0
399389,0
399390,0
399391,0
399392,0
399393,0
399394,0
399395,0
399396,17
399397,0
399398,0
399399,0
399400,0
399401,0
399402,0
399403,0
399404,0
399405,0
399406,19
399407,0
399408,22
399409,0
399410,0
399411,0
399412,0
399413,0
399414,30
399415,0
399416,24
399417,0
399418,35
399419,0
399420,0
399421,26
399422,0
399423,0
399424,0
399425,0
399426,22
399427,0
399428,0
399429,0
399430,0
399431,0
399432,0
399433,0
399434,0
399435,0
399436,0
399437,0
399438,18
399439,0
399440,20
399441,0
399442,0
399443,31
399444,0
399445,25
399446,0
399447,0
399448,0
399449,0
399450,0
399451,0
399452,0
399453,0
399454,0
399455,0
399456,0
399457,6
399458,0
399459,0
399460,0
399461,0
399462,0
399463,30
399464,0
399465,20
399466,0
399467,0
399468,0
399469,0
399470,12
399471,0
399472,0
399473,22
399474,0
399475,0
399476,0
399477,0
399478,0
399479,0
399480,0
399481,0
399482,0
399483,0
399484,0
399485,0
399486,0
399487,11
399488,0
399489,0
399490,0
399491,0
399492,0
399493,0
399494,0
399495,0
399496,0
399497,0
399498,0
399499,0
399500,0
399501,26
399502,0
399503,0
399504,0
399505,0
399506,0
399507,0
399508,0
399509,0
399510,20
399511,19
399512,0
399513,0
399514,17
399515,0
399516,20
399517,0
399518,0
399519,16
399520,0
399521,0
399522,0
399523,0
399524,0
399525,0
399526,13
399527,0
399528,35
399529,0
399530,0
399531,12
399532,11
399533,21
399534,0
399535,0
399536,28
399537,25
399538,0
399539,21
399540,0
399541,0
399542,0
399543,22
399544,0
399545,0
399546,0
399547,0
399548,0
399549,0
399550,0
399551,31
399552,0
399553,0
399554,0
399555,0
399556,11
399557,0
399558,0
399559,22
399560,20
399561,0
399562,0
399563,0
399564,0
399565,0
399566,0
399567,37
399568,0
399569,12
399570,0
399571,0
399572,23
399573,0
399574,0
399575,19
399576,0
399577,0
399578,20
399579,0
399580,0
399581,0
399582,0
399583,0
399584,0
399585,25
399586,14
399587,0
399588,30
399589,31
399590,0
399591,0
399592,0
399593,0
399594,0
399595,0
399596,0
399597,0
399598,0
399599,0
399600,0
399601,33
399602,15
399603,0
399604,21
399605,0
399606,0
399607,0
399608,0
399609,27
399610,0
399611,0
399612,13
399613,0
399614,0
399615,38
399616,0
399617,40
399618,0
399619,0
399620,0
399621,0
399622,0
399623,0
399624,0
399625,0
399626,0
399627,0
399628,0
399629,0
399630,0
399631,0
399632,0
399633,0
399634,37
399635,0
399636,0
399637,29
399638,0
399639,21
399640,0
399641,0
399642,0
399643,0
399644,31
399645,0
399646,31
399647,14
399648,6
399649,0
399650,0
399651,0
399652,0
399653,0
399654,0
399655,0
399656,14
399657,0
399658,0
399659,24
399660,15
399661,0
399662,0
399663,0
399664,26
399665,0
399666,0
399667,0
399668,30
399669,0
399670,26
399671,0
399672,0
399673,0
399674,13
399675,27
399676,0
399677,28
399678,0
399679,25
399680,0
399681,0
399682,0
399683,0
399684,0
399685,18
399686,32
399687,0
399688,0
399689,0
399690,6
399691,0
399692,0
399693,0
399694,0
399695,15
399696,0
399697,0
399698,0
399699,0
399700,0
399701,25
399702,17
399703,0
399704,18
399705,0
399706,0
399707,0
399708,0
399709,0
399710,0
399711,19
399712,0
399713,0
399714,22
399715,0
399716,0
399717,0
399718,0
399719,20
399720,12
399721,0
399722,0
399723,0
399724,0
399725,0
399726,0
399727,0
399728,0
399729,0
399730,0
399731,0
399732,0
399733,0
399734,0
399735,0
399736,0
399737,23
399738,0
399739,27
399740,0
399741,18
399742,0
399743,13
399744,0
399745,0
399746,0
399747,0
399748,34
399749,0
399750,0
399751,0
399752,0
399753,0
399754,0
399755,0
399756,0
399757,0
399758,0
399759,0
399760,0
399761,0
399762,0
399763,0
399764,0
399765,0
399766,0
399767,0
399768,0
399769,0
399770,0
399771,0
399772,0
399773,0
399774,0
399775,0
399776,0
399777,0
399778,0
399779,0
399780,0
399781,0
399782,0
399783,0
399784,0
399785,0
399786,0
399787,0
399788,0
399789,0
399790,0
399791,0
399792,0
399793,0
399794,0
399795,0
399796,0
399797,0
399798,1
399799,0
399800,0
399801,0
399802,0
399803,0
399804,0
399805,0
399806,0
399807,0
399808,0
399809,0
399810,0
399811,0
399812,0
399813,0
399814,0
399815,0
399816,0
399817,0
399818,0
399819,0
399820,0
399821,0
399822,0
399823,0
399824,0
399825,0
399826,0
399827,0
399828,0
399829,0
399830,0
399831,0
399832,0
399833,0
399834,0
399835,0
399836,0
399837,0
399838,0
399839,0
399840,0
399841,0
399842,0
399843,0
399844,0
399845,0
399846,0
399847,0
399848,0
399849,0
399850,0
399851,0
399852,0
399853,0
399854,0
399855,0
399856,0
399857,0
399858,0
399859,0
399860,0
399861,0
399862,0
399863,0
399864,0
399865,0
399866,0
399867,0
399868,0
399869,0
399870,0
399871,0
399872,0
399873,0
399874,0
399875,0
399876,0
399877,0
399878,0
399879,0
399880,0
399881,0
399882,0
399883,0
399884,0
399885,0
399886,0
399887,0
399888,0
399889,0
399890,0
399891,0
399892,0
399893,0
399894,0
399895,0
399896,0
399897,0
399898,0
399899,0
399900,0
399901,0
399902,0
399903,0
399904,0
399905,0
399906,0
399907,0
399908,0
399909,0
399910,0
399911,0
399912,0
399913,0
399914,0
399915,0
399916,0
399917,0
399918,0
399919,0
399920,0
399921,0
399922,0
399923,0
399924,0
399925,0
399926,0
399927,0
399928,0
399929,0
399930,0
399931,0
399932,0
399933,0
399934,0
399935,0
399936,0
399937,0
399938,0
399939,0
399940,0
399941,0
399942,0
399943,0
399944,0
399945,0
399946,0
399947,0
399948,0
399949,0
399950,0
399951,0
399952,0
399953,0
399954,0
399955,0
399956,0
399957,0
399958,0
399959,0
399960,0
399961,0
399962,0
399963,0
399964,0
399965,0
399966,0
399967,0
399968,0
399969,0
399970,0
399971,0
399972,0
399973,0
399974,0
399975,0
399976,0
399977,0
399978,0
399979,0
399980,0
399981,0
399982,0
399983,0
399984,0
399985,0
399986,0
399987,0
399988,0
399989,0
399990,0
399991,0
399992,0
399993,0
399994,0
399995,0
399996,0
399997,0
399998,0
399999,0
400000,0
400001,0
400002,0
400003,0
400004,0
400005,0
400006,0
400007,0
400008,0
400009,0
400010,0
400011,0
400012,0
400013,0
400014,0
400015,0
400016,0
400017,0
400018,0
400019,0
400020,0
400021,0
400022,0
400023,0
400024,0
400025,0
400026,0
400027,0
400028,0
400029,0
400030,0
400031,0
400032,0
400033,0
400034,0
400035,0
400036,0
400037,0
400038,0
400039,0
400040,0
400041,0
400042,0
400043,0
400044,0
400045,0
400046,0
400047,0
400048,0
400049,0
400050,0
400051,0
400052,0
400053,0
400054,0
400055,0
400056,0
400057,0
400058,0
400059,0
400060,0
400061,0
400062,0
400063,0
400064,0
400065,0
400066,0
400067,0
400068,1
400069,0
400070,0
400071,0
400072,0
400073,0
400074,0
400075,0
400076,0
400077,0
400078,0
400079,1
400080,0
400081,0
400082,0
400083,0
400084,0
400085,0
400086,0
400087,0
400088,0
400089,0
400090,0
400091,0
400092,0
400093,0
400094,0
400095,0
400096,0
400097,0
400098,0
400099,0
400100,0
400101,0
400102,0
400103,0
400104,0
400105,0
400106,0
400107,0
400108,0
400109,0
400110,0
400111,0
400112,0
400113,1
400114,0
400115,0
400116,0
400117,0
400118,0
400119,0
400120,0
400121,0
400122,0
400123,0
400124,0
400125,0
400126,0
400127,0
400128,0
400129,0
400130,0
400131,1
400132,0
400133,0
400134,0
400135,0
400136,0
400137,0
400138,0
400139,0
400140,0
400141,0
400142,0
400143,0
400144,0
400145,0
400146,0
400147,0
400148,0
400149,0
400150,0
400151,0
400152,0
400153,0
400154,0
400155,0
400156,0
400157,0
400158,0
400159,0
400160,0
400161,0
400162,0
400163,0
400164,0
400165,0
400166,0
400167,0
400168,0
400169,0
400170,0
400171,0
400172,0
400173,0
400174,0
400175,0
400176,0
400177,0
400178,0
400179,0
400180,0
400181,0
400182,0
400183,0
400184,0
400185,0
400186,0
400187,0
400188,0
400189,0
400190,0
400191,0
400192,0
400193,0
400194,0
400195,0
400196,0
400197,0
400198,0
400199,0
400200,0
400201,0
400202,0
400203,0
400204,0
400205,0
400206,0
400207,0
400208,0
400209,0
400210,0
400211,0
400212,0
400213,0
400214,0
400215,0
400216,0
400217,0
400218,0
400219,0
400220,0
400221,0
400222,0
400223,0
400224,0
400225,0
400226,0
400227,0
400228,0
400229,0
400230,0
400231,0
400232,0
400233,0
400234,0
400235,0
400236,1
400237,0
400238,0
400239,0
400240,0
400241,0
400242,0
400243,0
400244,0
400245,0
400246,0
400247,0
400248,0
400249,0
400250,0
400251,0
400252,0
400253,0
400254,0
400255,0
400256,0
400257,0
400258,0
400259,0
400260,0
400261,0
400262,0
400263,0
400264,0
400265,0
400266,0
400267,0
400268,0
400269,0
400270,0
400271,0
400272,0
400273,0
400274,0
400275,0
400276,0
400277,0
400278,0
400279,0
400280,0
400281,0
400282,0
400283,0
400284,0
400285,0
400286,0
400287,0
400288,0
400289,0
400290,0
400291,0
400292,0
400293,0
400294,0
400295,0
400296,0
400297,0
400298,0
400299,0
400300,0
400301,1
400302,0
400303,0
400304,0
400305,0
400306,0
400307,0
400308,0
400309,0
400310,0
400311,0
400312,0
400313,0
400314,1
400315,0
400316,0
400317,0
400318,0
400319,0
400320,0
400321,0
400322,0
400323,0
400324,0
400325,0
400326,0
400327,0
400328,0
400329,0
400330,0
400331,0
400332,0
400333,0
400334,0
400335,0
400336,0
400337,0
400338,0
400339,0
400340,0
400341,0
400342,0
400343,0
400344,0
400345,0
400346,0
400347,0
400348,0
400349,0
400350,0
400351,0
400352,0
400353,0
400354,0
400355,0
400356,0
400357,0
400358,0
400359,0
400360,0
400361,0
400362,0
400363,0
400364,0
400365,0
400366,0
400367,0
400368,0
400369,0
400370,0
400371,0
400372,0
400373,0
400374,0
400375,0
400376,0
400377,0
400378,0
400379,0
400380,0
400381,0
400382,0
400383,0
400384,0
400385,0
400386,0
400387,0
400388,0
400389,0
400390,0
400391,0
400392,0
400393,0
400394,0
400395,0
400396,0
400397,0
400398,0
400399,0
400400,0
400401,0
400402,0
400403,0
400404,0
400405,0
400406,0
400407,0
400408,0
400409,0
400410,0
400411,0
400412,0
400413,0
400414,0
400415,0
400416,0
400417,0
400418,0
400419,0
400420,0
400421,0
400422,0
400423,0
400424,0
400425,0
400426,0
400427,0
400428,0
400429,0
400430,0
400431,0
400432,0
400433,0
400434,0
400435,0
400436,0
400437,0
400438,0
400439,0
400440,0
400441,0
400442,0
400443,0
400444,0
400445,0
400446,0
400447,0
400448,0
400449,0
400450,0
400451,0
400452,0
400453,0
400454,0
400455,0
400456,0
400457,0
400458,0
400459,0
400460,0
400461,0
400462,0
400463,0
400464,0
400465,0
400466,0
400467,0
400468,0
400469,0
400470,0
400471,0
400472,0
400473,0
400474,0
400475,0
400476,0
400477,0
400478,0
400479,0
400480,0
400481,0
400482,0
400483,0
400484,0
400485,0
400486,0
400487,0
400488,44
400489,0
400490,0
400491,0
400492,0
400493,35
400494,0
400495,48
400496,0
400497,0
400498,0
400499,0
400500,0
400501,0
400502,0
400503,0
400504,0
400505,40
400506,0
400507,34
400508,0
400509,0
400510,0
400511,0
400512,0
400513,0
400514,0
400515,0
400516,45
400517,33
400518,0
400519,0
400520,0
400521,0
400522,0
400523,0
400524,0
400525,0
400526,0
400527,0
400528,0
400529,0
400530,0
400531,0
400532,25
400533,0
400534,0
400535,0
400536,44
400537,0
400538,0
400539,0
400540,0
400541,0
400542,49
400543,0
400544,0
400545,38
400546,32
400547,0
400548,0
400549,0
400550,0
400551,0
400552,34
400553,0
400554,0
400555,0
400556,0
400557,27
400558,0
400559,40
400560,0
400561,7
400562,0
400563,0
400564,0
400565,0
400566,0
400567,13
400568,0
400569,0
400570,0
400571,0
400572,17
400573,0
400574,0
400575,0
400576,0
400577,0
400578,0
400579,0
400580,0
400581,16
400582,9
400583,6
400584,0
400585,0
400586,0
400587,0
400588,18
400589,0
400590,0
400591,0
400592,0
400593,16
400594,12
400595,0
400596,14
400597,17
400598,0
400599,8
400600,0
400601,0
400602,0
400603,0
400604,0
400605,0
400606,0
400607,11
400608,0
400609,0
400610,0
400611,0
400612,9
400613,0
400614,0
400615,0
400616,0
400617,0
400618,12
400619,0
400620,8
400621,0
400622,0
400623,0
400624,13
400625,11
400626,6
400627,0
400628,0
400629,0
400630,0
400631,0
400632,0
400633,0
400634,0
400635,0
400636,0
400637,0
400638,13
400639,0
400640,0
400641,0
400642,0
400643,0
400644,0
400645,0
400646,8
400647,11
400648,8
400649,0
400650,15
400651,0
400652,0
400653,0
400654,9
400655,0
400656,17
400657,0
400658,4
400659,0
400660,0
400661,0
400662,9
400663,14
400664,0
400665,4
400666,0
400667,0
400668,0
400669,0
400670,0
400671,0
400672,13
400673,0
400674,0
400675,0
400676,0
400677,0
400678,0
400679,12
400680,0
400681,0
400682,0
400683,0
400684,0
400685,0
400686,0
400687,0
400688,0
400689,0
400690,11
400691,17
400692,0
400693,18
400694,0
400695,0
400696,0
400697,0
400698,0
400699,0
400700,13
400701,0
400702,0
400703,10
400704,16
400705,0
400706,0
400707,0
400708,0
400709,0
400710,0
400711,0
400712,0
400713,0
400714,14
400715,14
400716,0
400717,8
400718,0
400719,7
400720,9
400721,0
400722,0
400723,0
400724,19
400725,0
400726,0
400727,0
400728,0
400729,14
400730,0
400731,0
400732,12
400733,0
400734,0
400735,0
400736,0
400737,0
400738,5
400739,0
400740,0
400741,0
400742,9
400743,0
400744,0
400745,0
400746,0
400747,0
400748,0
400749,0
400750,0
400751,9
400752,0
400753,0
400754,0
400755,17
400756,0
400757,0
400758,8
400759,0
400760,16
400761,0
400762,0
400763,0
400764,0
400765,17
400766,0
400767,2
400768,0
400769,0
400770,0
400771,8
400772,0
400773,0
400774,9
400775,14
400776,0
400777,0
400778,5
400779,0
400780,0
400781,0
400782,0
400783,14
400784,14
400785,0
400786,0
400787,0
400788,0
400789,7
400790,0
400791,10
400792,0
400793,0
400794,8
400795,0
400796,0
400797,0
400798,0
400799,0
400800,0
400801,0
400802,0
400803,6
400804,8
400805,0
400806,0
400807,6
400808,0
400809,0
400810,0
400811,0
400812,0
400813,0
400814,0
400815,0
400816,12
400817,0
400818,4
400819,0
400820,0
400821,10
400822,0
400823,0
400824,15
400825,0
400826,17
400827,5
400828,5
400829,11
400830,0
400831,0
400832,12
400833,0
400834,0
400835,7
400836,0
400837,12
400838,13
400839,0
400840,0
400841,17
400842,8
400843,0
400844,0
400845,16
400846,0
400847,0
400848,0
400849,0
400850,0
400851,0
400852,0
400853,0
400854,5
400855,0
400856,0
400857,0
400858,0
400859,0
400860,0
400861,9
400862,0
400863,0
400864,0
400865,11
400866,10
400867,0
400868,0
400869,0
400870,0
400871,0
400872,7
400873,0
400874,10
400875,0
400876,0
400877,0
400878,0
400879,0
400880,10
400881,0
400882,0
400883,9
400884,0
400885,15
400886,0
400887,0
400888,0
400889,0
400890,0
400891,0
400892,0
400893,12
400894,0
400895,7
400896,14
400897,0
400898,0
400899,9
400900,15
400901,0
400902,0
400903,17
400904,0
400905,0
400906,0
400907,0
400908,0
400909,0
400910,0
400911,10
400912,14
400913,0
400914,0
400915,0
400916,0
400917,0
400918,0
400919,0
400920,0
400921,0
400922,0
400923,9
400924,0
400925,0
400926,17
400927,0
400928,0
400929,0
400930,0
400931,0
400932,0
400933,0
400934,0
400935,0
400936,0
400937,0
400938,0
400939,0
400940,0
400941,0
400942,11
400943,0
400944,11
400945,10
400946,0
400947,0
400948,0
400949,0
400950,0
400951,0
400952,0
400953,0
400954,10
400955,11
400956,12
400957,0
400958,0
400959,0
400960,0
400961,0
400962,0
400963,0
400964,13
400965,0
400966,0
400967,0
400968,0
400969,0
400970,9
400971,7
400972,18
400973,0
400974,0
400975,0
400976,0
400977,0
400978,8
400979,0
400980,0
400981,0
400982,11
400983,0
400984,11
400985,0
400986,0
400987,0
400988,0
400989,14
400990,0
400991,0
400992,11
400993,0
400994,0
400995,0
400996,0
400997,0
400998,0
400999,7
401000,9
401001,0
401002,19
401003,13
401004,0
401005,0
401006,13
401007,0
401008,0
401009,9
401010,15
401011,0
401012,0
401013,11
401014,0
401015,0
401016,12
401017,7
401018,0
401019,13
401020,10
401021,0
401022,0
401023,0
401024,12
401025,0
401026,10
401027,10
401028,0
401029,11
401030,12
401031,0
401032,0
401033,0
401034,0
401035,0
401036,0
401037,9
401038,0
401039,0
401040,9
401041,0
401042,0
401043,0
401044,0
401045,10
401046,7
401047,0
401048,9
401049,0
401050,10
401051,0
401052,0
401053,0
401054,8
401055,0
401056,8
401057,0
401058,0
401059,0
401060,0
401061,0
401062,11
401063,0
401064,0
401065,0
401066,9
401067,11
401068,0
401069,0
401070,14
401071,8
401072,0
401073,0
401074,0
401075,9
401076,0
401077,0
401078,0
401079,0
401080,0
401081,0
401082,15
401083,0
401084,0
401085,0
401086,0
401087,0
401088,9
401089,11
401090,0
401091,0
401092,0
401093,0
401094,16
401095,10
401096,0
401097,0
401098,12
401099,0
401100,0
401101,0
401102,13
401103,0
401104,10
401105,0
401106,11
401107,14
401108,0
401109,0
401110,0
401111,0
401112,0
401113,0
401114,0
401115,0
401116,0
401117,0
401118,16
401119,0
401120,0
401121,0
401122,0
401123,0
401124,0
401125,0
401126,0
401127,0
401128,0
401129,0
401130,0
401131,0
401132,9
401133,0
401134,0
401135,0
401136,0
401137,12
401138,0
401139,0
401140,0
401141,0
401142,0
401143,0
401144,11
401145,13
401146,0
401147,0
401148,7
401149,0
401150,4
401151,0
401152,0
401153,10
401154,0
401155,0
401156,0
401157,0
401158,0
401159,14
401160,12
401161,5
401162,14
401163,0
401164,0
401165,16
401166,0
401167,13
401168,0
401169,0
401170,13
401171,15
401172,0
401173,10
401174,14
401175,7
401176,13
401177,0
401178,0
401179,0
401180,0
401181,0
401182,0
401183,0
401184,0
401185,0
401186,0
401187,0
401188,0
401189,0
401190,20
401191,0
401192,6
401193,0
401194,0
401195,0
401196,0
401197,0
401198,0
401199,0
401200,7
401201,0
401202,0
401203,9
401204,0
401205,0
401206,0
401207,0
401208,0
401209,8
401210,0
401211,11
401212,0
401213,0
401214,0
401215,0
401216,0
401217,0
401218,0
401219,0
401220,0
401221,0
401222,0
401223,0
401224,0
401225,13
401226,0
401227,0
401228,0
401229,0
401230,0
401231,0
401232,0
401233,0
401234,8
401235,0
401236,0
401237,5
401238,10
401239,0
401240,10
401241,0
401242,0
401243,0
401244,0
401245,5
401246,8
401247,7
401248,0
401249,0
401250,6
401251,0
401252,8
401253,0
401254,0
401255,0
401256,0
401257,0
401258,0
401259,5
401260,0
401261,0
401262,0
401263,12
401264,0
401265,0
401266,0
401267,0
401268,0
401269,11
401270,9
401271,4
401272,0
401273,0
401274,0
401275,7
401276,0
401277,0
401278,2
401279,0
401280,0
401281,0
401282,0
401283,0
401284,0
401285,0
401286,0
401287,0
401288,0
401289,0
401290,0
401291,8
401292,0
401293,0
401294,0
401295,0
401296,5
401297,0
401298,0
401299,0
401300,0
401301,5
401302,5
401303,0
401304,0
401305,0
401306,0
401307,0
401308,0
401309,0
401310,0
401311,0
401312,0
401313,0
401314,0
401315,0
401316,0
401317,0
401318,0
401319,0
401320,0
401321,0
401322,0
401323,0
401324,0
401325,0
401326,0
401327,0
401328,0
401329,0
401330,0
401331,0
401332,0
401333,0
401334,0
401335,0
401336,4
401337,0
401338,0
401339,2
401340,0
401341,0
401342,0
401343,0
401344,0
401345,0
401346,0
401347,0
401348,0
401349,0
401350,0
401351,0
401352,0
401353,0
401354,0
401355,0
401356,0
401357,0
401358,0
401359,0
401360,0
401361,0
401362,0
401363,0
401364,0
401365,0
401366,0
401367,0
401368,0
401369,0
401370,0
401371,0
401372,0
401373,0
401374,0
401375,0
401376,0
401377,0
401378,0
401379,0
401380,0
401381,0
401382,0
401383,0
401384,0
401385,0
401386,0
401387,0
401388,0
401389,0
401390,0
401391,0
401392,0
401393,0
401394,0
401395,0
401396,0
401397,0
401398,6
401399,0
401400,0
401401,0
401402,0
401403,0
401404,0
401405,0
401406,0
401407,0
401408,0
401409,0
401410,0
401411,0
401412,0
401413,0
401414,0
401415,0
401416,0
401417,0
401418,0
401419,0
401420,0
401421,0
401422,0
401423,6
401424,0
401425,0
401426,0
401427,0
401428,0
401429,0
401430,0
401431,0
401432,0
401433,0
401434,0
401435,0
401436,0
401437,0
401438,0
401439,0
401440,0
401441,0
401442,0
401443,0
401444,0
401445,0
401446,0
401447,0
401448,1
401449,0
401450,0
401451,0
401452,0
401453,5
401454,0
401455,0
401456,0
401457,0
401458,0
401459,0
401460,0
401461,0
401462,0
401463,0
401464,3
401465,0
401466,0
401467,2
401468,0
401469,0
401470,0
401471,6
401472,0
401473,0
401474,0
401475,0
401476,1
401477,0
401478,0
401479,0
401480,0
401481,0
401482,0
401483,0
401484,0
401485,0
401486,0
401487,0
401488,0
401489,0
401490,0
401491,0
401492,0
401493,0
401494,0
401495,1
401496,0
401497,7
401498,0
401499,0
401500,0
401501,0
401502,0
401503,0
401504,0
401505,0
401506,0
401507,0
401508,0
401509,0
401510,1
401511,2
401512,0
401513,0
401514,0
401515,0
401516,0
401517,3
401518,0
401519,0
401520,0
401521,0
401522,7
401523,0
401524,0
401525,0
401526,0
401527,6
401528,0
401529,0
401530,0
401531,0
401532,0
401533,0
401534,0
401535,0
401536,0
401537,0
401538,0
401539,0
401540,0
401541,0
401542,0
401543,0
401544,0
401545,0
401546,0
401547,0
401548,0
401549,0
401550,0
401551,0
401552,0
401553,0
401554,5
401555,0
401556,0
401557,0
401558,0
401559,0
401560,0
401561,0
401562,0
401563,0
401564,0
401565,0
401566,0
401567,0
401568,0
401569,0
401570,0
401571,0
401572,0
401573,0
401574,0
401575,0
401576,0
401577,0
401578,0
401579,0
401580,0
401581,0
401582,0
401583,0
401584,0
401585,0
401586,0
401587,0
401588,0
401589,0
401590,0
401591,3
401592,0
401593,0
401594,0
401595,0
401596,0
401597,0
401598,0
401599,0
401600,0
401601,2
401602,0
401603,0
401604,0
401605,0
401606,0
401607,0
401608,0
401609,0
401610,0
401611,5
401612,0
401613,0
401614,0
401615,0
401616,0
401617,0
401618,7
401619,0
401620,0
401621,0
401622,0
401623,6
401624,0
401625,0
401626,0
401627,0
401628,0
401629,0
401630,0
401631,0
401632,0
401633,0
401634,0
401635,0
401636,0
401637,0
401638,0
401639,0
401640,0
401641,0
401642,0
401643,0
401644,0
401645,0
401646,0
401647,0
401648,0
401649,0
401650,6
401651,0
401652,0
401653,0
401654,0
401655,0
401656,0
401657,0
401658,0
401659,0
401660,0
401661,0
401662,0
401663,2
401664,0
401665,0
401666,0
401667,0
401668,0
401669,0
401670,0
401671,0
401672,0
401673,0
401674,0
401675,0
401676,9
401677,0
401678,0
401679,0
401680,0
401681,0
401682,0
401683,0
401684,0
401685,0
401686,0
401687,0
401688,0
401689,0
401690,0
401691,0
401692,0
401693,0
401694,5
401695,0
401696,5
401697,0
401698,5
401699,2
401700,0
401701,0
401702,0
401703,0
401704,0
401705,0
401706,0
401707,0
401708,0
401709,0
401710,0
401711,0
401712,0
401713,0
401714,0
401715,0
401716,0
401717,0
401718,0
401719,0
401720,0
401721,0
401722,0
401723,0
401724,0
401725,0
401726,0
401727,0
401728,0
401729,0
401730,0
401731,0
401732,0
401733,0
401734,0
401735,0
401736,0
401737,0
401738,3
401739,0
401740,0
401741,0
401742,0
401743,0
401744,0
401745,0
401746,0
401747,0
401748,0
401749,0
401750,0
401751,0
401752,0
401753,0
401754,0
401755,0
401756,0
401757,0
401758,0
401759,0
401760,0
401761,0
401762,0
401763,0
401764,0
401765,0
401766,0
401767,0
401768,0
401769,0
401770,0
401771,0
401772,0
401773,0
401774,0
401775,0
401776,0
401777,0
401778,0
401779,0
401780,19
401781,0
401782,11
401783,20
401784,0
401785,0
401786,15
401787,0
401788,0
401789,0
401790,0
401791,18
401792,0
401793,0
401794,0
401795,0
401796,0
401797,0
401798,0
401799,0
401800,0
401801,0
401802,22
401803,0
401804,0
401805,0
401806,25
401807,24
401808,18
401809,25
401810,0
401811,22
401812,0
401813,0
401814,0
401815,0
401816,17
401817,0
401818,12
401819,17
401820,0
401821,0
401822,0
401823,0
401824,0
401825,0
401826,0
401827,22
401828,14
401829,28
401830,17
401831,18
401832,0
401833,0
401834,14
401835,0
401836,0
401837,0
401838,0
401839,0
401840,26
401841,0
401842,0
401843,0
401844,0
401845,0
401846,0
401847,26
401848,0
401849,0
401850,0
401851,0
401852,16
401853,20
401854,17
401855,0
401856,0
401857,0
401858,20
401859,0
401860,19
401861,0
401862,24
401863,0
401864,22
401865,0
401866,0
401867,0
401868,0
401869,0
401870,0
401871,11
401872,0
401873,0
401874,0
401875,0
401876,16
401877,0
401878,30
401879,17
401880,22
401881,0
401882,13
401883,0
401884,29
401885,0
401886,0
401887,18
401888,26
401889,0
401890,24
401891,31
401892,0
401893,35
401894,16
401895,22
401896,0
401897,0
401898,0
401899,23
401900,0
401901,0
401902,0
401903,15
401904,0
401905,32
401906,0
401907,0
401908,0
401909,0
401910,0
401911,0
401912,0
401913,0
401914,29
401915,0
401916,21
401917,0
401918,0
401919,11
401920,0
401921,0
401922,0
401923,0
401924,0
401925,0
401926,20
401927,18
401928,16
401929,0
401930,0
401931,22
401932,0
401933,0
401934,0
401935,17
401936,0
401937,0
401938,0
401939,29
401940,0
401941,0
401942,0
401943,13
401944,35
401945,0
401946,0
401947,0
401948,0
401949,0
401950,0
401951,0
401952,0
401953,0
401954,0
401955,0
401956,0
401957,0
401958,0
401959,0
401960,0
401961,0
401962,21
401963,27
401964,0
401965,0
401966,0
401967,0
401968,0
401969,17
401970,30
401971,0
401972,0
401973,19
401974,0
401975,16
401976,0
401977,0
401978,0
401979,17
401980,19
401981,0
401982,0
401983,0
401984,0
401985,0
401986,27
401987,0
401988,26
401989,0
401990,0
401991,0
401992,0
401993,0
401994,0
401995,0
401996,16
401997,27
401998,0
401999,0
402000,23
402001,0
402002,20
402003,14
402004,19
402005,15
402006,0
402007,0
402008,23
402009,27
402010,0
402011,0
402012,0
402013,0
402014,22
402015,0
402016,0
402017,15
402018,0
402019,0
402020,0
402021,23
402022,0
402023,26
402024,24
402025,32
402026,0
402027,0
402028,22
402029,0
402030,0
402031,0
402032,0
402033,0
402034,0
402035,0
402036,0
402037,0
402038,10
402039,0
402040,16
402041,0
402042,20
402043,0
402044,0
402045,0
402046,13
402047,0
402048,0
402049,23
402050,17
402051,0
402052,0
402053,0
402054,0
402055,0
402056,0
402057,9
402058,0
402059,0
402060,0
402061,0
402062,0
402063,0
402064,0
402065,11
402066,0
402067,0
402068,0
402069,26
402070,0
402071,30
402072,21
402073,0
402074,0
402075,0
402076,0
402077,0
402078,0
402079,20
402080,0
402081,26
402082,0
402083,0
402084,0
402085,18
402086,14
402087,20
402088,0
402089,0
402090,0
402091,0
402092,19
402093,0
402094,0
402095,0
402096,0
402097,0
402098,0
402099,0
402100,0
402101,0
402102,0
402103,0
402104,0
402105,0
402106,0
402107,0
402108,0
402109,0
402110,0
402111,18
402112,0
402113,0
402114,0
402115,15
402116,0
402117,0
402118,0
402119,0
402120,0
402121,0
402122,0
402123,0
402124,7
402125,0
402126,0
402127,0
402128,0
402129,0
402130,0
402131,0
402132,0
402133,0
402134,0
402135,0
402136,0
402137,0
402138,0
402139,0
402140,0
402141,0
402142,0
402143,0
402144,0
402145,0
402146,0
402147,0
402148,0
402149,0
402150,0
402151,0
402152,0
402153,17
402154,0
402155,0
402156,0
402157,0
402158,0
402159,0
402160,0
402161,0
402162,0
402163,0
402164,0
402165,0
402166,0
402167,9
402168,0
402169,0
402170,0
402171,0
402172,0
402173,0
402174,0
402175,0
402176,0
402177,0
402178,9
402179,0
402180,0
402181,8
402182,0
402183,0
402184,0
402185,0
402186,0
402187,0
402188,0
402189,0
402190,0
402191,0
402192,0
402193,0
402194,0
402195,0
402196,0
402197,0
402198,0
402199,0
402200,0
402201,0
402202,0
402203,0
402204,0
402205,0
402206,18
402207,0
402208,13
402209,0
402210,0
402211,0
402212,0
402213,0
402214,0
402215,0
402216,0
402217,0
402218,0
402219,0
402220,0
402221,0
402222,0
402223,0
402224,0
402225,0
402226,0
402227,0
402228,0
402229,0
402230,0
402231,0
402232,16
402233,0
402234,0
402235,0
402236,0
402237,0
402238,0
402239,0
402240,0
402241,0
402242,0
402243,0
402244,0
402245,0
402246,0
402247,0
402248,0
402249,0
402250,0
402251,0
402252,0
402253,0
402254,0
402255,0
402256,0
402257,0
402258,0
402259,0
402260,0
402261,0
402262,0
402263,9
402264,0
402265,0
402266,0
402267,0
402268,0
402269,0
402270,0
402271,0
402272,0
402273,0
402274,0
402275,0
402276,0
402277,0
402278,0
402279,0
402280,0
402281,0
402282,6
402283,0
402284,0
402285,0
402286,0
402287,0
402288,0
402289,0
402290,0
402291,3
402292,0
402293,0
402294,0
402295,0
402296,0
402297,0
402298,0
402299,0
402300,0
402301,0
402302,0
402303,0
402304,0
402305,0
402306,8
402307,0
402308,0
402309,0
402310,0
402311,0
402312,0
402313,15
402314,0
402315,16
402316,0
402317,0
402318,0
402319,0
402320,0
402321,0
402322,0
402323,0
402324,0
402325,0
402326,0
402327,0
402328,15
402329,0
402330,0
402331,0
402332,0
402333,0
402334,0
402335,0
402336,0
402337,0
402338,0
402339,0
402340,0
402341,0
402342,0
402343,0
402344,0
402345,0
402346,0
402347,0
402348,0
402349,0
402350,0
402351,0
402352,0
402353,0
402354,0
402355,0
402356,0
402357,0
402358,0
402359,0
402360,0
402361,0
402362,0
402363,0
402364,0
402365,0
402366,0
402367,0
402368,0
402369,0
402370,0
402371,0
402372,0
402373,0
402374,0
402375,0
402376,0
402377,0
402378,0
402379,0
402380,0
402381,0
402382,0
402383,9
402384,0
402385,0
402386,13
402387,0
402388,0
402389,0
402390,0
402391,0
402392,0
402393,0
402394,0
402395,0
402396,0
402397,0
402398,0
402399,0
402400,0
402401,0
402402,0
402403,0
402404,0
402405,0
402406,0
402407,0
402408,0
402409,0
402410,0
402411,0
402412,0
402413,0
402414,0
402415,0
402416,0
402417,0
402418,0
402419,0
402420,0
402421,0
402422,0
402423,0
402424,14
402425,0
402426,0
402427,0
402428,0
402429,0
402430,0
402431,0
402432,0
402433,7
402434,0
402435,0
402436,0
402437,0
402438,0
402439,0
402440,0
402441,0
402442,14
402443,0
402444,0
402445,0
402446,0
402447,0
402448,0
402449,0
402450,0
402451,0
402452,0
402453,0
402454,0
402455,0
402456,0
402457,0
402458,20
402459,0
402460,0
402461,10
402462,0
402463,9
402464,0
402465,0
402466,14
402467,10
402468,0
402469,0
402470,0
402471,11
402472,0
402473,0
402474,0
402475,0
402476,0
402477,13
402478,13
402479,0
402480,0
402481,0
402482,0
402483,0
402484,0
402485,0
402486,0
402487,26
402488,0
402489,22
402490,0
402491,40
402492,0
402493,23
402494,0
402495,0
402496,0
402497,47
402498,0
402499,0
402500,37
402501,0
402502,0
402503,20
402504,26
402505,0
402506,0
402507,34
402508,0
402509,0
402510,28
402511,0
402512,0
402513,0
402514,0
402515,0
402516,0
402517,0
402518,0
402519,0
402520,0
402521,31
402522,39
402523,0
402524,0
402525,0
402526,0
402527,0
402528,0
402529,0
402530,0
402531,0
402532,0
402533,0
402534,0
402535,0
402536,0
402537,0
402538,34
402539,0
402540,0
402541,25
402542,0
402543,0
402544,0
402545,0
402546,0
402547,0
402548,36
402549,0
402550,0
402551,0
402552,23
402553,0
402554,0
402555,0
402556,25
402557,0
402558,0
402559,27
402560,0
402561,0
402562,0
402563,0
402564,0
402565,0
402566,0
402567,0
402568,0
402569,0
402570,0
402571,0
402572,0
402573,0
402574,0
402575,0
402576,38
402577,0
402578,0
402579,0
402580,0
402581,0
402582,0
402583,0
402584,0
402585,0
402586,0
402587,0
402588,0
402589,24
402590,31
402591,0
402592,0
402593,28
402594,0
402595,0
402596,0
402597,18
402598,0
402599,0
402600,0
402601,0
402602,0
402603,0
402604,0
402605,31
402606,0
402607,0
402608,0
402609,0
402610,32
402611,0
402612,0
402613,0
402614,25
402615,43
402616,19
402617,0
402618,0
402619,0
402620,0
402621,0
402622,0
402623,33
402624,0
402625,0
402626,0
402627,28
402628,0
402629,0
402630,0
402631,0
402632,0
402633,0
402634,0
402635,0
402636,31
402637,0
402638,0
402639,0
402640,0
402641,0
402642,17
402643,0
402644,0
402645,27
402646,0
402647,0
402648,0
402649,0
402650,0
402651,0
402652,0
402653,0
402654,0
402655,27
402656,0
402657,0
402658,0
402659,0
402660,26
402661,0
402662,0
402663,28
402664,0
402665,0
402666,0
402667,0
402668,0
402669,0
402670,0
402671,0
402672,0
402673,0
402674,0
402675,0
402676,0
402677,0
402678,20
402679,0
402680,0
402681,0
402682,0
402683,0
402684,0
402685,0
402686,0
402687,0
402688,36
402689,33
402690,0
402691,0
402692,33
402693,26
402694,0
402695,0
402696,0
402697,0
402698,0
402699,0
402700,26
402701,0
402702,0
402703,0
402704,0
402705,34
402706,28
402707,0
402708,0
402709,0
402710,0
402711,0
402712,0
402713,0
402714,0
402715,0
402716,0
402717,0
402718,0
402719,24
402720,0
402721,0
402722,0
402723,0
402724,0
402725,0
402726,0
402727,0
402728,0
402729,23
402730,0
402731,0
402732,0
402733,24
402734,0
402735,0
402736,0
402737,0
402738,0
402739,47
402740,35
402741,0
402742,0
402743,0
402744,0
402745,0
402746,0
402747,0
402748,0
402749,0
402750,0
402751,0
402752,0
402753,17
402754,0
402755,0
402756,0
402757,0
402758,0
402759,0
402760,0
402761,0
402762,0
402763,0
402764,0
402765,38
402766,37
402767,0
402768,0
402769,43
402770,0
402771,0
402772,0
402773,0
402774,29
402775,24
402776,0
402777,0
402778,0
402779,0
402780,0
402781,19
402782,0
402783,24
402784,0
402785,24
402786,0
402787,18
402788,30
402789,38
402790,0
402791,0
402792,0
402793,0
402794,38
402795,0
402796,0
402797,0
402798,0
402799,0
402800,0
402801,0
402802,32
402803,0
402804,34
402805,36
402806,0
402807,0
402808,0
402809,0
402810,0
402811,23
402812,0
402813,32
402814,0
402815,0
402816,0
402817,0
402818,0
402819,30
402820,0
402821,21
402822,0
402823,0
402824,0
402825,0
402826,0
402827,0
402828,0
402829,0
402830,0
402831,0
402832,36
402833,0
402834,0
402835,0
402836,29
402837,0
402838,0
402839,0
402840,30
402841,26
402842,0
402843,0
402844,0
402845,0
402846,28
402847,0
402848,0
402849,0
402850,0
402851,0
402852,0
402853,0
402854,0
402855,0
402856,0
402857,0
402858,0
402859,34
402860,0
402861,0
402862,22
402863,32
402864,0
402865,0
402866,0
402867,0
402868,0
402869,0
402870,25
402871,0
402872,33
402873,0
402874,0
402875,0
402876,15
402877,30
402878,0
402879,27
402880,0
402881,0
402882,0
402883,22
402884,0
402885,0
402886,0
402887,0
402888,0
402889,23
402890,0
402891,0
402892,0
402893,34
402894,0
402895,0
402896,0
402897,0
402898,0
402899,0
402900,23
402901,0
402902,19
402903,0
402904,0
402905,0
402906,0
402907,0
402908,0
402909,0
402910,0
402911,0
402912,15
402913,0
402914,0
402915,0
402916,0
402917,0
402918,0
402919,0
402920,0
402921,0
402922,0
402923,0
402924,0
402925,0
402926,0
402927,0
402928,0
402929,0
402930,0
402931,12
402932,0
402933,0
402934,0
402935,0
402936,0
402937,0
402938,0
402939,0
402940,0
402941,0
402942,0
402943,0
402944,0
402945,0
402946,0
402947,6
402948,0
402949,0
402950,0
402951,0
402952,18
402953,0
402954,0
402955,0
402956,14
402957,0
402958,0
402959,0
402960,0
402961,0
402962,0
402963,0
402964,0
402965,0
402966,0
402967,0
402968,0
402969,7
402970,0
402971,0
402972,0
402973,0
402974,0
402975,11
402976,0
402977,0
402978,12
402979,0
402980,0
402981,0
402982,0
402983,0
402984,0
402985,0
402986,0
402987,0
402988,0
402989,0
402990,0
402991,0
402992,0
402993,20
402994,0
402995,0
402996,0
402997,17
402998,0
402999,0
403000,0
403001,7
403002,0
403003,0
403004,0
403005,0
403006,0
403007,0
403008,0
403009,0
403010,0
403011,0
403012,0
403013,0
403014,0
403015,0
403016,0
403017,0
403018,0
403019,0
403020,0
403021,20
403022,0
403023,0
403024,0
403025,0
403026,0
403027,0
403028,0
403029,0
403030,0
403031,0
403032,0
403033,0
403034,0
403035,0
403036,0
403037,0
403038,0
403039,0
403040,0
403041,0
403042,0
403043,0
403044,0
403045,0
403046,0
403047,0
403048,0
403049,11
403050,0
403051,0
403052,0
403053,0
403054,0
403055,0
403056,0
403057,0
403058,0
403059,0
403060,0
403061,0
403062,9
403063,0
403064,17
403065,0
403066,0
403067,0
403068,22
403069,0
403070,0
403071,0
403072,0
403073,0
403074,0
403075,0
403076,0
403077,0
403078,18
403079,0
403080,0
403081,6
403082,0
403083,0
403084,0
403085,0
403086,0
403087,0
403088,0
403089,0
403090,0
403091,0
403092,0
403093,11
403094,0
403095,0
403096,0
403097,0
403098,0
403099,0
403100,0
403101,0
403102,0
403103,0
403104,0
403105,0
403106,0
403107,0
403108,0
403109,0
403110,0
403111,0
403112,0
403113,0
403114,11
403115,0
403116,0
403117,0
403118,0
403119,0
403120,12
403121,0
403122,0
403123,0
403124,0
403125,0
403126,0
403127,0
403128,0
403129,17
403130,0
403131,0
403132,0
403133,0
403134,0
403135,0
403136,0
403137,11
403138,0
403139,0
403140,0
403141,0
403142,0
403143,0
403144,0
403145,0
403146,0
403147,0
403148,0
403149,0
403150,0
403151,18
403152,0
403153,16
403154,0
403155,0
403156,0
403157,0
403158,0
403159,19
403160,0
403161,0
403162,0
403163,0
403164,0
403165,0
403166,0
403167,0
403168,0
403169,8
403170,0
403171,0
403172,0
403173,0
403174,0
403175,0
403176,0
403177,0
403178,0
403179,0
403180,0
403181,0
403182,0
403183,0
403184,0
403185,0
403186,0
403187,0
403188,0
403189,0
403190,0
403191,0
403192,15
403193,0
403194,0
403195,0
403196,0
403197,0
403198,0
403199,0
403200,0
403201,0
403202,0
403203,0
403204,0
403205,11
403206,0
403207,0
403208,12
403209,0
403210,0
403211,0
403212,0
403213,0
403214,0
403215,0
403216,0
403217,0
403218,0
403219,13
403220,0
403221,9
403222,0
403223,0
403224,9
403225,0
403226,0
403227,0
403228,0
403229,0
403230,0
403231,0
403232,0
403233,0
403234,0
403235,0
403236,0
403237,0
403238,0
403239,0
403240,0
403241,0
403242,0
403243,0
403244,12
403245,0
403246,0
403247,0
403248,0
403249,0
403250,0
403251,0
403252,0
403253,0
403254,0
403255,0
403256,0
403257,0
403258,0
403259,0
403260,0
403261,0
403262,0
403263,0
403264,0
403265,0
403266,0
403267,11
403268,0
403269,0
403270,0
403271,0
403272,0
403273,0
403274,3
403275,0
403276,0
403277,0
403278,0
403279,0
403280,0
403281,0
403282,0
403283,0
403284,0
403285,0
403286,0
403287,0
403288,0
403289,0
403290,0
403291,0
403292,0
403293,0
403294,0
403295,0
403296,0
403297,0
403298,0
403299,0
403300,0
403301,10
403302,0
403303,0
403304,0
403305,0
403306,0
403307,0
403308,0
403309,0
403310,0
403311,0
403312,0
403313,0
403314,0
403315,0
403316,0
403317,0
403318,0
403319,0
403320,0
403321,0
403322,0
403323,0
403324,0
403325,0
403326,0
403327,0
403328,21
403329,11
403330,0
403331,0
403332,0
403333,0
403334,0
403335,0
403336,0
403337,0
403338,0
403339,0
403340,0
403341,0
403342,0
403343,0
403344,0
403345,0
403346,0
403347,0
403348,0
403349,0
403350,0
403351,0
403352,0
403353,0
403354,11
403355,0
403356,0
403357,0
403358,0
403359,0
403360,0
403361,0
403362,0
403363,0
403364,0
403365,0
403366,0
403367,0
403368,0
403369,0
403370,0
403371,0
403372,0
403373,0
403374,0
403375,0
403376,0
403377,0
403378,0
403379,0
403380,0
403381,0
403382,0
403383,12
403384,0
403385,0
403386,0
403387,0
403388,14
403389,0
403390,0
403391,0
403392,0
403393,0
403394,0
403395,0
403396,0
403397,0
403398,0
403399,0
403400,14
403401,0
403402,0
403403,0
403404,0
403405,0
403406,0
403407,0
403408,0
403409,0
403410,0
403411,0
403412,0
403413,9
403414,0
403415,0
403416,0
403417,0
403418,16
403419,11
403420,0
403421,0
403422,0
403423,0
403424,0
403425,0
403426,0
403427,0
403428,0
403429,0
403430,0
403431,0
403432,0
403433,0
403434,0
403435,0
403436,0
403437,0
403438,0
403439,9
403440,0
403441,0
403442,0
403443,0
403444,0
403445,0
403446,0
403447,9
403448,0
403449,0
403450,0
403451,0
403452,0
403453,0
403454,0
403455,0
403456,0
403457,0
403458,0
403459,0
403460,0
403461,0
403462,0
403463,0
403464,11
403465,0
403466,0
403467,0
403468,0
403469,0
403470,0
403471,0
403472,0
403473,20
403474,0
403475,0
403476,0
403477,12
403478,0
403479,0
403480,4
403481,0
403482,0
403483,12
403484,0
403485,0
403486,0
403487,0
403488,0
403489,8
403490,0
403491,0
403492,0
403493,0
403494,0
403495,0
403496,0
403497,0
403498,0
403499,0
403500,0
403501,14
403502,0
403503,0
403504,0
403505,0
403506,0
403507,0
403508,12
403509,0
403510,0
403511,0
403512,0
403513,0
403514,0
403515,0
403516,0
403517,0
403518,0
403519,0
403520,0
403521,0
403522,0
403523,0
403524,0
403525,0
403526,0
403527,0
403528,0
403529,0
403530,0
403531,0
403532,0
403533,0
403534,0
403535,0
403536,0
403537,10
403538,0
403539,0
403540,0
403541,0
403542,0
403543,0
403544,0
403545,0
403546,0
403547,0
403548,0
403549,0
403550,0
403551,0
403552,0
403553,0
403554,0
403555,21
403556,0
403557,0
403558,0
403559,0
403560,0
403561,0
403562,0
403563,21
403564,0
403565,0
403566,0
403567,0
403568,0
403569,0
403570,0
403571,0
403572,0
403573,0
403574,0
403575,19
403576,0
403577,0
403578,0
403579,0
403580,0
403581,0
403582,0
403583,0
403584,35
403585,0
403586,0
403587,0
403588,0
403589,0
403590,0
403591,0
403592,0
403593,0
403594,0
403595,0
403596,0
403597,48
403598,13
403599,47
403600,0
403601,0
403602,0
403603,41
403604,0
403605,16
403606,0
403607,8
403608,39
403609,0
403610,0
403611,0
403612,0
403613,0
403614,0
403615,0
403616,11
403617,0
403618,0
403619,0
403620,0
403621,0
403622,0
403623,42
403624,0
403625,0
403626,0
403627,0
403628,0
403629,0
403630,0
403631,0
403632,0
403633,21
403634,0
403635,0
403636,17
403637,0
403638,0
403639,52
403640,0
403641,0
403642,0
403643,0
403644,0
403645,0
403646,0
403647,61
403648,0
403649,0
403650,0
403651,0
403652,0
403653,0
403654,0
403655,0
403656,0
403657,0
403658,34
403659,0
403660,0
403661,0
403662,50
403663,0
403664,0
403665,0
403666,0
403667,0
403668,0
403669,0
403670,0
403671,0
403672,0
403673,0
403674,0
403675,0
403676,0
403677,0
403678,0
403679,0
403680,26
403681,9
403682,0
403683,0
403684,0
403685,0
403686,10
403687,0
403688,0
403689,0
403690,0
403691,0
403692,0
403693,0
403694,0
403695,0
403696,0
403697,0
403698,0
403699,0
403700,16
403701,0
403702,0
403703,0
403704,0
403705,0
403706,0
403707,0
403708,46
403709,0
403710,0
403711,0
403712,28
403713,0
403714,0
403715,0
403716,0
403717,0
403718,0
403719,0
403720,0
403721,0
403722,0
403723,0
403724,0
403725,47
403726,0
403727,0
403728,0
403729,0
403730,0
403731,0
403732,29
403733,0
403734,0
403735,0
403736,0
403737,0
403738,0
403739,0
403740,0
403741,0
403742,0
403743,43
403744,0
403745,0
403746,0
403747,0
403748,0
403749,0
403750,0
403751,0
403752,11
403753,0
403754,0
403755,0
403756,36
403757,0
403758,51
403759,0
403760,0
403761,27
403762,0
403763,10
403764,0
403765,0
403766,0
403767,0
403768,0
403769,0
403770,0
403771,0
403772,0
403773,0
403774,0
403775,0
403776,0
403777,0
403778,0
403779,0
403780,0
403781,0
403782,0
403783,0
403784,0
403785,0
403786,25
403787,0
403788,0
403789,0
403790,35
403791,0
403792,28
403793,0
403794,0
403795,0
403796,0
403797,45
403798,0
403799,0
403800,0
403801,0
403802,0
403803,17
403804,0
403805,0
403806,0
403807,0
403808,0
403809,0
403810,0
403811,38
403812,0
403813,0
403814,0
403815,0
403816,0
403817,0
403818,0
403819,31
403820,0
403821,26
403822,31
403823,0
403824,0
403825,0
403826,0
403827,0
403828,0
403829,0
403830,0
403831,0
403832,0
403833,0
403834,0
403835,0
403836,0
403837,0
403838,0
403839,0
403840,0
403841,0
403842,0
403843,0
403844,0
403845,0
403846,0
403847,0
403848,0
403849,0
403850,0
403851,0
403852,0
403853,0
403854,0
403855,0
403856,0
403857,0
403858,0
403859,0
403860,0
403861,0
403862,0
403863,36
403864,0
403865,0
403866,0
403867,0
403868,0
403869,0
403870,0
403871,0
403872,18
403873,10
403874,0
403875,0
403876,0
403877,0
403878,0
403879,0
403880,18
403881,12
403882,0
403883,19
403884,0
403885,0
403886,0
403887,14
403888,0
403889,11
403890,0
403891,0
403892,0
403893,0
403894,0
403895,0
403896,0
403897,11
403898,12
403899,0
403900,0
403901,0
403902,0
403903,0
403904,0
403905,0
403906,0
403907,12
403908,17
403909,12
403910,0
403911,17
403912,0
403913,6
403914,13
403915,0
403916,18
403917,0
403918,0
403919,19
403920,0
403921,0
403922,18
403923,17
403924,0
403925,0
403926,0
403927,0
403928,0
403929,0
403930,18
403931,0
403932,0
403933,0
403934,0
403935,0
403936,0
403937,22
403938,0
403939,0
403940,36
403941,0
403942,19
403943,0
403944,0
403945,0
403946,0
403947,0
403948,0
403949,0
403950,0
403951,0
403952,9
403953,0
403954,0
403955,10
403956,0
403957,0
403958,0
403959,13
403960,0
403961,0
403962,0
403963,0
403964,9
403965,0
403966,0
403967,16
403968,0
403969,5
403970,0
403971,10
403972,15
403973,0
403974,0
403975,8
403976,0
403977,16
403978,0
403979,0
403980,0
403981,18
403982,0
403983,0
403984,0
403985,0
403986,0
403987,0
403988,0
403989,0
403990,0
403991,0
403992,0
403993,0
403994,0
403995,0
403996,0
403997,0
403998,19
403999,0
404000,0
404001,9
404002,0
404003,0
404004,0
404005,0
404006,0
404007,17
404008,10
404009,0
404010,0
404011,0
404012,11
404013,0
404014,17
404015,0
404016,13
404017,12
404018,0
404019,0
404020,0
404021,0
404022,0
404023,0
404024,0
404025,0
404026,0
404027,0
404028,0
404029,15
404030,11
404031,0
404032,17
404033,0
404034,0
404035,0
404036,8
404037,0
404038,9
404039,0
404040,17
404041,0
404042,22
404043,29
404044,0
404045,0
404046,0
404047,0
404048,16
404049,0
404050,17
404051,0
404052,0
404053,0
404054,0
404055,13
404056,16
404057,0
404058,0
404059,0
404060,12
404061,0
404062,0
404063,0
404064,0
404065,0
404066,0
404067,5
404068,19
404069,20
404070,10
404071,0
404072,0
404073,16
404074,17
404075,23
404076,0
404077,0
404078,0
404079,0
404080,20
404081,9
404082,0
404083,0
404084,0
404085,0
404086,15
404087,0
404088,0
404089,0
404090,0
404091,4
404092,18
404093,14
404094,0
404095,0
404096,0
404097,25
404098,15
404099,9
404100,0
404101,0
404102,0
404103,0
404104,9
404105,0
404106,15
404107,0
404108,19
404109,0
404110,0
404111,0
404112,0
404113,0
404114,0
404115,0
404116,4
404117,0
404118,0
404119,0
404120,0
404121,0
404122,0
404123,0
404124,0
404125,0
404126,20
404127,8
404128,0
404129,0
404130,0
404131,8
404132,0
404133,11
404134,0
404135,0
404136,0
404137,0
404138,0
404139,0
404140,0
404141,0
404142,0
404143,0
404144,0
404145,0
404146,0
404147,14
404148,0
404149,0
404150,11
404151,0
404152,0
404153,0
404154,0
404155,0
404156,0
404157,0
404158,0
404159,0
404160,0
404161,0
404162,19
404163,0
404164,0
404165,0
404166,0
404167,20
404168,19
404169,0
404170,12
404171,0
404172,0
404173,0
404174,0
404175,0
404176,0
404177,13
404178,18
404179,0
404180,0
404181,13
404182,0
404183,0
404184,0
404185,0
404186,0
404187,0
404188,13
404189,0
404190,0
404191,0
404192,0
404193,0
404194,0
404195,20
404196,0
404197,0
404198,21
404199,0
404200,0
404201,0
404202,0
404203,0
404204,0
404205,0
404206,14
404207,0
404208,0
404209,0
404210,0
404211,0
404212,0
404213,7
404214,0
404215,0
404216,14
404217,0
404218,18
404219,0
404220,0
404221,0
404222,0
404223,0
404224,18
404225,13
404226,0
404227,0
404228,0
404229,11
404230,0
404231,0
404232,0
404233,0
404234,18
404235,0
404236,0
404237,0
404238,0
404239,0
404240,0
404241,0
404242,0
404243,0
404244,17
404245,0
404246,0
404247,0
404248,0
404249,0
404250,0
404251,22
404252,0
404253,17
404254,0
404255,0
404256,11
404257,15
404258,0
404259,0
404260,0
404261,0
404262,0
404263,0
404264,0
404265,0
404266,0
404267,0
404268,17
404269,0
404270,15
404271,0
404272,0
404273,0
404274,0
404275,0
404276,0
404277,0
404278,0
404279,0
404280,0
404281,0
404282,12
404283,0
404284,0
404285,15
404286,0
404287,0
404288,0
404289,12
404290,0
404291,0
404292,0
404293,15
404294,0
404295,0
404296,0
404297,0
404298,0
404299,19
404300,0
404301,0
404302,0
404303,0
404304,0
404305,0
404306,0
404307,8
404308,14
404309,0
404310,0
404311,11
404312,0
404313,8
404314,0
404315,0
404316,0
404317,12
404318,0
404319,0
404320,0
404321,0
404322,0
404323,6
404324,23
404325,7
404326,0
404327,0
404328,0
404329,11
404330,24
404331,0
404332,17
404333,12
404334,0
404335,0
404336,0
404337,0
404338,0
404339,16
404340,0
404341,0
404342,0
404343,0
404344,0
404345,0
404346,9
404347,0
404348,11
404349,0
404350,0
404351,0
404352,19
404353,0
404354,0
404355,0
404356,0
404357,0
404358,25
404359,0
404360,0
404361,0
404362,11
404363,0
404364,0
404365,0
404366,0
404367,0
404368,28
404369,0
404370,0
404371,8
404372,0
404373,0
404374,25
404375,13
404376,12
404377,0
404378,25
404379,0
404380,10
404381,18
404382,0
404383,0
404384,0
404385,0
404386,0
404387,11
404388,0
404389,0
404390,0
404391,0
404392,14
404393,0
404394,0
404395,0
404396,0
404397,14
404398,0
404399,9
404400,0
404401,24
404402,0
404403,0
404404,11
404405,0
404406,0
404407,0
404408,11
404409,7
404410,0
404411,8
404412,0
404413,0
404414,0
404415,0
404416,0
404417,13
404418,0
404419,15
404420,0
404421,8
404422,0
404423,14
404424,0
404425,0
404426,0
404427,14
404428,0
404429,17
404430,0
404431,22
404432,0
404433,18
404434,17
404435,0
404436,15
404437,18
404438,0
404439,12
404440,0
404441,0
404442,20
404443,0
404444,17
404445,0
404446,0
404447,8
404448,14
404449,13
404450,0
404451,17
404452,0
404453,0
404454,19
404455,0
404456,10
404457,0
404458,11
404459,0
404460,0
404461,16
404462,20
404463,12
404464,0
404465,0
404466,0
404467,0
404468,0
404469,25
404470,0
404471,19
404472,19
404473,0
404474,11
404475,16
404476,15
404477,12
404478,13
404479,0
404480,0
404481,0
404482,0
404483,0
404484,0
404485,0
404486,0
404487,0
404488,17
404489,0
404490,0
404491,0
404492,12
404493,0
404494,0
404495,13
404496,0
404497,10
404498,0
404499,19
404500,0
404501,0
404502,12
404503,0
404504,0
404505,0
404506,0
404507,0
404508,15
404509,0
404510,16
404511,0
404512,0
404513,0
404514,0
404515,0
404516,0
404517,0
404518,0
404519,0
404520,10
404521,0
404522,0
404523,0
404524,0
404525,0
404526,17
404527,16
404528,0
404529,0
404530,0
404531,0
404532,0
404533,0
404534,0
404535,0
404536,0
404537,0
404538,26
404539,0
404540,8
404541,15
404542,0
404543,0
404544,0
404545,13
404546,0
404547,0
404548,0
404549,0
404550,0
404551,0
404552,0
404553,0
404554,0
404555,21
404556,0
404557,0
404558,0
404559,12
404560,0
404561,0
404562,16
404563,10
404564,0
404565,0
404566,0
404567,0
404568,0
404569,0
404570,0
404571,15
404572,0
404573,0
404574,0
404575,0
404576,8
404577,0
404578,0
404579,8
404580,0
404581,13
404582,14
404583,0
404584,0
404585,0
404586,13
404587,0
404588,0
404589,0
404590,0
404591,0
404592,0
404593,0
404594,0
404595,0
404596,0
404597,2
404598,0
404599,0
404600,0
404601,0
404602,0
404603,0
404604,0
404605,0
404606,0
404607,0
404608,0
404609,1
404610,0
404611,0
404612,0
404613,0
404614,0
404615,0
404616,0
404617,0
404618,0
404619,0
404620,0
404621,0
404622,0
404623,0
404624,0
404625,0
404626,0
404627,0
404628,0
404629,1
404630,0
404631,0
404632,1
404633,0
404634,0
404635,0
404636,0
404637,0
404638,0
404639,0
404640,0
404641,0
404642,0
404643,0
404644,0
404645,0
404646,0
404647,0
404648,0
404649,0
404650,0
404651,0
404652,0
404653,0
404654,0
404655,0
404656,0
404657,0
404658,0
404659,0
404660,0
404661,0
404662,0
404663,0
404664,0
404665,0
404666,0
404667,0
404668,0
404669,0
404670,0
404671,0
404672,0
404673,0
404674,0
404675,0
404676,0
404677,0
404678,0
404679,0
404680,0
404681,0
404682,0
404683,0
404684,0
404685,0
404686,0
404687,0
404688,0
404689,0
404690,0
404691,0
404692,0
404693,0
404694,0
404695,0
404696,0
404697,0
404698,0
404699,0
404700,0
404701,0
404702,0
404703,0
404704,0
404705,0
404706,0
404707,0
404708,0
404709,0
404710,0
404711,0
404712,0
404713,0
404714,0
404715,1
404716,0
404717,0
404718,0
404719,0
404720,0
404721,0
404722,0
404723,0
404724,0
404725,1
404726,0
404727,0
404728,0
404729,0
404730,0
404731,0
404732,0
404733,0
404734,0
404735,0
404736,0
404737,0
404738,0
404739,0
404740,0
404741,0
404742,0
404743,0
404744,0
404745,0
404746,0
404747,0
404748,0
404749,0
404750,0
404751,0
404752,0
404753,0
404754,0
404755,0
404756,0
404757,0
404758,0
404759,0
404760,0
404761,0
404762,0
404763,0
404764,0
404765,0
404766,0
404767,0
404768,0
404769,0
404770,0
404771,0
404772,0
404773,0
404774,0
404775,0
404776,0
404777,0
404778,0
404779,0
404780,0
404781,0
404782,0
404783,0
404784,0
404785,0
404786,0
404787,0
404788,0
404789,0
404790,0
404791,0
404792,0
404793,0
404794,0
404795,0
404796,0
404797,0
404798,0
404799,0
404800,0
404801,0
404802,0
404803,0
404804,0
404805,0
404806,0
404807,0
404808,0
404809,0
404810,0
404811,0
404812,0
404813,0
404814,0
404815,0
404816,0
404817,0
404818,0
404819,0
404820,0
404821,0
404822,0
404823,0
404824,0
404825,0
404826,0
404827,0
404828,0
404829,0
404830,0
404831,0
404832,0
404833,0
404834,0
404835,0
404836,0
404837,0
404838,0
404839,0
404840,0
404841,0
404842,0
404843,0
404844,0
404845,0
404846,0
404847,0
404848,0
404849,0
404850,0
404851,0
404852,1
404853,0
404854,0
404855,0
404856,0
404857,0
404858,0
404859,0
404860,0
404861,0
404862,0
404863,0
404864,0
404865,0
404866,0
404867,0
404868,0
404869,0
404870,0
404871,0
404872,0
404873,0
404874,0
404875,0
404876,0
404877,0
404878,0
404879,0
404880,0
404881,0
404882,0
404883,0
404884,1
404885,0
404886,0
404887,0
404888,0
404889,0
404890,0
404891,0
404892,0
404893,0
404894,0
404895,0
404896,0
404897,0
404898,0
404899,0
404900,0
404901,0
404902,0
404903,0
404904,0
404905,0
404906,0
404907,0
404908,0
404909,0
404910,0
404911,0
404912,0
404913,0
404914,0
404915,0
404916,0
404917,0
404918,1
404919,0
404920,0
404921,0
404922,0
404923,0
404924,0
404925,0
404926,0
404927,0
404928,0
404929,1
404930,0
404931,0
404932,0
404933,0
404934,0
404935,0
404936,0
404937,0
404938,0
404939,0
404940,0
404941,0
404942,0
404943,0
404944,0
404945,0
404946,0
404947,0
404948,0
404949,0
404950,0
404951,0
404952,0
404953,0
404954,0
404955,0
404956,0
404957,0
404958,0
404959,0
404960,0
404961,0
404962,0
404963,0
404964,0
404965,0
404966,0
404967,0
404968,0
404969,0
404970,0
404971,0
404972,0
404973,0
404974,0
404975,0
404976,0
404977,0
404978,0
404979,0
404980,0
404981,0
404982,0
404983,0
404984,0
404985,0
404986,0
404987,0
404988,0
404989,0
404990,0
404991,0
404992,0
404993,1
404994,0
404995,0
404996,0
404997,0
404998,0
404999,0
405000,0
405001,0
405002,0
405003,0
405004,0
405005,0
405006,0
405007,0
405008,0
405009,0
405010,0
405011,0
405012,0
405013,0
405014,0
405015,0
405016,0
405017,0
405018,0
405019,0
405020,0
405021,0
405022,0
405023,0
405024,0
405025,0
405026,0
405027,0
405028,0
405029,0
405030,0
405031,0
405032,0
405033,0
405034,0
405035,0
405036,0
405037,0
405038,0
405039,0
405040,0
405041,0
405042,0
405043,0
405044,0
405045,0
405046,0
405047,0
405048,0
405049,0
405050,0
405051,0
405052,0
405053,0
405054,0
405055,0
405056,0
405057,0
405058,0
405059,0
405060,0
405061,0
405062,0
405063,0
405064,0
405065,0
405066,0
405067,0
405068,0
405069,0
405070,0
405071,0
405072,0
405073,0
405074,0
405075,0
405076,0
405077,0
405078,0
405079,0
405080,0
405081,0
405082,0
405083,0
405084,0
405085,0
405086,0
405087,0
405088,1
405089,0
405090,0
405091,0
405092,0
405093,0
405094,0
405095,0
405096,0
405097,0
405098,0
405099,0
405100,0
405101,0
405102,0
405103,0
405104,0
405105,0
405106,0
405107,0
405108,0
405109,0
405110,0
405111,0
405112,0
405113,0
405114,0
405115,0
405116,0
405117,0
405118,0
405119,0
405120,0
405121,0
405122,0
405123,0
405124,0
405125,0
405126,0
405127,0
405128,0
405129,0
405130,0
405131,0
405132,0
405133,0
405134,0
405135,0
405136,0
405137,0
405138,0
405139,0
405140,0
405141,0
405142,0
405143,0
405144,0
405145,0
405146,0
405147,0
405148,0
405149,0
405150,0
405151,0
405152,0
405153,0
405154,0
405155,0
405156,0
405157,0
405158,0
405159,0
405160,0
405161,0
405162,0
405163,0
405164,0
405165,0
405166,0
405167,0
405168,0
405169,0
405170,0
405171,0
405172,0
405173,0
405174,0
405175,0
405176,0
405177,0
405178,0
405179,0
405180,0
405181,0
405182,0
405183,0
405184,0
405185,0
405186,0
405187,0
405188,0
405189,0
405190,0
405191,0
405192,0
405193,0
405194,0
405195,0
405196,0
405197,0
405198,0
405199,0
405200,0
405201,0
405202,0
405203,0
405204,0
405205,0
405206,0
405207,0
405208,1
405209,0
405210,0
405211,0
405212,0
405213,0
405214,0
405215,0
405216,0
405217,0
405218,0
405219,0
405220,0
405221,0
405222,0
405223,0
405224,0
405225,0
405226,0
405227,0
405228,0
405229,0
405230,0
405231,0
405232,0
405233,0
405234,0
405235,0
405236,0
405237,0
405238,0
405239,0
405240,0
405241,0
405242,0
405243,0
405244,0
405245,0
405246,0
405247,0
405248,0
405249,0
405250,0
405251,0
405252,0
405253,0
405254,0
405255,0
405256,0
405257,0
405258,0
405259,0
405260,0
405261,0
405262,0
405263,0
405264,0
405265,0
405266,0
405267,0
405268,0
405269,0
405270,0
405271,0
405272,0
405273,0
405274,0
405275,0
405276,0
405277,0
405278,0
405279,0
405280,0
405281,0
405282,0
405283,0
405284,0
405285,0
405286,0
405287,0
405288,0
405289,0
405290,0
405291,0
405292,0
405293,0
405294,0
405295,0
405296,0
405297,0
405298,0
405299,0
405300,0
405301,0
405302,0
405303,0
405304,0
405305,0
405306,0
405307,0
405308,0
405309,0
405310,0
405311,0
405312,0
405313,0
405314,0
405315,0
405316,0
405317,0
405318,0
405319,0
405320,0
405321,0
405322,0
405323,0
405324,0
405325,0
405326,0
405327,0
405328,0
405329,0
405330,0
405331,0
405332,0
405333,0
405334,0
405335,0
405336,0
405337,0
405338,0
405339,0
405340,0
405341,0
405342,0
405343,0
405344,0
405345,1
405346,0
405347,0
405348,0
405349,0
405350,0
405351,0
405352,0
405353,0
405354,0
405355,0
405356,0
405357,1
405358,0
405359,0
405360,0
405361,1
405362,0
405363,0
405364,0
405365,0
405366,0
405367,0
405368,0
405369,0
405370,0
405371,0
405372,0
405373,0
405374,0
405375,0
405376,0
405377,0
405378,0
405379,0
405380,0
405381,0
405382,0
405383,0
405384,0
405385,0
405386,0
405387,0
405388,0
405389,0
405390,0
405391,0
405392,0
405393,0
405394,0
405395,0
405396,0
405397,0
405398,0
405399,0
405400,0
405401,0
405402,0
405403,0
405404,0
405405,0
405406,0
405407,0
405408,0
405409,0
405410,0
405411,0
405412,0
405413,0
405414,0
405415,0
405416,0
405417,0
405418,0
405419,0
405420,0
405421,0
405422,0
405423,0
405424,1
405425,0
405426,0
405427,0
405428,0
405429,0
405430,0
405431,0
405432,0
405433,0
405434,0
405435,0
405436,0
405437,0
405438,0
405439,0
405440,0
405441,0
405442,0
405443,0
405444,0
405445,0
405446,0
405447,0
405448,0
405449,0
405450,0
405451,0
405452,0
405453,0
405454,0
405455,0
405456,0
405457,0
405458,0
405459,0
405460,0
405461,0
405462,0
405463,0
405464,0
405465,1
405466,0
405467,0
405468,0
405469,0
405470,0
405471,0
405472,0
405473,0
405474,0
405475,0
405476,0
405477,0
405478,0
405479,0
405480,0
405481,0
405482,0
405483,0
405484,0
405485,0
405486,0
405487,0
405488,0
405489,0
405490,0
405491,0
405492,0
405493,0
405494,0
405495,0
405496,0
405497,0
405498,0
405499,0
405500,0
405501,0
405502,0
405503,0
405504,0
405505,0
405506,0
405507,0
405508,0
405509,0
405510,0
405511,0
405512,0
405513,0
405514,0
405515,0
405516,0
405517,0
405518,0
405519,0
405520,0
405521,0
405522,0
405523,0
405524,0
405525,0
405526,0
405527,0
405528,0
405529,0
405530,0
405531,0
405532,0
405533,0
405534,0
405535,0
405536,0
405537,0
405538,0
405539,0
405540,0
405541,0
405542,0
405543,0
405544,0
405545,0
405546,0
405547,0
405548,0
405549,0
405550,0
405551,0
405552,0
405553,0
405554,0
405555,0
405556,0
405557,0
405558,0
405559,0
405560,0
405561,0
405562,0
405563,0
405564,0
405565,0
405566,0
405567,0
405568,0
405569,0
405570,0
405571,0
405572,0
405573,0
405574,0
405575,0
405576,0
405577,0
405578,0
405579,0
405580,0
405581,0
405582,0
405583,0
405584,0
405585,0
405586,0
405587,0
405588,0
405589,0
405590,0
405591,0
405592,0
405593,0
405594,0
405595,0
405596,0
405597,0
405598,0
405599,0
405600,0
405601,0
405602,0
405603,0
405604,0
405605,0
405606,0
405607,0
405608,0
405609,0
405610,0
405611,0
405612,0
405613,0
405614,0
405615,0
405616,0
405617,0
405618,0
405619,0
405620,0
405621,0
405622,0
405623,0
405624,0
405625,0
405626,0
405627,0
405628,0
405629,0
405630,0
405631,0
405632,0
405633,0
405634,0
405635,0
405636,0
405637,0
405638,0
405639,0
405640,0
405641,0
405642,0
405643,0
405644,0
405645,0
405646,0
405647,0
405648,0
405649,0
405650,0
405651,0
405652,0
405653,0
405654,0
405655,0
405656,0
405657,0
405658,0
405659,0
405660,0
405661,0
405662,0
405663,0
405664,0
405665,0
405666,1
405667,0
405668,0
405669,0
405670,0
405671,0
405672,0
405673,0
405674,0
405675,0
405676,0
405677,0
405678,0
405679,0
405680,0
405681,0
405682,0
405683,0
405684,0
405685,0
405686,0
405687,0
405688,0
405689,0
405690,0
405691,0
405692,0
405693,0
405694,0
405695,0
405696,0
405697,0
405698,0
405699,0
405700,0
405701,0
405702,0
405703,0
405704,0
405705,0
405706,0
405707,0
405708,0
405709,0
405710,0
405711,0
405712,0
405713,0
405714,0
405715,0
405716,0
405717,0
405718,0
405719,0
405720,0
405721,0
405722,0
405723,0
405724,0
405725,0
405726,0
405727,0
405728,0
405729,0
405730,0
405731,0
405732,0
405733,0
405734,0
405735,0
405736,0
405737,0
405738,0
405739,0
405740,0
405741,0
405742,0
405743,0
405744,0
405745,1
405746,0
405747,0
405748,0
405749,0
405750,0
405751,0
405752,0
405753,0
405754,0
405755,26
405756,24
405757,0
405758,0
405759,0
405760,0
405761,0
405762,0
405763,0
405764,0
405765,0
405766,0
405767,0
405768,0
405769,0
405770,0
405771,0
405772,0
405773,36
405774,44
405775,0
405776,0
405777,0
405778,0
405779,0
405780,0
405781,0
405782,0
405783,0
405784,0
405785,0
405786,0
405787,0
405788,22
405789,33
405790,0
405791,0
405792,32
405793,0
405794,0
405795,0
405796,0
405797,0
405798,0
405799,0
405800,59
405801,0
405802,0
405803,0
405804,0
405805,0
405806,0
405807,0
405808,0
405809,42
405810,0
405811,0
405812,0
405813,0
405814,0
405815,0
405816,0
405817,0
405818,0
405819,0
405820,0
405821,0
405822,0
405823,0
405824,0
405825,0
405826,0
405827,0
405828,0
405829,0
405830,0
405831,0
405832,0
405833,0
405834,0
405835,0
405836,0
405837,29
405838,0
405839,0
405840,0
405841,0
405842,0
405843,0
405844,0
405845,0
405846,0
405847,27
405848,0
405849,0
405850,0
405851,0
405852,0
405853,0
405854,41
405855,0
405856,0
405857,0
405858,0
405859,0
405860,0
405861,0
405862,0
405863,0
405864,0
405865,0
405866,0
405867,0
405868,0
405869,0
405870,0
405871,0
405872,0
405873,0
405874,0
405875,0
405876,0
405877,0
405878,54
405879,39
405880,0
405881,0
405882,0
405883,29
405884,0
405885,0
405886,0
405887,0
405888,0
405889,12
405890,0
405891,40
405892,0
405893,0
405894,0
405895,0
405896,0
405897,0
405898,0
405899,0
405900,0
405901,44
405902,0
405903,0
405904,36
405905,0
405906,0
405907,0
405908,0
405909,0
405910,0
405911,0
405912,0
405913,0
405914,0
405915,0
405916,0
405917,0
405918,0
405919,21
405920,36
405921,0
405922,0
405923,0
405924,0
405925,0
405926,0
405927,0
405928,45
405929,0
405930,31
405931,0
405932,0
405933,0
405934,0
405935,34
405936,0
405937,0
405938,0
405939,0
405940,0
405941,28
405942,0
405943,0
405944,0
405945,0
405946,0
405947,0
405948,0
405949,0
405950,0
405951,0
405952,0
405953,0
405954,27
405955,0
405956,0
405957,0
405958,0
405959,0
405960,0
405961,0
405962,0
405963,54
405964,0
405965,53
405966,0
405967,0
405968,0
405969,0
405970,0
405971,0
405972,0
405973,26
405974,0
405975,0
405976,0
405977,0
405978,0
405979,0
405980,0
405981,29
405982,57
405983,0
405984,0
405985,0
405986,0
405987,0
405988,0
405989,0
405990,0
405991,43
405992,0
405993,28
405994,0
405995,0
405996,0
405997,0
405998,0
405999,0
406000,0
406001,0
406002,0
406003,0
406004,0
406005,59
406006,0
406007,0
406008,0
406009,0
406010,0
406011,0
406012,0
406013,0
406014,0
406015,0
406016,0
406017,0
406018,0
406019,0
406020,0
406021,0
406022,55
406023,0
406024,0
406025,0
406026,0
406027,0
406028,0
406029,48
406030,0
406031,0
406032,0
406033,0
406034,0
406035,0
406036,0
406037,0
406038,36
406039,0
406040,0
406041,0
406042,0
406043,0
406044,0
406045,0
406046,0
406047,0
406048,0
406049,27
406050,0
406051,30
406052,0
406053,0
406054,34
406055,0
406056,0
406057,0
406058,0
406059,0
406060,34
406061,0
406062,0
406063,0
406064,0
406065,0
406066,31
406067,0
406068,0
406069,0
406070,0
406071,32
406072,0
406073,0
406074,0
406075,0
406076,0
406077,0
406078,0
406079,0
406080,0
406081,29
406082,0
406083,0
406084,78
406085,0
406086,0
406087,0
406088,0
406089,0
406090,0
406091,0
406092,0
406093,0
406094,0
406095,0
406096,0
406097,0
406098,28
406099,0
406100,0
406101,0
406102,0
406103,41
406104,26
406105,0
406106,0
406107,33
406108,0
406109,38
406110,0
406111,0
406112,0
406113,45
406114,48
406115,0
406116,0
406117,23
406118,0
406119,0
406120,0
406121,0
406122,0
406123,0
406124,0
406125,0
406126,0
406127,0
406128,36
406129,0
406130,0
406131,31
406132,0
406133,0
406134,0
406135,0
406136,0
406137,0
406138,19
406139,0
406140,0
406141,57
406142,0
406143,54
406144,0
406145,0
406146,0
406147,0
406148,0
406149,0
406150,0
406151,0
406152,62
406153,0
406154,0
406155,0
406156,0
406157,0
406158,0
406159,0
406160,0
406161,0
406162,0
406163,0
406164,34
406165,0
406166,0
406167,0
406168,0
406169,0
406170,0
406171,0
406172,0
406173,44
406174,53
406175,0
406176,0
406177,0
406178,0
406179,53
406180,0
406181,0
406182,0
406183,0
406184,0
406185,0
406186,0
406187,0
406188,0
406189,0
406190,0
406191,0
406192,0
406193,0
406194,0
406195,0
406196,0
406197,0
406198,0
406199,0
406200,0
406201,0
406202,0
406203,0
406204,0
406205,20
406206,25
406207,0
406208,0
406209,0
406210,39
406211,0
406212,0
406213,0
406214,0
406215,0
406216,41
406217,0
406218,0
406219,0
406220,0
406221,0
406222,0
406223,53
406224,0
406225,0
406226,0
406227,43
406228,39
406229,0
406230,53
406231,0
406232,0
406233,0
406234,0
406235,37
406236,38
406237,0
406238,0
406239,0
406240,47
406241,0
406242,0
406243,0
406244,0
406245,0
406246,0
406247,0
406248,0
406249,0
406250,0
406251,0
406252,0
406253,0
406254,0
406255,42
406256,0
406257,20
406258,0
406259,0
406260,0
406261,0
406262,0
406263,60
406264,0
406265,0
406266,0
406267,29
406268,0
406269,0
406270,0
406271,15
406272,0
406273,41
406274,0
406275,0
406276,0
406277,0
406278,31
406279,0
406280,55
406281,41
406282,55
406283,0
406284,0
406285,0
406286,0
406287,0
406288,0
406289,0
406290,0
406291,0
406292,0
406293,33
406294,35
406295,22
406296,0
406297,0
406298,42
406299,0
406300,0
406301,0
406302,0
406303,0
406304,35
406305,38
406306,31
406307,0
406308,0
406309,0
406310,0
406311,67
406312,0
406313,0
406314,0
406315,0
406316,0
406317,0
406318,0
406319,0
406320,0
406321,33
406322,0
406323,0
406324,0
406325,0
406326,0
406327,0
406328,0
406329,0
406330,0
406331,0
406332,0
406333,0
406334,0
406335,0
406336,0
406337,0
406338,0
406339,0
406340,0
406341,0
406342,0
406343,0
406344,42
406345,0
406346,0
406347,0
406348,34
406349,0
406350,0
406351,0
406352,0
406353,40
406354,0
406355,0
406356,0
406357,26
406358,0
406359,0
406360,0
406361,0
406362,33
406363,0
406364,0
406365,32
406366,0
406367,0
406368,29
406369,19
406370,46
406371,37
406372,0
406373,24
406374,0
406375,0
406376,0
406377,0
406378,0
406379,0
406380,0
406381,0
406382,0
406383,0
406384,0
406385,0
406386,55
406387,0
406388,0
406389,0
406390,0
406391,0
406392,0
406393,0
406394,0
406395,0
406396,0
406397,29
406398,0
406399,0
406400,0
406401,30
406402,45
406403,0
406404,0
406405,0
406406,0
406407,0
406408,0
406409,0
406410,0
406411,0
406412,0
406413,0
406414,41
406415,0
406416,0
406417,0
406418,0
406419,0
406420,0
406421,0
406422,0
406423,36
406424,42
406425,0
406426,35
406427,0
406428,0
406429,0
406430,0
406431,0
406432,0
406433,0
406434,0
406435,0
406436,0
406437,31
406438,0
406439,7
406440,0
406441,0
406442,0
406443,0
406444,0
406445,0
406446,0
406447,0
406448,0
406449,0
406450,0
406451,12
406452,0
406453,0
406454,0
406455,0
406456,0
406457,0
406458,0
406459,0
406460,0
406461,0
406462,0
406463,0
406464,0
406465,0
406466,0
406467,9
406468,0
406469,0
406470,0
406471,0
406472,0
406473,0
406474,0
406475,0
406476,0
406477,0
406478,0
406479,0
406480,0
406481,0
406482,0
406483,0
406484,14
406485,23
406486,0
406487,0
406488,0
406489,0
406490,0
406491,0
406492,0
406493,0
406494,0
406495,0
406496,0
406497,0
406498,0
406499,0
406500,23
406501,0
406502,0
406503,0
406504,0
406505,0
406506,0
406507,0
406508,0
406509,0
406510,0
406511,13
406512,0
406513,0
406514,17
406515,0
406516,0
406517,0
406518,0
406519,0
406520,0
406521,0
406522,0
406523,0
406524,0
406525,0
406526,0
406527,0
406528,0
406529,0
406530,0
406531,0
406532,15
406533,24
406534,0
406535,0
406536,0
406537,0
406538,0
406539,0
406540,0
406541,0
406542,19
406543,0
406544,18
406545,0
406546,0
406547,0
406548,0
406549,0
406550,0
406551,19
406552,0
406553,0
406554,0
406555,0
406556,0
406557,18
406558,14
406559,12
406560,0
406561,0
406562,0
406563,0
406564,0
406565,0
406566,0
406567,20
406568,0
406569,0
406570,0
406571,14
406572,0
406573,0
406574,18
406575,15
406576,0
406577,0
406578,0
406579,0
406580,0
406581,0
406582,0
406583,0
406584,0
406585,0
406586,0
406587,0
406588,0
406589,0
406590,0
406591,0
406592,0
406593,0
406594,0
406595,0
406596,0
406597,0
406598,0
406599,0
406600,0
406601,0
406602,0
406603,0
406604,0
406605,13
406606,0
406607,0
406608,0
406609,0
406610,11
406611,0
406612,0
406613,10
406614,0
406615,27
406616,0
406617,19
406618,0
406619,0
406620,0
406621,0
406622,17
406623,0
406624,0
406625,0
406626,0
406627,0
406628,0
406629,0
406630,0
406631,0
406632,0
406633,22
406634,11
406635,33
406636,0
406637,0
406638,14
406639,0
406640,0
406641,0
406642,0
406643,0
406644,0
406645,0
406646,0
406647,0
406648,44
406649,0
406650,0
406651,0
406652,0
406653,0
406654,0
406655,15
406656,0
406657,0
406658,0
406659,0
406660,0
406661,0
406662,21
406663,0
406664,50
406665,0
406666,0
406667,0
406668,0
406669,0
406670,0
406671,11
406672,0
406673,0
406674,0
406675,9
406676,0
406677,13
406678,0
406679,0
406680,0
406681,0
406682,0
406683,31
406684,21
406685,0
406686,0
406687,0
406688,0
406689,0
406690,0
406691,0
406692,0
406693,0
406694,0
406695,17
406696,0
406697,0
406698,0
406699,0
406700,0
406701,0
406702,13
406703,0
406704,0
406705,0
406706,23
406707,0
406708,0
406709,0
406710,0
406711,18
406712,0
406713,0
406714,0
406715,0
406716,0
406717,0
406718,14
406719,0
406720,0
406721,0
406722,15
406723,17
406724,0
406725,0
406726,0
406727,0
406728,14
406729,0
406730,0
406731,7
406732,0
406733,0
406734,0
406735,0
406736,0
406737,0
406738,0
406739,0
406740,17
406741,0
406742,0
406743,0
406744,0
406745,0
406746,0
406747,0
406748,0
406749,29
406750,0
406751,0
406752,13
406753,0
406754,0
406755,0
406756,0
406757,0
406758,0
406759,0
406760,0
406761,0
406762,0
406763,0
406764,0
406765,0
406766,0
406767,17
406768,0
406769,0
406770,0
406771,0
406772,17
406773,0
406774,0
406775,0
406776,0
406777,0
406778,0
406779,0
406780,0
406781,0
406782,0
406783,0
406784,0
406785,0
406786,19
406787,0
406788,0
406789,0
406790,0
406791,0
406792,19
406793,0
406794,0
406795,12
406796,0
406797,0
406798,12
406799,0
406800,0
406801,0
406802,0
406803,0
406804,0
406805,0
406806,0
406807,0
406808,0
406809,21
406810,0
406811,0
406812,12
406813,0
406814,0
406815,0
406816,0
406817,0
406818,16
406819,0
406820,0
406821,0
406822,0
406823,0
406824,0
406825,0
406826,0
406827,0
406828,0
406829,0
406830,0
406831,0
406832,0
406833,0
406834,0
406835,0
406836,0
406837,0
406838,0
406839,0
406840,0
406841,0
406842,15
406843,0
406844,0
406845,0
406846,0
406847,0
406848,0
406849,0
406850,0
406851,0
406852,19
406853,0
406854,46
406855,0
406856,14
406857,0
406858,0
406859,0
406860,0
406861,8
406862,0
406863,0
406864,20
406865,0
406866,0
406867,0
406868,0
406869,0
406870,10
406871,0
406872,0
406873,0
406874,0
406875,0
406876,0
406877,0
406878,0
406879,0
406880,31
406881,0
406882,0
406883,0
406884,0
406885,0
406886,0
406887,0
406888,6
406889,0
406890,22
406891,20
406892,0
406893,0
406894,0
406895,0
406896,0
406897,0
406898,0
406899,15
406900,0
406901,0
406902,0
406903,0
406904,0
406905,0
406906,10
406907,0
406908,0
406909,14
406910,0
406911,0
406912,0
406913,23
406914,0
406915,0
406916,0
406917,0
406918,0
406919,0
406920,0
406921,0
406922,6
406923,14
406924,0
406925,0
406926,0
406927,0
406928,0
406929,0
406930,28
406931,0
406932,0
406933,0
406934,0
406935,30
406936,0
406937,0
406938,13
406939,20
406940,32
406941,0
406942,0
406943,0
406944,26
406945,0
406946,0
406947,0
406948,0
406949,0
406950,0
406951,0
406952,0
406953,0
406954,0
406955,0
406956,20
406957,0
406958,0
406959,7
406960,0
406961,9
406962,9
406963,14
406964,0
406965,0
406966,0
406967,0
406968,0
406969,0
406970,0
406971,0
406972,0
406973,0
406974,0
406975,0
406976,0
406977,0
406978,0
406979,0
406980,0
406981,20
406982,0
406983,0
406984,0
406985,0
406986,0
406987,0
406988,0
406989,0
406990,0
406991,0
406992,0
406993,0
406994,0
406995,0
406996,0
406997,0
406998,0
406999,0
407000,0
407001,5
407002,0
407003,34
407004,0
407005,0
407006,0
407007,0
407008,15
407009,0
407010,0
407011,0
407012,0
407013,0
407014,0
407015,0
407016,0
407017,0
407018,0
407019,0
407020,0
407021,0
407022,13
407023,9
407024,0
407025,0
407026,0
407027,23
407028,6
407029,0
407030,0
407031,0
407032,0
407033,0
407034,0
407035,0
407036,12
407037,0
407038,12
407039,0
407040,0
407041,0
407042,0
407043,0
407044,0
407045,0
407046,0
407047,0
407048,0
407049,0
407050,21
407051,0
407052,0
407053,13
407054,0
407055,0
407056,0
407057,0
407058,8
407059,35
407060,0
407061,0
407062,0
407063,0
407064,0
407065,0
407066,0
407067,0
407068,0
407069,0
407070,0
407071,0
407072,0
407073,0
407074,0
407075,0
407076,0
407077,0
407078,0
407079,0
407080,22
407081,0
407082,25
407083,0
407084,26
407085,0
407086,0
407087,0
407088,0
407089,0
407090,0
407091,0
407092,0
407093,0
407094,0
407095,0
407096,0
407097,0
407098,0
407099,0
407100,0
407101,0
407102,0
407103,0
407104,0
407105,0
407106,0
407107,0
407108,0
407109,0
407110,0
407111,0
407112,0
407113,0
407114,0
407115,0
407116,0
407117,0
407118,0
407119,26
407120,9
407121,0
407122,20
407123,0
407124,0
407125,0
407126,8
407127,0
407128,0
407129,0
407130,0
407131,2
407132,0
407133,0
407134,0
407135,0
407136,0
407137,0
407138,0
407139,5
407140,0
407141,9
407142,0
407143,14
407144,2
407145,0
407146,0
407147,2
407148,0
407149,0
407150,0
407151,0
407152,0
407153,0
407154,0
407155,7
407156,0
407157,0
407158,0
407159,0
407160,0
407161,0
407162,4
407163,0
407164,0
407165,4
407166,0
407167,0
407168,0
407169,0
407170,0
407171,0
407172,0
407173,5
407174,0
407175,0
407176,0
407177,8
407178,0
407179,5
407180,2
407181,0
407182,0
407183,0
407184,0
407185,0
407186,7
407187,0
407188,0
407189,0
407190,0
407191,0
407192,0
407193,0
407194,9
407195,0
407196,0
407197,0
407198,6
407199,0
407200,0
407201,0
407202,0
407203,0
407204,0
407205,0
407206,12
407207,0
407208,0
407209,0
407210,0
407211,0
407212,0
407213,0
407214,0
407215,0
407216,0
407217,0
407218,0
407219,0
407220,0
407221,0
407222,0
407223,0
407224,2
407225,0
407226,0
407227,0
407228,0
407229,0
407230,0
407231,0
407232,0
407233,0
407234,0
407235,6
407236,0
407237,0
407238,0
407239,4
407240,0
407241,0
407242,0
407243,6
407244,0
407245,2
407246,0
407247,0
407248,0
407249,0
407250,5
407251,0
407252,0
407253,6
407254,0
407255,0
407256,8
407257,0
407258,0
407259,0
407260,0
407261,0
407262,0
407263,0
407264,7
407265,0
407266,0
407267,0
407268,0
407269,0
407270,0
407271,7
407272,0
407273,0
407274,0
407275,0
407276,0
407277,0
407278,0
407279,0
407280,0
407281,0
407282,4
407283,0
407284,0
407285,0
407286,0
407287,2
407288,0
407289,0
407290,4
407291,0
407292,0
407293,0
407294,0
407295,0
407296,0
407297,0
407298,0
407299,0
407300,5
407301,4
407302,0
407303,3
407304,8
407305,11
407306,0
407307,0
407308,0
407309,0
407310,0
407311,0
407312,0
407313,0
407314,0
407315,0
407316,0
407317,0
407318,0
407319,5
407320,0
407321,0
407322,0
407323,0
407324,0
407325,0
407326,0
407327,5
407328,0
407329,3
407330,0
407331,0
407332,0
407333,6
407334,0
407335,0
407336,8
407337,0
407338,0
407339,9
407340,0
407341,0
407342,8
407343,9
407344,3
407345,0
407346,0
407347,8
407348,0
407349,4
407350,3
407351,0
407352,0
407353,0
407354,4
407355,0
407356,0
407357,0
407358,0
407359,0
407360,1
407361,0
407362,0
407363,0
407364,0
407365,7
407366,0
407367,0
407368,0
407369,7
407370,0
407371,0
407372,0
407373,0
407374,0
407375,0
407376,8
407377,0
407378,0
407379,0
407380,0
407381,0
407382,4
407383,0
407384,0
407385,0
407386,3
407387,0
407388,0
407389,0
407390,0
407391,0
407392,0
407393,0
407394,0
407395,7
407396,8
407397,0
407398,4
407399,0
407400,0
407401,0
407402,0
407403,0
407404,0
407405,0
407406,8
407407,0
407408,0
407409,0
407410,0
407411,0
407412,0
407413,0
407414,0
407415,0
407416,0
407417,0
407418,0
407419,0
407420,0
407421,0
407422,8
407423,0
407424,0
407425,0
407426,0
407427,0
407428,8
407429,7
407430,0
407431,0
407432,5
407433,0
407434,2
407435,5
407436,0
407437,0
407438,0
407439,0
407440,0
407441,0
407442,0
407443,4
407444,0
407445,0
407446,0
407447,3
407448,0
407449,0
407450,7
407451,0
407452,0
407453,0
407454,7
407455,0
407456,0
407457,11
407458,0
407459,0
407460,0
407461,0
407462,6
407463,6
407464,0
407465,0
407466,1
407467,0
407468,0
407469,0
407470,0
407471,0
407472,0
407473,0
407474,0
407475,0
407476,0
407477,0
407478,0
407479,0
407480,0
407481,0
407482,0
407483,6
407484,0
407485,0
407486,0
407487,0
407488,3
407489,0
407490,0
407491,10
407492,7
407493,0
407494,0
407495,0
407496,0
407497,0
407498,0
407499,0
407500,0
407501,0
407502,0
407503,0
407504,0
407505,0
407506,0
407507,0
407508,4
407509,4
407510,0
407511,5
407512,0
407513,0
407514,0
407515,0
407516,6
407517,5
407518,0
407519,0
407520,0
407521,4
407522,0
407523,0
407524,9
407525,0
407526,0
407527,0
407528,3
407529,5
407530,0
407531,0
407532,0
407533,0
407534,0
407535,0
407536,0
407537,0
407538,0
407539,0
407540,0
407541,0
407542,0
407543,6
407544,6
407545,0
407546,0
407547,0
407548,0
407549,0
407550,0
407551,0
407552,12
407553,0
407554,0
407555,0
407556,0
407557,0
407558,0
407559,0
407560,0
407561,0
407562,0
407563,3
407564,0
407565,0
407566,0
407567,0
407568,1
407569,0
407570,0
407571,7
407572,0
407573,0
407574,0
407575,0
407576,0
407577,0
407578,3
407579,0
407580,0
407581,9
407582,0
407583,0
407584,0
407585,0
407586,0
407587,0
407588,0
407589,0
407590,0
407591,2
407592,0
407593,0
407594,0
407595,0
407596,0
407597,14
407598,0
407599,0
407600,0
407601,0
407602,0
407603,0
407604,0
407605,0
407606,0
407607,0
407608,0
407609,5
407610,0
407611,2
407612,0
407613,0
407614,0
407615,0
407616,0
407617,0
407618,0
407619,0
407620,0
407621,7
407622,0
407623,0
407624,0
407625,0
407626,0
407627,0
407628,5
407629,0
407630,4
407631,0
407632,0
407633,0
407634,0
407635,0
407636,3
407637,0
407638,6
407639,0
407640,1
407641,0
407642,0
407643,0
407644,0
407645,5
407646,0
407647,10
407648,0
407649,0
407650,0
407651,0
407652,0
407653,0
407654,0
407655,0
407656,0
407657,0
407658,0
407659,0
407660,0
407661,0
407662,0
407663,0
407664,0
407665,0
407666,4
407667,0
407668,0
407669,0
407670,0
407671,0
407672,0
407673,0
407674,0
407675,0
407676,0
407677,0
407678,0
407679,1
407680,0
407681,0
407682,0
407683,35
407684,22
407685,0
407686,24
407687,0
407688,26
407689,0
407690,14
407691,15
407692,0
407693,0
407694,0
407695,0
407696,0
407697,0
407698,0
407699,30
407700,0
407701,35
407702,23
407703,0
407704,0
407705,0
407706,0
407707,0
407708,0
407709,16
407710,0
407711,0
407712,0
407713,38
407714,0
407715,0
407716,0
407717,0
407718,0
407719,0
407720,0
407721,0
407722,0
407723,16
407724,0
407725,0
407726,31
407727,0
407728,0
407729,26
407730,0
407731,20
407732,24
407733,33
407734,35
407735,0
407736,0
407737,0
407738,0
407739,0
407740,0
407741,0
407742,0
407743,19
407744,0
407745,41
407746,32
407747,0
407748,0
407749,0
407750,0
407751,0
407752,0
407753,0
407754,0
407755,41
407756,19
407757,22
407758,38
407759,29
407760,0
407761,0
407762,0
407763,0
407764,33
407765,0
407766,0
407767,14
407768,30
407769,0
407770,0
407771,23
407772,0
407773,22
407774,0
407775,26
407776,0
407777,0
407778,27
407779,30
407780,0
407781,19
407782,0
407783,0
407784,0
407785,19
407786,0
407787,23
407788,0
407789,20
407790,27
407791,0
407792,0
407793,25
407794,0
407795,33
407796,0
407797,21
407798,29
407799,0
407800,17
407801,0
407802,0
407803,0
407804,0
407805,18
407806,4
407807,0
407808,0
407809,0
407810,0
407811,0
407812,0
407813,0
407814,23
407815,0
407816,0
407817,0
407818,0
407819,0
407820,0
407821,0
407822,0
407823,0
407824,0
407825,0
407826,45
407827,18
407828,0
407829,0
407830,0
407831,0
407832,0
407833,0
407834,0
407835,0
407836,0
407837,0
407838,0
407839,23
407840,0
407841,0
407842,0
407843,32
407844,0
407845,0
407846,0
407847,0
407848,26
407849,0
407850,0
407851,34
407852,0
407853,18
407854,0
407855,0
407856,0
407857,14
407858,22
407859,0
407860,0
407861,28
407862,19
407863,0
407864,0
407865,0
407866,0
407867,23
407868,43
407869,29
407870,0
407871,26
407872,0
407873,23
407874,26
407875,0
407876,0
407877,0
407878,0
407879,22
407880,0
407881,0
407882,0
407883,0
407884,0
407885,0
407886,0
407887,0
407888,0
407889,0
407890,0
407891,0
407892,19
407893,0
407894,0
407895,0
407896,0
407897,0
407898,0
407899,0
407900,0
407901,0
407902,0
407903,0
407904,0
407905,0
407906,21
407907,0
407908,0
407909,24
407910,0
407911,0
407912,20
407913,0
407914,23
407915,0
407916,31
407917,0
407918,0
407919,0
407920,22
407921,37
407922,0
407923,0
407924,32
407925,0
407926,19
407927,0
407928,0
407929,0
407930,0
407931,0
407932,34
407933,0
407934,0
407935,0
407936,28
407937,27
407938,23
407939,0
407940,0
407941,0
407942,0
407943,0
407944,33
407945,0
407946,0
407947,0
407948,0
407949,0
407950,0
407951,0
407952,0
407953,0
407954,15
407955,0
407956,0
407957,0
407958,0
407959,0
407960,0
407961,0
407962,24
407963,0
407964,28
407965,29
407966,0
407967,0
407968,0
407969,0
407970,0
407971,0
407972,0
407973,0
407974,0
407975,21
407976,0
407977,0
407978,0
407979,0
407980,0
407981,0
407982,0
407983,18
407984,0
407985,0
407986,31
407987,0
407988,0
407989,0
407990,17
407991,0
407992,0
407993,0
407994,19
407995,0
407996,0
407997,0
407998,22
407999,0
408000,26
408001,21
408002,0
408003,0
408004,27
408005,0
408006,0
408007,0
408008,0
408009,0
408010,0
408011,30
408012,0
408013,0
408014,52
408015,24
408016,35
408017,0
408018,0
408019,0
408020,0
408021,18
408022,15
408023,11
408024,0
408025,21
408026,0
408027,0
408028,0
408029,0
408030,0
408031,0
408032,0
408033,0
408034,0
408035,32
408036,0
408037,0
408038,0
408039,0
408040,0
408041,29
408042,0
408043,35
408044,0
408045,0
408046,0
408047,0
408048,0
408049,19
408050,0
408051,0
408052,13
408053,14
408054,0
408055,17
408056,0
408057,0
408058,0
408059,0
408060,41
408061,34
408062,0
408063,0
408064,0
408065,0
408066,16
408067,0
408068,0
408069,30
408070,16
408071,0
408072,0
408073,0
408074,0
408075,22
408076,0
408077,34
408078,28
408079,21
408080,18
408081,0
408082,0
408083,0
408084,0
408085,0
408086,17
408087,0
408088,0
408089,0
408090,40
408091,43
408092,0
408093,0
408094,0
408095,0
408096,28
408097,31
408098,0
408099,0
408100,0
408101,0
408102,26
408103,0
408104,0
408105,0
408106,0
408107,0
408108,25
408109,0
408110,0
408111,0
408112,0
408113,0
408114,26
408115,0
408116,0
408117,0
408118,30
408119,0
408120,0
408121,0
408122,0
408123,0
408124,0
408125,0
408126,0
408127,15
408128,18
408129,27
408130,0
408131,0
408132,22
408133,0
408134,0
408135,17
408136,17
408137,0
408138,0
408139,0
408140,0
408141,0
408142,25
408143,0
408144,0
408145,21
408146,22
408147,0
408148,17
408149,0
408150,22
408151,0
408152,14
408153,0
408154,22
408155,0
408156,0
408157,29
408158,0
408159,0
408160,22
408161,27
408162,0
408163,0
408164,26
408165,30
408166,0
408167,34
408168,0
408169,0
408170,13
408171,0
408172,0
408173,0
408174,35
408175,32
408176,0
408177,39
408178,24
408179,0
408180,0
408181,0
408182,34
408183,0
408184,0
408185,0
408186,24
408187,0
408188,19
408189,0
408190,0
408191,0
408192,28
408193,0
408194,20
408195,33
408196,0
408197,0
408198,27
408199,0
408200,14
408201,21
408202,0
408203,26
408204,26
408205,0
408206,0
408207,0
408208,0
408209,22
408210,0
408211,0
408212,0
408213,0
408214,0
408215,0
408216,27
408217,0
408218,0
408219,0
408220,0
408221,0
408222,0
408223,0
408224,0
408225,0
408226,0
408227,0
408228,0
408229,0
408230,0
408231,53
408232,32
408233,22
408234,0
408235,0
408236,0
408237,0
408238,0
408239,0
408240,0
408241,21
408242,0
408243,0
408244,0
408245,0
408246,19
408247,0
408248,0
408249,0
408250,0
408251,0
408252,0
408253,0
408254,0
408255,34
408256,0
408257,33
408258,0
408259,0
408260,0
408261,0
408262,0
408263,0
408264,25
408265,24
408266,32
408267,0
408268,0
408269,13
408270,0
408271,0
408272,0
408273,0
408274,0
408275,0
408276,24
408277,32
408278,0
408279,0
408280,13
408281,17
408282,0
408283,21
408284,0
408285,0
408286,0
408287,0
408288,0
408289,22
408290,0
408291,0
408292,35
408293,0
408294,0
408295,29
408296,0
408297,0
408298,0
408299,22
408300,0
408301,0
408302,0
408303,0
408304,0
408305,0
408306,0
408307,0
408308,0
408309,0
408310,28
408311,0
408312,0
408313,0
408314,0
408315,26
408316,0
408317,0
408318,0
408319,0
408320,29
408321,0
408322,0
408323,0
408324,26
408325,19
408326,22
408327,37
408328,26
408329,0
408330,0
408331,17
408332,0
408333,0
408334,22
408335,0
408336,0
408337,0
408338,0
408339,0
408340,22
408341,16
408342,18
408343,0
408344,0
408345,0
408346,0
408347,0
408348,0
408349,0
408350,0
408351,19
408352,0
408353,0
408354,0
408355,0
408356,22
408357,25
408358,20
408359,0
408360,0
408361,37
408362,0
408363,0
408364,23
408365,27
408366,0
408367,0
408368,21
408369,0
408370,0
408371,0
408372,0
408373,0
408374,0
408375,0
408376,0
408377,0
408378,0
408379,0
408380,25
408381,0
408382,0
408383,24
408384,0
408385,0
408386,0
408387,0
408388,0
408389,0
408390,0
408391,19
408392,0
408393,0
408394,0
408395,11
408396,0
408397,27
408398,0
408399,0
408400,0
408401,21
408402,0
408403,0
408404,0
408405,0
408406,0
408407,0
408408,30
408409,21
408410,0
408411,0
408412,0
408413,0
408414,26
408415,28
408416,0
408417,0
408418,0
408419,0
408420,30
408421,0
408422,0
408423,0
408424,0
408425,23
408426,27
408427,25
408428,29
408429,0
408430,0
408431,0
408432,0
408433,0
408434,14
408435,0
408436,0
408437,23
408438,0
408439,0
408440,28
408441,0
408442,0
408443,0
408444,13
408445,0
408446,0
408447,0
408448,29
408449,20
408450,0
408451,0
408452,0
408453,0
408454,0
408455,22
408456,0
408457,0
408458,0
408459,0
408460,0
408461,0
408462,0
408463,0
408464,0
408465,31
408466,0
408467,20
408468,0
408469,0
408470,0
408471,0
408472,30
408473,0
408474,0
408475,0
408476,0
408477,0
408478,0
408479,22
408480,44
408481,0
408482,0
408483,0
408484,0
408485,14
408486,0
408487,0
408488,17
408489,0
408490,0
408491,17
408492,0
408493,0
408494,15
408495,26
408496,0
408497,30
408498,19
408499,0
408500,11
408501,0
408502,0
408503,0
408504,0
408505,0
408506,0
408507,0
408508,0
408509,29
408510,16
408511,0
408512,0
408513,0
408514,0
408515,0
408516,0
408517,0
408518,0
408519,26
408520,0
408521,0
408522,0
408523,0
408524,0
408525,0
408526,0
408527,31
408528,0
408529,0
408530,24
408531,10
408532,0
408533,0
408534,25
408535,29
408536,0
408537,0
408538,0
408539,38
408540,0
408541,0
408542,25
408543,0
408544,0
408545,0
408546,0
408547,0
408548,0
408549,0
408550,0
408551,0
408552,31
408553,0
408554,0
408555,0
408556,0
408557,0
408558,0
408559,0
408560,0
408561,21
408562,27
408563,0
408564,0
408565,0
408566,29
408567,16
408568,0
408569,36
408570,0
408571,0
408572,0
408573,0
408574,19
408575,0
408576,38
408577,25
408578,0
408579,0
408580,0
408581,31
408582,32
408583,0
408584,0
408585,0
408586,0
408587,16
408588,0
408589,0
408590,27
408591,57
408592,20
408593,0
408594,0
408595,0
408596,35
408597,28
408598,0
408599,0
408600,0
408601,0
408602,0
408603,0
408604,21
408605,0
408606,23
408607,24
408608,0
408609,20
408610,33
408611,0
408612,0
408613,34
408614,0
408615,0
408616,0
408617,0
408618,0
408619,0
408620,32
408621,0
408622,0
408623,0
408624,0
408625,0
408626,0
408627,0
408628,57
408629,0
408630,0
408631,0
408632,0
408633,0
408634,0
408635,0
408636,0
408637,0
408638,0
408639,0
408640,0
408641,0
408642,0
408643,0
408644,52
408645,0
408646,0
408647,0
408648,0
408649,0
408650,0
408651,0
408652,0
408653,0
408654,0
408655,0
408656,0
408657,0
408658,0
408659,40
408660,0
408661,0
408662,0
408663,0
408664,0
408665,0
408666,0
408667,0
408668,0
408669,0
408670,0
408671,0
408672,0
408673,0
408674,0
408675,0
408676,0
408677,0
408678,0
408679,0
408680,0
408681,0
408682,0
408683,0
408684,0
408685,0
408686,0
408687,0
408688,51
408689,0
408690,0
408691,0
408692,51
408693,0
408694,0
408695,0
408696,0
408697,0
408698,0
408699,0
408700,0
408701,0
408702,0
408703,0
408704,0
408705,0
408706,37
408707,0
408708,0
408709,0
408710,0
408711,0
408712,0
408713,0
408714,0
408715,0
408716,0
408717,0
408718,0
408719,0
408720,0
408721,0
408722,0
408723,0
408724,0
408725,0
408726,0
408727,0
408728,0
408729,0
408730,0
408731,0
408732,0
408733,0
408734,0
408735,0
408736,0
408737,33
408738,0
408739,0
408740,0
408741,0
408742,52
408743,0
408744,0
408745,0
408746,0
408747,0
408748,0
408749,0
408750,0
408751,0
408752,0
408753,0
408754,0
408755,0
408756,0
408757,0
408758,40
408759,0
408760,0
408761,0
408762,0
408763,0
408764,0
408765,0
408766,0
408767,0
408768,0
408769,0
408770,0
408771,0
408772,0
408773,0
408774,0
408775,0
408776,0
408777,0
408778,0
408779,0
408780,0
408781,0
408782,0
408783,0
408784,0
408785,0
408786,0
408787,0
408788,0
408789,0
408790,0
408791,0
408792,0
408793,0
408794,0
408795,0
408796,0
408797,0
408798,0
408799,0
408800,0
408801,40
408802,0
408803,0
408804,0
408805,29
408806,0
408807,0
408808,0
408809,0
408810,0
408811,0
408812,0
408813,0
408814,0
408815,0
408816,0
408817,0
408818,0
408819,0
408820,0
408821,0
408822,0
408823,0
408824,0
408825,0
408826,0
408827,0
408828,35
408829,0
408830,0
408831,0
408832,0
408833,0
408834,0
408835,0
408836,0
408837,49
408838,0
408839,0
408840,0
408841,0
408842,0
408843,50
408844,0
408845,40
408846,0
408847,0
408848,0
408849,0
408850,0
408851,0
408852,0
408853,0
408854,0
408855,0
408856,0
408857,0
408858,32
408859,0
408860,0
408861,0
408862,0
408863,0
408864,0
408865,0
408866,0
408867,0
408868,0
408869,0
408870,0
408871,0
408872,0
408873,0
408874,0
408875,0
408876,0
408877,0
408878,40
408879,0
408880,0
408881,0
408882,0
408883,0
408884,0
408885,0
408886,0
408887,44
408888,0
408889,0
408890,37
408891,0
408892,0
408893,0
408894,0
408895,0
408896,0
408897,0
408898,0
408899,36
408900,0
408901,0
408902,0
408903,0
408904,0
408905,0
408906,31
408907,0
408908,0
408909,0
408910,0
408911,0
408912,0
408913,0
408914,0
408915,0
408916,0
408917,0
408918,0
408919,0
408920,0
408921,0
408922,0
408923,0
408924,0
408925,0
408926,0
408927,0
408928,0
408929,0
408930,0
408931,0
408932,0
408933,0
408934,0
408935,0
408936,0
408937,0
408938,0
408939,0
408940,0
408941,0
408942,25
408943,0
408944,0
408945,0
408946,0
408947,0
408948,0
408949,0
408950,0
408951,0
408952,0
408953,0
408954,0
408955,0
408956,0
408957,0
408958,0
408959,0
408960,0
408961,0
408962,0
408963,0
408964,0
408965,0
408966,0
408967,0
408968,0
408969,0
408970,0
408971,0
408972,0
408973,0
408974,0
408975,0
408976,0
408977,0
408978,0
408979,0
408980,0
408981,0
408982,0
408983,0
408984,0
408985,0
408986,0
408987,0
408988,0
408989,0
408990,0
408991,0
408992,0
408993,59
408994,0
408995,0
408996,0
408997,0
408998,0
408999,0
409000,0
409001,0
409002,0
409003,0
409004,49
409005,0
409006,0
409007,0
409008,0
409009,0
409010,0
409011,0
409012,0
409013,0
409014,0
409015,0
409016,0
409017,0
409018,0
409019,0
409020,0
409021,0
409022,0
409023,0
409024,0
409025,0
409026,0
409027,0
409028,0
409029,36
409030,0
409031,0
409032,0
409033,0
409034,0
409035,0
409036,0
409037,0
409038,0
409039,0
409040,0
409041,0
409042,0
409043,0
409044,0
409045,0
409046,0
409047,0
409048,0
409049,0
409050,0
409051,0
409052,0
409053,0
409054,0
409055,36
409056,0
409057,0
409058,0
409059,0
409060,0
409061,0
409062,0
409063,0
409064,0
409065,0
409066,0
409067,0
409068,0
409069,0
409070,26
409071,0
409072,0
409073,0
409074,0
409075,0
409076,0
409077,0
409078,0
409079,0
409080,37
409081,0
409082,34
409083,0
409084,0
409085,0
409086,0
409087,0
409088,0
409089,0
409090,0
409091,0
409092,0
409093,0
409094,0
409095,0
409096,0
409097,0
409098,0
409099,0
409100,0
409101,0
409102,0
409103,0
409104,43
409105,0
409106,0
409107,0
409108,0
409109,0
409110,0
409111,0
409112,0
409113,0
409114,0
409115,0
409116,0
409117,0
409118,0
409119,0
409120,0
409121,0
409122,0
409123,0
409124,0
409125,0
409126,0
409127,0
409128,0
409129,0
409130,0
409131,0
409132,0
409133,0
409134,0
409135,0
409136,0
409137,0
409138,0
409139,0
409140,0
409141,0
409142,0
409143,0
409144,0
409145,0
409146,0
409147,0
409148,0
409149,0
409150,0
409151,0
409152,0
409153,0
409154,0
409155,0
409156,0
409157,0
409158,0
409159,0
409160,44
409161,0
409162,0
409163,0
409164,0
409165,0
409166,0
409167,0
409168,0
409169,37
409170,0
409171,34
409172,0
409173,0
409174,0
409175,0
409176,0
409177,0
409178,0
409179,0
409180,0
409181,0
409182,0
409183,0
409184,0
409185,0
409186,43
409187,0
409188,0
409189,0
409190,0
409191,0
409192,0
409193,0
409194,0
409195,0
409196,36
409197,37
409198,0
409199,0
409200,0
409201,0
409202,0
409203,0
409204,0
409205,0
409206,0
409207,0
409208,0
409209,0
409210,0
409211,0
409212,30
409213,0
409214,0
409215,0
409216,0
409217,0
409218,0
409219,0
409220,0
409221,0
409222,0
409223,0
409224,0
409225,36
409226,0
409227,0
409228,0
409229,0
409230,0
409231,0
409232,0
409233,0
409234,0
409235,0
409236,0
409237,0
409238,0
409239,0
409240,0
409241,0
409242,0
409243,0
409244,0
409245,0
409246,0
409247,0
409248,0
409249,0
409250,0
409251,0
409252,0
409253,0
409254,42
409255,35
409256,0
409257,24
409258,0
409259,0
409260,0
409261,44
409262,0
409263,53
409264,0
409265,0
409266,0
409267,0
409268,0
409269,0
409270,0
409271,25
409272,0
409273,0
409274,0
409275,0
409276,0
409277,0
409278,0
409279,0
409280,0
409281,0
409282,0
409283,0
409284,0
409285,0
409286,0
409287,0
409288,0
409289,0
409290,0
409291,0
409292,0
409293,0
409294,0
409295,0
409296,0
409297,52
409298,0
409299,38
409300,0
409301,0
409302,0
409303,0
409304,0
409305,0
409306,0
409307,0
409308,0
409309,0
409310,0
409311,0
409312,0
409313,0
409314,0
409315,0
409316,25
409317,0
409318,0
409319,0
409320,0
409321,0
409322,43
409323,0
409324,0
409325,0
409326,0
409327,53
409328,0
409329,0
409330,0
409331,0
409332,0
409333,0
409334,0
409335,0
409336,0
409337,0
409338,0
409339,0
409340,0
409341,0
409342,0
409343,0
409344,0
409345,0
409346,0
409347,0
409348,0
409349,0
409350,0
409351,0
409352,0
409353,0
409354,0
409355,0
409356,0
409357,0
409358,0
409359,0
409360,0
409361,0
409362,0
409363,0
409364,0
409365,0
409366,0
409367,34
409368,0
409369,0
409370,0
409371,0
409372,0
409373,0
409374,0
409375,0
409376,0
409377,0
409378,0
409379,0
409380,0
409381,0
409382,0
409383,0
409384,0
409385,0
409386,0
409387,0
409388,0
409389,0
409390,0
409391,0
409392,0
409393,0
409394,0
409395,0
409396,0
409397,0
409398,0
409399,38
409400,0
409401,0
409402,0
409403,0
409404,0
409405,0
409406,0
409407,0
409408,0
409409,0
409410,0
409411,0
409412,0
409413,0
409414,0
409415,0
409416,0
409417,0
409418,0
409419,0
409420,0
409421,0
409422,0
409423,0
409424,0
409425,0
409426,0
409427,0
409428,0
409429,39
409430,0
409431,0
409432,0
409433,0
409434,0
409435,5
409436,0
409437,5
409438,0
409439,0
409440,0
409441,0
409442,0
409443,10
409444,0
409445,0
409446,0
409447,0
409448,0
409449,0
409450,0
409451,0
409452,0
409453,0
409454,0
409455,0
409456,0
409457,0
409458,8
409459,4
409460,5
409461,0
409462,0
409463,0
409464,0
409465,0
409466,0
409467,0
409468,0
409469,0
409470,0
409471,0
409472,0
409473,0
409474,0
409475,0
409476,0
409477,0
409478,12
409479,0
409480,9
409481,6
409482,0
409483,0
409484,0
409485,8
409486,0
409487,0
409488,0
409489,0
409490,0
409491,7
409492,0
409493,0
409494,0
409495,12
409496,0
409497,0
409498,0
409499,2
409500,0
409501,0
409502,0
409503,0
409504,0
409505,0
409506,0
409507,0
409508,0
409509,0
409510,11
409511,0
409512,0
409513,0
409514,0
409515,0
409516,7
409517,0
409518,0
409519,11
409520,7
409521,0
409522,0
409523,0
409524,0
409525,0
409526,7
409527,0
409528,0
409529,0
409530,0
409531,0
409532,0
409533,0
409534,0
409535,0
409536,0
409537,0
409538,0
409539,0
409540,0
409541,0
409542,0
409543,2
409544,0
409545,0
409546,0
409547,4
409548,0
409549,7
409550,0
409551,0
409552,0
409553,0
409554,0
409555,0
409556,0
409557,0
409558,0
409559,0
409560,1
409561,0
409562,0
409563,0
409564,0
409565,0
409566,12
409567,16
409568,0
409569,8
409570,0
409571,0
409572,6
409573,0
409574,0
409575,5
409576,0
409577,0
409578,0
409579,0
409580,0
409581,0
409582,0
409583,0
409584,0
409585,11
409586,5
409587,5
409588,10
409589,0
409590,0
409591,0
409592,0
409593,0
409594,0
409595,0
409596,0
409597,0
409598,0
409599,6
409600,0
409601,0
409602,0
409603,0
409604,0
409605,0
409606,0
409607,0
409608,0
409609,0
409610,0
409611,4
409612,0
409613,0
409614,0
409615,0
409616,0
409617,0
409618,7
409619,0
409620,0
409621,0
409622,5
409623,0
409624,1
409625,0
409626,0
409627,6
409628,0
409629,0
409630,9
409631,7
409632,0
409633,0
409634,0
409635,0
409636,0
409637,0
409638,0
409639,0
409640,0
409641,0
409642,0
409643,0
409644,0
409645,0
409646,0
409647,0
409648,0
409649,0
409650,0
409651,0
409652,0
409653,0
409654,0
409655,0
409656,9
409657,0
409658,0
409659,9
409660,0
409661,0
409662,0
409663,0
409664,0
409665,0
409666,0
409667,0
409668,0
409669,0
409670,0
409671,0
409672,0
409673,0
409674,0
409675,0
409676,0
409677,0
409678,0
409679,0
409680,6
409681,0
409682,0
409683,0
409684,0
409685,0
409686,0
409687,0
409688,0
409689,14
409690,0
409691,0
409692,10
409693,0
409694,0
409695,6
409696,0
409697,0
409698,0
409699,0
409700,0
409701,0
409702,0
409703,0
409704,0
409705,0
409706,0
409707,7
409708,0
409709,0
409710,0
409711,0
409712,0
409713,0
409714,0
409715,0
409716,6
409717,0
409718,0
409719,0
409720,0
409721,0
409722,0
409723,12
409724,0
409725,0
409726,0
409727,0
409728,0
409729,0
409730,9
409731,0
409732,0
409733,0
409734,0
409735,0
409736,0
409737,0
409738,0
409739,0
409740,0
409741,0
409742,0
409743,4
409744,0
409745,0
409746,5
409747,0
409748,0
409749,0
409750,0
409751,0
409752,0
409753,0
409754,0
409755,8
409756,0
409757,0
409758,0
409759,0
409760,0
409761,0
409762,0
409763,0
409764,0
409765,0
409766,3
409767,0
409768,0
409769,0
409770,0
409771,0
409772,0
409773,0
409774,0
409775,0
409776,0
409777,0
409778,8
409779,9
409780,0
409781,0
409782,0
409783,0
409784,0
409785,0
409786,0
409787,0
409788,0
409789,0
409790,0
409791,0
409792,0
409793,0
409794,0
409795,0
409796,0
409797,0
409798,0
409799,0
409800,0
409801,0
409802,0
409803,0
409804,0
409805,0
409806,5
409807,0
409808,2
409809,0
409810,0
409811,0
409812,0
409813,0
409814,0
409815,0
409816,0
409817,0
409818,0
409819,0
409820,8
409821,0
409822,0
409823,0
409824,0
409825,0
409826,0
409827,0
409828,0
409829,0
409830,0
409831,0
409832,0
409833,0
409834,0
409835,0
409836,0
409837,0
409838,0
409839,0
409840,0
409841,0
409842,0
409843,0
409844,5
409845,15
409846,0
409847,4
409848,0
409849,0
409850,0
409851,0
409852,0
409853,0
409854,0
409855,0
409856,0
409857,0
409858,0
409859,0
409860,9
409861,0
409862,0
409863,9
409864,0
409865,0
409866,0
409867,0
409868,0
409869,3
409870,0
409871,0
409872,0
409873,0
409874,0
409875,0
409876,0
409877,7
409878,0
409879,6
409880,0
409881,0
409882,0
409883,6
409884,0
409885,10
409886,0
409887,0
409888,0
409889,0
409890,0
409891,0
409892,0
409893,0
409894,0
409895,0
409896,9
409897,10
409898,0
409899,0
409900,0
409901,0
409902,0
409903,0
409904,0
409905,0
409906,0
409907,0
409908,0
409909,0
409910,0
409911,0
409912,0
409913,0
409914,0
409915,10
409916,0
409917,0
409918,0
409919,0
409920,0
409921,0
409922,0
409923,0
409924,0
409925,0
409926,0
409927,0
409928,0
409929,0
409930,0
409931,0
409932,10
409933,5
409934,0
409935,0
409936,0
409937,0
409938,0
409939,0
409940,0
409941,0
409942,8
409943,0
409944,0
409945,0
409946,0
409947,0
409948,5
409949,0
409950,4
409951,0
409952,3
409953,0
409954,0
409955,0
409956,0
409957,0
409958,0
409959,0
409960,11
409961,0
409962,0
409963,0
409964,0
409965,0
409966,0
409967,0
409968,0
409969,0
409970,0
409971,0
409972,4
409973,0
409974,0
409975,0
409976,0
409977,0
409978,0
409979,0
409980,0
409981,0
409982,0
409983,0
409984,8
409985,0
409986,0
409987,0
409988,7
409989,0
409990,0
409991,0
409992,0
409993,0
409994,0
409995,0
409996,0
409997,0
409998,0
409999,0
410000,0
410001,0
410002,0
410003,0
410004,0
410005,0
410006,0
410007,0
410008,6
410009,0
410010,0
410011,0
410012,0
410013,0
410014,0
410015,0
410016,0
410017,8
410018,0
410019,0
410020,0
410021,0
410022,0
410023,0
410024,0
410025,0
410026,9
410027,0
410028,0
410029,0
410030,0
410031,0
410032,0
410033,0
410034,0
410035,10
410036,0
410037,0
410038,11
410039,5
410040,0
410041,0
410042,0
410043,0
410044,0
410045,0
410046,0
410047,0
410048,0
410049,0
410050,0
410051,0
410052,0
410053,5
410054,0
410055,0
410056,0
410057,0
410058,0
410059,0
410060,0
410061,0
410062,0
410063,0
410064,9
410065,0
410066,0
410067,12
410068,0
410069,0
410070,0
410071,0
410072,0
410073,0
410074,0
410075,0
410076,0
410077,0
410078,0
410079,0
410080,0
410081,0
410082,0
410083,0
410084,0
410085,0
410086,0
410087,0
410088,0
410089,0
410090,0
410091,0
410092,0
410093,0
410094,0
410095,0
410096,0
410097,0
410098,7
410099,0
410100,0
410101,0
410102,0
410103,0
410104,0
410105,0
410106,0
410107,0
410108,0
410109,0
410110,0
410111,0
410112,0
410113,0
410114,10
410115,0
410116,0
410117,0
410118,0
410119,0
410120,0
410121,9
410122,0
410123,0
410124,0
410125,0
410126,0
410127,0
410128,0
410129,0
410130,0
410131,0
410132,0
410133,0
410134,7
410135,0
410136,0
410137,0
410138,0
410139,7
410140,0
410141,0
410142,0
410143,5
410144,0
410145,0
410146,0
410147,0
410148,0
410149,0
410150,14
410151,0
410152,0
410153,5
410154,0
410155,0
410156,0
410157,0
410158,0
410159,0
410160,0
410161,0
410162,11
410163,9
410164,0
410165,0
410166,0
410167,0
410168,0
410169,0
410170,0
410171,0
410172,0
410173,9
410174,0
410175,10
410176,0
410177,0
410178,0
410179,14
410180,0
410181,0
410182,0
410183,0
410184,0
410185,0
410186,0
410187,0
410188,0
410189,0
410190,0
410191,0
410192,0
410193,0
410194,0
410195,0
410196,0
410197,0
410198,0
410199,0
410200,0
410201,0
410202,0
410203,0
410204,12
410205,0
410206,12
410207,0
410208,0
410209,0
410210,0
410211,0
410212,6
410213,12
410214,0
410215,9
410216,0
410217,0
410218,0
410219,0
410220,0
410221,0
410222,0
410223,0
410224,0
410225,0
410226,0
410227,0
410228,0
410229,0
410230,0
410231,0
410232,0
410233,0
410234,0
410235,0
410236,0
410237,0
410238,0
410239,0
410240,0
410241,0
410242,0
410243,0
410244,0
410245,0
410246,0
410247,0
410248,0
410249,0
410250,0
410251,0
410252,0
410253,0
410254,0
410255,11
410256,0
410257,0
410258,5
410259,0
410260,0
410261,10
410262,0
410263,0
410264,0
410265,0
410266,0
410267,0
410268,0
410269,0
410270,0
410271,0
410272,0
410273,0
410274,0
410275,0
410276,0
410277,0
410278,0
410279,0
410280,6
410281,0
410282,0
410283,0
410284,0
410285,0
410286,0
410287,0
410288,0
410289,0
410290,4
410291,0
410292,0
410293,0
410294,0
410295,0
410296,0
410297,0
410298,7
410299,0
410300,0
410301,0
410302,0
410303,0
410304,0
410305,0
410306,0
410307,0
410308,15
410309,0
410310,0
410311,0
410312,0
410313,0
410314,10
410315,0
410316,0
410317,0
410318,0
410319,0
410320,0
410321,0
410322,15
410323,0
410324,6
410325,0
410326,0
410327,0
410328,0
410329,0
410330,0
410331,0
410332,0
410333,0
410334,0
410335,0
410336,0
410337,0
410338,0
410339,0
410340,0
410341,0
410342,0
410343,0
410344,0
410345,0
410346,0
410347,0
410348,0
410349,0
410350,0
410351,0
410352,0
410353,0
410354,0
410355,0
410356,0
410357,0
410358,0
410359,0
410360,0
410361,0
410362,0
410363,0
410364,0
410365,15
410366,0
410367,0
410368,0
410369,0
410370,0
410371,0
410372,0
410373,0
410374,0
410375,0
410376,0
410377,0
410378,0
410379,0
410380,0
410381,0
410382,0
410383,0
410384,0
410385,0
410386,7
410387,0
410388,0
410389,0
410390,0
410391,0
410392,0
410393,0
410394,0
410395,0
410396,0
410397,0
410398,0
410399,0
410400,0
410401,0
410402,0
410403,0
410404,0
410405,0
410406,0
410407,0
410408,0
410409,0
410410,0
410411,0
410412,0
410413,0
410414,0
410415,0
410416,0
410417,0
410418,0
410419,0
410420,0
410421,0
410422,0
410423,0
410424,0
410425,0
410426,0
410427,0
410428,0
410429,0
410430,0
410431,0
410432,0
410433,0
410434,0
410435,0
410436,0
410437,0
410438,0
410439,0
410440,0
410441,0
410442,0
410443,0
410444,1
410445,0
410446,0
410447,0
410448,0
410449,0
410450,0
410451,0
410452,0
410453,0
410454,0
410455,0
410456,0
410457,0
410458,0
410459,0
410460,0
410461,0
410462,0
410463,0
410464,3
410465,0
410466,0
410467,0
410468,0
410469,0
410470,0
410471,1
410472,1
410473,0
410474,0
410475,0
410476,0
410477,0
410478,0
410479,0
410480,0
410481,0
410482,0
410483,0
410484,0
410485,0
410486,0
410487,0
410488,0
410489,0
410490,0
410491,0
410492,0
410493,0
410494,0
410495,0
410496,0
410497,0
410498,0
410499,0
410500,0
410501,0
410502,0
410503,0
410504,0
410505,0
410506,0
410507,0
410508,0
410509,0
410510,0
410511,0
410512,0
410513,0
410514,0
410515,0
410516,0
410517,0
410518,0
410519,0
410520,0
410521,0
410522,0
410523,0
410524,0
410525,0
410526,0
410527,0
410528,0
410529,0
410530,0
410531,0
410532,0
410533,0
410534,0
410535,0
410536,0
410537,0
410538,0
410539,0
410540,0
410541,0
410542,0
410543,0
410544,0
410545,0
410546,0
410547,0
410548,0
410549,0
410550,0
410551,0
410552,0
410553,0
410554,0
410555,0
410556,0
410557,0
410558,0
410559,0
410560,1
410561,0
410562,0
410563,0
410564,0
410565,0
410566,0
410567,0
410568,0
410569,0
410570,0
410571,0
410572,0
410573,0
410574,0
410575,0
410576,0
410577,0
410578,0
410579,0
410580,0
410581,0
410582,0
410583,0
410584,0
410585,0
410586,0
410587,1
410588,0
410589,0
410590,0
410591,0
410592,0
410593,0
410594,0
410595,0
410596,0
410597,0
410598,0
410599,0
410600,0
410601,0
410602,0
410603,0
410604,0
410605,0
410606,0
410607,0
410608,0
410609,0
410610,0
410611,0
410612,0
410613,0
410614,0
410615,0
410616,0
410617,0
410618,0
410619,0
410620,0
410621,0
410622,0
410623,0
410624,0
410625,0
410626,0
410627,0
410628,0
410629,10
410630,0
410631,5
410632,0
410633,0
410634,0
410635,16
410636,0
410637,0
410638,0
410639,0
410640,0
410641,9
410642,0
410643,0
410644,0
410645,0
410646,0
410647,0
410648,0
410649,0
410650,0
410651,0
410652,0
410653,0
410654,0
410655,0
410656,0
410657,15
410658,0
410659,0
410660,0
410661,9
410662,0
410663,0
410664,0
410665,0
410666,0
410667,0
410668,0
410669,0
410670,0
410671,0
410672,0
410673,0
410674,0
410675,0
410676,12
410677,7
410678,0
410679,0
410680,0
410681,0
410682,0
410683,0
410684,0
410685,10
410686,0
410687,0
410688,0
410689,0
410690,0
410691,0
410692,0
410693,0
410694,0
410695,0
410696,0
410697,0
410698,0
410699,0
410700,0
410701,0
410702,8
410703,0
410704,0
410705,0
410706,0
410707,0
410708,0
410709,0
410710,0
410711,0
410712,11
410713,0
410714,0
410715,0
410716,0
410717,0
410718,0
410719,0
410720,0
410721,0
410722,0
410723,0
410724,0
410725,0
410726,0
410727,0
410728,0
410729,0
410730,0
410731,0
410732,0
410733,0
410734,0
410735,0
410736,0
410737,0
410738,0
410739,0
410740,0
410741,0
410742,0
410743,0
410744,0
410745,0
410746,0
410747,0
410748,0
410749,0
410750,0
410751,0
410752,0
410753,8
410754,0
410755,0
410756,0
410757,0
410758,9
410759,0
410760,0
410761,0
410762,0
410763,0
410764,0
410765,0
410766,0
410767,0
410768,0
410769,0
410770,0
410771,0
410772,0
410773,0
410774,0
410775,0
410776,0
410777,0
410778,0
410779,0
410780,0
410781,0
410782,0
410783,0
410784,0
410785,0
410786,0
410787,0
410788,0
410789,0
410790,0
410791,0
410792,0
410793,7
410794,9
410795,8
410796,0
410797,0
410798,0
410799,0
410800,0
410801,0
410802,0
410803,0
410804,0
410805,0
410806,5
410807,0
410808,0
410809,0
410810,5
410811,0
410812,0
410813,0
410814,0
410815,0
410816,0
410817,0
410818,24
410819,0
410820,0
410821,0
410822,0
410823,0
410824,30
410825,0
410826,0
410827,0
410828,0
410829,31
410830,0
410831,0
410832,0
410833,0
410834,44
410835,45
410836,29
410837,0
410838,23
410839,37
410840,12
410841,0
410842,0
410843,0
410844,45
410845,0
410846,64
410847,0
410848,0
410849,0
410850,0
410851,0
410852,0
410853,0
410854,0
410855,0
410856,0
410857,0
410858,0
410859,0
410860,0
410861,0
410862,71
410863,0
410864,0
410865,35
410866,0
410867,0
410868,0
410869,0
410870,0
410871,0
410872,0
410873,0
410874,0
410875,0
410876,0
410877,0
410878,0
410879,54
410880,0
410881,0
410882,0
410883,0
410884,0
410885,0
410886,0
410887,0
410888,0
410889,0
410890,0
410891,0
410892,0
410893,0
410894,0
410895,0
410896,0
410897,0
410898,0
410899,0
410900,37
410901,0
410902,0
410903,0
410904,0
410905,39
410906,0
410907,0
410908,0
410909,24
410910,9
410911,0
410912,0
410913,0
410914,0
410915,0
410916,0
410917,31
410918,0
410919,0
410920,0
410921,24
410922,0
410923,40
410924,0
410925,43
410926,26
410927,0
410928,0
410929,0
410930,38
410931,30
410932,0
410933,0
410934,0
410935,0
410936,0
410937,0
410938,0
410939,0
410940,0
410941,0
410942,0
410943,19
410944,0
410945,0
410946,40
410947,0
410948,0
410949,0
410950,0
410951,0
410952,0
410953,100
410954,0
410955,0
410956,42
410957,0
410958,0
410959,0
410960,0
410961,0
410962,0
410963,0
410964,0
410965,0
410966,0
410967,0
410968,0
410969,0
410970,0
410971,0
410972,40
410973,0
410974,0
410975,0
410976,0
410977,27
410978,0
410979,47
410980,0
410981,0
410982,0
410983,35
410984,0
410985,0
410986,34
410987,0
410988,25
410989,0
410990,0
410991,0
410992,0
410993,0
410994,0
410995,0
410996,0
410997,0
410998,0
410999,33
411000,0
411001,0
411002,0
411003,0
411004,0
411005,0
411006,0
411007,0
411008,0
411009,0
411010,0
411011,0
411012,0
411013,22
411014,0
411015,0
411016,0
411017,52
411018,0
411019,32
411020,0
411021,0
411022,0
411023,0
411024,23
411025,0
411026,0
411027,0
411028,0
411029,0
411030,24
411031,0
411032,0
411033,0
411034,0
411035,0
411036,0
411037,0
411038,0
411039,0
411040,0
411041,0
411042,0
411043,29
411044,0
411045,38
411046,0
411047,0
411048,0
411049,26
411050,0
411051,0
411052,25
411053,0
411054,0
411055,0
411056,23
411057,0
411058,0
411059,0
411060,73
411061,0
411062,0
411063,0
411064,0
411065,0
411066,34
411067,0
411068,0
411069,0
411070,44
411071,33
411072,24
411073,0
411074,0
411075,0
411076,0
411077,55
411078,27
411079,0
411080,0
411081,0
411082,0
411083,42
411084,0
411085,0
411086,48
411087,0
411088,0
411089,0
411090,0
411091,0
411092,0
411093,0
411094,0
411095,28
411096,0
411097,0
411098,65
411099,0
411100,0
411101,0
411102,0
411103,0
411104,0
411105,0
411106,0
411107,0
411108,0
411109,0
411110,0
411111,0
411112,0
411113,0
411114,0
411115,0
411116,25
411117,0
411118,0
411119,0
411120,0
411121,40
411122,27
411123,0
411124,0
411125,0
411126,0
411127,0
411128,0
411129,0
411130,0
411131,0
411132,0
411133,0
411134,21
411135,0
411136,0
411137,0
411138,0
411139,37
411140,0
411141,0
411142,0
411143,0
411144,0
411145,0
411146,0
411147,0
411148,0
411149,35
411150,24
411151,0
411152,0
411153,0
411154,0
411155,0
411156,28
411157,0
411158,0
411159,0
411160,53
411161,0
411162,0
411163,0
411164,0
411165,0
411166,0
411167,0
411168,0
411169,0
411170,0
411171,0
411172,0
411173,0
411174,0
411175,0
411176,27
411177,0
411178,0
411179,0
411180,0
411181,36
411182,0
411183,28
411184,55
411185,0
411186,0
411187,0
411188,0
411189,0
411190,0
411191,0
411192,0
411193,0
411194,0
411195,0
411196,48
411197,0
411198,0
411199,0
411200,0
411201,0
411202,0
411203,0
411204,0
411205,0
411206,0
411207,0
411208,0
411209,0
411210,25
411211,55
411212,0
411213,19
411214,0
411215,0
411216,0
411217,23
411218,0
411219,16
411220,0
411221,0
411222,28
411223,0
411224,85
411225,0
411226,0
411227,80
411228,0
411229,0
411230,50
411231,0
411232,0
411233,0
411234,0
411235,0
411236,0
411237,0
411238,0
411239,25
411240,48
411241,0
411242,0
411243,0
411244,0
411245,27
411246,28
411247,0
411248,0
411249,0
411250,0
411251,0
411252,0
411253,0
411254,0
411255,0
411256,29
411257,14
411258,0
411259,0
411260,62
411261,0
411262,0
411263,0
411264,0
411265,0
411266,0
411267,0
411268,0
411269,0
411270,0
411271,72
411272,0
411273,0
411274,0
411275,0
411276,0
411277,0
411278,0
411279,0
411280,0
411281,16
411282,0
411283,0
411284,0
411285,0
411286,0
411287,0
411288,0
411289,44
411290,0
411291,0
411292,0
411293,0
411294,56
411295,0
411296,0
411297,25
411298,0
411299,0
411300,0
411301,30
411302,0
411303,0
411304,0
411305,37
411306,0
411307,0
411308,0
411309,0
411310,40
411311,0
411312,41
411313,0
411314,38
411315,0
411316,0
411317,41
411318,0
411319,0
411320,0
411321,0
411322,0
411323,63
411324,0
411325,0
411326,0
411327,0
411328,0
411329,0
411330,0
411331,0
411332,0
411333,0
411334,0
411335,0
411336,0
411337,32
411338,0
411339,0
411340,0
411341,0
411342,0
411343,0
411344,34
411345,0
411346,0
411347,0
411348,0
411349,0
411350,52
411351,26
411352,0
411353,0
411354,0
411355,0
411356,0
411357,0
411358,0
411359,0
411360,0
411361,0
411362,0
411363,0
411364,0
411365,0
411366,0
411367,0
411368,0
411369,0
411370,0
411371,0
411372,0
411373,0
411374,0
411375,0
411376,0
411377,0
411378,0
411379,38
411380,0
411381,0
411382,0
411383,0
411384,0
411385,0
411386,25
411387,0
411388,77
411389,0
411390,0
411391,60
411392,0
411393,0
411394,0
411395,0
411396,0
411397,49
411398,0
411399,0
411400,0
411401,0
411402,0
411403,0
411404,0
411405,26
411406,0
411407,0
411408,0
411409,0
411410,57
411411,23
411412,0
411413,0
411414,0
411415,0
411416,0
411417,0
411418,0
411419,23
411420,0
411421,0
411422,0
411423,42
411424,0
411425,0
411426,85
411427,0
411428,0
411429,0
411430,0
411431,36
411432,34
411433,0
411434,0
411435,0
411436,42
411437,0
411438,0
411439,0
411440,0
411441,0
411442,42
411443,26
411444,0
411445,0
411446,0
411447,0
411448,0
411449,37
411450,18
411451,81
411452,0
411453,0
411454,50
411455,0
411456,0
411457,0
411458,37
411459,0
411460,0
411461,52
411462,18
411463,0
411464,0
411465,0
411466,0
411467,0
411468,0
411469,0
411470,0
411471,0
411472,0
411473,0
411474,0
411475,0
411476,0
411477,0
411478,0
411479,0
411480,0
411481,0
411482,0
411483,0
411484,0
411485,64
411486,0
411487,0
411488,0
411489,0
411490,0
411491,0
411492,53
411493,0
411494,0
411495,36
411496,0
411497,0
411498,25
411499,0
411500,0
411501,30
411502,37
411503,0
411504,0
411505,0
411506,32
411507,0
411508,39
411509,0
411510,0
411511,0
411512,0
411513,0
411514,0
411515,0
411516,0
411517,0
411518,0
411519,35
411520,0
411521,0
411522,0
411523,0
411524,0
411525,0
411526,0
411527,0
411528,0
411529,0
411530,0
411531,0
411532,0
411533,0
411534,0
411535,0
411536,0
411537,0
411538,0
411539,0
411540,0
411541,0
411542,0
411543,0
411544,0
411545,0
411546,0
411547,0
411548,0
411549,0
411550,0
411551,0
411552,0
411553,0
411554,0
411555,0
411556,0
411557,0
411558,0
411559,0
411560,0
411561,0
411562,0
411563,0
411564,0
411565,0
411566,0
411567,0
411568,0
411569,0
411570,0
411571,0
411572,0
411573,0
411574,0
411575,0
411576,0
411577,0
411578,0
411579,0
411580,0
411581,0
411582,0
411583,0
411584,0
411585,0
411586,0
411587,0
411588,0
411589,0
411590,0
411591,0
411592,0
411593,0
411594,0
411595,0
411596,0
411597,0
411598,0
411599,0
411600,0
411601,0
411602,0
411603,0
411604,0
411605,0
411606,0
411607,0
411608,0
411609,0
411610,0
411611,0
411612,0
411613,0
411614,0
411615,0
411616,0
411617,0
411618,0
411619,0
411620,0
411621,0
411622,0
411623,0
411624,0
411625,0
411626,0
411627,0
411628,0
411629,0
411630,0
411631,0
411632,0
411633,0
411634,0
411635,0
411636,0
411637,0
411638,0
411639,0
411640,0
411641,0
411642,0
411643,0
411644,0
411645,0
411646,0
411647,0
411648,0
411649,0
411650,0
411651,0
411652,1
411653,0
411654,0
411655,0
411656,0
411657,0
411658,0
411659,0
411660,0
411661,0
411662,0
411663,0
411664,0
411665,0
411666,0
411667,0
411668,0
411669,0
411670,0
411671,0
411672,0
411673,0
411674,0
411675,0
411676,0
411677,0
411678,0
411679,0
411680,0
411681,12
411682,0
411683,0
411684,0
411685,8
411686,0
411687,0
411688,0
411689,0
411690,0
411691,8
411692,0
411693,0
411694,0
411695,0
411696,0
411697,0
411698,0
411699,0
411700,0
411701,0
411702,0
411703,0
411704,0
411705,0
411706,0
411707,0
411708,0
411709,16
411710,0
411711,0
411712,0
411713,0
411714,16
411715,0
411716,17
411717,10
411718,16
411719,0
411720,0
411721,0
411722,0
411723,9
411724,0
411725,0
411726,0
411727,0
411728,0
411729,0
411730,0
411731,15
411732,0
411733,0
411734,0
411735,0
411736,0
411737,9
411738,0
411739,18
411740,0
411741,0
411742,16
411743,17
411744,0
411745,0
411746,0
411747,0
411748,0
411749,0
411750,13
411751,0
411752,0
411753,0
411754,0
411755,0
411756,0
411757,0
411758,0
411759,0
411760,0
411761,0
411762,12
411763,0
411764,0
411765,0
411766,0
411767,0
411768,0
411769,0
411770,0
411771,0
411772,0
411773,0
411774,0
411775,0
411776,0
411777,0
411778,0
411779,0
411780,0
411781,0
411782,0
411783,0
411784,0
411785,0
411786,0
411787,0
411788,0
411789,20
411790,0
411791,0
411792,15
411793,0
411794,0
411795,0
411796,15
411797,0
411798,0
411799,0
411800,0
411801,0
411802,0
411803,0
411804,0
411805,0
411806,0
411807,0
411808,0
411809,0
411810,0
411811,0
411812,0
411813,14
411814,0
411815,0
411816,0
411817,7
411818,0
411819,0
411820,0
411821,0
411822,0
411823,0
411824,0
411825,0
411826,0
411827,0
411828,18
411829,0
411830,0
411831,0
411832,0
411833,0
411834,0
411835,0
411836,0
411837,0
411838,0
411839,0
411840,0
411841,17
411842,0
411843,0
411844,0
411845,11
411846,0
411847,0
411848,0
411849,0
411850,0
411851,0
411852,0
411853,13
411854,12
411855,6
411856,9
411857,12
411858,0
411859,0
411860,0
411861,0
411862,0
411863,0
411864,0
411865,0
411866,0
411867,5
411868,7
411869,9
411870,0
411871,0
411872,15
411873,0
411874,8
411875,0
411876,9
411877,0
411878,0
411879,15
411880,0
411881,0
411882,0
411883,0
411884,0
411885,0
411886,0
411887,0
411888,0
411889,0
411890,0
411891,0
411892,0
411893,0
411894,0
411895,0
411896,0
411897,0
411898,0
411899,0
411900,0
411901,0
411902,0
411903,16
411904,0
411905,0
411906,0
411907,16
411908,0
411909,0
411910,0
411911,0
411912,0
411913,0
411914,0
411915,0
411916,0
411917,0
411918,0
411919,0
411920,0
411921,0
411922,0
411923,0
411924,7
411925,10
411926,0
411927,0
411928,15
411929,0
411930,0
411931,19
411932,0
411933,0
411934,0
411935,12
411936,0
411937,9
411938,0
411939,0
411940,0
411941,0
411942,0
411943,0
411944,0
411945,0
411946,0
411947,0
411948,0
411949,0
411950,0
411951,0
411952,0
411953,0
411954,0
411955,0
411956,0
411957,0
411958,0
411959,0
411960,0
411961,0
411962,0
411963,0
411964,0
411965,0
411966,0
411967,0
411968,0
411969,0
411970,0
411971,0
411972,0
411973,0
411974,0
411975,0
411976,0
411977,0
411978,18
411979,9
411980,9
411981,0
411982,0
411983,0
411984,0
411985,0
411986,0
411987,22
411988,0
411989,0
411990,0
411991,12
411992,18
411993,0
411994,0
411995,15
411996,0
411997,0
411998,0
411999,0
412000,0
412001,0
412002,0
412003,0
412004,0
412005,0
412006,0
412007,0
412008,0
412009,0
412010,0
412011,0
412012,0
412013,0
412014,0
412015,0
412016,11
412017,0
412018,0
412019,0
412020,0
412021,0
412022,17
412023,0
412024,0
412025,0
412026,8
412027,15
412028,0
412029,13
412030,0
412031,0
412032,16
412033,0
412034,0
412035,0
412036,0
412037,11
412038,0
412039,0
412040,0
412041,0
412042,0
412043,0
412044,0
412045,0
412046,0
412047,0
412048,0
412049,0
412050,0
412051,0
412052,11
412053,0
412054,0
412055,0
412056,7
412057,0
412058,0
412059,0
412060,12
412061,0
412062,0
412063,0
412064,0
412065,0
412066,0
412067,14
412068,0
412069,0
412070,0
412071,0
412072,0
412073,0
412074,0
412075,12
412076,0
412077,0
412078,0
412079,15
412080,0
412081,11
412082,0
412083,0
412084,0
412085,0
412086,11
412087,0
412088,0
412089,3
412090,0
412091,0
412092,0
412093,0
412094,16
412095,0
412096,0
412097,0
412098,0
412099,0
412100,0
412101,0
412102,8
412103,0
412104,0
412105,0
412106,0
412107,0
412108,15
412109,15
412110,0
412111,0
412112,14
412113,0
412114,0
412115,6
412116,0
412117,0
412118,0
412119,0
412120,0
412121,0
412122,0
412123,0
412124,0
412125,0
412126,0
412127,0
412128,0
412129,14
412130,0
412131,0
412132,0
412133,0
412134,0
412135,15
412136,0
412137,0
412138,10
412139,0
412140,0
412141,0
412142,0
412143,18
412144,0
412145,0
412146,0
412147,0
412148,8
412149,10
412150,15
412151,0
412152,0
412153,0
412154,0
412155,0
412156,0
412157,0
412158,0
412159,0
412160,0
412161,0
412162,0
412163,61
412164,0
412165,0
412166,0
412167,0
412168,0
412169,0
412170,0
412171,0
412172,0
412173,20
412174,0
412175,0
412176,0
412177,0
412178,0
412179,0
412180,0
412181,0
412182,0
412183,0
412184,0
412185,0
412186,0
412187,28
412188,0
412189,48
412190,0
412191,0
412192,30
412193,0
412194,0
412195,0
412196,0
412197,0
412198,0
412199,0
412200,0
412201,36
412202,0
412203,0
412204,0
412205,55
412206,0
412207,0
412208,0
412209,0
412210,0
412211,0
412212,0
412213,0
412214,0
412215,0
412216,0
412217,0
412218,0
412219,0
412220,0
412221,0
412222,0
412223,0
412224,0
412225,0
412226,0
412227,0
412228,0
412229,0
412230,0
412231,0
412232,0
412233,0
412234,0
412235,0
412236,0
412237,0
412238,0
412239,0
412240,0
412241,0
412242,0
412243,0
412244,35
412245,0
412246,0
412247,0
412248,0
412249,0
412250,0
412251,0
412252,0
412253,0
412254,0
412255,0
412256,0
412257,0
412258,0
412259,0
412260,0
412261,45
412262,0
412263,32
412264,0
412265,0
412266,0
412267,0
412268,0
412269,0
412270,0
412271,0
412272,0
412273,0
412274,24
412275,0
412276,0
412277,0
412278,0
412279,0
412280,0
412281,0
412282,0
412283,46
412284,0
412285,56
412286,0
412287,0
412288,0
412289,0
412290,39
412291,0
412292,0
412293,0
412294,0
412295,0
412296,37
412297,0
412298,0
412299,0
412300,0
412301,0
412302,0
412303,47
412304,0
412305,47
412306,0
412307,0
412308,0
412309,0
412310,0
412311,0
412312,0
412313,0
412314,0
412315,0
412316,0
412317,0
412318,0
412319,0
412320,0
412321,23
412322,0
412323,0
412324,0
412325,42
412326,0
412327,0
412328,0
412329,0
412330,0
412331,0
412332,0
412333,0
412334,0
412335,0
412336,0
412337,0
412338,0
412339,0
412340,0
412341,0
412342,0
412343,50
412344,0
412345,0
412346,0
412347,0
412348,22
412349,0
412350,0
412351,0
412352,0
412353,47
412354,0
412355,0
412356,0
412357,0
412358,0
412359,0
412360,0
412361,0
412362,0
412363,0
412364,57
412365,0
412366,0
412367,0
412368,0
412369,0
412370,0
412371,0
412372,0
412373,28
412374,0
412375,0
412376,0
412377,0
412378,23
412379,0
412380,0
412381,0
412382,0
412383,0
412384,0
412385,43
412386,0
412387,0
412388,0
412389,0
412390,0
412391,0
412392,0
412393,0
412394,0
412395,0
412396,26
412397,0
412398,0
412399,0
412400,0
412401,0
412402,0
412403,0
412404,0
412405,0
412406,0
412407,0
412408,0
412409,0
412410,34
412411,0
412412,0
412413,28
412414,0
412415,0
412416,0
412417,52
412418,0
412419,0
412420,0
412421,0
412422,0
412423,0
412424,51
412425,0
412426,0
412427,0
412428,28
412429,0
412430,0
412431,0
412432,0
412433,0
412434,66
412435,0
412436,43
412437,0
412438,0
412439,0
412440,0
412441,0
412442,0
412443,0
412444,0
412445,0
412446,0
412447,0
412448,36
412449,0
412450,0
412451,0
412452,0
412453,0
412454,0
412455,0
412456,0
412457,0
412458,0
412459,0
412460,0
412461,0
412462,0
412463,0
412464,50
412465,0
412466,0
412467,0
412468,0
412469,45
412470,0
412471,0
412472,0
412473,30
412474,0
412475,0
412476,0
412477,0
412478,0
412479,0
412480,0
412481,0
412482,0
412483,0
412484,0
412485,0
412486,0
412487,0
412488,0
412489,0
412490,0
412491,0
412492,0
412493,0
412494,0
412495,0
412496,0
412497,0
412498,0
412499,0
412500,0
412501,0
412502,0
412503,0
412504,50
412505,0
412506,0
412507,22
412508,0
412509,0
412510,0
412511,0
412512,0
412513,32
412514,0
412515,45
412516,32
412517,0
412518,0
412519,0
412520,0
412521,0
412522,35
412523,0
412524,0
412525,0
412526,0
412527,0
412528,0
412529,0
412530,49
412531,0
412532,0
412533,0
412534,0
412535,0
412536,0
412537,0
412538,0
412539,0
412540,0
412541,0
412542,0
412543,0
412544,0
412545,0
412546,0
412547,0
412548,0
412549,0
412550,43
412551,0
412552,30
412553,0
412554,32
412555,0
412556,0
412557,0
412558,0
412559,0
412560,20
412561,49
412562,0
412563,0
412564,0
412565,0
412566,0
412567,0
412568,0
412569,0
412570,0
412571,56
412572,47
412573,0
412574,0
412575,0
412576,30
412577,0
412578,0
412579,0
412580,0
412581,38
412582,0
412583,0
412584,0
412585,0
412586,0
412587,0
412588,0
412589,0
412590,0
412591,0
412592,0
412593,0
412594,0
412595,0
412596,0
412597,0
412598,0
412599,0
412600,0
412601,0
412602,0
412603,0
412604,0
412605,0
412606,0
412607,0
412608,0
412609,0
412610,0
412611,0
412612,0
412613,34
412614,0
412615,0
412616,0
412617,0
412618,0
412619,0
412620,44
412621,0
412622,0
412623,0
412624,0
412625,0
412626,0
412627,0
412628,0
412629,0
412630,0
412631,0
412632,28
412633,0
412634,0
412635,0
412636,0
412637,0
412638,0
412639,0
412640,0
412641,0
412642,37
412643,0
412644,0
412645,0
412646,0
412647,0
412648,0
412649,0
412650,0
412651,0
412652,0
412653,0
412654,0
412655,0
412656,0
412657,0
412658,49
412659,0
412660,0
412661,65
412662,0
412663,0
412664,0
412665,0
412666,0
412667,0
412668,0
412669,0
412670,0
412671,0
412672,0
412673,0
412674,0
412675,0
412676,0
412677,0
412678,0
412679,0
412680,0
412681,0
412682,0
412683,0
412684,32
412685,0
412686,21
412687,0
412688,0
412689,0
412690,0
412691,39
412692,0
412693,0
412694,0
412695,0
412696,0
412697,0
412698,0
412699,0
412700,0
412701,0
412702,0
412703,0
412704,0
412705,27
412706,0
412707,0
412708,0
412709,21
412710,0
412711,0
412712,0
412713,0
412714,0
412715,0
412716,0
412717,0
412718,0
412719,0
412720,23
412721,0
412722,44
412723,0
412724,0
412725,0
412726,0
412727,0
412728,56
412729,0
412730,0
412731,0
412732,0
412733,0
412734,0
412735,0
412736,0
412737,0
412738,0
412739,0
412740,0
412741,0
412742,0
412743,0
412744,0
412745,0
412746,0
412747,0
412748,0
412749,0
412750,0
412751,27
412752,55
412753,0
412754,0
412755,0
412756,0
412757,0
412758,0
412759,0
412760,0
412761,18
412762,0
412763,0
412764,53
412765,0
412766,0
412767,0
412768,0
412769,0
412770,0
412771,0
412772,0
412773,0
412774,0
412775,0
412776,0
412777,0
412778,0
412779,0
412780,0
412781,0
412782,0
412783,0
412784,0
412785,0
412786,0
412787,0
412788,0
412789,0
412790,0
412791,0
412792,0
412793,0
412794,0
412795,0
412796,0
412797,0
412798,0
412799,0
412800,0
412801,0
412802,0
412803,0
412804,0
412805,0
412806,0
412807,0
412808,37
412809,0
412810,0
412811,0
412812,0
412813,0
412814,0
412815,0
412816,0
412817,0
412818,0
412819,0
412820,0
412821,0
412822,41
412823,0
412824,0
412825,0
412826,45
412827,0
412828,68
412829,0
412830,0
412831,0
412832,0
412833,0
412834,0
412835,0
412836,0
412837,0
412838,0
412839,0
412840,0
412841,0
412842,0
412843,42
412844,0
412845,0
412846,0
412847,0
412848,0
412849,0
412850,0
412851,0
412852,12
412853,0
412854,0
412855,0
412856,0
412857,0
412858,0
412859,47
412860,0
412861,0
412862,0
412863,0
412864,0
412865,0
412866,0
412867,0
412868,0
412869,0
412870,0
412871,0
412872,0
412873,0
412874,0
412875,0
412876,0
412877,0
412878,0
412879,0
412880,47
412881,0
412882,0
412883,0
412884,0
412885,0
412886,0
412887,0
412888,42
412889,0
412890,0
412891,55
412892,0
412893,0
412894,0
412895,0
412896,0
412897,0
412898,0
412899,0
412900,0
412901,0
412902,0
412903,0
412904,0
412905,0
412906,0
412907,0
412908,0
412909,0
412910,0
412911,0
412912,0
412913,0
412914,0
412915,0
412916,0
412917,0
412918,0
412919,0
412920,0
412921,0
412922,0
412923,0
412924,0
412925,0
412926,74
412927,21
412928,0
412929,0
412930,0
412931,0
412932,0
412933,0
412934,0
412935,0
412936,0
412937,0
412938,0
412939,0
412940,0
412941,0
412942,56
412943,37
412944,0
412945,0
412946,36
412947,0
412948,0
412949,0
412950,0
412951,0
412952,0
412953,0
412954,0
412955,0
412956,0
412957,0
412958,13
412959,0
412960,0
412961,0
412962,0
412963,0
412964,0
412965,0
412966,0
412967,0
412968,0
412969,0
412970,0
412971,0
412972,0
412973,0
412974,39
412975,0
412976,0
412977,30
412978,0
412979,0
412980,0
412981,0
412982,0
412983,0
412984,0
412985,0
412986,0
412987,0
412988,0
412989,0
412990,0
412991,0
412992,0
412993,40
412994,0
412995,0
412996,0
412997,0
412998,0
412999,0
413000,0
413001,28
413002,0
413003,0
413004,0
413005,0
413006,0
413007,0
413008,0
413009,0
413010,0
413011,0
413012,0
413013,0
413014,0
413015,0
413016,0
413017,0
413018,0
413019,0
413020,0
413021,62
413022,0
413023,0
413024,0
413025,0
413026,0
413027,0
413028,35
413029,0
413030,49
413031,0
413032,0
413033,0
413034,0
413035,0
413036,0
413037,0
413038,0
413039,0
413040,0
413041,0
413042,0
413043,51
413044,0
413045,0
413046,0
413047,9
413048,19
413049,0
413050,29
413051,19
413052,15
413053,0
413054,17
413055,0
413056,0
413057,0
413058,13
413059,15
413060,0
413061,21
413062,0
413063,0
413064,13
413065,0
413066,0
413067,11
413068,0
413069,0
413070,0
413071,0
413072,0
413073,13
413074,0
413075,0
413076,0
413077,0
413078,11
413079,18
413080,17
413081,15
413082,0
413083,12
413084,0
413085,0
413086,0
413087,0
413088,0
413089,20
413090,0
413091,0
413092,0
413093,0
413094,0
413095,0
413096,0
413097,0
413098,28
413099,0
413100,0
413101,0
413102,0
413103,0
413104,0
413105,0
413106,15
413107,0
413108,14
413109,0
413110,0
413111,14
413112,0
413113,0
413114,0
413115,13
413116,0
413117,0
413118,0
413119,0
413120,0
413121,20
413122,0
413123,0
413124,0
413125,15
413126,0
413127,0
413128,17
413129,0
413130,0
413131,0
413132,0
413133,0
413134,0
413135,0
413136,0
413137,13
413138,0
413139,0
413140,0
413141,10
413142,12
413143,0
413144,0
413145,12
413146,16
413147,24
413148,16
413149,17
413150,0
413151,15
413152,0
413153,0
413154,0
413155,18
413156,0
413157,17
413158,0
413159,10
413160,0
413161,0
413162,0
413163,0
413164,0
413165,0
413166,0
413167,0
413168,0
413169,0
413170,0
413171,0
413172,21
413173,0
413174,0
413175,0
413176,0
413177,0
413178,25
413179,11
413180,0
413181,18
413182,16
413183,12
413184,17
413185,0
413186,0
413187,0
413188,0
413189,14
413190,0
413191,0
413192,0
413193,0
413194,0
413195,20
413196,0
413197,0
413198,0
413199,0
413200,0
413201,0
413202,0
413203,0
413204,0
413205,16
413206,0
413207,0
413208,11
413209,13
413210,0
413211,0
413212,0
413213,0
413214,0
413215,20
413216,10
413217,0
413218,0
413219,0
413220,0
413221,0
413222,15
413223,0
413224,0
413225,0
413226,0
413227,0
413228,0
413229,0
413230,0
413231,0
413232,0
413233,0
413234,0
413235,0
413236,0
413237,19
413238,0
413239,17
413240,0
413241,17
413242,14
413243,20
413244,0
413245,0
413246,0
413247,0
413248,0
413249,11
413250,0
413251,0
413252,19
413253,15
413254,24
413255,0
413256,0
413257,0
413258,8
413259,13
413260,0
413261,0
413262,0
413263,0
413264,23
413265,0
413266,0
413267,20
413268,0
413269,0
413270,0
413271,15
413272,0
413273,21
413274,0
413275,0
413276,0
413277,0
413278,0
413279,0
413280,0
413281,0
413282,0
413283,0
413284,17
413285,0
413286,0
413287,0
413288,0
413289,0
413290,0
413291,19
413292,0
413293,0
413294,24
413295,0
413296,0
413297,0
413298,0
413299,0
413300,0
413301,0
413302,0
413303,16
413304,12
413305,21
413306,0
413307,0
413308,20
413309,0
413310,0
413311,21
413312,0
413313,0
413314,0
413315,0
413316,0
413317,0
413318,0
413319,0
413320,0
413321,0
413322,13
413323,0
413324,16
413325,23
413326,0
413327,27
413328,18
413329,20
413330,0
413331,17
413332,24
413333,23
413334,0
413335,0
413336,19
413337,0
413338,0
413339,0
413340,0
413341,0
413342,0
413343,27
413344,15
413345,0
413346,0
413347,12
413348,0
413349,16
413350,20
413351,0
413352,0
413353,0
413354,0
413355,0
413356,0
413357,0
413358,0
413359,10
413360,0
413361,0
413362,10
413363,0
413364,0
413365,0
413366,0
413367,0
413368,0
413369,0
413370,0
413371,0
413372,0
413373,0
413374,0
413375,9
413376,0
413377,0
413378,0
413379,0
413380,0
413381,0
413382,0
413383,0
413384,0
413385,0
413386,0
413387,0
413388,10
413389,0
413390,26
413391,11
413392,0
413393,0
413394,0
413395,0
413396,21
413397,15
413398,15
413399,0
413400,0
413401,0
413402,20
413403,22
413404,22
413405,0
413406,0
413407,0
413408,0
413409,0
413410,0
413411,0
413412,0
413413,26
413414,16
413415,12
413416,0
413417,0
413418,0
413419,0
413420,16
413421,0
413422,10
413423,0
413424,0
413425,0
413426,0
413427,0
413428,0
413429,13
413430,0
413431,0
413432,0
413433,0
413434,0
413435,0
413436,13
413437,0
413438,0
413439,0
413440,0
413441,0
413442,0
413443,0
413444,0
413445,0
413446,0
413447,0
413448,0
413449,0
413450,0
413451,0
413452,10
413453,0
413454,0
413455,0
413456,0
413457,0
413458,0
413459,0
413460,0
413461,0
413462,0
413463,0
413464,0
413465,0
413466,16
413467,18
413468,0
413469,0
413470,0
413471,0
413472,10
413473,0
413474,0
413475,0
413476,18
413477,17
413478,0
413479,19
413480,0
413481,0
413482,0
413483,18
413484,20
413485,24
413486,0
413487,0
413488,0
413489,0
413490,0
413491,0
413492,0
413493,16
413494,0
413495,0
413496,18
413497,0
413498,0
413499,0
413500,16
413501,18
413502,14
413503,0
413504,14
413505,11
413506,0
413507,0
413508,0
413509,0
413510,0
413511,0
413512,0
413513,0
413514,0
413515,0
413516,9
413517,0
413518,0
413519,0
413520,0
413521,0
413522,0
413523,0
413524,0
413525,22
413526,19
413527,0
413528,22
413529,0
413530,16
413531,16
413532,16
413533,0
413534,0
413535,0
413536,0
413537,0
413538,9
413539,0
413540,0
413541,28
413542,0
413543,0
413544,16
413545,0
413546,19
413547,0
413548,0
413549,13
413550,0
413551,22
413552,0
413553,0
413554,0
413555,0
413556,9
413557,0
413558,15
413559,0
413560,0
413561,18
413562,0
413563,23
413564,0
413565,0
413566,17
413567,0
413568,0
413569,0
413570,13
413571,14
413572,0
413573,0
413574,0
413575,0
413576,12
413577,0
413578,0
413579,0
413580,12
413581,0
413582,26
413583,0
413584,0
413585,13
413586,26
413587,19
413588,0
413589,0
413590,21
413591,13
413592,21
413593,0
413594,19
413595,0
413596,25
413597,22
413598,0
413599,0
413600,11
413601,0
413602,0
413603,0
413604,21
413605,0
413606,15
413607,0
413608,0
413609,0
413610,0
413611,0
413612,0
413613,0
413614,0
413615,0
413616,18
413617,0
413618,0
413619,0
413620,0
413621,0
413622,0
413623,0
413624,14
413625,12
413626,0
413627,0
413628,14
413629,15
413630,17
413631,0
413632,0
413633,14
413634,0
413635,0
413636,0
413637,0
413638,22
413639,0
413640,0
413641,0
413642,0
413643,15
413644,0
413645,0
413646,0
413647,0
413648,0
413649,11
413650,0
413651,0
413652,0
413653,14
413654,0
413655,0
413656,0
413657,0
413658,0
413659,0
413660,0
413661,0
413662,0
413663,0
413664,13
413665,0
413666,0
413667,0
413668,0
413669,17
413670,0
413671,0
413672,0
413673,18
413674,0
413675,0
413676,15
413677,0
413678,16
413679,17
413680,0
413681,0
413682,0
413683,0
413684,0
413685,0
413686,14
413687,21
413688,0
413689,0
413690,19
413691,0
413692,13
413693,0
413694,0
413695,0
413696,0
413697,16
413698,0
413699,0
413700,0
413701,0
413702,0
413703,20
413704,0
413705,17
413706,20
413707,7
413708,0
413709,0
413710,0
413711,0
413712,0
413713,0
413714,14
413715,0
413716,12
413717,0
413718,0
413719,0
413720,0
413721,15
413722,0
413723,0
413724,10
413725,12
413726,0
413727,0
413728,24
413729,0
413730,0
413731,0
413732,24
413733,14
413734,0
413735,0
413736,0
413737,0
413738,0
413739,0
413740,0
413741,0
413742,0
413743,0
413744,0
413745,0
413746,0
413747,11
413748,11
413749,0
413750,0
413751,0
413752,0
413753,0
413754,0
413755,23
413756,0
413757,0
413758,0
413759,13
413760,0
413761,0
413762,23
413763,0
413764,0
413765,0
413766,0
413767,0
413768,0
413769,15
413770,0
413771,18
413772,21
413773,0
413774,0
413775,0
413776,22
413777,0
413778,0
413779,0
413780,0
413781,0
413782,0
413783,0
413784,0
413785,19
413786,0
413787,0
413788,13
413789,0
413790,0
413791,0
413792,0
413793,0
413794,0
413795,0
413796,0
413797,0
413798,0
413799,0
413800,0
413801,0
413802,0
413803,0
413804,0
413805,14
413806,0
413807,20
413808,19
413809,0
413810,0
413811,0
413812,0
413813,0
413814,0
413815,18
413816,0
413817,14
413818,0
413819,0
413820,0
413821,0
413822,0
413823,0
413824,0
413825,0
413826,0
413827,0
413828,0
413829,16
413830,0
413831,0
413832,0
413833,12
413834,0
413835,0
413836,0
413837,16
413838,21
413839,10
413840,0
413841,0
413842,9
413843,18
413844,0
413845,0
413846,0
413847,0
413848,19
413849,0
413850,14
413851,0
413852,0
413853,0
413854,15
413855,0
413856,0
413857,16
413858,21
413859,0
413860,0
413861,13
413862,0
413863,0
413864,0
413865,16
413866,0
413867,0
413868,0
413869,8
413870,20
413871,13
413872,23
413873,0
413874,0
413875,17
413876,15
413877,0
413878,0
413879,0
413880,0
413881,0
413882,0
413883,0
413884,16
413885,0
413886,16
413887,0
413888,0
413889,0
413890,0
413891,0
413892,18
413893,0
413894,0
413895,0
413896,0
413897,0
413898,0
413899,0
413900,0
413901,0
413902,0
413903,0
413904,0
413905,0
413906,0
413907,0
413908,0
413909,12
413910,14
413911,16
413912,0
413913,0
413914,18
413915,0
413916,0
413917,15
413918,0
413919,0
413920,20
413921,0
413922,22
413923,0
413924,0
413925,0
413926,0
413927,0
413928,0
413929,0
413930,19
413931,0
413932,0
413933,16
413934,0
413935,0
413936,0
413937,0
413938,0
413939,0
413940,0
413941,15
413942,0
413943,0
413944,18
413945,0
413946,0
413947,0
413948,0
413949,21
413950,0
413951,0
413952,0
413953,0
413954,0
413955,0
413956,0
413957,0
413958,0
413959,0
413960,0
413961,0
413962,0
413963,0
413964,0
413965,0
413966,0
413967,0
413968,10
413969,0
413970,3
413971,5
413972,0
413973,5
413974,0
413975,0
413976,0
413977,0
413978,0
413979,0
413980,0
413981,0
413982,0
413983,0
413984,0
413985,8
413986,0
413987,0
413988,0
413989,0
413990,0
413991,2
413992,0
413993,0
413994,6
413995,0
413996,0
413997,0
413998,0
413999,11
414000,0
414001,3
414002,5
414003,0
414004,9
414005,4
414006,0
414007,0
414008,4
414009,0
414010,0
414011,4
414012,0
414013,0
414014,0
414015,0
414016,11
414017,0
414018,0
414019,5
414020,0
414021,0
414022,0
414023,0
414024,5
414025,6
414026,0
414027,6
414028,0
414029,11
414030,0
414031,0
414032,0
414033,0
414034,0
414035,8
414036,0
414037,0
414038,0
414039,9
414040,0
414041,0
414042,8
414043,0
414044,6
414045,0
414046,0
414047,5
414048,2
414049,10
414050,0
414051,3
414052,0
414053,0
414054,8
414055,0
414056,5
414057,10
414058,0
414059,0
414060,6
414061,0
414062,0
414063,0
414064,0
414065,0
414066,5
414067,9
414068,0
414069,0
414070,0
414071,7
414072,0
414073,0
414074,0
414075,0
414076,3
414077,5
414078,0
414079,3
414080,3
414081,4
414082,2
414083,0
414084,0
414085,0
414086,0
414087,0
414088,0
414089,5
414090,0
414091,0
414092,8
414093,0
414094,0
414095,8
414096,0
414097,3
414098,0
414099,0
414100,0
414101,0
414102,0
414103,0
414104,0
414105,0
414106,0
414107,0
414108,0
414109,0
414110,0
414111,8
414112,3
414113,0
414114,0
414115,0
414116,7
414117,0
414118,5
414119,0
414120,0
414121,0
414122,7
414123,4
414124,0
414125,0
414126,7
414127,0
414128,0
414129,0
414130,0
414131,0
414132,4
414133,0
414134,9
414135,0
414136,0
414137,12
414138,0
414139,9
414140,0
414141,0
414142,5
414143,0
414144,0
414145,0
414146,0
414147,0
414148,0
414149,14
414150,6
414151,0
414152,7
414153,0
414154,0
414155,0
414156,0
414157,2
414158,7
414159,11
414160,7
414161,0
414162,0
414163,0
414164,0
414165,12
414166,11
414167,0
414168,0
414169,0
414170,0
414171,0
414172,3
414173,0
414174,0
414175,0
414176,0
414177,0
414178,0
414179,7
414180,0
414181,0
414182,4
414183,0
414184,0
414185,0
414186,7
414187,0
414188,0
414189,0
414190,6
414191,0
414192,0
414193,0
414194,6
414195,0
414196,0
414197,0
414198,7
414199,0
414200,7
414201,0
414202,0
414203,0
414204,0
414205,0
414206,0
414207,0
414208,0
414209,3
414210,0
414211,8
414212,0
414213,0
414214,0
414215,11
414216,0
414217,3
414218,0
414219,0
414220,8
414221,4
414222,7
414223,0
414224,10
414225,0
414226,10
414227,0
414228,0
414229,5
414230,0
414231,4
414232,0
414233,0
414234,0
414235,0
414236,0
414237,0
414238,0
414239,0
414240,0
414241,0
414242,0
414243,0
414244,0
414245,0
414246,0
414247,0
414248,8
414249,4
414250,0
414251,10
414252,0
414253,0
414254,0
414255,0
414256,0
414257,0
414258,0
414259,0
414260,0
414261,6
414262,0
414263,0
414264,6
414265,0
414266,0
414267,0
414268,0
414269,0
414270,0
414271,0
414272,0
414273,0
414274,0
414275,0
414276,4
414277,0
414278,0
414279,0
414280,0
414281,0
414282,8
414283,0
414284,0
414285,0
414286,12
414287,0
414288,0
414289,0
414290,0
414291,0
414292,0
414293,0
414294,0
414295,0
414296,0
414297,6
414298,0
414299,0
414300,10
414301,0
414302,6
414303,10
414304,7
414305,6
414306,7
414307,2
414308,0
414309,0
414310,0
414311,0
414312,0
414313,0
414314,0
414315,0
414316,8
414317,4
414318,0
414319,3
414320,0
414321,0
414322,7
414323,0
414324,0
414325,6
414326,9
414327,0
414328,0
414329,0
414330,0
414331,0
414332,0
414333,5
414334,0
414335,0
414336,2
414337,0
414338,7
414339,0
414340,0
414341,4
414342,7
414343,0
414344,0
414345,0
414346,0
414347,0
414348,0
414349,0
414350,7
414351,0
414352,3
414353,0
414354,0
414355,0
414356,0
414357,0
414358,0
414359,0
414360,6
414361,5
414362,0
414363,0
414364,0
414365,0
414366,0
414367,0
414368,0
414369,0
414370,0
414371,0
414372,0
414373,0
414374,0
414375,0
414376,4
414377,2
414378,0
414379,0
414380,8
414381,0
414382,0
414383,0
414384,8
414385,0
414386,0
414387,0
414388,5
414389,13
414390,0
414391,0
414392,7
414393,0
414394,0
414395,0
414396,0
414397,0
414398,0
414399,0
414400,0
414401,0
414402,0
414403,0
414404,0
414405,0
414406,0
414407,0
414408,4
414409,0
414410,8
414411,3
414412,9
414413,0
414414,0
414415,0
414416,9
414417,0
414418,0
414419,6
414420,0
414421,0
414422,0
414423,0
414424,0
414425,0
414426,6
414427,9
414428,0
414429,0
414430,0
414431,0
414432,0
414433,0
414434,4
414435,0
414436,0
414437,11
414438,0
414439,3
414440,0
414441,0
414442,4
414443,0
414444,0
414445,0
414446,0
414447,0
414448,0
414449,0
414450,6
414451,6
414452,0
414453,0
414454,10
414455,8
414456,0
414457,6
414458,0
414459,3
414460,0
414461,0
414462,0
414463,0
414464,7
414465,9
414466,4
414467,11
414468,11
414469,0
414470,0
414471,0
414472,0
414473,0
414474,0
414475,5
414476,0
414477,0
414478,3
414479,0
414480,8
414481,1
414482,4
414483,0
414484,0
414485,0
414486,8
414487,0
414488,0
414489,5
414490,0
414491,0
414492,6
414493,0
414494,0
414495,0
414496,0
414497,0
414498,7
414499,8
414500,0
414501,11
414502,0
414503,0
414504,0
414505,3
414506,0
414507,0
414508,4
414509,0
414510,0
414511,0
414512,0
414513,5
414514,0
414515,0
414516,0
414517,0
414518,0
414519,0
414520,0
414521,0
414522,1
414523,0
414524,0
414525,0
414526,9
414527,2
414528,4
414529,0
414530,0
414531,0
414532,6
414533,0
414534,0
414535,0
414536,0
414537,9
414538,0
414539,0
414540,0
414541,2
414542,0
414543,0
414544,7
414545,0
414546,6
414547,0
414548,0
414549,0
414550,0
414551,0
414552,0
414553,4
414554,0
414555,0
414556,0
414557,0
414558,0
414559,8
414560,0
414561,3
414562,0
414563,0
414564,4
414565,5
414566,0
414567,7
414568,0
414569,0
414570,0
414571,0
414572,0
414573,0
414574,0
414575,3
414576,3
414577,0
414578,0
414579,0
414580,0
414581,0
414582,0
414583,0
414584,8
414585,0
414586,0
414587,0
414588,0
414589,3
414590,0
414591,0
414592,3
414593,0
414594,0
414595,0
414596,9
414597,0
414598,0
414599,0
414600,6
414601,0
414602,0
414603,0
414604,10
414605,0
414606,0
414607,4
414608,0
414609,4
414610,0
414611,0
414612,0
414613,0
414614,1
414615,0
414616,5
414617,0
414618,0
414619,0
414620,0
414621,0
414622,7
414623,8
414624,0
414625,9
414626,9
414627,0
414628,11
414629,0
414630,5
414631,0
414632,0
414633,0
414634,3
414635,0
414636,0
414637,0
414638,0
414639,0
414640,8
414641,0
414642,0
414643,8
414644,0
414645,7
414646,0
414647,0
414648,0
414649,0
414650,6
414651,0
414652,6
414653,0
414654,9
414655,0
414656,0
414657,6
414658,0
414659,0
414660,0
414661,0
414662,0
414663,6
414664,5
414665,0
414666,0
414667,0
414668,8
414669,0
414670,0
414671,0
414672,0
414673,0
414674,2
414675,0
414676,4
414677,8
414678,0
414679,0
414680,0
414681,5
414682,9
414683,0
414684,0
414685,0
414686,0
414687,0
414688,12
414689,0
414690,0
414691,0
414692,0
414693,0
414694,0
414695,0
414696,0
414697,0
414698,0
414699,0
414700,26
414701,0
414702,0
414703,0
414704,18
414705,0
414706,0
414707,0
414708,19
414709,0
414710,0
414711,0
414712,0
414713,0
414714,0
414715,0
414716,0
414717,0
414718,0
414719,0
414720,20
414721,0
414722,0
414723,0
414724,0
414725,0
414726,31
414727,28
414728,0
414729,0
414730,0
414731,0
414732,0
414733,0
414734,0
414735,27
414736,0
414737,0
414738,21
414739,0
414740,0
414741,0
414742,0
414743,0
414744,0
414745,0
414746,0
414747,0
414748,0
414749,0
414750,0
414751,29
414752,0
414753,0
414754,0
414755,0
414756,0
414757,0
414758,0
414759,0
414760,16
414761,0
414762,0
414763,0
414764,21
414765,0
414766,0
414767,0
414768,21
414769,0
414770,0
414771,0
414772,0
414773,0
414774,18
414775,0
414776,0
414777,42
414778,0
414779,0
414780,21
414781,0
414782,0
414783,22
414784,0
414785,0
414786,0
414787,0
414788,0
414789,0
414790,21
414791,0
414792,0
414793,0
414794,0
414795,0
414796,0
414797,0
414798,12
414799,0
414800,0
414801,0
414802,0
414803,0
414804,0
414805,17
414806,0
414807,0
414808,0
414809,0
414810,0
414811,0
414812,0
414813,0
414814,0
414815,0
414816,0
414817,0
414818,0
414819,0
414820,0
414821,0
414822,0
414823,0
414824,31
414825,0
414826,0
414827,0
414828,0
414829,0
414830,0
414831,0
414832,0
414833,0
414834,0
414835,0
414836,34
414837,0
414838,0
414839,0
414840,0
414841,0
414842,0
414843,0
414844,0
414845,0
414846,0
414847,0
414848,0
414849,0
414850,18
414851,0
414852,0
414853,0
414854,0
414855,0
414856,0
414857,0
414858,0
414859,0
414860,13
414861,0
414862,0
414863,25
414864,13
414865,0
414866,8
414867,0
414868,0
414869,0
414870,0
414871,0
414872,0
414873,0
414874,0
414875,0
414876,0
414877,0
414878,0
414879,0
414880,0
414881,0
414882,0
414883,0
414884,0
414885,0
414886,0
414887,0
414888,0
414889,0
414890,0
414891,0
414892,0
414893,0
414894,0
414895,0
414896,0
414897,0
414898,0
414899,0
414900,0
414901,0
414902,0
414903,0
414904,0
414905,0
414906,0
414907,0
414908,0
414909,0
414910,0
414911,0
414912,0
414913,0
414914,0
414915,0
414916,0
414917,0
414918,0
414919,0
414920,0
414921,0
414922,0
414923,0
414924,0
414925,0
414926,0
414927,0
414928,0
414929,0
414930,0
414931,0
414932,0
414933,0
414934,0
414935,0
414936,0
414937,0
414938,0
414939,0
414940,0
414941,0
414942,0
414943,0
414944,0
414945,0
414946,0
414947,0
414948,0
414949,0
414950,0
414951,0
414952,0
414953,0
414954,0
414955,0
414956,0
414957,0
414958,0
414959,0
414960,0
414961,0
414962,0
414963,0
414964,0
414965,0
414966,0
414967,0
414968,0
414969,0
414970,0
414971,0
414972,0
414973,0
414974,0
414975,0
414976,0
414977,0
414978,0
414979,0
414980,0
414981,0
414982,0
414983,0
414984,0
414985,0
414986,0
414987,0
414988,0
414989,0
414990,0
414991,0
414992,0
414993,0
414994,0
414995,0
414996,0
414997,0
414998,0
414999,0
415000,0
415001,0
415002,0
415003,0
415004,0
415005,0
415006,0
415007,0
415008,0
415009,0
415010,0
415011,0
415012,0
415013,0
415014,0
415015,0
415016,0
415017,0
415018,0
415019,0
415020,0
415021,0
415022,0
415023,0
415024,0
415025,0
415026,0
415027,0
415028,0
415029,0
415030,0
415031,0
415032,0
415033,0
415034,0
415035,0
415036,0
415037,0
415038,0
415039,0
415040,0
415041,0
415042,0
415043,0
415044,0
415045,0
415046,0
415047,0
415048,0
415049,0
415050,0
415051,0
415052,0
415053,0
415054,0
415055,0
415056,0
415057,0
415058,0
415059,0
415060,0
415061,0
415062,0
415063,0
415064,0
415065,0
415066,0
415067,0
415068,0
415069,0
415070,0
415071,0
415072,0
415073,0
415074,0
415075,0
415076,0
415077,0
415078,0
415079,0
415080,0
415081,0
415082,0
415083,0
415084,0
415085,0
415086,0
415087,0
415088,0
415089,0
415090,0
415091,0
415092,0
415093,0
415094,0
415095,0
415096,0
415097,0
415098,0
415099,0
415100,0
415101,0
415102,0
415103,0
415104,0
415105,0
415106,0
415107,0
415108,0
415109,0
415110,0
415111,0
415112,0
415113,0
415114,0
415115,0
415116,0
415117,0
415118,0
415119,0
415120,0
415121,0
415122,0
415123,0
415124,0
415125,0
415126,0
415127,0
415128,0
415129,0
415130,0
415131,0
415132,0
415133,0
415134,0
415135,0
415136,0
415137,0
415138,0
415139,0
415140,0
415141,0
415142,0
415143,0
415144,0
415145,0
415146,0
415147,0
415148,0
415149,0
415150,0
415151,1
415152,0
415153,0
415154,0
415155,0
415156,0
415157,0
415158,0
415159,0
415160,0
415161,0
415162,0
415163,0
415164,0
415165,0
415166,0
415167,0
415168,0
415169,0
415170,0
415171,0
415172,0
415173,0
415174,0
415175,0
415176,0
415177,0
415178,0
415179,0
415180,0
415181,0
415182,0
415183,0
415184,0
415185,0
415186,0
415187,0
415188,0
415189,0
415190,0
415191,0
415192,0
415193,0
415194,0
415195,0
415196,0
415197,0
415198,0
415199,0
415200,0
415201,0
415202,0
415203,0
415204,0
415205,0
415206,0
415207,0
415208,0
415209,0
415210,0
415211,0
415212,0
415213,0
415214,0
415215,0
415216,0
415217,0
415218,0
415219,0
415220,0
415221,0
415222,0
415223,0
415224,0
415225,0
415226,0
415227,0
415228,0
415229,0
415230,0
415231,0
415232,0
415233,0
415234,0
415235,0
415236,0
415237,0
415238,0
415239,0
415240,0
415241,0
415242,0
415243,0
415244,0
415245,0
415246,0
415247,0
415248,0
415249,0
415250,0
415251,0
415252,0
415253,0
415254,0
415255,0
415256,0
415257,0
415258,0
415259,0
415260,0
415261,0
415262,0
415263,0
415264,0
415265,0
415266,0
415267,0
415268,0
415269,0
415270,0
415271,0
415272,0
415273,0
415274,0
415275,0
415276,0
415277,0
415278,0
415279,0
415280,0
415281,0
415282,0
415283,0
415284,0
415285,0
415286,0
415287,0
415288,0
415289,0
415290,0
415291,0
415292,0
415293,0
415294,0
415295,0
415296,0
415297,0
415298,0
415299,0
415300,0
415301,0
415302,0
415303,0
415304,0
415305,0
415306,0
415307,0
415308,0
415309,0
415310,0
415311,0
415312,0
415313,0
415314,0
415315,0
415316,0
415317,0
415318,0
415319,0
415320,0
415321,0
415322,0
415323,0
415324,0
415325,1
415326,0
415327,0
415328,0
415329,0
415330,0
415331,0
415332,0
415333,0
415334,0
415335,0
415336,0
415337,0
415338,0
415339,0
415340,0
415341,0
415342,0
415343,0
415344,0
415345,0
415346,0
415347,0
415348,0
415349,0
415350,0
415351,0
415352,0
415353,0
415354,0
415355,0
415356,0
415357,0
415358,0
415359,0
415360,0
415361,0
415362,0
415363,0
415364,0
415365,0
415366,0
415367,0
415368,0
415369,0
415370,0
415371,1
415372,0
415373,0
415374,0
415375,0
415376,0
415377,0
415378,0
415379,0
415380,0
415381,0
415382,0
415383,0
415384,0
415385,0
415386,0
415387,0
415388,0
415389,0
415390,0
415391,0
415392,0
415393,0
415394,0
415395,0
415396,0
415397,0
415398,0
415399,0
415400,0
415401,0
415402,0
415403,0
415404,0
415405,0
415406,0
415407,0
415408,0
415409,0
415410,0
415411,0
415412,0
415413,0
415414,0
415415,0
415416,0
415417,0
415418,0
415419,0
415420,0
415421,0
415422,0
415423,0
415424,0
415425,0
415426,0
415427,0
415428,0
415429,0
415430,0
415431,0
415432,0
415433,0
415434,0
415435,0
415436,0
415437,0
415438,0
415439,0
415440,0
415441,0
415442,0
415443,0
415444,0
415445,0
415446,0
415447,0
415448,0
415449,0
415450,0
415451,0
415452,0
415453,0
415454,0
415455,0
415456,0
415457,0
415458,0
415459,0
415460,0
415461,0
415462,0
415463,0
415464,0
415465,0
415466,0
415467,0
415468,0
415469,0
415470,0
415471,0
415472,0
415473,0
415474,0
415475,0
415476,0
415477,0
415478,0
415479,0
415480,0
415481,0
415482,0
415483,0
415484,0
415485,0
415486,0
415487,0
415488,0
415489,0
415490,0
415491,0
415492,0
415493,0
415494,0
415495,0
415496,0
415497,0
415498,0
415499,0
415500,0
415501,0
415502,0
415503,0
415504,0
415505,0
415506,0
415507,0
415508,0
415509,0
415510,0
415511,0
415512,0
415513,0
415514,0
415515,0
415516,0
415517,0
415518,0
415519,0
415520,0
415521,0
415522,0
415523,0
415524,0
415525,0
415526,0
415527,0
415528,0
415529,0
415530,0
415531,0
415532,0
415533,0
415534,0
415535,0
415536,0
415537,0
415538,0
415539,0
415540,0
415541,0
415542,0
415543,0
415544,0
415545,0
415546,0
415547,0
415548,0
415549,0
415550,0
415551,0
415552,0
415553,0
415554,0
415555,0
415556,0
415557,0
415558,0
415559,0
415560,0
415561,0
415562,0
415563,0
415564,0
415565,0
415566,0
415567,0
415568,0
415569,0
415570,0
415571,0
415572,0
415573,0
415574,0
415575,0
415576,0
415577,0
415578,0
415579,0
415580,0
415581,0
415582,0
415583,0
415584,0
415585,0
415586,1
415587,0
415588,0
415589,0
415590,0
415591,0
415592,0
415593,0
415594,0
415595,0
415596,0
415597,0
415598,0
415599,0
415600,0
415601,0
415602,0
415603,0
415604,0
415605,0
415606,0
415607,0
415608,0
415609,0
415610,0
415611,0
415612,0
415613,0
415614,0
415615,0
415616,0
415617,0
415618,0
415619,0
415620,0
415621,0
415622,0
415623,0
415624,0
415625,0
415626,0
415627,0
415628,0
415629,0
415630,0
415631,0
415632,0
415633,0
415634,0
415635,0
415636,0
415637,0
415638,0
415639,0
415640,0
415641,0
415642,0
415643,0
415644,0
415645,0
415646,0
415647,0
415648,0
415649,0
415650,0
415651,0
415652,0
415653,0
415654,0
415655,0
415656,0
415657,0
415658,0
415659,0
415660,0
415661,0
415662,0
415663,0
415664,0
415665,0
415666,0
415667,0
415668,0
415669,0
415670,0
415671,0
415672,0
415673,0
415674,0
415675,0
415676,0
415677,0
415678,0
415679,0
415680,0
415681,0
415682,0
415683,0
415684,0
415685,0
415686,0
415687,0
415688,0
415689,0
415690,0
415691,0
415692,0
415693,2
415694,0
415695,0
415696,0
415697,0
415698,0
415699,0
415700,2
415701,2
415702,0
415703,0
415704,0
415705,5
415706,0
415707,0
415708,0
415709,0
415710,0
415711,2
415712,3
415713,0
415714,0
415715,0
415716,0
415717,0
415718,0
415719,0
415720,0
415721,0
415722,0
415723,0
415724,2
415725,1
415726,2
415727,0
415728,0
415729,0
415730,0
415731,0
415732,0
415733,0
415734,0
415735,0
415736,0
415737,0
415738,0
415739,0
415740,0
415741,2
415742,0
415743,0
415744,0
415745,1
415746,0
415747,0
415748,0
415749,0
415750,0
415751,0
415752,0
415753,0
415754,0
415755,0
415756,0
415757,0
415758,0
415759,0
415760,0
415761,1
415762,6
415763,0
415764,0
415765,0
415766,0
415767,0
415768,0
415769,0
415770,0
415771,2
415772,0
415773,0
415774,0
415775,1
415776,0
415777,0
415778,0
415779,0
415780,0
415781,0
415782,0
415783,0
415784,0
415785,0
415786,0
415787,0
415788,1
415789,0
415790,0
415791,0
415792,0
415793,0
415794,0
415795,0
415796,0
415797,0
415798,0
415799,0
415800,0
415801,0
415802,1
415803,0
415804,0
415805,0
415806,0
415807,3
415808,0
415809,0
415810,0
415811,0
415812,3
415813,0
415814,0
415815,1
415816,0
415817,2
415818,0
415819,0
415820,2
415821,1
415822,0
415823,3
415824,0
415825,0
415826,0
415827,0
415828,0
415829,4
415830,0
415831,0
415832,0
415833,0
415834,2
415835,0
415836,0
415837,2
415838,0
415839,0
415840,0
415841,0
415842,2
415843,0
415844,0
415845,1
415846,0
415847,0
415848,0
415849,0
415850,0
415851,0
415852,0
415853,0
415854,3
415855,0
415856,0
415857,1
415858,0
415859,0
415860,0
415861,0
415862,0
415863,1
415864,2
415865,0
415866,1
415867,0
415868,0
415869,0
415870,0
415871,0
415872,0
415873,2
415874,0
415875,0
415876,0
415877,0
415878,0
415879,0
415880,0
415881,0
415882,0
415883,0
415884,0
415885,2
415886,0
415887,0
415888,0
415889,0
415890,0
415891,1
415892,2
415893,0
415894,0
415895,0
415896,0
415897,0
415898,0
415899,2
415900,0
415901,0
415902,1
415903,1
415904,0
415905,0
415906,0
415907,0
415908,0
415909,0
415910,2
415911,0
415912,0
415913,0
415914,0
415915,0
415916,0
415917,0
415918,3
415919,2
415920,0
415921,0
415922,0
415923,2
415924,7
415925,0
415926,4
415927,0
415928,0
415929,0
415930,0
415931,0
415932,2
415933,0
415934,0
415935,0
415936,3
415937,0
415938,0
415939,0
415940,0
415941,3
415942,0
415943,1
415944,0
415945,0
415946,0
415947,0
415948,2
415949,0
415950,0
415951,0
415952,0
415953,0
415954,0
415955,1
415956,0
415957,0
415958,0
415959,0
415960,0
415961,3
415962,0
415963,0
415964,0
415965,2
415966,0
415967,0
415968,1
415969,0
415970,0
415971,0
415972,1
415973,0
415974,0
415975,0
415976,0
415977,0
415978,3
415979,1
415980,0
415981,0
415982,0
415983,0
415984,0
415985,0
415986,0
415987,0
415988,0
415989,0
415990,0
415991,0
415992,0
415993,2
415994,0
415995,0
415996,0
415997,0
415998,0
415999,0
416000,0
416001,0
416002,0
416003,0
416004,0
416005,0
416006,2
416007,0
416008,1
416009,0
416010,0
416011,0
416012,0
416013,0
416014,0
416015,0
416016,2
416017,1
416018,0
416019,0
416020,0
416021,0
416022,0
416023,2
416024,3
416025,0
416026,0
416027,0
416028,0
416029,1
416030,0
416031,0
416032,0
416033,2
416034,0
416035,3
416036,0
416037,0
416038,0
416039,0
416040,0
416041,0
416042,0
416043,0
416044,0
416045,0
416046,0
416047,0
416048,0
416049,0
416050,0
416051,0
416052,0
416053,0
416054,0
416055,1
416056,0
416057,0
416058,0
416059,3
416060,0
416061,0
416062,0
416063,5
416064,2
416065,3
416066,0
416067,0
416068,0
416069,0
416070,0
416071,0
416072,2
416073,0
416074,0
416075,0
416076,0
416077,0
416078,0
416079,0
416080,3
416081,0
416082,0
416083,0
416084,0
416085,0
416086,3
416087,0
416088,1
416089,0
416090,0
416091,0
416092,0
416093,0
416094,0
416095,2
416096,0
416097,0
416098,0
416099,0
416100,0
416101,0
416102,0
416103,0
416104,0
416105,0
416106,0
416107,0
416108,0
416109,2
416110,0
416111,0
416112,0
416113,0
416114,0
416115,0
416116,0
416117,0
416118,1
416119,0
416120,0
416121,0
416122,0
416123,2
416124,0
416125,0
416126,0
416127,2
416128,0
416129,0
416130,0
416131,0
416132,0
416133,0
416134,0
416135,0
416136,0
416137,0
416138,0
416139,0
416140,0
416141,2
416142,0
416143,0
416144,0
416145,1
416146,0
416147,0
416148,0
416149,0
416150,0
416151,0
416152,0
416153,0
416154,0
416155,0
416156,2
416157,0
416158,0
416159,0
416160,0
416161,1
416162,0
416163,0
416164,1
416165,0
416166,0
416167,0
416168,0
416169,2
416170,3
416171,0
416172,0
416173,0
416174,0
416175,3
416176,1
416177,0
416178,0
416179,0
416180,0
416181,0
416182,0
416183,0
416184,1
416185,1
416186,2
416187,0
416188,4
416189,0
416190,0
416191,0
416192,0
416193,0
416194,0
416195,0
416196,0
416197,0
416198,0
416199,0
416200,0
416201,0
416202,1
416203,0
416204,0
416205,0
416206,0
416207,0
416208,0
416209,0
416210,0
416211,0
416212,0
416213,0
416214,0
416215,22
416216,0
416217,0
416218,0
416219,0
416220,0
416221,0
416222,25
416223,0
416224,0
416225,0
416226,0
416227,19
416228,0
416229,15
416230,0
416231,0
416232,0
416233,0
416234,20
416235,0
416236,16
416237,0
416238,0
416239,0
416240,0
416241,0
416242,31
416243,23
416244,16
416245,0
416246,0
416247,0
416248,0
416249,0
416250,0
416251,0
416252,0
416253,0
416254,0
416255,24
416256,0
416257,0
416258,0
416259,0
416260,0
416261,0
416262,0
416263,0
416264,0
416265,0
416266,15
416267,0
416268,0
416269,0
416270,0
416271,0
416272,0
416273,0
416274,0
416275,0
416276,0
416277,0
416278,0
416279,18
416280,0
416281,0
416282,0
416283,19
416284,0
416285,0
416286,0
416287,0
416288,0
416289,0
416290,22
416291,0
416292,0
416293,0
416294,17
416295,0
416296,0
416297,0
416298,0
416299,0
416300,0
416301,0
416302,0
416303,0
416304,0
416305,23
416306,0
416307,0
416308,0
416309,0
416310,0
416311,0
416312,0
416313,26
416314,0
416315,0
416316,0
416317,0
416318,0
416319,0
416320,0
416321,0
416322,0
416323,0
416324,0
416325,0
416326,0
416327,0
416328,0
416329,0
416330,35
416331,0
416332,0
416333,0
416334,0
416335,25
416336,0
416337,0
416338,19
416339,0
416340,0
416341,0
416342,0
416343,0
416344,0
416345,0
416346,0
416347,0
416348,0
416349,0
416350,0
416351,0
416352,18
416353,0
416354,0
416355,0
416356,0
416357,0
416358,0
416359,0
416360,0
416361,0
416362,0
416363,0
416364,0
416365,0
416366,0
416367,0
416368,21
416369,0
416370,0
416371,0
416372,0
416373,0
416374,0
416375,17
416376,0
416377,0
416378,0
416379,0
416380,0
416381,0
416382,0
416383,27
416384,0
416385,0
416386,0
416387,0
416388,0
416389,11
416390,14
416391,0
416392,0
416393,0
416394,0
416395,0
416396,0
416397,0
416398,0
416399,0
416400,0
416401,0
416402,0
416403,0
416404,0
416405,0
416406,0
416407,0
416408,0
416409,0
416410,0
416411,0
416412,0
416413,0
416414,0
416415,11
416416,0
416417,20
416418,0
416419,0
416420,0
416421,0
416422,0
416423,0
416424,0
416425,0
416426,0
416427,0
416428,0
416429,0
416430,0
416431,0
416432,0
416433,0
416434,0
416435,8
416436,0
416437,0
416438,0
416439,0
416440,5
416441,0
416442,0
416443,0
416444,0
416445,0
416446,0
416447,0
416448,0
416449,13
416450,0
416451,0
416452,0
416453,0
416454,0
416455,0
416456,0
416457,0
416458,0
416459,0
416460,0
416461,0
416462,0
416463,17
416464,0
416465,0
416466,0
416467,0
416468,0
416469,0
416470,0
416471,0
416472,0
416473,0
416474,0
416475,0
416476,0
416477,0
416478,0
416479,0
416480,0
416481,16
416482,0
416483,12
416484,0
416485,0
416486,0
416487,0
416488,0
416489,0
416490,0
416491,14
416492,0
416493,0
416494,0
416495,0
416496,0
416497,0
416498,0
416499,0
416500,0
416501,9
416502,0
416503,0
416504,0
416505,0
416506,0
416507,0
416508,0
416509,0
416510,0
416511,0
416512,0
416513,0
416514,0
416515,0
416516,0
416517,17
416518,0
416519,0
416520,0
416521,0
416522,0
416523,0
416524,0
416525,0
416526,0
416527,0
416528,0
416529,21
416530,0
416531,0
416532,0
416533,0
416534,0
416535,0
416536,0
416537,0
416538,0
416539,0
416540,0
416541,0
416542,0
416543,20
416544,0
416545,0
416546,17
416547,0
416548,0
416549,0
416550,0
416551,0
416552,0
416553,9
416554,0
416555,0
416556,0
416557,0
416558,0
416559,0
416560,0
416561,0
416562,0
416563,0
416564,0
416565,0
416566,0
416567,0
416568,0
416569,12
416570,0
416571,0
416572,0
416573,12
416574,0
416575,0
416576,13
416577,0
416578,0
416579,0
416580,0
416581,0
416582,0
416583,0
416584,0
416585,0
416586,0
416587,0
416588,0
416589,0
416590,0
416591,0
416592,0
416593,9
416594,0
416595,0
416596,0
416597,0
416598,0
416599,0
416600,0
416601,0
416602,0
416603,0
416604,0
416605,7
416606,0
416607,14
416608,0
416609,0
416610,0
416611,0
416612,0
416613,0
416614,0
416615,0
416616,0
416617,0
416618,0
416619,0
416620,0
416621,0
416622,0
416623,0
416624,0
416625,0
416626,0
416627,0
416628,0
416629,0
416630,0
416631,0
416632,0
416633,0
416634,0
416635,0
416636,0
416637,20
416638,0
416639,0
416640,0
416641,0
416642,0
416643,0
416644,12
416645,0
416646,0
416647,0
416648,0
416649,0
416650,0
416651,0
416652,0
416653,17
416654,0
416655,0
416656,0
416657,0
416658,0
416659,11
416660,0
416661,0
416662,0
416663,0
416664,0
416665,0
416666,0
416667,0
416668,0
416669,0
416670,0
416671,0
416672,0
416673,0
416674,0
416675,0
416676,0
416677,0
416678,0
416679,0
416680,0
416681,0
416682,0
416683,5
416684,0
416685,0
416686,0
416687,0
416688,0
416689,10
416690,0
416691,0
416692,0
416693,0
416694,0
416695,0
416696,0
416697,7
416698,0
416699,0
416700,0
416701,0
416702,0
416703,0
416704,0
416705,0
416706,0
416707,0
416708,32
416709,0
416710,28
416711,0
416712,0
416713,0
416714,0
416715,0
416716,0
416717,0
416718,0
416719,0
416720,0
416721,0
416722,32
416723,0
416724,0
416725,0
416726,0
416727,25
416728,0
416729,0
416730,0
416731,37
416732,0
416733,0
416734,28
416735,29
416736,0
416737,0
416738,0
416739,0
416740,0
416741,0
416742,0
416743,0
416744,0
416745,0
416746,0
416747,0
416748,0
416749,0
416750,0
416751,0
416752,0
416753,37
416754,0
416755,31
416756,0
416757,0
416758,0
416759,30
416760,33
416761,0
416762,0
416763,0
416764,0
416765,0
416766,0
416767,0
416768,0
416769,0
416770,0
416771,0
416772,0
416773,0
416774,0
416775,0
416776,26
416777,0
416778,34
416779,0
416780,0
416781,30
416782,52
416783,0
416784,0
416785,0
416786,0
416787,0
416788,28
416789,0
416790,0
416791,0
416792,0
416793,0
416794,0
416795,29
416796,0
416797,0
416798,25
416799,0
416800,0
416801,36
416802,0
416803,0
416804,0
416805,39
416806,0
416807,21
416808,0
416809,0
416810,0
416811,0
416812,0
416813,0
416814,45
416815,0
416816,0
416817,0
416818,0
416819,0
416820,30
416821,35
416822,0
416823,0
416824,0
416825,0
416826,0
416827,0
416828,0
416829,0
416830,32
416831,0
416832,39
416833,0
416834,0
416835,0
416836,0
416837,0
416838,0
416839,0
416840,0
416841,25
416842,0
416843,0
416844,29
416845,0
416846,0
416847,30
416848,0
416849,0
416850,0
416851,0
416852,0
416853,0
416854,0
416855,0
416856,0
416857,51
416858,0
416859,0
416860,27
416861,0
416862,28
416863,0
416864,0
416865,0
416866,34
416867,0
416868,0
416869,0
416870,0
416871,0
416872,0
416873,0
416874,0
416875,0
416876,0
416877,0
416878,0
416879,0
416880,0
416881,0
416882,0
416883,0
416884,0
416885,0
416886,0
416887,0
416888,0
416889,0
416890,0
416891,0
416892,0
416893,0
416894,0
416895,0
416896,0
416897,0
416898,0
416899,0
416900,0
416901,0
416902,0
416903,0
416904,0
416905,0
416906,0
416907,0
416908,0
416909,0
416910,0
416911,0
416912,0
416913,0
416914,0
416915,0
416916,0
416917,0
416918,60
416919,0
416920,0
416921,0
416922,0
416923,0
416924,0
416925,0
416926,0
416927,0
416928,0
416929,36
416930,22
416931,0
416932,0
416933,0
416934,0
416935,0
416936,0
416937,0
416938,0
416939,40
416940,0
416941,28
416942,0
416943,0
416944,37
416945,0
416946,0
416947,0
416948,35
416949,0
416950,0
416951,0
416952,0
416953,0
416954,0
416955,0
416956,0
416957,0
416958,0
416959,0
416960,0
416961,0
416962,0
416963,0
416964,45
416965,0
416966,0
416967,0
416968,28
416969,0
416970,0
416971,0
416972,0
416973,0
416974,0
416975,0
416976,0
416977,0
416978,0
416979,0
416980,0
416981,0
416982,0
416983,0
416984,43
416985,0
416986,0
416987,0
416988,0
416989,0
416990,46
416991,0
416992,37
416993,0
416994,0
416995,0
416996,0
416997,0
416998,0
416999,0
417000,0
417001,0
417002,0
417003,0
417004,0
417005,0
417006,0
417007,0
417008,0
417009,57
417010,0
417011,0
417012,0
417013,0
417014,0
417015,0
417016,0
417017,0
417018,0
417019,0
417020,0
417021,0
417022,0
417023,0
417024,0
417025,0
417026,42
417027,0
417028,0
417029,0
417030,0
417031,0
417032,35
417033,0
417034,0
417035,0
417036,0
417037,0
417038,0
417039,0
417040,0
417041,0
417042,0
417043,0
417044,0
417045,0
417046,0
417047,29
417048,0
417049,34
417050,0
417051,0
417052,0
417053,0
417054,0
417055,42
417056,0
417057,23
417058,0
417059,0
417060,51
417061,0
417062,47
417063,0
417064,0
417065,0
417066,0
417067,0
417068,0
417069,0
417070,25
417071,0
417072,38
417073,0
417074,0
417075,35
417076,0
417077,0
417078,26
417079,0
417080,0
417081,0
417082,38
417083,36
417084,0
417085,0
417086,0
417087,0
417088,0
417089,0
417090,0
417091,19
417092,35
417093,61
417094,0
417095,0
417096,0
417097,0
417098,0
417099,0
417100,0
417101,0
417102,0
417103,0
417104,0
417105,0
417106,44
417107,0
417108,0
417109,0
417110,0
417111,0
417112,0
417113,0
417114,0
417115,0
417116,50
417117,0
417118,0
417119,0
417120,0
417121,0
417122,0
417123,0
417124,0
417125,0
417126,30
417127,0
417128,0
417129,0
417130,0
417131,44
417132,0
417133,0
417134,0
417135,0
417136,0
417137,46
417138,52
417139,0
417140,0
417141,0
417142,0
417143,0
417144,0
417145,0
417146,0
417147,0
417148,0
417149,0
417150,0
417151,0
417152,0
417153,34
417154,0
417155,49
417156,0
417157,22
417158,0
417159,0
417160,0
417161,0
417162,0
417163,0
417164,0
417165,35
417166,43
417167,0
417168,0
417169,0
417170,29
417171,0
417172,0
417173,0
417174,0
417175,0
417176,0
417177,0
417178,0
417179,0
417180,0
417181,0
417182,0
417183,0
417184,0
417185,0
417186,0
417187,49
417188,0
417189,0
417190,0
417191,0
417192,0
417193,40
417194,0
417195,33
417196,0
417197,0
417198,0
417199,0
417200,46
417201,0
417202,0
417203,0
417204,0
417205,43
417206,0
417207,42
417208,0
417209,0
417210,0
417211,0
417212,0
417213,35
417214,0
417215,0
417216,0
417217,53
417218,0
417219,0
417220,0
417221,0
417222,0
417223,0
417224,0
417225,0
417226,0
417227,26
417228,0
417229,47
417230,0
417231,0
417232,0
417233,0
417234,0
417235,0
417236,0
417237,0
417238,0
417239,0
417240,0
417241,0
417242,0
417243,0
417244,37
417245,0
417246,0
417247,0
417248,30
417249,0
417250,0
417251,0
417252,42
417253,0
417254,0
417255,0
417256,0
417257,0
417258,0
417259,0
417260,0
417261,0
417262,39
417263,32
417264,46
417265,0
417266,0
417267,0
417268,0
417269,0
417270,0
417271,0
417272,0
417273,0
417274,35
417275,0
417276,33
417277,0
417278,0
417279,0
417280,0
417281,0
417282,0
417283,29
417284,0
417285,0
417286,0
417287,0
417288,0
417289,0
417290,0
417291,0
417292,0
417293,0
417294,43
417295,0
417296,0
417297,0
417298,0
417299,0
417300,0
417301,0
417302,33
417303,0
417304,38
417305,0
417306,19
417307,0
417308,0
417309,0
417310,0
417311,0
417312,0
417313,0
417314,0
417315,0
417316,0
417317,0
417318,0
417319,0
417320,0
417321,53
417322,30
417323,0
417324,0
417325,0
417326,36
417327,0
417328,0
417329,0
417330,0
417331,0
417332,0
417333,0
417334,0
417335,0
417336,0
417337,0
417338,0
417339,0
417340,0
417341,0
417342,0
417343,0
417344,0
417345,41
417346,0
417347,0
417348,0
417349,0
417350,0
417351,0
417352,0
417353,0
417354,0
417355,0
417356,0
417357,0
417358,0
417359,0
417360,0
417361,33
417362,0
417363,0
417364,0
417365,0
417366,0
417367,0
417368,0
417369,0
417370,0
417371,33
417372,0
417373,0
417374,0
417375,0
417376,0
417377,0
417378,0
417379,33
417380,0
417381,0
417382,36
417383,0
417384,0
417385,0
417386,27
417387,0
417388,0
417389,0
417390,0
417391,0
417392,0
417393,0
417394,0
417395,0
417396,0
417397,0
417398,41
417399,0
417400,0
417401,22
417402,55
417403,0
417404,0
417405,0
417406,0
417407,0
417408,0
417409,0
417410,0
417411,0
417412,44
417413,0
417414,0
417415,0
417416,0
417417,0
417418,0
417419,0
417420,0
417421,0
417422,0
417423,0
417424,0
417425,0
417426,0
417427,0
417428,42
417429,27
417430,0
417431,30
417432,0
417433,0
417434,0
417435,0
417436,0
417437,36
417438,0
417439,31
417440,39
417441,0
417442,35
417443,68
417444,30
417445,0
417446,0
417447,41
417448,0
417449,0
417450,36
417451,0
417452,0
417453,0
417454,34
417455,0
417456,0
417457,0
417458,0
417459,0
417460,42
417461,0
417462,0
417463,37
417464,0
417465,51
417466,0
417467,29
417468,0
417469,0
417470,35
417471,0
417472,30
417473,0
417474,0
417475,0
417476,45
417477,27
417478,0
417479,0
417480,0
417481,48
417482,35
417483,0
417484,0
417485,0
417486,0
417487,0
417488,0
417489,0
417490,0
417491,0
417492,0
417493,43
417494,0
417495,38
417496,0
417497,0
417498,0
417499,0
417500,41
417501,0
417502,0
417503,0
417504,0
417505,0
417506,0
417507,0
417508,0
417509,0
417510,0
417511,0
417512,32
417513,52
417514,0
417515,0
417516,0
417517,32
417518,0
417519,0
417520,0
417521,0
417522,0
417523,0
417524,32
417525,0
417526,0
417527,30
417528,32
417529,0
417530,29
417531,0
417532,0
417533,0
417534,0
417535,0
417536,0
417537,0
417538,25
417539,45
417540,63
417541,0
417542,0
417543,0
417544,41
417545,25
417546,45
417547,0
417548,0
417549,0
417550,0
417551,0
417552,29
417553,0
417554,0
417555,0
417556,0
417557,0
417558,0
417559,0
417560,0
417561,0
417562,0
417563,0
417564,0
417565,38
417566,34
417567,0
417568,0
417569,46
417570,0
417571,0
417572,0
417573,69
417574,0
417575,0
417576,0
417577,0
417578,35
417579,0
417580,0
417581,0
417582,37
417583,46
417584,61
417585,0
417586,34
417587,0
417588,42
417589,0
417590,0
417591,25
417592,0
417593,0
417594,0
417595,0
417596,0
417597,0
417598,0
417599,0
417600,0
417601,0
417602,35
417603,29
417604,0
417605,0
417606,0
417607,0
417608,0
417609,33
417610,0
417611,0
417612,43
417613,0
417614,20
417615,0
417616,0
417617,34
417618,0
417619,0
417620,0
417621,0
417622,73
417623,24
417624,0
417625,0
417626,0
417627,0
417628,0
417629,0
417630,0
417631,0
417632,0
417633,0
417634,0
417635,40
417636,0
417637,0
417638,43
417639,31
417640,53
417641,0
417642,0
417643,0
417644,0
417645,43
417646,0
417647,0
417648,17
417649,27
417650,0
417651,0
417652,0
417653,0
417654,0
417655,0
417656,0
417657,0
417658,0
417659,0
417660,0
417661,39
417662,0
417663,0
417664,0
417665,0
417666,0
417667,0
417668,41
417669,40
417670,0
417671,0
417672,0
417673,42
417674,0
417675,0
417676,0
417677,35
417678,0
417679,0
417680,0
417681,0
417682,0
417683,39
417684,40
417685,0
417686,0
417687,0
417688,0
417689,0
417690,0
417691,0
417692,0
417693,0
417694,0
417695,0
417696,0
417697,0
417698,0
417699,0
417700,0
417701,0
417702,0
417703,0
417704,0
417705,0
417706,0
417707,0
417708,0
417709,0
417710,0
417711,0
417712,0
417713,0
417714,0
417715,0
417716,0
417717,0
417718,0
417719,0
417720,0
417721,0
417722,0
417723,0
417724,0
417725,0
417726,0
417727,0
417728,0
417729,0
417730,0
417731,0
417732,0
417733,0
417734,0
417735,0
417736,0
417737,0
417738,0
417739,0
417740,0
417741,0
417742,0
417743,0
417744,0
417745,0
417746,0
417747,0
417748,0
417749,0
417750,0
417751,0
417752,0
417753,0
417754,0
417755,0
417756,0
417757,0
417758,0
417759,0
417760,0
417761,0
417762,0
417763,0
417764,0
417765,0
417766,0
417767,0
417768,0
417769,0
417770,0
417771,0
417772,0
417773,0
417774,0
417775,0
417776,0
417777,0
417778,0
417779,0
417780,0
417781,0
417782,0
417783,0
417784,0
417785,0
417786,0
417787,0
417788,0
417789,0
417790,0
417791,0
417792,0
417793,0
417794,0
417795,0
417796,0
417797,0
417798,0
417799,0
417800,0
417801,0
417802,0
417803,0
417804,0
417805,0
417806,0
417807,0
417808,0
417809,0
417810,0
417811,0
417812,0
417813,0
417814,0
417815,0
417816,0
417817,0
417818,0
417819,0
417820,0
417821,0
417822,0
417823,0
417824,0
417825,0
417826,0
417827,0
417828,0
417829,0
417830,0
417831,0
417832,0
417833,0
417834,0
417835,0
417836,0
417837,0
417838,0
417839,0
417840,0
417841,0
417842,0
417843,0
417844,0
417845,0
417846,0
417847,0
417848,0
417849,0
417850,0
417851,0
417852,0
417853,0
417854,0
417855,0
417856,0
417857,0
417858,0
417859,0
417860,0
417861,0
417862,0
417863,0
417864,0
417865,0
417866,0
417867,0
417868,0
417869,0
417870,0
417871,0
417872,0
417873,0
417874,0
417875,0
417876,0
417877,0
417878,0
417879,0
417880,0
417881,0
417882,0
417883,0
417884,0
417885,0
417886,0
417887,0
417888,0
417889,0
417890,0
417891,0
417892,0
417893,0
417894,0
417895,0
417896,0
417897,0
417898,0
417899,0
417900,0
417901,0
417902,0
417903,0
417904,0
417905,0
417906,0
417907,0
417908,0
417909,0
417910,0
417911,0
417912,0
417913,0
417914,0
417915,0
417916,0
417917,0
417918,0
417919,0
417920,0
417921,0
417922,0
417923,0
417924,0
417925,0
417926,0
417927,0
417928,0
417929,0
417930,0
417931,0
417932,0
417933,0
417934,0
417935,0
417936,0
417937,0
417938,0
417939,0
417940,0
417941,0
417942,1
417943,0
417944,0
417945,0
417946,0
417947,0
417948,0
417949,0
417950,0
417951,0
417952,0
417953,0
417954,0
417955,0
417956,0
417957,0
417958,0
417959,0
417960,0
417961,0
417962,0
417963,0
417964,0
417965,0
417966,0
417967,0
417968,0
417969,0
417970,0
417971,0
417972,0
417973,0
417974,0
417975,0
417976,0
417977,0
417978,0
417979,0
417980,0
417981,0
417982,0
417983,0
417984,0
417985,0
417986,0
417987,0
417988,0
417989,0
417990,0
417991,0
417992,0
417993,0
417994,0
417995,0
417996,0
417997,0
417998,0
417999,0
418000,0
418001,0
418002,0
418003,0
418004,0
418005,0
418006,0
418007,0
418008,0
418009,0
418010,0
418011,0
418012,0
418013,1
418014,0
418015,0
418016,0
418017,0
418018,0
418019,0
418020,0
418021,0
418022,0
418023,0
418024,0
418025,0
418026,0
418027,0
418028,0
418029,0
418030,0
418031,0
418032,0
418033,0
418034,0
418035,0
418036,0
418037,0
418038,0
418039,0
418040,0
418041,0
418042,0
418043,0
418044,0
418045,0
418046,0
418047,0
418048,0
418049,0
418050,0
418051,0
418052,0
418053,0
418054,0
418055,0
418056,0
418057,0
418058,0
418059,0
418060,0
418061,0
418062,0
418063,0
418064,0
418065,0
418066,0
418067,0
418068,0
418069,0
418070,0
418071,0
418072,0
418073,0
418074,0
418075,0
418076,0
418077,0
418078,0
418079,0
418080,0
418081,0
418082,0
418083,0
418084,0
418085,0
418086,0
418087,0
418088,0
418089,0
418090,0
418091,0
418092,0
418093,0
418094,0
418095,0
418096,0
418097,0
418098,0
418099,0
418100,0
418101,0
418102,0
418103,0
418104,0
418105,0
418106,0
418107,0
418108,0
418109,0
418110,0
418111,0
418112,0
418113,0
418114,0
418115,0
418116,0
418117,0
418118,0
418119,0
418120,0
418121,0
418122,0
418123,0
418124,0
418125,0
418126,0
418127,0
418128,0
418129,0
418130,0
418131,0
418132,0
418133,0
418134,0
418135,0
418136,0
418137,0
418138,0
418139,0
418140,0
418141,0
418142,0
418143,1
418144,0
418145,0
418146,0
418147,0
418148,0
418149,0
418150,0
418151,0
418152,0
418153,0
418154,0
418155,0
418156,0
418157,0
418158,0
418159,0
418160,0
418161,0
418162,0
418163,0
418164,0
418165,0
418166,0
418167,0
418168,0
418169,0
418170,0
418171,0
418172,0
418173,0
418174,0
418175,0
418176,0
418177,0
418178,0
418179,0
418180,0
418181,0
418182,0
418183,0
418184,0
418185,0
418186,0
418187,0
418188,0
418189,0
418190,0
418191,0
418192,0
418193,0
418194,0
418195,0
418196,0
418197,0
418198,0
418199,0
418200,0
418201,0
418202,0
418203,0
418204,0
418205,0
418206,0
418207,0
418208,0
418209,0
418210,0
418211,0
418212,0
418213,0
418214,0
418215,0
418216,0
418217,0
418218,0
418219,0
418220,0
418221,0
418222,0
418223,0
418224,0
418225,0
418226,0
418227,0
418228,0
418229,0
418230,0
418231,0
418232,0
418233,0
418234,0
418235,0
418236,0
418237,0
418238,0
418239,0
418240,0
418241,0
418242,0
418243,0
418244,0
418245,0
418246,0
418247,0
418248,0
418249,0
418250,0
418251,0
418252,0
418253,0
418254,0
418255,0
418256,0
418257,0
418258,0
418259,0
418260,0
418261,0
418262,0
418263,0
418264,0
418265,0
418266,0
418267,0
418268,0
418269,0
418270,0
418271,0
418272,0
418273,0
418274,0
418275,0
418276,0
418277,0
418278,0
418279,0
418280,0
418281,0
418282,0
418283,0
418284,0
418285,0
418286,0
418287,0
418288,0
418289,0
418290,0
418291,0
418292,0
418293,0
418294,0
418295,0
418296,0
418297,0
418298,0
418299,0
418300,0
418301,0
418302,0
418303,0
418304,0
418305,0
418306,0
418307,0
418308,0
418309,0
418310,0
418311,0
418312,0
418313,0
418314,0
418315,0
418316,0
418317,0
418318,0
418319,0
418320,0
418321,0
418322,0
418323,0
418324,0
418325,0
418326,0
418327,0
418328,0
418329,0
418330,0
418331,0
418332,0
418333,0
418334,0
418335,0
418336,0
418337,0
418338,0
418339,0
418340,0
418341,0
418342,0
418343,0
418344,0
418345,0
418346,0
418347,0
418348,0
418349,0
418350,0
418351,0
418352,0
418353,0
418354,0
418355,0
418356,0
418357,0
418358,0
418359,0
418360,0
418361,0
418362,0
418363,0
418364,0
418365,0
418366,0
418367,0
418368,0
418369,0
418370,0
418371,0
418372,0
418373,1
418374,0
418375,0
418376,0
418377,0
418378,0
418379,0
418380,0
418381,0
418382,0
418383,0
418384,0
418385,0
418386,0
418387,0
418388,0
418389,0
418390,0
418391,0
418392,0
418393,0
418394,0
418395,0
418396,0
418397,0
418398,0
418399,0
418400,0
418401,0
418402,0
418403,0
418404,0
418405,0
418406,0
418407,0
418408,0
418409,0
418410,0
418411,0
418412,0
418413,0
418414,0
418415,0
418416,0
418417,0
418418,0
418419,0
418420,0
418421,0
418422,0
418423,1
418424,0
418425,0
418426,0
418427,0
418428,0
418429,0
418430,0
418431,0
418432,0
418433,0
418434,0
418435,0
418436,0
418437,0
418438,0
418439,0
418440,0
418441,0
418442,0
418443,0
418444,0
418445,0
418446,0
418447,0
418448,0
418449,0
418450,0
418451,0
418452,1
418453,0
418454,0
418455,0
418456,0
418457,0
418458,0
418459,0
418460,0
418461,0
418462,0
418463,0
418464,0
418465,0
418466,0
418467,0
418468,0
418469,0
418470,0
418471,0
418472,0
418473,0
418474,0
418475,0
418476,0
418477,0
418478,0
418479,0
418480,0
418481,0
418482,0
418483,0
418484,0
418485,0
418486,0
418487,0
418488,0
418489,0
418490,0
418491,0
418492,0
418493,0
418494,0
418495,0
418496,0
418497,0
418498,0
418499,0
418500,0
418501,0
418502,0
418503,0
418504,0
418505,0
418506,0
418507,0
418508,0
418509,0
418510,0
418511,0
418512,0
418513,0
418514,0
418515,0
418516,0
418517,0
418518,0
418519,0
418520,0
418521,0
418522,0
418523,0
418524,0
418525,0
418526,0
418527,0
418528,0
418529,0
418530,0
418531,0
418532,0
418533,0
418534,0
418535,0
418536,0
418537,0
418538,0
418539,0
418540,0
418541,0
418542,0
418543,0
418544,0
418545,0
418546,0
418547,0
418548,0
418549,0
418550,0
418551,0
418552,0
418553,0
418554,0
418555,0
418556,0
418557,0
418558,0
418559,0
418560,0
418561,0
418562,0
418563,31
418564,0
418565,29
418566,0
418567,0
418568,0
418569,0
418570,0
418571,0
418572,0
418573,0
418574,17
418575,0
418576,23
418577,0
418578,0
418579,0
418580,27
418581,0
418582,24
418583,0
418584,19
418585,0
418586,0
418587,0
418588,0
418589,0
418590,0
418591,0
418592,0
418593,0
418594,0
418595,0
418596,25
418597,0
418598,0
418599,0
418600,35
418601,0
418602,0
418603,31
418604,26
418605,0
418606,0
418607,0
418608,0
418609,24
418610,0
418611,24
418612,0
418613,0
418614,29
418615,0
418616,0
418617,0
418618,21
418619,0
418620,0
418621,0
418622,0
418623,0
418624,48
418625,0
418626,0
418627,0
418628,0
418629,0
418630,27
418631,0
418632,0
418633,28
418634,0
418635,0
418636,38
418637,25
418638,0
418639,21
418640,0
418641,0
418642,0
418643,0
418644,0
418645,0
418646,0
418647,0
418648,0
418649,0
418650,33
418651,0
418652,0
418653,28
418654,50
418655,28
418656,0
418657,0
418658,0
418659,0
418660,0
418661,0
418662,0
418663,0
418664,0
418665,0
418666,30
418667,0
418668,0
418669,0
418670,0
418671,0
418672,0
418673,0
418674,0
418675,0
418676,0
418677,0
418678,0
418679,0
418680,34
418681,0
418682,0
418683,0
418684,28
418685,30
418686,0
418687,0
418688,0
418689,0
418690,42
418691,0
418692,0
418693,0
418694,0
418695,0
418696,0
418697,0
418698,0
418699,42
418700,0
418701,0
418702,0
418703,0
418704,0
418705,33
418706,41
418707,0
418708,0
418709,0
418710,0
418711,0
418712,0
418713,0
418714,33
418715,36
418716,0
418717,0
418718,0
418719,24
418720,0
418721,0
418722,0
418723,0
418724,35
418725,0
418726,0
418727,31
418728,0
418729,37
418730,0
418731,0
418732,0
418733,0
418734,0
418735,0
418736,0
418737,0
418738,0
418739,0
418740,0
418741,0
418742,0
418743,0
418744,0
418745,0
418746,0
418747,56
418748,31
418749,0
418750,0
418751,0
418752,0
418753,0
418754,0
418755,0
418756,0
418757,0
418758,0
418759,0
418760,0
418761,0
418762,39
418763,0
418764,0
418765,0
418766,0
418767,0
418768,0
418769,0
418770,0
418771,0
418772,31
418773,0
418774,0
418775,0
418776,0
418777,0
418778,0
418779,0
418780,0
418781,0
418782,38
418783,0
418784,0
418785,0
418786,0
418787,0
418788,0
418789,0
418790,0
418791,0
418792,0
418793,33
418794,0
418795,0
418796,0
418797,0
418798,0
418799,0
418800,0
418801,40
418802,0
418803,0
418804,0
418805,0
418806,0
418807,0
418808,0
418809,25
418810,23
418811,0
418812,40
418813,25
418814,0
418815,0
418816,0
418817,0
418818,0
418819,0
418820,28
418821,0
418822,0
418823,0
418824,0
418825,0
418826,0
418827,0
418828,0
418829,0
418830,0
418831,23
418832,0
418833,0
418834,0
418835,0
418836,39
418837,31
418838,0
418839,0
418840,0
418841,0
418842,32
418843,0
418844,0
418845,23
418846,0
418847,0
418848,0
418849,0
418850,0
418851,0
418852,0
418853,0
418854,0
418855,0
418856,0
418857,0
418858,0
418859,0
418860,0
418861,0
418862,0
418863,0
418864,0
418865,0
418866,0
418867,0
418868,0
418869,0
418870,0
418871,0
418872,25
418873,0
418874,16
418875,12
418876,27
418877,0
418878,0
418879,0
418880,0
418881,0
418882,0
418883,0
418884,23
418885,0
418886,0
418887,0
418888,0
418889,0
418890,10
418891,0
418892,0
418893,0
418894,0
418895,0
418896,20
418897,0
418898,0
418899,0
418900,0
418901,0
418902,0
418903,0
418904,0
418905,14
418906,0
418907,26
418908,0
418909,0
418910,0
418911,9
418912,0
418913,0
418914,0
418915,15
418916,0
418917,0
418918,20
418919,0
418920,15
418921,0
418922,0
418923,0
418924,0
418925,0
418926,0
418927,0
418928,0
418929,37
418930,23
418931,7
418932,0
418933,0
418934,0
418935,19
418936,19
418937,0
418938,0
418939,0
418940,0
418941,0
418942,0
418943,0
418944,0
418945,0
418946,0
418947,0
418948,22
418949,0
418950,9
418951,0
418952,0
418953,0
418954,19
418955,0
418956,0
418957,0
418958,0
418959,14
418960,0
418961,0
418962,0
418963,0
418964,16
418965,14
418966,0
418967,0
418968,0
418969,28
418970,0
418971,26
418972,0
418973,0
418974,0
418975,10
418976,34
418977,0
418978,0
418979,0
418980,0
418981,26
418982,0
418983,0
418984,0
418985,0
418986,10
418987,13
418988,0
418989,0
418990,8
418991,24
418992,0
418993,0
418994,0
418995,7
418996,0
418997,0
418998,17
418999,0
419000,0
419001,0
419002,0
419003,0
419004,0
419005,0
419006,9
419007,0
419008,0
419009,11
419010,20
419011,0
419012,0
419013,21
419014,17
419015,0
419016,0
419017,0
419018,14
419019,0
419020,0
419021,0
419022,18
419023,22
419024,19
419025,11
419026,10
419027,0
419028,28
419029,21
419030,23
419031,0
419032,0
419033,0
419034,0
419035,0
419036,0
419037,0
419038,0
419039,0
419040,23
419041,0
419042,24
419043,0
419044,0
419045,0
419046,0
419047,0
419048,0
419049,15
419050,0
419051,0
419052,0
419053,0
419054,11
419055,0
419056,0
419057,0
419058,27
419059,0
419060,0
419061,0
419062,0
419063,0
419064,0
419065,0
419066,0
419067,0
419068,12
419069,0
419070,0
419071,13
419072,0
419073,34
419074,0
419075,0
419076,9
419077,9
419078,34
419079,23
419080,31
419081,0
419082,0
419083,31
419084,0
419085,0
419086,0
419087,23
419088,0
419089,0
419090,0
419091,13
419092,0
419093,17
419094,0
419095,34
419096,16
419097,0
419098,0
419099,0
419100,0
419101,0
419102,0
419103,0
419104,0
419105,25
419106,0
419107,0
419108,0
419109,24
419110,0
419111,0
419112,0
419113,0
419114,0
419115,0
419116,0
419117,0
419118,0
419119,0
419120,0
419121,0
419122,15
419123,0
419124,0
419125,0
419126,0
419127,0
419128,0
419129,18
419130,0
419131,0
419132,0
419133,0
419134,0
419135,0
419136,0
419137,0
419138,0
419139,0
419140,0
419141,0
419142,12
419143,0
419144,23
419145,0
419146,18
419147,10
419148,0
419149,0
419150,0
419151,42
419152,21
419153,0
419154,18
419155,0
419156,24
419157,0
419158,0
419159,0
419160,0
419161,0
419162,0
419163,0
419164,0
419165,0
419166,0
419167,0
419168,14
419169,0
419170,30
419171,15
419172,16
419173,0
419174,21
419175,32
419176,20
419177,0
419178,0
419179,24
419180,0
419181,0
419182,18
419183,19
419184,0
419185,26
419186,0
419187,37
419188,0
419189,0
419190,0
419191,12
419192,0
419193,0
419194,0
419195,0
419196,0
419197,0
419198,0
419199,0
419200,20
419201,0
419202,0
419203,0
419204,29
419205,26
419206,0
419207,0
419208,0
419209,0
419210,0
419211,0
419212,0
419213,10
419214,13
419215,24
419216,0
419217,19
419218,21
419219,11
419220,14
419221,0
419222,0
419223,31
419224,31
419225,0
419226,0
419227,0
419228,23
419229,7
419230,0
419231,0
419232,11
419233,0
419234,21
419235,0
419236,0
419237,0
419238,0
419239,0
419240,0
419241,0
419242,0
419243,0
419244,11
419245,0
419246,26
419247,25
419248,0
419249,0
419250,0
419251,0
419252,0
419253,0
419254,0
419255,0
419256,15
419257,0
419258,20
419259,0
419260,7
419261,0
419262,0
419263,0
419264,15
419265,0
419266,0
419267,0
419268,0
419269,0
419270,18
419271,0
419272,33
419273,16
419274,0
419275,0
419276,0
419277,0
419278,8
419279,0
419280,8
419281,0
419282,8
419283,0
419284,0
419285,26
419286,0
419287,0
419288,0
419289,0
419290,0
419291,0
419292,0
419293,0
419294,0
419295,0
419296,0
419297,0
419298,0
419299,0
419300,15
419301,21
419302,17
419303,18
419304,0
419305,0
419306,0
419307,0
419308,21
419309,11
419310,18
419311,7
419312,0
419313,0
419314,0
419315,0
419316,0
419317,11
419318,0
419319,0
419320,24
419321,0
419322,30
419323,17
419324,0
419325,0
419326,0
419327,0
419328,14
419329,0
419330,0
419331,0
419332,17
419333,0
419334,0
419335,0
419336,0
419337,8
419338,22
419339,0
419340,30
419341,33
419342,0
419343,21
419344,0
419345,30
419346,21
419347,17
419348,0
419349,24
419350,19
419351,22
419352,0
419353,0
419354,0
419355,0
419356,15
419357,0
419358,0
419359,0
419360,10
419361,0
419362,13
419363,0
419364,0
419365,0
419366,11
419367,0
419368,13
419369,0
419370,0
419371,0
419372,0
419373,0
419374,6
419375,0
419376,25
419377,0
419378,19
419379,0
419380,0
419381,0
419382,0
419383,0
419384,12
419385,0
419386,0
419387,21
419388,0
419389,0
419390,0
419391,0
419392,0
419393,0
419394,28
419395,22
419396,0
419397,24
419398,0
419399,0
419400,0
419401,15
419402,0
419403,10
419404,0
419405,24
419406,0
419407,0
419408,18
419409,0
419410,0
419411,0
419412,0
419413,0
419414,0
419415,0
419416,0
419417,0
419418,17
419419,0
419420,0
419421,0
419422,0
419423,0
419424,0
419425,0
419426,0
419427,0
419428,28
419429,25
419430,0
419431,27
419432,0
419433,0
419434,0
419435,5
419436,10
419437,0
419438,0
419439,19
419440,0
419441,0
419442,14
419443,0
419444,0
419445,0
419446,8
419447,0
419448,12
419449,0
419450,0
419451,0
419452,12
419453,0
419454,10
419455,17
419456,0
419457,0
419458,0
419459,0
419460,0
419461,0
419462,0
419463,0
419464,0
419465,0
419466,0
419467,0
419468,0
419469,0
419470,8
419471,0
419472,0
419473,0
419474,14
419475,17
419476,19
419477,0
419478,23
419479,0
419480,0
419481,18
419482,0
419483,10
419484,0
419485,18
419486,0
419487,0
419488,16
419489,0
419490,27
419491,0
419492,0
419493,0
419494,0
419495,29
419496,0
419497,0
419498,15
419499,0
419500,0
419501,0
419502,0
419503,0
419504,0
419505,0
419506,0
419507,0
419508,0
419509,27
419510,18
419511,0
419512,0
419513,0
419514,0
419515,0
419516,0
419517,0
419518,16
419519,0
419520,0
419521,0
419522,0
419523,0
419524,30
419525,0
419526,0
419527,0
419528,0
419529,24
419530,0
419531,24
419532,17
419533,0
419534,0
419535,23
419536,0
419537,0
419538,0
419539,0
419540,6
419541,0
419542,0
419543,0
419544,22
419545,0
419546,0
419547,0
419548,0
419549,0
419550,0
419551,0
419552,0
419553,0
419554,0
419555,0
419556,0
419557,0
419558,0
419559,0
419560,0
419561,0
419562,0
419563,0
419564,11
419565,22
419566,0
419567,0
419568,0
419569,0
419570,0
419571,0
419572,16
419573,0
419574,0
419575,0
419576,0
419577,13
419578,0
419579,0
419580,0
419581,0
419582,0
419583,0
419584,0
419585,0
419586,0
419587,0
419588,20
419589,28
419590,0
419591,0
419592,15
419593,21
419594,15
419595,0
419596,0
419597,0
419598,0
419599,0
419600,22
419601,15
419602,0
419603,0
419604,8
419605,0
419606,24
419607,30
419608,19
419609,13
419610,15
419611,0
419612,0
419613,0
419614,0
419615,9
419616,0
419617,0
419618,13
419619,0
419620,17
419621,0
419622,23
419623,0
419624,0
419625,30
419626,0
419627,0
419628,0
419629,0
419630,0
419631,0
419632,0
419633,13
419634,0
419635,0
419636,0
419637,14
419638,0
419639,18
419640,0
419641,21
419642,0
419643,0
419644,0
419645,0
419646,0
419647,0
419648,0
419649,0
419650,0
419651,0
419652,0
419653,0
419654,0
419655,0
419656,0
419657,0
419658,0
419659,0
419660,0
419661,0
419662,0
419663,0
419664,0
419665,0
419666,0
419667,0
419668,0
419669,0
419670,0
419671,0
419672,0
419673,0
419674,0
419675,0
419676,0
419677,0
419678,0
419679,0
419680,0
419681,0
419682,0
419683,0
419684,0
419685,0
419686,0
419687,0
419688,0
419689,0
419690,0
419691,0
419692,0
419693,0
419694,0
419695,0
419696,0
419697,0
419698,0
419699,0
419700,0
419701,0
419702,0
419703,0
419704,0
419705,0
419706,0
419707,0
419708,0
419709,0
419710,0
419711,0
419712,0
419713,0
419714,0
419715,0
419716,0
419717,0
419718,0
419719,0
419720,0
419721,0
419722,0
419723,0
419724,0
419725,0
419726,0
419727,0
419728,0
419729,0
419730,0
419731,0
419732,0
419733,0
419734,0
419735,0
419736,0
419737,0
419738,0
419739,0
419740,0
419741,0
419742,0
419743,0
419744,0
419745,0
419746,0
419747,0
419748,0
419749,0
419750,0
419751,0
419752,0
419753,0
419754,0
419755,0
419756,0
419757,0
419758,0
419759,0
419760,0
419761,0
419762,0
419763,0
419764,0
419765,0
419766,0
419767,0
419768,0
419769,0
419770,0
419771,0
419772,0
419773,0
419774,0
419775,0
419776,0
419777,0
419778,0
419779,0
419780,0
419781,0
419782,0
419783,0
419784,0
419785,0
419786,0
419787,0
419788,0
419789,0
419790,0
419791,0
419792,0
419793,0
419794,0
419795,0
419796,0
419797,0
419798,0
419799,0
419800,0
419801,0
419802,0
419803,0
419804,0
419805,0
419806,0
419807,0
419808,0
419809,0
419810,0
419811,0
419812,0
419813,0
419814,0
419815,0
419816,0
419817,0
419818,0
419819,0
419820,0
419821,0
419822,0
419823,0
419824,0
419825,0
419826,0
419827,0
419828,0
419829,0
419830,0
419831,0
419832,0
419833,0
419834,0
419835,0
419836,0
419837,0
419838,0
419839,0
419840,0
419841,0
419842,0
419843,0
419844,0
419845,0
419846,0
419847,0
419848,0
419849,0
419850,0
419851,0
419852,0
419853,0
419854,0
419855,0
419856,0
419857,0
419858,0
419859,0
419860,0
419861,0
419862,0
419863,0
419864,0
419865,0
419866,0
419867,0
419868,0
419869,0
419870,0
419871,0
419872,0
419873,0
419874,0
419875,0
419876,0
419877,0
419878,0
419879,0
419880,0
419881,0
419882,0
419883,0
419884,0
419885,0
419886,0
419887,0
419888,0
419889,0
419890,0
419891,0
419892,0
419893,0
419894,0
419895,0
419896,0
419897,0
419898,0
419899,0
419900,0
419901,0
419902,0
419903,0
419904,0
419905,0
419906,0
419907,0
419908,0
419909,0
419910,0
419911,0
419912,0
419913,0
419914,0
419915,0
419916,0
419917,0
419918,0
419919,0
419920,0
419921,0
419922,0
419923,0
419924,0
419925,0
419926,0
419927,0
419928,0
419929,0
419930,0
419931,0
419932,0
419933,0
419934,0
419935,0
419936,0
419937,0
419938,0
419939,0
419940,0
419941,0
419942,0
419943,0
419944,0
419945,0
419946,0
419947,0
419948,0
419949,0
419950,0
419951,0
419952,1
419953,0
419954,0
419955,0
419956,0
419957,1
419958,0
419959,0
419960,0
419961,0
419962,0
419963,0
419964,0
419965,0
419966,0
419967,0
419968,0
419969,0
419970,0
419971,0
419972,0
419973,0
419974,0
419975,0
419976,0
419977,0
419978,0
419979,0
419980,0
419981,0
419982,0
419983,0
419984,0
419985,0
419986,0
419987,0
419988,0
419989,0
419990,0
419991,0
419992,0
419993,0
419994,0
419995,0
419996,0
419997,0
419998,0
419999,0
420000,0
420001,0
420002,0
420003,0
420004,0
420005,0
420006,0
420007,0
420008,0
420009,0
420010,0
420011,0
420012,1
420013,0
420014,0
420015,0
420016,0
420017,0
420018,0
420019,0
420020,0
420021,0
420022,0
420023,0
420024,0
420025,0
420026,0
420027,0
420028,0
420029,0
420030,0
420031,0
420032,0
420033,0
420034,0
420035,0
420036,0
420037,0
420038,0
420039,0
420040,0
420041,0
420042,0
420043,0
420044,0
420045,0
420046,0
420047,0
420048,0
420049,0
420050,0
420051,0
420052,0
420053,0
420054,0
420055,0
420056,0
420057,0
420058,0
420059,0
420060,0
420061,0
420062,0
420063,0
420064,0
420065,0
420066,0
420067,0
420068,0
420069,0
420070,0
420071,0
420072,0
420073,0
420074,0
420075,0
420076,0
420077,0
420078,0
420079,0
420080,0
420081,0
420082,0
420083,0
420084,0
420085,0
420086,0
420087,0
420088,0
420089,0
420090,0
420091,0
420092,0
420093,0
420094,0
420095,0
420096,0
420097,0
420098,0
420099,0
420100,0
420101,0
420102,0
420103,0
420104,0
420105,0
420106,0
420107,0
420108,0
420109,0
420110,0
420111,0
420112,0
420113,0
420114,0
420115,0
420116,0
420117,0
420118,0
420119,0
420120,0
420121,0
420122,0
420123,0
420124,0
420125,0
420126,0
420127,0
420128,0
420129,0
420130,0
420131,0
420132,0
420133,0
420134,0
420135,0
420136,0
420137,0
420138,0
420139,0
420140,0
420141,0
420142,0
420143,0
420144,0
420145,0
420146,0
420147,0
420148,0
420149,0
420150,0
420151,0
420152,0
420153,0
420154,0
420155,0
420156,0
420157,0
420158,0
420159,0
420160,0
420161,0
420162,0
420163,0
420164,0
420165,0
420166,0
420167,0
420168,0
420169,0
420170,0
420171,0
420172,0
420173,0
420174,0
420175,0
420176,0
420177,0
420178,0
420179,0
420180,1
420181,0
420182,0
420183,0
420184,0
420185,13
420186,0
420187,0
420188,0
420189,0
420190,0
420191,14
420192,0
420193,0
420194,0
420195,0
420196,0
420197,0
420198,22
420199,0
420200,11
420201,0
420202,0
420203,11
420204,0
420205,0
420206,0
420207,0
420208,0
420209,0
420210,0
420211,0
420212,0
420213,0
420214,23
420215,0
420216,0
420217,25
420218,0
420219,0
420220,0
420221,0
420222,0
420223,0
420224,0
420225,0
420226,0
420227,0
420228,0
420229,0
420230,20
420231,0
420232,13
420233,21
420234,12
420235,0
420236,8
420237,0
420238,0
420239,0
420240,0
420241,0
420242,0
420243,0
420244,0
420245,0
420246,0
420247,8
420248,12
420249,17
420250,17
420251,0
420252,0
420253,0
420254,15
420255,0
420256,0
420257,6
420258,0
420259,13
420260,16
420261,0
420262,0
420263,0
420264,10
420265,0
420266,0
420267,0
420268,27
420269,0
420270,17
420271,0
420272,0
420273,0
420274,17
420275,0
420276,15
420277,0
420278,9
420279,9
420280,0
420281,0
420282,0
420283,0
420284,0
420285,0
420286,0
420287,0
420288,0
420289,0
420290,8
420291,0
420292,0
420293,0
420294,20
420295,17
420296,0
420297,23
420298,0
420299,0
420300,0
420301,0
420302,0
420303,17
420304,21
420305,14
420306,15
420307,0
420308,0
420309,0
420310,0
420311,0
420312,0
420313,0
420314,0
420315,0
420316,0
420317,10
420318,14
420319,0
420320,0
420321,0
420322,0
420323,15
420324,0
420325,0
420326,0
420327,0
420328,0
420329,0
420330,0
420331,19
420332,19
420333,26
420334,14
420335,0
420336,0
420337,0
420338,21
420339,0
420340,0
420341,17
420342,13
420343,0
420344,10
420345,0
420346,0
420347,13
420348,0
420349,0
420350,13
420351,11
420352,12
420353,0
420354,0
420355,0
420356,10
420357,11
420358,0
420359,0
420360,0
420361,23
420362,0
420363,0
420364,0
420365,17
420366,0
420367,17
420368,0
420369,0
420370,0
420371,22
420372,16
420373,0
420374,9
420375,17
420376,0
420377,0
420378,0
420379,0
420380,0
420381,0
420382,8
420383,0
420384,0
420385,17
420386,0
420387,12
420388,0
420389,5
420390,0
420391,0
420392,31
420393,0
420394,0
420395,0
420396,0
420397,0
420398,0
420399,19
420400,0
420401,0
420402,16
420403,0
420404,0
420405,0
420406,0
420407,0
420408,0
420409,9
420410,0
420411,0
420412,0
420413,17
420414,0
420415,18
420416,0
420417,0
420418,12
420419,0
420420,0
420421,0
420422,0
420423,0
420424,12
420425,0
420426,0
420427,0
420428,20
420429,0
420430,0
420431,0
420432,13
420433,0
420434,0
420435,0
420436,0
420437,30
420438,18
420439,0
420440,0
420441,0
420442,15
420443,3
420444,0
420445,0
420446,0
420447,0
420448,0
420449,0
420450,19
420451,21
420452,0
420453,0
420454,0
420455,0
420456,0
420457,13
420458,0
420459,10
420460,22
420461,0
420462,0
420463,23
420464,0
420465,0
420466,0
420467,0
420468,0
420469,21
420470,0
420471,23
420472,0
420473,0
420474,28
420475,0
420476,0
420477,17
420478,0
420479,13
420480,0
420481,18
420482,17
420483,0
420484,0
420485,0
420486,0
420487,0
420488,0
420489,0
420490,12
420491,0
420492,5
420493,0
420494,0
420495,12
420496,0
420497,0
420498,0
420499,9
420500,0
420501,9
420502,0
420503,0
420504,24
420505,0
420506,10
420507,0
420508,12
420509,0
420510,0
420511,0
420512,12
420513,0
420514,0
420515,0
420516,20
420517,0
420518,0
420519,0
420520,0
420521,26
420522,0
420523,0
420524,0
420525,0
420526,0
420527,0
420528,0
420529,17
420530,0
420531,0
420532,0
420533,0
420534,0
420535,0
420536,10
420537,0
420538,0
420539,0
420540,0
420541,0
420542,0
420543,0
420544,0
420545,18
420546,0
420547,0
420548,11
420549,0
420550,0
420551,14
420552,0
420553,0
420554,0
420555,0
420556,14
420557,0
420558,0
420559,0
420560,0
420561,0
420562,0
420563,0
420564,15
420565,5
420566,0
420567,0
420568,0
420569,8
420570,0
420571,13
420572,0
420573,0
420574,0
420575,0
420576,0
420577,0
420578,0
420579,10
420580,0
420581,0
420582,0
420583,8
420584,0
420585,0
420586,0
420587,0
420588,0
420589,16
420590,0
420591,16
420592,0
420593,0
420594,0
420595,0
420596,0
420597,0
420598,0
420599,0
420600,0
420601,10
420602,0
420603,0
420604,0
420605,0
420606,11
420607,0
420608,20
420609,0
420610,0
420611,0
420612,17
420613,0
420614,12
420615,16
420616,0
420617,0
420618,0
420619,0
420620,0
420621,0
420622,14
420623,0
420624,0
420625,21
420626,0
420627,0
420628,0
420629,11
420630,0
420631,0
420632,0
420633,0
420634,0
420635,0
420636,9
420637,0
420638,0
420639,0
420640,0
420641,0
420642,10
420643,0
420644,0
420645,0
420646,0
420647,0
420648,14
420649,0
420650,0
420651,20
420652,0
420653,0
420654,0
420655,23
420656,0
420657,0
420658,0
420659,0
420660,11
420661,0
420662,9
420663,0
420664,13
420665,0
420666,15
420667,0
420668,0
420669,16
420670,19
420671,5
420672,24
420673,27
420674,0
420675,0
420676,0
420677,0
420678,14
420679,0
420680,0
420681,15
420682,37
420683,0
420684,0
420685,0
420686,0
420687,0
420688,2
420689,0
420690,0
420691,0
420692,0
420693,0
420694,0
420695,25
420696,20
420697,0
420698,0
420699,0
420700,0
420701,0
420702,0
420703,8
420704,0
420705,30
420706,0
420707,12
420708,0
420709,10
420710,0
420711,0
420712,0
420713,0
420714,21
420715,0
420716,0
420717,0
420718,0
420719,0
420720,0
420721,0
420722,10
420723,0
420724,22
420725,0
420726,0
420727,0
420728,20
420729,12
420730,20
420731,18
420732,17
420733,0
420734,0
420735,0
420736,0
420737,0
420738,0
420739,0
420740,0
420741,17
420742,0
420743,0
420744,0
420745,7
420746,18
420747,0
420748,0
420749,0
420750,15
420751,0
420752,29
420753,0
420754,0
420755,0
420756,0
420757,0
420758,0
420759,19
420760,0
420761,0
420762,0
420763,18
420764,0
420765,0
420766,0
420767,0
420768,13
420769,0
420770,0
420771,3
420772,16
420773,22
420774,0
420775,0
420776,0
420777,0
420778,0
420779,0
420780,0
420781,0
420782,0
420783,0
420784,15
420785,0
420786,0
420787,0
420788,0
420789,34
420790,0
420791,0
420792,0
420793,0
420794,0
420795,0
420796,0
420797,17
420798,0
420799,22
420800,0
420801,0
420802,0
420803,0
420804,0
420805,0
420806,0
420807,0
420808,12
420809,0
420810,11
420811,16
420812,9
420813,0
420814,0
420815,0
420816,0
420817,10
420818,0
420819,22
420820,0
420821,0
420822,0
420823,0
420824,0
420825,0
420826,0
420827,0
420828,0
420829,0
420830,32
420831,0
420832,0
420833,0
420834,0
420835,0
420836,0
420837,0
420838,0
420839,0
420840,0
420841,0
420842,0
420843,0
420844,0
420845,0
420846,0
420847,0
420848,0
420849,0
420850,0
420851,0
420852,0
420853,0
420854,0
420855,0
420856,0
420857,0
420858,0
420859,0
420860,0
420861,0
420862,0
420863,0
420864,0
420865,0
420866,0
420867,0
420868,0
420869,0
420870,0
420871,0
420872,0
420873,0
420874,0
420875,29
420876,0
420877,0
420878,0
420879,0
420880,0
420881,0
420882,0
420883,0
420884,0
420885,41
420886,0
420887,0
420888,0
420889,0
420890,0
420891,0
420892,0
420893,0
420894,0
420895,0
420896,0
420897,0
420898,0
420899,0
420900,0
420901,0
420902,0
420903,0
420904,0
420905,0
420906,32
420907,0
420908,0
420909,0
420910,0
420911,0
420912,0
420913,0
420914,0
420915,0
420916,0
420917,0
420918,0
420919,0
420920,0
420921,0
420922,0
420923,0
420924,0
420925,0
420926,0
420927,0
420928,0
420929,0
420930,0
420931,50
420932,0
420933,0
420934,0
420935,0
420936,0
420937,0
420938,0
420939,0
420940,0
420941,0
420942,0
420943,0
420944,0
420945,0
420946,0
420947,0
420948,0
420949,0
420950,26
420951,0
420952,0
420953,0
420954,0
420955,0
420956,0
420957,0
420958,0
420959,0
420960,0
420961,0
420962,0
420963,0
420964,0
420965,0
420966,0
420967,0
420968,0
420969,0
420970,0
420971,0
420972,0
420973,0
420974,0
420975,0
420976,0
420977,26
420978,0
420979,0
420980,0
420981,0
420982,30
420983,0
420984,0
420985,0
420986,0
420987,0
420988,0
420989,0
420990,0
420991,0
420992,40
420993,0
420994,0
420995,0
420996,39
420997,0
420998,0
420999,0
421000,0
421001,0
421002,0
421003,0
421004,0
421005,0
421006,0
421007,0
421008,0
421009,0
421010,0
421011,0
421012,0
421013,0
421014,0
421015,0
421016,0
421017,0
421018,0
421019,0
421020,0
421021,0
421022,0
421023,0
421024,0
421025,0
421026,0
421027,0
421028,0
421029,0
421030,0
421031,0
421032,0
421033,0
421034,0
421035,0
421036,0
421037,0
421038,0
421039,0
421040,0
421041,0
421042,0
421043,0
421044,0
421045,0
421046,0
421047,0
421048,0
421049,0
421050,0
421051,0
421052,0
421053,0
421054,0
421055,0
421056,0
421057,0
421058,0
421059,0
421060,0
421061,0
421062,0
421063,0
421064,0
421065,0
421066,0
421067,0
421068,0
421069,0
421070,0
421071,0
421072,0
421073,0
421074,0
421075,0
421076,0
421077,0
421078,0
421079,0
421080,0
421081,0
421082,0
421083,0
421084,0
421085,1
421086,0
421087,0
421088,0
421089,0
421090,0
421091,0
421092,0
421093,0
421094,0
421095,0
421096,0
421097,0
421098,0
421099,0
421100,0
421101,0
421102,0
421103,0
421104,0
421105,0
421106,0
421107,0
421108,0
421109,0
421110,0
421111,0
421112,0
421113,0
421114,0
421115,0
421116,0
421117,0
421118,0
421119,0
421120,0
421121,0
421122,0
421123,0
421124,0
421125,0
421126,0
421127,0
421128,0
421129,0
421130,0
421131,0
421132,0
421133,0
421134,0
421135,0
421136,0
421137,0
421138,0
421139,0
421140,0
421141,0
421142,0
421143,0
421144,0
421145,0
421146,0
421147,0
421148,0
421149,0
421150,0
421151,0
421152,0
421153,0
421154,0
421155,0
421156,0
421157,0
421158,0
421159,0
421160,0
421161,0
421162,0
421163,0
421164,0
421165,0
421166,0
421167,0
421168,0
421169,0
421170,0
421171,0
421172,0
421173,0
421174,0
421175,0
421176,0
421177,0
421178,0
421179,0
421180,0
421181,0
421182,0
421183,0
421184,0
421185,0
421186,0
421187,0
421188,0
421189,0
421190,0
421191,0
421192,0
421193,0
421194,0
421195,0
421196,0
421197,0
421198,0
421199,0
421200,0
421201,0
421202,0
421203,0
421204,0
421205,0
421206,0
421207,0
421208,0
421209,0
421210,0
421211,0
421212,0
421213,0
421214,0
421215,0
421216,0
421217,0
421218,0
421219,0
421220,0
421221,0
421222,0
421223,0
421224,0
421225,0
421226,0
421227,0
421228,0
421229,0
421230,0
421231,0
421232,0
421233,0
421234,0
421235,0
421236,0
421237,0
421238,0
421239,0
421240,0
421241,0
421242,0
421243,0
421244,0
421245,0
421246,0
421247,0
421248,0
421249,0
421250,0
421251,0
421252,0
421253,0
421254,0
421255,0
421256,0
421257,0
421258,0
421259,0
421260,0
421261,0
421262,0
421263,0
421264,0
421265,0
421266,0
421267,0
421268,0
421269,0
421270,0
421271,0
421272,0
421273,0
421274,0
421275,0
421276,0
421277,0
421278,0
421279,0
421280,0
421281,0
421282,0
421283,0
421284,0
421285,0
421286,0
421287,0
421288,0
421289,0
421290,0
421291,0
421292,0
421293,0
421294,0
421295,0
421296,0
421297,0
421298,0
421299,0
421300,0
421301,0
421302,0
421303,0
421304,0
421305,0
421306,0
421307,0
421308,0
421309,0
421310,0
421311,0
421312,0
421313,0
421314,0
421315,0
421316,0
421317,0
421318,0
421319,0
421320,0
421321,0
421322,0
421323,0
421324,0
421325,0
421326,0
421327,0
421328,0
421329,0
421330,0
421331,0
421332,0
421333,0
421334,0
421335,0
421336,0
421337,0
421338,0
421339,0
421340,0
421341,0
421342,0
421343,0
421344,0
421345,0
421346,0
421347,0
421348,0
421349,0
421350,0
421351,0
421352,0
421353,0
421354,0
421355,0
421356,0
421357,0
421358,0
421359,0
421360,0
421361,0
421362,0
421363,0
421364,0
421365,0
421366,0
421367,0
421368,0
421369,0
421370,0
421371,0
421372,0
421373,0
421374,0
421375,0
421376,0
421377,0
421378,0
421379,0
421380,0
421381,0
421382,0
421383,0
421384,0
421385,0
421386,0
421387,0
421388,0
421389,0
421390,0
421391,0
421392,0
421393,0
421394,0
421395,0
421396,0
421397,0
421398,0
421399,0
421400,0
421401,0
421402,0
421403,0
421404,0
421405,0
421406,0
421407,0
421408,0
421409,0
421410,0
421411,0
421412,0
421413,0
421414,0
421415,0
421416,0
421417,0
421418,0
421419,0
421420,0
421421,0
421422,0
421423,0
421424,0
421425,0
421426,0
421427,0
421428,0
421429,0
421430,0
421431,0
421432,0
421433,0
421434,0
421435,0
421436,0
421437,0
421438,0
421439,0
421440,0
421441,0
421442,0
421443,0
421444,0
421445,0
421446,0
421447,0
421448,0
421449,0
421450,0
421451,0
421452,0
421453,0
421454,0
421455,0
421456,0
421457,0
421458,0
421459,0
421460,0
421461,0
421462,0
421463,0
421464,0
421465,0
421466,0
421467,0
421468,0
421469,0
421470,0
421471,0
421472,0
421473,0
421474,0
421475,0
421476,0
421477,0
421478,0
421479,0
421480,0
421481,0
421482,0
421483,0
421484,0
421485,0
421486,0
421487,0
421488,0
421489,0
421490,0
421491,0
421492,0
421493,0
421494,0
421495,0
421496,0
421497,0
421498,0
421499,0
421500,0
421501,0
421502,0
421503,0
421504,0
421505,0
421506,0
421507,0
421508,0
421509,0
421510,0
421511,0
421512,0
421513,0
421514,0
421515,0
421516,0
421517,0
421518,0
421519,0
421520,0
421521,0
421522,0
421523,0
421524,0
421525,0
421526,0
421527,0
421528,0
421529,0
421530,0
421531,0
421532,0
421533,0
421534,0
421535,0
421536,0
421537,0
421538,0
421539,0
421540,0
421541,0
421542,0
421543,0
421544,0
421545,0
421546,0
421547,0
421548,0
421549,0
421550,0
421551,0
421552,0
421553,0
421554,0
421555,0
421556,0
421557,0
421558,0
421559,0
421560,0
421561,0
421562,0
421563,0
421564,0
421565,0
421566,0
421567,0
421568,0
421569,0
421570,0
421571,0
421572,0
421573,0
421574,0
421575,0
421576,0
421577,0
421578,0
421579,0
421580,0
421581,0
421582,0
421583,0
421584,0
421585,0
421586,0
421587,0
421588,0
421589,0
421590,0
421591,0
421592,0
421593,0
421594,0
421595,31
421596,0
421597,0
421598,0
421599,0
421600,22
421601,0
421602,0
421603,0
421604,0
421605,0
421606,0
421607,0
421608,0
421609,31
421610,0
421611,0
421612,0
421613,0
421614,0
421615,0
421616,0
421617,0
421618,0
421619,0
421620,0
421621,18
421622,0
421623,0
421624,0
421625,0
421626,0
421627,0
421628,0
421629,0
421630,0
421631,0
421632,28
421633,0
421634,0
421635,0
421636,0
421637,0
421638,0
421639,0
421640,0
421641,0
421642,0
421643,0
421644,0
421645,0
421646,0
421647,0
421648,0
421649,0
421650,0
421651,31
421652,0
421653,0
421654,0
421655,0
421656,0
421657,0
421658,12
421659,0
421660,0
421661,0
421662,0
421663,0
421664,0
421665,0
421666,0
421667,0
421668,0
421669,0
421670,0
421671,0
421672,35
421673,0
421674,0
421675,0
421676,0
421677,0
421678,0
421679,0
421680,0
421681,0
421682,0
421683,0
421684,0
421685,0
421686,24
421687,0
421688,0
421689,0
421690,0
421691,0
421692,0
421693,25
421694,0
421695,0
421696,0
421697,0
421698,0
421699,0
421700,27
421701,0
421702,0
421703,0
421704,0
421705,0
421706,0
421707,0
421708,0
421709,0
421710,0
421711,25
421712,0
421713,0
421714,0
421715,0
421716,0
421717,0
421718,0
421719,0
421720,0
421721,0
421722,20
421723,0
421724,0
421725,0
421726,0
421727,0
421728,0
421729,0
421730,0
421731,0
421732,0
421733,0
421734,0
421735,0
421736,0
421737,0
421738,0
421739,0
421740,26
421741,0
421742,0
421743,0
421744,0
421745,0
421746,0
421747,0
421748,0
421749,35
421750,0
421751,0
421752,0
421753,0
421754,0
421755,0
421756,0
421757,0
421758,0
421759,0
421760,0
421761,0
421762,0
421763,0
421764,0
421765,0
421766,0
421767,0
421768,0
421769,0
421770,0
421771,0
421772,0
421773,0
421774,0
421775,0
421776,0
421777,34
421778,0
421779,0
421780,0
421781,0
421782,21
421783,0
421784,0
421785,0
421786,0
421787,0
421788,0
421789,0
421790,0
421791,0
421792,0
421793,0
421794,0
421795,0
421796,0
421797,0
421798,25
421799,0
421800,0
421801,12
421802,0
421803,0
421804,0
421805,0
421806,0
421807,0
421808,0
421809,0
421810,0
421811,0
421812,0
421813,0
421814,27
421815,0
421816,24
421817,0
421818,24
421819,0
421820,0
421821,0
421822,0
421823,0
421824,0
421825,0
421826,0
421827,0
421828,0
421829,0
421830,0
421831,0
421832,0
421833,0
421834,0
421835,0
421836,0
421837,0
421838,0
421839,2
421840,0
421841,1
421842,0
421843,0
421844,0
421845,0
421846,0
421847,0
421848,0
421849,0
421850,0
421851,0
421852,0
421853,0
421854,6
421855,0
421856,0
421857,0
421858,0
421859,0
421860,0
421861,0
421862,0
421863,0
421864,0
421865,0
421866,0
421867,0
421868,0
421869,0
421870,0
421871,0
421872,5
421873,0
421874,0
421875,0
421876,0
421877,0
421878,3
421879,3
421880,0
421881,0
421882,0
421883,0
421884,0
421885,0
421886,0
421887,0
421888,2
421889,0
421890,0
421891,0
421892,0
421893,0
421894,0
421895,0
421896,4
421897,0
421898,0
421899,0
421900,0
421901,0
421902,4
421903,0
421904,0
421905,0
421906,0
421907,3
421908,0
421909,0
421910,0
421911,0
421912,1
421913,0
421914,0
421915,0
421916,0
421917,0
421918,0
421919,0
421920,0
421921,3
421922,0
421923,0
421924,0
421925,0
421926,0
421927,0
421928,0
421929,0
421930,0
421931,0
421932,0
421933,0
421934,0
421935,0
421936,0
421937,0
421938,0
421939,0
421940,3
421941,6
421942,0
421943,0
421944,0
421945,3
421946,0
421947,3
421948,1
421949,0
421950,6
421951,0
421952,0
421953,0
421954,0
421955,0
421956,0
421957,0
421958,0
421959,0
421960,0
421961,5
421962,0
421963,0
421964,6
421965,2
421966,0
421967,0
421968,0
421969,0
421970,0
421971,0
421972,0
421973,0
421974,3
421975,3
421976,0
421977,0
421978,0
421979,3
421980,0
421981,0
421982,0
421983,0
421984,0
421985,0
421986,0
421987,0
421988,0
421989,0
421990,0
421991,0
421992,0
421993,0
421994,0
421995,1
421996,0
421997,0
421998,0
421999,0
422000,0
422001,0
422002,0
422003,0
422004,0
422005,0
422006,0
422007,0
422008,0
422009,0
422010,0
422011,0
422012,0
422013,0
422014,1
422015,0
422016,0
422017,2
422018,0
422019,0
422020,2
422021,0
422022,0
422023,0
422024,0
422025,0
422026,0
422027,0
422028,0
422029,0
422030,0
422031,0
422032,0
422033,0
422034,0
422035,0
422036,0
422037,5
422038,0
422039,0
422040,0
422041,0
422042,0
422043,0
422044,0
422045,1
422046,1
422047,0
422048,0
422049,0
422050,0
422051,0
422052,2
422053,0
422054,0
422055,2
422056,0
422057,0
422058,0
422059,0
422060,0
422061,0
422062,0
422063,0
422064,0
422065,3
422066,2
422067,0
422068,0
422069,0
422070,1
422071,0
422072,0
422073,0
422074,0
422075,0
422076,0
422077,3
422078,0
422079,0
422080,0
422081,0
422082,3
422083,0
422084,0
422085,0
422086,0
422087,0
422088,0
422089,0
422090,0
422091,0
422092,0
422093,0
422094,0
422095,0
422096,0
422097,0
422098,0
422099,0
422100,0
422101,0
422102,0
422103,0
422104,0
422105,0
422106,0
422107,0
422108,0
422109,0
422110,0
422111,0
422112,1
422113,0
422114,0
422115,0
422116,0
422117,0
422118,0
422119,0
422120,0
422121,0
422122,1
422123,0
422124,0
422125,4
422126,0
422127,0
422128,0
422129,0
422130,0
422131,0
422132,0
422133,0
422134,0
422135,0
422136,0
422137,0
422138,0
422139,0
422140,0
422141,0
422142,0
422143,0
422144,0
422145,0
422146,0
422147,0
422148,0
422149,0
422150,0
422151,0
422152,0
422153,0
422154,0
422155,0
422156,0
422157,0
422158,2
422159,0
422160,0
422161,0
422162,0
422163,0
422164,0
422165,0
422166,0
422167,6
422168,0
422169,0
422170,0
422171,0
422172,0
422173,0
422174,0
422175,0
422176,0
422177,0
422178,2
422179,0
422180,0
422181,0
422182,0
422183,0
422184,0
422185,0
422186,0
422187,0
422188,0
422189,0
422190,0
422191,0
422192,0
422193,1
422194,0
422195,0
422196,0
422197,0
422198,0
422199,0
422200,2
422201,2
422202,0
422203,0
422204,0
422205,0
422206,0
422207,0
422208,3
422209,0
422210,0
422211,0
422212,0
422213,0
422214,0
422215,0
422216,0
422217,0
422218,0
422219,0
422220,0
422221,0
422222,0
422223,0
422224,0
422225,0
422226,0
422227,0
422228,0
422229,0
422230,0
422231,0
422232,0
422233,0
422234,0
422235,0
422236,0
422237,0
422238,0
422239,0
422240,0
422241,2
422242,2
422243,0
422244,0
422245,0
422246,0
422247,0
422248,0
422249,0
422250,2
422251,0
422252,0
422253,0
422254,0
422255,0
422256,0
422257,0
422258,0
422259,0
422260,0
422261,0
422262,0
422263,0
422264,0
422265,0
422266,0
422267,0
422268,0
422269,0
422270,0
422271,0
422272,0
422273,0
422274,0
422275,0
422276,0
422277,0
422278,0
422279,0
422280,0
422281,0
422282,0
422283,0
422284,0
422285,0
422286,0
422287,0
422288,0
422289,0
422290,0
422291,0
422292,0
422293,0
422294,0
422295,0
422296,0
422297,0
422298,0
422299,0
422300,0
422301,0
422302,0
422303,0
422304,0
422305,1
422306,0
422307,0
422308,0
422309,0
422310,0
422311,1
422312,0
422313,0
422314,0
422315,0
422316,0
422317,0
422318,0
422319,3
422320,0
422321,0
422322,0
422323,1
422324,1
422325,0
422326,0
422327,0
422328,0
422329,0
422330,2
422331,0
422332,2
422333,0
422334,0
422335,0
422336,1
422337,0
422338,2
422339,0
422340,0
422341,0
422342,0
422343,0
422344,0
422345,0
422346,0
422347,0
422348,0
422349,0
422350,0
422351,0
422352,0
422353,0
422354,0
422355,0
422356,0
422357,0
422358,0
422359,0
422360,0
422361,0
422362,0
422363,0
422364,0
422365,0
422366,0
422367,0
422368,0
422369,0
422370,0
422371,0
422372,0
422373,0
422374,0
422375,0
422376,0
422377,0
422378,0
422379,0
422380,0
422381,2
422382,0
422383,0
422384,0
422385,0
422386,0
422387,0
422388,0
422389,0
422390,0
422391,0
422392,0
422393,1
422394,0
422395,0
422396,0
422397,1
422398,0
422399,0
422400,0
422401,0
422402,0
422403,0
422404,4
422405,0
422406,0
422407,0
422408,0
422409,0
422410,0
422411,0
422412,0
422413,0
422414,0
422415,0
422416,0
422417,0
422418,0
422419,0
422420,0
422421,0
422422,0
422423,1
422424,0
422425,2
422426,0
422427,0
422428,0
422429,0
422430,0
422431,0
422432,0
422433,0
422434,0
422435,0
422436,0
422437,0
422438,0
422439,0
422440,1
422441,0
422442,0
422443,0
422444,0
422445,0
422446,0
422447,0
422448,0
422449,0
422450,0
422451,0
422452,0
422453,0
422454,0
422455,0
422456,0
422457,0
422458,0
422459,0
422460,0
422461,0
422462,0
422463,0
422464,0
422465,0
422466,0
422467,0
422468,0
422469,0
422470,0
422471,0
422472,0
422473,0
422474,0
422475,0
422476,1
422477,0
422478,0
422479,0
422480,0
422481,0
422482,0
422483,0
422484,0
422485,0
422486,0
422487,0
422488,0
422489,0
422490,0
422491,0
422492,0
422493,0
422494,0
422495,0
422496,0
422497,0
422498,0
422499,0
422500,0
422501,0
422502,0
422503,0
422504,0
422505,0
422506,2
422507,0
422508,0
422509,0
422510,0
422511,0
422512,0
422513,0
422514,0
422515,0
422516,0
422517,0
422518,0
422519,0
422520,0
422521,0
422522,0
422523,0
422524,0
422525,0
422526,0
422527,0
422528,0
422529,0
422530,0
422531,0
422532,0
422533,0
422534,0
422535,0
422536,0
422537,0
422538,0
422539,0
422540,0
422541,0
422542,0
422543,0
422544,1
422545,0
422546,0
422547,0
422548,0
422549,0
422550,0
422551,0
422552,0
422553,0
422554,0
422555,0
422556,0
422557,0
422558,0
422559,0
422560,0
422561,0
422562,0
422563,0
422564,0
422565,0
422566,3
422567,0
422568,0
422569,0
422570,5
422571,0
422572,0
422573,0
422574,0
422575,0
422576,0
422577,0
422578,0
422579,0
422580,0
422581,20
422582,25
422583,0
422584,0
422585,0
422586,0
422587,17
422588,0
422589,0
422590,19
422591,0
422592,20
422593,0
422594,12
422595,0
422596,0
422597,20
422598,0
422599,0
422600,0
422601,0
422602,22
422603,0
422604,0
422605,0
422606,0
422607,0
422608,0
422609,0
422610,0
422611,0
422612,0
422613,0
422614,23
422615,17
422616,0
422617,0
422618,0
422619,0
422620,0
422621,0
422622,0
422623,0
422624,0
422625,0
422626,38
422627,0
422628,0
422629,0
422630,0
422631,0
422632,0
422633,0
422634,0
422635,0
422636,0
422637,24
422638,17
422639,23
422640,0
422641,0
422642,0
422643,0
422644,0
422645,14
422646,0
422647,0
422648,0
422649,0
422650,0
422651,0
422652,0
422653,0
422654,0
422655,0
422656,0
422657,0
422658,0
422659,0
422660,0
422661,0
422662,0
422663,0
422664,0
422665,0
422666,0
422667,0
422668,0
422669,0
422670,0
422671,0
422672,0
422673,0
422674,0
422675,0
422676,0
422677,0
422678,38
422679,14
422680,0
422681,23
422682,0
422683,0
422684,19
422685,0
422686,0
422687,20
422688,0
422689,15
422690,0
422691,0
422692,0
422693,17
422694,23
422695,12
422696,24
422697,0
422698,22
422699,0
422700,27
422701,18
422702,0
422703,17
422704,0
422705,0
422706,0
422707,0
422708,0
422709,0
422710,0
422711,0
422712,0
422713,0
422714,15
422715,0
422716,0
422717,0
422718,0
422719,0
422720,0
422721,0
422722,0
422723,0
422724,0
422725,27
422726,13
422727,0
422728,0
422729,0
422730,0
422731,0
422732,0
422733,0
422734,0
422735,0
422736,0
422737,0
422738,0
422739,20
422740,0
422741,0
422742,0
422743,0
422744,0
422745,16
422746,0
422747,0
422748,0
422749,0
422750,22
422751,20
422752,0
422753,0
422754,18
422755,0
422756,0
422757,0
422758,0
422759,0
422760,0
422761,17
422762,0
422763,0
422764,0
422765,0
422766,0
422767,30
422768,0
422769,0
422770,0
422771,0
422772,0
422773,15
422774,13
422775,0
422776,0
422777,0
422778,0
422779,0
422780,0
422781,22
422782,0
422783,0
422784,0
422785,27
422786,0
422787,17
422788,0
422789,0
422790,0
422791,0
422792,0
422793,0
422794,0
422795,0
422796,0
422797,0
422798,17
422799,0
422800,20
422801,0
422802,0
422803,0
422804,0
422805,0
422806,16
422807,0
422808,14
422809,0
422810,0
422811,0
422812,0
422813,13
422814,0
422815,0
422816,0
422817,0
422818,23
422819,25
422820,0
422821,17
422822,0
422823,18
422824,0
422825,22
422826,0
422827,0
422828,0
422829,0
422830,0
422831,0
422832,0
422833,14
422834,0
422835,0
422836,0
422837,0
422838,0
422839,0
422840,0
422841,0
422842,0
422843,0
422844,23
422845,0
422846,21
422847,0
422848,0
422849,20
422850,0
422851,14
422852,15
422853,0
422854,0
422855,0
422856,22
422857,0
422858,0
422859,0
422860,0
422861,11
422862,0
422863,0
422864,0
422865,0
422866,0
422867,13
422868,0
422869,14
422870,0
422871,0
422872,0
422873,0
422874,10
422875,0
422876,0
422877,0
422878,10
422879,21
422880,0
422881,0
422882,21
422883,17
422884,0
422885,0
422886,0
422887,0
422888,0
422889,0
422890,0
422891,0
422892,0
422893,0
422894,0
422895,28
422896,0
422897,0
422898,0
422899,7
422900,0
422901,15
422902,0
422903,0
422904,21
422905,0
422906,0
422907,15
422908,0
422909,0
422910,0
422911,16
422912,0
422913,0
422914,10
422915,0
422916,15
422917,0
422918,21
422919,0
422920,17
422921,0
422922,0
422923,18
422924,0
422925,0
422926,0
422927,0
422928,0
422929,25
422930,0
422931,0
422932,15
422933,18
422934,0
422935,17
422936,0
422937,15
422938,0
422939,0
422940,0
422941,22
422942,32
422943,0
422944,27
422945,0
422946,0
422947,21
422948,0
422949,22
422950,0
422951,19
422952,0
422953,0
422954,0
422955,0
422956,0
422957,0
422958,0
422959,0
422960,0
422961,0
422962,19
422963,0
422964,11
422965,0
422966,0
422967,22
422968,0
422969,26
422970,0
422971,16
422972,26
422973,0
422974,0
422975,0
422976,0
422977,0
422978,0
422979,0
422980,0
422981,0
422982,0
422983,0
422984,22
422985,0
422986,0
422987,0
422988,0
422989,0
422990,0
422991,0
422992,0
422993,0
422994,0
422995,24
422996,0
422997,10
422998,0
422999,0
423000,0
423001,1
423002,0
423003,0
423004,1
423005,0
423006,0
423007,0
423008,0
423009,0
423010,0
423011,1
423012,0
423013,0
423014,0
423015,0
423016,0
423017,0
423018,0
423019,0
423020,3
423021,0
423022,0
423023,0
423024,0
423025,0
423026,0
423027,0
423028,0
423029,0
423030,0
423031,0
423032,0
423033,0
423034,1
423035,0
423036,0
423037,0
423038,0
423039,0
423040,0
423041,1
423042,0
423043,2
423044,0
423045,0
423046,0
423047,2
423048,3
423049,0
423050,0
423051,0
423052,4
423053,0
423054,0
423055,0
423056,1
423057,0
423058,0
423059,0
423060,0
423061,0
423062,0
423063,2
423064,0
423065,0
423066,0
423067,0
423068,0
423069,1
423070,0
423071,2
423072,0
423073,3
423074,0
423075,0
423076,2
423077,0
423078,5
423079,0
423080,0
423081,0
423082,0
423083,0
423084,0
423085,0
423086,0
423087,0
423088,0
423089,0
423090,0
423091,0
423092,1
423093,0
423094,0
423095,0
423096,0
423097,0
423098,0
423099,0
423100,2
423101,1
423102,0
423103,0
423104,0
423105,0
423106,0
423107,0
423108,0
423109,0
423110,0
423111,0
423112,6
423113,0
423114,0
423115,0
423116,0
423117,0
423118,0
423119,0
423120,2
423121,0
423122,0
423123,2
423124,3
423125,0
423126,0
423127,0
423128,1
423129,0
423130,0
423131,0
423132,0
423133,0
423134,0
423135,3
423136,0
423137,0
423138,0
423139,0
423140,0
423141,0
423142,0
423143,0
423144,0
423145,0
423146,0
423147,0
423148,0
423149,0
423150,0
423151,0
423152,0
423153,0
423154,2
423155,0
423156,2
423157,0
423158,0
423159,0
423160,0
423161,0
423162,0
423163,0
423164,0
423165,0
423166,0
423167,0
423168,0
423169,0
423170,0
423171,0
423172,0
423173,0
423174,0
423175,0
423176,0
423177,0
423178,0
423179,0
423180,0
423181,0
423182,0
423183,0
423184,0
423185,0
423186,1
423187,0
423188,0
423189,1
423190,4
423191,2
423192,0
423193,0
423194,0
423195,0
423196,0
423197,0
423198,4
423199,0
423200,4
423201,1
423202,1
423203,0
423204,0
423205,0
423206,0
423207,0
423208,0
423209,0
423210,0
423211,0
423212,0
423213,0
423214,0
423215,1
423216,0
423217,0
423218,0
423219,0
423220,3
423221,0
423222,4
423223,0
423224,0
423225,0
423226,1
423227,0
423228,0
423229,0
423230,1
423231,0
423232,0
423233,3
423234,0
423235,0
423236,0
423237,0
423238,0
423239,0
423240,0
423241,0
423242,0
423243,0
423244,2
423245,0
423246,0
423247,1
423248,0
423249,0
423250,0
423251,0
423252,0
423253,0
423254,0
423255,0
423256,0
423257,0
423258,0
423259,0
423260,0
423261,2
423262,0
423263,0
423264,0
423265,0
423266,0
423267,0
423268,0
423269,0
423270,0
423271,0
423272,1
423273,0
423274,0
423275,0
423276,0
423277,0
423278,0
423279,0
423280,0
423281,0
423282,0
423283,2
423284,0
423285,1
423286,0
423287,0
423288,0
423289,0
423290,0
423291,0
423292,0
423293,0
423294,1
423295,0
423296,0
423297,0
423298,1
423299,0
423300,0
423301,0
423302,0
423303,0
423304,0
423305,0
423306,0
423307,0
423308,0
423309,0
423310,1
423311,1
423312,0
423313,0
423314,0
423315,0
423316,0
423317,0
423318,0
423319,0
423320,1
423321,0
423322,0
423323,0
423324,0
423325,0
423326,0
423327,1
423328,0
423329,0
423330,0
423331,0
423332,0
423333,0
423334,0
423335,0
423336,0
423337,0
423338,0
423339,0
423340,0
423341,0
423342,0
423343,0
423344,0
423345,0
423346,0
423347,0
423348,0
423349,0
423350,3
423351,0
423352,0
423353,0
423354,0
423355,0
423356,0
423357,0
423358,0
423359,0
423360,1
423361,0
423362,0
423363,0
423364,0
423365,0
423366,0
423367,0
423368,0
423369,0
423370,0
423371,0
423372,0
423373,0
423374,0
423375,0
423376,0
423377,0
423378,0
423379,0
423380,0
423381,0
423382,0
423383,0
423384,0
423385,0
423386,0
423387,0
423388,0
423389,0
423390,6
423391,0
423392,0
423393,0
423394,0
423395,2
423396,0
423397,0
423398,0
423399,0
423400,0
423401,0
423402,0
423403,0
423404,0
423405,0
423406,0
423407,0
423408,0
423409,0
423410,0
423411,0
423412,0
423413,0
423414,0
423415,0
423416,0
423417,0
423418,0
423419,0
423420,0
423421,0
423422,0
423423,2
423424,0
423425,0
423426,0
423427,0
423428,0
423429,0
423430,0
423431,0
423432,0
423433,0
423434,2
423435,0
423436,0
423437,0
423438,0
423439,5
423440,0
423441,0
423442,0
423443,0
423444,0
423445,0
423446,0
423447,0
423448,0
423449,0
423450,0
423451,0
423452,0
423453,0
423454,0
423455,0
423456,0
423457,0
423458,0
423459,0
423460,2
423461,0
423462,0
423463,0
423464,0
423465,0
423466,0
423467,0
423468,0
423469,0
423470,0
423471,0
423472,0
423473,0
423474,0
423475,0
423476,0
423477,0
423478,0
423479,0
423480,0
423481,0
423482,0
423483,0
423484,0
423485,0
423486,0
423487,1
423488,0
423489,0
423490,0
423491,0
423492,0
423493,1
423494,0
423495,1
423496,0
423497,0
423498,0
423499,0
423500,0
423501,1
423502,0
423503,0
423504,0
423505,1
423506,0
423507,1
423508,0
423509,0
423510,0
423511,0
423512,0
423513,0
423514,0
423515,0
423516,0
423517,0
423518,0
423519,0
423520,0
423521,0
423522,0
423523,0
423524,0
423525,0
423526,0
423527,0
423528,0
423529,0
423530,0
423531,0
423532,0
423533,0
423534,0
423535,0
423536,1
423537,0
423538,0
423539,0
423540,0
423541,0
423542,0
423543,0
423544,0
423545,0
423546,0
423547,0
423548,0
423549,0
423550,0
423551,0
423552,0
423553,0
423554,0
423555,0
423556,0
423557,0
423558,1
423559,0
423560,0
423561,0
423562,0
423563,0
423564,0
423565,0
423566,0
423567,0
423568,0
423569,3
423570,0
423571,0
423572,0
423573,0
423574,0
423575,0
423576,3
423577,1
423578,1
423579,0
423580,2
423581,0
423582,0
423583,0
423584,2
423585,0
423586,0
423587,1
423588,0
423589,0
423590,0
423591,0
423592,0
423593,1
423594,0
423595,0
423596,0
423597,0
423598,0
423599,1
423600,0
423601,0
423602,0
423603,3
423604,4
423605,0
423606,0
423607,0
423608,3
423609,0
423610,3
423611,2
423612,1
423613,0
423614,0
423615,0
423616,0
423617,0
423618,0
423619,0
423620,0
423621,0
423622,1
423623,0
423624,0
423625,0
423626,0
423627,0
423628,2
423629,0
423630,0
423631,0
423632,0
423633,0
423634,0
423635,0
423636,0
423637,0
423638,0
423639,0
423640,0
423641,0
423642,0
423643,0
423644,0
423645,0
423646,0
423647,1
423648,0
423649,0
423650,0
423651,0
423652,0
423653,0
423654,0
423655,0
423656,0
423657,1
423658,0
423659,0
423660,0
423661,2
423662,0
423663,0
423664,1
423665,0
423666,3
423667,0
423668,0
423669,0
423670,0
423671,0
423672,0
423673,0
423674,0
423675,0
423676,0
423677,0
423678,0
423679,1
423680,0
423681,0
423682,0
423683,4
423684,2
423685,0
423686,0
423687,0
423688,0
423689,0
423690,0
423691,0
423692,0
423693,1
423694,0
423695,0
423696,2
423697,0
423698,0
423699,1
423700,0
423701,0
423702,0
423703,0
423704,0
423705,5
423706,2
423707,0
423708,0
423709,1
423710,0
423711,2
423712,1
423713,0
423714,0
423715,0
423716,0
423717,0
423718,0
423719,0
423720,0
423721,0
423722,0
423723,0
423724,0
423725,0
423726,1
423727,0
423728,0
423729,0
423730,0
423731,0
423732,0
423733,0
423734,0
423735,0
423736,19
423737,33
423738,0
423739,32
423740,0
423741,0
423742,0
423743,29
423744,0
423745,0
423746,0
423747,38
423748,0
423749,0
423750,0
423751,0
423752,0
423753,0
423754,0
423755,0
423756,0
423757,0
423758,0
423759,38
423760,0
423761,34
423762,34
423763,0
423764,0
423765,0
423766,0
423767,0
423768,0
423769,0
423770,0
423771,0
423772,0
423773,0
423774,0
423775,47
423776,0
423777,39
423778,0
423779,0
423780,0
423781,0
423782,32
423783,0
423784,0
423785,0
423786,0
423787,0
423788,0
423789,0
423790,0
423791,0
423792,31
423793,0
423794,0
423795,0
423796,0
423797,31
423798,0
423799,0
423800,0
423801,0
423802,0
423803,39
423804,0
423805,0
423806,0
423807,0
423808,0
423809,36
423810,40
423811,0
423812,0
423813,0
423814,0
423815,0
423816,0
423817,0
423818,0
423819,0
423820,0
423821,0
423822,0
423823,0
423824,0
423825,0
423826,0
423827,0
423828,0
423829,0
423830,0
423831,0
423832,41
423833,0
423834,0
423835,0
423836,27
423837,0
423838,0
423839,0
423840,0
423841,0
423842,41
423843,0
423844,0
423845,0
423846,0
423847,27
423848,0
423849,0
423850,0
423851,0
423852,0
423853,0
423854,0
423855,0
423856,0
423857,0
423858,0
423859,0
423860,0
423861,0
423862,0
423863,29
423864,0
423865,0
423866,0
423867,0
423868,0
423869,0
423870,0
423871,0
423872,0
423873,0
423874,0
423875,0
423876,0
423877,0
423878,0
423879,0
423880,0
423881,0
423882,0
423883,0
423884,20
423885,0
423886,0
423887,39
423888,0
423889,0
423890,29
423891,0
423892,0
423893,0
423894,0
423895,53
423896,0
423897,31
423898,0
423899,0
423900,0
423901,0
423902,0
423903,0
423904,0
423905,0
423906,0
423907,0
423908,0
423909,42
423910,0
423911,0
423912,19
423913,0
423914,0
423915,36
423916,0
423917,0
423918,0
423919,30
423920,0
423921,0
423922,0
423923,0
423924,0
423925,0
423926,32
423927,0
423928,0
423929,0
423930,22
423931,0
423932,0
423933,41
423934,29
423935,39
423936,0
423937,0
423938,0
423939,0
423940,40
423941,0
423942,0
423943,0
423944,36
423945,0
423946,34
423947,0
423948,32
423949,38
423950,41
423951,0
423952,0
423953,0
423954,0
423955,0
423956,0
423957,0
423958,0
423959,0
423960,0
423961,0
423962,0
423963,31
423964,0
423965,0
423966,0
423967,0
423968,25
423969,0
423970,0
423971,30
423972,34
423973,0
423974,0
423975,0
423976,0
423977,28
423978,0
423979,0
423980,23
423981,0
423982,0
423983,0
423984,0
423985,37
423986,28
423987,0
423988,0
423989,0
423990,0
423991,0
423992,0
423993,0
423994,0
423995,0
423996,0
423997,0
423998,48
423999,0
424000,43
424001,0
424002,29
424003,40
424004,0
424005,0
424006,0
424007,0
424008,0
424009,0
424010,0
424011,0
424012,0
424013,40
424014,0
424015,0
424016,38
424017,0
424018,0
424019,30
424020,0
424021,0
424022,0
424023,0
424024,0
424025,0
424026,0
424027,0
424028,0
424029,0
424030,0
424031,0
424032,0
424033,0
424034,33
424035,0
424036,0
424037,0
424038,0
424039,0
424040,0
424041,0
424042,0
424043,0
424044,0
424045,0
424046,0
424047,24
424048,0
424049,0
424050,0
424051,0
424052,0
424053,0
424054,27
424055,0
424056,0
424057,0
424058,0
424059,0
424060,0
424061,0
424062,0
424063,0
424064,0
424065,0
424066,0
424067,0
424068,0
424069,35
424070,0
424071,0
424072,0
424073,0
424074,0
424075,0
424076,0
424077,18
424078,25
424079,67
424080,44
424081,33
424082,13
424083,0
424084,0
424085,49
424086,0
424087,0
424088,38
424089,0
424090,0
424091,0
424092,32
424093,0
424094,0
424095,36
424096,0
424097,0
424098,0
424099,41
424100,0
424101,0
424102,0
424103,43
424104,0
424105,0
424106,53
424107,0
424108,31
424109,0
424110,0
424111,0
424112,0
424113,0
424114,35
424115,0
424116,68
424117,0
424118,0
424119,0
424120,0
424121,0
424122,0
424123,19
424124,0
424125,22
424126,0
424127,0
424128,0
424129,0
424130,0
424131,0
424132,31
424133,0
424134,0
424135,0
424136,0
424137,0
424138,0
424139,0
424140,0
424141,39
424142,0
424143,0
424144,29
424145,0
424146,0
424147,33
424148,0
424149,0
424150,0
424151,0
424152,0
424153,0
424154,0
424155,36
424156,0
424157,39
424158,0
424159,0
424160,43
424161,0
424162,0
424163,0
424164,27
424165,29
424166,0
424167,0
424168,0
424169,0
424170,34
424171,0
424172,0
424173,0
424174,0
424175,47
424176,46
424177,0
424178,0
424179,0
424180,0
424181,0
424182,0
424183,0
424184,0
424185,0
424186,38
424187,0
424188,0
424189,0
424190,0
424191,0
424192,0
424193,0
424194,0
424195,0
424196,0
424197,0
424198,0
424199,0
424200,0
424201,0
424202,41
424203,0
424204,40
424205,31
424206,0
424207,0
424208,25
424209,0
424210,0
424211,0
424212,0
424213,60
424214,0
424215,38
424216,0
424217,31
424218,0
424219,0
424220,43
424221,0
424222,0
424223,0
424224,0
424225,0
424226,0
424227,0
424228,0
424229,0
424230,0
424231,0
424232,0
424233,0
424234,40
424235,0
424236,0
424237,0
424238,0
424239,0
424240,0
424241,0
424242,0
424243,0
424244,0
424245,0
424246,0
424247,0
424248,0
424249,28
424250,29
424251,0
424252,41
424253,0
424254,0
424255,0
424256,0
424257,0
424258,0
424259,0
424260,0
424261,0
424262,0
424263,0
424264,0
424265,39
424266,0
424267,0
424268,0
424269,0
424270,36
424271,0
424272,0
424273,0
424274,0
424275,0
424276,0
424277,0
424278,0
424279,0
424280,36
424281,0
424282,0
424283,0
424284,41
424285,0
424286,34
424287,0
424288,0
424289,0
424290,38
424291,0
424292,0
424293,0
424294,0
424295,0
424296,0
424297,40
424298,38
424299,43
424300,0
424301,40
424302,0
424303,0
424304,0
424305,0
424306,0
424307,0
424308,13
424309,39
424310,0
424311,36
424312,20
424313,35
424314,0
424315,0
424316,0
424317,0
424318,33
424319,0
424320,0
424321,0
424322,0
424323,0
424324,0
424325,31
424326,0
424327,0
424328,0
424329,0
424330,0
424331,0
424332,0
424333,0
424334,43
424335,0
424336,0
424337,25
424338,0
424339,0
424340,0
424341,46
424342,0
424343,0
424344,0
424345,0
424346,42
424347,0
424348,0
424349,0
424350,0
424351,0
424352,24
424353,0
424354,0
424355,30
424356,0
424357,0
424358,0
424359,64
424360,38
424361,28
424362,0
424363,36
424364,45
424365,0
424366,0
424367,0
424368,0
424369,0
424370,0
424371,0
424372,0
424373,0
424374,0
424375,0
424376,0
424377,0
424378,0
424379,0
424380,43
424381,45
424382,0
424383,0
424384,0
424385,0
424386,44
424387,50
424388,0
424389,0
424390,0
424391,25
424392,0
424393,0
424394,0
424395,0
424396,0
424397,0
424398,0
424399,42
424400,0
424401,32
424402,0
424403,0
424404,0
424405,0
424406,0
424407,0
424408,0
424409,22
424410,0
424411,0
424412,0
424413,36
424414,0
424415,0
424416,32
424417,39
424418,44
424419,43
424420,0
424421,0
424422,30
424423,0
424424,0
424425,0
424426,0
424427,0
424428,0
424429,0
424430,0
424431,0
424432,45
424433,39
424434,0
424435,0
424436,30
424437,40
424438,0
424439,0
424440,0
424441,0
424442,0
424443,0
424444,0
424445,0
424446,35
424447,0
424448,48
424449,64
424450,0
424451,25
424452,0
424453,0
424454,40
424455,24
424456,0
424457,0
424458,36
424459,0
424460,0
424461,0
424462,0
424463,0
424464,0
424465,44
424466,26
424467,0
424468,0
424469,0
424470,42
424471,0
424472,0
424473,42
424474,0
424475,0
424476,0
424477,37
424478,36
424479,0
424480,0
424481,0
424482,0
424483,0
424484,43
424485,0
424486,0
424487,37
424488,29
424489,0
424490,0
424491,0
424492,36
424493,0
424494,41
424495,45
424496,0
424497,0
424498,0
424499,41
424500,34
424501,0
424502,0
424503,0
424504,0
424505,0
424506,0
424507,0
424508,0
424509,0
424510,0
424511,0
424512,0
424513,0
424514,0
424515,0
424516,0
424517,0
424518,0
424519,0
424520,0
424521,48
424522,0
424523,47
424524,36
424525,0
424526,0
424527,0
424528,0
424529,39
424530,41
424531,0
424532,0
424533,0
424534,0
424535,0
424536,0
424537,0
424538,0
424539,0
424540,0
424541,0
424542,0
424543,0
424544,0
424545,34
424546,0
424547,0
424548,0
424549,0
424550,0
424551,24
424552,0
424553,0
424554,0
424555,0
424556,0
424557,0
424558,0
424559,22
424560,0
424561,0
424562,0
424563,0
424564,43
424565,0
424566,0
424567,27
424568,0
424569,47
424570,0
424571,31
424572,0
424573,39
424574,0
424575,33
424576,35
424577,0
424578,0
424579,0
424580,22
424581,44
424582,46
424583,0
424584,0
424585,48
424586,29
424587,0
424588,0
424589,45
424590,0
424591,0
424592,50
424593,0
424594,0
424595,0
424596,0
424597,0
424598,30
424599,0
424600,36
424601,0
424602,0
424603,40
424604,0
424605,32
424606,0
424607,0
424608,0
424609,24
424610,0
424611,0
424612,0
424613,0
424614,0
424615,44
424616,49
424617,0
424618,0
424619,0
424620,0
424621,0
424622,30
424623,0
424624,27
424625,0
424626,0
424627,0
424628,21
424629,0
424630,39
424631,0
424632,0
424633,25
424634,0
424635,0
424636,0
424637,0
424638,0
424639,0
424640,0
424641,0
424642,49
424643,0
424644,36
424645,33
424646,0
424647,32
424648,0
424649,0
424650,0
424651,0
424652,55
424653,0
424654,0
424655,0
424656,0
424657,0
424658,0
424659,0
424660,0
424661,0
424662,0
424663,0
424664,0
424665,0
424666,42
424667,0
424668,0
424669,0
424670,0
424671,0
424672,0
424673,0
424674,0
424675,0
424676,0
424677,0
424678,0
424679,0
424680,0
424681,0
424682,0
424683,43
424684,0
424685,0
424686,0
424687,0
424688,0
424689,0
424690,0
424691,44
424692,50
424693,0
424694,0
424695,0
424696,0
424697,0
424698,0
424699,0
424700,49
424701,0
424702,0
424703,0
424704,0
424705,0
424706,37
424707,39
424708,0
424709,47
424710,0
424711,0
424712,0
424713,41
424714,0
424715,0
424716,36
424717,0
424718,0
424719,42
424720,0
424721,0
424722,0
424723,0
424724,0
424725,0
424726,0
424727,0
424728,36
424729,51
424730,0
424731,0
424732,0
424733,0
424734,46
424735,0
424736,41
424737,0
424738,40
424739,0
424740,0
424741,0
424742,38
424743,0
424744,0
424745,44
424746,0
424747,0
424748,48
424749,0
424750,0
424751,0
424752,0
424753,0
424754,0
424755,48
424756,38
424757,0
424758,35
424759,0
424760,0
424761,0
424762,0
424763,0
424764,0
424765,0
424766,39
424767,0
424768,0
424769,0
424770,54
424771,0
424772,0
424773,0
424774,0
424775,0
424776,0
424777,46
424778,0
424779,21
424780,30
424781,0
424782,37
424783,18
424784,31
424785,0
424786,34
424787,0
424788,0
424789,0
424790,57
424791,0
424792,0
424793,0
424794,0
424795,44
424796,0
424797,25
424798,0
424799,0
424800,0
424801,0
424802,0
424803,0
424804,0
424805,0
424806,40
424807,45
424808,0
424809,0
424810,36
424811,38
424812,30
424813,0
424814,0
424815,0
424816,0
424817,39
424818,0
424819,0
424820,0
424821,0
424822,0
424823,36
424824,0
424825,0
424826,0
424827,0
424828,0
424829,0
424830,56
424831,28
424832,0
424833,0
424834,34
424835,37
424836,0
424837,0
424838,27
424839,0
424840,42
424841,0
424842,37
424843,0
424844,0
424845,0
424846,0
424847,0
424848,47
424849,0
424850,46
424851,0
424852,0
424853,0
424854,33
424855,22
424856,27
424857,32
424858,0
424859,0
424860,0
424861,0
424862,46
424863,0
424864,44
424865,38
424866,44
424867,0
424868,0
424869,0
424870,0
424871,0
424872,0
424873,0
424874,0
424875,0
424876,12
424877,0
424878,0
424879,0
424880,0
424881,14
424882,0
424883,0
424884,0
424885,0
424886,0
424887,12
424888,0
424889,0
424890,0
424891,14
424892,11
424893,0
424894,0
424895,0
424896,0
424897,0
424898,0
424899,0
424900,8
424901,0
424902,0
424903,0
424904,0
424905,0
424906,0
424907,0
424908,10
424909,0
424910,17
424911,14
424912,0
424913,0
424914,12
424915,0
424916,0
424917,0
424918,0
424919,24
424920,0
424921,11
424922,0
424923,0
424924,0
424925,0
424926,0
424927,0
424928,0
424929,0
424930,0
424931,8
424932,5
424933,0
424934,0
424935,0
424936,0
424937,0
424938,0
424939,0
424940,0
424941,22
424942,11
424943,0
424944,14
424945,16
424946,0
424947,0
424948,0
424949,0
424950,0
424951,19
424952,0
424953,0
424954,0
424955,0
424956,0
424957,0
424958,0
424959,7
424960,17
424961,0
424962,14
424963,0
424964,0
424965,0
424966,13
424967,0
424968,11
424969,0
424970,14
424971,0
424972,0
424973,0
424974,0
424975,0
424976,0
424977,0
424978,0
424979,8
424980,0
424981,0
424982,0
424983,0
424984,0
424985,0
424986,0
424987,0
424988,0
424989,0
424990,0
424991,0
424992,0
424993,0
424994,6
424995,0
424996,13
424997,0
424998,0
424999,14
425000,0
425001,9
425002,12
425003,0
425004,0
425005,0
425006,0
425007,0
425008,10
425009,0
425010,11
425011,0
425012,0
425013,0
425014,0
425015,13
425016,0
425017,0
425018,0
425019,0
425020,0
425021,0
425022,0
425023,0
425024,0
425025,0
425026,0
425027,17
425028,0
425029,0
425030,8
425031,0
425032,0
425033,0
425034,0
425035,0
425036,5
425037,0
425038,4
425039,0
425040,0
425041,7
425042,0
425043,0
425044,0
425045,0
425046,0
425047,0
425048,0
425049,13
425050,6
425051,0
425052,0
425053,0
425054,13
425055,0
425056,0
425057,0
425058,0
425059,19
425060,0
425061,15
425062,0
425063,0
425064,0
425065,0
425066,0
425067,0
425068,0
425069,0
425070,0
425071,0
425072,0
425073,0
425074,10
425075,0
425076,18
425077,0
425078,0
425079,0
425080,15
425081,0
425082,0
425083,0
425084,8
425085,0
425086,0
425087,0
425088,0
425089,0
425090,0
425091,12
425092,0
425093,0
425094,19
425095,0
425096,0
425097,0
425098,0
425099,0
425100,0
425101,0
425102,0
425103,0
425104,8
425105,0
425106,17
425107,9
425108,0
425109,0
425110,0
425111,0
425112,0
425113,0
425114,18
425115,0
425116,0
425117,0
425118,0
425119,0
425120,0
425121,0
425122,16
425123,16
425124,0
425125,0
425126,0
425127,0
425128,0
425129,0
425130,0
425131,0
425132,0
425133,0
425134,0
425135,8
425136,6
425137,0
425138,0
425139,0
425140,0
425141,0
425142,0
425143,0
425144,0
425145,15
425146,11
425147,0
425148,8
425149,0
425150,0
425151,6
425152,14
425153,0
425154,0
425155,0
425156,0
425157,0
425158,0
425159,0
425160,0
425161,0
425162,10
425163,12
425164,0
425165,0
425166,0
425167,0
425168,13
425169,0
425170,0
425171,10
425172,0
425173,6
425174,0
425175,0
425176,0
425177,0
425178,9
425179,0
425180,17
425181,10
425182,0
425183,0
425184,0
425185,0
425186,0
425187,14
425188,14
425189,0
425190,0
425191,0
425192,10
425193,0
425194,18
425195,8
425196,15
425197,0
425198,0
425199,0
425200,0
425201,0
425202,0
425203,0
425204,0
425205,0
425206,18
425207,0
425208,0
425209,0
425210,0
425211,12
425212,0
425213,0
425214,8
425215,18
425216,0
425217,0
425218,0
425219,0
425220,14
425221,9
425222,11
425223,0
425224,0
425225,0
425226,0
425227,0
425228,0
425229,0
425230,0
425231,0
425232,0
425233,0
425234,0
425235,0
425236,0
425237,15
425238,0
425239,0
425240,0
425241,0
425242,0
425243,10
425244,0
425245,0
425246,0
425247,0
425248,22
425249,0
425250,13
425251,12
425252,0
425253,0
425254,0
425255,0
425256,0
425257,0
425258,13
425259,0
425260,0
425261,0
425262,0
425263,12
425264,0
425265,0
425266,9
425267,13
425268,0
425269,0
425270,0
425271,0
425272,8
425273,7
425274,0
425275,0
425276,0
425277,0
425278,0
425279,0
425280,0
425281,0
425282,12
425283,0
425284,0
425285,0
425286,12
425287,0
425288,0
425289,0
425290,0
425291,10
425292,0
425293,0
425294,0
425295,12
425296,8
425297,9
425298,0
425299,19
425300,0
425301,15
425302,0
425303,16
425304,0
425305,11
425306,0
425307,0
425308,0
425309,0
425310,0
425311,0
425312,8
425313,0
425314,14
425315,10
425316,0
425317,0
425318,0
425319,9
425320,0
425321,8
425322,5
425323,0
425324,0
425325,0
425326,0
425327,0
425328,0
425329,11
425330,0
425331,0
425332,14
425333,0
425334,0
425335,0
425336,0
425337,0
425338,0
425339,0
425340,0
425341,0
425342,0
425343,0
425344,11
425345,0
425346,0
425347,0
425348,0
425349,0
425350,0
425351,0
425352,0
425353,11
425354,0
425355,0
425356,0
425357,11
425358,15
425359,0
425360,0
425361,0
425362,0
425363,0
425364,0
425365,0
425366,0
425367,0
425368,0
425369,8
425370,9
425371,10
425372,0
425373,0
425374,16
425375,0
425376,0
425377,9
425378,0
425379,0
425380,12
425381,0
425382,0
425383,8
425384,0
425385,0
425386,0
425387,0
425388,0
425389,12
425390,0
425391,0
425392,0
425393,0
425394,0
425395,0
425396,0
425397,0
425398,0
425399,0
425400,11
425401,0
425402,0
425403,0
425404,0
425405,0
425406,0
425407,17
425408,0
425409,0
425410,15
425411,0
425412,16
425413,0
425414,5
425415,0
425416,7
425417,0
425418,11
425419,0
425420,0
425421,0
425422,0
425423,0
425424,0
425425,8
425426,0
425427,22
425428,0
425429,0
425430,0
425431,0
425432,0
425433,0
425434,10
425435,0
425436,0
425437,0
425438,0
425439,5
425440,0
425441,12
425442,0
425443,0
425444,0
425445,0
425446,0
425447,0
425448,0
425449,0
425450,0
425451,16
425452,0
425453,5
425454,0
425455,0
425456,0
425457,0
425458,0
425459,0
425460,0
425461,0
425462,8
425463,9
425464,0
425465,0
425466,0
425467,0
425468,0
425469,11
425470,0
425471,0
425472,0
425473,0
425474,0
425475,0
425476,14
425477,0
425478,0
425479,12
425480,14
425481,0
425482,0
425483,4
425484,0
425485,10
425486,0
425487,10
425488,0
425489,0
425490,0
425491,0
425492,0
425493,0
425494,0
425495,0
425496,0
425497,2
425498,0
425499,0
425500,0
425501,4
425502,0
425503,17
425504,0
425505,9
425506,0
425507,0
425508,0
425509,0
425510,0
425511,0
425512,0
425513,0
425514,13
425515,0
425516,0
425517,0
425518,0
425519,0
425520,10
425521,0
425522,15
425523,0
425524,0
425525,8
425526,6
425527,8
425528,0
425529,14
425530,7
425531,6
425532,0
425533,0
425534,0
425535,0
425536,0
425537,15
425538,0
425539,0
425540,0
425541,0
425542,7
425543,0
425544,0
425545,0
425546,0
425547,0
425548,0
425549,10
425550,0
425551,0
425552,0
425553,0
425554,0
425555,6
425556,0
425557,0
425558,10
425559,3
425560,8
425561,7
425562,0
425563,0
425564,0
425565,0
425566,0
425567,0
425568,6
425569,0
425570,0
425571,0
425572,0
425573,0
425574,0
425575,5
425576,0
425577,4
425578,0
425579,0
425580,0
425581,0
425582,0
425583,0
425584,0
425585,0
425586,9
425587,0
425588,0
425589,0
425590,0
425591,0
425592,0
425593,0
425594,0
425595,0
425596,0
425597,0
425598,0
425599,21
425600,0
425601,0
425602,0
425603,0
425604,11
425605,0
425606,6
425607,5
425608,0
425609,0
425610,0
425611,10
425612,9
425613,0
425614,0
425615,11
425616,0
425617,0
425618,6
425619,0
425620,0
425621,0
425622,0
425623,0
425624,7
425625,0
425626,0
425627,10
425628,0
425629,0
425630,7
425631,0
425632,0
425633,0
425634,5
425635,4
425636,0
425637,0
425638,8
425639,0
425640,0
425641,0
425642,0
425643,17
425644,0
425645,6
425646,17
425647,0
425648,13
425649,10
425650,13
425651,0
425652,0
425653,5
425654,0
425655,0
425656,0
425657,0
425658,7
425659,0
425660,0
425661,0
425662,0
425663,0
425664,0
425665,0
425666,0
425667,0
425668,8
425669,0
425670,0
425671,0
425672,0
425673,0
425674,0
425675,0
425676,8
425677,0
425678,0
425679,0
425680,0
425681,0
425682,0
425683,2
425684,6
425685,13
425686,8
425687,0
425688,0
425689,0
425690,0
425691,12
425692,10
425693,0
425694,8
425695,0
425696,0
425697,0
425698,0
425699,11
425700,0
425701,11
425702,0
425703,0
425704,0
425705,10
425706,0
425707,0
425708,0
425709,0
425710,0
425711,0
425712,20
425713,0
425714,0
425715,0
425716,0
425717,0
425718,0
425719,0
425720,0
425721,0
425722,0
425723,0
425724,0
425725,0
425726,0
425727,0
425728,6
425729,0
425730,9
425731,0
425732,0
425733,0
425734,0
425735,5
425736,0
425737,0
425738,0
425739,0
425740,3
425741,0
425742,11
425743,0
425744,0
425745,0
425746,7
425747,9
425748,0
425749,11
425750,0
425751,0
425752,0
425753,0
425754,0
425755,0
425756,16
425757,0
425758,0
425759,0
425760,0
425761,0
425762,0
425763,0
425764,0
425765,0
425766,6
425767,8
425768,0
425769,0
425770,0
425771,0
425772,0
425773,0
425774,0
425775,0
425776,13
425777,0
425778,15
425779,0
425780,0
425781,0
425782,0
425783,18
425784,0
425785,0
425786,0
425787,0
425788,0
425789,0
425790,0
425791,0
425792,0
425793,0
425794,10
425795,0
425796,0
425797,0
425798,0
425799,0
425800,0
425801,0
425802,0
425803,0
425804,0
425805,0
425806,7
425807,21
425808,0
425809,0
425810,0
425811,0
425812,0
425813,0
425814,11
425815,6
425816,0
425817,0
425818,18
425819,0
425820,0
425821,0
425822,6
425823,0
425824,0
425825,0
425826,0
425827,0
425828,0
425829,0
425830,13
425831,0
425832,0
425833,0
425834,0
425835,0
425836,5
425837,0
425838,16
425839,0
425840,0
425841,0
425842,0
425843,0
425844,0
425845,0
425846,0
425847,0
425848,0
425849,0
425850,12
425851,0
425852,0
425853,11
425854,0
425855,13
425856,0
425857,8
425858,0
425859,0
425860,9
425861,0
425862,9
425863,0
425864,0
425865,0
425866,10
425867,0
425868,0
425869,0
425870,18
425871,0
425872,0
425873,0
425874,0
425875,0
425876,0
425877,0
425878,0
425879,12
425880,0
425881,0
425882,0
425883,9
425884,0
425885,0
425886,9
425887,7
425888,16
425889,11
425890,0
425891,9
425892,0
425893,0
425894,18
425895,0
425896,0
425897,15
425898,0
425899,0
425900,17
425901,0
425902,0
425903,12
425904,0
425905,0
425906,12
425907,0
425908,3
425909,13
425910,0
425911,0
425912,6
425913,0
425914,0
425915,4
425916,0
425917,6
425918,0
425919,0
425920,0
425921,10
425922,0
425923,8
425924,11
425925,0
425926,0
425927,0
425928,0
425929,0
425930,0
425931,11
425932,0
425933,0
425934,0
425935,0
425936,5
425937,0
425938,0
425939,0
425940,0
425941,0
425942,0
425943,12
425944,0
425945,0
425946,0
425947,0
425948,0
425949,7
425950,11
425951,0
425952,0
425953,0
425954,10
425955,11
425956,6
425957,0
425958,0
425959,0
425960,0
425961,0
425962,0
425963,0
425964,10
425965,0
425966,16
425967,0
425968,0
425969,0
425970,6
425971,0
425972,0
425973,0
425974,0
425975,0
425976,0
425977,0
425978,0
425979,8
425980,0
425981,0
425982,0
425983,7
425984,0
425985,0
425986,0
425987,0
425988,0
425989,8
425990,0
425991,0
425992,0
425993,6
425994,11
425995,0
425996,0
425997,0
425998,17
425999,0
426000,0
426001,0
426002,0
426003,0
426004,0
426005,0
426006,0
426007,0
426008,5
426009,10
426010,0
426011,0
426012,11
426013,0
426014,13
426015,7
426016,0
426017,0
426018,6
426019,0
426020,0
426021,0
426022,0
426023,14
426024,0
426025,2
426026,0
426027,0
426028,12
426029,0
426030,0
426031,0
426032,9
426033,0
426034,0
426035,0
426036,0
426037,6
426038,0
426039,11
426040,0
426041,7
426042,0
426043,9
426044,15
426045,0
426046,0
426047,16
426048,12
426049,21
426050,0
426051,0
426052,0
426053,6
426054,0
426055,0
426056,14
426057,0
426058,0
426059,0
426060,0
426061,0
426062,0
426063,26
426064,0
426065,0
426066,16
426067,0
426068,0
426069,0
426070,0
426071,5
426072,0
426073,0
426074,0
426075,0
426076,12
426077,5
426078,0
426079,0
426080,0
426081,0
426082,11
426083,0
426084,0
426085,0
426086,0
426087,0
426088,0
426089,0
426090,0
426091,0
426092,9
426093,0
426094,0
426095,15
426096,0
426097,0
426098,0
426099,0
426100,13
426101,5
426102,0
426103,0
426104,0
426105,0
426106,0
426107,13
426108,10
426109,5
426110,8
426111,16
426112,0
426113,7
426114,0
426115,0
426116,15
426117,13
426118,13
426119,0
426120,10
426121,0
426122,8
426123,0
426124,0
426125,6
426126,0
426127,7
426128,5
426129,12
426130,7
426131,0
426132,0
426133,0
426134,0
426135,0
426136,0
426137,0
426138,9
426139,0
426140,0
426141,0
426142,0
426143,7
426144,0
426145,0
426146,17
426147,0
426148,0
426149,0
426150,0
426151,3
426152,0
426153,2
426154,0
426155,0
426156,10
426157,0
426158,0
426159,0
426160,0
426161,0
426162,0
426163,0
426164,16
426165,0
426166,3
426167,0
426168,13
426169,0
426170,0
426171,0
426172,0
426173,6
426174,0
426175,0
426176,0
426177,0
426178,0
426179,0
426180,0
426181,0
426182,0
426183,0
426184,0
426185,0
426186,0
426187,4
426188,0
426189,0
426190,0
426191,0
426192,0
426193,0
426194,9
426195,7
426196,0
426197,0
426198,0
426199,0
426200,0
426201,0
426202,0
426203,0
426204,0
426205,0
426206,4
426207,5
426208,7
426209,0
426210,0
426211,0
426212,0
426213,0
426214,9
426215,10
426216,0
426217,11
426218,0
426219,0
426220,0
426221,6
426222,3
426223,0
426224,0
426225,0
426226,11
426227,0
426228,0
426229,0
426230,0
426231,0
426232,0
426233,0
426234,5
426235,12
426236,0
426237,12
426238,0
426239,0
426240,0
426241,0
426242,0
426243,0
426244,0
426245,23
426246,0
426247,0
426248,0
426249,0
426250,0
426251,0
426252,0
426253,0
426254,0
426255,0
426256,0
426257,0
426258,9
426259,0
426260,5
426261,0
426262,0
426263,0
426264,0
426265,0
426266,0
426267,0
426268,0
426269,0
426270,2
426271,0
426272,0
426273,0
426274,0
426275,0
426276,0
426277,0
426278,14
426279,0
426280,0
426281,0
426282,3
426283,0
426284,0
426285,0
426286,0
426287,5
426288,0
426289,8
426290,0
426291,0
426292,0
426293,0
426294,0
426295,5
426296,0
426297,0
426298,0
426299,0
426300,0
426301,0
426302,0
426303,0
426304,14
426305,8
426306,0
426307,0
426308,0
426309,5
426310,0
426311,0
426312,0
426313,0
426314,40
426315,22
426316,0
426317,0
426318,0
426319,0
426320,0
426321,0
426322,0
426323,0
426324,0
426325,28
426326,24
426327,0
426328,0
426329,0
426330,32
426331,0
426332,0
426333,0
426334,0
426335,23
426336,34
426337,0
426338,32
426339,0
426340,33
426341,0
426342,0
426343,0
426344,18
426345,27
426346,0
426347,38
426348,0
426349,0
426350,0
426351,0
426352,0
426353,0
426354,0
426355,0
426356,0
426357,0
426358,0
426359,0
426360,0
426361,0
426362,0
426363,29
426364,0
426365,23
426366,0
426367,0
426368,0
426369,0
426370,33
426371,0
426372,20
426373,29
426374,0
426375,0
426376,0
426377,0
426378,0
426379,0
426380,0
426381,0
426382,0
426383,0
426384,33
426385,29
426386,0
426387,0
426388,0
426389,0
426390,38
426391,0
426392,36
426393,20
426394,0
426395,28
426396,0
426397,0
426398,24
426399,0
426400,0
426401,0
426402,32
426403,16
426404,0
426405,0
426406,0
426407,21
426408,0
426409,33
426410,0
426411,0
426412,0
426413,0
426414,27
426415,0
426416,0
426417,37
426418,42
426419,0
426420,25
426421,14
426422,0
426423,0
426424,0
426425,19
426426,0
426427,0
426428,28
426429,0
426430,0
426431,36
426432,0
426433,40
426434,0
426435,29
426436,27
426437,0
426438,0
426439,0
426440,0
426441,0
426442,0
426443,0
426444,0
426445,0
426446,29
426447,25
426448,0
426449,0
426450,28
426451,29
426452,0
426453,0
426454,0
426455,25
426456,0
426457,0
426458,0
426459,0
426460,0
426461,44
426462,0
426463,0
426464,0
426465,0
426466,0
426467,0
426468,0
426469,0
426470,0
426471,0
426472,0
426473,0
426474,0
426475,0
426476,0
426477,0
426478,27
426479,43
426480,37
426481,26
426482,30
426483,37
426484,20
426485,0
426486,36
426487,23
426488,0
426489,0
426490,0
426491,0
426492,0
426493,0
426494,0
426495,0
426496,0
426497,20
426498,0
426499,0
426500,21
426501,35
426502,0
426503,0
426504,0
426505,0
426506,0
426507,0
426508,0
426509,23
426510,0
426511,36
426512,0
426513,0
426514,0
426515,0
426516,0
426517,23
426518,0
426519,0
426520,0
426521,0
426522,0
426523,27
426524,0
426525,0
426526,37
426527,0
426528,17
426529,0
426530,0
426531,0
426532,0
426533,0
426534,0
426535,0
426536,0
426537,23
426538,0
426539,0
426540,0
426541,0
426542,0
426543,0
426544,24
426545,0
426546,0
426547,0
426548,0
426549,0
426550,0
426551,21
426552,0
426553,33
426554,0
426555,27
426556,0
426557,0
426558,13
426559,0
426560,0
426561,0
426562,38
426563,0
426564,0
426565,0
426566,0
426567,0
426568,17
426569,0
426570,0
426571,0
426572,0
426573,21
426574,0
426575,0
426576,38
426577,39
426578,0
426579,18
426580,0
426581,0
426582,0
426583,0
426584,0
426585,0
426586,0
426587,0
426588,40
426589,0
426590,39
426591,0
426592,0
426593,0
426594,0
426595,0
426596,0
426597,20
426598,0
426599,19
426600,0
426601,0
426602,0
426603,0
426604,0
426605,0
426606,0
426607,38
426608,31
426609,0
426610,0
426611,0
426612,0
426613,0
426614,0
426615,0
426616,0
426617,0
426618,33
426619,0
426620,0
426621,37
426622,0
426623,0
426624,0
426625,0
426626,0
426627,0
426628,0
426629,0
426630,0
426631,0
426632,0
426633,0
426634,0
426635,0
426636,0
426637,0
426638,0
426639,42
426640,27
426641,0
426642,0
426643,0
426644,0
426645,0
426646,0
426647,0
426648,0
426649,0
426650,0
426651,29
426652,0
426653,0
426654,0
426655,0
426656,28
426657,30
426658,0
426659,24
426660,0
426661,0
426662,0
426663,0
426664,19
426665,0
426666,0
426667,26
426668,0
426669,0
426670,0
426671,0
426672,37
426673,0
426674,0
426675,0
426676,0
426677,27
426678,41
426679,24
426680,32
426681,0
426682,0
426683,24
426684,27
426685,20
426686,38
426687,0
426688,0
426689,0
426690,31
426691,0
426692,0
426693,0
426694,0
426695,0
426696,0
426697,0
426698,0
426699,30
426700,29
426701,0
426702,0
426703,34
426704,0
426705,37
426706,28
426707,30
426708,0
426709,0
426710,0
426711,0
426712,26
426713,0
426714,0
426715,0
426716,0
426717,0
426718,0
426719,0
426720,0
426721,0
426722,0
426723,35
426724,0
426725,25
426726,0
426727,43
426728,42
426729,23
426730,0
426731,16
426732,38
426733,0
426734,0
426735,0
426736,0
426737,0
426738,0
426739,0
426740,0
426741,0
426742,10
426743,0
426744,22
426745,20
426746,0
426747,26
426748,28
426749,0
426750,0
426751,0
426752,0
426753,0
426754,0
426755,0
426756,0
426757,0
426758,0
426759,0
426760,0
426761,0
426762,0
426763,19
426764,0
426765,0
426766,34
426767,0
426768,23
426769,0
426770,0
426771,0
426772,0
426773,0
426774,0
426775,25
426776,0
426777,0
426778,0
426779,0
426780,35
426781,29
426782,0
426783,24
426784,31
426785,0
426786,0
426787,0
426788,0
426789,0
426790,0
426791,0
426792,0
426793,0
426794,0
426795,0
426796,0
426797,32
426798,21
426799,0
426800,0
426801,0
426802,0
426803,0
426804,0
426805,0
426806,23
426807,0
426808,0
426809,0
426810,0
426811,28
426812,0
426813,20
426814,0
426815,0
426816,27
426817,0
426818,36
426819,0
426820,20
426821,26
426822,33
426823,0
426824,0
426825,28
426826,0
426827,0
426828,30
426829,0
426830,0
426831,17
426832,0
426833,0
426834,32
426835,0
426836,0
426837,0
426838,0
426839,0
426840,0
426841,30
426842,0
426843,0
426844,0
426845,34
426846,0
426847,0
426848,17
426849,32
426850,0
426851,0
426852,22
426853,0
426854,18
426855,0
426856,0
426857,27
426858,0
426859,0
426860,0
426861,37
426862,32
426863,0
426864,0
426865,23
426866,26
426867,0
426868,0
426869,0
426870,0
426871,0
426872,13
426873,0
426874,0
426875,0
426876,0
426877,0
426878,0
426879,0
426880,30
426881,0
426882,0
426883,0
426884,0
426885,0
426886,0
426887,29
426888,0
426889,20
426890,0
426891,0
426892,25
426893,0
426894,0
426895,0
426896,25
426897,0
426898,0
426899,0
426900,0
426901,31
426902,0
426903,0
426904,24
426905,0
426906,0
426907,0
426908,22
426909,0
426910,0
426911,18
426912,0
426913,0
426914,0
426915,0
426916,0
426917,0
426918,0
426919,0
426920,32
426921,21
426922,0
426923,0
426924,27
426925,33
426926,0
426927,36
426928,0
426929,0
426930,0
426931,0
426932,0
426933,0
426934,0
426935,23
426936,27
426937,0
426938,0
426939,0
426940,0
426941,0
426942,0
426943,28
426944,17
426945,0
426946,0
426947,0
426948,0
426949,43
426950,0
426951,0
426952,0
426953,0
426954,0
426955,0
426956,28
426957,0
426958,24
426959,0
426960,0
426961,0
426962,0
426963,0
426964,0
426965,0
426966,0
426967,0
426968,38
426969,0
426970,31
426971,0
426972,28
426973,0
426974,0
426975,0
426976,22
426977,0
426978,0
426979,19
426980,0
426981,28
426982,0
426983,28
426984,0
426985,0
426986,0
426987,0
426988,0
426989,0
426990,26
426991,0
426992,0
426993,0
426994,0
426995,0
426996,0
426997,30
426998,0
426999,33
427000,0
427001,0
427002,27
427003,0
427004,0
427005,0
427006,0
427007,31
427008,20
427009,0
427010,0
427011,0
427012,0
427013,0
427014,0
427015,0
427016,0
427017,0
427018,0
427019,0
427020,0
427021,0
427022,0
427023,0
427024,0
427025,0
427026,0
427027,0
427028,0
427029,0
427030,0
427031,0
427032,0
427033,0
427034,0
427035,0
427036,0
427037,0
427038,0
427039,0
427040,0
427041,0
427042,0
427043,0
427044,0
427045,0
427046,0
427047,0
427048,0
427049,0
427050,0
427051,0
427052,0
427053,0
427054,0
427055,0
427056,0
427057,0
427058,0
427059,0
427060,0
427061,0
427062,0
427063,0
427064,0
427065,0
427066,0
427067,0
427068,0
427069,0
427070,0
427071,0
427072,0
427073,0
427074,0
427075,0
427076,0
427077,0
427078,0
427079,0
427080,0
427081,0
427082,0
427083,0
427084,0
427085,0
427086,0
427087,0
427088,0
427089,0
427090,0
427091,0
427092,0
427093,0
427094,0
427095,0
427096,0
427097,0
427098,0
427099,0
427100,0
427101,0
427102,0
427103,0
427104,0
427105,0
427106,0
427107,0
427108,0
427109,0
427110,0
427111,0
427112,0
427113,0
427114,0
427115,0
427116,0
427117,0
427118,0
427119,0
427120,0
427121,0
427122,0
427123,0
427124,0
427125,0
427126,0
427127,0
427128,0
427129,0
427130,0
427131,0
427132,0
427133,0
427134,0
427135,0
427136,0
427137,0
427138,0
427139,0
427140,0
427141,0
427142,0
427143,0
427144,0
427145,0
427146,0
427147,0
427148,0
427149,0
427150,0
427151,0
427152,0
427153,0
427154,0
427155,0
427156,0
427157,0
427158,0
427159,0
427160,0
427161,0
427162,0
427163,0
427164,0
427165,0
427166,0
427167,0
427168,0
427169,0
427170,0
427171,0
427172,0
427173,0
427174,0
427175,0
427176,0
427177,0
427178,0
427179,0
427180,0
427181,0
427182,0
427183,0
427184,0
427185,0
427186,0
427187,0
427188,0
427189,0
427190,0
427191,0
427192,0
427193,0
427194,0
427195,0
427196,0
427197,0
427198,0
427199,0
427200,0
427201,0
427202,0
427203,0
427204,0
427205,0
427206,0
427207,0
427208,0
427209,0
427210,0
427211,1
427212,0
427213,0
427214,0
427215,0
427216,0
427217,0
427218,0
427219,0
427220,0
427221,0
427222,0
427223,0
427224,0
427225,0
427226,0
427227,0
427228,0
427229,0
427230,0
427231,6
427232,11
427233,0
427234,0
427235,0
427236,0
427237,0
427238,0
427239,0
427240,0
427241,11
427242,0
427243,0
427244,0
427245,0
427246,14
427247,0
427248,0
427249,16
427250,0
427251,0
427252,0
427253,0
427254,0
427255,0
427256,0
427257,0
427258,0
427259,0
427260,0
427261,0
427262,14
427263,11
427264,6
427265,0
427266,6
427267,0
427268,0
427269,0
427270,13
427271,0
427272,5
427273,15
427274,0
427275,0
427276,0
427277,0
427278,0
427279,0
427280,0
427281,0
427282,7
427283,0
427284,10
427285,0
427286,0
427287,10
427288,8
427289,0
427290,0
427291,0
427292,13
427293,0
427294,0
427295,0
427296,0
427297,8
427298,0
427299,0
427300,7
427301,6
427302,9
427303,12
427304,0
427305,0
427306,0
427307,15
427308,7
427309,0
427310,0
427311,0
427312,0
427313,6
427314,0
427315,4
427316,0
427317,0
427318,0
427319,0
427320,0
427321,0
427322,0
427323,0
427324,0
427325,0
427326,0
427327,0
427328,0
427329,0
427330,0
427331,13
427332,0
427333,0
427334,0
427335,0
427336,0
427337,0
427338,0
427339,0
427340,6
427341,20
427342,0
427343,0
427344,0
427345,14
427346,8
427347,10
427348,10
427349,12
427350,0
427351,0
427352,0
427353,0
427354,0
427355,0
427356,0
427357,4
427358,0
427359,7
427360,0
427361,0
427362,0
427363,0
427364,0
427365,0
427366,6
427367,0
427368,0
427369,5
427370,0
427371,7
427372,0
427373,0
427374,0
427375,18
427376,0
427377,0
427378,0
427379,0
427380,0
427381,11
427382,0
427383,0
427384,0
427385,0
427386,18
427387,0
427388,17
427389,0
427390,11
427391,0
427392,0
427393,0
427394,22
427395,0
427396,0
427397,0
427398,0
427399,0
427400,0
427401,0
427402,0
427403,0
427404,0
427405,35
427406,0
427407,0
427408,0
427409,0
427410,0
427411,0
427412,0
427413,0
427414,0
427415,0
427416,0
427417,28
427418,0
427419,0
427420,27
427421,0
427422,0
427423,0
427424,0
427425,0
427426,0
427427,0
427428,0
427429,0
427430,0
427431,0
427432,0
427433,0
427434,0
427435,0
427436,0
427437,0
427438,0
427439,0
427440,0
427441,18
427442,0
427443,0
427444,0
427445,32
427446,0
427447,26
427448,0
427449,0
427450,0
427451,0
427452,0
427453,0
427454,0
427455,0
427456,23
427457,0
427458,0
427459,0
427460,0
427461,0
427462,21
427463,0
427464,0
427465,0
427466,24
427467,0
427468,0
427469,0
427470,17
427471,11
427472,0
427473,26
427474,0
427475,21
427476,24
427477,30
427478,0
427479,0
427480,0
427481,0
427482,0
427483,0
427484,0
427485,0
427486,0
427487,0
427488,0
427489,0
427490,0
427491,0
427492,0
427493,0
427494,0
427495,0
427496,0
427497,15
427498,0
427499,0
427500,0
427501,0
427502,0
427503,0
427504,0
427505,0
427506,0
427507,0
427508,0
427509,0
427510,0
427511,23
427512,0
427513,0
427514,17
427515,0
427516,0
427517,0
427518,0
427519,23
427520,0
427521,0
427522,17
427523,0
427524,0
427525,0
427526,0
427527,0
427528,0
427529,0
427530,16
427531,0
427532,0
427533,0
427534,0
427535,0
427536,0
427537,0
427538,0
427539,0
427540,0
427541,0
427542,0
427543,0
427544,0
427545,0
427546,0
427547,0
427548,18
427549,0
427550,0
427551,18
427552,0
427553,0
427554,23
427555,0
427556,0
427557,0
427558,18
427559,0
427560,0
427561,24
427562,0
427563,0
427564,0
427565,0
427566,34
427567,0
427568,19
427569,0
427570,0
427571,0
427572,24
427573,19
427574,0
427575,0
427576,0
427577,0
427578,0
427579,0
427580,0
427581,0
427582,25
427583,0
427584,20
427585,0
427586,0
427587,26
427588,0
427589,0
427590,0
427591,0
427592,23
427593,20
427594,23
427595,0
427596,0
427597,15
427598,0
427599,0
427600,0
427601,0
427602,0
427603,21
427604,0
427605,0
427606,33
427607,0
427608,0
427609,0
427610,0
427611,0
427612,0
427613,26
427614,0
427615,0
427616,0
427617,0
427618,0
427619,0
427620,0
427621,0
427622,0
427623,0
427624,0
427625,23
427626,0
427627,0
427628,0
427629,0
427630,0
427631,24
427632,0
427633,0
427634,0
427635,26
427636,0
427637,0
427638,0
427639,34
427640,0
427641,0
427642,0
427643,0
427644,25
427645,0
427646,0
427647,0
427648,0
427649,0
427650,21
427651,0
427652,0
427653,0
427654,0
427655,26
427656,42
427657,0
427658,0
427659,0
427660,0
427661,0
427662,0
427663,0
427664,0
427665,24
427666,0
427667,0
427668,0
427669,0
427670,0
427671,18
427672,0
427673,0
427674,0
427675,0
427676,0
427677,0
427678,0
427679,0
427680,0
427681,0
427682,0
427683,0
427684,21
427685,0
427686,0
427687,0
427688,0
427689,0
427690,0
427691,19
427692,0
427693,0
427694,0
427695,0
427696,0
427697,24
427698,0
427699,0
427700,0
427701,0
427702,0
427703,0
427704,0
427705,0
427706,0
427707,0
427708,0
427709,0
427710,22
427711,0
427712,0
427713,0
427714,0
427715,0
427716,33
427717,0
427718,19
427719,0
427720,0
427721,0
427722,0
427723,0
427724,0
427725,0
427726,0
427727,0
427728,0
427729,18
427730,0
427731,0
427732,0
427733,15
427734,0
427735,0
427736,0
427737,0
427738,25
427739,0
427740,0
427741,0
427742,0
427743,0
427744,0
427745,0
427746,0
427747,0
427748,0
427749,0
427750,0
427751,0
427752,0
427753,0
427754,0
427755,0
427756,0
427757,0
427758,0
427759,0
427760,0
427761,0
427762,0
427763,0
427764,0
427765,16
427766,0
427767,0
427768,0
427769,0
427770,35
427771,0
427772,0
427773,0
427774,0
427775,28
427776,0
427777,0
427778,0
427779,19
427780,23
427781,0
427782,0
427783,0
427784,0
427785,0
427786,0
427787,0
427788,27
427789,0
427790,0
427791,0
427792,21
427793,0
427794,0
427795,0
427796,0
427797,26
427798,0
427799,0
427800,17
427801,0
427802,0
427803,25
427804,0
427805,0
427806,0
427807,0
427808,0
427809,0
427810,0
427811,0
427812,0
427813,0
427814,0
427815,0
427816,0
427817,27
427818,0
427819,0
427820,24
427821,39
427822,18
427823,0
427824,0
427825,0
427826,22
427827,0
427828,0
427829,0
427830,21
427831,0
427832,13
427833,0
427834,22
427835,0
427836,20
427837,0
427838,0
427839,0
427840,0
427841,0
427842,0
427843,31
427844,28
427845,0
427846,0
427847,0
427848,0
427849,0
427850,24
427851,0
427852,0
427853,0
427854,0
427855,0
427856,0
427857,0
427858,0
427859,0
427860,0
427861,0
427862,0
427863,0
427864,0
427865,0
427866,0
427867,22
427868,0
427869,0
427870,0
427871,0
427872,0
427873,0
427874,0
427875,0
427876,30
427877,30
427878,0
427879,0
427880,0
427881,0
427882,0
427883,0
427884,0
427885,0
427886,0
427887,0
427888,18
427889,24
427890,0
427891,0
427892,0
427893,0
427894,0
427895,0
427896,0
427897,0
427898,0
427899,0
427900,0
427901,0
427902,0
427903,0
427904,0
427905,0
427906,0
427907,0
427908,26
427909,0
427910,0
427911,16
427912,25
427913,0
427914,0
427915,0
427916,19
427917,0
427918,20
427919,0
427920,0
427921,0
427922,0
427923,0
427924,0
427925,0
427926,0
427927,0
427928,19
427929,0
427930,0
427931,0
427932,25
427933,0
427934,0
427935,20
427936,27
427937,26
427938,21
427939,0
427940,22
427941,0
427942,17
427943,14
427944,0
427945,0
427946,0
427947,0
427948,0
427949,0
427950,0
427951,0
427952,0
427953,21
427954,0
427955,0
427956,0
427957,0
427958,0
427959,0
427960,0
427961,0
427962,36
427963,0
427964,0
427965,0
427966,35
427967,0
427968,0
427969,0
427970,0
427971,0
427972,0
427973,0
427974,0
427975,0
427976,0
427977,0
427978,18
427979,19
427980,0
427981,17
427982,0
427983,0
427984,0
427985,0
427986,0
427987,0
427988,0
427989,0
427990,0
427991,31
427992,32
427993,0
427994,23
427995,0
427996,0
427997,22
427998,0
427999,0
428000,0
428001,0
428002,19
428003,0
428004,18
428005,0
428006,18
428007,0
428008,0
428009,0
428010,0
428011,0
428012,0
428013,19
428014,15
428015,0
428016,0
428017,0
428018,0
428019,0
428020,0
428021,0
428022,15
428023,28
428024,0
428025,24
428026,0
428027,0
428028,0
428029,0
428030,17
428031,0
428032,0
428033,0
428034,0
428035,0
428036,19
428037,0
428038,0
428039,0
428040,0
428041,0
428042,0
428043,0
428044,0
428045,0
428046,0
428047,0
428048,0
428049,0
428050,0
428051,0
428052,0
428053,0
428054,0
428055,0
428056,0
428057,32
428058,0
428059,28
428060,0
428061,30
428062,0
428063,17
428064,0
428065,0
428066,0
428067,33
428068,0
428069,0
428070,0
428071,0
428072,0
428073,0
428074,0
428075,10
428076,0
428077,0
428078,28
428079,0
428080,0
428081,6
428082,0
428083,0
428084,0
428085,0
428086,29
428087,0
428088,0
428089,34
428090,0
428091,0
428092,0
428093,8
428094,0
428095,10
428096,0
428097,0
428098,0
428099,8
428100,6
428101,0
428102,0
428103,0
428104,0
428105,0
428106,7
428107,0
428108,0
428109,5
428110,0
428111,0
428112,9
428113,10
428114,0
428115,0
428116,0
428117,7
428118,0
428119,8
428120,0
428121,9
428122,4
428123,2
428124,0
428125,0
428126,0
428127,0
428128,0
428129,0
428130,0
428131,0
428132,0
428133,0
428134,0
428135,7
428136,4
428137,0
428138,0
428139,0
428140,0
428141,5
428142,0
428143,0
428144,0
428145,4
428146,4
428147,0
428148,0
428149,0
428150,0
428151,0
428152,5
428153,7
428154,5
428155,0
428156,0
428157,9
428158,4
428159,0
428160,0
428161,0
428162,4
428163,0
428164,0
428165,0
428166,0
428167,0
428168,0
428169,5
428170,0
428171,0
428172,4
428173,0
428174,0
428175,0
428176,0
428177,4
428178,0
428179,0
428180,0
428181,0
428182,4
428183,0
428184,0
428185,0
428186,9
428187,0
428188,0
428189,7
428190,8
428191,0
428192,0
428193,0
428194,0
428195,0
428196,6
428197,6
428198,0
428199,0
428200,0
428201,0
428202,0
428203,4
428204,0
428205,0
428206,5
428207,0
428208,0
428209,0
428210,0
428211,1
428212,0
428213,0
428214,2
428215,0
428216,0
428217,0
428218,0
428219,0
428220,3
428221,0
428222,0
428223,0
428224,0
428225,0
428226,0
428227,5
428228,3
428229,0
428230,0
428231,0
428232,11
428233,6
428234,0
428235,0
428236,0
428237,0
428238,0
428239,0
428240,0
428241,0
428242,5
428243,0
428244,0
428245,7
428246,0
428247,0
428248,0
428249,0
428250,5
428251,2
428252,0
428253,7
428254,7
428255,0
428256,0
428257,6
428258,5
428259,0
428260,0
428261,0
428262,2
428263,7
428264,0
428265,0
428266,0
428267,0
428268,6
428269,0
428270,0
428271,0
428272,0
428273,0
428274,8
428275,7
428276,0
428277,4
428278,0
428279,0
428280,0
428281,0
428282,0
428283,0
428284,0
428285,0
428286,3
428287,5
428288,0
428289,0
428290,0
428291,3
428292,12
428293,0
428294,0
428295,0
428296,0
428297,0
428298,0
428299,0
428300,0
428301,0
428302,0
428303,0
428304,0
428305,0
428306,0
428307,0
428308,0
428309,0
428310,0
428311,0
428312,0
428313,0
428314,4
428315,0
428316,0
428317,0
428318,0
428319,0
428320,0
428321,1
428322,3
428323,0
428324,0
428325,0
428326,0
428327,0
428328,0
428329,0
428330,3
428331,0
428332,0
428333,0
428334,0
428335,0
428336,1
428337,0
428338,0
428339,0
428340,0
428341,4
428342,0
428343,0
428344,0
428345,0
428346,3
428347,0
428348,0
428349,0
428350,0
428351,0
428352,3
428353,0
428354,5
428355,0
428356,0
428357,0
428358,0
428359,0
428360,3
428361,0
428362,0
428363,0
428364,0
428365,0
428366,0
428367,0
428368,0
428369,0
428370,0
428371,4
428372,0
428373,0
428374,0
428375,2
428376,0
428377,0
428378,0
428379,0
428380,0
428381,0
428382,0
428383,7
428384,0
428385,0
428386,0
428387,0
428388,3
428389,0
428390,0
428391,0
428392,0
428393,0
428394,0
428395,0
428396,0
428397,0
428398,0
428399,2
428400,2
428401,0
428402,0
428403,0
428404,0
428405,0
428406,0
428407,0
428408,2
428409,0
428410,0
428411,0
428412,0
428413,0
428414,0
428415,0
428416,0
428417,0
428418,0
428419,3
428420,0
428421,0
428422,3
428423,5
428424,0
428425,0
428426,2
428427,0
428428,0
428429,0
428430,0
428431,0
428432,0
428433,0
428434,0
428435,0
428436,1
428437,0
428438,0
428439,0
428440,0
428441,0
428442,0
428443,0
428444,0
428445,0
428446,0
428447,0
428448,0
428449,0
428450,0
428451,0
428452,3
428453,0
428454,0
428455,0
428456,0
428457,0
428458,0
428459,0
428460,0
428461,0
428462,0
428463,0
428464,0
428465,0
428466,0
428467,0
428468,0
428469,0
428470,0
428471,0
428472,3
428473,0
428474,0
428475,1
428476,1
428477,2
428478,0
428479,0
428480,0
428481,0
428482,0
428483,0
428484,0
428485,0
428486,0
428487,0
428488,0
428489,0
428490,1
428491,2
428492,0
428493,4
428494,0
428495,0
428496,0
428497,0
428498,0
428499,0
428500,0
428501,0
428502,0
428503,0
428504,0
428505,0
428506,0
428507,0
428508,0
428509,0
428510,0
428511,0
428512,6
428513,5
428514,0
428515,0
428516,0
428517,0
428518,0
428519,0
428520,0
428521,0
428522,0
428523,0
428524,0
428525,0
428526,0
428527,0
428528,0
428529,0
428530,0
428531,0
428532,0
428533,0
428534,0
428535,0
428536,0
428537,0
428538,0
428539,0
428540,2
428541,0
428542,0
428543,0
428544,0
428545,0
428546,0
428547,0
428548,0
428549,0
428550,0
428551,0
428552,0
428553,0
428554,0
428555,0
428556,0
428557,0
428558,0
428559,0
428560,0
428561,0
428562,0
428563,0
428564,0
428565,0
428566,0
428567,0
428568,0
428569,0
428570,0
428571,0
428572,0
428573,0
428574,0
428575,0
428576,0
428577,0
428578,0
428579,0
428580,0
428581,0
428582,3
428583,0
428584,0
428585,0
428586,0
428587,0
428588,5
428589,0
428590,0
428591,0
428592,0
428593,0
428594,2
428595,0
428596,0
428597,8
428598,0
428599,0
428600,0
428601,0
428602,0
428603,0
428604,0
428605,3
428606,0
428607,2
428608,5
428609,0
428610,0
428611,0
428612,0
428613,5
428614,0
428615,0
428616,0
428617,0
428618,0
428619,0
428620,0
428621,0
428622,0
428623,0
428624,0
428625,0
428626,0
428627,6
428628,0
428629,0
428630,0
428631,0
428632,0
428633,0
428634,0
428635,0
428636,0
428637,9
428638,0
428639,0
428640,0
428641,0
428642,0
428643,0
428644,0
428645,0
428646,0
428647,0
428648,0
428649,0
428650,5
428651,0
428652,0
428653,3
428654,0
428655,3
428656,0
428657,0
428658,0
428659,0
428660,0
428661,0
428662,0
428663,0
428664,0
428665,0
428666,0
428667,0
428668,0
428669,2
428670,0
428671,0
428672,0
428673,0
428674,0
428675,0
428676,0
428677,0
428678,1
428679,0
428680,6
428681,0
428682,0
428683,0
428684,0
428685,0
428686,0
428687,3
428688,0
428689,0
428690,0
428691,0
428692,0
428693,0
428694,0
428695,0
428696,2
428697,0
428698,3
428699,0
428700,1
428701,0
428702,0
428703,4
428704,0
428705,0
428706,0
428707,0
428708,0
428709,0
428710,0
428711,0
428712,0
428713,0
428714,0
428715,0
428716,0
428717,0
428718,2
428719,0
428720,0
428721,0
428722,0
428723,0
428724,0
428725,0
428726,4
428727,1
428728,0
428729,0
428730,6
428731,0
428732,0
428733,0
428734,0
428735,0
428736,0
428737,4
428738,0
428739,0
428740,3
428741,0
428742,0
428743,4
428744,0
428745,0
428746,4
428747,0
428748,0
428749,0
428750,0
428751,0
428752,0
428753,0
428754,0
428755,1
428756,0
428757,0
428758,0
428759,0
428760,0
428761,0
428762,0
428763,0
428764,0
428765,0
428766,0
428767,0
428768,0
428769,0
428770,0
428771,0
428772,0
428773,2
428774,0
428775,0
428776,0
428777,0
428778,0
428779,0
428780,0
428781,0
428782,0
428783,0
428784,0
428785,2
428786,0
428787,0
428788,0
428789,0
428790,0
428791,0
428792,0
428793,0
428794,3
428795,0
428796,0
428797,0
428798,0
428799,0
428800,0
428801,0
428802,0
428803,0
428804,0
428805,0
428806,5
428807,0
428808,0
428809,0
428810,0
428811,0
428812,0
428813,0
428814,0
428815,0
428816,0
428817,0
428818,0
428819,0
428820,0
428821,0
428822,0
428823,0
428824,0
428825,0
428826,0
428827,0
428828,0
428829,4
428830,1
428831,0
428832,0
428833,0
428834,0
428835,0
428836,4
428837,0
428838,0
428839,7
428840,0
428841,0
428842,0
428843,2
428844,0
428845,0
428846,0
428847,0
428848,0
428849,0
428850,0
428851,0
428852,0
428853,1
428854,0
428855,0
428856,0
428857,0
428858,0
428859,4
428860,1
428861,0
428862,0
428863,0
428864,0
428865,0
428866,0
428867,0
428868,0
428869,0
428870,0
428871,4
428872,0
428873,0
428874,0
428875,4
428876,0
428877,0
428878,0
428879,0
428880,0
428881,0
428882,0
428883,0
428884,0
428885,0
428886,0
428887,0
428888,0
428889,0
428890,0
428891,0
428892,3
428893,0
428894,0
428895,0
428896,0
428897,0
428898,0
428899,0
428900,3
428901,0
428902,0
428903,0
428904,0
428905,0
428906,0
428907,0
428908,0
428909,2
428910,0
428911,0
428912,0
428913,0
428914,0
428915,4
428916,0
428917,0
428918,0
428919,0
428920,0
428921,0
428922,0
428923,0
428924,0
428925,0
428926,0
428927,0
428928,0
428929,0
428930,0
428931,0
428932,0
428933,4
428934,5
428935,3
428936,0
428937,0
428938,0
428939,5
428940,3
428941,0
428942,0
428943,1
428944,0
428945,0
428946,0
428947,0
428948,0
428949,0
428950,0
428951,0
428952,0
428953,0
428954,0
428955,0
428956,0
428957,0
428958,0
428959,0
428960,0
428961,0
428962,0
428963,0
428964,0
428965,0
428966,2
428967,0
428968,0
428969,0
428970,0
428971,2
428972,0
428973,0
428974,0
428975,0
428976,0
428977,0
428978,0
428979,0
428980,0
428981,0
428982,0
428983,0
428984,0
428985,4
428986,0
428987,0
428988,0
428989,0
428990,3
428991,0
428992,0
428993,0
428994,0
428995,0
428996,0
428997,0
428998,0
428999,0
429000,0
429001,0
429002,0
429003,0
429004,4
429005,0
429006,0
429007,4
429008,0
429009,0
429010,0
429011,3
429012,0
429013,0
429014,2
429015,0
429016,0
429017,0
429018,0
429019,0
429020,0
429021,0
429022,0
429023,0
429024,0
429025,0
429026,0
429027,0
429028,4
429029,4
429030,2
429031,3
429032,0
429033,0
429034,0
429035,0
429036,0
429037,0
429038,0
429039,0
429040,0
429041,0
429042,0
429043,0
429044,0
429045,0
429046,0
429047,0
429048,3
429049,0
429050,0
429051,0
429052,0
429053,0
429054,0
429055,0
429056,2
429057,2
429058,0
429059,5
429060,0
429061,0
429062,0
429063,0
429064,0
429065,0
429066,0
429067,0
429068,0
429069,0
429070,0
429071,0
429072,0
429073,0
429074,0
429075,0
429076,0
429077,0
429078,0
429079,0
429080,0
429081,0
429082,0
429083,0
429084,0
429085,0
429086,0
429087,0
429088,0
429089,0
429090,0
429091,0
429092,0
429093,0
429094,0
429095,0
429096,0
429097,0
429098,0
429099,0
429100,0
429101,3
429102,0
429103,0
429104,0
429105,0
429106,3
429107,0
429108,0
429109,0
429110,0
429111,0
429112,0
429113,0
429114,5
429115,0
429116,0
429117,0
429118,0
429119,0
429120,0
429121,0
429122,0
429123,0
429124,0
429125,0
429126,0
429127,0
429128,0
429129,0
429130,0
429131,0
429132,0
429133,0
429134,0
429135,0
429136,0
429137,0
429138,0
429139,0
429140,0
429141,0
429142,0
429143,3
429144,0
429145,0
429146,0
429147,0
429148,0
429149,0
429150,0
429151,0
429152,0
429153,0
429154,0
429155,0
429156,3
429157,0
429158,0
429159,0
429160,0
429161,0
429162,0
429163,0
429164,4
429165,0
429166,0
429167,0
429168,0
429169,0
429170,0
429171,0
429172,0
429173,0
429174,0
429175,0
429176,0
429177,0
429178,0
429179,2
429180,0
429181,0
429182,0
429183,0
429184,1
429185,3
429186,5
429187,0
429188,0
429189,0
429190,3
429191,0
429192,0
429193,0
429194,0
429195,0
429196,0
429197,0
429198,0
429199,0
429200,0
429201,0
429202,0
429203,0
429204,0
429205,0
429206,0
429207,0
429208,0
429209,0
429210,0
429211,0
429212,0
429213,0
429214,0
429215,0
429216,0
429217,0
429218,0
429219,0
429220,0
429221,0
429222,0
429223,0
429224,0
429225,0
429226,0
429227,0
429228,6
429229,0
429230,0
429231,0
429232,0
429233,0
429234,3
429235,0
429236,0
429237,0
429238,0
429239,0
429240,0
429241,0
429242,0
429243,0
429244,0
429245,0
429246,0
429247,0
429248,0
429249,0
429250,0
429251,0
429252,0
429253,4
429254,0
429255,0
429256,0
429257,0
429258,3
429259,0
429260,0
429261,0
429262,0
429263,0
429264,0
429265,0
429266,0
429267,0
429268,9
429269,0
429270,0
429271,9
429272,0
429273,0
429274,0
429275,0
429276,7
429277,0
429278,0
429279,0
429280,0
429281,0
429282,0
429283,0
429284,0
429285,0
429286,6
429287,0
429288,0
429289,0
429290,0
429291,0
429292,0
429293,0
429294,0
429295,0
429296,0
429297,10
429298,8
429299,0
429300,0
429301,0
429302,0
429303,0
429304,0
429305,0
429306,0
429307,9
429308,0
429309,0
429310,8
429311,0
429312,0
429313,0
429314,0
429315,0
429316,0
429317,0
429318,0
429319,0
429320,0
429321,0
429322,4
429323,0
429324,0
429325,0
429326,0
429327,0
429328,0
429329,0
429330,0
429331,0
429332,0
429333,0
429334,0
429335,0
429336,6
429337,0
429338,0
429339,0
429340,0
429341,0
429342,0
429343,0
429344,0
429345,0
429346,0
429347,0
429348,0
429349,0
429350,0
429351,0
429352,0
429353,0
429354,0
429355,0
429356,0
429357,0
429358,0
429359,0
429360,0
429361,0
429362,10
429363,0
429364,0
429365,0
429366,0
429367,0
429368,0
429369,0
429370,0
429371,0
429372,0
429373,0
429374,0
429375,8
429376,0
429377,0
429378,0
429379,0
429380,0
429381,0
429382,0
429383,0
429384,5
429385,0
429386,0
429387,0
429388,0
429389,0
429390,0
429391,0
429392,0
429393,0
429394,0
429395,0
429396,0
429397,0
429398,7
429399,0
429400,0
429401,0
429402,4
429403,0
429404,0
429405,0
429406,0
429407,0
429408,0
429409,4
429410,0
429411,0
429412,0
429413,0
429414,0
429415,0
429416,0
429417,0
429418,0
429419,0
429420,0
429421,0
429422,0
429423,0
429424,0
429425,0
429426,0
429427,7
429428,0
429429,0
429430,0
429431,0
429432,0
429433,0
429434,0
429435,0
429436,0
429437,0
429438,0
429439,0
429440,0
429441,0
429442,0
429443,0
429444,0
429445,0
429446,0
429447,0
429448,0
429449,5
429450,0
429451,0
429452,0
429453,0
429454,0
429455,0
429456,0
429457,0
429458,0
429459,0
429460,0
429461,14
429462,0
429463,0
429464,0
429465,14
429466,0
429467,0
429468,0
429469,0
429470,0
429471,0
429472,0
429473,0
429474,0
429475,0
429476,0
429477,0
429478,0
429479,0
429480,0
429481,0
429482,0
429483,3
429484,0
429485,0
429486,0
429487,0
429488,0
429489,0
429490,0
429491,0
429492,0
429493,0
429494,9
429495,0
429496,0
429497,0
429498,0
429499,0
429500,7
429501,0
429502,0
429503,0
429504,9
429505,0
429506,0
429507,0
429508,0
429509,0
429510,0
429511,8
429512,0
429513,0
429514,0
429515,0
429516,0
429517,0
429518,0
429519,0
429520,5
429521,0
429522,14
429523,0
429524,0
429525,0
429526,8
429527,0
429528,0
429529,0
429530,0
429531,0
429532,9
429533,0
429534,8
429535,0
429536,0
429537,0
429538,0
429539,0
429540,0
429541,0
429542,0
429543,0
429544,0
429545,0
429546,0
429547,0
429548,0
429549,0
429550,0
429551,0
429552,0
429553,0
429554,5
429555,0
429556,0
429557,0
429558,0
429559,0
429560,0
429561,0
429562,0
429563,9
429564,0
429565,0
429566,9
429567,0
429568,0
429569,0
429570,0
429571,0
429572,0
429573,0
429574,0
429575,0
429576,7
429577,0
429578,0
429579,0
429580,0
429581,0
429582,0
429583,0
429584,0
429585,6
429586,0
429587,0
429588,5
429589,0
429590,0
429591,0
429592,0
429593,0
429594,0
429595,6
429596,0
429597,0
429598,0
429599,0
429600,0
429601,0
429602,0
429603,0
429604,0
429605,0
429606,0
429607,0
429608,0
429609,0
429610,0
429611,0
429612,0
429613,0
429614,0
429615,0
429616,0
429617,0
429618,0
429619,0
429620,0
429621,0
429622,0
429623,0
429624,0
429625,0
429626,0
429627,0
429628,0
429629,0
429630,9
429631,0
429632,0
429633,0
429634,0
429635,0
429636,0
429637,0
429638,0
429639,0
429640,0
429641,0
429642,0
429643,0
429644,0
429645,0
429646,0
429647,0
429648,0
429649,0
429650,0
429651,0
429652,0
429653,0
429654,0
429655,0
429656,0
429657,0
429658,0
429659,0
429660,0
429661,0
429662,0
429663,0
429664,0
429665,0
429666,0
429667,0
429668,0
429669,0
429670,0
429671,0
429672,0
429673,0
429674,0
429675,0
429676,0
429677,0
429678,0
429679,0
429680,0
429681,0
429682,0
429683,0
429684,0
429685,0
429686,0
429687,0
429688,0
429689,0
429690,0
429691,4
429692,0
429693,0
429694,7
429695,0
429696,0
429697,0
429698,0
429699,0
429700,0
429701,0
429702,0
429703,0
429704,0
429705,5
429706,0
429707,0
429708,0
429709,0
429710,0
429711,0
429712,0
429713,0
429714,3
429715,0
429716,0
429717,7
429718,0
429719,0
429720,0
429721,0
429722,0
429723,9
429724,0
429725,0
429726,0
429727,0
429728,0
429729,0
429730,0
429731,0
429732,0
429733,0
429734,0
429735,8
429736,0
429737,0
429738,0
429739,6
429740,7
429741,0
429742,0
429743,0
429744,0
429745,0
429746,0
429747,0
429748,0
429749,10
429750,4
429751,0
429752,0
429753,4
429754,0
429755,0
429756,7
429757,5
429758,0
429759,0
429760,0
429761,0
429762,0
429763,0
429764,0
429765,2
429766,0
429767,0
429768,0
429769,0
429770,0
429771,0
429772,0
429773,0
429774,0
429775,0
429776,0
429777,0
429778,0
429779,0
429780,0
429781,0
429782,0
429783,7
429784,0
429785,0
429786,0
429787,0
429788,0
429789,5
429790,0
429791,7
429792,0
429793,0
429794,0
429795,6
429796,0
429797,6
429798,4
429799,0
429800,0
429801,3
429802,0
429803,0
429804,0
429805,0
429806,0
429807,0
429808,0
429809,0
429810,0
429811,0
429812,0
429813,4
429814,0
429815,6
429816,0
429817,0
429818,0
429819,10
429820,0
429821,0
429822,0
429823,0
429824,0
429825,2
429826,0
429827,0
429828,0
429829,0
429830,2
429831,3
429832,0
429833,0
429834,0
429835,0
429836,0
429837,0
429838,0
429839,0
429840,0
429841,0
429842,0
429843,0
429844,0
429845,0
429846,0
429847,0
429848,0
429849,0
429850,0
429851,0
429852,0
429853,6
429854,0
429855,0
429856,0
429857,0
429858,0
429859,0
429860,0
429861,0
429862,0
429863,0
429864,0
429865,0
429866,0
429867,5
429868,5
429869,0
429870,0
429871,0
429872,0
429873,0
429874,0
429875,0
429876,0
429877,0
429878,0
429879,0
429880,0
429881,0
429882,0
429883,0
429884,0
429885,0
429886,0
429887,0
429888,0
429889,0
429890,0
429891,0
429892,0
429893,0
429894,0
429895,0
429896,0
429897,0
429898,7
429899,0
429900,0
429901,0
429902,0
429903,0
429904,0
429905,0
429906,0
429907,0
429908,9
429909,5
429910,0
429911,0
429912,0
429913,0
429914,0
429915,0
429916,0
429917,0
429918,0
429919,0
429920,0
429921,0
429922,0
429923,0
429924,0
429925,0
429926,0
429927,0
429928,0
429929,0
429930,0
429931,0
429932,0
429933,0
429934,0
429935,0
429936,0
429937,0
429938,0
429939,0
429940,0
429941,0
429942,0
429943,0
429944,0
429945,0
429946,0
429947,0
429948,0
429949,0
429950,0
429951,0
429952,0
429953,0
429954,0
429955,0
429956,0
429957,0
429958,0
429959,0
429960,0
429961,7
429962,0
429963,0
429964,8
429965,0
429966,4
429967,0
429968,0
429969,0
429970,3
429971,0
429972,0
429973,0
429974,0
429975,0
429976,5
429977,0
429978,0
429979,0
429980,0
429981,6
429982,0
429983,0
429984,0
429985,0
429986,0
429987,0
429988,0
429989,3
429990,0
429991,0
429992,0
429993,0
429994,0
429995,0
429996,0
429997,0
429998,0
429999,0
430000,0
430001,0
430002,0
430003,0
430004,0
430005,0
430006,0
430007,0
430008,0
430009,0
430010,0
430011,0
430012,0
430013,0
430014,0
430015,0
430016,0
430017,0
430018,0
430019,0
430020,0
430021,0
430022,0
430023,0
430024,9
430025,0
430026,0
430027,0
430028,0
430029,0
430030,0
430031,0
430032,0
430033,7
430034,0
430035,0
430036,0
430037,0
430038,0
430039,0
430040,0
430041,0
430042,30
430043,0
430044,0
430045,0
430046,0
430047,0
430048,0
430049,0
430050,0
430051,0
430052,0
430053,0
430054,0
430055,0
430056,0
430057,0
430058,0
430059,32
430060,0
430061,0
430062,0
430063,0
430064,0
430065,36
430066,0
430067,0
430068,0
430069,0
430070,0
430071,0
430072,0
430073,0
430074,0
430075,0
430076,0
430077,0
430078,0
430079,0
430080,0
430081,0
430082,0
430083,44
430084,0
430085,0
430086,33
430087,0
430088,0
430089,20
430090,0
430091,38
430092,0
430093,0
430094,0
430095,0
430096,0
430097,0
430098,0
430099,0
430100,0
430101,0
430102,0
430103,61
430104,0
430105,0
430106,0
430107,0
430108,0
430109,0
430110,0
430111,0
430112,0
430113,0
430114,0
430115,36
430116,26
430117,0
430118,0
430119,0
430120,0
430121,0
430122,0
430123,0
430124,0
430125,35
430126,0
430127,27
430128,0
430129,0
430130,0
430131,0
430132,0
430133,0
430134,0
430135,55
430136,0
430137,0
430138,0
430139,0
430140,0
430141,34
430142,0
430143,59
430144,0
430145,0
430146,0
430147,0
430148,0
430149,0
430150,0
430151,0
430152,0
430153,0
430154,0
430155,0
430156,0
430157,0
430158,23
430159,0
430160,0
430161,0
430162,0
430163,0
430164,0
430165,33
430166,41
430167,0
430168,0
430169,0
430170,0
430171,0
430172,0
430173,0
430174,0
430175,30
430176,0
430177,0
430178,0
430179,0
430180,0
430181,0
430182,42
430183,0
430184,0
430185,0
430186,0
430187,0
430188,0
430189,0
430190,0
430191,0
430192,0
430193,0
430194,31
430195,0
430196,0
430197,0
430198,33
430199,40
430200,0
430201,0
430202,0
430203,0
430204,48
430205,0
430206,0
430207,0
430208,0
430209,0
430210,0
430211,0
430212,0
430213,0
430214,0
430215,0
430216,0
430217,0
430218,22
430219,0
430220,0
430221,0
430222,0
430223,0
430224,0
430225,30
430226,0
430227,33
430228,0
430229,0
430230,0
430231,0
430232,39
430233,0
430234,0
430235,0
430236,0
430237,0
430238,0
430239,0
430240,0
430241,0
430242,0
430243,0
430244,0
430245,0
430246,0
430247,0
430248,0
430249,39
430250,0
430251,0
430252,0
430253,0
430254,0
430255,47
430256,0
430257,0
430258,0
430259,34
430260,0
430261,0
430262,0
430263,0
430264,0
430265,0
430266,0
430267,31
430268,0
430269,0
430270,0
430271,0
430272,0
430273,0
430274,0
430275,0
430276,0
430277,0
430278,0
430279,0
430280,0
430281,36
430282,0
430283,0
430284,0
430285,0
430286,30
430287,0
430288,0
430289,0
430290,34
430291,0
430292,29
430293,0
430294,0
430295,0
430296,52
430297,0
430298,0
430299,0
430300,36
430301,0
430302,0
430303,26
430304,0
430305,0
430306,0
430307,0
430308,0
430309,0
430310,0
430311,0
430312,0
430313,0
430314,0
430315,0
430316,0
430317,0
430318,0
430319,53
430320,38
430321,0
430322,0
430323,0
430324,0
430325,0
430326,0
430327,34
430328,0
430329,27
430330,0
430331,0
430332,31
430333,0
430334,0
430335,0
430336,0
430337,45
430338,0
430339,0
430340,0
430341,0
430342,22
430343,0
430344,0
430345,0
430346,0
430347,0
430348,0
430349,0
430350,0
430351,0
430352,0
430353,0
430354,0
430355,0
430356,0
430357,0
430358,0
430359,38
430360,0
430361,0
430362,0
430363,0
430364,0
430365,28
430366,0
430367,28
430368,0
430369,0
430370,0
430371,0
430372,0
430373,0
430374,0
430375,0
430376,0
430377,0
430378,0
430379,0
430380,0
430381,0
430382,0
430383,0
430384,0
430385,0
430386,46
430387,0
430388,0
430389,0
430390,0
430391,0
430392,0
430393,0
430394,44
430395,38
430396,0
430397,0
430398,0
430399,0
430400,0
430401,0
430402,0
430403,0
430404,0
430405,37
430406,0
430407,0
430408,26
430409,0
430410,0
430411,44
430412,32
430413,37
430414,0
430415,0
430416,0
430417,0
430418,0
430419,0
430420,0
430421,0
430422,45
430423,0
430424,37
430425,50
430426,0
430427,0
430428,0
430429,28
430430,0
430431,0
430432,0
430433,0
430434,0
430435,0
430436,37
430437,0
430438,0
430439,0
430440,0
430441,56
430442,0
430443,0
430444,0
430445,40
430446,0
430447,0
430448,43
430449,0
430450,0
430451,0
430452,0
430453,0
430454,0
430455,0
430456,0
430457,30
430458,32
430459,0
430460,0
430461,0
430462,0
430463,0
430464,0
430465,0
430466,0
430467,0
430468,0
430469,0
430470,0
430471,0
430472,0
430473,0
430474,0
430475,0
430476,0
430477,0
430478,34
430479,0
430480,0
430481,0
430482,0
430483,0
430484,0
430485,0
430486,41
430487,0
430488,0
430489,0
430490,0
430491,0
430492,0
430493,47
430494,0
430495,35
430496,0
430497,0
430498,0
430499,33
430500,0
430501,47
430502,0
430503,0
430504,0
430505,0
430506,0
430507,0
430508,0
430509,32
430510,0
430511,48
430512,35
430513,40
430514,0
430515,0
430516,0
430517,41
430518,0
430519,0
430520,0
430521,0
430522,38
430523,0
430524,0
430525,0
430526,0
430527,0
430528,0
430529,0
430530,0
430531,0
430532,31
430533,0
430534,47
430535,0
430536,0
430537,40
430538,0
430539,0
430540,0
430541,0
430542,0
430543,41
430544,0
430545,0
430546,43
430547,0
430548,0
430549,0
430550,0
430551,0
430552,0
430553,21
430554,0
430555,0
430556,0
430557,0
430558,0
430559,0
430560,42
430561,50
430562,0
430563,0
430564,0
430565,0
430566,0
430567,0
430568,0
430569,0
430570,0
430571,0
430572,0
430573,0
430574,0
430575,0
430576,32
430577,0
430578,0
430579,0
430580,28
430581,0
430582,0
430583,0
430584,0
430585,38
430586,0
430587,0
430588,0
430589,0
430590,0
430591,0
430592,0
430593,51
430594,0
430595,0
430596,0
430597,41
430598,0
430599,0
430600,0
430601,0
430602,0
430603,0
430604,0
430605,0
430606,0
430607,32
430608,0
430609,48
430610,0
430611,0
430612,22
430613,0
430614,46
430615,0
430616,0
430617,0
430618,0
430619,0
430620,0
430621,0
430622,0
430623,0
430624,0
430625,0
430626,0
430627,0
430628,46
430629,29
430630,0
430631,0
430632,0
430633,0
430634,0
430635,0
430636,0
430637,0
430638,0
430639,0
430640,46
430641,0
430642,0
430643,0
430644,0
430645,0
430646,64
430647,0
430648,0
430649,0
430650,0
430651,0
430652,0
430653,0
430654,41
430655,0
430656,0
430657,0
430658,0
430659,0
430660,0
430661,37
430662,0
430663,0
430664,34
430665,0
430666,0
430667,0
430668,0
430669,0
430670,0
430671,50
430672,0
430673,0
430674,0
430675,38
430676,39
430677,0
430678,0
430679,0
430680,46
430681,0
430682,38
430683,0
430684,32
430685,0
430686,36
430687,0
430688,0
430689,0
430690,0
430691,0
430692,46
430693,42
430694,0
430695,0
430696,45
430697,0
430698,0
430699,0
430700,0
430701,0
430702,28
430703,0
430704,0
430705,0
430706,0
430707,0
430708,0
430709,0
430710,0
430711,0
430712,0
430713,0
430714,0
430715,0
430716,0
430717,0
430718,0
430719,0
430720,0
430721,0
430722,0
430723,0
430724,0
430725,31
430726,0
430727,0
430728,24
430729,0
430730,0
430731,0
430732,44
430733,0
430734,0
430735,28
430736,0
430737,47
430738,0
430739,0
430740,0
430741,0
430742,0
430743,0
430744,0
430745,0
430746,0
430747,0
430748,0
430749,0
430750,0
430751,0
430752,0
430753,0
430754,0
430755,0
430756,0
430757,0
430758,36
430759,0
430760,0
430761,31
430762,0
430763,29
430764,0
430765,43
430766,0
430767,42
430768,0
430769,0
430770,0
430771,0
430772,0
430773,0
430774,0
430775,0
430776,0
430777,36
430778,0
430779,0
430780,0
430781,0
430782,0
430783,0
430784,0
430785,0
430786,0
430787,0
430788,0
430789,0
430790,0
430791,0
430792,23
430793,0
430794,0
430795,0
430796,0
430797,0
430798,0
430799,0
430800,0
430801,0
430802,0
430803,0
430804,0
430805,56
430806,0
430807,0
430808,0
430809,0
430810,0
430811,0
430812,0
430813,13
430814,0
430815,0
430816,0
430817,0
430818,0
430819,0
430820,0
430821,0
430822,0
430823,0
430824,0
430825,0
430826,0
430827,0
430828,0
430829,33
430830,0
430831,29
430832,0
430833,0
430834,0
430835,37
430836,0
430837,0
430838,0
430839,0
430840,0
430841,0
430842,0
430843,50
430844,0
430845,0
430846,0
430847,31
430848,0
430849,0
430850,24
430851,0
430852,0
430853,0
430854,0
430855,32
430856,52
430857,0
430858,40
430859,0
430860,41
430861,0
430862,51
430863,0
430864,41
430865,46
430866,0
430867,0
430868,0
430869,54
430870,33
430871,45
430872,0
430873,28
430874,0
430875,0
430876,28
430877,0
430878,0
430879,50
430880,0
430881,39
430882,0
430883,0
430884,0
430885,0
430886,0
430887,0
430888,0
430889,0
430890,51
430891,29
430892,0
430893,0
430894,0
430895,0
430896,35
430897,0
430898,0
430899,0
430900,0
430901,0
430902,0
430903,0
430904,0
430905,0
430906,0
430907,0
430908,0
430909,0
430910,0
430911,49
430912,0
430913,34
430914,0
430915,0
430916,0
430917,0
430918,0
430919,0
430920,65
430921,43
430922,0
430923,0
430924,0
430925,0
430926,0
430927,0
430928,0
430929,0
430930,1
430931,0
430932,0
430933,0
430934,0
430935,0
430936,0
430937,0
430938,0
430939,0
430940,0
430941,0
430942,0
430943,0
430944,0
430945,0
430946,0
430947,0
430948,0
430949,0
430950,0
430951,0
430952,0
430953,0
430954,0
430955,0
430956,0
430957,0
430958,0
430959,0
430960,0
430961,0
430962,0
430963,1
430964,0
430965,0
430966,0
430967,0
430968,1
430969,0
430970,1
430971,0
430972,0
430973,0
430974,0
430975,0
430976,0
430977,0
430978,1
430979,0
430980,0
430981,0
430982,1
430983,0
430984,0
430985,0
430986,0
430987,0
430988,0
430989,0
430990,0
430991,0
430992,0
430993,0
430994,0
430995,0
430996,0
430997,0
430998,0
430999,0
431000,0
431001,0
431002,0
431003,0
431004,0
431005,0
431006,0
431007,0
431008,0
431009,0
431010,0
431011,0
431012,0
431013,0
431014,0
431015,0
431016,0
431017,0
431018,0
431019,0
431020,0
431021,0
431022,0
431023,0
431024,1
431025,1
431026,0
431027,0
431028,0
431029,0
431030,0
431031,0
431032,0
431033,0
431034,0
431035,2
431036,0
431037,0
431038,0
431039,0
431040,0
431041,0
431042,0
431043,0
431044,0
431045,0
431046,0
431047,0
431048,0
431049,0
431050,0
431051,0
431052,0
431053,0
431054,0
431055,0
431056,0
431057,2
431058,1
431059,0
431060,0
431061,0
431062,0
431063,1
431064,0
431065,1
431066,0
431067,1
431068,0
431069,0
431070,0
431071,0
431072,0
431073,0
431074,0
431075,0
431076,0
431077,0
431078,0
431079,0
431080,0
431081,0
431082,0
431083,0
431084,0
431085,0
431086,0
431087,0
431088,0
431089,0
431090,0
431091,0
431092,0
431093,0
431094,0
431095,0
431096,0
431097,0
431098,0
431099,0
431100,0
431101,0
431102,0
431103,0
431104,0
431105,0
431106,0
431107,0
431108,0
431109,0
431110,1
431111,0
431112,0
431113,0
431114,0
431115,0
431116,0
431117,0
431118,0
431119,0
431120,1
431121,0
431122,0
431123,0
431124,0
431125,0
431126,0
431127,1
431128,1
431129,0
431130,0
431131,0
431132,0
431133,0
431134,0
431135,1
431136,0
431137,0
431138,0
431139,0
431140,0
431141,0
431142,0
431143,0
431144,0
431145,1
431146,0
431147,0
431148,0
431149,0
431150,1
431151,0
431152,0
431153,0
431154,0
431155,0
431156,0
431157,0
431158,0
431159,0
431160,0
431161,0
431162,0
431163,0
431164,0
431165,0
431166,0
431167,0
431168,0
431169,1
431170,0
431171,1
431172,0
431173,0
431174,1
431175,0
431176,0
431177,0
431178,0
431179,0
431180,0
431181,0
431182,0
431183,2
431184,0
431185,1
431186,0
431187,0
431188,0
431189,1
431190,0
431191,0
431192,2
431193,0
431194,1
431195,1
431196,0
431197,0
431198,0
431199,0
431200,1
431201,0
431202,0
431203,0
431204,0
431205,0
431206,0
431207,0
431208,0
431209,0
431210,0
431211,0
431212,0
431213,0
431214,0
431215,0
431216,2
431217,0
431218,0
431219,0
431220,0
431221,0
431222,0
431223,0
431224,0
431225,0
431226,2
431227,0
431228,0
431229,0
431230,0
431231,0
431232,0
431233,0
431234,0
431235,0
431236,0
431237,0
431238,1
431239,1
431240,0
431241,0
431242,1
431243,0
431244,0
431245,0
431246,0
431247,0
431248,0
431249,0
431250,0
431251,0
431252,0
431253,0
431254,0
431255,0
431256,0
431257,1
431258,0
431259,0
431260,0
431261,0
431262,1
431263,0
431264,0
431265,0
431266,0
431267,0
431268,0
431269,0
431270,0
431271,0
431272,0
431273,0
431274,1
431275,0
431276,0
431277,0
431278,0
431279,0
431280,0
431281,0
431282,1
431283,0
431284,0
431285,2
431286,0
431287,0
431288,0
431289,1
431290,0
431291,0
431292,0
431293,0
431294,0
431295,0
431296,0
431297,2
431298,0
431299,2
431300,0
431301,0
431302,0
431303,0
431304,0
431305,0
431306,0
431307,0
431308,0
431309,0
431310,0
431311,0
431312,0
431313,0
431314,0
431315,0
431316,0
431317,0
431318,0
431319,0
431320,0
431321,0
431322,0
431323,0
431324,0
431325,0
431326,0
431327,0
431328,0
431329,0
431330,0
431331,0
431332,1
431333,1
431334,0
431335,0
431336,0
431337,0
431338,0
431339,0
431340,0
431341,0
431342,0
431343,0
431344,0
431345,0
431346,0
431347,0
431348,0
431349,0
431350,0
431351,2
431352,0
431353,0
431354,0
431355,0
431356,0
431357,0
431358,0
431359,0
431360,0
431361,1
431362,0
431363,0
431364,1
431365,0
431366,0
431367,0
431368,0
431369,0
431370,0
431371,0
431372,0
431373,2
431374,0
431375,0
431376,0
431377,0
431378,0
431379,0
431380,1
431381,0
431382,0
431383,0
431384,0
431385,0
431386,0
431387,0
431388,0
431389,0
431390,1
431391,0
431392,0
431393,0
431394,2
431395,0
431396,0
431397,1
431398,0
431399,0
431400,0
431401,0
431402,1
431403,0
431404,0
431405,0
431406,0
431407,0
431408,0
431409,1
431410,0
431411,0
431412,0
431413,1
431414,0
431415,0
431416,0
431417,0
431418,0
431419,0
431420,0
431421,0
431422,0
431423,0
431424,0
431425,0
431426,0
431427,0
431428,0
431429,0
431430,0
431431,0
431432,0
431433,0
431434,0
431435,0
431436,0
431437,0
431438,0
431439,3
431440,0
431441,0
431442,0
431443,0
431444,0
431445,0
431446,0
431447,9
431448,0
431449,0
431450,0
431451,0
431452,0
431453,0
431454,0
431455,0
431456,0
431457,0
431458,0
431459,0
431460,0
431461,0
431462,0
431463,0
431464,8
431465,9
431466,0
431467,0
431468,4
431469,18
431470,0
431471,11
431472,0
431473,12
431474,0
431475,0
431476,0
431477,0
431478,5
431479,16
431480,0
431481,0
431482,0
431483,0
431484,0
431485,0
431486,0
431487,0
431488,0
431489,0
431490,0
431491,0
431492,0
431493,0
431494,9
431495,0
431496,0
431497,0
431498,0
431499,0
431500,0
431501,0
431502,10
431503,0
431504,0
431505,0
431506,8
431507,0
431508,0
431509,15
431510,0
431511,0
431512,0
431513,0
431514,0
431515,0
431516,0
431517,0
431518,0
431519,0
431520,0
431521,0
431522,0
431523,0
431524,0
431525,12
431526,0
431527,0
431528,0
431529,0
431530,0
431531,9
431532,0
431533,0
431534,0
431535,0
431536,0
431537,0
431538,0
431539,0
431540,8
431541,0
431542,0
431543,0
431544,0
431545,0
431546,0
431547,0
431548,0
431549,0
431550,0
431551,0
431552,0
431553,0
431554,0
431555,0
431556,0
431557,0
431558,0
431559,0
431560,10
431561,0
431562,0
431563,0
431564,0
431565,0
431566,0
431567,0
431568,0
431569,0
431570,0
431571,14
431572,0
431573,0
431574,0
431575,0
431576,0
431577,0
431578,0
431579,0
431580,0
431581,12
431582,0
431583,0
431584,3
431585,0
431586,0
431587,0
431588,0
431589,0
431590,0
431591,0
431592,0
431593,0
431594,0
431595,0
431596,0
431597,0
431598,0
431599,0
431600,0
431601,0
431602,0
431603,0
431604,0
431605,0
431606,0
431607,0
431608,0
431609,0
431610,0
431611,0
431612,0
431613,0
431614,3
431615,11
431616,15
431617,0
431618,0
431619,0
431620,0
431621,0
431622,0
431623,0
431624,0
431625,0
431626,0
431627,0
431628,0
431629,0
431630,0
431631,0
431632,0
431633,0
431634,0
431635,0
431636,0
431637,0
431638,0
431639,0
431640,0
431641,0
431642,0
431643,0
431644,9
431645,0
431646,0
431647,0
431648,10
431649,0
431650,0
431651,0
431652,0
431653,0
431654,0
431655,9
431656,0
431657,0
431658,0
431659,0
431660,0
431661,0
431662,0
431663,0
431664,0
431665,0
431666,4
431667,0
431668,0
431669,0
431670,11
431671,0
431672,0
431673,7
431674,0
431675,12
431676,0
431677,0
431678,0
431679,0
431680,0
431681,0
431682,0
431683,0
431684,0
431685,0
431686,0
431687,0
431688,0
431689,0
431690,4
431691,0
431692,0
431693,0
431694,0
431695,0
431696,0
431697,0
431698,0
431699,0
431700,0
431701,0
431702,8
431703,0
431704,0
431705,0
431706,0
431707,0
431708,0
431709,0
431710,0
431711,0
431712,0
431713,0
431714,0
431715,0
431716,0
431717,0
431718,0
431719,14
431720,0
431721,4
431722,0
431723,0
431724,0
431725,0
431726,0
431727,15
431728,0
431729,0
431730,0
431731,0
431732,0
431733,0
431734,0
431735,13
431736,0
431737,0
431738,0
431739,0
431740,0
431741,0
431742,0
431743,0
431744,0
431745,0
431746,0
431747,8
431748,0
431749,0
431750,0
431751,0
431752,0
431753,0
431754,4
431755,0
431756,0
431757,0
431758,0
431759,0
431760,0
431761,0
431762,0
431763,0
431764,0
431765,18
431766,12
431767,6
431768,0
431769,0
431770,0
431771,3
431772,9
431773,0
431774,0
431775,0
431776,0
431777,0
431778,0
431779,4
431780,0
431781,0
431782,0
431783,0
431784,0
431785,0
431786,0
431787,0
431788,0
431789,6
431790,0
431791,0
431792,0
431793,0
431794,6
431795,0
431796,0
431797,0
431798,0
431799,0
431800,0
431801,0
431802,0
431803,0
431804,0
431805,0
431806,0
431807,0
431808,0
431809,15
431810,0
431811,0
431812,0
431813,0
431814,0
431815,0
431816,0
431817,0
431818,0
431819,0
431820,0
431821,0
431822,0
431823,0
431824,0
431825,0
431826,0
431827,0
431828,0
431829,0
431830,0
431831,0
431832,0
431833,0
431834,0
431835,0
431836,0
431837,0
431838,0
431839,0
431840,0
431841,0
431842,0
431843,0
431844,0
431845,0
431846,0
431847,0
431848,0
431849,0
431850,0
431851,0
431852,0
431853,0
431854,5
431855,0
431856,0
431857,0
431858,0
431859,12
431860,0
431861,0
431862,0
431863,0
431864,0
431865,0
431866,0
431867,0
431868,0
431869,0
431870,0
431871,0
431872,0
431873,0
431874,0
431875,0
431876,0
431877,0
431878,0
431879,0
431880,0
431881,11
431882,0
431883,0
431884,0
431885,0
431886,0
431887,0
431888,0
431889,0
431890,0
431891,0
431892,0
431893,0
431894,7
431895,0
431896,0
431897,0
431898,0
431899,12
431900,0
431901,0
431902,0
431903,0
431904,0
431905,0
431906,8
431907,8
431908,0
431909,0
431910,0
431911,0
431912,0
431913,0
431914,0
431915,0
431916,0
431917,0
431918,0
431919,12
431920,0
431921,0
431922,0
431923,0
431924,0
431925,0
431926,0
431927,0
431928,0
431929,0
431930,0
431931,0
431932,0
431933,0
431934,0
431935,0
431936,0
431937,0
431938,0
431939,0
431940,0
431941,0
431942,0
431943,5
431944,0
431945,0
431946,0
431947,7
431948,0
431949,0
431950,0
431951,0
431952,0
431953,0
431954,0
431955,0
431956,10
431957,0
431958,0
431959,0
431960,10
431961,0
431962,0
431963,0
431964,0
431965,0
431966,0
431967,0
431968,3
431969,0
431970,0
431971,0
431972,0
431973,0
431974,0
431975,0
431976,0
431977,0
431978,0
431979,6
431980,8
431981,0
431982,11
431983,0
431984,0
431985,0
431986,0
431987,0
431988,0
431989,0
431990,11
431991,0
431992,12
431993,0
431994,0
431995,0
431996,0
431997,0
431998,0
431999,0
432000,0
432001,0
432002,0
432003,0
432004,9
432005,0
432006,0
432007,0
432008,0
432009,0
432010,0
432011,0
432012,0
432013,0
432014,0
432015,0
432016,0
432017,12
432018,8
432019,0
432020,0
432021,0
432022,20
432023,0
432024,0
432025,0
432026,5
432027,13
432028,0
432029,0
432030,0
432031,0
432032,0
432033,0
432034,0
432035,0
432036,0
432037,0
432038,12
432039,0
432040,0
432041,0
432042,0
432043,11
432044,8
432045,0
432046,0
432047,0
432048,0
432049,0
432050,0
432051,0
432052,0
432053,7
432054,0
432055,0
432056,10
432057,0
432058,0
432059,0
432060,8
432061,13
432062,0
432063,0
432064,0
432065,0
432066,10
432067,11
432068,9
432069,0
432070,0
432071,0
432072,0
432073,0
432074,0
432075,0
432076,0
432077,0
432078,0
432079,0
432080,0
432081,0
432082,0
432083,0
432084,0
432085,0
432086,0
432087,0
432088,14
432089,0
432090,0
432091,0
432092,0
432093,0
432094,0
432095,0
432096,0
432097,0
432098,0
432099,0
432100,0
432101,0
432102,0
432103,0
432104,0
432105,5
432106,0
432107,14
432108,0
432109,0
432110,0
432111,4
432112,0
432113,0
432114,0
432115,0
432116,0
432117,0
432118,0
432119,0
432120,8
432121,5
432122,0
432123,0
432124,0
432125,0
432126,0
432127,0
432128,0
432129,0
432130,0
432131,0
432132,0
432133,0
432134,13
432135,0
432136,0
432137,9
432138,0
432139,0
432140,0
432141,0
432142,0
432143,0
432144,9
432145,0
432146,0
432147,0
432148,0
432149,0
432150,0
432151,0
432152,0
432153,5
432154,0
432155,8
432156,0
432157,0
432158,0
432159,0
432160,0
432161,0
432162,0
432163,0
432164,0
432165,9
432166,0
432167,0
432168,11
432169,0
432170,0
432171,11
432172,0
432173,9
432174,0
432175,0
432176,0
432177,0
432178,7
432179,9
432180,0
432181,0
432182,0
432183,0
432184,0
432185,0
432186,0
432187,8
432188,0
432189,0
432190,0
432191,0
432192,0
432193,7
432194,10
432195,0
432196,0
432197,10
432198,0
432199,13
432200,0
432201,0
432202,0
432203,0
432204,21
432205,8
432206,0
432207,0
432208,0
432209,0
432210,0
432211,13
432212,0
432213,0
432214,0
432215,0
432216,0
432217,0
432218,0
432219,0
432220,0
432221,0
432222,0
432223,0
432224,0
432225,0
432226,0
432227,8
432228,13
432229,0
432230,0
432231,0
432232,0
432233,0
432234,0
432235,0
432236,0
432237,0
432238,0
432239,0
432240,0
432241,0
432242,0
432243,0
432244,0
432245,0
432246,11
432247,0
432248,0
432249,0
432250,0
432251,0
432252,0
432253,0
432254,0
432255,0
432256,0
432257,0
432258,0
432259,0
432260,13
432261,0
432262,0
432263,0
432264,0
432265,5
432266,0
432267,9
432268,0
432269,0
432270,0
432271,10
432272,0
432273,0
432274,0
432275,0
432276,0
432277,0
432278,0
432279,0
432280,0
432281,0
432282,11
432283,12
432284,11
432285,0
432286,0
432287,0
432288,0
432289,0
432290,0
432291,0
432292,0
432293,0
432294,0
432295,0
432296,0
432297,0
432298,0
432299,0
432300,0
432301,0
432302,0
432303,0
432304,0
432305,0
432306,0
432307,0
432308,0
432309,0
432310,0
432311,0
432312,0
432313,0
432314,0
432315,0
432316,0
432317,0
432318,0
432319,0
432320,0
432321,0
432322,0
432323,6
432324,0
432325,17
432326,0
432327,0
432328,0
432329,0
432330,0
432331,0
432332,0
432333,0
432334,0
432335,0
432336,11
432337,0
432338,0
432339,0
432340,0
432341,6
432342,0
432343,0
432344,0
432345,0
432346,0
432347,0
432348,0
432349,16
432350,0
432351,0
432352,0
432353,0
432354,0
432355,0
432356,0
432357,0
432358,23
432359,0
432360,0
432361,0
432362,0
432363,0
432364,0
432365,0
432366,0
432367,0
432368,0
432369,0
432370,0
432371,0
432372,0
432373,0
432374,0
432375,10
432376,0
432377,17
432378,0
432379,20
432380,0
432381,0
432382,0
432383,0
432384,26
432385,0
432386,0
432387,0
432388,0
432389,16
432390,14
432391,0
432392,0
432393,17
432394,0
432395,0
432396,0
432397,20
432398,0
432399,0
432400,21
432401,0
432402,0
432403,0
432404,0
432405,0
432406,0
432407,0
432408,0
432409,0
432410,0
432411,0
432412,22
432413,22
432414,16
432415,0
432416,0
432417,19
432418,0
432419,0
432420,0
432421,18
432422,0
432423,0
432424,0
432425,0
432426,0
432427,0
432428,0
432429,0
432430,0
432431,0
432432,0
432433,0
432434,0
432435,0
432436,0
432437,0
432438,0
432439,0
432440,0
432441,0
432442,0
432443,0
432444,0
432445,0
432446,0
432447,0
432448,0
432449,0
432450,0
432451,0
432452,16
432453,0
432454,19
432455,0
432456,0
432457,16
432458,0
432459,0
432460,0
432461,30
432462,0
432463,0
432464,13
432465,0
432466,0
432467,0
432468,0
432469,0
432470,0
432471,14
432472,0
432473,0
432474,0
432475,0
432476,0
432477,0
432478,0
432479,0
432480,0
432481,0
432482,30
432483,12
432484,0
432485,0
432486,0
432487,0
432488,0
432489,0
432490,0
432491,27
432492,0
432493,0
432494,0
432495,0
432496,0
432497,0
432498,0
432499,0
432500,11
432501,0
432502,0
432503,0
432504,0
432505,0
432506,0
432507,0
432508,16
432509,0
432510,0
432511,0
432512,0
432513,18
432514,0
432515,0
432516,0
432517,12
432518,0
432519,19
432520,0
432521,0
432522,0
432523,0
432524,0
432525,0
432526,0
432527,0
432528,0
432529,0
432530,0
432531,0
432532,0
432533,0
432534,0
432535,18
432536,0
432537,4
432538,11
432539,20
432540,0
432541,0
432542,19
432543,0
432544,0
432545,0
432546,0
432547,0
432548,20
432549,20
432550,0
432551,0
432552,0
432553,0
432554,0
432555,13
432556,0
432557,0
432558,0
432559,0
432560,0
432561,0
432562,0
432563,0
432564,0
432565,0
432566,0
432567,21
432568,0
432569,0
432570,0
432571,0
432572,0
432573,0
432574,0
432575,0
432576,0
432577,0
432578,0
432579,27
432580,14
432581,0
432582,0
432583,0
432584,0
432585,0
432586,20
432587,0
432588,0
432589,0
432590,0
432591,0
432592,0
432593,0
432594,0
432595,0
432596,17
432597,0
432598,0
432599,0
432600,0
432601,0
432602,0
432603,23
432604,0
432605,0
432606,0
432607,28
432608,0
432609,0
432610,0
432611,0
432612,20
432613,0
432614,0
432615,0
432616,0
432617,0
432618,0
432619,0
432620,0
432621,0
432622,0
432623,0
432624,19
432625,9
432626,0
432627,0
432628,0
432629,0
432630,0
432631,29
432632,0
432633,0
432634,0
432635,0
432636,0
432637,0
432638,0
432639,0
432640,0
432641,0
432642,16
432643,0
432644,17
432645,0
432646,20
432647,0
432648,0
432649,0
432650,0
432651,0
432652,0
432653,0
432654,0
432655,14
432656,0
432657,0
432658,0
432659,15
432660,0
432661,0
432662,0
432663,0
432664,0
432665,16
432666,0
432667,0
432668,0
432669,0
432670,0
432671,0
432672,0
432673,0
432674,18
432675,0
432676,0
432677,0
432678,0
432679,0
432680,0
432681,0
432682,0
432683,22
432684,0
432685,0
432686,0
432687,0
432688,0
432689,0
432690,0
432691,0
432692,0
432693,0
432694,0
432695,0
432696,14
432697,0
432698,0
432699,0
432700,0
432701,0
432702,0
432703,0
432704,0
432705,0
432706,0
432707,0
432708,0
432709,0
432710,0
432711,0
432712,0
432713,12
432714,0
432715,0
432716,0
432717,0
432718,0
432719,0
432720,0
432721,0
432722,0
432723,0
432724,0
432725,0
432726,0
432727,0
432728,0
432729,0
432730,0
432731,0
432732,0
432733,0
432734,0
432735,0
432736,0
432737,0
432738,0
432739,0
432740,0
432741,0
432742,0
432743,0
432744,0
432745,0
432746,0
432747,15
432748,0
432749,0
432750,0
432751,0
432752,15
432753,0
432754,0
432755,0
432756,0
432757,0
432758,18
432759,0
432760,0
432761,0
432762,0
432763,0
432764,9
432765,0
432766,0
432767,0
432768,0
432769,0
432770,0
432771,0
432772,0
432773,11
432774,0
432775,0
432776,0
432777,0
432778,0
432779,0
432780,0
432781,0
432782,20
432783,21
432784,0
432785,0
432786,0
432787,0
432788,0
432789,0
432790,0
432791,0
432792,0
432793,10
432794,0
432795,0
432796,0
432797,0
432798,0
432799,26
432800,23
432801,0
432802,0
432803,0
432804,17
432805,0
432806,0
432807,0
432808,0
432809,32
432810,0
432811,0
432812,16
432813,0
432814,0
432815,0
432816,0
432817,0
432818,9
432819,0
432820,0
432821,0
432822,0
432823,0
432824,0
432825,0
432826,0
432827,0
432828,0
432829,0
432830,9
432831,0
432832,0
432833,0
432834,0
432835,0
432836,0
432837,0
432838,0
432839,0
432840,0
432841,0
432842,0
432843,0
432844,0
432845,0
432846,0
432847,0
432848,0
432849,0
432850,0
432851,0
432852,0
432853,0
432854,0
432855,0
432856,0
432857,0
432858,0
432859,0
432860,0
432861,0
432862,0
432863,12
432864,10
432865,0
432866,0
432867,0
432868,0
432869,0
432870,0
432871,20
432872,0
432873,0
432874,18
432875,0
432876,0
432877,0
432878,0
432879,0
432880,26
432881,20
432882,0
432883,0
432884,0
432885,0
432886,0
432887,0
432888,22
432889,0
432890,0
432891,15
432892,0
432893,0
432894,0
432895,0
432896,28
432897,0
432898,0
432899,0
432900,0
432901,0
432902,0
432903,0
432904,0
432905,0
432906,0
432907,0
432908,0
432909,0
432910,0
432911,0
432912,0
432913,0
432914,0
432915,0
432916,0
432917,0
432918,20
432919,0
432920,0
432921,31
432922,0
432923,0
432924,13
432925,0
432926,0
432927,18
432928,0
432929,0
432930,19
432931,15
432932,0
432933,0
432934,0
432935,0
432936,0
432937,0
432938,0
432939,0
432940,14
432941,13
432942,0
432943,0
432944,0
432945,0
432946,0
432947,0
432948,0
432949,15
432950,0
432951,0
432952,0
432953,0
432954,0
432955,0
432956,0
432957,0
432958,0
432959,0
432960,0
432961,0
432962,19
432963,0
432964,19
432965,0
432966,0
432967,0
432968,0
432969,0
432970,0
432971,17
432972,24
432973,0
432974,0
432975,11
432976,35
432977,0
432978,0
432979,18
432980,0
432981,32
432982,0
432983,15
432984,27
432985,0
432986,0
432987,30
432988,0
432989,0
432990,26
432991,0
432992,0
432993,0
432994,0
432995,0
432996,0
432997,0
432998,0
432999,0
433000,28
433001,0
433002,12
433003,0
433004,0
433005,0
433006,22
433007,0
433008,17
433009,27
433010,0
433011,0
433012,0
433013,0
433014,0
433015,0
433016,0
433017,0
433018,30
433019,0
433020,21
433021,0
433022,0
433023,27
433024,0
433025,0
433026,0
433027,0
433028,0
433029,0
433030,0
433031,0
433032,27
433033,16
433034,19
433035,0
433036,0
433037,0
433038,29
433039,0
433040,0
433041,0
433042,16
433043,0
433044,0
433045,0
433046,0
433047,24
433048,22
433049,22
433050,47
433051,26
433052,0
433053,0
433054,20
433055,0
433056,0
433057,36
433058,0
433059,0
433060,24
433061,0
433062,0
433063,0
433064,31
433065,32
433066,0
433067,0
433068,0
433069,0
433070,0
433071,0
433072,0
433073,0
433074,0
433075,0
433076,0
433077,16
433078,0
433079,17
433080,9
433081,0
433082,13
433083,0
433084,0
433085,0
433086,0
433087,0
433088,0
433089,0
433090,0
433091,0
433092,0
433093,0
433094,0
433095,0
433096,15
433097,0
433098,8
433099,0
433100,0
433101,0
433102,0
433103,0
433104,0
433105,0
433106,0
433107,17
433108,0
433109,15
433110,0
433111,0
433112,11
433113,0
433114,0
433115,0
433116,0
433117,0
433118,0
433119,0
433120,0
433121,0
433122,0
433123,0
433124,0
433125,0
433126,0
433127,0
433128,0
433129,0
433130,13
433131,0
433132,0
433133,8
433134,0
433135,0
433136,0
433137,0
433138,0
433139,0
433140,0
433141,0
433142,0
433143,0
433144,0
433145,0
433146,0
433147,0
433148,0
433149,0
433150,16
433151,0
433152,0
433153,16
433154,0
433155,11
433156,0
433157,0
433158,0
433159,11
433160,0
433161,0
433162,0
433163,0
433164,0
433165,16
433166,13
433167,0
433168,0
433169,0
433170,0
433171,33
433172,0
433173,0
433174,0
433175,0
433176,0
433177,0
433178,0
433179,0
433180,0
433181,19
433182,0
433183,9
433184,12
433185,0
433186,0
433187,0
433188,0
433189,19
433190,0
433191,0
433192,0
433193,0
433194,13
433195,0
433196,15
433197,17
433198,0
433199,7
433200,21
433201,0
433202,0
433203,0
433204,0
433205,0
433206,18
433207,0
433208,19
433209,0
433210,0
433211,0
433212,25
433213,0
433214,0
433215,0
433216,0
433217,0
433218,0
433219,0
433220,0
433221,0
433222,0
433223,0
433224,0
433225,0
433226,0
433227,17
433228,0
433229,17
433230,0
433231,0
433232,0
433233,14
433234,0
433235,0
433236,10
433237,16
433238,0
433239,0
433240,0
433241,0
433242,0
433243,0
433244,0
433245,0
433246,0
433247,0
433248,0
433249,15
433250,18
433251,0
433252,0
433253,0
433254,0
433255,0
433256,19
433257,15
433258,0
433259,23
433260,0
433261,0
433262,0
433263,12
433264,0
433265,13
433266,0
433267,0
433268,0
433269,0
433270,12
433271,0
433272,0
433273,0
433274,0
433275,0
433276,0
433277,0
433278,0
433279,0
433280,0
433281,0
433282,0
433283,0
433284,0
433285,0
433286,0
433287,0
433288,0
433289,0
433290,0
433291,0
433292,14
433293,0
433294,0
433295,0
433296,0
433297,0
433298,0
433299,0
433300,0
433301,0
433302,14
433303,0
433304,21
433305,0
433306,0
433307,0
433308,0
433309,0
433310,11
433311,16
433312,0
433313,0
433314,0
433315,12
433316,14
433317,0
433318,0
433319,0
433320,0
433321,0
433322,0
433323,0
433324,0
433325,0
433326,0
433327,22
433328,10
433329,0
433330,10
433331,0
433332,18
433333,22
433334,12
433335,0
433336,0
433337,0
433338,0
433339,0
433340,0
433341,0
433342,0
433343,0
433344,0
433345,0
433346,0
433347,0
433348,0
433349,0
433350,17
433351,0
433352,0
433353,0
433354,0
433355,0
433356,0
433357,0
433358,0
433359,0
433360,10
433361,0
433362,0
433363,20
433364,0
433365,0
433366,0
433367,0
433368,0
433369,0
433370,9
433371,0
433372,0
433373,0
433374,0
433375,0
433376,14
433377,21
433378,13
433379,0
433380,0
433381,0
433382,0
433383,19
433384,0
433385,0
433386,15
433387,0
433388,0
433389,0
433390,0
433391,0
433392,15
433393,0
433394,13
433395,0
433396,0
433397,0
433398,0
433399,0
433400,0
433401,0
433402,0
433403,16
433404,0
433405,15
433406,20
433407,0
433408,0
433409,0
433410,0
433411,0
433412,0
433413,0
433414,12
433415,0
433416,0
433417,13
433418,0
433419,0
433420,0
433421,0
433422,16
433423,9
433424,0
433425,0
433426,0
433427,0
433428,0
433429,0
433430,17
433431,0
433432,20
433433,0
433434,22
433435,0
433436,4
433437,18
433438,0
433439,0
433440,12
433441,0
433442,0
433443,0
433444,0
433445,0
433446,0
433447,0
433448,0
433449,0
433450,0
433451,0
433452,15
433453,0
433454,0
433455,0
433456,0
433457,0
433458,10
433459,19
433460,0
433461,0
433462,0
433463,0
433464,9
433465,0
433466,10
433467,0
433468,0
433469,0
433470,0
433471,0
433472,0
433473,0
433474,10
433475,0
433476,13
433477,0
433478,11
433479,0
433480,0
433481,14
433482,0
433483,0
433484,0
433485,0
433486,16
433487,0
433488,0
433489,0
433490,0
433491,0
433492,0
433493,0
433494,0
433495,0
433496,3
433497,0
433498,0
433499,0
433500,0
433501,0
433502,0
433503,0
433504,0
433505,0
433506,0
433507,0
433508,0
433509,0
433510,0
433511,0
433512,0
433513,0
433514,0
433515,0
433516,0
433517,5
433518,0
433519,0
433520,0
433521,0
433522,0
433523,0
433524,0
433525,0
433526,15
433527,0
433528,2
433529,0
433530,0
433531,20
433532,0
433533,0
433534,0
433535,0
433536,0
433537,12
433538,0
433539,0
433540,0
433541,0
433542,0
433543,0
433544,0
433545,0
433546,12
433547,0
433548,0
433549,0
433550,0
433551,5
433552,0
433553,0
433554,0
433555,0
433556,0
433557,0
433558,0
433559,0
433560,0
433561,7
433562,9
433563,0
433564,13
433565,0
433566,0
433567,0
433568,16
433569,0
433570,0
433571,8
433572,0
433573,0
433574,0
433575,0
433576,0
433577,0
433578,0
433579,0
433580,0
433581,6
433582,0
433583,0
433584,13
433585,0
433586,0
433587,0
433588,0
433589,9
433590,0
433591,0
433592,4
433593,0
433594,0
433595,0
433596,0
433597,0
433598,0
433599,9
433600,0
433601,0
433602,0
433603,0
433604,0
433605,0
433606,0
433607,0
433608,0
433609,0
433610,0
433611,0
433612,0
433613,0
433614,0
433615,0
433616,0
433617,0
433618,0
433619,0
433620,0
433621,0
433622,0
433623,0
433624,0
433625,0
433626,0
433627,0
433628,0
433629,0
433630,0
433631,0
433632,0
433633,0
433634,0
433635,0
433636,13
433637,0
433638,0
433639,0
433640,0
433641,0
433642,0
433643,9
433644,0
433645,16
433646,0
433647,0
433648,0
433649,0
433650,0
433651,0
433652,0
433653,0
433654,0
433655,0
433656,0
433657,0
433658,0
433659,0
433660,0
433661,0
433662,0
433663,0
433664,9
433665,0
433666,0
433667,0
433668,7
433669,0
433670,9
433671,0
433672,0
433673,0
433674,6
433675,0
433676,0
433677,0
433678,10
433679,0
433680,0
433681,0
433682,0
433683,0
433684,0
433685,5
433686,0
433687,0
433688,0
433689,0
433690,0
433691,0
433692,0
433693,63
433694,54
433695,0
433696,0
433697,0
433698,0
433699,0
433700,0
433701,0
433702,0
433703,0
433704,0
433705,37
433706,0
433707,0
433708,0
433709,0
433710,40
433711,0
433712,0
433713,0
433714,0
433715,0
433716,0
433717,0
433718,0
433719,0
433720,0
433721,0
433722,0
433723,40
433724,0
433725,0
433726,0
433727,0
433728,0
433729,0
433730,0
433731,36
433732,0
433733,0
433734,0
433735,0
433736,0
433737,0
433738,43
433739,0
433740,0
433741,0
433742,0
433743,0
433744,39
433745,0
433746,0
433747,0
433748,0
433749,0
433750,0
433751,0
433752,0
433753,0
433754,32
433755,0
433756,0
433757,0
433758,0
433759,0
433760,0
433761,0
433762,0
433763,0
433764,28
433765,0
433766,38
433767,0
433768,0
433769,0
433770,0
433771,0
433772,0
433773,0
433774,0
433775,0
433776,0
433777,0
433778,36
433779,0
433780,0
433781,0
433782,55
433783,43
433784,28
433785,0
433786,0
433787,0
433788,0
433789,0
433790,0
433791,0
433792,0
433793,0
433794,0
433795,0
433796,28
433797,0
433798,0
433799,35
433800,0
433801,0
433802,44
433803,0
433804,0
433805,43
433806,0
433807,0
433808,0
433809,43
433810,0
433811,0
433812,32
433813,0
433814,0
433815,0
433816,39
433817,34
433818,0
433819,0
433820,37
433821,0
433822,0
433823,0
433824,35
433825,0
433826,0
433827,0
433828,0
433829,27
433830,0
433831,0
433832,0
433833,0
433834,0
433835,38
433836,0
433837,0
433838,0
433839,0
433840,0
433841,0
433842,0
433843,0
433844,0
433845,0
433846,0
433847,30
433848,41
433849,43
433850,0
433851,0
433852,0
433853,0
433854,0
433855,0
433856,21
433857,0
433858,0
433859,0
433860,0
433861,0
433862,0
433863,0
433864,0
433865,0
433866,16
433867,0
433868,0
433869,0
433870,0
433871,0
433872,0
433873,0
433874,0
433875,0
433876,0
433877,0
433878,0
433879,9
433880,0
433881,0
433882,0
433883,0
433884,0
433885,0
433886,9
433887,0
433888,18
433889,0
433890,0
433891,0
433892,0
433893,16
433894,0
433895,0
433896,0
433897,0
433898,0
433899,0
433900,12
433901,13
433902,0
433903,0
433904,0
433905,18
433906,0
433907,0
433908,16
433909,0
433910,0
433911,0
433912,0
433913,0
433914,0
433915,0
433916,0
433917,0
433918,0
433919,0
433920,0
433921,10
433922,0
433923,0
433924,0
433925,0
433926,0
433927,0
433928,0
433929,12
433930,0
433931,0
433932,0
433933,0
433934,0
433935,0
433936,0
433937,0
433938,0
433939,0
433940,0
433941,16
433942,0
433943,0
433944,0
433945,0
433946,0
433947,0
433948,0
433949,10
433950,10
433951,0
433952,0
433953,13
433954,0
433955,0
433956,0
433957,0
433958,0
433959,0
433960,0
433961,0
433962,0
433963,0
433964,0
433965,0
433966,0
433967,0
433968,0
433969,0
433970,0
433971,0
433972,0
433973,0
433974,0
433975,0
433976,0
433977,0
433978,10
433979,0
433980,0
433981,0
433982,0
433983,0
433984,0
433985,0
433986,0
433987,0
433988,0
433989,0
433990,10
433991,0
433992,0
433993,0
433994,13
433995,0
433996,0
433997,0
433998,0
433999,0
434000,0
434001,10
434002,0
434003,0
434004,17
434005,8
434006,18
434007,0
434008,0
434009,0
434010,13
434011,0
434012,0
434013,0
434014,0
434015,16
434016,0
434017,0
434018,0
434019,0
434020,0
434021,0
434022,0
434023,11
434024,0
434025,0
434026,0
434027,0
434028,0
434029,0
434030,0
434031,0
434032,0
434033,11
434034,0
434035,0
434036,0
434037,10
434038,0
434039,8
434040,0
434041,0
434042,0
434043,0
434044,0
434045,0
434046,0
434047,0
434048,15
434049,0
434050,0
434051,19
434052,23
434053,0
434054,0
434055,0
434056,0
434057,0
434058,0
434059,0
434060,10
434061,13
434062,0
434063,0
434064,0
434065,0
434066,0
434067,0
434068,10
434069,0
434070,18
434071,0
434072,0
434073,0
434074,15
434075,0
434076,12
434077,0
434078,0
434079,0
434080,0
434081,0
434082,0
434083,0
434084,0
434085,0
434086,0
434087,0
434088,0
434089,0
434090,0
434091,0
434092,15
434093,0
434094,0
434095,0
434096,0
434097,0
434098,0
434099,0
434100,21
434101,19
434102,0
434103,0
434104,0
434105,0
434106,0
434107,0
434108,0
434109,0
434110,0
434111,0
434112,0
434113,0
434114,0
434115,0
434116,0
434117,0
434118,0
434119,0
434120,0
434121,0
434122,0
434123,0
434124,11
434125,0
434126,0
434127,0
434128,0
434129,0
434130,22
434131,10
434132,0
434133,0
434134,0
434135,12
434136,0
434137,0
434138,0
434139,0
434140,0
434141,0
434142,0
434143,0
434144,0
434145,0
434146,0
434147,0
434148,0
434149,0
434150,0
434151,0
434152,0
434153,0
434154,0
434155,0
434156,0
434157,13
434158,0
434159,0
434160,0
434161,0
434162,0
434163,0
434164,17
434165,0
434166,0
434167,0
434168,0
434169,16
434170,0
434171,0
434172,0
434173,0
434174,0
434175,0
434176,0
434177,0
434178,0
434179,0
434180,0
434181,0
434182,15
434183,0
434184,0
434185,19
434186,3
434187,0
434188,0
434189,0
434190,0
434191,9
434192,0
434193,10
434194,0
434195,0
434196,0
434197,0
434198,0
434199,10
434200,0
434201,0
434202,0
434203,0
434204,0
434205,0
434206,0
434207,0
434208,0
434209,0
434210,0
434211,10
434212,0
434213,0
434214,0
434215,0
434216,0
434217,0
434218,19
434219,0
434220,0
434221,0
434222,0
434223,0
434224,0
434225,17
434226,15
434227,0
434228,0
434229,0
434230,0
434231,0
434232,0
434233,0
434234,0
434235,0
434236,0
434237,0
434238,22
434239,0
434240,0
434241,0
434242,0
434243,0
434244,0
434245,0
434246,0
434247,18
434248,0
434249,0
434250,10
434251,0
434252,0
434253,0
434254,15
434255,0
434256,0
434257,0
434258,0
434259,0
434260,0
434261,0
434262,0
434263,0
434264,11
434265,0
434266,26
434267,0
434268,0
434269,0
434270,0
434271,0
434272,0
434273,0
434274,0
434275,0
434276,0
434277,0
434278,0
434279,0
434280,0
434281,0
434282,0
434283,0
434284,0
434285,0
434286,0
434287,0
434288,0
434289,0
434290,18
434291,0
434292,0
434293,0
434294,0
434295,0
434296,0
434297,0
434298,0
434299,0
434300,14
434301,0
434302,0
434303,12
434304,0
434305,0
434306,0
434307,11
434308,0
434309,0
434310,0
434311,0
434312,0
434313,0
434314,0
434315,0
434316,0
434317,0
434318,0
434319,0
434320,0
434321,0
434322,0
434323,0
434324,0
434325,0
434326,0
434327,9
434328,0
434329,0
434330,0
434331,0
434332,0
434333,0
434334,0
434335,0
434336,0
434337,0
434338,25
434339,0
434340,0
434341,0
434342,17
434343,16
434344,0
434345,12
434346,0
434347,11
434348,0
434349,0
434350,0
434351,0
434352,0
434353,0
434354,0
434355,0
434356,0
434357,0
434358,0
434359,0
434360,0
434361,14
434362,0
434363,28
434364,0
434365,0
434366,0
434367,0
434368,0
434369,12
434370,14
434371,0
434372,0
434373,0
434374,19
434375,0
434376,0
434377,0
434378,20
434379,0
434380,0
434381,0
434382,0
434383,0
434384,0
434385,0
434386,0
434387,13
434388,0
434389,0
434390,0
434391,0
434392,0
434393,0
434394,0
434395,0
434396,0
434397,0
434398,0
434399,0
434400,0
434401,0
434402,0
434403,0
434404,0
434405,0
434406,0
434407,0
434408,0
434409,0
434410,0
434411,0
434412,0
434413,0
434414,0
434415,0
434416,0
434417,0
434418,0
434419,3
434420,0
434421,0
434422,0
434423,0
434424,7
434425,0
434426,0
434427,4
434428,0
434429,0
434430,0
434431,0
434432,0
434433,0
434434,3
434435,8
434436,0
434437,0
434438,0
434439,7
434440,0
434441,6
434442,0
434443,0
434444,0
434445,0
434446,0
434447,0
434448,0
434449,0
434450,2
434451,0
434452,0
434453,0
434454,0
434455,0
434456,1
434457,0
434458,0
434459,7
434460,3
434461,0
434462,0
434463,0
434464,0
434465,0
434466,0
434467,0
434468,0
434469,0
434470,0
434471,0
434472,4
434473,0
434474,0
434475,11
434476,0
434477,0
434478,0
434479,0
434480,0
434481,0
434482,0
434483,3
434484,11
434485,0
434486,2
434487,0
434488,6
434489,0
434490,0
434491,0
434492,0
434493,0
434494,0
434495,0
434496,7
434497,0
434498,0
434499,0
434500,0
434501,0
434502,0
434503,0
434504,0
434505,0
434506,0
434507,6
434508,0
434509,0
434510,0
434511,0
434512,0
434513,0
434514,0
434515,0
434516,0
434517,0
434518,0
434519,0
434520,0
434521,0
434522,0
434523,15
434524,0
434525,0
434526,0
434527,0
434528,0
434529,4
434530,0
434531,0
434532,0
434533,0
434534,0
434535,0
434536,0
434537,0
434538,0
434539,0
434540,0
434541,0
434542,0
434543,0
434544,0
434545,0
434546,0
434547,0
434548,0
434549,3
434550,0
434551,0
434552,0
434553,0
434554,10
434555,0
434556,0
434557,5
434558,0
434559,0
434560,0
434561,0
434562,0
434563,0
434564,0
434565,0
434566,3
434567,0
434568,0
434569,0
434570,0
434571,0
434572,0
434573,0
434574,0
434575,0
434576,4
434577,0
434578,3
434579,0
434580,6
434581,7
434582,0
434583,0
434584,0
434585,0
434586,0
434587,0
434588,5
434589,0
434590,0
434591,0
434592,0
434593,0
434594,0
434595,0
434596,0
434597,0
434598,0
434599,5
434600,0
434601,0
434602,9
434603,0
434604,0
434605,5
434606,3
434607,0
434608,0
434609,0
434610,0
434611,0
434612,1
434613,0
434614,2
434615,0
434616,0
434617,0
434618,0
434619,8
434620,0
434621,0
434622,0
434623,0
434624,0
434625,0
434626,7
434627,0
434628,0
434629,0
434630,5
434631,0
434632,8
434633,0
434634,0
434635,0
434636,0
434637,0
434638,0
434639,0
434640,0
434641,4
434642,3
434643,0
434644,0
434645,0
434646,0
434647,0
434648,0
434649,6
434650,0
434651,0
434652,0
434653,10
434654,0
434655,0
434656,0
434657,0
434658,0
434659,0
434660,0
434661,0
434662,0
434663,0
434664,0
434665,2
434666,9
434667,4
434668,8
434669,0
434670,0
434671,0
434672,4
434673,0
434674,0
434675,0
434676,1
434677,0
434678,0
434679,0
434680,0
434681,0
434682,0
434683,14
434684,0
434685,0
434686,0
434687,0
434688,5
434689,0
434690,0
434691,0
434692,0
434693,0
434694,3
434695,0
434696,0
434697,0
434698,0
434699,0
434700,11
434701,0
434702,0
434703,0
434704,6
434705,0
434706,0
434707,0
434708,0
434709,5
434710,0
434711,0
434712,8
434713,0
434714,0
434715,0
434716,10
434717,0
434718,5
434719,10
434720,0
434721,0
434722,0
434723,0
434724,0
434725,0
434726,5
434727,2
434728,0
434729,0
434730,0
434731,0
434732,6
434733,0
434734,0
434735,0
434736,3
434737,0
434738,0
434739,0
434740,0
434741,0
434742,4
434743,0
434744,0
434745,0
434746,3
434747,0
434748,0
434749,0
434750,0
434751,0
434752,0
434753,0
434754,0
434755,0
434756,0
434757,0
434758,15
434759,12
434760,0
434761,14
434762,0
434763,0
434764,0
434765,0
434766,0
434767,0
434768,0
434769,0
434770,0
434771,16
434772,0
434773,0
434774,25
434775,0
434776,0
434777,0
434778,10
434779,0
434780,0
434781,0
434782,0
434783,0
434784,0
434785,0
434786,5
434787,0
434788,0
434789,0
434790,0
434791,0
434792,0
434793,0
434794,0
434795,0
434796,0
434797,0
434798,0
434799,0
434800,0
434801,0
434802,0
434803,0
434804,14
434805,0
434806,26
434807,0
434808,11
434809,0
434810,0
434811,0
434812,0
434813,0
434814,0
434815,0
434816,0
434817,0
434818,0
434819,15
434820,0
434821,0
434822,0
434823,0
434824,0
434825,0
434826,0
434827,0
434828,0
434829,0
434830,18
434831,0
434832,0
434833,0
434834,0
434835,23
434836,0
434837,0
434838,0
434839,0
434840,0
434841,14
434842,0
434843,0
434844,0
434845,18
434846,24
434847,0
434848,18
434849,12
434850,0
434851,0
434852,0
434853,0
434854,0
434855,0
434856,0
434857,8
434858,0
434859,0
434860,0
434861,0
434862,0
434863,0
434864,16
434865,12
434866,0
434867,0
434868,0
434869,0
434870,0
434871,0
434872,0
434873,0
434874,0
434875,0
434876,0
434877,0
434878,0
434879,0
434880,0
434881,0
434882,0
434883,0
434884,0
434885,0
434886,0
434887,0
434888,7
434889,0
434890,0
434891,0
434892,0
434893,0
434894,0
434895,0
434896,0
434897,12
434898,8
434899,0
434900,0
434901,0
434902,17
434903,0
434904,0
434905,0
434906,0
434907,0
434908,20
434909,21
434910,8
434911,0
434912,0
434913,0
434914,0
434915,0
434916,0
434917,0
434918,0
434919,13
434920,0
434921,0
434922,0
434923,0
434924,0
434925,0
434926,0
434927,14
434928,0
434929,0
434930,0
434931,0
434932,0
434933,0
434934,0
434935,0
434936,0
434937,0
434938,0
434939,0
434940,0
434941,0
434942,0
434943,0
434944,0
434945,0
434946,0
434947,21
434948,0
434949,0
434950,0
434951,0
434952,12
434953,0
434954,0
434955,0
434956,0
434957,0
434958,0
434959,19
434960,0
434961,0
434962,0
434963,0
434964,0
434965,0
434966,0
434967,0
434968,0
434969,0
434970,0
434971,0
434972,0
434973,0
434974,0
434975,0
434976,0
434977,0
434978,0
434979,0
434980,0
434981,0
434982,0
434983,0
434984,0
434985,0
434986,0
434987,0
434988,11
434989,0
434990,0
434991,0
434992,0
434993,0
434994,0
434995,0
434996,0
434997,0
434998,0
434999,0
435000,0
435001,0
435002,0
435003,0
435004,0
435005,17
435006,0
435007,0
435008,0
435009,0
435010,0
435011,7
435012,0
435013,0
435014,0
435015,6
435016,0
435017,0
435018,0
435019,0
435020,0
435021,21
435022,0
435023,0
435024,0
435025,0
435026,0
435027,0
435028,14
435029,22
435030,0
435031,0
435032,0
435033,15
435034,0
435035,0
435036,0
435037,0
435038,0
435039,0
435040,16
435041,0
435042,0
435043,0
435044,0
435045,0
435046,0
435047,0
435048,0
435049,0
435050,0
435051,0
435052,0
435053,0
435054,0
435055,0
435056,0
435057,0
435058,0
435059,17
435060,0
435061,0
435062,0
435063,16
435064,0
435065,0
435066,0
435067,0
435068,0
435069,0
435070,0
435071,0
435072,0
435073,0
435074,0
435075,0
435076,18
435077,0
435078,0
435079,0
435080,0
435081,0
435082,0
435083,23
435084,0
435085,0
435086,0
435087,0
435088,20
435089,0
435090,0
435091,0
435092,0
435093,0
435094,0
435095,0
435096,0
435097,0
435098,0
435099,21
435100,0
435101,0
435102,0
435103,0
435104,0
435105,0
435106,0
435107,0
435108,0
435109,7
435110,0
435111,0
435112,0
435113,0
435114,0
435115,0
435116,0
435117,0
435118,0
435119,0
435120,0
435121,0
435122,0
435123,19
435124,0
435125,22
435126,0
435127,0
435128,0
435129,0
435130,0
435131,0
435132,0
435133,14
435134,0
435135,0
435136,0
435137,0
435138,0
435139,0
435140,0
435141,0
435142,0
435143,18
435144,0
435145,0
435146,0
435147,0
435148,0
435149,0
435150,0
435151,0
435152,0
435153,23
435154,0
435155,0
435156,0
435157,0
435158,0
435159,0
435160,8
435161,0
435162,0
435163,0
435164,15
435165,16
435166,0
435167,0
435168,0
435169,14
435170,0
435171,0
435172,0
435173,0
435174,0
435175,0
435176,0
435177,0
435178,0
435179,0
435180,0
435181,0
435182,0
435183,0
435184,0
435185,0
435186,20
435187,0
435188,0
435189,20
435190,0
435191,0
435192,0
435193,3
435194,0
435195,0
435196,0
435197,0
435198,0
435199,0
435200,0
435201,0
435202,0
435203,0
435204,0
435205,0
435206,0
435207,0
435208,0
435209,0
435210,0
435211,0
435212,18
435213,0
435214,0
435215,0
435216,12
435217,0
435218,0
435219,0
435220,0
435221,0
435222,29
435223,0
435224,0
435225,0
435226,0
435227,0
435228,0
435229,26
435230,0
435231,0
435232,0
435233,0
435234,0
435235,0
435236,0
435237,0
435238,15
435239,0
435240,0
435241,0
435242,0
435243,19
435244,20
435245,0
435246,0
435247,0
435248,0
435249,11
435250,0
435251,0
435252,0
435253,0
435254,0
435255,0
435256,0
435257,0
435258,9
435259,0
435260,0
435261,0
435262,0
435263,0
435264,0
435265,17
435266,0
435267,0
435268,0
435269,18
435270,0
435271,0
435272,12
435273,0
435274,7
435275,0
435276,0
435277,0
435278,0
435279,0
435280,0
435281,0
435282,14
435283,0
435284,0
435285,0
435286,0
435287,0
435288,15
435289,0
435290,0
435291,0
435292,0
435293,0
435294,0
435295,0
435296,0
435297,0
435298,0
435299,0
435300,14
435301,0
435302,0
435303,0
435304,0
435305,0
435306,0
435307,12
435308,0
435309,6
435310,0
435311,0
435312,15
435313,0
435314,0
435315,0
435316,13
435317,0
435318,0
435319,0
435320,0
435321,13
435322,0
435323,21
435324,0
435325,15
435326,0
435327,0
435328,0
435329,0
435330,0
435331,0
435332,0
435333,0
435334,26
435335,17
435336,0
435337,19
435338,0
435339,0
435340,0
435341,0
435342,0
435343,0
435344,0
435345,0
435346,0
435347,0
435348,0
435349,0
435350,0
435351,0
435352,0
435353,0
435354,0
435355,0
435356,18
435357,21
435358,16
435359,0
435360,0
435361,0
435362,0
435363,0
435364,0
435365,0
435366,0
435367,0
435368,0
435369,0
435370,0
435371,0
435372,0
435373,0
435374,0
435375,0
435376,0
435377,0
435378,0
435379,0
435380,11
435381,0
435382,17
435383,0
435384,0
435385,0
435386,0
435387,0
435388,0
435389,0
435390,0
435391,0
435392,0
435393,22
435394,0
435395,0
435396,0
435397,0
435398,0
435399,14
435400,0
435401,0
435402,0
435403,0
435404,0
435405,16
435406,0
435407,0
435408,0
435409,0
435410,13
435411,0
435412,0
435413,0
435414,0
435415,0
435416,0
435417,0
435418,0
435419,0
435420,0
435421,0
435422,0
435423,0
435424,0
435425,16
435426,0
435427,0
435428,0
435429,0
435430,0
435431,0
435432,0
435433,13
435434,0
435435,0
435436,0
435437,0
435438,0
435439,0
435440,0
435441,0
435442,28
435443,4
435444,0
435445,0
435446,0
435447,0
435448,0
435449,0
435450,0
435451,0
435452,0
435453,0
435454,0
435455,0
435456,0
435457,0
435458,0
435459,0
435460,0
435461,0
435462,0
435463,0
435464,0
435465,0
435466,0
435467,0
435468,0
435469,0
435470,0
435471,0
435472,0
435473,0
435474,0
435475,0
435476,0
435477,0
435478,0
435479,0
435480,0
435481,11
435482,0
435483,0
435484,0
435485,0
435486,0
435487,12
435488,0
435489,0
435490,0
435491,0
435492,0
435493,0
435494,0
435495,0
435496,0
435497,0
435498,0
435499,0
435500,0
435501,0
435502,0
435503,0
435504,0
435505,7
435506,0
435507,10
435508,0
435509,0
435510,0
435511,0
435512,0
435513,0
435514,4
435515,0
435516,0
435517,0
435518,0
435519,0
435520,0
435521,0
435522,0
435523,0
435524,0
435525,0
435526,0
435527,0
435528,0
435529,0
435530,7
435531,0
435532,0
435533,0
435534,0
435535,0
435536,0
435537,0
435538,0
435539,0
435540,3
435541,0
435542,0
435543,0
435544,0
435545,0
435546,0
435547,0
435548,0
435549,0
435550,0
435551,5
435552,0
435553,0
435554,0
435555,0
435556,0
435557,0
435558,0
435559,0
435560,0
435561,0
435562,0
435563,0
435564,0
435565,0
435566,0
435567,7
435568,0
435569,0
435570,0
435571,0
435572,6
435573,0
435574,0
435575,0
435576,0
435577,3
435578,0
435579,0
435580,0
435581,0
435582,0
435583,0
435584,0
435585,0
435586,0
435587,0
435588,7
435589,0
435590,0
435591,7
435592,0
435593,0
435594,0
435595,0
435596,0
435597,0
435598,0
435599,0
435600,0
435601,0
435602,6
435603,0
435604,0
435605,0
435606,0
435607,0
435608,0
435609,0
435610,0
435611,6
435612,11
435613,0
435614,0
435615,0
435616,0
435617,0
435618,0
435619,0
435620,0
435621,0
435622,0
435623,0
435624,0
435625,0
435626,0
435627,0
435628,0
435629,0
435630,0
435631,0
435632,0
435633,0
435634,0
435635,0
435636,0
435637,0
435638,0
435639,0
435640,0
435641,0
435642,7
435643,0
435644,0
435645,0
435646,0
435647,0
435648,0
435649,0
435650,0
435651,0
435652,0
435653,0
435654,0
435655,0
435656,0
435657,0
435658,0
435659,0
435660,0
435661,0
435662,12
435663,0
435664,0
435665,0
435666,0
435667,0
435668,0
435669,0
435670,0
435671,0
435672,0
435673,0
435674,0
435675,0
435676,0
435677,0
435678,0
435679,0
435680,0
435681,0
435682,0
435683,0
435684,0
435685,0
435686,0
435687,0
435688,0
435689,0
435690,0
435691,0
435692,0
435693,10
435694,0
435695,0
435696,0
435697,0
435698,0
435699,0
435700,0
435701,0
435702,0
435703,0
435704,0
435705,0
435706,0
435707,0
435708,0
435709,0
435710,0
435711,0
435712,0
435713,0
435714,0
435715,0
435716,0
435717,10
435718,0
435719,0
435720,0
435721,0
435722,0
435723,0
435724,0
435725,0
435726,0
435727,0
435728,11
435729,0
435730,0
435731,0
435732,0
435733,0
435734,0
435735,0
435736,0
435737,0
435738,0
435739,13
435740,0
435741,7
435742,0
435743,0
435744,0
435745,0
435746,9
435747,0
435748,0
435749,0
435750,0
435751,0
435752,8
435753,0
435754,0
435755,0
435756,0
435757,0
435758,0
435759,7
435760,0
435761,7
435762,0
435763,0
435764,0
435765,0
435766,0
435767,0
435768,0
435769,0
435770,0
435771,0
435772,0
435773,0
435774,0
435775,0
435776,0
435777,0
435778,0
435779,0
435780,0
435781,0
435782,0
435783,0
435784,0
435785,0
435786,0
435787,0
435788,0
435789,0
435790,0
435791,0
435792,0
435793,0
435794,0
435795,0
435796,0
435797,0
435798,0
435799,0
435800,0
435801,0
435802,11
435803,0
435804,0
435805,0
435806,0
435807,0
435808,0
435809,0
435810,0
435811,0
435812,0
435813,4
435814,0
435815,0
435816,0
435817,0
435818,0
435819,0
435820,0
435821,0
435822,0
435823,0
435824,0
435825,10
435826,0
435827,0
435828,0
435829,0
435830,7
435831,0
435832,0
435833,0
435834,0
435835,0
435836,0
435837,0
435838,0
435839,0
435840,0
435841,0
435842,0
435843,0
435844,0
435845,6
435846,0
435847,0
435848,0
435849,0
435850,0
435851,0
435852,0
435853,0
435854,0
435855,0
435856,0
435857,0
435858,6
435859,4
435860,14
435861,0
435862,0
435863,0
435864,0
435865,0
435866,0
435867,0
435868,0
435869,0
435870,0
435871,0
435872,0
435873,0
435874,0
435875,0
435876,0
435877,0
435878,0
435879,0
435880,0
435881,11
435882,0
435883,0
435884,0
435885,0
435886,0
435887,0
435888,0
435889,0
435890,0
435891,0
435892,0
435893,0
435894,0
435895,0
435896,0
435897,0
435898,0
435899,0
435900,8
435901,0
435902,0
435903,0
435904,0
435905,0
435906,0
435907,0
435908,0
435909,0
435910,0
435911,0
435912,0
435913,0
435914,0
435915,0
435916,0
435917,14
435918,0
435919,6
435920,0
435921,0
435922,0
435923,0
435924,0
435925,0
435926,0
435927,0
435928,0
435929,0
435930,0
435931,0
435932,6
435933,11
435934,0
435935,0
435936,0
435937,0
435938,0
435939,0
435940,0
435941,0
435942,0
435943,0
435944,0
435945,0
435946,0
435947,0
435948,0
435949,9
435950,0
435951,0
435952,0
435953,0
435954,0
435955,0
435956,0
435957,0
435958,0
435959,11
435960,0
435961,0
435962,0
435963,0
435964,0
435965,0
435966,0
435967,0
435968,7
435969,0
435970,0
435971,0
435972,0
435973,0
435974,0
435975,0
435976,0
435977,0
435978,0
435979,0
435980,0
435981,0
435982,0
435983,0
435984,0
435985,0
435986,0
435987,0
435988,0
435989,0
435990,0
435991,0
435992,0
435993,5
435994,0
435995,0
435996,0
435997,0
435998,4
435999,0
436000,10
436001,0
436002,0
436003,8
436004,0
436005,12
436006,0
436007,12
436008,0
436009,0
436010,0
436011,0
436012,0
436013,0
436014,0
436015,0
436016,0
436017,0
436018,0
436019,0
436020,0
436021,0
436022,10
436023,0
436024,0
436025,3
436026,0
436027,0
436028,0
436029,0
436030,0
436031,0
436032,0
436033,0
436034,12
436035,0
436036,8
436037,0
436038,0
436039,0
436040,0
436041,0
436042,0
436043,0
436044,0
436045,0
436046,0
436047,0
436048,0
436049,0
436050,0
436051,0
436052,5
436053,0
436054,0
436055,0
436056,0
436057,0
436058,0
436059,0
436060,0
436061,0
436062,0
436063,0
436064,0
436065,0
436066,0
436067,0
436068,0
436069,0
436070,0
436071,0
436072,0
436073,0
436074,0
436075,0
436076,0
436077,0
436078,0
436079,0
436080,0
436081,0
436082,0
436083,0
436084,0
436085,0
436086,0
436087,0
436088,0
436089,0
436090,0
436091,0
436092,0
436093,0
436094,0
436095,0
436096,0
436097,0
436098,0
436099,0
436100,0
436101,0
436102,0
436103,0
436104,0
436105,0
436106,0
436107,11
436108,0
436109,0
436110,0
436111,0
436112,0
436113,0
436114,0
436115,0
436116,0
436117,0
436118,0
436119,0
436120,0
436121,0
436122,0
436123,0
436124,0
436125,0
436126,0
436127,0
436128,0
436129,0
436130,7
436131,0
436132,0
436133,0
436134,0
436135,0
436136,0
436137,0
436138,0
436139,0
436140,0
436141,0
436142,0
436143,0
436144,0
436145,0
436146,0
436147,0
436148,0
436149,0
436150,0
436151,0
436152,0
436153,0
436154,0
436155,0
436156,0
436157,0
436158,0
436159,0
436160,0
436161,0
436162,0
436163,0
436164,0
436165,0
436166,0
436167,0
436168,0
436169,0
436170,0
436171,0
436172,0
436173,0
436174,0
436175,0
436176,0
436177,0
436178,0
436179,0
436180,0
436181,0
436182,11
436183,14
436184,0
436185,0
436186,2
436187,0
436188,0
436189,0
436190,0
436191,0
436192,0
436193,0
436194,5
436195,0
436196,0
436197,0
436198,0
436199,0
436200,0
436201,0
436202,0
436203,0
436204,0
436205,0
436206,0
436207,0
436208,0
436209,0
436210,0
436211,0
436212,0
436213,0
436214,0
436215,0
436216,0
436217,0
436218,0
436219,0
436220,0
436221,0
436222,0
436223,0
436224,0
436225,0
436226,0
436227,0
436228,0
436229,0
436230,0
436231,0
436232,0
436233,0
436234,0
436235,0
436236,0
436237,0
436238,0
436239,15
436240,0
436241,0
436242,18
436243,0
436244,0
436245,0
436246,0
436247,10
436248,0
436249,0
436250,0
436251,0
436252,0
436253,0
436254,0
436255,0
436256,0
436257,0
436258,0
436259,0
436260,0
436261,0
436262,0
436263,0
436264,0
436265,0
436266,0
436267,0
436268,0
436269,0
436270,0
436271,0
436272,0
436273,0
436274,0
436275,0
436276,9
436277,0
436278,0
436279,0
436280,0
436281,0
436282,0
436283,0
436284,0
436285,12
436286,0
436287,0
436288,0
436289,0
436290,0
436291,0
436292,10
436293,0
436294,0
436295,0
436296,6
436297,0
436298,0
436299,0
436300,0
436301,0
436302,0
436303,0
436304,0
436305,0
436306,0
436307,0
436308,0
436309,0
436310,0
436311,0
436312,0
436313,0
436314,0
436315,0
436316,0
436317,0
436318,0
436319,0
436320,0
436321,0
436322,0
436323,0
436324,0
436325,0
436326,0
436327,0
436328,0
436329,0
436330,0
436331,0
436332,0
436333,0
436334,0
436335,3
436336,0
436337,0
436338,0
436339,0
436340,0
436341,0
436342,0
436343,0
436344,0
436345,0
436346,0
436347,3
436348,0
436349,0
436350,0
436351,0
436352,0
436353,0
436354,0
436355,0
436356,0
436357,0
436358,0
436359,7
436360,0
436361,0
436362,0
436363,0
436364,0
436365,0
436366,0
436367,0
436368,11
436369,0
436370,0
436371,0
436372,0
436373,0
436374,0
436375,0
436376,10
436377,0
436378,0
436379,0
436380,0
436381,0
436382,0
436383,0
436384,0
436385,0
436386,0
436387,0
436388,0
436389,0
436390,0
436391,0
436392,0
436393,0
436394,0
436395,8
436396,0
436397,0
436398,0
436399,0
436400,0
436401,0
436402,0
436403,0
436404,0
436405,0
436406,0
436407,0
436408,0
436409,12
436410,0
436411,0
436412,0
436413,0
436414,0
436415,0
436416,0
436417,0
436418,13
436419,0
436420,0
436421,0
436422,0
436423,0
436424,0
436425,21
436426,19
436427,0
436428,22
436429,0
436430,17
436431,0
436432,20
436433,0
436434,0
436435,0
436436,0
436437,0
436438,0
436439,0
436440,27
436441,25
436442,18
436443,0
436444,19
436445,0
436446,0
436447,0
436448,22
436449,0
436450,0
436451,0
436452,0
436453,28
436454,17
436455,0
436456,14
436457,0
436458,0
436459,0
436460,21
436461,20
436462,20
436463,26
436464,18
436465,0
436466,29
436467,0
436468,26
436469,0
436470,0
436471,0
436472,0
436473,0
436474,0
436475,0
436476,0
436477,0
436478,15
436479,0
436480,0
436481,43
436482,16
436483,0
436484,16
436485,0
436486,26
436487,0
436488,29
436489,25
436490,0
436491,41
436492,0
436493,0
436494,0
436495,0
436496,0
436497,17
436498,26
436499,0
436500,19
436501,23
436502,0
436503,0
436504,0
436505,0
436506,25
436507,40
436508,0
436509,0
436510,0
436511,0
436512,0
436513,0
436514,0
436515,0
436516,0
436517,19
436518,0
436519,0
436520,0
436521,13
436522,0
436523,0
436524,30
436525,0
436526,18
436527,0
436528,24
436529,0
436530,0
436531,0
436532,0
436533,0
436534,0
436535,0
436536,0
436537,0
436538,0
436539,0
436540,0
436541,0
436542,17
436543,28
436544,0
436545,0
436546,24
436547,0
436548,19
436549,0
436550,0
436551,0
436552,0
436553,27
436554,0
436555,0
436556,0
436557,0
436558,0
436559,20
436560,0
436561,20
436562,0
436563,19
436564,0
436565,19
436566,0
436567,0
436568,26
436569,22
436570,0
436571,20
436572,0
436573,0
436574,0
436575,0
436576,0
436577,0
436578,0
436579,0
436580,0
436581,0
436582,11
436583,0
436584,0
436585,14
436586,25
436587,0
436588,0
436589,21
436590,0
436591,0
436592,16
436593,0
436594,0
436595,0
436596,26
436597,0
436598,0
436599,0
436600,0
436601,0
436602,0
436603,0
436604,0
436605,0
436606,0
436607,0
436608,0
436609,0
436610,33
436611,25
436612,0
436613,0
436614,0
436615,26
436616,0
436617,25
436618,0
436619,0
436620,0
436621,0
436622,19
436623,14
436624,25
436625,0
436626,0
436627,0
436628,0
436629,0
436630,19
436631,14
436632,0
436633,0
436634,0
436635,0
436636,0
436637,0
436638,0
436639,0
436640,0
436641,25
436642,0
436643,13
436644,22
436645,0
436646,24
436647,0
436648,0
436649,0
436650,0
436651,0
436652,0
436653,0
436654,0
436655,0
436656,0
436657,0
436658,0
436659,17
436660,0
436661,0
436662,0
436663,0
436664,0
436665,0
436666,0
436667,0
436668,0
436669,21
436670,0
436671,0
436672,0
436673,0
436674,33
436675,25
436676,0
436677,0
436678,0
436679,0
436680,0
436681,0
436682,0
436683,0
436684,0
436685,0
436686,0
436687,20
436688,0
436689,0
436690,0
436691,0
436692,0
436693,0
436694,21
436695,0
436696,0
436697,13
436698,25
436699,25
436700,26
436701,0
436702,0
436703,29
436704,0
436705,20
436706,16
436707,18
436708,0
436709,0
436710,20
436711,0
436712,0
436713,20
436714,0
436715,24
436716,0
436717,29
436718,0
436719,30
436720,0
436721,0
436722,23
436723,0
436724,0
436725,0
436726,0
436727,0
436728,0
436729,0
436730,24
436731,21
436732,0
436733,0
436734,0
436735,23
436736,0
436737,22
436738,0
436739,0
436740,25
436741,29
436742,0
436743,0
436744,0
436745,0
436746,0
436747,21
436748,21
436749,0
436750,0
436751,0
436752,0
436753,0
436754,0
436755,0
436756,0
436757,0
436758,0
436759,0
436760,30
436761,0
436762,0
436763,0
436764,28
436765,0
436766,0
436767,32
436768,0
436769,0
436770,0
436771,0
436772,0
436773,0
436774,0
436775,0
436776,0
436777,0
436778,0
436779,0
436780,0
436781,0
436782,0
436783,0
436784,23
436785,22
436786,0
436787,22
436788,0
436789,0
436790,0
436791,0
436792,0
436793,0
436794,0
436795,0
436796,0
436797,0
436798,0
436799,0
436800,0
436801,0
436802,16
436803,0
436804,0
436805,0
436806,0
436807,0
436808,14
436809,0
436810,0
436811,7
436812,0
436813,0
436814,0
436815,0
436816,0
436817,0
436818,0
436819,0
436820,21
436821,0
436822,0
436823,0
436824,18
436825,0
436826,0
436827,0
436828,26
436829,0
436830,22
436831,0
436832,0
436833,0
436834,0
436835,35
436836,0
436837,12
436838,0
436839,0
436840,0
436841,0
436842,0
436843,0
436844,32
436845,0
436846,0
436847,25
436848,0
436849,0
436850,0
436851,0
436852,19
436853,0
436854,0
436855,21
436856,0
436857,27
436858,0
436859,0
436860,0
436861,0
436862,0
436863,0
436864,0
436865,34
436866,0
436867,0
436868,0
436869,0
436870,0
436871,0
436872,0
436873,23
436874,0
436875,24
436876,0
436877,0
436878,0
436879,0
436880,0
436881,0
436882,0
436883,0
436884,30
436885,22
436886,0
436887,0
436888,0
436889,0
436890,0
436891,0
436892,0
436893,0
436894,0
436895,0
436896,0
436897,0
436898,0
436899,0
436900,0
436901,21
436902,0
436903,0
436904,0
436905,0
436906,23
436907,0
436908,0
436909,0
436910,27
436911,32
436912,0
436913,23
436914,0
436915,0
436916,0
436917,0
436918,18
436919,0
436920,0
436921,0
436922,0
436923,21
436924,0
436925,15
436926,0
436927,22
436928,0
436929,18
436930,0
436931,15
436932,27
436933,0
436934,18
436935,0
436936,27
436937,0
436938,0
436939,0
436940,22
436941,0
436942,0
436943,16
436944,0
436945,0
436946,0
436947,0
436948,0
436949,0
436950,0
436951,0
436952,22
436953,0
436954,0
436955,0
436956,0
436957,0
436958,0
436959,21
436960,27
436961,0
436962,0
436963,18
436964,0
436965,0
436966,0
436967,0
436968,0
436969,0
436970,0
436971,0
436972,0
436973,0
436974,0
436975,0
436976,0
436977,7
436978,7
436979,0
436980,0
436981,0
436982,0
436983,0
436984,0
436985,0
436986,0
436987,0
436988,0
436989,0
436990,0
436991,0
436992,0
436993,0
436994,0
436995,5
436996,0
436997,0
436998,7
436999,5
437000,0
437001,0
437002,0
437003,0
437004,0
437005,0
437006,0
437007,0
437008,0
437009,0
437010,0
437011,0
437012,0
437013,0
437014,0
437015,7
437016,0
437017,10
437018,0
437019,0
437020,0
437021,0
437022,0
437023,0
437024,0
437025,0
437026,0
437027,0
437028,4
437029,6
437030,0
437031,0
437032,0
437033,7
437034,0
437035,0
437036,0
437037,0
437038,12
437039,16
437040,0
437041,0
437042,0
437043,13
437044,0
437045,0
437046,0
437047,0
437048,5
437049,0
437050,9
437051,0
437052,0
437053,0
437054,10
437055,14
437056,0
437057,0
437058,0
437059,0
437060,0
437061,0
437062,0
437063,0
437064,0
437065,0
437066,0
437067,0
437068,0
437069,0
437070,0
437071,0
437072,0
437073,0
437074,0
437075,0
437076,0
437077,9
437078,9
437079,0
437080,0
437081,0
437082,0
437083,0
437084,0
437085,0
437086,0
437087,0
437088,0
437089,0
437090,0
437091,16
437092,0
437093,0
437094,0
437095,3
437096,0
437097,0
437098,0
437099,0
437100,0
437101,0
437102,0
437103,0
437104,0
437105,0
437106,4
437107,3
437108,0
437109,10
437110,0
437111,0
437112,0
437113,0
437114,0
437115,0
437116,0
437117,0
437118,3
437119,0
437120,10
437121,0
437122,9
437123,0
437124,0
437125,0
437126,0
437127,7
437128,9
437129,0
437130,8
437131,0
437132,0
437133,0
437134,0
437135,0
437136,0
437137,11
437138,0
437139,11
437140,0
437141,0
437142,0
437143,0
437144,4
437145,0
437146,0
437147,0
437148,0
437149,0
437150,0
437151,0
437152,0
437153,3
437154,0
437155,0
437156,0
437157,0
437158,2
437159,0
437160,0
437161,0
437162,0
437163,0
437164,6
437165,0
437166,0
437167,8
437168,0
437169,0
437170,0
437171,0
437172,0
437173,0
437174,0
437175,0
437176,0
437177,0
437178,9
437179,0
437180,0
437181,18
437182,0
437183,0
437184,0
437185,0
437186,0
437187,0
437188,7
437189,0
437190,0
437191,0
437192,0
437193,0
437194,6
437195,0
437196,8
437197,0
437198,0
437199,0
437200,0
437201,0
437202,0
437203,0
437204,0
437205,13
437206,0
437207,0
437208,0
437209,0
437210,0
437211,14
437212,0
437213,8
437214,0
437215,0
437216,0
437217,0
437218,0
437219,0
437220,0
437221,10
437222,0
437223,0
437224,0
437225,0
437226,0
437227,0
437228,0
437229,0
437230,0
437231,0
437232,0
437233,0
437234,0
437235,0
437236,0
437237,0
437238,0
437239,15
437240,0
437241,0
437242,0
437243,0
437244,0
437245,9
437246,0
437247,0
437248,0
437249,5
437250,0
437251,0
437252,9
437253,0
437254,0
437255,0
437256,0
437257,13
437258,0
437259,0
437260,0
437261,0
437262,0
437263,10
437264,13
437265,0
437266,6
437267,0
437268,0
437269,0
437270,0
437271,11
437272,0
437273,0
437274,0
437275,6
437276,8
437277,0
437278,9
437279,0
437280,0
437281,0
437282,0
437283,2
437284,0
437285,0
437286,0
437287,0
437288,0
437289,0
437290,0
437291,0
437292,0
437293,0
437294,2
437295,0
437296,0
437297,0
437298,0
437299,0
437300,0
437301,0
437302,14
437303,0
437304,8
437305,0
437306,0
437307,0
437308,0
437309,0
437310,0
437311,0
437312,0
437313,0
437314,0
437315,0
437316,0
437317,0
437318,0
437319,7
437320,12
437321,0
437322,0
437323,0
437324,0
437325,0
437326,0
437327,0
437328,0
437329,0
437330,0
437331,0
437332,0
437333,0
437334,0
437335,0
437336,0
437337,0
437338,0
437339,0
437340,0
437341,0
437342,0
437343,0
437344,0
437345,0
437346,0
437347,0
437348,11
437349,0
437350,0
437351,0
437352,0
437353,2
437354,0
437355,0
437356,0
437357,7
437358,5
437359,0
437360,0
437361,0
437362,0
437363,0
437364,0
437365,0
437366,0
437367,0
437368,11
437369,0
437370,10
437371,4
437372,5
437373,0
437374,8
437375,0
437376,0
437377,0
437378,12
437379,0
437380,0
437381,0
437382,0
437383,0
437384,0
437385,0
437386,0
437387,0
437388,0
437389,0
437390,0
437391,0
437392,6
437393,0
437394,0
437395,13
437396,0
437397,0
437398,0
437399,0
437400,8
437401,0
437402,0
437403,0
437404,0
437405,0
437406,12
437407,0
437408,0
437409,0
437410,0
437411,0
437412,0
437413,0
437414,0
437415,0
437416,13
437417,0
437418,0
437419,0
437420,0
437421,0
437422,0
437423,6
437424,0
437425,0
437426,0
437427,0
437428,10
437429,0
437430,0
437431,0
437432,0
437433,0
437434,0
437435,0
437436,10
437437,8
437438,0
437439,0
437440,0
437441,0
437442,7
437443,8
437444,9
437445,0
437446,0
437447,0
437448,0
437449,0
437450,0
437451,0
437452,0
437453,0
437454,0
437455,19
437456,0
437457,0
437458,0
437459,0
437460,0
437461,0
437462,0
437463,0
437464,0
437465,0
437466,0
437467,0
437468,0
437469,0
437470,0
437471,0
437472,0
437473,0
437474,0
437475,0
437476,0
437477,0
437478,5
437479,0
437480,0
437481,12
437482,2
437483,0
437484,0
437485,6
437486,9
437487,0
437488,0
437489,0
437490,0
437491,0
437492,0
437493,0
437494,0
437495,0
437496,5
437497,0
437498,8
437499,0
437500,7
437501,0
437502,0
437503,0
437504,0
437505,0
437506,0
437507,0
437508,0
437509,0
437510,0
437511,0
437512,0
437513,0
437514,0
437515,0
437516,0
437517,0
437518,0
437519,0
437520,0
437521,13
437522,0
437523,0
437524,0
437525,7
437526,0
437527,0
437528,0
437529,0
437530,0
437531,0
437532,8
437533,0
437534,0
437535,0
437536,0
437537,4
437538,0
437539,1
437540,0
437541,0
437542,0
437543,0
437544,7
437545,0
437546,0
437547,2
437548,0
437549,0
437550,0
437551,0
437552,8
437553,0
437554,9
437555,6
437556,0
437557,0
437558,0
437559,0
437560,0
437561,0
437562,0
437563,0
437564,0
437565,0
437566,0
437567,0
437568,0
437569,0
437570,0
437571,0
437572,12
437573,4
437574,18
437575,4
437576,0
437577,0
437578,0
437579,0
437580,0
437581,8
437582,0
437583,0
437584,0
437585,0
437586,0
437587,0
437588,0
437589,0
437590,8
437591,0
437592,4
437593,0
437594,0
437595,5
437596,0
437597,0
437598,0
437599,0
437600,0
437601,0
437602,0
437603,10
437604,0
437605,0
437606,0
437607,0
437608,0
437609,0
437610,0
437611,0
437612,0
437613,0
437614,0
437615,0
437616,0
437617,0
437618,0
437619,0
437620,0
437621,0
437622,7
437623,0
437624,0
437625,0
437626,0
437627,0
437628,0
437629,0
437630,0
437631,14
437632,0
437633,0
437634,8
437635,0
437636,10
437637,0
437638,0
437639,9
437640,0
437641,0
437642,0
437643,3
437644,14
437645,6
437646,0
437647,0
437648,0
437649,13
437650,0
437651,3
437652,14
437653,14
437654,12
437655,0
437656,0
437657,0
437658,0
437659,12
437660,0
437661,0
437662,0
437663,0
437664,7
437665,0
437666,0
437667,0
437668,0
437669,0
437670,6
437671,0
437672,0
437673,9
437674,0
437675,0
437676,0
437677,13
437678,0
437679,0
437680,0
437681,0
437682,0
437683,0
437684,19
437685,0
437686,15
437687,0
437688,0
437689,0
437690,6
437691,0
437692,0
437693,0
437694,0
437695,0
437696,0
437697,11
437698,0
437699,0
437700,0
437701,10
437702,17
437703,0
437704,0
437705,0
437706,6
437707,0
437708,15
437709,0
437710,0
437711,0
437712,0
437713,0
437714,0
437715,0
437716,0
437717,0
437718,0
437719,0
437720,0
437721,10
437722,13
437723,0
437724,10
437725,6
437726,0
437727,0
437728,0
437729,0
437730,0
437731,0
437732,0
437733,0
437734,0
437735,0
437736,0
437737,0
437738,0
437739,11
437740,0
437741,0
437742,0
437743,0
437744,0
437745,0
437746,0
437747,0
437748,7
437749,0
437750,0
437751,0
437752,0
437753,0
437754,0
437755,0
437756,0
437757,0
437758,8
437759,0
437760,0
437761,0
437762,0
437763,9
437764,0
437765,0
437766,0
437767,12
437768,0
437769,0
437770,0
437771,0
437772,0
437773,12
437774,0
437775,0
437776,0
437777,0
437778,0
437779,0
437780,0
437781,0
437782,0
437783,0
437784,0
437785,0
437786,0
437787,0
437788,8
437789,9
437790,0
437791,0
437792,0
437793,0
437794,16
437795,0
437796,0
437797,0
437798,0
437799,0
437800,0
437801,0
437802,36
437803,0
437804,0
437805,0
437806,0
437807,19
437808,25
437809,0
437810,0
437811,0
437812,0
437813,0
437814,0
437815,0
437816,0
437817,0
437818,0
437819,0
437820,0
437821,0
437822,0
437823,32
437824,0
437825,0
437826,0
437827,22
437828,0
437829,0
437830,0
437831,0
437832,0
437833,0
437834,0
437835,0
437836,0
437837,0
437838,0
437839,0
437840,0
437841,0
437842,0
437843,0
437844,0
437845,0
437846,0
437847,0
437848,0
437849,0
437850,28
437851,22
437852,0
437853,0
437854,0
437855,0
437856,0
437857,0
437858,0
437859,0
437860,0
437861,0
437862,0
437863,12
437864,0
437865,0
437866,0
437867,0
437868,0
437869,0
437870,0
437871,0
437872,0
437873,0
437874,0
437875,0
437876,0
437877,0
437878,0
437879,25
437880,0
437881,0
437882,0
437883,0
437884,0
437885,0
437886,0
437887,0
437888,0
437889,0
437890,0
437891,25
437892,0
437893,0
437894,30
437895,0
437896,32
437897,0
437898,0
437899,26
437900,25
437901,0
437902,0
437903,0
437904,0
437905,0
437906,0
437907,0
437908,0
437909,0
437910,33
437911,0
437912,32
437913,0
437914,0
437915,0
437916,0
437917,0
437918,0
437919,0
437920,0
437921,0
437922,11
437923,0
437924,0
437925,25
437926,0
437927,0
437928,0
437929,0
437930,0
437931,17
437932,0
437933,0
437934,0
437935,0
437936,0
437937,40
437938,0
437939,24
437940,0
437941,0
437942,0
437943,0
437944,18
437945,0
437946,0
437947,0
437948,20
437949,0
437950,23
437951,0
437952,0
437953,0
437954,0
437955,0
437956,0
437957,0
437958,0
437959,22
437960,0
437961,0
437962,0
437963,29
437964,0
437965,25
437966,0
437967,0
437968,0
437969,0
437970,0
437971,0
437972,0
437973,0
437974,0
437975,27
437976,0
437977,0
437978,0
437979,0
437980,0
437981,0
437982,0
437983,0
437984,0
437985,0
437986,0
437987,0
437988,20
437989,0
437990,0
437991,0
437992,0
437993,0
437994,0
437995,0
437996,0
437997,0
437998,0
437999,0
438000,0
438001,0
438002,0
438003,0
438004,0
438005,29
438006,0
438007,0
438008,0
438009,21
438010,0
438011,0
438012,0
438013,0
438014,0
438015,0
438016,0
438017,0
438018,0
438019,0
438020,0
438021,20
438022,0
438023,0
438024,0
438025,0
438026,0
438027,0
438028,0
438029,0
438030,0
438031,0
438032,0
438033,0
438034,0
438035,0
438036,0
438037,0
438038,0
438039,0
438040,0
438041,0
438042,0
438043,0
438044,0
438045,0
438046,0
438047,29
438048,0
438049,0
438050,0
438051,0
438052,0
438053,0
438054,0
438055,0
438056,30
438057,0
438058,0
438059,0
438060,0
438061,35
438062,0
438063,0
438064,0
438065,0
438066,0
438067,0
438068,0
438069,17
438070,0
438071,0
438072,0
438073,25
438074,34
438075,0
438076,26
438077,0
438078,30
438079,0
438080,0
438081,0
438082,21
438083,0
438084,0
438085,0
438086,0
438087,0
438088,0
438089,37
438090,0
438091,0
438092,0
438093,0
438094,0
438095,0
438096,0
438097,0
438098,0
438099,0
438100,0
438101,33
438102,0
438103,0
438104,0
438105,0
438106,26
438107,0
438108,0
438109,0
438110,25
438111,0
438112,51
438113,0
438114,0
438115,0
438116,0
438117,0
438118,23
438119,0
438120,0
438121,0
438122,0
438123,0
438124,0
438125,28
438126,0
438127,0
438128,0
438129,0
438130,0
438131,0
438132,0
438133,0
438134,0
438135,0
438136,0
438137,0
438138,0
438139,0
438140,0
438141,0
438142,0
438143,0
438144,0
438145,28
438146,18
438147,0
438148,0
438149,18
438150,12
438151,0
438152,0
438153,0
438154,0
438155,0
438156,0
438157,0
438158,0
438159,0
438160,27
438161,0
438162,0
438163,0
438164,0
438165,0
438166,0
438167,0
438168,0
438169,0
438170,25
438171,24
438172,0
438173,0
438174,0
438175,18
438176,0
438177,0
438178,0
438179,0
438180,34
438181,0
438182,0
438183,0
438184,0
438185,0
438186,33
438187,0
438188,22
438189,22
438190,0
438191,33
438192,0
438193,0
438194,26
438195,0
438196,0
438197,32
438198,0
438199,0
438200,0
438201,0
438202,0
438203,33
438204,0
438205,0
438206,0
438207,0
438208,0
438209,28
438210,32
438211,0
438212,17
438213,0
438214,0
438215,0
438216,0
438217,28
438218,19
438219,0
438220,37
438221,0
438222,0
438223,0
438224,0
438225,32
438226,0
438227,0
438228,0
438229,24
438230,20
438231,20
438232,0
438233,0
438234,0
438235,23
438236,0
438237,0
438238,0
438239,0
438240,0
438241,0
438242,0
438243,0
438244,0
438245,0
438246,0
438247,0
438248,0
438249,0
438250,0
438251,0
438252,0
438253,0
438254,32
438255,0
438256,0
438257,24
438258,0
438259,0
438260,0
438261,0
438262,0
438263,0
438264,0
438265,0
438266,0
438267,0
438268,0
438269,0
438270,0
438271,0
438272,0
438273,0
438274,0
438275,24
438276,0
438277,0
438278,0
438279,0
438280,0
438281,24
438282,0
438283,0
438284,0
438285,0
438286,0
438287,0
438288,0
438289,32
438290,0
438291,0
438292,0
438293,32
438294,0
438295,0
438296,0
438297,0
438298,0
438299,0
438300,0
438301,0
438302,0
438303,0
438304,0
438305,0
438306,0
438307,0
438308,0
438309,0
438310,0
438311,0
438312,0
438313,22
438314,0
438315,29
438316,18
438317,0
438318,0
438319,0
438320,0
438321,0
438322,0
438323,16
438324,0
438325,0
438326,0
438327,28
438328,0
438329,0
438330,0
438331,0
438332,0
438333,0
438334,0
438335,0
438336,0
438337,0
438338,0
438339,0
438340,0
438341,0
438342,0
438343,0
438344,0
438345,33
438346,0
438347,0
438348,0
438349,0
438350,0
438351,0
438352,27
438353,0
438354,0
438355,0
438356,0
438357,0
438358,0
438359,0
438360,0
438361,0
438362,0
438363,0
438364,0
438365,0
438366,22
438367,31
438368,0
438369,24
438370,0
438371,32
438372,0
438373,0
438374,0
438375,0
438376,0
438377,0
438378,18
438379,29
438380,0
438381,0
438382,0
438383,0
438384,0
438385,0
438386,0
438387,0
438388,0
438389,0
438390,0
438391,0
438392,0
438393,0
438394,0
438395,0
438396,0
438397,0
438398,0
438399,0
438400,0
438401,0
438402,0
438403,0
438404,0
438405,0
438406,0
438407,0
438408,0
438409,0
438410,0
438411,0
438412,0
438413,0
438414,0
438415,0
438416,0
438417,0
438418,0
438419,0
438420,0
438421,0
438422,0
438423,0
438424,0
438425,0
438426,0
438427,0
438428,0
438429,0
438430,0
438431,0
438432,0
438433,0
438434,0
438435,0
438436,0
438437,0
438438,0
438439,0
438440,0
438441,0
438442,0
438443,0
438444,0
438445,0
438446,0
438447,0
438448,0
438449,0
438450,0
438451,0
438452,0
438453,0
438454,0
438455,0
438456,0
438457,0
438458,0
438459,0
438460,0
438461,0
438462,0
438463,0
438464,0
438465,0
438466,0
438467,0
438468,0
438469,0
438470,0
438471,0
438472,0
438473,0
438474,0
438475,0
438476,0
438477,0
438478,0
438479,0
438480,0
438481,0
438482,0
438483,0
438484,0
438485,0
438486,0
438487,0
438488,0
438489,0
438490,0
438491,0
438492,0
438493,0
438494,0
438495,0
438496,0
438497,0
438498,0
438499,0
438500,0
438501,0
438502,0
438503,0
438504,0
438505,0
438506,0
438507,0
438508,0
438509,0
438510,0
438511,0
438512,0
438513,1
438514,0
438515,0
438516,0
438517,0
438518,0
438519,0
438520,0
438521,0
438522,0
438523,0
438524,0
438525,0
438526,0
438527,0
438528,0
438529,0
438530,0
438531,0
438532,0
438533,0
438534,0
438535,0
438536,0
438537,0
438538,0
438539,0
438540,0
438541,0
438542,0
438543,0
438544,0
438545,0
438546,0
438547,0
438548,0
438549,0
438550,0
438551,0
438552,0
438553,0
438554,0
438555,0
438556,0
438557,0
438558,0
438559,0
438560,0
438561,0
438562,0
438563,0
438564,0
438565,0
438566,0
438567,0
438568,0
438569,0
438570,0
438571,0
438572,0
438573,0
438574,0
438575,0
438576,0
438577,0
438578,0
438579,0
438580,0
438581,0
438582,0
438583,0
438584,0
438585,0
438586,0
438587,0
438588,1
438589,0
438590,0
438591,0
438592,0
438593,0
438594,0
438595,0
438596,0
438597,0
438598,0
438599,0
438600,0
438601,0
438602,0
438603,0
438604,0
438605,0
438606,0
438607,0
438608,0
438609,0
438610,0
438611,0
438612,0
438613,0
438614,0
438615,0
438616,0
438617,0
438618,0
438619,0
438620,0
438621,0
438622,0
438623,0
438624,0
438625,0
438626,0
438627,1
438628,0
438629,0
438630,0
438631,0
438632,0
438633,0
438634,0
438635,0
438636,0
438637,0
438638,0
438639,0
438640,0
438641,0
438642,0
438643,0
438644,0
438645,0
438646,0
438647,0
438648,0
438649,0
438650,0
438651,0
438652,0
438653,0
438654,0
438655,0
438656,0
438657,0
438658,0
438659,0
438660,0
438661,0
438662,0
438663,0
438664,0
438665,0
438666,0
438667,0
438668,0
438669,0
438670,0
438671,0
438672,0
438673,0
438674,0
438675,0
438676,0
438677,0
438678,0
438679,0
438680,0
438681,0
438682,0
438683,0
438684,0
438685,0
438686,0
438687,0
438688,0
438689,0
438690,0
438691,0
438692,0
438693,0
438694,0
438695,0
438696,0
438697,0
438698,0
438699,0
438700,0
438701,0
438702,0
438703,0
438704,0
438705,0
438706,0
438707,0
438708,0
438709,0
438710,0
438711,0
438712,0
438713,0
438714,0
438715,0
438716,0
438717,0
438718,0
438719,0
438720,0
438721,0
438722,0
438723,0
438724,0
438725,0
438726,0
438727,0
438728,0
438729,0
438730,0
438731,0
438732,0
438733,0
438734,0
438735,0
438736,0
438737,0
438738,0
438739,0
438740,0
438741,0
438742,0
438743,0
438744,0
438745,0
438746,0
438747,0
438748,0
438749,0
438750,0
438751,0
438752,0
438753,0
438754,0
438755,0
438756,0
438757,0
438758,0
438759,0
438760,0
438761,0
438762,0
438763,0
438764,0
438765,0
438766,0
438767,0
438768,0
438769,0
438770,0
438771,0
438772,0
438773,0
438774,0
438775,0
438776,0
438777,0
438778,0
438779,0
438780,0
438781,0
438782,0
438783,0
438784,0
438785,0
438786,0
438787,0
438788,0
438789,0
438790,0
438791,0
438792,0
438793,0
438794,0
438795,0
438796,0
438797,0
438798,0
438799,0
438800,0
438801,0
438802,0
438803,0
438804,0
438805,0
438806,0
438807,0
438808,0
438809,0
438810,0
438811,0
438812,0
438813,0
438814,0
438815,0
438816,0
438817,0
438818,0
438819,0
438820,0
438821,0
438822,0
438823,0
438824,0
438825,0
438826,0
438827,0
438828,0
438829,0
438830,0
438831,0
438832,0
438833,0
438834,0
438835,0
438836,0
438837,0
438838,0
438839,0
438840,0
438841,0
438842,0
438843,0
438844,11
438845,6
438846,0
438847,0
438848,0
438849,0
438850,0
438851,5
438852,0
438853,0
438854,0
438855,0
438856,0
438857,0
438858,8
438859,0
438860,0
438861,0
438862,0
438863,0
438864,0
438865,0
438866,0
438867,0
438868,0
438869,0
438870,0
438871,0
438872,0
438873,3
438874,0
438875,0
438876,0
438877,0
438878,0
438879,0
438880,0
438881,0
438882,0
438883,0
438884,0
438885,10
438886,0
438887,0
438888,0
438889,0
438890,0
438891,0
438892,0
438893,0
438894,5
438895,0
438896,0
438897,0
438898,0
438899,0
438900,0
438901,0
438902,0
438903,0
438904,0
438905,0
438906,2
438907,0
438908,5
438909,0
438910,0
438911,0
438912,0
438913,0
438914,0
438915,0
438916,0
438917,0
438918,0
438919,0
438920,0
438921,0
438922,0
438923,0
438924,0
438925,3
438926,4
438927,0
438928,0
438929,0
438930,0
438931,0
438932,0
438933,0
438934,0
438935,2
438936,0
438937,0
438938,0
438939,0
438940,0
438941,0
438942,0
438943,0
438944,0
438945,2
438946,0
438947,0
438948,0
438949,0
438950,0
438951,0
438952,0
438953,0
438954,0
438955,0
438956,0
438957,0
438958,0
438959,0
438960,0
438961,0
438962,0
438963,0
438964,0
438965,0
438966,0
438967,0
438968,0
438969,0
438970,0
438971,0
438972,0
438973,0
438974,0
438975,0
438976,0
438977,0
438978,0
438979,0
438980,0
438981,0
438982,0
438983,0
438984,0
438985,0
438986,0
438987,0
438988,0
438989,0
438990,0
438991,0
438992,3
438993,0
438994,0
438995,0
438996,0
438997,0
438998,5
438999,0
439000,0
439001,0
439002,0
439003,0
439004,0
439005,0
439006,0
439007,0
439008,0
439009,0
439010,0
439011,0
439012,0
439013,0
439014,0
439015,0
439016,0
439017,0
439018,0
439019,0
439020,0
439021,0
439022,0
439023,0
439024,0
439025,0
439026,0
439027,0
439028,0
439029,0
439030,0
439031,0
439032,0
439033,0
439034,0
439035,12
439036,0
439037,0
439038,0
439039,0
439040,0
439041,0
439042,0
439043,0
439044,0
439045,0
439046,0
439047,0
439048,0
439049,0
439050,0
439051,0
439052,0
439053,0
439054,0
439055,0
439056,0
439057,0
439058,0
439059,6
439060,0
439061,0
439062,0
439063,0
439064,0
439065,0
439066,7
439067,0
439068,0
439069,0
439070,0
439071,0
439072,6
439073,0
439074,0
439075,0
439076,0
439077,0
439078,0
439079,0
439080,0
439081,0
439082,0
439083,0
439084,0
439085,0
439086,0
439087,3
439088,0
439089,0
439090,0
439091,0
439092,0
439093,0
439094,0
439095,0
439096,0
439097,0
439098,0
439099,0
439100,0
439101,0
439102,0
439103,0
439104,0
439105,0
439106,0
439107,0
439108,0
439109,0
439110,0
439111,0
439112,0
439113,0
439114,0
439115,0
439116,0
439117,0
439118,0
439119,0
439120,0
439121,0
439122,0
439123,0
439124,0
439125,0
439126,8
439127,0
439128,0
439129,0
439130,5
439131,0
439132,0
439133,0
439134,0
439135,0
439136,0
439137,0
439138,5
439139,0
439140,0
439141,0
439142,7
439143,0
439144,0
439145,0
439146,0
439147,0
439148,0
439149,8
439150,0
439151,0
439152,0
439153,0
439154,5
439155,0
439156,0
439157,0
439158,7
439159,0
439160,0
439161,0
439162,0
439163,0
439164,0
439165,0
439166,0
439167,0
439168,0
439169,0
439170,0
439171,0
439172,0
439173,0
439174,0
439175,0
439176,0
439177,0
439178,0
439179,0
439180,0
439181,0
439182,0
439183,0
439184,0
439185,0
439186,8
439187,0
439188,0
439189,0
439190,0
439191,0
439192,8
439193,0
439194,0
439195,0
439196,0
439197,0
439198,0
439199,0
439200,0
439201,0
439202,0
439203,0
439204,0
439205,0
439206,0
439207,0
439208,0
439209,0
439210,0
439211,0
439212,0
439213,0
439214,3
439215,3
439216,0
439217,0
439218,0
439219,0
439220,0
439221,0
439222,0
439223,0
439224,0
439225,0
439226,5
439227,0
439228,0
439229,0
439230,0
439231,0
439232,0
439233,0
439234,0
439235,0
439236,2
439237,0
439238,0
439239,0
439240,7
439241,0
439242,0
439243,0
439244,0
439245,0
439246,0
439247,0
439248,0
439249,0
439250,0
439251,0
439252,0
439253,0
439254,0
439255,0
439256,0
439257,0
439258,3
439259,0
439260,0
439261,0
439262,0
439263,0
439264,0
439265,0
439266,0
439267,0
439268,0
439269,0
439270,0
439271,0
439272,0
439273,0
439274,0
439275,0
439276,0
439277,0
439278,0
439279,5
439280,0
439281,0
439282,0
439283,0
439284,0
439285,0
439286,0
439287,0
439288,0
439289,0
439290,0
439291,0
439292,0
439293,0
439294,0
439295,7
439296,0
439297,0
439298,0
439299,0
439300,0
439301,0
439302,0
439303,0
439304,0
439305,0
439306,5
439307,0
439308,0
439309,0
439310,0
439311,0
439312,0
439313,0
439314,0
439315,0
439316,0
439317,0
439318,0
439319,0
439320,0
439321,0
439322,20
439323,0
439324,0
439325,0
439326,0
439327,0
439328,0
439329,0
439330,0
439331,0
439332,0
439333,0
439334,0
439335,0
439336,0
439337,0
439338,0
439339,0
439340,0
439341,0
439342,0
439343,0
439344,0
439345,0
439346,26
439347,0
439348,0
439349,0
439350,0
439351,0
439352,0
439353,0
439354,34
439355,0
439356,0
439357,0
439358,0
439359,0
439360,0
439361,0
439362,0
439363,0
439364,0
439365,0
439366,0
439367,0
439368,0
439369,0
439370,0
439371,0
439372,0
439373,0
439374,0
439375,0
439376,0
439377,34
439378,0
439379,0
439380,0
439381,0
439382,19
439383,0
439384,0
439385,0
439386,0
439387,0
439388,0
439389,0
439390,0
439391,15
439392,0
439393,0
439394,0
439395,0
439396,0
439397,0
439398,0
439399,0
439400,0
439401,0
439402,0
439403,0
439404,0
439405,0
439406,0
439407,0
439408,0
439409,0
439410,0
439411,0
439412,0
439413,0
439414,0
439415,0
439416,0
439417,0
439418,0
439419,0
439420,0
439421,0
439422,0
439423,0
439424,19
439425,0
439426,0
439427,0
439428,0
439429,0
439430,0
439431,0
439432,14
439433,0
439434,0
439435,0
439436,0
439437,0
439438,0
439439,0
439440,0
439441,0
439442,30
439443,0
439444,0
439445,0
439446,0
439447,0
439448,0
439449,0
439450,0
439451,0
439452,0
439453,0
439454,0
439455,0
439456,0
439457,0
439458,0
439459,0
439460,0
439461,0
439462,0
439463,0
439464,0
439465,0
439466,0
439467,0
439468,0
439469,0
439470,0
439471,0
439472,28
439473,0
439474,0
439475,0
439476,0
439477,0
439478,0
439479,0
439480,0
439481,0
439482,0
439483,0
439484,0
439485,0
439486,0
439487,0
439488,0
439489,0
439490,0
439491,0
439492,28
439493,0
439494,0
439495,0
439496,0
439497,0
439498,0
439499,0
439500,0
439501,0
439502,0
439503,0
439504,0
439505,0
439506,0
439507,0
439508,0
439509,0
439510,0
439511,19
439512,0
439513,0
439514,0
439515,0
439516,0
439517,0
439518,0
439519,0
439520,0
439521,0
439522,0
439523,0
439524,0
439525,0
439526,0
439527,0
439528,0
439529,0
439530,0
439531,0
439532,0
439533,0
439534,21
439535,0
439536,0
439537,0
439538,0
439539,32
439540,0
439541,0
439542,0
439543,0
439544,0
439545,0
439546,0
439547,0
439548,0
439549,0
439550,0
439551,0
439552,0
439553,0
439554,0
439555,0
439556,0
439557,0
439558,0
439559,0
439560,0
439561,26
439562,0
439563,0
439564,0
439565,0
439566,0
439567,0
439568,19
439569,0
439570,0
439571,29
439572,0
439573,0
439574,0
439575,0
439576,0
439577,0
439578,0
439579,0
439580,0
439581,0
439582,0
439583,0
439584,0
439585,0
439586,0
439587,0
439588,0
439589,0
439590,0
439591,0
439592,0
439593,0
439594,0
439595,17
439596,0
439597,0
439598,0
439599,0
439600,0
439601,0
439602,0
439603,0
439604,0
439605,0
439606,23
439607,0
439608,0
439609,0
439610,34
439611,0
439612,0
439613,0
439614,0
439615,0
439616,0
439617,0
439618,0
439619,0
439620,0
439621,0
439622,0
439623,0
439624,0
439625,0
439626,0
439627,0
439628,0
439629,0
439630,0
439631,0
439632,0
439633,0
439634,0
439635,0
439636,0
439637,0
439638,0
439639,0
439640,0
439641,0
439642,0
439643,0
439644,0
439645,0
439646,0
439647,0
439648,0
439649,0
439650,0
439651,0
439652,0
439653,0
439654,0
439655,0
439656,0
439657,0
439658,0
439659,0
439660,0
439661,17
439662,0
439663,0
439664,0
439665,0
439666,0
439667,0
439668,0
439669,0
439670,0
439671,0
439672,0
439673,0
439674,0
439675,0
439676,0
439677,0
439678,0
439679,0
439680,0
439681,0
439682,0
439683,0
439684,0
439685,0
439686,0
439687,0
439688,0
439689,0
439690,12
439691,0
439692,0
439693,0
439694,12
439695,6
439696,0
439697,0
439698,0
439699,0
439700,0
439701,0
439702,0
439703,0
439704,8
439705,0
439706,0
439707,0
439708,0
439709,0
439710,10
439711,0
439712,0
439713,0
439714,0
439715,0
439716,0
439717,0
439718,10
439719,8
439720,0
439721,0
439722,0
439723,0
439724,0
439725,0
439726,0
439727,0
439728,0
439729,0
439730,0
439731,0
439732,5
439733,0
439734,9
439735,0
439736,7
439737,0
439738,0
439739,0
439740,0
439741,0
439742,0
439743,0
439744,0
439745,0
439746,0
439747,0
439748,0
439749,0
439750,0
439751,0
439752,12
439753,0
439754,0
439755,0
439756,0
439757,0
439758,0
439759,20
439760,0
439761,0
439762,0
439763,0
439764,0
439765,0
439766,5
439767,0
439768,0
439769,0
439770,0
439771,9
439772,0
439773,0
439774,0
439775,0
439776,0
439777,0
439778,0
439779,0
439780,0
439781,0
439782,8
439783,0
439784,0
439785,0
439786,0
439787,9
439788,0
439789,10
439790,0
439791,0
439792,0
439793,0
439794,0
439795,0
439796,0
439797,0
439798,0
439799,0
439800,0
439801,0
439802,6
439803,0
439804,0
439805,3
439806,5
439807,0
439808,8
439809,0
439810,0
439811,0
439812,0
439813,7
439814,0
439815,0
439816,0
439817,0
439818,0
439819,0
439820,0
439821,6
439822,0
439823,0
439824,0
439825,0
439826,0
439827,0
439828,10
439829,5
439830,0
439831,0
439832,0
439833,0
439834,0
439835,0
439836,0
439837,0
439838,0
439839,0
439840,0
439841,0
439842,0
439843,0
439844,0
439845,0
439846,0
439847,0
439848,0
439849,0
439850,0
439851,4
439852,0
439853,0
439854,0
439855,0
439856,0
439857,0
439858,0
439859,6
439860,0
439861,10
439862,0
439863,0
439864,0
439865,0
439866,0
439867,0
439868,11
439869,0
439870,0
439871,0
439872,0
439873,7
439874,0
439875,11
439876,0
439877,0
439878,0
439879,0
439880,7
439881,0
439882,8
439883,7
439884,0
439885,0
439886,0
439887,0
439888,0
439889,0
439890,0
439891,2
439892,15
439893,0
439894,1
439895,0
439896,0
439897,0
439898,0
439899,0
439900,0
439901,0
439902,0
439903,0
439904,0
439905,0
439906,0
439907,0
439908,0
439909,0
439910,0
439911,0
439912,0
439913,0
439914,0
439915,0
439916,0
439917,0
439918,0
439919,8
439920,4
439921,0
439922,0
439923,0
439924,15
439925,7
439926,0
439927,0
439928,0
439929,0
439930,12
439931,0
439932,10
439933,0
439934,0
439935,0
439936,0
439937,0
439938,0
439939,0
439940,0
439941,0
439942,0
439943,0
439944,0
439945,0
439946,0
439947,6
439948,0
439949,0
439950,10
439951,0
439952,0
439953,0
439954,14
439955,0
439956,0
439957,0
439958,0
439959,0
439960,9
439961,0
439962,13
439963,0
439964,0
439965,0
439966,0
439967,0
439968,0
439969,0
439970,0
439971,0
439972,0
439973,0
439974,0
439975,6
439976,0
439977,0
439978,0
439979,0
439980,0
439981,0
439982,0
439983,0
439984,0
439985,0
439986,0
439987,0
439988,0
439989,0
439990,0
439991,0
439992,2
439993,0
439994,0
439995,0
439996,0
439997,0
439998,0
439999,0
440000,0
440001,11
440002,0
440003,0
440004,0
440005,0
440006,0
440007,0
440008,11
440009,0
440010,0
440011,0
440012,0
440013,13
440014,0
440015,0
440016,0
440017,0
440018,0
440019,0
440020,0
440021,0
440022,9
440023,0
440024,0
440025,0
440026,7
440027,0
440028,0
440029,0
440030,0
440031,0
440032,0
440033,0
440034,0
440035,6
440036,0
440037,0
440038,0
440039,0
440040,0
440041,0
440042,0
440043,0
440044,0
440045,0
440046,0
440047,8
440048,10
440049,0
440050,0
440051,0
440052,0
440053,11
440054,0
440055,0
440056,0
440057,9
440058,6
440059,0
440060,0
440061,4
440062,7
440063,0
440064,0
440065,14
440066,0
440067,0
440068,8
440069,0
440070,0
440071,0
440072,0
440073,12
440074,0
440075,0
440076,0
440077,0
440078,0
440079,0
440080,7
440081,0
440082,7
440083,10
440084,0
440085,0
440086,0
440087,5
440088,0
440089,0
440090,0
440091,0
440092,0
440093,0
440094,0
440095,0
440096,12
440097,12
440098,0
440099,0
440100,0
440101,0
440102,0
440103,6
440104,0
440105,0
440106,0
440107,0
440108,0
440109,0
440110,0
440111,10
440112,0
440113,0
440114,13
440115,13
440116,0
440117,0
440118,0
440119,0
440120,0
440121,0
440122,0
440123,4
440124,0
440125,0
440126,0
440127,0
440128,9
440129,0
440130,0
440131,5
440132,0
440133,0
440134,7
440135,0
440136,0
440137,0
440138,0
440139,0
440140,0
440141,0
440142,0
440143,0
440144,0
440145,0
440146,0
440147,0
440148,0
440149,0
440150,11
440151,0
440152,0
440153,0
440154,0
440155,0
440156,0
440157,0
440158,0
440159,0
440160,0
440161,0
440162,8
440163,7
440164,3
440165,0
440166,0
440167,0
440168,0
440169,0
440170,0
440171,0
440172,0
440173,10
440174,0
440175,0
440176,0
440177,0
440178,0
440179,0
440180,0
440181,0
440182,0
440183,0
440184,0
440185,7
440186,0
440187,0
440188,0
440189,0
440190,0
440191,0
440192,0
440193,0
440194,0
440195,0
440196,0
440197,0
440198,0
440199,0
440200,0
440201,5
440202,6
440203,0
440204,10
440205,0
440206,0
440207,0
440208,10
440209,0
440210,0
440211,5
440212,9
440213,0
440214,0
440215,0
440216,0
440217,5
440218,0
440219,0
440220,0
440221,0
440222,0
440223,0
440224,0
440225,0
440226,10
440227,10
440228,0
440229,0
440230,0
440231,0
440232,0
440233,0
440234,0
440235,0
440236,0
440237,5
440238,0
440239,0
440240,0
440241,0
440242,13
440243,0
440244,0
440245,0
440246,0
440247,0
440248,0
440249,0
440250,0
440251,0
440252,0
440253,0
440254,0
440255,0
440256,0
440257,4
440258,11
440259,0
440260,0
440261,0
440262,0
440263,0
440264,0
440265,0
440266,0
440267,0
440268,6
440269,0
440270,0
440271,0
440272,0
440273,0
440274,0
440275,0
440276,0
440277,0
440278,0
440279,13
440280,0
440281,0
440282,0
440283,0
440284,7
440285,0
440286,0
440287,0
440288,0
440289,0
440290,0
440291,0
440292,0
440293,0
440294,0
440295,0
440296,0
440297,0
440298,0
440299,9
440300,0
440301,0
440302,0
440303,0
440304,0
440305,0
440306,0
440307,0
440308,0
440309,0
440310,0
440311,0
440312,0
440313,12
440314,0
440315,0
440316,0
440317,0
440318,0
440319,0
440320,9
440321,0
440322,0
440323,0
440324,0
440325,0
440326,6
440327,0
440328,0
440329,0
440330,0
440331,0
440332,0
440333,0
440334,0
440335,9
440336,0
440337,0
440338,0
440339,0
440340,12
440341,0
440342,6
440343,0
440344,0
440345,0
440346,5
440347,0
440348,10
440349,0
440350,0
440351,0
440352,0
440353,10
440354,0
440355,0
440356,0
440357,0
440358,0
440359,7
440360,0
440361,0
440362,0
440363,0
440364,0
440365,9
440366,0
440367,0
440368,0
440369,4
440370,0
440371,0
440372,7
440373,0
440374,0
440375,0
440376,0
440377,0
440378,0
440379,0
440380,0
440381,0
440382,0
440383,0
440384,0
440385,0
440386,0
440387,0
440388,0
440389,0
440390,7
440391,0
440392,0
440393,0
440394,0
440395,6
440396,0
440397,5
440398,0
440399,0
440400,0
440401,0
440402,0
440403,10
440404,0
440405,19
440406,0
440407,0
440408,0
440409,0
440410,0
440411,9
440412,0
440413,0
440414,0
440415,0
440416,0
440417,0
440418,0
440419,8
440420,0
440421,0
440422,0
440423,0
440424,0
440425,0
440426,8
440427,0
440428,0
440429,6
440430,0
440431,0
440432,0
440433,0
440434,0
440435,0
440436,11
440437,0
440438,12
440439,0
440440,0
440441,0
440442,0
440443,0
440444,14
440445,0
440446,0
440447,0
440448,0
440449,0
440450,0
440451,0
440452,0
440453,0
440454,0
440455,0
440456,0
440457,0
440458,0
440459,0
440460,0
440461,7
440462,0
440463,0
440464,3
440465,0
440466,7
440467,8
440468,0
440469,0
440470,0
440471,0
440472,0
440473,0
440474,8
440475,0
440476,10
440477,0
440478,0
440479,8
440480,0
440481,0
440482,0
440483,0
440484,0
440485,0
440486,0
440487,0
440488,0
440489,7
440490,0
440491,0
440492,0
440493,0
440494,0
440495,0
440496,0
440497,0
440498,0
440499,0
440500,0
440501,0
440502,0
440503,0
440504,0
440505,0
440506,0
440507,0
440508,0
440509,0
440510,0
440511,0
440512,0
440513,0
440514,7
440515,0
440516,0
440517,0
440518,0
440519,0
440520,0
440521,0
440522,0
440523,0
440524,0
440525,0
440526,13
440527,0
440528,0
440529,12
440530,0
440531,0
440532,0
440533,0
440534,1
440535,0
440536,0
440537,0
440538,0
440539,0
440540,9
440541,0
440542,0
440543,0
440544,0
440545,0
440546,0
440547,0
440548,0
440549,0
440550,0
440551,11
440552,11
440553,0
440554,0
440555,0
440556,0
440557,0
440558,0
440559,0
440560,0
440561,0
440562,0
440563,5
440564,0
440565,5
440566,0
440567,0
440568,7
440569,0
440570,0
440571,0
440572,0
440573,0
440574,0
440575,0
440576,0
440577,0
440578,0
440579,0
440580,0
440581,6
440582,0
440583,0
440584,0
440585,0
440586,3
440587,0
440588,0
440589,0
440590,0
440591,0
440592,0
440593,4
440594,0
440595,6
440596,0
440597,0
440598,0
440599,12
440600,10
440601,0
440602,0
440603,0
440604,0
440605,0
440606,8
440607,0
440608,0
440609,10
440610,0
440611,0
440612,0
440613,0
440614,0
440615,0
440616,0
440617,0
440618,0
440619,0
440620,0
440621,0
440622,0
440623,0
440624,0
440625,0
440626,9
440627,0
440628,7
440629,0
440630,0
440631,0
440632,0
440633,0
440634,0
440635,0
440636,0
440637,0
440638,0
440639,0
440640,0
440641,0
440642,0
440643,0
440644,0
440645,42
440646,0
440647,0
440648,0
440649,0
440650,0
440651,0
440652,0
440653,0
440654,0
440655,0
440656,0
440657,0
440658,0
440659,0
440660,0
440661,0
440662,0
440663,58
440664,0
440665,0
440666,0
440667,0
440668,23
440669,0
440670,0
440671,0
440672,0
440673,0
440674,0
440675,0
440676,0
440677,0
440678,0
440679,0
440680,0
440681,0
440682,21
440683,0
440684,0
440685,0
440686,30
440687,0
440688,0
440689,0
440690,0
440691,0
440692,37
440693,0
440694,0
440695,0
440696,0
440697,0
440698,0
440699,0
440700,0
440701,0
440702,0
440703,30
440704,0
440705,0
440706,0
440707,0
440708,0
440709,0
440710,0
440711,0
440712,0
440713,0
440714,0
440715,0
440716,29
440717,24
440718,34
440719,0
440720,0
440721,0
440722,0
440723,0
440724,38
440725,0
440726,0
440727,0
440728,0
440729,0
440730,0
440731,0
440732,0
440733,0
440734,0
440735,35
440736,0
440737,0
440738,0
440739,0
440740,32
440741,0
440742,0
440743,0
440744,34
440745,0
440746,0
440747,0
440748,0
440749,0
440750,0
440751,0
440752,0
440753,0
440754,0
440755,38
440756,0
440757,39
440758,22
440759,32
440760,0
440761,0
440762,57
440763,0
440764,29
440765,0
440766,0
440767,0
440768,0
440769,0
440770,0
440771,0
440772,0
440773,0
440774,32
440775,0
440776,0
440777,36
440778,21
440779,0
440780,0
440781,0
440782,0
440783,0
440784,0
440785,0
440786,0
440787,28
440788,0
440789,0
440790,0
440791,0
440792,0
440793,0
440794,0
440795,0
440796,0
440797,0
440798,0
440799,0
440800,0
440801,0
440802,28
440803,0
440804,39
440805,0
440806,36
440807,0
440808,0
440809,0
440810,0
440811,0
440812,0
440813,0
440814,0
440815,42
440816,0
440817,0
440818,58
440819,0
440820,0
440821,0
440822,0
440823,19
440824,0
440825,0
440826,0
440827,0
440828,0
440829,39
440830,0
440831,0
440832,0
440833,0
440834,46
440835,26
440836,0
440837,0
440838,0
440839,0
440840,0
440841,0
440842,0
440843,0
440844,0
440845,33
440846,36
440847,0
440848,33
440849,0
440850,0
440851,0
440852,0
440853,0
440854,0
440855,0
440856,0
440857,0
440858,0
440859,0
440860,36
440861,25
440862,0
440863,0
440864,0
440865,0
440866,0
440867,0
440868,57
440869,0
440870,0
440871,33
440872,0
440873,0
440874,40
440875,0
440876,0
440877,0
440878,0
440879,0
440880,0
440881,0
440882,0
440883,0
440884,0
440885,0
440886,0
440887,27
440888,0
440889,30
440890,0
440891,0
440892,31
440893,0
440894,0
440895,0
440896,0
440897,33
440898,0
440899,0
440900,0
440901,0
440902,40
440903,20
440904,0
440905,0
440906,0
440907,0
440908,0
440909,0
440910,37
440911,30
440912,0
440913,0
440914,0
440915,0
440916,0
440917,0
440918,0
440919,0
440920,0
440921,0
440922,0
440923,0
440924,0
440925,24
440926,0
440927,0
440928,0
440929,0
440930,0
440931,0
440932,0
440933,0
440934,25
440935,34
440936,0
440937,0
440938,0
440939,0
440940,0
440941,0
440942,36
440943,0
440944,0
440945,28
440946,0
440947,11
440948,0
440949,24
440950,0
440951,0
440952,0
440953,0
440954,0
440955,28
440956,0
440957,0
440958,38
440959,0
440960,49
440961,0
440962,0
440963,0
440964,0
440965,0
440966,0
440967,0
440968,41
440969,0
440970,0
440971,0
440972,0
440973,0
440974,0
440975,0
440976,40
440977,18
440978,34
440979,33
440980,0
440981,0
440982,0
440983,19
440984,0
440985,0
440986,43
440987,0
440988,0
440989,0
440990,0
440991,0
440992,0
440993,41
440994,0
440995,0
440996,26
440997,0
440998,0
440999,0
441000,0
441001,0
441002,0
441003,0
441004,40
441005,35
441006,0
441007,0
441008,0
441009,0
441010,40
441011,0
441012,0
441013,0
441014,0
441015,0
441016,0
441017,0
441018,0
441019,38
441020,21
441021,0
441022,0
441023,0
441024,29
441025,0
441026,0
441027,0
441028,0
441029,39
441030,0
441031,30
441032,0
441033,31
441034,0
441035,0
441036,28
441037,0
441038,0
441039,0
441040,0
441041,0
441042,0
441043,0
441044,0
441045,30
441046,0
441047,0
441048,0
441049,0
441050,0
441051,0
441052,0
441053,0
441054,0
441055,0
441056,0
441057,0
441058,41
441059,0
441060,0
441061,0
441062,24
441063,0
441064,0
441065,0
441066,37
441067,0
441068,0
441069,0
441070,0
441071,54
441072,35
441073,0
441074,0
441075,0
441076,52
441077,0
441078,29
441079,0
441080,0
441081,0
441082,0
441083,0
441084,0
441085,0
441086,33
441087,0
441088,0
441089,0
441090,0
441091,0
441092,0
441093,0
441094,0
441095,0
441096,36
441097,25
441098,0
441099,0
441100,32
441101,0
441102,0
441103,0
441104,0
441105,0
441106,0
441107,0
441108,0
441109,0
441110,38
441111,0
441112,47
441113,41
441114,0
441115,0
441116,27
441117,0
441118,42
441119,0
441120,0
441121,0
441122,0
441123,0
441124,0
441125,0
441126,0
441127,0
441128,0
441129,0
441130,0
441131,0
441132,0
441133,0
441134,26
441135,0
441136,0
441137,26
441138,29
441139,0
441140,0
441141,29
441142,0
441143,0
441144,0
441145,0
441146,0
441147,0
441148,33
441149,0
441150,30
441151,0
441152,0
441153,0
441154,0
441155,0
441156,0
441157,0
441158,0
441159,0
441160,0
441161,20
441162,0
441163,36
441164,0
441165,0
441166,0
441167,0
441168,35
441169,0
441170,0
441171,45
441172,0
441173,0
441174,0
441175,0
441176,42
441177,0
441178,30
441179,0
441180,0
441181,26
441182,0
441183,0
441184,28
441185,0
441186,0
441187,0
441188,0
441189,0
441190,0
441191,0
441192,29
441193,0
441194,0
441195,47
441196,32
441197,0
441198,0
441199,0
441200,0
441201,31
441202,23
441203,33
441204,0
441205,37
441206,0
441207,0
441208,0
441209,0
441210,0
441211,35
441212,0
441213,0
441214,0
441215,32
441216,0
441217,0
441218,0
441219,0
441220,0
441221,27
441222,23
441223,0
441224,0
441225,0
441226,0
441227,0
441228,0
441229,0
441230,0
441231,0
441232,0
441233,0
441234,17
441235,0
441236,0
441237,0
441238,0
441239,0
441240,0
441241,0
441242,0
441243,0
441244,0
441245,0
441246,0
441247,0
441248,11
441249,0
441250,0
441251,0
441252,0
441253,0
441254,0
441255,0
441256,0
441257,0
441258,20
441259,0
441260,0
441261,0
441262,0
441263,37
441264,0
441265,0
441266,0
441267,0
441268,0
441269,24
441270,0
441271,0
441272,38
441273,0
441274,0
441275,0
441276,0
441277,0
441278,42
441279,25
441280,22
441281,0
441282,0
441283,0
441284,35
441285,35
441286,0
441287,0
441288,0
441289,0
441290,0
441291,0
441292,26
441293,0
441294,0
441295,0
441296,0
441297,0
441298,0
441299,0
441300,0
441301,0
441302,0
441303,34
441304,0
441305,0
441306,0
441307,0
441308,0
441309,0
441310,0
441311,0
441312,33
441313,0
441314,32
441315,0
441316,0
441317,32
441318,0
441319,0
441320,0
441321,0
441322,0
441323,0
441324,0
441325,0
441326,0
441327,0
441328,0
441329,0
441330,0
441331,0
441332,0
441333,48
441334,0
441335,32
441336,20
441337,39
441338,0
441339,0
441340,0
441341,0
441342,32
441343,0
441344,0
441345,0
441346,0
441347,0
441348,38
441349,0
441350,0
441351,0
441352,25
441353,0
441354,0
441355,0
441356,0
441357,0
441358,32
441359,0
441360,0
441361,34
441362,0
441363,38
441364,25
441365,0
441366,0
441367,0
441368,0
441369,0
441370,23
441371,28
441372,0
441373,24
441374,0
441375,0
441376,0
441377,0
441378,0
441379,0
441380,0
441381,20
441382,29
441383,0
441384,0
441385,0
441386,0
441387,0
441388,0
441389,0
441390,0
441391,0
441392,0
441393,0
441394,0
441395,0
441396,0
441397,0
441398,0
441399,0
441400,0
441401,24
441402,0
441403,0
441404,0
441405,0
441406,0
441407,0
441408,0
441409,0
441410,0
441411,0
441412,0
441413,0
441414,0
441415,0
441416,0
441417,0
441418,27
441419,45
441420,0
441421,0
441422,0
441423,0
441424,0
441425,0
441426,34
441427,0
441428,0
441429,26
441430,0
441431,0
441432,0
441433,0
441434,33
441435,0
441436,0
441437,0
441438,0
441439,0
441440,0
441441,0
441442,33
441443,0
441444,0
441445,33
441446,26
441447,53
441448,0
441449,0
441450,0
441451,40
441452,0
441453,0
441454,0
441455,27
441456,0
441457,0
441458,0
441459,29
441460,0
441461,36
441462,0
441463,0
441464,0
441465,0
441466,0
441467,0
441468,0
441469,0
441470,0
441471,0
441472,0
441473,0
441474,0
441475,0
441476,0
441477,0
441478,46
441479,0
441480,47
441481,0
441482,0
441483,0
441484,0
441485,0
441486,0
441487,0
441488,0
441489,0
441490,0
441491,0
441492,0
441493,0
441494,39
441495,41
441496,0
441497,0
441498,0
441499,37
441500,0
441501,0
441502,0
441503,0
441504,31
441505,0
441506,47
441507,0
441508,0
441509,0
441510,0
441511,0
441512,0
441513,0
441514,0
441515,43
441516,0
441517,0
441518,0
441519,0
441520,0
441521,28
441522,35
441523,40
441524,0
441525,45
441526,0
441527,0
441528,41
441529,26
441530,32
441531,38
441532,17
441533,0
441534,0
441535,0
441536,0
441537,0
441538,0
441539,0
441540,0
441541,0
441542,0
441543,0
441544,0
441545,0
441546,34
441547,36
441548,0
441549,0
441550,0
441551,0
441552,22
441553,0
441554,0
441555,0
441556,36
441557,34
441558,0
441559,30
441560,0
441561,28
441562,0
441563,0
441564,0
441565,0
441566,0
441567,0
441568,0
441569,0
441570,0
441571,0
441572,0
441573,0
441574,0
441575,0
441576,0
441577,0
441578,0
441579,3
441580,0
441581,5
441582,0
441583,0
441584,0
441585,0
441586,0
441587,0
441588,0
441589,0
441590,0
441591,0
441592,7
441593,0
441594,0
441595,0
441596,0
441597,0
441598,0
441599,0
441600,0
441601,0
441602,0
441603,0
441604,0
441605,0
441606,0
441607,0
441608,0
441609,0
441610,4
441611,0
441612,0
441613,0
441614,3
441615,0
441616,0
441617,0
441618,0
441619,0
441620,0
441621,0
441622,0
441623,0
441624,0
441625,0
441626,0
441627,0
441628,0
441629,0
441630,0
441631,0
441632,0
441633,0
441634,0
441635,0
441636,0
441637,0
441638,0
441639,0
441640,4
441641,0
441642,0
441643,0
441644,0
441645,0
441646,0
441647,8
441648,0
441649,2
441650,0
441651,0
441652,0
441653,0
441654,0
441655,0
441656,0
441657,0
441658,0
441659,0
441660,0
441661,0
441662,0
441663,3
441664,0
441665,0
441666,0
441667,2
441668,0
441669,0
441670,0
441671,0
441672,0
441673,0
441674,2
441675,0
441676,3
441677,0
441678,0
441679,4
441680,0
441681,0
441682,0
441683,0
441684,0
441685,0
441686,0
441687,0
441688,0
441689,0
441690,0
441691,0
441692,0
441693,0
441694,0
441695,0
441696,0
441697,2
441698,0
441699,0
441700,0
441701,0
441702,0
441703,0
441704,0
441705,0
441706,0
441707,0
441708,0
441709,0
441710,0
441711,0
441712,0
441713,0
441714,0
441715,0
441716,0
441717,0
441718,0
441719,0
441720,0
441721,0
441722,0
441723,0
441724,0
441725,0
441726,0
441727,0
441728,0
441729,0
441730,0
441731,0
441732,2
441733,0
441734,0
441735,0
441736,0
441737,0
441738,0
441739,0
441740,0
441741,0
441742,2
441743,0
441744,0
441745,0
441746,0
441747,0
441748,2
441749,0
441750,0
441751,0
441752,0
441753,0
441754,0
441755,0
441756,0
441757,0
441758,0
441759,0
441760,0
441761,0
441762,0
441763,0
441764,0
441765,2
441766,0
441767,0
441768,0
441769,4
441770,3
441771,0
441772,0
441773,0
441774,0
441775,0
441776,0
441777,0
441778,0
441779,0
441780,0
441781,0
441782,0
441783,0
441784,2
441785,0
441786,0
441787,0
441788,0
441789,3
441790,0
441791,0
441792,3
441793,0
441794,0
441795,0
441796,0
441797,0
441798,0
441799,0
441800,0
441801,0
441802,0
441803,0
441804,0
441805,0
441806,0
441807,0
441808,0
441809,0
441810,0
441811,0
441812,0
441813,0
441814,0
441815,0
441816,0
441817,0
441818,0
441819,0
441820,0
441821,0
441822,0
441823,0
441824,0
441825,0
441826,0
441827,0
441828,0
441829,4
441830,0
441831,0
441832,0
441833,0
441834,0
441835,3
441836,0
441837,0
441838,0
441839,0
441840,0
441841,0
441842,0
441843,0
441844,0
441845,0
441846,0
441847,0
441848,0
441849,0
441850,0
441851,0
441852,0
441853,0
441854,0
441855,0
441856,0
441857,0
441858,0
441859,0
441860,0
441861,0
441862,0
441863,4
441864,0
441865,0
441866,0
441867,0
441868,0
441869,0
441870,5
441871,0
441872,0
441873,0
441874,0
441875,0
441876,0
441877,0
441878,0
441879,0
441880,0
441881,0
441882,2
441883,0
441884,0
441885,0
441886,0
441887,0
441888,0
441889,0
441890,0
441891,0
441892,0
441893,0
441894,0
441895,0
441896,0
441897,0
441898,0
441899,0
441900,0
441901,0
441902,0
441903,0
441904,0
441905,4
441906,0
441907,0
441908,2
441909,0
441910,0
441911,0
441912,0
441913,0
441914,0
441915,0
441916,0
441917,0
441918,0
441919,0
441920,3
441921,1
441922,0
441923,0
441924,2
441925,0
441926,0
441927,0
441928,0
441929,0
441930,0
441931,3
441932,0
441933,0
441934,0
441935,0
441936,0
441937,0
441938,2
441939,0
441940,0
441941,0
441942,0
441943,0
441944,0
441945,0
441946,0
441947,0
441948,0
441949,0
441950,0
441951,0
441952,0
441953,0
441954,0
441955,0
441956,0
441957,0
441958,0
441959,0
441960,0
441961,0
441962,0
441963,0
441964,0
441965,0
441966,0
441967,0
441968,0
441969,0
441970,0
441971,0
441972,0
441973,0
441974,0
441975,0
441976,0
441977,0
441978,0
441979,0
441980,0
441981,0
441982,0
441983,0
441984,0
441985,0
441986,0
441987,0
441988,0
441989,0
441990,0
441991,0
441992,0
441993,0
441994,0
441995,0
441996,0
441997,0
441998,0
441999,0
442000,0
442001,0
442002,0
442003,0
442004,0
442005,0
442006,0
442007,0
442008,0
442009,0
442010,0
442011,0
442012,0
442013,0
442014,0
442015,0
442016,0
442017,0
442018,0
442019,0
442020,0
442021,0
442022,0
442023,0
442024,0
442025,0
442026,0
442027,0
442028,0
442029,0
442030,0
442031,0
442032,0
442033,0
442034,0
442035,0
442036,0
442037,0
442038,0
442039,0
442040,0
442041,0
442042,0
442043,0
442044,0
442045,0
442046,0
442047,0
442048,0
442049,0
442050,0
442051,0
442052,0
442053,0
442054,0
442055,0
442056,1
442057,0
442058,0
442059,0
442060,0
442061,0
442062,0
442063,0
442064,0
442065,0
442066,0
442067,0
442068,0
442069,0
442070,0
442071,0
442072,0
442073,0
442074,0
442075,0
442076,0
442077,0
442078,0
442079,0
442080,0
442081,0
442082,0
442083,0
442084,0
442085,0
442086,0
442087,0
442088,0
442089,0
442090,0
442091,0
442092,0
442093,0
442094,0
442095,0
442096,0
442097,0
442098,0
442099,0
442100,0
442101,0
442102,0
442103,0
442104,0
442105,0
442106,0
442107,0
442108,0
442109,0
442110,0
442111,0
442112,0
442113,0
442114,0
442115,0
442116,0
442117,0
442118,0
442119,0
442120,0
442121,0
442122,0
442123,1
442124,0
442125,0
442126,0
442127,0
442128,0
442129,0
442130,0
442131,0
442132,0
442133,0
442134,0
442135,0
442136,0
442137,0
442138,0
442139,0
442140,0
442141,0
442142,0
442143,0
442144,0
442145,0
442146,0
442147,0
442148,0
442149,0
442150,0
442151,0
442152,0
442153,0
442154,0
442155,0
442156,0
442157,0
442158,0
442159,0
442160,0
442161,0
442162,0
442163,0
442164,0
442165,0
442166,0
442167,0
442168,0
442169,0
442170,0
442171,0
442172,0
442173,0
442174,0
442175,0
442176,0
442177,0
442178,0
442179,0
442180,0
442181,0
442182,0
442183,0
442184,0
442185,0
442186,0
442187,0
442188,0
442189,0
442190,0
442191,0
442192,0
442193,0
442194,0
442195,0
442196,0
442197,0
442198,0
442199,0
442200,0
442201,0
442202,0
442203,0
442204,0
442205,0
442206,0
442207,0
442208,0
442209,0
442210,0
442211,0
442212,0
442213,0
442214,0
442215,0
442216,0
442217,0
442218,0
442219,0
442220,0
442221,0
442222,0
442223,0
442224,0
442225,0
442226,0
442227,0
442228,0
442229,0
442230,0
442231,0
442232,0
442233,0
442234,0
442235,0
442236,0
442237,0
442238,0
442239,0
442240,0
442241,0
442242,0
442243,0
442244,0
442245,0
442246,0
442247,0
442248,0
442249,0
442250,0
442251,0
442252,0
442253,0
442254,0
442255,0
442256,0
442257,0
442258,0
442259,0
442260,0
442261,0
442262,0
442263,0
442264,0
442265,0
442266,0
442267,0
442268,0
442269,0
442270,0
442271,0
442272,0
442273,0
442274,0
442275,0
442276,0
442277,0
442278,0
442279,0
442280,0
442281,0
442282,0
442283,0
442284,0
442285,0
442286,0
442287,0
442288,0
442289,0
442290,0
442291,0
442292,0
442293,0
442294,0
442295,0
442296,0
442297,0
442298,0
442299,0
442300,0
442301,0
442302,0
442303,0
442304,0
442305,0
442306,0
442307,0
442308,0
442309,0
442310,0
442311,0
442312,0
442313,0
442314,0
442315,0
442316,0
442317,0
442318,0
442319,0
442320,0
442321,0
442322,0
442323,0
442324,0
442325,0
442326,0
442327,0
442328,0
442329,0
442330,0
442331,0
442332,0
442333,0
442334,0
442335,0
442336,0
442337,0
442338,0
442339,0
442340,0
442341,0
442342,0
442343,0
442344,0
442345,0
442346,0
442347,0
442348,0
442349,0
442350,1
442351,0
442352,0
442353,0
442354,0
442355,0
442356,0
442357,0
442358,0
442359,0
442360,0
442361,0
442362,0
442363,0
442364,0
442365,0
442366,0
442367,0
442368,0
442369,0
442370,0
442371,0
442372,0
442373,0
442374,0
442375,0
442376,0
442377,0
442378,0
442379,0
442380,0
442381,0
442382,0
442383,0
442384,0
442385,0
442386,0
442387,0
442388,0
442389,0
442390,0
442391,0
442392,1
442393,0
442394,0
442395,0
442396,0
442397,0
442398,0
442399,0
442400,0
442401,0
442402,0
442403,0
442404,0
442405,0
442406,0
442407,0
442408,0
442409,0
442410,0
442411,0
442412,0
442413,0
442414,0
442415,0
442416,0
442417,0
442418,0
442419,0
442420,0
442421,0
442422,0
442423,0
442424,0
442425,0
442426,0
442427,0
442428,0
442429,0
442430,0
442431,0
442432,0
442433,0
442434,0
442435,0
442436,0
442437,0
442438,0
442439,0
442440,0
442441,0
442442,0
442443,0
442444,0
442445,0
442446,0
442447,0
442448,0
442449,0
442450,0
442451,0
442452,0
442453,0
442454,0
442455,0
442456,0
442457,0
442458,0
442459,0
442460,0
442461,0
442462,0
442463,0
442464,0
442465,0
442466,0
442467,0
442468,0
442469,0
442470,0
442471,0
442472,0
442473,0
442474,0
442475,0
442476,0
442477,0
442478,0
442479,0
442480,0
442481,0
442482,0
442483,0
442484,0
442485,0
442486,0
442487,0
442488,0
442489,0
442490,0
442491,0
442492,0
442493,0
442494,0
442495,0
442496,0
442497,0
442498,0
442499,0
442500,0
442501,0
442502,0
442503,0
442504,0
442505,0
442506,0
442507,0
442508,0
442509,0
442510,0
442511,0
442512,0
442513,0
442514,18
442515,0
442516,0
442517,0
442518,0
442519,0
442520,0
442521,0
442522,0
442523,0
442524,15
442525,0
442526,16
442527,0
442528,0
442529,0
442530,0
442531,0
442532,0
442533,22
442534,0
442535,0
442536,0
442537,0
442538,0
442539,0
442540,0
442541,0
442542,0
442543,0
442544,0
442545,0
442546,0
442547,0
442548,15
442549,0
442550,0
442551,0
442552,13
442553,0
442554,16
442555,0
442556,0
442557,18
442558,0
442559,0
442560,0
442561,0
442562,0
442563,0
442564,0
442565,0
442566,0
442567,8
442568,0
442569,0
442570,0
442571,0
442572,0
442573,0
442574,0
442575,0
442576,13
442577,0
442578,0
442579,0
442580,0
442581,0
442582,0
442583,0
442584,0
442585,0
442586,18
442587,0
442588,0
442589,0
442590,0
442591,0
442592,0
442593,0
442594,15
442595,0
442596,0
442597,0
442598,0
442599,0
442600,0
442601,0
442602,0
442603,0
442604,17
442605,0
442606,0
442607,0
442608,0
442609,0
442610,0
442611,0
442612,0
442613,0
442614,0
442615,0
442616,0
442617,23
442618,0
442619,0
442620,0
442621,13
442622,0
442623,0
442624,0
442625,0
442626,0
442627,0
442628,0
442629,0
442630,0
442631,0
442632,0
442633,0
442634,0
442635,15
442636,0
442637,0
442638,0
442639,0
442640,0
442641,0
442642,0
442643,0
442644,0
442645,0
442646,0
442647,0
442648,0
442649,0
442650,0
442651,0
442652,0
442653,0
442654,0
442655,0
442656,0
442657,0
442658,0
442659,0
442660,19
442661,0
442662,0
442663,0
442664,0
442665,0
442666,0
442667,0
442668,0
442669,0
442670,10
442671,0
442672,0
442673,0
442674,0
442675,0
442676,0
442677,0
442678,0
442679,0
442680,0
442681,0
442682,0
442683,0
442684,0
442685,0
442686,0
442687,0
442688,0
442689,0
442690,0
442691,0
442692,0
442693,0
442694,0
442695,0
442696,0
442697,0
442698,0
442699,0
442700,20
442701,0
442702,0
442703,0
442704,0
442705,0
442706,0
442707,0
442708,0
442709,0
442710,0
442711,0
442712,0
442713,0
442714,0
442715,0
442716,0
442717,0
442718,0
442719,0
442720,0
442721,0
442722,0
442723,0
442724,0
442725,16
442726,0
442727,0
442728,0
442729,0
442730,0
442731,0
442732,16
442733,0
442734,0
442735,0
442736,0
442737,0
442738,0
442739,0
442740,0
442741,0
442742,0
442743,0
442744,0
442745,0
442746,0
442747,0
442748,0
442749,0
442750,0
442751,0
442752,0
442753,0
442754,0
442755,0
442756,0
442757,0
442758,0
442759,0
442760,0
442761,0
442762,0
442763,0
442764,0
442765,18
442766,0
442767,0
442768,0
442769,0
442770,16
442771,0
442772,18
442773,0
442774,0
442775,0
442776,0
442777,0
442778,0
442779,0
442780,0
442781,0
442782,0
442783,0
442784,0
442785,0
442786,0
442787,0
442788,0
442789,15
442790,0
442791,0
442792,0
442793,0
442794,13
442795,0
442796,0
442797,0
442798,0
442799,0
442800,0
442801,0
442802,0
442803,0
442804,0
442805,0
442806,0
442807,0
442808,0
442809,0
442810,0
442811,0
442812,0
442813,19
442814,0
442815,0
442816,0
442817,0
442818,0
442819,0
442820,0
442821,0
442822,0
442823,0
442824,0
442825,0
442826,0
442827,0
442828,0
442829,0
442830,0
442831,0
442832,0
442833,0
442834,0
442835,0
442836,0
442837,0
442838,0
442839,0
442840,0
442841,0
442842,0
442843,0
442844,0
442845,0
442846,0
442847,0
442848,0
442849,17
442850,0
442851,0
442852,0
442853,0
442854,19
442855,11
442856,0
442857,0
442858,0
442859,0
442860,14
442861,0
442862,0
442863,0
442864,0
442865,0
442866,0
442867,0
442868,0
442869,0
442870,0
442871,0
442872,0
442873,0
442874,0
442875,0
442876,0
442877,0
442878,0
442879,0
442880,0
442881,0
442882,0
442883,0
442884,0
442885,0
442886,0
442887,9
442888,0
442889,0
442890,0
442891,23
442892,0
442893,0
442894,11
442895,0
442896,0
442897,0
442898,0
442899,0
442900,0
442901,13
442902,0
442903,0
442904,0
442905,0
442906,0
442907,0
442908,0
442909,0
442910,0
442911,0
442912,0
442913,0
442914,17
442915,0
442916,0
442917,0
442918,0
442919,0
442920,0
442921,0
442922,0
442923,0
442924,0
442925,0
442926,0
442927,0
442928,0
442929,0
442930,0
442931,0
442932,0
442933,0
442934,0
442935,0
442936,0
442937,0
442938,0
442939,0
442940,0
442941,0
442942,0
442943,0
442944,0
442945,0
442946,0
442947,0
442948,0
442949,0
442950,0
442951,0
442952,0
442953,13
442954,0
442955,17
442956,15
442957,0
442958,16
442959,0
442960,0
442961,0
442962,0
442963,0
442964,0
442965,0
442966,0
442967,18
442968,0
442969,0
442970,0
442971,0
442972,0
442973,0
442974,0
442975,0
442976,0
442977,0
442978,0
442979,0
442980,0
442981,0
442982,0
442983,0
442984,0
442985,0
442986,0
442987,0
442988,0
442989,0
442990,0
442991,0
442992,0
442993,0
442994,0
442995,0
442996,0
442997,0
442998,0
442999,0
443000,0
443001,0
443002,0
443003,0
443004,0
443005,0
443006,0
443007,0
443008,0
443009,0
443010,0
443011,0
443012,0
443013,0
443014,0
443015,0
443016,0
443017,0
443018,0
443019,0
443020,0
443021,0
443022,0
443023,0
443024,0
443025,0
443026,15
443027,0
443028,0
443029,0
443030,0
443031,0
443032,0
443033,0
443034,18
443035,0
443036,0
443037,0
443038,0
443039,0
443040,0
443041,0
443042,16
443043,0
443044,0
443045,18
443046,0
443047,0
443048,0
443049,0
443050,0
443051,0
443052,0
443053,0
443054,0
443055,24
443056,0
443057,0
443058,0
443059,0
443060,0
443061,0
443062,0
443063,0
443064,0
443065,0
443066,0
443067,0
443068,0
443069,0
443070,0
443071,0
443072,0
443073,0
443074,0
443075,0
443076,0
443077,0
443078,0
443079,0
443080,0
443081,0
443082,0
443083,0
443084,0
443085,0
443086,0
443087,0
443088,0
443089,0
443090,0
443091,0
443092,0
443093,0
443094,0
443095,0
443096,0
443097,0
443098,19
443099,0
443100,0
443101,0
443102,0
443103,0
443104,0
443105,0
443106,0
443107,0
443108,0
443109,0
443110,0
443111,0
443112,0
443113,0
443114,0
443115,0
443116,10
443117,0
443118,9
443119,10
443120,0
443121,1
443122,0
443123,0
443124,0
443125,9
443126,0
443127,0
443128,0
443129,0
443130,0
443131,0
443132,0
443133,0
443134,0
443135,0
443136,0
443137,0
443138,0
443139,0
443140,12
443141,10
443142,0
443143,0
443144,0
443145,0
443146,10
443147,6
443148,0
443149,0
443150,0
443151,0
443152,0
443153,0
443154,0
443155,0
443156,0
443157,0
443158,6
443159,0
443160,5
443161,7
443162,0
443163,4
443164,0
443165,0
443166,0
443167,0
443168,0
443169,0
443170,0
443171,0
443172,0
443173,0
443174,0
443175,0
443176,8
443177,0
443178,7
443179,0
443180,0
443181,0
443182,0
443183,0
443184,10
443185,0
443186,0
443187,0
443188,0
443189,10
443190,0
443191,7
443192,0
443193,0
443194,0
443195,0
443196,10
443197,13
443198,0
443199,0
443200,12
443201,0
443202,0
443203,0
443204,0
443205,0
443206,0
443207,0
443208,0
443209,0
443210,0
443211,0
443212,0
443213,0
443214,6
443215,0
443216,0
443217,2
443218,0
443219,0
443220,0
443221,0
443222,0
443223,0
443224,0
443225,0
443226,0
443227,0
443228,0
443229,0
443230,0
443231,0
443232,0
443233,0
443234,14
443235,0
443236,0
443237,0
443238,0
443239,10
443240,0
443241,9
443242,0
443243,0
443244,0
443245,0
443246,0
443247,0
443248,0
443249,0
443250,0
443251,0
443252,0
443253,0
443254,0
443255,0
443256,4
443257,0
443258,9
443259,0
443260,0
443261,7
443262,8
443263,0
443264,0
443265,0
443266,0
443267,0
443268,0
443269,0
443270,0
443271,0
443272,0
443273,0
443274,0
443275,0
443276,0
443277,0
443278,0
443279,0
443280,0
443281,0
443282,0
443283,6
443284,0
443285,0
443286,9
443287,0
443288,0
443289,0
443290,0
443291,0
443292,0
443293,0
443294,0
443295,0
443296,0
443297,4
443298,0
443299,0
443300,0
443301,0
443302,0
443303,0
443304,0
443305,0
443306,0
443307,0
443308,0
443309,0
443310,0
443311,0
443312,0
443313,0
443314,0
443315,0
443316,0
443317,4
443318,0
443319,0
443320,0
443321,0
443322,10
443323,0
443324,0
443325,0
443326,0
443327,8
443328,0
443329,0
443330,0
443331,0
443332,0
443333,7
443334,0
443335,0
443336,0
443337,0
443338,0
443339,0
443340,7
443341,0
443342,0
443343,0
443344,0
443345,0
443346,0
443347,0
443348,0
443349,0
443350,0
443351,12
443352,3
443353,0
443354,0
443355,0
443356,0
443357,0
443358,4
443359,0
443360,8
443361,0
443362,0
443363,0
443364,5
443365,9
443366,0
443367,0
443368,8
443369,0
443370,0
443371,0
443372,0
443373,15
443374,0
443375,0
443376,0
443377,0
443378,0
443379,0
443380,0
443381,13
443382,4
443383,0
443384,0
443385,0
443386,0
443387,0
443388,0
443389,6
443390,0
443391,10
443392,7
443393,0
443394,0
443395,6
443396,0
443397,0
443398,0
443399,0
443400,0
443401,10
443402,0
443403,0
443404,0
443405,0
443406,0
443407,0
443408,0
443409,0
443410,0
443411,3
443412,0
443413,0
443414,0
443415,0
443416,0
443417,0
443418,12
443419,0
443420,2
443421,7
443422,0
443423,0
443424,0
443425,0
443426,0
443427,3
443428,0
443429,0
443430,0
443431,10
443432,0
443433,0
443434,0
443435,0
443436,0
443437,0
443438,0
443439,0
443440,0
443441,0
443442,0
443443,0
443444,4
443445,0
443446,6
443447,0
443448,0
443449,0
443450,0
443451,0
443452,0
443453,0
443454,0
443455,0
443456,0
443457,0
443458,0
443459,0
443460,0
443461,0
443462,0
443463,7
443464,0
443465,0
443466,0
443467,0
443468,0
443469,0
443470,0
443471,0
443472,0
443473,0
443474,0
443475,0
443476,6
443477,0
443478,0
443479,0
443480,0
443481,7
443482,0
443483,0
443484,9
443485,0
443486,0
443487,3
443488,0
443489,0
443490,0
443491,0
443492,0
443493,0
443494,0
443495,9
443496,0
443497,0
443498,0
443499,12
443500,0
443501,0
443502,0
443503,0
443504,0
443505,0
443506,0
443507,0
443508,0
443509,7
443510,0
443511,0
443512,0
443513,0
443514,0
443515,0
443516,0
443517,0
443518,0
443519,0
443520,6
443521,0
443522,0
443523,0
443524,9
443525,0
443526,0
443527,0
443528,0
443529,0
443530,0
443531,0
443532,0
443533,0
443534,0
443535,0
443536,0
443537,0
443538,0
443539,8
443540,6
443541,0
443542,0
443543,0
443544,0
443545,0
443546,0
443547,0
443548,0
443549,0
443550,0
443551,0
443552,0
443553,0
443554,8
443555,0
443556,8
443557,0
443558,4
443559,0
443560,0
443561,0
443562,0
443563,0
443564,0
443565,0
443566,0
443567,0
443568,0
443569,0
443570,0
443571,0
443572,0
443573,0
443574,0
443575,0
443576,0
443577,0
443578,0
443579,0
443580,5
443581,0
443582,0
443583,0
443584,0
443585,0
443586,0
443587,0
443588,8
443589,0
443590,0
443591,0
443592,0
443593,0
443594,0
443595,0
443596,7
443597,0
443598,0
443599,0
443600,0
443601,0
443602,10
443603,0
443604,0
443605,0
443606,0
443607,0
443608,0
443609,0
443610,0
443611,0
443612,0
443613,6
443614,0
443615,13
443616,0
443617,0
443618,9
443619,0
443620,7
443621,0
443622,0
443623,0
443624,0
443625,0
443626,7
443627,0
443628,0
443629,0
443630,8
443631,0
443632,0
443633,0
443634,0
443635,0
443636,0
443637,0
443638,0
443639,0
443640,0
443641,0
443642,0
443643,0
443644,5
443645,6
443646,4
443647,0
443648,0
443649,0
443650,0
443651,0
443652,0
443653,0
443654,0
443655,0
443656,0
443657,0
443658,8
443659,0
443660,0
443661,0
443662,0
443663,6
443664,0
443665,0
443666,0
443667,0
443668,0
443669,0
443670,0
443671,0
443672,6
443673,0
443674,0
443675,0
443676,0
443677,0
443678,0
443679,0
443680,0
443681,0
443682,0
443683,0
443684,0
443685,2
443686,0
443687,0
443688,0
443689,0
443690,0
443691,0
443692,0
443693,0
443694,0
443695,0
443696,0
443697,7
443698,0
443699,0
443700,0
443701,0
443702,0
443703,0
443704,0
443705,0
443706,0
443707,10
443708,0
443709,0
443710,0
443711,0
443712,0
443713,0
443714,0
443715,0
443716,0
443717,0
443718,0
443719,0
443720,0
443721,0
443722,0
443723,8
443724,0
443725,0
443726,0
443727,0
443728,0
443729,0
443730,0
443731,0
443732,0
443733,0
443734,0
443735,0
443736,0
443737,0
443738,0
443739,0
443740,0
443741,8
443742,0
443743,0
443744,0
443745,0
443746,3
443747,0
443748,0
443749,4
443750,6
443751,9
443752,0
443753,0
443754,0
443755,2
443756,0
443757,0
443758,0
443759,6
443760,9
443761,0
443762,0
443763,0
443764,11
443765,0
443766,0
443767,0
443768,0
443769,0
443770,0
443771,4
443772,0
443773,9
443774,0
443775,0
443776,12
443777,11
443778,0
443779,0
443780,6
443781,0
443782,0
443783,5
443784,0
443785,0
443786,0
443787,0
443788,6
443789,0
443790,0
443791,0
443792,0
443793,0
443794,0
443795,0
443796,0
443797,0
443798,0
443799,0
443800,0
443801,0
443802,5
443803,0
443804,0
443805,13
443806,0
443807,0
443808,0
443809,0
443810,0
443811,0
443812,0
443813,0
443814,0
443815,0
443816,0
443817,7
443818,0
443819,0
443820,0
443821,0
443822,8
443823,0
443824,0
443825,8
443826,0
443827,0
443828,2
443829,0
443830,0
443831,0
443832,0
443833,0
443834,0
443835,0
443836,0
443837,0
443838,8
443839,0
443840,0
443841,0
443842,0
443843,0
443844,0
443845,0
443846,0
443847,0
443848,5
443849,0
443850,0
443851,0
443852,0
443853,0
443854,0
443855,0
443856,0
443857,0
443858,0
443859,0
443860,0
443861,0
443862,0
443863,0
443864,8
443865,6
443866,0
443867,0
443868,0
443869,0
443870,0
443871,0
443872,0
443873,0
443874,0
443875,0
443876,0
443877,0
443878,0
443879,10
443880,0
443881,2
443882,0
443883,0
443884,14
443885,0
443886,0
443887,0
443888,0
443889,0
443890,0
443891,0
443892,0
443893,6
443894,9
443895,0
443896,0
443897,6
443898,7
443899,0
443900,0
443901,4
443902,0
443903,0
443904,0
443905,0
443906,0
443907,0
443908,0
443909,0
443910,0
443911,0
443912,0
443913,0
443914,0
443915,0
443916,0
443917,0
443918,0
443919,0
443920,0
443921,0
443922,0
443923,0
443924,0
443925,0
443926,0
443927,0
443928,6
443929,0
443930,0
443931,0
443932,0
443933,0
443934,0
443935,0
443936,4
443937,0
443938,0
443939,0
443940,0
443941,0
443942,0
443943,0
443944,0
443945,0
443946,10
443947,0
443948,0
443949,0
443950,0
443951,0
443952,0
443953,0
443954,0
443955,0
443956,0
443957,0
443958,0
443959,0
443960,0
443961,0
443962,0
443963,0
443964,0
443965,7
443966,0
443967,0
443968,0
443969,0
443970,0
443971,0
443972,0
443973,0
443974,0
443975,0
443976,0
443977,0
443978,10
443979,8
443980,0
443981,0
443982,0
443983,0
443984,0
443985,0
443986,0
443987,0
443988,0
443989,5
443990,11
443991,0
443992,0
443993,7
443994,0
443995,0
443996,0
443997,0
443998,0
443999,0
444000,0
444001,0
444002,0
444003,0
444004,5
444005,0
444006,0
444007,0
444008,0
444009,0
444010,0
444011,0
444012,0
444013,7
444014,0
444015,0
444016,0
444017,0
444018,0
444019,0
444020,0
444021,0
444022,0
444023,0
444024,0
444025,9
444026,12
444027,0
444028,0
444029,0
444030,0
444031,0
444032,0
444033,0
444034,0
444035,0
444036,0
444037,0
444038,0
444039,0
444040,0
444041,0
444042,0
444043,0
444044,0
444045,0
444046,0
444047,0
444048,0
444049,0
444050,0
444051,0
444052,0
444053,0
444054,0
444055,0
444056,0
444057,0
444058,0
444059,0
444060,0
444061,0
444062,0
444063,0
444064,0
444065,0
444066,0
444067,0
444068,0
444069,0
444070,0
444071,0
444072,0
444073,0
444074,0
444075,0
444076,0
444077,0
444078,0
444079,0
444080,0
444081,0
444082,0
444083,0
444084,0
444085,0
444086,0
444087,0
444088,0
444089,0
444090,0
444091,0
444092,0
444093,0
444094,0
444095,0
444096,0
444097,0
444098,0
444099,0
444100,0
444101,2
444102,0
444103,0
444104,0
444105,0
444106,0
444107,0
444108,0
444109,0
444110,0
444111,0
444112,0
444113,0
444114,0
444115,0
444116,0
444117,0
444118,0
444119,0
444120,0
444121,0
444122,0
444123,0
444124,0
444125,0
444126,0
444127,0
444128,0
444129,0
444130,0
444131,0
444132,0
444133,0
444134,0
444135,0
444136,0
444137,0
444138,0
444139,0
444140,0
444141,0
444142,0
444143,0
444144,0
444145,0
444146,0
444147,1
444148,0
444149,0
444150,0
444151,0
444152,0
444153,0
444154,0
444155,0
444156,0
444157,0
444158,0
444159,0
444160,0
444161,0
444162,0
444163,0
444164,0
444165,0
444166,0
444167,0
444168,0
444169,0
444170,0
444171,0
444172,0
444173,0
444174,0
444175,0
444176,0
444177,0
444178,0
444179,0
444180,0
444181,0
444182,0
444183,0
444184,1
444185,0
444186,0
444187,0
444188,0
444189,0
444190,0
444191,0
444192,0
444193,0
444194,0
444195,0
444196,0
444197,0
444198,0
444199,0
444200,0
444201,0
444202,0
444203,0
444204,0
444205,0
444206,0
444207,0
444208,0
444209,0
444210,0
444211,0
444212,0
444213,0
444214,0
444215,0
444216,0
444217,0
444218,0
444219,0
444220,0
444221,0
444222,0
444223,0
444224,0
444225,0
444226,0
444227,0
444228,0
444229,0
444230,0
444231,0
444232,0
444233,0
444234,0
444235,0
444236,0
444237,0
444238,0
444239,0
444240,0
444241,0
444242,0
444243,0
444244,0
444245,0
444246,0
444247,0
444248,0
444249,0
444250,0
444251,0
444252,0
444253,0
444254,0
444255,0
444256,0
444257,0
444258,0
444259,0
444260,0
444261,0
444262,0
444263,0
444264,0
444265,0
444266,0
444267,0
444268,0
444269,0
444270,0
444271,0
444272,0
444273,0
444274,2
444275,0
444276,0
444277,0
444278,0
444279,0
444280,0
444281,0
444282,0
444283,0
444284,0
444285,0
444286,0
444287,1
444288,0
444289,0
444290,0
444291,0
444292,0
444293,0
444294,0
444295,0
444296,0
444297,0
444298,0
444299,0
444300,0
444301,0
444302,0
444303,0
444304,0
444305,0
444306,0
444307,0
444308,0
444309,0
444310,0
444311,0
444312,0
444313,0
444314,0
444315,0
444316,0
444317,0
444318,0
444319,0
444320,0
444321,0
444322,0
444323,0
444324,0
444325,0
444326,0
444327,0
444328,0
444329,0
444330,0
444331,0
444332,0
444333,0
444334,0
444335,0
444336,0
444337,0
444338,0
444339,0
444340,0
444341,0
444342,0
444343,0
444344,0
444345,0
444346,0
444347,0
444348,0
444349,0
444350,0
444351,0
444352,0
444353,0
444354,0
444355,0
444356,0
444357,0
444358,0
444359,0
444360,0
444361,0
444362,0
444363,0
444364,0
444365,0
444366,0
444367,0
444368,0
444369,0
444370,0
444371,0
444372,0
444373,0
444374,0
444375,0
444376,0
444377,0
444378,0
444379,0
444380,0
444381,0
444382,0
444383,0
444384,0
444385,0
444386,0
444387,0
444388,0
444389,0
444390,0
444391,0
444392,0
444393,0
444394,0
444395,0
444396,0
444397,1
444398,0
444399,0
444400,0
444401,0
444402,0
444403,0
444404,0
444405,0
444406,0
444407,0
444408,0
444409,0
444410,0
444411,0
444412,0
444413,0
444414,0
444415,0
444416,0
444417,0
444418,0
444419,0
444420,0
444421,0
444422,0
444423,0
444424,0
444425,0
444426,0
444427,0
444428,0
444429,0
444430,0
444431,0
444432,0
444433,0
444434,0
444435,0
444436,0
444437,0
444438,0
444439,0
444440,0
444441,0
444442,0
444443,0
444444,0
444445,0
444446,0
444447,0
444448,0
444449,0
444450,0
444451,0
444452,0
444453,0
444454,0
444455,0
444456,0
444457,0
444458,0
444459,0
444460,0
444461,1
444462,0
444463,0
444464,0
444465,0
444466,0
444467,0
444468,0
444469,0
444470,0
444471,0
444472,0
444473,0
444474,0
444475,0
444476,0
444477,0
444478,0
444479,0
444480,0
444481,0
444482,0
444483,0
444484,0
444485,0
444486,0
444487,0
444488,0
444489,0
444490,0
444491,0
444492,0
444493,0
444494,0
444495,0
444496,0
444497,0
444498,0
444499,0
444500,0
444501,0
444502,0
444503,0
444504,0
444505,0
444506,0
444507,0
444508,0
444509,0
444510,0
444511,0
444512,0
444513,0
444514,0
444515,0
444516,0
444517,0
444518,0
444519,0
444520,0
444521,0
444522,0
444523,0
444524,0
444525,0
444526,0
444527,0
444528,0
444529,0
444530,0
444531,0
444532,0
444533,0
444534,0
444535,0
444536,1
444537,0
444538,0
444539,0
444540,0
444541,0
444542,0
444543,0
444544,0
444545,0
444546,0
444547,0
444548,0
444549,0
444550,0
444551,0
444552,0
444553,0
444554,0
444555,0
444556,0
444557,0
444558,0
444559,0
444560,0
444561,0
444562,0
444563,0
444564,0
444565,0
444566,0
444567,0
444568,0
444569,0
444570,0
444571,2
444572,0
444573,0
444574,0
444575,0
444576,0
444577,0
444578,0
444579,0
444580,0
444581,0
444582,0
444583,0
444584,0
444585,0
444586,0
444587,0
444588,0
444589,0
444590,1
444591,0
444592,0
444593,0
444594,0
444595,0
444596,0
444597,0
444598,0
444599,0
444600,0
444601,0
444602,0
444603,0
444604,0
444605,1
444606,0
444607,0
444608,0
444609,0
444610,0
444611,0
444612,0
444613,0
444614,0
444615,0
444616,0
444617,0
444618,0
444619,0
444620,0
444621,0
444622,0
444623,0
444624,0
444625,0
444626,0
444627,0
444628,0
444629,0
444630,0
444631,0
444632,0
444633,0
444634,0
444635,0
444636,0
444637,0
444638,0
444639,0
444640,0
444641,0
444642,0
444643,0
444644,0
444645,0
444646,0
444647,0
444648,0
444649,0
444650,0
444651,0
444652,0
444653,0
444654,0
444655,0
444656,0
444657,0
444658,0
444659,0
444660,0
444661,0
444662,0
444663,0
444664,0
444665,0
444666,0
444667,1
444668,0
444669,0
444670,0
444671,0
444672,0
444673,0
444674,0
444675,0
444676,0
444677,0
444678,0
444679,0
444680,0
444681,0
444682,0
444683,0
444684,0
444685,0
444686,0
444687,0
444688,0
444689,0
444690,0
444691,0
444692,0
444693,1
444694,0
444695,0
444696,0
444697,0
444698,0
444699,0
444700,0
444701,0
444702,0
444703,0
444704,0
444705,0
444706,0
444707,0
444708,1
444709,0
444710,0
444711,0
444712,0
444713,0
444714,0
444715,0
444716,0
444717,0
444718,0
444719,0
444720,0
444721,0
444722,0
444723,0
444724,0
444725,0
444726,0
444727,0
444728,0
444729,0
444730,0
444731,0
444732,0
444733,0
444734,0
444735,0
444736,0
444737,0
444738,0
444739,0
444740,0
444741,0
444742,0
444743,0
444744,0
444745,0
444746,0
444747,0
444748,0
444749,0
444750,0
444751,0
444752,0
444753,0
444754,0
444755,0
444756,0
444757,0
444758,0
444759,0
444760,0
444761,0
444762,0
444763,0
444764,0
444765,0
444766,0
444767,0
444768,0
444769,0
444770,0
444771,0
444772,0
444773,0
444774,0
444775,0
444776,0
444777,0
444778,0
444779,0
444780,0
444781,0
444782,0
444783,0
444784,0
444785,0
444786,0
444787,0
444788,0
444789,0
444790,0
444791,0
444792,0
444793,0
444794,0
444795,0
444796,0
444797,0
444798,0
444799,1
444800,0
444801,0
444802,0
444803,0
444804,0
444805,0
444806,0
444807,0
444808,0
444809,0
444810,0
444811,0
444812,0
444813,0
444814,0
444815,0
444816,0
444817,0
444818,0
444819,0
444820,0
444821,0
444822,0
444823,0
444824,0
444825,0
444826,0
444827,0
444828,0
444829,0
444830,0
444831,0
444832,0
444833,0
444834,1
444835,0
444836,0
444837,0
444838,0
444839,0
444840,0
444841,0
444842,0
444843,0
444844,0
444845,0
444846,0
444847,8
444848,0
444849,0
444850,0
444851,0
444852,0
444853,0
444854,0
444855,0
444856,0
444857,0
444858,0
444859,0
444860,0
444861,0
444862,0
444863,0
444864,0
444865,0
444866,0
444867,0
444868,0
444869,0
444870,0
444871,7
444872,0
444873,9
444874,0
444875,0
444876,0
444877,0
444878,0
444879,0
444880,0
444881,0
444882,0
444883,0
444884,0
444885,0
444886,0
444887,0
444888,0
444889,0
444890,0
444891,0
444892,0
444893,4
444894,0
444895,0
444896,0
444897,0
444898,0
444899,0
444900,0
444901,0
444902,0
444903,4
444904,0
444905,0
444906,0
444907,0
444908,0
444909,0
444910,0
444911,0
444912,0
444913,0
444914,0
444915,0
444916,0
444917,1
444918,0
444919,0
444920,0
444921,0
444922,0
444923,0
444924,0
444925,0
444926,0
444927,0
444928,0
444929,0
444930,0
444931,0
444932,0
444933,0
444934,0
444935,0
444936,0
444937,0
444938,0
444939,0
444940,4
444941,0
444942,0
444943,0
444944,0
444945,0
444946,0
444947,3
444948,1
444949,0
444950,0
444951,0
444952,0
444953,0
444954,0
444955,0
444956,0
444957,0
444958,0
444959,0
444960,0
444961,0
444962,0
444963,0
444964,0
444965,0
444966,0
444967,0
444968,0
444969,0
444970,0
444971,0
444972,0
444973,5
444974,0
444975,7
444976,0
444977,5
444978,0
444979,5
444980,0
444981,0
444982,0
444983,0
444984,5
444985,0
444986,0
444987,0
444988,0
444989,0
444990,0
444991,0
444992,0
444993,0
444994,0
444995,0
444996,0
444997,0
444998,0
444999,0
445000,3
445001,0
445002,0
445003,1
445004,0
445005,0
445006,0
445007,0
445008,0
445009,0
445010,0
445011,0
445012,0
445013,0
445014,0
445015,0
445016,0
445017,0
445018,0
445019,0
445020,0
445021,0
445022,0
445023,0
445024,0
445025,0
445026,3
445027,8
445028,7
445029,0
445030,0
445031,0
445032,0
445033,0
445034,0
445035,0
445036,0
445037,4
445038,0
445039,0
445040,0
445041,0
445042,4
445043,3
445044,0
445045,0
445046,0
445047,0
445048,0
445049,0
445050,0
445051,0
445052,0
445053,0
445054,0
445055,0
445056,2
445057,0
445058,0
445059,0
445060,0
445061,0
445062,8
445063,0
445064,0
445065,0
445066,0
445067,7
445068,0
445069,0
445070,0
445071,0
445072,0
445073,0
445074,0
445075,0
445076,0
445077,0
445078,0
445079,0
445080,0
445081,4
445082,0
445083,6
445084,0
445085,0
445086,0
445087,0
445088,0
445089,0
445090,0
445091,0
445092,6
445093,0
445094,0
445095,0
445096,0
445097,0
445098,0
445099,0
445100,0
445101,0
445102,5
445103,0
445104,0
445105,0
445106,0
445107,0
445108,2
445109,0
445110,0
445111,0
445112,7
445113,0
445114,0
445115,10
445116,0
445117,0
445118,0
445119,0
445120,0
445121,0
445122,0
445123,0
445124,0
445125,0
445126,0
445127,7
445128,0
445129,0
445130,0
445131,0
445132,0
445133,0
445134,7
445135,0
445136,0
445137,0
445138,0
445139,0
445140,0
445141,0
445142,0
445143,0
445144,0
445145,3
445146,0
445147,0
445148,0
445149,5
445150,3
445151,0
445152,0
445153,0
445154,3
445155,0
445156,0
445157,4
445158,0
445159,5
445160,0
445161,0
445162,0
445163,0
445164,5
445165,0
445166,0
445167,0
445168,0
445169,0
445170,0
445171,0
445172,0
445173,9
445174,0
445175,0
445176,0
445177,0
445178,0
445179,0
445180,0
445181,0
445182,0
445183,0
445184,0
445185,0
445186,4
445187,0
445188,0
445189,0
445190,0
445191,0
445192,0
445193,0
445194,0
445195,0
445196,0
445197,0
445198,0
445199,0
445200,0
445201,0
445202,0
445203,0
445204,5
445205,0
445206,0
445207,0
445208,0
445209,0
445210,0
445211,2
445212,0
445213,6
445214,0
445215,0
445216,0
445217,0
445218,0
445219,0
445220,0
445221,3
445222,0
445223,0
445224,0
445225,0
445226,0
445227,0
445228,5
445229,0
445230,0
445231,0
445232,3
445233,0
445234,0
445235,0
445236,5
445237,0
445238,0
445239,0
445240,0
445241,0
445242,0
445243,0
445244,0
445245,0
445246,0
445247,0
445248,0
445249,0
445250,3
445251,5
445252,0
445253,0
445254,0
445255,8
445256,4
445257,0
445258,0
445259,0
445260,0
445261,0
445262,0
445263,0
445264,6
445265,0
445266,7
445267,0
445268,0
445269,0
445270,0
445271,0
445272,0
445273,0
445274,0
445275,0
445276,0
445277,0
445278,0
445279,0
445280,0
445281,0
445282,5
445283,0
445284,0
445285,0
445286,0
445287,1
445288,0
445289,0
445290,0
445291,0
445292,0
445293,3
445294,0
445295,0
445296,0
445297,0
445298,5
445299,0
445300,0
445301,0
445302,0
445303,0
445304,0
445305,0
445306,0
445307,0
445308,0
445309,0
445310,0
445311,0
445312,0
445313,3
445314,0
445315,0
445316,0
445317,0
445318,5
445319,0
445320,0
445321,0
445322,0
445323,7
445324,0
445325,0
445326,0
445327,0
445328,0
445329,0
445330,0
445331,0
445332,0
445333,0
445334,0
445335,0
445336,0
445337,0
445338,0
445339,0
445340,0
445341,0
445342,0
445343,0
445344,0
445345,0
445346,0
445347,0
445348,0
445349,0
445350,0
445351,0
445352,9
445353,0
445354,0
445355,7
445356,1
445357,0
445358,0
445359,0
445360,0
445361,0
445362,0
445363,0
445364,0
445365,4
445366,7
445367,0
445368,0
445369,3
445370,0
445371,0
445372,0
445373,0
445374,4
445375,3
445376,0
445377,0
445378,0
445379,0
445380,0
445381,0
445382,0
445383,0
445384,0
445385,0
445386,0
445387,0
445388,0
445389,0
445390,0
445391,0
445392,0
445393,0
445394,0
445395,0
445396,0
445397,4
445398,0
445399,0
445400,0
445401,0
445402,0
445403,0
445404,0
445405,0
445406,0
445407,0
445408,0
445409,0
445410,0
445411,0
445412,0
445413,8
445414,0
445415,0
445416,0
445417,2
445418,0
445419,0
445420,0
445421,0
445422,0
445423,0
445424,7
445425,0
445426,0
445427,0
445428,0
445429,0
445430,0
445431,0
445432,0
445433,0
445434,0
445435,2
445436,0
445437,0
445438,0
445439,0
445440,0
445441,0
445442,0
445443,0
445444,0
445445,0
445446,0
445447,0
445448,0
445449,0
445450,0
445451,0
445452,0
445453,0
445454,0
445455,4
445456,0
445457,2
445458,0
445459,0
445460,0
445461,0
445462,0
445463,0
445464,0
445465,0
445466,0
445467,3
445468,0
445469,0
445470,0
445471,0
445472,0
445473,0
445474,5
445475,0
445476,0
445477,0
445478,0
445479,0
445480,0
445481,0
445482,0
445483,0
445484,0
445485,0
445486,0
445487,0
445488,0
445489,0
445490,0
445491,0
445492,0
445493,0
445494,5
445495,4
445496,0
445497,6
445498,0
445499,0
445500,0
445501,0
445502,0
445503,0
445504,0
445505,0
445506,0
445507,0
445508,6
445509,0
445510,0
445511,0
445512,0
445513,0
445514,2
445515,0
445516,5
445517,3
445518,0
445519,0
445520,0
445521,0
445522,0
445523,0
445524,0
445525,0
445526,0
445527,0
445528,0
445529,5
445530,0
445531,0
445532,3
445533,0
445534,0
445535,0
445536,0
445537,0
445538,0
445539,0
445540,0
445541,0
445542,0
445543,0
445544,0
445545,0
445546,0
445547,0
445548,0
445549,0
445550,0
445551,4
445552,0
445553,2
445554,0
445555,0
445556,0
445557,0
445558,0
445559,0
445560,0
445561,0
445562,0
445563,0
445564,6
445565,0
445566,0
445567,0
445568,3
445569,0
445570,0
445571,0
445572,0
445573,8
445574,0
445575,0
445576,3
445577,0
445578,0
445579,0
445580,0
445581,0
445582,0
445583,0
445584,5
445585,0
445586,0
445587,0
445588,0
445589,0
445590,0
445591,0
445592,0
445593,0
445594,0
445595,5
445596,0
445597,0
445598,0
445599,0
445600,4
445601,0
445602,0
445603,0
445604,0
445605,2
445606,0
445607,1
445608,0
445609,0
445610,0
445611,0
445612,0
445613,0
445614,3
445615,0
445616,7
445617,6
445618,0
445619,0
445620,0
445621,0
445622,0
445623,0
445624,0
445625,0
445626,0
445627,0
445628,11
445629,7
445630,0
445631,4
445632,0
445633,2
445634,0
445635,0
445636,7
445637,0
445638,0
445639,0
445640,0
445641,0
445642,0
445643,0
445644,0
445645,0
445646,0
445647,0
445648,0
445649,0
445650,0
445651,0
445652,0
445653,0
445654,0
445655,0
445656,0
445657,0
445658,0
445659,0
445660,0
445661,0
445662,8
445663,0
445664,0
445665,0
445666,0
445667,0
445668,0
445669,0
445670,0
445671,0
445672,2
445673,6
445674,5
445675,0
445676,0
445677,0
445678,3
445679,0
445680,0
445681,0
445682,0
445683,0
445684,0
445685,0
445686,0
445687,0
445688,0
445689,0
445690,0
445691,0
445692,0
445693,0
445694,0
445695,0
445696,6
445697,7
445698,0
445699,0
445700,0
445701,0
445702,0
445703,0
445704,0
445705,0
445706,0
445707,0
445708,0
445709,0
445710,0
445711,0
445712,5
445713,0
445714,0
445715,0
445716,0
445717,0
445718,0
445719,0
445720,0
445721,0
445722,0
445723,0
445724,0
445725,4
445726,0
445727,0
445728,0
445729,0
445730,0
445731,0
445732,3
445733,0
445734,0
445735,0
445736,0
445737,0
445738,13
445739,0
445740,0
445741,0
445742,3
445743,0
445744,5
445745,0
445746,0
445747,5
445748,0
445749,0
445750,0
445751,0
445752,0
445753,0
445754,0
445755,0
445756,0
445757,0
445758,0
445759,0
445760,0
445761,0
445762,0
445763,0
445764,0
445765,0
445766,9
445767,0
445768,0
445769,0
445770,0
445771,0
445772,0
445773,0
445774,0
445775,0
445776,0
445777,0
445778,0
445779,0
445780,0
445781,0
445782,0
445783,0
445784,0
445785,3
445786,0
445787,0
445788,0
445789,0
445790,0
445791,0
445792,0
445793,0
445794,0
445795,0
445796,0
445797,0
445798,0
445799,0
445800,0
445801,0
445802,0
445803,0
445804,0
445805,0
445806,0
445807,0
445808,0
445809,0
445810,0
445811,0
445812,0
445813,0
445814,0
445815,0
445816,0
445817,0
445818,0
445819,0
445820,0
445821,0
445822,0
445823,17
445824,20
445825,0
445826,0
445827,0
445828,0
445829,0
445830,0
445831,0
445832,0
445833,0
445834,0
445835,0
445836,0
445837,20
445838,0
445839,0
445840,0
445841,16
445842,0
445843,0
445844,0
445845,0
445846,0
445847,22
445848,12
445849,0
445850,25
445851,0
445852,0
445853,0
445854,0
445855,0
445856,0
445857,0
445858,0
445859,0
445860,0
445861,0
445862,0
445863,0
445864,0
445865,12
445866,0
445867,9
445868,19
445869,0
445870,0
445871,0
445872,14
445873,13
445874,20
445875,0
445876,0
445877,0
445878,0
445879,0
445880,0
445881,0
445882,0
445883,0
445884,0
445885,0
445886,0
445887,30
445888,0
445889,0
445890,0
445891,0
445892,16
445893,0
445894,0
445895,0
445896,0
445897,0
445898,0
445899,0
445900,17
445901,0
445902,0
445903,0
445904,16
445905,14
445906,0
445907,0
445908,0
445909,0
445910,0
445911,0
445912,0
445913,0
445914,0
445915,14
445916,0
445917,0
445918,13
445919,0
445920,0
445921,0
445922,0
445923,0
445924,9
445925,27
445926,0
445927,20
445928,0
445929,0
445930,0
445931,16
445932,0
445933,0
445934,0
445935,7
445936,0
445937,0
445938,0
445939,0
445940,0
445941,0
445942,0
445943,0
445944,0
445945,0
445946,0
445947,15
445948,18
445949,16
445950,0
445951,0
445952,0
445953,0
445954,19
445955,0
445956,21
445957,13
445958,0
445959,0
445960,0
445961,0
445962,0
445963,13
445964,0
445965,0
445966,0
445967,0
445968,22
445969,0
445970,0
445971,0
445972,0
445973,0
445974,0
445975,0
445976,0
445977,0
445978,14
445979,0
445980,0
445981,0
445982,0
445983,0
445984,0
445985,0
445986,0
445987,0
445988,0
445989,0
445990,0
445991,0
445992,0
445993,11
445994,0
445995,0
445996,0
445997,0
445998,0
445999,21
446000,0
446001,0
446002,0
446003,0
446004,0
446005,11
446006,0
446007,15
446008,0
446009,0
446010,12
446011,14
446012,0
446013,19
446014,0
446015,0
446016,0
446017,0
446018,0
446019,0
446020,0
446021,0
446022,0
446023,0
446024,0
446025,0
446026,0
446027,0
446028,0
446029,0
446030,0
446031,0
446032,0
446033,0
446034,0
446035,14
446036,0
446037,0
446038,0
446039,0
446040,0
446041,18
446042,0
446043,20
446044,0
446045,0
446046,0
446047,0
446048,0
446049,0
446050,0
446051,0
446052,13
446053,0
446054,0
446055,0
446056,0
446057,0
446058,0
446059,15
446060,0
446061,0
446062,0
446063,0
446064,0
446065,17
446066,0
446067,0
446068,0
446069,0
446070,0
446071,0
446072,0
446073,0
446074,14
446075,0
446076,0
446077,0
446078,0
446079,0
446080,0
446081,0
446082,8
446083,0
446084,0
446085,16
446086,0
446087,0
446088,0
446089,10
446090,0
446091,0
446092,0
446093,0
446094,0
446095,0
446096,0
446097,0
446098,0
446099,0
446100,0
446101,0
446102,0
446103,0
446104,23
446105,0
446106,0
446107,21
446108,0
446109,17
446110,0
446111,0
446112,13
446113,0
446114,15
446115,0
446116,0
446117,0
446118,0
446119,0
446120,0
446121,0
446122,16
446123,0
446124,0
446125,0
446126,0
446127,0
446128,0
446129,0
446130,17
446131,0
446132,0
446133,0
446134,13
446135,9
446136,0
446137,0
446138,0
446139,0
446140,18
446141,0
446142,0
446143,0
446144,0
446145,0
446146,0
446147,13
446148,0
446149,0
446150,0
446151,0
446152,0
446153,0
446154,0
446155,0
446156,0
446157,0
446158,0
446159,0
446160,0
446161,0
446162,0
446163,0
446164,0
446165,0
446166,0
446167,0
446168,0
446169,0
446170,19
446171,23
446172,0
446173,0
446174,0
446175,0
446176,0
446177,0
446178,0
446179,0
446180,0
446181,9
446182,0
446183,0
446184,9
446185,0
446186,0
446187,0
446188,0
446189,0
446190,19
446191,0
446192,11
446193,23
446194,0
446195,0
446196,0
446197,0
446198,0
446199,0
446200,0
446201,0
446202,0
446203,0
446204,0
446205,0
446206,0
446207,0
446208,0
446209,0
446210,0
446211,0
446212,15
446213,29
446214,0
446215,15
446216,0
446217,0
446218,0
446219,15
446220,20
446221,0
446222,0
446223,0
446224,9
446225,0
446226,0
446227,0
446228,0
446229,0
446230,0
446231,0
446232,0
446233,0
446234,0
446235,0
446236,12
446237,0
446238,0
446239,0
446240,0
446241,0
446242,0
446243,0
446244,0
446245,0
446246,0
446247,0
446248,0
446249,0
446250,0
446251,0
446252,19
446253,0
446254,0
446255,0
446256,0
446257,0
446258,0
446259,0
446260,0
446261,0
446262,13
446263,0
446264,0
446265,0
446266,0
446267,0
446268,0
446269,0
446270,0
446271,0
446272,0
446273,0
446274,0
446275,0
446276,15
446277,0
446278,16
446279,0
446280,0
446281,0
446282,0
446283,0
446284,0
446285,0
446286,0
446287,11
446288,0
446289,0
446290,0
446291,0
446292,0
446293,19
446294,0
446295,0
446296,0
446297,0
446298,0
446299,0
446300,14
446301,0
446302,0
446303,0
446304,0
446305,0
446306,0
446307,0
446308,0
446309,0
446310,0
446311,0
446312,0
446313,0
446314,0
446315,0
446316,0
446317,0
446318,9
446319,0
446320,0
446321,16
446322,0
446323,0
446324,0
446325,0
446326,0
446327,0
446328,0
446329,0
446330,0
446331,0
446332,0
446333,0
446334,0
446335,0
446336,0
446337,0
446338,0
446339,0
446340,14
446341,0
446342,0
446343,16
446344,0
446345,0
446346,0
446347,0
446348,0
446349,0
446350,14
446351,0
446352,0
446353,0
446354,33
446355,0
446356,0
446357,0
446358,0
446359,0
446360,0
446361,0
446362,0
446363,0
446364,0
446365,0
446366,0
446367,0
446368,22
446369,0
446370,0
446371,0
446372,0
446373,0
446374,0
446375,0
446376,0
446377,0
446378,0
446379,0
446380,0
446381,0
446382,0
446383,0
446384,0
446385,0
446386,21
446387,18
446388,0
446389,12
446390,0
446391,0
446392,0
446393,15
446394,0
446395,0
446396,11
446397,0
446398,0
446399,0
446400,0
446401,0
446402,0
446403,0
446404,0
446405,0
446406,0
446407,0
446408,0
446409,0
446410,0
446411,0
446412,0
446413,16
446414,0
446415,0
446416,0
446417,17
446418,0
446419,0
446420,0
446421,0
446422,0
446423,0
446424,0
446425,0
446426,0
446427,0
446428,0
446429,0
446430,0
446431,0
446432,0
446433,0
446434,0
446435,0
446436,0
446437,0
446438,17
446439,0
446440,0
446441,0
446442,0
446443,0
446444,0
446445,0
446446,0
446447,15
446448,0
446449,0
446450,0
446451,0
446452,0
446453,0
446454,0
446455,0
446456,0
446457,0
446458,0
446459,0
446460,0
446461,0
446462,0
446463,0
446464,0
446465,0
446466,0
446467,0
446468,0
446469,0
446470,0
446471,0
446472,13
446473,0
446474,0
446475,0
446476,0
446477,0
446478,0
446479,0
446480,0
446481,0
446482,0
446483,0
446484,0
446485,0
446486,0
446487,0
446488,0
446489,0
446490,0
446491,17
446492,0
446493,0
446494,0
446495,15
446496,0
446497,0
446498,0
446499,7
446500,0
446501,0
446502,0
446503,0
446504,13
446505,0
446506,0
446507,0
446508,18
446509,0
446510,0
446511,0
446512,0
446513,0
446514,0
446515,0
446516,0
446517,0
446518,0
446519,0
446520,0
446521,0
446522,0
446523,0
446524,0
446525,0
446526,21
446527,23
446528,0
446529,0
446530,0
446531,0
446532,0
446533,17
446534,13
446535,0
446536,20
446537,0
446538,0
446539,0
446540,0
446541,14
446542,6
446543,0
446544,0
446545,0
446546,0
446547,0
446548,0
446549,0
446550,0
446551,0
446552,0
446553,39
446554,24
446555,36
446556,37
446557,0
446558,0
446559,0
446560,0
446561,27
446562,0
446563,0
446564,0
446565,24
446566,0
446567,0
446568,33
446569,0
446570,27
446571,0
446572,0
446573,0
446574,26
446575,28
446576,26
446577,0
446578,0
446579,27
446580,0
446581,0
446582,34
446583,27
446584,0
446585,0
446586,24
446587,0
446588,0
446589,35
446590,23
446591,0
446592,0
446593,16
446594,23
446595,0
446596,0
446597,0
446598,0
446599,0
446600,21
446601,0
446602,9
446603,0
446604,0
446605,0
446606,0
446607,0
446608,37
446609,0
446610,32
446611,0
446612,0
446613,0
446614,28
446615,15
446616,0
446617,0
446618,0
446619,0
446620,0
446621,0
446622,0
446623,0
446624,32
446625,29
446626,0
446627,0
446628,0
446629,0
446630,0
446631,0
446632,0
446633,0
446634,0
446635,30
446636,0
446637,0
446638,0
446639,0
446640,36
446641,0
446642,0
446643,0
446644,33
446645,0
446646,39
446647,0
446648,0
446649,34
446650,32
446651,28
446652,0
446653,24
446654,0
446655,0
446656,0
446657,0
446658,0
446659,0
446660,0
446661,0
446662,0
446663,0
446664,18
446665,0
446666,0
446667,0
446668,0
446669,40
446670,0
446671,31
446672,0
446673,0
446674,33
446675,0
446676,0
446677,0
446678,0
446679,0
446680,0
446681,0
446682,0
446683,0
446684,0
446685,50
446686,23
446687,0
446688,0
446689,0
446690,36
446691,37
446692,26
446693,0
446694,0
446695,41
446696,0
446697,0
446698,0
446699,0
446700,0
446701,0
446702,0
446703,22
446704,0
446705,30
446706,0
446707,0
446708,0
446709,28
446710,28
446711,0
446712,0
446713,26
446714,0
446715,34
446716,0
446717,0
446718,0
446719,0
446720,0
446721,0
446722,0
446723,20
446724,0
446725,30
446726,0
446727,0
446728,0
446729,0
446730,0
446731,0
446732,0
446733,28
446734,0
446735,19
446736,0
446737,0
446738,30
446739,0
446740,0
446741,28
446742,0
446743,18
446744,0
446745,33
446746,0
446747,0
446748,0
446749,0
446750,0
446751,0
446752,0
446753,0
446754,29
446755,0
446756,34
446757,0
446758,0
446759,0
446760,0
446761,0
446762,0
446763,0
446764,0
446765,0
446766,0
446767,0
446768,0
446769,24
446770,0
446771,0
446772,0
446773,0
446774,33
446775,0
446776,24
446777,0
446778,0
446779,0
446780,0
446781,0
446782,0
446783,0
446784,0
446785,0
446786,0
446787,0
446788,36
446789,39
446790,36
446791,0
446792,20
446793,0
446794,0
446795,23
446796,0
446797,39
446798,20
446799,0
446800,0
446801,0
446802,25
446803,0
446804,0
446805,23
446806,0
446807,0
446808,0
446809,0
446810,0
446811,0
446812,0
446813,0
446814,36
446815,0
446816,0
446817,0
446818,0
446819,0
446820,20
446821,0
446822,29
446823,28
446824,0
446825,0
446826,0
446827,0
446828,0
446829,0
446830,20
446831,0
446832,0
446833,0
446834,0
446835,29
446836,0
446837,0
446838,0
446839,0
446840,33
446841,0
446842,0
446843,0
446844,0
446845,0
446846,0
446847,0
446848,0
446849,19
446850,0
446851,0
446852,0
446853,27
446854,19
446855,0
446856,27
446857,33
446858,32
446859,35
446860,0
446861,0
446862,24
446863,24
446864,33
446865,22
446866,0
446867,19
446868,35
446869,0
446870,0
446871,31
446872,0
446873,0
446874,0
446875,24
446876,0
446877,0
446878,0
446879,25
446880,27
446881,34
446882,0
446883,25
446884,0
446885,0
446886,0
446887,0
446888,28
446889,24
446890,31
446891,0
446892,24
446893,29
446894,0
446895,0
446896,29
446897,0
446898,0
446899,0
446900,0
446901,0
446902,0
446903,0
446904,26
446905,0
446906,0
446907,20
446908,0
446909,0
446910,0
446911,29
446912,30
446913,0
446914,17
446915,0
446916,0
446917,32
446918,0
446919,32
446920,0
446921,0
446922,32
446923,0
446924,0
446925,0
446926,23
446927,0
446928,0
446929,0
446930,26
446931,0
446932,0
446933,0
446934,0
446935,31
446936,18
446937,0
446938,0
446939,0
446940,0
446941,0
446942,30
446943,0
446944,0
446945,32
446946,0
446947,0
446948,35
446949,0
446950,0
446951,31
446952,0
446953,0
446954,0
446955,0
446956,0
446957,0
446958,30
446959,0
446960,0
446961,0
446962,0
446963,25
446964,0
446965,0
446966,41
446967,0
446968,0
446969,0
446970,34
446971,0
446972,0
446973,22
446974,0
446975,0
446976,0
446977,0
446978,37
446979,38
446980,0
446981,33
446982,0
446983,31
446984,0
446985,0
446986,16
446987,0
446988,36
446989,0
446990,0
446991,0
446992,0
446993,22
446994,0
446995,0
446996,0
446997,21
446998,32
446999,28
447000,23
447001,0
447002,37
447003,34
447004,0
447005,0
447006,0
447007,29
447008,0
447009,0
447010,0
447011,0
447012,0
447013,0
447014,0
447015,0
447016,0
447017,0
447018,0
447019,25
447020,0
447021,0
447022,0
447023,0
447024,0
447025,0
447026,0
447027,0
447028,0
447029,0
447030,20
447031,0
447032,0
447033,0
447034,0
447035,0
447036,0
447037,33
447038,0
447039,0
447040,0
447041,0
447042,0
447043,0
447044,0
447045,0
447046,0
447047,0
447048,0
447049,0
447050,32
447051,28
447052,0
447053,0
447054,0
447055,30
447056,0
447057,0
447058,0
447059,0
447060,0
447061,0
447062,0
447063,0
447064,0
447065,26
447066,0
447067,23
447068,23
447069,0
447070,30
447071,0
447072,27
447073,22
447074,0
447075,31
447076,0
447077,0
447078,27
447079,0
447080,0
447081,0
447082,0
447083,0
447084,0
447085,0
447086,0
447087,0
447088,0
447089,28
447090,0
447091,0
447092,0
447093,0
447094,32
447095,0
447096,0
447097,0
447098,39
447099,34
447100,0
447101,24
447102,28
447103,0
447104,0
447105,0
447106,16
447107,0
447108,0
447109,0
447110,0
447111,34
447112,0
447113,0
447114,0
447115,0
447116,0
447117,27
447118,0
447119,0
447120,0
447121,31
447122,29
447123,0
447124,0
447125,0
447126,0
447127,0
447128,0
447129,0
447130,33
447131,28
447132,0
447133,0
447134,0
447135,36
447136,0
447137,24
447138,0
447139,0
447140,30
447141,0
447142,0
447143,22
447144,0
447145,0
447146,0
447147,38
447148,34
447149,0
447150,28
447151,0
447152,32
447153,30
447154,0
447155,0
447156,0
447157,0
447158,0
447159,0
447160,0
447161,0
447162,0
447163,0
447164,29
447165,0
447166,28
447167,21
447168,32
447169,38
447170,20
447171,0
447172,0
447173,39
447174,0
447175,32
447176,0
447177,0
447178,0
447179,0
447180,0
447181,0
447182,0
447183,22
447184,40
447185,0
447186,0
447187,15
447188,0
447189,0
447190,0
447191,41
447192,44
447193,22
447194,0
447195,0
447196,0
447197,29
447198,0
447199,0
447200,0
447201,0
447202,0
447203,0
447204,0
447205,0
447206,0
447207,0
447208,0
447209,0
447210,0
447211,0
447212,20
447213,0
447214,36
447215,0
447216,0
447217,25
447218,0
447219,0
447220,0
447221,0
447222,0
447223,23
447224,0
447225,32
447226,0
447227,0
447228,0
447229,0
447230,0
447231,0
447232,0
447233,0
447234,0
447235,0
447236,19
447237,0
447238,25
447239,0
447240,0
447241,27
447242,0
447243,17
447244,0
447245,0
447246,19
447247,16
447248,0
447249,27
447250,0
447251,25
447252,25
447253,0
447254,0
447255,25
447256,34
447257,0
447258,0
447259,0
447260,0
447261,0
447262,0
447263,32
447264,21
447265,17
447266,23
447267,34
447268,0
447269,32
447270,0
447271,30
447272,0
447273,0
447274,0
447275,0
447276,0
447277,0
447278,0
447279,0
447280,0
447281,28
447282,0
447283,41
447284,0
447285,23
447286,0
447287,0
447288,0
447289,0
447290,29
447291,0
447292,0
447293,29
447294,0
447295,0
447296,0
447297,0
447298,12
447299,0
447300,0
447301,20
447302,21
447303,0
447304,0
447305,0
447306,0
447307,0
447308,0
447309,0
447310,0
447311,26
447312,38
447313,0
447314,26
447315,20
447316,0
447317,0
447318,0
447319,0
447320,0
447321,35
447322,0
447323,0
447324,0
447325,18
447326,0
447327,0
447328,26
447329,36
447330,0
447331,0
447332,46
447333,0
447334,0
447335,22
447336,0
447337,0
447338,0
447339,0
447340,0
447341,0
447342,0
447343,0
447344,0
447345,30
447346,0
447347,22
447348,0
447349,33
447350,23
447351,25
447352,0
447353,0
447354,0
447355,0
447356,27
447357,0
447358,0
447359,0
447360,0
447361,21
447362,0
447363,29
447364,0
447365,0
447366,0
447367,0
447368,0
447369,0
447370,0
447371,0
447372,23
447373,0
447374,38
447375,30
447376,0
447377,28
447378,29
447379,0
447380,0
447381,0
447382,49
447383,0
447384,0
447385,20
447386,0
447387,0
447388,0
447389,0
447390,0
447391,0
447392,25
447393,0
447394,35
447395,0
447396,0
447397,14
447398,28
447399,0
447400,0
447401,25
447402,32
447403,0
447404,0
447405,0
447406,0
447407,0
447408,0
447409,28
447410,30
447411,0
447412,33
447413,0
447414,0
447415,0
447416,0
447417,0
447418,0
447419,0
447420,0
447421,0
447422,0
447423,0
447424,0
447425,28
447426,29
447427,0
447428,0
447429,0
447430,0
447431,0
447432,34
447433,0
447434,16
447435,0
447436,0
447437,0
447438,16
447439,34
447440,0
447441,0
447442,31
447443,36
447444,0
447445,0
447446,0
447447,17
447448,24
447449,0
447450,0
447451,0
447452,0
447453,0
447454,0
447455,27
447456,23
447457,0
447458,33
447459,30
447460,0
447461,0
447462,0
447463,24
447464,0
447465,0
447466,29
447467,0
447468,0
447469,19
447470,0
447471,0
447472,29
447473,0
447474,31
447475,0
447476,0
447477,0
447478,33
447479,0
447480,0
447481,0
447482,0
447483,0
447484,0
447485,0
447486,0
447487,0
447488,27
447489,30
447490,0
447491,0
447492,0
447493,0
447494,0
447495,0
447496,0
447497,0
447498,0
447499,0
447500,0
447501,30
447502,0
447503,0
447504,0
447505,0
447506,0
447507,0
447508,0
447509,0
447510,25
447511,36
447512,0
447513,0
447514,0
447515,0
447516,0
447517,0
447518,0
447519,0
447520,29
447521,32
447522,0
447523,0
447524,0
447525,32
447526,0
447527,26
447528,0
447529,0
447530,32
447531,34
447532,0
447533,0
447534,20
447535,0
447536,0
447537,0
447538,0
447539,0
447540,0
447541,23
447542,0
447543,0
447544,0
447545,0
447546,0
447547,0
447548,5
447549,0
447550,0
447551,0
447552,0
447553,0
447554,0
447555,0
447556,7
447557,0
447558,7
447559,0
447560,0
447561,0
447562,0
447563,0
447564,0
447565,5
447566,0
447567,5
447568,0
447569,0
447570,7
447571,0
447572,0
447573,0
447574,12
447575,0
447576,0
447577,0
447578,14
447579,0
447580,0
447581,8
447582,0
447583,0
447584,0
447585,0
447586,0
447587,0
447588,0
447589,0
447590,0
447591,0
447592,0
447593,0
447594,0
447595,0
447596,0
447597,6
447598,10
447599,0
447600,0
447601,0
447602,0
447603,0
447604,0
447605,0
447606,7
447607,0
447608,0
447609,5
447610,9
447611,0
447612,3
447613,0
447614,0
447615,0
447616,6
447617,0
447618,0
447619,0
447620,0
447621,7
447622,0
447623,0
447624,0
447625,0
447626,0
447627,0
447628,0
447629,0
447630,0
447631,0
447632,0
447633,0
447634,15
447635,0
447636,5
447637,9
447638,8
447639,0
447640,0
447641,0
447642,0
447643,0
447644,0
447645,0
447646,0
447647,0
447648,0
447649,10
447650,0
447651,0
447652,0
447653,0
447654,0
447655,0
447656,8
447657,0
447658,0
447659,0
447660,0
447661,0
447662,0
447663,0
447664,0
447665,0
447666,0
447667,0
447668,9
447669,0
447670,14
447671,10
447672,0
447673,0
447674,0
447675,0
447676,0
447677,0
447678,6
447679,6
447680,8
447681,7
447682,7
447683,0
447684,0
447685,9
447686,0
447687,0
447688,0
447689,0
447690,0
447691,0
447692,0
447693,6
447694,0
447695,0
447696,0
447697,0
447698,11
447699,0
447700,4
447701,0
447702,10
447703,0
447704,7
447705,9
447706,6
447707,0
447708,6
447709,0
447710,0
447711,0
447712,0
447713,0
447714,0
447715,0
447716,0
447717,0
447718,0
447719,0
447720,0
447721,12
447722,0
447723,14
447724,0
447725,0
447726,0
447727,0
447728,0
447729,0
447730,0
447731,0
447732,0
447733,4
447734,0
447735,0
447736,0
447737,0
447738,0
447739,0
447740,0
447741,0
447742,0
447743,0
447744,0
447745,0
447746,10
447747,0
447748,12
447749,0
447750,0
447751,0
447752,0
447753,0
447754,0
447755,0
447756,0
447757,0
447758,0
447759,8
447760,0
447761,0
447762,0
447763,0
447764,0
447765,0
447766,4
447767,0
447768,9
447769,4
447770,0
447771,0
447772,0
447773,0
447774,7
447775,0
447776,0
447777,0
447778,0
447779,0
447780,0
447781,0
447782,8
447783,0
447784,0
447785,8
447786,0
447787,0
447788,0
447789,0
447790,8
447791,0
447792,0
447793,9
447794,0
447795,7
447796,0
447797,0
447798,2
447799,0
447800,0
447801,0
447802,4
447803,0
447804,0
447805,0
447806,0
447807,5
447808,0
447809,0
447810,0
447811,0
447812,5
447813,0
447814,0
447815,0
447816,0
447817,0
447818,0
447819,0
447820,0
447821,0
447822,0
447823,0
447824,0
447825,0
447826,6
447827,0
447828,0
447829,0
447830,0
447831,0
447832,7
447833,0
447834,0
447835,0
447836,0
447837,0
447838,9
447839,0
447840,0
447841,0
447842,0
447843,7
447844,0
447845,0
447846,0
447847,0
447848,0
447849,0
447850,0
447851,0
447852,0
447853,0
447854,15
447855,0
447856,0
447857,0
447858,0
447859,0
447860,0
447861,0
447862,0
447863,0
447864,0
447865,0
447866,0
447867,0
447868,0
447869,0
447870,10
447871,7
447872,0
447873,0
447874,8
447875,0
447876,0
447877,0
447878,0
447879,0
447880,0
447881,0
447882,0
447883,10
447884,0
447885,0
447886,0
447887,0
447888,0
447889,0
447890,7
447891,10
447892,0
447893,0
447894,0
447895,7
447896,0
447897,0
447898,9
447899,0
447900,0
447901,0
447902,0
447903,0
447904,0
447905,0
447906,0
447907,0
447908,10
447909,0
447910,0
447911,0
447912,0
447913,0
447914,6
447915,10
447916,0
447917,0
447918,0
447919,0
447920,0
447921,0
447922,0
447923,0
447924,0
447925,0
447926,0
447927,12
447928,0
447929,0
447930,0
447931,0
447932,0
447933,0
447934,0
447935,5
447936,0
447937,9
447938,0
447939,0
447940,0
447941,0
447942,0
447943,0
447944,0
447945,0
447946,16
447947,0
447948,0
447949,0
447950,11
447951,3
447952,0
447953,6
447954,0
447955,0
447956,0
447957,0
447958,0
447959,0
447960,0
447961,4
447962,9
447963,0
447964,0
447965,0
447966,0
447967,0
447968,0
447969,4
447970,5
447971,0
447972,0
447973,9
447974,0
447975,0
447976,0
447977,0
447978,0
447979,7
447980,0
447981,0
447982,8
447983,0
447984,2
447985,0
447986,0
447987,0
447988,0
447989,0
447990,0
447991,0
447992,0
447993,8
447994,0
447995,0
447996,7
447997,0
447998,12
447999,0
448000,0
448001,0
448002,0
448003,0
448004,0
448005,0
448006,0
448007,0
448008,5
448009,0
448010,0
448011,12
448012,0
448013,0
448014,0
448015,0
448016,0
448017,10
448018,0
448019,7
448020,0
448021,0
448022,0
448023,4
448024,0
448025,7
448026,0
448027,0
448028,0
448029,3
448030,0
448031,0
448032,0
448033,0
448034,0
448035,0
448036,0
448037,0
448038,0
448039,8
448040,7
448041,0
448042,0
448043,4
448044,0
448045,0
448046,0
448047,0
448048,0
448049,0
448050,9
448051,0
448052,0
448053,0
448054,12
448055,0
448056,0
448057,0
448058,2
448059,0
448060,0
448061,7
448062,0
448063,0
448064,0
448065,0
448066,13
448067,3
448068,4
448069,6
448070,0
448071,0
448072,0
448073,0
448074,0
448075,0
448076,13
448077,0
448078,0
448079,8
448080,0
448081,0
448082,0
448083,0
448084,0
448085,0
448086,4
448087,0
448088,0
448089,0
448090,0
448091,0
448092,0
448093,0
448094,0
448095,0
448096,0
448097,12
448098,2
448099,0
448100,0
448101,0
448102,0
448103,0
448104,0
448105,0
448106,0
448107,0
448108,4
448109,0
448110,0
448111,10
448112,3
448113,0
448114,5
448115,0
448116,0
448117,0
448118,5
448119,0
448120,0
448121,9
448122,0
448123,13
448124,0
448125,0
448126,0
448127,0
448128,0
448129,9
448130,0
448131,6
448132,0
448133,0
448134,0
448135,0
448136,0
448137,0
448138,10
448139,0
448140,0
448141,0
448142,0
448143,0
448144,0
448145,0
448146,5
448147,0
448148,0
448149,0
448150,9
448151,0
448152,0
448153,0
448154,7
448155,0
448156,6
448157,1
448158,0
448159,6
448160,0
448161,0
448162,0
448163,10
448164,0
448165,0
448166,10
448167,0
448168,0
448169,0
448170,5
448171,0
448172,10
448173,0
448174,0
448175,0
448176,13
448177,0
448178,0
448179,0
448180,0
448181,0
448182,10
448183,0
448184,0
448185,0
448186,0
448187,0
448188,0
448189,0
448190,0
448191,0
448192,0
448193,0
448194,4
448195,0
448196,0
448197,0
448198,0
448199,0
448200,0
448201,0
448202,0
448203,0
448204,0
448205,17
448206,0
448207,0
448208,5
448209,0
448210,0
448211,0
448212,0
448213,0
448214,0
448215,3
448216,0
448217,0
448218,0
448219,0
448220,0
448221,6
448222,0
448223,0
448224,0
448225,0
448226,3
448227,0
448228,0
448229,7
448230,6
448231,0
448232,6
448233,0
448234,0
448235,0
448236,0
448237,7
448238,0
448239,0
448240,0
448241,5
448242,0
448243,0
448244,0
448245,0
448246,0
448247,0
448248,0
448249,0
448250,0
448251,10
448252,0
448253,11
448254,4
448255,0
448256,0
448257,0
448258,0
448259,8
448260,1
448261,4
448262,0
448263,4
448264,3
448265,0
448266,0
448267,5
448268,0
448269,0
448270,0
448271,3
448272,0
448273,0
448274,0
448275,0
448276,5
448277,6
448278,0
448279,3
448280,2
448281,0
448282,2
448283,0
448284,2
448285,0
448286,3
448287,0
448288,0
448289,3
448290,0
448291,0
448292,0
448293,0
448294,0
448295,0
448296,2
448297,1
448298,3
448299,0
448300,3
448301,0
448302,0
448303,0
448304,11
448305,7
448306,0
448307,2
448308,8
448309,0
448310,0
448311,0
448312,0
448313,1
448314,0
448315,0
448316,2
448317,0
448318,4
448319,0
448320,0
448321,7
448322,0
448323,0
448324,0
448325,7
448326,1
448327,4
448328,0
448329,0
448330,0
448331,0
448332,0
448333,0
448334,0
448335,0
448336,0
448337,6
448338,0
448339,0
448340,0
448341,0
448342,8
448343,0
448344,0
448345,9
448346,0
448347,1
448348,0
448349,0
448350,5
448351,0
448352,4
448353,0
448354,3
448355,0
448356,0
448357,0
448358,0
448359,0
448360,0
448361,0
448362,0
448363,0
448364,0
448365,0
448366,0
448367,0
448368,0
448369,0
448370,0
448371,0
448372,0
448373,0
448374,2
448375,2
448376,0
448377,0
448378,3
448379,0
448380,5
448381,0
448382,1
448383,3
448384,0
448385,0
448386,0
448387,0
448388,0
448389,0
448390,0
448391,0
448392,0
448393,9
448394,2
448395,0
448396,6
448397,5
448398,0
448399,0
448400,0
448401,6
448402,3
448403,0
448404,0
448405,4
448406,0
448407,2
448408,0
448409,0
448410,0
448411,0
448412,12
448413,4
448414,0
448415,0
448416,2
448417,0
448418,0
448419,0
448420,0
448421,4
448422,0
448423,0
448424,0
448425,0
448426,0
448427,5
448428,0
448429,0
448430,0
448431,0
448432,0
448433,5
448434,0
448435,6
448436,7
448437,0
448438,2
448439,0
448440,0
448441,2
448442,0
448443,0
448444,0
448445,2
448446,4
448447,0
448448,3
448449,0
448450,0
448451,0
448452,0
448453,0
448454,0
448455,11
448456,0
448457,6
448458,5
448459,6
448460,0
448461,4
448462,3
448463,0
448464,0
448465,0
448466,0
448467,0
448468,0
448469,0
448470,7
448471,6
448472,0
448473,4
448474,0
448475,0
448476,0
448477,0
448478,0
448479,4
448480,0
448481,0
448482,7
448483,0
448484,0
448485,0
448486,0
448487,0
448488,0
448489,0
448490,0
448491,0
448492,0
448493,0
448494,0
448495,0
448496,0
448497,0
448498,0
448499,0
448500,0
448501,0
448502,2
448503,0
448504,0
448505,0
448506,0
448507,1
448508,1
448509,0
448510,1
448511,0
448512,0
448513,0
448514,0
448515,0
448516,0
448517,0
448518,0
448519,0
448520,0
448521,0
448522,0
448523,0
448524,0
448525,0
448526,0
448527,0
448528,0
448529,0
448530,0
448531,0
448532,0
448533,0
448534,0
448535,0
448536,1
448537,0
448538,0
448539,0
448540,0
448541,0
448542,0
448543,0
448544,0
448545,0
448546,0
448547,0
448548,3
448549,0
448550,0
448551,0
448552,0
448553,0
448554,0
448555,0
448556,0
448557,0
448558,0
448559,0
448560,0
448561,0
448562,0
448563,0
448564,0
448565,0
448566,0
448567,0
448568,0
448569,0
448570,0
448571,0
448572,0
448573,0
448574,0
448575,0
448576,0
448577,0
448578,0
448579,0
448580,0
448581,0
448582,0
448583,0
448584,0
448585,0
448586,0
448587,0
448588,0
448589,0
448590,0
448591,0
448592,0
448593,0
448594,0
448595,0
448596,0
448597,0
448598,0
448599,0
448600,2
448601,0
448602,0
448603,0
448604,0
448605,0
448606,1
448607,0
448608,0
448609,0
448610,0
448611,0
448612,0
448613,0
448614,0
448615,0
448616,0
448617,0
448618,1
448619,0
448620,0
448621,0
448622,0
448623,0
448624,0
448625,1
448626,0
448627,2
448628,1
448629,0
448630,0
448631,0
448632,0
448633,0
448634,0
448635,1
448636,0
448637,0
448638,0
448639,0
448640,0
448641,0
448642,0
448643,0
448644,1
448645,0
448646,0
448647,0
448648,1
448649,1
448650,0
448651,0
448652,0
448653,0
448654,0
448655,0
448656,2
448657,0
448658,1
448659,0
448660,0
448661,0
448662,0
448663,0
448664,0
448665,0
448666,1
448667,0
448668,0
448669,0
448670,0
448671,1
448672,0
448673,0
448674,0
448675,0
448676,0
448677,0
448678,1
448679,0
448680,0
448681,0
448682,0
448683,0
448684,0
448685,0
448686,0
448687,0
448688,1
448689,0
448690,1
448691,0
448692,0
448693,1
448694,0
448695,0
448696,0
448697,0
448698,1
448699,0
448700,0
448701,0
448702,0
448703,0
448704,0
448705,0
448706,0
448707,0
448708,0
448709,0
448710,0
448711,0
448712,0
448713,0
448714,0
448715,0
448716,0
448717,0
448718,0
448719,1
448720,0
448721,1
448722,0
448723,0
448724,0
448725,1
448726,0
448727,0
448728,0
448729,0
448730,0
448731,0
448732,0
448733,0
448734,0
448735,0
448736,0
448737,0
448738,0
448739,0
448740,0
448741,0
448742,0
448743,0
448744,0
448745,0
448746,0
448747,0
448748,0
448749,2
448750,0
448751,0
448752,0
448753,0
448754,0
448755,0
448756,0
448757,0
448758,0
448759,0
448760,0
448761,0
448762,0
448763,0
448764,0
448765,0
448766,0
448767,0
448768,0
448769,0
448770,0
448771,0
448772,0
448773,0
448774,0
448775,0
448776,0
448777,0
448778,0
448779,0
448780,0
448781,0
448782,0
448783,0
448784,0
448785,0
448786,0
448787,0
448788,1
448789,0
448790,0
448791,0
448792,0
448793,0
448794,0
448795,0
448796,0
448797,0
448798,0
448799,0
448800,0
448801,0
448802,0
448803,0
448804,0
448805,1
448806,0
448807,0
448808,0
448809,0
448810,1
448811,0
448812,0
448813,0
448814,0
448815,0
448816,0
448817,0
448818,0
448819,0
448820,0
448821,0
448822,0
448823,0
448824,0
448825,0
448826,0
448827,0
448828,1
448829,0
448830,0
448831,0
448832,0
448833,0
448834,0
448835,0
448836,0
448837,0
448838,1
448839,0
448840,0
448841,1
448842,0
448843,0
448844,0
448845,0
448846,2
448847,0
448848,0
448849,0
448850,0
448851,0
448852,0
448853,0
448854,0
448855,0
448856,0
448857,0
448858,1
448859,0
448860,0
448861,0
448862,0
448863,2
448864,0
448865,0
448866,0
448867,0
448868,0
448869,0
448870,1
448871,0
448872,0
448873,0
448874,0
448875,0
448876,0
448877,0
448878,0
448879,1
448880,0
448881,1
448882,0
448883,0
448884,0
448885,0
448886,0
448887,0
448888,0
448889,0
448890,0
448891,0
448892,0
448893,0
448894,0
448895,0
448896,0
448897,0
448898,0
448899,0
448900,0
448901,0
448902,0
448903,0
448904,0
448905,1
448906,0
448907,0
448908,0
448909,0
448910,0
448911,0
448912,0
448913,0
448914,0
448915,0
448916,0
448917,0
448918,0
448919,0
448920,0
448921,0
448922,0
448923,0
448924,0
448925,0
448926,0
448927,0
448928,0
448929,0
448930,0
448931,0
448932,0
448933,0
448934,0
448935,0
448936,0
448937,0
448938,0
448939,0
448940,0
448941,0
448942,0
448943,0
448944,0
448945,0
448946,0
448947,0
448948,0
448949,0
448950,0
448951,0
448952,0
448953,0
448954,0
448955,1
448956,0
448957,0
448958,0
448959,0
448960,0
448961,0
448962,0
448963,0
448964,0
448965,0
448966,0
448967,0
448968,0
448969,0
448970,0
448971,0
448972,0
448973,1
448974,0
448975,1
448976,0
448977,0
448978,0
448979,0
448980,0
448981,0
448982,0
448983,0
448984,0
448985,0
448986,0
448987,0
448988,0
448989,1
448990,0
448991,0
448992,0
448993,0
448994,0
448995,0
448996,0
448997,0
448998,0
448999,0
449000,0
449001,0
449002,0
449003,0
449004,0
449005,0
449006,0
449007,0
449008,0
449009,0
449010,0
449011,0
449012,0
449013,0
449014,0
449015,0
449016,0
449017,0
449018,0
449019,0
449020,0
449021,0
449022,0
449023,0
449024,0
449025,0
449026,0
449027,0
449028,0
449029,0
449030,0
449031,0
449032,0
449033,0
449034,0
449035,0
449036,0
449037,0
449038,0
449039,0
449040,0
449041,0
449042,0
449043,0
449044,0
449045,0
449046,0
449047,0
449048,0
449049,0
449050,0
449051,0
449052,0
449053,0
449054,0
449055,0
449056,0
449057,0
449058,0
449059,0
449060,0
449061,0
449062,0
449063,0
449064,0
449065,0
449066,0
449067,0
449068,0
449069,0
449070,0
449071,0
449072,0
449073,0
449074,0
449075,0
449076,0
449077,0
449078,0
449079,0
449080,0
449081,0
449082,0
449083,0
449084,0
449085,0
449086,0
449087,0
449088,0
449089,0
449090,0
449091,0
449092,0
449093,0
449094,0
449095,0
449096,0
449097,0
449098,0
449099,0
449100,0
449101,0
449102,0
449103,0
449104,0
449105,0
449106,0
449107,0
449108,0
449109,0
449110,0
449111,0
449112,0
449113,0
449114,0
449115,0
449116,0
449117,0
449118,0
449119,0
449120,0
449121,0
449122,0
449123,0
449124,0
449125,0
449126,0
449127,0
449128,0
449129,0
449130,0
449131,0
449132,0
449133,0
449134,0
449135,0
449136,0
449137,0
449138,0
449139,0
449140,0
449141,0
449142,0
449143,0
449144,0
449145,0
449146,0
449147,0
449148,0
449149,0
449150,0
449151,0
449152,0
449153,0
449154,0
449155,0
449156,0
449157,0
449158,0
449159,0
449160,0
449161,0
449162,0
449163,0
449164,0
449165,0
449166,0
449167,0
449168,0
449169,0
449170,0
449171,0
449172,0
449173,0
449174,0
449175,0
449176,0
449177,0
449178,0
449179,0
449180,0
449181,0
449182,0
449183,0
449184,0
449185,0
449186,0
449187,0
449188,0
449189,0
449190,0
449191,0
449192,0
449193,0
449194,0
449195,0
449196,0
449197,0
449198,0
449199,0
449200,0
449201,0
449202,0
449203,0
449204,0
449205,0
449206,0
449207,0
449208,0
449209,0
449210,0
449211,0
449212,0
449213,0
449214,0
449215,0
449216,0
449217,0
449218,0
449219,0
449220,0
449221,0
449222,0
449223,0
449224,0
449225,0
449226,0
449227,0
449228,0
449229,0
449230,0
449231,0
449232,0
449233,0
449234,0
449235,0
449236,0
449237,0
449238,0
449239,0
449240,0
449241,0
449242,0
449243,0
449244,0
449245,0
449246,0
449247,0
449248,0
449249,0
449250,0
449251,0
449252,0
449253,0
449254,0
449255,0
449256,0
449257,0
449258,0
449259,0
449260,0
449261,0
449262,0
449263,0
449264,0
449265,0
449266,0
449267,0
449268,0
449269,0
449270,0
449271,1
449272,0
449273,0
449274,0
449275,0
449276,0
449277,0
449278,0
449279,0
449280,0
449281,1
449282,0
449283,0
449284,0
449285,0
449286,0
449287,0
449288,0
449289,0
449290,0
449291,0
449292,0
449293,0
449294,0
449295,0
449296,0
449297,0
449298,0
449299,0
449300,0
449301,0
449302,0
449303,0
449304,0
449305,0
449306,0
449307,0
449308,0
449309,0
449310,0
449311,0
449312,0
449313,0
449314,0
449315,0
449316,0
449317,0
449318,0
449319,0
449320,0
449321,0
449322,0
449323,0
449324,0
449325,0
449326,0
449327,0
449328,0
449329,0
449330,0
449331,0
449332,0
449333,0
449334,0
449335,0
449336,0
449337,0
449338,0
449339,0
449340,0
449341,0
449342,0
449343,0
449344,0
449345,0
449346,0
449347,0
449348,0
449349,0
449350,0
449351,0
449352,0
449353,0
449354,0
449355,0
449356,0
449357,0
449358,0
449359,0
449360,0
449361,0
449362,0
449363,0
449364,0
449365,0
449366,0
449367,0
449368,0
449369,0
449370,0
449371,0
449372,0
449373,0
449374,0
449375,0
449376,0
449377,0
449378,0
449379,0
449380,0
449381,0
449382,0
449383,0
449384,0
449385,0
449386,0
449387,0
449388,0
449389,0
449390,0
449391,0
449392,0
449393,0
449394,0
449395,0
449396,0
449397,0
449398,0
449399,0
449400,0
449401,0
449402,0
449403,0
449404,0
449405,0
449406,0
449407,0
449408,0
449409,0
449410,0
449411,0
449412,0
449413,0
449414,0
449415,0
449416,0
449417,0
449418,0
449419,0
449420,0
449421,0
449422,0
449423,0
449424,0
449425,0
449426,0
449427,0
449428,0
449429,0
449430,0
449431,0
449432,0
449433,0
449434,0
449435,0
449436,0
449437,0
449438,0
449439,0
449440,0
449441,0
449442,0
449443,0
449444,0
449445,0
449446,0
449447,0
449448,0
449449,0
449450,0
449451,1
449452,0
449453,0
449454,0
449455,0
449456,0
449457,0
449458,0
449459,0
449460,0
449461,0
449462,0
449463,0
449464,0
449465,0
449466,0
449467,0
449468,0
449469,0
449470,0
449471,0
449472,0
449473,0
449474,0
449475,0
449476,0
449477,0
449478,0
449479,0
449480,0
449481,0
449482,0
449483,0
449484,0
449485,0
449486,0
449487,0
449488,0
449489,0
449490,0
449491,0
449492,0
449493,0
449494,0
449495,0
449496,0
449497,0
449498,0
449499,0
449500,0
449501,0
449502,0
449503,0
449504,0
449505,0
449506,0
449507,0
449508,0
449509,0
449510,0
449511,0
449512,0
449513,0
449514,0
449515,0
449516,0
449517,0
449518,0
449519,0
449520,0
449521,0
449522,0
449523,0
449524,0
449525,0
449526,0
449527,0
449528,0
449529,0
449530,0
449531,0
449532,0
449533,0
449534,0
449535,0
449536,0
449537,0
449538,0
449539,0
449540,0
449541,0
449542,0
449543,0
449544,0
449545,0
449546,0
449547,0
449548,0
449549,0
449550,0
449551,0
449552,0
449553,0
449554,0
449555,0
449556,0
449557,0
449558,0
449559,0
449560,0
449561,0
449562,0
449563,0
449564,0
449565,0
449566,0
449567,0
449568,1
449569,0
449570,0
449571,0
449572,0
449573,0
449574,0
449575,0
449576,0
449577,0
449578,0
449579,1
449580,0
449581,0
449582,0
449583,0
449584,0
449585,0
449586,0
449587,0
449588,0
449589,0
449590,0
449591,0
449592,0
449593,0
449594,0
449595,0
449596,0
449597,0
449598,0
449599,0
449600,0
449601,0
449602,1
449603,0
449604,0
449605,0
449606,0
449607,0
449608,0
449609,0
449610,0
449611,0
449612,0
449613,0
449614,0
449615,0
449616,0
449617,0
449618,0
449619,0
449620,0
449621,0
449622,0
449623,0
449624,1
449625,0
449626,0
449627,0
449628,0
449629,0
449630,0
449631,0
449632,0
449633,0
449634,0
449635,0
449636,0
449637,0
449638,0
449639,0
449640,0
449641,0
449642,0
449643,0
449644,0
449645,0
449646,0
449647,0
449648,0
449649,0
449650,0
449651,0
449652,0
449653,0
449654,0
449655,0
449656,0
449657,0
449658,0
449659,0
449660,0
449661,0
449662,0
449663,0
449664,0
449665,0
449666,1
449667,0
449668,8
449669,0
449670,0
449671,0
449672,0
449673,0
449674,0
449675,0
449676,6
449677,3
449678,0
449679,0
449680,0
449681,0
449682,0
449683,0
449684,0
449685,0
449686,0
449687,0
449688,0
449689,0
449690,0
449691,0
449692,0
449693,0
449694,0
449695,4
449696,2
449697,0
449698,0
449699,7
449700,0
449701,0
449702,0
449703,0
449704,0
449705,0
449706,8
449707,0
449708,0
449709,0
449710,0
449711,0
449712,0
449713,0
449714,0
449715,0
449716,0
449717,0
449718,0
449719,0
449720,0
449721,0
449722,0
449723,0
449724,0
449725,0
449726,0
449727,0
449728,0
449729,6
449730,0
449731,0
449732,0
449733,5
449734,0
449735,0
449736,0
449737,0
449738,0
449739,0
449740,0
449741,0
449742,0
449743,0
449744,0
449745,0
449746,0
449747,0
449748,0
449749,0
449750,0
449751,6
449752,0
449753,0
449754,1
449755,0
449756,0
449757,0
449758,0
449759,0
449760,0
449761,0
449762,0
449763,0
449764,0
449765,0
449766,0
449767,0
449768,7
449769,0
449770,0
449771,4
449772,0
449773,0
449774,0
449775,5
449776,2
449777,0
449778,0
449779,0
449780,5
449781,0
449782,0
449783,0
449784,0
449785,5
449786,0
449787,0
449788,0
449789,0
449790,0
449791,0
449792,0
449793,0
449794,0
449795,0
449796,0
449797,2
449798,0
449799,0
449800,0
449801,0
449802,0
449803,0
449804,0
449805,5
449806,0
449807,0
449808,0
449809,0
449810,0
449811,0
449812,0
449813,9
449814,0
449815,0
449816,0
449817,0
449818,0
449819,0
449820,0
449821,0
449822,0
449823,0
449824,0
449825,0
449826,0
449827,0
449828,8
449829,0
449830,0
449831,0
449832,0
449833,0
449834,0
449835,0
449836,0
449837,0
449838,0
449839,0
449840,0
449841,0
449842,5
449843,0
449844,0
449845,0
449846,1
449847,0
449848,0
449849,0
449850,0
449851,0
449852,0
449853,12
449854,0
449855,0
449856,0
449857,3
449858,0
449859,0
449860,0
449861,0
449862,0
449863,0
449864,5
449865,3
449866,0
449867,0
449868,0
449869,0
449870,0
449871,5
449872,0
449873,0
449874,0
449875,5
449876,0
449877,0
449878,0
449879,0
449880,0
449881,0
449882,0
449883,0
449884,0
449885,0
449886,0
449887,0
449888,5
449889,0
449890,8
449891,0
449892,0
449893,0
449894,6
449895,0
449896,0
449897,0
449898,0
449899,4
449900,0
449901,8
449902,0
449903,4
449904,0
449905,0
449906,0
449907,0
449908,0
449909,0
449910,0
449911,0
449912,9
449913,0
449914,4
449915,0
449916,0
449917,0
449918,0
449919,0
449920,4
449921,0
449922,0
449923,3
449924,0
449925,7
449926,0
449927,0
449928,7
449929,0
449930,6
449931,0
449932,0
449933,0
449934,0
449935,0
449936,0
449937,0
449938,0
449939,0
449940,0
449941,0
449942,0
449943,0
449944,6
449945,0
449946,0
449947,0
449948,0
449949,0
449950,0
449951,0
449952,0
449953,0
449954,0
449955,0
449956,0
449957,0
449958,6
449959,0
449960,0
449961,0
449962,0
449963,0
449964,0
449965,0
449966,0
449967,0
449968,0
449969,0
449970,6
449971,0
449972,0
449973,4
449974,0
449975,0
449976,0
449977,0
449978,0
449979,0
449980,0
449981,0
449982,0
449983,0
449984,0
449985,0
449986,6
449987,0
449988,0
449989,0
449990,5
449991,0
449992,0
449993,0
449994,0
449995,0
449996,3
449997,0
449998,0
449999,0
450000,0
450001,0
450002,0
450003,0
450004,0
450005,0
450006,3
450007,0
450008,0
450009,0
450010,0
450011,8
450012,0
450013,0
450014,0
450015,0
450016,0
450017,0
450018,0
450019,4
450020,1
450021,0
450022,0
450023,0
450024,0
450025,0
450026,0
450027,0
450028,0
450029,0
450030,0
450031,0
450032,0
450033,0
450034,0
450035,6
450036,0
450037,8
450038,0
450039,2
450040,0
450041,0
450042,0
450043,0
450044,0
450045,0
450046,4
450047,0
450048,0
450049,0
450050,0
450051,0
450052,4
450053,0
450054,0
450055,0
450056,0
450057,0
450058,0
450059,0
450060,0
450061,0
450062,0
450063,0
450064,0
450065,0
450066,0
450067,0
450068,0
450069,0
450070,0
450071,0
450072,0
450073,0
450074,2
450075,0
450076,4
450077,0
450078,0
450079,5
450080,0
450081,0
450082,0
450083,0
450084,3
450085,0
450086,0
450087,0
450088,0
450089,0
450090,0
450091,0
450092,0
450093,0
450094,0
450095,0
450096,0
450097,0
450098,0
450099,0
450100,0
450101,0
450102,3
450103,0
450104,0
450105,0
450106,0
450107,0
450108,0
450109,0
450110,2
450111,0
450112,4
450113,0
450114,0
450115,0
450116,0
450117,0
450118,0
450119,0
450120,0
450121,0
450122,0
450123,0
450124,9
450125,0
450126,0
450127,0
450128,0
450129,0
450130,0
450131,0
450132,0
450133,1
450134,0
450135,0
450136,0
450137,0
450138,0
450139,10
450140,2
450141,0
450142,0
450143,0
450144,0
450145,0
450146,0
450147,4
450148,0
450149,0
450150,3
450151,0
450152,0
450153,0
450154,0
450155,0
450156,0
450157,0
450158,0
450159,0
450160,0
450161,0
450162,0
450163,1
450164,0
450165,0
450166,0
450167,0
450168,0
450169,0
450170,0
450171,0
450172,0
450173,0
450174,3
450175,0
450176,0
450177,0
450178,0
450179,0
450180,7
450181,0
450182,0
450183,0
450184,0
450185,0
450186,0
450187,0
450188,0
450189,0
450190,0
450191,0
450192,0
450193,0
450194,0
450195,9
450196,0
450197,0
450198,0
450199,0
450200,0
450201,0
450202,0
450203,0
450204,3
450205,0
450206,0
450207,6
450208,0
450209,0
450210,0
450211,0
450212,0
450213,0
450214,0
450215,0
450216,0
450217,0
450218,0
450219,0
450220,0
450221,0
450222,0
450223,0
450224,3
450225,0
450226,4
450227,0
450228,0
450229,0
450230,0
450231,5
450232,0
450233,0
450234,7
450235,0
450236,3
450237,0
450238,0
450239,0
450240,0
450241,0
450242,0
450243,0
450244,0
450245,0
450246,0
450247,0
450248,0
450249,0
450250,0
450251,0
450252,4
450253,0
450254,0
450255,6
450256,0
450257,0
450258,0
450259,0
450260,0
450261,0
450262,0
450263,0
450264,0
450265,3
450266,8
450267,0
450268,0
450269,0
450270,5
450271,0
450272,0
450273,0
450274,0
450275,0
450276,0
450277,11
450278,7
450279,0
450280,0
450281,3
450282,1
450283,0
450284,0
450285,0
450286,0
450287,0
450288,0
450289,0
450290,0
450291,4
450292,0
450293,0
450294,7
450295,0
450296,0
450297,0
450298,0
450299,0
450300,0
450301,4
450302,0
450303,0
450304,0
450305,0
450306,0
450307,0
450308,0
450309,0
450310,0
450311,0
450312,0
450313,0
450314,0
450315,0
450316,0
450317,5
450318,0
450319,0
450320,0
450321,0
450322,0
450323,0
450324,0
450325,0
450326,0
450327,0
450328,0
450329,0
450330,3
450331,7
450332,3
450333,5
450334,0
450335,0
450336,0
450337,0
450338,0
450339,0
450340,0
450341,4
450342,0
450343,0
450344,0
450345,0
450346,0
450347,0
450348,0
450349,5
450350,0
450351,6
450352,0
450353,0
450354,0
450355,0
450356,0
450357,0
450358,0
450359,0
450360,0
450361,0
450362,0
450363,0
450364,4
450365,0
450366,0
450367,0
450368,5
450369,0
450370,0
450371,0
450372,0
450373,0
450374,0
450375,0
450376,0
450377,0
450378,0
450379,0
450380,0
450381,0
450382,0
450383,0
450384,0
450385,0
450386,4
450387,0
450388,0
450389,0
450390,0
450391,0
450392,0
450393,0
450394,0
450395,0
450396,7
450397,0
450398,0
450399,4
450400,0
450401,0
450402,0
450403,4
450404,0
450405,0
450406,0
450407,0
450408,0
450409,0
450410,0
450411,0
450412,0
450413,0
450414,0
450415,0
450416,0
450417,0
450418,3
450419,0
450420,0
450421,0
450422,0
450423,0
450424,0
450425,0
450426,0
450427,0
450428,0
450429,0
450430,0
450431,7
450432,0
450433,0
450434,4
450435,0
450436,0
450437,0
450438,0
450439,0
450440,0
450441,0
450442,0
450443,3
450444,0
450445,0
450446,0
450447,0
450448,0
450449,0
450450,4
450451,0
450452,0
450453,0
450454,0
450455,5
450456,0
450457,0
450458,0
450459,0
450460,0
450461,0
450462,0
450463,0
450464,0
450465,0
450466,0
450467,0
450468,3
450469,6
450470,4
450471,0
450472,0
450473,0
450474,7
450475,8
450476,0
450477,0
450478,0
450479,9
450480,0
450481,0
450482,0
450483,0
450484,0
450485,0
450486,0
450487,0
450488,0
450489,0
450490,5
450491,2
450492,0
450493,0
450494,0
450495,0
450496,0
450497,0
450498,0
450499,0
450500,0
450501,0
450502,0
450503,0
450504,0
450505,0
450506,0
450507,0
450508,0
450509,0
450510,0
450511,0
450512,0
450513,0
450514,0
450515,0
450516,0
450517,0
450518,0
450519,0
450520,0
450521,0
450522,0
450523,0
450524,0
450525,0
450526,7
450527,0
450528,1
450529,0
450530,7
450531,0
450532,0
450533,0
450534,0
450535,0
450536,0
450537,0
450538,0
450539,0
450540,0
450541,0
450542,0
450543,0
450544,0
450545,0
450546,0
450547,0
450548,0
450549,0
450550,0
450551,0
450552,0
450553,0
450554,0
450555,0
450556,7
450557,0
450558,0
450559,0
450560,0
450561,0
450562,0
450563,0
450564,0
450565,0
450566,0
450567,0
450568,0
450569,0
450570,0
450571,0
450572,0
450573,0
450574,0
450575,0
450576,0
450577,0
450578,0
450579,0
450580,3
450581,0
450582,7
450583,0
450584,0
450585,0
450586,0
450587,7
450588,0
450589,0
450590,0
450591,0
450592,0
450593,0
450594,0
450595,0
450596,6
450597,0
450598,4
450599,0
450600,0
450601,0
450602,0
450603,7
450604,0
450605,0
450606,0
450607,0
450608,6
450609,0
450610,0
450611,0
450612,0
450613,0
450614,0
450615,0
450616,0
450617,0
450618,0
450619,0
450620,0
450621,0
450622,0
450623,0
450624,0
450625,0
450626,0
450627,5
450628,0
450629,0
450630,0
450631,0
450632,0
450633,9
450634,0
450635,0
450636,0
450637,0
450638,0
450639,0
450640,0
450641,0
450642,0
450643,6
450644,0
450645,7
450646,0
450647,0
450648,0
450649,0
450650,0
450651,0
450652,0
450653,0
450654,7
450655,0
450656,0
450657,0
450658,0
450659,0
450660,0
450661,0
450662,0
450663,0
450664,0
450665,0
450666,0
450667,0
450668,4
450669,9
450670,0
450671,0
450672,0
450673,0
450674,0
450675,0
450676,0
450677,0
450678,0
450679,0
450680,0
450681,0
450682,0
450683,0
450684,27
450685,0
450686,0
450687,0
450688,0
450689,0
450690,0
450691,0
450692,0
450693,0
450694,0
450695,0
450696,0
450697,28
450698,16
450699,0
450700,0
450701,20
450702,0
450703,0
450704,0
450705,0
450706,29
450707,18
450708,0
450709,0
450710,0
450711,0
450712,0
450713,20
450714,0
450715,0
450716,29
450717,0
450718,0
450719,0
450720,0
450721,26
450722,0
450723,0
450724,0
450725,0
450726,0
450727,0
450728,0
450729,0
450730,0
450731,0
450732,0
450733,23
450734,0
450735,23
450736,0
450737,0
450738,34
450739,0
450740,19
450741,0
450742,0
450743,19
450744,0
450745,0
450746,25
450747,0
450748,0
450749,0
450750,0
450751,0
450752,22
450753,25
450754,0
450755,0
450756,26
450757,0
450758,18
450759,21
450760,23
450761,0
450762,0
450763,0
450764,0
450765,0
450766,0
450767,0
450768,0
450769,0
450770,0
450771,0
450772,0
450773,25
450774,0
450775,0
450776,0
450777,18
450778,0
450779,0
450780,0
450781,0
450782,0
450783,0
450784,0
450785,0
450786,0
450787,0
450788,0
450789,0
450790,0
450791,0
450792,0
450793,0
450794,0
450795,0
450796,0
450797,0
450798,0
450799,0
450800,0
450801,0
450802,0
450803,16
450804,21
450805,0
450806,28
450807,0
450808,0
450809,0
450810,27
450811,35
450812,0
450813,24
450814,0
450815,25
450816,0
450817,0
450818,0
450819,38
450820,0
450821,23
450822,0
450823,0
450824,0
450825,0
450826,0
450827,26
450828,0
450829,0
450830,0
450831,0
450832,22
450833,0
450834,23
450835,0
450836,26
450837,0
450838,0
450839,20
450840,0
450841,0
450842,0
450843,23
450844,26
450845,0
450846,25
450847,0
450848,0
450849,0
450850,0
450851,0
450852,0
450853,0
450854,26
450855,0
450856,0
450857,0
450858,0
450859,0
450860,0
450861,27
450862,38
450863,0
450864,21
450865,0
450866,25
450867,25
450868,0
450869,0
450870,0
450871,0
450872,37
450873,25
450874,0
450875,0
450876,28
450877,26
450878,0
450879,0
450880,0
450881,0
450882,0
450883,0
450884,19
450885,0
450886,0
450887,0
450888,0
450889,0
450890,17
450891,0
450892,0
450893,0
450894,0
450895,0
450896,0
450897,20
450898,18
450899,0
450900,0
450901,0
450902,0
450903,26
450904,0
450905,0
450906,21
450907,0
450908,0
450909,20
450910,0
450911,26
450912,0
450913,20
450914,0
450915,0
450916,19
450917,0
450918,23
450919,19
450920,0
450921,0
450922,20
450923,0
450924,0
450925,0
450926,0
450927,0
450928,0
450929,0
450930,0
450931,29
450932,0
450933,19
450934,0
450935,0
450936,0
450937,0
450938,0
450939,17
450940,25
450941,0
450942,0
450943,19
450944,0
450945,0
450946,0
450947,0
450948,32
450949,17
450950,0
450951,0
450952,0
450953,0
450954,0
450955,0
450956,0
450957,0
450958,26
450959,0
450960,18
450961,0
450962,17
450963,22
450964,0
450965,0
450966,26
450967,0
450968,0
450969,0
450970,0
450971,0
450972,23
450973,0
450974,0
450975,32
450976,18
450977,26
450978,31
450979,0
450980,27
450981,0
450982,0
450983,0
450984,15
450985,0
450986,0
450987,23
450988,0
450989,0
450990,0
450991,0
450992,0
450993,0
450994,0
450995,0
450996,23
450997,22
450998,0
450999,0
451000,0
451001,0
451002,0
451003,24
451004,0
451005,0
451006,0
451007,0
451008,14
451009,0
451010,0
451011,0
451012,27
451013,0
451014,0
451015,0
451016,0
451017,18
451018,0
451019,0
451020,12
451021,0
451022,0
451023,0
451024,23
451025,0
451026,0
451027,0
451028,13
451029,0
451030,0
451031,0
451032,0
451033,23
451034,25
451035,0
451036,21
451037,0
451038,0
451039,20
451040,0
451041,14
451042,25
451043,0
451044,0
451045,16
451046,0
451047,0
451048,23
451049,0
451050,0
451051,0
451052,0
451053,0
451054,0
451055,0
451056,0
451057,0
451058,0
451059,35
451060,0
451061,0
451062,0
451063,0
451064,25
451065,0
451066,0
451067,0
451068,30
451069,0
451070,0
451071,0
451072,0
451073,0
451074,0
451075,0
451076,0
451077,0
451078,0
451079,22
451080,0
451081,19
451082,0
451083,0
451084,23
451085,18
451086,24
451087,0
451088,0
451089,0
451090,0
451091,31
451092,0
451093,0
451094,20
451095,0
451096,27
451097,0
451098,0
451099,0
451100,0
451101,0
451102,0
451103,24
451104,0
451105,21
451106,0
451107,0
451108,14
451109,0
451110,0
451111,0
451112,31
451113,22
451114,0
451115,0
451116,18
451117,0
451118,23
451119,0
451120,0
451121,25
451122,0
451123,0
451124,14
451125,0
451126,0
451127,0
451128,0
451129,0
451130,0
451131,23
451132,0
451133,0
451134,0
451135,24
451136,0
451137,0
451138,0
451139,0
451140,0
451141,19
451142,0
451143,0
451144,18
451145,0
451146,28
451147,28
451148,22
451149,0
451150,0
451151,0
451152,15
451153,0
451154,0
451155,0
451156,21
451157,31
451158,0
451159,0
451160,0
451161,0
451162,0
451163,21
451164,0
451165,0
451166,22
451167,18
451168,0
451169,0
451170,0
451171,0
451172,0
451173,20
451174,27
451175,0
451176,0
451177,0
451178,0
451179,0
451180,0
451181,0
451182,0
451183,20
451184,0
451185,0
451186,0
451187,0
451188,0
451189,0
451190,0
451191,0
451192,32
451193,0
451194,0
451195,0
451196,0
451197,0
451198,0
451199,0
451200,0
451201,0
451202,0
451203,24
451204,25
451205,0
451206,0
451207,0
451208,0
451209,17
451210,29
451211,0
451212,0
451213,0
451214,0
451215,0
451216,20
451217,22
451218,28
451219,0
451220,0
451221,33
451222,0
451223,19
451224,0
451225,0
451226,0
451227,0
451228,0
451229,0
451230,0
451231,0
451232,0
451233,0
451234,0
451235,26
451236,0
451237,0
451238,0
451239,0
451240,0
451241,16
451242,31
451243,0
451244,0
451245,0
451246,0
451247,0
451248,23
451249,15
451250,33
451251,0
451252,0
451253,0
451254,0
451255,39
451256,27
451257,0
451258,20
451259,0
451260,0
451261,0
451262,17
451263,0
451264,0
451265,28
451266,0
451267,0
451268,0
451269,24
451270,20
451271,0
451272,0
451273,0
451274,0
451275,0
451276,0
451277,0
451278,0
451279,0
451280,0
451281,8
451282,0
451283,15
451284,0
451285,0
451286,0
451287,13
451288,16
451289,28
451290,0
451291,0
451292,21
451293,0
451294,0
451295,0
451296,0
451297,0
451298,0
451299,0
451300,0
451301,18
451302,0
451303,0
451304,0
451305,23
451306,19
451307,0
451308,0
451309,0
451310,0
451311,24
451312,0
451313,0
451314,0
451315,0
451316,0
451317,16
451318,0
451319,8
451320,0
451321,13
451322,22
451323,14
451324,0
451325,6
451326,0
451327,8
451328,33
451329,0
451330,0
451331,0
451332,0
451333,0
451334,0
451335,0
451336,0
451337,0
451338,0
451339,30
451340,0
451341,0
451342,33
451343,19
451344,0
451345,0
451346,0
451347,12
451348,0
451349,19
451350,0
451351,16
451352,0
451353,12
451354,0
451355,0
451356,0
451357,0
451358,0
451359,25
451360,0
451361,0
451362,0
451363,20
451364,0
451365,0
451366,0
451367,27
451368,0
451369,0
451370,12
451371,13
451372,0
451373,0
451374,0
451375,20
451376,0
451377,0
451378,9
451379,0
451380,0
451381,15
451382,0
451383,0
451384,0
451385,0
451386,0
451387,0
451388,0
451389,22
451390,0
451391,0
451392,23
451393,21
451394,0
451395,0
451396,21
451397,0
451398,0
451399,18
451400,0
451401,0
451402,14
451403,0
451404,0
451405,0
451406,0
451407,0
451408,12
451409,0
451410,0
451411,0
451412,0
451413,0
451414,0
451415,0
451416,0
451417,20
451418,0
451419,9
451420,0
451421,14
451422,0
451423,0
451424,0
451425,0
451426,0
451427,0
451428,0
451429,0
451430,0
451431,0
451432,0
451433,0
451434,0
451435,0
451436,0
451437,16
451438,0
451439,0
451440,16
451441,0
451442,0
451443,9
451444,0
451445,0
451446,0
451447,0
451448,0
451449,0
451450,0
451451,0
451452,0
451453,0
451454,10
451455,0
451456,0
451457,0
451458,0
451459,0
451460,25
451461,0
451462,0
451463,13
451464,9
451465,0
451466,0
451467,0
451468,27
451469,0
451470,0
451471,11
451472,0
451473,0
451474,0
451475,0
451476,0
451477,0
451478,0
451479,0
451480,0
451481,22
451482,0
451483,10
451484,0
451485,18
451486,0
451487,25
451488,0
451489,0
451490,0
451491,9
451492,6
451493,26
451494,19
451495,16
451496,0
451497,0
451498,0
451499,0
451500,0
451501,0
451502,0
451503,14
451504,0
451505,14
451506,0
451507,0
451508,0
451509,0
451510,0
451511,15
451512,0
451513,0
451514,0
451515,0
451516,29
451517,0
451518,0
451519,0
451520,0
451521,0
451522,0
451523,0
451524,30
451525,0
451526,0
451527,0
451528,0
451529,0
451530,0
451531,0
451532,0
451533,0
451534,0
451535,0
451536,0
451537,0
451538,0
451539,0
451540,0
451541,0
451542,0
451543,0
451544,0
451545,0
451546,0
451547,0
451548,33
451549,0
451550,0
451551,42
451552,0
451553,0
451554,0
451555,0
451556,0
451557,0
451558,0
451559,0
451560,0
451561,0
451562,0
451563,0
451564,0
451565,0
451566,0
451567,0
451568,0
451569,36
451570,0
451571,23
451572,0
451573,0
451574,0
451575,0
451576,0
451577,0
451578,0
451579,0
451580,0
451581,0
451582,0
451583,0
451584,23
451585,25
451586,0
451587,0
451588,0
451589,0
451590,0
451591,0
451592,32
451593,0
451594,36
451595,0
451596,23
451597,0
451598,0
451599,0
451600,0
451601,0
451602,34
451603,0
451604,37
451605,0
451606,0
451607,0
451608,0
451609,0
451610,0
451611,0
451612,31
451613,0
451614,0
451615,29
451616,0
451617,0
451618,0
451619,0
451620,0
451621,39
451622,0
451623,0
451624,0
451625,0
451626,0
451627,0
451628,0
451629,0
451630,0
451631,0
451632,0
451633,0
451634,0
451635,0
451636,0
451637,0
451638,0
451639,0
451640,0
451641,0
451642,0
451643,0
451644,0
451645,0
451646,0
451647,0
451648,0
451649,51
451650,0
451651,29
451652,0
451653,0
451654,0
451655,0
451656,0
451657,0
451658,30
451659,0
451660,0
451661,0
451662,0
451663,0
451664,0
451665,0
451666,0
451667,0
451668,0
451669,0
451670,0
451671,0
451672,0
451673,36
451674,0
451675,20
451676,0
451677,0
451678,0
451679,0
451680,0
451681,0
451682,0
451683,35
451684,0
451685,0
451686,0
451687,23
451688,0
451689,0
451690,0
451691,0
451692,0
451693,0
451694,0
451695,0
451696,0
451697,0
451698,0
451699,0
451700,0
451701,0
451702,0
451703,0
451704,0
451705,0
451706,0
451707,43
451708,0
451709,0
451710,0
451711,0
451712,0
451713,44
451714,0
451715,0
451716,49
451717,0
451718,0
451719,0
451720,0
451721,0
451722,0
451723,0
451724,0
451725,0
451726,0
451727,0
451728,0
451729,0
451730,0
451731,0
451732,21
451733,36
451734,0
451735,0
451736,0
451737,0
451738,0
451739,0
451740,35
451741,0
451742,29
451743,0
451744,0
451745,0
451746,0
451747,0
451748,0
451749,27
451750,0
451751,0
451752,0
451753,0
451754,0
451755,0
451756,0
451757,0
451758,41
451759,0
451760,0
451761,0
451762,0
451763,0
451764,39
451765,0
451766,0
451767,32
451768,0
451769,0
451770,0
451771,0
451772,0
451773,0
451774,0
451775,0
451776,0
451777,0
451778,0
451779,0
451780,0
451781,0
451782,0
451783,0
451784,0
451785,0
451786,0
451787,0
451788,23
451789,37
451790,0
451791,0
451792,0
451793,0
451794,0
451795,24
451796,0
451797,0
451798,0
451799,0
451800,35
451801,30
451802,0
451803,0
451804,0
451805,0
451806,0
451807,0
451808,0
451809,0
451810,0
451811,0
451812,40
451813,0
451814,0
451815,0
451816,37
451817,0
451818,0
451819,0
451820,0
451821,0
451822,0
451823,0
451824,0
451825,28
451826,0
451827,0
451828,0
451829,0
451830,27
451831,0
451832,0
451833,0
451834,0
451835,0
451836,0
451837,0
451838,0
451839,0
451840,0
451841,0
451842,0
451843,0
451844,0
451845,31
451846,0
451847,26
451848,0
451849,0
451850,0
451851,26
451852,0
451853,0
451854,0
451855,0
451856,30
451857,0
451858,0
451859,0
451860,0
451861,0
451862,0
451863,0
451864,0
451865,0
451866,0
451867,0
451868,0
451869,0
451870,0
451871,40
451872,0
451873,0
451874,0
451875,30
451876,0
451877,0
451878,0
451879,0
451880,0
451881,29
451882,0
451883,0
451884,0
451885,0
451886,0
451887,0
451888,0
451889,0
451890,41
451891,0
451892,0
451893,0
451894,25
451895,0
451896,0
451897,0
451898,0
451899,0
451900,0
451901,0
451902,0
451903,31
451904,0
451905,0
451906,0
451907,0
451908,23
451909,0
451910,0
451911,0
451912,0
451913,0
451914,28
451915,52
451916,0
451917,25
451918,0
451919,0
451920,0
451921,0
451922,0
451923,0
451924,0
451925,0
451926,0
451927,0
451928,0
451929,31
451930,0
451931,0
451932,0
451933,0
451934,0
451935,0
451936,42
451937,0
451938,0
451939,0
451940,0
451941,0
451942,31
451943,0
451944,0
451945,20
451946,27
451947,0
451948,29
451949,0
451950,0
451951,0
451952,20
451953,0
451954,0
451955,0
451956,0
451957,0
451958,0
451959,0
451960,0
451961,0
451962,0
451963,0
451964,35
451965,0
451966,23
451967,0
451968,0
451969,0
451970,23
451971,0
451972,0
451973,38
451974,28
451975,0
451976,0
451977,0
451978,39
451979,30
451980,0
451981,0
451982,0
451983,0
451984,0
451985,0
451986,0
451987,0
451988,0
451989,0
451990,0
451991,0
451992,20
451993,0
451994,0
451995,0
451996,0
451997,0
451998,0
451999,0
452000,0
452001,0
452002,0
452003,0
452004,0
452005,0
452006,0
452007,0
452008,0
452009,0
452010,24
452011,0
452012,0
452013,0
452014,0
452015,0
452016,31
452017,0
452018,0
452019,0
452020,0
452021,0
452022,0
452023,0
452024,0
452025,0
452026,0
452027,19
452028,0
452029,0
452030,0
452031,0
452032,0
452033,0
452034,0
452035,0
452036,0
452037,0
452038,0
452039,25
452040,0
452041,0
452042,27
452043,0
452044,0
452045,0
452046,0
452047,0
452048,0
452049,0
452050,0
452051,38
452052,26
452053,0
452054,0
452055,0
452056,0
452057,33
452058,0
452059,0
452060,0
452061,0
452062,0
452063,0
452064,0
452065,0
452066,0
452067,0
452068,0
452069,0
452070,0
452071,41
452072,0
452073,0
452074,33
452075,0
452076,37
452077,27
452078,0
452079,28
452080,26
452081,0
452082,0
452083,0
452084,0
452085,0
452086,0
452087,0
452088,0
452089,0
452090,14
452091,0
452092,21
452093,17
452094,0
452095,0
452096,0
452097,0
452098,0
452099,0
452100,0
452101,0
452102,0
452103,0
452104,0
452105,0
452106,0
452107,0
452108,0
452109,0
452110,32
452111,0
452112,0
452113,0
452114,0
452115,39
452116,0
452117,0
452118,0
452119,0
452120,0
452121,0
452122,0
452123,0
452124,0
452125,0
452126,0
452127,0
452128,0
452129,0
452130,0
452131,0
452132,0
452133,0
452134,0
452135,0
452136,0
452137,28
452138,0
452139,0
452140,0
452141,0
452142,0
452143,0
452144,0
452145,13
452146,0
452147,30
452148,0
452149,0
452150,0
452151,0
452152,31
452153,41
452154,0
452155,0
452156,0
452157,0
452158,0
452159,18
452160,0
452161,0
452162,42
452163,0
452164,0
452165,0
452166,28
452167,36
452168,0
452169,0
452170,0
452171,0
452172,0
452173,0
452174,0
452175,42
452176,0
452177,0
452178,0
452179,0
452180,0
452181,0
452182,0
452183,0
452184,0
452185,0
452186,28
452187,0
452188,26
452189,29
452190,35
452191,0
452192,0
452193,0
452194,0
452195,0
452196,0
452197,39
452198,0
452199,0
452200,0
452201,0
452202,0
452203,0
452204,31
452205,0
452206,0
452207,0
452208,0
452209,0
452210,0
452211,0
452212,0
452213,0
452214,0
452215,24
452216,0
452217,0
452218,0
452219,0
452220,0
452221,0
452222,0
452223,0
452224,0
452225,0
452226,0
452227,31
452228,0
452229,30
452230,0
452231,0
452232,0
452233,0
452234,0
452235,0
452236,0
452237,0
452238,0
452239,0
452240,0
452241,18
452242,0
452243,0
452244,14
452245,0
452246,0
452247,0
452248,0
452249,0
452250,0
452251,0
452252,9
452253,0
452254,9
452255,0
452256,0
452257,0
452258,0
452259,0
452260,0
452261,8
452262,0
452263,0
452264,7
452265,0
452266,0
452267,0
452268,0
452269,0
452270,0
452271,10
452272,0
452273,18
452274,0
452275,14
452276,0
452277,17
452278,0
452279,27
452280,0
452281,0
452282,0
452283,0
452284,13
452285,23
452286,0
452287,0
452288,0
452289,11
452290,0
452291,0
452292,13
452293,0
452294,0
452295,16
452296,0
452297,0
452298,15
452299,0
452300,0
452301,0
452302,0
452303,12
452304,0
452305,0
452306,0
452307,11
452308,0
452309,0
452310,0
452311,0
452312,0
452313,0
452314,0
452315,0
452316,0
452317,0
452318,12
452319,0
452320,0
452321,0
452322,17
452323,0
452324,0
452325,6
452326,0
452327,0
452328,0
452329,0
452330,0
452331,0
452332,18
452333,0
452334,17
452335,0
452336,0
452337,0
452338,17
452339,20
452340,17
452341,0
452342,0
452343,0
452344,30
452345,0
452346,28
452347,0
452348,0
452349,17
452350,0
452351,0
452352,0
452353,10
452354,0
452355,0
452356,30
452357,0
452358,0
452359,0
452360,0
452361,0
452362,11
452363,15
452364,0
452365,0
452366,0
452367,10
452368,14
452369,11
452370,23
452371,0
452372,0
452373,13
452374,12
452375,0
452376,0
452377,0
452378,0
452379,17
452380,13
452381,17
452382,6
452383,11
452384,0
452385,8
452386,0
452387,21
452388,0
452389,6
452390,0
452391,0
452392,0
452393,0
452394,12
452395,0
452396,11
452397,0
452398,0
452399,0
452400,0
452401,0
452402,0
452403,0
452404,0
452405,0
452406,9
452407,0
452408,0
452409,0
452410,0
452411,8
452412,0
452413,9
452414,0
452415,0
452416,0
452417,0
452418,0
452419,13
452420,0
452421,0
452422,0
452423,8
452424,0
452425,0
452426,3
452427,4
452428,14
452429,0
452430,14
452431,0
452432,0
452433,0
452434,0
452435,0
452436,0
452437,0
452438,0
452439,0
452440,0
452441,0
452442,0
452443,0
452444,0
452445,0
452446,0
452447,0
452448,0
452449,0
452450,0
452451,8
452452,0
452453,0
452454,0
452455,0
452456,0
452457,21
452458,0
452459,0
452460,10
452461,0
452462,0
452463,7
452464,0
452465,0
452466,0
452467,0
452468,7
452469,21
452470,0
452471,0
452472,0
452473,23
452474,18
452475,0
452476,14
452477,0
452478,0
452479,26
452480,21
452481,0
452482,0
452483,0
452484,0
452485,23
452486,0
452487,0
452488,0
452489,0
452490,0
452491,0
452492,0
452493,0
452494,0
452495,0
452496,0
452497,9
452498,9
452499,0
452500,0
452501,15
452502,10
452503,0
452504,0
452505,0
452506,0
452507,19
452508,0
452509,0
452510,0
452511,0
452512,0
452513,12
452514,0
452515,11
452516,0
452517,0
452518,10
452519,0
452520,0
452521,13
452522,0
452523,0
452524,0
452525,0
452526,0
452527,0
452528,0
452529,0
452530,0
452531,0
452532,0
452533,18
452534,0
452535,13
452536,0
452537,0
452538,18
452539,0
452540,0
452541,0
452542,8
452543,0
452544,0
452545,14
452546,0
452547,0
452548,0
452549,10
452550,0
452551,0
452552,0
452553,0
452554,0
452555,5
452556,0
452557,14
452558,0
452559,11
452560,0
452561,0
452562,0
452563,0
452564,0
452565,0
452566,13
452567,0
452568,0
452569,0
452570,0
452571,0
452572,0
452573,0
452574,0
452575,0
452576,0
452577,0
452578,0
452579,0
452580,0
452581,0
452582,0
452583,0
452584,0
452585,0
452586,0
452587,0
452588,0
452589,0
452590,0
452591,0
452592,0
452593,0
452594,0
452595,0
452596,0
452597,0
452598,0
452599,0
452600,16
452601,0
452602,0
452603,0
452604,0
452605,0
452606,0
452607,0
452608,0
452609,0
452610,0
452611,0
452612,0
452613,0
452614,12
452615,0
452616,0
452617,0
452618,0
452619,13
452620,22
452621,0
452622,0
452623,0
452624,21
452625,0
452626,0
452627,0
452628,0
452629,0
452630,0
452631,0
452632,0
452633,0
452634,0
452635,13
452636,0
452637,0
452638,0
452639,11
452640,0
452641,0
452642,0
452643,0
452644,0
452645,0
452646,0
452647,0
452648,12
452649,15
452650,0
452651,0
452652,0
452653,0
452654,0
452655,0
452656,0
452657,0
452658,0
452659,21
452660,0
452661,0
452662,0
452663,0
452664,26
452665,25
452666,0
452667,0
452668,0
452669,0
452670,7
452671,0
452672,0
452673,0
452674,0
452675,0
452676,0
452677,0
452678,0
452679,12
452680,0
452681,15
452682,0
452683,0
452684,10
452685,0
452686,0
452687,0
452688,0
452689,0
452690,0
452691,0
452692,0
452693,0
452694,0
452695,0
452696,0
452697,0
452698,0
452699,0
452700,21
452701,0
452702,0
452703,3
452704,0
452705,0
452706,0
452707,0
452708,0
452709,0
452710,0
452711,0
452712,0
452713,0
452714,0
452715,7
452716,0
452717,0
452718,0
452719,23
452720,15
452721,0
452722,0
452723,0
452724,0
452725,22
452726,0
452727,0
452728,11
452729,0
452730,0
452731,0
452732,0
452733,0
452734,0
452735,0
452736,0
452737,15
452738,0
452739,0
452740,7
452741,0
452742,0
452743,0
452744,0
452745,0
452746,19
452747,0
452748,12
452749,0
452750,0
452751,0
452752,0
452753,0
452754,21
452755,0
452756,0
452757,0
452758,0
452759,0
452760,0
452761,0
452762,0
452763,0
452764,0
452765,0
452766,0
452767,0
452768,0
452769,18
452770,0
452771,0
452772,0
452773,0
452774,0
452775,0
452776,0
452777,0
452778,0
452779,0
452780,0
452781,0
452782,14
452783,26
452784,0
452785,6
452786,0
452787,0
452788,0
452789,29
452790,29
452791,0
452792,0
452793,6
452794,0
452795,0
452796,0
452797,0
452798,0
452799,0
452800,0
452801,0
452802,0
452803,0
452804,0
452805,0
452806,0
452807,0
452808,0
452809,0
452810,0
452811,0
452812,0
452813,0
452814,13
452815,0
452816,3
452817,0
452818,0
452819,0
452820,0
452821,0
452822,0
452823,0
452824,0
452825,0
452826,0
452827,11
452828,0
452829,14
452830,0
452831,0
452832,8
452833,9
452834,8
452835,0
452836,0
452837,0
452838,0
452839,0
452840,11
452841,0
452842,0
452843,0
452844,17
452845,16
452846,0
452847,0
452848,0
452849,0
452850,8
452851,0
452852,0
452853,11
452854,0
452855,9
452856,0
452857,4
452858,0
452859,0
452860,0
452861,3
452862,0
452863,0
452864,0
452865,0
452866,0
452867,12
452868,0
452869,0
452870,0
452871,0
452872,0
452873,3
452874,0
452875,0
452876,0
452877,0
452878,0
452879,2
452880,0
452881,0
452882,0
452883,0
452884,0
452885,0
452886,0
452887,1
452888,0
452889,0
452890,3
452891,0
452892,0
452893,0
452894,0
452895,0
452896,1
452897,0
452898,0
452899,0
452900,0
452901,3
452902,3
452903,0
452904,0
452905,0
452906,0
452907,0
452908,4
452909,0
452910,0
452911,0
452912,0
452913,0
452914,0
452915,0
452916,0
452917,0
452918,0
452919,3
452920,0
452921,0
452922,0
452923,0
452924,0
452925,0
452926,0
452927,1
452928,0
452929,0
452930,0
452931,0
452932,3
452933,0
452934,2
452935,0
452936,0
452937,0
452938,0
452939,0
452940,0
452941,0
452942,0
452943,0
452944,3
452945,2
452946,0
452947,3
452948,0
452949,0
452950,2
452951,0
452952,0
452953,0
452954,0
452955,6
452956,0
452957,0
452958,0
452959,1
452960,0
452961,0
452962,0
452963,0
452964,0
452965,0
452966,0
452967,0
452968,0
452969,0
452970,0
452971,0
452972,0
452973,0
452974,0
452975,0
452976,0
452977,0
452978,0
452979,0
452980,0
452981,0
452982,1
452983,0
452984,0
452985,0
452986,0
452987,0
452988,0
452989,0
452990,0
452991,0
452992,0
452993,0
452994,0
452995,0
452996,0
452997,0
452998,0
452999,0
453000,0
453001,0
453002,0
453003,0
453004,0
453005,0
453006,0
453007,0
453008,0
453009,0
453010,0
453011,0
453012,0
453013,0
453014,0
453015,0
453016,2
453017,0
453018,0
453019,0
453020,0
453021,0
453022,0
453023,0
453024,1
453025,1
453026,0
453027,0
453028,0
453029,0
453030,0
453031,0
453032,0
453033,0
453034,0
453035,0
453036,0
453037,0
453038,0
453039,0
453040,0
453041,0
453042,0
453043,0
453044,0
453045,0
453046,1
453047,0
453048,0
453049,0
453050,0
453051,0
453052,0
453053,0
453054,0
453055,0
453056,0
453057,0
453058,2
453059,0
453060,1
453061,0
453062,0
453063,3
453064,0
453065,0
453066,0
453067,0
453068,0
453069,0
453070,0
453071,0
453072,2
453073,0
453074,0
453075,2
453076,0
453077,0
453078,0
453079,0
453080,0
453081,0
453082,0
453083,0
453084,0
453085,0
453086,0
453087,0
453088,0
453089,0
453090,0
453091,3
453092,0
453093,0
453094,0
453095,0
453096,0
453097,0
453098,0
453099,0
453100,0
453101,0
453102,0
453103,0
453104,0
453105,0
453106,0
453107,0
453108,1
453109,0
453110,0
453111,0
453112,0
453113,0
453114,0
453115,0
453116,0
453117,0
453118,0
453119,0
453120,0
453121,0
453122,0
453123,0
453124,4
453125,0
453126,0
453127,0
453128,4
453129,0
453130,0
453131,0
453132,0
453133,0
453134,0
453135,0
453136,0
453137,0
453138,0
453139,0
453140,0
453141,0
453142,0
453143,1
453144,0
453145,0
453146,0
453147,2
453148,0
453149,2
453150,0
453151,0
453152,0
453153,0
453154,5
453155,0
453156,0
453157,0
453158,3
453159,0
453160,0
453161,0
453162,0
453163,0
453164,0
453165,0
453166,0
453167,0
453168,0
453169,0
453170,0
453171,0
453172,0
453173,1
453174,0
453175,1
453176,0
453177,0
453178,0
453179,0
453180,0
453181,0
453182,0
453183,0
453184,0
453185,0
453186,0
453187,0
453188,0
453189,0
453190,0
453191,0
453192,0
453193,0
453194,0
453195,0
453196,0
453197,0
453198,0
453199,0
453200,0
453201,0
453202,0
453203,2
453204,0
453205,0
453206,0
453207,4
453208,0
453209,0
453210,0
453211,0
453212,2
453213,0
453214,0
453215,0
453216,0
453217,0
453218,0
453219,0
453220,0
453221,0
453222,0
453223,0
453224,1
453225,0
453226,0
453227,0
453228,0
453229,0
453230,0
453231,0
453232,0
453233,0
453234,0
453235,0
453236,0
453237,0
453238,0
453239,0
453240,0
453241,1
453242,0
453243,0
453244,0
453245,0
453246,0
453247,0
453248,0
453249,0
453250,3
453251,0
453252,0
453253,1
453254,0
453255,0
453256,0
453257,0
453258,0
453259,0
453260,0
453261,0
453262,0
453263,0
453264,0
453265,0
453266,0
453267,0
453268,0
453269,3
453270,0
453271,0
453272,0
453273,0
453274,0
453275,0
453276,0
453277,0
453278,0
453279,0
453280,0
453281,0
453282,0
453283,0
453284,0
453285,0
453286,0
453287,0
453288,0
453289,0
453290,0
453291,0
453292,0
453293,0
453294,0
453295,0
453296,0
453297,0
453298,0
453299,0
453300,0
453301,0
453302,0
453303,0
453304,0
453305,0
453306,0
453307,0
453308,0
453309,0
453310,0
453311,0
453312,0
453313,0
453314,0
453315,0
453316,0
453317,0
453318,0
453319,0
453320,0
453321,0
453322,0
453323,1
453324,0
453325,0
453326,0
453327,0
453328,0
453329,0
453330,0
453331,0
453332,0
453333,0
453334,0
453335,0
453336,0
453337,0
453338,0
453339,0
453340,0
453341,0
453342,0
453343,0
453344,0
453345,0
453346,0
453347,0
453348,0
453349,0
453350,0
453351,3
453352,0
453353,0
453354,0
453355,0
453356,0
453357,0
453358,4
453359,0
453360,0
453361,0
453362,0
453363,0
453364,1
453365,0
453366,1
453367,0
453368,0
453369,0
453370,7
453371,0
453372,2
453373,0
453374,0
453375,0
453376,0
453377,0
453378,0
453379,0
453380,0
453381,0
453382,5
453383,0
453384,0
453385,0
453386,3
453387,0
453388,0
453389,0
453390,0
453391,0
453392,0
453393,0
453394,0
453395,0
453396,0
453397,0
453398,0
453399,0
453400,0
453401,0
453402,0
453403,0
453404,1
453405,0
453406,0
453407,0
453408,0
453409,0
453410,0
453411,0
453412,0
453413,0
453414,0
453415,0
453416,0
453417,0
453418,0
453419,0
453420,0
453421,0
453422,0
453423,0
453424,0
453425,0
453426,0
453427,0
453428,0
453429,0
453430,0
453431,0
453432,0
453433,0
453434,0
453435,0
453436,0
453437,0
453438,0
453439,0
453440,0
453441,0
453442,0
453443,0
453444,0
453445,0
453446,0
453447,0
453448,0
453449,0
453450,0
453451,0
453452,0
453453,0
453454,0
453455,0
453456,0
453457,0
453458,0
453459,0
453460,0
453461,0
453462,2
453463,0
453464,0
453465,0
453466,0
453467,0
453468,0
453469,0
453470,0
453471,0
453472,0
453473,0
453474,0
453475,3
453476,0
453477,0
453478,0
453479,0
453480,0
453481,0
453482,0
453483,0
453484,0
453485,0
453486,0
453487,0
453488,5
453489,0
453490,0
453491,0
453492,1
453493,0
453494,0
453495,0
453496,0
453497,0
453498,1
453499,0
453500,3
453501,0
453502,0
453503,0
453504,0
453505,0
453506,0
453507,0
453508,0
453509,0
453510,0
453511,0
453512,0
453513,0
453514,1
453515,0
453516,0
453517,0
453518,0
453519,0
453520,0
453521,2
453522,0
453523,0
453524,0
453525,0
453526,0
453527,0
453528,0
453529,0
453530,0
453531,2
453532,0
453533,1
453534,0
453535,0
453536,0
453537,0
453538,0
453539,0
453540,0
453541,1
453542,0
453543,0
453544,0
453545,0
453546,0
453547,0
453548,0
453549,0
453550,0
453551,0
453552,0
453553,0
453554,0
453555,0
453556,0
453557,0
453558,0
453559,0
453560,0
453561,0
453562,0
453563,0
453564,0
453565,0
453566,0
453567,0
453568,0
453569,0
453570,0
453571,0
453572,0
453573,0
453574,1
453575,0
453576,0
453577,0
453578,0
453579,3
453580,0
453581,0
453582,0
453583,0
453584,0
453585,0
453586,0
453587,0
453588,0
453589,0
453590,0
453591,3
453592,0
453593,0
453594,0
453595,0
453596,0
453597,0
453598,0
453599,1
453600,0
453601,0
453602,1
453603,2
453604,0
453605,0
453606,0
453607,0
453608,0
453609,0
453610,0
453611,2
453612,0
453613,0
453614,0
453615,0
453616,0
453617,0
453618,0
453619,0
453620,0
453621,0
453622,0
453623,3
453624,0
453625,0
453626,0
453627,0
453628,0
453629,0
453630,0
453631,0
453632,0
453633,0
453634,0
453635,0
453636,0
453637,0
453638,0
453639,1
453640,0
453641,0
453642,0
453643,0
453644,0
453645,0
453646,0
453647,0
453648,2
453649,0
453650,1
453651,2
453652,0
453653,22
453654,0
453655,0
453656,0
453657,5
453658,0
453659,0
453660,0
453661,18
453662,0
453663,0
453664,0
453665,0
453666,0
453667,0
453668,0
453669,12
453670,0
453671,0
453672,0
453673,0
453674,0
453675,0
453676,0
453677,0
453678,0
453679,0
453680,17
453681,0
453682,0
453683,16
453684,0
453685,0
453686,0
453687,0
453688,0
453689,0
453690,0
453691,24
453692,14
453693,0
453694,0
453695,13
453696,12
453697,0
453698,0
453699,9
453700,0
453701,0
453702,16
453703,0
453704,0
453705,0
453706,0
453707,0
453708,0
453709,12
453710,7
453711,0
453712,0
453713,0
453714,0
453715,0
453716,0
453717,0
453718,24
453719,0
453720,0
453721,8
453722,0
453723,0
453724,0
453725,19
453726,0
453727,0
453728,0
453729,0
453730,0
453731,0
453732,0
453733,0
453734,0
453735,0
453736,0
453737,0
453738,0
453739,0
453740,10
453741,0
453742,0
453743,0
453744,0
453745,0
453746,36
453747,0
453748,0
453749,0
453750,0
453751,8
453752,0
453753,17
453754,0
453755,0
453756,0
453757,0
453758,0
453759,0
453760,0
453761,0
453762,0
453763,0
453764,0
453765,0
453766,0
453767,0
453768,16
453769,0
453770,0
453771,0
453772,0
453773,0
453774,0
453775,9
453776,0
453777,0
453778,6
453779,0
453780,0
453781,0
453782,0
453783,0
453784,8
453785,0
453786,0
453787,0
453788,0
453789,0
453790,0
453791,19
453792,0
453793,0
453794,18
453795,21
453796,0
453797,19
453798,0
453799,0
453800,0
453801,0
453802,0
453803,0
453804,0
453805,9
453806,36
453807,22
453808,0
453809,0
453810,0
453811,0
453812,0
453813,0
453814,0
453815,0
453816,0
453817,0
453818,24
453819,37
453820,0
453821,0
453822,0
453823,0
453824,0
453825,0
453826,0
453827,21
453828,0
453829,0
453830,0
453831,0
453832,0
453833,0
453834,11
453835,0
453836,13
453837,0
453838,0
453839,0
453840,0
453841,0
453842,0
453843,0
453844,0
453845,0
453846,14
453847,0
453848,0
453849,0
453850,0
453851,17
453852,0
453853,0
453854,0
453855,0
453856,0
453857,0
453858,0
453859,0
453860,0
453861,0
453862,0
453863,0
453864,0
453865,12
453866,0
453867,0
453868,0
453869,0
453870,0
453871,0
453872,0
453873,0
453874,0
453875,0
453876,0
453877,0
453878,0
453879,22
453880,0
453881,0
453882,0
453883,0
453884,0
453885,13
453886,0
453887,0
453888,0
453889,0
453890,0
453891,3
453892,0
453893,0
453894,0
453895,0
453896,0
453897,16
453898,0
453899,0
453900,0
453901,0
453902,0
453903,7
453904,0
453905,0
453906,0
453907,0
453908,0
453909,0
453910,0
453911,0
453912,0
453913,0
453914,0
453915,0
453916,0
453917,0
453918,0
453919,0
453920,0
453921,29
453922,0
453923,0
453924,0
453925,0
453926,0
453927,0
453928,0
453929,27
453930,0
453931,0
453932,0
453933,0
453934,9
453935,8
453936,0
453937,7
453938,0
453939,0
453940,0
453941,0
453942,0
453943,19
453944,7
453945,0
453946,0
453947,0
453948,7
453949,0
453950,0
453951,0
453952,0
453953,0
453954,0
453955,0
453956,0
453957,0
453958,0
453959,0
453960,0
453961,0
453962,0
453963,0
453964,0
453965,0
453966,0
453967,0
453968,8
453969,0
453970,0
453971,0
453972,0
453973,0
453974,0
453975,0
453976,0
453977,0
453978,0
453979,24
453980,0
453981,0
453982,0
453983,0
453984,0
453985,0
453986,0
453987,0
453988,0
453989,0
453990,0
453991,0
453992,0
453993,0
453994,0
453995,0
453996,0
453997,0
453998,0
453999,0
454000,0
454001,21
454002,19
454003,0
454004,0
454005,0
454006,0
454007,0
454008,0
454009,0
454010,0
454011,0
454012,0
454013,0
454014,0
454015,0
454016,0
454017,0
454018,0
454019,0
454020,0
454021,0
454022,0
454023,0
454024,0
454025,26
454026,14
454027,0
454028,0
454029,0
454030,0
454031,0
454032,20
454033,0
454034,0
454035,0
454036,0
454037,20
454038,0
454039,0
454040,32
454041,10
454042,0
454043,0
454044,0
454045,0
454046,0
454047,0
454048,0
454049,23
454050,0
454051,0
454052,0
454053,0
454054,0
454055,0
454056,15
454057,0
454058,0
454059,0
454060,0
454061,0
454062,0
454063,13
454064,0
454065,0
454066,0
454067,0
454068,0
454069,0
454070,0
454071,0
454072,0
454073,0
454074,0
454075,0
454076,23
454077,0
454078,0
454079,0
454080,0
454081,0
454082,0
454083,0
454084,0
454085,0
454086,0
454087,0
454088,0
454089,0
454090,0
454091,0
454092,12
454093,0
454094,16
454095,0
454096,0
454097,0
454098,0
454099,10
454100,0
454101,0
454102,0
454103,0
454104,19
454105,0
454106,0
454107,0
454108,0
454109,0
454110,12
454111,0
454112,22
454113,10
454114,0
454115,0
454116,0
454117,0
454118,0
454119,0
454120,0
454121,22
454122,0
454123,0
454124,0
454125,13
454126,0
454127,0
454128,8
454129,0
454130,12
454131,0
454132,0
454133,0
454134,0
454135,0
454136,0
454137,0
454138,0
454139,0
454140,0
454141,0
454142,17
454143,0
454144,0
454145,0
454146,0
454147,0
454148,16
454149,0
454150,5
454151,0
454152,0
454153,0
454154,0
454155,16
454156,31
454157,0
454158,14
454159,0
454160,0
454161,0
454162,0
454163,15
454164,9
454165,0
454166,0
454167,0
454168,0
454169,0
454170,0
454171,0
454172,13
454173,0
454174,0
454175,0
454176,0
454177,0
454178,14
454179,0
454180,28
454181,0
454182,0
454183,0
454184,0
454185,0
454186,0
454187,15
454188,0
454189,0
454190,0
454191,0
454192,0
454193,0
454194,0
454195,0
454196,8
454197,20
454198,0
454199,0
454200,0
454201,0
454202,0
454203,0
454204,0
454205,10
454206,5
454207,0
454208,3
454209,0
454210,0
454211,0
454212,2
454213,1
454214,0
454215,0
454216,0
454217,0
454218,0
454219,0
454220,0
454221,0
454222,0
454223,0
454224,0
454225,2
454226,0
454227,0
454228,0
454229,0
454230,0
454231,0
454232,2
454233,0
454234,0
454235,0
454236,0
454237,0
454238,0
454239,0
454240,0
454241,0
454242,0
454243,0
454244,0
454245,0
454246,0
454247,0
454248,0
454249,0
454250,0
454251,0
454252,0
454253,0
454254,0
454255,0
454256,0
454257,0
454258,0
454259,0
454260,0
454261,0
454262,0
454263,0
454264,0
454265,0
454266,0
454267,0
454268,0
454269,0
454270,0
454271,0
454272,0
454273,0
454274,0
454275,0
454276,0
454277,0
454278,0
454279,0
454280,0
454281,0
454282,0
454283,0
454284,0
454285,0
454286,0
454287,0
454288,0
454289,0
454290,0
454291,0
454292,0
454293,0
454294,0
454295,0
454296,0
454297,0
454298,0
454299,0
454300,0
454301,0
454302,0
454303,0
454304,0
454305,0
454306,0
454307,0
454308,0
454309,0
454310,0
454311,0
454312,0
454313,0
454314,0
454315,0
454316,0
454317,0
454318,0
454319,0
454320,0
454321,0
454322,0
454323,0
454324,0
454325,0
454326,0
454327,0
454328,0
454329,0
454330,0
454331,0
454332,0
454333,0
454334,0
454335,0
454336,0
454337,0
454338,1
454339,0
454340,0
454341,0
454342,0
454343,0
454344,0
454345,0
454346,0
454347,0
454348,0
454349,0
454350,0
454351,0
454352,0
454353,0
454354,0
454355,0
454356,0
454357,0
454358,0
454359,0
454360,0
454361,0
454362,1
454363,0
454364,0
454365,0
454366,0
454367,0
454368,0
454369,0
454370,0
454371,0
454372,0
454373,0
454374,0
454375,0
454376,0
454377,0
454378,0
454379,0
454380,0
454381,0
454382,0
454383,0
454384,0
454385,0
454386,0
454387,0
454388,0
454389,0
454390,0
454391,0
454392,0
454393,0
454394,0
454395,0
454396,0
454397,0
454398,0
454399,0
454400,0
454401,0
454402,0
454403,0
454404,0
454405,0
454406,0
454407,0
454408,0
454409,0
454410,0
454411,0
454412,0
454413,0
454414,0
454415,0
454416,0
454417,0
454418,0
454419,0
454420,0
454421,0
454422,0
454423,0
454424,0
454425,0
454426,0
454427,0
454428,0
454429,0
454430,0
454431,0
454432,0
454433,0
454434,0
454435,0
454436,0
454437,0
454438,0
454439,0
454440,0
454441,0
454442,0
454443,0
454444,0
454445,0
454446,1
454447,0
454448,0
454449,0
454450,0
454451,0
454452,0
454453,0
454454,0
454455,0
454456,0
454457,0
454458,0
454459,0
454460,0
454461,0
454462,0
454463,0
454464,0
454465,0
454466,0
454467,0
454468,0
454469,0
454470,0
454471,0
454472,0
454473,0
454474,0
454475,0
454476,0
454477,0
454478,0
454479,0
454480,0
454481,0
454482,0
454483,0
454484,0
454485,0
454486,0
454487,0
454488,2
454489,0
454490,0
454491,0
454492,0
454493,0
454494,0
454495,0
454496,0
454497,0
454498,0
454499,0
454500,0
454501,0
454502,0
454503,0
454504,0
454505,0
454506,0
454507,0
454508,0
454509,1
454510,0
454511,0
454512,0
454513,0
454514,0
454515,0
454516,0
454517,0
454518,0
454519,0
454520,0
454521,0
454522,0
454523,0
454524,0
454525,0
454526,0
454527,0
454528,0
454529,0
454530,0
454531,0
454532,0
454533,0
454534,0
454535,0
454536,0
454537,0
454538,0
454539,0
454540,0
454541,0
454542,0
454543,0
454544,0
454545,0
454546,0
454547,0
454548,0
454549,0
454550,0
454551,0
454552,0
454553,0
454554,0
454555,0
454556,0
454557,0
454558,0
454559,0
454560,0
454561,0
454562,0
454563,0
454564,0
454565,0
454566,0
454567,0
454568,0
454569,0
454570,0
454571,0
454572,0
454573,0
454574,0
454575,0
454576,0
454577,0
454578,0
454579,0
454580,0
454581,0
454582,0
454583,0
454584,0
454585,0
454586,0
454587,0
454588,1
454589,0
454590,0
454591,0
454592,0
454593,0
454594,0
454595,0
454596,0
454597,0
454598,0
454599,0
454600,0
454601,0
454602,0
454603,0
454604,0
454605,0
454606,0
454607,0
454608,0
454609,0
454610,0
454611,0
454612,0
454613,0
454614,0
454615,0
454616,0
454617,0
454618,0
454619,0
454620,0
454621,0
454622,0
454623,0
454624,0
454625,0
454626,0
454627,0
454628,0
454629,0
454630,0
454631,0
454632,0
454633,0
454634,0
454635,0
454636,0
454637,0
454638,0
454639,0
454640,0
454641,0
454642,0
454643,0
454644,0
454645,0
454646,0
454647,0
454648,0
454649,1
454650,0
454651,0
454652,0
454653,0
454654,0
454655,0
454656,0
454657,0
454658,0
454659,0
454660,0
454661,0
454662,0
454663,0
454664,0
454665,0
454666,0
454667,0
454668,0
454669,0
454670,0
454671,0
454672,0
454673,0
454674,0
454675,0
454676,0
454677,0
454678,0
454679,0
454680,0
454681,0
454682,0
454683,0
454684,0
454685,0
454686,0
454687,0
454688,0
454689,0
454690,0
454691,0
454692,0
454693,0
454694,0
454695,0
454696,0
454697,0
454698,0
454699,0
454700,0
454701,0
454702,0
454703,0
454704,23
454705,0
454706,27
454707,0
454708,5
454709,0
454710,0
454711,0
454712,0
454713,0
454714,0
454715,0
454716,0
454717,0
454718,0
454719,0
454720,0
454721,0
454722,0
454723,0
454724,0
454725,0
454726,0
454727,0
454728,0
454729,0
454730,0
454731,0
454732,0
454733,0
454734,0
454735,0
454736,0
454737,0
454738,0
454739,0
454740,0
454741,0
454742,0
454743,0
454744,0
454745,0
454746,0
454747,0
454748,0
454749,0
454750,0
454751,0
454752,0
454753,0
454754,0
454755,0
454756,0
454757,0
454758,0
454759,0
454760,0
454761,0
454762,0
454763,0
454764,0
454765,0
454766,0
454767,0
454768,0
454769,0
454770,0
454771,0
454772,0
454773,0
454774,0
454775,0
454776,0
454777,0
454778,0
454779,0
454780,0
454781,0
454782,0
454783,0
454784,0
454785,0
454786,0
454787,0
454788,0
454789,0
454790,0
454791,0
454792,0
454793,0
454794,0
454795,0
454796,0
454797,0
454798,0
454799,0
454800,0
454801,0
454802,0
454803,0
454804,0
454805,0
454806,0
454807,0
454808,23
454809,0
454810,16
454811,0
454812,0
454813,0
454814,0
454815,0
454816,0
454817,0
454818,0
454819,0
454820,0
454821,0
454822,0
454823,0
454824,0
454825,0
454826,0
454827,0
454828,0
454829,0
454830,0
454831,0
454832,0
454833,0
454834,0
454835,0
454836,0
454837,0
454838,0
454839,0
454840,0
454841,0
454842,0
454843,0
454844,0
454845,0
454846,0
454847,0
454848,0
454849,0
454850,0
454851,0
454852,0
454853,0
454854,0
454855,0
454856,0
454857,0
454858,0
454859,0
454860,0
454861,20
454862,0
454863,0
454864,0
454865,0
454866,0
454867,0
454868,23
454869,0
454870,0
454871,0
454872,0
454873,0
454874,0
454875,0
454876,0
454877,0
454878,0
454879,33
454880,0
454881,0
454882,0
454883,0
454884,0
454885,0
454886,25
454887,0
454888,0
454889,0
454890,0
454891,0
454892,0
454893,0
454894,0
454895,0
454896,0
454897,0
454898,0
454899,0
454900,0
454901,0
454902,0
454903,0
454904,0
454905,0
454906,0
454907,0
454908,0
454909,15
454910,0
454911,0
454912,0
454913,0
454914,0
454915,0
454916,19
454917,0
454918,0
454919,33
454920,0
454921,0
454922,0
454923,0
454924,0
454925,0
454926,0
454927,0
454928,0
454929,0
454930,0
454931,0
454932,0
454933,0
454934,0
454935,0
454936,0
454937,0
454938,0
454939,0
454940,0
454941,0
454942,0
454943,0
454944,23
454945,0
454946,0
454947,0
454948,0
454949,0
454950,0
454951,8
454952,0
454953,0
454954,0
454955,0
454956,0
454957,0
454958,0
454959,0
454960,0
454961,0
454962,0
454963,0
454964,0
454965,0
454966,0
454967,0
454968,0
454969,0
454970,0
454971,0
454972,0
454973,0
454974,0
454975,31
454976,0
454977,20
454978,16
454979,23
454980,0
454981,0
454982,0
454983,0
454984,0
454985,19
454986,0
454987,0
454988,0
454989,0
454990,0
454991,0
454992,0
454993,0
454994,0
454995,0
454996,0
454997,0
454998,0
454999,0
455000,20
455001,0
455002,0
455003,0
455004,0
455005,0
455006,0
455007,0
455008,0
455009,17
455010,0
455011,0
455012,0
455013,0
455014,0
455015,0
455016,0
455017,0
455018,0
455019,0
455020,0
455021,0
455022,0
455023,0
455024,0
455025,0
455026,0
455027,0
455028,0
455029,0
455030,0
455031,0
455032,0
455033,0
455034,0
455035,0
455036,0
455037,22
455038,25
455039,0
455040,15
455041,0
455042,0
455043,17
455044,0
455045,0
455046,25
455047,0
455048,0
455049,0
455050,0
455051,0
455052,0
455053,0
455054,0
455055,0
455056,0
455057,0
455058,0
455059,0
455060,0
455061,0
455062,0
455063,0
455064,25
455065,0
455066,24
455067,0
455068,0
455069,0
455070,0
455071,0
455072,14
455073,0
455074,0
455075,0
455076,0
455077,0
455078,0
455079,0
455080,12
455081,0
455082,20
455083,0
455084,0
455085,0
455086,0
455087,0
455088,0
455089,0
455090,17
455091,20
455092,0
455093,0
455094,0
455095,0
455096,0
455097,0
455098,0
455099,0
455100,0
455101,0
455102,0
455103,20
455104,0
455105,14
455106,0
455107,13
455108,0
455109,0
455110,0
455111,0
455112,0
455113,0
455114,0
455115,0
455116,0
455117,0
455118,0
455119,0
455120,0
455121,0
455122,0
455123,0
455124,0
455125,20
455126,0
455127,0
455128,0
455129,0
455130,0
455131,0
455132,17
455133,0
455134,0
455135,0
455136,20
455137,0
455138,0
455139,0
455140,13
455141,0
455142,0
455143,0
455144,0
455145,0
455146,0
455147,25
455148,0
455149,0
455150,0
455151,0
455152,0
455153,0
455154,0
455155,0
455156,0
455157,0
455158,0
455159,0
455160,0
455161,14
455162,0
455163,0
455164,0
455165,0
455166,0
455167,0
455168,7
455169,0
455170,0
455171,0
455172,0
455173,0
455174,17
455175,0
455176,0
455177,0
455178,0
455179,0
455180,0
455181,13
455182,16
455183,0
455184,17
455185,0
455186,15
455187,0
455188,0
455189,0
455190,0
455191,0
455192,0
455193,0
455194,0
455195,0
455196,0
455197,30
455198,0
455199,18
455200,0
455201,0
455202,0
455203,0
455204,0
455205,0
455206,0
455207,0
455208,13
455209,0
455210,14
455211,0
455212,0
455213,16
455214,0
455215,0
455216,0
455217,0
455218,0
455219,0
455220,18
455221,0
455222,0
455223,0
455224,0
455225,0
455226,0
455227,0
455228,0
455229,0
455230,0
455231,0
455232,0
455233,11
455234,0
455235,11
455236,0
455237,0
455238,0
455239,0
455240,0
455241,0
455242,0
455243,0
455244,0
455245,0
455246,0
455247,0
455248,0
455249,0
455250,0
455251,14
455252,0
455253,0
455254,0
455255,0
455256,21
455257,6
455258,0
455259,0
455260,0
455261,0
455262,0
455263,0
455264,0
455265,0
455266,0
455267,0
455268,0
455269,0
455270,0
455271,0
455272,0
455273,0
455274,0
455275,0
455276,8
455277,0
455278,0
455279,18
455280,0
455281,0
455282,0
455283,13
455284,0
455285,12
455286,0
455287,20
455288,0
455289,0
455290,0
455291,0
455292,11
455293,19
455294,0
455295,0
455296,0
455297,0
455298,0
455299,15
455300,0
455301,0
455302,0
455303,0
455304,0
455305,12
455306,0
455307,0
455308,0
455309,0
455310,13
455311,0
455312,0
455313,0
455314,0
455315,0
455316,0
455317,0
455318,0
455319,0
455320,0
455321,0
455322,0
455323,0
455324,0
455325,0
455326,9
455327,11
455328,0
455329,0
455330,12
455331,7
455332,0
455333,0
455334,0
455335,0
455336,9
455337,0
455338,0
455339,0
455340,0
455341,0
455342,9
455343,0
455344,0
455345,0
455346,0
455347,0
455348,0
455349,19
455350,0
455351,0
455352,0
455353,0
455354,0
455355,0
455356,0
455357,0
455358,0
455359,0
455360,0
455361,10
455362,0
455363,16
455364,0
455365,13
455366,0
455367,0
455368,0
455369,0
455370,0
455371,0
455372,0
455373,0
455374,0
455375,0
455376,0
455377,0
455378,0
455379,0
455380,0
455381,0
455382,9
455383,0
455384,0
455385,0
455386,0
455387,0
455388,10
455389,0
455390,0
455391,0
455392,0
455393,0
455394,0
455395,0
455396,0
455397,0
455398,0
455399,0
455400,0
455401,23
455402,0
455403,0
455404,0
455405,18
455406,0
455407,0
455408,0
455409,0
455410,0
455411,0
455412,0
455413,11
455414,9
455415,15
455416,0
455417,0
455418,0
455419,0
455420,11
455421,0
455422,0
455423,13
455424,0
455425,0
455426,0
455427,0
455428,0
455429,0
455430,0
455431,0
455432,0
455433,11
455434,0
455435,0
455436,0
455437,0
455438,0
455439,0
455440,17
455441,0
455442,0
455443,0
455444,0
455445,0
455446,0
455447,0
455448,13
455449,0
455450,0
455451,0
455452,0
455453,0
455454,0
455455,0
455456,0
455457,0
455458,0
455459,15
455460,0
455461,0
455462,0
455463,0
455464,0
455465,0
455466,0
455467,12
455468,0
455469,17
455470,0
455471,10
455472,0
455473,0
455474,0
455475,0
455476,0
455477,0
455478,0
455479,0
455480,7
455481,0
455482,0
455483,0
455484,0
455485,0
455486,11
455487,0
455488,0
455489,19
455490,0
455491,0
455492,0
455493,0
455494,0
455495,11
455496,0
455497,0
455498,0
455499,0
455500,0
455501,0
455502,0
455503,0
455504,0
455505,14
455506,6
455507,0
455508,0
455509,0
455510,0
455511,0
455512,0
455513,0
455514,0
455515,0
455516,0
455517,0
455518,0
455519,0
455520,0
455521,0
455522,0
455523,0
455524,0
455525,0
455526,0
455527,0
455528,0
455529,13
455530,23
455531,15
455532,0
455533,0
455534,0
455535,0
455536,0
455537,11
455538,0
455539,14
455540,13
455541,19
455542,14
455543,0
455544,0
455545,14
455546,15
455547,0
455548,0
455549,0
455550,0
455551,0
455552,0
455553,11
455554,0
455555,0
455556,0
455557,0
455558,0
455559,0
455560,21
455561,17
455562,0
455563,0
455564,0
455565,0
455566,0
455567,0
455568,0
455569,0
455570,0
455571,0
455572,0
455573,0
455574,11
455575,0
455576,9
455577,0
455578,9
455579,0
455580,15
455581,0
455582,0
455583,23
455584,0
455585,0
455586,0
455587,0
455588,0
455589,0
455590,0
455591,0
455592,0
455593,0
455594,0
455595,0
455596,0
455597,0
455598,18
455599,17
455600,0
455601,0
455602,0
455603,0
455604,16
455605,23
455606,16
455607,0
455608,0
455609,11
455610,0
455611,0
455612,0
455613,0
455614,0
455615,0
455616,0
455617,0
455618,15
455619,0
455620,0
455621,24
455622,0
455623,13
455624,0
455625,14
455626,0
455627,18
455628,0
455629,16
455630,0
455631,12
455632,0
455633,0
455634,0
455635,0
455636,13
455637,0
455638,0
455639,0
455640,0
455641,0
455642,0
455643,0
455644,0
455645,0
455646,0
455647,0
455648,0
455649,0
455650,0
455651,0
455652,0
455653,0
455654,10
455655,0
455656,0
455657,0
455658,11
455659,0
455660,12
455661,0
455662,0
455663,0
455664,17
455665,0
455666,0
455667,0
455668,16
455669,9
455670,0
455671,0
455672,6
455673,17
455674,0
455675,13
455676,0
455677,0
455678,0
455679,0
455680,0
455681,0
455682,0
455683,0
455684,0
455685,0
455686,13
455687,0
455688,0
455689,0
455690,0
455691,0
455692,0
455693,0
455694,8
455695,17
455696,8
455697,0
455698,0
455699,0
455700,0
455701,0
455702,0
455703,0
455704,0
455705,0
455706,0
455707,12
455708,0
455709,16
455710,0
455711,0
455712,0
455713,0
455714,0
455715,0
455716,0
455717,15
455718,0
455719,0
455720,0
455721,0
455722,11
455723,19
455724,6
455725,0
455726,0
455727,0
455728,0
455729,0
455730,0
455731,0
455732,0
455733,0
455734,0
455735,0
455736,0
455737,0
455738,0
455739,0
455740,0
455741,25
455742,0
455743,0
455744,0
455745,20
455746,0
455747,0
455748,9
455749,0
455750,0
455751,12
455752,17
455753,0
455754,0
455755,17
455756,0
455757,0
455758,14
455759,0
455760,0
455761,0
455762,0
455763,0
455764,0
455765,0
455766,0
455767,0
455768,0
455769,12
455770,15
455771,25
455772,0
455773,0
455774,0
455775,0
455776,0
455777,0
455778,0
455779,0
455780,0
455781,15
455782,12
455783,0
455784,0
455785,13
455786,0
455787,0
455788,17
455789,0
455790,13
455791,0
455792,0
455793,18
455794,22
455795,18
455796,19
455797,14
455798,0
455799,0
455800,0
455801,24
455802,19
455803,0
455804,0
455805,0
455806,0
455807,0
455808,0
455809,17
455810,0
455811,19
455812,13
455813,0
455814,0
455815,0
455816,0
455817,17
455818,0
455819,0
455820,0
455821,0
455822,0
455823,0
455824,17
455825,0
455826,0
455827,0
455828,13
455829,17
455830,10
455831,15
455832,0
455833,12
455834,0
455835,0
455836,0
455837,0
455838,0
455839,0
455840,0
455841,15
455842,0
455843,0
455844,0
455845,0
455846,0
455847,0
455848,14
455849,0
455850,0
455851,17
455852,0
455853,19
455854,14
455855,15
455856,0
455857,0
455858,0
455859,16
455860,0
455861,0
455862,8
455863,0
455864,0
455865,11
455866,0
455867,0
455868,0
455869,0
455870,0
455871,0
455872,0
455873,0
455874,0
455875,0
455876,0
455877,0
455878,0
455879,0
455880,13
455881,11
455882,0
455883,0
455884,0
455885,0
455886,0
455887,0
455888,11
455889,6
455890,0
455891,0
455892,0
455893,0
455894,11
455895,9
455896,0
455897,0
455898,0
455899,0
455900,0
455901,0
455902,0
455903,0
455904,11
455905,0
455906,10
455907,0
455908,0
455909,0
455910,0
455911,0
455912,0
455913,10
455914,0
455915,11
455916,0
455917,0
455918,0
455919,8
455920,0
455921,0
455922,0
455923,0
455924,8
455925,13
455926,0
455927,10
455928,0
455929,0
455930,0
455931,0
455932,0
455933,0
455934,0
455935,0
455936,0
455937,0
455938,13
455939,0
455940,15
455941,0
455942,6
455943,0
455944,0
455945,0
455946,9
455947,7
455948,0
455949,0
455950,0
455951,0
455952,0
455953,0
455954,0
455955,0
455956,13
455957,0
455958,0
455959,0
455960,14
455961,0
455962,17
455963,0
455964,0
455965,0
455966,0
455967,18
455968,0
455969,14
455970,0
455971,0
455972,0
455973,0
455974,16
455975,0
455976,0
455977,0
455978,12
455979,15
455980,12
455981,0
455982,0
455983,0
455984,0
455985,0
455986,12
455987,12
455988,0
455989,0
455990,0
455991,0
455992,0
455993,22
455994,0
455995,0
455996,0
455997,0
455998,0
455999,0
456000,0
456001,0
456002,0
456003,0
456004,0
456005,0
456006,0
456007,0
456008,0
456009,12
456010,0
456011,7
456012,8
456013,0
456014,0
456015,0
456016,0
456017,0
456018,0
456019,13
456020,10
456021,9
456022,0
456023,7
456024,0
456025,0
456026,0
456027,0
456028,0
456029,0
456030,0
456031,0
456032,13
456033,6
456034,0
456035,0
456036,0
456037,0
456038,7
456039,0
456040,0
456041,0
456042,0
456043,0
456044,0
456045,0
456046,0
456047,0
456048,11
456049,0
456050,0
456051,0
456052,0
456053,11
456054,0
456055,0
456056,9
456057,0
456058,0
456059,0
456060,0
456061,13
456062,14
456063,0
456064,8
456065,0
456066,0
456067,0
456068,0
456069,0
456070,0
456071,7
456072,0
456073,0
456074,20
456075,0
456076,0
456077,0
456078,13
456079,8
456080,0
456081,0
456082,0
456083,0
456084,11
456085,14
456086,0
456087,0
456088,0
456089,9
456090,0
456091,0
456092,0
456093,0
456094,0
456095,6
456096,0
456097,0
456098,0
456099,9
456100,11
456101,0
456102,0
456103,0
456104,0
456105,0
456106,0
456107,8
456108,9
456109,0
456110,20
456111,8
456112,0
456113,0
456114,0
456115,0
456116,0
456117,0
456118,0
456119,0
456120,0
456121,8
456122,0
456123,0
456124,0
456125,0
456126,0
456127,0
456128,13
456129,0
456130,0
456131,0
456132,0
456133,0
456134,0
456135,0
456136,0
456137,0
456138,12
456139,0
456140,0
456141,0
456142,0
456143,0
456144,0
456145,0
456146,0
456147,15
456148,8
456149,11
456150,0
456151,0
456152,0
456153,0
456154,0
456155,0
456156,0
456157,0
456158,0
456159,0
456160,0
456161,0
456162,0
456163,0
456164,17
456165,0
456166,0
456167,17
456168,0
456169,4
456170,0
456171,7
456172,0
456173,0
456174,0
456175,0
456176,0
456177,0
456178,0
456179,0
456180,0
456181,0
456182,12
456183,0
456184,0
456185,0
456186,15
456187,0
456188,0
456189,8
456190,9
456191,0
456192,11
456193,0
456194,0
456195,0
456196,0
456197,0
456198,0
456199,0
456200,0
456201,0
456202,0
456203,0
456204,0
456205,0
456206,0
456207,0
456208,0
456209,0
456210,0
456211,5
456212,0
456213,0
456214,0
456215,0
456216,0
456217,0
456218,0
456219,0
456220,0
456221,0
456222,0
456223,0
456224,0
456225,0
456226,0
456227,0
456228,0
456229,0
456230,0
456231,0
456232,0
456233,0
456234,0
456235,0
456236,0
456237,11
456238,12
456239,0
456240,9
456241,0
456242,0
456243,0
456244,0
456245,8
456246,10
456247,0
456248,13
456249,9
456250,0
456251,0
456252,0
456253,0
456254,0
456255,0
456256,0
456257,0
456258,0
456259,14
456260,0
456261,0
456262,0
456263,8
456264,0
456265,0
456266,0
456267,5
456268,5
456269,0
456270,0
456271,0
456272,0
456273,0
456274,0
456275,0
456276,0
456277,0
456278,0
456279,0
456280,0
456281,0
456282,0
456283,0
456284,13
456285,0
456286,0
456287,0
456288,0
456289,0
456290,0
456291,8
456292,0
456293,12
456294,0
456295,0
456296,0
456297,0
456298,0
456299,0
456300,0
456301,0
456302,0
456303,0
456304,0
456305,0
456306,11
456307,0
456308,0
456309,15
456310,0
456311,0
456312,0
456313,0
456314,0
456315,10
456316,0
456317,0
456318,0
456319,11
456320,5
456321,0
456322,0
456323,0
456324,0
456325,0
456326,0
456327,0
456328,0
456329,12
456330,0
456331,0
456332,0
456333,0
456334,7
456335,0
456336,12
456337,0
456338,0
456339,0
456340,0
456341,0
456342,0
456343,0
456344,0
456345,7
456346,7
456347,0
456348,16
456349,0
456350,0
456351,0
456352,0
456353,0
456354,0
456355,0
456356,0
456357,0
456358,0
456359,0
456360,0
456361,0
456362,0
456363,0
456364,0
456365,0
456366,0
456367,0
456368,0
456369,0
456370,0
456371,0
456372,0
456373,0
456374,0
456375,0
456376,0
456377,0
456378,0
456379,0
456380,0
456381,0
456382,0
456383,0
456384,0
456385,0
456386,0
456387,0
456388,0
456389,0
456390,0
456391,0
456392,0
456393,0
456394,0
456395,0
456396,0
456397,0
456398,0
456399,0
456400,0
456401,0
456402,0
456403,0
456404,0
456405,0
456406,0
456407,0
456408,0
456409,0
456410,0
456411,0
456412,0
456413,0
456414,0
456415,0
456416,0
456417,0
456418,0
456419,0
456420,0
456421,0
456422,1
456423,0
456424,0
456425,0
456426,0
456427,0
456428,0
456429,0
456430,0
456431,0
456432,0
456433,0
456434,0
456435,0
456436,0
456437,0
456438,0
456439,0
456440,0
456441,0
456442,0
456443,0
456444,0
456445,0
456446,0
456447,0
456448,0
456449,0
456450,0
456451,0
456452,0
456453,0
456454,0
456455,0
456456,0
456457,0
456458,0
456459,0
456460,0
456461,0
456462,0
456463,0
456464,0
456465,0
456466,0
456467,0
456468,0
456469,0
456470,0
456471,0
456472,0
456473,0
456474,0
456475,0
456476,0
456477,0
456478,0
456479,0
456480,0
456481,0
456482,0
456483,0
456484,0
456485,0
456486,0
456487,0
456488,0
456489,0
456490,0
456491,0
456492,0
456493,0
456494,0
456495,0
456496,0
456497,0
456498,0
456499,0
456500,0
456501,0
456502,0
456503,0
456504,0
456505,0
456506,0
456507,0
456508,0
456509,0
456510,0
456511,0
456512,0
456513,0
456514,0
456515,0
456516,0
456517,0
456518,0
456519,0
456520,0
456521,0
456522,0
456523,0
456524,0
456525,0
456526,0
456527,0
456528,0
456529,0
456530,0
456531,0
456532,0
456533,0
456534,0
456535,0
456536,0
456537,0
456538,0
456539,0
456540,0
456541,0
456542,0
456543,0
456544,0
456545,0
456546,0
456547,0
456548,0
456549,0
456550,0
456551,0
456552,0
456553,0
456554,0
456555,0
456556,0
456557,0
456558,0
456559,0
456560,0
456561,0
456562,0
456563,0
456564,0
456565,0
456566,0
456567,0
456568,0
456569,0
456570,0
456571,0
456572,0
456573,0
456574,0
456575,0
456576,0
456577,0
456578,0
456579,0
456580,0
456581,0
456582,0
456583,0
456584,0
456585,0
456586,0
456587,0
456588,0
456589,0
456590,0
456591,0
456592,0
456593,0
456594,0
456595,0
456596,0
456597,0
456598,0
456599,0
456600,0
456601,0
456602,0
456603,0
456604,0
456605,0
456606,0
456607,0
456608,0
456609,0
456610,0
456611,0
456612,0
456613,0
456614,0
456615,0
456616,0
456617,0
456618,0
456619,0
456620,0
456621,0
456622,0
456623,0
456624,0
456625,0
456626,0
456627,0
456628,0
456629,0
456630,0
456631,0
456632,0
456633,0
456634,0
456635,0
456636,0
456637,0
456638,0
456639,0
456640,0
456641,0
456642,0
456643,0
456644,0
456645,0
456646,0
456647,0
456648,0
456649,0
456650,0
456651,0
456652,0
456653,0
456654,0
456655,0
456656,0
456657,0
456658,0
456659,0
456660,0
456661,0
456662,0
456663,0
456664,0
456665,0
456666,0
456667,0
456668,0
456669,0
456670,0
456671,0
456672,0
456673,0
456674,0
456675,0
456676,0
456677,0
456678,0
456679,0
456680,0
456681,0
456682,0
456683,0
456684,0
456685,0
456686,0
456687,0
456688,0
456689,0
456690,0
456691,0
456692,0
456693,0
456694,0
456695,0
456696,0
456697,0
456698,0
456699,0
456700,0
456701,0
456702,0
456703,0
456704,0
456705,0
456706,0
456707,0
456708,0
456709,0
456710,0
456711,0
456712,0
456713,0
456714,0
456715,0
456716,0
456717,0
456718,0
456719,0
456720,0
456721,0
456722,0
456723,0
456724,0
456725,0
456726,0
456727,0
456728,0
456729,0
456730,0
456731,0
456732,0
456733,0
456734,0
456735,0
456736,0
456737,0
456738,0
456739,0
456740,0
456741,0
456742,0
456743,0
456744,0
456745,0
456746,0
456747,0
456748,0
456749,0
456750,0
456751,0
456752,0
456753,0
456754,0
456755,0
456756,0
456757,0
456758,0
456759,0
456760,0
456761,0
456762,0
456763,0
456764,0
456765,0
456766,0
456767,0
456768,0
456769,0
456770,0
456771,0
456772,0
456773,0
456774,0
456775,0
456776,0
456777,0
456778,0
456779,0
456780,0
456781,0
456782,0
456783,0
456784,0
456785,0
456786,0
456787,0
456788,0
456789,0
456790,0
456791,0
456792,0
456793,0
456794,0
456795,0
456796,0
456797,0
456798,0
456799,0
456800,0
456801,0
456802,0
456803,0
456804,0
456805,0
456806,0
456807,0
456808,0
456809,0
456810,0
456811,0
456812,0
456813,0
456814,0
456815,0
456816,0
456817,0
456818,0
456819,0
456820,0
456821,0
456822,0
456823,0
456824,0
456825,0
456826,0
456827,0
456828,0
456829,0
456830,0
456831,0
456832,0
456833,0
456834,0
456835,0
456836,0
456837,0
456838,0
456839,0
456840,0
456841,0
456842,0
456843,0
456844,0
456845,0
456846,0
456847,0
456848,0
456849,0
456850,0
456851,0
456852,0
456853,0
456854,0
456855,0
456856,0
456857,0
456858,0
456859,0
456860,0
456861,0
456862,0
456863,0
456864,0
456865,0
456866,0
456867,0
456868,0
456869,0
456870,0
456871,0
456872,0
456873,0
456874,0
456875,0
456876,0
456877,0
456878,0
456879,0
456880,0
456881,0
456882,0
456883,0
456884,0
456885,0
456886,0
456887,0
456888,0
456889,0
456890,0
456891,0
456892,0
456893,0
456894,0
456895,0
456896,0
456897,0
456898,0
456899,0
456900,0
456901,0
456902,0
456903,0
456904,0
456905,0
456906,0
456907,0
456908,0
456909,0
456910,0
456911,0
456912,0
456913,0
456914,0
456915,0
456916,0
456917,0
456918,0
456919,0
456920,0
456921,0
456922,0
456923,0
456924,0
456925,0
456926,0
456927,0
456928,0
456929,0
456930,0
456931,0
456932,0
456933,0
456934,0
456935,0
456936,0
456937,0
456938,0
456939,0
456940,0
456941,0
456942,0
456943,0
456944,0
456945,0
456946,0
456947,0
456948,0
456949,0
456950,0
456951,0
456952,0
456953,0
456954,0
456955,0
456956,0
456957,0
456958,0
456959,0
456960,0
456961,0
456962,0
456963,0
456964,0
456965,0
456966,0
456967,0
456968,0
456969,0
456970,0
456971,0
456972,0
456973,0
456974,0
456975,0
456976,0
456977,0
456978,0
456979,0
456980,0
456981,0
456982,0
456983,0
456984,0
456985,0
456986,0
456987,0
456988,0
456989,0
456990,0
456991,0
456992,0
456993,0
456994,0
456995,0
456996,0
456997,0
456998,0
456999,0
457000,0
457001,0
457002,0
457003,0
457004,0
457005,0
457006,0
457007,0
457008,0
457009,0
457010,0
457011,0
457012,0
457013,0
457014,0
457015,0
457016,0
457017,0
457018,0
457019,0
457020,0
457021,0
457022,0
457023,0
457024,0
457025,0
457026,0
457027,0
457028,0
457029,0
457030,0
457031,0
457032,0
457033,0
457034,0
457035,0
457036,0
457037,0
457038,0
457039,0
457040,0
457041,0
457042,0
457043,0
457044,0
457045,0
457046,0
457047,0
457048,0
457049,0
457050,1
457051,0
457052,0
457053,0
457054,1
457055,0
457056,0
457057,0
457058,0
457059,0
457060,0
457061,0
457062,0
457063,0
457064,0
457065,0
457066,0
457067,0
457068,0
457069,0
457070,0
457071,0
457072,0
457073,0
457074,0
457075,0
457076,0
457077,0
457078,0
457079,0
457080,0
457081,0
457082,0
457083,0
457084,0
457085,0
457086,0
457087,0
457088,0
457089,0
457090,0
457091,0
457092,0
457093,0
457094,0
457095,0
457096,0
457097,0
457098,0
457099,0
457100,0
457101,0
457102,0
457103,0
457104,0
457105,0
457106,0
457107,0
457108,0
457109,0
457110,0
457111,0
457112,0
457113,0
457114,0
457115,0
457116,0
457117,0
457118,0
457119,0
457120,0
457121,0
457122,0
457123,0
457124,0
457125,0
457126,0
457127,0
457128,1
457129,0
457130,0
457131,0
457132,0
457133,0
457134,1
457135,0
457136,0
457137,0
457138,0
457139,0
457140,0
457141,0
457142,0
457143,0
457144,0
457145,0
457146,0
457147,0
457148,0
457149,0
457150,0
457151,0
457152,0
457153,0
457154,0
457155,0
457156,0
457157,0
457158,0
457159,0
457160,0
457161,0
457162,0
457163,0
457164,0
457165,0
457166,0
457167,0
457168,0
457169,0
457170,0
457171,0
457172,0
457173,0
457174,0
457175,0
457176,0
457177,0
457178,0
457179,0
457180,0
457181,0
457182,0
457183,0
457184,0
457185,0
457186,0
457187,0
457188,0
457189,0
457190,0
457191,0
457192,0
457193,0
457194,0
457195,0
457196,0
457197,0
457198,0
457199,0
457200,0
457201,0
457202,0
457203,0
457204,0
457205,0
457206,0
457207,0
457208,0
457209,0
457210,0
457211,0
457212,0
457213,0
457214,0
457215,0
457216,0
457217,1
457218,0
457219,0
457220,0
457221,0
457222,0
457223,0
457224,0
457225,0
457226,0
457227,0
457228,0
457229,0
457230,0
457231,0
457232,0
457233,0
457234,0
457235,0
457236,0
457237,0
457238,0
457239,0
457240,0
457241,0
457242,0
457243,0
457244,0
457245,0
457246,0
457247,0
457248,0
457249,0
457250,0
457251,0
457252,0
457253,0
457254,0
457255,0
457256,0
457257,0
457258,0
457259,0
457260,0
457261,0
457262,0
457263,0
457264,0
457265,0
457266,0
457267,0
457268,0
457269,0
457270,0
457271,0
457272,0
457273,0
457274,0
457275,0
457276,0
457277,0
457278,2
457279,0
457280,0
457281,0
457282,0
457283,0
457284,0
457285,0
457286,0
457287,0
457288,0
457289,0
457290,0
457291,0
457292,0
457293,0
457294,0
457295,0
457296,0
457297,0
457298,0
457299,0
457300,0
457301,0
457302,0
457303,0
457304,0
457305,0
457306,0
457307,0
457308,0
457309,1
457310,0
457311,0
457312,0
457313,0
457314,0
457315,0
457316,0
457317,0
457318,0
457319,0
457320,0
457321,0
457322,0
457323,0
457324,0
457325,0
457326,0
457327,0
457328,0
457329,0
457330,0
457331,0
457332,0
457333,0
457334,0
457335,0
457336,0
457337,0
457338,0
457339,0
457340,0
457341,0
457342,0
457343,0
457344,0
457345,0
457346,0
457347,0
457348,0
457349,0
457350,0
457351,0
457352,0
457353,0
457354,0
457355,0
457356,0
457357,0
457358,0
457359,0
457360,0
457361,0
457362,0
457363,0
457364,0
457365,0
457366,0
457367,0
457368,0
457369,0
457370,0
457371,0
457372,0
457373,0
457374,0
457375,0
457376,0
457377,0
457378,0
457379,0
457380,0
457381,0
457382,0
457383,0
457384,0
457385,0
457386,1
457387,0
457388,0
457389,0
457390,0
457391,0
457392,0
457393,0
457394,0
457395,0
457396,0
457397,0
457398,0
457399,0
457400,0
457401,0
457402,0
457403,0
457404,0
457405,0
457406,0
457407,0
457408,0
457409,1
457410,0
457411,0
457412,0
457413,0
457414,0
457415,0
457416,0
457417,1
457418,0
457419,0
457420,0
457421,0
457422,0
457423,0
457424,0
457425,0
457426,0
457427,0
457428,1
457429,0
457430,0
457431,0
457432,0
457433,0
457434,0
457435,0
457436,0
457437,0
457438,0
457439,0
457440,0
457441,0
457442,0
457443,0
457444,0
457445,0
457446,0
457447,0
457448,0
457449,0
457450,0
457451,0
457452,0
457453,0
457454,0
457455,0
457456,0
457457,0
457458,0
457459,0
457460,0
457461,0
457462,0
457463,0
457464,0
457465,0
457466,0
457467,0
457468,0
457469,0
457470,0
457471,0
457472,0
457473,0
457474,0
457475,0
457476,0
457477,0
457478,0
457479,0
457480,0
457481,0
457482,0
457483,0
457484,0
457485,0
457486,0
457487,0
457488,0
457489,0
457490,0
457491,0
457492,0
457493,0
457494,0
457495,0
457496,0
457497,0
457498,0
457499,0
457500,0
457501,0
457502,0
457503,0
457504,0
457505,0
457506,0
457507,0
457508,0
457509,0
457510,0
457511,0
457512,0
457513,0
457514,0
457515,0
457516,0
457517,0
457518,0
457519,0
457520,0
457521,0
457522,0
457523,0
457524,0
457525,0
457526,0
457527,0
457528,0
457529,0
457530,0
457531,0
457532,0
457533,0
457534,0
457535,0
457536,0
457537,0
457538,0
457539,0
457540,0
457541,0
457542,0
457543,0
457544,0
457545,0
457546,0
457547,0
457548,0
457549,0
457550,0
457551,0
457552,0
457553,0
457554,0
457555,0
457556,0
457557,0
457558,0
457559,0
457560,0
457561,0
457562,0
457563,0
457564,0
457565,0
457566,0
457567,0
457568,0
457569,0
457570,0
457571,0
457572,0
457573,0
457574,0
457575,0
457576,0
457577,0
457578,0
457579,0
457580,0
457581,0
457582,1
457583,0
457584,0
457585,0
457586,0
457587,0
457588,1
457589,0
457590,0
457591,0
457592,0
457593,0
457594,0
457595,0
457596,0
457597,0
457598,0
457599,0
457600,0
457601,0
457602,0
457603,0
457604,0
457605,0
457606,0
457607,0
457608,0
457609,0
457610,0
457611,0
457612,0
457613,0
457614,0
457615,0
457616,0
457617,0
457618,0
457619,0
457620,0
457621,0
457622,0
457623,0
457624,0
457625,0
457626,0
457627,0
457628,0
457629,0
457630,0
457631,0
457632,0
457633,0
457634,0
457635,0
457636,0
457637,0
457638,0
457639,0
457640,0
457641,0
457642,0
457643,0
457644,0
457645,1
457646,0
457647,0
457648,0
457649,0
457650,0
457651,0
457652,0
457653,0
457654,0
457655,0
457656,0
457657,0
457658,0
457659,0
457660,0
457661,0
457662,0
457663,0
457664,0
457665,0
457666,0
457667,0
457668,0
457669,0
457670,0
457671,0
457672,0
457673,0
457674,0
457675,0
457676,0
457677,0
457678,0
457679,0
457680,0
457681,0
457682,0
457683,0
457684,0
457685,0
457686,0
457687,0
457688,0
457689,0
457690,0
457691,0
457692,0
457693,0
457694,0
457695,0
457696,0
457697,0
457698,0
457699,0
457700,0
457701,0
457702,0
457703,0
457704,0
457705,0
457706,0
457707,0
457708,0
457709,0
457710,0
457711,0
457712,0
457713,0
457714,0
457715,0
457716,0
457717,0
457718,0
457719,0
457720,0
457721,0
457722,0
457723,0
457724,0
457725,0
457726,0
457727,0
457728,0
457729,0
457730,0
457731,0
457732,0
457733,0
457734,0
457735,0
457736,0
457737,0
457738,0
457739,0
457740,0
457741,0
457742,0
457743,0
457744,0
457745,0
457746,0
457747,0
457748,0
457749,0
457750,0
457751,0
457752,0
457753,0
457754,0
457755,0
457756,0
457757,0
457758,0
457759,0
457760,0
457761,0
457762,0
457763,0
457764,0
457765,0
457766,0
457767,0
457768,0
457769,0
457770,0
457771,0
457772,0
457773,0
457774,0
457775,0
457776,0
457777,0
457778,0
457779,0
457780,0
457781,0
457782,0
457783,0
457784,0
457785,0
457786,0
457787,2
457788,0
457789,0
457790,0
457791,0
457792,0
457793,0
457794,0
457795,0
457796,0
457797,0
457798,0
457799,0
457800,0
457801,0
457802,0
457803,0
457804,0
457805,0
457806,0
457807,0
457808,0
457809,0
457810,0
457811,0
457812,0
457813,0
457814,0
457815,0
457816,0
457817,0
457818,0
457819,0
457820,0
457821,0
457822,0
457823,0
457824,0
457825,0
457826,0
457827,0
457828,0
457829,0
457830,0
457831,0
457832,0
457833,0
457834,0
457835,0
457836,0
457837,0
457838,0
457839,0
457840,0
457841,0
457842,3
457843,0
457844,0
457845,2
457846,0
457847,0
457848,0
457849,0
457850,0
457851,0
457852,0
457853,0
457854,0
457855,0
457856,2
457857,0
457858,0
457859,0
457860,0
457861,0
457862,0
457863,0
457864,0
457865,0
457866,0
457867,0
457868,0
457869,0
457870,0
457871,0
457872,0
457873,0
457874,0
457875,0
457876,0
457877,0
457878,0
457879,0
457880,0
457881,0
457882,0
457883,0
457884,0
457885,0
457886,0
457887,0
457888,0
457889,0
457890,0
457891,0
457892,0
457893,0
457894,0
457895,0
457896,0
457897,0
457898,0
457899,0
457900,0
457901,0
457902,0
457903,0
457904,0
457905,0
457906,0
457907,0
457908,0
457909,0
457910,0
457911,0
457912,0
457913,0
457914,1
457915,0
457916,0
457917,0
457918,0
457919,0
457920,0
457921,0
457922,0
457923,0
457924,0
457925,0
457926,0
457927,0
457928,0
457929,0
457930,0
457931,0
457932,0
457933,0
457934,0
457935,0
457936,0
457937,0
457938,0
457939,0
457940,0
457941,0
457942,0
457943,0
457944,0
457945,0
457946,0
457947,0
457948,0
457949,0
457950,0
457951,0
457952,0
457953,0
457954,0
457955,0
457956,0
457957,0
457958,0
457959,0
457960,2
457961,0
457962,0
457963,0
457964,0
457965,0
457966,0
457967,0
457968,0
457969,0
457970,3
457971,0
457972,0
457973,0
457974,0
457975,0
457976,0
457977,0
457978,0
457979,0
457980,0
457981,0
457982,0
457983,0
457984,0
457985,0
457986,0
457987,0
457988,0
457989,0
457990,0
457991,0
457992,0
457993,0
457994,0
457995,0
457996,0
457997,0
457998,0
457999,0
458000,0
458001,1
458002,0
458003,0
458004,0
458005,0
458006,0
458007,0
458008,0
458009,0
458010,0
458011,0
458012,0
458013,0
458014,1
458015,0
458016,0
458017,0
458018,0
458019,0
458020,0
458021,0
458022,0
458023,0
458024,0
458025,0
458026,0
458027,0
458028,0
458029,0
458030,0
458031,0
458032,0
458033,0
458034,0
458035,0
458036,0
458037,0
458038,2
458039,0
458040,0
458041,0
458042,0
458043,0
458044,0
458045,0
458046,0
458047,0
458048,0
458049,0
458050,0
458051,0
458052,0
458053,0
458054,0
458055,0
458056,0
458057,0
458058,0
458059,1
458060,0
458061,0
458062,0
458063,0
458064,0
458065,1
458066,0
458067,0
458068,0
458069,0
458070,0
458071,0
458072,0
458073,12
458074,0
458075,0
458076,0
458077,8
458078,0
458079,0
458080,0
458081,0
458082,0
458083,0
458084,19
458085,0
458086,0
458087,0
458088,20
458089,0
458090,0
458091,7
458092,0
458093,0
458094,0
458095,18
458096,0
458097,0
458098,10
458099,0
458100,0
458101,0
458102,0
458103,8
458104,0
458105,0
458106,14
458107,15
458108,0
458109,0
458110,11
458111,17
458112,0
458113,0
458114,0
458115,0
458116,0
458117,0
458118,0
458119,0
458120,15
458121,0
458122,0
458123,8
458124,0
458125,0
458126,0
458127,0
458128,0
458129,17
458130,0
458131,0
458132,0
458133,0
458134,0
458135,0
458136,0
458137,0
458138,0
458139,0
458140,0
458141,0
458142,0
458143,0
458144,0
458145,0
458146,0
458147,0
458148,0
458149,0
458150,0
458151,0
458152,0
458153,0
458154,14
458155,23
458156,0
458157,16
458158,0
458159,0
458160,0
458161,0
458162,13
458163,0
458164,13
458165,18
458166,0
458167,0
458168,0
458169,0
458170,0
458171,0
458172,0
458173,0
458174,0
458175,0
458176,0
458177,0
458178,0
458179,0
458180,20
458181,0
458182,0
458183,0
458184,10
458185,17
458186,9
458187,0
458188,0
458189,0
458190,17
458191,0
458192,0
458193,0
458194,0
458195,15
458196,20
458197,0
458198,17
458199,15
458200,0
458201,0
458202,0
458203,0
458204,0
458205,0
458206,0
458207,0
458208,0
458209,0
458210,0
458211,0
458212,0
458213,0
458214,0
458215,0
458216,0
458217,0
458218,0
458219,0
458220,0
458221,0
458222,0
458223,0
458224,0
458225,0
458226,0
458227,0
458228,0
458229,0
458230,0
458231,0
458232,0
458233,0
458234,0
458235,0
458236,0
458237,0
458238,0
458239,0
458240,0
458241,0
458242,0
458243,0
458244,0
458245,0
458246,0
458247,0
458248,0
458249,0
458250,0
458251,0
458252,0
458253,0
458254,0
458255,0
458256,0
458257,0
458258,0
458259,0
458260,0
458261,0
458262,0
458263,0
458264,0
458265,0
458266,0
458267,0
458268,0
458269,0
458270,0
458271,0
458272,0
458273,0
458274,0
458275,0
458276,0
458277,0
458278,0
458279,0
458280,0
458281,0
458282,0
458283,0
458284,0
458285,0
458286,0
458287,0
458288,0
458289,0
458290,0
458291,0
458292,0
458293,39
458294,0
458295,0
458296,0
458297,0
458298,0
458299,0
458300,26
458301,0
458302,31
458303,0
458304,0
458305,27
458306,0
458307,41
458308,0
458309,0
458310,0
458311,0
458312,0
458313,0
458314,0
458315,30
458316,0
458317,0
458318,0
458319,0
458320,0
458321,0
458322,27
458323,0
458324,0
458325,0
458326,0
458327,0
458328,0
458329,0
458330,0
458331,0
458332,0
458333,0
458334,0
458335,0
458336,0
458337,0
458338,0
458339,0
458340,0
458341,0
458342,0
458343,0
458344,36
458345,0
458346,0
458347,0
458348,16
458349,0
458350,0
458351,0
458352,0
458353,0
458354,0
458355,0
458356,0
458357,0
458358,0
458359,0
458360,0
458361,0
458362,0
458363,0
458364,0
458365,0
458366,0
458367,0
458368,0
458369,0
458370,0
458371,0
458372,17
458373,0
458374,0
458375,45
458376,0
458377,0
458378,0
458379,0
458380,0
458381,0
458382,34
458383,0
458384,0
458385,0
458386,0
458387,42
458388,0
458389,29
458390,33
458391,0
458392,0
458393,0
458394,0
458395,0
458396,44
458397,0
458398,0
458399,0
458400,0
458401,0
458402,0
458403,0
458404,0
458405,0
458406,0
458407,0
458408,39
458409,0
458410,0
458411,29
458412,0
458413,0
458414,39
458415,0
458416,0
458417,0
458418,0
458419,0
458420,0
458421,0
458422,0
458423,0
458424,0
458425,0
458426,0
458427,0
458428,0
458429,0
458430,0
458431,0
458432,0
458433,0
458434,0
458435,0
458436,47
458437,0
458438,0
458439,0
458440,0
458441,30
458442,0
458443,35
458444,0
458445,0
458446,0
458447,0
458448,0
458449,0
458450,0
458451,0
458452,0
458453,29
458454,0
458455,0
458456,0
458457,0
458458,0
458459,0
458460,0
458461,0
458462,0
458463,0
458464,0
458465,29
458466,0
458467,0
458468,0
458469,0
458470,0
458471,25
458472,0
458473,28
458474,0
458475,0
458476,0
458477,0
458478,0
458479,0
458480,0
458481,0
458482,0
458483,0
458484,0
458485,0
458486,0
458487,0
458488,0
458489,0
458490,0
458491,0
458492,0
458493,0
458494,0
458495,36
458496,0
458497,0
458498,0
458499,0
458500,0
458501,0
458502,40
458503,0
458504,0
458505,0
458506,47
458507,25
458508,0
458509,0
458510,0
458511,0
458512,40
458513,0
458514,0
458515,0
458516,0
458517,0
458518,0
458519,0
458520,0
458521,0
458522,0
458523,0
458524,0
458525,31
458526,0
458527,0
458528,0
458529,26
458530,0
458531,0
458532,0
458533,0
458534,34
458535,0
458536,0
458537,0
458538,0
458539,0
458540,0
458541,0
458542,36
458543,34
458544,0
458545,0
458546,0
458547,0
458548,34
458549,0
458550,0
458551,0
458552,0
458553,29
458554,0
458555,0
458556,0
458557,0
458558,0
458559,37
458560,0
458561,0
458562,0
458563,22
458564,29
458565,62
458566,0
458567,0
458568,0
458569,0
458570,0
458571,38
458572,0
458573,25
458574,17
458575,0
458576,29
458577,28
458578,0
458579,0
458580,0
458581,0
458582,0
458583,0
458584,0
458585,0
458586,0
458587,0
458588,0
458589,0
458590,0
458591,0
458592,0
458593,0
458594,0
458595,0
458596,0
458597,0
458598,0
458599,0
458600,0
458601,0
458602,0
458603,49
458604,26
458605,0
458606,30
458607,0
458608,0
458609,0
458610,17
458611,37
458612,0
458613,0
458614,0
458615,0
458616,0
458617,0
458618,0
458619,0
458620,17
458621,0
458622,17
458623,20
458624,0
458625,44
458626,0
458627,0
458628,44
458629,0
458630,0
458631,0
458632,0
458633,0
458634,0
458635,0
458636,0
458637,26
458638,0
458639,0
458640,0
458641,0
458642,27
458643,26
458644,45
458645,0
458646,43
458647,0
458648,30
458649,0
458650,0
458651,0
458652,43
458653,0
458654,0
458655,24
458656,0
458657,0
458658,0
458659,0
458660,0
458661,0
458662,0
458663,0
458664,32
458665,0
458666,0
458667,0
458668,0
458669,34
458670,18
458671,0
458672,19
458673,0
458674,0
458675,20
458676,0
458677,34
458678,0
458679,0
458680,0
458681,0
458682,0
458683,0
458684,0
458685,0
458686,50
458687,0
458688,28
458689,0
458690,0
458691,0
458692,28
458693,0
458694,0
458695,0
458696,0
458697,18
458698,0
458699,0
458700,0
458701,0
458702,0
458703,0
458704,0
458705,0
458706,0
458707,0
458708,0
458709,0
458710,0
458711,0
458712,0
458713,0
458714,29
458715,0
458716,0
458717,0
458718,0
458719,0
458720,0
458721,0
458722,0
458723,34
458724,0
458725,0
458726,0
458727,0
458728,0
458729,0
458730,0
458731,0
458732,0
458733,0
458734,0
458735,0
458736,31
458737,0
458738,0
458739,0
458740,0
458741,42
458742,32
458743,0
458744,30
458745,0
458746,0
458747,0
458748,22
458749,0
458750,0
458751,0
458752,20
458753,43
458754,0
458755,0
458756,0
458757,0
458758,0
458759,0
458760,35
458761,35
458762,0
458763,0
458764,0
458765,0
458766,0
458767,38
458768,0
458769,36
458770,0
458771,0
458772,0
458773,0
458774,0
458775,0
458776,0
458777,0
458778,0
458779,0
458780,22
458781,0
458782,0
458783,0
458784,0
458785,0
458786,0
458787,0
458788,0
458789,0
458790,0
458791,0
458792,0
458793,0
458794,0
458795,0
458796,0
458797,0
458798,0
458799,27
458800,0
458801,0
458802,0
458803,0
458804,0
458805,40
458806,0
458807,33
458808,0
458809,0
458810,0
458811,31
458812,0
458813,0
458814,0
458815,0
458816,0
458817,0
458818,0
458819,0
458820,0
458821,0
458822,0
458823,0
458824,0
458825,0
458826,0
458827,0
458828,0
458829,0
458830,0
458831,0
458832,0
458833,0
458834,44
458835,0
458836,46
458837,0
458838,0
458839,0
458840,0
458841,0
458842,33
458843,0
458844,0
458845,0
458846,0
458847,0
458848,0
458849,0
458850,0
458851,0
458852,0
458853,0
458854,0
458855,0
458856,0
458857,0
458858,0
458859,0
458860,0
458861,0
458862,0
458863,0
458864,44
458865,45
458866,0
458867,0
458868,24
458869,0
458870,35
458871,0
458872,0
458873,40
458874,0
458875,0
458876,0
458877,0
458878,0
458879,0
458880,0
458881,46
458882,0
458883,0
458884,44
458885,18
458886,0
458887,0
458888,42
458889,0
458890,0
458891,0
458892,0
458893,0
458894,0
458895,41
458896,0
458897,27
458898,0
458899,0
458900,43
458901,0
458902,0
458903,33
458904,0
458905,51
458906,0
458907,0
458908,0
458909,0
458910,0
458911,0
458912,0
458913,0
458914,0
458915,0
458916,0
458917,47
458918,22
458919,0
458920,0
458921,26
458922,47
458923,0
458924,0
458925,45
458926,0
458927,0
458928,0
458929,0
458930,35
458931,32
458932,0
458933,0
458934,0
458935,25
458936,0
458937,0
458938,0
458939,0
458940,0
458941,0
458942,0
458943,32
458944,0
458945,0
458946,0
458947,0
458948,0
458949,31
458950,0
458951,0
458952,0
458953,32
458954,0
458955,0
458956,0
458957,0
458958,0
458959,0
458960,0
458961,0
458962,0
458963,0
458964,0
458965,0
458966,0
458967,0
458968,0
458969,0
458970,0
458971,0
458972,0
458973,35
458974,30
458975,0
458976,0
458977,0
458978,0
458979,45
458980,0
458981,20
458982,22
458983,23
458984,35
458985,45
458986,0
458987,0
458988,0
458989,0
458990,0
458991,0
458992,0
458993,0
458994,0
458995,0
458996,0
458997,0
458998,0
458999,0
459000,0
459001,0
459002,0
459003,0
459004,0
459005,0
459006,0
459007,0
459008,0
459009,0
459010,0
459011,33
459012,41
459013,0
459014,0
459015,0
459016,0
459017,0
459018,0
459019,0
459020,35
459021,0
459022,0
459023,33
459024,0
459025,31
459026,0
459027,0
459028,0
459029,0
459030,0
459031,0
459032,33
459033,0
459034,0
459035,0
459036,0
459037,0
459038,0
459039,0
459040,55
459041,0
459042,0
459043,0
459044,0
459045,0
459046,0
459047,0
459048,0
459049,0
459050,0
459051,0
459052,0
459053,0
459054,0
459055,0
459056,0
459057,0
459058,0
459059,0
459060,0
459061,0
459062,0
459063,0
459064,0
459065,0
459066,0
459067,0
459068,0
459069,0
459070,0
459071,0
459072,0
459073,0
459074,0
459075,0
459076,0
459077,0
459078,0
459079,0
459080,0
459081,0
459082,0
459083,0
459084,0
459085,0
459086,0
459087,0
459088,0
459089,0
459090,0
459091,0
459092,0
459093,0
459094,0
459095,0
459096,24
459097,0
459098,0
459099,0
459100,0
459101,0
459102,0
459103,0
459104,0
459105,0
459106,0
459107,0
459108,0
459109,0
459110,0
459111,0
459112,0
459113,0
459114,0
459115,0
459116,0
459117,41
459118,0
459119,0
459120,0
459121,0
459122,0
459123,0
459124,0
459125,0
459126,0
459127,0
459128,0
459129,0
459130,0
459131,0
459132,0
459133,0
459134,0
459135,0
459136,0
459137,0
459138,0
459139,0
459140,0
459141,0
459142,0
459143,0
459144,0
459145,0
459146,0
459147,0
459148,0
459149,0
459150,0
459151,0
459152,0
459153,0
459154,0
459155,0
459156,0
459157,0
459158,0
459159,50
459160,0
459161,0
459162,0
459163,0
459164,0
459165,0
459166,0
459167,0
459168,47
459169,0
459170,0
459171,0
459172,0
459173,0
459174,0
459175,0
459176,0
459177,0
459178,0
459179,59
459180,0
459181,0
459182,0
459183,0
459184,79
459185,0
459186,0
459187,0
459188,0
459189,39
459190,0
459191,0
459192,0
459193,0
459194,0
459195,0
459196,0
459197,0
459198,0
459199,0
459200,30
459201,0
459202,0
459203,0
459204,0
459205,0
459206,0
459207,0
459208,0
459209,0
459210,0
459211,0
459212,0
459213,0
459214,0
459215,0
459216,0
459217,0
459218,0
459219,0
459220,0
459221,0
459222,0
459223,0
459224,0
459225,20
459226,0
459227,31
459228,42
459229,0
459230,50
459231,0
459232,0
459233,0
459234,0
459235,0
459236,0
459237,0
459238,0
459239,0
459240,0
459241,0
459242,0
459243,0
459244,0
459245,0
459246,0
459247,0
459248,0
459249,0
459250,0
459251,0
459252,0
459253,0
459254,0
459255,0
459256,0
459257,43
459258,35
459259,0
459260,0
459261,0
459262,0
459263,0
459264,0
459265,0
459266,0
459267,0
459268,0
459269,0
459270,0
459271,0
459272,0
459273,0
459274,0
459275,0
459276,0
459277,0
459278,0
459279,0
459280,0
459281,0
459282,0
459283,0
459284,0
459285,0
459286,26
459287,0
459288,0
459289,0
459290,0
459291,0
459292,0
459293,0
459294,0
459295,0
459296,0
459297,0
459298,0
459299,0
459300,0
459301,0
459302,0
459303,0
459304,0
459305,0
459306,0
459307,0
459308,0
459309,0
459310,0
459311,0
459312,0
459313,0
459314,0
459315,0
459316,0
459317,0
459318,0
459319,0
459320,0
459321,0
459322,50
459323,0
459324,0
459325,0
459326,0
459327,0
459328,0
459329,0
459330,0
459331,0
459332,0
459333,0
459334,0
459335,0
459336,0
459337,0
459338,0
459339,0
459340,0
459341,0
459342,0
459343,0
459344,0
459345,0
459346,0
459347,0
459348,0
459349,51
459350,0
459351,0
459352,0
459353,0
459354,0
459355,0
459356,0
459357,0
459358,0
459359,0
459360,0
459361,0
459362,0
459363,0
459364,0
459365,0
459366,0
459367,0
459368,0
459369,0
459370,0
459371,0
459372,0
459373,0
459374,0
459375,0
459376,0
459377,0
459378,32
459379,0
459380,0
459381,0
459382,0
459383,33
459384,0
459385,0
459386,0
459387,0
459388,0
459389,0
459390,0
459391,0
459392,0
459393,0
459394,0
459395,0
459396,0
459397,0
459398,0
459399,0
459400,31
459401,0
459402,0
459403,0
459404,0
459405,0
459406,0
459407,0
459408,0
459409,0
459410,0
459411,0
459412,0
459413,0
459414,0
459415,0
459416,0
459417,0
459418,0
459419,0
459420,0
459421,23
459422,0
459423,0
459424,0
459425,0
459426,0
459427,39
459428,0
459429,0
459430,0
459431,0
459432,0
459433,0
459434,0
459435,0
459436,0
459437,0
459438,0
459439,0
459440,0
459441,0
459442,0
459443,0
459444,0
459445,0
459446,0
459447,0
459448,0
459449,0
459450,0
459451,0
459452,0
459453,0
459454,0
459455,0
459456,0
459457,0
459458,0
459459,0
459460,0
459461,0
459462,0
459463,0
459464,0
459465,0
459466,0
459467,0
459468,0
459469,0
459470,0
459471,0
459472,0
459473,0
459474,0
459475,0
459476,0
459477,0
459478,0
459479,0
459480,0
459481,0
459482,0
459483,0
459484,0
459485,0
459486,0
459487,0
459488,0
459489,0
459490,0
459491,0
459492,0
459493,0
459494,0
459495,0
459496,0
459497,0
459498,0
459499,0
459500,0
459501,0
459502,0
459503,0
459504,0
459505,0
459506,0
459507,0
459508,0
459509,0
459510,0
459511,0
459512,0
459513,0
459514,0
459515,0
459516,0
459517,0
459518,0
459519,0
459520,0
459521,0
459522,0
459523,0
459524,0
459525,0
459526,0
459527,0
459528,0
459529,0
459530,0
459531,0
459532,0
459533,0
459534,0
459535,0
459536,0
459537,0
459538,0
459539,0
459540,0
459541,0
459542,0
459543,0
459544,0
459545,0
459546,0
459547,0
459548,0
459549,0
459550,0
459551,0
459552,0
459553,0
459554,0
459555,0
459556,0
459557,0
459558,0
459559,0
459560,0
459561,0
459562,0
459563,0
459564,0
459565,0
459566,0
459567,0
459568,0
459569,0
459570,0
459571,0
459572,0
459573,0
459574,0
459575,0
459576,0
459577,0
459578,0
459579,0
459580,0
459581,0
459582,0
459583,0
459584,0
459585,0
459586,0
459587,0
459588,0
459589,0
459590,0
459591,0
459592,0
459593,0
459594,0
459595,0
459596,0
459597,0
459598,0
459599,0
459600,0
459601,0
459602,0
459603,0
459604,0
459605,0
459606,0
459607,0
459608,0
459609,0
459610,0
459611,0
459612,0
459613,0
459614,0
459615,0
459616,0
459617,0
459618,0
459619,0
459620,0
459621,0
459622,0
459623,0
459624,0
459625,0
459626,0
459627,0
459628,0
459629,0
459630,0
459631,0
459632,0
459633,0
459634,0
459635,0
459636,0
459637,0
459638,0
459639,0
459640,0
459641,0
459642,0
459643,0
459644,0
459645,0
459646,0
459647,0
459648,0
459649,0
459650,0
459651,0
459652,0
459653,0
459654,0
459655,0
459656,0
459657,0
459658,0
459659,0
459660,0
459661,0
459662,0
459663,0
459664,0
459665,0
459666,0
459667,0
459668,0
459669,0
459670,0
459671,0
459672,0
459673,0
459674,0
459675,0
459676,0
459677,0
459678,0
459679,0
459680,0
459681,0
459682,0
459683,0
459684,0
459685,0
459686,0
459687,0
459688,0
459689,0
459690,0
459691,0
459692,0
459693,0
459694,0
459695,0
459696,0
459697,0
459698,0
459699,0
459700,0
459701,0
459702,0
459703,0
459704,0
459705,0
459706,0
459707,0
459708,0
459709,0
459710,0
459711,0
459712,0
459713,0
459714,0
459715,0
459716,0
459717,0
459718,0
459719,0
459720,0
459721,0
459722,0
459723,0
459724,0
459725,0
459726,0
459727,0
459728,0
459729,0
459730,0
459731,0
459732,0
459733,0
459734,0
459735,0
459736,0
459737,0
459738,0
459739,0
459740,0
459741,0
459742,0
459743,0
459744,0
459745,0
459746,0
459747,0
459748,0
459749,0
459750,0
459751,0
459752,0
459753,0
459754,0
459755,0
459756,0
459757,0
459758,0
459759,0
459760,0
459761,0
459762,0
459763,0
459764,0
459765,0
459766,0
459767,0
459768,0
459769,0
459770,0
459771,0
459772,0
459773,0
459774,0
459775,0
459776,0
459777,0
459778,0
459779,0
459780,0
459781,0
459782,0
459783,0
459784,0
459785,0
459786,0
459787,0
459788,0
459789,0
459790,0
459791,0
459792,0
459793,0
459794,0
459795,0
459796,0
459797,0
459798,0
459799,0
459800,0
459801,0
459802,0
459803,0
459804,0
459805,0
459806,0
459807,0
459808,0
459809,0
459810,0
459811,0
459812,0
459813,0
459814,0
459815,0
459816,0
459817,0
459818,0
459819,0
459820,0
459821,0
459822,0
459823,0
459824,0
459825,0
459826,0
459827,0
459828,0
459829,0
459830,0
459831,0
459832,0
459833,0
459834,0
459835,0
459836,0
459837,0
459838,0
459839,0
459840,0
459841,0
459842,0
459843,0
459844,0
459845,0
459846,0
459847,1
459848,0
459849,0
459850,0
459851,0
459852,0
459853,0
459854,0
459855,0
459856,0
459857,0
459858,0
459859,0
459860,0
459861,0
459862,0
459863,0
459864,0
459865,0
459866,0
459867,0
459868,0
459869,0
459870,0
459871,0
459872,0
459873,0
459874,0
459875,0
459876,0
459877,0
459878,0
459879,0
459880,0
459881,0
459882,0
459883,0
459884,0
459885,0
459886,0
459887,0
459888,0
459889,0
459890,0
459891,0
459892,0
459893,0
459894,0
459895,0
459896,0
459897,0
459898,0
459899,0
459900,0
459901,0
459902,0
459903,0
459904,0
459905,0
459906,0
459907,0
459908,0
459909,0
459910,0
459911,0
459912,0
459913,0
459914,0
459915,0
459916,0
459917,0
459918,0
459919,0
459920,0
459921,0
459922,0
459923,0
459924,0
459925,0
459926,0
459927,0
459928,0
459929,0
459930,0
459931,0
459932,0
459933,0
459934,0
459935,0
459936,0
459937,0
459938,0
459939,0
459940,0
459941,0
459942,0
459943,0
459944,0
459945,0
459946,0
459947,0
459948,0
459949,0
459950,0
459951,0
459952,0
459953,0
459954,0
459955,0
459956,0
459957,0
459958,0
459959,0
459960,0
459961,0
459962,0
459963,0
459964,0
459965,1
459966,0
459967,0
459968,0
459969,0
459970,0
459971,0
459972,0
459973,0
459974,0
459975,0
459976,0
459977,0
459978,1
459979,0
459980,0
459981,0
459982,0
459983,0
459984,0
459985,0
459986,0
459987,0
459988,0
459989,0
459990,0
459991,0
459992,0
459993,0
459994,0
459995,0
459996,0
459997,0
459998,0
459999,0
460000,1
460001,0
460002,0
460003,0
460004,0
460005,0
460006,0
460007,0
460008,0
460009,0
460010,0
460011,0
460012,0
460013,0
460014,0
460015,0
460016,0
460017,0
460018,0
460019,0
460020,0
460021,0
460022,0
460023,0
460024,0
460025,0
460026,0
460027,0
460028,0
460029,0
460030,0
460031,0
460032,0
460033,0
460034,0
460035,0
460036,0
460037,0
460038,0
460039,0
460040,0
460041,0
460042,0
460043,0
460044,0
460045,0
460046,0
460047,0
460048,0
460049,0
460050,0
460051,0
460052,0
460053,0
460054,0
460055,0
460056,0
460057,0
460058,0
460059,0
460060,0
460061,0
460062,0
460063,0
460064,0
460065,0
460066,0
460067,0
460068,0
460069,0
460070,0
460071,0
460072,0
460073,0
460074,0
460075,0
460076,0
460077,0
460078,0
460079,0
460080,0
460081,0
460082,0
460083,0
460084,0
460085,0
460086,0
460087,0
460088,0
460089,0
460090,0
460091,0
460092,0
460093,0
460094,0
460095,0
460096,0
460097,0
460098,0
460099,0
460100,0
460101,0
460102,0
460103,0
460104,0
460105,0
460106,0
460107,0
460108,0
460109,0
460110,0
460111,0
460112,0
460113,0
460114,0
460115,0
460116,0
460117,0
460118,0
460119,0
460120,0
460121,0
460122,0
460123,0
460124,0
460125,0
460126,0
460127,0
460128,0
460129,0
460130,0
460131,0
460132,0
460133,0
460134,0
460135,0
460136,0
460137,0
460138,0
460139,0
460140,0
460141,0
460142,0
460143,0
460144,0
460145,0
460146,0
460147,0
460148,0
460149,0
460150,0
460151,0
460152,0
460153,0
460154,0
460155,0
460156,0
460157,0
460158,0
460159,0
460160,0
460161,0
460162,0
460163,0
460164,0
460165,0
460166,0
460167,0
460168,0
460169,0
460170,0
460171,0
460172,0
460173,0
460174,0
460175,0
460176,0
460177,0
460178,0
460179,0
460180,0
460181,0
460182,0
460183,0
460184,0
460185,0
460186,0
460187,0
460188,0
460189,0
460190,0
460191,0
460192,0
460193,0
460194,0
460195,0
460196,0
460197,0
460198,0
460199,0
460200,0
460201,0
460202,0
460203,0
460204,0
460205,0
460206,0
460207,0
460208,0
460209,0
460210,0
460211,0
460212,0
460213,0
460214,0
460215,0
460216,0
460217,0
460218,0
460219,0
460220,0
460221,0
460222,0
460223,0
460224,0
460225,0
460226,0
460227,0
460228,0
460229,0
460230,0
460231,0
460232,0
460233,0
460234,0
460235,0
460236,0
460237,0
460238,0
460239,0
460240,0
460241,0
460242,0
460243,0
460244,0
460245,0
460246,0
460247,0
460248,0
460249,0
460250,0
460251,0
460252,0
460253,0
460254,0
460255,0
460256,0
460257,0
460258,0
460259,0
460260,0
460261,0
460262,0
460263,0
460264,0
460265,0
460266,0
460267,0
460268,0
460269,0
460270,0
460271,0
460272,0
460273,0
460274,0
460275,0
460276,0
460277,0
460278,0
460279,0
460280,0
460281,0
460282,0
460283,0
460284,0
460285,0
460286,0
460287,0
460288,0
460289,0
460290,0
460291,0
460292,0
460293,0
460294,0
460295,0
460296,0
460297,0
460298,0
460299,0
460300,0
460301,0
460302,0
460303,0
460304,0
460305,0
460306,0
460307,0
460308,0
460309,0
460310,0
460311,0
460312,0
460313,0
460314,0
460315,0
460316,0
460317,0
460318,0
460319,0
460320,0
460321,0
460322,0
460323,0
460324,0
460325,0
460326,0
460327,0
460328,0
460329,0
460330,0
460331,0
460332,0
460333,0
460334,0
460335,0
460336,0
460337,0
460338,0
460339,0
460340,0
460341,0
460342,0
460343,0
460344,0
460345,0
460346,0
460347,0
460348,0
460349,0
460350,0
460351,0
460352,0
460353,0
460354,0
460355,0
460356,0
460357,0
460358,0
460359,0
460360,0
460361,0
460362,0
460363,0
460364,0
460365,18
460366,0
460367,0
460368,0
460369,0
460370,0
460371,0
460372,0
460373,0
460374,0
460375,0
460376,0
460377,24
460378,0
460379,0
460380,0
460381,0
460382,0
460383,8
460384,0
460385,0
460386,0
460387,0
460388,0
460389,0
460390,0
460391,12
460392,0
460393,0
460394,0
460395,27
460396,0
460397,0
460398,0
460399,31
460400,30
460401,0
460402,22
460403,21
460404,0
460405,0
460406,0
460407,0
460408,0
460409,0
460410,0
460411,0
460412,0
460413,19
460414,0
460415,21
460416,0
460417,0
460418,0
460419,0
460420,0
460421,45
460422,15
460423,0
460424,30
460425,19
460426,0
460427,0
460428,0
460429,0
460430,0
460431,0
460432,0
460433,0
460434,0
460435,0
460436,29
460437,0
460438,0
460439,10
460440,15
460441,28
460442,0
460443,0
460444,0
460445,36
460446,0
460447,0
460448,0
460449,0
460450,0
460451,0
460452,0
460453,0
460454,18
460455,0
460456,0
460457,0
460458,33
460459,11
460460,0
460461,27
460462,15
460463,0
460464,20
460465,0
460466,0
460467,0
460468,0
460469,0
460470,0
460471,0
460472,0
460473,0
460474,22
460475,35
460476,0
460477,23
460478,25
460479,0
460480,0
460481,0
460482,0
460483,0
460484,0
460485,0
460486,0
460487,0
460488,0
460489,0
460490,0
460491,0
460492,26
460493,0
460494,34
460495,0
460496,0
460497,0
460498,0
460499,0
460500,0
460501,0
460502,0
460503,0
460504,0
460505,0
460506,0
460507,0
460508,0
460509,18
460510,0
460511,0
460512,0
460513,22
460514,0
460515,0
460516,33
460517,0
460518,13
460519,28
460520,0
460521,0
460522,0
460523,0
460524,0
460525,20
460526,0
460527,0
460528,0
460529,0
460530,0
460531,0
460532,0
460533,0
460534,29
460535,0
460536,18
460537,0
460538,0
460539,0
460540,14
460541,27
460542,0
460543,0
460544,0
460545,0
460546,24
460547,23
460548,0
460549,20
460550,0
460551,0
460552,0
460553,30
460554,0
460555,0
460556,0
460557,0
460558,0
460559,0
460560,46
460561,0
460562,0
460563,0
460564,33
460565,0
460566,23
460567,0
460568,0
460569,20
460570,0
460571,0
460572,13
460573,24
460574,0
460575,0
460576,0
460577,0
460578,0
460579,0
460580,0
460581,0
460582,0
460583,0
460584,0
460585,0
460586,0
460587,0
460588,0
460589,0
460590,0
460591,0
460592,0
460593,0
460594,13
460595,0
460596,0
460597,0
460598,0
460599,0
460600,23
460601,23
460602,0
460603,0
460604,0
460605,26
460606,33
460607,37
460608,0
460609,22
460610,0
460611,0
460612,0
460613,0
460614,0
460615,12
460616,0
460617,0
460618,0
460619,0
460620,0
460621,0
460622,30
460623,0
460624,0
460625,0
460626,0
460627,0
460628,32
460629,27
460630,0
460631,0
460632,0
460633,0
460634,19
460635,0
460636,0
460637,0
460638,0
460639,0
460640,0
460641,0
460642,0
460643,0
460644,0
460645,0
460646,41
460647,0
460648,0
460649,0
460650,48
460651,0
460652,0
460653,0
460654,17
460655,39
460656,16
460657,26
460658,0
460659,0
460660,0
460661,0
460662,13
460663,0
460664,0
460665,0
460666,0
460667,0
460668,0
460669,0
460670,0
460671,0
460672,0
460673,42
460674,0
460675,0
460676,43
460677,22
460678,0
460679,8
460680,0
460681,0
460682,0
460683,35
460684,0
460685,21
460686,0
460687,30
460688,0
460689,0
460690,0
460691,29
460692,0
460693,0
460694,0
460695,0
460696,39
460697,0
460698,18
460699,0
460700,0
460701,0
460702,0
460703,0
460704,31
460705,0
460706,0
460707,0
460708,0
460709,0
460710,0
460711,39
460712,0
460713,0
460714,0
460715,0
460716,25
460717,0
460718,0
460719,43
460720,0
460721,0
460722,0
460723,0
460724,0
460725,40
460726,0
460727,21
460728,20
460729,0
460730,0
460731,0
460732,23
460733,0
460734,0
460735,0
460736,0
460737,0
460738,0
460739,0
460740,0
460741,0
460742,0
460743,19
460744,0
460745,0
460746,0
460747,0
460748,0
460749,0
460750,0
460751,0
460752,0
460753,0
460754,0
460755,18
460756,21
460757,0
460758,0
460759,0
460760,17
460761,33
460762,25
460763,0
460764,0
460765,0
460766,0
460767,0
460768,0
460769,0
460770,0
460771,20
460772,0
460773,0
460774,0
460775,0
460776,0
460777,0
460778,36
460779,0
460780,0
460781,0
460782,0
460783,0
460784,0
460785,0
460786,0
460787,0
460788,0
460789,0
460790,0
460791,0
460792,0
460793,0
460794,0
460795,0
460796,15
460797,0
460798,0
460799,19
460800,0
460801,0
460802,0
460803,18
460804,0
460805,0
460806,0
460807,0
460808,0
460809,0
460810,0
460811,0
460812,0
460813,0
460814,0
460815,16
460816,0
460817,30
460818,0
460819,0
460820,0
460821,0
460822,29
460823,0
460824,12
460825,0
460826,0
460827,0
460828,0
460829,0
460830,0
460831,29
460832,13
460833,0
460834,0
460835,5
460836,16
460837,0
460838,0
460839,0
460840,11
460841,0
460842,0
460843,0
460844,0
460845,0
460846,50
460847,0
460848,24
460849,44
460850,0
460851,0
460852,0
460853,0
460854,0
460855,0
460856,0
460857,0
460858,16
460859,0
460860,0
460861,22
460862,19
460863,28
460864,0
460865,0
460866,12
460867,0
460868,0
460869,0
460870,0
460871,4
460872,0
460873,49
460874,23
460875,0
460876,0
460877,0
460878,0
460879,44
460880,0
460881,0
460882,6
460883,0
460884,22
460885,26
460886,25
460887,0
460888,0
460889,16
460890,0
460891,0
460892,0
460893,0
460894,18
460895,0
460896,14
460897,0
460898,0
460899,0
460900,0
460901,0
460902,0
460903,37
460904,0
460905,0
460906,0
460907,0
460908,30
460909,0
460910,0
460911,0
460912,0
460913,0
460914,28
460915,0
460916,0
460917,21
460918,0
460919,0
460920,17
460921,28
460922,0
460923,0
460924,0
460925,0
460926,0
460927,33
460928,0
460929,0
460930,0
460931,0
460932,19
460933,0
460934,0
460935,0
460936,0
460937,0
460938,0
460939,0
460940,16
460941,0
460942,0
460943,29
460944,13
460945,24
460946,0
460947,0
460948,0
460949,0
460950,19
460951,0
460952,22
460953,34
460954,0
460955,24
460956,0
460957,0
460958,0
460959,0
460960,0
460961,0
460962,0
460963,0
460964,0
460965,31
460966,0
460967,0
460968,0
460969,0
460970,0
460971,0
460972,0
460973,0
460974,42
460975,16
460976,0
460977,0
460978,0
460979,26
460980,0
460981,0
460982,0
460983,0
460984,0
460985,0
460986,23
460987,0
460988,0
460989,42
460990,0
460991,0
460992,17
460993,0
460994,31
460995,0
460996,22
460997,0
460998,31
460999,14
461000,0
461001,41
461002,0
461003,0
461004,0
461005,54
461006,0
461007,0
461008,20
461009,0
461010,0
461011,0
461012,0
461013,17
461014,21
461015,20
461016,0
461017,0
461018,46
461019,0
461020,0
461021,0
461022,0
461023,0
461024,0
461025,45
461026,0
461027,0
461028,19
461029,0
461030,0
461031,0
461032,0
461033,0
461034,0
461035,23
461036,0
461037,0
461038,49
461039,0
461040,0
461041,0
461042,0
461043,0
461044,0
461045,14
461046,0
461047,0
461048,34
461049,0
461050,0
461051,0
461052,0
461053,0
461054,0
461055,0
461056,0
461057,0
461058,0
461059,0
461060,0
461061,0
461062,0
461063,41
461064,29
461065,0
461066,0
461067,0
461068,0
461069,0
461070,0
461071,0
461072,10
461073,0
461074,0
461075,0
461076,19
461077,0
461078,0
461079,40
461080,0
461081,0
461082,0
461083,0
461084,0
461085,0
461086,0
461087,0
461088,0
461089,0
461090,0
461091,0
461092,0
461093,0
461094,0
461095,0
461096,12
461097,31
461098,0
461099,19
461100,19
461101,35
461102,0
461103,0
461104,29
461105,0
461106,0
461107,0
461108,22
461109,0
461110,0
461111,0
461112,23
461113,0
461114,0
461115,0
461116,16
461117,0
461118,0
461119,0
461120,32
461121,0
461122,0
461123,0
461124,33
461125,26
461126,21
461127,0
461128,38
461129,0
461130,0
461131,53
461132,0
461133,0
461134,29
461135,27
461136,0
461137,0
461138,0
461139,0
461140,0
461141,0
461142,0
461143,29
461144,0
461145,0
461146,24
461147,14
461148,0
461149,0
461150,0
461151,0
461152,0
461153,0
461154,0
461155,0
461156,0
461157,0
461158,0
461159,0
461160,0
461161,16
461162,0
461163,0
461164,0
461165,0
461166,0
461167,29
461168,0
461169,0
461170,0
461171,30
461172,19
461173,0
461174,0
461175,0
461176,0
461177,0
461178,0
461179,0
461180,0
461181,0
461182,0
461183,0
461184,0
461185,14
461186,0
461187,0
461188,0
461189,41
461190,0
461191,22
461192,0
461193,0
461194,0
461195,0
461196,0
461197,17
461198,26
461199,0
461200,0
461201,0
461202,0
461203,0
461204,0
461205,40
461206,0
461207,0
461208,0
461209,0
461210,0
461211,0
461212,0
461213,0
461214,0
461215,0
461216,0
461217,0
461218,0
461219,0
461220,36
461221,0
461222,0
461223,0
461224,0
461225,49
461226,0
461227,0
461228,0
461229,0
461230,0
461231,0
461232,0
461233,0
461234,0
461235,0
461236,0
461237,0
461238,0
461239,0
461240,38
461241,0
461242,0
461243,0
461244,0
461245,32
461246,0
461247,0
461248,28
461249,0
461250,0
461251,0
461252,0
461253,0
461254,0
461255,53
461256,0
461257,0
461258,0
461259,0
461260,0
461261,0
461262,0
461263,35
461264,0
461265,0
461266,0
461267,0
461268,0
461269,0
461270,0
461271,0
461272,0
461273,0
461274,0
461275,0
461276,0
461277,0
461278,0
461279,0
461280,41
461281,0
461282,0
461283,0
461284,0
461285,0
461286,32
461287,0
461288,0
461289,0
461290,0
461291,0
461292,0
461293,0
461294,0
461295,0
461296,0
461297,28
461298,0
461299,0
461300,0
461301,0
461302,0
461303,0
461304,0
461305,0
461306,0
461307,0
461308,0
461309,0
461310,0
461311,0
461312,0
461313,0
461314,0
461315,44
461316,0
461317,0
461318,0
461319,0
461320,0
461321,0
461322,0
461323,0
461324,0
461325,0
461326,0
461327,0
461328,0
461329,0
461330,0
461331,0
461332,0
461333,0
461334,0
461335,0
461336,0
461337,0
461338,0
461339,0
461340,0
461341,0
461342,0
461343,0
461344,0
461345,0
461346,0
461347,0
461348,0
461349,0
461350,0
461351,0
461352,0
461353,0
461354,0
461355,0
461356,0
461357,0
461358,29
461359,0
461360,0
461361,0
461362,0
461363,0
461364,0
461365,0
461366,0
461367,0
461368,0
461369,38
461370,0
461371,0
461372,37
461373,0
461374,0
461375,0
461376,0
461377,0
461378,0
461379,0
461380,35
461381,0
461382,0
461383,0
461384,0
461385,0
461386,0
461387,0
461388,0
461389,0
461390,0
461391,0
461392,0
461393,0
461394,0
461395,0
461396,0
461397,0
461398,0
461399,0
461400,15
461401,0
461402,0
461403,0
461404,0
461405,0
461406,0
461407,0
461408,0
461409,0
461410,0
461411,34
461412,27
461413,0
461414,0
461415,0
461416,0
461417,0
461418,0
461419,34
461420,0
461421,0
461422,0
461423,0
461424,0
461425,0
461426,0
461427,0
461428,0
461429,0
461430,0
461431,0
461432,0
461433,0
461434,0
461435,0
461436,0
461437,0
461438,0
461439,0
461440,0
461441,0
461442,0
461443,0
461444,0
461445,0
461446,0
461447,0
461448,0
461449,0
461450,0
461451,27
461452,0
461453,0
461454,0
461455,0
461456,41
461457,49
461458,0
461459,0
461460,0
461461,0
461462,0
461463,0
461464,0
461465,0
461466,0
461467,0
461468,0
461469,33
461470,0
461471,32
461472,0
461473,0
461474,0
461475,0
461476,32
461477,0
461478,0
461479,0
461480,43
461481,0
461482,0
461483,0
461484,0
461485,0
461486,0
461487,0
461488,0
461489,0
461490,0
461491,0
461492,0
461493,0
461494,33
461495,0
461496,0
461497,33
461498,0
461499,0
461500,0
461501,0
461502,0
461503,0
461504,0
461505,0
461506,0
461507,0
461508,0
461509,0
461510,0
461511,0
461512,0
461513,0
461514,0
461515,0
461516,0
461517,0
461518,27
461519,0
461520,0
461521,0
461522,0
461523,0
461524,0
461525,0
461526,0
461527,0
461528,25
461529,0
461530,0
461531,0
461532,0
461533,0
461534,0
461535,0
461536,0
461537,0
461538,0
461539,0
461540,0
461541,0
461542,0
461543,0
461544,0
461545,0
461546,0
461547,0
461548,25
461549,0
461550,32
461551,0
461552,0
461553,0
461554,0
461555,0
461556,0
461557,0
461558,0
461559,0
461560,0
461561,0
461562,19
461563,0
461564,0
461565,0
461566,34
461567,0
461568,0
461569,0
461570,0
461571,0
461572,0
461573,38
461574,0
461575,0
461576,0
461577,0
461578,0
461579,0
461580,0
461581,0
461582,0
461583,34
461584,0
461585,0
461586,0
461587,0
461588,0
461589,0
461590,0
461591,0
461592,22
461593,0
461594,0
461595,0
461596,38
461597,28
461598,0
461599,0
461600,0
461601,0
461602,0
461603,0
461604,0
461605,0
461606,0
461607,0
461608,0
461609,26
461610,0
461611,41
461612,0
461613,0
461614,0
461615,0
461616,0
461617,0
461618,0
461619,0
461620,0
461621,0
461622,0
461623,0
461624,0
461625,0
461626,0
461627,0
461628,0
461629,0
461630,0
461631,0
461632,0
461633,0
461634,18
461635,0
461636,0
461637,0
461638,0
461639,0
461640,0
461641,0
461642,0
461643,0
461644,0
461645,0
461646,0
461647,0
461648,0
461649,0
461650,0
461651,0
461652,0
461653,0
461654,0
461655,0
461656,0
461657,0
461658,0
461659,0
461660,0
461661,0
461662,0
461663,0
461664,0
461665,0
461666,0
461667,0
461668,0
461669,0
461670,59
461671,0
461672,0
461673,0
461674,0
461675,0
461676,0
461677,0
461678,0
461679,0
461680,0
461681,0
461682,0
461683,0
461684,0
461685,0
461686,27
461687,26
461688,0
461689,0
461690,0
461691,0
461692,34
461693,0
461694,0
461695,0
461696,0
461697,0
461698,0
461699,0
461700,35
461701,0
461702,0
461703,0
461704,0
461705,0
461706,0
461707,0
461708,0
461709,0
461710,0
461711,0
461712,0
461713,0
461714,0
461715,0
461716,0
461717,0
461718,0
461719,0
461720,0
461721,23
461722,0
461723,0
461724,0
461725,0
461726,0
461727,43
461728,0
461729,0
461730,0
461731,0
461732,0
461733,0
461734,0
461735,0
461736,0
461737,0
461738,0
461739,0
461740,0
461741,0
461742,0
461743,0
461744,0
461745,0
461746,0
461747,0
461748,0
461749,0
461750,0
461751,0
461752,0
461753,0
461754,0
461755,1
461756,0
461757,0
461758,0
461759,0
461760,0
461761,0
461762,0
461763,0
461764,0
461765,0
461766,0
461767,0
461768,0
461769,0
461770,0
461771,0
461772,0
461773,0
461774,0
461775,0
461776,0
461777,0
461778,0
461779,0
461780,0
461781,0
461782,0
461783,0
461784,2
461785,0
461786,0
461787,0
461788,0
461789,0
461790,0
461791,0
461792,0
461793,0
461794,0
461795,0
461796,4
461797,0
461798,0
461799,0
461800,0
461801,0
461802,0
461803,0
461804,0
461805,0
461806,3
461807,0
461808,0
461809,0
461810,0
461811,0
461812,0
461813,0
461814,0
461815,0
461816,0
461817,0
461818,0
461819,0
461820,0
461821,0
461822,0
461823,0
461824,0
461825,0
461826,0
461827,0
461828,0
461829,0
461830,0
461831,0
461832,0
461833,0
461834,0
461835,0
461836,0
461837,0
461838,0
461839,0
461840,0
461841,0
461842,0
461843,0
461844,0
461845,0
461846,0
461847,0
461848,0
461849,0
461850,0
461851,0
461852,0
461853,1
461854,0
461855,1
461856,0
461857,1
461858,0
461859,2
461860,0
461861,0
461862,0
461863,0
461864,0
461865,0
461866,0
461867,0
461868,0
461869,0
461870,0
461871,0
461872,0
461873,0
461874,2
461875,0
461876,0
461877,0
461878,0
461879,0
461880,0
461881,0
461882,0
461883,0
461884,0
461885,0
461886,0
461887,0
461888,0
461889,1
461890,0
461891,0
461892,0
461893,0
461894,0
461895,0
461896,0
461897,0
461898,0
461899,0
461900,0
461901,0
461902,0
461903,0
461904,0
461905,0
461906,0
461907,0
461908,0
461909,0
461910,0
461911,0
461912,0
461913,0
461914,0
461915,0
461916,0
461917,0
461918,0
461919,0
461920,0
461921,0
461922,0
461923,0
461924,0
461925,0
461926,0
461927,0
461928,0
461929,0
461930,0
461931,0
461932,0
461933,0
461934,0
461935,0
461936,0
461937,0
461938,0
461939,0
461940,0
461941,0
461942,0
461943,0
461944,0
461945,0
461946,0
461947,0
461948,0
461949,0
461950,0
461951,0
461952,0
461953,0
461954,0
461955,0
461956,0
461957,0
461958,0
461959,0
461960,0
461961,0
461962,0
461963,0
461964,0
461965,0
461966,0
461967,0
461968,0
461969,0
461970,2
461971,0
461972,0
461973,0
461974,0
461975,0
461976,0
461977,0
461978,0
461979,0
461980,0
461981,0
461982,0
461983,0
461984,0
461985,0
461986,0
461987,0
461988,0
461989,0
461990,0
461991,0
461992,2
461993,0
461994,0
461995,0
461996,0
461997,0
461998,1
461999,0
462000,0
462001,0
462002,0
462003,0
462004,0
462005,0
462006,0
462007,0
462008,0
462009,0
462010,0
462011,0
462012,0
462013,0
462014,0
462015,0
462016,0
462017,0
462018,0
462019,0
462020,0
462021,0
462022,0
462023,0
462024,0
462025,0
462026,0
462027,0
462028,4
462029,0
462030,0
462031,0
462032,0
462033,0
462034,3
462035,2
462036,0
462037,0
462038,0
462039,0
462040,0
462041,0
462042,0
462043,0
462044,0
462045,0
462046,0
462047,0
462048,0
462049,0
462050,0
462051,0
462052,0
462053,0
462054,0
462055,0
462056,0
462057,0
462058,0
462059,0
462060,0
462061,1
462062,0
462063,0
462064,0
462065,0
462066,0
462067,0
462068,0
462069,0
462070,0
462071,0
462072,0
462073,0
462074,0
462075,0
462076,0
462077,0
462078,0
462079,0
462080,0
462081,0
462082,0
462083,0
462084,0
462085,0
462086,0
462087,4
462088,0
462089,0
462090,0
462091,0
462092,2
462093,0
462094,0
462095,0
462096,0
462097,0
462098,0
462099,0
462100,0
462101,0
462102,0
462103,0
462104,0
462105,0
462106,1
462107,0
462108,0
462109,0
462110,0
462111,0
462112,0
462113,0
462114,0
462115,0
462116,0
462117,2
462118,0
462119,0
462120,0
462121,0
462122,0
462123,2
462124,0
462125,0
462126,0
462127,0
462128,0
462129,0
462130,0
462131,0
462132,0
462133,0
462134,0
462135,0
462136,0
462137,0
462138,0
462139,0
462140,0
462141,0
462142,0
462143,0
462144,0
462145,0
462146,0
462147,0
462148,0
462149,0
462150,0
462151,0
462152,0
462153,0
462154,0
462155,0
462156,0
462157,0
462158,0
462159,0
462160,0
462161,0
462162,0
462163,0
462164,0
462165,0
462166,0
462167,0
462168,0
462169,0
462170,0
462171,0
462172,0
462173,0
462174,0
462175,0
462176,0
462177,0
462178,0
462179,0
462180,0
462181,1
462182,0
462183,0
462184,0
462185,0
462186,0
462187,0
462188,0
462189,0
462190,0
462191,0
462192,0
462193,0
462194,0
462195,0
462196,0
462197,0
462198,0
462199,0
462200,0
462201,0
462202,0
462203,0
462204,0
462205,0
462206,0
462207,0
462208,0
462209,0
462210,0
462211,0
462212,0
462213,0
462214,0
462215,0
462216,0
462217,0
462218,0
462219,0
462220,0
462221,0
462222,0
462223,0
462224,0
462225,0
462226,0
462227,0
462228,0
462229,0
462230,0
462231,0
462232,0
462233,0
462234,0
462235,0
462236,0
462237,0
462238,0
462239,0
462240,0
462241,0
462242,0
462243,0
462244,0
462245,0
462246,0
462247,0
462248,0
462249,0
462250,0
462251,0
462252,0
462253,0
462254,0
462255,0
462256,0
462257,0
462258,0
462259,0
462260,0
462261,0
462262,1
462263,0
462264,0
462265,0
462266,0
462267,0
462268,0
462269,0
462270,0
462271,0
462272,0
462273,0
462274,0
462275,0
462276,0
462277,2
462278,0
462279,0
462280,0
462281,0
462282,0
462283,0
462284,0
462285,0
462286,0
462287,0
462288,0
462289,0
462290,0
462291,0
462292,0
462293,0
462294,0
462295,0
462296,0
462297,0
462298,0
462299,0
462300,0
462301,0
462302,0
462303,0
462304,4
462305,0
462306,0
462307,0
462308,0
462309,0
462310,0
462311,0
462312,0
462313,0
462314,0
462315,0
462316,0
462317,0
462318,0
462319,0
462320,0
462321,0
462322,0
462323,0
462324,0
462325,3
462326,0
462327,0
462328,0
462329,0
462330,0
462331,0
462332,0
462333,0
462334,0
462335,0
462336,0
462337,0
462338,0
462339,0
462340,1
462341,0
462342,0
462343,0
462344,0
462345,0
462346,0
462347,0
462348,0
462349,0
462350,0
462351,0
462352,0
462353,0
462354,0
462355,0
462356,0
462357,2
462358,0
462359,0
462360,0
462361,0
462362,0
462363,0
462364,1
462365,0
462366,0
462367,0
462368,0
462369,0
462370,0
462371,0
462372,0
462373,0
462374,0
462375,0
462376,0
462377,0
462378,0
462379,0
462380,0
462381,0
462382,0
462383,0
462384,0
462385,0
462386,0
462387,0
462388,0
462389,1
462390,0
462391,0
462392,0
462393,0
462394,0
462395,0
462396,0
462397,0
462398,0
462399,0
462400,0
462401,0
462402,0
462403,0
462404,0
462405,0
462406,0
462407,0
462408,0
462409,0
462410,0
462411,0
462412,0
462413,3
462414,0
462415,0
462416,0
462417,0
462418,0
462419,0
462420,0
462421,0
462422,0
462423,0
462424,0
462425,1
462426,0
462427,0
462428,0
462429,0
462430,0
462431,0
462432,0
462433,0
462434,0
462435,0
462436,0
462437,0
462438,2
462439,0
462440,0
462441,0
462442,0
462443,0
462444,0
462445,0
462446,0
462447,0
462448,0
462449,0
462450,0
462451,0
462452,0
462453,0
462454,0
462455,0
462456,0
462457,0
462458,0
462459,0
462460,0
462461,0
462462,0
462463,0
462464,0
462465,0
462466,0
462467,0
462468,0
462469,0
462470,0
462471,0
462472,0
462473,0
462474,0
462475,0
462476,2
462477,0
462478,0
462479,0
462480,0
462481,0
462482,0
462483,0
462484,0
462485,0
462486,0
462487,0
462488,0
462489,0
462490,0
462491,0
462492,0
462493,0
462494,0
462495,0
462496,0
462497,0
462498,0
462499,36
462500,0
462501,33
462502,38
462503,0
462504,0
462505,0
462506,0
462507,0
462508,0
462509,0
462510,34
462511,0
462512,0
462513,0
462514,0
462515,0
462516,0
462517,0
462518,0
462519,0
462520,25
462521,0
462522,0
462523,29
462524,0
462525,37
462526,0
462527,0
462528,0
462529,45
462530,0
462531,0
462532,0
462533,0
462534,44
462535,0
462536,40
462537,0
462538,0
462539,0
462540,32
462541,0
462542,0
462543,0
462544,39
462545,0
462546,0
462547,0
462548,0
462549,0
462550,0
462551,0
462552,0
462553,0
462554,0
462555,0
462556,0
462557,0
462558,0
462559,40
462560,0
462561,0
462562,39
462563,0
462564,24
462565,32
462566,36
462567,0
462568,0
462569,36
462570,0
462571,0
462572,0
462573,0
462574,0
462575,33
462576,36
462577,34
462578,0
462579,0
462580,0
462581,0
462582,0
462583,0
462584,27
462585,35
462586,0
462587,0
462588,0
462589,0
462590,33
462591,0
462592,53
462593,0
462594,0
462595,0
462596,0
462597,0
462598,22
462599,0
462600,0
462601,0
462602,0
462603,0
462604,0
462605,38
462606,0
462607,0
462608,0
462609,0
462610,0
462611,0
462612,0
462613,0
462614,0
462615,0
462616,0
462617,0
462618,36
462619,0
462620,0
462621,0
462622,0
462623,0
462624,0
462625,52
462626,0
462627,0
462628,0
462629,0
462630,0
462631,0
462632,0
462633,41
462634,0
462635,0
462636,0
462637,0
462638,0
462639,0
462640,35
462641,31
462642,0
462643,0
462644,0
462645,0
462646,23
462647,0
462648,0
462649,0
462650,0
462651,0
462652,0
462653,0
462654,0
462655,0
462656,31
462657,0
462658,0
462659,31
462660,0
462661,0
462662,0
462663,0
462664,37
462665,0
462666,43
462667,35
462668,0
462669,36
462670,0
462671,0
462672,0
462673,0
462674,0
462675,0
462676,0
462677,43
462678,25
462679,0
462680,0
462681,0
462682,0
462683,0
462684,40
462685,26
462686,0
462687,42
462688,27
462689,35
462690,0
462691,0
462692,37
462693,0
462694,0
462695,0
462696,0
462697,0
462698,0
462699,0
462700,0
462701,37
462702,0
462703,0
462704,0
462705,0
462706,0
462707,0
462708,40
462709,0
462710,0
462711,0
462712,0
462713,0
462714,0
462715,35
462716,0
462717,0
462718,0
462719,0
462720,0
462721,0
462722,0
462723,0
462724,51
462725,0
462726,0
462727,44
462728,0
462729,0
462730,0
462731,0
462732,0
462733,0
462734,0
462735,0
462736,37
462737,25
462738,0
462739,39
462740,0
462741,0
462742,0
462743,0
462744,0
462745,0
462746,0
462747,0
462748,0
462749,0
462750,0
462751,0
462752,0
462753,44
462754,0
462755,0
462756,0
462757,25
462758,0
462759,0
462760,0
462761,0
462762,22
462763,35
462764,0
462765,0
462766,0
462767,0
462768,0
462769,0
462770,0
462771,0
462772,0
462773,14
462774,0
462775,0
462776,0
462777,37
462778,40
462779,0
462780,47
462781,0
462782,25
462783,0
462784,0
462785,32
462786,0
462787,0
462788,0
462789,42
462790,0
462791,0
462792,0
462793,0
462794,0
462795,0
462796,0
462797,42
462798,0
462799,0
462800,0
462801,41
462802,42
462803,0
462804,0
462805,0
462806,0
462807,0
462808,0
462809,33
462810,0
462811,0
462812,0
462813,0
462814,39
462815,0
462816,50
462817,0
462818,0
462819,25
462820,0
462821,0
462822,0
462823,0
462824,0
462825,0
462826,0
462827,0
462828,0
462829,0
462830,0
462831,0
462832,0
462833,0
462834,0
462835,36
462836,0
462837,0
462838,37
462839,0
462840,0
462841,0
462842,43
462843,0
462844,46
462845,0
462846,0
462847,29
462848,0
462849,0
462850,48
462851,47
462852,38
462853,0
462854,0
462855,0
462856,0
462857,0
462858,0
462859,0
462860,0
462861,0
462862,44
462863,29
462864,0
462865,0
462866,0
462867,0
462868,0
462869,33
462870,0
462871,0
462872,0
462873,0
462874,45
462875,0
462876,0
462877,0
462878,22
462879,0
462880,0
462881,0
462882,0
462883,0
462884,29
462885,33
462886,0
462887,0
462888,0
462889,0
462890,32
462891,0
462892,0
462893,37
462894,0
462895,0
462896,0
462897,0
462898,39
462899,0
462900,22
462901,0
462902,0
462903,0
462904,0
462905,31
462906,29
462907,0
462908,0
462909,0
462910,29
462911,0
462912,27
462913,0
462914,0
462915,0
462916,0
462917,39
462918,30
462919,0
462920,0
462921,0
462922,53
462923,0
462924,0
462925,0
462926,0
462927,0
462928,0
462929,24
462930,0
462931,0
462932,0
462933,0
462934,33
462935,23
462936,0
462937,33
462938,0
462939,0
462940,0
462941,0
462942,28
462943,0
462944,0
462945,0
462946,51
462947,0
462948,0
462949,0
462950,0
462951,0
462952,0
462953,0
462954,0
462955,0
462956,0
462957,0
462958,39
462959,17
462960,48
462961,0
462962,28
462963,0
462964,41
462965,0
462966,0
462967,55
462968,0
462969,0
462970,0
462971,0
462972,0
462973,6
462974,0
462975,0
462976,5
462977,9
462978,0
462979,0
462980,6
462981,15
462982,0
462983,0
462984,8
462985,0
462986,0
462987,0
462988,0
462989,6
462990,0
462991,0
462992,0
462993,0
462994,0
462995,0
462996,0
462997,0
462998,10
462999,0
463000,0
463001,10
463002,0
463003,0
463004,0
463005,0
463006,11
463007,0
463008,0
463009,0
463010,9
463011,0
463012,8
463013,10
463014,0
463015,0
463016,5
463017,0
463018,0
463019,9
463020,6
463021,0
463022,6
463023,6
463024,0
463025,0
463026,0
463027,0
463028,6
463029,0
463030,0
463031,0
463032,0
463033,5
463034,8
463035,0
463036,0
463037,0
463038,0
463039,0
463040,3
463041,0
463042,0
463043,0
463044,8
463045,7
463046,0
463047,3
463048,0
463049,0
463050,0
463051,15
463052,0
463053,9
463054,0
463055,0
463056,0
463057,0
463058,0
463059,8
463060,0
463061,8
463062,7
463063,0
463064,14
463065,0
463066,15
463067,0
463068,0
463069,0
463070,0
463071,0
463072,0
463073,0
463074,0
463075,9
463076,0
463077,0
463078,0
463079,8
463080,0
463081,3
463082,0
463083,6
463084,14
463085,0
463086,0
463087,6
463088,0
463089,0
463090,0
463091,0
463092,0
463093,0
463094,0
463095,0
463096,0
463097,0
463098,0
463099,0
463100,0
463101,0
463102,0
463103,0
463104,10
463105,0
463106,14
463107,0
463108,0
463109,0
463110,0
463111,0
463112,6
463113,7
463114,0
463115,0
463116,0
463117,0
463118,0
463119,0
463120,0
463121,0
463122,0
463123,5
463124,0
463125,0
463126,0
463127,0
463128,0
463129,0
463130,0
463131,0
463132,7
463133,0
463134,0
463135,10
463136,0
463137,14
463138,0
463139,0
463140,0
463141,0
463142,0
463143,0
463144,0
463145,15
463146,0
463147,0
463148,0
463149,0
463150,0
463151,0
463152,8
463153,0
463154,0
463155,0
463156,0
463157,3
463158,3
463159,11
463160,0
463161,0
463162,0
463163,0
463164,6
463165,0
463166,0
463167,9
463168,9
463169,0
463170,0
463171,0
463172,0
463173,0
463174,0
463175,0
463176,0
463177,0
463178,0
463179,7
463180,7
463181,0
463182,0
463183,10
463184,6
463185,8
463186,5
463187,0
463188,6
463189,0
463190,0
463191,0
463192,0
463193,12
463194,0
463195,0
463196,0
463197,5
463198,0
463199,3
463200,9
463201,0
463202,0
463203,0
463204,10
463205,0
463206,0
463207,0
463208,0
463209,0
463210,0
463211,0
463212,5
463213,0
463214,0
463215,8
463216,4
463217,16
463218,0
463219,0
463220,0
463221,0
463222,6
463223,7
463224,0
463225,11
463226,0
463227,0
463228,0
463229,0
463230,7
463231,13
463232,9
463233,0
463234,0
463235,11
463236,0
463237,0
463238,0
463239,0
463240,0
463241,11
463242,6
463243,0
463244,0
463245,0
463246,0
463247,7
463248,8
463249,0
463250,0
463251,0
463252,0
463253,0
463254,6
463255,0
463256,0
463257,0
463258,0
463259,8
463260,10
463261,3
463262,0
463263,0
463264,8
463265,0
463266,6
463267,0
463268,0
463269,0
463270,0
463271,0
463272,0
463273,0
463274,0
463275,0
463276,0
463277,0
463278,0
463279,0
463280,9
463281,3
463282,6
463283,0
463284,10
463285,0
463286,9
463287,0
463288,9
463289,6
463290,7
463291,0
463292,0
463293,0
463294,9
463295,0
463296,0
463297,0
463298,0
463299,10
463300,4
463301,0
463302,6
463303,0
463304,0
463305,0
463306,0
463307,5
463308,0
463309,0
463310,9
463311,0
463312,0
463313,0
463314,4
463315,0
463316,0
463317,0
463318,0
463319,0
463320,0
463321,7
463322,0
463323,9
463324,9
463325,0
463326,0
463327,0
463328,0
463329,0
463330,0
463331,0
463332,0
463333,0
463334,0
463335,0
463336,7
463337,10
463338,0
463339,6
463340,0
463341,7
463342,0
463343,0
463344,0
463345,0
463346,7
463347,0
463348,0
463349,11
463350,0
463351,9
463352,0
463353,0
463354,0
463355,0
463356,0
463357,6
463358,0
463359,0
463360,0
463361,6
463362,9
463363,0
463364,5
463365,0
463366,0
463367,0
463368,10
463369,0
463370,0
463371,0
463372,8
463373,8
463374,7
463375,0
463376,0
463377,0
463378,0
463379,0
463380,0
463381,0
463382,0
463383,0
463384,0
463385,11
463386,13
463387,2
463388,0
463389,0
463390,0
463391,0
463392,0
463393,0
463394,0
463395,7
463396,0
463397,0
463398,0
463399,0
463400,0
463401,12
463402,0
463403,0
463404,0
463405,0
463406,0
463407,0
463408,0
463409,0
463410,0
463411,0
463412,10
463413,0
463414,0
463415,0
463416,0
463417,0
463418,0
463419,0
463420,5
463421,0
463422,0
463423,0
463424,0
463425,0
463426,0
463427,0
463428,0
463429,0
463430,0
463431,0
463432,9
463433,10
463434,0
463435,5
463436,0
463437,0
463438,12
463439,0
463440,0
463441,0
463442,7
463443,0
463444,0
463445,0
463446,0
463447,0
463448,0
463449,0
463450,0
463451,0
463452,0
463453,9
463454,13
463455,0
463456,0
463457,0
463458,0
463459,0
463460,5
463461,0
463462,0
463463,0
463464,10
463465,0
463466,0
463467,11
463468,6
463469,0
463470,0
463471,0
463472,0
463473,0
463474,0
463475,0
463476,0
463477,0
463478,0
463479,0
463480,6
463481,0
463482,0
463483,0
463484,0
463485,0
463486,0
463487,0
463488,0
463489,0
463490,0
463491,0
463492,0
463493,0
463494,2
463495,0
463496,0
463497,0
463498,8
463499,0
463500,0
463501,0
463502,11
463503,0
463504,0
463505,8
463506,0
463507,0
463508,0
463509,0
463510,0
463511,12
463512,0
463513,0
463514,0
463515,0
463516,0
463517,5
463518,0
463519,0
463520,11
463521,8
463522,4
463523,0
463524,14
463525,12
463526,0
463527,0
463528,0
463529,0
463530,0
463531,0
463532,0
463533,7
463534,0
463535,12
463536,0
463537,5
463538,0
463539,0
463540,9
463541,0
463542,0
463543,0
463544,0
463545,0
463546,5
463547,9
463548,0
463549,9
463550,0
463551,0
463552,14
463553,8
463554,0
463555,0
463556,0
463557,0
463558,0
463559,0
463560,0
463561,0
463562,0
463563,0
463564,0
463565,0
463566,0
463567,0
463568,0
463569,14
463570,0
463571,11
463572,0
463573,11
463574,0
463575,0
463576,3
463577,0
463578,6
463579,0
463580,6
463581,0
463582,0
463583,10
463584,0
463585,0
463586,0
463587,0
463588,0
463589,0
463590,2
463591,8
463592,6
463593,8
463594,0
463595,0
463596,0
463597,0
463598,0
463599,0
463600,0
463601,0
463602,0
463603,14
463604,0
463605,0
463606,0
463607,0
463608,8
463609,0
463610,0
463611,12
463612,7
463613,8
463614,0
463615,0
463616,0
463617,0
463618,7
463619,0
463620,12
463621,0
463622,0
463623,0
463624,0
463625,4
463626,0
463627,0
463628,0
463629,8
463630,11
463631,0
463632,0
463633,0
463634,0
463635,5
463636,0
463637,0
463638,15
463639,0
463640,0
463641,0
463642,0
463643,0
463644,5
463645,0
463646,0
463647,6
463648,6
463649,0
463650,9
463651,0
463652,0
463653,0
463654,0
463655,10
463656,10
463657,0
463658,6
463659,0
463660,0
463661,4
463662,0
463663,0
463664,0
463665,11
463666,0
463667,0
463668,0
463669,0
463670,0
463671,0
463672,0
463673,10
463674,0
463675,0
463676,0
463677,8
463678,7
463679,0
463680,0
463681,0
463682,0
463683,10
463684,9
463685,0
463686,0
463687,10
463688,8
463689,0
463690,0
463691,0
463692,0
463693,0
463694,0
463695,0
463696,9
463697,5
463698,7
463699,4
463700,0
463701,0
463702,0
463703,0
463704,0
463705,0
463706,0
463707,14
463708,0
463709,0
463710,7
463711,11
463712,0
463713,0
463714,0
463715,13
463716,0
463717,6
463718,12
463719,0
463720,0
463721,0
463722,0
463723,8
463724,0
463725,0
463726,11
463727,9
463728,0
463729,0
463730,0
463731,0
463732,0
463733,16
463734,0
463735,0
463736,11
463737,7
463738,5
463739,0
463740,0
463741,0
463742,0
463743,0
463744,0
463745,11
463746,0
463747,0
463748,4
463749,0
463750,0
463751,0
463752,0
463753,11
463754,11
463755,0
463756,0
463757,0
463758,8
463759,0
463760,0
463761,0
463762,0
463763,0
463764,0
463765,7
463766,0
463767,0
463768,0
463769,0
463770,0
463771,13
463772,10
463773,0
463774,0
463775,0
463776,0
463777,0
463778,0
463779,12
463780,0
463781,0
463782,0
463783,0
463784,8
463785,9
463786,0
463787,0
463788,0
463789,7
463790,0
463791,3
463792,0
463793,5
463794,0
463795,0
463796,0
463797,0
463798,0
463799,0
463800,0
463801,0
463802,0
463803,0
463804,0
463805,6
463806,0
463807,7
463808,0
463809,0
463810,5
463811,4
463812,0
463813,0
463814,7
463815,0
463816,0
463817,0
463818,0
463819,0
463820,0
463821,0
463822,0
463823,0
463824,0
463825,11
463826,8
463827,0
463828,0
463829,4
463830,0
463831,0
463832,0
463833,2
463834,14
463835,0
463836,0
463837,12
463838,0
463839,0
463840,9
463841,0
463842,0
463843,5
463844,0
463845,0
463846,0
463847,0
463848,0
463849,0
463850,0
463851,0
463852,0
463853,6
463854,14
463855,0
463856,12
463857,0
463858,0
463859,9
463860,0
463861,5
463862,0
463863,0
463864,0
463865,4
463866,0
463867,0
463868,4
463869,14
463870,0
463871,0
463872,0
463873,0
463874,7
463875,3
463876,0
463877,0
463878,0
463879,0
463880,0
463881,0
463882,0
463883,5
463884,0
463885,0
463886,6
463887,6
463888,0
463889,0
463890,0
463891,0
463892,2
463893,0
463894,0
463895,0
463896,0
463897,5
463898,0
463899,7
463900,10
463901,0
463902,2
463903,0
463904,0
463905,0
463906,0
463907,0
463908,0
463909,0
463910,10
463911,7
463912,0
463913,0
463914,0
463915,0
463916,0
463917,2
463918,0
463919,0
463920,0
463921,0
463922,0
463923,0
463924,0
463925,0
463926,0
463927,0
463928,0
463929,0
463930,10
463931,0
463932,0
463933,0
463934,6
463935,0
463936,0
463937,0
463938,4
463939,9
463940,0
463941,0
463942,0
463943,5
463944,0
463945,0
463946,0
463947,0
463948,0
463949,0
463950,0
463951,0
463952,0
463953,24
463954,39
463955,0
463956,0
463957,0
463958,0
463959,0
463960,0
463961,0
463962,0
463963,0
463964,0
463965,0
463966,13
463967,27
463968,33
463969,0
463970,0
463971,0
463972,0
463973,0
463974,0
463975,0
463976,0
463977,0
463978,40
463979,0
463980,0
463981,0
463982,0
463983,0
463984,0
463985,0
463986,0
463987,27
463988,0
463989,0
463990,0
463991,0
463992,0
463993,0
463994,0
463995,0
463996,30
463997,0
463998,33
463999,34
464000,0
464001,0
464002,0
464003,0
464004,27
464005,0
464006,0
464007,0
464008,0
464009,0
464010,34
464011,35
464012,0
464013,0
464014,20
464015,0
464016,0
464017,0
464018,0
464019,0
464020,0
464021,30
464022,0
464023,0
464024,0
464025,0
464026,0
464027,0
464028,0
464029,0
464030,0
464031,45
464032,0
464033,0
464034,0
464035,0
464036,0
464037,0
464038,0
464039,35
464040,39
464041,24
464042,0
464043,0
464044,0
464045,30
464046,0
464047,0
464048,0
464049,0
464050,0
464051,0
464052,0
464053,0
464054,0
464055,44
464056,0
464057,0
464058,29
464059,0
464060,26
464061,0
464062,0
464063,0
464064,0
464065,32
464066,0
464067,0
464068,0
464069,0
464070,0
464071,0
464072,0
464073,0
464074,39
464075,0
464076,0
464077,0
464078,0
464079,0
464080,30
464081,0
464082,0
464083,0
464084,24
464085,0
464086,0
464087,0
464088,0
464089,0
464090,0
464091,0
464092,0
464093,0
464094,0
464095,0
464096,0
464097,0
464098,0
464099,0
464100,0
464101,0
464102,0
464103,0
464104,0
464105,40
464106,0
464107,0
464108,29
464109,0
464110,24
464111,37
464112,0
464113,0
464114,33
464115,0
464116,0
464117,0
464118,0
464119,31
464120,0
464121,0
464122,0
464123,49
464124,0
464125,21
464126,0
464127,0
464128,0
464129,36
464130,0
464131,0
464132,0
464133,0
464134,0
464135,0
464136,0
464137,0
464138,0
464139,0
464140,0
464141,0
464142,0
464143,0
464144,0
464145,0
464146,0
464147,0
464148,0
464149,0
464150,0
464151,0
464152,0
464153,39
464154,33
464155,0
464156,36
464157,0
464158,0
464159,0
464160,0
464161,0
464162,0
464163,0
464164,0
464165,31
464166,0
464167,0
464168,0
464169,0
464170,0
464171,26
464172,0
464173,0
464174,0
464175,0
464176,0
464177,0
464178,0
464179,0
464180,0
464181,0
464182,30
464183,0
464184,0
464185,0
464186,0
464187,0
464188,19
464189,26
464190,0
464191,0
464192,0
464193,0
464194,0
464195,0
464196,0
464197,0
464198,0
464199,0
464200,36
464201,0
464202,0
464203,0
464204,0
464205,0
464206,24
464207,0
464208,39
464209,0
464210,23
464211,0
464212,26
464213,0
464214,0
464215,0
464216,28
464217,0
464218,0
464219,35
464220,24
464221,0
464222,0
464223,0
464224,31
464225,0
464226,0
464227,0
464228,0
464229,18
464230,41
464231,0
464232,44
464233,0
464234,0
464235,23
464236,30
464237,0
464238,38
464239,51
464240,44
464241,0
464242,0
464243,0
464244,23
464245,0
464246,34
464247,0
464248,43
464249,0
464250,0
464251,15
464252,0
464253,0
464254,29
464255,0
464256,0
464257,0
464258,0
464259,0
464260,36
464261,0
464262,31
464263,25
464264,0
464265,0
464266,0
464267,0
464268,0
464269,32
464270,28
464271,0
464272,0
464273,0
464274,29
464275,32
464276,0
464277,0
464278,0
464279,0
464280,0
464281,27
464282,0
464283,0
464284,0
464285,0
464286,0
464287,21
464288,0
464289,0
464290,19
464291,0
464292,0
464293,0
464294,0
464295,0
464296,28
464297,36
464298,0
464299,25
464300,0
464301,0
464302,0
464303,33
464304,24
464305,0
464306,0
464307,0
464308,0
464309,0
464310,0
464311,0
464312,0
464313,0
464314,23
464315,0
464316,0
464317,39
464318,33
464319,0
464320,0
464321,29
464322,0
464323,43
464324,0
464325,0
464326,27
464327,35
464328,0
464329,0
464330,0
464331,0
464332,30
464333,20
464334,0
464335,0
464336,21
464337,29
464338,39
464339,32
464340,28
464341,0
464342,49
464343,0
464344,0
464345,32
464346,30
464347,0
464348,0
464349,0
464350,30
464351,34
464352,0
464353,0
464354,0
464355,29
464356,0
464357,0
464358,38
464359,0
464360,0
464361,22
464362,0
464363,0
464364,31
464365,0
464366,0
464367,0
464368,0
464369,0
464370,0
464371,0
464372,40
464373,0
464374,0
464375,0
464376,0
464377,0
464378,0
464379,0
464380,30
464381,0
464382,0
464383,0
464384,42
464385,0
464386,0
464387,0
464388,0
464389,16
464390,26
464391,0
464392,38
464393,21
464394,26
464395,0
464396,27
464397,0
464398,0
464399,0
464400,0
464401,0
464402,0
464403,26
464404,0
464405,0
464406,0
464407,0
464408,0
464409,0
464410,26
464411,0
464412,29
464413,28
464414,0
464415,0
464416,0
464417,26
464418,0
464419,0
464420,31
464421,0
464422,27
464423,30
464424,0
464425,39
464426,30
464427,0
464428,0
464429,0
464430,0
464431,0
464432,33
464433,0
464434,0
464435,0
464436,29
464437,0
464438,33
464439,0
464440,0
464441,0
464442,0
464443,38
464444,0
464445,24
464446,0
464447,24
464448,0
464449,26
464450,0
464451,0
464452,0
464453,29
464454,0
464455,0
464456,0
464457,0
464458,0
464459,0
464460,0
464461,27
464462,0
464463,29
464464,0
464465,0
464466,0
464467,0
464468,42
464469,0
464470,0
464471,0
464472,37
464473,0
464474,0
464475,0
464476,0
464477,0
464478,25
464479,0
464480,0
464481,0
464482,0
464483,0
464484,29
464485,0
464486,0
464487,0
464488,0
464489,0
464490,0
464491,0
464492,0
464493,0
464494,28
464495,28
464496,0
464497,0
464498,0
464499,23
464500,0
464501,16
464502,22
464503,0
464504,0
464505,14
464506,11
464507,0
464508,32
464509,21
464510,14
464511,0
464512,0
464513,0
464514,0
464515,0
464516,32
464517,22
464518,12
464519,0
464520,0
464521,0
464522,0
464523,20
464524,14
464525,31
464526,0
464527,17
464528,0
464529,0
464530,0
464531,0
464532,21
464533,0
464534,0
464535,0
464536,0
464537,0
464538,0
464539,0
464540,0
464541,0
464542,0
464543,28
464544,0
464545,0
464546,15
464547,14
464548,0
464549,0
464550,28
464551,0
464552,40
464553,34
464554,0
464555,0
464556,0
464557,0
464558,50
464559,0
464560,0
464561,0
464562,12
464563,0
464564,0
464565,0
464566,0
464567,26
464568,0
464569,25
464570,7
464571,0
464572,0
464573,0
464574,0
464575,0
464576,0
464577,18
464578,0
464579,46
464580,0
464581,34
464582,12
464583,40
464584,19
464585,17
464586,30
464587,27
464588,0
464589,0
464590,0
464591,29
464592,0
464593,0
464594,0
464595,0
464596,0
464597,0
464598,0
464599,0
464600,33
464601,0
464602,0
464603,29
464604,0
464605,0
464606,0
464607,0
464608,0
464609,0
464610,0
464611,0
464612,0
464613,0
464614,20
464615,17
464616,0
464617,0
464618,0
464619,33
464620,0
464621,30
464622,0
464623,0
464624,0
464625,0
464626,20
464627,6
464628,0
464629,0
464630,13
464631,12
464632,0
464633,20
464634,0
464635,0
464636,0
464637,6
464638,24
464639,0
464640,0
464641,25
464642,0
464643,0
464644,0
464645,0
464646,0
464647,33
464648,14
464649,0
464650,0
464651,0
464652,0
464653,17
464654,0
464655,0
464656,42
464657,22
464658,0
464659,21
464660,0
464661,0
464662,0
464663,0
464664,19
464665,0
464666,0
464667,0
464668,0
464669,25
464670,24
464671,15
464672,22
464673,0
464674,0
464675,0
464676,16
464677,0
464678,0
464679,0
464680,0
464681,0
464682,30
464683,0
464684,0
464685,17
464686,15
464687,0
464688,0
464689,38
464690,0
464691,0
464692,8
464693,24
464694,0
464695,0
464696,0
464697,23
464698,0
464699,38
464700,0
464701,0
464702,0
464703,0
464704,30
464705,15
464706,0
464707,0
464708,34
464709,0
464710,18
464711,0
464712,0
464713,0
464714,0
464715,0
464716,27
464717,0
464718,17
464719,0
464720,0
464721,0
464722,0
464723,0
464724,0
464725,0
464726,0
464727,0
464728,21
464729,8
464730,0
464731,0
464732,0
464733,30
464734,25
464735,0
464736,27
464737,0
464738,0
464739,0
464740,0
464741,0
464742,38
464743,0
464744,31
464745,0
464746,0
464747,0
464748,0
464749,0
464750,0
464751,0
464752,0
464753,19
464754,0
464755,35
464756,10
464757,17
464758,0
464759,0
464760,0
464761,0
464762,0
464763,0
464764,0
464765,0
464766,0
464767,7
464768,0
464769,7
464770,7
464771,0
464772,0
464773,0
464774,0
464775,23
464776,9
464777,0
464778,11
464779,0
464780,0
464781,30
464782,0
464783,10
464784,0
464785,0
464786,0
464787,15
464788,0
464789,0
464790,0
464791,45
464792,0
464793,0
464794,0
464795,0
464796,27
464797,0
464798,0
464799,0
464800,29
464801,0
464802,13
464803,0
464804,0
464805,0
464806,21
464807,0
464808,24
464809,21
464810,33
464811,0
464812,14
464813,0
464814,27
464815,0
464816,0
464817,0
464818,0
464819,0
464820,0
464821,0
464822,0
464823,0
464824,0
464825,0
464826,0
464827,21
464828,0
464829,32
464830,0
464831,0
464832,0
464833,0
464834,0
464835,14
464836,0
464837,0
464838,0
464839,0
464840,26
464841,18
464842,0
464843,14
464844,0
464845,0
464846,0
464847,0
464848,0
464849,0
464850,32
464851,0
464852,0
464853,0
464854,0
464855,0
464856,27
464857,0
464858,0
464859,33
464860,35
464861,25
464862,0
464863,19
464864,0
464865,16
464866,0
464867,26
464868,0
464869,0
464870,30
464871,0
464872,0
464873,41
464874,0
464875,0
464876,0
464877,0
464878,0
464879,20
464880,0
464881,0
464882,28
464883,0
464884,0
464885,19
464886,30
464887,0
464888,0
464889,0
464890,10
464891,0
464892,0
464893,0
464894,0
464895,0
464896,0
464897,0
464898,0
464899,0
464900,16
464901,0
464902,0
464903,0
464904,34
464905,22
464906,0
464907,0
464908,24
464909,0
464910,0
464911,0
464912,0
464913,0
464914,0
464915,24
464916,0
464917,26
464918,0
464919,0
464920,0
464921,12
464922,0
464923,28
464924,0
464925,0
464926,35
464927,0
464928,38
464929,39
464930,0
464931,0
464932,0
464933,0
464934,0
464935,0
464936,0
464937,48
464938,48
464939,29
464940,45
464941,45
464942,33
464943,0
464944,0
464945,0
464946,0
464947,36
464948,0
464949,0
464950,40
464951,0
464952,0
464953,39
464954,0
464955,0
464956,25
464957,0
464958,0
464959,0
464960,0
464961,0
464962,0
464963,0
464964,0
464965,0
464966,0
464967,0
464968,0
464969,0
464970,0
464971,0
464972,0
464973,23
464974,0
464975,41
464976,0
464977,0
464978,0
464979,0
464980,0
464981,32
464982,0
464983,0
464984,0
464985,0
464986,35
464987,0
464988,0
464989,0
464990,35
464991,20
464992,24
464993,0
464994,0
464995,0
464996,0
464997,0
464998,0
464999,0
465000,0
465001,34
465002,0
465003,33
465004,38
465005,0
465006,0
465007,0
465008,0
465009,0
465010,44
465011,0
465012,0
465013,0
465014,0
465015,0
465016,0
465017,32
465018,0
465019,0
465020,0
465021,0
465022,0
465023,0
465024,44
465025,0
465026,0
465027,0
465028,0
465029,0
465030,0
465031,0
465032,0
465033,0
465034,0
465035,36
465036,44
465037,0
465038,0
465039,0
465040,34
465041,0
465042,0
465043,0
465044,0
465045,0
465046,40
465047,0
465048,0
465049,0
465050,28
465051,0
465052,0
465053,29
465054,0
465055,0
465056,0
465057,41
465058,0
465059,0
465060,0
465061,0
465062,0
465063,0
465064,0
465065,0
465066,0
465067,0
465068,30
465069,0
465070,43
465071,0
465072,0
465073,0
465074,27
465075,35
465076,0
465077,0
465078,0
465079,0
465080,0
465081,0
465082,36
465083,0
465084,0
465085,36
465086,0
465087,0
465088,0
465089,0
465090,46
465091,52
465092,0
465093,0
465094,0
465095,0
465096,0
465097,27
465098,0
465099,0
465100,0
465101,32
465102,0
465103,33
465104,40
465105,38
465106,30
465107,0
465108,0
465109,0
465110,0
465111,0
465112,43
465113,0
465114,0
465115,53
465116,0
465117,0
465118,0
465119,0
465120,34
465121,0
465122,33
465123,0
465124,0
465125,0
465126,0
465127,0
465128,27
465129,33
465130,25
465131,0
465132,0
465133,0
465134,0
465135,0
465136,0
465137,0
465138,0
465139,33
465140,0
465141,0
465142,0
465143,0
465144,0
465145,0
465146,0
465147,39
465148,0
465149,0
465150,0
465151,0
465152,35
465153,0
465154,0
465155,0
465156,0
465157,0
465158,39
465159,0
465160,0
465161,0
465162,0
465163,0
465164,38
465165,0
465166,0
465167,41
465168,0
465169,0
465170,0
465171,35
465172,41
465173,0
465174,36
465175,0
465176,0
465177,0
465178,0
465179,0
465180,0
465181,0
465182,0
465183,0
465184,35
465185,0
465186,0
465187,0
465188,0
465189,0
465190,0
465191,0
465192,0
465193,0
465194,0
465195,0
465196,0
465197,30
465198,0
465199,0
465200,31
465201,0
465202,0
465203,0
465204,28
465205,0
465206,0
465207,0
465208,0
465209,0
465210,0
465211,0
465212,0
465213,0
465214,0
465215,33
465216,42
465217,0
465218,0
465219,0
465220,0
465221,40
465222,34
465223,0
465224,40
465225,47
465226,0
465227,0
465228,0
465229,0
465230,0
465231,0
465232,0
465233,0
465234,36
465235,33
465236,0
465237,0
465238,0
465239,0
465240,48
465241,23
465242,0
465243,0
465244,0
465245,0
465246,0
465247,0
465248,0
465249,0
465250,32
465251,0
465252,0
465253,0
465254,39
465255,0
465256,28
465257,43
465258,0
465259,0
465260,0
465261,0
465262,28
465263,0
465264,0
465265,48
465266,0
465267,0
465268,34
465269,0
465270,0
465271,35
465272,0
465273,0
465274,0
465275,0
465276,0
465277,0
465278,0
465279,0
465280,0
465281,38
465282,0
465283,0
465284,0
465285,0
465286,0
465287,0
465288,0
465289,0
465290,45
465291,27
465292,0
465293,0
465294,0
465295,33
465296,0
465297,0
465298,0
465299,0
465300,38
465301,0
465302,41
465303,0
465304,0
465305,0
465306,40
465307,0
465308,30
465309,37
465310,0
465311,34
465312,0
465313,0
465314,0
465315,0
465316,32
465317,38
465318,0
465319,0
465320,0
465321,0
465322,0
465323,0
465324,0
465325,39
465326,28
465327,45
465328,0
465329,0
465330,44
465331,0
465332,43
465333,61
465334,46
465335,0
465336,0
465337,0
465338,0
465339,26
465340,0
465341,0
465342,0
465343,0
465344,0
465345,0
465346,0
465347,0
465348,0
465349,0
465350,0
465351,0
465352,0
465353,0
465354,0
465355,0
465356,0
465357,0
465358,26
465359,0
465360,45
465361,0
465362,38
465363,30
465364,0
465365,0
465366,0
465367,37
465368,0
465369,0
465370,0
465371,0
465372,0
465373,0
465374,0
465375,0
465376,0
465377,0
465378,0
465379,0
465380,31
465381,0
465382,0
465383,0
465384,37
465385,0
465386,0
465387,0
465388,44
465389,0
465390,0
465391,0
465392,0
465393,0
465394,0
465395,0
465396,0
465397,0
465398,40
465399,0
465400,0
465401,0
465402,0
465403,0
465404,0
465405,0
465406,0
465407,0
465408,48
465409,0
465410,0
465411,0
465412,0
465413,0
465414,0
465415,0
465416,47
465417,0
465418,0
465419,0
465420,0
465421,29
465422,31
465423,0
465424,26
465425,30
465426,0
465427,0
465428,0
465429,38
465430,0
465431,0
465432,0
465433,0
465434,49
465435,30
465436,0
465437,0
465438,0
465439,0
465440,0
465441,0
465442,0
465443,0
465444,0
465445,0
465446,0
465447,0
465448,0
465449,0
465450,0
465451,38
465452,0
465453,0
465454,0
465455,0
465456,0
465457,0
465458,0
465459,45
465460,0
465461,0
465462,29
465463,0
465464,41
465465,0
465466,0
465467,0
465468,0
465469,0
465470,0
465471,0
465472,0
465473,0
465474,0
465475,0
465476,0
465477,42
465478,27
465479,0
465480,0
465481,33
465482,0
465483,0
465484,36
465485,0
465486,0
465487,0
465488,0
465489,42
465490,0
465491,0
465492,0
465493,0
465494,0
465495,0
465496,0
465497,40
465498,0
465499,0
465500,0
465501,0
465502,0
465503,0
465504,0
465505,0
465506,0
465507,23
465508,0
465509,0
465510,39
465511,0
465512,0
465513,0
465514,44
465515,44
465516,0
465517,0
465518,27
465519,33
465520,0
465521,0
465522,0
465523,0
465524,0
465525,0
465526,41
465527,0
465528,41
465529,0
465530,0
465531,33
465532,0
465533,0
465534,0
465535,0
465536,0
465537,0
465538,0
465539,0
465540,0
465541,0
465542,0
465543,0
465544,0
465545,0
465546,0
465547,0
465548,43
465549,0
465550,0
465551,45
465552,0
465553,0
465554,0
465555,0
465556,0
465557,32
465558,0
465559,0
465560,0
465561,0
465562,0
465563,0
465564,32
465565,38
465566,28
465567,33
465568,0
465569,51
465570,0
465571,47
465572,39
465573,0
465574,0
465575,35
465576,0
465577,0
465578,0
465579,24
465580,35
465581,0
465582,0
465583,0
465584,0
465585,0
465586,0
465587,0
465588,0
465589,0
465590,0
465591,0
465592,0
465593,0
465594,0
465595,0
465596,0
465597,0
465598,0
465599,20
465600,0
465601,0
465602,37
465603,0
465604,35
465605,0
465606,0
465607,0
465608,0
465609,0
465610,29
465611,35
465612,0
465613,24
465614,0
465615,0
465616,0
465617,46
465618,39
465619,0
465620,33
465621,0
465622,0
465623,0
465624,0
465625,0
465626,31
465627,0
465628,0
465629,0
465630,0
465631,0
465632,0
465633,0
465634,0
465635,0
465636,0
465637,0
465638,0
465639,28
465640,0
465641,0
465642,0
465643,0
465644,36
465645,0
465646,0
465647,0
465648,0
465649,0
465650,0
465651,0
465652,0
465653,0
465654,32
465655,35
465656,0
465657,0
465658,0
465659,31
465660,0
465661,47
465662,0
465663,27
465664,0
465665,37
465666,0
465667,0
465668,0
465669,0
465670,0
465671,0
465672,0
465673,0
465674,35
465675,0
465676,43
465677,0
465678,41
465679,0
465680,31
465681,0
465682,0
465683,0
465684,0
465685,32
465686,0
465687,0
465688,0
465689,0
465690,0
465691,0
465692,0
465693,0
465694,0
465695,0
465696,0
465697,0
465698,0
465699,0
465700,0
465701,36
465702,32
465703,0
465704,0
465705,0
465706,0
465707,0
465708,0
465709,0
465710,0
465711,0
465712,0
465713,0
465714,0
465715,0
465716,33
465717,0
465718,26
465719,0
465720,26
465721,0
465722,0
465723,49
465724,0
465725,0
465726,0
465727,0
465728,36
465729,0
465730,28
465731,41
465732,0
465733,0
465734,0
465735,0
465736,41
465737,0
465738,0
465739,0
465740,0
465741,27
465742,0
465743,0
465744,0
465745,0
465746,0
465747,0
465748,32
465749,0
465750,0
465751,0
465752,0
465753,0
465754,0
465755,0
465756,0
465757,0
465758,0
465759,0
465760,0
465761,0
465762,0
465763,0
465764,0
465765,0
465766,0
465767,0
465768,0
465769,0
465770,0
465771,0
465772,0
465773,0
465774,0
465775,37
465776,34
465777,0
465778,40
465779,0
465780,0
465781,39
465782,0
465783,0
465784,0
465785,0
465786,0
465787,0
465788,0
465789,29
465790,38
465791,24
465792,29
465793,0
465794,34
465795,0
465796,0
465797,34
465798,0
465799,33
465800,0
465801,0
465802,0
465803,0
465804,32
465805,0
465806,0
465807,0
465808,0
465809,0
465810,0
465811,36
465812,0
465813,0
465814,0
465815,0
465816,0
465817,0
465818,0
465819,0
465820,0
465821,29
465822,0
465823,0
465824,32
465825,0
465826,0
465827,0
465828,0
465829,0
465830,0
465831,0
465832,0
465833,0
465834,0
465835,0
465836,0
465837,0
465838,0
465839,44
465840,0
465841,0
465842,0
465843,0
465844,0
465845,0
465846,0
465847,0
465848,0
465849,0
465850,0
465851,0
465852,0
465853,21
465854,0
465855,0
465856,0
465857,0
465858,0
465859,0
465860,0
465861,0
465862,0
465863,0
465864,12
465865,0
465866,0
465867,0
465868,0
465869,0
465870,21
465871,0
465872,0
465873,0
465874,0
465875,0
465876,0
465877,0
465878,0
465879,0
465880,0
465881,19
465882,0
465883,0
465884,0
465885,0
465886,0
465887,0
465888,0
465889,0
465890,0
465891,0
465892,0
465893,0
465894,0
465895,0
465896,0
465897,0
465898,0
465899,0
465900,0
465901,0
465902,0
465903,0
465904,0
465905,0
465906,0
465907,0
465908,0
465909,0
465910,0
465911,0
465912,0
465913,18
465914,0
465915,14
465916,0
465917,24
465918,0
465919,0
465920,0
465921,0
465922,0
465923,0
465924,0
465925,0
465926,35
465927,0
465928,0
465929,0
465930,35
465931,0
465932,0
465933,0
465934,23
465935,0
465936,0
465937,0
465938,0
465939,0
465940,0
465941,0
465942,0
465943,0
465944,0
465945,0
465946,0
465947,0
465948,0
465949,0
465950,0
465951,0
465952,0
465953,0
465954,0
465955,0
465956,0
465957,0
465958,0
465959,0
465960,0
465961,0
465962,0
465963,0
465964,0
465965,0
465966,0
465967,0
465968,0
465969,0
465970,0
465971,0
465972,0
465973,0
465974,0
465975,30
465976,0
465977,0
465978,0
465979,0
465980,0
465981,0
465982,0
465983,0
465984,0
465985,0
465986,0
465987,0
465988,0
465989,0
465990,0
465991,0
465992,0
465993,0
465994,0
465995,0
465996,26
465997,0
465998,0
465999,0
466000,0
466001,0
466002,0
466003,0
466004,0
466005,0
466006,0
466007,0
466008,29
466009,0
466010,0
466011,0
466012,0
466013,0
466014,0
466015,0
466016,0
466017,0
466018,0
466019,0
466020,0
466021,0
466022,0
466023,32
466024,0
466025,0
466026,0
466027,0
466028,0
466029,0
466030,33
466031,0
466032,0
466033,0
466034,0
466035,0
466036,0
466037,0
466038,0
466039,0
466040,22
466041,0
466042,0
466043,0
466044,26
466045,0
466046,0
466047,0
466048,0
466049,0
466050,0
466051,0
466052,0
466053,0
466054,0
466055,0
466056,0
466057,0
466058,0
466059,23
466060,0
466061,0
466062,28
466063,0
466064,0
466065,0
466066,0
466067,0
466068,0
466069,32
466070,0
466071,0
466072,0
466073,0
466074,0
466075,0
466076,0
466077,0
466078,0
466079,0
466080,0
466081,0
466082,0
466083,0
466084,0
466085,19
466086,0
466087,0
466088,0
466089,0
466090,0
466091,0
466092,0
466093,30
466094,0
466095,0
466096,31
466097,0
466098,0
466099,0
466100,0
466101,0
466102,0
466103,0
466104,0
466105,0
466106,0
466107,0
466108,32
466109,0
466110,0
466111,0
466112,0
466113,0
466114,0
466115,0
466116,0
466117,0
466118,0
466119,0
466120,0
466121,0
466122,0
466123,0
466124,0
466125,0
466126,0
466127,0
466128,0
466129,31
466130,0
466131,18
466132,0
466133,0
466134,0
466135,0
466136,0
466137,0
466138,0
466139,0
466140,26
466141,25
466142,0
466143,0
466144,0
466145,0
466146,0
466147,0
466148,0
466149,0
466150,0
466151,0
466152,19
466153,0
466154,23
466155,0
466156,0
466157,0
466158,0
466159,0
466160,0
466161,0
466162,0
466163,0
466164,0
466165,0
466166,0
466167,0
466168,26
466169,0
466170,0
466171,0
466172,0
466173,34
466174,0
466175,0
466176,0
466177,0
466178,0
466179,0
466180,0
466181,0
466182,0
466183,0
466184,29
466185,0
466186,24
466187,0
466188,0
466189,0
466190,41
466191,0
466192,0
466193,0
466194,0
466195,0
466196,0
466197,0
466198,0
466199,0
466200,0
466201,0
466202,36
466203,0
466204,0
466205,0
466206,0
466207,0
466208,0
466209,0
466210,0
466211,0
466212,0
466213,0
466214,0
466215,0
466216,0
466217,0
466218,0
466219,0
466220,0
466221,0
466222,0
466223,0
466224,0
466225,0
466226,0
466227,0
466228,0
466229,0
466230,0
466231,0
466232,0
466233,0
466234,0
466235,0
466236,0
466237,0
466238,0
466239,0
466240,0
466241,0
466242,0
466243,0
466244,45
466245,0
466246,0
466247,0
466248,0
466249,0
466250,0
466251,0
466252,0
466253,0
466254,0
466255,0
466256,0
466257,0
466258,0
466259,0
466260,0
466261,0
466262,0
466263,0
466264,0
466265,0
466266,0
466267,0
466268,0
466269,0
466270,0
466271,0
466272,0
466273,0
466274,0
466275,0
466276,0
466277,0
466278,0
466279,0
466280,0
466281,0
466282,0
466283,0
466284,0
466285,0
466286,0
466287,0
466288,0
466289,0
466290,0
466291,0
466292,0
466293,0
466294,0
466295,0
466296,0
466297,0
466298,0
466299,0
466300,0
466301,0
466302,0
466303,0
466304,0
466305,0
466306,0
466307,0
466308,0
466309,0
466310,0
466311,0
466312,0
466313,0
466314,0
466315,0
466316,0
466317,0
466318,0
466319,0
466320,0
466321,0
466322,0
466323,0
466324,0
466325,0
466326,0
466327,0
466328,0
466329,0
466330,0
466331,0
466332,0
466333,0
466334,0
466335,0
466336,0
466337,0
466338,0
466339,0
466340,0
466341,0
466342,0
466343,0
466344,0
466345,0
466346,0
466347,0
466348,0
466349,0
466350,0
466351,0
466352,0
466353,0
466354,0
466355,0
466356,0
466357,0
466358,0
466359,0
466360,0
466361,0
466362,0
466363,0
466364,0
466365,0
466366,0
466367,0
466368,0
466369,0
466370,0
466371,0
466372,0
466373,0
466374,0
466375,0
466376,0
466377,0
466378,0
466379,0
466380,0
466381,0
466382,0
466383,0
466384,0
466385,0
466386,0
466387,0
466388,0
466389,0
466390,0
466391,0
466392,0
466393,0
466394,0
466395,0
466396,0
466397,0
466398,0
466399,0
466400,0
466401,0
466402,0
466403,0
466404,0
466405,0
466406,0
466407,0
466408,0
466409,0
466410,0
466411,0
466412,0
466413,0
466414,0
466415,0
466416,0
466417,0
466418,0
466419,0
466420,0
466421,0
466422,0
466423,0
466424,0
466425,0
466426,0
466427,0
466428,0
466429,0
466430,0
466431,0
466432,0
466433,0
466434,0
466435,0
466436,0
466437,0
466438,0
466439,0
466440,0
466441,0
466442,0
466443,0
466444,0
466445,0
466446,0
466447,0
466448,0
466449,0
466450,0
466451,0
466452,0
466453,0
466454,0
466455,0
466456,0
466457,0
466458,0
466459,0
466460,0
466461,0
466462,0
466463,0
466464,0
466465,0
466466,0
466467,0
466468,0
466469,0
466470,0
466471,0
466472,0
466473,0
466474,0
466475,0
466476,0
466477,0
466478,0
466479,0
466480,0
466481,0
466482,0
466483,0
466484,0
466485,0
466486,0
466487,0
466488,0
466489,0
466490,0
466491,0
466492,0
466493,0
466494,0
466495,0
466496,0
466497,0
466498,0
466499,0
466500,0
466501,0
466502,0
466503,0
466504,0
466505,0
466506,0
466507,0
466508,0
466509,0
466510,0
466511,0
466512,0
466513,0
466514,0
466515,0
466516,0
466517,0
466518,0
466519,0
466520,0
466521,0
466522,0
466523,0
466524,0
466525,0
466526,0
466527,0
466528,0
466529,0
466530,0
466531,0
466532,0
466533,0
466534,0
466535,0
466536,0
466537,0
466538,0
466539,0
466540,0
466541,0
466542,0
466543,0
466544,0
466545,0
466546,0
466547,0
466548,0
466549,0
466550,0
466551,0
466552,0
466553,0
466554,0
466555,0
466556,0
466557,0
466558,0
466559,0
466560,0
466561,0
466562,0
466563,0
466564,0
466565,0
466566,0
466567,0
466568,0
466569,0
466570,0
466571,0
466572,0
466573,0
466574,0
466575,0
466576,0
466577,0
466578,0
466579,0
466580,0
466581,0
466582,0
466583,0
466584,0
466585,0
466586,0
466587,0
466588,0
466589,0
466590,0
466591,0
466592,0
466593,0
466594,0
466595,0
466596,0
466597,0
466598,0
466599,0
466600,0
466601,0
466602,0
466603,0
466604,0
466605,0
466606,0
466607,0
466608,0
466609,0
466610,0
466611,48
466612,0
466613,0
466614,25
466615,0
466616,0
466617,0
466618,0
466619,0
466620,0
466621,0
466622,0
466623,0
466624,0
466625,23
466626,0
466627,37
466628,0
466629,0
466630,0
466631,0
466632,0
466633,0
466634,0
466635,0
466636,25
466637,0
466638,38
466639,0
466640,33
466641,0
466642,29
466643,53
466644,0
466645,29
466646,0
466647,0
466648,0
466649,0
466650,0
466651,0
466652,0
466653,0
466654,0
466655,0
466656,0
466657,0
466658,26
466659,0
466660,0
466661,39
466662,0
466663,0
466664,0
466665,0
466666,0
466667,26
466668,0
466669,0
466670,0
466671,0
466672,44
466673,0
466674,49
466675,0
466676,0
466677,31
466678,0
466679,0
466680,33
466681,0
466682,52
466683,0
466684,0
466685,0
466686,0
466687,0
466688,0
466689,53
466690,0
466691,32
466692,23
466693,0
466694,0
466695,0
466696,29
466697,0
466698,0
466699,0
466700,0
466701,0
466702,0
466703,0
466704,0
466705,0
466706,0
466707,0
466708,0
466709,31
466710,27
466711,24
466712,0
466713,0
466714,0
466715,45
466716,32
466717,0
466718,0
466719,0
466720,0
466721,0
466722,0
466723,31
466724,0
466725,0
466726,0
466727,0
466728,0
466729,0
466730,0
466731,0
466732,0
466733,0
466734,0
466735,0
466736,26
466737,0
466738,37
466739,33
466740,0
466741,0
466742,28
466743,0
466744,0
466745,0
466746,0
466747,41
466748,0
466749,0
466750,0
466751,0
466752,0
466753,0
466754,0
466755,0
466756,0
466757,32
466758,0
466759,0
466760,0
466761,22
466762,0
466763,0
466764,31
466765,39
466766,0
466767,0
466768,0
466769,0
466770,24
466771,0
466772,0
466773,0
466774,0
466775,0
466776,42
466777,26
466778,41
466779,33
466780,0
466781,0
466782,0
466783,0
466784,28
466785,0
466786,0
466787,0
466788,0
466789,0
466790,0
466791,34
466792,0
466793,0
466794,0
466795,0
466796,0
466797,0
466798,0
466799,0
466800,0
466801,0
466802,0
466803,39
466804,0
466805,0
466806,0
466807,0
466808,0
466809,0
466810,25
466811,0
466812,0
466813,0
466814,40
466815,0
466816,0
466817,0
466818,26
466819,0
466820,30
466821,0
466822,0
466823,0
466824,0
466825,0
466826,0
466827,0
466828,0
466829,0
466830,0
466831,0
466832,0
466833,0
466834,0
466835,0
466836,0
466837,23
466838,0
466839,0
466840,0
466841,0
466842,0
466843,0
466844,0
466845,46
466846,0
466847,31
466848,0
466849,0
466850,41
466851,0
466852,29
466853,0
466854,0
466855,27
466856,0
466857,0
466858,0
466859,40
466860,0
466861,0
466862,0
466863,0
466864,33
466865,0
466866,0
466867,0
466868,0
466869,20
466870,30
466871,52
466872,0
466873,0
466874,0
466875,0
466876,0
466877,38
466878,0
466879,0
466880,0
466881,0
466882,0
466883,0
466884,0
466885,0
466886,0
466887,0
466888,0
466889,0
466890,0
466891,0
466892,0
466893,0
466894,0
466895,0
466896,0
466897,0
466898,0
466899,0
466900,0
466901,27
466902,0
466903,0
466904,0
466905,0
466906,47
466907,0
466908,0
466909,0
466910,0
466911,0
466912,0
466913,0
466914,0
466915,0
466916,0
466917,34
466918,0
466919,0
466920,0
466921,0
466922,0
466923,0
466924,25
466925,0
466926,0
466927,0
466928,0
466929,0
466930,28
466931,0
466932,0
466933,26
466934,0
466935,0
466936,0
466937,0
466938,36
466939,0
466940,0
466941,0
466942,43
466943,0
466944,0
466945,0
466946,0
466947,0
466948,0
466949,0
466950,0
466951,30
466952,0
466953,23
466954,0
466955,35
466956,0
466957,0
466958,39
466959,0
466960,0
466961,0
466962,0
466963,0
466964,0
466965,0
466966,0
466967,0
466968,0
466969,39
466970,0
466971,53
466972,0
466973,0
466974,0
466975,0
466976,0
466977,0
466978,0
466979,0
466980,0
466981,0
466982,32
466983,0
466984,0
466985,0
466986,0
466987,39
466988,0
466989,0
466990,0
466991,0
466992,0
466993,0
466994,0
466995,0
466996,25
466997,0
466998,0
466999,0
467000,0
467001,0
467002,0
467003,0
467004,0
467005,0
467006,0
467007,0
467008,0
467009,0
467010,0
467011,0
467012,0
467013,0
467014,0
467015,0
467016,0
467017,0
467018,0
467019,0
467020,0
467021,0
467022,0
467023,0
467024,24
467025,0
467026,0
467027,0
467028,0
467029,0
467030,0
467031,0
467032,0
467033,0
467034,0
467035,0
467036,0
467037,0
467038,0
467039,0
467040,0
467041,0
467042,0
467043,0
467044,0
467045,0
467046,0
467047,0
467048,0
467049,38
467050,0
467051,0
467052,25
467053,0
467054,0
467055,0
467056,0
467057,0
467058,0
467059,0
467060,0
467061,0
467062,0
467063,0
467064,31
467065,0
467066,0
467067,23
467068,0
467069,0
467070,0
467071,0
467072,0
467073,0
467074,0
467075,0
467076,0
467077,0
467078,0
467079,1
467080,0
467081,0
467082,0
467083,0
467084,0
467085,0
467086,0
467087,0
467088,0
467089,0
467090,0
467091,0
467092,0
467093,0
467094,0
467095,0
467096,0
467097,0
467098,0
467099,0
467100,0
467101,0
467102,0
467103,0
467104,0
467105,0
467106,0
467107,0
467108,0
467109,1
467110,0
467111,0
467112,0
467113,0
467114,0
467115,0
467116,0
467117,0
467118,0
467119,0
467120,0
467121,0
467122,0
467123,0
467124,0
467125,0
467126,0
467127,0
467128,0
467129,0
467130,0
467131,0
467132,0
467133,0
467134,0
467135,0
467136,0
467137,0
467138,0
467139,0
467140,0
467141,0
467142,0
467143,0
467144,0
467145,0
467146,0
467147,0
467148,0
467149,0
467150,0
467151,0
467152,0
467153,0
467154,0
467155,0
467156,0
467157,0
467158,0
467159,0
467160,0
467161,0
467162,0
467163,0
467164,0
467165,0
467166,0
467167,0
467168,0
467169,0
467170,0
467171,0
467172,0
467173,0
467174,0
467175,0
467176,0
467177,0
467178,0
467179,0
467180,0
467181,0
467182,0
467183,0
467184,0
467185,0
467186,0
467187,0
467188,0
467189,0
467190,0
467191,0
467192,1
467193,0
467194,0
467195,0
467196,0
467197,0
467198,0
467199,0
467200,0
467201,0
467202,0
467203,0
467204,0
467205,0
467206,0
467207,0
467208,1
467209,0
467210,0
467211,0
467212,0
467213,0
467214,0
467215,0
467216,0
467217,0
467218,1
467219,0
467220,0
467221,0
467222,0
467223,0
467224,0
467225,0
467226,0
467227,0
467228,0
467229,0
467230,0
467231,0
467232,0
467233,0
467234,0
467235,0
467236,0
467237,0
467238,0
467239,0
467240,0
467241,0
467242,0
467243,0
467244,0
467245,0
467246,0
467247,0
467248,0
467249,0
467250,0
467251,0
467252,0
467253,0
467254,0
467255,0
467256,0
467257,0
467258,0
467259,0
467260,0
467261,0
467262,0
467263,0
467264,0
467265,0
467266,0
467267,0
467268,0
467269,0
467270,0
467271,0
467272,0
467273,0
467274,0
467275,0
467276,0
467277,0
467278,0
467279,0
467280,0
467281,0
467282,0
467283,0
467284,0
467285,0
467286,0
467287,0
467288,0
467289,0
467290,0
467291,0
467292,0
467293,0
467294,0
467295,0
467296,0
467297,0
467298,0
467299,0
467300,0
467301,0
467302,0
467303,0
467304,0
467305,0
467306,0
467307,0
467308,1
467309,0
467310,1
467311,0
467312,0
467313,0
467314,0
467315,0
467316,0
467317,0
467318,0
467319,0
467320,0
467321,0
467322,0
467323,0
467324,0
467325,0
467326,0
467327,0
467328,0
467329,0
467330,0
467331,0
467332,0
467333,0
467334,0
467335,0
467336,0
467337,0
467338,0
467339,0
467340,0
467341,0
467342,0
467343,0
467344,0
467345,0
467346,0
467347,0
467348,0
467349,0
467350,0
467351,0
467352,0
467353,0
467354,0
467355,0
467356,0
467357,0
467358,0
467359,0
467360,0
467361,0
467362,0
467363,0
467364,0
467365,0
467366,0
467367,0
467368,0
467369,0
467370,0
467371,0
467372,0
467373,0
467374,0
467375,0
467376,0
467377,0
467378,0
467379,0
467380,0
467381,0
467382,0
467383,0
467384,0
467385,0
467386,0
467387,0
467388,0
467389,0
467390,0
467391,0
467392,0
467393,0
467394,0
467395,0
467396,0
467397,20
467398,0
467399,0
467400,0
467401,0
467402,0
467403,0
467404,0
467405,0
467406,0
467407,0
467408,0
467409,0
467410,0
467411,0
467412,0
467413,0
467414,40
467415,0
467416,0
467417,0
467418,34
467419,0
467420,0
467421,0
467422,0
467423,0
467424,0
467425,0
467426,0
467427,0
467428,0
467429,0
467430,0
467431,0
467432,0
467433,0
467434,0
467435,0
467436,0
467437,0
467438,0
467439,0
467440,0
467441,0
467442,0
467443,0
467444,0
467445,0
467446,0
467447,0
467448,0
467449,0
467450,0
467451,0
467452,0
467453,0
467454,0
467455,0
467456,0
467457,0
467458,0
467459,0
467460,0
467461,0
467462,0
467463,0
467464,31
467465,0
467466,0
467467,0
467468,0
467469,0
467470,57
467471,0
467472,0
467473,0
467474,0
467475,0
467476,0
467477,0
467478,0
467479,39
467480,0
467481,0
467482,0
467483,0
467484,0
467485,48
467486,0
467487,0
467488,0
467489,0
467490,0
467491,0
467492,0
467493,0
467494,0
467495,0
467496,0
467497,0
467498,0
467499,0
467500,0
467501,0
467502,0
467503,0
467504,0
467505,0
467506,0
467507,0
467508,0
467509,0
467510,0
467511,0
467512,0
467513,0
467514,0
467515,0
467516,0
467517,0
467518,0
467519,0
467520,0
467521,0
467522,0
467523,0
467524,0
467525,0
467526,0
467527,0
467528,0
467529,0
467530,0
467531,0
467532,0
467533,0
467534,0
467535,0
467536,0
467537,18
467538,0
467539,0
467540,0
467541,0
467542,0
467543,0
467544,0
467545,0
467546,0
467547,0
467548,0
467549,0
467550,0
467551,0
467552,0
467553,0
467554,0
467555,0
467556,0
467557,0
467558,0
467559,0
467560,0
467561,0
467562,0
467563,0
467564,0
467565,0
467566,20
467567,0
467568,0
467569,0
467570,0
467571,0
467572,0
467573,0
467574,0
467575,0
467576,0
467577,0
467578,0
467579,0
467580,0
467581,0
467582,0
467583,0
467584,0
467585,0
467586,0
467587,0
467588,32
467589,0
467590,0
467591,0
467592,0
467593,0
467594,0
467595,0
467596,0
467597,0
467598,0
467599,0
467600,0
467601,19
467602,0
467603,0
467604,0
467605,0
467606,0
467607,0
467608,0
467609,0
467610,0
467611,0
467612,0
467613,0
467614,0
467615,92
467616,0
467617,0
467618,0
467619,0
467620,0
467621,0
467622,0
467623,0
467624,23
467625,0
467626,0
467627,0
467628,0
467629,0
467630,0
467631,0
467632,0
467633,0
467634,0
467635,0
467636,0
467637,0
467638,0
467639,0
467640,0
467641,0
467642,0
467643,0
467644,0
467645,0
467646,0
467647,0
467648,0
467649,0
467650,0
467651,0
467652,0
467653,0
467654,0
467655,0
467656,0
467657,0
467658,31
467659,0
467660,0
467661,0
467662,0
467663,0
467664,0
467665,0
467666,39
467667,0
467668,0
467669,0
467670,0
467671,0
467672,0
467673,0
467674,0
467675,0
467676,0
467677,0
467678,0
467679,0
467680,0
467681,0
467682,0
467683,0
467684,0
467685,0
467686,0
467687,0
467688,0
467689,0
467690,0
467691,0
467692,0
467693,0
467694,0
467695,0
467696,0
467697,0
467698,0
467699,0
467700,0
467701,0
467702,0
467703,0
467704,0
467705,0
467706,0
467707,15
467708,0
467709,0
467710,0
467711,0
467712,0
467713,0
467714,0
467715,0
467716,0
467717,0
467718,0
467719,0
467720,0
467721,0
467722,0
467723,0
467724,0
467725,0
467726,0
467727,0
467728,53
467729,41
467730,0
467731,0
467732,0
467733,0
467734,0
467735,0
467736,0
467737,0
467738,0
467739,0
467740,0
467741,0
467742,0
467743,0
467744,0
467745,0
467746,0
467747,0
467748,0
467749,0
467750,0
467751,0
467752,0
467753,0
467754,0
467755,0
467756,0
467757,0
467758,0
467759,0
467760,0
467761,0
467762,0
467763,0
467764,0
467765,0
467766,0
467767,27
467768,0
467769,0
467770,0
467771,0
467772,0
467773,0
467774,23
467775,17
467776,0
467777,0
467778,46
467779,0
467780,0
467781,0
467782,0
467783,0
467784,0
467785,0
467786,0
467787,0
467788,0
467789,0
467790,0
467791,0
467792,0
467793,0
467794,32
467795,0
467796,0
467797,0
467798,0
467799,0
467800,0
467801,0
467802,0
467803,0
467804,0
467805,0
467806,0
467807,0
467808,0
467809,29
467810,0
467811,28
467812,0
467813,0
467814,0
467815,0
467816,0
467817,0
467818,0
467819,0
467820,0
467821,0
467822,37
467823,0
467824,0
467825,0
467826,0
467827,0
467828,0
467829,0
467830,0
467831,0
467832,0
467833,0
467834,0
467835,0
467836,0
467837,0
467838,0
467839,0
467840,0
467841,0
467842,0
467843,0
467844,0
467845,0
467846,0
467847,0
467848,0
467849,0
467850,0
467851,0
467852,0
467853,0
467854,34
467855,0
467856,45
467857,0
467858,0
467859,0
467860,0
467861,0
467862,41
467863,0
467864,0
467865,0
467866,0
467867,32
467868,0
467869,0
467870,0
467871,0
467872,0
467873,0
467874,0
467875,0
467876,0
467877,0
467878,0
467879,0
467880,0
467881,0
467882,0
467883,0
467884,0
467885,0
467886,0
467887,0
467888,0
467889,0
467890,0
467891,0
467892,0
467893,0
467894,0
467895,0
467896,0
467897,0
467898,0
467899,0
467900,0
467901,0
467902,40
467903,0
467904,0
467905,0
467906,0
467907,0
467908,0
467909,0
467910,0
467911,0
467912,0
467913,0
467914,0
467915,0
467916,0
467917,0
467918,0
467919,17
467920,0
467921,29
467922,0
467923,0
467924,0
467925,0
467926,0
467927,49
467928,0
467929,23
467930,0
467931,0
467932,0
467933,0
467934,0
467935,26
467936,29
467937,0
467938,0
467939,0
467940,0
467941,0
467942,0
467943,0
467944,0
467945,0
467946,0
467947,0
467948,0
467949,0
467950,0
467951,0
467952,0
467953,0
467954,16
467955,0
467956,0
467957,0
467958,0
467959,40
467960,0
467961,0
467962,0
467963,0
467964,0
467965,0
467966,0
467967,0
467968,0
467969,24
467970,37
467971,0
467972,0
467973,0
467974,0
467975,0
467976,0
467977,0
467978,0
467979,0
467980,0
467981,0
467982,0
467983,0
467984,0
467985,0
467986,0
467987,0
467988,0
467989,36
467990,0
467991,0
467992,0
467993,0
467994,0
467995,0
467996,0
467997,0
467998,0
467999,0
468000,0
468001,0
468002,0
468003,0
468004,0
468005,0
468006,0
468007,0
468008,32
468009,0
468010,0
468011,0
468012,0
468013,0
468014,0
468015,0
468016,0
468017,0
468018,0
468019,33
468020,4
468021,0
468022,0
468023,0
468024,0
468025,0
468026,5
468027,0
468028,0
468029,0
468030,0
468031,0
468032,0
468033,8
468034,0
468035,0
468036,0
468037,0
468038,0
468039,0
468040,0
468041,8
468042,0
468043,0
468044,3
468045,0
468046,5
468047,4
468048,5
468049,0
468050,3
468051,0
468052,2
468053,5
468054,0
468055,0
468056,0
468057,0
468058,0
468059,0
468060,0
468061,0
468062,0
468063,0
468064,0
468065,1
468066,0
468067,1
468068,2
468069,0
468070,0
468071,0
468072,0
468073,0
468074,0
468075,0
468076,0
468077,0
468078,4
468079,4
468080,2
468081,0
468082,0
468083,0
468084,0
468085,0
468086,2
468087,0
468088,0
468089,3
468090,0
468091,3
468092,4
468093,0
468094,4
468095,7
468096,0
468097,0
468098,0
468099,0
468100,7
468101,0
468102,0
468103,0
468104,0
468105,3
468106,0
468107,1
468108,0
468109,0
468110,10
468111,5
468112,0
468113,0
468114,0
468115,0
468116,0
468117,6
468118,0
468119,0
468120,3
468121,0
468122,5
468123,6
468124,2
468125,2
468126,0
468127,5
468128,9
468129,0
468130,0
468131,0
468132,0
468133,0
468134,2
468135,0
468136,5
468137,0
468138,5
468139,0
468140,0
468141,1
468142,2
468143,0
468144,0
468145,4
468146,0
468147,5
468148,0
468149,6
468150,0
468151,0
468152,0
468153,0
468154,4
468155,7
468156,0
468157,0
468158,0
468159,6
468160,0
468161,0
468162,0
468163,4
468164,0
468165,0
468166,0
468167,4
468168,2
468169,0
468170,0
468171,0
468172,0
468173,4
468174,0
468175,5
468176,2
468177,0
468178,0
468179,0
468180,0
468181,0
468182,3
468183,0
468184,3
468185,3
468186,0
468187,0
468188,0
468189,3
468190,0
468191,0
468192,2
468193,0
468194,5
468195,0
468196,0
468197,0
468198,7
468199,9
468200,5
468201,0
468202,0
468203,0
468204,0
468205,0
468206,0
468207,0
468208,0
468209,0
468210,3
468211,0
468212,0
468213,0
468214,6
468215,0
468216,7
468217,0
468218,0
468219,8
468220,0
468221,4
468222,1
468223,6
468224,0
468225,0
468226,0
468227,0
468228,0
468229,0
468230,0
468231,0
468232,3
468233,0
468234,0
468235,0
468236,0
468237,0
468238,0
468239,0
468240,4
468241,0
468242,3
468243,3
468244,1
468245,0
468246,0
468247,0
468248,0
468249,0
468250,0
468251,0
468252,0
468253,0
468254,0
468255,0
468256,1
468257,0
468258,5
468259,0
468260,5
468261,0
468262,6
468263,0
468264,0
468265,3
468266,0
468267,0
468268,0
468269,2
468270,0
468271,0
468272,0
468273,3
468274,0
468275,0
468276,4
468277,0
468278,6
468279,0
468280,0
468281,0
468282,0
468283,0
468284,0
468285,0
468286,1
468287,0
468288,0
468289,0
468290,0
468291,2
468292,5
468293,0
468294,0
468295,0
468296,0
468297,0
468298,0
468299,0
468300,0
468301,2
468302,0
468303,2
468304,12
468305,0
468306,0
468307,0
468308,0
468309,4
468310,0
468311,0
468312,0
468313,0
468314,0
468315,0
468316,0
468317,0
468318,0
468319,0
468320,1
468321,5
468322,6
468323,0
468324,2
468325,0
468326,7
468327,0
468328,0
468329,0
468330,0
468331,0
468332,0
468333,6
468334,0
468335,0
468336,0
468337,2
468338,0
468339,0
468340,6
468341,0
468342,1
468343,2
468344,0
468345,2
468346,6
468347,0
468348,4
468349,0
468350,0
468351,4
468352,4
468353,0
468354,0
468355,0
468356,0
468357,0
468358,0
468359,0
468360,4
468361,0
468362,0
468363,0
468364,0
468365,0
468366,0
468367,0
468368,10
468369,0
468370,0
468371,7
468372,0
468373,0
468374,1
468375,0
468376,0
468377,0
468378,0
468379,0
468380,0
468381,0
468382,0
468383,0
468384,0
468385,0
468386,0
468387,3
468388,0
468389,0
468390,3
468391,0
468392,0
468393,0
468394,0
468395,0
468396,0
468397,0
468398,0
468399,0
468400,0
468401,0
468402,0
468403,5
468404,0
468405,4
468406,9
468407,0
468408,0
468409,0
468410,0
468411,0
468412,0
468413,0
468414,0
468415,0
468416,6
468417,0
468418,2
468419,0
468420,4
468421,0
468422,5
468423,0
468424,0
468425,0
468426,2
468427,1
468428,1
468429,0
468430,4
468431,0
468432,3
468433,0
468434,8
468435,0
468436,0
468437,0
468438,0
468439,0
468440,0
468441,2
468442,3
468443,0
468444,0
468445,0
468446,6
468447,0
468448,6
468449,0
468450,0
468451,1
468452,0
468453,0
468454,2
468455,2
468456,0
468457,0
468458,0
468459,0
468460,0
468461,0
468462,4
468463,1
468464,0
468465,4
468466,0
468467,0
468468,0
468469,0
468470,0
468471,3
468472,2
468473,0
468474,0
468475,5
468476,0
468477,0
468478,1
468479,0
468480,0
468481,0
468482,0
468483,0
468484,0
468485,0
468486,0
468487,0
468488,0
468489,5
468490,0
468491,0
468492,0
468493,0
468494,0
468495,0
468496,0
468497,0
468498,6
468499,0
468500,0
468501,0
468502,0
468503,0
468504,3
468505,0
468506,0
468507,0
468508,0
468509,5
468510,0
468511,0
468512,0
468513,0
468514,0
468515,0
468516,0
468517,0
468518,0
468519,0
468520,3
468521,0
468522,3
468523,0
468524,0
468525,3
468526,0
468527,0
468528,0
468529,3
468530,0
468531,0
468532,0
468533,3
468534,0
468535,0
468536,0
468537,0
468538,0
468539,0
468540,0
468541,0
468542,0
468543,0
468544,0
468545,0
468546,0
468547,0
468548,5
468549,0
468550,0
468551,0
468552,0
468553,0
468554,6
468555,0
468556,0
468557,0
468558,0
468559,0
468560,5
468561,0
468562,0
468563,6
468564,0
468565,0
468566,0
468567,0
468568,0
468569,2
468570,0
468571,4
468572,0
468573,0
468574,0
468575,8
468576,0
468577,0
468578,4
468579,0
468580,0
468581,0
468582,1
468583,2
468584,3
468585,0
468586,0
468587,3
468588,5
468589,0
468590,0
468591,0
468592,0
468593,0
468594,0
468595,5
468596,0
468597,3
468598,4
468599,0
468600,0
468601,0
468602,0
468603,0
468604,0
468605,0
468606,0
468607,0
468608,0
468609,5
468610,0
468611,5
468612,0
468613,0
468614,8
468615,6
468616,4
468617,4
468618,0
468619,0
468620,6
468621,0
468622,4
468623,0
468624,0
468625,0
468626,0
468627,3
468628,0
468629,4
468630,0
468631,0
468632,0
468633,0
468634,0
468635,0
468636,3
468637,0
468638,0
468639,0
468640,0
468641,0
468642,0
468643,5
468644,0
468645,0
468646,0
468647,4
468648,0
468649,0
468650,3
468651,0
468652,0
468653,0
468654,0
468655,4
468656,0
468657,0
468658,0
468659,11
468660,0
468661,0
468662,7
468663,0
468664,3
468665,0
468666,1
468667,0
468668,5
468669,0
468670,0
468671,0
468672,0
468673,0
468674,0
468675,0
468676,0
468677,0
468678,0
468679,5
468680,0
468681,0
468682,0
468683,0
468684,0
468685,0
468686,0
468687,0
468688,0
468689,9
468690,0
468691,0
468692,0
468693,7
468694,0
468695,0
468696,2
468697,0
468698,5
468699,0
468700,0
468701,5
468702,0
468703,3
468704,0
468705,0
468706,0
468707,0
468708,0
468709,3
468710,0
468711,0
468712,6
468713,2
468714,6
468715,0
468716,0
468717,0
468718,3
468719,0
468720,3
468721,0
468722,0
468723,0
468724,0
468725,4
468726,0
468727,0
468728,6
468729,1
468730,0
468731,0
468732,0
468733,2
468734,0
468735,0
468736,0
468737,0
468738,0
468739,0
468740,0
468741,0
468742,0
468743,0
468744,0
468745,0
468746,5
468747,0
468748,0
468749,0
468750,0
468751,0
468752,0
468753,3
468754,1
468755,0
468756,0
468757,0
468758,0
468759,4
468760,0
468761,0
468762,0
468763,4
468764,1
468765,3
468766,6
468767,0
468768,4
468769,0
468770,0
468771,0
468772,0
468773,0
468774,0
468775,0
468776,0
468777,0
468778,5
468779,0
468780,0
468781,0
468782,0
468783,4
468784,0
468785,6
468786,4
468787,0
468788,4
468789,0
468790,0
468791,0
468792,0
468793,2
468794,6
468795,0
468796,0
468797,0
468798,5
468799,0
468800,0
468801,0
468802,0
468803,6
468804,0
468805,0
468806,0
468807,0
468808,0
468809,6
468810,0
468811,0
468812,0
468813,0
468814,0
468815,0
468816,0
468817,0
468818,0
468819,0
468820,0
468821,6
468822,0
468823,0
468824,1
468825,0
468826,0
468827,1
468828,6
468829,0
468830,0
468831,0
468832,0
468833,2
468834,0
468835,0
468836,0
468837,0
468838,0
468839,2
468840,0
468841,4
468842,3
468843,0
468844,0
468845,0
468846,0
468847,0
468848,0
468849,0
468850,3
468851,0
468852,0
468853,2
468854,3
468855,0
468856,0
468857,2
468858,0
468859,0
468860,0
468861,0
468862,3
468863,10
468864,0
468865,0
468866,0
468867,0
468868,4
468869,5
468870,0
468871,0
468872,0
468873,0
468874,0
468875,0
468876,4
468877,0
468878,0
468879,0
468880,0
468881,0
468882,2
468883,5
468884,0
468885,0
468886,0
468887,0
468888,0
468889,0
468890,0
468891,0
468892,6
468893,0
468894,3
468895,8
468896,0
468897,4
468898,0
468899,0
468900,0
468901,0
468902,0
468903,0
468904,0
468905,5
468906,0
468907,0
468908,3
468909,0
468910,0
468911,7
468912,0
468913,0
468914,0
468915,4
468916,0
468917,0
468918,0
468919,0
468920,0
468921,0
468922,0
468923,0
468924,0
468925,0
468926,0
468927,5
468928,4
468929,0
468930,0
468931,6
468932,0
468933,2
468934,0
468935,0
468936,0
468937,1
468938,0
468939,0
468940,3
468941,0
468942,0
468943,0
468944,2
468945,0
468946,4
468947,0
468948,0
468949,3
468950,0
468951,0
468952,5
468953,0
468954,0
468955,0
468956,0
468957,0
468958,8
468959,1
468960,8
468961,0
468962,0
468963,0
468964,0
468965,0
468966,38
468967,0
468968,40
468969,0
468970,0
468971,0
468972,0
468973,0
468974,55
468975,0
468976,0
468977,0
468978,0
468979,0
468980,0
468981,0
468982,42
468983,37
468984,0
468985,0
468986,41
468987,0
468988,0
468989,0
468990,0
468991,0
468992,0
468993,44
468994,0
468995,0
468996,0
468997,0
468998,0
468999,36
469000,0
469001,0
469002,0
469003,0
469004,0
469005,0
469006,23
469007,43
469008,0
469009,0
469010,0
469011,0
469012,0
469013,0
469014,0
469015,0
469016,0
469017,0
469018,38
469019,0
469020,0
469021,0
469022,0
469023,0
469024,0
469025,0
469026,0
469027,0
469028,0
469029,38
469030,32
469031,0
469032,0
469033,0
469034,0
469035,44
469036,0
469037,0
469038,56
469039,0
469040,36
469041,0
469042,0
469043,50
469044,0
469045,0
469046,27
469047,47
469048,0
469049,0
469050,0
469051,0
469052,0
469053,33
469054,40
469055,0
469056,0
469057,0
469058,0
469059,0
469060,39
469061,0
469062,0
469063,0
469064,0
469065,0
469066,0
469067,0
469068,47
469069,0
469070,43
469071,0
469072,48
469073,0
469074,0
469075,0
469076,0
469077,0
469078,0
469079,0
469080,43
469081,0
469082,0
469083,39
469084,28
469085,0
469086,0
469087,59
469088,0
469089,0
469090,0
469091,0
469092,0
469093,0
469094,0
469095,33
469096,0
469097,0
469098,33
469099,0
469100,48
469101,0
469102,0
469103,0
469104,41
469105,38
469106,27
469107,0
469108,0
469109,33
469110,0
469111,44
469112,0
469113,0
469114,0
469115,0
469116,0
469117,0
469118,0
469119,0
469120,0
469121,0
469122,0
469123,0
469124,0
469125,0
469126,0
469127,0
469128,0
469129,0
469130,0
469131,0
469132,0
469133,0
469134,0
469135,0
469136,0
469137,0
469138,0
469139,0
469140,0
469141,0
469142,0
469143,0
469144,0
469145,0
469146,0
469147,0
469148,0
469149,0
469150,0
469151,0
469152,0
469153,0
469154,0
469155,0
469156,0
469157,0
469158,0
469159,0
469160,0
469161,0
469162,0
469163,0
469164,0
469165,0
469166,0
469167,0
469168,0
469169,0
469170,0
469171,0
469172,0
469173,0
469174,0
469175,0
469176,0
469177,1
469178,0
469179,0
469180,0
469181,0
469182,0
469183,0
469184,0
469185,0
469186,0
469187,0
469188,0
469189,0
469190,0
469191,0
469192,0
469193,0
469194,0
469195,0
469196,0
469197,0
469198,0
469199,0
469200,0
469201,0
469202,0
469203,0
469204,0
469205,0
469206,0
469207,0
469208,0
469209,0
469210,0
469211,0
469212,0
469213,0
469214,0
469215,0
469216,0
469217,0
469218,0
469219,0
469220,0
469221,0
469222,1
469223,0
469224,0
469225,0
469226,0
469227,0
469228,0
469229,0
469230,0
469231,0
469232,0
469233,0
469234,0
469235,0
469236,1
469237,0
469238,0
469239,0
469240,0
469241,0
469242,0
469243,0
469244,0
469245,0
469246,0
469247,0
469248,0
469249,0
469250,0
469251,0
469252,0
469253,0
469254,0
469255,0
469256,0
469257,0
469258,0
469259,0
469260,0
469261,0
469262,0
469263,0
469264,0
469265,0
469266,0
469267,1
469268,0
469269,0
469270,0
469271,0
469272,0
469273,0
469274,0
469275,0
469276,0
469277,0
469278,0
469279,0
469280,0
469281,0
469282,1
469283,0
469284,0
469285,0
469286,0
469287,0
469288,0
469289,0
469290,0
469291,0
469292,0
469293,0
469294,0
469295,0
469296,0
469297,0
469298,0
469299,0
469300,0
469301,0
469302,0
469303,0
469304,0
469305,0
469306,0
469307,0
469308,0
469309,0
469310,0
469311,0
469312,0
469313,0
469314,0
469315,0
469316,0
469317,0
469318,0
469319,0
469320,0
469321,0
469322,0
469323,0
469324,0
469325,0
469326,0
469327,0
469328,0
469329,0
469330,0
469331,0
469332,0
469333,0
469334,0
469335,0
469336,0
469337,0
469338,0
469339,0
469340,0
469341,0
469342,0
469343,0
469344,0
469345,0
469346,0
469347,0
469348,0
469349,0
469350,0
469351,0
469352,0
469353,0
469354,0
469355,0
469356,0
469357,0
469358,0
469359,0
469360,0
469361,0
469362,0
469363,0
469364,0
469365,0
469366,0
469367,0
469368,0
469369,0
469370,0
469371,0
469372,0
469373,0
469374,0
469375,0
469376,0
469377,0
469378,0
469379,0
469380,0
469381,0
469382,0
469383,0
469384,0
469385,0
469386,0
469387,0
469388,0
469389,0
469390,0
469391,0
469392,0
469393,0
469394,0
469395,0
469396,0
469397,0
469398,0
469399,0
469400,0
469401,0
469402,0
469403,0
469404,0
469405,0
469406,0
469407,0
469408,0
469409,0
469410,0
469411,0
469412,0
469413,0
469414,0
469415,0
469416,0
469417,0
469418,0
469419,0
469420,0
469421,0
469422,0
469423,0
469424,0
469425,0
469426,0
469427,1
469428,0
469429,0
469430,0
469431,0
469432,0
469433,0
469434,0
469435,0
469436,0
469437,0
469438,0
469439,0
469440,0
469441,0
469442,0
469443,0
469444,24
469445,0
469446,39
469447,0
469448,0
469449,0
469450,0
469451,0
469452,0
469453,0
469454,43
469455,38
469456,33
469457,0
469458,0
469459,0
469460,0
469461,0
469462,0
469463,0
469464,0
469465,0
469466,0
469467,0
469468,0
469469,0
469470,48
469471,0
469472,31
469473,0
469474,0
469475,0
469476,0
469477,0
469478,0
469479,0
469480,0
469481,0
469482,0
469483,0
469484,0
469485,0
469486,0
469487,0
469488,0
469489,40
469490,27
469491,30
469492,20
469493,33
469494,0
469495,0
469496,0
469497,36
469498,0
469499,40
469500,0
469501,26
469502,34
469503,40
469504,0
469505,0
469506,0
469507,0
469508,0
469509,0
469510,0
469511,0
469512,0
469513,0
469514,0
469515,21
469516,0
469517,0
469518,0
469519,0
469520,0
469521,0
469522,0
469523,0
469524,0
469525,0
469526,0
469527,0
469528,0
469529,0
469530,0
469531,0
469532,0
469533,0
469534,0
469535,0
469536,0
469537,0
469538,0
469539,0
469540,0
469541,0
469542,0
469543,0
469544,48
469545,36
469546,0
469547,0
469548,0
469549,0
469550,0
469551,0
469552,0
469553,0
469554,0
469555,0
469556,46
469557,0
469558,27
469559,0
469560,0
469561,0
469562,0
469563,0
469564,0
469565,55
469566,0
469567,0
469568,0
469569,0
469570,0
469571,0
469572,0
469573,0
469574,0
469575,0
469576,0
469577,0
469578,0
469579,0
469580,0
469581,0
469582,0
469583,0
469584,0
469585,0
469586,0
469587,0
469588,0
469589,0
469590,0
469591,26
469592,0
469593,0
469594,0
469595,0
469596,0
469597,0
469598,0
469599,0
469600,0
469601,0
469602,0
469603,38
469604,0
469605,0
469606,0
469607,0
469608,40
469609,0
469610,0
469611,0
469612,0
469613,0
469614,0
469615,0
469616,0
469617,0
469618,0
469619,0
469620,0
469621,0
469622,45
469623,0
469624,0
469625,0
469626,0
469627,0
469628,0
469629,0
469630,0
469631,0
469632,0
469633,0
469634,0
469635,0
469636,0
469637,0
469638,0
469639,28
469640,26
469641,17
469642,17
469643,0
469644,0
469645,39
469646,0
469647,0
469648,0
469649,0
469650,0
469651,0
469652,40
469653,0
469654,0
469655,0
469656,0
469657,0
469658,0
469659,0
469660,0
469661,0
469662,0
469663,0
469664,35
469665,0
469666,0
469667,0
469668,0
469669,0
469670,0
469671,0
469672,0
469673,0
469674,0
469675,0
469676,0
469677,0
469678,0
469679,0
469680,0
469681,0
469682,0
469683,0
469684,0
469685,0
469686,0
469687,0
469688,0
469689,0
469690,0
469691,0
469692,0
469693,0
469694,39
469695,0
469696,33
469697,0
469698,40
469699,51
469700,0
469701,0
469702,0
469703,0
469704,0
469705,35
469706,0
469707,0
469708,0
469709,22
469710,20
469711,0
469712,0
469713,0
469714,23
469715,0
469716,55
469717,0
469718,0
469719,36
469720,0
469721,41
469722,0
469723,0
469724,0
469725,0
469726,29
469727,0
469728,0
469729,0
469730,0
469731,43
469732,0
469733,0
469734,0
469735,0
469736,0
469737,0
469738,0
469739,0
469740,0
469741,0
469742,0
469743,28
469744,0
469745,30
469746,40
469747,0
469748,0
469749,56
469750,0
469751,0
469752,33
469753,0
469754,0
469755,0
469756,47
469757,0
469758,26
469759,0
469760,0
469761,0
469762,0
469763,52
469764,0
469765,0
469766,29
469767,0
469768,0
469769,0
469770,0
469771,0
469772,0
469773,0
469774,0
469775,0
469776,0
469777,0
469778,0
469779,0
469780,0
469781,0
469782,0
469783,0
469784,0
469785,37
469786,0
469787,0
469788,0
469789,52
469790,0
469791,0
469792,0
469793,0
469794,0
469795,0
469796,0
469797,0
469798,0
469799,0
469800,0
469801,37
469802,0
469803,0
469804,20
469805,0
469806,0
469807,0
469808,25
469809,0
469810,0
469811,0
469812,0
469813,0
469814,0
469815,37
469816,0
469817,0
469818,0
469819,0
469820,0
469821,0
469822,0
469823,0
469824,0
469825,0
469826,0
469827,0
469828,0
469829,0
469830,0
469831,30
469832,0
469833,0
469834,0
469835,0
469836,0
469837,0
469838,0
469839,0
469840,0
469841,44
469842,0
469843,0
469844,0
469845,34
469846,0
469847,35
469848,0
469849,0
469850,0
469851,0
469852,27
469853,0
469854,0
469855,0
469856,0
469857,29
469858,0
469859,0
469860,0
469861,0
469862,0
469863,0
469864,0
469865,0
469866,0
469867,0
469868,0
469869,0
469870,0
469871,0
469872,0
469873,0
469874,36
469875,0
469876,36
469877,25
469878,0
469879,0
469880,31
469881,0
469882,0
469883,0
469884,0
469885,0
469886,0
469887,0
469888,0
469889,0
469890,0
469891,39
469892,41
469893,0
469894,0
469895,0
469896,0
469897,0
469898,0
469899,32
469900,0
469901,0
469902,0
469903,0
469904,0
469905,0
469906,0
469907,0
469908,0
469909,0
469910,0
469911,0
469912,0
469913,0
469914,0
469915,0
469916,0
469917,0
469918,0
469919,23
469920,0
469921,0
469922,43
469923,0
469924,17
469925,0
469926,39
469927,0
469928,0
469929,28
469930,0
469931,0
469932,45
469933,0
469934,0
469935,45
469936,0
469937,22
469938,0
469939,0
469940,0
469941,0
469942,0
469943,0
469944,0
469945,0
469946,0
469947,25
469948,0
469949,0
469950,26
469951,49
469952,0
469953,0
469954,0
469955,0
469956,0
469957,0
469958,0
469959,0
469960,0
469961,0
469962,0
469963,0
469964,0
469965,0
469966,23
469967,0
469968,0
469969,29
469970,0
469971,0
469972,0
469973,0
469974,0
469975,0
469976,35
469977,0
469978,46
469979,0
469980,0
469981,0
469982,0
469983,0
469984,0
469985,0
469986,0
469987,34
469988,0
469989,0
469990,37
469991,29
469992,27
469993,0
469994,0
469995,0
469996,38
469997,33
469998,0
469999,0
470000,34
470001,0
470002,0
470003,29
470004,0
470005,0
470006,0
470007,29
470008,0
470009,25
470010,0
470011,0
470012,0
470013,0
470014,0
470015,0
470016,0
470017,0
470018,0
470019,0
470020,0
470021,0
470022,0
470023,0
470024,0
470025,0
470026,0
470027,0
470028,0
470029,0
470030,0
470031,35
470032,0
470033,0
470034,0
470035,0
470036,0
470037,28
470038,0
470039,0
470040,0
470041,38
470042,34
470043,0
470044,0
470045,43
470046,31
470047,0
470048,0
470049,0
470050,0
470051,29
470052,0
470053,0
470054,0
470055,0
470056,0
470057,0
470058,39
470059,0
470060,0
470061,0
470062,0
470063,0
470064,0
470065,0
470066,39
470067,0
470068,0
470069,0
470070,31
470071,0
470072,0
470073,0
470074,0
470075,27
470076,0
470077,0
470078,0
470079,0
470080,0
470081,0
470082,0
470083,0
470084,0
470085,0
470086,0
470087,27
470088,42
470089,0
470090,0
470091,0
470092,0
470093,0
470094,0
470095,0
470096,0
470097,0
470098,37
470099,0
470100,0
470101,0
470102,27
470103,0
470104,0
470105,32
470106,0
470107,38
470108,0
470109,0
470110,0
470111,0
470112,0
470113,0
470114,0
470115,32
470116,0
470117,0
470118,49
470119,40
470120,0
470121,0
470122,32
470123,0
470124,0
470125,30
470126,0
470127,0
470128,30
470129,0
470130,0
470131,36
470132,0
470133,0
470134,0
470135,0
470136,28
470137,0
470138,0
470139,0
470140,0
470141,0
470142,0
470143,39
470144,28
470145,0
470146,0
470147,0
470148,0
470149,0
470150,0
470151,0
470152,0
470153,0
470154,0
470155,0
470156,41
470157,0
470158,0
470159,0
470160,0
470161,0
470162,0
470163,0
470164,0
470165,0
470166,0
470167,0
470168,0
470169,0
470170,0
470171,49
470172,0
470173,0
470174,0
470175,0
470176,34
470177,0
470178,0
470179,0
470180,0
470181,0
470182,44
470183,0
470184,0
470185,0
470186,0
470187,41
470188,38
470189,0
470190,0
470191,0
470192,0
470193,0
470194,0
470195,34
470196,24
470197,49
470198,0
470199,41
470200,38
470201,0
470202,0
470203,0
470204,0
470205,0
470206,0
470207,18
470208,0
470209,0
470210,34
470211,0
470212,0
470213,0
470214,29
470215,0
470216,57
470217,0
470218,0
470219,36
470220,0
470221,0
470222,0
470223,39
470224,0
470225,0
470226,0
470227,0
470228,40
470229,0
470230,0
470231,0
470232,52
470233,0
470234,0
470235,0
470236,0
470237,20
470238,0
470239,0
470240,0
470241,0
470242,41
470243,0
470244,37
470245,32
470246,0
470247,0
470248,0
470249,48
470250,0
470251,0
470252,0
470253,33
470254,0
470255,0
470256,0
470257,0
470258,0
470259,0
470260,48
470261,23
470262,0
470263,0
470264,0
470265,0
470266,36
470267,0
470268,0
470269,0
470270,0
470271,0
470272,0
470273,0
470274,38
470275,0
470276,0
470277,0
470278,28
470279,0
470280,0
470281,0
470282,0
470283,27
470284,25
470285,30
470286,0
470287,0
470288,0
470289,54
470290,36
470291,0
470292,0
470293,0
470294,0
470295,0
470296,0
470297,45
470298,46
470299,0
470300,0
470301,25
470302,0
470303,0
470304,0
470305,0
470306,58
470307,0
470308,0
470309,0
470310,0
470311,0
470312,28
470313,0
470314,27
470315,0
470316,0
470317,0
470318,48
470319,0
470320,0
470321,0
470322,47
470323,0
470324,0
470325,0
470326,57
470327,0
470328,0
470329,37
470330,0
470331,41
470332,0
470333,0
470334,0
470335,0
470336,24
470337,0
470338,0
470339,0
470340,0
470341,44
470342,29
470343,0
470344,0
470345,0
470346,33
470347,0
470348,0
470349,0
470350,0
470351,0
470352,45
470353,0
470354,38
470355,0
470356,0
470357,0
470358,0
470359,34
470360,0
470361,0
470362,0
470363,0
470364,0
470365,0
470366,31
470367,0
470368,0
470369,0
470370,0
470371,0
470372,0
470373,0
470374,0
470375,31
470376,0
470377,0
470378,0
470379,0
470380,0
470381,36
470382,0
470383,0
470384,0
470385,0
470386,0
470387,0
470388,0
470389,0
470390,0
470391,49
470392,0
470393,0
470394,0
470395,38
470396,44
470397,0
470398,0
470399,0
470400,0
470401,0
470402,0
470403,0
470404,41
470405,0
470406,29
470407,0
470408,0
470409,0
470410,0
470411,0
470412,0
470413,33
470414,0
470415,0
470416,0
470417,0
470418,50
470419,0
470420,0
470421,0
470422,0
470423,0
470424,0
470425,0
470426,0
470427,0
470428,0
470429,36
470430,0
470431,0
470432,0
470433,0
470434,36
470435,0
470436,0
470437,0
470438,15
470439,0
470440,17
470441,0
470442,0
470443,0
470444,0
470445,0
470446,22
470447,17
470448,0
470449,0
470450,0
470451,0
470452,18
470453,0
470454,0
470455,0
470456,0
470457,0
470458,0
470459,0
470460,0
470461,0
470462,25
470463,0
470464,20
470465,0
470466,0
470467,0
470468,0
470469,17
470470,15
470471,0
470472,0
470473,0
470474,13
470475,0
470476,0
470477,17
470478,33
470479,0
470480,24
470481,0
470482,0
470483,0
470484,0
470485,0
470486,18
470487,0
470488,27
470489,0
470490,0
470491,0
470492,0
470493,22
470494,0
470495,0
470496,29
470497,11
470498,24
470499,0
470500,21
470501,0
470502,0
470503,33
470504,0
470505,0
470506,0
470507,11
470508,0
470509,0
470510,0
470511,0
470512,0
470513,23
470514,25
470515,19
470516,0
470517,0
470518,0
470519,0
470520,21
470521,0
470522,0
470523,0
470524,0
470525,18
470526,0
470527,0
470528,20
470529,14
470530,13
470531,0
470532,0
470533,0
470534,0
470535,0
470536,0
470537,0
470538,0
470539,33
470540,0
470541,18
470542,26
470543,0
470544,14
470545,0
470546,0
470547,0
470548,10
470549,0
470550,12
470551,0
470552,0
470553,19
470554,0
470555,15
470556,0
470557,0
470558,9
470559,0
470560,20
470561,0
470562,0
470563,0
470564,0
470565,0
470566,19
470567,0
470568,24
470569,0
470570,0
470571,22
470572,0
470573,17
470574,26
470575,0
470576,17
470577,0
470578,21
470579,0
470580,0
470581,0
470582,0
470583,0
470584,0
470585,23
470586,0
470587,0
470588,23
470589,0
470590,31
470591,0
470592,0
470593,0
470594,0
470595,0
470596,28
470597,15
470598,0
470599,0
470600,0
470601,21
470602,0
470603,0
470604,26
470605,0
470606,0
470607,0
470608,0
470609,23
470610,24
470611,0
470612,0
470613,0
470614,0
470615,0
470616,30
470617,0
470618,0
470619,0
470620,12
470621,0
470622,27
470623,19
470624,0
470625,0
470626,0
470627,0
470628,0
470629,0
470630,0
470631,0
470632,17
470633,0
470634,31
470635,0
470636,0
470637,0
470638,0
470639,0
470640,30
470641,0
470642,0
470643,18
470644,0
470645,0
470646,0
470647,0
470648,0
470649,0
470650,26
470651,0
470652,0
470653,0
470654,0
470655,0
470656,0
470657,0
470658,0
470659,0
470660,0
470661,24
470662,0
470663,16
470664,0
470665,15
470666,21
470667,0
470668,0
470669,0
470670,0
470671,0
470672,0
470673,0
470674,22
470675,0
470676,0
470677,0
470678,0
470679,0
470680,0
470681,0
470682,0
470683,13
470684,0
470685,22
470686,0
470687,0
470688,0
470689,0
470690,0
470691,19
470692,0
470693,0
470694,0
470695,0
470696,0
470697,0
470698,0
470699,0
470700,0
470701,0
470702,16
470703,0
470704,0
470705,23
470706,0
470707,0
470708,0
470709,0
470710,19
470711,0
470712,0
470713,0
470714,20
470715,22
470716,14
470717,0
470718,11
470719,23
470720,0
470721,0
470722,0
470723,0
470724,0
470725,0
470726,16
470727,20
470728,0
470729,0
470730,0
470731,0
470732,0
470733,0
470734,0
470735,24
470736,25
470737,0
470738,0
470739,0
470740,0
470741,0
470742,0
470743,0
470744,24
470745,0
470746,25
470747,0
470748,22
470749,0
470750,17
470751,0
470752,0
470753,0
470754,19
470755,0
470756,0
470757,0
470758,24
470759,18
470760,26
470761,24
470762,17
470763,0
470764,26
470765,0
470766,0
470767,0
470768,0
470769,0
470770,20
470771,0
470772,0
470773,20
470774,0
470775,0
470776,26
470777,0
470778,0
470779,21
470780,25
470781,0
470782,0
470783,0
470784,0
470785,33
470786,0
470787,0
470788,0
470789,0
470790,18
470791,0
470792,0
470793,0
470794,0
470795,25
470796,0
470797,0
470798,14
470799,21
470800,0
470801,0
470802,0
470803,0
470804,0
470805,0
470806,0
470807,0
470808,19
470809,0
470810,28
470811,0
470812,0
470813,0
470814,0
470815,20
470816,0
470817,0
470818,0
470819,0
470820,0
470821,0
470822,0
470823,0
470824,0
470825,0
470826,18
470827,0
470828,0
470829,28
470830,19
470831,0
470832,26
470833,0
470834,0
470835,0
470836,0
470837,0
470838,0
470839,18
470840,0
470841,0
470842,0
470843,28
470844,17
470845,0
470846,21
470847,0
470848,28
470849,0
470850,11
470851,18
470852,0
470853,0
470854,0
470855,16
470856,0
470857,0
470858,39
470859,0
470860,0
470861,0
470862,0
470863,31
470864,0
470865,0
470866,0
470867,0
470868,17
470869,0
470870,0
470871,0
470872,0
470873,0
470874,0
470875,0
470876,0
470877,26
470878,31
470879,21
470880,0
470881,15
470882,22
470883,0
470884,0
470885,0
470886,18
470887,0
470888,26
470889,0
470890,0
470891,0
470892,0
470893,0
470894,0
470895,16
470896,0
470897,0
470898,21
470899,0
470900,15
470901,0
470902,0
470903,22
470904,0
470905,22
470906,17
470907,0
470908,0
470909,0
470910,0
470911,17
470912,0
470913,0
470914,0
470915,0
470916,0
470917,0
470918,0
470919,34
470920,28
470921,0
470922,0
470923,0
470924,0
470925,0
470926,0
470927,0
470928,35
470929,29
470930,0
470931,21
470932,11
470933,0
470934,0
470935,0
470936,0
470937,0
470938,0
470939,30
470940,21
470941,0
470942,19
470943,0
470944,0
470945,20
470946,14
470947,0
470948,0
470949,0
470950,0
470951,0
470952,0
470953,0
470954,25
470955,0
470956,0
470957,0
470958,0
470959,0
470960,24
470961,0
470962,0
470963,0
470964,0
470965,0
470966,0
470967,0
470968,25
470969,0
470970,25
470971,0
470972,0
470973,0
470974,0
470975,0
470976,0
470977,0
470978,0
470979,0
470980,0
470981,0
470982,0
470983,0
470984,0
470985,0
470986,0
470987,0
470988,23
470989,0
470990,0
470991,0
470992,0
470993,18
470994,0
470995,0
470996,0
470997,0
470998,0
470999,0
471000,0
471001,0
471002,0
471003,0
471004,0
471005,0
471006,14
471007,14
471008,0
471009,0
471010,0
471011,0
471012,0
471013,0
471014,0
471015,0
471016,20
471017,14
471018,21
471019,0
471020,0
471021,0
471022,0
471023,26
471024,0
471025,0
471026,14
471027,0
471028,0
471029,0
471030,0
471031,0
471032,0
471033,0
471034,26
471035,0
471036,0
471037,0
471038,0
471039,0
471040,0
471041,26
471042,21
471043,0
471044,0
471045,0
471046,0
471047,25
471048,25
471049,0
471050,0
471051,29
471052,0
471053,0
471054,0
471055,27
471056,0
471057,0
471058,0
471059,18
471060,0
471061,25
471062,17
471063,18
471064,29
471065,0
471066,0
471067,0
471068,34
471069,0
471070,0
471071,0
471072,0
471073,0
471074,24
471075,0
471076,0
471077,0
471078,27
471079,0
471080,0
471081,23
471082,0
471083,0
471084,18
471085,17
471086,0
471087,0
471088,0
471089,0
471090,0
471091,0
471092,0
471093,0
471094,0
471095,0
471096,19
471097,0
471098,0
471099,20
471100,0
471101,0
471102,0
471103,0
471104,25
471105,0
471106,11
471107,0
471108,0
471109,0
471110,0
471111,0
471112,0
471113,0
471114,0
471115,0
471116,0
471117,0
471118,16
471119,0
471120,24
471121,0
471122,0
471123,0
471124,11
471125,0
471126,0
471127,0
471128,0
471129,17
471130,0
471131,0
471132,0
471133,20
471134,0
471135,26
471136,0
471137,0
471138,0
471139,22
471140,0
471141,0
471142,0
471143,0
471144,0
471145,0
471146,0
471147,0
471148,0
471149,0
471150,0
471151,0
471152,20
471153,0
471154,29
471155,0
471156,0
471157,0
471158,23
471159,26
471160,0
471161,13
471162,0
471163,0
471164,0
471165,0
471166,0
471167,0
471168,0
471169,0
471170,0
471171,0
471172,16
471173,0
471174,0
471175,0
471176,18
471177,0
471178,20
471179,0
471180,0
471181,0
471182,0
471183,0
471184,0
471185,0
471186,0
471187,0
471188,25
471189,0
471190,0
471191,0
471192,0
471193,14
471194,26
471195,14
471196,0
471197,21
471198,0
471199,0
471200,0
471201,0
471202,0
471203,0
471204,0
471205,0
471206,0
471207,0
471208,0
471209,0
471210,0
471211,0
471212,26
471213,0
471214,0
471215,0
471216,0
471217,19
471218,14
471219,0
471220,20
471221,0
471222,0
471223,0
471224,0
471225,0
471226,0
471227,13
471228,0
471229,0
471230,0
471231,17
471232,0
471233,0
471234,0
471235,0
471236,18
471237,0
471238,0
471239,0
471240,0
471241,19
471242,0
471243,0
471244,13
471245,0
471246,22
471247,18
471248,0
471249,19
471250,0
471251,22
471252,0
471253,15
471254,0
471255,16
471256,0
471257,0
471258,21
471259,0
471260,0
471261,0
471262,24
471263,0
471264,0
471265,26
471266,0
471267,0
471268,16
471269,17
471270,16
471271,0
471272,0
471273,0
471274,0
471275,0
471276,0
471277,20
471278,19
471279,20
471280,0
471281,0
471282,0
471283,23
471284,0
471285,0
471286,0
471287,0
471288,0
471289,0
471290,16
471291,0
471292,0
471293,24
471294,0
471295,0
471296,0
471297,20
471298,20
471299,0
471300,0
471301,0
471302,0
471303,0
471304,0
471305,0
471306,29
471307,0
471308,30
471309,0
471310,0
471311,21
471312,0
471313,0
471314,0
471315,38
471316,0
471317,0
471318,0
471319,0
471320,0
471321,0
471322,0
471323,0
471324,0
471325,21
471326,0
471327,26
471328,0
471329,0
471330,0
471331,0
471332,0
471333,22
471334,0
471335,0
471336,0
471337,0
471338,26
471339,0
471340,0
471341,23
471342,0
471343,27
471344,0
471345,0
471346,0
471347,0
471348,0
471349,0
471350,0
471351,18
471352,0
471353,0
471354,31
471355,0
471356,0
471357,0
471358,0
471359,0
471360,0
471361,0
471362,0
471363,0
471364,21
471365,0
471366,0
471367,32
471368,0
471369,0
471370,0
471371,0
471372,0
471373,0
471374,0
471375,0
471376,0
471377,0
471378,0
471379,0
471380,0
471381,0
471382,27
471383,0
471384,13
471385,0
471386,15
471387,0
471388,0
471389,13
471390,29
471391,0
471392,0
471393,0
471394,0
471395,0
471396,0
471397,0
471398,23
471399,0
471400,27
471401,0
471402,0
471403,0
471404,0
471405,0
471406,0
471407,0
471408,0
471409,19
471410,0
471411,0
471412,0
471413,0
471414,0
471415,0
471416,0
471417,0
471418,0
471419,0
471420,0
471421,0
471422,0
471423,0
471424,0
471425,0
471426,0
471427,0
471428,0
471429,28
471430,0
471431,0
471432,21
471433,34
471434,0
471435,31
471436,0
471437,0
471438,32
471439,0
471440,31
471441,0
471442,0
471443,0
471444,0
471445,0
471446,0
471447,44
471448,0
471449,0
471450,0
471451,0
471452,0
471453,0
471454,0
471455,0
471456,0
471457,0
471458,0
471459,0
471460,0
471461,0
471462,0
471463,0
471464,0
471465,0
471466,16
471467,0
471468,0
471469,0
471470,0
471471,34
471472,0
471473,0
471474,0
471475,23
471476,0
471477,0
471478,0
471479,0
471480,33
471481,0
471482,27
471483,17
471484,0
471485,0
471486,0
471487,0
471488,0
471489,0
471490,0
471491,0
471492,0
471493,0
471494,0
471495,0
471496,0
471497,0
471498,0
471499,0
471500,0
471501,0
471502,0
471503,21
471504,0
471505,21
471506,0
471507,0
471508,0
471509,0
471510,0
471511,0
471512,0
471513,0
471514,0
471515,0
471516,0
471517,38
471518,0
471519,0
471520,0
471521,9
471522,0
471523,0
471524,0
471525,0
471526,0
471527,0
471528,0
471529,0
471530,0
471531,0
471532,0
471533,0
471534,0
471535,0
471536,0
471537,0
471538,27
471539,0
471540,0
471541,27
471542,0
471543,0
471544,0
471545,0
471546,0
471547,0
471548,32
471549,0
471550,0
471551,0
471552,0
471553,18
471554,19
471555,0
471556,0
471557,0
471558,0
471559,0
471560,0
471561,0
471562,26
471563,0
471564,0
471565,17
471566,36
471567,0
471568,0
471569,0
471570,0
471571,0
471572,0
471573,0
471574,0
471575,0
471576,31
471577,0
471578,0
471579,0
471580,0
471581,0
471582,0
471583,0
471584,0
471585,0
471586,0
471587,0
471588,0
471589,0
471590,32
471591,0
471592,0
471593,0
471594,19
471595,0
471596,0
471597,0
471598,0
471599,0
471600,0
471601,0
471602,24
471603,18
471604,30
471605,0
471606,0
471607,0
471608,0
471609,0
471610,0
471611,0
471612,0
471613,0
471614,0
471615,0
471616,0
471617,42
471618,0
471619,0
471620,36
471621,0
471622,0
471623,20
471624,0
471625,16
471626,0
471627,0
471628,28
471629,0
471630,0
471631,28
471632,0
471633,0
471634,0
471635,22
471636,0
471637,27
471638,0
471639,0
471640,0
471641,0
471642,0
471643,0
471644,37
471645,0
471646,0
471647,0
471648,0
471649,0
471650,16
471651,0
471652,0
471653,0
471654,0
471655,0
471656,29
471657,0
471658,0
471659,0
471660,0
471661,0
471662,0
471663,0
471664,0
471665,0
471666,33
471667,0
471668,0
471669,0
471670,0
471671,33
471672,0
471673,0
471674,0
471675,26
471676,0
471677,0
471678,14
471679,0
471680,0
471681,0
471682,0
471683,27
471684,0
471685,0
471686,35
471687,0
471688,0
471689,0
471690,0
471691,0
471692,29
471693,24
471694,0
471695,0
471696,27
471697,0
471698,0
471699,0
471700,0
471701,0
471702,0
471703,0
471704,0
471705,19
471706,35
471707,0
471708,21
471709,0
471710,18
471711,0
471712,35
471713,0
471714,0
471715,0
471716,16
471717,34
471718,24
471719,0
471720,0
471721,0
471722,0
471723,0
471724,0
471725,0
471726,0
471727,0
471728,0
471729,0
471730,0
471731,0
471732,0
471733,0
471734,0
471735,0
471736,0
471737,25
471738,0
471739,0
471740,0
471741,0
471742,25
471743,14
471744,0
471745,0
471746,0
471747,52
471748,0
471749,0
471750,25
471751,0
471752,0
471753,0
471754,0
471755,0
471756,0
471757,0
471758,0
471759,0
471760,0
471761,20
471762,0
471763,0
471764,37
471765,0
471766,0
471767,0
471768,0
471769,0
471770,18
471771,31
471772,0
471773,23
471774,49
471775,0
471776,0
471777,0
471778,0
471779,0
471780,0
471781,0
471782,39
471783,0
471784,29
471785,0
471786,0
471787,17
471788,0
471789,0
471790,0
471791,0
471792,0
471793,0
471794,0
471795,18
471796,0
471797,0
471798,0
471799,0
471800,0
471801,0
471802,0
471803,24
471804,15
471805,18
471806,21
471807,0
471808,27
471809,32
471810,0
471811,0
471812,0
471813,0
471814,0
471815,0
471816,0
471817,0
471818,0
471819,0
471820,0
471821,0
471822,0
471823,0
471824,18
471825,0
471826,0
471827,0
471828,0
471829,0
471830,0
471831,0
471832,0
471833,0
471834,12
471835,0
471836,0
471837,0
471838,0
471839,0
471840,0
471841,0
471842,0
471843,24
471844,34
471845,28
471846,0
471847,0
471848,0
471849,0
471850,0
471851,24
471852,0
471853,0
471854,0
471855,0
471856,0
471857,0
471858,22
471859,17
471860,25
471861,0
471862,26
471863,0
471864,0
471865,0
471866,0
471867,0
471868,0
471869,0
471870,0
471871,0
471872,0
471873,0
471874,32
471875,0
471876,0
471877,0
471878,28
471879,0
471880,0
471881,0
471882,0
471883,0
471884,0
471885,0
471886,0
471887,0
471888,44
471889,0
471890,0
471891,24
471892,0
471893,0
471894,0
471895,0
471896,0
471897,0
471898,0
471899,29
471900,0
471901,0
471902,19
471903,0
471904,20
471905,0
471906,0
471907,0
471908,0
471909,0
471910,0
471911,0
471912,0
471913,0
471914,0
471915,0
471916,0
471917,0
471918,0
471919,0
471920,0
471921,30
471922,0
471923,0
471924,0
471925,0
471926,36
471927,0
471928,15
471929,14
471930,0
471931,0
471932,0
471933,28
471934,0
471935,0
471936,0
471937,0
471938,33
471939,0
471940,0
471941,0
471942,0
471943,0
471944,0
471945,0
471946,0
471947,0
471948,0
471949,0
471950,20
471951,0
471952,34
471953,0
471954,0
471955,0
471956,0
471957,0
471958,0
471959,0
471960,30
471961,0
471962,0
471963,0
471964,19
471965,0
471966,20
471967,0
471968,0
471969,27
471970,28
471971,33
471972,0
471973,0
471974,0
471975,0
471976,30
471977,0
471978,0
471979,0
471980,0
471981,0
471982,0
471983,0
471984,0
471985,0
471986,0
471987,0
471988,0
471989,0
471990,0
471991,0
471992,0
471993,0
471994,0
471995,0
471996,0
471997,0
471998,0
471999,0
472000,0
472001,0
472002,0
472003,0
472004,0
472005,0
472006,0
472007,0
472008,0
472009,0
472010,0
472011,0
472012,0
472013,0
472014,0
472015,30
472016,0
472017,0
472018,10
472019,14
472020,0
472021,0
472022,0
472023,0
472024,0
472025,0
472026,0
472027,0
472028,0
472029,0
472030,0
472031,18
472032,0
472033,0
472034,38
472035,0
472036,0
472037,0
472038,0
472039,0
472040,0
472041,0
472042,39
472043,0
472044,0
472045,0
472046,0
472047,0
472048,0
472049,0
472050,0
472051,0
472052,22
472053,0
472054,17
472055,0
472056,0
472057,31
472058,0
472059,39
472060,0
472061,0
472062,52
472063,0
472064,0
472065,0
472066,0
472067,0
472068,0
472069,0
472070,0
472071,13
472072,21
472073,0
472074,17
472075,0
472076,42
472077,0
472078,0
472079,0
472080,0
472081,0
472082,22
472083,0
472084,0
472085,31
472086,0
472087,0
472088,0
472089,0
472090,0
472091,22
472092,0
472093,0
472094,0
472095,0
472096,0
472097,0
472098,0
472099,0
472100,0
472101,0
472102,0
472103,0
472104,0
472105,0
472106,0
472107,0
472108,0
472109,17
472110,0
472111,0
472112,27
472113,0
472114,0
472115,0
472116,0
472117,0
472118,0
472119,0
472120,0
472121,18
472122,0
472123,0
472124,0
472125,0
472126,0
472127,0
472128,0
472129,0
472130,0
472131,0
472132,19
472133,0
472134,18
472135,0
472136,0
472137,0
472138,0
472139,0
472140,0
472141,0
472142,0
472143,0
472144,29
472145,0
472146,0
472147,0
472148,0
472149,9
472150,0
472151,48
472152,0
472153,0
472154,0
472155,0
472156,0
472157,0
472158,0
472159,28
472160,29
472161,0
472162,0
472163,0
472164,0
472165,0
472166,47
472167,45
472168,0
472169,50
472170,0
472171,0
472172,7
472173,0
472174,0
472175,0
472176,0
472177,0
472178,0
472179,0
472180,0
472181,0
472182,2
472183,0
472184,0
472185,4
472186,0
472187,0
472188,0
472189,0
472190,0
472191,0
472192,0
472193,0
472194,0
472195,0
472196,0
472197,0
472198,0
472199,0
472200,0
472201,0
472202,0
472203,0
472204,0
472205,0
472206,0
472207,7
472208,0
472209,0
472210,6
472211,3
472212,0
472213,0
472214,6
472215,0
472216,0
472217,0
472218,0
472219,0
472220,7
472221,0
472222,0
472223,0
472224,0
472225,6
472226,0
472227,0
472228,0
472229,0
472230,0
472231,5
472232,0
472233,0
472234,0
472235,0
472236,0
472237,0
472238,0
472239,1
472240,0
472241,0
472242,10
472243,0
472244,0
472245,0
472246,5
472247,0
472248,0
472249,8
472250,0
472251,0
472252,0
472253,6
472254,0
472255,0
472256,0
472257,2
472258,0
472259,0
472260,4
472261,5
472262,0
472263,0
472264,0
472265,0
472266,9
472267,0
472268,0
472269,0
472270,0
472271,0
472272,0
472273,0
472274,0
472275,0
472276,0
472277,0
472278,0
472279,0
472280,0
472281,0
472282,0
472283,0
472284,0
472285,0
472286,0
472287,8
472288,0
472289,0
472290,12
472291,0
472292,0
472293,0
472294,0
472295,0
472296,0
472297,0
472298,0
472299,0
472300,0
472301,0
472302,0
472303,4
472304,0
472305,0
472306,0
472307,0
472308,0
472309,0
472310,0
472311,0
472312,7
472313,0
472314,0
472315,0
472316,0
472317,0
472318,0
472319,0
472320,0
472321,0
472322,8
472323,0
472324,0
472325,0
472326,0
472327,0
472328,0
472329,0
472330,0
472331,0
472332,0
472333,0
472334,0
472335,0
472336,0
472337,0
472338,0
472339,0
472340,0
472341,8
472342,0
472343,0
472344,0
472345,0
472346,0
472347,0
472348,0
472349,0
472350,0
472351,0
472352,0
472353,0
472354,0
472355,0
472356,0
472357,0
472358,0
472359,0
472360,0
472361,11
472362,0
472363,0
472364,0
472365,3
472366,0
472367,0
472368,0
472369,0
472370,0
472371,0
472372,0
472373,0
472374,0
472375,0
472376,0
472377,0
472378,0
472379,5
472380,0
472381,0
472382,0
472383,0
472384,0
472385,0
472386,0
472387,4
472388,0
472389,5
472390,0
472391,0
472392,0
472393,0
472394,0
472395,0
472396,0
472397,0
472398,0
472399,5
472400,0
472401,0
472402,0
472403,0
472404,0
472405,0
472406,7
472407,0
472408,6
472409,0
472410,0
472411,0
472412,0
472413,0
472414,0
472415,0
472416,0
472417,0
472418,0
472419,0
472420,0
472421,0
472422,0
472423,0
472424,0
472425,5
472426,0
472427,0
472428,0
472429,0
472430,0
472431,3
472432,0
472433,0
472434,0
472435,0
472436,0
472437,0
472438,0
472439,5
472440,0
472441,3
472442,0
472443,0
472444,0
472445,2
472446,0
472447,0
472448,0
472449,0
472450,0
472451,0
472452,6
472453,8
472454,0
472455,0
472456,0
472457,0
472458,0
472459,6
472460,0
472461,0
472462,0
472463,0
472464,0
472465,0
472466,7
472467,1
472468,0
472469,0
472470,0
472471,0
472472,0
472473,0
472474,0
472475,0
472476,10
472477,0
472478,0
472479,0
472480,0
472481,0
472482,0
472483,7
472484,0
472485,0
472486,0
472487,0
472488,0
472489,0
472490,0
472491,0
472492,8
472493,0
472494,0
472495,0
472496,0
472497,0
472498,0
472499,0
472500,4
472501,0
472502,0
472503,0
472504,0
472505,0
472506,0
472507,5
472508,7
472509,5
472510,0
472511,0
472512,0
472513,0
472514,0
472515,0
472516,0
472517,0
472518,0
472519,0
472520,0
472521,0
472522,3
472523,0
472524,0
472525,4
472526,0
472527,0
472528,0
472529,0
472530,0
472531,0
472532,0
472533,0
472534,0
472535,0
472536,0
472537,0
472538,9
472539,0
472540,0
472541,0
472542,0
472543,0
472544,5
472545,0
472546,3
472547,0
472548,0
472549,0
472550,0
472551,0
472552,0
472553,0
472554,0
472555,0
472556,8
472557,0
472558,0
472559,0
472560,0
472561,0
472562,0
472563,0
472564,0
472565,0
472566,0
472567,23
472568,0
472569,0
472570,0
472571,0
472572,24
472573,0
472574,0
472575,19
472576,39
472577,0
472578,0
472579,25
472580,28
472581,0
472582,0
472583,0
472584,0
472585,0
472586,0
472587,0
472588,23
472589,0
472590,21
472591,0
472592,16
472593,0
472594,24
472595,18
472596,0
472597,24
472598,0
472599,0
472600,0
472601,0
472602,0
472603,0
472604,0
472605,22
472606,0
472607,25
472608,0
472609,0
472610,0
472611,0
472612,0
472613,0
472614,25
472615,0
472616,0
472617,0
472618,0
472619,22
472620,0
472621,0
472622,39
472623,15
472624,0
472625,0
472626,0
472627,0
472628,0
472629,0
472630,23
472631,0
472632,0
472633,0
472634,0
472635,23
472636,0
472637,0
472638,0
472639,13
472640,0
472641,0
472642,0
472643,0
472644,0
472645,0
472646,13
472647,0
472648,0
472649,19
472650,0
472651,0
472652,0
472653,0
472654,0
472655,24
472656,0
472657,0
472658,0
472659,17
472660,0
472661,0
472662,28
472663,0
472664,0
472665,0
472666,33
472667,0
472668,0
472669,0
472670,0
472671,0
472672,0
472673,16
472674,30
472675,0
472676,28
472677,0
472678,0
472679,0
472680,0
472681,0
472682,21
472683,0
472684,24
472685,20
472686,23
472687,0
472688,0
472689,0
472690,0
472691,0
472692,22
472693,0
472694,0
472695,0
472696,0
472697,0
472698,32
472699,0
472700,34
472701,0
472702,22
472703,0
472704,0
472705,37
472706,0
472707,0
472708,0
472709,0
472710,32
472711,20
472712,0
472713,0
472714,0
472715,21
472716,0
472717,0
472718,17
472719,20
472720,0
472721,29
472722,0
472723,0
472724,0
472725,0
472726,0
472727,0
472728,0
472729,0
472730,0
472731,0
472732,0
472733,0
472734,23
472735,0
472736,0
472737,0
472738,32
472739,15
472740,0
472741,23
472742,17
472743,24
472744,0
472745,0
472746,0
472747,0
472748,0
472749,20
472750,0
472751,0
472752,18
472753,0
472754,24
472755,0
472756,24
472757,0
472758,0
472759,18
472760,0
472761,0
472762,0
472763,0
472764,0
472765,0
472766,0
472767,17
472768,0
472769,0
472770,18
472771,30
472772,0
472773,0
472774,0
472775,0
472776,20
472777,0
472778,16
472779,0
472780,0
472781,0
472782,28
472783,26
472784,0
472785,0
472786,0
472787,0
472788,0
472789,0
472790,0
472791,32
472792,0
472793,0
472794,35
472795,0
472796,0
472797,0
472798,0
472799,0
472800,0
472801,0
472802,0
472803,0
472804,0
472805,26
472806,0
472807,0
472808,0
472809,0
472810,0
472811,0
472812,0
472813,12
472814,26
472815,0
472816,0
472817,0
472818,0
472819,0
472820,0
472821,0
472822,0
472823,0
472824,24
472825,0
472826,0
472827,25
472828,0
472829,0
472830,0
472831,0
472832,0
472833,0
472834,0
472835,0
472836,30
472837,0
472838,0
472839,0
472840,0
472841,0
472842,0
472843,0
472844,0
472845,33
472846,21
472847,22
472848,26
472849,0
472850,0
472851,19
472852,0
472853,0
472854,0
472855,0
472856,0
472857,0
472858,0
472859,0
472860,0
472861,0
472862,0
472863,24
472864,0
472865,0
472866,0
472867,0
472868,0
472869,0
472870,0
472871,0
472872,0
472873,0
472874,0
472875,0
472876,21
472877,0
472878,18
472879,0
472880,0
472881,0
472882,0
472883,0
472884,0
472885,19
472886,30
472887,0
472888,25
472889,0
472890,0
472891,27
472892,0
472893,0
472894,0
472895,14
472896,22
472897,0
472898,0
472899,0
472900,31
472901,0
472902,0
472903,0
472904,18
472905,21
472906,0
472907,18
472908,0
472909,0
472910,0
472911,0
472912,31
472913,18
472914,22
472915,0
472916,24
472917,0
472918,20
472919,0
472920,0
472921,0
472922,31
472923,0
472924,0
472925,0
472926,0
472927,0
472928,0
472929,0
472930,0
472931,0
472932,0
472933,0
472934,0
472935,0
472936,0
472937,0
472938,0
472939,0
472940,16
472941,21
472942,0
472943,29
472944,0
472945,0
472946,0
472947,0
472948,0
472949,29
472950,0
472951,31
472952,0
472953,0
472954,0
472955,0
472956,0
472957,22
472958,0
472959,0
472960,0
472961,0
472962,26
472963,0
472964,0
472965,0
472966,0
472967,0
472968,0
472969,0
472970,16
472971,0
472972,9
472973,34
472974,0
472975,12
472976,0
472977,0
472978,0
472979,0
472980,0
472981,0
472982,0
472983,0
472984,0
472985,27
472986,0
472987,0
472988,23
472989,0
472990,0
472991,0
472992,0
472993,0
472994,0
472995,32
472996,0
472997,0
472998,0
472999,0
473000,0
473001,0
473002,0
473003,0
473004,0
473005,0
473006,0
473007,0
473008,0
473009,16
473010,0
473011,0
473012,0
473013,37
473014,20
473015,0
473016,17
473017,0
473018,24
473019,29
473020,28
473021,0
473022,22
473023,12
473024,0
473025,17
473026,0
473027,17
473028,0
473029,0
473030,0
473031,26
473032,0
473033,0
473034,21
473035,0
473036,27
473037,23
473038,0
473039,0
473040,9
473041,0
473042,16
473043,25
473044,0
473045,0
473046,0
473047,29
473048,0
473049,0
473050,0
473051,20
473052,0
473053,0
473054,0
473055,0
473056,0
473057,21
473058,29
473059,0
473060,0
473061,0
473062,0
473063,0
473064,0
473065,20
473066,0
473067,20
473068,0
473069,0
473070,25
473071,0
473072,16
473073,27
473074,27
473075,0
473076,0
473077,0
473078,0
473079,24
473080,14
473081,0
473082,26
473083,26
473084,0
473085,0
473086,0
473087,0
473088,0
473089,22
473090,0
473091,0
473092,33
473093,0
473094,28
473095,0
473096,0
473097,0
473098,0
473099,0
473100,18
473101,0
473102,0
473103,0
473104,0
473105,20
473106,0
473107,0
473108,0
473109,0
473110,0
473111,0
473112,0
473113,16
473114,19
473115,0
473116,0
473117,0
473118,0
473119,23
473120,0
473121,0
473122,0
473123,20
473124,18
473125,19
473126,0
473127,0
473128,21
473129,0
473130,0
473131,14
473132,0
473133,20
473134,28
473135,0
473136,20
473137,0
473138,0
473139,0
473140,0
473141,0
473142,21
473143,22
473144,0
473145,0
473146,0
473147,21
473148,20
473149,30
473150,0
473151,0
473152,19
473153,0
473154,0
473155,0
473156,0
473157,36
473158,0
473159,23
473160,0
473161,0
473162,0
473163,0
473164,27
473165,0
473166,17
473167,0
473168,0
473169,23
473170,24
473171,0
473172,27
473173,0
473174,0
473175,17
473176,0
473177,15
473178,31
473179,0
473180,0
473181,16
473182,12
473183,0
473184,0
473185,0
473186,26
473187,0
473188,17
473189,0
473190,23
473191,0
473192,0
473193,0
473194,0
473195,0
473196,0
473197,0
473198,0
473199,0
473200,0
473201,24
473202,22
473203,0
473204,0
473205,29
473206,0
473207,0
473208,0
473209,0
473210,0
473211,16
473212,0
473213,0
473214,0
473215,0
473216,0
473217,0
473218,23
473219,0
473220,0
473221,0
473222,0
473223,25
473224,0
473225,0
473226,29
473227,0
473228,0
473229,0
473230,0
473231,0
473232,25
473233,0
473234,24
473235,0
473236,0
473237,0
473238,24
473239,0
473240,0
473241,0
473242,0
473243,0
473244,0
473245,0
473246,0
473247,0
473248,0
473249,0
473250,0
473251,20
473252,0
473253,31
473254,17
473255,0
473256,0
473257,0
473258,0
473259,0
473260,0
473261,20
473262,0
473263,0
473264,0
473265,16
473266,24
473267,0
473268,0
473269,0
473270,0
473271,0
473272,0
473273,28
473274,0
473275,0
473276,0
473277,0
473278,0
473279,31
473280,34
473281,0
473282,0
473283,0
473284,0
473285,0
473286,32
473287,0
473288,0
473289,0
473290,0
473291,33
473292,15
473293,0
473294,0
473295,28
473296,0
473297,0
473298,0
473299,0
473300,0
473301,0
473302,0
473303,0
473304,0
473305,26
473306,0
473307,23
473308,0
473309,0
473310,0
473311,0
473312,25
473313,0
473314,0
473315,0
473316,0
473317,0
473318,0
473319,21
473320,0
473321,0
473322,17
473323,28
473324,0
473325,0
473326,0
473327,0
473328,0
473329,0
473330,0
473331,0
473332,0
473333,0
473334,0
473335,0
473336,0
473337,0
473338,0
473339,0
473340,0
473341,0
473342,0
473343,0
473344,0
473345,0
473346,0
473347,0
473348,0
473349,0
473350,0
473351,20
473352,0
473353,0
473354,0
473355,0
473356,16
473357,0
473358,0
473359,0
473360,0
473361,25
473362,0
473363,0
473364,0
473365,0
473366,0
473367,0
473368,0
473369,0
473370,0
473371,0
473372,0
473373,0
473374,0
473375,0
473376,0
473377,0
473378,0
473379,0
473380,0
473381,0
473382,0
473383,0
473384,0
473385,0
473386,0
473387,0
473388,0
473389,0
473390,0
473391,0
473392,0
473393,0
473394,0
473395,0
473396,0
473397,0
473398,0
473399,0
473400,0
473401,0
473402,0
473403,0
473404,0
473405,0
473406,0
473407,0
473408,0
473409,0
473410,0
473411,0
473412,0
473413,0
473414,0
473415,0
473416,0
473417,0
473418,0
473419,0
473420,0
473421,0
473422,15
473423,0
473424,0
473425,0
473426,0
473427,0
473428,0
473429,0
473430,0
473431,0
473432,0
473433,0
473434,0
473435,0
473436,0
473437,0
473438,0
473439,7
473440,0
473441,0
473442,32
473443,0
473444,0
473445,0
473446,0
473447,0
473448,17
473449,0
473450,0
473451,0
473452,0
473453,0
473454,0
473455,0
473456,0
473457,0
473458,0
473459,0
473460,0
473461,38
473462,0
473463,0
473464,0
473465,0
473466,11
473467,0
473468,0
473469,0
473470,0
473471,0
473472,0
473473,0
473474,0
473475,0
473476,0
473477,0
473478,0
473479,0
473480,0
473481,0
473482,0
473483,0
473484,0
473485,0
473486,0
473487,0
473488,12
473489,0
473490,0
473491,0
473492,0
473493,18
473494,0
473495,0
473496,0
473497,0
473498,0
473499,0
473500,0
473501,27
473502,0
473503,28
473504,0
473505,0
473506,0
473507,0
473508,0
473509,0
473510,0
473511,0
473512,0
473513,0
473514,0
473515,0
473516,0
473517,0
473518,0
473519,0
473520,0
473521,0
473522,0
473523,0
473524,0
473525,0
473526,0
473527,0
473528,0
473529,12
473530,0
473531,0
473532,0
473533,0
473534,0
473535,0
473536,0
473537,0
473538,14
473539,0
473540,0
473541,9
473542,0
473543,0
473544,0
473545,0
473546,9
473547,0
473548,0
473549,0
473550,0
473551,0
473552,0
473553,0
473554,0
473555,0
473556,0
473557,0
473558,0
473559,0
473560,0
473561,0
473562,0
473563,0
473564,0
473565,0
473566,0
473567,13
473568,0
473569,6
473570,13
473571,12
473572,0
473573,0
473574,0
473575,0
473576,0
473577,0
473578,0
473579,16
473580,0
473581,0
473582,0
473583,0
473584,0
473585,6
473586,0
473587,6
473588,0
473589,0
473590,0
473591,0
473592,0
473593,0
473594,0
473595,0
473596,0
473597,4
473598,0
473599,0
473600,0
473601,0
473602,0
473603,0
473604,0
473605,0
473606,0
473607,0
473608,15
473609,10
473610,0
473611,0
473612,0
473613,0
473614,0
473615,0
473616,0
473617,0
473618,0
473619,0
473620,0
473621,10
473622,0
473623,0
473624,0
473625,0
473626,0
473627,12
473628,7
473629,0
473630,0
473631,10
473632,0
473633,0
473634,0
473635,0
473636,0
473637,4
473638,0
473639,0
473640,0
473641,0
473642,0
473643,0
473644,0
473645,10
473646,0
473647,4
473648,0
473649,5
473650,11
473651,1
473652,0
473653,8
473654,0
473655,11
473656,0
473657,0
473658,0
473659,0
473660,0
473661,0
473662,0
473663,0
473664,0
473665,0
473666,0
473667,0
473668,0
473669,16
473670,0
473671,0
473672,0
473673,16
473674,0
473675,0
473676,0
473677,0
473678,0
473679,0
473680,0
473681,0
473682,0
473683,0
473684,0
473685,0
473686,0
473687,0
473688,0
473689,0
473690,0
473691,0
473692,0
473693,0
473694,0
473695,0
473696,0
473697,0
473698,0
473699,13
473700,0
473701,0
473702,0
473703,0
473704,0
473705,0
473706,20
473707,0
473708,0
473709,0
473710,0
473711,0
473712,10
473713,0
473714,0
473715,0
473716,0
473717,0
473718,0
473719,0
473720,0
473721,0
473722,0
473723,0
473724,12
473725,0
473726,15
473727,10
473728,0
473729,0
473730,0
473731,0
473732,0
473733,0
473734,0
473735,9
473736,0
473737,10
473738,0
473739,0
473740,0
473741,0
473742,0
473743,0
473744,0
473745,0
473746,0
473747,0
473748,0
473749,0
473750,0
473751,0
473752,11
473753,0
473754,0
473755,0
473756,12
473757,0
473758,0
473759,11
473760,10
473761,0
473762,0
473763,12
473764,0
473765,0
473766,0
473767,0
473768,0
473769,0
473770,7
473771,0
473772,0
473773,0
473774,0
473775,8
473776,0
473777,18
473778,0
473779,0
473780,0
473781,20
473782,0
473783,0
473784,0
473785,0
473786,0
473787,0
473788,0
473789,0
473790,7
473791,0
473792,7
473793,0
473794,13
473795,0
473796,0
473797,11
473798,0
473799,8
473800,0
473801,0
473802,12
473803,0
473804,19
473805,0
473806,0
473807,0
473808,0
473809,0
473810,0
473811,0
473812,0
473813,0
473814,0
473815,0
473816,0
473817,0
473818,0
473819,9
473820,0
473821,11
473822,0
473823,0
473824,0
473825,14
473826,8
473827,0
473828,0
473829,0
473830,0
473831,0
473832,0
473833,0
473834,0
473835,8
473836,0
473837,0
473838,0
473839,0
473840,0
473841,0
473842,16
473843,7
473844,0
473845,0
473846,8
473847,0
473848,0
473849,0
473850,0
473851,0
473852,0
473853,0
473854,0
473855,0
473856,0
473857,0
473858,0
473859,9
473860,17
473861,0
473862,0
473863,0
473864,0
473865,12
473866,0
473867,0
473868,0
473869,0
473870,7
473871,13
473872,0
473873,0
473874,0
473875,0
473876,0
473877,0
473878,15
473879,0
473880,0
473881,0
473882,0
473883,0
473884,0
473885,0
473886,0
473887,0
473888,0
473889,9
473890,0
473891,0
473892,0
473893,0
473894,0
473895,0
473896,9
473897,0
473898,0
473899,0
473900,0
473901,8
473902,0
473903,0
473904,0
473905,0
473906,0
473907,10
473908,14
473909,0
473910,0
473911,0
473912,8
473913,0
473914,0
473915,0
473916,0
473917,0
473918,0
473919,0
473920,0
473921,0
473922,0
473923,0
473924,11
473925,0
473926,0
473927,0
473928,0
473929,0
473930,0
473931,0
473932,0
473933,10
473934,3
473935,0
473936,0
473937,0
473938,0
473939,0
473940,0
473941,0
473942,0
473943,24
473944,4
473945,0
473946,0
473947,0
473948,0
473949,6
473950,0
473951,0
473952,0
473953,0
473954,11
473955,13
473956,0
473957,0
473958,0
473959,0
473960,0
473961,15
473962,0
473963,0
473964,0
473965,0
473966,5
473967,0
473968,0
473969,0
473970,0
473971,0
473972,0
473973,0
473974,0
473975,0
473976,0
473977,13
473978,0
473979,9
473980,0
473981,0
473982,0
473983,0
473984,0
473985,0
473986,12
473987,0
473988,0
473989,0
473990,0
473991,0
473992,0
473993,0
473994,14
473995,10
473996,0
473997,0
473998,17
473999,0
474000,0
474001,0
474002,0
474003,0
474004,0
474005,0
474006,0
474007,11
474008,0
474009,0
474010,0
474011,0
474012,0
474013,12
474014,0
474015,0
474016,0
474017,15
474018,0
474019,0
474020,7
474021,0
474022,0
474023,0
474024,0
474025,0
474026,0
474027,5
474028,16
474029,0
474030,12
474031,0
474032,13
474033,0
474034,0
474035,0
474036,13
474037,0
474038,0
474039,13
474040,0
474041,0
474042,0
474043,0
474044,0
474045,0
474046,13
474047,0
474048,14
474049,0
474050,0
474051,0
474052,0
474053,0
474054,0
474055,0
474056,0
474057,0
474058,0
474059,0
474060,6
474061,0
474062,0
474063,0
474064,0
474065,0
474066,6
474067,0
474068,0
474069,14
474070,0
474071,0
474072,0
474073,6
474074,0
474075,0
474076,0
474077,0
474078,13
474079,0
474080,0
474081,0
474082,0
474083,0
474084,5
474085,0
474086,12
474087,0
474088,0
474089,0
474090,0
474091,0
474092,0
474093,0
474094,0
474095,0
474096,0
474097,0
474098,0
474099,0
474100,0
474101,0
474102,0
474103,0
474104,0
474105,0
474106,0
474107,0
474108,0
474109,13
474110,0
474111,0
474112,0
474113,0
474114,0
474115,6
474116,0
474117,0
474118,0
474119,0
474120,0
474121,0
474122,0
474123,0
474124,0
474125,0
474126,0
474127,0
474128,0
474129,0
474130,0
474131,0
474132,0
474133,0
474134,0
474135,0
474136,0
474137,0
474138,8
474139,0
474140,0
474141,0
474142,0
474143,0
474144,0
474145,14
474146,0
474147,0
474148,0
474149,0
474150,13
474151,0
474152,0
474153,0
474154,0
474155,7
474156,0
474157,11
474158,0
474159,0
474160,0
474161,22
474162,11
474163,0
474164,0
474165,0
474166,0
474167,0
474168,0
474169,0
474170,0
474171,0
474172,0
474173,6
474174,14
474175,7
474176,6
474177,0
474178,0
474179,0
474180,0
474181,0
474182,0
474183,0
474184,0
474185,0
474186,0
474187,0
474188,0
474189,0
474190,0
474191,0
474192,0
474193,0
474194,0
474195,0
474196,0
474197,13
474198,0
474199,0
474200,0
474201,0
474202,7
474203,0
474204,0
474205,0
474206,0
474207,0
474208,5
474209,0
474210,0
474211,0
474212,0
474213,0
474214,0
474215,0
474216,0
474217,11
474218,0
474219,0
474220,0
474221,0
474222,13
474223,8
474224,0
474225,0
474226,0
474227,0
474228,0
474229,0
474230,0
474231,0
474232,0
474233,0
474234,0
474235,0
474236,0
474237,0
474238,0
474239,0
474240,0
474241,0
474242,8
474243,0
474244,0
474245,0
474246,0
474247,0
474248,0
474249,0
474250,0
474251,0
474252,13
474253,6
474254,0
474255,0
474256,0
474257,0
474258,0
474259,0
474260,14
474261,0
474262,0
474263,0
474264,0
474265,14
474266,0
474267,0
474268,0
474269,0
474270,0
474271,0
474272,10
474273,8
474274,0
474275,0
474276,0
474277,0
474278,0
474279,0
474280,0
474281,0
474282,13
474283,6
474284,0
474285,0
474286,0
474287,4
474288,0
474289,0
474290,0
474291,0
474292,0
474293,0
474294,14
474295,0
474296,0
474297,14
474298,0
474299,5
474300,0
474301,0
474302,0
474303,0
474304,0
474305,13
474306,0
474307,0
474308,0
474309,0
474310,0
474311,8
474312,5
474313,0
474314,0
474315,9
474316,3
474317,0
474318,0
474319,0
474320,0
474321,19
474322,0
474323,0
474324,0
474325,0
474326,0
474327,0
474328,0
474329,0
474330,0
474331,0
474332,0
474333,0
474334,8
474335,0
474336,0
474337,0
474338,13
474339,0
474340,0
474341,0
474342,0
474343,0
474344,0
474345,0
474346,0
474347,0
474348,0
474349,0
474350,0
474351,0
474352,9
474353,0
474354,0
474355,0
474356,0
474357,12
474358,18
474359,0
474360,0
474361,0
474362,0
474363,0
474364,13
474365,0
474366,7
474367,11
474368,0
474369,0
474370,0
474371,0
474372,0
474373,0
474374,8
474375,15
474376,0
474377,0
474378,0
474379,0
474380,0
474381,0
474382,0
474383,0
474384,0
474385,0
474386,0
474387,0
474388,0
474389,0
474390,0
474391,8
474392,0
474393,0
474394,0
474395,11
474396,0
474397,0
474398,0
474399,8
474400,0
474401,12
474402,0
474403,13
474404,0
474405,7
474406,0
474407,0
474408,0
474409,0
474410,0
474411,8
474412,0
474413,0
474414,6
474415,0
474416,0
474417,0
474418,0
474419,0
474420,0
474421,0
474422,0
474423,0
474424,0
474425,0
474426,0
474427,0
474428,0
474429,14
474430,0
474431,0
474432,0
474433,0
474434,10
474435,0
474436,0
474437,0
474438,0
474439,6
474440,0
474441,0
474442,14
474443,0
474444,0
474445,0
474446,0
474447,0
474448,0
474449,0
474450,0
474451,0
474452,0
474453,11
474454,0
474455,19
474456,0
474457,0
474458,0
474459,0
474460,0
474461,0
474462,0
474463,0
474464,0
474465,0
474466,0
474467,5
474468,0
474469,0
474470,0
474471,0
474472,10
474473,0
474474,0
474475,8
474476,0
474477,0
474478,0
474479,0
474480,0
474481,15
474482,0
474483,8
474484,0
474485,0
474486,11
474487,0
474488,0
474489,0
474490,0
474491,0
474492,8
474493,0
474494,0
474495,0
474496,11
474497,0
474498,0
474499,6
474500,0
474501,0
474502,0
474503,0
474504,0
474505,0
474506,0
474507,0
474508,0
474509,0
474510,0
474511,0
474512,0
474513,0
474514,0
474515,0
474516,32
474517,0
474518,20
474519,0
474520,33
474521,29
474522,0
474523,0
474524,46
474525,0
474526,51
474527,27
474528,19
474529,17
474530,0
474531,0
474532,35
474533,28
474534,0
474535,0
474536,0
474537,36
474538,0
474539,0
474540,21
474541,0
474542,30
474543,0
474544,35
474545,20
474546,28
474547,43
474548,0
474549,0
474550,0
474551,30
474552,42
474553,37
474554,0
474555,0
474556,28
474557,0
474558,0
474559,0
474560,0
474561,0
474562,18
474563,0
474564,0
474565,0
474566,0
474567,21
474568,21
474569,0
474570,0
474571,0
474572,0
474573,0
474574,27
474575,0
474576,0
474577,0
474578,32
474579,0
474580,0
474581,0
474582,35
474583,41
474584,0
474585,0
474586,21
474587,29
474588,0
474589,0
474590,0
474591,0
474592,30
474593,0
474594,0
474595,0
474596,22
474597,48
474598,0
474599,0
474600,0
474601,0
474602,0
474603,0
474604,0
474605,0
474606,0
474607,0
474608,37
474609,0
474610,17
474611,0
474612,0
474613,0
474614,0
474615,29
474616,35
474617,0
474618,29
474619,0
474620,40
474621,20
474622,0
474623,16
474624,0
474625,0
474626,0
474627,0
474628,0
474629,0
474630,0
474631,0
474632,9
474633,60
474634,0
474635,0
474636,0
474637,0
474638,0
474639,0
474640,0
474641,33
474642,0
474643,0
474644,0
474645,0
474646,0
474647,0
474648,0
474649,32
474650,0
474651,0
474652,22
474653,0
474654,0
474655,0
474656,0
474657,0
474658,0
474659,0
474660,0
474661,0
474662,0
474663,0
474664,20
474665,0
474666,0
474667,0
474668,0
474669,14
474670,0
474671,0
474672,0
474673,0
474674,0
474675,0
474676,0
474677,0
474678,0
474679,34
474680,0
474681,0
474682,50
474683,0
474684,0
474685,0
474686,0
474687,0
474688,0
474689,0
474690,0
474691,0
474692,29
474693,34
474694,0
474695,0
474696,0
474697,27
474698,0
474699,0
474700,0
474701,0
474702,0
474703,0
474704,0
474705,0
474706,25
474707,0
474708,0
474709,27
474710,0
474711,0
474712,0
474713,0
474714,0
474715,0
474716,0
474717,0
474718,0
474719,0
474720,0
474721,17
474722,0
474723,0
474724,31
474725,0
474726,0
474727,0
474728,0
474729,0
474730,0
474731,0
474732,0
474733,0
474734,0
474735,33
474736,27
474737,0
474738,12
474739,25
474740,0
474741,16
474742,0
474743,0
474744,0
474745,20
474746,27
474747,0
474748,0
474749,0
474750,0
474751,0
474752,0
474753,30
474754,0
474755,0
474756,0
474757,0
474758,0
474759,0
474760,0
474761,16
474762,0
474763,0
474764,19
474765,0
474766,0
474767,0
474768,0
474769,0
474770,0
474771,15
474772,0
474773,0
474774,0
474775,0
474776,49
474777,34
474778,0
474779,0
474780,0
474781,0
474782,0
474783,0
474784,0
474785,0
474786,0
474787,0
474788,0
474789,31
474790,0
474791,0
474792,0
474793,0
474794,0
474795,0
474796,0
474797,0
474798,0
474799,0
474800,0
474801,32
474802,0
474803,25
474804,0
474805,35
474806,0
474807,0
474808,0
474809,23
474810,0
474811,0
474812,0
474813,0
474814,28
474815,0
474816,0
474817,0
474818,0
474819,0
474820,0
474821,0
474822,38
474823,0
474824,0
474825,0
474826,0
474827,0
474828,0
474829,0
474830,31
474831,0
474832,0
474833,0
474834,26
474835,37
474836,0
474837,0
474838,0
474839,0
474840,0
474841,0
474842,0
474843,0
474844,0
474845,8
474846,0
474847,0
474848,0
474849,0
474850,0
474851,35
474852,0
474853,0
474854,0
474855,0
474856,0
474857,0
474858,0
474859,0
474860,0
474861,0
474862,26
474863,29
474864,0
474865,0
474866,0
474867,0
474868,0
474869,0
474870,0
474871,25
474872,0
474873,0
474874,0
474875,28
474876,0
474877,0
474878,0
474879,23
474880,0
474881,0
474882,33
474883,0
474884,0
474885,0
474886,0
474887,0
474888,0
474889,33
474890,0
474891,0
474892,0
474893,0
474894,28
474895,0
474896,36
474897,0
474898,0
474899,0
474900,0
474901,0
474902,0
474903,0
474904,0
474905,0
474906,14
474907,0
474908,28
474909,0
474910,26
474911,27
474912,0
474913,0
474914,0
474915,0
474916,0
474917,37
474918,0
474919,0
474920,0
474921,0
474922,0
474923,0
474924,0
474925,0
474926,0
474927,0
474928,0
474929,0
474930,0
474931,0
474932,0
474933,0
474934,30
474935,0
474936,0
474937,32
474938,0
474939,0
474940,19
474941,0
474942,0
474943,0
474944,26
474945,0
474946,0
474947,0
474948,0
474949,14
474950,0
474951,0
474952,0
474953,30
474954,0
474955,0
474956,0
474957,0
474958,0
474959,0
474960,0
474961,0
474962,0
474963,0
474964,0
474965,0
474966,0
474967,43
474968,0
474969,0
474970,25
474971,34
474972,0
474973,28
474974,0
474975,0
474976,0
474977,32
474978,0
474979,0
474980,30
474981,0
474982,0
474983,0
474984,0
474985,0
474986,0
474987,21
474988,31
474989,0
474990,0
474991,0
474992,34
474993,31
474994,0
474995,13
474996,0
474997,0
474998,0
474999,30
475000,0
475001,0
475002,0
475003,49
475004,0
475005,13
475006,22
475007,0
475008,21
475009,26
475010,23
475011,15
475012,0
475013,0
475014,0
475015,0
475016,0
475017,24
475018,0
475019,0
475020,0
475021,0
475022,0
475023,0
475024,0
475025,47
475026,0
475027,0
475028,0
475029,0
475030,0
475031,0
475032,0
475033,0
475034,0
475035,0
475036,0
475037,33
475038,0
475039,0
475040,0
475041,0
475042,0
475043,48
475044,0
475045,26
475046,0
475047,0
475048,0
475049,0
475050,0
475051,0
475052,0
475053,0
475054,0
475055,0
475056,35
475057,0
475058,0
475059,0
475060,0
475061,0
475062,0
475063,0
475064,35
475065,0
475066,28
475067,0
475068,0
475069,0
475070,28
475071,0
475072,17
475073,0
475074,25
475075,25
475076,0
475077,27
475078,0
475079,0
475080,0
475081,0
475082,30
475083,0
475084,0
475085,0
475086,38
475087,0
475088,0
475089,0
475090,0
475091,22
475092,0
475093,0
475094,0
475095,0
475096,0
475097,0
475098,43
475099,0
475100,37
475101,21
475102,30
475103,0
475104,32
475105,20
475106,0
475107,0
475108,0
475109,17
475110,0
475111,44
475112,0
475113,0
475114,21
475115,0
475116,0
475117,0
475118,0
475119,0
475120,26
475121,0
475122,0
475123,0
475124,28
475125,0
475126,0
475127,26
475128,36
475129,0
475130,0
475131,24
475132,25
475133,0
475134,0
475135,0
475136,0
475137,0
475138,0
475139,31
475140,0
475141,0
475142,29
475143,0
475144,0
475145,0
475146,26
475147,30
475148,0
475149,0
475150,0
475151,0
475152,0
475153,36
475154,0
475155,0
475156,0
475157,60
475158,0
475159,0
475160,0
475161,0
475162,32
475163,0
475164,0
475165,0
475166,0
475167,28
475168,0
475169,29
475170,46
475171,28
475172,0
475173,15
475174,0
475175,0
475176,0
475177,0
475178,0
475179,0
475180,0
475181,0
475182,23
475183,0
475184,0
475185,0
475186,32
475187,0
475188,0
475189,0
475190,0
475191,0
475192,0
475193,0
475194,0
475195,0
475196,0
475197,38
475198,16
475199,0
475200,28
475201,21
475202,0
475203,0
475204,0
475205,0
475206,0
475207,0
475208,0
475209,0
475210,0
475211,0
475212,0
475213,36
475214,0
475215,24
475216,0
475217,0
475218,0
475219,0
475220,0
475221,25
475222,27
475223,0
475224,28
475225,0
475226,27
475227,0
475228,0
475229,0
475230,0
475231,0
475232,0
475233,23
475234,0
475235,30
475236,0
475237,0
475238,0
475239,18
475240,0
475241,0
475242,0
475243,0
475244,0
475245,0
475246,0
475247,0
475248,0
475249,0
475250,32
475251,18
475252,44
475253,23
475254,0
475255,0
475256,25
475257,0
475258,0
475259,0
475260,0
475261,0
475262,0
475263,0
475264,35
475265,0
475266,0
475267,0
475268,0
475269,0
475270,0
475271,0
475272,0
475273,0
475274,37
475275,0
475276,0
475277,0
475278,31
475279,0
475280,0
475281,0
475282,0
475283,34
475284,0
475285,0
475286,0
475287,26
475288,34
475289,0
475290,0
475291,0
475292,0
475293,0
475294,0
475295,0
475296,0
475297,0
475298,0
475299,0
475300,0
475301,0
475302,0
475303,25
475304,0
475305,8
475306,0
475307,0
475308,33
475309,0
475310,0
475311,0
475312,0
475313,29
475314,0
475315,37
475316,0
475317,0
475318,0
475319,0
475320,0
475321,0
475322,0
475323,0
475324,0
475325,0
475326,0
475327,0
475328,0
475329,0
475330,35
475331,0
475332,0
475333,32
475334,0
475335,0
475336,0
475337,0
475338,0
475339,0
475340,21
475341,0
475342,27
475343,0
475344,21
475345,0
475346,0
475347,0
475348,0
475349,20
475350,31
475351,0
475352,0
475353,0
475354,0
475355,0
475356,0
475357,0
475358,0
475359,32
475360,0
475361,0
475362,0
475363,0
475364,0
475365,40
475366,0
475367,0
475368,0
475369,0
475370,0
475371,23
475372,0
475373,0
475374,0
475375,24
475376,0
475377,0
475378,0
475379,0
475380,48
475381,26
475382,0
475383,0
475384,0
475385,0
475386,31
475387,0
475388,0
475389,0
475390,0
475391,27
475392,31
475393,27
475394,17
475395,0
475396,0
475397,0
475398,0
475399,1
475400,0
475401,0
475402,0
475403,0
475404,0
475405,0
475406,4
475407,0
475408,0
475409,0
475410,2
475411,0
475412,0
475413,0
475414,0
475415,3
475416,0
475417,0
475418,0
475419,2
475420,0
475421,0
475422,0
475423,0
475424,0
475425,3
475426,0
475427,0
475428,0
475429,0
475430,0
475431,0
475432,0
475433,0
475434,0
475435,0
475436,0
475437,0
475438,0
475439,0
475440,0
475441,0
475442,1
475443,0
475444,0
475445,0
475446,0
475447,0
475448,0
475449,0
475450,0
475451,0
475452,0
475453,2
475454,0
475455,0
475456,0
475457,0
475458,0
475459,0
475460,0
475461,0
475462,0
475463,0
475464,0
475465,0
475466,0
475467,0
475468,0
475469,1
475470,0
475471,2
475472,0
475473,0
475474,0
475475,0
475476,0
475477,0
475478,0
475479,0
475480,0
475481,0
475482,0
475483,0
475484,0
475485,0
475486,2
475487,0
475488,0
475489,0
475490,4
475491,0
475492,0
475493,0
475494,0
475495,3
475496,0
475497,0
475498,0
475499,0
475500,0
475501,0
475502,0
475503,0
475504,0
475505,0
475506,0
475507,0
475508,0
475509,0
475510,1
475511,0
475512,0
475513,0
475514,0
475515,0
475516,0
475517,0
475518,0
475519,0
475520,0
475521,3
475522,4
475523,0
475524,0
475525,2
475526,0
475527,0
475528,0
475529,3
475530,3
475531,0
475532,0
475533,0
475534,0
475535,2
475536,0
475537,2
475538,0
475539,0
475540,0
475541,0
475542,0
475543,0
475544,0
475545,0
475546,0
475547,0
475548,0
475549,0
475550,0
475551,0
475552,0
475553,0
475554,2
475555,0
475556,1
475557,0
475558,0
475559,0
475560,0
475561,0
475562,0
475563,0
475564,0
475565,0
475566,0
475567,0
475568,0
475569,0
475570,0
475571,0
475572,0
475573,0
475574,0
475575,0
475576,0
475577,0
475578,0
475579,0
475580,0
475581,0
475582,0
475583,0
475584,0
475585,0
475586,0
475587,0
475588,0
475589,0
475590,0
475591,0
475592,0
475593,0
475594,0
475595,0
475596,0
475597,0
475598,0
475599,0
475600,0
475601,0
475602,0
475603,0
475604,0
475605,0
475606,0
475607,0
475608,0
475609,0
475610,0
475611,0
475612,0
475613,0
475614,0
475615,0
475616,0
475617,0
475618,0
475619,0
475620,0
475621,0
475622,0
475623,0
475624,0
475625,0
475626,0
475627,0
475628,0
475629,0
475630,0
475631,0
475632,0
475633,0
475634,0
475635,0
475636,0
475637,4
475638,0
475639,0
475640,0
475641,0
475642,0
475643,0
475644,16
475645,0
475646,0
475647,0
475648,0
475649,0
475650,0
475651,0
475652,0
475653,19
475654,0
475655,0
475656,0
475657,17
475658,16
475659,0
475660,0
475661,19
475662,22
475663,0
475664,0
475665,0
475666,0
475667,26
475668,15
475669,0
475670,0
475671,0
475672,15
475673,22
475674,0
475675,17
475676,0
475677,0
475678,0
475679,0
475680,0
475681,0
475682,0
475683,0
475684,0
475685,14
475686,0
475687,0
475688,0
475689,0
475690,11
475691,0
475692,11
475693,0
475694,0
475695,0
475696,0
475697,0
475698,0
475699,30
475700,0
475701,0
475702,0
475703,0
475704,0
475705,21
475706,0
475707,0
475708,25
475709,0
475710,0
475711,0
475712,0
475713,0
475714,0
475715,0
475716,0
475717,0
475718,0
475719,0
475720,22
475721,0
475722,0
475723,0
475724,0
475725,21
475726,0
475727,0
475728,0
475729,0
475730,0
475731,0
475732,0
475733,0
475734,0
475735,18
475736,27
475737,0
475738,0
475739,0
475740,0
475741,0
475742,0
475743,0
475744,0
475745,0
475746,0
475747,0
475748,19
475749,0
475750,21
475751,0
475752,0
475753,0
475754,0
475755,0
475756,0
475757,0
475758,0
475759,0
475760,19
475761,0
475762,0
475763,0
475764,0
475765,0
475766,0
475767,0
475768,0
475769,0
475770,0
475771,0
475772,0
475773,0
475774,25
475775,0
475776,0
475777,0
475778,17
475779,19
475780,0
475781,0
475782,0
475783,0
475784,10
475785,28
475786,0
475787,10
475788,25
475789,0
475790,0
475791,16
475792,0
475793,18
475794,0
475795,0
475796,15
475797,0
475798,0
475799,0
475800,0
475801,0
475802,0
475803,0
475804,25
475805,0
475806,0
475807,0
475808,16
475809,0
475810,0
475811,0
475812,23
475813,0
475814,0
475815,0
475816,0
475817,0
475818,0
475819,0
475820,0
475821,0
475822,0
475823,0
475824,0
475825,0
475826,0
475827,24
475828,17
475829,0
475830,0
475831,0
475832,20
475833,0
475834,18
475835,0
475836,0
475837,0
475838,0
475839,0
475840,17
475841,22
475842,0
475843,0
475844,0
475845,0
475846,0
475847,29
475848,0
475849,0
475850,0
475851,0
475852,0
475853,26
475854,0
475855,0
475856,0
475857,0
475858,0
475859,0
475860,0
475861,0
475862,0
475863,0
475864,0
475865,0
475866,0
475867,0
475868,0
475869,0
475870,0
475871,0
475872,0
475873,0
475874,0
475875,0
475876,0
475877,0
475878,0
475879,0
475880,0
475881,0
475882,0
475883,50
475884,0
475885,0
475886,0
475887,0
475888,0
475889,0
475890,0
475891,0
475892,0
475893,0
475894,0
475895,0
475896,0
475897,0
475898,0
475899,0
475900,0
475901,0
475902,0
475903,0
475904,0
475905,36
475906,0
475907,0
475908,0
475909,42
475910,0
475911,0
475912,0
475913,0
475914,26
475915,0
475916,36
475917,0
475918,0
475919,47
475920,0
475921,0
475922,0
475923,0
475924,0
475925,0
475926,0
475927,0
475928,52
475929,0
475930,0
475931,0
475932,0
475933,32
475934,39
475935,0
475936,0
475937,0
475938,0
475939,44
475940,0
475941,38
475942,0
475943,0
475944,0
475945,0
475946,0
475947,0
475948,0
475949,0
475950,0
475951,0
475952,0
475953,30
475954,0
475955,0
475956,0
475957,0
475958,0
475959,0
475960,0
475961,0
475962,0
475963,0
475964,0
475965,38
475966,0
475967,0
475968,0
475969,0
475970,0
475971,0
475972,0
475973,0
475974,0
475975,0
475976,0
475977,0
475978,0
475979,0
475980,0
475981,0
475982,0
475983,0
475984,0
475985,0
475986,0
475987,0
475988,0
475989,0
475990,0
475991,0
475992,0
475993,0
475994,0
475995,0
475996,0
475997,0
475998,0
475999,0
476000,0
476001,0
476002,0
476003,0
476004,0
476005,0
476006,0
476007,0
476008,0
476009,0
476010,0
476011,0
476012,37
476013,0
476014,0
476015,0
476016,43
476017,0
476018,0
476019,36
476020,0
476021,0
476022,0
476023,29
476024,0
476025,0
476026,0
476027,41
476028,0
476029,0
476030,0
476031,0
476032,0
476033,37
476034,0
476035,0
476036,0
476037,0
476038,35
476039,0
476040,36
476041,0
476042,0
476043,30
476044,42
476045,0
476046,0
476047,0
476048,0
476049,0
476050,0
476051,0
476052,0
476053,0
476054,0
476055,0
476056,0
476057,0
476058,0
476059,39
476060,0
476061,0
476062,0
476063,0
476064,0
476065,0
476066,0
476067,0
476068,0
476069,0
476070,0
476071,0
476072,44
476073,54
476074,31
476075,0
476076,0
476077,0
476078,0
476079,0
476080,39
476081,0
476082,0
476083,0
476084,57
476085,0
476086,0
476087,0
476088,0
476089,0
476090,0
476091,0
476092,0
476093,0
476094,0
476095,0
476096,0
476097,0
476098,0
476099,0
476100,0
476101,0
476102,30
476103,23
476104,0
476105,0
476106,0
476107,0
476108,0
476109,0
476110,0
476111,0
476112,0
476113,0
476114,0
476115,0
476116,0
476117,0
476118,0
476119,0
476120,0
476121,19
476122,0
476123,31
476124,0
476125,0
476126,0
476127,0
476128,0
476129,0
476130,0
476131,0
476132,62
476133,0
476134,0
476135,0
476136,0
476137,0
476138,41
476139,21
476140,0
476141,45
476142,0
476143,0
476144,0
476145,0
476146,0
476147,53
476148,0
476149,0
476150,0
476151,56
476152,0
476153,0
476154,0
476155,0
476156,0
476157,0
476158,0
476159,0
476160,0
476161,0
476162,0
476163,0
476164,0
476165,0
476166,0
476167,0
476168,0
476169,0
476170,0
476171,0
476172,0
476173,0
476174,0
476175,0
476176,0
476177,0
476178,0
476179,0
476180,0
476181,0
476182,0
476183,0
476184,0
476185,0
476186,0
476187,0
476188,0
476189,0
476190,0
476191,0
476192,0
476193,0
476194,0
476195,0
476196,0
476197,0
476198,0
476199,0
476200,0
476201,0
476202,0
476203,35
476204,0
476205,0
476206,0
476207,0
476208,0
476209,0
476210,0
476211,16
476212,0
476213,0
476214,0
476215,0
476216,0
476217,0
476218,46
476219,0
476220,0
476221,0
476222,0
476223,0
476224,0
476225,0
476226,0
476227,62
476228,0
476229,0
476230,29
476231,0
476232,0
476233,0
476234,0
476235,0
476236,0
476237,0
476238,0
476239,0
476240,0
476241,0
476242,0
476243,0
476244,0
476245,0
476246,0
476247,14
476248,46
476249,0
476250,0
476251,0
476252,0
476253,0
476254,0
476255,0
476256,0
476257,0
476258,0
476259,0
476260,0
476261,0
476262,0
476263,0
476264,0
476265,73
476266,0
476267,0
476268,0
476269,19
476270,0
476271,0
476272,0
476273,0
476274,0
476275,30
476276,0
476277,0
476278,0
476279,0
476280,0
476281,0
476282,0
476283,0
476284,0
476285,37
476286,0
476287,0
476288,0
476289,0
476290,0
476291,0
476292,0
476293,0
476294,40
476295,0
476296,0
476297,0
476298,0
476299,0
476300,12
476301,0
476302,0
476303,0
476304,0
476305,25
476306,0
476307,0
476308,0
476309,0
476310,0
476311,0
476312,0
476313,0
476314,0
476315,0
476316,0
476317,0
476318,0
476319,0
476320,0
476321,0
476322,0
476323,0
476324,0
476325,0
476326,0
476327,0
476328,0
476329,0
476330,0
476331,0
476332,0
476333,36
476334,0
476335,0
476336,0
476337,0
476338,0
476339,0
476340,0
476341,28
476342,0
476343,0
476344,0
476345,0
476346,0
476347,0
476348,0
476349,0
476350,0
476351,0
476352,0
476353,0
476354,0
476355,16
476356,0
476357,0
476358,38
476359,37
476360,0
476361,25
476362,0
476363,0
476364,0
476365,0
476366,0
476367,0
476368,0
476369,0
476370,0
476371,0
476372,0
476373,0
476374,0
476375,0
476376,0
476377,0
476378,45
476379,0
476380,0
476381,47
476382,0
476383,0
476384,0
476385,0
476386,0
476387,0
476388,0
476389,0
476390,0
476391,0
476392,0
476393,0
476394,0
476395,0
476396,0
476397,0
476398,0
476399,0
476400,0
476401,0
476402,0
476403,0
476404,0
476405,0
476406,19
476407,0
476408,0
476409,0
476410,0
476411,27
476412,0
476413,0
476414,0
476415,0
476416,0
476417,0
476418,0
476419,0
476420,0
476421,0
476422,0
476423,0
476424,0
476425,0
476426,0
476427,0
476428,0
476429,0
476430,44
476431,0
476432,0
476433,0
476434,34
476435,0
476436,0
476437,0
476438,0
476439,35
476440,0
476441,0
476442,0
476443,0
476444,0
476445,0
476446,0
476447,0
476448,0
476449,0
476450,0
476451,0
476452,0
476453,0
476454,0
476455,0
476456,0
476457,0
476458,0
476459,0
476460,28
476461,65
476462,0
476463,0
476464,36
476465,0
476466,0
476467,0
476468,0
476469,0
476470,0
476471,52
476472,0
476473,0
476474,0
476475,0
476476,0
476477,0
476478,0
476479,0
476480,0
476481,0
476482,0
476483,0
476484,0
476485,0
476486,0
476487,0
476488,0
476489,32
476490,0
476491,0
476492,0
476493,0
476494,0
476495,0
476496,0
476497,70
476498,51
476499,33
476500,0
476501,37
476502,0
476503,0
476504,0
476505,0
476506,0
476507,0
476508,0
476509,0
476510,0
476511,0
476512,0
476513,0
476514,16
476515,0
476516,25
476517,37
476518,0
476519,0
476520,0
476521,0
476522,0
476523,0
476524,0
476525,0
476526,0
476527,0
476528,0
476529,0
476530,0
476531,0
476532,0
476533,30
476534,38
476535,0
476536,22
476537,0
476538,0
476539,0
476540,0
476541,31
476542,0
476543,0
476544,0
476545,0
476546,0
476547,0
476548,0
476549,0
476550,0
476551,0
476552,0
476553,0
476554,0
476555,0
476556,0
476557,0
476558,0
476559,0
476560,0
476561,0
476562,0
476563,0
476564,45
476565,0
476566,0
476567,0
476568,0
476569,53
476570,0
476571,32
476572,0
476573,0
476574,0
476575,0
476576,0
476577,0
476578,0
476579,51
476580,0
476581,15
476582,0
476583,0
476584,0
476585,0
476586,0
476587,0
476588,0
476589,0
476590,0
476591,0
476592,0
476593,0
476594,0
476595,0
476596,0
476597,0
476598,0
476599,0
476600,0
476601,0
476602,0
476603,0
476604,0
476605,0
476606,0
476607,0
476608,0
476609,0
476610,0
476611,0
476612,0
476613,0
476614,0
476615,0
476616,0
476617,34
476618,0
476619,0
476620,0
476621,0
476622,37
476623,48
476624,22
476625,0
476626,0
476627,0
476628,0
476629,0
476630,0
476631,0
476632,0
476633,51
476634,0
476635,0
476636,0
476637,0
476638,0
476639,0
476640,0
476641,0
476642,0
476643,0
476644,0
476645,0
476646,0
476647,41
476648,0
476649,0
476650,0
476651,0
476652,0
476653,0
476654,0
476655,0
476656,0
476657,0
476658,0
476659,0
476660,0
476661,30
476662,0
476663,0
476664,0
476665,0
476666,69
476667,0
476668,0
476669,0
476670,0
476671,0
476672,0
476673,0
476674,0
476675,0
476676,0
476677,0
476678,0
476679,0
476680,0
476681,0
476682,0
476683,0
476684,37
476685,0
476686,0
476687,0
476688,0
476689,0
476690,18
476691,0
476692,0
476693,41
476694,0
476695,0
476696,27
476697,18
476698,0
476699,48
476700,27
476701,34
476702,0
476703,0
476704,0
476705,0
476706,0
476707,0
476708,0
476709,0
476710,52
476711,0
476712,0
476713,0
476714,0
476715,43
476716,0
476717,0
476718,0
476719,0
476720,0
476721,0
476722,0
476723,0
476724,28
476725,0
476726,0
476727,0
476728,0
476729,0
476730,0
476731,0
476732,0
476733,0
476734,0
476735,0
476736,0
476737,0
476738,0
476739,43
476740,0
476741,0
476742,27
476743,0
476744,0
476745,27
476746,0
476747,33
476748,0
476749,0
476750,0
476751,0
476752,39
476753,0
476754,0
476755,79
476756,0
476757,0
476758,0
476759,0
476760,0
476761,0
476762,0
476763,0
476764,0
476765,0
476766,0
476767,0
476768,0
476769,0
476770,0
476771,0
476772,0
476773,46
476774,0
476775,0
476776,0
476777,0
476778,0
476779,0
476780,0
476781,0
476782,31
476783,41
476784,0
476785,0
476786,0
476787,0
476788,0
476789,0
476790,0
476791,0
476792,0
476793,0
476794,0
476795,25
476796,0
476797,0
476798,10
476799,0
476800,0
476801,21
476802,0
476803,0
476804,0
476805,0
476806,0
476807,53
476808,0
476809,0
476810,0
476811,0
476812,0
476813,0
476814,0
476815,0
476816,0
476817,0
476818,0
476819,0
476820,0
476821,0
476822,0
476823,0
476824,0
476825,0
476826,0
476827,0
476828,0
476829,0
476830,0
476831,0
476832,0
476833,42
476834,0
476835,0
476836,0
476837,0
476838,0
476839,0
476840,0
476841,0
476842,0
476843,0
476844,0
476845,0
476846,23
476847,0
476848,0
476849,0
476850,14
476851,0
476852,21
476853,0
476854,27
476855,0
476856,0
476857,0
476858,25
476859,25
476860,0
476861,16
476862,0
476863,0
476864,0
476865,0
476866,0
476867,0
476868,0
476869,16
476870,0
476871,0
476872,0
476873,12
476874,0
476875,0
476876,19
476877,0
476878,0
476879,0
476880,0
476881,0
476882,0
476883,0
476884,30
476885,0
476886,0
476887,0
476888,33
476889,0
476890,32
476891,0
476892,0
476893,0
476894,0
476895,19
476896,17
476897,11
476898,0
476899,0
476900,24
476901,21
476902,0
476903,0
476904,0
476905,0
476906,10
476907,0
476908,0
476909,0
476910,0
476911,0
476912,0
476913,0
476914,21
476915,23
476916,0
476917,0
476918,0
476919,15
476920,0
476921,23
476922,19
476923,0
476924,11
476925,0
476926,0
476927,0
476928,0
476929,0
476930,0
476931,0
476932,0
476933,0
476934,0
476935,0
476936,0
476937,0
476938,0
476939,0
476940,0
476941,0
476942,0
476943,0
476944,0
476945,21
476946,0
476947,0
476948,0
476949,0
476950,0
476951,0
476952,0
476953,0
476954,0
476955,0
476956,0
476957,0
476958,0
476959,0
476960,0
476961,0
476962,22
476963,0
476964,0
476965,0
476966,0
476967,0
476968,0
476969,22
476970,0
476971,0
476972,0
476973,0
476974,0
476975,0
476976,0
476977,0
476978,0
476979,0
476980,0
476981,0
476982,19
476983,0
476984,22
476985,25
476986,23
476987,0
476988,0
476989,0
476990,16
476991,0
476992,0
476993,26
476994,0
476995,0
476996,0
476997,18
476998,0
476999,0
477000,9
477001,0
477002,0
477003,0
477004,0
477005,0
477006,0
477007,23
477008,0
477009,0
477010,0
477011,0
477012,18
477013,0
477014,28
477015,0
477016,0
477017,0
477018,0
477019,0
477020,0
477021,0
477022,0
477023,19
477024,0
477025,41
477026,0
477027,0
477028,39
477029,0
477030,0
477031,0
477032,0
477033,0
477034,0
477035,0
477036,0
477037,0
477038,0
477039,20
477040,0
477041,0
477042,0
477043,0
477044,0
477045,16
477046,0
477047,0
477048,0
477049,0
477050,0
477051,0
477052,16
477053,0
477054,0
477055,11
477056,0
477057,0
477058,0
477059,0
477060,0
477061,8
477062,0
477063,0
477064,28
477065,0
477066,23
477067,0
477068,0
477069,0
477070,0
477071,24
477072,0
477073,21
477074,0
477075,12
477076,0
477077,0
477078,0
477079,0
477080,0
477081,0
477082,0
477083,0
477084,0
477085,0
477086,0
477087,25
477088,0
477089,0
477090,0
477091,24
477092,0
477093,0
477094,13
477095,0
477096,0
477097,0
477098,0
477099,34
477100,0
477101,0
477102,0
477103,0
477104,0
477105,0
477106,0
477107,17
477108,0
477109,0
477110,0
477111,0
477112,0
477113,0
477114,0
477115,24
477116,0
477117,15
477118,0
477119,12
477120,22
477121,0
477122,26
477123,0
477124,12
477125,17
477126,0
477127,0
477128,0
477129,0
477130,0
477131,0
477132,0
477133,0
477134,23
477135,0
477136,16
477137,0
477138,0
477139,0
477140,0
477141,10
477142,0
477143,22
477144,0
477145,19
477146,19
477147,0
477148,19
477149,0
477150,0
477151,0
477152,0
477153,0
477154,0
477155,0
477156,0
477157,0
477158,20
477159,0
477160,0
477161,20
477162,0
477163,0
477164,0
477165,0
477166,0
477167,15
477168,0
477169,0
477170,0
477171,0
477172,0
477173,11
477174,0
477175,15
477176,0
477177,26
477178,0
477179,0
477180,0
477181,0
477182,7
477183,0
477184,0
477185,0
477186,0
477187,0
477188,0
477189,20
477190,0
477191,0
477192,0
477193,0
477194,0
477195,0
477196,0
477197,0
477198,0
477199,0
477200,0
477201,0
477202,0
477203,21
477204,0
477205,0
477206,15
477207,11
477208,14
477209,0
477210,0
477211,21
477212,0
477213,10
477214,0
477215,0
477216,0
477217,0
477218,0
477219,0
477220,0
477221,0
477222,14
477223,17
477224,0
477225,0
477226,0
477227,0
477228,0
477229,26
477230,0
477231,0
477232,21
477233,0
477234,0
477235,0
477236,0
477237,0
477238,0
477239,10
477240,0
477241,19
477242,0
477243,0
477244,13
477245,0
477246,0
477247,0
477248,0
477249,12
477250,0
477251,14
477252,22
477253,0
477254,0
477255,0
477256,0
477257,0
477258,0
477259,0
477260,0
477261,0
477262,0
477263,0
477264,0
477265,0
477266,10
477267,0
477268,15
477269,0
477270,0
477271,0
477272,0
477273,0
477274,0
477275,23
477276,0
477277,0
477278,14
477279,0
477280,0
477281,0
477282,0
477283,10
477284,0
477285,0
477286,0
477287,0
477288,0
477289,0
477290,0
477291,0
477292,0
477293,0
477294,0
477295,0
477296,0
477297,0
477298,0
477299,19
477300,0
477301,14
477302,0
477303,15
477304,0
477305,8
477306,0
477307,18
477308,0
477309,0
477310,31
477311,0
477312,18
477313,0
477314,0
477315,0
477316,0
477317,23
477318,20
477319,0
477320,12
477321,0
477322,0
477323,14
477324,0
477325,22
477326,15
477327,0
477328,0
477329,21
477330,0
477331,0
477332,0
477333,0
477334,0
477335,13
477336,0
477337,0
477338,0
477339,0
477340,0
477341,16
477342,0
477343,0
477344,0
477345,0
477346,19
477347,0
477348,0
477349,13
477350,0
477351,0
477352,0
477353,0
477354,0
477355,0
477356,0
477357,22
477358,0
477359,0
477360,19
477361,0
477362,0
477363,0
477364,0
477365,15
477366,11
477367,0
477368,0
477369,0
477370,21
477371,16
477372,14
477373,0
477374,0
477375,0
477376,0
477377,18
477378,0
477379,0
477380,12
477381,0
477382,0
477383,0
477384,14
477385,0
477386,0
477387,7
477388,0
477389,0
477390,19
477391,15
477392,0
477393,0
477394,17
477395,11
477396,0
477397,0
477398,15
477399,22
477400,0
477401,0
477402,0
477403,0
477404,0
477405,0
477406,17
477407,16
477408,0
477409,0
477410,0
477411,21
477412,0
477413,0
477414,16
477415,13
477416,0
477417,0
477418,0
477419,0
477420,0
477421,14
477422,0
477423,0
477424,0
477425,0
477426,0
477427,0
477428,0
477429,0
477430,0
477431,0
477432,0
477433,18
477434,0
477435,0
477436,0
477437,0
477438,0
477439,0
477440,0
477441,0
477442,0
477443,0
477444,0
477445,17
477446,28
477447,0
477448,0
477449,0
477450,0
477451,0
477452,0
477453,0
477454,0
477455,0
477456,0
477457,0
477458,0
477459,0
477460,0
477461,0
477462,0
477463,0
477464,0
477465,0
477466,0
477467,0
477468,0
477469,0
477470,0
477471,0
477472,0
477473,0
477474,0
477475,11
477476,0
477477,0
477478,0
477479,0
477480,0
477481,0
477482,0
477483,0
477484,0
477485,0
477486,0
477487,0
477488,0
477489,0
477490,0
477491,0
477492,0
477493,0
477494,0
477495,0
477496,0
477497,0
477498,0
477499,0
477500,15
477501,0
477502,0
477503,0
477504,12
477505,0
477506,0
477507,0
477508,0
477509,20
477510,0
477511,0
477512,0
477513,0
477514,0
477515,10
477516,0
477517,0
477518,0
477519,0
477520,0
477521,0
477522,0
477523,0
477524,0
477525,0
477526,7
477527,0
477528,0
477529,0
477530,0
477531,0
477532,0
477533,0
477534,12
477535,0
477536,0
477537,0
477538,0
477539,0
477540,0
477541,0
477542,6
477543,0
477544,0
477545,0
477546,0
477547,0
477548,0
477549,0
477550,0
477551,0
477552,0
477553,0
477554,0
477555,0
477556,0
477557,0
477558,0
477559,0
477560,0
477561,0
477562,0
477563,0
477564,0
477565,16
477566,0
477567,8
477568,0
477569,0
477570,0
477571,0
477572,0
477573,0
477574,0
477575,0
477576,0
477577,0
477578,0
477579,0
477580,0
477581,0
477582,0
477583,0
477584,0
477585,0
477586,0
477587,0
477588,7
477589,0
477590,0
477591,0
477592,0
477593,0
477594,0
477595,0
477596,0
477597,10
477598,0
477599,0
477600,13
477601,0
477602,0
477603,0
477604,0
477605,0
477606,19
477607,0
477608,0
477609,0
477610,0
477611,0
477612,0
477613,0
477614,0
477615,0
477616,0
477617,9
477618,0
477619,0
477620,0
477621,0
477622,0
477623,0
477624,0
477625,0
477626,0
477627,0
477628,0
477629,0
477630,0
477631,0
477632,0
477633,0
477634,0
477635,14
477636,0
477637,0
477638,10
477639,0
477640,0
477641,0
477642,0
477643,0
477644,0
477645,0
477646,0
477647,0
477648,0
477649,0
477650,0
477651,0
477652,0
477653,0
477654,0
477655,16
477656,0
477657,0
477658,0
477659,0
477660,0
477661,0
477662,0
477663,0
477664,0
477665,0
477666,0
477667,0
477668,0
477669,0
477670,0
477671,0
477672,0
477673,0
477674,0
477675,0
477676,0
477677,0
477678,0
477679,0
477680,0
477681,0
477682,0
477683,0
477684,0
477685,0
477686,0
477687,0
477688,0
477689,11
477690,0
477691,0
477692,0
477693,0
477694,0
477695,0
477696,0
477697,0
477698,0
477699,0
477700,7
477701,0
477702,0
477703,0
477704,0
477705,0
477706,0
477707,0
477708,0
477709,0
477710,6
477711,0
477712,0
477713,0
477714,0
477715,0
477716,0
477717,0
477718,0
477719,0
477720,0
477721,0
477722,0
477723,0
477724,0
477725,0
477726,0
477727,0
477728,0
477729,0
477730,0
477731,0
477732,0
477733,0
477734,0
477735,0
477736,0
477737,0
477738,0
477739,0
477740,0
477741,0
477742,0
477743,9
477744,0
477745,0
477746,0
477747,0
477748,0
477749,0
477750,0
477751,0
477752,0
477753,8
477754,0
477755,0
477756,0
477757,0
477758,0
477759,0
477760,0
477761,0
477762,0
477763,0
477764,0
477765,0
477766,0
477767,5
477768,0
477769,0
477770,0
477771,0
477772,0
477773,0
477774,0
477775,0
477776,0
477777,0
477778,0
477779,0
477780,0
477781,0
477782,0
477783,0
477784,0
477785,16
477786,0
477787,0
477788,0
477789,0
477790,0
477791,0
477792,0
477793,0
477794,0
477795,0
477796,0
477797,0
477798,0
477799,0
477800,0
477801,0
477802,0
477803,0
477804,0
477805,0
477806,0
477807,0
477808,0
477809,17
477810,13
477811,0
477812,0
477813,0
477814,0
477815,0
477816,0
477817,0
477818,0
477819,0
477820,0
477821,0
477822,0
477823,0
477824,0
477825,0
477826,0
477827,0
477828,0
477829,0
477830,0
477831,0
477832,0
477833,0
477834,0
477835,17
477836,0
477837,0
477838,4
477839,0
477840,0
477841,0
477842,0
477843,0
477844,0
477845,0
477846,0
477847,5
477848,0
477849,0
477850,0
477851,0
477852,10
477853,0
477854,0
477855,0
477856,0
477857,10
477858,0
477859,0
477860,0
477861,12
477862,0
477863,0
477864,0
477865,0
477866,0
477867,0
477868,0
477869,0
477870,0
477871,0
477872,0
477873,0
477874,0
477875,0
477876,0
477877,0
477878,10
477879,0
477880,0
477881,7
477882,0
477883,0
477884,0
477885,0
477886,0
477887,0
477888,0
477889,0
477890,0
477891,0
477892,6
477893,0
477894,7
477895,0
477896,0
477897,0
477898,0
477899,0
477900,0
477901,0
477902,0
477903,0
477904,0
477905,0
477906,0
477907,0
477908,0
477909,0
477910,0
477911,0
477912,0
477913,0
477914,0
477915,0
477916,0
477917,0
477918,0
477919,0
477920,0
477921,0
477922,0
477923,0
477924,0
477925,0
477926,0
477927,0
477928,0
477929,0
477930,0
477931,0
477932,0
477933,0
477934,0
477935,0
477936,0
477937,0
477938,0
477939,0
477940,0
477941,0
477942,0
477943,0
477944,0
477945,0
477946,0
477947,0
477948,0
477949,0
477950,0
477951,0
477952,0
477953,0
477954,0
477955,0
477956,16
477957,0
477958,0
477959,0
477960,17
477961,0
477962,0
477963,12
477964,0
477965,0
477966,0
477967,0
477968,0
477969,0
477970,0
477971,7
477972,0
477973,13
477974,0
477975,0
477976,11
477977,0
477978,0
477979,0
477980,0
477981,0
477982,0
477983,0
477984,0
477985,0
477986,0
477987,0
477988,0
477989,0
477990,0
477991,0
477992,0
477993,0
477994,0
477995,17
477996,0
477997,0
477998,0
477999,0
478000,0
478001,0
478002,0
478003,0
478004,0
478005,0
478006,0
478007,0
478008,0
478009,0
478010,12
478011,0
478012,0
478013,0
478014,0
478015,0
478016,0
478017,0
478018,0
478019,0
478020,0
478021,0
478022,0
478023,0
478024,0
478025,0
478026,0
478027,0
478028,0
478029,0
478030,0
478031,0
478032,10
478033,0
478034,0
478035,0
478036,0
478037,0
478038,0
478039,0
478040,0
478041,0
478042,0
478043,0
478044,0
478045,0
478046,11
478047,0
478048,0
478049,0
478050,0
478051,0
478052,0
478053,0
478054,0
478055,0
478056,0
478057,0
478058,0
478059,0
478060,0
478061,0
478062,0
478063,0
478064,0
478065,0
478066,0
478067,0
478068,0
478069,0
478070,0
478071,0
478072,0
478073,0
478074,0
478075,0
478076,0
478077,0
478078,0
478079,0
478080,0
478081,0
478082,0
478083,0
478084,0
478085,0
478086,0
478087,0
478088,0
478089,10
478090,0
478091,0
478092,0
478093,0
478094,0
478095,0
478096,0
478097,0
478098,0
478099,0
478100,0
478101,0
478102,15
478103,0
478104,0
478105,0
478106,0
478107,0
478108,0
478109,6
478110,9
478111,0
478112,0
478113,0
478114,0
478115,0
478116,0
478117,0
478118,0
478119,0
478120,0
478121,0
478122,0
478123,0
478124,0
478125,8
478126,0
478127,0
478128,0
478129,0
478130,0
478131,0
478132,0
478133,0
478134,0
478135,0
478136,0
478137,0
478138,0
478139,0
478140,0
478141,0
478142,0
478143,0
478144,0
478145,0
478146,0
478147,0
478148,0
478149,0
478150,8
478151,0
478152,0
478153,0
478154,0
478155,0
478156,0
478157,7
478158,0
478159,0
478160,0
478161,0
478162,0
478163,0
478164,0
478165,0
478166,0
478167,9
478168,0
478169,16
478170,0
478171,0
478172,0
478173,0
478174,0
478175,0
478176,0
478177,0
478178,0
478179,8
478180,0
478181,0
478182,0
478183,0
478184,0
478185,0
478186,0
478187,7
478188,0
478189,0
478190,4
478191,0
478192,0
478193,0
478194,0
478195,0
478196,0
478197,0
478198,0
478199,0
478200,0
478201,0
478202,19
478203,0
478204,0
478205,0
478206,0
478207,0
478208,0
478209,0
478210,0
478211,0
478212,0
478213,0
478214,0
478215,0
478216,0
478217,0
478218,0
478219,0
478220,0
478221,0
478222,0
478223,0
478224,11
478225,0
478226,0
478227,0
478228,0
478229,0
478230,0
478231,0
478232,0
478233,0
478234,0
478235,0
478236,0
478237,0
478238,0
478239,0
478240,0
478241,0
478242,0
478243,0
478244,0
478245,0
478246,0
478247,0
478248,0
478249,0
478250,0
478251,0
478252,25
478253,0
478254,0
478255,0
478256,0
478257,0
478258,0
478259,0
478260,25
478261,0
478262,32
478263,0
478264,0
478265,0
478266,0
478267,0
478268,0
478269,0
478270,33
478271,0
478272,0
478273,0
478274,0
478275,0
478276,0
478277,22
478278,0
478279,0
478280,26
478281,26
478282,0
478283,0
478284,0
478285,0
478286,0
478287,0
478288,0
478289,0
478290,0
478291,0
478292,0
478293,0
478294,0
478295,0
478296,0
478297,0
478298,0
478299,0
478300,0
478301,0
478302,0
478303,0
478304,0
478305,0
478306,0
478307,0
478308,30
478309,0
478310,0
478311,0
478312,0
478313,0
478314,0
478315,0
478316,0
478317,0
478318,0
478319,0
478320,0
478321,0
478322,0
478323,0
478324,22
478325,0
478326,37
478327,0
478328,0
478329,0
478330,0
478331,0
478332,0
478333,0
478334,0
478335,0
478336,0
478337,0
478338,0
478339,0
478340,0
478341,28
478342,0
478343,0
478344,0
478345,0
478346,0
478347,0
478348,31
478349,0
478350,0
478351,0
478352,0
478353,0
478354,0
478355,0
478356,29
478357,0
478358,0
478359,0
478360,0
478361,0
478362,0
478363,0
478364,0
478365,0
478366,34
478367,0
478368,0
478369,33
478370,23
478371,29
478372,44
478373,0
478374,0
478375,0
478376,0
478377,0
478378,0
478379,0
478380,0
478381,0
478382,0
478383,0
478384,24
478385,0
478386,0
478387,0
478388,30
478389,0
478390,0
478391,0
478392,0
478393,15
478394,0
478395,0
478396,0
478397,0
478398,0
478399,0
478400,33
478401,0
478402,0
478403,0
478404,0
478405,0
478406,0
478407,0
478408,0
478409,0
478410,36
478411,0
478412,21
478413,0
478414,0
478415,0
478416,0
478417,0
478418,0
478419,0
478420,21
478421,0
478422,39
478423,0
478424,0
478425,0
478426,28
478427,25
478428,0
478429,0
478430,0
478431,0
478432,0
478433,0
478434,0
478435,0
478436,0
478437,21
478438,0
478439,0
478440,0
478441,0
478442,0
478443,31
478444,0
478445,21
478446,0
478447,30
478448,0
478449,0
478450,43
478451,0
478452,0
478453,0
478454,0
478455,0
478456,0
478457,0
478458,0
478459,0
478460,0
478461,42
478462,0
478463,0
478464,0
478465,0
478466,0
478467,0
478468,0
478469,0
478470,0
478471,30
478472,28
478473,0
478474,0
478475,0
478476,0
478477,0
478478,0
478479,0
478480,0
478481,0
478482,0
478483,0
478484,0
478485,33
478486,0
478487,0
478488,0
478489,0
478490,0
478491,0
478492,0
478493,0
478494,0
478495,0
478496,0
478497,41
478498,0
478499,0
478500,0
478501,0
478502,0
478503,0
478504,0
478505,0
478506,0
478507,0
478508,0
478509,0
478510,0
478511,0
478512,0
478513,37
478514,43
478515,0
478516,0
478517,24
478518,0
478519,0
478520,22
478521,27
478522,0
478523,24
478524,0
478525,51
478526,0
478527,0
478528,0
478529,0
478530,46
478531,35
478532,0
478533,0
478534,0
478535,0
478536,0
478537,0
478538,0
478539,0
478540,0
478541,0
478542,47
478543,0
478544,28
478545,0
478546,30
478547,48
478548,0
478549,0
478550,0
478551,0
478552,0
478553,0
478554,0
478555,0
478556,0
478557,0
478558,37
478559,0
478560,0
478561,27
478562,40
478563,0
478564,0
478565,45
478566,0
478567,0
478568,0
478569,0
478570,0
478571,0
478572,0
478573,0
478574,0
478575,31
478576,0
478577,54
478578,35
478579,0
478580,39
478581,0
478582,0
478583,0
478584,0
478585,0
478586,0
478587,52
478588,35
478589,25
478590,0
478591,0
478592,0
478593,25
478594,0
478595,0
478596,0
478597,0
478598,0
478599,0
478600,0
478601,36
478602,31
478603,0
478604,0
478605,0
478606,0
478607,0
478608,0
478609,0
478610,0
478611,0
478612,0
478613,0
478614,0
478615,0
478616,0
478617,0
478618,9
478619,0
478620,0
478621,0
478622,0
478623,0
478624,0
478625,0
478626,0
478627,0
478628,0
478629,0
478630,0
478631,0
478632,0
478633,0
478634,0
478635,0
478636,0
478637,0
478638,0
478639,0
478640,0
478641,0
478642,0
478643,0
478644,0
478645,0
478646,10
478647,0
478648,0
478649,0
478650,0
478651,0
478652,0
478653,0
478654,0
478655,0
478656,9
478657,0
478658,0
478659,0
478660,0
478661,0
478662,0
478663,0
478664,0
478665,0
478666,0
478667,13
478668,0
478669,0
478670,0
478671,0
478672,0
478673,0
478674,0
478675,0
478676,0
478677,0
478678,9
478679,0
478680,0
478681,0
478682,11
478683,0
478684,0
478685,0
478686,0
478687,0
478688,0
478689,0
478690,0
478691,0
478692,0
478693,0
478694,0
478695,0
478696,0
478697,8
478698,0
478699,0
478700,0
478701,0
478702,0
478703,0
478704,0
478705,0
478706,0
478707,0
478708,0
478709,0
478710,0
478711,0
478712,0
478713,0
478714,8
478715,5
478716,0
478717,0
478718,0
478719,0
478720,0
478721,0
478722,0
478723,16
478724,0
478725,0
478726,0
478727,0
478728,0
478729,0
478730,0
478731,0
478732,0
478733,0
478734,0
478735,0
478736,0
478737,0
478738,9
478739,0
478740,0
478741,0
478742,0
478743,0
478744,6
478745,0
478746,0
478747,0
478748,0
478749,0
478750,0
478751,0
478752,0
478753,0
478754,0
478755,7
478756,0
478757,0
478758,0
478759,0
478760,13
478761,0
478762,0
478763,0
478764,9
478765,1
478766,0
478767,0
478768,0
478769,0
478770,0
478771,0
478772,0
478773,0
478774,0
478775,0
478776,0
478777,0
478778,0
478779,0
478780,0
478781,0
478782,0
478783,0
478784,0
478785,0
478786,0
478787,0
478788,0
478789,2
478790,0
478791,0
478792,0
478793,0
478794,0
478795,0
478796,0
478797,0
478798,0
478799,0
478800,0
478801,0
478802,0
478803,1
478804,0
478805,0
478806,0
478807,0
478808,0
478809,0
478810,0
478811,1
478812,0
478813,0
478814,0
478815,0
478816,0
478817,0
478818,0
478819,0
478820,0
478821,0
478822,0
478823,0
478824,0
478825,0
478826,0
478827,0
478828,0
478829,0
478830,0
478831,0
478832,0
478833,0
478834,0
478835,0
478836,0
478837,3
478838,0
478839,0
478840,0
478841,0
478842,0
478843,0
478844,0
478845,0
478846,0
478847,0
478848,0
478849,0
478850,0
478851,0
478852,0
478853,0
478854,0
478855,0
478856,0
478857,0
478858,0
478859,1
478860,0
478861,0
478862,0
478863,0
478864,0
478865,0
478866,0
478867,0
478868,0
478869,0
478870,0
478871,0
478872,0
478873,0
478874,0
478875,0
478876,0
478877,0
478878,0
478879,0
478880,0
478881,0
478882,0
478883,0
478884,0
478885,0
478886,0
478887,0
478888,0
478889,0
478890,0
478891,0
478892,0
478893,1
478894,0
478895,1
478896,0
478897,0
478898,0
478899,0
478900,0
478901,0
478902,0
478903,0
478904,0
478905,0
478906,0
478907,0
478908,0
478909,0
478910,0
478911,0
478912,1
478913,0
478914,1
478915,0
478916,0
478917,0
478918,0
478919,0
478920,2
478921,0
478922,0
478923,0
478924,0
478925,0
478926,0
478927,0
478928,0
478929,0
478930,0
478931,0
478932,0
478933,0
478934,0
478935,0
478936,0
478937,0
478938,0
478939,20
478940,0
478941,0
478942,27
478943,30
478944,19
478945,0
478946,0
478947,23
478948,0
478949,0
478950,0
478951,52
478952,0
478953,0
478954,0
478955,21
478956,0
478957,0
478958,0
478959,16
478960,0
478961,0
478962,0
478963,0
478964,10
478965,0
478966,0
478967,10
478968,16
478969,0
478970,0
478971,0
478972,12
478973,15
478974,0
478975,21
478976,0
478977,0
478978,0
478979,8
478980,0
478981,0
478982,0
478983,0
478984,0
478985,0
478986,0
478987,0
478988,32
478989,0
478990,0
478991,0
478992,15
478993,0
478994,0
478995,0
478996,11
478997,0
478998,0
478999,0
479000,0
479001,0
479002,0
479003,0
479004,14
479005,0
479006,0
479007,14
479008,0
479009,0
479010,0
479011,0
479012,17
479013,0
479014,0
479015,13
479016,0
479017,0
479018,10
479019,0
479020,0
479021,0
479022,0
479023,10
479024,0
479025,0
479026,0
479027,0
479028,0
479029,18
479030,0
479031,0
479032,0
479033,0
479034,0
479035,0
479036,0
479037,24
479038,0
479039,0
479040,23
479041,0
479042,0
479043,0
479044,0
479045,0
479046,0
479047,0
479048,0
479049,0
479050,0
479051,12
479052,0
479053,0
479054,0
479055,0
479056,0
479057,0
479058,0
479059,13
479060,0
479061,0
479062,0
479063,0
479064,0
479065,0
479066,0
479067,0
479068,14
479069,0
479070,0
479071,0
479072,0
479073,9
479074,0
479075,0
479076,0
479077,0
479078,0
479079,0
479080,0
479081,0
479082,0
479083,0
479084,0
479085,0
479086,0
479087,0
479088,0
479089,0
479090,0
479091,0
479092,0
479093,0
479094,15
479095,0
479096,0
479097,10
479098,0
479099,0
479100,12
479101,0
479102,0
479103,0
479104,0
479105,11
479106,0
479107,0
479108,0
479109,0
479110,0
479111,0
479112,14
479113,13
479114,0
479115,0
479116,16
479117,0
479118,0
479119,0
479120,0
479121,0
479122,0
479123,0
479124,0
479125,0
479126,13
479127,0
479128,0
479129,12
479130,17
479131,0
479132,14
479133,0
479134,0
479135,0
479136,0
479137,0
479138,0
479139,0
479140,0
479141,0
479142,0
479143,0
479144,0
479145,0
479146,0
479147,0
479148,0
479149,0
479150,0
479151,0
479152,0
479153,0
479154,0
479155,9
479156,0
479157,0
479158,19
479159,0
479160,0
479161,0
479162,0
479163,0
479164,0
479165,0
479166,0
479167,0
479168,0
479169,0
479170,0
479171,0
479172,0
479173,0
479174,0
479175,13
479176,14
479177,0
479178,0
479179,0
479180,0
479181,0
479182,14
479183,0
479184,0
479185,0
479186,0
479187,0
479188,0
479189,0
479190,0
479191,0
479192,0
479193,0
479194,19
479195,0
479196,0
479197,0
479198,0
479199,0
479200,0
479201,0
479202,0
479203,0
479204,7
479205,0
479206,0
479207,0
479208,0
479209,0
479210,14
479211,0
479212,7
479213,12
479214,0
479215,0
479216,0
479217,0
479218,0
479219,13
479220,0
479221,17
479222,0
479223,0
479224,0
479225,0
479226,0
479227,0
479228,0
479229,0
479230,0
479231,0
479232,0
479233,0
479234,0
479235,0
479236,9
479237,0
479238,0
479239,0
479240,0
479241,10
479242,0
479243,0
479244,0
479245,0
479246,0
479247,0
479248,0
479249,0
479250,0
479251,16
479252,0
479253,10
479254,0
479255,0
479256,0
479257,0
479258,0
479259,0
479260,0
479261,0
479262,0
479263,0
479264,0
479265,0
479266,0
479267,20
479268,0
479269,10
479270,12
479271,0
479272,5
479273,0
479274,16
479275,0
479276,0
479277,0
479278,0
479279,11
479280,0
479281,0
479282,0
479283,0
479284,0
479285,0
479286,0
479287,0
479288,0
479289,0
479290,0
479291,0
479292,0
479293,0
479294,0
479295,0
479296,0
479297,0
479298,0
479299,0
479300,0
479301,0
479302,0
479303,0
479304,0
479305,0
479306,0
479307,10
479308,18
479309,0
479310,0
479311,19
479312,15
479313,0
479314,13
479315,0
479316,0
479317,0
479318,0
479319,0
479320,0
479321,0
479322,0
479323,0
479324,0
479325,0
479326,0
479327,0
479328,0
479329,0
479330,0
479331,12
479332,24
479333,0
479334,13
479335,0
479336,0
479337,0
479338,0
479339,0
479340,0
479341,0
479342,15
479343,8
479344,0
479345,0
479346,0
479347,0
479348,6
479349,0
479350,0
479351,13
479352,20
479353,0
479354,0
479355,9
479356,0
479357,0
479358,0
479359,0
479360,10
479361,0
479362,0
479363,0
479364,19
479365,0
479366,0
479367,0
479368,0
479369,0
479370,0
479371,0
479372,22
479373,0
479374,0
479375,0
479376,0
479377,0
479378,0
479379,0
479380,0
479381,0
479382,0
479383,0
479384,0
479385,0
479386,0
479387,0
479388,0
479389,0
479390,0
479391,0
479392,0
479393,0
479394,0
479395,0
479396,10
479397,0
479398,0
479399,0
479400,0
479401,0
479402,15
479403,0
479404,0
479405,0
479406,0
479407,0
479408,0
479409,0
479410,0
479411,0
479412,0
479413,0
479414,0
479415,0
479416,0
479417,0
479418,0
479419,0
479420,8
479421,0
479422,0
479423,0
479424,0
479425,0
479426,0
479427,0
479428,0
479429,0
479430,0
479431,0
479432,0
479433,0
479434,0
479435,0
479436,0
479437,18
479438,0
479439,12
479440,0
479441,0
479442,0
479443,0
479444,0
479445,0
479446,0
479447,0
479448,0
479449,0
479450,15
479451,0
479452,20
479453,0
479454,0
479455,0
479456,0
479457,0
479458,0
479459,14
479460,10
479461,0
479462,0
479463,0
479464,0
479465,0
479466,0
479467,0
479468,0
479469,0
479470,15
479471,0
479472,0
479473,14
479474,0
479475,0
479476,0
479477,0
479478,0
479479,0
479480,15
479481,0
479482,0
479483,0
479484,0
479485,0
479486,19
479487,0
479488,0
479489,11
479490,0
479491,0
479492,15
479493,19
479494,0
479495,0
479496,0
479497,17
479498,0
479499,0
479500,0
479501,0
479502,0
479503,0
479504,0
479505,0
479506,0
479507,0
479508,0
479509,0
479510,11
479511,12
479512,15
479513,0
479514,8
479515,0
479516,0
479517,0
479518,0
479519,0
479520,0
479521,0
479522,0
479523,0
479524,0
479525,0
479526,0
479527,0
479528,0
479529,0
479530,10
479531,0
479532,0
479533,0
479534,0
479535,0
479536,0
479537,0
479538,0
479539,14
479540,0
479541,0
479542,0
479543,0
479544,0
479545,0
479546,0
479547,0
479548,0
479549,0
479550,0
479551,0
479552,8
479553,0
479554,0
479555,0
479556,0
479557,0
479558,0
479559,0
479560,17
479561,0
479562,15
479563,16
479564,0
479565,0
479566,0
479567,11
479568,0
479569,0
479570,0
479571,0
479572,0
479573,0
479574,0
479575,0
479576,0
479577,19
479578,0
479579,0
479580,12
479581,17
479582,0
479583,0
479584,0
479585,0
479586,0
479587,0
479588,0
479589,8
479590,0
479591,0
479592,13
479593,0
479594,0
479595,0
479596,0
479597,0
479598,0
479599,0
479600,0
479601,0
479602,0
479603,11
479604,0
479605,0
479606,0
479607,0
479608,0
479609,0
479610,0
479611,0
479612,15
479613,10
479614,0
479615,0
479616,0
479617,0
479618,0
479619,14
479620,0
479621,12
479622,0
479623,0
479624,0
479625,0
479626,0
479627,0
479628,0
479629,0
479630,0
479631,0
479632,0
479633,4
479634,0
479635,0
479636,0
479637,10
479638,0
479639,0
479640,0
479641,0
479642,0
479643,0
479644,0
479645,9
479646,0
479647,0
479648,0
479649,0
479650,0
479651,0
479652,14
479653,0
479654,0
479655,0
479656,0
479657,0
479658,0
479659,0
479660,0
479661,0
479662,0
479663,0
479664,11
479665,0
479666,0
479667,18
479668,12
479669,0
479670,0
479671,0
479672,0
479673,0
479674,18
479675,0
479676,0
479677,0
479678,0
479679,0
479680,0
479681,0
479682,0
479683,0
479684,0
479685,0
479686,0
479687,0
479688,0
479689,0
479690,0
479691,0
479692,0
479693,0
479694,0
479695,0
479696,0
479697,0
479698,0
479699,0
479700,0
479701,0
479702,14
479703,0
479704,15
479705,0
479706,0
479707,0
479708,15
479709,0
479710,11
479711,0
479712,0
479713,0
479714,0
479715,0
479716,0
479717,0
479718,19
479719,0
479720,0
479721,0
479722,0
479723,0
479724,0
479725,0
479726,0
479727,14
479728,0
479729,0
479730,0
479731,0
479732,0
479733,0
479734,14
479735,0
479736,12
479737,0
479738,0
479739,0
479740,0
479741,0
479742,0
479743,0
479744,0
479745,0
479746,0
479747,0
479748,0
479749,0
479750,0
479751,0
479752,0
479753,0
479754,31
479755,0
479756,0
479757,0
479758,0
479759,0
479760,0
479761,0
479762,0
479763,0
479764,0
479765,0
479766,0
479767,0
479768,0
479769,0
479770,0
479771,0
479772,42
479773,0
479774,0
479775,0
479776,0
479777,25
479778,0
479779,0
479780,0
479781,0
479782,0
479783,26
479784,0
479785,35
479786,0
479787,0
479788,0
479789,0
479790,0
479791,0
479792,0
479793,0
479794,0
479795,0
479796,0
479797,0
479798,0
479799,0
479800,0
479801,0
479802,0
479803,0
479804,41
479805,0
479806,0
479807,0
479808,0
479809,0
479810,0
479811,0
479812,0
479813,0
479814,0
479815,0
479816,0
479817,28
479818,0
479819,0
479820,0
479821,0
479822,0
479823,0
479824,0
479825,0
479826,0
479827,28
479828,0
479829,0
479830,20
479831,0
479832,0
479833,0
479834,0
479835,0
479836,0
479837,0
479838,0
479839,0
479840,0
479841,0
479842,0
479843,0
479844,0
479845,0
479846,0
479847,0
479848,0
479849,0
479850,0
479851,0
479852,43
479853,0
479854,36
479855,0
479856,0
479857,0
479858,0
479859,0
479860,0
479861,0
479862,0
479863,20
479864,0
479865,38
479866,0
479867,0
479868,0
479869,0
479870,0
479871,0
479872,0
479873,0
479874,0
479875,0
479876,0
479877,0
479878,0
479879,36
479880,0
479881,26
479882,0
479883,0
479884,0
479885,0
479886,0
479887,28
479888,0
479889,0
479890,0
479891,0
479892,23
479893,0
479894,0
479895,0
479896,0
479897,0
479898,0
479899,0
479900,41
479901,0
479902,0
479903,0
479904,0
479905,0
479906,0
479907,0
479908,0
479909,0
479910,0
479911,14
479912,27
479913,0
479914,0
479915,0
479916,0
479917,0
479918,0
479919,0
479920,0
479921,0
479922,0
479923,0
479924,0
479925,0
479926,0
479927,0
479928,0
479929,0
479930,0
479931,0
479932,26
479933,0
479934,0
479935,0
479936,0
479937,0
479938,32
479939,0
479940,0
479941,0
479942,0
479943,29
479944,0
479945,0
479946,0
479947,0
479948,0
479949,0
479950,0
479951,0
479952,0
479953,0
479954,0
479955,0
479956,0
479957,0
479958,0
479959,0
479960,0
479961,0
479962,0
479963,0
479964,0
479965,23
479966,0
479967,0
479968,29
479969,0
479970,0
479971,0
479972,0
479973,35
479974,0
479975,28
479976,0
479977,0
479978,0
479979,0
479980,0
479981,38
479982,0
479983,0
479984,0
479985,0
479986,0
479987,0
479988,0
479989,35
479990,0
479991,0
479992,0
479993,0
479994,27
479995,0
479996,21
479997,0
479998,0
479999,0
480000,28
480001,0
480002,0
480003,0
480004,0
480005,0
480006,34
480007,0
480008,0
480009,30
480010,0
480011,0
480012,37
480013,0
480014,27
480015,0
480016,0
480017,0
480018,0
480019,33
480020,0
480021,0
480022,30
480023,0
480024,0
480025,0
480026,0
480027,0
480028,0
480029,0
480030,0
480031,0
480032,0
480033,0
480034,0
480035,0
480036,0
480037,0
480038,0
480039,0
480040,22
480041,24
480042,0
480043,0
480044,0
480045,0
480046,0
480047,0
480048,0
480049,0
480050,0
480051,0
480052,0
480053,0
480054,0
480055,0
480056,0
480057,0
480058,0
480059,0
480060,0
480061,0
480062,26
480063,0
480064,0
480065,0
480066,0
480067,28
480068,0
480069,0
480070,0
480071,0
480072,0
480073,0
480074,0
480075,0
480076,0
480077,0
480078,0
480079,0
480080,0
480081,0
480082,0
480083,0
480084,0
480085,0
480086,0
480087,0
480088,34
480089,0
480090,0
480091,0
480092,32
480093,0
480094,0
480095,0
480096,0
480097,0
480098,0
480099,0
480100,0
480101,27
480102,0
480103,0
480104,0
480105,0
480106,0
480107,0
480108,0
480109,0
480110,0
480111,0
480112,33
480113,32
480114,0
480115,0
480116,0
480117,0
480118,0
480119,0
480120,36
480121,0
480122,0
480123,0
480124,0
480125,0
480126,0
480127,0
480128,0
480129,0
480130,0
480131,0
480132,0
480133,0
480134,0
480135,0
480136,0
480137,0
480138,0
480139,0
480140,0
480141,0
480142,0
480143,0
480144,31
480145,0
480146,0
480147,31
480148,0
480149,45
480150,0
480151,0
480152,0
480153,0
480154,0
480155,0
480156,25
480157,0
480158,0
480159,0
480160,0
480161,0
480162,0
480163,0
480164,0
480165,0
480166,0
480167,0
480168,0
480169,0
480170,30
480171,0
480172,0
480173,23
480174,0
480175,0
480176,0
480177,0
480178,0
480179,39
480180,0
480181,0
480182,0
480183,0
480184,0
480185,0
480186,0
480187,0
480188,0
480189,0
480190,0
480191,0
480192,0
480193,0
480194,33
480195,0
480196,0
480197,0
480198,0
480199,37
480200,37
480201,0
480202,0
480203,0
480204,0
480205,0
480206,0
480207,0
480208,0
480209,0
480210,0
480211,0
480212,0
480213,0
480214,0
480215,0
480216,0
480217,0
480218,0
480219,39
480220,0
480221,0
480222,0
480223,0
480224,29
480225,0
480226,0
480227,0
480228,0
480229,0
480230,0
480231,0
480232,0
480233,0
480234,0
480235,0
480236,0
480237,28
480238,0
480239,22
480240,29
480241,57
480242,36
480243,33
480244,0
480245,0
480246,0
480247,0
480248,0
480249,0
480250,0
480251,0
480252,0
480253,39
480254,24
480255,0
480256,0
480257,0
480258,0
480259,31
480260,0
480261,0
480262,0
480263,0
480264,0
480265,0
480266,0
480267,27
480268,0
480269,0
480270,0
480271,0
480272,40
480273,38
480274,0
480275,0
480276,0
480277,42
480278,0
480279,0
480280,0
480281,0
480282,0
480283,0
480284,0
480285,0
480286,0
480287,0
480288,0
480289,0
480290,41
480291,0
480292,28
480293,0
480294,25
480295,0
480296,0
480297,0
480298,0
480299,31
480300,0
480301,0
480302,0
480303,0
480304,0
480305,0
480306,38
480307,24
480308,0
480309,44
480310,0
480311,0
480312,0
480313,0
480314,0
480315,36
480316,0
480317,0
480318,0
480319,0
480320,0
480321,32
480322,35
480323,0
480324,37
480325,18
480326,0
480327,0
480328,0
480329,0
480330,0
480331,0
480332,29
480333,0
480334,0
480335,0
480336,0
480337,0
480338,0
480339,29
480340,0
480341,0
480342,38
480343,31
480344,0
480345,0
480346,20
480347,0
480348,0
480349,27
480350,47
480351,0
480352,0
480353,0
480354,0
480355,0
480356,0
480357,31
480358,0
480359,0
480360,0
480361,0
480362,0
480363,35
480364,0
480365,0
480366,26
480367,0
480368,0
480369,23
480370,0
480371,0
480372,0
480373,0
480374,0
480375,21
480376,0
480377,0
480378,0
480379,29
480380,0
480381,0
480382,0
480383,0
480384,0
480385,0
480386,0
480387,0
480388,0
480389,0
480390,36
480391,37
480392,0
480393,0
480394,0
480395,0
480396,0
480397,0
480398,0
480399,0
480400,0
480401,0
480402,0
480403,0
480404,0
480405,0
480406,0
480407,0
480408,0
480409,0
480410,0
480411,0
480412,0
480413,0
480414,0
480415,0
480416,0
480417,0
480418,0
480419,0
480420,0
480421,0
480422,0
480423,0
480424,0
480425,0
480426,0
480427,0
480428,0
480429,0
480430,0
480431,0
480432,0
480433,0
480434,0
480435,0
480436,52
480437,0
480438,0
480439,0
480440,0
480441,0
480442,0
480443,0
480444,0
480445,0
480446,0
480447,0
480448,0
480449,36
480450,0
480451,0
480452,0
480453,0
480454,0
480455,0
480456,0
480457,0
480458,0
480459,0
480460,0
480461,0
480462,0
480463,0
480464,0
480465,45
480466,36
480467,0
480468,0
480469,0
480470,0
480471,0
480472,0
480473,0
480474,0
480475,0
480476,0
480477,0
480478,0
480479,43
480480,0
480481,0
480482,0
480483,0
480484,0
480485,0
480486,0
480487,0
480488,0
480489,0
480490,0
480491,0
480492,44
480493,0
480494,0
480495,0
480496,0
480497,0
480498,0
480499,0
480500,0
480501,0
480502,0
480503,0
480504,0
480505,0
480506,0
480507,0
480508,0
480509,0
480510,0
480511,0
480512,0
480513,0
480514,0
480515,0
480516,0
480517,0
480518,0
480519,37
480520,34
480521,0
480522,0
480523,0
480524,0
480525,0
480526,0
480527,0
480528,0
480529,0
480530,39
480531,0
480532,0
480533,0
480534,0
480535,49
480536,0
480537,0
480538,0
480539,34
480540,0
480541,31
480542,0
480543,0
480544,0
480545,0
480546,0
480547,0
480548,0
480549,0
480550,0
480551,0
480552,0
480553,0
480554,0
480555,0
480556,0
480557,21
480558,34
480559,0
480560,0
480561,0
480562,0
480563,0
480564,0
480565,27
480566,0
480567,0
480568,0
480569,0
480570,0
480571,0
480572,0
480573,0
480574,0
480575,0
480576,0
480577,0
480578,0
480579,0
480580,0
480581,0
480582,0
480583,0
480584,0
480585,0
480586,0
480587,0
480588,0
480589,0
480590,39
480591,0
480592,0
480593,0
480594,0
480595,0
480596,0
480597,0
480598,0
480599,0
480600,33
480601,0
480602,41
480603,0
480604,31
480605,0
480606,0
480607,0
480608,39
480609,0
480610,0
480611,42
480612,0
480613,0
480614,0
480615,0
480616,0
480617,46
480618,0
480619,0
480620,0
480621,0
480622,22
480623,0
480624,0
480625,27
480626,0
480627,0
480628,0
480629,0
480630,0
480631,0
480632,0
480633,0
480634,0
480635,0
480636,0
480637,0
480638,0
480639,0
480640,0
480641,0
480642,0
480643,0
480644,0
480645,0
480646,0
480647,0
480648,0
480649,0
480650,0
480651,0
480652,0
480653,0
480654,0
480655,0
480656,0
480657,0
480658,0
480659,0
480660,0
480661,0
480662,0
480663,0
480664,0
480665,46
480666,0
480667,0
480668,0
480669,0
480670,33
480671,0
480672,0
480673,0
480674,0
480675,0
480676,0
480677,0
480678,0
480679,0
480680,0
480681,34
480682,0
480683,38
480684,0
480685,0
480686,0
480687,0
480688,0
480689,0
480690,0
480691,0
480692,0
480693,46
480694,0
480695,0
480696,0
480697,0
480698,0
480699,0
480700,0
480701,0
480702,0
480703,0
480704,0
480705,0
480706,0
480707,0
480708,0
480709,0
480710,0
480711,0
480712,0
480713,0
480714,0
480715,0
480716,0
480717,0
480718,0
480719,0
480720,0
480721,0
480722,0
480723,0
480724,0
480725,0
480726,36
480727,0
480728,0
480729,0
480730,0
480731,0
480732,0
480733,0
480734,0
480735,0
480736,0
480737,0
480738,0
480739,0
480740,0
480741,0
480742,25
480743,0
480744,0
480745,0
480746,49
480747,0
480748,0
480749,0
480750,0
480751,30
480752,0
480753,30
480754,0
480755,0
480756,50
480757,0
480758,0
480759,0
480760,0
480761,0
480762,0
480763,0
480764,0
480765,0
480766,0
480767,0
480768,0
480769,0
480770,0
480771,0
480772,0
480773,0
480774,0
480775,0
480776,0
480777,0
480778,0
480779,0
480780,0
480781,0
480782,0
480783,0
480784,0
480785,0
480786,0
480787,33
480788,0
480789,0
480790,0
480791,0
480792,0
480793,0
480794,0
480795,0
480796,0
480797,0
480798,0
480799,0
480800,0
480801,0
480802,26
480803,0
480804,0
480805,0
480806,0
480807,0
480808,0
480809,0
480810,0
480811,0
480812,46
480813,0
480814,0
480815,0
480816,38
480817,0
480818,0
480819,0
480820,0
480821,44
480822,24
480823,0
480824,0
480825,0
480826,0
480827,0
480828,22
480829,0
480830,0
480831,0
480832,0
480833,0
480834,0
480835,0
480836,32
480837,0
480838,0
480839,0
480840,0
480841,0
480842,0
480843,0
480844,0
480845,0
480846,0
480847,0
480848,0
480849,0
480850,0
480851,0
480852,0
480853,0
480854,0
480855,0
480856,38
480857,0
480858,0
480859,0
480860,0
480861,0
480862,0
480863,0
480864,43
480865,0
480866,0
480867,0
480868,0
480869,0
480870,0
480871,0
480872,0
480873,0
480874,0
480875,0
480876,0
480877,0
480878,0
480879,0
480880,0
480881,0
480882,0
480883,0
480884,0
480885,0
480886,0
480887,0
480888,52
480889,0
480890,0
480891,0
480892,0
480893,0
480894,0
480895,0
480896,0
480897,0
480898,0
480899,0
480900,38
480901,0
480902,38
480903,0
480904,0
480905,0
480906,0
480907,0
480908,0
480909,0
480910,0
480911,20
480912,0
480913,32
480914,0
480915,68
480916,48
480917,0
480918,64
480919,0
480920,0
480921,0
480922,28
480923,0
480924,0
480925,0
480926,0
480927,0
480928,36
480929,35
480930,0
480931,0
480932,40
480933,0
480934,0
480935,0
480936,0
480937,0
480938,0
480939,0
480940,0
480941,0
480942,0
480943,0
480944,16
480945,0
480946,0
480947,0
480948,0
480949,24
480950,0
480951,0
480952,34
480953,0
480954,0
480955,0
480956,0
480957,35
480958,0
480959,0
480960,0
480961,0
480962,0
480963,0
480964,32
480965,0
480966,0
480967,0
480968,0
480969,0
480970,0
480971,0
480972,0
480973,0
480974,0
480975,0
480976,0
480977,0
480978,0
480979,0
480980,0
480981,0
480982,32
480983,0
480984,0
480985,0
480986,0
480987,0
480988,0
480989,0
480990,0
480991,0
480992,0
480993,0
480994,25
480995,0
480996,49
480997,0
480998,0
480999,0
481000,0
481001,0
481002,0
481003,0
481004,0
481005,0
481006,0
481007,0
481008,0
481009,0
481010,0
481011,0
481012,0
481013,0
481014,0
481015,0
481016,0
481017,0
481018,0
481019,0
481020,0
481021,0
481022,0
481023,0
481024,0
481025,0
481026,0
481027,0
481028,32
481029,0
481030,0
481031,0
481032,0
481033,0
481034,0
481035,0
481036,0
481037,0
481038,0
481039,0
481040,0
481041,0
481042,0
481043,0
481044,31
481045,0
481046,20
481047,0
481048,28
481049,0
481050,0
481051,0
481052,0
481053,0
481054,0
481055,0
481056,0
481057,0
481058,0
481059,0
481060,0
481061,0
481062,0
481063,0
481064,0
481065,0
481066,0
481067,0
481068,41
481069,0
481070,35
481071,0
481072,0
481073,0
481074,0
481075,50
481076,0
481077,0
481078,0
481079,0
481080,56
481081,0
481082,33
481083,0
481084,0
481085,0
481086,0
481087,0
481088,0
481089,0
481090,0
481091,48
481092,0
481093,0
481094,0
481095,0
481096,18
481097,0
481098,0
481099,0
481100,0
481101,0
481102,0
481103,30
481104,0
481105,0
481106,0
481107,0
481108,0
481109,0
481110,0
481111,0
481112,0
481113,40
481114,29
481115,0
481116,0
481117,0
481118,0
481119,0
481120,0
481121,0
481122,0
481123,0
481124,0
481125,0
481126,0
481127,0
481128,0
481129,0
481130,0
481131,0
481132,0
481133,38
481134,36
481135,0
481136,0
481137,0
481138,0
481139,0
481140,0
481141,0
481142,0
481143,0
481144,0
481145,0
481146,0
481147,0
481148,0
481149,0
481150,0
481151,0
481152,0
481153,0
481154,0
481155,0
481156,31
481157,31
481158,30
481159,27
481160,0
481161,0
481162,0
481163,0
481164,0
481165,0
481166,39
481167,0
481168,0
481169,0
481170,0
481171,0
481172,14
481173,40
481174,0
481175,0
481176,0
481177,0
481178,0
481179,0
481180,0
481181,33
481182,0
481183,0
481184,0
481185,28
481186,0
481187,0
481188,0
481189,0
481190,0
481191,0
481192,0
481193,0
481194,0
481195,26
481196,0
481197,0
481198,0
481199,0
481200,0
481201,0
481202,48
481203,0
481204,0
481205,0
481206,21
481207,60
481208,0
481209,0
481210,28
481211,0
481212,0
481213,0
481214,0
481215,0
481216,0
481217,0
481218,0
481219,0
481220,0
481221,31
481222,22
481223,0
481224,0
481225,34
481226,0
481227,0
481228,0
481229,0
481230,0
481231,0
481232,0
481233,0
481234,0
481235,36
481236,0
481237,0
481238,0
481239,0
481240,32
481241,0
481242,0
481243,0
481244,0
481245,0
481246,0
481247,0
481248,28
481249,0
481250,45
481251,0
481252,29
481253,0
481254,0
481255,0
481256,0
481257,0
481258,0
481259,0
481260,33
481261,22
481262,0
481263,0
481264,0
481265,0
481266,0
481267,0
481268,0
481269,30
481270,0
481271,33
481272,0
481273,28
481274,0
481275,0
481276,0
481277,0
481278,0
481279,0
481280,0
481281,0
481282,0
481283,0
481284,0
481285,0
481286,0
481287,0
481288,0
481289,0
481290,0
481291,0
481292,0
481293,0
481294,0
481295,0
481296,0
481297,0
481298,0
481299,0
481300,0
481301,0
481302,0
481303,0
481304,0
481305,0
481306,33
481307,0
481308,0
481309,0
481310,40
481311,0
481312,0
481313,0
481314,0
481315,0
481316,0
481317,0
481318,0
481319,37
481320,0
481321,0
481322,0
481323,0
481324,0
481325,0
481326,0
481327,0
481328,0
481329,33
481330,0
481331,0
481332,0
481333,0
481334,0
481335,0
481336,0
481337,0
481338,0
481339,0
481340,0
481341,0
481342,0
481343,0
481344,0
481345,0
481346,0
481347,0
481348,0
481349,0
481350,0
481351,0
481352,28
481353,0
481354,0
481355,0
481356,32
481357,0
481358,0
481359,0
481360,33
481361,0
481362,0
481363,26
481364,0
481365,0
481366,0
481367,0
481368,0
481369,0
481370,0
481371,0
481372,0
481373,0
481374,0
481375,0
481376,0
481377,0
481378,0
481379,0
481380,0
481381,0
481382,0
481383,0
481384,0
481385,0
481386,0
481387,0
481388,0
481389,0
481390,32
481391,0
481392,0
481393,0
481394,0
481395,0
481396,0
481397,0
481398,0
481399,0
481400,0
481401,0
481402,36
481403,0
481404,0
481405,34
481406,0
481407,0
481408,0
481409,0
481410,0
481411,0
481412,0
481413,0
481414,0
481415,0
481416,0
481417,0
481418,0
481419,27
481420,0
481421,33
481422,0
481423,0
481424,0
481425,34
481426,0
481427,0
481428,0
481429,0
481430,0
481431,0
481432,0
481433,0
481434,28
481435,0
481436,0
481437,0
481438,0
481439,0
481440,0
481441,0
481442,0
481443,0
481444,0
481445,0
481446,0
481447,0
481448,0
481449,0
481450,0
481451,0
481452,0
481453,0
481454,0
481455,0
481456,0
481457,0
481458,22
481459,0
481460,40
481461,0
481462,0
481463,0
481464,0
481465,0
481466,0
481467,0
481468,0
481469,0
481470,0
481471,0
481472,0
481473,0
481474,36
481475,0
481476,0
481477,0
481478,0
481479,0
481480,0
481481,0
481482,29
481483,0
481484,0
481485,0
481486,0
481487,0
481488,0
481489,0
481490,0
481491,0
481492,0
481493,16
481494,0
481495,0
481496,0
481497,0
481498,37
481499,0
481500,0
481501,0
481502,0
481503,0
481504,41
481505,0
481506,0
481507,0
481508,0
481509,0
481510,0
481511,0
481512,0
481513,0
481514,31
481515,0
481516,0
481517,0
481518,33
481519,0
481520,0
481521,0
481522,0
481523,0
481524,31
481525,0
481526,0
481527,38
481528,0
481529,26
481530,0
481531,0
481532,0
481533,0
481534,0
481535,0
481536,0
481537,0
481538,0
481539,42
481540,0
481541,0
481542,0
481543,37
481544,0
481545,0
481546,0
481547,0
481548,0
481549,0
481550,0
481551,0
481552,0
481553,0
481554,0
481555,0
481556,0
481557,0
481558,0
481559,35
481560,0
481561,0
481562,40
481563,30
481564,0
481565,0
481566,0
481567,0
481568,0
481569,0
481570,0
481571,0
481572,0
481573,0
481574,29
481575,0
481576,0
481577,0
481578,0
481579,0
481580,0
481581,0
481582,0
481583,0
481584,0
481585,0
481586,0
481587,0
481588,0
481589,0
481590,0
481591,0
481592,0
481593,0
481594,42
481595,0
481596,0
481597,0
481598,30
481599,0
481600,0
481601,0
481602,0
481603,0
481604,0
481605,0
481606,0
481607,0
481608,0
481609,0
481610,0
481611,33
481612,0
481613,0
481614,0
481615,0
481616,0
481617,0
481618,0
481619,0
481620,0
481621,0
481622,0
481623,0
481624,0
481625,0
481626,0
481627,0
481628,0
481629,0
481630,43
481631,31
481632,0
481633,36
481634,0
481635,0
481636,0
481637,0
481638,0
481639,0
481640,0
481641,0
481642,0
481643,0
481644,0
481645,0
481646,0
481647,0
481648,0
481649,0
481650,0
481651,0
481652,0
481653,0
481654,0
481655,0
481656,0
481657,0
481658,0
481659,0
481660,0
481661,0
481662,0
481663,0
481664,0
481665,31
481666,0
481667,0
481668,0
481669,0
481670,0
481671,0
481672,0
481673,0
481674,0
481675,0
481676,38
481677,0
481678,0
481679,0
481680,0
481681,0
481682,0
481683,0
481684,0
481685,0
481686,0
481687,0
481688,0
481689,0
481690,31
481691,0
481692,0
481693,0
481694,0
481695,0
481696,0
481697,0
481698,0
481699,27
481700,0
481701,0
481702,0
481703,0
481704,0
481705,40
481706,30
481707,0
481708,26
481709,0
481710,0
481711,0
481712,37
481713,0
481714,0
481715,0
481716,0
481717,0
481718,0
481719,0
481720,0
481721,0
481722,0
481723,0
481724,0
481725,0
481726,0
481727,0
481728,0
481729,0
481730,0
481731,0
481732,0
481733,0
481734,0
481735,34
481736,0
481737,0
481738,0
481739,0
481740,0
481741,0
481742,0
481743,0
481744,0
481745,35
481746,0
481747,0
481748,44
481749,0
481750,0
481751,0
481752,51
481753,0
481754,0
481755,0
481756,0
481757,0
481758,0
481759,0
481760,0
481761,0
481762,0
481763,0
481764,0
481765,0
481766,0
481767,41
481768,0
481769,30
481770,0
481771,0
481772,0
481773,0
481774,0
481775,0
481776,0
481777,0
481778,0
481779,0
481780,0
481781,0
481782,0
481783,0
481784,0
481785,0
481786,53
481787,0
481788,0
481789,0
481790,0
481791,0
481792,0
481793,0
481794,0
481795,0
481796,0
481797,0
481798,0
481799,48
481800,0
481801,0
481802,0
481803,0
481804,0
481805,0
481806,0
481807,0
481808,0
481809,0
481810,0
481811,0
481812,0
481813,0
481814,0
481815,0
481816,30
481817,0
481818,0
481819,0
481820,0
481821,0
481822,0
481823,0
481824,38
481825,37
481826,27
481827,0
481828,29
481829,0
481830,0
481831,0
481832,0
481833,0
481834,0
481835,0
481836,27
481837,0
481838,0
481839,0
481840,0
481841,0
481842,0
481843,0
481844,0
481845,26
481846,0
481847,0
481848,30
481849,0
481850,0
481851,0
481852,0
481853,0
481854,0
481855,0
481856,0
481857,0
481858,0
481859,0
481860,35
481861,0
481862,0
481863,0
481864,0
481865,0
481866,0
481867,0
481868,0
481869,0
481870,0
481871,0
481872,0
481873,0
481874,0
481875,0
481876,0
481877,0
481878,0
481879,0
481880,0
481881,0
481882,0
481883,0
481884,38
481885,0
481886,30
481887,0
481888,34
481889,0
481890,0
481891,0
481892,0
481893,0
481894,0
481895,0
481896,0
481897,0
481898,0
481899,0
481900,0
481901,0
481902,0
481903,0
481904,0
481905,0
481906,0
481907,0
481908,0
481909,0
481910,0
481911,0
481912,36
481913,0
481914,0
481915,0
481916,0
481917,0
481918,0
481919,0
481920,0
481921,0
481922,0
481923,0
481924,0
481925,0
481926,0
481927,36
481928,40
481929,0
481930,0
481931,0
481932,0
481933,0
481934,0
481935,0
481936,0
481937,0
481938,0
481939,33
481940,0
481941,0
481942,0
481943,0
481944,0
481945,0
481946,0
481947,0
481948,0
481949,0
481950,0
481951,0
481952,5
481953,7
481954,0
481955,6
481956,0
481957,0
481958,0
481959,0
481960,0
481961,0
481962,0
481963,0
481964,0
481965,0
481966,0
481967,0
481968,0
481969,0
481970,0
481971,0
481972,0
481973,0
481974,0
481975,0
481976,0
481977,0
481978,0
481979,0
481980,0
481981,0
481982,0
481983,0
481984,0
481985,0
481986,0
481987,0
481988,0
481989,0
481990,0
481991,7
481992,4
481993,0
481994,0
481995,0
481996,0
481997,0
481998,0
481999,0
482000,4
482001,0
482002,0
482003,0
482004,0
482005,0
482006,0
482007,0
482008,0
482009,0
482010,0
482011,0
482012,0
482013,0
482014,0
482015,0
482016,3
482017,0
482018,0
482019,0
482020,0
482021,0
482022,5
482023,0
482024,0
482025,0
482026,0
482027,0
482028,0
482029,0
482030,0
482031,7
482032,8
482033,0
482034,0
482035,0
482036,0
482037,0
482038,0
482039,0
482040,0
482041,0
482042,0
482043,0
482044,0
482045,0
482046,0
482047,0
482048,0
482049,0
482050,0
482051,0
482052,0
482053,0
482054,0
482055,0
482056,0
482057,0
482058,0
482059,3
482060,7
482061,12
482062,0
482063,0
482064,0
482065,0
482066,0
482067,2
482068,0
482069,0
482070,0
482071,0
482072,0
482073,0
482074,0
482075,0
482076,0
482077,13
482078,0
482079,0
482080,0
482081,0
482082,0
482083,0
482084,0
482085,0
482086,9
482087,0
482088,0
482089,0
482090,0
482091,0
482092,0
482093,0
482094,0
482095,0
482096,0
482097,0
482098,0
482099,0
482100,0
482101,0
482102,0
482103,0
482104,0
482105,7
482106,0
482107,0
482108,12
482109,0
482110,0
482111,0
482112,0
482113,0
482114,0
482115,5
482116,2
482117,0
482118,0
482119,0
482120,4
482121,0
482122,0
482123,0
482124,0
482125,0
482126,0
482127,0
482128,0
482129,0
482130,0
482131,13
482132,0
482133,0
482134,0
482135,0
482136,0
482137,6
482138,0
482139,0
482140,0
482141,0
482142,0
482143,0
482144,0
482145,0
482146,0
482147,0
482148,0
482149,0
482150,0
482151,0
482152,0
482153,0
482154,0
482155,0
482156,0
482157,0
482158,8
482159,0
482160,0
482161,0
482162,0
482163,0
482164,0
482165,0
482166,9
482167,9
482168,0
482169,0
482170,0
482171,0
482172,0
482173,0
482174,0
482175,0
482176,0
482177,0
482178,0
482179,5
482180,0
482181,3
482182,0
482183,0
482184,0
482185,4
482186,0
482187,4
482188,11
482189,6
482190,0
482191,0
482192,0
482193,5
482194,0
482195,0
482196,0
482197,0
482198,0
482199,0
482200,0
482201,0
482202,0
482203,0
482204,0
482205,0
482206,0
482207,0
482208,0
482209,0
482210,0
482211,0
482212,6
482213,0
482214,1
482215,8
482216,10
482217,0
482218,0
482219,0
482220,0
482221,0
482222,8
482223,0
482224,0
482225,12
482226,0
482227,0
482228,0
482229,0
482230,0
482231,0
482232,0
482233,0
482234,0
482235,0
482236,0
482237,0
482238,0
482239,9
482240,0
482241,0
482242,0
482243,9
482244,0
482245,0
482246,0
482247,0
482248,0
482249,0
482250,0
482251,0
482252,0
482253,0
482254,0
482255,6
482256,0
482257,0
482258,0
482259,0
482260,0
482261,0
482262,0
482263,0
482264,0
482265,0
482266,0
482267,0
482268,0
482269,0
482270,0
482271,0
482272,0
482273,2
482274,0
482275,0
482276,0
482277,0
482278,0
482279,0
482280,0
482281,0
482282,0
482283,9
482284,0
482285,0
482286,0
482287,0
482288,0
482289,0
482290,8
482291,0
482292,0
482293,0
482294,0
482295,0
482296,0
482297,0
482298,0
482299,6
482300,0
482301,9
482302,0
482303,0
482304,0
482305,9
482306,9
482307,0
482308,0
482309,0
482310,0
482311,0
482312,0
482313,0
482314,0
482315,0
482316,5
482317,0
482318,0
482319,11
482320,0
482321,0
482322,0
482323,0
482324,0
482325,7
482326,2
482327,0
482328,0
482329,0
482330,0
482331,0
482332,9
482333,0
482334,0
482335,0
482336,0
482337,0
482338,0
482339,0
482340,0
482341,0
482342,0
482343,0
482344,0
482345,0
482346,0
482347,0
482348,0
482349,0
482350,0
482351,0
482352,0
482353,0
482354,0
482355,3
482356,0
482357,0
482358,0
482359,0
482360,0
482361,0
482362,0
482363,0
482364,6
482365,0
482366,8
482367,9
482368,0
482369,0
482370,0
482371,0
482372,8
482373,0
482374,0
482375,0
482376,10
482377,0
482378,0
482379,0
482380,0
482381,0
482382,0
482383,0
482384,0
482385,0
482386,0
482387,0
482388,0
482389,0
482390,0
482391,0
482392,0
482393,0
482394,0
482395,0
482396,0
482397,6
482398,0
482399,0
482400,0
482401,0
482402,8
482403,0
482404,0
482405,8
482406,0
482407,0
482408,0
482409,0
482410,0
482411,0
482412,0
482413,0
482414,0
482415,0
482416,2
482417,0
482418,0
482419,0
482420,7
482421,0
482422,0
482423,0
482424,0
482425,0
482426,0
482427,0
482428,0
482429,0
482430,0
482431,0
482432,0
482433,0
482434,0
482435,0
482436,0
482437,0
482438,0
482439,0
482440,0
482441,0
482442,0
482443,0
482444,0
482445,4
482446,0
482447,0
482448,0
482449,0
482450,4
482451,0
482452,11
482453,0
482454,0
482455,0
482456,0
482457,0
482458,0
482459,0
482460,0
482461,0
482462,0
482463,0
482464,4
482465,0
482466,0
482467,12
482468,0
482469,0
482470,0
482471,0
482472,0
482473,0
482474,0
482475,0
482476,9
482477,0
482478,2
482479,0
482480,0
482481,0
482482,0
482483,0
482484,0
482485,0
482486,0
482487,0
482488,9
482489,0
482490,0
482491,0
482492,0
482493,0
482494,8
482495,0
482496,0
482497,0
482498,0
482499,0
482500,0
482501,0
482502,0
482503,0
482504,0
482505,0
482506,13
482507,0
482508,0
482509,0
482510,0
482511,3
482512,0
482513,0
482514,0
482515,0
482516,0
482517,0
482518,0
482519,0
482520,11
482521,0
482522,0
482523,0
482524,0
482525,0
482526,3
482527,0
482528,0
482529,0
482530,0
482531,8
482532,7
482533,0
482534,0
482535,0
482536,0
482537,0
482538,0
482539,0
482540,0
482541,0
482542,0
482543,0
482544,0
482545,0
482546,8
482547,0
482548,0
482549,0
482550,0
482551,0
482552,0
482553,0
482554,7
482555,0
482556,0
482557,7
482558,0
482559,8
482560,5
482561,0
482562,0
482563,7
482564,0
482565,0
482566,0
482567,0
482568,0
482569,0
482570,0
482571,0
482572,0
482573,0
482574,9
482575,0
482576,0
482577,0
482578,0
482579,0
482580,0
482581,0
482582,0
482583,0
482584,0
482585,0
482586,0
482587,0
482588,0
482589,0
482590,0
482591,0
482592,0
482593,0
482594,0
482595,3
482596,11
482597,0
482598,0
482599,0
482600,0
482601,0
482602,0
482603,0
482604,0
482605,0
482606,0
482607,0
482608,0
482609,0
482610,0
482611,0
482612,0
482613,0
482614,0
482615,0
482616,0
482617,0
482618,0
482619,0
482620,10
482621,0
482622,0
482623,0
482624,0
482625,0
482626,8
482627,0
482628,0
482629,9
482630,0
482631,0
482632,0
482633,0
482634,0
482635,0
482636,0
482637,0
482638,0
482639,0
482640,0
482641,0
482642,0
482643,0
482644,8
482645,0
482646,0
482647,0
482648,0
482649,4
482650,0
482651,0
482652,9
482653,0
482654,0
482655,0
482656,0
482657,0
482658,0
482659,0
482660,0
482661,6
482662,0
482663,0
482664,0
482665,0
482666,6
482667,0
482668,0
482669,0
482670,0
482671,0
482672,4
482673,0
482674,0
482675,9
482676,0
482677,0
482678,0
482679,0
482680,0
482681,0
482682,0
482683,0
482684,0
482685,0
482686,9
482687,0
482688,0
482689,0
482690,0
482691,0
482692,13
482693,5
482694,0
482695,5
482696,6
482697,0
482698,8
482699,0
482700,0
482701,0
482702,9
482703,0
482704,0
482705,0
482706,0
482707,0
482708,0
482709,0
482710,0
482711,0
482712,0
482713,0
482714,0
482715,0
482716,7
482717,0
482718,0
482719,0
482720,0
482721,0
482722,0
482723,0
482724,0
482725,0
482726,0
482727,0
482728,0
482729,0
482730,0
482731,0
482732,0
482733,0
482734,0
482735,0
482736,0
482737,0
482738,0
482739,12
482740,6
482741,0
482742,4
482743,10
482744,7
482745,9
482746,0
482747,9
482748,0
482749,0
482750,0
482751,0
482752,0
482753,0
482754,0
482755,0
482756,0
482757,0
482758,0
482759,0
482760,9
482761,0
482762,0
482763,0
482764,0
482765,0
482766,9
482767,0
482768,0
482769,0
482770,0
482771,0
482772,0
482773,0
482774,0
482775,0
482776,0
482777,0
482778,0
482779,0
482780,24
482781,0
482782,33
482783,0
482784,0
482785,0
482786,24
482787,0
482788,0
482789,0
482790,34
482791,0
482792,0
482793,0
482794,44
482795,0
482796,0
482797,0
482798,25
482799,0
482800,0
482801,0
482802,0
482803,0
482804,0
482805,0
482806,16
482807,37
482808,28
482809,0
482810,0
482811,43
482812,0
482813,0
482814,0
482815,0
482816,0
482817,0
482818,0
482819,0
482820,0
482821,22
482822,0
482823,28
482824,0
482825,0
482826,23
482827,0
482828,0
482829,0
482830,38
482831,0
482832,0
482833,0
482834,0
482835,0
482836,0
482837,0
482838,0
482839,0
482840,23
482841,0
482842,0
482843,0
482844,0
482845,0
482846,0
482847,36
482848,0
482849,0
482850,34
482851,37
482852,33
482853,43
482854,0
482855,0
482856,0
482857,0
482858,32
482859,0
482860,0
482861,21
482862,0
482863,0
482864,0
482865,26
482866,0
482867,0
482868,33
482869,0
482870,0
482871,0
482872,0
482873,0
482874,29
482875,0
482876,0
482877,31
482878,0
482879,0
482880,0
482881,0
482882,31
482883,0
482884,28
482885,0
482886,20
482887,0
482888,0
482889,0
482890,35
482891,28
482892,35
482893,20
482894,0
482895,0
482896,0
482897,0
482898,0
482899,0
482900,29
482901,0
482902,0
482903,0
482904,38
482905,0
482906,0
482907,0
482908,0
482909,52
482910,0
482911,0
482912,0
482913,0
482914,0
482915,0
482916,0
482917,0
482918,0
482919,0
482920,0
482921,0
482922,0
482923,54
482924,0
482925,0
482926,0
482927,0
482928,0
482929,25
482930,25
482931,24
482932,0
482933,0
482934,27
482935,0
482936,0
482937,0
482938,0
482939,0
482940,0
482941,0
482942,0
482943,0
482944,34
482945,0
482946,0
482947,22
482948,0
482949,0
482950,0
482951,0
482952,0
482953,0
482954,0
482955,0
482956,0
482957,0
482958,0
482959,31
482960,0
482961,23
482962,0
482963,0
482964,16
482965,41
482966,0
482967,0
482968,0
482969,0
482970,0
482971,0
482972,0
482973,0
482974,0
482975,0
482976,0
482977,0
482978,0
482979,31
482980,0
482981,0
482982,0
482983,0
482984,37
482985,24
482986,0
482987,0
482988,32
482989,0
482990,0
482991,30
482992,0
482993,34
482994,0
482995,0
482996,0
482997,0
482998,0
482999,0
483000,0
483001,0
483002,0
483003,0
483004,31
483005,23
483006,18
483007,0
483008,0
483009,0
483010,0
483011,0
483012,0
483013,0
483014,0
483015,0
483016,0
483017,30
483018,28
483019,0
483020,0
483021,0
483022,0
483023,30
483024,0
483025,0
483026,0
483027,0
483028,0
483029,22
483030,19
483031,18
483032,0
483033,24
483034,25
483035,0
483036,0
483037,0
483038,0
483039,31
483040,24
483041,0
483042,0
483043,0
483044,27
483045,22
483046,0
483047,0
483048,0
483049,0
483050,22
483051,0
483052,0
483053,0
483054,0
483055,0
483056,0
483057,0
483058,32
483059,0
483060,13
483061,0
483062,0
483063,0
483064,0
483065,0
483066,0
483067,20
483068,0
483069,33
483070,0
483071,0
483072,0
483073,0
483074,0
483075,33
483076,0
483077,0
483078,0
483079,0
483080,0
483081,0
483082,0
483083,17
483084,0
483085,0
483086,0
483087,0
483088,39
483089,45
483090,19
483091,22
483092,15
483093,0
483094,0
483095,0
483096,0
483097,0
483098,21
483099,0
483100,0
483101,0
483102,0
483103,0
483104,0
483105,0
483106,0
483107,0
483108,0
483109,0
483110,36
483111,0
483112,50
483113,0
483114,30
483115,0
483116,34
483117,0
483118,0
483119,0
483120,0
483121,0
483122,36
483123,0
483124,0
483125,0
483126,31
483127,0
483128,0
483129,0
483130,38
483131,0
483132,0
483133,0
483134,0
483135,0
483136,0
483137,0
483138,0
483139,0
483140,0
483141,24
483142,0
483143,0
483144,0
483145,0
483146,0
483147,0
483148,0
483149,0
483150,0
483151,19
483152,0
483153,0
483154,0
483155,0
483156,0
483157,0
483158,0
483159,0
483160,0
483161,0
483162,0
483163,0
483164,0
483165,0
483166,0
483167,0
483168,0
483169,0
483170,0
483171,0
483172,0
483173,0
483174,0
483175,0
483176,0
483177,0
483178,0
483179,0
483180,0
483181,0
483182,0
483183,0
483184,0
483185,0
483186,0
483187,0
483188,0
483189,0
483190,0
483191,23
483192,0
483193,0
483194,0
483195,0
483196,0
483197,35
483198,0
483199,0
483200,0
483201,0
483202,0
483203,20
483204,26
483205,0
483206,0
483207,0
483208,0
483209,0
483210,0
483211,25
483212,0
483213,0
483214,0
483215,0
483216,0
483217,0
483218,0
483219,19
483220,0
483221,0
483222,0
483223,0
483224,0
483225,0
483226,0
483227,0
483228,0
483229,0
483230,0
483231,0
483232,0
483233,0
483234,19
483235,0
483236,0
483237,0
483238,0
483239,0
483240,0
483241,32
483242,0
483243,15
483244,0
483245,0
483246,0
483247,22
483248,0
483249,0
483250,0
483251,23
483252,0
483253,0
483254,0
483255,0
483256,0
483257,0
483258,0
483259,0
483260,0
483261,20
483262,0
483263,0
483264,34
483265,0
483266,0
483267,0
483268,21
483269,0
483270,0
483271,0
483272,0
483273,15
483274,0
483275,0
483276,0
483277,23
483278,0
483279,0
483280,28
483281,0
483282,0
483283,0
483284,0
483285,0
483286,0
483287,0
483288,0
483289,0
483290,0
483291,0
483292,21
483293,0
483294,0
483295,32
483296,0
483297,0
483298,0
483299,0
483300,0
483301,0
483302,0
483303,0
483304,0
483305,23
483306,0
483307,0
483308,0
483309,24
483310,0
483311,0
483312,0
483313,0
483314,40
483315,0
483316,0
483317,0
483318,0
483319,0
483320,0
483321,0
483322,0
483323,0
483324,0
483325,0
483326,0
483327,0
483328,0
483329,0
483330,0
483331,0
483332,0
483333,0
483334,0
483335,0
483336,0
483337,0
483338,0
483339,0
483340,0
483341,0
483342,0
483343,0
483344,0
483345,0
483346,0
483347,0
483348,0
483349,0
483350,0
483351,0
483352,30
483353,0
483354,0
483355,0
483356,31
483357,0
483358,0
483359,0
483360,0
483361,0
483362,0
483363,0
483364,0
483365,0
483366,0
483367,0
483368,0
483369,0
483370,0
483371,0
483372,0
483373,0
483374,0
483375,0
483376,0
483377,0
483378,0
483379,0
483380,0
483381,19
483382,0
483383,0
483384,0
483385,0
483386,0
483387,0
483388,0
483389,31
483390,0
483391,0
483392,0
483393,0
483394,0
483395,0
483396,0
483397,0
483398,0
483399,0
483400,0
483401,0
483402,25
483403,24
483404,0
483405,0
483406,0
483407,0
483408,0
483409,30
483410,0
483411,0
483412,22
483413,0
483414,0
483415,0
483416,0
483417,0
483418,0
483419,0
483420,0
483421,28
483422,0
483423,24
483424,0
483425,0
483426,0
483427,0
483428,0
483429,0
483430,15
483431,0
483432,0
483433,0
483434,0
483435,0
483436,0
483437,0
483438,0
483439,0
483440,0
483441,0
483442,0
483443,0
483444,0
483445,25
483446,21
483447,0
483448,0
483449,0
483450,0
483451,0
483452,21
483453,0
483454,0
483455,0
483456,0
483457,0
483458,0
483459,0
483460,0
483461,0
483462,0
483463,0
483464,0
483465,0
483466,0
483467,0
483468,0
483469,0
483470,0
483471,21
483472,22
483473,0
483474,0
483475,0
483476,0
483477,0
483478,0
483479,0
483480,0
483481,0
483482,0
483483,0
483484,0
483485,20
483486,0
483487,0
483488,0
483489,0
483490,0
483491,0
483492,0
483493,0
483494,0
483495,0
483496,0
483497,0
483498,0
483499,0
483500,0
483501,0
483502,0
483503,0
483504,0
483505,0
483506,0
483507,0
483508,0
483509,0
483510,0
483511,16
483512,0
483513,0
483514,0
483515,0
483516,0
483517,20
483518,0
483519,0
483520,0
483521,0
483522,0
483523,0
483524,0
483525,0
483526,0
483527,0
483528,0
483529,0
483530,0
483531,0
483532,0
483533,0
483534,0
483535,0
483536,0
483537,0
483538,26
483539,0
483540,0
483541,0
483542,0
483543,0
483544,0
483545,0
483546,0
483547,0
483548,0
483549,0
483550,0
483551,0
483552,0
483553,0
483554,0
483555,0
483556,0
483557,0
483558,0
483559,0
483560,0
483561,0
483562,0
483563,0
483564,0
483565,18
483566,0
483567,0
483568,31
483569,0
483570,0
483571,0
483572,0
483573,26
483574,0
483575,0
483576,0
483577,0
483578,0
483579,25
483580,30
483581,0
483582,0
483583,0
483584,0
483585,0
483586,0
483587,0
483588,0
483589,0
483590,0
483591,0
483592,0
483593,0
483594,0
483595,0
483596,0
483597,0
483598,0
483599,0
483600,0
483601,0
483602,0
483603,0
483604,0
483605,0
483606,0
483607,0
483608,0
483609,0
483610,0
483611,0
483612,0
483613,19
483614,0
483615,0
483616,0
483617,0
483618,0
483619,0
483620,0
483621,0
483622,0
483623,0
483624,0
483625,0
483626,0
483627,0
483628,0
483629,0
483630,0
483631,0
483632,0
483633,0
483634,0
483635,0
483636,0
483637,0
483638,0
483639,0
483640,0
483641,0
483642,0
483643,0
483644,0
483645,0
483646,0
483647,0
483648,0
483649,0
483650,0
483651,0
483652,0
483653,0
483654,0
483655,0
483656,0
483657,0
483658,0
483659,0
483660,23
483661,0
483662,0
483663,0
483664,0
483665,18
483666,0
483667,0
483668,0
483669,0
483670,0
483671,0
483672,0
483673,20
483674,0
483675,0
483676,22
483677,0
483678,0
483679,0
483680,0
483681,0
483682,0
483683,0
483684,0
483685,0
483686,0
483687,0
483688,0
483689,0
483690,0
483691,0
483692,0
483693,0
483694,0
483695,0
483696,0
483697,30
483698,21
483699,0
483700,0
483701,24
483702,21
483703,0
483704,0
483705,0
483706,0
483707,0
483708,0
483709,0
483710,0
483711,0
483712,0
483713,0
483714,0
483715,0
483716,0
483717,0
483718,0
483719,0
483720,0
483721,29
483722,0
483723,0
483724,0
483725,0
483726,0
483727,0
483728,0
483729,31
483730,0
483731,0
483732,23
483733,0
483734,0
483735,0
483736,0
483737,0
483738,0
483739,0
483740,0
483741,0
483742,0
483743,0
483744,0
483745,0
483746,0
483747,0
483748,0
483749,0
483750,0
483751,0
483752,0
483753,0
483754,0
483755,0
483756,0
483757,0
483758,0
483759,0
483760,0
483761,0
483762,0
483763,0
483764,0
483765,0
483766,0
483767,0
483768,0
483769,0
483770,0
483771,0
483772,0
483773,0
483774,0
483775,0
483776,0
483777,0
483778,0
483779,0
483780,0
483781,0
483782,0
483783,0
483784,0
483785,0
483786,0
483787,0
483788,0
483789,0
483790,27
483791,0
483792,0
483793,0
483794,0
483795,0
483796,28
483797,20
483798,0
483799,0
483800,0
483801,0
483802,0
483803,0
483804,27
483805,0
483806,0
483807,0
483808,0
483809,0
483810,0
483811,20
483812,0
483813,0
483814,0
483815,0
483816,0
483817,0
483818,0
483819,0
483820,0
483821,0
483822,0
483823,0
483824,0
483825,0
483826,0
483827,0
483828,34
483829,0
483830,0
483831,0
483832,0
483833,0
483834,0
483835,0
483836,0
483837,0
483838,0
483839,0
483840,0
483841,14
483842,0
483843,0
483844,0
483845,0
483846,0
483847,0
483848,0
483849,0
483850,4
483851,0
483852,0
483853,0
483854,0
483855,6
483856,0
483857,0
483858,0
483859,0
483860,8
483861,0
483862,0
483863,0
483864,0
483865,0
483866,5
483867,0
483868,0
483869,0
483870,6
483871,0
483872,0
483873,0
483874,0
483875,0
483876,4
483877,0
483878,6
483879,5
483880,3
483881,6
483882,2
483883,0
483884,4
483885,0
483886,0
483887,0
483888,7
483889,0
483890,0
483891,0
483892,9
483893,0
483894,0
483895,0
483896,2
483897,0
483898,0
483899,0
483900,0
483901,0
483902,1
483903,7
483904,0
483905,0
483906,7
483907,5
483908,0
483909,3
483910,0
483911,0
483912,0
483913,0
483914,0
483915,0
483916,7
483917,0
483918,0
483919,0
483920,0
483921,0
483922,0
483923,0
483924,0
483925,5
483926,0
483927,0
483928,0
483929,8
483930,9
483931,3
483932,2
483933,11
483934,0
483935,0
483936,0
483937,1
483938,0
483939,0
483940,0
483941,0
483942,0
483943,6
483944,0
483945,0
483946,0
483947,0
483948,0
483949,0
483950,0
483951,7
483952,3
483953,5
483954,0
483955,0
483956,0
483957,0
483958,5
483959,0
483960,4
483961,4
483962,0
483963,0
483964,0
483965,0
483966,0
483967,0
483968,0
483969,4
483970,0
483971,0
483972,0
483973,4
483974,0
483975,7
483976,0
483977,0
483978,0
483979,6
483980,0
483981,7
483982,0
483983,0
483984,0
483985,0
483986,0
483987,7
483988,0
483989,0
483990,0
483991,4
483992,0
483993,4
483994,0
483995,0
483996,3
483997,3
483998,0
483999,0
484000,2
484001,0
484002,6
484003,0
484004,0
484005,6
484006,0
484007,0
484008,0
484009,0
484010,6
484011,7
484012,0
484013,0
484014,0
484015,0
484016,0
484017,0
484018,0
484019,0
484020,0
484021,3
484022,12
484023,7
484024,0
484025,0
484026,6
484027,9
484028,0
484029,0
484030,0
484031,0
484032,0
484033,1
484034,0
484035,7
484036,2
484037,0
484038,0
484039,0
484040,0
484041,0
484042,8
484043,0
484044,0
484045,5
484046,0
484047,0
484048,0
484049,0
484050,3
484051,0
484052,0
484053,0
484054,0
484055,7
484056,7
484057,0
484058,0
484059,0
484060,0
484061,0
484062,0
484063,0
484064,6
484065,0
484066,0
484067,0
484068,0
484069,0
484070,11
484071,0
484072,0
484073,5
484074,0
484075,0
484076,0
484077,0
484078,0
484079,0
484080,0
484081,7
484082,0
484083,6
484084,0
484085,0
484086,6
484087,0
484088,0
484089,0
484090,0
484091,6
484092,7
484093,0
484094,3
484095,4
484096,10
484097,0
484098,0
484099,0
484100,0
484101,7
484102,7
484103,3
484104,0
484105,0
484106,4
484107,2
484108,0
484109,6
484110,0
484111,0
484112,0
484113,0
484114,0
484115,0
484116,5
484117,0
484118,3
484119,0
484120,0
484121,0
484122,0
484123,5
484124,0
484125,5
484126,0
484127,6
484128,0
484129,0
484130,11
484131,4
484132,0
484133,6
484134,6
484135,6
484136,7
484137,0
484138,0
484139,0
484140,0
484141,5
484142,0
484143,6
484144,6
484145,6
484146,0
484147,0
484148,0
484149,0
484150,6
484151,0
484152,4
484153,0
484154,0
484155,0
484156,0
484157,0
484158,0
484159,0
484160,0
484161,0
484162,0
484163,0
484164,0
484165,0
484166,0
484167,0
484168,0
484169,8
484170,7
484171,0
484172,4
484173,0
484174,0
484175,0
484176,0
484177,6
484178,0
484179,0
484180,0
484181,0
484182,0
484183,0
484184,0
484185,0
484186,0
484187,8
484188,2
484189,0
484190,6
484191,4
484192,7
484193,0
484194,0
484195,6
484196,0
484197,0
484198,0
484199,0
484200,0
484201,0
484202,0
484203,0
484204,0
484205,0
484206,0
484207,0
484208,0
484209,4
484210,0
484211,0
484212,0
484213,1
484214,0
484215,0
484216,0
484217,0
484218,0
484219,5
484220,0
484221,0
484222,7
484223,0
484224,0
484225,0
484226,0
484227,0
484228,2
484229,0
484230,5
484231,6
484232,5
484233,0
484234,0
484235,0
484236,0
484237,5
484238,8
484239,0
484240,0
484241,4
484242,0
484243,0
484244,3
484245,0
484246,0
484247,14
484248,0
484249,0
484250,0
484251,0
484252,0
484253,5
484254,9
484255,0
484256,7
484257,0
484258,0
484259,0
484260,0
484261,4
484262,0
484263,7
484264,0
484265,7
484266,0
484267,0
484268,6
484269,0
484270,0
484271,0
484272,4
484273,3
484274,5
484275,4
484276,4
484277,0
484278,0
484279,0
484280,0
484281,0
484282,8
484283,0
484284,0
484285,0
484286,0
484287,0
484288,0
484289,0
484290,5
484291,10
484292,0
484293,0
484294,0
484295,0
484296,0
484297,4
484298,0
484299,0
484300,0
484301,5
484302,0
484303,10
484304,0
484305,0
484306,6
484307,8
484308,0
484309,0
484310,0
484311,0
484312,0
484313,0
484314,8
484315,0
484316,6
484317,0
484318,6
484319,0
484320,0
484321,0
484322,0
484323,0
484324,4
484325,3
484326,0
484327,6
484328,0
484329,0
484330,8
484331,0
484332,4
484333,3
484334,4
484335,0
484336,0
484337,0
484338,0
484339,0
484340,0
484341,0
484342,0
484343,0
484344,7
484345,0
484346,6
484347,0
484348,0
484349,0
484350,5
484351,0
484352,3
484353,3
484354,0
484355,0
484356,9
484357,0
484358,0
484359,0
484360,0
484361,0
484362,0
484363,0
484364,0
484365,0
484366,0
484367,0
484368,0
484369,7
484370,0
484371,3
484372,1
484373,0
484374,0
484375,0
484376,4
484377,3
484378,0
484379,0
484380,0
484381,1
484382,0
484383,0
484384,0
484385,0
484386,0
484387,0
484388,0
484389,0
484390,0
484391,0
484392,2
484393,0
484394,3
484395,4
484396,0
484397,4
484398,6
484399,0
484400,3
484401,0
484402,0
484403,4
484404,0
484405,6
484406,0
484407,4
484408,0
484409,0
484410,0
484411,6
484412,0
484413,0
484414,0
484415,0
484416,0
484417,8
484418,6
484419,0
484420,0
484421,8
484422,0
484423,3
484424,0
484425,0
484426,0
484427,0
484428,0
484429,3
484430,0
484431,6
484432,0
484433,8
484434,0
484435,0
484436,8
484437,0
484438,4
484439,0
484440,3
484441,6
484442,0
484443,0
484444,4
484445,7
484446,0
484447,2
484448,0
484449,2
484450,0
484451,5
484452,0
484453,0
484454,4
484455,0
484456,0
484457,8
484458,0
484459,0
484460,0
484461,6
484462,8
484463,6
484464,5
484465,0
484466,0
484467,9
484468,0
484469,0
484470,5
484471,0
484472,0
484473,5
484474,0
484475,3
484476,0
484477,0
484478,3
484479,0
484480,0
484481,0
484482,0
484483,0
484484,0
484485,0
484486,4
484487,0
484488,0
484489,0
484490,0
484491,13
484492,3
484493,0
484494,0
484495,5
484496,7
484497,0
484498,5
484499,0
484500,0
484501,0
484502,0
484503,0
484504,0
484505,2
484506,3
484507,0
484508,5
484509,0
484510,0
484511,3
484512,0
484513,0
484514,0
484515,0
484516,0
484517,0
484518,9
484519,4
484520,0
484521,4
484522,9
484523,0
484524,0
484525,0
484526,5
484527,0
484528,0
484529,5
484530,0
484531,2
484532,8
484533,0
484534,0
484535,4
484536,0
484537,0
484538,0
484539,0
484540,0
484541,0
484542,1
484543,3
484544,0
484545,0
484546,7
484547,6
484548,0
484549,0
484550,5
484551,0
484552,0
484553,0
484554,0
484555,0
484556,0
484557,7
484558,0
484559,0
484560,0
484561,0
484562,2
484563,0
484564,2
484565,0
484566,0
484567,0
484568,0
484569,0
484570,0
484571,0
484572,6
484573,5
484574,0
484575,0
484576,3
484577,6
484578,0
484579,0
484580,0
484581,1
484582,0
484583,0
484584,7
484585,0
484586,0
484587,0
484588,0
484589,0
484590,6
484591,0
484592,0
484593,0
484594,0
484595,0
484596,4
484597,0
484598,5
484599,11
484600,5
484601,0
484602,0
484603,6
484604,0
484605,5
484606,0
484607,0
484608,3
484609,0
484610,4
484611,0
484612,0
484613,0
484614,0
484615,0
484616,0
484617,0
484618,0
484619,0
484620,0
484621,0
484622,0
484623,0
484624,0
484625,0
484626,0
484627,0
484628,0
484629,0
484630,0
484631,20
484632,0
484633,28
484634,27
484635,0
484636,0
484637,0
484638,23
484639,0
484640,0
484641,0
484642,0
484643,25
484644,0
484645,0
484646,0
484647,34
484648,0
484649,0
484650,0
484651,0
484652,0
484653,0
484654,0
484655,0
484656,0
484657,0
484658,0
484659,0
484660,0
484661,0
484662,26
484663,0
484664,21
484665,17
484666,0
484667,0
484668,0
484669,0
484670,0
484671,0
484672,0
484673,0
484674,27
484675,26
484676,0
484677,0
484678,0
484679,0
484680,0
484681,0
484682,0
484683,0
484684,0
484685,0
484686,0
484687,0
484688,0
484689,30
484690,0
484691,0
484692,0
484693,18
484694,0
484695,0
484696,0
484697,0
484698,0
484699,0
484700,0
484701,0
484702,0
484703,0
484704,0
484705,0
484706,0
484707,0
484708,27
484709,0
484710,0
484711,0
484712,0
484713,0
484714,0
484715,0
484716,0
484717,0
484718,0
484719,0
484720,33
484721,0
484722,0
484723,0
484724,0
484725,0
484726,0
484727,0
484728,0
484729,0
484730,0
484731,0
484732,0
484733,0
484734,0
484735,0
484736,0
484737,0
484738,36
484739,0
484740,0
484741,0
484742,0
484743,0
484744,0
484745,0
484746,0
484747,0
484748,0
484749,0
484750,0
484751,0
484752,0
484753,0
484754,0
484755,0
484756,0
484757,0
484758,0
484759,25
484760,0
484761,0
484762,0
484763,0
484764,0
484765,0
484766,0
484767,0
484768,0
484769,0
484770,0
484771,0
484772,0
484773,0
484774,0
484775,25
484776,0
484777,23
484778,0
484779,0
484780,0
484781,0
484782,0
484783,0
484784,0
484785,0
484786,42
484787,0
484788,0
484789,0
484790,27
484791,0
484792,0
484793,0
484794,0
484795,22
484796,0
484797,31
484798,0
484799,0
484800,18
484801,0
484802,0
484803,0
484804,0
484805,0
484806,0
484807,0
484808,0
484809,0
484810,19
484811,0
484812,0
484813,0
484814,0
484815,0
484816,0
484817,0
484818,0
484819,0
484820,0
484821,0
484822,0
484823,0
484824,35
484825,0
484826,0
484827,0
484828,0
484829,0
484830,0
484831,28
484832,0
484833,0
484834,0
484835,0
484836,27
484837,0
484838,24
484839,0
484840,0
484841,0
484842,0
484843,0
484844,0
484845,0
484846,0
484847,0
484848,0
484849,10
484850,0
484851,0
484852,21
484853,0
484854,47
484855,0
484856,0
484857,0
484858,0
484859,0
484860,0
484861,32
484862,0
484863,0
484864,0
484865,0
484866,0
484867,0
484868,25
484869,0
484870,44
484871,0
484872,31
484873,0
484874,0
484875,0
484876,0
484877,26
484878,0
484879,0
484880,0
484881,0
484882,0
484883,0
484884,34
484885,0
484886,0
484887,0
484888,0
484889,0
484890,0
484891,0
484892,0
484893,0
484894,0
484895,0
484896,0
484897,0
484898,0
484899,0
484900,0
484901,0
484902,0
484903,0
484904,0
484905,0
484906,0
484907,0
484908,37
484909,0
484910,0
484911,0
484912,0
484913,0
484914,0
484915,0
484916,0
484917,0
484918,0
484919,0
484920,0
484921,0
484922,0
484923,0
484924,0
484925,0
484926,23
484927,0
484928,0
484929,0
484930,28
484931,0
484932,0
484933,0
484934,0
484935,0
484936,0
484937,0
484938,0
484939,0
484940,0
484941,0
484942,0
484943,0
484944,17
484945,0
484946,0
484947,0
484948,23
484949,0
484950,0
484951,0
484952,0
484953,32
484954,35
484955,0
484956,0
484957,24
484958,24
484959,0
484960,0
484961,0
484962,0
484963,0
484964,0
484965,0
484966,0
484967,0
484968,0
484969,27
484970,0
484971,0
484972,0
484973,0
484974,0
484975,0
484976,0
484977,0
484978,0
484979,0
484980,0
484981,0
484982,34
484983,0
484984,0
484985,0
484986,0
484987,0
484988,0
484989,0
484990,0
484991,0
484992,0
484993,0
484994,0
484995,0
484996,0
484997,27
484998,36
484999,0
485000,0
485001,0
485002,30
485003,0
485004,0
485005,0
485006,0
485007,28
485008,0
485009,0
485010,0
485011,0
485012,0
485013,0
485014,0
485015,0
485016,0
485017,0
485018,0
485019,30
485020,32
485021,15
485022,0
485023,0
485024,0
485025,0
485026,32
485027,0
485028,22
485029,0
485030,0
485031,0
485032,0
485033,0
485034,0
485035,0
485036,0
485037,0
485038,0
485039,0
485040,0
485041,0
485042,0
485043,0
485044,0
485045,0
485046,0
485047,0
485048,0
485049,33
485050,0
485051,0
485052,0
485053,0
485054,31
485055,37
485056,0
485057,20
485058,0
485059,0
485060,0
485061,0
485062,0
485063,22
485064,0
485065,0
485066,0
485067,0
485068,0
485069,27
485070,0
485071,0
485072,0
485073,30
485074,0
485075,0
485076,36
485077,0
485078,0
485079,26
485080,0
485081,0
485082,0
485083,0
485084,0
485085,36
485086,0
485087,19
485088,0
485089,0
485090,0
485091,0
485092,19
485093,0
485094,0
485095,0
485096,0
485097,0
485098,0
485099,0
485100,0
485101,0
485102,0
485103,0
485104,0
485105,0
485106,0
485107,0
485108,0
485109,0
485110,0
485111,0
485112,0
485113,0
485114,20
485115,0
485116,0
485117,0
485118,0
485119,0
485120,0
485121,16
485122,0
485123,0
485124,0
485125,0
485126,0
485127,0
485128,0
485129,34
485130,0
485131,0
485132,0
485133,29
485134,28
485135,0
485136,24
485137,0
485138,0
485139,0
485140,0
485141,0
485142,0
485143,0
485144,36
485145,0
485146,0
485147,0
485148,0
485149,0
485150,33
485151,0
485152,0
485153,0
485154,0
485155,0
485156,0
485157,0
485158,0
485159,29
485160,0
485161,0
485162,0
485163,0
485164,0
485165,0
485166,0
485167,0
485168,0
485169,0
485170,0
485171,0
485172,0
485173,0
485174,0
485175,0
485176,0
485177,0
485178,0
485179,0
485180,33
485181,0
485182,0
485183,0
485184,0
485185,0
485186,0
485187,0
485188,0
485189,0
485190,0
485191,0
485192,0
485193,27
485194,0
485195,0
485196,31
485197,0
485198,0
485199,19
485200,0
485201,0
485202,18
485203,31
485204,0
485205,0
485206,0
485207,0
485208,0
485209,0
485210,0
485211,0
485212,0
485213,0
485214,0
485215,0
485216,0
485217,0
485218,0
485219,22
485220,0
485221,0
485222,0
485223,0
485224,0
485225,0
485226,21
485227,0
485228,34
485229,34
485230,0
485231,0
485232,0
485233,0
485234,0
485235,0
485236,0
485237,0
485238,0
485239,0
485240,0
485241,0
485242,0
485243,0
485244,0
485245,19
485246,0
485247,0
485248,0
485249,25
485250,0
485251,0
485252,0
485253,0
485254,0
485255,0
485256,0
485257,0
485258,25
485259,0
485260,0
485261,0
485262,0
485263,23
485264,0
485265,0
485266,0
485267,0
485268,0
485269,0
485270,0
485271,0
485272,24
485273,0
485274,34
485275,0
485276,0
485277,0
485278,0
485279,0
485280,36
485281,0
485282,0
485283,18
485284,31
485285,0
485286,0
485287,0
485288,0
485289,0
485290,0
485291,0
485292,0
485293,0
485294,0
485295,0
485296,0
485297,0
485298,0
485299,0
485300,0
485301,0
485302,0
485303,26
485304,20
485305,0
485306,0
485307,0
485308,0
485309,26
485310,0
485311,0
485312,22
485313,0
485314,0
485315,14
485316,0
485317,0
485318,0
485319,0
485320,0
485321,0
485322,0
485323,0
485324,0
485325,35
485326,0
485327,0
485328,0
485329,0
485330,0
485331,0
485332,0
485333,0
485334,0
485335,0
485336,0
485337,0
485338,0
485339,0
485340,0
485341,0
485342,0
485343,0
485344,0
485345,27
485346,0
485347,0
485348,0
485349,0
485350,0
485351,0
485352,0
485353,0
485354,0
485355,0
485356,0
485357,0
485358,0
485359,29
485360,0
485361,0
485362,0
485363,20
485364,0
485365,24
485366,0
485367,22
485368,0
485369,27
485370,0
485371,0
485372,0
485373,0
485374,0
485375,0
485376,0
485377,0
485378,0
485379,0
485380,0
485381,0
485382,0
485383,0
485384,23
485385,36
485386,0
485387,0
485388,0
485389,0
485390,0
485391,0
485392,0
485393,0
485394,0
485395,0
485396,0
485397,20
485398,0
485399,0
485400,0
485401,0
485402,0
485403,0
485404,0
485405,19
485406,0
485407,0
485408,35
485409,29
485410,0
485411,0
485412,0
485413,0
485414,0
485415,0
485416,0
485417,0
485418,0
485419,0
485420,18
485421,0
485422,0
485423,0
485424,29
485425,0
485426,0
485427,0
485428,27
485429,0
485430,0
485431,0
485432,0
485433,0
485434,0
485435,0
485436,29
485437,0
485438,0
485439,0
485440,0
485441,0
485442,22
485443,16
485444,0
485445,0
485446,25
485447,0
485448,0
485449,0
485450,0
485451,0
485452,23
485453,0
485454,0
485455,0
485456,0
485457,0
485458,0
485459,0
485460,0
485461,33
485462,0
485463,0
485464,0
485465,0
485466,0
485467,0
485468,0
485469,0
485470,0
485471,0
485472,0
485473,0
485474,0
485475,26
485476,0
485477,0
485478,0
485479,0
485480,0
485481,0
485482,0
485483,0
485484,0
485485,0
485486,0
485487,23
485488,28
485489,0
485490,0
485491,0
485492,25
485493,0
485494,30
485495,0
485496,0
485497,0
485498,0
485499,0
485500,0
485501,0
485502,25
485503,0
485504,0
485505,0
485506,0
485507,18
485508,16
485509,0
485510,0
485511,0
485512,0
485513,0
485514,0
485515,0
485516,29
485517,0
485518,0
485519,0
485520,0
485521,22
485522,22
485523,0
485524,0
485525,0
485526,0
485527,0
485528,0
485529,0
485530,0
485531,0
485532,0
485533,0
485534,0
485535,0
485536,9
485537,19
485538,0
485539,19
485540,0
485541,0
485542,0
485543,0
485544,0
485545,25
485546,0
485547,0
485548,0
485549,0
485550,0
485551,0
485552,0
485553,0
485554,0
485555,0
485556,26
485557,0
485558,0
485559,0
485560,0
485561,0
485562,0
485563,25
485564,0
485565,0
485566,0
485567,23
485568,25
485569,0
485570,0
485571,20
485572,0
485573,0
485574,0
485575,0
485576,18
485577,0
485578,0
485579,0
485580,0
485581,0
485582,31
485583,0
485584,0
485585,21
485586,0
485587,0
485588,0
485589,0
485590,25
485591,0
485592,0
485593,0
485594,0
485595,0
485596,0
485597,33
485598,0
485599,0
485600,0
485601,0
485602,0
485603,0
485604,0
485605,37
485606,0
485607,24
485608,0
485609,0
485610,0
485611,0
485612,27
485613,0
485614,31
485615,0
485616,0
485617,0
485618,25
485619,0
485620,0
485621,0
485622,0
485623,0
485624,0
485625,0
485626,17
485627,21
485628,16
485629,24
485630,0
485631,0
485632,0
485633,0
485634,0
485635,13
485636,20
485637,0
485638,0
485639,0
485640,0
485641,0
485642,0
485643,21
485644,0
485645,0
485646,0
485647,0
485648,0
485649,0
485650,0
485651,0
485652,22
485653,0
485654,0
485655,18
485656,35
485657,0
485658,0
485659,0
485660,0
485661,0
485662,18
485663,0
485664,0
485665,0
485666,23
485667,37
485668,0
485669,0
485670,0
485671,24
485672,33
485673,0
485674,0
485675,0
485676,20
485677,0
485678,0
485679,0
485680,0
485681,0
485682,0
485683,0
485684,0
485685,23
485686,0
485687,0
485688,0
485689,15
485690,0
485691,0
485692,0
485693,0
485694,0
485695,0
485696,0
485697,0
485698,0
485699,0
485700,0
485701,0
485702,32
485703,0
485704,0
485705,0
485706,0
485707,0
485708,18
485709,27
485710,0
485711,21
485712,0
485713,0
485714,21
485715,0
485716,21
485717,0
485718,0
485719,25
485720,21
485721,35
485722,0
485723,0
485724,0
485725,0
485726,0
485727,24
485728,12
485729,0
485730,17
485731,0
485732,24
485733,0
485734,0
485735,20
485736,0
485737,21
485738,0
485739,0
485740,19
485741,0
485742,0
485743,0
485744,0
485745,28
485746,20
485747,28
485748,0
485749,0
485750,16
485751,0
485752,29
485753,0
485754,13
485755,0
485756,21
485757,0
485758,0
485759,0
485760,17
485761,25
485762,22
485763,0
485764,22
485765,0
485766,0
485767,0
485768,0
485769,23
485770,0
485771,0
485772,23
485773,0
485774,0
485775,0
485776,0
485777,16
485778,0
485779,33
485780,26
485781,0
485782,0
485783,24
485784,23
485785,0
485786,0
485787,0
485788,0
485789,0
485790,0
485791,0
485792,0
485793,0
485794,0
485795,0
485796,36
485797,0
485798,0
485799,0
485800,0
485801,0
485802,0
485803,25
485804,23
485805,27
485806,0
485807,0
485808,33
485809,0
485810,0
485811,0
485812,28
485813,0
485814,0
485815,21
485816,0
485817,0
485818,0
485819,0
485820,0
485821,0
485822,0
485823,0
485824,24
485825,0
485826,0
485827,0
485828,0
485829,0
485830,0
485831,19
485832,0
485833,0
485834,0
485835,20
485836,0
485837,27
485838,28
485839,0
485840,0
485841,27
485842,24
485843,0
485844,0
485845,15
485846,0
485847,0
485848,0
485849,20
485850,0
485851,0
485852,0
485853,21
485854,0
485855,0
485856,0
485857,0
485858,25
485859,0
485860,0
485861,0
485862,0
485863,0
485864,0
485865,0
485866,16
485867,0
485868,0
485869,0
485870,15
485871,0
485872,0
485873,0
485874,22
485875,0
485876,0
485877,15
485878,12
485879,34
485880,0
485881,0
485882,13
485883,0
485884,0
485885,0
485886,0
485887,0
485888,0
485889,0
485890,26
485891,0
485892,0
485893,0
485894,23
485895,18
485896,0
485897,25
485898,0
485899,0
485900,0
485901,0
485902,17
485903,0
485904,0
485905,19
485906,17
485907,0
485908,0
485909,35
485910,0
485911,0
485912,0
485913,0
485914,20
485915,0
485916,0
485917,0
485918,0
485919,0
485920,0
485921,16
485922,0
485923,0
485924,0
485925,0
485926,0
485927,0
485928,0
485929,0
485930,0
485931,0
485932,0
485933,0
485934,0
485935,0
485936,0
485937,0
485938,0
485939,0
485940,28
485941,19
485942,0
485943,0
485944,0
485945,25
485946,32
485947,0
485948,0
485949,0
485950,20
485951,0
485952,0
485953,0
485954,0
485955,0
485956,0
485957,0
485958,22
485959,0
485960,15
485961,0
485962,0
485963,20
485964,0
485965,0
485966,0
485967,32
485968,25
485969,28
485970,0
485971,0
485972,0
485973,0
485974,0
485975,0
485976,0
485977,0
485978,23
485979,0
485980,0
485981,0
485982,0
485983,23
485984,23
485985,0
485986,18
485987,0
485988,0
485989,13
485990,31
485991,0
485992,24
485993,0
485994,0
485995,0
485996,0
485997,0
485998,0
485999,14
486000,0
486001,22
486002,0
486003,0
486004,0
486005,20
486006,0
486007,0
486008,0
486009,0
486010,26
486011,0
486012,0
486013,0
486014,18
486015,0
486016,0
486017,0
486018,20
486019,0
486020,0
486021,0
486022,28
486023,0
486024,0
486025,0
486026,0
486027,0
486028,0
486029,24
486030,0
486031,0
486032,23
486033,0
486034,18
486035,15
486036,0
486037,19
486038,0
486039,0
486040,0
486041,24
486042,0
486043,0
486044,0
486045,0
486046,0
486047,0
486048,0
486049,0
486050,0
486051,25
486052,0
486053,18
486054,0
486055,0
486056,0
486057,0
486058,0
486059,14
486060,28
486061,0
486062,0
486063,0
486064,0
486065,0
486066,0
486067,0
486068,0
486069,0
486070,0
486071,24
486072,16
486073,0
486074,0
486075,0
486076,24
486077,22
486078,23
486079,0
486080,0
486081,28
486082,0
486083,0
486084,0
486085,0
486086,0
486087,0
486088,0
486089,23
486090,0
486091,0
486092,0
486093,0
486094,0
486095,0
486096,0
486097,0
486098,0
486099,0
486100,25
486101,0
486102,18
486103,0
486104,0
486105,0
486106,0
486107,0
486108,21
486109,0
486110,0
486111,23
486112,0
486113,16
486114,0
486115,0
486116,0
486117,0
486118,0
486119,27
486120,24
486121,0
486122,0
486123,25
486124,0
486125,0
486126,0
486127,0
486128,26
486129,24
486130,0
486131,0
486132,0
486133,0
486134,0
486135,0
486136,0
486137,0
486138,0
486139,0
486140,0
486141,0
486142,0
486143,0
486144,0
486145,0
486146,0
486147,21
486148,0
486149,21
486150,0
486151,17
486152,0
486153,23
486154,0
486155,24
486156,0
486157,23
486158,0
486159,0
486160,23
486161,0
486162,0
486163,20
486164,0
486165,0
486166,0
486167,26
486168,23
486169,0
486170,0
486171,27
486172,17
486173,0
486174,0
486175,22
486176,0
486177,0
486178,0
486179,0
486180,22
486181,14
486182,0
486183,0
486184,25
486185,0
486186,0
486187,0
486188,14
486189,0
486190,0
486191,0
486192,0
486193,0
486194,0
486195,13
486196,0
486197,10
486198,0
486199,0
486200,17
486201,0
486202,0
486203,0
486204,0
486205,0
486206,43
486207,23
486208,33
486209,0
486210,0
486211,16
486212,0
486213,0
486214,14
486215,0
486216,21
486217,20
486218,24
486219,0
486220,0
486221,0
486222,28
486223,0
486224,0
486225,0
486226,20
486227,0
486228,0
486229,0
486230,35
486231,0
486232,0
486233,0
486234,19
486235,0
486236,0
486237,0
486238,0
486239,0
486240,0
486241,0
486242,0
486243,0
486244,0
486245,0
486246,22
486247,17
486248,0
486249,0
486250,0
486251,0
486252,0
486253,0
486254,0
486255,0
486256,0
486257,0
486258,0
486259,0
486260,0
486261,0
486262,0
486263,0
486264,0
486265,0
486266,0
486267,0
486268,0
486269,0
486270,0
486271,0
486272,0
486273,0
486274,0
486275,0
486276,0
486277,0
486278,0
486279,0
486280,0
486281,0
486282,0
486283,0
486284,0
486285,0
486286,1
486287,0
486288,0
486289,0
486290,0
486291,0
486292,0
486293,0
486294,0
486295,0
486296,0
486297,0
486298,2
486299,0
486300,0
486301,0
486302,2
486303,0
486304,0
486305,0
486306,0
486307,0
486308,2
486309,0
486310,0
486311,0
486312,0
486313,0
486314,0
486315,1
486316,0
486317,0
486318,0
486319,0
486320,0
486321,0
486322,0
486323,0
486324,0
486325,0
486326,0
486327,0
486328,0
486329,0
486330,0
486331,0
486332,1
486333,0
486334,2
486335,0
486336,0
486337,0
486338,0
486339,0
486340,0
486341,0
486342,0
486343,0
486344,0
486345,0
486346,0
486347,0
486348,0
486349,1
486350,0
486351,0
486352,0
486353,2
486354,0
486355,2
486356,0
486357,0
486358,0
486359,0
486360,1
486361,0
486362,0
486363,0
486364,0
486365,0
486366,0
486367,0
486368,0
486369,0
486370,0
486371,0
486372,0
486373,0
486374,0
486375,0
486376,0
486377,0
486378,0
486379,0
486380,0
486381,0
486382,0
486383,0
486384,0
486385,0
486386,0
486387,1
486388,0
486389,0
486390,0
486391,0
486392,0
486393,0
486394,0
486395,0
486396,0
486397,0
486398,0
486399,0
486400,0
486401,0
486402,0
486403,0
486404,0
486405,0
486406,1
486407,0
486408,0
486409,0
486410,6
486411,0
486412,0
486413,1
486414,0
486415,0
486416,0
486417,0
486418,2
486419,0
486420,0
486421,2
486422,1
486423,3
486424,0
486425,0
486426,0
486427,0
486428,0
486429,0
486430,0
486431,1
486432,0
486433,0
486434,0
486435,0
486436,0
486437,0
486438,0
486439,0
486440,0
486441,0
486442,0
486443,0
486444,0
486445,0
486446,0
486447,0
486448,0
486449,0
486450,0
486451,0
486452,0
486453,0
486454,0
486455,0
486456,0
486457,0
486458,1
486459,0
486460,0
486461,3
486462,0
486463,0
486464,0
486465,0
486466,0
486467,0
486468,0
486469,0
486470,0
486471,0
486472,5
486473,0
486474,0
486475,0
486476,0
486477,0
486478,0
486479,0
486480,1
486481,0
486482,0
486483,0
486484,0
486485,0
486486,0
486487,1
486488,0
486489,1
486490,0
486491,0
486492,0
486493,1
486494,0
486495,0
486496,0
486497,0
486498,0
486499,0
486500,0
486501,0
486502,0
486503,0
486504,0
486505,0
486506,0
486507,0
486508,0
486509,0
486510,2
486511,0
486512,4
486513,2
486514,0
486515,0
486516,0
486517,0
486518,2
486519,0
486520,0
486521,0
486522,0
486523,0
486524,0
486525,0
486526,0
486527,0
486528,0
486529,0
486530,3
486531,0
486532,0
486533,0
486534,0
486535,1
486536,0
486537,0
486538,1
486539,0
486540,0
486541,0
486542,0
486543,0
486544,0
486545,0
486546,0
486547,0
486548,0
486549,0
486550,0
486551,0
486552,0
486553,1
486554,2
486555,0
486556,0
486557,0
486558,0
486559,0
486560,0
486561,0
486562,0
486563,0
486564,0
486565,2
486566,0
486567,0
486568,0
486569,1
486570,0
486571,0
486572,0
486573,0
486574,0
486575,0
486576,0
486577,0
486578,0
486579,0
486580,0
486581,0
486582,0
486583,0
486584,0
486585,0
486586,0
486587,0
486588,2
486589,0
486590,0
486591,0
486592,0
486593,0
486594,0
486595,0
486596,0
486597,0
486598,0
486599,0
486600,1
486601,0
486602,1
486603,0
486604,1
486605,0
486606,0
486607,0
486608,0
486609,4
486610,0
486611,0
486612,0
486613,0
486614,0
486615,0
486616,0
486617,0
486618,0
486619,0
486620,0
486621,3
486622,0
486623,0
486624,0
486625,3
486626,0
486627,0
486628,0
486629,1
486630,0
486631,0
486632,0
486633,0
486634,0
486635,0
486636,0
486637,2
486638,1
486639,0
486640,0
486641,0
486642,1
486643,0
486644,0
486645,2
486646,1
486647,0
486648,0
486649,1
486650,0
486651,0
486652,0
486653,0
486654,0
486655,2
486656,0
486657,1
486658,0
486659,0
486660,0
486661,0
486662,0
486663,2
486664,0
486665,2
486666,0
486667,0
486668,0
486669,0
486670,0
486671,0
486672,0
486673,0
486674,2
486675,0
486676,0
486677,0
486678,2
486679,0
486680,0
486681,0
486682,0
486683,0
486684,0
486685,0
486686,0
486687,0
486688,0
486689,0
486690,0
486691,0
486692,0
486693,0
486694,0
486695,0
486696,0
486697,19
486698,0
486699,0
486700,28
486701,25
486702,0
486703,24
486704,0
486705,0
486706,0
486707,32
486708,0
486709,36
486710,0
486711,40
486712,0
486713,0
486714,0
486715,0
486716,0
486717,0
486718,28
486719,0
486720,39
486721,0
486722,0
486723,0
486724,0
486725,0
486726,23
486727,0
486728,25
486729,0
486730,0
486731,0
486732,0
486733,0
486734,0
486735,15
486736,21
486737,35
486738,28
486739,38
486740,0
486741,0
486742,0
486743,0
486744,42
486745,0
486746,38
486747,0
486748,0
486749,0
486750,29
486751,40
486752,0
486753,0
486754,0
486755,0
486756,24
486757,0
486758,0
486759,0
486760,0
486761,0
486762,28
486763,0
486764,0
486765,40
486766,0
486767,0
486768,0
486769,0
486770,28
486771,0
486772,0
486773,0
486774,0
486775,0
486776,30
486777,34
486778,0
486779,0
486780,0
486781,26
486782,0
486783,22
486784,0
486785,0
486786,27
486787,28
486788,29
486789,0
486790,0
486791,26
486792,0
486793,0
486794,22
486795,32
486796,0
486797,0
486798,32
486799,30
486800,36
486801,0
486802,0
486803,0
486804,0
486805,0
486806,30
486807,49
486808,0
486809,35
486810,0
486811,0
486812,38
486813,36
486814,0
486815,0
486816,0
486817,33
486818,33
486819,0
486820,0
486821,34
486822,0
486823,0
486824,0
486825,22
486826,0
486827,0
486828,27
486829,0
486830,0
486831,0
486832,0
486833,0
486834,0
486835,0
486836,0
486837,0
486838,0
486839,0
486840,0
486841,25
486842,0
486843,0
486844,19
486845,0
486846,0
486847,25
486848,23
486849,48
486850,34
486851,35
486852,0
486853,0
486854,0
486855,0
486856,0
486857,0
486858,0
486859,0
486860,0
486861,27
486862,0
486863,0
486864,0
486865,0
486866,0
486867,22
486868,0
486869,0
486870,31
486871,45
486872,0
486873,24
486874,36
486875,0
486876,0
486877,0
486878,0
486879,0
486880,0
486881,0
486882,0
486883,0
486884,29
486885,0
486886,36
486887,29
486888,50
486889,0
486890,0
486891,0
486892,0
486893,0
486894,0
486895,0
486896,0
486897,0
486898,0
486899,21
486900,0
486901,0
486902,0
486903,37
486904,19
486905,0
486906,0
486907,0
486908,48
486909,0
486910,0
486911,33
486912,0
486913,0
486914,29
486915,0
486916,26
486917,27
486918,0
486919,28
486920,0
486921,0
486922,26
486923,0
486924,34
486925,24
486926,0
486927,0
486928,31
486929,0
486930,0
486931,37
486932,0
486933,37
486934,0
486935,28
486936,0
486937,28
486938,0
486939,36
486940,0
486941,0
486942,0
486943,35
486944,29
486945,0
486946,0
486947,0
486948,0
486949,0
486950,0
486951,0
486952,0
486953,0
486954,0
486955,12
486956,0
486957,0
486958,0
486959,0
486960,0
486961,0
486962,0
486963,0
486964,0
486965,0
486966,0
486967,0
486968,0
486969,0
486970,0
486971,37
486972,0
486973,38
486974,0
486975,28
486976,0
486977,39
486978,0
486979,0
486980,0
486981,31
486982,35
486983,0
486984,0
486985,24
486986,0
486987,0
486988,0
486989,0
486990,38
486991,0
486992,0
486993,0
486994,0
486995,0
486996,30
486997,32
486998,0
486999,38
487000,30
487001,0
487002,0
487003,0
487004,38
487005,0
487006,0
487007,37
487008,0
487009,0
487010,0
487011,0
487012,0
487013,0
487014,0
487015,31
487016,0
487017,0
487018,0
487019,0
487020,0
487021,0
487022,0
487023,0
487024,0
487025,0
487026,0
487027,0
487028,0
487029,0
487030,0
487031,0
487032,0
487033,0
487034,0
487035,0
487036,0
487037,0
487038,0
487039,23
487040,0
487041,0
487042,43
487043,0
487044,0
487045,27
487046,0
487047,0
487048,24
487049,0
487050,0
487051,25
487052,0
487053,30
487054,0
487055,0
487056,0
487057,0
487058,34
487059,0
487060,31
487061,0
487062,0
487063,23
487064,0
487065,0
487066,0
487067,31
487068,0
487069,0
487070,0
487071,0
487072,0
487073,0
487074,28
487075,0
487076,0
487077,32
487078,31
487079,22
487080,0
487081,0
487082,34
487083,0
487084,0
487085,0
487086,0
487087,27
487088,0
487089,0
487090,0
487091,0
487092,0
487093,40
487094,0
487095,39
487096,38
487097,0
487098,0
487099,0
487100,0
487101,0
487102,0
487103,0
487104,0
487105,0
487106,0
487107,0
487108,0
487109,0
487110,0
487111,0
487112,0
487113,0
487114,0
487115,0
487116,0
487117,0
487118,0
487119,0
487120,0
487121,0
487122,0
487123,29
487124,0
487125,0
487126,0
487127,0
487128,0
487129,30
487130,0
487131,0
487132,0
487133,26
487134,0
487135,0
487136,0
487137,31
487138,0
487139,0
487140,0
487141,0
487142,31
487143,0
487144,0
487145,0
487146,37
487147,0
487148,0
487149,36
487150,39
487151,0
487152,0
487153,0
487154,0
487155,25
487156,0
487157,0
487158,0
487159,0
487160,27
487161,0
487162,0
487163,0
487164,0
487165,0
487166,0
487167,0
487168,0
487169,21
487170,0
487171,0
487172,0
487173,0
487174,0
487175,0
487176,0
487177,0
487178,29
487179,0
487180,0
487181,23
487182,31
487183,0
487184,36
487185,0
487186,0
487187,21
487188,0
487189,27
487190,0
487191,0
487192,20
487193,0
487194,0
487195,0
487196,0
487197,43
487198,0
487199,33
487200,0
487201,0
487202,0
487203,0
487204,30
487205,0
487206,35
487207,0
487208,0
487209,0
487210,0
487211,28
487212,0
487213,0
487214,29
487215,0
487216,0
487217,41
487218,31
487219,0
487220,33
487221,0
487222,0
487223,21
487224,0
487225,35
487226,0
487227,28
487228,24
487229,0
487230,0
487231,0
487232,0
487233,33
487234,0
487235,0
487236,0
487237,0
487238,0
487239,0
487240,0
487241,0
487242,0
487243,0
487244,0
487245,0
487246,0
487247,0
487248,0
487249,0
487250,31
487251,0
487252,0
487253,0
487254,0
487255,33
487256,0
487257,0
487258,40
487259,0
487260,0
487261,0
487262,0
487263,32
487264,0
487265,0
487266,24
487267,0
487268,0
487269,0
487270,0
487271,39
487272,21
487273,0
487274,0
487275,38
487276,0
487277,30
487278,32
487279,0
487280,38
487281,0
487282,0
487283,27
487284,0
487285,0
487286,0
487287,0
487288,35
487289,20
487290,44
487291,0
487292,32
487293,0
487294,21
487295,21
487296,0
487297,24
487298,0
487299,39
487300,37
487301,0
487302,29
487303,0
487304,35
487305,0
487306,0
487307,32
487308,37
487309,0
487310,0
487311,0
487312,0
487313,0
487314,0
487315,0
487316,0
487317,0
487318,0
487319,0
487320,0
487321,0
487322,0
487323,0
487324,0
487325,35
487326,0
487327,0
487328,0
487329,40
487330,0
487331,0
487332,34
487333,25
487334,0
487335,19
487336,0
487337,37
487338,0
487339,0
487340,23
487341,32
487342,0
487343,0
487344,0
487345,0
487346,0
487347,32
487348,0
487349,24
487350,31
487351,0
487352,0
487353,0
487354,0
487355,0
487356,0
487357,0
487358,0
487359,0
487360,0
487361,40
487362,0
487363,0
487364,0
487365,30
487366,0
487367,0
487368,0
487369,0
487370,31
487371,0
487372,0
487373,0
487374,0
487375,0
487376,36
487377,38
487378,0
487379,0
487380,0
487381,0
487382,0
487383,0
487384,0
487385,30
487386,25
487387,0
487388,0
487389,27
487390,27
487391,0
487392,0
487393,37
487394,0
487395,35
487396,0
487397,30
487398,0
487399,0
487400,0
487401,0
487402,27
487403,32
487404,0
487405,0
487406,0
487407,0
487408,32
487409,20
487410,0
487411,0
487412,0
487413,0
487414,0
487415,24
487416,0
487417,0
487418,0
487419,0
487420,0
487421,0
487422,0
487423,29
487424,0
487425,0
487426,0
487427,44
487428,0
487429,32
487430,0
487431,38
487432,0
487433,0
487434,21
487435,0
487436,0
487437,0
487438,0
487439,38
487440,0
487441,25
487442,28
487443,38
487444,0
487445,0
487446,0
487447,0
487448,0
487449,0
487450,0
487451,0
487452,36
487453,0
487454,0
487455,0
487456,30
487457,24
487458,37
487459,0
487460,0
487461,0
487462,0
487463,35
487464,0
487465,0
487466,0
487467,0
487468,46
487469,0
487470,18
487471,0
487472,0
487473,0
487474,0
487475,0
487476,0
487477,0
487478,29
487479,0
487480,30
487481,0
487482,0
487483,43
487484,34
487485,24
487486,0
487487,0
487488,21
487489,27
487490,0
487491,0
487492,24
487493,0
487494,0
487495,30
487496,30
487497,34
487498,0
487499,0
487500,0
487501,0
487502,0
487503,28
487504,0
487505,0
487506,0
487507,37
487508,0
487509,0
487510,0
487511,0
487512,0
487513,0
487514,0
487515,0
487516,20
487517,32
487518,0
487519,0
487520,0
487521,26
487522,22
487523,0
487524,0
487525,0
487526,32
487527,0
487528,0
487529,0
487530,31
487531,0
487532,0
487533,0
487534,0
487535,0
487536,24
487537,0
487538,0
487539,34
487540,0
487541,0
487542,36
487543,0
487544,0
487545,22
487546,36
487547,0
487548,0
487549,0
487550,0
487551,0
487552,0
487553,0
487554,0
487555,39
487556,47
487557,0
487558,36
487559,0
487560,27
487561,0
487562,0
487563,0
487564,0
487565,0
487566,24
487567,0
487568,30
487569,28
487570,0
487571,0
487572,0
487573,0
487574,0
487575,0
487576,0
487577,0
487578,0
487579,35
487580,0
487581,0
487582,0
487583,0
487584,0
487585,0
487586,24
487587,0
487588,0
487589,0
487590,0
487591,0
487592,30
487593,0
487594,0
487595,0
487596,43
487597,0
487598,0
487599,0
487600,0
487601,0
487602,0
487603,0
487604,38
487605,0
487606,30
487607,33
487608,0
487609,0
487610,0
487611,14
487612,6
487613,0
487614,0
487615,7
487616,0
487617,5
487618,12
487619,14
487620,0
487621,0
487622,0
487623,10
487624,0
487625,0
487626,0
487627,0
487628,10
487629,0
487630,6
487631,13
487632,13
487633,0
487634,0
487635,0
487636,0
487637,10
487638,0
487639,10
487640,0
487641,0
487642,2
487643,0
487644,0
487645,0
487646,0
487647,6
487648,0
487649,11
487650,0
487651,13
487652,0
487653,0
487654,8
487655,0
487656,11
487657,0
487658,0
487659,0
487660,0
487661,8
487662,8
487663,0
487664,6
487665,0
487666,11
487667,0
487668,6
487669,0
487670,0
487671,0
487672,0
487673,0
487674,0
487675,7
487676,0
487677,0
487678,10
487679,0
487680,0
487681,0
487682,0
487683,0
487684,0
487685,6
487686,3
487687,0
487688,0
487689,0
487690,12
487691,0
487692,0
487693,0
487694,0
487695,16
487696,0
487697,18
487698,0
487699,7
487700,0
487701,0
487702,13
487703,0
487704,0
487705,0
487706,0
487707,8
487708,10
487709,7
487710,4
487711,0
487712,0
487713,0
487714,0
487715,7
487716,0
487717,3
487718,0
487719,6
487720,0
487721,7
487722,0
487723,0
487724,0
487725,0
487726,0
487727,0
487728,0
487729,0
487730,0
487731,2
487732,8
487733,0
487734,0
487735,0
487736,11
487737,14
487738,0
487739,0
487740,0
487741,12
487742,0
487743,0
487744,10
487745,0
487746,5
487747,0
487748,0
487749,0
487750,0
487751,0
487752,13
487753,0
487754,6
487755,0
487756,9
487757,0
487758,9
487759,13
487760,0
487761,0
487762,0
487763,0
487764,0
487765,8
487766,0
487767,0
487768,7
487769,10
487770,0
487771,0
487772,0
487773,0
487774,0
487775,9
487776,0
487777,0
487778,0
487779,10
487780,0
487781,7
487782,0
487783,13
487784,0
487785,0
487786,0
487787,10
487788,0
487789,0
487790,11
487791,0
487792,0
487793,0
487794,0
487795,0
487796,0
487797,0
487798,0
487799,17
487800,8
487801,10
487802,0
487803,0
487804,0
487805,7
487806,0
487807,0
487808,11
487809,0
487810,0
487811,0
487812,0
487813,0
487814,0
487815,10
487816,0
487817,0
487818,0
487819,13
487820,11
487821,3
487822,0
487823,0
487824,13
487825,4
487826,5
487827,0
487828,0
487829,0
487830,0
487831,0
487832,0
487833,0
487834,0
487835,0
487836,0
487837,0
487838,0
487839,5
487840,6
487841,0
487842,0
487843,0
487844,0
487845,3
487846,16
487847,0
487848,0
487849,0
487850,0
487851,0
487852,0
487853,0
487854,0
487855,0
487856,0
487857,0
487858,11
487859,12
487860,8
487861,0
487862,0
487863,13
487864,0
487865,0
487866,6
487867,0
487868,0
487869,9
487870,0
487871,13
487872,0
487873,0
487874,0
487875,0
487876,0
487877,0
487878,0
487879,17
487880,0
487881,0
487882,0
487883,0
487884,0
487885,0
487886,0
487887,0
487888,0
487889,0
487890,12
487891,11
487892,0
487893,18
487894,0
487895,12
487896,7
487897,0
487898,0
487899,0
487900,15
487901,0
487902,0
487903,0
487904,0
487905,9
487906,0
487907,0
487908,9
487909,16
487910,0
487911,0
487912,0
487913,0
487914,12
487915,0
487916,0
487917,0
487918,0
487919,0
487920,0
487921,0
487922,0
487923,9
487924,0
487925,0
487926,0
487927,0
487928,5
487929,0
487930,0
487931,0
487932,0
487933,0
487934,7
487935,0
487936,0
487937,13
487938,0
487939,0
487940,0
487941,0
487942,0
487943,0
487944,0
487945,0
487946,0
487947,0
487948,14
487949,0
487950,0
487951,6
487952,0
487953,0
487954,0
487955,0
487956,4
487957,0
487958,10
487959,0
487960,0
487961,0
487962,0
487963,0
487964,9
487965,0
487966,0
487967,5
487968,0
487969,0
487970,0
487971,0
487972,8
487973,0
487974,0
487975,11
487976,0
487977,6
487978,2
487979,0
487980,15
487981,7
487982,0
487983,9
487984,0
487985,0
487986,0
487987,4
487988,10
487989,0
487990,0
487991,0
487992,9
487993,0
487994,0
487995,0
487996,4
487997,0
487998,0
487999,0
488000,0
488001,0
488002,16
488003,0
488004,0
488005,3
488006,0
488007,0
488008,0
488009,0
488010,0
488011,9
488012,0
488013,0
488014,0
488015,8
488016,0
488017,0
488018,0
488019,0
488020,7
488021,0
488022,0
488023,0
488024,0
488025,0
488026,7
488027,0
488028,0
488029,0
488030,8
488031,0
488032,10
488033,10
488034,8
488035,0
488036,0
488037,0
488038,14
488039,0
488040,6
488041,0
488042,0
488043,0
488044,0
488045,7
488046,0
488047,0
488048,0
488049,0
488050,0
488051,0
488052,6
488053,0
488054,0
488055,0
488056,0
488057,10
488058,0
488059,0
488060,0
488061,0
488062,0
488063,0
488064,0
488065,0
488066,0
488067,0
488068,0
488069,8
488070,0
488071,0
488072,0
488073,0
488074,0
488075,13
488076,0
488077,0
488078,0
488079,0
488080,0
488081,0
488082,0
488083,0
488084,0
488085,0
488086,0
488087,10
488088,0
488089,3
488090,0
488091,0
488092,0
488093,0
488094,0
488095,0
488096,0
488097,12
488098,0
488099,14
488100,0
488101,0
488102,10
488103,12
488104,0
488105,0
488106,0
488107,0
488108,6
488109,0
488110,9
488111,12
488112,8
488113,9
488114,6
488115,5
488116,0
488117,0
488118,0
488119,13
488120,9
488121,0
488122,7
488123,0
488124,9
488125,0
488126,12
488127,0
488128,0
488129,26
488130,0
488131,0
488132,0
488133,0
488134,0
488135,0
488136,0
488137,0
488138,0
488139,5
488140,0
488141,0
488142,0
488143,0
488144,0
488145,0
488146,0
488147,0
488148,0
488149,7
488150,0
488151,0
488152,0
488153,0
488154,9
488155,8
488156,9
488157,11
488158,0
488159,0
488160,0
488161,0
488162,0
488163,10
488164,0
488165,0
488166,0
488167,14
488168,0
488169,9
488170,6
488171,0
488172,0
488173,0
488174,9
488175,0
488176,13
488177,0
488178,13
488179,0
488180,0
488181,0
488182,0
488183,13
488184,0
488185,0
488186,0
488187,0
488188,2
488189,0
488190,0
488191,0
488192,0
488193,0
488194,0
488195,0
488196,0
488197,0
488198,0
488199,0
488200,0
488201,0
488202,0
488203,0
488204,0
488205,13
488206,0
488207,0
488208,0
488209,0
488210,0
488211,0
488212,15
488213,0
488214,0
488215,0
488216,17
488217,0
488218,0
488219,0
488220,0
488221,0
488222,0
488223,8
488224,26
488225,0
488226,0
488227,0
488228,0
488229,0
488230,0
488231,0
488232,10
488233,0
488234,0
488235,0
488236,13
488237,0
488238,0
488239,8
488240,0
488241,0
488242,10
488243,0
488244,0
488245,0
488246,0
488247,8
488248,6
488249,0
488250,0
488251,0
488252,0
488253,0
488254,0
488255,0
488256,0
488257,0
488258,0
488259,0
488260,0
488261,0
488262,0
488263,0
488264,47
488265,0
488266,0
488267,0
488268,0
488269,0
488270,0
488271,0
488272,36
488273,0
488274,0
488275,0
488276,0
488277,0
488278,0
488279,0
488280,0
488281,0
488282,0
488283,0
488284,0
488285,0
488286,0
488287,0
488288,0
488289,26
488290,24
488291,0
488292,0
488293,0
488294,35
488295,0
488296,0
488297,0
488298,0
488299,0
488300,0
488301,0
488302,0
488303,0
488304,0
488305,0
488306,0
488307,0
488308,46
488309,0
488310,0
488311,28
488312,30
488313,0
488314,0
488315,0
488316,0
488317,37
488318,0
488319,0
488320,0
488321,0
488322,0
488323,0
488324,0
488325,0
488326,37
488327,0
488328,0
488329,0
488330,0
488331,0
488332,0
488333,0
488334,0
488335,0
488336,0
488337,0
488338,0
488339,0
488340,0
488341,0
488342,0
488343,46
488344,0
488345,0
488346,0
488347,0
488348,0
488349,0
488350,0
488351,0
488352,0
488353,0
488354,36
488355,0
488356,25
488357,0
488358,0
488359,0
488360,0
488361,0
488362,0
488363,0
488364,0
488365,0
488366,35
488367,0
488368,0
488369,0
488370,0
488371,0
488372,0
488373,0
488374,0
488375,0
488376,0
488377,0
488378,0
488379,0
488380,0
488381,0
488382,0
488383,0
488384,0
488385,0
488386,0
488387,0
488388,30
488389,0
488390,0
488391,0
488392,0
488393,0
488394,0
488395,0
488396,0
488397,0
488398,0
488399,0
488400,0
488401,0
488402,0
488403,0
488404,0
488405,0
488406,24
488407,0
488408,0
488409,0
488410,0
488411,0
488412,0
488413,0
488414,0
488415,33
488416,0
488417,0
488418,0
488419,0
488420,0
488421,0
488422,0
488423,0
488424,0
488425,0
488426,0
488427,0
488428,39
488429,0
488430,0
488431,0
488432,27
488433,27
488434,0
488435,0
488436,35
488437,0
488438,0
488439,0
488440,0
488441,0
488442,0
488443,0
488444,0
488445,0
488446,26
488447,0
488448,0
488449,0
488450,0
488451,0
488452,0
488453,0
488454,44
488455,0
488456,0
488457,0
488458,0
488459,0
488460,0
488461,0
488462,0
488463,0
488464,0
488465,0
488466,0
488467,0
488468,36
488469,0
488470,0
488471,0
488472,30
488473,0
488474,0
488475,0
488476,31
488477,0
488478,0
488479,0
488480,50
488481,0
488482,0
488483,0
488484,0
488485,0
488486,0
488487,0
488488,0
488489,0
488490,26
488491,0
488492,36
488493,0
488494,0
488495,0
488496,0
488497,0
488498,0
488499,0
488500,0
488501,0
488502,0
488503,0
488504,37
488505,0
488506,0
488507,0
488508,29
488509,0
488510,0
488511,0
488512,0
488513,22
488514,0
488515,0
488516,39
488517,0
488518,0
488519,0
488520,0
488521,0
488522,0
488523,0
488524,0
488525,0
488526,0
488527,0
488528,0
488529,0
488530,0
488531,0
488532,0
488533,0
488534,0
488535,0
488536,0
488537,0
488538,0
488539,33
488540,0
488541,43
488542,0
488543,0
488544,0
488545,51
488546,0
488547,0
488548,0
488549,0
488550,34
488551,0
488552,0
488553,26
488554,0
488555,0
488556,0
488557,39
488558,30
488559,0
488560,0
488561,0
488562,0
488563,0
488564,0
488565,0
488566,0
488567,0
488568,0
488569,0
488570,0
488571,0
488572,0
488573,0
488574,0
488575,0
488576,0
488577,0
488578,0
488579,27
488580,0
488581,0
488582,0
488583,0
488584,0
488585,0
488586,0
488587,0
488588,32
488589,0
488590,0
488591,0
488592,0
488593,0
488594,0
488595,0
488596,0
488597,0
488598,0
488599,41
488600,0
488601,0
488602,0
488603,0
488604,41
488605,0
488606,0
488607,0
488608,0
488609,38
488610,0
488611,0
488612,0
488613,0
488614,0
488615,0
488616,0
488617,0
488618,27
488619,0
488620,0
488621,0
488622,0
488623,0
488624,0
488625,0
488626,18
488627,0
488628,0
488629,0
488630,44
488631,25
488632,0
488633,0
488634,0
488635,0
488636,0
488637,0
488638,0
488639,0
488640,47
488641,0
488642,38
488643,0
488644,0
488645,0
488646,46
488647,0
488648,0
488649,0
488650,32
488651,0
488652,0
488653,0
488654,0
488655,0
488656,0
488657,0
488658,0
488659,0
488660,34
488661,0
488662,0
488663,0
488664,0
488665,0
488666,0
488667,0
488668,0
488669,0
488670,0
488671,0
488672,0
488673,0
488674,0
488675,0
488676,0
488677,0
488678,0
488679,0
488680,0
488681,0
488682,0
488683,0
488684,0
488685,0
488686,0
488687,0
488688,0
488689,0
488690,0
488691,0
488692,0
488693,0
488694,0
488695,0
488696,0
488697,0
488698,0
488699,0
488700,0
488701,0
488702,0
488703,0
488704,0
488705,0
488706,0
488707,0
488708,0
488709,0
488710,0
488711,0
488712,0
488713,0
488714,0
488715,0
488716,0
488717,0
488718,0
488719,0
488720,0
488721,0
488722,0
488723,0
488724,0
488725,0
488726,0
488727,0
488728,0
488729,0
488730,0
488731,0
488732,0
488733,0
488734,0
488735,0
488736,0
488737,0
488738,0
488739,0
488740,0
488741,0
488742,0
488743,0
488744,0
488745,0
488746,0
488747,0
488748,0
488749,0
488750,0
488751,0
488752,0
488753,0
488754,0
488755,0
488756,0
488757,0
488758,0
488759,0
488760,0
488761,0
488762,0
488763,0
488764,0
488765,0
488766,0
488767,1
488768,0
488769,0
488770,0
488771,0
488772,0
488773,0
488774,0
488775,0
488776,0
488777,0
488778,0
488779,0
488780,0
488781,2
488782,0
488783,0
488784,0
488785,0
488786,0
488787,0
488788,0
488789,0
488790,0
488791,0
488792,0
488793,0
488794,0
488795,0
488796,0
488797,0
488798,0
488799,0
488800,0
488801,0
488802,0
488803,0
488804,0
488805,0
488806,0
488807,0
488808,0
488809,0
488810,0
488811,0
488812,0
488813,2
488814,0
488815,0
488816,0
488817,0
488818,0
488819,0
488820,0
488821,0
488822,0
488823,0
488824,0
488825,0
488826,0
488827,0
488828,0
488829,37
488830,0
488831,0
488832,0
488833,0
488834,13
488835,0
488836,0
488837,0
488838,0
488839,0
488840,0
488841,0
488842,0
488843,13
488844,0
488845,0
488846,0
488847,0
488848,0
488849,0
488850,13
488851,16
488852,0
488853,0
488854,0
488855,0
488856,0
488857,0
488858,0
488859,0
488860,0
488861,0
488862,15
488863,0
488864,0
488865,0
488866,0
488867,0
488868,0
488869,12
488870,0
488871,0
488872,19
488873,0
488874,23
488875,18
488876,0
488877,0
488878,0
488879,0
488880,0
488881,0
488882,0
488883,0
488884,0
488885,0
488886,0
488887,0
488888,0
488889,0
488890,0
488891,0
488892,0
488893,0
488894,0
488895,0
488896,0
488897,0
488898,0
488899,0
488900,0
488901,0
488902,0
488903,0
488904,0
488905,0
488906,0
488907,0
488908,0
488909,21
488910,0
488911,0
488912,0
488913,0
488914,18
488915,0
488916,0
488917,0
488918,0
488919,0
488920,0
488921,0
488922,0
488923,0
488924,0
488925,0
488926,0
488927,0
488928,0
488929,0
488930,0
488931,0
488932,0
488933,0
488934,0
488935,0
488936,0
488937,0
488938,0
488939,0
488940,0
488941,0
488942,0
488943,0
488944,0
488945,7
488946,0
488947,0
488948,0
488949,0
488950,0
488951,0
488952,11
488953,0
488954,0
488955,28
488956,0
488957,0
488958,0
488959,0
488960,0
488961,0
488962,0
488963,0
488964,0
488965,0
488966,0
488967,0
488968,0
488969,0
488970,0
488971,0
488972,0
488973,0
488974,0
488975,0
488976,0
488977,0
488978,0
488979,0
488980,0
488981,0
488982,22
488983,0
488984,0
488985,0
488986,0
488987,0
488988,0
488989,0
488990,0
488991,0
488992,0
488993,0
488994,0
488995,15
488996,0
488997,0
488998,0
488999,0
489000,0
489001,0
489002,0
489003,0
489004,0
489005,0
489006,8
489007,0
489008,0
489009,14
489010,0
489011,19
489012,0
489013,0
489014,0
489015,0
489016,0
489017,0
489018,0
489019,0
489020,0
489021,0
489022,0
489023,0
489024,0
489025,0
489026,0
489027,0
489028,0
489029,0
489030,0
489031,0
489032,9
489033,0
489034,0
489035,0
489036,0
489037,0
489038,0
489039,0
489040,0
489041,0
489042,0
489043,0
489044,0
489045,0
489046,0
489047,0
489048,0
489049,0
489050,0
489051,0
489052,0
489053,0
489054,0
489055,0
489056,0
489057,0
489058,0
489059,0
489060,0
489061,0
489062,0
489063,0
489064,0
489065,0
489066,0
489067,0
489068,0
489069,0
489070,0
489071,0
489072,0
489073,12
489074,0
489075,0
489076,0
489077,10
489078,0
489079,0
489080,0
489081,0
489082,0
489083,0
489084,0
489085,0
489086,0
489087,0
489088,0
489089,0
489090,0
489091,0
489092,0
489093,0
489094,0
489095,0
489096,0
489097,0
489098,16
489099,0
489100,0
489101,0
489102,0
489103,0
489104,0
489105,0
489106,0
489107,21
489108,0
489109,0
489110,0
489111,0
489112,0
489113,0
489114,0
489115,0
489116,0
489117,0
489118,0
489119,0
489120,0
489121,0
489122,12
489123,0
489124,0
489125,13
489126,0
489127,0
489128,0
489129,0
489130,0
489131,0
489132,21
489133,0
489134,0
489135,0
489136,0
489137,0
489138,21
489139,0
489140,0
489141,0
489142,0
489143,0
489144,0
489145,0
489146,0
489147,0
489148,0
489149,0
489150,0
489151,0
489152,0
489153,0
489154,0
489155,0
489156,0
489157,0
489158,0
489159,0
489160,0
489161,0
489162,0
489163,0
489164,0
489165,0
489166,19
489167,0
489168,0
489169,0
489170,0
489171,0
489172,0
489173,0
489174,0
489175,0
489176,18
489177,0
489178,0
489179,0
489180,0
489181,0
489182,0
489183,0
489184,0
489185,0
489186,0
489187,0
489188,0
489189,0
489190,0
489191,0
489192,0
489193,12
489194,0
489195,0
489196,0
489197,0
489198,0
489199,0
489200,0
489201,12
489202,0
489203,0
489204,0
489205,0
489206,0
489207,0
489208,0
489209,0
489210,0
489211,0
489212,0
489213,0
489214,0
489215,0
489216,0
489217,0
489218,19
489219,10
489220,0
489221,0
489222,0
489223,0
489224,0
489225,0
489226,0
489227,0
489228,0
489229,0
489230,0
489231,0
489232,0
489233,0
489234,0
489235,0
489236,0
489237,0
489238,0
489239,0
489240,0
489241,0
489242,0
489243,0
489244,0
489245,0
489246,0
489247,0
489248,0
489249,0
489250,0
489251,0
489252,0
489253,0
489254,0
489255,0
489256,0
489257,0
489258,0
489259,0
489260,21
489261,0
489262,0
489263,0
489264,0
489265,0
489266,0
489267,0
489268,0
489269,0
489270,0
489271,0
489272,0
489273,0
489274,0
489275,0
489276,0
489277,0
489278,18
489279,10
489280,0
489281,0
489282,0
489283,0
489284,0
489285,0
489286,0
489287,0
489288,0
489289,0
489290,0
489291,0
489292,0
489293,0
489294,0
489295,0
489296,0
489297,0
489298,0
489299,0
489300,0
489301,0
489302,0
489303,0
489304,0
489305,0
489306,0
489307,0
489308,0
489309,0
489310,0
489311,0
489312,0
489313,0
489314,0
489315,0
489316,0
489317,0
489318,0
489319,0
489320,0
489321,0
489322,0
489323,0
489324,0
489325,0
489326,0
489327,0
489328,0
489329,0
489330,0
489331,0
489332,0
489333,0
489334,0
489335,0
489336,0
489337,9
489338,0
489339,7
489340,0
489341,0
489342,0
489343,0
489344,0
489345,0
489346,0
489347,0
489348,0
489349,0
489350,0
489351,0
489352,0
489353,0
489354,0
489355,0
489356,0
489357,0
489358,0
489359,6
489360,0
489361,0
489362,0
489363,0
489364,0
489365,0
489366,0
489367,0
489368,0
489369,0
489370,0
489371,0
489372,0
489373,0
489374,0
489375,0
489376,0
489377,0
489378,16
489379,0
489380,0
489381,0
489382,14
489383,0
489384,7
489385,0
489386,0
489387,0
489388,0
489389,0
489390,0
489391,0
489392,0
489393,0
489394,0
489395,0
489396,0
489397,0
489398,0
489399,0
489400,0
489401,0
489402,0
489403,0
489404,0
489405,0
489406,0
489407,0
489408,0
489409,0
489410,0
489411,0
489412,20
489413,0
489414,0
489415,0
489416,0
489417,0
489418,0
489419,0
489420,0
489421,0
489422,0
489423,0
489424,0
489425,0
489426,0
489427,0
489428,0
489429,0
489430,0
489431,0
489432,0
489433,0
489434,0
489435,0
489436,0
489437,0
489438,0
489439,0
489440,0
489441,0
489442,0
489443,0
489444,0
489445,0
489446,0
489447,0
489448,0
489449,14
489450,0
489451,0
489452,0
489453,0
489454,0
489455,0
489456,0
489457,0
489458,0
489459,0
489460,0
489461,0
489462,0
489463,0
489464,0
489465,0
489466,0
489467,0
489468,0
489469,0
489470,0
489471,0
489472,0
489473,0
489474,0
489475,0
489476,0
489477,0
489478,0
489479,0
489480,0
489481,0
489482,0
489483,0
489484,0
489485,0
489486,0
489487,0
489488,0
489489,10
489490,0
489491,0
489492,27
489493,0
489494,17
489495,0
489496,0
489497,0
489498,0
489499,0
489500,0
489501,0
489502,0
489503,0
489504,0
489505,0
489506,0
489507,0
489508,0
489509,0
489510,0
489511,17
489512,12
489513,0
489514,0
489515,0
489516,0
489517,0
489518,0
489519,0
489520,0
489521,0
489522,0
489523,0
489524,9
489525,0
489526,0
489527,0
489528,0
489529,0
489530,0
489531,0
489532,0
489533,0
489534,0
489535,0
489536,0
489537,0
489538,0
489539,0
489540,0
489541,0
489542,0
489543,0
489544,0
489545,0
489546,0
489547,0
489548,0
489549,0
489550,0
489551,0
489552,0
489553,0
489554,0
489555,0
489556,12
489557,0
489558,0
489559,0
489560,0
489561,0
489562,0
489563,0
489564,9
489565,0
489566,0
489567,0
489568,0
489569,0
489570,0
489571,0
489572,0
489573,0
489574,0
489575,15
489576,8
489577,0
489578,0
489579,0
489580,0
489581,0
489582,0
489583,0
489584,0
489585,0
489586,0
489587,0
489588,0
489589,0
489590,0
489591,0
489592,0
489593,0
489594,0
489595,0
489596,0
489597,0
489598,0
489599,0
489600,0
489601,0
489602,0
489603,0
489604,0
489605,0
489606,0
489607,0
489608,0
489609,0
489610,0
489611,0
489612,0
489613,0
489614,0
489615,0
489616,0
489617,0
489618,0
489619,0
489620,0
489621,0
489622,0
489623,0
489624,0
489625,8
489626,0
489627,0
489628,0
489629,0
489630,0
489631,0
489632,0
489633,0
489634,0
489635,0
489636,0
489637,0
489638,0
489639,0
489640,0
489641,0
489642,0
489643,0
489644,0
489645,0
489646,0
489647,0
489648,0
489649,0
489650,0
489651,7
489652,0
489653,0
489654,3
489655,2
489656,0
489657,0
489658,0
489659,0
489660,0
489661,0
489662,0
489663,0
489664,0
489665,3
489666,0
489667,0
489668,4
489669,1
489670,0
489671,0
489672,0
489673,0
489674,5
489675,0
489676,1
489677,0
489678,0
489679,2
489680,4
489681,0
489682,0
489683,0
489684,0
489685,0
489686,0
489687,0
489688,4
489689,0
489690,0
489691,0
489692,0
489693,0
489694,0
489695,0
489696,0
489697,0
489698,0
489699,2
489700,0
489701,0
489702,0
489703,0
489704,0
489705,3
489706,0
489707,0
489708,0
489709,3
489710,0
489711,0
489712,0
489713,0
489714,0
489715,0
489716,0
489717,0
489718,0
489719,0
489720,0
489721,1
489722,0
489723,0
489724,7
489725,0
489726,0
489727,0
489728,0
489729,0
489730,0
489731,0
489732,3
489733,0
489734,0
489735,0
489736,0
489737,8
489738,3
489739,0
489740,0
489741,0
489742,0
489743,0
489744,0
489745,0
489746,0
489747,4
489748,0
489749,0
489750,0
489751,0
489752,0
489753,0
489754,0
489755,4
489756,0
489757,0
489758,0
489759,0
489760,0
489761,0
489762,0
489763,0
489764,0
489765,2
489766,5
489767,0
489768,3
489769,0
489770,0
489771,0
489772,0
489773,0
489774,0
489775,5
489776,0
489777,0
489778,0
489779,0
489780,0
489781,0
489782,0
489783,0
489784,0
489785,0
489786,0
489787,0
489788,0
489789,0
489790,0
489791,0
489792,0
489793,0
489794,3
489795,0
489796,0
489797,0
489798,0
489799,0
489800,0
489801,0
489802,0
489803,0
489804,3
489805,0
489806,0
489807,1
489808,0
489809,0
489810,0
489811,0
489812,0
489813,0
489814,0
489815,0
489816,0
489817,4
489818,0
489819,0
489820,0
489821,0
489822,0
489823,0
489824,0
489825,0
489826,0
489827,2
489828,0
489829,0
489830,1
489831,0
489832,0
489833,0
489834,0
489835,0
489836,0
489837,0
489838,0
489839,3
489840,0
489841,0
489842,0
489843,0
489844,0
489845,0
489846,0
489847,0
489848,4
489849,0
489850,0
489851,2
489852,4
489853,0
489854,0
489855,0
489856,0
489857,0
489858,0
489859,0
489860,0
489861,0
489862,0
489863,0
489864,0
489865,3
489866,4
489867,0
489868,3
489869,0
489870,3
489871,0
489872,0
489873,0
489874,0
489875,0
489876,3
489877,0
489878,0
489879,0
489880,0
489881,0
489882,0
489883,0
489884,0
489885,0
489886,0
489887,0
489888,0
489889,0
489890,0
489891,0
489892,0
489893,0
489894,0
489895,0
489896,0
489897,3
489898,0
489899,0
489900,0
489901,0
489902,4
489903,0
489904,0
489905,0
489906,0
489907,0
489908,0
489909,0
489910,0
489911,0
489912,0
489913,0
489914,2
489915,0
489916,0
489917,0
489918,0
489919,0
489920,0
489921,0
489922,0
489923,0
489924,0
489925,0
489926,4
489927,0
489928,0
489929,0
489930,0
489931,0
489932,0
489933,0
489934,2
489935,0
489936,0
489937,0
489938,0
489939,0
489940,0
489941,0
489942,0
489943,7
489944,0
489945,0
489946,0
489947,0
489948,0
489949,0
489950,0
489951,0
489952,0
489953,0
489954,0
489955,0
489956,4
489957,0
489958,0
489959,0
489960,3
489961,0
489962,0
489963,0
489964,0
489965,0
489966,0
489967,0
489968,0
489969,0
489970,0
489971,0
489972,0
489973,0
489974,0
489975,0
489976,0
489977,0
489978,0
489979,0
489980,1
489981,0
489982,0
489983,0
489984,0
489985,0
489986,0
489987,0
489988,0
489989,0
489990,0
489991,0
489992,0
489993,0
489994,0
489995,0
489996,3
489997,1
489998,3
489999,0
490000,0
490001,0
490002,0
490003,0
490004,0
490005,0
490006,0
490007,0
490008,0
490009,0
490010,1
490011,0
490012,0
490013,0
490014,0
490015,0
490016,0
490017,0
490018,0
490019,2
490020,0
490021,0
490022,0
490023,0
490024,0
490025,0
490026,0
490027,0
490028,0
490029,0
490030,0
490031,2
490032,0
490033,0
490034,0
490035,0
490036,0
490037,0
490038,0
490039,0
490040,0
490041,0
490042,0
490043,0
490044,0
490045,1
490046,0
490047,0
490048,4
490049,0
490050,0
490051,0
490052,0
490053,7
490054,2
490055,0
490056,0
490057,0
490058,0
490059,0
490060,0
490061,0
490062,0
490063,0
490064,0
490065,0
490066,0
490067,0
490068,0
490069,1
490070,0
490071,0
490072,0
490073,0
490074,0
490075,1
490076,0
490077,0
490078,0
490079,0
490080,0
490081,0
490082,0
490083,0
490084,0
490085,0
490086,2
490087,0
490088,0
490089,3
490090,0
490091,0
490092,0
490093,0
490094,0
490095,0
490096,0
490097,0
490098,0
490099,0
490100,0
490101,0
490102,0
490103,0
490104,0
490105,0
490106,0
490107,0
490108,0
490109,0
490110,0
490111,0
490112,0
490113,3
490114,0
490115,0
490116,0
490117,0
490118,5
490119,0
490120,7
490121,0
490122,0
490123,0
490124,0
490125,2
490126,0
490127,0
490128,0
490129,0
490130,0
490131,0
490132,0
490133,0
490134,0
490135,0
490136,7
490137,0
490138,0
490139,0
490140,0
490141,0
490142,0
490143,0
490144,0
490145,0
490146,2
490147,0
490148,0
490149,0
490150,0
490151,0
490152,0
490153,0
490154,0
490155,3
490156,0
490157,0
490158,0
490159,3
490160,1
490161,0
490162,0
490163,0
490164,0
490165,0
490166,0
490167,0
490168,0
490169,0
490170,0
490171,0
490172,0
490173,2
490174,0
490175,0
490176,0
490177,0
490178,0
490179,0
490180,0
490181,0
490182,0
490183,0
490184,2
490185,0
490186,0
490187,7
490188,0
490189,0
490190,0
490191,0
490192,0
490193,0
490194,4
490195,0
490196,0
490197,0
490198,0
490199,0
490200,0
490201,0
490202,0
490203,0
490204,0
490205,5
490206,0
490207,0
490208,0
490209,0
490210,0
490211,0
490212,0
490213,0
490214,0
490215,0
490216,0
490217,0
490218,0
490219,4
490220,0
490221,0
490222,0
490223,0
490224,0
490225,0
490226,0
490227,0
490228,0
490229,0
490230,0
490231,0
490232,0
490233,0
490234,0
490235,0
490236,0
490237,0
490238,3
490239,0
490240,0
490241,0
490242,0
490243,0
490244,0
490245,0
490246,0
490247,0
490248,0
490249,0
490250,2
490251,0
490252,0
490253,0
490254,0
490255,0
490256,2
490257,0
490258,0
490259,3
490260,0
490261,0
490262,0
490263,0
490264,0
490265,0
490266,0
490267,0
490268,0
490269,0
490270,0
490271,0
490272,0
490273,0
490274,0
490275,0
490276,0
490277,0
490278,0
490279,0
490280,0
490281,0
490282,0
490283,3
490284,0
490285,0
490286,0
490287,0
490288,0
490289,0
490290,0
490291,2
490292,0
490293,0
490294,0
490295,0
490296,3
490297,0
490298,0
490299,0
490300,0
490301,0
490302,0
490303,0
490304,9
490305,0
490306,0
490307,0
490308,0
490309,0
490310,0
490311,0
490312,8
490313,0
490314,0
490315,0
490316,0
490317,0
490318,0
490319,4
490320,0
490321,0
490322,0
490323,0
490324,0
490325,0
490326,0
490327,0
490328,0
490329,0
490330,0
490331,0
490332,0
490333,0
490334,0
490335,0
490336,0
490337,0
490338,0
490339,0
490340,0
490341,0
490342,0
490343,0
490344,0
490345,0
490346,0
490347,0
490348,0
490349,0
490350,0
490351,0
490352,0
490353,0
490354,0
490355,0
490356,0
490357,0
490358,0
490359,0
490360,0
490361,0
490362,0
490363,0
490364,0
490365,0
490366,0
490367,0
490368,0
490369,0
490370,0
490371,4
490372,0
490373,0
490374,0
490375,3
490376,0
490377,0
490378,4
490379,0
490380,0
490381,0
490382,0
490383,1
490384,0
490385,0
490386,0
490387,0
490388,0
490389,0
490390,0
490391,0
490392,0
490393,0
490394,0
490395,0
490396,5
490397,0
490398,0
490399,1
490400,0
490401,0
490402,0
490403,0
490404,2
490405,0
490406,0
490407,0
490408,0
490409,0
490410,0
490411,0
490412,0
490413,0
490414,1
490415,0
490416,0
490417,0
490418,0
490419,0
490420,0
490421,0
490422,0
490423,0
490424,0
490425,3
490426,0
490427,0
490428,0
490429,0
490430,0
490431,0
490432,0
490433,0
490434,0
490435,0
490436,4
490437,0
490438,0
490439,0
490440,1
490441,0
490442,0
490443,0
490444,0
490445,0
490446,0
490447,4
490448,0
490449,0
490450,0
490451,0
490452,2
490453,0
490454,0
490455,0
490456,0
490457,0
490458,0
490459,0
490460,0
490461,0
490462,3
490463,2
490464,0
490465,0
490466,0
490467,0
490468,0
490469,0
490470,0
490471,0
490472,0
490473,0
490474,0
490475,0
490476,0
490477,4
490478,0
490479,0
490480,0
490481,0
490482,0
490483,0
490484,2
490485,0
490486,0
490487,0
490488,0
490489,0
490490,0
490491,0
490492,0
490493,0
490494,0
490495,0
490496,0
490497,0
490498,0
490499,0
490500,0
490501,0
490502,0
490503,0
490504,0
490505,0
490506,0
490507,0
490508,0
490509,0
490510,0
490511,0
490512,1
490513,0
490514,3
490515,4
490516,0
490517,0
490518,0
490519,3
490520,0
490521,0
490522,0
490523,0
490524,0
490525,0
490526,0
490527,0
490528,21
490529,28
490530,0
490531,43
490532,0
490533,0
490534,0
490535,0
490536,0
490537,0
490538,14
490539,65
490540,0
490541,0
490542,0
490543,0
490544,0
490545,0
490546,0
490547,0
490548,55
490549,0
490550,0
490551,0
490552,0
490553,0
490554,0
490555,4
490556,0
490557,0
490558,0
490559,0
490560,0
490561,30
490562,0
490563,0
490564,0
490565,0
490566,23
490567,0
490568,43
490569,0
490570,0
490571,0
490572,0
490573,0
490574,0
490575,0
490576,0
490577,0
490578,45
490579,58
490580,28
490581,0
490582,0
490583,0
490584,0
490585,0
490586,0
490587,57
490588,0
490589,0
490590,0
490591,0
490592,0
490593,0
490594,0
490595,0
490596,0
490597,0
490598,0
490599,0
490600,0
490601,0
490602,0
490603,20
490604,0
490605,0
490606,0
490607,0
490608,0
490609,0
490610,0
490611,0
490612,0
490613,0
490614,0
490615,0
490616,0
490617,0
490618,0
490619,0
490620,0
490621,0
490622,21
490623,0
490624,43
490625,0
490626,15
490627,18
490628,0
490629,0
490630,0
490631,0
490632,0
490633,0
490634,0
490635,0
490636,0
490637,25
490638,0
490639,0
490640,0
490641,0
490642,0
490643,0
490644,0
490645,0
490646,0
490647,0
490648,0
490649,50
490650,0
490651,0
490652,0
490653,0
490654,0
490655,0
490656,0
490657,0
490658,33
490659,0
490660,0
490661,0
490662,34
490663,0
490664,0
490665,0
490666,0
490667,0
490668,0
490669,0
490670,17
490671,0
490672,0
490673,33
490674,0
490675,0
490676,0
490677,0
490678,0
490679,0
490680,0
490681,0
490682,0
490683,0
490684,0
490685,0
490686,0
490687,0
490688,0
490689,0
490690,0
490691,0
490692,47
490693,0
490694,53
490695,40
490696,24
490697,54
490698,60
490699,0
490700,0
490701,32
490702,0
490703,0
490704,0
490705,0
490706,0
490707,0
490708,0
490709,0
490710,0
490711,0
490712,29
490713,0
490714,0
490715,0
490716,0
490717,0
490718,0
490719,0
490720,0
490721,0
490722,0
490723,13
490724,38
490725,0
490726,0
490727,42
490728,0
490729,32
490730,0
490731,0
490732,0
490733,0
490734,44
490735,34
490736,0
490737,0
490738,0
490739,53
490740,32
490741,43
490742,0
490743,0
490744,42
490745,42
490746,0
490747,43
490748,60
490749,0
490750,0
490751,0
490752,24
490753,0
490754,0
490755,0
490756,0
490757,0
490758,0
490759,0
490760,0
490761,0
490762,0
490763,15
490764,0
490765,0
490766,0
490767,0
490768,0
490769,0
490770,0
490771,0
490772,0
490773,0
490774,0
490775,0
490776,0
490777,0
490778,0
490779,0
490780,0
490781,0
490782,0
490783,0
490784,0
490785,39
490786,0
490787,19
490788,0
490789,0
490790,0
490791,46
490792,0
490793,0
490794,0
490795,0
490796,0
490797,19
490798,0
490799,0
490800,0
490801,0
490802,0
490803,0
490804,0
490805,30
490806,0
490807,0
490808,41
490809,35
490810,0
490811,0
490812,0
490813,0
490814,0
490815,0
490816,0
490817,51
490818,0
490819,0
490820,0
490821,78
490822,0
490823,0
490824,0
490825,0
490826,0
490827,0
490828,0
490829,0
490830,36
490831,0
490832,0
490833,0
490834,0
490835,0
490836,0
490837,0
490838,0
490839,0
490840,0
490841,0
490842,0
490843,0
490844,0
490845,0
490846,0
490847,0
490848,0
490849,31
490850,0
490851,0
490852,0
490853,0
490854,0
490855,0
490856,0
490857,0
490858,0
490859,0
490860,0
490861,28
490862,0
490863,39
490864,0
490865,0
490866,0
490867,48
490868,21
490869,0
490870,24
490871,0
490872,0
490873,0
490874,0
490875,0
490876,0
490877,0
490878,0
490879,0
490880,0
490881,0
490882,37
490883,0
490884,0
490885,0
490886,0
490887,0
490888,0
490889,0
490890,0
490891,0
490892,70
490893,0
490894,0
490895,0
490896,0
490897,0
490898,0
490899,0
490900,0
490901,0
490902,0
490903,31
490904,38
490905,0
490906,47
490907,0
490908,0
490909,0
490910,71
490911,0
490912,114
490913,71
490914,0
490915,0
490916,0
490917,13
490918,30
490919,0
490920,0
490921,0
490922,0
490923,52
490924,0
490925,36
490926,0
490927,72
490928,0
490929,0
490930,11
490931,0
490932,0
490933,0
490934,0
490935,0
490936,37
490937,26
490938,0
490939,0
490940,0
490941,25
490942,0
490943,0
490944,0
490945,0
490946,0
490947,0
490948,0
490949,45
490950,0
490951,0
490952,0
490953,0
490954,0
490955,0
490956,0
490957,27
490958,0
490959,80
490960,0
490961,0
490962,15
490963,0
490964,0
490965,0
490966,0
490967,0
490968,0
490969,0
490970,0
490971,0
490972,0
490973,12
490974,0
490975,19
490976,0
490977,17
490978,0
490979,56
490980,0
490981,0
490982,0
490983,0
490984,0
490985,0
490986,0
490987,17
490988,0
490989,0
490990,37
490991,0
490992,0
490993,0
490994,0
490995,0
490996,61
490997,0
490998,19
490999,0
491000,0
491001,0
491002,34
491003,0
491004,0
491005,36
491006,0
491007,26
491008,0
491009,0
491010,0
491011,0
491012,0
491013,0
491014,0
491015,0
491016,0
491017,0
491018,0
491019,0
491020,36
491021,42
491022,0
491023,0
491024,0
491025,0
491026,0
491027,0
491028,0
491029,0
491030,0
491031,0
491032,0
491033,0
491034,28
491035,0
491036,0
491037,0
491038,0
491039,0
491040,31
491041,0
491042,0
491043,0
491044,0
491045,0
491046,0
491047,89
491048,0
491049,0
491050,0
491051,25
491052,52
491053,75
491054,29
491055,15
491056,0
491057,0
491058,0
491059,0
491060,42
491061,0
491062,0
491063,0
491064,67
491065,0
491066,0
491067,0
491068,51
491069,0
491070,0
491071,0
491072,0
491073,0
491074,0
491075,0
491076,0
491077,0
491078,0
491079,0
491080,0
491081,0
491082,0
491083,0
491084,0
491085,0
491086,0
491087,26
491088,0
491089,0
491090,0
491091,0
491092,0
491093,0
491094,0
491095,12
491096,0
491097,0
491098,0
491099,0
491100,0
491101,0
491102,0
491103,0
491104,30
491105,49
491106,0
491107,0
491108,0
491109,39
491110,0
491111,0
491112,0
491113,0
491114,0
491115,79
491116,0
491117,0
491118,0
491119,0
491120,0
491121,0
491122,0
491123,0
491124,51
491125,0
491126,33
491127,0
491128,26
491129,35
491130,0
491131,0
491132,0
491133,0
491134,65
491135,0
491136,0
491137,0
491138,0
491139,0
491140,0
491141,0
491142,30
491143,0
491144,0
491145,0
491146,0
491147,27
491148,0
491149,0
491150,0
491151,45
491152,54
491153,0
491154,8
491155,0
491156,0
491157,0
491158,0
491159,38
491160,0
491161,0
491162,0
491163,26
491164,44
491165,0
491166,0
491167,0
491168,0
491169,29
491170,0
491171,0
491172,0
491173,0
491174,0
491175,0
491176,0
491177,0
491178,33
491179,0
491180,0
491181,0
491182,0
491183,0
491184,0
491185,0
491186,0
491187,26
491188,0
491189,0
491190,22
491191,0
491192,0
491193,0
491194,0
491195,0
491196,0
491197,0
491198,19
491199,0
491200,0
491201,0
491202,0
491203,0
491204,0
491205,7
491206,0
491207,0
491208,0
491209,13
491210,0
491211,17
491212,0
491213,14
491214,13
491215,19
491216,13
491217,10
491218,0
491219,0
491220,0
491221,8
491222,0
491223,7
491224,8
491225,0
491226,0
491227,0
491228,12
491229,9
491230,0
491231,9
491232,14
491233,10
491234,0
491235,0
491236,8
491237,0
491238,0
491239,0
491240,18
491241,0
491242,0
491243,0
491244,0
491245,0
491246,0
491247,0
491248,0
491249,0
491250,18
491251,0
491252,0
491253,12
491254,0
491255,0
491256,0
491257,12
491258,13
491259,0
491260,0
491261,0
491262,0
491263,0
491264,0
491265,11
491266,0
491267,16
491268,0
491269,0
491270,0
491271,0
491272,10
491273,19
491274,0
491275,21
491276,10
491277,14
491278,10
491279,14
491280,12
491281,0
491282,0
491283,0
491284,0
491285,12
491286,0
491287,0
491288,0
491289,0
491290,11
491291,0
491292,7
491293,0
491294,0
491295,18
491296,0
491297,16
491298,0
491299,16
491300,0
491301,0
491302,0
491303,0
491304,8
491305,9
491306,0
491307,9
491308,0
491309,0
491310,0
491311,13
491312,0
491313,11
491314,19
491315,0
491316,0
491317,8
491318,0
491319,0
491320,6
491321,8
491322,0
491323,0
491324,7
491325,0
491326,0
491327,10
491328,13
491329,0
491330,7
491331,0
491332,12
491333,0
491334,0
491335,0
491336,19
491337,0
491338,0
491339,9
491340,6
491341,0
491342,0
491343,18
491344,0
491345,0
491346,18
491347,0
491348,0
491349,19
491350,14
491351,0
491352,0
491353,0
491354,0
491355,16
491356,8
491357,0
491358,0
491359,14
491360,14
491361,15
491362,20
491363,0
491364,0
491365,10
491366,0
491367,0
491368,0
491369,0
491370,0
491371,0
491372,0
491373,0
491374,0
491375,0
491376,0
491377,0
491378,14
491379,0
491380,0
491381,5
491382,0
491383,0
491384,0
491385,0
491386,19
491387,0
491388,0
491389,0
491390,0
491391,0
491392,24
491393,0
491394,7
491395,0
491396,15
491397,0
491398,0
491399,0
491400,0
491401,16
491402,0
491403,0
491404,0
491405,0
491406,0
491407,10
491408,10
491409,16
491410,0
491411,0
491412,0
491413,0
491414,0
491415,0
491416,0
491417,0
491418,0
491419,0
491420,0
491421,0
491422,16
491423,0
491424,0
491425,0
491426,0
491427,0
491428,9
491429,0
491430,0
491431,0
491432,6
491433,0
491434,16
491435,0
491436,17
491437,0
491438,0
491439,0
491440,13
491441,15
491442,0
491443,0
491444,0
491445,0
491446,0
491447,0
491448,0
491449,0
491450,0
491451,0
491452,0
491453,16
491454,11
491455,0
491456,0
491457,0
491458,0
491459,0
491460,16
491461,0
491462,0
491463,13
491464,0
491465,0
491466,0
491467,0
491468,0
491469,0
491470,0
491471,0
491472,0
491473,0
491474,0
491475,0
491476,10
491477,0
491478,0
491479,0
491480,0
491481,0
491482,0
491483,0
491484,0
491485,0
491486,15
491487,0
491488,0
491489,0
491490,16
491491,0
491492,0
491493,13
491494,0
491495,0
491496,0
491497,16
491498,0
491499,0
491500,0
491501,0
491502,0
491503,0
491504,14
491505,13
491506,14
491507,0
491508,0
491509,0
491510,0
491511,0
491512,12
491513,0
491514,13
491515,0
491516,0
491517,0
491518,7
491519,0
491520,0
491521,0
491522,11
491523,0
491524,11
491525,0
491526,7
491527,12
491528,0
491529,0
491530,7
491531,0
491532,13
491533,0
491534,0
491535,17
491536,0
491537,0
491538,0
491539,0
491540,0
491541,0
491542,0
491543,0
491544,0
491545,0
491546,0
491547,12
491548,14
491549,0
491550,0
491551,0
491552,0
491553,0
491554,0
491555,0
491556,0
491557,0
491558,0
491559,0
491560,0
491561,0
491562,2
491563,9
491564,0
491565,0
491566,12
491567,0
491568,20
491569,15
491570,0
491571,7
491572,0
491573,0
491574,17
491575,0
491576,0
491577,0
491578,0
491579,0
491580,15
491581,0
491582,0
491583,0
491584,0
491585,0
491586,0
491587,15
491588,0
491589,15
491590,0
491591,0
491592,0
491593,19
491594,0
491595,12
491596,0
491597,0
491598,10
491599,0
491600,9
491601,0
491602,0
491603,18
491604,0
491605,21
491606,16
491607,0
491608,0
491609,0
491610,0
491611,0
491612,0
491613,0
491614,0
491615,18
491616,15
491617,0
491618,0
491619,0
491620,0
491621,0
491622,0
491623,0
491624,0
491625,0
491626,0
491627,0
491628,5
491629,3
491630,0
491631,5
491632,0
491633,0
491634,0
491635,0
491636,0
491637,0
491638,0
491639,0
491640,0
491641,0
491642,3
491643,0
491644,0
491645,0
491646,0
491647,5
491648,8
491649,0
491650,4
491651,0
491652,0
491653,0
491654,0
491655,0
491656,0
491657,0
491658,6
491659,0
491660,0
491661,0
491662,5
491663,4
491664,0
491665,9
491666,0
491667,0
491668,0
491669,0
491670,0
491671,6
491672,0
491673,5
491674,0
491675,0
491676,0
491677,0
491678,0
491679,0
491680,0
491681,0
491682,0
491683,0
491684,0
491685,2
491686,8
491687,5
491688,0
491689,0
491690,0
491691,1
491692,0
491693,0
491694,0
491695,0
491696,0
491697,0
491698,0
491699,0
491700,0
491701,0
491702,0
491703,0
491704,0
491705,0
491706,0
491707,0
491708,0
491709,0
491710,0
491711,0
491712,0
491713,0
491714,8
491715,0
491716,0
491717,5
491718,0
491719,0
491720,0
491721,0
491722,0
491723,0
491724,0
491725,0
491726,0
491727,0
491728,2
491729,0
491730,0
491731,0
491732,0
491733,7
491734,0
491735,0
491736,0
491737,0
491738,0
491739,4
491740,2
491741,0
491742,0
491743,0
491744,0
491745,0
491746,1
491747,0
491748,4
491749,1
491750,2
491751,4
491752,0
491753,0
491754,3
491755,5
491756,4
491757,0
491758,0
491759,0
491760,4
491761,0
491762,6
491763,0
491764,0
491765,0
491766,0
491767,0
491768,0
491769,0
491770,0
491771,0
491772,0
491773,3
491774,0
491775,0
491776,0
491777,0
491778,0
491779,0
491780,0
491781,0
491782,0
491783,0
491784,0
491785,0
491786,0
491787,0
491788,4
491789,0
491790,0
491791,7
491792,0
491793,0
491794,0
491795,0
491796,6
491797,7
491798,0
491799,0
491800,0
491801,0
491802,2
491803,0
491804,0
491805,0
491806,0
491807,2
491808,0
491809,0
491810,0
491811,0
491812,0
491813,3
491814,0
491815,3
491816,0
491817,0
491818,0
491819,0
491820,0
491821,0
491822,0
491823,0
491824,0
491825,0
491826,9
491827,2
491828,0
491829,0
491830,0
491831,0
491832,3
491833,0
491834,1
491835,0
491836,0
491837,0
491838,0
491839,0
491840,0
491841,7
491842,0
491843,0
491844,3
491845,0
491846,1
491847,0
491848,0
491849,0
491850,0
491851,7
491852,3
491853,0
491854,0
491855,0
491856,3
491857,0
491858,0
491859,0
491860,0
491861,0
491862,0
491863,5
491864,0
491865,0
491866,0
491867,6
491868,0
491869,0
491870,0
491871,0
491872,3
491873,0
491874,5
491875,0
491876,4
491877,0
491878,0
491879,0
491880,0
491881,5
491882,0
491883,0
491884,0
491885,0
491886,0
491887,0
491888,0
491889,0
491890,0
491891,0
491892,1
491893,0
491894,0
491895,0
491896,0
491897,0
491898,0
491899,0
491900,0
491901,4
491902,0
491903,7
491904,0
491905,0
491906,0
491907,0
491908,0
491909,0
491910,0
491911,0
491912,0
491913,0
491914,0
491915,5
491916,3
491917,0
491918,0
491919,0
491920,0
491921,0
491922,0
491923,4
491924,1
491925,0
491926,3
491927,0
491928,0
491929,0
491930,0
491931,0
491932,0
491933,0
491934,3
491935,4
491936,0
491937,2
491938,0
491939,4
491940,0
491941,0
491942,12
491943,0
491944,0
491945,5
491946,0
491947,0
491948,0
491949,0
491950,0
491951,0
491952,0
491953,3
491954,0
491955,0
491956,0
491957,0
491958,0
491959,1
491960,0
491961,0
491962,6
491963,0
491964,0
491965,0
491966,0
491967,5
491968,0
491969,0
491970,0
491971,3
491972,0
491973,0
491974,0
491975,0
491976,0
491977,0
491978,0
491979,0
491980,0
491981,2
491982,0
491983,5
491984,0
491985,0
491986,3
491987,0
491988,0
491989,0
491990,0
491991,0
491992,8
491993,0
491994,0
491995,0
491996,0
491997,0
491998,0
491999,0
492000,0
492001,0
492002,0
492003,0
492004,0
492005,0
492006,0
492007,0
492008,0
492009,0
492010,0
492011,0
492012,0
492013,0
492014,2
492015,0
492016,0
492017,0
492018,0
492019,0
492020,0
492021,0
492022,0
492023,0
492024,4
492025,5
492026,0
492027,0
492028,0
492029,0
492030,8
492031,5
492032,4
492033,0
492034,1
492035,2
492036,2
492037,0
492038,0
492039,2
492040,0
492041,0
492042,0
492043,0
492044,0
492045,2
492046,0
492047,4
492048,0
492049,0
492050,0
492051,0
492052,5
492053,0
492054,0
492055,0
492056,4
492057,0
492058,0
492059,0
492060,0
492061,0
492062,0
492063,0
492064,8
492065,1
492066,0
492067,0
492068,0
492069,0
492070,6
492071,0
492072,0
492073,3
492074,3
492075,0
492076,0
492077,0
492078,6
492079,0
492080,0
492081,0
492082,3
492083,3
492084,4
492085,0
492086,0
492087,0
492088,3
492089,2
492090,4
492091,6
492092,0
492093,0
492094,0
492095,0
492096,0
492097,0
492098,7
492099,0
492100,7
492101,0
492102,0
492103,4
492104,0
492105,0
492106,3
492107,0
492108,0
492109,3
492110,0
492111,0
492112,0
492113,0
492114,0
492115,0
492116,0
492117,1
492118,3
492119,0
492120,0
492121,0
492122,0
492123,0
492124,0
492125,0
492126,5
492127,0
492128,0
492129,0
492130,0
492131,0
492132,0
492133,0
492134,0
492135,5
492136,3
492137,5
492138,0
492139,8
492140,0
492141,0
492142,0
492143,12
492144,7
492145,0
492146,2
492147,0
492148,0
492149,0
492150,0
492151,0
492152,0
492153,8
492154,0
492155,0
492156,0
492157,0
492158,0
492159,0
492160,0
492161,0
492162,0
492163,0
492164,0
492165,0
492166,0
492167,0
492168,0
492169,0
492170,0
492171,0
492172,0
492173,2
492174,0
492175,3
492176,0
492177,2
492178,0
492179,0
492180,0
492181,0
492182,0
492183,0
492184,5
492185,0
492186,0
492187,0
492188,0
492189,0
492190,0
492191,3
492192,0
492193,0
492194,0
492195,0
492196,0
492197,0
492198,6
492199,3
492200,0
492201,1
492202,0
492203,0
492204,0
492205,0
492206,0
492207,3
492208,0
492209,0
492210,1
492211,0
492212,0
492213,0
492214,0
492215,0
492216,0
492217,0
492218,0
492219,0
492220,0
492221,0
492222,0
492223,0
492224,0
492225,0
492226,0
492227,0
492228,5
492229,0
492230,0
492231,0
492232,0
492233,7
492234,0
492235,0
492236,0
492237,3
492238,0
492239,0
492240,0
492241,3
492242,5
492243,0
492244,0
492245,7
492246,6
492247,0
492248,0
492249,4
492250,0
492251,2
492252,0
492253,0
492254,0
492255,0
492256,0
492257,0
492258,0
492259,36
492260,0
492261,38
492262,0
492263,0
492264,0
492265,0
492266,27
492267,0
492268,22
492269,0
492270,0
492271,0
492272,0
492273,0
492274,0
492275,28
492276,0
492277,0
492278,45
492279,0
492280,50
492281,0
492282,0
492283,0
492284,28
492285,0
492286,32
492287,0
492288,53
492289,0
492290,0
492291,29
492292,0
492293,0
492294,0
492295,40
492296,0
492297,0
492298,25
492299,0
492300,0
492301,0
492302,47
492303,0
492304,0
492305,0
492306,0
492307,0
492308,0
492309,0
492310,0
492311,0
492312,0
492313,0
492314,59
492315,0
492316,0
492317,23
492318,0
492319,0
492320,0
492321,0
492322,42
492323,40
492324,0
492325,0
492326,0
492327,0
492328,0
492329,0
492330,31
492331,0
492332,0
492333,0
492334,0
492335,0
492336,0
492337,0
492338,29
492339,38
492340,0
492341,0
492342,31
492343,45
492344,51
492345,0
492346,0
492347,0
492348,0
492349,0
492350,0
492351,0
492352,0
492353,0
492354,23
492355,0
492356,0
492357,60
492358,0
492359,0
492360,43
492361,0
492362,38
492363,44
492364,18
492365,34
492366,0
492367,0
492368,0
492369,0
492370,0
492371,0
492372,33
492373,0
492374,0
492375,39
492376,0
492377,0
492378,0
492379,39
492380,0
492381,61
492382,0
492383,0
492384,0
492385,0
492386,0
492387,0
492388,30
492389,36
492390,0
492391,45
492392,0
492393,0
492394,0
492395,0
492396,41
492397,0
492398,0
492399,23
492400,44
492401,0
492402,0
492403,0
492404,0
492405,0
492406,0
492407,0
492408,0
492409,47
492410,0
492411,0
492412,0
492413,0
492414,0
492415,0
492416,0
492417,0
492418,0
492419,0
492420,0
492421,0
492422,31
492423,0
492424,0
492425,0
492426,0
492427,36
492428,0
492429,0
492430,29
492431,0
492432,0
492433,0
492434,0
492435,0
492436,46
492437,33
492438,31
492439,0
492440,0
492441,0
492442,0
492443,0
492444,27
492445,0
492446,0
492447,0
492448,0
492449,0
492450,0
492451,0
492452,0
492453,37
492454,0
492455,0
492456,22
492457,0
492458,0
492459,0
492460,16
492461,0
492462,0
492463,46
492464,0
492465,0
492466,0
492467,41
492468,40
492469,0
492470,0
492471,0
492472,34
492473,0
492474,0
492475,0
492476,0
492477,0
492478,51
492479,0
492480,0
492481,0
492482,0
492483,0
492484,44
492485,0
492486,29
492487,0
492488,0
492489,0
492490,0
492491,0
492492,0
492493,0
492494,0
492495,0
492496,0
492497,42
492498,0
492499,34
492500,0
492501,0
492502,30
492503,16
492504,0
492505,0
492506,0
492507,0
492508,0
492509,0
492510,21
492511,35
492512,0
492513,47
492514,0
492515,0
492516,40
492517,28
492518,0
492519,0
492520,0
492521,0
492522,33
492523,0
492524,46
492525,0
492526,0
492527,44
492528,0
492529,43
492530,0
492531,0
492532,0
492533,40
492534,0
492535,37
492536,0
492537,38
492538,0
492539,30
492540,0
492541,0
492542,0
492543,0
492544,0
492545,0
492546,57
492547,0
492548,0
492549,58
492550,0
492551,0
492552,0
492553,37
492554,34
492555,0
492556,0
492557,0
492558,0
492559,19
492560,42
492561,36
492562,0
492563,0
492564,0
492565,0
492566,0
492567,0
492568,0
492569,38
492570,42
492571,0
492572,0
492573,0
492574,0
492575,0
492576,0
492577,54
492578,0
492579,0
492580,0
492581,0
492582,0
492583,37
492584,0
492585,0
492586,0
492587,0
492588,0
492589,0
492590,0
492591,0
492592,0
492593,0
492594,0
492595,0
492596,0
492597,0
492598,0
492599,0
492600,0
492601,0
492602,0
492603,0
492604,0
492605,0
492606,0
492607,0
492608,58
492609,0
492610,0
492611,0
492612,0
492613,0
492614,0
492615,45
492616,0
492617,0
492618,0
492619,0
492620,0
492621,0
492622,0
492623,0
492624,0
492625,0
492626,0
492627,0
492628,0
492629,0
492630,44
492631,0
492632,0
492633,0
492634,36
492635,0
492636,0
492637,0
492638,0
492639,0
492640,0
492641,0
492642,0
492643,0
492644,0
492645,0
492646,0
492647,0
492648,42
492649,0
492650,0
492651,0
492652,43
492653,0
492654,66
492655,35
492656,0
492657,0
492658,0
492659,34
492660,0
492661,0
492662,0
492663,42
492664,36
492665,35
492666,43
492667,0
492668,0
492669,42
492670,0
492671,0
492672,38
492673,0
492674,0
492675,0
492676,0
492677,0
492678,0
492679,0
492680,0
492681,0
492682,0
492683,0
492684,42
492685,0
492686,0
492687,0
492688,0
492689,39
492690,0
492691,0
492692,40
492693,0
492694,0
492695,0
492696,21
492697,0
492698,0
492699,0
492700,0
492701,0
492702,0
492703,37
492704,0
492705,29
492706,0
492707,36
492708,0
492709,34
492710,0
492711,0
492712,0
492713,0
492714,0
492715,34
492716,47
492717,0
492718,0
492719,0
492720,0
492721,45
492722,39
492723,0
492724,61
492725,0
492726,0
492727,45
492728,0
492729,0
492730,0
492731,0
492732,39
492733,41
492734,36
492735,0
492736,0
492737,0
492738,0
492739,0
492740,0
492741,0
492742,0
492743,0
492744,0
492745,49
492746,0
492747,0
492748,0
492749,0
492750,0
492751,0
492752,0
492753,0
492754,0
492755,0
492756,32
492757,0
492758,0
492759,23
492760,0
492761,0
492762,0
492763,0
492764,0
492765,0
492766,0
492767,34
492768,0
492769,0
492770,0
492771,0
492772,0
492773,37
492774,0
492775,0
492776,0
492777,42
492778,0
492779,0
492780,0
492781,0
492782,0
492783,43
492784,58
492785,0
492786,0
492787,0
492788,62
492789,0
492790,0
492791,0
492792,0
492793,0
492794,24
492795,0
492796,0
492797,0
492798,25
492799,0
492800,0
492801,33
492802,29
492803,0
492804,42
492805,40
492806,0
492807,0
492808,0
492809,0
492810,37
492811,18
492812,0
492813,0
492814,0
492815,43
492816,0
492817,0
492818,42
492819,20
492820,0
492821,0
492822,18
492823,0
492824,0
492825,16
492826,47
492827,0
492828,23
492829,0
492830,27
492831,0
492832,0
492833,0
492834,0
492835,0
492836,0
492837,0
492838,0
492839,0
492840,25
492841,0
492842,0
492843,0
492844,0
492845,0
492846,0
492847,0
492848,0
492849,0
492850,0
492851,0
492852,20
492853,21
492854,0
492855,34
492856,36
492857,0
492858,30
492859,0
492860,31
492861,18
492862,0
492863,0
492864,0
492865,30
492866,0
492867,16
492868,0
492869,0
492870,44
492871,0
492872,0
492873,0
492874,0
492875,0
492876,25
492877,49
492878,0
492879,0
492880,34
492881,0
492882,31
492883,0
492884,0
492885,0
492886,19
492887,0
492888,0
492889,0
492890,0
492891,0
492892,0
492893,34
492894,45
492895,0
492896,0
492897,0
492898,24
492899,0
492900,28
492901,31
492902,0
492903,0
492904,39
492905,0
492906,0
492907,0
492908,0
492909,0
492910,0
492911,37
492912,0
492913,0
492914,0
492915,45
492916,0
492917,0
492918,38
492919,27
492920,0
492921,0
492922,0
492923,0
492924,0
492925,0
492926,0
492927,0
492928,0
492929,0
492930,0
492931,0
492932,0
492933,0
492934,0
492935,0
492936,54
492937,0
492938,0
492939,40
492940,30
492941,0
492942,31
492943,0
492944,0
492945,0
492946,47
492947,0
492948,41
492949,30
492950,0
492951,0
492952,0
492953,45
492954,0
492955,0
492956,18
492957,0
492958,0
492959,0
492960,0
492961,0
492962,0
492963,0
492964,36
492965,0
492966,34
492967,0
492968,51
492969,0
492970,0
492971,0
492972,0
492973,0
492974,0
492975,0
492976,48
492977,26
492978,0
492979,0
492980,36
492981,0
492982,0
492983,40
492984,0
492985,0
492986,0
492987,0
492988,30
492989,0
492990,0
492991,0
492992,40
492993,0
492994,0
492995,0
492996,0
492997,0
492998,0
492999,0
493000,38
493001,0
493002,0
493003,0
493004,0
493005,51
493006,0
493007,0
493008,0
493009,46
493010,0
493011,0
493012,0
493013,0
493014,25
493015,0
493016,0
493017,0
493018,0
493019,0
493020,0
493021,23
493022,0
493023,0
493024,0
493025,0
493026,29
493027,0
493028,0
493029,0
493030,22
493031,0
493032,0
493033,0
493034,0
493035,0
493036,0
493037,29
493038,0
493039,0
493040,0
493041,0
493042,0
493043,34
493044,35
493045,0
493046,38
493047,39
493048,0
493049,0
493050,0
493051,0
493052,34
493053,31
493054,0
493055,42
493056,30
493057,28
493058,0
493059,39
493060,0
493061,0
493062,0
493063,0
493064,0
493065,0
493066,35
493067,42
493068,0
493069,0
493070,0
493071,0
493072,0
493073,0
493074,0
493075,0
493076,0
493077,47
493078,0
493079,0
493080,34
493081,0
493082,0
493083,0
493084,0
493085,0
493086,0
493087,0
493088,41
493089,35
493090,0
493091,0
493092,0
493093,39
493094,0
493095,45
493096,0
493097,0
493098,0
493099,0
493100,39
493101,36
493102,0
493103,40
493104,28
493105,0
493106,0
493107,0
493108,0
493109,0
493110,0
493111,33
493112,0
493113,0
493114,0
493115,0
493116,41
493117,0
493118,0
493119,0
493120,24
493121,0
493122,40
493123,0
493124,0
493125,0
493126,0
493127,0
493128,0
493129,0
493130,0
493131,0
493132,0
493133,0
493134,27
493135,0
493136,0
493137,0
493138,40
493139,36
493140,0
493141,40
493142,0
493143,45
493144,0
493145,0
493146,0
493147,24
493148,0
493149,0
493150,0
493151,0
493152,0
493153,0
493154,0
493155,39
493156,0
493157,41
493158,57
493159,0
493160,0
493161,0
493162,0
493163,0
493164,0
493165,0
493166,26
493167,0
493168,0
493169,0
493170,0
493171,0
493172,0
493173,0
493174,31
493175,0
493176,0
493177,55
493178,37
493179,41
493180,0
493181,30
493182,30
493183,0
493184,0
493185,0
493186,0
493187,0
493188,0
493189,0
493190,0
493191,0
493192,23
493193,0
493194,0
493195,0
493196,0
493197,43
493198,0
493199,0
493200,42
493201,0
493202,0
493203,27
493204,47
493205,0
493206,0
493207,28
493208,0
493209,0
493210,0
493211,0
493212,27
493213,0
493214,0
493215,0
493216,0
493217,0
493218,0
493219,42
493220,0
493221,0
493222,0
493223,0
493224,0
493225,0
493226,0
493227,25
493228,0
493229,0
493230,40
493231,0
493232,0
493233,0
493234,0
493235,0
493236,0
493237,0
493238,52
493239,0
493240,0
493241,0
493242,0
493243,0
493244,26
493245,49
493246,0
493247,0
493248,0
493249,0
493250,39
493251,0
493252,0
493253,0
493254,0
493255,0
493256,0
493257,0
493258,35
493259,0
493260,38
493261,0
493262,32
493263,0
493264,0
493265,0
493266,0
493267,30
493268,0
493269,0
493270,0
493271,0
493272,43
493273,0
493274,0
493275,0
493276,0
493277,34
493278,0
493279,0
493280,0
493281,39
493282,0
493283,0
493284,0
493285,0
493286,0
493287,33
493288,0
493289,26
493290,36
493291,0
493292,37
493293,49
493294,38
493295,31
493296,0
493297,29
493298,34
493299,0
493300,0
493301,0
493302,0
493303,0
493304,0
493305,0
493306,0
493307,29
493308,0
493309,0
493310,0
493311,0
493312,0
493313,0
493314,0
493315,0
493316,0
493317,0
493318,0
493319,0
493320,0
493321,0
493322,0
493323,0
493324,10
493325,0
493326,0
493327,0
493328,0
493329,25
493330,0
493331,0
493332,0
493333,0
493334,0
493335,0
493336,0
493337,0
493338,0
493339,0
493340,0
493341,21
493342,0
493343,0
493344,0
493345,0
493346,0
493347,0
493348,0
493349,0
493350,0
493351,0
493352,0
493353,0
493354,0
493355,0
493356,0
493357,0
493358,18
493359,0
493360,0
493361,0
493362,0
493363,0
493364,0
493365,43
493366,22
493367,0
493368,0
493369,0
493370,31
493371,45
493372,0
493373,0
493374,0
493375,0
493376,0
493377,0
493378,43
493379,0
493380,37
493381,0
493382,0
493383,0
493384,0
493385,26
493386,0
493387,0
493388,0
493389,0
493390,0
493391,0
493392,36
493393,0
493394,0
493395,0
493396,0
493397,0
493398,0
493399,0
493400,0
493401,0
493402,0
493403,0
493404,0
493405,0
493406,0
493407,0
493408,49
493409,0
493410,0
493411,0
493412,37
493413,46
493414,0
493415,0
493416,0
493417,0
493418,0
493419,0
493420,0
493421,0
493422,0
493423,0
493424,0
493425,0
493426,44
493427,0
493428,0
493429,0
493430,0
493431,0
493432,0
493433,0
493434,0
493435,45
493436,0
493437,0
493438,0
493439,45
493440,0
493441,44
493442,0
493443,0
493444,0
493445,0
493446,0
493447,0
493448,41
493449,0
493450,0
493451,32
493452,0
493453,0
493454,0
493455,0
493456,0
493457,0
493458,0
493459,0
493460,0
493461,0
493462,0
493463,0
493464,0
493465,0
493466,0
493467,0
493468,0
493469,0
493470,30
493471,49
493472,0
493473,38
493474,0
493475,0
493476,0
493477,31
493478,0
493479,0
493480,34
493481,0
493482,33
493483,0
493484,0
493485,42
493486,0
493487,0
493488,0
493489,0
493490,0
493491,0
493492,0
493493,0
493494,0
493495,0
493496,0
493497,52
493498,0
493499,0
493500,0
493501,25
493502,49
493503,0
493504,26
493505,0
493506,0
493507,0
493508,0
493509,0
493510,0
493511,0
493512,0
493513,0
493514,28
493515,0
493516,0
493517,0
493518,0
493519,0
493520,0
493521,0
493522,0
493523,0
493524,44
493525,0
493526,0
493527,0
493528,32
493529,0
493530,0
493531,0
493532,0
493533,0
493534,0
493535,50
493536,0
493537,0
493538,0
493539,0
493540,0
493541,0
493542,0
493543,0
493544,35
493545,0
493546,0
493547,0
493548,0
493549,0
493550,0
493551,0
493552,0
493553,0
493554,0
493555,48
493556,0
493557,36
493558,30
493559,0
493560,0
493561,0
493562,44
493563,0
493564,0
493565,46
493566,49
493567,0
493568,39
493569,0
493570,0
493571,0
493572,26
493573,0
493574,0
493575,0
493576,0
493577,0
493578,44
493579,0
493580,45
493581,25
493582,33
493583,0
493584,0
493585,0
493586,0
493587,0
493588,0
493589,0
493590,0
493591,0
493592,0
493593,0
493594,0
493595,0
493596,0
493597,0
493598,0
493599,0
493600,0
493601,0
493602,0
493603,0
493604,0
493605,0
493606,0
493607,57
493608,0
493609,0
493610,0
493611,0
493612,0
493613,0
493614,0
493615,0
493616,0
493617,33
493618,0
493619,0
493620,24
493621,0
493622,0
493623,0
493624,0
493625,0
493626,0
493627,0
493628,0
493629,0
493630,43
493631,0
493632,46
493633,0
493634,0
493635,0
493636,24
493637,0
493638,0
493639,0
493640,0
493641,38
493642,0
493643,0
493644,41
493645,0
493646,0
493647,0
493648,0
493649,0
493650,0
493651,0
493652,28
493653,0
493654,0
493655,38
493656,30
493657,0
493658,28
493659,0
493660,0
493661,0
493662,0
493663,51
493664,36
493665,0
493666,0
493667,0
493668,0
493669,0
493670,0
493671,0
493672,0
493673,0
493674,0
493675,0
493676,0
493677,0
493678,0
493679,0
493680,0
493681,0
493682,0
493683,0
493684,43
493685,0
493686,0
493687,0
493688,0
493689,26
493690,0
493691,0
493692,0
493693,0
493694,0
493695,0
493696,0
493697,42
493698,0
493699,0
493700,0
493701,0
493702,0
493703,30
493704,0
493705,0
493706,0
493707,0
493708,0
493709,0
493710,29
493711,0
493712,0
493713,0
493714,0
493715,30
493716,0
493717,0
493718,0
493719,0
493720,0
493721,43
493722,38
493723,0
493724,0
493725,0
493726,0
493727,28
493728,0
493729,0
493730,0
493731,0
493732,0
493733,0
493734,0
493735,44
493736,0
493737,24
493738,33
493739,0
493740,0
493741,0
493742,32
493743,0
493744,0
493745,0
493746,0
493747,0
493748,45
493749,0
493750,0
493751,0
493752,0
493753,0
493754,0
493755,32
493756,44
493757,0
493758,0
493759,0
493760,0
493761,0
493762,0
493763,0
493764,0
493765,0
493766,0
493767,0
493768,0
493769,39
493770,0
493771,37
493772,0
493773,0
493774,0
493775,0
493776,0
493777,0
493778,0
493779,0
493780,0
493781,0
493782,0
493783,0
493784,31
493785,0
493786,35
493787,28
493788,55
493789,0
493790,0
493791,0
493792,0
493793,46
493794,0
493795,0
493796,0
493797,0
493798,0
493799,0
493800,0
493801,0
493802,0
493803,0
493804,0
493805,0
493806,0
493807,37
493808,0
493809,0
493810,0
493811,0
493812,0
493813,42
493814,0
493815,37
493816,0
493817,0
493818,0
493819,0
493820,0
493821,0
493822,0
493823,0
493824,0
493825,0
493826,48
493827,0
493828,0
493829,0
493830,0
493831,0
493832,0
493833,0
493834,0
493835,0
493836,44
493837,0
493838,30
493839,0
493840,0
493841,0
493842,0
493843,0
493844,41
493845,0
493846,0
493847,0
493848,37
493849,0
493850,0
493851,48
493852,39
493853,0
493854,0
493855,31
493856,0
493857,0
493858,0
493859,0
493860,0
493861,34
493862,47
493863,47
493864,0
493865,0
493866,31
493867,40
493868,0
493869,0
493870,0
493871,0
493872,33
493873,0
493874,0
493875,0
493876,0
493877,0
493878,0
493879,46
493880,0
493881,0
493882,0
493883,0
493884,0
493885,0
493886,0
493887,0
493888,0
493889,46
493890,0
493891,0
493892,0
493893,43
493894,0
493895,56
493896,0
493897,0
493898,0
493899,0
493900,0
493901,0
493902,35
493903,0
493904,45
493905,0
493906,0
493907,0
493908,0
493909,0
493910,0
493911,0
493912,0
493913,0
493914,0
493915,0
493916,0
493917,0
493918,0
493919,0
493920,0
493921,34
493922,44
493923,0
493924,0
493925,28
493926,0
493927,0
493928,0
493929,0
493930,0
493931,0
493932,0
493933,0
493934,0
493935,26
493936,0
493937,35
493938,0
493939,0
493940,0
493941,0
493942,0
493943,0
493944,0
493945,0
493946,0
493947,0
493948,0
493949,0
493950,0
493951,0
493952,0
493953,0
493954,36
493955,0
493956,0
493957,0
493958,32
493959,0
493960,27
493961,0
493962,0
493963,49
493964,40
493965,0
493966,0
493967,0
493968,0
493969,0
493970,0
493971,0
493972,0
493973,0
493974,0
493975,0
493976,34
493977,0
493978,0
493979,0
493980,0
493981,0
493982,0
493983,0
493984,0
493985,0
493986,0
493987,0
493988,0
493989,0
493990,23
493991,0
493992,0
493993,0
493994,43
493995,0
493996,0
493997,0
493998,0
493999,0
494000,0
494001,0
494002,0
494003,41
494004,36
494005,0
494006,0
494007,37
494008,0
494009,0
494010,0
494011,0
494012,56
494013,0
494014,0
494015,0
494016,0
494017,0
494018,0
494019,0
494020,0
494021,0
494022,0
494023,0
494024,34
494025,30
494026,0
494027,0
494028,42
494029,0
494030,0
494031,46
494032,0
494033,0
494034,0
494035,0
494036,0
494037,0
494038,0
494039,33
494040,0
494041,0
494042,0
494043,0
494044,0
494045,0
494046,0
494047,0
494048,0
494049,40
494050,0
494051,39
494052,0
494053,0
494054,0
494055,0
494056,0
494057,48
494058,0
494059,43
494060,0
494061,0
494062,0
494063,0
494064,34
494065,0
494066,0
494067,0
494068,0
494069,30
494070,0
494071,0
494072,0
494073,0
494074,0
494075,0
494076,0
494077,0
494078,0
494079,28
494080,0
494081,0
494082,0
494083,0
494084,0
494085,0
494086,0
494087,21
494088,0
494089,0
494090,0
494091,0
494092,0
494093,0
494094,0
494095,0
494096,0
494097,0
494098,0
494099,0
494100,0
494101,0
494102,0
494103,31
494104,0
494105,0
494106,0
494107,0
494108,0
494109,0
494110,0
494111,0
494112,0
494113,0
494114,24
494115,0
494116,0
494117,0
494118,0
494119,0
494120,0
494121,0
494122,0
494123,0
494124,0
494125,0
494126,0
494127,0
494128,23
494129,34
494130,0
494131,0
494132,0
494133,0
494134,0
494135,0
494136,0
494137,0
494138,0
494139,0
494140,0
494141,0
494142,0
494143,0
494144,0
494145,0
494146,0
494147,0
494148,0
494149,0
494150,0
494151,0
494152,0
494153,0
494154,0
494155,0
494156,0
494157,0
494158,0
494159,0
494160,0
494161,0
494162,0
494163,0
494164,0
494165,0
494166,0
494167,0
494168,0
494169,0
494170,0
494171,0
494172,0
494173,0
494174,0
494175,0
494176,0
494177,0
494178,0
494179,24
494180,0
494181,0
494182,0
494183,0
494184,0
494185,0
494186,0
494187,0
494188,0
494189,0
494190,0
494191,0
494192,0
494193,0
494194,0
494195,35
494196,0
494197,0
494198,0
494199,0
494200,0
494201,0
494202,0
494203,0
494204,0
494205,40
494206,0
494207,0
494208,0
494209,0
494210,0
494211,21
494212,29
494213,0
494214,32
494215,0
494216,0
494217,0
494218,0
494219,0
494220,0
494221,0
494222,22
494223,0
494224,0
494225,0
494226,26
494227,0
494228,0
494229,0
494230,0
494231,0
494232,0
494233,0
494234,0
494235,0
494236,0
494237,0
494238,0
494239,0
494240,0
494241,0
494242,0
494243,0
494244,0
494245,0
494246,0
494247,0
494248,0
494249,0
494250,0
494251,0
494252,0
494253,0
494254,0
494255,0
494256,0
494257,0
494258,0
494259,0
494260,39
494261,0
494262,0
494263,0
494264,0
494265,0
494266,0
494267,0
494268,0
494269,0
494270,0
494271,0
494272,0
494273,0
494274,0
494275,0
494276,0
494277,0
494278,0
494279,0
494280,0
494281,0
494282,0
494283,0
494284,0
494285,0
494286,0
494287,0
494288,0
494289,0
494290,0
494291,0
494292,0
494293,0
494294,0
494295,0
494296,0
494297,0
494298,0
494299,0
494300,0
494301,0
494302,0
494303,0
494304,0
494305,0
494306,0
494307,0
494308,28
494309,29
494310,0
494311,0
494312,0
494313,0
494314,0
494315,0
494316,0
494317,0
494318,0
494319,24
494320,29
494321,0
494322,0
494323,0
494324,0
494325,0
494326,0
494327,0
494328,0
494329,0
494330,0
494331,0
494332,0
494333,0
494334,0
494335,0
494336,0
494337,0
494338,0
494339,0
494340,0
494341,0
494342,0
494343,0
494344,0
494345,0
494346,0
494347,0
494348,34
494349,0
494350,31
494351,0
494352,0
494353,0
494354,0
494355,0
494356,0
494357,0
494358,0
494359,0
494360,0
494361,0
494362,0
494363,0
494364,0
494365,0
494366,0
494367,0
494368,0
494369,0
494370,38
494371,0
494372,26
494373,0
494374,0
494375,0
494376,0
494377,0
494378,0
494379,0
494380,0
494381,0
494382,0
494383,0
494384,0
494385,29
494386,0
494387,42
494388,0
494389,0
494390,35
494391,0
494392,0
494393,0
494394,0
494395,0
494396,19
494397,28
494398,0
494399,0
494400,0
494401,0
494402,0
494403,0
494404,0
494405,24
494406,0
494407,0
494408,0
494409,28
494410,0
494411,32
494412,34
494413,0
494414,0
494415,0
494416,28
494417,27
494418,0
494419,0
494420,0
494421,0
494422,0
494423,39
494424,0
494425,53
494426,0
494427,0
494428,0
494429,0
494430,0
494431,0
494432,0
494433,0
494434,0
494435,0
494436,0
494437,38
494438,0
494439,29
494440,0
494441,0
494442,0
494443,0
494444,0
494445,0
494446,0
494447,34
494448,0
494449,34
494450,0
494451,0
494452,0
494453,0
494454,0
494455,0
494456,0
494457,37
494458,0
494459,0
494460,0
494461,0
494462,0
494463,0
494464,0
494465,0
494466,0
494467,0
494468,0
494469,24
494470,0
494471,0
494472,0
494473,0
494474,0
494475,0
494476,0
494477,0
494478,0
494479,0
494480,27
494481,0
494482,0
494483,0
494484,0
494485,31
494486,0
494487,24
494488,39
494489,0
494490,0
494491,0
494492,0
494493,0
494494,0
494495,0
494496,0
494497,0
494498,0
494499,0
494500,0
494501,0
494502,0
494503,30
494504,31
494505,0
494506,0
494507,21
494508,0
494509,0
494510,0
494511,0
494512,0
494513,0
494514,0
494515,24
494516,0
494517,0
494518,0
494519,32
494520,0
494521,0
494522,0
494523,34
494524,0
494525,23
494526,0
494527,0
494528,33
494529,0
494530,0
494531,0
494532,0
494533,0
494534,0
494535,0
494536,35
494537,0
494538,0
494539,0
494540,0
494541,0
494542,40
494543,38
494544,0
494545,0
494546,45
494547,0
494548,0
494549,0
494550,0
494551,0
494552,0
494553,0
494554,33
494555,0
494556,0
494557,0
494558,37
494559,27
494560,49
494561,0
494562,0
494563,0
494564,0
494565,0
494566,0
494567,0
494568,0
494569,0
494570,0
494571,0
494572,0
494573,0
494574,0
494575,0
494576,0
494577,35
494578,0
494579,0
494580,0
494581,0
494582,0
494583,0
494584,0
494585,0
494586,0
494587,0
494588,0
494589,0
494590,0
494591,0
494592,0
494593,0
494594,0
494595,25
494596,41
494597,35
494598,0
494599,31
494600,0
494601,0
494602,0
494603,45
494604,0
494605,0
494606,0
494607,0
494608,21
494609,0
494610,0
494611,0
494612,30
494613,0
494614,0
494615,0
494616,0
494617,0
494618,0
494619,0
494620,0
494621,25
494622,0
494623,0
494624,0
494625,0
494626,0
494627,0
494628,0
494629,0
494630,24
494631,0
494632,0
494633,41
494634,0
494635,0
494636,0
494637,0
494638,0
494639,0
494640,0
494641,40
494642,39
494643,0
494644,0
494645,0
494646,0
494647,0
494648,0
494649,0
494650,0
494651,27
494652,0
494653,0
494654,28
494655,0
494656,39
494657,0
494658,0
494659,0
494660,0
494661,0
494662,0
494663,0
494664,0
494665,0
494666,0
494667,0
494668,0
494669,0
494670,0
494671,0
494672,33
494673,0
494674,41
494675,0
494676,0
494677,0
494678,0
494679,0
494680,0
494681,0
494682,0
494683,16
494684,0
494685,0
494686,0
494687,0
494688,28
494689,0
494690,0
494691,0
494692,45
494693,0
494694,33
494695,0
494696,0
494697,0
494698,0
494699,0
494700,0
494701,0
494702,0
494703,27
494704,0
494705,24
494706,28
494707,0
494708,0
494709,34
494710,0
494711,0
494712,35
494713,0
494714,0
494715,0
494716,24
494717,0
494718,0
494719,0
494720,0
494721,33
494722,0
494723,0
494724,32
494725,0
494726,0
494727,0
494728,0
494729,0
494730,0
494731,0
494732,0
494733,23
494734,0
494735,0
494736,0
494737,0
494738,38
494739,37
494740,0
494741,0
494742,0
494743,36
494744,39
494745,27
494746,0
494747,36
494748,0
494749,0
494750,0
494751,27
494752,0
494753,20
494754,0
494755,0
494756,0
494757,0
494758,0
494759,0
494760,0
494761,28
494762,50
494763,0
494764,0
494765,0
494766,0
494767,0
494768,0
494769,0
494770,32
494771,0
494772,0
494773,0
494774,0
494775,23
494776,0
494777,26
494778,0
494779,0
494780,0
494781,0
494782,40
494783,31
494784,0
494785,0
494786,0
494787,0
494788,0
494789,41
494790,31
494791,35
494792,0
494793,0
494794,42
494795,0
494796,0
494797,0
494798,40
494799,26
494800,0
494801,0
494802,0
494803,27
494804,0
494805,0
494806,0
494807,0
494808,0
494809,0
494810,34
494811,43
494812,0
494813,0
494814,42
494815,0
494816,48
494817,24
494818,0
494819,0
494820,0
494821,32
494822,0
494823,0
494824,0
494825,30
494826,30
494827,0
494828,29
494829,0
494830,28
494831,0
494832,0
494833,0
494834,0
494835,0
494836,0
494837,35
494838,0
494839,0
494840,0
494841,0
494842,0
494843,0
494844,0
494845,0
494846,0
494847,0
494848,0
494849,0
494850,0
494851,0
494852,0
494853,27
494854,0
494855,0
494856,0
494857,0
494858,0
494859,0
494860,0
494861,0
494862,0
494863,0
494864,37
494865,0
494866,0
494867,33
494868,0
494869,0
494870,0
494871,0
494872,0
494873,27
494874,42
494875,28
494876,0
494877,0
494878,0
494879,0
494880,0
494881,28
494882,0
494883,38
494884,40
494885,0
494886,0
494887,0
494888,0
494889,0
494890,0
494891,40
494892,0
494893,0
494894,29
494895,0
494896,0
494897,0
494898,0
494899,35
494900,0
494901,0
494902,0
494903,0
494904,0
494905,0
494906,0
494907,31
494908,40
494909,0
494910,0
494911,0
494912,16
494913,0
494914,13
494915,0
494916,0
494917,0
494918,0
494919,0
494920,0
494921,0
494922,0
494923,0
494924,8
494925,0
494926,0
494927,0
494928,10
494929,13
494930,0
494931,0
494932,0
494933,0
494934,0
494935,14
494936,22
494937,0
494938,0
494939,0
494940,0
494941,17
494942,0
494943,11
494944,17
494945,0
494946,0
494947,0
494948,0
494949,0
494950,0
494951,5
494952,0
494953,18
494954,18
494955,0
494956,0
494957,0
494958,0
494959,0
494960,0
494961,20
494962,0
494963,0
494964,4
494965,0
494966,0
494967,13
494968,17
494969,12
494970,13
494971,0
494972,0
494973,0
494974,0
494975,0
494976,0
494977,0
494978,0
494979,0
494980,0
494981,0
494982,17
494983,0
494984,0
494985,8
494986,0
494987,0
494988,10
494989,0
494990,0
494991,0
494992,0
494993,17
494994,16
494995,0
494996,0
494997,0
494998,0
494999,20
495000,0
495001,0
495002,9
495003,0
495004,0
495005,8
495006,0
495007,0
495008,0
495009,0
495010,0
495011,0
495012,16
495013,0
495014,0
495015,0
495016,0
495017,0
495018,0
495019,0
495020,0
495021,0
495022,0
495023,0
495024,0
495025,12
495026,0
495027,0
495028,0
495029,0
495030,0
495031,0
495032,0
495033,0
495034,0
495035,0
495036,0
495037,0
495038,0
495039,0
495040,0
495041,0
495042,0
495043,11
495044,0
495045,0
495046,0
495047,0
495048,0
495049,0
495050,0
495051,0
495052,0
495053,0
495054,0
495055,0
495056,16
495057,11
495058,0
495059,0
495060,18
495061,7
495062,12
495063,0
495064,0
495065,0
495066,0
495067,9
495068,0
495069,0
495070,17
495071,0
495072,6
495073,0
495074,11
495075,0
495076,0
495077,0
495078,8
495079,0
495080,0
495081,15
495082,0
495083,0
495084,0
495085,0
495086,0
495087,0
495088,0
495089,0
495090,0
495091,16
495092,15
495093,0
495094,0
495095,0
495096,0
495097,0
495098,0
495099,14
495100,0
495101,0
495102,0
495103,0
495104,0
495105,0
495106,0
495107,0
495108,9
495109,0
495110,0
495111,0
495112,0
495113,0
495114,0
495115,0
495116,0
495117,0
495118,0
495119,13
495120,14
495121,19
495122,17
495123,0
495124,0
495125,12
495126,0
495127,0
495128,0
495129,0
495130,0
495131,0
495132,13
495133,11
495134,0
495135,0
495136,13
495137,0
495138,22
495139,0
495140,10
495141,0
495142,0
495143,0
495144,0
495145,0
495146,0
495147,0
495148,0
495149,0
495150,0
495151,0
495152,0
495153,0
495154,0
495155,0
495156,16
495157,0
495158,14
495159,0
495160,0
495161,0
495162,0
495163,12
495164,0
495165,0
495166,0
495167,0
495168,0
495169,25
495170,15
495171,10
495172,9
495173,0
495174,12
495175,0
495176,0
495177,0
495178,0
495179,0
495180,0
495181,12
495182,0
495183,0
495184,0
495185,0
495186,0
495187,0
495188,20
495189,0
495190,0
495191,0
495192,0
495193,0
495194,0
495195,0
495196,0
495197,0
495198,0
495199,0
495200,0
495201,14
495202,7
495203,0
495204,14
495205,0
495206,9
495207,0
495208,0
495209,0
495210,0
495211,10
495212,0
495213,14
495214,14
495215,0
495216,0
495217,12
495218,0
495219,0
495220,0
495221,16
495222,0
495223,0
495224,0
495225,0
495226,0
495227,0
495228,0
495229,0
495230,0
495231,0
495232,0
495233,0
495234,0
495235,0
495236,0
495237,0
495238,0
495239,0
495240,0
495241,0
495242,0
495243,0
495244,0
495245,0
495246,0
495247,0
495248,16
495249,0
495250,0
495251,34
495252,0
495253,0
495254,0
495255,26
495256,0
495257,0
495258,0
495259,0
495260,0
495261,0
495262,46
495263,0
495264,0
495265,0
495266,0
495267,0
495268,0
495269,0
495270,0
495271,0
495272,0
495273,0
495274,21
495275,0
495276,0
495277,0
495278,0
495279,59
495280,0
495281,0
495282,0
495283,0
495284,0
495285,0
495286,0
495287,0
495288,0
495289,0
495290,0
495291,48
495292,0
495293,0
495294,40
495295,42
495296,0
495297,24
495298,16
495299,0
495300,0
495301,0
495302,0
495303,0
495304,0
495305,0
495306,28
495307,0
495308,0
495309,0
495310,0
495311,0
495312,0
495313,0
495314,0
495315,0
495316,0
495317,0
495318,0
495319,0
495320,0
495321,0
495322,0
495323,0
495324,8
495325,0
495326,0
495327,0
495328,0
495329,0
495330,0
495331,0
495332,0
495333,49
495334,0
495335,0
495336,0
495337,55
495338,55
495339,0
495340,42
495341,0
495342,0
495343,0
495344,0
495345,0
495346,35
495347,0
495348,26
495349,22
495350,23
495351,0
495352,0
495353,0
495354,0
495355,0
495356,0
495357,41
495358,37
495359,0
495360,0
495361,51
495362,0
495363,0
495364,0
495365,0
495366,0
495367,0
495368,0
495369,0
495370,0
495371,0
495372,0
495373,0
495374,53
495375,0
495376,0
495377,0
495378,0
495379,0
495380,0
495381,0
495382,0
495383,29
495384,0
495385,0
495386,0
495387,0
495388,0
495389,0
495390,0
495391,0
495392,0
495393,41
495394,0
495395,0
495396,50
495397,0
495398,0
495399,13
495400,26
495401,0
495402,0
495403,0
495404,0
495405,0
495406,0
495407,0
495408,0
495409,0
495410,0
495411,32
495412,19
495413,0
495414,0
495415,0
495416,0
495417,19
495418,0
495419,0
495420,0
495421,0
495422,0
495423,0
495424,0
495425,54
495426,26
495427,0
495428,0
495429,0
495430,0
495431,0
495432,0
495433,0
495434,0
495435,0
495436,0
495437,0
495438,0
495439,0
495440,0
495441,0
495442,31
495443,0
495444,0
495445,0
495446,0
495447,0
495448,0
495449,0
495450,0
495451,0
495452,0
495453,0
495454,0
495455,0
495456,0
495457,0
495458,0
495459,35
495460,0
495461,0
495462,0
495463,19
495464,0
495465,0
495466,28
495467,0
495468,0
495469,37
495470,18
495471,0
495472,0
495473,0
495474,0
495475,49
495476,0
495477,0
495478,42
495479,0
495480,0
495481,17
495482,0
495483,0
495484,0
495485,0
495486,0
495487,0
495488,0
495489,0
495490,0
495491,0
495492,0
495493,0
495494,0
495495,0
495496,0
495497,0
495498,47
495499,0
495500,0
495501,13
495502,27
495503,0
495504,0
495505,0
495506,0
495507,71
495508,27
495509,0
495510,0
495511,40
495512,0
495513,43
495514,0
495515,0
495516,0
495517,0
495518,0
495519,63
495520,0
495521,0
495522,0
495523,0
495524,0
495525,0
495526,0
495527,13
495528,22
495529,0
495530,0
495531,0
495532,0
495533,0
495534,0
495535,0
495536,0
495537,0
495538,0
495539,0
495540,0
495541,18
495542,0
495543,0
495544,60
495545,0
495546,0
495547,0
495548,30
495549,0
495550,10
495551,0
495552,0
495553,0
495554,0
495555,0
495556,0
495557,0
495558,36
495559,0
495560,0
495561,34
495562,0
495563,0
495564,0
495565,22
495566,0
495567,0
495568,0
495569,0
495570,0
495571,28
495572,0
495573,36
495574,0
495575,0
495576,0
495577,0
495578,0
495579,0
495580,0
495581,0
495582,0
495583,0
495584,0
495585,0
495586,38
495587,0
495588,0
495589,0
495590,0
495591,0
495592,30
495593,0
495594,0
495595,42
495596,0
495597,16
495598,0
495599,13
495600,0
495601,0
495602,0
495603,0
495604,0
495605,16
495606,0
495607,0
495608,0
495609,0
495610,0
495611,27
495612,0
495613,0
495614,0
495615,0
495616,0
495617,0
495618,0
495619,0
495620,0
495621,0
495622,0
495623,38
495624,18
495625,0
495626,0
495627,63
495628,57
495629,0
495630,0
495631,0
495632,0
495633,0
495634,0
495635,53
495636,25
495637,0
495638,0
495639,15
495640,0
495641,0
495642,0
495643,23
495644,0
495645,23
495646,0
495647,0
495648,0
495649,41
495650,44
495651,0
495652,0
495653,31
495654,0
495655,0
495656,0
495657,0
495658,0
495659,50
495660,0
495661,0
495662,0
495663,0
495664,0
495665,0
495666,0
495667,19
495668,0
495669,36
495670,52
495671,0
495672,0
495673,0
495674,35
495675,0
495676,0
495677,0
495678,32
495679,0
495680,0
495681,30
495682,40
495683,0
495684,0
495685,0
495686,0
495687,0
495688,0
495689,0
495690,0
495691,0
495692,0
495693,0
495694,0
495695,63
495696,0
495697,0
495698,23
495699,0
495700,0
495701,0
495702,54
495703,0
495704,33
495705,0
495706,0
495707,0
495708,0
495709,0
495710,0
495711,0
495712,0
495713,0
495714,0
495715,0
495716,0
495717,25
495718,0
495719,26
495720,0
495721,49
495722,0
495723,0
495724,0
495725,0
495726,0
495727,0
495728,0
495729,0
495730,33
495731,20
495732,0
495733,0
495734,0
495735,0
495736,0
495737,52
495738,0
495739,34
495740,0
495741,0
495742,0
495743,39
495744,0
495745,0
495746,0
495747,11
495748,0
495749,0
495750,0
495751,0
495752,0
495753,0
495754,0
495755,0
495756,0
495757,36
495758,28
495759,0
495760,0
495761,0
495762,0
495763,0
495764,4
495765,0
495766,0
495767,0
495768,0
495769,0
495770,47
495771,16
495772,0
495773,0
495774,0
495775,0
495776,0
495777,0
495778,32
495779,0
495780,39
495781,0
495782,0
495783,14
495784,65
495785,34
495786,0
495787,0
495788,0
495789,27
495790,0
495791,0
495792,0
495793,0
495794,0
495795,0
495796,0
495797,0
495798,17
495799,45
495800,0
495801,0
495802,0
495803,0
495804,0
495805,56
495806,0
495807,0
495808,0
495809,28
495810,0
495811,0
495812,0
495813,0
495814,0
495815,0
495816,0
495817,0
495818,0
495819,0
495820,0
495821,0
495822,0
495823,26
495824,0
495825,0
495826,0
495827,0
495828,0
495829,23
495830,40
495831,0
495832,0
495833,23
495834,0
495835,0
495836,0
495837,0
495838,0
495839,0
495840,0
495841,0
495842,0
495843,0
495844,0
495845,0
495846,0
495847,0
495848,0
495849,0
495850,57
495851,0
495852,0
495853,39
495854,18
495855,0
495856,0
495857,0
495858,23
495859,0
495860,0
495861,0
495862,6
495863,0
495864,0
495865,0
495866,0
495867,0
495868,0
495869,0
495870,0
495871,21
495872,0
495873,19
495874,0
495875,0
495876,19
495877,0
495878,0
495879,14
495880,4
495881,0
495882,0
495883,0
495884,0
495885,0
495886,10
495887,0
495888,12
495889,0
495890,0
495891,0
495892,16
495893,0
495894,0
495895,14
495896,0
495897,0
495898,0
495899,12
495900,0
495901,0
495902,0
495903,0
495904,9
495905,0
495906,0
495907,0
495908,0
495909,0
495910,0
495911,0
495912,0
495913,0
495914,0
495915,0
495916,0
495917,0
495918,0
495919,0
495920,0
495921,0
495922,0
495923,0
495924,0
495925,0
495926,0
495927,0
495928,0
495929,0
495930,0
495931,0
495932,0
495933,0
495934,0
495935,0
495936,0
495937,0
495938,0
495939,0
495940,0
495941,0
495942,0
495943,0
495944,0
495945,0
495946,0
495947,0
495948,0
495949,0
495950,0
495951,0
495952,0
495953,0
495954,0
495955,0
495956,0
495957,0
495958,0
495959,0
495960,0
495961,0
495962,0
495963,0
495964,0
495965,0
495966,0
495967,0
495968,0
495969,0
495970,0
495971,0
495972,0
495973,0
495974,0
495975,0
495976,0
495977,0
495978,0
495979,0
495980,0
495981,0
495982,0
495983,0
495984,0
495985,0
495986,0
495987,0
495988,0
495989,0
495990,0
495991,0
495992,0
495993,0
495994,0
495995,0
495996,0
495997,0
495998,0
495999,0
496000,0
496001,0
496002,0
496003,0
496004,0
496005,0
496006,0
496007,0
496008,0
496009,0
496010,0
496011,0
496012,0
496013,0
496014,0
496015,0
496016,0
496017,0
496018,0
496019,0
496020,0
496021,0
496022,0
496023,0
496024,0
496025,0
496026,0
496027,0
496028,0
496029,0
496030,0
496031,0
496032,0
496033,0
496034,0
496035,0
496036,0
496037,0
496038,0
496039,0
496040,0
496041,0
496042,0
496043,0
496044,0
496045,0
496046,0
496047,0
496048,0
496049,0
496050,0
496051,0
496052,0
496053,0
496054,0
496055,0
496056,0
496057,0
496058,0
496059,0
496060,0
496061,0
496062,0
496063,0
496064,0
496065,0
496066,0
496067,0
496068,0
496069,0
496070,0
496071,0
496072,0
496073,0
496074,0
496075,0
496076,0
496077,0
496078,0
496079,0
496080,0
496081,0
496082,0
496083,0
496084,0
496085,0
496086,0
496087,0
496088,0
496089,0
496090,0
496091,0
496092,0
496093,0
496094,0
496095,0
496096,0
496097,0
496098,0
496099,0
496100,0
496101,0
496102,0
496103,0
496104,0
496105,0
496106,0
496107,0
496108,0
496109,0
496110,0
496111,0
496112,0
496113,0
496114,0
496115,0
496116,0
496117,0
496118,0
496119,0
496120,0
496121,0
496122,0
496123,0
496124,0
496125,0
496126,0
496127,0
496128,0
496129,0
496130,0
496131,0
496132,0
496133,0
496134,0
496135,0
496136,0
496137,0
496138,0
496139,0
496140,0
496141,0
496142,0
496143,0
496144,0
496145,0
496146,0
496147,0
496148,0
496149,0
496150,0
496151,0
496152,0
496153,0
496154,0
496155,1
496156,0
496157,0
496158,0
496159,0
496160,0
496161,0
496162,0
496163,0
496164,0
496165,0
496166,0
496167,1
496168,0
496169,0
496170,0
496171,0
496172,0
496173,0
496174,0
496175,0
496176,0
496177,0
496178,0
496179,0
496180,0
496181,0
496182,0
496183,0
496184,0
496185,0
496186,0
496187,0
496188,0
496189,0
496190,0
496191,0
496192,0
496193,0
496194,0
496195,0
496196,0
496197,0
496198,0
496199,0
496200,0
496201,0
496202,0
496203,0
496204,0
496205,0
496206,0
496207,0
496208,0
496209,0
496210,0
496211,0
496212,0
496213,0
496214,0
496215,0
496216,0
496217,0
496218,0
496219,0
496220,0
496221,0
496222,0
496223,0
496224,0
496225,0
496226,0
496227,0
496228,0
496229,0
496230,0
496231,0
496232,0
496233,0
496234,0
496235,0
496236,0
496237,0
496238,0
496239,0
496240,0
496241,0
496242,0
496243,0
496244,0
496245,0
496246,0
496247,0
496248,0
496249,0
496250,0
496251,0
496252,0
496253,0
496254,1
496255,0
496256,0
496257,0
496258,0
496259,0
496260,0
496261,0
496262,0
496263,0
496264,0
496265,0
496266,1
496267,0
496268,0
496269,0
496270,0
496271,0
496272,0
496273,0
496274,0
496275,0
496276,0
496277,0
496278,0
496279,0
496280,0
496281,0
496282,0
496283,0
496284,0
496285,0
496286,0
496287,0
496288,0
496289,0
496290,0
496291,0
496292,0
496293,0
496294,0
496295,0
496296,0
496297,0
496298,0
496299,0
496300,0
496301,0
496302,0
496303,0
496304,0
496305,0
496306,0
496307,0
496308,0
496309,0
496310,0
496311,0
496312,0
496313,0
496314,0
496315,0
496316,0
496317,0
496318,0
496319,0
496320,0
496321,0
496322,0
496323,0
496324,0
496325,0
496326,0
496327,0
496328,0
496329,0
496330,0
496331,0
496332,0
496333,0
496334,0
496335,0
496336,0
496337,0
496338,0
496339,0
496340,0
496341,0
496342,0
496343,0
496344,0
496345,0
496346,0
496347,0
496348,0
496349,0
496350,0
496351,0
496352,0
496353,0
496354,0
496355,0
496356,0
496357,0
496358,0
496359,0
496360,0
496361,0
496362,0
496363,0
496364,0
496365,0
496366,0
496367,0
496368,0
496369,0
496370,0
496371,0
496372,0
496373,0
496374,0
496375,0
496376,0
496377,0
496378,0
496379,0
496380,0
496381,0
496382,0
496383,0
496384,0
496385,0
496386,0
496387,0
496388,0
496389,0
496390,0
496391,0
496392,0
496393,0
496394,0
496395,0
496396,0
496397,0
496398,0
496399,0
496400,0
496401,0
496402,0
496403,0
496404,0
496405,0
496406,0
496407,0
496408,0
496409,0
496410,0
496411,0
496412,0
496413,0
496414,0
496415,0
496416,0
496417,0
496418,0
496419,0
496420,0
496421,0
496422,0
496423,0
496424,0
496425,0
496426,0
496427,0
496428,0
496429,0
496430,0
496431,0
496432,0
496433,0
496434,0
496435,0
496436,0
496437,0
496438,0
496439,0
496440,0
496441,0
496442,0
496443,0
496444,0
496445,0
496446,0
496447,0
496448,0
496449,0
496450,0
496451,0
496452,0
496453,0
496454,0
496455,0
496456,0
496457,0
496458,0
496459,0
496460,0
496461,0
496462,0
496463,0
496464,0
496465,0
496466,0
496467,0
496468,0
496469,0
496470,0
496471,0
496472,0
496473,0
496474,0
496475,0
496476,0
496477,0
496478,0
496479,0
496480,0
496481,0
496482,1
496483,0
496484,0
496485,0
496486,0
496487,0
496488,0
496489,0
496490,0
496491,0
496492,0
496493,0
496494,0
496495,1
496496,0
496497,0
496498,0
496499,0
496500,0
496501,0
496502,0
496503,0
496504,0
496505,0
496506,0
496507,0
496508,0
496509,0
496510,0
496511,0
496512,0
496513,0
496514,0
496515,0
496516,0
496517,0
496518,0
496519,0
496520,0
496521,0
496522,0
496523,0
496524,0
496525,0
496526,0
496527,0
496528,0
496529,0
496530,0
496531,0
496532,0
496533,0
496534,0
496535,0
496536,0
496537,0
496538,0
496539,0
496540,0
496541,0
496542,0
496543,0
496544,0
496545,0
496546,0
496547,0
496548,0
496549,0
496550,0
496551,0
496552,0
496553,0
496554,0
496555,0
496556,0
496557,0
496558,0
496559,0
496560,0
496561,0
496562,0
496563,0
496564,0
496565,0
496566,0
496567,0
496568,0
496569,0
496570,1
496571,0
496572,0
496573,0
496574,0
496575,0
496576,0
496577,0
496578,0
496579,0
496580,0
496581,0
496582,0
496583,0
496584,0
496585,0
496586,0
496587,0
496588,0
496589,0
496590,0
496591,0
496592,0
496593,0
496594,0
496595,0
496596,0
496597,0
496598,0
496599,0
496600,0
496601,0
496602,0
496603,0
496604,0
496605,0
496606,0
496607,0
496608,0
496609,0
496610,0
496611,0
496612,0
496613,0
496614,0
496615,0
496616,0
496617,0
496618,0
496619,0
496620,0
496621,0
496622,0
496623,0
496624,0
496625,0
496626,0
496627,0
496628,0
496629,0
496630,0
496631,0
496632,0
496633,0
496634,0
496635,0
496636,0
496637,0
496638,0
496639,0
496640,0
496641,0
496642,0
496643,0
496644,0
496645,0
496646,0
496647,0
496648,0
496649,0
496650,0
496651,0
496652,0
496653,0
496654,0
496655,0
496656,0
496657,0
496658,0
496659,0
496660,0
496661,0
496662,0
496663,0
496664,0
496665,0
496666,0
496667,0
496668,0
496669,0
496670,0
496671,0
496672,0
496673,0
496674,0
496675,0
496676,0
496677,0
496678,0
496679,0
496680,0
496681,0
496682,0
496683,0
496684,0
496685,0
496686,0
496687,0
496688,0
496689,0
496690,0
496691,0
496692,0
496693,0
496694,0
496695,0
496696,0
496697,0
496698,1
496699,0
496700,0
496701,0
496702,0
496703,0
496704,0
496705,0
496706,0
496707,0
496708,0
496709,0
496710,0
496711,0
496712,0
496713,0
496714,0
496715,0
496716,0
496717,0
496718,0
496719,0
496720,0
496721,0
496722,0
496723,0
496724,0
496725,0
496726,0
496727,0
496728,0
496729,0
496730,0
496731,0
496732,0
496733,0
496734,0
496735,0
496736,0
496737,0
496738,0
496739,0
496740,0
496741,0
496742,0
496743,0
496744,0
496745,0
496746,0
496747,0
496748,0
496749,0
496750,0
496751,0
496752,0
496753,0
496754,0
496755,0
496756,0
496757,0
496758,0
496759,0
496760,0
496761,0
496762,0
496763,0
496764,0
496765,0
496766,0
496767,0
496768,0
496769,0
496770,0
496771,0
496772,0
496773,0
496774,0
496775,0
496776,0
496777,0
496778,0
496779,0
496780,0
496781,0
496782,0
496783,0
496784,0
496785,0
496786,0
496787,0
496788,0
496789,0
496790,0
496791,0
496792,0
496793,0
496794,0
496795,0
496796,0
496797,0
496798,0
496799,0
496800,0
496801,0
496802,0
496803,0
496804,0
496805,0
496806,0
496807,0
496808,0
496809,0
496810,12
496811,0
496812,0
496813,0
496814,0
496815,0
496816,0
496817,0
496818,0
496819,0
496820,0
496821,0
496822,0
496823,0
496824,0
496825,0
496826,0
496827,0
496828,0
496829,0
496830,0
496831,0
496832,0
496833,0
496834,0
496835,0
496836,0
496837,0
496838,0
496839,0
496840,0
496841,0
496842,0
496843,0
496844,0
496845,0
496846,27
496847,0
496848,0
496849,0
496850,0
496851,0
496852,0
496853,0
496854,0
496855,0
496856,19
496857,0
496858,0
496859,0
496860,0
496861,0
496862,0
496863,0
496864,0
496865,0
496866,0
496867,0
496868,0
496869,0
496870,0
496871,0
496872,0
496873,0
496874,0
496875,0
496876,0
496877,0
496878,0
496879,0
496880,0
496881,0
496882,0
496883,0
496884,0
496885,0
496886,0
496887,0
496888,0
496889,0
496890,0
496891,0
496892,0
496893,0
496894,0
496895,0
496896,0
496897,0
496898,0
496899,0
496900,0
496901,0
496902,0
496903,0
496904,26
496905,0
496906,0
496907,0
496908,0
496909,0
496910,0
496911,0
496912,0
496913,0
496914,0
496915,0
496916,0
496917,0
496918,0
496919,0
496920,0
496921,0
496922,10
496923,0
496924,0
496925,0
496926,0
496927,0
496928,0
496929,0
496930,0
496931,0
496932,0
496933,0
496934,14
496935,0
496936,0
496937,0
496938,0
496939,0
496940,0
496941,0
496942,0
496943,0
496944,0
496945,0
496946,0
496947,0
496948,0
496949,0
496950,0
496951,0
496952,0
496953,0
496954,22
496955,0
496956,0
496957,0
496958,0
496959,0
496960,0
496961,0
496962,0
496963,0
496964,0
496965,0
496966,11
496967,0
496968,0
496969,30
496970,0
496971,0
496972,0
496973,0
496974,0
496975,0
496976,0
496977,18
496978,0
496979,11
496980,0
496981,0
496982,0
496983,0
496984,0
496985,0
496986,0
496987,0
496988,17
496989,0
496990,0
496991,0
496992,0
496993,0
496994,0
496995,18
496996,0
496997,0
496998,0
496999,0
497000,0
497001,0
497002,0
497003,0
497004,0
497005,0
497006,0
497007,0
497008,0
497009,0
497010,0
497011,14
497012,0
497013,0
497014,0
497015,0
497016,0
497017,0
497018,0
497019,0
497020,0
497021,0
497022,0
497023,0
497024,0
497025,0
497026,0
497027,0
497028,0
497029,0
497030,0
497031,0
497032,0
497033,0
497034,13
497035,0
497036,0
497037,0
497038,0
497039,0
497040,18
497041,0
497042,0
497043,0
497044,0
497045,0
497046,0
497047,0
497048,0
497049,0
497050,0
497051,0
497052,0
497053,0
497054,0
497055,0
497056,21
497057,0
497058,0
497059,0
497060,0
497061,0
497062,0
497063,0
497064,0
497065,0
497066,0
497067,0
497068,0
497069,0
497070,0
497071,0
497072,0
497073,0
497074,0
497075,0
497076,0
497077,0
497078,0
497079,0
497080,0
497081,0
497082,0
497083,0
497084,0
497085,0
497086,0
497087,0
497088,0
497089,0
497090,0
497091,0
497092,0
497093,0
497094,0
497095,0
497096,0
497097,0
497098,0
497099,0
497100,0
497101,0
497102,0
497103,0
497104,0
497105,0
497106,0
497107,0
497108,0
497109,17
497110,0
497111,14
497112,0
497113,0
497114,0
497115,0
497116,0
497117,0
497118,0
497119,0
497120,0
497121,0
497122,0
497123,0
497124,12
497125,0
497126,0
497127,0
497128,0
497129,0
497130,0
497131,0
497132,0
497133,0
497134,0
497135,0
497136,13
497137,0
497138,0
497139,0
497140,0
497141,0
497142,0
497143,19
497144,0
497145,0
497146,23
497147,0
497148,0
497149,0
497150,0
497151,0
497152,0
497153,0
497154,0
497155,20
497156,0
497157,0
497158,0
497159,0
497160,0
497161,0
497162,0
497163,0
497164,0
497165,0
497166,0
497167,0
497168,18
497169,0
497170,0
497171,0
497172,0
497173,0
497174,0
497175,0
497176,0
497177,0
497178,0
497179,0
497180,0
497181,0
497182,0
497183,0
497184,0
497185,0
497186,0
497187,0
497188,21
497189,0
497190,20
497191,0
497192,0
497193,0
497194,0
497195,0
497196,0
497197,0
497198,0
497199,0
497200,0
497201,0
497202,0
497203,0
497204,0
497205,0
497206,0
497207,0
497208,0
497209,0
497210,0
497211,0
497212,0
497213,0
497214,0
497215,0
497216,0
497217,0
497218,0
497219,0
497220,0
497221,0
497222,0
497223,0
497224,0
497225,0
497226,0
497227,0
497228,0
497229,0
497230,0
497231,0
497232,0
497233,0
497234,0
497235,12
497236,0
497237,0
497238,0
497239,0
497240,0
497241,0
497242,0
497243,0
497244,0
497245,0
497246,0
497247,0
497248,0
497249,0
497250,0
497251,0
497252,0
497253,0
497254,0
497255,0
497256,0
497257,0
497258,0
497259,0
497260,0
497261,0
497262,0
497263,0
497264,0
497265,0
497266,0
497267,0
497268,0
497269,0
497270,0
497271,0
497272,0
497273,0
497274,0
497275,0
497276,0
497277,0
497278,0
497279,0
497280,0
497281,0
497282,0
497283,0
497284,0
497285,0
497286,0
497287,0
497288,0
497289,0
497290,0
497291,0
497292,2
497293,4
497294,6
497295,0
497296,0
497297,0
497298,0
497299,0
497300,0
497301,0
497302,0
497303,0
497304,0
497305,0
497306,0
497307,5
497308,0
497309,0
497310,0
497311,0
497312,7
497313,0
497314,0
497315,0
497316,0
497317,0
497318,0
497319,0
497320,0
497321,0
497322,7
497323,0
497324,0
497325,0
497326,0
497327,0
497328,0
497329,8
497330,0
497331,0
497332,0
497333,0
497334,0
497335,0
497336,7
497337,0
497338,6
497339,0
497340,0
497341,0
497342,7
497343,0
497344,0
497345,0
497346,0
497347,9
497348,0
497349,5
497350,0
497351,6
497352,0
497353,4
497354,0
497355,0
497356,0
497357,0
497358,0
497359,0
497360,0
497361,0
497362,0
497363,0
497364,0
497365,0
497366,0
497367,0
497368,4
497369,0
497370,0
497371,0
497372,5
497373,0
497374,0
497375,0
497376,0
497377,0
497378,62
497379,32
497380,0
497381,0
497382,0
497383,0
497384,0
497385,0
497386,0
497387,0
497388,0
497389,0
497390,0
497391,0
497392,0
497393,0
497394,0
497395,0
497396,0
497397,0
497398,0
497399,0
497400,35
497401,0
497402,0
497403,0
497404,48
497405,35
497406,36
497407,0
497408,0
497409,0
497410,0
497411,0
497412,0
497413,0
497414,0
497415,0
497416,0
497417,0
497418,0
497419,0
497420,0
497421,0
497422,0
497423,62
497424,0
497425,0
497426,0
497427,0
497428,0
497429,0
497430,0
497431,0
497432,0
497433,36
497434,0
497435,0
497436,0
497437,0
497438,0
497439,0
497440,41
497441,0
497442,0
497443,0
497444,0
497445,0
497446,0
497447,0
497448,0
497449,0
497450,0
497451,0
497452,0
497453,0
497454,0
497455,0
497456,0
497457,0
497458,0
497459,0
497460,0
497461,0
497462,0
497463,0
497464,0
497465,0
497466,0
497467,0
497468,0
497469,0
497470,0
497471,35
497472,0
497473,0
497474,28
497475,58
497476,0
497477,0
497478,0
497479,0
497480,0
497481,0
497482,0
497483,0
497484,0
497485,0
497486,0
497487,0
497488,0
497489,0
497490,0
497491,0
497492,0
497493,0
497494,0
497495,0
497496,0
497497,47
497498,0
497499,0
497500,0
497501,0
497502,0
497503,0
497504,0
497505,0
497506,0
497507,0
497508,0
497509,0
497510,0
497511,0
497512,0
497513,0
497514,0
497515,0
497516,0
497517,0
497518,0
497519,0
497520,0
497521,0
497522,39
497523,0
497524,0
497525,0
497526,0
497527,0
497528,0
497529,0
497530,0
497531,0
497532,0
497533,0
497534,0
497535,0
497536,0
497537,0
497538,0
497539,0
497540,0
497541,0
497542,0
497543,0
497544,0
497545,0
497546,0
497547,0
497548,0
497549,0
497550,0
497551,0
497552,0
497553,0
497554,0
497555,0
497556,0
497557,0
497558,0
497559,0
497560,0
497561,0
497562,0
497563,50
497564,0
497565,0
497566,0
497567,0
497568,45
497569,0
497570,0
497571,0
497572,0
497573,0
497574,0
497575,0
497576,0
497577,0
497578,43
497579,0
497580,0
497581,0
497582,0
497583,0
497584,0
497585,0
497586,51
497587,29
497588,0
497589,0
497590,0
497591,0
497592,0
497593,0
497594,0
497595,0
497596,33
497597,0
497598,0
497599,0
497600,0
497601,0
497602,0
497603,0
497604,0
497605,0
497606,29
497607,0
497608,46
497609,0
497610,0
497611,22
497612,0
497613,0
497614,31
497615,0
497616,0
497617,0
497618,0
497619,0
497620,13
497621,0
497622,0
497623,0
497624,0
497625,30
497626,0
497627,0
497628,0
497629,0
497630,0
497631,31
497632,34
497633,25
497634,33
497635,0
497636,0
497637,0
497638,0
497639,32
497640,0
497641,0
497642,0
497643,15
497644,0
497645,0
497646,33
497647,0
497648,0
497649,0
497650,0
497651,28
497652,0
497653,24
497654,0
497655,28
497656,0
497657,41
497658,0
497659,28
497660,0
497661,0
497662,0
497663,0
497664,28
497665,0
497666,0
497667,0
497668,0
497669,0
497670,32
497671,0
497672,0
497673,26
497674,31
497675,29
497676,0
497677,0
497678,0
497679,0
497680,0
497681,0
497682,0
497683,0
497684,0
497685,0
497686,0
497687,0
497688,0
497689,0
497690,0
497691,0
497692,0
497693,0
497694,0
497695,0
497696,0
497697,28
497698,0
497699,0
497700,36
497701,0
497702,0
497703,0
497704,0
497705,37
497706,47
497707,0
497708,33
497709,0
497710,0
497711,0
497712,0
497713,0
497714,42
497715,0
497716,0
497717,0
497718,0
497719,0
497720,0
497721,0
497722,0
497723,0
497724,0
497725,0
497726,0
497727,0
497728,0
497729,33
497730,0
497731,0
497732,28
497733,0
497734,0
497735,0
497736,0
497737,34
497738,0
497739,0
497740,0
497741,25
497742,35
497743,0
497744,0
497745,19
497746,0
497747,0
497748,0
497749,0
497750,0
497751,0
497752,0
497753,0
497754,0
497755,0
497756,21
497757,29
497758,0
497759,0
497760,29
497761,0
497762,35
497763,0
497764,40
497765,45
497766,0
497767,0
497768,35
497769,0
497770,0
497771,19
497772,0
497773,0
497774,0
497775,0
497776,0
497777,0
497778,0
497779,0
497780,25
497781,0
497782,0
497783,0
497784,28
497785,0
497786,26
497787,0
497788,0
497789,0
497790,0
497791,0
497792,19
497793,0
497794,0
497795,0
497796,0
497797,0
497798,0
497799,0
497800,31
497801,0
497802,0
497803,0
497804,0
497805,0
497806,0
497807,0
497808,10
497809,0
497810,0
497811,0
497812,0
497813,0
497814,0
497815,0
497816,0
497817,0
497818,34
497819,0
497820,0
497821,0
497822,0
497823,0
497824,0
497825,31
497826,27
497827,0
497828,41
497829,0
497830,0
497831,0
497832,0
497833,0
497834,0
497835,0
497836,33
497837,0
497838,0
497839,0
497840,0
497841,0
497842,0
497843,0
497844,48
497845,45
497846,0
497847,0
497848,0
497849,32
497850,0
497851,0
497852,0
497853,0
497854,31
497855,34
497856,0
497857,0
497858,36
497859,0
497860,27
497861,44
497862,0
497863,0
497864,0
497865,53
497866,56
497867,0
497868,0
497869,0
497870,0
497871,0
497872,0
497873,0
497874,0
497875,0
497876,0
497877,0
497878,28
497879,0
497880,0
497881,0
497882,38
497883,0
497884,0
497885,46
497886,0
497887,0
497888,0
497889,35
497890,23
497891,0
497892,0
497893,0
497894,28
497895,0
497896,0
497897,32
497898,0
497899,34
497900,0
497901,0
497902,0
497903,0
497904,0
497905,24
497906,26
497907,0
497908,0
497909,0
497910,29
497911,0
497912,0
497913,0
497914,31
497915,0
497916,0
497917,0
497918,25
497919,29
497920,0
497921,0
497922,0
497923,0
497924,38
497925,0
497926,41
497927,0
497928,0
497929,0
497930,0
497931,0
497932,0
497933,0
497934,0
497935,0
497936,29
497937,0
497938,0
497939,31
497940,0
497941,0
497942,31
497943,0
497944,0
497945,0
497946,0
497947,0
497948,0
497949,24
497950,0
497951,21
497952,0
497953,0
497954,0
497955,0
497956,24
497957,0
497958,20
497959,35
497960,0
497961,0
497962,36
497963,0
497964,31
497965,0
497966,0
497967,35
497968,0
497969,0
497970,0
497971,26
497972,0
497973,0
497974,0
497975,0
497976,0
497977,0
497978,0
497979,0
497980,38
497981,0
497982,0
497983,29
497984,26
497985,0
497986,0
497987,0
497988,0
497989,0
497990,0
497991,0
497992,31
497993,35
497994,0
497995,0
497996,0
497997,0
497998,35
497999,31
498000,0
498001,0
498002,0
498003,0
498004,32
498005,0
498006,0
498007,0
498008,35
498009,0
498010,0
498011,0
498012,42
498013,0
498014,0
498015,0
498016,0
498017,30
498018,0
498019,28
498020,27
498021,0
498022,24
498023,33
498024,16
498025,0
498026,29
498027,28
498028,0
498029,0
498030,0
498031,30
498032,26
498033,0
498034,0
498035,0
498036,39
498037,54
498038,0
498039,0
498040,0
498041,29
498042,0
498043,0
498044,0
498045,0
498046,0
498047,0
498048,0
498049,0
498050,19
498051,0
498052,0
498053,0
498054,0
498055,0
498056,0
498057,0
498058,0
498059,0
498060,0
498061,0
498062,43
498063,0
498064,0
498065,0
498066,0
498067,0
498068,0
498069,19
498070,37
498071,0
498072,0
498073,0
498074,0
498075,35
498076,0
498077,0
498078,0
498079,39
498080,0
498081,0
498082,0
498083,0
498084,0
498085,28
498086,0
498087,0
498088,0
498089,32
498090,0
498091,28
498092,0
498093,0
498094,0
498095,0
498096,0
498097,0
498098,0
498099,0
498100,0
498101,0
498102,0
498103,0
498104,0
498105,0
498106,0
498107,0
498108,0
498109,0
498110,0
498111,0
498112,0
498113,0
498114,34
498115,0
498116,0
498117,0
498118,0
498119,37
498120,39
498121,0
498122,35
498123,0
498124,0
498125,0
498126,27
498127,33
498128,0
498129,0
498130,0
498131,0
498132,0
498133,0
498134,38
498135,0
498136,0
498137,0
498138,47
498139,0
498140,36
498141,31
498142,36
498143,0
498144,0
498145,0
498146,0
498147,0
498148,0
498149,0
498150,0
498151,0
498152,0
498153,42
498154,0
498155,0
498156,26
498157,0
498158,0
498159,25
498160,0
498161,41
498162,0
498163,0
498164,0
498165,0
498166,0
498167,0
498168,32
498169,0
498170,0
498171,0
498172,0
498173,0
498174,0
498175,0
498176,37
498177,0
498178,0
498179,0
498180,0
498181,0
498182,0
498183,0
498184,0
498185,0
498186,0
498187,0
498188,0
498189,0
498190,0
498191,0
498192,38
498193,0
498194,0
498195,0
498196,0
498197,34
498198,0
498199,0
498200,0
498201,0
498202,0
498203,0
498204,0
498205,0
498206,0
498207,0
498208,0
498209,24
498210,27
498211,0
498212,0
498213,0
498214,26
498215,0
498216,0
498217,0
498218,0
498219,0
498220,36
498221,33
498222,0
498223,33
498224,0
498225,0
498226,0
498227,0
498228,0
498229,0
498230,0
498231,0
498232,0
498233,0
498234,0
498235,0
498236,0
498237,0
498238,0
498239,0
498240,0
498241,0
498242,0
498243,0
498244,0
498245,0
498246,38
498247,28
498248,0
498249,0
498250,0
498251,0
498252,0
498253,25
498254,0
498255,0
498256,23
498257,0
498258,0
498259,0
498260,39
498261,0
498262,0
498263,0
498264,18
498265,0
498266,0
498267,0
498268,0
498269,0
498270,0
498271,0
498272,0
498273,0
498274,0
498275,40
498276,0
498277,21
498278,19
498279,0
498280,0
498281,0
498282,0
498283,0
498284,0
498285,24
498286,0
498287,29
498288,0
498289,0
498290,0
498291,0
498292,0
498293,0
498294,28
498295,21
498296,5
498297,0
498298,0
498299,0
498300,0
498301,0
498302,0
498303,0
498304,0
498305,0
498306,0
498307,0
498308,0
498309,0
498310,0
498311,0
498312,0
498313,0
498314,0
498315,0
498316,7
498317,0
498318,0
498319,6
498320,10
498321,0
498322,0
498323,0
498324,0
498325,0
498326,0
498327,0
498328,0
498329,0
498330,0
498331,0
498332,0
498333,0
498334,0
498335,5
498336,0
498337,0
498338,0
498339,0
498340,0
498341,0
498342,0
498343,0
498344,0
498345,0
498346,0
498347,0
498348,0
498349,0
498350,0
498351,0
498352,0
498353,0
498354,0
498355,0
498356,0
498357,0
498358,9
498359,7
498360,8
498361,0
498362,0
498363,7
498364,11
498365,0
498366,0
498367,0
498368,0
498369,0
498370,0
498371,0
498372,0
498373,0
498374,0
498375,0
498376,0
498377,0
498378,3
498379,0
498380,7
498381,0
498382,0
498383,0
498384,0
498385,0
498386,0
498387,2
498388,0
498389,0
498390,0
498391,7
498392,0
498393,0
498394,0
498395,0
498396,0
498397,0
498398,0
498399,9
498400,0
498401,0
498402,6
498403,0
498404,0
498405,0
498406,0
498407,6
498408,0
498409,0
498410,0
498411,0
498412,2
498413,0
498414,5
498415,0
498416,3
498417,0
498418,0
498419,3
498420,0
498421,4
498422,0
498423,0
498424,0
498425,7
498426,0
498427,0
498428,0
498429,0
498430,0
498431,0
498432,0
498433,0
498434,0
498435,0
498436,7
498437,0
498438,0
498439,8
498440,11
498441,0
498442,0
498443,0
498444,0
498445,9
498446,0
498447,0
498448,0
498449,0
498450,1
498451,5
498452,0
498453,0
498454,0
498455,0
498456,0
498457,0
498458,0
498459,5
498460,0
498461,0
498462,5
498463,4
498464,0
498465,0
498466,0
498467,3
498468,0
498469,0
498470,0
498471,0
498472,0
498473,0
498474,0
498475,0
498476,0
498477,0
498478,0
498479,0
498480,0
498481,0
498482,0
498483,0
498484,0
498485,0
498486,0
498487,0
498488,0
498489,0
498490,6
498491,0
498492,4
498493,0
498494,0
498495,0
498496,0
498497,0
498498,0
498499,0
498500,0
498501,9
498502,0
498503,4
498504,11
498505,0
498506,0
498507,0
498508,0
498509,0
498510,0
498511,3
498512,0
498513,0
498514,0
498515,0
498516,0
498517,0
498518,0
498519,0
498520,0
498521,0
498522,2
498523,13
498524,0
498525,7
498526,0
498527,0
498528,0
498529,0
498530,0
498531,0
498532,0
498533,0
498534,0
498535,0
498536,0
498537,0
498538,0
498539,0
498540,0
498541,0
498542,0
498543,0
498544,0
498545,0
498546,0
498547,0
498548,0
498549,0
498550,0
498551,0
498552,0
498553,0
498554,0
498555,0
498556,0
498557,2
498558,0
498559,0
498560,0
498561,0
498562,0
498563,0
498564,0
498565,0
498566,0
498567,0
498568,9
498569,0
498570,0
498571,0
498572,0
498573,2
498574,5
498575,0
498576,0
498577,0
498578,0
498579,0
498580,0
498581,0
498582,0
498583,0
498584,0
498585,0
498586,9
498587,0
498588,0
498589,13
498590,0
498591,0
498592,0
498593,0
498594,6
498595,0
498596,0
498597,0
498598,0
498599,0
498600,0
498601,0
498602,0
498603,0
498604,0
498605,0
498606,0
498607,0
498608,0
498609,0
498610,0
498611,0
498612,6
498613,0
498614,0
498615,0
498616,0
498617,0
498618,0
498619,0
498620,0
498621,0
498622,0
498623,0
498624,0
498625,0
498626,0
498627,0
498628,0
498629,0
498630,0
498631,0
498632,0
498633,0
498634,0
498635,0
498636,0
498637,0
498638,0
498639,0
498640,0
498641,0
498642,0
498643,0
498644,0
498645,0
498646,2
498647,4
498648,0
498649,0
498650,0
498651,0
498652,0
498653,0
498654,0
498655,0
498656,13
498657,9
498658,0
498659,0
498660,0
498661,0
498662,7
498663,0
498664,0
498665,0
498666,0
498667,0
498668,0
498669,0
498670,7
498671,0
498672,0
498673,0
498674,0
498675,0
498676,0
498677,0
498678,0
498679,0
498680,0
498681,0
498682,0
498683,0
498684,0
498685,0
498686,0
498687,6
498688,0
498689,0
498690,0
498691,0
498692,0
498693,0
498694,0
498695,0
498696,0
498697,0
498698,0
498699,0
498700,0
498701,3
498702,3
498703,4
498704,0
498705,0
498706,8
498707,6
498708,0
498709,0
498710,0
498711,0
498712,0
498713,0
498714,0
498715,7
498716,0
498717,0
498718,0
498719,0
498720,5
498721,0
498722,0
498723,0
498724,0
498725,0
498726,7
498727,0
498728,0
498729,0
498730,0
498731,5
498732,7
498733,0
498734,0
498735,0
498736,0
498737,0
498738,0
498739,0
498740,0
498741,0
498742,5
498743,7
498744,0
498745,0
498746,0
498747,9
498748,2
498749,0
498750,7
498751,0
498752,0
498753,0
498754,0
498755,5
498756,0
498757,0
498758,3
498759,0
498760,0
498761,2
498762,0
498763,0
498764,0
498765,0
498766,0
498767,0
498768,0
498769,0
498770,0
498771,0
498772,0
498773,0
498774,0
498775,0
498776,0
498777,0
498778,0
498779,3
498780,0
498781,0
498782,0
498783,0
498784,4
498785,0
498786,0
498787,3
498788,0
498789,0
498790,0
498791,0
498792,5
498793,0
498794,0
498795,0
498796,0
498797,4
498798,0
498799,0
498800,0
498801,0
498802,0
498803,0
498804,0
498805,0
498806,0
498807,0
498808,5
498809,0
498810,7
498811,0
498812,0
498813,0
498814,0
498815,8
498816,0
498817,0
498818,0
498819,0
498820,0
498821,0
498822,0
498823,0
498824,0
498825,0
498826,0
498827,0
498828,0
498829,3
498830,0
498831,0
498832,0
498833,0
498834,0
498835,0
498836,0
498837,0
498838,0
498839,0
498840,0
498841,0
498842,8
498843,4
498844,4
498845,0
498846,0
498847,0
498848,0
498849,0
498850,0
498851,0
498852,0
498853,0
498854,0
498855,0
498856,0
498857,0
498858,0
498859,0
498860,0
498861,5
498862,0
498863,0
498864,0
498865,0
498866,4
498867,0
498868,0
498869,0
498870,0
498871,0
498872,0
498873,0
498874,0
498875,0
498876,0
498877,0
498878,4
498879,4
498880,0
498881,0
498882,0
498883,0
498884,0
498885,0
498886,0
498887,0
498888,0
498889,0
498890,0
498891,0
498892,0
498893,0
498894,0
498895,0
498896,0
498897,0
498898,0
498899,0
498900,0
498901,7
498902,5
498903,0
498904,0
498905,0
498906,6
498907,0
498908,0
498909,0
498910,0
498911,3
498912,0
498913,0
498914,0
498915,0
498916,10
498917,0
498918,0
498919,0
498920,0
498921,0
498922,0
498923,0
498924,8
498925,0
498926,0
498927,0
498928,0
498929,0
498930,0
498931,0
498932,0
498933,0
498934,6
498935,0
498936,0
498937,0
498938,0
498939,0
498940,3
498941,0
498942,0
498943,0
498944,0
498945,0
498946,0
498947,0
498948,5
498949,0
498950,0
498951,0
498952,0
498953,0
498954,0
498955,0
498956,0
498957,0
498958,0
498959,4
498960,0
498961,0
498962,2
498963,0
498964,8
498965,0
498966,0
498967,0
498968,4
498969,0
498970,0
498971,0
498972,0
498973,8
498974,0
498975,0
498976,0
498977,0
498978,0
498979,10
498980,0
498981,0
498982,0
498983,0
498984,0
498985,0
498986,0
498987,0
498988,0
498989,0
498990,0
498991,0
498992,0
498993,0
498994,0
498995,0
498996,0
498997,3
498998,0
498999,0
499000,0
499001,6
499002,0
499003,0
499004,0
499005,0
499006,0
499007,0
499008,0
499009,0
499010,0
499011,0
499012,0
499013,0
499014,0
499015,0
499016,6
499017,5
499018,0
499019,0
499020,0
499021,0
499022,0
499023,9
499024,6
499025,0
499026,4
499027,0
499028,0
499029,0
499030,0
499031,0
499032,9
499033,4
499034,6
499035,0
499036,7
499037,0
499038,6
499039,0
499040,10
499041,0
499042,0
499043,0
499044,0
499045,0
499046,0
499047,0
499048,0
499049,0
499050,0
499051,0
499052,0
499053,0
499054,0
499055,0
499056,0
499057,0
499058,3
499059,0
499060,0
499061,0
499062,0
499063,4
499064,0
499065,0
499066,0
499067,0
499068,0
499069,0
499070,0
499071,0
499072,0
499073,0
499074,0
499075,7
499076,0
499077,0
499078,0
499079,0
499080,0
499081,5
499082,0
499083,0
499084,0
499085,0
499086,0
499087,0
499088,3
499089,0
499090,0
499091,0
499092,0
499093,6
499094,0
499095,0
499096,0
499097,5
499098,3
499099,0
499100,0
499101,0
499102,0
499103,0
499104,0
499105,0
499106,0
499107,0
499108,0
499109,0
499110,0
499111,7
499112,0
499113,0
499114,0
499115,0
499116,3
499117,0
499118,0
499119,0
499120,0
499121,0
499122,0
499123,0
499124,0
499125,0
499126,0
499127,0
499128,0
499129,0
499130,0
499131,3
499132,0
499133,0
499134,0
499135,0
499136,0
499137,0
499138,0
499139,0
499140,0
499141,0
499142,0
499143,0
499144,0
499145,0
499146,0
499147,3
499148,0
499149,0
499150,0
499151,0
499152,0
499153,0
499154,0
499155,0
499156,3
499157,0
499158,0
499159,0
499160,0
499161,0
499162,8
499163,0
499164,0
499165,0
499166,0
499167,8
499168,0
499169,0
499170,7
499171,0
499172,0
499173,0
499174,0
499175,0
499176,0
499177,0
499178,0
499179,11
499180,0
499181,0
499182,0
499183,0
499184,0
499185,11
499186,2
499187,0
499188,0
499189,0
499190,0
499191,0
499192,4
499193,0
499194,4
499195,0
499196,0
499197,0
499198,0
499199,0
499200,0
499201,0
499202,0
499203,0
499204,0
499205,0
499206,0
499207,0
499208,0
499209,0
499210,7
499211,0
499212,0
499213,0
499214,0
499215,0
499216,0
499217,0
499218,0
499219,0
499220,0
499221,13
499222,0
499223,0
499224,0
499225,0
499226,0
499227,0
499228,0
499229,0
499230,0
499231,0
499232,0
499233,0
499234,0
499235,0
499236,0
499237,0
499238,0
499239,0
499240,0
499241,0
499242,0
499243,0
499244,0
499245,0
499246,0
499247,0
499248,0
499249,11
499250,0
499251,0
499252,0
499253,0
499254,0
499255,0
499256,0
499257,11
499258,0
499259,0
499260,0
499261,9
499262,0
499263,0
499264,0
499265,0
499266,0
499267,0
499268,0
499269,0
499270,0
499271,0
499272,0
499273,0
499274,0
499275,0
499276,0
499277,0
499278,0
499279,0
499280,9
499281,0
499282,0
499283,0
499284,12
499285,0
499286,0
499287,0
499288,0
499289,0
499290,0
499291,0
499292,3
499293,0
499294,0
499295,0
499296,0
499297,0
499298,0
499299,0
499300,16
499301,0
499302,0
499303,0
499304,0
499305,0
499306,7
499307,0
499308,0
499309,0
499310,13
499311,0
499312,11
499313,0
499314,13
499315,0
499316,0
499317,0
499318,0
499319,0
499320,0
499321,0
499322,0
499323,0
499324,0
499325,0
499326,24
499327,0
499328,0
499329,0
499330,0
499331,16
499332,0
499333,0
499334,0
499335,0
499336,0
499337,15
499338,0
499339,0
499340,0
499341,0
499342,0
499343,0
499344,5
499345,6
499346,0
499347,0
499348,0
499349,0
499350,0
499351,0
499352,10
499353,0
499354,0
499355,0
499356,0
499357,0
499358,14
499359,0
499360,0
499361,0
499362,0
499363,0
499364,0
499365,8
499366,12
499367,0
499368,0
499369,0
499370,0
499371,0
499372,0
499373,0
499374,0
499375,0
499376,0
499377,0
499378,13
499379,0
499380,0
499381,0
499382,0
499383,0
499384,0
499385,0
499386,0
499387,0
499388,0
499389,0
499390,0
499391,0
499392,0
499393,15
499394,10
499395,0
499396,0
499397,0
499398,0
499399,6
499400,0
499401,19
499402,8
499403,0
499404,0
499405,0
499406,0
499407,0
499408,0
499409,0
499410,0
499411,6
499412,0
499413,0
499414,0
499415,0
499416,0
499417,10
499418,0
499419,0
499420,0
499421,0
499422,19
499423,5
499424,0
499425,9
499426,0
499427,0
499428,0
499429,0
499430,0
499431,0
499432,13
499433,0
499434,13
499435,0
499436,0
499437,0
499438,0
499439,0
499440,0
499441,9
499442,0
499443,0
499444,0
499445,0
499446,0
499447,0
499448,0
499449,0
499450,0
499451,0
499452,0
499453,12
499454,7
499455,0
499456,0
499457,8
499458,0
499459,0
499460,0
499461,0
499462,0
499463,0
499464,0
499465,0
499466,0
499467,0
499468,0
499469,0
499470,0
499471,0
499472,0
499473,0
499474,0
499475,0
499476,0
499477,0
499478,0
499479,7
499480,0
499481,0
499482,0
499483,0
499484,0
499485,0
499486,0
499487,0
499488,0
499489,0
499490,0
499491,0
499492,0
499493,7
499494,0
499495,0
499496,0
499497,0
499498,0
499499,0
499500,0
499501,0
499502,0
499503,0
499504,15
499505,0
499506,0
499507,0
499508,0
499509,0
499510,0
499511,0
499512,0
499513,0
499514,0
499515,0
499516,0
499517,8
499518,0
499519,0
499520,0
499521,0
499522,0
499523,5
499524,0
499525,0
499526,0
499527,0
499528,5
499529,0
499530,0
499531,0
499532,0
499533,0
499534,0
499535,0
499536,0
499537,5
499538,0
499539,13
499540,0
499541,0
499542,0
499543,0
499544,0
499545,0
499546,0
499547,0
499548,0
499549,0
499550,0
499551,0
499552,0
499553,0
499554,8
499555,0
499556,0
499557,0
499558,16
499559,12
499560,0
499561,0
499562,12
499563,0
499564,0
499565,13
499566,0
499567,10
499568,0
499569,0
499570,0
499571,0
499572,0
499573,15
499574,0
499575,0
499576,0
499577,9
499578,0
499579,10
499580,9
499581,0
499582,0
499583,0
499584,0
499585,14
499586,0
499587,0
499588,0
499589,0
499590,0
499591,0
499592,0
499593,7
499594,0
499595,0
499596,0
499597,0
499598,11
499599,0
499600,0
499601,15
499602,0
499603,6
499604,0
499605,0
499606,0
499607,0
499608,0
499609,0
499610,0
499611,0
499612,0
499613,0
499614,0
499615,0
499616,0
499617,0
499618,0
499619,0
499620,0
499621,12
499622,0
499623,0
499624,0
499625,0
499626,0
499627,0
499628,10
499629,0
499630,0
499631,7
499632,0
499633,0
499634,0
499635,0
499636,0
499637,0
499638,0
499639,0
499640,5
499641,0
499642,0
499643,0
499644,0
499645,0
499646,0
499647,0
499648,0
499649,0
499650,0
499651,0
499652,0
499653,0
499654,0
499655,0
499656,0
499657,14
499658,0
499659,0
499660,0
499661,0
499662,5
499663,0
499664,0
499665,0
499666,0
499667,0
499668,0
499669,0
499670,0
499671,0
499672,0
499673,0
499674,0
499675,0
499676,0
499677,0
499678,19
499679,0
499680,0
499681,0
499682,0
499683,0
499684,0
499685,0
499686,0
499687,0
499688,0
499689,0
499690,0
499691,0
499692,0
499693,0
499694,6
499695,8
499696,0
499697,0
499698,0
499699,7
499700,8
499701,0
499702,6
499703,0
499704,9
499705,0
499706,13
499707,0
499708,4
499709,20
499710,0
499711,0
499712,0
499713,0
499714,0
499715,0
499716,0
499717,0
499718,0
499719,0
499720,0
499721,0
499722,0
499723,0
499724,0
499725,0
499726,0
499727,5
499728,0
499729,0
499730,0
499731,0
499732,5
499733,0
499734,0
499735,0
499736,0
499737,0
499738,0
499739,0
499740,0
499741,0
499742,0
499743,0
499744,0
499745,0
499746,0
499747,12
499748,0
499749,0
499750,0
499751,0
499752,0
499753,0
499754,0
499755,9
499756,0
499757,0
499758,0
499759,7
499760,10
499761,0
499762,0
499763,0
499764,0
499765,0
499766,0
499767,6
499768,0
499769,0
499770,0
499771,0
499772,0
499773,0
499774,0
499775,0
499776,0
499777,0
499778,0
499779,0
499780,0
499781,8
499782,0
499783,0
499784,0
499785,0
499786,0
499787,11
499788,0
499789,0
499790,12
499791,0
499792,0
499793,0
499794,0
499795,0
499796,0
499797,12
499798,0
499799,0
499800,0
499801,0
499802,0
499803,10
499804,0
499805,0
499806,0
499807,0
499808,0
499809,0
499810,0
499811,0
499812,0
499813,0
499814,0
499815,0
499816,0
499817,0
499818,0
499819,0
499820,0
499821,0
499822,0
499823,4
499824,16
499825,0
499826,0
499827,0
499828,0
499829,0
499830,0
499831,0
499832,6
499833,0
499834,0
499835,0
499836,0
499837,0
499838,0
499839,0
499840,0
499841,0
499842,9
499843,17
499844,15
499845,0
499846,15
499847,0
499848,0
499849,0
499850,0
499851,0
499852,0
499853,0
499854,11
499855,0
499856,0
499857,9
499858,0
499859,10
499860,0
499861,13
499862,0
499863,0
499864,18
499865,11
499866,0
499867,0
499868,0
499869,0
499870,0
499871,0
499872,0
499873,0
499874,0
499875,13
499876,0
499877,0
499878,0
499879,0
499880,0
499881,0
499882,0
499883,18
499884,0
499885,15
499886,9
499887,0
499888,0
499889,0
499890,17
499891,0
499892,10
499893,0
499894,12
499895,0
499896,0
499897,10
499898,0
499899,0
499900,0
499901,0
499902,0
499903,0
499904,0
499905,6
499906,0
499907,0
499908,0
499909,0
499910,0
499911,0
499912,9
499913,0
499914,0
499915,0
499916,0
499917,0
499918,0
499919,0
499920,0
499921,0
499922,0
499923,0
499924,0
499925,0
499926,0
499927,0
499928,0
499929,0
499930,0
499931,0
499932,0
499933,7
499934,0
499935,0
499936,0
499937,0
499938,0
499939,0
499940,0
499941,0
499942,0
499943,11
499944,0
499945,0
499946,0
499947,0
499948,0
499949,0
499950,0
499951,0
499952,0
499953,0
499954,0
499955,11
499956,6
499957,0
499958,0
499959,0
499960,0
499961,0
499962,0
499963,0
499964,0
499965,0
499966,0
499967,0
499968,0
499969,0
499970,0
499971,0
499972,9
499973,0
499974,0
499975,0
499976,0
499977,0
499978,0
499979,0
499980,0
499981,0
499982,0
499983,0
499984,0
499985,0
499986,6
499987,0
499988,0
499989,7
499990,0
499991,15
499992,11
499993,0
499994,0
499995,0
499996,0
499997,0
499998,0
499999,0
500000,0
500001,0
500002,0
500003,0
500004,14
500005,0
500006,0
500007,12
500008,0
500009,0
500010,0
500011,0
500012,0
500013,0
500014,0
500015,0
500016,0
500017,0
500018,11
500019,0
500020,0
500021,0
500022,0
500023,0
500024,13
500025,0
500026,0
500027,0
500028,0
500029,0
500030,15
500031,0
500032,0
500033,0
500034,0
500035,0
500036,13
500037,0
500038,0
500039,0
500040,0
500041,12
500042,0
500043,0
500044,0
500045,0
500046,0
500047,12
500048,0
500049,0
500050,7
500051,0
500052,0
500053,0
500054,0
500055,0
500056,0
500057,0
500058,0
500059,0
500060,0
500061,0
500062,10
500063,0
500064,0
500065,0
500066,0
500067,0
500068,0
500069,8
500070,0
500071,0
500072,14
500073,0
500074,0
500075,0
500076,0
500077,0
500078,0
500079,0
500080,0
500081,0
500082,0
500083,0
500084,0
500085,0
500086,0
500087,0
500088,0
500089,11
500090,0
500091,0
500092,0
500093,0
500094,9
500095,0
500096,0
500097,0
500098,0
500099,11
500100,0
500101,9
500102,0
500103,20
500104,9
500105,0
500106,0
500107,0
500108,0
500109,0
500110,0
500111,0
500112,0
500113,0
500114,18
500115,0
500116,0
500117,0
500118,13
500119,0
500120,0
500121,0
500122,0
500123,0
500124,0
500125,0
500126,0
500127,0
500128,0
500129,0
500130,0
500131,0
500132,0
500133,0
500134,16
500135,0
500136,0
500137,0
500138,0
500139,15
500140,0
500141,0
500142,0
500143,0
500144,9
500145,0
500146,0
500147,0
500148,0
500149,0
500150,0
500151,0
500152,0
500153,0
500154,0
500155,0
500156,0
500157,0
500158,0
500159,0
500160,8
500161,0
500162,14
500163,13
500164,0
500165,15
500166,8
500167,0
500168,0
500169,0
500170,0
500171,0
500172,0
500173,0
500174,0
500175,0
500176,10
500177,0
500178,0
500179,0
500180,0
500181,0
500182,0
500183,0
500184,0
500185,0
500186,0
500187,0
500188,0
500189,0
500190,0
500191,0
500192,0
500193,13
500194,0
500195,9
500196,0
500197,0
500198,0
500199,0
500200,0
500201,10
500202,0
500203,10
500204,0
500205,0
500206,9
500207,0
500208,0
500209,0
500210,0
500211,0
500212,0
500213,0
500214,0
500215,15
500216,0
500217,0
500218,16
500219,0
500220,0
500221,0
500222,0
500223,0
500224,0
500225,0
500226,0
500227,0
500228,0
500229,0
500230,0
500231,0
500232,16
500233,0
500234,0
500235,0
500236,0
500237,0
500238,0
500239,0
500240,0
500241,0
500242,0
500243,0
500244,0
500245,0
500246,0
500247,13
500248,0
500249,0
500250,0
500251,0
500252,0
500253,9
500254,0
500255,0
500256,0
500257,7
500258,7
500259,0
500260,0
500261,0
500262,0
500263,0
500264,11
500265,0
500266,0
500267,0
500268,0
500269,0
500270,0
500271,0
500272,6
500273,0
500274,15
500275,9
500276,0
500277,0
500278,0
500279,9
500280,0
500281,0
500282,0
500283,0
500284,0
500285,0
500286,0
500287,0
500288,0
500289,0
500290,11
500291,0
500292,0
500293,0
500294,0
500295,0
500296,10
500297,0
500298,0
500299,0
500300,15
500301,0
500302,0
500303,13
500304,16
500305,0
500306,0
500307,0
500308,0
500309,0
500310,0
500311,0
500312,0
500313,0
500314,0
500315,0
500316,0
500317,14
500318,0
500319,0
500320,0
500321,0
500322,0
500323,0
500324,0
500325,0
500326,16
500327,12
500328,10
500329,11
500330,10
500331,0
500332,0
500333,0
500334,0
500335,0
500336,0
500337,7
500338,0
500339,0
500340,14
500341,0
500342,0
500343,10
500344,0
500345,0
500346,0
500347,0
500348,0
500349,0
500350,0
500351,0
500352,0
500353,0
500354,0
500355,0
500356,0
500357,18
500358,0
500359,0
500360,0
500361,0
500362,0
500363,0
500364,0
500365,0
500366,9
500367,0
500368,0
500369,0
500370,0
500371,0
500372,0
500373,0
500374,7
500375,0
500376,6
500377,0
500378,0
500379,0
500380,0
500381,10
500382,0
500383,0
500384,14
500385,0
500386,0
500387,0
500388,0
500389,15
500390,0
500391,0
500392,0
500393,7
500394,0
500395,0
500396,0
500397,0
500398,8
500399,0
500400,8
500401,11
500402,13
500403,0
500404,16
500405,0
500406,0
500407,0
500408,0
500409,0
500410,0
500411,11
500412,5
500413,0
500414,0
500415,0
500416,13
500417,14
500418,0
500419,0
500420,0
500421,0
500422,0
500423,0
500424,0
500425,0
500426,0
500427,0
500428,0
500429,0
500430,0
500431,0
500432,0
500433,0
500434,0
500435,0
500436,0
500437,0
500438,0
500439,0
500440,0
500441,0
500442,0
500443,0
500444,0
500445,0
500446,0
500447,0
500448,0
500449,0
500450,15
500451,0
500452,0
500453,0
500454,0
500455,0
500456,0
500457,0
500458,0
500459,0
500460,0
500461,0
500462,0
500463,0
500464,0
500465,0
500466,0
500467,0
500468,0
500469,10
500470,0
500471,0
500472,0
500473,0
500474,0
500475,0
500476,0
500477,0
500478,0
500479,0
500480,0
500481,0
500482,0
500483,0
500484,0
500485,0
500486,0
500487,0
500488,0
500489,0
500490,0
500491,0
500492,0
500493,9
500494,11
500495,0
500496,0
500497,0
500498,0
500499,0
500500,0
500501,0
500502,0
500503,0
500504,0
500505,8
500506,14
500507,0
500508,0
500509,0
500510,17
500511,0
500512,0
500513,0
500514,0
500515,13
500516,11
500517,0
500518,0
500519,0
500520,0
500521,0
500522,0
500523,0
500524,0
500525,0
500526,0
500527,0
500528,0
500529,0
500530,9
500531,0
500532,8
500533,7
500534,0
500535,6
500536,0
500537,0
500538,10
500539,0
500540,0
500541,0
500542,0
500543,0
500544,0
500545,15
500546,0
500547,0
500548,0
500549,0
500550,0
500551,0
500552,0
500553,18
500554,0
500555,0
500556,0
500557,0
500558,0
500559,0
500560,0
500561,0
500562,0
500563,10
500564,0
500565,0
500566,0
500567,9
500568,0
500569,12
500570,11
500571,0
500572,0
500573,0
500574,12
500575,10
500576,0
500577,0
500578,0
500579,0
500580,13
500581,0
500582,0
500583,0
500584,0
500585,0
500586,0
500587,0
500588,0
500589,10
500590,0
500591,0
500592,0
500593,0
500594,13
500595,17
500596,14
500597,0
500598,0
500599,0
500600,0
500601,7
500602,0
500603,18
500604,0
500605,0
500606,0
500607,0
500608,0
500609,3
500610,0
500611,0
500612,0
500613,0
500614,0
500615,0
500616,0
500617,0
500618,0
500619,13
500620,11
500621,0
500622,0
500623,0
500624,9
500625,0
500626,0
500627,0
500628,14
500629,0
500630,0
500631,0
500632,0
500633,0
500634,0
500635,0
500636,0
500637,0
500638,0
500639,0
500640,0
500641,0
500642,0
500643,0
500644,0
500645,0
500646,0
500647,0
500648,0
500649,0
500650,0
500651,0
500652,0
500653,0
500654,0
500655,0
500656,0
500657,0
500658,0
500659,0
500660,0
500661,0
500662,0
500663,0
500664,0
500665,0
500666,0
500667,8
500668,0
500669,11
500670,0
500671,0
500672,0
500673,0
500674,0
500675,14
500676,0
500677,0
500678,0
500679,0
500680,0
500681,0
500682,0
500683,0
500684,0
500685,0
500686,0
500687,0
500688,0
500689,11
500690,0
500691,0
500692,0
500693,0
500694,0
500695,0
500696,0
500697,0
500698,0
500699,14
500700,0
500701,0
500702,21
500703,11
500704,0
500705,0
500706,0
500707,0
500708,9
500709,0
500710,0
500711,23
500712,0
500713,0
500714,10
500715,26
500716,0
500717,0
500718,0
500719,0
500720,0
500721,0
500722,13
500723,0
500724,0
500725,0
500726,0
500727,0
500728,0
500729,16
500730,0
500731,0
500732,0
500733,0
500734,0
500735,0
500736,0
500737,0
500738,0
500739,0
500740,0
500741,0
500742,0
500743,0
500744,9
500745,0
500746,0
500747,0
500748,12
500749,0
500750,0
500751,0
500752,0
500753,0
500754,0
500755,0
500756,0
500757,10
500758,0
500759,0
500760,0
500761,0
500762,0
500763,9
500764,0
500765,0
500766,0
500767,0
500768,0
500769,0
500770,0
500771,0
500772,8
500773,0
500774,0
500775,20
500776,0
500777,21
500778,0
500779,0
500780,0
500781,17
500782,0
500783,0
500784,0
500785,0
500786,0
500787,0
500788,0
500789,11
500790,0
500791,0
500792,11
500793,0
500794,0
500795,0
500796,0
500797,0
500798,0
500799,0
500800,16
500801,17
500802,0
500803,0
500804,0
500805,0
500806,0
500807,0
500808,0
500809,0
500810,0
500811,0
500812,24
500813,9
500814,8
500815,0
500816,0
500817,0
500818,0
500819,0
500820,0
500821,0
500822,0
500823,0
500824,0
500825,0
500826,0
500827,0
500828,0
500829,0
500830,17
500831,0
500832,0
500833,0
500834,0
500835,0
500836,0
500837,0
500838,15
500839,0
500840,0
500841,0
500842,17
500843,0
500844,0
500845,0
500846,0
500847,0
500848,0
500849,11
500850,0
500851,0
500852,0
500853,13
500854,0
500855,0
500856,0
500857,0
500858,0
500859,0
500860,0
500861,0
500862,16
500863,0
500864,0
500865,20
500866,11
500867,8
500868,0
500869,18
500870,0
500871,0
500872,0
500873,0
500874,0
500875,0
500876,0
500877,0
500878,0
500879,24
500880,0
500881,0
500882,0
500883,0
500884,0
500885,0
500886,0
500887,13
500888,0
500889,0
500890,0
500891,0
500892,0
500893,0
500894,0
500895,0
500896,0
500897,0
500898,0
500899,0
500900,0
500901,0
500902,0
500903,11
500904,0
500905,18
500906,0
500907,0
500908,0
500909,0
500910,0
500911,0
500912,19
500913,0
500914,0
500915,0
500916,0
500917,0
500918,0
500919,0
500920,0
500921,0
500922,0
500923,0
500924,0
500925,0
500926,0
500927,0
500928,14
500929,0
500930,0
500931,0
500932,0
500933,0
500934,12
500935,0
500936,0
500937,0
500938,24
500939,0
500940,0
500941,0
500942,0
500943,0
500944,0
500945,14
500946,0
500947,0
500948,0
500949,11
500950,0
500951,0
500952,0
500953,0
500954,0
500955,0
500956,0
500957,0
500958,15
500959,0
500960,0
500961,0
500962,0
500963,0
500964,0
500965,0
500966,0
500967,0
500968,0
500969,0
500970,0
500971,0
500972,13
500973,0
500974,0
500975,0
500976,0
500977,0
500978,0
500979,0
500980,12
500981,0
500982,0
500983,0
500984,0
500985,0
500986,0
500987,0
500988,14
500989,0
500990,0
500991,0
500992,0
500993,0
500994,0
500995,0
500996,0
500997,0
500998,0
500999,0
501000,0
501001,0
501002,0
501003,12
501004,0
501005,0
501006,0
501007,0
501008,0
501009,10
501010,19
501011,0
501012,0
501013,0
501014,0
501015,0
501016,0
501017,10
501018,9
501019,0
501020,0
501021,0
501022,0
501023,0
501024,0
501025,0
501026,18
501027,0
501028,0
501029,0
501030,0
501031,0
501032,0
501033,0
501034,0
501035,0
501036,18
501037,0
501038,0
501039,0
501040,0
501041,0
501042,15
501043,0
501044,0
501045,0
501046,0
501047,0
501048,0
501049,14
501050,0
501051,0
501052,0
501053,0
501054,0
501055,10
501056,0
501057,0
501058,0
501059,0
501060,25
501061,11
501062,6
501063,0
501064,15
501065,17
501066,0
501067,0
501068,13
501069,0
501070,8
501071,0
501072,0
501073,0
501074,13
501075,0
501076,11
501077,11
501078,0
501079,0
501080,0
501081,0
501082,0
501083,0
501084,10
501085,0
501086,0
501087,0
501088,0
501089,0
501090,0
501091,0
501092,0
501093,0
501094,0
501095,0
501096,0
501097,0
501098,0
501099,0
501100,0
501101,0
501102,0
501103,0
501104,0
501105,0
501106,0
501107,0
501108,0
501109,0
501110,0
501111,0
501112,0
501113,0
501114,0
501115,0
501116,0
501117,16
501118,0
501119,0
501120,12
501121,0
501122,0
501123,0
501124,10
501125,0
501126,0
501127,0
501128,0
501129,0
501130,13
501131,0
501132,0
501133,0
501134,0
501135,0
501136,0
501137,0
501138,0
501139,0
501140,0
501141,0
501142,0
501143,0
501144,0
501145,0
501146,0
501147,0
501148,0
501149,0
501150,0
501151,0
501152,0
501153,0
501154,17
501155,14
501156,0
501157,0
501158,0
501159,0
501160,0
501161,17
501162,0
501163,0
501164,0
501165,0
501166,11
501167,0
501168,0
501169,0
501170,0
501171,0
501172,9
501173,0
501174,0
501175,0
501176,0
501177,0
501178,0
501179,14
501180,0
501181,0
501182,0
501183,20
501184,0
501185,0
501186,0
501187,0
501188,0
501189,0
501190,0
501191,0
501192,0
501193,4
501194,10
501195,0
501196,0
501197,0
501198,0
501199,0
501200,13
501201,0
501202,0
501203,0
501204,0
501205,0
501206,0
501207,0
501208,0
501209,0
501210,0
501211,0
501212,0
501213,0
501214,0
501215,0
501216,0
501217,0
501218,0
501219,0
501220,0
501221,0
501222,0
501223,8
501224,0
501225,0
501226,0
501227,0
501228,0
501229,15
501230,0
501231,0
501232,0
501233,0
501234,0
501235,0
501236,0
501237,0
501238,0
501239,0
501240,0
501241,0
501242,0
501243,0
501244,0
501245,0
501246,12
501247,12
501248,7
501249,0
501250,24
501251,0
501252,0
501253,0
501254,0
501255,0
501256,0
501257,0
501258,0
501259,0
501260,15
501261,0
501262,18
501263,0
501264,0
501265,0
501266,0
501267,0
501268,0
501269,0
501270,14
501271,0
501272,0
501273,0
501274,0
501275,0
501276,0
501277,0
501278,0
501279,18
501280,0
501281,0
501282,0
501283,0
501284,0
501285,0
501286,0
501287,0
501288,0
501289,0
501290,0
501291,12
501292,0
501293,0
501294,11
501295,0
501296,12
501297,0
501298,0
501299,0
501300,0
501301,0
501302,0
501303,0
501304,0
501305,0
501306,0
501307,0
501308,0
501309,0
501310,0
501311,0
501312,8
501313,16
501314,0
501315,14
501316,0
501317,0
501318,0
501319,0
501320,0
501321,0
501322,0
501323,0
501324,0
501325,0
501326,0
501327,0
501328,12
501329,0
501330,0
501331,0
501332,0
501333,24
501334,0
501335,0
501336,0
501337,19
501338,0
501339,0
501340,0
501341,0
501342,0
501343,12
501344,0
501345,13
501346,16
501347,0
501348,0
501349,0
501350,0
501351,0
501352,0
501353,8
501354,0
501355,0
501356,0
501357,0
501358,0
501359,8
501360,0
501361,0
501362,0
501363,0
501364,0
501365,0
501366,10
501367,0
501368,0
501369,0
501370,0
501371,0
501372,0
501373,0
501374,0
501375,0
501376,13
501377,0
501378,0
501379,0
501380,0
501381,0
501382,0
501383,0
501384,0
501385,0
501386,10
501387,0
501388,0
501389,0
501390,0
501391,0
501392,0
501393,0
501394,0
501395,0
501396,0
501397,0
501398,0
501399,10
501400,0
501401,0
501402,0
501403,0
501404,0
501405,0
501406,0
501407,0
501408,0
501409,0
501410,0
501411,0
501412,18
501413,0
501414,0
501415,0
501416,0
501417,0
501418,8
501419,0
501420,15
501421,0
501422,0
501423,0
501424,0
501425,0
501426,0
501427,0
501428,4
501429,0
501430,14
501431,0
501432,18
501433,0
501434,0
501435,0
501436,13
501437,0
501438,0
501439,0
501440,0
501441,0
501442,0
501443,0
501444,0
501445,0
501446,0
501447,0
501448,25
501449,0
501450,0
501451,0
501452,0
501453,0
501454,12
501455,0
501456,10
501457,0
501458,0
501459,18
501460,0
501461,0
501462,0
501463,0
501464,0
501465,0
501466,0
501467,0
501468,0
501469,0
501470,0
501471,13
501472,0
501473,0
501474,0
501475,0
501476,0
501477,0
501478,0
501479,0
501480,0
501481,0
501482,0
501483,0
501484,0
501485,0
501486,0
501487,0
501488,0
501489,0
501490,0
501491,0
501492,0
501493,0
501494,0
501495,0
501496,0
501497,0
501498,0
501499,17
501500,0
501501,0
501502,0
501503,0
501504,0
501505,0
501506,0
501507,0
501508,14
501509,0
501510,0
501511,0
501512,0
501513,0
501514,0
501515,0
501516,19
501517,0
501518,0
501519,0
501520,0
501521,9
501522,0
501523,0
501524,5
501525,0
501526,0
501527,0
501528,0
501529,19
501530,0
501531,0
501532,0
501533,0
501534,0
501535,0
501536,0
501537,0
501538,0
501539,0
501540,0
501541,0
501542,0
501543,0
501544,0
501545,0
501546,0
501547,0
501548,0
501549,0
501550,10
501551,0
501552,8
501553,0
501554,0
501555,0
501556,0
501557,0
501558,0
501559,0
501560,0
501561,0
501562,0
501563,0
501564,0
501565,0
501566,0
501567,0
501568,0
501569,0
501570,0
501571,0
501572,0
501573,0
501574,0
501575,0
501576,0
501577,0
501578,0
501579,0
501580,0
501581,0
501582,0
501583,0
501584,0
501585,0
501586,0
501587,0
501588,0
501589,0
501590,0
501591,0
501592,0
501593,0
501594,0
501595,0
501596,0
501597,0
501598,0
501599,0
501600,0
501601,0
501602,0
501603,0
501604,0
501605,0
501606,0
501607,0
501608,0
501609,0
501610,0
501611,0
501612,0
501613,0
501614,0
501615,0
501616,0
501617,0
501618,0
501619,0
501620,0
501621,0
501622,0
501623,0
501624,0
501625,0
501626,0
501627,0
501628,0
501629,0
501630,0
501631,0
501632,0
501633,0
501634,0
501635,0
501636,0
501637,0
501638,0
501639,0
501640,0
501641,0
501642,0
501643,0
501644,0
501645,0
501646,0
501647,0
501648,0
501649,0
501650,0
501651,0
501652,0
501653,0
501654,0
501655,0
501656,0
501657,0
501658,0
501659,0
501660,0
501661,1
501662,0
501663,0
501664,0
501665,0
501666,0
501667,0
501668,0
501669,0
501670,0
501671,0
501672,0
501673,0
501674,0
501675,0
501676,0
501677,0
501678,0
501679,0
501680,0
501681,0
501682,0
501683,0
501684,0
501685,0
501686,0
501687,0
501688,0
501689,1
501690,0
501691,0
501692,0
501693,0
501694,0
501695,0
501696,0
501697,0
501698,0
501699,0
501700,0
501701,0
501702,0
501703,0
501704,0
501705,0
501706,0
501707,0
501708,0
501709,0
501710,0
501711,0
501712,0
501713,0
501714,0
501715,0
501716,0
501717,0
501718,0
501719,0
501720,0
501721,0
501722,1
501723,0
501724,0
501725,0
501726,0
501727,0
501728,0
501729,0
501730,0
501731,0
501732,0
501733,0
501734,0
501735,0
501736,0
501737,0
501738,0
501739,0
501740,0
501741,0
501742,0
501743,0
501744,0
501745,0
501746,0
501747,0
501748,0
501749,0
501750,0
501751,0
501752,0
501753,0
501754,0
501755,0
501756,0
501757,0
501758,0
501759,0
501760,2
501761,0
501762,0
501763,0
501764,0
501765,0
501766,0
501767,0
501768,0
501769,0
501770,0
501771,0
501772,0
501773,0
501774,0
501775,0
501776,0
501777,0
501778,0
501779,0
501780,0
501781,0
501782,0
501783,0
501784,0
501785,0
501786,0
501787,0
501788,0
501789,0
501790,0
501791,0
501792,0
501793,0
501794,0
501795,0
501796,0
501797,0
501798,0
501799,0
501800,0
501801,0
501802,0
501803,0
501804,0
501805,0
501806,0
501807,0
501808,0
501809,0
501810,0
501811,0
501812,0
501813,0
501814,0
501815,0
501816,0
501817,0
501818,0
501819,0
501820,0
501821,0
501822,0
501823,0
501824,0
501825,0
501826,0
501827,0
501828,0
501829,0
501830,0
501831,0
501832,0
501833,0
501834,0
501835,0
501836,0
501837,0
501838,0
501839,0
501840,0
501841,0
501842,0
501843,0
501844,0
501845,0
501846,0
501847,0
501848,0
501849,0
501850,0
501851,0
501852,0
501853,0
501854,0
501855,0
501856,0
501857,0
501858,0
501859,0
501860,0
501861,0
501862,0
501863,0
501864,0
501865,0
501866,0
501867,0
501868,0
501869,0
501870,0
501871,0
501872,0
501873,0
501874,0
501875,0
501876,0
501877,0
501878,0
501879,0
501880,0
501881,0
501882,0
501883,0
501884,0
501885,0
501886,0
501887,0
501888,0
501889,0
501890,0
501891,0
501892,0
501893,0
501894,0
501895,0
501896,0
501897,0
501898,0
501899,0
501900,0
501901,0
501902,0
501903,0
501904,0
501905,0
501906,0
501907,0
501908,0
501909,0
501910,0
501911,0
501912,0
501913,0
501914,0
501915,0
501916,0
501917,0
501918,0
501919,0
501920,0
501921,0
501922,0
501923,0
501924,0
501925,0
501926,0
501927,0
501928,0
501929,0
501930,0
501931,0
501932,0
501933,0
501934,0
501935,0
501936,0
501937,0
501938,0
501939,0
501940,0
501941,0
501942,1
501943,0
501944,0
501945,0
501946,0
501947,0
501948,0
501949,0
501950,0
501951,0
501952,0
501953,0
501954,0
501955,0
501956,0
501957,0
501958,0
501959,0
501960,0
501961,0
501962,0
501963,0
501964,0
501965,0
501966,0
501967,0
501968,0
501969,0
501970,0
501971,0
501972,0
501973,0
501974,0
501975,0
501976,0
501977,0
501978,0
501979,0
501980,0
501981,0
501982,0
501983,0
501984,0
501985,0
501986,0
501987,0
501988,0
501989,0
501990,0
501991,0
501992,0
501993,0
501994,0
501995,0
501996,0
501997,0
501998,0
501999,0
502000,0
502001,0
502002,0
502003,0
502004,0
502005,0
502006,0
502007,0
502008,0
502009,0
502010,0
502011,0
502012,0
502013,12
502014,0
502015,13
502016,0
502017,0
502018,0
502019,0
502020,0
502021,0
502022,0
502023,0
502024,0
502025,0
502026,13
502027,0
502028,0
502029,0
502030,0
502031,0
502032,0
502033,0
502034,0
502035,10
502036,0
502037,0
502038,0
502039,0
502040,13
502041,0
502042,0
502043,0
502044,0
502045,0
502046,10
502047,0
502048,10
502049,13
502050,0
502051,0
502052,0
502053,0
502054,0
502055,0
502056,0
502057,0
502058,0
502059,10
502060,0
502061,0
502062,0
502063,0
502064,0
502065,0
502066,17
502067,0
502068,0
502069,0
502070,0
502071,0
502072,0
502073,0
502074,0
502075,0
502076,0
502077,0
502078,0
502079,0
502080,0
502081,0
502082,0
502083,15
502084,0
502085,0
502086,0
502087,0
502088,0
502089,0
502090,0
502091,0
502092,0
502093,0
502094,9
502095,0
502096,0
502097,0
502098,0
502099,0
502100,0
502101,0
502102,0
502103,0
502104,0
502105,0
502106,0
502107,0
502108,0
502109,0
502110,0
502111,0
502112,0
502113,0
502114,0
502115,0
502116,0
502117,0
502118,0
502119,0
502120,0
502121,0
502122,0
502123,0
502124,0
502125,0
502126,0
502127,3
502128,0
502129,0
502130,0
502131,0
502132,11
502133,0
502134,0
502135,14
502136,0
502137,0
502138,9
502139,0
502140,0
502141,0
502142,0
502143,0
502144,0
502145,15
502146,0
502147,0
502148,0
502149,0
502150,0
502151,0
502152,0
502153,0
502154,0
502155,0
502156,13
502157,0
502158,0
502159,0
502160,0
502161,0
502162,0
502163,0
502164,0
502165,0
502166,0
502167,0
502168,0
502169,14
502170,0
502171,0
502172,0
502173,0
502174,0
502175,0
502176,0
502177,0
502178,0
502179,0
502180,0
502181,0
502182,0
502183,0
502184,0
502185,0
502186,0
502187,0
502188,0
502189,0
502190,0
502191,0
502192,0
502193,0
502194,0
502195,0
502196,0
502197,0
502198,0
502199,0
502200,0
502201,0
502202,0
502203,0
502204,0
502205,0
502206,0
502207,17
502208,0
502209,0
502210,0
502211,0
502212,0
502213,0
502214,0
502215,0
502216,0
502217,0
502218,0
502219,0
502220,0
502221,0
502222,0
502223,0
502224,0
502225,0
502226,0
502227,0
502228,0
502229,13
502230,0
502231,0
502232,0
502233,0
502234,0
502235,0
502236,0
502237,0
502238,0
502239,0
502240,0
502241,0
502242,0
502243,0
502244,0
502245,0
502246,0
502247,0
502248,0
502249,0
502250,0
502251,0
502252,0
502253,0
502254,0
502255,0
502256,0
502257,0
502258,0
502259,0
502260,0
502261,21
502262,0
502263,0
502264,0
502265,0
502266,0
502267,0
502268,0
502269,0
502270,0
502271,0
502272,0
502273,0
502274,0
502275,0
502276,0
502277,0
502278,0
502279,0
502280,0
502281,0
502282,0
502283,0
502284,0
502285,0
502286,0
502287,0
502288,0
502289,0
502290,0
502291,18
502292,0
502293,0
502294,0
502295,16
502296,0
502297,14
502298,0
502299,0
502300,0
502301,0
502302,0
502303,0
502304,0
502305,0
502306,0
502307,0
502308,0
502309,13
502310,0
502311,0
502312,0
502313,10
502314,0
502315,0
502316,0
502317,0
502318,0
502319,0
502320,0
502321,0
502322,0
502323,0
502324,0
502325,0
502326,0
502327,0
502328,0
502329,0
502330,0
502331,0
502332,0
502333,0
502334,0
502335,0
502336,0
502337,0
502338,0
502339,0
502340,0
502341,0
502342,0
502343,0
502344,0
502345,0
502346,0
502347,0
502348,0
502349,0
502350,8
502351,13
502352,0
502353,0
502354,0
502355,0
502356,0
502357,0
502358,0
502359,0
502360,0
502361,0
502362,0
502363,0
502364,0
502365,0
502366,0
502367,0
502368,12
502369,0
502370,0
502371,0
502372,0
502373,0
502374,0
502375,0
502376,0
502377,10
502378,0
502379,0
502380,0
502381,0
502382,0
502383,0
502384,0
502385,0
502386,0
502387,0
502388,0
502389,0
502390,0
502391,17
502392,0
502393,0
502394,0
502395,0
502396,0
502397,0
502398,0
502399,0
502400,0
502401,0
502402,0
502403,0
502404,0
502405,0
502406,0
502407,0
502408,0
502409,0
502410,0
502411,0
502412,11
502413,0
502414,0
502415,0
502416,0
502417,0
502418,0
502419,0
502420,0
502421,0
502422,0
502423,17
502424,0
502425,0
502426,0
502427,0
502428,0
502429,0
502430,0
502431,5
502432,0
502433,0
502434,0
502435,0
502436,0
502437,0
502438,0
502439,0
502440,0
502441,0
502442,0
502443,0
502444,0
502445,0
502446,0
502447,0
502448,0
502449,13
502450,0
502451,15
502452,0
502453,0
502454,0
502455,0
502456,0
502457,0
502458,16
502459,0
502460,0
502461,0
502462,0
502463,0
502464,0
502465,0
502466,0
502467,0
502468,0
502469,0
502470,0
502471,0
502472,12
502473,0
502474,0
502475,13
502476,0
502477,0
502478,0
502479,4
502480,0
502481,0
502482,0
502483,0
502484,0
502485,0
502486,0
502487,17
502488,0
502489,0
502490,0
502491,0
502492,0
502493,0
502494,14
502495,0
502496,0
502497,0
502498,0
502499,0
502500,0
502501,0
502502,6
502503,0
502504,10
502505,8
502506,0
502507,0
502508,0
502509,0
502510,0
502511,0
502512,0
502513,0
502514,15
502515,0
502516,0
502517,0
502518,25
502519,8
502520,0
502521,0
502522,0
502523,0
502524,0
502525,0
502526,0
502527,0
502528,0
502529,0
502530,0
502531,0
502532,0
502533,0
502534,0
502535,0
502536,0
502537,0
502538,0
502539,0
502540,0
502541,13
502542,0
502543,0
502544,0
502545,0
502546,0
502547,0
502548,0
502549,0
502550,0
502551,0
502552,0
502553,0
502554,0
502555,0
502556,0
502557,10
502558,0
502559,12
502560,0
502561,0
502562,0
502563,0
502564,0
502565,0
502566,10
502567,0
502568,0
502569,0
502570,0
502571,0
502572,27
502573,0
502574,19
502575,0
502576,0
502577,0
502578,0
502579,0
502580,0
502581,0
502582,15
502583,0
502584,11
502585,0
502586,0
502587,18
502588,0
502589,0
502590,0
502591,0
502592,0
502593,0
502594,0
502595,0
502596,0
502597,0
502598,0
502599,0
502600,0
502601,6
502602,0
502603,0
502604,0
502605,0
502606,0
502607,0
502608,15
502609,8
502610,0
502611,0
502612,9
502613,0
502614,0
502615,0
502616,0
502617,0
502618,13
502619,12
502620,0
502621,0
502622,0
502623,0
502624,0
502625,0
502626,0
502627,0
502628,0
502629,9
502630,0
502631,16
502632,8
502633,0
502634,0
502635,0
502636,0
502637,0
502638,0
502639,0
502640,0
502641,15
502642,0
502643,0
502644,0
502645,0
502646,0
502647,0
502648,0
502649,0
502650,0
502651,0
502652,0
502653,0
502654,8
502655,0
502656,26
502657,0
502658,0
502659,0
502660,0
502661,0
502662,0
502663,13
502664,0
502665,0
502666,0
502667,0
502668,0
502669,0
502670,0
502671,0
502672,0
502673,0
502674,0
502675,0
502676,0
502677,0
502678,0
502679,0
502680,0
502681,0
502682,0
502683,0
502684,0
502685,11
502686,0
502687,0
502688,8
502689,0
502690,0
502691,0
502692,0
502693,0
502694,0
502695,0
502696,0
502697,0
502698,0
502699,0
502700,0
502701,0
502702,0
502703,0
502704,0
502705,0
502706,0
502707,0
502708,0
502709,0
502710,0
502711,0
502712,18
502713,0
502714,0
502715,16
502716,0
502717,0
502718,0
502719,0
502720,0
502721,0
502722,0
502723,0
502724,0
502725,0
502726,0
502727,0
502728,0
502729,0
502730,0
502731,0
502732,0
502733,0
502734,0
502735,0
502736,0
502737,0
502738,0
502739,0
502740,0
502741,0
502742,0
502743,0
502744,0
502745,0
502746,0
502747,0
502748,0
502749,0
502750,0
502751,17
502752,9
502753,0
502754,0
502755,0
502756,0
502757,0
502758,0
502759,0
502760,0
502761,0
502762,0
502763,0
502764,14
502765,0
502766,0
502767,0
502768,0
502769,0
502770,0
502771,0
502772,0
502773,0
502774,0
502775,0
502776,0
502777,0
502778,0
502779,0
502780,0
502781,0
502782,0
502783,0
502784,0
502785,0
502786,0
502787,0
502788,0
502789,0
502790,0
502791,0
502792,16
502793,0
502794,0
502795,0
502796,0
502797,11
502798,0
502799,0
502800,0
502801,0
502802,0
502803,0
502804,0
502805,0
502806,0
502807,0
502808,0
502809,0
502810,0
502811,0
502812,0
502813,0
502814,0
502815,0
502816,0
502817,0
502818,0
502819,0
502820,0
502821,0
502822,0
502823,0
502824,0
502825,0
502826,0
502827,0
502828,0
502829,0
502830,0
502831,0
502832,20
502833,0
502834,8
502835,0
502836,0
502837,15
502838,0
502839,16
502840,0
502841,0
502842,7
502843,0
502844,0
502845,0
502846,0
502847,0
502848,8
502849,0
502850,0
502851,0
502852,0
502853,0
502854,0
502855,0
502856,14
502857,0
502858,0
502859,0
502860,0
502861,0
502862,0
502863,0
502864,0
502865,0
502866,0
502867,0
502868,0
502869,0
502870,0
502871,0
502872,0
502873,0
502874,12
502875,0
502876,0
502877,0
502878,0
502879,0
502880,0
502881,0
502882,0
502883,0
502884,0
502885,0
502886,0
502887,0
502888,0
502889,0
502890,0
502891,0
502892,0
502893,0
502894,0
502895,0
502896,0
502897,0
502898,0
502899,0
502900,0
502901,0
502902,0
502903,0
502904,0
502905,0
502906,0
502907,0
502908,0
502909,0
502910,0
502911,0
502912,0
502913,16
502914,0
502915,0
502916,4
502917,0
502918,0
502919,13
502920,0
502921,0
502922,0
502923,0
502924,0
502925,0
502926,0
502927,0
502928,0
502929,0
502930,0
502931,0
502932,20
502933,0
502934,0
502935,0
502936,0
502937,14
502938,0
502939,0
502940,0
502941,0
502942,0
502943,0
502944,0
502945,0
502946,7
502947,0
502948,0
502949,0
502950,0
502951,0
502952,0
502953,0
502954,0
502955,17
502956,0
502957,0
502958,0
502959,0
502960,0
502961,0
502962,0
502963,0
502964,0
502965,0
502966,0
502967,0
502968,0
502969,0
502970,0
502971,0
502972,0
502973,18
502974,0
502975,0
502976,0
502977,0
502978,19
502979,0
502980,0
502981,0
502982,0
502983,0
502984,0
502985,0
502986,0
502987,0
502988,11
502989,0
502990,0
502991,0
502992,0
502993,0
502994,0
502995,0
502996,0
502997,0
502998,0
502999,10
503000,0
503001,13
503002,0
503003,11
503004,0
503005,14
503006,10
503007,15
503008,16
503009,0
503010,0
503011,0
503012,0
503013,0
503014,0
503015,0
503016,0
503017,0
503018,0
503019,0
503020,0
503021,16
503022,0
503023,0
503024,0
503025,0
503026,0
503027,0
503028,0
503029,0
503030,0
503031,9
503032,0
503033,10
503034,0
503035,0
503036,0
503037,0
503038,0
503039,0
503040,11
503041,0
503042,12
503043,9
503044,15
503045,0
503046,0
503047,11
503048,0
503049,13
503050,0
503051,0
503052,0
503053,0
503054,0
503055,0
503056,0
503057,0
503058,0
503059,0
503060,0
503061,0
503062,0
503063,13
503064,0
503065,0
503066,0
503067,0
503068,0
503069,18
503070,0
503071,11
503072,15
503073,0
503074,0
503075,0
503076,13
503077,0
503078,16
503079,0
503080,14
503081,0
503082,0
503083,13
503084,0
503085,0
503086,14
503087,18
503088,0
503089,0
503090,16
503091,0
503092,11
503093,0
503094,0
503095,0
503096,0
503097,9
503098,13
503099,11
503100,10
503101,14
503102,13
503103,7
503104,0
503105,0
503106,0
503107,0
503108,0
503109,0
503110,8
503111,10
503112,8
503113,0
503114,0
503115,0
503116,0
503117,0
503118,16
503119,0
503120,0
503121,0
503122,10
503123,14
503124,0
503125,0
503126,0
503127,5
503128,0
503129,0
503130,7
503131,10
503132,0
503133,16
503134,0
503135,0
503136,0
503137,14
503138,0
503139,9
503140,0
503141,0
503142,0
503143,0
503144,17
503145,13
503146,0
503147,0
503148,0
503149,0
503150,0
503151,19
503152,6
503153,19
503154,18
503155,0
503156,0
503157,5
503158,0
503159,7
503160,0
503161,6
503162,0
503163,0
503164,0
503165,16
503166,0
503167,0
503168,0
503169,0
503170,10
503171,0
503172,0
503173,0
503174,0
503175,0
503176,0
503177,0
503178,0
503179,0
503180,0
503181,0
503182,0
503183,0
503184,17
503185,0
503186,0
503187,0
503188,0
503189,0
503190,0
503191,0
503192,58
503193,21
503194,0
503195,0
503196,0
503197,30
503198,27
503199,0
503200,0
503201,0
503202,45
503203,0
503204,0
503205,0
503206,0
503207,18
503208,0
503209,0
503210,31
503211,0
503212,46
503213,27
503214,62
503215,27
503216,0
503217,0
503218,0
503219,0
503220,0
503221,0
503222,0
503223,0
503224,25
503225,0
503226,14
503227,0
503228,0
503229,0
503230,40
503231,0
503232,0
503233,24
503234,15
503235,0
503236,35
503237,45
503238,45
503239,49
503240,0
503241,0
503242,0
503243,0
503244,0
503245,64
503246,0
503247,0
503248,30
503249,0
503250,0
503251,0
503252,0
503253,0
503254,0
503255,36
503256,0
503257,0
503258,40
503259,0
503260,0
503261,0
503262,0
503263,0
503264,0
503265,0
503266,50
503267,0
503268,32
503269,0
503270,0
503271,0
503272,0
503273,0
503274,0
503275,0
503276,0
503277,0
503278,0
503279,22
503280,0
503281,47
503282,0
503283,0
503284,0
503285,28
503286,0
503287,0
503288,0
503289,18
503290,0
503291,17
503292,0
503293,0
503294,0
503295,0
503296,48
503297,0
503298,20
503299,0
503300,0
503301,0
503302,0
503303,30
503304,25
503305,0
503306,0
503307,32
503308,45
503309,0
503310,0
503311,0
503312,0
503313,0
503314,0
503315,0
503316,0
503317,0
503318,0
503319,0
503320,0
503321,22
503322,0
503323,0
503324,0
503325,0
503326,0
503327,20
503328,0
503329,0
503330,0
503331,0
503332,0
503333,0
503334,0
503335,0
503336,24
503337,0
503338,0
503339,0
503340,0
503341,29
503342,0
503343,47
503344,0
503345,0
503346,0
503347,25
503348,24
503349,0
503350,0
503351,0
503352,21
503353,0
503354,0
503355,0
503356,0
503357,0
503358,0
503359,0
503360,0
503361,26
503362,0
503363,45
503364,0
503365,0
503366,25
503367,0
503368,30
503369,0
503370,0
503371,36
503372,0
503373,0
503374,22
503375,0
503376,0
503377,0
503378,0
503379,0
503380,0
503381,0
503382,0
503383,21
503384,0
503385,49
503386,0
503387,0
503388,0
503389,0
503390,0
503391,0
503392,0
503393,36
503394,0
503395,37
503396,50
503397,0
503398,0
503399,0
503400,0
503401,0
503402,0
503403,29
503404,0
503405,0
503406,0
503407,0
503408,0
503409,0
503410,0
503411,0
503412,38
503413,0
503414,0
503415,0
503416,0
503417,0
503418,0
503419,28
503420,20
503421,0
503422,0
503423,0
503424,0
503425,37
503426,0
503427,26
503428,0
503429,0
503430,0
503431,0
503432,0
503433,49
503434,31
503435,0
503436,0
503437,0
503438,0
503439,0
503440,0
503441,0
503442,54
503443,40
503444,0
503445,48
503446,17
503447,0
503448,0
503449,0
503450,0
503451,0
503452,49
503453,0
503454,0
503455,0
503456,38
503457,12
503458,16
503459,0
503460,41
503461,64
503462,46
503463,24
503464,0
503465,0
503466,0
503467,0
503468,0
503469,0
503470,0
503471,0
503472,0
503473,0
503474,0
503475,0
503476,32
503477,0
503478,0
503479,0
503480,20
503481,0
503482,0
503483,22
503484,0
503485,0
503486,30
503487,0
503488,0
503489,0
503490,0
503491,0
503492,0
503493,0
503494,40
503495,0
503496,0
503497,0
503498,48
503499,0
503500,28
503501,0
503502,0
503503,0
503504,0
503505,0
503506,0
503507,0
503508,0
503509,51
503510,0
503511,0
503512,0
503513,18
503514,0
503515,24
503516,0
503517,25
503518,0
503519,0
503520,0
503521,0
503522,0
503523,0
503524,0
503525,0
503526,0
503527,0
503528,14
503529,0
503530,0
503531,0
503532,28
503533,0
503534,31
503535,61
503536,71
503537,0
503538,0
503539,0
503540,33
503541,0
503542,6
503543,0
503544,56
503545,53
503546,0
503547,71
503548,29
503549,0
503550,0
503551,53
503552,0
503553,0
503554,17
503555,25
503556,0
503557,34
503558,47
503559,0
503560,29
503561,0
503562,10
503563,0
503564,0
503565,0
503566,0
503567,0
503568,41
503569,0
503570,0
503571,0
503572,0
503573,37
503574,0
503575,0
503576,41
503577,0
503578,0
503579,0
503580,23
503581,0
503582,0
503583,0
503584,15
503585,0
503586,0
503587,0
503588,0
503589,0
503590,0
503591,0
503592,46
503593,27
503594,32
503595,0
503596,0
503597,34
503598,0
503599,0
503600,0
503601,0
503602,0
503603,15
503604,33
503605,62
503606,36
503607,0
503608,0
503609,0
503610,20
503611,0
503612,0
503613,0
503614,0
503615,0
503616,68
503617,0
503618,0
503619,0
503620,0
503621,0
503622,0
503623,12
503624,0
503625,0
503626,0
503627,0
503628,0
503629,0
503630,0
503631,0
503632,0
503633,0
503634,0
503635,0
503636,0
503637,41
503638,0
503639,0
503640,0
503641,0
503642,30
503643,0
503644,0
503645,0
503646,0
503647,0
503648,0
503649,31
503650,26
503651,24
503652,0
503653,0
503654,0
503655,0
503656,0
503657,0
503658,0
503659,0
503660,13
503661,0
503662,0
503663,0
503664,0
503665,39
503666,41
503667,0
503668,34
503669,0
503670,33
503671,51
503672,38
503673,0
503674,6
503675,0
503676,0
503677,0
503678,0
503679,0
503680,15
503681,24
503682,24
503683,0
503684,0
503685,0
503686,0
503687,16
503688,19
503689,24
503690,24
503691,36
503692,40
503693,0
503694,0
503695,17
503696,0
503697,0
503698,0
503699,0
503700,34
503701,0
503702,0
503703,0
503704,0
503705,0
503706,0
503707,33
503708,0
503709,0
503710,0
503711,0
503712,0
503713,0
503714,36
503715,51
503716,0
503717,0
503718,0
503719,0
503720,0
503721,0
503722,0
503723,39
503724,0
503725,0
503726,0
503727,0
503728,24
503729,0
503730,0
503731,0
503732,0
503733,0
503734,0
503735,0
503736,0
503737,0
503738,56
503739,0
503740,0
503741,0
503742,0
503743,0
503744,0
503745,39
503746,31
503747,0
503748,0
503749,0
503750,0
503751,0
503752,0
503753,33
503754,0
503755,36
503756,0
503757,0
503758,0
503759,0
503760,0
503761,0
503762,0
503763,0
503764,0
503765,0
503766,44
503767,0
503768,0
503769,32
503770,53
503771,0
503772,0
503773,0
503774,23
503775,0
503776,0
503777,0
503778,0
503779,0
503780,0
503781,0
503782,0
503783,0
503784,0
503785,0
503786,0
503787,0
503788,33
503789,0
503790,0
503791,25
503792,43
503793,37
503794,0
503795,0
503796,37
503797,48
503798,0
503799,0
503800,38
503801,0
503802,0
503803,0
503804,0
503805,0
503806,33
503807,32
503808,0
503809,0
503810,0
503811,0
503812,0
503813,0
503814,0
503815,0
503816,0
503817,41
503818,0
503819,13
503820,14
503821,0
503822,0
503823,0
503824,0
503825,0
503826,0
503827,0
503828,0
503829,0
503830,0
503831,0
503832,0
503833,0
503834,0
503835,14
503836,12
503837,0
503838,0
503839,10
503840,17
503841,0
503842,21
503843,0
503844,0
503845,0
503846,0
503847,0
503848,0
503849,0
503850,0
503851,0
503852,0
503853,0
503854,0
503855,0
503856,0
503857,18
503858,0
503859,0
503860,0
503861,0
503862,10
503863,14
503864,0
503865,0
503866,0
503867,0
503868,15
503869,0
503870,16
503871,0
503872,0
503873,0
503874,0
503875,0
503876,0
503877,12
503878,0
503879,0
503880,0
503881,17
503882,0
503883,0
503884,0
503885,0
503886,0
503887,0
503888,15
503889,0
503890,0
503891,0
503892,10
503893,0
503894,0
503895,15
503896,0
503897,0
503898,0
503899,19
503900,0
503901,17
503902,0
503903,0
503904,14
503905,0
503906,0
503907,0
503908,0
503909,0
503910,0
503911,0
503912,0
503913,0
503914,0
503915,11
503916,0
503917,0
503918,0
503919,8
503920,16
503921,0
503922,16
503923,0
503924,0
503925,5
503926,0
503927,0
503928,0
503929,0
503930,0
503931,0
503932,0
503933,0
503934,0
503935,0
503936,0
503937,8
503938,0
503939,0
503940,0
503941,14
503942,0
503943,0
503944,0
503945,0
503946,0
503947,12
503948,0
503949,0
503950,12
503951,12
503952,0
503953,0
503954,14
503955,0
503956,0
503957,0
503958,19
503959,0
503960,12
503961,0
503962,0
503963,11
503964,0
503965,0
503966,28
503967,0
503968,0
503969,15
503970,0
503971,0
503972,0
503973,0
503974,7
503975,0
503976,0
503977,16
503978,0
503979,0
503980,9
503981,14
503982,0
503983,0
503984,0
503985,12
503986,0
503987,18
503988,0
503989,0
503990,0
503991,0
503992,10
503993,19
503994,0
503995,14
503996,0
503997,0
503998,0
503999,13
504000,0
504001,0
504002,0
504003,0
504004,0
504005,19
504006,13
504007,8
504008,0
504009,0
504010,0
504011,0
504012,0
504013,0
504014,14
504015,0
504016,0
504017,15
504018,0
504019,0
504020,0
504021,0
504022,0
504023,14
504024,0
504025,0
504026,0
504027,9
504028,22
504029,0
504030,0
504031,16
504032,0
504033,0
504034,0
504035,0
504036,0
504037,0
504038,0
504039,0
504040,0
504041,0
504042,0
504043,0
504044,0
504045,14
504046,0
504047,0
504048,19
504049,0
504050,11
504051,0
504052,0
504053,0
504054,0
504055,0
504056,11
504057,15
504058,0
504059,17
504060,0
504061,0
504062,0
504063,7
504064,17
504065,11
504066,0
504067,0
504068,0
504069,0
504070,0
504071,10
504072,0
504073,0
504074,0
504075,0
504076,0
504077,0
504078,0
504079,15
504080,0
504081,0
504082,13
504083,0
504084,0
504085,9
504086,0
504087,0
504088,0
504089,0
504090,0
504091,0
504092,0
504093,0
504094,0
504095,0
504096,0
504097,0
504098,0
504099,0
504100,0
504101,0
504102,0
504103,0
504104,15
504105,0
504106,0
504107,0
504108,0
504109,0
504110,0
504111,12
504112,0
504113,0
504114,10
504115,12
504116,0
504117,0
504118,18
504119,0
504120,0
504121,0
504122,0
504123,13
504124,0
504125,0
504126,0
504127,0
504128,12
504129,0
504130,0
504131,12
504132,9
504133,0
504134,0
504135,0
504136,0
504137,0
504138,0
504139,15
504140,0
504141,11
504142,13
504143,0
504144,9
504145,0
504146,0
504147,0
504148,0
504149,0
504150,0
504151,11
504152,18
504153,0
504154,0
504155,0
504156,0
504157,0
504158,0
504159,0
504160,0
504161,11
504162,8
504163,0
504164,5
504165,0
504166,0
504167,14
504168,11
504169,9
504170,14
504171,0
504172,0
504173,0
504174,13
504175,0
504176,0
504177,0
504178,0
504179,0
504180,0
504181,0
504182,0
504183,0
504184,0
504185,22
504186,20
504187,16
504188,0
504189,0
504190,0
504191,7
504192,18
504193,0
504194,0
504195,0
504196,0
504197,0
504198,0
504199,0
504200,0
504201,0
504202,0
504203,0
504204,0
504205,15
504206,0
504207,0
504208,10
504209,21
504210,0
504211,0
504212,0
504213,0
504214,8
504215,0
504216,0
504217,0
504218,0
504219,10
504220,0
504221,0
504222,0
504223,0
504224,0
504225,0
504226,0
504227,13
504228,0
504229,11
504230,0
504231,0
504232,0
504233,0
504234,0
504235,0
504236,0
504237,17
504238,0
504239,19
504240,0
504241,0
504242,0
504243,0
504244,0
504245,0
504246,0
504247,0
504248,13
504249,0
504250,5
504251,0
504252,0
504253,0
504254,0
504255,0
504256,15
504257,0
504258,0
504259,12
504260,15
504261,0
504262,0
504263,16
504264,0
504265,0
504266,0
504267,0
504268,9
504269,0
504270,0
504271,0
504272,0
504273,0
504274,0
504275,0
504276,0
504277,14
504278,0
504279,0
504280,0
504281,19
504282,0
504283,0
504284,14
504285,0
504286,16
504287,0
504288,0
504289,0
504290,0
504291,0
504292,0
504293,0
504294,0
504295,14
504296,0
504297,15
504298,0
504299,17
504300,0
504301,0
504302,0
504303,0
504304,0
504305,0
504306,0
504307,12
504308,0
504309,0
504310,0
504311,0
504312,0
504313,0
504314,0
504315,0
504316,15
504317,13
504318,0
504319,0
504320,0
504321,0
504322,0
504323,0
504324,11
504325,14
504326,0
504327,0
504328,0
504329,0
504330,0
504331,20
504332,0
504333,0
504334,13
504335,0
504336,0
504337,7
504338,0
504339,20
504340,0
504341,0
504342,0
504343,0
504344,0
504345,14
504346,14
504347,0
504348,0
504349,19
504350,0
504351,0
504352,0
504353,0
504354,0
504355,0
504356,0
504357,0
504358,0
504359,21
504360,0
504361,0
504362,16
504363,0
504364,0
504365,14
504366,0
504367,0
504368,9
504369,13
504370,13
504371,0
504372,0
504373,0
504374,17
504375,0
504376,0
504377,0
504378,0
504379,0
504380,0
504381,0
504382,0
504383,0
504384,0
504385,0
504386,0
504387,22
504388,0
504389,0
504390,0
504391,0
504392,0
504393,14
504394,0
504395,0
504396,0
504397,12
504398,0
504399,0
504400,0
504401,0
504402,17
504403,0
504404,0
504405,0
504406,0
504407,0
504408,0
504409,0
504410,0
504411,24
504412,0
504413,0
504414,14
504415,0
504416,0
504417,0
504418,0
504419,0
504420,0
504421,0
504422,17
504423,14
504424,0
504425,7
504426,13
504427,0
504428,0
504429,16
504430,0
504431,0
504432,0
504433,14
504434,0
504435,8
504436,0
504437,0
504438,0
504439,0
504440,0
504441,15
504442,0
504443,0
504444,0
504445,0
504446,0
504447,0
504448,0
504449,0
504450,14
504451,0
504452,0
504453,0
504454,0
504455,9
504456,16
504457,0
504458,13
504459,0
504460,0
504461,0
504462,13
504463,17
504464,0
504465,0
504466,0
504467,0
504468,15
504469,0
504470,0
504471,0
504472,0
504473,0
504474,0
504475,19
504476,0
504477,0
504478,8
504479,0
504480,0
504481,0
504482,0
504483,0
504484,0
504485,7
504486,0
504487,0
504488,0
504489,14
504490,0
504491,0
504492,0
504493,0
504494,0
504495,0
504496,0
504497,0
504498,0
504499,0
504500,0
504501,0
504502,10
504503,0
504504,0
504505,0
504506,0
504507,19
504508,0
504509,0
504510,0
504511,0
504512,13
504513,0
504514,0
504515,0
504516,0
504517,0
504518,0
504519,0
504520,0
504521,14
504522,0
504523,0
504524,0
504525,0
504526,0
504527,0
504528,13
504529,0
504530,0
504531,11
504532,0
504533,13
504534,0
504535,0
504536,0
504537,10
504538,0
504539,0
504540,0
504541,0
504542,0
504543,0
504544,18
504545,0
504546,12
504547,0
504548,0
504549,0
504550,0
504551,0
504552,19
504553,0
504554,6
504555,0
504556,0
504557,0
504558,0
504559,12
504560,11
504561,0
504562,0
504563,13
504564,18
504565,11
504566,0
504567,0
504568,8
504569,20
504570,0
504571,0
504572,0
504573,9
504574,0
504575,8
504576,11
504577,0
504578,0
504579,0
504580,0
504581,0
504582,0
504583,0
504584,0
504585,0
504586,0
504587,8
504588,12
504589,0
504590,12
504591,9
504592,0
504593,0
504594,0
504595,0
504596,0
504597,19
504598,0
504599,17
504600,8
504601,0
504602,0
504603,0
504604,0
504605,0
504606,0
504607,0
504608,0
504609,0
504610,0
504611,12
504612,0
504613,0
504614,0
504615,0
504616,0
504617,0
504618,0
504619,19
504620,0
504621,0
504622,15
504623,13
504624,0
504625,0
504626,0
504627,0
504628,0
504629,0
504630,13
504631,14
504632,0
504633,0
504634,0
504635,9
504636,9
504637,0
504638,0
504639,10
504640,0
504641,0
504642,0
504643,0
504644,0
504645,0
504646,24
504647,0
504648,0
504649,15
504650,0
504651,0
504652,0
504653,17
504654,0
504655,0
504656,0
504657,17
504658,0
504659,0
504660,6
504661,0
504662,19
504663,14
504664,0
504665,0
504666,11
504667,0
504668,13
504669,0
504670,0
504671,10
504672,0
504673,9
504674,0
504675,0
504676,0
504677,0
504678,0
504679,12
504680,0
504681,0
504682,0
504683,19
504684,9
504685,0
504686,0
504687,16
504688,0
504689,18
504690,0
504691,0
504692,0
504693,0
504694,0
504695,0
504696,0
504697,0
504698,10
504699,11
504700,14
504701,0
504702,0
504703,0
504704,16
504705,0
504706,0
504707,22
504708,0
504709,22
504710,13
504711,0
504712,0
504713,15
504714,14
504715,0
504716,0
504717,0
504718,0
504719,16
504720,11
504721,0
504722,16
504723,0
504724,0
504725,14
504726,0
504727,0
504728,0
504729,0
504730,15
504731,0
504732,0
504733,0
504734,0
504735,0
504736,12
504737,9
504738,14
504739,0
504740,14
504741,13
504742,0
504743,0
504744,0
504745,0
504746,0
504747,0
504748,0
504749,0
504750,0
504751,0
504752,0
504753,0
504754,0
504755,0
504756,10
504757,0
504758,0
504759,13
504760,11
504761,0
504762,0
504763,0
504764,18
504765,0
504766,23
504767,12
504768,0
504769,0
504770,0
504771,0
504772,0
504773,0
504774,0
504775,0
504776,0
504777,0
504778,0
504779,0
504780,15
504781,0
504782,0
504783,0
504784,0
504785,18
504786,0
504787,0
504788,19
504789,0
504790,0
504791,22
504792,0
504793,0
504794,0
504795,0
504796,16
504797,0
504798,18
504799,0
504800,0
504801,0
504802,15
504803,0
504804,0
504805,0
504806,0
504807,0
504808,0
504809,20
504810,0
504811,21
504812,10
504813,0
504814,14
504815,0
504816,0
504817,0
504818,0
504819,17
504820,0
504821,0
504822,0
504823,0
504824,0
504825,0
504826,0
504827,0
504828,13
504829,0
504830,0
504831,0
504832,0
504833,0
504834,0
504835,0
504836,0
504837,0
504838,0
504839,0
504840,0
504841,0
504842,0
504843,0
504844,0
504845,0
504846,0
504847,0
504848,0
504849,0
504850,0
504851,0
504852,0
504853,0
504854,0
504855,0
504856,19
504857,22
504858,0
504859,0
504860,0
504861,10
504862,0
504863,10
504864,0
504865,0
504866,0
504867,22
504868,0
504869,0
504870,0
504871,0
504872,0
504873,0
504874,0
504875,13
504876,0
504877,0
504878,8
504879,0
504880,0
504881,0
504882,0
504883,0
504884,0
504885,0
504886,0
504887,0
504888,0
504889,0
504890,0
504891,0
504892,0
504893,0
504894,10
504895,0
504896,0
504897,0
504898,0
504899,16
504900,10
504901,0
504902,0
504903,0
504904,0
504905,0
504906,0
504907,11
504908,0
504909,0
504910,0
504911,0
504912,0
504913,0
504914,0
504915,0
504916,15
504917,0
504918,19
504919,0
504920,0
504921,0
504922,25
504923,16
504924,0
504925,0
504926,0
504927,14
504928,0
504929,0
504930,0
504931,0
504932,0
504933,0
504934,0
504935,0
504936,0
504937,0
504938,0
504939,0
504940,0
504941,0
504942,0
504943,0
504944,0
504945,0
504946,13
504947,0
504948,16
504949,0
504950,13
504951,0
504952,0
504953,0
504954,17
504955,0
504956,0
504957,0
504958,0
504959,20
504960,0
504961,20
504962,0
504963,0
504964,0
504965,0
504966,0
504967,0
504968,0
504969,0
504970,0
504971,0
504972,0
504973,0
504974,0
504975,24
504976,0
504977,11
504978,0
504979,0
504980,18
504981,0
504982,0
504983,0
504984,16
504985,0
504986,0
504987,0
504988,21
504989,0
504990,0
504991,0
504992,13
504993,0
504994,23
504995,7
504996,0
504997,0
504998,0
504999,24
505000,0
505001,12
505002,0
505003,0
505004,0
505005,0
505006,16
505007,0
505008,0
505009,0
505010,0
505011,0
505012,0
505013,19
505014,0
505015,0
505016,0
505017,0
505018,0
505019,0
505020,16
505021,0
505022,18
505023,0
505024,0
505025,21
505026,0
505027,0
505028,0
505029,11
505030,0
505031,0
505032,13
505033,0
505034,19
505035,0
505036,0
505037,0
505038,0
505039,0
505040,0
505041,6
505042,0
505043,0
505044,0
505045,0
505046,13
505047,0
505048,12
505049,0
505050,0
505051,0
505052,0
505053,0
505054,0
505055,0
505056,0
505057,0
505058,0
505059,0
505060,0
505061,0
505062,19
505063,0
505064,0
505065,0
505066,0
505067,0
505068,0
505069,0
505070,0
505071,0
505072,0
505073,0
505074,0
505075,0
505076,15
505077,0
505078,0
505079,0
505080,0
505081,19
505082,0
505083,0
505084,21
505085,0
505086,0
505087,0
505088,0
505089,0
505090,0
505091,0
505092,0
505093,0
505094,14
505095,0
505096,0
505097,0
505098,0
505099,0
505100,0
505101,0
505102,0
505103,12
505104,0
505105,0
505106,0
505107,0
505108,0
505109,13
505110,18
505111,0
505112,0
505113,0
505114,0
505115,0
505116,0
505117,0
505118,0
505119,0
505120,0
505121,0
505122,0
505123,15
505124,0
505125,0
505126,0
505127,0
505128,19
505129,0
505130,0
505131,18
505132,14
505133,0
505134,0
505135,12
505136,0
505137,0
505138,0
505139,0
505140,0
505141,0
505142,0
505143,0
505144,0
505145,23
505146,0
505147,0
505148,0
505149,0
505150,7
505151,0
505152,0
505153,0
505154,0
505155,0
505156,23
505157,0
505158,0
505159,0
505160,0
505161,0
505162,0
505163,0
505164,0
505165,0
505166,0
505167,0
505168,0
505169,0
505170,0
505171,0
505172,0
505173,0
505174,0
505175,12
505176,0
505177,0
505178,0
505179,0
505180,0
505181,0
505182,0
505183,0
505184,0
505185,12
505186,0
505187,0
505188,0
505189,0
505190,0
505191,14
505192,0
505193,0
505194,0
505195,0
505196,0
505197,0
505198,0
505199,0
505200,0
505201,0
505202,13
505203,17
505204,14
505205,16
505206,0
505207,0
505208,17
505209,0
505210,0
505211,0
505212,17
505213,0
505214,0
505215,0
505216,0
505217,0
505218,0
505219,16
505220,0
505221,0
505222,12
505223,0
505224,0
505225,0
505226,7
505227,0
505228,0
505229,0
505230,0
505231,0
505232,9
505233,0
505234,0
505235,0
505236,0
505237,19
505238,0
505239,0
505240,0
505241,18
505242,0
505243,0
505244,0
505245,0
505246,0
505247,0
505248,0
505249,0
505250,0
505251,0
505252,0
505253,0
505254,0
505255,0
505256,18
505257,0
505258,0
505259,0
505260,0
505261,0
505262,0
505263,0
505264,0
505265,0
505266,0
505267,0
505268,0
505269,0
505270,0
505271,0
505272,0
505273,0
505274,0
505275,0
505276,0
505277,0
505278,0
505279,0
505280,0
505281,0
505282,0
505283,0
505284,0
505285,0
505286,0
505287,0
505288,0
505289,0
505290,0
505291,0
505292,0
505293,0
505294,0
505295,0
505296,0
505297,0
505298,0
505299,0
505300,0
505301,0
505302,0
505303,0
505304,0
505305,0
505306,0
505307,0
505308,0
505309,0
505310,0
505311,0
505312,0
505313,0
505314,0
505315,0
505316,0
505317,0
505318,0
505319,0
505320,0
505321,0
505322,0
505323,0
505324,0
505325,0
505326,0
505327,0
505328,0
505329,0
505330,0
505331,0
505332,0
505333,0
505334,0
505335,0
505336,0
505337,0
505338,0
505339,0
505340,0
505341,0
505342,1
505343,0
505344,0
505345,0
505346,0
505347,0
505348,0
505349,0
505350,0
505351,0
505352,0
505353,0
505354,0
505355,0
505356,0
505357,0
505358,0
505359,0
505360,0
505361,0
505362,0
505363,0
505364,0
505365,0
505366,0
505367,0
505368,0
505369,0
505370,0
505371,0
505372,0
505373,0
505374,0
505375,0
505376,0
505377,0
505378,0
505379,0
505380,0
505381,0
505382,0
505383,0
505384,0
505385,0
505386,0
505387,0
505388,0
505389,0
505390,0
505391,0
505392,0
505393,0
505394,0
505395,0
505396,0
505397,0
505398,0
505399,0
505400,0
505401,0
505402,0
505403,0
505404,0
505405,0
505406,0
505407,0
505408,0
505409,0
505410,0
505411,0
505412,0
505413,0
505414,0
505415,0
505416,0
505417,0
505418,0
505419,0
505420,0
505421,0
505422,0
505423,0
505424,0
505425,0
505426,0
505427,0
505428,0
505429,0
505430,0
505431,0
505432,0
505433,0
505434,0
505435,0
505436,0
505437,0
505438,0
505439,0
505440,0
505441,0
505442,0
505443,0
505444,0
505445,0
505446,0
505447,0
505448,0
505449,0
505450,0
505451,0
505452,0
505453,0
505454,0
505455,0
505456,0
505457,0
505458,0
505459,0
505460,0
505461,0
505462,0
505463,0
505464,0
505465,0
505466,0
505467,0
505468,0
505469,0
505470,0
505471,0
505472,0
505473,0
505474,0
505475,0
505476,0
505477,0
505478,0
505479,0
505480,0
505481,0
505482,0
505483,1
505484,0
505485,0
505486,0
505487,0
505488,0
505489,0
505490,0
505491,0
505492,0
505493,0
505494,1
505495,0
505496,0
505497,0
505498,0
505499,0
505500,0
505501,0
505502,0
505503,0
505504,0
505505,0
505506,0
505507,0
505508,0
505509,0
505510,0
505511,0
505512,0
505513,0
505514,0
505515,0
505516,0
505517,0
505518,0
505519,0
505520,0
505521,0
505522,0
505523,0
505524,0
505525,0
505526,0
505527,0
505528,0
505529,0
505530,0
505531,0
505532,0
505533,0
505534,0
505535,0
505536,0
505537,0
505538,0
505539,0
505540,0
505541,0
505542,0
505543,0
505544,0
505545,0
505546,0
505547,0
505548,0
505549,0
505550,0
505551,0
505552,0
505553,0
505554,0
505555,0
505556,0
505557,0
505558,0
505559,0
505560,0
505561,0
505562,0
505563,0
505564,0
505565,0
505566,0
505567,0
505568,0
505569,0
505570,0
505571,0
505572,0
505573,0
505574,0
505575,0
505576,0
505577,0
505578,0
505579,0
505580,0
505581,0
505582,0
505583,0
505584,0
505585,0
505586,0
505587,0
505588,0
505589,0
505590,0
505591,0
505592,0
505593,0
505594,0
505595,0
505596,0
505597,0
505598,0
505599,0
505600,0
505601,0
505602,0
505603,0
505604,0
505605,0
505606,0
505607,0
505608,0
505609,0
505610,0
505611,0
505612,0
505613,0
505614,0
505615,0
505616,0
505617,0
505618,0
505619,1
505620,0
505621,0
505622,0
505623,0
505624,0
505625,0
505626,0
505627,0
505628,0
505629,0
505630,0
505631,0
505632,0
505633,0
505634,0
505635,0
505636,0
505637,0
505638,0
505639,0
505640,0
505641,0
505642,0
505643,1
505644,0
505645,0
505646,0
505647,0
505648,0
505649,0
505650,0
505651,0
505652,0
505653,0
505654,0
505655,0
505656,0
505657,0
505658,0
505659,0
505660,0
505661,0
505662,0
505663,1
505664,0
505665,0
505666,0
505667,0
505668,0
505669,0
505670,0
505671,0
505672,0
505673,0
505674,0
505675,0
505676,0
505677,0
505678,0
505679,0
505680,0
505681,0
505682,0
505683,0
505684,0
505685,0
505686,0
505687,0
505688,0
505689,0
505690,0
505691,0
505692,0
505693,0
505694,0
505695,0
505696,0
505697,0
505698,0
505699,0
505700,0
505701,0
505702,0
505703,0
505704,0
505705,0
505706,0
505707,0
505708,0
505709,0
505710,1
505711,0
505712,0
505713,0
505714,0
505715,0
505716,0
505717,0
505718,0
505719,0
505720,0
505721,0
505722,0
505723,0
505724,20
505725,0
505726,0
505727,0
505728,0
505729,0
505730,0
505731,0
505732,0
505733,0
505734,0
505735,0
505736,28
505737,0
505738,16
505739,0
505740,0
505741,0
505742,0
505743,0
505744,0
505745,0
505746,13
505747,0
505748,0
505749,0
505750,0
505751,0
505752,0
505753,0
505754,0
505755,0
505756,0
505757,0
505758,0
505759,0
505760,0
505761,0
505762,20
505763,0
505764,0
505765,0
505766,0
505767,0
505768,0
505769,0
505770,0
505771,19
505772,0
505773,0
505774,0
505775,0
505776,0
505777,0
505778,0
505779,0
505780,0
505781,14
505782,0
505783,0
505784,17
505785,0
505786,0
505787,0
505788,0
505789,0
505790,0
505791,0
505792,0
505793,0
505794,0
505795,0
505796,0
505797,0
505798,0
505799,0
505800,0
505801,0
505802,0
505803,0
505804,0
505805,0
505806,0
505807,10
505808,0
505809,0
505810,0
505811,0
505812,0
505813,0
505814,0
505815,18
505816,0
505817,0
505818,9
505819,0
505820,0
505821,17
505822,0
505823,7
505824,15
505825,0
505826,0
505827,0
505828,0
505829,0
505830,0
505831,0
505832,10
505833,0
505834,0
505835,0
505836,0
505837,0
505838,0
505839,0
505840,0
505841,0
505842,14
505843,0
505844,20
505845,0
505846,0
505847,0
505848,0
505849,12
505850,0
505851,10
505852,0
505853,12
505854,0
505855,0
505856,20
505857,0
505858,0
505859,0
505860,0
505861,0
505862,0
505863,0
505864,0
505865,0
505866,16
505867,0
505868,0
505869,0
505870,0
505871,0
505872,0
505873,0
505874,0
505875,0
505876,0
505877,0
505878,19
505879,0
505880,0
505881,0
505882,0
505883,0
505884,0
505885,0
505886,0
505887,13
505888,19
505889,0
505890,0
505891,0
505892,0
505893,0
505894,0
505895,0
505896,0
505897,0
505898,0
505899,12
505900,0
505901,0
505902,0
505903,0
505904,12
505905,0
505906,0
505907,0
505908,0
505909,0
505910,0
505911,0
505912,0
505913,9
505914,18
505915,0
505916,0
505917,0
505918,17
505919,26
505920,12
505921,0
505922,0
505923,0
505924,0
505925,16
505926,0
505927,0
505928,0
505929,0
505930,0
505931,15
505932,0
505933,0
505934,0
505935,0
505936,0
505937,0
505938,0
505939,0
505940,11
505941,0
505942,0
505943,0
505944,0
505945,0
505946,0
505947,0
505948,7
505949,0
505950,0
505951,0
505952,8
505953,0
505954,0
505955,0
505956,0
505957,0
505958,0
505959,0
505960,14
505961,12
505962,16
505963,0
505964,0
505965,0
505966,15
505967,0
505968,0
505969,0
505970,0
505971,17
505972,13
505973,0
505974,0
505975,0
505976,0
505977,24
505978,0
505979,10
505980,0
505981,0
505982,0
505983,0
505984,0
505985,10
505986,0
505987,0
505988,16
505989,0
505990,0
505991,0
505992,0
505993,18
505994,0
505995,0
505996,0
505997,18
505998,13
505999,11
506000,0
506001,0
506002,0
506003,0
506004,0
506005,0
506006,0
506007,15
506008,15
506009,0
506010,0
506011,0
506012,0
506013,0
506014,0
506015,16
506016,0
506017,0
506018,0
506019,21
506020,0
506021,0
506022,0
506023,0
506024,8
506025,0
506026,0
506027,0
506028,0
506029,13
506030,0
506031,0
506032,0
506033,0
506034,0
506035,0
506036,0
506037,0
506038,15
506039,15
506040,0
506041,0
506042,0
506043,0
506044,0
506045,0
506046,0
506047,0
506048,0
506049,0
506050,0
506051,0
506052,0
506053,0
506054,0
506055,0
506056,0
506057,13
506058,9
506059,16
506060,11
506061,0
506062,0
506063,0
506064,0
506065,0
506066,0
506067,0
506068,16
506069,0
506070,0
506071,0
506072,0
506073,0
506074,0
506075,14
506076,0
506077,0
506078,0
506079,0
506080,0
506081,8
506082,0
506083,0
506084,0
506085,0
506086,0
506087,0
506088,0
506089,0
506090,19
506091,0
506092,0
506093,0
506094,22
506095,0
506096,0
506097,0
506098,22
506099,6
506100,0
506101,13
506102,0
506103,0
506104,14
506105,0
506106,0
506107,0
506108,0
506109,0
506110,0
506111,0
506112,0
506113,0
506114,12
506115,0
506116,8
506117,0
506118,0
506119,0
506120,0
506121,0
506122,0
506123,0
506124,0
506125,0
506126,0
506127,0
506128,0
506129,0
506130,0
506131,0
506132,0
506133,0
506134,0
506135,0
506136,0
506137,14
506138,0
506139,0
506140,0
506141,0
506142,0
506143,0
506144,0
506145,0
506146,19
506147,15
506148,0
506149,0
506150,0
506151,0
506152,0
506153,14
506154,0
506155,21
506156,0
506157,0
506158,0
506159,23
506160,0
506161,0
506162,0
506163,0
506164,0
506165,0
506166,7
506167,0
506168,0
506169,10
506170,0
506171,0
506172,0
506173,0
506174,18
506175,0
506176,0
506177,0
506178,0
506179,0
506180,0
506181,0
506182,0
506183,0
506184,9
506185,0
506186,0
506187,0
506188,0
506189,0
506190,0
506191,22
506192,0
506193,0
506194,0
506195,0
506196,0
506197,0
506198,0
506199,0
506200,18
506201,0
506202,0
506203,0
506204,19
506205,16
506206,0
506207,0
506208,0
506209,0
506210,0
506211,0
506212,0
506213,0
506214,0
506215,20
506216,0
506217,0
506218,0
506219,0
506220,18
506221,0
506222,12
506223,8
506224,13
506225,0
506226,0
506227,0
506228,0
506229,0
506230,0
506231,0
506232,0
506233,0
506234,0
506235,0
506236,0
506237,0
506238,0
506239,0
506240,16
506241,0
506242,16
506243,0
506244,8
506245,0
506246,21
506247,0
506248,0
506249,9
506250,0
506251,8
506252,0
506253,0
506254,0
506255,0
506256,0
506257,0
506258,0
506259,0
506260,0
506261,0
506262,0
506263,11
506264,0
506265,0
506266,0
506267,0
506268,16
506269,0
506270,0
506271,0
506272,0
506273,0
506274,0
506275,0
506276,0
506277,0
506278,15
506279,0
506280,0
506281,0
506282,0
506283,0
506284,0
506285,12
506286,0
506287,17
506288,0
506289,0
506290,0
506291,0
506292,0
506293,0
506294,17
506295,0
506296,0
506297,0
506298,0
506299,0
506300,0
506301,0
506302,0
506303,0
506304,0
506305,0
506306,0
506307,7
506308,0
506309,0
506310,0
506311,0
506312,0
506313,0
506314,0
506315,0
506316,0
506317,0
506318,0
506319,0
506320,0
506321,0
506322,0
506323,0
506324,0
506325,0
506326,0
506327,0
506328,0
506329,0
506330,0
506331,0
506332,22
506333,0
506334,0
506335,0
506336,0
506337,0
506338,0
506339,0
506340,10
506341,18
506342,0
506343,0
506344,0
506345,0
506346,0
506347,0
506348,0
506349,11
506350,0
506351,8
506352,6
506353,0
506354,10
506355,0
506356,0
506357,0
506358,26
506359,11
506360,0
506361,0
506362,0
506363,22
506364,0
506365,0
506366,0
506367,0
506368,0
506369,12
506370,0
506371,0
506372,0
506373,13
506374,0
506375,23
506376,0
506377,0
506378,0
506379,12
506380,0
506381,9
506382,0
506383,0
506384,0
506385,0
506386,8
506387,0
506388,17
506389,0
506390,0
506391,0
506392,0
506393,0
506394,0
506395,9
506396,0
506397,15
506398,12
506399,0
506400,0
506401,0
506402,0
506403,0
506404,0
506405,0
506406,0
506407,0
506408,0
506409,0
506410,0
506411,0
506412,0
506413,0
506414,0
506415,0
506416,0
506417,0
506418,0
506419,0
506420,0
506421,0
506422,0
506423,17
506424,0
506425,43
506426,0
506427,0
506428,0
506429,0
506430,0
506431,0
506432,0
506433,0
506434,0
506435,0
506436,27
506437,0
506438,0
506439,19
506440,0
506441,19
506442,0
506443,0
506444,0
506445,0
506446,0
506447,0
506448,25
506449,17
506450,0
506451,0
506452,0
506453,0
506454,0
506455,0
506456,14
506457,0
506458,0
506459,18
506460,0
506461,0
506462,0
506463,22
506464,30
506465,0
506466,19
506467,0
506468,19
506469,12
506470,0
506471,20
506472,16
506473,0
506474,0
506475,0
506476,23
506477,0
506478,0
506479,0
506480,0
506481,19
506482,0
506483,0
506484,0
506485,0
506486,0
506487,30
506488,0
506489,0
506490,0
506491,0
506492,17
506493,26
506494,0
506495,0
506496,0
506497,0
506498,25
506499,21
506500,0
506501,19
506502,0
506503,0
506504,0
506505,0
506506,0
506507,0
506508,25
506509,0
506510,0
506511,0
506512,0
506513,0
506514,14
506515,0
506516,0
506517,0
506518,0
506519,0
506520,0
506521,0
506522,0
506523,0
506524,0
506525,0
506526,16
506527,0
506528,0
506529,32
506530,0
506531,0
506532,29
506533,0
506534,0
506535,38
506536,0
506537,0
506538,0
506539,0
506540,30
506541,0
506542,19
506543,0
506544,21
506545,0
506546,21
506547,0
506548,0
506549,26
506550,29
506551,0
506552,47
506553,22
506554,33
506555,0
506556,0
506557,0
506558,32
506559,13
506560,27
506561,0
506562,0
506563,0
506564,0
506565,0
506566,0
506567,0
506568,0
506569,24
506570,0
506571,19
506572,0
506573,22
506574,0
506575,27
506576,0
506577,0
506578,0
506579,0
506580,9
506581,0
506582,0
506583,0
506584,0
506585,31
506586,0
506587,0
506588,0
506589,0
506590,0
506591,0
506592,0
506593,0
506594,0
506595,0
506596,0
506597,0
506598,0
506599,29
506600,0
506601,28
506602,0
506603,34
506604,26
506605,0
506606,0
506607,0
506608,0
506609,0
506610,15
506611,0
506612,0
506613,24
506614,0
506615,0
506616,0
506617,0
506618,0
506619,0
506620,0
506621,0
506622,0
506623,0
506624,28
506625,29
506626,0
506627,0
506628,20
506629,0
506630,0
506631,0
506632,0
506633,0
506634,0
506635,0
506636,0
506637,0
506638,15
506639,0
506640,0
506641,0
506642,0
506643,0
506644,0
506645,0
506646,0
506647,0
506648,0
506649,24
506650,0
506651,0
506652,0
506653,0
506654,0
506655,0
506656,0
506657,47
506658,0
506659,0
506660,21
506661,0
506662,14
506663,0
506664,27
506665,0
506666,0
506667,0
506668,0
506669,0
506670,30
506671,0
506672,0
506673,0
506674,0
506675,0
506676,0
506677,0
506678,14
506679,0
506680,0
506681,0
506682,0
506683,0
506684,0
506685,0
506686,0
506687,0
506688,0
506689,0
506690,0
506691,0
506692,0
506693,0
506694,0
506695,37
506696,0
506697,0
506698,44
506699,22
506700,36
506701,0
506702,0
506703,17
506704,0
506705,0
506706,32
506707,0
506708,0
506709,0
506710,0
506711,18
506712,0
506713,0
506714,0
506715,0
506716,0
506717,0
506718,0
506719,0
506720,0
506721,0
506722,0
506723,0
506724,0
506725,0
506726,0
506727,0
506728,0
506729,0
506730,0
506731,0
506732,1
506733,0
506734,0
506735,0
506736,0
506737,0
506738,0
506739,0
506740,0
506741,0
506742,0
506743,0
506744,0
506745,0
506746,0
506747,0
506748,0
506749,0
506750,0
506751,0
506752,0
506753,0
506754,0
506755,0
506756,1
506757,0
506758,0
506759,0
506760,0
506761,0
506762,0
506763,0
506764,0
506765,0
506766,0
506767,0
506768,0
506769,0
506770,0
506771,0
506772,0
506773,0
506774,0
506775,0
506776,0
506777,0
506778,0
506779,0
506780,0
506781,0
506782,0
506783,0
506784,0
506785,0
506786,0
506787,0
506788,0
506789,0
506790,0
506791,0
506792,0
506793,0
506794,0
506795,0
506796,0
506797,0
506798,0
506799,0
506800,0
506801,0
506802,0
506803,0
506804,0
506805,0
506806,0
506807,0
506808,0
506809,0
506810,1
506811,0
506812,0
506813,0
506814,0
506815,0
506816,0
506817,0
506818,0
506819,0
506820,0
506821,0
506822,0
506823,0
506824,0
506825,0
506826,0
506827,0
506828,0
506829,0
506830,0
506831,0
506832,0
506833,0
506834,0
506835,0
506836,0
506837,0
506838,0
506839,0
506840,0
506841,0
506842,0
506843,0
506844,0
506845,0
506846,0
506847,0
506848,0
506849,0
506850,0
506851,0
506852,0
506853,0
506854,0
506855,0
506856,0
506857,0
506858,0
506859,0
506860,0
506861,0
506862,0
506863,0
506864,0
506865,0
506866,0
506867,0
506868,1
506869,0
506870,0
506871,0
506872,0
506873,0
506874,0
506875,0
506876,0
506877,0
506878,0
506879,0
506880,0
506881,0
506882,0
506883,0
506884,0
506885,0
506886,0
506887,0
506888,0
506889,0
506890,0
506891,0
506892,0
506893,0
506894,0
506895,0
506896,0
506897,0
506898,0
506899,0
506900,0
506901,0
506902,0
506903,0
506904,0
506905,0
506906,0
506907,0
506908,0
506909,0
506910,0
506911,0
506912,0
506913,0
506914,0
506915,0
506916,0
506917,0
506918,0
506919,0
506920,0
506921,0
506922,0
506923,0
506924,0
506925,0
506926,0
506927,0
506928,0
506929,0
506930,0
506931,0
506932,0
506933,0
506934,0
506935,0
506936,0
506937,0
506938,0
506939,0
506940,0
506941,0
506942,0
506943,0
506944,0
506945,0
506946,0
506947,0
506948,0
506949,0
506950,0
506951,1
506952,0
506953,0
506954,0
506955,0
506956,0
506957,0
506958,0
506959,0
506960,0
506961,0
506962,0
506963,0
506964,0
506965,0
506966,0
506967,0
506968,0
506969,0
506970,0
506971,0
506972,0
506973,0
506974,0
506975,0
506976,0
506977,0
506978,0
506979,0
506980,0
506981,0
506982,1
506983,0
506984,0
506985,0
506986,0
506987,0
506988,0
506989,0
506990,0
506991,0
506992,0
506993,0
506994,0
506995,0
506996,0
506997,0
506998,0
506999,0
507000,0
507001,0
507002,0
507003,0
507004,0
507005,0
507006,0
507007,0
507008,0
507009,0
507010,0
507011,0
507012,0
507013,0
507014,0
507015,0
507016,0
507017,0
507018,0
507019,0
507020,0
507021,0
507022,0
507023,0
507024,0
507025,0
507026,0
507027,1
507028,0
507029,0
507030,0
507031,0
507032,0
507033,0
507034,0
507035,0
507036,0
507037,0
507038,0
507039,0
507040,0
507041,0
507042,1
507043,0
507044,0
507045,0
507046,0
507047,0
507048,0
507049,0
507050,0
507051,0
507052,0
507053,0
507054,0
507055,0
507056,0
507057,0
507058,0
507059,0
507060,0
507061,0
507062,1
507063,0
507064,0
507065,0
507066,0
507067,0
507068,0
507069,0
507070,0
507071,0
507072,0
507073,0
507074,0
507075,0
507076,0
507077,0
507078,0
507079,0
507080,0
507081,0
507082,0
507083,0
507084,0
507085,0
507086,0
507087,0
507088,0
507089,0
507090,0
507091,0
507092,0
507093,0
507094,0
507095,0
507096,0
507097,0
507098,0
507099,0
507100,0
507101,0
507102,0
507103,0
507104,0
507105,0
507106,0
507107,0
507108,0
507109,0
507110,0
507111,0
507112,0
507113,0
507114,0
507115,0
507116,0
507117,0
507118,0
507119,0
507120,0
507121,0
507122,0
507123,0
507124,0
507125,0
507126,0
507127,0
507128,0
507129,0
507130,0
507131,0
507132,0
507133,0
507134,0
507135,0
507136,0
507137,0
507138,0
507139,0
507140,0
507141,0
507142,0
507143,0
507144,0
507145,1
507146,0
507147,0
507148,0
507149,0
507150,0
507151,0
507152,0
507153,0
507154,0
507155,0
507156,0
507157,0
507158,0
507159,0
507160,0
507161,0
507162,0
507163,0
507164,0
507165,0
507166,0
507167,0
507168,0
507169,0
507170,0
507171,0
507172,0
507173,0
507174,0
507175,0
507176,0
507177,0
507178,0
507179,0
507180,0
507181,0
507182,0
507183,0
507184,0
507185,0
507186,0
507187,0
507188,0
507189,0
507190,0
507191,0
507192,0
507193,0
507194,0
507195,0
507196,0
507197,0
507198,0
507199,0
507200,0
507201,0
507202,0
507203,0
507204,0
507205,0
507206,0
507207,0
507208,0
507209,0
507210,0
507211,0
507212,0
507213,0
507214,1
507215,0
507216,0
507217,0
507218,0
507219,0
507220,0
507221,0
507222,0
507223,0
507224,0
507225,0
507226,0
507227,0
507228,0
507229,0
507230,0
507231,0
507232,0
507233,0
507234,0
507235,0
507236,0
507237,0
507238,0
507239,0
507240,0
507241,0
507242,0
507243,0
507244,0
507245,0
507246,0
507247,0
507248,0
507249,0
507250,0
507251,0
507252,0
507253,0
507254,0
507255,0
507256,0
507257,0
507258,0
507259,0
507260,0
507261,0
507262,0
507263,0
507264,0
507265,0
507266,0
507267,0
507268,0
507269,0
507270,0
507271,0
507272,0
507273,0
507274,0
507275,0
507276,0
507277,0
507278,0
507279,0
507280,0
507281,0
507282,0
507283,0
507284,0
507285,0
507286,0
507287,0
507288,0
507289,0
507290,0
507291,0
507292,0
507293,0
507294,0
507295,0
507296,0
507297,0
507298,0
507299,0
507300,0
507301,0
507302,0
507303,0
507304,0
507305,0
507306,0
507307,0
507308,0
507309,0
507310,0
507311,0
507312,0
507313,0
507314,0
507315,0
507316,0
507317,0
507318,0
507319,0
507320,0
507321,0
507322,0
507323,0
507324,1
507325,0
507326,0
507327,0
507328,0
507329,0
507330,0
507331,0
507332,0
507333,0
507334,0
507335,0
507336,0
507337,0
507338,0
507339,0
507340,0
507341,0
507342,0
507343,0
507344,0
507345,0
507346,0
507347,0
507348,0
507349,0
507350,0
507351,0
507352,0
507353,0
507354,0
507355,0
507356,0
507357,0
507358,0
507359,0
507360,0
507361,0
507362,0
507363,0
507364,0
507365,0
507366,0
507367,0
507368,0
507369,0
507370,0
507371,0
507372,0
507373,0
507374,0
507375,0
507376,0
507377,0
507378,0
507379,0
507380,0
507381,0
507382,0
507383,0
507384,0
507385,0
507386,0
507387,0
507388,0
507389,0
507390,0
507391,0
507392,0
507393,0
507394,0
507395,0
507396,0
507397,0
507398,0
507399,0
507400,0
507401,0
507402,0
507403,0
507404,0
507405,0
507406,0
507407,0
507408,0
507409,0
507410,0
507411,0
507412,0
507413,0
507414,0
507415,0
507416,0
507417,0
507418,0
507419,0
507420,0
507421,0
507422,0
507423,0
507424,0
507425,0
507426,0
507427,0
507428,0
507429,0
507430,0
507431,0
507432,0
507433,0
507434,0
507435,0
507436,0
507437,0
507438,0
507439,0
507440,0
507441,0
507442,0
507443,0
507444,0
507445,0
507446,0
507447,0
507448,0
507449,0
507450,0
507451,0
507452,0
507453,0
507454,0
507455,0
507456,0
507457,0
507458,0
507459,0
507460,0
507461,0
507462,0
507463,0
507464,0
507465,0
507466,0
507467,0
507468,0
507469,0
507470,0
507471,0
507472,0
507473,0
507474,0
507475,0
507476,0
507477,0
507478,0
507479,0
507480,0
507481,0
507482,1
507483,0
507484,0
507485,0
507486,0
507487,0
507488,0
507489,0
507490,0
507491,0
507492,0
507493,0
507494,0
507495,0
507496,0
507497,0
507498,0
507499,0
507500,0
507501,0
507502,1
507503,0
507504,0
507505,0
507506,0
507507,0
507508,0
507509,0
507510,0
507511,0
507512,0
507513,0
507514,0
507515,0
507516,0
507517,0
507518,0
507519,0
507520,0
507521,0
507522,0
507523,0
507524,0
507525,0
507526,0
507527,0
507528,0
507529,0
507530,0
507531,0
507532,0
507533,0
507534,0
507535,0
507536,0
507537,0
507538,0
507539,0
507540,0
507541,0
507542,0
507543,0
507544,0
507545,0
507546,0
507547,0
507548,0
507549,0
507550,0
507551,0
507552,0
507553,0
507554,0
507555,0
507556,0
507557,0
507558,0
507559,0
507560,0
507561,0
507562,0
507563,0
507564,0
507565,0
507566,0
507567,0
507568,0
507569,0
507570,0
507571,0
507572,0
507573,0
507574,0
507575,1
507576,0
507577,0
507578,0
507579,0
507580,0
507581,0
507582,0
507583,0
507584,0
507585,0
507586,0
507587,0
507588,0
507589,0
507590,0
507591,0
507592,0
507593,0
507594,0
507595,0
507596,0
507597,0
507598,0
507599,0
507600,0
507601,0
507602,0
507603,0
507604,0
507605,0
507606,0
507607,0
507608,0
507609,0
507610,0
507611,0
507612,0
507613,0
507614,0
507615,0
507616,0
507617,0
507618,0
507619,0
507620,0
507621,0
507622,0
507623,0
507624,0
507625,0
507626,0
507627,0
507628,0
507629,0
507630,0
507631,0
507632,0
507633,0
507634,0
507635,0
507636,0
507637,0
507638,17
507639,0
507640,29
507641,0
507642,0
507643,22
507644,0
507645,0
507646,0
507647,0
507648,0
507649,0
507650,21
507651,0
507652,0
507653,0
507654,30
507655,0
507656,19
507657,27
507658,0
507659,0
507660,0
507661,0
507662,0
507663,0
507664,0
507665,0
507666,0
507667,0
507668,0
507669,0
507670,0
507671,0
507672,20
507673,0
507674,0
507675,0
507676,0
507677,26
507678,0
507679,0
507680,0
507681,0
507682,21
507683,0
507684,28
507685,0
507686,28
507687,0
507688,0
507689,0
507690,0
507691,0
507692,0
507693,0
507694,26
507695,0
507696,22
507697,23
507698,0
507699,20
507700,0
507701,0
507702,0
507703,34
507704,17
507705,0
507706,0
507707,0
507708,0
507709,0
507710,0
507711,0
507712,0
507713,0
507714,0
507715,0
507716,0
507717,0
507718,0
507719,0
507720,0
507721,0
507722,0
507723,0
507724,24
507725,0
507726,0
507727,0
507728,0
507729,20
507730,0
507731,0
507732,18
507733,0
507734,0
507735,0
507736,0
507737,0
507738,20
507739,0
507740,23
507741,0
507742,0
507743,0
507744,0
507745,0
507746,0
507747,0
507748,0
507749,24
507750,0
507751,0
507752,0
507753,0
507754,0
507755,0
507756,0
507757,0
507758,0
507759,0
507760,0
507761,19
507762,25
507763,0
507764,0
507765,0
507766,0
507767,0
507768,14
507769,0
507770,0
507771,0
507772,0
507773,0
507774,0
507775,0
507776,30
507777,0
507778,0
507779,0
507780,23
507781,0
507782,16
507783,0
507784,0
507785,28
507786,0
507787,0
507788,0
507789,0
507790,26
507791,0
507792,0
507793,0
507794,0
507795,0
507796,0
507797,29
507798,0
507799,0
507800,11
507801,0
507802,0
507803,0
507804,19
507805,21
507806,31
507807,0
507808,0
507809,0
507810,0
507811,15
507812,0
507813,0
507814,0
507815,0
507816,27
507817,15
507818,25
507819,15
507820,0
507821,23
507822,0
507823,0
507824,23
507825,20
507826,0
507827,28
507828,41
507829,0
507830,0
507831,32
507832,0
507833,0
507834,20
507835,0
507836,22
507837,33
507838,39
507839,23
507840,0
507841,10
507842,27
507843,0
507844,0
507845,29
507846,19
507847,0
507848,0
507849,0
507850,28
507851,0
507852,0
507853,20
507854,0
507855,0
507856,0
507857,0
507858,36
507859,0
507860,14
507861,0
507862,0
507863,28
507864,28
507865,29
507866,0
507867,0
507868,29
507869,0
507870,0
507871,0
507872,0
507873,0
507874,21
507875,0
507876,0
507877,19
507878,0
507879,0
507880,0
507881,0
507882,0
507883,0
507884,23
507885,0
507886,0
507887,0
507888,32
507889,0
507890,0
507891,0
507892,0
507893,0
507894,0
507895,0
507896,0
507897,0
507898,0
507899,0
507900,0
507901,0
507902,0
507903,0
507904,0
507905,0
507906,0
507907,0
507908,24
507909,0
507910,0
507911,0
507912,26
507913,0
507914,0
507915,0
507916,0
507917,0
507918,29
507919,0
507920,0
507921,0
507922,0
507923,0
507924,22
507925,0
507926,0
507927,0
507928,0
507929,24
507930,0
507931,21
507932,34
507933,17
507934,0
507935,0
507936,0
507937,0
507938,0
507939,0
507940,0
507941,22
507942,0
507943,0
507944,36
507945,11
507946,0
507947,33
507948,0
507949,24
507950,0
507951,0
507952,30
507953,28
507954,0
507955,27
507956,0
507957,0
507958,0
507959,0
507960,0
507961,0
507962,0
507963,0
507964,0
507965,0
507966,0
507967,0
507968,0
507969,0
507970,28
507971,0
507972,0
507973,0
507974,28
507975,0
507976,0
507977,0
507978,0
507979,0
507980,21
507981,0
507982,21
507983,0
507984,0
507985,0
507986,29
507987,0
507988,0
507989,27
507990,0
507991,0
507992,28
507993,0
507994,0
507995,0
507996,16
507997,0
507998,26
507999,0
508000,0
508001,0
508002,0
508003,0
508004,0
508005,0
508006,0
508007,0
508008,0
508009,23
508010,0
508011,26
508012,0
508013,0
508014,17
508015,0
508016,0
508017,0
508018,0
508019,25
508020,0
508021,0
508022,0
508023,0
508024,0
508025,20
508026,19
508027,28
508028,0
508029,0
508030,0
508031,0
508032,16
508033,0
508034,19
508035,0
508036,0
508037,0
508038,0
508039,22
508040,0
508041,0
508042,0
508043,0
508044,0
508045,0
508046,0
508047,24
508048,0
508049,0
508050,0
508051,0
508052,27
508053,23
508054,0
508055,0
508056,0
508057,0
508058,0
508059,0
508060,0
508061,24
508062,0
508063,0
508064,0
508065,0
508066,26
508067,0
508068,0
508069,0
508070,0
508071,22
508072,0
508073,0
508074,0
508075,32
508076,25
508077,0
508078,0
508079,0
508080,0
508081,0
508082,0
508083,0
508084,0
508085,0
508086,0
508087,0
508088,0
508089,0
508090,0
508091,0
508092,0
508093,0
508094,31
508095,0
508096,19
508097,0
508098,0
508099,27
508100,0
508101,0
508102,0
508103,0
508104,0
508105,0
508106,0
508107,34
508108,0
508109,0
508110,29
508111,0
508112,0
508113,14
508114,0
508115,0
508116,0
508117,0
508118,0
508119,17
508120,22
508121,22
508122,0
508123,0
508124,0
508125,10
508126,0
508127,0
508128,26
508129,0
508130,0
508131,0
508132,0
508133,0
508134,0
508135,0
508136,0
508137,0
508138,0
508139,0
508140,0
508141,28
508142,0
508143,0
508144,0
508145,36
508146,0
508147,0
508148,0
508149,0
508150,0
508151,22
508152,0
508153,0
508154,17
508155,0
508156,29
508157,0
508158,25
508159,0
508160,0
508161,33
508162,0
508163,0
508164,24
508165,31
508166,0
508167,0
508168,0
508169,0
508170,0
508171,0
508172,0
508173,34
508174,0
508175,24
508176,0
508177,0
508178,0
508179,28
508180,0
508181,0
508182,29
508183,0
508184,0
508185,0
508186,0
508187,20
508188,0
508189,0
508190,0
508191,0
508192,0
508193,0
508194,24
508195,0
508196,0
508197,0
508198,28
508199,39
508200,27
508201,0
508202,18
508203,16
508204,0
508205,0
508206,23
508207,0
508208,0
508209,23
508210,0
508211,22
508212,29
508213,0
508214,0
508215,24
508216,0
508217,23
508218,18
508219,0
508220,0
508221,0
508222,0
508223,31
508224,0
508225,0
508226,18
508227,0
508228,0
508229,0
508230,0
508231,0
508232,0
508233,0
508234,0
508235,0
508236,14
508237,0
508238,25
508239,0
508240,0
508241,0
508242,37
508243,0
508244,0
508245,0
508246,0
508247,0
508248,27
508249,0
508250,0
508251,0
508252,0
508253,0
508254,0
508255,0
508256,27
508257,0
508258,0
508259,37
508260,23
508261,0
508262,0
508263,0
508264,27
508265,0
508266,0
508267,0
508268,20
508269,0
508270,0
508271,0
508272,0
508273,0
508274,0
508275,0
508276,0
508277,0
508278,0
508279,26
508280,0
508281,0
508282,27
508283,0
508284,0
508285,31
508286,0
508287,0
508288,25
508289,0
508290,0
508291,0
508292,0
508293,0
508294,0
508295,0
508296,11
508297,27
508298,0
508299,0
508300,0
508301,24
508302,0
508303,0
508304,0
508305,0
508306,0
508307,0
508308,18
508309,0
508310,0
508311,0
508312,25
508313,31
508314,0
508315,0
508316,0
508317,0
508318,0
508319,0
508320,0
508321,25
508322,0
508323,0
508324,0
508325,0
508326,0
508327,0
508328,0
508329,23
508330,0
508331,0
508332,21
508333,0
508334,0
508335,0
508336,0
508337,0
508338,0
508339,0
508340,0
508341,0
508342,0
508343,0
508344,0
508345,0
508346,0
508347,0
508348,0
508349,0
508350,0
508351,0
508352,32
508353,0
508354,0
508355,21
508356,0
508357,0
508358,0
508359,26
508360,0
508361,0
508362,0
508363,0
508364,0
508365,0
508366,0
508367,0
508368,0
508369,0
508370,0
508371,0
508372,0
508373,0
508374,0
508375,0
508376,0
508377,0
508378,0
508379,0
508380,0
508381,0
508382,0
508383,0
508384,0
508385,0
508386,12
508387,0
508388,0
508389,0
508390,0
508391,0
508392,0
508393,0
508394,0
508395,0
508396,0
508397,19
508398,0
508399,0
508400,0
508401,0
508402,0
508403,0
508404,0
508405,0
508406,0
508407,0
508408,0
508409,0
508410,0
508411,0
508412,0
508413,0
508414,0
508415,0
508416,0
508417,17
508418,0
508419,0
508420,0
508421,0
508422,0
508423,0
508424,0
508425,0
508426,0
508427,0
508428,0
508429,0
508430,13
508431,0
508432,0
508433,0
508434,15
508435,0
508436,0
508437,0
508438,0
508439,0
508440,0
508441,0
508442,0
508443,0
508444,0
508445,0
508446,0
508447,0
508448,0
508449,0
508450,0
508451,0
508452,0
508453,0
508454,0
508455,6
508456,0
508457,0
508458,0
508459,0
508460,0
508461,0
508462,0
508463,0
508464,0
508465,0
508466,0
508467,0
508468,23
508469,0
508470,0
508471,0
508472,14
508473,0
508474,0
508475,0
508476,0
508477,0
508478,21
508479,0
508480,0
508481,0
508482,0
508483,0
508484,0
508485,0
508486,0
508487,0
508488,0
508489,0
508490,0
508491,0
508492,0
508493,0
508494,0
508495,0
508496,0
508497,0
508498,0
508499,0
508500,0
508501,0
508502,0
508503,0
508504,0
508505,0
508506,0
508507,0
508508,0
508509,0
508510,0
508511,0
508512,0
508513,0
508514,0
508515,0
508516,0
508517,0
508518,19
508519,14
508520,0
508521,0
508522,0
508523,0
508524,0
508525,0
508526,0
508527,0
508528,0
508529,0
508530,0
508531,0
508532,0
508533,0
508534,0
508535,0
508536,0
508537,0
508538,0
508539,0
508540,0
508541,14
508542,0
508543,0
508544,0
508545,0
508546,0
508547,0
508548,0
508549,0
508550,0
508551,0
508552,0
508553,0
508554,0
508555,0
508556,0
508557,0
508558,0
508559,0
508560,0
508561,0
508562,0
508563,0
508564,0
508565,16
508566,0
508567,0
508568,0
508569,0
508570,0
508571,0
508572,0
508573,0
508574,0
508575,0
508576,0
508577,0
508578,0
508579,0
508580,0
508581,0
508582,0
508583,0
508584,0
508585,0
508586,16
508587,0
508588,0
508589,0
508590,0
508591,0
508592,0
508593,0
508594,12
508595,0
508596,0
508597,0
508598,0
508599,0
508600,0
508601,0
508602,0
508603,0
508604,14
508605,0
508606,0
508607,0
508608,0
508609,0
508610,0
508611,0
508612,0
508613,0
508614,0
508615,0
508616,0
508617,0
508618,0
508619,0
508620,0
508621,0
508622,0
508623,0
508624,0
508625,0
508626,0
508627,0
508628,0
508629,0
508630,0
508631,0
508632,0
508633,0
508634,0
508635,0
508636,0
508637,0
508638,0
508639,0
508640,0
508641,0
508642,0
508643,0
508644,0
508645,0
508646,0
508647,0
508648,0
508649,0
508650,0
508651,0
508652,0
508653,0
508654,0
508655,0
508656,0
508657,0
508658,0
508659,0
508660,0
508661,0
508662,0
508663,0
508664,0
508665,0
508666,0
508667,0
508668,0
508669,0
508670,0
508671,0
508672,0
508673,0
508674,0
508675,0
508676,0
508677,0
508678,0
508679,0
508680,0
508681,1
508682,0
508683,0
508684,0
508685,0
508686,0
508687,0
508688,0
508689,0
508690,0
508691,0
508692,0
508693,0
508694,0
508695,0
508696,0
508697,0
508698,0
508699,0
508700,0
508701,0
508702,0
508703,0
508704,0
508705,0
508706,0
508707,0
508708,0
508709,0
508710,0
508711,0
508712,0
508713,0
508714,0
508715,0
508716,0
508717,0
508718,0
508719,0
508720,0
508721,0
508722,0
508723,0
508724,0
508725,0
508726,0
508727,0
508728,0
508729,0
508730,0
508731,0
508732,0
508733,0
508734,0
508735,0
508736,0
508737,0
508738,0
508739,0
508740,0
508741,0
508742,0
508743,0
508744,0
508745,0
508746,0
508747,0
508748,0
508749,0
508750,0
508751,0
508752,0
508753,0
508754,0
508755,0
508756,0
508757,0
508758,0
508759,0
508760,0
508761,0
508762,0
508763,0
508764,0
508765,0
508766,0
508767,0
508768,0
508769,0
508770,0
508771,0
508772,0
508773,0
508774,0
508775,0
508776,0
508777,0
508778,0
508779,0
508780,0
508781,0
508782,0
508783,0
508784,0
508785,0
508786,0
508787,0
508788,0
508789,0
508790,0
508791,0
508792,0
508793,0
508794,0
508795,0
508796,0
508797,0
508798,0
508799,0
508800,0
508801,0
508802,0
508803,0
508804,0
508805,0
508806,0
508807,0
508808,0
508809,0
508810,0
508811,0
508812,0
508813,0
508814,0
508815,0
508816,0
508817,0
508818,0
508819,0
508820,0
508821,0
508822,0
508823,0
508824,0
508825,0
508826,0
508827,0
508828,0
508829,0
508830,0
508831,0
508832,0
508833,0
508834,0
508835,0
508836,0
508837,0
508838,0
508839,1
508840,0
508841,0
508842,0
508843,0
508844,0
508845,0
508846,0
508847,0
508848,0
508849,0
508850,0
508851,0
508852,0
508853,0
508854,0
508855,0
508856,0
508857,0
508858,0
508859,0
508860,0
508861,0
508862,0
508863,0
508864,0
508865,0
508866,0
508867,0
508868,0
508869,0
508870,0
508871,0
508872,0
508873,0
508874,0
508875,0
508876,0
508877,0
508878,0
508879,0
508880,0
508881,0
508882,0
508883,0
508884,0
508885,0
508886,0
508887,0
508888,0
508889,0
508890,0
508891,0
508892,0
508893,0
508894,0
508895,0
508896,0
508897,0
508898,0
508899,0
508900,0
508901,0
508902,0
508903,0
508904,0
508905,0
508906,0
508907,0
508908,0
508909,0
508910,0
508911,0
508912,0
508913,0
508914,0
508915,0
508916,0
508917,0
508918,0
508919,0
508920,0
508921,0
508922,0
508923,0
508924,0
508925,0
508926,0
508927,0
508928,0
508929,0
508930,0
508931,0
508932,0
508933,0
508934,0
508935,0
508936,0
508937,0
508938,0
508939,1
508940,0
508941,0
508942,0
508943,0
508944,0
508945,0
508946,0
508947,0
508948,0
508949,0
508950,0
508951,0
508952,0
508953,0
508954,0
508955,0
508956,0
508957,0
508958,0
508959,0
508960,0
508961,0
508962,0
508963,0
508964,0
508965,0
508966,0
508967,0
508968,0
508969,0
508970,0
508971,0
508972,0
508973,0
508974,0
508975,0
508976,0
508977,0
508978,0
508979,0
508980,0
508981,0
508982,0
508983,0
508984,0
508985,0
508986,0
508987,0
508988,0
508989,0
508990,0
508991,0
508992,0
508993,1
508994,0
508995,0
508996,1
508997,0
508998,0
508999,0
509000,0
509001,0
509002,0
509003,0
509004,0
509005,0
509006,0
509007,0
509008,0
509009,0
509010,0
509011,0
509012,0
509013,0
509014,0
509015,0
509016,0
509017,0
509018,0
509019,0
509020,0
509021,0
509022,0
509023,0
509024,0
509025,0
509026,0
509027,0
509028,0
509029,0
509030,0
509031,0
509032,0
509033,0
509034,0
509035,0
509036,0
509037,0
509038,0
509039,0
509040,0
509041,0
509042,0
509043,0
509044,0
509045,0
509046,0
509047,0
509048,0
509049,0
509050,0
509051,0
509052,0
509053,0
509054,0
509055,0
509056,0
509057,0
509058,0
509059,0
509060,0
509061,0
509062,0
509063,0
509064,0
509065,0
509066,0
509067,0
509068,0
509069,0
509070,0
509071,0
509072,0
509073,0
509074,0
509075,0
509076,0
509077,0
509078,0
509079,0
509080,0
509081,0
509082,0
509083,0
509084,0
509085,0
509086,0
509087,0
509088,0
509089,0
509090,0
509091,0
509092,0
509093,0
509094,0
509095,0
509096,0
509097,0
509098,0
509099,0
509100,0
509101,0
509102,0
509103,0
509104,0
509105,0
509106,0
509107,0
509108,0
509109,0
509110,0
509111,0
509112,0
509113,0
509114,0
509115,0
509116,0
509117,0
509118,0
509119,0
509120,0
509121,0
509122,0
509123,0
509124,0
509125,0
509126,0
509127,0
509128,0
509129,0
509130,0
509131,1
509132,0
509133,0
509134,0
509135,0
509136,0
509137,0
509138,0
509139,0
509140,0
509141,0
509142,0
509143,0
509144,0
509145,0
509146,0
509147,0
509148,0
509149,0
509150,0
509151,0
509152,0
509153,0
509154,0
509155,0
509156,0
509157,0
509158,0
509159,0
509160,0
509161,0
509162,0
509163,0
509164,0
509165,0
509166,0
509167,0
509168,0
509169,0
509170,0
509171,0
509172,0
509173,0
509174,0
509175,0
509176,0
509177,0
509178,0
509179,0
509180,0
509181,0
509182,0
509183,0
509184,0
509185,0
509186,0
509187,0
509188,0
509189,0
509190,0
509191,0
509192,0
509193,0
509194,0
509195,0
509196,0
509197,0
509198,0
509199,0
509200,0
509201,0
509202,0
509203,0
509204,0
509205,0
509206,0
509207,0
509208,0
509209,0
509210,0
509211,0
509212,0
509213,0
509214,0
509215,0
509216,0
509217,0
509218,0
509219,0
509220,0
509221,0
509222,0
509223,0
509224,0
509225,0
509226,0
509227,0
509228,0
509229,0
509230,0
509231,0
509232,0
509233,0
509234,0
509235,0
509236,0
509237,0
509238,0
509239,0
509240,0
509241,0
509242,0
509243,0
509244,0
509245,0
509246,0
509247,0
509248,0
509249,0
509250,0
509251,0
509252,0
509253,0
509254,0
509255,0
509256,0
509257,0
509258,0
509259,0
509260,0
509261,0
509262,0
509263,0
509264,0
509265,0
509266,0
509267,0
509268,0
509269,0
509270,0
509271,0
509272,0
509273,0
509274,0
509275,0
509276,0
509277,0
509278,0
509279,0
509280,0
509281,0
509282,0
509283,0
509284,0
509285,0
509286,0
509287,0
509288,0
509289,0
509290,0
509291,0
509292,0
509293,0
509294,0
509295,0
509296,0
509297,0
509298,0
509299,0
509300,0
509301,0
509302,0
509303,0
509304,0
509305,0
509306,0
509307,0
509308,0
509309,0
509310,0
509311,0
509312,0
509313,0
509314,0
509315,0
509316,0
509317,0
509318,0
509319,0
509320,0
509321,0
509322,0
509323,0
509324,0
509325,0
509326,0
509327,0
509328,0
509329,0
509330,0
509331,0
509332,0
509333,0
509334,0
509335,0
509336,0
509337,0
509338,0
509339,0
509340,0
509341,0
509342,0
509343,0
509344,0
509345,0
509346,0
509347,1
509348,0
509349,0
509350,0
509351,0
509352,0
509353,0
509354,0
509355,0
509356,0
509357,0
509358,0
509359,0
509360,0
509361,0
509362,0
509363,0
509364,0
509365,0
509366,0
509367,0
509368,0
509369,0
509370,0
509371,0
509372,0
509373,0
509374,0
509375,0
509376,0
509377,0
509378,0
509379,0
509380,0
509381,0
509382,0
509383,0
509384,0
509385,0
509386,0
509387,0
509388,0
509389,0
509390,0
509391,0
509392,0
509393,0
509394,0
509395,0
509396,0
509397,0
509398,0
509399,0
509400,0
509401,0
509402,0
509403,0
509404,0
509405,0
509406,0
509407,0
509408,0
509409,0
509410,0
509411,0
509412,0
509413,0
509414,0
509415,0
509416,0
509417,0
509418,0
509419,0
509420,0
509421,0
509422,0
509423,0
509424,0
509425,0
509426,0
509427,0
509428,0
509429,0
509430,0
509431,0
509432,0
509433,0
509434,0
509435,0
509436,0
509437,0
509438,0
509439,0
509440,0
509441,0
509442,0
509443,0
509444,0
509445,0
509446,0
509447,0
509448,0
509449,0
509450,0
509451,0
509452,0
509453,0
509454,0
509455,0
509456,0
509457,0
509458,0
509459,0
509460,0
509461,0
509462,0
509463,0
509464,0
509465,0
509466,0
509467,0
509468,0
509469,0
509470,0
509471,0
509472,0
509473,0
509474,0
509475,0
509476,0
509477,0
509478,0
509479,0
509480,0
509481,0
509482,0
509483,0
509484,0
509485,0
509486,0
509487,0
509488,0
509489,0
509490,0
509491,0
509492,0
509493,0
509494,0
509495,0
509496,0
509497,0
509498,0
509499,0
509500,0
509501,0
509502,0
509503,0
509504,0
509505,0
509506,0
509507,0
509508,0
509509,0
509510,0
509511,0
509512,0
509513,0
509514,0
509515,0
509516,0
509517,0
509518,0
509519,0
509520,0
509521,0
509522,0
509523,0
509524,0
509525,0
509526,0
509527,0
509528,0
509529,0
509530,0
509531,0
509532,0
509533,0
509534,0
509535,0
509536,0
509537,0
509538,0
509539,0
509540,0
509541,0
509542,0
509543,0
509544,0
509545,0
509546,0
509547,0
509548,0
509549,0
509550,0
509551,0
509552,0
509553,0
509554,0
509555,0
509556,0
509557,0
509558,0
509559,0
509560,0
509561,0
509562,0
509563,0
509564,0
509565,0
509566,0
509567,0
509568,0
509569,0
509570,0
509571,0
509572,0
509573,0
509574,0
509575,0
509576,0
509577,0
509578,0
509579,0
509580,0
509581,0
509582,0
509583,0
509584,0
509585,0
509586,0
509587,0
509588,0
509589,0
509590,0
509591,0
509592,0
509593,0
509594,0
509595,0
509596,0
509597,0
509598,0
509599,0
509600,0
509601,0
509602,0
509603,0
509604,0
509605,0
509606,0
509607,0
509608,0
509609,0
509610,0
509611,0
509612,0
509613,0
509614,0
509615,0
509616,0
509617,0
509618,0
509619,0
509620,0
509621,0
509622,0
509623,0
509624,0
509625,0
509626,0
509627,0
509628,0
509629,0
509630,0
509631,0
509632,0
509633,0
509634,0
509635,0
509636,0
509637,0
509638,0
509639,0
509640,0
509641,0
509642,0
509643,0
509644,0
509645,0
509646,0
509647,0
509648,0
509649,0
509650,0
509651,0
509652,0
509653,0
509654,0
509655,0
509656,0
509657,0
509658,0
509659,0
509660,0
509661,0
509662,0
509663,0
509664,0
509665,0
509666,0
509667,0
509668,0
509669,0
509670,0
509671,0
509672,0
509673,0
509674,0
509675,0
509676,0
509677,0
509678,0
509679,0
509680,0
509681,0
509682,0
509683,0
509684,0
509685,0
509686,0
509687,0
509688,0
509689,0
509690,0
509691,0
509692,0
509693,0
509694,0
509695,0
509696,0
509697,0
509698,0
509699,0
509700,0
509701,0
509702,0
509703,0
509704,0
509705,0
509706,0
509707,0
509708,0
509709,0
509710,0
509711,0
509712,0
509713,0
509714,0
509715,0
509716,0
509717,0
509718,0
509719,0
509720,0
509721,0
509722,0
509723,0
509724,0
509725,0
509726,0
509727,0
509728,0
509729,0
509730,0
509731,0
509732,0
509733,0
509734,0
509735,0
509736,0
509737,0
509738,0
509739,0
509740,0
509741,0
509742,0
509743,0
509744,0
509745,0
509746,0
509747,0
509748,0
509749,0
509750,0
509751,0
509752,0
509753,0
509754,0
509755,0
509756,0
509757,0
509758,0
509759,0
509760,0
509761,0
509762,0
509763,0
509764,0
509765,0
509766,0
509767,0
509768,0
509769,0
509770,0
509771,0
509772,0
509773,0
509774,0
509775,0
509776,0
509777,0
509778,0
509779,0
509780,0
509781,0
509782,0
509783,0
509784,0
509785,0
509786,0
509787,0
509788,0
509789,0
509790,0
509791,0
509792,0
509793,0
509794,0
509795,0
509796,0
509797,0
509798,0
509799,0
509800,0
509801,0
509802,0
509803,0
509804,0
509805,0
509806,0
509807,0
509808,0
509809,0
509810,0
509811,0
509812,0
509813,0
509814,0
509815,0
509816,0
509817,0
509818,0
509819,0
509820,0
509821,0
509822,0
509823,0
509824,0
509825,0
509826,0
509827,0
509828,0
509829,0
509830,0
509831,0
509832,0
509833,0
509834,0
509835,0
509836,0
509837,0
509838,0
509839,0
509840,0
509841,0
509842,0
509843,0
509844,0
509845,0
509846,0
509847,0
509848,0
509849,0
509850,0
509851,0
509852,0
509853,0
509854,0
509855,0
509856,0
509857,0
509858,0
509859,0
509860,0
509861,0
509862,0
509863,0
509864,0
509865,0
509866,0
509867,0
509868,0
509869,0
509870,24
509871,0
509872,0
509873,0
509874,0
509875,0
509876,0
509877,0
509878,0
509879,24
509880,0
509881,0
509882,0
509883,0
509884,0
509885,19
509886,0
509887,0
509888,0
509889,0
509890,0
509891,0
509892,26
509893,0
509894,0
509895,0
509896,0
509897,31
509898,0
509899,0
509900,0
509901,0
509902,0
509903,0
509904,0
509905,0
509906,0
509907,0
509908,0
509909,0
509910,0
509911,0
509912,0
509913,0
509914,0
509915,29
509916,0
509917,0
509918,0
509919,30
509920,0
509921,32
509922,24
509923,0
509924,0
509925,0
509926,0
509927,42
509928,0
509929,0
509930,0
509931,0
509932,0
509933,0
509934,0
509935,0
509936,19
509937,23
509938,0
509939,0
509940,0
509941,0
509942,0
509943,0
509944,0
509945,0
509946,0
509947,0
509948,0
509949,0
509950,0
509951,0
509952,0
509953,0
509954,0
509955,0
509956,0
509957,0
509958,0
509959,0
509960,39
509961,0
509962,22
509963,0
509964,0
509965,0
509966,0
509967,0
509968,27
509969,0
509970,0
509971,0
509972,26
509973,0
509974,29
509975,0
509976,0
509977,0
509978,0
509979,23
509980,28
509981,17
509982,0
509983,0
509984,0
509985,0
509986,0
509987,33
509988,0
509989,0
509990,0
509991,0
509992,0
509993,0
509994,0
509995,0
509996,0
509997,19
509998,0
509999,31
510000,0
510001,25
510002,0
510003,0
510004,40
510005,0
510006,0
510007,25
510008,0
510009,0
510010,0
510011,0
510012,0
510013,0
510014,0
510015,0
510016,0
510017,0
510018,32
510019,0
510020,0
510021,0
510022,0
510023,0
510024,0
510025,0
510026,0
510027,32
510028,0
510029,0
510030,0
510031,0
510032,0
510033,28
510034,0
510035,0
510036,0
510037,0
510038,28
510039,0
510040,0
510041,0
510042,29
510043,0
510044,0
510045,0
510046,0
510047,0
510048,29
510049,0
510050,0
510051,0
510052,0
510053,0
510054,0
510055,0
510056,0
510057,0
510058,24
510059,0
510060,0
510061,0
510062,29
510063,0
510064,0
510065,0
510066,0
510067,0
510068,0
510069,0
510070,0
510071,0
510072,0
510073,0
510074,0
510075,22
510076,0
510077,0
510078,0
510079,34
510080,0
510081,0
510082,0
510083,18
510084,0
510085,0
510086,0
510087,0
510088,0
510089,0
510090,0
510091,0
510092,0
510093,0
510094,0
510095,0
510096,0
510097,26
510098,0
510099,31
510100,0
510101,0
510102,0
510103,0
510104,34
510105,0
510106,0
510107,0
510108,0
510109,0
510110,0
510111,0
510112,0
510113,0
510114,0
510115,18
510116,0
510117,0
510118,0
510119,0
510120,0
510121,20
510122,0
510123,25
510124,0
510125,0
510126,0
510127,0
510128,0
510129,0
510130,0
510131,0
510132,0
510133,0
510134,0
510135,0
510136,0
510137,0
510138,0
510139,0
510140,0
510141,0
510142,0
510143,0
510144,0
510145,0
510146,0
510147,0
510148,0
510149,0
510150,0
510151,0
510152,0
510153,0
510154,0
510155,0
510156,26
510157,0
510158,0
510159,0
510160,0
510161,0
510162,0
510163,32
510164,0
510165,0
510166,0
510167,18
510168,0
510169,0
510170,0
510171,0
510172,0
510173,0
510174,0
510175,0
510176,0
510177,32
510178,0
510179,0
510180,0
510181,0
510182,0
510183,26
510184,0
510185,0
510186,0
510187,25
510188,0
510189,0
510190,0
510191,0
510192,0
510193,0
510194,0
510195,28
510196,33
510197,0
510198,0
510199,0
510200,28
510201,0
510202,0
510203,0
510204,0
510205,26
510206,0
510207,0
510208,0
510209,0
510210,0
510211,0
510212,0
510213,22
510214,0
510215,0
510216,0
510217,0
510218,0
510219,0
510220,0
510221,0
510222,0
510223,0
510224,0
510225,0
510226,0
510227,0
510228,28
510229,30
510230,0
510231,0
510232,0
510233,23
510234,0
510235,0
510236,26
510237,0
510238,0
510239,0
510240,0
510241,0
510242,0
510243,0
510244,0
510245,0
510246,0
510247,0
510248,0
510249,33
510250,22
510251,34
510252,25
510253,35
510254,0
510255,18
510256,0
510257,0
510258,0
510259,0
510260,0
510261,0
510262,0
510263,20
510264,0
510265,0
510266,26
510267,0
510268,29
510269,13
510270,35
510271,0
510272,0
510273,0
510274,0
510275,0
510276,0
510277,0
510278,0
510279,0
510280,0
510281,0
510282,27
510283,0
510284,21
510285,23
510286,0
510287,0
510288,0
510289,0
510290,0
510291,0
510292,0
510293,0
510294,32
510295,0
510296,0
510297,0
510298,0
510299,0
510300,0
510301,0
510302,0
510303,32
510304,0
510305,0
510306,0
510307,0
510308,0
510309,0
510310,0
510311,0
510312,0
510313,0
510314,32
510315,0
510316,0
510317,0
510318,0
510319,0
510320,0
510321,37
510322,0
510323,30
510324,0
510325,0
510326,0
510327,40
510328,0
510329,0
510330,0
510331,0
510332,0
510333,0
510334,0
510335,0
510336,29
510337,0
510338,0
510339,28
510340,0
510341,0
510342,0
510343,0
510344,0
510345,0
510346,0
510347,0
510348,0
510349,26
510350,0
510351,23
510352,0
510353,0
510354,0
510355,0
510356,0
510357,0
510358,0
510359,22
510360,0
510361,39
510362,0
510363,0
510364,0
510365,0
510366,0
510367,0
510368,0
510369,0
510370,0
510371,0
510372,0
510373,0
510374,0
510375,0
510376,29
510377,35
510378,0
510379,0
510380,28
510381,0
510382,0
510383,0
510384,29
510385,23
510386,0
510387,0
510388,0
510389,0
510390,0
510391,0
510392,0
510393,0
510394,18
510395,0
510396,0
510397,29
510398,0
510399,0
510400,0
510401,0
510402,0
510403,0
510404,28
510405,20
510406,0
510407,0
510408,0
510409,0
510410,0
510411,0
510412,0
510413,0
510414,0
510415,33
510416,18
510417,0
510418,0
510419,0
510420,0
510421,0
510422,0
510423,0
510424,0
510425,0
510426,0
510427,0
510428,0
510429,0
510430,0
510431,0
510432,0
510433,0
510434,0
510435,0
510436,0
510437,0
510438,0
510439,39
510440,0
510441,0
510442,0
510443,0
510444,0
510445,0
510446,0
510447,0
510448,0
510449,0
510450,0
510451,27
510452,32
510453,0
510454,0
510455,0
510456,30
510457,0
510458,39
510459,0
510460,0
510461,21
510462,29
510463,0
510464,28
510465,0
510466,0
510467,0
510468,0
510469,0
510470,0
510471,0
510472,30
510473,0
510474,0
510475,0
510476,0
510477,0
510478,0
510479,0
510480,0
510481,0
510482,0
510483,0
510484,0
510485,0
510486,0
510487,0
510488,0
510489,21
510490,0
510491,0
510492,0
510493,23
510494,0
510495,0
510496,0
510497,0
510498,0
510499,0
510500,0
510501,0
510502,0
510503,29
510504,0
510505,0
510506,0
510507,0
510508,38
510509,0
510510,0
510511,0
510512,0
510513,0
510514,0
510515,0
510516,0
510517,0
510518,0
510519,19
510520,0
510521,42
510522,0
510523,0
510524,0
510525,0
510526,0
510527,0
510528,0
510529,0
510530,26
510531,0
510532,0
510533,0
510534,0
510535,19
510536,0
510537,0
510538,0
510539,0
510540,0
510541,0
510542,0
510543,0
510544,0
510545,0
510546,0
510547,17
510548,0
510549,0
510550,0
510551,21
510552,25
510553,0
510554,33
510555,0
510556,0
510557,0
510558,0
510559,0
510560,0
510561,0
510562,0
510563,0
510564,0
510565,0
510566,0
510567,0
510568,0
510569,0
510570,0
510571,29
510572,0
510573,0
510574,0
510575,0
510576,0
510577,38
510578,30
510579,0
510580,0
510581,0
510582,0
510583,34
510584,0
510585,0
510586,0
510587,0
510588,0
510589,0
510590,0
510591,0
510592,0
510593,0
510594,0
510595,0
510596,0
510597,21
510598,0
510599,0
510600,0
510601,0
510602,0
510603,0
510604,0
510605,0
510606,27
510607,0
510608,0
510609,0
510610,36
510611,47
510612,0
510613,0
510614,0
510615,0
510616,0
510617,0
510618,0
510619,0
510620,31
510621,0
510622,0
510623,51
510624,0
510625,0
510626,0
510627,0
510628,0
510629,0
510630,0
510631,0
510632,0
510633,0
510634,0
510635,0
510636,0
510637,0
510638,0
510639,0
510640,0
510641,30
510642,0
510643,0
510644,0
510645,16
510646,0
510647,25
510648,0
510649,31
510650,0
510651,0
510652,0
510653,0
510654,27
510655,0
510656,0
510657,0
510658,0
510659,18
510660,0
510661,0
510662,0
510663,0
510664,0
510665,0
510666,0
510667,0
510668,0
510669,0
510670,0
510671,0
510672,0
510673,0
510674,0
510675,0
510676,0
510677,0
510678,0
510679,0
510680,0
510681,0
510682,0
510683,26
510684,0
510685,0
510686,0
510687,0
510688,0
510689,0
510690,0
510691,20
510692,0
510693,0
510694,0
510695,0
510696,0
510697,24
510698,0
510699,0
510700,0
510701,0
510702,0
510703,0
510704,0
510705,0
510706,0
510707,34
510708,0
510709,0
510710,16
510711,0
510712,0
510713,0
510714,0
510715,0
510716,26
510717,0
510718,0
510719,32
510720,0
510721,0
510722,0
510723,0
510724,0
510725,0
510726,0
510727,28
510728,0
510729,0
510730,34
510731,0
510732,0
510733,23
510734,31
510735,0
510736,0
510737,0
510738,0
510739,32
510740,0
510741,0
510742,0
510743,0
510744,0
510745,0
510746,0
510747,0
510748,0
510749,0
510750,0
510751,0
510752,0
510753,0
510754,0
510755,0
510756,31
510757,20
510758,39
510759,0
510760,0
510761,31
510762,0
510763,0
510764,15
510765,0
510766,0
510767,0
510768,0
510769,27
510770,29
510771,0
510772,0
510773,0
510774,0
510775,0
510776,0
510777,0
510778,0
510779,0
510780,0
510781,0
510782,0
510783,0
510784,32
510785,0
510786,0
510787,0
510788,0
510789,0
510790,0
510791,0
510792,0
510793,0
510794,41
510795,0
510796,0
510797,0
510798,21
510799,0
510800,19
510801,18
510802,0
510803,0
510804,0
510805,0
510806,14
510807,14
510808,28
510809,0
510810,0
510811,0
510812,0
510813,21
510814,0
510815,0
510816,0
510817,0
510818,0
510819,19
510820,0
510821,0
510822,14
510823,0
510824,0
510825,0
510826,0
510827,0
510828,0
510829,0
510830,0
510831,0
510832,0
510833,0
510834,18
510835,16
510836,0
510837,0
510838,14
510839,14
510840,0
510841,0
510842,0
510843,0
510844,20
510845,0
510846,0
510847,0
510848,0
510849,0
510850,0
510851,17
510852,16
510853,0
510854,0
510855,17
510856,0
510857,0
510858,11
510859,0
510860,20
510861,0
510862,0
510863,0
510864,11
510865,0
510866,0
510867,0
510868,15
510869,0
510870,11
510871,0
510872,0
510873,0
510874,0
510875,0
510876,0
510877,0
510878,0
510879,0
510880,0
510881,0
510882,0
510883,11
510884,0
510885,0
510886,0
510887,0
510888,16
510889,17
510890,13
510891,20
510892,11
510893,17
510894,0
510895,0
510896,0
510897,0
510898,0
510899,19
510900,0
510901,15
510902,0
510903,0
510904,0
510905,42
510906,0
510907,0
510908,0
510909,0
510910,0
510911,0
510912,0
510913,32
510914,0
510915,0
510916,0
510917,0
510918,0
510919,0
510920,0
510921,0
510922,32
510923,0
510924,30
510925,36
510926,0
510927,0
510928,0
510929,0
510930,0
510931,26
510932,0
510933,41
510934,21
510935,0
510936,0
510937,0
510938,0
510939,0
510940,29
510941,0
510942,25
510943,0
510944,0
510945,20
510946,0
510947,0
510948,33
510949,0
510950,0
510951,0
510952,28
510953,32
510954,0
510955,0
510956,0
510957,25
510958,0
510959,24
510960,0
510961,0
510962,0
510963,0
510964,0
510965,0
510966,0
510967,0
510968,34
510969,35
510970,0
510971,25
510972,39
510973,0
510974,34
510975,0
510976,0
510977,0
510978,25
510979,0
510980,31
510981,0
510982,0
510983,24
510984,32
510985,39
510986,0
510987,0
510988,43
510989,0
510990,0
510991,0
510992,0
510993,0
510994,0
510995,0
510996,0
510997,0
510998,0
510999,26
511000,0
511001,34
511002,39
511003,0
511004,0
511005,0
511006,0
511007,0
511008,0
511009,0
511010,0
511011,0
511012,0
511013,25
511014,29
511015,0
511016,0
511017,0
511018,22
511019,0
511020,0
511021,0
511022,0
511023,0
511024,0
511025,0
511026,0
511027,22
511028,29
511029,0
511030,43
511031,47
511032,0
511033,26
511034,0
511035,25
511036,0
511037,0
511038,0
511039,0
511040,0
511041,0
511042,0
511043,0
511044,0
511045,0
511046,0
511047,23
511048,0
511049,0
511050,0
511051,0
511052,0
511053,0
511054,0
511055,0
511056,0
511057,0
511058,0
511059,37
511060,32
511061,28
511062,0
511063,0
511064,0
511065,0
511066,0
511067,0
511068,40
511069,0
511070,0
511071,0
511072,0
511073,23
511074,0
511075,0
511076,27
511077,41
511078,0
511079,0
511080,0
511081,0
511082,29
511083,0
511084,28
511085,0
511086,39
511087,0
511088,0
511089,0
511090,0
511091,0
511092,0
511093,30
511094,0
511095,0
511096,0
511097,0
511098,0
511099,0
511100,0
511101,0
511102,0
511103,0
511104,0
511105,0
511106,0
511107,0
511108,31
511109,0
511110,0
511111,36
511112,27
511113,28
511114,0
511115,0
511116,0
511117,0
511118,0
511119,0
511120,0
511121,0
511122,29
511123,0
511124,0
511125,29
511126,0
511127,23
511128,0
511129,0
511130,18
511131,0
511132,0
511133,0
511134,0
511135,0
511136,0
511137,0
511138,0
511139,37
511140,32
511141,0
511142,0
511143,0
511144,0
511145,39
511146,0
511147,47
511148,0
511149,0
511150,44
511151,28
511152,0
511153,0
511154,0
511155,0
511156,0
511157,0
511158,24
511159,0
511160,0
511161,0
511162,0
511163,0
511164,0
511165,23
511166,0
511167,0
511168,0
511169,0
511170,26
511171,0
511172,0
511173,14
511174,0
511175,0
511176,0
511177,0
511178,0
511179,0
511180,0
511181,0
511182,35
511183,32
511184,30
511185,44
511186,23
511187,0
511188,0
511189,0
511190,0
511191,0
511192,0
511193,0
511194,0
511195,42
511196,0
511197,29
511198,0
511199,29
511200,29
511201,45
511202,0
511203,0
511204,43
511205,0
511206,0
511207,0
511208,0
511209,26
511210,24
511211,0
511212,0
511213,0
511214,0
511215,0
511216,0
511217,0
511218,0
511219,0
511220,0
511221,29
511222,27
511223,0
511224,0
511225,0
511226,29
511227,0
511228,0
511229,0
511230,0
511231,0
511232,0
511233,0
511234,0
511235,0
511236,0
511237,0
511238,0
511239,35
511240,33
511241,0
511242,0
511243,0
511244,0
511245,36
511246,0
511247,0
511248,30
511249,0
511250,30
511251,21
511252,0
511253,0
511254,0
511255,0
511256,0
511257,0
511258,25
511259,34
511260,0
511261,28
511262,0
511263,31
511264,34
511265,0
511266,0
511267,0
511268,0
511269,0
511270,34
511271,0
511272,23
511273,19
511274,39
511275,0
511276,23
511277,0
511278,30
511279,0
511280,0
511281,23
511282,20
511283,0
511284,0
511285,0
511286,0
511287,0
511288,0
511289,0
511290,0
511291,0
511292,0
511293,24
511294,0
511295,20
511296,0
511297,0
511298,0
511299,0
511300,0
511301,40
511302,0
511303,36
511304,0
511305,17
511306,0
511307,0
511308,0
511309,0
511310,0
511311,0
511312,0
511313,0
511314,0
511315,40
511316,0
511317,33
511318,0
511319,23
511320,0
511321,0
511322,0
511323,0
511324,0
511325,23
511326,0
511327,26
511328,0
511329,0
511330,0
511331,0
511332,27
511333,0
511334,0
511335,0
511336,0
511337,0
511338,0
511339,0
511340,27
511341,0
511342,36
511343,0
511344,28
511345,0
511346,35
511347,0
511348,39
511349,0
511350,0
511351,0
511352,0
511353,0
511354,0
511355,0
511356,0
511357,0
511358,0
511359,29
511360,0
511361,0
511362,0
511363,0
511364,0
511365,20
511366,29
511367,0
511368,37
511369,0
511370,0
511371,0
511372,0
511373,0
511374,0
511375,0
511376,0
511377,0
511378,27
511379,37
511380,0
511381,0
511382,0
511383,27
511384,0
511385,0
511386,29
511387,0
511388,0
511389,0
511390,0
511391,0
511392,0
511393,27
511394,22
511395,0
511396,0
511397,0
511398,0
511399,0
511400,0
511401,28
511402,36
511403,0
511404,0
511405,34
511406,0
511407,0
511408,0
511409,0
511410,14
511411,29
511412,0
511413,0
511414,0
511415,0
511416,0
511417,0
511418,0
511419,0
511420,0
511421,0
511422,0
511423,0
511424,0
511425,0
511426,0
511427,20
511428,0
511429,20
511430,0
511431,0
511432,0
511433,0
511434,0
511435,25
511436,0
511437,0
511438,36
511439,0
511440,0
511441,0
511442,28
511443,0
511444,0
511445,26
511446,0
511447,0
511448,0
511449,30
511450,0
511451,0
511452,0
511453,0
511454,0
511455,0
511456,21
511457,0
511458,24
511459,0
511460,0
511461,32
511462,0
511463,0
511464,0
511465,30
511466,0
511467,22
511468,18
511469,0
511470,0
511471,0
511472,0
511473,0
511474,0
511475,0
511476,0
511477,0
511478,0
511479,28
511480,0
511481,32
511482,0
511483,0
511484,0
511485,0
511486,0
511487,0
511488,0
511489,20
511490,0
511491,0
511492,0
511493,0
511494,0
511495,0
511496,0
511497,0
511498,30
511499,0
511500,0
511501,40
511502,0
511503,0
511504,0
511505,30
511506,0
511507,34
511508,0
511509,0
511510,0
511511,0
511512,0
511513,0
511514,0
511515,40
511516,0
511517,0
511518,0
511519,34
511520,0
511521,0
511522,35
511523,0
511524,0
511525,0
511526,0
511527,0
511528,0
511529,0
511530,0
511531,0
511532,0
511533,0
511534,0
511535,0
511536,28
511537,0
511538,0
511539,0
511540,0
511541,0
511542,0
511543,0
511544,0
511545,0
511546,0
511547,0
511548,0
511549,43
511550,0
511551,0
511552,0
511553,29
511554,30
511555,0
511556,0
511557,0
511558,0
511559,0
511560,0
511561,0
511562,0
511563,0
511564,0
511565,0
511566,0
511567,0
511568,0
511569,0
511570,0
511571,0
511572,35
511573,0
511574,34
511575,0
511576,0
511577,43
511578,0
511579,0
511580,0
511581,0
511582,30
511583,0
511584,0
511585,29
511586,0
511587,0
511588,0
511589,30
511590,0
511591,0
511592,0
511593,0
511594,0
511595,0
511596,0
511597,0
511598,0
511599,0
511600,36
511601,42
511602,31
511603,0
511604,0
511605,39
511606,0
511607,31
511608,0
511609,34
511610,39
511611,27
511612,0
511613,0
511614,0
511615,0
511616,0
511617,0
511618,0
511619,0
511620,0
511621,0
511622,0
511623,0
511624,0
511625,0
511626,0
511627,0
511628,0
511629,0
511630,0
511631,0
511632,33
511633,25
511634,0
511635,0
511636,0
511637,0
511638,0
511639,0
511640,0
511641,0
511642,0
511643,0
511644,0
511645,0
511646,41
511647,34
511648,32
511649,32
511650,0
511651,29
511652,0
511653,0
511654,0
511655,0
511656,0
511657,0
511658,0
511659,0
511660,0
511661,0
511662,0
511663,0
511664,0
511665,0
511666,27
511667,21
511668,0
511669,0
511670,23
511671,0
511672,0
511673,0
511674,0
511675,0
511676,0
511677,0
511678,0
511679,0
511680,20
511681,0
511682,0
511683,0
511684,31
511685,39
511686,26
511687,35
511688,0
511689,0
511690,0
511691,39
511692,0
511693,0
511694,24
511695,0
511696,0
511697,0
511698,0
511699,0
511700,29
511701,0
511702,28
511703,0
511704,0
511705,0
511706,27
511707,21
511708,43
511709,0
511710,0
511711,20
511712,0
511713,30
511714,0
511715,0
511716,0
511717,0
511718,16
511719,0
511720,0
511721,32
511722,36
511723,0
511724,26
511725,0
511726,0
511727,0
511728,0
511729,0
511730,0
511731,0
511732,33
511733,20
511734,24
511735,29
511736,25
511737,0
511738,0
511739,0
511740,0
511741,0
511742,0
511743,0
511744,0
511745,0
511746,19
511747,0
511748,0
511749,0
511750,34
511751,24
511752,0
511753,24
511754,0
511755,0
511756,37
511757,0
511758,0
511759,0
511760,0
511761,0
511762,34
511763,0
511764,31
511765,0
511766,26
511767,0
511768,42
511769,39
511770,0
511771,0
511772,0
511773,0
511774,0
511775,0
511776,0
511777,0
511778,0
511779,34
511780,0
511781,25
511782,0
511783,0
511784,0
511785,24
511786,0
511787,0
511788,0
511789,0
511790,0
511791,50
511792,45
511793,0
511794,30
511795,0
511796,0
511797,0
511798,0
511799,0
511800,0
511801,0
511802,0
511803,31
511804,0
511805,0
511806,40
511807,0
511808,0
511809,20
511810,0
511811,0
511812,24
511813,0
511814,25
511815,21
511816,0
511817,0
511818,0
511819,0
511820,30
511821,0
511822,36
511823,0
511824,0
511825,0
511826,0
511827,0
511828,0
511829,0
511830,0
511831,0
511832,0
511833,0
511834,43
511835,0
511836,37
511837,0
511838,0
511839,0
511840,0
511841,0
511842,0
511843,20
511844,0
511845,0
511846,33
511847,0
511848,0
511849,0
511850,0
511851,0
511852,0
511853,31
511854,41
511855,0
511856,0
511857,0
511858,0
511859,0
511860,0
511861,0
511862,0
511863,0
511864,0
511865,0
511866,0
511867,0
511868,0
511869,0
511870,0
511871,0
511872,0
511873,0
511874,5
511875,0
511876,0
511877,0
511878,0
511879,0
511880,0
511881,0
511882,0
511883,0
511884,3
511885,2
511886,3
511887,0
511888,0
511889,0
511890,1
511891,0
511892,0
511893,0
511894,1
511895,0
511896,6
511897,0
511898,0
511899,2
511900,0
511901,0
511902,0
511903,0
511904,0
511905,0
511906,0
511907,0
511908,5
511909,0
511910,0
511911,1
511912,0
511913,0
511914,0
511915,0
511916,0
511917,3
511918,0
511919,0
511920,0
511921,0
511922,0
511923,0
511924,0
511925,2
511926,1
511927,0
511928,2
511929,0
511930,0
511931,0
511932,0
511933,0
511934,0
511935,0
511936,0
511937,0
511938,0
511939,0
511940,0
511941,0
511942,0
511943,0
511944,0
511945,0
511946,0
511947,0
511948,0
511949,0
511950,0
511951,0
511952,0
511953,0
511954,0
511955,0
511956,0
511957,0
511958,0
511959,1
511960,0
511961,0
511962,0
511963,0
511964,4
511965,0
511966,1
511967,0
511968,0
511969,0
511970,1
511971,0
511972,0
511973,0
511974,0
511975,0
511976,0
511977,0
511978,0
511979,0
511980,1
511981,0
511982,0
511983,0
511984,0
511985,2
511986,0
511987,0
511988,17
511989,0
511990,0
511991,0
511992,0
511993,0
511994,0
511995,0
511996,0
511997,0
511998,0
511999,0
512000,32
512001,0
512002,0
512003,41
512004,0
512005,29
512006,24
512007,0
512008,0
512009,0
512010,0
512011,0
512012,0
512013,0
512014,0
512015,0
512016,0
512017,0
512018,0
512019,0
512020,21
512021,0
512022,0
512023,0
512024,0
512025,0
512026,0
512027,48
512028,38
512029,41
512030,0
512031,0
512032,0
512033,0
512034,0
512035,0
512036,0
512037,0
512038,41
512039,0
512040,0
512041,0
512042,0
512043,30
512044,50
512045,0
512046,0
512047,0
512048,0
512049,33
512050,0
512051,0
512052,0
512053,0
512054,0
512055,0
512056,0
512057,0
512058,0
512059,0
512060,0
512061,29
512062,0
512063,0
512064,0
512065,0
512066,0
512067,0
512068,0
512069,0
512070,0
512071,0
512072,0
512073,40
512074,0
512075,0
512076,0
512077,0
512078,0
512079,32
512080,31
512081,0
512082,0
512083,0
512084,0
512085,0
512086,0
512087,0
512088,0
512089,0
512090,38
512091,0
512092,0
512093,32
512094,34
512095,0
512096,0
512097,0
512098,0
512099,0
512100,0
512101,0
512102,0
512103,0
512104,0
512105,41
512106,0
512107,0
512108,0
512109,0
512110,0
512111,0
512112,0
512113,23
512114,0
512115,0
512116,31
512117,0
512118,0
512119,0
512120,30
512121,0
512122,0
512123,0
512124,0
512125,0
512126,0
512127,0
512128,0
512129,0
512130,0
512131,0
512132,0
512133,0
512134,0
512135,0
512136,33
512137,0
512138,0
512139,0
512140,0
512141,0
512142,0
512143,0
512144,29
512145,0
512146,0
512147,0
512148,0
512149,0
512150,0
512151,0
512152,0
512153,0
512154,0
512155,0
512156,0
512157,0
512158,0
512159,0
512160,0
512161,0
512162,0
512163,37
512164,0
512165,0
512166,0
512167,0
512168,0
512169,0
512170,0
512171,31
512172,0
512173,0
512174,0
512175,0
512176,16
512177,0
512178,0
512179,0
512180,0
512181,0
512182,34
512183,0
512184,0
512185,0
512186,43
512187,0
512188,0
512189,0
512190,0
512191,0
512192,0
512193,0
512194,55
512195,0
512196,0
512197,0
512198,34
512199,33
512200,0
512201,0
512202,0
512203,0
512204,0
512205,0
512206,0
512207,0
512208,0
512209,0
512210,0
512211,25
512212,0
512213,0
512214,40
512215,0
512216,0
512217,0
512218,0
512219,0
512220,0
512221,0
512222,0
512223,0
512224,0
512225,0
512226,42
512227,0
512228,0
512229,0
512230,0
512231,0
512232,0
512233,0
512234,0
512235,51
512236,0
512237,0
512238,0
512239,45
512240,0
512241,0
512242,34
512243,0
512244,0
512245,29
512246,0
512247,47
512248,0
512249,32
512250,0
512251,0
512252,0
512253,0
512254,0
512255,0
512256,0
512257,0
512258,0
512259,35
512260,0
512261,0
512262,0
512263,0
512264,0
512265,0
512266,0
512267,28
512268,0
512269,0
512270,0
512271,0
512272,36
512273,0
512274,43
512275,0
512276,0
512277,0
512278,29
512279,0
512280,0
512281,0
512282,0
512283,0
512284,0
512285,36
512286,0
512287,0
512288,0
512289,0
512290,0
512291,0
512292,0
512293,0
512294,32
512295,0
512296,0
512297,0
512298,0
512299,0
512300,0
512301,0
512302,0
512303,49
512304,34
512305,0
512306,0
512307,0
512308,0
512309,0
512310,49
512311,0
512312,0
512313,0
512314,0
512315,0
512316,0
512317,35
512318,0
512319,0
512320,0
512321,0
512322,40
512323,0
512324,0
512325,48
512326,0
512327,0
512328,0
512329,0
512330,0
512331,0
512332,0
512333,28
512334,0
512335,0
512336,0
512337,0
512338,0
512339,0
512340,0
512341,0
512342,0
512343,0
512344,0
512345,29
512346,0
512347,49
512348,0
512349,0
512350,0
512351,0
512352,0
512353,0
512354,0
512355,0
512356,0
512357,0
512358,0
512359,0
512360,0
512361,0
512362,41
512363,0
512364,0
512365,0
512366,0
512367,0
512368,33
512369,0
512370,0
512371,0
512372,0
512373,0
512374,0
512375,0
512376,0
512377,0
512378,0
512379,0
512380,0
512381,0
512382,0
512383,0
512384,0
512385,0
512386,0
512387,0
512388,43
512389,0
512390,0
512391,0
512392,0
512393,0
512394,0
512395,0
512396,0
512397,0
512398,44
512399,0
512400,0
512401,0
512402,21
512403,25
512404,0
512405,0
512406,0
512407,32
512408,0
512409,0
512410,22
512411,0
512412,36
512413,0
512414,0
512415,0
512416,34
512417,0
512418,0
512419,0
512420,0
512421,0
512422,0
512423,0
512424,0
512425,0
512426,0
512427,0
512428,0
512429,35
512430,0
512431,17
512432,0
512433,0
512434,0
512435,50
512436,0
512437,0
512438,0
512439,0
512440,0
512441,0
512442,0
512443,0
512444,0
512445,0
512446,0
512447,0
512448,0
512449,34
512450,0
512451,0
512452,0
512453,0
512454,0
512455,0
512456,0
512457,0
512458,60
512459,0
512460,0
512461,0
512462,0
512463,0
512464,0
512465,0
512466,0
512467,0
512468,0
512469,0
512470,0
512471,0
512472,29
512473,0
512474,0
512475,0
512476,0
512477,0
512478,27
512479,0
512480,0
512481,0
512482,0
512483,0
512484,0
512485,34
512486,0
512487,0
512488,0
512489,37
512490,0
512491,0
512492,0
512493,0
512494,0
512495,0
512496,0
512497,0
512498,0
512499,38
512500,0
512501,0
512502,0
512503,30
512504,0
512505,0
512506,0
512507,0
512508,0
512509,0
512510,0
512511,0
512512,0
512513,0
512514,0
512515,0
512516,0
512517,0
512518,0
512519,0
512520,0
512521,0
512522,24
512523,0
512524,0
512525,0
512526,0
512527,56
512528,0
512529,0
512530,0
512531,40
512532,0
512533,0
512534,31
512535,0
512536,0
512537,32
512538,0
512539,0
512540,54
512541,0
512542,0
512543,0
512544,0
512545,0
512546,0
512547,0
512548,0
512549,0
512550,45
512551,0
512552,0
512553,0
512554,0
512555,0
512556,0
512557,32
512558,20
512559,0
512560,0
512561,0
512562,0
512563,0
512564,0
512565,0
512566,18
512567,0
512568,0
512569,0
512570,0
512571,0
512572,25
512573,0
512574,0
512575,0
512576,0
512577,0
512578,0
512579,0
512580,0
512581,32
512582,0
512583,0
512584,0
512585,0
512586,0
512587,0
512588,0
512589,0
512590,0
512591,28
512592,40
512593,0
512594,0
512595,0
512596,0
512597,0
512598,0
512599,0
512600,20
512601,37
512602,0
512603,0
512604,0
512605,0
512606,0
512607,39
512608,39
512609,0
512610,0
512611,0
512612,29
512613,29
512614,0
512615,0
512616,0
512617,22
512618,0
512619,0
512620,0
512621,48
512622,0
512623,0
512624,0
512625,29
512626,0
512627,0
512628,0
512629,0
512630,0
512631,0
512632,0
512633,45
512634,0
512635,0
512636,0
512637,26
512638,0
512639,0
512640,31
512641,0
512642,0
512643,32
512644,0
512645,0
512646,27
512647,0
512648,0
512649,0
512650,16
512651,0
512652,0
512653,0
512654,0
512655,0
512656,0
512657,0
512658,0
512659,0
512660,0
512661,26
512662,0
512663,0
512664,0
512665,0
512666,0
512667,22
512668,0
512669,0
512670,0
512671,0
512672,27
512673,23
512674,0
512675,27
512676,0
512677,0
512678,0
512679,0
512680,0
512681,0
512682,0
512683,27
512684,0
512685,0
512686,0
512687,0
512688,0
512689,0
512690,0
512691,0
512692,44
512693,0
512694,0
512695,0
512696,0
512697,37
512698,0
512699,0
512700,0
512701,0
512702,0
512703,0
512704,19
512705,0
512706,0
512707,0
512708,0
512709,0
512710,32
512711,40
512712,0
512713,0
512714,40
512715,0
512716,0
512717,0
512718,35
512719,0
512720,0
512721,0
512722,0
512723,0
512724,0
512725,0
512726,0
512727,0
512728,0
512729,43
512730,0
512731,0
512732,0
512733,43
512734,0
512735,26
512736,0
512737,0
512738,34
512739,0
512740,0
512741,0
512742,0
512743,28
512744,16
512745,0
512746,0
512747,0
512748,34
512749,0
512750,47
512751,0
512752,0
512753,0
512754,0
512755,0
512756,0
512757,0
512758,0
512759,0
512760,0
512761,0
512762,0
512763,0
512764,0
512765,0
512766,0
512767,20
512768,0
512769,15
512770,0
512771,52
512772,37
512773,0
512774,32
512775,0
512776,0
512777,25
512778,0
512779,42
512780,0
512781,0
512782,0
512783,0
512784,0
512785,24
512786,0
512787,0
512788,0
512789,0
512790,62
512791,0
512792,0
512793,0
512794,0
512795,0
512796,0
512797,0
512798,27
512799,33
512800,0
512801,0
512802,0
512803,0
512804,0
512805,0
512806,0
512807,37
512808,0
512809,0
512810,0
512811,0
512812,0
512813,0
512814,0
512815,0
512816,24
512817,0
512818,0
512819,0
512820,29
512821,0
512822,0
512823,0
512824,0
512825,0
512826,0
512827,0
512828,19
512829,0
512830,0
512831,24
512832,32
512833,0
512834,0
512835,0
512836,0
512837,31
512838,0
512839,0
512840,0
512841,0
512842,0
512843,0
512844,0
512845,0
512846,0
512847,0
512848,31
512849,0
512850,0
512851,0
512852,0
512853,0
512854,0
512855,0
512856,0
512857,0
512858,0
512859,22
512860,0
512861,0
512862,48
512863,0
512864,0
512865,0
512866,38
512867,0
512868,0
512869,34
512870,0
512871,44
512872,41
512873,0
512874,33
512875,0
512876,0
512877,0
512878,0
512879,0
512880,0
512881,0
512882,27
512883,0
512884,0
512885,34
512886,0
512887,0
512888,0
512889,0
512890,0
512891,0
512892,36
512893,0
512894,25
512895,27
512896,0
512897,0
512898,0
512899,0
512900,0
512901,0
512902,0
512903,0
512904,0
512905,0
512906,0
512907,0
512908,0
512909,0
512910,0
512911,0
512912,0
512913,28
512914,29
512915,0
512916,0
512917,0
512918,0
512919,27
512920,0
512921,59
512922,0
512923,0
512924,0
512925,0
512926,34
512927,24
512928,0
512929,0
512930,0
512931,0
512932,0
512933,0
512934,0
512935,0
512936,0
512937,0
512938,28
512939,0
512940,0
512941,56
512942,0
512943,0
512944,0
512945,0
512946,0
512947,27
512948,0
512949,0
512950,0
512951,44
512952,0
512953,0
512954,0
512955,0
512956,0
512957,40
512958,0
512959,0
512960,0
512961,0
512962,0
512963,31
512964,0
512965,0
512966,0
512967,0
512968,44
512969,25
512970,0
512971,0
512972,0
512973,0
512974,0
512975,0
512976,0
512977,30
512978,19
512979,0
512980,0
512981,24
512982,0
512983,20
512984,0
512985,0
512986,27
512987,38
512988,43
512989,0
512990,23
512991,0
512992,22
512993,37
512994,0
512995,0
512996,0
512997,0
512998,0
512999,0
513000,0
513001,0
513002,13
513003,0
513004,0
513005,0
513006,0
513007,0
513008,0
513009,0
513010,37
513011,30
513012,0
513013,0
513014,42
513015,0
513016,13
513017,30
513018,0
513019,0
513020,0
513021,0
513022,0
513023,0
513024,0
513025,0
513026,0
513027,0
513028,26
513029,0
513030,0
513031,28
513032,0
513033,0
513034,0
513035,22
513036,0
513037,28
513038,0
513039,0
513040,0
513041,0
513042,30
513043,27
513044,0
513045,25
513046,21
513047,0
513048,0
513049,0
513050,0
513051,0
513052,0
513053,0
513054,0
513055,0
513056,0
513057,0
513058,0
513059,0
513060,0
513061,0
513062,0
513063,0
513064,9
513065,0
513066,45
513067,24
513068,0
513069,0
513070,0
513071,0
513072,0
513073,18
513074,0
513075,0
513076,0
513077,0
513078,0
513079,0
513080,0
513081,0
513082,0
513083,0
513084,0
513085,0
513086,0
513087,0
513088,0
513089,0
513090,0
513091,0
513092,0
513093,0
513094,0
513095,0
513096,0
513097,28
513098,21
513099,0
513100,0
513101,0
513102,0
513103,21
513104,52
513105,0
513106,0
513107,31
513108,46
513109,0
513110,0
513111,0
513112,0
513113,0
513114,0
513115,42
513116,0
513117,0
513118,0
513119,0
513120,0
513121,0
513122,0
513123,0
513124,0
513125,40
513126,0
513127,0
513128,0
513129,0
513130,25
513131,0
513132,43
513133,0
513134,0
513135,0
513136,31
513137,33
513138,42
513139,0
513140,19
513141,0
513142,26
513143,25
513144,0
513145,0
513146,30
513147,0
513148,0
513149,37
513150,0
513151,0
513152,0
513153,16
513154,0
513155,0
513156,0
513157,0
513158,0
513159,43
513160,0
513161,26
513162,0
513163,30
513164,0
513165,14
513166,0
513167,0
513168,0
513169,0
513170,0
513171,33
513172,40
513173,0
513174,0
513175,41
513176,0
513177,0
513178,0
513179,0
513180,22
513181,21
513182,0
513183,0
513184,0
513185,0
513186,33
513187,0
513188,0
513189,0
513190,0
513191,0
513192,0
513193,0
513194,0
513195,0
513196,33
513197,0
513198,0
513199,0
513200,0
513201,0
513202,0
513203,0
513204,0
513205,0
513206,0
513207,0
513208,25
513209,18
513210,0
513211,0
513212,0
513213,0
513214,27
513215,0
513216,34
513217,0
513218,19
513219,0
513220,0
513221,0
513222,0
513223,0
513224,14
513225,0
513226,0
513227,0
513228,48
513229,0
513230,0
513231,0
513232,33
513233,25
513234,32
513235,0
513236,0
513237,30
513238,0
513239,0
513240,0
513241,0
513242,0
513243,0
513244,0
513245,24
513246,31
513247,0
513248,0
513249,0
513250,0
513251,0
513252,0
513253,0
513254,0
513255,0
513256,0
513257,0
513258,0
513259,0
513260,38
513261,0
513262,25
513263,0
513264,0
513265,0
513266,0
513267,0
513268,0
513269,0
513270,0
513271,0
513272,0
513273,0
513274,0
513275,0
513276,0
513277,0
513278,0
513279,0
513280,0
513281,0
513282,0
513283,0
513284,0
513285,0
513286,0
513287,35
513288,0
513289,0
513290,0
513291,0
513292,0
513293,25
513294,0
513295,0
513296,0
513297,43
513298,0
513299,0
513300,36
513301,0
513302,0
513303,0
513304,0
513305,44
513306,0
513307,0
513308,0
513309,56
513310,0
513311,0
513312,18
513313,0
513314,26
513315,0
513316,30
513317,0
513318,0
513319,19
513320,0
513321,0
513322,0
513323,41
513324,0
513325,0
513326,0
513327,22
513328,0
513329,0
513330,27
513331,0
513332,0
513333,0
513334,28
513335,0
513336,0
513337,0
513338,0
513339,0
513340,25
513341,0
513342,0
513343,0
513344,0
513345,0
513346,0
513347,0
513348,0
513349,0
513350,40
513351,0
513352,0
513353,0
513354,0
513355,0
513356,37
513357,0
513358,0
513359,0
513360,0
513361,0
513362,0
513363,0
513364,0
513365,0
513366,18
513367,0
513368,36
513369,37
513370,24
513371,0
513372,0
513373,24
513374,0
513375,0
513376,0
513377,0
513378,18
513379,0
513380,0
513381,23
513382,0
513383,0
513384,0
513385,0
513386,0
513387,0
513388,0
513389,0
513390,0
513391,0
513392,0
513393,0
513394,0
513395,0
513396,0
513397,0
513398,0
513399,0
513400,0
513401,0
513402,0
513403,0
513404,0
513405,0
513406,0
513407,26
513408,0
513409,22
513410,0
513411,0
513412,0
513413,0
513414,42
513415,0
513416,0
513417,0
513418,0
513419,0
513420,0
513421,0
513422,0
513423,19
513424,0
513425,0
513426,0
513427,0
513428,0
513429,40
513430,0
513431,19
513432,0
513433,0
513434,0
513435,0
513436,25
513437,19
513438,0
513439,0
513440,0
513441,0
513442,0
513443,0
513444,30
513445,0
513446,0
513447,30
513448,0
513449,0
513450,0
513451,38
513452,0
513453,0
513454,0
513455,0
513456,51
513457,0
513458,0
513459,0
513460,0
513461,53
513462,0
513463,19
513464,0
513465,0
513466,0
513467,0
513468,0
513469,0
513470,15
513471,0
513472,0
513473,0
513474,40
513475,0
513476,37
513477,28
513478,0
513479,0
513480,0
513481,0
513482,0
513483,0
513484,0
513485,0
513486,0
513487,0
513488,0
513489,33
513490,0
513491,0
513492,0
513493,0
513494,31
513495,20
513496,16
513497,17
513498,0
513499,0
513500,0
513501,22
513502,0
513503,0
513504,0
513505,0
513506,31
513507,28
513508,0
513509,33
513510,0
513511,0
513512,50
513513,0
513514,54
513515,0
513516,0
513517,0
513518,0
513519,0
513520,0
513521,0
513522,0
513523,0
513524,0
513525,0
513526,63
513527,30
513528,0
513529,22
513530,0
513531,31
513532,0
513533,0
513534,0
513535,0
513536,0
513537,0
513538,0
513539,0
513540,0
513541,0
513542,26
513543,0
513544,0
513545,0
513546,28
513547,33
513548,0
513549,29
513550,0
513551,0
513552,0
513553,0
513554,0
513555,0
513556,0
513557,0
513558,0
513559,0
513560,0
513561,43
513562,0
513563,0
513564,0
513565,19
513566,0
513567,20
513568,0
513569,0
513570,0
513571,26
513572,0
513573,35
513574,0
513575,0
513576,0
513577,32
513578,42
513579,29
513580,0
513581,0
513582,0
513583,24
513584,0
513585,0
513586,0
513587,19
513588,0
513589,0
513590,0
513591,0
513592,0
513593,0
513594,40
513595,0
513596,0
513597,0
513598,38
513599,0
513600,0
513601,0
513602,0
513603,0
513604,0
513605,22
513606,0
513607,18
513608,0
513609,0
513610,0
513611,25
513612,0
513613,0
513614,0
513615,51
513616,0
513617,0
513618,0
513619,0
513620,0
513621,0
513622,0
513623,0
513624,24
513625,0
513626,38
513627,0
513628,13
513629,17
513630,0
513631,12
513632,0
513633,0
513634,30
513635,0
513636,0
513637,0
513638,0
513639,0
513640,5
513641,0
513642,0
513643,0
513644,20
513645,17
513646,0
513647,25
513648,0
513649,13
513650,0
513651,13
513652,0
513653,0
513654,0
513655,0
513656,19
513657,0
513658,0
513659,0
513660,0
513661,7
513662,26
513663,0
513664,0
513665,0
513666,0
513667,0
513668,0
513669,0
513670,24
513671,0
513672,23
513673,0
513674,0
513675,0
513676,0
513677,19
513678,0
513679,0
513680,0
513681,0
513682,0
513683,0
513684,0
513685,0
513686,0
513687,19
513688,0
513689,34
513690,0
513691,21
513692,17
513693,27
513694,0
513695,0
513696,0
513697,17
513698,0
513699,19
513700,0
513701,21
513702,0
513703,25
513704,0
513705,0
513706,0
513707,20
513708,0
513709,0
513710,0
513711,0
513712,0
513713,0
513714,22
513715,0
513716,0
513717,0
513718,0
513719,0
513720,0
513721,0
513722,0
513723,0
513724,16
513725,0
513726,0
513727,0
513728,0
513729,0
513730,0
513731,24
513732,23
513733,0
513734,0
513735,0
513736,17
513737,0
513738,0
513739,0
513740,0
513741,0
513742,0
513743,12
513744,0
513745,0
513746,19
513747,13
513748,22
513749,0
513750,0
513751,0
513752,16
513753,0
513754,0
513755,13
513756,0
513757,0
513758,0
513759,20
513760,0
513761,10
513762,0
513763,0
513764,0
513765,0
513766,0
513767,17
513768,0
513769,0
513770,0
513771,0
513772,0
513773,0
513774,19
513775,0
513776,0
513777,0
513778,16
513779,0
513780,0
513781,0
513782,0
513783,0
513784,0
513785,0
513786,0
513787,0
513788,0
513789,0
513790,0
513791,22
513792,0
513793,0
513794,0
513795,20
513796,0
513797,16
513798,0
513799,0
513800,0
513801,0
513802,0
513803,0
513804,0
513805,0
513806,21
513807,0
513808,10
513809,0
513810,19
513811,0
513812,0
513813,0
513814,0
513815,0
513816,0
513817,0
513818,0
513819,0
513820,26
513821,20
513822,0
513823,0
513824,8
513825,0
513826,0
513827,0
513828,0
513829,19
513830,0
513831,14
513832,8
513833,16
513834,0
513835,0
513836,18
513837,0
513838,0
513839,23
513840,0
513841,10
513842,16
513843,0
513844,15
513845,0
513846,0
513847,0
513848,0
513849,14
513850,10
513851,0
513852,19
513853,0
513854,0
513855,0
513856,0
513857,0
513858,20
513859,0
513860,0
513861,0
513862,17
513863,0
513864,31
513865,0
513866,22
513867,0
513868,0
513869,19
513870,0
513871,0
513872,0
513873,0
513874,11
513875,21
513876,7
513877,0
513878,0
513879,15
513880,0
513881,0
513882,18
513883,21
513884,21
513885,21
513886,0
513887,17
513888,0
513889,0
513890,0
513891,0
513892,0
513893,0
513894,0
513895,0
513896,0
513897,0
513898,0
513899,0
513900,0
513901,21
513902,17
513903,0
513904,0
513905,0
513906,0
513907,0
513908,0
513909,21
513910,8
513911,0
513912,0
513913,0
513914,0
513915,0
513916,17
513917,0
513918,0
513919,23
513920,0
513921,0
513922,0
513923,0
513924,18
513925,0
513926,0
513927,13
513928,0
513929,29
513930,0
513931,9
513932,0
513933,15
513934,13
513935,0
513936,0
513937,0
513938,15
513939,22
513940,0
513941,0
513942,0
513943,12
513944,0
513945,21
513946,0
513947,0
513948,0
513949,0
513950,0
513951,0
513952,0
513953,0
513954,0
513955,23
513956,0
513957,0
513958,0
513959,0
513960,0
513961,0
513962,15
513963,18
513964,0
513965,0
513966,14
513967,20
513968,0
513969,0
513970,0
513971,0
513972,15
513973,0
513974,0
513975,0
513976,12
513977,0
513978,0
513979,0
513980,0
513981,24
513982,0
513983,0
513984,0
513985,23
513986,0
513987,0
513988,21
513989,0
513990,11
513991,13
513992,0
513993,0
513994,21
513995,11
513996,0
513997,0
513998,0
513999,0
514000,21
514001,0
514002,15
514003,0
514004,0
514005,0
514006,0
514007,0
514008,0
514009,0
514010,0
514011,16
514012,17
514013,0
514014,0
514015,0
514016,10
514017,0
514018,24
514019,0
514020,0
514021,0
514022,0
514023,12
514024,24
514025,0
514026,23
514027,0
514028,0
514029,0
514030,0
514031,0
514032,10
514033,17
514034,0
514035,17
514036,0
514037,0
514038,0
514039,11
514040,0
514041,17
514042,0
514043,0
514044,0
514045,0
514046,0
514047,0
514048,17
514049,0
514050,0
514051,0
514052,0
514053,0
514054,0
514055,0
514056,21
514057,0
514058,0
514059,0
514060,0
514061,0
514062,0
514063,0
514064,0
514065,0
514066,0
514067,0
514068,0
514069,0
514070,0
514071,0
514072,0
514073,0
514074,23
514075,0
514076,0
514077,11
514078,0
514079,0
514080,0
514081,0
514082,0
514083,16
514084,0
514085,0
514086,25
514087,0
514088,0
514089,19
514090,30
514091,0
514092,12
514093,0
514094,0
514095,13
514096,0
514097,0
514098,0
514099,0
514100,0
514101,21
514102,0
514103,0
514104,0
514105,23
514106,0
514107,0
514108,27
514109,16
514110,0
514111,18
514112,19
514113,0
514114,0
514115,0
514116,19
514117,0
514118,0
514119,0
514120,0
514121,0
514122,20
514123,0
514124,0
514125,0
514126,0
514127,0
514128,14
514129,0
514130,0
514131,0
514132,0
514133,28
514134,0
514135,0
514136,0
514137,0
514138,0
514139,0
514140,0
514141,0
514142,0
514143,0
514144,20
514145,0
514146,0
514147,16
514148,0
514149,0
514150,0
514151,18
514152,0
514153,0
514154,25
514155,0
514156,0
514157,0
514158,0
514159,0
514160,0
514161,0
514162,26
514163,0
514164,0
514165,0
514166,19
514167,10
514168,0
514169,0
514170,0
514171,0
514172,0
514173,0
514174,0
514175,21
514176,0
514177,0
514178,12
514179,0
514180,17
514181,20
514182,0
514183,14
514184,27
514185,0
514186,0
514187,0
514188,23
514189,0
514190,0
514191,0
514192,0
514193,16
514194,0
514195,0
514196,20
514197,0
514198,0
514199,0
514200,0
514201,28
514202,0
514203,0
514204,0
514205,10
514206,23
514207,0
514208,0
514209,14
514210,22
514211,25
514212,0
514213,0
514214,0
514215,0
514216,12
514217,0
514218,21
514219,13
514220,0
514221,0
514222,0
514223,0
514224,0
514225,0
514226,0
514227,0
514228,0
514229,0
514230,0
514231,0
514232,0
514233,0
514234,0
514235,0
514236,0
514237,18
514238,0
514239,0
514240,26
514241,19
514242,0
514243,0
514244,21
514245,0
514246,0
514247,0
514248,0
514249,0
514250,0
514251,14
514252,21
514253,0
514254,0
514255,19
514256,0
514257,0
514258,18
514259,0
514260,0
514261,13
514262,0
514263,0
514264,33
514265,0
514266,23
514267,0
514268,20
514269,0
514270,0
514271,12
514272,21
514273,0
514274,0
514275,16
514276,0
514277,0
514278,21
514279,0
514280,0
514281,19
514282,0
514283,0
514284,0
514285,12
514286,0
514287,0
514288,0
514289,0
514290,0
514291,0
514292,0
514293,27
514294,14
514295,13
514296,0
514297,0
514298,0
514299,0
514300,20
514301,29
514302,21
514303,0
514304,0
514305,0
514306,25
514307,0
514308,0
514309,12
514310,0
514311,0
514312,0
514313,0
514314,0
514315,19
514316,23
514317,0
514318,0
514319,0
514320,0
514321,0
514322,0
514323,0
514324,0
514325,0
514326,0
514327,0
514328,23
514329,0
514330,0
514331,0
514332,12
514333,0
514334,0
514335,14
514336,0
514337,0
514338,0
514339,0
514340,0
514341,0
514342,0
514343,0
514344,0
514345,0
514346,0
514347,0
514348,0
514349,19
514350,0
514351,9
514352,0
514353,0
514354,0
514355,0
514356,0
514357,0
514358,0
514359,0
514360,0
514361,0
514362,11
514363,0
514364,0
514365,0
514366,0
514367,0
514368,0
514369,0
514370,17
514371,0
514372,0
514373,0
514374,0
514375,0
514376,11
514377,0
514378,15
514379,0
514380,0
514381,0
514382,17
514383,0
514384,0
514385,0
514386,0
514387,0
514388,5
514389,0
514390,8
514391,0
514392,0
514393,0
514394,0
514395,0
514396,10
514397,0
514398,0
514399,0
514400,0
514401,0
514402,0
514403,0
514404,0
514405,0
514406,0
514407,0
514408,17
514409,0
514410,0
514411,0
514412,16
514413,0
514414,0
514415,0
514416,0
514417,0
514418,9
514419,0
514420,0
514421,0
514422,0
514423,0
514424,0
514425,0
514426,0
514427,0
514428,0
514429,0
514430,0
514431,0
514432,0
514433,0
514434,0
514435,0
514436,0
514437,0
514438,0
514439,0
514440,0
514441,0
514442,0
514443,0
514444,0
514445,0
514446,0
514447,0
514448,0
514449,0
514450,0
514451,0
514452,0
514453,8
514454,0
514455,0
514456,0
514457,0
514458,0
514459,0
514460,0
514461,0
514462,0
514463,0
514464,0
514465,0
514466,0
514467,0
514468,0
514469,0
514470,0
514471,0
514472,0
514473,0
514474,0
514475,0
514476,0
514477,0
514478,0
514479,0
514480,0
514481,0
514482,0
514483,0
514484,0
514485,0
514486,0
514487,0
514488,0
514489,0
514490,0
514491,0
514492,0
514493,0
514494,0
514495,0
514496,12
514497,0
514498,0
514499,0
514500,0
514501,0
514502,0
514503,0
514504,0
514505,0
514506,0
514507,0
514508,0
514509,0
514510,0
514511,0
514512,0
514513,0
514514,0
514515,0
514516,0
514517,0
514518,0
514519,0
514520,0
514521,0
514522,0
514523,0
514524,0
514525,0
514526,0
514527,0
514528,0
514529,0
514530,14
514531,0
514532,0
514533,7
514534,0
514535,0
514536,0
514537,0
514538,9
514539,0
514540,0
514541,0
514542,0
514543,0
514544,0
514545,0
514546,0
514547,0
514548,0
514549,0
514550,0
514551,0
514552,0
514553,0
514554,9
514555,0
514556,0
514557,12
514558,0
514559,0
514560,0
514561,0
514562,0
514563,0
514564,0
514565,0
514566,0
514567,0
514568,8
514569,0
514570,0
514571,0
514572,13
514573,0
514574,0
514575,14
514576,0
514577,0
514578,0
514579,0
514580,0
514581,0
514582,0
514583,0
514584,0
514585,0
514586,0
514587,0
514588,9
514589,0
514590,7
514591,0
514592,0
514593,0
514594,0
514595,0
514596,0
514597,0
514598,0
514599,0
514600,0
514601,0
514602,0
514603,0
514604,0
514605,0
514606,0
514607,0
514608,0
514609,0
514610,0
514611,0
514612,17
514613,0
514614,0
514615,0
514616,0
514617,0
514618,0
514619,0
514620,0
514621,0
514622,0
514623,0
514624,0
514625,0
514626,6
514627,0
514628,0
514629,0
514630,0
514631,0
514632,0
514633,0
514634,0
514635,0
514636,0
514637,0
514638,0
514639,0
514640,0
514641,0
514642,0
514643,0
514644,0
514645,0
514646,0
514647,0
514648,0
514649,0
514650,0
514651,0
514652,0
514653,0
514654,0
514655,0
514656,0
514657,0
514658,0
514659,0
514660,0
514661,0
514662,0
514663,0
514664,0
514665,0
514666,0
514667,0
514668,0
514669,0
514670,0
514671,0
514672,0
514673,0
514674,0
514675,0
514676,0
514677,0
514678,0
514679,0
514680,0
514681,0
514682,0
514683,0
514684,0
514685,0
514686,0
514687,0
514688,0
514689,0
514690,0
514691,0
514692,0
514693,0
514694,0
514695,0
514696,0
514697,0
514698,0
514699,0
514700,0
514701,0
514702,0
514703,0
514704,15
514705,0
514706,13
514707,0
514708,0
514709,0
514710,0
514711,0
514712,0
514713,0
514714,0
514715,0
514716,0
514717,9
514718,0
514719,0
514720,0
514721,0
514722,0
514723,11
514724,0
514725,0
514726,0
514727,0
514728,0
514729,0
514730,0
514731,0
514732,0
514733,0
514734,0
514735,0
514736,0
514737,0
514738,0
514739,13
514740,0
514741,0
514742,0
514743,17
514744,0
514745,0
514746,0
514747,0
514748,0
514749,0
514750,0
514751,0
514752,8
514753,0
514754,0
514755,0
514756,0
514757,0
514758,0
514759,0
514760,0
514761,0
514762,0
514763,0
514764,0
514765,0
514766,0
514767,0
514768,0
514769,0
514770,0
514771,0
514772,0
514773,0
514774,0
514775,4
514776,0
514777,0
514778,0
514779,0
514780,0
514781,0
514782,0
514783,0
514784,0
514785,0
514786,0
514787,0
514788,0
514789,0
514790,0
514791,0
514792,0
514793,0
514794,0
514795,0
514796,0
514797,0
514798,0
514799,0
514800,0
514801,0
514802,0
514803,0
514804,0
514805,8
514806,0
514807,0
514808,0
514809,0
514810,0
514811,0
514812,0
514813,0
514814,12
514815,0
514816,0
514817,0
514818,0
514819,0
514820,0
514821,0
514822,0
514823,0
514824,0
514825,0
514826,0
514827,0
514828,0
514829,0
514830,0
514831,0
514832,0
514833,0
514834,6
514835,0
514836,0
514837,0
514838,0
514839,0
514840,0
514841,0
514842,12
514843,0
514844,0
514845,0
514846,0
514847,0
514848,0
514849,0
514850,11
514851,0
514852,16
514853,0
514854,0
514855,0
514856,0
514857,0
514858,13
514859,0
514860,0
514861,0
514862,0
514863,0
514864,0
514865,0
514866,0
514867,0
514868,0
514869,0
514870,0
514871,0
514872,0
514873,0
514874,0
514875,0
514876,0
514877,0
514878,0
514879,0
514880,0
514881,0
514882,0
514883,0
514884,0
514885,0
514886,0
514887,0
514888,0
514889,0
514890,0
514891,0
514892,8
514893,0
514894,0
514895,0
514896,0
514897,0
514898,0
514899,0
514900,0
514901,0
514902,0
514903,0
514904,0
514905,0
514906,0
514907,0
514908,0
514909,0
514910,0
514911,0
514912,0
514913,0
514914,0
514915,0
514916,0
514917,0
514918,0
514919,0
514920,0
514921,6
514922,0
514923,0
514924,0
514925,0
514926,0
514927,0
514928,0
514929,0
514930,0
514931,0
514932,0
514933,14
514934,0
514935,0
514936,0
514937,0
514938,0
514939,0
514940,0
514941,12
514942,0
514943,0
514944,0
514945,0
514946,0
514947,14
514948,0
514949,0
514950,0
514951,0
514952,0
514953,0
514954,0
514955,0
514956,0
514957,0
514958,0
514959,0
514960,0
514961,0
514962,0
514963,0
514964,0
514965,0
514966,0
514967,0
514968,12
514969,0
514970,0
514971,0
514972,0
514973,0
514974,0
514975,0
514976,0
514977,0
514978,0
514979,0
514980,0
514981,0
514982,0
514983,0
514984,0
514985,0
514986,0
514987,0
514988,0
514989,0
514990,0
514991,14
514992,0
514993,0
514994,0
514995,0
514996,0
514997,0
514998,0
514999,0
515000,0
515001,0
515002,0
515003,10
515004,0
515005,0
515006,0
515007,0
515008,0
515009,0
515010,0
515011,0
515012,0
515013,0
515014,0
515015,0
515016,0
515017,0
515018,0
515019,0
515020,0
515021,0
515022,0
515023,0
515024,0
515025,0
515026,0
515027,0
515028,0
515029,0
515030,0
515031,0
515032,19
515033,0
515034,0
515035,0
515036,0
515037,0
515038,0
515039,0
515040,0
515041,0
515042,0
515043,0
515044,0
515045,0
515046,0
515047,0
515048,0
515049,0
515050,0
515051,0
515052,0
515053,0
515054,0
515055,0
515056,0
515057,0
515058,0
515059,0
515060,0
515061,0
515062,0
515063,0
515064,0
515065,0
515066,0
515067,0
515068,0
515069,0
515070,0
515071,0
515072,0
515073,0
515074,0
515075,0
515076,0
515077,0
515078,0
515079,0
515080,16
515081,0
515082,0
515083,0
515084,18
515085,0
515086,12
515087,20
515088,10
515089,0
515090,0
515091,0
515092,0
515093,6
515094,0
515095,16
515096,0
515097,0
515098,7
515099,0
515100,0
515101,0
515102,0
515103,0
515104,0
515105,0
515106,0
515107,0
515108,0
515109,0
515110,0
515111,0
515112,0
515113,5
515114,0
515115,11
515116,0
515117,0
515118,0
515119,19
515120,0
515121,0
515122,0
515123,12
515124,0
515125,0
515126,0
515127,0
515128,0
515129,0
515130,0
515131,0
515132,0
515133,0
515134,0
515135,0
515136,0
515137,0
515138,0
515139,0
515140,0
515141,0
515142,0
515143,0
515144,9
515145,9
515146,0
515147,9
515148,0
515149,0
515150,0
515151,0
515152,0
515153,0
515154,0
515155,0
515156,0
515157,0
515158,13
515159,9
515160,0
515161,0
515162,12
515163,0
515164,0
515165,18
515166,20
515167,22
515168,0
515169,17
515170,0
515171,0
515172,11
515173,0
515174,0
515175,0
515176,0
515177,0
515178,0
515179,0
515180,0
515181,0
515182,0
515183,0
515184,12
515185,0
515186,0
515187,0
515188,12
515189,0
515190,0
515191,17
515192,0
515193,0
515194,0
515195,12
515196,0
515197,0
515198,0
515199,0
515200,12
515201,10
515202,0
515203,7
515204,0
515205,0
515206,0
515207,0
515208,19
515209,19
515210,0
515211,0
515212,0
515213,0
515214,0
515215,0
515216,0
515217,10
515218,0
515219,11
515220,0
515221,0
515222,14
515223,0
515224,0
515225,0
515226,0
515227,24
515228,0
515229,13
515230,0
515231,16
515232,0
515233,18
515234,0
515235,0
515236,0
515237,9
515238,0
515239,0
515240,0
515241,16
515242,0
515243,0
515244,0
515245,15
515246,0
515247,0
515248,0
515249,0
515250,25
515251,0
515252,0
515253,0
515254,11
515255,0
515256,0
515257,0
515258,19
515259,21
515260,0
515261,0
515262,0
515263,0
515264,0
515265,7
515266,0
515267,0
515268,9
515269,0
515270,14
515271,0
515272,0
515273,0
515274,0
515275,0
515276,0
515277,0
515278,0
515279,0
515280,0
515281,0
515282,0
515283,0
515284,0
515285,0
515286,14
515287,0
515288,0
515289,0
515290,0
515291,0
515292,0
515293,0
515294,15
515295,0
515296,0
515297,0
515298,0
515299,0
515300,0
515301,0
515302,0
515303,15
515304,0
515305,0
515306,15
515307,0
515308,0
515309,0
515310,0
515311,20
515312,0
515313,0
515314,13
515315,0
515316,0
515317,0
515318,0
515319,0
515320,0
515321,0
515322,0
515323,0
515324,0
515325,5
515326,0
515327,0
515328,0
515329,0
515330,12
515331,0
515332,0
515333,13
515334,0
515335,11
515336,0
515337,13
515338,0
515339,0
515340,18
515341,17
515342,0
515343,0
515344,14
515345,13
515346,0
515347,0
515348,0
515349,0
515350,0
515351,0
515352,0
515353,0
515354,0
515355,0
515356,0
515357,17
515358,18
515359,18
515360,0
515361,0
515362,14
515363,0
515364,0
515365,0
515366,0
515367,0
515368,11
515369,0
515370,8
515371,0
515372,19
515373,0
515374,0
515375,0
515376,0
515377,0
515378,0
515379,12
515380,0
515381,0
515382,0
515383,0
515384,0
515385,0
515386,0
515387,0
515388,13
515389,18
515390,18
515391,0
515392,0
515393,0
515394,0
515395,0
515396,0
515397,0
515398,0
515399,7
515400,11
515401,0
515402,0
515403,0
515404,0
515405,0
515406,0
515407,0
515408,0
515409,0
515410,6
515411,0
515412,0
515413,0
515414,0
515415,0
515416,0
515417,0
515418,16
515419,0
515420,0
515421,0
515422,0
515423,0
515424,16
515425,0
515426,0
515427,0
515428,5
515429,0
515430,0
515431,0
515432,8
515433,0
515434,0
515435,0
515436,0
515437,0
515438,0
515439,0
515440,14
515441,0
515442,0
515443,0
515444,0
515445,0
515446,0
515447,0
515448,0
515449,12
515450,10
515451,0
515452,0
515453,0
515454,0
515455,0
515456,0
515457,0
515458,0
515459,0
515460,0
515461,0
515462,0
515463,0
515464,0
515465,0
515466,0
515467,0
515468,0
515469,0
515470,0
515471,0
515472,0
515473,0
515474,0
515475,0
515476,0
515477,0
515478,22
515479,0
515480,0
515481,0
515482,0
515483,0
515484,0
515485,14
515486,22
515487,22
515488,0
515489,0
515490,0
515491,0
515492,0
515493,0
515494,0
515495,0
515496,0
515497,25
515498,0
515499,0
515500,0
515501,0
515502,0
515503,0
515504,0
515505,0
515506,0
515507,0
515508,0
515509,0
515510,0
515511,0
515512,0
515513,11
515514,0
515515,0
515516,0
515517,7
515518,0
515519,0
515520,0
515521,0
515522,14
515523,0
515524,0
515525,0
515526,14
515527,11
515528,18
515529,0
515530,0
515531,0
515532,0
515533,15
515534,0
515535,0
515536,0
515537,20
515538,0
515539,15
515540,0
515541,0
515542,0
515543,22
515544,6
515545,0
515546,0
515547,0
515548,0
515549,11
515550,11
515551,0
515552,0
515553,7
515554,0
515555,0
515556,0
515557,0
515558,0
515559,0
515560,0
515561,0
515562,14
515563,0
515564,18
515565,0
515566,2
515567,0
515568,0
515569,0
515570,0
515571,0
515572,0
515573,0
515574,4
515575,0
515576,0
515577,0
515578,0
515579,0
515580,0
515581,0
515582,0
515583,0
515584,0
515585,0
515586,0
515587,0
515588,0
515589,0
515590,4
515591,1
515592,0
515593,0
515594,0
515595,0
515596,0
515597,6
515598,0
515599,0
515600,0
515601,0
515602,0
515603,0
515604,0
515605,0
515606,0
515607,0
515608,0
515609,0
515610,0
515611,0
515612,0
515613,0
515614,0
515615,0
515616,0
515617,0
515618,0
515619,0
515620,3
515621,0
515622,0
515623,7
515624,0
515625,3
515626,0
515627,0
515628,0
515629,0
515630,0
515631,0
515632,0
515633,0
515634,0
515635,0
515636,0
515637,0
515638,0
515639,0
515640,0
515641,0
515642,3
515643,0
515644,0
515645,0
515646,0
515647,0
515648,4
515649,0
515650,0
515651,0
515652,0
515653,5
515654,0
515655,4
515656,0
515657,0
515658,0
515659,0
515660,0
515661,0
515662,0
515663,0
515664,0
515665,0
515666,0
515667,0
515668,0
515669,0
515670,0
515671,0
515672,0
515673,0
515674,0
515675,6
515676,0
515677,3
515678,0
515679,0
515680,2
515681,0
515682,0
515683,5
515684,0
515685,2
515686,0
515687,0
515688,0
515689,0
515690,0
515691,0
515692,0
515693,0
515694,0
515695,0
515696,0
515697,0
515698,0
515699,0
515700,0
515701,0
515702,1
515703,0
515704,0
515705,0
515706,0
515707,0
515708,0
515709,7
515710,0
515711,0
515712,0
515713,3
515714,0
515715,0
515716,0
515717,0
515718,0
515719,2
515720,0
515721,0
515722,0
515723,0
515724,0
515725,7
515726,0
515727,0
515728,0
515729,3
515730,4
515731,0
515732,0
515733,0
515734,0
515735,0
515736,1
515737,0
515738,2
515739,6
515740,0
515741,0
515742,0
515743,0
515744,5
515745,3
515746,1
515747,0
515748,0
515749,0
515750,0
515751,0
515752,0
515753,0
515754,0
515755,0
515756,0
515757,0
515758,0
515759,2
515760,5
515761,6
515762,0
515763,0
515764,0
515765,3
515766,0
515767,0
515768,0
515769,2
515770,0
515771,0
515772,0
515773,0
515774,0
515775,0
515776,0
515777,0
515778,0
515779,0
515780,0
515781,3
515782,0
515783,0
515784,0
515785,0
515786,0
515787,0
515788,0
515789,3
515790,0
515791,0
515792,0
515793,0
515794,0
515795,2
515796,0
515797,0
515798,0
515799,0
515800,0
515801,0
515802,0
515803,0
515804,0
515805,0
515806,0
515807,0
515808,0
515809,0
515810,0
515811,0
515812,0
515813,0
515814,0
515815,0
515816,0
515817,0
515818,1
515819,0
515820,0
515821,0
515822,0
515823,0
515824,0
515825,0
515826,0
515827,0
515828,0
515829,0
515830,0
515831,0
515832,0
515833,0
515834,0
515835,0
515836,0
515837,0
515838,0
515839,3
515840,0
515841,0
515842,0
515843,2
515844,0
515845,0
515846,0
515847,0
515848,0
515849,0
515850,0
515851,0
515852,0
515853,0
515854,0
515855,0
515856,0
515857,0
515858,0
515859,0
515860,0
515861,0
515862,4
515863,0
515864,0
515865,0
515866,2
515867,0
515868,0
515869,1
515870,0
515871,0
515872,0
515873,2
515874,0
515875,0
515876,0
515877,0
515878,0
515879,0
515880,0
515881,0
515882,0
515883,0
515884,5
515885,0
515886,0
515887,0
515888,2
515889,0
515890,0
515891,0
515892,0
515893,0
515894,0
515895,5
515896,0
515897,0
515898,0
515899,0
515900,0
515901,0
515902,0
515903,5
515904,0
515905,0
515906,0
515907,0
515908,0
515909,0
515910,5
515911,0
515912,0
515913,0
515914,0
515915,0
515916,0
515917,0
515918,2
515919,0
515920,3
515921,0
515922,0
515923,0
515924,0
515925,1
515926,0
515927,0
515928,0
515929,0
515930,0
515931,0
515932,0
515933,0
515934,0
515935,0
515936,0
515937,0
515938,0
515939,3
515940,0
515941,0
515942,0
515943,1
515944,0
515945,3
515946,0
515947,0
515948,0
515949,0
515950,0
515951,0
515952,4
515953,0
515954,0
515955,0
515956,0
515957,0
515958,0
515959,0
515960,0
515961,0
515962,0
515963,0
515964,0
515965,0
515966,0
515967,1
515968,2
515969,0
515970,0
515971,0
515972,0
515973,0
515974,0
515975,1
515976,0
515977,0
515978,0
515979,7
515980,0
515981,3
515982,0
515983,0
515984,1
515985,0
515986,0
515987,0
515988,0
515989,0
515990,0
515991,0
515992,0
515993,0
515994,5
515995,0
515996,0
515997,0
515998,4
515999,0
516000,1
516001,0
516002,0
516003,0
516004,0
516005,0
516006,0
516007,0
516008,0
516009,0
516010,0
516011,0
516012,0
516013,0
516014,0
516015,0
516016,0
516017,0
516018,0
516019,0
516020,6
516021,0
516022,1
516023,0
516024,0
516025,0
516026,0
516027,0
516028,0
516029,0
516030,0
516031,0
516032,0
516033,2
516034,0
516035,6
516036,0
516037,0
516038,3
516039,2
516040,0
516041,0
516042,3
516043,0
516044,0
516045,0
516046,0
516047,0
516048,0
516049,0
516050,5
516051,0
516052,0
516053,0
516054,0
516055,0
516056,0
516057,0
516058,0
516059,0
516060,0
516061,0
516062,2
516063,0
516064,0
516065,0
516066,0
516067,0
516068,2
516069,0
516070,3
516071,0
516072,0
516073,0
516074,0
516075,0
516076,0
516077,0
516078,0
516079,0
516080,0
516081,0
516082,0
516083,0
516084,0
516085,0
516086,7
516087,0
516088,0
516089,5
516090,0
516091,0
516092,0
516093,0
516094,4
516095,0
516096,0
516097,0
516098,0
516099,0
516100,0
516101,5
516102,0
516103,0
516104,0
516105,0
516106,0
516107,0
516108,0
516109,0
516110,0
516111,0
516112,0
516113,0
516114,1
516115,0
516116,0
516117,0
516118,0
516119,0
516120,0
516121,0
516122,0
516123,0
516124,0
516125,0
516126,0
516127,0
516128,0
516129,0
516130,0
516131,1
516132,0
516133,0
516134,0
516135,0
516136,0
516137,0
516138,0
516139,0
516140,0
516141,4
516142,0
516143,4
516144,0
516145,0
516146,1
516147,0
516148,0
516149,0
516150,0
516151,0
516152,0
516153,0
516154,0
516155,0
516156,0
516157,0
516158,0
516159,2
516160,0
516161,0
516162,0
516163,0
516164,0
516165,0
516166,0
516167,0
516168,0
516169,0
516170,0
516171,0
516172,0
516173,0
516174,0
516175,0
516176,0
516177,0
516178,0
516179,0
516180,0
516181,0
516182,0
516183,0
516184,0
516185,0
516186,0
516187,1
516188,0
516189,0
516190,0
516191,0
516192,0
516193,0
516194,6
516195,0
516196,5
516197,0
516198,0
516199,0
516200,1
516201,0
516202,0
516203,0
516204,0
516205,0
516206,0
516207,0
516208,0
516209,0
516210,0
516211,0
516212,0
516213,0
516214,0
516215,0
516216,1
516217,0
516218,2
516219,0
516220,0
516221,0
516222,0
516223,4
516224,0
516225,3
516226,0
516227,0
516228,0
516229,5
516230,0
516231,0
516232,2
516233,0
516234,0
516235,0
516236,0
516237,0
516238,0
516239,25
516240,0
516241,43
516242,0
516243,0
516244,0
516245,0
516246,0
516247,0
516248,0
516249,0
516250,0
516251,0
516252,0
516253,33
516254,25
516255,44
516256,0
516257,0
516258,0
516259,0
516260,0
516261,34
516262,35
516263,28
516264,0
516265,0
516266,33
516267,42
516268,26
516269,0
516270,0
516271,0
516272,0
516273,0
516274,0
516275,0
516276,0
516277,0
516278,0
516279,0
516280,0
516281,0
516282,37
516283,0
516284,0
516285,0
516286,0
516287,0
516288,0
516289,24
516290,26
516291,0
516292,0
516293,0
516294,0
516295,0
516296,0
516297,0
516298,0
516299,51
516300,0
516301,30
516302,0
516303,0
516304,0
516305,0
516306,0
516307,0
516308,0
516309,34
516310,0
516311,40
516312,41
516313,29
516314,0
516315,30
516316,0
516317,33
516318,0
516319,0
516320,0
516321,0
516322,26
516323,0
516324,0
516325,0
516326,26
516327,0
516328,0
516329,0
516330,0
516331,0
516332,0
516333,0
516334,0
516335,0
516336,22
516337,0
516338,0
516339,29
516340,0
516341,50
516342,31
516343,0
516344,0
516345,0
516346,0
516347,38
516348,0
516349,0
516350,0
516351,0
516352,36
516353,0
516354,0
516355,0
516356,0
516357,0
516358,0
516359,0
516360,0
516361,0
516362,28
516363,20
516364,0
516365,0
516366,0
516367,0
516368,50
516369,0
516370,0
516371,0
516372,0
516373,0
516374,0
516375,0
516376,0
516377,0
516378,0
516379,0
516380,0
516381,20
516382,0
516383,24
516384,0
516385,0
516386,39
516387,0
516388,0
516389,25
516390,0
516391,33
516392,44
516393,0
516394,24
516395,23
516396,32
516397,32
516398,0
516399,0
516400,0
516401,0
516402,0
516403,0
516404,26
516405,0
516406,0
516407,0
516408,0
516409,29
516410,47
516411,28
516412,0
516413,0
516414,0
516415,0
516416,0
516417,0
516418,0
516419,0
516420,0
516421,0
516422,0
516423,0
516424,27
516425,0
516426,0
516427,0
516428,0
516429,0
516430,0
516431,0
516432,0
516433,0
516434,0
516435,0
516436,0
516437,28
516438,34
516439,0
516440,29
516441,0
516442,0
516443,0
516444,0
516445,0
516446,0
516447,0
516448,0
516449,0
516450,0
516451,0
516452,33
516453,0
516454,23
516455,0
516456,0
516457,0
516458,0
516459,0
516460,44
516461,36
516462,33
516463,0
516464,0
516465,38
516466,0
516467,30
516468,0
516469,22
516470,0
516471,0
516472,34
516473,0
516474,0
516475,0
516476,0
516477,0
516478,0
516479,0
516480,0
516481,0
516482,31
516483,0
516484,0
516485,0
516486,0
516487,0
516488,0
516489,0
516490,0
516491,0
516492,0
516493,0
516494,0
516495,29
516496,0
516497,20
516498,0
516499,27
516500,0
516501,0
516502,0
516503,0
516504,0
516505,0
516506,0
516507,0
516508,0
516509,0
516510,40
516511,20
516512,0
516513,23
516514,0
516515,0
516516,0
516517,23
516518,0
516519,28
516520,0
516521,0
516522,0
516523,0
516524,0
516525,26
516526,0
516527,0
516528,0
516529,0
516530,0
516531,0
516532,0
516533,0
516534,38
516535,0
516536,0
516537,0
516538,0
516539,0
516540,35
516541,0
516542,30
516543,0
516544,22
516545,0
516546,0
516547,0
516548,0
516549,24
516550,0
516551,0
516552,0
516553,0
516554,0
516555,37
516556,0
516557,0
516558,0
516559,0
516560,0
516561,39
516562,0
516563,0
516564,0
516565,31
516566,0
516567,0
516568,0
516569,0
516570,36
516571,0
516572,0
516573,30
516574,25
516575,0
516576,0
516577,0
516578,0
516579,22
516580,0
516581,0
516582,0
516583,0
516584,0
516585,32
516586,0
516587,32
516588,36
516589,25
516590,0
516591,0
516592,0
516593,35
516594,0
516595,0
516596,0
516597,0
516598,0
516599,27
516600,0
516601,25
516602,0
516603,31
516604,0
516605,0
516606,0
516607,0
516608,0
516609,30
516610,0
516611,41
516612,47
516613,0
516614,0
516615,0
516616,0
516617,0
516618,0
516619,0
516620,35
516621,0
516622,0
516623,0
516624,0
516625,21
516626,20
516627,0
516628,0
516629,0
516630,0
516631,47
516632,0
516633,0
516634,32
516635,0
516636,0
516637,0
516638,0
516639,0
516640,0
516641,26
516642,22
516643,45
516644,43
516645,17
516646,0
516647,0
516648,0
516649,0
516650,0
516651,0
516652,0
516653,37
516654,0
516655,0
516656,0
516657,52
516658,56
516659,0
516660,0
516661,0
516662,0
516663,45
516664,28
516665,0
516666,51
516667,0
516668,36
516669,0
516670,0
516671,0
516672,0
516673,0
516674,0
516675,42
516676,0
516677,0
516678,21
516679,0
516680,43
516681,47
516682,35
516683,0
516684,0
516685,0
516686,40
516687,0
516688,0
516689,0
516690,0
516691,0
516692,0
516693,33
516694,0
516695,45
516696,0
516697,0
516698,0
516699,0
516700,42
516701,45
516702,0
516703,0
516704,0
516705,0
516706,0
516707,0
516708,26
516709,0
516710,0
516711,0
516712,0
516713,0
516714,0
516715,0
516716,0
516717,0
516718,29
516719,51
516720,37
516721,37
516722,38
516723,36
516724,42
516725,0
516726,0
516727,0
516728,0
516729,19
516730,0
516731,30
516732,0
516733,40
516734,0
516735,17
516736,0
516737,33
516738,0
516739,0
516740,29
516741,0
516742,0
516743,0
516744,0
516745,0
516746,27
516747,0
516748,0
516749,51
516750,42
516751,0
516752,0
516753,0
516754,0
516755,0
516756,29
516757,0
516758,0
516759,21
516760,0
516761,0
516762,47
516763,0
516764,0
516765,0
516766,50
516767,0
516768,0
516769,39
516770,0
516771,0
516772,0
516773,0
516774,0
516775,0
516776,0
516777,0
516778,63
516779,0
516780,0
516781,25
516782,0
516783,0
516784,0
516785,0
516786,0
516787,0
516788,0
516789,59
516790,0
516791,0
516792,0
516793,0
516794,0
516795,0
516796,59
516797,48
516798,25
516799,0
516800,0
516801,0
516802,0
516803,0
516804,0
516805,0
516806,55
516807,0
516808,0
516809,41
516810,0
516811,0
516812,34
516813,0
516814,32
516815,0
516816,0
516817,0
516818,27
516819,0
516820,0
516821,0
516822,22
516823,0
516824,0
516825,0
516826,20
516827,49
516828,64
516829,0
516830,40
516831,0
516832,0
516833,0
516834,0
516835,0
516836,0
516837,0
516838,0
516839,0
516840,0
516841,47
516842,0
516843,21
516844,0
516845,0
516846,0
516847,0
516848,0
516849,0
516850,0
516851,0
516852,0
516853,0
516854,0
516855,0
516856,38
516857,0
516858,0
516859,33
516860,0
516861,0
516862,0
516863,0
516864,0
516865,53
516866,66
516867,36
516868,17
516869,0
516870,23
516871,34
516872,0
516873,0
516874,0
516875,0
516876,0
516877,0
516878,0
516879,0
516880,38
516881,0
516882,0
516883,0
516884,0
516885,39
516886,0
516887,0
516888,0
516889,0
516890,0
516891,0
516892,32
516893,43
516894,42
516895,0
516896,0
516897,0
516898,0
516899,0
516900,0
516901,0
516902,20
516903,0
516904,0
516905,0
516906,0
516907,62
516908,0
516909,0
516910,0
516911,38
516912,0
516913,0
516914,0
516915,41
516916,0
516917,0
516918,0
516919,32
516920,0
516921,0
516922,0
516923,0
516924,0
516925,0
516926,36
516927,34
516928,0
516929,0
516930,0
516931,0
516932,0
516933,45
516934,0
516935,43
516936,0
516937,27
516938,0
516939,0
516940,0
516941,0
516942,0
516943,0
516944,0
516945,18
516946,0
516947,0
516948,0
516949,0
516950,0
516951,0
516952,0
516953,0
516954,0
516955,0
516956,44
516957,0
516958,20
516959,27
516960,31
516961,25
516962,0
516963,0
516964,22
516965,29
516966,0
516967,0
516968,0
516969,0
516970,0
516971,0
516972,25
516973,43
516974,0
516975,32
516976,0
516977,0
516978,0
516979,34
516980,0
516981,0
516982,55
516983,38
516984,0
516985,0
516986,0
516987,0
516988,0
516989,0
516990,0
516991,0
516992,0
516993,25
516994,0
516995,19
516996,0
516997,0
516998,34
516999,34
517000,0
517001,40
517002,0
517003,0
517004,0
517005,53
517006,0
517007,0
517008,41
517009,0
517010,0
517011,0
517012,0
517013,0
517014,0
517015,0
517016,0
517017,0
517018,0
517019,43
517020,0
517021,31
517022,0
517023,0
517024,43
517025,0
517026,0
517027,0
517028,49
517029,0
517030,0
517031,0
517032,0
517033,46
517034,20
517035,41
517036,0
517037,0
517038,29
517039,0
517040,0
517041,47
517042,0
517043,61
517044,27
517045,0
517046,0
517047,0
517048,41
517049,0
517050,26
517051,0
517052,0
517053,30
517054,0
517055,0
517056,19
517057,0
517058,0
517059,0
517060,47
517061,0
517062,0
517063,0
517064,0
517065,0
517066,29
517067,0
517068,0
517069,0
517070,25
517071,0
517072,0
517073,0
517074,0
517075,26
517076,33
517077,0
517078,49
517079,22
517080,39
517081,0
517082,0
517083,24
517084,0
517085,0
517086,0
517087,46
517088,0
517089,0
517090,0
517091,0
517092,0
517093,0
517094,0
517095,60
517096,0
517097,46
517098,52
517099,28
517100,0
517101,57
517102,0
517103,0
517104,43
517105,0
517106,38
517107,0
517108,0
517109,41
517110,24
517111,33
517112,0
517113,0
517114,24
517115,0
517116,35
517117,0
517118,0
517119,0
517120,0
517121,49
517122,0
517123,0
517124,0
517125,0
517126,0
517127,0
517128,0
517129,0
517130,0
517131,0
517132,0
517133,5
517134,0
517135,0
517136,0
517137,0
517138,4
517139,0
517140,3
517141,0
517142,0
517143,0
517144,2
517145,0
517146,0
517147,1
517148,0
517149,0
517150,0
517151,0
517152,0
517153,0
517154,0
517155,0
517156,0
517157,0
517158,0
517159,0
517160,1
517161,0
517162,0
517163,0
517164,0
517165,2
517166,0
517167,1
517168,1
517169,2
517170,0
517171,0
517172,3
517173,0
517174,0
517175,0
517176,0
517177,1
517178,0
517179,0
517180,0
517181,0
517182,0
517183,0
517184,0
517185,0
517186,0
517187,0
517188,0
517189,0
517190,0
517191,0
517192,0
517193,0
517194,0
517195,0
517196,0
517197,0
517198,0
517199,0
517200,0
517201,0
517202,0
517203,0
517204,0
517205,0
517206,2
517207,0
517208,0
517209,0
517210,0
517211,0
517212,0
517213,0
517214,0
517215,0
517216,0
517217,0
517218,0
517219,0
517220,0
517221,0
517222,0
517223,0
517224,1
517225,0
517226,0
517227,0
517228,4
517229,0
517230,0
517231,0
517232,0
517233,0
517234,0
517235,1
517236,0
517237,0
517238,0
517239,0
517240,2
517241,0
517242,0
517243,1
517244,0
517245,2
517246,0
517247,0
517248,0
517249,0
517250,0
517251,0
517252,1
517253,0
517254,0
517255,0
517256,0
517257,0
517258,0
517259,0
517260,0
517261,0
517262,0
517263,0
517264,0
517265,3
517266,0
517267,0
517268,0
517269,0
517270,0
517271,0
517272,0
517273,0
517274,0
517275,1
517276,0
517277,2
517278,2
517279,0
517280,0
517281,0
517282,0
517283,0
517284,0
517285,0
517286,0
517287,0
517288,0
517289,0
517290,0
517291,3
517292,0
517293,0
517294,3
517295,1
517296,0
517297,0
517298,0
517299,0
517300,0
517301,0
517302,0
517303,2
517304,0
517305,0
517306,3
517307,0
517308,1
517309,0
517310,0
517311,2
517312,0
517313,0
517314,0
517315,3
517316,0
517317,0
517318,0
517319,0
517320,0
517321,0
517322,0
517323,0
517324,0
517325,1
517326,0
517327,0
517328,0
517329,0
517330,0
517331,2
517332,1
517333,0
517334,0
517335,0
517336,0
517337,0
517338,0
517339,0
517340,0
517341,0
517342,0
517343,0
517344,0
517345,0
517346,0
517347,0
517348,0
517349,0
517350,0
517351,0
517352,0
517353,0
517354,0
517355,0
517356,0
517357,0
517358,0
517359,0
517360,0
517361,0
517362,0
517363,0
517364,0
517365,0
517366,0
517367,0
517368,0
517369,0
517370,0
517371,0
517372,0
517373,0
517374,0
517375,0
517376,0
517377,0
517378,0
517379,0
517380,0
517381,0
517382,0
517383,0
517384,0
517385,0
517386,1
517387,2
517388,0
517389,0
517390,0
517391,0
517392,2
517393,0
517394,0
517395,0
517396,0
517397,0
517398,0
517399,0
517400,0
517401,0
517402,0
517403,1
517404,0
517405,0
517406,1
517407,0
517408,1
517409,0
517410,2
517411,0
517412,0
517413,0
517414,0
517415,0
517416,0
517417,0
517418,0
517419,0
517420,0
517421,0
517422,0
517423,0
517424,1
517425,0
517426,0
517427,0
517428,0
517429,1
517430,0
517431,0
517432,0
517433,0
517434,0
517435,2
517436,2
517437,2
517438,0
517439,0
517440,0
517441,0
517442,1
517443,0
517444,0
517445,0
517446,0
517447,0
517448,0
517449,0
517450,2
517451,0
517452,0
517453,0
517454,0
517455,0
517456,0
517457,0
517458,0
517459,0
517460,0
517461,0
517462,0
517463,2
517464,0
517465,0
517466,0
517467,0
517468,0
517469,0
517470,1
517471,0
517472,0
517473,0
517474,0
517475,0
517476,0
517477,0
517478,0
517479,3
517480,0
517481,0
517482,0
517483,0
517484,0
517485,0
517486,2
517487,0
517488,0
517489,2
517490,0
517491,2
517492,0
517493,2
517494,0
517495,0
517496,0
517497,0
517498,0
517499,0
517500,0
517501,0
517502,0
517503,0
517504,0
517505,0
517506,0
517507,0
517508,2
517509,0
517510,0
517511,0
517512,0
517513,0
517514,0
517515,0
517516,0
517517,0
517518,0
517519,0
517520,0
517521,0
517522,0
517523,0
517524,0
517525,0
517526,0
517527,0
517528,0
517529,0
517530,0
517531,0
517532,0
517533,2
517534,0
517535,0
517536,0
517537,0
517538,0
517539,0
517540,0
517541,0
517542,1
517543,0
517544,0
517545,0
517546,0
517547,0
517548,0
517549,0
517550,0
517551,0
517552,1
517553,0
517554,0
517555,0
517556,0
517557,0
517558,0
517559,0
517560,0
517561,0
517562,0
517563,0
517564,2
517565,1
517566,0
517567,0
517568,0
517569,0
517570,0
517571,0
517572,0
517573,0
517574,0
517575,1
517576,1
517577,0
517578,2
517579,0
517580,0
517581,0
517582,0
517583,0
517584,0
517585,0
517586,1
517587,0
517588,0
517589,1
517590,0
517591,0
517592,0
517593,1
517594,0
517595,0
517596,0
517597,0
517598,0
517599,0
517600,1
517601,0
517602,1
517603,0
517604,2
517605,0
517606,2
517607,0
517608,0
517609,0
517610,0
517611,1
517612,0
517613,0
517614,0
517615,4
517616,0
517617,1
517618,0
517619,0
517620,0
517621,0
517622,0
517623,0
517624,0
517625,1
517626,0
517627,0
517628,2
517629,0
517630,0
517631,0
517632,0
517633,0
517634,0
517635,0
517636,0
517637,0
517638,0
517639,1
517640,0
517641,0
517642,0
517643,0
517644,0
517645,0
517646,0
517647,0
517648,0
517649,0
517650,0
517651,0
517652,0
517653,0
517654,0
517655,0
517656,0
517657,0
517658,0
517659,0
517660,0
517661,0
517662,0
517663,0
517664,0
517665,5
517666,0
517667,1
517668,0
517669,0
517670,0
517671,2
517672,1
517673,0
517674,1
517675,1
517676,0
517677,0
517678,0
517679,0
517680,0
517681,3
517682,0
517683,1
517684,0
517685,0
517686,0
517687,0
517688,1
517689,0
517690,0
517691,0
517692,0
517693,0
517694,2
517695,0
517696,0
517697,0
517698,0
517699,0
517700,0
517701,0
517702,0
517703,1
517704,1
517705,0
517706,0
517707,0
517708,0
517709,0
517710,1
517711,0
517712,0
517713,0
517714,0
517715,0
517716,0
517717,0
517718,0
517719,0
517720,5
517721,0
517722,0
517723,0
517724,0
517725,0
517726,0
517727,0
517728,0
517729,0
517730,0
517731,0
517732,1
517733,0
517734,0
517735,0
517736,0
517737,0
517738,0
517739,0
517740,0
517741,0
517742,0
517743,0
517744,0
517745,0
517746,0
517747,1
517748,0
517749,0
517750,0
517751,0
517752,0
517753,0
517754,3
517755,0
517756,1
517757,0
517758,0
517759,0
517760,0
517761,0
517762,0
517763,1
517764,0
517765,0
517766,0
517767,3
517768,0
517769,0
517770,0
517771,0
517772,0
517773,0
517774,0
517775,0
517776,0
517777,0
517778,0
517779,0
517780,0
517781,0
517782,0
517783,0
517784,0
517785,0
517786,0
517787,0
517788,0
517789,0
517790,0
517791,1
517792,0
517793,0
517794,2
517795,0
517796,0
517797,0
517798,2
517799,0
517800,0
517801,1
517802,0
517803,0
517804,0
517805,0
517806,0
517807,0
517808,0
517809,0
517810,2
517811,0
517812,0
517813,2
517814,0
517815,0
517816,0
517817,0
517818,0
517819,0
517820,1
517821,0
517822,0
517823,3
517824,0
517825,0
517826,0
517827,0
517828,0
517829,0
517830,0
517831,0
517832,1
517833,0
517834,0
517835,0
517836,0
517837,0
517838,0
517839,3
517840,0
517841,0
517842,0
517843,1
517844,0
517845,0
517846,0
517847,0
517848,0
517849,1
517850,0
517851,0
517852,0
517853,0
517854,0
517855,0
517856,0
517857,0
517858,0
517859,0
517860,0
517861,0
517862,0
517863,0
517864,0
517865,0
517866,0
517867,0
517868,0
517869,0
517870,0
517871,0
517872,0
517873,0
517874,0
517875,0
517876,2
517877,1
517878,0
517879,0
517880,0
517881,0
517882,0
517883,0
517884,0
517885,0
517886,0
517887,0
517888,0
517889,0
517890,0
517891,0
517892,0
517893,0
517894,0
517895,0
517896,0
517897,0
517898,0
517899,0
517900,0
517901,0
517902,0
517903,2
517904,0
517905,0
517906,0
517907,0
517908,0
517909,0
517910,0
517911,0
517912,0
517913,0
517914,0
517915,0
517916,1
517917,0
517918,1
517919,0
517920,0
517921,0
517922,0
517923,0
517924,0
517925,1
517926,0
517927,3
517928,0
517929,0
517930,0
517931,0
517932,2
517933,0
517934,2
517935,0
517936,0
517937,0
517938,1
517939,0
517940,0
517941,2
517942,0
517943,0
517944,0
517945,0
517946,0
517947,0
517948,0
517949,0
517950,4
517951,1
517952,1
517953,1
517954,1
517955,0
517956,0
517957,0
517958,0
517959,2
517960,0
517961,0
517962,0
517963,0
517964,0
517965,0
517966,0
517967,4
517968,1
517969,0
517970,0
517971,0
517972,0
517973,0
517974,0
517975,0
517976,0
517977,0
517978,0
517979,0
517980,0
517981,0
517982,0
517983,0
517984,0
517985,2
517986,0
517987,2
517988,0
517989,0
517990,0
517991,0
517992,0
517993,0
517994,0
517995,0
517996,0
517997,0
517998,1
517999,0
518000,0
518001,0
518002,2
518003,0
518004,2
518005,1
518006,0
518007,0
518008,0
518009,0
518010,0
518011,0
518012,0
518013,0
518014,0
518015,0
518016,4
518017,0
518018,0
518019,0
518020,0
518021,0
518022,5
518023,0
518024,0
518025,0
518026,0
518027,0
518028,0
518029,0
518030,0
518031,0
518032,0
518033,0
518034,0
518035,0
518036,0
518037,0
518038,0
518039,0
518040,0
518041,0
518042,0
518043,0
518044,0
518045,0
518046,0
518047,0
518048,0
518049,0
518050,0
518051,0
518052,0
518053,5
518054,0
518055,0
518056,0
518057,0
518058,0
518059,0
518060,6
518061,0
518062,0
518063,3
518064,0
518065,5
518066,0
518067,0
518068,0
518069,0
518070,0
518071,0
518072,0
518073,0
518074,0
518075,0
518076,0
518077,0
518078,0
518079,0
518080,0
518081,0
518082,0
518083,0
518084,0
518085,7
518086,0
518087,4
518088,4
518089,0
518090,0
518091,0
518092,0
518093,0
518094,0
518095,0
518096,0
518097,0
518098,6
518099,0
518100,0
518101,0
518102,0
518103,0
518104,0
518105,0
518106,0
518107,0
518108,0
518109,0
518110,0
518111,0
518112,0
518113,0
518114,0
518115,0
518116,0
518117,0
518118,0
518119,0
518120,0
518121,0
518122,7
518123,0
518124,0
518125,0
518126,0
518127,6
518128,0
518129,0
518130,0
518131,0
518132,0
518133,0
518134,0
518135,0
518136,0
518137,0
518138,0
518139,0
518140,0
518141,0
518142,0
518143,0
518144,0
518145,0
518146,0
518147,0
518148,0
518149,0
518150,0
518151,0
518152,0
518153,0
518154,0
518155,0
518156,0
518157,0
518158,0
518159,0
518160,0
518161,3
518162,9
518163,5
518164,0
518165,3
518166,0
518167,0
518168,0
518169,0
518170,0
518171,0
518172,0
518173,0
518174,0
518175,0
518176,5
518177,0
518178,8
518179,0
518180,0
518181,6
518182,0
518183,0
518184,0
518185,0
518186,0
518187,0
518188,0
518189,4
518190,0
518191,0
518192,0
518193,9
518194,0
518195,0
518196,0
518197,0
518198,0
518199,0
518200,0
518201,0
518202,0
518203,0
518204,0
518205,0
518206,0
518207,0
518208,8
518209,0
518210,0
518211,0
518212,0
518213,0
518214,0
518215,7
518216,0
518217,0
518218,0
518219,0
518220,0
518221,0
518222,11
518223,0
518224,0
518225,0
518226,0
518227,0
518228,0
518229,0
518230,0
518231,0
518232,0
518233,0
518234,0
518235,0
518236,0
518237,4
518238,7
518239,0
518240,6
518241,0
518242,0
518243,0
518244,0
518245,0
518246,0
518247,0
518248,0
518249,0
518250,0
518251,0
518252,0
518253,0
518254,0
518255,0
518256,0
518257,0
518258,0
518259,0
518260,0
518261,0
518262,0
518263,6
518264,0
518265,0
518266,0
518267,0
518268,0
518269,0
518270,0
518271,0
518272,0
518273,0
518274,0
518275,0
518276,0
518277,0
518278,0
518279,0
518280,0
518281,0
518282,0
518283,0
518284,0
518285,0
518286,0
518287,0
518288,0
518289,0
518290,0
518291,0
518292,0
518293,0
518294,0
518295,0
518296,0
518297,0
518298,6
518299,0
518300,0
518301,0
518302,0
518303,0
518304,0
518305,0
518306,0
518307,0
518308,0
518309,0
518310,0
518311,0
518312,0
518313,0
518314,0
518315,0
518316,0
518317,0
518318,0
518319,0
518320,0
518321,0
518322,0
518323,0
518324,0
518325,0
518326,0
518327,0
518328,0
518329,0
518330,5
518331,0
518332,0
518333,3
518334,0
518335,0
518336,0
518337,0
518338,0
518339,0
518340,0
518341,0
518342,0
518343,0
518344,0
518345,0
518346,0
518347,0
518348,0
518349,0
518350,0
518351,0
518352,0
518353,0
518354,0
518355,0
518356,0
518357,0
518358,0
518359,0
518360,0
518361,0
518362,0
518363,0
518364,0
518365,0
518366,0
518367,0
518368,0
518369,0
518370,0
518371,0
518372,0
518373,0
518374,0
518375,0
518376,0
518377,0
518378,0
518379,0
518380,0
518381,0
518382,0
518383,0
518384,0
518385,0
518386,0
518387,0
518388,0
518389,0
518390,0
518391,0
518392,0
518393,0
518394,0
518395,0
518396,12
518397,0
518398,0
518399,0
518400,0
518401,0
518402,0
518403,0
518404,0
518405,0
518406,6
518407,0
518408,0
518409,0
518410,0
518411,0
518412,0
518413,0
518414,0
518415,0
518416,0
518417,0
518418,0
518419,0
518420,0
518421,0
518422,0
518423,0
518424,0
518425,0
518426,0
518427,0
518428,0
518429,0
518430,0
518431,0
518432,0
518433,0
518434,4
518435,0
518436,0
518437,0
518438,0
518439,0
518440,0
518441,0
518442,0
518443,0
518444,3
518445,0
518446,0
518447,0
518448,0
518449,0
518450,0
518451,0
518452,0
518453,6
518454,0
518455,0
518456,6
518457,10
518458,0
518459,0
518460,0
518461,13
518462,10
518463,0
518464,0
518465,0
518466,0
518467,0
518468,0
518469,0
518470,0
518471,0
518472,0
518473,0
518474,0
518475,0
518476,0
518477,8
518478,0
518479,8
518480,0
518481,0
518482,0
518483,0
518484,0
518485,0
518486,0
518487,0
518488,3
518489,0
518490,0
518491,0
518492,0
518493,0
518494,0
518495,0
518496,0
518497,0
518498,0
518499,0
518500,0
518501,6
518502,0
518503,0
518504,0
518505,0
518506,10
518507,0
518508,0
518509,0
518510,0
518511,0
518512,0
518513,0
518514,0
518515,0
518516,0
518517,8
518518,0
518519,0
518520,0
518521,0
518522,9
518523,12
518524,0
518525,0
518526,0
518527,0
518528,0
518529,9
518530,0
518531,5
518532,0
518533,0
518534,0
518535,0
518536,0
518537,0
518538,0
518539,0
518540,0
518541,0
518542,0
518543,0
518544,0
518545,0
518546,0
518547,0
518548,0
518549,0
518550,4
518551,0
518552,0
518553,0
518554,0
518555,0
518556,0
518557,0
518558,0
518559,0
518560,0
518561,0
518562,0
518563,0
518564,0
518565,0
518566,0
518567,0
518568,0
518569,0
518570,0
518571,0
518572,0
518573,0
518574,3
518575,0
518576,0
518577,8
518578,0
518579,0
518580,0
518581,0
518582,0
518583,0
518584,0
518585,0
518586,0
518587,0
518588,0
518589,0
518590,0
518591,0
518592,0
518593,3
518594,0
518595,0
518596,0
518597,0
518598,0
518599,0
518600,0
518601,0
518602,0
518603,0
518604,0
518605,0
518606,0
518607,0
518608,0
518609,8
518610,0
518611,0
518612,0
518613,0
518614,6
518615,0
518616,0
518617,0
518618,0
518619,0
518620,0
518621,0
518622,0
518623,0
518624,0
518625,0
518626,0
518627,0
518628,0
518629,0
518630,0
518631,0
518632,0
518633,0
518634,0
518635,0
518636,0
518637,0
518638,0
518639,0
518640,0
518641,0
518642,0
518643,7
518644,0
518645,0
518646,0
518647,0
518648,0
518649,0
518650,0
518651,0
518652,0
518653,0
518654,0
518655,0
518656,0
518657,0
518658,0
518659,0
518660,0
518661,0
518662,0
518663,0
518664,0
518665,0
518666,0
518667,0
518668,0
518669,1
518670,0
518671,0
518672,0
518673,0
518674,0
518675,0
518676,8
518677,0
518678,0
518679,0
518680,0
518681,0
518682,0
518683,0
518684,12
518685,0
518686,0
518687,0
518688,9
518689,0
518690,8
518691,0
518692,0
518693,0
518694,0
518695,10
518696,0
518697,0
518698,0
518699,0
518700,0
518701,0
518702,0
518703,0
518704,0
518705,0
518706,0
518707,0
518708,0
518709,0
518710,0
518711,0
518712,0
518713,0
518714,0
518715,0
518716,0
518717,0
518718,0
518719,2
518720,6
518721,0
518722,0
518723,0
518724,0
518725,0
518726,0
518727,0
518728,0
518729,0
518730,0
518731,0
518732,0
518733,0
518734,0
518735,8
518736,0
518737,8
518738,0
518739,0
518740,0
518741,0
518742,6
518743,0
518744,0
518745,0
518746,0
518747,0
518748,0
518749,0
518750,0
518751,0
518752,0
518753,0
518754,0
518755,0
518756,0
518757,0
518758,0
518759,0
518760,0
518761,0
518762,0
518763,0
518764,3
518765,0
518766,0
518767,0
518768,0
518769,0
518770,0
518771,0
518772,0
518773,0
518774,0
518775,0
518776,0
518777,0
518778,0
518779,0
518780,0
518781,0
518782,0
518783,0
518784,0
518785,0
518786,0
518787,0
518788,0
518789,0
518790,0
518791,0
518792,0
518793,0
518794,0
518795,0
518796,0
518797,0
518798,0
518799,0
518800,0
518801,0
518802,0
518803,0
518804,0
518805,0
518806,0
518807,0
518808,0
518809,0
518810,0
518811,0
518812,0
518813,0
518814,0
518815,0
518816,0
518817,0
518818,2
518819,0
518820,0
518821,0
518822,0
518823,0
518824,0
518825,0
518826,6
518827,10
518828,0
518829,0
518830,5
518831,0
518832,0
518833,0
518834,0
518835,0
518836,0
518837,0
518838,0
518839,0
518840,0
518841,8
518842,0
518843,0
518844,0
518845,0
518846,0
518847,0
518848,0
518849,0
518850,0
518851,0
518852,0
518853,0
518854,0
518855,0
518856,0
518857,0
518858,0
518859,0
518860,0
518861,0
518862,0
518863,0
518864,0
518865,0
518866,0
518867,0
518868,0
518869,0
518870,0
518871,0
518872,0
518873,0
518874,0
518875,0
518876,7
518877,5
518878,0
518879,0
518880,0
518881,0
518882,38
518883,0
518884,0
518885,0
518886,0
518887,0
518888,0
518889,32
518890,0
518891,0
518892,0
518893,0
518894,0
518895,0
518896,0
518897,0
518898,30
518899,0
518900,38
518901,0
518902,0
518903,0
518904,0
518905,0
518906,0
518907,0
518908,27
518909,0
518910,0
518911,0
518912,28
518913,0
518914,0
518915,0
518916,0
518917,18
518918,0
518919,0
518920,0
518921,0
518922,0
518923,0
518924,0
518925,0
518926,0
518927,0
518928,0
518929,0
518930,0
518931,0
518932,0
518933,0
518934,0
518935,0
518936,0
518937,45
518938,0
518939,0
518940,0
518941,0
518942,37
518943,43
518944,0
518945,34
518946,0
518947,0
518948,0
518949,0
518950,0
518951,0
518952,0
518953,0
518954,0
518955,0
518956,0
518957,35
518958,0
518959,0
518960,0
518961,0
518962,0
518963,0
518964,0
518965,0
518966,0
518967,0
518968,0
518969,0
518970,35
518971,0
518972,0
518973,0
518974,0
518975,0
518976,0
518977,25
518978,0
518979,0
518980,36
518981,0
518982,0
518983,34
518984,0
518985,0
518986,0
518987,32
518988,0
518989,0
518990,0
518991,0
518992,0
518993,0
518994,0
518995,0
518996,0
518997,0
518998,0
518999,0
519000,0
519001,0
519002,0
519003,0
519004,0
519005,25
519006,30
519007,0
519008,0
519009,0
519010,0
519011,0
519012,0
519013,0
519014,0
519015,0
519016,33
519017,0
519018,44
519019,0
519020,32
519021,0
519022,0
519023,0
519024,0
519025,0
519026,0
519027,0
519028,0
519029,0
519030,0
519031,0
519032,26
519033,31
519034,0
519035,36
519036,0
519037,0
519038,32
519039,0
519040,0
519041,44
519042,0
519043,0
519044,0
519045,39
519046,24
519047,0
519048,0
519049,0
519050,0
519051,0
519052,0
519053,0
519054,0
519055,0
519056,0
519057,25
519058,0
519059,0
519060,0
519061,0
519062,0
519063,0
519064,0
519065,0
519066,0
519067,0
519068,33
519069,0
519070,0
519071,43
519072,0
519073,0
519074,0
519075,0
519076,0
519077,0
519078,0
519079,0
519080,0
519081,0
519082,0
519083,0
519084,0
519085,0
519086,0
519087,0
519088,0
519089,0
519090,0
519091,0
519092,0
519093,37
519094,0
519095,0
519096,0
519097,0
519098,0
519099,0
519100,0
519101,0
519102,0
519103,0
519104,0
519105,35
519106,38
519107,0
519108,0
519109,0
519110,0
519111,0
519112,0
519113,0
519114,0
519115,0
519116,0
519117,29
519118,0
519119,28
519120,0
519121,0
519122,0
519123,0
519124,0
519125,0
519126,36
519127,0
519128,0
519129,0
519130,31
519131,39
519132,0
519133,0
519134,0
519135,17
519136,32
519137,0
519138,0
519139,0
519140,0
519141,0
519142,0
519143,0
519144,0
519145,24
519146,0
519147,0
519148,0
519149,0
519150,0
519151,42
519152,0
519153,0
519154,0
519155,0
519156,0
519157,0
519158,0
519159,0
519160,0
519161,41
519162,0
519163,0
519164,0
519165,0
519166,48
519167,0
519168,0
519169,0
519170,0
519171,0
519172,0
519173,30
519174,0
519175,0
519176,0
519177,0
519178,0
519179,0
519180,0
519181,0
519182,0
519183,0
519184,0
519185,36
519186,0
519187,0
519188,0
519189,0
519190,0
519191,0
519192,0
519193,0
519194,0
519195,0
519196,21
519197,0
519198,0
519199,0
519200,0
519201,28
519202,28
519203,37
519204,0
519205,42
519206,0
519207,0
519208,0
519209,0
519210,0
519211,0
519212,27
519213,0
519214,0
519215,40
519216,0
519217,0
519218,0
519219,0
519220,0
519221,28
519222,0
519223,0
519224,0
519225,0
519226,0
519227,0
519228,0
519229,0
519230,0
519231,32
519232,0
519233,0
519234,0
519235,34
519236,0
519237,40
519238,0
519239,0
519240,0
519241,0
519242,0
519243,0
519244,0
519245,0
519246,0
519247,0
519248,0
519249,6
519250,0
519251,0
519252,0
519253,13
519254,0
519255,6
519256,0
519257,0
519258,0
519259,0
519260,0
519261,0
519262,10
519263,0
519264,0
519265,0
519266,4
519267,0
519268,0
519269,11
519270,0
519271,0
519272,6
519273,0
519274,10
519275,0
519276,7
519277,0
519278,0
519279,0
519280,0
519281,11
519282,0
519283,0
519284,13
519285,15
519286,9
519287,0
519288,0
519289,0
519290,0
519291,7
519292,0
519293,0
519294,0
519295,0
519296,0
519297,0
519298,0
519299,0
519300,0
519301,0
519302,0
519303,6
519304,0
519305,0
519306,3
519307,11
519308,0
519309,0
519310,0
519311,0
519312,0
519313,0
519314,0
519315,0
519316,0
519317,0
519318,0
519319,0
519320,0
519321,0
519322,3
519323,0
519324,8
519325,0
519326,0
519327,0
519328,0
519329,6
519330,0
519331,0
519332,15
519333,0
519334,0
519335,0
519336,0
519337,0
519338,0
519339,0
519340,9
519341,0
519342,10
519343,0
519344,0
519345,8
519346,7
519347,5
519348,5
519349,0
519350,0
519351,0
519352,0
519353,17
519354,16
519355,0
519356,0
519357,0
519358,0
519359,12
519360,0
519361,0
519362,0
519363,0
519364,0
519365,0
519366,0
519367,0
519368,0
519369,0
519370,0
519371,0
519372,13
519373,8
519374,0
519375,6
519376,10
519377,0
519378,0
519379,0
519380,0
519381,0
519382,7
519383,6
519384,0
519385,0
519386,13
519387,0
519388,0
519389,0
519390,0
519391,0
519392,0
519393,0
519394,0
519395,0
519396,9
519397,0
519398,0
519399,0
519400,0
519401,10
519402,0
519403,0
519404,0
519405,11
519406,10
519407,0
519408,0
519409,0
519410,0
519411,0
519412,0
519413,0
519414,0
519415,0
519416,0
519417,0
519418,0
519419,0
519420,0
519421,0
519422,0
519423,0
519424,0
519425,0
519426,0
519427,0
519428,0
519429,0
519430,32
519431,0
519432,0
519433,0
519434,0
519435,0
519436,0
519437,0
519438,0
519439,0
519440,0
519441,0
519442,0
519443,0
519444,0
519445,0
519446,0
519447,0
519448,0
519449,0
519450,14
519451,0
519452,20
519453,0
519454,0
519455,0
519456,0
519457,0
519458,0
519459,0
519460,0
519461,0
519462,0
519463,0
519464,0
519465,0
519466,0
519467,0
519468,0
519469,0
519470,0
519471,0
519472,0
519473,0
519474,0
519475,0
519476,27
519477,0
519478,0
519479,0
519480,0
519481,0
519482,0
519483,0
519484,0
519485,0
519486,0
519487,0
519488,0
519489,26
519490,0
519491,0
519492,0
519493,0
519494,0
519495,0
519496,0
519497,0
519498,0
519499,0
519500,0
519501,0
519502,0
519503,0
519504,0
519505,0
519506,0
519507,0
519508,0
519509,0
519510,0
519511,0
519512,0
519513,0
519514,0
519515,0
519516,0
519517,0
519518,0
519519,0
519520,0
519521,0
519522,0
519523,0
519524,0
519525,15
519526,0
519527,0
519528,0
519529,0
519530,0
519531,0
519532,0
519533,0
519534,0
519535,0
519536,0
519537,0
519538,0
519539,0
519540,0
519541,0
519542,0
519543,0
519544,0
519545,25
519546,0
519547,0
519548,0
519549,23
519550,0
519551,0
519552,0
519553,0
519554,0
519555,0
519556,0
519557,0
519558,0
519559,23
519560,35
519561,0
519562,0
519563,0
519564,0
519565,0
519566,0
519567,0
519568,0
519569,0
519570,0
519571,0
519572,20
519573,0
519574,0
519575,0
519576,0
519577,0
519578,0
519579,0
519580,0
519581,0
519582,0
519583,0
519584,0
519585,0
519586,0
519587,0
519588,0
519589,0
519590,0
519591,0
519592,0
519593,0
519594,0
519595,0
519596,0
519597,0
519598,0
519599,0
519600,0
519601,0
519602,0
519603,0
519604,0
519605,0
519606,0
519607,0
519608,0
519609,0
519610,0
519611,0
519612,0
519613,0
519614,0
519615,0
519616,0
519617,0
519618,0
519619,0
519620,0
519621,0
519622,0
519623,0
519624,0
519625,0
519626,0
519627,0
519628,0
519629,0
519630,0
519631,0
519632,0
519633,0
519634,0
519635,0
519636,0
519637,0
519638,0
519639,0
519640,0
519641,0
519642,22
519643,0
519644,0
519645,0
519646,0
519647,0
519648,0
519649,0
519650,0
519651,0
519652,0
519653,0
519654,0
519655,0
519656,0
519657,0
519658,0
519659,0
519660,0
519661,0
519662,0
519663,0
519664,0
519665,0
519666,0
519667,0
519668,0
519669,0
519670,0
519671,0
519672,0
519673,0
519674,0
519675,0
519676,0
519677,0
519678,0
519679,0
519680,0
519681,31
519682,0
519683,0
519684,0
519685,0
519686,0
519687,0
519688,0
519689,0
519690,0
519691,40
519692,0
519693,0
519694,0
519695,0
519696,13
519697,0
519698,0
519699,0
519700,0
519701,0
519702,0
519703,0
519704,0
519705,0
519706,0
519707,0
519708,0
519709,0
519710,0
519711,0
519712,0
519713,0
519714,0
519715,0
519716,0
519717,24
519718,0
519719,0
519720,0
519721,0
519722,0
519723,0
519724,0
519725,0
519726,0
519727,0
519728,0
519729,0
519730,0
519731,0
519732,0
519733,0
519734,0
519735,0
519736,0
519737,0
519738,0
519739,0
519740,0
519741,0
519742,0
519743,0
519744,0
519745,0
519746,0
519747,0
519748,44
519749,0
519750,0
519751,0
519752,0
519753,0
519754,0
519755,0
519756,0
519757,0
519758,0
519759,0
519760,0
519761,0
519762,0
519763,0
519764,0
519765,0
519766,0
519767,0
519768,0
519769,0
519770,0
519771,0
519772,0
519773,0
519774,0
519775,0
519776,0
519777,0
519778,0
519779,0
519780,0
519781,0
519782,0
519783,0
519784,0
519785,0
519786,0
519787,0
519788,0
519789,0
519790,0
519791,0
519792,0
519793,0
519794,0
519795,0
519796,0
519797,0
519798,0
519799,0
519800,0
519801,0
519802,24
519803,0
519804,0
519805,0
519806,0
519807,0
519808,0
519809,0
519810,0
519811,24
519812,0
519813,0
519814,0
519815,30
519816,0
519817,0
519818,0
519819,0
519820,0
519821,0
519822,0
519823,0
519824,0
519825,0
519826,0
519827,0
519828,0
519829,0
519830,0
519831,0
519832,0
519833,0
519834,0
519835,0
519836,0
519837,0
519838,13
519839,0
519840,0
519841,0
519842,26
519843,0
519844,0
519845,25
519846,0
519847,0
519848,0
519849,0
519850,0
519851,19
519852,0
519853,0
519854,0
519855,0
519856,0
519857,0
519858,0
519859,0
519860,0
519861,0
519862,0
519863,0
519864,0
519865,0
519866,0
519867,0
519868,0
519869,0
519870,0
519871,0
519872,40
519873,0
519874,0
519875,0
519876,0
519877,0
519878,0
519879,0
519880,25
519881,0
519882,0
519883,0
519884,0
519885,0
519886,0
519887,0
519888,0
519889,0
519890,0
519891,0
519892,0
519893,0
519894,0
519895,0
519896,0
519897,0
519898,24
519899,0
519900,0
519901,0
519902,0
519903,0
519904,0
519905,0
519906,0
519907,0
519908,23
519909,0
519910,0
519911,0
519912,0
519913,0
519914,0
519915,0
519916,0
519917,0
519918,0
519919,0
519920,0
519921,0
519922,0
519923,0
519924,0
519925,0
519926,0
519927,0
519928,0
519929,0
519930,0
519931,0
519932,0
519933,0
519934,22
519935,0
519936,0
519937,0
519938,0
519939,0
519940,0
519941,0
519942,0
519943,0
519944,0
519945,0
519946,0
519947,0
519948,0
519949,0
519950,0
519951,0
519952,0
519953,0
519954,0
519955,0
519956,0
519957,0
519958,0
519959,0
519960,0
519961,0
519962,0
519963,0
519964,0
519965,0
519966,0
519967,0
519968,0
519969,0
519970,0
519971,0
519972,0
519973,0
519974,0
519975,0
519976,0
519977,0
519978,0
519979,0
519980,0
519981,0
519982,0
519983,0
519984,0
519985,0
519986,25
519987,0
519988,0
519989,0
519990,0
519991,0
519992,0
519993,0
519994,0
519995,0
519996,0
519997,0
519998,0
519999,0
520000,0
520001,0
520002,0
520003,0
520004,0
520005,0
520006,0
520007,0
520008,0
520009,0
520010,0
520011,0
520012,0
520013,0
520014,27
520015,16
520016,0
520017,0
520018,0
520019,0
520020,0
520021,0
520022,0
520023,0
520024,0
520025,0
520026,0
520027,0
520028,0
520029,0
520030,0
520031,0
520032,32
520033,0
520034,0
520035,0
520036,0
520037,0
520038,33
520039,0
520040,0
520041,0
520042,0
520043,0
520044,0
520045,0
520046,0
520047,0
520048,0
520049,0
520050,0
520051,0
520052,0
520053,0
520054,0
520055,0
520056,0
520057,0
520058,0
520059,0
520060,0
520061,0
520062,0
520063,0
520064,0
520065,0
520066,0
520067,0
520068,0
520069,0
520070,0
520071,0
520072,0
520073,0
520074,0
520075,0
520076,0
520077,0
520078,0
520079,0
520080,0
520081,0
520082,0
520083,0
520084,0
520085,0
520086,0
520087,0
520088,0
520089,0
520090,0
520091,0
520092,0
520093,0
520094,0
520095,0
520096,0
520097,0
520098,0
520099,0
520100,0
520101,0
520102,0
520103,0
520104,0
520105,0
520106,0
520107,0
520108,0
520109,23
520110,0
520111,0
520112,0
520113,0
520114,0
520115,0
520116,0
520117,0
520118,0
520119,0
520120,0
520121,0
520122,0
520123,0
520124,0
520125,35
520126,0
520127,0
520128,0
520129,20
520130,0
520131,0
520132,0
520133,19
520134,25
520135,0
520136,0
520137,0
520138,0
520139,0
520140,0
520141,0
520142,0
520143,0
520144,0
520145,0
520146,0
520147,0
520148,0
520149,0
520150,0
520151,0
520152,0
520153,0
520154,0
520155,0
520156,0
520157,0
520158,0
520159,0
520160,0
520161,0
520162,0
520163,0
520164,0
520165,0
520166,0
520167,0
520168,0
520169,0
520170,0
520171,0
520172,0
520173,0
520174,0
520175,0
520176,0
520177,0
520178,34
520179,0
520180,0
520181,0
520182,0
520183,0
520184,0
520185,0
520186,0
520187,0
520188,0
520189,0
520190,0
520191,0
520192,0
520193,0
520194,0
520195,0
520196,0
520197,33
520198,0
520199,0
520200,0
520201,19
520202,0
520203,0
520204,36
520205,0
520206,0
520207,0
520208,0
520209,0
520210,0
520211,0
520212,0
520213,0
520214,0
520215,0
520216,0
520217,0
520218,0
520219,0
520220,0
520221,0
520222,0
520223,0
520224,0
520225,0
520226,0
520227,0
520228,0
520229,0
520230,0
520231,0
520232,0
520233,0
520234,0
520235,0
520236,0
520237,0
520238,18
520239,0
520240,0
520241,34
520242,0
520243,0
520244,0
520245,0
520246,0
520247,0
520248,0
520249,0
520250,0
520251,0
520252,0
520253,0
520254,0
520255,0
520256,0
520257,0
520258,0
520259,0
520260,0
520261,0
520262,0
520263,0
520264,0
520265,0
520266,0
520267,0
520268,0
520269,0
520270,0
520271,0
520272,0
520273,0
520274,0
520275,0
520276,0
520277,0
520278,0
520279,0
520280,0
520281,0
520282,0
520283,0
520284,0
520285,0
520286,0
520287,0
520288,0
520289,28
520290,0
520291,0
520292,0
520293,0
520294,0
520295,0
520296,0
520297,0
520298,0
520299,0
520300,0
520301,0
520302,0
520303,0
520304,0
520305,0
520306,0
520307,0
520308,0
520309,0
520310,0
520311,0
520312,0
520313,0
520314,0
520315,0
520316,0
520317,0
520318,0
520319,0
520320,0
520321,0
520322,0
520323,0
520324,0
520325,0
520326,0
520327,0
520328,0
520329,0
520330,0
520331,0
520332,0
520333,0
520334,0
520335,0
520336,0
520337,0
520338,0
520339,0
520340,0
520341,0
520342,0
520343,28
520344,23
520345,0
520346,0
520347,0
520348,0
520349,0
520350,0
520351,0
520352,0
520353,0
520354,0
520355,0
520356,0
520357,0
520358,31
520359,0
520360,0
520361,0
520362,0
520363,0
520364,0
520365,0
520366,0
520367,0
520368,0
520369,0
520370,0
520371,0
520372,0
520373,0
520374,0
520375,0
520376,0
520377,0
520378,0
520379,29
520380,0
520381,0
520382,0
520383,0
520384,0
520385,0
520386,0
520387,0
520388,0
520389,0
520390,0
520391,0
520392,0
520393,0
520394,0
520395,0
520396,0
520397,0
520398,0
520399,0
520400,0
520401,0
520402,0
520403,0
520404,0
520405,0
520406,0
520407,0
520408,0
520409,0
520410,0
520411,0
520412,0
520413,0
520414,0
520415,0
520416,0
520417,0
520418,0
520419,0
520420,0
520421,0
520422,0
520423,0
520424,28
520425,24
520426,0
520427,0
520428,0
520429,0
520430,0
520431,0
520432,0
520433,0
520434,0
520435,0
520436,0
520437,0
520438,0
520439,30
520440,0
520441,0
520442,0
520443,0
520444,0
520445,19
520446,0
520447,0
520448,0
520449,0
520450,0
520451,0
520452,0
520453,0
520454,0
520455,0
520456,0
520457,0
520458,0
520459,0
520460,0
520461,0
520462,0
520463,0
520464,0
520465,0
520466,0
520467,0
520468,0
520469,0
520470,0
520471,0
520472,0
520473,0
520474,0
520475,0
520476,0
520477,0
520478,0
520479,30
520480,0
520481,0
520482,0
520483,0
520484,0
520485,0
520486,0
520487,0
520488,0
520489,0
520490,0
520491,0
520492,0
520493,0
520494,0
520495,0
520496,0
520497,0
520498,0
520499,0
520500,0
520501,0
520502,0
520503,0
520504,0
520505,0
520506,0
520507,0
520508,0
520509,0
520510,0
520511,0
520512,0
520513,0
520514,0
520515,0
520516,0
520517,0
520518,0
520519,0
520520,31
520521,0
520522,0
520523,0
520524,0
520525,0
520526,0
520527,0
520528,0
520529,0
520530,22
520531,0
520532,0
520533,0
520534,0
520535,0
520536,0
520537,0
520538,0
520539,0
520540,0
520541,0
520542,0
520543,0
520544,0
520545,0
520546,0
520547,0
520548,0
520549,0
520550,0
520551,0
520552,0
520553,0
520554,0
520555,41
520556,0
520557,0
520558,0
520559,0
520560,0
520561,0
520562,0
520563,0
520564,0
520565,0
520566,0
520567,0
520568,0
520569,0
520570,0
520571,0
520572,0
520573,0
520574,0
520575,0
520576,0
520577,0
520578,0
520579,0
520580,28
520581,0
520582,0
520583,0
520584,0
520585,0
520586,0
520587,0
520588,0
520589,0
520590,34
520591,0
520592,90
520593,0
520594,0
520595,0
520596,0
520597,0
520598,0
520599,30
520600,0
520601,0
520602,0
520603,0
520604,0
520605,0
520606,0
520607,0
520608,0
520609,0
520610,0
520611,0
520612,0
520613,0
520614,0
520615,0
520616,0
520617,38
520618,0
520619,0
520620,0
520621,37
520622,0
520623,21
520624,36
520625,0
520626,0
520627,0
520628,0
520629,0
520630,0
520631,0
520632,0
520633,0
520634,0
520635,0
520636,0
520637,0
520638,10
520639,0
520640,0
520641,0
520642,15
520643,0
520644,0
520645,0
520646,0
520647,0
520648,0
520649,0
520650,0
520651,14
520652,69
520653,0
520654,0
520655,28
520656,0
520657,0
520658,0
520659,0
520660,0
520661,0
520662,0
520663,0
520664,0
520665,0
520666,0
520667,0
520668,70
520669,0
520670,0
520671,0
520672,0
520673,35
520674,0
520675,0
520676,0
520677,0
520678,0
520679,0
520680,0
520681,0
520682,0
520683,0
520684,0
520685,0
520686,0
520687,0
520688,0
520689,0
520690,0
520691,0
520692,0
520693,0
520694,0
520695,0
520696,0
520697,0
520698,0
520699,0
520700,0
520701,0
520702,0
520703,0
520704,0
520705,33
520706,28
520707,0
520708,0
520709,0
520710,0
520711,0
520712,43
520713,46
520714,0
520715,0
520716,0
520717,0
520718,0
520719,0
520720,0
520721,0
520722,0
520723,0
520724,0
520725,0
520726,0
520727,0
520728,0
520729,0
520730,0
520731,0
520732,0
520733,0
520734,0
520735,0
520736,0
520737,0
520738,0
520739,12
520740,0
520741,0
520742,0
520743,0
520744,0
520745,0
520746,0
520747,0
520748,29
520749,0
520750,0
520751,0
520752,50
520753,34
520754,45
520755,0
520756,0
520757,24
520758,0
520759,0
520760,38
520761,0
520762,0
520763,0
520764,0
520765,0
520766,0
520767,0
520768,0
520769,0
520770,0
520771,0
520772,0
520773,0
520774,36
520775,0
520776,0
520777,20
520778,0
520779,0
520780,0
520781,0
520782,0
520783,0
520784,41
520785,0
520786,0
520787,0
520788,0
520789,0
520790,0
520791,0
520792,0
520793,0
520794,0
520795,0
520796,35
520797,0
520798,0
520799,0
520800,21
520801,35
520802,0
520803,0
520804,0
520805,0
520806,0
520807,0
520808,0
520809,0
520810,0
520811,0
520812,0
520813,0
520814,0
520815,0
520816,0
520817,36
520818,0
520819,0
520820,0
520821,0
520822,0
520823,0
520824,0
520825,0
520826,0
520827,0
520828,0
520829,0
520830,0
520831,0
520832,0
520833,0
520834,0
520835,0
520836,0
520837,0
520838,0
520839,72
520840,0
520841,0
520842,0
520843,0
520844,0
520845,0
520846,35
520847,0
520848,0
520849,0
520850,0
520851,0
520852,0
520853,48
520854,0
520855,0
520856,0
520857,0
520858,0
520859,0
520860,0
520861,0
520862,0
520863,0
520864,19
520865,0
520866,0
520867,0
520868,0
520869,0
520870,0
520871,0
520872,0
520873,0
520874,0
520875,0
520876,40
520877,36
520878,0
520879,54
520880,63
520881,0
520882,37
520883,0
520884,0
520885,0
520886,0
520887,0
520888,0
520889,69
520890,25
520891,0
520892,0
520893,0
520894,0
520895,0
520896,0
520897,13
520898,0
520899,0
520900,47
520901,55
520902,0
520903,0
520904,0
520905,37
520906,0
520907,0
520908,0
520909,0
520910,22
520911,0
520912,65
520913,0
520914,0
520915,0
520916,0
520917,0
520918,0
520919,0
520920,0
520921,41
520922,0
520923,0
520924,37
520925,0
520926,0
520927,0
520928,0
520929,0
520930,0
520931,0
520932,0
520933,0
520934,0
520935,0
520936,0
520937,0
520938,0
520939,0
520940,0
520941,0
520942,0
520943,0
520944,0
520945,0
520946,0
520947,0
520948,0
520949,0
520950,78
520951,0
520952,0
520953,0
520954,0
520955,56
520956,0
520957,0
520958,0
520959,0
520960,0
520961,0
520962,0
520963,0
520964,0
520965,0
520966,0
520967,0
520968,0
520969,0
520970,0
520971,0
520972,0
520973,0
520974,34
520975,0
520976,0
520977,0
520978,0
520979,0
520980,0
520981,0
520982,0
520983,45
520984,0
520985,38
520986,0
520987,0
520988,0
520989,0
520990,0
520991,57
520992,0
520993,0
520994,0
520995,0
520996,38
520997,0
520998,27
520999,31
521000,0
521001,0
521002,0
521003,0
521004,0
521005,0
521006,0
521007,33
521008,0
521009,0
521010,0
521011,0
521012,26
521013,0
521014,0
521015,0
521016,0
521017,0
521018,0
521019,0
521020,0
521021,0
521022,0
521023,0
521024,0
521025,0
521026,0
521027,0
521028,0
521029,0
521030,0
521031,0
521032,0
521033,0
521034,0
521035,39
521036,0
521037,0
521038,53
521039,0
521040,48
521041,0
521042,20
521043,0
521044,0
521045,0
521046,0
521047,41
521048,0
521049,0
521050,66
521051,0
521052,0
521053,66
521054,0
521055,0
521056,54
521057,26
521058,0
521059,0
521060,19
521061,0
521062,0
521063,0
521064,0
521065,0
521066,0
521067,0
521068,11
521069,0
521070,0
521071,0
521072,0
521073,0
521074,0
521075,0
521076,0
521077,0
521078,35
521079,0
521080,0
521081,0
521082,0
521083,0
521084,0
521085,0
521086,0
521087,0
521088,0
521089,0
521090,0
521091,0
521092,0
521093,0
521094,0
521095,28
521096,38
521097,0
521098,0
521099,0
521100,0
521101,0
521102,0
521103,0
521104,0
521105,22
521106,0
521107,0
521108,0
521109,0
521110,46
521111,0
521112,0
521113,0
521114,0
521115,0
521116,0
521117,0
521118,0
521119,0
521120,9
521121,0
521122,7
521123,0
521124,0
521125,7
521126,11
521127,13
521128,0
521129,0
521130,0
521131,28
521132,0
521133,0
521134,0
521135,0
521136,0
521137,0
521138,0
521139,0
521140,0
521141,0
521142,0
521143,0
521144,0
521145,0
521146,0
521147,0
521148,0
521149,0
521150,20
521151,0
521152,0
521153,0
521154,0
521155,0
521156,12
521157,0
521158,0
521159,0
521160,0
521161,0
521162,0
521163,23
521164,7
521165,0
521166,0
521167,10
521168,8
521169,0
521170,0
521171,15
521172,0
521173,0
521174,0
521175,0
521176,12
521177,0
521178,0
521179,0
521180,24
521181,0
521182,0
521183,0
521184,16
521185,0
521186,0
521187,0
521188,0
521189,0
521190,0
521191,0
521192,0
521193,0
521194,31
521195,0
521196,0
521197,0
521198,0
521199,0
521200,0
521201,17
521202,0
521203,0
521204,0
521205,0
521206,0
521207,0
521208,12
521209,18
521210,8
521211,12
521212,0
521213,0
521214,0
521215,0
521216,0
521217,0
521218,19
521219,0
521220,22
521221,28
521222,10
521223,6
521224,0
521225,0
521226,0
521227,0
521228,0
521229,0
521230,0
521231,0
521232,6
521233,8
521234,9
521235,0
521236,0
521237,0
521238,0
521239,0
521240,24
521241,0
521242,0
521243,0
521244,0
521245,0
521246,0
521247,0
521248,0
521249,0
521250,16
521251,0
521252,0
521253,0
521254,0
521255,0
521256,7
521257,0
521258,13
521259,0
521260,0
521261,0
521262,0
521263,0
521264,0
521265,0
521266,22
521267,0
521268,0
521269,0
521270,0
521271,0
521272,0
521273,0
521274,0
521275,25
521276,0
521277,0
521278,19
521279,0
521280,17
521281,0
521282,6
521283,0
521284,0
521285,0
521286,0
521287,0
521288,0
521289,0
521290,0
521291,0
521292,0
521293,0
521294,0
521295,0
521296,0
521297,0
521298,0
521299,0
521300,0
521301,0
521302,0
521303,38
521304,0
521305,0
521306,0
521307,0
521308,9
521309,0
521310,0
521311,0
521312,17
521313,0
521314,0
521315,0
521316,0
521317,14
521318,0
521319,7
521320,0
521321,10
521322,0
521323,0
521324,27
521325,13
521326,0
521327,0
521328,0
521329,0
521330,0
521331,0
521332,0
521333,0
521334,0
521335,0
521336,0
521337,0
521338,0
521339,0
521340,0
521341,14
521342,0
521343,0
521344,0
521345,0
521346,0
521347,29
521348,18
521349,0
521350,0
521351,0
521352,0
521353,0
521354,0
521355,0
521356,0
521357,0
521358,25
521359,0
521360,0
521361,0
521362,0
521363,0
521364,0
521365,0
521366,0
521367,0
521368,0
521369,0
521370,32
521371,0
521372,0
521373,0
521374,0
521375,0
521376,0
521377,0
521378,0
521379,0
521380,24
521381,18
521382,0
521383,0
521384,0
521385,0
521386,0
521387,0
521388,0
521389,35
521390,0
521391,0
521392,0
521393,0
521394,37
521395,0
521396,0
521397,0
521398,0
521399,0
521400,0
521401,0
521402,0
521403,0
521404,0
521405,0
521406,0
521407,0
521408,0
521409,0
521410,0
521411,0
521412,0
521413,0
521414,0
521415,0
521416,0
521417,0
521418,0
521419,0
521420,0
521421,0
521422,0
521423,29
521424,0
521425,32
521426,0
521427,0
521428,0
521429,0
521430,0
521431,0
521432,0
521433,0
521434,0
521435,0
521436,0
521437,25
521438,0
521439,16
521440,0
521441,0
521442,0
521443,0
521444,0
521445,0
521446,22
521447,0
521448,0
521449,0
521450,0
521451,0
521452,0
521453,0
521454,18
521455,0
521456,0
521457,0
521458,0
521459,0
521460,0
521461,0
521462,0
521463,0
521464,0
521465,0
521466,0
521467,0
521468,18
521469,0
521470,0
521471,25
521472,0
521473,0
521474,27
521475,15
521476,0
521477,0
521478,0
521479,0
521480,0
521481,0
521482,22
521483,0
521484,0
521485,0
521486,0
521487,0
521488,0
521489,0
521490,17
521491,0
521492,0
521493,0
521494,0
521495,21
521496,0
521497,0
521498,0
521499,24
521500,0
521501,0
521502,0
521503,0
521504,0
521505,0
521506,0
521507,0
521508,0
521509,0
521510,0
521511,0
521512,26
521513,36
521514,0
521515,39
521516,0
521517,0
521518,0
521519,18
521520,0
521521,0
521522,0
521523,25
521524,21
521525,0
521526,0
521527,0
521528,0
521529,0
521530,0
521531,0
521532,0
521533,19
521534,0
521535,21
521536,0
521537,0
521538,0
521539,0
521540,0
521541,0
521542,0
521543,0
521544,0
521545,0
521546,0
521547,0
521548,0
521549,0
521550,0
521551,0
521552,0
521553,0
521554,0
521555,0
521556,0
521557,0
521558,0
521559,22
521560,0
521561,0
521562,0
521563,33
521564,41
521565,0
521566,17
521567,0
521568,0
521569,0
521570,0
521571,0
521572,0
521573,0
521574,33
521575,0
521576,0
521577,0
521578,0
521579,0
521580,15
521581,0
521582,0
521583,0
521584,0
521585,0
521586,0
521587,0
521588,0
521589,0
521590,0
521591,0
521592,0
521593,0
521594,24
521595,0
521596,19
521597,0
521598,30
521599,0
521600,25
521601,0
521602,0
521603,0
521604,0
521605,0
521606,31
521607,21
521608,0
521609,36
521610,0
521611,0
521612,31
521613,0
521614,24
521615,0
521616,29
521617,0
521618,0
521619,20
521620,0
521621,24
521622,0
521623,29
521624,17
521625,0
521626,0
521627,0
521628,19
521629,0
521630,0
521631,0
521632,0
521633,0
521634,29
521635,0
521636,0
521637,0
521638,0
521639,20
521640,0
521641,0
521642,0
521643,0
521644,0
521645,0
521646,0
521647,22
521648,0
521649,0
521650,0
521651,24
521652,0
521653,0
521654,0
521655,0
521656,0
521657,0
521658,19
521659,0
521660,0
521661,0
521662,0
521663,16
521664,0
521665,0
521666,0
521667,0
521668,0
521669,12
521670,0
521671,0
521672,0
521673,15
521674,0
521675,0
521676,0
521677,0
521678,24
521679,22
521680,0
521681,0
521682,0
521683,0
521684,0
521685,0
521686,14
521687,0
521688,0
521689,0
521690,0
521691,0
521692,22
521693,0
521694,0
521695,0
521696,0
521697,0
521698,30
521699,0
521700,0
521701,0
521702,0
521703,0
521704,25
521705,0
521706,21
521707,0
521708,0
521709,0
521710,0
521711,0
521712,0
521713,0
521714,0
521715,0
521716,0
521717,0
521718,0
521719,0
521720,0
521721,0
521722,0
521723,0
521724,0
521725,0
521726,20
521727,0
521728,0
521729,0
521730,0
521731,0
521732,0
521733,0
521734,0
521735,0
521736,0
521737,0
521738,0
521739,15
521740,0
521741,0
521742,0
521743,0
521744,0
521745,0
521746,0
521747,0
521748,0
521749,0
521750,0
521751,23
521752,0
521753,0
521754,0
521755,0
521756,19
521757,0
521758,0
521759,0
521760,0
521761,0
521762,0
521763,0
521764,0
521765,0
521766,0
521767,0
521768,30
521769,20
521770,25
521771,0
521772,0
521773,0
521774,0
521775,28
521776,0
521777,0
521778,0
521779,0
521780,0
521781,15
521782,0
521783,28
521784,23
521785,0
521786,0
521787,0
521788,42
521789,0
521790,0
521791,0
521792,0
521793,0
521794,0
521795,0
521796,0
521797,0
521798,0
521799,0
521800,28
521801,0
521802,0
521803,30
521804,0
521805,0
521806,0
521807,24
521808,0
521809,0
521810,0
521811,0
521812,0
521813,0
521814,0
521815,0
521816,0
521817,37
521818,0
521819,0
521820,0
521821,0
521822,23
521823,35
521824,0
521825,0
521826,0
521827,0
521828,0
521829,28
521830,0
521831,0
521832,0
521833,0
521834,0
521835,0
521836,0
521837,0
521838,0
521839,0
521840,0
521841,0
521842,21
521843,0
521844,0
521845,23
521846,0
521847,0
521848,0
521849,0
521850,0
521851,0
521852,0
521853,0
521854,0
521855,0
521856,0
521857,0
521858,0
521859,0
521860,20
521861,0
521862,30
521863,0
521864,0
521865,0
521866,0
521867,0
521868,0
521869,0
521870,0
521871,19
521872,0
521873,0
521874,0
521875,0
521876,0
521877,0
521878,22
521879,0
521880,0
521881,0
521882,0
521883,0
521884,0
521885,0
521886,0
521887,0
521888,0
521889,26
521890,20
521891,0
521892,0
521893,0
521894,0
521895,0
521896,0
521897,0
521898,0
521899,0
521900,0
521901,0
521902,0
521903,26
521904,0
521905,21
521906,0
521907,0
521908,0
521909,0
521910,0
521911,0
521912,17
521913,0
521914,22
521915,25
521916,23
521917,0
521918,0
521919,0
521920,0
521921,0
521922,0
521923,0
521924,0
521925,0
521926,16
521927,32
521928,0
521929,0
521930,25
521931,0
521932,12
521933,13
521934,0
521935,0
521936,0
521937,25
521938,25
521939,0
521940,0
521941,0
521942,0
521943,20
521944,0
521945,0
521946,0
521947,0
521948,0
521949,0
521950,0
521951,0
521952,0
521953,0
521954,0
521955,0
521956,0
521957,0
521958,0
521959,0
521960,0
521961,0
521962,0
521963,0
521964,0
521965,0
521966,0
521967,0
521968,0
521969,27
521970,0
521971,0
521972,0
521973,0
521974,0
521975,27
521976,0
521977,0
521978,0
521979,0
521980,0
521981,0
521982,16
521983,0
521984,0
521985,0
521986,0
521987,0
521988,0
521989,0
521990,0
521991,0
521992,0
521993,0
521994,0
521995,0
521996,0
521997,0
521998,0
521999,0
522000,0
522001,0
522002,21
522003,0
522004,0
522005,13
522006,0
522007,0
522008,0
522009,0
522010,0
522011,0
522012,26
522013,22
522014,0
522015,22
522016,27
522017,19
522018,0
522019,0
522020,0
522021,0
522022,0
522023,0
522024,0
522025,0
522026,0
522027,0
522028,19
522029,0
522030,0
522031,0
522032,18
522033,8
522034,0
522035,0
522036,0
522037,0
522038,0
522039,0
522040,0
522041,18
522042,0
522043,0
522044,0
522045,0
522046,0
522047,0
522048,0
522049,0
522050,0
522051,0
522052,0
522053,0
522054,0
522055,0
522056,0
522057,13
522058,0
522059,0
522060,0
522061,13
522062,0
522063,0
522064,0
522065,0
522066,0
522067,0
522068,0
522069,0
522070,0
522071,17
522072,0
522073,0
522074,19
522075,0
522076,0
522077,0
522078,0
522079,0
522080,0
522081,0
522082,0
522083,0
522084,0
522085,0
522086,0
522087,22
522088,0
522089,20
522090,0
522091,0
522092,0
522093,0
522094,0
522095,0
522096,0
522097,0
522098,0
522099,0
522100,0
522101,0
522102,10
522103,0
522104,16
522105,0
522106,0
522107,17
522108,0
522109,0
522110,0
522111,0
522112,0
522113,13
522114,0
522115,12
522116,0
522117,0
522118,0
522119,0
522120,0
522121,0
522122,22
522123,0
522124,0
522125,0
522126,0
522127,0
522128,0
522129,0
522130,0
522131,15
522132,0
522133,0
522134,0
522135,0
522136,0
522137,0
522138,0
522139,0
522140,0
522141,0
522142,0
522143,0
522144,0
522145,0
522146,0
522147,0
522148,0
522149,0
522150,14
522151,0
522152,15
522153,0
522154,0
522155,0
522156,0
522157,0
522158,0
522159,0
522160,0
522161,0
522162,0
522163,0
522164,0
522165,0
522166,0
522167,0
522168,0
522169,0
522170,15
522171,0
522172,0
522173,0
522174,0
522175,0
522176,0
522177,0
522178,0
522179,0
522180,12
522181,0
522182,0
522183,0
522184,13
522185,0
522186,0
522187,0
522188,11
522189,10
522190,0
522191,19
522192,0
522193,0
522194,0
522195,0
522196,15
522197,0
522198,0
522199,0
522200,0
522201,30
522202,0
522203,0
522204,0
522205,12
522206,0
522207,0
522208,0
522209,19
522210,0
522211,0
522212,0
522213,0
522214,0
522215,0
522216,0
522217,0
522218,0
522219,0
522220,0
522221,0
522222,15
522223,0
522224,0
522225,0
522226,0
522227,0
522228,0
522229,0
522230,0
522231,21
522232,0
522233,16
522234,0
522235,0
522236,14
522237,0
522238,0
522239,0
522240,0
522241,0
522242,0
522243,0
522244,0
522245,0
522246,0
522247,0
522248,0
522249,0
522250,0
522251,10
522252,0
522253,0
522254,0
522255,0
522256,0
522257,11
522258,0
522259,0
522260,0
522261,0
522262,0
522263,0
522264,0
522265,16
522266,0
522267,0
522268,0
522269,0
522270,0
522271,0
522272,0
522273,0
522274,0
522275,17
522276,0
522277,0
522278,14
522279,19
522280,0
522281,0
522282,0
522283,0
522284,0
522285,0
522286,0
522287,0
522288,0
522289,0
522290,0
522291,21
522292,0
522293,0
522294,0
522295,0
522296,0
522297,0
522298,0
522299,0
522300,0
522301,8
522302,0
522303,0
522304,0
522305,0
522306,0
522307,0
522308,0
522309,0
522310,0
522311,0
522312,0
522313,0
522314,0
522315,0
522316,0
522317,0
522318,0
522319,0
522320,11
522321,0
522322,0
522323,0
522324,0
522325,0
522326,0
522327,0
522328,0
522329,0
522330,0
522331,0
522332,9
522333,0
522334,0
522335,0
522336,14
522337,0
522338,0
522339,0
522340,0
522341,11
522342,0
522343,0
522344,0
522345,0
522346,0
522347,0
522348,0
522349,0
522350,0
522351,0
522352,0
522353,0
522354,0
522355,0
522356,14
522357,0
522358,0
522359,14
522360,11
522361,0
522362,0
522363,21
522364,0
522365,0
522366,0
522367,0
522368,12
522369,0
522370,13
522371,0
522372,0
522373,0
522374,0
522375,22
522376,0
522377,7
522378,0
522379,0
522380,0
522381,0
522382,0
522383,0
522384,0
522385,0
522386,0
522387,0
522388,0
522389,0
522390,0
522391,0
522392,0
522393,0
522394,18
522395,0
522396,0
522397,18
522398,0
522399,0
522400,0
522401,0
522402,0
522403,0
522404,0
522405,0
522406,0
522407,0
522408,0
522409,0
522410,0
522411,0
522412,0
522413,0
522414,0
522415,0
522416,0
522417,0
522418,17
522419,0
522420,21
522421,0
522422,0
522423,0
522424,0
522425,6
522426,0
522427,0
522428,0
522429,0
522430,0
522431,0
522432,0
522433,0
522434,10
522435,0
522436,0
522437,0
522438,0
522439,0
522440,0
522441,0
522442,0
522443,0
522444,0
522445,0
522446,13
522447,0
522448,0
522449,0
522450,0
522451,0
522452,0
522453,0
522454,17
522455,11
522456,0
522457,0
522458,20
522459,0
522460,0
522461,0
522462,21
522463,0
522464,0
522465,0
522466,19
522467,0
522468,0
522469,0
522470,0
522471,0
522472,14
522473,0
522474,0
522475,0
522476,0
522477,0
522478,0
522479,0
522480,0
522481,0
522482,0
522483,0
522484,0
522485,0
522486,0
522487,0
522488,0
522489,8
522490,13
522491,0
522492,0
522493,0
522494,0
522495,0
522496,0
522497,0
522498,0
522499,0
522500,0
522501,0
522502,0
522503,0
522504,0
522505,0
522506,22
522507,0
522508,0
522509,15
522510,0
522511,0
522512,0
522513,0
522514,0
522515,0
522516,0
522517,0
522518,0
522519,0
522520,0
522521,0
522522,0
522523,0
522524,0
522525,0
522526,0
522527,0
522528,0
522529,0
522530,0
522531,27
522532,0
522533,0
522534,0
522535,0
522536,0
522537,0
522538,0
522539,13
522540,0
522541,0
522542,0
522543,13
522544,0
522545,0
522546,17
522547,14
522548,0
522549,0
522550,0
522551,0
522552,0
522553,0
522554,0
522555,0
522556,15
522557,0
522558,0
522559,0
522560,0
522561,0
522562,0
522563,0
522564,0
522565,0
522566,23
522567,0
522568,0
522569,0
522570,16
522571,0
522572,0
522573,9
522574,0
522575,0
522576,0
522577,0
522578,9
522579,0
522580,10
522581,0
522582,0
522583,0
522584,0
522585,0
522586,13
522587,16
522588,0
522589,0
522590,0
522591,14
522592,0
522593,0
522594,0
522595,0
522596,9
522597,0
522598,0
522599,0
522600,0
522601,0
522602,0
522603,0
522604,0
522605,0
522606,0
522607,15
522608,0
522609,0
522610,0
522611,25
522612,0
522613,0
522614,0
522615,0
522616,0
522617,0
522618,0
522619,0
522620,0
522621,0
522622,0
522623,0
522624,0
522625,0
522626,0
522627,0
522628,0
522629,20
522630,16
522631,0
522632,21
522633,0
522634,0
522635,0
522636,0
522637,0
522638,0
522639,0
522640,0
522641,0
522642,0
522643,17
522644,0
522645,0
522646,0
522647,0
522648,0
522649,0
522650,0
522651,18
522652,0
522653,0
522654,0
522655,0
522656,0
522657,0
522658,0
522659,0
522660,0
522661,0
522662,0
522663,0
522664,0
522665,24
522666,0
522667,0
522668,0
522669,0
522670,0
522671,0
522672,0
522673,23
522674,0
522675,0
522676,0
522677,0
522678,0
522679,0
522680,0
522681,0
522682,0
522683,11
522684,0
522685,0
522686,0
522687,0
522688,0
522689,0
522690,0
522691,0
522692,0
522693,0
522694,0
522695,0
522696,14
522697,0
522698,0
522699,23
522700,0
522701,0
522702,0
522703,0
522704,0
522705,0
522706,0
522707,0
522708,0
522709,0
522710,13
522711,0
522712,0
522713,0
522714,0
522715,17
522716,0
522717,0
522718,0
522719,0
522720,0
522721,0
522722,0
522723,0
522724,0
522725,0
522726,0
522727,0
522728,13
522729,0
522730,0
522731,15
522732,0
522733,14
522734,0
522735,0
522736,0
522737,0
522738,0
522739,0
522740,0
522741,0
522742,18
522743,0
522744,0
522745,0
522746,0
522747,11
522748,0
522749,0
522750,0
522751,0
522752,0
522753,0
522754,0
522755,0
522756,0
522757,0
522758,0
522759,0
522760,0
522761,0
522762,0
522763,0
522764,0
522765,0
522766,0
522767,0
522768,0
522769,0
522770,0
522771,0
522772,0
522773,0
522774,0
522775,0
522776,0
522777,0
522778,0
522779,0
522780,8
522781,0
522782,0
522783,0
522784,0
522785,0
522786,0
522787,0
522788,14
522789,0
522790,0
522791,0
522792,6
522793,0
522794,0
522795,0
522796,0
522797,0
522798,0
522799,0
522800,0
522801,0
522802,0
522803,0
522804,0
522805,19
522806,0
522807,0
522808,0
522809,19
522810,0
522811,0
522812,0
522813,0
522814,14
522815,0
522816,0
522817,14
522818,0
522819,0
522820,0
522821,0
522822,0
522823,0
522824,0
522825,0
522826,0
522827,0
522828,0
522829,0
522830,0
522831,0
522832,0
522833,0
522834,11
522835,13
522836,0
522837,0
522838,0
522839,0
522840,0
522841,18
522842,0
522843,0
522844,0
522845,0
522846,0
522847,0
522848,9
522849,0
522850,0
522851,0
522852,0
522853,0
522854,0
522855,0
522856,0
522857,0
522858,0
522859,0
522860,0
522861,0
522862,0
522863,0
522864,0
522865,0
522866,0
522867,0
522868,0
522869,0
522870,0
522871,0
522872,0
522873,0
522874,27
522875,0
522876,0
522877,0
522878,0
522879,0
522880,0
522881,0
522882,20
522883,0
522884,0
522885,0
522886,0
522887,29
522888,19
522889,0
522890,0
522891,0
522892,0
522893,0
522894,0
522895,0
522896,0
522897,0
522898,0
522899,16
522900,14
522901,0
522902,0
522903,0
522904,0
522905,0
522906,0
522907,0
522908,0
522909,0
522910,0
522911,0
522912,14
522913,0
522914,19
522915,0
522916,0
522917,0
522918,0
522919,0
522920,0
522921,21
522922,0
522923,23
522924,0
522925,20
522926,0
522927,19
522928,0
522929,0
522930,0
522931,0
522932,0
522933,0
522934,0
522935,0
522936,0
522937,23
522938,0
522939,0
522940,0
522941,0
522942,0
522943,9
522944,0
522945,0
522946,0
522947,0
522948,0
522949,0
522950,0
522951,17
522952,14
522953,0
522954,23
522955,18
522956,0
522957,0
522958,0
522959,16
522960,0
522961,0
522962,0
522963,0
522964,0
522965,0
522966,0
522967,0
522968,0
522969,0
522970,0
522971,0
522972,21
522973,0
522974,0
522975,0
522976,14
522977,0
522978,0
522979,0
522980,0
522981,0
522982,0
522983,0
522984,0
522985,9
522986,0
522987,0
522988,0
522989,0
522990,0
522991,0
522992,0
522993,0
522994,0
522995,0
522996,0
522997,0
522998,0
522999,0
523000,0
523001,0
523002,0
523003,0
523004,0
523005,0
523006,0
523007,0
523008,0
523009,0
523010,0
523011,0
523012,0
523013,0
523014,0
523015,0
523016,0
523017,0
523018,0
523019,0
523020,0
523021,0
523022,0
523023,0
523024,0
523025,0
523026,0
523027,0
523028,0
523029,0
523030,0
523031,0
523032,0
523033,0
523034,0
523035,0
523036,0
523037,0
523038,0
523039,0
523040,0
523041,0
523042,0
523043,0
523044,0
523045,0
523046,0
523047,0
523048,0
523049,0
523050,0
523051,0
523052,0
523053,0
523054,0
523055,0
523056,0
523057,0
523058,0
523059,0
523060,0
523061,0
523062,0
523063,0
523064,0
523065,0
523066,0
523067,0
523068,0
523069,0
523070,0
523071,0
523072,0
523073,0
523074,0
523075,0
523076,0
523077,0
523078,0
523079,0
523080,0
523081,1
523082,0
523083,0
523084,0
523085,0
523086,0
523087,0
523088,0
523089,0
523090,0
523091,0
523092,0
523093,0
523094,0
523095,0
523096,0
523097,0
523098,0
523099,0
523100,0
523101,0
523102,0
523103,0
523104,0
523105,0
523106,0
523107,0
523108,0
523109,0
523110,0
523111,0
523112,0
523113,0
523114,0
523115,0
523116,0
523117,0
523118,0
523119,0
523120,0
523121,0
523122,0
523123,0
523124,0
523125,0
523126,0
523127,0
523128,0
523129,0
523130,0
523131,0
523132,0
523133,0
523134,0
523135,0
523136,0
523137,0
523138,0
523139,0
523140,0
523141,0
523142,0
523143,0
523144,0
523145,0
523146,0
523147,0
523148,0
523149,0
523150,0
523151,0
523152,0
523153,0
523154,0
523155,0
523156,0
523157,0
523158,0
523159,0
523160,0
523161,0
523162,0
523163,0
523164,0
523165,0
523166,0
523167,0
523168,0
523169,0
523170,0
523171,0
523172,0
523173,0
523174,0
523175,0
523176,0
523177,0
523178,0
523179,0
523180,0
523181,0
523182,0
523183,0
523184,0
523185,0
523186,0
523187,0
523188,0
523189,0
523190,0
523191,0
523192,0
523193,0
523194,0
523195,0
523196,0
523197,0
523198,0
523199,0
523200,0
523201,0
523202,0
523203,0
523204,0
523205,0
523206,0
523207,0
523208,0
523209,0
523210,0
523211,0
523212,0
523213,0
523214,0
523215,0
523216,0
523217,0
523218,0
523219,0
523220,0
523221,0
523222,0
523223,0
523224,0
523225,0
523226,0
523227,0
523228,0
523229,0
523230,0
523231,0
523232,0
523233,0
523234,0
523235,0
523236,0
523237,0
523238,0
523239,0
523240,0
523241,0
523242,0
523243,0
523244,0
523245,0
523246,0
523247,0
523248,0
523249,0
523250,0
523251,0
523252,0
523253,0
523254,0
523255,0
523256,0
523257,0
523258,0
523259,0
523260,0
523261,0
523262,0
523263,0
523264,0
523265,0
523266,0
523267,0
523268,0
523269,0
523270,0
523271,0
523272,0
523273,0
523274,0
523275,0
523276,0
523277,0
523278,0
523279,0
523280,0
523281,0
523282,0
523283,0
523284,0
523285,0
523286,0
523287,0
523288,0
523289,0
523290,0
523291,0
523292,0
523293,0
523294,0
523295,0
523296,0
523297,0
523298,0
523299,0
523300,0
523301,0
523302,0
523303,0
523304,0
523305,0
523306,0
523307,0
523308,0
523309,0
523310,0
523311,0
523312,0
523313,0
523314,0
523315,0
523316,0
523317,0
523318,0
523319,0
523320,0
523321,0
523322,0
523323,0
523324,0
523325,0
523326,0
523327,0
523328,0
523329,0
523330,0
523331,0
523332,0
523333,0
523334,0
523335,0
523336,0
523337,0
523338,0
523339,0
523340,0
523341,0
523342,0
523343,0
523344,0
523345,0
523346,0
523347,0
523348,0
523349,0
523350,0
523351,0
523352,0
523353,0
523354,0
523355,0
523356,0
523357,0
523358,0
523359,1
523360,0
523361,0
523362,0
523363,0
523364,0
523365,0
523366,0
523367,0
523368,0
523369,0
523370,0
523371,0
523372,0
523373,0
523374,0
523375,0
523376,0
523377,0
523378,0
523379,0
523380,0
523381,0
523382,0
523383,0
523384,0
523385,0
523386,0
523387,0
523388,0
523389,0
523390,0
523391,0
523392,0
523393,0
523394,0
523395,0
523396,0
523397,0
523398,0
523399,0
523400,0
523401,0
523402,0
523403,0
523404,0
523405,0
523406,0
523407,0
523408,0
523409,1
523410,0
523411,0
523412,0
523413,0
523414,0
523415,0
523416,1
523417,0
523418,0
523419,0
523420,0
523421,0
523422,0
523423,0
523424,0
523425,0
523426,0
523427,0
523428,0
523429,0
523430,0
523431,0
523432,0
523433,0
523434,0
523435,0
523436,0
523437,0
523438,0
523439,0
523440,0
523441,0
523442,0
523443,0
523444,0
523445,0
523446,0
523447,0
523448,0
523449,0
523450,0
523451,0
523452,0
523453,0
523454,0
523455,0
523456,0
523457,0
523458,0
523459,0
523460,0
523461,0
523462,0
523463,0
523464,0
523465,0
523466,0
523467,0
523468,0
523469,0
523470,0
523471,0
523472,0
523473,0
523474,0
523475,0
523476,0
523477,0
523478,0
523479,0
523480,0
523481,0
523482,0
523483,0
523484,0
523485,0
523486,0
523487,0
523488,0
523489,0
523490,0
523491,0
523492,0
523493,0
523494,0
523495,0
523496,0
523497,0
523498,0
523499,0
523500,0
523501,0
523502,0
523503,0
523504,0
523505,0
523506,0
523507,0
523508,0
523509,0
523510,0
523511,0
523512,0
523513,0
523514,0
523515,0
523516,0
523517,0
523518,0
523519,0
523520,0
523521,0
523522,1
523523,0
523524,0
523525,0
523526,0
523527,0
523528,0
523529,0
523530,0
523531,0
523532,0
523533,0
523534,0
523535,0
523536,0
523537,0
523538,0
523539,0
523540,0
523541,0
523542,0
523543,0
523544,0
523545,0
523546,0
523547,0
523548,0
523549,0
523550,0
523551,0
523552,0
523553,0
523554,0
523555,0
523556,0
523557,0
523558,0
523559,0
523560,0
523561,0
523562,0
523563,0
523564,0
523565,0
523566,0
523567,0
523568,0
523569,0
523570,0
523571,0
523572,0
523573,0
523574,0
523575,0
523576,0
523577,0
523578,0
523579,0
523580,0
523581,0
523582,0
523583,0
523584,0
523585,0
523586,0
523587,0
523588,0
523589,0
523590,0
523591,0
523592,0
523593,0
523594,0
523595,0
523596,0
523597,0
523598,0
523599,0
523600,0
523601,0
523602,0
523603,0
523604,0
523605,0
523606,0
523607,0
523608,0
523609,0
523610,0
523611,0
523612,0
523613,0
523614,0
523615,0
523616,0
523617,0
523618,0
523619,0
523620,0
523621,0
523622,0
523623,0
523624,0
523625,0
523626,0
523627,0
523628,0
523629,0
523630,0
523631,0
523632,0
523633,0
523634,0
523635,0
523636,0
523637,0
523638,0
523639,0
523640,0
523641,0
523642,0
523643,0
523644,0
523645,0
523646,0
523647,0
523648,0
523649,0
523650,0
523651,0
523652,0
523653,0
523654,0
523655,0
523656,0
523657,0
523658,0
523659,0
523660,0
523661,0
523662,0
523663,0
523664,0
523665,0
523666,0
523667,0
523668,0
523669,0
523670,0
523671,0
523672,0
523673,0
523674,0
523675,0
523676,0
523677,0
523678,0
523679,0
523680,0
523681,0
523682,0
523683,0
523684,0
523685,0
523686,0
523687,0
523688,0
523689,0
523690,0
523691,0
523692,0
523693,0
523694,0
523695,0
523696,0
523697,0
523698,0
523699,0
523700,0
523701,0
523702,0
523703,0
523704,0
523705,0
523706,0
523707,0
523708,0
523709,0
523710,0
523711,0
523712,0
523713,0
523714,0
523715,0
523716,1
523717,0
523718,0
523719,0
523720,0
523721,0
523722,0
523723,0
523724,0
523725,0
523726,0
523727,0
523728,0
523729,0
523730,0
523731,0
523732,0
523733,0
523734,0
523735,0
523736,0
523737,0
523738,0
523739,0
523740,0
523741,0
523742,0
523743,0
523744,0
523745,0
523746,0
523747,0
523748,0
523749,0
523750,0
523751,0
523752,0
523753,0
523754,0
523755,0
523756,0
523757,0
523758,0
523759,0
523760,0
523761,1
523762,0
523763,0
523764,0
523765,0
523766,0
523767,0
523768,0
523769,0
523770,0
523771,0
523772,0
523773,0
523774,0
523775,0
523776,0
523777,0
523778,0
523779,0
523780,0
523781,1
523782,0
523783,0
523784,0
523785,0
523786,0
523787,0
523788,0
523789,0
523790,0
523791,0
523792,0
523793,0
523794,0
523795,0
523796,0
523797,0
523798,0
523799,0
523800,0
523801,0
523802,0
523803,0
523804,0
523805,0
523806,0
523807,0
523808,0
523809,0
523810,0
523811,0
523812,0
523813,0
523814,0
523815,0
523816,0
523817,0
523818,0
523819,0
523820,0
523821,0
523822,0
523823,0
523824,0
523825,0
523826,0
523827,0
523828,0
523829,0
523830,0
523831,0
523832,0
523833,0
523834,0
523835,0
523836,0
523837,0
523838,0
523839,0
523840,0
523841,0
523842,0
523843,0
523844,0
523845,0
523846,0
523847,0
523848,0
523849,0
523850,0
523851,0
523852,0
523853,0
523854,0
523855,0
523856,0
523857,0
523858,0
523859,0
523860,0
523861,0
523862,0
523863,0
523864,0
523865,0
523866,0
523867,0
523868,0
523869,0
523870,0
523871,0
523872,0
523873,0
523874,0
523875,0
523876,0
523877,0
523878,0
523879,0
523880,0
523881,0
523882,0
523883,0
523884,0
523885,0
523886,0
523887,0
523888,0
523889,0
523890,27
523891,0
523892,0
523893,0
523894,0
523895,0
523896,40
523897,0
523898,0
523899,0
523900,0
523901,0
523902,0
523903,0
523904,38
523905,0
523906,0
523907,0
523908,22
523909,0
523910,0
523911,50
523912,33
523913,0
523914,0
523915,0
523916,25
523917,0
523918,34
523919,0
523920,0
523921,0
523922,0
523923,0
523924,0
523925,0
523926,0
523927,0
523928,0
523929,0
523930,0
523931,0
523932,0
523933,0
523934,0
523935,32
523936,0
523937,52
523938,0
523939,0
523940,0
523941,0
523942,0
523943,0
523944,27
523945,0
523946,0
523947,0
523948,0
523949,0
523950,0
523951,0
523952,0
523953,38
523954,0
523955,0
523956,0
523957,0
523958,0
523959,0
523960,0
523961,0
523962,44
523963,0
523964,0
523965,0
523966,0
523967,0
523968,0
523969,36
523970,0
523971,0
523972,0
523973,0
523974,0
523975,21
523976,0
523977,0
523978,0
523979,31
523980,0
523981,0
523982,0
523983,36
523984,0
523985,0
523986,0
523987,0
523988,0
523989,0
523990,39
523991,0
523992,0
523993,0
523994,0
523995,0
523996,0
523997,0
523998,0
523999,0
524000,0
524001,0
524002,0
524003,49
524004,36
524005,0
524006,0
524007,0
524008,0
524009,0
524010,0
524011,29
524012,0
524013,0
524014,0
524015,0
524016,47
524017,0
524018,0
524019,0
524020,0
524021,0
524022,0
524023,0
524024,0
524025,0
524026,0
524027,0
524028,0
524029,0
524030,0
524031,0
524032,0
524033,0
524034,0
524035,0
524036,0
524037,50
524038,33
524039,0
524040,36
524041,0
524042,0
524043,0
524044,31
524045,0
524046,34
524047,0
524048,0
524049,28
524050,0
524051,0
524052,0
524053,0
524054,62
524055,0
524056,0
524057,0
524058,0
524059,0
524060,0
524061,0
524062,0
524063,0
524064,0
524065,0
524066,0
524067,0
524068,0
524069,0
524070,0
524071,0
524072,46
524073,0
524074,0
524075,33
524076,0
524077,0
524078,0
524079,0
524080,0
524081,0
524082,0
524083,0
524084,0
524085,0
524086,0
524087,0
524088,0
524089,0
524090,0
524091,0
524092,0
524093,0
524094,0
524095,0
524096,0
524097,0
524098,0
524099,0
524100,0
524101,0
524102,0
524103,0
524104,0
524105,0
524106,0
524107,0
524108,18
524109,0
524110,0
524111,0
524112,0
524113,0
524114,51
524115,0
524116,0
524117,0
524118,0
524119,0
524120,0
524121,0
524122,0
524123,0
524124,0
524125,0
524126,0
524127,0
524128,0
524129,0
524130,0
524131,35
524132,0
524133,0
524134,38
524135,0
524136,0
524137,0
524138,0
524139,15
524140,0
524141,0
524142,0
524143,0
524144,0
524145,0
524146,0
524147,0
524148,0
524149,0
524150,0
524151,45
524152,0
524153,0
524154,0
524155,0
524156,0
524157,0
524158,29
524159,19
524160,0
524161,0
524162,39
524163,36
524164,0
524165,0
524166,0
524167,0
524168,0
524169,0
524170,0
524171,0
524172,0
524173,0
524174,0
524175,0
524176,0
524177,0
524178,0
524179,0
524180,0
524181,0
524182,0
524183,0
524184,0
524185,0
524186,0
524187,0
524188,0
524189,0
524190,0
524191,0
524192,0
524193,0
524194,0
524195,0
524196,0
524197,0
524198,0
524199,0
524200,0
524201,0
524202,0
524203,0
524204,0
524205,0
524206,0
524207,0
524208,0
524209,0
524210,0
524211,0
524212,0
524213,0
524214,0
524215,0
524216,0
524217,0
524218,28
524219,0
524220,0
524221,0
524222,0
524223,0
524224,0
524225,0
524226,0
524227,0
524228,0
524229,0
524230,0
524231,0
524232,0
524233,0
524234,0
524235,0
524236,0
524237,0
524238,0
524239,0
524240,0
524241,0
524242,0
524243,0
524244,0
524245,48
524246,0
524247,0
524248,0
524249,0
524250,26
524251,0
524252,0
524253,0
524254,0
524255,0
524256,0
524257,0
524258,0
524259,0
524260,0
524261,0
524262,0
524263,0
524264,0
524265,0
524266,0
524267,0
524268,0
524269,0
524270,0
524271,0
524272,0
524273,0
524274,0
524275,0
524276,0
524277,0
524278,0
524279,39
524280,0
524281,0
524282,0
524283,0
524284,0
524285,0
524286,0
524287,13
524288,0
524289,0
524290,0
524291,0
524292,0
524293,0
524294,0
524295,0
524296,0
524297,0
524298,34
524299,0
524300,0
524301,0
524302,0
524303,0
524304,0
524305,0
524306,0
524307,0
524308,0
524309,30
524310,0
524311,0
524312,0
524313,0
524314,0
524315,0
524316,0
524317,0
524318,0
524319,27
524320,0
524321,0
524322,0
524323,0
524324,0
524325,0
524326,0
524327,0
524328,37
524329,0
524330,0
524331,0
524332,0
524333,0
524334,0
524335,0
524336,0
524337,0
524338,0
524339,0
524340,0
524341,0
524342,0
524343,0
524344,0
524345,0
524346,0
524347,0
524348,0
524349,0
524350,0
524351,0
524352,0
524353,0
524354,44
524355,0
524356,28
524357,0
524358,0
524359,0
524360,0
524361,0
524362,0
524363,32
524364,0
524365,0
524366,0
524367,0
524368,0
524369,0
524370,0
524371,0
524372,0
524373,0
524374,0
524375,0
524376,0
524377,0
524378,0
524379,0
524380,0
524381,0
524382,0
524383,0
524384,0
524385,0
524386,0
524387,0
524388,0
524389,0
524390,0
524391,0
524392,0
524393,0
524394,0
524395,0
524396,0
524397,22
524398,0
524399,0
524400,0
524401,0
524402,0
524403,0
524404,19
524405,0
524406,0
524407,0
524408,0
524409,0
524410,0
524411,0
524412,0
524413,0
524414,0
524415,0
524416,0
524417,0
524418,0
524419,60
524420,27
524421,0
524422,0
524423,0
524424,0
524425,0
524426,0
524427,0
524428,0
524429,0
524430,0
524431,0
524432,0
524433,0
524434,0
524435,0
524436,0
524437,0
524438,0
524439,0
524440,0
524441,0
524442,0
524443,0
524444,0
524445,0
524446,0
524447,0
524448,0
524449,0
524450,0
524451,0
524452,0
524453,0
524454,0
524455,0
524456,0
524457,0
524458,0
524459,0
524460,0
524461,0
524462,0
524463,0
524464,0
524465,0
524466,0
524467,0
524468,0
524469,0
524470,0
524471,0
524472,0
524473,0
524474,0
524475,0
524476,0
524477,0
524478,34
524479,0
524480,0
524481,0
524482,0
524483,22
524484,0
524485,0
524486,0
524487,0
524488,0
524489,0
524490,0
524491,0
524492,0
524493,0
524494,0
524495,0
524496,0
524497,24
524498,0
524499,0
524500,0
524501,0
524502,0
524503,0
524504,0
524505,0
524506,0
524507,0
524508,0
524509,0
524510,25
524511,0
524512,0
524513,0
524514,27
524515,0
524516,0
524517,0
524518,0
524519,0
524520,0
524521,0
524522,0
524523,0
524524,0
524525,0
524526,0
524527,0
524528,28
524529,0
524530,0
524531,0
524532,0
524533,0
524534,0
524535,0
524536,0
524537,0
524538,0
524539,0
524540,0
524541,0
524542,0
524543,0
524544,0
524545,0
524546,0
524547,0
524548,0
524549,0
524550,0
524551,0
524552,0
524553,0
524554,0
524555,0
524556,0
524557,0
524558,0
524559,0
524560,34
524561,0
524562,0
524563,0
524564,0
524565,0
524566,0
524567,0
524568,0
524569,0
524570,0
524571,0
524572,0
524573,0
524574,0
524575,28
524576,0
524577,0
524578,0
524579,0
524580,0
524581,0
524582,0
524583,50
524584,0
524585,0
524586,39
524587,0
524588,0
524589,0
524590,0
524591,0
524592,0
524593,0
524594,0
524595,0
524596,0
524597,0
524598,0
524599,0
524600,0
524601,0
524602,0
524603,0
524604,0
524605,0
524606,0
524607,0
524608,6
524609,0
524610,0
524611,0
524612,0
524613,0
524614,0
524615,0
524616,0
524617,0
524618,0
524619,0
524620,0
524621,0
524622,0
524623,0
524624,0
524625,0
524626,0
524627,0
524628,0
524629,0
524630,0
524631,0
524632,0
524633,0
524634,0
524635,0
524636,0
524637,0
524638,0
524639,0
524640,0
524641,0
524642,0
524643,7
524644,0
524645,0
524646,0
524647,0
524648,0
524649,0
524650,0
524651,0
524652,0
524653,0
524654,7
524655,0
524656,0
524657,0
524658,0
524659,0
524660,0
524661,0
524662,0
524663,0
524664,0
524665,0
524666,0
524667,0
524668,0
524669,0
524670,0
524671,0
524672,0
524673,0
524674,0
524675,0
524676,0
524677,0
524678,11
524679,0
524680,0
524681,0
524682,6
524683,0
524684,0
524685,0
524686,0
524687,0
524688,0
524689,0
524690,0
524691,0
524692,0
524693,0
524694,0
524695,0
524696,0
524697,0
524698,0
524699,0
524700,0
524701,0
524702,0
524703,0
524704,0
524705,0
524706,0
524707,0
524708,0
524709,0
524710,0
524711,0
524712,0
524713,0
524714,0
524715,0
524716,0
524717,0
524718,0
524719,0
524720,0
524721,0
524722,0
524723,0
524724,0
524725,0
524726,0
524727,0
524728,0
524729,0
524730,0
524731,0
524732,0
524733,0
524734,0
524735,0
524736,0
524737,0
524738,0
524739,0
524740,0
524741,0
524742,0
524743,0
524744,0
524745,0
524746,0
524747,0
524748,0
524749,0
524750,0
524751,0
524752,0
524753,0
524754,0
524755,0
524756,0
524757,0
524758,0
524759,0
524760,0
524761,0
524762,0
524763,0
524764,0
524765,0
524766,0
524767,0
524768,0
524769,0
524770,0
524771,0
524772,0
524773,0
524774,0
524775,0
524776,0
524777,0
524778,0
524779,0
524780,0
524781,0
524782,0
524783,0
524784,0
524785,0
524786,0
524787,0
524788,0
524789,0
524790,0
524791,0
524792,0
524793,0
524794,0
524795,0
524796,0
524797,0
524798,0
524799,0
524800,0
524801,0
524802,0
524803,0
524804,0
524805,0
524806,0
524807,0
524808,0
524809,0
524810,0
524811,0
524812,0
524813,0
524814,0
524815,0
524816,0
524817,0
524818,0
524819,0
524820,0
524821,0
524822,0
524823,0
524824,0
524825,0
524826,0
524827,0
524828,0
524829,0
524830,0
524831,0
524832,0
524833,0
524834,0
524835,0
524836,0
524837,0
524838,0
524839,0
524840,0
524841,0
524842,0
524843,0
524844,0
524845,0
524846,0
524847,0
524848,0
524849,0
524850,0
524851,0
524852,0
524853,0
524854,0
524855,0
524856,0
524857,0
524858,0
524859,0
524860,0
524861,0
524862,0
524863,0
524864,0
524865,0
524866,0
524867,0
524868,0
524869,0
524870,0
524871,0
524872,0
524873,0
524874,0
524875,0
524876,0
524877,0
524878,0
524879,0
524880,0
524881,0
524882,0
524883,0
524884,0
524885,0
524886,0
524887,0
524888,0
524889,0
524890,0
524891,0
524892,0
524893,0
524894,0
524895,0
524896,0
524897,0
524898,0
524899,0
524900,0
524901,0
524902,0
524903,0
524904,0
524905,1
524906,0
524907,0
524908,0
524909,0
524910,0
524911,0
524912,0
524913,0
524914,0
524915,0
524916,0
524917,0
524918,0
524919,0
524920,0
524921,1
524922,0
524923,0
524924,0
524925,0
524926,0
524927,0
524928,0
524929,0
524930,0
524931,0
524932,0
524933,0
524934,0
524935,0
524936,0
524937,0
524938,0
524939,0
524940,0
524941,0
524942,0
524943,0
524944,0
524945,0
524946,0
524947,0
524948,0
524949,0
524950,0
524951,0
524952,0
524953,0
524954,0
524955,0
524956,0
524957,0
524958,0
524959,0
524960,0
524961,0
524962,0
524963,0
524964,0
524965,0
524966,0
524967,0
524968,0
524969,0
524970,0
524971,0
524972,0
524973,0
524974,0
524975,0
524976,0
524977,0
524978,0
524979,0
524980,0
524981,0
524982,0
524983,0
524984,0
524985,0
524986,0
524987,0
524988,0
524989,0
524990,0
524991,0
524992,0
524993,0
524994,0
524995,0
524996,0
524997,0
524998,0
524999,0
525000,0
525001,0
525002,0
525003,0
525004,0
525005,0
525006,0
525007,0
525008,0
525009,0
525010,0
525011,0
525012,0
525013,0
525014,0
525015,0
525016,0
525017,0
525018,0
525019,0
525020,0
525021,0
525022,0
525023,0
525024,0
525025,0
525026,0
525027,0
525028,0
525029,0
525030,0
525031,0
525032,0
525033,0
525034,0
525035,0
525036,0
525037,0
525038,0
525039,0
525040,0
525041,0
525042,0
525043,0
525044,0
525045,0
525046,0
525047,0
525048,0
525049,0
525050,0
525051,0
525052,0
525053,0
525054,0
525055,0
525056,0
525057,0
525058,0
525059,0
525060,0
525061,0
525062,0
525063,0
525064,0
525065,0
525066,0
525067,0
525068,0
525069,0
525070,0
525071,0
525072,0
525073,0
525074,0
525075,0
525076,0
525077,0
525078,0
525079,0
525080,0
525081,0
525082,0
525083,0
525084,0
525085,0
525086,0
525087,0
525088,0
525089,0
525090,0
525091,0
525092,0
525093,0
525094,0
525095,0
525096,0
525097,0
525098,0
525099,0
525100,0
525101,0
525102,0
525103,0
525104,0
525105,0
525106,0
525107,0
525108,0
525109,0
525110,0
525111,0
525112,0
525113,0
525114,0
525115,0
525116,0
525117,0
525118,0
525119,0
525120,0
525121,0
525122,0
525123,0
525124,0
525125,0
525126,0
525127,0
525128,0
525129,0
525130,0
525131,0
525132,0
525133,0
525134,0
525135,0
525136,0
525137,0
525138,0
525139,0
525140,0
525141,0
525142,0
525143,0
525144,0
525145,0
525146,0
525147,0
525148,0
525149,0
525150,0
525151,0
525152,0
525153,0
525154,0
525155,0
525156,0
525157,0
525158,0
525159,0
525160,0
525161,0
525162,0
525163,0
525164,0
525165,0
525166,0
525167,0
525168,0
525169,0
525170,0
525171,0
525172,0
525173,0
525174,0
525175,0
525176,0
525177,0
525178,0
525179,0
525180,0
525181,0
525182,0
525183,0
525184,0
525185,0
525186,0
525187,0
525188,0
525189,0
525190,0
525191,0
525192,0
525193,0
525194,0
525195,0
525196,0
525197,0
525198,0
525199,0
525200,0
525201,0
525202,0
525203,0
525204,0
525205,0
525206,0
525207,0
525208,0
525209,0
525210,0
525211,0
525212,0
525213,0
525214,0
525215,0
525216,0
525217,0
525218,0
525219,0
525220,0
525221,0
525222,0
525223,0
525224,0
525225,0
525226,0
525227,0
525228,0
525229,0
525230,0
525231,1
525232,0
525233,0
525234,0
525235,0
525236,0
525237,0
525238,0
525239,0
525240,0
525241,0
525242,0
525243,0
525244,0
525245,0
525246,0
525247,0
525248,0
525249,0
525250,0
525251,0
525252,0
525253,0
525254,0
525255,0
525256,0
525257,0
525258,0
525259,0
525260,0
525261,0
525262,1
525263,0
525264,0
525265,1
525266,0
525267,0
525268,0
525269,0
525270,0
525271,0
525272,0
525273,0
525274,0
525275,0
525276,0
525277,0
525278,0
525279,0
525280,0
525281,0
525282,0
525283,0
525284,0
525285,0
525286,0
525287,0
525288,0
525289,0
525290,0
525291,0
525292,0
525293,0
525294,0
525295,0
525296,0
525297,0
525298,0
525299,0
525300,0
525301,0
525302,0
525303,0
525304,0
525305,0
525306,0
525307,0
525308,0
525309,0
525310,0
525311,0
525312,0
525313,0
525314,0
525315,0
525316,0
525317,0
525318,0
525319,0
525320,0
525321,0
525322,0
525323,0
525324,0
525325,1
525326,0
525327,0
525328,0
525329,0
525330,0
525331,0
525332,0
525333,0
525334,0
525335,0
525336,0
525337,0
525338,0
525339,0
525340,0
525341,1
525342,0
525343,0
525344,0
525345,0
525346,0
525347,0
525348,0
525349,0
525350,0
525351,0
525352,0
525353,0
525354,0
525355,0
525356,0
525357,0
525358,0
525359,0
525360,0
525361,0
525362,0
525363,0
525364,0
525365,0
525366,1
525367,0
525368,0
525369,0
525370,0
525371,0
525372,0
525373,0
525374,0
525375,0
525376,0
525377,0
525378,0
525379,0
525380,0
525381,0
525382,0
525383,0
525384,0
525385,0
525386,0
525387,0
525388,0
525389,0
525390,0
525391,0
525392,0
525393,0
525394,0
525395,0
525396,0
525397,0
525398,0
525399,0
525400,0
525401,0
525402,0
525403,0
525404,0
525405,0
525406,0
525407,0
525408,0
525409,0
525410,0
525411,0
525412,0
525413,0
525414,1
525415,0
525416,0
525417,0
525418,0
525419,0
525420,0
525421,0
525422,0
525423,0
525424,0
525425,0
525426,0
525427,0
525428,0
525429,0
525430,0
525431,0
525432,0
525433,0
525434,0
525435,0
525436,0
525437,0
525438,0
525439,0
525440,0
525441,0
525442,0
525443,0
525444,0
525445,0
525446,0
525447,0
525448,0
525449,0
525450,0
525451,0
525452,0
525453,0
525454,0
525455,0
525456,0
525457,0
525458,0
525459,0
525460,0
525461,0
525462,0
525463,0
525464,0
525465,0
525466,0
525467,0
525468,0
525469,0
525470,0
525471,0
525472,0
525473,0
525474,0
525475,0
525476,0
525477,0
525478,0
525479,0
525480,0
525481,0
525482,0
525483,0
525484,0
525485,0
525486,0
525487,0
525488,0
525489,0
525490,0
525491,0
525492,0
525493,0
525494,0
525495,0
525496,0
525497,0
525498,0
525499,0
525500,0
525501,0
525502,0
525503,0
525504,0
525505,0
525506,0
525507,0
525508,0
525509,0
525510,0
525511,0
525512,0
525513,0
525514,0
525515,0
525516,0
525517,0
525518,0
525519,0
525520,0
525521,0
525522,0
525523,0
525524,0
525525,0
525526,0
525527,0
525528,0
525529,0
525530,0
525531,0
525532,0
525533,0
525534,0
525535,0
525536,0
525537,0
525538,0
525539,0
525540,0
525541,0
525542,0
525543,0
525544,0
525545,0
525546,0
525547,3
525548,0
525549,0
525550,0
525551,0
525552,0
525553,0
525554,0
525555,0
525556,1
525557,0
525558,0
525559,2
525560,0
525561,0
525562,0
525563,0
525564,0
525565,0
525566,0
525567,0
525568,0
525569,4
525570,0
525571,0
525572,4
525573,0
525574,0
525575,1
525576,0
525577,0
525578,0
525579,0
525580,0
525581,0
525582,3
525583,0
525584,0
525585,0
525586,0
525587,5
525588,0
525589,0
525590,3
525591,0
525592,0
525593,0
525594,0
525595,0
525596,0
525597,0
525598,1
525599,0
525600,3
525601,0
525602,0
525603,0
525604,0
525605,0
525606,0
525607,0
525608,0
525609,0
525610,0
525611,0
525612,0
525613,0
525614,3
525615,0
525616,0
525617,0
525618,0
525619,0
525620,0
525621,0
525622,1
525623,0
525624,0
525625,5
525626,0
525627,0
525628,0
525629,6
525630,0
525631,3
525632,0
525633,0
525634,0
525635,5
525636,0
525637,0
525638,0
525639,0
525640,4
525641,0
525642,0
525643,3
525644,0
525645,0
525646,6
525647,0
525648,0
525649,0
525650,0
525651,2
525652,0
525653,7
525654,0
525655,0
525656,0
525657,0
525658,0
525659,0
525660,0
525661,0
525662,6
525663,0
525664,0
525665,0
525666,0
525667,2
525668,4
525669,3
525670,0
525671,0
525672,2
525673,0
525674,0
525675,0
525676,0
525677,0
525678,0
525679,0
525680,0
525681,0
525682,0
525683,4
525684,2
525685,0
525686,0
525687,2
525688,3
525689,0
525690,3
525691,4
525692,2
525693,6
525694,0
525695,0
525696,0
525697,0
525698,0
525699,0
525700,0
525701,4
525702,0
525703,0
525704,0
525705,0
525706,2
525707,0
525708,0
525709,4
525710,0
525711,0
525712,0
525713,0
525714,0
525715,0
525716,0
525717,0
525718,0
525719,0
525720,1
525721,0
525722,8
525723,0
525724,0
525725,0
525726,0
525727,4
525728,0
525729,0
525730,0
525731,4
525732,0
525733,0
525734,0
525735,0
525736,0
525737,2
525738,6
525739,0
525740,0
525741,0
525742,1
525743,3
525744,0
525745,6
525746,0
525747,3
525748,0
525749,3
525750,0
525751,0
525752,2
525753,0
525754,0
525755,0
525756,0
525757,0
525758,0
525759,0
525760,3
525761,0
525762,0
525763,0
525764,0
525765,0
525766,0
525767,6
525768,0
525769,0
525770,4
525771,2
525772,0
525773,0
525774,0
525775,0
525776,0
525777,0
525778,0
525779,2
525780,0
525781,0
525782,0
525783,0
525784,0
525785,0
525786,0
525787,0
525788,0
525789,4
525790,0
525791,0
525792,0
525793,0
525794,0
525795,0
525796,1
525797,0
525798,0
525799,6
525800,0
525801,0
525802,0
525803,0
525804,3
525805,0
525806,0
525807,0
525808,0
525809,0
525810,2
525811,0
525812,0
525813,0
525814,0
525815,0
525816,0
525817,0
525818,0
525819,0
525820,2
525821,3
525822,4
525823,6
525824,3
525825,0
525826,0
525827,0
525828,5
525829,0
525830,0
525831,0
525832,0
525833,0
525834,18
525835,0
525836,0
525837,0
525838,0
525839,21
525840,0
525841,25
525842,0
525843,0
525844,0
525845,32
525846,36
525847,0
525848,0
525849,0
525850,0
525851,0
525852,0
525853,0
525854,0
525855,0
525856,17
525857,21
525858,0
525859,0
525860,0
525861,0
525862,0
525863,0
525864,0
525865,0
525866,12
525867,0
525868,0
525869,0
525870,0
525871,13
525872,0
525873,33
525874,0
525875,13
525876,8
525877,0
525878,0
525879,17
525880,21
525881,0
525882,0
525883,0
525884,0
525885,0
525886,0
525887,29
525888,15
525889,29
525890,0
525891,29
525892,0
525893,0
525894,0
525895,0
525896,21
525897,0
525898,20
525899,0
525900,0
525901,0
525902,0
525903,0
525904,29
525905,0
525906,0
525907,40
525908,0
525909,0
525910,0
525911,0
525912,25
525913,16
525914,0
525915,0
525916,0
525917,0
525918,0
525919,0
525920,32
525921,0
525922,0
525923,24
525924,0
525925,0
525926,0
525927,0
525928,0
525929,21
525930,0
525931,23
525932,25
525933,17
525934,0
525935,0
525936,19
525937,28
525938,0
525939,0
525940,0
525941,0
525942,0
525943,0
525944,0
525945,0
525946,0
525947,0
525948,0
525949,14
525950,16
525951,25
525952,0
525953,0
525954,0
525955,0
525956,0
525957,22
525958,30
525959,26
525960,0
525961,0
525962,0
525963,0
525964,0
525965,17
525966,0
525967,0
525968,0
525969,15
525970,0
525971,13
525972,11
525973,0
525974,0
525975,0
525976,0
525977,0
525978,15
525979,21
525980,0
525981,0
525982,18
525983,0
525984,0
525985,0
525986,0
525987,0
525988,0
525989,25
525990,0
525991,0
525992,0
525993,0
525994,35
525995,0
525996,0
525997,0
525998,0
525999,0
526000,0
526001,0
526002,0
526003,0
526004,15
526005,0
526006,10
526007,0
526008,0
526009,23
526010,23
526011,12
526012,0
526013,0
526014,0
526015,0
526016,0
526017,0
526018,0
526019,0
526020,0
526021,0
526022,0
526023,0
526024,0
526025,0
526026,24
526027,24
526028,0
526029,0
526030,0
526031,0
526032,0
526033,0
526034,0
526035,0
526036,0
526037,0
526038,0
526039,0
526040,0
526041,0
526042,0
526043,0
526044,0
526045,0
526046,30
526047,0
526048,0
526049,0
526050,0
526051,22
526052,0
526053,0
526054,0
526055,0
526056,0
526057,0
526058,0
526059,25
526060,0
526061,0
526062,0
526063,0
526064,0
526065,0
526066,0
526067,0
526068,0
526069,0
526070,0
526071,14
526072,0
526073,0
526074,0
526075,0
526076,0
526077,0
526078,0
526079,0
526080,0
526081,0
526082,0
526083,0
526084,0
526085,0
526086,0
526087,0
526088,0
526089,25
526090,0
526091,0
526092,23
526093,16
526094,0
526095,0
526096,0
526097,25
526098,0
526099,0
526100,0
526101,0
526102,0
526103,0
526104,32
526105,0
526106,0
526107,31
526108,0
526109,0
526110,0
526111,0
526112,29
526113,19
526114,0
526115,0
526116,0
526117,0
526118,31
526119,0
526120,0
526121,0
526122,0
526123,0
526124,0
526125,0
526126,0
526127,0
526128,0
526129,0
526130,0
526131,0
526132,0
526133,0
526134,0
526135,0
526136,0
526137,27
526138,0
526139,0
526140,18
526141,0
526142,0
526143,0
526144,0
526145,0
526146,0
526147,0
526148,22
526149,0
526150,25
526151,0
526152,0
526153,0
526154,0
526155,0
526156,0
526157,0
526158,0
526159,0
526160,0
526161,0
526162,0
526163,0
526164,31
526165,0
526166,0
526167,0
526168,0
526169,0
526170,0
526171,0
526172,0
526173,0
526174,0
526175,0
526176,0
526177,0
526178,0
526179,0
526180,20
526181,0
526182,28
526183,0
526184,0
526185,29
526186,0
526187,0
526188,0
526189,0
526190,0
526191,24
526192,0
526193,0
526194,27
526195,0
526196,0
526197,0
526198,0
526199,32
526200,0
526201,0
526202,0
526203,0
526204,0
526205,0
526206,0
526207,0
526208,0
526209,0
526210,0
526211,0
526212,0
526213,0
526214,0
526215,0
526216,0
526217,0
526218,28
526219,0
526220,0
526221,0
526222,0
526223,0
526224,0
526225,0
526226,0
526227,0
526228,0
526229,0
526230,20
526231,0
526232,0
526233,0
526234,0
526235,0
526236,0
526237,0
526238,0
526239,0
526240,0
526241,0
526242,0
526243,0
526244,0
526245,0
526246,0
526247,0
526248,0
526249,0
526250,0
526251,0
526252,0
526253,0
526254,39
526255,0
526256,0
526257,31
526258,0
526259,0
526260,0
526261,0
526262,0
526263,0
526264,0
526265,0
526266,0
526267,0
526268,19
526269,25
526270,0
526271,0
526272,0
526273,0
526274,0
526275,0
526276,0
526277,0
526278,0
526279,0
526280,0
526281,0
526282,0
526283,0
526284,0
526285,0
526286,24
526287,0
526288,0
526289,0
526290,0
526291,0
526292,0
526293,0
526294,0
526295,0
526296,26
526297,0
526298,28
526299,0
526300,0
526301,0
526302,0
526303,0
526304,0
526305,0
526306,0
526307,0
526308,0
526309,29
526310,0
526311,0
526312,37
526313,0
526314,0
526315,32
526316,32
526317,0
526318,18
526319,0
526320,0
526321,22
526322,0
526323,0
526324,0
526325,28
526326,0
526327,0
526328,0
526329,0
526330,0
526331,0
526332,0
526333,0
526334,0
526335,9
526336,0
526337,0
526338,0
526339,0
526340,0
526341,0
526342,0
526343,0
526344,27
526345,0
526346,0
526347,0
526348,0
526349,0
526350,0
526351,0
526352,24
526353,0
526354,0
526355,0
526356,0
526357,0
526358,18
526359,0
526360,0
526361,18
526362,0
526363,0
526364,0
526365,0
526366,0
526367,0
526368,0
526369,0
526370,0
526371,0
526372,0
526373,0
526374,0
526375,0
526376,0
526377,0
526378,0
526379,0
526380,0
526381,0
526382,0
526383,0
526384,0
526385,0
526386,0
526387,0
526388,0
526389,0
526390,0
526391,0
526392,0
526393,0
526394,0
526395,37
526396,0
526397,0
526398,29
526399,0
526400,0
526401,0
526402,0
526403,0
526404,0
526405,0
526406,0
526407,0
526408,0
526409,0
526410,0
526411,0
526412,0
526413,24
526414,0
526415,0
526416,0
526417,0
526418,0
526419,0
526420,0
526421,0
526422,0
526423,37
526424,0
526425,0
526426,0
526427,16
526428,0
526429,0
526430,0
526431,0
526432,0
526433,0
526434,0
526435,0
526436,0
526437,0
526438,0
526439,0
526440,0
526441,0
526442,32
526443,23
526444,0
526445,0
526446,0
526447,19
526448,0
526449,0
526450,22
526451,0
526452,0
526453,0
526454,0
526455,0
526456,15
526457,0
526458,0
526459,30
526460,0
526461,0
526462,0
526463,0
526464,0
526465,0
526466,0
526467,0
526468,0
526469,0
526470,0
526471,0
526472,0
526473,21
526474,0
526475,0
526476,33
526477,0
526478,0
526479,0
526480,21
526481,0
526482,27
526483,0
526484,0
526485,0
526486,0
526487,0
526488,0
526489,26
526490,0
526491,0
526492,0
526493,0
526494,0
526495,0
526496,0
526497,0
526498,0
526499,0
526500,0
526501,0
526502,20
526503,0
526504,0
526505,0
526506,0
526507,0
526508,0
526509,15
526510,0
526511,0
526512,0
526513,0
526514,23
526515,0
526516,0
526517,0
526518,0
526519,0
526520,0
526521,0
526522,0
526523,0
526524,0
526525,0
526526,0
526527,0
526528,0
526529,0
526530,0
526531,0
526532,0
526533,0
526534,0
526535,0
526536,0
526537,0
526538,0
526539,0
526540,0
526541,0
526542,0
526543,0
526544,0
526545,0
526546,0
526547,0
526548,0
526549,0
526550,0
526551,0
526552,0
526553,0
526554,0
526555,0
526556,0
526557,30
526558,0
526559,0
526560,0
526561,0
526562,0
526563,0
526564,0
526565,0
526566,0
526567,0
526568,0
526569,0
526570,0
526571,29
526572,0
526573,0
526574,0
526575,0
526576,0
526577,22
526578,0
526579,0
526580,0
526581,0
526582,0
526583,33
526584,0
526585,0
526586,0
526587,0
526588,37
526589,0
526590,0
526591,0
526592,0
526593,0
526594,0
526595,0
526596,0
526597,0
526598,0
526599,0
526600,21
526601,0
526602,0
526603,0
526604,0
526605,0
526606,0
526607,0
526608,30
526609,0
526610,0
526611,0
526612,0
526613,0
526614,0
526615,0
526616,0
526617,26
526618,0
526619,0
526620,0
526621,0
526622,0
526623,0
526624,29
526625,0
526626,0
526627,0
526628,0
526629,0
526630,0
526631,0
526632,25
526633,0
526634,0
526635,17
526636,0
526637,0
526638,30
526639,0
526640,0
526641,26
526642,0
526643,0
526644,14
526645,0
526646,0
526647,0
526648,24
526649,0
526650,0
526651,0
526652,30
526653,0
526654,0
526655,0
526656,0
526657,0
526658,24
526659,0
526660,0
526661,0
526662,0
526663,0
526664,0
526665,0
526666,0
526667,0
526668,0
526669,0
526670,0
526671,0
526672,26
526673,0
526674,0
526675,0
526676,15
526677,0
526678,0
526679,0
526680,0
526681,0
526682,0
526683,0
526684,0
526685,0
526686,0
526687,0
526688,0
526689,0
526690,0
526691,0
526692,0
526693,0
526694,0
526695,0
526696,0
526697,0
526698,0
526699,23
526700,0
526701,0
526702,0
526703,0
526704,0
526705,0
526706,0
526707,0
526708,0
526709,0
526710,0
526711,0
526712,0
526713,0
526714,0
526715,0
526716,0
526717,0
526718,0
526719,0
526720,0
526721,0
526722,18
526723,0
526724,0
526725,25
526726,0
526727,0
526728,43
526729,0
526730,0
526731,0
526732,0
526733,0
526734,0
526735,0
526736,0
526737,0
526738,0
526739,0
526740,0
526741,0
526742,0
526743,0
526744,0
526745,0
526746,0
526747,23
526748,0
526749,27
526750,0
526751,0
526752,0
526753,0
526754,0
526755,0
526756,0
526757,0
526758,0
526759,26
526760,0
526761,0
526762,0
526763,0
526764,0
526765,0
526766,0
526767,0
526768,0
526769,0
526770,0
526771,0
526772,0
526773,0
526774,0
526775,0
526776,0
526777,0
526778,0
526779,0
526780,0
526781,0
526782,0
526783,0
526784,0
526785,0
526786,0
526787,18
526788,0
526789,0
526790,26
526791,0
526792,0
526793,0
526794,0
526795,0
526796,0
526797,0
526798,0
526799,0
526800,0
526801,0
526802,0
526803,0
526804,0
526805,0
526806,0
526807,0
526808,0
526809,0
526810,13
526811,25
526812,0
526813,0
526814,0
526815,0
526816,0
526817,32
526818,0
526819,0
526820,0
526821,0
526822,0
526823,0
526824,0
526825,0
526826,15
526827,0
526828,0
526829,0
526830,0
526831,0
526832,0
526833,0
526834,0
526835,0
526836,0
526837,0
526838,0
526839,0
526840,0
526841,0
526842,0
526843,0
526844,0
526845,0
526846,0
526847,0
526848,0
526849,0
526850,0
526851,0
526852,0
526853,0
526854,0
526855,0
526856,0
526857,0
526858,0
526859,0
526860,22
526861,0
526862,0
526863,0
526864,0
526865,0
526866,0
526867,0
526868,0
526869,0
526870,0
526871,0
526872,0
526873,0
526874,0
526875,0
526876,0
526877,0
526878,20
526879,24
526880,0
526881,0
526882,0
526883,0
526884,0
526885,0
526886,0
526887,0
526888,0
526889,0
526890,0
526891,0
526892,30
526893,0
526894,0
526895,34
526896,0
526897,0
526898,0
526899,0
526900,0
526901,0
526902,0
526903,0
526904,0
526905,0
526906,0
526907,0
526908,0
526909,0
526910,0
526911,0
526912,0
526913,0
526914,0
526915,0
526916,0
526917,0
526918,0
526919,0
526920,0
526921,0
526922,0
526923,0
526924,0
526925,0
526926,0
526927,0
526928,0
526929,30
526930,0
526931,0
526932,0
526933,0
526934,0
526935,0
526936,0
526937,0
526938,0
526939,0
526940,0
526941,0
526942,0
526943,0
526944,0
526945,26
526946,0
526947,0
526948,0
526949,0
526950,0
526951,0
526952,0
526953,0
526954,23
526955,10
526956,26
526957,0
526958,0
526959,0
526960,0
526961,0
526962,0
526963,0
526964,0
526965,0
526966,0
526967,0
526968,0
526969,0
526970,0
526971,0
526972,0
526973,0
526974,0
526975,0
526976,0
526977,0
526978,0
526979,0
526980,0
526981,0
526982,0
526983,0
526984,0
526985,0
526986,9
526987,0
526988,0
526989,0
526990,34
526991,0
526992,0
526993,0
526994,0
526995,0
526996,0
526997,0
526998,0
526999,22
527000,0
527001,0
527002,0
527003,0
527004,0
527005,0
527006,0
527007,0
527008,0
527009,0
527010,16
527011,18
527012,0
527013,0
527014,0
527015,0
527016,0
527017,30
527018,0
527019,0
527020,0
527021,0
527022,41
527023,0
527024,0
527025,0
527026,0
527027,0
527028,0
527029,0
527030,0
527031,0
527032,0
527033,0
527034,0
527035,0
527036,0
527037,0
527038,0
527039,0
527040,0
527041,0
527042,0
527043,0
527044,0
527045,0
527046,20
527047,0
527048,0
527049,0
527050,0
527051,0
527052,0
527053,0
527054,0
527055,0
527056,0
527057,0
527058,0
527059,26
527060,0
527061,0
527062,0
527063,0
527064,0
527065,0
527066,0
527067,27
527068,0
527069,0
527070,0
527071,0
527072,0
527073,0
527074,0
527075,0
527076,0
527077,0
527078,0
527079,0
527080,0
527081,0
527082,0
527083,29
527084,0
527085,0
527086,0
527087,0
527088,15
527089,17
527090,0
527091,0
527092,0
527093,0
527094,0
527095,0
527096,0
527097,0
527098,0
527099,0
527100,0
527101,0
527102,17
527103,0
527104,0
527105,0
527106,31
527107,0
527108,15
527109,0
527110,17
527111,28
527112,0
527113,0
527114,0
527115,0
527116,0
527117,0
527118,0
527119,0
527120,0
527121,0
527122,0
527123,0
527124,0
527125,0
527126,0
527127,0
527128,0
527129,0
527130,0
527131,0
527132,0
527133,0
527134,0
527135,0
527136,0
527137,0
527138,0
527139,0
527140,0
527141,0
527142,0
527143,0
527144,0
527145,0
527146,0
527147,0
527148,0
527149,0
527150,0
527151,0
527152,0
527153,0
527154,0
527155,0
527156,0
527157,0
527158,0
527159,0
527160,0
527161,0
527162,16
527163,0
527164,0
527165,0
527166,0
527167,0
527168,0
527169,0
527170,0
527171,0
527172,0
527173,0
527174,0
527175,0
527176,0
527177,21
527178,0
527179,0
527180,0
527181,0
527182,0
527183,0
527184,0
527185,0
527186,0
527187,0
527188,0
527189,0
527190,0
527191,0
527192,0
527193,0
527194,0
527195,0
527196,23
527197,0
527198,0
527199,0
527200,0
527201,0
527202,0
527203,0
527204,0
527205,0
527206,0
527207,0
527208,0
527209,0
527210,37
527211,0
527212,0
527213,0
527214,0
527215,0
527216,0
527217,0
527218,0
527219,0
527220,0
527221,0
527222,0
527223,0
527224,27
527225,0
527226,0
527227,0
527228,22
527229,0
527230,11
527231,0
527232,0
527233,0
527234,0
527235,0
527236,24
527237,25
527238,0
527239,0
527240,0
527241,0
527242,0
527243,0
527244,0
527245,0
527246,0
527247,0
527248,0
527249,0
527250,0
527251,0
527252,0
527253,0
527254,0
527255,0
527256,0
527257,0
527258,0
527259,0
527260,16
527261,0
527262,0
527263,0
527264,0
527265,0
527266,26
527267,0
527268,0
527269,0
527270,0
527271,0
527272,0
527273,0
527274,0
527275,0
527276,0
527277,0
527278,0
527279,0
527280,0
527281,13
527282,0
527283,0
527284,0
527285,0
527286,37
527287,0
527288,0
527289,21
527290,0
527291,0
527292,24
527293,0
527294,0
527295,0
527296,0
527297,0
527298,0
527299,0
527300,0
527301,0
527302,0
527303,19
527304,0
527305,0
527306,0
527307,0
527308,0
527309,0
527310,0
527311,0
527312,0
527313,0
527314,0
527315,0
527316,0
527317,0
527318,0
527319,0
527320,0
527321,0
527322,26
527323,0
527324,0
527325,0
527326,0
527327,0
527328,0
527329,16
527330,0
527331,0
527332,0
527333,0
527334,0
527335,0
527336,0
527337,0
527338,0
527339,0
527340,0
527341,4
527342,0
527343,0
527344,0
527345,0
527346,0
527347,0
527348,0
527349,0
527350,0
527351,0
527352,0
527353,0
527354,0
527355,0
527356,0
527357,0
527358,0
527359,0
527360,0
527361,0
527362,0
527363,0
527364,0
527365,0
527366,0
527367,0
527368,0
527369,0
527370,0
527371,0
527372,0
527373,0
527374,20
527375,0
527376,0
527377,0
527378,0
527379,0
527380,0
527381,0
527382,0
527383,0
527384,0
527385,0
527386,0
527387,0
527388,0
527389,17
527390,0
527391,0
527392,0
527393,0
527394,0
527395,0
527396,0
527397,0
527398,0
527399,0
527400,0
527401,0
527402,0
527403,0
527404,0
527405,0
527406,0
527407,0
527408,0
527409,21
527410,0
527411,0
527412,0
527413,0
527414,0
527415,0
527416,0
527417,0
527418,0
527419,0
527420,0
527421,0
527422,0
527423,0
527424,0
527425,0
527426,0
527427,17
527428,0
527429,0
527430,0
527431,0
527432,0
527433,0
527434,0
527435,0
527436,0
527437,0
527438,0
527439,0
527440,0
527441,0
527442,0
527443,0
527444,0
527445,0
527446,0
527447,0
527448,0
527449,0
527450,0
527451,0
527452,0
527453,0
527454,0
527455,0
527456,0
527457,0
527458,0
527459,0
527460,0
527461,0
527462,0
527463,0
527464,0
527465,0
527466,0
527467,0
527468,0
527469,8
527470,0
527471,0
527472,0
527473,35
527474,0
527475,0
527476,0
527477,0
527478,0
527479,0
527480,0
527481,0
527482,0
527483,0
527484,0
527485,0
527486,0
527487,0
527488,0
527489,0
527490,0
527491,0
527492,0
527493,0
527494,0
527495,15
527496,0
527497,0
527498,0
527499,0
527500,0
527501,0
527502,0
527503,12
527504,0
527505,0
527506,0
527507,0
527508,0
527509,0
527510,0
527511,0
527512,0
527513,0
527514,0
527515,0
527516,0
527517,0
527518,0
527519,0
527520,0
527521,0
527522,0
527523,0
527524,0
527525,0
527526,0
527527,0
527528,0
527529,0
527530,0
527531,0
527532,0
527533,0
527534,0
527535,40
527536,0
527537,33
527538,0
527539,0
527540,0
527541,0
527542,0
527543,0
527544,0
527545,32
527546,0
527547,0
527548,0
527549,0
527550,0
527551,0
527552,0
527553,11
527554,0
527555,0
527556,0
527557,0
527558,0
527559,0
527560,0
527561,0
527562,0
527563,0
527564,0
527565,0
527566,0
527567,0
527568,0
527569,0
527570,0
527571,0
527572,0
527573,0
527574,0
527575,0
527576,0
527577,0
527578,0
527579,0
527580,0
527581,0
527582,0
527583,0
527584,11
527585,0
527586,0
527587,0
527588,0
527589,0
527590,0
527591,0
527592,0
527593,34
527594,0
527595,0
527596,0
527597,0
527598,0
527599,0
527600,0
527601,0
527602,0
527603,0
527604,0
527605,0
527606,0
527607,0
527608,0
527609,0
527610,0
527611,29
527612,0
527613,0
527614,0
527615,0
527616,0
527617,0
527618,0
527619,0
527620,30
527621,0
527622,0
527623,0
527624,0
527625,0
527626,0
527627,0
527628,0
527629,0
527630,0
527631,0
527632,0
527633,0
527634,0
527635,0
527636,0
527637,0
527638,0
527639,0
527640,0
527641,0
527642,31
527643,0
527644,0
527645,0
527646,0
527647,0
527648,0
527649,0
527650,0
527651,0
527652,0
527653,28
527654,0
527655,0
527656,0
527657,0
527658,0
527659,0
527660,0
527661,0
527662,0
527663,0
527664,0
527665,0
527666,0
527667,0
527668,0
527669,9
527670,0
527671,0
527672,0
527673,0
527674,0
527675,0
527676,0
527677,0
527678,0
527679,0
527680,0
527681,24
527682,0
527683,0
527684,0
527685,0
527686,0
527687,0
527688,0
527689,0
527690,0
527691,0
527692,0
527693,0
527694,0
527695,0
527696,0
527697,22
527698,0
527699,0
527700,0
527701,0
527702,0
527703,19
527704,0
527705,0
527706,0
527707,0
527708,0
527709,0
527710,0
527711,0
527712,0
527713,0
527714,0
527715,0
527716,0
527717,0
527718,0
527719,0
527720,0
527721,0
527722,33
527723,30
527724,0
527725,0
527726,0
527727,0
527728,0
527729,0
527730,0
527731,0
527732,0
527733,0
527734,0
527735,19
527736,0
527737,18
527738,19
527739,0
527740,0
527741,0
527742,0
527743,0
527744,0
527745,0
527746,0
527747,0
527748,0
527749,0
527750,0
527751,0
527752,0
527753,0
527754,27
527755,0
527756,0
527757,0
527758,0
527759,0
527760,0
527761,0
527762,34
527763,22
527764,0
527765,0
527766,0
527767,0
527768,0
527769,0
527770,16
527771,0
527772,0
527773,0
527774,0
527775,0
527776,0
527777,0
527778,0
527779,0
527780,0
527781,14
527782,0
527783,0
527784,0
527785,0
527786,0
527787,0
527788,0
527789,0
527790,22
527791,0
527792,0
527793,0
527794,0
527795,0
527796,0
527797,0
527798,26
527799,33
527800,0
527801,29
527802,0
527803,0
527804,42
527805,0
527806,0
527807,0
527808,0
527809,0
527810,0
527811,0
527812,0
527813,0
527814,26
527815,0
527816,34
527817,0
527818,0
527819,0
527820,0
527821,0
527822,0
527823,0
527824,0
527825,0
527826,18
527827,0
527828,0
527829,0
527830,0
527831,0
527832,28
527833,31
527834,0
527835,0
527836,51
527837,33
527838,0
527839,0
527840,42
527841,0
527842,0
527843,0
527844,0
527845,0
527846,0
527847,0
527848,0
527849,0
527850,0
527851,22
527852,0
527853,22
527854,0
527855,0
527856,0
527857,0
527858,0
527859,0
527860,0
527861,0
527862,0
527863,0
527864,0
527865,0
527866,43
527867,0
527868,0
527869,0
527870,27
527871,0
527872,0
527873,0
527874,0
527875,0
527876,0
527877,25
527878,0
527879,0
527880,0
527881,0
527882,0
527883,0
527884,0
527885,39
527886,0
527887,26
527888,0
527889,24
527890,0
527891,41
527892,0
527893,0
527894,0
527895,0
527896,0
527897,0
527898,0
527899,0
527900,0
527901,0
527902,0
527903,0
527904,25
527905,0
527906,0
527907,0
527908,0
527909,0
527910,0
527911,0
527912,0
527913,31
527914,0
527915,0
527916,35
527917,36
527918,0
527919,0
527920,32
527921,0
527922,25
527923,0
527924,0
527925,0
527926,26
527927,37
527928,25
527929,0
527930,0
527931,39
527932,0
527933,0
527934,30
527935,37
527936,34
527937,22
527938,0
527939,42
527940,0
527941,0
527942,0
527943,0
527944,0
527945,34
527946,30
527947,30
527948,25
527949,37
527950,0
527951,0
527952,0
527953,0
527954,0
527955,27
527956,0
527957,27
527958,0
527959,0
527960,43
527961,0
527962,0
527963,0
527964,19
527965,32
527966,0
527967,0
527968,0
527969,0
527970,0
527971,0
527972,0
527973,0
527974,0
527975,35
527976,0
527977,31
527978,43
527979,0
527980,42
527981,30
527982,0
527983,0
527984,0
527985,26
527986,0
527987,0
527988,0
527989,0
527990,25
527991,28
527992,0
527993,0
527994,0
527995,0
527996,0
527997,0
527998,54
527999,0
528000,0
528001,0
528002,0
528003,20
528004,27
528005,32
528006,0
528007,0
528008,0
528009,0
528010,0
528011,0
528012,34
528013,24
528014,0
528015,0
528016,0
528017,0
528018,0
528019,24
528020,0
528021,0
528022,0
528023,0
528024,0
528025,0
528026,0
528027,0
528028,27
528029,0
528030,0
528031,0
528032,39
528033,0
528034,0
528035,0
528036,0
528037,0
528038,0
528039,0
528040,0
528041,31
528042,0
528043,0
528044,0
528045,0
528046,0
528047,31
528048,0
528049,0
528050,0
528051,30
528052,0
528053,17
528054,0
528055,0
528056,30
528057,0
528058,23
528059,0
528060,0
528061,0
528062,0
528063,40
528064,0
528065,21
528066,0
528067,0
528068,29
528069,0
528070,0
528071,25
528072,33
528073,0
528074,22
528075,0
528076,38
528077,0
528078,37
528079,0
528080,0
528081,35
528082,0
528083,0
528084,0
528085,0
528086,0
528087,0
528088,0
528089,0
528090,0
528091,26
528092,0
528093,0
528094,0
528095,0
528096,28
528097,0
528098,0
528099,0
528100,0
528101,0
528102,0
528103,56
528104,0
528105,24
528106,0
528107,0
528108,0
528109,0
528110,23
528111,30
528112,0
528113,0
528114,0
528115,0
528116,0
528117,0
528118,0
528119,29
528120,0
528121,0
528122,40
528123,0
528124,27
528125,30
528126,0
528127,0
528128,0
528129,0
528130,0
528131,0
528132,0
528133,0
528134,0
528135,30
528136,0
528137,28
528138,0
528139,0
528140,0
528141,0
528142,0
528143,0
528144,32
528145,37
528146,0
528147,0
528148,0
528149,0
528150,0
528151,0
528152,39
528153,0
528154,18
528155,0
528156,0
528157,0
528158,0
528159,0
528160,0
528161,22
528162,0
528163,0
528164,0
528165,0
528166,0
528167,0
528168,0
528169,0
528170,0
528171,0
528172,0
528173,24
528174,0
528175,45
528176,0
528177,32
528178,32
528179,0
528180,0
528181,0
528182,0
528183,0
528184,0
528185,0
528186,0
528187,0
528188,0
528189,0
528190,42
528191,43
528192,33
528193,0
528194,32
528195,35
528196,0
528197,0
528198,0
528199,0
528200,0
528201,0
528202,0
528203,0
528204,0
528205,0
528206,21
528207,0
528208,0
528209,22
528210,0
528211,0
528212,19
528213,27
528214,23
528215,0
528216,33
528217,28
528218,0
528219,0
528220,0
528221,0
528222,0
528223,0
528224,0
528225,0
528226,0
528227,19
528228,27
528229,0
528230,24
528231,0
528232,0
528233,0
528234,0
528235,0
528236,0
528237,0
528238,0
528239,0
528240,0
528241,0
528242,0
528243,28
528244,0
528245,0
528246,0
528247,0
528248,19
528249,0
528250,0
528251,0
528252,0
528253,0
528254,0
528255,0
528256,0
528257,32
528258,0
528259,24
528260,0
528261,35
528262,0
528263,0
528264,41
528265,0
528266,0
528267,0
528268,0
528269,34
528270,0
528271,0
528272,0
528273,0
528274,21
528275,0
528276,29
528277,28
528278,0
528279,0
528280,0
528281,0
528282,38
528283,0
528284,0
528285,37
528286,27
528287,0
528288,0
528289,0
528290,0
528291,31
528292,0
528293,0
528294,0
528295,0
528296,29
528297,35
528298,0
528299,0
528300,0
528301,0
528302,0
528303,0
528304,33
528305,44
528306,0
528307,0
528308,26
528309,22
528310,21
528311,21
528312,0
528313,0
528314,33
528315,30
528316,0
528317,0
528318,0
528319,0
528320,0
528321,0
528322,38
528323,21
528324,34
528325,0
528326,0
528327,37
528328,32
528329,0
528330,0
528331,23
528332,0
528333,36
528334,0
528335,0
528336,29
528337,27
528338,0
528339,0
528340,0
528341,0
528342,0
528343,0
528344,0
528345,0
528346,0
528347,29
528348,0
528349,0
528350,0
528351,0
528352,0
528353,32
528354,0
528355,31
528356,0
528357,0
528358,37
528359,0
528360,0
528361,0
528362,0
528363,0
528364,39
528365,0
528366,0
528367,0
528368,43
528369,0
528370,36
528371,0
528372,0
528373,0
528374,0
528375,25
528376,0
528377,0
528378,0
528379,0
528380,0
528381,0
528382,0
528383,0
528384,0
528385,0
528386,0
528387,0
528388,0
528389,0
528390,0
528391,0
528392,24
528393,0
528394,0
528395,0
528396,0
528397,46
528398,0
528399,0
528400,0
528401,0
528402,30
528403,0
528404,0
528405,0
528406,0
528407,0
528408,34
528409,0
528410,0
528411,0
528412,0
528413,0
528414,0
528415,0
528416,0
528417,0
528418,0
528419,0
528420,0
528421,0
528422,0
528423,0
528424,0
528425,40
528426,0
528427,0
528428,0
528429,0
528430,0
528431,0
528432,0
528433,0
528434,0
528435,45
528436,33
528437,0
528438,0
528439,0
528440,0
528441,32
528442,0
528443,0
528444,0
528445,0
528446,0
528447,19
528448,0
528449,0
528450,0
528451,0
528452,0
528453,0
528454,0
528455,0
528456,0
528457,0
528458,0
528459,0
528460,35
528461,0
528462,0
528463,0
528464,0
528465,0
528466,34
528467,0
528468,45
528469,0
528470,0
528471,0
528472,0
528473,0
528474,0
528475,0
528476,0
528477,0
528478,0
528479,0
528480,0
528481,35
528482,0
528483,0
528484,0
528485,0
528486,0
528487,0
528488,31
528489,0
528490,0
528491,0
528492,0
528493,0
528494,36
528495,0
528496,0
528497,0
528498,0
528499,0
528500,0
528501,0
528502,0
528503,0
528504,0
528505,0
528506,0
528507,0
528508,0
528509,0
528510,0
528511,35
528512,0
528513,0
528514,0
528515,0
528516,0
528517,0
528518,0
528519,0
528520,0
528521,0
528522,8
528523,0
528524,12
528525,0
528526,0
528527,0
528528,0
528529,0
528530,0
528531,19
528532,0
528533,0
528534,0
528535,0
528536,0
528537,0
528538,0
528539,12
528540,18
528541,14
528542,18
528543,0
528544,0
528545,0
528546,0
528547,0
528548,0
528549,0
528550,0
528551,0
528552,18
528553,0
528554,8
528555,0
528556,18
528557,0
528558,0
528559,0
528560,0
528561,19
528562,0
528563,0
528564,0
528565,0
528566,8
528567,12
528568,13
528569,0
528570,0
528571,0
528572,0
528573,0
528574,0
528575,0
528576,0
528577,0
528578,0
528579,0
528580,9
528581,0
528582,0
528583,0
528584,0
528585,0
528586,0
528587,0
528588,13
528589,0
528590,6
528591,0
528592,12
528593,0
528594,0
528595,0
528596,0
528597,0
528598,0
528599,0
528600,21
528601,17
528602,0
528603,0
528604,0
528605,15
528606,0
528607,0
528608,0
528609,12
528610,0
528611,0
528612,23
528613,0
528614,21
528615,0
528616,21
528617,13
528618,0
528619,0
528620,13
528621,0
528622,0
528623,0
528624,21
528625,0
528626,0
528627,17
528628,15
528629,12
528630,0
528631,15
528632,0
528633,13
528634,0
528635,13
528636,0
528637,0
528638,0
528639,0
528640,0
528641,0
528642,0
528643,0
528644,0
528645,0
528646,17
528647,0
528648,0
528649,20
528650,21
528651,17
528652,0
528653,0
528654,10
528655,0
528656,0
528657,0
528658,0
528659,0
528660,0
528661,0
528662,0
528663,0
528664,0
528665,0
528666,18
528667,10
528668,0
528669,0
528670,12
528671,15
528672,12
528673,0
528674,6
528675,0
528676,17
528677,0
528678,0
528679,0
528680,18
528681,25
528682,11
528683,14
528684,12
528685,0
528686,0
528687,8
528688,0
528689,0
528690,0
528691,0
528692,0
528693,14
528694,0
528695,0
528696,0
528697,0
528698,0
528699,17
528700,0
528701,21
528702,0
528703,0
528704,0
528705,16
528706,0
528707,0
528708,0
528709,13
528710,15
528711,0
528712,0
528713,0
528714,0
528715,0
528716,7
528717,0
528718,14
528719,17
528720,11
528721,0
528722,8
528723,17
528724,0
528725,0
528726,0
528727,14
528728,0
528729,0
528730,0
528731,0
528732,17
528733,0
528734,13
528735,0
528736,0
528737,0
528738,0
528739,0
528740,0
528741,0
528742,0
528743,0
528744,0
528745,0
528746,0
528747,0
528748,23
528749,0
528750,0
528751,18
528752,0
528753,0
528754,0
528755,0
528756,11
528757,10
528758,0
528759,21
528760,0
528761,0
528762,14
528763,0
528764,0
528765,15
528766,17
528767,0
528768,0
528769,0
528770,0
528771,0
528772,0
528773,0
528774,15
528775,0
528776,0
528777,0
528778,0
528779,0
528780,15
528781,19
528782,0
528783,0
528784,0
528785,0
528786,0
528787,17
528788,0
528789,11
528790,0
528791,0
528792,0
528793,0
528794,0
528795,0
528796,0
528797,0
528798,0
528799,0
528800,20
528801,0
528802,17
528803,0
528804,0
528805,0
528806,0
528807,0
528808,0
528809,0
528810,0
528811,0
528812,0
528813,0
528814,0
528815,21
528816,0
528817,0
528818,18
528819,0
528820,0
528821,13
528822,0
528823,0
528824,0
528825,23
528826,22
528827,0
528828,0
528829,0
528830,0
528831,0
528832,17
528833,0
528834,17
528835,15
528836,0
528837,0
528838,0
528839,11
528840,0
528841,0
528842,0
528843,0
528844,0
528845,12
528846,0
528847,0
528848,16
528849,0
528850,19
528851,0
528852,0
528853,0
528854,0
528855,0
528856,0
528857,0
528858,0
528859,0
528860,0
528861,14
528862,0
528863,0
528864,0
528865,0
528866,0
528867,0
528868,0
528869,0
528870,19
528871,0
528872,0
528873,0
528874,0
528875,0
528876,0
528877,0
528878,0
528879,0
528880,11
528881,10
528882,0
528883,0
528884,15
528885,0
528886,0
528887,0
528888,0
528889,0
528890,0
528891,0
528892,0
528893,0
528894,0
528895,0
528896,24
528897,24
528898,0
528899,0
528900,9
528901,15
528902,0
528903,0
528904,0
528905,0
528906,0
528907,6
528908,16
528909,0
528910,0
528911,0
528912,0
528913,0
528914,0
528915,0
528916,16
528917,16
528918,13
528919,0
528920,0
528921,0
528922,0
528923,0
528924,0
528925,0
528926,0
528927,0
528928,0
528929,0
528930,16
528931,0
528932,0
528933,0
528934,0
528935,23
528936,0
528937,33
528938,0
528939,0
528940,0
528941,0
528942,0
528943,27
528944,0
528945,0
528946,0
528947,0
528948,0
528949,0
528950,0
528951,0
528952,0
528953,0
528954,25
528955,11
528956,0
528957,0
528958,0
528959,0
528960,0
528961,24
528962,0
528963,0
528964,19
528965,0
528966,0
528967,0
528968,0
528969,0
528970,0
528971,0
528972,0
528973,0
528974,0
528975,0
528976,0
528977,0
528978,0
528979,25
528980,0
528981,0
528982,0
528983,0
528984,0
528985,0
528986,0
528987,36
528988,25
528989,0
528990,0
528991,0
528992,0
528993,0
528994,0
528995,30
528996,0
528997,0
528998,0
528999,0
529000,28
529001,18
529002,0
529003,0
529004,0
529005,0
529006,0
529007,0
529008,0
529009,0
529010,0
529011,0
529012,0
529013,0
529014,0
529015,0
529016,0
529017,0
529018,0
529019,0
529020,0
529021,0
529022,0
529023,0
529024,0
529025,0
529026,25
529027,0
529028,0
529029,0
529030,0
529031,0
529032,0
529033,0
529034,0
529035,19
529036,0
529037,0
529038,0
529039,22
529040,0
529041,37
529042,0
529043,0
529044,0
529045,0
529046,36
529047,0
529048,0
529049,0
529050,0
529051,0
529052,0
529053,36
529054,0
529055,0
529056,0
529057,0
529058,40
529059,0
529060,0
529061,0
529062,0
529063,0
529064,23
529065,0
529066,0
529067,0
529068,0
529069,0
529070,0
529071,0
529072,0
529073,0
529074,0
529075,0
529076,0
529077,0
529078,0
529079,0
529080,0
529081,0
529082,0
529083,0
529084,0
529085,0
529086,0
529087,0
529088,25
529089,0
529090,25
529091,19
529092,0
529093,29
529094,0
529095,0
529096,0
529097,0
529098,0
529099,0
529100,0
529101,0
529102,0
529103,0
529104,0
529105,22
529106,0
529107,0
529108,0
529109,0
529110,0
529111,19
529112,0
529113,0
529114,0
529115,0
529116,29
529117,0
529118,0
529119,0
529120,16
529121,0
529122,0
529123,0
529124,21
529125,0
529126,22
529127,0
529128,0
529129,0
529130,0
529131,0
529132,0
529133,0
529134,0
529135,25
529136,27
529137,0
529138,0
529139,0
529140,0
529141,0
529142,0
529143,0
529144,0
529145,27
529146,0
529147,0
529148,0
529149,0
529150,0
529151,0
529152,0
529153,0
529154,0
529155,0
529156,0
529157,0
529158,0
529159,0
529160,0
529161,0
529162,0
529163,0
529164,0
529165,0
529166,0
529167,0
529168,0
529169,24
529170,0
529171,0
529172,24
529173,0
529174,0
529175,0
529176,0
529177,0
529178,0
529179,0
529180,0
529181,0
529182,25
529183,0
529184,0
529185,0
529186,38
529187,0
529188,0
529189,0
529190,0
529191,0
529192,0
529193,0
529194,29
529195,0
529196,0
529197,20
529198,0
529199,0
529200,0
529201,0
529202,0
529203,0
529204,0
529205,0
529206,0
529207,0
529208,0
529209,0
529210,28
529211,0
529212,0
529213,0
529214,0
529215,26
529216,0
529217,0
529218,0
529219,0
529220,22
529221,0
529222,25
529223,0
529224,0
529225,0
529226,0
529227,0
529228,0
529229,0
529230,0
529231,0
529232,0
529233,0
529234,0
529235,0
529236,21
529237,0
529238,0
529239,0
529240,28
529241,0
529242,0
529243,0
529244,0
529245,34
529246,0
529247,0
529248,32
529249,0
529250,0
529251,0
529252,24
529253,0
529254,0
529255,0
529256,24
529257,20
529258,0
529259,0
529260,0
529261,0
529262,0
529263,0
529264,22
529265,0
529266,0
529267,0
529268,0
529269,0
529270,0
529271,0
529272,0
529273,21
529274,0
529275,24
529276,0
529277,0
529278,0
529279,0
529280,0
529281,0
529282,24
529283,20
529284,0
529285,0
529286,0
529287,0
529288,0
529289,0
529290,25
529291,0
529292,0
529293,0
529294,0
529295,28
529296,0
529297,0
529298,0
529299,0
529300,14
529301,0
529302,0
529303,0
529304,26
529305,24
529306,0
529307,0
529308,0
529309,0
529310,0
529311,0
529312,0
529313,26
529314,0
529315,0
529316,0
529317,0
529318,0
529319,0
529320,23
529321,0
529322,0
529323,0
529324,0
529325,0
529326,32
529327,0
529328,28
529329,0
529330,0
529331,31
529332,0
529333,0
529334,0
529335,0
529336,0
529337,0
529338,0
529339,25
529340,0
529341,0
529342,0
529343,0
529344,0
529345,0
529346,0
529347,0
529348,0
529349,0
529350,26
529351,0
529352,0
529353,0
529354,0
529355,0
529356,0
529357,0
529358,0
529359,0
529360,21
529361,0
529362,0
529363,0
529364,0
529365,0
529366,0
529367,0
529368,0
529369,0
529370,0
529371,0
529372,0
529373,0
529374,0
529375,26
529376,27
529377,30
529378,0
529379,0
529380,0
529381,0
529382,0
529383,0
529384,0
529385,0
529386,0
529387,0
529388,0
529389,0
529390,0
529391,0
529392,34
529393,0
529394,0
529395,0
529396,0
529397,0
529398,0
529399,0
529400,0
529401,0
529402,0
529403,0
529404,0
529405,0
529406,0
529407,0
529408,0
529409,0
529410,0
529411,0
529412,38
529413,0
529414,0
529415,49
529416,0
529417,0
529418,0
529419,0
529420,0
529421,0
529422,50
529423,0
529424,0
529425,0
529426,0
529427,0
529428,0
529429,0
529430,22
529431,0
529432,0
529433,0
529434,0
529435,0
529436,0
529437,0
529438,0
529439,0
529440,30
529441,0
529442,0
529443,0
529444,0
529445,29
529446,26
529447,0
529448,0
529449,0
529450,24
529451,0
529452,51
529453,0
529454,0
529455,0
529456,0
529457,0
529458,0
529459,0
529460,0
529461,0
529462,31
529463,0
529464,0
529465,0
529466,0
529467,46
529468,0
529469,0
529470,0
529471,42
529472,0
529473,42
529474,0
529475,0
529476,0
529477,36
529478,0
529479,0
529480,0
529481,0
529482,0
529483,0
529484,46
529485,0
529486,44
529487,0
529488,59
529489,0
529490,38
529491,0
529492,0
529493,28
529494,0
529495,0
529496,0
529497,27
529498,0
529499,49
529500,27
529501,0
529502,0
529503,0
529504,0
529505,0
529506,0
529507,0
529508,32
529509,0
529510,0
529511,0
529512,0
529513,0
529514,59
529515,40
529516,0
529517,22
529518,0
529519,0
529520,0
529521,21
529522,0
529523,0
529524,0
529525,33
529526,0
529527,0
529528,36
529529,21
529530,0
529531,41
529532,39
529533,0
529534,0
529535,0
529536,27
529537,0
529538,27
529539,0
529540,0
529541,0
529542,0
529543,43
529544,0
529545,0
529546,0
529547,24
529548,28
529549,62
529550,0
529551,21
529552,0
529553,43
529554,48
529555,0
529556,0
529557,0
529558,0
529559,0
529560,0
529561,0
529562,45
529563,0
529564,0
529565,0
529566,0
529567,0
529568,0
529569,0
529570,0
529571,0
529572,0
529573,39
529574,31
529575,38
529576,0
529577,51
529578,0
529579,0
529580,0
529581,0
529582,0
529583,0
529584,0
529585,43
529586,0
529587,0
529588,27
529589,0
529590,0
529591,0
529592,61
529593,0
529594,0
529595,0
529596,0
529597,44
529598,0
529599,0
529600,0
529601,0
529602,0
529603,0
529604,0
529605,44
529606,0
529607,0
529608,0
529609,0
529610,0
529611,0
529612,0
529613,0
529614,0
529615,0
529616,0
529617,0
529618,44
529619,0
529620,0
529621,0
529622,43
529623,0
529624,0
529625,0
529626,22
529627,24
529628,25
529629,60
529630,0
529631,68
529632,0
529633,39
529634,0
529635,32
529636,0
529637,0
529638,0
529639,50
529640,0
529641,0
529642,0
529643,27
529644,0
529645,0
529646,32
529647,28
529648,0
529649,0
529650,50
529651,0
529652,0
529653,0
529654,0
529655,38
529656,0
529657,0
529658,0
529659,0
529660,0
529661,0
529662,0
529663,0
529664,0
529665,53
529666,0
529667,30
529668,0
529669,41
529670,0
529671,0
529672,0
529673,52
529674,2
529675,6
529676,6
529677,0
529678,0
529679,0
529680,0
529681,3
529682,0
529683,0
529684,0
529685,0
529686,0
529687,0
529688,3
529689,0
529690,0
529691,4
529692,0
529693,0
529694,0
529695,0
529696,0
529697,0
529698,0
529699,6
529700,7
529701,0
529702,3
529703,0
529704,2
529705,2
529706,6
529707,0
529708,0
529709,0
529710,0
529711,5
529712,0
529713,7
529714,3
529715,0
529716,4
529717,0
529718,0
529719,0
529720,0
529721,0
529722,0
529723,0
529724,0
529725,0
529726,0
529727,0
529728,3
529729,7
529730,5
529731,0
529732,0
529733,0
529734,0
529735,2
529736,0
529737,0
529738,0
529739,0
529740,0
529741,0
529742,0
529743,3
529744,0
529745,3
529746,0
529747,0
529748,0
529749,0
529750,0
529751,2
529752,10
529753,0
529754,0
529755,2
529756,0
529757,0
529758,4
529759,0
529760,0
529761,2
529762,0
529763,0
529764,0
529765,0
529766,0
529767,0
529768,3
529769,0
529770,0
529771,0
529772,0
529773,0
529774,0
529775,0
529776,0
529777,9
529778,4
529779,0
529780,0
529781,0
529782,2
529783,0
529784,7
529785,0
529786,4
529787,0
529788,4
529789,0
529790,0
529791,0
529792,6
529793,0
529794,0
529795,0
529796,0
529797,0
529798,0
529799,0
529800,0
529801,3
529802,0
529803,0
529804,0
529805,0
529806,4
529807,7
529808,0
529809,0
529810,0
529811,0
529812,4
529813,6
529814,4
529815,0
529816,0
529817,0
529818,0
529819,0
529820,1
529821,3
529822,0
529823,0
529824,0
529825,0
529826,6
529827,3
529828,0
529829,2
529830,0
529831,0
529832,0
529833,4
529834,0
529835,0
529836,0
529837,0
529838,4
529839,0
529840,0
529841,0
529842,0
529843,3
529844,0
529845,0
529846,0
529847,0
529848,2
529849,0
529850,1
529851,0
529852,0
529853,5
529854,0
529855,1
529856,0
529857,0
529858,0
529859,0
529860,0
529861,0
529862,0
529863,5
529864,0
529865,0
529866,0
529867,2
529868,0
529869,0
529870,0
529871,7
529872,0
529873,0
529874,0
529875,0
529876,0
529877,3
529878,0
529879,8
529880,3
529881,0
529882,12
529883,3
529884,0
529885,7
529886,5
529887,1
529888,0
529889,0
529890,0
529891,0
529892,0
529893,4
529894,6
529895,0
529896,0
529897,0
529898,0
529899,4
529900,0
529901,1
529902,9
529903,8
529904,0
529905,3
529906,0
529907,0
529908,0
529909,0
529910,5
529911,0
529912,0
529913,0
529914,0
529915,0
529916,0
529917,0
529918,0
529919,2
529920,4
529921,5
529922,0
529923,0
529924,0
529925,0
529926,4
529927,0
529928,0
529929,0
529930,0
529931,0
529932,0
529933,0
529934,6
529935,3
529936,0
529937,0
529938,0
529939,0
529940,0
529941,0
529942,0
529943,0
529944,0
529945,0
529946,0
529947,0
529948,4
529949,0
529950,2
529951,0
529952,8
529953,0
529954,0
529955,4
529956,0
529957,0
529958,0
529959,0
529960,0
529961,0
529962,0
529963,1
529964,0
529965,0
529966,0
529967,0
529968,3
529969,9
529970,0
529971,0
529972,0
529973,0
529974,0
529975,0
529976,0
529977,0
529978,0
529979,0
529980,0
529981,0
529982,0
529983,6
529984,0
529985,0
529986,0
529987,0
529988,0
529989,0
529990,9
529991,0
529992,0
529993,9
529994,0
529995,0
529996,2
529997,2
529998,0
529999,0
530000,0
530001,0
530002,0
530003,9
530004,2
530005,0
530006,0
530007,0
530008,0
530009,7
530010,6
530011,0
530012,0
530013,3
530014,0
530015,0
530016,9
530017,2
530018,0
530019,0
530020,3
530021,0
530022,0
530023,7
530024,0
530025,0
530026,0
530027,4
530028,0
530029,0
530030,0
530031,0
530032,0
530033,0
530034,0
530035,0
530036,0
530037,0
530038,0
530039,2
530040,0
530041,0
530042,0
530043,0
530044,0
530045,0
530046,0
530047,0
530048,0
530049,0
530050,0
530051,0
530052,0
530053,0
530054,0
530055,0
530056,0
530057,0
530058,0
530059,23
530060,0
530061,0
530062,32
530063,0
530064,0
530065,42
530066,0
530067,0
530068,0
530069,0
530070,23
530071,0
530072,0
530073,0
530074,31
530075,0
530076,35
530077,0
530078,0
530079,0
530080,0
530081,0
530082,0
530083,0
530084,0
530085,0
530086,0
530087,0
530088,0
530089,26
530090,0
530091,0
530092,0
530093,0
530094,0
530095,0
530096,0
530097,0
530098,0
530099,0
530100,0
530101,0
530102,0
530103,0
530104,0
530105,0
530106,0
530107,0
530108,0
530109,0
530110,0
530111,0
530112,0
530113,0
530114,0
530115,0
530116,33
530117,0
530118,0
530119,0
530120,0
530121,28
530122,0
530123,0
530124,0
530125,0
530126,0
530127,0
530128,0
530129,0
530130,0
530131,0
530132,0
530133,0
530134,0
530135,0
530136,0
530137,0
530138,25
530139,0
530140,32
530141,0
530142,0
530143,0
530144,0
530145,0
530146,0
530147,0
530148,0
530149,0
530150,0
530151,14
530152,14
530153,0
530154,0
530155,0
530156,0
530157,0
530158,0
530159,0
530160,22
530161,0
530162,0
530163,15
530164,0
530165,0
530166,18
530167,0
530168,0
530169,0
530170,0
530171,0
530172,10
530173,0
530174,0
530175,0
530176,23
530177,23
530178,0
530179,0
530180,15
530181,0
530182,19
530183,9
530184,0
530185,0
530186,0
530187,20
530188,0
530189,0
530190,0
530191,0
530192,0
530193,0
530194,0
530195,0
530196,0
530197,0
530198,0
530199,15
530200,0
530201,0
530202,0
530203,19
530204,0
530205,0
530206,0
530207,0
530208,0
530209,0
530210,0
530211,0
530212,0
530213,0
530214,18
530215,0
530216,0
530217,0
530218,0
530219,17
530220,0
530221,0
530222,17
530223,0
530224,0
530225,0
530226,0
530227,20
530228,0
530229,0
530230,0
530231,0
530232,0
530233,0
530234,22
530235,0
530236,22
530237,0
530238,0
530239,0
530240,0
530241,0
530242,0
530243,0
530244,0
530245,0
530246,0
530247,0
530248,0
530249,0
530250,0
530251,34
530252,0
530253,0
530254,0
530255,0
530256,0
530257,16
530258,0
530259,0
530260,16
530261,0
530262,0
530263,0
530264,0
530265,14
530266,0
530267,0
530268,0
530269,0
530270,0
530271,0
530272,0
530273,0
530274,0
530275,0
530276,0
530277,0
530278,16
530279,0
530280,0
530281,0
530282,0
530283,0
530284,0
530285,21
530286,0
530287,0
530288,0
530289,0
530290,0
530291,18
530292,0
530293,7
530294,0
530295,0
530296,0
530297,0
530298,19
530299,0
530300,0
530301,0
530302,0
530303,0
530304,0
530305,0
530306,15
530307,0
530308,0
530309,0
530310,0
530311,27
530312,0
530313,0
530314,0
530315,15
530316,0
530317,0
530318,0
530319,0
530320,0
530321,0
530322,0
530323,0
530324,0
530325,20
530326,0
530327,0
530328,0
530329,0
530330,0
530331,0
530332,18
530333,0
530334,19
530335,0
530336,0
530337,0
530338,13
530339,27
530340,0
530341,0
530342,0
530343,0
530344,0
530345,0
530346,0
530347,0
530348,22
530349,16
530350,0
530351,0
530352,0
530353,0
530354,0
530355,0
530356,0
530357,0
530358,0
530359,0
530360,0
530361,0
530362,0
530363,0
530364,0
530365,0
530366,22
530367,0
530368,0
530369,16
530370,9
530371,11
530372,0
530373,0
530374,0
530375,0
530376,0
530377,0
530378,0
530379,0
530380,0
530381,0
530382,0
530383,0
530384,0
530385,0
530386,0
530387,0
530388,0
530389,0
530390,20
530391,0
530392,0
530393,0
530394,0
530395,0
530396,14
530397,0
530398,0
530399,0
530400,0
530401,0
530402,0
530403,0
530404,13
530405,0
530406,0
530407,0
530408,14
530409,0
530410,0
530411,16
530412,0
530413,0
530414,0
530415,0
530416,0
530417,0
530418,0
530419,0
530420,0
530421,0
530422,0
530423,0
530424,0
530425,17
530426,0
530427,0
530428,0
530429,12
530430,0
530431,0
530432,0
530433,0
530434,0
530435,0
530436,0
530437,0
530438,0
530439,0
530440,21
530441,7
530442,0
530443,0
530444,0
530445,0
530446,0
530447,0
530448,0
530449,0
530450,0
530451,0
530452,0
530453,0
530454,0
530455,0
530456,0
530457,0
530458,0
530459,0
530460,16
530461,16
530462,0
530463,0
530464,0
530465,0
530466,17
530467,0
530468,0
530469,0
530470,18
530471,0
530472,0
530473,0
530474,0
530475,0
530476,0
530477,14
530478,0
530479,0
530480,0
530481,0
530482,0
530483,0
530484,0
530485,0
530486,0
530487,0
530488,0
530489,0
530490,0
530491,0
530492,0
530493,0
530494,21
530495,0
530496,0
530497,0
530498,0
530499,0
530500,0
530501,0
530502,0
530503,0
530504,0
530505,0
530506,19
530507,22
530508,0
530509,0
530510,0
530511,0
530512,20
530513,0
530514,0
530515,21
530516,18
530517,0
530518,23
530519,0
530520,18
530521,0
530522,0
530523,0
530524,20
530525,0
530526,21
530527,0
530528,0
530529,14
530530,0
530531,0
530532,0
530533,0
530534,0
530535,0
530536,0
530537,0
530538,0
530539,0
530540,0
530541,0
530542,0
530543,0
530544,0
530545,0
530546,0
530547,0
530548,0
530549,0
530550,0
530551,19
530552,0
530553,0
530554,0
530555,0
530556,0
530557,23
530558,0
530559,0
530560,0
530561,0
530562,0
530563,0
530564,0
530565,0
530566,0
530567,0
530568,0
530569,0
530570,0
530571,0
530572,0
530573,0
530574,0
530575,0
530576,0
530577,11
530578,0
530579,0
530580,19
530581,0
530582,0
530583,0
530584,21
530585,0
530586,0
530587,0
530588,0
530589,0
530590,0
530591,0
530592,0
530593,15
530594,0
530595,17
530596,0
530597,0
530598,0
530599,0
530600,0
530601,0
530602,0
530603,0
530604,11
530605,14
530606,0
530607,0
530608,0
530609,0
530610,0
530611,0
530612,0
530613,0
530614,16
530615,0
530616,0
530617,0
530618,16
530619,15
530620,0
530621,19
530622,0
530623,28
530624,0
530625,0
530626,0
530627,0
530628,0
530629,0
530630,0
530631,0
530632,0
530633,0
530634,0
530635,16
530636,0
530637,0
530638,0
530639,0
530640,14
530641,0
530642,19
530643,0
530644,0
530645,21
530646,0
530647,0
530648,0
530649,0
530650,0
530651,0
530652,0
530653,0
530654,0
530655,0
530656,0
530657,0
530658,0
530659,0
530660,12
530661,30
530662,0
530663,0
530664,0
530665,0
530666,0
530667,0
530668,0
530669,0
530670,0
530671,0
530672,0
530673,19
530674,8
530675,26
530676,0
530677,0
530678,0
530679,0
530680,0
530681,0
530682,0
530683,0
530684,0
530685,0
530686,0
530687,0
530688,0
530689,0
530690,14
530691,20
530692,0
530693,0
530694,10
530695,0
530696,0
530697,0
530698,14
530699,0
530700,0
530701,0
530702,13
530703,0
530704,0
530705,0
530706,0
530707,14
530708,0
530709,0
530710,0
530711,0
530712,0
530713,0
530714,0
530715,0
530716,0
530717,0
530718,0
530719,0
530720,0
530721,0
530722,0
530723,0
530724,17
530725,0
530726,0
530727,0
530728,0
530729,0
530730,0
530731,0
530732,0
530733,20
530734,0
530735,0
530736,0
530737,0
530738,37
530739,0
530740,0
530741,0
530742,0
530743,0
530744,0
530745,0
530746,0
530747,0
530748,0
530749,19
530750,21
530751,0
530752,0
530753,0
530754,10
530755,10
530756,0
530757,0
530758,0
530759,22
530760,0
530761,0
530762,17
530763,0
530764,0
530765,0
530766,0
530767,0
530768,0
530769,24
530770,0
530771,9
530772,0
530773,0
530774,0
530775,0
530776,0
530777,0
530778,0
530779,0
530780,20
530781,0
530782,0
530783,0
530784,0
530785,0
530786,12
530787,0
530788,23
530789,0
530790,16
530791,0
530792,0
530793,21
530794,0
530795,0
530796,0
530797,0
530798,15
530799,0
530800,0
530801,0
530802,21
530803,16
530804,0
530805,18
530806,0
530807,0
530808,0
530809,19
530810,0
530811,7
530812,11
530813,0
530814,0
530815,13
530816,0
530817,16
530818,0
530819,16
530820,0
530821,0
530822,0
530823,0
530824,0
530825,0
530826,0
530827,0
530828,0
530829,0
530830,0
530831,0
530832,0
530833,16
530834,0
530835,0
530836,0
530837,22
530838,0
530839,13
530840,23
530841,18
530842,0
530843,0
530844,0
530845,0
530846,19
530847,0
530848,0
530849,0
530850,0
530851,0
530852,0
530853,0
530854,0
530855,0
530856,0
530857,0
530858,0
530859,0
530860,0
530861,0
530862,0
530863,0
530864,0
530865,0
530866,0
530867,0
530868,0
530869,18
530870,21
530871,20
530872,0
530873,14
530874,0
530875,0
530876,0
530877,13
530878,0
530879,0
530880,0
530881,0
530882,0
530883,0
530884,0
530885,0
530886,0
530887,14
530888,24
530889,0
530890,22
530891,0
530892,0
530893,0
530894,17
530895,0
530896,21
530897,0
530898,0
530899,0
530900,0
530901,0
530902,0
530903,24
530904,0
530905,0
530906,0
530907,0
530908,0
530909,0
530910,0
530911,22
530912,0
530913,0
530914,0
530915,0
530916,0
530917,0
530918,0
530919,0
530920,19
530921,0
530922,0
530923,0
530924,0
530925,18
530926,0
530927,0
530928,0
530929,0
530930,0
530931,0
530932,7
530933,0
530934,0
530935,0
530936,0
530937,0
530938,0
530939,0
530940,0
530941,0
530942,0
530943,0
530944,0
530945,0
530946,0
530947,0
530948,0
530949,13
530950,23
530951,0
530952,0
530953,0
530954,16
530955,0
530956,0
530957,0
530958,0
530959,0
530960,0
530961,22
530962,0
530963,0
530964,0
530965,0
530966,0
530967,0
530968,11
530969,0
530970,0
530971,0
530972,0
530973,0
530974,0
530975,15
530976,0
530977,0
530978,0
530979,0
530980,11
530981,0
530982,0
530983,0
530984,0
530985,0
530986,0
530987,22
530988,0
530989,25
530990,0
530991,0
530992,0
530993,0
530994,0
530995,0
530996,16
530997,0
530998,0
530999,0
531000,0
531001,23
531002,0
531003,0
531004,0
531005,0
531006,20
531007,0
531008,0
531009,0
531010,18
531011,0
531012,0
531013,18
531014,0
531015,0
531016,0
531017,0
531018,16
531019,0
531020,14
531021,0
531022,0
531023,0
531024,0
531025,0
531026,0
531027,25
531028,0
531029,0
531030,17
531031,0
531032,0
531033,0
531034,18
531035,0
531036,0
531037,0
531038,0
531039,0
531040,0
531041,20
531042,0
531043,0
531044,0
531045,0
531046,0
531047,0
531048,0
531049,19
531050,0
531051,0
531052,11
531053,0
531054,0
531055,0
531056,0
531057,0
531058,19
531059,16
531060,18
531061,0
531062,12
531063,0
531064,0
531065,0
531066,0
531067,0
531068,0
531069,0
531070,10
531071,0
531072,9
531073,0
531074,0
531075,23
531076,0
531077,0
531078,0
531079,0
531080,0
531081,0
531082,0
531083,0
531084,0
531085,0
531086,24
531087,0
531088,0
531089,0
531090,0
531091,0
531092,0
531093,0
531094,0
531095,0
531096,23
531097,0
531098,0
531099,0
531100,0
531101,0
531102,0
531103,0
531104,0
531105,0
531106,0
531107,0
531108,0
531109,0
531110,0
531111,9
531112,0
531113,0
531114,0
531115,0
531116,0
531117,0
531118,0
531119,15
531120,0
531121,0
531122,0
531123,13
531124,0
531125,0
531126,0
531127,0
531128,27
531129,37
531130,0
531131,0
531132,0
531133,0
531134,17
531135,0
531136,0
531137,0
531138,0
531139,0
531140,0
531141,0
531142,0
531143,0
531144,0
531145,0
531146,0
531147,27
531148,0
531149,0
531150,0
531151,0
531152,0
531153,25
531154,0
531155,0
531156,0
531157,22
531158,0
531159,35
531160,0
531161,0
531162,0
531163,0
531164,0
531165,0
531166,28
531167,0
531168,0
531169,0
531170,0
531171,0
531172,0
531173,34
531174,38
531175,0
531176,0
531177,23
531178,0
531179,0
531180,0
531181,29
531182,0
531183,0
531184,0
531185,0
531186,0
531187,21
531188,0
531189,0
531190,0
531191,34
531192,0
531193,0
531194,25
531195,0
531196,29
531197,43
531198,0
531199,26
531200,0
531201,0
531202,0
531203,0
531204,0
531205,0
531206,29
531207,0
531208,0
531209,0
531210,0
531211,0
531212,0
531213,0
531214,0
531215,0
531216,0
531217,0
531218,35
531219,0
531220,0
531221,0
531222,27
531223,0
531224,0
531225,26
531226,0
531227,0
531228,0
531229,0
531230,0
531231,0
531232,0
531233,0
531234,0
531235,0
531236,0
531237,0
531238,0
531239,0
531240,0
531241,20
531242,0
531243,0
531244,0
531245,0
531246,0
531247,28
531248,39
531249,0
531250,0
531251,0
531252,0
531253,23
531254,0
531255,0
531256,0
531257,0
531258,0
531259,0
531260,0
531261,0
531262,0
531263,0
531264,36
531265,0
531266,0
531267,0
531268,31
531269,0
531270,0
531271,0
531272,33
531273,0
531274,0
531275,0
531276,0
531277,40
531278,31
531279,0
531280,0
531281,16
531282,0
531283,0
531284,0
531285,0
531286,0
531287,0
531288,0
531289,0
531290,0
531291,18
531292,0
531293,0
531294,0
531295,0
531296,35
531297,0
531298,37
531299,17
531300,0
531301,0
531302,37
531303,0
531304,0
531305,0
531306,0
531307,0
531308,0
531309,0
531310,0
531311,0
531312,0
531313,0
531314,0
531315,0
531316,0
531317,0
531318,0
531319,0
531320,0
531321,0
531322,0
531323,0
531324,0
531325,0
531326,0
531327,0
531328,0
531329,0
531330,0
531331,0
531332,0
531333,0
531334,0
531335,0
531336,0
531337,0
531338,0
531339,0
531340,0
531341,0
531342,0
531343,0
531344,0
531345,0
531346,0
531347,0
531348,0
531349,0
531350,0
531351,0
531352,34
531353,0
531354,0
531355,0
531356,0
531357,0
531358,0
531359,0
531360,0
531361,0
531362,0
531363,0
531364,0
531365,0
531366,0
531367,0
531368,0
531369,28
531370,0
531371,0
531372,0
531373,0
531374,36
531375,0
531376,0
531377,0
531378,0
531379,0
531380,0
531381,0
531382,0
531383,0
531384,0
531385,0
531386,27
531387,0
531388,0
531389,0
531390,0
531391,0
531392,0
531393,0
531394,0
531395,0
531396,0
531397,0
531398,0
531399,0
531400,0
531401,19
531402,0
531403,0
531404,0
531405,0
531406,0
531407,0
531408,0
531409,0
531410,0
531411,0
531412,0
531413,0
531414,0
531415,24
531416,0
531417,0
531418,0
531419,0
531420,0
531421,0
531422,0
531423,0
531424,0
531425,33
531426,25
531427,0
531428,0
531429,0
531430,0
531431,0
531432,0
531433,0
531434,26
531435,0
531436,0
531437,0
531438,0
531439,0
531440,0
531441,0
531442,0
531443,0
531444,0
531445,0
531446,0
531447,0
531448,0
531449,0
531450,0
531451,0
531452,0
531453,0
531454,0
531455,0
531456,0
531457,0
531458,0
531459,0
531460,0
531461,28
531462,0
531463,0
531464,0
531465,20
531466,0
531467,0
531468,0
531469,0
531470,0
531471,0
531472,31
531473,0
531474,0
531475,0
531476,0
531477,0
531478,0
531479,0
531480,0
531481,0
531482,0
531483,0
531484,0
531485,0
531486,0
531487,0
531488,0
531489,0
531490,0
531491,0
531492,0
531493,0
531494,0
531495,26
531496,0
531497,0
531498,0
531499,0
531500,0
531501,0
531502,0
531503,0
531504,0
531505,0
531506,0
531507,0
531508,0
531509,0
531510,0
531511,0
531512,0
531513,0
531514,0
531515,0
531516,20
531517,0
531518,0
531519,0
531520,0
531521,0
531522,0
531523,0
531524,0
531525,0
531526,0
531527,0
531528,27
531529,0
531530,0
531531,0
531532,0
531533,0
531534,0
531535,0
531536,0
531537,0
531538,0
531539,0
531540,0
531541,0
531542,0
531543,0
531544,0
531545,0
531546,0
531547,0
531548,0
531549,0
531550,0
531551,0
531552,0
531553,0
531554,0
531555,24
531556,0
531557,0
531558,0
531559,0
531560,0
531561,0
531562,0
531563,0
531564,0
531565,0
531566,30
531567,0
531568,0
531569,0
531570,0
531571,0
531572,0
531573,0
531574,0
531575,0
531576,0
531577,0
531578,0
531579,20
531580,22
531581,0
531582,0
531583,0
531584,0
531585,0
531586,0
531587,0
531588,0
531589,0
531590,0
531591,0
531592,0
531593,0
531594,0
531595,0
531596,35
531597,0
531598,0
531599,0
531600,0
531601,0
531602,0
531603,28
531604,34
531605,0
531606,0
531607,0
531608,0
531609,0
531610,0
531611,28
531612,0
531613,0
531614,0
531615,0
531616,0
531617,0
531618,0
531619,0
531620,0
531621,0
531622,0
531623,0
531624,0
531625,0
531626,0
531627,0
531628,0
531629,0
531630,0
531631,0
531632,0
531633,0
531634,0
531635,0
531636,0
531637,0
531638,0
531639,0
531640,0
531641,0
531642,0
531643,0
531644,0
531645,0
531646,0
531647,0
531648,0
531649,0
531650,0
531651,0
531652,0
531653,0
531654,0
531655,0
531656,0
531657,0
531658,0
531659,0
531660,0
531661,30
531662,0
531663,0
531664,0
531665,0
531666,37
531667,0
531668,0
531669,0
531670,0
531671,27
531672,0
531673,0
531674,0
531675,0
531676,0
531677,0
531678,0
531679,0
531680,0
531681,0
531682,0
531683,0
531684,0
531685,0
531686,16
531687,0
531688,0
531689,0
531690,0
531691,0
531692,0
531693,0
531694,0
531695,0
531696,0
531697,0
531698,0
531699,0
531700,0
531701,0
531702,0
531703,0
531704,32
531705,0
531706,0
531707,0
531708,0
531709,30
531710,0
531711,0
531712,0
531713,0
531714,0
531715,0
531716,0
531717,0
531718,0
531719,0
531720,0
531721,0
531722,0
531723,0
531724,0
531725,0
531726,0
531727,0
531728,0
531729,0
531730,0
531731,0
531732,0
531733,0
531734,0
531735,0
531736,0
531737,0
531738,0
531739,0
531740,0
531741,0
531742,0
531743,0
531744,0
531745,0
531746,0
531747,0
531748,0
531749,0
531750,0
531751,0
531752,0
531753,25
531754,0
531755,0
531756,0
531757,0
531758,0
531759,0
531760,0
531761,0
531762,0
531763,0
531764,0
531765,0
531766,0
531767,0
531768,0
531769,0
531770,0
531771,0
531772,0
531773,0
531774,0
531775,0
531776,0
531777,0
531778,0
531779,0
531780,0
531781,0
531782,0
531783,0
531784,0
531785,0
531786,0
531787,0
531788,0
531789,0
531790,0
531791,0
531792,0
531793,0
531794,0
531795,0
531796,34
531797,0
531798,0
531799,0
531800,36
531801,0
531802,0
531803,0
531804,0
531805,0
531806,0
531807,0
531808,0
531809,0
531810,0
531811,0
531812,0
531813,0
531814,22
531815,0
531816,0
531817,0
531818,0
531819,24
531820,0
531821,0
531822,0
531823,0
531824,0
531825,0
531826,0
531827,13
531828,0
531829,17
531830,14
531831,0
531832,0
531833,0
531834,0
531835,0
531836,0
531837,0
531838,0
531839,0
531840,0
531841,0
531842,0
531843,0
531844,0
531845,0
531846,0
531847,0
531848,0
531849,0
531850,0
531851,0
531852,0
531853,0
531854,0
531855,0
531856,0
531857,22
531858,27
531859,0
531860,0
531861,0
531862,0
531863,0
531864,0
531865,0
531866,0
531867,0
531868,0
531869,0
531870,0
531871,0
531872,0
531873,0
531874,0
531875,0
531876,21
531877,0
531878,0
531879,0
531880,0
531881,0
531882,0
531883,0
531884,0
531885,0
531886,0
531887,0
531888,0
531889,33
531890,0
531891,0
531892,0
531893,0
531894,0
531895,0
531896,0
531897,0
531898,0
531899,0
531900,0
531901,25
531902,0
531903,0
531904,0
531905,0
531906,0
531907,0
531908,0
531909,0
531910,0
531911,0
531912,0
531913,0
531914,0
531915,0
531916,0
531917,29
531918,0
531919,0
531920,0
531921,0
531922,0
531923,0
531924,0
531925,0
531926,0
531927,0
531928,0
531929,0
531930,0
531931,0
531932,0
531933,0
531934,0
531935,0
531936,0
531937,0
531938,0
531939,0
531940,0
531941,0
531942,0
531943,0
531944,0
531945,0
531946,0
531947,0
531948,0
531949,0
531950,0
531951,0
531952,0
531953,0
531954,20
531955,0
531956,0
531957,0
531958,0
531959,0
531960,0
531961,0
531962,37
531963,0
531964,25
531965,0
531966,0
531967,0
531968,0
531969,0
531970,0
531971,0
531972,0
531973,0
531974,0
531975,0
531976,0
531977,0
531978,0
531979,0
531980,0
531981,0
531982,0
531983,0
531984,0
531985,0
531986,0
531987,0
531988,0
531989,0
531990,0
531991,0
531992,0
531993,0
531994,0
531995,0
531996,0
531997,0
531998,0
531999,0
532000,0
532001,0
532002,0
532003,0
532004,0
532005,0
532006,0
532007,0
532008,0
532009,0
532010,0
532011,0
532012,0
532013,0
532014,0
532015,0
532016,32
532017,0
532018,0
532019,0
532020,0
532021,0
532022,0
532023,22
532024,0
532025,0
532026,0
532027,0
532028,0
532029,12
532030,0
532031,16
532032,0
532033,0
532034,0
532035,17
532036,20
532037,0
532038,0
532039,0
532040,0
532041,0
532042,0
532043,0
532044,6
532045,0
532046,0
532047,0
532048,0
532049,0
532050,0
532051,0
532052,0
532053,10
532054,0
532055,0
532056,0
532057,18
532058,0
532059,0
532060,0
532061,0
532062,0
532063,0
532064,0
532065,0
532066,0
532067,17
532068,9
532069,0
532070,0
532071,0
532072,0
532073,0
532074,10
532075,0
532076,0
532077,12
532078,0
532079,0
532080,0
532081,0
532082,0
532083,0
532084,0
532085,0
532086,0
532087,11
532088,0
532089,16
532090,0
532091,0
532092,0
532093,0
532094,0
532095,0
532096,0
532097,0
532098,0
532099,0
532100,0
532101,0
532102,25
532103,0
532104,0
532105,20
532106,0
532107,0
532108,0
532109,0
532110,0
532111,0
532112,0
532113,0
532114,0
532115,0
532116,0
532117,0
532118,0
532119,0
532120,17
532121,0
532122,14
532123,0
532124,0
532125,0
532126,0
532127,0
532128,0
532129,0
532130,0
532131,0
532132,14
532133,11
532134,0
532135,0
532136,0
532137,0
532138,0
532139,0
532140,0
532141,16
532142,15
532143,0
532144,0
532145,0
532146,0
532147,24
532148,0
532149,0
532150,0
532151,0
532152,10
532153,0
532154,13
532155,0
532156,0
532157,0
532158,0
532159,0
532160,0
532161,18
532162,0
532163,0
532164,0
532165,0
532166,19
532167,8
532168,0
532169,0
532170,0
532171,0
532172,0
532173,19
532174,0
532175,0
532176,0
532177,11
532178,0
532179,14
532180,0
532181,0
532182,11
532183,0
532184,0
532185,0
532186,0
532187,0
532188,0
532189,0
532190,0
532191,0
532192,12
532193,0
532194,0
532195,0
532196,0
532197,0
532198,19
532199,0
532200,0
532201,0
532202,0
532203,0
532204,0
532205,0
532206,0
532207,0
532208,0
532209,0
532210,0
532211,0
532212,0
532213,12
532214,11
532215,20
532216,21
532217,11
532218,0
532219,0
532220,0
532221,17
532222,12
532223,0
532224,0
532225,0
532226,0
532227,0
532228,0
532229,15
532230,0
532231,0
532232,17
532233,0
532234,0
532235,0
532236,0
532237,0
532238,0
532239,0
532240,0
532241,0
532242,0
532243,0
532244,0
532245,11
532246,12
532247,0
532248,0
532249,0
532250,11
532251,0
532252,0
532253,0
532254,0
532255,0
532256,0
532257,16
532258,15
532259,9
532260,0
532261,0
532262,0
532263,0
532264,0
532265,9
532266,11
532267,0
532268,0
532269,0
532270,0
532271,0
532272,0
532273,0
532274,0
532275,7
532276,0
532277,0
532278,0
532279,0
532280,0
532281,0
532282,0
532283,0
532284,0
532285,0
532286,0
532287,0
532288,10
532289,0
532290,0
532291,0
532292,0
532293,0
532294,11
532295,0
532296,0
532297,0
532298,0
532299,17
532300,13
532301,0
532302,0
532303,10
532304,12
532305,0
532306,9
532307,0
532308,0
532309,0
532310,0
532311,0
532312,15
532313,0
532314,0
532315,0
532316,0
532317,0
532318,0
532319,0
532320,0
532321,0
532322,18
532323,0
532324,0
532325,0
532326,20
532327,0
532328,0
532329,0
532330,18
532331,0
532332,0
532333,0
532334,0
532335,11
532336,0
532337,0
532338,0
532339,0
532340,0
532341,0
532342,0
532343,0
532344,0
532345,0
532346,0
532347,0
532348,0
532349,11
532350,0
532351,0
532352,0
532353,0
532354,14
532355,0
532356,0
532357,0
532358,0
532359,0
532360,0
532361,17
532362,0
532363,11
532364,0
532365,0
532366,0
532367,0
532368,0
532369,0
532370,0
532371,0
532372,0
532373,0
532374,0
532375,0
532376,0
532377,18
532378,0
532379,0
532380,0
532381,0
532382,0
532383,0
532384,0
532385,0
532386,0
532387,0
532388,0
532389,0
532390,0
532391,0
532392,0
532393,0
532394,0
532395,0
532396,0
532397,12
532398,16
532399,0
532400,0
532401,0
532402,0
532403,0
532404,9
532405,0
532406,0
532407,19
532408,0
532409,0
532410,0
532411,14
532412,0
532413,0
532414,0
532415,0
532416,0
532417,0
532418,18
532419,0
532420,10
532421,0
532422,0
532423,8
532424,0
532425,0
532426,0
532427,0
532428,0
532429,0
532430,20
532431,0
532432,18
532433,11
532434,0
532435,0
532436,0
532437,22
532438,13
532439,0
532440,0
532441,0
532442,0
532443,0
532444,0
532445,0
532446,19
532447,0
532448,0
532449,0
532450,0
532451,0
532452,0
532453,20
532454,0
532455,0
532456,0
532457,0
532458,0
532459,0
532460,0
532461,0
532462,0
532463,0
532464,25
532465,0
532466,0
532467,0
532468,24
532469,0
532470,0
532471,0
532472,0
532473,0
532474,0
532475,0
532476,0
532477,0
532478,13
532479,0
532480,0
532481,9
532482,0
532483,17
532484,18
532485,0
532486,0
532487,0
532488,12
532489,0
532490,0
532491,0
532492,0
532493,15
532494,0
532495,0
532496,0
532497,6
532498,0
532499,0
532500,17
532501,0
532502,16
532503,0
532504,0
532505,0
532506,0
532507,0
532508,0
532509,0
532510,0
532511,0
532512,0
532513,0
532514,0
532515,0
532516,0
532517,0
532518,0
532519,19
532520,0
532521,0
532522,0
532523,0
532524,0
532525,0
532526,0
532527,0
532528,0
532529,0
532530,10
532531,0
532532,0
532533,0
532534,0
532535,0
532536,0
532537,0
532538,0
532539,0
532540,0
532541,0
532542,0
532543,0
532544,0
532545,0
532546,0
532547,0
532548,0
532549,0
532550,11
532551,0
532552,0
532553,0
532554,0
532555,0
532556,0
532557,0
532558,0
532559,0
532560,0
532561,0
532562,0
532563,0
532564,0
532565,0
532566,0
532567,0
532568,0
532569,9
532570,0
532571,0
532572,0
532573,0
532574,0
532575,0
532576,0
532577,0
532578,0
532579,0
532580,0
532581,0
532582,11
532583,0
532584,0
532585,0
532586,0
532587,16
532588,14
532589,0
532590,0
532591,9
532592,0
532593,0
532594,10
532595,0
532596,0
532597,0
532598,0
532599,18
532600,0
532601,0
532602,0
532603,0
532604,0
532605,16
532606,0
532607,16
532608,0
532609,0
532610,0
532611,11
532612,0
532613,0
532614,0
532615,0
532616,0
532617,0
532618,0
532619,0
532620,0
532621,10
532622,0
532623,0
532624,0
532625,14
532626,0
532627,0
532628,0
532629,0
532630,2
532631,0
532632,12
532633,0
532634,13
532635,0
532636,0
532637,0
532638,0
532639,0
532640,0
532641,0
532642,0
532643,0
532644,0
532645,0
532646,0
532647,0
532648,0
532649,14
532650,0
532651,0
532652,0
532653,0
532654,0
532655,16
532656,14
532657,0
532658,0
532659,0
532660,0
532661,0
532662,0
532663,14
532664,0
532665,0
532666,0
532667,13
532668,11
532669,0
532670,12
532671,0
532672,0
532673,0
532674,0
532675,17
532676,0
532677,0
532678,0
532679,0
532680,0
532681,0
532682,0
532683,7
532684,0
532685,0
532686,0
532687,0
532688,0
532689,0
532690,0
532691,0
532692,0
532693,0
532694,0
532695,12
532696,0
532697,0
532698,0
532699,0
532700,0
532701,0
532702,11
532703,17
532704,0
532705,0
532706,0
532707,0
532708,0
532709,0
532710,0
532711,16
532712,0
532713,0
532714,0
532715,16
532716,0
532717,18
532718,0
532719,0
532720,0
532721,18
532722,0
532723,15
532724,0
532725,15
532726,12
532727,0
532728,0
532729,0
532730,0
532731,0
532732,0
532733,0
532734,0
532735,0
532736,10
532737,0
532738,0
532739,18
532740,0
532741,0
532742,0
532743,17
532744,18
532745,0
532746,0
532747,0
532748,0
532749,18
532750,0
532751,0
532752,0
532753,0
532754,0
532755,22
532756,0
532757,0
532758,0
532759,0
532760,0
532761,0
532762,0
532763,0
532764,0
532765,0
532766,0
532767,0
532768,0
532769,8
532770,0
532771,0
532772,0
532773,0
532774,0
532775,0
532776,0
532777,0
532778,0
532779,0
532780,0
532781,0
532782,0
532783,17
532784,0
532785,14
532786,0
532787,0
532788,0
532789,0
532790,0
532791,14
532792,0
532793,0
532794,0
532795,0
532796,0
532797,0
532798,0
532799,0
532800,0
532801,0
532802,0
532803,0
532804,0
532805,22
532806,0
532807,0
532808,0
532809,0
532810,0
532811,13
532812,0
532813,20
532814,0
532815,0
532816,0
532817,0
532818,17
532819,0
532820,14
532821,0
532822,0
532823,0
532824,0
532825,0
532826,0
532827,0
532828,0
532829,0
532830,9
532831,0
532832,0
532833,0
532834,19
532835,0
532836,0
532837,0
532838,20
532839,15
532840,0
532841,0
532842,0
532843,0
532844,0
532845,0
532846,0
532847,0
532848,0
532849,0
532850,8
532851,18
532852,0
532853,0
532854,16
532855,0
532856,0
532857,0
532858,0
532859,0
532860,0
532861,0
532862,0
532863,0
532864,30
532865,13
532866,0
532867,0
532868,0
532869,0
532870,0
532871,0
532872,15
532873,0
532874,0
532875,0
532876,0
532877,8
532878,0
532879,8
532880,18
532881,0
532882,0
532883,10
532884,0
532885,0
532886,0
532887,0
532888,0
532889,0
532890,0
532891,0
532892,0
532893,0
532894,0
532895,0
532896,0
532897,0
532898,0
532899,0
532900,0
532901,0
532902,0
532903,0
532904,0
532905,0
532906,0
532907,0
532908,15
532909,0
532910,0
532911,0
532912,0
532913,0
532914,0
532915,0
532916,0
532917,0
532918,0
532919,11
532920,0
532921,0
532922,0
532923,0
532924,8
532925,0
532926,0
532927,0
532928,0
532929,0
532930,0
532931,0
532932,15
532933,0
532934,0
532935,0
532936,0
532937,0
532938,5
532939,0
532940,13
532941,0
532942,0
532943,0
532944,0
532945,0
532946,0
532947,0
532948,0
532949,0
532950,0
532951,0
532952,0
532953,6
532954,0
532955,0
532956,0
532957,0
532958,0
532959,30
532960,0
532961,0
532962,0
532963,0
532964,0
532965,0
532966,0
532967,0
532968,0
532969,0
532970,0
532971,0
532972,0
532973,0
532974,0
532975,0
532976,0
532977,0
532978,0
532979,0
532980,0
532981,0
532982,0
532983,0
532984,0
532985,0
532986,0
532987,0
532988,0
532989,0
532990,0
532991,0
532992,28
532993,0
532994,0
532995,43
532996,0
532997,0
532998,0
532999,0
533000,0
533001,0
533002,0
533003,0
533004,0
533005,0
533006,0
533007,0
533008,0
533009,41
533010,46
533011,0
533012,0
533013,0
533014,0
533015,0
533016,0
533017,0
533018,0
533019,0
533020,0
533021,0
533022,0
533023,0
533024,0
533025,0
533026,0
533027,18
533028,0
533029,0
533030,0
533031,0
533032,0
533033,0
533034,0
533035,0
533036,0
533037,24
533038,0
533039,0
533040,0
533041,0
533042,0
533043,0
533044,0
533045,0
533046,0
533047,0
533048,26
533049,41
533050,0
533051,0
533052,0
533053,0
533054,0
533055,0
533056,0
533057,0
533058,0
533059,0
533060,0
533061,0
533062,0
533063,0
533064,0
533065,0
533066,0
533067,0
533068,0
533069,0
533070,0
533071,0
533072,19
533073,38
533074,0
533075,0
533076,0
533077,0
533078,0
533079,0
533080,0
533081,0
533082,0
533083,0
533084,0
533085,0
533086,0
533087,0
533088,0
533089,0
533090,0
533091,0
533092,0
533093,0
533094,0
533095,0
533096,0
533097,0
533098,31
533099,0
533100,0
533101,0
533102,0
533103,0
533104,0
533105,0
533106,0
533107,0
533108,0
533109,0
533110,0
533111,54
533112,0
533113,30
533114,0
533115,0
533116,0
533117,0
533118,0
533119,0
533120,0
533121,0
533122,0
533123,0
533124,0
533125,0
533126,0
533127,0
533128,0
533129,0
533130,0
533131,0
533132,0
533133,0
533134,0
533135,0
533136,0
533137,0
533138,0
533139,0
533140,0
533141,0
533142,25
533143,0
533144,0
533145,0
533146,0
533147,0
533148,0
533149,0
533150,0
533151,0
533152,0
533153,0
533154,0
533155,58
533156,0
533157,0
533158,0
533159,0
533160,0
533161,0
533162,0
533163,0
533164,21
533165,0
533166,0
533167,0
533168,0
533169,0
533170,0
533171,0
533172,0
533173,0
533174,0
533175,0
533176,0
533177,0
533178,0
533179,0
533180,0
533181,0
533182,0
533183,0
533184,0
533185,27
533186,0
533187,33
533188,0
533189,0
533190,0
533191,22
533192,0
533193,0
533194,0
533195,0
533196,0
533197,0
533198,0
533199,19
533200,0
533201,0
533202,0
533203,0
533204,0
533205,0
533206,0
533207,0
533208,0
533209,0
533210,0
533211,36
533212,0
533213,0
533214,0
533215,43
533216,29
533217,0
533218,0
533219,19
533220,0
533221,0
533222,0
533223,0
533224,0
533225,0
533226,0
533227,21
533228,0
533229,0
533230,20
533231,0
533232,0
533233,0
533234,0
533235,0
533236,28
533237,38
533238,32
533239,0
533240,0
533241,0
533242,0
533243,0
533244,0
533245,0
533246,0
533247,0
533248,0
533249,0
533250,0
533251,0
533252,0
533253,0
533254,41
533255,0
533256,0
533257,0
533258,0
533259,0
533260,38
533261,0
533262,0
533263,0
533264,0
533265,0
533266,0
533267,0
533268,0
533269,0
533270,0
533271,0
533272,0
533273,0
533274,0
533275,0
533276,0
533277,0
533278,0
533279,0
533280,0
533281,0
533282,0
533283,0
533284,0
533285,0
533286,0
533287,25
533288,0
533289,0
533290,0
533291,0
533292,0
533293,0
533294,0
533295,0
533296,0
533297,0
533298,0
533299,0
533300,0
533301,0
533302,0
533303,0
533304,0
533305,0
533306,0
533307,0
533308,0
533309,0
533310,0
533311,0
533312,0
533313,0
533314,0
533315,0
533316,0
533317,0
533318,0
533319,0
533320,0
533321,0
533322,0
533323,0
533324,0
533325,14
533326,0
533327,0
533328,0
533329,0
533330,0
533331,0
533332,0
533333,0
533334,0
533335,6
533336,0
533337,0
533338,10
533339,0
533340,7
533341,13
533342,0
533343,0
533344,0
533345,0
533346,0
533347,17
533348,0
533349,10
533350,0
533351,0
533352,9
533353,0
533354,0
533355,0
533356,15
533357,0
533358,5
533359,7
533360,10
533361,12
533362,0
533363,0
533364,12
533365,0
533366,0
533367,12
533368,0
533369,0
533370,0
533371,0
533372,14
533373,0
533374,11
533375,0
533376,0
533377,0
533378,0
533379,0
533380,0
533381,8
533382,0
533383,0
533384,0
533385,0
533386,7
533387,0
533388,0
533389,0
533390,0
533391,0
533392,0
533393,5
533394,4
533395,0
533396,0
533397,0
533398,0
533399,0
533400,0
533401,0
533402,0
533403,0
533404,0
533405,0
533406,0
533407,6
533408,0
533409,0
533410,0
533411,0
533412,14
533413,0
533414,5
533415,0
533416,0
533417,0
533418,0
533419,0
533420,0
533421,0
533422,0
533423,0
533424,6
533425,0
533426,0
533427,0
533428,0
533429,0
533430,13
533431,0
533432,0
533433,0
533434,0
533435,0
533436,0
533437,0
533438,0
533439,18
533440,0
533441,0
533442,0
533443,0
533444,0
533445,0
533446,0
533447,0
533448,7
533449,16
533450,0
533451,0
533452,10
533453,0
533454,7
533455,0
533456,0
533457,15
533458,0
533459,0
533460,0
533461,0
533462,0
533463,7
533464,10
533465,0
533466,0
533467,0
533468,0
533469,8
533470,0
533471,0
533472,9
533473,13
533474,0
533475,0
533476,0
533477,0
533478,19
533479,0
533480,0
533481,13
533482,9
533483,0
533484,0
533485,10
533486,0
533487,10
533488,0
533489,0
533490,4
533491,0
533492,0
533493,0
533494,0
533495,12
533496,0
533497,0
533498,0
533499,0
533500,0
533501,0
533502,11
533503,0
533504,0
533505,0
533506,0
533507,0
533508,0
533509,0
533510,0
533511,0
533512,0
533513,0
533514,0
533515,0
533516,0
533517,0
533518,0
533519,0
533520,0
533521,0
533522,12
533523,0
533524,0
533525,0
533526,0
533527,0
533528,0
533529,0
533530,0
533531,6
533532,9
533533,12
533534,0
533535,0
533536,0
533537,12
533538,0
533539,0
533540,0
533541,0
533542,0
533543,0
533544,0
533545,12
533546,9
533547,0
533548,0
533549,0
533550,0
533551,0
533552,12
533553,0
533554,0
533555,0
533556,0
533557,0
533558,0
533559,0
533560,0
533561,4
533562,0
533563,0
533564,9
533565,6
533566,0
533567,9
533568,4
533569,11
533570,20
533571,0
533572,0
533573,9
533574,0
533575,0
533576,0
533577,0
533578,0
533579,0
533580,0
533581,0
533582,0
533583,0
533584,0
533585,0
533586,0
533587,4
533588,0
533589,12
533590,0
533591,0
533592,5
533593,10
533594,0
533595,0
533596,0
533597,0
533598,0
533599,15
533600,0
533601,0
533602,0
533603,13
533604,0
533605,0
533606,0
533607,0
533608,0
533609,0
533610,0
533611,7
533612,0
533613,0
533614,0
533615,0
533616,0
533617,0
533618,10
533619,0
533620,0
533621,0
533622,0
533623,0
533624,0
533625,0
533626,8
533627,0
533628,0
533629,9
533630,0
533631,17
533632,0
533633,0
533634,0
533635,0
533636,0
533637,0
533638,0
533639,13
533640,0
533641,0
533642,0
533643,0
533644,0
533645,0
533646,11
533647,0
533648,0
533649,0
533650,0
533651,0
533652,0
533653,0
533654,0
533655,0
533656,0
533657,0
533658,0
533659,0
533660,0
533661,5
533662,0
533663,0
533664,0
533665,0
533666,0
533667,15
533668,7
533669,0
533670,0
533671,0
533672,0
533673,0
533674,16
533675,0
533676,0
533677,6
533678,0
533679,0
533680,0
533681,0
533682,0
533683,0
533684,0
533685,0
533686,0
533687,0
533688,0
533689,0
533690,0
533691,0
533692,0
533693,0
533694,0
533695,0
533696,0
533697,0
533698,0
533699,0
533700,0
533701,0
533702,0
533703,0
533704,0
533705,13
533706,0
533707,0
533708,15
533709,0
533710,0
533711,0
533712,0
533713,0
533714,0
533715,0
533716,0
533717,0
533718,0
533719,0
533720,0
533721,0
533722,12
533723,0
533724,0
533725,0
533726,0
533727,0
533728,0
533729,13
533730,0
533731,0
533732,0
533733,0
533734,0
533735,0
533736,0
533737,0
533738,0
533739,10
533740,0
533741,0
533742,0
533743,0
533744,0
533745,0
533746,0
533747,0
533748,0
533749,0
533750,0
533751,0
533752,0
533753,0
533754,0
533755,6
533756,10
533757,0
533758,0
533759,0
533760,0
533761,0
533762,0
533763,0
533764,0
533765,0
533766,7
533767,5
533768,0
533769,0
533770,0
533771,9
533772,0
533773,0
533774,0
533775,0
533776,0
533777,0
533778,12
533779,0
533780,0
533781,6
533782,0
533783,0
533784,0
533785,6
533786,0
533787,0
533788,0
533789,0
533790,0
533791,0
533792,0
533793,0
533794,0
533795,0
533796,0
533797,0
533798,0
533799,0
533800,0
533801,0
533802,0
533803,0
533804,0
533805,0
533806,0
533807,5
533808,0
533809,0
533810,0
533811,0
533812,0
533813,4
533814,0
533815,9
533816,10
533817,0
533818,0
533819,0
533820,0
533821,0
533822,0
533823,0
533824,0
533825,0
533826,0
533827,0
533828,0
533829,0
533830,13
533831,0
533832,0
533833,0
533834,0
533835,0
533836,0
533837,0
533838,0
533839,17
533840,0
533841,9
533842,31
533843,0
533844,25
533845,0
533846,29
533847,28
533848,0
533849,0
533850,0
533851,0
533852,0
533853,0
533854,0
533855,0
533856,0
533857,0
533858,25
533859,0
533860,0
533861,0
533862,22
533863,0
533864,0
533865,35
533866,0
533867,20
533868,0
533869,0
533870,0
533871,0
533872,0
533873,0
533874,0
533875,0
533876,0
533877,0
533878,0
533879,0
533880,0
533881,0
533882,0
533883,0
533884,0
533885,19
533886,0
533887,0
533888,0
533889,23
533890,0
533891,0
533892,0
533893,0
533894,0
533895,0
533896,0
533897,0
533898,0
533899,0
533900,0
533901,0
533902,0
533903,0
533904,26
533905,39
533906,0
533907,22
533908,0
533909,19
533910,0
533911,0
533912,0
533913,0
533914,0
533915,0
533916,0
533917,0
533918,0
533919,21
533920,0
533921,25
533922,0
533923,0
533924,0
533925,0
533926,19
533927,15
533928,0
533929,0
533930,0
533931,0
533932,19
533933,0
533934,22
533935,32
533936,0
533937,0
533938,27
533939,0
533940,0
533941,0
533942,0
533943,25
533944,0
533945,0
533946,0
533947,0
533948,0
533949,0
533950,0
533951,0
533952,0
533953,0
533954,25
533955,0
533956,0
533957,0
533958,0
533959,0
533960,0
533961,30
533962,0
533963,23
533964,0
533965,31
533966,0
533967,0
533968,0
533969,0
533970,0
533971,20
533972,19
533973,0
533974,0
533975,0
533976,24
533977,0
533978,26
533979,0
533980,0
533981,28
533982,0
533983,38
533984,0
533985,0
533986,0
533987,0
533988,0
533989,18
533990,22
533991,0
533992,0
533993,36
533994,0
533995,25
533996,0
533997,18
533998,0
533999,0
534000,0
534001,35
534002,19
534003,40
534004,0
534005,29
534006,20
534007,0
534008,0
534009,0
534010,0
534011,0
534012,0
534013,0
534014,37
534015,39
534016,0
534017,0
534018,33
534019,16
534020,0
534021,16
534022,0
534023,0
534024,0
534025,0
534026,60
534027,0
534028,0
534029,0
534030,25
534031,0
534032,32
534033,30
534034,0
534035,0
534036,7
534037,5
534038,0
534039,5
534040,0
534041,0
534042,0
534043,0
534044,0
534045,0
534046,5
534047,0
534048,0
534049,0
534050,0
534051,0
534052,0
534053,12
534054,5
534055,0
534056,10
534057,0
534058,7
534059,0
534060,0
534061,0
534062,13
534063,0
534064,0
534065,0
534066,6
534067,5
534068,0
534069,13
534070,10
534071,0
534072,7
534073,6
534074,0
534075,0
534076,0
534077,0
534078,0
534079,0
534080,3
534081,0
534082,0
534083,0
534084,0
534085,0
534086,0
534087,0
534088,0
534089,0
534090,12
534091,0
534092,0
534093,0
534094,7
534095,0
534096,0
534097,12
534098,0
534099,0
534100,5
534101,0
534102,0
534103,0
534104,13
534105,0
534106,15
534107,0
534108,0
534109,7
534110,0
534111,0
534112,0
534113,0
534114,16
534115,4
534116,0
534117,7
534118,4
534119,0
534120,0
534121,0
534122,16
534123,12
534124,9
534125,6
534126,0
534127,0
534128,0
534129,0
534130,0
534131,0
534132,0
534133,7
534134,9
534135,0
534136,0
534137,4
534138,0
534139,0
534140,0
534141,0
534142,10
534143,0
534144,0
534145,0
534146,6
534147,0
534148,3
534149,0
534150,0
534151,0
534152,0
534153,0
534154,1
534155,0
534156,3
534157,0
534158,0
534159,0
534160,0
534161,0
534162,3
534163,0
534164,8
534165,0
534166,0
534167,0
534168,0
534169,0
534170,0
534171,0
534172,6
534173,0
534174,0
534175,0
534176,0
534177,0
534178,0
534179,0
534180,0
534181,0
534182,8
534183,0
534184,0
534185,0
534186,9
534187,0
534188,0
534189,0
534190,0
534191,0
534192,9
534193,5
534194,8
534195,8
534196,10
534197,0
534198,0
534199,0
534200,0
534201,0
534202,0
534203,0
534204,0
534205,0
534206,8
534207,0
534208,0
534209,0
534210,0
534211,0
534212,0
534213,0
534214,0
534215,8
534216,0
534217,0
534218,0
534219,3
534220,0
534221,0
534222,0
534223,0
534224,7
534225,0
534226,0
534227,0
534228,0
534229,13
534230,7
534231,0
534232,0
534233,5
534234,0
534235,0
534236,0
534237,13
534238,0
534239,5
534240,10
534241,0
534242,3
534243,0
534244,0
534245,0
534246,5
534247,0
534248,0
534249,0
534250,13
534251,0
534252,0
534253,11
534254,0
534255,17
534256,0
534257,0
534258,0
534259,0
534260,0
534261,0
534262,7
534263,0
534264,6
534265,14
534266,0
534267,0
534268,0
534269,0
534270,0
534271,0
534272,0
534273,10
534274,0
534275,13
534276,0
534277,0
534278,0
534279,0
534280,0
534281,2
534282,0
534283,0
534284,7
534285,4
534286,0
534287,0
534288,0
534289,10
534290,0
534291,0
534292,7
534293,0
534294,0
534295,0
534296,0
534297,8
534298,0
534299,6
534300,0
534301,0
534302,7
534303,0
534304,0
534305,0
534306,5
534307,0
534308,0
534309,0
534310,14
534311,15
534312,0
534313,0
534314,8
534315,11
534316,0
534317,0
534318,10
534319,10
534320,5
534321,0
534322,0
534323,0
534324,0
534325,0
534326,10
534327,0
534328,0
534329,0
534330,0
534331,0
534332,0
534333,0
534334,8
534335,0
534336,0
534337,5
534338,6
534339,0
534340,0
534341,0
534342,9
534343,5
534344,10
534345,0
534346,0
534347,0
534348,0
534349,0
534350,9
534351,0
534352,0
534353,0
534354,9
534355,0
534356,13
534357,0
534358,0
534359,6
534360,0
534361,6
534362,0
534363,0
534364,6
534365,0
534366,9
534367,6
534368,0
534369,7
534370,12
534371,0
534372,0
534373,0
534374,0
534375,0
534376,0
534377,0
534378,10
534379,0
534380,0
534381,0
534382,0
534383,14
534384,0
534385,11
534386,0
534387,0
534388,14
534389,6
534390,3
534391,0
534392,6
534393,0
534394,0
534395,0
534396,0
534397,10
534398,7
534399,0
534400,9
534401,11
534402,0
534403,0
534404,0
534405,0
534406,0
534407,0
534408,0
534409,0
534410,14
534411,0
534412,0
534413,0
534414,13
534415,0
534416,3
534417,0
534418,0
534419,0
534420,6
534421,0
534422,0
534423,7
534424,0
534425,15
534426,0
534427,0
534428,0
534429,0
534430,8
534431,5
534432,5
534433,0
534434,0
534435,0
534436,0
534437,0
534438,0
534439,7
534440,0
534441,7
534442,0
534443,0
534444,7
534445,0
534446,0
534447,2
534448,0
534449,0
534450,0
534451,0
534452,11
534453,0
534454,13
534455,0
534456,0
534457,0
534458,0
534459,0
534460,0
534461,0
534462,10
534463,0
534464,6
534465,0
534466,13
534467,0
534468,0
534469,0
534470,16
534471,7
534472,6
534473,7
534474,0
534475,18
534476,10
534477,5
534478,0
534479,0
534480,0
534481,0
534482,0
534483,0
534484,10
534485,7
534486,5
534487,0
534488,0
534489,0
534490,0
534491,0
534492,3
534493,2
534494,6
534495,0
534496,0
534497,0
534498,2
534499,0
534500,0
534501,0
534502,0
534503,0
534504,0
534505,0
534506,0
534507,5
534508,0
534509,0
534510,0
534511,0
534512,0
534513,0
534514,0
534515,0
534516,0
534517,0
534518,9
534519,0
534520,0
534521,0
534522,0
534523,0
534524,0
534525,0
534526,0
534527,0
534528,0
534529,0
534530,0
534531,3
534532,0
534533,14
534534,4
534535,6
534536,0
534537,0
534538,0
534539,0
534540,5
534541,0
534542,8
534543,0
534544,0
534545,0
534546,0
534547,16
534548,0
534549,0
534550,0
534551,0
534552,0
534553,0
534554,0
534555,0
534556,9
534557,0
534558,0
534559,0
534560,0
534561,0
534562,0
534563,10
534564,0
534565,10
534566,0
534567,4
534568,9
534569,0
534570,0
534571,0
534572,0
534573,6
534574,3
534575,0
534576,0
534577,0
534578,0
534579,7
534580,0
534581,10
534582,0
534583,8
534584,0
534585,0
534586,9
534587,7
534588,4
534589,0
534590,5
534591,0
534592,13
534593,0
534594,0
534595,7
534596,0
534597,5
534598,0
534599,0
534600,0
534601,0
534602,0
534603,5
534604,0
534605,0
534606,10
534607,6
534608,0
534609,0
534610,0
534611,0
534612,0
534613,0
534614,0
534615,0
534616,0
534617,0
534618,0
534619,0
534620,0
534621,0
534622,0
534623,0
534624,0
534625,0
534626,0
534627,16
534628,7
534629,3
534630,0
534631,0
534632,0
534633,0
534634,0
534635,0
534636,0
534637,0
534638,0
534639,6
534640,0
534641,2
534642,0
534643,0
534644,6
534645,15
534646,12
534647,3
534648,0
534649,0
534650,0
534651,0
534652,0
534653,11
534654,10
534655,13
534656,0
534657,8
534658,10
534659,11
534660,0
534661,0
534662,0
534663,10
534664,8
534665,18
534666,8
534667,0
534668,0
534669,0
534670,0
534671,0
534672,0
534673,0
534674,5
534675,0
534676,4
534677,0
534678,5
534679,8
534680,0
534681,0
534682,0
534683,0
534684,4
534685,0
534686,0
534687,4
534688,0
534689,0
534690,10
534691,0
534692,0
534693,9
534694,2
534695,5
534696,0
534697,7
534698,0
534699,8
534700,0
534701,6
534702,6
534703,0
534704,9
534705,0
534706,0
534707,8
534708,0
534709,0
534710,0
534711,0
534712,0
534713,6
534714,12
534715,0
534716,0
534717,0
534718,0
534719,0
534720,0
534721,0
534722,0
534723,0
534724,0
534725,0
534726,0
534727,3
534728,0
534729,0
534730,9
534731,0
534732,0
534733,0
534734,0
534735,11
534736,0
534737,10
534738,0
534739,4
534740,0
534741,0
534742,8
534743,6
534744,0
534745,0
534746,0
534747,8
534748,0
534749,14
534750,0
534751,4
534752,12
534753,13
534754,8
534755,8
534756,0
534757,0
534758,12
534759,0
534760,6
534761,0
534762,0
534763,0
534764,0
534765,0
534766,0
534767,0
534768,0
534769,7
534770,0
534771,0
534772,13
534773,9
534774,0
534775,0
534776,11
534777,0
534778,0
534779,0
534780,14
534781,0
534782,10
534783,0
534784,8
534785,7
534786,0
534787,0
534788,0
534789,0
534790,5
534791,3
534792,0
534793,5
534794,11
534795,0
534796,0
534797,0
534798,0
534799,9
534800,0
534801,0
534802,0
534803,0
534804,0
534805,0
534806,4
534807,0
534808,0
534809,13
534810,0
534811,0
534812,4
534813,0
534814,0
534815,0
534816,0
534817,8
534818,0
534819,0
534820,0
534821,7
534822,0
534823,0
534824,0
534825,0
534826,0
534827,0
534828,6
534829,0
534830,0
534831,9
534832,0
534833,0
534834,0
534835,0
534836,10
534837,0
534838,0
534839,7
534840,0
534841,0
534842,0
534843,0
534844,0
534845,0
534846,1
534847,5
534848,0
534849,0
534850,0
534851,10
534852,0
534853,9
534854,0
534855,0
534856,0
534857,0
534858,0
534859,2
534860,0
534861,0
534862,5
534863,9
534864,0
534865,8
534866,0
534867,0
534868,0
534869,11
534870,0
534871,0
534872,4
534873,0
534874,9
534875,0
534876,0
534877,0
534878,0
534879,0
534880,0
534881,9
534882,0
534883,0
534884,0
534885,0
534886,3
534887,4
534888,13
534889,9
534890,0
534891,0
534892,0
534893,0
534894,0
534895,0
534896,0
534897,0
534898,0
534899,10
534900,0
534901,0
534902,0
534903,0
534904,0
534905,7
534906,0
534907,0
534908,0
534909,0
534910,0
534911,9
534912,0
534913,8
534914,0
534915,0
534916,0
534917,0
534918,0
534919,0
534920,0
534921,0
534922,0
534923,82
534924,0
534925,28
534926,0
534927,0
534928,33
534929,33
534930,0
534931,15
534932,0
534933,55
534934,0
534935,42
534936,0
534937,0
534938,0
534939,31
534940,0
534941,0
534942,0
534943,0
534944,27
534945,0
534946,0
534947,0
534948,0
534949,51
534950,31
534951,0
534952,0
534953,37
534954,34
534955,52
534956,39
534957,0
534958,0
534959,0
534960,0
534961,0
534962,0
534963,0
534964,0
534965,0
534966,68
534967,41
534968,0
534969,14
534970,0
534971,0
534972,0
534973,0
534974,0
534975,0
534976,0
534977,0
534978,0
534979,22
534980,0
534981,23
534982,0
534983,0
534984,75
534985,0
534986,0
534987,0
534988,0
534989,0
534990,0
534991,0
534992,0
534993,43
534994,0
534995,34
534996,0
534997,0
534998,0
534999,0
535000,0
535001,0
535002,0
535003,0
535004,0
535005,0
535006,37
535007,0
535008,41
535009,0
535010,0
535011,0
535012,0
535013,0
535014,0
535015,0
535016,0
535017,38
535018,71
535019,61
535020,33
535021,0
535022,0
535023,0
535024,0
535025,24
535026,0
535027,0
535028,0
535029,0
535030,0
535031,0
535032,0
535033,0
535034,0
535035,0
535036,0
535037,33
535038,0
535039,0
535040,41
535041,0
535042,49
535043,0
535044,0
535045,0
535046,0
535047,0
535048,0
535049,0
535050,48
535051,0
535052,0
535053,0
535054,34
535055,0
535056,0
535057,54
535058,35
535059,0
535060,0
535061,0
535062,40
535063,39
535064,39
535065,38
535066,20
535067,65
535068,27
535069,35
535070,27
535071,0
535072,20
535073,0
535074,25
535075,0
535076,22
535077,33
535078,0
535079,0
535080,0
535081,0
535082,0
535083,56
535084,0
535085,0
535086,0
535087,27
535088,0
535089,0
535090,0
535091,0
535092,0
535093,0
535094,63
535095,0
535096,0
535097,0
535098,0
535099,0
535100,0
535101,0
535102,31
535103,54
535104,0
535105,0
535106,0
535107,0
535108,42
535109,41
535110,11
535111,0
535112,0
535113,0
535114,0
535115,44
535116,0
535117,57
535118,47
535119,52
535120,41
535121,45
535122,0
535123,0
535124,0
535125,0
535126,0
535127,0
535128,0
535129,0
535130,0
535131,0
535132,0
535133,34
535134,32
535135,0
535136,0
535137,0
535138,0
535139,0
535140,44
535141,32
535142,0
535143,0
535144,31
535145,61
535146,0
535147,23
535148,0
535149,0
535150,31
535151,0
535152,0
535153,0
535154,0
535155,0
535156,35
535157,0
535158,0
535159,0
535160,0
535161,0
535162,0
535163,59
535164,30
535165,0
535166,0
535167,0
535168,58
535169,0
535170,47
535171,0
535172,45
535173,0
535174,22
535175,0
535176,0
535177,0
535178,0
535179,49
535180,44
535181,64
535182,0
535183,0
535184,0
535185,0
535186,0
535187,0
535188,0
535189,0
535190,0
535191,0
535192,0
535193,8
535194,0
535195,0
535196,25
535197,0
535198,0
535199,0
535200,0
535201,28
535202,0
535203,0
535204,0
535205,32
535206,0
535207,25
535208,0
535209,0
535210,0
535211,30
535212,0
535213,0
535214,62
535215,0
535216,56
535217,0
535218,0
535219,0
535220,20
535221,0
535222,0
535223,49
535224,0
535225,58
535226,0
535227,0
535228,0
535229,0
535230,0
535231,0
535232,0
535233,0
535234,0
535235,0
535236,0
535237,0
535238,0
535239,0
535240,88
535241,0
535242,44
535243,0
535244,49
535245,50
535246,44
535247,31
535248,0
535249,36
535250,0
535251,28
535252,0
535253,0
535254,21
535255,0
535256,0
535257,51
535258,54
535259,0
535260,0
535261,0
535262,0
535263,0
535264,23
535265,69
535266,0
535267,37
535268,0
535269,0
535270,0
535271,0
535272,45
535273,0
535274,29
535275,0
535276,0
535277,0
535278,19
535279,0
535280,0
535281,0
535282,0
535283,0
535284,17
535285,37
535286,0
535287,39
535288,0
535289,55
535290,0
535291,44
535292,36
535293,0
535294,50
535295,0
535296,0
535297,30
535298,85
535299,0
535300,40
535301,0
535302,0
535303,0
535304,36
535305,0
535306,0
535307,23
535308,0
535309,31
535310,0
535311,0
535312,38
535313,0
535314,47
535315,0
535316,0
535317,29
535318,0
535319,17
535320,0
535321,66
535322,0
535323,45
535324,0
535325,20
535326,0
535327,0
535328,15
535329,0
535330,0
535331,0
535332,0
535333,0
535334,0
535335,0
535336,38
535337,0
535338,0
535339,0
535340,0
535341,0
535342,0
535343,0
535344,33
535345,0
535346,53
535347,0
535348,0
535349,0
535350,51
535351,0
535352,52
535353,0
535354,0
535355,0
535356,80
535357,0
535358,0
535359,0
535360,0
535361,0
535362,0
535363,0
535364,0
535365,0
535366,0
535367,0
535368,0
535369,0
535370,0
535371,0
535372,0
535373,12
535374,0
535375,22
535376,0
535377,0
535378,54
535379,48
535380,0
535381,0
535382,79
535383,0
535384,0
535385,0
535386,26
535387,0
535388,0
535389,0
535390,24
535391,0
535392,30
535393,0
535394,0
535395,15
535396,0
535397,0
535398,0
535399,69
535400,0
535401,0
535402,0
535403,0
535404,38
535405,0
535406,0
535407,0
535408,0
535409,0
535410,0
535411,0
535412,0
535413,0
535414,0
535415,0
535416,0
535417,0
535418,0
535419,43
535420,0
535421,0
535422,0
535423,0
535424,53
535425,0
535426,0
535427,36
535428,0
535429,46
535430,0
535431,0
535432,0
535433,0
535434,29
535435,0
535436,0
535437,0
535438,0
535439,0
535440,0
535441,47
535442,0
535443,0
535444,21
535445,44
535446,37
535447,52
535448,0
535449,0
535450,0
535451,0
535452,0
535453,20
535454,0
535455,0
535456,0
535457,0
535458,0
535459,0
535460,41
535461,0
535462,0
535463,0
535464,1
535465,6
535466,0
535467,0
535468,0
535469,0
535470,0
535471,9
535472,0
535473,0
535474,0
535475,0
535476,0
535477,0
535478,5
535479,0
535480,0
535481,0
535482,0
535483,0
535484,9
535485,0
535486,0
535487,2
535488,0
535489,1
535490,0
535491,0
535492,0
535493,0
535494,0
535495,0
535496,0
535497,0
535498,0
535499,0
535500,10
535501,0
535502,5
535503,13
535504,12
535505,0
535506,4
535507,0
535508,0
535509,0
535510,0
535511,0
535512,0
535513,1
535514,0
535515,0
535516,0
535517,0
535518,8
535519,0
535520,0
535521,0
535522,0
535523,9
535524,0
535525,11
535526,0
535527,0
535528,0
535529,8
535530,0
535531,4
535532,6
535533,0
535534,15
535535,0
535536,0
535537,0
535538,0
535539,0
535540,6
535541,2
535542,0
535543,11
535544,0
535545,0
535546,5
535547,0
535548,0
535549,2
535550,3
535551,0
535552,0
535553,0
535554,0
535555,0
535556,0
535557,0
535558,0
535559,0
535560,6
535561,0
535562,0
535563,0
535564,0
535565,0
535566,8
535567,0
535568,0
535569,11
535570,0
535571,0
535572,0
535573,0
535574,0
535575,0
535576,0
535577,0
535578,9
535579,0
535580,0
535581,5
535582,5
535583,0
535584,0
535585,0
535586,0
535587,0
535588,0
535589,0
535590,4
535591,0
535592,0
535593,3
535594,0
535595,0
535596,0
535597,0
535598,0
535599,6
535600,0
535601,0
535602,0
535603,0
535604,0
535605,0
535606,8
535607,0
535608,0
535609,0
535610,0
535611,0
535612,0
535613,0
535614,12
535615,0
535616,0
535617,0
535618,0
535619,0
535620,0
535621,7
535622,5
535623,0
535624,0
535625,5
535626,0
535627,0
535628,0
535629,0
535630,0
535631,5
535632,7
535633,0
535634,0
535635,0
535636,0
535637,11
535638,0
535639,0
535640,0
535641,0
535642,3
535643,0
535644,6
535645,0
535646,0
535647,0
535648,0
535649,0
535650,0
535651,0
535652,4
535653,0
535654,0
535655,0
535656,0
535657,0
535658,0
535659,0
535660,0
535661,0
535662,7
535663,6
535664,5
535665,0
535666,0
535667,0
535668,0
535669,6
535670,0
535671,0
535672,0
535673,0
535674,5
535675,0
535676,0
535677,0
535678,0
535679,0
535680,0
535681,0
535682,0
535683,4
535684,6
535685,0
535686,0
535687,0
535688,0
535689,4
535690,0
535691,0
535692,0
535693,0
535694,0
535695,4
535696,0
535697,0
535698,0
535699,0
535700,0
535701,0
535702,2
535703,0
535704,0
535705,0
535706,5
535707,6
535708,0
535709,0
535710,0
535711,0
535712,0
535713,0
535714,0
535715,0
535716,0
535717,3
535718,0
535719,0
535720,0
535721,0
535722,5
535723,0
535724,0
535725,8
535726,0
535727,0
535728,0
535729,0
535730,9
535731,0
535732,0
535733,0
535734,0
535735,5
535736,0
535737,0
535738,0
535739,0
535740,5
535741,0
535742,8
535743,0
535744,0
535745,12
535746,0
535747,0
535748,0
535749,8
535750,0
535751,0
535752,0
535753,0
535754,0
535755,0
535756,0
535757,0
535758,5
535759,11
535760,10
535761,0
535762,0
535763,0
535764,0
535765,0
535766,0
535767,7
535768,0
535769,0
535770,0
535771,0
535772,4
535773,0
535774,0
535775,0
535776,0
535777,0
535778,0
535779,0
535780,0
535781,4
535782,0
535783,0
535784,0
535785,0
535786,0
535787,0
535788,0
535789,0
535790,0
535791,11
535792,6
535793,0
535794,5
535795,3
535796,0
535797,0
535798,0
535799,0
535800,0
535801,0
535802,0
535803,0
535804,0
535805,0
535806,0
535807,6
535808,0
535809,0
535810,0
535811,0
535812,0
535813,0
535814,0
535815,0
535816,0
535817,0
535818,9
535819,0
535820,0
535821,0
535822,3
535823,0
535824,3
535825,0
535826,0
535827,0
535828,0
535829,0
535830,0
535831,2
535832,0
535833,4
535834,7
535835,0
535836,0
535837,0
535838,8
535839,0
535840,0
535841,0
535842,0
535843,0
535844,0
535845,0
535846,0
535847,0
535848,0
535849,0
535850,0
535851,0
535852,4
535853,0
535854,5
535855,0
535856,0
535857,0
535858,0
535859,0
535860,0
535861,0
535862,8
535863,0
535864,10
535865,0
535866,0
535867,0
535868,0
535869,0
535870,9
535871,0
535872,0
535873,0
535874,0
535875,1
535876,0
535877,0
535878,9
535879,8
535880,0
535881,0
535882,0
535883,0
535884,0
535885,0
535886,8
535887,0
535888,0
535889,0
535890,0
535891,0
535892,3
535893,0
535894,0
535895,0
535896,0
535897,0
535898,0
535899,0
535900,0
535901,2
535902,0
535903,0
535904,0
535905,0
535906,0
535907,0
535908,0
535909,0
535910,0
535911,4
535912,0
535913,0
535914,0
535915,0
535916,0
535917,5
535918,0
535919,0
535920,0
535921,4
535922,0
535923,0
535924,0
535925,5
535926,0
535927,0
535928,0
535929,0
535930,0
535931,5
535932,0
535933,0
535934,0
535935,0
535936,0
535937,0
535938,0
535939,11
535940,0
535941,0
535942,0
535943,0
535944,2
535945,0
535946,0
535947,0
535948,0
535949,0
535950,0
535951,0
535952,10
535953,0
535954,0
535955,0
535956,2
535957,0
535958,0
535959,4
535960,0
535961,0
535962,6
535963,0
535964,0
535965,0
535966,0
535967,0
535968,0
535969,5
535970,0
535971,0
535972,0
535973,2
535974,0
535975,0
535976,0
535977,0
535978,0
535979,3
535980,8
535981,4
535982,0
535983,1
535984,6
535985,0
535986,0
535987,0
535988,3
535989,0
535990,3
535991,0
535992,0
535993,7
535994,0
535995,0
535996,0
535997,0
535998,6
535999,0
536000,0
536001,0
536002,0
536003,0
536004,0
536005,15
536006,0
536007,6
536008,0
536009,0
536010,0
536011,0
536012,0
536013,0
536014,0
536015,0
536016,3
536017,0
536018,0
536019,0
536020,6
536021,0
536022,0
536023,13
536024,5
536025,7
536026,0
536027,0
536028,5
536029,0
536030,0
536031,0
536032,0
536033,0
536034,0
536035,0
536036,10
536037,0
536038,0
536039,0
536040,2
536041,0
536042,5
536043,0
536044,0
536045,0
536046,0
536047,0
536048,0
536049,9
536050,0
536051,0
536052,8
536053,0
536054,0
536055,0
536056,0
536057,4
536058,0
536059,0
536060,0
536061,0
536062,0
536063,0
536064,0
536065,0
536066,16
536067,0
536068,0
536069,0
536070,0
536071,0
536072,21
536073,0
536074,0
536075,0
536076,0
536077,0
536078,0
536079,0
536080,0
536081,0
536082,0
536083,16
536084,0
536085,0
536086,0
536087,0
536088,0
536089,0
536090,0
536091,0
536092,0
536093,0
536094,0
536095,0
536096,0
536097,0
536098,0
536099,0
536100,0
536101,0
536102,0
536103,0
536104,0
536105,0
536106,0
536107,0
536108,0
536109,0
536110,16
536111,9
536112,0
536113,18
536114,0
536115,0
536116,0
536117,0
536118,0
536119,0
536120,16
536121,0
536122,0
536123,0
536124,0
536125,0
536126,0
536127,0
536128,0
536129,0
536130,0
536131,0
536132,0
536133,0
536134,0
536135,0
536136,0
536137,0
536138,10
536139,0
536140,28
536141,0
536142,0
536143,0
536144,0
536145,0
536146,0
536147,0
536148,0
536149,0
536150,0
536151,0
536152,22
536153,0
536154,0
536155,0
536156,34
536157,0
536158,17
536159,0
536160,10
536161,0
536162,11
536163,0
536164,0
536165,0
536166,0
536167,0
536168,21
536169,0
536170,0
536171,0
536172,0
536173,0
536174,0
536175,0
536176,0
536177,0
536178,0
536179,0
536180,0
536181,16
536182,0
536183,11
536184,0
536185,0
536186,0
536187,0
536188,0
536189,17
536190,0
536191,0
536192,0
536193,0
536194,0
536195,0
536196,0
536197,0
536198,0
536199,15
536200,0
536201,0
536202,0
536203,0
536204,22
536205,0
536206,0
536207,0
536208,0
536209,0
536210,0
536211,0
536212,0
536213,0
536214,0
536215,23
536216,0
536217,0
536218,0
536219,0
536220,0
536221,9
536222,0
536223,0
536224,0
536225,0
536226,0
536227,0
536228,0
536229,0
536230,0
536231,0
536232,0
536233,0
536234,0
536235,16
536236,0
536237,24
536238,0
536239,0
536240,0
536241,0
536242,20
536243,0
536244,17
536245,25
536246,0
536247,0
536248,0
536249,0
536250,0
536251,0
536252,0
536253,0
536254,0
536255,0
536256,0
536257,0
536258,0
536259,0
536260,0
536261,19
536262,22
536263,20
536264,0
536265,0
536266,0
536267,0
536268,20
536269,0
536270,21
536271,14
536272,0
536273,0
536274,0
536275,0
536276,0
536277,0
536278,0
536279,0
536280,13
536281,0
536282,0
536283,0
536284,0
536285,0
536286,0
536287,19
536288,0
536289,25
536290,25
536291,0
536292,0
536293,0
536294,0
536295,0
536296,0
536297,27
536298,0
536299,0
536300,0
536301,0
536302,0
536303,0
536304,0
536305,0
536306,0
536307,0
536308,0
536309,13
536310,0
536311,0
536312,0
536313,0
536314,0
536315,0
536316,0
536317,0
536318,0
536319,20
536320,17
536321,19
536322,0
536323,0
536324,20
536325,19
536326,23
536327,9
536328,0
536329,0
536330,0
536331,0
536332,0
536333,0
536334,0
536335,0
536336,0
536337,0
536338,0
536339,0
536340,0
536341,0
536342,0
536343,0
536344,0
536345,15
536346,0
536347,18
536348,0
536349,0
536350,0
536351,0
536352,0
536353,0
536354,0
536355,0
536356,0
536357,0
536358,49
536359,0
536360,0
536361,0
536362,0
536363,0
536364,0
536365,0
536366,0
536367,0
536368,0
536369,46
536370,0
536371,0
536372,35
536373,0
536374,0
536375,31
536376,0
536377,0
536378,0
536379,0
536380,0
536381,46
536382,0
536383,0
536384,0
536385,0
536386,0
536387,0
536388,0
536389,0
536390,0
536391,0
536392,0
536393,0
536394,0
536395,20
536396,43
536397,0
536398,0
536399,0
536400,0
536401,0
536402,43
536403,0
536404,0
536405,0
536406,0
536407,48
536408,35
536409,0
536410,0
536411,0
536412,0
536413,36
536414,0
536415,55
536416,0
536417,0
536418,0
536419,0
536420,41
536421,0
536422,0
536423,0
536424,0
536425,0
536426,0
536427,27
536428,0
536429,0
536430,37
536431,31
536432,0
536433,0
536434,41
536435,0
536436,24
536437,0
536438,30
536439,0
536440,0
536441,0
536442,0
536443,44
536444,0
536445,0
536446,0
536447,0
536448,0
536449,0
536450,31
536451,0
536452,0
536453,0
536454,0
536455,0
536456,28
536457,0
536458,0
536459,0
536460,0
536461,0
536462,0
536463,53
536464,31
536465,0
536466,0
536467,0
536468,0
536469,0
536470,0
536471,0
536472,0
536473,0
536474,33
536475,0
536476,38
536477,0
536478,0
536479,0
536480,0
536481,0
536482,33
536483,0
536484,36
536485,0
536486,0
536487,21
536488,0
536489,48
536490,0
536491,0
536492,0
536493,0
536494,0
536495,0
536496,0
536497,0
536498,0
536499,0
536500,0
536501,31
536502,0
536503,39
536504,0
536505,0
536506,36
536507,39
536508,0
536509,0
536510,0
536511,0
536512,0
536513,0
536514,0
536515,0
536516,0
536517,0
536518,0
536519,50
536520,31
536521,0
536522,19
536523,0
536524,0
536525,0
536526,0
536527,0
536528,27
536529,0
536530,23
536531,0
536532,0
536533,0
536534,0
536535,0
536536,44
536537,24
536538,32
536539,28
536540,0
536541,0
536542,0
536543,0
536544,0
536545,28
536546,0
536547,0
536548,0
536549,0
536550,0
536551,0
536552,0
536553,40
536554,0
536555,0
536556,36
536557,0
536558,0
536559,0
536560,0
536561,0
536562,0
536563,26
536564,0
536565,59
536566,0
536567,24
536568,35
536569,0
536570,0
536571,0
536572,0
536573,41
536574,44
536575,0
536576,0
536577,0
536578,0
536579,0
536580,0
536581,0
536582,41
536583,0
536584,0
536585,0
536586,0
536587,0
536588,39
536589,0
536590,0
536591,0
536592,0
536593,0
536594,28
536595,0
536596,51
536597,0
536598,0
536599,0
536600,0
536601,0
536602,0
536603,0
536604,0
536605,0
536606,0
536607,0
536608,0
536609,0
536610,0
536611,0
536612,0
536613,0
536614,0
536615,0
536616,0
536617,0
536618,40
536619,0
536620,0
536621,37
536622,0
536623,30
536624,0
536625,0
536626,0
536627,0
536628,0
536629,0
536630,0
536631,37
536632,37
536633,34
536634,0
536635,0
536636,0
536637,0
536638,0
536639,48
536640,0
536641,0
536642,0
536643,0
536644,24
536645,0
536646,0
536647,0
536648,0
536649,0
536650,19
536651,0
536652,0
536653,0
536654,0
536655,0
536656,0
536657,0
536658,23
536659,0
536660,0
536661,44
536662,63
536663,0
536664,0
536665,29
536666,0
536667,0
536668,0
536669,0
536670,0
536671,0
536672,0
536673,0
536674,27
536675,0
536676,0
536677,0
536678,0
536679,0
536680,0
536681,19
536682,35
536683,0
536684,49
536685,0
536686,0
536687,26
536688,42
536689,29
536690,50
536691,47
536692,0
536693,0
536694,0
536695,0
536696,0
536697,0
536698,0
536699,0
536700,0
536701,0
536702,0
536703,0
536704,0
536705,0
536706,0
536707,45
536708,0
536709,41
536710,0
536711,0
536712,40
536713,0
536714,0
536715,0
536716,0
536717,0
536718,0
536719,0
536720,0
536721,0
536722,0
536723,27
536724,0
536725,0
536726,0
536727,0
536728,36
536729,0
536730,0
536731,28
536732,33
536733,0
536734,0
536735,0
536736,0
536737,0
536738,0
536739,32
536740,0
536741,0
536742,0
536743,0
536744,0
536745,0
536746,0
536747,29
536748,0
536749,38
536750,0
536751,0
536752,29
536753,0
536754,0
536755,0
536756,38
536757,0
536758,52
536759,0
536760,0
536761,0
536762,0
536763,0
536764,0
536765,0
536766,0
536767,0
536768,0
536769,0
536770,0
536771,0
536772,44
536773,0
536774,0
536775,0
536776,0
536777,41
536778,34
536779,0
536780,0
536781,26
536782,36
536783,0
536784,0
536785,0
536786,0
536787,41
536788,0
536789,0
536790,0
536791,20
536792,0
536793,31
536794,0
536795,0
536796,0
536797,0
536798,0
536799,0
536800,0
536801,43
536802,0
536803,0
536804,0
536805,0
536806,0
536807,36
536808,0
536809,35
536810,0
536811,0
536812,0
536813,0
536814,38
536815,0
536816,0
536817,36
536818,0
536819,0
536820,53
536821,0
536822,0
536823,30
536824,34
536825,0
536826,50
536827,0
536828,44
536829,0
536830,0
536831,0
536832,0
536833,0
536834,0
536835,0
536836,0
536837,0
536838,0
536839,29
536840,0
536841,0
536842,0
536843,0
536844,0
536845,0
536846,0
536847,0
536848,0
536849,0
536850,0
536851,0
536852,0
536853,0
536854,46
536855,0
536856,0
536857,0
536858,0
536859,0
536860,0
536861,0
536862,0
536863,0
536864,0
536865,0
536866,0
536867,0
536868,0
536869,21
536870,0
536871,64
536872,0
536873,0
536874,29
536875,0
536876,52
536877,47
536878,41
536879,0
536880,31
536881,44
536882,0
536883,0
536884,49
536885,0
536886,0
536887,0
536888,0
536889,23
536890,0
536891,0
536892,0
536893,0
536894,0
536895,0
536896,0
536897,26
536898,0
536899,0
536900,0
536901,0
536902,0
536903,0
536904,0
536905,0
536906,0
536907,35
536908,0
536909,0
536910,0
536911,21
536912,46
536913,0
536914,0
536915,0
536916,0
536917,38
536918,0
536919,0
536920,0
536921,0
536922,0
536923,0
536924,0
536925,50
536926,0
536927,56
536928,40
536929,0
536930,25
536931,0
536932,0
536933,0
536934,0
536935,0
536936,27
536937,0
536938,0
536939,23
536940,0
536941,0
536942,42
536943,0
536944,0
536945,0
536946,0
536947,25
536948,0
536949,0
536950,0
536951,43
536952,0
536953,0
536954,0
536955,0
536956,0
536957,0
536958,49
536959,0
536960,0
536961,0
536962,0
536963,28
536964,39
536965,0
536966,0
536967,0
536968,0
536969,0
536970,0
536971,0
536972,0
536973,0
536974,0
536975,0
536976,0
536977,0
536978,0
536979,0
536980,51
536981,0
536982,26
536983,0
536984,0
536985,0
536986,0
536987,0
536988,0
536989,0
536990,0
536991,0
536992,0
536993,0
536994,0
536995,0
536996,0
536997,0
536998,0
536999,0
537000,0
537001,45
537002,0
537003,27
537004,0
537005,0
537006,0
537007,0
537008,0
537009,0
537010,0
537011,0
537012,0
537013,0
537014,0
537015,0
537016,0
537017,0
537018,0
537019,36
537020,0
537021,38
537022,34
537023,27
537024,0
537025,0
537026,0
537027,0
537028,0
537029,0
537030,0
537031,0
537032,0
537033,0
537034,0
537035,0
537036,0
537037,22
537038,0
537039,0
537040,0
537041,0
537042,0
537043,0
537044,0
537045,0
537046,0
537047,0
537048,0
537049,0
537050,26
537051,0
537052,0
537053,38
537054,0
537055,0
537056,0
537057,49
537058,0
537059,0
537060,0
537061,0
537062,0
537063,0
537064,0
537065,46
537066,0
537067,0
537068,0
537069,0
537070,0
537071,0
537072,0
537073,0
537074,29
537075,0
537076,0
537077,54
537078,37
537079,0
537080,0
537081,0
537082,0
537083,42
537084,0
537085,0
537086,0
537087,0
537088,38
537089,32
537090,0
537091,0
537092,0
537093,0
537094,0
537095,0
537096,0
537097,0
537098,0
537099,26
537100,32
537101,25
537102,0
537103,0
537104,0
537105,0
537106,0
537107,0
537108,0
537109,0
537110,0
537111,0
537112,30
537113,37
537114,51
537115,0
537116,0
537117,0
537118,0
537119,0
537120,0
537121,0
537122,0
537123,0
537124,0
537125,0
537126,0
537127,0
537128,0
537129,0
537130,0
537131,0
537132,0
537133,0
537134,30
537135,0
537136,0
537137,0
537138,0
537139,0
537140,0
537141,33
537142,0
537143,0
537144,0
537145,0
537146,0
537147,0
537148,0
537149,0
537150,39
537151,0
537152,0
537153,0
537154,0
537155,0
537156,0
537157,0
537158,0
537159,0
537160,42
537161,0
537162,28
537163,0
537164,0
537165,0
537166,0
537167,0
537168,0
537169,31
537170,0
537171,40
537172,0
537173,0
537174,0
537175,0
537176,0
537177,40
537178,0
537179,0
537180,0
537181,0
537182,0
537183,0
537184,0
537185,0
537186,42
537187,34
537188,0
537189,0
537190,38
537191,0
537192,0
537193,0
537194,44
537195,0
537196,39
537197,31
537198,0
537199,27
537200,0
537201,0
537202,48
537203,42
537204,0
537205,0
537206,0
537207,0
537208,25
537209,33
537210,0
537211,0
537212,0
537213,0
537214,39
537215,45
537216,0
537217,34
537218,0
537219,0
537220,0
537221,0
537222,0
537223,0
537224,0
537225,0
537226,0
537227,0
537228,0
537229,35
537230,0
537231,0
537232,0
537233,0
537234,0
537235,0
537236,14
537237,0
537238,0
537239,47
537240,44
537241,0
537242,0
537243,0
537244,0
537245,0
537246,36
537247,0
537248,0
537249,0
537250,36
537251,0
537252,0
537253,0
537254,38
537255,37
537256,0
537257,0
537258,0
537259,0
537260,0
537261,0
537262,0
537263,0
537264,0
537265,0
537266,0
537267,0
537268,0
537269,0
537270,27
537271,0
537272,0
537273,0
537274,0
537275,0
537276,0
537277,0
537278,0
537279,0
537280,0
537281,0
537282,0
537283,0
537284,0
537285,0
537286,0
537287,0
537288,0
537289,0
537290,0
537291,0
537292,0
537293,0
537294,0
537295,0
537296,39
537297,0
537298,0
537299,0
537300,0
537301,0
537302,0
537303,0
537304,0
537305,33
537306,0
537307,0
537308,0
537309,52
537310,0
537311,0
537312,0
537313,0
537314,0
537315,37
537316,0
537317,0
537318,0
537319,0
537320,0
537321,0
537322,0
537323,0
537324,0
537325,0
537326,0
537327,0
537328,0
537329,0
537330,48
537331,0
537332,0
537333,0
537334,0
537335,47
537336,0
537337,0
537338,0
537339,0
537340,0
537341,0
537342,0
537343,0
537344,0
537345,0
537346,0
537347,0
537348,0
537349,0
537350,0
537351,46
537352,0
537353,0
537354,0
537355,39
537356,0
537357,0
537358,0
537359,0
537360,0
537361,0
537362,0
537363,0
537364,0
537365,0
537366,0
537367,0
537368,0
537369,0
537370,0
537371,0
537372,0
537373,0
537374,0
537375,0
537376,0
537377,0
537378,0
537379,0
537380,0
537381,0
537382,21
537383,0
537384,0
537385,0
537386,0
537387,37
537388,37
537389,0
537390,0
537391,0
537392,0
537393,0
537394,0
537395,0
537396,0
537397,0
537398,0
537399,0
537400,0
537401,0
537402,32
537403,0
537404,0
537405,0
537406,32
537407,0
537408,0
537409,0
537410,45
537411,0
537412,0
537413,0
537414,0
537415,0
537416,0
537417,0
537418,0
537419,23
537420,0
537421,0
537422,0
537423,0
537424,42
537425,0
537426,0
537427,0
537428,0
537429,0
537430,0
537431,0
537432,0
537433,41
537434,0
537435,46
537436,41
537437,0
537438,0
537439,0
537440,0
537441,23
537442,0
537443,0
537444,0
537445,17
537446,0
537447,0
537448,35
537449,0
537450,0
537451,0
537452,35
537453,48
537454,0
537455,0
537456,0
537457,0
537458,0
537459,0
537460,0
537461,47
537462,0
537463,0
537464,0
537465,0
537466,42
537467,0
537468,0
537469,33
537470,0
537471,0
537472,0
537473,0
537474,0
537475,0
537476,0
537477,0
537478,0
537479,32
537480,0
537481,0
537482,0
537483,25
537484,0
537485,0
537486,0
537487,0
537488,44
537489,0
537490,0
537491,0
537492,0
537493,0
537494,0
537495,0
537496,0
537497,0
537498,0
537499,0
537500,0
537501,47
537502,0
537503,0
537504,20
537505,27
537506,40
537507,0
537508,0
537509,0
537510,0
537511,0
537512,45
537513,0
537514,60
537515,0
537516,0
537517,0
537518,0
537519,0
537520,0
537521,0
537522,0
537523,0
537524,0
537525,0
537526,0
537527,54
537528,0
537529,0
537530,0
537531,0
537532,0
537533,0
537534,0
537535,0
537536,36
537537,0
537538,0
537539,0
537540,0
537541,0
537542,45
537543,0
537544,0
537545,35
537546,38
537547,0
537548,0
537549,0
537550,0
537551,0
537552,32
537553,0
537554,0
537555,0
537556,0
537557,0
537558,34
537559,38
537560,0
537561,0
537562,0
537563,53
537564,0
537565,35
537566,0
537567,0
537568,37
537569,0
537570,0
537571,30
537572,0
537573,0
537574,46
537575,0
537576,0
537577,0
537578,0
537579,29
537580,0
537581,0
537582,0
537583,0
537584,0
537585,0
537586,0
537587,41
537588,0
537589,0
537590,54
537591,0
537592,0
537593,0
537594,0
537595,0
537596,0
537597,0
537598,0
537599,0
537600,0
537601,0
537602,0
537603,0
537604,0
537605,0
537606,0
537607,0
537608,0
537609,0
537610,0
537611,0
537612,0
537613,0
537614,0
537615,0
537616,0
537617,0
537618,0
537619,40
537620,21
537621,0
537622,0
537623,0
537624,0
537625,0
537626,0
537627,0
537628,20
537629,0
537630,0
537631,38
537632,26
537633,47
537634,0
537635,0
537636,0
537637,0
537638,0
537639,0
537640,0
537641,0
537642,0
537643,0
537644,0
537645,0
537646,0
537647,42
537648,47
537649,0
537650,34
537651,0
537652,0
537653,0
537654,0
537655,0
537656,0
537657,0
537658,0
537659,0
537660,0
537661,0
537662,0
537663,0
537664,0
537665,0
537666,43
537667,0
537668,0
537669,0
537670,0
537671,0
537672,0
537673,0
537674,33
537675,0
537676,24
537677,0
537678,0
537679,0
537680,33
537681,0
537682,0
537683,39
537684,0
537685,0
537686,0
537687,0
537688,0
537689,43
537690,47
537691,18
537692,45
537693,0
537694,0
537695,0
537696,0
537697,21
537698,0
537699,42
537700,0
537701,0
537702,32
537703,0
537704,0
537705,0
537706,0
537707,35
537708,0
537709,31
537710,48
537711,0
537712,0
537713,0
537714,0
537715,0
537716,0
537717,0
537718,0
537719,0
537720,0
537721,47
537722,0
537723,0
537724,0
537725,0
537726,0
537727,0
537728,55
537729,0
537730,0
537731,0
537732,0
537733,37
537734,0
537735,0
537736,0
537737,35
537738,25
537739,32
537740,0
537741,0
537742,0
537743,0
537744,57
537745,0
537746,0
537747,0
537748,0
537749,30
537750,0
537751,0
537752,24
537753,0
537754,0
537755,0
537756,20
537757,0
537758,37
537759,0
537760,0
537761,29
537762,0
537763,0
537764,0
537765,0
537766,0
537767,0
537768,0
537769,0
537770,0
537771,0
537772,55
537773,28
537774,0
537775,0
537776,14
537777,0
537778,45
537779,0
537780,40
537781,0
537782,0
537783,0
537784,0
537785,0
537786,39
537787,0
537788,28
537789,0
537790,0
537791,0
537792,0
537793,0
537794,0
537795,0
537796,0
537797,0
537798,0
537799,0
537800,33
537801,35
537802,0
537803,0
537804,0
537805,0
537806,0
537807,0
537808,0
537809,26
537810,0
537811,32
537812,23
537813,0
537814,0
537815,0
537816,0
537817,60
537818,0
537819,0
537820,0
537821,0
537822,0
537823,0
537824,0
537825,0
537826,0
537827,0
537828,0
537829,0
537830,0
537831,0
537832,0
537833,0
537834,0
537835,0
537836,0
537837,58
537838,0
537839,30
537840,0
537841,0
537842,0
537843,34
537844,0
537845,0
537846,42
537847,0
537848,0
537849,0
537850,0
537851,0
537852,0
537853,0
537854,0
537855,0
537856,0
537857,30
537858,0
537859,0
537860,32
537861,0
537862,0
537863,0
537864,0
537865,0
537866,0
537867,0
537868,0
537869,0
537870,31
537871,0
537872,0
537873,0
537874,33
537875,0
537876,0
537877,30
537878,0
537879,36
537880,57
537881,0
537882,0
537883,25
537884,0
537885,0
537886,0
537887,18
537888,0
537889,0
537890,0
537891,0
537892,0
537893,0
537894,0
537895,0
537896,0
537897,0
537898,0
537899,0
537900,0
537901,0
537902,0
537903,0
537904,0
537905,27
537906,0
537907,0
537908,0
537909,0
537910,0
537911,30
537912,0
537913,0
537914,0
537915,0
537916,32
537917,47
537918,0
537919,0
537920,0
537921,0
537922,0
537923,0
537924,0
537925,0
537926,0
537927,40
537928,0
537929,0
537930,0
537931,0
537932,0
537933,0
537934,0
537935,0
537936,0
537937,0
537938,0
537939,17
537940,0
537941,0
537942,0
537943,0
537944,0
537945,0
537946,0
537947,0
537948,0
537949,0
537950,0
537951,0
537952,0
537953,34
537954,0
537955,0
537956,41
537957,25
537958,0
537959,30
537960,0
537961,0
537962,0
537963,0
537964,0
537965,0
537966,29
537967,0
537968,0
537969,19
537970,0
537971,0
537972,0
537973,0
537974,0
537975,48
537976,0
537977,45
537978,51
537979,48
537980,49
537981,0
537982,0
537983,0
537984,0
537985,0
537986,0
537987,0
537988,18
537989,36
537990,0
537991,48
537992,0
537993,0
537994,0
537995,0
537996,0
537997,18
537998,0
537999,27
538000,0
538001,0
538002,0
538003,0
538004,0
538005,38
538006,0
538007,0
538008,0
538009,0
538010,0
538011,0
538012,0
538013,27
538014,0
538015,0
538016,0
538017,0
538018,0
538019,0
538020,0
538021,32
538022,0
538023,0
538024,40
538025,0
538026,0
538027,0
538028,0
538029,0
538030,37
538031,0
538032,0
538033,0
538034,0
538035,0
538036,0
538037,0
538038,0
538039,0
538040,0
538041,0
538042,0
538043,0
538044,0
538045,0
538046,0
538047,0
538048,0
538049,0
538050,0
538051,0
538052,29
538053,30
538054,0
538055,0
538056,43
538057,0
538058,0
538059,38
538060,0
538061,0
538062,0
538063,0
538064,0
538065,0
538066,0
538067,0
538068,0
538069,32
538070,0
538071,0
538072,0
538073,0
538074,37
538075,0
538076,0
538077,0
538078,0
538079,0
538080,0
538081,40
538082,0
538083,34
538084,41
538085,0
538086,0
538087,0
538088,0
538089,0
538090,0
538091,0
538092,0
538093,33
538094,0
538095,0
538096,34
538097,0
538098,0
538099,0
538100,0
538101,38
538102,32
538103,0
538104,39
538105,22
538106,0
538107,42
538108,33
538109,0
538110,0
538111,0
538112,0
538113,0
538114,30
538115,0
538116,37
538117,0
538118,0
538119,27
538120,0
538121,48
538122,36
538123,0
538124,0
538125,0
538126,0
538127,29
538128,0
538129,30
538130,38
538131,0
538132,0
538133,0
538134,44
538135,0
538136,30
538137,0
538138,0
538139,26
538140,0
538141,0
538142,0
538143,0
538144,0
538145,0
538146,41
538147,0
538148,0
538149,15
538150,0
538151,28
538152,0
538153,42
538154,0
538155,0
538156,0
538157,21
538158,0
538159,0
538160,0
538161,36
538162,0
538163,0
538164,0
538165,17
538166,0
538167,0
538168,37
538169,0
538170,0
538171,34
538172,0
538173,0
538174,0
538175,0
538176,0
538177,0
538178,33
538179,0
538180,0
538181,0
538182,0
538183,0
538184,0
538185,0
538186,34
538187,0
538188,0
538189,31
538190,24
538191,37
538192,0
538193,0
538194,0
538195,19
538196,0
538197,31
538198,0
538199,36
538200,0
538201,0
538202,35
538203,33
538204,0
538205,0
538206,41
538207,26
538208,0
538209,0
538210,0
538211,21
538212,0
538213,0
538214,22
538215,0
538216,38
538217,0
538218,0
538219,39
538220,0
538221,0
538222,0
538223,0
538224,22
538225,0
538226,27
538227,0
538228,26
538229,27
538230,0
538231,0
538232,0
538233,0
538234,0
538235,0
538236,0
538237,0
538238,0
538239,0
538240,0
538241,31
538242,0
538243,0
538244,0
538245,0
538246,0
538247,0
538248,28
538249,0
538250,37
538251,39
538252,0
538253,32
538254,0
538255,32
538256,0
538257,23
538258,0
538259,0
538260,0
538261,0
538262,34
538263,0
538264,0
538265,0
538266,0
538267,33
538268,0
538269,0
538270,0
538271,0
538272,0
538273,0
538274,34
538275,0
538276,0
538277,0
538278,0
538279,26
538280,0
538281,0
538282,0
538283,0
538284,0
538285,0
538286,0
538287,35
538288,0
538289,0
538290,27
538291,33
538292,0
538293,0
538294,0
538295,0
538296,34
538297,0
538298,0
538299,0
538300,10
538301,0
538302,0
538303,0
538304,0
538305,39
538306,0
538307,32
538308,23
538309,0
538310,31
538311,0
538312,0
538313,0
538314,0
538315,0
538316,0
538317,16
538318,0
538319,0
538320,0
538321,35
538322,0
538323,0
538324,36
538325,0
538326,0
538327,0
538328,0
538329,0
538330,0
538331,0
538332,0
538333,26
538334,30
538335,20
538336,25
538337,0
538338,0
538339,0
538340,0
538341,0
538342,0
538343,0
538344,0
538345,0
538346,0
538347,0
538348,0
538349,0
538350,0
538351,0
538352,0
538353,0
538354,0
538355,31
538356,21
538357,0
538358,0
538359,33
538360,31
538361,0
538362,0
538363,0
538364,0
538365,0
538366,0
538367,29
538368,0
538369,0
538370,0
538371,42
538372,0
538373,0
538374,0
538375,0
538376,0
538377,0
538378,0
538379,34
538380,51
538381,0
538382,0
538383,33
538384,25
538385,25
538386,0
538387,0
538388,0
538389,0
538390,0
538391,0
538392,27
538393,0
538394,0
538395,0
538396,38
538397,0
538398,0
538399,0
538400,0
538401,0
538402,0
538403,43
538404,20
538405,0
538406,0
538407,28
538408,38
538409,29
538410,39
538411,0
538412,32
538413,0
538414,24
538415,0
538416,0
538417,0
538418,0
538419,0
538420,0
538421,0
538422,27
538423,29
538424,0
538425,0
538426,0
538427,0
538428,0
538429,0
538430,0
538431,0
538432,0
538433,0
538434,0
538435,0
538436,0
538437,0
538438,0
538439,0
538440,30
538441,0
538442,40
538443,0
538444,0
538445,0
538446,0
538447,0
538448,0
538449,33
538450,0
538451,0
538452,0
538453,0
538454,28
538455,0
538456,0
538457,0
538458,0
538459,0
538460,33
538461,0
538462,32
538463,0
538464,31
538465,0
538466,0
538467,32
538468,0
538469,0
538470,0
538471,0
538472,0
538473,0
538474,0
538475,0
538476,0
538477,0
538478,0
538479,0
538480,0
538481,0
538482,30
538483,31
538484,0
538485,32
538486,0
538487,45
538488,0
538489,0
538490,0
538491,0
538492,35
538493,0
538494,0
538495,29
538496,0
538497,0
538498,0
538499,0
538500,0
538501,0
538502,0
538503,0
538504,0
538505,0
538506,41
538507,0
538508,0
538509,0
538510,0
538511,0
538512,0
538513,0
538514,0
538515,0
538516,0
538517,25
538518,0
538519,0
538520,40
538521,24
538522,37
538523,0
538524,0
538525,0
538526,0
538527,0
538528,0
538529,27
538530,0
538531,28
538532,0
538533,0
538534,0
538535,0
538536,0
538537,0
538538,0
538539,0
538540,0
538541,0
538542,0
538543,0
538544,0
538545,0
538546,0
538547,0
538548,0
538549,0
538550,0
538551,47
538552,0
538553,0
538554,0
538555,0
538556,0
538557,0
538558,0
538559,0
538560,0
538561,27
538562,47
538563,22
538564,0
538565,0
538566,0
538567,0
538568,0
538569,0
538570,0
538571,36
538572,0
538573,31
538574,0
538575,23
538576,35
538577,0
538578,0
538579,0
538580,0
538581,0
538582,0
538583,0
538584,0
538585,0
538586,23
538587,0
538588,33
538589,0
538590,0
538591,0
538592,0
538593,0
538594,41
538595,0
538596,0
538597,0
538598,36
538599,0
538600,0
538601,0
538602,0
538603,0
538604,0
538605,0
538606,0
538607,0
538608,0
538609,0
538610,0
538611,0
538612,0
538613,0
538614,0
538615,28
538616,0
538617,25
538618,23
538619,0
538620,33
538621,0
538622,0
538623,38
538624,0
538625,0
538626,46
538627,0
538628,22
538629,45
538630,0
538631,0
538632,0
538633,0
538634,0
538635,0
538636,0
538637,35
538638,0
538639,0
538640,0
538641,0
538642,0
538643,0
538644,0
538645,0
538646,37
538647,0
538648,0
538649,0
538650,26
538651,0
538652,29
538653,39
538654,0
538655,0
538656,0
538657,0
538658,0
538659,0
538660,0
538661,0
538662,0
538663,0
538664,41
538665,38
538666,27
538667,0
538668,0
538669,36
538670,40
538671,0
538672,40
538673,44
538674,0
538675,0
538676,37
538677,0
538678,0
538679,0
538680,0
538681,0
538682,0
538683,0
538684,0
538685,26
538686,0
538687,0
538688,0
538689,0
538690,0
538691,34
538692,0
538693,38
538694,0
538695,0
538696,0
538697,0
538698,0
538699,34
538700,30
538701,0
538702,0
538703,0
538704,19
538705,0
538706,0
538707,0
538708,0
538709,0
538710,0
538711,33
538712,0
538713,0
538714,0
538715,0
538716,44
538717,0
538718,0
538719,0
538720,0
538721,0
538722,0
538723,0
538724,0
538725,33
538726,33
538727,0
538728,0
538729,25
538730,0
538731,0
538732,0
538733,45
538734,0
538735,0
538736,0
538737,0
538738,0
538739,0
538740,35
538741,34
538742,34
538743,25
538744,31
538745,0
538746,0
538747,0
538748,0
538749,0
538750,0
538751,33
538752,47
538753,22
538754,0
538755,0
538756,0
538757,0
538758,29
538759,0
538760,19
538761,26
538762,0
538763,0
538764,0
538765,35
538766,0
538767,0
538768,0
538769,0
538770,0
538771,0
538772,0
538773,28
538774,0
538775,0
538776,0
538777,37
538778,0
538779,0
538780,0
538781,42
538782,0
538783,0
538784,0
538785,0
538786,0
538787,0
538788,22
538789,0
538790,0
538791,33
538792,0
538793,0
538794,0
538795,0
538796,0
538797,17
538798,0
538799,47
538800,0
538801,0
538802,0
538803,0
538804,0
538805,0
538806,47
538807,33
538808,0
538809,0
538810,36
538811,0
538812,41
538813,36
538814,28
538815,0
538816,33
538817,0
538818,0
538819,0
538820,24
538821,0
538822,36
538823,0
538824,0
538825,0
538826,45
538827,46
538828,23
538829,0
538830,45
538831,0
538832,0
538833,43
538834,0
538835,0
538836,0
538837,0
538838,0
538839,0
538840,0
538841,0
538842,0
538843,0
538844,0
538845,0
538846,0
538847,0
538848,0
538849,0
538850,0
538851,32
538852,0
538853,0
538854,36
538855,0
538856,0
538857,45
538858,0
538859,0
538860,0
538861,0
538862,0
538863,0
538864,0
538865,0
538866,0
538867,0
538868,0
538869,0
538870,0
538871,0
538872,40
538873,0
538874,0
538875,0
538876,0
538877,0
538878,25
538879,42
538880,0
538881,0
538882,0
538883,0
538884,36
538885,0
538886,0
538887,0
538888,0
538889,0
538890,0
538891,0
538892,0
538893,0
538894,43
538895,0
538896,29
538897,0
538898,0
538899,31
538900,0
538901,30
538902,0
538903,0
538904,0
538905,0
538906,0
538907,0
538908,0
538909,0
538910,0
538911,0
538912,0
538913,0
538914,0
538915,0
538916,0
538917,0
538918,0
538919,0
538920,43
538921,37
538922,0
538923,0
538924,0
538925,0
538926,43
538927,46
538928,0
538929,0
538930,25
538931,0
538932,0
538933,0
538934,34
538935,0
538936,0
538937,0
538938,0
538939,0
538940,0
538941,0
538942,0
538943,0
538944,0
538945,0
538946,0
538947,0
538948,0
538949,0
538950,0
538951,0
538952,0
538953,0
538954,0
538955,0
538956,0
538957,0
538958,0
538959,0
538960,0
538961,0
538962,50
538963,0
538964,0
538965,0
538966,0
538967,0
538968,0
538969,0
538970,0
538971,0
538972,0
538973,35
538974,0
538975,0
538976,46
538977,0
538978,0
538979,0
538980,36
538981,42
538982,0
538983,0
538984,0
538985,0
538986,0
538987,0
538988,0
538989,33
538990,39
538991,0
538992,0
538993,0
538994,0
538995,0
538996,0
538997,0
538998,0
538999,0
539000,0
539001,0
539002,0
539003,31
539004,0
539005,0
539006,0
539007,0
539008,0
539009,0
539010,51
539011,0
539012,0
539013,0
539014,0
539015,0
539016,0
539017,0
539018,0
539019,0
539020,0
539021,0
539022,43
539023,0
539024,59
539025,43
539026,0
539027,26
539028,0
539029,0
539030,0
539031,28
539032,42
539033,0
539034,0
539035,0
539036,0
539037,0
539038,0
539039,0
539040,0
539041,0
539042,35
539043,31
539044,0
539045,0
539046,0
539047,41
539048,0
539049,0
539050,0
539051,0
539052,0
539053,0
539054,0
539055,37
539056,0
539057,33
539058,0
539059,0
539060,0
539061,35
539062,0
539063,0
539064,38
539065,0
539066,0
539067,31
539068,0
539069,44
539070,0
539071,0
539072,0
539073,0
539074,0
539075,0
539076,51
539077,0
539078,0
539079,0
539080,49
539081,0
539082,0
539083,0
539084,0
539085,0
539086,0
539087,0
539088,0
539089,0
539090,0
539091,0
539092,32
539093,0
539094,0
539095,0
539096,0
539097,33
539098,58
539099,0
539100,0
539101,0
539102,0
539103,0
539104,29
539105,40
539106,0
539107,36
539108,0
539109,0
539110,42
539111,0
539112,0
539113,0
539114,0
539115,0
539116,0
539117,0
539118,0
539119,0
539120,0
539121,0
539122,0
539123,0
539124,0
539125,0
539126,0
539127,0
539128,0
539129,0
539130,0
539131,40
539132,0
539133,0
539134,0
539135,0
539136,0
539137,0
539138,0
539139,0
539140,0
539141,0
539142,0
539143,0
539144,0
539145,0
539146,0
539147,0
539148,0
539149,0
539150,0
539151,0
539152,0
539153,0
539154,40
539155,0
539156,0
539157,0
539158,0
539159,0
539160,0
539161,0
539162,0
539163,0
539164,0
539165,0
539166,0
539167,0
539168,0
539169,0
539170,0
539171,19
539172,0
539173,0
539174,0
539175,0
539176,34
539177,0
539178,0
539179,0
539180,0
539181,0
539182,0
539183,0
539184,0
539185,0
539186,0
539187,0
539188,0
539189,0
539190,38
539191,0
539192,39
539193,0
539194,0
539195,0
539196,0
539197,0
539198,0
539199,0
539200,0
539201,0
539202,0
539203,0
539204,58
539205,0
539206,49
539207,0
539208,0
539209,0
539210,0
539211,0
539212,0
539213,0
539214,0
539215,0
539216,0
539217,0
539218,0
539219,0
539220,0
539221,0
539222,0
539223,0
539224,37
539225,0
539226,0
539227,0
539228,0
539229,0
539230,0
539231,0
539232,0
539233,0
539234,0
539235,0
539236,0
539237,0
539238,0
539239,0
539240,47
539241,0
539242,0
539243,0
539244,0
539245,38
539246,0
539247,0
539248,0
539249,52
539250,0
539251,0
539252,0
539253,0
539254,0
539255,0
539256,0
539257,0
539258,0
539259,0
539260,0
539261,0
539262,0
539263,0
539264,0
539265,0
539266,0
539267,0
539268,0
539269,0
539270,0
539271,0
539272,0
539273,0
539274,0
539275,0
539276,0
539277,0
539278,0
539279,0
539280,0
539281,0
539282,0
539283,0
539284,12
539285,0
539286,0
539287,0
539288,0
539289,0
539290,0
539291,0
539292,0
539293,0
539294,0
539295,0
539296,0
539297,0
539298,0
539299,0
539300,0
539301,0
539302,0
539303,0
539304,0
539305,0
539306,0
539307,0
539308,0
539309,0
539310,0
539311,0
539312,49
539313,0
539314,0
539315,0
539316,0
539317,0
539318,47
539319,0
539320,0
539321,0
539322,0
539323,0
539324,0
539325,0
539326,0
539327,0
539328,0
539329,0
539330,0
539331,0
539332,0
539333,0
539334,0
539335,0
539336,0
539337,36
539338,0
539339,0
539340,0
539341,0
539342,0
539343,0
539344,0
539345,0
539346,0
539347,20
539348,0
539349,0
539350,0
539351,0
539352,0
539353,0
539354,0
539355,0
539356,0
539357,0
539358,0
539359,0
539360,0
539361,0
539362,31
539363,0
539364,0
539365,0
539366,0
539367,0
539368,0
539369,0
539370,0
539371,0
539372,0
539373,0
539374,0
539375,0
539376,0
539377,0
539378,0
539379,0
539380,0
539381,42
539382,0
539383,0
539384,0
539385,0
539386,0
539387,0
539388,0
539389,0
539390,0
539391,0
539392,0
539393,0
539394,0
539395,0
539396,0
539397,0
539398,22
539399,21
539400,37
539401,0
539402,0
539403,0
539404,0
539405,50
539406,0
539407,0
539408,0
539409,0
539410,0
539411,0
539412,0
539413,42
539414,0
539415,0
539416,0
539417,0
539418,0
539419,0
539420,0
539421,28
539422,0
539423,0
539424,0
539425,0
539426,40
539427,0
539428,32
539429,0
539430,0
539431,0
539432,0
539433,0
539434,0
539435,0
539436,30
539437,0
539438,0
539439,0
539440,0
539441,0
539442,0
539443,0
539444,0
539445,0
539446,0
539447,37
539448,0
539449,0
539450,0
539451,0
539452,0
539453,0
539454,0
539455,30
539456,0
539457,0
539458,0
539459,0
539460,0
539461,0
539462,0
539463,0
539464,0
539465,0
539466,0
539467,18
539468,0
539469,0
539470,0
539471,0
539472,0
539473,0
539474,0
539475,0
539476,0
539477,0
539478,0
539479,0
539480,0
539481,0
539482,0
539483,0
539484,0
539485,0
539486,0
539487,0
539488,0
539489,0
539490,0
539491,0
539492,0
539493,0
539494,0
539495,0
539496,0
539497,0
539498,0
539499,19
539500,0
539501,0
539502,0
539503,0
539504,0
539505,0
539506,48
539507,0
539508,0
539509,0
539510,0
539511,0
539512,0
539513,0
539514,0
539515,0
539516,0
539517,0
539518,0
539519,0
539520,0
539521,0
539522,0
539523,0
539524,0
539525,0
539526,0
539527,0
539528,0
539529,0
539530,0
539531,0
539532,0
539533,0
539534,0
539535,0
539536,0
539537,0
539538,0
539539,35
539540,0
539541,0
539542,0
539543,0
539544,0
539545,0
539546,0
539547,56
539548,0
539549,0
539550,0
539551,0
539552,0
539553,0
539554,0
539555,0
539556,0
539557,0
539558,0
539559,0
539560,0
539561,0
539562,0
539563,0
539564,0
539565,0
539566,14
539567,0
539568,0
539569,0
539570,0
539571,0
539572,0
539573,0
539574,0
539575,0
539576,0
539577,0
539578,0
539579,0
539580,0
539581,0
539582,0
539583,0
539584,0
539585,0
539586,0
539587,0
539588,0
539589,0
539590,0
539591,0
539592,0
539593,0
539594,0
539595,0
539596,0
539597,0
539598,0
539599,48
539600,0
539601,0
539602,0
539603,0
539604,0
539605,0
539606,0
539607,0
539608,0
539609,0
539610,0
539611,0
539612,0
539613,0
539614,0
539615,0
539616,0
539617,0
539618,0
539619,0
539620,0
539621,0
539622,0
539623,0
539624,0
539625,0
539626,0
539627,0
539628,0
539629,0
539630,31
539631,0
539632,0
539633,0
539634,0
539635,0
539636,0
539637,0
539638,0
539639,0
539640,0
539641,0
539642,0
539643,0
539644,0
539645,0
539646,0
539647,0
539648,0
539649,36
539650,0
539651,0
539652,0
539653,0
539654,0
539655,0
539656,0
539657,0
539658,87
539659,0
539660,0
539661,0
539662,0
539663,0
539664,0
539665,0
539666,0
539667,0
539668,0
539669,0
539670,0
539671,0
539672,0
539673,0
539674,0
539675,0
539676,0
539677,0
539678,0
539679,0
539680,0
539681,0
539682,0
539683,0
539684,0
539685,0
539686,0
539687,0
539688,0
539689,0
539690,0
539691,0
539692,0
539693,0
539694,0
539695,0
539696,0
539697,0
539698,0
539699,0
539700,42
539701,0
539702,0
539703,0
539704,47
539705,0
539706,0
539707,0
539708,0
539709,0
539710,0
539711,0
539712,0
539713,0
539714,0
539715,0
539716,0
539717,0
539718,0
539719,41
539720,0
539721,0
539722,0
539723,0
539724,43
539725,0
539726,0
539727,0
539728,0
539729,0
539730,0
539731,0
539732,0
539733,0
539734,0
539735,0
539736,0
539737,0
539738,0
539739,31
539740,0
539741,0
539742,0
539743,0
539744,0
539745,0
539746,0
539747,0
539748,0
539749,0
539750,33
539751,0
539752,0
539753,30
539754,0
539755,0
539756,0
539757,0
539758,15
539759,0
539760,0
539761,0
539762,0
539763,0
539764,0
539765,0
539766,29
539767,0
539768,0
539769,0
539770,0
539771,0
539772,0
539773,0
539774,0
539775,0
539776,0
539777,0
539778,82
539779,0
539780,0
539781,0
539782,0
539783,0
539784,31
539785,0
539786,35
539787,0
539788,0
539789,0
539790,0
539791,0
539792,39
539793,0
539794,0
539795,0
539796,0
539797,0
539798,0
539799,0
539800,0
539801,0
539802,0
539803,36
539804,0
539805,0
539806,0
539807,0
539808,0
539809,0
539810,0
539811,0
539812,0
539813,0
539814,0
539815,0
539816,0
539817,0
539818,15
539819,0
539820,0
539821,0
539822,0
539823,15
539824,0
539825,0
539826,0
539827,0
539828,0
539829,0
539830,0
539831,0
539832,0
539833,0
539834,0
539835,0
539836,0
539837,0
539838,0
539839,0
539840,0
539841,0
539842,0
539843,0
539844,0
539845,0
539846,0
539847,0
539848,0
539849,0
539850,0
539851,0
539852,0
539853,0
539854,0
539855,0
539856,0
539857,0
539858,0
539859,0
539860,34
539861,0
539862,0
539863,0
539864,0
539865,0
539866,0
539867,0
539868,0
539869,0
539870,41
539871,0
539872,0
539873,0
539874,20
539875,0
539876,0
539877,0
539878,0
539879,0
539880,0
539881,0
539882,0
539883,0
539884,0
539885,0
539886,0
539887,0
539888,0
539889,0
539890,0
539891,0
539892,28
539893,0
539894,0
539895,0
539896,0
539897,0
539898,0
539899,0
539900,0
539901,0
539902,0
539903,0
539904,0
539905,0
539906,0
539907,0
539908,0
539909,0
539910,0
539911,0
539912,0
539913,0
539914,0
539915,0
539916,0
539917,0
539918,0
539919,0
539920,0
539921,0
539922,0
539923,0
539924,0
539925,0
539926,0
539927,0
539928,0
539929,0
539930,0
539931,0
539932,0
539933,43
539934,0
539935,46
539936,0
539937,0
539938,47
539939,0
539940,0
539941,0
539942,0
539943,0
539944,0
539945,0
539946,0
539947,0
539948,0
539949,0
539950,0
539951,0
539952,0
539953,0
539954,0
539955,0
539956,0
539957,0
539958,0
539959,0
539960,0
539961,0
539962,48
539963,0
539964,0
539965,0
539966,0
539967,0
539968,0
539969,0
539970,0
539971,0
539972,0
539973,0
539974,0
539975,0
539976,0
539977,0
539978,0
539979,0
539980,0
539981,0
539982,41
539983,0
539984,0
539985,0
539986,39
539987,0
539988,0
539989,0
539990,0
539991,0
539992,0
539993,0
539994,0
539995,0
539996,0
539997,0
539998,0
539999,0
540000,0
540001,40
540002,0
540003,0
540004,60
540005,0
540006,0
540007,0
540008,0
540009,0
540010,0
540011,0
540012,0
540013,0
540014,0
540015,0
540016,0
540017,0
540018,0
540019,0
540020,0
540021,0
540022,0
540023,0
540024,0
540025,0
540026,0
540027,0
540028,0
540029,0
540030,0
540031,0
540032,0
540033,0
540034,0
540035,0
540036,0
540037,0
540038,0
540039,0
540040,0
540041,47
540042,0
540043,0
540044,0
540045,0
540046,0
540047,0
540048,0
540049,0
540050,0
540051,0
540052,0
540053,0
540054,0
540055,0
540056,0
540057,0
540058,0
540059,0
540060,0
540061,0
540062,0
540063,0
540064,0
540065,0
540066,5
540067,0
540068,0
540069,1
540070,16
540071,0
540072,0
540073,0
540074,0
540075,0
540076,0
540077,0
540078,0
540079,0
540080,0
540081,0
540082,0
540083,0
540084,0
540085,0
540086,0
540087,15
540088,0
540089,0
540090,0
540091,0
540092,0
540093,0
540094,0
540095,0
540096,0
540097,0
540098,0
540099,0
540100,9
540101,0
540102,0
540103,0
540104,0
540105,0
540106,6
540107,0
540108,0
540109,0
540110,2
540111,0
540112,0
540113,0
540114,0
540115,0
540116,0
540117,0
540118,0
540119,0
540120,0
540121,0
540122,0
540123,0
540124,0
540125,0
540126,0
540127,0
540128,0
540129,0
540130,0
540131,0
540132,0
540133,0
540134,0
540135,0
540136,0
540137,0
540138,0
540139,0
540140,0
540141,0
540142,0
540143,0
540144,0
540145,0
540146,0
540147,0
540148,0
540149,0
540150,0
540151,3
540152,0
540153,0
540154,0
540155,0
540156,0
540157,0
540158,0
540159,0
540160,0
540161,0
540162,0
540163,0
540164,0
540165,0
540166,0
540167,0
540168,0
540169,0
540170,0
540171,1
540172,0
540173,0
540174,7
540175,0
540176,0
540177,0
540178,0
540179,0
540180,0
540181,11
540182,0
540183,0
540184,0
540185,0
540186,0
540187,0
540188,0
540189,0
540190,0
540191,0
540192,0
540193,0
540194,0
540195,0
540196,0
540197,0
540198,4
540199,0
540200,0
540201,0
540202,0
540203,0
540204,0
540205,11
540206,0
540207,0
540208,0
540209,0
540210,0
540211,0
540212,0
540213,7
540214,0
540215,0
540216,0
540217,0
540218,0
540219,0
540220,0
540221,0
540222,0
540223,0
540224,0
540225,0
540226,0
540227,0
540228,0
540229,0
540230,0
540231,0
540232,0
540233,0
540234,0
540235,7
540236,0
540237,0
540238,0
540239,0
540240,0
540241,0
540242,0
540243,0
540244,2
540245,0
540246,0
540247,0
540248,0
540249,0
540250,0
540251,0
540252,0
540253,0
540254,0
540255,0
540256,0
540257,0
540258,0
540259,0
540260,0
540261,0
540262,0
540263,0
540264,0
540265,0
540266,0
540267,1
540268,0
540269,0
540270,0
540271,0
540272,0
540273,0
540274,0
540275,0
540276,0
540277,0
540278,0
540279,0
540280,0
540281,0
540282,0
540283,1
540284,0
540285,0
540286,0
540287,0
540288,0
540289,0
540290,0
540291,0
540292,2
540293,0
540294,0
540295,0
540296,0
540297,0
540298,0
540299,2
540300,1
540301,0
540302,0
540303,0
540304,0
540305,0
540306,1
540307,0
540308,0
540309,0
540310,0
540311,1
540312,0
540313,0
540314,0
540315,0
540316,0
540317,0
540318,0
540319,0
540320,0
540321,0
540322,0
540323,0
540324,0
540325,0
540326,0
540327,0
540328,0
540329,0
540330,0
540331,0
540332,1
540333,0
540334,0
540335,0
540336,0
540337,0
540338,0
540339,0
540340,0
540341,0
540342,3
540343,0
540344,0
540345,0
540346,0
540347,0
540348,0
540349,0
540350,0
540351,0
540352,0
540353,0
540354,0
540355,0
540356,0
540357,0
540358,0
540359,0
540360,2
540361,0
540362,0
540363,0
540364,0
540365,0
540366,0
540367,0
540368,0
540369,0
540370,0
540371,0
540372,0
540373,0
540374,0
540375,0
540376,1
540377,0
540378,0
540379,1
540380,0
540381,0
540382,0
540383,0
540384,0
540385,0
540386,0
540387,0
540388,0
540389,0
540390,1
540391,0
540392,0
540393,0
540394,0
540395,0
540396,0
540397,0
540398,0
540399,0
540400,0
540401,0
540402,0
540403,0
540404,0
540405,0
540406,0
540407,2
540408,0
540409,0
540410,0
540411,0
540412,0
540413,0
540414,0
540415,0
540416,0
540417,0
540418,0
540419,0
540420,0
540421,0
540422,0
540423,0
540424,0
540425,0
540426,0
540427,0
540428,1
540429,0
540430,0
540431,0
540432,0
540433,0
540434,0
540435,0
540436,0
540437,0
540438,0
540439,0
540440,0
540441,0
540442,0
540443,0
540444,0
540445,0
540446,0
540447,0
540448,0
540449,0
540450,0
540451,0
540452,0
540453,0
540454,0
540455,0
540456,0
540457,0
540458,0
540459,0
540460,0
540461,0
540462,0
540463,0
540464,0
540465,0
540466,0
540467,0
540468,0
540469,0
540470,0
540471,0
540472,0
540473,0
540474,0
540475,0
540476,0
540477,0
540478,0
540479,0
540480,0
540481,0
540482,0
540483,0
540484,0
540485,0
540486,1
540487,0
540488,0
540489,0
540490,0
540491,0
540492,0
540493,0
540494,2
540495,0
540496,1
540497,1
540498,1
540499,0
540500,0
540501,0
540502,0
540503,0
540504,1
540505,0
540506,0
540507,0
540508,0
540509,1
540510,0
540511,0
540512,0
540513,0
540514,0
540515,0
540516,0
540517,0
540518,0
540519,0
540520,0
540521,0
540522,1
540523,0
540524,0
540525,0
540526,0
540527,0
540528,0
540529,0
540530,0
540531,0
540532,0
540533,0
540534,0
540535,0
540536,0
540537,0
540538,0
540539,0
540540,0
540541,0
540542,0
540543,0
540544,0
540545,0
540546,0
540547,0
540548,0
540549,0
540550,0
540551,0
540552,1
540553,0
540554,0
540555,0
540556,0
540557,0
540558,0
540559,0
540560,0
540561,0
540562,0
540563,0
540564,0
540565,0
540566,0
540567,0
540568,0
540569,0
540570,0
540571,0
540572,0
540573,0
540574,0
540575,0
540576,1
540577,0
540578,0
540579,0
540580,0
540581,0
540582,0
540583,0
540584,0
540585,0
540586,0
540587,0
540588,0
540589,0
540590,2
540591,0
540592,0
540593,0
540594,0
540595,0
540596,0
540597,0
540598,0
540599,0
540600,0
540601,0
540602,0
540603,0
540604,0
540605,0
540606,0
540607,0
540608,0
540609,0
540610,0
540611,0
540612,0
540613,0
540614,0
540615,0
540616,0
540617,0
540618,1
540619,0
540620,0
540621,0
540622,0
540623,0
540624,0
540625,0
540626,0
540627,0
540628,0
540629,2
540630,0
540631,0
540632,0
540633,0
540634,0
540635,0
540636,2
540637,0
540638,3
540639,0
540640,0
540641,0
540642,0
540643,0
540644,0
540645,0
540646,0
540647,0
540648,0
540649,0
540650,0
540651,0
540652,0
540653,0
540654,0
540655,0
540656,0
540657,0
540658,0
540659,0
540660,0
540661,0
540662,0
540663,0
540664,0
540665,0
540666,0
540667,0
540668,0
540669,0
540670,0
540671,0
540672,0
540673,0
540674,0
540675,0
540676,0
540677,0
540678,0
540679,0
540680,0
540681,0
540682,0
540683,0
540684,0
540685,0
540686,0
540687,0
540688,0
540689,0
540690,0
540691,0
540692,0
540693,0
540694,0
540695,0
540696,0
540697,0
540698,0
540699,0
540700,0
540701,0
540702,0
540703,0
540704,0
540705,13
540706,0
540707,6
540708,0
540709,0
540710,0
540711,0
540712,0
540713,0
540714,0
540715,0
540716,0
540717,0
540718,7
540719,0
540720,4
540721,0
540722,0
540723,0
540724,0
540725,16
540726,0
540727,0
540728,0
540729,0
540730,0
540731,11
540732,0
540733,0
540734,0
540735,0
540736,17
540737,0
540738,0
540739,0
540740,0
540741,0
540742,0
540743,0
540744,5
540745,0
540746,8
540747,0
540748,0
540749,0
540750,0
540751,0
540752,0
540753,0
540754,0
540755,0
540756,0
540757,0
540758,0
540759,0
540760,0
540761,0
540762,0
540763,11
540764,0
540765,0
540766,0
540767,0
540768,0
540769,0
540770,0
540771,0
540772,0
540773,0
540774,0
540775,0
540776,0
540777,0
540778,0
540779,0
540780,0
540781,0
540782,0
540783,0
540784,0
540785,0
540786,8
540787,0
540788,11
540789,0
540790,0
540791,0
540792,0
540793,10
540794,0
540795,0
540796,0
540797,7
540798,0
540799,0
540800,0
540801,0
540802,0
540803,0
540804,17
540805,0
540806,0
540807,0
540808,0
540809,0
540810,0
540811,0
540812,0
540813,0
540814,0
540815,14
540816,11
540817,0
540818,0
540819,0
540820,0
540821,0
540822,0
540823,0
540824,0
540825,0
540826,0
540827,0
540828,0
540829,0
540830,4
540831,0
540832,0
540833,0
540834,0
540835,0
540836,0
540837,13
540838,7
540839,0
540840,0
540841,0
540842,0
540843,0
540844,0
540845,0
540846,3
540847,8
540848,10
540849,0
540850,0
540851,0
540852,9
540853,0
540854,0
540855,0
540856,0
540857,0
540858,10
540859,0
540860,0
540861,0
540862,0
540863,15
540864,0
540865,0
540866,0
540867,0
540868,0
540869,0
540870,0
540871,0
540872,0
540873,11
540874,9
540875,0
540876,0
540877,0
540878,0
540879,0
540880,0
540881,0
540882,0
540883,0
540884,0
540885,0
540886,7
540887,0
540888,0
540889,11
540890,0
540891,9
540892,0
540893,0
540894,0
540895,0
540896,0
540897,0
540898,10
540899,0
540900,5
540901,0
540902,0
540903,0
540904,0
540905,0
540906,9
540907,0
540908,0
540909,0
540910,0
540911,0
540912,0
540913,0
540914,7
540915,0
540916,0
540917,0
540918,0
540919,0
540920,0
540921,0
540922,0
540923,0
540924,0
540925,0
540926,0
540927,0
540928,0
540929,0
540930,0
540931,0
540932,0
540933,0
540934,10
540935,0
540936,0
540937,0
540938,0
540939,0
540940,0
540941,0
540942,4
540943,5
540944,6
540945,0
540946,0
540947,0
540948,9
540949,13
540950,0
540951,0
540952,7
540953,0
540954,0
540955,8
540956,0
540957,0
540958,0
540959,0
540960,0
540961,0
540962,0
540963,5
540964,0
540965,0
540966,0
540967,0
540968,0
540969,13
540970,0
540971,0
540972,0
540973,0
540974,0
540975,13
540976,0
540977,0
540978,0
540979,0
540980,0
540981,0
540982,0
540983,0
540984,9
540985,0
540986,0
540987,2
540988,14
540989,11
540990,0
540991,0
540992,0
540993,0
540994,0
540995,0
540996,0
540997,0
540998,0
540999,5
541000,0
541001,0
541002,0
541003,0
541004,0
541005,0
541006,0
541007,8
541008,0
541009,0
541010,0
541011,0
541012,0
541013,6
541014,0
541015,0
541016,4
541017,0
541018,16
541019,0
541020,0
541021,6
541022,0
541023,0
541024,12
541025,6
541026,0
541027,0
541028,0
541029,8
541030,0
541031,0
541032,9
541033,0
541034,0
541035,0
541036,0
541037,0
541038,0
541039,0
541040,0
541041,0
541042,0
541043,6
541044,0
541045,0
541046,0
541047,0
541048,3
541049,0
541050,0
541051,0
541052,0
541053,0
541054,0
541055,0
541056,0
541057,3
541058,0
541059,10
541060,0
541061,0
541062,0
541063,7
541064,10
541065,0
541066,0
541067,0
541068,0
541069,0
541070,0
541071,0
541072,0
541073,0
541074,0
541075,0
541076,12
541077,0
541078,0
541079,0
541080,0
541081,0
541082,0
541083,0
541084,0
541085,8
541086,0
541087,11
541088,0
541089,0
541090,0
541091,0
541092,0
541093,0
541094,0
541095,0
541096,0
541097,0
541098,0
541099,4
541100,0
541101,0
541102,4
541103,0
541104,0
541105,0
541106,0
541107,0
541108,0
541109,0
541110,37
541111,43
541112,0
541113,0
541114,0
541115,46
541116,0
541117,33
541118,39
541119,0
541120,43
541121,54
541122,32
541123,0
541124,0
541125,0
541126,61
541127,45
541128,0
541129,37
541130,0
541131,0
541132,27
541133,50
541134,0
541135,0
541136,27
541137,45
541138,0
541139,24
541140,0
541141,0
541142,0
541143,0
541144,0
541145,0
541146,0
541147,0
541148,0
541149,0
541150,0
541151,40
541152,0
541153,0
541154,0
541155,0
541156,0
541157,0
541158,0
541159,0
541160,0
541161,0
541162,0
541163,22
541164,0
541165,44
541166,0
541167,0
541168,0
541169,0
541170,0
541171,41
541172,0
541173,41
541174,0
541175,37
541176,37
541177,0
541178,0
541179,0
541180,0
541181,0
541182,0
541183,43
541184,51
541185,0
541186,0
541187,0
541188,0
541189,44
541190,0
541191,38
541192,0
541193,50
541194,0
541195,0
541196,0
541197,0
541198,0
541199,0
541200,0
541201,0
541202,0
541203,0
541204,0
541205,0
541206,0
541207,0
541208,0
541209,0
541210,0
541211,0
541212,24
541213,0
541214,0
541215,41
541216,29
541217,0
541218,31
541219,0
541220,0
541221,0
541222,37
541223,0
541224,24
541225,0
541226,30
541227,0
541228,0
541229,0
541230,0
541231,0
541232,0
541233,0
541234,40
541235,0
541236,0
541237,0
541238,0
541239,0
541240,35
541241,0
541242,43
541243,27
541244,0
541245,0
541246,0
541247,39
541248,0
541249,0
541250,0
541251,0
541252,0
541253,0
541254,0
541255,0
541256,0
541257,44
541258,0
541259,0
541260,0
541261,0
541262,0
541263,0
541264,0
541265,0
541266,0
541267,0
541268,0
541269,0
541270,0
541271,0
541272,0
541273,40
541274,0
541275,0
541276,0
541277,0
541278,0
541279,40
541280,38
541281,0
541282,0
541283,0
541284,46
541285,0
541286,0
541287,0
541288,29
541289,0
541290,37
541291,0
541292,0
541293,0
541294,29
541295,0
541296,31
541297,0
541298,0
541299,0
541300,0
541301,0
541302,0
541303,0
541304,0
541305,43
541306,0
541307,0
541308,0
541309,21
541310,46
541311,0
541312,31
541313,0
541314,0
541315,31
541316,0
541317,0
541318,0
541319,0
541320,0
541321,0
541322,0
541323,47
541324,0
541325,42
541326,35
541327,0
541328,0
541329,0
541330,25
541331,0
541332,0
541333,33
541334,35
541335,0
541336,0
541337,0
541338,0
541339,0
541340,0
541341,0
541342,0
541343,18
541344,0
541345,0
541346,0
541347,44
541348,37
541349,0
541350,0
541351,0
541352,0
541353,37
541354,0
541355,0
541356,50
541357,0
541358,0
541359,0
541360,50
541361,0
541362,53
541363,37
541364,30
541365,0
541366,0
541367,26
541368,0
541369,0
541370,36
541371,28
541372,45
541373,46
541374,43
541375,0
541376,0
541377,0
541378,0
541379,0
541380,0
541381,0
541382,0
541383,0
541384,0
541385,0
541386,0
541387,0
541388,0
541389,0
541390,31
541391,0
541392,0
541393,0
541394,0
541395,30
541396,43
541397,0
541398,23
541399,0
541400,0
541401,0
541402,0
541403,0
541404,31
541405,35
541406,0
541407,0
541408,0
541409,0
541410,32
541411,34
541412,34
541413,31
541414,0
541415,31
541416,40
541417,0
541418,0
541419,48
541420,0
541421,0
541422,0
541423,0
541424,0
541425,38
541426,26
541427,0
541428,0
541429,0
541430,44
541431,0
541432,35
541433,0
541434,0
541435,54
541436,0
541437,39
541438,34
541439,0
541440,24
541441,0
541442,0
541443,42
541444,0
541445,42
541446,0
541447,0
541448,0
541449,33
541450,35
541451,0
541452,0
541453,32
541454,0
541455,0
541456,0
541457,0
541458,35
541459,0
541460,26
541461,0
541462,0
541463,45
541464,0
541465,0
541466,0
541467,37
541468,0
541469,0
541470,40
541471,0
541472,40
541473,0
541474,0
541475,25
541476,0
541477,40
541478,0
541479,31
541480,0
541481,0
541482,0
541483,0
541484,0
541485,0
541486,0
541487,0
541488,29
541489,0
541490,53
541491,9
541492,0
541493,0
541494,0
541495,31
541496,0
541497,0
541498,0
541499,0
541500,0
541501,0
541502,33
541503,40
541504,0
541505,11
541506,0
541507,0
541508,16
541509,0
541510,15
541511,23
541512,16
541513,0
541514,13
541515,0
541516,0
541517,0
541518,0
541519,0
541520,0
541521,0
541522,16
541523,0
541524,14
541525,0
541526,0
541527,12
541528,0
541529,0
541530,12
541531,0
541532,0
541533,0
541534,0
541535,0
541536,19
541537,14
541538,0
541539,0
541540,22
541541,0
541542,0
541543,8
541544,0
541545,0
541546,9
541547,7
541548,0
541549,0
541550,0
541551,0
541552,0
541553,0
541554,14
541555,16
541556,0
541557,0
541558,0
541559,20
541560,0
541561,0
541562,8
541563,0
541564,9
541565,0
541566,0
541567,0
541568,0
541569,0
541570,0
541571,0
541572,12
541573,0
541574,0
541575,0
541576,0
541577,0
541578,16
541579,0
541580,0
541581,7
541582,12
541583,0
541584,0
541585,0
541586,18
541587,0
541588,22
541589,0
541590,0
541591,0
541592,0
541593,13
541594,15
541595,0
541596,0
541597,0
541598,11
541599,0
541600,0
541601,0
541602,0
541603,0
541604,0
541605,0
541606,0
541607,18
541608,12
541609,0
541610,0
541611,0
541612,0
541613,0
541614,15
541615,8
541616,0
541617,0
541618,0
541619,0
541620,0
541621,0
541622,0
541623,21
541624,21
541625,0
541626,0
541627,0
541628,22
541629,16
541630,0
541631,14
541632,11
541633,8
541634,0
541635,9
541636,18
541637,0
541638,0
541639,16
541640,15
541641,0
541642,0
541643,9
541644,12
541645,0
541646,0
541647,0
541648,0
541649,0
541650,0
541651,14
541652,9
541653,10
541654,0
541655,12
541656,0
541657,0
541658,0
541659,0
541660,12
541661,0
541662,11
541663,15
541664,0
541665,0
541666,0
541667,0
541668,0
541669,9
541670,14
541671,21
541672,0
541673,0
541674,0
541675,0
541676,0
541677,0
541678,0
541679,0
541680,12
541681,0
541682,0
541683,0
541684,0
541685,0
541686,0
541687,0
541688,0
541689,0
541690,0
541691,0
541692,0
541693,0
541694,0
541695,0
541696,12
541697,0
541698,0
541699,0
541700,13
541701,0
541702,0
541703,13
541704,0
541705,0
541706,9
541707,0
541708,0
541709,0
541710,12
541711,15
541712,0
541713,0
541714,14
541715,13
541716,0
541717,0
541718,0
541719,0
541720,0
541721,0
541722,0
541723,0
541724,0
541725,17
541726,0
541727,0
541728,10
541729,0
541730,0
541731,0
541732,0
541733,12
541734,0
541735,0
541736,0
541737,0
541738,9
541739,0
541740,9
541741,0
541742,0
541743,0
541744,0
541745,12
541746,0
541747,0
541748,0
541749,0
541750,0
541751,0
541752,0
541753,0
541754,0
541755,0
541756,17
541757,0
541758,0
541759,11
541760,9
541761,0
541762,0
541763,0
541764,0
541765,17
541766,0
541767,0
541768,0
541769,0
541770,0
541771,9
541772,0
541773,0
541774,0
541775,21
541776,19
541777,0
541778,0
541779,0
541780,0
541781,0
541782,0
541783,0
541784,0
541785,0
541786,0
541787,0
541788,0
541789,0
541790,9
541791,6
541792,0
541793,0
541794,0
541795,0
541796,0
541797,0
541798,0
541799,0
541800,0
541801,0
541802,4
541803,0
541804,17
541805,16
541806,0
541807,0
541808,0
541809,15
541810,0
541811,0
541812,0
541813,0
541814,0
541815,0
541816,0
541817,0
541818,0
541819,0
541820,0
541821,0
541822,0
541823,0
541824,0
541825,22
541826,14
541827,0
541828,0
541829,0
541830,17
541831,0
541832,0
541833,21
541834,6
541835,0
541836,0
541837,0
541838,17
541839,0
541840,17
541841,0
541842,0
541843,0
541844,0
541845,0
541846,0
541847,0
541848,0
541849,15
541850,0
541851,0
541852,6
541853,0
541854,0
541855,11
541856,0
541857,0
541858,0
541859,0
541860,0
541861,0
541862,15
541863,0
541864,12
541865,21
541866,10
541867,0
541868,0
541869,0
541870,0
541871,10
541872,10
541873,0
541874,0
541875,0
541876,0
541877,0
541878,0
541879,0
541880,0
541881,0
541882,21
541883,9
541884,0
541885,17
541886,0
541887,0
541888,14
541889,0
541890,0
541891,19
541892,0
541893,0
541894,0
541895,0
541896,0
541897,0
541898,0
541899,0
541900,0
541901,0
541902,0
541903,20
541904,0
541905,22
541906,13
541907,0
541908,0
541909,9
541910,14
541911,15
541912,0
541913,10
541914,0
541915,11
541916,0
541917,0
541918,0
541919,0
541920,12
541921,0
541922,0
541923,0
541924,18
541925,0
541926,0
541927,9
541928,0
541929,0
541930,18
541931,9
541932,19
541933,11
541934,0
541935,0
541936,0
541937,11
541938,13
541939,0
541940,0
541941,0
541942,11
541943,0
541944,0
541945,11
541946,11
541947,0
541948,11
541949,19
541950,0
541951,0
541952,7
541953,22
541954,0
541955,26
541956,0
541957,19
541958,0
541959,0
541960,0
541961,13
541962,0
541963,0
541964,0
541965,9
541966,0
541967,6
541968,10
541969,0
541970,0
541971,0
541972,0
541973,9
541974,0
541975,15
541976,0
541977,0
541978,0
541979,18
541980,13
541981,10
541982,0
541983,14
541984,12
541985,0
541986,0
541987,0
541988,0
541989,0
541990,12
541991,0
541992,0
541993,15
541994,14
541995,0
541996,10
541997,0
541998,0
541999,0
542000,5
542001,0
542002,0
542003,6
542004,0
542005,0
542006,13
542007,0
542008,0
542009,0
542010,25
542011,0
542012,14
542013,13
542014,14
542015,0
542016,0
542017,0
542018,0
542019,0
542020,0
542021,0
542022,8
542023,16
542024,0
542025,0
542026,0
542027,17
542028,0
542029,12
542030,0
542031,11
542032,0
542033,15
542034,0
542035,0
542036,0
542037,0
542038,0
542039,16
542040,0
542041,8
542042,0
542043,0
542044,0
542045,0
542046,0
542047,0
542048,0
542049,0
542050,13
542051,0
542052,0
542053,17
542054,0
542055,0
542056,0
542057,0
542058,0
542059,0
542060,0
542061,0
542062,20
542063,0
542064,0
542065,4
542066,14
542067,0
542068,0
542069,0
542070,0
542071,7
542072,0
542073,0
542074,0
542075,0
542076,0
542077,0
542078,0
542079,0
542080,0
542081,0
542082,0
542083,0
542084,0
542085,17
542086,14
542087,0
542088,0
542089,0
542090,0
542091,0
542092,0
542093,10
542094,19
542095,0
542096,0
542097,0
542098,0
542099,0
542100,16
542101,0
542102,0
542103,0
542104,12
542105,22
542106,0
542107,10
542108,0
542109,0
542110,0
542111,25
542112,0
542113,0
542114,0
542115,0
542116,0
542117,0
542118,13
542119,0
542120,0
542121,0
542122,0
542123,0
542124,0
542125,0
542126,0
542127,7
542128,14
542129,0
542130,0
542131,0
542132,11
542133,12
542134,19
542135,14
542136,0
542137,0
542138,0
542139,0
542140,0
542141,0
542142,18
542143,0
542144,0
542145,20
542146,0
542147,0
542148,0
542149,0
542150,0
542151,10
542152,0
542153,0
542154,7
542155,0
542156,0
542157,0
542158,0
542159,0
542160,0
542161,14
542162,6
542163,0
542164,16
542165,0
542166,0
542167,0
542168,0
542169,19
542170,17
542171,0
542172,15
542173,15
542174,0
542175,0
542176,17
542177,5
542178,9
542179,16
542180,0
542181,12
542182,0
542183,0
542184,0
542185,22
542186,0
542187,0
542188,0
542189,17
542190,0
542191,19
542192,12
542193,0
542194,0
542195,6
542196,0
542197,4
542198,22
542199,0
542200,0
542201,17
542202,12
542203,0
542204,10
542205,0
542206,0
542207,0
542208,0
542209,0
542210,0
542211,17
542212,0
542213,0
542214,14
542215,0
542216,0
542217,14
542218,0
542219,0
542220,0
542221,0
542222,0
542223,0
542224,0
542225,0
542226,8
542227,19
542228,0
542229,0
542230,0
542231,0
542232,26
542233,0
542234,20
542235,0
542236,0
542237,0
542238,0
542239,11
542240,15
542241,0
542242,0
542243,6
542244,0
542245,18
542246,0
542247,0
542248,0
542249,0
542250,20
542251,0
542252,0
542253,0
542254,9
542255,26
542256,10
542257,0
542258,0
542259,0
542260,0
542261,0
542262,0
542263,10
542264,0
542265,0
542266,0
542267,0
542268,0
542269,10
542270,0
542271,0
542272,0
542273,14
542274,0
542275,0
542276,0
542277,15
542278,0
542279,0
542280,0
542281,0
542282,0
542283,0
542284,0
542285,15
542286,22
542287,0
542288,0
542289,0
542290,18
542291,0
542292,0
542293,0
542294,0
542295,0
542296,0
542297,0
542298,17
542299,13
542300,0
542301,0
542302,18
542303,0
542304,0
542305,0
542306,0
542307,0
542308,8
542309,50
542310,0
542311,0
542312,0
542313,0
542314,0
542315,0
542316,0
542317,34
542318,32
542319,0
542320,0
542321,27
542322,0
542323,0
542324,0
542325,0
542326,0
542327,0
542328,37
542329,0
542330,32
542331,0
542332,0
542333,28
542334,0
542335,0
542336,0
542337,0
542338,0
542339,28
542340,0
542341,0
542342,0
542343,0
542344,0
542345,25
542346,0
542347,0
542348,0
542349,0
542350,0
542351,0
542352,0
542353,0
542354,29
542355,47
542356,0
542357,0
542358,21
542359,0
542360,0
542361,0
542362,43
542363,0
542364,0
542365,0
542366,0
542367,35
542368,22
542369,0
542370,0
542371,0
542372,36
542373,0
542374,22
542375,37
542376,0
542377,0
542378,0
542379,0
542380,33
542381,21
542382,31
542383,0
542384,33
542385,0
542386,0
542387,0
542388,0
542389,0
542390,21
542391,0
542392,28
542393,0
542394,0
542395,0
542396,0
542397,0
542398,0
542399,0
542400,0
542401,32
542402,0
542403,0
542404,30
542405,34
542406,0
542407,0
542408,0
542409,0
542410,0
542411,0
542412,0
542413,0
542414,0
542415,0
542416,0
542417,0
542418,0
542419,0
542420,0
542421,0
542422,0
542423,0
542424,0
542425,0
542426,0
542427,0
542428,0
542429,17
542430,0
542431,0
542432,0
542433,0
542434,32
542435,0
542436,0
542437,0
542438,31
542439,0
542440,0
542441,0
542442,0
542443,0
542444,28
542445,0
542446,34
542447,0
542448,23
542449,0
542450,0
542451,17
542452,29
542453,0
542454,24
542455,0
542456,0
542457,0
542458,0
542459,0
542460,28
542461,0
542462,0
542463,0
542464,0
542465,30
542466,0
542467,0
542468,0
542469,0
542470,0
542471,45
542472,50
542473,0
542474,0
542475,0
542476,0
542477,0
542478,0
542479,0
542480,0
542481,0
542482,25
542483,0
542484,0
542485,39
542486,29
542487,0
542488,32
542489,28
542490,0
542491,30
542492,34
542493,28
542494,36
542495,0
542496,0
542497,0
542498,0
542499,0
542500,0
542501,26
542502,0
542503,17
542504,0
542505,0
542506,0
542507,0
542508,0
542509,0
542510,0
542511,33
542512,0
542513,0
542514,0
542515,30
542516,35
542517,0
542518,0
542519,0
542520,0
542521,0
542522,28
542523,0
542524,0
542525,0
542526,0
542527,0
542528,0
542529,0
542530,0
542531,37
542532,0
542533,0
542534,0
542535,0
542536,21
542537,0
542538,0
542539,33
542540,0
542541,0
542542,0
542543,28
542544,0
542545,0
542546,0
542547,0
542548,0
542549,0
542550,0
542551,0
542552,0
542553,0
542554,27
542555,0
542556,32
542557,0
542558,32
542559,0
542560,0
542561,0
542562,0
542563,0
542564,0
542565,32
542566,0
542567,0
542568,0
542569,0
542570,29
542571,44
542572,32
542573,23
542574,26
542575,0
542576,24
542577,0
542578,24
542579,0
542580,0
542581,0
542582,0
542583,0
542584,39
542585,0
542586,0
542587,0
542588,46
542589,35
542590,0
542591,0
542592,0
542593,0
542594,30
542595,0
542596,0
542597,0
542598,0
542599,0
542600,0
542601,0
542602,0
542603,0
542604,0
542605,0
542606,0
542607,33
542608,0
542609,0
542610,0
542611,0
542612,17
542613,0
542614,0
542615,0
542616,0
542617,0
542618,0
542619,34
542620,0
542621,28
542622,24
542623,0
542624,0
542625,0
542626,46
542627,33
542628,0
542629,41
542630,0
542631,0
542632,34
542633,0
542634,32
542635,14
542636,0
542637,25
542638,0
542639,0
542640,0
542641,0
542642,0
542643,0
542644,0
542645,0
542646,37
542647,17
542648,36
542649,33
542650,0
542651,0
542652,15
542653,0
542654,0
542655,25
542656,0
542657,0
542658,0
542659,0
542660,0
542661,38
542662,0
542663,0
542664,32
542665,0
542666,0
542667,18
542668,0
542669,43
542670,45
542671,0
542672,0
542673,0
542674,38
542675,34
542676,0
542677,34
542678,0
542679,30
542680,0
542681,0
542682,0
542683,0
542684,43
542685,0
542686,0
542687,0
542688,0
542689,27
542690,0
542691,0
542692,0
542693,37
542694,0
542695,0
542696,0
542697,0
542698,0
542699,0
542700,0
542701,34
542702,0
542703,0
542704,32
542705,31
542706,0
542707,0
542708,0
542709,0
542710,0
542711,0
542712,0
542713,17
542714,0
542715,42
542716,37
542717,15
542718,0
542719,0
542720,0
542721,0
542722,0
542723,0
542724,41
542725,0
542726,29
542727,0
542728,0
542729,0
542730,25
542731,0
542732,26
542733,0
542734,20
542735,16
542736,0
542737,0
542738,0
542739,0
542740,0
542741,0
542742,16
542743,46
542744,0
542745,0
542746,0
542747,0
542748,27
542749,0
542750,0
542751,0
542752,23
542753,0
542754,0
542755,0
542756,0
542757,0
542758,30
542759,26
542760,0
542761,0
542762,0
542763,0
542764,0
542765,21
542766,0
542767,0
542768,29
542769,0
542770,21
542771,36
542772,0
542773,0
542774,0
542775,0
542776,27
542777,0
542778,0
542779,28
542780,32
542781,42
542782,0
542783,0
542784,0
542785,20
542786,0
542787,29
542788,39
542789,18
542790,28
542791,0
542792,0
542793,43
542794,0
542795,31
542796,0
542797,22
542798,0
542799,37
542800,20
542801,24
542802,0
542803,0
542804,0
542805,0
542806,0
542807,0
542808,0
542809,0
542810,0
542811,0
542812,0
542813,0
542814,37
542815,0
542816,0
542817,0
542818,21
542819,0
542820,0
542821,0
542822,30
542823,0
542824,0
542825,0
542826,0
542827,41
542828,0
542829,28
542830,33
542831,0
542832,0
542833,0
542834,0
542835,0
542836,25
542837,0
542838,0
542839,44
542840,0
542841,30
542842,0
542843,0
542844,29
542845,0
542846,0
542847,0
542848,0
542849,0
542850,0
542851,0
542852,0
542853,0
542854,0
542855,0
542856,0
542857,0
542858,26
542859,0
542860,0
542861,0
542862,0
542863,26
542864,0
542865,0
542866,0
542867,0
542868,0
542869,0
542870,0
542871,0
542872,0
542873,0
542874,0
542875,0
542876,0
542877,24
542878,0
542879,0
542880,0
542881,0
542882,0
542883,0
542884,0
542885,0
542886,38
542887,0
542888,0
542889,0
542890,28
542891,19
542892,37
542893,0
542894,0
542895,27
542896,0
542897,34
542898,30
542899,0
542900,0
542901,0
542902,30
542903,0
542904,0
542905,0
542906,0
542907,0
542908,0
542909,0
542910,0
542911,33
542912,0
542913,0
542914,0
542915,0
542916,0
542917,0
542918,26
542919,42
542920,0
542921,0
542922,0
542923,0
542924,0
542925,0
542926,0
542927,0
542928,0
542929,30
542930,24
542931,23
542932,0
542933,26
542934,0
542935,0
542936,0
542937,0
542938,0
542939,0
542940,0
542941,0
542942,0
542943,0
542944,37
542945,0
542946,0
542947,0
542948,0
542949,0
542950,0
542951,0
542952,0
542953,0
542954,0
542955,0
542956,0
542957,21
542958,0
542959,0
542960,0
542961,0
542962,0
542963,33
542964,0
542965,36
542966,0
542967,0
542968,0
542969,0
542970,0
542971,0
542972,31
542973,0
542974,0
542975,0
542976,0
542977,0
542978,0
542979,0
542980,0
542981,0
542982,34
542983,41
542984,0
542985,0
542986,34
542987,25
542988,24
542989,0
542990,0
542991,38
542992,0
542993,0
542994,23
542995,0
542996,0
542997,34
542998,0
542999,0
543000,0
543001,35
543002,0
543003,35
543004,0
543005,0
543006,0
543007,0
543008,27
543009,0
543010,0
543011,0
543012,0
543013,0
543014,0
543015,0
543016,36
543017,0
543018,0
543019,0
543020,32
543021,0
543022,30
543023,0
543024,15
543025,28
543026,0
543027,0
543028,0
543029,45
543030,0
543031,0
543032,27
543033,0
543034,0
543035,0
543036,0
543037,31
543038,27
543039,0
543040,0
543041,0
543042,0
543043,0
543044,0
543045,0
543046,0
543047,0
543048,30
543049,0
543050,37
543051,23
543052,0
543053,26
543054,0
543055,0
543056,37
543057,28
543058,16
543059,0
543060,0
543061,30
543062,0
543063,0
543064,35
543065,50
543066,0
543067,0
543068,0
543069,21
543070,26
543071,0
543072,0
543073,28
543074,0
543075,0
543076,0
543077,45
543078,0
543079,0
543080,0
543081,0
543082,0
543083,0
543084,0
543085,32
543086,35
543087,0
543088,14
543089,41
543090,0
543091,41
543092,0
543093,0
543094,0
543095,37
543096,33
543097,30
543098,21
543099,0
543100,44
543101,0
543102,0
543103,0
543104,0
543105,0
543106,0
543107,0
543108,0
543109,0
543110,0
543111,0
543112,0
543113,0
543114,0
543115,0
543116,0
543117,0
543118,0
543119,0
543120,0
543121,0
543122,0
543123,0
543124,0
543125,0
543126,0
543127,0
543128,0
543129,0
543130,0
543131,31
543132,0
543133,0
543134,0
543135,22
543136,0
543137,0
543138,0
543139,0
543140,0
543141,0
543142,0
543143,0
543144,23
543145,0
543146,0
543147,0
543148,0
543149,0
543150,0
543151,0
543152,0
543153,0
543154,0
543155,22
543156,0
543157,0
543158,0
543159,0
543160,18
543161,11
543162,0
543163,0
543164,0
543165,0
543166,0
543167,34
543168,0
543169,0
543170,0
543171,0
543172,0
543173,30
543174,0
543175,0
543176,0
543177,0
543178,0
543179,0
543180,0
543181,19
543182,14
543183,0
543184,20
543185,0
543186,0
543187,19
543188,0
543189,0
543190,0
543191,0
543192,0
543193,0
543194,0
543195,0
543196,20
543197,25
543198,0
543199,0
543200,0
543201,0
543202,0
543203,0
543204,0
543205,0
543206,18
543207,0
543208,0
543209,0
543210,0
543211,19
543212,0
543213,0
543214,0
543215,0
543216,0
543217,0
543218,0
543219,25
543220,0
543221,0
543222,38
543223,0
543224,0
543225,0
543226,0
543227,0
543228,0
543229,0
543230,0
543231,0
543232,29
543233,0
543234,0
543235,17
543236,0
543237,0
543238,0
543239,0
543240,0
543241,0
543242,0
543243,21
543244,17
543245,0
543246,0
543247,0
543248,0
543249,0
543250,0
543251,0
543252,0
543253,0
543254,19
543255,0
543256,0
543257,0
543258,0
543259,0
543260,0
543261,0
543262,0
543263,12
543264,18
543265,15
543266,0
543267,0
543268,0
543269,0
543270,21
543271,0
543272,0
543273,0
543274,0
543275,0
543276,0
543277,0
543278,18
543279,18
543280,0
543281,0
543282,0
543283,22
543284,0
543285,17
543286,0
543287,0
543288,0
543289,0
543290,0
543291,0
543292,0
543293,0
543294,0
543295,0
543296,0
543297,0
543298,0
543299,28
543300,20
543301,0
543302,0
543303,0
543304,0
543305,0
543306,0
543307,0
543308,0
543309,25
543310,0
543311,0
543312,0
543313,30
543314,0
543315,0
543316,0
543317,0
543318,0
543319,0
543320,0
543321,0
543322,15
543323,0
543324,0
543325,0
543326,0
543327,0
543328,20
543329,0
543330,0
543331,0
543332,0
543333,0
543334,0
543335,0
543336,22
543337,0
543338,0
543339,19
543340,0
543341,0
543342,0
543343,0
543344,0
543345,0
543346,0
543347,0
543348,0
543349,0
543350,0
543351,0
543352,0
543353,0
543354,0
543355,0
543356,0
543357,0
543358,0
543359,0
543360,0
543361,0
543362,0
543363,0
543364,0
543365,0
543366,0
543367,0
543368,0
543369,0
543370,0
543371,0
543372,0
543373,13
543374,5
543375,0
543376,0
543377,0
543378,0
543379,12
543380,0
543381,0
543382,16
543383,0
543384,0
543385,0
543386,0
543387,0
543388,0
543389,0
543390,0
543391,0
543392,0
543393,0
543394,0
543395,0
543396,0
543397,0
543398,0
543399,0
543400,0
543401,0
543402,19
543403,0
543404,0
543405,0
543406,0
543407,0
543408,0
543409,0
543410,0
543411,0
543412,0
543413,0
543414,0
543415,0
543416,0
543417,0
543418,0
543419,13
543420,0
543421,0
543422,0
543423,8
543424,16
543425,0
543426,0
543427,0
543428,0
543429,0
543430,0
543431,0
543432,0
543433,0
543434,0
543435,15
543436,0
543437,0
543438,0
543439,0
543440,0
543441,0
543442,0
543443,0
543444,0
543445,0
543446,0
543447,0
543448,0
543449,14
543450,0
543451,0
543452,0
543453,0
543454,0
543455,0
543456,0
543457,0
543458,0
543459,0
543460,0
543461,0
543462,0
543463,0
543464,0
543465,0
543466,15
543467,26
543468,0
543469,0
543470,0
543471,14
543472,14
543473,0
543474,0
543475,0
543476,0
543477,0
543478,0
543479,0
543480,0
543481,0
543482,0
543483,13
543484,0
543485,0
543486,0
543487,0
543488,0
543489,0
543490,0
543491,0
543492,0
543493,0
543494,0
543495,0
543496,0
543497,0
543498,0
543499,0
543500,0
543501,0
543502,0
543503,0
543504,0
543505,0
543506,0
543507,0
543508,0
543509,0
543510,0
543511,0
543512,0
543513,0
543514,19
543515,0
543516,0
543517,0
543518,0
543519,0
543520,18
543521,0
543522,0
543523,22
543524,0
543525,0
543526,0
543527,0
543528,0
543529,21
543530,0
543531,0
543532,0
543533,0
543534,0
543535,0
543536,0
543537,0
543538,20
543539,0
543540,0
543541,0
543542,11
543543,0
543544,0
543545,0
543546,0
543547,12
543548,0
543549,0
543550,0
543551,0
543552,0
543553,19
543554,0
543555,0
543556,16
543557,0
543558,0
543559,0
543560,0
543561,0
543562,0
543563,0
543564,0
543565,0
543566,0
543567,0
543568,0
543569,19
543570,0
543571,0
543572,0
543573,0
543574,0
543575,0
543576,0
543577,0
543578,0
543579,0
543580,0
543581,0
543582,27
543583,0
543584,18
543585,0
543586,0
543587,0
543588,0
543589,0
543590,0
543591,0
543592,0
543593,0
543594,0
543595,0
543596,0
543597,0
543598,0
543599,0
543600,0
543601,0
543602,0
543603,0
543604,0
543605,0
543606,0
543607,0
543608,0
543609,0
543610,0
543611,0
543612,0
543613,0
543614,0
543615,0
543616,3
543617,3
543618,0
543619,0
543620,0
543621,0
543622,1
543623,0
543624,2
543625,4
543626,0
543627,0
543628,0
543629,0
543630,0
543631,0
543632,0
543633,0
543634,0
543635,0
543636,0
543637,0
543638,1
543639,0
543640,0
543641,0
543642,0
543643,5
543644,0
543645,0
543646,0
543647,0
543648,2
543649,0
543650,0
543651,0
543652,1
543653,0
543654,2
543655,3
543656,0
543657,0
543658,0
543659,0
543660,0
543661,0
543662,0
543663,0
543664,0
543665,0
543666,0
543667,0
543668,0
543669,0
543670,0
543671,0
543672,0
543673,0
543674,0
543675,0
543676,0
543677,0
543678,0
543679,0
543680,0
543681,0
543682,0
543683,0
543684,0
543685,0
543686,1
543687,0
543688,0
543689,2
543690,3
543691,0
543692,0
543693,0
543694,3
543695,0
543696,2
543697,0
543698,0
543699,0
543700,0
543701,0
543702,7
543703,0
543704,0
543705,0
543706,3
543707,0
543708,0
543709,4
543710,0
543711,0
543712,0
543713,0
543714,0
543715,0
543716,0
543717,0
543718,0
543719,0
543720,0
543721,0
543722,2
543723,0
543724,0
543725,0
543726,3
543727,0
543728,3
543729,2
543730,0
543731,0
543732,0
543733,1
543734,0
543735,0
543736,0
543737,0
543738,0
543739,0
543740,0
543741,0
543742,0
543743,0
543744,0
543745,1
543746,1
543747,0
543748,0
543749,0
543750,0
543751,0
543752,3
543753,0
543754,0
543755,0
543756,0
543757,0
543758,0
543759,0
543760,0
543761,0
543762,0
543763,0
543764,4
543765,0
543766,3
543767,0
543768,0
543769,0
543770,1
543771,0
543772,2
543773,0
543774,0
543775,0
543776,0
543777,0
543778,0
543779,0
543780,0
543781,0
543782,0
543783,3
543784,0
543785,2
543786,0
543787,4
543788,0
543789,0
543790,0
543791,0
543792,0
543793,0
543794,5
543795,0
543796,2
543797,0
543798,0
543799,1
543800,0
543801,0
543802,0
543803,0
543804,0
543805,0
543806,0
543807,5
543808,0
543809,1
543810,0
543811,0
543812,0
543813,0
543814,0
543815,0
543816,0
543817,0
543818,2
543819,0
543820,0
543821,0
543822,0
543823,0
543824,0
543825,0
543826,0
543827,0
543828,0
543829,1
543830,0
543831,1
543832,0
543833,0
543834,2
543835,0
543836,0
543837,0
543838,4
543839,0
543840,0
543841,0
543842,0
543843,0
543844,0
543845,0
543846,0
543847,0
543848,3
543849,0
543850,2
543851,0
543852,0
543853,0
543854,0
543855,4
543856,5
543857,0
543858,0
543859,0
543860,0
543861,0
543862,0
543863,0
543864,0
543865,0
543866,0
543867,0
543868,0
543869,1
543870,0
543871,0
543872,0
543873,0
543874,1
543875,0
543876,0
543877,0
543878,0
543879,3
543880,0
543881,0
543882,2
543883,0
543884,0
543885,0
543886,0
543887,0
543888,0
543889,0
543890,0
543891,0
543892,0
543893,0
543894,9
543895,0
543896,1
543897,1
543898,0
543899,0
543900,0
543901,0
543902,4
543903,0
543904,0
543905,0
543906,0
543907,0
543908,0
543909,0
543910,0
543911,0
543912,3
543913,0
543914,0
543915,2
543916,0
543917,0
543918,0
543919,0
543920,0
543921,0
543922,0
543923,0
543924,0
543925,0
543926,0
543927,0
543928,0
543929,0
543930,1
543931,0
543932,4
543933,0
543934,0
543935,1
543936,0
543937,0
543938,0
543939,0
543940,0
543941,0
543942,0
543943,0
543944,0
543945,2
543946,0
543947,1
543948,0
543949,0
543950,0
543951,0
543952,0
543953,1
543954,0
543955,1
543956,0
543957,0
543958,0
543959,0
543960,0
543961,0
543962,0
543963,0
543964,0
543965,0
543966,0
543967,0
543968,2
543969,0
543970,0
543971,4
543972,0
543973,0
543974,0
543975,0
543976,0
543977,0
543978,0
543979,0
543980,0
543981,0
543982,0
543983,0
543984,0
543985,0
543986,0
543987,0
543988,0
543989,0
543990,0
543991,2
543992,0
543993,4
543994,1
543995,1
543996,0
543997,0
543998,0
543999,0
544000,0
544001,0
544002,0
544003,1
544004,4
544005,0
544006,0
544007,0
544008,0
544009,0
544010,2
544011,5
544012,0
544013,3
544014,0
544015,0
544016,0
544017,0
544018,0
544019,3
544020,0
544021,4
544022,0
544023,1
544024,0
544025,0
544026,0
544027,0
544028,0
544029,0
544030,0
544031,0
544032,0
544033,0
544034,0
544035,0
544036,0
544037,0
544038,0
544039,4
544040,0
544041,0
544042,0
544043,0
544044,0
544045,0
544046,0
544047,5
544048,0
544049,0
544050,0
544051,0
544052,0
544053,0
544054,0
544055,0
544056,3
544057,0
544058,0
544059,0
544060,0
544061,0
544062,0
544063,2
544064,0
544065,0
544066,2
544067,0
544068,3
544069,4
544070,0
544071,0
544072,0
544073,0
544074,0
544075,3
544076,3
544077,0
544078,0
544079,0
544080,0
544081,0
544082,0
544083,0
544084,0
544085,0
544086,0
544087,0
544088,0
544089,0
544090,0
544091,0
544092,0
544093,1
544094,2
544095,0
544096,0
544097,2
544098,0
544099,0
544100,0
544101,0
544102,0
544103,0
544104,0
544105,0
544106,2
544107,3
544108,0
544109,0
544110,0
544111,0
544112,0
544113,0
544114,0
544115,4
544116,0
544117,0
544118,0
544119,0
544120,0
544121,0
544122,0
544123,0
544124,0
544125,0
544126,0
544127,0
544128,0
544129,0
544130,0
544131,0
544132,0
544133,0
544134,1
544135,0
544136,0
544137,0
544138,0
544139,0
544140,0
544141,0
544142,0
544143,0
544144,0
544145,0
544146,0
544147,4
544148,0
544149,3
544150,0
544151,0
544152,0
544153,0
544154,3
544155,0
544156,0
544157,0
544158,0
544159,0
544160,0
544161,3
544162,0
544163,0
544164,4
544165,0
544166,0
544167,3
544168,0
544169,0
544170,0
544171,0
544172,0
544173,0
544174,0
544175,4
544176,0
544177,0
544178,0
544179,0
544180,0
544181,0
544182,0
544183,0
544184,0
544185,0
544186,0
544187,0
544188,0
544189,0
544190,3
544191,0
544192,0
544193,0
544194,0
544195,0
544196,0
544197,0
544198,0
544199,0
544200,0
544201,0
544202,0
544203,1
544204,0
544205,0
544206,0
544207,0
544208,0
544209,0
544210,0
544211,0
544212,0
544213,6
544214,0
544215,4
544216,0
544217,0
544218,0
544219,0
544220,0
544221,0
544222,0
544223,2
544224,0
544225,0
544226,3
544227,0
544228,0
544229,0
544230,0
544231,0
544232,5
544233,0
544234,0
544235,3
544236,0
544237,0
544238,0
544239,2
544240,0
544241,0
544242,0
544243,0
544244,4
544245,0
544246,0
544247,0
544248,0
544249,0
544250,0
544251,0
544252,0
544253,0
544254,0
544255,0
544256,0
544257,0
544258,0
544259,0
544260,0
544261,0
544262,1
544263,0
544264,0
544265,4
544266,0
544267,0
544268,0
544269,1
544270,0
544271,0
544272,0
544273,0
544274,0
544275,3
544276,0
544277,0
544278,0
544279,0
544280,0
544281,0
544282,0
544283,0
544284,0
544285,0
544286,0
544287,2
544288,0
544289,0
544290,0
544291,2
544292,2
544293,0
544294,0
544295,0
544296,0
544297,0
544298,0
544299,0
544300,0
544301,0
544302,0
544303,3
544304,0
544305,0
544306,0
544307,0
544308,0
544309,0
544310,0
544311,3
544312,0
544313,0
544314,0
544315,0
544316,0
544317,0
544318,0
544319,4
544320,0
544321,1
544322,4
544323,0
544324,0
544325,0
544326,0
544327,1
544328,0
544329,0
544330,1
544331,4
544332,0
544333,0
544334,0
544335,0
544336,0
544337,0
544338,0
544339,0
544340,0
544341,0
544342,2
544343,0
544344,0
544345,0
544346,0
544347,0
544348,0
544349,0
544350,0
544351,1
544352,0
544353,0
544354,4
544355,0
544356,0
544357,0
544358,0
544359,0
544360,0
544361,0
544362,0
544363,0
544364,0
544365,0
544366,0
544367,0
544368,0
544369,2
544370,0
544371,0
544372,0
544373,0
544374,0
544375,0
544376,0
544377,0
544378,0
544379,0
544380,0
544381,0
544382,0
544383,0
544384,0
544385,0
544386,0
544387,2
544388,0
544389,0
544390,0
544391,0
544392,0
544393,1
544394,0
544395,0
544396,0
544397,0
544398,0
544399,0
544400,0
544401,0
544402,0
544403,4
544404,0
544405,0
544406,0
544407,0
544408,0
544409,0
544410,0
544411,0
544412,3
544413,3
544414,0
544415,0
544416,0
544417,0
544418,3
544419,0
544420,0
544421,0
544422,0
544423,0
544424,0
544425,0
544426,0
544427,0
544428,0
544429,0
544430,0
544431,0
544432,0
544433,0
544434,0
544435,0
544436,0
544437,0
544438,0
544439,0
544440,0
544441,3
544442,0
544443,0
544444,0
544445,0
544446,0
544447,0
544448,0
544449,0
544450,0
544451,0
544452,0
544453,0
544454,0
544455,0
544456,0
544457,0
544458,0
544459,0
544460,4
544461,0
544462,2
544463,0
544464,0
544465,13
544466,0
544467,16
544468,0
544469,0
544470,0
544471,4
544472,0
544473,0
544474,0
544475,0
544476,0
544477,0
544478,0
544479,0
544480,0
544481,0
544482,0
544483,0
544484,0
544485,0
544486,0
544487,0
544488,0
544489,0
544490,0
544491,0
544492,12
544493,0
544494,16
544495,0
544496,0
544497,0
544498,0
544499,0
544500,0
544501,0
544502,0
544503,12
544504,0
544505,0
544506,0
544507,0
544508,0
544509,0
544510,0
544511,11
544512,0
544513,0
544514,0
544515,0
544516,0
544517,0
544518,0
544519,0
544520,0
544521,6
544522,0
544523,19
544524,0
544525,0
544526,0
544527,0
544528,0
544529,0
544530,0
544531,0
544532,0
544533,0
544534,0
544535,0
544536,0
544537,9
544538,0
544539,0
544540,0
544541,0
544542,0
544543,0
544544,10
544545,0
544546,0
544547,9
544548,0
544549,0
544550,0
544551,0
544552,0
544553,7
544554,12
544555,0
544556,10
544557,17
544558,0
544559,15
544560,0
544561,0
544562,0
544563,0
544564,0
544565,0
544566,0
544567,0
544568,0
544569,0
544570,0
544571,0
544572,0
544573,0
544574,10
544575,0
544576,11
544577,9
544578,0
544579,15
544580,0
544581,0
544582,0
544583,10
544584,0
544585,0
544586,0
544587,0
544588,0
544589,0
544590,0
544591,0
544592,0
544593,0
544594,0
544595,0
544596,0
544597,8
544598,0
544599,0
544600,0
544601,19
544602,0
544603,0
544604,0
544605,0
544606,0
544607,0
544608,0
544609,22
544610,0
544611,0
544612,0
544613,21
544614,5
544615,7
544616,0
544617,0
544618,0
544619,0
544620,0
544621,0
544622,0
544623,19
544624,21
544625,0
544626,0
544627,0
544628,0
544629,0
544630,16
544631,0
544632,0
544633,0
544634,0
544635,0
544636,0
544637,0
544638,12
544639,0
544640,8
544641,15
544642,0
544643,0
544644,0
544645,0
544646,10
544647,0
544648,0
544649,0
544650,15
544651,0
544652,0
544653,0
544654,0
544655,0
544656,6
544657,13
544658,0
544659,0
544660,0
544661,0
544662,0
544663,9
544664,0
544665,0
544666,0
544667,19
544668,0
544669,0
544670,0
544671,0
544672,0
544673,0
544674,0
544675,0
544676,0
544677,0
544678,7
544679,0
544680,0
544681,13
544682,0
544683,0
544684,0
544685,0
544686,0
544687,14
544688,0
544689,0
544690,0
544691,0
544692,0
544693,0
544694,0
544695,0
544696,0
544697,0
544698,14
544699,0
544700,9
544701,0
544702,0
544703,0
544704,0
544705,0
544706,12
544707,0
544708,0
544709,0
544710,0
544711,0
544712,0
544713,0
544714,0
544715,0
544716,0
544717,0
544718,16
544719,9
544720,0
544721,0
544722,0
544723,0
544724,0
544725,0
544726,0
544727,5
544728,9
544729,0
544730,0
544731,0
544732,0
544733,0
544734,0
544735,0
544736,14
544737,0
544738,0
544739,0
544740,0
544741,9
544742,0
544743,13
544744,13
544745,0
544746,0
544747,12
544748,0
544749,0
544750,0
544751,0
544752,0
544753,11
544754,0
544755,0
544756,0
544757,0
544758,0
544759,0
544760,0
544761,0
544762,13
544763,0
544764,11
544765,0
544766,0
544767,0
544768,0
544769,0
544770,0
544771,0
544772,10
544773,0
544774,0
544775,0
544776,0
544777,0
544778,0
544779,8
544780,0
544781,0
544782,0
544783,0
544784,0
544785,0
544786,0
544787,0
544788,0
544789,0
544790,0
544791,0
544792,0
544793,0
544794,0
544795,0
544796,0
544797,0
544798,0
544799,14
544800,14
544801,0
544802,0
544803,0
544804,0
544805,0
544806,0
544807,14
544808,0
544809,0
544810,13
544811,0
544812,0
544813,0
544814,0
544815,15
544816,11
544817,9
544818,0
544819,0
544820,16
544821,0
544822,0
544823,5
544824,0
544825,0
544826,0
544827,0
544828,0
544829,0
544830,13
544831,0
544832,0
544833,0
544834,0
544835,0
544836,0
544837,23
544838,19
544839,0
544840,0
544841,0
544842,0
544843,9
544844,0
544845,0
544846,0
544847,0
544848,0
544849,13
544850,0
544851,0
544852,10
544853,0
544854,0
544855,0
544856,15
544857,0
544858,0
544859,0
544860,0
544861,0
544862,9
544863,0
544864,0
544865,0
544866,0
544867,0
544868,0
544869,0
544870,10
544871,0
544872,0
544873,0
544874,0
544875,12
544876,0
544877,0
544878,14
544879,0
544880,0
544881,0
544882,7
544883,0
544884,0
544885,16
544886,0
544887,0
544888,0
544889,0
544890,0
544891,16
544892,0
544893,0
544894,0
544895,0
544896,0
544897,0
544898,0
544899,0
544900,0
544901,0
544902,0
544903,0
544904,0
544905,13
544906,0
544907,9
544908,0
544909,0
544910,0
544911,0
544912,0
544913,0
544914,0
544915,0
544916,0
544917,0
544918,0
544919,0
544920,0
544921,13
544922,0
544923,0
544924,0
544925,0
544926,0
544927,11
544928,0
544929,0
544930,0
544931,0
544932,0
544933,0
544934,0
544935,0
544936,0
544937,0
544938,0
544939,0
544940,0
544941,0
544942,0
544943,0
544944,14
544945,0
544946,0
544947,0
544948,10
544949,0
544950,0
544951,0
544952,11
544953,11
544954,12
544955,0
544956,0
544957,0
544958,0
544959,12
544960,0
544961,0
544962,0
544963,0
544964,0
544965,0
544966,23
544967,12
544968,0
544969,0
544970,23
544971,10
544972,0
544973,0
544974,0
544975,0
544976,0
544977,12
544978,16
544979,0
544980,0
544981,0
544982,0
544983,0
544984,0
544985,0
544986,0
544987,0
544988,0
544989,0
544990,0
544991,0
544992,0
544993,0
544994,0
544995,0
544996,0
544997,0
544998,0
544999,0
545000,0
545001,0
545002,0
545003,0
545004,0
545005,0
545006,0
545007,0
545008,0
545009,0
545010,0
545011,0
545012,0
545013,0
545014,0
545015,0
545016,0
545017,0
545018,0
545019,0
545020,0
545021,0
545022,0
545023,1
545024,0
545025,0
545026,0
545027,0
545028,0
545029,0
545030,0
545031,0
545032,0
545033,0
545034,0
545035,0
545036,0
545037,0
545038,0
545039,0
545040,0
545041,0
545042,0
545043,0
545044,0
545045,0
545046,0
545047,0
545048,0
545049,0
545050,0
545051,0
545052,0
545053,0
545054,0
545055,0
545056,0
545057,0
545058,0
545059,0
545060,0
545061,0
545062,0
545063,0
545064,0
545065,0
545066,0
545067,0
545068,0
545069,0
545070,0
545071,0
545072,0
545073,0
545074,0
545075,0
545076,0
545077,0
545078,0
545079,0
545080,0
545081,0
545082,0
545083,0
545084,0
545085,0
545086,0
545087,0
545088,0
545089,0
545090,0
545091,0
545092,0
545093,0
545094,0
545095,0
545096,0
545097,0
545098,0
545099,0
545100,0
545101,0
545102,0
545103,0
545104,0
545105,0
545106,0
545107,0
545108,0
545109,0
545110,0
545111,0
545112,0
545113,0
545114,0
545115,0
545116,0
545117,0
545118,0
545119,0
545120,0
545121,0
545122,0
545123,0
545124,0
545125,0
545126,0
545127,0
545128,0
545129,0
545130,0
545131,0
545132,0
545133,0
545134,0
545135,0
545136,0
545137,0
545138,0
545139,0
545140,0
545141,0
545142,0
545143,0
545144,0
545145,0
545146,0
545147,0
545148,0
545149,0
545150,0
545151,0
545152,0
545153,0
545154,0
545155,0
545156,0
545157,0
545158,0
545159,0
545160,0
545161,0
545162,0
545163,0
545164,0
545165,0
545166,0
545167,0
545168,0
545169,0
545170,0
545171,0
545172,0
545173,1
545174,0
545175,0
545176,0
545177,0
545178,0
545179,0
545180,0
545181,0
545182,0
545183,0
545184,0
545185,0
545186,0
545187,0
545188,0
545189,0
545190,0
545191,0
545192,0
545193,0
545194,0
545195,0
545196,0
545197,0
545198,0
545199,0
545200,0
545201,0
545202,0
545203,0
545204,0
545205,0
545206,1
545207,0
545208,0
545209,0
545210,0
545211,0
545212,0
545213,0
545214,0
545215,0
545216,0
545217,0
545218,0
545219,0
545220,0
545221,0
545222,0
545223,0
545224,0
545225,0
545226,0
545227,0
545228,0
545229,0
545230,0
545231,0
545232,0
545233,0
545234,0
545235,0
545236,0
545237,0
545238,0
545239,0
545240,0
545241,0
545242,0
545243,0
545244,0
545245,0
545246,0
545247,0
545248,0
545249,0
545250,0
545251,0
545252,0
545253,0
545254,0
545255,0
545256,0
545257,0
545258,0
545259,0
545260,0
545261,0
545262,0
545263,0
545264,0
545265,0
545266,0
545267,0
545268,0
545269,0
545270,0
545271,0
545272,0
545273,0
545274,0
545275,0
545276,0
545277,0
545278,0
545279,0
545280,0
545281,0
545282,0
545283,0
545284,0
545285,0
545286,0
545287,0
545288,0
545289,0
545290,0
545291,0
545292,0
545293,0
545294,0
545295,0
545296,0
545297,0
545298,0
545299,0
545300,0
545301,0
545302,0
545303,0
545304,0
545305,0
545306,0
545307,0
545308,0
545309,0
545310,0
545311,0
545312,0
545313,0
545314,0
545315,0
545316,0
545317,0
545318,0
545319,0
545320,0
545321,0
545322,0
545323,0
545324,0
545325,0
545326,0
545327,0
545328,0
545329,0
545330,0
545331,0
545332,0
545333,0
545334,0
545335,0
545336,0
545337,0
545338,0
545339,0
545340,0
545341,0
545342,0
545343,0
545344,0
545345,0
545346,0
545347,0
545348,0
545349,0
545350,0
545351,0
545352,0
545353,0
545354,0
545355,0
545356,0
545357,0
545358,0
545359,0
545360,0
545361,0
545362,0
545363,0
545364,0
545365,0
545366,0
545367,0
545368,0
545369,28
545370,0
545371,0
545372,0
545373,33
545374,0
545375,0
545376,0
545377,0
545378,37
545379,0
545380,0
545381,0
545382,42
545383,0
545384,0
545385,0
545386,0
545387,0
545388,23
545389,31
545390,0
545391,0
545392,0
545393,0
545394,0
545395,27
545396,0
545397,0
545398,0
545399,0
545400,0
545401,32
545402,0
545403,0
545404,0
545405,0
545406,0
545407,0
545408,0
545409,0
545410,0
545411,0
545412,0
545413,0
545414,0
545415,0
545416,0
545417,0
545418,0
545419,0
545420,0
545421,0
545422,0
545423,0
545424,0
545425,0
545426,0
545427,0
545428,32
545429,0
545430,0
545431,31
545432,0
545433,0
545434,31
545435,0
545436,0
545437,36
545438,0
545439,0
545440,0
545441,0
545442,0
545443,0
545444,0
545445,26
545446,0
545447,18
545448,0
545449,0
545450,24
545451,0
545452,0
545453,0
545454,0
545455,0
545456,0
545457,0
545458,0
545459,31
545460,0
545461,0
545462,0
545463,22
545464,0
545465,11
545466,0
545467,32
545468,0
545469,0
545470,37
545471,0
545472,35
545473,0
545474,33
545475,0
545476,0
545477,0
545478,0
545479,0
545480,0
545481,0
545482,0
545483,0
545484,0
545485,0
545486,0
545487,0
545488,0
545489,0
545490,0
545491,0
545492,0
545493,12
545494,0
545495,0
545496,0
545497,0
545498,0
545499,0
545500,0
545501,0
545502,0
545503,0
545504,26
545505,0
545506,0
545507,0
545508,0
545509,0
545510,0
545511,0
545512,0
545513,0
545514,0
545515,0
545516,0
545517,0
545518,56
545519,0
545520,0
545521,0
545522,0
545523,0
545524,0
545525,0
545526,0
545527,27
545528,0
545529,0
545530,28
545531,0
545532,0
545533,0
545534,0
545535,0
545536,0
545537,21
545538,0
545539,28
545540,0
545541,0
545542,34
545543,40
545544,0
545545,0
545546,0
545547,0
545548,0
545549,0
545550,28
545551,0
545552,0
545553,0
545554,0
545555,0
545556,0
545557,0
545558,0
545559,0
545560,0
545561,0
545562,16
545563,0
545564,0
545565,0
545566,0
545567,0
545568,0
545569,34
545570,0
545571,0
545572,0
545573,0
545574,0
545575,0
545576,0
545577,0
545578,0
545579,0
545580,29
545581,29
545582,0
545583,0
545584,0
545585,0
545586,0
545587,36
545588,0
545589,0
545590,0
545591,0
545592,0
545593,0
545594,25
545595,0
545596,0
545597,0
545598,0
545599,0
545600,39
545601,0
545602,0
545603,24
545604,0
545605,0
545606,0
545607,0
545608,0
545609,0
545610,0
545611,0
545612,0
545613,0
545614,0
545615,0
545616,0
545617,0
545618,31
545619,29
545620,0
545621,0
545622,0
545623,0
545624,0
545625,0
545626,0
545627,0
545628,0
545629,0
545630,0
545631,0
545632,0
545633,0
545634,0
545635,0
545636,0
545637,0
545638,0
545639,33
545640,0
545641,0
545642,0
545643,0
545644,0
545645,37
545646,0
545647,0
545648,0
545649,0
545650,25
545651,0
545652,0
545653,0
545654,0
545655,0
545656,0
545657,0
545658,0
545659,0
545660,0
545661,0
545662,0
545663,0
545664,0
545665,0
545666,27
545667,0
545668,0
545669,0
545670,0
545671,0
545672,0
545673,48
545674,0
545675,0
545676,0
545677,0
545678,0
545679,0
545680,0
545681,0
545682,0
545683,18
545684,0
545685,0
545686,0
545687,0
545688,0
545689,0
545690,0
545691,0
545692,0
545693,0
545694,0
545695,0
545696,0
545697,30
545698,0
545699,0
545700,0
545701,0
545702,0
545703,0
545704,0
545705,0
545706,0
545707,40
545708,0
545709,0
545710,0
545711,0
545712,30
545713,0
545714,0
545715,0
545716,0
545717,0
545718,0
545719,41
545720,0
545721,0
545722,0
545723,0
545724,0
545725,0
545726,0
545727,0
545728,0
545729,0
545730,0
545731,0
545732,0
545733,0
545734,0
545735,0
545736,0
545737,0
545738,0
545739,0
545740,0
545741,0
545742,26
545743,0
545744,0
545745,0
545746,0
545747,0
545748,0
545749,0
545750,0
545751,0
545752,0
545753,0
545754,0
545755,0
545756,0
545757,0
545758,0
545759,0
545760,0
545761,0
545762,0
545763,17
545764,0
545765,0
545766,0
545767,0
545768,0
545769,0
545770,0
545771,0
545772,0
545773,0
545774,0
545775,0
545776,0
545777,0
545778,0
545779,0
545780,0
545781,0
545782,0
545783,0
545784,0
545785,0
545786,0
545787,0
545788,0
545789,0
545790,0
545791,0
545792,0
545793,0
545794,0
545795,0
545796,0
545797,0
545798,0
545799,0
545800,0
545801,0
545802,0
545803,0
545804,0
545805,0
545806,29
545807,0
545808,0
545809,0
545810,0
545811,0
545812,0
545813,20
545814,0
545815,0
545816,0
545817,0
545818,0
545819,0
545820,0
545821,0
545822,45
545823,0
545824,0
545825,0
545826,0
545827,0
545828,0
545829,0
545830,0
545831,0
545832,45
545833,0
545834,0
545835,0
545836,0
545837,0
545838,0
545839,0
545840,0
545841,0
545842,0
545843,0
545844,0
545845,0
545846,0
545847,0
545848,30
545849,0
545850,0
545851,0
545852,0
545853,28
545854,0
545855,0
545856,0
545857,0
545858,0
545859,0
545860,0
545861,0
545862,0
545863,0
545864,0
545865,0
545866,0
545867,0
545868,0
545869,0
545870,27
545871,0
545872,0
545873,0
545874,0
545875,0
545876,0
545877,25
545878,0
545879,0
545880,0
545881,0
545882,0
545883,0
545884,0
545885,0
545886,0
545887,0
545888,0
545889,0
545890,0
545891,35
545892,0
545893,0
545894,22
545895,0
545896,0
545897,0
545898,0
545899,0
545900,0
545901,0
545902,0
545903,0
545904,0
545905,0
545906,0
545907,0
545908,0
545909,0
545910,0
545911,0
545912,0
545913,0
545914,0
545915,0
545916,22
545917,0
545918,36
545919,0
545920,32
545921,24
545922,0
545923,0
545924,0
545925,0
545926,0
545927,0
545928,0
545929,0
545930,0
545931,0
545932,0
545933,27
545934,0
545935,0
545936,0
545937,39
545938,0
545939,0
545940,0
545941,0
545942,0
545943,0
545944,0
545945,0
545946,0
545947,0
545948,0
545949,0
545950,0
545951,0
545952,25
545953,0
545954,0
545955,0
545956,0
545957,0
545958,0
545959,0
545960,0
545961,0
545962,0
545963,0
545964,26
545965,0
545966,0
545967,0
545968,0
545969,0
545970,0
545971,61
545972,0
545973,0
545974,0
545975,0
545976,0
545977,0
545978,0
545979,0
545980,32
545981,0
545982,0
545983,0
545984,0
545985,0
545986,0
545987,0
545988,23
545989,0
545990,31
545991,0
545992,0
545993,0
545994,0
545995,0
545996,0
545997,0
545998,0
545999,0
546000,0
546001,27
546002,0
546003,0
546004,0
546005,0
546006,0
546007,0
546008,0
546009,0
546010,0
546011,0
546012,0
546013,0
546014,0
546015,21
546016,0
546017,0
546018,0
546019,0
546020,0
546021,0
546022,0
546023,0
546024,0
546025,0
546026,0
546027,0
546028,38
546029,0
546030,0
546031,0
546032,0
546033,0
546034,21
546035,0
546036,0
546037,0
546038,0
546039,0
546040,0
546041,0
546042,0
546043,0
546044,0
546045,0
546046,0
546047,22
546048,0
546049,0
546050,0
546051,0
546052,0
546053,0
546054,0
546055,0
546056,0
546057,29
546058,0
546059,0
546060,0
546061,0
546062,37
546063,31
546064,0
546065,0
546066,0
546067,0
546068,0
546069,0
546070,0
546071,0
546072,19
546073,0
546074,26
546075,39
546076,0
546077,30
546078,0
546079,0
546080,0
546081,0
546082,0
546083,0
546084,0
546085,0
546086,0
546087,28
546088,0
546089,0
546090,0
546091,0
546092,0
546093,0
546094,0
546095,0
546096,0
546097,0
546098,0
546099,0
546100,0
546101,0
546102,0
546103,0
546104,0
546105,28
546106,0
546107,0
546108,0
546109,0
546110,0
546111,0
546112,37
546113,0
546114,0
546115,0
546116,0
546117,0
546118,0
546119,0
546120,20
546121,0
546122,0
546123,0
546124,0
546125,0
546126,0
546127,0
546128,0
546129,0
546130,0
546131,0
546132,39
546133,0
546134,0
546135,0
546136,0
546137,0
546138,0
546139,0
546140,0
546141,0
546142,0
546143,0
546144,0
546145,0
546146,0
546147,0
546148,0
546149,0
546150,0
546151,0
546152,0
546153,0
546154,37
546155,0
546156,0
546157,0
546158,0
546159,0
546160,33
546161,0
546162,0
546163,0
546164,23
546165,32
546166,0
546167,0
546168,0
546169,0
546170,0
546171,0
546172,31
546173,24
546174,0
546175,0
546176,0
546177,0
546178,0
546179,0
546180,0
546181,0
546182,0
546183,0
546184,0
546185,0
546186,0
546187,29
546188,0
546189,0
546190,0
546191,38
546192,0
546193,0
546194,0
546195,21
546196,0
546197,0
546198,0
546199,0
546200,0
546201,0
546202,0
546203,0
546204,0
546205,29
546206,0
546207,0
546208,0
546209,0
546210,0
546211,0
546212,0
546213,0
546214,26
546215,0
546216,0
546217,0
546218,0
546219,0
546220,0
546221,23
546222,0
546223,0
546224,0
546225,0
546226,0
546227,0
546228,0
546229,0
546230,0
546231,0
546232,0
546233,0
546234,0
546235,0
546236,0
546237,0
546238,0
546239,0
546240,0
546241,0
546242,0
546243,0
546244,0
546245,0
546246,0
546247,0
546248,0
546249,0
546250,0
546251,0
546252,0
546253,0
546254,0
546255,0
546256,0
546257,27
546258,0
546259,0
546260,0
546261,0
546262,0
546263,0
546264,0
546265,0
546266,0
546267,0
546268,0
546269,0
546270,0
546271,0
546272,18
546273,0
546274,0
546275,0
546276,0
546277,0
546278,26
546279,0
546280,0
546281,0
546282,49
546283,0
546284,0
546285,0
546286,0
546287,0
546288,0
546289,26
546290,0
546291,0
546292,0
546293,0
546294,0
546295,0
546296,0
546297,0
546298,0
546299,0
546300,0
546301,0
546302,0
546303,0
546304,0
546305,0
546306,0
546307,0
546308,32
546309,0
546310,0
546311,0
546312,0
546313,0
546314,0
546315,0
546316,0
546317,0
546318,0
546319,0
546320,0
546321,0
546322,0
546323,0
546324,0
546325,0
546326,0
546327,0
546328,0
546329,37
546330,0
546331,0
546332,23
546333,30
546334,0
546335,0
546336,0
546337,0
546338,35
546339,0
546340,0
546341,0
546342,0
546343,0
546344,0
546345,0
546346,0
546347,0
546348,0
546349,0
546350,0
546351,0
546352,0
546353,0
546354,0
546355,0
546356,0
546357,8
546358,0
546359,0
546360,0
546361,0
546362,0
546363,7
546364,0
546365,0
546366,0
546367,12
546368,0
546369,0
546370,0
546371,0
546372,0
546373,12
546374,0
546375,0
546376,0
546377,0
546378,0
546379,0
546380,0
546381,0
546382,0
546383,14
546384,0
546385,0
546386,0
546387,0
546388,0
546389,0
546390,0
546391,0
546392,0
546393,0
546394,0
546395,9
546396,0
546397,0
546398,0
546399,0
546400,0
546401,0
546402,0
546403,13
546404,0
546405,0
546406,0
546407,0
546408,0
546409,0
546410,10
546411,8
546412,0
546413,0
546414,0
546415,0
546416,0
546417,0
546418,0
546419,17
546420,7
546421,0
546422,0
546423,0
546424,0
546425,0
546426,0
546427,0
546428,0
546429,8
546430,0
546431,10
546432,0
546433,0
546434,0
546435,0
546436,0
546437,0
546438,0
546439,7
546440,0
546441,0
546442,7
546443,0
546444,9
546445,0
546446,0
546447,0
546448,0
546449,0
546450,12
546451,0
546452,0
546453,0
546454,17
546455,0
546456,0
546457,0
546458,0
546459,0
546460,0
546461,0
546462,0
546463,0
546464,0
546465,0
546466,0
546467,0
546468,0
546469,0
546470,0
546471,10
546472,0
546473,0
546474,0
546475,9
546476,0
546477,8
546478,0
546479,0
546480,0
546481,0
546482,0
546483,0
546484,0
546485,0
546486,0
546487,0
546488,0
546489,0
546490,0
546491,0
546492,0
546493,9
546494,0
546495,0
546496,0
546497,8
546498,0
546499,0
546500,0
546501,0
546502,0
546503,0
546504,0
546505,0
546506,0
546507,0
546508,0
546509,0
546510,0
546511,0
546512,0
546513,0
546514,0
546515,0
546516,0
546517,11
546518,0
546519,0
546520,0
546521,0
546522,0
546523,0
546524,0
546525,0
546526,0
546527,0
546528,0
546529,0
546530,0
546531,0
546532,0
546533,0
546534,0
546535,0
546536,0
546537,0
546538,0
546539,0
546540,0
546541,0
546542,0
546543,0
546544,0
546545,0
546546,0
546547,0
546548,0
546549,6
546550,0
546551,0
546552,9
546553,0
546554,0
546555,12
546556,0
546557,0
546558,0
546559,0
546560,14
546561,0
546562,0
546563,0
546564,0
546565,0
546566,0
546567,0
546568,0
546569,0
546570,11
546571,17
546572,0
546573,0
546574,0
546575,0
546576,0
546577,0
546578,0
546579,0
546580,15
546581,0
546582,0
546583,0
546584,16
546585,0
546586,11
546587,0
546588,0
546589,0
546590,0
546591,0
546592,0
546593,0
546594,0
546595,0
546596,0
546597,0
546598,0
546599,7
546600,0
546601,0
546602,0
546603,0
546604,0
546605,0
546606,0
546607,0
546608,16
546609,0
546610,0
546611,8
546612,0
546613,0
546614,0
546615,0
546616,0
546617,0
546618,0
546619,0
546620,0
546621,16
546622,0
546623,0
546624,0
546625,0
546626,0
546627,0
546628,0
546629,0
546630,0
546631,10
546632,18
546633,0
546634,0
546635,13
546636,0
546637,11
546638,0
546639,0
546640,0
546641,0
546642,0
546643,0
546644,0
546645,0
546646,4
546647,0
546648,0
546649,0
546650,0
546651,0
546652,0
546653,0
546654,0
546655,0
546656,0
546657,0
546658,0
546659,0
546660,0
546661,0
546662,0
546663,0
546664,0
546665,0
546666,0
546667,4
546668,10
546669,0
546670,0
546671,0
546672,0
546673,0
546674,0
546675,0
546676,0
546677,0
546678,0
546679,0
546680,0
546681,0
546682,0
546683,0
546684,0
546685,0
546686,0
546687,0
546688,0
546689,0
546690,0
546691,0
546692,0
546693,0
546694,0
546695,0
546696,0
546697,0
546698,0
546699,10
546700,0
546701,0
546702,0
546703,0
546704,5
546705,0
546706,0
546707,0
546708,0
546709,0
546710,0
546711,0
546712,0
546713,0
546714,0
546715,0
546716,0
546717,5
546718,0
546719,0
546720,12
546721,0
546722,0
546723,0
546724,0
546725,0
546726,0
546727,13
546728,0
546729,0
546730,0
546731,0
546732,0
546733,0
546734,0
546735,0
546736,0
546737,0
546738,0
546739,0
546740,0
546741,0
546742,0
546743,0
546744,0
546745,0
546746,0
546747,0
546748,0
546749,0
546750,0
546751,0
546752,0
546753,0
546754,0
546755,0
546756,9
546757,0
546758,0
546759,0
546760,0
546761,0
546762,0
546763,0
546764,0
546765,0
546766,0
546767,18
546768,0
546769,0
546770,0
546771,0
546772,0
546773,0
546774,0
546775,0
546776,0
546777,0
546778,0
546779,5
546780,0
546781,0
546782,0
546783,0
546784,0
546785,0
546786,0
546787,0
546788,0
546789,0
546790,0
546791,0
546792,0
546793,0
546794,0
546795,0
546796,0
546797,0
546798,0
546799,0
546800,0
546801,0
546802,12
546803,0
546804,0
546805,0
546806,0
546807,0
546808,0
546809,0
546810,0
546811,0
546812,0
546813,0
546814,0
546815,12
546816,0
546817,0
546818,11
546819,0
546820,0
546821,0
546822,0
546823,0
546824,0
546825,0
546826,0
546827,0
546828,0
546829,0
546830,0
546831,0
546832,0
546833,0
546834,0
546835,0
546836,0
546837,0
546838,0
546839,0
546840,0
546841,0
546842,0
546843,10
546844,20
546845,0
546846,0
546847,13
546848,0
546849,0
546850,0
546851,0
546852,0
546853,0
546854,0
546855,0
546856,0
546857,0
546858,0
546859,0
546860,0
546861,0
546862,0
546863,0
546864,0
546865,0
546866,0
546867,0
546868,14
546869,0
546870,0
546871,0
546872,0
546873,0
546874,0
546875,0
546876,0
546877,0
546878,0
546879,0
546880,0
546881,0
546882,0
546883,0
546884,0
546885,0
546886,15
546887,0
546888,0
546889,0
546890,0
546891,9
546892,0
546893,0
546894,0
546895,0
546896,0
546897,0
546898,0
546899,0
546900,0
546901,0
546902,0
546903,0
546904,0
546905,0
546906,0
546907,0
546908,0
546909,0
546910,0
546911,0
546912,0
546913,0
546914,0
546915,0
546916,0
546917,0
546918,0
546919,0
546920,0
546921,0
546922,0
546923,0
546924,0
546925,0
546926,12
546927,0
546928,0
546929,0
546930,0
546931,0
546932,0
546933,0
546934,0
546935,0
546936,12
546937,0
546938,0
546939,0
546940,0
546941,0
546942,0
546943,0
546944,17
546945,19
546946,0
546947,0
546948,0
546949,0
546950,23
546951,0
546952,0
546953,0
546954,0
546955,0
546956,0
546957,0
546958,0
546959,0
546960,0
546961,0
546962,0
546963,0
546964,10
546965,0
546966,0
546967,18
546968,0
546969,0
546970,0
546971,0
546972,0
546973,0
546974,0
546975,0
546976,0
546977,0
546978,0
546979,15
546980,0
546981,12
546982,0
546983,0
546984,0
546985,0
546986,0
546987,0
546988,0
546989,0
546990,0
546991,0
546992,0
546993,0
546994,0
546995,0
546996,0
546997,0
546998,0
546999,0
547000,0
547001,0
547002,0
547003,0
547004,0
547005,10
547006,0
547007,11
547008,0
547009,0
547010,14
547011,0
547012,0
547013,13
547014,0
547015,0
547016,0
547017,0
547018,0
547019,15
547020,10
547021,15
547022,0
547023,0
547024,11
547025,0
547026,14
547027,0
547028,0
547029,0
547030,0
547031,0
547032,0
547033,15
547034,0
547035,0
547036,0
547037,0
547038,11
547039,0
547040,0
547041,0
547042,0
547043,0
547044,0
547045,0
547046,0
547047,0
547048,0
547049,0
547050,0
547051,0
547052,18
547053,0
547054,15
547055,0
547056,14
547057,0
547058,0
547059,0
547060,0
547061,0
547062,0
547063,27
547064,0
547065,0
547066,0
547067,0
547068,0
547069,0
547070,0
547071,0
547072,0
547073,23
547074,0
547075,0
547076,0
547077,0
547078,0
547079,0
547080,0
547081,0
547082,0
547083,0
547084,0
547085,0
547086,0
547087,0
547088,0
547089,0
547090,18
547091,0
547092,11
547093,17
547094,0
547095,0
547096,0
547097,12
547098,18
547099,0
547100,0
547101,0
547102,0
547103,16
547104,0
547105,0
547106,9
547107,0
547108,0
547109,0
547110,0
547111,18
547112,0
547113,0
547114,12
547115,0
547116,0
547117,0
547118,17
547119,0
547120,0
547121,0
547122,0
547123,0
547124,13
547125,0
547126,0
547127,0
547128,16
547129,0
547130,12
547131,0
547132,0
547133,0
547134,0
547135,0
547136,0
547137,7
547138,0
547139,0
547140,0
547141,16
547142,0
547143,11
547144,0
547145,0
547146,0
547147,0
547148,15
547149,0
547150,0
547151,0
547152,0
547153,0
547154,0
547155,0
547156,0
547157,0
547158,0
547159,0
547160,0
547161,0
547162,28
547163,0
547164,0
547165,0
547166,0
547167,12
547168,0
547169,0
547170,0
547171,0
547172,0
547173,0
547174,0
547175,0
547176,0
547177,16
547178,0
547179,0
547180,0
547181,0
547182,0
547183,0
547184,0
547185,0
547186,0
547187,0
547188,0
547189,0
547190,0
547191,0
547192,0
547193,0
547194,11
547195,0
547196,0
547197,25
547198,0
547199,0
547200,0
547201,0
547202,0
547203,11
547204,0
547205,0
547206,0
547207,0
547208,0
547209,0
547210,0
547211,0
547212,0
547213,0
547214,0
547215,0
547216,13
547217,13
547218,0
547219,0
547220,0
547221,12
547222,0
547223,0
547224,0
547225,0
547226,0
547227,0
547228,0
547229,0
547230,0
547231,0
547232,0
547233,0
547234,0
547235,0
547236,0
547237,0
547238,0
547239,0
547240,0
547241,0
547242,0
547243,0
547244,0
547245,21
547246,0
547247,17
547248,0
547249,0
547250,15
547251,0
547252,0
547253,12
547254,0
547255,20
547256,0
547257,0
547258,17
547259,0
547260,0
547261,0
547262,0
547263,18
547264,16
547265,19
547266,0
547267,0
547268,0
547269,0
547270,0
547271,0
547272,0
547273,17
547274,0
547275,0
547276,0
547277,0
547278,0
547279,22
547280,0
547281,0
547282,0
547283,0
547284,0
547285,0
547286,0
547287,0
547288,0
547289,0
547290,0
547291,0
547292,15
547293,0
547294,0
547295,0
547296,0
547297,0
547298,0
547299,8
547300,20
547301,0
547302,0
547303,14
547304,0
547305,0
547306,0
547307,0
547308,0
547309,0
547310,0
547311,0
547312,0
547313,0
547314,0
547315,0
547316,0
547317,0
547318,0
547319,0
547320,0
547321,0
547322,0
547323,11
547324,0
547325,0
547326,14
547327,0
547328,0
547329,0
547330,14
547331,0
547332,0
547333,0
547334,13
547335,0
547336,0
547337,16
547338,0
547339,0
547340,0
547341,0
547342,0
547343,0
547344,11
547345,0
547346,0
547347,0
547348,0
547349,0
547350,0
547351,0
547352,0
547353,0
547354,12
547355,0
547356,0
547357,0
547358,0
547359,24
547360,18
547361,0
547362,0
547363,0
547364,0
547365,11
547366,0
547367,0
547368,0
547369,0
547370,0
547371,8
547372,0
547373,0
547374,0
547375,6
547376,0
547377,21
547378,11
547379,0
547380,0
547381,0
547382,12
547383,0
547384,0
547385,10
547386,0
547387,0
547388,0
547389,10
547390,0
547391,0
547392,0
547393,0
547394,7
547395,0
547396,0
547397,15
547398,12
547399,0
547400,0
547401,0
547402,0
547403,12
547404,15
547405,0
547406,0
547407,0
547408,0
547409,0
547410,0
547411,0
547412,0
547413,11
547414,0
547415,0
547416,0
547417,0
547418,15
547419,0
547420,0
547421,0
547422,0
547423,0
547424,0
547425,0
547426,0
547427,0
547428,0
547429,0
547430,0
547431,11
547432,0
547433,16
547434,15
547435,0
547436,0
547437,0
547438,0
547439,10
547440,0
547441,0
547442,0
547443,0
547444,0
547445,0
547446,0
547447,0
547448,0
547449,0
547450,0
547451,0
547452,19
547453,0
547454,0
547455,0
547456,0
547457,19
547458,0
547459,0
547460,0
547461,0
547462,0
547463,0
547464,11
547465,0
547466,0
547467,0
547468,0
547469,0
547470,0
547471,0
547472,0
547473,0
547474,0
547475,0
547476,9
547477,12
547478,11
547479,18
547480,0
547481,0
547482,14
547483,0
547484,0
547485,0
547486,0
547487,0
547488,16
547489,0
547490,0
547491,0
547492,0
547493,0
547494,0
547495,0
547496,15
547497,0
547498,0
547499,0
547500,7
547501,0
547502,0
547503,20
547504,0
547505,0
547506,0
547507,13
547508,0
547509,11
547510,0
547511,0
547512,0
547513,0
547514,0
547515,0
547516,0
547517,0
547518,0
547519,0
547520,0
547521,43
547522,0
547523,0
547524,0
547525,0
547526,0
547527,0
547528,0
547529,0
547530,0
547531,0
547532,0
547533,0
547534,0
547535,0
547536,0
547537,0
547538,0
547539,0
547540,0
547541,15
547542,0
547543,0
547544,0
547545,0
547546,0
547547,0
547548,0
547549,0
547550,0
547551,0
547552,0
547553,0
547554,0
547555,0
547556,0
547557,32
547558,0
547559,0
547560,0
547561,0
547562,0
547563,0
547564,0
547565,0
547566,0
547567,0
547568,0
547569,0
547570,17
547571,0
547572,0
547573,16
547574,0
547575,0
547576,0
547577,12
547578,0
547579,0
547580,0
547581,0
547582,0
547583,0
547584,0
547585,0
547586,0
547587,0
547588,20
547589,0
547590,14
547591,0
547592,0
547593,0
547594,0
547595,0
547596,0
547597,0
547598,0
547599,0
547600,0
547601,0
547602,0
547603,0
547604,11
547605,0
547606,26
547607,0
547608,0
547609,16
547610,0
547611,18
547612,0
547613,0
547614,20
547615,0
547616,0
547617,0
547618,0
547619,20
547620,18
547621,24
547622,16
547623,0
547624,0
547625,0
547626,0
547627,0
547628,0
547629,0
547630,0
547631,0
547632,0
547633,22
547634,0
547635,13
547636,0
547637,0
547638,0
547639,0
547640,0
547641,0
547642,0
547643,13
547644,0
547645,19
547646,13
547647,13
547648,0
547649,0
547650,0
547651,0
547652,0
547653,0
547654,14
547655,0
547656,0
547657,13
547658,17
547659,0
547660,20
547661,21
547662,0
547663,0
547664,18
547665,26
547666,0
547667,0
547668,0
547669,0
547670,0
547671,0
547672,0
547673,0
547674,0
547675,0
547676,0
547677,0
547678,0
547679,0
547680,0
547681,12
547682,12
547683,15
547684,0
547685,0
547686,0
547687,0
547688,15
547689,12
547690,0
547691,15
547692,0
547693,0
547694,0
547695,0
547696,0
547697,0
547698,0
547699,0
547700,0
547701,14
547702,0
547703,0
547704,13
547705,0
547706,0
547707,0
547708,0
547709,0
547710,0
547711,0
547712,19
547713,10
547714,0
547715,0
547716,0
547717,0
547718,0
547719,0
547720,0
547721,10
547722,0
547723,0
547724,20
547725,0
547726,0
547727,0
547728,0
547729,0
547730,0
547731,14
547732,0
547733,0
547734,0
547735,11
547736,0
547737,0
547738,0
547739,0
547740,16
547741,0
547742,0
547743,0
547744,0
547745,0
547746,0
547747,9
547748,19
547749,0
547750,0
547751,0
547752,0
547753,0
547754,21
547755,0
547756,0
547757,0
547758,0
547759,0
547760,0
547761,10
547762,0
547763,0
547764,0
547765,0
547766,0
547767,0
547768,12
547769,0
547770,0
547771,0
547772,0
547773,0
547774,18
547775,0
547776,0
547777,0
547778,0
547779,0
547780,0
547781,0
547782,0
547783,0
547784,0
547785,16
547786,25
547787,0
547788,0
547789,0
547790,0
547791,0
547792,0
547793,18
547794,16
547795,0
547796,0
547797,0
547798,0
547799,18
547800,0
547801,0
547802,0
547803,0
547804,0
547805,17
547806,9
547807,0
547808,0
547809,0
547810,0
547811,0
547812,0
547813,0
547814,0
547815,0
547816,0
547817,20
547818,0
547819,0
547820,0
547821,0
547822,0
547823,0
547824,0
547825,0
547826,0
547827,0
547828,0
547829,0
547830,16
547831,0
547832,17
547833,0
547834,0
547835,0
547836,19
547837,0
547838,18
547839,0
547840,0
547841,0
547842,0
547843,0
547844,0
547845,0
547846,0
547847,24
547848,0
547849,0
547850,15
547851,0
547852,12
547853,0
547854,0
547855,0
547856,0
547857,0
547858,0
547859,14
547860,0
547861,0
547862,21
547863,0
547864,0
547865,0
547866,13
547867,10
547868,0
547869,0
547870,13
547871,11
547872,0
547873,23
547874,0
547875,14
547876,0
547877,0
547878,0
547879,0
547880,0
547881,8
547882,8
547883,20
547884,0
547885,0
547886,0
547887,0
547888,19
547889,0
547890,0
547891,0
547892,0
547893,0
547894,0
547895,0
547896,0
547897,0
547898,18
547899,0
547900,0
547901,0
547902,11
547903,0
547904,0
547905,0
547906,0
547907,9
547908,0
547909,0
547910,8
547911,0
547912,9
547913,0
547914,0
547915,18
547916,8
547917,26
547918,0
547919,0
547920,0
547921,0
547922,0
547923,0
547924,0
547925,16
547926,0
547927,0
547928,0
547929,16
547930,0
547931,0
547932,0
547933,0
547934,0
547935,0
547936,0
547937,0
547938,0
547939,0
547940,0
547941,0
547942,0
547943,0
547944,18
547945,0
547946,0
547947,0
547948,0
547949,0
547950,0
547951,0
547952,24
547953,12
547954,12
547955,0
547956,0
547957,9
547958,0
547959,0
547960,0
547961,0
547962,0
547963,0
547964,20
547965,0
547966,18
547967,0
547968,12
547969,14
547970,0
547971,0
547972,0
547973,0
547974,0
547975,0
547976,0
547977,0
547978,0
547979,12
547980,10
547981,17
547982,0
547983,18
547984,0
547985,0
547986,0
547987,0
547988,0
547989,21
547990,0
547991,0
547992,0
547993,0
547994,0
547995,0
547996,0
547997,9
547998,0
547999,0
548000,0
548001,0
548002,0
548003,0
548004,18
548005,0
548006,11
548007,0
548008,0
548009,0
548010,0
548011,14
548012,0
548013,0
548014,0
548015,0
548016,0
548017,0
548018,12
548019,12
548020,0
548021,0
548022,19
548023,0
548024,0
548025,0
548026,0
548027,0
548028,0
548029,0
548030,0
548031,0
548032,0
548033,0
548034,0
548035,10
548036,0
548037,0
548038,0
548039,14
548040,0
548041,0
548042,8
548043,12
548044,0
548045,0
548046,19
548047,0
548048,0
548049,0
548050,0
548051,0
548052,19
548053,0
548054,0
548055,25
548056,17
548057,0
548058,0
548059,0
548060,0
548061,0
548062,0
548063,0
548064,0
548065,8
548066,0
548067,0
548068,15
548069,0
548070,0
548071,0
548072,0
548073,14
548074,0
548075,0
548076,0
548077,0
548078,0
548079,0
548080,0
548081,16
548082,0
548083,0
548084,0
548085,23
548086,0
548087,11
548088,0
548089,0
548090,15
548091,0
548092,19
548093,0
548094,16
548095,0
548096,0
548097,0
548098,0
548099,0
548100,15
548101,0
548102,14
548103,0
548104,0
548105,0
548106,0
548107,0
548108,0
548109,0
548110,0
548111,15
548112,0
548113,0
548114,18
548115,0
548116,0
548117,0
548118,0
548119,0
548120,0
548121,0
548122,0
548123,0
548124,0
548125,0
548126,0
548127,0
548128,0
548129,0
548130,0
548131,0
548132,0
548133,0
548134,0
548135,0
548136,0
548137,16
548138,0
548139,0
548140,23
548141,0
548142,0
548143,0
548144,0
548145,0
548146,10
548147,0
548148,0
548149,0
548150,20
548151,0
548152,0
548153,0
548154,0
548155,0
548156,0
548157,0
548158,0
548159,0
548160,0
548161,0
548162,0
548163,19
548164,0
548165,0
548166,0
548167,0
548168,0
548169,0
548170,0
548171,0
548172,0
548173,0
548174,0
548175,0
548176,0
548177,0
548178,0
548179,0
548180,0
548181,0
548182,0
548183,0
548184,0
548185,0
548186,0
548187,0
548188,0
548189,15
548190,0
548191,0
548192,0
548193,0
548194,0
548195,12
548196,0
548197,0
548198,0
548199,0
548200,14
548201,0
548202,0
548203,12
548204,0
548205,0
548206,0
548207,0
548208,0
548209,13
548210,0
548211,23
548212,0
548213,0
548214,0
548215,0
548216,13
548217,0
548218,0
548219,0
548220,0
548221,10
548222,0
548223,0
548224,0
548225,0
548226,0
548227,0
548228,0
548229,0
548230,0
548231,12
548232,0
548233,0
548234,0
548235,0
548236,0
548237,0
548238,0
548239,0
548240,0
548241,27
548242,0
548243,13
548244,0
548245,0
548246,0
548247,0
548248,0
548249,0
548250,13
548251,0
548252,0
548253,11
548254,0
548255,0
548256,15
548257,0
548258,0
548259,0
548260,0
548261,12
548262,0
548263,0
548264,0
548265,0
548266,0
548267,0
548268,0
548269,16
548270,19
548271,14
548272,0
548273,0
548274,0
548275,0
548276,0
548277,23
548278,0
548279,0
548280,0
548281,0
548282,0
548283,11
548284,20
548285,0
548286,0
548287,16
548288,0
548289,0
548290,14
548291,12
548292,0
548293,0
548294,0
548295,10
548296,0
548297,0
548298,16
548299,0
548300,0
548301,0
548302,21
548303,14
548304,15
548305,0
548306,0
548307,0
548308,0
548309,18
548310,0
548311,0
548312,0
548313,0
548314,12
548315,12
548316,0
548317,0
548318,0
548319,0
548320,0
548321,0
548322,0
548323,0
548324,0
548325,0
548326,15
548327,0
548328,14
548329,0
548330,0
548331,0
548332,0
548333,0
548334,0
548335,0
548336,15
548337,13
548338,0
548339,0
548340,0
548341,0
548342,0
548343,0
548344,0
548345,0
548346,0
548347,0
548348,0
548349,0
548350,0
548351,0
548352,0
548353,0
548354,0
548355,0
548356,0
548357,0
548358,0
548359,0
548360,0
548361,0
548362,21
548363,11
548364,0
548365,0
548366,0
548367,17
548368,0
548369,0
548370,0
548371,21
548372,0
548373,0
548374,22
548375,0
548376,11
548377,0
548378,0
548379,15
548380,0
548381,16
548382,0
548383,0
548384,0
548385,14
548386,0
548387,17
548388,0
548389,9
548390,0
548391,0
548392,0
548393,15
548394,0
548395,16
548396,0
548397,0
548398,0
548399,0
548400,0
548401,16
548402,19
548403,13
548404,0
548405,16
548406,17
548407,0
548408,0
548409,0
548410,0
548411,0
548412,0
548413,0
548414,0
548415,0
548416,0
548417,0
548418,14
548419,0
548420,0
548421,0
548422,12
548423,21
548424,0
548425,0
548426,0
548427,0
548428,0
548429,13
548430,0
548431,13
548432,18
548433,0
548434,0
548435,0
548436,0
548437,0
548438,0
548439,18
548440,0
548441,0
548442,0
548443,0
548444,0
548445,10
548446,21
548447,0
548448,0
548449,0
548450,0
548451,0
548452,19
548453,10
548454,0
548455,11
548456,0
548457,0
548458,0
548459,0
548460,0
548461,15
548462,0
548463,0
548464,0
548465,0
548466,0
548467,21
548468,0
548469,0
548470,0
548471,0
548472,0
548473,0
548474,0
548475,0
548476,0
548477,0
548478,5
548479,0
548480,0
548481,0
548482,0
548483,0
548484,0
548485,0
548486,0
548487,0
548488,0
548489,0
548490,0
548491,0
548492,0
548493,0
548494,0
548495,0
548496,0
548497,0
548498,0
548499,0
548500,0
548501,2
548502,0
548503,0
548504,0
548505,0
548506,0
548507,0
548508,0
548509,0
548510,8
548511,0
548512,0
548513,0
548514,0
548515,0
548516,0
548517,0
548518,0
548519,0
548520,0
548521,0
548522,0
548523,0
548524,0
548525,0
548526,0
548527,0
548528,0
548529,0
548530,0
548531,0
548532,0
548533,3
548534,0
548535,0
548536,0
548537,0
548538,0
548539,0
548540,8
548541,0
548542,0
548543,0
548544,0
548545,4
548546,0
548547,0
548548,0
548549,0
548550,0
548551,0
548552,6
548553,0
548554,5
548555,0
548556,0
548557,0
548558,0
548559,0
548560,0
548561,0
548562,0
548563,0
548564,0
548565,0
548566,0
548567,0
548568,4
548569,0
548570,0
548571,0
548572,0
548573,0
548574,2
548575,0
548576,0
548577,0
548578,0
548579,0
548580,0
548581,0
548582,0
548583,0
548584,0
548585,0
548586,0
548587,0
548588,0
548589,0
548590,9
548591,0
548592,0
548593,0
548594,0
548595,0
548596,0
548597,0
548598,0
548599,0
548600,0
548601,0
548602,4
548603,0
548604,7
548605,0
548606,0
548607,0
548608,0
548609,0
548610,0
548611,0
548612,0
548613,0
548614,4
548615,5
548616,0
548617,0
548618,0
548619,0
548620,0
548621,0
548622,0
548623,0
548624,0
548625,0
548626,0
548627,0
548628,0
548629,0
548630,7
548631,0
548632,0
548633,0
548634,0
548635,0
548636,0
548637,0
548638,0
548639,0
548640,0
548641,0
548642,0
548643,0
548644,0
548645,0
548646,0
548647,4
548648,0
548649,0
548650,0
548651,0
548652,0
548653,0
548654,0
548655,0
548656,0
548657,0
548658,0
548659,0
548660,0
548661,4
548662,6
548663,3
548664,0
548665,0
548666,0
548667,0
548668,0
548669,0
548670,3
548671,0
548672,0
548673,0
548674,4
548675,0
548676,0
548677,4
548678,0
548679,4
548680,0
548681,0
548682,2
548683,0
548684,0
548685,0
548686,0
548687,0
548688,0
548689,0
548690,0
548691,0
548692,0
548693,0
548694,0
548695,0
548696,0
548697,0
548698,0
548699,0
548700,0
548701,0
548702,0
548703,0
548704,0
548705,0
548706,0
548707,0
548708,0
548709,0
548710,0
548711,0
548712,0
548713,0
548714,0
548715,0
548716,4
548717,0
548718,0
548719,0
548720,0
548721,0
548722,0
548723,0
548724,0
548725,0
548726,0
548727,0
548728,6
548729,6
548730,0
548731,0
548732,0
548733,0
548734,0
548735,0
548736,3
548737,0
548738,0
548739,0
548740,0
548741,0
548742,0
548743,5
548744,0
548745,0
548746,0
548747,3
548748,0
548749,0
548750,0
548751,0
548752,0
548753,0
548754,0
548755,0
548756,0
548757,0
548758,0
548759,0
548760,0
548761,0
548762,0
548763,0
548764,0
548765,0
548766,0
548767,0
548768,0
548769,4
548770,5
548771,0
548772,0
548773,6
548774,0
548775,0
548776,0
548777,0
548778,0
548779,0
548780,0
548781,0
548782,5
548783,0
548784,0
548785,0
548786,0
548787,0
548788,0
548789,0
548790,3
548791,0
548792,0
548793,0
548794,0
548795,0
548796,5
548797,0
548798,0
548799,0
548800,0
548801,3
548802,4
548803,5
548804,0
548805,0
548806,0
548807,0
548808,0
548809,0
548810,0
548811,0
548812,0
548813,0
548814,0
548815,0
548816,0
548817,0
548818,0
548819,0
548820,0
548821,0
548822,0
548823,2
548824,9
548825,0
548826,0
548827,0
548828,0
548829,0
548830,0
548831,0
548832,0
548833,0
548834,0
548835,0
548836,0
548837,0
548838,0
548839,0
548840,0
548841,0
548842,0
548843,0
548844,7
548845,0
548846,0
548847,0
548848,0
548849,0
548850,0
548851,5
548852,3
548853,0
548854,4
548855,0
548856,0
548857,0
548858,2
548859,0
548860,0
548861,0
548862,0
548863,0
548864,0
548865,0
548866,0
548867,0
548868,3
548869,0
548870,0
548871,0
548872,0
548873,0
548874,0
548875,0
548876,0
548877,0
548878,0
548879,0
548880,0
548881,0
548882,0
548883,0
548884,0
548885,0
548886,0
548887,0
548888,0
548889,29
548890,0
548891,0
548892,33
548893,0
548894,0
548895,0
548896,36
548897,40
548898,30
548899,0
548900,0
548901,0
548902,0
548903,0
548904,0
548905,0
548906,0
548907,0
548908,39
548909,0
548910,0
548911,0
548912,0
548913,39
548914,0
548915,0
548916,0
548917,39
548918,45
548919,0
548920,0
548921,0
548922,33
548923,0
548924,0
548925,0
548926,30
548927,38
548928,28
548929,0
548930,0
548931,0
548932,0
548933,0
548934,0
548935,0
548936,0
548937,0
548938,44
548939,0
548940,0
548941,0
548942,0
548943,0
548944,0
548945,0
548946,34
548947,0
548948,0
548949,0
548950,0
548951,0
548952,0
548953,0
548954,0
548955,0
548956,0
548957,0
548958,0
548959,0
548960,0
548961,0
548962,0
548963,0
548964,0
548965,0
548966,43
548967,41
548968,0
548969,0
548970,0
548971,0
548972,0
548973,28
548974,0
548975,24
548976,0
548977,0
548978,0
548979,0
548980,0
548981,0
548982,0
548983,27
548984,0
548985,0
548986,0
548987,30
548988,39
548989,29
548990,23
548991,29
548992,0
548993,0
548994,0
548995,27
548996,0
548997,0
548998,0
548999,0
549000,16
549001,0
549002,0
549003,0
549004,0
549005,36
549006,26
549007,0
549008,28
549009,0
549010,0
549011,24
549012,0
549013,0
549014,0
549015,0
549016,0
549017,0
549018,26
549019,0
549020,0
549021,0
549022,0
549023,0
549024,0
549025,0
549026,0
549027,0
549028,32
549029,0
549030,0
549031,0
549032,0
549033,0
549034,28
549035,33
549036,31
549037,0
549038,0
549039,0
549040,0
549041,0
549042,53
549043,37
549044,0
549045,27
549046,38
549047,34
549048,32
549049,0
549050,0
549051,0
549052,18
549053,0
549054,0
549055,0
549056,0
549057,15
549058,0
549059,18
549060,0
549061,16
549062,0
549063,0
549064,0
549065,19
549066,0
549067,0
549068,0
549069,17
549070,0
549071,0
549072,0
549073,0
549074,0
549075,0
549076,0
549077,0
549078,9
549079,9
549080,0
549081,0
549082,0
549083,0
549084,0
549085,17
549086,0
549087,0
549088,0
549089,0
549090,17
549091,0
549092,0
549093,0
549094,15
549095,0
549096,0
549097,10
549098,0
549099,0
549100,0
549101,0
549102,16
549103,0
549104,0
549105,0
549106,18
549107,0
549108,0
549109,0
549110,0
549111,16
549112,0
549113,0
549114,0
549115,0
549116,0
549117,0
549118,0
549119,15
549120,25
549121,0
549122,0
549123,0
549124,0
549125,11
549126,0
549127,0
549128,0
549129,0
549130,16
549131,13
549132,22
549133,0
549134,0
549135,0
549136,0
549137,13
549138,0
549139,0
549140,0
549141,13
549142,0
549143,0
549144,19
549145,17
549146,0
549147,0
549148,0
549149,0
549150,0
549151,19
549152,0
549153,27
549154,0
549155,22
549156,0
549157,0
549158,0
549159,0
549160,0
549161,0
549162,0
549163,0
549164,0
549165,0
549166,0
549167,0
549168,0
549169,15
549170,0
549171,0
549172,16
549173,0
549174,21
549175,0
549176,0
549177,0
549178,0
549179,13
549180,0
549181,0
549182,0
549183,11
549184,16
549185,0
549186,18
549187,0
549188,0
549189,14
549190,0
549191,0
549192,0
549193,0
549194,0
549195,0
549196,20
549197,21
549198,0
549199,0
549200,0
549201,14
549202,0
549203,33
549204,0
549205,0
549206,0
549207,0
549208,0
549209,0
549210,0
549211,0
549212,14
549213,9
549214,13
549215,0
549216,0
549217,0
549218,0
549219,0
549220,0
549221,0
549222,0
549223,0
549224,20
549225,11
549226,16
549227,0
549228,0
549229,0
549230,0
549231,0
549232,8
549233,0
549234,0
549235,0
549236,18
549237,0
549238,0
549239,0
549240,0
549241,0
549242,0
549243,0
549244,21
549245,0
549246,17
549247,0
549248,0
549249,9
549250,0
549251,0
549252,10
549253,19
549254,10
549255,0
549256,11
549257,19
549258,0
549259,0
549260,0
549261,0
549262,0
549263,0
549264,14
549265,7
549266,12
549267,0
549268,0
549269,0
549270,0
549271,0
549272,0
549273,0
549274,20
549275,0
549276,0
549277,6
549278,0
549279,0
549280,17
549281,0
549282,0
549283,0
549284,19
549285,0
549286,0
549287,0
549288,0
549289,0
549290,0
549291,0
549292,0
549293,0
549294,12
549295,12
549296,23
549297,15
549298,0
549299,0
549300,0
549301,15
549302,13
549303,16
549304,11
549305,0
549306,13
549307,0
549308,0
549309,0
549310,0
549311,0
549312,0
549313,9
549314,0
549315,0
549316,0
549317,0
549318,20
549319,0
549320,0
549321,0
549322,24
549323,0
549324,0
549325,0
549326,15
549327,0
549328,0
549329,17
549330,0
549331,0
549332,13
549333,0
549334,0
549335,0
549336,0
549337,0
549338,0
549339,18
549340,0
549341,0
549342,0
549343,0
549344,12
549345,0
549346,31
549347,15
549348,16
549349,0
549350,0
549351,11
549352,0
549353,0
549354,17
549355,16
549356,0
549357,0
549358,0
549359,9
549360,21
549361,0
549362,0
549363,0
549364,0
549365,0
549366,0
549367,0
549368,0
549369,0
549370,0
549371,0
549372,17
549373,0
549374,8
549375,0
549376,0
549377,0
549378,0
549379,0
549380,0
549381,0
549382,0
549383,0
549384,0
549385,0
549386,20
549387,0
549388,26
549389,0
549390,0
549391,0
549392,0
549393,0
549394,0
549395,11
549396,16
549397,0
549398,25
549399,0
549400,0
549401,0
549402,0
549403,0
549404,0
549405,0
549406,9
549407,0
549408,18
549409,0
549410,0
549411,0
549412,0
549413,0
549414,19
549415,15
549416,0
549417,0
549418,10
549419,21
549420,0
549421,20
549422,18
549423,0
549424,17
549425,24
549426,0
549427,0
549428,0
549429,0
549430,0
549431,0
549432,0
549433,0
549434,0
549435,0
549436,0
549437,0
549438,0
549439,0
549440,0
549441,0
549442,22
549443,0
549444,0
549445,0
549446,14
549447,0
549448,0
549449,0
549450,12
549451,0
549452,0
549453,0
549454,23
549455,0
549456,8
549457,0
549458,0
549459,0
549460,0
549461,0
549462,21
549463,0
549464,0
549465,0
549466,0
549467,0
549468,19
549469,21
549470,0
549471,0
549472,14
549473,11
549474,13
549475,42
549476,17
549477,15
549478,0
549479,0
549480,0
549481,0
549482,0
549483,0
549484,0
549485,0
549486,19
549487,0
549488,0
549489,0
549490,0
549491,0
549492,0
549493,0
549494,0
549495,0
549496,0
549497,0
549498,22
549499,0
549500,0
549501,0
549502,0
549503,18
549504,10
549505,0
549506,0
549507,16
549508,0
549509,14
549510,19
549511,0
549512,0
549513,0
549514,14
549515,14
549516,0
549517,0
549518,4
549519,23
549520,0
549521,0
549522,0
549523,0
549524,0
549525,20
549526,13
549527,0
549528,16
549529,0
549530,0
549531,0
549532,0
549533,29
549534,0
549535,14
549536,0
549537,0
549538,14
549539,0
549540,13
549541,0
549542,0
549543,0
549544,21
549545,0
549546,0
549547,0
549548,0
549549,0
549550,21
549551,0
549552,13
549553,0
549554,0
549555,0
549556,0
549557,0
549558,0
549559,16
549560,0
549561,0
549562,0
549563,0
549564,11
549565,0
549566,13
549567,0
549568,0
549569,26
549570,14
549571,0
549572,0
549573,0
549574,0
549575,0
549576,0
549577,0
549578,0
549579,0
549580,0
549581,0
549582,0
549583,0
549584,0
549585,0
549586,0
549587,30
549588,9
549589,15
549590,0
549591,24
549592,0
549593,0
549594,0
549595,0
549596,0
549597,12
549598,0
549599,16
549600,0
549601,0
549602,0
549603,0
549604,0
549605,15
549606,4
549607,0
549608,0
549609,0
549610,0
549611,0
549612,23
549613,12
549614,0
549615,0
549616,22
549617,0
549618,0
549619,13
549620,17
549621,0
549622,0
549623,0
549624,0
549625,0
549626,4
549627,0
549628,0
549629,0
549630,15
549631,8
549632,0
549633,22
549634,0
549635,25
549636,0
549637,0
549638,11
549639,6
549640,0
549641,8
549642,0
549643,22
549644,8
549645,0
549646,0
549647,0
549648,0
549649,10
549650,0
549651,23
549652,0
549653,0
549654,11
549655,0
549656,0
549657,24
549658,0
549659,0
549660,21
549661,15
549662,0
549663,0
549664,0
549665,20
549666,0
549667,0
549668,0
549669,0
549670,19
549671,22
549672,0
549673,0
549674,0
549675,0
549676,0
549677,0
549678,0
549679,0
549680,19
549681,0
549682,13
549683,0
549684,20
549685,0
549686,11
549687,0
549688,19
549689,0
549690,0
549691,0
549692,0
549693,0
549694,0
549695,26
549696,0
549697,0
549698,0
549699,25
549700,0
549701,0
549702,17
549703,0
549704,7
549705,20
549706,0
549707,0
549708,0
549709,0
549710,0
549711,0
549712,0
549713,25
549714,0
549715,0
549716,0
549717,0
549718,0
549719,13
549720,0
549721,0
549722,0
549723,19
549724,15
549725,8
549726,0
549727,0
549728,0
549729,0
549730,0
549731,8
549732,0
549733,0
549734,0
549735,0
549736,0
549737,0
549738,0
549739,13
549740,0
549741,0
549742,0
549743,0
549744,10
549745,0
549746,0
549747,0
549748,0
549749,17
549750,24
549751,0
549752,15
549753,0
549754,0
549755,0
549756,13
549757,0
549758,0
549759,0
549760,0
549761,14
549762,0
549763,0
549764,0
549765,0
549766,26
549767,0
549768,0
549769,0
549770,0
549771,0
549772,0
549773,0
549774,18
549775,0
549776,0
549777,0
549778,0
549779,0
549780,0
549781,0
549782,0
549783,0
549784,0
549785,13
549786,10
549787,0
549788,0
549789,0
549790,0
549791,0
549792,0
549793,0
549794,11
549795,0
549796,0
549797,0
549798,0
549799,0
549800,0
549801,0
549802,0
549803,0
549804,0
549805,0
549806,0
549807,0
549808,15
549809,0
549810,0
549811,0
549812,0
549813,0
549814,0
549815,16
549816,0
549817,16
549818,0
549819,22
549820,21
549821,0
549822,0
549823,14
549824,10
549825,0
549826,0
549827,0
549828,0
549829,0
549830,11
549831,0
549832,0
549833,0
549834,0
549835,0
549836,0
549837,0
549838,0
549839,0
549840,0
549841,18
549842,0
549843,26
549844,0
549845,13
549846,0
549847,0
549848,0
549849,0
549850,0
549851,0
549852,0
549853,0
549854,0
549855,31
549856,18
549857,0
549858,19
549859,0
549860,0
549861,0
549862,13
549863,25
549864,0
549865,0
549866,0
549867,12
549868,3
549869,0
549870,0
549871,0
549872,6
549873,0
549874,0
549875,0
549876,0
549877,10
549878,0
549879,7
549880,9
549881,0
549882,8
549883,0
549884,0
549885,0
549886,5
549887,0
549888,3
549889,7
549890,0
549891,9
549892,0
549893,0
549894,0
549895,6
549896,0
549897,0
549898,4
549899,0
549900,0
549901,0
549902,0
549903,0
549904,6
549905,0
549906,0
549907,0
549908,0
549909,0
549910,0
549911,5
549912,0
549913,0
549914,0
549915,0
549916,0
549917,0
549918,0
549919,0
549920,0
549921,0
549922,0
549923,0
549924,0
549925,0
549926,0
549927,0
549928,0
549929,0
549930,0
549931,0
549932,0
549933,0
549934,0
549935,0
549936,0
549937,0
549938,0
549939,4
549940,0
549941,14
549942,0
549943,0
549944,0
549945,0
549946,4
549947,4
549948,2
549949,2
549950,0
549951,0
549952,0
549953,0
549954,0
549955,0
549956,3
549957,0
549958,0
549959,0
549960,0
549961,0
549962,0
549963,3
549964,0
549965,15
549966,0
549967,0
549968,0
549969,0
549970,0
549971,0
549972,0
549973,0
549974,0
549975,0
549976,0
549977,0
549978,0
549979,8
549980,0
549981,0
549982,0
549983,0
549984,0
549985,0
549986,5
549987,0
549988,5
549989,7
549990,6
549991,0
549992,0
549993,0
549994,8
549995,0
549996,11
549997,0
549998,0
549999,4
550000,2
550001,0
550002,7
550003,0
550004,0
550005,0
550006,0
550007,0
550008,6
550009,0
550010,4
550011,0
550012,9
550013,6
550014,0
550015,0
550016,0
550017,0
550018,0
550019,0
550020,0
550021,0
550022,0
550023,8
550024,0
550025,0
550026,5
550027,0
550028,13
550029,0
550030,0
550031,0
550032,0
550033,0
550034,0
550035,8
550036,0
550037,0
550038,6
550039,0
550040,0
550041,6
550042,0
550043,0
550044,0
550045,0
550046,0
550047,0
550048,0
550049,0
550050,10
550051,0
550052,0
550053,4
550054,5
550055,0
550056,0
550057,0
550058,0
550059,0
550060,0
550061,0
550062,0
550063,0
550064,0
550065,0
550066,0
550067,0
550068,3
550069,0
550070,3
550071,0
550072,0
550073,4
550074,0
550075,5
550076,0
550077,0
550078,0
550079,0
550080,6
550081,4
550082,0
550083,0
550084,7
550085,0
550086,0
550087,0
550088,0
550089,0
550090,0
550091,0
550092,0
550093,0
550094,0
550095,0
550096,0
550097,0
550098,0
550099,0
550100,0
550101,0
550102,0
550103,0
550104,0
550105,0
550106,0
550107,0
550108,0
550109,4
550110,0
550111,0
550112,0
550113,0
550114,0
550115,0
550116,0
550117,0
550118,0
550119,0
550120,0
550121,0
550122,0
550123,0
550124,0
550125,0
550126,0
550127,0
550128,0
550129,0
550130,0
550131,0
550132,0
550133,3
550134,0
550135,6
550136,4
550137,0
550138,0
550139,0
550140,0
550141,0
550142,0
550143,0
550144,0
550145,0
550146,0
550147,0
550148,0
550149,0
550150,0
550151,0
550152,0
550153,3
550154,6
550155,0
550156,0
550157,0
550158,0
550159,0
550160,0
550161,0
550162,0
550163,2
550164,4
550165,0
550166,0
550167,0
550168,0
550169,0
550170,0
550171,0
550172,0
550173,0
550174,0
550175,0
550176,0
550177,10
550178,0
550179,0
550180,6
550181,0
550182,0
550183,0
550184,0
550185,0
550186,0
550187,0
550188,0
550189,0
550190,5
550191,0
550192,5
550193,0
550194,0
550195,0
550196,0
550197,0
550198,0
550199,0
550200,0
550201,14
550202,8
550203,0
550204,0
550205,0
550206,0
550207,0
550208,0
550209,7
550210,0
550211,0
550212,0
550213,0
550214,0
550215,0
550216,0
550217,11
550218,0
550219,0
550220,0
550221,0
550222,0
550223,0
550224,0
550225,0
550226,6
550227,0
550228,2
550229,0
550230,0
550231,0
550232,0
550233,0
550234,0
550235,0
550236,0
550237,0
550238,0
550239,2
550240,0
550241,0
550242,0
550243,0
550244,7
550245,0
550246,3
550247,0
550248,0
550249,0
550250,0
550251,0
550252,0
550253,0
550254,0
550255,0
550256,8
550257,0
550258,0
550259,0
550260,0
550261,0
550262,0
550263,3
550264,0
550265,2
550266,0
550267,0
550268,0
550269,0
550270,0
550271,0
550272,8
550273,0
550274,0
550275,0
550276,0
550277,0
550278,0
550279,0
550280,0
550281,0
550282,0
550283,0
550284,0
550285,0
550286,8
550287,9
550288,0
550289,0
550290,0
550291,0
550292,0
550293,0
550294,0
550295,0
550296,0
550297,0
550298,0
550299,0
550300,0
550301,0
550302,0
550303,0
550304,4
550305,0
550306,0
550307,0
550308,0
550309,11
550310,0
550311,0
550312,0
550313,0
550314,0
550315,0
550316,0
550317,0
550318,0
550319,0
550320,0
550321,0
550322,0
550323,44
550324,0
550325,51
550326,0
550327,0
550328,0
550329,0
550330,0
550331,0
550332,0
550333,28
550334,0
550335,0
550336,0
550337,0
550338,0
550339,0
550340,0
550341,0
550342,0
550343,0
550344,0
550345,45
550346,0
550347,0
550348,0
550349,0
550350,0
550351,0
550352,23
550353,45
550354,0
550355,0
550356,0
550357,0
550358,0
550359,0
550360,30
550361,0
550362,0
550363,0
550364,0
550365,0
550366,0
550367,0
550368,0
550369,57
550370,0
550371,0
550372,0
550373,0
550374,0
550375,0
550376,48
550377,0
550378,0
550379,0
550380,0
550381,0
550382,0
550383,42
550384,0
550385,0
550386,0
550387,0
550388,55
550389,0
550390,28
550391,0
550392,0
550393,0
550394,0
550395,0
550396,0
550397,0
550398,0
550399,0
550400,0
550401,0
550402,0
550403,0
550404,0
550405,0
550406,0
550407,0
550408,0
550409,0
550410,0
550411,0
550412,0
550413,0
550414,0
550415,0
550416,0
550417,0
550418,0
550419,47
550420,0
550421,0
550422,0
550423,0
550424,0
550425,0
550426,0
550427,0
550428,40
550429,0
550430,0
550431,0
550432,0
550433,0
550434,0
550435,44
550436,0
550437,0
550438,26
550439,49
550440,0
550441,54
550442,43
550443,0
550444,30
550445,0
550446,0
550447,28
550448,0
550449,36
550450,0
550451,25
550452,0
550453,0
550454,0
550455,0
550456,39
550457,0
550458,0
550459,0
550460,0
550461,0
550462,0
550463,0
550464,0
550465,0
550466,0
550467,60
550468,0
550469,0
550470,0
550471,33
550472,0
550473,0
550474,0
550475,47
550476,0
550477,39
550478,0
550479,0
550480,0
550481,30
550482,0
550483,0
550484,0
550485,0
550486,0
550487,0
550488,0
550489,0
550490,0
550491,0
550492,0
550493,38
550494,0
550495,0
550496,44
550497,0
550498,0
550499,0
550500,0
550501,0
550502,0
550503,0
550504,0
550505,0
550506,0
550507,0
550508,0
550509,0
550510,0
550511,0
550512,0
550513,0
550514,0
550515,0
550516,44
550517,0
550518,0
550519,0
550520,0
550521,0
550522,0
550523,0
550524,0
550525,0
550526,0
550527,0
550528,0
550529,0
550530,0
550531,0
550532,0
550533,0
550534,0
550535,0
550536,0
550537,0
550538,43
550539,0
550540,0
550541,0
550542,0
550543,41
550544,0
550545,0
550546,0
550547,43
550548,59
550549,0
550550,0
550551,0
550552,0
550553,0
550554,0
550555,0
550556,0
550557,0
550558,0
550559,0
550560,0
550561,0
550562,0
550563,0
550564,0
550565,0
550566,0
550567,0
550568,0
550569,0
550570,32
550571,0
550572,0
550573,0
550574,40
550575,0
550576,0
550577,0
550578,0
550579,0
550580,0
550581,0
550582,0
550583,0
550584,0
550585,0
550586,0
550587,39
550588,0
550589,0
550590,0
550591,0
550592,0
550593,60
550594,0
550595,48
550596,0
550597,0
550598,0
550599,0
550600,0
550601,0
550602,0
550603,55
550604,0
550605,37
550606,0
550607,0
550608,0
550609,0
550610,0
550611,33
550612,0
550613,0
550614,0
550615,27
550616,32
550617,0
550618,0
550619,0
550620,0
550621,0
550622,0
550623,51
550624,0
550625,0
550626,42
550627,0
550628,0
550629,0
550630,0
550631,0
550632,0
550633,30
550634,0
550635,31
550636,34
550637,0
550638,0
550639,0
550640,0
550641,0
550642,0
550643,0
550644,0
550645,0
550646,0
550647,0
550648,0
550649,49
550650,62
550651,0
550652,0
550653,0
550654,0
550655,0
550656,0
550657,0
550658,0
550659,0
550660,0
550661,0
550662,0
550663,0
550664,0
550665,0
550666,0
550667,0
550668,0
550669,0
550670,0
550671,0
550672,0
550673,0
550674,0
550675,0
550676,0
550677,0
550678,0
550679,0
550680,0
550681,0
550682,0
550683,0
550684,0
550685,0
550686,0
550687,0
550688,0
550689,0
550690,0
550691,0
550692,0
550693,0
550694,0
550695,0
550696,0
550697,0
550698,0
550699,0
550700,0
550701,0
550702,0
550703,0
550704,0
550705,0
550706,0
550707,0
550708,0
550709,0
550710,0
550711,0
550712,0
550713,0
550714,0
550715,0
550716,0
550717,0
550718,0
550719,0
550720,0
550721,0
550722,0
550723,0
550724,0
550725,0
550726,0
550727,0
550728,0
550729,0
550730,0
550731,0
550732,0
550733,0
550734,0
550735,0
550736,0
550737,0
550738,0
550739,0
550740,0
550741,0
550742,0
550743,0
550744,0
550745,0
550746,0
550747,0
550748,0
550749,0
550750,0
550751,0
550752,0
550753,0
550754,0
550755,0
550756,0
550757,0
550758,0
550759,0
550760,0
550761,0
550762,0
550763,0
550764,0
550765,0
550766,0
550767,0
550768,0
550769,0
550770,0
550771,0
550772,0
550773,0
550774,0
550775,0
550776,0
550777,0
550778,0
550779,0
550780,0
550781,0
550782,0
550783,0
550784,0
550785,0
550786,0
550787,0
550788,0
550789,0
550790,0
550791,0
550792,0
550793,0
550794,0
550795,0
550796,0
550797,0
550798,0
550799,0
550800,0
550801,0
550802,0
550803,0
550804,0
550805,0
550806,0
550807,0
550808,0
550809,0
550810,0
550811,0
550812,0
550813,0
550814,0
550815,0
550816,0
550817,0
550818,0
550819,0
550820,0
550821,0
550822,0
550823,0
550824,0
550825,0
550826,0
550827,0
550828,0
550829,0
550830,0
550831,0
550832,0
550833,0
550834,0
550835,0
550836,0
550837,0
550838,0
550839,0
550840,0
550841,0
550842,0
550843,0
550844,0
550845,0
550846,0
550847,0
550848,0
550849,0
550850,0
550851,0
550852,0
550853,0
550854,0
550855,0
550856,0
550857,0
550858,0
550859,0
550860,0
550861,0
550862,0
550863,0
550864,0
550865,0
550866,0
550867,0
550868,0
550869,0
550870,0
550871,0
550872,0
550873,0
550874,0
550875,0
550876,0
550877,0
550878,0
550879,0
550880,0
550881,0
550882,0
550883,0
550884,0
550885,0
550886,0
550887,0
550888,0
550889,0
550890,0
550891,0
550892,0
550893,0
550894,0
550895,0
550896,0
550897,0
550898,0
550899,0
550900,0
550901,0
550902,0
550903,0
550904,0
550905,0
550906,0
550907,0
550908,0
550909,0
550910,0
550911,0
550912,0
550913,0
550914,0
550915,0
550916,1
550917,0
550918,0
550919,0
550920,0
550921,0
550922,0
550923,0
550924,0
550925,0
550926,0
550927,0
550928,0
550929,0
550930,0
550931,0
550932,0
550933,0
550934,0
550935,0
550936,0
550937,0
550938,0
550939,0
550940,0
550941,0
550942,0
550943,0
550944,0
550945,0
550946,0
550947,0
550948,0
550949,0
550950,0
550951,0
550952,0
550953,0
550954,0
550955,0
550956,0
550957,0
550958,0
550959,0
550960,0
550961,0
550962,0
550963,0
550964,0
550965,0
550966,0
550967,0
550968,0
550969,0
550970,0
550971,0
550972,0
550973,0
550974,0
550975,0
550976,0
550977,0
550978,0
550979,0
550980,0
550981,0
550982,0
550983,0
550984,0
550985,0
550986,0
550987,0
550988,0
550989,0
550990,0
550991,0
550992,0
550993,0
550994,0
550995,0
550996,0
550997,0
550998,0
550999,0
551000,0
551001,0
551002,0
551003,0
551004,0
551005,0
551006,0
551007,0
551008,0
551009,0
551010,0
551011,0
551012,0
551013,0
551014,0
551015,0
551016,0
551017,0
551018,0
551019,0
551020,0
551021,0
551022,0
551023,0
551024,0
551025,0
551026,0
551027,0
551028,0
551029,0
551030,0
551031,0
551032,0
551033,0
551034,0
551035,0
551036,0
551037,0
551038,0
551039,0
551040,0
551041,0
551042,0
551043,0
551044,0
551045,0
551046,0
551047,0
551048,0
551049,0
551050,0
551051,0
551052,0
551053,0
551054,0
551055,0
551056,0
551057,0
551058,0
551059,0
551060,0
551061,0
551062,0
551063,0
551064,0
551065,0
551066,0
551067,0
551068,0
551069,0
551070,0
551071,0
551072,0
551073,0
551074,0
551075,0
551076,0
551077,0
551078,0
551079,0
551080,0
551081,0
551082,0
551083,0
551084,0
551085,0
551086,0
551087,0
551088,0
551089,0
551090,0
551091,0
551092,0
551093,0
551094,0
551095,0
551096,0
551097,0
551098,0
551099,0
551100,0
551101,0
551102,0
551103,0
551104,0
551105,0
551106,0
551107,0
551108,0
551109,0
551110,0
551111,0
551112,0
551113,0
551114,0
551115,0
551116,0
551117,0
551118,0
551119,0
551120,0
551121,0
551122,0
551123,0
551124,0
551125,0
551126,0
551127,0
551128,0
551129,0
551130,0
551131,0
551132,0
551133,0
551134,0
551135,0
551136,0
551137,0
551138,0
551139,0
551140,0
551141,0
551142,0
551143,0
551144,0
551145,0
551146,0
551147,0
551148,0
551149,0
551150,0
551151,0
551152,0
551153,0
551154,0
551155,0
551156,0
551157,0
551158,0
551159,0
551160,0
551161,0
551162,0
551163,0
551164,0
551165,0
551166,0
551167,0
551168,0
551169,0
551170,0
551171,0
551172,0
551173,0
551174,0
551175,0
551176,0
551177,0
551178,0
551179,0
551180,0
551181,0
551182,0
551183,0
551184,0
551185,0
551186,0
551187,0
551188,0
551189,0
551190,0
551191,0
551192,0
551193,0
551194,0
551195,0
551196,0
551197,0
551198,0
551199,0
551200,0
551201,0
551202,0
551203,0
551204,0
551205,0
551206,0
551207,0
551208,0
551209,0
551210,0
551211,0
551212,0
551213,0
551214,0
551215,0
551216,0
551217,0
551218,0
551219,0
551220,0
551221,0
551222,0
551223,0
551224,0
551225,0
551226,0
551227,0
551228,0
551229,0
551230,0
551231,0
551232,0
551233,0
551234,0
551235,0
551236,0
551237,0
551238,0
551239,0
551240,0
551241,0
551242,0
551243,0
551244,0
551245,0
551246,0
551247,0
551248,0
551249,0
551250,0
551251,0
551252,0
551253,0
551254,0
551255,0
551256,0
551257,0
551258,0
551259,0
551260,0
551261,0
551262,0
551263,0
551264,0
551265,0
551266,0
551267,0
551268,0
551269,0
551270,0
551271,0
551272,0
551273,0
551274,0
551275,0
551276,0
551277,0
551278,0
551279,0
551280,0
551281,0
551282,0
551283,0
551284,0
551285,0
551286,0
551287,0
551288,0
551289,0
551290,0
551291,0
551292,0
551293,0
551294,0
551295,0
551296,0
551297,0
551298,0
551299,0
551300,0
551301,0
551302,0
551303,0
551304,0
551305,0
551306,0
551307,0
551308,0
551309,0
551310,0
551311,0
551312,0
551313,0
551314,0
551315,0
551316,0
551317,0
551318,0
551319,0
551320,0
551321,0
551322,0
551323,0
551324,0
551325,0
551326,0
551327,0
551328,0
551329,0
551330,0
551331,0
551332,0
551333,0
551334,0
551335,0
551336,0
551337,0
551338,0
551339,0
551340,1
551341,0
551342,0
551343,0
551344,0
551345,0
551346,0
551347,0
551348,0
551349,0
551350,0
551351,0
551352,0
551353,0
551354,0
551355,0
551356,0
551357,0
551358,0
551359,0
551360,0
551361,0
551362,0
551363,0
551364,0
551365,0
551366,0
551367,0
551368,0
551369,0
551370,0
551371,0
551372,0
551373,0
551374,0
551375,0
551376,0
551377,0
551378,0
551379,0
551380,0
551381,0
551382,0
551383,0
551384,0
551385,0
551386,0
551387,0
551388,0
551389,0
551390,0
551391,0
551392,0
551393,0
551394,0
551395,0
551396,0
551397,0
551398,0
551399,1
551400,0
551401,0
551402,0
551403,0
551404,0
551405,0
551406,0
551407,0
551408,0
551409,0
551410,0
551411,0
551412,0
551413,0
551414,0
551415,0
551416,0
551417,0
551418,0
551419,0
551420,0
551421,0
551422,0
551423,0
551424,0
551425,0
551426,0
551427,0
551428,0
551429,0
551430,0
551431,0
551432,0
551433,0
551434,0
551435,0
551436,0
551437,0
551438,0
551439,0
551440,0
551441,0
551442,0
551443,0
551444,0
551445,0
551446,0
551447,0
551448,0
551449,0
551450,0
551451,0
551452,0
551453,0
551454,0
551455,0
551456,0
551457,0
551458,0
551459,0
551460,19
551461,0
551462,0
551463,0
551464,19
551465,0
551466,0
551467,0
551468,0
551469,0
551470,13
551471,26
551472,0
551473,24
551474,0
551475,0
551476,0
551477,0
551478,0
551479,0
551480,0
551481,0
551482,0
551483,0
551484,0
551485,0
551486,0
551487,0
551488,26
551489,0
551490,0
551491,0
551492,0
551493,0
551494,0
551495,17
551496,0
551497,0
551498,0
551499,0
551500,27
551501,0
551502,0
551503,0
551504,10
551505,18
551506,0
551507,12
551508,0
551509,0
551510,25
551511,0
551512,0
551513,0
551514,0
551515,0
551516,0
551517,0
551518,0
551519,0
551520,0
551521,15
551522,0
551523,0
551524,0
551525,0
551526,17
551527,0
551528,0
551529,0
551530,0
551531,0
551532,0
551533,0
551534,22
551535,0
551536,0
551537,0
551538,12
551539,0
551540,0
551541,20
551542,0
551543,0
551544,16
551545,0
551546,0
551547,0
551548,0
551549,0
551550,0
551551,0
551552,0
551553,19
551554,0
551555,0
551556,0
551557,0
551558,0
551559,0
551560,0
551561,0
551562,0
551563,0
551564,0
551565,17
551566,0
551567,18
551568,0
551569,21
551570,0
551571,0
551572,0
551573,18
551574,0
551575,0
551576,0
551577,0
551578,0
551579,0
551580,0
551581,0
551582,0
551583,0
551584,0
551585,0
551586,0
551587,0
551588,0
551589,0
551590,0
551591,14
551592,0
551593,22
551594,0
551595,0
551596,0
551597,0
551598,0
551599,0
551600,0
551601,0
551602,0
551603,13
551604,0
551605,0
551606,0
551607,0
551608,0
551609,0
551610,0
551611,0
551612,12
551613,0
551614,0
551615,0
551616,0
551617,0
551618,24
551619,0
551620,0
551621,0
551622,0
551623,0
551624,0
551625,0
551626,0
551627,0
551628,0
551629,0
551630,0
551631,0
551632,0
551633,0
551634,0
551635,0
551636,0
551637,0
551638,0
551639,0
551640,0
551641,0
551642,0
551643,0
551644,0
551645,0
551646,0
551647,0
551648,0
551649,0
551650,16
551651,0
551652,0
551653,0
551654,30
551655,0
551656,0
551657,0
551658,0
551659,0
551660,35
551661,0
551662,0
551663,0
551664,0
551665,11
551666,0
551667,0
551668,0
551669,0
551670,0
551671,0
551672,0
551673,0
551674,21
551675,0
551676,0
551677,0
551678,0
551679,0
551680,0
551681,0
551682,0
551683,0
551684,0
551685,0
551686,0
551687,0
551688,0
551689,21
551690,0
551691,0
551692,0
551693,0
551694,17
551695,21
551696,0
551697,17
551698,0
551699,0
551700,0
551701,0
551702,0
551703,0
551704,0
551705,0
551706,0
551707,0
551708,29
551709,0
551710,0
551711,0
551712,0
551713,34
551714,0
551715,0
551716,0
551717,11
551718,0
551719,0
551720,0
551721,20
551722,22
551723,17
551724,0
551725,0
551726,0
551727,0
551728,0
551729,0
551730,13
551731,0
551732,0
551733,0
551734,0
551735,0
551736,0
551737,0
551738,0
551739,0
551740,9
551741,0
551742,0
551743,15
551744,0
551745,20
551746,0
551747,0
551748,0
551749,0
551750,0
551751,0
551752,11
551753,15
551754,0
551755,0
551756,17
551757,13
551758,0
551759,0
551760,14
551761,17
551762,22
551763,13
551764,8
551765,21
551766,0
551767,0
551768,0
551769,0
551770,0
551771,0
551772,0
551773,0
551774,0
551775,0
551776,0
551777,0
551778,18
551779,20
551780,0
551781,0
551782,0
551783,0
551784,0
551785,0
551786,0
551787,0
551788,0
551789,0
551790,0
551791,0
551792,0
551793,0
551794,16
551795,19
551796,0
551797,0
551798,0
551799,0
551800,0
551801,0
551802,0
551803,8
551804,18
551805,0
551806,0
551807,12
551808,0
551809,0
551810,0
551811,0
551812,0
551813,0
551814,19
551815,11
551816,0
551817,16
551818,20
551819,0
551820,0
551821,0
551822,0
551823,0
551824,0
551825,0
551826,0
551827,18
551828,0
551829,0
551830,0
551831,0
551832,0
551833,0
551834,8
551835,0
551836,23
551837,10
551838,0
551839,15
551840,21
551841,0
551842,14
551843,0
551844,0
551845,0
551846,12
551847,0
551848,0
551849,0
551850,0
551851,0
551852,12
551853,0
551854,0
551855,0
551856,0
551857,0
551858,0
551859,10
551860,0
551861,15
551862,24
551863,0
551864,0
551865,0
551866,0
551867,0
551868,0
551869,17
551870,0
551871,0
551872,0
551873,0
551874,0
551875,0
551876,16
551877,0
551878,0
551879,0
551880,0
551881,0
551882,9
551883,12
551884,0
551885,0
551886,0
551887,0
551888,0
551889,0
551890,0
551891,0
551892,22
551893,0
551894,0
551895,0
551896,0
551897,5
551898,0
551899,0
551900,0
551901,0
551902,0
551903,0
551904,0
551905,0
551906,0
551907,0
551908,0
551909,21
551910,0
551911,0
551912,0
551913,0
551914,0
551915,0
551916,0
551917,9
551918,0
551919,0
551920,0
551921,0
551922,0
551923,0
551924,0
551925,0
551926,0
551927,0
551928,0
551929,0
551930,0
551931,0
551932,0
551933,0
551934,0
551935,15
551936,0
551937,0
551938,0
551939,0
551940,0
551941,0
551942,0
551943,0
551944,0
551945,0
551946,0
551947,0
551948,0
551949,0
551950,0
551951,0
551952,0
551953,0
551954,0
551955,7
551956,0
551957,0
551958,0
551959,0
551960,0
551961,0
551962,0
551963,0
551964,0
551965,0
551966,13
551967,0
551968,0
551969,0
551970,0
551971,0
551972,0
551973,0
551974,0
551975,0
551976,0
551977,0
551978,0
551979,0
551980,0
551981,0
551982,0
551983,0
551984,0
551985,0
551986,8
551987,24
551988,0
551989,0
551990,23
551991,0
551992,0
551993,0
551994,0
551995,0
551996,0
551997,0
551998,11
551999,0
552000,0
552001,0
552002,0
552003,0
552004,0
552005,0
552006,0
552007,0
552008,0
552009,0
552010,0
552011,11
552012,0
552013,0
552014,0
552015,0
552016,0
552017,0
552018,19
552019,0
552020,0
552021,0
552022,0
552023,0
552024,0
552025,0
552026,0
552027,0
552028,0
552029,0
552030,0
552031,0
552032,0
552033,0
552034,0
552035,0
552036,0
552037,0
552038,20
552039,0
552040,0
552041,11
552042,0
552043,0
552044,0
552045,0
552046,0
552047,0
552048,0
552049,14
552050,0
552051,0
552052,0
552053,13
552054,0
552055,0
552056,0
552057,0
552058,0
552059,16
552060,0
552061,0
552062,15
552063,11
552064,10
552065,0
552066,10
552067,0
552068,0
552069,0
552070,0
552071,0
552072,0
552073,0
552074,0
552075,0
552076,0
552077,0
552078,0
552079,0
552080,0
552081,0
552082,0
552083,0
552084,0
552085,0
552086,0
552087,0
552088,0
552089,0
552090,0
552091,0
552092,9
552093,13
552094,0
552095,0
552096,16
552097,0
552098,18
552099,22
552100,0
552101,0
552102,0
552103,10
552104,0
552105,0
552106,0
552107,0
552108,14
552109,0
552110,16
552111,0
552112,0
552113,0
552114,10
552115,0
552116,0
552117,0
552118,0
552119,0
552120,0
552121,13
552122,0
552123,0
552124,19
552125,0
552126,0
552127,0
552128,0
552129,0
552130,0
552131,0
552132,0
552133,0
552134,0
552135,0
552136,23
552137,0
552138,0
552139,0
552140,0
552141,0
552142,0
552143,0
552144,13
552145,0
552146,0
552147,0
552148,0
552149,0
552150,14
552151,0
552152,0
552153,0
552154,0
552155,0
552156,0
552157,0
552158,0
552159,0
552160,0
552161,0
552162,0
552163,0
552164,0
552165,0
552166,0
552167,0
552168,0
552169,18
552170,0
552171,0
552172,0
552173,0
552174,0
552175,0
552176,0
552177,18
552178,0
552179,0
552180,0
552181,0
552182,0
552183,0
552184,0
552185,0
552186,0
552187,0
552188,0
552189,0
552190,0
552191,0
552192,0
552193,0
552194,0
552195,11
552196,0
552197,0
552198,17
552199,0
552200,0
552201,0
552202,0
552203,0
552204,0
552205,0
552206,0
552207,0
552208,0
552209,0
552210,0
552211,15
552212,0
552213,0
552214,21
552215,0
552216,22
552217,0
552218,0
552219,0
552220,18
552221,14
552222,0
552223,0
552224,11
552225,0
552226,0
552227,0
552228,0
552229,0
552230,0
552231,0
552232,0
552233,21
552234,22
552235,0
552236,0
552237,0
552238,0
552239,0
552240,0
552241,0
552242,12
552243,0
552244,0
552245,0
552246,0
552247,0
552248,15
552249,0
552250,0
552251,24
552252,0
552253,0
552254,0
552255,0
552256,0
552257,0
552258,0
552259,0
552260,0
552261,0
552262,0
552263,0
552264,15
552265,0
552266,0
552267,0
552268,0
552269,0
552270,0
552271,0
552272,0
552273,0
552274,0
552275,0
552276,0
552277,0
552278,0
552279,0
552280,0
552281,0
552282,0
552283,0
552284,0
552285,0
552286,0
552287,0
552288,0
552289,0
552290,17
552291,0
552292,20
552293,0
552294,0
552295,0
552296,12
552297,0
552298,0
552299,0
552300,7
552301,0
552302,0
552303,0
552304,0
552305,0
552306,0
552307,0
552308,0
552309,0
552310,0
552311,0
552312,0
552313,0
552314,0
552315,0
552316,13
552317,9
552318,18
552319,0
552320,19
552321,20
552322,0
552323,0
552324,0
552325,20
552326,0
552327,0
552328,0
552329,0
552330,0
552331,0
552332,0
552333,0
552334,0
552335,0
552336,25
552337,0
552338,0
552339,10
552340,23
552341,0
552342,0
552343,0
552344,0
552345,0
552346,0
552347,0
552348,14
552349,0
552350,0
552351,0
552352,0
552353,12
552354,0
552355,0
552356,0
552357,0
552358,0
552359,0
552360,24
552361,0
552362,0
552363,0
552364,0
552365,14
552366,0
552367,0
552368,0
552369,0
552370,0
552371,0
552372,0
552373,0
552374,7
552375,0
552376,0
552377,0
552378,0
552379,0
552380,0
552381,0
552382,0
552383,0
552384,0
552385,0
552386,0
552387,0
552388,0
552389,0
552390,0
552391,0
552392,0
552393,0
552394,0
552395,0
552396,0
552397,0
552398,0
552399,0
552400,0
552401,0
552402,0
552403,0
552404,0
552405,0
552406,0
552407,0
552408,0
552409,8
552410,0
552411,0
552412,0
552413,0
552414,11
552415,0
552416,8
552417,0
552418,0
552419,0
552420,0
552421,0
552422,0
552423,0
552424,0
552425,9
552426,9
552427,0
552428,0
552429,0
552430,0
552431,0
552432,0
552433,0
552434,0
552435,0
552436,0
552437,0
552438,11
552439,0
552440,0
552441,0
552442,0
552443,0
552444,13
552445,0
552446,0
552447,0
552448,0
552449,0
552450,0
552451,0
552452,0
552453,0
552454,0
552455,0
552456,0
552457,0
552458,0
552459,0
552460,0
552461,0
552462,0
552463,0
552464,0
552465,0
552466,0
552467,0
552468,0
552469,0
552470,0
552471,0
552472,0
552473,0
552474,0
552475,0
552476,0
552477,0
552478,16
552479,0
552480,0
552481,0
552482,0
552483,0
552484,0
552485,0
552486,0
552487,0
552488,37
552489,0
552490,0
552491,0
552492,0
552493,0
552494,10
552495,17
552496,12
552497,0
552498,0
552499,0
552500,0
552501,0
552502,0
552503,0
552504,0
552505,0
552506,0
552507,0
552508,0
552509,28
552510,0
552511,0
552512,0
552513,0
552514,0
552515,0
552516,0
552517,0
552518,0
552519,0
552520,0
552521,0
552522,0
552523,0
552524,0
552525,16
552526,0
552527,0
552528,26
552529,0
552530,0
552531,0
552532,0
552533,0
552534,0
552535,0
552536,0
552537,0
552538,0
552539,0
552540,0
552541,0
552542,0
552543,0
552544,0
552545,26
552546,0
552547,0
552548,0
552549,0
552550,0
552551,0
552552,0
552553,0
552554,0
552555,0
552556,0
552557,0
552558,26
552559,0
552560,0
552561,0
552562,25
552563,0
552564,29
552565,0
552566,0
552567,0
552568,0
552569,0
552570,0
552571,0
552572,0
552573,0
552574,0
552575,0
552576,0
552577,0
552578,0
552579,0
552580,0
552581,0
552582,0
552583,0
552584,0
552585,0
552586,0
552587,0
552588,0
552589,0
552590,0
552591,0
552592,0
552593,0
552594,0
552595,0
552596,0
552597,0
552598,0
552599,0
552600,0
552601,0
552602,0
552603,0
552604,0
552605,0
552606,0
552607,0
552608,0
552609,0
552610,0
552611,0
552612,0
552613,0
552614,0
552615,0
552616,20
552617,0
552618,0
552619,0
552620,0
552621,0
552622,0
552623,0
552624,0
552625,0
552626,0
552627,0
552628,0
552629,0
552630,0
552631,0
552632,0
552633,0
552634,0
552635,0
552636,0
552637,17
552638,0
552639,0
552640,0
552641,0
552642,0
552643,0
552644,0
552645,0
552646,0
552647,0
552648,0
552649,0
552650,0
552651,0
552652,0
552653,0
552654,0
552655,0
552656,0
552657,0
552658,0
552659,0
552660,0
552661,0
552662,0
552663,0
552664,0
552665,0
552666,0
552667,0
552668,0
552669,0
552670,0
552671,16
552672,0
552673,0
552674,0
552675,0
552676,0
552677,0
552678,0
552679,0
552680,0
552681,0
552682,0
552683,0
552684,0
552685,0
552686,0
552687,0
552688,0
552689,0
552690,0
552691,0
552692,0
552693,0
552694,0
552695,0
552696,0
552697,0
552698,0
552699,0
552700,0
552701,0
552702,0
552703,0
552704,0
552705,25
552706,0
552707,0
552708,0
552709,17
552710,0
552711,0
552712,0
552713,0
552714,0
552715,0
552716,0
552717,0
552718,26
552719,0
552720,0
552721,0
552722,0
552723,0
552724,0
552725,28
552726,0
552727,0
552728,0
552729,0
552730,0
552731,0
552732,0
552733,0
552734,0
552735,0
552736,0
552737,27
552738,0
552739,0
552740,0
552741,0
552742,0
552743,0
552744,0
552745,0
552746,0
552747,0
552748,0
552749,19
552750,0
552751,0
552752,0
552753,0
552754,0
552755,0
552756,0
552757,0
552758,0
552759,0
552760,0
552761,0
552762,0
552763,0
552764,0
552765,0
552766,0
552767,0
552768,0
552769,0
552770,0
552771,0
552772,0
552773,0
552774,0
552775,0
552776,0
552777,0
552778,0
552779,0
552780,0
552781,0
552782,12
552783,0
552784,0
552785,0
552786,0
552787,0
552788,0
552789,16
552790,18
552791,0
552792,0
552793,0
552794,0
552795,0
552796,0
552797,0
552798,0
552799,0
552800,33
552801,0
552802,0
552803,0
552804,0
552805,0
552806,0
552807,0
552808,0
552809,20
552810,0
552811,0
552812,0
552813,0
552814,0
552815,0
552816,0
552817,0
552818,0
552819,0
552820,0
552821,0
552822,0
552823,0
552824,0
552825,0
552826,0
552827,0
552828,0
552829,0
552830,0
552831,0
552832,0
552833,0
552834,0
552835,0
552836,0
552837,0
552838,0
552839,0
552840,0
552841,0
552842,0
552843,0
552844,0
552845,0
552846,0
552847,0
552848,0
552849,0
552850,0
552851,0
552852,0
552853,0
552854,0
552855,0
552856,0
552857,0
552858,0
552859,0
552860,0
552861,0
552862,0
552863,0
552864,0
552865,0
552866,0
552867,0
552868,0
552869,0
552870,0
552871,36
552872,0
552873,0
552874,0
552875,0
552876,0
552877,0
552878,0
552879,0
552880,0
552881,0
552882,0
552883,0
552884,0
552885,0
552886,0
552887,0
552888,0
552889,0
552890,0
552891,0
552892,0
552893,0
552894,0
552895,0
552896,0
552897,0
552898,0
552899,0
552900,14
552901,0
552902,0
552903,0
552904,0
552905,0
552906,0
552907,0
552908,0
552909,0
552910,0
552911,0
552912,0
552913,0
552914,0
552915,0
552916,0
552917,0
552918,0
552919,0
552920,0
552921,0
552922,0
552923,0
552924,0
552925,0
552926,0
552927,0
552928,0
552929,0
552930,0
552931,0
552932,0
552933,0
552934,0
552935,0
552936,19
552937,0
552938,0
552939,0
552940,0
552941,0
552942,0
552943,0
552944,0
552945,0
552946,0
552947,0
552948,22
552949,0
552950,0
552951,0
552952,0
552953,0
552954,0
552955,27
552956,0
552957,45
552958,0
552959,30
552960,0
552961,0
552962,0
552963,0
552964,0
552965,0
552966,0
552967,0
552968,24
552969,0
552970,0
552971,25
552972,0
552973,0
552974,0
552975,18
552976,0
552977,0
552978,0
552979,0
552980,0
552981,0
552982,0
552983,0
552984,0
552985,0
552986,0
552987,23
552988,0
552989,0
552990,9
552991,0
552992,0
552993,0
552994,0
552995,0
552996,15
552997,0
552998,0
552999,0
553000,0
553001,0
553002,0
553003,0
553004,12
553005,0
553006,0
553007,0
553008,0
553009,0
553010,0
553011,0
553012,0
553013,0
553014,0
553015,0
553016,0
553017,0
553018,0
553019,0
553020,0
553021,0
553022,0
553023,0
553024,28
553025,0
553026,0
553027,0
553028,0
553029,0
553030,0
553031,0
553032,0
553033,0
553034,0
553035,0
553036,0
553037,0
553038,0
553039,0
553040,0
553041,0
553042,22
553043,0
553044,0
553045,0
553046,0
553047,0
553048,0
553049,0
553050,0
553051,0
553052,0
553053,0
553054,0
553055,0
553056,23
553057,0
553058,0
553059,0
553060,0
553061,0
553062,0
553063,0
553064,0
553065,0
553066,0
553067,0
553068,0
553069,0
553070,0
553071,0
553072,0
553073,25
553074,0
553075,0
553076,15
553077,0
553078,0
553079,0
553080,0
553081,0
553082,0
553083,0
553084,0
553085,0
553086,0
553087,0
553088,0
553089,0
553090,0
553091,0
553092,0
553093,0
553094,19
553095,0
553096,0
553097,0
553098,9
553099,0
553100,0
553101,19
553102,0
553103,0
553104,0
553105,0
553106,0
553107,0
553108,0
553109,0
553110,0
553111,0
553112,0
553113,0
553114,0
553115,0
553116,0
553117,0
553118,0
553119,0
553120,23
553121,0
553122,0
553123,0
553124,0
553125,0
553126,0
553127,16
553128,0
553129,20
553130,0
553131,0
553132,0
553133,0
553134,15
553135,0
553136,0
553137,0
553138,0
553139,0
553140,0
553141,0
553142,0
553143,0
553144,0
553145,0
553146,12
553147,0
553148,0
553149,20
553150,26
553151,0
553152,0
553153,17
553154,0
553155,0
553156,0
553157,0
553158,0
553159,0
553160,0
553161,0
553162,0
553163,0
553164,19
553165,0
553166,0
553167,0
553168,0
553169,0
553170,0
553171,0
553172,29
553173,23
553174,21
553175,0
553176,0
553177,0
553178,15
553179,0
553180,21
553181,0
553182,0
553183,0
553184,0
553185,17
553186,0
553187,19
553188,0
553189,0
553190,0
553191,0
553192,0
553193,0
553194,24
553195,0
553196,0
553197,0
553198,0
553199,0
553200,0
553201,0
553202,0
553203,0
553204,0
553205,0
553206,0
553207,0
553208,0
553209,0
553210,18
553211,0
553212,0
553213,0
553214,0
553215,0
553216,0
553217,0
553218,0
553219,0
553220,0
553221,21
553222,0
553223,0
553224,0
553225,0
553226,0
553227,0
553228,0
553229,0
553230,0
553231,0
553232,0
553233,0
553234,0
553235,0
553236,0
553237,0
553238,0
553239,0
553240,0
553241,0
553242,0
553243,0
553244,0
553245,0
553246,0
553247,0
553248,0
553249,0
553250,0
553251,0
553252,0
553253,0
553254,0
553255,0
553256,0
553257,1
553258,6
553259,0
553260,0
553261,0
553262,0
553263,0
553264,0
553265,1
553266,0
553267,0
553268,2
553269,0
553270,0
553271,4
553272,0
553273,1
553274,0
553275,0
553276,0
553277,0
553278,0
553279,0
553280,0
553281,0
553282,0
553283,0
553284,0
553285,2
553286,0
553287,0
553288,0
553289,0
553290,2
553291,0
553292,0
553293,0
553294,0
553295,0
553296,0
553297,0
553298,0
553299,0
553300,0
553301,0
553302,0
553303,0
553304,0
553305,8
553306,0
553307,0
553308,0
553309,0
553310,0
553311,0
553312,0
553313,0
553314,0
553315,0
553316,0
553317,0
553318,0
553319,0
553320,0
553321,0
553322,0
553323,0
553324,0
553325,0
553326,0
553327,0
553328,0
553329,0
553330,3
553331,0
553332,0
553333,0
553334,0
553335,0
553336,0
553337,0
553338,0
553339,0
553340,0
553341,0
553342,0
553343,0
553344,0
553345,1
553346,0
553347,1
553348,0
553349,0
553350,0
553351,0
553352,3
553353,0
553354,0
553355,0
553356,0
553357,0
553358,0
553359,0
553360,0
553361,0
553362,1
553363,0
553364,1
553365,0
553366,2
553367,0
553368,0
553369,0
553370,0
553371,0
553372,0
553373,0
553374,2
553375,0
553376,0
553377,0
553378,0
553379,0
553380,0
553381,0
553382,0
553383,0
553384,2
553385,0
553386,2
553387,0
553388,0
553389,0
553390,0
553391,0
553392,0
553393,0
553394,0
553395,0
553396,0
553397,0
553398,0
553399,0
553400,0
553401,0
553402,0
553403,0
553404,0
553405,0
553406,4
553407,0
553408,0
553409,0
553410,2
553411,0
553412,0
553413,0
553414,0
553415,0
553416,0
553417,0
553418,0
553419,0
553420,0
553421,0
553422,0
553423,0
553424,0
553425,0
553426,0
553427,0
553428,0
553429,0
553430,4
553431,0
553432,0
553433,0
553434,0
553435,0
553436,3
553437,0
553438,0
553439,0
553440,0
553441,0
553442,0
553443,0
553444,0
553445,0
553446,0
553447,0
553448,0
553449,0
553450,0
553451,1
553452,0
553453,5
553454,0
553455,2
553456,4
553457,0
553458,0
553459,0
553460,3
553461,0
553462,0
553463,0
553464,0
553465,0
553466,4
553467,0
553468,2
553469,0
553470,0
553471,0
553472,0
553473,0
553474,0
553475,3
553476,0
553477,0
553478,2
553479,0
553480,0
553481,0
553482,0
553483,0
553484,0
553485,0
553486,0
553487,0
553488,3
553489,0
553490,0
553491,0
553492,0
553493,0
553494,0
553495,2
553496,0
553497,0
553498,0
553499,0
553500,0
553501,0
553502,0
553503,0
553504,0
553505,0
553506,0
553507,0
553508,0
553509,0
553510,0
553511,0
553512,0
553513,0
553514,0
553515,0
553516,0
553517,0
553518,0
553519,0
553520,0
553521,0
553522,0
553523,0
553524,0
553525,0
553526,0
553527,0
553528,0
553529,1
553530,0
553531,1
553532,0
553533,0
553534,0
553535,0
553536,0
553537,2
553538,0
553539,0
553540,0
553541,0
553542,0
553543,0
553544,0
553545,0
553546,0
553547,0
553548,0
553549,0
553550,0
553551,0
553552,0
553553,0
553554,0
553555,0
553556,0
553557,0
553558,0
553559,0
553560,0
553561,2
553562,0
553563,0
553564,3
553565,4
553566,0
553567,0
553568,0
553569,0
553570,0
553571,2
553572,0
553573,0
553574,0
553575,0
553576,0
553577,0
553578,0
553579,0
553580,4
553581,0
553582,0
553583,0
553584,0
553585,0
553586,0
553587,0
553588,0
553589,0
553590,0
553591,0
553592,0
553593,0
553594,0
553595,0
553596,0
553597,0
553598,3
553599,0
553600,1
553601,0
553602,2
553603,0
553604,0
553605,0
553606,0
553607,3
553608,0
553609,0
553610,0
553611,0
553612,6
553613,0
553614,0
553615,0
553616,0
553617,0
553618,0
553619,0
553620,0
553621,0
553622,0
553623,0
553624,0
553625,0
553626,0
553627,0
553628,4
553629,0
553630,0
553631,0
553632,0
553633,0
553634,0
553635,0
553636,0
553637,0
553638,0
553639,0
553640,0
553641,0
553642,0
553643,0
553644,0
553645,0
553646,0
553647,0
553648,42
553649,0
553650,0
553651,0
553652,0
553653,0
553654,35
553655,0
553656,31
553657,38
553658,0
553659,28
553660,0
553661,0
553662,0
553663,28
553664,25
553665,0
553666,26
553667,0
553668,0
553669,0
553670,0
553671,29
553672,0
553673,22
553674,0
553675,0
553676,0
553677,0
553678,0
553679,0
553680,40
553681,0
553682,0
553683,0
553684,0
553685,38
553686,0
553687,27
553688,0
553689,40
553690,0
553691,0
553692,29
553693,0
553694,0
553695,38
553696,0
553697,28
553698,0
553699,0
553700,0
553701,0
553702,0
553703,0
553704,0
553705,0
553706,0
553707,37
553708,0
553709,28
553710,31
553711,0
553712,25
553713,30
553714,0
553715,0
553716,36
553717,0
553718,0
553719,0
553720,0
553721,0
553722,24
553723,27
553724,0
553725,27
553726,0
553727,0
553728,0
553729,0
553730,0
553731,0
553732,0
553733,0
553734,0
553735,0
553736,0
553737,0
553738,0
553739,0
553740,23
553741,25
553742,0
553743,52
553744,40
553745,0
553746,0
553747,0
553748,0
553749,0
553750,34
553751,0
553752,0
553753,0
553754,0
553755,0
553756,0
553757,0
553758,0
553759,35
553760,0
553761,0
553762,0
553763,0
553764,28
553765,22
553766,0
553767,0
553768,40
553769,0
553770,35
553771,0
553772,29
553773,0
553774,0
553775,0
553776,22
553777,0
553778,48
553779,0
553780,0
553781,37
553782,0
553783,0
553784,0
553785,0
553786,0
553787,0
553788,0
553789,27
553790,41
553791,0
553792,42
553793,32
553794,0
553795,0
553796,34
553797,34
553798,26
553799,0
553800,0
553801,36
553802,0
553803,30
553804,33
553805,0
553806,0
553807,0
553808,0
553809,27
553810,32
553811,0
553812,0
553813,0
553814,0
553815,0
553816,0
553817,42
553818,43
553819,0
553820,25
553821,0
553822,0
553823,33
553824,0
553825,0
553826,0
553827,0
553828,0
553829,0
553830,0
553831,18
553832,0
553833,25
553834,0
553835,0
553836,30
553837,0
553838,22
553839,0
553840,28
553841,0
553842,32
553843,22
553844,0
553845,27
553846,0
553847,0
553848,0
553849,0
553850,35
553851,0
553852,0
553853,24
553854,0
553855,0
553856,25
553857,0
553858,0
553859,23
553860,30
553861,29
553862,0
553863,30
553864,27
553865,0
553866,0
553867,45
553868,20
553869,17
553870,0
553871,0
553872,0
553873,0
553874,29
553875,0
553876,45
553877,0
553878,0
553879,0
553880,0
553881,0
553882,0
553883,0
553884,0
553885,0
553886,44
553887,0
553888,33
553889,42
553890,0
553891,0
553892,0
553893,28
553894,0
553895,23
553896,0
553897,0
553898,27
553899,0
553900,26
553901,0
553902,0
553903,0
553904,0
553905,31
553906,0
553907,0
553908,0
553909,0
553910,0
553911,0
553912,29
553913,0
553914,0
553915,0
553916,0
553917,44
553918,0
553919,44
553920,16
553921,0
553922,0
553923,0
553924,0
553925,0
553926,31
553927,0
553928,49
553929,0
553930,0
553931,23
553932,0
553933,0
553934,0
553935,29
553936,0
553937,0
553938,0
553939,0
553940,0
553941,0
553942,0
553943,20
553944,0
553945,24
553946,0
553947,0
553948,0
553949,28
553950,0
553951,0
553952,0
553953,0
553954,20
553955,30
553956,21
553957,32
553958,0
553959,38
553960,32
553961,30
553962,0
553963,0
553964,16
553965,0
553966,0
553967,0
553968,23
553969,0
553970,0
553971,0
553972,0
553973,0
553974,0
553975,0
553976,0
553977,0
553978,0
553979,27
553980,0
553981,27
553982,0
553983,36
553984,0
553985,0
553986,0
553987,0
553988,0
553989,30
553990,0
553991,0
553992,22
553993,26
553994,0
553995,0
553996,0
553997,24
553998,0
553999,0
554000,0
554001,0
554002,0
554003,0
554004,0
554005,30
554006,39
554007,39
554008,0
554009,23
554010,0
554011,40
554012,0
554013,0
554014,0
554015,0
554016,0
554017,0
554018,0
554019,0
554020,0
554021,30
554022,33
554023,38
554024,0
554025,0
554026,0
554027,0
554028,0
554029,33
554030,0
554031,0
554032,0
554033,36
554034,0
554035,0
554036,0
554037,0
554038,0
554039,33
554040,0
554041,0
554042,0
554043,32
554044,44
554045,0
554046,0
554047,32
554048,22
554049,0
554050,0
554051,36
554052,27
554053,0
554054,31
554055,0
554056,36
554057,0
554058,0
554059,0
554060,42
554061,0
554062,0
554063,48
554064,0
554065,0
554066,0
554067,30
554068,27
554069,0
554070,37
554071,0
554072,0
554073,32
554074,0
554075,0
554076,0
554077,0
554078,0
554079,37
554080,0
554081,0
554082,36
554083,0
554084,43
554085,0
554086,0
554087,0
554088,0
554089,32
554090,47
554091,26
554092,0
554093,0
554094,0
554095,33
554096,0
554097,0
554098,0
554099,0
554100,0
554101,0
554102,0
554103,0
554104,0
554105,20
554106,0
554107,0
554108,0
554109,0
554110,0
554111,0
554112,0
554113,0
554114,0
554115,0
554116,0
554117,44
554118,0
554119,0
554120,0
554121,0
554122,0
554123,0
554124,0
554125,0
554126,0
554127,0
554128,18
554129,0
554130,0
554131,0
554132,0
554133,0
554134,32
554135,17
554136,0
554137,29
554138,0
554139,0
554140,0
554141,0
554142,0
554143,0
554144,0
554145,17
554146,0
554147,0
554148,0
554149,0
554150,20
554151,0
554152,31
554153,0
554154,0
554155,28
554156,0
554157,0
554158,0
554159,0
554160,0
554161,0
554162,0
554163,0
554164,0
554165,0
554166,0
554167,0
554168,28
554169,0
554170,0
554171,0
554172,0
554173,0
554174,0
554175,0
554176,20
554177,0
554178,0
554179,0
554180,27
554181,0
554182,0
554183,0
554184,0
554185,23
554186,0
554187,25
554188,41
554189,0
554190,0
554191,0
554192,0
554193,0
554194,0
554195,0
554196,0
554197,12
554198,0
554199,0
554200,0
554201,0
554202,15
554203,0
554204,0
554205,0
554206,31
554207,0
554208,0
554209,0
554210,0
554211,25
554212,0
554213,0
554214,0
554215,44
554216,0
554217,0
554218,27
554219,0
554220,0
554221,23
554222,0
554223,42
554224,0
554225,0
554226,0
554227,0
554228,0
554229,0
554230,0
554231,0
554232,0
554233,28
554234,0
554235,0
554236,28
554237,0
554238,0
554239,40
554240,0
554241,0
554242,0
554243,0
554244,32
554245,0
554246,34
554247,37
554248,0
554249,0
554250,0
554251,0
554252,0
554253,0
554254,0
554255,0
554256,0
554257,51
554258,0
554259,0
554260,0
554261,0
554262,26
554263,0
554264,0
554265,0
554266,35
554267,25
554268,0
554269,0
554270,0
554271,0
554272,0
554273,0
554274,0
554275,0
554276,0
554277,0
554278,0
554279,0
554280,0
554281,0
554282,0
554283,0
554284,23
554285,0
554286,0
554287,0
554288,0
554289,0
554290,0
554291,0
554292,0
554293,29
554294,0
554295,28
554296,0
554297,0
554298,0
554299,0
554300,0
554301,0
554302,0
554303,0
554304,0
554305,38
554306,39
554307,37
554308,21
554309,0
554310,0
554311,0
554312,36
554313,0
554314,25
554315,0
554316,0
554317,25
554318,0
554319,26
554320,0
554321,33
554322,0
554323,31
554324,0
554325,0
554326,23
554327,0
554328,0
554329,0
554330,0
554331,31
554332,0
554333,0
554334,0
554335,34
554336,0
554337,0
554338,0
554339,0
554340,0
554341,0
554342,42
554343,16
554344,0
554345,0
554346,31
554347,0
554348,31
554349,0
554350,0
554351,0
554352,30
554353,29
554354,31
554355,29
554356,36
554357,41
554358,28
554359,0
554360,0
554361,0
554362,0
554363,0
554364,0
554365,0
554366,41
554367,0
554368,0
554369,0
554370,0
554371,0
554372,0
554373,28
554374,42
554375,0
554376,0
554377,0
554378,0
554379,0
554380,0
554381,0
554382,0
554383,0
554384,0
554385,34
554386,0
554387,0
554388,37
554389,0
554390,0
554391,0
554392,0
554393,0
554394,0
554395,0
554396,0
554397,0
554398,0
554399,0
554400,16
554401,0
554402,0
554403,0
554404,0
554405,0
554406,24
554407,29
554408,20
554409,39
554410,0
554411,0
554412,0
554413,0
554414,19
554415,0
554416,0
554417,0
554418,0
554419,17
554420,0
554421,0
554422,20
554423,0
554424,30
554425,0
554426,0
554427,32
554428,0
554429,43
554430,0
554431,0
554432,0
554433,0
554434,22
554435,0
554436,0
554437,0
554438,0
554439,0
554440,0
554441,35
554442,0
554443,0
554444,0
554445,0
554446,0
554447,21
554448,27
554449,0
554450,43
554451,0
554452,0
554453,0
554454,22
554455,0
554456,43
554457,0
554458,0
554459,0
554460,0
554461,0
554462,19
554463,0
554464,0
554465,0
554466,28
554467,27
554468,22
554469,0
554470,0
554471,0
554472,0
554473,36
554474,0
554475,0
554476,0
554477,0
554478,0
554479,0
554480,0
554481,0
554482,0
554483,27
554484,0
554485,0
554486,19
554487,0
554488,0
554489,33
554490,34
554491,0
554492,29
554493,0
554494,0
554495,0
554496,0
554497,0
554498,0
554499,0
554500,0
554501,0
554502,0
554503,0
554504,0
554505,0
554506,0
554507,0
554508,0
554509,21
554510,0
554511,0
554512,0
554513,0
554514,0
554515,0
554516,0
554517,28
554518,37
554519,0
554520,0
554521,0
554522,33
554523,0
554524,0
554525,28
554526,0
554527,0
554528,33
554529,0
554530,30
554531,0
554532,40
554533,0
554534,0
554535,21
554536,0
554537,0
554538,0
554539,0
554540,0
554541,31
554542,31
554543,0
554544,0
554545,0
554546,0
554547,46
554548,0
554549,0
554550,27
554551,0
554552,0
554553,33
554554,0
554555,21
554556,0
554557,0
554558,32
554559,27
554560,33
554561,0
554562,0
554563,0
554564,0
554565,0
554566,0
554567,0
554568,0
554569,0
554570,0
554571,0
554572,0
554573,0
554574,0
554575,0
554576,0
554577,0
554578,0
554579,0
554580,0
554581,0
554582,0
554583,0
554584,26
554585,0
554586,0
554587,35
554588,0
554589,0
554590,0
554591,0
554592,0
554593,0
554594,0
554595,0
554596,0
554597,0
554598,0
554599,0
554600,0
554601,0
554602,0
554603,0
554604,0
554605,0
554606,0
554607,0
554608,0
554609,0
554610,0
554611,34
554612,0
554613,0
554614,0
554615,0
554616,0
554617,46
554618,0
554619,27
554620,18
554621,0
554622,32
554623,0
554624,31
554625,0
554626,0
554627,0
554628,24
554629,0
554630,0
554631,0
554632,0
554633,0
554634,0
554635,41
554636,0
554637,0
554638,0
554639,39
554640,0
554641,0
554642,0
554643,0
554644,0
554645,0
554646,31
554647,0
554648,0
554649,0
554650,43
554651,0
554652,0
554653,0
554654,0
554655,0
554656,0
554657,0
554658,0
554659,0
554660,0
554661,0
554662,0
554663,0
554664,0
554665,0
554666,24
554667,0
554668,0
554669,0
554670,25
554671,0
554672,0
554673,36
554674,0
554675,0
554676,0
554677,30
554678,0
554679,0
554680,0
554681,0
554682,0
554683,21
554684,0
554685,0
554686,0
554687,0
554688,32
554689,0
554690,21
554691,0
554692,0
554693,0
554694,0
554695,0
554696,0
554697,0
554698,0
554699,0
554700,40
554701,0
554702,0
554703,27
554704,0
554705,0
554706,0
554707,0
554708,0
554709,0
554710,0
554711,0
554712,0
554713,0
554714,0
554715,24
554716,0
554717,0
554718,0
554719,0
554720,0
554721,0
554722,0
554723,0
554724,0
554725,0
554726,0
554727,0
554728,0
554729,37
554730,0
554731,0
554732,0
554733,32
554734,0
554735,0
554736,0
554737,0
554738,0
554739,42
554740,0
554741,0
554742,0
554743,0
554744,0
554745,0
554746,0
554747,25
554748,0
554749,0
554750,0
554751,28
554752,0
554753,0
554754,0
554755,0
554756,0
554757,0
554758,0
554759,0
554760,21
554761,45
554762,14
554763,34
554764,41
554765,0
554766,0
554767,25
554768,18
554769,0
554770,30
554771,0
554772,24
554773,0
554774,21
554775,0
554776,0
554777,0
554778,0
554779,0
554780,0
554781,0
554782,0
554783,0
554784,0
554785,0
554786,0
554787,0
554788,27
554789,0
554790,0
554791,0
554792,0
554793,0
554794,0
554795,15
554796,0
554797,0
554798,0
554799,0
554800,0
554801,0
554802,0
554803,0
554804,0
554805,0
554806,0
554807,22
554808,0
554809,33
554810,0
554811,0
554812,0
554813,0
554814,0
554815,32
554816,0
554817,0
554818,18
554819,32
554820,0
554821,17
554822,0
554823,14
554824,0
554825,26
554826,0
554827,0
554828,0
554829,0
554830,0
554831,0
554832,0
554833,31
554834,40
554835,16
554836,0
554837,29
554838,29
554839,25
554840,0
554841,0
554842,31
554843,34
554844,0
554845,0
554846,0
554847,0
554848,0
554849,0
554850,0
554851,0
554852,0
554853,0
554854,0
554855,20
554856,0
554857,0
554858,24
554859,0
554860,0
554861,0
554862,0
554863,28
554864,0
554865,0
554866,0
554867,0
554868,0
554869,0
554870,0
554871,0
554872,0
554873,0
554874,0
554875,0
554876,0
554877,41
554878,0
554879,0
554880,27
554881,0
554882,0
554883,38
554884,36
554885,0
554886,26
554887,0
554888,0
554889,61
554890,0
554891,24
554892,0
554893,0
554894,0
554895,0
554896,0
554897,0
554898,0
554899,23
554900,0
554901,0
554902,0
554903,0
554904,0
554905,0
554906,0
554907,18
554908,0
554909,0
554910,0
554911,0
554912,0
554913,0
554914,0
554915,0
554916,0
554917,0
554918,0
554919,14
554920,0
554921,0
554922,0
554923,24
554924,0
554925,0
554926,0
554927,0
554928,0
554929,0
554930,0
554931,0
554932,25
554933,22
554934,0
554935,0
554936,0
554937,13
554938,29
554939,18
554940,0
554941,0
554942,0
554943,18
554944,21
554945,0
554946,28
554947,0
554948,0
554949,29
554950,20
554951,0
554952,0
554953,0
554954,0
554955,0
554956,0
554957,0
554958,0
554959,0
554960,13
554961,18
554962,0
554963,0
554964,0
554965,0
554966,0
554967,0
554968,0
554969,0
554970,0
554971,0
554972,0
554973,0
554974,11
554975,0
554976,0
554977,0
554978,0
554979,0
554980,0
554981,19
554982,0
554983,0
554984,0
554985,0
554986,22
554987,0
554988,0
554989,0
554990,0
554991,16
554992,18
554993,0
554994,0
554995,0
554996,13
554997,0
554998,0
554999,0
555000,0
555001,0
555002,0
555003,22
555004,0
555005,0
555006,15
555007,0
555008,15
555009,0
555010,0
555011,0
555012,0
555013,0
555014,0
555015,11
555016,0
555017,0
555018,0
555019,22
555020,14
555021,0
555022,0
555023,0
555024,0
555025,0
555026,12
555027,0
555028,0
555029,0
555030,0
555031,0
555032,0
555033,0
555034,0
555035,0
555036,0
555037,25
555038,0
555039,0
555040,0
555041,17
555042,10
555043,0
555044,0
555045,0
555046,19
555047,0
555048,0
555049,0
555050,0
555051,0
555052,0
555053,0
555054,0
555055,0
555056,0
555057,0
555058,0
555059,12
555060,0
555061,0
555062,0
555063,0
555064,0
555065,20
555066,14
555067,0
555068,0
555069,14
555070,30
555071,0
555072,0
555073,0
555074,0
555075,19
555076,0
555077,0
555078,0
555079,0
555080,0
555081,0
555082,0
555083,34
555084,0
555085,0
555086,0
555087,0
555088,23
555089,0
555090,11
555091,0
555092,0
555093,0
555094,0
555095,0
555096,0
555097,13
555098,0
555099,0
555100,0
555101,21
555102,0
555103,0
555104,0
555105,0
555106,0
555107,0
555108,0
555109,15
555110,0
555111,0
555112,21
555113,0
555114,0
555115,20
555116,0
555117,0
555118,0
555119,8
555120,0
555121,0
555122,0
555123,0
555124,20
555125,0
555126,17
555127,0
555128,0
555129,0
555130,0
555131,0
555132,0
555133,0
555134,0
555135,0
555136,0
555137,0
555138,0
555139,0
555140,0
555141,0
555142,0
555143,0
555144,22
555145,0
555146,0
555147,0
555148,0
555149,10
555150,21
555151,0
555152,0
555153,19
555154,0
555155,0
555156,0
555157,0
555158,0
555159,0
555160,0
555161,0
555162,25
555163,0
555164,0
555165,0
555166,9
555167,17
555168,31
555169,0
555170,0
555171,0
555172,0
555173,0
555174,0
555175,0
555176,0
555177,15
555178,12
555179,0
555180,0
555181,0
555182,0
555183,26
555184,0
555185,0
555186,0
555187,0
555188,10
555189,8
555190,0
555191,0
555192,0
555193,0
555194,0
555195,0
555196,0
555197,0
555198,0
555199,0
555200,0
555201,0
555202,0
555203,0
555204,0
555205,0
555206,0
555207,0
555208,0
555209,13
555210,0
555211,0
555212,0
555213,0
555214,0
555215,0
555216,0
555217,0
555218,0
555219,20
555220,0
555221,0
555222,0
555223,0
555224,0
555225,0
555226,0
555227,0
555228,0
555229,0
555230,23
555231,0
555232,13
555233,0
555234,0
555235,0
555236,0
555237,0
555238,0
555239,0
555240,17
555241,0
555242,0
555243,0
555244,0
555245,0
555246,0
555247,0
555248,0
555249,0
555250,0
555251,0
555252,0
555253,0
555254,0
555255,0
555256,0
555257,13
555258,0
555259,0
555260,0
555261,0
555262,0
555263,28
555264,20
555265,0
555266,0
555267,20
555268,0
555269,9
555270,0
555271,0
555272,0
555273,0
555274,0
555275,0
555276,0
555277,0
555278,32
555279,15
555280,0
555281,0
555282,0
555283,0
555284,0
555285,0
555286,0
555287,0
555288,0
555289,7
555290,0
555291,0
555292,0
555293,13
555294,0
555295,0
555296,0
555297,0
555298,19
555299,0
555300,0
555301,21
555302,0
555303,0
555304,0
555305,15
555306,12
555307,0
555308,24
555309,0
555310,0
555311,16
555312,0
555313,0
555314,0
555315,15
555316,0
555317,21
555318,0
555319,0
555320,0
555321,0
555322,0
555323,0
555324,0
555325,0
555326,21
555327,0
555328,0
555329,0
555330,0
555331,0
555332,13
555333,19
555334,0
555335,0
555336,0
555337,0
555338,0
555339,0
555340,0
555341,0
555342,0
555343,0
555344,0
555345,0
555346,0
555347,0
555348,0
555349,18
555350,0
555351,0
555352,18
555353,0
555354,0
555355,0
555356,19
555357,0
555358,0
555359,0
555360,0
555361,0
555362,0
555363,18
555364,0
555365,0
555366,0
555367,0
555368,0
555369,0
555370,0
555371,15
555372,0
555373,12
555374,0
555375,0
555376,0
555377,0
555378,0
555379,0
555380,36
555381,23
555382,0
555383,0
555384,23
555385,0
555386,17
555387,0
555388,0
555389,0
555390,14
555391,0
555392,18
555393,23
555394,0
555395,0
555396,0
555397,0
555398,0
555399,0
555400,0
555401,12
555402,0
555403,0
555404,0
555405,23
555406,0
555407,13
555408,14
555409,0
555410,12
555411,33
555412,0
555413,0
555414,0
555415,0
555416,0
555417,0
555418,0
555419,0
555420,0
555421,0
555422,0
555423,0
555424,0
555425,0
555426,0
555427,0
555428,0
555429,0
555430,10
555431,0
555432,0
555433,15
555434,16
555435,0
555436,0
555437,0
555438,0
555439,0
555440,21
555441,0
555442,0
555443,0
555444,0
555445,0
555446,0
555447,13
555448,0
555449,14
555450,0
555451,21
555452,0
555453,0
555454,19
555455,0
555456,0
555457,23
555458,0
555459,20
555460,0
555461,19
555462,0
555463,0
555464,12
555465,0
555466,0
555467,0
555468,22
555469,0
555470,0
555471,0
555472,0
555473,0
555474,0
555475,0
555476,0
555477,0
555478,18
555479,0
555480,0
555481,22
555482,0
555483,0
555484,0
555485,0
555486,0
555487,0
555488,0
555489,0
555490,0
555491,0
555492,0
555493,0
555494,0
555495,0
555496,0
555497,0
555498,0
555499,0
555500,0
555501,13
555502,0
555503,0
555504,0
555505,0
555506,0
555507,0
555508,0
555509,0
555510,0
555511,0
555512,0
555513,0
555514,0
555515,0
555516,0
555517,0
555518,0
555519,0
555520,15
555521,0
555522,0
555523,18
555524,0
555525,0
555526,0
555527,15
555528,11
555529,10
555530,0
555531,26
555532,0
555533,17
555534,0
555535,19
555536,0
555537,0
555538,25
555539,0
555540,0
555541,0
555542,0
555543,0
555544,23
555545,0
555546,23
555547,0
555548,0
555549,0
555550,0
555551,0
555552,12
555553,0
555554,0
555555,0
555556,24
555557,0
555558,0
555559,0
555560,16
555561,16
555562,20
555563,0
555564,22
555565,0
555566,0
555567,0
555568,0
555569,0
555570,0
555571,0
555572,0
555573,0
555574,0
555575,12
555576,0
555577,0
555578,13
555579,0
555580,0
555581,0
555582,0
555583,0
555584,0
555585,0
555586,0
555587,0
555588,0
555589,0
555590,0
555591,26
555592,17
555593,12
555594,0
555595,23
555596,0
555597,0
555598,0
555599,23
555600,0
555601,0
555602,0
555603,0
555604,0
555605,1
555606,0
555607,0
555608,0
555609,0
555610,0
555611,0
555612,0
555613,1
555614,0
555615,0
555616,0
555617,1
555618,0
555619,0
555620,0
555621,0
555622,0
555623,0
555624,0
555625,2
555626,0
555627,0
555628,0
555629,0
555630,0
555631,0
555632,1
555633,0
555634,0
555635,0
555636,0
555637,0
555638,0
555639,0
555640,0
555641,0
555642,0
555643,2
555644,0
555645,0
555646,0
555647,2
555648,0
555649,0
555650,1
555651,1
555652,0
555653,0
555654,0
555655,0
555656,1
555657,0
555658,0
555659,0
555660,0
555661,0
555662,0
555663,0
555664,0
555665,0
555666,0
555667,0
555668,0
555669,0
555670,0
555671,0
555672,0
555673,0
555674,0
555675,1
555676,0
555677,0
555678,0
555679,0
555680,0
555681,0
555682,0
555683,0
555684,0
555685,0
555686,0
555687,0
555688,0
555689,0
555690,0
555691,0
555692,0
555693,0
555694,0
555695,0
555696,0
555697,0
555698,0
555699,0
555700,1
555701,1
555702,0
555703,0
555704,0
555705,1
555706,0
555707,0
555708,0
555709,0
555710,0
555711,1
555712,0
555713,0
555714,0
555715,0
555716,0
555717,1
555718,0
555719,1
555720,0
555721,0
555722,0
555723,0
555724,0
555725,0
555726,0
555727,0
555728,0
555729,0
555730,0
555731,0
555732,0
555733,0
555734,0
555735,0
555736,0
555737,0
555738,0
555739,0
555740,1
555741,0
555742,0
555743,1
555744,0
555745,0
555746,0
555747,1
555748,0
555749,0
555750,0
555751,0
555752,0
555753,0
555754,0
555755,0
555756,0
555757,0
555758,0
555759,0
555760,0
555761,0
555762,1
555763,0
555764,0
555765,0
555766,0
555767,0
555768,0
555769,0
555770,0
555771,0
555772,1
555773,0
555774,0
555775,0
555776,0
555777,1
555778,0
555779,0
555780,0
555781,0
555782,0
555783,0
555784,0
555785,0
555786,0
555787,0
555788,0
555789,0
555790,0
555791,0
555792,0
555793,0
555794,0
555795,0
555796,0
555797,1
555798,0
555799,0
555800,0
555801,0
555802,0
555803,0
555804,0
555805,0
555806,0
555807,0
555808,0
555809,0
555810,0
555811,0
555812,0
555813,0
555814,0
555815,0
555816,0
555817,0
555818,0
555819,0
555820,0
555821,1
555822,1
555823,0
555824,0
555825,0
555826,1
555827,0
555828,0
555829,0
555830,0
555831,0
555832,0
555833,0
555834,0
555835,1
555836,0
555837,1
555838,0
555839,0
555840,1
555841,0
555842,0
555843,0
555844,0
555845,0
555846,0
555847,0
555848,0
555849,0
555850,0
555851,0
555852,0
555853,0
555854,0
555855,0
555856,0
555857,0
555858,0
555859,0
555860,0
555861,0
555862,0
555863,0
555864,0
555865,1
555866,0
555867,0
555868,0
555869,0
555870,0
555871,0
555872,0
555873,1
555874,0
555875,0
555876,0
555877,0
555878,0
555879,0
555880,0
555881,0
555882,0
555883,0
555884,0
555885,0
555886,0
555887,0
555888,0
555889,0
555890,0
555891,0
555892,0
555893,0
555894,1
555895,0
555896,0
555897,0
555898,0
555899,0
555900,0
555901,0
555902,0
555903,0
555904,0
555905,0
555906,0
555907,0
555908,0
555909,0
555910,0
555911,0
555912,0
555913,0
555914,0
555915,0
555916,0
555917,0
555918,0
555919,0
555920,0
555921,0
555922,0
555923,0
555924,0
555925,0
555926,0
555927,0
555928,0
555929,0
555930,0
555931,0
555932,0
555933,0
555934,0
555935,0
555936,0
555937,0
555938,0
555939,0
555940,0
555941,0
555942,0
555943,0
555944,0
555945,0
555946,0
555947,0
555948,1
555949,0
555950,0
555951,0
555952,0
555953,0
555954,0
555955,0
555956,0
555957,0
555958,1
555959,0
555960,0
555961,0
555962,0
555963,0
555964,0
555965,1
555966,0
555967,0
555968,0
555969,0
555970,0
555971,0
555972,0
555973,1
555974,0
555975,0
555976,0
555977,0
555978,0
555979,0
555980,0
555981,0
555982,0
555983,0
555984,0
555985,0
555986,0
555987,0
555988,0
555989,0
555990,0
555991,0
555992,0
555993,0
555994,0
555995,0
555996,0
555997,0
555998,0
555999,1
556000,3
556001,0
556002,0
556003,0
556004,0
556005,0
556006,0
556007,1
556008,0
556009,0
556010,0
556011,0
556012,0
556013,0
556014,0
556015,0
556016,0
556017,1
556018,0
556019,0
556020,0
556021,0
556022,1
556023,0
556024,0
556025,0
556026,0
556027,2
556028,1
556029,0
556030,0
556031,0
556032,0
556033,0
556034,0
556035,0
556036,0
556037,0
556038,0
556039,0
556040,0
556041,0
556042,0
556043,0
556044,2
556045,0
556046,0
556047,0
556048,1
556049,0
556050,0
556051,0
556052,0
556053,0
556054,0
556055,0
556056,0
556057,0
556058,0
556059,0
556060,0
556061,0
556062,0
556063,0
556064,0
556065,0
556066,0
556067,0
556068,0
556069,0
556070,0
556071,0
556072,0
556073,0
556074,0
556075,0
556076,0
556077,0
556078,0
556079,0
556080,0
556081,0
556082,0
556083,0
556084,0
556085,0
556086,0
556087,0
556088,0
556089,0
556090,0
556091,0
556092,0
556093,0
556094,0
556095,0
556096,0
556097,0
556098,1
556099,0
556100,0
556101,0
556102,0
556103,0
556104,0
556105,0
556106,0
556107,0
556108,0
556109,0
556110,0
556111,1
556112,0
556113,1
556114,0
556115,0
556116,0
556117,0
556118,0
556119,0
556120,0
556121,0
556122,0
556123,0
556124,0
556125,0
556126,0
556127,0
556128,0
556129,0
556130,0
556131,0
556132,0
556133,0
556134,0
556135,0
556136,0
556137,1
556138,0
556139,0
556140,0
556141,0
556142,0
556143,0
556144,0
556145,3
556146,0
556147,0
556148,0
556149,0
556150,0
556151,0
556152,1
556153,0
556154,0
556155,0
556156,0
556157,0
556158,1
556159,0
556160,1
556161,1
556162,0
556163,0
556164,0
556165,0
556166,0
556167,0
556168,0
556169,0
556170,0
556171,0
556172,0
556173,0
556174,0
556175,0
556176,0
556177,1
556178,0
556179,0
556180,0
556181,0
556182,0
556183,0
556184,0
556185,0
556186,2
556187,0
556188,1
556189,0
556190,1
556191,0
556192,0
556193,0
556194,0
556195,0
556196,0
556197,0
556198,0
556199,0
556200,0
556201,0
556202,0
556203,0
556204,0
556205,0
556206,0
556207,0
556208,0
556209,0
556210,0
556211,0
556212,0
556213,0
556214,0
556215,0
556216,1
556217,0
556218,0
556219,0
556220,0
556221,0
556222,0
556223,0
556224,0
556225,0
556226,0
556227,0
556228,0
556229,0
556230,0
556231,0
556232,0
556233,0
556234,0
556235,0
556236,0
556237,0
556238,0
556239,1
556240,0
556241,0
556242,0
556243,0
556244,0
556245,0
556246,0
556247,0
556248,0
556249,0
556250,0
556251,0
556252,0
556253,0
556254,0
556255,0
556256,0
556257,0
556258,0
556259,0
556260,0
556261,0
556262,0
556263,1
556264,0
556265,2
556266,0
556267,0
556268,0
556269,0
556270,0
556271,0
556272,0
556273,1
556274,0
556275,0
556276,0
556277,0
556278,0
556279,0
556280,0
556281,0
556282,0
556283,1
556284,0
556285,0
556286,0
556287,0
556288,0
556289,1
556290,0
556291,0
556292,0
556293,0
556294,0
556295,0
556296,0
556297,0
556298,0
556299,0
556300,0
556301,0
556302,0
556303,0
556304,0
556305,0
556306,0
556307,0
556308,0
556309,0
556310,0
556311,0
556312,0
556313,0
556314,0
556315,0
556316,0
556317,0
556318,0
556319,0
556320,0
556321,0
556322,0
556323,0
556324,0
556325,0
556326,1
556327,1
556328,0
556329,0
556330,0
556331,0
556332,0
556333,0
556334,0
556335,0
556336,0
556337,0
556338,1
556339,0
556340,0
556341,0
556342,0
556343,0
556344,0
556345,0
556346,0
556347,0
556348,1
556349,0
556350,0
556351,0
556352,0
556353,1
556354,0
556355,0
556356,0
556357,2
556358,0
556359,0
556360,0
556361,0
556362,0
556363,0
556364,0
556365,0
556366,0
556367,0
556368,0
556369,0
556370,0
556371,0
556372,1
556373,0
556374,1
556375,0
556376,0
556377,0
556378,1
556379,1
556380,0
556381,0
556382,1
556383,0
556384,0
556385,0
556386,0
556387,0
556388,0
556389,0
556390,0
556391,0
556392,0
556393,0
556394,0
556395,0
556396,0
556397,0
556398,0
556399,0
556400,0
556401,0
556402,0
556403,0
556404,0
556405,1
556406,0
556407,0
556408,0
556409,1
556410,0
556411,1
556412,1
556413,0
556414,0
556415,0
556416,0
556417,0
556418,0
556419,0
556420,1
556421,0
556422,0
556423,0
556424,0
556425,0
556426,0
556427,0
556428,0
556429,0
556430,0
556431,0
556432,0
556433,0
556434,0
556435,0
556436,0
556437,0
556438,0
556439,0
556440,0
556441,0
556442,0
556443,0
556444,0
556445,0
556446,0
556447,0
556448,0
556449,1
556450,0
556451,0
556452,0
556453,1
556454,0
556455,0
556456,0
556457,0
556458,1
556459,0
556460,0
556461,0
556462,0
556463,1
556464,0
556465,0
556466,0
556467,0
556468,0
556469,0
556470,0
556471,0
556472,0
556473,0
556474,2
556475,0
556476,0
556477,0
556478,0
556479,0
556480,0
556481,0
556482,0
556483,1
556484,0
556485,1
556486,0
556487,0
556488,0
556489,0
556490,0
556491,0
556492,0
556493,0
556494,0
556495,0
556496,0
556497,0
556498,0
556499,0
556500,0
556501,0
556502,2
556503,1
556504,0
556505,14
556506,0
556507,0
556508,0
556509,15
556510,0
556511,4
556512,8
556513,0
556514,0
556515,0
556516,0
556517,0
556518,0
556519,0
556520,4
556521,0
556522,0
556523,0
556524,0
556525,0
556526,0
556527,0
556528,25
556529,23
556530,0
556531,0
556532,0
556533,25
556534,0
556535,0
556536,0
556537,0
556538,0
556539,0
556540,0
556541,0
556542,0
556543,0
556544,0
556545,0
556546,0
556547,7
556548,0
556549,0
556550,19
556551,0
556552,0
556553,0
556554,0
556555,0
556556,0
556557,16
556558,0
556559,0
556560,0
556561,0
556562,0
556563,16
556564,11
556565,0
556566,0
556567,0
556568,0
556569,0
556570,0
556571,0
556572,0
556573,0
556574,0
556575,0
556576,0
556577,0
556578,0
556579,0
556580,9
556581,0
556582,0
556583,0
556584,0
556585,0
556586,0
556587,18
556588,0
556589,0
556590,0
556591,0
556592,0
556593,0
556594,13
556595,0
556596,0
556597,0
556598,16
556599,10
556600,0
556601,0
556602,0
556603,0
556604,19
556605,12
556606,0
556607,0
556608,0
556609,0
556610,0
556611,6
556612,10
556613,0
556614,18
556615,0
556616,13
556617,0
556618,6
556619,0
556620,0
556621,0
556622,0
556623,0
556624,10
556625,0
556626,0
556627,0
556628,0
556629,0
556630,0
556631,4
556632,0
556633,16
556634,0
556635,0
556636,17
556637,0
556638,0
556639,15
556640,0
556641,0
556642,0
556643,0
556644,0
556645,0
556646,0
556647,0
556648,0
556649,0
556650,0
556651,0
556652,0
556653,0
556654,0
556655,0
556656,0
556657,0
556658,0
556659,0
556660,0
556661,18
556662,0
556663,0
556664,0
556665,0
556666,0
556667,0
556668,0
556669,0
556670,0
556671,0
556672,0
556673,0
556674,16
556675,12
556676,14
556677,17
556678,15
556679,0
556680,0
556681,0
556682,0
556683,0
556684,0
556685,0
556686,0
556687,0
556688,0
556689,0
556690,0
556691,0
556692,0
556693,14
556694,0
556695,0
556696,0
556697,0
556698,0
556699,0
556700,25
556701,0
556702,9
556703,0
556704,0
556705,0
556706,0
556707,0
556708,0
556709,0
556710,0
556711,0
556712,0
556713,0
556714,0
556715,16
556716,14
556717,0
556718,0
556719,0
556720,0
556721,0
556722,0
556723,0
556724,0
556725,4
556726,0
556727,0
556728,0
556729,8
556730,0
556731,15
556732,0
556733,0
556734,0
556735,0
556736,0
556737,0
556738,10
556739,0
556740,0
556741,0
556742,0
556743,12
556744,0
556745,0
556746,0
556747,21
556748,0
556749,0
556750,0
556751,0
556752,0
556753,13
556754,21
556755,0
556756,0
556757,15
556758,0
556759,21
556760,0
556761,19
556762,15
556763,0
556764,0
556765,0
556766,16
556767,0
556768,23
556769,0
556770,0
556771,0
556772,0
556773,11
556774,0
556775,0
556776,0
556777,0
556778,0
556779,12
556780,0
556781,0
556782,29
556783,11
556784,0
556785,0
556786,0
556787,0
556788,0
556789,0
556790,0
556791,0
556792,0
556793,0
556794,0
556795,0
556796,0
556797,0
556798,0
556799,0
556800,0
556801,0
556802,0
556803,0
556804,0
556805,0
556806,0
556807,0
556808,0
556809,0
556810,12
556811,24
556812,8
556813,0
556814,0
556815,0
556816,0
556817,27
556818,0
556819,16
556820,0
556821,0
556822,0
556823,0
556824,0
556825,0
556826,0
556827,0
556828,13
556829,36
556830,0
556831,0
556832,0
556833,38
556834,0
556835,0
556836,0
556837,0
556838,0
556839,0
556840,0
556841,0
556842,0
556843,0
556844,0
556845,34
556846,36
556847,0
556848,0
556849,25
556850,0
556851,0
556852,0
556853,63
556854,0
556855,0
556856,0
556857,0
556858,0
556859,23
556860,0
556861,0
556862,0
556863,0
556864,0
556865,0
556866,0
556867,54
556868,0
556869,45
556870,32
556871,0
556872,35
556873,0
556874,33
556875,0
556876,0
556877,0
556878,0
556879,0
556880,0
556881,29
556882,29
556883,0
556884,0
556885,0
556886,40
556887,0
556888,0
556889,0
556890,0
556891,31
556892,0
556893,0
556894,0
556895,0
556896,0
556897,0
556898,0
556899,0
556900,0
556901,0
556902,0
556903,0
556904,0
556905,55
556906,21
556907,0
556908,46
556909,0
556910,0
556911,0
556912,0
556913,0
556914,0
556915,0
556916,0
556917,0
556918,0
556919,0
556920,0
556921,0
556922,0
556923,0
556924,49
556925,0
556926,25
556927,0
556928,0
556929,0
556930,27
556931,0
556932,0
556933,0
556934,0
556935,0
556936,51
556937,0
556938,0
556939,0
556940,42
556941,0
556942,0
556943,0
556944,0
556945,24
556946,0
556947,0
556948,55
556949,0
556950,0
556951,23
556952,0
556953,0
556954,0
556955,0
556956,0
556957,0
556958,0
556959,60
556960,0
556961,0
556962,25
556963,0
556964,0
556965,0
556966,0
556967,0
556968,0
556969,0
556970,0
556971,0
556972,0
556973,0
556974,0
556975,23
556976,0
556977,0
556978,0
556979,0
556980,0
556981,0
556982,0
556983,0
556984,39
556985,25
556986,0
556987,0
556988,0
556989,0
556990,0
556991,0
556992,35
556993,0
556994,36
556995,0
556996,0
556997,0
556998,0
556999,0
557000,0
557001,0
557002,16
557003,0
557004,0
557005,0
557006,0
557007,0
557008,0
557009,21
557010,0
557011,59
557012,0
557013,0
557014,0
557015,0
557016,0
557017,0
557018,0
557019,0
557020,0
557021,0
557022,0
557023,0
557024,0
557025,0
557026,0
557027,0
557028,0
557029,0
557030,0
557031,0
557032,0
557033,0
557034,0
557035,0
557036,0
557037,42
557038,0
557039,0
557040,0
557041,0
557042,0
557043,0
557044,0
557045,0
557046,0
557047,0
557048,0
557049,0
557050,0
557051,0
557052,0
557053,31
557054,0
557055,0
557056,0
557057,0
557058,0
557059,0
557060,42
557061,0
557062,0
557063,0
557064,0
557065,0
557066,0
557067,0
557068,0
557069,0
557070,33
557071,0
557072,0
557073,0
557074,55
557075,0
557076,0
557077,0
557078,0
557079,0
557080,0
557081,0
557082,0
557083,0
557084,51
557085,38
557086,0
557087,0
557088,0
557089,0
557090,0
557091,35
557092,0
557093,0
557094,0
557095,0
557096,0
557097,0
557098,0
557099,0
557100,0
557101,0
557102,0
557103,0
557104,0
557105,0
557106,0
557107,0
557108,0
557109,46
557110,0
557111,0
557112,0
557113,40
557114,0
557115,0
557116,0
557117,0
557118,57
557119,0
557120,0
557121,0
557122,0
557123,0
557124,0
557125,0
557126,38
557127,57
557128,0
557129,58
557130,0
557131,0
557132,0
557133,33
557134,33
557135,0
557136,0
557137,0
557138,0
557139,0
557140,0
557141,0
557142,0
557143,0
557144,0
557145,41
557146,0
557147,0
557148,0
557149,49
557150,0
557151,0
557152,0
557153,0
557154,28
557155,0
557156,48
557157,0
557158,0
557159,30
557160,0
557161,0
557162,0
557163,0
557164,0
557165,0
557166,0
557167,0
557168,0
557169,0
557170,0
557171,0
557172,39
557173,0
557174,33
557175,34
557176,0
557177,0
557178,54
557179,0
557180,0
557181,0
557182,32
557183,0
557184,0
557185,0
557186,0
557187,0
557188,0
557189,26
557190,0
557191,0
557192,0
557193,54
557194,0
557195,0
557196,0
557197,0
557198,0
557199,38
557200,0
557201,0
557202,0
557203,0
557204,0
557205,0
557206,0
557207,0
557208,0
557209,0
557210,0
557211,0
557212,25
557213,0
557214,0
557215,0
557216,35
557217,0
557218,0
557219,0
557220,0
557221,0
557222,0
557223,0
557224,0
557225,23
557226,34
557227,0
557228,0
557229,0
557230,0
557231,41
557232,0
557233,0
557234,0
557235,0
557236,0
557237,0
557238,0
557239,0
557240,0
557241,0
557242,0
557243,0
557244,0
557245,0
557246,0
557247,0
557248,0
557249,0
557250,0
557251,37
557252,53
557253,0
557254,0
557255,0
557256,0
557257,0
557258,0
557259,0
557260,0
557261,0
557262,0
557263,0
557264,44
557265,0
557266,0
557267,0
557268,0
557269,0
557270,0
557271,0
557272,0
557273,40
557274,39
557275,0
557276,0
557277,0
557278,0
557279,0
557280,0
557281,0
557282,0
557283,0
557284,0
557285,0
557286,56
557287,0
557288,0
557289,0
557290,46
557291,0
557292,0
557293,0
557294,0
557295,0
557296,0
557297,0
557298,0
557299,0
557300,0
557301,0
557302,0
557303,0
557304,38
557305,0
557306,0
557307,0
557308,0
557309,0
557310,0
557311,0
557312,0
557313,0
557314,0
557315,24
557316,0
557317,0
557318,0
557319,0
557320,0
557321,0
557322,0
557323,0
557324,0
557325,0
557326,0
557327,0
557328,0
557329,0
557330,34
557331,47
557332,25
557333,0
557334,0
557335,0
557336,0
557337,0
557338,0
557339,0
557340,0
557341,0
557342,0
557343,0
557344,0
557345,0
557346,0
557347,0
557348,0
557349,0
557350,0
557351,0
557352,0
557353,0
557354,0
557355,0
557356,0
557357,0
557358,0
557359,0
557360,0
557361,0
557362,0
557363,0
557364,0
557365,0
557366,0
557367,0
557368,0
557369,0
557370,0
557371,0
557372,0
557373,0
557374,0
557375,0
557376,0
557377,0
557378,0
557379,0
557380,0
557381,45
557382,0
557383,0
557384,0
557385,0
557386,0
557387,0
557388,0
557389,0
557390,0
557391,60
557392,0
557393,0
557394,0
557395,0
557396,0
557397,0
557398,0
557399,0
557400,40
557401,32
557402,0
557403,0
557404,0
557405,0
557406,0
557407,0
557408,0
557409,36
557410,0
557411,0
557412,0
557413,0
557414,0
557415,0
557416,0
557417,0
557418,0
557419,0
557420,0
557421,0
557422,0
557423,0
557424,50
557425,0
557426,0
557427,0
557428,0
557429,0
557430,0
557431,0
557432,0
557433,0
557434,0
557435,0
557436,0
557437,0
557438,0
557439,0
557440,0
557441,0
557442,0
557443,0
557444,0
557445,0
557446,0
557447,0
557448,0
557449,0
557450,0
557451,0
557452,0
557453,0
557454,0
557455,0
557456,32
557457,0
557458,39
557459,0
557460,44
557461,0
557462,0
557463,0
557464,0
557465,0
557466,0
557467,25
557468,0
557469,28
557470,0
557471,0
557472,0
557473,0
557474,0
557475,0
557476,0
557477,55
557478,0
557479,0
557480,0
557481,31
557482,0
557483,0
557484,0
557485,0
557486,0
557487,42
557488,0
557489,0
557490,0
557491,0
557492,0
557493,45
557494,0
557495,0
557496,0
557497,0
557498,0
557499,0
557500,43
557501,0
557502,0
557503,0
557504,38
557505,0
557506,0
557507,0
557508,0
557509,0
557510,0
557511,0
557512,0
557513,0
557514,0
557515,32
557516,0
557517,0
557518,38
557519,0
557520,0
557521,0
557522,0
557523,0
557524,0
557525,0
557526,0
557527,29
557528,0
557529,0
557530,0
557531,24
557532,0
557533,0
557534,0
557535,0
557536,0
557537,0
557538,0
557539,0
557540,0
557541,0
557542,0
557543,0
557544,0
557545,0
557546,0
557547,0
557548,0
557549,0
557550,0
557551,0
557552,0
557553,0
557554,0
557555,31
557556,0
557557,0
557558,43
557559,0
557560,48
557561,46
557562,0
557563,59
557564,22
557565,0
557566,0
557567,0
557568,0
557569,0
557570,32
557571,0
557572,0
557573,0
557574,0
557575,0
557576,0
557577,0
557578,0
557579,0
557580,0
557581,0
557582,0
557583,0
557584,40
557585,0
557586,0
557587,31
557588,0
557589,0
557590,43
557591,0
557592,0
557593,0
557594,0
557595,0
557596,0
557597,0
557598,0
557599,0
557600,0
557601,0
557602,0
557603,0
557604,0
557605,0
557606,0
557607,0
557608,0
557609,0
557610,0
557611,0
557612,0
557613,0
557614,0
557615,0
557616,45
557617,0
557618,0
557619,0
557620,39
557621,0
557622,36
557623,0
557624,0
557625,0
557626,0
557627,0
557628,0
557629,0
557630,26
557631,0
557632,0
557633,0
557634,0
557635,0
557636,0
557637,0
557638,0
557639,0
557640,0
557641,0
557642,43
557643,0
557644,0
557645,0
557646,0
557647,0
557648,0
557649,35
557650,0
557651,0
557652,0
557653,0
557654,41
557655,0
557656,0
557657,0
557658,0
557659,0
557660,35
557661,0
557662,0
557663,0
557664,0
557665,0
557666,0
557667,0
557668,0
557669,0
557670,36
557671,0
557672,0
557673,0
557674,0
557675,0
557676,0
557677,0
557678,0
557679,0
557680,0
557681,0
557682,0
557683,39
557684,0
557685,0
557686,0
557687,0
557688,0
557689,0
557690,0
557691,0
557692,0
557693,0
557694,0
557695,0
557696,0
557697,0
557698,0
557699,0
557700,0
557701,19
557702,0
557703,0
557704,0
557705,0
557706,0
557707,0
557708,0
557709,0
557710,0
557711,19
557712,15
557713,18
557714,0
557715,0
557716,0
557717,0
557718,0
557719,0
557720,0
557721,0
557722,0
557723,0
557724,0
557725,0
557726,10
557727,0
557728,0
557729,0
557730,13
557731,0
557732,0
557733,0
557734,0
557735,0
557736,0
557737,0
557738,0
557739,0
557740,0
557741,0
557742,0
557743,0
557744,0
557745,0
557746,0
557747,0
557748,11
557749,0
557750,0
557751,0
557752,0
557753,0
557754,22
557755,0
557756,0
557757,5
557758,0
557759,0
557760,0
557761,0
557762,0
557763,0
557764,0
557765,0
557766,0
557767,0
557768,0
557769,0
557770,0
557771,0
557772,0
557773,0
557774,21
557775,22
557776,0
557777,0
557778,0
557779,0
557780,0
557781,0
557782,0
557783,0
557784,18
557785,0
557786,0
557787,11
557788,0
557789,0
557790,0
557791,17
557792,0
557793,18
557794,0
557795,0
557796,0
557797,0
557798,0
557799,0
557800,0
557801,0
557802,0
557803,16
557804,0
557805,0
557806,0
557807,0
557808,0
557809,0
557810,0
557811,0
557812,0
557813,0
557814,0
557815,18
557816,3
557817,20
557818,0
557819,0
557820,0
557821,0
557822,0
557823,0
557824,0
557825,0
557826,0
557827,0
557828,0
557829,0
557830,0
557831,0
557832,0
557833,16
557834,0
557835,0
557836,0
557837,0
557838,0
557839,19
557840,0
557841,0
557842,0
557843,0
557844,0
557845,0
557846,18
557847,0
557848,0
557849,0
557850,0
557851,0
557852,0
557853,0
557854,0
557855,18
557856,13
557857,0
557858,0
557859,0
557860,0
557861,0
557862,0
557863,0
557864,0
557865,0
557866,0
557867,0
557868,0
557869,0
557870,0
557871,0
557872,33
557873,0
557874,0
557875,0
557876,0
557877,0
557878,9
557879,0
557880,0
557881,0
557882,0
557883,0
557884,0
557885,0
557886,8
557887,0
557888,0
557889,0
557890,0
557891,0
557892,0
557893,0
557894,0
557895,0
557896,0
557897,0
557898,0
557899,0
557900,0
557901,0
557902,0
557903,0
557904,0
557905,0
557906,0
557907,0
557908,0
557909,8
557910,0
557911,0
557912,0
557913,0
557914,0
557915,0
557916,0
557917,0
557918,0
557919,18
557920,0
557921,27
557922,0
557923,0
557924,0
557925,0
557926,20
557927,0
557928,0
557929,0
557930,0
557931,0
557932,0
557933,0
557934,11
557935,0
557936,0
557937,14
557938,0
557939,0
557940,0
557941,0
557942,0
557943,0
557944,0
557945,0
557946,0
557947,0
557948,0
557949,8
557950,0
557951,0
557952,0
557953,0
557954,0
557955,9
557956,0
557957,0
557958,0
557959,0
557960,0
557961,0
557962,0
557963,26
557964,0
557965,20
557966,0
557967,0
557968,0
557969,0
557970,0
557971,0
557972,0
557973,0
557974,0
557975,0
557976,0
557977,27
557978,0
557979,0
557980,0
557981,0
557982,0
557983,0
557984,0
557985,0
557986,0
557987,12
557988,23
557989,0
557990,0
557991,0
557992,0
557993,0
557994,13
557995,0
557996,0
557997,0
557998,0
557999,0
558000,0
558001,0
558002,0
558003,0
558004,0
558005,20
558006,0
558007,0
558008,10
558009,16
558010,0
558011,0
558012,0
558013,0
558014,0
558015,0
558016,0
558017,0
558018,0
558019,0
558020,0
558021,0
558022,0
558023,0
558024,0
558025,0
558026,0
558027,0
558028,0
558029,0
558030,24
558031,0
558032,0
558033,0
558034,0
558035,0
558036,0
558037,0
558038,0
558039,0
558040,0
558041,0
558042,14
558043,0
558044,0
558045,0
558046,0
558047,0
558048,0
558049,0
558050,0
558051,0
558052,0
558053,0
558054,24
558055,0
558056,0
558057,7
558058,13
558059,0
558060,0
558061,0
558062,18
558063,0
558064,0
558065,0
558066,0
558067,0
558068,0
558069,0
558070,0
558071,0
558072,0
558073,0
558074,0
558075,0
558076,0
558077,0
558078,0
558079,0
558080,0
558081,0
558082,0
558083,0
558084,0
558085,0
558086,12
558087,19
558088,0
558089,0
558090,0
558091,16
558092,0
558093,0
558094,0
558095,0
558096,0
558097,19
558098,0
558099,0
558100,0
558101,0
558102,0
558103,0
558104,0
558105,0
558106,0
558107,9
558108,23
558109,0
558110,0
558111,0
558112,0
558113,0
558114,0
558115,18
558116,16
558117,0
558118,0
558119,0
558120,0
558121,0
558122,0
558123,0
558124,0
558125,0
558126,0
558127,0
558128,0
558129,0
558130,0
558131,20
558132,0
558133,0
558134,0
558135,0
558136,0
558137,0
558138,15
558139,0
558140,0
558141,0
558142,0
558143,0
558144,0
558145,0
558146,0
558147,0
558148,0
558149,18
558150,0
558151,0
558152,15
558153,0
558154,14
558155,0
558156,0
558157,0
558158,0
558159,0
558160,0
558161,0
558162,0
558163,0
558164,10
558165,0
558166,0
558167,0
558168,0
558169,0
558170,0
558171,0
558172,7
558173,0
558174,0
558175,0
558176,0
558177,20
558178,0
558179,13
558180,0
558181,0
558182,0
558183,0
558184,0
558185,0
558186,0
558187,0
558188,0
558189,0
558190,0
558191,0
558192,0
558193,19
558194,0
558195,0
558196,0
558197,0
558198,0
558199,0
558200,0
558201,0
558202,0
558203,0
558204,0
558205,23
558206,0
558207,0
558208,0
558209,0
558210,0
558211,0
558212,0
558213,0
558214,0
558215,0
558216,13
558217,0
558218,24
558219,0
558220,0
558221,0
558222,0
558223,0
558224,0
558225,0
558226,11
558227,0
558228,0
558229,0
558230,0
558231,0
558232,0
558233,0
558234,0
558235,17
558236,0
558237,0
558238,0
558239,17
558240,0
558241,0
558242,0
558243,0
558244,0
558245,0
558246,0
558247,0
558248,12
558249,15
558250,0
558251,0
558252,0
558253,0
558254,23
558255,0
558256,0
558257,0
558258,0
558259,0
558260,21
558261,0
558262,0
558263,0
558264,27
558265,11
558266,0
558267,0
558268,11
558269,21
558270,0
558271,0
558272,0
558273,12
558274,14
558275,0
558276,30
558277,0
558278,0
558279,0
558280,0
558281,10
558282,21
558283,0
558284,0
558285,0
558286,0
558287,0
558288,0
558289,8
558290,0
558291,0
558292,0
558293,0
558294,0
558295,9
558296,0
558297,0
558298,0
558299,0
558300,17
558301,10
558302,0
558303,0
558304,0
558305,15
558306,0
558307,0
558308,0
558309,0
558310,22
558311,0
558312,0
558313,0
558314,18
558315,0
558316,0
558317,0
558318,0
558319,0
558320,0
558321,0
558322,24
558323,0
558324,0
558325,0
558326,7
558327,0
558328,0
558329,0
558330,0
558331,15
558332,0
558333,0
558334,0
558335,0
558336,0
558337,0
558338,0
558339,0
558340,0
558341,21
558342,0
558343,0
558344,0
558345,0
558346,0
558347,0
558348,0
558349,0
558350,0
558351,0
558352,0
558353,0
558354,0
558355,0
558356,0
558357,0
558358,0
558359,0
558360,3
558361,0
558362,7
558363,0
558364,0
558365,0
558366,0
558367,5
558368,0
558369,0
558370,0
558371,0
558372,5
558373,0
558374,0
558375,0
558376,0
558377,6
558378,0
558379,0
558380,0
558381,0
558382,6
558383,0
558384,8
558385,0
558386,0
558387,0
558388,0
558389,3
558390,0
558391,0
558392,0
558393,0
558394,0
558395,0
558396,0
558397,4
558398,0
558399,0
558400,0
558401,0
558402,0
558403,0
558404,0
558405,0
558406,0
558407,6
558408,0
558409,0
558410,0
558411,0
558412,0
558413,0
558414,0
558415,0
558416,0
558417,0
558418,0
558419,0
558420,0
558421,0
558422,5
558423,8
558424,0
558425,0
558426,3
558427,0
558428,0
558429,0
558430,0
558431,8
558432,0
558433,0
558434,0
558435,0
558436,0
558437,0
558438,0
558439,0
558440,0
558441,0
558442,4
558443,0
558444,0
558445,0
558446,0
558447,0
558448,0
558449,0
558450,0
558451,0
558452,8
558453,0
558454,0
558455,0
558456,0
558457,0
558458,0
558459,0
558460,0
558461,0
558462,17
558463,0
558464,0
558465,0
558466,0
558467,16
558468,0
558469,0
558470,13
558471,0
558472,0
558473,11
558474,0
558475,0
558476,20
558477,13
558478,0
558479,0
558480,0
558481,0
558482,0
558483,0
558484,0
558485,0
558486,0
558487,16
558488,13
558489,0
558490,10
558491,0
558492,0
558493,0
558494,0
558495,0
558496,19
558497,0
558498,0
558499,16
558500,0
558501,0
558502,0
558503,0
558504,0
558505,0
558506,0
558507,0
558508,0
558509,15
558510,0
558511,22
558512,0
558513,23
558514,0
558515,0
558516,0
558517,0
558518,0
558519,0
558520,24
558521,0
558522,0
558523,0
558524,0
558525,0
558526,0
558527,0
558528,0
558529,17
558530,0
558531,0
558532,15
558533,0
558534,0
558535,0
558536,22
558537,0
558538,0
558539,0
558540,0
558541,0
558542,16
558543,0
558544,0
558545,29
558546,19
558547,0
558548,0
558549,17
558550,35
558551,0
558552,0
558553,0
558554,0
558555,18
558556,0
558557,0
558558,0
558559,0
558560,0
558561,19
558562,0
558563,0
558564,0
558565,0
558566,0
558567,0
558568,0
558569,25
558570,0
558571,0
558572,0
558573,0
558574,0
558575,8
558576,0
558577,0
558578,18
558579,31
558580,0
558581,26
558582,0
558583,0
558584,0
558585,23
558586,0
558587,0
558588,0
558589,0
558590,0
558591,0
558592,22
558593,0
558594,0
558595,0
558596,19
558597,0
558598,0
558599,0
558600,0
558601,14
558602,0
558603,18
558604,0
558605,0
558606,0
558607,0
558608,10
558609,0
558610,13
558611,0
558612,28
558613,12
558614,0
558615,0
558616,0
558617,0
558618,0
558619,0
558620,0
558621,0
558622,0
558623,0
558624,0
558625,0
558626,0
558627,0
558628,14
558629,0
558630,0
558631,0
558632,0
558633,14
558634,0
558635,0
558636,0
558637,0
558638,8
558639,0
558640,0
558641,0
558642,0
558643,0
558644,0
558645,0
558646,0
558647,0
558648,0
558649,0
558650,0
558651,0
558652,0
558653,0
558654,21
558655,0
558656,0
558657,0
558658,0
558659,0
558660,4
558661,0
558662,0
558663,22
558664,0
558665,0
558666,0
558667,0
558668,0
558669,0
558670,0
558671,0
558672,0
558673,0
558674,0
558675,0
558676,0
558677,0
558678,0
558679,9
558680,0
558681,0
558682,0
558683,0
558684,0
558685,0
558686,0
558687,57
558688,0
558689,12
558690,0
558691,0
558692,0
558693,0
558694,0
558695,21
558696,0
558697,0
558698,5
558699,0
558700,0
558701,0
558702,0
558703,9
558704,0
558705,0
558706,0
558707,0
558708,0
558709,0
558710,0
558711,0
558712,0
558713,0
558714,0
558715,30
558716,28
558717,0
558718,0
558719,0
558720,40
558721,16
558722,0
558723,0
558724,0
558725,0
558726,0
558727,41
558728,0
558729,30
558730,0
558731,0
558732,0
558733,15
558734,0
558735,0
558736,0
558737,0
558738,28
558739,0
558740,0
558741,0
558742,0
558743,0
558744,9
558745,0
558746,0
558747,0
558748,10
558749,0
558750,0
558751,0
558752,0
558753,0
558754,9
558755,0
558756,0
558757,0
558758,0
558759,0
558760,0
558761,0
558762,26
558763,11
558764,0
558765,0
558766,0
558767,0
558768,0
558769,30
558770,19
558771,0
558772,0
558773,0
558774,0
558775,0
558776,0
558777,0
558778,0
558779,0
558780,0
558781,0
558782,10
558783,0
558784,0
558785,0
558786,0
558787,0
558788,0
558789,0
558790,0
558791,0
558792,0
558793,0
558794,15
558795,0
558796,0
558797,0
558798,18
558799,0
558800,0
558801,0
558802,8
558803,0
558804,0
558805,0
558806,26
558807,0
558808,0
558809,0
558810,18
558811,0
558812,0
558813,0
558814,0
558815,0
558816,21
558817,0
558818,0
558819,0
558820,0
558821,0
558822,0
558823,0
558824,21
558825,19
558826,0
558827,0
558828,0
558829,0
558830,0
558831,0
558832,0
558833,0
558834,0
558835,32
558836,0
558837,39
558838,0
558839,0
558840,0
558841,0
558842,18
558843,0
558844,0
558845,0
558846,0
558847,0
558848,20
558849,0
558850,0
558851,0
558852,0
558853,0
558854,21
558855,0
558856,21
558857,32
558858,0
558859,0
558860,0
558861,32
558862,0
558863,17
558864,21
558865,0
558866,0
558867,0
558868,0
558869,0
558870,0
558871,0
558872,0
558873,0
558874,0
558875,0
558876,0
558877,0
558878,19
558879,27
558880,0
558881,0
558882,0
558883,0
558884,0
558885,13
558886,0
558887,0
558888,19
558889,0
558890,0
558891,0
558892,0
558893,0
558894,0
558895,0
558896,0
558897,0
558898,0
558899,12
558900,0
558901,0
558902,0
558903,0
558904,0
558905,22
558906,34
558907,0
558908,0
558909,0
558910,0
558911,0
558912,10
558913,0
558914,0
558915,28
558916,23
558917,20
558918,0
558919,0
558920,0
558921,14
558922,0
558923,0
558924,14
558925,0
558926,0
558927,0
558928,0
558929,12
558930,0
558931,0
558932,0
558933,0
558934,0
558935,19
558936,0
558937,0
558938,0
558939,0
558940,0
558941,0
558942,0
558943,0
558944,0
558945,0
558946,0
558947,0
558948,0
558949,0
558950,0
558951,0
558952,0
558953,27
558954,0
558955,0
558956,0
558957,0
558958,25
558959,0
558960,18
558961,15
558962,0
558963,32
558964,0
558965,11
558966,0
558967,0
558968,0
558969,0
558970,0
558971,0
558972,0
558973,0
558974,0
558975,0
558976,24
558977,0
558978,0
558979,0
558980,0
558981,0
558982,0
558983,0
558984,0
558985,0
558986,20
558987,0
558988,0
558989,0
558990,0
558991,4
558992,0
558993,0
558994,0
558995,0
558996,0
558997,36
558998,0
558999,0
559000,0
559001,0
559002,0
559003,0
559004,0
559005,0
559006,0
559007,17
559008,0
559009,26
559010,0
559011,0
559012,0
559013,0
559014,0
559015,0
559016,0
559017,0
559018,0
559019,24
559020,0
559021,37
559022,0
559023,0
559024,0
559025,0
559026,0
559027,22
559028,0
559029,0
559030,0
559031,0
559032,0
559033,0
559034,0
559035,0
559036,0
559037,16
559038,12
559039,14
559040,26
559041,0
559042,0
559043,33
559044,13
559045,0
559046,0
559047,0
559048,0
559049,0
559050,0
559051,0
559052,0
559053,43
559054,18
559055,0
559056,0
559057,0
559058,0
559059,0
559060,0
559061,11
559062,0
559063,26
559064,18
559065,0
559066,11
559067,0
559068,0
559069,35
559070,0
559071,0
559072,0
559073,0
559074,0
559075,36
559076,0
559077,0
559078,0
559079,0
559080,0
559081,0
559082,0
559083,0
559084,0
559085,0
559086,0
559087,20
559088,0
559089,19
559090,0
559091,0
559092,0
559093,0
559094,0
559095,0
559096,0
559097,0
559098,0
559099,0
559100,30
559101,0
559102,24
559103,0
559104,0
559105,0
559106,0
559107,0
559108,0
559109,0
559110,8
559111,0
559112,0
559113,0
559114,0
559115,0
559116,0
559117,0
559118,0
559119,0
559120,39
559121,0
559122,0
559123,0
559124,27
559125,0
559126,0
559127,0
559128,0
559129,0
559130,0
559131,0
559132,0
559133,22
559134,0
559135,0
559136,0
559137,0
559138,0
559139,0
559140,0
559141,0
559142,0
559143,0
559144,0
559145,0
559146,0
559147,25
559148,0
559149,0
559150,0
559151,0
559152,34
559153,0
559154,37
559155,0
559156,0
559157,0
559158,0
559159,0
559160,0
559161,0
559162,0
559163,0
559164,0
559165,0
559166,0
559167,0
559168,0
559169,0
559170,0
559171,0
559172,0
559173,0
559174,0
559175,0
559176,0
559177,0
559178,0
559179,0
559180,0
559181,0
559182,0
559183,0
559184,0
559185,0
559186,0
559187,26
559188,20
559189,0
559190,35
559191,0
559192,0
559193,38
559194,0
559195,0
559196,0
559197,0
559198,0
559199,0
559200,0
559201,0
559202,0
559203,0
559204,0
559205,0
559206,0
559207,0
559208,0
559209,0
559210,0
559211,0
559212,36
559213,0
559214,0
559215,0
559216,0
559217,30
559218,0
559219,0
559220,0
559221,26
559222,20
559223,0
559224,0
559225,0
559226,0
559227,0
559228,0
559229,0
559230,0
559231,16
559232,0
559233,0
559234,0
559235,0
559236,0
559237,0
559238,0
559239,0
559240,22
559241,16
559242,0
559243,0
559244,20
559245,0
559246,0
559247,0
559248,25
559249,0
559250,0
559251,31
559252,0
559253,0
559254,27
559255,0
559256,28
559257,0
559258,0
559259,0
559260,0
559261,0
559262,0
559263,0
559264,0
559265,0
559266,19
559267,0
559268,0
559269,0
559270,0
559271,0
559272,0
559273,0
559274,0
559275,0
559276,39
559277,0
559278,0
559279,0
559280,0
559281,0
559282,46
559283,0
559284,32
559285,0
559286,0
559287,0
559288,0
559289,29
559290,0
559291,0
559292,0
559293,0
559294,0
559295,0
559296,22
559297,0
559298,0
559299,0
559300,0
559301,0
559302,0
559303,0
559304,0
559305,18
559306,0
559307,15
559308,0
559309,0
559310,0
559311,0
559312,0
559313,0
559314,0
559315,0
559316,0
559317,15
559318,0
559319,0
559320,0
559321,0
559322,0
559323,0
559324,0
559325,0
559326,0
559327,0
559328,0
559329,0
559330,0
559331,0
559332,0
559333,0
559334,0
559335,0
559336,0
559337,0
559338,0
559339,0
559340,0
559341,0
559342,0
559343,0
559344,0
559345,0
559346,27
559347,0
559348,0
559349,0
559350,0
559351,0
559352,0
559353,0
559354,0
559355,0
559356,0
559357,0
559358,0
559359,0
559360,0
559361,0
559362,0
559363,0
559364,0
559365,0
559366,0
559367,0
559368,0
559369,0
559370,0
559371,0
559372,22
559373,0
559374,0
559375,0
559376,0
559377,0
559378,0
559379,0
559380,0
559381,0
559382,0
559383,0
559384,0
559385,18
559386,0
559387,0
559388,0
559389,0
559390,0
559391,0
559392,0
559393,0
559394,24
559395,0
559396,21
559397,0
559398,0
559399,0
559400,0
559401,0
559402,0
559403,0
559404,0
559405,0
559406,0
559407,0
559408,0
559409,0
559410,0
559411,0
559412,0
559413,0
559414,0
559415,0
559416,0
559417,33
559418,0
559419,34
559420,0
559421,0
559422,0
559423,0
559424,0
559425,0
559426,0
559427,0
559428,0
559429,0
559430,0
559431,0
559432,0
559433,0
559434,0
559435,0
559436,0
559437,22
559438,10
559439,0
559440,0
559441,0
559442,0
559443,0
559444,0
559445,0
559446,0
559447,10
559448,0
559449,0
559450,3
559451,0
559452,0
559453,6
559454,0
559455,0
559456,0
559457,0
559458,0
559459,0
559460,0
559461,6
559462,0
559463,0
559464,0
559465,0
559466,1
559467,0
559468,0
559469,5
559470,0
559471,0
559472,0
559473,0
559474,0
559475,8
559476,3
559477,0
559478,0
559479,6
559480,0
559481,0
559482,0
559483,0
559484,0
559485,0
559486,0
559487,0
559488,1
559489,0
559490,0
559491,0
559492,0
559493,0
559494,0
559495,0
559496,0
559497,0
559498,0
559499,0
559500,0
559501,0
559502,0
559503,0
559504,0
559505,0
559506,0
559507,0
559508,0
559509,0
559510,0
559511,0
559512,4
559513,5
559514,0
559515,0
559516,0
559517,0
559518,0
559519,0
559520,0
559521,0
559522,0
559523,0
559524,0
559525,0
559526,0
559527,0
559528,9
559529,0
559530,0
559531,0
559532,0
559533,0
559534,0
559535,8
559536,0
559537,0
559538,5
559539,4
559540,0
559541,0
559542,0
559543,0
559544,0
559545,0
559546,4
559547,0
559548,0
559549,0
559550,3
559551,0
559552,0
559553,0
559554,0
559555,0
559556,0
559557,0
559558,0
559559,0
559560,0
559561,0
559562,0
559563,0
559564,0
559565,0
559566,0
559567,0
559568,0
559569,0
559570,0
559571,0
559572,3
559573,0
559574,4
559575,0
559576,0
559577,0
559578,0
559579,0
559580,4
559581,0
559582,7
559583,0
559584,0
559585,0
559586,0
559587,0
559588,0
559589,2
559590,0
559591,0
559592,0
559593,0
559594,0
559595,0
559596,0
559597,7
559598,0
559599,0
559600,0
559601,0
559602,0
559603,0
559604,0
559605,0
559606,0
559607,0
559608,0
559609,0
559610,0
559611,0
559612,0
559613,0
559614,0
559615,7
559616,0
559617,0
559618,3
559619,0
559620,0
559621,3
559622,0
559623,0
559624,0
559625,0
559626,4
559627,0
559628,0
559629,7
559630,0
559631,0
559632,0
559633,0
559634,0
559635,0
559636,6
559637,0
559638,0
559639,0
559640,0
559641,0
559642,0
559643,0
559644,0
559645,0
559646,0
559647,0
559648,0
559649,0
559650,10
559651,4
559652,0
559653,0
559654,6
559655,0
559656,0
559657,0
559658,0
559659,0
559660,0
559661,0
559662,0
559663,0
559664,0
559665,0
559666,0
559667,0
559668,0
559669,0
559670,3
559671,0
559672,0
559673,7
559674,0
559675,3
559676,0
559677,0
559678,0
559679,0
559680,0
559681,7
559682,0
559683,0
559684,8
559685,0
559686,7
559687,0
559688,0
559689,0
559690,5
559691,0
559692,0
559693,0
559694,0
559695,0
559696,0
559697,0
559698,0
559699,0
559700,0
559701,0
559702,0
559703,3
559704,0
559705,5
559706,0
559707,2
559708,0
559709,0
559710,5
559711,0
559712,0
559713,0
559714,0
559715,0
559716,10
559717,6
559718,0
559719,0
559720,6
559721,0
559722,0
559723,4
559724,0
559725,5
559726,0
559727,0
559728,0
559729,0
559730,0
559731,0
559732,0
559733,0
559734,0
559735,0
559736,0
559737,0
559738,0
559739,0
559740,0
559741,6
559742,0
559743,3
559744,0
559745,1
559746,3
559747,0
559748,0
559749,8
559750,0
559751,0
559752,3
559753,0
559754,0
559755,0
559756,0
559757,0
559758,0
559759,0
559760,0
559761,0
559762,5
559763,0
559764,0
559765,4
559766,0
559767,0
559768,0
559769,0
559770,1
559771,0
559772,0
559773,0
559774,7
559775,0
559776,0
559777,0
559778,3
559779,0
559780,0
559781,0
559782,0
559783,5
559784,0
559785,0
559786,0
559787,0
559788,7
559789,0
559790,0
559791,0
559792,0
559793,0
559794,0
559795,2
559796,7
559797,3
559798,0
559799,0
559800,3
559801,0
559802,0
559803,0
559804,6
559805,0
559806,0
559807,0
559808,0
559809,0
559810,0
559811,0
559812,0
559813,0
559814,0
559815,0
559816,0
559817,0
559818,6
559819,0
559820,0
559821,0
559822,0
559823,0
559824,0
559825,5
559826,0
559827,0
559828,0
559829,0
559830,0
559831,1
559832,0
559833,0
559834,0
559835,0
559836,0
559837,0
559838,6
559839,0
559840,0
559841,0
559842,0
559843,0
559844,0
559845,6
559846,0
559847,4
559848,0
559849,0
559850,0
559851,0
559852,0
559853,0
559854,0
559855,0
559856,0
559857,0
559858,0
559859,0
559860,0
559861,7
559862,0
559863,0
559864,0
559865,0
559866,0
559867,0
559868,0
559869,0
559870,0
559871,0
559872,0
559873,0
559874,0
559875,0
559876,0
559877,5
559878,0
559879,0
559880,4
559881,5
559882,2
559883,0
559884,0
559885,0
559886,5
559887,0
559888,0
559889,0
559890,0
559891,0
559892,0
559893,0
559894,0
559895,0
559896,0
559897,2
559898,0
559899,0
559900,0
559901,0
559902,5
559903,4
559904,0
559905,4
559906,0
559907,2
559908,0
559909,0
559910,0
559911,0
559912,7
559913,0
559914,0
559915,0
559916,0
559917,0
559918,2
559919,0
559920,10
559921,5
559922,0
559923,0
559924,0
559925,0
559926,0
559927,0
559928,7
559929,3
559930,0
559931,0
559932,0
559933,0
559934,0
559935,0
559936,0
559937,0
559938,0
559939,0
559940,0
559941,0
559942,5
559943,0
559944,0
559945,0
559946,0
559947,0
559948,0
559949,0
559950,0
559951,0
559952,8
559953,0
559954,0
559955,0
559956,0
559957,0
559958,0
559959,3
559960,0
559961,0
559962,8
559963,0
559964,15
559965,0
559966,0
559967,0
559968,0
559969,0
559970,0
559971,0
559972,0
559973,0
559974,3
559975,0
559976,0
559977,0
559978,0
559979,0
559980,8
559981,0
559982,0
559983,0
559984,0
559985,0
559986,0
559987,0
559988,0
559989,0
559990,0
559991,0
559992,0
559993,0
559994,0
559995,0
559996,0
559997,0
559998,0
559999,2
560000,0
560001,0
560002,4
560003,2
560004,0
560005,0
560006,0
560007,0
560008,0
560009,0
560010,0
560011,0
560012,0
560013,0
560014,0
560015,5
560016,0
560017,8
560018,0
560019,3
560020,0
560021,0
560022,0
560023,2
560024,0
560025,9
560026,5
560027,4
560028,0
560029,0
560030,0
560031,0
560032,0
560033,0
560034,0
560035,0
560036,0
560037,0
560038,0
560039,0
560040,0
560041,6
560042,0
560043,4
560044,0
560045,0
560046,0
560047,0
560048,0
560049,0
560050,0
560051,0
560052,6
560053,0
560054,0
560055,0
560056,0
560057,0
560058,8
560059,0
560060,0
560061,0
560062,0
560063,0
560064,0
560065,6
560066,0
560067,0
560068,0
560069,0
560070,0
560071,0
560072,0
560073,9
560074,0
560075,0
560076,0
560077,0
560078,0
560079,0
560080,0
560081,0
560082,0
560083,0
560084,0
560085,4
560086,0
560087,0
560088,0
560089,0
560090,0
560091,9
560092,8
560093,0
560094,0
560095,0
560096,9
560097,0
560098,0
560099,2
560100,0
560101,0
560102,0
560103,0
560104,0
560105,0
560106,0
560107,0
560108,6
560109,0
560110,0
560111,0
560112,0
560113,0
560114,0
560115,0
560116,0
560117,0
560118,9
560119,0
560120,0
560121,0
560122,10
560123,0
560124,0
560125,0
560126,0
560127,1
560128,0
560129,0
560130,0
560131,0
560132,0
560133,5
560134,4
560135,4
560136,0
560137,0
560138,0
560139,0
560140,0
560141,5
560142,0
560143,0
560144,0
560145,0
560146,0
560147,0
560148,0
560149,0
560150,2
560151,0
560152,6
560153,0
560154,0
560155,0
560156,9
560157,0
560158,0
560159,0
560160,6
560161,0
560162,0
560163,0
560164,0
560165,0
560166,1
560167,0
560168,0
560169,6
560170,5
560171,0
560172,0
560173,0
560174,0
560175,0
560176,4
560177,0
560178,0
560179,0
560180,0
560181,6
560182,0
560183,0
560184,0
560185,0
560186,0
560187,0
560188,0
560189,0
560190,0
560191,0
560192,4
560193,6
560194,0
560195,0
560196,0
560197,0
560198,0
560199,0
560200,0
560201,0
560202,0
560203,0
560204,0
560205,3
560206,0
560207,0
560208,0
560209,0
560210,0
560211,0
560212,0
560213,0
560214,0
560215,0
560216,0
560217,0
560218,0
560219,0
560220,0
560221,0
560222,0
560223,6
560224,0
560225,0
560226,0
560227,0
560228,0
560229,0
560230,0
560231,0
560232,6
560233,0
560234,0
560235,0
560236,0
560237,0
560238,5
560239,4
560240,0
560241,0
560242,0
560243,0
560244,0
560245,0
560246,0
560247,0
560248,0
560249,3
560250,0
560251,2
560252,0
560253,0
560254,0
560255,0
560256,7
560257,0
560258,0
560259,0
560260,0
560261,5
560262,0
560263,0
560264,0
560265,0
560266,0
560267,5
560268,0
560269,0
560270,0
560271,4
560272,0
560273,0
560274,0
560275,0
560276,0
560277,0
560278,0
560279,0
560280,0
560281,0
560282,0
560283,0
560284,0
560285,0
560286,0
560287,0
560288,0
560289,0
560290,0
560291,0
560292,0
560293,0
560294,0
560295,0
560296,0
560297,0
560298,0
560299,0
560300,3
560301,0
560302,0
560303,0
560304,0
560305,8
560306,0
560307,0
560308,0
560309,0
560310,0
560311,0
560312,0
560313,0
560314,0
560315,0
560316,38
560317,0
560318,0
560319,0
560320,0
560321,0
560322,0
560323,0
560324,0
560325,0
560326,0
560327,12
560328,0
560329,0
560330,0
560331,0
560332,0
560333,0
560334,0
560335,0
560336,16
560337,0
560338,0
560339,18
560340,0
560341,0
560342,0
560343,0
560344,0
560345,0
560346,0
560347,0
560348,0
560349,0
560350,0
560351,0
560352,19
560353,0
560354,0
560355,0
560356,0
560357,0
560358,0
560359,0
560360,0
560361,0
560362,0
560363,0
560364,0
560365,0
560366,0
560367,0
560368,0
560369,0
560370,0
560371,15
560372,0
560373,0
560374,0
560375,0
560376,0
560377,0
560378,14
560379,0
560380,0
560381,29
560382,0
560383,0
560384,0
560385,0
560386,0
560387,0
560388,24
560389,0
560390,0
560391,0
560392,21
560393,0
560394,0
560395,0
560396,0
560397,0
560398,0
560399,0
560400,0
560401,0
560402,0
560403,31
560404,0
560405,0
560406,24
560407,0
560408,0
560409,0
560410,0
560411,0
560412,0
560413,0
560414,0
560415,0
560416,0
560417,0
560418,0
560419,0
560420,0
560421,0
560422,0
560423,0
560424,0
560425,0
560426,10
560427,21
560428,0
560429,0
560430,0
560431,0
560432,0
560433,0
560434,0
560435,0
560436,0
560437,0
560438,0
560439,0
560440,0
560441,0
560442,0
560443,19
560444,0
560445,0
560446,0
560447,0
560448,33
560449,0
560450,0
560451,0
560452,0
560453,0
560454,0
560455,0
560456,19
560457,0
560458,0
560459,0
560460,0
560461,26
560462,0
560463,0
560464,0
560465,0
560466,0
560467,0
560468,0
560469,0
560470,0
560471,0
560472,0
560473,0
560474,17
560475,0
560476,0
560477,0
560478,0
560479,0
560480,0
560481,0
560482,0
560483,0
560484,0
560485,0
560486,0
560487,0
560488,0
560489,0
560490,0
560491,0
560492,25
560493,0
560494,0
560495,0
560496,0
560497,0
560498,0
560499,0
560500,0
560501,0
560502,0
560503,0
560504,0
560505,0
560506,0
560507,0
560508,0
560509,19
560510,23
560511,31
560512,0
560513,0
560514,0
560515,0
560516,0
560517,0
560518,0
560519,0
560520,0
560521,0
560522,0
560523,0
560524,33
560525,0
560526,24
560527,0
560528,0
560529,0
560530,0
560531,0
560532,0
560533,0
560534,0
560535,0
560536,0
560537,0
560538,0
560539,0
560540,30
560541,0
560542,0
560543,0
560544,0
560545,0
560546,0
560547,24
560548,0
560549,0
560550,0
560551,0
560552,0
560553,0
560554,12
560555,0
560556,0
560557,0
560558,12
560559,0
560560,0
560561,21
560562,0
560563,0
560564,0
560565,0
560566,24
560567,0
560568,0
560569,0
560570,0
560571,0
560572,0
560573,30
560574,25
560575,0
560576,0
560577,0
560578,0
560579,0
560580,0
560581,0
560582,0
560583,0
560584,0
560585,0
560586,0
560587,0
560588,0
560589,0
560590,0
560591,0
560592,20
560593,0
560594,0
560595,0
560596,16
560597,0
560598,0
560599,0
560600,0
560601,0
560602,0
560603,0
560604,0
560605,0
560606,21
560607,0
560608,14
560609,0
560610,0
560611,0
560612,0
560613,0
560614,0
560615,0
560616,0
560617,21
560618,0
560619,0
560620,0
560621,0
560622,0
560623,0
560624,0
560625,0
560626,0
560627,0
560628,0
560629,0
560630,0
560631,0
560632,0
560633,0
560634,0
560635,0
560636,0
560637,0
560638,0
560639,0
560640,0
560641,0
560642,0
560643,0
560644,0
560645,0
560646,0
560647,0
560648,0
560649,0
560650,0
560651,0
560652,0
560653,0
560654,23
560655,0
560656,0
560657,0
560658,0
560659,0
560660,22
560661,0
560662,0
560663,0
560664,0
560665,0
560666,0
560667,0
560668,0
560669,0
560670,0
560671,0
560672,29
560673,0
560674,0
560675,0
560676,22
560677,24
560678,0
560679,0
560680,0
560681,0
560682,0
560683,0
560684,0
560685,0
560686,0
560687,0
560688,0
560689,22
560690,0
560691,0
560692,0
560693,0
560694,0
560695,0
560696,0
560697,0
560698,0
560699,0
560700,0
560701,0
560702,0
560703,0
560704,0
560705,0
560706,0
560707,0
560708,0
560709,0
560710,0
560711,0
560712,0
560713,0
560714,0
560715,0
560716,0
560717,0
560718,0
560719,0
560720,0
560721,0
560722,0
560723,0
560724,0
560725,0
560726,0
560727,0
560728,0
560729,0
560730,0
560731,0
560732,27
560733,26
560734,0
560735,0
560736,0
560737,12
560738,0
560739,0
560740,0
560741,0
560742,0
560743,0
560744,0
560745,0
560746,0
560747,0
560748,0
560749,0
560750,0
560751,31
560752,0
560753,0
560754,0
560755,41
560756,0
560757,0
560758,0
560759,0
560760,0
560761,0
560762,0
560763,0
560764,0
560765,0
560766,0
560767,0
560768,0
560769,0
560770,0
560771,0
560772,0
560773,0
560774,0
560775,0
560776,0
560777,0
560778,0
560779,0
560780,26
560781,19
560782,0
560783,17
560784,0
560785,0
560786,0
560787,0
560788,0
560789,0
560790,0
560791,0
560792,0
560793,0
560794,0
560795,0
560796,0
560797,0
560798,0
560799,0
560800,0
560801,0
560802,0
560803,0
560804,0
560805,0
560806,0
560807,0
560808,0
560809,0
560810,0
560811,0
560812,0
560813,7
560814,0
560815,0
560816,0
560817,0
560818,37
560819,0
560820,0
560821,0
560822,0
560823,0
560824,0
560825,0
560826,0
560827,0
560828,0
560829,0
560830,0
560831,0
560832,0
560833,0
560834,17
560835,0
560836,0
560837,0
560838,0
560839,0
560840,0
560841,0
560842,0
560843,0
560844,0
560845,0
560846,41
560847,0
560848,0
560849,0
560850,0
560851,0
560852,0
560853,0
560854,0
560855,0
560856,0
560857,0
560858,0
560859,0
560860,0
560861,0
560862,0
560863,0
560864,0
560865,0
560866,0
560867,0
560868,0
560869,0
560870,0
560871,0
560872,0
560873,0
560874,0
560875,0
560876,0
560877,0
560878,0
560879,0
560880,0
560881,0
560882,0
560883,0
560884,0
560885,0
560886,0
560887,0
560888,0
560889,0
560890,0
560891,0
560892,0
560893,0
560894,0
560895,0
560896,0
560897,0
560898,0
560899,0
560900,0
560901,0
560902,0
560903,24
560904,0
560905,0
560906,0
560907,0
560908,0
560909,0
560910,0
560911,24
560912,0
560913,11
560914,0
560915,0
560916,0
560917,0
560918,0
560919,0
560920,0
560921,0
560922,0
560923,0
560924,0
560925,0
560926,0
560927,0
560928,0
560929,0
560930,0
560931,18
560932,0
560933,0
560934,0
560935,0
560936,0
560937,0
560938,0
560939,0
560940,0
560941,0
560942,0
560943,0
560944,0
560945,0
560946,0
560947,26
560948,0
560949,0
560950,0
560951,29
560952,0
560953,12
560954,0
560955,0
560956,0
560957,0
560958,0
560959,0
560960,0
560961,0
560962,0
560963,0
560964,0
560965,0
560966,0
560967,0
560968,0
560969,13
560970,0
560971,0
560972,0
560973,0
560974,0
560975,0
560976,0
560977,0
560978,0
560979,0
560980,42
560981,12
560982,0
560983,0
560984,0
560985,0
560986,0
560987,0
560988,0
560989,0
560990,0
560991,21
560992,0
560993,0
560994,0
560995,0
560996,0
560997,0
560998,0
560999,0
561000,0
561001,0
561002,0
561003,0
561004,0
561005,0
561006,0
561007,0
561008,0
561009,0
561010,0
561011,0
561012,0
561013,22
561014,0
561015,0
561016,0
561017,0
561018,0
561019,0
561020,0
561021,0
561022,0
561023,0
561024,0
561025,0
561026,0
561027,10
561028,0
561029,0
561030,0
561031,0
561032,0
561033,0
561034,26
561035,0
561036,30
561037,0
561038,0
561039,0
561040,14
561041,0
561042,0
561043,0
561044,0
561045,0
561046,0
561047,0
561048,0
561049,0
561050,0
561051,0
561052,0
561053,0
561054,0
561055,0
561056,0
561057,0
561058,0
561059,0
561060,0
561061,0
561062,0
561063,0
561064,0
561065,0
561066,0
561067,0
561068,0
561069,0
561070,16
561071,0
561072,0
561073,0
561074,0
561075,0
561076,0
561077,0
561078,0
561079,0
561080,0
561081,0
561082,0
561083,0
561084,0
561085,0
561086,28
561087,0
561088,0
561089,0
561090,0
561091,0
561092,0
561093,0
561094,0
561095,0
561096,0
561097,0
561098,0
561099,0
561100,0
561101,0
561102,0
561103,0
561104,0
561105,0
561106,0
561107,0
561108,0
561109,0
561110,0
561111,0
561112,0
561113,0
561114,0
561115,39
561116,0
561117,0
561118,0
561119,0
561120,0
561121,0
561122,0
561123,0
561124,0
561125,0
561126,0
561127,22
561128,0
561129,34
561130,0
561131,0
561132,0
561133,0
561134,0
561135,0
561136,0
561137,0
561138,0
561139,0
561140,0
561141,0
561142,0
561143,0
561144,0
561145,0
561146,0
561147,0
561148,0
561149,0
561150,0
561151,20
561152,0
561153,0
561154,0
561155,0
561156,0
561157,0
561158,0
561159,0
561160,0
561161,0
561162,0
561163,34
561164,0
561165,0
561166,0
561167,19
561168,0
561169,0
561170,0
561171,0
561172,0
561173,0
561174,0
561175,0
561176,0
561177,0
561178,0
561179,0
561180,0
561181,0
561182,0
561183,0
561184,0
561185,0
561186,0
561187,0
561188,0
561189,0
561190,26
561191,0
561192,0
561193,0
561194,0
561195,0
561196,0
561197,0
561198,26
561199,0
561200,0
561201,0
561202,0
561203,0
561204,14
561205,0
561206,0
561207,16
561208,0
561209,0
561210,0
561211,0
561212,0
561213,0
561214,0
561215,0
561216,0
561217,0
561218,0
561219,0
561220,0
561221,0
561222,0
561223,14
561224,27
561225,37
561226,0
561227,0
561228,0
561229,0
561230,0
561231,0
561232,0
561233,0
561234,0
561235,0
561236,0
561237,0
561238,0
561239,0
561240,0
561241,0
561242,0
561243,0
561244,0
561245,0
561246,16
561247,0
561248,0
561249,0
561250,0
561251,0
561252,0
561253,0
561254,0
561255,0
561256,40
561257,0
561258,0
561259,0
561260,16
561261,0
561262,0
561263,0
561264,0
561265,0
561266,0
561267,0
561268,0
561269,0
561270,0
561271,24
561272,0
561273,0
561274,37
561275,0
561276,0
561277,0
561278,0
561279,44
561280,0
561281,0
561282,0
561283,0
561284,47
561285,0
561286,0
561287,0
561288,0
561289,42
561290,0
561291,0
561292,23
561293,0
561294,0
561295,0
561296,38
561297,0
561298,0
561299,0
561300,25
561301,0
561302,0
561303,0
561304,0
561305,0
561306,0
561307,0
561308,36
561309,0
561310,0
561311,0
561312,0
561313,0
561314,0
561315,0
561316,0
561317,0
561318,0
561319,0
561320,0
561321,0
561322,0
561323,0
561324,28
561325,0
561326,0
561327,0
561328,23
561329,43
561330,0
561331,0
561332,0
561333,0
561334,0
561335,37
561336,0
561337,0
561338,0
561339,0
561340,0
561341,0
561342,0
561343,0
561344,0
561345,0
561346,0
561347,0
561348,0
561349,0
561350,0
561351,0
561352,0
561353,20
561354,0
561355,0
561356,0
561357,0
561358,43
561359,0
561360,0
561361,0
561362,0
561363,0
561364,0
561365,0
561366,0
561367,0
561368,24
561369,27
561370,0
561371,41
561372,0
561373,0
561374,22
561375,0
561376,0
561377,0
561378,0
561379,34
561380,0
561381,0
561382,0
561383,0
561384,0
561385,0
561386,0
561387,0
561388,0
561389,0
561390,0
561391,0
561392,0
561393,0
561394,0
561395,0
561396,0
561397,0
561398,0
561399,0
561400,0
561401,0
561402,0
561403,0
561404,63
561405,0
561406,0
561407,0
561408,0
561409,0
561410,0
561411,22
561412,0
561413,0
561414,0
561415,0
561416,0
561417,27
561418,51
561419,0
561420,0
561421,0
561422,55
561423,0
561424,0
561425,40
561426,38
561427,0
561428,0
561429,0
561430,36
561431,40
561432,0
561433,0
561434,0
561435,0
561436,0
561437,31
561438,40
561439,0
561440,0
561441,0
561442,0
561443,0
561444,0
561445,0
561446,0
561447,46
561448,0
561449,0
561450,0
561451,0
561452,0
561453,0
561454,0
561455,41
561456,0
561457,0
561458,0
561459,0
561460,0
561461,0
561462,0
561463,0
561464,0
561465,0
561466,0
561467,0
561468,41
561469,34
561470,0
561471,0
561472,0
561473,0
561474,0
561475,0
561476,0
561477,0
561478,0
561479,0
561480,0
561481,0
561482,0
561483,24
561484,0
561485,0
561486,0
561487,0
561488,0
561489,0
561490,0
561491,0
561492,0
561493,0
561494,0
561495,0
561496,0
561497,22
561498,0
561499,0
561500,0
561501,0
561502,0
561503,0
561504,0
561505,0
561506,0
561507,30
561508,0
561509,0
561510,0
561511,0
561512,0
561513,0
561514,0
561515,0
561516,0
561517,0
561518,0
561519,23
561520,0
561521,0
561522,0
561523,0
561524,0
561525,0
561526,0
561527,0
561528,0
561529,0
561530,0
561531,0
561532,0
561533,0
561534,0
561535,0
561536,20
561537,0
561538,0
561539,23
561540,0
561541,0
561542,0
561543,0
561544,0
561545,0
561546,0
561547,0
561548,0
561549,0
561550,0
561551,0
561552,0
561553,0
561554,0
561555,0
561556,0
561557,0
561558,0
561559,0
561560,0
561561,0
561562,0
561563,0
561564,0
561565,0
561566,0
561567,26
561568,0
561569,0
561570,0
561571,0
561572,0
561573,0
561574,0
561575,0
561576,0
561577,0
561578,0
561579,0
561580,0
561581,0
561582,0
561583,0
561584,0
561585,0
561586,0
561587,0
561588,0
561589,0
561590,0
561591,0
561592,0
561593,0
561594,0
561595,0
561596,0
561597,0
561598,0
561599,0
561600,0
561601,0
561602,30
561603,0
561604,0
561605,0
561606,27
561607,0
561608,14
561609,0
561610,0
561611,0
561612,0
561613,0
561614,0
561615,0
561616,0
561617,0
561618,24
561619,0
561620,0
561621,0
561622,0
561623,0
561624,0
561625,0
561626,0
561627,0
561628,0
561629,0
561630,33
561631,0
561632,0
561633,29
561634,24
561635,25
561636,0
561637,0
561638,0
561639,0
561640,23
561641,0
561642,0
561643,0
561644,0
561645,19
561646,0
561647,0
561648,0
561649,0
561650,0
561651,0
561652,0
561653,0
561654,0
561655,0
561656,0
561657,0
561658,0
561659,0
561660,0
561661,0
561662,0
561663,0
561664,0
561665,0
561666,0
561667,0
561668,0
561669,33
561670,0
561671,0
561672,0
561673,0
561674,0
561675,0
561676,0
561677,0
561678,0
561679,0
561680,0
561681,0
561682,0
561683,0
561684,0
561685,0
561686,0
561687,0
561688,0
561689,0
561690,0
561691,0
561692,0
561693,0
561694,0
561695,0
561696,0
561697,0
561698,0
561699,0
561700,0
561701,0
561702,0
561703,0
561704,0
561705,0
561706,0
561707,0
561708,0
561709,0
561710,0
561711,0
561712,0
561713,0
561714,0
561715,0
561716,24
561717,0
561718,0
561719,0
561720,0
561721,0
561722,0
561723,0
561724,0
561725,0
561726,0
561727,0
561728,0
561729,0
561730,0
561731,0
561732,0
561733,0
561734,0
561735,0
561736,0
561737,0
561738,0
561739,0
561740,0
561741,0
561742,0
561743,0
561744,0
561745,0
561746,0
561747,0
561748,0
561749,0
561750,22
561751,0
561752,22
561753,0
561754,44
561755,0
561756,0
561757,0
561758,0
561759,0
561760,0
561761,0
561762,0
561763,0
561764,0
561765,0
561766,0
561767,0
561768,0
561769,0
561770,0
561771,0
561772,0
561773,0
561774,0
561775,0
561776,0
561777,0
561778,0
561779,0
561780,0
561781,0
561782,0
561783,0
561784,0
561785,0
561786,0
561787,0
561788,0
561789,0
561790,32
561791,0
561792,0
561793,0
561794,0
561795,30
561796,0
561797,0
561798,43
561799,0
561800,0
561801,0
561802,0
561803,0
561804,0
561805,0
561806,0
561807,0
561808,0
561809,0
561810,0
561811,0
561812,0
561813,0
561814,0
561815,0
561816,21
561817,0
561818,0
561819,0
561820,0
561821,0
561822,0
561823,0
561824,0
561825,29
561826,0
561827,0
561828,0
561829,0
561830,0
561831,0
561832,0
561833,0
561834,0
561835,0
561836,0
561837,0
561838,0
561839,0
561840,0
561841,0
561842,0
561843,0
561844,0
561845,0
561846,0
561847,0
561848,0
561849,0
561850,0
561851,0
561852,0
561853,0
561854,0
561855,0
561856,0
561857,0
561858,0
561859,0
561860,0
561861,0
561862,0
561863,0
561864,0
561865,0
561866,0
561867,0
561868,0
561869,0
561870,0
561871,0
561872,0
561873,36
561874,0
561875,0
561876,0
561877,0
561878,0
561879,0
561880,0
561881,0
561882,0
561883,0
561884,0
561885,0
561886,0
561887,0
561888,0
561889,0
561890,0
561891,0
561892,0
561893,0
561894,0
561895,0
561896,0
561897,0
561898,0
561899,0
561900,0
561901,0
561902,0
561903,0
561904,0
561905,0
561906,0
561907,0
561908,24
561909,0
561910,0
561911,0
561912,0
561913,0
561914,0
561915,0
561916,0
561917,0
561918,0
561919,0
561920,0
561921,0
561922,0
561923,0
561924,0
561925,0
561926,0
561927,0
561928,0
561929,0
561930,0
561931,0
561932,0
561933,0
561934,0
561935,0
561936,35
561937,0
561938,31
561939,0
561940,0
561941,0
561942,0
561943,0
561944,0
561945,0
561946,0
561947,0
561948,0
561949,0
561950,0
561951,27
561952,0
561953,0
561954,0
561955,0
561956,0
561957,0
561958,0
561959,0
561960,0
561961,0
561962,0
561963,0
561964,0
561965,20
561966,0
561967,0
561968,0
561969,0
561970,0
561971,0
561972,0
561973,0
561974,0
561975,0
561976,0
561977,0
561978,0
561979,0
561980,0
561981,0
561982,0
561983,0
561984,0
561985,0
561986,0
561987,0
561988,0
561989,0
561990,0
561991,0
561992,0
561993,0
561994,0
561995,15
561996,0
561997,0
561998,0
561999,0
562000,0
562001,0
562002,0
562003,0
562004,0
562005,0
562006,0
562007,0
562008,0
562009,0
562010,0
562011,0
562012,0
562013,0
562014,0
562015,0
562016,0
562017,0
562018,0
562019,0
562020,24
562021,0
562022,0
562023,0
562024,0
562025,0
562026,0
562027,0
562028,0
562029,0
562030,0
562031,0
562032,0
562033,36
562034,0
562035,26
562036,0
562037,0
562038,0
562039,0
562040,0
562041,0
562042,0
562043,0
562044,0
562045,38
562046,0
562047,0
562048,0
562049,0
562050,0
562051,31
562052,29
562053,0
562054,0
562055,0
562056,0
562057,0
562058,0
562059,0
562060,0
562061,0
562062,0
562063,0
562064,0
562065,0
562066,0
562067,31
562068,0
562069,0
562070,29
562071,0
562072,0
562073,0
562074,0
562075,0
562076,0
562077,0
562078,0
562079,0
562080,0
562081,0
562082,0
562083,0
562084,0
562085,0
562086,0
562087,0
562088,0
562089,0
562090,0
562091,0
562092,0
562093,0
562094,0
562095,0
562096,0
562097,0
562098,45
562099,0
562100,0
562101,0
562102,0
562103,0
562104,0
562105,0
562106,0
562107,0
562108,0
562109,0
562110,0
562111,0
562112,26
562113,0
562114,0
562115,0
562116,0
562117,0
562118,0
562119,0
562120,0
562121,0
562122,0
562123,0
562124,0
562125,0
562126,0
562127,0
562128,0
562129,0
562130,21
562131,0
562132,0
562133,33
562134,0
562135,0
562136,27
562137,0
562138,0
562139,0
562140,25
562141,0
562142,0
562143,0
562144,0
562145,0
562146,0
562147,19
562148,0
562149,0
562150,0
562151,0
562152,0
562153,0
562154,0
562155,0
562156,0
562157,0
562158,0
562159,0
562160,0
562161,0
562162,0
562163,0
562164,0
562165,0
562166,0
562167,0
562168,0
562169,0
562170,0
562171,0
562172,0
562173,0
562174,0
562175,0
562176,0
562177,0
562178,0
562179,0
562180,17
562181,0
562182,32
562183,0
562184,0
562185,0
562186,0
562187,0
562188,0
562189,0
562190,0
562191,0
562192,0
562193,0
562194,0
562195,0
562196,0
562197,0
562198,0
562199,0
562200,37
562201,0
562202,0
562203,0
562204,0
562205,0
562206,0
562207,0
562208,0
562209,0
562210,0
562211,0
562212,25
562213,0
562214,0
562215,0
562216,0
562217,0
562218,0
562219,0
562220,0
562221,0
562222,0
562223,0
562224,0
562225,0
562226,0
562227,0
562228,0
562229,0
562230,0
562231,0
562232,0
562233,0
562234,0
562235,0
562236,24
562237,0
562238,0
562239,0
562240,0
562241,0
562242,0
562243,0
562244,0
562245,0
562246,0
562247,0
562248,0
562249,0
562250,0
562251,0
562252,0
562253,0
562254,0
562255,0
562256,0
562257,0
562258,41
562259,0
562260,0
562261,0
562262,0
562263,0
562264,0
562265,0
562266,0
562267,0
562268,0
562269,0
562270,0
562271,0
562272,0
562273,0
562274,0
562275,28
562276,0
562277,0
562278,0
562279,21
562280,0
562281,0
562282,0
562283,0
562284,0
562285,0
562286,0
562287,0
562288,0
562289,0
562290,0
562291,0
562292,0
562293,0
562294,0
562295,0
562296,0
562297,0
562298,0
562299,0
562300,0
562301,0
562302,0
562303,0
562304,0
562305,0
562306,0
562307,0
562308,0
562309,0
562310,0
562311,0
562312,0
562313,0
562314,0
562315,0
562316,0
562317,0
562318,0
562319,0
562320,0
562321,0
562322,0
562323,0
562324,0
562325,0
562326,0
562327,0
562328,0
562329,0
562330,0
562331,35
562332,0
562333,0
562334,13
562335,0
562336,30
562337,0
562338,0
562339,0
562340,0
562341,28
562342,0
562343,0
562344,0
562345,0
562346,0
562347,0
562348,0
562349,0
562350,0
562351,0
562352,0
562353,0
562354,0
562355,0
562356,0
562357,0
562358,0
562359,0
562360,0
562361,0
562362,0
562363,0
562364,0
562365,0
562366,0
562367,0
562368,0
562369,0
562370,0
562371,7
562372,0
562373,0
562374,0
562375,0
562376,3
562377,3
562378,0
562379,0
562380,0
562381,0
562382,0
562383,6
562384,0
562385,3
562386,0
562387,3
562388,0
562389,0
562390,0
562391,0
562392,0
562393,0
562394,0
562395,7
562396,4
562397,1
562398,0
562399,0
562400,8
562401,0
562402,0
562403,0
562404,0
562405,0
562406,6
562407,0
562408,0
562409,0
562410,6
562411,0
562412,0
562413,3
562414,5
562415,0
562416,3
562417,0
562418,0
562419,0
562420,0
562421,0
562422,0
562423,6
562424,0
562425,0
562426,2
562427,0
562428,7
562429,3
562430,0
562431,0
562432,0
562433,0
562434,0
562435,0
562436,0
562437,0
562438,0
562439,0
562440,0
562441,0
562442,0
562443,0
562444,6
562445,0
562446,0
562447,0
562448,0
562449,0
562450,5
562451,0
562452,0
562453,7
562454,7
562455,0
562456,5
562457,0
562458,0
562459,2
562460,0
562461,0
562462,0
562463,0
562464,0
562465,7
562466,4
562467,5
562468,4
562469,0
562470,7
562471,0
562472,6
562473,0
562474,7
562475,0
562476,0
562477,0
562478,0
562479,0
562480,0
562481,9
562482,0
562483,7
562484,0
562485,0
562486,0
562487,3
562488,0
562489,0
562490,0
562491,0
562492,0
562493,0
562494,0
562495,5
562496,0
562497,0
562498,4
562499,0
562500,0
562501,0
562502,0
562503,0
562504,0
562505,0
562506,0
562507,5
562508,0
562509,0
562510,0
562511,0
562512,0
562513,0
562514,0
562515,0
562516,1
562517,3
562518,0
562519,6
562520,0
562521,0
562522,3
562523,8
562524,3
562525,0
562526,0
562527,0
562528,0
562529,6
562530,0
562531,0
562532,4
562533,0
562534,0
562535,0
562536,0
562537,0
562538,0
562539,7
562540,0
562541,0
562542,0
562543,0
562544,0
562545,0
562546,0
562547,0
562548,0
562549,0
562550,0
562551,0
562552,0
562553,2
562554,0
562555,0
562556,0
562557,0
562558,6
562559,7
562560,0
562561,0
562562,0
562563,7
562564,0
562565,0
562566,0
562567,0
562568,0
562569,0
562570,0
562571,0
562572,0
562573,0
562574,0
562575,0
562576,0
562577,0
562578,0
562579,0
562580,0
562581,0
562582,0
562583,0
562584,1
562585,0
562586,7
562587,0
562588,2
562589,0
562590,0
562591,5
562592,0
562593,0
562594,0
562595,6
562596,3
562597,7
562598,0
562599,2
562600,0
562601,3
562602,0
562603,0
562604,0
562605,5
562606,0
562607,5
562608,0
562609,0
562610,0
562611,0
562612,0
562613,0
562614,0
562615,6
562616,0
562617,0
562618,3
562619,0
562620,0
562621,0
562622,4
562623,0
562624,0
562625,0
562626,7
562627,1
562628,4
562629,0
562630,0
562631,0
562632,0
562633,4
562634,0
562635,0
562636,0
562637,11
562638,7
562639,4
562640,0
562641,0
562642,8
562643,0
562644,0
562645,6
562646,0
562647,0
562648,0
562649,0
562650,0
562651,0
562652,0
562653,4
562654,0
562655,0
562656,3
562657,2
562658,0
562659,0
562660,6
562661,1
562662,0
562663,0
562664,4
562665,0
562666,7
562667,1
562668,0
562669,0
562670,0
562671,0
562672,5
562673,0
562674,0
562675,0
562676,0
562677,0
562678,0
562679,3
562680,0
562681,8
562682,3
562683,0
562684,0
562685,0
562686,0
562687,0
562688,3
562689,6
562690,0
562691,0
562692,0
562693,2
562694,0
562695,0
562696,0
562697,0
562698,1
562699,0
562700,0
562701,0
562702,0
562703,0
562704,0
562705,0
562706,0
562707,0
562708,8
562709,3
562710,0
562711,0
562712,0
562713,0
562714,0
562715,0
562716,0
562717,0
562718,0
562719,0
562720,3
562721,0
562722,0
562723,0
562724,0
562725,7
562726,9
562727,5
562728,0
562729,0
562730,0
562731,0
562732,3
562733,0
562734,0
562735,0
562736,0
562737,3
562738,0
562739,0
562740,0
562741,0
562742,0
562743,0
562744,4
562745,0
562746,0
562747,0
562748,0
562749,0
562750,0
562751,0
562752,0
562753,0
562754,0
562755,0
562756,4
562757,0
562758,0
562759,0
562760,0
562761,0
562762,0
562763,2
562764,0
562765,0
562766,0
562767,0
562768,0
562769,3
562770,0
562771,5
562772,0
562773,0
562774,0
562775,0
562776,0
562777,1
562778,2
562779,0
562780,0
562781,0
562782,4
562783,0
562784,0
562785,8
562786,0
562787,3
562788,0
562789,7
562790,0
562791,0
562792,0
562793,0
562794,0
562795,0
562796,0
562797,1
562798,0
562799,7
562800,0
562801,0
562802,8
562803,0
562804,0
562805,0
562806,0
562807,5
562808,0
562809,0
562810,0
562811,0
562812,0
562813,0
562814,0
562815,0
562816,3
562817,0
562818,6
562819,2
562820,0
562821,9
562822,0
562823,0
562824,4
562825,0
562826,0
562827,0
562828,0
562829,0
562830,0
562831,0
562832,0
562833,0
562834,9
562835,0
562836,0
562837,0
562838,0
562839,6
562840,6
562841,0
562842,0
562843,0
562844,0
562845,0
562846,0
562847,0
562848,0
562849,0
562850,0
562851,0
562852,5
562853,0
562854,0
562855,0
562856,0
562857,0
562858,0
562859,0
562860,0
562861,0
562862,0
562863,0
562864,0
562865,0
562866,0
562867,0
562868,0
562869,0
562870,8
562871,0
562872,0
562873,0
562874,0
562875,0
562876,0
562877,0
562878,0
562879,5
562880,0
562881,0
562882,0
562883,5
562884,0
562885,0
562886,0
562887,0
562888,0
562889,0
562890,0
562891,4
562892,0
562893,0
562894,3
562895,0
562896,0
562897,0
562898,0
562899,0
562900,6
562901,0
562902,0
562903,0
562904,0
562905,0
562906,0
562907,0
562908,0
562909,0
562910,0
562911,0
562912,3
562913,3
562914,0
562915,0
562916,0
562917,0
562918,0
562919,5
562920,0
562921,0
562922,3
562923,3
562924,2
562925,0
562926,0
562927,0
562928,0
562929,0
562930,5
562931,9
562932,4
562933,0
562934,0
562935,2
562936,1
562937,0
562938,0
562939,0
562940,0
562941,0
562942,0
562943,0
562944,0
562945,2
562946,0
562947,4
562948,4
562949,0
562950,0
562951,3
562952,0
562953,4
562954,0
562955,6
562956,2
562957,4
562958,0
562959,0
562960,0
562961,0
562962,0
562963,3
562964,0
562965,0
562966,0
562967,4
562968,1
562969,0
562970,0
562971,5
562972,2
562973,0
562974,6
562975,0
562976,0
562977,0
562978,0
562979,0
562980,7
562981,3
562982,0
562983,0
562984,2
562985,0
562986,0
562987,3
562988,0
562989,0
562990,0
562991,0
562992,9
562993,10
562994,0
562995,0
562996,0
562997,0
562998,0
562999,0
563000,1
563001,0
563002,0
563003,8
563004,0
563005,3
563006,6
563007,0
563008,0
563009,6
563010,0
563011,0
563012,0
563013,1
563014,0
563015,0
563016,0
563017,0
563018,2
563019,0
563020,0
563021,5
563022,6
563023,0
563024,0
563025,0
563026,0
563027,4
563028,7
563029,0
563030,0
563031,0
563032,6
563033,0
563034,0
563035,0
563036,0
563037,5
563038,0
563039,0
563040,0
563041,0
563042,0
563043,0
563044,0
563045,2
563046,0
563047,0
563048,0
563049,0
563050,3
563051,3
563052,4
563053,0
563054,0
563055,0
563056,0
563057,0
563058,0
563059,6
563060,3
563061,0
563062,7
563063,4
563064,0
563065,0
563066,0
563067,0
563068,0
563069,0
563070,0
563071,0
563072,0
563073,0
563074,0
563075,0
563076,0
563077,0
563078,0
563079,0
563080,0
563081,0
563082,0
563083,0
563084,0
563085,0
563086,0
563087,0
563088,0
563089,0
563090,0
563091,0
563092,0
563093,0
563094,0
563095,0
563096,0
563097,0
563098,0
563099,0
563100,0
563101,0
563102,0
563103,0
563104,0
563105,0
563106,0
563107,0
563108,0
563109,0
563110,0
563111,0
563112,0
563113,0
563114,0
563115,0
563116,0
563117,0
563118,0
563119,0
563120,0
563121,0
563122,0
563123,0
563124,0
563125,0
563126,0
563127,0
563128,0
563129,0
563130,0
563131,0
563132,0
563133,0
563134,0
563135,0
563136,0
563137,0
563138,0
563139,0
563140,0
563141,0
563142,1
563143,0
563144,0
563145,0
563146,0
563147,0
563148,0
563149,0
563150,0
563151,0
563152,0
563153,0
563154,0
563155,0
563156,0
563157,0
563158,0
563159,0
563160,0
563161,0
563162,0
563163,0
563164,0
563165,0
563166,0
563167,0
563168,0
563169,0
563170,0
563171,0
563172,0
563173,0
563174,0
563175,0
563176,0
563177,0
563178,0
563179,0
563180,0
563181,0
563182,0
563183,0
563184,0
563185,0
563186,0
563187,0
563188,0
563189,0
563190,0
563191,0
563192,0
563193,0
563194,0
563195,0
563196,0
563197,0
563198,0
563199,0
563200,0
563201,0
563202,0
563203,0
563204,0
563205,0
563206,0
563207,0
563208,0
563209,0
563210,0
563211,0
563212,0
563213,0
563214,0
563215,0
563216,0
563217,0
563218,0
563219,0
563220,0
563221,0
563222,1
563223,0
563224,0
563225,0
563226,0
563227,0
563228,0
563229,0
563230,0
563231,0
563232,0
563233,0
563234,0
563235,0
563236,0
563237,0
563238,0
563239,0
563240,0
563241,0
563242,0
563243,0
563244,0
563245,0
563246,0
563247,0
563248,0
563249,0
563250,0
563251,0
563252,0
563253,0
563254,0
563255,0
563256,0
563257,0
563258,0
563259,0
563260,0
563261,0
563262,0
563263,0
563264,0
563265,0
563266,0
563267,0
563268,0
563269,0
563270,0
563271,0
563272,0
563273,0
563274,0
563275,0
563276,0
563277,0
563278,0
563279,0
563280,0
563281,0
563282,1
563283,0
563284,0
563285,0
563286,0
563287,0
563288,0
563289,0
563290,0
563291,0
563292,0
563293,0
563294,0
563295,0
563296,0
563297,0
563298,0
563299,0
563300,0
563301,0
563302,0
563303,0
563304,0
563305,0
563306,0
563307,0
563308,0
563309,0
563310,0
563311,0
563312,0
563313,0
563314,0
563315,0
563316,0
563317,0
563318,0
563319,0
563320,0
563321,0
563322,0
563323,0
563324,0
563325,0
563326,0
563327,0
563328,0
563329,0
563330,0
563331,0
563332,0
563333,0
563334,0
563335,0
563336,0
563337,0
563338,0
563339,0
563340,0
563341,0
563342,0
563343,0
563344,0
563345,0
563346,0
563347,0
563348,0
563349,0
563350,0
563351,0
563352,0
563353,0
563354,0
563355,1
563356,0
563357,0
563358,0
563359,0
563360,0
563361,0
563362,0
563363,0
563364,0
563365,0
563366,0
563367,0
563368,0
563369,0
563370,0
563371,0
563372,1
563373,0
563374,0
563375,0
563376,0
563377,0
563378,0
563379,0
563380,0
563381,0
563382,0
563383,0
563384,0
563385,0
563386,0
563387,0
563388,0
563389,0
563390,0
563391,0
563392,0
563393,0
563394,0
563395,0
563396,0
563397,0
563398,0
563399,0
563400,0
563401,0
563402,0
563403,0
563404,0
563405,0
563406,0
563407,0
563408,1
563409,0
563410,0
563411,0
563412,0
563413,0
563414,0
563415,0
563416,0
563417,0
563418,0
563419,0
563420,0
563421,0
563422,0
563423,0
563424,0
563425,0
563426,0
563427,0
563428,0
563429,0
563430,0
563431,0
563432,0
563433,0
563434,0
563435,0
563436,0
563437,0
563438,0
563439,0
563440,0
563441,0
563442,0
563443,0
563444,0
563445,0
563446,0
563447,0
563448,0
563449,0
563450,0
563451,0
563452,0
563453,0
563454,0
563455,0
563456,0
563457,0
563458,0
563459,0
563460,0
563461,0
563462,0
563463,0
563464,0
563465,0
563466,0
563467,0
563468,0
563469,0
563470,0
563471,0
563472,0
563473,0
563474,0
563475,0
563476,0
563477,0
563478,0
563479,0
563480,0
563481,0
563482,0
563483,0
563484,0
563485,0
563486,1
563487,0
563488,0
563489,0
563490,0
563491,0
563492,0
563493,1
563494,0
563495,0
563496,0
563497,0
563498,0
563499,0
563500,0
563501,0
563502,0
563503,0
563504,0
563505,0
563506,0
563507,0
563508,0
563509,0
563510,0
563511,0
563512,0
563513,0
563514,0
563515,0
563516,0
563517,0
563518,0
563519,0
563520,0
563521,0
563522,0
563523,0
563524,0
563525,0
563526,0
563527,0
563528,0
563529,0
563530,0
563531,0
563532,0
563533,0
563534,0
563535,0
563536,0
563537,0
563538,0
563539,0
563540,0
563541,0
563542,0
563543,0
563544,0
563545,0
563546,0
563547,0
563548,0
563549,0
563550,0
563551,0
563552,0
563553,0
563554,0
563555,0
563556,0
563557,0
563558,0
563559,0
563560,0
563561,0
563562,0
563563,0
563564,0
563565,0
563566,0
563567,0
563568,0
563569,0
563570,1
563571,0
563572,0
563573,0
563574,0
563575,0
563576,0
563577,0
563578,0
563579,0
563580,0
563581,0
563582,0
563583,0
563584,0
563585,0
563586,0
563587,0
563588,0
563589,0
563590,0
563591,0
563592,0
563593,0
563594,0
563595,0
563596,0
563597,0
563598,1
563599,0
563600,0
563601,0
563602,0
563603,0
563604,0
563605,0
563606,0
563607,0
563608,0
563609,0
563610,0
563611,0
563612,0
563613,0
563614,0
563615,0
563616,0
563617,0
563618,0
563619,0
563620,0
563621,0
563622,0
563623,0
563624,0
563625,0
563626,0
563627,0
563628,0
563629,0
563630,0
563631,1
563632,0
563633,0
563634,0
563635,0
563636,0
563637,0
563638,0
563639,0
563640,0
563641,0
563642,0
563643,0
563644,0
563645,0
563646,0
563647,0
563648,0
563649,0
563650,0
563651,0
563652,0
563653,0
563654,0
563655,0
563656,0
563657,0
563658,0
563659,0
563660,0
563661,0
563662,0
563663,0
563664,0
563665,0
563666,0
563667,0
563668,0
563669,0
563670,0
563671,0
563672,0
563673,0
563674,0
563675,0
563676,0
563677,0
563678,0
563679,0
563680,0
563681,0
563682,0
563683,0
563684,0
563685,0
563686,0
563687,0
563688,0
563689,0
563690,0
563691,0
563692,0
563693,0
563694,0
563695,0
563696,0
563697,0
563698,0
563699,0
563700,0
563701,0
563702,0
563703,0
563704,0
563705,0
563706,0
563707,0
563708,0
563709,0
563710,0
563711,0
563712,0
563713,0
563714,0
563715,0
563716,0
563717,0
563718,0
563719,0
563720,0
563721,0
563722,0
563723,0
563724,0
563725,0
563726,0
563727,0
563728,0
563729,0
563730,0
563731,1
563732,0
563733,0
563734,0
563735,0
563736,0
563737,0
563738,0
563739,0
563740,0
563741,0
563742,0
563743,1
563744,0
563745,0
563746,0
563747,0
563748,0
563749,0
563750,0
563751,0
563752,0
563753,0
563754,0
563755,0
563756,0
563757,0
563758,0
563759,0
563760,0
563761,0
563762,0
563763,0
563764,0
563765,0
563766,0
563767,0
563768,0
563769,0
563770,1
563771,0
563772,0
563773,0
563774,0
563775,0
563776,0
563777,0
563778,0
563779,0
563780,0
563781,0
563782,0
563783,0
563784,0
563785,0
563786,0
563787,0
563788,0
563789,0
563790,0
563791,0
563792,0
563793,0
563794,0
563795,0
563796,0
563797,0
563798,0
563799,0
563800,0
563801,0
563802,0
563803,0
563804,0
563805,0
563806,0
563807,0
563808,0
563809,0
563810,0
563811,0
563812,0
563813,0
563814,0
563815,0
563816,0
563817,0
563818,0
563819,0
563820,0
563821,0
563822,0
563823,0
563824,0
563825,0
563826,0
563827,0
563828,0
563829,0
563830,0
563831,0
563832,0
563833,0
563834,0
563835,0
563836,0
563837,0
563838,0
563839,0
563840,0
563841,0
563842,0
563843,0
563844,0
563845,0
563846,0
563847,0
563848,0
563849,0
563850,0
563851,0
563852,0
563853,0
563854,0
563855,0
563856,0
563857,0
563858,0
563859,0
563860,0
563861,1
563862,0
563863,0
563864,0
563865,0
563866,0
563867,0
563868,0
563869,0
563870,0
563871,0
563872,0
563873,0
563874,0
563875,0
563876,0
563877,0
563878,0
563879,0
563880,0
563881,0
563882,0
563883,0
563884,0
563885,0
563886,0
563887,0
563888,0
563889,0
563890,0
563891,0
563892,0
563893,0
563894,0
563895,0
563896,0
563897,0
563898,0
563899,0
563900,0
563901,0
563902,0
563903,0
563904,0
563905,0
563906,0
563907,0
563908,0
563909,0
563910,0
563911,0
563912,0
563913,0
563914,0
563915,0
563916,0
563917,0
563918,0
563919,0
563920,0
563921,0
563922,0
563923,0
563924,0
563925,0
563926,0
563927,0
563928,0
563929,0
563930,0
563931,0
563932,0
563933,0
563934,0
563935,0
563936,0
563937,0
563938,0
563939,0
563940,0
563941,0
563942,0
563943,0
563944,0
563945,0
563946,0
563947,0
563948,0
563949,0
563950,0
563951,0
563952,0
563953,0
563954,0
563955,0
563956,0
563957,0
563958,0
563959,0
563960,0
563961,0
563962,0
563963,0
563964,0
563965,0
563966,0
563967,0
563968,0
563969,0
563970,0
563971,0
563972,0
563973,0
563974,0
563975,0
563976,0
563977,0
563978,0
563979,0
563980,0
563981,0
563982,0
563983,0
563984,0
563985,0
563986,0
563987,0
563988,0
563989,0
563990,0
563991,0
563992,0
563993,0
563994,0
563995,0
563996,0
563997,0
563998,0
563999,0
564000,0
564001,0
564002,0
564003,0
564004,0
564005,0
564006,0
564007,0
564008,0
564009,0
564010,0
564011,0
564012,0
564013,0
564014,0
564015,0
564016,0
564017,0
564018,0
564019,0
564020,24
564021,33
564022,28
564023,0
564024,25
564025,0
564026,0
564027,0
564028,18
564029,0
564030,0
564031,0
564032,0
564033,0
564034,0
564035,0
564036,0
564037,27
564038,0
564039,16
564040,0
564041,0
564042,16
564043,15
564044,0
564045,0
564046,0
564047,0
564048,0
564049,0
564050,18
564051,0
564052,17
564053,0
564054,0
564055,0
564056,0
564057,0
564058,0
564059,0
564060,14
564061,0
564062,15
564063,0
564064,0
564065,0
564066,31
564067,0
564068,0
564069,0
564070,0
564071,0
564072,0
564073,0
564074,0
564075,0
564076,0
564077,0
564078,0
564079,0
564080,0
564081,0
564082,29
564083,0
564084,0
564085,0
564086,21
564087,10
564088,0
564089,0
564090,27
564091,0
564092,0
564093,0
564094,21
564095,0
564096,0
564097,22
564098,0
564099,0
564100,0
564101,0
564102,0
564103,0
564104,0
564105,0
564106,0
564107,0
564108,0
564109,0
564110,0
564111,0
564112,0
564113,20
564114,0
564115,0
564116,0
564117,23
564118,0
564119,0
564120,0
564121,0
564122,18
564123,0
564124,27
564125,0
564126,0
564127,0
564128,27
564129,0
564130,0
564131,0
564132,0
564133,0
564134,0
564135,0
564136,0
564137,0
564138,0
564139,0
564140,26
564141,13
564142,0
564143,19
564144,0
564145,0
564146,19
564147,0
564148,21
564149,0
564150,24
564151,14
564152,0
564153,0
564154,0
564155,22
564156,0
564157,22
564158,0
564159,0
564160,28
564161,0
564162,0
564163,0
564164,19
564165,0
564166,0
564167,18
564168,0
564169,0
564170,17
564171,0
564172,23
564173,11
564174,0
564175,32
564176,0
564177,0
564178,20
564179,0
564180,0
564181,0
564182,0
564183,23
564184,0
564185,0
564186,0
564187,0
564188,0
564189,0
564190,18
564191,0
564192,0
564193,0
564194,0
564195,0
564196,0
564197,21
564198,0
564199,0
564200,19
564201,21
564202,0
564203,0
564204,20
564205,0
564206,0
564207,20
564208,0
564209,24
564210,0
564211,0
564212,0
564213,0
564214,0
564215,0
564216,0
564217,0
564218,0
564219,26
564220,0
564221,0
564222,11
564223,23
564224,18
564225,0
564226,0
564227,0
564228,0
564229,21
564230,0
564231,0
564232,0
564233,0
564234,0
564235,0
564236,0
564237,34
564238,17
564239,0
564240,0
564241,0
564242,23
564243,0
564244,0
564245,0
564246,0
564247,33
564248,0
564249,0
564250,23
564251,24
564252,0
564253,0
564254,21
564255,0
564256,0
564257,0
564258,20
564259,27
564260,0
564261,22
564262,0
564263,15
564264,0
564265,0
564266,0
564267,15
564268,0
564269,0
564270,0
564271,0
564272,0
564273,0
564274,0
564275,0
564276,0
564277,0
564278,0
564279,0
564280,20
564281,17
564282,0
564283,25
564284,0
564285,0
564286,0
564287,0
564288,30
564289,0
564290,24
564291,0
564292,24
564293,0
564294,0
564295,0
564296,0
564297,0
564298,0
564299,22
564300,23
564301,0
564302,0
564303,0
564304,15
564305,34
564306,23
564307,0
564308,0
564309,0
564310,0
564311,0
564312,0
564313,0
564314,0
564315,0
564316,0
564317,0
564318,0
564319,19
564320,21
564321,0
564322,0
564323,0
564324,19
564325,23
564326,14
564327,0
564328,0
564329,0
564330,0
564331,0
564332,0
564333,0
564334,0
564335,0
564336,0
564337,0
564338,0
564339,17
564340,0
564341,18
564342,18
564343,0
564344,21
564345,0
564346,0
564347,0
564348,0
564349,0
564350,0
564351,0
564352,0
564353,0
564354,26
564355,0
564356,16
564357,0
564358,0
564359,0
564360,0
564361,0
564362,17
564363,0
564364,0
564365,0
564366,20
564367,19
564368,0
564369,0
564370,0
564371,0
564372,0
564373,0
564374,0
564375,0
564376,0
564377,0
564378,0
564379,0
564380,0
564381,0
564382,0
564383,0
564384,0
564385,0
564386,0
564387,0
564388,0
564389,32
564390,0
564391,0
564392,0
564393,0
564394,0
564395,0
564396,0
564397,23
564398,0
564399,0
564400,0
564401,0
564402,0
564403,0
564404,0
564405,0
564406,0
564407,0
564408,0
564409,21
564410,19
564411,17
564412,0
564413,18
564414,19
564415,26
564416,0
564417,17
564418,0
564419,28
564420,0
564421,0
564422,0
564423,0
564424,0
564425,32
564426,0
564427,0
564428,0
564429,0
564430,0
564431,0
564432,0
564433,19
564434,0
564435,0
564436,20
564437,31
564438,25
564439,16
564440,0
564441,0
564442,19
564443,0
564444,0
564445,21
564446,36
564447,21
564448,0
564449,0
564450,0
564451,0
564452,0
564453,0
564454,0
564455,24
564456,0
564457,25
564458,0
564459,19
564460,0
564461,0
564462,0
564463,0
564464,0
564465,0
564466,0
564467,0
564468,0
564469,0
564470,0
564471,0
564472,0
564473,18
564474,0
564475,21
564476,0
564477,0
564478,0
564479,21
564480,0
564481,31
564482,0
564483,29
564484,0
564485,0
564486,0
564487,19
564488,0
564489,0
564490,20
564491,0
564492,30
564493,27
564494,0
564495,0
564496,31
564497,0
564498,0
564499,0
564500,0
564501,0
564502,0
564503,0
564504,0
564505,0
564506,0
564507,0
564508,0
564509,0
564510,17
564511,16
564512,0
564513,17
564514,0
564515,0
564516,0
564517,0
564518,0
564519,0
564520,0
564521,27
564522,19
564523,0
564524,0
564525,0
564526,0
564527,9
564528,18
564529,21
564530,0
564531,0
564532,0
564533,17
564534,0
564535,23
564536,0
564537,10
564538,0
564539,0
564540,0
564541,0
564542,0
564543,25
564544,19
564545,0
564546,0
564547,0
564548,0
564549,37
564550,0
564551,24
564552,0
564553,21
564554,0
564555,0
564556,0
564557,0
564558,0
564559,0
564560,0
564561,0
564562,0
564563,0
564564,0
564565,0
564566,22
564567,0
564568,22
564569,0
564570,0
564571,0
564572,0
564573,18
564574,0
564575,0
564576,0
564577,0
564578,0
564579,17
564580,19
564581,0
564582,0
564583,0
564584,0
564585,0
564586,0
564587,0
564588,20
564589,0
564590,15
564591,0
564592,0
564593,19
564594,0
564595,0
564596,0
564597,0
564598,0
564599,0
564600,29
564601,0
564602,0
564603,22
564604,23
564605,0
564606,0
564607,0
564608,0
564609,0
564610,0
564611,0
564612,0
564613,0
564614,0
564615,0
564616,0
564617,0
564618,0
564619,12
564620,0
564621,0
564622,0
564623,0
564624,0
564625,11
564626,0
564627,0
564628,34
564629,0
564630,0
564631,0
564632,20
564633,0
564634,0
564635,0
564636,25
564637,0
564638,0
564639,0
564640,0
564641,0
564642,0
564643,0
564644,0
564645,0
564646,0
564647,37
564648,0
564649,0
564650,0
564651,0
564652,0
564653,0
564654,0
564655,0
564656,0
564657,22
564658,0
564659,0
564660,23
564661,0
564662,0
564663,31
564664,0
564665,0
564666,0
564667,0
564668,0
564669,0
564670,0
564671,0
564672,0
564673,12
564674,0
564675,0
564676,0
564677,0
564678,0
564679,0
564680,0
564681,0
564682,0
564683,0
564684,0
564685,22
564686,0
564687,0
564688,0
564689,0
564690,0
564691,31
564692,0
564693,0
564694,17
564695,0
564696,0
564697,0
564698,0
564699,0
564700,0
564701,0
564702,0
564703,0
564704,0
564705,0
564706,0
564707,0
564708,21
564709,29
564710,24
564711,0
564712,0
564713,0
564714,15
564715,0
564716,0
564717,21
564718,0
564719,30
564720,22
564721,14
564722,13
564723,36
564724,0
564725,0
564726,32
564727,0
564728,28
564729,0
564730,0
564731,0
564732,0
564733,10
564734,19
564735,0
564736,0
564737,13
564738,8
564739,0
564740,0
564741,0
564742,0
564743,0
564744,0
564745,0
564746,0
564747,18
564748,0
564749,0
564750,30
564751,24
564752,0
564753,0
564754,23
564755,0
564756,0
564757,0
564758,0
564759,0
564760,0
564761,0
564762,0
564763,0
564764,0
564765,0
564766,0
564767,0
564768,0
564769,0
564770,0
564771,0
564772,0
564773,0
564774,0
564775,0
564776,0
564777,0
564778,0
564779,0
564780,0
564781,0
564782,0
564783,0
564784,21
564785,23
564786,24
564787,0
564788,0
564789,0
564790,0
564791,0
564792,0
564793,0
564794,0
564795,0
564796,0
564797,0
564798,0
564799,0
564800,0
564801,0
564802,0
564803,0
564804,0
564805,0
564806,0
564807,0
564808,0
564809,0
564810,0
564811,0
564812,0
564813,0
564814,0
564815,0
564816,0
564817,0
564818,0
564819,0
564820,0
564821,0
564822,0
564823,0
564824,0
564825,0
564826,0
564827,0
564828,0
564829,0
564830,0
564831,0
564832,0
564833,0
564834,0
564835,0
564836,0
564837,0
564838,0
564839,0
564840,0
564841,0
564842,0
564843,0
564844,0
564845,0
564846,0
564847,0
564848,0
564849,0
564850,0
564851,0
564852,0
564853,0
564854,0
564855,0
564856,0
564857,0
564858,0
564859,0
564860,0
564861,0
564862,0
564863,0
564864,0
564865,0
564866,0
564867,0
564868,0
564869,0
564870,0
564871,0
564872,0
564873,0
564874,0
564875,0
564876,0
564877,0
564878,0
564879,0
564880,0
564881,0
564882,0
564883,0
564884,0
564885,0
564886,0
564887,0
564888,0
564889,0
564890,0
564891,0
564892,0
564893,0
564894,0
564895,0
564896,0
564897,0
564898,0
564899,0
564900,0
564901,0
564902,0
564903,0
564904,0
564905,0
564906,0
564907,0
564908,0
564909,0
564910,0
564911,0
564912,0
564913,0
564914,0
564915,0
564916,0
564917,0
564918,0
564919,0
564920,0
564921,0
564922,0
564923,0
564924,0
564925,0
564926,0
564927,0
564928,0
564929,0
564930,0
564931,0
564932,0
564933,0
564934,0
564935,0
564936,0
564937,0
564938,0
564939,0
564940,0
564941,0
564942,0
564943,0
564944,0
564945,0
564946,0
564947,0
564948,0
564949,0
564950,0
564951,0
564952,0
564953,0
564954,0
564955,0
564956,0
564957,0
564958,0
564959,0
564960,0
564961,0
564962,0
564963,0
564964,0
564965,1
564966,0
564967,0
564968,0
564969,0
564970,0
564971,0
564972,0
564973,0
564974,0
564975,0
564976,0
564977,0
564978,0
564979,0
564980,0
564981,0
564982,0
564983,0
564984,0
564985,0
564986,0
564987,0
564988,0
564989,0
564990,0
564991,0
564992,0
564993,0
564994,0
564995,0
564996,0
564997,0
564998,0
564999,0
565000,0
565001,0
565002,0
565003,0
565004,0
565005,0
565006,0
565007,0
565008,0
565009,0
565010,0
565011,0
565012,0
565013,0
565014,0
565015,0
565016,0
565017,0
565018,0
565019,0
565020,0
565021,0
565022,0
565023,0
565024,0
565025,0
565026,0
565027,0
565028,0
565029,0
565030,0
565031,0
565032,0
565033,0
565034,0
565035,0
565036,0
565037,0
565038,0
565039,0
565040,0
565041,0
565042,0
565043,0
565044,0
565045,0
565046,0
565047,0
565048,0
565049,0
565050,0
565051,0
565052,0
565053,0
565054,0
565055,0
565056,0
565057,0
565058,0
565059,0
565060,0
565061,0
565062,0
565063,0
565064,0
565065,0
565066,0
565067,0
565068,0
565069,0
565070,0
565071,0
565072,0
565073,0
565074,0
565075,0
565076,0
565077,0
565078,0
565079,0
565080,0
565081,0
565082,0
565083,0
565084,0
565085,0
565086,0
565087,0
565088,0
565089,0
565090,0
565091,0
565092,0
565093,0
565094,0
565095,0
565096,0
565097,0
565098,0
565099,0
565100,0
565101,0
565102,0
565103,0
565104,0
565105,0
565106,0
565107,0
565108,0
565109,0
565110,0
565111,0
565112,0
565113,0
565114,0
565115,0
565116,0
565117,0
565118,0
565119,0
565120,0
565121,0
565122,0
565123,0
565124,0
565125,0
565126,0
565127,0
565128,0
565129,0
565130,0
565131,0
565132,0
565133,0
565134,0
565135,0
565136,0
565137,0
565138,0
565139,0
565140,0
565141,0
565142,0
565143,0
565144,0
565145,0
565146,0
565147,0
565148,0
565149,0
565150,0
565151,0
565152,0
565153,0
565154,0
565155,0
565156,0
565157,0
565158,0
565159,0
565160,0
565161,0
565162,0
565163,0
565164,0
565165,0
565166,0
565167,0
565168,0
565169,0
565170,0
565171,0
565172,0
565173,0
565174,0
565175,0
565176,0
565177,0
565178,0
565179,0
565180,0
565181,0
565182,0
565183,0
565184,0
565185,0
565186,0
565187,0
565188,0
565189,0
565190,0
565191,0
565192,0
565193,0
565194,0
565195,0
565196,0
565197,0
565198,0
565199,0
565200,0
565201,0
565202,0
565203,0
565204,0
565205,0
565206,0
565207,0
565208,0
565209,0
565210,0
565211,0
565212,0
565213,0
565214,0
565215,0
565216,0
565217,0
565218,0
565219,0
565220,0
565221,0
565222,0
565223,0
565224,0
565225,0
565226,0
565227,0
565228,0
565229,0
565230,0
565231,0
565232,0
565233,0
565234,0
565235,0
565236,0
565237,0
565238,0
565239,0
565240,0
565241,0
565242,0
565243,0
565244,0
565245,0
565246,0
565247,0
565248,0
565249,0
565250,0
565251,0
565252,0
565253,0
565254,0
565255,0
565256,0
565257,0
565258,0
565259,0
565260,0
565261,0
565262,0
565263,0
565264,0
565265,0
565266,0
565267,15
565268,10
565269,0
565270,0
565271,15
565272,0
565273,0
565274,11
565275,15
565276,0
565277,0
565278,0
565279,0
565280,22
565281,15
565282,0
565283,11
565284,0
565285,0
565286,0
565287,0
565288,12
565289,0
565290,0
565291,0
565292,0
565293,17
565294,0
565295,0
565296,0
565297,0
565298,0
565299,0
565300,0
565301,0
565302,18
565303,18
565304,0
565305,0
565306,0
565307,12
565308,0
565309,7
565310,0
565311,0
565312,16
565313,0
565314,0
565315,0
565316,0
565317,0
565318,0
565319,0
565320,0
565321,0
565322,0
565323,0
565324,19
565325,0
565326,0
565327,0
565328,14
565329,0
565330,15
565331,0
565332,0
565333,0
565334,0
565335,0
565336,0
565337,0
565338,15
565339,0
565340,0
565341,0
565342,0
565343,0
565344,0
565345,0
565346,0
565347,0
565348,0
565349,0
565350,0
565351,0
565352,0
565353,10
565354,0
565355,0
565356,16
565357,0
565358,0
565359,0
565360,0
565361,0
565362,0
565363,0
565364,0
565365,0
565366,0
565367,0
565368,0
565369,15
565370,0
565371,0
565372,0
565373,0
565374,0
565375,0
565376,9
565377,0
565378,0
565379,0
565380,0
565381,0
565382,0
565383,0
565384,0
565385,11
565386,0
565387,0
565388,0
565389,0
565390,0
565391,0
565392,0
565393,0
565394,0
565395,12
565396,0
565397,0
565398,12
565399,0
565400,13
565401,0
565402,0
565403,0
565404,0
565405,0
565406,0
565407,0
565408,0
565409,0
565410,17
565411,20
565412,0
565413,0
565414,0
565415,0
565416,0
565417,0
565418,0
565419,0
565420,0
565421,0
565422,0
565423,0
565424,0
565425,0
565426,0
565427,0
565428,0
565429,0
565430,0
565431,0
565432,12
565433,13
565434,0
565435,0
565436,0
565437,11
565438,0
565439,0
565440,0
565441,0
565442,0
565443,0
565444,0
565445,0
565446,0
565447,0
565448,0
565449,0
565450,0
565451,0
565452,0
565453,0
565454,0
565455,0
565456,0
565457,0
565458,0
565459,0
565460,0
565461,0
565462,0
565463,0
565464,0
565465,0
565466,0
565467,0
565468,0
565469,0
565470,0
565471,0
565472,0
565473,0
565474,0
565475,0
565476,0
565477,0
565478,0
565479,22
565480,0
565481,0
565482,11
565483,0
565484,0
565485,0
565486,0
565487,0
565488,13
565489,4
565490,0
565491,0
565492,10
565493,0
565494,21
565495,0
565496,0
565497,0
565498,0
565499,0
565500,0
565501,0
565502,0
565503,13
565504,0
565505,0
565506,0
565507,0
565508,0
565509,0
565510,9
565511,0
565512,0
565513,0
565514,21
565515,0
565516,0
565517,0
565518,0
565519,0
565520,0
565521,0
565522,0
565523,0
565524,10
565525,17
565526,0
565527,0
565528,0
565529,23
565530,0
565531,17
565532,0
565533,0
565534,0
565535,0
565536,0
565537,0
565538,0
565539,0
565540,0
565541,0
565542,0
565543,0
565544,0
565545,0
565546,0
565547,0
565548,0
565549,0
565550,0
565551,0
565552,0
565553,0
565554,16
565555,0
565556,0
565557,0
565558,0
565559,14
565560,0
565561,0
565562,0
565563,0
565564,0
565565,0
565566,0
565567,0
565568,0
565569,0
565570,0
565571,0
565572,18
565573,0
565574,0
565575,0
565576,0
565577,0
565578,0
565579,21
565580,0
565581,0
565582,17
565583,0
565584,0
565585,19
565586,0
565587,0
565588,0
565589,0
565590,0
565591,0
565592,0
565593,0
565594,7
565595,0
565596,20
565597,0
565598,0
565599,0
565600,0
565601,0
565602,0
565603,0
565604,0
565605,8
565606,0
565607,0
565608,0
565609,0
565610,0
565611,19
565612,21
565613,0
565614,0
565615,0
565616,0
565617,13
565618,0
565619,0
565620,12
565621,20
565622,0
565623,0
565624,0
565625,0
565626,0
565627,20
565628,0
565629,0
565630,0
565631,0
565632,0
565633,0
565634,13
565635,0
565636,17
565637,0
565638,0
565639,0
565640,0
565641,18
565642,0
565643,22
565644,0
565645,0
565646,0
565647,0
565648,0
565649,0
565650,0
565651,0
565652,29
565653,0
565654,0
565655,0
565656,0
565657,0
565658,0
565659,12
565660,0
565661,16
565662,0
565663,0
565664,0
565665,0
565666,20
565667,0
565668,26
565669,0
565670,26
565671,0
565672,0
565673,0
565674,0
565675,24
565676,0
565677,0
565678,0
565679,0
565680,0
565681,0
565682,0
565683,0
565684,0
565685,0
565686,17
565687,0
565688,0
565689,0
565690,0
565691,0
565692,0
565693,0
565694,0
565695,0
565696,0
565697,0
565698,0
565699,0
565700,0
565701,0
565702,0
565703,0
565704,0
565705,0
565706,0
565707,0
565708,19
565709,0
565710,0
565711,0
565712,0
565713,0
565714,0
565715,0
565716,0
565717,0
565718,0
565719,0
565720,0
565721,0
565722,0
565723,0
565724,0
565725,0
565726,0
565727,0
565728,0
565729,0
565730,0
565731,0
565732,0
565733,0
565734,0
565735,0
565736,0
565737,0
565738,0
565739,0
565740,0
565741,0
565742,0
565743,0
565744,0
565745,0
565746,0
565747,0
565748,0
565749,0
565750,0
565751,0
565752,0
565753,0
565754,0
565755,0
565756,0
565757,0
565758,0
565759,0
565760,0
565761,0
565762,0
565763,0
565764,0
565765,0
565766,0
565767,0
565768,0
565769,0
565770,0
565771,0
565772,26
565773,0
565774,0
565775,0
565776,0
565777,0
565778,0
565779,0
565780,0
565781,0
565782,0
565783,0
565784,0
565785,0
565786,16
565787,0
565788,0
565789,0
565790,14
565791,0
565792,22
565793,0
565794,0
565795,0
565796,0
565797,0
565798,0
565799,0
565800,10
565801,0
565802,0
565803,0
565804,0
565805,0
565806,0
565807,0
565808,0
565809,0
565810,0
565811,0
565812,0
565813,0
565814,0
565815,19
565816,0
565817,0
565818,0
565819,0
565820,0
565821,0
565822,0
565823,33
565824,0
565825,0
565826,0
565827,0
565828,0
565829,0
565830,0
565831,0
565832,0
565833,0
565834,0
565835,0
565836,0
565837,0
565838,26
565839,0
565840,0
565841,0
565842,0
565843,0
565844,0
565845,0
565846,0
565847,0
565848,0
565849,0
565850,24
565851,23
565852,0
565853,0
565854,0
565855,0
565856,0
565857,0
565858,0
565859,0
565860,0
565861,37
565862,0
565863,0
565864,0
565865,0
565866,0
565867,0
565868,0
565869,0
565870,22
565871,0
565872,0
565873,0
565874,0
565875,0
565876,0
565877,0
565878,0
565879,0
565880,0
565881,0
565882,0
565883,0
565884,0
565885,0
565886,0
565887,0
565888,0
565889,0
565890,0
565891,0
565892,0
565893,22
565894,0
565895,0
565896,0
565897,0
565898,0
565899,0
565900,0
565901,0
565902,0
565903,0
565904,0
565905,32
565906,0
565907,0
565908,0
565909,0
565910,0
565911,0
565912,0
565913,0
565914,0
565915,0
565916,0
565917,0
565918,0
565919,0
565920,0
565921,0
565922,0
565923,19
565924,0
565925,0
565926,0
565927,0
565928,0
565929,0
565930,0
565931,0
565932,0
565933,0
565934,0
565935,0
565936,0
565937,0
565938,0
565939,0
565940,0
565941,34
565942,0
565943,0
565944,0
565945,0
565946,0
565947,31
565948,0
565949,21
565950,0
565951,0
565952,0
565953,0
565954,0
565955,0
565956,0
565957,0
565958,0
565959,0
565960,0
565961,0
565962,0
565963,0
565964,0
565965,0
565966,0
565967,0
565968,0
565969,0
565970,0
565971,0
565972,0
565973,0
565974,0
565975,0
565976,0
565977,0
565978,0
565979,0
565980,37
565981,0
565982,0
565983,0
565984,0
565985,0
565986,0
565987,0
565988,0
565989,0
565990,0
565991,28
565992,0
565993,19
565994,0
565995,0
565996,0
565997,0
565998,0
565999,0
566000,0
566001,0
566002,0
566003,0
566004,0
566005,0
566006,0
566007,0
566008,0
566009,0
566010,0
566011,0
566012,0
566013,0
566014,0
566015,0
566016,0
566017,0
566018,22
566019,47
566020,0
566021,0
566022,0
566023,0
566024,0
566025,0
566026,0
566027,0
566028,0
566029,0
566030,0
566031,0
566032,0
566033,0
566034,0
566035,0
566036,0
566037,0
566038,0
566039,0
566040,0
566041,23
566042,0
566043,0
566044,0
566045,0
566046,0
566047,0
566048,0
566049,0
566050,0
566051,0
566052,0
566053,17
566054,33
566055,0
566056,0
566057,0
566058,0
566059,0
566060,0
566061,0
566062,0
566063,0
566064,0
566065,0
566066,0
566067,0
566068,28
566069,17
566070,0
566071,0
566072,0
566073,0
566074,0
566075,0
566076,0
566077,0
566078,38
566079,0
566080,0
566081,25
566082,0
566083,0
566084,0
566085,0
566086,25
566087,0
566088,0
566089,0
566090,0
566091,0
566092,0
566093,0
566094,25
566095,0
566096,0
566097,0
566098,0
566099,0
566100,0
566101,0
566102,0
566103,27
566104,25
566105,0
566106,0
566107,0
566108,0
566109,0
566110,0
566111,0
566112,0
566113,0
566114,0
566115,27
566116,0
566117,0
566118,0
566119,0
566120,23
566121,19
566122,8
566123,0
566124,0
566125,0
566126,0
566127,0
566128,0
566129,0
566130,0
566131,0
566132,0
566133,0
566134,0
566135,0
566136,0
566137,0
566138,0
566139,12
566140,0
566141,0
566142,0
566143,0
566144,0
566145,23
566146,0
566147,0
566148,0
566149,0
566150,0
566151,0
566152,0
566153,0
566154,0
566155,0
566156,20
566157,9
566158,0
566159,0
566160,0
566161,0
566162,0
566163,0
566164,13
566165,0
566166,0
566167,0
566168,0
566169,0
566170,0
566171,0
566172,0
566173,0
566174,0
566175,0
566176,0
566177,0
566178,0
566179,24
566180,0
566181,0
566182,0
566183,0
566184,0
566185,0
566186,34
566187,17
566188,0
566189,0
566190,0
566191,0
566192,0
566193,29
566194,23
566195,0
566196,32
566197,0
566198,0
566199,0
566200,0
566201,0
566202,0
566203,0
566204,0
566205,0
566206,0
566207,0
566208,0
566209,0
566210,0
566211,0
566212,0
566213,0
566214,0
566215,0
566216,0
566217,0
566218,0
566219,0
566220,0
566221,0
566222,0
566223,0
566224,25
566225,0
566226,0
566227,0
566228,0
566229,0
566230,0
566231,0
566232,0
566233,0
566234,0
566235,0
566236,0
566237,0
566238,0
566239,0
566240,0
566241,0
566242,0
566243,0
566244,0
566245,41
566246,0
566247,0
566248,0
566249,0
566250,0
566251,0
566252,0
566253,0
566254,0
566255,0
566256,0
566257,0
566258,0
566259,0
566260,0
566261,0
566262,0
566263,0
566264,0
566265,0
566266,0
566267,0
566268,0
566269,0
566270,0
566271,0
566272,0
566273,0
566274,0
566275,0
566276,0
566277,0
566278,0
566279,29
566280,17
566281,0
566282,0
566283,14
566284,0
566285,0
566286,0
566287,0
566288,0
566289,0
566290,0
566291,0
566292,12
566293,0
566294,0
566295,0
566296,0
566297,0
566298,0
566299,0
566300,0
566301,0
566302,0
566303,0
566304,18
566305,0
566306,0
566307,0
566308,28
566309,15
566310,35
566311,0
566312,0
566313,0
566314,0
566315,0
566316,0
566317,0
566318,0
566319,0
566320,0
566321,0
566322,0
566323,0
566324,0
566325,0
566326,0
566327,0
566328,0
566329,0
566330,0
566331,0
566332,0
566333,0
566334,0
566335,28
566336,0
566337,0
566338,0
566339,0
566340,0
566341,0
566342,33
566343,23
566344,0
566345,0
566346,0
566347,0
566348,0
566349,0
566350,0
566351,0
566352,0
566353,0
566354,0
566355,0
566356,0
566357,32
566358,0
566359,0
566360,0
566361,0
566362,0
566363,0
566364,0
566365,0
566366,0
566367,0
566368,0
566369,0
566370,0
566371,0
566372,0
566373,0
566374,0
566375,0
566376,0
566377,0
566378,0
566379,0
566380,0
566381,0
566382,0
566383,0
566384,0
566385,0
566386,0
566387,0
566388,0
566389,0
566390,0
566391,0
566392,0
566393,0
566394,0
566395,0
566396,0
566397,0
566398,0
566399,0
566400,26
566401,0
566402,0
566403,0
566404,0
566405,0
566406,0
566407,0
566408,0
566409,26
566410,0
566411,0
566412,14
566413,0
566414,0
566415,0
566416,37
566417,0
566418,0
566419,0
566420,0
566421,0
566422,0
566423,24
566424,0
566425,0
566426,0
566427,0
566428,0
566429,27
566430,0
566431,0
566432,0
566433,24
566434,0
566435,0
566436,33
566437,0
566438,0
566439,0
566440,0
566441,4
566442,0
566443,0
566444,0
566445,0
566446,0
566447,0
566448,0
566449,0
566450,0
566451,0
566452,4
566453,0
566454,0
566455,0
566456,0
566457,0
566458,0
566459,0
566460,0
566461,0
566462,0
566463,0
566464,0
566465,0
566466,0
566467,0
566468,0
566469,0
566470,0
566471,0
566472,0
566473,5
566474,0
566475,5
566476,0
566477,0
566478,5
566479,0
566480,6
566481,0
566482,0
566483,0
566484,0
566485,0
566486,0
566487,0
566488,0
566489,0
566490,0
566491,0
566492,0
566493,0
566494,0
566495,0
566496,0
566497,7
566498,0
566499,0
566500,0
566501,0
566502,5
566503,0
566504,0
566505,4
566506,0
566507,0
566508,0
566509,0
566510,0
566511,0
566512,0
566513,0
566514,0
566515,0
566516,0
566517,0
566518,0
566519,0
566520,5
566521,0
566522,0
566523,0
566524,0
566525,0
566526,0
566527,0
566528,0
566529,0
566530,0
566531,0
566532,0
566533,0
566534,0
566535,0
566536,0
566537,6
566538,0
566539,0
566540,0
566541,0
566542,0
566543,0
566544,0
566545,4
566546,2
566547,0
566548,6
566549,0
566550,0
566551,0
566552,0
566553,0
566554,10
566555,5
566556,0
566557,0
566558,0
566559,0
566560,31
566561,35
566562,0
566563,52
566564,0
566565,22
566566,0
566567,0
566568,0
566569,48
566570,0
566571,0
566572,0
566573,0
566574,47
566575,30
566576,0
566577,0
566578,0
566579,0
566580,0
566581,0
566582,24
566583,47
566584,32
566585,0
566586,41
566587,0
566588,40
566589,0
566590,0
566591,0
566592,0
566593,0
566594,0
566595,0
566596,0
566597,0
566598,0
566599,37
566600,0
566601,0
566602,27
566603,34
566604,0
566605,0
566606,0
566607,0
566608,0
566609,0
566610,0
566611,37
566612,0
566613,0
566614,0
566615,0
566616,0
566617,35
566618,0
566619,0
566620,0
566621,0
566622,0
566623,0
566624,0
566625,0
566626,0
566627,0
566628,0
566629,0
566630,30
566631,0
566632,0
566633,0
566634,0
566635,0
566636,0
566637,31
566638,0
566639,0
566640,0
566641,0
566642,0
566643,32
566644,0
566645,0
566646,0
566647,0
566648,42
566649,0
566650,0
566651,0
566652,0
566653,0
566654,0
566655,0
566656,0
566657,0
566658,0
566659,0
566660,0
566661,0
566662,0
566663,0
566664,0
566665,0
566666,0
566667,0
566668,0
566669,30
566670,0
566671,0
566672,0
566673,0
566674,0
566675,0
566676,0
566677,0
566678,0
566679,0
566680,0
566681,0
566682,0
566683,0
566684,0
566685,0
566686,0
566687,0
566688,46
566689,0
566690,0
566691,0
566692,0
566693,42
566694,0
566695,0
566696,0
566697,31
566698,0
566699,0
566700,0
566701,0
566702,0
566703,0
566704,0
566705,0
566706,0
566707,0
566708,0
566709,32
566710,0
566711,0
566712,0
566713,0
566714,0
566715,0
566716,40
566717,0
566718,0
566719,0
566720,0
566721,0
566722,0
566723,0
566724,0
566725,0
566726,0
566727,36
566728,0
566729,0
566730,0
566731,0
566732,0
566733,36
566734,39
566735,0
566736,34
566737,0
566738,0
566739,39
566740,0
566741,0
566742,0
566743,0
566744,0
566745,0
566746,0
566747,32
566748,0
566749,0
566750,0
566751,30
566752,0
566753,0
566754,0
566755,0
566756,0
566757,47
566758,0
566759,0
566760,0
566761,0
566762,0
566763,47
566764,30
566765,0
566766,0
566767,0
566768,0
566769,41
566770,0
566771,0
566772,0
566773,0
566774,0
566775,0
566776,0
566777,0
566778,0
566779,0
566780,0
566781,0
566782,0
566783,0
566784,0
566785,31
566786,0
566787,0
566788,0
566789,0
566790,0
566791,0
566792,0
566793,0
566794,0
566795,0
566796,0
566797,0
566798,0
566799,0
566800,0
566801,0
566802,0
566803,0
566804,35
566805,0
566806,37
566807,35
566808,0
566809,0
566810,0
566811,0
566812,0
566813,0
566814,0
566815,0
566816,34
566817,39
566818,0
566819,0
566820,0
566821,0
566822,55
566823,0
566824,32
566825,0
566826,0
566827,0
566828,43
566829,0
566830,0
566831,0
566832,0
566833,0
566834,0
566835,41
566836,0
566837,0
566838,0
566839,0
566840,26
566841,0
566842,0
566843,0
566844,23
566845,0
566846,34
566847,0
566848,0
566849,0
566850,0
566851,0
566852,0
566853,0
566854,0
566855,0
566856,0
566857,0
566858,0
566859,0
566860,0
566861,0
566862,0
566863,29
566864,0
566865,47
566866,0
566867,0
566868,0
566869,38
566870,0
566871,0
566872,0
566873,36
566874,0
566875,0
566876,0
566877,0
566878,0
566879,0
566880,0
566881,0
566882,0
566883,0
566884,0
566885,0
566886,0
566887,0
566888,0
566889,0
566890,0
566891,43
566892,0
566893,0
566894,35
566895,0
566896,0
566897,0
566898,0
566899,0
566900,0
566901,47
566902,0
566903,22
566904,0
566905,0
566906,32
566907,0
566908,0
566909,0
566910,37
566911,0
566912,0
566913,0
566914,0
566915,0
566916,0
566917,35
566918,0
566919,0
566920,0
566921,0
566922,36
566923,0
566924,0
566925,0
566926,0
566927,0
566928,0
566929,0
566930,33
566931,0
566932,0
566933,0
566934,27
566935,0
566936,0
566937,0
566938,0
566939,0
566940,0
566941,0
566942,0
566943,0
566944,0
566945,0
566946,0
566947,0
566948,0
566949,0
566950,32
566951,0
566952,0
566953,0
566954,0
566955,37
566956,0
566957,0
566958,42
566959,0
566960,0
566961,0
566962,0
566963,37
566964,24
566965,0
566966,0
566967,0
566968,33
566969,0
566970,0
566971,0
566972,0
566973,0
566974,0
566975,0
566976,30
566977,0
566978,0
566979,0
566980,0
566981,0
566982,39
566983,32
566984,0
566985,0
566986,0
566987,0
566988,0
566989,0
566990,0
566991,0
566992,43
566993,0
566994,33
566995,0
566996,0
566997,0
566998,0
566999,39
567000,73
567001,0
567002,0
567003,29
567004,0
567005,0
567006,0
567007,0
567008,31
567009,0
567010,0
567011,34
567012,0
567013,0
567014,0
567015,0
567016,0
567017,0
567018,0
567019,0
567020,0
567021,0
567022,0
567023,0
567024,0
567025,0
567026,34
567027,0
567028,0
567029,0
567030,0
567031,0
567032,0
567033,33
567034,0
567035,0
567036,0
567037,0
567038,0
567039,0
567040,0
567041,44
567042,32
567043,0
567044,19
567045,0
567046,0
567047,0
567048,0
567049,25
567050,0
567051,0
567052,0
567053,0
567054,0
567055,0
567056,0
567057,0
567058,0
567059,0
567060,0
567061,33
567062,41
567063,29
567064,0
567065,50
567066,0
567067,0
567068,0
567069,28
567070,0
567071,0
567072,0
567073,0
567074,0
567075,0
567076,0
567077,0
567078,0
567079,36
567080,0
567081,0
567082,0
567083,0
567084,0
567085,23
567086,0
567087,0
567088,0
567089,0
567090,0
567091,0
567092,44
567093,0
567094,0
567095,0
567096,0
567097,0
567098,0
567099,0
567100,0
567101,0
567102,0
567103,0
567104,0
567105,0
567106,32
567107,16
567108,0
567109,30
567110,0
567111,0
567112,0
567113,0
567114,0
567115,0
567116,0
567117,24
567118,37
567119,0
567120,39
567121,0
567122,0
567123,0
567124,0
567125,0
567126,0
567127,0
567128,0
567129,0
567130,0
567131,0
567132,0
567133,0
567134,0
567135,41
567136,0
567137,0
567138,0
567139,0
567140,0
567141,0
567142,0
567143,0
567144,0
567145,0
567146,0
567147,0
567148,0
567149,0
567150,0
567151,0
567152,0
567153,0
567154,0
567155,45
567156,0
567157,0
567158,0
567159,0
567160,0
567161,0
567162,27
567163,0
567164,0
567165,28
567166,0
567167,0
567168,26
567169,0
567170,0
567171,0
567172,0
567173,0
567174,0
567175,0
567176,0
567177,32
567178,0
567179,0
567180,0
567181,36
567182,37
567183,0
567184,0
567185,0
567186,0
567187,0
567188,0
567189,42
567190,0
567191,0
567192,42
567193,0
567194,0
567195,0
567196,0
567197,0
567198,0
567199,30
567200,0
567201,28
567202,0
567203,0
567204,0
567205,32
567206,0
567207,0
567208,0
567209,0
567210,40
567211,0
567212,0
567213,39
567214,30
567215,0
567216,0
567217,0
567218,0
567219,0
567220,0
567221,0
567222,34
567223,0
567224,0
567225,0
567226,0
567227,37
567228,35
567229,49
567230,38
567231,22
567232,0
567233,0
567234,0
567235,0
567236,0
567237,0
567238,23
567239,0
567240,0
567241,23
567242,0
567243,0
567244,0
567245,0
567246,0
567247,0
567248,0
567249,0
567250,0
567251,0
567252,0
567253,22
567254,57
567255,36
567256,0
567257,0
567258,0
567259,0
567260,0
567261,0
567262,0
567263,43
567264,0
567265,0
567266,0
567267,0
567268,0
567269,0
567270,0
567271,0
567272,0
567273,34
567274,0
567275,0
567276,0
567277,0
567278,40
567279,0
567280,0
567281,27
567282,0
567283,0
567284,0
567285,0
567286,0
567287,25
567288,0
567289,0
567290,0
567291,0
567292,29
567293,0
567294,0
567295,0
567296,42
567297,0
567298,0
567299,0
567300,0
567301,26
567302,39
567303,0
567304,0
567305,0
567306,0
567307,0
567308,0
567309,0
567310,0
567311,53
567312,41
567313,49
567314,0
567315,0
567316,0
567317,0
567318,0
567319,0
567320,0
567321,0
567322,0
567323,0
567324,25
567325,39
567326,0
567327,0
567328,0
567329,0
567330,0
567331,0
567332,0
567333,0
567334,40
567335,0
567336,0
567337,47
567338,0
567339,0
567340,0
567341,0
567342,0
567343,0
567344,30
567345,36
567346,0
567347,0
567348,0
567349,0
567350,0
567351,0
567352,0
567353,0
567354,0
567355,32
567356,0
567357,0
567358,33
567359,0
567360,0
567361,0
567362,0
567363,46
567364,0
567365,0
567366,0
567367,0
567368,0
567369,0
567370,0
567371,0
567372,39
567373,0
567374,0
567375,0
567376,0
567377,0
567378,0
567379,0
567380,0
567381,0
567382,0
567383,0
567384,0
567385,0
567386,0
567387,0
567388,0
567389,0
567390,0
567391,0
567392,0
567393,0
567394,37
567395,0
567396,0
567397,0
567398,0
567399,36
567400,0
567401,0
567402,0
567403,0
567404,29
567405,0
567406,0
567407,0
567408,0
567409,0
567410,0
567411,0
567412,0
567413,0
567414,0
567415,0
567416,0
567417,0
567418,0
567419,0
567420,0
567421,41
567422,0
567423,0
567424,0
567425,0
567426,28
567427,0
567428,0
567429,0
567430,0
567431,0
567432,0
567433,39
567434,37
567435,0
567436,37
567437,32
567438,0
567439,0
567440,0
567441,0
567442,0
567443,0
567444,0
567445,0
567446,0
567447,35
567448,0
567449,0
567450,0
567451,0
567452,0
567453,0
567454,0
567455,26
567456,0
567457,0
567458,0
567459,0
567460,0
567461,0
567462,0
567463,0
567464,0
567465,0
567466,0
567467,0
567468,0
567469,0
567470,0
567471,0
567472,43
567473,0
567474,0
567475,0
567476,0
567477,0
567478,0
567479,0
567480,0
567481,0
567482,0
567483,0
567484,0
567485,0
567486,0
567487,0
567488,25
567489,0
567490,0
567491,30
567492,0
567493,0
567494,0
567495,0
567496,28
567497,0
567498,0
567499,0
567500,15
567501,0
567502,0
567503,31
567504,0
567505,0
567506,0
567507,0
567508,0
567509,0
567510,26
567511,0
567512,37
567513,0
567514,0
567515,26
567516,0
567517,34
567518,0
567519,0
567520,27
567521,0
567522,0
567523,0
567524,0
567525,0
567526,0
567527,27
567528,27
567529,0
567530,28
567531,0
567532,0
567533,0
567534,0
567535,30
567536,0
567537,0
567538,0
567539,0
567540,0
567541,0
567542,0
567543,0
567544,0
567545,0
567546,0
567547,0
567548,0
567549,0
567550,0
567551,0
567552,0
567553,0
567554,0
567555,0
567556,32
567557,0
567558,0
567559,0
567560,0
567561,0
567562,0
567563,0
567564,0
567565,42
567566,0
567567,16
567568,0
567569,0
567570,0
567571,0
567572,0
567573,0
567574,36
567575,0
567576,0
567577,21
567578,0
567579,0
567580,0
567581,0
567582,0
567583,36
567584,0
567585,0
567586,0
567587,0
567588,0
567589,0
567590,37
567591,0
567592,31
567593,0
567594,0
567595,0
567596,34
567597,0
567598,22
567599,0
567600,0
567601,0
567602,0
567603,0
567604,0
567605,32
567606,22
567607,0
567608,24
567609,0
567610,0
567611,0
567612,0
567613,0
567614,0
567615,0
567616,0
567617,19
567618,0
567619,0
567620,0
567621,0
567622,0
567623,0
567624,0
567625,0
567626,28
567627,0
567628,0
567629,0
567630,0
567631,0
567632,26
567633,0
567634,0
567635,29
567636,0
567637,0
567638,26
567639,0
567640,21
567641,0
567642,0
567643,0
567644,0
567645,0
567646,0
567647,0
567648,0
567649,0
567650,0
567651,0
567652,27
567653,0
567654,23
567655,0
567656,30
567657,22
567658,0
567659,0
567660,0
567661,0
567662,0
567663,0
567664,0
567665,0
567666,0
567667,0
567668,0
567669,0
567670,0
567671,0
567672,0
567673,0
567674,29
567675,27
567676,0
567677,0
567678,0
567679,0
567680,0
567681,0
567682,0
567683,0
567684,0
567685,0
567686,0
567687,0
567688,0
567689,0
567690,0
567691,0
567692,0
567693,38
567694,37
567695,29
567696,0
567697,0
567698,0
567699,0
567700,0
567701,0
567702,35
567703,0
567704,0
567705,0
567706,0
567707,0
567708,0
567709,34
567710,0
567711,0
567712,0
567713,0
567714,0
567715,21
567716,31
567717,0
567718,24
567719,0
567720,0
567721,0
567722,0
567723,0
567724,47
567725,0
567726,0
567727,0
567728,0
567729,0
567730,30
567731,0
567732,0
567733,26
567734,0
567735,0
567736,38
567737,0
567738,0
567739,28
567740,0
567741,24
567742,0
567743,0
567744,0
567745,0
567746,0
567747,19
567748,0
567749,0
567750,0
567751,32
567752,0
567753,0
567754,0
567755,31
567756,0
567757,0
567758,0
567759,0
567760,0
567761,23
567762,0
567763,0
567764,0
567765,0
567766,41
567767,0
567768,0
567769,0
567770,0
567771,22
567772,0
567773,0
567774,0
567775,0
567776,0
567777,0
567778,0
567779,0
567780,0
567781,0
567782,0
567783,0
567784,28
567785,24
567786,0
567787,0
567788,0
567789,0
567790,0
567791,0
567792,0
567793,0
567794,0
567795,0
567796,0
567797,0
567798,0
567799,32
567800,25
567801,0
567802,0
567803,0
567804,0
567805,0
567806,0
567807,0
567808,0
567809,0
567810,0
567811,0
567812,0
567813,0
567814,0
567815,0
567816,0
567817,0
567818,0
567819,25
567820,0
567821,38
567822,0
567823,0
567824,0
567825,0
567826,0
567827,0
567828,0
567829,0
567830,0
567831,0
567832,0
567833,0
567834,0
567835,0
567836,40
567837,20
567838,0
567839,0
567840,0
567841,0
567842,32
567843,0
567844,0
567845,0
567846,0
567847,18
567848,0
567849,0
567850,0
567851,0
567852,0
567853,0
567854,0
567855,0
567856,0
567857,0
567858,0
567859,0
567860,0
567861,0
567862,0
567863,0
567864,0
567865,0
567866,36
567867,0
567868,0
567869,30
567870,0
567871,0
567872,0
567873,0
567874,0
567875,41
567876,32
567877,0
567878,0
567879,0
567880,0
567881,0
567882,0
567883,0
567884,33
567885,0
567886,0
567887,0
567888,0
567889,0
567890,0
567891,0
567892,0
567893,0
567894,0
567895,0
567896,0
567897,0
567898,0
567899,0
567900,0
567901,0
567902,43
567903,0
567904,0
567905,0
567906,0
567907,0
567908,0
567909,0
567910,0
567911,0
567912,0
567913,0
567914,0
567915,0
567916,31
567917,0
567918,0
567919,0
567920,0
567921,0
567922,37
567923,0
567924,0
567925,0
567926,0
567927,0
567928,0
567929,0
567930,0
567931,0
567932,0
567933,0
567934,0
567935,0
567936,28
567937,0
567938,0
567939,0
567940,0
567941,0
567942,17
567943,0
567944,17
567945,0
567946,0
567947,0
567948,0
567949,0
567950,0
567951,0
567952,0
567953,0
567954,0
567955,0
567956,19
567957,0
567958,0
567959,0
567960,32
567961,0
567962,0
567963,0
567964,0
567965,0
567966,0
567967,0
567968,0
567969,25
567970,0
567971,30
567972,0
567973,0
567974,0
567975,32
567976,0
567977,24
567978,0
567979,0
567980,0
567981,0
567982,0
567983,0
567984,0
567985,0
567986,30
567987,0
567988,0
567989,0
567990,0
567991,0
567992,28
567993,0
567994,0
567995,0
567996,0
567997,0
567998,0
567999,0
568000,0
568001,0
568002,0
568003,0
568004,0
568005,0
568006,0
568007,33
568008,0
568009,0
568010,0
568011,0
568012,0
568013,0
568014,0
568015,29
568016,0
568017,0
568018,0
568019,0
568020,33
568021,0
568022,0
568023,0
568024,22
568025,0
568026,0
568027,0
568028,0
568029,0
568030,0
568031,0
568032,0
568033,0
568034,0
568035,0
568036,0
568037,0
568038,0
568039,0
568040,0
568041,0
568042,0
568043,0
568044,0
568045,0
568046,0
568047,0
568048,0
568049,0
568050,0
568051,0
568052,0
568053,0
568054,0
568055,0
568056,0
568057,25
568058,34
568059,0
568060,0
568061,0
568062,28
568063,33
568064,0
568065,23
568066,30
568067,0
568068,0
568069,32
568070,0
568071,0
568072,0
568073,31
568074,0
568075,0
568076,11
568077,0
568078,24
568079,42
568080,0
568081,27
568082,0
568083,0
568084,0
568085,0
568086,30
568087,33
568088,0
568089,26
568090,0
568091,0
568092,0
568093,31
568094,0
568095,0
568096,0
568097,0
568098,0
568099,0
568100,0
568101,0
568102,0
568103,0
568104,26
568105,0
568106,0
568107,0
568108,0
568109,0
568110,0
568111,0
568112,0
568113,0
568114,0
568115,0
568116,0
568117,0
568118,0
568119,0
568120,0
568121,0
568122,0
568123,0
568124,37
568125,31
568126,0
568127,0
568128,0
568129,26
568130,0
568131,0
568132,24
568133,0
568134,0
568135,0
568136,0
568137,41
568138,0
568139,0
568140,30
568141,0
568142,0
568143,0
568144,0
568145,0
568146,0
568147,0
568148,0
568149,0
568150,36
568151,0
568152,0
568153,54
568154,0
568155,0
568156,0
568157,0
568158,0
568159,0
568160,0
568161,0
568162,0
568163,0
568164,0
568165,0
568166,0
568167,0
568168,0
568169,0
568170,0
568171,46
568172,0
568173,0
568174,0
568175,0
568176,0
568177,0
568178,0
568179,0
568180,0
568181,0
568182,0
568183,0
568184,36
568185,0
568186,0
568187,0
568188,25
568189,0
568190,35
568191,0
568192,0
568193,0
568194,0
568195,0
568196,0
568197,0
568198,38
568199,37
568200,0
568201,0
568202,0
568203,55
568204,35
568205,0
568206,44
568207,0
568208,0
568209,0
568210,0
568211,0
568212,0
568213,0
568214,0
568215,0
568216,0
568217,0
568218,0
568219,0
568220,0
568221,0
568222,0
568223,0
568224,0
568225,0
568226,0
568227,0
568228,26
568229,0
568230,0
568231,0
568232,0
568233,0
568234,44
568235,0
568236,0
568237,0
568238,41
568239,0
568240,0
568241,0
568242,0
568243,0
568244,0
568245,20
568246,0
568247,0
568248,0
568249,42
568250,40
568251,0
568252,0
568253,43
568254,0
568255,0
568256,0
568257,0
568258,0
568259,0
568260,0
568261,0
568262,26
568263,23
568264,0
568265,0
568266,0
568267,0
568268,0
568269,30
568270,0
568271,0
568272,0
568273,39
568274,0
568275,31
568276,30
568277,37
568278,0
568279,0
568280,0
568281,0
568282,0
568283,0
568284,0
568285,0
568286,36
568287,0
568288,0
568289,0
568290,0
568291,37
568292,35
568293,0
568294,0
568295,0
568296,29
568297,0
568298,22
568299,0
568300,0
568301,30
568302,0
568303,41
568304,0
568305,0
568306,40
568307,0
568308,31
568309,37
568310,0
568311,24
568312,57
568313,42
568314,0
568315,40
568316,0
568317,0
568318,41
568319,0
568320,0
568321,0
568322,0
568323,0
568324,26
568325,0
568326,0
568327,0
568328,27
568329,0
568330,0
568331,0
568332,0
568333,0
568334,0
568335,0
568336,40
568337,0
568338,31
568339,0
568340,0
568341,0
568342,33
568343,0
568344,0
568345,0
568346,0
568347,24
568348,48
568349,34
568350,0
568351,0
568352,41
568353,0
568354,0
568355,0
568356,38
568357,0
568358,32
568359,32
568360,0
568361,30
568362,0
568363,0
568364,22
568365,0
568366,0
568367,0
568368,0
568369,0
568370,46
568371,0
568372,0
568373,0
568374,0
568375,33
568376,0
568377,0
568378,0
568379,0
568380,32
568381,0
568382,0
568383,0
568384,0
568385,0
568386,0
568387,17
568388,0
568389,0
568390,0
568391,0
568392,39
568393,0
568394,0
568395,52
568396,0
568397,0
568398,33
568399,0
568400,0
568401,0
568402,0
568403,0
568404,51
568405,0
568406,65
568407,44
568408,0
568409,0
568410,23
568411,44
568412,0
568413,0
568414,0
568415,0
568416,0
568417,0
568418,0
568419,0
568420,0
568421,47
568422,34
568423,0
568424,0
568425,0
568426,0
568427,0
568428,0
568429,0
568430,25
568431,0
568432,0
568433,0
568434,0
568435,0
568436,0
568437,0
568438,0
568439,28
568440,0
568441,40
568442,0
568443,0
568444,47
568445,0
568446,0
568447,0
568448,0
568449,0
568450,0
568451,0
568452,0
568453,0
568454,0
568455,0
568456,0
568457,0
568458,0
568459,0
568460,0
568461,0
568462,0
568463,33
568464,30
568465,0
568466,36
568467,0
568468,0
568469,0
568470,0
568471,0
568472,0
568473,0
568474,0
568475,0
568476,0
568477,0
568478,0
568479,0
568480,0
568481,0
568482,46
568483,40
568484,0
568485,0
568486,0
568487,0
568488,28
568489,47
568490,0
568491,0
568492,29
568493,0
568494,0
568495,48
568496,0
568497,0
568498,0
568499,0
568500,0
568501,0
568502,33
568503,0
568504,0
568505,0
568506,25
568507,0
568508,0
568509,0
568510,0
568511,0
568512,0
568513,25
568514,0
568515,19
568516,0
568517,0
568518,38
568519,0
568520,0
568521,0
568522,0
568523,0
568524,0
568525,0
568526,0
568527,0
568528,0
568529,0
568530,0
568531,0
568532,0
568533,0
568534,39
568535,0
568536,0
568537,0
568538,35
568539,0
568540,0
568541,0
568542,29
568543,28
568544,0
568545,0
568546,28
568547,0
568548,0
568549,0
568550,0
568551,33
568552,0
568553,0
568554,0
568555,0
568556,0
568557,0
568558,0
568559,41
568560,0
568561,29
568562,0
568563,0
568564,0
568565,0
568566,0
568567,0
568568,0
568569,0
568570,0
568571,34
568572,0
568573,0
568574,0
568575,0
568576,0
568577,45
568578,0
568579,0
568580,0
568581,0
568582,0
568583,0
568584,52
568585,0
568586,48
568587,0
568588,0
568589,34
568590,0
568591,0
568592,0
568593,0
568594,37
568595,0
568596,31
568597,27
568598,41
568599,39
568600,0
568601,0
568602,45
568603,0
568604,0
568605,0
568606,29
568607,0
568608,0
568609,0
568610,34
568611,0
568612,0
568613,32
568614,0
568615,0
568616,0
568617,24
568618,0
568619,0
568620,0
568621,0
568622,0
568623,0
568624,0
568625,0
568626,0
568627,23
568628,0
568629,0
568630,0
568631,0
568632,0
568633,0
568634,39
568635,0
568636,0
568637,0
568638,38
568639,0
568640,0
568641,20
568642,0
568643,0
568644,0
568645,0
568646,0
568647,0
568648,54
568649,21
568650,46
568651,0
568652,39
568653,53
568654,0
568655,0
568656,0
568657,0
568658,0
568659,0
568660,0
568661,0
568662,0
568663,26
568664,0
568665,0
568666,0
568667,44
568668,0
568669,42
568670,49
568671,0
568672,26
568673,0
568674,0
568675,38
568676,0
568677,38
568678,0
568679,0
568680,0
568681,22
568682,0
568683,32
568684,0
568685,0
568686,0
568687,0
568688,0
568689,43
568690,32
568691,0
568692,0
568693,0
568694,0
568695,0
568696,0
568697,0
568698,0
568699,29
568700,0
568701,0
568702,0
568703,0
568704,0
568705,33
568706,0
568707,0
568708,40
568709,0
568710,39
568711,31
568712,40
568713,0
568714,30
568715,0
568716,0
568717,0
568718,21
568719,0
568720,0
568721,44
568722,0
568723,0
568724,0
568725,0
568726,0
568727,0
568728,0
568729,0
568730,0
568731,0
568732,44
568733,0
568734,0
568735,0
568736,37
568737,0
568738,0
568739,35
568740,0
568741,53
568742,0
568743,0
568744,0
568745,31
568746,44
568747,36
568748,0
568749,0
568750,0
568751,0
568752,0
568753,0
568754,0
568755,0
568756,37
568757,0
568758,37
568759,0
568760,47
568761,31
568762,34
568763,0
568764,0
568765,0
568766,0
568767,0
568768,0
568769,35
568770,0
568771,0
568772,0
568773,0
568774,38
568775,34
568776,38
568777,0
568778,43
568779,28
568780,0
568781,0
568782,36
568783,0
568784,0
568785,24
568786,26
568787,0
568788,0
568789,0
568790,36
568791,0
568792,0
568793,50
568794,50
568795,0
568796,0
568797,0
568798,0
568799,0
568800,0
568801,0
568802,28
568803,0
568804,0
568805,42
568806,0
568807,0
568808,0
568809,0
568810,0
568811,51
568812,0
568813,37
568814,42
568815,40
568816,0
568817,0
568818,0
568819,40
568820,0
568821,0
568822,0
568823,0
568824,0
568825,0
568826,0
568827,0
568828,31
568829,0
568830,0
568831,38
568832,31
568833,0
568834,48
568835,37
568836,0
568837,0
568838,34
568839,36
568840,27
568841,30
568842,0
568843,0
568844,0
568845,42
568846,0
568847,0
568848,0
568849,0
568850,0
568851,0
568852,0
568853,0
568854,41
568855,37
568856,39
568857,0
568858,0
568859,21
568860,0
568861,44
568862,0
568863,0
568864,0
568865,0
568866,0
568867,0
568868,0
568869,48
568870,0
568871,0
568872,0
568873,0
568874,0
568875,49
568876,32
568877,0
568878,0
568879,0
568880,0
568881,40
568882,0
568883,0
568884,0
568885,33
568886,0
568887,0
568888,0
568889,0
568890,28
568891,33
568892,32
568893,39
568894,38
568895,31
568896,0
568897,31
568898,0
568899,0
568900,24
568901,33
568902,46
568903,29
568904,0
568905,0
568906,41
568907,44
568908,0
568909,26
568910,0
568911,0
568912,34
568913,0
568914,0
568915,0
568916,34
568917,38
568918,0
568919,29
568920,0
568921,0
568922,0
568923,0
568924,0
568925,0
568926,34
568927,0
568928,0
568929,0
568930,0
568931,50
568932,0
568933,0
568934,0
568935,36
568936,0
568937,0
568938,0
568939,0
568940,0
568941,0
568942,0
568943,0
568944,35
568945,0
568946,32
568947,0
568948,39
568949,0
568950,0
568951,0
568952,0
568953,0
568954,36
568955,0
568956,0
568957,0
568958,0
568959,47
568960,0
568961,0
568962,0
568963,0
568964,0
568965,0
568966,18
568967,0
568968,0
568969,0
568970,0
568971,45
568972,0
568973,25
568974,0
568975,40
568976,58
568977,0
568978,0
568979,0
568980,0
568981,0
568982,29
568983,0
568984,0
568985,36
568986,0
568987,0
568988,38
568989,0
568990,43
568991,0
568992,0
568993,0
568994,0
568995,0
568996,0
568997,0
568998,0
568999,39
569000,0
569001,0
569002,42
569003,0
569004,0
569005,0
569006,0
569007,39
569008,0
569009,37
569010,0
569011,33
569012,0
569013,31
569014,44
569015,0
569016,0
569017,0
569018,0
569019,0
569020,0
569021,0
569022,0
569023,0
569024,39
569025,0
569026,0
569027,0
569028,0
569029,0
569030,0
569031,0
569032,0
569033,0
569034,0
569035,0
569036,0
569037,0
569038,0
569039,51
569040,0
569041,0
569042,39
569043,0
569044,26
569045,0
569046,32
569047,29
569048,24
569049,47
569050,43
569051,31
569052,28
569053,0
569054,0
569055,47
569056,0
569057,32
569058,0
569059,0
569060,0
569061,0
569062,0
569063,0
569064,0
569065,0
569066,28
569067,0
569068,41
569069,0
569070,0
569071,0
569072,0
569073,35
569074,30
569075,39
569076,0
569077,40
569078,0
569079,0
569080,0
569081,0
569082,45
569083,0
569084,0
569085,0
569086,48
569087,0
569088,0
569089,42
569090,57
569091,0
569092,35
569093,33
569094,45
569095,37
569096,37
569097,0
569098,0
569099,54
569100,0
569101,0
569102,0
569103,0
569104,56
569105,0
569106,0
569107,27
569108,0
569109,0
569110,0
569111,0
569112,0
569113,0
569114,31
569115,0
569116,0
569117,0
569118,0
569119,0
569120,0
569121,0
569122,27
569123,0
569124,0
569125,0
569126,0
569127,34
569128,42
569129,0
569130,0
569131,0
569132,0
569133,0
569134,0
569135,0
569136,0
569137,35
569138,0
569139,0
569140,56
569141,45
569142,0
569143,42
569144,44
569145,0
569146,0
569147,40
569148,0
569149,0
569150,0
569151,35
569152,0
569153,0
569154,23
569155,0
569156,0
569157,0
569158,0
569159,48
569160,0
569161,33
569162,41
569163,36
569164,0
569165,30
569166,0
569167,0
569168,0
569169,0
569170,33
569171,0
569172,0
569173,38
569174,0
569175,0
569176,0
569177,22
569178,0
569179,45
569180,0
569181,0
569182,0
569183,0
569184,27
569185,0
569186,0
569187,0
569188,35
569189,0
569190,26
569191,28
569192,0
569193,0
569194,0
569195,0
569196,29
569197,0
569198,0
569199,0
569200,25
569201,0
569202,0
569203,0
569204,0
569205,0
569206,0
569207,0
569208,0
569209,0
569210,0
569211,33
569212,0
569213,44
569214,51
569215,47
569216,41
569217,24
569218,0
569219,0
569220,0
569221,0
569222,0
569223,0
569224,0
569225,0
569226,0
569227,0
569228,0
569229,0
569230,33
569231,0
569232,0
569233,0
569234,38
569235,40
569236,39
569237,0
569238,0
569239,0
569240,0
569241,0
569242,0
569243,0
569244,0
569245,0
569246,0
569247,0
569248,0
569249,17
569250,0
569251,0
569252,0
569253,0
569254,0
569255,0
569256,0
569257,0
569258,0
569259,21
569260,0
569261,0
569262,0
569263,0
569264,0
569265,0
569266,0
569267,0
569268,0
569269,0
569270,0
569271,0
569272,0
569273,0
569274,0
569275,0
569276,0
569277,0
569278,0
569279,0
569280,0
569281,0
569282,0
569283,0
569284,0
569285,0
569286,0
569287,0
569288,0
569289,0
569290,0
569291,0
569292,0
569293,0
569294,0
569295,0
569296,0
569297,0
569298,0
569299,0
569300,0
569301,0
569302,0
569303,0
569304,0
569305,0
569306,0
569307,0
569308,0
569309,0
569310,0
569311,0
569312,0
569313,0
569314,0
569315,0
569316,0
569317,0
569318,0
569319,0
569320,0
569321,0
569322,0
569323,0
569324,0
569325,0
569326,0
569327,0
569328,32
569329,0
569330,0
569331,0
569332,0
569333,0
569334,0
569335,37
569336,0
569337,0
569338,0
569339,10
569340,0
569341,0
569342,0
569343,0
569344,0
569345,0
569346,0
569347,0
569348,0
569349,0
569350,0
569351,0
569352,18
569353,0
569354,18
569355,0
569356,0
569357,0
569358,0
569359,0
569360,0
569361,0
569362,0
569363,0
569364,0
569365,0
569366,0
569367,0
569368,0
569369,0
569370,0
569371,0
569372,0
569373,10
569374,0
569375,0
569376,0
569377,0
569378,0
569379,0
569380,0
569381,0
569382,0
569383,11
569384,0
569385,0
569386,0
569387,0
569388,0
569389,17
569390,0
569391,0
569392,0
569393,17
569394,0
569395,0
569396,16
569397,0
569398,0
569399,0
569400,12
569401,0
569402,0
569403,0
569404,0
569405,0
569406,16
569407,0
569408,0
569409,16
569410,0
569411,8
569412,11
569413,0
569414,0
569415,0
569416,25
569417,0
569418,0
569419,0
569420,0
569421,0
569422,30
569423,0
569424,0
569425,16
569426,0
569427,0
569428,0
569429,0
569430,0
569431,0
569432,14
569433,0
569434,0
569435,0
569436,10
569437,0
569438,19
569439,0
569440,0
569441,0
569442,17
569443,29
569444,0
569445,0
569446,0
569447,0
569448,0
569449,0
569450,0
569451,0
569452,17
569453,0
569454,0
569455,0
569456,10
569457,9
569458,0
569459,17
569460,0
569461,0
569462,0
569463,0
569464,0
569465,0
569466,0
569467,0
569468,0
569469,0
569470,0
569471,0
569472,0
569473,17
569474,0
569475,0
569476,0
569477,0
569478,10
569479,0
569480,17
569481,0
569482,0
569483,0
569484,17
569485,18
569486,0
569487,0
569488,0
569489,11
569490,0
569491,0
569492,0
569493,16
569494,0
569495,5
569496,0
569497,0
569498,0
569499,0
569500,0
569501,0
569502,0
569503,18
569504,0
569505,0
569506,0
569507,16
569508,0
569509,0
569510,14
569511,0
569512,0
569513,13
569514,0
569515,0
569516,13
569517,0
569518,0
569519,0
569520,0
569521,0
569522,12
569523,12
569524,0
569525,19
569526,0
569527,0
569528,0
569529,0
569530,0
569531,0
569532,0
569533,0
569534,22
569535,0
569536,15
569537,0
569538,0
569539,0
569540,0
569541,0
569542,0
569543,0
569544,0
569545,0
569546,0
569547,0
569548,27
569549,0
569550,0
569551,0
569552,10
569553,0
569554,0
569555,0
569556,0
569557,0
569558,0
569559,0
569560,0
569561,0
569562,0
569563,0
569564,0
569565,0
569566,0
569567,0
569568,0
569569,0
569570,0
569571,0
569572,11
569573,7
569574,0
569575,0
569576,0
569577,0
569578,14
569579,17
569580,21
569581,0
569582,0
569583,0
569584,0
569585,0
569586,0
569587,0
569588,0
569589,0
569590,13
569591,0
569592,0
569593,0
569594,0
569595,0
569596,15
569597,20
569598,0
569599,0
569600,0
569601,17
569602,13
569603,0
569604,0
569605,15
569606,0
569607,0
569608,0
569609,0
569610,6
569611,16
569612,0
569613,0
569614,0
569615,0
569616,0
569617,18
569618,0
569619,0
569620,0
569621,0
569622,0
569623,0
569624,0
569625,0
569626,0
569627,0
569628,0
569629,0
569630,0
569631,0
569632,0
569633,0
569634,0
569635,0
569636,17
569637,0
569638,0
569639,0
569640,0
569641,0
569642,0
569643,8
569644,0
569645,0
569646,0
569647,6
569648,0
569649,6
569650,0
569651,16
569652,13
569653,0
569654,0
569655,0
569656,0
569657,0
569658,0
569659,0
569660,0
569661,0
569662,0
569663,0
569664,0
569665,0
569666,9
569667,0
569668,0
569669,0
569670,0
569671,0
569672,0
569673,0
569674,11
569675,0
569676,0
569677,0
569678,0
569679,18
569680,15
569681,0
569682,0
569683,0
569684,0
569685,0
569686,0
569687,17
569688,0
569689,0
569690,0
569691,0
569692,0
569693,9
569694,0
569695,0
569696,0
569697,0
569698,0
569699,0
569700,0
569701,0
569702,0
569703,19
569704,0
569705,0
569706,6
569707,15
569708,0
569709,0
569710,0
569711,0
569712,0
569713,0
569714,0
569715,17
569716,0
569717,0
569718,0
569719,0
569720,0
569721,0
569722,8
569723,0
569724,0
569725,0
569726,0
569727,0
569728,0
569729,0
569730,14
569731,0
569732,0
569733,0
569734,0
569735,0
569736,0
569737,0
569738,0
569739,0
569740,0
569741,0
569742,0
569743,0
569744,0
569745,0
569746,10
569747,0
569748,0
569749,0
569750,0
569751,0
569752,0
569753,0
569754,0
569755,0
569756,0
569757,0
569758,0
569759,17
569760,0
569761,7
569762,9
569763,0
569764,0
569765,0
569766,0
569767,0
569768,9
569769,0
569770,0
569771,16
569772,0
569773,0
569774,0
569775,7
569776,0
569777,0
569778,0
569779,0
569780,0
569781,15
569782,0
569783,0
569784,0
569785,4
569786,17
569787,0
569788,22
569789,0
569790,0
569791,0
569792,0
569793,15
569794,11
569795,11
569796,0
569797,0
569798,0
569799,0
569800,0
569801,0
569802,0
569803,3
569804,0
569805,0
569806,0
569807,0
569808,0
569809,0
569810,0
569811,0
569812,12
569813,0
569814,0
569815,0
569816,10
569817,14
569818,0
569819,0
569820,11
569821,0
569822,17
569823,10
569824,0
569825,0
569826,0
569827,18
569828,18
569829,0
569830,0
569831,0
569832,0
569833,12
569834,0
569835,22
569836,0
569837,0
569838,0
569839,0
569840,12
569841,0
569842,0
569843,0
569844,23
569845,8
569846,0
569847,0
569848,0
569849,0
569850,0
569851,20
569852,0
569853,0
569854,0
569855,0
569856,0
569857,0
569858,0
569859,0
569860,17
569861,0
569862,0
569863,21
569864,0
569865,0
569866,17
569867,15
569868,0
569869,0
569870,0
569871,0
569872,0
569873,0
569874,0
569875,27
569876,0
569877,0
569878,0
569879,0
569880,0
569881,0
569882,0
569883,0
569884,0
569885,0
569886,0
569887,24
569888,17
569889,0
569890,0
569891,22
569892,0
569893,0
569894,8
569895,0
569896,17
569897,15
569898,0
569899,0
569900,0
569901,14
569902,0
569903,0
569904,0
569905,0
569906,0
569907,0
569908,0
569909,0
569910,0
569911,0
569912,0
569913,0
569914,0
569915,0
569916,0
569917,22
569918,0
569919,0
569920,0
569921,0
569922,0
569923,0
569924,0
569925,0
569926,0
569927,0
569928,0
569929,0
569930,13
569931,0
569932,5
569933,0
569934,11
569935,17
569936,0
569937,0
569938,25
569939,10
569940,9
569941,0
569942,0
569943,0
569944,0
569945,0
569946,0
569947,0
569948,0
569949,0
569950,14
569951,0
569952,0
569953,0
569954,0
569955,0
569956,0
569957,0
569958,0
569959,9
569960,17
569961,19
569962,0
569963,0
569964,13
569965,0
569966,18
569967,0
569968,0
569969,0
569970,0
569971,0
569972,0
569973,0
569974,0
569975,18
569976,0
569977,21
569978,0
569979,17
569980,0
569981,0
569982,0
569983,6
569984,0
569985,0
569986,0
569987,0
569988,22
569989,0
569990,12
569991,0
569992,0
569993,9
569994,0
569995,0
569996,6
569997,17
569998,13
569999,0
570000,10
570001,0
570002,0
570003,19
570004,0
570005,0
570006,0
570007,11
570008,0
570009,0
570010,0
570011,24
570012,0
570013,0
570014,0
570015,0
570016,16
570017,0
570018,0
570019,0
570020,0
570021,0
570022,0
570023,12
570024,0
570025,8
570026,10
570027,21
570028,0
570029,0
570030,0
570031,0
570032,0
570033,0
570034,0
570035,0
570036,18
570037,18
570038,12
570039,0
570040,9
570041,0
570042,0
570043,0
570044,0
570045,0
570046,23
570047,12
570048,16
570049,0
570050,0
570051,0
570052,0
570053,0
570054,0
570055,0
570056,0
570057,0
570058,0
570059,19
570060,0
570061,0
570062,0
570063,0
570064,0
570065,0
570066,23
570067,0
570068,0
570069,0
570070,0
570071,0
570072,0
570073,23
570074,0
570075,20
570076,12
570077,0
570078,0
570079,0
570080,0
570081,0
570082,0
570083,0
570084,0
570085,0
570086,14
570087,16
570088,0
570089,0
570090,0
570091,0
570092,0
570093,0
570094,0
570095,0
570096,12
570097,0
570098,0
570099,0
570100,0
570101,25
570102,12
570103,15
570104,0
570105,0
570106,0
570107,0
570108,0
570109,0
570110,0
570111,0
570112,0
570113,0
570114,12
570115,17
570116,0
570117,0
570118,0
570119,0
570120,15
570121,0
570122,0
570123,0
570124,16
570125,0
570126,0
570127,0
570128,0
570129,11
570130,0
570131,0
570132,0
570133,0
570134,0
570135,0
570136,0
570137,0
570138,0
570139,0
570140,19
570141,0
570142,0
570143,0
570144,0
570145,26
570146,0
570147,16
570148,16
570149,0
570150,0
570151,13
570152,0
570153,0
570154,0
570155,0
570156,0
570157,0
570158,0
570159,0
570160,0
570161,0
570162,0
570163,0
570164,0
570165,0
570166,0
570167,0
570168,10
570169,0
570170,0
570171,22
570172,0
570173,0
570174,0
570175,0
570176,0
570177,0
570178,22
570179,0
570180,0
570181,0
570182,0
570183,0
570184,0
570185,0
570186,0
570187,0
570188,0
570189,7
570190,0
570191,0
570192,0
570193,0
570194,0
570195,0
570196,0
570197,0
570198,0
570199,15
570200,0
570201,0
570202,21
570203,0
570204,0
570205,0
570206,15
570207,0
570208,0
570209,0
570210,0
570211,0
570212,0
570213,0
570214,0
570215,0
570216,0
570217,0
570218,0
570219,0
570220,0
570221,0
570222,13
570223,0
570224,0
570225,0
570226,0
570227,20
570228,0
570229,0
570230,0
570231,10
570232,0
570233,0
570234,0
570235,0
570236,0
570237,0
570238,0
570239,0
570240,0
570241,17
570242,0
570243,8
570244,0
570245,6
570246,0
570247,0
570248,15
570249,0
570250,0
570251,0
570252,0
570253,0
570254,0
570255,0
570256,0
570257,0
570258,0
570259,29
570260,0
570261,0
570262,0
570263,0
570264,0
570265,15
570266,0
570267,0
570268,0
570269,0
570270,0
570271,0
570272,0
570273,21
570274,0
570275,0
570276,0
570277,0
570278,0
570279,0
570280,0
570281,22
570282,0
570283,23
570284,0
570285,0
570286,0
570287,0
570288,0
570289,0
570290,0
570291,0
570292,0
570293,0
570294,0
570295,0
570296,0
570297,0
570298,0
570299,0
570300,0
570301,0
570302,0
570303,0
570304,0
570305,0
570306,0
570307,29
570308,0
570309,0
570310,0
570311,0
570312,0
570313,22
570314,0
570315,0
570316,0
570317,0
570318,0
570319,0
570320,0
570321,0
570322,0
570323,0
570324,0
570325,0
570326,29
570327,0
570328,0
570329,0
570330,0
570331,0
570332,0
570333,0
570334,0
570335,0
570336,0
570337,0
570338,0
570339,0
570340,0
570341,0
570342,0
570343,0
570344,0
570345,0
570346,21
570347,0
570348,0
570349,0
570350,0
570351,0
570352,0
570353,0
570354,26
570355,0
570356,0
570357,0
570358,0
570359,0
570360,0
570361,0
570362,0
570363,0
570364,0
570365,0
570366,0
570367,0
570368,0
570369,0
570370,0
570371,0
570372,0
570373,0
570374,0
570375,0
570376,0
570377,0
570378,0
570379,24
570380,0
570381,0
570382,0
570383,0
570384,24
570385,0
570386,0
570387,0
570388,0
570389,0
570390,0
570391,0
570392,0
570393,0
570394,0
570395,0
570396,0
570397,0
570398,0
570399,0
570400,0
570401,0
570402,0
570403,0
570404,0
570405,0
570406,0
570407,0
570408,0
570409,0
570410,0
570411,0
570412,0
570413,0
570414,0
570415,33
570416,0
570417,0
570418,0
570419,0
570420,0
570421,0
570422,0
570423,0
570424,0
570425,0
570426,0
570427,0
570428,0
570429,0
570430,0
570431,0
570432,0
570433,0
570434,0
570435,0
570436,0
570437,0
570438,0
570439,0
570440,0
570441,0
570442,0
570443,0
570444,0
570445,0
570446,0
570447,0
570448,0
570449,0
570450,0
570451,0
570452,0
570453,0
570454,22
570455,0
570456,0
570457,0
570458,0
570459,0
570460,0
570461,0
570462,0
570463,37
570464,0
570465,0
570466,0
570467,0
570468,0
570469,0
570470,0
570471,0
570472,0
570473,0
570474,0
570475,0
570476,0
570477,0
570478,0
570479,0
570480,0
570481,0
570482,0
570483,0
570484,0
570485,0
570486,0
570487,20
570488,0
570489,0
570490,0
570491,27
570492,0
570493,0
570494,24
570495,0
570496,0
570497,0
570498,0
570499,0
570500,0
570501,0
570502,0
570503,34
570504,0
570505,0
570506,0
570507,0
570508,0
570509,24
570510,0
570511,0
570512,0
570513,0
570514,0
570515,0
570516,0
570517,0
570518,0
570519,0
570520,26
570521,0
570522,0
570523,0
570524,29
570525,0
570526,0
570527,0
570528,0
570529,20
570530,0
570531,0
570532,0
570533,0
570534,0
570535,0
570536,0
570537,0
570538,0
570539,0
570540,24
570541,0
570542,0
570543,0
570544,0
570545,0
570546,0
570547,0
570548,0
570549,0
570550,21
570551,0
570552,0
570553,24
570554,0
570555,0
570556,24
570557,21
570558,0
570559,0
570560,0
570561,0
570562,0
570563,0
570564,0
570565,0
570566,0
570567,0
570568,0
570569,0
570570,0
570571,0
570572,0
570573,0
570574,0
570575,0
570576,0
570577,0
570578,0
570579,30
570580,27
570581,0
570582,0
570583,0
570584,0
570585,0
570586,0
570587,0
570588,0
570589,0
570590,0
570591,0
570592,0
570593,0
570594,0
570595,0
570596,13
570597,0
570598,0
570599,0
570600,0
570601,0
570602,0
570603,0
570604,0
570605,0
570606,0
570607,0
570608,0
570609,0
570610,0
570611,0
570612,0
570613,0
570614,0
570615,0
570616,0
570617,0
570618,0
570619,0
570620,0
570621,0
570622,0
570623,0
570624,0
570625,0
570626,0
570627,0
570628,0
570629,0
570630,0
570631,0
570632,0
570633,0
570634,0
570635,0
570636,0
570637,0
570638,0
570639,0
570640,0
570641,0
570642,0
570643,0
570644,0
570645,0
570646,0
570647,0
570648,0
570649,0
570650,0
570651,0
570652,0
570653,0
570654,0
570655,0
570656,0
570657,0
570658,0
570659,0
570660,0
570661,0
570662,0
570663,0
570664,0
570665,0
570666,0
570667,0
570668,0
570669,0
570670,0
570671,0
570672,0
570673,0
570674,0
570675,0
570676,0
570677,0
570678,0
570679,0
570680,0
570681,0
570682,0
570683,0
570684,0
570685,0
570686,0
570687,0
570688,0
570689,0
570690,0
570691,0
570692,0
570693,0
570694,0
570695,0
570696,0
570697,0
570698,0
570699,0
570700,0
570701,0
570702,0
570703,0
570704,0
570705,0
570706,0
570707,0
570708,0
570709,0
570710,0
570711,8
570712,0
570713,0
570714,0
570715,0
570716,1
570717,0
570718,0
570719,0
570720,0
570721,0
570722,0
570723,0
570724,0
570725,0
570726,0
570727,0
570728,0
570729,0
570730,0
570731,0
570732,0
570733,0
570734,0
570735,0
570736,0
570737,0
570738,0
570739,0
570740,0
570741,0
570742,4
570743,0
570744,0
570745,0
570746,0
570747,0
570748,0
570749,7
570750,0
570751,0
570752,0
570753,0
570754,0
570755,0
570756,0
570757,0
570758,0
570759,0
570760,0
570761,9
570762,0
570763,0
570764,0
570765,0
570766,0
570767,0
570768,0
570769,0
570770,0
570771,0
570772,7
570773,8
570774,0
570775,0
570776,0
570777,0
570778,0
570779,0
570780,0
570781,0
570782,0
570783,0
570784,0
570785,0
570786,0
570787,0
570788,0
570789,0
570790,0
570791,0
570792,0
570793,0
570794,0
570795,0
570796,0
570797,0
570798,0
570799,0
570800,1
570801,0
570802,0
570803,0
570804,0
570805,0
570806,0
570807,0
570808,0
570809,0
570810,0
570811,0
570812,0
570813,0
570814,0
570815,0
570816,0
570817,0
570818,0
570819,0
570820,0
570821,0
570822,0
570823,0
570824,0
570825,0
570826,0
570827,0
570828,0
570829,0
570830,0
570831,0
570832,0
570833,0
570834,0
570835,0
570836,0
570837,0
570838,0
570839,0
570840,0
570841,0
570842,0
570843,0
570844,0
570845,0
570846,0
570847,0
570848,0
570849,0
570850,0
570851,0
570852,0
570853,0
570854,0
570855,0
570856,0
570857,0
570858,0
570859,0
570860,1
570861,0
570862,0
570863,0
570864,0
570865,0
570866,0
570867,0
570868,0
570869,0
570870,0
570871,0
570872,0
570873,0
570874,0
570875,0
570876,0
570877,0
570878,0
570879,0
570880,0
570881,0
570882,0
570883,0
570884,0
570885,0
570886,0
570887,0
570888,0
570889,0
570890,0
570891,0
570892,0
570893,0
570894,0
570895,0
570896,0
570897,0
570898,0
570899,0
570900,0
570901,0
570902,0
570903,0
570904,0
570905,0
570906,0
570907,0
570908,0
570909,0
570910,0
570911,0
570912,0
570913,0
570914,0
570915,0
570916,0
570917,0
570918,0
570919,0
570920,0
570921,0
570922,0
570923,0
570924,0
570925,0
570926,0
570927,0
570928,0
570929,0
570930,0
570931,0
570932,0
570933,0
570934,0
570935,0
570936,0
570937,0
570938,0
570939,0
570940,0
570941,0
570942,0
570943,0
570944,0
570945,0
570946,0
570947,0
570948,0
570949,0
570950,0
570951,0
570952,0
570953,0
570954,0
570955,0
570956,0
570957,0
570958,0
570959,0
570960,0
570961,0
570962,0
570963,0
570964,0
570965,0
570966,0
570967,0
570968,0
570969,0
570970,0
570971,0
570972,0
570973,0
570974,0
570975,0
570976,0
570977,0
570978,0
570979,0
570980,0
570981,0
570982,0
570983,0
570984,0
570985,0
570986,0
570987,0
570988,0
570989,0
570990,0
570991,0
570992,0
570993,0
570994,0
570995,0
570996,0
570997,0
570998,0
570999,0
571000,0
571001,0
571002,0
571003,0
571004,0
571005,0
571006,0
571007,0
571008,0
571009,0
571010,0
571011,0
571012,0
571013,0
571014,0
571015,0
571016,0
571017,0
571018,0
571019,0
571020,0
571021,0
571022,0
571023,0
571024,0
571025,0
571026,0
571027,0
571028,0
571029,0
571030,0
571031,0
571032,0
571033,0
571034,0
571035,0
571036,0
571037,0
571038,0
571039,0
571040,0
571041,0
571042,0
571043,0
571044,0
571045,0
571046,0
571047,0
571048,0
571049,1
571050,0
571051,0
571052,0
571053,0
571054,0
571055,0
571056,0
571057,0
571058,0
571059,0
571060,0
571061,0
571062,0
571063,0
571064,0
571065,0
571066,0
571067,0
571068,0
571069,0
571070,0
571071,0
571072,0
571073,0
571074,0
571075,0
571076,0
571077,0
571078,0
571079,0
571080,0
571081,0
571082,0
571083,0
571084,0
571085,0
571086,0
571087,0
571088,0
571089,0
571090,0
571091,0
571092,0
571093,0
571094,0
571095,0
571096,0
571097,0
571098,1
571099,0
571100,0
571101,0
571102,0
571103,0
571104,0
571105,0
571106,0
571107,0
571108,0
571109,0
571110,0
571111,0
571112,0
571113,0
571114,0
571115,0
571116,0
571117,0
571118,0
571119,0
571120,0
571121,0
571122,0
571123,0
571124,0
571125,0
571126,0
571127,0
571128,0
571129,0
571130,0
571131,0
571132,0
571133,0
571134,0
571135,0
571136,0
571137,0
571138,0
571139,0
571140,0
571141,0
571142,0
571143,0
571144,0
571145,0
571146,0
571147,0
571148,0
571149,0
571150,0
571151,0
571152,0
571153,0
571154,0
571155,0
571156,0
571157,0
571158,0
571159,0
571160,0
571161,0
571162,0
571163,0
571164,0
571165,0
571166,0
571167,0
571168,0
571169,0
571170,0
571171,0
571172,0
571173,0
571174,0
571175,0
571176,0
571177,0
571178,0
571179,0
571180,0
571181,0
571182,0
571183,0
571184,0
571185,0
571186,0
571187,0
571188,0
571189,0
571190,0
571191,0
571192,0
571193,0
571194,0
571195,0
571196,0
571197,0
571198,0
571199,1
571200,0
571201,0
571202,1
571203,0
571204,0
571205,0
571206,0
571207,0
571208,0
571209,0
571210,0
571211,1
571212,0
571213,0
571214,0
571215,0
571216,0
571217,0
571218,0
571219,0
571220,0
571221,0
571222,0
571223,0
571224,0
571225,0
571226,0
571227,0
571228,0
571229,0
571230,0
571231,0
571232,0
571233,0
571234,0
571235,0
571236,0
571237,0
571238,0
571239,0
571240,0
571241,0
571242,0
571243,0
571244,0
571245,0
571246,0
571247,0
571248,0
571249,0
571250,0
571251,0
571252,0
571253,0
571254,0
571255,0
571256,0
571257,0
571258,0
571259,0
571260,0
571261,0
571262,1
571263,0
571264,0
571265,0
571266,0
571267,0
571268,0
571269,0
571270,0
571271,0
571272,0
571273,0
571274,0
571275,0
571276,0
571277,0
571278,0
571279,0
571280,0
571281,0
571282,0
571283,0
571284,0
571285,0
571286,0
571287,0
571288,0
571289,0
571290,0
571291,0
571292,0
571293,0
571294,0
571295,0
571296,0
571297,0
571298,0
571299,0
571300,0
571301,0
571302,0
571303,0
571304,0
571305,0
571306,0
571307,0
571308,0
571309,0
571310,0
571311,0
571312,0
571313,0
571314,0
571315,0
571316,0
571317,0
571318,0
571319,0
571320,0
571321,0
571322,0
571323,0
571324,0
571325,0
571326,0
571327,0
571328,0
571329,0
571330,0
571331,0
571332,0
571333,0
571334,0
571335,0
571336,0
571337,0
571338,0
571339,0
571340,0
571341,0
571342,0
571343,0
571344,0
571345,0
571346,0
571347,0
571348,0
571349,0
571350,0
571351,0
571352,0
571353,0
571354,0
571355,0
571356,0
571357,0
571358,0
571359,0
571360,0
571361,0
571362,0
571363,0
571364,0
571365,0
571366,0
571367,0
571368,0
571369,0
571370,0
571371,0
571372,0
571373,0
571374,0
571375,0
571376,0
571377,0
571378,0
571379,0
571380,0
571381,0
571382,0
571383,0
571384,0
571385,0
571386,0
571387,0
571388,0
571389,0
571390,0
571391,0
571392,0
571393,0
571394,0
571395,0
571396,0
571397,0
571398,0
571399,0
571400,0
571401,0
571402,0
571403,0
571404,0
571405,0
571406,0
571407,0
571408,0
571409,0
571410,0
571411,0
571412,0
571413,0
571414,0
571415,0
571416,0
571417,0
571418,0
571419,0
571420,0
571421,0
571422,1
571423,0
571424,0
571425,0
571426,0
571427,0
571428,0
571429,0
571430,0
571431,0
571432,0
571433,0
571434,0
571435,0
571436,0
571437,0
571438,1
571439,0
571440,0
571441,0
571442,0
571443,0
571444,0
571445,0
571446,0
571447,0
571448,0
571449,0
571450,0
571451,0
571452,0
571453,0
571454,0
571455,0
571456,0
571457,0
571458,0
571459,0
571460,0
571461,0
571462,0
571463,0
571464,0
571465,0
571466,0
571467,0
571468,0
571469,0
571470,0
571471,0
571472,0
571473,0
571474,0
571475,0
571476,0
571477,0
571478,0
571479,0
571480,0
571481,0
571482,0
571483,0
571484,0
571485,0
571486,0
571487,0
571488,0
571489,0
571490,0
571491,0
571492,0
571493,0
571494,0
571495,0
571496,0
571497,0
571498,0
571499,0
571500,0
571501,0
571502,32
571503,0
571504,0
571505,0
571506,0
571507,0
571508,0
571509,27
571510,0
571511,0
571512,0
571513,0
571514,0
571515,44
571516,0
571517,0
571518,44
571519,0
571520,0
571521,0
571522,0
571523,0
571524,23
571525,40
571526,33
571527,31
571528,0
571529,0
571530,30
571531,0
571532,0
571533,0
571534,30
571535,0
571536,30
571537,0
571538,32
571539,0
571540,0
571541,0
571542,0
571543,0
571544,0
571545,50
571546,0
571547,28
571548,0
571549,0
571550,45
571551,0
571552,0
571553,0
571554,0
571555,0
571556,0
571557,0
571558,0
571559,0
571560,47
571561,0
571562,0
571563,0
571564,0
571565,0
571566,0
571567,0
571568,0
571569,0
571570,0
571571,0
571572,0
571573,0
571574,29
571575,32
571576,0
571577,0
571578,0
571579,36
571580,0
571581,0
571582,0
571583,0
571584,41
571585,0
571586,0
571587,0
571588,0
571589,0
571590,26
571591,40
571592,0
571593,0
571594,0
571595,0
571596,0
571597,0
571598,0
571599,16
571600,0
571601,57
571602,33
571603,44
571604,0
571605,0
571606,0
571607,0
571608,0
571609,0
571610,0
571611,36
571612,34
571613,0
571614,0
571615,0
571616,0
571617,0
571618,0
571619,0
571620,0
571621,52
571622,26
571623,0
571624,0
571625,0
571626,0
571627,31
571628,36
571629,0
571630,0
571631,0
571632,36
571633,0
571634,0
571635,32
571636,0
571637,0
571638,39
571639,0
571640,50
571641,0
571642,35
571643,0
571644,0
571645,0
571646,35
571647,0
571648,40
571649,0
571650,0
571651,0
571652,0
571653,45
571654,0
571655,0
571656,0
571657,46
571658,31
571659,40
571660,0
571661,0
571662,0
571663,0
571664,0
571665,0
571666,0
571667,0
571668,0
571669,0
571670,0
571671,0
571672,0
571673,0
571674,0
571675,0
571676,0
571677,0
571678,0
571679,0
571680,0
571681,0
571682,0
571683,0
571684,34
571685,0
571686,0
571687,0
571688,0
571689,0
571690,0
571691,30
571692,0
571693,0
571694,33
571695,0
571696,0
571697,0
571698,0
571699,0
571700,0
571701,41
571702,0
571703,0
571704,32
571705,0
571706,0
571707,0
571708,32
571709,0
571710,0
571711,0
571712,0
571713,0
571714,0
571715,33
571716,0
571717,0
571718,0
571719,0
571720,0
571721,0
571722,0
571723,0
571724,0
571725,0
571726,0
571727,0
571728,0
571729,0
571730,0
571731,36
571732,0
571733,0
571734,0
571735,0
571736,35
571737,35
571738,0
571739,0
571740,0
571741,0
571742,0
571743,0
571744,0
571745,42
571746,0
571747,36
571748,0
571749,0
571750,0
571751,0
571752,0
571753,0
571754,0
571755,41
571756,0
571757,0
571758,0
571759,0
571760,0
571761,0
571762,0
571763,0
571764,0
571765,0
571766,54
571767,0
571768,37
571769,0
571770,0
571771,0
571772,25
571773,31
571774,0
571775,0
571776,0
571777,0
571778,0
571779,0
571780,0
571781,0
571782,0
571783,0
571784,0
571785,33
571786,0
571787,30
571788,0
571789,0
571790,0
571791,0
571792,0
571793,0
571794,31
571795,0
571796,0
571797,0
571798,0
571799,0
571800,0
571801,0
571802,0
571803,32
571804,45
571805,45
571806,0
571807,0
571808,0
571809,0
571810,30
571811,0
571812,40
571813,0
571814,0
571815,0
571816,41
571817,0
571818,0
571819,0
571820,0
571821,0
571822,0
571823,0
571824,0
571825,0
571826,0
571827,0
571828,21
571829,0
571830,0
571831,0
571832,0
571833,0
571834,0
571835,0
571836,0
571837,35
571838,0
571839,0
571840,0
571841,0
571842,0
571843,37
571844,0
571845,0
571846,0
571847,34
571848,0
571849,20
571850,0
571851,0
571852,0
571853,0
571854,0
571855,0
571856,0
571857,0
571858,29
571859,0
571860,0
571861,0
571862,0
571863,0
571864,0
571865,0
571866,0
571867,0
571868,0
571869,0
571870,38
571871,0
571872,0
571873,0
571874,0
571875,0
571876,28
571877,0
571878,0
571879,48
571880,0
571881,0
571882,0
571883,0
571884,0
571885,54
571886,35
571887,0
571888,0
571889,0
571890,45
571891,0
571892,0
571893,0
571894,0
571895,0
571896,0
571897,0
571898,48
571899,0
571900,0
571901,38
571902,0
571903,36
571904,0
571905,0
571906,0
571907,25
571908,0
571909,0
571910,0
571911,37
571912,0
571913,35
571914,0
571915,0
571916,0
571917,0
571918,0
571919,41
571920,0
571921,0
571922,0
571923,40
571924,0
571925,0
571926,0
571927,48
571928,0
571929,37
571930,40
571931,40
571932,0
571933,0
571934,0
571935,45
571936,0
571937,0
571938,0
571939,0
571940,37
571941,0
571942,0
571943,46
571944,0
571945,0
571946,0
571947,0
571948,0
571949,45
571950,0
571951,29
571952,0
571953,0
571954,0
571955,39
571956,23
571957,0
571958,44
571959,48
571960,0
571961,0
571962,46
571963,0
571964,0
571965,0
571966,0
571967,38
571968,34
571969,0
571970,0
571971,0
571972,0
571973,0
571974,0
571975,0
571976,0
571977,55
571978,47
571979,0
571980,0
571981,0
571982,0
571983,0
571984,0
571985,0
571986,28
571987,0
571988,0
571989,0
571990,0
571991,0
571992,0
571993,29
571994,0
571995,0
571996,42
571997,34
571998,0
571999,0
572000,0
572001,0
572002,0
572003,0
572004,44
572005,0
572006,0
572007,0
572008,0
572009,0
572010,0
572011,0
572012,0
572013,32
572014,0
572015,0
572016,0
572017,0
572018,0
572019,0
572020,0
572021,0
572022,36
572023,0
572024,31
572025,0
572026,0
572027,0
572028,0
572029,0
572030,0
572031,0
572032,0
572033,0
572034,0
572035,0
572036,18
572037,50
572038,0
572039,0
572040,32
572041,38
572042,38
572043,0
572044,0
572045,0
572046,0
572047,29
572048,0
572049,0
572050,46
572051,43
572052,0
572053,0
572054,0
572055,34
572056,0
572057,50
572058,0
572059,36
572060,0
572061,0
572062,0
572063,33
572064,0
572065,0
572066,0
572067,0
572068,0
572069,0
572070,0
572071,30
572072,0
572073,43
572074,0
572075,0
572076,0
572077,0
572078,40
572079,0
572080,0
572081,0
572082,0
572083,0
572084,0
572085,0
572086,0
572087,0
572088,0
572089,29
572090,29
572091,0
572092,0
572093,25
572094,0
572095,49
572096,0
572097,0
572098,0
572099,0
572100,30
572101,52
572102,43
572103,0
572104,30
572105,36
572106,0
572107,0
572108,0
572109,0
572110,0
572111,0
572112,0
572113,0
572114,0
572115,0
572116,0
572117,0
572118,50
572119,0
572120,39
572121,0
572122,0
572123,0
572124,38
572125,0
572126,0
572127,0
572128,32
572129,0
572130,0
572131,0
572132,0
572133,0
572134,36
572135,0
572136,0
572137,39
572138,0
572139,0
572140,0
572141,0
572142,23
572143,0
572144,38
572145,0
572146,0
572147,29
572148,0
572149,0
572150,0
572151,0
572152,0
572153,0
572154,30
572155,0
572156,0
572157,0
572158,0
572159,0
572160,0
572161,0
572162,0
572163,0
572164,29
572165,34
572166,0
572167,0
572168,0
572169,0
572170,0
572171,46
572172,0
572173,0
572174,0
572175,0
572176,0
572177,0
572178,0
572179,45
572180,0
572181,0
572182,0
572183,0
572184,0
572185,31
572186,0
572187,0
572188,0
572189,0
572190,0
572191,0
572192,46
572193,0
572194,44
572195,0
572196,0
572197,0
572198,0
572199,0
572200,44
572201,0
572202,0
572203,0
572204,0
572205,0
572206,0
572207,0
572208,0
572209,0
572210,0
572211,0
572212,0
572213,0
572214,33
572215,28
572216,0
572217,0
572218,0
572219,0
572220,28
572221,0
572222,0
572223,0
572224,35
572225,0
572226,0
572227,36
572228,0
572229,0
572230,39
572231,0
572232,0
572233,0
572234,0
572235,0
572236,31
572237,0
572238,0
572239,0
572240,0
572241,0
572242,0
572243,0
572244,0
572245,0
572246,0
572247,0
572248,0
572249,0
572250,0
572251,0
572252,0
572253,0
572254,0
572255,0
572256,0
572257,0
572258,36
572259,0
572260,38
572261,0
572262,44
572263,0
572264,28
572265,0
572266,0
572267,0
572268,53
572269,0
572270,0
572271,0
572272,26
572273,0
572274,0
572275,0
572276,0
572277,0
572278,0
572279,0
572280,36
572281,0
572282,0
572283,0
572284,0
572285,0
572286,0
572287,0
572288,0
572289,0
572290,39
572291,0
572292,0
572293,0
572294,0
572295,0
572296,0
572297,0
572298,0
572299,0
572300,0
572301,0
572302,0
572303,45
572304,0
572305,0
572306,0
572307,28
572308,0
572309,0
572310,0
572311,0
572312,0
572313,0
572314,0
572315,0
572316,0
572317,0
572318,0
572319,0
572320,33
572321,0
572322,27
572323,0
572324,0
572325,0
572326,0
572327,0
572328,0
572329,0
572330,40
572331,0
572332,0
572333,0
572334,36
572335,0
572336,0
572337,35
572338,0
572339,0
572340,0
572341,46
572342,20
572343,0
572344,0
572345,0
572346,25
572347,38
572348,46
572349,0
572350,0
572351,0
572352,0
572353,0
572354,0
572355,19
572356,0
572357,0
572358,0
572359,0
572360,0
572361,27
572362,0
572363,26
572364,0
572365,0
572366,0
572367,0
572368,0
572369,28
572370,0
572371,47
572372,0
572373,37
572374,0
572375,31
572376,43
572377,0
572378,0
572379,0
572380,0
572381,30
572382,0
572383,0
572384,0
572385,0
572386,0
572387,0
572388,0
572389,0
572390,0
572391,0
572392,26
572393,0
572394,0
572395,0
572396,0
572397,0
572398,0
572399,0
572400,0
572401,51
572402,0
572403,0
572404,0
572405,0
572406,0
572407,0
572408,35
572409,0
572410,0
572411,0
572412,0
572413,0
572414,0
572415,0
572416,0
572417,0
572418,15
572419,0
572420,0
572421,0
572422,0
572423,0
572424,21
572425,0
572426,0
572427,17
572428,0
572429,33
572430,0
572431,26
572432,0
572433,0
572434,0
572435,0
572436,0
572437,0
572438,0
572439,0
572440,27
572441,24
572442,0
572443,0
572444,0
572445,21
572446,0
572447,0
572448,0
572449,0
572450,0
572451,18
572452,0
572453,0
572454,0
572455,0
572456,0
572457,0
572458,0
572459,0
572460,0
572461,0
572462,0
572463,12
572464,18
572465,0
572466,30
572467,0
572468,0
572469,0
572470,26
572471,0
572472,0
572473,0
572474,0
572475,0
572476,21
572477,0
572478,0
572479,23
572480,0
572481,0
572482,0
572483,0
572484,0
572485,0
572486,0
572487,0
572488,0
572489,0
572490,0
572491,0
572492,0
572493,0
572494,0
572495,0
572496,0
572497,0
572498,0
572499,0
572500,0
572501,0
572502,0
572503,0
572504,0
572505,0
572506,21
572507,26
572508,0
572509,0
572510,0
572511,0
572512,0
572513,24
572514,0
572515,0
572516,0
572517,0
572518,0
572519,0
572520,24
572521,0
572522,12
572523,0
572524,0
572525,0
572526,0
572527,0
572528,0
572529,0
572530,0
572531,0
572532,0
572533,0
572534,17
572535,0
572536,0
572537,0
572538,0
572539,0
572540,0
572541,25
572542,0
572543,0
572544,18
572545,0
572546,0
572547,0
572548,0
572549,25
572550,0
572551,0
572552,19
572553,0
572554,0
572555,0
572556,0
572557,0
572558,0
572559,0
572560,0
572561,0
572562,0
572563,0
572564,0
572565,27
572566,0
572567,0
572568,21
572569,0
572570,0
572571,0
572572,0
572573,0
572574,0
572575,0
572576,0
572577,0
572578,23
572579,0
572580,0
572581,0
572582,0
572583,0
572584,22
572585,0
572586,0
572587,0
572588,0
572589,0
572590,0
572591,0
572592,0
572593,0
572594,0
572595,29
572596,0
572597,0
572598,0
572599,27
572600,0
572601,0
572602,0
572603,0
572604,0
572605,0
572606,0
572607,0
572608,0
572609,0
572610,0
572611,31
572612,0
572613,0
572614,24
572615,0
572616,0
572617,0
572618,0
572619,31
572620,0
572621,0
572622,0
572623,0
572624,0
572625,0
572626,26
572627,0
572628,0
572629,0
572630,0
572631,0
572632,0
572633,0
572634,0
572635,0
572636,0
572637,0
572638,0
572639,0
572640,0
572641,0
572642,0
572643,0
572644,28
572645,0
572646,0
572647,0
572648,0
572649,14
572650,0
572651,0
572652,0
572653,0
572654,19
572655,0
572656,25
572657,0
572658,0
572659,0
572660,0
572661,0
572662,0
572663,0
572664,0
572665,0
572666,0
572667,0
572668,0
572669,0
572670,0
572671,16
572672,0
572673,0
572674,0
572675,0
572676,0
572677,0
572678,0
572679,0
572680,0
572681,0
572682,0
572683,0
572684,0
572685,0
572686,0
572687,0
572688,28
572689,0
572690,0
572691,21
572692,0
572693,0
572694,0
572695,0
572696,0
572697,0
572698,31
572699,0
572700,0
572701,0
572702,0
572703,0
572704,0
572705,0
572706,0
572707,0
572708,0
572709,0
572710,0
572711,0
572712,25
572713,0
572714,0
572715,0
572716,31
572717,0
572718,0
572719,19
572720,0
572721,0
572722,0
572723,0
572724,0
572725,0
572726,0
572727,0
572728,0
572729,0
572730,0
572731,0
572732,0
572733,0
572734,0
572735,0
572736,31
572737,0
572738,0
572739,0
572740,0
572741,0
572742,25
572743,0
572744,0
572745,0
572746,0
572747,0
572748,0
572749,0
572750,0
572751,0
572752,0
572753,0
572754,19
572755,31
572756,0
572757,0
572758,0
572759,27
572760,0
572761,0
572762,0
572763,0
572764,0
572765,0
572766,0
572767,0
572768,0
572769,0
572770,0
572771,0
572772,0
572773,0
572774,0
572775,0
572776,0
572777,0
572778,0
572779,0
572780,0
572781,0
572782,0
572783,0
572784,0
572785,0
572786,0
572787,0
572788,0
572789,0
572790,20
572791,0
572792,0
572793,0
572794,0
572795,0
572796,0
572797,0
572798,0
572799,0
572800,0
572801,0
572802,0
572803,0
572804,35
572805,0
572806,0
572807,0
572808,30
572809,0
572810,0
572811,28
572812,0
572813,0
572814,0
572815,0
572816,22
572817,0
572818,0
572819,0
572820,30
572821,0
572822,0
572823,30
572824,0
572825,0
572826,0
572827,0
572828,0
572829,0
572830,0
572831,0
572832,0
572833,0
572834,0
572835,0
572836,0
572837,0
572838,0
572839,0
572840,0
572841,0
572842,0
572843,0
572844,0
572845,25
572846,0
572847,0
572848,0
572849,0
572850,0
572851,0
572852,0
572853,0
572854,0
572855,0
572856,0
572857,0
572858,0
572859,26
572860,0
572861,0
572862,0
572863,0
572864,0
572865,0
572866,0
572867,0
572868,14
572869,0
572870,0
572871,0
572872,0
572873,0
572874,0
572875,0
572876,0
572877,0
572878,0
572879,0
572880,0
572881,0
572882,30
572883,0
572884,0
572885,0
572886,0
572887,0
572888,0
572889,0
572890,29
572891,0
572892,0
572893,0
572894,25
572895,13
572896,0
572897,0
572898,0
572899,0
572900,0
572901,0
572902,0
572903,0
572904,0
572905,0
572906,0
572907,0
572908,0
572909,28
572910,0
572911,0
572912,19
572913,0
572914,0
572915,0
572916,0
572917,0
572918,0
572919,0
572920,0
572921,0
572922,0
572923,0
572924,0
572925,0
572926,21
572927,0
572928,0
572929,0
572930,0
572931,0
572932,37
572933,0
572934,0
572935,0
572936,0
572937,0
572938,0
572939,0
572940,0
572941,0
572942,31
572943,0
572944,0
572945,0
572946,0
572947,0
572948,0
572949,0
572950,0
572951,0
572952,0
572953,0
572954,22
572955,0
572956,0
572957,0
572958,0
572959,0
572960,22
572961,0
572962,0
572963,0
572964,19
572965,0
572966,29
572967,0
572968,0
572969,0
572970,0
572971,0
572972,0
572973,17
572974,0
572975,0
572976,0
572977,0
572978,0
572979,28
572980,0
572981,0
572982,0
572983,0
572984,23
572985,0
572986,0
572987,0
572988,0
572989,0
572990,0
572991,0
572992,0
572993,0
572994,0
572995,24
572996,0
572997,26
572998,0
572999,29
573000,0
573001,0
573002,0
573003,0
573004,0
573005,0
573006,0
573007,0
573008,0
573009,0
573010,0
573011,0
573012,0
573013,0
573014,0
573015,0
573016,0
573017,0
573018,0
573019,0
573020,0
573021,0
573022,0
573023,0
573024,0
573025,0
573026,13
573027,0
573028,0
573029,0
573030,16
573031,0
573032,0
573033,0
573034,0
573035,0
573036,11
573037,0
573038,22
573039,0
573040,0
573041,0
573042,0
573043,0
573044,0
573045,23
573046,0
573047,28
573048,0
573049,0
573050,0
573051,0
573052,0
573053,0
573054,0
573055,0
573056,0
573057,0
573058,0
573059,0
573060,0
573061,19
573062,0
573063,0
573064,0
573065,0
573066,0
573067,0
573068,0
573069,0
573070,0
573071,0
573072,0
573073,0
573074,0
573075,27
573076,0
573077,0
573078,15
573079,0
573080,0
573081,0
573082,0
573083,0
573084,0
573085,22
573086,16
573087,26
573088,0
573089,0
573090,0
573091,0
573092,0
573093,0
573094,0
573095,0
573096,0
573097,0
573098,0
573099,0
573100,0
573101,0
573102,0
573103,0
573104,25
573105,0
573106,0
573107,0
573108,0
573109,0
573110,0
573111,0
573112,0
573113,0
573114,0
573115,0
573116,0
573117,12
573118,0
573119,33
573120,0
573121,0
573122,17
573123,0
573124,0
573125,0
573126,0
573127,0
573128,0
573129,0
573130,0
573131,0
573132,0
573133,0
573134,0
573135,0
573136,0
573137,0
573138,0
573139,0
573140,0
573141,0
573142,0
573143,0
573144,0
573145,0
573146,0
573147,0
573148,0
573149,0
573150,0
573151,0
573152,30
573153,0
573154,0
573155,0
573156,0
573157,0
573158,0
573159,19
573160,0
573161,30
573162,0
573163,25
573164,0
573165,0
573166,0
573167,0
573168,0
573169,0
573170,0
573171,0
573172,0
573173,0
573174,0
573175,0
573176,0
573177,0
573178,0
573179,10
573180,0
573181,0
573182,0
573183,0
573184,0
573185,0
573186,0
573187,0
573188,0
573189,0
573190,23
573191,0
573192,0
573193,0
573194,0
573195,0
573196,0
573197,0
573198,42
573199,22
573200,31
573201,0
573202,25
573203,0
573204,0
573205,0
573206,37
573207,18
573208,23
573209,0
573210,16
573211,0
573212,0
573213,25
573214,26
573215,31
573216,26
573217,0
573218,0
573219,0
573220,0
573221,0
573222,0
573223,0
573224,0
573225,0
573226,0
573227,0
573228,0
573229,0
573230,17
573231,30
573232,0
573233,0
573234,0
573235,0
573236,0
573237,30
573238,0
573239,13
573240,0
573241,29
573242,0
573243,0
573244,27
573245,31
573246,0
573247,0
573248,0
573249,0
573250,0
573251,0
573252,0
573253,0
573254,0
573255,0
573256,0
573257,0
573258,0
573259,0
573260,0
573261,0
573262,0
573263,0
573264,0
573265,0
573266,0
573267,0
573268,0
573269,0
573270,26
573271,15
573272,16
573273,0
573274,0
573275,0
573276,0
573277,0
573278,0
573279,0
573280,0
573281,19
573282,14
573283,0
573284,0
573285,0
573286,0
573287,0
573288,0
573289,0
573290,0
573291,0
573292,0
573293,0
573294,0
573295,0
573296,0
573297,0
573298,0
573299,0
573300,21
573301,14
573302,0
573303,37
573304,0
573305,0
573306,0
573307,0
573308,0
573309,0
573310,0
573311,0
573312,0
573313,0
573314,0
573315,0
573316,0
573317,0
573318,0
573319,0
573320,0
573321,0
573322,0
573323,0
573324,0
573325,0
573326,0
573327,0
573328,0
573329,0
573330,0
573331,0
573332,0
573333,0
573334,0
573335,0
573336,0
573337,0
573338,0
573339,0
573340,0
573341,0
573342,0
573343,33
573344,0
573345,0
573346,0
573347,0
573348,0
573349,0
573350,0
573351,0
573352,0
573353,0
573354,0
573355,0
573356,0
573357,0
573358,0
573359,0
573360,0
573361,0
573362,0
573363,0
573364,0
573365,0
573366,0
573367,0
573368,0
573369,0
573370,0
573371,0
573372,0
573373,0
573374,0
573375,17
573376,0
573377,0
573378,0
573379,0
573380,0
573381,41
573382,0
573383,0
573384,17
573385,0
573386,0
573387,34
573388,0
573389,0
573390,0
573391,0
573392,0
573393,0
573394,0
573395,0
573396,0
573397,0
573398,0
573399,37
573400,0
573401,0
573402,0
573403,0
573404,0
573405,23
573406,0
573407,0
573408,0
573409,0
573410,0
573411,0
573412,0
573413,0
573414,0
573415,0
573416,0
573417,0
573418,0
573419,0
573420,0
573421,0
573422,0
573423,0
573424,0
573425,0
573426,0
573427,0
573428,12
573429,0
573430,0
573431,0
573432,0
573433,0
573434,31
573435,0
573436,0
573437,0
573438,0
573439,0
573440,0
573441,0
573442,0
573443,0
573444,0
573445,0
573446,0
573447,0
573448,0
573449,0
573450,0
573451,0
573452,0
573453,35
573454,0
573455,0
573456,0
573457,0
573458,0
573459,25
573460,0
573461,23
573462,0
573463,0
573464,14
573465,31
573466,0
573467,0
573468,0
573469,0
573470,0
573471,0
573472,0
573473,0
573474,0
573475,0
573476,0
573477,0
573478,0
573479,0
573480,0
573481,0
573482,0
573483,0
573484,0
573485,0
573486,0
573487,0
573488,0
573489,0
573490,0
573491,0
573492,0
573493,0
573494,0
573495,0
573496,0
573497,0
573498,0
573499,0
573500,0
573501,0
573502,0
573503,0
573504,0
573505,0
573506,0
573507,0
573508,0
573509,0
573510,0
573511,0
573512,0
573513,0
573514,18
573515,0
573516,0
573517,0
573518,0
573519,0
573520,0
573521,0
573522,0
573523,0
573524,0
573525,0
573526,0
573527,0
573528,0
573529,0
573530,0
573531,34
573532,0
573533,0
573534,0
573535,0
573536,0
573537,21
573538,0
573539,0
573540,23
573541,28
573542,0
573543,0
573544,0
573545,0
573546,0
573547,0
573548,21
573549,0
573550,0
573551,0
573552,17
573553,25
573554,0
573555,0
573556,0
573557,0
573558,28
573559,0
573560,0
573561,0
573562,0
573563,24
573564,0
573565,0
573566,0
573567,0
573568,0
573569,22
573570,0
573571,0
573572,0
573573,21
573574,0
573575,0
573576,0
573577,0
573578,0
573579,0
573580,0
573581,0
573582,0
573583,0
573584,0
573585,0
573586,0
573587,0
573588,0
573589,0
573590,0
573591,0
573592,18
573593,0
573594,37
573595,0
573596,0
573597,0
573598,0
573599,0
573600,0
573601,0
573602,0
573603,0
573604,0
573605,0
573606,0
573607,0
573608,0
573609,0
573610,0
573611,0
573612,0
573613,26
573614,0
573615,0
573616,0
573617,0
573618,0
573619,0
573620,0
573621,0
573622,0
573623,0
573624,0
573625,0
573626,0
573627,0
573628,0
573629,0
573630,0
573631,11
573632,0
573633,0
573634,0
573635,0
573636,0
573637,0
573638,0
573639,0
573640,0
573641,0
573642,0
573643,0
573644,0
573645,0
573646,0
573647,0
573648,0
573649,0
573650,0
573651,0
573652,0
573653,17
573654,0
573655,0
573656,0
573657,0
573658,0
573659,0
573660,0
573661,0
573662,0
573663,0
573664,21
573665,0
573666,19
573667,0
573668,0
573669,0
573670,0
573671,0
573672,0
573673,0
573674,19
573675,0
573676,0
573677,0
573678,0
573679,0
573680,0
573681,0
573682,0
573683,0
573684,0
573685,0
573686,0
573687,0
573688,0
573689,0
573690,0
573691,18
573692,0
573693,0
573694,0
573695,0
573696,0
573697,0
573698,0
573699,0
573700,0
573701,0
573702,0
573703,0
573704,0
573705,0
573706,0
573707,0
573708,0
573709,0
573710,25
573711,0
573712,0
573713,0
573714,0
573715,0
573716,0
573717,0
573718,0
573719,0
573720,0
573721,0
573722,0
573723,0
573724,0
573725,0
573726,0
573727,0
573728,0
573729,0
573730,0
573731,0
573732,0
573733,0
573734,0
573735,0
573736,0
573737,0
573738,0
573739,0
573740,0
573741,0
573742,0
573743,0
573744,0
573745,0
573746,15
573747,0
573748,0
573749,0
573750,0
573751,0
573752,0
573753,0
573754,0
573755,0
573756,0
573757,0
573758,0
573759,0
573760,0
573761,0
573762,0
573763,0
573764,0
573765,0
573766,0
573767,0
573768,0
573769,0
573770,0
573771,0
573772,0
573773,0
573774,0
573775,0
573776,0
573777,0
573778,0
573779,0
573780,0
573781,0
573782,0
573783,0
573784,0
573785,0
573786,0
573787,0
573788,0
573789,0
573790,0
573791,22
573792,12
573793,0
573794,0
573795,0
573796,0
573797,0
573798,0
573799,0
573800,12
573801,0
573802,0
573803,0
573804,0
573805,0
573806,15
573807,22
573808,0
573809,0
573810,21
573811,0
573812,0
573813,0
573814,0
573815,0
573816,0
573817,0
573818,0
573819,0
573820,0
573821,0
573822,0
573823,0
573824,0
573825,0
573826,0
573827,20
573828,0
573829,0
573830,0
573831,0
573832,0
573833,0
573834,0
573835,0
573836,0
573837,0
573838,0
573839,0
573840,11
573841,0
573842,0
573843,0
573844,0
573845,0
573846,0
573847,0
573848,0
573849,0
573850,0
573851,0
573852,0
573853,0
573854,0
573855,0
573856,0
573857,0
573858,0
573859,0
573860,0
573861,0
573862,0
573863,0
573864,0
573865,0
573866,0
573867,0
573868,0
573869,0
573870,0
573871,0
573872,0
573873,0
573874,0
573875,0
573876,0
573877,0
573878,0
573879,0
573880,0
573881,0
573882,0
573883,0
573884,0
573885,0
573886,0
573887,0
573888,0
573889,0
573890,0
573891,0
573892,0
573893,0
573894,20
573895,0
573896,0
573897,0
573898,0
573899,18
573900,0
573901,0
573902,0
573903,0
573904,0
573905,0
573906,0
573907,0
573908,0
573909,0
573910,0
573911,0
573912,17
573913,0
573914,0
573915,0
573916,13
573917,8
573918,0
573919,0
573920,0
573921,0
573922,0
573923,0
573924,0
573925,0
573926,0
573927,0
573928,0
573929,0
573930,0
573931,0
573932,0
573933,0
573934,20
573935,29
573936,0
573937,0
573938,13
573939,0
573940,0
573941,0
573942,0
573943,15
573944,0
573945,0
573946,0
573947,0
573948,0
573949,0
573950,0
573951,0
573952,0
573953,0
573954,0
573955,0
573956,0
573957,0
573958,0
573959,0
573960,0
573961,0
573962,0
573963,0
573964,0
573965,0
573966,0
573967,0
573968,0
573969,0
573970,0
573971,0
573972,16
573973,0
573974,0
573975,0
573976,20
573977,0
573978,0
573979,0
573980,0
573981,0
573982,0
573983,0
573984,0
573985,0
573986,0
573987,0
573988,0
573989,0
573990,18
573991,0
573992,0
573993,0
573994,0
573995,0
573996,0
573997,0
573998,0
573999,0
574000,0
574001,0
574002,0
574003,0
574004,0
574005,0
574006,0
574007,0
574008,0
574009,0
574010,0
574011,0
574012,0
574013,0
574014,15
574015,0
574016,0
574017,0
574018,26
574019,0
574020,0
574021,0
574022,0
574023,0
574024,0
574025,0
574026,0
574027,0
574028,0
574029,0
574030,0
574031,0
574032,0
574033,0
574034,0
574035,0
574036,0
574037,0
574038,0
574039,0
574040,0
574041,0
574042,0
574043,0
574044,0
574045,0
574046,0
574047,0
574048,17
574049,13
574050,0
574051,0
574052,0
574053,0
574054,0
574055,0
574056,0
574057,0
574058,0
574059,0
574060,0
574061,0
574062,0
574063,0
574064,0
574065,0
574066,0
574067,0
574068,0
574069,0
574070,18
574071,0
574072,0
574073,0
574074,0
574075,16
574076,0
574077,0
574078,10
574079,7
574080,0
574081,5
574082,11
574083,0
574084,0
574085,0
574086,0
574087,0
574088,0
574089,0
574090,0
574091,0
574092,7
574093,0
574094,0
574095,0
574096,0
574097,0
574098,11
574099,0
574100,0
574101,0
574102,0
574103,0
574104,0
574105,0
574106,0
574107,0
574108,10
574109,0
574110,0
574111,0
574112,13
574113,7
574114,0
574115,0
574116,0
574117,11
574118,0
574119,0
574120,0
574121,0
574122,0
574123,0
574124,0
574125,0
574126,0
574127,0
574128,0
574129,20
574130,0
574131,0
574132,0
574133,0
574134,0
574135,26
574136,0
574137,0
574138,0
574139,15
574140,0
574141,0
574142,0
574143,0
574144,9
574145,0
574146,0
574147,0
574148,11
574149,0
574150,0
574151,0
574152,0
574153,0
574154,0
574155,15
574156,0
574157,0
574158,0
574159,0
574160,0
574161,0
574162,0
574163,0
574164,0
574165,0
574166,0
574167,0
574168,0
574169,0
574170,0
574171,0
574172,0
574173,0
574174,0
574175,10
574176,0
574177,0
574178,12
574179,15
574180,0
574181,0
574182,0
574183,0
574184,0
574185,0
574186,0
574187,0
574188,0
574189,0
574190,0
574191,0
574192,0
574193,0
574194,0
574195,13
574196,0
574197,0
574198,0
574199,0
574200,0
574201,0
574202,0
574203,15
574204,0
574205,12
574206,0
574207,0
574208,0
574209,0
574210,0
574211,0
574212,0
574213,0
574214,0
574215,0
574216,0
574217,10
574218,12
574219,0
574220,0
574221,0
574222,13
574223,0
574224,0
574225,0
574226,0
574227,23
574228,0
574229,19
574230,0
574231,0
574232,0
574233,16
574234,0
574235,0
574236,0
574237,0
574238,0
574239,0
574240,0
574241,0
574242,0
574243,0
574244,0
574245,9
574246,0
574247,18
574248,0
574249,7
574250,0
574251,0
574252,0
574253,0
574254,8
574255,0
574256,21
574257,0
574258,0
574259,0
574260,0
574261,0
574262,0
574263,13
574264,0
574265,0
574266,0
574267,0
574268,0
574269,0
574270,0
574271,0
574272,0
574273,0
574274,0
574275,0
574276,0
574277,0
574278,0
574279,0
574280,0
574281,0
574282,0
574283,0
574284,0
574285,0
574286,0
574287,13
574288,0
574289,0
574290,13
574291,0
574292,17
574293,0
574294,0
574295,0
574296,9
574297,0
574298,0
574299,23
574300,0
574301,0
574302,0
574303,0
574304,0
574305,0
574306,0
574307,0
574308,11
574309,0
574310,0
574311,0
574312,0
574313,0
574314,0
574315,0
574316,11
574317,0
574318,0
574319,0
574320,0
574321,0
574322,0
574323,0
574324,0
574325,0
574326,0
574327,0
574328,0
574329,12
574330,0
574331,0
574332,0
574333,0
574334,0
574335,0
574336,0
574337,0
574338,0
574339,15
574340,0
574341,0
574342,0
574343,0
574344,0
574345,0
574346,13
574347,0
574348,0
574349,0
574350,0
574351,0
574352,0
574353,0
574354,0
574355,0
574356,16
574357,0
574358,0
574359,0
574360,0
574361,0
574362,16
574363,0
574364,11
574365,0
574366,11
574367,0
574368,0
574369,0
574370,0
574371,20
574372,0
574373,0
574374,0
574375,17
574376,19
574377,0
574378,0
574379,0
574380,0
574381,13
574382,0
574383,16
574384,17
574385,0
574386,0
574387,0
574388,0
574389,0
574390,16
574391,0
574392,0
574393,0
574394,0
574395,5
574396,0
574397,0
574398,0
574399,0
574400,14
574401,0
574402,0
574403,0
574404,0
574405,0
574406,0
574407,0
574408,0
574409,6
574410,11
574411,0
574412,0
574413,0
574414,0
574415,11
574416,0
574417,0
574418,0
574419,0
574420,0
574421,0
574422,0
574423,0
574424,0
574425,0
574426,0
574427,0
574428,0
574429,0
574430,0
574431,14
574432,17
574433,0
574434,0
574435,0
574436,0
574437,14
574438,0
574439,0
574440,8
574441,0
574442,23
574443,0
574444,0
574445,0
574446,10
574447,0
574448,0
574449,0
574450,0
574451,0
574452,0
574453,0
574454,0
574455,0
574456,0
574457,0
574458,0
574459,0
574460,0
574461,0
574462,0
574463,3
574464,0
574465,19
574466,17
574467,0
574468,0
574469,0
574470,0
574471,0
574472,4
574473,0
574474,0
574475,0
574476,0
574477,0
574478,0
574479,0
574480,6
574481,12
574482,0
574483,18
574484,0
574485,0
574486,0
574487,0
574488,0
574489,21
574490,0
574491,0
574492,0
574493,0
574494,0
574495,0
574496,0
574497,0
574498,18
574499,24
574500,0
574501,0
574502,0
574503,0
574504,0
574505,20
574506,0
574507,0
574508,0
574509,0
574510,19
574511,0
574512,26
574513,0
574514,0
574515,0
574516,18
574517,20
574518,20
574519,0
574520,0
574521,0
574522,0
574523,0
574524,0
574525,0
574526,0
574527,0
574528,0
574529,0
574530,0
574531,0
574532,0
574533,0
574534,0
574535,0
574536,0
574537,24
574538,0
574539,0
574540,0
574541,0
574542,0
574543,0
574544,0
574545,0
574546,0
574547,0
574548,0
574549,0
574550,22
574551,0
574552,0
574553,27
574554,0
574555,0
574556,16
574557,0
574558,0
574559,29
574560,0
574561,0
574562,0
574563,0
574564,0
574565,0
574566,0
574567,0
574568,0
574569,0
574570,0
574571,24
574572,30
574573,0
574574,0
574575,0
574576,0
574577,0
574578,0
574579,0
574580,15
574581,25
574582,0
574583,0
574584,0
574585,0
574586,0
574587,0
574588,27
574589,19
574590,0
574591,0
574592,0
574593,0
574594,0
574595,26
574596,0
574597,0
574598,0
574599,0
574600,0
574601,23
574602,0
574603,0
574604,0
574605,0
574606,0
574607,0
574608,26
574609,0
574610,24
574611,0
574612,0
574613,0
574614,0
574615,0
574616,0
574617,0
574618,0
574619,29
574620,25
574621,0
574622,0
574623,0
574624,0
574625,0
574626,0
574627,0
574628,0
574629,0
574630,0
574631,0
574632,0
574633,33
574634,0
574635,0
574636,0
574637,0
574638,0
574639,0
574640,0
574641,39
574642,0
574643,26
574644,0
574645,0
574646,0
574647,0
574648,0
574649,21
574650,0
574651,0
574652,0
574653,17
574654,0
574655,0
574656,0
574657,0
574658,0
574659,0
574660,0
574661,0
574662,0
574663,0
574664,0
574665,0
574666,0
574667,23
574668,0
574669,0
574670,0
574671,0
574672,0
574673,0
574674,41
574675,0
574676,0
574677,24
574678,0
574679,0
574680,0
574681,0
574682,1
574683,0
574684,0
574685,0
574686,1
574687,0
574688,0
574689,0
574690,0
574691,0
574692,2
574693,0
574694,0
574695,2
574696,0
574697,0
574698,0
574699,0
574700,1
574701,2
574702,0
574703,0
574704,0
574705,0
574706,0
574707,1
574708,5
574709,1
574710,0
574711,0
574712,0
574713,0
574714,0
574715,0
574716,0
574717,1
574718,0
574719,0
574720,0
574721,0
574722,0
574723,0
574724,0
574725,1
574726,1
574727,0
574728,2
574729,0
574730,0
574731,1
574732,1
574733,0
574734,0
574735,0
574736,0
574737,1
574738,0
574739,0
574740,0
574741,0
574742,1
574743,0
574744,0
574745,0
574746,0
574747,0
574748,0
574749,1
574750,0
574751,1
574752,2
574753,0
574754,0
574755,0
574756,0
574757,0
574758,0
574759,0
574760,0
574761,0
574762,0
574763,3
574764,0
574765,0
574766,0
574767,0
574768,0
574769,0
574770,2
574771,2
574772,0
574773,0
574774,0
574775,0
574776,0
574777,0
574778,0
574779,0
574780,0
574781,0
574782,0
574783,0
574784,0
574785,0
574786,0
574787,0
574788,0
574789,0
574790,0
574791,0
574792,1
574793,1
574794,0
574795,0
574796,0
574797,0
574798,0
574799,0
574800,0
574801,0
574802,0
574803,0
574804,0
574805,0
574806,1
574807,0
574808,0
574809,0
574810,0
574811,0
574812,0
574813,0
574814,0
574815,1
574816,0
574817,0
574818,0
574819,0
574820,1
574821,1
574822,0
574823,0
574824,2
574825,0
574826,0
574827,0
574828,0
574829,0
574830,0
574831,0
574832,0
574833,0
574834,0
574835,0
574836,0
574837,0
574838,0
574839,0
574840,0
574841,0
574842,0
574843,0
574844,0
574845,0
574846,0
574847,0
574848,1
574849,0
574850,0
574851,0
574852,2
574853,0
574854,0
574855,1
574856,1
574857,0
574858,0
574859,0
574860,0
574861,0
574862,0
574863,0
574864,0
574865,1
574866,0
574867,0
574868,1
574869,0
574870,0
574871,0
574872,1
574873,0
574874,0
574875,0
574876,0
574877,0
574878,1
574879,0
574880,0
574881,2
574882,0
574883,0
574884,0
574885,0
574886,0
574887,0
574888,0
574889,0
574890,0
574891,2
574892,0
574893,0
574894,0
574895,1
574896,0
574897,2
574898,0
574899,0
574900,0
574901,1
574902,0
574903,0
574904,0
574905,0
574906,0
574907,0
574908,0
574909,0
574910,0
574911,0
574912,2
574913,0
574914,0
574915,0
574916,0
574917,0
574918,0
574919,0
574920,1
574921,0
574922,0
574923,3
574924,0
574925,2
574926,0
574927,0
574928,0
574929,0
574930,0
574931,0
574932,0
574933,0
574934,0
574935,0
574936,0
574937,0
574938,0
574939,2
574940,0
574941,0
574942,0
574943,0
574944,2
574945,0
574946,0
574947,0
574948,1
574949,0
574950,0
574951,0
574952,0
574953,0
574954,2
574955,1
574956,0
574957,0
574958,1
574959,0
574960,0
574961,0
574962,0
574963,0
574964,0
574965,0
574966,0
574967,0
574968,0
574969,0
574970,0
574971,0
574972,0
574973,0
574974,2
574975,0
574976,0
574977,0
574978,0
574979,0
574980,1
574981,0
574982,0
574983,0
574984,0
574985,0
574986,0
574987,0
574988,0
574989,0
574990,0
574991,4
574992,0
574993,0
574994,0
574995,0
574996,0
574997,0
574998,0
574999,0
575000,0
575001,0
575002,0
575003,0
575004,0
575005,0
575006,1
575007,0
575008,0
575009,0
575010,0
575011,1
575012,0
575013,0
575014,0
575015,0
575016,2
575017,0
575018,0
575019,0
575020,0
575021,0
575022,0
575023,0
575024,0
575025,0
575026,0
575027,0
575028,0
575029,0
575030,0
575031,0
575032,0
575033,0
575034,2
575035,3
575036,0
575037,1
575038,0
575039,0
575040,0
575041,0
575042,0
575043,0
575044,0
575045,1
575046,0
575047,0
575048,0
575049,0
575050,0
575051,2
575052,0
575053,0
575054,0
575055,0
575056,0
575057,0
575058,0
575059,2
575060,0
575061,3
575062,0
575063,0
575064,0
575065,0
575066,1
575067,0
575068,0
575069,0
575070,0
575071,2
575072,2
575073,4
575074,0
575075,0
575076,0
575077,0
575078,0
575079,0
575080,0
575081,0
575082,0
575083,0
575084,0
575085,0
575086,0
575087,2
575088,0
575089,0
575090,0
575091,1
575092,1
575093,0
575094,0
575095,0
575096,0
575097,0
575098,0
575099,0
575100,0
575101,3
575102,0
575103,0
575104,0
575105,1
575106,0
575107,0
575108,2
575109,0
575110,2
575111,0
575112,0
575113,0
575114,0
575115,0
575116,0
575117,0
575118,0
575119,0
575120,0
575121,0
575122,0
575123,2
575124,0
575125,2
575126,0
575127,0
575128,0
575129,0
575130,0
575131,0
575132,0
575133,0
575134,0
575135,1
575136,0
575137,0
575138,0
575139,0
575140,1
575141,0
575142,2
575143,2
575144,0
575145,0
575146,0
575147,0
575148,0
575149,0
575150,0
575151,0
575152,0
575153,1
575154,0
575155,0
575156,0
575157,0
575158,0
575159,0
575160,0
575161,2
575162,0
575163,0
575164,0
575165,0
575166,0
575167,0
575168,0
575169,0
575170,0
575171,0
575172,0
575173,0
575174,0
575175,0
575176,0
575177,0
575178,0
575179,1
575180,0
575181,0
575182,0
575183,0
575184,0
575185,0
575186,0
575187,0
575188,0
575189,0
575190,1
575191,0
575192,0
575193,0
575194,0
575195,0
575196,0
575197,1
575198,0
575199,0
575200,0
575201,0
575202,0
575203,0
575204,0
575205,0
575206,0
575207,0
575208,0
575209,0
575210,2
575211,0
575212,0
575213,0
575214,0
575215,0
575216,0
575217,1
575218,0
575219,0
575220,0
575221,0
575222,0
575223,2
575224,0
575225,1
575226,0
575227,1
575228,0
575229,0
575230,0
575231,0
575232,0
575233,0
575234,0
575235,0
575236,0
575237,0
575238,0
575239,0
575240,0
575241,0
575242,0
575243,0
575244,0
575245,1
575246,0
575247,1
575248,0
575249,0
575250,0
575251,1
575252,0
575253,2
575254,0
575255,0
575256,0
575257,1
575258,0
575259,0
575260,0
575261,0
575262,2
575263,1
575264,1
575265,0
575266,2
575267,0
575268,0
575269,0
575270,0
575271,1
575272,0
575273,0
575274,0
575275,0
575276,0
575277,0
575278,0
575279,0
575280,0
575281,0
575282,0
575283,0
575284,0
575285,0
575286,0
575287,0
575288,1
575289,0
575290,0
575291,0
575292,0
575293,0
575294,0
575295,0
575296,0
575297,0
575298,0
575299,0
575300,0
575301,0
575302,0
575303,0
575304,0
575305,0
575306,0
575307,0
575308,3
575309,0
575310,1
575311,0
575312,0
575313,0
575314,0
575315,0
575316,0
575317,2
575318,0
575319,0
575320,0
575321,1
575322,0
575323,0
575324,2
575325,1
575326,0
575327,0
575328,0
575329,0
575330,1
575331,1
575332,0
575333,2
575334,0
575335,1
575336,1
575337,0
575338,0
575339,1
575340,0
575341,0
575342,0
575343,0
575344,0
575345,0
575346,0
575347,0
575348,0
575349,0
575350,1
575351,0
575352,3
575353,0
575354,0
575355,0
575356,0
575357,0
575358,2
575359,2
575360,1
575361,0
575362,0
575363,0
575364,0
575365,0
575366,0
575367,0
575368,0
575369,0
575370,0
575371,0
575372,0
575373,0
575374,0
575375,1
575376,0
575377,0
575378,0
575379,0
575380,0
575381,0
575382,0
575383,0
575384,0
575385,0
575386,0
575387,0
575388,1
575389,0
575390,0
575391,0
575392,4
575393,0
575394,0
575395,1
575396,0
575397,0
575398,0
575399,0
575400,0
575401,0
575402,0
575403,0
575404,0
575405,0
575406,0
575407,0
575408,1
575409,1
575410,0
575411,0
575412,0
575413,0
575414,0
575415,0
575416,0
575417,0
575418,0
575419,0
575420,0
575421,0
575422,0
575423,0
575424,0
575425,26
575426,0
575427,0
575428,0
575429,0
575430,0
575431,0
575432,0
575433,0
575434,0
575435,0
575436,0
575437,0
575438,0
575439,0
575440,0
575441,0
575442,0
575443,0
575444,0
575445,0
575446,0
575447,0
575448,0
575449,0
575450,0
575451,0
575452,0
575453,0
575454,0
575455,18
575456,0
575457,14
575458,0
575459,0
575460,0
575461,0
575462,0
575463,0
575464,0
575465,0
575466,30
575467,0
575468,0
575469,0
575470,0
575471,24
575472,0
575473,0
575474,0
575475,0
575476,0
575477,22
575478,0
575479,0
575480,10
575481,27
575482,17
575483,0
575484,0
575485,0
575486,0
575487,0
575488,0
575489,19
575490,23
575491,0
575492,0
575493,0
575494,0
575495,25
575496,0
575497,0
575498,0
575499,25
575500,0
575501,0
575502,0
575503,0
575504,0
575505,0
575506,0
575507,0
575508,0
575509,0
575510,0
575511,0
575512,0
575513,0
575514,0
575515,17
575516,0
575517,0
575518,0
575519,0
575520,0
575521,26
575522,0
575523,0
575524,0
575525,0
575526,0
575527,0
575528,0
575529,0
575530,0
575531,35
575532,0
575533,0
575534,0
575535,0
575536,0
575537,0
575538,0
575539,0
575540,0
575541,0
575542,0
575543,0
575544,0
575545,0
575546,0
575547,0
575548,0
575549,0
575550,0
575551,0
575552,0
575553,0
575554,0
575555,0
575556,30
575557,25
575558,0
575559,0
575560,0
575561,0
575562,0
575563,0
575564,0
575565,0
575566,0
575567,0
575568,0
575569,0
575570,0
575571,0
575572,0
575573,0
575574,0
575575,0
575576,0
575577,0
575578,16
575579,0
575580,0
575581,0
575582,0
575583,0
575584,0
575585,17
575586,0
575587,0
575588,0
575589,0
575590,0
575591,0
575592,0
575593,0
575594,0
575595,0
575596,0
575597,28
575598,0
575599,0
575600,0
575601,0
575602,0
575603,26
575604,0
575605,0
575606,26
575607,35
575608,0
575609,0
575610,0
575611,0
575612,27
575613,0
575614,0
575615,16
575616,0
575617,0
575618,0
575619,0
575620,0
575621,0
575622,0
575623,0
575624,0
575625,0
575626,0
575627,0
575628,0
575629,0
575630,0
575631,0
575632,0
575633,0
575634,0
575635,0
575636,0
575637,28
575638,0
575639,0
575640,25
575641,0
575642,0
575643,0
575644,0
575645,0
575646,0
575647,0
575648,0
575649,0
575650,0
575651,0
575652,0
575653,24
575654,0
575655,0
575656,24
575657,0
575658,0
575659,0
575660,0
575661,0
575662,0
575663,25
575664,0
575665,0
575666,0
575667,0
575668,0
575669,0
575670,0
575671,0
575672,25
575673,0
575674,12
575675,0
575676,0
575677,0
575678,19
575679,0
575680,0
575681,0
575682,0
575683,0
575684,0
575685,0
575686,0
575687,0
575688,0
575689,0
575690,0
575691,0
575692,0
575693,0
575694,0
575695,27
575696,0
575697,0
575698,0
575699,0
575700,0
575701,0
575702,0
575703,0
575704,29
575705,0
575706,0
575707,0
575708,0
575709,22
575710,22
575711,0
575712,0
575713,0
575714,0
575715,0
575716,0
575717,0
575718,0
575719,0
575720,0
575721,0
575722,0
575723,0
575724,0
575725,26
575726,0
575727,0
575728,0
575729,0
575730,0
575731,0
575732,0
575733,0
575734,0
575735,0
575736,0
575737,0
575738,0
575739,0
575740,0
575741,0
575742,0
575743,0
575744,0
575745,0
575746,0
575747,0
575748,0
575749,0
575750,0
575751,0
575752,0
575753,0
575754,0
575755,0
575756,0
575757,0
575758,0
575759,0
575760,0
575761,27
575762,0
575763,0
575764,0
575765,0
575766,0
575767,0
575768,0
575769,0
575770,0
575771,21
575772,24
575773,0
575774,0
575775,0
575776,0
575777,0
575778,0
575779,0
575780,0
575781,0
575782,0
575783,0
575784,0
575785,0
575786,20
575787,0
575788,0
575789,0
575790,0
575791,0
575792,0
575793,0
575794,0
575795,22
575796,0
575797,0
575798,0
575799,0
575800,0
575801,0
575802,0
575803,0
575804,0
575805,0
575806,0
575807,0
575808,0
575809,0
575810,0
575811,0
575812,0
575813,0
575814,0
575815,0
575816,0
575817,0
575818,15
575819,0
575820,0
575821,0
575822,0
575823,0
575824,0
575825,0
575826,0
575827,0
575828,0
575829,0
575830,0
575831,0
575832,0
575833,0
575834,0
575835,0
575836,0
575837,0
575838,0
575839,0
575840,0
575841,0
575842,0
575843,0
575844,0
575845,15
575846,0
575847,0
575848,0
575849,0
575850,0
575851,0
575852,0
575853,11
575854,0
575855,0
575856,0
575857,0
575858,0
575859,0
575860,0
575861,0
575862,0
575863,0
575864,0
575865,0
575866,0
575867,24
575868,19
575869,0
575870,0
575871,0
575872,0
575873,21
575874,0
575875,18
575876,0
575877,0
575878,0
575879,0
575880,0
575881,0
575882,0
575883,13
575884,0
575885,0
575886,0
575887,0
575888,0
575889,0
575890,0
575891,0
575892,0
575893,0
575894,0
575895,21
575896,0
575897,0
575898,0
575899,0
575900,0
575901,0
575902,27
575903,0
575904,0
575905,0
575906,0
575907,23
575908,0
575909,0
575910,0
575911,0
575912,13
575913,0
575914,0
575915,0
575916,0
575917,0
575918,0
575919,0
575920,0
575921,30
575922,0
575923,0
575924,0
575925,0
575926,0
575927,0
575928,0
575929,0
575930,0
575931,0
575932,0
575933,0
575934,0
575935,0
575936,0
575937,0
575938,27
575939,0
575940,0
575941,0
575942,0
575943,0
575944,0
575945,0
575946,0
575947,0
575948,0
575949,0
575950,0
575951,0
575952,0
575953,0
575954,27
575955,0
575956,0
575957,0
575958,0
575959,13
575960,15
575961,21
575962,0
575963,0
575964,0
575965,0
575966,0
575967,0
575968,0
575969,27
575970,0
575971,0
575972,0
575973,0
575974,25
575975,10
575976,9
575977,0
575978,0
575979,0
575980,19
575981,0
575982,0
575983,0
575984,0
575985,0
575986,0
575987,0
575988,19
575989,0
575990,21
575991,16
575992,0
575993,0
575994,0
575995,0
575996,0
575997,0
575998,15
575999,9
576000,23
576001,0
576002,22
576003,0
576004,0
576005,14
576006,0
576007,0
576008,0
576009,0
576010,0
576011,15
576012,0
576013,9
576014,0
576015,0
576016,0
576017,0
576018,0
576019,0
576020,10
576021,0
576022,0
576023,0
576024,0
576025,0
576026,26
576027,0
576028,0
576029,0
576030,0
576031,22
576032,15
576033,0
576034,0
576035,19
576036,0
576037,0
576038,0
576039,0
576040,11
576041,0
576042,0
576043,0
576044,0
576045,0
576046,0
576047,19
576048,0
576049,0
576050,0
576051,0
576052,0
576053,15
576054,0
576055,17
576056,0
576057,19
576058,0
576059,24
576060,0
576061,0
576062,0
576063,0
576064,0
576065,0
576066,0
576067,0
576068,0
576069,0
576070,21
576071,14
576072,0
576073,0
576074,0
576075,0
576076,22
576077,0
576078,0
576079,0
576080,0
576081,0
576082,0
576083,9
576084,0
576085,0
576086,0
576087,0
576088,0
576089,14
576090,0
576091,18
576092,0
576093,19
576094,24
576095,0
576096,0
576097,0
576098,22
576099,16
576100,0
576101,13
576102,0
576103,0
576104,0
576105,25
576106,0
576107,17
576108,0
576109,16
576110,0
576111,21
576112,0
576113,0
576114,0
576115,20
576116,0
576117,0
576118,0
576119,0
576120,18
576121,0
576122,0
576123,0
576124,0
576125,0
576126,17
576127,0
576128,0
576129,0
576130,0
576131,0
576132,0
576133,0
576134,0
576135,0
576136,0
576137,9
576138,0
576139,23
576140,0
576141,0
576142,0
576143,0
576144,13
576145,0
576146,0
576147,0
576148,0
576149,0
576150,0
576151,0
576152,0
576153,0
576154,16
576155,0
576156,0
576157,0
576158,0
576159,0
576160,0
576161,0
576162,0
576163,0
576164,12
576165,0
576166,14
576167,0
576168,23
576169,20
576170,0
576171,0
576172,0
576173,0
576174,20
576175,19
576176,0
576177,0
576178,28
576179,0
576180,0
576181,0
576182,0
576183,0
576184,0
576185,17
576186,0
576187,0
576188,0
576189,0
576190,0
576191,0
576192,0
576193,0
576194,0
576195,19
576196,21
576197,0
576198,19
576199,0
576200,0
576201,0
576202,0
576203,21
576204,0
576205,0
576206,0
576207,0
576208,0
576209,0
576210,0
576211,0
576212,0
576213,0
576214,12
576215,15
576216,0
576217,0
576218,0
576219,0
576220,13
576221,0
576222,0
576223,0
576224,0
576225,0
576226,0
576227,0
576228,16
576229,0
576230,0
576231,22
576232,0
576233,28
576234,0
576235,0
576236,0
576237,13
576238,0
576239,0
576240,15
576241,0
576242,0
576243,17
576244,0
576245,0
576246,0
576247,0
576248,0
576249,0
576250,20
576251,0
576252,0
576253,0
576254,13
576255,0
576256,0
576257,0
576258,0
576259,0
576260,0
576261,0
576262,15
576263,0
576264,0
576265,0
576266,0
576267,0
576268,19
576269,0
576270,14
576271,0
576272,0
576273,10
576274,0
576275,16
576276,0
576277,15
576278,0
576279,0
576280,0
576281,0
576282,0
576283,0
576284,0
576285,0
576286,0
576287,0
576288,0
576289,0
576290,0
576291,0
576292,0
576293,0
576294,0
576295,0
576296,7
576297,0
576298,0
576299,0
576300,14
576301,0
576302,0
576303,0
576304,0
576305,0
576306,0
576307,0
576308,0
576309,0
576310,0
576311,0
576312,0
576313,0
576314,18
576315,15
576316,0
576317,0
576318,0
576319,0
576320,17
576321,0
576322,20
576323,19
576324,0
576325,0
576326,0
576327,0
576328,0
576329,0
576330,0
576331,0
576332,23
576333,0
576334,24
576335,22
576336,11
576337,0
576338,0
576339,0
576340,0
576341,0
576342,0
576343,0
576344,0
576345,0
576346,0
576347,0
576348,0
576349,0
576350,0
576351,0
576352,0
576353,29
576354,14
576355,0
576356,0
576357,0
576358,0
576359,0
576360,15
576361,0
576362,18
576363,0
576364,0
576365,0
576366,0
576367,19
576368,0
576369,15
576370,0
576371,0
576372,37
576373,24
576374,0
576375,0
576376,0
576377,0
576378,0
576379,0
576380,0
576381,0
576382,25
576383,0
576384,0
576385,0
576386,0
576387,0
576388,13
576389,0
576390,22
576391,0
576392,24
576393,24
576394,0
576395,19
576396,0
576397,0
576398,0
576399,0
576400,0
576401,16
576402,10
576403,22
576404,33
576405,20
576406,0
576407,0
576408,27
576409,21
576410,0
576411,22
576412,0
576413,0
576414,0
576415,0
576416,0
576417,0
576418,0
576419,24
576420,25
576421,0
576422,0
576423,0
576424,0
576425,0
576426,0
576427,0
576428,17
576429,0
576430,0
576431,0
576432,23
576433,0
576434,30
576435,0
576436,0
576437,0
576438,0
576439,26
576440,27
576441,0
576442,0
576443,16
576444,0
576445,0
576446,0
576447,0
576448,0
576449,17
576450,18
576451,0
576452,0
576453,0
576454,13
576455,0
576456,0
576457,26
576458,0
576459,15
576460,0
576461,0
576462,13
576463,0
576464,0
576465,0
576466,0
576467,0
576468,0
576469,0
576470,0
576471,0
576472,32
576473,0
576474,0
576475,0
576476,0
576477,26
576478,0
576479,0
576480,17
576481,17
576482,0
576483,0
576484,0
576485,0
576486,0
576487,9
576488,0
576489,13
576490,0
576491,44
576492,0
576493,0
576494,0
576495,0
576496,0
576497,14
576498,15
576499,0
576500,0
576501,0
576502,11
576503,0
576504,0
576505,0
576506,0
576507,0
576508,21
576509,0
576510,8
576511,14
576512,27
576513,0
576514,0
576515,0
576516,0
576517,20
576518,0
576519,0
576520,0
576521,0
576522,0
576523,0
576524,0
576525,0
576526,0
576527,0
576528,0
576529,0
576530,0
576531,27
576532,0
576533,0
576534,0
576535,0
576536,0
576537,33
576538,28
576539,0
576540,0
576541,12
576542,14
576543,19
576544,0
576545,0
576546,0
576547,0
576548,0
576549,0
576550,23
576551,0
576552,0
576553,21
576554,0
576555,32
576556,23
576557,0
576558,0
576559,0
576560,0
576561,21
576562,0
576563,20
576564,0
576565,25
576566,25
576567,0
576568,13
576569,0
576570,0
576571,0
576572,23
576573,0
576574,0
576575,0
576576,34
576577,15
576578,0
576579,0
576580,0
576581,0
576582,0
576583,21
576584,23
576585,0
576586,0
576587,0
576588,0
576589,19
576590,0
576591,0
576592,0
576593,0
576594,18
576595,25
576596,16
576597,21
576598,0
576599,0
576600,0
576601,0
576602,0
576603,0
576604,0
576605,0
576606,0
576607,0
576608,0
576609,0
576610,0
576611,0
576612,0
576613,0
576614,0
576615,23
576616,18
576617,0
576618,24
576619,0
576620,0
576621,0
576622,0
576623,0
576624,0
576625,0
576626,0
576627,15
576628,29
576629,0
576630,18
576631,34
576632,0
576633,22
576634,0
576635,0
576636,0
576637,0
576638,16
576639,0
576640,0
576641,0
576642,0
576643,11
576644,23
576645,0
576646,0
576647,0
576648,0
576649,0
576650,13
576651,19
576652,0
576653,15
576654,0
576655,0
576656,0
576657,16
576658,0
576659,0
576660,16
576661,0
576662,0
576663,0
576664,30
576665,0
576666,26
576667,21
576668,14
576669,0
576670,0
576671,0
576672,0
576673,0
576674,26
576675,0
576676,0
576677,0
576678,20
576679,0
576680,0
576681,0
576682,0
576683,0
576684,15
576685,0
576686,26
576687,0
576688,0
576689,0
576690,15
576691,0
576692,24
576693,23
576694,0
576695,0
576696,0
576697,26
576698,17
576699,0
576700,0
576701,0
576702,31
576703,0
576704,0
576705,0
576706,21
576707,27
576708,0
576709,0
576710,0
576711,0
576712,0
576713,0
576714,0
576715,0
576716,18
576717,0
576718,0
576719,0
576720,17
576721,0
576722,17
576723,27
576724,0
576725,12
576726,19
576727,0
576728,0
576729,0
576730,0
576731,0
576732,0
576733,0
576734,0
576735,0
576736,0
576737,0
576738,21
576739,0
576740,0
576741,0
576742,16
576743,0
576744,0
576745,0
576746,0
576747,0
576748,0
576749,20
576750,0
576751,0
576752,0
576753,0
576754,0
576755,0
576756,0
576757,0
576758,0
576759,0
576760,0
576761,17
576762,0
576763,0
576764,0
576765,27
576766,0
576767,13
576768,19
576769,27
576770,0
576771,22
576772,16
576773,0
576774,0
576775,0
576776,0
576777,0
576778,0
576779,0
576780,15
576781,0
576782,0
576783,20
576784,0
576785,0
576786,0
576787,0
576788,16
576789,0
576790,0
576791,0
576792,0
576793,23
576794,0
576795,17
576796,0
576797,0
576798,0
576799,16
576800,0
576801,0
576802,0
576803,0
576804,0
576805,0
576806,0
576807,20
576808,0
576809,13
576810,0
576811,24
576812,0
576813,0
576814,30
576815,0
576816,0
576817,0
576818,28
576819,22
576820,35
576821,0
576822,0
576823,0
576824,0
576825,0
576826,19
576827,0
576828,19
576829,0
576830,0
576831,19
576832,25
576833,0
576834,0
576835,0
576836,0
576837,0
576838,0
576839,0
576840,0
576841,0
576842,0
576843,0
576844,0
576845,0
576846,0
576847,25
576848,0
576849,0
576850,18
576851,0
576852,0
576853,0
576854,0
576855,0
576856,17
576857,0
576858,0
576859,13
576860,0
576861,0
576862,0
576863,0
576864,20
576865,0
576866,19
576867,0
576868,0
576869,0
576870,0
576871,29
576872,0
576873,0
576874,15
576875,0
576876,0
576877,20
576878,0
576879,0
576880,0
576881,23
576882,14
576883,29
576884,0
576885,0
576886,0
576887,0
576888,0
576889,28
576890,0
576891,0
576892,0
576893,0
576894,0
576895,0
576896,0
576897,0
576898,22
576899,0
576900,20
576901,0
576902,0
576903,0
576904,0
576905,0
576906,0
576907,16
576908,0
576909,17
576910,0
576911,18
576912,0
576913,0
576914,0
576915,0
576916,7
576917,13
576918,21
576919,0
576920,19
576921,0
576922,0
576923,21
576924,0
576925,0
576926,33
576927,0
576928,0
576929,15
576930,0
576931,0
576932,0
576933,0
576934,0
576935,23
576936,0
576937,0
576938,0
576939,0
576940,0
576941,0
576942,0
576943,30
576944,19
576945,0
576946,21
576947,15
576948,24
576949,16
576950,0
576951,0
576952,0
576953,0
576954,0
576955,0
576956,0
576957,0
576958,20
576959,0
576960,15
576961,19
576962,0
576963,12
576964,0
576965,0
576966,18
576967,17
576968,0
576969,0
576970,0
576971,0
576972,0
576973,11
576974,0
576975,24
576976,21
576977,0
576978,0
576979,16
576980,17
576981,15
576982,0
576983,0
576984,21
576985,0
576986,0
576987,24
576988,22
576989,0
576990,18
576991,0
576992,0
576993,22
576994,17
576995,0
576996,0
576997,0
576998,19
576999,0
577000,17
577001,23
577002,18
577003,0
577004,0
577005,0
577006,28
577007,0
577008,0
577009,0
577010,22
577011,0
577012,19
577013,0
577014,0
577015,29
577016,0
577017,0
577018,12
577019,25
577020,0
577021,0
577022,0
577023,29
577024,20
577025,0
577026,0
577027,0
577028,16
577029,0
577030,0
577031,0
577032,0
577033,0
577034,0
577035,0
577036,0
577037,0
577038,0
577039,0
577040,0
577041,52
577042,0
577043,0
577044,0
577045,0
577046,0
577047,0
577048,0
577049,0
577050,0
577051,0
577052,0
577053,0
577054,0
577055,9
577056,0
577057,0
577058,21
577059,28
577060,0
577061,0
577062,0
577063,16
577064,0
577065,0
577066,0
577067,0
577068,0
577069,0
577070,0
577071,0
577072,0
577073,0
577074,19
577075,17
577076,23
577077,0
577078,0
577079,0
577080,22
577081,18
577082,0
577083,0
577084,0
577085,16
577086,0
577087,0
577088,17
577089,0
577090,0
577091,0
577092,16
577093,0
577094,0
577095,28
577096,27
577097,0
577098,0
577099,0
577100,0
577101,0
577102,16
577103,0
577104,19
577105,0
577106,0
577107,13
577108,14
577109,0
577110,0
577111,0
577112,0
577113,0
577114,0
577115,0
577116,0
577117,26
577118,0
577119,23
577120,15
577121,0
577122,0
577123,16
577124,0
577125,0
577126,27
577127,0
577128,21
577129,0
577130,35
577131,0
577132,0
577133,0
577134,0
577135,0
577136,0
577137,0
577138,0
577139,0
577140,16
577141,0
577142,0
577143,0
577144,0
577145,0
577146,17
577147,11
577148,25
577149,16
577150,0
577151,0
577152,0
577153,0
577154,0
577155,21
577156,0
577157,0
577158,0
577159,0
577160,18
577161,0
577162,15
577163,0
577164,18
577165,19
577166,0
577167,0
577168,0
577169,0
577170,0
577171,0
577172,0
577173,0
577174,0
577175,19
577176,27
577177,0
577178,0
577179,12
577180,0
577181,0
577182,0
577183,14
577184,0
577185,17
577186,0
577187,0
577188,0
577189,0
577190,0
577191,0
577192,0
577193,0
577194,0
577195,0
577196,0
577197,0
577198,0
577199,0
577200,0
577201,0
577202,0
577203,21
577204,0
577205,0
577206,15
577207,0
577208,0
577209,17
577210,0
577211,0
577212,0
577213,0
577214,0
577215,0
577216,0
577217,0
577218,0
577219,15
577220,24
577221,0
577222,21
577223,12
577224,0
577225,21
577226,0
577227,0
577228,0
577229,0
577230,0
577231,0
577232,35
577233,27
577234,0
577235,0
577236,20
577237,30
577238,8
577239,0
577240,23
577241,13
577242,0
577243,0
577244,0
577245,0
577246,0
577247,0
577248,0
577249,0
577250,0
577251,0
577252,0
577253,16
577254,0
577255,0
577256,24
577257,0
577258,29
577259,19
577260,0
577261,0
577262,0
577263,13
577264,0
577265,14
577266,0
577267,0
577268,9
577269,0
577270,0
577271,0
577272,0
577273,0
577274,0
577275,0
577276,0
577277,0
577278,0
577279,0
577280,0
577281,0
577282,0
577283,0
577284,0
577285,0
577286,0
577287,0
577288,0
577289,0
577290,0
577291,0
577292,0
577293,0
577294,0
577295,0
577296,0
577297,0
577298,0
577299,0
577300,17
577301,0
577302,0
577303,0
577304,0
577305,0
577306,0
577307,0
577308,0
577309,0
577310,9
577311,0
577312,0
577313,0
577314,9
577315,0
577316,0
577317,0
577318,0
577319,0
577320,0
577321,0
577322,0
577323,0
577324,0
577325,7
577326,0
577327,0
577328,0
577329,0
577330,0
577331,0
577332,10
577333,0
577334,0
577335,0
577336,0
577337,0
577338,0
577339,0
577340,0
577341,0
577342,0
577343,0
577344,7
577345,0
577346,0
577347,0
577348,0
577349,0
577350,0
577351,0
577352,0
577353,0
577354,0
577355,0
577356,0
577357,0
577358,0
577359,0
577360,0
577361,0
577362,0
577363,0
577364,0
577365,0
577366,0
577367,0
577368,0
577369,0
577370,0
577371,0
577372,0
577373,0
577374,0
577375,0
577376,0
577377,0
577378,0
577379,7
577380,0
577381,0
577382,0
577383,0
577384,0
577385,0
577386,0
577387,0
577388,12
577389,0
577390,0
577391,0
577392,0
577393,0
577394,0
577395,0
577396,0
577397,0
577398,0
577399,7
577400,11
577401,0
577402,0
577403,0
577404,0
577405,0
577406,0
577407,0
577408,0
577409,0
577410,0
577411,0
577412,0
577413,0
577414,0
577415,0
577416,0
577417,0
577418,0
577419,0
577420,0
577421,0
577422,0
577423,0
577424,0
577425,0
577426,0
577427,0
577428,0
577429,0
577430,0
577431,5
577432,0
577433,0
577434,11
577435,13
577436,0
577437,13
577438,0
577439,0
577440,0
577441,0
577442,9
577443,0
577444,0
577445,0
577446,0
577447,0
577448,0
577449,0
577450,0
577451,0
577452,0
577453,0
577454,0
577455,0
577456,0
577457,0
577458,0
577459,0
577460,0
577461,0
577462,0
577463,0
577464,5
577465,0
577466,0
577467,0
577468,0
577469,0
577470,0
577471,0
577472,0
577473,0
577474,0
577475,0
577476,0
577477,14
577478,0
577479,0
577480,0
577481,0
577482,11
577483,0
577484,0
577485,0
577486,0
577487,0
577488,0
577489,0
577490,0
577491,13
577492,0
577493,0
577494,0
577495,0
577496,0
577497,16
577498,0
577499,0
577500,0
577501,0
577502,0
577503,0
577504,0
577505,0
577506,14
577507,0
577508,0
577509,0
577510,8
577511,14
577512,0
577513,6
577514,0
577515,0
577516,15
577517,0
577518,0
577519,0
577520,0
577521,0
577522,0
577523,0
577524,16
577525,9
577526,0
577527,0
577528,0
577529,0
577530,11
577531,0
577532,0
577533,0
577534,11
577535,0
577536,0
577537,11
577538,0
577539,0
577540,0
577541,14
577542,0
577543,0
577544,0
577545,0
577546,0
577547,0
577548,0
577549,0
577550,0
577551,0
577552,0
577553,0
577554,0
577555,0
577556,0
577557,0
577558,0
577559,0
577560,0
577561,0
577562,0
577563,0
577564,0
577565,12
577566,0
577567,0
577568,0
577569,0
577570,11
577571,0
577572,0
577573,0
577574,11
577575,0
577576,0
577577,0
577578,0
577579,0
577580,0
577581,0
577582,0
577583,16
577584,0
577585,0
577586,0
577587,0
577588,0
577589,0
577590,0
577591,0
577592,0
577593,0
577594,0
577595,9
577596,0
577597,0
577598,0
577599,0
577600,0
577601,0
577602,0
577603,0
577604,0
577605,0
577606,0
577607,0
577608,0
577609,0
577610,0
577611,0
577612,0
577613,0
577614,0
577615,0
577616,0
577617,0
577618,0
577619,0
577620,0
577621,0
577622,0
577623,14
577624,0
577625,0
577626,0
577627,18
577628,0
577629,0
577630,0
577631,0
577632,0
577633,11
577634,0
577635,0
577636,0
577637,0
577638,0
577639,0
577640,0
577641,0
577642,0
577643,0
577644,0
577645,0
577646,0
577647,0
577648,0
577649,0
577650,0
577651,0
577652,12
577653,0
577654,0
577655,0
577656,0
577657,0
577658,0
577659,0
577660,0
577661,0
577662,12
577663,0
577664,7
577665,0
577666,0
577667,0
577668,0
577669,0
577670,0
577671,0
577672,0
577673,19
577674,0
577675,0
577676,0
577677,26
577678,0
577679,0
577680,0
577681,0
577682,0
577683,42
577684,0
577685,0
577686,0
577687,0
577688,0
577689,0
577690,0
577691,0
577692,0
577693,25
577694,0
577695,0
577696,0
577697,0
577698,0
577699,0
577700,0
577701,37
577702,0
577703,0
577704,0
577705,0
577706,0
577707,24
577708,25
577709,0
577710,0
577711,0
577712,0
577713,0
577714,0
577715,0
577716,0
577717,0
577718,0
577719,0
577720,0
577721,0
577722,0
577723,0
577724,0
577725,0
577726,0
577727,0
577728,0
577729,0
577730,0
577731,0
577732,0
577733,0
577734,0
577735,0
577736,0
577737,0
577738,0
577739,0
577740,0
577741,0
577742,0
577743,0
577744,0
577745,0
577746,0
577747,0
577748,0
577749,0
577750,0
577751,0
577752,0
577753,0
577754,0
577755,0
577756,0
577757,0
577758,0
577759,0
577760,0
577761,0
577762,0
577763,0
577764,0
577765,0
577766,0
577767,0
577768,0
577769,0
577770,28
577771,0
577772,29
577773,0
577774,0
577775,0
577776,0
577777,0
577778,0
577779,0
577780,0
577781,0
577782,0
577783,0
577784,0
577785,0
577786,0
577787,0
577788,19
577789,0
577790,23
577791,0
577792,25
577793,0
577794,0
577795,0
577796,0
577797,0
577798,0
577799,0
577800,0
577801,39
577802,0
577803,0
577804,0
577805,0
577806,0
577807,0
577808,0
577809,0
577810,0
577811,0
577812,34
577813,0
577814,0
577815,0
577816,17
577817,0
577818,0
577819,0
577820,0
577821,0
577822,0
577823,0
577824,0
577825,0
577826,39
577827,0
577828,0
577829,0
577830,22
577831,0
577832,23
577833,0
577834,0
577835,0
577836,0
577837,0
577838,33
577839,0
577840,0
577841,0
577842,0
577843,0
577844,0
577845,28
577846,0
577847,0
577848,0
577849,0
577850,0
577851,0
577852,0
577853,0
577854,34
577855,0
577856,0
577857,0
577858,0
577859,0
577860,0
577861,0
577862,0
577863,0
577864,0
577865,0
577866,0
577867,0
577868,29
577869,0
577870,0
577871,24
577872,0
577873,0
577874,0
577875,24
577876,0
577877,0
577878,0
577879,0
577880,0
577881,0
577882,28
577883,0
577884,0
577885,0
577886,0
577887,0
577888,0
577889,0
577890,0
577891,0
577892,0
577893,0
577894,0
577895,0
577896,0
577897,0
577898,0
577899,0
577900,0
577901,0
577902,0
577903,0
577904,35
577905,28
577906,0
577907,0
577908,0
577909,0
577910,0
577911,0
577912,0
577913,0
577914,0
577915,0
577916,0
577917,0
577918,0
577919,0
577920,0
577921,0
577922,0
577923,0
577924,0
577925,0
577926,0
577927,0
577928,0
577929,0
577930,0
577931,0
577932,0
577933,0
577934,0
577935,20
577936,0
577937,0
577938,0
577939,0
577940,0
577941,0
577942,0
577943,21
577944,0
577945,0
577946,0
577947,0
577948,0
577949,24
577950,0
577951,0
577952,0
577953,0
577954,0
577955,26
577956,0
577957,0
577958,0
577959,0
577960,0
577961,0
577962,0
577963,0
577964,27
577965,0
577966,0
577967,0
577968,0
577969,0
577970,0
577971,0
577972,0
577973,0
577974,0
577975,0
577976,0
577977,0
577978,0
577979,0
577980,0
577981,0
577982,0
577983,0
577984,0
577985,0
577986,0
577987,0
577988,0
577989,0
577990,0
577991,0
577992,0
577993,0
577994,0
577995,0
577996,0
577997,0
577998,14
577999,0
578000,0
578001,0
578002,0
578003,19
578004,0
578005,0
578006,0
578007,0
578008,0
578009,0
578010,0
578011,28
578012,0
578013,0
578014,0
578015,0
578016,0
578017,0
578018,0
578019,0
578020,0
578021,0
578022,0
578023,33
578024,0
578025,11
578026,32
578027,0
578028,0
578029,0
578030,0
578031,0
578032,0
578033,0
578034,0
578035,0
578036,0
578037,0
578038,14
578039,0
578040,0
578041,23
578042,0
578043,0
578044,0
578045,0
578046,0
578047,32
578048,0
578049,0
578050,0
578051,0
578052,0
578053,0
578054,0
578055,12
578056,0
578057,0
578058,0
578059,0
578060,0
578061,0
578062,0
578063,28
578064,0
578065,0
578066,0
578067,0
578068,0
578069,0
578070,28
578071,0
578072,31
578073,31
578074,0
578075,0
578076,0
578077,0
578078,0
578079,0
578080,0
578081,0
578082,0
578083,0
578084,20
578085,0
578086,0
578087,0
578088,0
578089,0
578090,0
578091,0
578092,0
578093,0
578094,16
578095,0
578096,0
578097,0
578098,0
578099,0
578100,0
578101,0
578102,26
578103,29
578104,0
578105,0
578106,0
578107,0
578108,0
578109,0
578110,0
578111,0
578112,0
578113,0
578114,0
578115,0
578116,0
578117,0
578118,0
578119,0
578120,0
578121,0
578122,0
578123,0
578124,0
578125,0
578126,0
578127,0
578128,0
578129,0
578130,0
578131,0
578132,0
578133,0
578134,0
578135,0
578136,0
578137,0
578138,0
578139,0
578140,0
578141,0
578142,0
578143,0
578144,27
578145,0
578146,0
578147,0
578148,0
578149,0
578150,0
578151,0
578152,0
578153,0
578154,0
578155,0
578156,0
578157,0
578158,0
578159,0
578160,0
578161,29
578162,0
578163,0
578164,30
578165,0
578166,0
578167,0
578168,0
578169,0
578170,0
578171,0
578172,0
578173,0
578174,0
578175,0
578176,0
578177,0
578178,0
578179,0
578180,0
578181,0
578182,0
578183,0
578184,0
578185,0
578186,0
578187,0
578188,0
578189,34
578190,0
578191,0
578192,0
578193,0
578194,0
578195,0
578196,0
578197,0
578198,0
578199,0
578200,0
578201,0
578202,0
578203,0
578204,0
578205,0
578206,0
578207,10
578208,0
578209,0
578210,0
578211,0
578212,0
578213,0
578214,0
578215,0
578216,0
578217,10
578218,0
578219,23
578220,0
578221,0
578222,0
578223,0
578224,0
578225,0
578226,16
578227,0
578228,0
578229,0
578230,0
578231,9
578232,0
578233,0
578234,0
578235,0
578236,0
578237,0
578238,0
578239,13
578240,0
578241,0
578242,0
578243,0
578244,0
578245,0
578246,0
578247,10
578248,0
578249,0
578250,0
578251,0
578252,0
578253,0
578254,0
578255,0
578256,0
578257,0
578258,0
578259,12
578260,0
578261,16
578262,0
578263,0
578264,0
578265,0
578266,0
578267,15
578268,14
578269,0
578270,19
578271,0
578272,0
578273,0
578274,0
578275,0
578276,0
578277,0
578278,0
578279,0
578280,14
578281,0
578282,0
578283,15
578284,0
578285,0
578286,8
578287,0
578288,0
578289,0
578290,0
578291,20
578292,0
578293,0
578294,0
578295,0
578296,0
578297,0
578298,20
578299,0
578300,0
578301,0
578302,0
578303,0
578304,0
578305,0
578306,0
578307,20
578308,0
578309,0
578310,0
578311,0
578312,0
578313,0
578314,0
578315,0
578316,0
578317,0
578318,0
578319,0
578320,0
578321,0
578322,0
578323,0
578324,0
578325,0
578326,0
578327,18
578328,0
578329,0
578330,8
578331,0
578332,0
578333,19
578334,0
578335,17
578336,0
578337,15
578338,0
578339,0
578340,10
578341,0
578342,0
578343,0
578344,0
578345,12
578346,14
578347,0
578348,0
578349,0
578350,0
578351,0
578352,0
578353,0
578354,0
578355,0
578356,0
578357,0
578358,20
578359,0
578360,0
578361,11
578362,0
578363,0
578364,0
578365,13
578366,21
578367,0
578368,0
578369,0
578370,0
578371,8
578372,0
578373,0
578374,0
578375,0
578376,0
578377,0
578378,0
578379,0
578380,0
578381,0
578382,0
578383,12
578384,0
578385,0
578386,0
578387,0
578388,0
578389,16
578390,0
578391,0
578392,0
578393,14
578394,0
578395,0
578396,0
578397,14
578398,0
578399,0
578400,0
578401,0
578402,19
578403,0
578404,0
578405,20
578406,0
578407,16
578408,0
578409,0
578410,0
578411,0
578412,16
578413,0
578414,0
578415,0
578416,22
578417,0
578418,0
578419,11
578420,0
578421,17
578422,0
578423,0
578424,0
578425,0
578426,0
578427,11
578428,0
578429,11
578430,4
578431,0
578432,0
578433,0
578434,0
578435,0
578436,0
578437,0
578438,0
578439,0
578440,16
578441,0
578442,0
578443,0
578444,0
578445,0
578446,0
578447,0
578448,0
578449,0
578450,0
578451,0
578452,18
578453,0
578454,9
578455,0
578456,0
578457,0
578458,0
578459,0
578460,0
578461,0
578462,0
578463,0
578464,0
578465,0
578466,0
578467,0
578468,19
578469,13
578470,0
578471,0
578472,0
578473,0
578474,0
578475,0
578476,0
578477,0
578478,0
578479,0
578480,15
578481,0
578482,0
578483,0
578484,0
578485,0
578486,14
578487,0
578488,0
578489,0
578490,0
578491,0
578492,0
578493,0
578494,0
578495,0
578496,0
578497,0
578498,0
578499,0
578500,0
578501,0
578502,0
578503,0
578504,0
578505,0
578506,0
578507,10
578508,0
578509,0
578510,9
578511,0
578512,0
578513,0
578514,0
578515,0
578516,0
578517,0
578518,15
578519,0
578520,24
578521,0
578522,0
578523,0
578524,0
578525,0
578526,0
578527,0
578528,15
578529,0
578530,0
578531,0
578532,0
578533,13
578534,0
578535,0
578536,0
578537,0
578538,0
578539,0
578540,0
578541,0
578542,0
578543,0
578544,0
578545,0
578546,0
578547,0
578548,0
578549,0
578550,0
578551,0
578552,0
578553,10
578554,15
578555,0
578556,0
578557,0
578558,0
578559,0
578560,0
578561,0
578562,0
578563,0
578564,0
578565,0
578566,0
578567,0
578568,0
578569,0
578570,0
578571,0
578572,0
578573,0
578574,8
578575,0
578576,0
578577,0
578578,0
578579,16
578580,16
578581,0
578582,0
578583,0
578584,0
578585,13
578586,0
578587,0
578588,0
578589,0
578590,14
578591,0
578592,0
578593,0
578594,0
578595,0
578596,16
578597,0
578598,0
578599,0
578600,0
578601,0
578602,0
578603,0
578604,0
578605,0
578606,0
578607,0
578608,0
578609,0
578610,0
578611,0
578612,11
578613,0
578614,0
578615,0
578616,0
578617,0
578618,11
578619,0
578620,0
578621,14
578622,0
578623,0
578624,0
578625,0
578626,0
578627,0
578628,0
578629,19
578630,19
578631,0
578632,0
578633,11
578634,0
578635,11
578636,0
578637,0
578638,16
578639,0
578640,0
578641,0
578642,0
578643,14
578644,0
578645,0
578646,0
578647,0
578648,0
578649,0
578650,0
578651,0
578652,0
578653,0
578654,9
578655,12
578656,0
578657,0
578658,0
578659,0
578660,0
578661,0
578662,0
578663,0
578664,0
578665,0
578666,0
578667,0
578668,0
578669,0
578670,0
578671,0
578672,16
578673,0
578674,15
578675,0
578676,0
578677,0
578678,0
578679,0
578680,0
578681,0
578682,0
578683,0
578684,0
578685,0
578686,0
578687,0
578688,0
578689,0
578690,0
578691,0
578692,0
578693,0
578694,0
578695,0
578696,0
578697,0
578698,0
578699,0
578700,0
578701,0
578702,0
578703,0
578704,0
578705,0
578706,0
578707,0
578708,0
578709,0
578710,15
578711,17
578712,25
578713,0
578714,0
578715,0
578716,0
578717,0
578718,0
578719,11
578720,0
578721,0
578722,12
578723,0
578724,19
578725,0
578726,0
578727,0
578728,0
578729,0
578730,0
578731,0
578732,0
578733,0
578734,0
578735,0
578736,0
578737,0
578738,0
578739,0
578740,0
578741,0
578742,14
578743,8
578744,0
578745,0
578746,0
578747,0
578748,0
578749,0
578750,0
578751,0
578752,0
578753,0
578754,0
578755,0
578756,0
578757,0
578758,0
578759,0
578760,0
578761,0
578762,0
578763,0
578764,0
578765,0
578766,18
578767,0
578768,0
578769,0
578770,0
578771,0
578772,0
578773,0
578774,0
578775,0
578776,0
578777,0
578778,0
578779,0
578780,18
578781,0
578782,0
578783,30
578784,0
578785,0
578786,0
578787,0
578788,0
578789,0
578790,0
578791,0
578792,0
578793,0
578794,0
578795,0
578796,0
578797,0
578798,19
578799,0
578800,0
578801,0
578802,14
578803,17
578804,0
578805,0
578806,0
578807,0
578808,0
578809,0
578810,0
578811,0
578812,0
578813,0
578814,0
578815,0
578816,0
578817,0
578818,0
578819,0
578820,0
578821,0
578822,0
578823,0
578824,0
578825,0
578826,0
578827,0
578828,0
578829,0
578830,0
578831,0
578832,0
578833,0
578834,17
578835,0
578836,18
578837,0
578838,14
578839,0
578840,0
578841,0
578842,0
578843,0
578844,0
578845,0
578846,0
578847,0
578848,0
578849,0
578850,0
578851,0
578852,0
578853,0
578854,0
578855,0
578856,0
578857,8
578858,0
578859,0
578860,0
578861,20
578862,0
578863,13
578864,0
578865,0
578866,0
578867,0
578868,0
578869,0
578870,18
578871,0
578872,0
578873,0
578874,0
578875,0
578876,0
578877,0
578878,0
578879,0
578880,0
578881,0
578882,17
578883,0
578884,0
578885,0
578886,0
578887,0
578888,0
578889,0
578890,23
578891,0
578892,0
578893,0
578894,0
578895,0
578896,0
578897,0
578898,0
578899,0
578900,0
578901,0
578902,0
578903,0
578904,19
578905,0
578906,4
578907,0
578908,0
578909,0
578910,0
578911,0
578912,0
578913,0
578914,0
578915,0
578916,0
578917,0
578918,0
578919,0
578920,0
578921,0
578922,0
578923,0
578924,0
578925,0
578926,0
578927,0
578928,0
578929,0
578930,0
578931,13
578932,0
578933,0
578934,0
578935,0
578936,0
578937,0
578938,0
578939,0
578940,0
578941,0
578942,0
578943,0
578944,0
578945,0
578946,15
578947,0
578948,0
578949,0
578950,0
578951,0
578952,0
578953,0
578954,11
578955,0
578956,0
578957,0
578958,0
578959,9
578960,0
578961,0
578962,0
578963,17
578964,0
578965,0
578966,0
578967,0
578968,0
578969,0
578970,0
578971,0
578972,0
578973,0
578974,26
578975,0
578976,0
578977,0
578978,10
578979,0
578980,0
578981,0
578982,0
578983,0
578984,0
578985,0
578986,20
578987,0
578988,0
578989,0
578990,0
578991,0
578992,0
578993,0
578994,0
578995,0
578996,0
578997,0
578998,22
578999,5
579000,0
579001,17
579002,0
579003,0
579004,15
579005,0
579006,0
579007,0
579008,0
579009,0
579010,0
579011,0
579012,0
579013,0
579014,0
579015,0
579016,0
579017,0
579018,0
579019,0
579020,0
579021,0
579022,0
579023,0
579024,0
579025,0
579026,0
579027,17
579028,0
579029,0
579030,0
579031,16
579032,0
579033,0
579034,0
579035,0
579036,0
579037,17
579038,0
579039,25
579040,0
579041,0
579042,0
579043,0
579044,0
579045,0
579046,0
579047,16
579048,0
579049,0
579050,0
579051,0
579052,15
579053,0
579054,19
579055,0
579056,0
579057,0
579058,0
579059,0
579060,0
579061,0
579062,0
579063,0
579064,0
579065,0
579066,0
579067,0
579068,0
579069,14
579070,0
579071,0
579072,0
579073,0
579074,0
579075,18
579076,0
579077,0
579078,0
579079,0
579080,0
579081,0
579082,0
579083,29
579084,15
579085,0
579086,0
579087,25
579088,26
579089,0
579090,0
579091,0
579092,0
579093,0
579094,0
579095,18
579096,11
579097,0
579098,21
579099,0
579100,0
579101,0
579102,0
579103,25
579104,26
579105,0
579106,9
579107,0
579108,0
579109,15
579110,0
579111,0
579112,0
579113,0
579114,0
579115,0
579116,0
579117,13
579118,0
579119,12
579120,0
579121,0
579122,0
579123,0
579124,0
579125,0
579126,0
579127,0
579128,0
579129,0
579130,0
579131,0
579132,20
579133,0
579134,0
579135,0
579136,0
579137,0
579138,0
579139,0
579140,0
579141,16
579142,0
579143,0
579144,0
579145,0
579146,0
579147,0
579148,0
579149,0
579150,0
579151,0
579152,0
579153,17
579154,14
579155,0
579156,0
579157,0
579158,0
579159,0
579160,0
579161,0
579162,0
579163,0
579164,0
579165,0
579166,0
579167,0
579168,0
579169,0
579170,0
579171,0
579172,17
579173,0
579174,0
579175,28
579176,19
579177,0
579178,14
579179,0
579180,0
579181,21
579182,0
579183,0
579184,0
579185,0
579186,22
579187,0
579188,0
579189,0
579190,0
579191,0
579192,0
579193,0
579194,0
579195,0
579196,0
579197,0
579198,0
579199,21
579200,26
579201,0
579202,0
579203,0
579204,0
579205,0
579206,0
579207,0
579208,0
579209,18
579210,0
579211,27
579212,0
579213,14
579214,0
579215,16
579216,0
579217,0
579218,0
579219,0
579220,0
579221,0
579222,0
579223,0
579224,0
579225,13
579226,15
579227,0
579228,18
579229,0
579230,0
579231,16
579232,0
579233,18
579234,0
579235,0
579236,0
579237,11
579238,0
579239,16
579240,0
579241,0
579242,0
579243,27
579244,0
579245,0
579246,0
579247,0
579248,0
579249,0
579250,0
579251,0
579252,0
579253,0
579254,0
579255,0
579256,13
579257,0
579258,27
579259,0
579260,0
579261,0
579262,0
579263,0
579264,0
579265,15
579266,0
579267,0
579268,0
579269,0
579270,0
579271,0
579272,14
579273,0
579274,0
579275,0
579276,0
579277,20
579278,0
579279,0
579280,0
579281,0
579282,0
579283,0
579284,18
579285,0
579286,22
579287,0
579288,0
579289,0
579290,0
579291,0
579292,0
579293,15
579294,0
579295,12
579296,0
579297,0
579298,16
579299,0
579300,0
579301,0
579302,0
579303,19
579304,0
579305,0
579306,0
579307,0
579308,0
579309,0
579310,0
579311,0
579312,0
579313,0
579314,14
579315,0
579316,0
579317,0
579318,0
579319,0
579320,0
579321,20
579322,0
579323,0
579324,0
579325,13
579326,0
579327,0
579328,0
579329,0
579330,0
579331,0
579332,18
579333,0
579334,0
579335,0
579336,0
579337,0
579338,0
579339,18
579340,0
579341,12
579342,0
579343,0
579344,19
579345,0
579346,13
579347,0
579348,0
579349,0
579350,0
579351,0
579352,0
579353,0
579354,0
579355,0
579356,0
579357,14
579358,0
579359,16
579360,0
579361,0
579362,0
579363,0
579364,0
579365,0
579366,0
579367,0
579368,0
579369,0
579370,0
579371,0
579372,0
579373,0
579374,0
579375,0
579376,0
579377,0
579378,0
579379,6
579380,0
579381,0
579382,0
579383,0
579384,16
579385,0
579386,18
579387,0
579388,21
579389,0
579390,0
579391,0
579392,0
579393,0
579394,0
579395,0
579396,0
579397,0
579398,11
579399,12
579400,0
579401,18
579402,0
579403,0
579404,0
579405,0
579406,0
579407,0
579408,0
579409,0
579410,0
579411,0
579412,0
579413,0
579414,0
579415,0
579416,0
579417,0
579418,0
579419,0
579420,0
579421,0
579422,0
579423,0
579424,0
579425,9
579426,0
579427,0
579428,0
579429,0
579430,0
579431,0
579432,0
579433,13
579434,0
579435,0
579436,0
579437,0
579438,16
579439,0
579440,12
579441,0
579442,0
579443,0
579444,0
579445,0
579446,0
579447,0
579448,0
579449,0
579450,0
579451,0
579452,0
579453,0
579454,13
579455,0
579456,0
579457,0
579458,0
579459,0
579460,0
579461,15
579462,20
579463,0
579464,0
579465,0
579466,0
579467,0
579468,0
579469,0
579470,0
579471,0
579472,0
579473,0
579474,0
579475,0
579476,0
579477,0
579478,25
579479,17
579480,0
579481,0
579482,16
579483,0
579484,0
579485,0
579486,0
579487,0
579488,0
579489,0
579490,10
579491,0
579492,0
579493,26
579494,0
579495,0
579496,14
579497,20
579498,0
579499,0
579500,0
579501,0
579502,19
579503,0
579504,0
579505,0
579506,20
579507,0
579508,0
579509,0
579510,0
579511,0
579512,0
579513,0
579514,0
579515,0
579516,0
579517,0
579518,0
579519,0
579520,0
579521,0
579522,0
579523,0
579524,0
579525,0
579526,0
579527,0
579528,0
579529,0
579530,0
579531,0
579532,0
579533,23
579534,0
579535,0
579536,0
579537,0
579538,0
579539,0
579540,0
579541,0
579542,0
579543,0
579544,0
579545,0
579546,9
579547,12
579548,0
579549,14
579550,12
579551,0
579552,20
579553,0
579554,0
579555,0
579556,0
579557,0
579558,0
579559,16
579560,0
579561,14
579562,0
579563,15
579564,0
579565,0
579566,0
579567,0
579568,0
579569,0
579570,0
579571,0
579572,0
579573,0
579574,0
579575,0
579576,0
579577,0
579578,0
579579,14
579580,0
579581,0
579582,15
579583,0
579584,0
579585,0
579586,0
579587,0
579588,25
579589,25
579590,0
579591,0
579592,14
579593,0
579594,0
579595,0
579596,0
579597,0
579598,21
579599,0
579600,0
579601,0
579602,0
579603,0
579604,0
579605,13
579606,0
579607,0
579608,0
579609,0
579610,18
579611,0
579612,0
579613,0
579614,0
579615,0
579616,0
579617,25
579618,0
579619,0
579620,14
579621,0
579622,0
579623,0
579624,0
579625,0
579626,0
579627,0
579628,0
579629,0
579630,0
579631,25
579632,19
579633,0
579634,0
579635,0
579636,25
579637,20
579638,0
579639,14
579640,20
579641,0
579642,12
579643,11
579644,0
579645,8
579646,0
579647,0
579648,0
579649,15
579650,10
579651,0
579652,0
579653,0
579654,0
579655,0
579656,0
579657,21
579658,14
579659,0
579660,0
579661,0
579662,0
579663,0
579664,0
579665,14
579666,0
579667,0
579668,0
579669,0
579670,0
579671,26
579672,0
579673,26
579674,0
579675,0
579676,0
579677,0
579678,0
579679,0
579680,0
579681,0
579682,18
579683,0
579684,0
579685,0
579686,0
579687,0
579688,0
579689,0
579690,0
579691,11
579692,0
579693,0
579694,0
579695,15
579696,0
579697,0
579698,0
579699,0
579700,0
579701,0
579702,0
579703,0
579704,0
579705,0
579706,0
579707,0
579708,0
579709,0
579710,0
579711,0
579712,0
579713,21
579714,0
579715,0
579716,0
579717,14
579718,0
579719,0
579720,15
579721,0
579722,0
579723,0
579724,0
579725,22
579726,0
579727,0
579728,12
579729,20
579730,0
579731,14
579732,15
579733,16
579734,0
579735,0
579736,0
579737,0
579738,0
579739,0
579740,0
579741,0
579742,0
579743,0
579744,0
579745,0
579746,0
579747,0
579748,0
579749,0
579750,58
579751,0
579752,0
579753,0
579754,0
579755,0
579756,0
579757,0
579758,0
579759,0
579760,0
579761,0
579762,24
579763,0
579764,0
579765,19
579766,0
579767,0
579768,0
579769,0
579770,0
579771,0
579772,0
579773,0
579774,0
579775,0
579776,0
579777,0
579778,0
579779,0
579780,0
579781,0
579782,0
579783,0
579784,0
579785,0
579786,0
579787,0
579788,0
579789,0
579790,0
579791,0
579792,0
579793,0
579794,0
579795,0
579796,0
579797,0
579798,0
579799,0
579800,0
579801,0
579802,0
579803,0
579804,0
579805,0
579806,1
579807,0
579808,0
579809,0
579810,0
579811,0
579812,0
579813,0
579814,0
579815,0
579816,0
579817,0
579818,0
579819,0
579820,0
579821,0
579822,0
579823,0
579824,0
579825,0
579826,0
579827,0
579828,0
579829,0
579830,0
579831,0
579832,0
579833,0
579834,0
579835,0
579836,0
579837,0
579838,0
579839,0
579840,0
579841,0
579842,0
579843,0
579844,0
579845,0
579846,0
579847,0
579848,0
579849,0
579850,0
579851,0
579852,0
579853,0
579854,0
579855,0
579856,0
579857,0
579858,0
579859,0
579860,0
579861,0
579862,0
579863,0
579864,0
579865,0
579866,0
579867,0
579868,0
579869,0
579870,0
579871,0
579872,0
579873,0
579874,0
579875,0
579876,0
579877,0
579878,0
579879,0
579880,0
579881,0
579882,0
579883,0
579884,0
579885,0
579886,0
579887,0
579888,1
579889,0
579890,0
579891,0
579892,0
579893,0
579894,0
579895,0
579896,0
579897,0
579898,0
579899,0
579900,0
579901,0
579902,0
579903,0
579904,0
579905,0
579906,0
579907,0
579908,0
579909,0
579910,0
579911,0
579912,0
579913,0
579914,0
579915,0
579916,0
579917,0
579918,0
579919,0
579920,0
579921,0
579922,0
579923,0
579924,0
579925,0
579926,0
579927,0
579928,0
579929,0
579930,0
579931,0
579932,0
579933,0
579934,0
579935,0
579936,0
579937,0
579938,0
579939,0
579940,0
579941,0
579942,0
579943,1
579944,0
579945,0
579946,0
579947,0
579948,0
579949,0
579950,0
579951,0
579952,0
579953,0
579954,0
579955,0
579956,0
579957,0
579958,0
579959,0
579960,0
579961,0
579962,0
579963,0
579964,0
579965,0
579966,0
579967,0
579968,0
579969,0
579970,0
579971,0
579972,0
579973,0
579974,0
579975,0
579976,0
579977,1
579978,0
579979,0
579980,0
579981,0
579982,0
579983,0
579984,0
579985,0
579986,0
579987,0
579988,0
579989,0
579990,0
579991,0
579992,0
579993,0
579994,0
579995,0
579996,0
579997,0
579998,0
579999,0
580000,0
580001,0
580002,0
580003,1
580004,0
580005,0
580006,0
580007,0
580008,0
580009,0
580010,0
580011,0
580012,0
580013,0
580014,0
580015,0
580016,0
580017,0
580018,0
580019,0
580020,0
580021,0
580022,0
580023,0
580024,0
580025,0
580026,0
580027,0
580028,0
580029,0
580030,0
580031,0
580032,0
580033,0
580034,0
580035,0
580036,0
580037,0
580038,0
580039,0
580040,0
580041,0
580042,0
580043,0
580044,0
580045,0
580046,0
580047,0
580048,0
580049,0
580050,0
580051,0
580052,0
580053,0
580054,0
580055,0
580056,0
580057,0
580058,0
580059,0
580060,0
580061,0
580062,0
580063,0
580064,0
580065,0
580066,0
580067,0
580068,0
580069,0
580070,0
580071,0
580072,1
580073,0
580074,0
580075,0
580076,0
580077,0
580078,0
580079,0
580080,0
580081,0
580082,0
580083,0
580084,0
580085,0
580086,1
580087,0
580088,0
580089,0
580090,0
580091,0
580092,0
580093,0
580094,0
580095,0
580096,0
580097,0
580098,0
580099,0
580100,0
580101,0
580102,0
580103,0
580104,0
580105,0
580106,0
580107,0
580108,0
580109,0
580110,0
580111,0
580112,0
580113,0
580114,0
580115,0
580116,0
580117,0
580118,0
580119,0
580120,0
580121,0
580122,0
580123,0
580124,0
580125,0
580126,0
580127,0
580128,0
580129,0
580130,0
580131,0
580132,0
580133,0
580134,0
580135,0
580136,0
580137,0
580138,0
580139,0
580140,0
580141,0
580142,0
580143,0
580144,0
580145,0
580146,0
580147,0
580148,0
580149,0
580150,0
580151,0
580152,0
580153,0
580154,0
580155,0
580156,0
580157,0
580158,0
580159,0
580160,0
580161,0
580162,0
580163,0
580164,0
580165,0
580166,0
580167,0
580168,0
580169,0
580170,1
580171,0
580172,0
580173,0
580174,0
580175,0
580176,0
580177,0
580178,0
580179,0
580180,0
580181,0
580182,0
580183,0
580184,0
580185,0
580186,0
580187,0
580188,0
580189,0
580190,0
580191,0
580192,0
580193,0
580194,0
580195,0
580196,0
580197,0
580198,0
580199,0
580200,0
580201,0
580202,0
580203,0
580204,0
580205,0
580206,0
580207,0
580208,0
580209,0
580210,0
580211,0
580212,0
580213,0
580214,0
580215,0
580216,0
580217,0
580218,0
580219,0
580220,0
580221,0
580222,0
580223,0
580224,0
580225,0
580226,0
580227,0
580228,0
580229,0
580230,0
580231,0
580232,0
580233,0
580234,0
580235,0
580236,0
580237,0
580238,0
580239,0
580240,0
580241,0
580242,0
580243,0
580244,0
580245,0
580246,0
580247,0
580248,0
580249,0
580250,0
580251,0
580252,0
580253,0
580254,0
580255,0
580256,0
580257,0
580258,0
580259,0
580260,0
580261,0
580262,0
580263,0
580264,0
580265,0
580266,0
580267,0
580268,0
580269,0
580270,0
580271,0
580272,0
580273,0
580274,0
580275,0
580276,0
580277,0
580278,0
580279,0
580280,0
580281,0
580282,0
580283,0
580284,0
580285,0
580286,0
580287,0
580288,0
580289,0
580290,0
580291,0
580292,0
580293,0
580294,0
580295,0
580296,0
580297,0
580298,0
580299,0
580300,0
580301,0
580302,0
580303,0
580304,0
580305,0
580306,0
580307,0
580308,0
580309,0
580310,0
580311,0
580312,0
580313,0
580314,0
580315,0
580316,0
580317,0
580318,0
580319,0
580320,0
580321,0
580322,0
580323,0
580324,0
580325,0
580326,0
580327,0
580328,0
580329,0
580330,0
580331,0
580332,0
580333,0
580334,0
580335,0
580336,0
580337,0
580338,0
580339,0
580340,0
580341,0
580342,0
580343,0
580344,0
580345,0
580346,0
580347,0
580348,0
580349,0
580350,0
580351,0
580352,0
580353,0
580354,0
580355,0
580356,0
580357,0
580358,0
580359,0
580360,0
580361,0
580362,0
580363,0
580364,0
580365,0
580366,0
580367,0
580368,0
580369,0
580370,0
580371,0
580372,0
580373,0
580374,0
580375,0
580376,0
580377,0
580378,0
580379,0
580380,0
580381,0
580382,0
580383,0
580384,0
580385,0
580386,0
580387,0
580388,0
580389,0
580390,0
580391,0
580392,0
580393,0
580394,0
580395,0
580396,0
580397,0
580398,0
580399,0
580400,0
580401,0
580402,0
580403,0
580404,0
580405,0
580406,0
580407,0
580408,0
580409,0
580410,0
580411,0
580412,0
580413,0
580414,0
580415,0
580416,0
580417,0
580418,0
580419,0
580420,0
580421,0
580422,0
580423,0
580424,0
580425,0
580426,0
580427,0
580428,0
580429,0
580430,0
580431,0
580432,0
580433,0
580434,0
580435,0
580436,0
580437,0
580438,0
580439,0
580440,0
580441,0
580442,0
580443,0
580444,0
580445,0
580446,1
580447,0
580448,0
580449,0
580450,0
580451,0
580452,0
580453,0
580454,0
580455,0
580456,0
580457,0
580458,0
580459,0
580460,0
580461,0
580462,0
580463,0
580464,0
580465,0
580466,0
580467,0
580468,0
580469,0
580470,0
580471,0
580472,0
580473,0
580474,0
580475,0
580476,0
580477,0
580478,0
580479,0
580480,0
580481,0
580482,0
580483,0
580484,0
580485,0
580486,0
580487,0
580488,0
580489,0
580490,0
580491,0
580492,0
580493,0
580494,0
580495,0
580496,0
580497,0
580498,0
580499,0
580500,0
580501,0
580502,0
580503,0
580504,0
580505,0
580506,0
580507,0
580508,0
580509,0
580510,0
580511,0
580512,0
580513,0
580514,0
580515,0
580516,0
580517,0
580518,0
580519,0
580520,0
580521,0
580522,0
580523,0
580524,0
580525,0
580526,0
580527,0
580528,0
580529,0
580530,0
580531,0
580532,0
580533,0
580534,0
580535,0
580536,0
580537,0
580538,0
580539,0
580540,0
580541,0
580542,0
580543,0
580544,0
580545,0
580546,0
580547,0
580548,0
580549,0
580550,0
580551,0
580552,0
580553,0
580554,0
580555,0
580556,0
580557,0
580558,0
580559,0
580560,0
580561,0
580562,0
580563,0
580564,0
580565,0
580566,0
580567,0
580568,0
580569,0
580570,0
580571,0
580572,0
580573,0
580574,0
580575,0
580576,0
580577,0
580578,0
580579,0
580580,0
580581,0
580582,0
580583,0
580584,0
580585,0
580586,0
580587,0
580588,0
580589,0
580590,0
580591,0
580592,0
580593,0
580594,0
580595,0
580596,0
580597,0
580598,1
580599,0
580600,0
580601,0
580602,0
580603,0
580604,0
580605,0
580606,0
580607,0
580608,0
580609,0
580610,0
580611,0
580612,0
580613,0
580614,0
580615,0
580616,0
580617,0
580618,0
580619,0
580620,0
580621,0
580622,0
580623,0
580624,0
580625,0
580626,0
580627,0
580628,0
580629,0
580630,0
580631,0
580632,0
580633,0
580634,0
580635,0
580636,0
580637,0
580638,0
580639,0
580640,0
580641,0
580642,0
580643,0
580644,0
580645,0
580646,0
580647,0
580648,0
580649,0
580650,0
580651,0
580652,0
580653,0
580654,0
580655,0
580656,0
580657,0
580658,0
580659,0
580660,0
580661,0
580662,0
580663,0
580664,0
580665,0
580666,0
580667,0
580668,0
580669,0
580670,0
580671,0
580672,0
580673,0
580674,0
580675,0
580676,0
580677,0
580678,0
580679,0
580680,0
580681,0
580682,0
580683,0
580684,0
580685,0
580686,0
580687,0
580688,0
580689,0
580690,0
580691,0
580692,0
580693,0
580694,0
580695,0
580696,0
580697,0
580698,0
580699,0
580700,0
580701,0
580702,0
580703,0
580704,0
580705,0
580706,0
580707,0
580708,0
580709,0
580710,0
580711,0
580712,0
580713,0
580714,0
580715,0
580716,0
580717,0
580718,0
580719,0
580720,0
580721,0
580722,0
580723,0
580724,0
580725,0
580726,0
580727,0
580728,0
580729,0
580730,0
580731,0
580732,0
580733,0
580734,0
580735,0
580736,0
580737,0
580738,0
580739,0
580740,0
580741,0
580742,0
580743,0
580744,0
580745,0
580746,0
580747,0
580748,0
580749,0
580750,0
580751,0
580752,0
580753,0
580754,0
580755,0
580756,0
580757,0
580758,0
580759,0
580760,0
580761,0
580762,0
580763,0
580764,0
580765,0
580766,0
580767,0
580768,0
580769,0
580770,0
580771,26
580772,0
580773,0
580774,0
580775,0
580776,0
580777,0
580778,0
580779,0
580780,0
580781,0
580782,0
580783,0
580784,0
580785,0
580786,0
580787,25
580788,0
580789,0
580790,0
580791,32
580792,0
580793,0
580794,13
580795,31
580796,0
580797,0
580798,44
580799,29
580800,0
580801,0
580802,0
580803,0
580804,0
580805,0
580806,0
580807,0
580808,0
580809,38
580810,0
580811,0
580812,0
580813,0
580814,0
580815,0
580816,0
580817,0
580818,0
580819,21
580820,0
580821,0
580822,0
580823,21
580824,0
580825,23
580826,0
580827,0
580828,0
580829,0
580830,0
580831,0
580832,0
580833,0
580834,0
580835,0
580836,0
580837,0
580838,0
580839,0
580840,0
580841,0
580842,0
580843,0
580844,0
580845,0
580846,0
580847,0
580848,0
580849,27
580850,0
580851,0
580852,0
580853,0
580854,0
580855,0
580856,0
580857,0
580858,13
580859,31
580860,0
580861,0
580862,0
580863,0
580864,0
580865,0
580866,0
580867,0
580868,0
580869,0
580870,0
580871,0
580872,0
580873,0
580874,0
580875,0
580876,0
580877,0
580878,28
580879,0
580880,0
580881,0
580882,0
580883,0
580884,0
580885,0
580886,0
580887,0
580888,0
580889,0
580890,0
580891,0
580892,0
580893,0
580894,0
580895,0
580896,0
580897,0
580898,0
580899,0
580900,0
580901,0
580902,0
580903,21
580904,0
580905,0
580906,0
580907,28
580908,22
580909,0
580910,0
580911,0
580912,0
580913,0
580914,0
580915,0
580916,0
580917,0
580918,0
580919,0
580920,0
580921,0
580922,0
580923,25
580924,0
580925,0
580926,0
580927,0
580928,0
580929,0
580930,0
580931,0
580932,0
580933,0
580934,0
580935,0
580936,0
580937,0
580938,0
580939,0
580940,0
580941,0
580942,0
580943,0
580944,0
580945,0
580946,0
580947,38
580948,0
580949,0
580950,0
580951,0
580952,0
580953,0
580954,0
580955,0
580956,0
580957,19
580958,0
580959,0
580960,28
580961,0
580962,0
580963,0
580964,20
580965,0
580966,0
580967,0
580968,0
580969,0
580970,0
580971,0
580972,0
580973,0
580974,0
580975,0
580976,0
580977,0
580978,0
580979,0
580980,0
580981,0
580982,0
580983,0
580984,0
580985,0
580986,0
580987,0
580988,0
580989,0
580990,0
580991,0
580992,0
580993,0
580994,0
580995,0
580996,0
580997,0
580998,0
580999,0
581000,0
581001,20
581002,0
581003,0
581004,0
581005,0
581006,0
581007,0
581008,24
581009,0
581010,0
581011,0
581012,17
581013,0
581014,0
581015,0
581016,17
581017,0
581018,0
581019,0
581020,0
581021,0
581022,0
581023,0
581024,0
581025,0
581026,0
581027,0
581028,0
581029,0
581030,31
581031,33
581032,0
581033,0
581034,0
581035,0
581036,0
581037,0
581038,0
581039,0
581040,0
581041,28
581042,0
581043,0
581044,0
581045,27
581046,0
581047,0
581048,0
581049,0
581050,0
581051,24
581052,0
581053,0
581054,0
581055,0
581056,0
581057,0
581058,0
581059,0
581060,0
581061,36
581062,0
581063,0
581064,0
581065,0
581066,0
581067,29
581068,0
581069,0
581070,0
581071,0
581072,0
581073,0
581074,0
581075,0
581076,32
581077,0
581078,0
581079,27
581080,0
581081,0
581082,0
581083,0
581084,0
581085,0
581086,0
581087,0
581088,0
581089,0
581090,0
581091,0
581092,0
581093,0
581094,0
581095,0
581096,0
581097,0
581098,0
581099,0
581100,0
581101,0
581102,0
581103,0
581104,0
581105,28
581106,0
581107,0
581108,0
581109,0
581110,0
581111,0
581112,0
581113,0
581114,0
581115,0
581116,0
581117,0
581118,0
581119,36
581120,0
581121,0
581122,0
581123,0
581124,0
581125,0
581126,0
581127,0
581128,0
581129,0
581130,19
581131,0
581132,0
581133,0
581134,0
581135,0
581136,32
581137,0
581138,0
581139,0
581140,0
581141,0
581142,0
581143,0
581144,0
581145,0
581146,0
581147,0
581148,0
581149,0
581150,0
581151,0
581152,0
581153,20
581154,0
581155,0
581156,0
581157,0
581158,0
581159,23
581160,0
581161,0
581162,0
581163,0
581164,0
581165,0
581166,0
581167,0
581168,0
581169,0
581170,0
581171,0
581172,0
581173,0
581174,0
581175,0
581176,0
581177,0
581178,30
581179,0
581180,0
581181,0
581182,0
581183,0
581184,0
581185,0
581186,0
581187,0
581188,0
581189,0
581190,0
581191,0
581192,31
581193,0
581194,0
581195,0
581196,0
581197,35
581198,0
581199,0
581200,0
581201,0
581202,0
581203,0
581204,0
581205,0
581206,0
581207,0
581208,0
581209,0
581210,0
581211,0
581212,0
581213,0
581214,0
581215,26
581216,29
581217,0
581218,23
581219,0
581220,29
581221,0
581222,0
581223,0
581224,0
581225,0
581226,0
581227,0
581228,0
581229,0
581230,0
581231,24
581232,0
581233,0
581234,0
581235,0
581236,0
581237,0
581238,0
581239,0
581240,0
581241,0
581242,0
581243,30
581244,30
581245,0
581246,0
581247,29
581248,0
581249,0
581250,0
581251,0
581252,25
581253,37
581254,0
581255,0
581256,18
581257,22
581258,0
581259,0
581260,0
581261,0
581262,0
581263,21
581264,25
581265,0
581266,0
581267,25
581268,0
581269,17
581270,25
581271,26
581272,0
581273,23
581274,10
581275,0
581276,0
581277,0
581278,0
581279,0
581280,0
581281,23
581282,0
581283,0
581284,0
581285,0
581286,40
581287,0
581288,0
581289,36
581290,0
581291,0
581292,0
581293,0
581294,30
581295,0
581296,0
581297,29
581298,23
581299,21
581300,0
581301,0
581302,0
581303,0
581304,0
581305,0
581306,0
581307,0
581308,0
581309,0
581310,19
581311,22
581312,23
581313,0
581314,31
581315,0
581316,0
581317,0
581318,0
581319,32
581320,24
581321,16
581322,26
581323,17
581324,29
581325,0
581326,27
581327,0
581328,36
581329,0
581330,0
581331,0
581332,0
581333,30
581334,0
581335,0
581336,0
581337,30
581338,0
581339,0
581340,0
581341,14
581342,0
581343,0
581344,0
581345,0
581346,0
581347,0
581348,0
581349,29
581350,35
581351,29
581352,0
581353,0
581354,0
581355,0
581356,0
581357,0
581358,0
581359,0
581360,23
581361,21
581362,0
581363,0
581364,0
581365,0
581366,0
581367,0
581368,0
581369,0
581370,0
581371,0
581372,0
581373,0
581374,0
581375,32
581376,0
581377,34
581378,0
581379,33
581380,30
581381,0
581382,0
581383,0
581384,0
581385,15
581386,24
581387,0
581388,0
581389,0
581390,0
581391,0
581392,30
581393,0
581394,20
581395,23
581396,0
581397,23
581398,26
581399,0
581400,0
581401,31
581402,0
581403,32
581404,34
581405,0
581406,0
581407,0
581408,20
581409,0
581410,0
581411,31
581412,0
581413,0
581414,0
581415,0
581416,0
581417,0
581418,0
581419,20
581420,24
581421,21
581422,38
581423,0
581424,24
581425,0
581426,0
581427,0
581428,0
581429,0
581430,0
581431,0
581432,0
581433,0
581434,28
581435,0
581436,0
581437,0
581438,28
581439,14
581440,29
581441,0
581442,0
581443,0
581444,0
581445,0
581446,0
581447,0
581448,0
581449,20
581450,0
581451,27
581452,24
581453,0
581454,0
581455,30
581456,19
581457,0
581458,0
581459,0
581460,0
581461,22
581462,0
581463,20
581464,0
581465,29
581466,0
581467,0
581468,18
581469,0
581470,27
581471,0
581472,0
581473,0
581474,26
581475,0
581476,0
581477,25
581478,0
581479,0
581480,25
581481,22
581482,0
581483,0
581484,0
581485,0
581486,0
581487,0
581488,0
581489,25
581490,23
581491,0
581492,29
581493,0
581494,0
581495,0
581496,18
581497,32
581498,0
581499,0
581500,0
581501,0
581502,0
581503,0
581504,0
581505,24
581506,0
581507,0
581508,0
581509,36
581510,26
581511,0
581512,0
581513,0
581514,0
581515,23
581516,45
581517,0
581518,0
581519,0
581520,0
581521,0
581522,32
581523,0
581524,0
581525,0
581526,24
581527,0
581528,0
581529,32
581530,0
581531,0
581532,0
581533,0
581534,26
581535,0
581536,0
581537,0
581538,0
581539,0
581540,0
581541,25
581542,0
581543,0
581544,0
581545,0
581546,0
581547,0
581548,0
581549,0
581550,0
581551,0
581552,25
581553,20
581554,0
581555,0
581556,0
581557,0
581558,0
581559,0
581560,0
581561,0
581562,0
581563,28
581564,0
581565,0
581566,0
581567,46
581568,17
581569,0
581570,0
581571,0
581572,22
581573,0
581574,0
581575,29
581576,0
581577,0
581578,0
581579,30
581580,17
581581,0
581582,25
581583,32
581584,0
581585,0
581586,33
581587,0
581588,0
581589,0
581590,0
581591,0
581592,0
581593,0
581594,0
581595,0
581596,0
581597,0
581598,0
581599,0
581600,0
581601,0
581602,0
581603,0
581604,0
581605,0
581606,0
581607,0
581608,0
581609,18
581610,19
581611,0
581612,22
581613,0
581614,0
581615,0
581616,0
581617,0
581618,0
581619,0
581620,17
581621,0
581622,0
581623,0
581624,0
581625,0
581626,21
581627,0
581628,30
581629,0
581630,0
581631,0
581632,0
581633,0
581634,21
581635,0
581636,0
581637,0
581638,0
581639,0
581640,31
581641,0
581642,19
581643,0
581644,0
581645,0
581646,0
581647,0
581648,0
581649,0
581650,0
581651,0
581652,29
581653,0
581654,0
581655,0
581656,0
581657,0
581658,0
581659,0
581660,0
581661,0
581662,0
581663,0
581664,22
581665,0
581666,0
581667,29
581668,0
581669,0
581670,0
581671,0
581672,0
581673,38
581674,0
581675,31
581676,0
581677,0
581678,20
581679,0
581680,18
581681,0
581682,20
581683,28
581684,27
581685,0
581686,0
581687,0
581688,0
581689,0
581690,0
581691,0
581692,0
581693,0
581694,0
581695,0
581696,0
581697,0
581698,20
581699,35
581700,0
581701,0
581702,29
581703,19
581704,0
581705,0
581706,32
581707,0
581708,34
581709,0
581710,0
581711,0
581712,41
581713,29
581714,0
581715,0
581716,0
581717,23
581718,0
581719,0
581720,0
581721,23
581722,0
581723,0
581724,26
581725,0
581726,0
581727,0
581728,0
581729,39
581730,0
581731,0
581732,0
581733,0
581734,34
581735,26
581736,36
581737,26
581738,0
581739,29
581740,0
581741,25
581742,0
581743,0
581744,31
581745,0
581746,29
581747,23
581748,0
581749,0
581750,26
581751,23
581752,27
581753,0
581754,0
581755,0
581756,0
581757,20
581758,0
581759,0
581760,0
581761,0
581762,0
581763,0
581764,0
581765,0
581766,0
581767,0
581768,0
581769,0
581770,0
581771,19
581772,0
581773,0
581774,0
581775,0
581776,0
581777,25
581778,0
581779,18
581780,0
581781,0
581782,0
581783,0
581784,0
581785,0
581786,0
581787,0
581788,26
581789,0
581790,0
581791,0
581792,0
581793,0
581794,0
581795,0
581796,0
581797,23
581798,0
581799,0
581800,0
581801,0
581802,0
581803,0
581804,0
581805,0
581806,0
581807,0
581808,0
581809,20
581810,0
581811,21
581812,25
581813,0
581814,18
581815,0
581816,0
581817,30
581818,32
581819,0
581820,0
581821,26
581822,31
581823,0
581824,32
581825,0
581826,26
581827,0
581828,0
581829,0
581830,19
581831,0
581832,23
581833,0
581834,0
581835,0
581836,0
581837,0
581838,29
581839,0
581840,30
581841,0
581842,41
581843,0
581844,0
581845,0
581846,18
581847,0
581848,26
581849,0
581850,0
581851,0
581852,0
581853,0
581854,0
581855,0
581856,0
581857,0
581858,0
581859,0
581860,25
581861,0
581862,0
581863,31
581864,0
581865,0
581866,41
581867,31
581868,0
581869,0
581870,41
581871,0
581872,0
581873,0
581874,0
581875,30
581876,0
581877,0
581878,0
581879,33
581880,0
581881,0
581882,0
581883,0
581884,0
581885,0
581886,27
581887,0
581888,33
581889,0
581890,0
581891,0
581892,0
581893,21
581894,0
581895,28
581896,0
581897,0
581898,17
581899,0
581900,0
581901,0
581902,0
581903,0
581904,0
581905,0
581906,21
581907,18
581908,0
581909,27
581910,0
581911,0
581912,0
581913,0
581914,0
581915,0
581916,0
581917,27
581918,0
581919,0
581920,0
581921,0
581922,0
581923,23
581924,0
581925,22
581926,0
581927,0
581928,0
581929,0
581930,0
581931,27
581932,0
581933,0
581934,0
581935,0
581936,0
581937,22
581938,19
581939,0
581940,0
581941,0
581942,0
581943,0
581944,0
581945,0
581946,0
581947,24
581948,0
581949,0
581950,17
581951,0
581952,0
581953,0
581954,23
581955,26
581956,0
581957,0
581958,0
581959,0
581960,0
581961,33
581962,0
581963,0
581964,0
581965,0
581966,0
581967,0
581968,29
581969,0
581970,0
581971,0
581972,0
581973,0
581974,0
581975,0
581976,0
581977,24
581978,0
581979,31
581980,0
581981,21
581982,0
581983,0
581984,0
581985,0
581986,0
581987,0
581988,0
581989,0
581990,27
581991,0
581992,0
581993,0
581994,0
581995,0
581996,32
581997,0
581998,0
581999,0
582000,0
582001,23
582002,0
582003,0
582004,0
582005,18
582006,28
582007,0
582008,0
582009,0
582010,0
582011,0
582012,0
582013,0
582014,0
582015,0
582016,0
582017,0
582018,0
582019,0
582020,0
582021,0
582022,0
582023,0
582024,0
582025,0
582026,0
582027,0
582028,0
582029,30
582030,0
582031,0
582032,0
582033,25
582034,0
582035,0
582036,0
582037,17
582038,37
582039,0
582040,37
582041,0
582042,0
582043,0
582044,0
582045,0
582046,23
582047,26
582048,0
582049,0
582050,0
582051,0
582052,0
582053,30
582054,33
582055,0
582056,0
582057,32
582058,0
582059,0
582060,0
582061,0
582062,0
582063,29
582064,0
582065,0
582066,19
582067,0
582068,0
582069,0
582070,12
582071,0
582072,14
582073,0
582074,16
582075,8
582076,0
582077,0
582078,0
582079,9
582080,0
582081,7
582082,0
582083,0
582084,0
582085,0
582086,0
582087,0
582088,0
582089,0
582090,7
582091,0
582092,0
582093,0
582094,0
582095,0
582096,0
582097,0
582098,0
582099,13
582100,0
582101,0
582102,0
582103,0
582104,0
582105,0
582106,0
582107,0
582108,0
582109,0
582110,0
582111,0
582112,0
582113,0
582114,0
582115,0
582116,0
582117,0
582118,0
582119,0
582120,0
582121,0
582122,10
582123,10
582124,0
582125,0
582126,0
582127,0
582128,0
582129,0
582130,0
582131,0
582132,0
582133,0
582134,0
582135,0
582136,0
582137,0
582138,0
582139,0
582140,0
582141,0
582142,0
582143,0
582144,10
582145,0
582146,12
582147,0
582148,0
582149,9
582150,0
582151,0
582152,0
582153,16
582154,0
582155,12
582156,0
582157,0
582158,12
582159,0
582160,13
582161,0
582162,0
582163,0
582164,0
582165,0
582166,0
582167,0
582168,9
582169,8
582170,0
582171,0
582172,0
582173,0
582174,0
582175,0
582176,0
582177,9
582178,0
582179,0
582180,0
582181,0
582182,0
582183,0
582184,0
582185,0
582186,14
582187,19
582188,0
582189,9
582190,11
582191,0
582192,0
582193,0
582194,0
582195,0
582196,0
582197,13
582198,7
582199,0
582200,0
582201,18
582202,0
582203,3
582204,0
582205,0
582206,0
582207,15
582208,9
582209,0
582210,13
582211,0
582212,0
582213,0
582214,0
582215,0
582216,0
582217,7
582218,13
582219,0
582220,0
582221,0
582222,16
582223,0
582224,14
582225,0
582226,0
582227,0
582228,0
582229,0
582230,0
582231,0
582232,0
582233,0
582234,17
582235,8
582236,0
582237,0
582238,0
582239,12
582240,14
582241,0
582242,0
582243,7
582244,0
582245,0
582246,0
582247,0
582248,0
582249,0
582250,8
582251,21
582252,0
582253,0
582254,0
582255,0
582256,0
582257,0
582258,8
582259,0
582260,0
582261,0
582262,0
582263,0
582264,13
582265,0
582266,0
582267,0
582268,11
582269,0
582270,0
582271,10
582272,0
582273,0
582274,0
582275,12
582276,0
582277,0
582278,16
582279,0
582280,0
582281,0
582282,0
582283,9
582284,0
582285,7
582286,0
582287,0
582288,0
582289,0
582290,11
582291,0
582292,19
582293,11
582294,0
582295,0
582296,0
582297,0
582298,12
582299,0
582300,0
582301,0
582302,0
582303,0
582304,0
582305,0
582306,9
582307,0
582308,8
582309,0
582310,0
582311,0
582312,9
582313,0
582314,0
582315,16
582316,0
582317,0
582318,9
582319,0
582320,0
582321,0
582322,0
582323,0
582324,0
582325,0
582326,0
582327,0
582328,0
582329,9
582330,0
582331,0
582332,15
582333,0
582334,0
582335,0
582336,0
582337,0
582338,0
582339,8
582340,0
582341,0
582342,0
582343,0
582344,0
582345,0
582346,0
582347,0
582348,0
582349,0
582350,0
582351,0
582352,0
582353,0
582354,0
582355,0
582356,0
582357,0
582358,0
582359,0
582360,11
582361,0
582362,0
582363,8
582364,12
582365,0
582366,0
582367,0
582368,0
582369,0
582370,0
582371,0
582372,5
582373,0
582374,0
582375,0
582376,0
582377,0
582378,0
582379,0
582380,0
582381,0
582382,0
582383,0
582384,0
582385,0
582386,0
582387,0
582388,26
582389,13
582390,0
582391,0
582392,16
582393,0
582394,0
582395,0
582396,9
582397,13
582398,0
582399,0
582400,0
582401,10
582402,0
582403,12
582404,0
582405,0
582406,0
582407,13
582408,0
582409,0
582410,6
582411,0
582412,0
582413,0
582414,0
582415,0
582416,13
582417,0
582418,0
582419,0
582420,0
582421,0
582422,0
582423,0
582424,0
582425,0
582426,0
582427,0
582428,0
582429,0
582430,0
582431,13
582432,0
582433,0
582434,12
582435,0
582436,0
582437,0
582438,0
582439,0
582440,0
582441,0
582442,5
582443,0
582444,0
582445,0
582446,0
582447,0
582448,0
582449,0
582450,12
582451,0
582452,14
582453,0
582454,0
582455,0
582456,10
582457,0
582458,0
582459,0
582460,0
582461,0
582462,0
582463,13
582464,0
582465,0
582466,17
582467,0
582468,5
582469,0
582470,0
582471,0
582472,0
582473,11
582474,0
582475,0
582476,0
582477,0
582478,10
582479,11
582480,0
582481,0
582482,0
582483,0
582484,0
582485,0
582486,11
582487,10
582488,15
582489,13
582490,0
582491,0
582492,0
582493,0
582494,0
582495,0
582496,0
582497,9
582498,0
582499,0
582500,0
582501,0
582502,0
582503,0
582504,0
582505,0
582506,0
582507,0
582508,0
582509,0
582510,0
582511,0
582512,0
582513,14
582514,0
582515,0
582516,0
582517,13
582518,0
582519,0
582520,0
582521,10
582522,0
582523,15
582524,0
582525,0
582526,0
582527,0
582528,0
582529,0
582530,15
582531,0
582532,0
582533,0
582534,0
582535,0
582536,14
582537,0
582538,0
582539,0
582540,0
582541,0
582542,0
582543,0
582544,0
582545,0
582546,0
582547,0
582548,0
582549,0
582550,18
582551,0
582552,0
582553,14
582554,9
582555,0
582556,8
582557,0
582558,0
582559,14
582560,11
582561,19
582562,0
582563,0
582564,0
582565,0
582566,0
582567,0
582568,0
582569,0
582570,0
582571,38
582572,42
582573,0
582574,29
582575,0
582576,58
582577,0
582578,0
582579,0
582580,0
582581,0
582582,0
582583,0
582584,39
582585,0
582586,37
582587,0
582588,0
582589,29
582590,0
582591,40
582592,24
582593,0
582594,0
582595,0
582596,0
582597,42
582598,0
582599,0
582600,0
582601,0
582602,0
582603,0
582604,0
582605,0
582606,0
582607,0
582608,0
582609,0
582610,0
582611,0
582612,0
582613,48
582614,0
582615,0
582616,0
582617,0
582618,0
582619,0
582620,0
582621,0
582622,0
582623,0
582624,49
582625,0
582626,0
582627,0
582628,0
582629,0
582630,27
582631,0
582632,0
582633,28
582634,0
582635,0
582636,0
582637,31
582638,25
582639,48
582640,48
582641,0
582642,0
582643,38
582644,42
582645,0
582646,0
582647,42
582648,0
582649,38
582650,64
582651,0
582652,28
582653,0
582654,0
582655,0
582656,0
582657,0
582658,0
582659,0
582660,0
582661,0
582662,51
582663,0
582664,35
582665,0
582666,0
582667,0
582668,0
582669,0
582670,0
582671,46
582672,0
582673,0
582674,32
582675,0
582676,0
582677,38
582678,0
582679,39
582680,0
582681,46
582682,0
582683,0
582684,0
582685,39
582686,0
582687,0
582688,0
582689,0
582690,0
582691,0
582692,0
582693,0
582694,0
582695,0
582696,0
582697,39
582698,0
582699,30
582700,0
582701,0
582702,0
582703,0
582704,0
582705,0
582706,0
582707,0
582708,0
582709,0
582710,0
582711,0
582712,0
582713,0
582714,0
582715,0
582716,0
582717,40
582718,0
582719,0
582720,0
582721,0
582722,0
582723,0
582724,0
582725,0
582726,0
582727,0
582728,49
582729,0
582730,0
582731,0
582732,0
582733,0
582734,0
582735,0
582736,0
582737,0
582738,0
582739,0
582740,0
582741,0
582742,0
582743,0
582744,24
582745,0
582746,0
582747,0
582748,39
582749,0
582750,0
582751,0
582752,0
582753,0
582754,0
582755,0
582756,0
582757,0
582758,0
582759,0
582760,0
582761,52
582762,0
582763,36
582764,0
582765,37
582766,0
582767,0
582768,0
582769,0
582770,0
582771,0
582772,34
582773,0
582774,0
582775,0
582776,0
582777,51
582778,0
582779,0
582780,0
582781,32
582782,34
582783,54
582784,0
582785,0
582786,37
582787,0
582788,41
582789,0
582790,28
582791,0
582792,63
582793,0
582794,0
582795,44
582796,0
582797,0
582798,0
582799,0
582800,0
582801,40
582802,0
582803,0
582804,49
582805,0
582806,0
582807,0
582808,28
582809,0
582810,43
582811,0
582812,0
582813,0
582814,33
582815,0
582816,0
582817,0
582818,0
582819,0
582820,49
582821,31
582822,0
582823,0
582824,0
582825,0
582826,0
582827,0
582828,0
582829,0
582830,0
582831,0
582832,0
582833,0
582834,0
582835,46
582836,0
582837,0
582838,0
582839,0
582840,35
582841,0
582842,0
582843,0
582844,0
582845,0
582846,32
582847,0
582848,0
582849,0
582850,0
582851,0
582852,59
582853,0
582854,0
582855,0
582856,0
582857,43
582858,52
582859,0
582860,0
582861,0
582862,0
582863,0
582864,0
582865,47
582866,0
582867,0
582868,0
582869,0
582870,41
582871,0
582872,0
582873,0
582874,0
582875,0
582876,0
582877,0
582878,0
582879,0
582880,46
582881,0
582882,0
582883,39
582884,0
582885,43
582886,0
582887,0
582888,0
582889,0
582890,0
582891,0
582892,0
582893,44
582894,0
582895,0
582896,0
582897,0
582898,0
582899,0
582900,0
582901,0
582902,45
582903,41
582904,0
582905,56
582906,46
582907,0
582908,0
582909,0
582910,31
582911,0
582912,42
582913,0
582914,0
582915,0
582916,42
582917,0
582918,0
582919,0
582920,0
582921,0
582922,0
582923,0
582924,0
582925,0
582926,47
582927,0
582928,0
582929,0
582930,0
582931,0
582932,0
582933,0
582934,0
582935,0
582936,0
582937,31
582938,19
582939,0
582940,24
582941,0
582942,31
582943,0
582944,0
582945,28
582946,0
582947,0
582948,0
582949,0
582950,0
582951,0
582952,0
582953,22
582954,0
582955,0
582956,0
582957,0
582958,32
582959,0
582960,0
582961,0
582962,0
582963,0
582964,29
582965,0
582966,0
582967,0
582968,0
582969,0
582970,0
582971,0
582972,31
582973,0
582974,0
582975,0
582976,0
582977,0
582978,0
582979,0
582980,0
582981,20
582982,0
582983,0
582984,0
582985,0
582986,0
582987,0
582988,0
582989,0
582990,0
582991,36
582992,0
582993,0
582994,29
582995,0
582996,0
582997,31
582998,25
582999,0
583000,0
583001,22
583002,0
583003,0
583004,0
583005,0
583006,0
583007,0
583008,0
583009,0
583010,0
583011,0
583012,0
583013,0
583014,0
583015,0
583016,0
583017,0
583018,0
583019,0
583020,0
583021,0
583022,24
583023,0
583024,0
583025,0
583026,34
583027,0
583028,0
583029,0
583030,32
583031,0
583032,0
583033,0
583034,0
583035,0
583036,26
583037,0
583038,0
583039,0
583040,17
583041,0
583042,0
583043,24
583044,0
583045,23
583046,0
583047,0
583048,0
583049,0
583050,0
583051,0
583052,27
583053,0
583054,0
583055,0
583056,30
583057,32
583058,0
583059,0
583060,0
583061,0
583062,0
583063,0
583064,32
583065,27
583066,32
583067,0
583068,0
583069,0
583070,0
583071,0
583072,0
583073,0
583074,0
583075,0
583076,0
583077,0
583078,0
583079,0
583080,35
583081,0
583082,0
583083,18
583084,0
583085,0
583086,0
583087,26
583088,24
583089,0
583090,0
583091,0
583092,37
583093,0
583094,0
583095,0
583096,0
583097,31
583098,0
583099,0
583100,0
583101,0
583102,0
583103,0
583104,26
583105,0
583106,0
583107,0
583108,0
583109,0
583110,24
583111,0
583112,0
583113,0
583114,0
583115,0
583116,0
583117,0
583118,0
583119,13
583120,0
583121,0
583122,0
583123,30
583124,30
583125,0
583126,0
583127,0
583128,0
583129,34
583130,0
583131,0
583132,0
583133,0
583134,0
583135,0
583136,28
583137,0
583138,0
583139,0
583140,0
583141,0
583142,0
583143,0
583144,0
583145,0
583146,0
583147,0
583148,0
583149,0
583150,0
583151,41
583152,0
583153,0
583154,0
583155,0
583156,0
583157,0
583158,0
583159,0
583160,0
583161,0
583162,0
583163,0
583164,0
583165,29
583166,0
583167,0
583168,30
583169,0
583170,0
583171,0
583172,0
583173,0
583174,0
583175,0
583176,0
583177,0
583178,0
583179,0
583180,35
583181,0
583182,0
583183,0
583184,0
583185,0
583186,0
583187,0
583188,0
583189,26
583190,31
583191,0
583192,27
583193,0
583194,25
583195,0
583196,0
583197,0
583198,0
583199,0
583200,0
583201,36
583202,0
583203,0
583204,0
583205,0
583206,0
583207,0
583208,0
583209,0
583210,0
583211,0
583212,0
583213,0
583214,26
583215,0
583216,0
583217,0
583218,0
583219,0
583220,0
583221,0
583222,0
583223,0
583224,0
583225,31
583226,0
583227,0
583228,0
583229,0
583230,20
583231,0
583232,0
583233,0
583234,34
583235,0
583236,0
583237,0
583238,0
583239,0
583240,0
583241,0
583242,0
583243,0
583244,0
583245,0
583246,21
583247,0
583248,0
583249,0
583250,0
583251,0
583252,0
583253,0
583254,0
583255,0
583256,24
583257,28
583258,0
583259,0
583260,0
583261,0
583262,0
583263,0
583264,31
583265,0
583266,0
583267,0
583268,0
583269,0
583270,29
583271,0
583272,0
583273,0
583274,0
583275,0
583276,0
583277,0
583278,0
583279,0
583280,0
583281,0
583282,0
583283,0
583284,0
583285,38
583286,0
583287,26
583288,0
583289,0
583290,0
583291,0
583292,0
583293,0
583294,28
583295,0
583296,0
583297,28
583298,27
583299,0
583300,0
583301,0
583302,20
583303,0
583304,0
583305,0
583306,0
583307,24
583308,0
583309,0
583310,0
583311,0
583312,0
583313,36
583314,0
583315,0
583316,28
583317,29
583318,24
583319,22
583320,0
583321,0
583322,0
583323,0
583324,0
583325,0
583326,0
583327,0
583328,0
583329,35
583330,0
583331,0
583332,0
583333,0
583334,0
583335,21
583336,0
583337,0
583338,0
583339,20
583340,0
583341,0
583342,0
583343,28
583344,0
583345,0
583346,0
583347,0
583348,0
583349,27
583350,0
583351,0
583352,0
583353,0
583354,0
583355,18
583356,0
583357,0
583358,0
583359,0
583360,28
583361,0
583362,0
583363,0
583364,0
583365,0
583366,0
583367,0
583368,0
583369,0
583370,0
583371,27
583372,0
583373,0
583374,0
583375,22
583376,0
583377,0
583378,0
583379,0
583380,0
583381,0
583382,0
583383,17
583384,0
583385,0
583386,0
583387,0
583388,35
583389,30
583390,0
583391,0
583392,0
583393,0
583394,33
583395,0
583396,0
583397,0
583398,0
583399,0
583400,0
583401,0
583402,0
583403,40
583404,0
583405,36
583406,0
583407,0
583408,0
583409,0
583410,0
583411,19
583412,0
583413,0
583414,0
583415,0
583416,31
583417,0
583418,0
583419,0
583420,0
583421,0
583422,0
583423,0
583424,0
583425,0
583426,0
583427,0
583428,0
583429,0
583430,0
583431,0
583432,0
583433,0
583434,0
583435,0
583436,31
583437,25
583438,0
583439,0
583440,0
583441,0
583442,0
583443,0
583444,0
583445,0
583446,0
583447,0
583448,22
583449,0
583450,0
583451,12
583452,0
583453,0
583454,0
583455,0
583456,26
583457,0
583458,0
583459,0
583460,0
583461,15
583462,0
583463,0
583464,0
583465,45
583466,0
583467,0
583468,0
583469,0
583470,0
583471,33
583472,0
583473,0
583474,0
583475,0
583476,0
583477,0
583478,0
583479,0
583480,33
583481,0
583482,0
583483,0
583484,27
583485,0
583486,0
583487,0
583488,0
583489,0
583490,0
583491,0
583492,0
583493,43
583494,0
583495,0
583496,0
583497,48
583498,0
583499,0
583500,31
583501,0
583502,0
583503,0
583504,0
583505,0
583506,0
583507,0
583508,22
583509,24
583510,0
583511,24
583512,0
583513,0
583514,0
583515,0
583516,0
583517,0
583518,0
583519,0
583520,0
583521,0
583522,0
583523,0
583524,35
583525,0
583526,0
583527,0
583528,0
583529,0
583530,0
583531,0
583532,0
583533,0
583534,0
583535,29
583536,0
583537,0
583538,0
583539,0
583540,0
583541,23
583542,0
583543,0
583544,0
583545,0
583546,16
583547,0
583548,0
583549,25
583550,0
583551,30
583552,0
583553,0
583554,0
583555,0
583556,0
583557,0
583558,0
583559,0
583560,0
583561,0
583562,0
583563,0
583564,0
583565,0
583566,0
583567,0
583568,0
583569,0
583570,0
583571,0
583572,0
583573,0
583574,0
583575,0
583576,0
583577,35
583578,21
583579,0
583580,0
583581,0
583582,0
583583,0
583584,0
583585,0
583586,0
583587,0
583588,0
583589,0
583590,19
583591,0
583592,0
583593,0
583594,0
583595,0
583596,0
583597,0
583598,0
583599,0
583600,0
583601,0
583602,0
583603,0
583604,0
583605,0
583606,33
583607,0
583608,0
583609,0
583610,0
583611,0
583612,0
583613,0
583614,28
583615,0
583616,24
583617,0
583618,0
583619,0
583620,0
583621,0
583622,0
583623,0
583624,0
583625,0
583626,0
583627,0
583628,0
583629,0
583630,0
583631,24
583632,0
583633,0
583634,0
583635,0
583636,0
583637,0
583638,32
583639,0
583640,0
583641,0
583642,0
583643,0
583644,0
583645,0
583646,0
583647,0
583648,0
583649,0
583650,0
583651,0
583652,33
583653,0
583654,0
583655,0
583656,0
583657,17
583658,0
583659,0
583660,0
583661,0
583662,0
583663,0
583664,0
583665,0
583666,0
583667,0
583668,0
583669,0
583670,0
583671,0
583672,0
583673,0
583674,23
583675,0
583676,0
583677,0
583678,0
583679,0
583680,0
583681,25
583682,0
583683,0
583684,0
583685,0
583686,0
583687,0
583688,0
583689,0
583690,0
583691,0
583692,0
583693,0
583694,0
583695,0
583696,0
583697,0
583698,0
583699,0
583700,0
583701,0
583702,0
583703,27
583704,0
583705,0
583706,0
583707,0
583708,0
583709,45
583710,0
583711,0
583712,0
583713,0
583714,0
583715,0
583716,0
583717,0
583718,0
583719,0
583720,0
583721,0
583722,0
583723,0
583724,0
583725,0
583726,0
583727,0
583728,0
583729,0
583730,0
583731,0
583732,0
583733,0
583734,0
583735,0
583736,0
583737,0
583738,0
583739,0
583740,0
583741,0
583742,0
583743,0
583744,0
583745,0
583746,0
583747,0
583748,0
583749,0
583750,0
583751,0
583752,0
583753,28
583754,0
583755,0
583756,0
583757,0
583758,31
583759,0
583760,22
583761,0
583762,0
583763,0
583764,0
583765,0
583766,23
583767,0
583768,0
583769,0
583770,0
583771,0
583772,0
583773,0
583774,0
583775,0
583776,0
583777,0
583778,0
583779,0
583780,0
583781,0
583782,0
583783,0
583784,0
583785,0
583786,0
583787,0
583788,0
583789,0
583790,0
583791,0
583792,0
583793,0
583794,0
583795,0
583796,0
583797,0
583798,0
583799,0
583800,0
583801,0
583802,0
583803,0
583804,0
583805,0
583806,0
583807,0
583808,0
583809,0
583810,0
583811,0
583812,0
583813,18
583814,0
583815,0
583816,0
583817,0
583818,0
583819,0
583820,0
583821,0
583822,0
583823,0
583824,45
583825,0
583826,0
583827,0
583828,0
583829,0
583830,0
583831,0
583832,0
583833,0
583834,0
583835,0
583836,39
583837,0
583838,0
583839,0
583840,0
583841,0
583842,0
583843,0
583844,0
583845,0
583846,0
583847,0
583848,0
583849,0
583850,0
583851,0
583852,0
583853,0
583854,0
583855,0
583856,0
583857,0
583858,0
583859,0
583860,0
583861,0
583862,0
583863,0
583864,0
583865,0
583866,0
583867,0
583868,0
583869,0
583870,0
583871,0
583872,32
583873,0
583874,0
583875,0
583876,0
583877,0
583878,24
583879,0
583880,0
583881,0
583882,0
583883,0
583884,0
583885,0
583886,0
583887,0
583888,0
583889,0
583890,0
583891,0
583892,0
583893,0
583894,0
583895,0
583896,25
583897,0
583898,0
583899,0
583900,28
583901,0
583902,0
583903,0
583904,0
583905,0
583906,0
583907,0
583908,0
583909,0
583910,0
583911,0
583912,0
583913,0
583914,0
583915,0
583916,0
583917,0
583918,0
583919,0
583920,31
583921,0
583922,0
583923,0
583924,0
583925,14
583926,0
583927,0
583928,0
583929,0
583930,0
583931,0
583932,0
583933,0
583934,0
583935,0
583936,0
583937,0
583938,0
583939,0
583940,0
583941,0
583942,0
583943,0
583944,0
583945,0
583946,0
583947,0
583948,21
583949,0
583950,0
583951,0
583952,0
583953,0
583954,0
583955,0
583956,0
583957,0
583958,0
583959,0
583960,0
583961,0
583962,36
583963,0
583964,0
583965,0
583966,0
583967,0
583968,0
583969,0
583970,0
583971,0
583972,0
583973,26
583974,0
583975,0
583976,0
583977,0
583978,20
583979,0
583980,0
583981,0
583982,0
583983,0
583984,46
583985,0
583986,0
583987,0
583988,0
583989,0
583990,0
583991,0
583992,0
583993,0
583994,0
583995,0
583996,0
583997,0
583998,0
583999,22
584000,0
584001,0
584002,0
584003,0
584004,0
584005,0
584006,0
584007,0
584008,0
584009,0
584010,0
584011,0
584012,35
584013,0
584014,0
584015,0
584016,0
584017,0
584018,0
584019,0
584020,0
584021,0
584022,0
584023,0
584024,0
584025,0
584026,0
584027,0
584028,27
584029,0
584030,0
584031,0
584032,0
584033,0
584034,0
584035,0
584036,0
584037,0
584038,0
584039,0
584040,0
584041,0
584042,0
584043,22
584044,0
584045,0
584046,0
584047,0
584048,31
584049,0
584050,0
584051,0
584052,0
584053,44
584054,0
584055,0
584056,20
584057,0
584058,0
584059,0
584060,0
584061,43
584062,0
584063,0
584064,0
584065,0
584066,0
584067,0
584068,0
584069,0
584070,0
584071,0
584072,0
584073,0
584074,0
584075,0
584076,0
584077,0
584078,0
584079,0
584080,30
584081,25
584082,0
584083,0
584084,0
584085,0
584086,0
584087,0
584088,0
584089,0
584090,0
584091,0
584092,0
584093,0
584094,0
584095,0
584096,0
584097,0
584098,0
584099,0
584100,0
584101,0
584102,0
584103,0
584104,0
584105,0
584106,21
584107,0
584108,0
584109,0
584110,0
584111,0
584112,0
584113,0
584114,0
584115,0
584116,0
584117,0
584118,0
584119,0
584120,0
584121,0
584122,0
584123,0
584124,0
584125,0
584126,0
584127,0
584128,0
584129,26
584130,0
584131,35
584132,0
584133,0
584134,0
584135,0
584136,0
584137,0
584138,0
584139,0
584140,0
584141,43
584142,11
584143,22
584144,23
584145,0
584146,0
584147,0
584148,0
584149,0
584150,0
584151,0
584152,0
584153,0
584154,23
584155,0
584156,0
584157,0
584158,0
584159,0
584160,0
584161,0
584162,0
584163,0
584164,0
584165,0
584166,41
584167,0
584168,0
584169,0
584170,0
584171,0
584172,0
584173,0
584174,0
584175,0
584176,0
584177,0
584178,0
584179,0
584180,0
584181,0
584182,0
584183,36
584184,21
584185,0
584186,0
584187,21
584188,0
584189,30
584190,0
584191,0
584192,39
584193,0
584194,0
584195,0
584196,0
584197,0
584198,0
584199,0
584200,0
584201,0
584202,0
584203,0
584204,0
584205,0
584206,0
584207,0
584208,38
584209,0
584210,0
584211,19
584212,0
584213,0
584214,0
584215,0
584216,0
584217,0
584218,0
584219,0
584220,0
584221,0
584222,0
584223,25
584224,0
584225,0
584226,0
584227,0
584228,0
584229,0
584230,0
584231,0
584232,0
584233,0
584234,0
584235,0
584236,0
584237,0
584238,0
584239,0
584240,0
584241,0
584242,0
584243,0
584244,26
584245,0
584246,0
584247,0
584248,25
584249,0
584250,0
584251,0
584252,0
584253,0
584254,0
584255,0
584256,0
584257,0
584258,0
584259,0
584260,0
584261,0
584262,0
584263,36
584264,0
584265,0
584266,0
584267,26
584268,0
584269,0
584270,0
584271,0
584272,0
584273,0
584274,0
584275,0
584276,0
584277,0
584278,0
584279,0
584280,0
584281,0
584282,0
584283,0
584284,0
584285,0
584286,0
584287,0
584288,0
584289,0
584290,0
584291,0
584292,0
584293,0
584294,0
584295,0
584296,0
584297,0
584298,0
584299,0
584300,0
584301,0
584302,0
584303,0
584304,0
584305,0
584306,0
584307,0
584308,14
584309,0
584310,19
584311,0
584312,0
584313,0
584314,0
584315,27
584316,0
584317,29
584318,0
584319,0
584320,40
584321,0
584322,0
584323,0
584324,0
584325,0
584326,32
584327,0
584328,0
584329,0
584330,0
584331,0
584332,0
584333,0
584334,48
584335,27
584336,0
584337,0
584338,0
584339,0
584340,0
584341,0
584342,0
584343,0
584344,0
584345,0
584346,0
584347,0
584348,0
584349,0
584350,25
584351,0
584352,25
584353,0
584354,0
584355,0
584356,0
584357,0
584358,0
584359,0
584360,32
584361,0
584362,0
584363,0
584364,0
584365,0
584366,48
584367,0
584368,0
584369,20
584370,0
584371,16
584372,0
584373,24
584374,0
584375,0
584376,0
584377,0
584378,36
584379,0
584380,0
584381,0
584382,0
584383,0
584384,0
584385,0
584386,0
584387,0
584388,0
584389,0
584390,0
584391,0
584392,24
584393,36
584394,0
584395,25
584396,0
584397,0
584398,0
584399,0
584400,0
584401,0
584402,0
584403,0
584404,0
584405,0
584406,0
584407,0
584408,0
584409,0
584410,0
584411,0
584412,22
584413,0
584414,0
584415,0
584416,0
584417,0
584418,0
584419,36
584420,26
584421,0
584422,0
584423,34
584424,25
584425,0
584426,0
584427,0
584428,0
584429,37
584430,0
584431,0
584432,0
584433,27
584434,0
584435,0
584436,0
584437,0
584438,32
584439,0
584440,0
584441,0
584442,0
584443,0
584444,0
584445,29
584446,0
584447,0
584448,0
584449,0
584450,0
584451,0
584452,0
584453,0
584454,0
584455,0
584456,24
584457,0
584458,0
584459,0
584460,0
584461,0
584462,0
584463,0
584464,0
584465,0
584466,0
584467,0
584468,0
584469,28
584470,0
584471,14
584472,0
584473,0
584474,0
584475,0
584476,0
584477,0
584478,0
584479,0
584480,0
584481,0
584482,0
584483,0
584484,0
584485,0
584486,20
584487,0
584488,0
584489,0
584490,0
584491,0
584492,25
584493,27
584494,0
584495,50
584496,0
584497,0
584498,0
584499,0
584500,29
584501,0
584502,0
584503,0
584504,0
584505,38
584506,0
584507,0
584508,0
584509,0
584510,0
584511,0
584512,0
584513,25
584514,0
584515,0
584516,0
584517,0
584518,32
584519,0
584520,0
584521,0
584522,0
584523,0
584524,0
584525,33
584526,0
584527,0
584528,0
584529,41
584530,0
584531,0
584532,0
584533,19
584534,0
584535,0
584536,0
584537,0
584538,0
584539,0
584540,0
584541,0
584542,0
584543,0
584544,0
584545,0
584546,0
584547,0
584548,0
584549,0
584550,0
584551,0
584552,19
584553,0
584554,0
584555,0
584556,38
584557,0
584558,0
584559,0
584560,0
584561,0
584562,0
584563,0
584564,0
584565,0
584566,0
584567,0
584568,0
584569,0
584570,22
584571,0
584572,0
584573,0
584574,0
584575,0
584576,0
584577,0
584578,0
584579,0
584580,0
584581,0
584582,0
584583,0
584584,0
584585,0
584586,0
584587,0
584588,0
584589,0
584590,26
584591,0
584592,0
584593,0
584594,0
584595,0
584596,0
584597,0
584598,0
584599,0
584600,0
584601,0
584602,0
584603,0
584604,0
584605,0
584606,0
584607,0
584608,0
584609,0
584610,0
584611,0
584612,0
584613,26
584614,0
584615,32
584616,0
584617,0
584618,0
584619,0
584620,0
584621,0
584622,0
584623,0
584624,0
584625,0
584626,0
584627,0
584628,0
584629,0
584630,0
584631,0
584632,0
584633,0
584634,0
584635,25
584636,0
584637,27
584638,0
584639,17
584640,0
584641,29
584642,0
584643,0
584644,0
584645,0
584646,0
584647,28
584648,0
584649,0
584650,0
584651,0
584652,0
584653,0
584654,0
584655,0
584656,46
584657,19
584658,0
584659,0
584660,0
584661,0
584662,0
584663,0
584664,22
584665,0
584666,0
584667,0
584668,0
584669,0
584670,0
584671,0
584672,0
584673,0
584674,0
584675,0
584676,0
584677,0
584678,0
584679,0
584680,0
584681,0
584682,0
584683,0
584684,19
584685,0
584686,0
584687,0
584688,0
584689,0
584690,0
584691,0
584692,0
584693,0
584694,0
584695,24
584696,0
584697,0
584698,0
584699,0
584700,0
584701,0
584702,0
584703,0
584704,0
584705,0
584706,0
584707,0
584708,0
584709,0
584710,0
584711,0
584712,33
584713,0
584714,0
584715,0
584716,0
584717,0
584718,0
584719,0
584720,0
584721,0
584722,0
584723,0
584724,19
584725,33
584726,0
584727,0
584728,0
584729,0
584730,0
584731,0
584732,0
584733,0
584734,0
584735,0
584736,29
584737,0
584738,0
584739,23
584740,0
584741,0
584742,0
584743,0
584744,0
584745,0
584746,30
584747,0
584748,0
584749,0
584750,0
584751,0
584752,0
584753,0
584754,0
584755,0
584756,0
584757,0
584758,0
584759,0
584760,0
584761,30
584762,0
584763,20
584764,0
584765,0
584766,0
584767,0
584768,0
584769,0
584770,0
584771,0
584772,0
584773,0
584774,0
584775,0
584776,0
584777,0
584778,0
584779,0
584780,0
584781,0
584782,0
584783,0
584784,0
584785,0
584786,37
584787,0
584788,0
584789,16
584790,0
584791,0
584792,0
584793,0
584794,0
584795,0
584796,0
584797,18
584798,0
584799,0
584800,0
584801,0
584802,0
584803,0
584804,0
584805,0
584806,20
584807,0
584808,0
584809,33
584810,0
584811,0
584812,10
584813,0
584814,0
584815,0
584816,28
584817,0
584818,0
584819,0
584820,0
584821,0
584822,0
584823,0
584824,0
584825,0
584826,0
584827,0
584828,0
584829,0
584830,0
584831,11
584832,0
584833,21
584834,0
584835,0
584836,0
584837,0
584838,0
584839,0
584840,0
584841,0
584842,0
584843,0
584844,0
584845,0
584846,36
584847,0
584848,0
584849,21
584850,0
584851,13
584852,0
584853,0
584854,15
584855,0
584856,0
584857,0
584858,0
584859,0
584860,0
584861,0
584862,0
584863,24
584864,0
584865,0
584866,0
584867,0
584868,0
584869,0
584870,0
584871,0
584872,0
584873,0
584874,0
584875,0
584876,0
584877,0
584878,0
584879,0
584880,0
584881,0
584882,0
584883,0
584884,33
584885,0
584886,0
584887,0
584888,0
584889,0
584890,0
584891,0
584892,0
584893,0
584894,0
584895,0
584896,0
584897,0
584898,0
584899,0
584900,0
584901,0
584902,0
584903,0
584904,36
584905,0
584906,0
584907,0
584908,0
584909,0
584910,0
584911,0
584912,19
584913,0
584914,0
584915,0
584916,34
584917,0
584918,0
584919,0
584920,0
584921,0
584922,20
584923,0
584924,0
584925,27
584926,0
584927,0
584928,0
584929,0
584930,0
584931,0
584932,0
584933,35
584934,0
584935,0
584936,0
584937,0
584938,0
584939,0
584940,0
584941,0
584942,0
584943,0
584944,0
584945,0
584946,0
584947,0
584948,0
584949,20
584950,0
584951,0
584952,0
584953,0
584954,0
584955,0
584956,0
584957,0
584958,0
584959,0
584960,0
584961,0
584962,24
584963,0
584964,0
584965,0
584966,0
584967,0
584968,0
584969,0
584970,0
584971,0
584972,0
584973,0
584974,0
584975,0
584976,0
584977,0
584978,0
584979,0
584980,0
584981,0
584982,0
584983,0
584984,0
584985,0
584986,0
584987,0
584988,0
584989,0
584990,0
584991,0
584992,0
584993,0
584994,0
584995,0
584996,0
584997,0
584998,0
584999,0
585000,19
585001,0
585002,0
585003,0
585004,38
585005,0
585006,0
585007,0
585008,17
585009,0
585010,0
585011,0
585012,0
585013,0
585014,0
585015,0
585016,0
585017,0
585018,20
585019,0
585020,0
585021,0
585022,0
585023,0
585024,18
585025,0
585026,0
585027,0
585028,0
585029,0
585030,0
585031,0
585032,0
585033,0
585034,0
585035,0
585036,0
585037,19
585038,0
585039,0
585040,26
585041,0
585042,0
585043,0
585044,0
585045,0
585046,0
585047,0
585048,0
585049,14
585050,0
585051,0
585052,21
585053,0
585054,0
585055,0
585056,0
585057,0
585058,0
585059,0
585060,0
585061,0
585062,0
585063,0
585064,0
585065,0
585066,0
585067,0
585068,0
585069,0
585070,0
585071,0
585072,0
585073,0
585074,0
585075,0
585076,0
585077,0
585078,0
585079,0
585080,0
585081,0
585082,0
585083,21
585084,0
585085,0
585086,0
585087,20
585088,0
585089,0
585090,0
585091,0
585092,0
585093,13
585094,0
585095,0
585096,0
585097,0
585098,0
585099,0
585100,0
585101,0
585102,0
585103,0
585104,0
585105,0
585106,0
585107,0
585108,0
585109,0
585110,0
585111,0
585112,0
585113,0
585114,0
585115,0
585116,0
585117,0
585118,0
585119,0
585120,0
585121,0
585122,0
585123,17
585124,0
585125,0
585126,27
585127,0
585128,0
585129,0
585130,0
585131,28
585132,0
585133,0
585134,21
585135,0
585136,0
585137,0
585138,0
585139,0
585140,0
585141,31
585142,0
585143,0
585144,0
585145,23
585146,0
585147,0
585148,0
585149,0
585150,0
585151,26
585152,0
585153,32
585154,0
585155,0
585156,0
585157,33
585158,0
585159,0
585160,0
585161,0
585162,37
585163,0
585164,0
585165,28
585166,0
585167,0
585168,0
585169,0
585170,0
585171,0
585172,0
585173,0
585174,0
585175,0
585176,0
585177,0
585178,0
585179,0
585180,0
585181,0
585182,0
585183,0
585184,23
585185,16
585186,0
585187,0
585188,0
585189,0
585190,0
585191,0
585192,0
585193,0
585194,0
585195,0
585196,0
585197,0
585198,0
585199,0
585200,0
585201,0
585202,0
585203,0
585204,0
585205,0
585206,0
585207,0
585208,0
585209,0
585210,26
585211,24
585212,0
585213,0
585214,0
585215,0
585216,0
585217,0
585218,0
585219,27
585220,0
585221,0
585222,0
585223,0
585224,0
585225,0
585226,18
585227,24
585228,0
585229,0
585230,0
585231,0
585232,0
585233,0
585234,0
585235,32
585236,0
585237,0
585238,0
585239,0
585240,0
585241,21
585242,16
585243,0
585244,0
585245,0
585246,0
585247,0
585248,0
585249,0
585250,17
585251,0
585252,13
585253,0
585254,16
585255,0
585256,0
585257,0
585258,0
585259,0
585260,0
585261,20
585262,0
585263,0
585264,14
585265,12
585266,20
585267,0
585268,0
585269,0
585270,0
585271,0
585272,0
585273,31
585274,0
585275,0
585276,24
585277,0
585278,0
585279,21
585280,0
585281,30
585282,0
585283,0
585284,0
585285,0
585286,0
585287,19
585288,0
585289,0
585290,0
585291,0
585292,0
585293,0
585294,0
585295,0
585296,0
585297,12
585298,0
585299,0
585300,0
585301,38
585302,0
585303,20
585304,0
585305,0
585306,0
585307,0
585308,0
585309,0
585310,0
585311,0
585312,0
585313,0
585314,0
585315,0
585316,0
585317,0
585318,0
585319,0
585320,0
585321,0
585322,0
585323,0
585324,29
585325,0
585326,0
585327,0
585328,0
585329,0
585330,0
585331,0
585332,0
585333,0
585334,0
585335,0
585336,0
585337,0
585338,0
585339,0
585340,23
585341,0
585342,0
585343,18
585344,17
585345,35
585346,34
585347,0
585348,16
585349,0
585350,0
585351,0
585352,0
585353,0
585354,23
585355,23
585356,0
585357,33
585358,0
585359,0
585360,0
585361,0
585362,0
585363,15
585364,0
585365,26
585366,0
585367,0
585368,0
585369,23
585370,0
585371,38
585372,18
585373,0
585374,0
585375,0
585376,0
585377,20
585378,24
585379,20
585380,0
585381,0
585382,25
585383,0
585384,28
585385,0
585386,0
585387,21
585388,0
585389,0
585390,29
585391,0
585392,0
585393,0
585394,0
585395,22
585396,0
585397,14
585398,0
585399,0
585400,0
585401,0
585402,0
585403,0
585404,0
585405,0
585406,0
585407,0
585408,0
585409,0
585410,0
585411,25
585412,0
585413,0
585414,0
585415,25
585416,18
585417,0
585418,0
585419,0
585420,0
585421,0
585422,0
585423,23
585424,0
585425,0
585426,0
585427,21
585428,0
585429,0
585430,0
585431,0
585432,0
585433,0
585434,0
585435,28
585436,0
585437,0
585438,0
585439,0
585440,0
585441,0
585442,0
585443,0
585444,0
585445,0
585446,0
585447,0
585448,0
585449,0
585450,19
585451,0
585452,0
585453,0
585454,19
585455,0
585456,22
585457,0
585458,29
585459,0
585460,24
585461,26
585462,0
585463,0
585464,29
585465,0
585466,0
585467,0
585468,17
585469,0
585470,0
585471,0
585472,0
585473,0
585474,0
585475,0
585476,0
585477,37
585478,0
585479,0
585480,0
585481,0
585482,0
585483,24
585484,0
585485,25
585486,0
585487,0
585488,0
585489,0
585490,23
585491,0
585492,0
585493,23
585494,0
585495,0
585496,0
585497,0
585498,0
585499,0
585500,0
585501,0
585502,0
585503,20
585504,0
585505,0
585506,0
585507,21
585508,36
585509,0
585510,0
585511,0
585512,0
585513,0
585514,0
585515,20
585516,0
585517,0
585518,0
585519,0
585520,0
585521,0
585522,0
585523,0
585524,25
585525,0
585526,0
585527,0
585528,0
585529,0
585530,21
585531,0
585532,0
585533,0
585534,0
585535,0
585536,18
585537,0
585538,24
585539,0
585540,0
585541,0
585542,0
585543,0
585544,0
585545,0
585546,0
585547,0
585548,24
585549,0
585550,0
585551,0
585552,0
585553,0
585554,0
585555,21
585556,0
585557,0
585558,0
585559,0
585560,31
585561,38
585562,0
585563,0
585564,28
585565,0
585566,0
585567,0
585568,28
585569,31
585570,0
585571,0
585572,21
585573,0
585574,0
585575,0
585576,0
585577,0
585578,0
585579,0
585580,0
585581,0
585582,0
585583,0
585584,0
585585,0
585586,22
585587,0
585588,0
585589,32
585590,19
585591,0
585592,0
585593,22
585594,0
585595,17
585596,0
585597,0
585598,0
585599,0
585600,0
585601,0
585602,0
585603,0
585604,0
585605,0
585606,27
585607,0
585608,0
585609,0
585610,0
585611,0
585612,0
585613,0
585614,0
585615,0
585616,24
585617,0
585618,0
585619,0
585620,22
585621,25
585622,0
585623,0
585624,0
585625,22
585626,0
585627,0
585628,31
585629,0
585630,0
585631,0
585632,0
585633,0
585634,0
585635,26
585636,0
585637,0
585638,0
585639,0
585640,0
585641,0
585642,0
585643,22
585644,0
585645,16
585646,0
585647,25
585648,28
585649,0
585650,0
585651,16
585652,0
585653,0
585654,0
585655,0
585656,0
585657,0
585658,0
585659,18
585660,0
585661,0
585662,0
585663,0
585664,0
585665,0
585666,0
585667,0
585668,0
585669,24
585670,0
585671,0
585672,0
585673,0
585674,0
585675,0
585676,0
585677,0
585678,39
585679,20
585680,0
585681,0
585682,0
585683,0
585684,0
585685,0
585686,34
585687,0
585688,20
585689,0
585690,0
585691,0
585692,0
585693,0
585694,0
585695,0
585696,0
585697,0
585698,0
585699,0
585700,28
585701,20
585702,0
585703,0
585704,0
585705,28
585706,0
585707,0
585708,0
585709,19
585710,20
585711,24
585712,0
585713,12
585714,0
585715,0
585716,0
585717,0
585718,22
585719,0
585720,0
585721,31
585722,0
585723,0
585724,0
585725,0
585726,0
585727,0
585728,33
585729,0
585730,0
585731,0
585732,0
585733,0
585734,0
585735,0
585736,0
585737,0
585738,0
585739,0
585740,0
585741,0
585742,0
585743,0
585744,0
585745,0
585746,0
585747,0
585748,0
585749,0
585750,0
585751,22
585752,0
585753,0
585754,0
585755,0
585756,25
585757,0
585758,0
585759,22
585760,0
585761,0
585762,25
585763,23
585764,40
585765,0
585766,0
585767,0
585768,0
585769,0
585770,0
585771,0
585772,0
585773,0
585774,0
585775,23
585776,0
585777,0
585778,0
585779,16
585780,0
585781,0
585782,26
585783,53
585784,0
585785,0
585786,0
585787,32
585788,0
585789,0
585790,27
585791,22
585792,0
585793,0
585794,0
585795,0
585796,27
585797,15
585798,0
585799,27
585800,0
585801,0
585802,39
585803,0
585804,0
585805,0
585806,0
585807,0
585808,0
585809,0
585810,15
585811,0
585812,0
585813,22
585814,0
585815,0
585816,0
585817,27
585818,0
585819,28
585820,0
585821,0
585822,0
585823,0
585824,0
585825,0
585826,0
585827,0
585828,0
585829,0
585830,0
585831,0
585832,25
585833,0
585834,0
585835,19
585836,0
585837,0
585838,0
585839,19
585840,0
585841,0
585842,0
585843,0
585844,0
585845,0
585846,0
585847,0
585848,0
585849,0
585850,0
585851,0
585852,0
585853,29
585854,0
585855,0
585856,0
585857,0
585858,0
585859,0
585860,0
585861,0
585862,0
585863,0
585864,0
585865,0
585866,0
585867,0
585868,0
585869,0
585870,0
585871,0
585872,0
585873,0
585874,0
585875,0
585876,0
585877,0
585878,25
585879,32
585880,0
585881,8
585882,0
585883,0
585884,0
585885,0
585886,0
585887,0
585888,23
585889,22
585890,0
585891,0
585892,21
585893,0
585894,19
585895,21
585896,0
585897,0
585898,0
585899,0
585900,32
585901,0
585902,0
585903,0
585904,0
585905,0
585906,0
585907,0
585908,0
585909,0
585910,0
585911,0
585912,0
585913,0
585914,0
585915,0
585916,0
585917,16
585918,0
585919,0
585920,0
585921,0
585922,0
585923,12
585924,0
585925,0
585926,0
585927,8
585928,0
585929,14
585930,15
585931,16
585932,0
585933,0
585934,0
585935,0
585936,0
585937,0
585938,0
585939,0
585940,0
585941,0
585942,0
585943,0
585944,11
585945,6
585946,0
585947,13
585948,8
585949,0
585950,0
585951,7
585952,17
585953,0
585954,0
585955,0
585956,0
585957,0
585958,13
585959,0
585960,9
585961,10
585962,0
585963,0
585964,0
585965,0
585966,0
585967,9
585968,0
585969,0
585970,0
585971,0
585972,21
585973,0
585974,12
585975,0
585976,0
585977,12
585978,0
585979,14
585980,0
585981,0
585982,0
585983,9
585984,0
585985,0
585986,0
585987,0
585988,11
585989,0
585990,9
585991,0
585992,0
585993,0
585994,0
585995,0
585996,0
585997,0
585998,0
585999,0
586000,0
586001,0
586002,15
586003,0
586004,9
586005,9
586006,0
586007,0
586008,0
586009,0
586010,0
586011,0
586012,8
586013,21
586014,0
586015,12
586016,0
586017,0
586018,0
586019,0
586020,0
586021,0
586022,0
586023,0
586024,0
586025,0
586026,0
586027,0
586028,0
586029,13
586030,0
586031,0
586032,0
586033,0
586034,0
586035,13
586036,0
586037,0
586038,13
586039,7
586040,0
586041,0
586042,0
586043,8
586044,0
586045,0
586046,0
586047,0
586048,0
586049,0
586050,0
586051,18
586052,0
586053,0
586054,0
586055,0
586056,0
586057,0
586058,0
586059,0
586060,10
586061,0
586062,0
586063,16
586064,0
586065,0
586066,0
586067,15
586068,0
586069,12
586070,0
586071,0
586072,13
586073,0
586074,0
586075,0
586076,0
586077,0
586078,0
586079,18
586080,0
586081,6
586082,0
586083,0
586084,0
586085,0
586086,0
586087,0
586088,9
586089,0
586090,0
586091,0
586092,0
586093,0
586094,0
586095,0
586096,0
586097,0
586098,15
586099,19
586100,8
586101,14
586102,0
586103,14
586104,0
586105,0
586106,0
586107,0
586108,0
586109,10
586110,0
586111,0
586112,0
586113,0
586114,0
586115,0
586116,0
586117,0
586118,4
586119,0
586120,0
586121,0
586122,0
586123,0
586124,0
586125,0
586126,17
586127,0
586128,14
586129,0
586130,0
586131,0
586132,0
586133,0
586134,0
586135,14
586136,17
586137,0
586138,0
586139,0
586140,0
586141,0
586142,0
586143,0
586144,0
586145,15
586146,0
586147,0
586148,0
586149,0
586150,11
586151,0
586152,0
586153,0
586154,9
586155,0
586156,0
586157,15
586158,0
586159,0
586160,0
586161,0
586162,12
586163,12
586164,0
586165,0
586166,9
586167,0
586168,0
586169,11
586170,0
586171,0
586172,0
586173,0
586174,0
586175,0
586176,0
586177,0
586178,13
586179,0
586180,0
586181,0
586182,10
586183,16
586184,0
586185,0
586186,0
586187,0
586188,0
586189,0
586190,0
586191,0
586192,0
586193,0
586194,0
586195,0
586196,0
586197,16
586198,0
586199,9
586200,0
586201,0
586202,10
586203,9
586204,0
586205,0
586206,0
586207,10
586208,0
586209,0
586210,0
586211,0
586212,15
586213,14
586214,0
586215,12
586216,10
586217,0
586218,0
586219,0
586220,0
586221,8
586222,3
586223,0
586224,17
586225,0
586226,0
586227,0
586228,0
586229,0
586230,0
586231,10
586232,0
586233,13
586234,15
586235,0
586236,0
586237,5
586238,13
586239,11
586240,0
586241,0
586242,0
586243,0
586244,0
586245,0
586246,10
586247,0
586248,0
586249,0
586250,0
586251,0
586252,0
586253,0
586254,0
586255,0
586256,0
586257,0
586258,0
586259,0
586260,0
586261,0
586262,18
586263,0
586264,0
586265,0
586266,0
586267,0
586268,0
586269,0
586270,0
586271,0
586272,11
586273,0
586274,0
586275,0
586276,13
586277,0
586278,0
586279,0
586280,11
586281,12
586282,0
586283,0
586284,0
586285,0
586286,0
586287,0
586288,0
586289,0
586290,0
586291,0
586292,0
586293,0
586294,0
586295,0
586296,0
586297,0
586298,0
586299,0
586300,0
586301,0
586302,4
586303,0
586304,0
586305,0
586306,0
586307,0
586308,14
586309,9
586310,0
586311,0
586312,0
586313,14
586314,0
586315,11
586316,0
586317,0
586318,0
586319,0
586320,0
586321,14
586322,0
586323,0
586324,0
586325,0
586326,0
586327,11
586328,0
586329,0
586330,0
586331,12
586332,15
586333,0
586334,0
586335,9
586336,0
586337,13
586338,15
586339,0
586340,0
586341,0
586342,13
586343,0
586344,0
586345,0
586346,0
586347,0
586348,15
586349,0
586350,0
586351,0
586352,0
586353,11
586354,11
586355,0
586356,0
586357,0
586358,0
586359,0
586360,0
586361,0
586362,0
586363,10
586364,0
586365,0
586366,9
586367,4
586368,0
586369,0
586370,0
586371,0
586372,0
586373,0
586374,0
586375,0
586376,0
586377,0
586378,0
586379,0
586380,16
586381,17
586382,0
586383,0
586384,0
586385,8
586386,0
586387,9
586388,14
586389,0
586390,0
586391,0
586392,18
586393,0
586394,0
586395,0
586396,0
586397,0
586398,0
586399,0
586400,15
586401,0
586402,0
586403,0
586404,0
586405,0
586406,0
586407,0
586408,11
586409,0
586410,13
586411,0
586412,8
586413,0
586414,0
586415,12
586416,0
586417,0
586418,0
586419,0
586420,0
586421,16
586422,0
586423,0
586424,7
586425,0
586426,0
586427,0
586428,0
586429,10
586430,0
586431,0
586432,0
586433,0
586434,0
586435,9
586436,16
586437,15
586438,0
586439,0
586440,0
586441,7
586442,0
586443,0
586444,0
586445,0
586446,0
586447,0
586448,0
586449,0
586450,0
586451,0
586452,16
586453,0
586454,0
586455,0
586456,19
586457,0
586458,0
586459,15
586460,0
586461,0
586462,11
586463,9
586464,0
586465,0
586466,0
586467,0
586468,13
586469,0
586470,0
586471,19
586472,0
586473,7
586474,0
586475,11
586476,0
586477,16
586478,0
586479,13
586480,0
586481,0
586482,0
586483,0
586484,0
586485,0
586486,0
586487,0
586488,0
586489,7
586490,4
586491,0
586492,0
586493,0
586494,0
586495,0
586496,0
586497,0
586498,0
586499,22
586500,0
586501,0
586502,18
586503,12
586504,0
586505,0
586506,0
586507,0
586508,0
586509,6
586510,0
586511,0
586512,0
586513,13
586514,0
586515,0
586516,0
586517,12
586518,10
586519,0
586520,0
586521,0
586522,8
586523,0
586524,0
586525,18
586526,0
586527,0
586528,0
586529,0
586530,15
586531,0
586532,0
586533,0
586534,0
586535,0
586536,0
586537,0
586538,17
586539,0
586540,14
586541,0
586542,5
586543,0
586544,0
586545,0
586546,0
586547,26
586548,0
586549,0
586550,0
586551,6
586552,12
586553,0
586554,10
586555,0
586556,14
586557,0
586558,0
586559,0
586560,0
586561,0
586562,0
586563,11
586564,0
586565,0
586566,0
586567,10
586568,0
586569,0
586570,0
586571,0
586572,0
586573,8
586574,0
586575,0
586576,0
586577,0
586578,19
586579,0
586580,0
586581,12
586582,0
586583,0
586584,0
586585,0
586586,0
586587,0
586588,0
586589,0
586590,18
586591,9
586592,0
586593,0
586594,0
586595,0
586596,0
586597,0
586598,13
586599,0
586600,0
586601,0
586602,0
586603,0
586604,0
586605,0
586606,0
586607,0
586608,0
586609,0
586610,0
586611,0
586612,9
586613,0
586614,0
586615,0
586616,0
586617,0
586618,0
586619,0
586620,14
586621,0
586622,0
586623,0
586624,0
586625,0
586626,0
586627,0
586628,14
586629,0
586630,0
586631,0
586632,0
586633,0
586634,0
586635,0
586636,20
586637,0
586638,0
586639,13
586640,12
586641,0
586642,16
586643,0
586644,0
586645,13
586646,0
586647,0
586648,0
586649,0
586650,0
586651,0
586652,15
586653,0
586654,0
586655,12
586656,0
586657,0
586658,10
586659,0
586660,0
586661,0
586662,0
586663,0
586664,0
586665,0
586666,7
586667,0
586668,0
586669,0
586670,0
586671,0
586672,0
586673,0
586674,0
586675,10
586676,10
586677,0
586678,0
586679,0
586680,10
586681,15
586682,16
586683,8
586684,0
586685,0
586686,0
586687,0
586688,0
586689,0
586690,0
586691,0
586692,0
586693,0
586694,0
586695,0
586696,0
586697,0
586698,0
586699,0
586700,0
586701,11
586702,0
586703,0
586704,11
586705,0
586706,16
586707,0
586708,0
586709,0
586710,13
586711,0
586712,0
586713,0
586714,0
586715,0
586716,0
586717,0
586718,0
586719,0
586720,0
586721,0
586722,0
586723,13
586724,17
586725,12
586726,0
586727,0
586728,14
586729,0
586730,0
586731,0
586732,0
586733,0
586734,7
586735,0
586736,0
586737,0
586738,0
586739,0
586740,8
586741,0
586742,0
586743,0
586744,0
586745,0
586746,10
586747,0
586748,0
586749,0
586750,10
586751,0
586752,0
586753,0
586754,12
586755,0
586756,0
586757,0
586758,0
586759,0
586760,0
586761,0
586762,0
586763,0
586764,0
586765,0
586766,0
586767,13
586768,0
586769,0
586770,0
586771,0
586772,0
586773,0
586774,0
586775,0
586776,0
586777,0
586778,0
586779,0
586780,0
586781,0
586782,0
586783,0
586784,19
586785,0
586786,0
586787,18
586788,20
586789,25
586790,19
586791,0
586792,0
586793,0
586794,0
586795,0
586796,0
586797,0
586798,0
586799,0
586800,0
586801,0
586802,0
586803,19
586804,0
586805,0
586806,0
586807,0
586808,0
586809,0
586810,0
586811,0
586812,0
586813,0
586814,0
586815,0
586816,27
586817,18
586818,0
586819,22
586820,0
586821,24
586822,22
586823,0
586824,0
586825,0
586826,21
586827,0
586828,0
586829,0
586830,0
586831,0
586832,0
586833,0
586834,0
586835,0
586836,0
586837,22
586838,0
586839,0
586840,0
586841,0
586842,0
586843,0
586844,28
586845,25
586846,0
586847,14
586848,0
586849,0
586850,0
586851,0
586852,0
586853,26
586854,0
586855,0
586856,0
586857,0
586858,0
586859,12
586860,28
586861,0
586862,0
586863,0
586864,0
586865,19
586866,24
586867,0
586868,0
586869,20
586870,0
586871,16
586872,18
586873,0
586874,0
586875,0
586876,23
586877,0
586878,0
586879,0
586880,0
586881,22
586882,0
586883,0
586884,0
586885,0
586886,0
586887,0
586888,0
586889,0
586890,0
586891,0
586892,0
586893,0
586894,20
586895,0
586896,0
586897,15
586898,0
586899,0
586900,0
586901,0
586902,17
586903,19
586904,0
586905,8
586906,0
586907,0
586908,0
586909,0
586910,0
586911,9
586912,0
586913,0
586914,0
586915,0
586916,0
586917,5
586918,0
586919,3
586920,0
586921,11
586922,13
586923,14
586924,0
586925,11
586926,9
586927,0
586928,0
586929,0
586930,0
586931,14
586932,0
586933,13
586934,0
586935,0
586936,9
586937,0
586938,0
586939,0
586940,18
586941,10
586942,0
586943,0
586944,0
586945,0
586946,0
586947,0
586948,0
586949,0
586950,0
586951,0
586952,8
586953,0
586954,0
586955,0
586956,0
586957,0
586958,0
586959,0
586960,14
586961,0
586962,0
586963,0
586964,0
586965,0
586966,0
586967,0
586968,0
586969,0
586970,5
586971,0
586972,0
586973,0
586974,0
586975,0
586976,3
586977,0
586978,0
586979,10
586980,0
586981,0
586982,0
586983,0
586984,11
586985,0
586986,0
586987,0
586988,0
586989,0
586990,17
586991,0
586992,0
586993,0
586994,0
586995,0
586996,0
586997,0
586998,0
586999,13
587000,0
587001,0
587002,13
587003,0
587004,0
587005,12
587006,0
587007,0
587008,0
587009,0
587010,0
587011,0
587012,0
587013,13
587014,0
587015,0
587016,0
587017,12
587018,9
587019,8
587020,0
587021,0
587022,0
587023,0
587024,0
587025,0
587026,0
587027,0
587028,0
587029,0
587030,0
587031,0
587032,13
587033,0
587034,0
587035,0
587036,0
587037,0
587038,0
587039,0
587040,0
587041,0
587042,0
587043,0
587044,0
587045,0
587046,0
587047,0
587048,0
587049,11
587050,0
587051,0
587052,0
587053,8
587054,0
587055,0
587056,0
587057,0
587058,0
587059,0
587060,11
587061,0
587062,0
587063,0
587064,0
587065,0
587066,0
587067,0
587068,0
587069,16
587070,0
587071,0
587072,0
587073,10
587074,0
587075,0
587076,0
587077,0
587078,0
587079,0
587080,0
587081,0
587082,0
587083,0
587084,0
587085,0
587086,7
587087,0
587088,0
587089,0
587090,0
587091,0
587092,0
587093,11
587094,8
587095,0
587096,0
587097,0
587098,0
587099,0
587100,0
587101,10
587102,9
587103,0
587104,0
587105,0
587106,0
587107,0
587108,10
587109,0
587110,0
587111,16
587112,10
587113,0
587114,0
587115,0
587116,0
587117,10
587118,0
587119,0
587120,0
587121,0
587122,0
587123,0
587124,19
587125,0
587126,0
587127,0
587128,0
587129,0
587130,0
587131,0
587132,0
587133,0
587134,0
587135,0
587136,7
587137,0
587138,0
587139,0
587140,0
587141,0
587142,0
587143,0
587144,6
587145,10
587146,0
587147,0
587148,15
587149,0
587150,11
587151,0
587152,0
587153,15
587154,0
587155,0
587156,0
587157,0
587158,0
587159,0
587160,0
587161,0
587162,15
587163,0
587164,0
587165,0
587166,0
587167,0
587168,0
587169,0
587170,0
587171,0
587172,0
587173,0
587174,0
587175,0
587176,0
587177,0
587178,0
587179,0
587180,0
587181,0
587182,0
587183,8
587184,0
587185,0
587186,0
587187,0
587188,0
587189,0
587190,0
587191,0
587192,0
587193,0
587194,0
587195,0
587196,0
587197,0
587198,0
587199,0
587200,0
587201,0
587202,0
587203,12
587204,8
587205,15
587206,12
587207,0
587208,0
587209,0
587210,0
587211,0
587212,0
587213,0
587214,0
587215,0
587216,0
587217,0
587218,0
587219,0
587220,0
587221,0
587222,0
587223,0
587224,0
587225,0
587226,0
587227,0
587228,0
587229,0
587230,0
587231,19
587232,0
587233,19
587234,0
587235,7
587236,0
587237,0
587238,0
587239,0
587240,0
587241,0
587242,0
587243,8
587244,0
587245,7
587246,0
587247,8
587248,10
587249,0
587250,0
587251,0
587252,0
587253,0
587254,0
587255,0
587256,0
587257,8
587258,0
587259,0
587260,0
587261,0
587262,0
587263,0
587264,6
587265,0
587266,0
587267,0
587268,0
587269,0
587270,0
587271,0
587272,14
587273,0
587274,0
587275,0
587276,0
587277,13
587278,0
587279,16
587280,0
587281,0
587282,0
587283,0
587284,0
587285,0
587286,15
587287,0
587288,0
587289,0
587290,0
587291,0
587292,10
587293,0
587294,0
587295,0
587296,10
587297,0
587298,0
587299,0
587300,0
587301,11
587302,0
587303,0
587304,0
587305,8
587306,0
587307,0
587308,0
587309,3
587310,0
587311,0
587312,0
587313,0
587314,0
587315,21
587316,0
587317,0
587318,0
587319,0
587320,0
587321,0
587322,15
587323,0
587324,0
587325,0
587326,0
587327,0
587328,8
587329,0
587330,14
587331,0
587332,0
587333,3
587334,16
587335,0
587336,6
587337,0
587338,0
587339,0
587340,8
587341,0
587342,0
587343,0
587344,0
587345,0
587346,0
587347,0
587348,0
587349,0
587350,0
587351,0
587352,0
587353,0
587354,0
587355,0
587356,0
587357,0
587358,0
587359,0
587360,0
587361,0
587362,0
587363,0
587364,0
587365,0
587366,0
587367,0
587368,0
587369,0
587370,0
587371,0
587372,0
587373,0
587374,0
587375,0
587376,0
587377,0
587378,0
587379,0
587380,0
587381,1
587382,0
587383,0
587384,0
587385,0
587386,0
587387,0
587388,0
587389,0
587390,0
587391,0
587392,0
587393,0
587394,0
587395,0
587396,0
587397,0
587398,0
587399,0
587400,0
587401,0
587402,0
587403,0
587404,0
587405,0
587406,0
587407,0
587408,1
587409,0
587410,0
587411,0
587412,0
587413,0
587414,0
587415,0
587416,0
587417,0
587418,0
587419,0
587420,0
587421,0
587422,0
587423,0
587424,0
587425,0
587426,0
587427,0
587428,0
587429,0
587430,0
587431,0
587432,0
587433,0
587434,0
587435,0
587436,0
587437,0
587438,0
587439,0
587440,0
587441,10
587442,21
587443,0
587444,0
587445,0
587446,0
587447,10
587448,0
587449,0
587450,11
587451,0
587452,14
587453,0
587454,0
587455,0
587456,10
587457,11
587458,18
587459,17
587460,0
587461,12
587462,0
587463,25
587464,0
587465,12
587466,8
587467,0
587468,0
587469,15
587470,0
587471,0
587472,0
587473,0
587474,0
587475,9
587476,0
587477,14
587478,0
587479,13
587480,0
587481,0
587482,0
587483,16
587484,0
587485,21
587486,22
587487,0
587488,5
587489,16
587490,0
587491,0
587492,0
587493,0
587494,0
587495,21
587496,0
587497,0
587498,11
587499,0
587500,0
587501,0
587502,0
587503,0
587504,14
587505,0
587506,0
587507,10
587508,0
587509,15
587510,0
587511,0
587512,0
587513,0
587514,0
587515,0
587516,0
587517,16
587518,0
587519,0
587520,16
587521,20
587522,7
587523,16
587524,13
587525,0
587526,0
587527,0
587528,0
587529,0
587530,0
587531,0
587532,17
587533,21
587534,0
587535,0
587536,18
587537,0
587538,0
587539,19
587540,0
587541,19
587542,0
587543,0
587544,0
587545,0
587546,18
587547,0
587548,0
587549,0
587550,8
587551,19
587552,0
587553,16
587554,0
587555,10
587556,0
587557,22
587558,0
587559,11
587560,0
587561,0
587562,0
587563,0
587564,12
587565,0
587566,0
587567,0
587568,0
587569,0
587570,0
587571,0
587572,17
587573,0
587574,20
587575,0
587576,0
587577,7
587578,0
587579,12
587580,0
587581,0
587582,0
587583,7
587584,0
587585,16
587586,0
587587,0
587588,15
587589,16
587590,0
587591,15
587592,0
587593,0
587594,0
587595,0
587596,0
587597,0
587598,0
587599,0
587600,0
587601,0
587602,0
587603,0
587604,0
587605,0
587606,0
587607,0
587608,0
587609,8
587610,19
587611,20
587612,0
587613,0
587614,14
587615,0
587616,0
587617,11
587618,9
587619,0
587620,0
587621,0
587622,0
587623,12
587624,0
587625,0
587626,0
587627,0
587628,0
587629,0
587630,11
587631,0
587632,0
587633,0
587634,0
587635,0
587636,0
587637,0
587638,0
587639,0
587640,0
587641,0
587642,0
587643,10
587644,0
587645,7
587646,0
587647,20
587648,0
587649,0
587650,12
587651,0
587652,0
587653,13
587654,20
587655,0
587656,0
587657,11
587658,15
587659,0
587660,0
587661,11
587662,0
587663,0
587664,0
587665,18
587666,0
587667,0
587668,0
587669,12
587670,0
587671,0
587672,0
587673,0
587674,0
587675,0
587676,0
587677,0
587678,9
587679,0
587680,0
587681,0
587682,20
587683,12
587684,0
587685,0
587686,0
587687,0
587688,0
587689,0
587690,10
587691,0
587692,0
587693,0
587694,11
587695,0
587696,12
587697,15
587698,0
587699,0
587700,11
587701,0
587702,10
587703,8
587704,26
587705,11
587706,11
587707,8
587708,0
587709,0
587710,12
587711,12
587712,0
587713,12
587714,17
587715,0
587716,0
587717,0
587718,12
587719,0
587720,0
587721,0
587722,15
587723,22
587724,8
587725,9
587726,14
587727,10
587728,20
587729,10
587730,0
587731,0
587732,0
587733,21
587734,0
587735,21
587736,5
587737,0
587738,0
587739,0
587740,0
587741,13
587742,16
587743,0
587744,13
587745,0
587746,0
587747,9
587748,12
587749,0
587750,0
587751,0
587752,0
587753,0
587754,0
587755,0
587756,14
587757,20
587758,10
587759,0
587760,0
587761,0
587762,0
587763,0
587764,0
587765,0
587766,12
587767,16
587768,0
587769,0
587770,0
587771,0
587772,0
587773,0
587774,0
587775,7
587776,12
587777,15
587778,0
587779,0
587780,0
587781,0
587782,0
587783,0
587784,13
587785,9
587786,0
587787,0
587788,12
587789,0
587790,22
587791,18
587792,0
587793,0
587794,0
587795,0
587796,16
587797,0
587798,0
587799,0
587800,0
587801,0
587802,0
587803,10
587804,0
587805,14
587806,0
587807,0
587808,7
587809,14
587810,0
587811,14
587812,16
587813,0
587814,11
587815,0
587816,0
587817,0
587818,0
587819,0
587820,0
587821,18
587822,10
587823,0
587824,4
587825,0
587826,0
587827,13
587828,0
587829,0
587830,19
587831,0
587832,14
587833,13
587834,0
587835,0
587836,14
587837,23
587838,0
587839,0
587840,0
587841,0
587842,0
587843,15
587844,17
587845,0
587846,0
587847,0
587848,0
587849,13
587850,0
587851,0
587852,0
587853,0
587854,0
587855,14
587856,0
587857,0
587858,19
587859,0
587860,0
587861,0
587862,0
587863,17
587864,20
587865,0
587866,0
587867,14
587868,0
587869,9
587870,0
587871,0
587872,0
587873,0
587874,0
587875,0
587876,0
587877,0
587878,14
587879,0
587880,0
587881,0
587882,0
587883,0
587884,0
587885,0
587886,16
587887,15
587888,7
587889,0
587890,14
587891,0
587892,0
587893,0
587894,0
587895,0
587896,0
587897,0
587898,0
587899,0
587900,0
587901,0
587902,0
587903,0
587904,0
587905,0
587906,14
587907,0
587908,0
587909,8
587910,0
587911,0
587912,0
587913,0
587914,0
587915,0
587916,0
587917,15
587918,9
587919,20
587920,17
587921,0
587922,16
587923,0
587924,16
587925,0
587926,0
587927,9
587928,0
587929,11
587930,0
587931,0
587932,0
587933,0
587934,0
587935,0
587936,16
587937,0
587938,0
587939,0
587940,0
587941,10
587942,11
587943,0
587944,0
587945,0
587946,0
587947,18
587948,0
587949,0
587950,7
587951,0
587952,0
587953,0
587954,12
587955,0
587956,0
587957,0
587958,0
587959,0
587960,0
587961,19
587962,0
587963,0
587964,0
587965,0
587966,0
587967,0
587968,7
587969,13
587970,0
587971,8
587972,14
587973,0
587974,0
587975,0
587976,13
587977,10
587978,0
587979,0
587980,14
587981,4
587982,17
587983,0
587984,19
587985,0
587986,0
587987,0
587988,0
587989,15
587990,18
587991,0
587992,0
587993,12
587994,0
587995,0
587996,21
587997,13
587998,0
587999,0
588000,0
588001,0
588002,13
588003,0
588004,0
588005,10
588006,16
588007,0
588008,0
588009,16
588010,0
588011,0
588012,0
588013,0
588014,13
588015,17
588016,11
588017,0
588018,0
588019,0
588020,0
588021,0
588022,0
588023,10
588024,12
588025,0
588026,0
588027,18
588028,0
588029,0
588030,0
588031,0
588032,0
588033,0
588034,9
588035,0
588036,12
588037,21
588038,10
588039,0
588040,27
588041,0
588042,0
588043,0
588044,0
588045,26
588046,0
588047,36
588048,0
588049,43
588050,0
588051,0
588052,0
588053,0
588054,0
588055,0
588056,0
588057,0
588058,0
588059,0
588060,0
588061,0
588062,0
588063,0
588064,0
588065,0
588066,0
588067,0
588068,0
588069,0
588070,0
588071,0
588072,0
588073,0
588074,41
588075,0
588076,0
588077,0
588078,26
588079,0
588080,0
588081,0
588082,0
588083,0
588084,0
588085,0
588086,0
588087,0
588088,0
588089,0
588090,0
588091,33
588092,0
588093,0
588094,0
588095,0
588096,0
588097,0
588098,0
588099,0
588100,0
588101,0
588102,0
588103,0
588104,0
588105,0
588106,44
588107,0
588108,0
588109,0
588110,0
588111,0
588112,0
588113,0
588114,0
588115,0
588116,35
588117,28
588118,0
588119,0
588120,0
588121,0
588122,0
588123,0
588124,0
588125,0
588126,0
588127,0
588128,0
588129,0
588130,0
588131,0
588132,0
588133,0
588134,0
588135,33
588136,33
588137,0
588138,0
588139,0
588140,0
588141,0
588142,0
588143,0
588144,0
588145,0
588146,0
588147,0
588148,0
588149,0
588150,0
588151,0
588152,0
588153,0
588154,0
588155,0
588156,24
588157,0
588158,0
588159,0
588160,0
588161,0
588162,0
588163,0
588164,0
588165,0
588166,0
588167,0
588168,0
588169,0
588170,0
588171,0
588172,0
588173,0
588174,0
588175,0
588176,0
588177,42
588178,0
588179,20
588180,0
588181,0
588182,0
588183,37
588184,46
588185,0
588186,0
588187,0
588188,0
588189,0
588190,0
588191,38
588192,44
588193,0
588194,0
588195,0
588196,31
588197,0
588198,0
588199,0
588200,0
588201,0
588202,0
588203,15
588204,0
588205,0
588206,0
588207,0
588208,0
588209,0
588210,0
588211,0
588212,0
588213,0
588214,0
588215,0
588216,0
588217,0
588218,0
588219,0
588220,0
588221,0
588222,34
588223,0
588224,0
588225,0
588226,41
588227,0
588228,0
588229,0
588230,30
588231,0
588232,44
588233,0
588234,34
588235,0
588236,0
588237,0
588238,0
588239,0
588240,28
588241,0
588242,0
588243,0
588244,0
588245,0
588246,0
588247,0
588248,34
588249,0
588250,0
588251,0
588252,0
588253,0
588254,0
588255,0
588256,0
588257,0
588258,0
588259,0
588260,0
588261,0
588262,0
588263,0
588264,0
588265,0
588266,19
588267,0
588268,0
588269,0
588270,0
588271,0
588272,0
588273,0
588274,0
588275,0
588276,0
588277,0
588278,0
588279,0
588280,0
588281,0
588282,0
588283,0
588284,0
588285,0
588286,0
588287,0
588288,0
588289,0
588290,0
588291,0
588292,0
588293,0
588294,0
588295,0
588296,0
588297,0
588298,0
588299,0
588300,0
588301,0
588302,0
588303,0
588304,0
588305,0
588306,0
588307,0
588308,0
588309,0
588310,0
588311,0
588312,0
588313,32
588314,0
588315,0
588316,0
588317,0
588318,0
588319,0
588320,0
588321,0
588322,0
588323,0
588324,0
588325,0
588326,0
588327,0
588328,0
588329,0
588330,0
588331,0
588332,17
588333,0
588334,0
588335,0
588336,0
588337,22
588338,0
588339,0
588340,0
588341,0
588342,0
588343,0
588344,0
588345,0
588346,0
588347,0
588348,0
588349,0
588350,0
588351,0
588352,0
588353,0
588354,0
588355,21
588356,9
588357,0
588358,0
588359,0
588360,0
588361,0
588362,0
588363,0
588364,0
588365,0
588366,0
588367,0
588368,0
588369,0
588370,0
588371,0
588372,0
588373,0
588374,0
588375,0
588376,0
588377,0
588378,0
588379,0
588380,0
588381,0
588382,0
588383,0
588384,0
588385,0
588386,0
588387,0
588388,0
588389,0
588390,0
588391,0
588392,0
588393,0
588394,0
588395,0
588396,0
588397,0
588398,0
588399,0
588400,21
588401,0
588402,0
588403,43
588404,0
588405,0
588406,0
588407,0
588408,0
588409,0
588410,0
588411,0
588412,0
588413,0
588414,0
588415,0
588416,0
588417,0
588418,0
588419,0
588420,0
588421,0
588422,0
588423,0
588424,0
588425,0
588426,0
588427,0
588428,0
588429,0
588430,0
588431,0
588432,0
588433,0
588434,0
588435,0
588436,0
588437,0
588438,0
588439,0
588440,0
588441,0
588442,0
588443,0
588444,0
588445,0
588446,0
588447,0
588448,0
588449,0
588450,0
588451,0
588452,0
588453,0
588454,0
588455,0
588456,0
588457,0
588458,0
588459,0
588460,0
588461,1
588462,0
588463,0
588464,0
588465,0
588466,0
588467,0
588468,0
588469,0
588470,0
588471,0
588472,0
588473,0
588474,0
588475,0
588476,0
588477,0
588478,0
588479,0
588480,0
588481,0
588482,0
588483,0
588484,0
588485,0
588486,0
588487,0
588488,0
588489,1
588490,0
588491,0
588492,0
588493,0
588494,0
588495,0
588496,0
588497,0
588498,0
588499,0
588500,0
588501,0
588502,0
588503,0
588504,0
588505,0
588506,0
588507,0
588508,0
588509,0
588510,0
588511,0
588512,0
588513,0
588514,0
588515,0
588516,0
588517,0
588518,0
588519,0
588520,0
588521,0
588522,0
588523,0
588524,0
588525,0
588526,0
588527,0
588528,0
588529,0
588530,0
588531,0
588532,0
588533,0
588534,0
588535,0
588536,0
588537,0
588538,0
588539,0
588540,0
588541,0
588542,0
588543,0
588544,0
588545,0
588546,0
588547,0
588548,0
588549,0
588550,0
588551,0
588552,0
588553,0
588554,0
588555,7
588556,0
588557,0
588558,0
588559,0
588560,0
588561,0
588562,0
588563,0
588564,0
588565,0
588566,0
588567,0
588568,0
588569,12
588570,0
588571,6
588572,0
588573,0
588574,0
588575,0
588576,0
588577,0
588578,0
588579,0
588580,0
588581,0
588582,0
588583,0
588584,0
588585,0
588586,0
588587,0
588588,0
588589,0
588590,0
588591,0
588592,0
588593,0
588594,2
588595,10
588596,0
588597,0
588598,0
588599,0
588600,0
588601,0
588602,0
588603,0
588604,0
588605,0
588606,0
588607,0
588608,0
588609,0
588610,0
588611,0
588612,0
588613,0
588614,0
588615,0
588616,0
588617,0
588618,8
588619,0
588620,0
588621,11
588622,0
588623,0
588624,0
588625,0
588626,0
588627,0
588628,0
588629,0
588630,0
588631,0
588632,0
588633,0
588634,0
588635,0
588636,0
588637,0
588638,5
588639,0
588640,0
588641,0
588642,0
588643,0
588644,0
588645,0
588646,0
588647,0
588648,0
588649,6
588650,0
588651,0
588652,0
588653,0
588654,0
588655,5
588656,0
588657,0
588658,0
588659,0
588660,0
588661,0
588662,0
588663,0
588664,0
588665,0
588666,0
588667,0
588668,7
588669,0
588670,0
588671,0
588672,4
588673,0
588674,0
588675,0
588676,0
588677,0
588678,0
588679,0
588680,0
588681,0
588682,0
588683,0
588684,0
588685,0
588686,0
588687,0
588688,0
588689,0
588690,0
588691,0
588692,0
588693,11
588694,7
588695,0
588696,0
588697,0
588698,0
588699,0
588700,0
588701,0
588702,0
588703,4
588704,0
588705,0
588706,0
588707,0
588708,0
588709,0
588710,0
588711,0
588712,0
588713,0
588714,0
588715,0
588716,0
588717,0
588718,0
588719,0
588720,0
588721,0
588722,0
588723,0
588724,0
588725,0
588726,0
588727,0
588728,0
588729,0
588730,20
588731,10
588732,0
588733,0
588734,0
588735,0
588736,9
588737,0
588738,5
588739,0
588740,0
588741,9
588742,0
588743,0
588744,0
588745,7
588746,0
588747,0
588748,0
588749,0
588750,0
588751,0
588752,0
588753,0
588754,0
588755,0
588756,0
588757,0
588758,0
588759,0
588760,0
588761,0
588762,0
588763,0
588764,0
588765,0
588766,0
588767,0
588768,0
588769,0
588770,0
588771,0
588772,0
588773,0
588774,0
588775,0
588776,0
588777,0
588778,0
588779,0
588780,0
588781,1
588782,0
588783,0
588784,0
588785,0
588786,0
588787,0
588788,0
588789,6
588790,0
588791,0
588792,0
588793,0
588794,0
588795,0
588796,0
588797,0
588798,0
588799,0
588800,0
588801,0
588802,0
588803,0
588804,6
588805,6
588806,0
588807,0
588808,0
588809,0
588810,0
588811,13
588812,0
588813,0
588814,9
588815,0
588816,0
588817,0
588818,0
588819,0
588820,0
588821,0
588822,0
588823,0
588824,0
588825,0
588826,0
588827,0
588828,0
588829,0
588830,0
588831,0
588832,0
588833,4
588834,0
588835,0
588836,0
588837,0
588838,0
588839,0
588840,0
588841,9
588842,0
588843,4
588844,0
588845,11
588846,0
588847,7
588848,0
588849,0
588850,0
588851,0
588852,0
588853,8
588854,0
588855,7
588856,0
588857,0
588858,0
588859,0
588860,0
588861,0
588862,14
588863,0
588864,0
588865,0
588866,0
588867,0
588868,0
588869,0
588870,0
588871,0
588872,0
588873,0
588874,0
588875,0
588876,0
588877,0
588878,0
588879,0
588880,0
588881,0
588882,0
588883,4
588884,0
588885,4
588886,0
588887,0
588888,5
588889,0
588890,0
588891,0
588892,0
588893,6
588894,0
588895,0
588896,0
588897,0
588898,0
588899,0
588900,0
588901,0
588902,0
588903,0
588904,0
588905,0
588906,0
588907,0
588908,0
588909,0
588910,0
588911,0
588912,0
588913,14
588914,9
588915,0
588916,0
588917,0
588918,0
588919,0
588920,0
588921,0
588922,0
588923,0
588924,0
588925,0
588926,0
588927,4
588928,0
588929,0
588930,0
588931,0
588932,0
588933,0
588934,0
588935,0
588936,0
588937,0
588938,0
588939,0
588940,0
588941,0
588942,0
588943,0
588944,0
588945,0
588946,0
588947,0
588948,0
588949,0
588950,0
588951,0
588952,0
588953,0
588954,0
588955,0
588956,0
588957,0
588958,0
588959,0
588960,0
588961,0
588962,0
588963,0
588964,0
588965,0
588966,0
588967,0
588968,0
588969,0
588970,0
588971,0
588972,0
588973,0
588974,0
588975,0
588976,0
588977,0
588978,0
588979,0
588980,0
588981,0
588982,0
588983,1
588984,0
588985,0
588986,0
588987,0
588988,0
588989,0
588990,0
588991,0
588992,0
588993,0
588994,0
588995,0
588996,0
588997,0
588998,0
588999,0
589000,0
589001,0
589002,0
589003,0
589004,0
589005,0
589006,0
589007,0
589008,0
589009,0
589010,0
589011,0
589012,0
589013,0
589014,0
589015,0
589016,0
589017,0
589018,0
589019,0
589020,0
589021,0
589022,0
589023,0
589024,0
589025,0
589026,0
589027,0
589028,0
589029,0
589030,0
589031,0
589032,0
589033,0
589034,0
589035,0
589036,0
589037,0
589038,0
589039,0
589040,0
589041,0
589042,0
589043,0
589044,0
589045,0
589046,0
589047,0
589048,0
589049,0
589050,0
589051,0
589052,0
589053,0
589054,0
589055,0
589056,0
589057,0
589058,0
589059,0
589060,0
589061,0
589062,0
589063,0
589064,0
589065,0
589066,0
589067,0
589068,0
589069,0
589070,0
589071,0
589072,0
589073,0
589074,0
589075,0
589076,0
589077,0
589078,0
589079,0
589080,0
589081,0
589082,0
589083,0
589084,0
589085,0
589086,0
589087,0
589088,0
589089,0
589090,0
589091,0
589092,0
589093,0
589094,0
589095,0
589096,0
589097,0
589098,0
589099,0
589100,0
589101,0
589102,0
589103,0
589104,0
589105,0
589106,0
589107,0
589108,0
589109,0
589110,0
589111,0
589112,0
589113,0
589114,0
589115,0
589116,0
589117,0
589118,0
589119,0
589120,0
589121,0
589122,0
589123,0
589124,0
589125,0
589126,0
589127,0
589128,0
589129,0
589130,0
589131,0
589132,0
589133,0
589134,0
589135,0
589136,0
589137,0
589138,0
589139,0
589140,0
589141,0
589142,0
589143,0
589144,0
589145,0
589146,0
589147,0
589148,0
589149,0
589150,0
589151,0
589152,0
589153,0
589154,0
589155,0
589156,0
589157,0
589158,0
589159,0
589160,0
589161,0
589162,0
589163,0
589164,0
589165,0
589166,0
589167,0
589168,0
589169,0
589170,0
589171,0
589172,0
589173,0
589174,0
589175,0
589176,0
589177,0
589178,0
589179,0
589180,0
589181,0
589182,0
589183,0
589184,0
589185,0
589186,0
589187,0
589188,0
589189,0
589190,0
589191,0
589192,0
589193,0
589194,0
589195,0
589196,0
589197,0
589198,0
589199,0
589200,0
589201,0
589202,0
589203,0
589204,0
589205,0
589206,0
589207,0
589208,0
589209,0
589210,0
589211,0
589212,0
589213,0
589214,0
589215,0
589216,0
589217,0
589218,0
589219,0
589220,0
589221,0
589222,0
589223,0
589224,0
589225,0
589226,0
589227,0
589228,0
589229,0
589230,0
589231,0
589232,0
589233,0
589234,0
589235,0
589236,0
589237,0
589238,0
589239,0
589240,0
589241,0
589242,0
589243,0
589244,0
589245,0
589246,0
589247,0
589248,0
589249,0
589250,0
589251,0
589252,0
589253,0
589254,0
589255,0
589256,0
589257,0
589258,0
589259,0
589260,0
589261,0
589262,0
589263,0
589264,0
589265,0
589266,0
589267,0
589268,0
589269,0
589270,0
589271,0
589272,0
589273,0
589274,0
589275,0
589276,0
589277,0
589278,0
589279,0
589280,0
589281,0
589282,0
589283,0
589284,0
589285,0
589286,0
589287,0
589288,0
589289,0
589290,0
589291,0
589292,0
589293,0
589294,0
589295,0
589296,0
589297,0
589298,0
589299,0
589300,0
589301,0
589302,0
589303,0
589304,0
589305,0
589306,0
589307,0
589308,0
589309,0
589310,0
589311,0
589312,0
589313,0
589314,0
589315,0
589316,0
589317,0
589318,0
589319,0
589320,0
589321,0
589322,0
589323,0
589324,0
589325,0
589326,0
589327,0
589328,0
589329,0
589330,0
589331,0
589332,0
589333,0
589334,0
589335,0
589336,0
589337,0
589338,0
589339,0
589340,0
589341,0
589342,0
589343,0
589344,0
589345,0
589346,0
589347,0
589348,0
589349,0
589350,0
589351,0
589352,0
589353,0
589354,0
589355,0
589356,0
589357,0
589358,0
589359,0
589360,0
589361,0
589362,0
589363,0
589364,0
589365,0
589366,0
589367,0
589368,0
589369,0
589370,0
589371,0
589372,0
589373,0
589374,0
589375,0
589376,0
589377,0
589378,0
589379,0
589380,0
589381,0
589382,0
589383,0
589384,0
589385,0
589386,0
589387,0
589388,0
589389,0
589390,0
589391,0
589392,0
589393,0
589394,0
589395,0
589396,0
589397,0
589398,0
589399,0
589400,0
589401,0
589402,0
589403,0
589404,0
589405,0
589406,0
589407,0
589408,0
589409,0
589410,0
589411,0
589412,0
589413,0
589414,0
589415,0
589416,0
589417,0
589418,0
589419,0
589420,0
589421,0
589422,0
589423,0
589424,0
589425,0
589426,0
589427,0
589428,0
589429,0
589430,0
589431,0
589432,0
589433,0
589434,0
589435,0
589436,0
589437,0
589438,0
589439,0
589440,0
589441,0
589442,0
589443,0
589444,0
589445,0
589446,0
589447,0
589448,0
589449,0
589450,0
589451,0
589452,0
589453,0
589454,0
589455,0
589456,0
589457,0
589458,0
589459,0
589460,0
589461,0
589462,0
589463,0
589464,0
589465,0
589466,0
589467,0
589468,0
589469,0
589470,0
589471,0
589472,0
589473,0
589474,0
589475,0
589476,0
589477,0
589478,0
589479,0
589480,0
589481,0
589482,0
589483,0
589484,0
589485,0
589486,0
589487,0
589488,0
589489,0
589490,0
589491,0
589492,0
589493,0
589494,0
589495,0
589496,0
589497,0
589498,0
589499,0
589500,0
589501,0
589502,0
589503,0
589504,0
589505,0
589506,0
589507,0
589508,0
589509,0
589510,0
589511,0
589512,0
589513,0
589514,0
589515,0
589516,0
589517,0
589518,0
589519,0
589520,0
589521,0
589522,0
589523,0
589524,0
589525,0
589526,0
589527,0
589528,0
589529,0
589530,0
589531,0
589532,0
589533,0
589534,0
589535,0
589536,0
589537,0
589538,0
589539,0
589540,0
589541,0
589542,0
589543,0
589544,0
589545,0
589546,0
589547,0
589548,0
589549,0
589550,0
589551,0
589552,0
589553,0
589554,0
589555,0
589556,0
589557,0
589558,0
589559,0
589560,0
589561,0
589562,0
589563,0
589564,0
589565,0
589566,0
589567,0
589568,0
589569,0
589570,0
589571,0
589572,0
589573,0
589574,0
589575,0
589576,0
589577,0
589578,0
589579,0
589580,0
589581,0
589582,0
589583,0
589584,0
589585,0
589586,0
589587,0
589588,0
589589,0
589590,0
589591,0
589592,0
589593,0
589594,0
589595,0
589596,0
589597,0
589598,0
589599,0
589600,0
589601,0
589602,0
589603,0
589604,0
589605,0
589606,0
589607,0
589608,0
589609,0
589610,0
589611,0
589612,0
589613,0
589614,0
589615,0
589616,0
589617,0
589618,0
589619,0
589620,0
589621,0
589622,0
589623,0
589624,0
589625,0
589626,0
589627,0
589628,0
589629,0
589630,0
589631,0
589632,0
589633,0
589634,0
589635,0
589636,0
589637,0
589638,0
589639,0
589640,0
589641,0
589642,0
589643,0
589644,0
589645,0
589646,0
589647,0
589648,0
589649,0
589650,0
589651,0
589652,0
589653,0
589654,0
589655,0
589656,0
589657,0
589658,0
589659,0
589660,0
589661,0
589662,0
589663,0
589664,0
589665,0
589666,0
589667,0
589668,0
589669,0
589670,0
589671,0
589672,0
589673,0
589674,0
589675,0
589676,0
589677,0
589678,0
589679,0
589680,0
589681,1
589682,0
589683,0
589684,0
589685,0
589686,0
589687,0
589688,0
589689,0
589690,0
589691,0
589692,0
589693,0
589694,0
589695,0
589696,0
589697,0
589698,0
589699,0
589700,0
589701,0
589702,0
589703,0
589704,0
589705,0
589706,0
589707,0
589708,0
589709,0
589710,0
589711,0
589712,0
589713,0
589714,0
589715,0
589716,0
589717,0
589718,1
589719,4
589720,0
589721,0
589722,0
589723,0
589724,0
589725,0
589726,1
589727,0
589728,0
589729,0
589730,0
589731,0
589732,0
589733,0
589734,0
589735,0
589736,0
589737,3
589738,0
589739,3
589740,4
589741,0
589742,0
589743,0
589744,0
589745,0
589746,0
589747,0
589748,0
589749,0
589750,0
589751,0
589752,0
589753,0
589754,4
589755,0
589756,0
589757,0
589758,0
589759,0
589760,6
589761,0
589762,0
589763,0
589764,0
589765,2
589766,0
589767,3
589768,3
589769,4
589770,0
589771,0
589772,0
589773,0
589774,5
589775,2
589776,0
589777,0
589778,0
589779,5
589780,0
589781,0
589782,0
589783,0
589784,4
589785,0
589786,0
589787,0
589788,0
589789,0
589790,0
589791,0
589792,0
589793,0
589794,0
589795,0
589796,0
589797,0
589798,0
589799,0
589800,0
589801,0
589802,0
589803,0
589804,0
589805,0
589806,0
589807,0
589808,0
589809,0
589810,0
589811,0
589812,1
589813,6
589814,0
589815,0
589816,0
589817,5
589818,0
589819,1
589820,0
589821,0
589822,0
589823,0
589824,0
589825,0
589826,0
589827,0
589828,0
589829,0
589830,4
589831,0
589832,6
589833,0
589834,0
589835,0
589836,0
589837,0
589838,0
589839,5
589840,0
589841,0
589842,0
589843,1
589844,0
589845,0
589846,0
589847,0
589848,0
589849,0
589850,0
589851,3
589852,0
589853,0
589854,0
589855,0
589856,3
589857,0
589858,2
589859,0
589860,0
589861,0
589862,0
589863,0
589864,0
589865,0
589866,1
589867,0
589868,0
589869,0
589870,0
589871,0
589872,0
589873,0
589874,0
589875,0
589876,0
589877,0
589878,0
589879,0
589880,0
589881,0
589882,0
589883,0
589884,0
589885,0
589886,0
589887,0
589888,0
589889,0
589890,1
589891,0
589892,0
589893,4
589894,1
589895,0
589896,0
589897,4
589898,0
589899,0
589900,0
589901,0
589902,0
589903,0
589904,0
589905,0
589906,0
589907,3
589908,0
589909,0
589910,0
589911,0
589912,0
589913,0
589914,0
589915,0
589916,0
589917,0
589918,0
589919,0
589920,0
589921,0
589922,0
589923,3
589924,0
589925,0
589926,0
589927,0
589928,0
589929,0
589930,0
589931,0
589932,0
589933,0
589934,0
589935,0
589936,0
589937,0
589938,0
589939,0
589940,0
589941,0
589942,0
589943,0
589944,0
589945,0
589946,0
589947,0
589948,0
589949,0
589950,0
589951,0
589952,0
589953,0
589954,0
589955,3
589956,0
589957,4
589958,0
589959,0
589960,0
589961,0
589962,0
589963,0
589964,0
589965,0
589966,0
589967,0
589968,0
589969,38
589970,0
589971,36
589972,18
589973,0
589974,0
589975,24
589976,0
589977,0
589978,0
589979,0
589980,18
589981,0
589982,0
589983,0
589984,0
589985,37
589986,0
589987,19
589988,0
589989,20
589990,0
589991,0
589992,25
589993,34
589994,0
589995,0
589996,0
589997,37
589998,0
589999,0
590000,0
590001,30
590002,0
590003,0
590004,0
590005,28
590006,0
590007,0
590008,0
590009,0
590010,0
590011,33
590012,0
590013,0
590014,0
590015,0
590016,0
590017,0
590018,0
590019,17
590020,0
590021,0
590022,0
590023,31
590024,0
590025,0
590026,0
590027,23
590028,25
590029,31
590030,34
590031,0
590032,0
590033,31
590034,0
590035,0
590036,0
590037,19
590038,0
590039,0
590040,32
590041,0
590042,26
590043,0
590044,0
590045,0
590046,0
590047,0
590048,0
590049,17
590050,0
590051,29
590052,0
590053,42
590054,0
590055,31
590056,42
590057,0
590058,0
590059,30
590060,32
590061,0
590062,23
590063,0
590064,28
590065,0
590066,0
590067,46
590068,26
590069,0
590070,0
590071,0
590072,24
590073,0
590074,0
590075,0
590076,0
590077,0
590078,0
590079,0
590080,0
590081,15
590082,0
590083,0
590084,0
590085,0
590086,36
590087,0
590088,27
590089,26
590090,0
590091,0
590092,34
590093,0
590094,0
590095,0
590096,0
590097,0
590098,0
590099,0
590100,0
590101,0
590102,0
590103,0
590104,34
590105,0
590106,0
590107,0
590108,0
590109,0
590110,0
590111,26
590112,0
590113,0
590114,0
590115,0
590116,19
590117,0
590118,0
590119,0
590120,0
590121,0
590122,21
590123,25
590124,0
590125,0
590126,0
590127,0
590128,0
590129,21
590130,0
590131,0
590132,0
590133,0
590134,0
590135,0
590136,0
590137,0
590138,0
590139,0
590140,0
590141,0
590142,34
590143,0
590144,24
590145,0
590146,0
590147,0
590148,0
590149,24
590150,23
590151,0
590152,0
590153,0
590154,24
590155,0
590156,0
590157,0
590158,0
590159,0
590160,0
590161,0
590162,0
590163,0
590164,0
590165,43
590166,0
590167,0
590168,0
590169,36
590170,0
590171,23
590172,0
590173,0
590174,0
590175,0
590176,0
590177,0
590178,27
590179,0
590180,20
590181,0
590182,0
590183,23
590184,0
590185,0
590186,0
590187,0
590188,0
590189,0
590190,0
590191,0
590192,0
590193,0
590194,0
590195,0
590196,0
590197,0
590198,0
590199,0
590200,0
590201,0
590202,0
590203,0
590204,0
590205,20
590206,0
590207,29
590208,0
590209,0
590210,19
590211,0
590212,0
590213,0
590214,0
590215,0
590216,44
590217,0
590218,0
590219,40
590220,0
590221,0
590222,0
590223,0
590224,30
590225,26
590226,0
590227,0
590228,0
590229,0
590230,0
590231,0
590232,0
590233,0
590234,0
590235,32
590236,0
590237,0
590238,0
590239,39
590240,0
590241,0
590242,0
590243,34
590244,0
590245,0
590246,31
590247,0
590248,0
590249,0
590250,25
590251,0
590252,0
590253,0
590254,31
590255,0
590256,0
590257,0
590258,0
590259,24
590260,0
590261,0
590262,0
590263,25
590264,0
590265,0
590266,37
590267,0
590268,0
590269,0
590270,25
590271,0
590272,0
590273,0
590274,33
590275,25
590276,0
590277,34
590278,24
590279,0
590280,0
590281,0
590282,0
590283,0
590284,0
590285,0
590286,0
590287,0
590288,0
590289,15
590290,41
590291,0
590292,0
590293,16
590294,0
590295,0
590296,0
590297,0
590298,0
590299,0
590300,26
590301,30
590302,0
590303,20
590304,0
590305,0
590306,0
590307,0
590308,21
590309,0
590310,23
590311,0
590312,0
590313,0
590314,0
590315,0
590316,0
590317,0
590318,0
590319,0
590320,44
590321,0
590322,0
590323,0
590324,33
590325,0
590326,28
590327,24
590328,0
590329,0
590330,0
590331,0
590332,0
590333,0
590334,0
590335,0
590336,0
590337,0
590338,0
590339,0
590340,0
590341,0
590342,36
590343,45
590344,0
590345,0
590346,0
590347,0
590348,0
590349,0
590350,0
590351,0
590352,0
590353,32
590354,0
590355,0
590356,0
590357,0
590358,0
590359,0
590360,0
590361,0
590362,0
590363,32
590364,0
590365,18
590366,0
590367,0
590368,0
590369,0
590370,0
590371,0
590372,0
590373,0
590374,0
590375,0
590376,0
590377,0
590378,0
590379,45
590380,0
590381,0
590382,0
590383,0
590384,0
590385,31
590386,29
590387,0
590388,0
590389,0
590390,0
590391,29
590392,0
590393,0
590394,0
590395,0
590396,0
590397,0
590398,33
590399,0
590400,0
590401,33
590402,0
590403,0
590404,30
590405,0
590406,0
590407,34
590408,0
590409,0
590410,0
590411,0
590412,0
590413,0
590414,17
590415,0
590416,0
590417,0
590418,0
590419,0
590420,12
590421,0
590422,0
590423,14
590424,0
590425,0
590426,15
590427,9
590428,13
590429,0
590430,0
590431,0
590432,0
590433,0
590434,7
590435,10
590436,8
590437,0
590438,0
590439,0
590440,13
590441,10
590442,0
590443,0
590444,8
590445,11
590446,14
590447,0
590448,0
590449,0
590450,24
590451,0
590452,12
590453,0
590454,0
590455,0
590456,9
590457,0
590458,0
590459,0
590460,0
590461,0
590462,14
590463,0
590464,0
590465,18
590466,0
590467,6
590468,0
590469,0
590470,0
590471,0
590472,0
590473,0
590474,8
590475,9
590476,0
590477,0
590478,7
590479,0
590480,0
590481,0
590482,0
590483,12
590484,10
590485,0
590486,0
590487,5
590488,10
590489,0
590490,0
590491,0
590492,0
590493,10
590494,0
590495,0
590496,0
590497,3
590498,0
590499,0
590500,15
590501,0
590502,0
590503,10
590504,0
590505,11
590506,0
590507,0
590508,0
590509,20
590510,0
590511,15
590512,0
590513,9
590514,0
590515,0
590516,0
590517,0
590518,0
590519,0
590520,11
590521,0
590522,0
590523,11
590524,0
590525,4
590526,0
590527,0
590528,7
590529,16
590530,14
590531,0
590532,13
590533,0
590534,0
590535,0
590536,0
590537,0
590538,0
590539,0
590540,0
590541,0
590542,0
590543,0
590544,0
590545,0
590546,0
590547,9
590548,10
590549,0
590550,0
590551,0
590552,0
590553,0
590554,12
590555,0
590556,0
590557,6
590558,0
590559,0
590560,0
590561,17
590562,0
590563,8
590564,0
590565,0
590566,0
590567,12
590568,0
590569,0
590570,0
590571,8
590572,0
590573,12
590574,14
590575,15
590576,14
590577,0
590578,10
590579,18
590580,0
590581,0
590582,13
590583,16
590584,0
590585,0
590586,0
590587,0
590588,11
590589,12
590590,11
590591,6
590592,21
590593,0
590594,0
590595,12
590596,0
590597,9
590598,0
590599,0
590600,7
590601,0
590602,0
590603,7
590604,0
590605,0
590606,10
590607,16
590608,0
590609,0
590610,0
590611,0
590612,0
590613,12
590614,0
590615,11
590616,8
590617,0
590618,0
590619,0
590620,0
590621,0
590622,11
590623,0
590624,0
590625,0
590626,0
590627,0
590628,0
590629,0
590630,0
590631,0
590632,0
590633,0
590634,18
590635,0
590636,0
590637,9
590638,15
590639,5
590640,12
590641,0
590642,9
590643,0
590644,0
590645,11
590646,11
590647,10
590648,15
590649,16
590650,10
590651,0
590652,0
590653,0
590654,16
590655,0
590656,0
590657,0
590658,0
590659,0
590660,0
590661,0
590662,14
590663,13
590664,0
590665,0
590666,0
590667,0
590668,7
590669,0
590670,9
590671,0
590672,10
590673,0
590674,6
590675,0
590676,0
590677,8
590678,0
590679,0
590680,0
590681,6
590682,0
590683,12
590684,5
590685,0
590686,0
590687,8
590688,0
590689,0
590690,0
590691,0
590692,0
590693,0
590694,0
590695,0
590696,0
590697,0
590698,8
590699,10
590700,0
590701,0
590702,0
590703,0
590704,0
590705,18
590706,0
590707,0
590708,0
590709,0
590710,0
590711,0
590712,0
590713,0
590714,0
590715,0
590716,0
590717,0
590718,0
590719,0
590720,0
590721,13
590722,0
590723,0
590724,0
590725,0
590726,9
590727,0
590728,0
590729,9
590730,0
590731,0
590732,10
590733,0
590734,0
590735,0
590736,0
590737,0
590738,0
590739,11
590740,17
590741,7
590742,0
590743,10
590744,0
590745,16
590746,10
590747,0
590748,0
590749,0
590750,0
590751,0
590752,2
590753,0
590754,0
590755,0
590756,0
590757,2
590758,0
590759,4
590760,0
590761,0
590762,0
590763,2
590764,0
590765,0
590766,0
590767,0
590768,0
590769,1
590770,1
590771,0
590772,1
590773,0
590774,0
590775,0
590776,0
590777,0
590778,0
590779,0
590780,0
590781,0
590782,0
590783,0
590784,0
590785,0
590786,4
590787,2
590788,0
590789,0
590790,5
590791,1
590792,0
590793,1
590794,0
590795,2
590796,4
590797,3
590798,0
590799,0
590800,0
590801,0
590802,4
590803,0
590804,0
590805,0
590806,0
590807,0
590808,0
590809,0
590810,0
590811,0
590812,2
590813,0
590814,0
590815,0
590816,0
590817,0
590818,0
590819,2
590820,0
590821,0
590822,0
590823,0
590824,0
590825,0
590826,0
590827,0
590828,1
590829,1
590830,0
590831,0
590832,2
590833,0
590834,0
590835,1
590836,1
590837,3
590838,5
590839,0
590840,2
590841,0
590842,0
590843,0
590844,0
590845,0
590846,0
590847,0
590848,1
590849,2
590850,0
590851,0
590852,0
590853,0
590854,0
590855,0
590856,0
590857,3
590858,0
590859,1
590860,0
590861,0
590862,0
590863,0
590864,0
590865,0
590866,0
590867,0
590868,3
590869,0
590870,0
590871,4
590872,0
590873,0
590874,1
590875,0
590876,2
590877,0
590878,0
590879,0
590880,0
590881,0
590882,1
590883,0
590884,0
590885,2
590886,0
590887,0
590888,0
590889,0
590890,0
590891,0
590892,0
590893,0
590894,1
590895,0
590896,0
590897,2
590898,0
590899,2
590900,2
590901,2
590902,3
590903,4
590904,0
590905,0
590906,0
590907,1
590908,2
590909,0
590910,0
590911,0
590912,0
590913,1
590914,1
590915,0
590916,0
590917,0
590918,0
590919,0
590920,0
590921,0
590922,0
590923,0
590924,0
590925,0
590926,2
590927,1
590928,0
590929,0
590930,0
590931,2
590932,1
590933,0
590934,0
590935,0
590936,0
590937,0
590938,0
590939,1
590940,0
590941,0
590942,0
590943,0
590944,0
590945,0
590946,2
590947,0
590948,0
590949,2
590950,0
590951,1
590952,0
590953,0
590954,2
590955,1
590956,1
590957,0
590958,0
590959,0
590960,0
590961,0
590962,0
590963,1
590964,0
590965,0
590966,0
590967,0
590968,0
590969,0
590970,0
590971,0
590972,0
590973,0
590974,0
590975,0
590976,0
590977,0
590978,0
590979,0
590980,0
590981,0
590982,2
590983,0
590984,0
590985,0
590986,0
590987,0
590988,0
590989,0
590990,1
590991,0
590992,0
590993,0
590994,2
590995,0
590996,0
590997,0
590998,0
590999,1
591000,0
591001,2
591002,0
591003,0
591004,1
591005,1
591006,0
591007,0
591008,0
591009,0
591010,0
591011,0
591012,1
591013,2
591014,0
591015,0
591016,0
591017,0
591018,0
591019,1
591020,0
591021,0
591022,0
591023,0
591024,0
591025,2
591026,0
591027,0
591028,0
591029,0
591030,0
591031,2
591032,0
591033,0
591034,0
591035,0
591036,0
591037,0
591038,0
591039,2
591040,0
591041,3
591042,0
591043,2
591044,3
591045,0
591046,0
591047,0
591048,0
591049,0
591050,0
591051,0
591052,0
591053,0
591054,0
591055,0
591056,0
591057,0
591058,0
591059,0
591060,0
591061,0
591062,0
591063,0
591064,0
591065,0
591066,0
591067,0
591068,0
591069,1
591070,1
591071,0
591072,0
591073,0
591074,1
591075,2
591076,0
591077,0
591078,0
591079,1
591080,2
591081,0
591082,0
591083,0
591084,2
591085,0
591086,1
591087,0
591088,1
591089,2
591090,0
591091,0
591092,0
591093,1
591094,1
591095,0
591096,0
591097,0
591098,2
591099,0
591100,0
591101,0
591102,0
591103,1
591104,0
591105,0
591106,0
591107,0
591108,0
591109,0
591110,0
591111,0
591112,1
591113,2
591114,0
591115,0
591116,0
591117,0
591118,2
591119,0
591120,0
591121,0
591122,0
591123,0
591124,0
591125,4
591126,0
591127,0
591128,0
591129,3
591130,2
591131,0
591132,2
591133,0
591134,0
591135,0
591136,2
591137,0
591138,0
591139,0
591140,0
591141,0
591142,0
591143,2
591144,0
591145,0
591146,0
591147,3
591148,0
591149,0
591150,0
591151,0
591152,2
591153,0
591154,0
591155,0
591156,0
591157,0
591158,1
591159,0
591160,0
591161,4
591162,0
591163,0
591164,0
591165,0
591166,0
591167,0
591168,0
591169,0
591170,0
591171,0
591172,0
591173,0
591174,0
591175,0
591176,0
591177,0
591178,0
591179,0
591180,0
591181,2
591182,0
591183,0
591184,1
591185,2
591186,1
591187,0
591188,0
591189,0
591190,2
591191,0
591192,3
591193,0
591194,0
591195,0
591196,0
591197,1
591198,0
591199,0
591200,0
591201,0
591202,0
591203,0
591204,2
591205,0
591206,0
591207,0
591208,0
591209,2
591210,0
591211,0
591212,1
591213,0
591214,0
591215,0
591216,0
591217,0
591218,0
591219,1
591220,0
591221,0
591222,1
591223,1
591224,0
591225,0
591226,0
591227,0
591228,0
591229,0
591230,0
591231,0
591232,0
591233,0
591234,0
591235,0
591236,0
591237,0
591238,0
591239,0
591240,2
591241,0
591242,0
591243,0
591244,5
591245,0
591246,0
591247,0
591248,0
591249,0
591250,0
591251,0
591252,0
591253,0
591254,0
591255,0
591256,3
591257,0
591258,0
591259,0
591260,0
591261,0
591262,0
591263,0
591264,0
591265,0
591266,0
591267,0
591268,2
591269,0
591270,1
591271,0
591272,1
591273,0
591274,0
591275,0
591276,1
591277,0
591278,0
591279,2
591280,0
591281,0
591282,0
591283,0
591284,0
591285,0
591286,1
591287,0
591288,0
591289,0
591290,0
591291,0
591292,0
591293,0
591294,0
591295,0
591296,0
591297,0
591298,0
591299,0
591300,2
591301,0
591302,0
591303,0
591304,0
591305,0
591306,2
591307,0
591308,0
591309,0
591310,3
591311,1
591312,0
591313,0
591314,0
591315,1
591316,0
591317,0
591318,0
591319,0
591320,0
591321,0
591322,1
591323,3
591324,0
591325,2
591326,0
591327,0
591328,2
591329,0
591330,0
591331,0
591332,0
591333,0
591334,3
591335,0
591336,0
591337,0
591338,0
591339,0
591340,0
591341,0
591342,0
591343,2
591344,0
591345,2
591346,0
591347,0
591348,0
591349,0
591350,1
591351,0
591352,0
591353,0
591354,0
591355,0
591356,0
591357,0
591358,4
591359,0
591360,0
591361,1
591362,0
591363,3
591364,0
591365,0
591366,0
591367,5
591368,0
591369,0
591370,0
591371,0
591372,3
591373,0
591374,0
591375,3
591376,0
591377,0
591378,1
591379,2
591380,0
591381,0
591382,0
591383,0
591384,0
591385,0
591386,0
591387,0
591388,0
591389,0
591390,0
591391,0
591392,0
591393,0
591394,0
591395,0
591396,1
591397,0
591398,0
591399,0
591400,0
591401,0
591402,0
591403,0
591404,0
591405,0
591406,0
591407,0
591408,0
591409,0
591410,0
591411,1
591412,0
591413,0
591414,0
591415,0
591416,0
591417,0
591418,1
591419,0
591420,0
591421,0
591422,3
591423,0
591424,0
591425,0
591426,0
591427,1
591428,0
591429,0
591430,0
591431,0
591432,0
591433,0
591434,1
591435,0
591436,0
591437,0
591438,0
591439,0
591440,4
591441,0
591442,0
591443,1
591444,3
591445,2
591446,0
591447,0
591448,0
591449,0
591450,0
591451,0
591452,0
591453,0
591454,1
591455,0
591456,0
591457,3
591458,1
591459,0
591460,2
591461,0
591462,1
591463,0
591464,0
591465,0
591466,1
591467,0
591468,0
591469,4
591470,0
591471,4
591472,3
591473,0
591474,0
591475,0
591476,0
591477,0
591478,0
591479,3
591480,0
591481,1
591482,0
591483,11
591484,0
591485,0
591486,17
591487,0
591488,0
591489,0
591490,0
591491,0
591492,0
591493,0
591494,0
591495,0
591496,7
591497,0
591498,0
591499,0
591500,0
591501,0
591502,0
591503,0
591504,0
591505,0
591506,0
591507,18
591508,0
591509,0
591510,0
591511,0
591512,0
591513,7
591514,0
591515,0
591516,0
591517,0
591518,6
591519,0
591520,0
591521,0
591522,0
591523,0
591524,0
591525,0
591526,0
591527,0
591528,0
591529,0
591530,0
591531,11
591532,0
591533,0
591534,0
591535,0
591536,0
591537,0
591538,0
591539,0
591540,0
591541,17
591542,0
591543,8
591544,0
591545,5
591546,0
591547,0
591548,0
591549,0
591550,0
591551,0
591552,0
591553,13
591554,13
591555,0
591556,13
591557,0
591558,0
591559,0
591560,0
591561,0
591562,0
591563,9
591564,0
591565,0
591566,0
591567,6
591568,7
591569,0
591570,0
591571,7
591572,0
591573,9
591574,12
591575,0
591576,0
591577,0
591578,0
591579,0
591580,0
591581,19
591582,0
591583,18
591584,0
591585,0
591586,0
591587,0
591588,0
591589,0
591590,0
591591,0
591592,0
591593,0
591594,0
591595,0
591596,0
591597,0
591598,0
591599,0
591600,0
591601,0
591602,0
591603,0
591604,0
591605,0
591606,0
591607,0
591608,0
591609,16
591610,0
591611,18
591612,0
591613,0
591614,0
591615,10
591616,0
591617,8
591618,0
591619,0
591620,0
591621,0
591622,0
591623,0
591624,0
591625,0
591626,0
591627,0
591628,12
591629,0
591630,0
591631,0
591632,0
591633,0
591634,0
591635,0
591636,0
591637,0
591638,0
591639,0
591640,0
591641,0
591642,0
591643,0
591644,12
591645,8
591646,0
591647,0
591648,0
591649,0
591650,0
591651,16
591652,17
591653,0
591654,0
591655,0
591656,0
591657,0
591658,0
591659,0
591660,0
591661,0
591662,13
591663,0
591664,10
591665,0
591666,0
591667,0
591668,0
591669,9
591670,13
591671,0
591672,0
591673,0
591674,0
591675,14
591676,5
591677,0
591678,0
591679,0
591680,0
591681,0
591682,0
591683,0
591684,0
591685,0
591686,4
591687,0
591688,0
591689,0
591690,6
591691,0
591692,15
591693,15
591694,0
591695,0
591696,23
591697,0
591698,0
591699,0
591700,0
591701,0
591702,0
591703,0
591704,0
591705,0
591706,0
591707,0
591708,0
591709,0
591710,0
591711,0
591712,17
591713,0
591714,0
591715,6
591716,12
591717,0
591718,0
591719,0
591720,0
591721,0
591722,8
591723,0
591724,0
591725,11
591726,0
591727,0
591728,0
591729,7
591730,0
591731,0
591732,0
591733,0
591734,3
591735,0
591736,0
591737,0
591738,6
591739,0
591740,0
591741,21
591742,0
591743,0
591744,0
591745,0
591746,0
591747,0
591748,0
591749,0
591750,0
591751,0
591752,0
591753,0
591754,0
591755,0
591756,0
591757,0
591758,0
591759,0
591760,14
591761,14
591762,0
591763,0
591764,0
591765,0
591766,0
591767,0
591768,0
591769,0
591770,7
591771,0
591772,8
591773,19
591774,0
591775,0
591776,0
591777,11
591778,0
591779,0
591780,27
591781,0
591782,17
591783,0
591784,0
591785,0
591786,14
591787,0
591788,0
591789,0
591790,5
591791,0
591792,0
591793,0
591794,9
591795,0
591796,8
591797,0
591798,8
591799,0
591800,0
591801,0
591802,0
591803,9
591804,0
591805,0
591806,0
591807,0
591808,0
591809,0
591810,16
591811,0
591812,0
591813,0
591814,0
591815,0
591816,0
591817,0
591818,0
591819,4
591820,0
591821,0
591822,0
591823,0
591824,0
591825,0
591826,0
591827,0
591828,0
591829,0
591830,0
591831,0
591832,0
591833,0
591834,13
591835,0
591836,0
591837,23
591838,0
591839,0
591840,15
591841,0
591842,0
591843,0
591844,0
591845,13
591846,0
591847,0
591848,0
591849,0
591850,0
591851,0
591852,0
591853,12
591854,0
591855,18
591856,0
591857,0
591858,0
591859,0
591860,0
591861,0
591862,0
591863,0
591864,0
591865,0
591866,0
591867,0
591868,0
591869,0
591870,0
591871,0
591872,0
591873,0
591874,0
591875,0
591876,0
591877,12
591878,9
591879,0
591880,0
591881,0
591882,0
591883,0
591884,0
591885,0
591886,0
591887,0
591888,0
591889,0
591890,15
591891,0
591892,0
591893,7
591894,0
591895,0
591896,0
591897,0
591898,10
591899,0
591900,0
591901,0
591902,0
591903,0
591904,11
591905,8
591906,0
591907,0
591908,0
591909,0
591910,0
591911,0
591912,0
591913,0
591914,6
591915,0
591916,8
591917,0
591918,15
591919,0
591920,0
591921,0
591922,0
591923,10
591924,0
591925,0
591926,0
591927,0
591928,19
591929,0
591930,0
591931,0
591932,13
591933,16
591934,8
591935,0
591936,0
591937,0
591938,0
591939,0
591940,6
591941,0
591942,0
591943,0
591944,15
591945,0
591946,0
591947,0
591948,0
591949,0
591950,0
591951,0
591952,0
591953,0
591954,0
591955,0
591956,0
591957,0
591958,0
591959,0
591960,0
591961,0
591962,0
591963,0
591964,0
591965,0
591966,0
591967,0
591968,0
591969,0
591970,0
591971,0
591972,0
591973,0
591974,0
591975,3
591976,9
591977,0
591978,0
591979,0
591980,14
591981,0
591982,0
591983,0
591984,0
591985,0
591986,0
591987,12
591988,0
591989,12
591990,0
591991,0
591992,0
591993,0
591994,0
591995,0
591996,0
591997,0
591998,0
591999,0
592000,0
592001,0
592002,0
592003,0
592004,8
592005,0
592006,0
592007,0
592008,0
592009,0
592010,0
592011,0
592012,0
592013,0
592014,21
592015,0
592016,0
592017,19
592018,0
592019,0
592020,0
592021,0
592022,0
592023,0
592024,0
592025,0
592026,0
592027,0
592028,17
592029,19
592030,0
592031,0
592032,0
592033,0
592034,0
592035,0
592036,0
592037,0
592038,19
592039,0
592040,0
592041,0
592042,0
592043,0
592044,0
592045,0
592046,0
592047,0
592048,0
592049,0
592050,0
592051,0
592052,0
592053,0
592054,18
592055,0
592056,0
592057,0
592058,0
592059,0
592060,0
592061,0
592062,0
592063,0
592064,17
592065,0
592066,0
592067,0
592068,0
592069,8
592070,0
592071,18
592072,0
592073,0
592074,15
592075,0
592076,0
592077,0
592078,18
592079,0
592080,0
592081,0
592082,0
592083,0
592084,0
592085,0
592086,0
592087,18
592088,0
592089,0
592090,0
592091,0
592092,0
592093,0
592094,0
592095,9
592096,12
592097,0
592098,0
592099,9
592100,0
592101,0
592102,0
592103,0
592104,0
592105,0
592106,0
592107,0
592108,0
592109,29
592110,0
592111,0
592112,0
592113,0
592114,0
592115,0
592116,0
592117,0
592118,0
592119,0
592120,0
592121,0
592122,6
592123,0
592124,0
592125,0
592126,9
592127,14
592128,0
592129,8
592130,0
592131,0
592132,0
592133,12
592134,0
592135,0
592136,0
592137,0
592138,0
592139,0
592140,0
592141,0
592142,6
592143,16
592144,0
592145,0
592146,0
592147,0
592148,0
592149,11
592150,0
592151,0
592152,12
592153,0
592154,0
592155,0
592156,0
592157,0
592158,0
592159,0
592160,0
592161,37
592162,0
592163,0
592164,0
592165,0
592166,0
592167,0
592168,35
592169,0
592170,0
592171,23
592172,0
592173,0
592174,0
592175,29
592176,0
592177,0
592178,0
592179,0
592180,19
592181,0
592182,41
592183,0
592184,0
592185,0
592186,0
592187,41
592188,0
592189,0
592190,0
592191,0
592192,0
592193,0
592194,0
592195,0
592196,44
592197,0
592198,0
592199,0
592200,0
592201,0
592202,0
592203,0
592204,0
592205,0
592206,38
592207,44
592208,43
592209,0
592210,55
592211,0
592212,0
592213,0
592214,0
592215,0
592216,0
592217,37
592218,35
592219,0
592220,0
592221,0
592222,0
592223,0
592224,0
592225,39
592226,0
592227,0
592228,0
592229,0
592230,0
592231,0
592232,33
592233,0
592234,29
592235,33
592236,0
592237,53
592238,37
592239,0
592240,0
592241,31
592242,0
592243,0
592244,0
592245,0
592246,0
592247,52
592248,0
592249,30
592250,0
592251,0
592252,41
592253,0
592254,21
592255,21
592256,0
592257,0
592258,0
592259,0
592260,25
592261,43
592262,36
592263,0
592264,0
592265,0
592266,0
592267,0
592268,0
592269,35
592270,0
592271,0
592272,0
592273,0
592274,0
592275,0
592276,0
592277,0
592278,0
592279,35
592280,0
592281,0
592282,0
592283,32
592284,0
592285,61
592286,0
592287,0
592288,40
592289,0
592290,0
592291,0
592292,0
592293,0
592294,0
592295,0
592296,0
592297,39
592298,39
592299,0
592300,0
592301,0
592302,0
592303,0
592304,33
592305,0
592306,0
592307,0
592308,43
592309,0
592310,0
592311,0
592312,27
592313,0
592314,44
592315,0
592316,0
592317,0
592318,0
592319,0
592320,0
592321,0
592322,0
592323,0
592324,0
592325,0
592326,0
592327,44
592328,33
592329,0
592330,30
592331,48
592332,0
592333,0
592334,0
592335,0
592336,52
592337,0
592338,29
592339,0
592340,29
592341,0
592342,0
592343,45
592344,0
592345,0
592346,0
592347,0
592348,0
592349,27
592350,41
592351,26
592352,0
592353,0
592354,0
592355,0
592356,0
592357,0
592358,0
592359,0
592360,0
592361,0
592362,0
592363,0
592364,0
592365,0
592366,0
592367,0
592368,26
592369,0
592370,0
592371,0
592372,0
592373,0
592374,0
592375,0
592376,0
592377,0
592378,0
592379,45
592380,0
592381,0
592382,0
592383,29
592384,0
592385,34
592386,0
592387,0
592388,0
592389,0
592390,0
592391,0
592392,36
592393,53
592394,0
592395,0
592396,0
592397,0
592398,0
592399,0
592400,0
592401,0
592402,0
592403,0
592404,0
592405,0
592406,0
592407,28
592408,30
592409,0
592410,0
592411,0
592412,0
592413,0
592414,0
592415,0
592416,0
592417,51
592418,40
592419,29
592420,75
592421,0
592422,0
592423,0
592424,0
592425,0
592426,0
592427,0
592428,0
592429,0
592430,25
592431,0
592432,0
592433,37
592434,0
592435,0
592436,26
592437,0
592438,0
592439,0
592440,0
592441,41
592442,0
592443,0
592444,39
592445,0
592446,0
592447,47
592448,0
592449,0
592450,0
592451,0
592452,48
592453,47
592454,0
592455,0
592456,0
592457,0
592458,41
592459,0
592460,0
592461,0
592462,40
592463,0
592464,0
592465,0
592466,0
592467,0
592468,47
592469,0
592470,0
592471,0
592472,0
592473,0
592474,29
592475,0
592476,0
592477,0
592478,0
592479,23
592480,0
592481,0
592482,0
592483,0
592484,0
592485,0
592486,0
592487,0
592488,41
592489,0
592490,0
592491,0
592492,0
592493,0
592494,0
592495,0
592496,0
592497,0
592498,0
592499,38
592500,44
592501,21
592502,35
592503,0
592504,0
592505,0
592506,43
592507,0
592508,0
592509,0
592510,0
592511,28
592512,46
592513,0
592514,0
592515,43
592516,0
592517,0
592518,0
592519,0
592520,29
592521,26
592522,46
592523,0
592524,0
592525,0
592526,0
592527,0
592528,0
592529,0
592530,44
592531,0
592532,0
592533,0
592534,0
592535,0
592536,26
592537,0
592538,0
592539,0
592540,0
592541,0
592542,0
592543,0
592544,0
592545,0
592546,0
592547,0
592548,0
592549,0
592550,19
592551,0
592552,29
592553,0
592554,0
592555,0
592556,0
592557,0
592558,40
592559,0
592560,0
592561,30
592562,0
592563,45
592564,0
592565,41
592566,0
592567,0
592568,0
592569,0
592570,0
592571,0
592572,0
592573,46
592574,0
592575,0
592576,0
592577,0
592578,0
592579,0
592580,0
592581,0
592582,0
592583,0
592584,50
592585,0
592586,0
592587,0
592588,41
592589,0
592590,0
592591,0
592592,0
592593,0
592594,0
592595,0
592596,0
592597,0
592598,0
592599,48
592600,0
592601,0
592602,0
592603,50
592604,0
592605,0
592606,0
592607,0
592608,0
592609,0
592610,0
592611,0
592612,0
592613,28
592614,25
592615,0
592616,0
592617,0
592618,0
592619,0
592620,41
592621,42
592622,34
592623,0
592624,27
592625,47
592626,32
592627,0
592628,36
592629,0
592630,0
592631,0
592632,0
592633,0
592634,47
592635,0
592636,34
592637,0
592638,0
592639,0
592640,32
592641,0
592642,0
592643,0
592644,52
592645,0
592646,0
592647,0
592648,33
592649,0
592650,0
592651,0
592652,0
592653,0
592654,0
592655,0
592656,38
592657,0
592658,0
592659,0
592660,0
592661,0
592662,25
592663,25
592664,32
592665,0
592666,27
592667,0
592668,43
592669,0
592670,0
592671,0
592672,0
592673,0
592674,0
592675,29
592676,48
592677,42
592678,0
592679,0
592680,0
592681,29
592682,0
592683,40
592684,0
592685,43
592686,0
592687,0
592688,0
592689,0
592690,0
592691,0
592692,34
592693,0
592694,0
592695,36
592696,0
592697,0
592698,0
592699,0
592700,0
592701,0
592702,40
592703,0
592704,0
592705,30
592706,0
592707,0
592708,28
592709,0
592710,0
592711,56
592712,0
592713,35
592714,30
592715,0
592716,0
592717,0
592718,0
592719,0
592720,37
592721,0
592722,0
592723,48
592724,0
592725,0
592726,0
592727,0
592728,36
592729,30
592730,0
592731,29
592732,43
592733,0
592734,0
592735,0
592736,0
592737,0
592738,45
592739,0
592740,0
592741,0
592742,0
592743,42
592744,0
592745,49
592746,0
592747,0
592748,0
592749,0
592750,42
592751,0
592752,0
592753,0
592754,0
592755,0
592756,0
592757,0
592758,0
592759,0
592760,38
592761,40
592762,0
592763,0
592764,0
592765,36
592766,0
592767,0
592768,0
592769,0
592770,42
592771,0
592772,0
592773,0
592774,0
592775,42
592776,36
592777,0
592778,0
592779,26
592780,40
592781,0
592782,0
592783,37
592784,0
592785,0
592786,0
592787,0
592788,0
592789,38
592790,0
592791,22
592792,0
592793,0
592794,44
592795,0
592796,0
592797,0
592798,0
592799,0
592800,0
592801,0
592802,0
592803,0
592804,0
592805,0
592806,0
592807,36
592808,24
592809,0
592810,42
592811,0
592812,0
592813,34
592814,0
592815,0
592816,35
592817,29
592818,0
592819,34
592820,0
592821,30
592822,0
592823,0
592824,0
592825,40
592826,36
592827,0
592828,0
592829,0
592830,0
592831,39
592832,0
592833,0
592834,0
592835,0
592836,0
592837,0
592838,57
592839,0
592840,39
592841,38
592842,0
592843,0
592844,37
592845,0
592846,39
592847,0
592848,0
592849,0
592850,39
592851,0
592852,0
592853,0
592854,0
592855,0
592856,38
592857,0
592858,0
592859,0
592860,0
592861,0
592862,0
592863,0
592864,0
592865,32
592866,0
592867,0
592868,38
592869,0
592870,0
592871,0
592872,0
592873,41
592874,26
592875,0
592876,0
592877,0
592878,0
592879,43
592880,32
592881,0
592882,0
592883,0
592884,0
592885,0
592886,0
592887,0
592888,43
592889,0
592890,0
592891,0
592892,0
592893,0
592894,0
592895,0
592896,33
592897,0
592898,0
592899,0
592900,0
592901,0
592902,37
592903,0
592904,0
592905,35
592906,37
592907,0
592908,0
592909,0
592910,41
592911,0
592912,38
592913,0
592914,0
592915,0
592916,25
592917,50
592918,0
592919,0
592920,49
592921,0
592922,44
592923,0
592924,0
592925,0
592926,0
592927,0
592928,0
592929,0
592930,0
592931,40
592932,0
592933,28
592934,0
592935,0
592936,40
592937,0
592938,0
592939,0
592940,0
592941,0
592942,0
592943,39
592944,0
592945,0
592946,0
592947,27
592948,0
592949,0
592950,50
592951,0
592952,0
592953,0
592954,48
592955,0
592956,0
592957,0
592958,0
592959,39
592960,0
592961,0
592962,0
592963,43
592964,0
592965,0
592966,54
592967,0
592968,0
592969,34
592970,0
592971,0
592972,0
592973,49
592974,0
592975,0
592976,0
592977,0
592978,0
592979,0
592980,0
592981,0
592982,0
592983,30
592984,0
592985,0
592986,0
592987,0
592988,0
592989,0
592990,36
592991,0
592992,0
592993,0
592994,34
592995,0
592996,0
592997,0
592998,0
592999,0
593000,28
593001,37
593002,0
593003,26
593004,37
593005,0
593006,44
593007,0
593008,0
593009,0
593010,49
593011,45
593012,0
593013,33
593014,0
593015,33
593016,0
593017,0
593018,0
593019,0
593020,0
593021,0
593022,0
593023,0
593024,0
593025,0
593026,42
593027,34
593028,0
593029,0
593030,26
593031,0
593032,0
593033,0
593034,0
593035,32
593036,30
593037,26
593038,0
593039,0
593040,0
593041,0
593042,3
593043,0
593044,0
593045,0
593046,0
593047,0
593048,0
593049,1
593050,3
593051,0
593052,0
593053,4
593054,0
593055,0
593056,0
593057,0
593058,5
593059,3
593060,0
593061,0
593062,1
593063,0
593064,0
593065,0
593066,0
593067,0
593068,0
593069,2
593070,0
593071,0
593072,0
593073,0
593074,0
593075,0
593076,0
593077,0
593078,1
593079,0
593080,2
593081,4
593082,4
593083,0
593084,0
593085,0
593086,0
593087,0
593088,0
593089,0
593090,3
593091,0
593092,0
593093,0
593094,1
593095,0
593096,0
593097,0
593098,4
593099,0
593100,2
593101,0
593102,0
593103,0
593104,0
593105,0
593106,4
593107,0
593108,3
593109,0
593110,0
593111,0
593112,0
593113,0
593114,3
593115,0
593116,0
593117,0
593118,0
593119,0
593120,0
593121,0
593122,2
593123,0
593124,0
593125,0
593126,0
593127,6
593128,0
593129,0
593130,1
593131,0
593132,0
593133,7
593134,0
593135,3
593136,0
593137,2
593138,0
593139,0
593140,5
593141,0
593142,3
593143,3
593144,0
593145,0
593146,0
593147,0
593148,0
593149,0
593150,0
593151,0
593152,0
593153,0
593154,0
593155,0
593156,4
593157,0
593158,1
593159,0
593160,3
593161,0
593162,0
593163,0
593164,1
593165,0
593166,0
593167,0
593168,0
593169,3
593170,0
593171,0
593172,0
593173,0
593174,0
593175,3
593176,0
593177,0
593178,0
593179,0
593180,0
593181,0
593182,4
593183,0
593184,0
593185,0
593186,0
593187,0
593188,0
593189,0
593190,0
593191,0
593192,0
593193,0
593194,0
593195,2
593196,0
593197,0
593198,0
593199,0
593200,0
593201,0
593202,3
593203,0
593204,0
593205,0
593206,0
593207,2
593208,0
593209,2
593210,0
593211,4
593212,0
593213,0
593214,0
593215,0
593216,1
593217,0
593218,0
593219,0
593220,0
593221,0
593222,0
593223,0
593224,0
593225,1
593226,6
593227,3
593228,0
593229,0
593230,0
593231,0
593232,0
593233,5
593234,0
593235,0
593236,0
593237,0
593238,0
593239,0
593240,0
593241,0
593242,0
593243,2
593244,0
593245,0
593246,0
593247,5
593248,0
593249,0
593250,0
593251,3
593252,0
593253,2
593254,0
593255,2
593256,0
593257,0
593258,0
593259,0
593260,0
593261,0
593262,0
593263,0
593264,3
593265,0
593266,2
593267,0
593268,0
593269,0
593270,1
593271,0
593272,0
593273,0
593274,2
593275,0
593276,0
593277,0
593278,0
593279,3
593280,0
593281,0
593282,5
593283,2
593284,0
593285,2
593286,0
593287,0
593288,0
593289,0
593290,0
593291,0
593292,0
593293,0
593294,0
593295,1
593296,0
593297,0
593298,0
593299,3
593300,0
593301,0
593302,0
593303,0
593304,1
593305,1
593306,0
593307,3
593308,2
593309,4
593310,0
593311,0
593312,0
593313,0
593314,0
593315,0
593316,0
593317,0
593318,1
593319,4
593320,0
593321,0
593322,0
593323,2
593324,0
593325,0
593326,0
593327,0
593328,1
593329,0
593330,1
593331,0
593332,0
593333,3
593334,2
593335,0
593336,0
593337,0
593338,0
593339,4
593340,0
593341,0
593342,0
593343,0
593344,0
593345,0
593346,2
593347,0
593348,0
593349,0
593350,0
593351,0
593352,0
593353,0
593354,1
593355,0
593356,0
593357,0
593358,0
593359,0
593360,0
593361,0
593362,5
593363,2
593364,0
593365,0
593366,0
593367,2
593368,0
593369,2
593370,0
593371,0
593372,0
593373,0
593374,0
593375,0
593376,0
593377,0
593378,0
593379,0
593380,0
593381,0
593382,0
593383,2
593384,0
593385,0
593386,5
593387,0
593388,0
593389,0
593390,5
593391,0
593392,0
593393,0
593394,0
593395,0
593396,2
593397,0
593398,2
593399,0
593400,0
593401,0
593402,2
593403,0
593404,0
593405,0
593406,0
593407,1
593408,0
593409,0
593410,2
593411,0
593412,0
593413,0
593414,0
593415,0
593416,5
593417,0
593418,0
593419,0
593420,0
593421,0
593422,0
593423,2
593424,0
593425,4
593426,2
593427,0
593428,0
593429,2
593430,1
593431,0
593432,0
593433,0
593434,0
593435,0
593436,0
593437,0
593438,0
593439,0
593440,3
593441,0
593442,0
593443,0
593444,0
593445,6
593446,0
593447,0
593448,2
593449,0
593450,0
593451,0
593452,0
593453,0
593454,0
593455,0
593456,5
593457,3
593458,0
593459,0
593460,0
593461,0
593462,0
593463,0
593464,0
593465,4
593466,0
593467,0
593468,0
593469,0
593470,3
593471,0
593472,6
593473,0
593474,2
593475,0
593476,0
593477,0
593478,0
593479,0
593480,1
593481,0
593482,1
593483,0
593484,0
593485,0
593486,2
593487,0
593488,0
593489,1
593490,2
593491,2
593492,0
593493,3
593494,0
593495,0
593496,1
593497,0
593498,0
593499,0
593500,0
593501,1
593502,2
593503,0
593504,0
593505,2
593506,0
593507,0
593508,1
593509,4
593510,1
593511,0
593512,0
593513,2
593514,0
593515,0
593516,0
593517,0
593518,0
593519,0
593520,0
593521,3
593522,0
593523,2
593524,0
593525,4
593526,0
593527,0
593528,0
593529,0
593530,0
593531,0
593532,0
593533,0
593534,3
593535,3
593536,0
593537,0
593538,0
593539,0
593540,0
593541,0
593542,0
593543,0
593544,0
593545,0
593546,0
593547,0
593548,1
593549,1
593550,1
593551,1
593552,0
593553,3
593554,0
593555,0
593556,2
593557,0
593558,2
593559,0
593560,0
593561,0
593562,0
593563,0
593564,0
593565,3
593566,0
593567,0
593568,0
593569,0
593570,0
593571,0
593572,0
593573,5
593574,3
593575,2
593576,1
593577,0
593578,0
593579,1
593580,0
593581,0
593582,1
593583,0
593584,0
593585,2
593586,0
593587,1
593588,0
593589,0
593590,0
593591,0
593592,0
593593,4
593594,0
593595,0
593596,0
593597,0
593598,4
593599,0
593600,0
593601,0
593602,0
593603,0
593604,0
593605,0
593606,0
593607,3
593608,0
593609,1
593610,0
593611,0
593612,0
593613,0
593614,0
593615,0
593616,5
593617,0
593618,0
593619,0
593620,0
593621,4
593622,0
593623,0
593624,0
593625,0
593626,1
593627,0
593628,0
593629,0
593630,0
593631,0
593632,5
593633,0
593634,0
593635,3
593636,7
593637,1
593638,0
593639,4
593640,1
593641,0
593642,0
593643,0
593644,0
593645,0
593646,2
593647,0
593648,4
593649,0
593650,0
593651,0
593652,0
593653,0
593654,2
593655,0
593656,0
593657,0
593658,0
593659,0
593660,0
593661,2
593662,0
593663,0
593664,0
593665,0
593666,1
593667,0
593668,0
593669,0
593670,3
593671,3
593672,3
593673,0
593674,0
593675,2
593676,0
593677,0
593678,0
593679,0
593680,0
593681,0
593682,0
593683,0
593684,0
593685,0
593686,0
593687,0
593688,0
593689,0
593690,0
593691,0
593692,0
593693,0
593694,0
593695,0
593696,0
593697,0
593698,0
593699,0
593700,0
593701,0
593702,0
593703,0
593704,0
593705,0
593706,0
593707,0
593708,0
593709,0
593710,0
593711,0
593712,0
593713,0
593714,0
593715,0
593716,0
593717,0
593718,17
593719,0
593720,0
593721,0
593722,0
593723,0
593724,0
593725,0
593726,0
593727,0
593728,0
593729,0
593730,0
593731,0
593732,0
593733,0
593734,0
593735,0
593736,11
593737,0
593738,0
593739,0
593740,0
593741,0
593742,0
593743,0
593744,0
593745,0
593746,0
593747,0
593748,0
593749,0
593750,0
593751,0
593752,0
593753,0
593754,0
593755,0
593756,0
593757,0
593758,0
593759,0
593760,0
593761,0
593762,0
593763,0
593764,0
593765,0
593766,0
593767,0
593768,0
593769,0
593770,0
593771,0
593772,0
593773,0
593774,0
593775,0
593776,0
593777,0
593778,0
593779,0
593780,13
593781,0
593782,0
593783,0
593784,10
593785,0
593786,0
593787,0
593788,0
593789,0
593790,0
593791,0
593792,0
593793,0
593794,0
593795,0
593796,0
593797,0
593798,0
593799,0
593800,0
593801,0
593802,0
593803,0
593804,0
593805,0
593806,0
593807,0
593808,0
593809,0
593810,0
593811,0
593812,0
593813,0
593814,0
593815,0
593816,0
593817,0
593818,0
593819,0
593820,0
593821,0
593822,9
593823,0
593824,0
593825,0
593826,0
593827,0
593828,0
593829,0
593830,0
593831,0
593832,0
593833,0
593834,0
593835,0
593836,0
593837,0
593838,0
593839,0
593840,0
593841,0
593842,0
593843,0
593844,0
593845,0
593846,0
593847,0
593848,0
593849,0
593850,0
593851,11
593852,0
593853,0
593854,0
593855,0
593856,0
593857,0
593858,0
593859,0
593860,8
593861,0
593862,0
593863,0
593864,0
593865,0
593866,0
593867,9
593868,0
593869,5
593870,0
593871,0
593872,0
593873,0
593874,0
593875,0
593876,0
593877,0
593878,12
593879,0
593880,0
593881,0
593882,0
593883,0
593884,0
593885,5
593886,0
593887,12
593888,0
593889,0
593890,0
593891,0
593892,0
593893,7
593894,0
593895,0
593896,0
593897,0
593898,0
593899,0
593900,0
593901,0
593902,0
593903,0
593904,0
593905,0
593906,0
593907,0
593908,0
593909,0
593910,0
593911,0
593912,0
593913,0
593914,0
593915,0
593916,0
593917,0
593918,7
593919,0
593920,0
593921,0
593922,0
593923,0
593924,0
593925,0
593926,0
593927,0
593928,0
593929,6
593930,0
593931,0
593932,0
593933,0
593934,0
593935,0
593936,0
593937,10
593938,0
593939,0
593940,0
593941,0
593942,0
593943,0
593944,3
593945,0
593946,0
593947,0
593948,0
593949,0
593950,0
593951,0
593952,0
593953,0
593954,0
593955,0
593956,0
593957,7
593958,0
593959,0
593960,0
593961,0
593962,7
593963,0
593964,0
593965,0
593966,0
593967,0
593968,0
593969,0
593970,0
593971,0
593972,0
593973,0
593974,0
593975,0
593976,4
593977,0
593978,0
593979,0
593980,0
593981,0
593982,0
593983,0
593984,0
593985,0
593986,0
593987,11
593988,0
593989,0
593990,0
593991,6
593992,8
593993,0
593994,0
593995,0
593996,0
593997,0
593998,0
593999,0
594000,0
594001,0
594002,7
594003,7
594004,0
594005,0
594006,0
594007,0
594008,0
594009,0
594010,0
594011,0
594012,0
594013,0
594014,0
594015,0
594016,8
594017,3
594018,0
594019,6
594020,0
594021,0
594022,0
594023,0
594024,0
594025,0
594026,0
594027,0
594028,0
594029,0
594030,0
594031,0
594032,0
594033,0
594034,0
594035,0
594036,0
594037,0
594038,7
594039,0
594040,0
594041,0
594042,0
594043,8
594044,0
594045,0
594046,9
594047,0
594048,0
594049,0
594050,0
594051,0
594052,0
594053,0
594054,0
594055,7
594056,0
594057,0
594058,0
594059,7
594060,0
594061,0
594062,0
594063,9
594064,11
594065,0
594066,0
594067,0
594068,0
594069,10
594070,5
594071,0
594072,0
594073,13
594074,0
594075,0
594076,0
594077,0
594078,0
594079,0
594080,11
594081,0
594082,0
594083,0
594084,0
594085,0
594086,0
594087,0
594088,0
594089,0
594090,0
594091,0
594092,0
594093,0
594094,0
594095,11
594096,9
594097,0
594098,9
594099,0
594100,0
594101,0
594102,0
594103,0
594104,0
594105,7
594106,0
594107,5
594108,0
594109,6
594110,0
594111,0
594112,9
594113,7
594114,0
594115,0
594116,0
594117,0
594118,0
594119,0
594120,0
594121,6
594122,9
594123,0
594124,0
594125,0
594126,0
594127,0
594128,0
594129,0
594130,0
594131,0
594132,12
594133,11
594134,0
594135,0
594136,0
594137,0
594138,0
594139,8
594140,0
594141,0
594142,5
594143,0
594144,0
594145,8
594146,15
594147,0
594148,0
594149,8
594150,0
594151,18
594152,0
594153,0
594154,0
594155,0
594156,0
594157,16
594158,0
594159,4
594160,12
594161,0
594162,0
594163,17
594164,0
594165,0
594166,13
594167,0
594168,10
594169,0
594170,0
594171,0
594172,0
594173,0
594174,0
594175,0
594176,0
594177,0
594178,0
594179,0
594180,0
594181,0
594182,0
594183,11
594184,0
594185,0
594186,0
594187,0
594188,0
594189,0
594190,0
594191,0
594192,0
594193,0
594194,13
594195,23
594196,0
594197,0
594198,0
594199,0
594200,0
594201,0
594202,14
594203,0
594204,0
594205,0
594206,0
594207,13
594208,0
594209,4
594210,0
594211,0
594212,18
594213,19
594214,0
594215,0
594216,0
594217,0
594218,6
594219,12
594220,20
594221,13
594222,5
594223,0
594224,0
594225,0
594226,0
594227,0
594228,6
594229,18
594230,0
594231,0
594232,0
594233,0
594234,0
594235,25
594236,0
594237,0
594238,0
594239,13
594240,12
594241,0
594242,19
594243,0
594244,0
594245,0
594246,0
594247,0
594248,0
594249,17
594250,20
594251,25
594252,10
594253,12
594254,0
594255,0
594256,0
594257,0
594258,0
594259,0
594260,0
594261,0
594262,0
594263,17
594264,0
594265,0
594266,0
594267,0
594268,0
594269,0
594270,0
594271,14
594272,0
594273,12
594274,0
594275,17
594276,0
594277,0
594278,6
594279,12
594280,0
594281,0
594282,11
594283,0
594284,0
594285,0
594286,11
594287,0
594288,0
594289,0
594290,0
594291,0
594292,0
594293,0
594294,11
594295,0
594296,0
594297,0
594298,0
594299,0
594300,9
594301,0
594302,0
594303,17
594304,0
594305,10
594306,0
594307,0
594308,5
594309,0
594310,0
594311,0
594312,0
594313,0
594314,0
594315,8
594316,23
594317,0
594318,0
594319,0
594320,0
594321,16
594322,0
594323,0
594324,0
594325,0
594326,0
594327,0
594328,0
594329,20
594330,0
594331,0
594332,11
594333,0
594334,0
594335,0
594336,0
594337,0
594338,8
594339,0
594340,0
594341,8
594342,0
594343,0
594344,0
594345,0
594346,0
594347,15
594348,9
594349,19
594350,0
594351,0
594352,32
594353,0
594354,0
594355,0
594356,0
594357,0
594358,14
594359,0
594360,9
594361,0
594362,0
594363,0
594364,0
594365,0
594366,0
594367,0
594368,14
594369,0
594370,0
594371,17
594372,0
594373,0
594374,0
594375,0
594376,17
594377,0
594378,11
594379,0
594380,0
594381,0
594382,14
594383,0
594384,0
594385,0
594386,0
594387,13
594388,3
594389,10
594390,0
594391,0
594392,0
594393,0
594394,0
594395,0
594396,8
594397,0
594398,0
594399,17
594400,7
594401,0
594402,14
594403,6
594404,5
594405,0
594406,0
594407,22
594408,0
594409,0
594410,8
594411,0
594412,0
594413,8
594414,18
594415,6
594416,9
594417,0
594418,0
594419,0
594420,0
594421,0
594422,0
594423,0
594424,0
594425,0
594426,0
594427,0
594428,0
594429,0
594430,6
594431,0
594432,23
594433,0
594434,0
594435,0
594436,0
594437,0
594438,6
594439,0
594440,0
594441,9
594442,22
594443,0
594444,0
594445,0
594446,9
594447,0
594448,7
594449,0
594450,17
594451,0
594452,0
594453,0
594454,0
594455,0
594456,0
594457,19
594458,9
594459,0
594460,0
594461,0
594462,0
594463,0
594464,0
594465,0
594466,0
594467,0
594468,0
594469,21
594470,0
594471,0
594472,0
594473,0
594474,0
594475,0
594476,0
594477,0
594478,0
594479,0
594480,0
594481,6
594482,0
594483,10
594484,0
594485,0
594486,11
594487,0
594488,0
594489,0
594490,11
594491,0
594492,0
594493,0
594494,0
594495,0
594496,0
594497,0
594498,0
594499,1
594500,0
594501,0
594502,0
594503,0
594504,0
594505,1
594506,0
594507,0
594508,0
594509,0
594510,0
594511,0
594512,0
594513,0
594514,0
594515,0
594516,0
594517,0
594518,0
594519,0
594520,0
594521,0
594522,0
594523,0
594524,0
594525,0
594526,0
594527,0
594528,0
594529,0
594530,0
594531,0
594532,1
594533,0
594534,0
594535,0
594536,0
594537,0
594538,0
594539,0
594540,0
594541,0
594542,0
594543,0
594544,0
594545,0
594546,0
594547,0
594548,0
594549,0
594550,0
594551,0
594552,0
594553,0
594554,0
594555,0
594556,0
594557,0
594558,0
594559,0
594560,0
594561,0
594562,0
594563,0
594564,0
594565,1
594566,0
594567,0
594568,0
594569,0
594570,6
594571,0
594572,0
594573,0
594574,0
594575,3
594576,2
594577,0
594578,0
594579,0
594580,0
594581,0
594582,0
594583,0
594584,1
594585,0
594586,0
594587,0
594588,0
594589,0
594590,0
594591,0
594592,1
594593,0
594594,0
594595,0
594596,0
594597,0
594598,0
594599,0
594600,0
594601,0
594602,0
594603,0
594604,0
594605,0
594606,0
594607,0
594608,0
594609,0
594610,0
594611,0
594612,0
594613,0
594614,0
594615,0
594616,0
594617,0
594618,0
594619,0
594620,0
594621,0
594622,0
594623,0
594624,0
594625,0
594626,0
594627,0
594628,0
594629,0
594630,0
594631,4
594632,0
594633,0
594634,0
594635,0
594636,1
594637,0
594638,0
594639,0
594640,0
594641,0
594642,0
594643,0
594644,1
594645,0
594646,2
594647,0
594648,0
594649,0
594650,0
594651,0
594652,0
594653,0
594654,2
594655,0
594656,0
594657,0
594658,0
594659,0
594660,2
594661,0
594662,0
594663,4
594664,0
594665,0
594666,3
594667,0
594668,3
594669,0
594670,0
594671,0
594672,0
594673,0
594674,0
594675,0
594676,0
594677,0
594678,0
594679,0
594680,0
594681,0
594682,0
594683,0
594684,0
594685,0
594686,0
594687,0
594688,0
594689,0
594690,0
594691,1
594692,0
594693,3
594694,0
594695,0
594696,0
594697,0
594698,1
594699,0
594700,0
594701,0
594702,0
594703,0
594704,2
594705,0
594706,1
594707,0
594708,0
594709,0
594710,0
594711,0
594712,4
594713,0
594714,0
594715,0
594716,0
594717,0
594718,0
594719,0
594720,0
594721,0
594722,0
594723,0
594724,1
594725,0
594726,0
594727,0
594728,0
594729,0
594730,0
594731,0
594732,4
594733,0
594734,0
594735,0
594736,0
594737,2
594738,0
594739,1
594740,0
594741,0
594742,0
594743,0
594744,1
594745,2
594746,0
594747,0
594748,0
594749,0
594750,0
594751,0
594752,5
594753,0
594754,0
594755,0
594756,0
594757,0
594758,0
594759,3
594760,0
594761,0
594762,0
594763,0
594764,1
594765,0
594766,2
594767,0
594768,0
594769,0
594770,0
594771,0
594772,0
594773,0
594774,0
594775,2
594776,0
594777,0
594778,0
594779,0
594780,0
594781,0
594782,0
594783,0
594784,0
594785,0
594786,0
594787,0
594788,0
594789,0
594790,0
594791,0
594792,0
594793,0
594794,0
594795,0
594796,0
594797,0
594798,0
594799,0
594800,0
594801,0
594802,0
594803,0
594804,0
594805,1
594806,0
594807,0
594808,1
594809,0
594810,0
594811,0
594812,0
594813,0
594814,3
594815,2
594816,0
594817,0
594818,0
594819,4
594820,0
594821,0
594822,0
594823,0
594824,0
594825,0
594826,0
594827,0
594828,0
594829,0
594830,0
594831,0
594832,0
594833,0
594834,0
594835,0
594836,0
594837,0
594838,0
594839,0
594840,0
594841,0
594842,0
594843,0
594844,0
594845,0
594846,2
594847,0
594848,0
594849,0
594850,0
594851,1
594852,0
594853,0
594854,0
594855,0
594856,0
594857,0
594858,0
594859,0
594860,0
594861,0
594862,0
594863,0
594864,0
594865,3
594866,0
594867,0
594868,0
594869,0
594870,0
594871,0
594872,0
594873,2
594874,0
594875,2
594876,0
594877,0
594878,0
594879,0
594880,0
594881,0
594882,0
594883,0
594884,0
594885,0
594886,0
594887,0
594888,0
594889,0
594890,0
594891,0
594892,3
594893,0
594894,1
594895,0
594896,0
594897,0
594898,2
594899,0
594900,0
594901,0
594902,0
594903,0
594904,0
594905,0
594906,0
594907,0
594908,0
594909,0
594910,0
594911,0
594912,1
594913,0
594914,0
594915,0
594916,0
594917,0
594918,0
594919,0
594920,0
594921,0
594922,0
594923,0
594924,0
594925,0
594926,0
594927,0
594928,0
594929,0
594930,0
594931,0
594932,0
594933,0
594934,0
594935,0
594936,0
594937,0
594938,0
594939,0
594940,0
594941,0
594942,0
594943,0
594944,0
594945,0
594946,0
594947,0
594948,0
594949,0
594950,0
594951,0
594952,0
594953,0
594954,0
594955,0
594956,0
594957,0
594958,1
594959,0
594960,0
594961,0
594962,0
594963,2
594964,0
594965,0
594966,0
594967,0
594968,0
594969,0
594970,0
594971,0
594972,0
594973,0
594974,0
594975,0
594976,0
594977,0
594978,5
594979,0
594980,0
594981,0
594982,0
594983,0
594984,2
594985,0
594986,0
594987,0
594988,0
594989,0
594990,0
594991,5
594992,0
594993,0
594994,0
594995,0
594996,0
594997,0
594998,0
594999,0
595000,3
595001,0
595002,0
595003,0
595004,0
595005,0
595006,0
595007,0
595008,0
595009,0
595010,0
595011,0
595012,0
595013,0
595014,0
595015,0
595016,0
595017,0
595018,0
595019,0
595020,0
595021,0
595022,0
595023,0
595024,0
595025,0
595026,0
595027,0
595028,0
595029,0
595030,0
595031,0
595032,0
595033,0
595034,0
595035,2
595036,0
595037,0
595038,0
595039,0
595040,0
595041,0
595042,0
595043,0
595044,0
595045,0
595046,0
595047,2
595048,0
595049,2
595050,0
595051,0
595052,0
595053,0
595054,0
595055,0
595056,0
595057,0
595058,0
595059,0
595060,0
595061,0
595062,0
595063,1
595064,0
595065,0
595066,0
595067,0
595068,0
595069,0
595070,0
595071,0
595072,0
595073,0
595074,0
595075,0
595076,0
595077,0
595078,0
595079,0
595080,0
595081,0
595082,0
595083,0
595084,0
595085,0
595086,0
595087,0
595088,0
595089,0
595090,0
595091,0
595092,0
595093,0
595094,0
595095,0
595096,0
595097,0
595098,0
595099,0
595100,0
595101,0
595102,0
595103,3
595104,0
595105,0
595106,0
595107,0
595108,0
595109,0
595110,0
595111,0
595112,0
595113,0
595114,0
595115,0
595116,0
595117,0
595118,0
595119,0
595120,0
595121,0
595122,0
595123,0
595124,0
595125,0
595126,4
595127,0
595128,0
595129,0
595130,0
595131,0
595132,0
595133,0
595134,0
595135,0
595136,0
595137,0
595138,0
595139,0
595140,0
595141,0
595142,0
595143,0
595144,0
595145,0
595146,2
595147,0
595148,0
595149,0
595150,0
595151,0
595152,0
595153,0
595154,0
595155,0
595156,0
595157,0
595158,0
595159,1
595160,0
595161,0
595162,0
595163,0
595164,0
595165,0
595166,0
595167,0
595168,0
595169,0
595170,0
595171,0
595172,0
595173,0
595174,0
595175,0
595176,0
595177,0
595178,0
595179,0
595180,0
595181,0
595182,0
595183,0
595184,0
595185,0
595186,0
595187,0
595188,0
595189,1
595190,0
595191,0
595192,0
595193,0
595194,9
595195,0
595196,0
595197,3
595198,0
595199,0
595200,0
595201,0
595202,0
595203,0
595204,0
595205,0
595206,0
595207,0
595208,0
595209,0
595210,0
595211,0
595212,0
595213,0
595214,0
595215,0
595216,0
595217,3
595218,0
595219,0
595220,0
595221,0
595222,0
595223,0
595224,0
595225,0
595226,0
595227,0
595228,0
595229,0
595230,0
595231,0
595232,0
595233,0
595234,0
595235,2
595236,0
595237,0
595238,0
595239,0
595240,0
595241,2
595242,0
595243,0
595244,0
595245,0
595246,0
595247,0
595248,0
595249,0
595250,0
595251,0
595252,0
595253,0
595254,0
595255,0
595256,0
595257,0
595258,0
595259,0
595260,0
595261,0
595262,0
595263,0
595264,0
595265,0
595266,0
595267,0
595268,0
595269,0
595270,0
595271,0
595272,0
595273,0
595274,0
595275,0
595276,0
595277,0
595278,0
595279,0
595280,0
595281,0
595282,0
595283,3
595284,0
595285,0
595286,0
595287,0
595288,0
595289,0
595290,0
595291,0
595292,0
595293,0
595294,0
595295,0
595296,0
595297,0
595298,0
595299,0
595300,0
595301,1
595302,0
595303,0
595304,0
595305,0
595306,0
595307,0
595308,0
595309,0
595310,0
595311,0
595312,0
595313,0
595314,0
595315,0
595316,0
595317,0
595318,5
595319,0
595320,0
595321,0
595322,0
595323,0
595324,0
595325,0
595326,0
595327,0
595328,2
595329,0
595330,0
595331,0
595332,0
595333,0
595334,0
595335,0
595336,0
595337,0
595338,0
595339,0
595340,0
595341,0
595342,0
595343,0
595344,0
595345,0
595346,0
595347,0
595348,0
595349,0
595350,0
595351,0
595352,0
595353,0
595354,0
595355,0
595356,0
595357,1
595358,0
595359,0
595360,0
595361,0
595362,0
595363,0
595364,0
595365,0
595366,1
595367,0
595368,0
595369,0
595370,0
595371,0
595372,0
595373,0
595374,6
595375,0
595376,0
595377,0
595378,0
595379,0
595380,0
595381,0
595382,0
595383,0
595384,0
595385,0
595386,0
595387,0
595388,0
595389,0
595390,0
595391,0
595392,0
595393,0
595394,0
595395,0
595396,0
595397,0
595398,0
595399,0
595400,0
595401,0
595402,0
595403,0
595404,0
595405,0
595406,3
595407,0
595408,0
595409,0
595410,0
595411,0
595412,0
595413,0
595414,0
595415,0
595416,0
595417,0
595418,4
595419,0
595420,1
595421,0
595422,0
595423,0
595424,5
595425,0
595426,0
595427,0
595428,0
595429,0
595430,0
595431,0
595432,0
595433,0
595434,0
595435,0
595436,0
595437,0
595438,2
595439,0
595440,0
595441,0
595442,0
595443,0
595444,0
595445,0
595446,0
595447,0
595448,0
595449,0
595450,0
595451,0
595452,0
595453,9
595454,0
595455,0
595456,12
595457,0
595458,0
595459,0
595460,0
595461,0
595462,1
595463,3
595464,0
595465,0
595466,0
595467,0
595468,3
595469,10
595470,0
595471,0
595472,0
595473,7
595474,7
595475,0
595476,0
595477,0
595478,0
595479,0
595480,0
595481,0
595482,5
595483,0
595484,0
595485,7
595486,0
595487,0
595488,0
595489,11
595490,0
595491,2
595492,0
595493,0
595494,0
595495,0
595496,0
595497,6
595498,0
595499,0
595500,0
595501,0
595502,0
595503,0
595504,0
595505,9
595506,0
595507,0
595508,7
595509,7
595510,0
595511,0
595512,0
595513,0
595514,0
595515,0
595516,0
595517,0
595518,0
595519,0
595520,0
595521,0
595522,0
595523,0
595524,1
595525,0
595526,0
595527,0
595528,0
595529,5
595530,0
595531,0
595532,0
595533,0
595534,0
595535,0
595536,0
595537,4
595538,0
595539,0
595540,4
595541,0
595542,0
595543,0
595544,0
595545,0
595546,0
595547,6
595548,4
595549,0
595550,0
595551,0
595552,6
595553,0
595554,0
595555,0
595556,0
595557,7
595558,0
595559,0
595560,0
595561,0
595562,4
595563,0
595564,0
595565,0
595566,0
595567,0
595568,8
595569,0
595570,0
595571,0
595572,0
595573,0
595574,0
595575,0
595576,0
595577,0
595578,0
595579,0
595580,0
595581,0
595582,0
595583,0
595584,0
595585,5
595586,0
595587,0
595588,0
595589,0
595590,0
595591,0
595592,0
595593,0
595594,1
595595,0
595596,0
595597,0
595598,0
595599,0
595600,0
595601,2
595602,0
595603,0
595604,0
595605,6
595606,0
595607,0
595608,0
595609,0
595610,0
595611,7
595612,0
595613,0
595614,0
595615,0
595616,0
595617,3
595618,0
595619,2
595620,0
595621,0
595622,5
595623,0
595624,0
595625,0
595626,0
595627,0
595628,0
595629,0
595630,0
595631,0
595632,0
595633,0
595634,0
595635,0
595636,0
595637,5
595638,0
595639,0
595640,0
595641,0
595642,0
595643,0
595644,0
595645,0
595646,0
595647,7
595648,0
595649,0
595650,6
595651,9
595652,0
595653,9
595654,3
595655,3
595656,0
595657,0
595658,0
595659,0
595660,4
595661,0
595662,0
595663,0
595664,7
595665,0
595666,0
595667,0
595668,0
595669,3
595670,0
595671,0
595672,0
595673,0
595674,0
595675,0
595676,0
595677,6
595678,0
595679,1
595680,12
595681,0
595682,0
595683,4
595684,0
595685,0
595686,0
595687,0
595688,0
595689,0
595690,0
595691,0
595692,0
595693,0
595694,0
595695,0
595696,11
595697,0
595698,0
595699,0
595700,0
595701,0
595702,6
595703,0
595704,0
595705,0
595706,2
595707,3
595708,7
595709,0
595710,0
595711,10
595712,0
595713,0
595714,4
595715,8
595716,0
595717,0
595718,0
595719,0
595720,0
595721,0
595722,0
595723,0
595724,3
595725,0
595726,0
595727,6
595728,0
595729,0
595730,9
595731,8
595732,0
595733,0
595734,0
595735,0
595736,0
595737,1
595738,0
595739,0
595740,0
595741,0
595742,0
595743,0
595744,0
595745,6
595746,0
595747,0
595748,0
595749,0
595750,0
595751,0
595752,4
595753,0
595754,7
595755,6
595756,0
595757,12
595758,0
595759,0
595760,3
595761,0
595762,0
595763,0
595764,0
595765,5
595766,0
595767,0
595768,0
595769,0
595770,0
595771,0
595772,0
595773,0
595774,0
595775,0
595776,6
595777,0
595778,5
595779,0
595780,0
595781,0
595782,2
595783,0
595784,0
595785,0
595786,0
595787,0
595788,0
595789,0
595790,0
595791,0
595792,0
595793,0
595794,0
595795,0
595796,5
595797,0
595798,2
595799,0
595800,1
595801,0
595802,0
595803,4
595804,0
595805,0
595806,0
595807,0
595808,0
595809,6
595810,0
595811,0
595812,11
595813,0
595814,0
595815,4
595816,8
595817,0
595818,5
595819,6
595820,0
595821,0
595822,0
595823,0
595824,0
595825,4
595826,0
595827,0
595828,0
595829,0
595830,0
595831,0
595832,0
595833,6
595834,0
595835,0
595836,0
595837,0
595838,0
595839,0
595840,0
595841,6
595842,0
595843,0
595844,0
595845,0
595846,0
595847,0
595848,0
595849,2
595850,12
595851,0
595852,0
595853,0
595854,4
595855,0
595856,0
595857,0
595858,0
595859,8
595860,0
595861,0
595862,0
595863,0
595864,0
595865,0
595866,0
595867,0
595868,3
595869,6
595870,7
595871,0
595872,0
595873,0
595874,0
595875,4
595876,0
595877,8
595878,0
595879,0
595880,0
595881,0
595882,0
595883,0
595884,5
595885,0
595886,0
595887,0
595888,0
595889,0
595890,0
595891,0
595892,0
595893,3
595894,0
595895,0
595896,0
595897,0
595898,0
595899,0
595900,0
595901,0
595902,10
595903,5
595904,0
595905,0
595906,8
595907,11
595908,2
595909,0
595910,0
595911,0
595912,0
595913,0
595914,5
595915,3
595916,0
595917,3
595918,0
595919,0
595920,0
595921,0
595922,0
595923,0
595924,10
595925,0
595926,0
595927,0
595928,0
595929,0
595930,0
595931,0
595932,0
595933,0
595934,5
595935,0
595936,0
595937,0
595938,0
595939,0
595940,0
595941,9
595942,0
595943,0
595944,0
595945,0
595946,0
595947,0
595948,0
595949,5
595950,6
595951,4
595952,0
595953,0
595954,0
595955,1
595956,0
595957,0
595958,0
595959,0
595960,0
595961,8
595962,7
595963,0
595964,0
595965,0
595966,0
595967,8
595968,0
595969,0
595970,7
595971,6
595972,0
595973,0
595974,8
595975,0
595976,5
595977,4
595978,0
595979,0
595980,1
595981,0
595982,0
595983,0
595984,0
595985,0
595986,0
595987,0
595988,0
595989,0
595990,0
595991,0
595992,0
595993,0
595994,0
595995,0
595996,0
595997,0
595998,0
595999,4
596000,7
596001,0
596002,0
596003,7
596004,0
596005,0
596006,3
596007,0
596008,5
596009,0
596010,0
596011,0
596012,0
596013,0
596014,0
596015,0
596016,0
596017,0
596018,0
596019,0
596020,0
596021,0
596022,0
596023,0
596024,0
596025,0
596026,0
596027,3
596028,1
596029,0
596030,6
596031,0
596032,0
596033,0
596034,0
596035,5
596036,5
596037,2
596038,0
596039,0
596040,0
596041,0
596042,0
596043,0
596044,0
596045,4
596046,0
596047,3
596048,0
596049,0
596050,0
596051,2
596052,0
596053,0
596054,0
596055,7
596056,4
596057,0
596058,6
596059,0
596060,0
596061,0
596062,0
596063,0
596064,1
596065,0
596066,0
596067,0
596068,0
596069,0
596070,0
596071,0
596072,0
596073,0
596074,7
596075,0
596076,0
596077,0
596078,0
596079,0
596080,0
596081,0
596082,9
596083,0
596084,6
596085,0
596086,4
596087,4
596088,5
596089,0
596090,0
596091,0
596092,0
596093,0
596094,0
596095,0
596096,7
596097,0
596098,0
596099,0
596100,0
596101,0
596102,0
596103,0
596104,0
596105,0
596106,0
596107,0
596108,0
596109,0
596110,0
596111,0
596112,0
596113,7
596114,0
596115,0
596116,0
596117,0
596118,0
596119,0
596120,0
596121,3
596122,0
596123,2
596124,5
596125,0
596126,0
596127,6
596128,0
596129,0
596130,2
596131,0
596132,0
596133,0
596134,0
596135,0
596136,0
596137,3
596138,10
596139,0
596140,5
596141,0
596142,6
596143,0
596144,0
596145,0
596146,0
596147,0
596148,6
596149,0
596150,0
596151,2
596152,2
596153,4
596154,0
596155,0
596156,0
596157,0
596158,0
596159,0
596160,0
596161,0
596162,0
596163,0
596164,0
596165,0
596166,0
596167,3
596168,0
596169,0
596170,2
596171,0
596172,0
596173,0
596174,0
596175,5
596176,5
596177,0
596178,0
596179,0
596180,0
596181,0
596182,0
596183,0
596184,0
596185,0
596186,0
596187,0
596188,0
596189,0
596190,0
596191,0
596192,0
596193,0
596194,0
596195,0
596196,0
596197,0
596198,0
596199,0
596200,0
596201,0
596202,0
596203,0
596204,0
596205,0
596206,0
596207,0
596208,0
596209,0
596210,0
596211,0
596212,0
596213,0
596214,0
596215,0
596216,0
596217,0
596218,0
596219,7
596220,0
596221,0
596222,0
596223,0
596224,0
596225,0
596226,0
596227,0
596228,0
596229,0
596230,0
596231,0
596232,0
596233,0
596234,0
596235,0
596236,0
596237,0
596238,0
596239,0
596240,0
596241,0
596242,0
596243,9
596244,0
596245,0
596246,0
596247,8
596248,0
596249,0
596250,5
596251,5
596252,0
596253,0
596254,8
596255,0
596256,0
596257,0
596258,0
596259,0
596260,0
596261,0
596262,4
596263,0
596264,0
596265,0
596266,0
596267,5
596268,0
596269,0
596270,0
596271,6
596272,0
596273,0
596274,0
596275,0
596276,0
596277,4
596278,0
596279,0
596280,0
596281,0
596282,0
596283,0
596284,10
596285,0
596286,0
596287,0
596288,0
596289,0
596290,0
596291,0
596292,0
596293,0
596294,0
596295,0
596296,0
596297,0
596298,0
596299,0
596300,0
596301,0
596302,0
596303,0
596304,0
596305,0
596306,6
596307,0
596308,0
596309,0
596310,0
596311,0
596312,0
596313,6
596314,0
596315,6
596316,0
596317,0
596318,0
596319,0
596320,0
596321,0
596322,0
596323,0
596324,0
596325,0
596326,0
596327,0
596328,0
596329,0
596330,0
596331,0
596332,0
596333,0
596334,0
596335,0
596336,0
596337,0
596338,5
596339,0
596340,0
596341,0
596342,0
596343,0
596344,0
596345,0
596346,0
596347,0
596348,5
596349,0
596350,0
596351,0
596352,0
596353,0
596354,0
596355,0
596356,0
596357,0
596358,0
596359,0
596360,0
596361,0
596362,0
596363,0
596364,0
596365,0
596366,0
596367,5
596368,0
596369,0
596370,0
596371,6
596372,0
596373,0
596374,0
596375,0
596376,0
596377,10
596378,0
596379,0
596380,0
596381,0
596382,0
596383,0
596384,0
596385,0
596386,0
596387,8
596388,0
596389,0
596390,0
596391,0
596392,0
596393,0
596394,0
596395,0
596396,0
596397,0
596398,0
596399,0
596400,0
596401,0
596402,0
596403,0
596404,0
596405,0
596406,0
596407,0
596408,0
596409,0
596410,0
596411,0
596412,37
596413,40
596414,0
596415,24
596416,0
596417,0
596418,0
596419,47
596420,34
596421,0
596422,0
596423,0
596424,0
596425,48
596426,0
596427,0
596428,0
596429,0
596430,0
596431,0
596432,27
596433,46
596434,0
596435,29
596436,0
596437,42
596438,0
596439,0
596440,40
596441,0
596442,0
596443,0
596444,0
596445,0
596446,0
596447,0
596448,48
596449,0
596450,0
596451,0
596452,17
596453,0
596454,0
596455,15
596456,0
596457,41
596458,0
596459,0
596460,45
596461,0
596462,0
596463,41
596464,0
596465,0
596466,27
596467,0
596468,29
596469,0
596470,0
596471,0
596472,0
596473,0
596474,0
596475,0
596476,0
596477,0
596478,62
596479,28
596480,0
596481,0
596482,0
596483,0
596484,0
596485,29
596486,0
596487,0
596488,0
596489,0
596490,32
596491,42
596492,0
596493,0
596494,0
596495,0
596496,22
596497,0
596498,0
596499,0
596500,0
596501,0
596502,0
596503,26
596504,0
596505,24
596506,0
596507,19
596508,0
596509,0
596510,0
596511,0
596512,0
596513,0
596514,0
596515,0
596516,0
596517,0
596518,0
596519,52
596520,0
596521,0
596522,0
596523,0
596524,0
596525,0
596526,0
596527,28
596528,50
596529,0
596530,0
596531,0
596532,0
596533,0
596534,0
596535,0
596536,0
596537,0
596538,0
596539,0
596540,0
596541,47
596542,0
596543,0
596544,0
596545,0
596546,20
596547,37
596548,0
596549,0
596550,0
596551,39
596552,0
596553,0
596554,0
596555,27
596556,0
596557,0
596558,0
596559,0
596560,0
596561,29
596562,0
596563,0
596564,0
596565,0
596566,0
596567,0
596568,0
596569,33
596570,0
596571,0
596572,0
596573,0
596574,0
596575,0
596576,0
596577,0
596578,0
596579,0
596580,0
596581,0
596582,0
596583,0
596584,0
596585,0
596586,0
596587,0
596588,0
596589,25
596590,0
596591,0
596592,0
596593,0
596594,25
596595,0
596596,0
596597,0
596598,0
596599,0
596600,34
596601,0
596602,0
596603,0
596604,0
596605,0
596606,0
596607,0
596608,0
596609,0
596610,0
596611,0
596612,0
596613,0
596614,71
596615,35
596616,0
596617,0
596618,0
596619,33
596620,0
596621,0
596622,25
596623,0
596624,0
596625,0
596626,0
596627,0
596628,0
596629,0
596630,0
596631,43
596632,0
596633,0
596634,0
596635,41
596636,0
596637,0
596638,0
596639,0
596640,0
596641,0
596642,0
596643,0
596644,0
596645,0
596646,0
596647,0
596648,0
596649,0
596650,32
596651,0
596652,32
596653,0
596654,0
596655,38
596656,37
596657,0
596658,27
596659,0
596660,0
596661,0
596662,0
596663,0
596664,0
596665,48
596666,0
596667,0
596668,0
596669,39
596670,0
596671,0
596672,39
596673,0
596674,0
596675,0
596676,0
596677,0
596678,0
596679,0
596680,0
596681,0
596682,0
596683,0
596684,19
596685,0
596686,16
596687,0
596688,0
596689,0
596690,0
596691,0
596692,0
596693,0
596694,0
596695,0
596696,0
596697,0
596698,0
596699,0
596700,0
596701,0
596702,0
596703,0
596704,0
596705,0
596706,0
596707,47
596708,42
596709,0
596710,32
596711,0
596712,0
596713,0
596714,0
596715,0
596716,0
596717,0
596718,0
596719,0
596720,0
596721,0
596722,0
596723,0
596724,10
596725,0
596726,0
596727,0
596728,0
596729,0
596730,0
596731,10
596732,18
596733,0
596734,0
596735,0
596736,0
596737,0
596738,9
596739,7
596740,11
596741,0
596742,0
596743,9
596744,0
596745,0
596746,0
596747,0
596748,16
596749,0
596750,13
596751,0
596752,14
596753,0
596754,15
596755,0
596756,0
596757,0
596758,14
596759,0
596760,0
596761,0
596762,0
596763,13
596764,0
596765,0
596766,0
596767,0
596768,0
596769,0
596770,0
596771,0
596772,9
596773,0
596774,0
596775,0
596776,12
596777,0
596778,0
596779,0
596780,26
596781,0
596782,0
596783,0
596784,18
596785,0
596786,0
596787,0
596788,0
596789,16
596790,0
596791,0
596792,17
596793,0
596794,0
596795,0
596796,0
596797,22
596798,0
596799,0
596800,0
596801,0
596802,0
596803,0
596804,0
596805,0
596806,0
596807,0
596808,0
596809,0
596810,15
596811,0
596812,0
596813,0
596814,8
596815,0
596816,11
596817,17
596818,16
596819,0
596820,0
596821,7
596822,0
596823,0
596824,0
596825,0
596826,0
596827,2
596828,0
596829,0
596830,0
596831,0
596832,0
596833,0
596834,0
596835,0
596836,0
596837,2
596838,0
596839,0
596840,0
596841,0
596842,2
596843,0
596844,0
596845,0
596846,0
596847,0
596848,0
596849,0
596850,0
596851,0
596852,0
596853,3
596854,1
596855,0
596856,0
596857,0
596858,0
596859,0
596860,0
596861,1
596862,0
596863,0
596864,0
596865,0
596866,0
596867,0
596868,0
596869,0
596870,0
596871,2
596872,0
596873,0
596874,0
596875,0
596876,0
596877,0
596878,0
596879,0
596880,0
596881,0
596882,0
596883,0
596884,0
596885,1
596886,0
596887,0
596888,0
596889,0
596890,0
596891,0
596892,2
596893,0
596894,0
596895,0
596896,1
596897,0
596898,0
596899,0
596900,0
596901,0
596902,0
596903,0
596904,0
596905,0
596906,0
596907,0
596908,0
596909,1
596910,0
596911,0
596912,0
596913,0
596914,0
596915,0
596916,0
596917,0
596918,0
596919,0
596920,0
596921,0
596922,0
596923,0
596924,0
596925,0
596926,0
596927,0
596928,0
596929,0
596930,0
596931,0
596932,0
596933,0
596934,2
596935,1
596936,0
596937,0
596938,0
596939,1
596940,0
596941,0
596942,0
596943,0
596944,0
596945,0
596946,2
596947,0
596948,0
596949,0
596950,0
596951,0
596952,0
596953,0
596954,0
596955,0
596956,0
596957,0
596958,0
596959,0
596960,0
596961,0
596962,0
596963,0
596964,0
596965,0
596966,0
596967,0
596968,0
596969,0
596970,0
596971,0
596972,0
596973,0
596974,0
596975,0
596976,0
596977,0
596978,0
596979,2
596980,0
596981,0
596982,0
596983,0
596984,0
596985,0
596986,0
596987,0
596988,0
596989,0
596990,0
596991,0
596992,2
596993,0
596994,0
596995,0
596996,0
596997,0
596998,0
596999,0
597000,3
597001,0
597002,0
597003,0
597004,0
597005,0
597006,1
597007,0
597008,0
597009,0
597010,0
597011,0
597012,0
597013,0
597014,1
597015,0
597016,0
597017,0
597018,0
597019,0
597020,0
597021,0
597022,0
597023,0
597024,0
597025,0
597026,2
597027,0
597028,0
597029,0
597030,0
597031,0
597032,0
597033,0
597034,0
597035,0
597036,0
597037,2
597038,1
597039,0
597040,2
597041,0
597042,0
597043,0
597044,0
597045,0
597046,0
597047,0
597048,0
597049,0
597050,3
597051,0
597052,0
597053,1
597054,2
597055,0
597056,0
597057,0
597058,0
597059,0
597060,0
597061,1
597062,0
597063,0
597064,0
597065,0
597066,0
597067,0
597068,0
597069,0
597070,0
597071,3
597072,2
597073,0
597074,0
597075,0
597076,0
597077,0
597078,0
597079,0
597080,1
597081,1
597082,0
597083,0
597084,0
597085,0
597086,0
597087,0
597088,1
597089,0
597090,2
597091,0
597092,0
597093,0
597094,0
597095,0
597096,0
597097,0
597098,0
597099,0
597100,0
597101,0
597102,1
597103,0
597104,0
597105,0
597106,0
597107,0
597108,0
597109,0
597110,0
597111,0
597112,1
597113,0
597114,0
597115,0
597116,0
597117,0
597118,0
597119,0
597120,0
597121,0
597122,0
597123,0
597124,0
597125,0
597126,0
597127,0
597128,0
597129,0
597130,0
597131,0
597132,0
597133,0
597134,0
597135,2
597136,1
597137,1
597138,0
597139,0
597140,1
597141,0
597142,0
597143,0
597144,0
597145,0
597146,0
597147,0
597148,0
597149,0
597150,0
597151,0
597152,0
597153,2
597154,0
597155,0
597156,0
597157,0
597158,0
597159,0
597160,0
597161,0
597162,0
597163,0
597164,0
597165,0
597166,0
597167,0
597168,0
597169,0
597170,0
597171,0
597172,0
597173,0
597174,0
597175,0
597176,0
597177,0
597178,0
597179,0
597180,0
597181,1
597182,0
597183,0
597184,0
597185,0
597186,0
597187,1
597188,0
597189,0
597190,0
597191,0
597192,0
597193,0
597194,1
597195,0
597196,0
597197,0
597198,1
597199,0
597200,0
597201,0
597202,0
597203,3
597204,0
597205,2
597206,0
597207,0
597208,0
597209,0
597210,0
597211,0
597212,4
597213,0
597214,0
597215,0
597216,0
597217,0
597218,0
597219,0
597220,1
597221,0
597222,0
597223,0
597224,0
597225,0
597226,1
597227,0
597228,0
597229,0
597230,0
597231,0
597232,0
597233,0
597234,0
597235,0
597236,1
597237,0
597238,0
597239,0
597240,0
597241,0
597242,0
597243,0
597244,0
597245,0
597246,0
597247,0
597248,0
597249,0
597250,0
597251,0
597252,0
597253,0
597254,0
597255,0
597256,0
597257,0
597258,0
597259,0
597260,0
597261,0
597262,0
597263,0
597264,0
597265,0
597266,2
597267,0
597268,0
597269,0
597270,0
597271,0
597272,0
597273,0
597274,0
597275,0
597276,0
597277,0
597278,0
597279,1
597280,0
597281,0
597282,0
597283,0
597284,0
597285,2
597286,0
597287,0
597288,0
597289,0
597290,0
597291,0
597292,0
597293,1
597294,0
597295,0
597296,0
597297,2
597298,0
597299,0
597300,0
597301,0
597302,0
597303,0
597304,0
597305,0
597306,0
597307,0
597308,0
597309,0
597310,2
597311,0
597312,0
597313,0
597314,0
597315,0
597316,1
597317,0
597318,0
597319,0
597320,0
597321,0
597322,0
597323,0
597324,0
597325,30
597326,0
597327,0
597328,0
597329,0
597330,48
597331,0
597332,0
597333,34
597334,0
597335,0
597336,45
597337,0
597338,0
597339,0
597340,0
597341,0
597342,24
597343,0
597344,56
597345,0
597346,0
597347,0
597348,0
597349,24
597350,0
597351,51
597352,0
597353,0
597354,0
597355,0
597356,0
597357,49
597358,0
597359,27
597360,34
597361,0
597362,0
597363,0
597364,0
597365,0
597366,0
597367,0
597368,36
597369,31
597370,0
597371,0
597372,0
597373,23
597374,25
597375,0
597376,25
597377,0
597378,0
597379,0
597380,0
597381,0
597382,0
597383,0
597384,12
597385,3
597386,5
597387,0
597388,0
597389,0
597390,0
597391,0
597392,0
597393,0
597394,0
597395,0
597396,0
597397,0
597398,0
597399,0
597400,0
597401,0
597402,13
597403,0
597404,0
597405,0
597406,0
597407,9
597408,0
597409,0
597410,0
597411,0
597412,0
597413,7
597414,0
597415,13
597416,14
597417,0
597418,0
597419,0
597420,12
597421,0
597422,0
597423,0
597424,0
597425,10
597426,0
597427,0
597428,0
597429,19
597430,0
597431,0
597432,11
597433,0
597434,0
597435,0
597436,0
597437,0
597438,0
597439,0
597440,11
597441,0
597442,10
597443,0
597444,0
597445,10
597446,0
597447,0
597448,0
597449,0
597450,0
597451,0
597452,0
597453,0
597454,0
597455,0
597456,0
597457,0
597458,4
597459,0
597460,0
597461,0
597462,0
597463,7
597464,0
597465,0
597466,0
597467,10
597468,0
597469,0
597470,0
597471,0
597472,0
597473,0
597474,0
597475,0
597476,0
597477,0
597478,0
597479,0
597480,0
597481,9
597482,0
597483,0
597484,0
597485,13
597486,0
597487,0
597488,0
597489,0
597490,0
597491,0
597492,0
597493,0
597494,0
597495,0
597496,0
597497,10
597498,0
597499,0
597500,0
597501,0
597502,7
597503,0
597504,0
597505,0
597506,0
597507,0
597508,0
597509,0
597510,0
597511,0
597512,0
597513,0
597514,12
597515,0
597516,0
597517,0
597518,0
597519,0
597520,14
597521,0
597522,0
597523,12
597524,0
597525,0
597526,0
597527,0
597528,0
597529,12
597530,0
597531,0
597532,0
597533,0
597534,0
597535,0
597536,0
597537,0
597538,0
597539,0
597540,0
597541,0
597542,0
597543,0
597544,0
597545,0
597546,12
597547,9
597548,0
597549,0
597550,0
597551,0
597552,0
597553,4
597554,7
597555,0
597556,0
597557,0
597558,0
597559,0
597560,0
597561,0
597562,0
597563,0
597564,0
597565,15
597566,0
597567,0
597568,6
597569,0
597570,0
597571,0
597572,0
597573,14
597574,0
597575,0
597576,0
597577,0
597578,0
597579,0
597580,10
597581,0
597582,0
597583,10
597584,0
597585,9
597586,0
597587,0
597588,0
597589,0
597590,0
597591,0
597592,0
597593,0
597594,0
597595,0
597596,0
597597,0
597598,0
597599,0
597600,0
597601,0
597602,0
597603,14
597604,0
597605,0
597606,0
597607,0
597608,0
597609,7
597610,0
597611,17
597612,0
597613,0
597614,10
597615,0
597616,0
597617,0
597618,0
597619,0
597620,0
597621,0
597622,7
597623,0
597624,3
597625,0
597626,0
597627,0
597628,0
597629,0
597630,0
597631,0
597632,0
597633,0
597634,6
597635,0
597636,0
597637,0
597638,0
597639,14
597640,9
597641,0
597642,0
597643,5
597644,0
597645,0
597646,0
597647,5
597648,13
597649,0
597650,0
597651,14
597652,0
597653,0
597654,0
597655,0
597656,0
597657,0
597658,0
597659,6
597660,0
597661,8
597662,0
597663,0
597664,12
597665,0
597666,0
597667,0
597668,0
597669,0
597670,0
597671,0
597672,0
597673,0
597674,0
597675,0
597676,0
597677,0
597678,14
597679,0
597680,0
597681,0
597682,0
597683,0
597684,0
597685,0
597686,0
597687,12
597688,8
597689,0
597690,0
597691,0
597692,0
597693,10
597694,0
597695,0
597696,0
597697,0
597698,0
597699,0
597700,0
597701,0
597702,6
597703,15
597704,0
597705,5
597706,9
597707,0
597708,0
597709,0
597710,0
597711,6
597712,0
597713,0
597714,0
597715,0
597716,0
597717,0
597718,0
597719,0
597720,0
597721,0
597722,0
597723,0
597724,0
597725,0
597726,13
597727,0
597728,10
597729,0
597730,0
597731,0
597732,0
597733,0
597734,0
597735,0
597736,0
597737,0
597738,0
597739,0
597740,0
597741,0
597742,0
597743,0
597744,0
597745,14
597746,0
597747,0
597748,0
597749,0
597750,0
597751,8
597752,13
597753,0
597754,0
597755,0
597756,0
597757,0
597758,0
597759,0
597760,9
597761,0
597762,0
597763,0
597764,0
597765,14
597766,0
597767,0
597768,0
597769,0
597770,6
597771,7
597772,0
597773,0
597774,14
597775,0
597776,0
597777,0
597778,0
597779,0
597780,0
597781,0
597782,0
597783,0
597784,0
597785,0
597786,0
597787,0
597788,0
597789,0
597790,0
597791,0
597792,0
597793,0
597794,0
597795,0
597796,0
597797,0
597798,0
597799,0
597800,0
597801,7
597802,0
597803,0
597804,0
597805,0
597806,0
597807,0
597808,0
597809,0
597810,0
597811,0
597812,0
597813,0
597814,0
597815,7
597816,0
597817,0
597818,0
597819,0
597820,11
597821,0
597822,0
597823,0
597824,0
597825,0
597826,0
597827,0
597828,0
597829,0
597830,0
597831,0
597832,0
597833,0
597834,0
597835,0
597836,0
597837,6
597838,0
597839,0
597840,0
597841,0
597842,0
597843,0
597844,0
597845,8
597846,0
597847,0
597848,0
597849,0
597850,4
597851,0
597852,0
597853,0
597854,0
597855,0
597856,0
597857,0
597858,0
597859,3
597860,0
597861,0
597862,0
597863,0
597864,7
597865,0
597866,0
597867,10
597868,8
597869,0
597870,7
597871,0
597872,0
597873,0
597874,0
597875,0
597876,0
597877,0
597878,8
597879,0
597880,0
597881,0
597882,6
597883,15
597884,0
597885,0
597886,0
597887,0
597888,0
597889,0
597890,0
597891,0
597892,0
597893,0
597894,0
597895,0
597896,0
597897,0
597898,0
597899,0
597900,10
597901,0
597902,8
597903,0
597904,0
597905,0
597906,0
597907,0
597908,0
597909,0
597910,0
597911,0
597912,0
597913,0
597914,0
597915,0
597916,0
597917,0
597918,0
597919,0
597920,0
597921,0
597922,0
597923,0
597924,0
597925,0
597926,0
597927,0
597928,0
597929,0
597930,0
597931,0
597932,0
597933,0
597934,0
597935,0
597936,0
597937,0
597938,0
597939,0
597940,0
597941,0
597942,0
597943,0
597944,11
597945,0
597946,0
597947,0
597948,0
597949,0
597950,0
597951,12
597952,0
597953,0
597954,0
597955,0
597956,0
597957,0
597958,0
597959,12
597960,0
597961,0
597962,0
597963,0
597964,0
597965,0
597966,0
597967,0
597968,0
597969,0
597970,0
597971,0
597972,0
597973,0
597974,0
597975,20
597976,0
597977,0
597978,0
597979,0
597980,0
597981,0
597982,0
597983,0
597984,0
597985,0
597986,9
597987,0
597988,9
597989,0
597990,0
597991,0
597992,15
597993,0
597994,0
597995,0
597996,0
597997,0
597998,0
597999,0
598000,0
598001,0
598002,0
598003,0
598004,0
598005,7
598006,0
598007,0
598008,0
598009,0
598010,0
598011,0
598012,0
598013,0
598014,0
598015,0
598016,5
598017,0
598018,0
598019,0
598020,0
598021,0
598022,7
598023,0
598024,0
598025,0
598026,6
598027,0
598028,0
598029,0
598030,0
598031,0
598032,9
598033,0
598034,0
598035,0
598036,0
598037,0
598038,12
598039,0
598040,11
598041,0
598042,0
598043,0
598044,0
598045,0
598046,0
598047,0
598048,0
598049,0
598050,0
598051,10
598052,0
598053,0
598054,0
598055,0
598056,0
598057,29
598058,0
598059,0
598060,0
598061,0
598062,46
598063,0
598064,0
598065,0
598066,0
598067,0
598068,0
598069,0
598070,0
598071,0
598072,0
598073,38
598074,0
598075,0
598076,0
598077,0
598078,23
598079,0
598080,25
598081,0
598082,0
598083,29
598084,25
598085,0
598086,0
598087,0
598088,0
598089,0
598090,30
598091,0
598092,0
598093,34
598094,0
598095,0
598096,0
598097,0
598098,0
598099,0
598100,0
598101,0
598102,0
598103,0
598104,0
598105,0
598106,35
598107,0
598108,0
598109,0
598110,0
598111,0
598112,0
598113,0
598114,0
598115,0
598116,0
598117,0
598118,0
598119,0
598120,0
598121,26
598122,0
598123,48
598124,0
598125,44
598126,0
598127,0
598128,0
598129,35
598130,0
598131,0
598132,0
598133,0
598134,0
598135,0
598136,0
598137,0
598138,34
598139,32
598140,0
598141,33
598142,0
598143,0
598144,27
598145,16
598146,33
598147,0
598148,0
598149,0
598150,0
598151,38
598152,0
598153,0
598154,0
598155,0
598156,0
598157,0
598158,0
598159,0
598160,0
598161,0
598162,0
598163,0
598164,0
598165,35
598166,35
598167,0
598168,0
598169,0
598170,0
598171,0
598172,0
598173,0
598174,43
598175,0
598176,0
598177,0
598178,0
598179,43
598180,0
598181,0
598182,0
598183,0
598184,36
598185,24
598186,0
598187,0
598188,0
598189,32
598190,0
598191,39
598192,0
598193,0
598194,0
598195,0
598196,0
598197,0
598198,0
598199,0
598200,0
598201,0
598202,0
598203,0
598204,0
598205,0
598206,0
598207,0
598208,0
598209,25
598210,0
598211,0
598212,0
598213,0
598214,0
598215,0
598216,0
598217,34
598218,39
598219,0
598220,21
598221,21
598222,0
598223,0
598224,0
598225,0
598226,0
598227,0
598228,40
598229,0
598230,0
598231,0
598232,0
598233,0
598234,0
598235,32
598236,0
598237,32
598238,0
598239,36
598240,0
598241,25
598242,0
598243,0
598244,0
598245,32
598246,0
598247,0
598248,0
598249,0
598250,0
598251,0
598252,28
598253,0
598254,33
598255,0
598256,0
598257,0
598258,24
598259,0
598260,40
598261,0
598262,36
598263,0
598264,0
598265,0
598266,0
598267,0
598268,0
598269,0
598270,0
598271,0
598272,0
598273,0
598274,0
598275,0
598276,0
598277,32
598278,0
598279,0
598280,0
598281,0
598282,0
598283,30
598284,0
598285,0
598286,0
598287,41
598288,0
598289,0
598290,0
598291,0
598292,0
598293,0
598294,34
598295,0
598296,0
598297,0
598298,0
598299,0
598300,0
598301,28
598302,0
598303,0
598304,0
598305,0
598306,0
598307,0
598308,0
598309,0
598310,0
598311,0
598312,0
598313,0
598314,21
598315,0
598316,0
598317,0
598318,0
598319,50
598320,0
598321,0
598322,0
598323,27
598324,0
598325,0
598326,0
598327,17
598328,0
598329,0
598330,0
598331,27
598332,0
598333,0
598334,0
598335,0
598336,0
598337,0
598338,0
598339,0
598340,29
598341,30
598342,0
598343,0
598344,36
598345,0
598346,0
598347,0
598348,0
598349,0
598350,33
598351,27
598352,0
598353,0
598354,0
598355,0
598356,0
598357,0
598358,40
598359,0
598360,0
598361,0
598362,0
598363,0
598364,0
598365,0
598366,0
598367,0
598368,0
598369,0
598370,30
598371,31
598372,0
598373,40
598374,0
598375,0
598376,0
598377,0
598378,0
598379,0
598380,0
598381,0
598382,0
598383,0
598384,0
598385,0
598386,0
598387,0
598388,0
598389,0
598390,0
598391,0
598392,0
598393,28
598394,0
598395,0
598396,0
598397,0
598398,0
598399,0
598400,0
598401,28
598402,0
598403,0
598404,0
598405,0
598406,27
598407,0
598408,0
598409,0
598410,26
598411,0
598412,0
598413,0
598414,0
598415,0
598416,0
598417,0
598418,46
598419,0
598420,0
598421,0
598422,0
598423,16
598424,0
598425,0
598426,0
598427,0
598428,0
598429,0
598430,0
598431,0
598432,31
598433,0
598434,0
598435,0
598436,30
598437,32
598438,0
598439,38
598440,0
598441,29
598442,0
598443,0
598444,31
598445,0
598446,0
598447,0
598448,0
598449,0
598450,0
598451,0
598452,0
598453,0
598454,0
598455,0
598456,0
598457,0
598458,0
598459,36
598460,0
598461,0
598462,37
598463,0
598464,0
598465,51
598466,0
598467,0
598468,0
598469,0
598470,0
598471,0
598472,0
598473,21
598474,0
598475,26
598476,0
598477,0
598478,0
598479,0
598480,0
598481,0
598482,0
598483,0
598484,0
598485,0
598486,0
598487,0
598488,0
598489,0
598490,33
598491,0
598492,36
598493,0
598494,0
598495,0
598496,0
598497,0
598498,0
598499,0
598500,0
598501,0
598502,21
598503,0
598504,0
598505,0
598506,26
598507,37
598508,0
598509,28
598510,38
598511,0
598512,0
598513,0
598514,33
598515,0
598516,34
598517,38
598518,0
598519,0
598520,0
598521,45
598522,42
598523,0
598524,0
598525,0
598526,0
598527,0
598528,42
598529,28
598530,0
598531,0
598532,0
598533,0
598534,0
598535,35
598536,0
598537,0
598538,0
598539,0
598540,0
598541,0
598542,36
598543,31
598544,0
598545,25
598546,0
598547,0
598548,0
598549,0
598550,0
598551,0
598552,0
598553,0
598554,0
598555,0
598556,0
598557,0
598558,37
598559,0
598560,47
598561,0
598562,0
598563,0
598564,0
598565,34
598566,0
598567,0
598568,0
598569,0
598570,32
598571,0
598572,0
598573,0
598574,0
598575,0
598576,27
598577,0
598578,0
598579,0
598580,37
598581,32
598582,0
598583,0
598584,0
598585,0
598586,0
598587,0
598588,22
598589,0
598590,0
598591,0
598592,26
598593,0
598594,0
598595,0
598596,0
598597,0
598598,0
598599,35
598600,0
598601,33
598602,0
598603,0
598604,0
598605,0
598606,0
598607,0
598608,0
598609,34
598610,0
598611,0
598612,0
598613,0
598614,0
598615,0
598616,0
598617,35
598618,27
598619,0
598620,0
598621,0
598622,0
598623,31
598624,0
598625,0
598626,28
598627,54
598628,0
598629,0
598630,0
598631,0
598632,0
598633,34
598634,0
598635,0
598636,0
598637,0
598638,0
598639,19
598640,0
598641,20
598642,0
598643,0
598644,40
598645,29
598646,0
598647,0
598648,0
598649,0
598650,0
598651,0
598652,0
598653,0
598654,0
598655,39
598656,25
598657,0
598658,0
598659,0
598660,0
598661,0
598662,33
598663,0
598664,0
598665,0
598666,0
598667,0
598668,0
598669,37
598670,0
598671,0
598672,32
598673,0
598674,0
598675,39
598676,0
598677,0
598678,0
598679,0
598680,28
598681,0
598682,0
598683,0
598684,0
598685,0
598686,0
598687,0
598688,0
598689,0
598690,26
598691,0
598692,0
598693,0
598694,0
598695,0
598696,0
598697,0
598698,0
598699,0
598700,0
598701,0
598702,0
598703,0
598704,0
598705,0
598706,0
598707,0
598708,0
598709,24
598710,21
598711,33
598712,36
598713,0
598714,0
598715,0
598716,0
598717,0
598718,0
598719,0
598720,0
598721,38
598722,20
598723,32
598724,0
598725,18
598726,30
598727,0
598728,0
598729,33
598730,33
598731,0
598732,0
598733,0
598734,0
598735,0
598736,0
598737,0
598738,0
598739,0
598740,0
598741,0
598742,0
598743,0
598744,0
598745,0
598746,34
598747,25
598748,0
598749,0
598750,0
598751,0
598752,0
598753,17
598754,0
598755,0
598756,42
598757,0
598758,41
598759,39
598760,0
598761,0
598762,0
598763,0
598764,0
598765,0
598766,0
598767,23
598768,22
598769,0
598770,0
598771,0
598772,0
598773,0
598774,32
598775,0
598776,0
598777,0
598778,0
598779,0
598780,30
598781,0
598782,0
598783,0
598784,0
598785,0
598786,0
598787,0
598788,40
598789,0
598790,0
598791,0
598792,0
598793,0
598794,36
598795,33
598796,0
598797,0
598798,0
598799,0
598800,0
598801,0
598802,0
598803,0
598804,58
598805,0
598806,37
598807,0
598808,0
598809,23
598810,0
598811,0
598812,0
598813,0
598814,0
598815,30
598816,0
598817,0
598818,31
598819,0
598820,0
598821,0
598822,30
598823,0
598824,0
598825,0
598826,0
598827,0
598828,0
598829,0
598830,0
598831,0
598832,38
598833,0
598834,0
598835,0
598836,0
598837,0
598838,0
598839,33
598840,0
598841,0
598842,41
598843,0
598844,0
598845,0
598846,0
598847,0
598848,49
598849,0
598850,0
598851,0
598852,0
598853,0
598854,0
598855,0
598856,0
598857,0
598858,0
598859,0
598860,0
598861,0
598862,0
598863,0
598864,0
598865,0
598866,0
598867,0
598868,0
598869,0
598870,0
598871,0
598872,0
598873,0
598874,0
598875,0
598876,0
598877,0
598878,0
598879,0
598880,0
598881,0
598882,0
598883,0
598884,0
598885,0
598886,0
598887,0
598888,0
598889,0
598890,0
598891,0
598892,0
598893,0
598894,0
598895,0
598896,0
598897,0
598898,0
598899,0
598900,0
598901,0
598902,0
598903,0
598904,0
598905,0
598906,0
598907,0
598908,0
598909,0
598910,0
598911,0
598912,0
598913,0
598914,0
598915,0
598916,0
598917,0
598918,0
598919,0
598920,0
598921,0
598922,0
598923,0
598924,0
598925,0
598926,0
598927,0
598928,0
598929,0
598930,0
598931,0
598932,0
598933,0
598934,0
598935,0
598936,0
598937,0
598938,0
598939,0
598940,0
598941,0
598942,0
598943,0
598944,0
598945,0
598946,0
598947,0
598948,0
598949,0
598950,0
598951,0
598952,0
598953,0
598954,0
598955,0
598956,0
598957,0
598958,0
598959,0
598960,0
598961,0
598962,0
598963,0
598964,0
598965,0
598966,0
598967,0
598968,0
598969,0
598970,0
598971,0
598972,0
598973,0
598974,0
598975,0
598976,0
598977,0
598978,0
598979,0
598980,0
598981,0
598982,0
598983,0
598984,0
598985,0
598986,0
598987,0
598988,0
598989,0
598990,0
598991,0
598992,0
598993,0
598994,0
598995,0
598996,0
598997,0
598998,0
598999,0
599000,0
599001,0
599002,0
599003,0
599004,0
599005,0
599006,0
599007,0
599008,0
599009,0
599010,0
599011,0
599012,0
599013,0
599014,0
599015,0
599016,0
599017,0
599018,0
599019,0
599020,0
599021,0
599022,0
599023,0
599024,0
599025,0
599026,0
599027,0
599028,0
599029,0
599030,0
599031,0
599032,0
599033,0
599034,0
599035,0
599036,0
599037,0
599038,0
599039,0
599040,0
599041,0
599042,0
599043,0
599044,0
599045,0
599046,0
599047,0
599048,0
599049,0
599050,0
599051,0
599052,0
599053,0
599054,0
599055,0
599056,0
599057,0
599058,0
599059,0
599060,0
599061,0
599062,0
599063,0
599064,0
599065,0
599066,0
599067,0
599068,0
599069,0
599070,0
599071,0
599072,0
599073,0
599074,0
599075,0
599076,0
599077,0
599078,0
599079,0
599080,0
599081,0
599082,0
599083,0
599084,0
599085,0
599086,0
599087,0
599088,0
599089,0
599090,0
599091,0
599092,0
599093,0
599094,0
599095,0
599096,0
599097,0
599098,0
599099,0
599100,0
599101,0
599102,0
599103,0
599104,0
599105,0
599106,0
599107,0
599108,0
599109,0
599110,0
599111,0
599112,0
599113,0
599114,0
599115,0
599116,0
599117,0
599118,0
599119,0
599120,0
599121,0
599122,0
599123,0
599124,0
599125,0
599126,0
599127,0
599128,0
599129,0
599130,0
599131,0
599132,0
599133,0
599134,0
599135,0
599136,0
599137,0
599138,0
599139,0
599140,0
599141,0
599142,0
599143,0
599144,0
599145,0
599146,0
599147,0
599148,0
599149,0
599150,0
599151,0
599152,0
599153,0
599154,0
599155,0
599156,0
599157,0
599158,0
599159,0
599160,0
599161,0
599162,0
599163,0
599164,0
599165,0
599166,0
599167,0
599168,0
599169,0
599170,0
599171,0
599172,0
599173,0
599174,0
599175,0
599176,0
599177,0
599178,0
599179,0
599180,0
599181,0
599182,0
599183,0
599184,0
599185,0
599186,0
599187,0
599188,0
599189,0
599190,0
599191,0
599192,0
599193,0
599194,0
599195,0
599196,0
599197,0
599198,0
599199,0
599200,0
599201,0
599202,0
599203,0
599204,0
599205,0
599206,0
599207,0
599208,0
599209,0
599210,0
599211,0
599212,0
599213,0
599214,0
599215,0
599216,0
599217,0
599218,0
599219,0
599220,0
599221,0
599222,0
599223,0
599224,0
599225,0
599226,0
599227,0
599228,0
599229,0
599230,0
599231,0
599232,0
599233,0
599234,0
599235,0
599236,0
599237,0
599238,0
599239,0
599240,0
599241,0
599242,0
599243,0
599244,0
599245,0
599246,0
599247,0
599248,0
599249,0
599250,0
599251,0
599252,0
599253,0
599254,0
599255,0
599256,0
599257,0
599258,0
599259,0
599260,0
599261,0
599262,0
599263,0
599264,0
599265,0
599266,0
599267,0
599268,0
599269,0
599270,0
599271,0
599272,0
599273,0
599274,0
599275,0
599276,0
599277,0
599278,0
599279,0
599280,0
599281,0
599282,0
599283,0
599284,0
599285,0
599286,0
599287,0
599288,0
599289,0
599290,0
599291,0
599292,0
599293,0
599294,0
599295,0
599296,0
599297,0
599298,0
599299,0
599300,0
599301,0
599302,0
599303,0
599304,0
599305,0
599306,0
599307,0
599308,0
599309,0
599310,0
599311,0
599312,0
599313,0
599314,0
599315,0
599316,0
599317,0
599318,0
599319,0
599320,0
599321,0
599322,0
599323,0
599324,0
599325,0
599326,0
599327,0
599328,0
599329,0
599330,0
599331,0
599332,0
599333,0
599334,0
599335,0
599336,0
599337,0
599338,0
599339,0
599340,0
599341,0
599342,0
599343,0
599344,0
599345,0
599346,0
599347,0
599348,0
599349,0
599350,0
599351,0
599352,0
599353,0
599354,0
599355,0
599356,0
599357,0
599358,0
599359,0
599360,0
599361,0
599362,0
599363,0
599364,0
599365,0
599366,0
599367,0
599368,0
599369,0
599370,0
599371,0
599372,0
599373,0
599374,0
599375,0
599376,0
599377,0
599378,0
599379,0
599380,0
599381,0
599382,0
599383,0
599384,0
599385,0
599386,0
599387,0
599388,0
599389,0
599390,0
599391,0
599392,0
599393,0
599394,0
599395,0
599396,0
599397,0
599398,0
599399,0
599400,0
599401,0
599402,0
599403,0
599404,0
599405,0
599406,0
599407,0
599408,0
599409,0
599410,0
599411,0
599412,0
599413,0
599414,0
599415,0
599416,0
599417,0
599418,0
599419,0
599420,0
599421,0
599422,0
599423,0
599424,0
599425,0
599426,0
599427,0
599428,0
599429,0
599430,0
599431,0
599432,0
599433,0
599434,0
599435,0
599436,0
599437,0
599438,0
599439,0
599440,0
599441,0
599442,0
599443,0
599444,0
599445,0
599446,0
599447,0
599448,0
599449,0
599450,0
599451,0
599452,0
599453,0
599454,0
599455,0
599456,0
599457,0
599458,0
599459,0
599460,0
599461,0
599462,0
599463,0
599464,0
599465,0
599466,0
599467,0
599468,0
599469,0
599470,0
599471,0
599472,0
599473,0
599474,0
599475,0
599476,0
599477,0
599478,0
599479,0
599480,0
599481,0
599482,0
599483,0
599484,0
599485,0
599486,0
599487,0
599488,0
599489,0
599490,0
599491,0
599492,0
599493,0
599494,0
599495,0
599496,0
599497,0
599498,0
599499,0
599500,0
599501,0
599502,0
599503,0
599504,0
599505,0
599506,0
599507,0
599508,0
599509,0
599510,0
599511,0
599512,0
599513,0
599514,0
599515,0
599516,0
599517,0
599518,0
599519,0
599520,0
599521,0
599522,0
599523,0
599524,0
599525,0
599526,0
599527,0
599528,0
599529,0
599530,0
599531,0
599532,0
599533,0
599534,0
599535,0
599536,0
599537,0
599538,0
599539,0
599540,0
599541,0
599542,0
599543,0
599544,0
599545,0
599546,0
599547,0
599548,0
599549,0
599550,0
599551,0
599552,0
599553,0
599554,0
599555,0
599556,0
599557,0
599558,0
599559,0
599560,0
599561,0
599562,0
599563,0
599564,0
599565,0
599566,0
599567,0
599568,0
599569,0
599570,0
599571,0
599572,0
599573,0
599574,0
599575,0
599576,0
599577,0
599578,0
599579,0
599580,0
599581,0
599582,0
599583,0
599584,0
599585,0
599586,0
599587,0
599588,0
599589,0
599590,0
599591,0
599592,0
599593,0
599594,0
599595,0
599596,0
599597,0
599598,0
599599,0
599600,0
599601,0
599602,1
599603,0
599604,0
599605,0
599606,0
599607,0
599608,0
599609,0
599610,0
599611,0
599612,0
599613,0
599614,0
599615,0
599616,0
599617,0
599618,0
599619,0
599620,0
599621,0
599622,0
599623,0
599624,0
599625,0
599626,0
599627,0
599628,0
599629,0
599630,0
599631,0
599632,0
599633,0
599634,0
599635,0
599636,0
599637,0
599638,0
599639,0
599640,0
599641,0
599642,0
599643,0
599644,0
599645,0
599646,0
599647,0
599648,0
599649,0
599650,0
599651,0
599652,0
599653,0
599654,0
599655,0
599656,0
599657,0
599658,0
599659,0
599660,0
599661,0
599662,0
599663,0
599664,0
599665,0
599666,0
599667,0
599668,0
599669,0
599670,0
599671,0
599672,0
599673,0
599674,0
599675,0
599676,0
599677,0
599678,0
599679,0
599680,0
599681,0
599682,0
599683,0
599684,0
599685,0
599686,0
599687,0
599688,0
599689,0
599690,0
599691,0
599692,0
599693,0
599694,0
599695,0
599696,0
599697,0
599698,0
599699,0
599700,0
599701,0
599702,0
599703,0
599704,0
599705,0
599706,0
599707,0
599708,0
599709,0
599710,0
599711,0
599712,0
599713,0
599714,0
599715,0
599716,0
599717,0
599718,0
599719,0
599720,0
599721,0
599722,0
599723,0
599724,0
599725,0
599726,0
599727,0
599728,0
599729,0
599730,0
599731,0
599732,0
599733,0
599734,0
599735,1
599736,0
599737,0
599738,0
599739,0
599740,0
599741,0
599742,0
599743,0
599744,0
599745,0
599746,0
599747,0
599748,0
599749,0
599750,0
599751,0
599752,0
599753,0
599754,0
599755,0
599756,0
599757,0
599758,0
599759,0
599760,0
599761,0
599762,0
599763,0
599764,0
599765,0
599766,0
599767,0
599768,0
599769,0
599770,0
599771,0
599772,0
599773,0
599774,0
599775,0
599776,0
599777,0
599778,0
599779,0
599780,0
599781,0
599782,0
599783,0
599784,0
599785,0
599786,0
599787,0
599788,0
599789,0
599790,0
599791,0
599792,0
599793,0
599794,0
599795,0
599796,0
599797,0
599798,0
599799,0
599800,0
599801,0
599802,0
599803,0
599804,0
599805,0
599806,0
599807,0
599808,0
599809,0
599810,0
599811,0
599812,0
599813,0
599814,0
599815,0
599816,0
599817,0
599818,0
599819,0
599820,0
599821,0
599822,0
599823,0
599824,0
599825,0
599826,0
599827,0
599828,0
599829,0
599830,0
599831,0
599832,0
599833,0
599834,0
599835,0
599836,0
599837,0
599838,0
599839,0
599840,0
599841,0
599842,0
599843,0
599844,0
599845,0
599846,0
599847,0
599848,0
599849,0
599850,0
599851,0
599852,0
599853,0
599854,0
599855,0
599856,0
599857,0
599858,0
599859,0
599860,0
599861,0
599862,0
599863,0
599864,0
599865,0
599866,0
599867,0
599868,0
599869,0
599870,0
599871,0
599872,0
599873,0
599874,0
599875,0
599876,0
599877,0
599878,0
599879,0
599880,0
599881,0
599882,0
599883,0
599884,0
599885,0
599886,0
599887,0
599888,0
599889,0
599890,0
599891,0
599892,0
599893,0
599894,0
599895,0
599896,0
599897,0
599898,0
599899,0
599900,0
599901,0
599902,0
599903,0
599904,0
599905,0
599906,0
599907,0
599908,0
599909,0
599910,0
599911,0
599912,0
599913,0
599914,0
599915,0
599916,0
599917,0
599918,0
599919,0
599920,0
599921,0
599922,0
599923,0
599924,0
599925,0
599926,0
599927,0
599928,0
599929,0
599930,0
599931,0
599932,0
599933,0
599934,0
599935,0
599936,0
599937,0
599938,0
599939,0
599940,0
599941,0
599942,0
599943,0
599944,0
599945,0
599946,0
599947,0
599948,0
599949,0
599950,0
599951,0
599952,0
599953,0
599954,0
599955,0
599956,0
599957,0
599958,0
599959,0
599960,0
599961,0
599962,0
599963,0
599964,0
599965,0
599966,0
599967,0
599968,0
599969,0
599970,0
599971,0
599972,0
599973,0
599974,0
599975,0
599976,0
599977,0
599978,0
599979,0
599980,0
599981,0
599982,0
599983,0
599984,0
599985,0
599986,0
599987,0
599988,0
599989,0
599990,0
599991,0
599992,0
599993,0
599994,0
599995,0
599996,0
599997,0
599998,0
599999,0
600000,0
600001,0
600002,0
600003,0
600004,0
600005,0
600006,0
600007,0
600008,0
600009,0
600010,0
600011,0
600012,0
600013,0
600014,0
600015,0
600016,0
600017,0
600018,0
600019,0
600020,0
600021,0
600022,0
600023,0
600024,0
600025,0
600026,0
600027,0
600028,0
600029,0
600030,0
600031,0
600032,0
600033,0
600034,0
600035,0
600036,0
600037,0
600038,0
600039,0
600040,0
600041,0
600042,0
600043,0
600044,0
600045,0
600046,0
600047,0
600048,0
600049,49
600050,0
600051,30
600052,0
600053,0
600054,0
600055,0
600056,0
600057,0
600058,0
600059,0
600060,44
600061,0
600062,0
600063,0
600064,0
600065,0
600066,0
600067,0
600068,0
600069,0
600070,0
600071,60
600072,0
600073,0
600074,0
600075,0
600076,0
600077,0
600078,62
600079,21
600080,0
600081,0
600082,0
600083,0
600084,0
600085,0
600086,0
600087,0
600088,0
600089,0
600090,0
600091,43
600092,0
600093,0
600094,0
600095,0
600096,0
600097,0
600098,0
600099,0
600100,0
600101,30
600102,0
600103,0
600104,0
600105,0
600106,0
600107,0
600108,0
600109,0
600110,0
600111,0
600112,0
600113,0
600114,0
600115,50
600116,0
600117,0
600118,0
600119,0
600120,0
600121,0
600122,0
600123,34
600124,0
600125,0
600126,0
600127,0
600128,0
600129,0
600130,0
600131,0
600132,0
600133,0
600134,0
600135,49
600136,0
600137,0
600138,60
600139,0
600140,0
600141,0
600142,0
600143,0
600144,0
600145,0
600146,0
600147,0
600148,0
600149,39
600150,0
600151,0
600152,0
600153,33
600154,35
600155,0
600156,0
600157,0
600158,0
600159,0
600160,0
600161,0
600162,0
600163,0
600164,0
600165,22
600166,0
600167,0
600168,0
600169,0
600170,0
600171,52
600172,0
600173,0
600174,0
600175,0
600176,0
600177,0
600178,0
600179,29
600180,0
600181,0
600182,0
600183,0
600184,0
600185,0
600186,0
600187,0
600188,0
600189,0
600190,0
600191,0
600192,0
600193,0
600194,32
600195,0
600196,0
600197,44
600198,0
600199,0
600200,0
600201,0
600202,0
600203,0
600204,0
600205,0
600206,0
600207,0
600208,0
600209,0
600210,0
600211,0
600212,0
600213,0
600214,0
600215,0
600216,0
600217,0
600218,0
600219,55
600220,0
600221,37
600222,0
600223,0
600224,0
600225,0
600226,0
600227,0
600228,0
600229,0
600230,0
600231,0
600232,0
600233,0
600234,0
600235,18
600236,0
600237,0
600238,0
600239,0
600240,0
600241,0
600242,0
600243,0
600244,0
600245,0
600246,0
600247,0
600248,0
600249,24
600250,50
600251,40
600252,0
600253,0
600254,0
600255,0
600256,0
600257,44
600258,0
600259,0
600260,0
600261,0
600262,0
600263,0
600264,0
600265,0
600266,0
600267,0
600268,0
600269,0
600270,0
600271,0
600272,0
600273,0
600274,0
600275,22
600276,48
600277,0
600278,0
600279,0
600280,0
600281,0
600282,0
600283,0
600284,0
600285,0
600286,0
600287,0
600288,0
600289,0
600290,0
600291,0
600292,0
600293,0
600294,0
600295,0
600296,0
600297,0
600298,0
600299,0
600300,38
600301,0
600302,0
600303,0
600304,0
600305,0
600306,0
600307,0
600308,0
600309,0
600310,0
600311,0
600312,0
600313,0
600314,0
600315,0
600316,0
600317,0
600318,0
600319,0
600320,0
600321,0
600322,0
600323,0
600324,0
600325,36
600326,0
600327,0
600328,0
600329,0
600330,0
600331,0
600332,0
600333,0
600334,0
600335,28
600336,0
600337,0
600338,0
600339,30
600340,0
600341,0
600342,38
600343,0
600344,0
600345,0
600346,0
600347,0
600348,0
600349,0
600350,0
600351,0
600352,0
600353,0
600354,0
600355,0
600356,0
600357,0
600358,0
600359,0
600360,0
600361,0
600362,0
600363,0
600364,0
600365,0
600366,0
600367,0
600368,0
600369,0
600370,0
600371,0
600372,0
600373,0
600374,0
600375,0
600376,0
600377,0
600378,0
600379,0
600380,0
600381,0
600382,0
600383,0
600384,0
600385,0
600386,54
600387,0
600388,0
600389,0
600390,0
600391,0
600392,32
600393,0
600394,0
600395,0
600396,0
600397,0
600398,0
600399,0
600400,9
600401,0
600402,0
600403,0
600404,10
600405,0
600406,0
600407,0
600408,0
600409,0
600410,0
600411,19
600412,0
600413,34
600414,0
600415,0
600416,26
600417,0
600418,0
600419,0
600420,0
600421,0
600422,0
600423,0
600424,0
600425,49
600426,0
600427,0
600428,0
600429,0
600430,0
600431,0
600432,0
600433,0
600434,0
600435,0
600436,0
600437,0
600438,0
600439,0
600440,18
600441,0
600442,0
600443,0
600444,0
600445,0
600446,0
600447,0
600448,0
600449,0
600450,0
600451,0
600452,0
600453,0
600454,0
600455,0
600456,0
600457,0
600458,0
600459,0
600460,0
600461,0
600462,8
600463,0
600464,0
600465,0
600466,0
600467,0
600468,0
600469,0
600470,0
600471,0
600472,0
600473,0
600474,0
600475,0
600476,0
600477,0
600478,0
600479,0
600480,0
600481,0
600482,30
600483,0
600484,0
600485,0
600486,38
600487,0
600488,0
600489,0
600490,0
600491,0
600492,0
600493,0
600494,33
600495,0
600496,55
600497,49
600498,0
600499,0
600500,0
600501,0
600502,0
600503,0
600504,0
600505,0
600506,0
600507,0
600508,0
600509,30
600510,26
600511,0
600512,0
600513,0
600514,0
600515,0
600516,0
600517,0
600518,0
600519,0
600520,19
600521,0
600522,0
600523,0
600524,0
600525,60
600526,0
600527,0
600528,32
600529,0
600530,10
600531,0
600532,51
600533,0
600534,0
600535,0
600536,0
600537,0
600538,0
600539,0
600540,0
600541,0
600542,0
600543,0
600544,41
600545,0
600546,0
600547,0
600548,0
600549,0
600550,0
600551,53
600552,0
600553,0
600554,0
600555,0
600556,0
600557,0
600558,0
600559,0
600560,0
600561,0
600562,0
600563,0
600564,0
600565,0
600566,0
600567,0
600568,11
600569,0
600570,0
600571,0
600572,0
600573,0
600574,0
600575,0
600576,0
600577,0
600578,0
600579,0
600580,0
600581,0
600582,23
600583,0
600584,52
600585,0
600586,0
600587,0
600588,0
600589,0
600590,0
600591,0
600592,49
600593,0
600594,0
600595,0
600596,0
600597,0
600598,0
600599,0
600600,0
600601,0
600602,0
600603,0
600604,0
600605,0
600606,0
600607,0
600608,0
600609,58
600610,43
600611,0
600612,0
600613,0
600614,0
600615,0
600616,0
600617,0
600618,0
600619,0
600620,32
600621,0
600622,0
600623,0
600624,0
600625,0
600626,0
600627,0
600628,0
600629,0
600630,0
600631,25
600632,0
600633,0
600634,0
600635,0
600636,0
600637,0
600638,0
600639,0
600640,0
600641,0
600642,0
600643,0
600644,0
600645,0
600646,0
600647,16
600648,0
600649,0
600650,0
600651,0
600652,0
600653,0
600654,0
600655,52
600656,0
600657,0
600658,0
600659,0
600660,0
600661,0
600662,0
600663,0
600664,0
600665,0
600666,0
600667,0
600668,0
600669,0
600670,0
600671,0
600672,42
600673,0
600674,0
600675,0
600676,0
600677,0
600678,0
600679,0
600680,0
600681,0
600682,0
600683,0
600684,0
600685,0
600686,0
600687,0
600688,0
600689,0
600690,0
600691,0
600692,0
600693,0
600694,0
600695,0
600696,2
600697,0
600698,0
600699,0
600700,3
600701,0
600702,0
600703,0
600704,0
600705,0
600706,0
600707,0
600708,13
600709,0
600710,0
600711,0
600712,0
600713,0
600714,0
600715,0
600716,0
600717,0
600718,5
600719,0
600720,6
600721,0
600722,0
600723,0
600724,0
600725,0
600726,15
600727,0
600728,0
600729,0
600730,7
600731,0
600732,0
600733,0
600734,0
600735,0
600736,0
600737,0
600738,0
600739,0
600740,0
600741,0
600742,6
600743,0
600744,0
600745,0
600746,0
600747,0
600748,0
600749,0
600750,0
600751,4
600752,0
600753,0
600754,10
600755,0
600756,0
600757,9
600758,0
600759,0
600760,0
600761,0
600762,0
600763,14
600764,0
600765,0
600766,0
600767,0
600768,0
600769,5
600770,0
600771,0
600772,0
600773,0
600774,0
600775,0
600776,0
600777,0
600778,0
600779,0
600780,0
600781,0
600782,0
600783,0
600784,0
600785,0
600786,0
600787,0
600788,0
600789,0
600790,0
600791,5
600792,0
600793,0
600794,0
600795,0
600796,0
600797,0
600798,0
600799,0
600800,0
600801,0
600802,0
600803,0
600804,0
600805,0
600806,0
600807,0
600808,0
600809,0
600810,0
600811,0
600812,0
600813,0
600814,0
600815,0
600816,0
600817,0
600818,0
600819,0
600820,0
600821,0
600822,10
600823,0
600824,0
600825,7
600826,0
600827,0
600828,0
600829,0
600830,0
600831,0
600832,0
600833,0
600834,13
600835,0
600836,0
600837,0
600838,0
600839,0
600840,0
600841,0
600842,0
600843,0
600844,0
600845,3
600846,0
600847,0
600848,0
600849,0
600850,0
600851,0
600852,0
600853,0
600854,0
600855,0
600856,7
600857,0
600858,0
600859,0
600860,0
600861,0
600862,0
600863,0
600864,0
600865,8
600866,0
600867,0
600868,0
600869,0
600870,0
600871,0
600872,0
600873,0
600874,0
600875,7
600876,20
600877,0
600878,0
600879,0
600880,0
600881,0
600882,0
600883,0
600884,0
600885,0
600886,0
600887,6
600888,0
600889,0
600890,0
600891,0
600892,9
600893,0
600894,6
600895,0
600896,0
600897,10
600898,0
600899,8
600900,0
600901,7
600902,0
600903,6
600904,0
600905,0
600906,0
600907,0
600908,0
600909,0
600910,0
600911,0
600912,0
600913,0
600914,4
600915,0
600916,0
600917,0
600918,0
600919,0
600920,9
600921,0
600922,0
600923,0
600924,0
600925,0
600926,0
600927,0
600928,0
600929,0
600930,0
600931,0
600932,0
600933,0
600934,0
600935,0
600936,0
600937,0
600938,0
600939,0
600940,0
600941,0
600942,0
600943,0
600944,0
600945,0
600946,0
600947,0
600948,7
600949,0
600950,0
600951,0
600952,0
600953,0
600954,0
600955,11
600956,2
600957,0
600958,16
600959,0
600960,3
600961,0
600962,0
600963,0
600964,0
600965,0
600966,0
600967,0
600968,0
600969,0
600970,0
600971,0
600972,0
600973,0
600974,4
600975,0
600976,0
600977,0
600978,0
600979,0
600980,0
600981,5
600982,0
600983,10
600984,13
600985,0
600986,0
600987,0
600988,0
600989,0
600990,9
600991,0
600992,0
600993,0
600994,0
600995,7
600996,0
600997,0
600998,0
600999,0
601000,0
601001,18
601002,0
601003,0
601004,0
601005,0
601006,0
601007,0
601008,0
601009,0
601010,0
601011,0
601012,0
601013,0
601014,0
601015,0
601016,0
601017,11
601018,0
601019,0
601020,0
601021,0
601022,0
601023,0
601024,0
601025,0
601026,0
601027,0
601028,0
601029,0
601030,0
601031,0
601032,0
601033,0
601034,0
601035,2
601036,0
601037,0
601038,0
601039,11
601040,0
601041,0
601042,7
601043,0
601044,0
601045,0
601046,0
601047,0
601048,0
601049,9
601050,0
601051,10
601052,10
601053,12
601054,0
601055,0
601056,0
601057,0
601058,0
601059,0
601060,3
601061,0
601062,0
601063,4
601064,0
601065,0
601066,0
601067,0
601068,10
601069,0
601070,0
601071,0
601072,0
601073,0
601074,0
601075,0
601076,0
601077,0
601078,0
601079,0
601080,0
601081,10
601082,0
601083,8
601084,0
601085,0
601086,0
601087,0
601088,8
601089,0
601090,0
601091,0
601092,0
601093,0
601094,0
601095,0
601096,0
601097,0
601098,0
601099,0
601100,0
601101,0
601102,0
601103,0
601104,0
601105,0
601106,0
601107,0
601108,0
601109,0
601110,0
601111,0
601112,0
601113,0
601114,0
601115,0
601116,0
601117,0
601118,0
601119,6
601120,0
601121,0
601122,0
601123,0
601124,0
601125,0
601126,12
601127,0
601128,0
601129,0
601130,0
601131,0
601132,7
601133,0
601134,0
601135,0
601136,0
601137,0
601138,0
601139,0
601140,0
601141,0
601142,0
601143,0
601144,9
601145,0
601146,0
601147,0
601148,0
601149,0
601150,0
601151,0
601152,0
601153,13
601154,15
601155,0
601156,0
601157,0
601158,0
601159,0
601160,0
601161,0
601162,0
601163,0
601164,0
601165,0
601166,0
601167,13
601168,0
601169,0
601170,0
601171,10
601172,9
601173,0
601174,0
601175,0
601176,0
601177,0
601178,13
601179,0
601180,0
601181,0
601182,0
601183,0
601184,0
601185,0
601186,0
601187,0
601188,0
601189,0
601190,0
601191,0
601192,0
601193,0
601194,10
601195,0
601196,0
601197,15
601198,0
601199,0
601200,0
601201,0
601202,11
601203,13
601204,0
601205,0
601206,0
601207,0
601208,15
601209,10
601210,9
601211,0
601212,0
601213,12
601214,0
601215,7
601216,0
601217,0
601218,29
601219,0
601220,0
601221,0
601222,0
601223,14
601224,0
601225,0
601226,0
601227,16
601228,0
601229,10
601230,0
601231,16
601232,0
601233,0
601234,7
601235,0
601236,0
601237,18
601238,9
601239,0
601240,0
601241,15
601242,10
601243,0
601244,0
601245,10
601246,0
601247,13
601248,0
601249,0
601250,7
601251,0
601252,0
601253,0
601254,0
601255,0
601256,0
601257,16
601258,0
601259,19
601260,0
601261,0
601262,0
601263,0
601264,0
601265,0
601266,0
601267,0
601268,0
601269,0
601270,0
601271,0
601272,0
601273,0
601274,18
601275,0
601276,7
601277,0
601278,0
601279,0
601280,0
601281,15
601282,0
601283,0
601284,22
601285,0
601286,0
601287,0
601288,0
601289,19
601290,0
601291,0
601292,0
601293,0
601294,0
601295,13
601296,0
601297,0
601298,0
601299,0
601300,0
601301,0
601302,7
601303,16
601304,7
601305,0
601306,0
601307,0
601308,0
601309,0
601310,10
601311,0
601312,0
601313,0
601314,0
601315,0
601316,0
601317,0
601318,0
601319,0
601320,0
601321,0
601322,0
601323,0
601324,12
601325,0
601326,0
601327,0
601328,0
601329,0
601330,0
601331,0
601332,0
601333,0
601334,0
601335,0
601336,0
601337,28
601338,15
601339,0
601340,16
601341,0
601342,0
601343,0
601344,0
601345,0
601346,0
601347,19
601348,9
601349,0
601350,0
601351,0
601352,0
601353,0
601354,0
601355,0
601356,10
601357,0
601358,0
601359,11
601360,0
601361,0
601362,0
601363,0
601364,0
601365,12
601366,0
601367,0
601368,9
601369,0
601370,0
601371,0
601372,0
601373,0
601374,0
601375,0
601376,0
601377,0
601378,12
601379,0
601380,0
601381,0
601382,19
601383,0
601384,0
601385,16
601386,0
601387,0
601388,0
601389,0
601390,0
601391,0
601392,0
601393,0
601394,14
601395,0
601396,20
601397,0
601398,0
601399,0
601400,0
601401,0
601402,0
601403,0
601404,0
601405,0
601406,0
601407,10
601408,8
601409,0
601410,0
601411,0
601412,0
601413,0
601414,0
601415,0
601416,0
601417,0
601418,0
601419,0
601420,9
601421,0
601422,0
601423,0
601424,0
601425,0
601426,0
601427,0
601428,0
601429,0
601430,0
601431,0
601432,0
601433,0
601434,0
601435,0
601436,19
601437,0
601438,8
601439,10
601440,0
601441,0
601442,0
601443,0
601444,0
601445,0
601446,0
601447,19
601448,0
601449,13
601450,17
601451,0
601452,32
601453,0
601454,0
601455,14
601456,0
601457,7
601458,0
601459,0
601460,0
601461,31
601462,0
601463,8
601464,0
601465,0
601466,0
601467,10
601468,0
601469,0
601470,13
601471,0
601472,26
601473,14
601474,0
601475,0
601476,0
601477,0
601478,18
601479,0
601480,35
601481,0
601482,13
601483,0
601484,0
601485,0
601486,0
601487,12
601488,20
601489,0
601490,0
601491,0
601492,0
601493,19
601494,0
601495,11
601496,0
601497,0
601498,0
601499,0
601500,0
601501,0
601502,0
601503,24
601504,7
601505,0
601506,0
601507,11
601508,0
601509,0
601510,0
601511,0
601512,0
601513,0
601514,0
601515,0
601516,0
601517,0
601518,0
601519,0
601520,0
601521,0
601522,0
601523,0
601524,0
601525,0
601526,0
601527,13
601528,0
601529,11
601530,0
601531,11
601532,10
601533,11
601534,0
601535,0
601536,0
601537,0
601538,0
601539,0
601540,21
601541,0
601542,0
601543,0
601544,0
601545,0
601546,17
601547,0
601548,0
601549,14
601550,9
601551,0
601552,8
601553,0
601554,0
601555,0
601556,0
601557,0
601558,0
601559,0
601560,0
601561,12
601562,10
601563,0
601564,0
601565,0
601566,5
601567,0
601568,19
601569,0
601570,14
601571,0
601572,0
601573,15
601574,0
601575,0
601576,0
601577,0
601578,0
601579,0
601580,15
601581,16
601582,0
601583,0
601584,17
601585,0
601586,11
601587,0
601588,16
601589,0
601590,0
601591,0
601592,0
601593,0
601594,0
601595,0
601596,0
601597,0
601598,0
601599,0
601600,0
601601,13
601602,20
601603,0
601604,10
601605,0
601606,0
601607,9
601608,0
601609,0
601610,16
601611,0
601612,0
601613,0
601614,20
601615,0
601616,16
601617,0
601618,0
601619,0
601620,13
601621,12
601622,0
601623,8
601624,0
601625,0
601626,0
601627,0
601628,19
601629,0
601630,21
601631,0
601632,0
601633,0
601634,0
601635,0
601636,0
601637,0
601638,11
601639,4
601640,0
601641,0
601642,13
601643,0
601644,13
601645,0
601646,15
601647,0
601648,0
601649,15
601650,0
601651,0
601652,0
601653,0
601654,0
601655,0
601656,0
601657,0
601658,0
601659,9
601660,0
601661,0
601662,0
601663,0
601664,0
601665,0
601666,0
601667,0
601668,0
601669,0
601670,0
601671,0
601672,15
601673,17
601674,0
601675,0
601676,0
601677,10
601678,0
601679,0
601680,0
601681,0
601682,14
601683,0
601684,7
601685,0
601686,0
601687,0
601688,0
601689,0
601690,0
601691,0
601692,0
601693,0
601694,0
601695,0
601696,0
601697,9
601698,18
601699,0
601700,16
601701,15
601702,0
601703,0
601704,0
601705,0
601706,17
601707,9
601708,0
601709,0
601710,16
601711,7
601712,0
601713,13
601714,0
601715,0
601716,0
601717,0
601718,0
601719,0
601720,21
601721,0
601722,0
601723,0
601724,0
601725,0
601726,14
601727,8
601728,0
601729,0
601730,0
601731,0
601732,15
601733,0
601734,0
601735,0
601736,0
601737,0
601738,13
601739,0
601740,18
601741,0
601742,10
601743,0
601744,25
601745,0
601746,0
601747,0
601748,0
601749,13
601750,14
601751,14
601752,0
601753,0
601754,25
601755,9
601756,0
601757,0
601758,18
601759,0
601760,0
601761,23
601762,0
601763,0
601764,0
601765,0
601766,0
601767,0
601768,0
601769,0
601770,0
601771,0
601772,5
601773,14
601774,0
601775,0
601776,11
601777,0
601778,0
601779,0
601780,0
601781,14
601782,0
601783,0
601784,0
601785,0
601786,0
601787,0
601788,0
601789,0
601790,0
601791,10
601792,0
601793,0
601794,0
601795,0
601796,0
601797,17
601798,0
601799,6
601800,15
601801,0
601802,0
601803,0
601804,0
601805,10
601806,9
601807,0
601808,0
601809,0
601810,0
601811,0
601812,0
601813,0
601814,0
601815,0
601816,0
601817,13
601818,13
601819,11
601820,11
601821,0
601822,0
601823,0
601824,0
601825,13
601826,0
601827,8
601828,0
601829,0
601830,0
601831,0
601832,0
601833,0
601834,0
601835,13
601836,0
601837,0
601838,13
601839,0
601840,9
601841,0
601842,16
601843,0
601844,21
601845,16
601846,19
601847,0
601848,0
601849,0
601850,0
601851,0
601852,10
601853,0
601854,0
601855,17
601856,0
601857,0
601858,0
601859,14
601860,0
601861,0
601862,18
601863,9
601864,0
601865,0
601866,0
601867,0
601868,0
601869,0
601870,0
601871,0
601872,0
601873,0
601874,0
601875,0
601876,13
601877,0
601878,0
601879,0
601880,11
601881,0
601882,24
601883,0
601884,0
601885,0
601886,0
601887,0
601888,0
601889,24
601890,0
601891,0
601892,0
601893,20
601894,0
601895,0
601896,0
601897,0
601898,9
601899,20
601900,0
601901,0
601902,9
601903,0
601904,0
601905,21
601906,0
601907,0
601908,0
601909,0
601910,0
601911,0
601912,0
601913,0
601914,0
601915,0
601916,0
601917,0
601918,0
601919,25
601920,0
601921,0
601922,0
601923,0
601924,0
601925,0
601926,37
601927,0
601928,0
601929,31
601930,0
601931,0
601932,0
601933,0
601934,0
601935,0
601936,0
601937,0
601938,0
601939,0
601940,0
601941,0
601942,24
601943,0
601944,0
601945,0
601946,0
601947,19
601948,0
601949,31
601950,0
601951,0
601952,25
601953,0
601954,0
601955,0
601956,0
601957,0
601958,0
601959,0
601960,0
601961,0
601962,0
601963,0
601964,0
601965,0
601966,0
601967,25
601968,0
601969,0
601970,0
601971,0
601972,0
601973,0
601974,0
601975,0
601976,0
601977,0
601978,0
601979,0
601980,0
601981,0
601982,23
601983,0
601984,0
601985,0
601986,0
601987,0
601988,0
601989,0
601990,0
601991,0
601992,0
601993,0
601994,0
601995,0
601996,0
601997,0
601998,0
601999,0
602000,0
602001,0
602002,0
602003,0
602004,0
602005,0
602006,0
602007,0
602008,0
602009,0
602010,0
602011,0
602012,0
602013,0
602014,0
602015,32
602016,0
602017,0
602018,0
602019,0
602020,0
602021,0
602022,0
602023,0
602024,0
602025,0
602026,0
602027,0
602028,19
602029,0
602030,0
602031,0
602032,0
602033,0
602034,0
602035,22
602036,0
602037,0
602038,0
602039,0
602040,0
602041,0
602042,24
602043,0
602044,0
602045,0
602046,0
602047,0
602048,0
602049,0
602050,0
602051,0
602052,0
602053,0
602054,0
602055,0
602056,0
602057,0
602058,0
602059,0
602060,0
602061,0
602062,0
602063,0
602064,0
602065,0
602066,18
602067,0
602068,0
602069,0
602070,0
602071,0
602072,0
602073,0
602074,0
602075,0
602076,0
602077,0
602078,0
602079,0
602080,0
602081,0
602082,0
602083,0
602084,0
602085,0
602086,0
602087,0
602088,0
602089,0
602090,0
602091,0
602092,0
602093,0
602094,20
602095,25
602096,0
602097,0
602098,0
602099,0
602100,0
602101,0
602102,0
602103,0
602104,0
602105,0
602106,0
602107,0
602108,0
602109,0
602110,15
602111,0
602112,0
602113,0
602114,0
602115,0
602116,0
602117,0
602118,0
602119,0
602120,0
602121,0
602122,0
602123,0
602124,19
602125,15
602126,0
602127,22
602128,0
602129,0
602130,19
602131,0
602132,0
602133,22
602134,22
602135,0
602136,0
602137,0
602138,0
602139,14
602140,0
602141,0
602142,0
602143,0
602144,0
602145,0
602146,0
602147,0
602148,20
602149,0
602150,0
602151,0
602152,0
602153,23
602154,0
602155,0
602156,0
602157,0
602158,0
602159,0
602160,0
602161,0
602162,0
602163,0
602164,0
602165,31
602166,0
602167,0
602168,0
602169,0
602170,0
602171,0
602172,0
602173,21
602174,0
602175,0
602176,0
602177,0
602178,0
602179,0
602180,0
602181,0
602182,23
602183,0
602184,0
602185,16
602186,24
602187,0
602188,0
602189,0
602190,0
602191,0
602192,0
602193,0
602194,0
602195,0
602196,0
602197,0
602198,24
602199,0
602200,0
602201,0
602202,0
602203,0
602204,0
602205,0
602206,0
602207,0
602208,0
602209,0
602210,0
602211,0
602212,0
602213,0
602214,0
602215,0
602216,14
602217,0
602218,0
602219,0
602220,0
602221,0
602222,0
602223,0
602224,0
602225,0
602226,0
602227,0
602228,0
602229,0
602230,0
602231,0
602232,0
602233,0
602234,0
602235,0
602236,0
602237,0
602238,0
602239,0
602240,25
602241,0
602242,0
602243,0
602244,0
602245,0
602246,0
602247,0
602248,0
602249,0
602250,0
602251,19
602252,0
602253,0
602254,0
602255,0
602256,0
602257,0
602258,0
602259,0
602260,0
602261,0
602262,0
602263,0
602264,0
602265,24
602266,0
602267,13
602268,0
602269,0
602270,0
602271,0
602272,0
602273,0
602274,0
602275,0
602276,0
602277,0
602278,20
602279,26
602280,0
602281,0
602282,15
602283,0
602284,0
602285,0
602286,0
602287,0
602288,0
602289,0
602290,0
602291,27
602292,0
602293,0
602294,0
602295,0
602296,0
602297,0
602298,0
602299,0
602300,0
602301,19
602302,0
602303,0
602304,0
602305,0
602306,0
602307,0
602308,0
602309,0
602310,0
602311,0
602312,21
602313,0
602314,0
602315,0
602316,0
602317,0
602318,0
602319,0
602320,0
602321,0
602322,0
602323,25
602324,0
602325,0
602326,25
602327,27
602328,0
602329,0
602330,15
602331,0
602332,0
602333,0
602334,0
602335,0
602336,22
602337,0
602338,0
602339,0
602340,0
602341,0
602342,0
602343,0
602344,0
602345,0
602346,0
602347,0
602348,0
602349,0
602350,0
602351,0
602352,0
602353,0
602354,0
602355,26
602356,0
602357,0
602358,0
602359,0
602360,0
602361,0
602362,0
602363,0
602364,21
602365,0
602366,0
602367,0
602368,0
602369,0
602370,21
602371,0
602372,0
602373,0
602374,0
602375,0
602376,0
602377,0
602378,0
602379,0
602380,0
602381,0
602382,0
602383,0
602384,0
602385,0
602386,0
602387,0
602388,0
602389,0
602390,0
602391,0
602392,0
602393,0
602394,0
602395,13
602396,0
602397,0
602398,0
602399,0
602400,0
602401,0
602402,0
602403,22
602404,0
602405,0
602406,0
602407,0
602408,0
602409,0
602410,0
602411,0
602412,14
602413,0
602414,0
602415,0
602416,0
602417,0
602418,0
602419,0
602420,29
602421,0
602422,0
602423,0
602424,0
602425,0
602426,0
602427,0
602428,0
602429,14
602430,0
602431,0
602432,0
602433,0
602434,0
602435,0
602436,0
602437,0
602438,0
602439,0
602440,0
602441,0
602442,0
602443,0
602444,0
602445,0
602446,0
602447,0
602448,0
602449,0
602450,0
602451,0
602452,0
602453,0
602454,0
602455,0
602456,0
602457,24
602458,0
602459,0
602460,0
602461,24
602462,0
602463,0
602464,0
602465,0
602466,0
602467,0
602468,0
602469,0
602470,0
602471,0
602472,0
602473,0
602474,0
602475,7
602476,0
602477,0
602478,0
602479,0
602480,0
602481,0
602482,0
602483,0
602484,0
602485,0
602486,0
602487,0
602488,14
602489,0
602490,22
602491,0
602492,0
602493,0
602494,0
602495,0
602496,0
602497,0
602498,0
602499,0
602500,17
602501,27
602502,0
602503,0
602504,27
602505,0
602506,0
602507,0
602508,0
602509,0
602510,22
602511,0
602512,0
602513,0
602514,0
602515,0
602516,0
602517,0
602518,23
602519,0
602520,0
602521,0
602522,0
602523,0
602524,0
602525,0
602526,0
602527,0
602528,0
602529,0
602530,15
602531,0
602532,0
602533,0
602534,0
602535,7
602536,0
602537,0
602538,12
602539,0
602540,0
602541,0
602542,0
602543,0
602544,0
602545,0
602546,0
602547,0
602548,0
602549,0
602550,0
602551,0
602552,0
602553,0
602554,0
602555,0
602556,0
602557,0
602558,0
602559,0
602560,0
602561,0
602562,0
602563,0
602564,0
602565,0
602566,0
602567,0
602568,0
602569,0
602570,0
602571,0
602572,0
602573,0
602574,10
602575,0
602576,0
602577,0
602578,0
602579,12
602580,0
602581,0
602582,0
602583,0
602584,0
602585,0
602586,0
602587,0
602588,0
602589,0
602590,0
602591,0
602592,0
602593,0
602594,0
602595,0
602596,0
602597,0
602598,0
602599,0
602600,0
602601,0
602602,0
602603,0
602604,0
602605,0
602606,0
602607,0
602608,0
602609,0
602610,0
602611,0
602612,0
602613,28
602614,0
602615,0
602616,0
602617,0
602618,0
602619,0
602620,0
602621,0
602622,0
602623,0
602624,0
602625,0
602626,0
602627,0
602628,0
602629,0
602630,0
602631,0
602632,0
602633,0
602634,0
602635,0
602636,0
602637,0
602638,0
602639,0
602640,14
602641,0
602642,0
602643,0
602644,0
602645,15
602646,0
602647,14
602648,0
602649,0
602650,0
602651,0
602652,0
602653,0
602654,0
602655,0
602656,12
602657,21
602658,0
602659,0
602660,0
602661,0
602662,0
602663,0
602664,0
602665,0
602666,0
602667,4
602668,0
602669,0
602670,0
602671,0
602672,0
602673,0
602674,0
602675,0
602676,0
602677,0
602678,0
602679,20
602680,0
602681,0
602682,0
602683,0
602684,0
602685,0
602686,10
602687,0
602688,0
602689,0
602690,0
602691,0
602692,0
602693,0
602694,0
602695,31
602696,0
602697,0
602698,0
602699,0
602700,0
602701,0
602702,14
602703,0
602704,0
602705,0
602706,0
602707,23
602708,0
602709,0
602710,0
602711,0
602712,0
602713,0
602714,0
602715,0
602716,9
602717,0
602718,0
602719,0
602720,0
602721,0
602722,0
602723,0
602724,0
602725,0
602726,0
602727,0
602728,0
602729,15
602730,0
602731,0
602732,0
602733,0
602734,0
602735,0
602736,0
602737,0
602738,0
602739,0
602740,0
602741,0
602742,13
602743,0
602744,0
602745,0
602746,0
602747,0
602748,0
602749,0
602750,0
602751,0
602752,0
602753,0
602754,0
602755,0
602756,0
602757,0
602758,0
602759,0
602760,0
602761,0
602762,0
602763,0
602764,0
602765,0
602766,0
602767,0
602768,0
602769,8
602770,0
602771,0
602772,0
602773,0
602774,0
602775,0
602776,0
602777,0
602778,0
602779,0
602780,0
602781,0
602782,0
602783,0
602784,0
602785,0
602786,0
602787,0
602788,0
602789,7
602790,0
602791,0
602792,0
602793,0
602794,0
602795,0
602796,12
602797,0
602798,0
602799,0
602800,0
602801,0
602802,0
602803,0
602804,0
602805,0
602806,0
602807,0
602808,0
602809,0
602810,0
602811,0
602812,0
602813,17
602814,0
602815,0
602816,0
602817,0
602818,0
602819,0
602820,0
602821,0
602822,0
602823,0
602824,0
602825,0
602826,0
602827,0
602828,0
602829,0
602830,0
602831,0
602832,20
602833,0
602834,0
602835,0
602836,0
602837,0
602838,0
602839,15
602840,0
602841,0
602842,8
602843,0
602844,0
602845,0
602846,0
602847,0
602848,0
602849,0
602850,0
602851,0
602852,0
602853,0
602854,0
602855,0
602856,0
602857,0
602858,0
602859,0
602860,0
602861,0
602862,0
602863,0
602864,0
602865,20
602866,0
602867,0
602868,0
602869,0
602870,0
602871,0
602872,0
602873,0
602874,0
602875,0
602876,0
602877,0
602878,0
602879,24
602880,0
602881,0
602882,0
602883,11
602884,0
602885,0
602886,0
602887,0
602888,0
602889,0
602890,0
602891,0
602892,0
602893,0
602894,0
602895,0
602896,0
602897,0
602898,0
602899,0
602900,0
602901,0
602902,0
602903,0
602904,0
602905,0
602906,0
602907,0
602908,22
602909,0
602910,26
602911,0
602912,0
602913,0
602914,0
602915,0
602916,0
602917,0
602918,0
602919,0
602920,19
602921,0
602922,0
602923,13
602924,0
602925,13
602926,0
602927,12
602928,0
602929,23
602930,0
602931,0
602932,0
602933,0
602934,23
602935,0
602936,0
602937,0
602938,7
602939,0
602940,0
602941,0
602942,0
602943,0
602944,0
602945,0
602946,0
602947,20
602948,0
602949,0
602950,5
602951,0
602952,0
602953,0
602954,0
602955,22
602956,0
602957,9
602958,0
602959,0
602960,0
602961,0
602962,0
602963,0
602964,0
602965,11
602966,0
602967,0
602968,0
602969,0
602970,15
602971,0
602972,27
602973,0
602974,18
602975,0
602976,0
602977,0
602978,17
602979,11
602980,0
602981,0
602982,0
602983,0
602984,0
602985,0
602986,0
602987,0
602988,0
602989,0
602990,0
602991,0
602992,0
602993,0
602994,0
602995,0
602996,0
602997,0
602998,0
602999,0
603000,0
603001,0
603002,0
603003,0
603004,0
603005,7
603006,0
603007,0
603008,24
603009,0
603010,0
603011,0
603012,0
603013,0
603014,0
603015,9
603016,0
603017,0
603018,0
603019,0
603020,0
603021,0
603022,0
603023,0
603024,0
603025,0
603026,0
603027,0
603028,0
603029,0
603030,0
603031,17
603032,0
603033,0
603034,0
603035,0
603036,0
603037,0
603038,0
603039,0
603040,0
603041,0
603042,0
603043,0
603044,0
603045,0
603046,0
603047,0
603048,0
603049,0
603050,0
603051,0
603052,14
603053,18
603054,10
603055,12
603056,0
603057,14
603058,0
603059,0
603060,0
603061,0
603062,12
603063,14
603064,0
603065,0
603066,0
603067,0
603068,17
603069,0
603070,0
603071,0
603072,15
603073,0
603074,6
603075,0
603076,0
603077,0
603078,0
603079,0
603080,0
603081,11
603082,14
603083,15
603084,0
603085,0
603086,0
603087,12
603088,0
603089,0
603090,0
603091,0
603092,0
603093,0
603094,23
603095,0
603096,0
603097,0
603098,18
603099,0
603100,19
603101,21
603102,0
603103,0
603104,0
603105,0
603106,0
603107,16
603108,12
603109,11
603110,0
603111,0
603112,0
603113,0
603114,0
603115,0
603116,0
603117,0
603118,0
603119,0
603120,0
603121,0
603122,0
603123,0
603124,6
603125,0
603126,0
603127,14
603128,22
603129,0
603130,0
603131,0
603132,0
603133,0
603134,0
603135,0
603136,0
603137,0
603138,0
603139,0
603140,0
603141,0
603142,0
603143,0
603144,0
603145,0
603146,22
603147,0
603148,0
603149,0
603150,0
603151,0
603152,0
603153,0
603154,0
603155,0
603156,0
603157,0
603158,0
603159,0
603160,0
603161,0
603162,0
603163,0
603164,0
603165,0
603166,0
603167,0
603168,0
603169,0
603170,10
603171,4
603172,11
603173,0
603174,0
603175,0
603176,0
603177,14
603178,0
603179,0
603180,0
603181,15
603182,0
603183,0
603184,8
603185,17
603186,12
603187,0
603188,0
603189,0
603190,0
603191,0
603192,0
603193,0
603194,0
603195,0
603196,0
603197,0
603198,20
603199,12
603200,14
603201,0
603202,0
603203,0
603204,0
603205,0
603206,9
603207,21
603208,13
603209,0
603210,0
603211,0
603212,0
603213,0
603214,0
603215,0
603216,0
603217,9
603218,0
603219,0
603220,0
603221,0
603222,0
603223,20
603224,12
603225,0
603226,13
603227,0
603228,0
603229,0
603230,0
603231,16
603232,0
603233,14
603234,0
603235,0
603236,0
603237,8
603238,0
603239,14
603240,0
603241,9
603242,0
603243,7
603244,0
603245,11
603246,0
603247,0
603248,0
603249,0
603250,0
603251,0
603252,2
603253,0
603254,0
603255,0
603256,0
603257,0
603258,0
603259,0
603260,0
603261,0
603262,1
603263,0
603264,0
603265,0
603266,0
603267,0
603268,0
603269,2
603270,0
603271,0
603272,0
603273,0
603274,0
603275,0
603276,0
603277,0
603278,0
603279,0
603280,0
603281,0
603282,0
603283,0
603284,0
603285,0
603286,1
603287,0
603288,0
603289,0
603290,0
603291,0
603292,0
603293,0
603294,0
603295,0
603296,0
603297,0
603298,0
603299,0
603300,0
603301,0
603302,0
603303,0
603304,0
603305,0
603306,0
603307,2
603308,0
603309,0
603310,1
603311,0
603312,0
603313,0
603314,0
603315,0
603316,0
603317,0
603318,0
603319,0
603320,1
603321,0
603322,0
603323,0
603324,0
603325,0
603326,1
603327,0
603328,0
603329,0
603330,0
603331,0
603332,0
603333,0
603334,0
603335,0
603336,0
603337,0
603338,0
603339,0
603340,1
603341,0
603342,0
603343,0
603344,0
603345,1
603346,0
603347,0
603348,0
603349,0
603350,0
603351,0
603352,3
603353,0
603354,0
603355,2
603356,1
603357,0
603358,1
603359,0
603360,0
603361,0
603362,0
603363,1
603364,0
603365,0
603366,0
603367,0
603368,0
603369,2
603370,0
603371,0
603372,2
603373,0
603374,0
603375,0
603376,0
603377,0
603378,0
603379,0
603380,0
603381,0
603382,0
603383,0
603384,0
603385,0
603386,0
603387,0
603388,0
603389,0
603390,0
603391,0
603392,0
603393,0
603394,0
603395,2
603396,0
603397,0
603398,0
603399,0
603400,2
603401,0
603402,0
603403,2
603404,0
603405,0
603406,0
603407,0
603408,2
603409,0
603410,0
603411,0
603412,0
603413,0
603414,0
603415,0
603416,0
603417,0
603418,0
603419,0
603420,1
603421,0
603422,0
603423,0
603424,0
603425,0
603426,0
603427,0
603428,0
603429,0
603430,0
603431,0
603432,1
603433,0
603434,0
603435,0
603436,0
603437,2
603438,0
603439,0
603440,0
603441,0
603442,0
603443,0
603444,1
603445,0
603446,1
603447,0
603448,0
603449,0
603450,0
603451,0
603452,0
603453,0
603454,0
603455,0
603456,0
603457,0
603458,0
603459,2
603460,0
603461,0
603462,0
603463,0
603464,0
603465,0
603466,0
603467,0
603468,0
603469,1
603470,0
603471,0
603472,0
603473,0
603474,0
603475,0
603476,0
603477,1
603478,0
603479,0
603480,0
603481,0
603482,0
603483,0
603484,1
603485,0
603486,0
603487,0
603488,0
603489,0
603490,0
603491,0
603492,0
603493,0
603494,0
603495,0
603496,0
603497,0
603498,0
603499,0
603500,0
603501,0
603502,0
603503,0
603504,0
603505,0
603506,0
603507,0
603508,0
603509,0
603510,0
603511,0
603512,0
603513,0
603514,0
603515,0
603516,0
603517,0
603518,0
603519,0
603520,0
603521,0
603522,0
603523,3
603524,0
603525,0
603526,0
603527,0
603528,1
603529,2
603530,0
603531,0
603532,0
603533,2
603534,0
603535,0
603536,0
603537,0
603538,0
603539,0
603540,0
603541,0
603542,0
603543,0
603544,0
603545,0
603546,0
603547,0
603548,0
603549,0
603550,0
603551,0
603552,0
603553,0
603554,0
603555,0
603556,0
603557,0
603558,0
603559,0
603560,0
603561,0
603562,0
603563,0
603564,4
603565,0
603566,0
603567,0
603568,0
603569,0
603570,0
603571,1
603572,0
603573,0
603574,0
603575,0
603576,0
603577,0
603578,0
603579,0
603580,0
603581,0
603582,0
603583,0
603584,0
603585,0
603586,0
603587,0
603588,0
603589,0
603590,0
603591,0
603592,0
603593,0
603594,0
603595,0
603596,0
603597,0
603598,0
603599,0
603600,0
603601,0
603602,0
603603,0
603604,1
603605,0
603606,2
603607,0
603608,0
603609,1
603610,0
603611,0
603612,0
603613,0
603614,1
603615,0
603616,0
603617,1
603618,0
603619,0
603620,0
603621,0
603622,0
603623,0
603624,3
603625,0
603626,0
603627,0
603628,0
603629,0
603630,0
603631,0
603632,0
603633,0
603634,0
603635,0
603636,0
603637,0
603638,0
603639,0
603640,0
603641,0
603642,0
603643,2
603644,0
603645,0
603646,0
603647,0
603648,0
603649,0
603650,1
603651,0
603652,0
603653,0
603654,1
603655,0
603656,0
603657,0
603658,0
603659,0
603660,0
603661,0
603662,0
603663,0
603664,0
603665,0
603666,0
603667,0
603668,0
603669,0
603670,0
603671,0
603672,0
603673,0
603674,0
603675,1
603676,1
603677,0
603678,0
603679,2
603680,0
603681,0
603682,0
603683,0
603684,1
603685,0
603686,0
603687,0
603688,0
603689,1
603690,0
603691,0
603692,0
603693,0
603694,0
603695,0
603696,0
603697,1
603698,0
603699,0
603700,0
603701,0
603702,1
603703,1
603704,2
603705,0
603706,0
603707,0
603708,0
603709,0
603710,0
603711,1
603712,1
603713,0
603714,0
603715,0
603716,0
603717,0
603718,0
603719,0
603720,0
603721,0
603722,0
603723,0
603724,0
603725,0
603726,0
603727,0
603728,0
603729,0
603730,2
603731,0
603732,0
603733,0
603734,0
603735,1
603736,0
603737,0
603738,2
603739,0
603740,0
603741,0
603742,0
603743,0
603744,0
603745,0
603746,0
603747,0
603748,0
603749,0
603750,0
603751,0
603752,0
603753,3
603754,0
603755,0
603756,0
603757,0
603758,0
603759,1
603760,0
603761,0
603762,0
603763,0
603764,0
603765,0
603766,0
603767,0
603768,0
603769,1
603770,0
603771,0
603772,0
603773,0
603774,1
603775,0
603776,1
603777,0
603778,0
603779,0
603780,0
603781,0
603782,0
603783,0
603784,0
603785,0
603786,0
603787,0
603788,1
603789,0
603790,0
603791,0
603792,0
603793,1
603794,0
603795,0
603796,0
603797,0
603798,0
603799,0
603800,0
603801,0
603802,0
603803,0
603804,0
603805,0
603806,0
603807,0
603808,0
603809,1
603810,0
603811,0
603812,0
603813,0
603814,0
603815,0
603816,1
603817,2
603818,0
603819,0
603820,0
603821,0
603822,0
603823,0
603824,0
603825,0
603826,3
603827,2
603828,0
603829,0
603830,0
603831,0
603832,0
603833,0
603834,0
603835,4
603836,0
603837,0
603838,0
603839,1
603840,0
603841,0
603842,0
603843,0
603844,2
603845,0
603846,0
603847,0
603848,0
603849,0
603850,0
603851,0
603852,0
603853,1
603854,0
603855,0
603856,0
603857,0
603858,0
603859,0
603860,0
603861,0
603862,0
603863,0
603864,0
603865,0
603866,0
603867,0
603868,1
603869,0
603870,0
603871,0
603872,0
603873,0
603874,2
603875,0
603876,0
603877,0
603878,0
603879,0
603880,0
603881,0
603882,0
603883,0
603884,0
603885,1
603886,0
603887,1
603888,0
603889,0
603890,0
603891,0
603892,0
603893,2
603894,0
603895,0
603896,0
603897,0
603898,2
603899,0
603900,0
603901,0
603902,2
603903,3
603904,0
603905,0
603906,0
603907,1
603908,0
603909,0
603910,1
603911,0
603912,0
603913,0
603914,0
603915,0
603916,0
603917,0
603918,0
603919,0
603920,0
603921,0
603922,0
603923,0
603924,1
603925,0
603926,0
603927,0
603928,0
603929,0
603930,0
603931,0
603932,0
603933,0
603934,0
603935,0
603936,0
603937,0
603938,0
603939,0
603940,0
603941,0
603942,0
603943,0
603944,0
603945,0
603946,0
603947,0
603948,0
603949,1
603950,0
603951,0
603952,0
603953,0
603954,0
603955,0
603956,0
603957,0
603958,0
603959,0
603960,0
603961,0
603962,0
603963,0
603964,0
603965,0
603966,1
603967,0
603968,0
603969,0
603970,0
603971,0
603972,0
603973,0
603974,0
603975,0
603976,1
603977,0
603978,1
603979,0
603980,0
603981,0
603982,0
603983,0
603984,0
603985,0
603986,0
603987,0
603988,0
603989,0
603990,1
603991,0
603992,0
603993,0
603994,0
603995,1
603996,0
603997,0
603998,0
603999,0
604000,0
604001,0
604002,0
604003,0
604004,0
604005,0
604006,0
604007,0
604008,0
604009,0
604010,1
604011,0
604012,0
604013,0
604014,1
604015,0
604016,0
604017,0
604018,0
604019,0
604020,0
604021,0
604022,0
604023,0
604024,0
604025,0
604026,0
604027,0
604028,0
604029,0
604030,0
604031,0
604032,0
604033,0
604034,0
604035,0
604036,0
604037,0
604038,0
604039,0
604040,0
604041,0
604042,0
604043,0
604044,0
604045,0
604046,1
604047,0
604048,3
604049,0
604050,0
604051,0
604052,0
604053,0
604054,1
604055,0
604056,1
604057,0
604058,0
604059,0
604060,0
604061,0
604062,1
604063,0
604064,3
604065,0
604066,0
604067,1
604068,0
604069,1
604070,0
604071,0
604072,0
604073,3
604074,0
604075,0
604076,0
604077,0
604078,0
604079,0
604080,0
604081,0
604082,0
604083,0
604084,0
604085,0
604086,0
604087,0
604088,0
604089,2
604090,0
604091,0
604092,0
604093,0
604094,0
604095,0
604096,0
604097,0
604098,2
604099,0
604100,0
604101,0
604102,0
604103,0
604104,0
604105,0
604106,0
604107,0
604108,0
604109,0
604110,0
604111,0
604112,0
604113,0
604114,0
604115,0
604116,0
604117,0
604118,0
604119,0
604120,0
604121,0
604122,0
604123,0
604124,0
604125,0
604126,0
604127,0
604128,1
604129,0
604130,0
604131,1
604132,0
604133,0
604134,0
604135,0
604136,0
604137,0
604138,0
604139,0
604140,0
604141,0
604142,0
604143,0
604144,0
604145,0
604146,0
604147,2
604148,0
604149,0
604150,0
604151,0
604152,0
604153,0
604154,0
604155,0
604156,0
604157,0
604158,0
604159,0
604160,0
604161,0
604162,0
604163,0
604164,0
604165,0
604166,0
604167,0
604168,0
604169,0
604170,0
604171,0
604172,1
604173,0
604174,0
604175,0
604176,0
604177,0
604178,0
604179,0
604180,0
604181,0
604182,0
604183,0
604184,0
604185,0
604186,0
604187,0
604188,0
604189,0
604190,0
604191,0
604192,0
604193,1
604194,0
604195,0
604196,2
604197,0
604198,0
604199,0
604200,0
604201,2
604202,0
604203,1
604204,0
604205,0
604206,1
604207,0
604208,0
604209,0
604210,0
604211,2
604212,0
604213,0
604214,0
604215,0
604216,0
604217,0
604218,0
604219,0
604220,0
604221,0
604222,0
604223,0
604224,0
604225,0
604226,0
604227,2
604228,0
604229,0
604230,0
604231,0
604232,0
604233,0
604234,0
604235,1
604236,0
604237,0
604238,0
604239,0
604240,0
604241,0
604242,0
604243,0
604244,0
604245,0
604246,0
604247,0
604248,0
604249,0
604250,0
604251,0
604252,0
604253,0
604254,0
604255,0
604256,0
604257,0
604258,22
604259,0
604260,0
604261,0
604262,0
604263,0
604264,0
604265,0
604266,0
604267,25
604268,0
604269,0
604270,0
604271,0
604272,0
604273,0
604274,0
604275,0
604276,49
604277,47
604278,0
604279,0
604280,0
604281,0
604282,0
604283,0
604284,0
604285,0
604286,0
604287,0
604288,0
604289,37
604290,0
604291,0
604292,0
604293,0
604294,0
604295,0
604296,71
604297,35
604298,0
604299,0
604300,0
604301,0
604302,0
604303,0
604304,0
604305,0
604306,0
604307,0
604308,0
604309,0
604310,0
604311,0
604312,0
604313,0
604314,0
604315,0
604316,0
604317,0
604318,0
604319,0
604320,77
604321,0
604322,0
604323,0
604324,0
604325,0
604326,0
604327,0
604328,0
604329,0
604330,0
604331,0
604332,0
604333,36
604334,0
604335,0
604336,0
604337,0
604338,0
604339,0
604340,0
604341,0
604342,0
604343,0
604344,0
604345,0
604346,0
604347,0
604348,0
604349,0
604350,0
604351,0
604352,31
604353,46
604354,0
604355,0
604356,0
604357,60
604358,57
604359,0
604360,0
604361,0
604362,0
604363,0
604364,0
604365,0
604366,0
604367,0
604368,0
604369,24
604370,0
604371,0
604372,0
604373,0
604374,0
604375,0
604376,45
604377,0
604378,0
604379,0
604380,0
604381,0
604382,96
604383,0
604384,80
604385,0
604386,0
604387,0
604388,0
604389,0
604390,38
604391,0
604392,0
604393,0
604394,0
604395,14
604396,0
604397,0
604398,0
604399,0
604400,43
604401,0
604402,0
604403,0
604404,0
604405,0
604406,0
604407,0
604408,0
604409,0
604410,0
604411,0
604412,0
604413,0
604414,0
604415,0
604416,0
604417,0
604418,42
604419,0
604420,0
604421,0
604422,19
604423,0
604424,0
604425,0
604426,0
604427,0
604428,0
604429,0
604430,0
604431,0
604432,0
604433,0
604434,0
604435,0
604436,0
604437,0
604438,0
604439,0
604440,0
604441,0
604442,0
604443,0
604444,0
604445,0
604446,0
604447,43
604448,0
604449,0
604450,0
604451,0
604452,0
604453,0
604454,0
604455,0
604456,0
604457,0
604458,0
604459,0
604460,0
604461,0
604462,0
604463,0
604464,0
604465,0
604466,0
604467,0
604468,0
604469,0
604470,0
604471,0
604472,0
604473,0
604474,0
604475,0
604476,0
604477,0
604478,0
604479,73
604480,0
604481,0
604482,0
604483,32
604484,0
604485,0
604486,0
604487,0
604488,0
604489,0
604490,0
604491,0
604492,0
604493,0
604494,0
604495,0
604496,0
604497,0
604498,0
604499,0
604500,0
604501,0
604502,0
604503,72
604504,0
604505,0
604506,0
604507,0
604508,0
604509,0
604510,0
604511,0
604512,0
604513,0
604514,0
604515,0
604516,0
604517,0
604518,0
604519,53
604520,0
604521,0
604522,0
604523,0
604524,0
604525,0
604526,0
604527,0
604528,0
604529,0
604530,31
604531,0
604532,0
604533,0
604534,17
604535,0
604536,0
604537,0
604538,0
604539,0
604540,0
604541,70
604542,0
604543,64
604544,0
604545,0
604546,0
604547,0
604548,0
604549,0
604550,0
604551,0
604552,0
604553,0
604554,0
604555,0
604556,10
604557,0
604558,0
604559,0
604560,0
604561,0
604562,0
604563,0
604564,0
604565,0
604566,0
604567,0
604568,41
604569,77
604570,0
604571,0
604572,0
604573,0
604574,0
604575,0
604576,0
604577,0
604578,39
604579,15
604580,0
604581,0
604582,0
604583,0
604584,0
604585,0
604586,0
604587,0
604588,0
604589,0
604590,0
604591,0
604592,0
604593,0
604594,0
604595,33
604596,0
604597,0
604598,0
604599,0
604600,0
604601,0
604602,0
604603,0
604604,39
604605,0
604606,0
604607,34
604608,0
604609,0
604610,0
604611,0
604612,0
604613,0
604614,0
604615,0
604616,0
604617,0
604618,0
604619,0
604620,2
604621,0
604622,2
604623,0
604624,0
604625,0
604626,0
604627,0
604628,0
604629,0
604630,4
604631,0
604632,0
604633,0
604634,0
604635,0
604636,0
604637,4
604638,0
604639,0
604640,3
604641,0
604642,4
604643,0
604644,0
604645,0
604646,0
604647,0
604648,0
604649,0
604650,0
604651,3
604652,0
604653,0
604654,0
604655,0
604656,0
604657,0
604658,0
604659,0
604660,0
604661,1
604662,0
604663,0
604664,0
604665,0
604666,0
604667,0
604668,0
604669,3
604670,0
604671,1
604672,0
604673,0
604674,0
604675,0
604676,3
604677,0
604678,0
604679,4
604680,0
604681,0
604682,4
604683,0
604684,0
604685,0
604686,0
604687,4
604688,4
604689,0
604690,0
604691,0
604692,0
604693,0
604694,0
604695,0
604696,0
604697,1
604698,0
604699,0
604700,2
604701,0
604702,0
604703,0
604704,0
604705,0
604706,4
604707,0
604708,6
604709,0
604710,0
604711,0
604712,0
604713,0
604714,3
604715,0
604716,4
604717,0
604718,0
604719,0
604720,0
604721,0
604722,0
604723,0
604724,0
604725,0
604726,0
604727,1
604728,0
604729,2
604730,11
604731,0
604732,0
604733,0
604734,2
604735,0
604736,0
604737,0
604738,0
604739,0
604740,0
604741,0
604742,0
604743,0
604744,0
604745,0
604746,2
604747,0
604748,2
604749,3
604750,0
604751,0
604752,0
604753,1
604754,0
604755,0
604756,3
604757,5
604758,0
604759,0
604760,0
604761,5
604762,0
604763,0
604764,0
604765,8
604766,0
604767,0
604768,0
604769,2
604770,0
604771,9
604772,0
604773,0
604774,2
604775,0
604776,1
604777,6
604778,0
604779,0
604780,0
604781,0
604782,3
604783,0
604784,0
604785,0
604786,2
604787,0
604788,0
604789,0
604790,0
604791,4
604792,0
604793,0
604794,0
604795,0
604796,0
604797,0
604798,6
604799,0
604800,0
604801,2
604802,0
604803,0
604804,5
604805,0
604806,0
604807,0
604808,0
604809,0
604810,0
604811,0
604812,0
604813,0
604814,0
604815,0
604816,2
604817,2
604818,2
604819,0
604820,0
604821,0
604822,6
604823,0
604824,0
604825,0
604826,0
604827,0
604828,0
604829,0
604830,0
604831,7
604832,2
604833,0
604834,0
604835,1
604836,0
604837,0
604838,0
604839,0
604840,0
604841,0
604842,0
604843,0
604844,0
604845,0
604846,0
604847,0
604848,0
604849,0
604850,0
604851,0
604852,1
604853,3
604854,0
604855,4
604856,0
604857,0
604858,0
604859,5
604860,0
604861,0
604862,0
604863,0
604864,0
604865,0
604866,0
604867,0
604868,5
604869,0
604870,0
604871,1
604872,4
604873,2
604874,4
604875,0
604876,0
604877,0
604878,0
604879,0
604880,4
604881,0
604882,0
604883,0
604884,0
604885,0
604886,0
604887,0
604888,0
604889,0
604890,0
604891,0
604892,0
604893,0
604894,0
604895,0
604896,2
604897,0
604898,0
604899,0
604900,0
604901,0
604902,0
604903,0
604904,0
604905,0
604906,2
604907,0
604908,2
604909,0
604910,0
604911,0
604912,7
604913,0
604914,4
604915,0
604916,0
604917,0
604918,0
604919,0
604920,0
604921,0
604922,1
604923,0
604924,0
604925,0
604926,5
604927,0
604928,0
604929,0
604930,0
604931,0
604932,0
604933,0
604934,2
604935,0
604936,0
604937,4
604938,8
604939,0
604940,0
604941,5
604942,0
604943,0
604944,0
604945,2
604946,0
604947,0
604948,0
604949,0
604950,0
604951,0
604952,0
604953,0
604954,2
604955,0
604956,0
604957,1
604958,0
604959,0
604960,0
604961,0
604962,0
604963,0
604964,3
604965,0
604966,0
604967,0
604968,0
604969,0
604970,5
604971,0
604972,0
604973,3
604974,1
604975,0
604976,0
604977,0
604978,2
604979,0
604980,0
604981,0
604982,1
604983,0
604984,0
604985,6
604986,2
604987,4
604988,0
604989,0
604990,0
604991,1
604992,0
604993,0
604994,0
604995,0
604996,0
604997,7
604998,0
604999,0
605000,0
605001,0
605002,0
605003,0
605004,0
605005,3
605006,5
605007,0
605008,2
605009,0
605010,0
605011,0
605012,0
605013,0
605014,0
605015,0
605016,0
605017,0
605018,0
605019,3
605020,1
605021,0
605022,0
605023,0
605024,0
605025,2
605026,0
605027,6
605028,2
605029,0
605030,0
605031,1
605032,1
605033,0
605034,0
605035,7
605036,0
605037,0
605038,0
605039,7
605040,0
605041,5
605042,4
605043,0
605044,4
605045,0
605046,0
605047,0
605048,0
605049,2
605050,4
605051,0
605052,0
605053,0
605054,0
605055,0
605056,0
605057,0
605058,3
605059,0
605060,2
605061,0
605062,0
605063,2
605064,0
605065,0
605066,0
605067,0
605068,0
605069,0
605070,3
605071,0
605072,0
605073,0
605074,0
605075,0
605076,0
605077,4
605078,0
605079,0
605080,2
605081,0
605082,0
605083,0
605084,0
605085,0
605086,0
605087,0
605088,2
605089,0
605090,0
605091,0
605092,7
605093,1
605094,2
605095,0
605096,0
605097,0
605098,0
605099,0
605100,0
605101,0
605102,4
605103,1
605104,0
605105,0
605106,1
605107,7
605108,0
605109,0
605110,0
605111,1
605112,0
605113,4
605114,0
605115,0
605116,5
605117,0
605118,0
605119,0
605120,0
605121,0
605122,0
605123,0
605124,0
605125,3
605126,0
605127,6
605128,0
605129,0
605130,0
605131,3
605132,0
605133,1
605134,0
605135,0
605136,4
605137,0
605138,4
605139,4
605140,0
605141,0
605142,0
605143,0
605144,0
605145,0
605146,0
605147,0
605148,0
605149,0
605150,0
605151,2
605152,0
605153,0
605154,0
605155,0
605156,3
605157,0
605158,0
605159,0
605160,0
605161,0
605162,0
605163,0
605164,0
605165,0
605166,0
605167,5
605168,2
605169,0
605170,0
605171,0
605172,0
605173,0
605174,0
605175,1
605176,0
605177,8
605178,0
605179,0
605180,0
605181,2
605182,0
605183,0
605184,3
605185,0
605186,6
605187,1
605188,0
605189,0
605190,0
605191,0
605192,0
605193,0
605194,0
605195,0
605196,0
605197,2
605198,0
605199,0
605200,0
605201,0
605202,3
605203,0
605204,0
605205,0
605206,0
605207,3
605208,0
605209,0
605210,0
605211,0
605212,0
605213,0
605214,0
605215,0
605216,0
605217,0
605218,0
605219,0
605220,0
605221,1
605222,0
605223,0
605224,0
605225,0
605226,0
605227,0
605228,0
605229,1
605230,3
605231,5
605232,0
605233,0
605234,0
605235,1
605236,4
605237,0
605238,0
605239,0
605240,0
605241,0
605242,0
605243,0
605244,4
605245,0
605246,0
605247,0
605248,0
605249,0
605250,0
605251,0
605252,0
605253,0
605254,0
605255,2
605256,8
605257,0
605258,4
605259,3
605260,0
605261,0
605262,0
605263,0
605264,0
605265,0
605266,0
605267,1
605268,0
605269,0
605270,0
605271,0
605272,0
605273,0
605274,0
605275,6
605276,3
605277,0
605278,2
605279,1
605280,0
605281,0
605282,0
605283,0
605284,1
605285,0
605286,0
605287,7
605288,0
605289,3
605290,0
605291,0
605292,0
605293,0
605294,0
605295,0
605296,0
605297,0
605298,2
605299,2
605300,0
605301,6
605302,0
605303,2
605304,0
605305,0
605306,0
605307,0
605308,0
605309,0
605310,0
605311,3
605312,0
605313,0
605314,1
605315,0
605316,3
605317,3
605318,0
605319,0
605320,0
605321,0
605322,0
605323,1
605324,0
605325,0
605326,7
605327,4
605328,2
605329,0
605330,0
605331,0
605332,0
605333,0
605334,8
605335,0
605336,2
605337,0
605338,6
605339,0
605340,0
605341,0
605342,0
605343,4
605344,1
605345,0
605346,0
605347,0
605348,1
605349,0
605350,0
605351,0
605352,0
605353,0
605354,5
605355,4
605356,0
605357,0
605358,0
605359,0
605360,0
605361,0
605362,0
605363,0
605364,0
605365,4
605366,3
605367,0
605368,0
605369,0
605370,7
605371,0
605372,3
605373,0
605374,0
605375,3
605376,0
605377,0
605378,0
605379,0
605380,5
605381,0
605382,0
605383,0
605384,0
605385,0
605386,6
605387,0
605388,0
605389,0
605390,0
605391,0
605392,0
605393,2
605394,0
605395,0
605396,0
605397,1
605398,0
605399,0
605400,0
605401,2
605402,0
605403,2
605404,3
605405,0
605406,0
605407,0
605408,6
605409,6
605410,0
605411,0
605412,0
605413,3
605414,0
605415,4
605416,2
605417,0
605418,0
605419,0
605420,2
605421,0
605422,0
605423,0
605424,0
605425,28
605426,36
605427,0
605428,0
605429,0
605430,0
605431,0
605432,55
605433,0
605434,0
605435,0
605436,62
605437,0
605438,0
605439,0
605440,0
605441,0
605442,0
605443,22
605444,0
605445,0
605446,0
605447,0
605448,34
605449,0
605450,0
605451,0
605452,0
605453,0
605454,0
605455,0
605456,0
605457,0
605458,27
605459,0
605460,0
605461,30
605462,0
605463,0
605464,0
605465,0
605466,0
605467,39
605468,0
605469,0
605470,0
605471,0
605472,0
605473,39
605474,44
605475,0
605476,0
605477,0
605478,39
605479,0
605480,0
605481,26
605482,0
605483,0
605484,0
605485,40
605486,0
605487,0
605488,0
605489,0
605490,0
605491,0
605492,50
605493,0
605494,44
605495,36
605496,0
605497,0
605498,0
605499,0
605500,0
605501,26
605502,37
605503,0
605504,0
605505,0
605506,0
605507,0
605508,29
605509,0
605510,0
605511,0
605512,0
605513,0
605514,0
605515,31
605516,49
605517,39
605518,32
605519,29
605520,34
605521,0
605522,33
605523,0
605524,0
605525,0
605526,0
605527,0
605528,32
605529,0
605530,0
605531,0
605532,0
605533,31
605534,0
605535,0
605536,33
605537,31
605538,39
605539,0
605540,0
605541,0
605542,0
605543,36
605544,0
605545,34
605546,0
605547,33
605548,0
605549,0
605550,0
605551,0
605552,32
605553,0
605554,0
605555,0
605556,47
605557,0
605558,0
605559,35
605560,0
605561,37
605562,36
605563,0
605564,0
605565,0
605566,0
605567,0
605568,0
605569,30
605570,0
605571,0
605572,0
605573,0
605574,0
605575,0
605576,0
605577,0
605578,0
605579,0
605580,0
605581,33
605582,0
605583,0
605584,17
605585,42
605586,29
605587,0
605588,44
605589,48
605590,0
605591,0
605592,33
605593,0
605594,0
605595,51
605596,0
605597,33
605598,0
605599,0
605600,35
605601,0
605602,46
605603,41
605604,34
605605,47
605606,0
605607,0
605608,0
605609,39
605610,0
605611,0
605612,0
605613,0
605614,0
605615,39
605616,0
605617,0
605618,0
605619,0
605620,0
605621,0
605622,0
605623,0
605624,0
605625,37
605626,0
605627,0
605628,43
605629,0
605630,0
605631,0
605632,0
605633,0
605634,0
605635,0
605636,0
605637,0
605638,0
605639,30
605640,0
605641,0
605642,30
605643,41
605644,0
605645,50
605646,0
605647,0
605648,0
605649,0
605650,37
605651,32
605652,42
605653,0
605654,0
605655,0
605656,0
605657,0
605658,47
605659,0
605660,0
605661,0
605662,23
605663,0
605664,40
605665,47
605666,0
605667,0
605668,0
605669,0
605670,0
605671,0
605672,8
605673,0
605674,0
605675,0
605676,0
605677,0
605678,0
605679,0
605680,0
605681,0
605682,0
605683,0
605684,0
605685,0
605686,0
605687,0
605688,0
605689,0
605690,0
605691,0
605692,0
605693,0
605694,0
605695,0
605696,0
605697,0
605698,0
605699,0
605700,0
605701,0
605702,0
605703,0
605704,0
605705,0
605706,0
605707,0
605708,0
605709,0
605710,0
605711,0
605712,0
605713,0
605714,0
605715,0
605716,5
605717,0
605718,0
605719,0
605720,0
605721,0
605722,0
605723,0
605724,0
605725,0
605726,0
605727,0
605728,0
605729,0
605730,0
605731,0
605732,0
605733,0
605734,0
605735,10
605736,0
605737,0
605738,0
605739,0
605740,0
605741,0
605742,0
605743,0
605744,0
605745,0
605746,0
605747,0
605748,0
605749,0
605750,0
605751,0
605752,0
605753,0
605754,0
605755,0
605756,0
605757,0
605758,0
605759,0
605760,0
605761,0
605762,0
605763,9
605764,0
605765,0
605766,0
605767,0
605768,0
605769,0
605770,0
605771,0
605772,0
605773,0
605774,0
605775,0
605776,0
605777,0
605778,10
605779,0
605780,0
605781,0
605782,0
605783,0
605784,0
605785,0
605786,0
605787,0
605788,0
605789,0
605790,0
605791,0
605792,0
605793,0
605794,14
605795,0
605796,0
605797,0
605798,0
605799,0
605800,0
605801,0
605802,0
605803,0
605804,15
605805,0
605806,0
605807,0
605808,0
605809,0
605810,0
605811,0
605812,0
605813,0
605814,0
605815,0
605816,0
605817,0
605818,0
605819,0
605820,0
605821,0
605822,0
605823,0
605824,0
605825,0
605826,0
605827,0
605828,0
605829,0
605830,0
605831,6
605832,0
605833,0
605834,0
605835,0
605836,0
605837,0
605838,0
605839,0
605840,0
605841,0
605842,0
605843,8
605844,0
605845,0
605846,0
605847,0
605848,0
605849,0
605850,0
605851,0
605852,0
605853,0
605854,0
605855,0
605856,0
605857,0
605858,0
605859,0
605860,0
605861,0
605862,0
605863,0
605864,0
605865,0
605866,0
605867,0
605868,0
605869,0
605870,0
605871,0
605872,0
605873,0
605874,0
605875,0
605876,0
605877,0
605878,0
605879,0
605880,0
605881,0
605882,0
605883,0
605884,0
605885,0
605886,8
605887,0
605888,0
605889,0
605890,0
605891,0
605892,0
605893,0
605894,0
605895,0
605896,0
605897,0
605898,0
605899,0
605900,0
605901,0
605902,0
605903,0
605904,10
605905,0
605906,0
605907,0
605908,0
605909,0
605910,0
605911,0
605912,0
605913,0
605914,0
605915,0
605916,0
605917,0
605918,0
605919,0
605920,0
605921,0
605922,0
605923,0
605924,0
605925,0
605926,0
605927,0
605928,0
605929,0
605930,0
605931,0
605932,0
605933,0
605934,0
605935,0
605936,0
605937,4
605938,0
605939,0
605940,0
605941,0
605942,0
605943,0
605944,0
605945,0
605946,0
605947,0
605948,0
605949,0
605950,0
605951,0
605952,0
605953,0
605954,0
605955,0
605956,15
605957,0
605958,0
605959,0
605960,0
605961,0
605962,0
605963,0
605964,0
605965,13
605966,0
605967,0
605968,0
605969,0
605970,0
605971,0
605972,0
605973,0
605974,0
605975,0
605976,0
605977,0
605978,0
605979,0
605980,0
605981,0
605982,0
605983,0
605984,0
605985,0
605986,0
605987,0
605988,0
605989,0
605990,0
605991,0
605992,6
605993,0
605994,0
605995,0
605996,0
605997,0
605998,0
605999,0
606000,0
606001,0
606002,0
606003,0
606004,0
606005,0
606006,0
606007,0
606008,0
606009,0
606010,0
606011,0
606012,0
606013,0
606014,0
606015,0
606016,0
606017,0
606018,0
606019,0
606020,0
606021,0
606022,0
606023,0
606024,0
606025,0
606026,0
606027,0
606028,0
606029,0
606030,0
606031,0
606032,0
606033,0
606034,0
606035,0
606036,0
606037,0
606038,0
606039,0
606040,0
606041,0
606042,0
606043,0
606044,0
606045,0
606046,0
606047,0
606048,0
606049,0
606050,0
606051,0
606052,0
606053,0
606054,0
606055,0
606056,0
606057,0
606058,0
606059,0
606060,0
606061,0
606062,0
606063,0
606064,8
606065,0
606066,0
606067,0
606068,0
606069,0
606070,0
606071,0
606072,0
606073,0
606074,0
606075,0
606076,0
606077,0
606078,0
606079,0
606080,0
606081,6
606082,0
606083,0
606084,0
606085,0
606086,0
606087,0
606088,0
606089,0
606090,0
606091,0
606092,0
606093,0
606094,0
606095,0
606096,0
606097,0
606098,0
606099,0
606100,9
606101,0
606102,0
606103,0
606104,0
606105,0
606106,0
606107,0
606108,0
606109,12
606110,8
606111,0
606112,0
606113,0
606114,0
606115,0
606116,0
606117,0
606118,0
606119,0
606120,0
606121,0
606122,0
606123,0
606124,0
606125,0
606126,0
606127,0
606128,0
606129,0
606130,14
606131,0
606132,0
606133,0
606134,0
606135,0
606136,0
606137,0
606138,0
606139,0
606140,0
606141,10
606142,0
606143,0
606144,0
606145,0
606146,0
606147,0
606148,0
606149,0
606150,0
606151,0
606152,6
606153,0
606154,0
606155,0
606156,0
606157,0
606158,0
606159,0
606160,0
606161,0
606162,9
606163,0
606164,0
606165,0
606166,0
606167,0
606168,0
606169,0
606170,0
606171,0
606172,0
606173,0
606174,0
606175,10
606176,0
606177,0
606178,0
606179,0
606180,0
606181,0
606182,0
606183,0
606184,0
606185,0
606186,0
606187,0
606188,0
606189,0
606190,0
606191,0
606192,0
606193,0
606194,0
606195,0
606196,0
606197,0
606198,0
606199,0
606200,0
606201,0
606202,0
606203,0
606204,0
606205,0
606206,0
606207,0
606208,0
606209,0
606210,0
606211,0
606212,0
606213,0
606214,0
606215,0
606216,0
606217,0
606218,0
606219,0
606220,0
606221,0
606222,0
606223,0
606224,0
606225,0
606226,0
606227,0
606228,0
606229,0
606230,0
606231,0
606232,0
606233,0
606234,0
606235,0
606236,0
606237,0
606238,0
606239,0
606240,0
606241,0
606242,0
606243,0
606244,0
606245,0
606246,0
606247,0
606248,0
606249,0
606250,0
606251,0
606252,0
606253,0
606254,0
606255,0
606256,0
606257,0
606258,0
606259,0
606260,0
606261,0
606262,0
606263,0
606264,0
606265,0
606266,0
606267,0
606268,0
606269,0
606270,0
606271,0
606272,0
606273,0
606274,0
606275,0
606276,0
606277,0
606278,0
606279,0
606280,0
606281,0
606282,0
606283,0
606284,10
606285,0
606286,0
606287,0
606288,0
606289,0
606290,0
606291,0
606292,0
606293,0
606294,0
606295,0
606296,17
606297,4
606298,0
606299,0
606300,0
606301,0
606302,0
606303,0
606304,0
606305,0
606306,0
606307,0
606308,10
606309,0
606310,0
606311,0
606312,0
606313,0
606314,9
606315,0
606316,0
606317,0
606318,0
606319,0
606320,0
606321,0
606322,0
606323,0
606324,0
606325,0
606326,0
606327,0
606328,0
606329,0
606330,11
606331,11
606332,0
606333,0
606334,0
606335,0
606336,8
606337,0
606338,0
606339,0
606340,0
606341,0
606342,0
606343,0
606344,0
606345,0
606346,0
606347,0
606348,0
606349,0
606350,0
606351,0
606352,0
606353,0
606354,0
606355,0
606356,0
606357,0
606358,0
606359,0
606360,0
606361,0
606362,0
606363,0
606364,0
606365,0
606366,0
606367,0
606368,0
606369,0
606370,0
606371,0
606372,0
606373,0
606374,0
606375,0
606376,0
606377,0
606378,0
606379,0
606380,0
606381,0
606382,0
606383,0
606384,0
606385,8
606386,0
606387,0
606388,0
606389,0
606390,0
606391,0
606392,0
606393,0
606394,0
606395,0
606396,0
606397,0
606398,0
606399,0
606400,0
606401,0
606402,0
606403,0
606404,0
606405,0
606406,0
606407,0
606408,0
606409,0
606410,0
606411,11
606412,0
606413,0
606414,0
606415,0
606416,0
606417,0
606418,0
606419,0
606420,0
606421,12
606422,0
606423,0
606424,0
606425,0
606426,0
606427,0
606428,0
606429,0
606430,0
606431,0
606432,0
606433,0
606434,0
606435,0
606436,0
606437,0
606438,0
606439,0
606440,0
606441,0
606442,0
606443,0
606444,0
606445,0
606446,0
606447,0
606448,0
606449,8
606450,0
606451,10
606452,0
606453,0
606454,0
606455,0
606456,0
606457,0
606458,0
606459,0
606460,0
606461,0
606462,0
606463,0
606464,0
606465,0
606466,0
606467,0
606468,0
606469,0
606470,0
606471,0
606472,0
606473,0
606474,0
606475,0
606476,0
606477,0
606478,0
606479,13
606480,0
606481,0
606482,0
606483,0
606484,0
606485,0
606486,0
606487,0
606488,0
606489,0
606490,0
606491,0
606492,0
606493,0
606494,0
606495,0
606496,0
606497,0
606498,0
606499,13
606500,0
606501,0
606502,0
606503,0
606504,0
606505,0
606506,0
606507,0
606508,0
606509,0
606510,0
606511,0
606512,0
606513,0
606514,0
606515,0
606516,0
606517,0
606518,0
606519,0
606520,0
606521,0
606522,0
606523,0
606524,0
606525,0
606526,0
606527,0
606528,0
606529,0
606530,0
606531,0
606532,0
606533,0
606534,0
606535,0
606536,0
606537,0
606538,0
606539,0
606540,0
606541,0
606542,0
606543,0
606544,0
606545,0
606546,0
606547,0
606548,0
606549,0
606550,0
606551,0
606552,0
606553,0
606554,0
606555,0
606556,0
606557,0
606558,0
606559,0
606560,0
606561,0
606562,0
606563,0
606564,0
606565,0
606566,0
606567,0
606568,6
606569,0
606570,0
606571,0
606572,0
606573,0
606574,0
606575,0
606576,0
606577,0
606578,0
606579,0
606580,0
606581,0
606582,0
606583,0
606584,0
606585,0
606586,0
606587,0
606588,0
606589,0
606590,0
606591,0
606592,0
606593,0
606594,0
606595,0
606596,0
606597,0
606598,0
606599,0
606600,0
606601,0
606602,0
606603,0
606604,0
606605,0
606606,0
606607,0
606608,0
606609,0
606610,0
606611,0
606612,0
606613,0
606614,0
606615,0
606616,0
606617,0
606618,0
606619,0
606620,0
606621,0
606622,0
606623,0
606624,0
606625,0
606626,0
606627,0
606628,0
606629,0
606630,12
606631,0
606632,0
606633,0
606634,0
606635,0
606636,0
606637,0
606638,0
606639,0
606640,0
606641,0
606642,0
606643,0
606644,0
606645,0
606646,0
606647,0
606648,0
606649,0
606650,0
606651,0
606652,0
606653,0
606654,0
606655,0
606656,0
606657,5
606658,0
606659,0
606660,0
606661,0
606662,0
606663,0
606664,0
606665,0
606666,0
606667,0
606668,0
606669,0
606670,0
606671,0
606672,0
606673,0
606674,0
606675,0
606676,0
606677,0
606678,0
606679,0
606680,0
606681,0
606682,0
606683,0
606684,0
606685,0
606686,0
606687,0
606688,0
606689,0
606690,0
606691,0
606692,0
606693,0
606694,0
606695,0
606696,0
606697,0
606698,0
606699,0
606700,0
606701,0
606702,0
606703,6
606704,0
606705,0
606706,0
606707,0
606708,0
606709,0
606710,0
606711,0
606712,7
606713,0
606714,0
606715,0
606716,0
606717,0
606718,0
606719,0
606720,0
606721,0
606722,0
606723,0
606724,0
606725,0
606726,0
606727,0
606728,0
606729,0
606730,0
606731,0
606732,0
606733,14
606734,0
606735,0
606736,0
606737,0
606738,0
606739,0
606740,0
606741,10
606742,4
606743,0
606744,2
606745,0
606746,12
606747,0
606748,8
606749,0
606750,0
606751,0
606752,0
606753,5
606754,9
606755,0
606756,0
606757,0
606758,0
606759,10
606760,4
606761,0
606762,0
606763,0
606764,0
606765,14
606766,0
606767,0
606768,0
606769,0
606770,0
606771,0
606772,7
606773,0
606774,0
606775,0
606776,0
606777,6
606778,0
606779,0
606780,11
606781,0
606782,0
606783,0
606784,0
606785,0
606786,0
606787,0
606788,0
606789,0
606790,0
606791,0
606792,0
606793,0
606794,2
606795,0
606796,0
606797,0
606798,0
606799,8
606800,0
606801,0
606802,12
606803,0
606804,0
606805,9
606806,0
606807,0
606808,6
606809,0
606810,24
606811,15
606812,0
606813,0
606814,14
606815,0
606816,0
606817,10
606818,0
606819,14
606820,0
606821,0
606822,0
606823,10
606824,0
606825,18
606826,14
606827,0
606828,0
606829,0
606830,11
606831,0
606832,0
606833,0
606834,0
606835,10
606836,0
606837,3
606838,0
606839,3
606840,0
606841,0
606842,0
606843,0
606844,0
606845,0
606846,0
606847,0
606848,0
606849,0
606850,0
606851,0
606852,0
606853,15
606854,0
606855,0
606856,6
606857,3
606858,4
606859,0
606860,0
606861,0
606862,0
606863,0
606864,0
606865,0
606866,11
606867,0
606868,0
606869,6
606870,2
606871,0
606872,0
606873,0
606874,3
606875,0
606876,0
606877,0
606878,0
606879,0
606880,8
606881,0
606882,0
606883,8
606884,0
606885,0
606886,7
606887,10
606888,0
606889,0
606890,0
606891,0
606892,19
606893,0
606894,0
606895,24
606896,14
606897,0
606898,0
606899,10
606900,0
606901,0
606902,3
606903,0
606904,0
606905,0
606906,10
606907,12
606908,0
606909,7
606910,13
606911,8
606912,0
606913,7
606914,0
606915,8
606916,0
606917,0
606918,0
606919,0
606920,9
606921,0
606922,0
606923,0
606924,11
606925,0
606926,0
606927,4
606928,0
606929,0
606930,0
606931,10
606932,0
606933,0
606934,0
606935,0
606936,0
606937,0
606938,0
606939,0
606940,10
606941,0
606942,0
606943,0
606944,9
606945,0
606946,0
606947,0
606948,0
606949,0
606950,0
606951,0
606952,0
606953,0
606954,0
606955,7
606956,0
606957,0
606958,0
606959,0
606960,0
606961,5
606962,0
606963,0
606964,0
606965,0
606966,0
606967,0
606968,0
606969,0
606970,10
606971,0
606972,0
606973,0
606974,0
606975,10
606976,0
606977,0
606978,0
606979,14
606980,5
606981,0
606982,0
606983,0
606984,0
606985,0
606986,0
606987,0
606988,10
606989,0
606990,0
606991,0
606992,0
606993,0
606994,0
606995,5
606996,0
606997,10
606998,0
606999,0
607000,5
607001,0
607002,17
607003,0
607004,0
607005,0
607006,0
607007,0
607008,0
607009,0
607010,0
607011,4
607012,0
607013,0
607014,0
607015,0
607016,3
607017,9
607018,0
607019,0
607020,0
607021,11
607022,0
607023,0
607024,0
607025,0
607026,12
607027,0
607028,0
607029,14
607030,0
607031,0
607032,0
607033,0
607034,0
607035,9
607036,0
607037,0
607038,0
607039,9
607040,0
607041,0
607042,0
607043,0
607044,0
607045,0
607046,0
607047,0
607048,13
607049,0
607050,0
607051,0
607052,0
607053,0
607054,0
607055,0
607056,0
607057,0
607058,0
607059,0
607060,0
607061,0
607062,0
607063,0
607064,0
607065,0
607066,0
607067,0
607068,0
607069,0
607070,13
607071,0
607072,0
607073,0
607074,22
607075,0
607076,0
607077,0
607078,0
607079,0
607080,0
607081,0
607082,0
607083,0
607084,0
607085,4
607086,0
607087,0
607088,0
607089,0
607090,0
607091,5
607092,0
607093,0
607094,0
607095,3
607096,0
607097,0
607098,0
607099,0
607100,0
607101,7
607102,0
607103,14
607104,0
607105,0
607106,0
607107,0
607108,8
607109,0
607110,9
607111,0
607112,0
607113,0
607114,0
607115,0
607116,0
607117,0
607118,0
607119,0
607120,7
607121,0
607122,6
607123,8
607124,19
607125,10
607126,0
607127,0
607128,0
607129,0
607130,16
607131,6
607132,13
607133,0
607134,0
607135,0
607136,7
607137,2
607138,0
607139,0
607140,9
607141,0
607142,0
607143,0
607144,0
607145,6
607146,5
607147,0
607148,0
607149,0
607150,0
607151,0
607152,16
607153,0
607154,0
607155,0
607156,0
607157,0
607158,0
607159,0
607160,5
607161,0
607162,0
607163,0
607164,6
607165,0
607166,0
607167,0
607168,8
607169,0
607170,0
607171,0
607172,0
607173,0
607174,7
607175,9
607176,0
607177,0
607178,0
607179,0
607180,5
607181,6
607182,0
607183,0
607184,7
607185,0
607186,5
607187,13
607188,0
607189,0
607190,0
607191,11
607192,0
607193,0
607194,0
607195,19
607196,0
607197,0
607198,15
607199,0
607200,0
607201,0
607202,0
607203,0
607204,11
607205,4
607206,0
607207,0
607208,7
607209,0
607210,0
607211,17
607212,3
607213,0
607214,0
607215,0
607216,0
607217,0
607218,0
607219,12
607220,0
607221,5
607222,0
607223,0
607224,0
607225,0
607226,8
607227,0
607228,7
607229,0
607230,0
607231,0
607232,21
607233,0
607234,0
607235,0
607236,8
607237,0
607238,0
607239,0
607240,11
607241,0
607242,20
607243,0
607244,0
607245,0
607246,0
607247,0
607248,0
607249,0
607250,0
607251,0
607252,0
607253,2
607254,0
607255,0
607256,10
607257,0
607258,9
607259,0
607260,18
607261,0
607262,0
607263,2
607264,0
607265,1
607266,0
607267,0
607268,10
607269,0
607270,0
607271,12
607272,0
607273,8
607274,0
607275,0
607276,0
607277,0
607278,0
607279,2
607280,6
607281,0
607282,0
607283,0
607284,0
607285,19
607286,0
607287,0
607288,0
607289,0
607290,10
607291,0
607292,0
607293,0
607294,0
607295,22
607296,0
607297,0
607298,0
607299,6
607300,0
607301,0
607302,0
607303,0
607304,0
607305,0
607306,0
607307,0
607308,5
607309,0
607310,11
607311,0
607312,0
607313,0
607314,0
607315,0
607316,0
607317,0
607318,10
607319,0
607320,0
607321,7
607322,9
607323,0
607324,0
607325,5
607326,0
607327,0
607328,0
607329,4
607330,0
607331,7
607332,0
607333,0
607334,6
607335,0
607336,0
607337,2
607338,0
607339,0
607340,0
607341,0
607342,0
607343,11
607344,6
607345,2
607346,0
607347,0
607348,10
607349,0
607350,0
607351,5
607352,0
607353,0
607354,15
607355,9
607356,4
607357,2
607358,0
607359,0
607360,0
607361,0
607362,0
607363,0
607364,0
607365,12
607366,2
607367,0
607368,6
607369,0
607370,0
607371,2
607372,0
607373,0
607374,0
607375,0
607376,0
607377,5
607378,0
607379,12
607380,0
607381,9
607382,0
607383,0
607384,0
607385,23
607386,11
607387,11
607388,0
607389,0
607390,15
607391,7
607392,9
607393,0
607394,0
607395,0
607396,0
607397,0
607398,0
607399,22
607400,0
607401,6
607402,0
607403,0
607404,0
607405,0
607406,0
607407,12
607408,0
607409,0
607410,0
607411,0
607412,0
607413,0
607414,8
607415,9
607416,0
607417,0
607418,0
607419,0
607420,0
607421,0
607422,0
607423,0
607424,0
607425,0
607426,0
607427,2
607428,0
607429,0
607430,0
607431,0
607432,0
607433,9
607434,0
607435,0
607436,0
607437,0
607438,0
607439,0
607440,0
607441,0
607442,0
607443,0
607444,0
607445,0
607446,0
607447,0
607448,0
607449,0
607450,0
607451,0
607452,0
607453,12
607454,10
607455,0
607456,0
607457,9
607458,0
607459,4
607460,0
607461,0
607462,16
607463,0
607464,0
607465,16
607466,13
607467,0
607468,2
607469,0
607470,0
607471,0
607472,0
607473,0
607474,0
607475,0
607476,0
607477,5
607478,0
607479,0
607480,0
607481,0
607482,0
607483,0
607484,4
607485,6
607486,0
607487,0
607488,0
607489,0
607490,0
607491,0
607492,4
607493,0
607494,0
607495,0
607496,0
607497,0
607498,0
607499,0
607500,4
607501,0
607502,0
607503,0
607504,0
607505,0
607506,0
607507,0
607508,0
607509,0
607510,0
607511,0
607512,0
607513,0
607514,0
607515,0
607516,0
607517,0
607518,0
607519,11
607520,0
607521,0
607522,0
607523,0
607524,0
607525,0
607526,0
607527,0
607528,7
607529,0
607530,0
607531,4
607532,0
607533,0
607534,0
607535,0
607536,0
607537,13
607538,0
607539,0
607540,0
607541,0
607542,0
607543,0
607544,13
607545,12
607546,0
607547,0
607548,11
607549,0
607550,0
607551,0
607552,0
607553,11
607554,0
607555,0
607556,0
607557,0
607558,0
607559,8
607560,0
607561,0
607562,0
607563,0
607564,0
607565,0
607566,0
607567,0
607568,0
607569,0
607570,0
607571,15
607572,0
607573,0
607574,13
607575,0
607576,0
607577,0
607578,0
607579,0
607580,0
607581,0
607582,0
607583,0
607584,0
607585,6
607586,0
607587,11
607588,0
607589,0
607590,0
607591,0
607592,0
607593,0
607594,15
607595,0
607596,6
607597,0
607598,0
607599,0
607600,0
607601,0
607602,6
607603,0
607604,20
607605,0
607606,0
607607,0
607608,0
607609,0
607610,10
607611,0
607612,11
607613,0
607614,0
607615,0
607616,0
607617,10
607618,0
607619,0
607620,0
607621,0
607622,0
607623,8
607624,0
607625,0
607626,0
607627,0
607628,0
607629,0
607630,0
607631,7
607632,0
607633,0
607634,0
607635,0
607636,0
607637,0
607638,0
607639,0
607640,0
607641,0
607642,0
607643,0
607644,0
607645,0
607646,2
607647,0
607648,5
607649,0
607650,0
607651,17
607652,0
607653,0
607654,11
607655,0
607656,6
607657,0
607658,6
607659,12
607660,0
607661,6
607662,0
607663,0
607664,0
607665,0
607666,0
607667,0
607668,0
607669,0
607670,0
607671,0
607672,0
607673,9
607674,0
607675,6
607676,0
607677,0
607678,0
607679,0
607680,0
607681,9
607682,0
607683,0
607684,0
607685,0
607686,0
607687,0
607688,0
607689,0
607690,0
607691,0
607692,0
607693,0
607694,0
607695,6
607696,0
607697,0
607698,0
607699,0
607700,0
607701,0
607702,0
607703,0
607704,8
607705,0
607706,0
607707,0
607708,0
607709,0
607710,0
607711,0
607712,0
607713,0
607714,15
607715,17
607716,4
607717,0
607718,0
607719,0
607720,5
607721,0
607722,0
607723,6
607724,0
607725,0
607726,0
607727,0
607728,0
607729,6
607730,6
607731,10
607732,0
607733,6
607734,4
607735,0
607736,5
607737,0
607738,2
607739,0
607740,7
607741,0
607742,0
607743,2
607744,0
607745,0
607746,0
607747,0
607748,0
607749,8
607750,0
607751,0
607752,5
607753,0
607754,0
607755,0
607756,0
607757,0
607758,2
607759,0
607760,0
607761,0
607762,10
607763,8
607764,10
607765,0
607766,8
607767,0
607768,0
607769,0
607770,0
607771,0
607772,5
607773,0
607774,0
607775,9
607776,9
607777,6
607778,0
607779,0
607780,0
607781,0
607782,0
607783,0
607784,0
607785,0
607786,0
607787,0
607788,6
607789,0
607790,13
607791,20
607792,0
607793,0
607794,0
607795,0
607796,0
607797,0
607798,12
607799,0
607800,0
607801,0
607802,11
607803,0
607804,0
607805,0
607806,0
607807,6
607808,0
607809,0
607810,8
607811,0
607812,5
607813,0
607814,0
607815,0
607816,0
607817,0
607818,0
607819,0
607820,11
607821,0
607822,0
607823,0
607824,0
607825,0
607826,0
607827,10
607828,0
607829,6
607830,0
607831,0
607832,9
607833,6
607834,0
607835,0
607836,0
607837,8
607838,0
607839,0
607840,0
607841,0
607842,5
607843,0
607844,0
607845,0
607846,0
607847,0
607848,0
607849,0
607850,0
607851,0
607852,0
607853,0
607854,0
607855,7
607856,0
607857,0
607858,0
607859,5
607860,0
607861,0
607862,0
607863,0
607864,0
607865,0
607866,8
607867,0
607868,0
607869,0
607870,0
607871,0
607872,0
607873,0
607874,1
607875,0
607876,7
607877,0
607878,0
607879,0
607880,5
607881,9
607882,0
607883,0
607884,7
607885,0
607886,0
607887,0
607888,8
607889,11
607890,0
607891,0
607892,0
607893,0
607894,8
607895,0
607896,0
607897,0
607898,11
607899,0
607900,0
607901,0
607902,0
607903,0
607904,9
607905,0
607906,0
607907,14
607908,0
607909,0
607910,6
607911,0
607912,0
607913,0
607914,0
607915,0
607916,7
607917,0
607918,0
607919,0
607920,0
607921,0
607922,5
607923,0
607924,0
607925,0
607926,0
607927,0
607928,0
607929,0
607930,0
607931,14
607932,8
607933,0
607934,0
607935,0
607936,23
607937,3
607938,0
607939,4
607940,0
607941,0
607942,0
607943,0
607944,0
607945,0
607946,7
607947,8
607948,6
607949,6
607950,11
607951,0
607952,3
607953,0
607954,0
607955,0
607956,8
607957,0
607958,0
607959,0
607960,0
607961,0
607962,1
607963,0
607964,0
607965,0
607966,0
607967,0
607968,0
607969,0
607970,0
607971,0
607972,0
607973,0
607974,6
607975,10
607976,0
607977,0
607978,0
607979,0
607980,0
607981,0
607982,0
607983,0
607984,0
607985,9
607986,12
607987,16
607988,0
607989,2
607990,0
607991,0
607992,0
607993,0
607994,0
607995,16
607996,0
607997,0
607998,0
607999,0
608000,0
608001,3
608002,7
608003,0
608004,0
608005,0
608006,0
608007,9
608008,0
608009,0
608010,0
608011,0
608012,0
608013,6
608014,0
608015,0
608016,0
608017,0
608018,19
608019,0
608020,0
608021,0
608022,0
608023,0
608024,0
608025,0
608026,0
608027,11
608028,0
608029,0
608030,0
608031,0
608032,0
608033,0
608034,0
608035,0
608036,0
608037,0
608038,0
608039,0
608040,1
608041,10
608042,13
608043,0
608044,3
608045,8
608046,7
608047,0
608048,0
608049,0
608050,0
608051,0
608052,7
608053,0
608054,6
608055,0
608056,9
608057,10
608058,4
608059,0
608060,0
608061,0
608062,0
608063,8
608064,0
608065,6
608066,0
608067,10
608068,0
608069,0
608070,0
608071,0
608072,0
608073,0
608074,0
608075,7
608076,0
608077,0
608078,0
608079,0
608080,0
608081,0
608082,6
608083,0
608084,0
608085,0
608086,0
608087,0
608088,0
608089,0
608090,10
608091,0
608092,0
608093,14
608094,0
608095,0
608096,0
608097,0
608098,0
608099,0
608100,0
608101,0
608102,0
608103,6
608104,0
608105,0
608106,0
608107,3
608108,8
608109,0
608110,10
608111,0
608112,7
608113,0
608114,0
608115,4
608116,8
608117,0
608118,0
608119,0
608120,0
608121,0
608122,0
608123,0
608124,0
608125,0
608126,0
608127,9
608128,0
608129,0
608130,0
608131,0
608132,0
608133,0
608134,10
608135,0
608136,11
608137,0
608138,0
608139,0
608140,0
608141,0
608142,0
608143,0
608144,0
608145,0
608146,0
608147,0
608148,0
608149,0
608150,0
608151,0
608152,0
608153,0
608154,4
608155,0
608156,0
608157,8
608158,6
608159,0
608160,0
608161,0
608162,8
608163,0
608164,0
608165,13
608166,0
608167,0
608168,0
608169,9
608170,0
608171,0
608172,0
608173,0
608174,0
608175,7
608176,7
608177,0
608178,9
608179,0
608180,3
608181,0
608182,0
608183,9
608184,0
608185,0
608186,0
608187,0
608188,0
608189,0
608190,0
608191,0
608192,0
608193,0
608194,3
608195,0
608196,9
608197,0
608198,0
608199,0
608200,0
608201,0
608202,0
608203,0
608204,0
608205,0
608206,0
608207,0
608208,0
608209,0
608210,0
608211,0
608212,0
608213,0
608214,0
608215,0
608216,13
608217,0
608218,0
608219,0
608220,6
608221,8
608222,0
608223,0
608224,0
608225,0
608226,0
608227,0
608228,9
608229,0
608230,0
608231,0
608232,0
608233,0
608234,0
608235,0
608236,0
608237,0
608238,0
608239,6
608240,0
608241,0
608242,0
608243,0
608244,0
608245,1
608246,0
608247,0
608248,0
608249,0
608250,0
608251,0
608252,0
608253,0
608254,0
608255,0
608256,0
608257,0
608258,0
608259,0
608260,0
608261,3
608262,0
608263,0
608264,2
608265,0
608266,0
608267,0
608268,4
608269,0
608270,0
608271,0
608272,0
608273,0
608274,0
608275,0
608276,0
608277,0
608278,0
608279,0
608280,0
608281,0
608282,0
608283,0
608284,0
608285,0
608286,0
608287,0
608288,0
608289,0
608290,0
608291,0
608292,0
608293,0
608294,0
608295,0
608296,0
608297,0
608298,1
608299,0
608300,0
608301,0
608302,0
608303,0
608304,0
608305,0
608306,0
608307,0
608308,0
608309,0
608310,0
608311,0
608312,0
608313,0
608314,0
608315,0
608316,0
608317,0
608318,0
608319,0
608320,0
608321,0
608322,0
608323,0
608324,0
608325,0
608326,0
608327,0
608328,1
608329,0
608330,0
608331,0
608332,0
608333,0
608334,0
608335,0
608336,0
608337,0
608338,0
608339,0
608340,0
608341,0
608342,0
608343,0
608344,0
608345,0
608346,0
608347,0
608348,5
608349,0
608350,0
608351,0
608352,0
608353,0
608354,0
608355,0
608356,0
608357,0
608358,0
608359,0
608360,0
608361,0
608362,0
608363,0
608364,0
608365,0
608366,0
608367,0
608368,1
608369,0
608370,0
608371,0
608372,0
608373,0
608374,0
608375,0
608376,0
608377,0
608378,0
608379,0
608380,0
608381,6
608382,2
608383,0
608384,0
608385,0
608386,0
608387,0
608388,0
608389,0
608390,0
608391,0
608392,0
608393,0
608394,0
608395,0
608396,0
608397,0
608398,0
608399,4
608400,0
608401,0
608402,2
608403,5
608404,0
608405,0
608406,0
608407,0
608408,0
608409,0
608410,0
608411,0
608412,0
608413,0
608414,0
608415,0
608416,0
608417,0
608418,0
608419,0
608420,0
608421,0
608422,0
608423,0
608424,0
608425,0
608426,0
608427,0
608428,0
608429,0
608430,0
608431,0
608432,0
608433,0
608434,0
608435,0
608436,0
608437,0
608438,0
608439,0
608440,0
608441,0
608442,0
608443,0
608444,0
608445,0
608446,0
608447,0
608448,0
608449,0
608450,2
608451,0
608452,0
608453,0
608454,0
608455,0
608456,0
608457,0
608458,0
608459,0
608460,0
608461,0
608462,0
608463,0
608464,0
608465,0
608466,0
608467,0
608468,0
608469,0
608470,0
608471,0
608472,0
608473,0
608474,0
608475,0
608476,0
608477,0
608478,0
608479,0
608480,0
608481,0
608482,0
608483,0
608484,0
608485,0
608486,0
608487,0
608488,0
608489,3
608490,6
608491,0
608492,0
608493,0
608494,0
608495,0
608496,0
608497,0
608498,0
608499,0
608500,3
608501,0
608502,0
608503,0
608504,0
608505,0
608506,0
608507,0
608508,0
608509,0
608510,0
608511,0
608512,0
608513,0
608514,0
608515,0
608516,0
608517,0
608518,0
608519,0
608520,0
608521,0
608522,0
608523,0
608524,0
608525,0
608526,0
608527,0
608528,0
608529,0
608530,4
608531,0
608532,0
608533,0
608534,0
608535,0
608536,0
608537,0
608538,0
608539,0
608540,0
608541,0
608542,0
608543,0
608544,0
608545,0
608546,0
608547,0
608548,0
608549,0
608550,5
608551,0
608552,0
608553,2
608554,0
608555,0
608556,0
608557,0
608558,0
608559,0
608560,0
608561,0
608562,0
608563,0
608564,0
608565,0
608566,3
608567,2
608568,0
608569,0
608570,1
608571,2
608572,0
608573,0
608574,0
608575,0
608576,0
608577,0
608578,0
608579,0
608580,0
608581,0
608582,0
608583,0
608584,0
608585,0
608586,0
608587,2
608588,0
608589,0
608590,0
608591,0
608592,0
608593,0
608594,0
608595,0
608596,0
608597,0
608598,0
608599,0
608600,2
608601,0
608602,0
608603,0
608604,0
608605,0
608606,0
608607,0
608608,3
608609,0
608610,0
608611,0
608612,0
608613,0
608614,0
608615,0
608616,0
608617,0
608618,0
608619,0
608620,0
608621,0
608622,0
608623,0
608624,0
608625,0
608626,0
608627,0
608628,0
608629,0
608630,0
608631,0
608632,0
608633,0
608634,0
608635,0
608636,0
608637,0
608638,0
608639,0
608640,0
608641,0
608642,0
608643,2
608644,0
608645,0
608646,0
608647,0
608648,0
608649,0
608650,0
608651,0
608652,0
608653,0
608654,0
608655,0
608656,0
608657,0
608658,0
608659,0
608660,0
608661,0
608662,0
608663,0
608664,0
608665,0
608666,0
608667,0
608668,0
608669,0
608670,0
608671,0
608672,0
608673,0
608674,0
608675,0
608676,1
608677,0
608678,0
608679,0
608680,0
608681,0
608682,0
608683,0
608684,0
608685,0
608686,0
608687,0
608688,0
608689,0
608690,0
608691,0
608692,0
608693,0
608694,0
608695,0
608696,0
608697,0
608698,0
608699,0
608700,0
608701,0
608702,0
608703,0
608704,0
608705,0
608706,0
608707,0
608708,0
608709,3
608710,0
608711,0
608712,0
608713,0
608714,0
608715,0
608716,1
608717,0
608718,0
608719,0
608720,0
608721,0
608722,1
608723,0
608724,0
608725,0
608726,0
608727,0
608728,0
608729,0
608730,0
608731,3
608732,0
608733,0
608734,0
608735,0
608736,0
608737,30
608738,0
608739,0
608740,0
608741,0
608742,0
608743,0
608744,0
608745,0
608746,28
608747,0
608748,0
608749,0
608750,0
608751,0
608752,0
608753,0
608754,26
608755,0
608756,31
608757,28
608758,0
608759,0
608760,0
608761,0
608762,0
608763,0
608764,0
608765,33
608766,0
608767,28
608768,0
608769,31
608770,29
608771,0
608772,0
608773,0
608774,0
608775,0
608776,36
608777,0
608778,0
608779,29
608780,0
608781,35
608782,23
608783,0
608784,27
608785,0
608786,0
608787,41
608788,24
608789,38
608790,0
608791,0
608792,0
608793,0
608794,23
608795,42
608796,0
608797,27
608798,0
608799,0
608800,0
608801,0
608802,0
608803,31
608804,0
608805,0
608806,0
608807,43
608808,0
608809,0
608810,20
608811,0
608812,0
608813,23
608814,0
608815,0
608816,22
608817,0
608818,37
608819,0
608820,0
608821,0
608822,0
608823,0
608824,0
608825,27
608826,0
608827,0
608828,0
608829,0
608830,0
608831,34
608832,0
608833,0
608834,0
608835,0
608836,0
608837,26
608838,0
608839,0
608840,0
608841,48
608842,0
608843,21
608844,17
608845,0
608846,0
608847,32
608848,0
608849,23
608850,26
608851,43
608852,0
608853,43
608854,0
608855,0
608856,30
608857,46
608858,0
608859,0
608860,0
608861,0
608862,0
608863,26
608864,0
608865,0
608866,0
608867,0
608868,0
608869,0
608870,0
608871,0
608872,0
608873,39
608874,36
608875,0
608876,0
608877,23
608878,0
608879,27
608880,0
608881,0
608882,0
608883,0
608884,0
608885,0
608886,0
608887,12
608888,0
608889,0
608890,23
608891,0
608892,0
608893,0
608894,0
608895,0
608896,0
608897,38
608898,0
608899,0
608900,0
608901,0
608902,0
608903,0
608904,0
608905,0
608906,0
608907,28
608908,0
608909,0
608910,0
608911,0
608912,0
608913,0
608914,0
608915,35
608916,0
608917,25
608918,0
608919,0
608920,0
608921,34
608922,0
608923,0
608924,22
608925,0
608926,36
608927,36
608928,0
608929,30
608930,0
608931,36
608932,0
608933,0
608934,0
608935,32
608936,0
608937,20
608938,0
608939,0
608940,0
608941,0
608942,0
608943,0
608944,37
608945,0
608946,19
608947,0
608948,0
608949,0
608950,0
608951,0
608952,0
608953,0
608954,0
608955,0
608956,0
608957,0
608958,0
608959,25
608960,0
608961,0
608962,0
608963,0
608964,0
608965,0
608966,0
608967,0
608968,0
608969,20
608970,0
608971,33
608972,27
608973,29
608974,0
608975,0
608976,0
608977,0
608978,0
608979,0
608980,0
608981,0
608982,22
608983,30
608984,34
608985,0
608986,0
608987,0
608988,0
608989,0
608990,0
608991,33
608992,36
608993,0
608994,0
608995,0
608996,38
608997,0
608998,0
608999,0
609000,0
609001,31
609002,0
609003,0
609004,0
609005,0
609006,0
609007,40
609008,0
609009,0
609010,0
609011,0
609012,0
609013,0
609014,20
609015,0
609016,34
609017,19
609018,0
609019,0
609020,0
609021,0
609022,25
609023,0
609024,34
609025,0
609026,0
609027,0
609028,0
609029,46
609030,0
609031,0
609032,0
609033,30
609034,39
609035,29
609036,0
609037,0
609038,21
609039,0
609040,0
609041,43
609042,0
609043,0
609044,0
609045,0
609046,0
609047,0
609048,0
609049,34
609050,0
609051,0
609052,0
609053,0
609054,0
609055,37
609056,0
609057,0
609058,0
609059,35
609060,0
609061,0
609062,26
609063,0
609064,0
609065,31
609066,0
609067,33
609068,0
609069,39
609070,0
609071,0
609072,30
609073,0
609074,0
609075,0
609076,0
609077,0
609078,0
609079,39
609080,0
609081,0
609082,0
609083,0
609084,25
609085,0
609086,0
609087,0
609088,0
609089,0
609090,0
609091,0
609092,0
609093,0
609094,0
609095,24
609096,0
609097,28
609098,34
609099,28
609100,0
609101,29
609102,0
609103,0
609104,0
609105,0
609106,0
609107,0
609108,0
609109,23
609110,0
609111,0
609112,30
609113,0
609114,0
609115,35
609116,0
609117,40
609118,0
609119,0
609120,0
609121,0
609122,0
609123,34
609124,0
609125,0
609126,0
609127,0
609128,0
609129,0
609130,0
609131,23
609132,0
609133,42
609134,0
609135,0
609136,0
609137,21
609138,0
609139,30
609140,0
609141,0
609142,28
609143,0
609144,0
609145,21
609146,0
609147,38
609148,0
609149,0
609150,37
609151,36
609152,0
609153,0
609154,26
609155,0
609156,0
609157,0
609158,0
609159,0
609160,0
609161,29
609162,0
609163,32
609164,28
609165,25
609166,0
609167,35
609168,32
609169,0
609170,0
609171,0
609172,0
609173,0
609174,0
609175,0
609176,33
609177,0
609178,0
609179,36
609180,22
609181,0
609182,0
609183,0
609184,0
609185,0
609186,0
609187,0
609188,39
609189,0
609190,0
609191,0
609192,34
609193,0
609194,29
609195,0
609196,0
609197,27
609198,0
609199,0
609200,31
609201,19
609202,31
609203,0
609204,34
609205,0
609206,0
609207,20
609208,0
609209,13
609210,0
609211,0
609212,0
609213,31
609214,0
609215,0
609216,29
609217,25
609218,46
609219,0
609220,0
609221,0
609222,43
609223,28
609224,0
609225,0
609226,0
609227,0
609228,31
609229,41
609230,0
609231,0
609232,0
609233,0
609234,0
609235,0
609236,0
609237,31
609238,30
609239,0
609240,29
609241,0
609242,12
609243,0
609244,0
609245,44
609246,29
609247,0
609248,0
609249,35
609250,0
609251,0
609252,21
609253,0
609254,0
609255,0
609256,0
609257,0
609258,49
609259,0
609260,31
609261,0
609262,0
609263,0
609264,34
609265,0
609266,0
609267,0
609268,0
609269,0
609270,35
609271,0
609272,36
609273,0
609274,0
609275,0
609276,28
609277,0
609278,43
609279,0
609280,0
609281,0
609282,35
609283,0
609284,0
609285,0
609286,0
609287,34
609288,0
609289,35
609290,0
609291,0
609292,0
609293,0
609294,0
609295,0
609296,0
609297,0
609298,0
609299,0
609300,0
609301,25
609302,30
609303,28
609304,25
609305,0
609306,0
609307,0
609308,32
609309,0
609310,0
609311,30
609312,0
609313,0
609314,18
609315,0
609316,0
609317,0
609318,0
609319,36
609320,37
609321,0
609322,0
609323,0
609324,0
609325,34
609326,32
609327,0
609328,0
609329,0
609330,0
609331,0
609332,0
609333,37
609334,23
609335,41
609336,0
609337,0
609338,0
609339,24
609340,24
609341,0
609342,0
609343,32
609344,0
609345,20
609346,0
609347,0
609348,36
609349,0
609350,32
609351,0
609352,0
609353,0
609354,0
609355,29
609356,0
609357,28
609358,0
609359,0
609360,0
609361,0
609362,0
609363,0
609364,29
609365,0
609366,0
609367,0
609368,0
609369,0
609370,0
609371,0
609372,0
609373,31
609374,0
609375,0
609376,0
609377,0
609378,0
609379,41
609380,30
609381,35
609382,23
609383,0
609384,0
609385,0
609386,0
609387,0
609388,0
609389,21
609390,0
609391,0
609392,48
609393,0
609394,18
609395,0
609396,0
609397,0
609398,30
609399,0
609400,23
609401,0
609402,0
609403,0
609404,0
609405,27
609406,29
609407,0
609408,0
609409,24
609410,0
609411,0
609412,0
609413,0
609414,0
609415,0
609416,0
609417,0
609418,0
609419,0
609420,0
609421,41
609422,30
609423,0
609424,0
609425,0
609426,0
609427,37
609428,0
609429,0
609430,0
609431,0
609432,0
609433,0
609434,0
609435,0
609436,0
609437,0
609438,38
609439,26
609440,0
609441,0
609442,24
609443,0
609444,0
609445,0
609446,0
609447,0
609448,0
609449,0
609450,0
609451,0
609452,0
609453,0
609454,0
609455,0
609456,0
609457,0
609458,0
609459,0
609460,0
609461,0
609462,0
609463,36
609464,0
609465,0
609466,0
609467,0
609468,35
609469,0
609470,0
609471,0
609472,0
609473,0
609474,0
609475,0
609476,0
609477,0
609478,0
609479,25
609480,0
609481,22
609482,0
609483,0
609484,21
609485,0
609486,0
609487,23
609488,0
609489,0
609490,0
609491,0
609492,0
609493,31
609494,0
609495,0
609496,0
609497,33
609498,0
609499,0
609500,0
609501,0
609502,0
609503,0
609504,33
609505,0
609506,23
609507,0
609508,21
609509,0
609510,0
609511,0
609512,28
609513,0
609514,37
609515,32
609516,24
609517,0
609518,41
609519,35
609520,0
609521,0
609522,0
609523,0
609524,0
609525,0
609526,0
609527,0
609528,31
609529,26
609530,46
609531,0
609532,0
609533,36
609534,29
609535,30
609536,0
609537,0
609538,0
609539,0
609540,0
609541,0
609542,0
609543,23
609544,0
609545,30
609546,0
609547,0
609548,0
609549,0
609550,0
609551,27
609552,0
609553,19
609554,25
609555,35
609556,0
609557,0
609558,0
609559,0
609560,0
609561,0
609562,0
609563,0
609564,27
609565,0
609566,0
609567,25
609568,0
609569,46
609570,23
609571,22
609572,0
609573,23
609574,37
609575,31
609576,0
609577,19
609578,0
609579,25
609580,0
609581,0
609582,0
609583,0
609584,0
609585,0
609586,0
609587,0
609588,0
609589,29
609590,0
609591,0
609592,0
609593,0
609594,37
609595,0
609596,0
609597,23
609598,33
609599,31
609600,0
609601,40
609602,14
609603,0
609604,0
609605,0
609606,0
609607,0
609608,0
609609,0
609610,0
609611,29
609612,0
609613,0
609614,0
609615,0
609616,0
609617,0
609618,34
609619,0
609620,0
609621,28
609622,0
609623,0
609624,0
609625,0
609626,0
609627,0
609628,0
609629,0
609630,28
609631,24
609632,0
609633,0
609634,0
609635,33
609636,24
609637,0
609638,0
609639,0
609640,0
609641,16
609642,0
609643,29
609644,0
609645,0
609646,0
609647,0
609648,0
609649,0
609650,0
609651,0
609652,0
609653,33
609654,0
609655,0
609656,42
609657,0
609658,0
609659,0
609660,0
609661,0
609662,0
609663,32
609664,27
609665,0
609666,0
609667,0
609668,0
609669,0
609670,0
609671,0
609672,43
609673,36
609674,0
609675,0
609676,0
609677,0
609678,0
609679,0
609680,34
609681,0
609682,0
609683,0
609684,0
609685,0
609686,0
609687,0
609688,0
609689,0
609690,0
609691,0
609692,41
609693,0
609694,0
609695,0
609696,43
609697,0
609698,0
609699,0
609700,0
609701,0
609702,31
609703,0
609704,0
609705,23
609706,35
609707,25
609708,0
609709,0
609710,0
609711,0
609712,0
609713,0
609714,0
609715,30
609716,0
609717,28
609718,0
609719,0
609720,26
609721,0
609722,27
609723,20
609724,0
609725,0
609726,21
609727,0
609728,17
609729,0
609730,0
609731,35
609732,0
609733,0
609734,0
609735,0
609736,0
609737,0
609738,25
609739,0
609740,0
609741,0
609742,0
609743,27
609744,25
609745,20
609746,0
609747,0
609748,0
609749,0
609750,0
609751,34
609752,0
609753,0
609754,0
609755,0
609756,0
609757,0
609758,22
609759,0
609760,0
609761,0
609762,0
609763,0
609764,0
609765,16
609766,0
609767,0
609768,0
609769,0
609770,0
609771,0
609772,0
609773,0
609774,0
609775,28
609776,23
609777,0
609778,0
609779,0
609780,0
609781,0
609782,0
609783,0
609784,17
609785,0
609786,0
609787,29
609788,0
609789,21
609790,19
609791,24
609792,22
609793,0
609794,17
609795,0
609796,23
609797,0
609798,0
609799,0
609800,23
609801,0
609802,0
609803,0
609804,0
609805,0
609806,0
609807,0
609808,0
609809,0
609810,29
609811,0
609812,30
609813,15
609814,10
609815,28
609816,0
609817,0
609818,0
609819,0
609820,15
609821,0
609822,0
609823,0
609824,0
609825,0
609826,0
609827,0
609828,0
609829,0
609830,0
609831,17
609832,18
609833,0
609834,0
609835,0
609836,32
609837,0
609838,0
609839,22
609840,0
609841,0
609842,0
609843,0
609844,0
609845,22
609846,0
609847,0
609848,0
609849,0
609850,0
609851,23
609852,16
609853,26
609854,15
609855,0
609856,0
609857,0
609858,30
609859,0
609860,15
609861,0
609862,0
609863,21
609864,0
609865,0
609866,30
609867,0
609868,0
609869,0
609870,0
609871,0
609872,0
609873,27
609874,0
609875,0
609876,0
609877,0
609878,0
609879,29
609880,0
609881,28
609882,0
609883,0
609884,0
609885,0
609886,29
609887,0
609888,0
609889,0
609890,0
609891,0
609892,30
609893,0
609894,29
609895,20
609896,23
609897,0
609898,0
609899,30
609900,26
609901,40
609902,35
609903,27
609904,18
609905,17
609906,0
609907,0
609908,38
609909,29
609910,0
609911,0
609912,15
609913,0
609914,0
609915,0
609916,0
609917,0
609918,0
609919,0
609920,0
609921,0
609922,0
609923,0
609924,23
609925,0
609926,0
609927,23
609928,0
609929,0
609930,19
609931,26
609932,0
609933,0
609934,26
609935,20
609936,0
609937,19
609938,0
609939,0
609940,0
609941,36
609942,0
609943,0
609944,0
609945,0
609946,0
609947,0
609948,17
609949,0
609950,0
609951,0
609952,0
609953,0
609954,0
609955,0
609956,0
609957,0
609958,0
609959,0
609960,0
609961,0
609962,23
609963,37
609964,0
609965,11
609966,31
609967,0
609968,25
609969,0
609970,21
609971,33
609972,0
609973,0
609974,0
609975,10
609976,0
609977,0
609978,0
609979,24
609980,40
609981,22
609982,0
609983,0
609984,0
609985,0
609986,17
609987,0
609988,19
609989,0
609990,0
609991,0
609992,0
609993,0
609994,0
609995,0
609996,21
609997,0
609998,0
609999,0
610000,29
610001,0
610002,0
610003,0
610004,0
610005,24
610006,0
610007,0
610008,0
610009,21
610010,0
610011,0
610012,30
610013,0
610014,0
610015,0
610016,29
610017,0
610018,0
610019,17
610020,0
610021,0
610022,0
610023,0
610024,14
610025,0
610026,0
610027,21
610028,0
610029,17
610030,0
610031,0
610032,24
610033,0
610034,0
610035,0
610036,24
610037,0
610038,0
610039,0
610040,0
610041,0
610042,0
610043,37
610044,0
610045,0
610046,26
610047,19
610048,0
610049,0
610050,0
610051,0
610052,0
610053,32
610054,27
610055,0
610056,38
610057,0
610058,0
610059,16
610060,22
610061,0
610062,0
610063,0
610064,0
610065,0
610066,34
610067,0
610068,0
610069,24
610070,0
610071,0
610072,0
610073,0
610074,0
610075,0
610076,0
610077,24
610078,0
610079,25
610080,0
610081,0
610082,0
610083,0
610084,0
610085,0
610086,0
610087,0
610088,0
610089,0
610090,23
610091,0
610092,0
610093,0
610094,0
610095,0
610096,16
610097,29
610098,0
610099,0
610100,26
610101,0
610102,0
610103,0
610104,0
610105,0
610106,0
610107,12
610108,0
610109,19
610110,0
610111,0
610112,0
610113,0
610114,0
610115,0
610116,0
610117,0
610118,0
610119,0
610120,0
610121,0
610122,0
610123,18
610124,26
610125,0
610126,0
610127,0
610128,21
610129,0
610130,0
610131,0
610132,0
610133,22
610134,0
610135,0
610136,0
610137,0
610138,0
610139,26
610140,24
610141,17
610142,0
610143,14
610144,0
610145,26
610146,0
610147,0
610148,0
610149,0
610150,0
610151,27
610152,0
610153,0
610154,0
610155,0
610156,0
610157,0
610158,0
610159,0
610160,0
610161,17
610162,0
610163,0
610164,0
610165,0
610166,0
610167,20
610168,20
610169,0
610170,0
610171,0
610172,0
610173,0
610174,0
610175,0
610176,0
610177,0
610178,0
610179,41
610180,24
610181,27
610182,0
610183,0
610184,27
610185,19
610186,0
610187,0
610188,0
610189,0
610190,0
610191,0
610192,0
610193,0
610194,0
610195,15
610196,0
610197,0
610198,0
610199,0
610200,23
610201,30
610202,0
610203,0
610204,16
610205,0
610206,0
610207,0
610208,0
610209,0
610210,25
610211,0
610212,0
610213,0
610214,0
610215,0
610216,18
610217,0
610218,0
610219,0
610220,0
610221,19
610222,0
610223,0
610224,21
610225,0
610226,0
610227,0
610228,0
610229,0
610230,0
610231,0
610232,0
610233,19
610234,0
610235,0
610236,29
610237,0
610238,0
610239,0
610240,18
610241,0
610242,0
610243,0
610244,0
610245,0
610246,0
610247,0
610248,0
610249,20
610250,31
610251,0
610252,0
610253,0
610254,25
610255,0
610256,0
610257,0
610258,0
610259,0
610260,0
610261,0
610262,0
610263,0
610264,0
610265,0
610266,0
610267,0
610268,0
610269,0
610270,0
610271,25
610272,18
610273,0
610274,0
610275,0
610276,24
610277,0
610278,0
610279,0
610280,0
610281,0
610282,0
610283,23
610284,0
610285,0
610286,0
610287,0
610288,0
610289,0
610290,30
610291,0
610292,0
610293,0
610294,0
610295,24
610296,0
610297,0
610298,0
610299,0
610300,26
610301,24
610302,0
610303,24
610304,0
610305,27
610306,0
610307,0
610308,0
610309,16
610310,0
610311,0
610312,0
610313,0
610314,0
610315,0
610316,0
610317,0
610318,0
610319,0
610320,24
610321,28
610322,0
610323,0
610324,31
610325,0
610326,0
610327,0
610328,23
610329,0
610330,0
610331,0
610332,0
610333,0
610334,19
610335,0
610336,0
610337,0
610338,0
610339,0
610340,0
610341,31
610342,0
610343,0
610344,0
610345,0
610346,24
610347,0
610348,0
610349,0
610350,0
610351,0
610352,18
610353,31
610354,0
610355,0
610356,34
610357,18
610358,0
610359,0
610360,0
610361,0
610362,0
610363,22
610364,0
610365,0
610366,0
610367,0
610368,0
610369,0
610370,0
610371,0
610372,0
610373,20
610374,0
610375,0
610376,0
610377,22
610378,0
610379,35
610380,0
610381,0
610382,0
610383,0
610384,0
610385,0
610386,30
610387,29
610388,0
610389,0
610390,0
610391,0
610392,27
610393,0
610394,0
610395,0
610396,0
610397,0
610398,0
610399,0
610400,0
610401,0
610402,20
610403,0
610404,0
610405,0
610406,0
610407,0
610408,16
610409,0
610410,0
610411,0
610412,0
610413,0
610414,0
610415,0
610416,0
610417,0
610418,0
610419,0
610420,0
610421,0
610422,0
610423,0
610424,22
610425,0
610426,0
610427,0
610428,0
610429,0
610430,0
610431,0
610432,0
610433,0
610434,0
610435,0
610436,0
610437,35
610438,0
610439,0
610440,0
610441,0
610442,0
610443,0
610444,0
610445,0
610446,0
610447,0
610448,0
610449,26
610450,0
610451,0
610452,0
610453,38
610454,0
610455,0
610456,0
610457,0
610458,32
610459,0
610460,0
610461,0
610462,0
610463,0
610464,19
610465,0
610466,0
610467,0
610468,24
610469,25
610470,0
610471,0
610472,0
610473,0
610474,0
610475,0
610476,0
610477,0
610478,33
610479,0
610480,26
610481,0
610482,0
610483,0
610484,0
610485,0
610486,0
610487,0
610488,0
610489,0
610490,0
610491,0
610492,0
610493,0
610494,0
610495,0
610496,0
610497,0
610498,0
610499,0
610500,0
610501,0
610502,0
610503,0
610504,0
610505,27
610506,0
610507,0
610508,0
610509,0
610510,34
610511,0
610512,0
610513,0
610514,0
610515,0
610516,0
610517,0
610518,0
610519,0
610520,16
610521,0
610522,29
610523,0
610524,0
610525,0
610526,0
610527,0
610528,0
610529,0
610530,0
610531,0
610532,0
610533,0
610534,0
610535,0
610536,0
610537,0
610538,0
610539,0
610540,0
610541,0
610542,36
610543,0
610544,0
610545,0
610546,0
610547,0
610548,0
610549,34
610550,0
610551,0
610552,0
610553,0
610554,0
610555,0
610556,0
610557,0
610558,0
610559,0
610560,0
610561,0
610562,21
610563,26
610564,0
610565,0
610566,0
610567,0
610568,0
610569,0
610570,0
610571,0
610572,0
610573,0
610574,0
610575,0
610576,0
610577,0
610578,0
610579,0
610580,0
610581,0
610582,0
610583,0
610584,0
610585,0
610586,29
610587,57
610588,0
610589,0
610590,0
610591,0
610592,18
610593,0
610594,0
610595,0
610596,0
610597,0
610598,29
610599,0
610600,0
610601,0
610602,0
610603,0
610604,0
610605,0
610606,0
610607,0
610608,0
610609,0
610610,0
610611,31
610612,0
610613,0
610614,0
610615,0
610616,0
610617,0
610618,0
610619,0
610620,29
610621,0
610622,0
610623,0
610624,0
610625,0
610626,0
610627,0
610628,0
610629,0
610630,50
610631,0
610632,0
610633,0
610634,0
610635,0
610636,0
610637,0
610638,0
610639,0
610640,0
610641,0
610642,0
610643,0
610644,33
610645,0
610646,0
610647,0
610648,0
610649,0
610650,0
610651,0
610652,0
610653,0
610654,0
610655,28
610656,0
610657,0
610658,0
610659,0
610660,34
610661,0
610662,0
610663,0
610664,0
610665,0
610666,0
610667,0
610668,0
610669,0
610670,0
610671,0
610672,0
610673,0
610674,0
610675,0
610676,0
610677,0
610678,0
610679,0
610680,0
610681,0
610682,0
610683,32
610684,0
610685,0
610686,0
610687,0
610688,0
610689,0
610690,0
610691,0
610692,0
610693,39
610694,0
610695,0
610696,0
610697,0
610698,0
610699,31
610700,0
610701,0
610702,0
610703,0
610704,0
610705,32
610706,0
610707,0
610708,0
610709,0
610710,0
610711,0
610712,0
610713,0
610714,0
610715,0
610716,0
610717,0
610718,0
610719,0
610720,0
610721,0
610722,0
610723,0
610724,0
610725,0
610726,0
610727,0
610728,0
610729,0
610730,0
610731,0
610732,0
610733,0
610734,0
610735,0
610736,0
610737,0
610738,0
610739,0
610740,0
610741,0
610742,0
610743,0
610744,0
610745,0
610746,0
610747,0
610748,0
610749,0
610750,0
610751,0
610752,0
610753,0
610754,0
610755,0
610756,0
610757,0
610758,0
610759,0
610760,0
610761,0
610762,0
610763,0
610764,0
610765,0
610766,0
610767,27
610768,0
610769,0
610770,0
610771,0
610772,0
610773,0
610774,0
610775,0
610776,0
610777,0
610778,0
610779,0
610780,0
610781,0
610782,30
610783,0
610784,0
610785,0
610786,0
610787,0
610788,0
610789,0
610790,0
610791,26
610792,0
610793,0
610794,21
610795,0
610796,0
610797,0
610798,10
610799,10
610800,0
610801,0
610802,0
610803,18
610804,0
610805,0
610806,0
610807,0
610808,0
610809,0
610810,16
610811,11
610812,22
610813,0
610814,10
610815,0
610816,0
610817,0
610818,0
610819,0
610820,10
610821,0
610822,0
610823,0
610824,0
610825,0
610826,0
610827,0
610828,0
610829,0
610830,0
610831,10
610832,0
610833,8
610834,0
610835,0
610836,0
610837,0
610838,0
610839,0
610840,0
610841,11
610842,0
610843,0
610844,0
610845,0
610846,0
610847,0
610848,0
610849,0
610850,0
610851,0
610852,0
610853,7
610854,0
610855,0
610856,11
610857,9
610858,0
610859,7
610860,10
610861,0
610862,10
610863,3
610864,0
610865,0
610866,0
610867,0
610868,12
610869,0
610870,0
610871,0
610872,0
610873,0
610874,0
610875,0
610876,12
610877,0
610878,13
610879,0
610880,19
610881,13
610882,14
610883,0
610884,0
610885,0
610886,0
610887,0
610888,0
610889,0
610890,16
610891,12
610892,9
610893,0
610894,0
610895,0
610896,0
610897,0
610898,0
610899,0
610900,0
610901,0
610902,0
610903,0
610904,11
610905,16
610906,0
610907,15
610908,0
610909,0
610910,16
610911,0
610912,15
610913,14
610914,0
610915,0
610916,14
610917,0
610918,9
610919,0
610920,0
610921,0
610922,0
610923,0
610924,0
610925,0
610926,10
610927,14
610928,10
610929,0
610930,0
610931,21
610932,0
610933,0
610934,8
610935,12
610936,0
610937,8
610938,0
610939,0
610940,17
610941,0
610942,8
610943,0
610944,8
610945,0
610946,0
610947,0
610948,0
610949,0
610950,0
610951,0
610952,8
610953,19
610954,0
610955,0
610956,14
610957,0
610958,13
610959,0
610960,0
610961,0
610962,0
610963,0
610964,0
610965,11
610966,19
610967,11
610968,16
610969,9
610970,0
610971,15
610972,0
610973,0
610974,17
610975,0
610976,7
610977,0
610978,0
610979,16
610980,0
610981,0
610982,0
610983,15
610984,0
610985,0
610986,0
610987,0
610988,0
610989,0
610990,0
610991,0
610992,0
610993,0
610994,0
610995,0
610996,0
610997,0
610998,0
610999,0
611000,12
611001,0
611002,0
611003,3
611004,9
611005,0
611006,0
611007,46
611008,0
611009,0
611010,0
611011,0
611012,29
611013,0
611014,0
611015,0
611016,0
611017,0
611018,42
611019,0
611020,0
611021,0
611022,0
611023,0
611024,0
611025,47
611026,46
611027,37
611028,0
611029,37
611030,0
611031,0
611032,0
611033,0
611034,0
611035,0
611036,0
611037,0
611038,0
611039,0
611040,0
611041,28
611042,0
611043,0
611044,34
611045,0
611046,39
611047,0
611048,0
611049,0
611050,0
611051,43
611052,0
611053,43
611054,0
611055,26
611056,0
611057,0
611058,0
611059,0
611060,0
611061,0
611062,0
611063,0
611064,0
611065,0
611066,0
611067,0
611068,0
611069,32
611070,0
611071,0
611072,0
611073,32
611074,0
611075,0
611076,0
611077,0
611078,0
611079,0
611080,0
611081,0
611082,0
611083,0
611084,0
611085,0
611086,0
611087,46
611088,0
611089,0
611090,34
611091,0
611092,0
611093,0
611094,36
611095,0
611096,0
611097,0
611098,0
611099,0
611100,0
611101,0
611102,0
611103,0
611104,0
611105,0
611106,0
611107,0
611108,0
611109,0
611110,0
611111,0
611112,0
611113,0
611114,43
611115,0
611116,0
611117,0
611118,0
611119,0
611120,0
611121,0
611122,18
611123,32
611124,0
611125,0
611126,0
611127,0
611128,0
611129,0
611130,0
611131,0
611132,37
611133,0
611134,18
611135,0
611136,0
611137,0
611138,0
611139,0
611140,0
611141,0
611142,0
611143,0
611144,0
611145,0
611146,0
611147,50
611148,0
611149,0
611150,0
611151,0
611152,0
611153,0
611154,0
611155,0
611156,0
611157,0
611158,33
611159,0
611160,0
611161,0
611162,0
611163,0
611164,0
611165,0
611166,0
611167,0
611168,0
611169,0
611170,0
611171,0
611172,0
611173,0
611174,0
611175,0
611176,0
611177,0
611178,0
611179,0
611180,0
611181,36
611182,0
611183,0
611184,0
611185,0
611186,0
611187,0
611188,0
611189,0
611190,0
611191,0
611192,0
611193,0
611194,37
611195,0
611196,0
611197,0
611198,14
611199,0
611200,0
611201,0
611202,0
611203,0
611204,22
611205,0
611206,0
611207,0
611208,0
611209,39
611210,0
611211,37
611212,0
611213,29
611214,0
611215,0
611216,0
611217,0
611218,37
611219,0
611220,0
611221,31
611222,0
611223,0
611224,0
611225,0
611226,25
611227,0
611228,0
611229,0
611230,0
611231,0
611232,41
611233,33
611234,0
611235,0
611236,0
611237,0
611238,0
611239,48
611240,0
611241,0
611242,0
611243,0
611244,46
611245,0
611246,25
611247,0
611248,49
611249,0
611250,37
611251,0
611252,0
611253,0
611254,33
611255,41
611256,0
611257,0
611258,0
611259,0
611260,0
611261,0
611262,45
611263,0
611264,0
611265,35
611266,0
611267,0
611268,0
611269,46
611270,0
611271,0
611272,0
611273,45
611274,38
611275,0
611276,0
611277,0
611278,0
611279,0
611280,0
611281,0
611282,0
611283,0
611284,0
611285,0
611286,0
611287,0
611288,0
611289,0
611290,0
611291,0
611292,0
611293,0
611294,30
611295,0
611296,0
611297,0
611298,33
611299,0
611300,0
611301,0
611302,0
611303,0
611304,0
611305,54
611306,0
611307,0
611308,0
611309,0
611310,0
611311,0
611312,0
611313,0
611314,0
611315,0
611316,0
611317,46
611318,0
611319,0
611320,0
611321,0
611322,0
611323,44
611324,40
611325,0
611326,30
611327,0
611328,0
611329,0
611330,0
611331,37
611332,0
611333,0
611334,0
611335,0
611336,0
611337,0
611338,0
611339,0
611340,39
611341,35
611342,0
611343,0
611344,0
611345,0
611346,0
611347,0
611348,37
611349,0
611350,0
611351,0
611352,21
611353,0
611354,0
611355,0
611356,57
611357,43
611358,0
611359,0
611360,0
611361,0
611362,30
611363,27
611364,0
611365,0
611366,0
611367,0
611368,0
611369,39
611370,0
611371,0
611372,0
611373,0
611374,0
611375,0
611376,0
611377,0
611378,0
611379,46
611380,0
611381,0
611382,0
611383,0
611384,49
611385,0
611386,0
611387,36
611388,0
611389,0
611390,0
611391,27
611392,0
611393,0
611394,0
611395,40
611396,0
611397,0
611398,50
611399,33
611400,42
611401,0
611402,0
611403,0
611404,0
611405,0
611406,0
611407,0
611408,0
611409,0
611410,0
611411,0
611412,0
611413,0
611414,0
611415,0
611416,26
611417,0
611418,22
611419,0
611420,0
611421,0
611422,0
611423,34
611424,0
611425,0
611426,0
611427,0
611428,0
611429,0
611430,0
611431,0
611432,51
611433,0
611434,0
611435,32
611436,29
611437,0
611438,0
611439,28
611440,0
611441,0
611442,38
611443,0
611444,0
611445,0
611446,45
611447,0
611448,0
611449,26
611450,0
611451,0
611452,0
611453,24
611454,0
611455,0
611456,0
611457,0
611458,34
611459,0
611460,0
611461,0
611462,0
611463,38
611464,0
611465,0
611466,0
611467,0
611468,27
611469,0
611470,0
611471,0
611472,0
611473,0
611474,40
611475,0
611476,0
611477,0
611478,0
611479,0
611480,0
611481,0
611482,0
611483,0
611484,0
611485,0
611486,0
611487,18
611488,0
611489,42
611490,0
611491,0
611492,20
611493,33
611494,0
611495,0
611496,0
611497,0
611498,0
611499,0
611500,0
611501,0
611502,0
611503,0
611504,0
611505,0
611506,0
611507,0
611508,0
611509,0
611510,0
611511,0
611512,0
611513,0
611514,0
611515,0
611516,0
611517,0
611518,0
611519,0
611520,36
611521,0
611522,0
611523,0
611524,0
611525,0
611526,0
611527,0
611528,27
611529,33
611530,0
611531,0
611532,0
611533,0
611534,32
611535,23
611536,0
611537,0
611538,0
611539,0
611540,0
611541,0
611542,0
611543,0
611544,0
611545,0
611546,0
611547,0
611548,0
611549,0
611550,0
611551,0
611552,0
611553,0
611554,47
611555,0
611556,0
611557,0
611558,37
611559,0
611560,0
611561,0
611562,0
611563,46
611564,43
611565,0
611566,38
611567,0
611568,0
611569,0
611570,0
611571,0
611572,0
611573,0
611574,0
611575,0
611576,0
611577,0
611578,44
611579,0
611580,0
611581,0
611582,0
611583,40
611584,0
611585,0
611586,0
611587,0
611588,0
611589,0
611590,0
611591,0
611592,0
611593,0
611594,0
611595,0
611596,0
611597,41
611598,0
611599,65
611600,0
611601,0
611602,0
611603,0
611604,32
611605,0
611606,0
611607,0
611608,0
611609,0
611610,0
611611,0
611612,0
611613,25
611614,0
611615,58
611616,0
611617,0
611618,0
611619,0
611620,34
611621,0
611622,36
611623,0
611624,0
611625,0
611626,0
611627,0
611628,0
611629,0
611630,0
611631,0
611632,0
611633,0
611634,0
611635,0
611636,0
611637,37
611638,0
611639,0
611640,0
611641,0
611642,0
611643,0
611644,0
611645,0
611646,0
611647,0
611648,0
611649,0
611650,0
611651,0
611652,0
611653,0
611654,36
611655,0
611656,0
611657,0
611658,0
611659,0
611660,22
611661,54
611662,0
611663,23
611664,0
611665,0
611666,0
611667,32
611668,0
611669,0
611670,44
611671,0
611672,0
611673,0
611674,0
611675,25
611676,0
611677,0
611678,0
611679,33
611680,0
611681,35
611682,37
611683,0
611684,0
611685,27
611686,0
611687,29
611688,0
611689,0
611690,26
611691,0
611692,0
611693,34
611694,34
611695,0
611696,0
611697,0
611698,38
611699,0
611700,0
611701,0
611702,0
611703,0
611704,25
611705,0
611706,41
611707,0
611708,0
611709,0
611710,0
611711,0
611712,0
611713,0
611714,0
611715,0
611716,0
611717,44
611718,0
611719,0
611720,0
611721,0
611722,0
611723,0
611724,25
611725,0
611726,0
611727,0
611728,0
611729,0
611730,0
611731,0
611732,0
611733,33
611734,0
611735,0
611736,0
611737,30
611738,0
611739,0
611740,0
611741,0
611742,0
611743,0
611744,0
611745,0
611746,0
611747,0
611748,0
611749,0
611750,0
611751,26
611752,0
611753,0
611754,0
611755,24
611756,46
611757,0
611758,0
611759,0
611760,0
611761,0
611762,0
611763,0
611764,0
611765,0
611766,0
611767,0
611768,0
611769,0
611770,57
611771,0
611772,0
611773,0
611774,0
611775,0
611776,0
611777,52
611778,0
611779,0
611780,0
611781,35
611782,0
611783,0
611784,33
611785,0
611786,38
611787,0
611788,0
611789,0
611790,0
611791,0
611792,0
611793,0
611794,0
611795,0
611796,0
611797,0
611798,0
611799,0
611800,0
611801,0
611802,0
611803,0
611804,0
611805,0
611806,0
611807,0
611808,0
611809,0
611810,0
611811,0
611812,38
611813,0
611814,0
611815,0
611816,0
611817,31
611818,0
611819,0
611820,0
611821,25
611822,0
611823,0
611824,39
611825,0
611826,0
611827,0
611828,0
611829,0
611830,0
611831,0
611832,0
611833,33
611834,0
611835,0
611836,0
611837,0
611838,0
611839,0
611840,0
611841,0
611842,0
611843,0
611844,0
611845,35
611846,0
611847,0
611848,0
611849,0
611850,0
611851,0
611852,33
611853,0
611854,0
611855,0
611856,0
611857,0
611858,0
611859,0
611860,0
611861,0
611862,0
611863,0
611864,0
611865,0
611866,0
611867,0
611868,0
611869,35
611870,40
611871,0
611872,0
611873,0
611874,0
611875,0
611876,0
611877,0
611878,0
611879,0
611880,0
611881,0
611882,0
611883,35
611884,45
611885,0
611886,0
611887,0
611888,0
611889,0
611890,0
611891,0
611892,0
611893,30
611894,27
611895,0
611896,0
611897,0
611898,32
611899,0
611900,30
611901,0
611902,0
611903,0
611904,0
611905,0
611906,0
611907,36
611908,36
611909,37
611910,0
611911,34
611912,0
611913,0
611914,0
611915,23
611916,34
611917,0
611918,0
611919,0
611920,40
611921,0
611922,0
611923,0
611924,0
611925,0
611926,0
611927,0
611928,44
611929,0
611930,0
611931,0
611932,30
611933,34
611934,0
611935,0
611936,0
611937,46
611938,0
611939,46
611940,0
611941,0
611942,0
611943,0
611944,0
611945,0
611946,0
611947,31
611948,0
611949,33
611950,14
611951,24
611952,0
611953,0
611954,0
611955,0
611956,0
611957,0
611958,18
611959,0
611960,49
611961,0
611962,0
611963,0
611964,0
611965,0
611966,0
611967,51
611968,0
611969,0
611970,0
611971,0
611972,0
611973,0
611974,0
611975,28
611976,0
611977,0
611978,0
611979,0
611980,0
611981,24
611982,0
611983,0
611984,0
611985,40
611986,42
611987,0
611988,0
611989,0
611990,0
611991,0
611992,0
611993,0
611994,0
611995,0
611996,0
611997,0
611998,0
611999,0
612000,29
612001,0
612002,0
612003,0
612004,27
612005,0
612006,0
612007,0
612008,0
612009,0
612010,0
612011,34
612012,0
612013,0
612014,0
612015,0
612016,0
612017,0
612018,16
612019,0
612020,22
612021,0
612022,0
612023,0
612024,0
612025,0
612026,0
612027,58
612028,33
612029,0
612030,14
612031,45
612032,0
612033,0
612034,0
612035,0
612036,0
612037,0
612038,0
612039,0
612040,0
612041,0
612042,0
612043,0
612044,0
612045,0
612046,17
612047,0
612048,0
612049,40
612050,0
612051,0
612052,19
612053,0
612054,16
612055,0
612056,0
612057,0
612058,0
612059,40
612060,0
612061,0
612062,0
612063,0
612064,0
612065,17
612066,0
612067,44
612068,0
612069,0
612070,0
612071,9
612072,0
612073,0
612074,0
612075,0
612076,0
612077,0
612078,0
612079,0
612080,39
612081,0
612082,0
612083,0
612084,0
612085,0
612086,13
612087,0
612088,0
612089,0
612090,0
612091,0
612092,0
612093,0
612094,0
612095,0
612096,8
612097,0
612098,0
612099,0
612100,0
612101,8
612102,0
612103,0
612104,0
612105,0
612106,0
612107,0
612108,0
612109,0
612110,0
612111,0
612112,0
612113,0
612114,3
612115,0
612116,0
612117,0
612118,0
612119,0
612120,0
612121,2
612122,0
612123,0
612124,0
612125,0
612126,0
612127,0
612128,0
612129,11
612130,0
612131,0
612132,0
612133,4
612134,0
612135,0
612136,0
612137,0
612138,0
612139,0
612140,0
612141,0
612142,0
612143,0
612144,0
612145,0
612146,0
612147,0
612148,0
612149,0
612150,0
612151,0
612152,0
612153,0
612154,8
612155,0
612156,0
612157,0
612158,0
612159,0
612160,0
612161,7
612162,0
612163,0
612164,0
612165,0
612166,0
612167,0
612168,0
612169,0
612170,0
612171,0
612172,0
612173,0
612174,0
612175,0
612176,0
612177,0
612178,0
612179,0
612180,0
612181,0
612182,0
612183,0
612184,0
612185,0
612186,0
612187,0
612188,0
612189,0
612190,0
612191,0
612192,0
612193,0
612194,4
612195,0
612196,3
612197,0
612198,1
612199,0
612200,0
612201,0
612202,0
612203,0
612204,4
612205,0
612206,0
612207,0
612208,0
612209,0
612210,0
612211,0
612212,9
612213,0
612214,0
612215,0
612216,4
612217,0
612218,0
612219,0
612220,0
612221,0
612222,0
612223,0
612224,0
612225,0
612226,0
612227,0
612228,0
612229,0
612230,6
612231,0
612232,0
612233,0
612234,0
612235,0
612236,0
612237,0
612238,0
612239,0
612240,0
612241,0
612242,0
612243,0
612244,0
612245,0
612246,0
612247,0
612248,3
612249,0
612250,0
612251,0
612252,0
612253,3
612254,0
612255,0
612256,0
612257,0
612258,4
612259,0
612260,0
612261,0
612262,0
612263,8
612264,0
612265,0
612266,0
612267,0
612268,0
612269,0
612270,0
612271,0
612272,0
612273,0
612274,3
612275,0
612276,0
612277,0
612278,0
612279,3
612280,0
612281,0
612282,1
612283,0
612284,0
612285,5
612286,7
612287,0
612288,0
612289,0
612290,0
612291,0
612292,0
612293,0
612294,0
612295,0
612296,0
612297,0
612298,0
612299,0
612300,0
612301,0
612302,0
612303,0
612304,0
612305,0
612306,0
612307,0
612308,0
612309,0
612310,0
612311,0
612312,0
612313,0
612314,0
612315,0
612316,0
612317,0
612318,0
612319,0
612320,2
612321,0
612322,7
612323,0
612324,0
612325,0
612326,0
612327,0
612328,5
612329,0
612330,0
612331,0
612332,0
612333,0
612334,0
612335,0
612336,0
612337,0
612338,0
612339,0
612340,0
612341,0
612342,0
612343,0
612344,0
612345,0
612346,0
612347,0
612348,0
612349,0
612350,0
612351,0
612352,0
612353,0
612354,0
612355,0
612356,0
612357,38
612358,41
612359,0
612360,59
612361,0
612362,0
612363,0
612364,0
612365,0
612366,28
612367,0
612368,0
612369,0
612370,0
612371,0
612372,0
612373,0
612374,0
612375,29
612376,0
612377,0
612378,0
612379,0
612380,0
612381,0
612382,0
612383,0
612384,0
612385,0
612386,0
612387,0
612388,0
612389,0
612390,0
612391,0
612392,0
612393,0
612394,0
612395,0
612396,0
612397,0
612398,0
612399,0
612400,0
612401,0
612402,0
612403,0
612404,0
612405,0
612406,0
612407,0
612408,0
612409,0
612410,0
612411,0
612412,0
612413,0
612414,0
612415,0
612416,0
612417,0
612418,0
612419,0
612420,0
612421,0
612422,0
612423,0
612424,0
612425,0
612426,0
612427,0
612428,0
612429,0
612430,0
612431,0
612432,0
612433,0
612434,0
612435,0
612436,1
612437,0
612438,0
612439,0
612440,0
612441,0
612442,0
612443,0
612444,0
612445,0
612446,0
612447,0
612448,0
612449,0
612450,0
612451,0
612452,0
612453,0
612454,0
612455,0
612456,0
612457,0
612458,0
612459,0
612460,0
612461,0
612462,0
612463,0
612464,0
612465,0
612466,0
612467,0
612468,0
612469,0
612470,0
612471,0
612472,0
612473,0
612474,0
612475,0
612476,0
612477,0
612478,0
612479,0
612480,0
612481,0
612482,0
612483,1
612484,0
612485,0
612486,0
612487,0
612488,0
612489,0
612490,0
612491,0
612492,0
612493,0
612494,0
612495,0
612496,0
612497,0
612498,0
612499,0
612500,0
612501,0
612502,0
612503,0
612504,0
612505,0
612506,0
612507,0
612508,0
612509,0
612510,0
612511,0
612512,0
612513,0
612514,0
612515,0
612516,0
612517,0
612518,0
612519,0
612520,0
612521,0
612522,0
612523,0
612524,0
612525,0
612526,0
612527,0
612528,0
612529,0
612530,0
612531,0
612532,0
612533,0
612534,0
612535,0
612536,0
612537,0
612538,0
612539,0
612540,0
612541,0
612542,0
612543,0
612544,0
612545,0
612546,0
612547,0
612548,0
612549,0
612550,0
612551,0
612552,0
612553,0
612554,0
612555,0
612556,0
612557,0
612558,0
612559,0
612560,0
612561,0
612562,0
612563,0
612564,0
612565,0
612566,0
612567,0
612568,0
612569,0
612570,0
612571,0
612572,0
612573,0
612574,0
612575,0
612576,0
612577,0
612578,0
612579,0
612580,0
612581,0
612582,0
612583,0
612584,0
612585,0
612586,0
612587,0
612588,0
612589,0
612590,0
612591,0
612592,0
612593,0
612594,0
612595,0
612596,0
612597,0
612598,0
612599,0
612600,0
612601,0
612602,0
612603,0
612604,0
612605,0
612606,0
612607,0
612608,0
612609,0
612610,0
612611,0
612612,0
612613,0
612614,0
612615,0
612616,0
612617,0
612618,0
612619,0
612620,0
612621,0
612622,0
612623,0
612624,0
612625,0
612626,0
612627,0
612628,0
612629,0
612630,0
612631,0
612632,0
612633,0
612634,0
612635,0
612636,0
612637,0
612638,0
612639,0
612640,0
612641,0
612642,0
612643,0
612644,0
612645,0
612646,0
612647,0
612648,0
612649,0
612650,0
612651,0
612652,0
612653,0
612654,0
612655,0
612656,0
612657,0
612658,0
612659,0
612660,0
612661,0
612662,0
612663,0
612664,0
612665,0
612666,1
612667,0
612668,0
612669,0
612670,0
612671,0
612672,0
612673,0
612674,0
612675,0
612676,0
612677,0
612678,0
612679,0
612680,0
612681,0
612682,0
612683,0
612684,0
612685,0
612686,0
612687,0
612688,0
612689,0
612690,0
612691,0
612692,0
612693,0
612694,0
612695,0
612696,0
612697,0
612698,0
612699,0
612700,0
612701,0
612702,0
612703,0
612704,0
612705,0
612706,0
612707,0
612708,0
612709,0
612710,0
612711,0
612712,0
612713,0
612714,0
612715,0
612716,0
612717,0
612718,0
612719,0
612720,0
612721,0
612722,0
612723,0
612724,0
612725,0
612726,0
612727,0
612728,0
612729,0
612730,0
612731,0
612732,0
612733,0
612734,0
612735,0
612736,0
612737,0
612738,0
612739,0
612740,0
612741,0
612742,0
612743,0
612744,0
612745,0
612746,0
612747,0
612748,0
612749,0
612750,0
612751,0
612752,0
612753,0
612754,0
612755,0
612756,0
612757,0
612758,0
612759,0
612760,0
612761,0
612762,0
612763,0
612764,0
612765,0
612766,0
612767,0
612768,0
612769,0
612770,0
612771,0
612772,0
612773,0
612774,0
612775,0
612776,0
612777,0
612778,0
612779,0
612780,0
612781,0
612782,0
612783,0
612784,0
612785,0
612786,0
612787,0
612788,0
612789,0
612790,0
612791,0
612792,0
612793,0
612794,0
612795,0
612796,0
612797,0
612798,0
612799,0
612800,0
612801,0
612802,0
612803,0
612804,0
612805,0
612806,0
612807,0
612808,0
612809,0
612810,0
612811,0
612812,0
612813,0
612814,0
612815,0
612816,0
612817,0
612818,0
612819,0
612820,0
612821,0
612822,0
612823,0
612824,0
612825,0
612826,0
612827,0
612828,0
612829,0
612830,0
612831,0
612832,0
612833,0
612834,0
612835,0
612836,0
612837,0
612838,0
612839,10
612840,0
612841,0
612842,0
612843,0
612844,0
612845,0
612846,0
612847,0
612848,0
612849,0
612850,0
612851,0
612852,0
612853,0
612854,0
612855,0
612856,0
612857,8
612858,0
612859,0
612860,0
612861,0
612862,0
612863,0
612864,0
612865,0
612866,0
612867,0
612868,0
612869,0
612870,0
612871,0
612872,0
612873,0
612874,0
612875,0
612876,10
612877,0
612878,0
612879,0
612880,0
612881,0
612882,0
612883,0
612884,0
612885,0
612886,0
612887,0
612888,11
612889,0
612890,0
612891,0
612892,0
612893,0
612894,0
612895,0
612896,9
612897,0
612898,0
612899,0
612900,0
612901,0
612902,0
612903,0
612904,0
612905,0
612906,0
612907,0
612908,0
612909,0
612910,0
612911,0
612912,0
612913,0
612914,0
612915,0
612916,0
612917,0
612918,0
612919,0
612920,0
612921,0
612922,0
612923,0
612924,5
612925,0
612926,0
612927,0
612928,0
612929,0
612930,0
612931,0
612932,0
612933,0
612934,0
612935,6
612936,0
612937,0
612938,0
612939,0
612940,0
612941,0
612942,0
612943,0
612944,7
612945,0
612946,0
612947,0
612948,0
612949,0
612950,0
612951,0
612952,0
612953,0
612954,0
612955,0
612956,0
612957,0
612958,0
612959,0
612960,0
612961,0
612962,0
612963,0
612964,0
612965,0
612966,0
612967,0
612968,0
612969,0
612970,0
612971,0
612972,0
612973,0
612974,0
612975,0
612976,0
612977,0
612978,0
612979,0
612980,0
612981,0
612982,0
612983,0
612984,0
612985,0
612986,0
612987,0
612988,0
612989,0
612990,0
612991,0
612992,0
612993,6
612994,0
612995,0
612996,0
612997,8
612998,0
612999,0
613000,0
613001,0
613002,8
613003,0
613004,0
613005,0
613006,0
613007,8
613008,10
613009,0
613010,0
613011,0
613012,0
613013,12
613014,0
613015,0
613016,0
613017,5
613018,0
613019,0
613020,0
613021,0
613022,0
613023,0
613024,6
613025,0
613026,0
613027,0
613028,0
613029,0
613030,0
613031,0
613032,0
613033,0
613034,0
613035,0
613036,0
613037,0
613038,0
613039,0
613040,0
613041,0
613042,0
613043,0
613044,0
613045,0
613046,14
613047,0
613048,0
613049,0
613050,0
613051,9
613052,9
613053,0
613054,0
613055,0
613056,0
613057,0
613058,0
613059,0
613060,0
613061,0
613062,0
613063,0
613064,0
613065,0
613066,11
613067,0
613068,0
613069,0
613070,0
613071,0
613072,0
613073,0
613074,0
613075,0
613076,0
613077,0
613078,0
613079,0
613080,0
613081,8
613082,8
613083,0
613084,0
613085,0
613086,0
613087,0
613088,0
613089,0
613090,0
613091,0
613092,0
613093,0
613094,0
613095,0
613096,0
613097,0
613098,0
613099,0
613100,0
613101,0
613102,0
613103,0
613104,0
613105,0
613106,0
613107,0
613108,0
613109,8
613110,3
613111,0
613112,0
613113,0
613114,0
613115,0
613116,0
613117,0
613118,0
613119,0
613120,0
613121,0
613122,0
613123,0
613124,0
613125,0
613126,0
613127,0
613128,11
613129,0
613130,0
613131,0
613132,0
613133,0
613134,0
613135,0
613136,0
613137,0
613138,0
613139,0
613140,0
613141,0
613142,0
613143,0
613144,0
613145,0
613146,0
613147,0
613148,0
613149,0
613150,0
613151,0
613152,0
613153,0
613154,0
613155,0
613156,0
613157,0
613158,0
613159,0
613160,0
613161,0
613162,0
613163,0
613164,0
613165,0
613166,0
613167,0
613168,0
613169,0
613170,0
613171,0
613172,0
613173,0
613174,0
613175,0
613176,0
613177,0
613178,0
613179,0
613180,0
613181,0
613182,0
613183,0
613184,0
613185,0
613186,0
613187,0
613188,0
613189,0
613190,0
613191,0
613192,2
613193,0
613194,0
613195,0
613196,0
613197,0
613198,0
613199,0
613200,0
613201,0
613202,0
613203,0
613204,0
613205,0
613206,0
613207,2
613208,0
613209,0
613210,0
613211,0
613212,0
613213,0
613214,0
613215,0
613216,0
613217,0
613218,0
613219,0
613220,0
613221,0
613222,0
613223,0
613224,0
613225,0
613226,0
613227,0
613228,0
613229,0
613230,0
613231,0
613232,0
613233,0
613234,0
613235,0
613236,0
613237,0
613238,0
613239,0
613240,0
613241,0
613242,0
613243,0
613244,0
613245,0
613246,0
613247,1
613248,0
613249,0
613250,0
613251,0
613252,0
613253,0
613254,0
613255,0
613256,0
613257,0
613258,0
613259,0
613260,0
613261,0
613262,0
613263,0
613264,0
613265,0
613266,0
613267,0
613268,0
613269,0
613270,0
613271,0
613272,0
613273,0
613274,0
613275,0
613276,0
613277,0
613278,0
613279,0
613280,0
613281,0
613282,0
613283,0
613284,0
613285,0
613286,0
613287,0
613288,0
613289,0
613290,0
613291,1
613292,0
613293,0
613294,0
613295,0
613296,0
613297,0
613298,0
613299,0
613300,0
613301,0
613302,0
613303,0
613304,0
613305,0
613306,0
613307,0
613308,0
613309,0
613310,0
613311,2
613312,0
613313,0
613314,0
613315,0
613316,0
613317,0
613318,0
613319,0
613320,0
613321,0
613322,0
613323,3
613324,0
613325,0
613326,0
613327,0
613328,0
613329,0
613330,0
613331,0
613332,0
613333,0
613334,0
613335,0
613336,0
613337,0
613338,0
613339,0
613340,0
613341,0
613342,1
613343,0
613344,0
613345,0
613346,0
613347,0
613348,0
613349,0
613350,0
613351,0
613352,0
613353,0
613354,0
613355,0
613356,0
613357,0
613358,0
613359,0
613360,0
613361,0
613362,2
613363,0
613364,0
613365,0
613366,0
613367,0
613368,0
613369,0
613370,0
613371,0
613372,0
613373,0
613374,0
613375,0
613376,0
613377,0
613378,0
613379,0
613380,1
613381,0
613382,0
613383,0
613384,0
613385,0
613386,1
613387,1
613388,0
613389,0
613390,0
613391,0
613392,0
613393,0
613394,0
613395,0
613396,0
613397,0
613398,0
613399,0
613400,0
613401,1
613402,0
613403,0
613404,1
613405,0
613406,0
613407,0
613408,0
613409,0
613410,0
613411,0
613412,0
613413,0
613414,0
613415,0
613416,0
613417,0
613418,0
613419,0
613420,0
613421,0
613422,0
613423,0
613424,0
613425,0
613426,0
613427,0
613428,0
613429,0
613430,0
613431,0
613432,0
613433,0
613434,0
613435,0
613436,0
613437,0
613438,0
613439,0
613440,0
613441,0
613442,0
613443,0
613444,0
613445,0
613446,0
613447,0
613448,0
613449,0
613450,2
613451,0
613452,0
613453,0
613454,0
613455,0
613456,0
613457,0
613458,0
613459,0
613460,0
613461,0
613462,0
613463,2
613464,0
613465,0
613466,0
613467,0
613468,0
613469,0
613470,0
613471,0
613472,0
613473,0
613474,0
613475,0
613476,0
613477,0
613478,0
613479,1
613480,0
613481,0
613482,0
613483,0
613484,0
613485,0
613486,0
613487,0
613488,0
613489,0
613490,0
613491,0
613492,0
613493,0
613494,0
613495,0
613496,0
613497,0
613498,0
613499,0
613500,0
613501,0
613502,0
613503,0
613504,0
613505,0
613506,0
613507,0
613508,0
613509,0
613510,0
613511,0
613512,0
613513,0
613514,0
613515,0
613516,2
613517,0
613518,0
613519,0
613520,0
613521,0
613522,0
613523,0
613524,0
613525,0
613526,0
613527,0
613528,0
613529,0
613530,0
613531,0
613532,0
613533,0
613534,0
613535,0
613536,0
613537,0
613538,0
613539,0
613540,0
613541,0
613542,0
613543,0
613544,0
613545,0
613546,0
613547,0
613548,1
613549,0
613550,0
613551,0
613552,0
613553,0
613554,0
613555,0
613556,0
613557,0
613558,0
613559,0
613560,0
613561,0
613562,0
613563,0
613564,0
613565,0
613566,0
613567,0
613568,1
613569,0
613570,0
613571,0
613572,0
613573,0
613574,0
613575,0
613576,0
613577,0
613578,1
613579,0
613580,0
613581,0
613582,0
613583,0
613584,0
613585,0
613586,0
613587,0
613588,0
613589,0
613590,0
613591,0
613592,0
613593,0
613594,1
613595,0
613596,0
613597,0
613598,0
613599,0
613600,0
613601,0
613602,0
613603,0
613604,0
613605,0
613606,0
613607,0
613608,0
613609,0
613610,0
613611,0
613612,0
613613,0
613614,0
613615,0
613616,0
613617,0
613618,0
613619,0
613620,0
613621,0
613622,0
613623,0
613624,0
613625,0
613626,0
613627,0
613628,0
613629,0
613630,0
613631,0
613632,0
613633,0
613634,0
613635,1
613636,0
613637,0
613638,0
613639,0
613640,0
613641,0
613642,0
613643,0
613644,0
613645,0
613646,0
613647,0
613648,0
613649,0
613650,1
613651,0
613652,0
613653,0
613654,0
613655,0
613656,0
613657,0
613658,0
613659,0
613660,0
613661,0
613662,2
613663,0
613664,0
613665,0
613666,0
613667,0
613668,1
613669,0
613670,0
613671,0
613672,1
613673,0
613674,0
613675,0
613676,0
613677,0
613678,0
613679,0
613680,0
613681,0
613682,0
613683,0
613684,0
613685,0
613686,0
613687,0
613688,0
613689,0
613690,0
613691,0
613692,0
613693,0
613694,0
613695,0
613696,0
613697,0
613698,0
613699,0
613700,0
613701,0
613702,0
613703,0
613704,0
613705,0
613706,0
613707,0
613708,0
613709,0
613710,0
613711,0
613712,0
613713,0
613714,0
613715,0
613716,0
613717,0
613718,0
613719,0
613720,0
613721,0
613722,0
613723,0
613724,2
613725,0
613726,0
613727,0
613728,0
613729,0
613730,0
613731,2
613732,0
613733,0
613734,0
613735,1
613736,0
613737,0
613738,1
613739,0
613740,0
613741,0
613742,0
613743,0
613744,0
613745,0
613746,2
613747,0
613748,0
613749,0
613750,0
613751,0
613752,0
613753,0
613754,1
613755,0
613756,1
613757,0
613758,0
613759,0
613760,0
613761,0
613762,0
613763,0
613764,0
613765,0
613766,0
613767,0
613768,0
613769,0
613770,0
613771,0
613772,0
613773,0
613774,0
613775,0
613776,0
613777,0
613778,0
613779,0
613780,0
613781,0
613782,0
613783,0
613784,0
613785,0
613786,0
613787,0
613788,0
613789,0
613790,0
613791,2
613792,0
613793,0
613794,0
613795,0
613796,0
613797,0
613798,0
613799,0
613800,0
613801,0
613802,0
613803,0
613804,0
613805,1
613806,0
613807,0
613808,0
613809,0
613810,0
613811,0
613812,0
613813,0
613814,0
613815,0
613816,0
613817,0
613818,1
613819,0
613820,0
613821,0
613822,0
613823,0
613824,0
613825,0
613826,0
613827,0
613828,0
613829,1
613830,0
613831,0
613832,0
613833,0
613834,2
613835,0
613836,0
613837,0
613838,0
613839,0
613840,0
613841,0
613842,0
613843,0
613844,0
613845,0
613846,2
613847,0
613848,0
613849,0
613850,0
613851,0
613852,0
613853,0
613854,0
613855,0
613856,0
613857,0
613858,0
613859,0
613860,0
613861,0
613862,0
613863,0
613864,0
613865,0
613866,0
613867,0
613868,0
613869,0
613870,0
613871,0
613872,0
613873,0
613874,0
613875,0
613876,0
613877,37
613878,20
613879,0
613880,0
613881,0
613882,0
613883,35
613884,0
613885,0
613886,0
613887,29
613888,0
613889,0
613890,38
613891,0
613892,25
613893,0
613894,0
613895,0
613896,0
613897,0
613898,0
613899,35
613900,38
613901,0
613902,0
613903,0
613904,26
613905,0
613906,30
613907,0
613908,42
613909,0
613910,27
613911,0
613912,0
613913,0
613914,0
613915,0
613916,29
613917,0
613918,0
613919,21
613920,40
613921,0
613922,0
613923,0
613924,0
613925,0
613926,31
613927,0
613928,36
613929,0
613930,0
613931,0
613932,0
613933,0
613934,0
613935,35
613936,0
613937,0
613938,0
613939,0
613940,0
613941,0
613942,0
613943,0
613944,31
613945,0
613946,0
613947,0
613948,31
613949,0
613950,0
613951,0
613952,28
613953,0
613954,0
613955,0
613956,0
613957,0
613958,0
613959,0
613960,0
613961,0
613962,0
613963,0
613964,0
613965,0
613966,0
613967,28
613968,0
613969,0
613970,0
613971,19
613972,23
613973,0
613974,0
613975,0
613976,0
613977,0
613978,19
613979,0
613980,31
613981,0
613982,23
613983,0
613984,22
613985,0
613986,20
613987,0
613988,0
613989,26
613990,0
613991,0
613992,34
613993,0
613994,40
613995,0
613996,0
613997,22
613998,0
613999,0
614000,17
614001,0
614002,0
614003,0
614004,0
614005,0
614006,0
614007,0
614008,38
614009,0
614010,26
614011,0
614012,0
614013,0
614014,0
614015,0
614016,0
614017,31
614018,0
614019,0
614020,0
614021,0
614022,27
614023,0
614024,0
614025,0
614026,26
614027,0
614028,39
614029,0
614030,0
614031,0
614032,0
614033,0
614034,0
614035,0
614036,0
614037,0
614038,25
614039,0
614040,0
614041,0
614042,0
614043,0
614044,30
614045,0
614046,0
614047,35
614048,0
614049,0
614050,0
614051,0
614052,0
614053,0
614054,0
614055,14
614056,28
614057,0
614058,0
614059,0
614060,0
614061,0
614062,0
614063,0
614064,0
614065,0
614066,0
614067,0
614068,0
614069,0
614070,14
614071,0
614072,27
614073,0
614074,0
614075,31
614076,0
614077,0
614078,33
614079,26
614080,0
614081,0
614082,0
614083,0
614084,0
614085,22
614086,0
614087,0
614088,0
614089,0
614090,0
614091,0
614092,0
614093,0
614094,0
614095,18
614096,0
614097,0
614098,0
614099,0
614100,0
614101,0
614102,0
614103,0
614104,0
614105,0
614106,25
614107,26
614108,0
614109,0
614110,0
614111,0
614112,0
614113,25
614114,0
614115,0
614116,0
614117,22
614118,0
614119,20
614120,0
614121,0
614122,0
614123,37
614124,18
614125,0
614126,37
614127,0
614128,0
614129,23
614130,0
614131,0
614132,0
614133,0
614134,0
614135,0
614136,19
614137,0
614138,0
614139,0
614140,0
614141,32
614142,0
614143,0
614144,0
614145,25
614146,0
614147,0
614148,0
614149,24
614150,0
614151,0
614152,0
614153,28
614154,0
614155,0
614156,0
614157,27
614158,0
614159,0
614160,0
614161,0
614162,0
614163,0
614164,26
614165,30
614166,29
614167,0
614168,0
614169,0
614170,0
614171,0
614172,0
614173,0
614174,0
614175,0
614176,21
614177,0
614178,0
614179,0
614180,0
614181,0
614182,0
614183,0
614184,0
614185,0
614186,18
614187,19
614188,0
614189,0
614190,0
614191,21
614192,0
614193,0
614194,0
614195,28
614196,0
614197,0
614198,0
614199,21
614200,30
614201,21
614202,0
614203,0
614204,8
614205,0
614206,0
614207,0
614208,0
614209,0
614210,0
614211,0
614212,0
614213,0
614214,37
614215,0
614216,0
614217,0
614218,0
614219,0
614220,0
614221,0
614222,0
614223,0
614224,0
614225,0
614226,0
614227,0
614228,0
614229,0
614230,0
614231,0
614232,0
614233,0
614234,0
614235,0
614236,44
614237,33
614238,0
614239,0
614240,0
614241,0
614242,0
614243,31
614244,0
614245,0
614246,0
614247,0
614248,0
614249,0
614250,0
614251,0
614252,0
614253,0
614254,0
614255,31
614256,0
614257,0
614258,0
614259,0
614260,0
614261,0
614262,0
614263,0
614264,0
614265,0
614266,0
614267,0
614268,0
614269,0
614270,0
614271,0
614272,0
614273,0
614274,0
614275,0
614276,0
614277,0
614278,0
614279,0
614280,0
614281,0
614282,29
614283,0
614284,0
614285,0
614286,0
614287,0
614288,0
614289,0
614290,0
614291,0
614292,0
614293,0
614294,0
614295,0
614296,0
614297,0
614298,0
614299,0
614300,0
614301,0
614302,0
614303,0
614304,0
614305,30
614306,0
614307,0
614308,0
614309,0
614310,0
614311,0
614312,0
614313,0
614314,22
614315,0
614316,0
614317,0
614318,0
614319,0
614320,0
614321,0
614322,38
614323,0
614324,0
614325,0
614326,0
614327,0
614328,0
614329,31
614330,0
614331,0
614332,0
614333,0
614334,0
614335,0
614336,0
614337,0
614338,0
614339,0
614340,0
614341,0
614342,27
614343,0
614344,0
614345,0
614346,0
614347,0
614348,20
614349,0
614350,0
614351,0
614352,0
614353,0
614354,0
614355,0
614356,0
614357,0
614358,0
614359,0
614360,25
614361,0
614362,0
614363,0
614364,0
614365,0
614366,0
614367,0
614368,0
614369,0
614370,0
614371,0
614372,0
614373,0
614374,0
614375,20
614376,0
614377,0
614378,0
614379,0
614380,30
614381,0
614382,0
614383,0
614384,0
614385,0
614386,0
614387,0
614388,33
614389,17
614390,0
614391,0
614392,0
614393,0
614394,0
614395,0
614396,18
614397,0
614398,0
614399,0
614400,0
614401,22
614402,0
614403,0
614404,0
614405,0
614406,0
614407,0
614408,0
614409,0
614410,0
614411,0
614412,31
614413,0
614414,0
614415,0
614416,0
614417,0
614418,0
614419,0
614420,0
614421,0
614422,0
614423,0
614424,26
614425,0
614426,0
614427,0
614428,0
614429,0
614430,0
614431,0
614432,0
614433,0
614434,0
614435,0
614436,0
614437,0
614438,0
614439,0
614440,0
614441,0
614442,0
614443,44
614444,32
614445,0
614446,0
614447,0
614448,0
614449,0
614450,0
614451,0
614452,0
614453,0
614454,0
614455,0
614456,0
614457,0
614458,0
614459,0
614460,0
614461,0
614462,0
614463,0
614464,0
614465,0
614466,0
614467,0
614468,0
614469,0
614470,0
614471,0
614472,0
614473,0
614474,27
614475,0
614476,0
614477,0
614478,0
614479,0
614480,0
614481,0
614482,0
614483,31
614484,0
614485,0
614486,0
614487,0
614488,39
614489,0
614490,0
614491,0
614492,0
614493,0
614494,0
614495,0
614496,0
614497,0
614498,0
614499,0
614500,0
614501,0
614502,0
614503,0
614504,0
614505,0
614506,0
614507,0
614508,0
614509,0
614510,0
614511,0
614512,0
614513,0
614514,0
614515,0
614516,0
614517,0
614518,0
614519,0
614520,0
614521,0
614522,0
614523,0
614524,20
614525,0
614526,0
614527,0
614528,0
614529,0
614530,0
614531,0
614532,0
614533,29
614534,0
614535,0
614536,0
614537,0
614538,0
614539,0
614540,0
614541,0
614542,0
614543,0
614544,0
614545,0
614546,0
614547,0
614548,0
614549,0
614550,0
614551,0
614552,0
614553,0
614554,0
614555,0
614556,0
614557,0
614558,4
614559,0
614560,0
614561,0
614562,0
614563,0
614564,0
614565,0
614566,0
614567,8
614568,9
614569,0
614570,0
614571,0
614572,13
614573,0
614574,0
614575,0
614576,0
614577,0
614578,0
614579,0
614580,0
614581,0
614582,0
614583,0
614584,0
614585,0
614586,0
614587,0
614588,0
614589,0
614590,0
614591,0
614592,0
614593,0
614594,0
614595,0
614596,0
614597,0
614598,0
614599,0
614600,0
614601,0
614602,0
614603,12
614604,0
614605,10
614606,9
614607,0
614608,13
614609,0
614610,0
614611,0
614612,0
614613,0
614614,0
614615,0
614616,0
614617,0
614618,11
614619,0
614620,10
614621,0
614622,0
614623,0
614624,0
614625,0
614626,0
614627,0
614628,0
614629,0
614630,0
614631,0
614632,0
614633,0
614634,0
614635,0
614636,10
614637,0
614638,0
614639,0
614640,0
614641,0
614642,0
614643,0
614644,0
614645,23
614646,0
614647,0
614648,0
614649,0
614650,0
614651,0
614652,0
614653,47
614654,0
614655,0
614656,0
614657,0
614658,0
614659,0
614660,0
614661,24
614662,0
614663,28
614664,28
614665,0
614666,0
614667,0
614668,0
614669,0
614670,0
614671,0
614672,0
614673,0
614674,0
614675,0
614676,0
614677,0
614678,0
614679,22
614680,0
614681,0
614682,0
614683,0
614684,0
614685,31
614686,32
614687,0
614688,0
614689,0
614690,0
614691,0
614692,0
614693,0
614694,0
614695,0
614696,0
614697,31
614698,0
614699,0
614700,0
614701,0
614702,0
614703,42
614704,0
614705,0
614706,0
614707,0
614708,0
614709,22
614710,0
614711,28
614712,0
614713,0
614714,0
614715,0
614716,0
614717,0
614718,0
614719,0
614720,0
614721,16
614722,0
614723,0
614724,0
614725,0
614726,0
614727,41
614728,0
614729,0
614730,0
614731,0
614732,0
614733,27
614734,28
614735,0
614736,0
614737,0
614738,0
614739,46
614740,0
614741,26
614742,0
614743,0
614744,0
614745,0
614746,41
614747,0
614748,0
614749,0
614750,0
614751,0
614752,0
614753,0
614754,0
614755,0
614756,0
614757,0
614758,0
614759,0
614760,0
614761,0
614762,0
614763,0
614764,0
614765,0
614766,0
614767,0
614768,0
614769,0
614770,0
614771,0
614772,0
614773,0
614774,0
614775,0
614776,0
614777,0
614778,0
614779,27
614780,23
614781,0
614782,0
614783,0
614784,0
614785,0
614786,0
614787,0
614788,0
614789,0
614790,0
614791,0
614792,0
614793,0
614794,0
614795,0
614796,0
614797,0
614798,23
614799,0
614800,0
614801,0
614802,0
614803,0
614804,25
614805,0
614806,0
614807,0
614808,0
614809,0
614810,0
614811,0
614812,36
614813,26
614814,0
614815,0
614816,0
614817,0
614818,0
614819,0
614820,35
614821,0
614822,0
614823,0
614824,0
614825,26
614826,0
614827,23
614828,0
614829,19
614830,0
614831,0
614832,0
614833,0
614834,0
614835,20
614836,0
614837,0
614838,0
614839,22
614840,0
614841,42
614842,0
614843,28
614844,23
614845,0
614846,0
614847,0
614848,0
614849,0
614850,0
614851,0
614852,0
614853,0
614854,16
614855,0
614856,0
614857,0
614858,0
614859,0
614860,0
614861,0
614862,0
614863,0
614864,0
614865,0
614866,25
614867,0
614868,30
614869,40
614870,0
614871,0
614872,0
614873,19
614874,30
614875,35
614876,0
614877,0
614878,0
614879,0
614880,0
614881,0
614882,0
614883,0
614884,0
614885,0
614886,0
614887,0
614888,0
614889,0
614890,0
614891,0
614892,0
614893,0
614894,0
614895,0
614896,0
614897,0
614898,0
614899,0
614900,0
614901,0
614902,0
614903,0
614904,0
614905,0
614906,0
614907,0
614908,0
614909,0
614910,0
614911,0
614912,0
614913,0
614914,0
614915,0
614916,0
614917,0
614918,1
614919,0
614920,0
614921,0
614922,0
614923,0
614924,0
614925,0
614926,0
614927,1
614928,0
614929,0
614930,0
614931,0
614932,0
614933,0
614934,0
614935,0
614936,0
614937,0
614938,0
614939,0
614940,0
614941,0
614942,0
614943,0
614944,0
614945,0
614946,0
614947,0
614948,0
614949,0
614950,0
614951,1
614952,0
614953,1
614954,0
614955,0
614956,0
614957,0
614958,0
614959,0
614960,0
614961,0
614962,0
614963,0
614964,0
614965,0
614966,0
614967,0
614968,0
614969,0
614970,0
614971,0
614972,0
614973,0
614974,0
614975,0
614976,0
614977,0
614978,0
614979,0
614980,0
614981,0
614982,0
614983,0
614984,0
614985,0
614986,0
614987,0
614988,0
614989,0
614990,0
614991,0
614992,0
614993,0
614994,0
614995,0
614996,0
614997,0
614998,0
614999,0
615000,0
615001,0
615002,0
615003,0
615004,0
615005,0
615006,0
615007,0
615008,0
615009,0
615010,0
615011,0
615012,0
615013,0
615014,0
615015,0
615016,0
615017,0
615018,0
615019,0
615020,0
615021,0
615022,0
615023,0
615024,0
615025,0
615026,0
615027,0
615028,0
615029,0
615030,0
615031,0
615032,0
615033,0
615034,0
615035,0
615036,0
615037,0
615038,0
615039,0
615040,0
615041,0
615042,0
615043,0
615044,0
615045,0
615046,0
615047,0
615048,0
615049,0
615050,0
615051,0
615052,0
615053,0
615054,0
615055,0
615056,0
615057,0
615058,0
615059,0
615060,0
615061,0
615062,0
615063,0
615064,0
615065,0
615066,0
615067,0
615068,0
615069,0
615070,0
615071,0
615072,0
615073,0
615074,0
615075,0
615076,0
615077,0
615078,0
615079,0
615080,0
615081,0
615082,0
615083,0
615084,0
615085,0
615086,0
615087,0
615088,0
615089,0
615090,0
615091,0
615092,0
615093,0
615094,0
615095,0
615096,0
615097,0
615098,0
615099,0
615100,0
615101,0
615102,0
615103,0
615104,0
615105,0
615106,0
615107,0
615108,0
615109,0
615110,0
615111,0
615112,0
615113,0
615114,0
615115,0
615116,0
615117,0
615118,0
615119,0
615120,0
615121,0
615122,0
615123,0
615124,0
615125,0
615126,0
615127,0
615128,0
615129,0
615130,0
615131,0
615132,0
615133,0
615134,0
615135,0
615136,0
615137,0
615138,0
615139,0
615140,0
615141,0
615142,0
615143,0
615144,0
615145,0
615146,0
615147,0
615148,0
615149,0
615150,0
615151,0
615152,0
615153,0
615154,1
615155,0
615156,0
615157,0
615158,0
615159,0
615160,0
615161,0
615162,0
615163,0
615164,0
615165,0
615166,0
615167,0
615168,0
615169,0
615170,0
615171,1
615172,0
615173,0
615174,0
615175,0
615176,0
615177,0
615178,0
615179,0
615180,0
615181,0
615182,0
615183,0
615184,0
615185,0
615186,0
615187,0
615188,0
615189,0
615190,0
615191,0
615192,0
615193,0
615194,0
615195,0
615196,0
615197,0
615198,0
615199,0
615200,0
615201,0
615202,0
615203,0
615204,0
615205,0
615206,0
615207,0
615208,0
615209,0
615210,0
615211,0
615212,0
615213,0
615214,0
615215,0
615216,0
615217,0
615218,0
615219,0
615220,0
615221,0
615222,0
615223,0
615224,0
615225,0
615226,0
615227,0
615228,0
615229,0
615230,0
615231,0
615232,0
615233,0
615234,0
615235,0
615236,0
615237,0
615238,0
615239,0
615240,0
615241,0
615242,0
615243,0
615244,0
615245,0
615246,0
615247,0
615248,0
615249,0
615250,0
615251,0
615252,0
615253,1
615254,0
615255,0
615256,0
615257,0
615258,0
615259,0
615260,0
615261,0
615262,0
615263,0
615264,0
615265,0
615266,0
615267,0
615268,0
615269,0
615270,0
615271,0
615272,0
615273,0
615274,0
615275,0
615276,0
615277,0
615278,0
615279,0
615280,0
615281,0
615282,0
615283,0
615284,0
615285,0
615286,0
615287,0
615288,0
615289,0
615290,0
615291,0
615292,0
615293,0
615294,0
615295,0
615296,0
615297,0
615298,0
615299,0
615300,0
615301,0
615302,0
615303,0
615304,0
615305,0
615306,0
615307,0
615308,0
615309,0
615310,0
615311,0
615312,0
615313,0
615314,0
615315,0
615316,0
615317,0
615318,0
615319,0
615320,0
615321,0
615322,0
615323,0
615324,0
615325,0
615326,0
615327,0
615328,0
615329,0
615330,0
615331,0
615332,0
615333,0
615334,0
615335,0
615336,0
615337,0
615338,0
615339,0
615340,0
615341,0
615342,0
615343,0
615344,0
615345,0
615346,0
615347,0
615348,0
615349,0
615350,0
615351,0
615352,0
615353,0
615354,0
615355,0
615356,0
615357,0
615358,0
615359,0
615360,0
615361,0
615362,0
615363,0
615364,0
615365,0
615366,0
615367,0
615368,0
615369,0
615370,0
615371,0
615372,0
615373,1
615374,0
615375,0
615376,0
615377,0
615378,0
615379,0
615380,0
615381,0
615382,0
615383,0
615384,0
615385,1
615386,0
615387,0
615388,0
615389,0
615390,0
615391,0
615392,0
615393,0
615394,0
615395,0
615396,0
615397,0
615398,0
615399,0
615400,0
615401,0
615402,0
615403,0
615404,0
615405,0
615406,0
615407,0
615408,0
615409,0
615410,0
615411,0
615412,0
615413,0
615414,0
615415,0
615416,1
615417,0
615418,0
615419,0
615420,0
615421,0
615422,0
615423,0
615424,0
615425,0
615426,0
615427,0
615428,0
615429,0
615430,0
615431,0
615432,0
615433,0
615434,0
615435,0
615436,0
615437,0
615438,0
615439,0
615440,0
615441,0
615442,0
615443,0
615444,0
615445,0
615446,0
615447,0
615448,0
615449,0
615450,0
615451,0
615452,0
615453,0
615454,0
615455,0
615456,0
615457,0
615458,0
615459,0
615460,0
615461,0
615462,0
615463,0
615464,0
615465,0
615466,0
615467,0
615468,0
615469,0
615470,0
615471,1
615472,0
615473,0
615474,0
615475,0
615476,1
615477,0
615478,0
615479,0
615480,0
615481,0
615482,0
615483,0
615484,0
615485,0
615486,0
615487,0
615488,0
615489,0
615490,0
615491,0
615492,0
615493,0
615494,1
615495,0
615496,0
615497,0
615498,0
615499,0
615500,0
615501,0
615502,0
615503,0
615504,0
615505,0
615506,0
615507,0
615508,0
615509,0
615510,0
615511,0
615512,0
615513,0
615514,0
615515,0
615516,0
615517,0
615518,0
615519,0
615520,0
615521,0
615522,0
615523,0
615524,0
615525,0
615526,0
615527,0
615528,0
615529,0
615530,0
615531,0
615532,0
615533,0
615534,0
615535,0
615536,0
615537,0
615538,0
615539,0
615540,0
615541,0
615542,0
615543,0
615544,0
615545,0
615546,0
615547,0
615548,0
615549,0
615550,0
615551,0
615552,0
615553,0
615554,1
615555,0
615556,0
615557,0
615558,0
615559,0
615560,0
615561,0
615562,0
615563,0
615564,0
615565,0
615566,0
615567,0
615568,0
615569,0
615570,0
615571,0
615572,0
615573,0
615574,0
615575,0
615576,1
615577,0
615578,0
615579,0
615580,0
615581,0
615582,0
615583,0
615584,0
615585,0
615586,0
615587,0
615588,0
615589,0
615590,0
615591,0
615592,0
615593,0
615594,0
615595,0
615596,0
615597,0
615598,0
615599,0
615600,0
615601,0
615602,0
615603,0
615604,0
615605,0
615606,0
615607,0
615608,0
615609,0
615610,0
615611,0
615612,0
615613,0
615614,0
615615,0
615616,0
615617,0
615618,0
615619,0
615620,0
615621,0
615622,0
615623,0
615624,0
615625,0
615626,0
615627,0
615628,0
615629,0
615630,0
615631,0
615632,0
615633,0
615634,0
615635,0
615636,0
615637,0
615638,0
615639,0
615640,0
615641,0
615642,0
615643,0
615644,0
615645,0
615646,0
615647,0
615648,0
615649,0
615650,0
615651,0
615652,0
615653,0
615654,0
615655,0
615656,0
615657,0
615658,0
615659,0
615660,0
615661,0
615662,0
615663,0
615664,0
615665,0
615666,0
615667,0
615668,0
615669,0
615670,0
615671,0
615672,0
615673,0
615674,0
615675,0
615676,0
615677,0
615678,0
615679,0
615680,0
615681,0
615682,0
615683,0
615684,0
615685,0
615686,0
615687,0
615688,0
615689,0
615690,0
615691,0
615692,0
615693,0
615694,0
615695,0
615696,0
615697,0
615698,0
615699,0
615700,0
615701,0
615702,0
615703,0
615704,0
615705,0
615706,0
615707,0
615708,0
615709,0
615710,0
615711,0
615712,0
615713,0
615714,0
615715,0
615716,0
615717,0
615718,0
615719,0
615720,0
615721,0
615722,0
615723,0
615724,0
615725,0
615726,0
615727,0
615728,0
615729,0
615730,0
615731,0
615732,0
615733,0
615734,0
615735,0
615736,0
615737,0
615738,1
615739,0
615740,0
615741,0
615742,0
615743,0
615744,0
615745,0
615746,0
615747,0
615748,0
615749,0
615750,0
615751,0
615752,0
615753,0
615754,0
615755,0
615756,0
615757,0
615758,0
615759,0
615760,0
615761,0
615762,0
615763,0
615764,0
615765,0
615766,0
615767,0
615768,0
615769,0
615770,0
615771,0
615772,0
615773,0
615774,0
615775,0
615776,0
615777,0
615778,0
615779,1
615780,0
615781,0
615782,0
615783,0
615784,0
615785,0
615786,0
615787,0
615788,0
615789,0
615790,0
615791,0
615792,0
615793,0
615794,0
615795,0
615796,0
615797,0
615798,0
615799,0
615800,0
615801,0
615802,0
615803,0
615804,0
615805,0
615806,0
615807,0
615808,0
615809,0
615810,0
615811,0
615812,0
615813,0
615814,0
615815,0
615816,0
615817,0
615818,0
615819,0
615820,0
615821,0
615822,0
615823,0
615824,0
615825,0
615826,0
615827,0
615828,0
615829,0
615830,0
615831,0
615832,0
615833,0
615834,0
615835,0
615836,0
615837,0
615838,0
615839,0
615840,0
615841,0
615842,0
615843,17
615844,0
615845,0
615846,25
615847,0
615848,0
615849,0
615850,0
615851,22
615852,0
615853,24
615854,0
615855,0
615856,0
615857,18
615858,0
615859,0
615860,0
615861,0
615862,0
615863,0
615864,0
615865,0
615866,15
615867,0
615868,0
615869,0
615870,0
615871,0
615872,0
615873,13
615874,0
615875,27
615876,0
615877,0
615878,0
615879,0
615880,0
615881,0
615882,0
615883,0
615884,0
615885,0
615886,0
615887,0
615888,0
615889,0
615890,0
615891,0
615892,0
615893,0
615894,27
615895,0
615896,0
615897,0
615898,0
615899,16
615900,0
615901,0
615902,0
615903,0
615904,0
615905,31
615906,0
615907,0
615908,0
615909,0
615910,0
615911,0
615912,0
615913,0
615914,0
615915,22
615916,0
615917,0
615918,0
615919,0
615920,0
615921,27
615922,25
615923,0
615924,0
615925,0
615926,18
615927,0
615928,0
615929,0
615930,12
615931,0
615932,0
615933,27
615934,16
615935,0
615936,0
615937,23
615938,25
615939,0
615940,0
615941,0
615942,0
615943,0
615944,0
615945,0
615946,0
615947,0
615948,0
615949,0
615950,0
615951,25
615952,0
615953,0
615954,0
615955,0
615956,0
615957,0
615958,0
615959,22
615960,0
615961,19
615962,0
615963,0
615964,0
615965,29
615966,0
615967,0
615968,0
615969,0
615970,0
615971,0
615972,0
615973,0
615974,33
615975,17
615976,23
615977,0
615978,0
615979,0
615980,0
615981,0
615982,0
615983,0
615984,0
615985,0
615986,0
615987,0
615988,21
615989,0
615990,0
615991,11
615992,0
615993,22
615994,0
615995,0
615996,0
615997,22
615998,10
615999,0
616000,0
616001,0
616002,0
616003,0
616004,0
616005,0
616006,0
616007,0
616008,0
616009,0
616010,0
616011,0
616012,0
616013,0
616014,0
616015,18
616016,0
616017,0
616018,0
616019,0
616020,0
616021,0
616022,0
616023,0
616024,0
616025,0
616026,0
616027,24
616028,0
616029,0
616030,0
616031,23
616032,0
616033,0
616034,15
616035,0
616036,0
616037,0
616038,0
616039,0
616040,0
616041,15
616042,0
616043,0
616044,0
616045,0
616046,0
616047,0
616048,26
616049,19
616050,0
616051,24
616052,0
616053,0
616054,0
616055,0
616056,28
616057,0
616058,0
616059,0
616060,0
616061,24
616062,21
616063,18
616064,26
616065,0
616066,33
616067,0
616068,0
616069,0
616070,0
616071,18
616072,0
616073,0
616074,35
616075,0
616076,0
616077,0
616078,15
616079,0
616080,0
616081,0
616082,0
616083,28
616084,0
616085,0
616086,13
616087,25
616088,0
616089,0
616090,0
616091,0
616092,0
616093,0
616094,0
616095,0
616096,26
616097,0
616098,23
616099,0
616100,0
616101,0
616102,0
616103,0
616104,0
616105,0
616106,0
616107,0
616108,0
616109,0
616110,16
616111,0
616112,0
616113,20
616114,14
616115,0
616116,0
616117,0
616118,20
616119,24
616120,0
616121,0
616122,0
616123,13
616124,0
616125,0
616126,0
616127,0
616128,0
616129,0
616130,0
616131,0
616132,0
616133,18
616134,0
616135,0
616136,16
616137,0
616138,0
616139,0
616140,0
616141,0
616142,0
616143,0
616144,0
616145,0
616146,0
616147,0
616148,0
616149,0
616150,0
616151,0
616152,18
616153,0
616154,13
616155,0
616156,18
616157,26
616158,0
616159,0
616160,0
616161,0
616162,0
616163,0
616164,0
616165,28
616166,0
616167,0
616168,0
616169,0
616170,0
616171,23
616172,0
616173,0
616174,0
616175,0
616176,0
616177,0
616178,0
616179,22
616180,0
616181,0
616182,0
616183,0
616184,0
616185,0
616186,0
616187,0
616188,0
616189,0
616190,35
616191,0
616192,0
616193,0
616194,32
616195,0
616196,15
616197,37
616198,22
616199,25
616200,0
616201,0
616202,0
616203,0
616204,6
616205,0
616206,0
616207,0
616208,5
616209,0
616210,0
616211,0
616212,0
616213,7
616214,8
616215,0
616216,0
616217,0
616218,0
616219,4
616220,10
616221,7
616222,0
616223,0
616224,0
616225,6
616226,0
616227,0
616228,0
616229,5
616230,0
616231,0
616232,0
616233,0
616234,0
616235,9
616236,0
616237,0
616238,0
616239,0
616240,0
616241,4
616242,6
616243,0
616244,10
616245,0
616246,0
616247,0
616248,0
616249,10
616250,0
616251,0
616252,6
616253,0
616254,0
616255,0
616256,0
616257,0
616258,0
616259,0
616260,0
616261,11
616262,0
616263,0
616264,0
616265,0
616266,0
616267,7
616268,0
616269,0
616270,0
616271,6
616272,0
616273,0
616274,9
616275,0
616276,0
616277,0
616278,11
616279,0
616280,0
616281,0
616282,0
616283,0
616284,10
616285,0
616286,0
616287,0
616288,0
616289,0
616290,0
616291,17
616292,0
616293,0
616294,9
616295,0
616296,1
616297,0
616298,4
616299,0
616300,0
616301,8
616302,0
616303,0
616304,0
616305,14
616306,0
616307,0
616308,6
616309,0
616310,0
616311,0
616312,0
616313,10
616314,0
616315,0
616316,0
616317,4
616318,10
616319,0
616320,0
616321,0
616322,0
616323,0
616324,0
616325,0
616326,0
616327,0
616328,0
616329,0
616330,8
616331,0
616332,0
616333,0
616334,9
616335,9
616336,0
616337,0
616338,0
616339,0
616340,0
616341,0
616342,0
616343,8
616344,0
616345,0
616346,4
616347,12
616348,0
616349,5
616350,0
616351,0
616352,6
616353,9
616354,0
616355,0
616356,0
616357,0
616358,6
616359,0
616360,4
616361,0
616362,0
616363,0
616364,4
616365,0
616366,0
616367,0
616368,0
616369,0
616370,0
616371,0
616372,0
616373,0
616374,0
616375,0
616376,0
616377,0
616378,0
616379,0
616380,0
616381,8
616382,0
616383,0
616384,0
616385,0
616386,0
616387,0
616388,0
616389,0
616390,0
616391,0
616392,0
616393,0
616394,0
616395,10
616396,8
616397,0
616398,0
616399,0
616400,9
616401,3
616402,0
616403,0
616404,0
616405,6
616406,9
616407,0
616408,0
616409,5
616410,11
616411,0
616412,0
616413,0
616414,0
616415,0
616416,0
616417,0
616418,6
616419,0
616420,0
616421,0
616422,3
616423,6
616424,10
616425,0
616426,0
616427,0
616428,0
616429,0
616430,0
616431,0
616432,0
616433,0
616434,6
616435,6
616436,0
616437,0
616438,9
616439,0
616440,0
616441,0
616442,8
616443,7
616444,0
616445,0
616446,0
616447,0
616448,6
616449,0
616450,0
616451,0
616452,0
616453,0
616454,6
616455,5
616456,0
616457,0
616458,0
616459,9
616460,0
616461,0
616462,0
616463,0
616464,0
616465,8
616466,0
616467,8
616468,0
616469,0
616470,0
616471,0
616472,0
616473,0
616474,9
616475,0
616476,0
616477,0
616478,7
616479,0
616480,0
616481,0
616482,0
616483,0
616484,0
616485,0
616486,0
616487,0
616488,0
616489,5
616490,0
616491,0
616492,0
616493,0
616494,0
616495,5
616496,0
616497,0
616498,0
616499,0
616500,0
616501,0
616502,0
616503,0
616504,8
616505,0
616506,0
616507,0
616508,0
616509,0
616510,0
616511,0
616512,0
616513,0
616514,11
616515,0
616516,0
616517,0
616518,0
616519,0
616520,0
616521,0
616522,0
616523,0
616524,0
616525,0
616526,0
616527,0
616528,0
616529,7
616530,0
616531,0
616532,0
616533,0
616534,0
616535,0
616536,4
616537,0
616538,0
616539,9
616540,0
616541,0
616542,0
616543,0
616544,0
616545,0
616546,0
616547,0
616548,0
616549,0
616550,12
616551,0
616552,0
616553,0
616554,13
616555,0
616556,0
616557,0
616558,5
616559,11
616560,0
616561,6
616562,13
616563,0
616564,0
616565,0
616566,0
616567,10
616568,0
616569,0
616570,9
616571,0
616572,0
616573,0
616574,0
616575,0
616576,0
616577,0
616578,0
616579,0
616580,0
616581,0
616582,0
616583,0
616584,0
616585,8
616586,0
616587,0
616588,8
616589,3
616590,0
616591,7
616592,0
616593,0
616594,0
616595,7
616596,0
616597,0
616598,9
616599,0
616600,0
616601,0
616602,0
616603,0
616604,0
616605,0
616606,6
616607,0
616608,0
616609,0
616610,0
616611,0
616612,4
616613,0
616614,0
616615,7
616616,0
616617,7
616618,0
616619,12
616620,0
616621,4
616622,7
616623,8
616624,5
616625,0
616626,0
616627,0
616628,0
616629,0
616630,3
616631,0
616632,0
616633,0
616634,10
616635,6
616636,0
616637,0
616638,10
616639,0
616640,7
616641,0
616642,0
616643,0
616644,0
616645,0
616646,0
616647,0
616648,0
616649,7
616650,0
616651,7
616652,0
616653,0
616654,0
616655,0
616656,0
616657,0
616658,8
616659,0
616660,0
616661,0
616662,0
616663,0
616664,0
616665,0
616666,4
616667,0
616668,0
616669,0
616670,0
616671,0
616672,0
616673,0
616674,0
616675,0
616676,0
616677,0
616678,0
616679,0
616680,0
616681,0
616682,0
616683,3
616684,0
616685,0
616686,0
616687,7
616688,0
616689,0
616690,4
616691,0
616692,0
616693,0
616694,0
616695,0
616696,0
616697,0
616698,0
616699,0
616700,0
616701,0
616702,0
616703,0
616704,0
616705,2
616706,0
616707,4
616708,0
616709,0
616710,0
616711,0
616712,0
616713,0
616714,0
616715,0
616716,4
616717,0
616718,0
616719,3
616720,8
616721,0
616722,0
616723,0
616724,0
616725,8
616726,0
616727,0
616728,0
616729,0
616730,0
616731,0
616732,0
616733,0
616734,5
616735,0
616736,9
616737,0
616738,0
616739,5
616740,0
616741,0
616742,0
616743,0
616744,0
616745,0
616746,10
616747,0
616748,0
616749,0
616750,0
616751,10
616752,0
616753,0
616754,0
616755,0
616756,0
616757,0
616758,0
616759,5
616760,0
616761,8
616762,0
616763,0
616764,0
616765,0
616766,0
616767,0
616768,0
616769,0
616770,0
616771,12
616772,0
616773,0
616774,0
616775,0
616776,0
616777,0
616778,0
616779,0
616780,8
616781,0
616782,0
616783,0
616784,0
616785,0
616786,0
616787,0
616788,0
616789,7
616790,0
616791,0
616792,0
616793,11
616794,0
616795,0
616796,0
616797,0
616798,0
616799,0
616800,0
616801,0
616802,0
616803,0
616804,7
616805,0
616806,0
616807,0
616808,0
616809,0
616810,0
616811,10
616812,0
616813,0
616814,0
616815,5
616816,0
616817,7
616818,0
616819,0
616820,0
616821,7
616822,0
616823,0
616824,4
616825,5
616826,9
616827,9
616828,0
616829,0
616830,0
616831,0
616832,0
616833,0
616834,0
616835,0
616836,10
616837,0
616838,0
616839,5
616840,0
616841,0
616842,0
616843,0
616844,11
616845,0
616846,0
616847,0
616848,6
616849,0
616850,10
616851,4
616852,0
616853,5
616854,0
616855,0
616856,6
616857,0
616858,0
616859,0
616860,0
616861,0
616862,0
616863,0
616864,0
616865,8
616866,0
616867,4
616868,0
616869,0
616870,0
616871,0
616872,0
616873,0
616874,0
616875,0
616876,0
616877,0
616878,0
616879,0
616880,0
616881,0
616882,0
616883,0
616884,0
616885,0
616886,0
616887,0
616888,28
616889,0
616890,0
616891,0
616892,0
616893,0
616894,0
616895,0
616896,0
616897,0
616898,43
616899,0
616900,0
616901,0
616902,0
616903,0
616904,0
616905,0
616906,0
616907,0
616908,27
616909,0
616910,0
616911,0
616912,0
616913,0
616914,0
616915,0
616916,0
616917,0
616918,0
616919,31
616920,0
616921,0
616922,0
616923,0
616924,0
616925,0
616926,0
616927,0
616928,0
616929,22
616930,0
616931,0
616932,0
616933,0
616934,0
616935,0
616936,0
616937,0
616938,0
616939,0
616940,0
616941,0
616942,0
616943,0
616944,0
616945,0
616946,0
616947,0
616948,0
616949,0
616950,0
616951,0
616952,0
616953,0
616954,0
616955,0
616956,0
616957,0
616958,0
616959,0
616960,0
616961,0
616962,0
616963,0
616964,0
616965,0
616966,0
616967,0
616968,0
616969,0
616970,0
616971,0
616972,0
616973,0
616974,0
616975,0
616976,0
616977,33
616978,0
616979,0
616980,0
616981,0
616982,51
616983,0
616984,0
616985,47
616986,0
616987,0
616988,0
616989,0
616990,0
616991,0
616992,42
616993,0
616994,0
616995,0
616996,0
616997,0
616998,0
616999,0
617000,0
617001,0
617002,0
617003,0
617004,0
617005,0
617006,0
617007,0
617008,0
617009,0
617010,0
617011,0
617012,0
617013,0
617014,0
617015,0
617016,0
617017,0
617018,0
617019,0
617020,0
617021,0
617022,0
617023,0
617024,0
617025,0
617026,0
617027,43
617028,0
617029,0
617030,0
617031,0
617032,0
617033,0
617034,0
617035,0
617036,0
617037,0
617038,0
617039,0
617040,0
617041,0
617042,29
617043,0
617044,0
617045,0
617046,0
617047,0
617048,0
617049,0
617050,0
617051,0
617052,0
617053,36
617054,0
617055,0
617056,0
617057,0
617058,0
617059,0
617060,0
617061,0
617062,0
617063,0
617064,0
617065,0
617066,0
617067,0
617068,0
617069,0
617070,0
617071,30
617072,48
617073,0
617074,0
617075,0
617076,0
617077,0
617078,0
617079,0
617080,0
617081,0
617082,0
617083,0
617084,0
617085,0
617086,0
617087,0
617088,0
617089,0
617090,0
617091,0
617092,0
617093,0
617094,0
617095,0
617096,0
617097,0
617098,0
617099,0
617100,0
617101,0
617102,0
617103,0
617104,0
617105,0
617106,0
617107,0
617108,0
617109,0
617110,0
617111,0
617112,0
617113,0
617114,0
617115,0
617116,0
617117,0
617118,0
617119,28
617120,0
617121,0
617122,0
617123,0
617124,0
617125,0
617126,0
617127,0
617128,0
617129,0
617130,0
617131,0
617132,0
617133,0
617134,28
617135,0
617136,0
617137,0
617138,32
617139,43
617140,0
617141,0
617142,0
617143,0
617144,0
617145,0
617146,0
617147,0
617148,29
617149,0
617150,0
617151,0
617152,0
617153,0
617154,0
617155,35
617156,0
617157,0
617158,0
617159,0
617160,0
617161,0
617162,0
617163,0
617164,0
617165,0
617166,33
617167,0
617168,0
617169,0
617170,0
617171,0
617172,0
617173,0
617174,0
617175,35
617176,0
617177,0
617178,0
617179,0
617180,0
617181,30
617182,0
617183,0
617184,0
617185,0
617186,0
617187,0
617188,0
617189,0
617190,0
617191,0
617192,0
617193,0
617194,0
617195,0
617196,0
617197,0
617198,0
617199,0
617200,0
617201,0
617202,48
617203,42
617204,0
617205,0
617206,0
617207,0
617208,0
617209,0
617210,0
617211,0
617212,0
617213,0
617214,0
617215,0
617216,34
617217,0
617218,0
617219,30
617220,27
617221,0
617222,0
617223,0
617224,0
617225,0
617226,0
617227,0
617228,0
617229,0
617230,0
617231,0
617232,0
617233,0
617234,0
617235,0
617236,0
617237,0
617238,0
617239,49
617240,0
617241,0
617242,0
617243,0
617244,0
617245,0
617246,0
617247,0
617248,0
617249,0
617250,0
617251,0
617252,0
617253,0
617254,0
617255,0
617256,0
617257,0
617258,0
617259,39
617260,0
617261,0
617262,0
617263,0
617264,0
617265,0
617266,0
617267,0
617268,0
617269,0
617270,0
617271,0
617272,0
617273,0
617274,0
617275,0
617276,0
617277,0
617278,0
617279,0
617280,49
617281,0
617282,35
617283,0
617284,0
617285,0
617286,0
617287,0
617288,0
617289,0
617290,0
617291,0
617292,30
617293,0
617294,0
617295,0
617296,0
617297,0
617298,0
617299,0
617300,0
617301,0
617302,0
617303,0
617304,0
617305,0
617306,0
617307,0
617308,0
617309,0
617310,0
617311,0
617312,0
617313,0
617314,0
617315,0
617316,0
617317,0
617318,0
617319,0
617320,0
617321,0
617322,0
617323,38
617324,0
617325,31
617326,0
617327,0
617328,0
617329,0
617330,0
617331,0
617332,0
617333,0
617334,0
617335,0
617336,0
617337,0
617338,0
617339,0
617340,0
617341,0
617342,21
617343,0
617344,51
617345,0
617346,0
617347,0
617348,0
617349,0
617350,0
617351,31
617352,0
617353,0
617354,0
617355,0
617356,0
617357,0
617358,20
617359,0
617360,26
617361,0
617362,0
617363,0
617364,0
617365,0
617366,0
617367,0
617368,0
617369,0
617370,0
617371,0
617372,0
617373,0
617374,0
617375,0
617376,0
617377,0
617378,0
617379,0
617380,0
617381,0
617382,0
617383,0
617384,0
617385,0
617386,0
617387,0
617388,0
617389,0
617390,0
617391,0
617392,0
617393,0
617394,0
617395,0
617396,0
617397,0
617398,0
617399,0
617400,0
617401,0
617402,0
617403,0
617404,0
617405,0
617406,0
617407,0
617408,0
617409,0
617410,0
617411,16
617412,0
617413,0
617414,0
617415,60
617416,0
617417,0
617418,0
617419,0
617420,0
617421,0
617422,0
617423,0
617424,0
617425,0
617426,0
617427,0
617428,0
617429,0
617430,0
617431,0
617432,41
617433,0
617434,0
617435,0
617436,0
617437,0
617438,0
617439,0
617440,0
617441,0
617442,0
617443,25
617444,0
617445,0
617446,0
617447,51
617448,0
617449,26
617450,0
617451,0
617452,27
617453,0
617454,0
617455,0
617456,0
617457,0
617458,0
617459,0
617460,0
617461,0
617462,33
617463,0
617464,0
617465,0
617466,0
617467,0
617468,23
617469,0
617470,0
617471,0
617472,0
617473,0
617474,0
617475,0
617476,0
617477,0
617478,0
617479,0
617480,0
617481,0
617482,0
617483,0
617484,57
617485,0
617486,0
617487,0
617488,0
617489,0
617490,0
617491,0
617492,0
617493,0
617494,0
617495,0
617496,0
617497,0
617498,0
617499,0
617500,38
617501,0
617502,0
617503,0
617504,0
617505,0
617506,0
617507,0
617508,0
617509,0
617510,0
617511,0
617512,0
617513,0
617514,0
617515,0
617516,0
617517,0
617518,0
617519,0
617520,0
617521,0
617522,26
617523,36
617524,0
617525,0
617526,0
617527,0
617528,0
617529,0
617530,0
617531,0
617532,0
617533,0
617534,0
617535,0
617536,0
617537,0
617538,0
617539,0
617540,28
617541,0
617542,0
617543,0
617544,0
617545,0
617546,0
617547,0
617548,0
617549,0
617550,0
617551,0
617552,37
617553,0
617554,0
617555,0
617556,0
617557,0
617558,0
617559,0
617560,0
617561,0
617562,0
617563,0
617564,0
617565,0
617566,0
617567,0
617568,0
617569,0
617570,0
617571,0
617572,0
617573,0
617574,0
617575,0
617576,0
617577,0
617578,28
617579,0
617580,0
617581,0
617582,0
617583,0
617584,0
617585,0
617586,0
617587,57
617588,23
617589,0
617590,0
617591,0
617592,0
617593,35
617594,0
617595,0
617596,0
617597,0
617598,0
617599,0
617600,0
617601,0
617602,0
617603,25
617604,0
617605,0
617606,0
617607,22
617608,0
617609,0
617610,0
617611,0
617612,0
617613,0
617614,0
617615,0
617616,0
617617,0
617618,0
617619,0
617620,40
617621,0
617622,0
617623,0
617624,0
617625,0
617626,0
617627,0
617628,0
617629,0
617630,0
617631,0
617632,0
617633,0
617634,0
617635,0
617636,37
617637,0
617638,0
617639,0
617640,0
617641,0
617642,0
617643,0
617644,0
617645,0
617646,0
617647,43
617648,0
617649,38
617650,0
617651,19
617652,0
617653,0
617654,0
617655,0
617656,0
617657,0
617658,0
617659,0
617660,0
617661,0
617662,0
617663,0
617664,0
617665,0
617666,0
617667,0
617668,0
617669,22
617670,0
617671,0
617672,0
617673,0
617674,0
617675,0
617676,0
617677,26
617678,0
617679,0
617680,0
617681,0
617682,0
617683,0
617684,0
617685,0
617686,0
617687,0
617688,0
617689,0
617690,0
617691,0
617692,0
617693,0
617694,0
617695,0
617696,0
617697,0
617698,0
617699,0
617700,0
617701,0
617702,0
617703,0
617704,0
617705,0
617706,0
617707,0
617708,0
617709,0
617710,0
617711,12
617712,0
617713,0
617714,14
617715,0
617716,0
617717,0
617718,0
617719,0
617720,0
617721,0
617722,0
617723,0
617724,26
617725,0
617726,0
617727,0
617728,0
617729,0
617730,23
617731,0
617732,7
617733,0
617734,0
617735,0
617736,0
617737,0
617738,0
617739,0
617740,0
617741,0
617742,0
617743,0
617744,0
617745,0
617746,0
617747,0
617748,0
617749,0
617750,0
617751,0
617752,0
617753,0
617754,0
617755,0
617756,0
617757,0
617758,0
617759,0
617760,0
617761,0
617762,0
617763,0
617764,0
617765,0
617766,0
617767,0
617768,12
617769,0
617770,0
617771,0
617772,0
617773,0
617774,0
617775,0
617776,12
617777,0
617778,0
617779,0
617780,0
617781,0
617782,0
617783,0
617784,0
617785,0
617786,0
617787,0
617788,45
617789,0
617790,0
617791,0
617792,0
617793,0
617794,0
617795,0
617796,0
617797,0
617798,0
617799,0
617800,0
617801,0
617802,0
617803,0
617804,0
617805,0
617806,0
617807,0
617808,0
617809,33
617810,0
617811,21
617812,0
617813,0
617814,0
617815,0
617816,0
617817,35
617818,0
617819,0
617820,34
617821,0
617822,0
617823,0
617824,0
617825,0
617826,0
617827,0
617828,0
617829,0
617830,0
617831,0
617832,19
617833,0
617834,0
617835,0
617836,32
617837,0
617838,0
617839,18
617840,0
617841,0
617842,0
617843,0
617844,0
617845,0
617846,0
617847,0
617848,0
617849,0
617850,0
617851,21
617852,0
617853,0
617854,0
617855,0
617856,0
617857,0
617858,0
617859,0
617860,7
617861,0
617862,0
617863,0
617864,20
617865,0
617866,0
617867,0
617868,0
617869,0
617870,0
617871,0
617872,0
617873,0
617874,0
617875,0
617876,0
617877,21
617878,0
617879,0
617880,0
617881,0
617882,0
617883,0
617884,0
617885,0
617886,0
617887,0
617888,0
617889,0
617890,0
617891,0
617892,0
617893,0
617894,0
617895,0
617896,0
617897,0
617898,0
617899,13
617900,0
617901,0
617902,8
617903,0
617904,0
617905,0
617906,0
617907,0
617908,0
617909,0
617910,0
617911,0
617912,0
617913,0
617914,0
617915,0
617916,0
617917,26
617918,0
617919,0
617920,0
617921,0
617922,0
617923,0
617924,0
617925,0
617926,12
617927,0
617928,0
617929,0
617930,0
617931,0
617932,0
617933,0
617934,0
617935,0
617936,0
617937,0
617938,0
617939,0
617940,0
617941,0
617942,0
617943,0
617944,23
617945,0
617946,0
617947,0
617948,0
617949,0
617950,0
617951,0
617952,0
617953,0
617954,0
617955,9
617956,0
617957,0
617958,0
617959,0
617960,0
617961,0
617962,0
617963,0
617964,0
617965,6
617966,0
617967,0
617968,0
617969,0
617970,0
617971,0
617972,0
617973,0
617974,0
617975,0
617976,16
617977,15
617978,0
617979,0
617980,0
617981,0
617982,0
617983,0
617984,0
617985,0
617986,0
617987,0
617988,0
617989,0
617990,0
617991,0
617992,0
617993,0
617994,0
617995,0
617996,0
617997,0
617998,0
617999,0
618000,0
618001,0
618002,0
618003,0
618004,0
618005,0
618006,0
618007,0
618008,0
618009,0
618010,0
618011,0
618012,0
618013,0
618014,0
618015,0
618016,0
618017,13
618018,0
618019,0
618020,0
618021,0
618022,0
618023,0
618024,0
618025,0
618026,14
618027,0
618028,0
618029,0
618030,15
618031,0
618032,0
618033,0
618034,0
618035,0
618036,0
618037,0
618038,0
618039,0
618040,0
618041,0
618042,11
618043,0
618044,0
618045,0
618046,0
618047,0
618048,0
618049,37
618050,0
618051,12
618052,0
618053,0
618054,0
618055,0
618056,0
618057,0
618058,0
618059,17
618060,0
618061,0
618062,0
618063,0
618064,0
618065,0
618066,0
618067,0
618068,0
618069,0
618070,0
618071,8
618072,0
618073,12
618074,0
618075,13
618076,0
618077,0
618078,0
618079,0
618080,0
618081,0
618082,0
618083,0
618084,0
618085,0
618086,0
618087,19
618088,0
618089,0
618090,0
618091,16
618092,0
618093,0
618094,0
618095,21
618096,0
618097,0
618098,0
618099,0
618100,0
618101,0
618102,0
618103,0
618104,17
618105,0
618106,0
618107,0
618108,0
618109,0
618110,0
618111,0
618112,0
618113,0
618114,0
618115,0
618116,0
618117,0
618118,0
618119,0
618120,0
618121,0
618122,0
618123,0
618124,0
618125,0
618126,0
618127,0
618128,0
618129,0
618130,0
618131,0
618132,26
618133,0
618134,0
618135,0
618136,0
618137,0
618138,0
618139,0
618140,0
618141,0
618142,28
618143,0
618144,0
618145,0
618146,0
618147,0
618148,0
618149,9
618150,0
618151,0
618152,0
618153,0
618154,0
618155,39
618156,0
618157,0
618158,0
618159,9
618160,0
618161,0
618162,0
618163,0
618164,0
618165,0
618166,0
618167,0
618168,0
618169,0
618170,0
618171,0
618172,0
618173,0
618174,0
618175,0
618176,0
618177,0
618178,0
618179,0
618180,0
618181,0
618182,0
618183,0
618184,19
618185,0
618186,0
618187,0
618188,0
618189,0
618190,0
618191,19
618192,0
618193,0
618194,0
618195,0
618196,0
618197,0
618198,12
618199,0
618200,0
618201,14
618202,0
618203,0
618204,0
618205,0
618206,0
618207,0
618208,8
618209,0
618210,0
618211,18
618212,0
618213,0
618214,0
618215,0
618216,0
618217,0
618218,0
618219,0
618220,0
618221,17
618222,0
618223,0
618224,0
618225,0
618226,0
618227,0
618228,26
618229,0
618230,0
618231,0
618232,0
618233,0
618234,0
618235,0
618236,0
618237,0
618238,0
618239,0
618240,0
618241,0
618242,0
618243,13
618244,0
618245,0
618246,0
618247,0
618248,0
618249,0
618250,0
618251,0
618252,9
618253,0
618254,0
618255,0
618256,0
618257,0
618258,0
618259,0
618260,0
618261,0
618262,0
618263,0
618264,0
618265,0
618266,0
618267,0
618268,0
618269,0
618270,0
618271,0
618272,24
618273,0
618274,0
618275,0
618276,0
618277,0
618278,0
618279,0
618280,0
618281,0
618282,0
618283,0
618284,0
618285,0
618286,0
618287,0
618288,0
618289,0
618290,19
618291,0
618292,0
618293,0
618294,7
618295,0
618296,0
618297,0
618298,0
618299,0
618300,0
618301,0
618302,0
618303,0
618304,0
618305,0
618306,0
618307,0
618308,15
618309,0
618310,0
618311,0
618312,0
618313,14
618314,0
618315,0
618316,0
618317,0
618318,11
618319,0
618320,0
618321,0
618322,18
618323,0
618324,0
618325,0
618326,0
618327,0
618328,0
618329,0
618330,0
618331,0
618332,0
618333,0
618334,0
618335,20
618336,0
618337,0
618338,0
618339,0
618340,0
618341,0
618342,0
618343,0
618344,23
618345,0
618346,0
618347,0
618348,0
618349,0
618350,0
618351,0
618352,0
618353,0
618354,0
618355,0
618356,0
618357,0
618358,0
618359,0
618360,0
618361,0
618362,4
618363,0
618364,0
618365,0
618366,12
618367,0
618368,0
618369,0
618370,0
618371,0
618372,0
618373,0
618374,0
618375,12
618376,0
618377,0
618378,0
618379,0
618380,0
618381,0
618382,0
618383,43
618384,0
618385,0
618386,0
618387,0
618388,0
618389,0
618390,0
618391,0
618392,0
618393,0
618394,0
618395,0
618396,0
618397,0
618398,0
618399,0
618400,0
618401,0
618402,0
618403,0
618404,0
618405,30
618406,0
618407,0
618408,0
618409,0
618410,0
618411,0
618412,0
618413,0
618414,0
618415,0
618416,0
618417,0
618418,0
618419,23
618420,0
618421,0
618422,0
618423,0
618424,0
618425,14
618426,0
618427,0
618428,0
618429,0
618430,0
618431,0
618432,18
618433,0
618434,0
618435,0
618436,0
618437,7
618438,0
618439,14
618440,0
618441,0
618442,0
618443,39
618444,0
618445,0
618446,0
618447,23
618448,0
618449,0
618450,23
618451,0
618452,0
618453,0
618454,0
618455,0
618456,0
618457,0
618458,13
618459,0
618460,0
618461,0
618462,0
618463,0
618464,0
618465,0
618466,0
618467,0
618468,0
618469,0
618470,0
618471,0
618472,0
618473,0
618474,0
618475,0
618476,0
618477,0
618478,0
618479,0
618480,0
618481,0
618482,0
618483,0
618484,0
618485,0
618486,26
618487,0
618488,25
618489,0
618490,0
618491,0
618492,0
618493,0
618494,0
618495,0
618496,0
618497,0
618498,0
618499,0
618500,0
618501,0
618502,0
618503,0
618504,14
618505,0
618506,30
618507,0
618508,0
618509,0
618510,0
618511,0
618512,0
618513,9
618514,0
618515,0
618516,0
618517,0
618518,0
618519,0
618520,0
618521,0
618522,0
618523,0
618524,0
618525,0
618526,0
618527,0
618528,0
618529,0
618530,0
618531,8
618532,0
618533,20
618534,16
618535,0
618536,0
618537,0
618538,0
618539,0
618540,0
618541,0
618542,5
618543,21
618544,0
618545,0
618546,14
618547,0
618548,0
618549,0
618550,14
618551,0
618552,0
618553,0
618554,0
618555,17
618556,8
618557,0
618558,0
618559,12
618560,0
618561,0
618562,17
618563,0
618564,0
618565,0
618566,16
618567,0
618568,0
618569,0
618570,0
618571,0
618572,0
618573,0
618574,0
618575,0
618576,0
618577,16
618578,0
618579,20
618580,0
618581,17
618582,0
618583,0
618584,0
618585,0
618586,7
618587,13
618588,0
618589,0
618590,0
618591,12
618592,22
618593,0
618594,26
618595,0
618596,0
618597,0
618598,0
618599,0
618600,0
618601,18
618602,0
618603,0
618604,0
618605,0
618606,0
618607,0
618608,0
618609,0
618610,0
618611,0
618612,0
618613,0
618614,0
618615,0
618616,0
618617,0
618618,0
618619,0
618620,0
618621,26
618622,0
618623,22
618624,15
618625,0
618626,0
618627,21
618628,0
618629,20
618630,0
618631,0
618632,0
618633,0
618634,0
618635,26
618636,17
618637,11
618638,0
618639,0
618640,14
618641,14
618642,9
618643,0
618644,16
618645,0
618646,13
618647,0
618648,0
618649,0
618650,0
618651,0
618652,0
618653,0
618654,0
618655,0
618656,0
618657,0
618658,14
618659,0
618660,0
618661,0
618662,0
618663,15
618664,15
618665,0
618666,0
618667,0
618668,0
618669,0
618670,0
618671,0
618672,9
618673,0
618674,17
618675,0
618676,10
618677,0
618678,0
618679,13
618680,0
618681,15
618682,0
618683,10
618684,0
618685,13
618686,0
618687,10
618688,0
618689,0
618690,0
618691,0
618692,16
618693,0
618694,0
618695,0
618696,17
618697,0
618698,0
618699,13
618700,9
618701,0
618702,0
618703,0
618704,0
618705,0
618706,23
618707,0
618708,0
618709,0
618710,0
618711,18
618712,0
618713,11
618714,0
618715,0
618716,0
618717,21
618718,6
618719,11
618720,0
618721,0
618722,13
618723,0
618724,0
618725,14
618726,16
618727,3
618728,9
618729,15
618730,13
618731,0
618732,11
618733,0
618734,0
618735,0
618736,0
618737,0
618738,0
618739,19
618740,0
618741,11
618742,0
618743,0
618744,0
618745,0
618746,0
618747,0
618748,0
618749,0
618750,0
618751,0
618752,0
618753,22
618754,0
618755,0
618756,0
618757,0
618758,10
618759,0
618760,0
618761,0
618762,0
618763,0
618764,20
618765,0
618766,0
618767,23
618768,0
618769,0
618770,11
618771,0
618772,0
618773,0
618774,0
618775,15
618776,16
618777,0
618778,0
618779,0
618780,0
618781,0
618782,0
618783,9
618784,0
618785,0
618786,0
618787,0
618788,9
618789,0
618790,0
618791,0
618792,0
618793,0
618794,19
618795,0
618796,0
618797,0
618798,0
618799,15
618800,0
618801,0
618802,25
618803,0
618804,0
618805,15
618806,0
618807,10
618808,0
618809,0
618810,0
618811,0
618812,16
618813,11
618814,9
618815,0
618816,0
618817,0
618818,0
618819,0
618820,0
618821,0
618822,14
618823,0
618824,12
618825,19
618826,13
618827,16
618828,0
618829,0
618830,0
618831,0
618832,0
618833,12
618834,0
618835,0
618836,0
618837,0
618838,18
618839,0
618840,0
618841,0
618842,13
618843,14
618844,0
618845,0
618846,0
618847,14
618848,0
618849,0
618850,0
618851,0
618852,0
618853,0
618854,17
618855,0
618856,0
618857,0
618858,0
618859,11
618860,19
618861,20
618862,0
618863,0
618864,0
618865,0
618866,12
618867,0
618868,0
618869,0
618870,0
618871,0
618872,0
618873,0
618874,0
618875,13
618876,21
618877,11
618878,0
618879,0
618880,9
618881,19
618882,0
618883,0
618884,0
618885,14
618886,0
618887,0
618888,12
618889,0
618890,26
618891,18
618892,9
618893,13
618894,0
618895,0
618896,0
618897,17
618898,0
618899,0
618900,17
618901,15
618902,10
618903,0
618904,15
618905,0
618906,0
618907,0
618908,0
618909,0
618910,0
618911,0
618912,0
618913,8
618914,0
618915,0
618916,16
618917,14
618918,0
618919,16
618920,15
618921,0
618922,14
618923,15
618924,10
618925,27
618926,0
618927,0
618928,0
618929,0
618930,0
618931,0
618932,0
618933,16
618934,8
618935,0
618936,0
618937,0
618938,0
618939,0
618940,0
618941,0
618942,0
618943,0
618944,0
618945,23
618946,0
618947,0
618948,0
618949,0
618950,0
618951,15
618952,0
618953,0
618954,0
618955,16
618956,0
618957,0
618958,0
618959,0
618960,0
618961,25
618962,20
618963,21
618964,0
618965,12
618966,0
618967,0
618968,0
618969,13
618970,0
618971,13
618972,0
618973,11
618974,11
618975,0
618976,0
618977,22
618978,11
618979,0
618980,0
618981,0
618982,0
618983,0
618984,0
618985,0
618986,0
618987,0
618988,0
618989,0
618990,0
618991,0
618992,14
618993,0
618994,13
618995,0
618996,0
618997,0
618998,0
618999,0
619000,0
619001,0
619002,0
619003,18
619004,0
619005,0
619006,0
619007,0
619008,0
619009,18
619010,0
619011,0
619012,0
619013,0
619014,0
619015,0
619016,0
619017,20
619018,0
619019,0
619020,0
619021,0
619022,0
619023,0
619024,0
619025,0
619026,0
619027,0
619028,0
619029,0
619030,14
619031,0
619032,0
619033,0
619034,0
619035,0
619036,0
619037,16
619038,0
619039,0
619040,0
619041,0
619042,0
619043,0
619044,0
619045,0
619046,0
619047,0
619048,0
619049,0
619050,0
619051,0
619052,0
619053,17
619054,17
619055,0
619056,0
619057,0
619058,0
619059,0
619060,0
619061,0
619062,0
619063,0
619064,30
619065,0
619066,19
619067,0
619068,0
619069,0
619070,17
619071,22
619072,16
619073,10
619074,0
619075,0
619076,0
619077,0
619078,12
619079,0
619080,0
619081,0
619082,0
619083,19
619084,0
619085,0
619086,0
619087,0
619088,0
619089,0
619090,0
619091,16
619092,0
619093,0
619094,14
619095,0
619096,0
619097,0
619098,11
619099,15
619100,12
619101,0
619102,0
619103,0
619104,20
619105,0
619106,22
619107,0
619108,0
619109,0
619110,17
619111,0
619112,0
619113,0
619114,16
619115,11
619116,0
619117,0
619118,0
619119,17
619120,0
619121,16
619122,0
619123,0
619124,14
619125,0
619126,0
619127,0
619128,0
619129,22
619130,0
619131,0
619132,0
619133,16
619134,0
619135,20
619136,0
619137,0
619138,15
619139,0
619140,0
619141,0
619142,0
619143,20
619144,12
619145,15
619146,0
619147,0
619148,0
619149,15
619150,0
619151,13
619152,14
619153,20
619154,25
619155,0
619156,0
619157,0
619158,0
619159,0
619160,0
619161,0
619162,0
619163,0
619164,0
619165,0
619166,0
619167,12
619168,0
619169,0
619170,0
619171,0
619172,9
619173,0
619174,0
619175,0
619176,16
619177,0
619178,16
619179,27
619180,20
619181,0
619182,0
619183,0
619184,0
619185,0
619186,0
619187,0
619188,22
619189,11
619190,10
619191,0
619192,0
619193,0
619194,0
619195,12
619196,14
619197,19
619198,10
619199,0
619200,0
619201,0
619202,16
619203,12
619204,0
619205,0
619206,0
619207,0
619208,0
619209,12
619210,5
619211,0
619212,0
619213,23
619214,0
619215,0
619216,15
619217,0
619218,0
619219,18
619220,0
619221,0
619222,0
619223,25
619224,0
619225,0
619226,17
619227,16
619228,0
619229,0
619230,0
619231,0
619232,0
619233,0
619234,0
619235,0
619236,19
619237,0
619238,0
619239,0
619240,18
619241,0
619242,0
619243,0
619244,14
619245,0
619246,0
619247,0
619248,14
619249,11
619250,0
619251,0
619252,0
619253,0
619254,13
619255,13
619256,0
619257,0
619258,0
619259,0
619260,0
619261,14
619262,0
619263,0
619264,0
619265,0
619266,0
619267,0
619268,20
619269,0
619270,0
619271,0
619272,0
619273,0
619274,16
619275,6
619276,0
619277,0
619278,22
619279,0
619280,0
619281,0
619282,0
619283,0
619284,0
619285,7
619286,0
619287,0
619288,0
619289,0
619290,15
619291,0
619292,0
619293,0
619294,0
619295,25
619296,0
619297,0
619298,0
619299,0
619300,0
619301,8
619302,0
619303,0
619304,0
619305,27
619306,22
619307,0
619308,0
619309,0
619310,18
619311,0
619312,0
619313,10
619314,0
619315,0
619316,0
619317,0
619318,0
619319,0
619320,11
619321,0
619322,0
619323,0
619324,0
619325,0
619326,9
619327,0
619328,0
619329,20
619330,0
619331,6
619332,0
619333,0
619334,21
619335,0
619336,0
619337,0
619338,0
619339,0
619340,0
619341,20
619342,0
619343,15
619344,11
619345,0
619346,15
619347,0
619348,0
619349,0
619350,0
619351,10
619352,0
619353,0
619354,0
619355,0
619356,0
619357,0
619358,0
619359,12
619360,0
619361,0
619362,0
619363,23
619364,22
619365,0
619366,0
619367,0
619368,0
619369,0
619370,0
619371,0
619372,14
619373,0
619374,20
619375,0
619376,0
619377,0
619378,12
619379,17
619380,19
619381,0
619382,0
619383,0
619384,19
619385,0
619386,0
619387,17
619388,0
619389,0
619390,11
619391,10
619392,0
619393,0
619394,19
619395,0
619396,10
619397,0
619398,15
619399,0
619400,0
619401,16
619402,0
619403,19
619404,15
619405,0
619406,0
619407,0
619408,15
619409,0
619410,0
619411,0
619412,0
619413,0
619414,17
619415,0
619416,12
619417,0
619418,8
619419,21
619420,0
619421,0
619422,0
619423,0
619424,0
619425,0
619426,0
619427,10
619428,0
619429,0
619430,0
619431,14
619432,0
619433,15
619434,0
619435,24
619436,0
619437,0
619438,0
619439,0
619440,0
619441,0
619442,20
619443,0
619444,11
619445,0
619446,0
619447,0
619448,0
619449,0
619450,0
619451,0
619452,24
619453,0
619454,13
619455,12
619456,0
619457,0
619458,0
619459,0
619460,0
619461,0
619462,0
619463,31
619464,0
619465,0
619466,11
619467,11
619468,23
619469,0
619470,0
619471,0
619472,0
619473,0
619474,0
619475,11
619476,18
619477,11
619478,21
619479,21
619480,0
619481,0
619482,0
619483,14
619484,0
619485,0
619486,0
619487,15
619488,15
619489,0
619490,0
619491,0
619492,17
619493,0
619494,0
619495,0
619496,0
619497,17
619498,11
619499,0
619500,0
619501,8
619502,0
619503,0
619504,0
619505,0
619506,0
619507,0
619508,0
619509,0
619510,0
619511,0
619512,0
619513,0
619514,0
619515,0
619516,0
619517,17
619518,17
619519,0
619520,0
619521,0
619522,0
619523,0
619524,0
619525,0
619526,0
619527,0
619528,9
619529,0
619530,0
619531,0
619532,0
619533,0
619534,0
619535,0
619536,0
619537,0
619538,0
619539,0
619540,0
619541,0
619542,0
619543,3
619544,0
619545,0
619546,0
619547,0
619548,2
619549,0
619550,0
619551,0
619552,0
619553,0
619554,0
619555,0
619556,0
619557,0
619558,0
619559,0
619560,0
619561,0
619562,0
619563,0
619564,0
619565,0
619566,0
619567,0
619568,0
619569,0
619570,0
619571,0
619572,0
619573,0
619574,0
619575,0
619576,0
619577,0
619578,0
619579,0
619580,0
619581,0
619582,0
619583,0
619584,0
619585,0
619586,0
619587,0
619588,0
619589,0
619590,0
619591,0
619592,0
619593,0
619594,0
619595,0
619596,0
619597,0
619598,0
619599,0
619600,0
619601,0
619602,0
619603,0
619604,0
619605,0
619606,0
619607,0
619608,0
619609,0
619610,0
619611,0
619612,0
619613,0
619614,0
619615,0
619616,0
619617,1
619618,0
619619,0
619620,0
619621,0
619622,0
619623,0
619624,0
619625,0
619626,0
619627,0
619628,0
619629,0
619630,0
619631,0
619632,0
619633,0
619634,0
619635,0
619636,0
619637,0
619638,0
619639,0
619640,0
619641,0
619642,0
619643,0
619644,0
619645,0
619646,2
619647,0
619648,0
619649,0
619650,1
619651,0
619652,0
619653,0
619654,0
619655,0
619656,0
619657,0
619658,0
619659,0
619660,0
619661,0
619662,0
619663,0
619664,0
619665,0
619666,0
619667,0
619668,0
619669,0
619670,2
619671,0
619672,0
619673,0
619674,0
619675,0
619676,0
619677,0
619678,0
619679,0
619680,0
619681,0
619682,0
619683,0
619684,0
619685,0
619686,0
619687,0
619688,0
619689,0
619690,0
619691,0
619692,0
619693,0
619694,0
619695,0
619696,0
619697,0
619698,0
619699,0
619700,0
619701,0
619702,0
619703,0
619704,0
619705,0
619706,1
619707,0
619708,0
619709,0
619710,0
619711,0
619712,2
619713,0
619714,0
619715,0
619716,0
619717,0
619718,0
619719,2
619720,0
619721,0
619722,0
619723,5
619724,0
619725,0
619726,0
619727,0
619728,0
619729,0
619730,1
619731,1
619732,0
619733,0
619734,0
619735,0
619736,0
619737,0
619738,0
619739,9
619740,3
619741,3
619742,0
619743,0
619744,0
619745,0
619746,0
619747,0
619748,0
619749,0
619750,0
619751,0
619752,0
619753,0
619754,0
619755,0
619756,0
619757,0
619758,0
619759,0
619760,0
619761,0
619762,0
619763,0
619764,0
619765,0
619766,0
619767,3
619768,5
619769,0
619770,0
619771,0
619772,0
619773,6
619774,0
619775,0
619776,0
619777,0
619778,0
619779,0
619780,0
619781,0
619782,0
619783,0
619784,0
619785,0
619786,6
619787,0
619788,0
619789,0
619790,1
619791,1
619792,0
619793,0
619794,0
619795,0
619796,0
619797,0
619798,2
619799,0
619800,0
619801,0
619802,0
619803,2
619804,4
619805,0
619806,0
619807,0
619808,0
619809,3
619810,0
619811,0
619812,0
619813,2
619814,2
619815,0
619816,10
619817,3
619818,0
619819,0
619820,0
619821,0
619822,0
619823,0
619824,0
619825,0
619826,4
619827,0
619828,0
619829,6
619830,0
619831,0
619832,0
619833,5
619834,0
619835,0
619836,7
619837,0
619838,0
619839,0
619840,0
619841,0
619842,0
619843,0
619844,1
619845,0
619846,0
619847,0
619848,0
619849,0
619850,0
619851,0
619852,0
619853,3
619854,2
619855,0
619856,0
619857,8
619858,0
619859,0
619860,0
619861,0
619862,0
619863,3
619864,0
619865,3
619866,3
619867,0
619868,0
619869,0
619870,1
619871,4
619872,0
619873,0
619874,0
619875,0
619876,0
619877,0
619878,0
619879,0
619880,0
619881,4
619882,0
619883,3
619884,0
619885,0
619886,0
619887,0
619888,0
619889,5
619890,0
619891,0
619892,0
619893,0
619894,0
619895,0
619896,5
619897,0
619898,0
619899,0
619900,0
619901,0
619902,0
619903,0
619904,4
619905,0
619906,0
619907,0
619908,0
619909,0
619910,0
619911,0
619912,0
619913,0
619914,0
619915,0
619916,0
619917,0
619918,0
619919,0
619920,0
619921,0
619922,0
619923,0
619924,0
619925,0
619926,0
619927,0
619928,0
619929,0
619930,0
619931,0
619932,0
619933,0
619934,9
619935,0
619936,0
619937,0
619938,0
619939,1
619940,0
619941,0
619942,11
619943,0
619944,0
619945,4
619946,0
619947,0
619948,0
619949,0
619950,0
619951,0
619952,10
619953,0
619954,0
619955,2
619956,0
619957,0
619958,0
619959,0
619960,2
619961,2
619962,0
619963,1
619964,0
619965,0
619966,0
619967,7
619968,0
619969,0
619970,0
619971,0
619972,0
619973,0
619974,0
619975,0
619976,8
619977,0
619978,6
619979,7
619980,4
619981,0
619982,3
619983,8
619984,3
619985,6
619986,0
619987,0
619988,2
619989,0
619990,0
619991,0
619992,0
619993,0
619994,0
619995,0
619996,4
619997,0
619998,0
619999,0
620000,0
620001,0
620002,8
620003,0
620004,0
620005,0
620006,0
620007,0
620008,0
620009,0
620010,0
620011,0
620012,0
620013,3
620014,6
620015,8
620016,0
620017,8
620018,0
620019,0
620020,0
620021,1
620022,0
620023,0
620024,0
620025,5
620026,0
620027,3
620028,5
620029,0
620030,0
620031,0
620032,5
620033,2
620034,5
620035,0
620036,0
620037,4
620038,3
620039,0
620040,0
620041,0
620042,0
620043,0
620044,0
620045,0
620046,13
620047,0
620048,0
620049,3
620050,0
620051,0
620052,0
620053,0
620054,0
620055,0
620056,0
620057,0
620058,0
620059,0
620060,0
620061,2
620062,0
620063,0
620064,7
620065,0
620066,0
620067,4
620068,0
620069,0
620070,6
620071,0
620072,4
620073,0
620074,0
620075,0
620076,0
620077,0
620078,0
620079,0
620080,4
620081,0
620082,0
620083,0
620084,0
620085,0
620086,0
620087,8
620088,4
620089,2
620090,0
620091,0
620092,0
620093,0
620094,0
620095,5
620096,0
620097,0
620098,0
620099,0
620100,0
620101,3
620102,4
620103,0
620104,0
620105,2
620106,0
620107,0
620108,2
620109,5
620110,0
620111,2
620112,0
620113,0
620114,0
620115,0
620116,0
620117,0
620118,1
620119,0
620120,4
620121,0
620122,0
620123,0
620124,0
620125,0
620126,0
620127,0
620128,7
620129,0
620130,0
620131,2
620132,9
620133,0
620134,0
620135,0
620136,0
620137,0
620138,0
620139,5
620140,0
620141,0
620142,0
620143,0
620144,10
620145,5
620146,0
620147,0
620148,0
620149,5
620150,4
620151,0
620152,7
620153,0
620154,1
620155,0
620156,0
620157,8
620158,0
620159,0
620160,0
620161,5
620162,0
620163,0
620164,0
620165,0
620166,0
620167,3
620168,5
620169,0
620170,0
620171,0
620172,4
620173,0
620174,0
620175,0
620176,0
620177,0
620178,6
620179,0
620180,0
620181,0
620182,0
620183,0
620184,0
620185,0
620186,4
620187,2
620188,0
620189,0
620190,0
620191,0
620192,0
620193,3
620194,0
620195,0
620196,0
620197,7
620198,0
620199,0
620200,0
620201,0
620202,6
620203,0
620204,0
620205,3
620206,6
620207,0
620208,1
620209,0
620210,0
620211,0
620212,0
620213,0
620214,5
620215,0
620216,0
620217,0
620218,0
620219,3
620220,2
620221,9
620222,0
620223,7
620224,0
620225,0
620226,0
620227,0
620228,4
620229,0
620230,0
620231,0
620232,0
620233,0
620234,0
620235,0
620236,0
620237,2
620238,0
620239,0
620240,0
620241,0
620242,0
620243,0
620244,0
620245,0
620246,3
620247,4
620248,0
620249,0
620250,0
620251,0
620252,0
620253,0
620254,2
620255,0
620256,0
620257,0
620258,4
620259,0
620260,0
620261,3
620262,0
620263,0
620264,3
620265,0
620266,0
620267,0
620268,0
620269,0
620270,0
620271,0
620272,0
620273,0
620274,0
620275,0
620276,8
620277,0
620278,0
620279,0
620280,0
620281,0
620282,0
620283,0
620284,0
620285,0
620286,0
620287,6
620288,0
620289,6
620290,0
620291,9
620292,0
620293,0
620294,0
620295,0
620296,0
620297,0
620298,2
620299,1
620300,0
620301,3
620302,0
620303,0
620304,0
620305,0
620306,5
620307,0
620308,0
620309,0
620310,0
620311,0
620312,0
620313,8
620314,0
620315,5
620316,0
620317,3
620318,0
620319,0
620320,4
620321,0
620322,1
620323,0
620324,3
620325,0
620326,0
620327,0
620328,0
620329,0
620330,6
620331,0
620332,0
620333,0
620334,0
620335,3
620336,3
620337,0
620338,5
620339,2
620340,4
620341,2
620342,0
620343,0
620344,0
620345,0
620346,0
620347,0
620348,0
620349,0
620350,6
620351,0
620352,0
620353,0
620354,0
620355,0
620356,3
620357,6
620358,6
620359,0
620360,0
620361,0
620362,0
620363,0
620364,6
620365,0
620366,0
620367,0
620368,0
620369,0
620370,3
620371,7
620372,7
620373,4
620374,5
620375,0
620376,9
620377,6
620378,4
620379,0
620380,0
620381,0
620382,4
620383,0
620384,0
620385,0
620386,6
620387,0
620388,0
620389,0
620390,0
620391,0
620392,0
620393,1
620394,0
620395,0
620396,3
620397,0
620398,0
620399,0
620400,0
620401,0
620402,0
620403,0
620404,6
620405,2
620406,7
620407,0
620408,2
620409,4
620410,0
620411,1
620412,0
620413,0
620414,0
620415,3
620416,4
620417,0
620418,0
620419,3
620420,0
620421,0
620422,2
620423,0
620424,5
620425,0
620426,0
620427,0
620428,0
620429,4
620430,5
620431,1
620432,2
620433,2
620434,0
620435,0
620436,6
620437,6
620438,7
620439,3
620440,7
620441,0
620442,0
620443,12
620444,0
620445,7
620446,4
620447,4
620448,6
620449,0
620450,0
620451,2
620452,0
620453,1
620454,0
620455,0
620456,0
620457,0
620458,3
620459,0
620460,0
620461,0
620462,0
620463,0
620464,0
620465,0
620466,0
620467,0
620468,0
620469,0
620470,0
620471,0
620472,2
620473,5
620474,0
620475,1
620476,0
620477,0
620478,0
620479,6
620480,0
620481,0
620482,0
620483,0
620484,0
620485,0
620486,7
620487,0
620488,8
620489,0
620490,3
620491,0
620492,0
620493,0
620494,0
620495,0
620496,3
620497,3
620498,0
620499,0
620500,0
620501,0
620502,3
620503,3
620504,4
620505,0
620506,0
620507,6
620508,0
620509,1
620510,0
620511,0
620512,0
620513,0
620514,2
620515,0
620516,11
620517,0
620518,0
620519,0
620520,1
620521,4
620522,0
620523,2
620524,0
620525,0
620526,0
620527,4
620528,0
620529,0
620530,0
620531,0
620532,0
620533,0
620534,0
620535,0
620536,0
620537,0
620538,0
620539,0
620540,0
620541,0
620542,3
620543,6
620544,0
620545,0
620546,4
620547,7
620548,4
620549,0
620550,0
620551,0
620552,0
620553,0
620554,0
620555,0
620556,0
620557,0
620558,0
620559,0
620560,0
620561,0
620562,7
620563,0
620564,0
620565,0
620566,0
620567,0
620568,4
620569,0
620570,6
620571,0
620572,0
620573,0
620574,1
620575,0
620576,0
620577,0
620578,0
620579,2
620580,0
620581,4
620582,0
620583,5
620584,0
620585,0
620586,0
620587,0
620588,0
620589,0
620590,0
620591,5
620592,0
620593,0
620594,0
620595,0
620596,4
620597,0
620598,7
620599,0
620600,0
620601,0
620602,0
620603,0
620604,0
620605,0
620606,0
620607,0
620608,0
620609,0
620610,3
620611,0
620612,0
620613,0
620614,0
620615,0
620616,0
620617,0
620618,0
620619,0
620620,0
620621,0
620622,0
620623,0
620624,0
620625,7
620626,0
620627,0
620628,1
620629,0
620630,0
620631,0
620632,5
620633,0
620634,2
620635,2
620636,0
620637,0
620638,0
620639,0
620640,0
620641,0
620642,5
620643,0
620644,8
620645,7
620646,0
620647,0
620648,0
620649,0
620650,0
620651,1
620652,0
620653,0
620654,3
620655,0
620656,0
620657,3
620658,0
620659,4
620660,0
620661,0
620662,8
620663,0
620664,0
620665,0
620666,0
620667,0
620668,0
620669,0
620670,3
620671,0
620672,0
620673,0
620674,0
620675,2
620676,0
620677,9
620678,5
620679,0
620680,0
620681,0
620682,0
620683,0
620684,0
620685,7
620686,0
620687,1
620688,0
620689,0
620690,20
620691,0
620692,0
620693,0
620694,17
620695,0
620696,0
620697,0
620698,0
620699,0
620700,0
620701,0
620702,0
620703,0
620704,19
620705,0
620706,0
620707,0
620708,14
620709,0
620710,0
620711,0
620712,0
620713,0
620714,0
620715,0
620716,0
620717,0
620718,0
620719,0
620720,0
620721,0
620722,0
620723,0
620724,0
620725,0
620726,19
620727,0
620728,0
620729,0
620730,0
620731,26
620732,0
620733,0
620734,0
620735,0
620736,0
620737,0
620738,0
620739,0
620740,0
620741,0
620742,0
620743,0
620744,0
620745,0
620746,0
620747,0
620748,0
620749,0
620750,0
620751,0
620752,15
620753,13
620754,0
620755,0
620756,13
620757,0
620758,0
620759,16
620760,0
620761,0
620762,0
620763,0
620764,0
620765,0
620766,0
620767,0
620768,0
620769,0
620770,9
620771,0
620772,0
620773,0
620774,0
620775,0
620776,0
620777,0
620778,0
620779,17
620780,0
620781,0
620782,0
620783,11
620784,0
620785,0
620786,0
620787,14
620788,0
620789,0
620790,0
620791,0
620792,0
620793,0
620794,0
620795,0
620796,16
620797,0
620798,0
620799,0
620800,0
620801,0
620802,11
620803,0
620804,0
620805,0
620806,0
620807,0
620808,0
620809,0
620810,14
620811,0
620812,0
620813,0
620814,0
620815,0
620816,0
620817,0
620818,0
620819,0
620820,0
620821,0
620822,0
620823,0
620824,15
620825,10
620826,0
620827,0
620828,0
620829,0
620830,0
620831,0
620832,0
620833,0
620834,17
620835,0
620836,0
620837,0
620838,0
620839,0
620840,0
620841,0
620842,0
620843,0
620844,0
620845,0
620846,0
620847,0
620848,15
620849,0
620850,0
620851,0
620852,0
620853,0
620854,15
620855,14
620856,0
620857,0
620858,0
620859,0
620860,0
620861,0
620862,20
620863,0
620864,22
620865,0
620866,0
620867,23
620868,12
620869,0
620870,0
620871,0
620872,0
620873,15
620874,0
620875,0
620876,0
620877,0
620878,0
620879,0
620880,11
620881,0
620882,0
620883,0
620884,0
620885,0
620886,0
620887,0
620888,17
620889,0
620890,0
620891,0
620892,0
620893,0
620894,0
620895,8
620896,0
620897,0
620898,0
620899,0
620900,0
620901,0
620902,0
620903,0
620904,0
620905,0
620906,0
620907,0
620908,13
620909,10
620910,0
620911,0
620912,0
620913,0
620914,0
620915,0
620916,0
620917,16
620918,0
620919,0
620920,0
620921,0
620922,0
620923,20
620924,0
620925,0
620926,0
620927,0
620928,0
620929,0
620930,0
620931,14
620932,0
620933,16
620934,0
620935,0
620936,0
620937,0
620938,13
620939,0
620940,0
620941,0
620942,0
620943,0
620944,0
620945,0
620946,0
620947,17
620948,0
620949,0
620950,0
620951,0
620952,0
620953,0
620954,0
620955,0
620956,0
620957,0
620958,0
620959,0
620960,0
620961,0
620962,24
620963,0
620964,10
620965,0
620966,0
620967,0
620968,0
620969,0
620970,0
620971,15
620972,0
620973,18
620974,0
620975,25
620976,17
620977,0
620978,0
620979,0
620980,0
620981,0
620982,0
620983,0
620984,0
620985,14
620986,0
620987,0
620988,0
620989,0
620990,15
620991,0
620992,0
620993,12
620994,19
620995,0
620996,0
620997,0
620998,0
620999,0
621000,0
621001,0
621002,0
621003,0
621004,0
621005,0
621006,0
621007,0
621008,0
621009,0
621010,23
621011,0
621012,0
621013,0
621014,0
621015,0
621016,0
621017,0
621018,0
621019,0
621020,20
621021,0
621022,0
621023,0
621024,0
621025,0
621026,0
621027,24
621028,24
621029,26
621030,0
621031,0
621032,0
621033,0
621034,0
621035,0
621036,20
621037,0
621038,0
621039,15
621040,16
621041,0
621042,18
621043,0
621044,23
621045,0
621046,0
621047,0
621048,28
621049,0
621050,0
621051,22
621052,18
621053,0
621054,0
621055,0
621056,0
621057,0
621058,0
621059,0
621060,0
621061,20
621062,0
621063,0
621064,13
621065,0
621066,0
621067,0
621068,0
621069,0
621070,0
621071,23
621072,21
621073,0
621074,8
621075,0
621076,0
621077,18
621078,0
621079,0
621080,30
621081,0
621082,0
621083,0
621084,16
621085,21
621086,0
621087,13
621088,0
621089,0
621090,18
621091,0
621092,17
621093,0
621094,0
621095,13
621096,0
621097,0
621098,0
621099,25
621100,0
621101,0
621102,0
621103,19
621104,0
621105,31
621106,0
621107,0
621108,19
621109,0
621110,0
621111,0
621112,0
621113,0
621114,0
621115,20
621116,17
621117,0
621118,14
621119,0
621120,20
621121,0
621122,0
621123,0
621124,0
621125,0
621126,18
621127,0
621128,0
621129,22
621130,0
621131,13
621132,0
621133,0
621134,0
621135,0
621136,0
621137,0
621138,21
621139,0
621140,0
621141,8
621142,0
621143,0
621144,0
621145,0
621146,19
621147,14
621148,19
621149,26
621150,18
621151,0
621152,0
621153,0
621154,22
621155,0
621156,0
621157,0
621158,0
621159,25
621160,20
621161,0
621162,0
621163,26
621164,0
621165,0
621166,0
621167,22
621168,21
621169,0
621170,0
621171,0
621172,0
621173,19
621174,0
621175,0
621176,21
621177,0
621178,18
621179,0
621180,21
621181,26
621182,0
621183,20
621184,0
621185,24
621186,0
621187,0
621188,0
621189,22
621190,0
621191,0
621192,19
621193,0
621194,0
621195,0
621196,0
621197,14
621198,0
621199,0
621200,0
621201,0
621202,17
621203,21
621204,19
621205,0
621206,0
621207,0
621208,0
621209,0
621210,0
621211,0
621212,0
621213,0
621214,17
621215,25
621216,0
621217,28
621218,0
621219,0
621220,0
621221,15
621222,0
621223,0
621224,0
621225,17
621226,0
621227,0
621228,0
621229,15
621230,0
621231,28
621232,0
621233,0
621234,0
621235,0
621236,21
621237,0
621238,0
621239,0
621240,0
621241,0
621242,0
621243,0
621244,0
621245,0
621246,0
621247,0
621248,0
621249,29
621250,0
621251,0
621252,22
621253,0
621254,0
621255,0
621256,0
621257,0
621258,0
621259,0
621260,11
621261,0
621262,0
621263,0
621264,0
621265,20
621266,16
621267,0
621268,0
621269,0
621270,0
621271,0
621272,0
621273,0
621274,0
621275,0
621276,0
621277,0
621278,0
621279,0
621280,0
621281,0
621282,0
621283,0
621284,0
621285,0
621286,0
621287,21
621288,0
621289,0
621290,0
621291,29
621292,0
621293,0
621294,0
621295,0
621296,16
621297,0
621298,0
621299,21
621300,0
621301,0
621302,28
621303,0
621304,0
621305,0
621306,0
621307,19
621308,0
621309,0
621310,30
621311,18
621312,0
621313,0
621314,0
621315,0
621316,0
621317,0
621318,0
621319,0
621320,0
621321,0
621322,17
621323,0
621324,0
621325,20
621326,0
621327,0
621328,18
621329,0
621330,0
621331,23
621332,23
621333,0
621334,0
621335,0
621336,0
621337,0
621338,18
621339,0
621340,0
621341,0
621342,16
621343,0
621344,11
621345,0
621346,0
621347,20
621348,11
621349,0
621350,23
621351,0
621352,0
621353,25
621354,22
621355,25
621356,0
621357,0
621358,0
621359,27
621360,0
621361,0
621362,0
621363,12
621364,0
621365,0
621366,0
621367,10
621368,0
621369,0
621370,0
621371,0
621372,0
621373,0
621374,0
621375,0
621376,0
621377,20
621378,0
621379,0
621380,0
621381,0
621382,0
621383,0
621384,0
621385,0
621386,0
621387,0
621388,0
621389,0
621390,0
621391,23
621392,26
621393,0
621394,0
621395,0
621396,0
621397,0
621398,0
621399,0
621400,0
621401,23
621402,0
621403,0
621404,0
621405,28
621406,21
621407,0
621408,28
621409,0
621410,24
621411,0
621412,26
621413,19
621414,22
621415,16
621416,0
621417,0
621418,0
621419,0
621420,0
621421,0
621422,21
621423,15
621424,0
621425,0
621426,34
621427,0
621428,25
621429,0
621430,0
621431,0
621432,0
621433,0
621434,16
621435,0
621436,0
621437,0
621438,20
621439,15
621440,0
621441,0
621442,0
621443,0
621444,0
621445,0
621446,0
621447,13
621448,0
621449,0
621450,0
621451,0
621452,16
621453,14
621454,0
621455,0
621456,0
621457,0
621458,0
621459,22
621460,0
621461,0
621462,0
621463,0
621464,0
621465,0
621466,0
621467,0
621468,0
621469,0
621470,0
621471,0
621472,0
621473,14
621474,0
621475,0
621476,0
621477,0
621478,0
621479,0
621480,0
621481,21
621482,23
621483,22
621484,22
621485,23
621486,15
621487,19
621488,23
621489,22
621490,0
621491,23
621492,24
621493,19
621494,0
621495,0
621496,0
621497,17
621498,0
621499,16
621500,0
621501,0
621502,0
621503,19
621504,19
621505,0
621506,17
621507,0
621508,23
621509,0
621510,14
621511,0
621512,0
621513,0
621514,0
621515,0
621516,22
621517,26
621518,0
621519,0
621520,0
621521,0
621522,11
621523,20
621524,0
621525,0
621526,0
621527,0
621528,23
621529,0
621530,0
621531,0
621532,0
621533,19
621534,0
621535,0
621536,0
621537,0
621538,0
621539,0
621540,0
621541,13
621542,0
621543,0
621544,0
621545,0
621546,0
621547,0
621548,0
621549,22
621550,17
621551,0
621552,0
621553,0
621554,0
621555,0
621556,0
621557,0
621558,0
621559,34
621560,0
621561,0
621562,15
621563,0
621564,0
621565,0
621566,0
621567,0
621568,20
621569,0
621570,0
621571,0
621572,0
621573,0
621574,0
621575,0
621576,0
621577,0
621578,0
621579,0
621580,0
621581,0
621582,0
621583,16
621584,0
621585,0
621586,0
621587,0
621588,0
621589,21
621590,22
621591,0
621592,0
621593,0
621594,30
621595,0
621596,0
621597,20
621598,0
621599,0
621600,0
621601,0
621602,0
621603,21
621604,30
621605,0
621606,21
621607,14
621608,0
621609,0
621610,0
621611,0
621612,25
621613,0
621614,0
621615,22
621616,0
621617,12
621618,29
621619,0
621620,0
621621,0
621622,0
621623,24
621624,0
621625,0
621626,0
621627,0
621628,0
621629,22
621630,0
621631,0
621632,0
621633,18
621634,28
621635,26
621636,0
621637,3
621638,0
621639,0
621640,0
621641,2
621642,0
621643,0
621644,0
621645,3
621646,0
621647,0
621648,0
621649,0
621650,0
621651,0
621652,0
621653,0
621654,0
621655,2
621656,1
621657,1
621658,0
621659,0
621660,0
621661,0
621662,0
621663,0
621664,0
621665,0
621666,0
621667,0
621668,0
621669,0
621670,0
621671,0
621672,4
621673,0
621674,0
621675,0
621676,0
621677,3
621678,0
621679,0
621680,0
621681,0
621682,0
621683,0
621684,0
621685,0
621686,0
621687,1
621688,0
621689,0
621690,0
621691,0
621692,0
621693,1
621694,0
621695,0
621696,0
621697,0
621698,0
621699,0
621700,0
621701,0
621702,0
621703,0
621704,0
621705,0
621706,0
621707,0
621708,0
621709,2
621710,0
621711,0
621712,0
621713,0
621714,0
621715,0
621716,0
621717,0
621718,0
621719,2
621720,2
621721,0
621722,0
621723,0
621724,0
621725,0
621726,0
621727,0
621728,0
621729,0
621730,0
621731,0
621732,0
621733,0
621734,0
621735,2
621736,4
621737,0
621738,0
621739,0
621740,0
621741,0
621742,0
621743,0
621744,0
621745,0
621746,5
621747,0
621748,0
621749,0
621750,0
621751,0
621752,0
621753,0
621754,1
621755,0
621756,0
621757,0
621758,3
621759,4
621760,0
621761,2
621762,0
621763,0
621764,0
621765,0
621766,0
621767,0
621768,0
621769,0
621770,0
621771,0
621772,0
621773,0
621774,0
621775,0
621776,0
621777,0
621778,0
621779,0
621780,0
621781,0
621782,0
621783,0
621784,0
621785,0
621786,0
621787,0
621788,2
621789,0
621790,0
621791,1
621792,0
621793,0
621794,0
621795,0
621796,2
621797,0
621798,2
621799,0
621800,1
621801,0
621802,0
621803,0
621804,1
621805,0
621806,0
621807,2
621808,0
621809,0
621810,0
621811,0
621812,2
621813,1
621814,0
621815,0
621816,0
621817,0
621818,0
621819,0
621820,0
621821,1
621822,0
621823,0
621824,0
621825,0
621826,2
621827,0
621828,2
621829,0
621830,0
621831,2
621832,0
621833,0
621834,0
621835,0
621836,0
621837,0
621838,0
621839,0
621840,0
621841,0
621842,1
621843,0
621844,0
621845,0
621846,0
621847,0
621848,0
621849,0
621850,2
621851,0
621852,0
621853,0
621854,0
621855,0
621856,0
621857,0
621858,0
621859,4
621860,0
621861,0
621862,1
621863,0
621864,0
621865,3
621866,0
621867,0
621868,0
621869,0
621870,1
621871,0
621872,3
621873,3
621874,0
621875,0
621876,0
621877,0
621878,0
621879,1
621880,0
621881,0
621882,0
621883,0
621884,0
621885,0
621886,0
621887,0
621888,0
621889,0
621890,0
621891,0
621892,0
621893,0
621894,0
621895,0
621896,0
621897,0
621898,0
621899,0
621900,0
621901,1
621902,0
621903,0
621904,0
621905,0
621906,0
621907,1
621908,0
621909,0
621910,0
621911,0
621912,0
621913,0
621914,0
621915,0
621916,0
621917,0
621918,0
621919,0
621920,0
621921,0
621922,0
621923,0
621924,0
621925,0
621926,1
621927,0
621928,0
621929,0
621930,1
621931,0
621932,0
621933,0
621934,2
621935,1
621936,0
621937,0
621938,0
621939,2
621940,1
621941,2
621942,0
621943,0
621944,0
621945,0
621946,0
621947,0
621948,0
621949,0
621950,0
621951,0
621952,0
621953,0
621954,0
621955,0
621956,0
621957,0
621958,0
621959,0
621960,0
621961,0
621962,0
621963,1
621964,0
621965,0
621966,0
621967,0
621968,2
621969,0
621970,0
621971,0
621972,0
621973,0
621974,1
621975,0
621976,0
621977,0
621978,0
621979,0
621980,0
621981,0
621982,0
621983,0
621984,0
621985,0
621986,2
621987,0
621988,0
621989,0
621990,0
621991,2
621992,0
621993,0
621994,0
621995,0
621996,0
621997,3
621998,0
621999,0
622000,0
622001,5
622002,0
622003,0
622004,0
622005,2
622006,0
622007,0
622008,1
622009,0
622010,1
622011,0
622012,0
622013,0
622014,0
622015,1
622016,0
622017,0
622018,0
622019,0
622020,0
622021,0
622022,1
622023,0
622024,0
622025,0
622026,0
622027,0
622028,0
622029,0
622030,0
622031,1
622032,0
622033,2
622034,0
622035,0
622036,0
622037,0
622038,0
622039,0
622040,0
622041,0
622042,0
622043,0
622044,3
622045,0
622046,4
622047,0
622048,0
622049,2
622050,0
622051,0
622052,0
622053,0
622054,0
622055,0
622056,0
622057,0
622058,0
622059,0
622060,0
622061,0
622062,0
622063,0
622064,0
622065,0
622066,0
622067,2
622068,2
622069,0
622070,2
622071,0
622072,0
622073,0
622074,0
622075,0
622076,0
622077,0
622078,0
622079,0
622080,0
622081,0
622082,0
622083,0
622084,0
622085,1
622086,1
622087,0
622088,0
622089,0
622090,0
622091,0
622092,0
622093,0
622094,0
622095,0
622096,0
622097,0
622098,0
622099,0
622100,0
622101,0
622102,0
622103,0
622104,0
622105,0
622106,1
622107,0
622108,0
622109,0
622110,0
622111,0
622112,0
622113,0
622114,0
622115,0
622116,0
622117,0
622118,0
622119,0
622120,1
622121,0
622122,1
622123,0
622124,0
622125,0
622126,0
622127,0
622128,0
622129,0
622130,0
622131,0
622132,2
622133,1
622134,2
622135,0
622136,0
622137,7
622138,1
622139,0
622140,2
622141,4
622142,0
622143,0
622144,0
622145,1
622146,0
622147,0
622148,0
622149,0
622150,0
622151,0
622152,0
622153,0
622154,0
622155,0
622156,0
622157,0
622158,0
622159,0
622160,0
622161,2
622162,0
622163,2
622164,1
622165,0
622166,0
622167,0
622168,0
622169,0
622170,0
622171,1
622172,0
622173,3
622174,0
622175,3
622176,0
622177,0
622178,0
622179,0
622180,0
622181,0
622182,0
622183,0
622184,0
622185,0
622186,0
622187,0
622188,0
622189,6
622190,2
622191,0
622192,1
622193,5
622194,3
622195,0
622196,0
622197,0
622198,0
622199,0
622200,0
622201,0
622202,0
622203,0
622204,0
622205,0
622206,0
622207,0
622208,1
622209,0
622210,1
622211,0
622212,2
622213,0
622214,0
622215,0
622216,0
622217,0
622218,0
622219,0
622220,0
622221,0
622222,0
622223,3
622224,0
622225,1
622226,0
622227,2
622228,0
622229,0
622230,0
622231,0
622232,0
622233,0
622234,0
622235,1
622236,0
622237,0
622238,0
622239,0
622240,3
622241,0
622242,8
622243,0
622244,0
622245,0
622246,1
622247,1
622248,0
622249,0
622250,0
622251,0
622252,0
622253,0
622254,0
622255,5
622256,0
622257,2
622258,1
622259,0
622260,0
622261,0
622262,0
622263,0
622264,0
622265,0
622266,2
622267,0
622268,0
622269,0
622270,3
622271,1
622272,0
622273,0
622274,0
622275,3
622276,3
622277,0
622278,0
622279,0
622280,0
622281,0
622282,0
622283,0
622284,0
622285,0
622286,0
622287,1
622288,0
622289,0
622290,0
622291,0
622292,0
622293,0
622294,1
622295,0
622296,0
622297,0
622298,0
622299,0
622300,0
622301,0
622302,0
622303,0
622304,1
622305,0
622306,0
622307,2
622308,0
622309,0
622310,0
622311,0
622312,1
622313,1
622314,0
622315,0
622316,1
622317,0
622318,0
622319,0
622320,0
622321,0
622322,0
622323,0
622324,2
622325,5
622326,0
622327,0
622328,0
622329,0
622330,0
622331,0
622332,0
622333,0
622334,0
622335,0
622336,3
622337,1
622338,0
622339,0
622340,0
622341,0
622342,1
622343,0
622344,0
622345,0
622346,0
622347,1
622348,2
622349,0
622350,0
622351,1
622352,0
622353,5
622354,3
622355,0
622356,0
622357,0
622358,0
622359,3
622360,0
622361,0
622362,0
622363,0
622364,0
622365,0
622366,0
622367,0
622368,0
622369,0
622370,3
622371,0
622372,0
622373,0
622374,2
622375,0
622376,0
622377,0
622378,0
622379,0
622380,0
622381,0
622382,0
622383,0
622384,0
622385,0
622386,1
622387,0
622388,0
622389,0
622390,0
622391,0
622392,0
622393,0
622394,0
622395,0
622396,4
622397,0
622398,0
622399,0
622400,2
622401,0
622402,0
622403,0
622404,0
622405,0
622406,0
622407,0
622408,0
622409,0
622410,0
622411,0
622412,0
622413,0
622414,0
622415,0
622416,0
622417,0
622418,0
622419,0
622420,0
622421,2
622422,4
622423,0
622424,2
622425,0
622426,0
622427,0
622428,0
622429,0
622430,1
622431,0
622432,0
622433,2
622434,0
622435,0
622436,0
622437,0
622438,0
622439,0
622440,0
622441,0
622442,0
622443,0
622444,2
622445,3
622446,0
622447,0
622448,0
622449,0
622450,0
622451,0
622452,0
622453,0
622454,0
622455,0
622456,0
622457,0
622458,0
622459,0
622460,1
622461,0
622462,1
622463,0
622464,0
622465,1
622466,4
622467,0
622468,1
622469,0
622470,0
622471,0
622472,0
622473,0
622474,0
622475,0
622476,0
622477,0
622478,0
622479,0
622480,0
622481,3
622482,0
622483,2
622484,0
622485,0
622486,0
622487,2
622488,0
622489,0
622490,0
622491,0
622492,0
622493,0
622494,0
622495,0
622496,0
622497,0
622498,0
622499,0
622500,0
622501,0
622502,0
622503,0
622504,0
622505,0
622506,0
622507,0
622508,0
622509,0
622510,0
622511,0
622512,0
622513,0
622514,0
622515,0
622516,2
622517,0
622518,0
622519,0
622520,1
622521,0
622522,1
622523,3
622524,0
622525,0
622526,0
622527,0
622528,0
622529,0
622530,0
622531,0
622532,2
622533,0
622534,0
622535,0
622536,1
622537,4
622538,0
622539,0
622540,0
622541,0
622542,0
622543,0
622544,0
622545,0
622546,0
622547,0
622548,0
622549,0
622550,0
622551,2
622552,0
622553,0
622554,0
622555,0
622556,2
622557,0
622558,3
622559,0
622560,0
622561,0
622562,0
622563,0
622564,0
622565,0
622566,0
622567,0
622568,0
622569,0
622570,0
622571,0
622572,0
622573,0
622574,0
622575,0
622576,0
622577,0
622578,0
622579,0
622580,0
622581,0
622582,0
622583,0
622584,0
622585,0
622586,0
622587,0
622588,1
622589,0
622590,0
622591,0
622592,0
622593,0
622594,0
622595,3
622596,0
622597,0
622598,0
622599,0
622600,0
622601,0
622602,5
622603,0
622604,0
622605,0
622606,0
622607,0
622608,2
622609,0
622610,0
622611,0
622612,1
622613,1
622614,0
622615,0
622616,0
622617,0
622618,0
622619,0
622620,0
622621,2
622622,0
622623,0
622624,1
622625,0
622626,3
622627,4
622628,0
622629,0
622630,3
622631,0
622632,0
622633,0
622634,0
622635,0
622636,0
622637,0
622638,0
622639,0
622640,0
622641,0
622642,0
622643,0
622644,0
622645,0
622646,0
622647,43
622648,0
622649,0
622650,43
622651,0
622652,0
622653,0
622654,22
622655,0
622656,0
622657,0
622658,0
622659,0
622660,0
622661,0
622662,0
622663,0
622664,0
622665,0
622666,0
622667,0
622668,41
622669,0
622670,0
622671,0
622672,0
622673,0
622674,0
622675,0
622676,0
622677,0
622678,0
622679,0
622680,0
622681,0
622682,0
622683,0
622684,0
622685,0
622686,0
622687,0
622688,0
622689,0
622690,0
622691,0
622692,0
622693,0
622694,0
622695,0
622696,40
622697,0
622698,0
622699,0
622700,0
622701,0
622702,0
622703,0
622704,0
622705,0
622706,0
622707,0
622708,0
622709,0
622710,0
622711,0
622712,27
622713,0
622714,0
622715,0
622716,0
622717,0
622718,0
622719,42
622720,0
622721,33
622722,33
622723,0
622724,23
622725,0
622726,0
622727,0
622728,0
622729,0
622730,0
622731,44
622732,0
622733,0
622734,0
622735,0
622736,0
622737,0
622738,0
622739,0
622740,0
622741,0
622742,0
622743,0
622744,0
622745,0
622746,0
622747,0
622748,0
622749,0
622750,0
622751,0
622752,0
622753,0
622754,36
622755,0
622756,0
622757,0
622758,0
622759,0
622760,0
622761,0
622762,0
622763,0
622764,0
622765,0
622766,0
622767,0
622768,35
622769,0
622770,0
622771,0
622772,0
622773,0
622774,0
622775,0
622776,0
622777,0
622778,0
622779,0
622780,0
622781,0
622782,0
622783,0
622784,0
622785,0
622786,34
622787,0
622788,0
622789,0
622790,0
622791,0
622792,0
622793,0
622794,0
622795,0
622796,0
622797,0
622798,0
622799,0
622800,0
622801,0
622802,0
622803,0
622804,0
622805,0
622806,33
622807,0
622808,0
622809,0
622810,0
622811,0
622812,0
622813,0
622814,0
622815,0
622816,0
622817,0
622818,0
622819,0
622820,0
622821,0
622822,0
622823,0
622824,0
622825,0
622826,0
622827,0
622828,0
622829,0
622830,0
622831,0
622832,0
622833,0
622834,0
622835,0
622836,0
622837,0
622838,33
622839,0
622840,0
622841,25
622842,0
622843,0
622844,34
622845,0
622846,0
622847,0
622848,0
622849,0
622850,0
622851,0
622852,0
622853,0
622854,0
622855,0
622856,0
622857,0
622858,35
622859,0
622860,0
622861,0
622862,0
622863,37
622864,0
622865,0
622866,33
622867,0
622868,0
622869,0
622870,0
622871,0
622872,0
622873,0
622874,0
622875,0
622876,0
622877,0
622878,0
622879,0
622880,0
622881,0
622882,0
622883,0
622884,0
622885,0
622886,0
622887,0
622888,0
622889,0
622890,0
622891,0
622892,0
622893,0
622894,0
622895,0
622896,0
622897,0
622898,0
622899,0
622900,0
622901,0
622902,0
622903,0
622904,0
622905,0
622906,0
622907,0
622908,0
622909,0
622910,0
622911,0
622912,0
622913,0
622914,0
622915,0
622916,0
622917,0
622918,0
622919,0
622920,0
622921,0
622922,0
622923,0
622924,0
622925,0
622926,0
622927,0
622928,0
622929,0
622930,0
622931,0
622932,0
622933,0
622934,0
622935,0
622936,0
622937,0
622938,0
622939,0
622940,0
622941,0
622942,0
622943,0
622944,50
622945,0
622946,0
622947,0
622948,0
622949,0
622950,0
622951,0
622952,0
622953,0
622954,0
622955,0
622956,0
622957,0
622958,0
622959,0
622960,0
622961,0
622962,0
622963,0
622964,0
622965,0
622966,0
622967,0
622968,0
622969,0
622970,0
622971,0
622972,0
622973,0
622974,0
622975,0
622976,0
622977,0
622978,0
622979,0
622980,0
622981,0
622982,0
622983,0
622984,0
622985,0
622986,0
622987,0
622988,0
622989,0
622990,0
622991,0
622992,0
622993,0
622994,0
622995,0
622996,0
622997,0
622998,0
622999,0
623000,0
623001,0
623002,0
623003,0
623004,31
623005,0
623006,0
623007,0
623008,0
623009,0
623010,0
623011,0
623012,0
623013,0
623014,0
623015,0
623016,0
623017,33
623018,0
623019,0
623020,0
623021,0
623022,0
623023,0
623024,0
623025,0
623026,0
623027,0
623028,0
623029,0
623030,0
623031,0
623032,0
623033,0
623034,0
623035,0
623036,0
623037,0
623038,0
623039,0
623040,0
623041,0
623042,37
623043,0
623044,0
623045,0
623046,0
623047,0
623048,0
623049,0
623050,0
623051,0
623052,0
623053,0
623054,0
623055,0
623056,0
623057,0
623058,0
623059,0
623060,0
623061,0
623062,0
623063,0
623064,0
623065,0
623066,0
623067,0
623068,0
623069,0
623070,0
623071,0
623072,0
623073,0
623074,0
623075,0
623076,40
623077,0
623078,0
623079,0
623080,0
623081,0
623082,0
623083,0
623084,0
623085,0
623086,0
623087,0
623088,0
623089,0
623090,0
623091,0
623092,0
623093,0
623094,0
623095,0
623096,0
623097,0
623098,0
623099,0
623100,0
623101,0
623102,0
623103,42
623104,0
623105,0
623106,0
623107,0
623108,0
623109,0
623110,0
623111,0
623112,0
623113,0
623114,0
623115,0
623116,0
623117,0
623118,0
623119,0
623120,0
623121,0
623122,28
623123,0
623124,0
623125,0
623126,0
623127,0
623128,0
623129,0
623130,0
623131,0
623132,0
623133,0
623134,0
623135,0
623136,0
623137,0
623138,0
623139,0
623140,0
623141,0
623142,0
623143,0
623144,0
623145,0
623146,0
623147,0
623148,0
623149,0
623150,0
623151,0
623152,0
623153,0
623154,0
623155,0
623156,0
623157,0
623158,0
623159,0
623160,0
623161,0
623162,0
623163,0
623164,0
623165,0
623166,0
623167,0
623168,0
623169,0
623170,0
623171,16
623172,0
623173,0
623174,0
623175,0
623176,0
623177,0
623178,0
623179,32
623180,0
623181,0
623182,0
623183,0
623184,0
623185,0
623186,0
623187,0
623188,0
623189,46
623190,0
623191,0
623192,0
623193,29
623194,0
623195,56
623196,0
623197,0
623198,0
623199,0
623200,0
623201,0
623202,0
623203,0
623204,0
623205,0
623206,0
623207,23
623208,0
623209,0
623210,0
623211,0
623212,0
623213,0
623214,51
623215,0
623216,0
623217,0
623218,0
623219,0
623220,0
623221,29
623222,0
623223,0
623224,0
623225,0
623226,17
623227,0
623228,17
623229,0
623230,0
623231,0
623232,0
623233,28
623234,0
623235,0
623236,36
623237,0
623238,0
623239,0
623240,46
623241,0
623242,0
623243,50
623244,0
623245,28
623246,0
623247,26
623248,38
623249,0
623250,0
623251,0
623252,0
623253,0
623254,0
623255,0
623256,0
623257,0
623258,0
623259,0
623260,0
623261,0
623262,0
623263,0
623264,0
623265,0
623266,0
623267,0
623268,0
623269,0
623270,0
623271,0
623272,0
623273,0
623274,0
623275,0
623276,0
623277,0
623278,0
623279,0
623280,0
623281,0
623282,0
623283,0
623284,0
623285,0
623286,39
623287,36
623288,0
623289,0
623290,0
623291,0
623292,47
623293,0
623294,0
623295,0
623296,0
623297,0
623298,0
623299,0
623300,0
623301,0
623302,0
623303,0
623304,0
623305,0
623306,23
623307,65
623308,0
623309,0
623310,0
623311,0
623312,0
623313,0
623314,0
623315,0
623316,0
623317,0
623318,0
623319,39
623320,34
623321,0
623322,0
623323,0
623324,42
623325,52
623326,0
623327,0
623328,15
623329,0
623330,0
623331,0
623332,0
623333,0
623334,0
623335,0
623336,0
623337,16
623338,0
623339,0
623340,0
623341,0
623342,0
623343,0
623344,0
623345,0
623346,0
623347,0
623348,0
623349,0
623350,0
623351,0
623352,0
623353,0
623354,0
623355,22
623356,21
623357,0
623358,0
623359,16
623360,0
623361,0
623362,0
623363,0
623364,0
623365,0
623366,0
623367,0
623368,0
623369,0
623370,0
623371,0
623372,0
623373,0
623374,0
623375,0
623376,37
623377,46
623378,0
623379,0
623380,40
623381,0
623382,0
623383,0
623384,0
623385,0
623386,0
623387,0
623388,0
623389,0
623390,0
623391,0
623392,0
623393,0
623394,0
623395,0
623396,0
623397,0
623398,0
623399,18
623400,0
623401,0
623402,0
623403,0
623404,0
623405,0
623406,0
623407,0
623408,33
623409,0
623410,0
623411,0
623412,0
623413,0
623414,0
623415,0
623416,0
623417,0
623418,23
623419,0
623420,0
623421,0
623422,0
623423,0
623424,0
623425,0
623426,53
623427,0
623428,0
623429,0
623430,0
623431,0
623432,0
623433,0
623434,0
623435,0
623436,0
623437,0
623438,0
623439,35
623440,0
623441,24
623442,21
623443,30
623444,30
623445,0
623446,0
623447,0
623448,0
623449,0
623450,0
623451,0
623452,0
623453,0
623454,29
623455,0
623456,0
623457,0
623458,0
623459,45
623460,0
623461,45
623462,0
623463,0
623464,0
623465,0
623466,46
623467,0
623468,15
623469,0
623470,0
623471,39
623472,0
623473,0
623474,0
623475,0
623476,24
623477,0
623478,0
623479,0
623480,46
623481,17
623482,0
623483,0
623484,0
623485,0
623486,55
623487,0
623488,0
623489,0
623490,0
623491,0
623492,0
623493,22
623494,0
623495,0
623496,0
623497,0
623498,0
623499,0
623500,0
623501,0
623502,0
623503,0
623504,20
623505,0
623506,0
623507,0
623508,0
623509,26
623510,0
623511,0
623512,0
623513,0
623514,0
623515,0
623516,0
623517,0
623518,0
623519,0
623520,0
623521,0
623522,0
623523,0
623524,0
623525,0
623526,0
623527,0
623528,0
623529,51
623530,0
623531,0
623532,0
623533,0
623534,0
623535,0
623536,21
623537,0
623538,0
623539,0
623540,0
623541,0
623542,0
623543,0
623544,0
623545,0
623546,56
623547,16
623548,0
623549,0
623550,0
623551,0
623552,0
623553,0
623554,51
623555,0
623556,0
623557,0
623558,0
623559,0
623560,0
623561,0
623562,0
623563,0
623564,0
623565,44
623566,0
623567,0
623568,0
623569,0
623570,0
623571,56
623572,0
623573,0
623574,62
623575,0
623576,0
623577,0
623578,0
623579,0
623580,18
623581,0
623582,39
623583,0
623584,0
623585,42
623586,0
623587,0
623588,44
623589,0
623590,0
623591,0
623592,0
623593,0
623594,32
623595,0
623596,0
623597,0
623598,0
623599,0
623600,0
623601,0
623602,37
623603,0
623604,0
623605,54
623606,0
623607,0
623608,0
623609,13
623610,21
623611,0
623612,0
623613,0
623614,0
623615,0
623616,0
623617,0
623618,0
623619,48
623620,0
623621,0
623622,27
623623,0
623624,0
623625,0
623626,0
623627,45
623628,0
623629,0
623630,0
623631,0
623632,0
623633,0
623634,0
623635,0
623636,0
623637,0
623638,0
623639,0
623640,0
623641,0
623642,0
623643,0
623644,0
623645,0
623646,0
623647,61
623648,0
623649,0
623650,0
623651,0
623652,36
623653,31
623654,0
623655,0
623656,0
623657,0
623658,0
623659,0
623660,0
623661,0
623662,0
623663,0
623664,0
623665,0
623666,0
623667,0
623668,0
623669,0
623670,0
623671,0
623672,0
623673,0
623674,0
623675,0
623676,0
623677,0
623678,0
623679,0
623680,0
623681,50
623682,40
623683,0
623684,0
623685,0
623686,0
623687,0
623688,0
623689,0
623690,0
623691,0
623692,0
623693,0
623694,0
623695,0
623696,0
623697,24
623698,25
623699,0
623700,0
623701,0
623702,38
623703,0
623704,0
623705,0
623706,0
623707,0
623708,0
623709,26
623710,23
623711,0
623712,0
623713,0
623714,0
623715,0
623716,0
623717,0
623718,0
623719,0
623720,0
623721,0
623722,49
623723,0
623724,0
623725,0
623726,0
623727,0
623728,0
623729,0
623730,64
623731,35
623732,0
623733,0
623734,0
623735,0
623736,0
623737,0
623738,0
623739,11
623740,0
623741,0
623742,0
623743,0
623744,0
623745,0
623746,0
623747,0
623748,0
623749,0
623750,0
623751,0
623752,0
623753,0
623754,0
623755,0
623756,0
623757,13
623758,31
623759,0
623760,0
623761,60
623762,0
623763,0
623764,0
623765,0
623766,0
623767,0
623768,0
623769,0
623770,0
623771,0
623772,0
623773,0
623774,0
623775,0
623776,0
623777,0
623778,0
623779,0
623780,0
623781,0
623782,0
623783,0
623784,0
623785,0
623786,0
623787,0
623788,0
623789,0
623790,0
623791,0
623792,13
623793,0
623794,0
623795,17
623796,0
623797,0
623798,0
623799,0
623800,0
623801,27
623802,0
623803,0
623804,0
623805,0
623806,0
623807,0
623808,0
623809,0
623810,0
623811,0
623812,0
623813,0
623814,0
623815,0
623816,0
623817,0
623818,0
623819,0
623820,0
623821,0
623822,0
623823,0
623824,0
623825,0
623826,0
623827,0
623828,0
623829,0
623830,0
623831,0
623832,0
623833,0
623834,42
623835,0
623836,0
623837,0
623838,0
623839,0
623840,0
623841,0
623842,0
623843,35
623844,27
623845,0
623846,0
623847,0
623848,27
623849,24
623850,0
623851,0
623852,0
623853,0
623854,0
623855,0
623856,0
623857,38
623858,0
623859,0
623860,0
623861,44
623862,18
623863,0
623864,0
623865,0
623866,0
623867,0
623868,65
623869,0
623870,0
623871,0
623872,0
623873,0
623874,0
623875,0
623876,0
623877,52
623878,0
623879,0
623880,0
623881,0
623882,0
623883,0
623884,34
623885,45
623886,55
623887,0
623888,0
623889,0
623890,24
623891,0
623892,0
623893,0
623894,0
623895,0
623896,0
623897,0
623898,0
623899,0
623900,0
623901,0
623902,0
623903,0
623904,0
623905,27
623906,0
623907,0
623908,0
623909,0
623910,0
623911,0
623912,0
623913,0
623914,0
623915,0
623916,17
623917,0
623918,0
623919,25
623920,0
623921,0
623922,0
623923,0
623924,0
623925,0
623926,0
623927,21
623928,0
623929,0
623930,0
623931,0
623932,0
623933,0
623934,0
623935,0
623936,0
623937,31
623938,27
623939,0
623940,0
623941,0
623942,0
623943,0
623944,0
623945,0
623946,14
623947,0
623948,0
623949,0
623950,0
623951,0
623952,18
623953,0
623954,0
623955,0
623956,0
623957,0
623958,0
623959,0
623960,0
623961,0
623962,0
623963,0
623964,17
623965,15
623966,0
623967,0
623968,0
623969,0
623970,0
623971,0
623972,0
623973,24
623974,0
623975,0
623976,0
623977,0
623978,0
623979,0
623980,0
623981,0
623982,18
623983,0
623984,0
623985,0
623986,0
623987,0
623988,0
623989,0
623990,12
623991,13
623992,14
623993,0
623994,0
623995,0
623996,0
623997,14
623998,0
623999,0
624000,0
624001,0
624002,0
624003,0
624004,0
624005,0
624006,22
624007,0
624008,0
624009,12
624010,0
624011,0
624012,0
624013,0
624014,0
624015,19
624016,0
624017,0
624018,0
624019,23
624020,27
624021,0
624022,0
624023,22
624024,0
624025,0
624026,0
624027,0
624028,0
624029,0
624030,22
624031,0
624032,0
624033,27
624034,0
624035,0
624036,0
624037,0
624038,0
624039,0
624040,0
624041,0
624042,14
624043,0
624044,0
624045,0
624046,0
624047,0
624048,0
624049,0
624050,0
624051,25
624052,0
624053,0
624054,0
624055,0
624056,0
624057,0
624058,0
624059,0
624060,0
624061,0
624062,0
624063,30
624064,0
624065,0
624066,0
624067,0
624068,0
624069,0
624070,19
624071,23
624072,0
624073,0
624074,0
624075,0
624076,0
624077,0
624078,0
624079,22
624080,0
624081,16
624082,0
624083,0
624084,0
624085,0
624086,0
624087,0
624088,0
624089,0
624090,0
624091,0
624092,15
624093,0
624094,0
624095,26
624096,0
624097,0
624098,18
624099,0
624100,27
624101,0
624102,0
624103,0
624104,0
624105,0
624106,0
624107,0
624108,15
624109,0
624110,23
624111,0
624112,0
624113,0
624114,0
624115,20
624116,0
624117,0
624118,23
624119,0
624120,0
624121,19
624122,0
624123,0
624124,0
624125,0
624126,26
624127,18
624128,0
624129,23
624130,0
624131,20
624132,23
624133,0
624134,0
624135,0
624136,0
624137,0
624138,0
624139,0
624140,0
624141,0
624142,0
624143,29
624144,0
624145,0
624146,28
624147,0
624148,0
624149,0
624150,0
624151,0
624152,0
624153,0
624154,0
624155,0
624156,0
624157,0
624158,16
624159,0
624160,0
624161,0
624162,0
624163,0
624164,0
624165,0
624166,0
624167,0
624168,0
624169,0
624170,0
624171,0
624172,0
624173,0
624174,0
624175,18
624176,0
624177,0
624178,0
624179,0
624180,28
624181,0
624182,0
624183,0
624184,0
624185,0
624186,0
624187,0
624188,0
624189,0
624190,0
624191,23
624192,0
624193,28
624194,0
624195,20
624196,0
624197,19
624198,27
624199,0
624200,0
624201,21
624202,0
624203,0
624204,0
624205,0
624206,32
624207,0
624208,0
624209,0
624210,0
624211,0
624212,0
624213,0
624214,0
624215,22
624216,0
624217,0
624218,0
624219,0
624220,0
624221,0
624222,11
624223,0
624224,0
624225,0
624226,21
624227,21
624228,0
624229,0
624230,0
624231,14
624232,0
624233,26
624234,0
624235,0
624236,0
624237,0
624238,0
624239,39
624240,0
624241,0
624242,0
624243,0
624244,0
624245,0
624246,0
624247,0
624248,0
624249,0
624250,18
624251,0
624252,12
624253,0
624254,0
624255,0
624256,0
624257,0
624258,0
624259,16
624260,0
624261,36
624262,0
624263,0
624264,0
624265,0
624266,0
624267,0
624268,0
624269,0
624270,0
624271,0
624272,0
624273,0
624274,0
624275,0
624276,0
624277,0
624278,0
624279,0
624280,0
624281,25
624282,21
624283,0
624284,0
624285,22
624286,0
624287,0
624288,0
624289,0
624290,0
624291,0
624292,0
624293,28
624294,0
624295,0
624296,0
624297,0
624298,0
624299,22
624300,0
624301,0
624302,0
624303,0
624304,0
624305,0
624306,0
624307,0
624308,0
624309,23
624310,0
624311,0
624312,0
624313,34
624314,0
624315,17
624316,0
624317,0
624318,0
624319,0
624320,0
624321,0
624322,0
624323,0
624324,0
624325,0
624326,0
624327,20
624328,17
624329,0
624330,0
624331,0
624332,0
624333,0
624334,0
624335,27
624336,0
624337,0
624338,24
624339,0
624340,0
624341,0
624342,36
624343,0
624344,0
624345,0
624346,0
624347,0
624348,18
624349,0
624350,0
624351,0
624352,0
624353,0
624354,0
624355,0
624356,31
624357,12
624358,0
624359,0
624360,0
624361,0
624362,0
624363,18
624364,0
624365,15
624366,0
624367,0
624368,0
624369,0
624370,0
624371,0
624372,0
624373,0
624374,0
624375,18
624376,0
624377,0
624378,0
624379,0
624380,0
624381,0
624382,24
624383,0
624384,0
624385,0
624386,0
624387,0
624388,0
624389,0
624390,0
624391,0
624392,0
624393,0
624394,0
624395,0
624396,0
624397,0
624398,0
624399,21
624400,0
624401,0
624402,0
624403,25
624404,0
624405,0
624406,21
624407,20
624408,0
624409,0
624410,0
624411,0
624412,15
624413,0
624414,0
624415,0
624416,0
624417,28
624418,0
624419,0
624420,31
624421,0
624422,0
624423,0
624424,0
624425,0
624426,27
624427,0
624428,0
624429,0
624430,0
624431,0
624432,0
624433,0
624434,0
624435,0
624436,22
624437,0
624438,0
624439,12
624440,0
624441,0
624442,0
624443,0
624444,0
624445,0
624446,19
624447,30
624448,0
624449,0
624450,18
624451,20
624452,0
624453,26
624454,0
624455,0
624456,0
624457,0
624458,20
624459,0
624460,17
624461,0
624462,13
624463,0
624464,0
624465,0
624466,0
624467,0
624468,0
624469,0
624470,0
624471,28
624472,0
624473,0
624474,0
624475,0
624476,0
624477,0
624478,9
624479,0
624480,0
624481,0
624482,0
624483,0
624484,15
624485,0
624486,0
624487,0
624488,17
624489,0
624490,0
624491,0
624492,0
624493,0
624494,0
624495,0
624496,0
624497,0
624498,0
624499,17
624500,0
624501,0
624502,0
624503,0
624504,37
624505,0
624506,0
624507,0
624508,17
624509,0
624510,0
624511,0
624512,0
624513,0
624514,0
624515,0
624516,0
624517,29
624518,0
624519,0
624520,0
624521,0
624522,0
624523,0
624524,0
624525,0
624526,0
624527,0
624528,20
624529,0
624530,0
624531,0
624532,18
624533,0
624534,0
624535,0
624536,0
624537,14
624538,0
624539,25
624540,0
624541,0
624542,0
624543,0
624544,0
624545,0
624546,0
624547,0
624548,0
624549,0
624550,0
624551,0
624552,0
624553,15
624554,28
624555,0
624556,0
624557,32
624558,0
624559,0
624560,0
624561,0
624562,0
624563,0
624564,0
624565,0
624566,25
624567,0
624568,0
624569,0
624570,17
624571,0
624572,0
624573,0
624574,0
624575,22
624576,0
624577,0
624578,0
624579,23
624580,19
624581,18
624582,0
624583,0
624584,0
624585,0
624586,0
624587,0
624588,0
624589,0
624590,0
624591,0
624592,16
624593,0
624594,0
624595,0
624596,0
624597,0
624598,0
624599,0
624600,0
624601,0
624602,25
624603,0
624604,0
624605,0
624606,0
624607,0
624608,37
624609,0
624610,22
624611,0
624612,0
624613,20
624614,0
624615,0
624616,0
624617,22
624618,18
624619,0
624620,12
624621,0
624622,0
624623,0
624624,21
624625,0
624626,27
624627,0
624628,0
624629,0
624630,0
624631,0
624632,0
624633,0
624634,0
624635,0
624636,0
624637,0
624638,0
624639,0
624640,0
624641,0
624642,0
624643,21
624644,17
624645,0
624646,0
624647,0
624648,0
624649,16
624650,0
624651,0
624652,0
624653,0
624654,27
624655,0
624656,0
624657,0
624658,0
624659,0
624660,0
624661,0
624662,7
624663,0
624664,0
624665,0
624666,0
624667,0
624668,0
624669,0
624670,0
624671,0
624672,0
624673,0
624674,0
624675,0
624676,0
624677,0
624678,20
624679,0
624680,0
624681,0
624682,0
624683,0
624684,0
624685,15
624686,0
624687,33
624688,0
624689,0
624690,21
624691,0
624692,0
624693,0
624694,0
624695,0
624696,0
624697,0
624698,0
624699,0
624700,0
624701,0
624702,0
624703,0
624704,16
624705,0
624706,0
624707,0
624708,0
624709,0
624710,23
624711,0
624712,0
624713,0
624714,36
624715,0
624716,0
624717,0
624718,0
624719,0
624720,0
624721,0
624722,0
624723,27
624724,0
624725,0
624726,0
624727,0
624728,0
624729,22
624730,0
624731,27
624732,0
624733,0
624734,23
624735,15
624736,0
624737,0
624738,0
624739,0
624740,0
624741,0
624742,30
624743,0
624744,0
624745,17
624746,0
624747,0
624748,0
624749,0
624750,24
624751,0
624752,0
624753,0
624754,0
624755,0
624756,0
624757,20
624758,0
624759,0
624760,0
624761,0
624762,0
624763,0
624764,0
624765,0
624766,28
624767,0
624768,0
624769,0
624770,0
624771,0
624772,0
624773,0
624774,0
624775,0
624776,0
624777,0
624778,24
624779,0
624780,0
624781,38
624782,0
624783,0
624784,0
624785,0
624786,0
624787,0
624788,0
624789,0
624790,0
624791,0
624792,0
624793,0
624794,0
624795,20
624796,0
624797,0
624798,0
624799,0
624800,0
624801,30
624802,0
624803,0
624804,0
624805,0
624806,0
624807,0
624808,0
624809,0
624810,0
624811,0
624812,0
624813,32
624814,0
624815,11
624816,0
624817,19
624818,0
624819,27
624820,0
624821,0
624822,0
624823,0
624824,0
624825,0
624826,0
624827,53
624828,35
624829,0
624830,0
624831,0
624832,24
624833,0
624834,0
624835,0
624836,0
624837,0
624838,0
624839,0
624840,0
624841,0
624842,0
624843,0
624844,41
624845,0
624846,0
624847,0
624848,0
624849,0
624850,0
624851,0
624852,40
624853,0
624854,0
624855,37
624856,0
624857,0
624858,40
624859,0
624860,0
624861,0
624862,0
624863,0
624864,0
624865,0
624866,0
624867,0
624868,0
624869,0
624870,0
624871,0
624872,0
624873,0
624874,0
624875,0
624876,0
624877,0
624878,0
624879,0
624880,46
624881,0
624882,0
624883,0
624884,0
624885,0
624886,0
624887,61
624888,29
624889,0
624890,0
624891,0
624892,0
624893,0
624894,26
624895,27
624896,0
624897,51
624898,0
624899,0
624900,0
624901,34
624902,0
624903,0
624904,0
624905,0
624906,0
624907,44
624908,0
624909,0
624910,0
624911,0
624912,31
624913,0
624914,0
624915,0
624916,0
624917,0
624918,36
624919,0
624920,0
624921,0
624922,36
624923,0
624924,0
624925,0
624926,51
624927,0
624928,0
624929,0
624930,0
624931,0
624932,35
624933,0
624934,0
624935,0
624936,0
624937,0
624938,0
624939,0
624940,0
624941,0
624942,0
624943,0
624944,0
624945,37
624946,0
624947,0
624948,0
624949,0
624950,0
624951,44
624952,35
624953,48
624954,33
624955,0
624956,0
624957,0
624958,0
624959,0
624960,0
624961,0
624962,60
624963,0
624964,0
624965,35
624966,0
624967,0
624968,0
624969,34
624970,0
624971,32
624972,0
624973,0
624974,0
624975,0
624976,0
624977,0
624978,0
624979,0
624980,0
624981,0
624982,43
624983,0
624984,0
624985,0
624986,0
624987,0
624988,34
624989,0
624990,0
624991,0
624992,0
624993,0
624994,0
624995,0
624996,43
624997,0
624998,52
624999,43
625000,0
625001,0
625002,0
625003,0
625004,0
625005,0
625006,39
625007,0
625008,0
625009,0
625010,43
625011,32
625012,0
625013,0
625014,0
625015,0
625016,0
625017,44
625018,0
625019,40
625020,0
625021,32
625022,0
625023,0
625024,0
625025,40
625026,0
625027,0
625028,0
625029,0
625030,0
625031,0
625032,38
625033,0
625034,0
625035,38
625036,0
625037,0
625038,48
625039,33
625040,0
625041,40
625042,0
625043,58
625044,0
625045,0
625046,0
625047,0
625048,0
625049,0
625050,0
625051,0
625052,0
625053,0
625054,0
625055,0
625056,0
625057,0
625058,0
625059,0
625060,0
625061,0
625062,0
625063,0
625064,0
625065,0
625066,0
625067,0
625068,0
625069,0
625070,0
625071,0
625072,47
625073,0
625074,37
625075,0
625076,0
625077,0
625078,0
625079,0
625080,0
625081,0
625082,0
625083,0
625084,0
625085,0
625086,0
625087,0
625088,0
625089,0
625090,0
625091,0
625092,0
625093,0
625094,0
625095,0
625096,0
625097,0
625098,0
625099,0
625100,0
625101,0
625102,0
625103,0
625104,0
625105,0
625106,0
625107,0
625108,0
625109,0
625110,0
625111,0
625112,0
625113,0
625114,0
625115,0
625116,0
625117,0
625118,0
625119,0
625120,0
625121,0
625122,0
625123,0
625124,0
625125,0
625126,0
625127,0
625128,0
625129,0
625130,0
625131,0
625132,0
625133,0
625134,0
625135,0
625136,0
625137,0
625138,0
625139,0
625140,0
625141,0
625142,0
625143,0
625144,0
625145,0
625146,0
625147,0
625148,0
625149,0
625150,0
625151,0
625152,0
625153,0
625154,0
625155,0
625156,0
625157,0
625158,0
625159,0
625160,0
625161,0
625162,0
625163,0
625164,0
625165,0
625166,0
625167,0
625168,0
625169,0
625170,0
625171,0
625172,0
625173,0
625174,0
625175,0
625176,0
625177,0
625178,0
625179,0
625180,0
625181,0
625182,0
625183,0
625184,0
625185,0
625186,0
625187,0
625188,0
625189,0
625190,0
625191,0
625192,0
625193,0
625194,0
625195,0
625196,0
625197,0
625198,0
625199,0
625200,0
625201,0
625202,0
625203,0
625204,0
625205,0
625206,0
625207,0
625208,0
625209,0
625210,0
625211,0
625212,0
625213,0
625214,0
625215,0
625216,0
625217,0
625218,0
625219,0
625220,0
625221,0
625222,0
625223,0
625224,0
625225,0
625226,0
625227,0
625228,0
625229,0
625230,0
625231,0
625232,0
625233,0
625234,0
625235,0
625236,0
625237,0
625238,0
625239,0
625240,0
625241,0
625242,0
625243,0
625244,0
625245,0
625246,0
625247,0
625248,0
625249,0
625250,0
625251,0
625252,0
625253,0
625254,0
625255,0
625256,0
625257,0
625258,0
625259,0
625260,0
625261,0
625262,0
625263,0
625264,0
625265,0
625266,0
625267,0
625268,0
625269,0
625270,0
625271,0
625272,0
625273,0
625274,0
625275,0
625276,0
625277,0
625278,0
625279,0
625280,0
625281,0
625282,0
625283,0
625284,0
625285,0
625286,0
625287,0
625288,0
625289,0
625290,0
625291,0
625292,0
625293,0
625294,0
625295,0
625296,0
625297,0
625298,0
625299,0
625300,0
625301,0
625302,0
625303,0
625304,0
625305,0
625306,0
625307,0
625308,0
625309,0
625310,0
625311,0
625312,0
625313,0
625314,0
625315,0
625316,0
625317,0
625318,0
625319,0
625320,0
625321,0
625322,0
625323,0
625324,0
625325,0
625326,0
625327,0
625328,0
625329,0
625330,0
625331,0
625332,0
625333,0
625334,0
625335,0
625336,0
625337,0
625338,0
625339,0
625340,0
625341,0
625342,0
625343,0
625344,0
625345,0
625346,0
625347,0
625348,0
625349,0
625350,0
625351,0
625352,0
625353,0
625354,0
625355,0
625356,0
625357,0
625358,0
625359,0
625360,0
625361,0
625362,0
625363,0
625364,0
625365,0
625366,0
625367,0
625368,0
625369,0
625370,0
625371,0
625372,0
625373,0
625374,0
625375,0
625376,0
625377,0
625378,0
625379,0
625380,0
625381,0
625382,0
625383,0
625384,0
625385,0
625386,0
625387,0
625388,0
625389,0
625390,0
625391,0
625392,0
625393,0
625394,0
625395,0
625396,0
625397,0
625398,0
625399,0
625400,0
625401,0
625402,0
625403,0
625404,0
625405,0
625406,0
625407,0
625408,0
625409,0
625410,0
625411,0
625412,0
625413,0
625414,0
625415,0
625416,0
625417,0
625418,0
625419,0
625420,0
625421,0
625422,0
625423,0
625424,0
625425,0
625426,0
625427,0
625428,0
625429,0
625430,0
625431,0
625432,0
625433,0
625434,0
625435,0
625436,0
625437,0
625438,0
625439,0
625440,0
625441,0
625442,0
625443,0
625444,0
625445,0
625446,0
625447,0
625448,0
625449,0
625450,0
625451,0
625452,0
625453,0
625454,0
625455,0
625456,10
625457,0
625458,0
625459,0
625460,7
625461,16
625462,11
625463,0
625464,0
625465,0
625466,0
625467,0
625468,0
625469,0
625470,7
625471,0
625472,0
625473,0
625474,9
625475,0
625476,0
625477,0
625478,0
625479,0
625480,0
625481,0
625482,0
625483,0
625484,0
625485,0
625486,0
625487,0
625488,0
625489,0
625490,0
625491,0
625492,4
625493,7
625494,0
625495,0
625496,10
625497,0
625498,0
625499,0
625500,0
625501,8
625502,0
625503,6
625504,5
625505,6
625506,3
625507,6
625508,0
625509,0
625510,0
625511,0
625512,0
625513,0
625514,0
625515,0
625516,0
625517,0
625518,0
625519,0
625520,0
625521,0
625522,9
625523,0
625524,5
625525,0
625526,0
625527,0
625528,0
625529,0
625530,0
625531,0
625532,0
625533,0
625534,0
625535,0
625536,11
625537,0
625538,13
625539,7
625540,0
625541,0
625542,7
625543,0
625544,0
625545,7
625546,0
625547,0
625548,0
625549,0
625550,0
625551,0
625552,0
625553,8
625554,0
625555,6
625556,11
625557,6
625558,0
625559,0
625560,0
625561,0
625562,0
625563,0
625564,10
625565,0
625566,0
625567,9
625568,2
625569,0
625570,9
625571,0
625572,0
625573,0
625574,0
625575,0
625576,7
625577,13
625578,0
625579,0
625580,4
625581,0
625582,0
625583,0
625584,2
625585,0
625586,0
625587,0
625588,0
625589,0
625590,0
625591,0
625592,0
625593,0
625594,0
625595,6
625596,0
625597,0
625598,0
625599,0
625600,0
625601,15
625602,0
625603,0
625604,0
625605,0
625606,10
625607,4
625608,0
625609,0
625610,0
625611,0
625612,5
625613,8
625614,0
625615,0
625616,0
625617,0
625618,0
625619,0
625620,0
625621,0
625622,0
625623,0
625624,8
625625,0
625626,0
625627,0
625628,6
625629,0
625630,0
625631,0
625632,0
625633,8
625634,0
625635,0
625636,0
625637,0
625638,0
625639,0
625640,0
625641,0
625642,0
625643,11
625644,0
625645,13
625646,0
625647,0
625648,0
625649,8
625650,0
625651,0
625652,0
625653,0
625654,0
625655,0
625656,0
625657,0
625658,0
625659,0
625660,14
625661,0
625662,0
625663,0
625664,6
625665,9
625666,0
625667,0
625668,0
625669,10
625670,0
625671,0
625672,0
625673,0
625674,0
625675,0
625676,0
625677,0
625678,0
625679,0
625680,0
625681,5
625682,0
625683,13
625684,0
625685,3
625686,9
625687,6
625688,0
625689,0
625690,0
625691,0
625692,0
625693,14
625694,0
625695,0
625696,0
625697,0
625698,0
625699,0
625700,0
625701,0
625702,0
625703,0
625704,0
625705,0
625706,0
625707,0
625708,0
625709,7
625710,0
625711,11
625712,0
625713,5
625714,0
625715,0
625716,13
625717,5
625718,0
625719,7
625720,7
625721,0
625722,0
625723,3
625724,0
625725,0
625726,0
625727,0
625728,0
625729,0
625730,0
625731,0
625732,0
625733,0
625734,0
625735,0
625736,0
625737,2
625738,0
625739,0
625740,12
625741,0
625742,0
625743,5
625744,0
625745,6
625746,0
625747,8
625748,12
625749,0
625750,0
625751,0
625752,0
625753,8
625754,0
625755,0
625756,0
625757,6
625758,0
625759,0
625760,0
625761,0
625762,0
625763,0
625764,0
625765,0
625766,0
625767,8
625768,0
625769,0
625770,0
625771,4
625772,0
625773,3
625774,7
625775,8
625776,0
625777,3
625778,0
625779,0
625780,0
625781,0
625782,0
625783,0
625784,6
625785,0
625786,11
625787,0
625788,8
625789,0
625790,3
625791,0
625792,9
625793,0
625794,0
625795,10
625796,0
625797,0
625798,0
625799,0
625800,0
625801,0
625802,0
625803,0
625804,0
625805,0
625806,0
625807,3
625808,8
625809,0
625810,0
625811,8
625812,4
625813,0
625814,0
625815,6
625816,0
625817,0
625818,0
625819,0
625820,6
625821,0
625822,0
625823,8
625824,12
625825,0
625826,0
625827,0
625828,0
625829,0
625830,0
625831,0
625832,5
625833,0
625834,0
625835,0
625836,0
625837,0
625838,0
625839,6
625840,0
625841,0
625842,0
625843,0
625844,0
625845,2
625846,0
625847,0
625848,0
625849,0
625850,0
625851,0
625852,0
625853,0
625854,0
625855,5
625856,12
625857,6
625858,0
625859,9
625860,0
625861,0
625862,0
625863,0
625864,0
625865,0
625866,0
625867,10
625868,0
625869,12
625870,8
625871,0
625872,0
625873,0
625874,0
625875,18
625876,0
625877,0
625878,0
625879,0
625880,0
625881,32
625882,0
625883,19
625884,0
625885,0
625886,34
625887,0
625888,0
625889,30
625890,0
625891,0
625892,0
625893,0
625894,0
625895,0
625896,0
625897,0
625898,0
625899,0
625900,38
625901,0
625902,0
625903,27
625904,0
625905,0
625906,35
625907,16
625908,0
625909,0
625910,0
625911,0
625912,0
625913,0
625914,0
625915,0
625916,0
625917,0
625918,0
625919,31
625920,0
625921,26
625922,0
625923,0
625924,0
625925,0
625926,0
625927,0
625928,0
625929,0
625930,0
625931,18
625932,0
625933,0
625934,0
625935,0
625936,23
625937,0
625938,0
625939,26
625940,0
625941,24
625942,0
625943,0
625944,0
625945,0
625946,0
625947,31
625948,0
625949,0
625950,0
625951,0
625952,0
625953,37
625954,0
625955,36
625956,0
625957,0
625958,31
625959,0
625960,0
625961,28
625962,37
625963,0
625964,54
625965,0
625966,0
625967,0
625968,0
625969,40
625970,0
625971,32
625972,0
625973,0
625974,0
625975,0
625976,0
625977,27
625978,44
625979,0
625980,0
625981,0
625982,0
625983,22
625984,24
625985,0
625986,40
625987,0
625988,0
625989,0
625990,0
625991,34
625992,31
625993,0
625994,0
625995,0
625996,0
625997,0
625998,0
625999,0
626000,0
626001,0
626002,0
626003,0
626004,0
626005,0
626006,0
626007,0
626008,0
626009,0
626010,0
626011,0
626012,0
626013,17
626014,0
626015,0
626016,0
626017,0
626018,0
626019,0
626020,0
626021,0
626022,0
626023,0
626024,0
626025,0
626026,0
626027,0
626028,0
626029,0
626030,0
626031,0
626032,0
626033,36
626034,0
626035,0
626036,12
626037,0
626038,0
626039,0
626040,0
626041,0
626042,0
626043,0
626044,0
626045,7
626046,0
626047,0
626048,0
626049,0
626050,0
626051,0
626052,0
626053,0
626054,0
626055,0
626056,17
626057,0
626058,0
626059,0
626060,0
626061,0
626062,19
626063,0
626064,0
626065,0
626066,0
626067,0
626068,0
626069,0
626070,0
626071,0
626072,11
626073,0
626074,0
626075,16
626076,0
626077,13
626078,0
626079,0
626080,0
626081,25
626082,0
626083,0
626084,11
626085,0
626086,0
626087,0
626088,0
626089,11
626090,0
626091,0
626092,0
626093,0
626094,0
626095,0
626096,0
626097,0
626098,0
626099,0
626100,0
626101,0
626102,18
626103,0
626104,7
626105,0
626106,0
626107,0
626108,0
626109,0
626110,0
626111,0
626112,0
626113,0
626114,0
626115,0
626116,4
626117,11
626118,0
626119,0
626120,0
626121,0
626122,0
626123,0
626124,0
626125,0
626126,0
626127,0
626128,0
626129,19
626130,0
626131,8
626132,14
626133,0
626134,0
626135,0
626136,13
626137,0
626138,0
626139,0
626140,0
626141,0
626142,0
626143,20
626144,0
626145,0
626146,14
626147,16
626148,0
626149,14
626150,0
626151,0
626152,0
626153,0
626154,0
626155,2
626156,11
626157,14
626158,0
626159,0
626160,0
626161,0
626162,0
626163,13
626164,10
626165,0
626166,13
626167,0
626168,7
626169,8
626170,0
626171,0
626172,0
626173,0
626174,0
626175,0
626176,15
626177,22
626178,0
626179,0
626180,0
626181,0
626182,0
626183,0
626184,0
626185,0
626186,0
626187,0
626188,0
626189,0
626190,0
626191,0
626192,0
626193,25
626194,12
626195,19
626196,0
626197,0
626198,0
626199,0
626200,10
626201,0
626202,10
626203,0
626204,0
626205,0
626206,10
626207,0
626208,0
626209,0
626210,0
626211,0
626212,0
626213,0
626214,0
626215,0
626216,0
626217,17
626218,6
626219,12
626220,9
626221,0
626222,0
626223,0
626224,16
626225,0
626226,0
626227,0
626228,0
626229,0
626230,0
626231,0
626232,0
626233,6
626234,0
626235,0
626236,0
626237,10
626238,0
626239,0
626240,0
626241,0
626242,17
626243,9
626244,0
626245,0
626246,0
626247,0
626248,0
626249,0
626250,0
626251,0
626252,20
626253,0
626254,10
626255,0
626256,0
626257,0
626258,11
626259,0
626260,0
626261,24
626262,0
626263,0
626264,0
626265,0
626266,0
626267,0
626268,10
626269,0
626270,0
626271,13
626272,0
626273,14
626274,9
626275,0
626276,0
626277,0
626278,8
626279,0
626280,0
626281,0
626282,0
626283,0
626284,0
626285,0
626286,0
626287,0
626288,0
626289,0
626290,0
626291,0
626292,19
626293,0
626294,0
626295,0
626296,19
626297,0
626298,0
626299,9
626300,0
626301,0
626302,0
626303,0
626304,0
626305,0
626306,0
626307,0
626308,0
626309,9
626310,0
626311,0
626312,0
626313,0
626314,7
626315,14
626316,0
626317,0
626318,0
626319,0
626320,0
626321,0
626322,0
626323,0
626324,0
626325,5
626326,13
626327,8
626328,13
626329,0
626330,9
626331,0
626332,13
626333,14
626334,0
626335,0
626336,0
626337,14
626338,0
626339,0
626340,0
626341,22
626342,0
626343,23
626344,0
626345,0
626346,0
626347,0
626348,0
626349,0
626350,13
626351,0
626352,0
626353,0
626354,0
626355,14
626356,0
626357,0
626358,0
626359,0
626360,11
626361,0
626362,0
626363,0
626364,0
626365,0
626366,0
626367,0
626368,9
626369,10
626370,0
626371,0
626372,0
626373,6
626374,0
626375,6
626376,23
626377,0
626378,10
626379,0
626380,0
626381,0
626382,12
626383,0
626384,0
626385,17
626386,20
626387,0
626388,0
626389,0
626390,0
626391,0
626392,0
626393,0
626394,0
626395,7
626396,8
626397,0
626398,0
626399,0
626400,0
626401,8
626402,20
626403,0
626404,0
626405,0
626406,0
626407,0
626408,0
626409,0
626410,0
626411,0
626412,0
626413,8
626414,12
626415,0
626416,9
626417,0
626418,0
626419,0
626420,16
626421,0
626422,0
626423,0
626424,0
626425,0
626426,0
626427,0
626428,11
626429,0
626430,9
626431,0
626432,17
626433,0
626434,0
626435,13
626436,0
626437,0
626438,0
626439,0
626440,0
626441,0
626442,0
626443,0
626444,0
626445,0
626446,0
626447,9
626448,0
626449,18
626450,0
626451,11
626452,0
626453,0
626454,0
626455,8
626456,18
626457,0
626458,0
626459,0
626460,25
626461,3
626462,15
626463,0
626464,14
626465,0
626466,4
626467,0
626468,0
626469,0
626470,0
626471,0
626472,16
626473,0
626474,0
626475,18
626476,16
626477,19
626478,0
626479,0
626480,0
626481,0
626482,0
626483,0
626484,17
626485,13
626486,0
626487,0
626488,0
626489,3
626490,17
626491,0
626492,0
626493,0
626494,0
626495,0
626496,3
626497,0
626498,5
626499,0
626500,0
626501,17
626502,0
626503,0
626504,0
626505,0
626506,0
626507,10
626508,0
626509,0
626510,0
626511,6
626512,0
626513,6
626514,0
626515,22
626516,0
626517,10
626518,0
626519,0
626520,16
626521,0
626522,0
626523,0
626524,0
626525,0
626526,0
626527,0
626528,13
626529,0
626530,0
626531,0
626532,0
626533,0
626534,0
626535,18
626536,20
626537,0
626538,0
626539,0
626540,0
626541,0
626542,15
626543,9
626544,0
626545,0
626546,0
626547,0
626548,0
626549,0
626550,0
626551,0
626552,8
626553,0
626554,0
626555,0
626556,0
626557,0
626558,0
626559,8
626560,13
626561,0
626562,0
626563,0
626564,0
626565,0
626566,0
626567,13
626568,0
626569,0
626570,12
626571,0
626572,0
626573,0
626574,0
626575,0
626576,0
626577,0
626578,0
626579,15
626580,0
626581,0
626582,0
626583,21
626584,0
626585,9
626586,5
626587,0
626588,0
626589,0
626590,9
626591,0
626592,0
626593,0
626594,0
626595,24
626596,8
626597,0
626598,0
626599,18
626600,5
626601,0
626602,0
626603,0
626604,0
626605,0
626606,0
626607,0
626608,0
626609,0
626610,0
626611,0
626612,0
626613,5
626614,14
626615,16
626616,0
626617,6
626618,8
626619,0
626620,0
626621,0
626622,0
626623,0
626624,0
626625,0
626626,0
626627,7
626628,0
626629,8
626630,0
626631,0
626632,0
626633,0
626634,0
626635,0
626636,11
626637,0
626638,24
626639,0
626640,0
626641,0
626642,0
626643,0
626644,0
626645,0
626646,10
626647,0
626648,4
626649,0
626650,0
626651,16
626652,0
626653,0
626654,0
626655,0
626656,0
626657,0
626658,13
626659,0
626660,0
626661,8
626662,9
626663,0
626664,11
626665,0
626666,0
626667,0
626668,0
626669,0
626670,0
626671,0
626672,11
626673,0
626674,0
626675,19
626676,0
626677,9
626678,13
626679,0
626680,0
626681,0
626682,0
626683,0
626684,0
626685,9
626686,0
626687,0
626688,0
626689,28
626690,3
626691,0
626692,0
626693,0
626694,0
626695,0
626696,29
626697,0
626698,0
626699,7
626700,0
626701,0
626702,0
626703,8
626704,0
626705,0
626706,0
626707,0
626708,0
626709,15
626710,0
626711,0
626712,14
626713,0
626714,0
626715,0
626716,0
626717,0
626718,0
626719,0
626720,0
626721,0
626722,0
626723,8
626724,13
626725,0
626726,0
626727,0
626728,0
626729,7
626730,0
626731,0
626732,0
626733,0
626734,0
626735,16
626736,0
626737,12
626738,13
626739,0
626740,0
626741,0
626742,0
626743,0
626744,16
626745,0
626746,12
626747,0
626748,0
626749,4
626750,0
626751,11
626752,0
626753,0
626754,0
626755,18
626756,9
626757,0
626758,12
626759,8
626760,0
626761,0
626762,0
626763,0
626764,0
626765,17
626766,0
626767,0
626768,0
626769,8
626770,0
626771,0
626772,0
626773,0
626774,0
626775,0
626776,0
626777,0
626778,0
626779,0
626780,24
626781,0
626782,0
626783,0
626784,0
626785,17
626786,17
626787,0
626788,0
626789,0
626790,8
626791,32
626792,0
626793,0
626794,0
626795,22
626796,24
626797,0
626798,0
626799,13
626800,0
626801,0
626802,0
626803,0
626804,0
626805,0
626806,0
626807,0
626808,0
626809,0
626810,19
626811,0
626812,0
626813,18
626814,0
626815,0
626816,0
626817,0
626818,20
626819,0
626820,0
626821,19
626822,29
626823,0
626824,20
626825,17
626826,10
626827,0
626828,0
626829,0
626830,24
626831,0
626832,23
626833,0
626834,0
626835,0
626836,0
626837,24
626838,0
626839,0
626840,0
626841,0
626842,0
626843,0
626844,0
626845,0
626846,15
626847,0
626848,0
626849,0
626850,0
626851,0
626852,0
626853,0
626854,14
626855,0
626856,0
626857,0
626858,0
626859,0
626860,0
626861,0
626862,0
626863,25
626864,22
626865,18
626866,0
626867,0
626868,0
626869,0
626870,0
626871,15
626872,0
626873,0
626874,0
626875,0
626876,0
626877,0
626878,0
626879,0
626880,0
626881,0
626882,0
626883,0
626884,0
626885,0
626886,0
626887,0
626888,0
626889,0
626890,0
626891,0
626892,14
626893,0
626894,0
626895,22
626896,0
626897,0
626898,0
626899,0
626900,0
626901,0
626902,0
626903,0
626904,0
626905,0
626906,0
626907,0
626908,0
626909,0
626910,0
626911,23
626912,0
626913,0
626914,0
626915,0
626916,0
626917,0
626918,0
626919,0
626920,0
626921,0
626922,0
626923,0
626924,0
626925,35
626926,0
626927,0
626928,0
626929,16
626930,0
626931,0
626932,0
626933,0
626934,0
626935,0
626936,0
626937,0
626938,0
626939,0
626940,0
626941,0
626942,0
626943,0
626944,0
626945,0
626946,0
626947,0
626948,0
626949,20
626950,0
626951,61
626952,0
626953,0
626954,0
626955,0
626956,0
626957,0
626958,0
626959,0
626960,0
626961,0
626962,0
626963,0
626964,19
626965,0
626966,0
626967,0
626968,0
626969,0
626970,0
626971,24
626972,0
626973,0
626974,0
626975,0
626976,0
626977,0
626978,0
626979,22
626980,0
626981,0
626982,0
626983,0
626984,0
626985,0
626986,0
626987,0
626988,0
626989,0
626990,0
626991,19
626992,0
626993,15
626994,0
626995,0
626996,0
626997,0
626998,0
626999,0
627000,0
627001,0
627002,0
627003,0
627004,0
627005,0
627006,0
627007,0
627008,0
627009,0
627010,0
627011,0
627012,0
627013,0
627014,0
627015,0
627016,0
627017,0
627018,0
627019,0
627020,0
627021,0
627022,0
627023,0
627024,0
627025,0
627026,0
627027,0
627028,0
627029,0
627030,0
627031,0
627032,0
627033,0
627034,0
627035,0
627036,0
627037,19
627038,0
627039,0
627040,0
627041,0
627042,0
627043,0
627044,0
627045,0
627046,0
627047,0
627048,0
627049,0
627050,0
627051,0
627052,0
627053,0
627054,0
627055,40
627056,0
627057,0
627058,0
627059,0
627060,0
627061,0
627062,35
627063,0
627064,0
627065,0
627066,0
627067,37
627068,0
627069,0
627070,0
627071,0
627072,0
627073,0
627074,37
627075,0
627076,0
627077,0
627078,0
627079,0
627080,0
627081,0
627082,0
627083,0
627084,0
627085,0
627086,0
627087,0
627088,0
627089,0
627090,0
627091,28
627092,0
627093,0
627094,0
627095,0
627096,0
627097,0
627098,0
627099,0
627100,0
627101,0
627102,0
627103,0
627104,0
627105,0
627106,0
627107,0
627108,0
627109,0
627110,0
627111,0
627112,0
627113,0
627114,0
627115,0
627116,24
627117,0
627118,0
627119,0
627120,0
627121,0
627122,0
627123,0
627124,0
627125,0
627126,0
627127,0
627128,0
627129,0
627130,0
627131,0
627132,0
627133,0
627134,0
627135,0
627136,0
627137,0
627138,32
627139,0
627140,0
627141,0
627142,21
627143,0
627144,0
627145,0
627146,0
627147,0
627148,0
627149,0
627150,0
627151,0
627152,0
627153,31
627154,0
627155,0
627156,0
627157,0
627158,0
627159,0
627160,0
627161,0
627162,0
627163,0
627164,0
627165,0
627166,0
627167,0
627168,0
627169,0
627170,0
627171,0
627172,0
627173,0
627174,0
627175,0
627176,0
627177,0
627178,0
627179,0
627180,0
627181,0
627182,0
627183,0
627184,0
627185,0
627186,0
627187,23
627188,0
627189,0
627190,0
627191,0
627192,0
627193,0
627194,0
627195,0
627196,0
627197,0
627198,0
627199,0
627200,0
627201,0
627202,0
627203,0
627204,0
627205,0
627206,0
627207,0
627208,0
627209,0
627210,15
627211,0
627212,0
627213,0
627214,0
627215,0
627216,0
627217,0
627218,0
627219,0
627220,0
627221,0
627222,0
627223,40
627224,0
627225,0
627226,0
627227,0
627228,0
627229,0
627230,0
627231,0
627232,0
627233,0
627234,0
627235,0
627236,0
627237,0
627238,0
627239,0
627240,0
627241,0
627242,20
627243,0
627244,0
627245,0
627246,0
627247,0
627248,0
627249,0
627250,38
627251,0
627252,0
627253,0
627254,0
627255,0
627256,0
627257,0
627258,0
627259,0
627260,0
627261,0
627262,0
627263,0
627264,0
627265,0
627266,0
627267,0
627268,0
627269,0
627270,0
627271,0
627272,0
627273,0
627274,0
627275,0
627276,0
627277,0
627278,0
627279,0
627280,0
627281,0
627282,0
627283,0
627284,0
627285,0
627286,0
627287,0
627288,0
627289,0
627290,0
627291,0
627292,39
627293,24
627294,0
627295,0
627296,0
627297,50
627298,0
627299,0
627300,0
627301,0
627302,0
627303,0
627304,0
627305,0
627306,0
627307,0
627308,0
627309,0
627310,0
627311,0
627312,0
627313,0
627314,0
627315,0
627316,0
627317,0
627318,0
627319,0
627320,0
627321,39
627322,0
627323,0
627324,0
627325,0
627326,0
627327,0
627328,0
627329,0
627330,0
627331,0
627332,0
627333,16
627334,0
627335,0
627336,0
627337,0
627338,0
627339,0
627340,0
627341,0
627342,0
627343,28
627344,0
627345,0
627346,0
627347,0
627348,0
627349,0
627350,0
627351,0
627352,0
627353,0
627354,0
627355,0
627356,0
627357,0
627358,0
627359,0
627360,0
627361,0
627362,0
627363,0
627364,0
627365,0
627366,0
627367,0
627368,0
627369,0
627370,0
627371,0
627372,0
627373,22
627374,0
627375,0
627376,0
627377,0
627378,0
627379,30
627380,0
627381,13
627382,0
627383,0
627384,0
627385,0
627386,0
627387,0
627388,15
627389,0
627390,0
627391,0
627392,0
627393,0
627394,0
627395,0
627396,0
627397,0
627398,0
627399,0
627400,0
627401,0
627402,0
627403,0
627404,0
627405,0
627406,22
627407,0
627408,0
627409,0
627410,0
627411,0
627412,0
627413,0
627414,0
627415,0
627416,0
627417,0
627418,0
627419,0
627420,0
627421,0
627422,0
627423,0
627424,0
627425,0
627426,0
627427,0
627428,0
627429,0
627430,0
627431,0
627432,0
627433,0
627434,0
627435,0
627436,0
627437,0
627438,0
627439,0
627440,0
627441,0
627442,0
627443,0
627444,0
627445,0
627446,0
627447,0
627448,0
627449,0
627450,0
627451,0
627452,0
627453,0
627454,0
627455,0
627456,0
627457,0
627458,0
627459,0
627460,0
627461,0
627462,0
627463,0
627464,0
627465,0
627466,0
627467,0
627468,0
627469,0
627470,0
627471,0
627472,0
627473,0
627474,0
627475,0
627476,0
627477,15
627478,31
627479,0
627480,0
627481,0
627482,0
627483,0
627484,0
627485,0
627486,0
627487,0
627488,0
627489,0
627490,0
627491,0
627492,0
627493,0
627494,0
627495,0
627496,0
627497,0
627498,0
627499,0
627500,0
627501,0
627502,0
627503,0
627504,0
627505,0
627506,0
627507,0
627508,0
627509,0
627510,0
627511,0
627512,0
627513,0
627514,0
627515,0
627516,0
627517,0
627518,0
627519,0
627520,0
627521,0
627522,0
627523,0
627524,0
627525,17
627526,0
627527,0
627528,0
627529,23
627530,0
627531,0
627532,0
627533,0
627534,0
627535,0
627536,0
627537,0
627538,0
627539,0
627540,20
627541,0
627542,0
627543,0
627544,21
627545,0
627546,0
627547,20
627548,36
627549,32
627550,0
627551,0
627552,0
627553,0
627554,0
627555,0
627556,0
627557,0
627558,0
627559,0
627560,0
627561,0
627562,0
627563,0
627564,0
627565,0
627566,0
627567,0
627568,0
627569,0
627570,0
627571,0
627572,0
627573,0
627574,0
627575,0
627576,0
627577,0
627578,0
627579,0
627580,0
627581,0
627582,0
627583,0
627584,0
627585,30
627586,0
627587,0
627588,0
627589,0
627590,0
627591,0
627592,0
627593,0
627594,37
627595,0
627596,0
627597,0
627598,0
627599,0
627600,0
627601,0
627602,0
627603,0
627604,0
627605,0
627606,0
627607,0
627608,0
627609,26
627610,0
627611,0
627612,0
627613,0
627614,0
627615,0
627616,0
627617,0
627618,0
627619,0
627620,0
627621,0
627622,0
627623,0
627624,0
627625,31
627626,0
627627,0
627628,0
627629,0
627630,0
627631,0
627632,0
627633,0
627634,39
627635,0
627636,0
627637,0
627638,0
627639,19
627640,0
627641,0
627642,0
627643,0
627644,0
627645,0
627646,7
627647,0
627648,0
627649,0
627650,0
627651,0
627652,0
627653,0
627654,3
627655,0
627656,0
627657,0
627658,2
627659,0
627660,0
627661,0
627662,0
627663,0
627664,0
627665,0
627666,6
627667,0
627668,0
627669,0
627670,4
627671,0
627672,0
627673,0
627674,0
627675,0
627676,0
627677,0
627678,0
627679,0
627680,0
627681,0
627682,0
627683,0
627684,0
627685,9
627686,0
627687,0
627688,0
627689,3
627690,0
627691,0
627692,0
627693,7
627694,0
627695,0
627696,0
627697,0
627698,0
627699,0
627700,0
627701,0
627702,5
627703,0
627704,0
627705,0
627706,0
627707,3
627708,0
627709,0
627710,0
627711,0
627712,2
627713,0
627714,0
627715,0
627716,0
627717,7
627718,0
627719,0
627720,0
627721,0
627722,5
627723,0
627724,0
627725,0
627726,0
627727,0
627728,0
627729,0
627730,0
627731,0
627732,0
627733,9
627734,0
627735,0
627736,0
627737,0
627738,0
627739,9
627740,0
627741,0
627742,0
627743,5
627744,0
627745,0
627746,0
627747,0
627748,0
627749,0
627750,0
627751,11
627752,0
627753,1
627754,0
627755,0
627756,2
627757,0
627758,0
627759,0
627760,0
627761,0
627762,7
627763,4
627764,0
627765,0
627766,0
627767,0
627768,0
627769,0
627770,0
627771,0
627772,0
627773,0
627774,0
627775,0
627776,0
627777,0
627778,0
627779,0
627780,0
627781,0
627782,0
627783,0
627784,0
627785,3
627786,0
627787,0
627788,0
627789,0
627790,0
627791,0
627792,0
627793,0
627794,0
627795,0
627796,0
627797,0
627798,0
627799,0
627800,0
627801,15
627802,0
627803,0
627804,0
627805,4
627806,6
627807,0
627808,0
627809,0
627810,0
627811,0
627812,0
627813,0
627814,0
627815,0
627816,0
627817,0
627818,0
627819,0
627820,2
627821,3
627822,0
627823,0
627824,0
627825,0
627826,0
627827,0
627828,0
627829,0
627830,0
627831,0
627832,6
627833,0
627834,7
627835,6
627836,0
627837,0
627838,0
627839,0
627840,0
627841,3
627842,0
627843,0
627844,0
627845,0
627846,0
627847,0
627848,0
627849,0
627850,0
627851,0
627852,0
627853,0
627854,0
627855,3
627856,0
627857,0
627858,0
627859,0
627860,0
627861,0
627862,0
627863,0
627864,0
627865,0
627866,0
627867,0
627868,0
627869,0
627870,0
627871,0
627872,0
627873,0
627874,0
627875,0
627876,0
627877,0
627878,5
627879,0
627880,5
627881,0
627882,0
627883,5
627884,0
627885,0
627886,0
627887,0
627888,0
627889,0
627890,0
627891,6
627892,0
627893,0
627894,0
627895,0
627896,0
627897,2
627898,0
627899,0
627900,0
627901,0
627902,0
627903,0
627904,4
627905,0
627906,0
627907,0
627908,0
627909,0
627910,0
627911,0
627912,8
627913,0
627914,0
627915,0
627916,0
627917,0
627918,7
627919,0
627920,11
627921,0
627922,0
627923,0
627924,0
627925,0
627926,0
627927,0
627928,0
627929,0
627930,0
627931,0
627932,0
627933,0
627934,0
627935,0
627936,0
627937,20
627938,0
627939,0
627940,0
627941,9
627942,0
627943,0
627944,0
627945,0
627946,15
627947,0
627948,0
627949,0
627950,0
627951,0
627952,26
627953,0
627954,0
627955,20
627956,0
627957,0
627958,0
627959,0
627960,0
627961,0
627962,0
627963,0
627964,0
627965,0
627966,28
627967,0
627968,0
627969,0
627970,0
627971,11
627972,12
627973,0
627974,0
627975,0
627976,0
627977,0
627978,0
627979,0
627980,0
627981,16
627982,0
627983,0
627984,0
627985,0
627986,0
627987,0
627988,0
627989,0
627990,0
627991,0
627992,19
627993,0
627994,0
627995,0
627996,14
627997,23
627998,0
627999,0
628000,0
628001,0
628002,0
628003,0
628004,0
628005,29
628006,0
628007,0
628008,21
628009,0
628010,34
628011,0
628012,0
628013,0
628014,0
628015,0
628016,0
628017,0
628018,14
628019,33
628020,0
628021,0
628022,0
628023,0
628024,0
628025,10
628026,0
628027,0
628028,18
628029,0
628030,0
628031,0
628032,0
628033,0
628034,30
628035,0
628036,0
628037,0
628038,0
628039,0
628040,25
628041,0
628042,0
628043,21
628044,0
628045,19
628046,0
628047,14
628048,17
628049,0
628050,0
628051,0
628052,8
628053,0
628054,0
628055,0
628056,0
628057,21
628058,0
628059,0
628060,0
628061,0
628062,20
628063,0
628064,9
628065,0
628066,0
628067,24
628068,0
628069,0
628070,0
628071,0
628072,0
628073,0
628074,0
628075,21
628076,15
628077,0
628078,0
628079,0
628080,0
628081,0
628082,28
628083,28
628084,0
628085,0
628086,0
628087,0
628088,0
628089,0
628090,0
628091,12
628092,19
628093,0
628094,0
628095,0
628096,0
628097,28
628098,0
628099,0
628100,0
628101,0
628102,29
628103,0
628104,0
628105,0
628106,0
628107,0
628108,0
628109,46
628110,0
628111,0
628112,0
628113,0
628114,20
628115,0
628116,12
628117,20
628118,0
628119,25
628120,0
628121,0
628122,0
628123,0
628124,0
628125,0
628126,0
628127,15
628128,0
628129,0
628130,14
628131,0
628132,0
628133,0
628134,0
628135,0
628136,0
628137,0
628138,0
628139,38
628140,0
628141,0
628142,0
628143,0
628144,0
628145,0
628146,0
628147,0
628148,0
628149,0
628150,24
628151,0
628152,19
628153,33
628154,0
628155,19
628156,0
628157,0
628158,0
628159,0
628160,0
628161,0
628162,32
628163,0
628164,0
628165,0
628166,0
628167,0
628168,0
628169,0
628170,0
628171,23
628172,0
628173,0
628174,0
628175,0
628176,0
628177,25
628178,0
628179,33
628180,0
628181,0
628182,0
628183,0
628184,0
628185,0
628186,0
628187,27
628188,0
628189,0
628190,0
628191,15
628192,0
628193,0
628194,26
628195,0
628196,0
628197,0
628198,0
628199,0
628200,0
628201,0
628202,0
628203,0
628204,14
628205,0
628206,0
628207,0
628208,17
628209,0
628210,0
628211,0
628212,10
628213,24
628214,0
628215,0
628216,0
628217,0
628218,0
628219,0
628220,0
628221,0
628222,0
628223,18
628224,0
628225,0
628226,36
628227,0
628228,0
628229,0
628230,0
628231,21
628232,23
628233,25
628234,0
628235,31
628236,0
628237,0
628238,9
628239,0
628240,0
628241,0
628242,0
628243,19
628244,18
628245,11
628246,28
628247,0
628248,0
628249,0
628250,0
628251,0
628252,0
628253,24
628254,0
628255,0
628256,14
628257,0
628258,0
628259,0
628260,0
628261,0
628262,0
628263,0
628264,0
628265,15
628266,0
628267,12
628268,0
628269,0
628270,0
628271,0
628272,0
628273,0
628274,0
628275,0
628276,0
628277,0
628278,0
628279,0
628280,0
628281,0
628282,18
628283,0
628284,0
628285,0
628286,0
628287,16
628288,23
628289,23
628290,0
628291,0
628292,0
628293,0
628294,0
628295,0
628296,0
628297,32
628298,0
628299,24
628300,0
628301,0
628302,63
628303,25
628304,0
628305,0
628306,0
628307,38
628308,0
628309,0
628310,0
628311,0
628312,0
628313,0
628314,0
628315,0
628316,0
628317,21
628318,0
628319,0
628320,0
628321,0
628322,0
628323,0
628324,0
628325,33
628326,0
628327,0
628328,0
628329,0
628330,0
628331,0
628332,0
628333,0
628334,0
628335,0
628336,0
628337,0
628338,0
628339,0
628340,0
628341,0
628342,0
628343,0
628344,0
628345,0
628346,0
628347,0
628348,0
628349,31
628350,0
628351,0
628352,0
628353,0
628354,0
628355,0
628356,0
628357,0
628358,12
628359,0
628360,17
628361,19
628362,0
628363,0
628364,0
628365,0
628366,0
628367,0
628368,19
628369,0
628370,0
628371,0
628372,0
628373,0
628374,0
628375,0
628376,0
628377,10
628378,0
628379,0
628380,0
628381,0
628382,0
628383,0
628384,0
628385,0
628386,0
628387,0
628388,0
628389,0
628390,0
628391,0
628392,14
628393,0
628394,14
628395,0
628396,19
628397,0
628398,0
628399,14
628400,0
628401,25
628402,18
628403,0
628404,0
628405,25
628406,0
628407,0
628408,0
628409,0
628410,13
628411,0
628412,0
628413,0
628414,0
628415,0
628416,0
628417,0
628418,0
628419,0
628420,0
628421,0
628422,0
628423,20
628424,0
628425,0
628426,0
628427,0
628428,0
628429,0
628430,0
628431,0
628432,0
628433,0
628434,0
628435,0
628436,0
628437,0
628438,0
628439,0
628440,0
628441,0
628442,13
628443,0
628444,0
628445,0
628446,0
628447,0
628448,0
628449,0
628450,0
628451,0
628452,0
628453,0
628454,8
628455,0
628456,0
628457,0
628458,0
628459,0
628460,0
628461,0
628462,0
628463,0
628464,0
628465,15
628466,0
628467,0
628468,0
628469,0
628470,0
628471,0
628472,8
628473,0
628474,0
628475,0
628476,12
628477,0
628478,0
628479,22
628480,0
628481,0
628482,0
628483,0
628484,0
628485,16
628486,0
628487,0
628488,0
628489,0
628490,0
628491,0
628492,0
628493,0
628494,0
628495,0
628496,4
628497,10
628498,0
628499,17
628500,0
628501,0
628502,0
628503,0
628504,18
628505,0
628506,15
628507,0
628508,0
628509,0
628510,11
628511,0
628512,15
628513,0
628514,0
628515,21
628516,0
628517,0
628518,0
628519,0
628520,0
628521,0
628522,0
628523,0
628524,0
628525,0
628526,0
628527,0
628528,0
628529,0
628530,0
628531,0
628532,0
628533,0
628534,0
628535,0
628536,0
628537,0
628538,0
628539,0
628540,0
628541,0
628542,0
628543,19
628544,0
628545,0
628546,0
628547,0
628548,0
628549,0
628550,21
628551,0
628552,0
628553,0
628554,0
628555,0
628556,0
628557,0
628558,15
628559,15
628560,0
628561,0
628562,0
628563,0
628564,0
628565,0
628566,0
628567,0
628568,0
628569,0
628570,21
628571,0
628572,0
628573,0
628574,16
628575,0
628576,24
628577,21
628578,0
628579,17
628580,0
628581,0
628582,0
628583,0
628584,0
628585,0
628586,0
628587,0
628588,0
628589,0
628590,0
628591,0
628592,0
628593,0
628594,0
628595,0
628596,14
628597,16
628598,0
628599,0
628600,0
628601,0
628602,0
628603,0
628604,0
628605,13
628606,0
628607,0
628608,0
628609,0
628610,0
628611,0
628612,0
628613,0
628614,0
628615,0
628616,0
628617,0
628618,16
628619,0
628620,0
628621,0
628622,14
628623,0
628624,0
628625,0
628626,0
628627,0
628628,0
628629,0
628630,0
628631,0
628632,0
628633,0
628634,11
628635,0
628636,0
628637,0
628638,0
628639,0
628640,0
628641,0
628642,0
628643,10
628644,0
628645,0
628646,0
628647,0
628648,0
628649,0
628650,0
628651,0
628652,0
628653,0
628654,0
628655,0
628656,0
628657,0
628658,0
628659,0
628660,0
628661,16
628662,0
628663,0
628664,0
628665,0
628666,0
628667,15
628668,0
628669,0
628670,0
628671,0
628672,0
628673,0
628674,0
628675,0
628676,0
628677,0
628678,0
628679,16
628680,0
628681,14
628682,0
628683,0
628684,0
628685,11
628686,0
628687,25
628688,18
628689,0
628690,0
628691,0
628692,17
628693,0
628694,0
628695,0
628696,14
628697,0
628698,0
628699,0
628700,0
628701,11
628702,0
628703,0
628704,0
628705,0
628706,0
628707,16
628708,16
628709,0
628710,0
628711,0
628712,0
628713,0
628714,0
628715,0
628716,0
628717,0
628718,0
628719,20
628720,0
628721,0
628722,0
628723,28
628724,0
628725,0
628726,0
628727,0
628728,0
628729,0
628730,0
628731,0
628732,0
628733,0
628734,0
628735,0
628736,0
628737,10
628738,0
628739,0
628740,0
628741,0
628742,0
628743,0
628744,0
628745,0
628746,0
628747,0
628748,0
628749,10
628750,19
628751,0
628752,0
628753,16
628754,21
628755,0
628756,0
628757,0
628758,0
628759,0
628760,0
628761,0
628762,0
628763,0
628764,0
628765,0
628766,0
628767,0
628768,0
628769,0
628770,0
628771,0
628772,0
628773,13
628774,0
628775,0
628776,0
628777,0
628778,21
628779,0
628780,20
628781,16
628782,0
628783,0
628784,0
628785,0
628786,0
628787,22
628788,0
628789,0
628790,14
628791,0
628792,0
628793,0
628794,32
628795,0
628796,0
628797,0
628798,0
628799,17
628800,0
628801,0
628802,9
628803,0
628804,0
628805,0
628806,0
628807,0
628808,0
628809,0
628810,0
628811,0
628812,0
628813,0
628814,0
628815,0
628816,0
628817,0
628818,0
628819,0
628820,17
628821,18
628822,0
628823,0
628824,0
628825,0
628826,0
628827,0
628828,0
628829,11
628830,0
628831,0
628832,0
628833,0
628834,0
628835,11
628836,0
628837,0
628838,0
628839,0
628840,0
628841,0
628842,21
628843,0
628844,0
628845,0
628846,0
628847,0
628848,0
628849,0
628850,0
628851,0
628852,0
628853,0
628854,0
628855,0
628856,0
628857,0
628858,0
628859,0
628860,0
628861,16
628862,18
628863,0
628864,0
628865,0
628866,0
628867,0
628868,0
628869,22
628870,0
628871,22
628872,0
628873,0
628874,0
628875,0
628876,15
628877,0
628878,0
628879,6
628880,0
628881,0
628882,0
628883,0
628884,0
628885,16
628886,0
628887,0
628888,0
628889,0
628890,0
628891,0
628892,0
628893,0
628894,0
628895,0
628896,0
628897,0
628898,0
628899,0
628900,0
628901,0
628902,0
628903,12
628904,0
628905,0
628906,8
628907,0
628908,0
628909,0
628910,0
628911,16
628912,0
628913,0
628914,0
628915,20
628916,0
628917,0
628918,0
628919,0
628920,0
628921,18
628922,0
628923,0
628924,0
628925,0
628926,0
628927,0
628928,0
628929,0
628930,13
628931,0
628932,17
628933,0
628934,0
628935,0
628936,0
628937,0
628938,0
628939,0
628940,24
628941,0
628942,0
628943,17
628944,16
628945,0
628946,0
628947,0
628948,25
628949,0
628950,0
628951,0
628952,0
628953,0
628954,0
628955,0
628956,0
628957,0
628958,0
628959,0
628960,22
628961,0
628962,0
628963,0
628964,26
628965,17
628966,0
628967,0
628968,0
628969,0
628970,0
628971,0
628972,0
628973,0
628974,0
628975,0
628976,0
628977,0
628978,0
628979,0
628980,0
628981,0
628982,0
628983,0
628984,0
628985,0
628986,0
628987,0
628988,0
628989,0
628990,0
628991,0
628992,0
628993,0
628994,0
628995,0
628996,0
628997,0
628998,0
628999,0
629000,0
629001,0
629002,0
629003,0
629004,0
629005,0
629006,0
629007,0
629008,0
629009,0
629010,0
629011,0
629012,0
629013,0
629014,0
629015,0
629016,0
629017,0
629018,0
629019,0
629020,0
629021,0
629022,0
629023,0
629024,0
629025,0
629026,0
629027,0
629028,0
629029,0
629030,0
629031,0
629032,0
629033,0
629034,0
629035,0
629036,0
629037,0
629038,0
629039,0
629040,0
629041,0
629042,0
629043,0
629044,0
629045,0
629046,0
629047,0
629048,0
629049,0
629050,0
629051,0
629052,0
629053,0
629054,0
629055,0
629056,0
629057,0
629058,0
629059,0
629060,0
629061,0
629062,0
629063,0
629064,0
629065,0
629066,0
629067,0
629068,0
629069,0
629070,0
629071,0
629072,0
629073,0
629074,0
629075,0
629076,0
629077,0
629078,0
629079,0
629080,0
629081,0
629082,0
629083,0
629084,0
629085,0
629086,0
629087,0
629088,0
629089,0
629090,0
629091,0
629092,0
629093,0
629094,0
629095,0
629096,0
629097,0
629098,0
629099,0
629100,0
629101,0
629102,0
629103,0
629104,0
629105,0
629106,1
629107,0
629108,0
629109,0
629110,0
629111,0
629112,0
629113,0
629114,0
629115,0
629116,0
629117,0
629118,0
629119,0
629120,0
629121,0
629122,0
629123,0
629124,0
629125,0
629126,0
629127,0
629128,0
629129,0
629130,0
629131,0
629132,0
629133,0
629134,0
629135,0
629136,0
629137,0
629138,0
629139,0
629140,0
629141,0
629142,0
629143,0
629144,0
629145,0
629146,0
629147,0
629148,0
629149,0
629150,0
629151,0
629152,0
629153,0
629154,0
629155,0
629156,0
629157,0
629158,0
629159,0
629160,0
629161,0
629162,0
629163,0
629164,0
629165,0
629166,0
629167,0
629168,0
629169,0
629170,0
629171,0
629172,0
629173,0
629174,0
629175,0
629176,0
629177,0
629178,0
629179,0
629180,0
629181,0
629182,0
629183,0
629184,0
629185,0
629186,0
629187,0
629188,0
629189,0
629190,0
629191,0
629192,0
629193,0
629194,0
629195,0
629196,0
629197,0
629198,0
629199,0
629200,0
629201,0
629202,0
629203,0
629204,0
629205,0
629206,0
629207,0
629208,0
629209,0
629210,0
629211,0
629212,0
629213,0
629214,0
629215,0
629216,0
629217,0
629218,0
629219,0
629220,0
629221,0
629222,0
629223,0
629224,0
629225,0
629226,0
629227,0
629228,0
629229,0
629230,0
629231,0
629232,0
629233,0
629234,0
629235,0
629236,0
629237,0
629238,0
629239,0
629240,0
629241,0
629242,0
629243,0
629244,0
629245,0
629246,0
629247,0
629248,0
629249,0
629250,0
629251,0
629252,0
629253,0
629254,0
629255,0
629256,0
629257,0
629258,0
629259,0
629260,0
629261,0
629262,0
629263,0
629264,0
629265,0
629266,0
629267,0
629268,0
629269,0
629270,0
629271,0
629272,0
629273,0
629274,0
629275,0
629276,0
629277,0
629278,0
629279,0
629280,0
629281,0
629282,0
629283,0
629284,0
629285,0
629286,0
629287,0
629288,0
629289,0
629290,0
629291,0
629292,0
629293,0
629294,0
629295,0
629296,0
629297,0
629298,0
629299,0
629300,0
629301,0
629302,0
629303,0
629304,0
629305,0
629306,0
629307,0
629308,0
629309,0
629310,0
629311,0
629312,0
629313,0
629314,0
629315,0
629316,0
629317,0
629318,0
629319,0
629320,0
629321,0
629322,0
629323,0
629324,0
629325,0
629326,0
629327,0
629328,0
629329,0
629330,0
629331,0
629332,0
629333,0
629334,0
629335,0
629336,0
629337,0
629338,0
629339,0
629340,0
629341,0
629342,0
629343,0
629344,0
629345,0
629346,0
629347,0
629348,0
629349,0
629350,0
629351,0
629352,0
629353,0
629354,0
629355,0
629356,0
629357,0
629358,0
629359,0
629360,0
629361,0
629362,0
629363,0
629364,0
629365,0
629366,0
629367,0
629368,0
629369,0
629370,0
629371,0
629372,0
629373,0
629374,0
629375,0
629376,0
629377,0
629378,0
629379,0
629380,0
629381,0
629382,0
629383,0
629384,0
629385,0
629386,0
629387,0
629388,0
629389,0
629390,0
629391,0
629392,0
629393,0
629394,0
629395,0
629396,0
629397,0
629398,0
629399,0
629400,0
629401,0
629402,0
629403,0
629404,0
629405,0
629406,0
629407,0
629408,0
629409,0
629410,0
629411,0
629412,0
629413,0
629414,0
629415,0
629416,0
629417,0
629418,0
629419,0
629420,0
629421,0
629422,0
629423,0
629424,0
629425,0
629426,0
629427,0
629428,0
629429,0
629430,0
629431,0
629432,0
629433,0
629434,0
629435,0
629436,0
629437,0
629438,0
629439,0
629440,0
629441,0
629442,0
629443,0
629444,0
629445,0
629446,0
629447,0
629448,0
629449,0
629450,0
629451,0
629452,0
629453,0
629454,0
629455,0
629456,0
629457,0
629458,0
629459,0
629460,0
629461,0
629462,0
629463,0
629464,0
629465,0
629466,0
629467,0
629468,0
629469,0
629470,0
629471,0
629472,0
629473,0
629474,0
629475,0
629476,0
629477,0
629478,0
629479,0
629480,0
629481,0
629482,0
629483,0
629484,0
629485,0
629486,0
629487,0
629488,0
629489,0
629490,0
629491,0
629492,0
629493,0
629494,0
629495,0
629496,0
629497,0
629498,0
629499,0
629500,0
629501,0
629502,0
629503,0
629504,0
629505,0
629506,0
629507,0
629508,0
629509,0
629510,0
629511,0
629512,0
629513,0
629514,0
629515,0
629516,0
629517,0
629518,0
629519,0
629520,0
629521,0
629522,0
629523,0
629524,0
629525,0
629526,0
629527,0
629528,0
629529,0
629530,0
629531,0
629532,0
629533,0
629534,0
629535,0
629536,0
629537,0
629538,0
629539,0
629540,0
629541,0
629542,0
629543,0
629544,0
629545,0
629546,0
629547,0
629548,0
629549,0
629550,0
629551,0
629552,0
629553,0
629554,0
629555,0
629556,0
629557,0
629558,0
629559,0
629560,0
629561,0
629562,0
629563,0
629564,0
629565,0
629566,0
629567,0
629568,0
629569,0
629570,0
629571,0
629572,0
629573,0
629574,0
629575,0
629576,0
629577,0
629578,0
629579,0
629580,0
629581,0
629582,0
629583,0
629584,0
629585,0
629586,0
629587,0
629588,0
629589,0
629590,0
629591,0
629592,0
629593,0
629594,0
629595,0
629596,0
629597,0
629598,0
629599,0
629600,0
629601,0
629602,0
629603,0
629604,0
629605,0
629606,0
629607,0
629608,0
629609,0
629610,0
629611,0
629612,0
629613,0
629614,0
629615,0
629616,0
629617,0
629618,0
629619,0
629620,0
629621,0
629622,0
629623,0
629624,0
629625,0
629626,0
629627,0
629628,0
629629,0
629630,0
629631,0
629632,0
629633,0
629634,0
629635,0
629636,0
629637,0
629638,0
629639,0
629640,0
629641,0
629642,0
629643,0
629644,0
629645,0
629646,0
629647,0
629648,0
629649,0
629650,0
629651,0
629652,0
629653,0
629654,0
629655,0
629656,0
629657,0
629658,0
629659,0
629660,0
629661,0
629662,0
629663,0
629664,0
629665,0
629666,0
629667,0
629668,0
629669,0
629670,0
629671,0
629672,0
629673,0
629674,0
629675,0
629676,0
629677,0
629678,0
629679,0
629680,0
629681,0
629682,0
629683,0
629684,0
629685,0
629686,0
629687,0
629688,0
629689,0
629690,0
629691,0
629692,0
629693,0
629694,0
629695,0
629696,0
629697,0
629698,0
629699,0
629700,0
629701,0
629702,0
629703,0
629704,0
629705,0
629706,0
629707,0
629708,0
629709,0
629710,0
629711,0
629712,0
629713,0
629714,0
629715,0
629716,0
629717,0
629718,0
629719,0
629720,0
629721,0
629722,0
629723,0
629724,0
629725,0
629726,0
629727,0
629728,0
629729,0
629730,0
629731,0
629732,0
629733,0
629734,0
629735,0
629736,0
629737,0
629738,0
629739,0
629740,0
629741,0
629742,0
629743,0
629744,0
629745,0
629746,0
629747,0
629748,0
629749,0
629750,0
629751,0
629752,0
629753,0
629754,0
629755,0
629756,0
629757,0
629758,0
629759,0
629760,0
629761,0
629762,0
629763,0
629764,0
629765,0
629766,0
629767,0
629768,0
629769,0
629770,0
629771,0
629772,0
629773,0
629774,0
629775,0
629776,0
629777,0
629778,0
629779,0
629780,0
629781,0
629782,0
629783,0
629784,0
629785,0
629786,0
629787,0
629788,0
629789,0
629790,0
629791,0
629792,0
629793,0
629794,0
629795,0
629796,0
629797,0
629798,0
629799,0
629800,0
629801,0
629802,0
629803,0
629804,0
629805,0
629806,0
629807,0
629808,0
629809,0
629810,0
629811,0
629812,0
629813,0
629814,0
629815,1
629816,0
629817,0
629818,0
629819,0
629820,0
629821,0
629822,0
629823,0
629824,0
629825,0
629826,0
629827,0
629828,0
629829,0
629830,0
629831,0
629832,0
629833,0
629834,0
629835,0
629836,0
629837,0
629838,0
629839,0
629840,0
629841,0
629842,0
629843,0
629844,0
629845,0
629846,0
629847,0
629848,0
629849,0
629850,0
629851,0
629852,0
629853,0
629854,0
629855,0
629856,0
629857,0
629858,0
629859,0
629860,0
629861,0
629862,0
629863,0
629864,0
629865,0
629866,0
629867,0
629868,0
629869,0
629870,0
629871,0
629872,0
629873,0
629874,0
629875,0
629876,0
629877,0
629878,0
629879,0
629880,0
629881,0
629882,0
629883,0
629884,0
629885,0
629886,0
629887,0
629888,0
629889,0
629890,0
629891,0
629892,0
629893,0
629894,0
629895,0
629896,0
629897,0
629898,0
629899,0
629900,0
629901,0
629902,0
629903,0
629904,0
629905,0
629906,0
629907,0
629908,0
629909,0
629910,0
629911,0
629912,0
629913,0
629914,0
629915,0
629916,0
629917,0
629918,0
629919,0
629920,0
629921,1
629922,2
629923,3
629924,2
629925,0
629926,0
629927,1
629928,1
629929,1
629930,3
629931,4
629932,6
629933,0
629934,0
629935,0
629936,9
629937,0
629938,1
629939,4
629940,0
629941,3
629942,1
629943,0
629944,0
629945,0
629946,2
629947,0
629948,0
629949,0
629950,2
629951,0
629952,0
629953,0
629954,0
629955,0
629956,0
629957,0
629958,0
629959,0
629960,0
629961,0
629962,0
629963,0
629964,1
629965,0
629966,3
629967,3
629968,0
629969,0
629970,2
629971,0
629972,0
629973,0
629974,0
629975,0
629976,0
629977,7
629978,1
629979,5
629980,0
629981,4
629982,0
629983,0
629984,5
629985,0
629986,0
629987,0
629988,0
629989,3
629990,0
629991,0
629992,0
629993,0
629994,0
629995,0
629996,0
629997,0
629998,0
629999,0
630000,0
630001,0
630002,0
630003,0
630004,0
630005,0
630006,0
630007,0
630008,0
630009,0
630010,0
630011,0
630012,2
630013,0
630014,0
630015,3
630016,0
630017,0
630018,0
630019,0
630020,0
630021,0
630022,0
630023,0
630024,0
630025,4
630026,0
630027,6
630028,9
630029,0
630030,0
630031,0
630032,0
630033,5
630034,0
630035,0
630036,2
630037,0
630038,0
630039,4
630040,0
630041,5
630042,0
630043,0
630044,0
630045,0
630046,0
630047,2
630048,0
630049,0
630050,0
630051,6
630052,2
630053,0
630054,0
630055,2
630056,0
630057,2
630058,0
630059,7
630060,0
630061,0
630062,0
630063,0
630064,0
630065,0
630066,1
630067,0
630068,0
630069,3
630070,0
630071,0
630072,0
630073,0
630074,0
630075,0
630076,0
630077,0
630078,0
630079,0
630080,0
630081,0
630082,0
630083,0
630084,30
630085,0
630086,36
630087,0
630088,36
630089,0
630090,0
630091,0
630092,0
630093,30
630094,0
630095,0
630096,0
630097,0
630098,0
630099,0
630100,0
630101,0
630102,0
630103,0
630104,0
630105,0
630106,0
630107,0
630108,26
630109,0
630110,0
630111,0
630112,0
630113,0
630114,0
630115,0
630116,0
630117,39
630118,0
630119,0
630120,0
630121,0
630122,22
630123,0
630124,0
630125,0
630126,0
630127,0
630128,34
630129,0
630130,0
630131,0
630132,36
630133,0
630134,0
630135,30
630136,0
630137,0
630138,26
630139,0
630140,0
630141,66
630142,0
630143,0
630144,0
630145,0
630146,0
630147,0
630148,35
630149,0
630150,0
630151,0
630152,36
630153,31
630154,0
630155,0
630156,0
630157,0
630158,0
630159,0
630160,38
630161,0
630162,0
630163,0
630164,0
630165,0
630166,34
630167,0
630168,0
630169,0
630170,23
630171,0
630172,0
630173,0
630174,0
630175,0
630176,0
630177,0
630178,0
630179,0
630180,0
630181,0
630182,0
630183,0
630184,0
630185,0
630186,0
630187,0
630188,0
630189,0
630190,48
630191,0
630192,0
630193,0
630194,0
630195,47
630196,0
630197,0
630198,0
630199,33
630200,0
630201,32
630202,46
630203,0
630204,0
630205,27
630206,30
630207,0
630208,0
630209,0
630210,37
630211,0
630212,0
630213,0
630214,0
630215,0
630216,0
630217,0
630218,40
630219,0
630220,0
630221,48
630222,0
630223,0
630224,0
630225,21
630226,0
630227,0
630228,41
630229,0
630230,0
630231,0
630232,0
630233,0
630234,0
630235,0
630236,40
630237,0
630238,0
630239,0
630240,0
630241,18
630242,0
630243,0
630244,0
630245,0
630246,0
630247,0
630248,27
630249,0
630250,0
630251,0
630252,0
630253,0
630254,0
630255,0
630256,0
630257,0
630258,0
630259,0
630260,0
630261,31
630262,0
630263,0
630264,0
630265,0
630266,0
630267,0
630268,0
630269,0
630270,0
630271,0
630272,0
630273,0
630274,0
630275,29
630276,0
630277,36
630278,35
630279,0
630280,0
630281,0
630282,0
630283,0
630284,0
630285,0
630286,30
630287,0
630288,0
630289,21
630290,0
630291,0
630292,0
630293,0
630294,0
630295,0
630296,0
630297,0
630298,0
630299,22
630300,54
630301,0
630302,0
630303,0
630304,0
630305,0
630306,34
630307,0
630308,0
630309,0
630310,35
630311,0
630312,31
630313,0
630314,0
630315,0
630316,0
630317,0
630318,0
630319,0
630320,41
630321,0
630322,0
630323,0
630324,0
630325,0
630326,0
630327,19
630328,20
630329,0
630330,0
630331,0
630332,31
630333,0
630334,0
630335,0
630336,0
630337,0
630338,0
630339,24
630340,0
630341,24
630342,0
630343,0
630344,0
630345,0
630346,34
630347,0
630348,0
630349,0
630350,0
630351,0
630352,0
630353,33
630354,36
630355,0
630356,0
630357,0
630358,37
630359,0
630360,0
630361,53
630362,0
630363,0
630364,0
630365,0
630366,0
630367,0
630368,0
630369,0
630370,0
630371,0
630372,0
630373,0
630374,0
630375,0
630376,0
630377,0
630378,0
630379,39
630380,33
630381,0
630382,0
630383,0
630384,0
630385,0
630386,0
630387,0
630388,20
630389,0
630390,0
630391,0
630392,24
630393,0
630394,0
630395,0
630396,0
630397,34
630398,0
630399,0
630400,0
630401,0
630402,39
630403,0
630404,0
630405,0
630406,0
630407,0
630408,0
630409,33
630410,0
630411,0
630412,33
630413,0
630414,33
630415,0
630416,0
630417,0
630418,0
630419,0
630420,0
630421,21
630422,0
630423,0
630424,0
630425,0
630426,0
630427,0
630428,0
630429,38
630430,0
630431,0
630432,21
630433,0
630434,0
630435,0
630436,0
630437,0
630438,0
630439,43
630440,0
630441,43
630442,0
630443,0
630444,0
630445,0
630446,36
630447,0
630448,0
630449,0
630450,30
630451,0
630452,26
630453,0
630454,0
630455,0
630456,0
630457,0
630458,0
630459,43
630460,22
630461,0
630462,0
630463,29
630464,0
630465,0
630466,0
630467,19
630468,29
630469,0
630470,0
630471,30
630472,0
630473,0
630474,0
630475,0
630476,0
630477,31
630478,0
630479,0
630480,0
630481,0
630482,0
630483,29
630484,0
630485,0
630486,0
630487,0
630488,31
630489,34
630490,0
630491,0
630492,44
630493,0
630494,26
630495,0
630496,0
630497,0
630498,46
630499,0
630500,0
630501,0
630502,12
630503,0
630504,37
630505,37
630506,0
630507,0
630508,51
630509,0
630510,24
630511,0
630512,35
630513,0
630514,0
630515,20
630516,0
630517,0
630518,0
630519,0
630520,0
630521,0
630522,0
630523,28
630524,0
630525,0
630526,0
630527,0
630528,0
630529,0
630530,35
630531,0
630532,0
630533,0
630534,0
630535,0
630536,0
630537,43
630538,0
630539,0
630540,0
630541,0
630542,0
630543,0
630544,0
630545,0
630546,0
630547,0
630548,0
630549,0
630550,0
630551,0
630552,0
630553,0
630554,0
630555,0
630556,0
630557,0
630558,0
630559,0
630560,44
630561,33
630562,0
630563,0
630564,52
630565,0
630566,0
630567,0
630568,0
630569,0
630570,0
630571,0
630572,0
630573,0
630574,0
630575,0
630576,0
630577,27
630578,0
630579,21
630580,0
630581,0
630582,0
630583,0
630584,0
630585,0
630586,35
630587,0
630588,17
630589,0
630590,0
630591,0
630592,0
630593,0
630594,24
630595,0
630596,0
630597,26
630598,0
630599,27
630600,0
630601,0
630602,0
630603,43
630604,0
630605,0
630606,0
630607,0
630608,0
630609,25
630610,0
630611,0
630612,0
630613,0
630614,0
630615,0
630616,0
630617,33
630618,0
630619,0
630620,0
630621,0
630622,0
630623,0
630624,0
630625,0
630626,0
630627,0
630628,0
630629,0
630630,0
630631,26
630632,43
630633,0
630634,0
630635,0
630636,0
630637,25
630638,0
630639,30
630640,29
630641,0
630642,0
630643,0
630644,0
630645,0
630646,27
630647,0
630648,0
630649,0
630650,0
630651,0
630652,0
630653,34
630654,0
630655,0
630656,0
630657,0
630658,0
630659,0
630660,0
630661,0
630662,0
630663,0
630664,0
630665,0
630666,0
630667,0
630668,0
630669,0
630670,0
630671,0
630672,0
630673,0
630674,0
630675,0
630676,0
630677,0
630678,0
630679,0
630680,0
630681,0
630682,0
630683,0
630684,21
630685,0
630686,0
630687,0
630688,46
630689,31
630690,41
630691,0
630692,0
630693,0
630694,0
630695,29
630696,0
630697,0
630698,37
630699,0
630700,0
630701,0
630702,29
630703,32
630704,0
630705,0
630706,0
630707,33
630708,44
630709,0
630710,0
630711,0
630712,0
630713,0
630714,0
630715,0
630716,0
630717,0
630718,34
630719,0
630720,27
630721,20
630722,0
630723,49
630724,0
630725,0
630726,0
630727,50
630728,0
630729,0
630730,0
630731,0
630732,0
630733,0
630734,0
630735,0
630736,0
630737,0
630738,0
630739,0
630740,0
630741,0
630742,0
630743,0
630744,0
630745,0
630746,0
630747,0
630748,0
630749,0
630750,0
630751,0
630752,0
630753,0
630754,0
630755,0
630756,20
630757,0
630758,0
630759,0
630760,0
630761,0
630762,0
630763,0
630764,0
630765,0
630766,0
630767,0
630768,0
630769,0
630770,0
630771,0
630772,0
630773,0
630774,0
630775,0
630776,0
630777,0
630778,0
630779,0
630780,0
630781,0
630782,0
630783,0
630784,0
630785,0
630786,0
630787,0
630788,0
630789,0
630790,0
630791,0
630792,0
630793,0
630794,15
630795,12
630796,0
630797,14
630798,0
630799,0
630800,0
630801,0
630802,0
630803,30
630804,0
630805,0
630806,0
630807,0
630808,0
630809,0
630810,0
630811,11
630812,0
630813,0
630814,0
630815,0
630816,0
630817,0
630818,0
630819,20
630820,0
630821,0
630822,0
630823,0
630824,0
630825,0
630826,0
630827,0
630828,0
630829,25
630830,0
630831,20
630832,0
630833,0
630834,0
630835,0
630836,0
630837,0
630838,0
630839,0
630840,0
630841,0
630842,0
630843,0
630844,0
630845,0
630846,0
630847,0
630848,0
630849,0
630850,0
630851,0
630852,0
630853,0
630854,0
630855,0
630856,0
630857,0
630858,0
630859,16
630860,0
630861,0
630862,0
630863,0
630864,0
630865,0
630866,18
630867,0
630868,0
630869,0
630870,0
630871,0
630872,0
630873,0
630874,0
630875,0
630876,0
630877,0
630878,0
630879,0
630880,0
630881,0
630882,0
630883,0
630884,0
630885,0
630886,0
630887,0
630888,0
630889,0
630890,0
630891,0
630892,0
630893,0
630894,0
630895,0
630896,0
630897,0
630898,0
630899,0
630900,0
630901,0
630902,0
630903,0
630904,0
630905,0
630906,0
630907,0
630908,0
630909,0
630910,0
630911,0
630912,0
630913,0
630914,0
630915,0
630916,0
630917,0
630918,0
630919,0
630920,0
630921,0
630922,23
630923,0
630924,0
630925,0
630926,0
630927,0
630928,0
630929,12
630930,14
630931,0
630932,0
630933,0
630934,0
630935,0
630936,0
630937,0
630938,0
630939,0
630940,0
630941,0
630942,0
630943,0
630944,0
630945,18
630946,0
630947,0
630948,0
630949,0
630950,0
630951,0
630952,0
630953,0
630954,0
630955,0
630956,0
630957,0
630958,0
630959,0
630960,0
630961,0
630962,16
630963,0
630964,0
630965,0
630966,0
630967,0
630968,0
630969,0
630970,0
630971,0
630972,0
630973,0
630974,0
630975,0
630976,0
630977,0
630978,0
630979,0
630980,0
630981,22
630982,0
630983,0
630984,19
630985,0
630986,0
630987,0
630988,24
630989,20
630990,0
630991,0
630992,0
630993,0
630994,0
630995,0
630996,0
630997,0
630998,0
630999,0
631000,0
631001,0
631002,16
631003,0
631004,0
631005,0
631006,0
631007,0
631008,0
631009,0
631010,0
631011,0
631012,0
631013,0
631014,0
631015,0
631016,14
631017,0
631018,0
631019,0
631020,0
631021,0
631022,0
631023,0
631024,0
631025,0
631026,0
631027,0
631028,0
631029,14
631030,0
631031,0
631032,20
631033,0
631034,0
631035,0
631036,0
631037,0
631038,0
631039,0
631040,0
631041,0
631042,0
631043,0
631044,0
631045,0
631046,0
631047,0
631048,0
631049,0
631050,0
631051,0
631052,0
631053,0
631054,0
631055,0
631056,0
631057,0
631058,0
631059,0
631060,18
631061,0
631062,0
631063,0
631064,0
631065,0
631066,0
631067,0
631068,0
631069,0
631070,0
631071,0
631072,0
631073,0
631074,0
631075,0
631076,0
631077,0
631078,0
631079,0
631080,0
631081,0
631082,0
631083,0
631084,0
631085,11
631086,0
631087,0
631088,0
631089,0
631090,0
631091,22
631092,0
631093,0
631094,0
631095,17
631096,0
631097,0
631098,0
631099,0
631100,0
631101,0
631102,0
631103,0
631104,0
631105,0
631106,0
631107,0
631108,0
631109,0
631110,0
631111,0
631112,0
631113,0
631114,20
631115,0
631116,0
631117,0
631118,17
631119,0
631120,0
631121,0
631122,0
631123,0
631124,0
631125,0
631126,0
631127,0
631128,0
631129,0
631130,0
631131,0
631132,0
631133,0
631134,0
631135,0
631136,0
631137,0
631138,0
631139,0
631140,0
631141,0
631142,0
631143,0
631144,0
631145,0
631146,0
631147,0
631148,0
631149,0
631150,22
631151,20
631152,0
631153,0
631154,0
631155,0
631156,0
631157,0
631158,0
631159,21
631160,0
631161,0
631162,0
631163,0
631164,0
631165,0
631166,0
631167,0
631168,0
631169,0
631170,0
631171,0
631172,0
631173,0
631174,0
631175,0
631176,0
631177,0
631178,0
631179,0
631180,0
631181,0
631182,0
631183,0
631184,0
631185,0
631186,0
631187,0
631188,25
631189,0
631190,0
631191,0
631192,0
631193,0
631194,0
631195,0
631196,0
631197,0
631198,0
631199,0
631200,0
631201,0
631202,0
631203,0
631204,0
631205,17
631206,16
631207,0
631208,0
631209,0
631210,0
631211,0
631212,0
631213,0
631214,0
631215,0
631216,9
631217,0
631218,0
631219,0
631220,17
631221,0
631222,0
631223,0
631224,0
631225,0
631226,0
631227,17
631228,0
631229,0
631230,0
631231,0
631232,0
631233,0
631234,0
631235,0
631236,0
631237,0
631238,0
631239,0
631240,0
631241,0
631242,0
631243,0
631244,0
631245,0
631246,25
631247,0
631248,0
631249,0
631250,0
631251,0
631252,20
631253,0
631254,0
631255,0
631256,0
631257,0
631258,0
631259,0
631260,0
631261,0
631262,0
631263,0
631264,0
631265,0
631266,0
631267,0
631268,0
631269,18
631270,0
631271,0
631272,0
631273,0
631274,0
631275,0
631276,0
631277,0
631278,0
631279,0
631280,0
631281,0
631282,0
631283,0
631284,0
631285,0
631286,0
631287,0
631288,0
631289,0
631290,0
631291,0
631292,0
631293,0
631294,24
631295,0
631296,0
631297,0
631298,23
631299,0
631300,0
631301,0
631302,0
631303,0
631304,0
631305,0
631306,0
631307,0
631308,0
631309,0
631310,0
631311,0
631312,0
631313,0
631314,0
631315,0
631316,0
631317,0
631318,0
631319,0
631320,20
631321,0
631322,0
631323,0
631324,0
631325,0
631326,0
631327,0
631328,0
631329,0
631330,0
631331,0
631332,0
631333,0
631334,0
631335,0
631336,0
631337,0
631338,0
631339,0
631340,0
631341,0
631342,0
631343,0
631344,0
631345,15
631346,0
631347,0
631348,0
631349,0
631350,0
631351,0
631352,0
631353,0
631354,0
631355,0
631356,0
631357,0
631358,0
631359,0
631360,0
631361,0
631362,0
631363,0
631364,0
631365,0
631366,0
631367,0
631368,0
631369,0
631370,0
631371,0
631372,0
631373,0
631374,0
631375,0
631376,0
631377,0
631378,21
631379,0
631380,0
631381,0
631382,20
631383,0
631384,0
631385,0
631386,0
631387,0
631388,0
631389,0
631390,0
631391,0
631392,0
631393,0
631394,0
631395,0
631396,31
631397,0
631398,0
631399,0
631400,0
631401,0
631402,0
631403,0
631404,0
631405,21
631406,0
631407,0
631408,0
631409,0
631410,0
631411,0
631412,0
631413,23
631414,0
631415,0
631416,0
631417,0
631418,0
631419,0
631420,0
631421,0
631422,0
631423,0
631424,0
631425,0
631426,0
631427,0
631428,20
631429,26
631430,0
631431,0
631432,22
631433,0
631434,0
631435,0
631436,0
631437,0
631438,0
631439,0
631440,0
631441,0
631442,0
631443,0
631444,0
631445,0
631446,0
631447,0
631448,0
631449,0
631450,0
631451,0
631452,0
631453,0
631454,0
631455,17
631456,0
631457,0
631458,0
631459,0
631460,0
631461,0
631462,0
631463,0
631464,0
631465,0
631466,19
631467,24
631468,0
631469,17
631470,0
631471,0
631472,0
631473,0
631474,0
631475,9
631476,25
631477,0
631478,0
631479,0
631480,11
631481,24
631482,0
631483,0
631484,0
631485,0
631486,0
631487,0
631488,0
631489,0
631490,0
631491,0
631492,0
631493,0
631494,0
631495,0
631496,0
631497,0
631498,0
631499,0
631500,0
631501,0
631502,0
631503,0
631504,0
631505,0
631506,0
631507,0
631508,0
631509,0
631510,23
631511,0
631512,0
631513,14
631514,18
631515,0
631516,0
631517,12
631518,0
631519,16
631520,0
631521,0
631522,0
631523,0
631524,0
631525,0
631526,0
631527,0
631528,0
631529,0
631530,0
631531,0
631532,0
631533,0
631534,0
631535,0
631536,0
631537,0
631538,0
631539,0
631540,0
631541,0
631542,0
631543,0
631544,0
631545,0
631546,0
631547,0
631548,0
631549,0
631550,26
631551,0
631552,0
631553,0
631554,0
631555,0
631556,0
631557,0
631558,0
631559,0
631560,0
631561,0
631562,0
631563,22
631564,0
631565,0
631566,0
631567,0
631568,0
631569,0
631570,0
631571,0
631572,0
631573,0
631574,0
631575,0
631576,0
631577,0
631578,0
631579,0
631580,0
631581,0
631582,0
631583,0
631584,0
631585,21
631586,0
631587,0
631588,0
631589,0
631590,0
631591,0
631592,0
631593,0
631594,16
631595,0
631596,0
631597,0
631598,0
631599,0
631600,0
631601,0
631602,0
631603,0
631604,0
631605,0
631606,0
631607,0
631608,0
631609,0
631610,0
631611,0
631612,0
631613,42
631614,0
631615,0
631616,0
631617,0
631618,0
631619,0
631620,0
631621,0
631622,30
631623,38
631624,0
631625,0
631626,0
631627,0
631628,0
631629,29
631630,0
631631,0
631632,0
631633,0
631634,27
631635,0
631636,0
631637,0
631638,0
631639,19
631640,0
631641,0
631642,0
631643,28
631644,0
631645,0
631646,33
631647,19
631648,0
631649,0
631650,0
631651,33
631652,0
631653,0
631654,0
631655,33
631656,0
631657,0
631658,0
631659,0
631660,0
631661,0
631662,20
631663,0
631664,0
631665,23
631666,0
631667,0
631668,0
631669,36
631670,0
631671,0
631672,22
631673,0
631674,0
631675,0
631676,0
631677,0
631678,0
631679,0
631680,0
631681,0
631682,0
631683,0
631684,0
631685,0
631686,0
631687,0
631688,0
631689,0
631690,0
631691,0
631692,0
631693,0
631694,0
631695,0
631696,0
631697,0
631698,0
631699,0
631700,0
631701,28
631702,0
631703,0
631704,30
631705,0
631706,0
631707,0
631708,0
631709,0
631710,0
631711,0
631712,0
631713,0
631714,0
631715,0
631716,0
631717,0
631718,0
631719,36
631720,50
631721,0
631722,0
631723,0
631724,0
631725,0
631726,0
631727,0
631728,0
631729,0
631730,0
631731,0
631732,43
631733,36
631734,0
631735,0
631736,0
631737,0
631738,0
631739,0
631740,22
631741,0
631742,0
631743,0
631744,0
631745,0
631746,0
631747,0
631748,0
631749,0
631750,0
631751,29
631752,0
631753,0
631754,0
631755,0
631756,0
631757,0
631758,0
631759,0
631760,0
631761,0
631762,0
631763,0
631764,23
631765,0
631766,0
631767,0
631768,0
631769,0
631770,0
631771,0
631772,0
631773,0
631774,29
631775,30
631776,0
631777,0
631778,0
631779,0
631780,0
631781,0
631782,31
631783,23
631784,0
631785,0
631786,0
631787,0
631788,0
631789,0
631790,39
631791,0
631792,0
631793,0
631794,0
631795,0
631796,0
631797,29
631798,29
631799,0
631800,0
631801,0
631802,0
631803,0
631804,0
631805,0
631806,0
631807,26
631808,23
631809,0
631810,0
631811,0
631812,0
631813,0
631814,0
631815,0
631816,0
631817,0
631818,0
631819,0
631820,0
631821,31
631822,0
631823,0
631824,0
631825,0
631826,33
631827,0
631828,26
631829,0
631830,0
631831,0
631832,0
631833,0
631834,0
631835,0
631836,0
631837,0
631838,0
631839,29
631840,0
631841,0
631842,0
631843,0
631844,0
631845,0
631846,0
631847,0
631848,0
631849,0
631850,0
631851,0
631852,19
631853,35
631854,0
631855,0
631856,43
631857,0
631858,19
631859,36
631860,0
631861,0
631862,31
631863,30
631864,0
631865,0
631866,21
631867,39
631868,0
631869,0
631870,0
631871,0
631872,0
631873,0
631874,0
631875,39
631876,26
631877,35
631878,0
631879,0
631880,35
631881,0
631882,0
631883,37
631884,0
631885,0
631886,31
631887,0
631888,0
631889,0
631890,0
631891,0
631892,0
631893,0
631894,23
631895,0
631896,0
631897,0
631898,0
631899,35
631900,0
631901,0
631902,0
631903,26
631904,0
631905,0
631906,0
631907,0
631908,0
631909,0
631910,0
631911,0
631912,0
631913,0
631914,0
631915,0
631916,0
631917,0
631918,0
631919,0
631920,0
631921,26
631922,0
631923,0
631924,0
631925,0
631926,0
631927,0
631928,37
631929,0
631930,0
631931,0
631932,0
631933,0
631934,31
631935,0
631936,32
631937,0
631938,0
631939,0
631940,0
631941,0
631942,0
631943,0
631944,36
631945,0
631946,0
631947,0
631948,0
631949,0
631950,0
631951,0
631952,0
631953,0
631954,0
631955,0
631956,0
631957,0
631958,0
631959,0
631960,31
631961,0
631962,24
631963,0
631964,37
631965,0
631966,0
631967,0
631968,0
631969,0
631970,0
631971,0
631972,0
631973,0
631974,27
631975,0
631976,38
631977,34
631978,47
631979,0
631980,0
631981,0
631982,40
631983,0
631984,0
631985,0
631986,0
631987,0
631988,0
631989,0
631990,0
631991,0
631992,0
631993,0
631994,0
631995,0
631996,36
631997,42
631998,13
631999,0
632000,0
632001,0
632002,0
632003,44
632004,0
632005,0
632006,0
632007,0
632008,0
632009,0
632010,0
632011,0
632012,0
632013,0
632014,0
632015,0
632016,0
632017,0
632018,32
632019,0
632020,0
632021,18
632022,25
632023,18
632024,0
632025,0
632026,23
632027,0
632028,29
632029,0
632030,0
632031,0
632032,0
632033,0
632034,29
632035,0
632036,0
632037,0
632038,0
632039,0
632040,0
632041,0
632042,0
632043,0
632044,0
632045,0
632046,0
632047,0
632048,0
632049,0
632050,0
632051,30
632052,0
632053,0
632054,0
632055,0
632056,37
632057,0
632058,0
632059,0
632060,0
632061,49
632062,0
632063,0
632064,0
632065,0
632066,35
632067,32
632068,0
632069,0
632070,0
632071,0
632072,0
632073,0
632074,0
632075,0
632076,0
632077,0
632078,0
632079,0
632080,0
632081,0
632082,0
632083,0
632084,0
632085,0
632086,46
632087,38
632088,0
632089,0
632090,0
632091,0
632092,0
632093,0
632094,0
632095,0
632096,0
632097,0
632098,0
632099,0
632100,0
632101,0
632102,0
632103,34
632104,30
632105,0
632106,0
632107,0
632108,0
632109,0
632110,0
632111,0
632112,28
632113,0
632114,0
632115,0
632116,0
632117,0
632118,21
632119,0
632120,33
632121,17
632122,0
632123,33
632124,0
632125,33
632126,0
632127,0
632128,0
632129,0
632130,0
632131,0
632132,0
632133,0
632134,0
632135,0
632136,0
632137,0
632138,0
632139,0
632140,0
632141,0
632142,0
632143,0
632144,0
632145,0
632146,0
632147,0
632148,0
632149,0
632150,0
632151,0
632152,0
632153,0
632154,0
632155,0
632156,0
632157,0
632158,0
632159,0
632160,0
632161,0
632162,0
632163,0
632164,0
632165,0
632166,0
632167,0
632168,0
632169,0
632170,0
632171,0
632172,0
632173,0
632174,0
632175,0
632176,0
632177,0
632178,0
632179,0
632180,0
632181,0
632182,0
632183,0
632184,0
632185,0
632186,0
632187,0
632188,0
632189,0
632190,0
632191,0
632192,0
632193,0
632194,0
632195,0
632196,14
632197,0
632198,0
632199,0
632200,0
632201,0
632202,9
632203,0
632204,0
632205,0
632206,0
632207,0
632208,0
632209,0
632210,8
632211,0
632212,0
632213,0
632214,0
632215,0
632216,0
632217,8
632218,0
632219,0
632220,0
632221,0
632222,0
632223,0
632224,0
632225,0
632226,0
632227,0
632228,0
632229,0
632230,0
632231,0
632232,0
632233,0
632234,14
632235,0
632236,0
632237,0
632238,0
632239,0
632240,0
632241,17
632242,0
632243,0
632244,0
632245,0
632246,0
632247,0
632248,0
632249,0
632250,12
632251,0
632252,0
632253,0
632254,0
632255,0
632256,0
632257,0
632258,0
632259,0
632260,0
632261,0
632262,0
632263,0
632264,0
632265,0
632266,0
632267,0
632268,0
632269,0
632270,0
632271,0
632272,0
632273,0
632274,0
632275,0
632276,0
632277,0
632278,0
632279,0
632280,0
632281,0
632282,0
632283,0
632284,0
632285,0
632286,0
632287,0
632288,0
632289,0
632290,0
632291,0
632292,0
632293,0
632294,0
632295,0
632296,0
632297,0
632298,0
632299,0
632300,0
632301,0
632302,0
632303,0
632304,0
632305,0
632306,0
632307,0
632308,0
632309,0
632310,0
632311,0
632312,0
632313,0
632314,0
632315,0
632316,0
632317,0
632318,0
632319,0
632320,0
632321,0
632322,0
632323,4
632324,0
632325,0
632326,0
632327,0
632328,0
632329,0
632330,0
632331,0
632332,0
632333,1
632334,5
632335,0
632336,0
632337,0
632338,0
632339,0
632340,0
632341,0
632342,0
632343,0
632344,0
632345,0
632346,0
632347,0
632348,0
632349,0
632350,0
632351,0
632352,0
632353,0
632354,0
632355,0
632356,0
632357,0
632358,1
632359,0
632360,0
632361,0
632362,0
632363,0
632364,2
632365,0
632366,0
632367,0
632368,0
632369,0
632370,0
632371,0
632372,0
632373,0
632374,0
632375,0
632376,0
632377,0
632378,0
632379,0
632380,0
632381,0
632382,0
632383,0
632384,2
632385,0
632386,0
632387,0
632388,0
632389,0
632390,0
632391,0
632392,2
632393,0
632394,0
632395,0
632396,0
632397,0
632398,0
632399,0
632400,0
632401,0
632402,0
632403,0
632404,0
632405,0
632406,0
632407,0
632408,0
632409,0
632410,0
632411,0
632412,0
632413,0
632414,0
632415,0
632416,0
632417,0
632418,0
632419,0
632420,0
632421,0
632422,0
632423,0
632424,0
632425,0
632426,0
632427,0
632428,0
632429,0
632430,0
632431,0
632432,0
632433,0
632434,11
632435,25
632436,0
632437,0
632438,0
632439,0
632440,0
632441,0
632442,0
632443,0
632444,24
632445,0
632446,0
632447,0
632448,0
632449,0
632450,0
632451,17
632452,0
632453,0
632454,0
632455,0
632456,0
632457,0
632458,0
632459,0
632460,0
632461,0
632462,13
632463,0
632464,29
632465,0
632466,0
632467,0
632468,0
632469,0
632470,0
632471,0
632472,0
632473,0
632474,0
632475,0
632476,0
632477,0
632478,0
632479,0
632480,0
632481,0
632482,0
632483,0
632484,0
632485,21
632486,0
632487,0
632488,0
632489,0
632490,0
632491,0
632492,0
632493,0
632494,0
632495,0
632496,0
632497,0
632498,0
632499,0
632500,0
632501,36
632502,0
632503,0
632504,0
632505,0
632506,0
632507,0
632508,0
632509,0
632510,0
632511,0
632512,0
632513,0
632514,0
632515,25
632516,0
632517,0
632518,0
632519,14
632520,0
632521,0
632522,0
632523,0
632524,0
632525,0
632526,0
632527,0
632528,15
632529,0
632530,0
632531,0
632532,0
632533,0
632534,0
632535,0
632536,0
632537,0
632538,0
632539,0
632540,0
632541,0
632542,0
632543,0
632544,0
632545,0
632546,0
632547,0
632548,36
632549,0
632550,0
632551,0
632552,0
632553,0
632554,0
632555,0
632556,0
632557,0
632558,0
632559,0
632560,0
632561,0
632562,0
632563,0
632564,0
632565,18
632566,0
632567,0
632568,0
632569,0
632570,0
632571,0
632572,0
632573,14
632574,0
632575,0
632576,0
632577,0
632578,0
632579,0
632580,17
632581,0
632582,0
632583,0
632584,0
632585,0
632586,0
632587,0
632588,21
632589,27
632590,0
632591,0
632592,0
632593,0
632594,0
632595,0
632596,0
632597,0
632598,0
632599,0
632600,20
632601,0
632602,0
632603,0
632604,0
632605,0
632606,0
632607,0
632608,0
632609,0
632610,0
632611,0
632612,0
632613,0
632614,0
632615,0
632616,0
632617,29
632618,0
632619,0
632620,0
632621,0
632622,25
632623,0
632624,0
632625,0
632626,27
632627,0
632628,0
632629,0
632630,0
632631,0
632632,0
632633,36
632634,0
632635,0
632636,0
632637,23
632638,35
632639,0
632640,0
632641,0
632642,0
632643,0
632644,0
632645,0
632646,0
632647,0
632648,9
632649,0
632650,0
632651,0
632652,0
632653,9
632654,0
632655,0
632656,0
632657,16
632658,0
632659,0
632660,0
632661,0
632662,0
632663,0
632664,0
632665,0
632666,0
632667,0
632668,0
632669,0
632670,0
632671,0
632672,0
632673,0
632674,24
632675,0
632676,0
632677,0
632678,0
632679,0
632680,0
632681,0
632682,30
632683,0
632684,0
632685,0
632686,0
632687,28
632688,0
632689,0
632690,0
632691,0
632692,0
632693,0
632694,0
632695,32
632696,0
632697,0
632698,0
632699,37
632700,0
632701,0
632702,0
632703,36
632704,0
632705,0
632706,0
632707,0
632708,0
632709,0
632710,0
632711,0
632712,0
632713,0
632714,0
632715,0
632716,0
632717,0
632718,24
632719,0
632720,0
632721,0
632722,13
632723,0
632724,0
632725,0
632726,20
632727,0
632728,0
632729,0
632730,0
632731,23
632732,21
632733,0
632734,0
632735,0
632736,0
632737,0
632738,0
632739,0
632740,0
632741,0
632742,0
632743,0
632744,0
632745,0
632746,20
632747,0
632748,0
632749,0
632750,0
632751,0
632752,0
632753,0
632754,47
632755,0
632756,0
632757,0
632758,0
632759,0
632760,0
632761,0
632762,0
632763,0
632764,0
632765,0
632766,0
632767,0
632768,0
632769,0
632770,0
632771,0
632772,18
632773,0
632774,0
632775,0
632776,14
632777,0
632778,0
632779,0
632780,0
632781,0
632782,0
632783,0
632784,0
632785,0
632786,0
632787,0
632788,0
632789,0
632790,0
632791,0
632792,0
632793,0
632794,0
632795,0
632796,0
632797,0
632798,0
632799,0
632800,0
632801,0
632802,23
632803,0
632804,41
632805,0
632806,0
632807,0
632808,0
632809,0
632810,0
632811,0
632812,0
632813,0
632814,0
632815,0
632816,0
632817,0
632818,0
632819,0
632820,0
632821,0
632822,0
632823,0
632824,0
632825,23
632826,35
632827,0
632828,0
632829,0
632830,0
632831,0
632832,0
632833,27
632834,0
632835,0
632836,0
632837,17
632838,0
632839,0
632840,0
632841,0
632842,22
632843,24
632844,0
632845,0
632846,0
632847,0
632848,31
632849,0
632850,0
632851,0
632852,0
632853,0
632854,0
632855,0
632856,35
632857,0
632858,0
632859,0
632860,0
632861,0
632862,0
632863,0
632864,0
632865,0
632866,0
632867,0
632868,0
632869,0
632870,0
632871,0
632872,0
632873,0
632874,0
632875,0
632876,33
632877,0
632878,0
632879,0
632880,0
632881,0
632882,0
632883,0
632884,0
632885,0
632886,26
632887,0
632888,0
632889,0
632890,0
632891,0
632892,0
632893,0
632894,0
632895,0
632896,0
632897,0
632898,0
632899,0
632900,0
632901,33
632902,0
632903,0
632904,0
632905,0
632906,0
632907,0
632908,0
632909,0
632910,0
632911,0
632912,21
632913,0
632914,0
632915,0
632916,0
632917,0
632918,0
632919,0
632920,0
632921,0
632922,32
632923,0
632924,0
632925,0
632926,0
632927,0
632928,0
632929,0
632930,0
632931,0
632932,0
632933,0
632934,0
632935,0
632936,19
632937,14
632938,0
632939,0
632940,0
632941,0
632942,0
632943,0
632944,0
632945,0
632946,34
632947,0
632948,0
632949,0
632950,0
632951,0
632952,0
632953,0
632954,0
632955,0
632956,0
632957,0
632958,0
632959,0
632960,0
632961,0
632962,0
632963,0
632964,0
632965,0
632966,0
632967,0
632968,0
632969,0
632970,0
632971,0
632972,0
632973,0
632974,0
632975,0
632976,0
632977,0
632978,0
632979,0
632980,0
632981,0
632982,20
632983,0
632984,0
632985,0
632986,0
632987,0
632988,0
632989,0
632990,0
632991,0
632992,0
632993,0
632994,0
632995,0
632996,0
632997,0
632998,22
632999,0
633000,0
633001,45
633002,0
633003,0
633004,0
633005,0
633006,0
633007,0
633008,0
633009,0
633010,0
633011,0
633012,0
633013,0
633014,0
633015,0
633016,0
633017,0
633018,24
633019,0
633020,0
633021,0
633022,0
633023,0
633024,19
633025,0
633026,22
633027,0
633028,19
633029,0
633030,16
633031,0
633032,0
633033,0
633034,0
633035,0
633036,0
633037,0
633038,0
633039,11
633040,27
633041,0
633042,0
633043,0
633044,0
633045,0
633046,0
633047,0
633048,0
633049,0
633050,29
633051,0
633052,0
633053,0
633054,0
633055,0
633056,0
633057,21
633058,0
633059,0
633060,14
633061,25
633062,0
633063,0
633064,0
633065,0
633066,0
633067,0
633068,0
633069,0
633070,0
633071,0
633072,0
633073,0
633074,0
633075,0
633076,0
633077,0
633078,0
633079,0
633080,0
633081,25
633082,0
633083,0
633084,0
633085,0
633086,0
633087,0
633088,0
633089,0
633090,0
633091,0
633092,0
633093,0
633094,0
633095,0
633096,0
633097,0
633098,0
633099,0
633100,0
633101,0
633102,0
633103,0
633104,0
633105,0
633106,0
633107,0
633108,0
633109,0
633110,0
633111,0
633112,0
633113,0
633114,0
633115,0
633116,0
633117,0
633118,0
633119,0
633120,0
633121,25
633122,0
633123,0
633124,0
633125,0
633126,0
633127,0
633128,0
633129,0
633130,0
633131,0
633132,0
633133,0
633134,0
633135,0
633136,14
633137,0
633138,0
633139,0
633140,0
633141,0
633142,0
633143,0
633144,0
633145,0
633146,0
633147,0
633148,0
633149,21
633150,0
633151,0
633152,0
633153,0
633154,18
633155,0
633156,0
633157,0
633158,0
633159,0
633160,0
633161,19
633162,0
633163,0
633164,0
633165,20
633166,8
633167,0
633168,16
633169,0
633170,0
633171,0
633172,14
633173,0
633174,0
633175,0
633176,22
633177,21
633178,15
633179,0
633180,19
633181,0
633182,0
633183,0
633184,0
633185,0
633186,19
633187,0
633188,0
633189,0
633190,0
633191,0
633192,0
633193,0
633194,0
633195,0
633196,0
633197,0
633198,5
633199,0
633200,0
633201,0
633202,21
633203,0
633204,0
633205,22
633206,0
633207,0
633208,0
633209,0
633210,0
633211,18
633212,0
633213,12
633214,0
633215,0
633216,17
633217,0
633218,0
633219,0
633220,18
633221,14
633222,14
633223,0
633224,0
633225,0
633226,0
633227,16
633228,15
633229,0
633230,0
633231,0
633232,0
633233,0
633234,0
633235,0
633236,0
633237,21
633238,0
633239,0
633240,0
633241,16
633242,0
633243,0
633244,0
633245,19
633246,0
633247,0
633248,0
633249,15
633250,0
633251,24
633252,0
633253,0
633254,0
633255,24
633256,0
633257,0
633258,0
633259,0
633260,0
633261,0
633262,0
633263,0
633264,10
633265,0
633266,0
633267,0
633268,20
633269,0
633270,0
633271,17
633272,11
633273,0
633274,0
633275,0
633276,0
633277,0
633278,0
633279,14
633280,19
633281,11
633282,0
633283,0
633284,0
633285,0
633286,0
633287,0
633288,0
633289,0
633290,0
633291,17
633292,0
633293,0
633294,0
633295,0
633296,12
633297,0
633298,0
633299,0
633300,16
633301,0
633302,0
633303,0
633304,0
633305,0
633306,0
633307,0
633308,0
633309,18
633310,0
633311,0
633312,0
633313,0
633314,0
633315,0
633316,27
633317,17
633318,0
633319,0
633320,0
633321,0
633322,0
633323,0
633324,0
633325,0
633326,0
633327,0
633328,0
633329,0
633330,0
633331,0
633332,15
633333,0
633334,23
633335,20
633336,0
633337,0
633338,0
633339,0
633340,0
633341,0
633342,0
633343,0
633344,0
633345,9
633346,0
633347,0
633348,13
633349,0
633350,0
633351,0
633352,0
633353,0
633354,12
633355,0
633356,0
633357,0
633358,0
633359,0
633360,0
633361,11
633362,0
633363,20
633364,0
633365,0
633366,0
633367,0
633368,0
633369,0
633370,0
633371,0
633372,10
633373,0
633374,14
633375,0
633376,0
633377,0
633378,0
633379,0
633380,21
633381,0
633382,0
633383,0
633384,0
633385,0
633386,0
633387,14
633388,0
633389,0
633390,19
633391,0
633392,0
633393,17
633394,0
633395,0
633396,11
633397,0
633398,0
633399,0
633400,12
633401,0
633402,0
633403,13
633404,20
633405,0
633406,17
633407,16
633408,0
633409,16
633410,0
633411,0
633412,0
633413,0
633414,14
633415,0
633416,0
633417,0
633418,0
633419,0
633420,0
633421,0
633422,16
633423,0
633424,0
633425,0
633426,0
633427,0
633428,12
633429,13
633430,13
633431,12
633432,0
633433,0
633434,23
633435,0
633436,0
633437,0
633438,14
633439,0
633440,0
633441,0
633442,0
633443,0
633444,0
633445,0
633446,13
633447,11
633448,0
633449,0
633450,0
633451,0
633452,0
633453,0
633454,0
633455,0
633456,20
633457,0
633458,0
633459,0
633460,0
633461,0
633462,0
633463,16
633464,0
633465,0
633466,17
633467,0
633468,0
633469,0
633470,0
633471,0
633472,0
633473,0
633474,0
633475,0
633476,0
633477,10
633478,0
633479,0
633480,0
633481,0
633482,0
633483,19
633484,0
633485,0
633486,0
633487,0
633488,17
633489,0
633490,0
633491,15
633492,10
633493,0
633494,13
633495,0
633496,18
633497,0
633498,23
633499,0
633500,0
633501,0
633502,0
633503,0
633504,0
633505,20
633506,0
633507,0
633508,0
633509,15
633510,0
633511,0
633512,0
633513,0
633514,16
633515,0
633516,12
633517,0
633518,0
633519,20
633520,0
633521,15
633522,0
633523,0
633524,0
633525,0
633526,11
633527,9
633528,0
633529,21
633530,9
633531,0
633532,17
633533,0
633534,0
633535,0
633536,0
633537,0
633538,0
633539,0
633540,0
633541,0
633542,0
633543,0
633544,17
633545,0
633546,0
633547,20
633548,0
633549,0
633550,0
633551,0
633552,0
633553,0
633554,0
633555,0
633556,0
633557,0
633558,0
633559,0
633560,0
633561,0
633562,0
633563,0
633564,0
633565,0
633566,27
633567,0
633568,0
633569,35
633570,0
633571,0
633572,0
633573,0
633574,0
633575,0
633576,0
633577,0
633578,29
633579,24
633580,0
633581,0
633582,0
633583,0
633584,0
633585,11
633586,0
633587,0
633588,13
633589,0
633590,0
633591,21
633592,0
633593,0
633594,0
633595,23
633596,0
633597,0
633598,0
633599,0
633600,12
633601,22
633602,0
633603,0
633604,0
633605,27
633606,0
633607,0
633608,27
633609,22
633610,12
633611,0
633612,0
633613,27
633614,0
633615,32
633616,0
633617,0
633618,20
633619,0
633620,24
633621,0
633622,34
633623,0
633624,0
633625,28
633626,0
633627,0
633628,0
633629,0
633630,0
633631,0
633632,0
633633,0
633634,29
633635,0
633636,30
633637,0
633638,0
633639,7
633640,0
633641,0
633642,0
633643,0
633644,18
633645,0
633646,0
633647,0
633648,0
633649,0
633650,0
633651,0
633652,0
633653,27
633654,0
633655,0
633656,0
633657,0
633658,0
633659,0
633660,0
633661,0
633662,0
633663,0
633664,13
633665,0
633666,0
633667,0
633668,0
633669,0
633670,0
633671,0
633672,0
633673,0
633674,26
633675,0
633676,0
633677,0
633678,0
633679,0
633680,0
633681,19
633682,0
633683,0
633684,0
633685,0
633686,0
633687,0
633688,0
633689,16
633690,12
633691,0
633692,26
633693,0
633694,0
633695,0
633696,0
633697,0
633698,0
633699,0
633700,0
633701,0
633702,0
633703,0
633704,13
633705,0
633706,0
633707,0
633708,0
633709,0
633710,0
633711,0
633712,0
633713,0
633714,0
633715,0
633716,0
633717,18
633718,0
633719,0
633720,40
633721,26
633722,24
633723,0
633724,20
633725,0
633726,21
633727,0
633728,27
633729,0
633730,0
633731,0
633732,0
633733,19
633734,0
633735,0
633736,28
633737,0
633738,19
633739,0
633740,18
633741,36
633742,32
633743,0
633744,0
633745,0
633746,0
633747,18
633748,19
633749,0
633750,21
633751,0
633752,0
633753,0
633754,0
633755,0
633756,0
633757,0
633758,0
633759,8
633760,0
633761,0
633762,0
633763,0
633764,0
633765,23
633766,18
633767,23
633768,0
633769,0
633770,0
633771,0
633772,0
633773,0
633774,0
633775,0
633776,0
633777,0
633778,0
633779,0
633780,0
633781,0
633782,0
633783,24
633784,0
633785,24
633786,0
633787,0
633788,0
633789,20
633790,0
633791,0
633792,0
633793,0
633794,0
633795,0
633796,0
633797,0
633798,0
633799,0
633800,0
633801,0
633802,0
633803,44
633804,25
633805,12
633806,0
633807,0
633808,13
633809,22
633810,33
633811,14
633812,22
633813,26
633814,0
633815,15
633816,0
633817,0
633818,24
633819,0
633820,0
633821,0
633822,0
633823,0
633824,0
633825,27
633826,16
633827,5
633828,0
633829,0
633830,22
633831,0
633832,0
633833,0
633834,0
633835,0
633836,0
633837,0
633838,22
633839,0
633840,0
633841,0
633842,0
633843,0
633844,0
633845,28
633846,0
633847,0
633848,0
633849,0
633850,17
633851,0
633852,18
633853,0
633854,0
633855,0
633856,0
633857,0
633858,0
633859,0
633860,0
633861,0
633862,0
633863,0
633864,0
633865,0
633866,0
633867,0
633868,0
633869,0
633870,32
633871,0
633872,12
633873,0
633874,22
633875,0
633876,0
633877,24
633878,0
633879,0
633880,0
633881,0
633882,0
633883,0
633884,0
633885,0
633886,0
633887,0
633888,0
633889,9
633890,44
633891,31
633892,0
633893,0
633894,0
633895,20
633896,0
633897,0
633898,0
633899,0
633900,43
633901,0
633902,0
633903,22
633904,0
633905,0
633906,26
633907,0
633908,0
633909,15
633910,9
633911,0
633912,0
633913,0
633914,17
633915,0
633916,0
633917,0
633918,0
633919,0
633920,0
633921,23
633922,0
633923,0
633924,21
633925,0
633926,23
633927,0
633928,0
633929,0
633930,0
633931,0
633932,0
633933,16
633934,0
633935,0
633936,24
633937,0
633938,0
633939,0
633940,32
633941,0
633942,0
633943,27
633944,0
633945,0
633946,27
633947,0
633948,0
633949,0
633950,0
633951,0
633952,0
633953,0
633954,0
633955,0
633956,40
633957,0
633958,0
633959,0
633960,0
633961,0
633962,0
633963,0
633964,0
633965,19
633966,0
633967,26
633968,0
633969,31
633970,0
633971,21
633972,0
633973,0
633974,28
633975,0
633976,24
633977,30
633978,36
633979,0
633980,0
633981,0
633982,0
633983,0
633984,0
633985,0
633986,0
633987,0
633988,10
633989,15
633990,27
633991,0
633992,0
633993,30
633994,7
633995,0
633996,0
633997,0
633998,0
633999,0
634000,0
634001,0
634002,0
634003,0
634004,13
634005,0
634006,0
634007,0
634008,0
634009,30
634010,0
634011,0
634012,0
634013,0
634014,32
634015,0
634016,0
634017,0
634018,0
634019,0
634020,46
634021,0
634022,0
634023,0
634024,0
634025,0
634026,0
634027,0
634028,0
634029,28
634030,6
634031,20
634032,0
634033,0
634034,0
634035,18
634036,0
634037,0
634038,0
634039,0
634040,14
634041,0
634042,0
634043,0
634044,0
634045,0
634046,0
634047,0
634048,0
634049,0
634050,0
634051,0
634052,0
634053,0
634054,0
634055,0
634056,0
634057,25
634058,0
634059,21
634060,0
634061,19
634062,0
634063,0
634064,0
634065,0
634066,0
634067,0
634068,0
634069,0
634070,0
634071,0
634072,0
634073,11
634074,0
634075,0
634076,0
634077,0
634078,0
634079,19
634080,0
634081,0
634082,0
634083,0
634084,0
634085,0
634086,29
634087,0
634088,0
634089,0
634090,25
634091,28
634092,0
634093,0
634094,21
634095,0
634096,28
634097,42
634098,0
634099,0
634100,0
634101,0
634102,0
634103,0
634104,35
634105,0
634106,0
634107,29
634108,0
634109,0
634110,0
634111,0
634112,0
634113,0
634114,0
634115,0
634116,0
634117,0
634118,28
634119,0
634120,0
634121,29
634122,0
634123,0
634124,0
634125,0
634126,0
634127,0
634128,0
634129,0
634130,0
634131,0
634132,22
634133,0
634134,0
634135,33
634136,0
634137,0
634138,0
634139,0
634140,0
634141,0
634142,0
634143,0
634144,0
634145,0
634146,0
634147,0
634148,0
634149,0
634150,0
634151,0
634152,0
634153,0
634154,0
634155,0
634156,0
634157,0
634158,0
634159,0
634160,0
634161,0
634162,0
634163,0
634164,0
634165,0
634166,0
634167,0
634168,0
634169,0
634170,0
634171,0
634172,0
634173,0
634174,0
634175,24
634176,32
634177,0
634178,0
634179,0
634180,0
634181,24
634182,0
634183,0
634184,31
634185,0
634186,0
634187,0
634188,29
634189,0
634190,0
634191,0
634192,0
634193,0
634194,0
634195,0
634196,0
634197,31
634198,0
634199,0
634200,0
634201,0
634202,0
634203,0
634204,0
634205,0
634206,0
634207,0
634208,0
634209,0
634210,38
634211,30
634212,0
634213,0
634214,0
634215,0
634216,0
634217,0
634218,17
634219,0
634220,0
634221,19
634222,0
634223,0
634224,0
634225,0
634226,0
634227,0
634228,0
634229,0
634230,0
634231,0
634232,0
634233,0
634234,0
634235,0
634236,0
634237,0
634238,0
634239,0
634240,0
634241,0
634242,0
634243,37
634244,25
634245,0
634246,0
634247,0
634248,0
634249,0
634250,0
634251,0
634252,0
634253,0
634254,0
634255,0
634256,0
634257,0
634258,26
634259,0
634260,26
634261,25
634262,0
634263,0
634264,32
634265,33
634266,26
634267,32
634268,0
634269,0
634270,0
634271,0
634272,0
634273,0
634274,0
634275,0
634276,0
634277,0
634278,0
634279,0
634280,0
634281,0
634282,0
634283,31
634284,0
634285,0
634286,0
634287,0
634288,33
634289,0
634290,0
634291,0
634292,0
634293,19
634294,0
634295,0
634296,0
634297,24
634298,0
634299,0
634300,0
634301,0
634302,24
634303,0
634304,0
634305,33
634306,0
634307,0
634308,0
634309,0
634310,0
634311,0
634312,24
634313,0
634314,0
634315,23
634316,0
634317,0
634318,0
634319,0
634320,0
634321,0
634322,0
634323,0
634324,42
634325,0
634326,0
634327,0
634328,0
634329,0
634330,0
634331,34
634332,0
634333,0
634334,0
634335,0
634336,0
634337,36
634338,37
634339,0
634340,0
634341,0
634342,0
634343,0
634344,0
634345,0
634346,20
634347,26
634348,34
634349,24
634350,0
634351,0
634352,41
634353,0
634354,0
634355,23
634356,0
634357,0
634358,0
634359,0
634360,0
634361,0
634362,0
634363,0
634364,31
634365,34
634366,0
634367,28
634368,0
634369,0
634370,27
634371,24
634372,0
634373,0
634374,0
634375,0
634376,0
634377,41
634378,0
634379,0
634380,0
634381,0
634382,0
634383,0
634384,0
634385,27
634386,0
634387,0
634388,0
634389,36
634390,22
634391,0
634392,0
634393,0
634394,0
634395,0
634396,29
634397,0
634398,0
634399,0
634400,31
634401,18
634402,0
634403,0
634404,0
634405,0
634406,25
634407,0
634408,34
634409,0
634410,12
634411,0
634412,0
634413,0
634414,0
634415,0
634416,0
634417,0
634418,0
634419,0
634420,0
634421,0
634422,0
634423,0
634424,0
634425,0
634426,22
634427,0
634428,0
634429,42
634430,0
634431,0
634432,0
634433,0
634434,0
634435,0
634436,0
634437,0
634438,0
634439,0
634440,0
634441,0
634442,0
634443,0
634444,0
634445,0
634446,0
634447,0
634448,0
634449,0
634450,0
634451,0
634452,0
634453,0
634454,0
634455,0
634456,0
634457,0
634458,0
634459,0
634460,0
634461,0
634462,0
634463,0
634464,0
634465,0
634466,26
634467,36
634468,0
634469,0
634470,0
634471,0
634472,0
634473,0
634474,0
634475,0
634476,0
634477,0
634478,0
634479,0
634480,0
634481,0
634482,0
634483,0
634484,0
634485,0
634486,0
634487,0
634488,0
634489,0
634490,0
634491,0
634492,0
634493,0
634494,0
634495,0
634496,0
634497,0
634498,0
634499,0
634500,0
634501,0
634502,37
634503,23
634504,0
634505,22
634506,25
634507,0
634508,0
634509,0
634510,0
634511,0
634512,0
634513,0
634514,0
634515,0
634516,18
634517,0
634518,0
634519,0
634520,0
634521,0
634522,0
634523,0
634524,0
634525,0
634526,0
634527,0
634528,0
634529,0
634530,0
634531,23
634532,0
634533,0
634534,0
634535,0
634536,0
634537,0
634538,0
634539,0
634540,0
634541,0
634542,0
634543,0
634544,0
634545,0
634546,23
634547,26
634548,0
634549,0
634550,0
634551,34
634552,0
634553,0
634554,0
634555,0
634556,0
634557,34
634558,0
634559,0
634560,0
634561,0
634562,0
634563,0
634564,0
634565,0
634566,0
634567,0
634568,0
634569,0
634570,0
634571,0
634572,0
634573,0
634574,0
634575,0
634576,0
634577,0
634578,0
634579,0
634580,0
634581,0
634582,0
634583,42
634584,0
634585,0
634586,0
634587,0
634588,0
634589,0
634590,0
634591,0
634592,0
634593,0
634594,0
634595,0
634596,0
634597,0
634598,0
634599,0
634600,0
634601,0
634602,0
634603,0
634604,0
634605,0
634606,0
634607,0
634608,0
634609,51
634610,0
634611,0
634612,49
634613,0
634614,0
634615,37
634616,0
634617,0
634618,0
634619,0
634620,0
634621,0
634622,0
634623,0
634624,0
634625,0
634626,0
634627,0
634628,0
634629,0
634630,0
634631,0
634632,0
634633,0
634634,0
634635,0
634636,0
634637,0
634638,0
634639,0
634640,0
634641,0
634642,25
634643,0
634644,0
634645,0
634646,0
634647,0
634648,0
634649,35
634650,0
634651,0
634652,0
634653,0
634654,57
634655,0
634656,0
634657,0
634658,0
634659,0
634660,0
634661,0
634662,0
634663,0
634664,0
634665,43
634666,0
634667,0
634668,0
634669,0
634670,0
634671,0
634672,0
634673,0
634674,0
634675,0
634676,0
634677,0
634678,0
634679,0
634680,0
634681,0
634682,0
634683,0
634684,32
634685,0
634686,35
634687,44
634688,0
634689,0
634690,0
634691,41
634692,0
634693,0
634694,0
634695,0
634696,26
634697,0
634698,0
634699,0
634700,0
634701,0
634702,0
634703,0
634704,0
634705,34
634706,0
634707,44
634708,0
634709,0
634710,0
634711,0
634712,0
634713,43
634714,0
634715,0
634716,0
634717,0
634718,0
634719,0
634720,0
634721,0
634722,0
634723,0
634724,34
634725,0
634726,0
634727,0
634728,0
634729,0
634730,0
634731,0
634732,0
634733,0
634734,0
634735,0
634736,0
634737,0
634738,0
634739,0
634740,38
634741,38
634742,0
634743,0
634744,0
634745,0
634746,0
634747,0
634748,0
634749,0
634750,0
634751,0
634752,0
634753,0
634754,30
634755,41
634756,0
634757,0
634758,0
634759,35
634760,0
634761,0
634762,0
634763,0
634764,0
634765,0
634766,0
634767,0
634768,0
634769,0
634770,46
634771,31
634772,0
634773,0
634774,48
634775,0
634776,0
634777,35
634778,0
634779,0
634780,0
634781,0
634782,0
634783,0
634784,0
634785,0
634786,0
634787,0
634788,0
634789,0
634790,0
634791,0
634792,0
634793,44
634794,0
634795,0
634796,0
634797,0
634798,0
634799,0
634800,32
634801,55
634802,0
634803,0
634804,0
634805,0
634806,0
634807,0
634808,0
634809,0
634810,0
634811,48
634812,0
634813,0
634814,0
634815,0
634816,0
634817,0
634818,36
634819,0
634820,0
634821,0
634822,0
634823,0
634824,0
634825,0
634826,0
634827,0
634828,0
634829,0
634830,0
634831,0
634832,0
634833,0
634834,0
634835,43
634836,0
634837,0
634838,0
634839,34
634840,0
634841,0
634842,0
634843,0
634844,0
634845,0
634846,36
634847,0
634848,0
634849,0
634850,0
634851,35
634852,0
634853,44
634854,0
634855,0
634856,0
634857,0
634858,0
634859,0
634860,0
634861,0
634862,0
634863,43
634864,0
634865,0
634866,0
634867,0
634868,0
634869,0
634870,53
634871,0
634872,0
634873,0
634874,0
634875,0
634876,40
634877,0
634878,0
634879,0
634880,0
634881,42
634882,0
634883,0
634884,0
634885,0
634886,0
634887,37
634888,0
634889,0
634890,0
634891,0
634892,0
634893,0
634894,0
634895,0
634896,0
634897,0
634898,0
634899,0
634900,0
634901,0
634902,0
634903,0
634904,0
634905,0
634906,46
634907,0
634908,0
634909,0
634910,36
634911,36
634912,0
634913,0
634914,0
634915,0
634916,0
634917,0
634918,0
634919,36
634920,0
634921,0
634922,0
634923,0
634924,0
634925,0
634926,0
634927,0
634928,41
634929,0
634930,0
634931,0
634932,0
634933,0
634934,0
634935,39
634936,0
634937,0
634938,0
634939,0
634940,0
634941,0
634942,0
634943,0
634944,0
634945,37
634946,0
634947,0
634948,0
634949,0
634950,0
634951,0
634952,0
634953,0
634954,0
634955,0
634956,0
634957,0
634958,0
634959,0
634960,26
634961,41
634962,51
634963,0
634964,0
634965,0
634966,52
634967,0
634968,0
634969,34
634970,0
634971,41
634972,0
634973,0
634974,0
634975,27
634976,0
634977,0
634978,0
634979,0
634980,0
634981,0
634982,0
634983,47
634984,0
634985,0
634986,0
634987,0
634988,0
634989,0
634990,0
634991,0
634992,0
634993,0
634994,0
634995,0
634996,0
634997,0
634998,57
634999,0
635000,43
635001,0
635002,0
635003,0
635004,0
635005,0
635006,0
635007,0
635008,0
635009,0
635010,0
635011,0
635012,0
635013,0
635014,0
635015,56
635016,0
635017,0
635018,0
635019,0
635020,0
635021,0
635022,0
635023,0
635024,0
635025,0
635026,0
635027,0
635028,0
635029,52
635030,0
635031,0
635032,0
635033,0
635034,0
635035,0
635036,0
635037,38
635038,0
635039,0
635040,0
635041,0
635042,0
635043,0
635044,0
635045,0
635046,0
635047,35
635048,0
635049,0
635050,0
635051,0
635052,32
635053,0
635054,0
635055,0
635056,0
635057,0
635058,0
635059,0
635060,41
635061,49
635062,0
635063,0
635064,0
635065,0
635066,0
635067,0
635068,0
635069,0
635070,0
635071,0
635072,0
635073,0
635074,31
635075,0
635076,0
635077,0
635078,0
635079,0
635080,0
635081,0
635082,0
635083,0
635084,0
635085,11
635086,0
635087,43
635088,0
635089,0
635090,0
635091,44
635092,0
635093,0
635094,0
635095,0
635096,0
635097,0
635098,38
635099,0
635100,0
635101,0
635102,0
635103,0
635104,0
635105,0
635106,0
635107,0
635108,0
635109,0
635110,34
635111,0
635112,0
635113,0
635114,0
635115,0
635116,0
635117,26
635118,0
635119,0
635120,0
635121,0
635122,0
635123,0
635124,24
635125,0
635126,16
635127,0
635128,0
635129,0
635130,25
635131,32
635132,0
635133,17
635134,18
635135,0
635136,21
635137,0
635138,0
635139,0
635140,0
635141,0
635142,0
635143,0
635144,0
635145,0
635146,12
635147,0
635148,0
635149,0
635150,33
635151,0
635152,0
635153,0
635154,0
635155,21
635156,0
635157,0
635158,0
635159,14
635160,0
635161,26
635162,0
635163,0
635164,0
635165,0
635166,0
635167,22
635168,0
635169,23
635170,30
635171,0
635172,0
635173,33
635174,19
635175,0
635176,0
635177,0
635178,0
635179,15
635180,0
635181,0
635182,0
635183,0
635184,0
635185,20
635186,0
635187,0
635188,0
635189,0
635190,0
635191,0
635192,0
635193,0
635194,0
635195,0
635196,0
635197,0
635198,0
635199,0
635200,0
635201,0
635202,0
635203,25
635204,42
635205,31
635206,0
635207,0
635208,0
635209,0
635210,27
635211,0
635212,13
635213,42
635214,0
635215,0
635216,0
635217,0
635218,0
635219,0
635220,0
635221,24
635222,0
635223,0
635224,0
635225,29
635226,0
635227,0
635228,0
635229,0
635230,0
635231,30
635232,0
635233,0
635234,0
635235,0
635236,0
635237,0
635238,17
635239,0
635240,0
635241,15
635242,13
635243,30
635244,0
635245,0
635246,10
635247,23
635248,39
635249,0
635250,0
635251,0
635252,0
635253,17
635254,0
635255,0
635256,0
635257,0
635258,32
635259,35
635260,0
635261,0
635262,0
635263,0
635264,0
635265,0
635266,0
635267,0
635268,0
635269,0
635270,15
635271,20
635272,0
635273,0
635274,0
635275,0
635276,22
635277,14
635278,36
635279,0
635280,0
635281,25
635282,0
635283,0
635284,0
635285,0
635286,0
635287,0
635288,0
635289,0
635290,0
635291,17
635292,0
635293,0
635294,0
635295,0
635296,0
635297,0
635298,0
635299,0
635300,0
635301,10
635302,0
635303,0
635304,15
635305,0
635306,29
635307,0
635308,0
635309,0
635310,21
635311,0
635312,0
635313,32
635314,0
635315,0
635316,30
635317,0
635318,26
635319,0
635320,0
635321,30
635322,0
635323,0
635324,29
635325,24
635326,0
635327,0
635328,20
635329,0
635330,0
635331,26
635332,0
635333,0
635334,0
635335,0
635336,37
635337,0
635338,0
635339,16
635340,0
635341,0
635342,0
635343,0
635344,39
635345,0
635346,0
635347,0
635348,28
635349,0
635350,0
635351,0
635352,0
635353,0
635354,0
635355,0
635356,0
635357,29
635358,0
635359,0
635360,0
635361,35
635362,0
635363,0
635364,0
635365,0
635366,0
635367,0
635368,0
635369,0
635370,0
635371,0
635372,0
635373,0
635374,0
635375,0
635376,0
635377,0
635378,0
635379,0
635380,0
635381,0
635382,18
635383,0
635384,0
635385,31
635386,0
635387,0
635388,0
635389,0
635390,0
635391,37
635392,0
635393,0
635394,0
635395,0
635396,0
635397,0
635398,0
635399,27
635400,0
635401,0
635402,0
635403,0
635404,30
635405,18
635406,0
635407,27
635408,0
635409,21
635410,0
635411,0
635412,0
635413,23
635414,29
635415,0
635416,0
635417,0
635418,0
635419,0
635420,34
635421,10
635422,0
635423,25
635424,0
635425,0
635426,17
635427,0
635428,0
635429,0
635430,0
635431,0
635432,24
635433,29
635434,0
635435,0
635436,0
635437,0
635438,0
635439,0
635440,0
635441,23
635442,0
635443,0
635444,0
635445,0
635446,0
635447,0
635448,0
635449,0
635450,0
635451,0
635452,0
635453,0
635454,23
635455,51
635456,0
635457,0
635458,0
635459,0
635460,0
635461,0
635462,0
635463,0
635464,0
635465,0
635466,0
635467,0
635468,0
635469,0
635470,16
635471,0
635472,0
635473,0
635474,0
635475,0
635476,0
635477,0
635478,0
635479,0
635480,0
635481,0
635482,0
635483,17
635484,0
635485,18
635486,21
635487,0
635488,0
635489,0
635490,0
635491,0
635492,0
635493,14
635494,47
635495,0
635496,0
635497,0
635498,0
635499,0
635500,0
635501,0
635502,0
635503,0
635504,0
635505,0
635506,26
635507,37
635508,0
635509,19
635510,40
635511,0
635512,0
635513,0
635514,0
635515,34
635516,0
635517,0
635518,0
635519,25
635520,0
635521,0
635522,30
635523,0
635524,36
635525,42
635526,0
635527,0
635528,0
635529,0
635530,0
635531,0
635532,0
635533,30
635534,0
635535,0
635536,0
635537,0
635538,7
635539,0
635540,0
635541,11
635542,0
635543,0
635544,0
635545,0
635546,0
635547,0
635548,0
635549,0
635550,9
635551,0
635552,18
635553,13
635554,0
635555,0
635556,0
635557,0
635558,0
635559,0
635560,0
635561,15
635562,0
635563,0
635564,0
635565,0
635566,0
635567,0
635568,12
635569,0
635570,0
635571,0
635572,0
635573,0
635574,0
635575,0
635576,0
635577,0
635578,0
635579,0
635580,0
635581,0
635582,0
635583,0
635584,0
635585,0
635586,0
635587,0
635588,0
635589,0
635590,0
635591,0
635592,0
635593,0
635594,0
635595,0
635596,0
635597,12
635598,0
635599,0
635600,0
635601,0
635602,19
635603,0
635604,7
635605,0
635606,0
635607,0
635608,0
635609,13
635610,0
635611,0
635612,0
635613,0
635614,12
635615,0
635616,13
635617,0
635618,0
635619,17
635620,0
635621,21
635622,17
635623,0
635624,8
635625,0
635626,16
635627,18
635628,0
635629,0
635630,0
635631,0
635632,0
635633,0
635634,0
635635,0
635636,0
635637,0
635638,0
635639,0
635640,0
635641,0
635642,0
635643,0
635644,15
635645,0
635646,0
635647,0
635648,0
635649,0
635650,0
635651,0
635652,0
635653,0
635654,0
635655,0
635656,0
635657,20
635658,0
635659,0
635660,16
635661,0
635662,0
635663,0
635664,0
635665,22
635666,18
635667,0
635668,0
635669,0
635670,0
635671,0
635672,0
635673,0
635674,0
635675,0
635676,0
635677,24
635678,0
635679,0
635680,0
635681,0
635682,0
635683,0
635684,12
635685,0
635686,0
635687,0
635688,0
635689,0
635690,0
635691,0
635692,0
635693,24
635694,0
635695,0
635696,0
635697,0
635698,0
635699,0
635700,0
635701,0
635702,0
635703,0
635704,0
635705,0
635706,0
635707,0
635708,0
635709,0
635710,0
635711,0
635712,0
635713,12
635714,11
635715,0
635716,0
635717,0
635718,0
635719,0
635720,0
635721,0
635722,0
635723,0
635724,13
635725,0
635726,0
635727,18
635728,20
635729,0
635730,0
635731,0
635732,0
635733,0
635734,0
635735,0
635736,0
635737,0
635738,0
635739,0
635740,0
635741,0
635742,0
635743,0
635744,0
635745,0
635746,0
635747,0
635748,0
635749,0
635750,0
635751,0
635752,0
635753,0
635754,0
635755,10
635756,0
635757,0
635758,0
635759,9
635760,11
635761,0
635762,0
635763,0
635764,0
635765,12
635766,0
635767,0
635768,7
635769,0
635770,0
635771,0
635772,0
635773,0
635774,0
635775,0
635776,0
635777,13
635778,0
635779,0
635780,0
635781,8
635782,0
635783,0
635784,0
635785,0
635786,0
635787,0
635788,0
635789,0
635790,0
635791,0
635792,0
635793,0
635794,0
635795,0
635796,0
635797,0
635798,0
635799,16
635800,14
635801,0
635802,0
635803,14
635804,0
635805,0
635806,0
635807,0
635808,15
635809,0
635810,0
635811,0
635812,0
635813,0
635814,0
635815,0
635816,0
635817,0
635818,0
635819,0
635820,0
635821,0
635822,0
635823,0
635824,0
635825,0
635826,0
635827,0
635828,0
635829,0
635830,0
635831,0
635832,0
635833,0
635834,20
635835,0
635836,0
635837,0
635838,0
635839,0
635840,0
635841,0
635842,0
635843,0
635844,0
635845,19
635846,0
635847,0
635848,0
635849,0
635850,0
635851,20
635852,0
635853,0
635854,0
635855,0
635856,19
635857,0
635858,0
635859,0
635860,0
635861,0
635862,0
635863,0
635864,0
635865,0
635866,0
635867,0
635868,0
635869,0
635870,0
635871,0
635872,0
635873,0
635874,0
635875,0
635876,0
635877,0
635878,11
635879,0
635880,0
635881,0
635882,0
635883,0
635884,0
635885,14
635886,0
635887,0
635888,14
635889,0
635890,10
635891,0
635892,0
635893,0
635894,0
635895,0
635896,0
635897,0
635898,5
635899,0
635900,0
635901,0
635902,0
635903,0
635904,0
635905,0
635906,10
635907,0
635908,0
635909,0
635910,0
635911,0
635912,0
635913,0
635914,0
635915,0
635916,0
635917,0
635918,0
635919,15
635920,22
635921,0
635922,0
635923,16
635924,0
635925,0
635926,0
635927,0
635928,0
635929,14
635930,0
635931,9
635932,0
635933,0
635934,0
635935,0
635936,0
635937,0
635938,0
635939,0
635940,0
635941,20
635942,0
635943,17
635944,0
635945,0
635946,0
635947,0
635948,9
635949,0
635950,0
635951,15
635952,0
635953,0
635954,0
635955,0
635956,0
635957,0
635958,0
635959,0
635960,0
635961,0
635962,16
635963,18
635964,0
635965,0
635966,0
635967,0
635968,0
635969,0
635970,0
635971,0
635972,0
635973,0
635974,0
635975,0
635976,0
635977,0
635978,0
635979,0
635980,0
635981,0
635982,0
635983,0
635984,0
635985,16
635986,0
635987,0
635988,0
635989,23
635990,29
635991,0
635992,45
635993,27
635994,0
635995,0
635996,0
635997,0
635998,0
635999,0
636000,0
636001,0
636002,0
636003,28
636004,0
636005,34
636006,0
636007,26
636008,0
636009,34
636010,0
636011,0
636012,0
636013,30
636014,0
636015,0
636016,0
636017,23
636018,0
636019,0
636020,0
636021,0
636022,0
636023,0
636024,0
636025,0
636026,0
636027,0
636028,0
636029,27
636030,0
636031,29
636032,0
636033,0
636034,0
636035,22
636036,0
636037,41
636038,30
636039,0
636040,0
636041,0
636042,17
636043,0
636044,0
636045,16
636046,0
636047,0
636048,32
636049,0
636050,0
636051,0
636052,0
636053,0
636054,0
636055,46
636056,28
636057,0
636058,0
636059,0
636060,0
636061,29
636062,0
636063,0
636064,0
636065,27
636066,0
636067,0
636068,34
636069,0
636070,0
636071,0
636072,0
636073,0
636074,12
636075,0
636076,0
636077,0
636078,0
636079,44
636080,0
636081,0
636082,0
636083,18
636084,0
636085,0
636086,0
636087,0
636088,26
636089,34
636090,0
636091,0
636092,0
636093,0
636094,0
636095,44
636096,22
636097,0
636098,0
636099,39
636100,0
636101,36
636102,33
636103,0
636104,0
636105,0
636106,26
636107,45
636108,33
636109,0
636110,0
636111,0
636112,0
636113,0
636114,28
636115,0
636116,0
636117,0
636118,0
636119,0
636120,0
636121,0
636122,0
636123,0
636124,0
636125,0
636126,37
636127,0
636128,22
636129,0
636130,26
636131,0
636132,0
636133,0
636134,28
636135,0
636136,0
636137,36
636138,0
636139,0
636140,45
636141,0
636142,0
636143,45
636144,0
636145,0
636146,0
636147,0
636148,44
636149,30
636150,0
636151,24
636152,0
636153,0
636154,21
636155,36
636156,0
636157,0
636158,0
636159,19
636160,30
636161,0
636162,0
636163,39
636164,0
636165,44
636166,0
636167,0
636168,0
636169,0
636170,0
636171,0
636172,0
636173,0
636174,0
636175,37
636176,0
636177,0
636178,0
636179,0
636180,0
636181,0
636182,31
636183,0
636184,0
636185,0
636186,0
636187,43
636188,34
636189,40
636190,45
636191,0
636192,0
636193,0
636194,0
636195,0
636196,28
636197,0
636198,0
636199,0
636200,0
636201,0
636202,39
636203,37
636204,0
636205,0
636206,0
636207,0
636208,0
636209,0
636210,0
636211,0
636212,0
636213,0
636214,0
636215,39
636216,0
636217,0
636218,0
636219,28
636220,0
636221,0
636222,0
636223,29
636224,0
636225,0
636226,0
636227,0
636228,0
636229,35
636230,0
636231,0
636232,0
636233,0
636234,0
636235,47
636236,0
636237,0
636238,0
636239,0
636240,0
636241,0
636242,38
636243,0
636244,21
636245,0
636246,30
636247,0
636248,0
636249,26
636250,0
636251,0
636252,0
636253,0
636254,50
636255,0
636256,0
636257,0
636258,0
636259,30
636260,0
636261,0
636262,0
636263,0
636264,0
636265,0
636266,0
636267,0
636268,0
636269,30
636270,0
636271,0
636272,0
636273,39
636274,0
636275,0
636276,0
636277,0
636278,0
636279,29
636280,36
636281,0
636282,26
636283,0
636284,0
636285,0
636286,0
636287,0
636288,0
636289,0
636290,0
636291,30
636292,30
636293,0
636294,0
636295,0
636296,0
636297,0
636298,0
636299,0
636300,30
636301,0
636302,0
636303,32
636304,0
636305,34
636306,0
636307,0
636308,30
636309,0
636310,36
636311,0
636312,0
636313,0
636314,42
636315,0
636316,0
636317,29
636318,0
636319,0
636320,0
636321,0
636322,0
636323,0
636324,0
636325,0
636326,0
636327,0
636328,0
636329,0
636330,0
636331,0
636332,0
636333,0
636334,29
636335,32
636336,0
636337,27
636338,20
636339,0
636340,0
636341,0
636342,0
636343,0
636344,0
636345,0
636346,0
636347,0
636348,0
636349,0
636350,0
636351,0
636352,0
636353,0
636354,31
636355,0
636356,0
636357,33
636358,0
636359,0
636360,31
636361,0
636362,23
636363,30
636364,0
636365,0
636366,0
636367,31
636368,0
636369,0
636370,0
636371,0
636372,0
636373,0
636374,0
636375,29
636376,0
636377,0
636378,0
636379,0
636380,0
636381,0
636382,43
636383,0
636384,0
636385,0
636386,0
636387,0
636388,0
636389,0
636390,0
636391,0
636392,0
636393,0
636394,0
636395,0
636396,0
636397,50
636398,0
636399,0
636400,0
636401,0
636402,34
636403,0
636404,0
636405,0
636406,0
636407,0
636408,0
636409,0
636410,0
636411,0
636412,0
636413,42
636414,0
636415,0
636416,0
636417,0
636418,0
636419,0
636420,31
636421,0
636422,0
636423,36
636424,36
636425,36
636426,0
636427,0
636428,0
636429,0
636430,0
636431,0
636432,0
636433,0
636434,0
636435,0
636436,26
636437,30
636438,0
636439,0
636440,0
636441,0
636442,0
636443,0
636444,33
636445,0
636446,29
636447,0
636448,0
636449,29
636450,0
636451,39
636452,0
636453,35
636454,0
636455,0
636456,21
636457,0
636458,27
636459,0
636460,28
636461,0
636462,0
636463,0
636464,0
636465,20
636466,0
636467,30
636468,0
636469,0
636470,0
636471,0
636472,0
636473,0
636474,24
636475,0
636476,0
636477,37
636478,0
636479,0
636480,40
636481,0
636482,0
636483,0
636484,16
636485,46
636486,34
636487,37
636488,0
636489,0
636490,32
636491,0
636492,37
636493,0
636494,0
636495,0
636496,0
636497,0
636498,0
636499,33
636500,0
636501,0
636502,0
636503,0
636504,0
636505,48
636506,0
636507,40
636508,0
636509,0
636510,0
636511,0
636512,0
636513,0
636514,0
636515,0
636516,0
636517,0
636518,0
636519,0
636520,29
636521,0
636522,0
636523,0
636524,0
636525,0
636526,29
636527,0
636528,34
636529,0
636530,0
636531,0
636532,0
636533,32
636534,0
636535,0
636536,0
636537,0
636538,0
636539,0
636540,0
636541,0
636542,0
636543,32
636544,16
636545,0
636546,0
636547,42
636548,0
636549,0
636550,0
636551,0
636552,0
636553,0
636554,0
636555,37
636556,0
636557,0
636558,0
636559,0
636560,0
636561,0
636562,0
636563,0
636564,0
636565,0
636566,0
636567,26
636568,32
636569,0
636570,0
636571,0
636572,0
636573,0
636574,0
636575,0
636576,0
636577,0
636578,0
636579,0
636580,0
636581,8
636582,0
636583,0
636584,11
636585,0
636586,0
636587,13
636588,0
636589,0
636590,0
636591,0
636592,0
636593,0
636594,0
636595,0
636596,0
636597,0
636598,0
636599,0
636600,0
636601,10
636602,0
636603,0
636604,0
636605,0
636606,0
636607,0
636608,0
636609,0
636610,0
636611,0
636612,0
636613,0
636614,5
636615,0
636616,0
636617,0
636618,0
636619,0
636620,0
636621,0
636622,0
636623,0
636624,8
636625,0
636626,0
636627,0
636628,0
636629,0
636630,0
636631,0
636632,0
636633,0
636634,0
636635,0
636636,0
636637,0
636638,0
636639,0
636640,0
636641,0
636642,0
636643,0
636644,0
636645,0
636646,0
636647,0
636648,0
636649,0
636650,0
636651,0
636652,0
636653,0
636654,0
636655,0
636656,0
636657,0
636658,0
636659,0
636660,9
636661,0
636662,0
636663,9
636664,0
636665,0
636666,0
636667,0
636668,0
636669,0
636670,0
636671,0
636672,0
636673,0
636674,0
636675,0
636676,0
636677,0
636678,0
636679,0
636680,0
636681,0
636682,0
636683,0
636684,0
636685,0
636686,0
636687,0
636688,40
636689,49
636690,0
636691,34
636692,0
636693,0
636694,44
636695,38
636696,0
636697,0
636698,0
636699,0
636700,0
636701,0
636702,0
636703,0
636704,0
636705,0
636706,0
636707,0
636708,0
636709,0
636710,0
636711,0
636712,0
636713,0
636714,0
636715,0
636716,0
636717,0
636718,25
636719,0
636720,0
636721,44
636722,0
636723,31
636724,0
636725,0
636726,24
636727,0
636728,0
636729,0
636730,0
636731,52
636732,43
636733,0
636734,0
636735,0
636736,0
636737,0
636738,48
636739,0
636740,30
636741,0
636742,0
636743,0
636744,47
636745,39
636746,29
636747,26
636748,0
636749,0
636750,0
636751,44
636752,0
636753,0
636754,38
636755,0
636756,0
636757,0
636758,0
636759,41
636760,0
636761,0
636762,0
636763,0
636764,27
636765,47
636766,0
636767,0
636768,0
636769,0
636770,0
636771,0
636772,0
636773,39
636774,45
636775,0
636776,0
636777,0
636778,0
636779,0
636780,0
636781,25
636782,0
636783,0
636784,38
636785,0
636786,0
636787,0
636788,0
636789,0
636790,47
636791,0
636792,0
636793,0
636794,0
636795,0
636796,0
636797,0
636798,0
636799,34
636800,0
636801,0
636802,47
636803,35
636804,32
636805,0
636806,0
636807,0
636808,28
636809,34
636810,29
636811,0
636812,0
636813,25
636814,43
636815,0
636816,0
636817,0
636818,39
636819,0
636820,0
636821,0
636822,0
636823,0
636824,0
636825,33
636826,0
636827,0
636828,0
636829,0
636830,0
636831,0
636832,37
636833,0
636834,0
636835,0
636836,0
636837,0
636838,0
636839,0
636840,32
636841,51
636842,0
636843,0
636844,0
636845,32
636846,0
636847,0
636848,0
636849,0
636850,35
636851,0
636852,0
636853,0
636854,0
636855,36
636856,0
636857,0
636858,0
636859,0
636860,48
636861,0
636862,38
636863,0
636864,0
636865,46
636866,34
636867,0
636868,30
636869,0
636870,38
636871,41
636872,36
636873,0
636874,0
636875,0
636876,0
636877,32
636878,28
636879,0
636880,43
636881,37
636882,0
636883,0
636884,0
636885,37
636886,0
636887,0
636888,0
636889,38
636890,0
636891,0
636892,0
636893,0
636894,0
636895,0
636896,0
636897,0
636898,0
636899,0
636900,0
636901,0
636902,40
636903,0
636904,0
636905,0
636906,0
636907,0
636908,0
636909,0
636910,0
636911,0
636912,26
636913,0
636914,0
636915,28
636916,47
636917,0
636918,0
636919,48
636920,31
636921,0
636922,0
636923,0
636924,36
636925,24
636926,0
636927,0
636928,0
636929,0
636930,0
636931,0
636932,34
636933,0
636934,0
636935,0
636936,0
636937,0
636938,0
636939,0
636940,35
636941,0
636942,0
636943,0
636944,27
636945,0
636946,0
636947,0
636948,0
636949,0
636950,0
636951,0
636952,0
636953,0
636954,19
636955,0
636956,0
636957,40
636958,0
636959,0
636960,0
636961,0
636962,0
636963,0
636964,0
636965,26
636966,44
636967,0
636968,0
636969,26
636970,30
636971,0
636972,45
636973,0
636974,36
636975,0
636976,0
636977,32
636978,53
636979,0
636980,0
636981,0
636982,0
636983,27
636984,0
636985,0
636986,0
636987,0
636988,41
636989,0
636990,0
636991,0
636992,0
636993,0
636994,27
636995,0
636996,0
636997,0
636998,33
636999,22
637000,0
637001,0
637002,0
637003,37
637004,0
637005,0
637006,0
637007,39
637008,36
637009,0
637010,0
637011,0
637012,0
637013,37
637014,0
637015,0
637016,0
637017,0
637018,0
637019,27
637020,0
637021,0
637022,0
637023,0
637024,0
637025,22
637026,0
637027,0
637028,0
637029,0
637030,0
637031,0
637032,0
637033,41
637034,0
637035,0
637036,0
637037,0
637038,0
637039,37
637040,0
637041,36
637042,0
637043,0
637044,31
637045,0
637046,42
637047,0
637048,0
637049,0
637050,0
637051,0
637052,0
637053,50
637054,0
637055,0
637056,0
637057,0
637058,0
637059,0
637060,0
637061,32
637062,0
637063,0
637064,47
637065,0
637066,39
637067,0
637068,0
637069,27
637070,0
637071,37
637072,33
637073,0
637074,0
637075,0
637076,44
637077,0
637078,0
637079,0
637080,33
637081,0
637082,44
637083,0
637084,48
637085,37
637086,0
637087,0
637088,35
637089,0
637090,18
637091,26
637092,0
637093,0
637094,0
637095,0
637096,0
637097,0
637098,0
637099,0
637100,0
637101,38
637102,33
637103,0
637104,0
637105,39
637106,0
637107,0
637108,31
637109,0
637110,0
637111,0
637112,0
637113,0
637114,0
637115,0
637116,45
637117,0
637118,0
637119,0
637120,0
637121,0
637122,0
637123,0
637124,0
637125,0
637126,0
637127,0
637128,0
637129,0
637130,0
637131,0
637132,0
637133,0
637134,42
637135,47
637136,0
637137,28
637138,0
637139,0
637140,0
637141,0
637142,0
637143,0
637144,37
637145,0
637146,0
637147,0
637148,0
637149,41
637150,54
637151,47
637152,0
637153,0
637154,0
637155,0
637156,0
637157,0
637158,40
637159,26
637160,0
637161,0
637162,0
637163,0
637164,0
637165,0
637166,0
637167,0
637168,32
637169,0
637170,0
637171,0
637172,0
637173,35
637174,0
637175,0
637176,33
637177,0
637178,0
637179,0
637180,0
637181,41
637182,0
637183,0
637184,0
637185,0
637186,0
637187,0
637188,0
637189,0
637190,0
637191,0
637192,0
637193,0
637194,0
637195,0
637196,0
637197,0
637198,0
637199,0
637200,0
637201,0
637202,0
637203,0
637204,0
637205,0
637206,0
637207,0
637208,0
637209,0
637210,0
637211,0
637212,0
637213,0
637214,0
637215,0
637216,0
637217,3
637218,0
637219,0
637220,0
637221,1
637222,0
637223,1
637224,3
637225,0
637226,2
637227,1
637228,0
637229,0
637230,1
637231,0
637232,0
637233,0
637234,0
637235,1
637236,0
637237,0
637238,0
637239,0
637240,0
637241,0
637242,0
637243,0
637244,0
637245,0
637246,0
637247,0
637248,0
637249,0
637250,0
637251,0
637252,0
637253,0
637254,0
637255,3
637256,0
637257,0
637258,0
637259,2
637260,1
637261,0
637262,0
637263,0
637264,0
637265,0
637266,0
637267,0
637268,3
637269,0
637270,0
637271,0
637272,0
637273,0
637274,0
637275,2
637276,0
637277,0
637278,0
637279,2
637280,0
637281,0
637282,0
637283,0
637284,0
637285,0
637286,0
637287,0
637288,0
637289,0
637290,0
637291,0
637292,0
637293,0
637294,0
637295,0
637296,0
637297,0
637298,0
637299,0
637300,1
637301,0
637302,2
637303,0
637304,0
637305,0
637306,0
637307,0
637308,3
637309,0
637310,0
637311,0
637312,3
637313,0
637314,0
637315,0
637316,0
637317,0
637318,0
637319,0
637320,0
637321,0
637322,0
637323,0
637324,0
637325,0
637326,0
637327,0
637328,5
637329,0
637330,0
637331,0
637332,0
637333,3
637334,0
637335,0
637336,0
637337,0
637338,0
637339,0
637340,0
637341,0
637342,2
637343,0
637344,2
637345,0
637346,0
637347,0
637348,0
637349,0
637350,0
637351,0
637352,0
637353,3
637354,0
637355,0
637356,0
637357,0
637358,0
637359,0
637360,0
637361,0
637362,0
637363,0
637364,0
637365,1
637366,0
637367,0
637368,0
637369,0
637370,0
637371,0
637372,3
637373,0
637374,0
637375,0
637376,0
637377,0
637378,0
637379,2
637380,0
637381,0
637382,0
637383,0
637384,0
637385,0
637386,0
637387,0
637388,0
637389,0
637390,1
637391,0
637392,0
637393,0
637394,0
637395,0
637396,0
637397,0
637398,0
637399,2
637400,0
637401,1
637402,0
637403,0
637404,0
637405,0
637406,0
637407,2
637408,1
637409,0
637410,0
637411,0
637412,1
637413,0
637414,0
637415,0
637416,0
637417,2
637418,0
637419,0
637420,3
637421,0
637422,0
637423,0
637424,2
637425,0
637426,0
637427,0
637428,0
637429,0
637430,0
637431,0
637432,0
637433,0
637434,0
637435,0
637436,0
637437,0
637438,0
637439,0
637440,0
637441,0
637442,0
637443,0
637444,0
637445,0
637446,0
637447,2
637448,0
637449,0
637450,0
637451,0
637452,0
637453,1
637454,0
637455,0
637456,0
637457,2
637458,0
637459,0
637460,0
637461,0
637462,4
637463,0
637464,0
637465,0
637466,0
637467,0
637468,1
637469,0
637470,0
637471,0
637472,0
637473,0
637474,1
637475,0
637476,0
637477,0
637478,0
637479,0
637480,0
637481,0
637482,0
637483,0
637484,0
637485,2
637486,0
637487,0
637488,0
637489,0
637490,1
637491,0
637492,0
637493,0
637494,0
637495,0
637496,0
637497,0
637498,0
637499,0
637500,0
637501,0
637502,0
637503,0
637504,0
637505,0
637506,0
637507,0
637508,0
637509,0
637510,0
637511,0
637512,0
637513,0
637514,0
637515,0
637516,0
637517,0
637518,0
637519,0
637520,0
637521,0
637522,0
637523,0
637524,0
637525,0
637526,0
637527,0
637528,0
637529,0
637530,3
637531,0
637532,3
637533,0
637534,4
637535,0
637536,0
637537,0
637538,0
637539,0
637540,1
637541,0
637542,0
637543,0
637544,0
637545,0
637546,0
637547,0
637548,0
637549,0
637550,0
637551,0
637552,0
637553,0
637554,0
637555,0
637556,0
637557,0
637558,0
637559,0
637560,0
637561,0
637562,4
637563,0
637564,0
637565,0
637566,0
637567,0
637568,0
637569,0
637570,0
637571,0
637572,0
637573,0
637574,0
637575,0
637576,2
637577,1
637578,0
637579,2
637580,0
637581,0
637582,0
637583,0
637584,0
637585,0
637586,0
637587,0
637588,0
637589,0
637590,0
637591,0
637592,0
637593,0
637594,0
637595,0
637596,0
637597,0
637598,0
637599,0
637600,0
637601,3
637602,0
637603,2
637604,0
637605,0
637606,0
637607,0
637608,1
637609,0
637610,0
637611,0
637612,0
637613,1
637614,0
637615,0
637616,0
637617,0
637618,0
637619,0
637620,4
637621,0
637622,0
637623,0
637624,0
637625,5
637626,0
637627,0
637628,0
637629,0
637630,0
637631,0
637632,0
637633,0
637634,0
637635,0
637636,0
637637,0
637638,2
637639,0
637640,0
637641,0
637642,0
637643,1
637644,0
637645,0
637646,0
637647,4
637648,0
637649,0
637650,0
637651,0
637652,0
637653,0
637654,0
637655,2
637656,0
637657,0
637658,0
637659,28
637660,0
637661,22
637662,0
637663,41
637664,31
637665,0
637666,0
637667,41
637668,19
637669,0
637670,0
637671,0
637672,0
637673,0
637674,0
637675,35
637676,0
637677,0
637678,32
637679,0
637680,27
637681,0
637682,0
637683,0
637684,31
637685,0
637686,0
637687,0
637688,0
637689,27
637690,0
637691,0
637692,26
637693,13
637694,0
637695,0
637696,36
637697,0
637698,24
637699,32
637700,0
637701,26
637702,28
637703,0
637704,0
637705,31
637706,40
637707,0
637708,29
637709,0
637710,0
637711,0
637712,26
637713,0
637714,0
637715,23
637716,0
637717,0
637718,0
637719,0
637720,0
637721,21
637722,0
637723,0
637724,28
637725,0
637726,0
637727,0
637728,0
637729,0
637730,0
637731,0
637732,0
637733,0
637734,0
637735,0
637736,0
637737,33
637738,36
637739,35
637740,0
637741,30
637742,0
637743,0
637744,0
637745,0
637746,0
637747,24
637748,0
637749,29
637750,0
637751,26
637752,0
637753,0
637754,0
637755,0
637756,0
637757,0
637758,0
637759,0
637760,0
637761,0
637762,0
637763,25
637764,0
637765,24
637766,0
637767,0
637768,0
637769,0
637770,0
637771,0
637772,0
637773,0
637774,0
637775,0
637776,4
637777,1
637778,0
637779,0
637780,0
637781,0
637782,0
637783,0
637784,0
637785,0
637786,0
637787,0
637788,2
637789,0
637790,0
637791,0
637792,0
637793,0
637794,0
637795,0
637796,0
637797,0
637798,0
637799,0
637800,0
637801,1
637802,0
637803,1
637804,0
637805,0
637806,2
637807,0
637808,0
637809,0
637810,0
637811,0
637812,0
637813,0
637814,0
637815,0
637816,0
637817,0
637818,1
637819,0
637820,0
637821,0
637822,0
637823,0
637824,0
637825,0
637826,0
637827,0
637828,0
637829,0
637830,0
637831,0
637832,1
637833,0
637834,0
637835,1
637836,0
637837,0
637838,0
637839,0
637840,0
637841,0
637842,4
637843,0
637844,0
637845,0
637846,0
637847,0
637848,0
637849,0
637850,0
637851,0
637852,0
637853,0
637854,0
637855,0
637856,0
637857,0
637858,0
637859,0
637860,0
637861,0
637862,0
637863,0
637864,0
637865,0
637866,0
637867,0
637868,0
637869,0
637870,0
637871,0
637872,0
637873,0
637874,3
637875,0
637876,0
637877,1
637878,0
637879,0
637880,0
637881,0
637882,0
637883,0
637884,0
637885,1
637886,0
637887,3
637888,0
637889,0
637890,0
637891,0
637892,0
637893,0
637894,0
637895,0
637896,0
637897,0
637898,1
637899,0
637900,0
637901,1
637902,0
637903,0
637904,0
637905,1
637906,0
637907,0
637908,0
637909,0
637910,0
637911,0
637912,0
637913,0
637914,0
637915,0
637916,0
637917,0
637918,0
637919,0
637920,0
637921,0
637922,0
637923,0
637924,0
637925,0
637926,0
637927,2
637928,0
637929,0
637930,0
637931,0
637932,1
637933,0
637934,0
637935,0
637936,0
637937,0
637938,0
637939,0
637940,0
637941,0
637942,0
637943,0
637944,0
637945,0
637946,0
637947,0
637948,0
637949,0
637950,0
637951,0
637952,0
637953,0
637954,0
637955,2
637956,0
637957,0
637958,0
637959,0
637960,0
637961,0
637962,0
637963,1
637964,0
637965,2
637966,0
637967,0
637968,0
637969,2
637970,0
637971,0
637972,0
637973,0
637974,0
637975,4
637976,0
637977,0
637978,0
637979,0
637980,0
637981,0
637982,0
637983,0
637984,0
637985,0
637986,1
637987,0
637988,0
637989,1
637990,0
637991,0
637992,0
637993,1
637994,0
637995,2
637996,0
637997,0
637998,0
637999,0
638000,0
638001,0
638002,0
638003,0
638004,0
638005,0
638006,0
638007,0
638008,0
638009,0
638010,0
638011,0
638012,0
638013,2
638014,0
638015,2
638016,0
638017,0
638018,0
638019,0
638020,0
638021,0
638022,0
638023,0
638024,0
638025,0
638026,0
638027,0
638028,0
638029,0
638030,0
638031,0
638032,0
638033,0
638034,0
638035,0
638036,0
638037,0
638038,1
638039,0
638040,0
638041,1
638042,0
638043,0
638044,0
638045,4
638046,0
638047,0
638048,0
638049,0
638050,0
638051,0
638052,0
638053,1
638054,0
638055,0
638056,2
638057,0
638058,1
638059,0
638060,0
638061,0
638062,0
638063,1
638064,0
638065,0
638066,0
638067,0
638068,4
638069,0
638070,0
638071,0
638072,0
638073,1
638074,0
638075,0
638076,0
638077,0
638078,0
638079,0
638080,0
638081,0
638082,0
638083,0
638084,1
638085,0
638086,0
638087,0
638088,0
638089,0
638090,1
638091,0
638092,1
638093,0
638094,0
638095,0
638096,0
638097,0
638098,0
638099,0
638100,0
638101,0
638102,0
638103,1
638104,0
638105,0
638106,0
638107,0
638108,0
638109,0
638110,0
638111,0
638112,0
638113,0
638114,0
638115,0
638116,0
638117,0
638118,1
638119,0
638120,0
638121,0
638122,0
638123,0
638124,0
638125,0
638126,0
638127,1
638128,0
638129,0
638130,4
638131,0
638132,0
638133,0
638134,0
638135,0
638136,0
638137,0
638138,0
638139,0
638140,0
638141,0
638142,0
638143,0
638144,0
638145,0
638146,0
638147,0
638148,0
638149,1
638150,0
638151,0
638152,0
638153,0
638154,0
638155,0
638156,0
638157,0
638158,0
638159,2
638160,0
638161,0
638162,0
638163,0
638164,4
638165,0
638166,0
638167,0
638168,0
638169,0
638170,0
638171,0
638172,2
638173,0
638174,0
638175,0
638176,0
638177,0
638178,0
638179,0
638180,0
638181,0
638182,0
638183,1
638184,0
638185,0
638186,0
638187,0
638188,0
638189,0
638190,0
638191,0
638192,0
638193,0
638194,0
638195,2
638196,0
638197,0
638198,0
638199,0
638200,0
638201,0
638202,0
638203,0
638204,3
638205,0
638206,0
638207,0
638208,0
638209,2
638210,0
638211,0
638212,0
638213,0
638214,0
638215,0
638216,2
638217,0
638218,3
638219,0
638220,0
638221,0
638222,2
638223,0
638224,0
638225,0
638226,0
638227,0
638228,0
638229,0
638230,0
638231,0
638232,0
638233,3
638234,0
638235,1
638236,0
638237,1
638238,0
638239,0
638240,0
638241,0
638242,0
638243,0
638244,0
638245,2
638246,0
638247,0
638248,1
638249,0
638250,0
638251,0
638252,1
638253,0
638254,1
638255,0
638256,0
638257,0
638258,0
638259,0
638260,0
638261,0
638262,0
638263,0
638264,0
638265,0
638266,0
638267,0
638268,0
638269,0
638270,0
638271,0
638272,0
638273,0
638274,0
638275,0
638276,0
638277,1
638278,0
638279,0
638280,0
638281,0
638282,0
638283,0
638284,0
638285,0
638286,0
638287,0
638288,0
638289,0
638290,0
638291,0
638292,0
638293,0
638294,1
638295,0
638296,0
638297,0
638298,0
638299,0
638300,0
638301,0
638302,0
638303,0
638304,0
638305,0
638306,0
638307,0
638308,0
638309,0
638310,3
638311,2
638312,0
638313,0
638314,0
638315,0
638316,0
638317,0
638318,0
638319,0
638320,0
638321,0
638322,0
638323,0
638324,1
638325,0
638326,0
638327,0
638328,0
638329,0
638330,1
638331,0
638332,0
638333,2
638334,0
638335,2
638336,0
638337,0
638338,0
638339,1
638340,0
638341,0
638342,2
638343,0
638344,0
638345,0
638346,0
638347,0
638348,0
638349,0
638350,0
638351,0
638352,0
638353,0
638354,0
638355,0
638356,0
638357,0
638358,0
638359,0
638360,0
638361,0
638362,0
638363,0
638364,0
638365,0
638366,0
638367,1
638368,0
638369,0
638370,0
638371,0
638372,0
638373,0
638374,2
638375,0
638376,0
638377,1
638378,0
638379,0
638380,0
638381,1
638382,0
638383,0
638384,0
638385,0
638386,0
638387,0
638388,0
638389,0
638390,0
638391,0
638392,0
638393,0
638394,0
638395,1
638396,0
638397,0
638398,0
638399,0
638400,0
638401,2
638402,0
638403,0
638404,0
638405,0
638406,0
638407,0
638408,0
638409,0
638410,2
638411,2
638412,0
638413,0
638414,0
638415,0
638416,0
638417,0
638418,0
638419,1
638420,0
638421,0
638422,2
638423,0
638424,0
638425,0
638426,0
638427,0
638428,0
638429,0
638430,0
638431,0
638432,2
638433,0
638434,0
638435,0
638436,0
638437,0
638438,0
638439,0
638440,0
638441,1
638442,0
638443,5
638444,0
638445,0
638446,0
638447,0
638448,0
638449,0
638450,0
638451,0
638452,0
638453,0
638454,0
638455,0
638456,0
638457,0
638458,0
638459,0
638460,0
638461,0
638462,2
638463,0
638464,0
638465,0
638466,0
638467,2
638468,0
638469,0
638470,0
638471,0
638472,0
638473,0
638474,0
638475,0
638476,0
638477,0
638478,0
638479,2
638480,0
638481,0
638482,0
638483,0
638484,3
638485,0
638486,0
638487,0
638488,2
638489,0
638490,0
638491,0
638492,0
638493,0
638494,0
638495,0
638496,0
638497,0
638498,1
638499,0
638500,0
638501,0
638502,0
638503,0
638504,0
638505,0
638506,0
638507,0
638508,0
638509,0
638510,0
638511,0
638512,0
638513,1
638514,0
638515,0
638516,0
638517,0
638518,0
638519,0
638520,0
638521,0
638522,0
638523,0
638524,0
638525,1
638526,0
638527,0
638528,0
638529,0
638530,0
638531,0
638532,0
638533,0
638534,0
638535,2
638536,0
638537,0
638538,0
638539,0
638540,0
638541,0
638542,0
638543,0
638544,0
638545,0
638546,0
638547,0
638548,0
638549,0
638550,0
638551,2
638552,0
638553,0
638554,0
638555,0
638556,1
638557,0
638558,0
638559,0
638560,0
638561,4
638562,0
638563,0
638564,0
638565,0
638566,0
638567,0
638568,0
638569,0
638570,0
638571,2
638572,0
638573,0
638574,0
638575,0
638576,0
638577,0
638578,0
638579,1
638580,0
638581,0
638582,0
638583,0
638584,0
638585,0
638586,0
638587,0
638588,0
638589,0
638590,1
638591,0
638592,0
638593,0
638594,0
638595,0
638596,0
638597,0
638598,0
638599,0
638600,0
638601,0
638602,0
638603,0
638604,0
638605,0
638606,0
638607,0
638608,0
638609,0
638610,0
638611,0
638612,0
638613,0
638614,0
638615,0
638616,4
638617,0
638618,0
638619,0
638620,0
638621,0
638622,0
638623,0
638624,0
638625,0
638626,3
638627,0
638628,0
638629,0
638630,0
638631,3
638632,0
638633,0
638634,2
638635,0
638636,0
638637,0
638638,0
638639,1
638640,0
638641,0
638642,0
638643,0
638644,0
638645,0
638646,0
638647,0
638648,0
638649,0
638650,0
638651,0
638652,0
638653,0
638654,0
638655,0
638656,0
638657,0
638658,0
638659,0
638660,0
638661,0
638662,0
638663,0
638664,0
638665,0
638666,0
638667,0
638668,0
638669,0
638670,17
638671,0
638672,0
638673,0
638674,0
638675,0
638676,0
638677,0
638678,0
638679,0
638680,22
638681,0
638682,0
638683,0
638684,0
638685,0
638686,21
638687,0
638688,0
638689,14
638690,0
638691,0
638692,0
638693,0
638694,0
638695,0
638696,0
638697,0
638698,0
638699,0
638700,0
638701,0
638702,0
638703,0
638704,0
638705,0
638706,35
638707,0
638708,0
638709,21
638710,0
638711,0
638712,20
638713,13
638714,0
638715,0
638716,0
638717,0
638718,0
638719,29
638720,0
638721,0
638722,20
638723,0
638724,22
638725,0
638726,0
638727,28
638728,0
638729,0
638730,0
638731,17
638732,0
638733,0
638734,0
638735,0
638736,0
638737,0
638738,0
638739,0
638740,0
638741,0
638742,0
638743,20
638744,0
638745,0
638746,0
638747,21
638748,0
638749,0
638750,0
638751,23
638752,0
638753,0
638754,0
638755,0
638756,0
638757,0
638758,0
638759,19
638760,0
638761,51
638762,0
638763,0
638764,0
638765,0
638766,0
638767,0
638768,0
638769,0
638770,15
638771,21
638772,0
638773,17
638774,13
638775,0
638776,23
638777,0
638778,32
638779,19
638780,0
638781,0
638782,0
638783,0
638784,26
638785,26
638786,0
638787,0
638788,15
638789,0
638790,0
638791,17
638792,0
638793,16
638794,0
638795,16
638796,0
638797,0
638798,0
638799,0
638800,0
638801,0
638802,0
638803,0
638804,0
638805,0
638806,22
638807,0
638808,0
638809,0
638810,0
638811,0
638812,0
638813,0
638814,0
638815,0
638816,0
638817,35
638818,21
638819,0
638820,0
638821,0
638822,0
638823,0
638824,19
638825,21
638826,0
638827,0
638828,16
638829,0
638830,0
638831,34
638832,0
638833,0
638834,0
638835,0
638836,21
638837,23
638838,0
638839,0
638840,0
638841,0
638842,0
638843,0
638844,0
638845,0
638846,0
638847,0
638848,0
638849,0
638850,0
638851,0
638852,0
638853,0
638854,28
638855,0
638856,0
638857,0
638858,0
638859,0
638860,0
638861,16
638862,0
638863,0
638864,0
638865,0
638866,0
638867,0
638868,0
638869,0
638870,25
638871,0
638872,24
638873,27
638874,0
638875,0
638876,0
638877,0
638878,0
638879,0
638880,0
638881,0
638882,0
638883,0
638884,29
638885,0
638886,0
638887,22
638888,0
638889,0
638890,0
638891,17
638892,0
638893,0
638894,0
638895,21
638896,0
638897,22
638898,0
638899,0
638900,0
638901,16
638902,0
638903,0
638904,0
638905,0
638906,0
638907,13
638908,0
638909,0
638910,0
638911,0
638912,18
638913,0
638914,20
638915,0
638916,0
638917,0
638918,0
638919,19
638920,0
638921,0
638922,0
638923,0
638924,0
638925,0
638926,0
638927,0
638928,0
638929,0
638930,27
638931,0
638932,0
638933,0
638934,20
638935,0
638936,0
638937,0
638938,0
638939,0
638940,0
638941,33
638942,0
638943,27
638944,0
638945,0
638946,0
638947,0
638948,0
638949,0
638950,0
638951,0
638952,0
638953,0
638954,0
638955,0
638956,0
638957,13
638958,0
638959,0
638960,0
638961,0
638962,18
638963,0
638964,0
638965,0
638966,0
638967,23
638968,0
638969,0
638970,22
638971,0
638972,34
638973,20
638974,16
638975,18
638976,0
638977,0
638978,0
638979,0
638980,0
638981,0
638982,0
638983,0
638984,0
638985,14
638986,0
638987,0
638988,0
638989,28
638990,30
638991,0
638992,0
638993,0
638994,0
638995,0
638996,0
638997,0
638998,0
638999,0
639000,0
639001,0
639002,0
639003,0
639004,0
639005,0
639006,0
639007,0
639008,18
639009,0
639010,0
639011,0
639012,0
639013,0
639014,0
639015,15
639016,0
639017,0
639018,0
639019,21
639020,0
639021,0
639022,31
639023,20
639024,0
639025,0
639026,0
639027,0
639028,0
639029,0
639030,0
639031,0
639032,19
639033,0
639034,0
639035,0
639036,0
639037,15
639038,0
639039,24
639040,0
639041,0
639042,21
639043,0
639044,0
639045,0
639046,0
639047,0
639048,0
639049,17
639050,0
639051,0
639052,0
639053,0
639054,0
639055,20
639056,0
639057,22
639058,0
639059,0
639060,0
639061,0
639062,0
639063,0
639064,0
639065,0
639066,0
639067,0
639068,0
639069,0
639070,0
639071,0
639072,0
639073,0
639074,0
639075,25
639076,0
639077,0
639078,0
639079,0
639080,0
639081,0
639082,0
639083,0
639084,0
639085,0
639086,0
639087,0
639088,0
639089,0
639090,0
639091,0
639092,0
639093,26
639094,0
639095,0
639096,0
639097,0
639098,14
639099,0
639100,0
639101,0
639102,0
639103,0
639104,0
639105,34
639106,0
639107,0
639108,0
639109,0
639110,20
639111,0
639112,0
639113,0
639114,0
639115,0
639116,0
639117,0
639118,0
639119,0
639120,20
639121,6
639122,0
639123,0
639124,0
639125,0
639126,0
639127,0
639128,0
639129,0
639130,14
639131,0
639132,0
639133,0
639134,0
639135,0
639136,0
639137,0
639138,0
639139,0
639140,0
639141,0
639142,0
639143,0
639144,0
639145,21
639146,0
639147,0
639148,0
639149,0
639150,0
639151,34
639152,0
639153,0
639154,0
639155,0
639156,0
639157,0
639158,0
639159,0
639160,0
639161,29
639162,0
639163,0
639164,0
639165,0
639166,0
639167,0
639168,0
639169,0
639170,0
639171,0
639172,0
639173,0
639174,0
639175,0
639176,21
639177,0
639178,0
639179,0
639180,0
639181,0
639182,30
639183,0
639184,0
639185,23
639186,0
639187,0
639188,0
639189,0
639190,0
639191,0
639192,0
639193,0
639194,0
639195,0
639196,0
639197,0
639198,0
639199,22
639200,0
639201,0
639202,0
639203,0
639204,0
639205,0
639206,34
639207,18
639208,0
639209,14
639210,0
639211,0
639212,0
639213,28
639214,0
639215,0
639216,0
639217,23
639218,0
639219,0
639220,0
639221,0
639222,0
639223,0
639224,0
639225,0
639226,0
639227,0
639228,0
639229,29
639230,19
639231,0
639232,0
639233,0
639234,0
639235,0
639236,0
639237,26
639238,0
639239,15
639240,0
639241,0
639242,0
639243,0
639244,0
639245,22
639246,0
639247,0
639248,0
639249,0
639250,0
639251,0
639252,17
639253,22
639254,0
639255,0
639256,25
639257,21
639258,0
639259,17
639260,20
639261,19
639262,0
639263,0
639264,0
639265,0
639266,0
639267,0
639268,0
639269,0
639270,26
639271,0
639272,0
639273,0
639274,0
639275,0
639276,0
639277,0
639278,0
639279,0
639280,0
639281,0
639282,0
639283,0
639284,0
639285,0
639286,36
639287,0
639288,0
639289,0
639290,0
639291,0
639292,0
639293,0
639294,23
639295,20
639296,0
639297,21
639298,20
639299,0
639300,0
639301,28
639302,0
639303,0
639304,0
639305,0
639306,0
639307,0
639308,0
639309,0
639310,0
639311,0
639312,0
639313,17
639314,0
639315,0
639316,13
639317,0
639318,0
639319,0
639320,0
639321,0
639322,0
639323,0
639324,0
639325,0
639326,0
639327,0
639328,0
639329,0
639330,0
639331,0
639332,0
639333,23
639334,0
639335,0
639336,0
639337,0
639338,0
639339,0
639340,0
639341,0
639342,0
639343,0
639344,0
639345,0
639346,0
639347,29
639348,0
639349,27
639350,0
639351,22
639352,0
639353,0
639354,27
639355,0
639356,16
639357,0
639358,26
639359,0
639360,0
639361,24
639362,23
639363,42
639364,0
639365,27
639366,0
639367,0
639368,15
639369,0
639370,16
639371,0
639372,15
639373,0
639374,0
639375,0
639376,0
639377,22
639378,31
639379,18
639380,15
639381,0
639382,21
639383,0
639384,0
639385,0
639386,0
639387,0
639388,0
639389,18
639390,0
639391,0
639392,0
639393,0
639394,0
639395,0
639396,0
639397,30
639398,0
639399,0
639400,0
639401,0
639402,0
639403,0
639404,0
639405,24
639406,24
639407,0
639408,0
639409,18
639410,13
639411,0
639412,0
639413,0
639414,0
639415,0
639416,0
639417,0
639418,35
639419,0
639420,0
639421,0
639422,0
639423,0
639424,25
639425,12
639426,0
639427,0
639428,21
639429,0
639430,0
639431,0
639432,21
639433,0
639434,0
639435,0
639436,0
639437,0
639438,0
639439,0
639440,0
639441,0
639442,0
639443,17
639444,0
639445,19
639446,28
639447,0
639448,0
639449,0
639450,28
639451,18
639452,0
639453,30
639454,34
639455,0
639456,0
639457,0
639458,0
639459,0
639460,0
639461,0
639462,19
639463,0
639464,0
639465,32
639466,0
639467,0
639468,0
639469,0
639470,0
639471,0
639472,0
639473,0
639474,0
639475,0
639476,0
639477,0
639478,0
639479,0
639480,0
639481,20
639482,0
639483,0
639484,0
639485,0
639486,0
639487,0
639488,0
639489,24
639490,0
639491,0
639492,0
639493,0
639494,0
639495,0
639496,0
639497,17
639498,0
639499,0
639500,0
639501,0
639502,0
639503,0
639504,0
639505,0
639506,0
639507,0
639508,0
639509,0
639510,0
639511,0
639512,0
639513,0
639514,0
639515,0
639516,41
639517,18
639518,0
639519,0
639520,0
639521,0
639522,34
639523,0
639524,0
639525,0
639526,0
639527,0
639528,0
639529,0
639530,23
639531,0
639532,0
639533,13
639534,27
639535,0
639536,28
639537,0
639538,27
639539,0
639540,0
639541,0
639542,29
639543,0
639544,0
639545,18
639546,0
639547,18
639548,0
639549,0
639550,28
639551,0
639552,0
639553,0
639554,0
639555,0
639556,0
639557,0
639558,0
639559,0
639560,0
639561,0
639562,0
639563,22
639564,0
639565,10
639566,0
639567,0
639568,0
639569,0
639570,0
639571,0
639572,0
639573,17
639574,0
639575,0
639576,0
639577,0
639578,0
639579,0
639580,22
639581,0
639582,0
639583,0
639584,0
639585,31
639586,18
639587,0
639588,16
639589,31
639590,0
639591,0
639592,0
639593,0
639594,0
639595,26
639596,0
639597,0
639598,22
639599,0
639600,0
639601,0
639602,25
639603,10
639604,0
639605,0
639606,0
639607,0
639608,0
639609,0
639610,0
639611,27
639612,0
639613,0
639614,0
639615,0
639616,0
639617,0
639618,0
639619,18
639620,0
639621,0
639622,0
639623,18
639624,23
639625,0
639626,30
639627,0
639628,0
639629,0
639630,0
639631,0
639632,0
639633,0
639634,20
639635,0
639636,22
639637,0
639638,0
639639,0
639640,0
639641,0
639642,0
639643,0
639644,0
639645,0
639646,0
639647,23
639648,0
639649,15
639650,0
639651,0
639652,0
639653,0
639654,0
639655,21
639656,0
639657,13
639658,0
639659,0
639660,0
639661,0
639662,0
639663,0
639664,0
639665,0
639666,0
639667,0
639668,0
639669,0
639670,0
639671,0
639672,0
639673,0
639674,0
639675,0
639676,0
639677,0
639678,0
639679,0
639680,0
639681,0
639682,0
639683,0
639684,0
639685,0
639686,0
639687,0
639688,0
639689,0
639690,0
639691,0
639692,0
639693,0
639694,0
639695,0
639696,0
639697,0
639698,0
639699,0
639700,0
639701,0
639702,0
639703,0
639704,0
639705,0
639706,0
639707,0
639708,0
639709,0
639710,0
639711,0
639712,0
639713,0
639714,0
639715,0
639716,0
639717,0
639718,0
639719,0
639720,0
639721,1
639722,0
639723,0
639724,0
639725,0
639726,0
639727,0
639728,0
639729,0
639730,0
639731,0
639732,0
639733,0
639734,0
639735,0
639736,0
639737,0
639738,0
639739,0
639740,0
639741,0
639742,0
639743,0
639744,0
639745,0
639746,0
639747,0
639748,0
639749,0
639750,0
639751,0
639752,0
639753,0
639754,0
639755,0
639756,0
639757,0
639758,0
639759,0
639760,0
639761,0
639762,0
639763,0
639764,0
639765,0
639766,0
639767,0
639768,0
639769,0
639770,0
639771,0
639772,0
639773,0
639774,0
639775,0
639776,0
639777,0
639778,0
639779,0
639780,0
639781,0
639782,0
639783,0
639784,0
639785,0
639786,0
639787,0
639788,0
639789,0
639790,0
639791,0
639792,0
639793,0
639794,0
639795,0
639796,0
639797,0
639798,0
639799,0
639800,0
639801,0
639802,0
639803,0
639804,0
639805,0
639806,0
639807,0
639808,0
639809,0
639810,0
639811,0
639812,0
639813,0
639814,0
639815,0
639816,0
639817,0
639818,0
639819,0
639820,0
639821,0
639822,0
639823,0
639824,0
639825,0
639826,0
639827,0
639828,0
639829,0
639830,0
639831,0
639832,0
639833,0
639834,0
639835,0
639836,0
639837,0
639838,0
639839,0
639840,0
639841,0
639842,0
639843,0
639844,0
639845,0
639846,0
639847,0
639848,0
639849,0
639850,0
639851,0
639852,0
639853,0
639854,0
639855,0
639856,0
639857,0
639858,0
639859,0
639860,0
639861,0
639862,0
639863,0
639864,1
639865,0
639866,0
639867,0
639868,0
639869,0
639870,0
639871,0
639872,0
639873,0
639874,0
639875,0
639876,0
639877,0
639878,0
639879,0
639880,1
639881,0
639882,0
639883,0
639884,0
639885,0
639886,0
639887,0
639888,0
639889,0
639890,0
639891,0
639892,0
639893,0
639894,0
639895,0
639896,0
639897,0
639898,0
639899,0
639900,0
639901,0
639902,0
639903,0
639904,0
639905,0
639906,0
639907,0
639908,0
639909,0
639910,0
639911,0
639912,0
639913,0
639914,0
639915,0
639916,0
639917,0
639918,0
639919,0
639920,0
639921,0
639922,0
639923,0
639924,0
639925,0
639926,0
639927,0
639928,0
639929,0
639930,0
639931,0
639932,0
639933,0
639934,0
639935,0
639936,0
639937,0
639938,0
639939,0
639940,0
639941,0
639942,0
639943,0
639944,0
639945,0
639946,0
639947,0
639948,0
639949,0
639950,0
639951,0
639952,0
639953,0
639954,0
639955,0
639956,0
639957,0
639958,0
639959,0
639960,0
639961,0
639962,0
639963,0
639964,0
639965,0
639966,0
639967,0
639968,0
639969,0
639970,0
639971,0
639972,0
639973,0
639974,0
639975,0
639976,0
639977,0
639978,0
639979,0
639980,37
639981,0
639982,29
639983,31
639984,0
639985,0
639986,0
639987,0
639988,0
639989,0
639990,0
639991,0
639992,0
639993,0
639994,0
639995,0
639996,0
639997,0
639998,0
639999,0
640000,0
640001,0
640002,0
640003,0
640004,0
640005,46
640006,0
640007,0
640008,0
640009,55
640010,0
640011,0
640012,0
640013,0
640014,0
640015,29
640016,0
640017,0
640018,0
640019,0
640020,0
640021,0
640022,0
640023,0
640024,30
640025,0
640026,0
640027,30
640028,0
640029,0
640030,0
640031,19
640032,37
640033,0
640034,0
640035,50
640036,20
640037,0
640038,43
640039,0
640040,0
640041,0
640042,13
640043,29
640044,0
640045,0
640046,0
640047,0
640048,0
640049,0
640050,0
640051,0
640052,0
640053,0
640054,0
640055,0
640056,0
640057,0
640058,0
640059,36
640060,24
640061,0
640062,24
640063,0
640064,0
640065,0
640066,0
640067,0
640068,0
640069,26
640070,0
640071,0
640072,0
640073,43
640074,0
640075,0
640076,65
640077,0
640078,0
640079,0
640080,0
640081,0
640082,0
640083,0
640084,0
640085,0
640086,0
640087,0
640088,40
640089,0
640090,34
640091,0
640092,0
640093,0
640094,0
640095,48
640096,0
640097,27
640098,0
640099,0
640100,0
640101,0
640102,24
640103,0
640104,0
640105,0
640106,0
640107,17
640108,0
640109,0
640110,0
640111,43
640112,53
640113,55
640114,0
640115,0
640116,20
640117,0
640118,0
640119,0
640120,0
640121,0
640122,0
640123,0
640124,0
640125,0
640126,0
640127,0
640128,0
640129,0
640130,21
640131,34
640132,0
640133,0
640134,0
640135,0
640136,0
640137,0
640138,26
640139,18
640140,0
640141,0
640142,0
640143,0
640144,36
640145,0
640146,0
640147,0
640148,0
640149,0
640150,0
640151,0
640152,0
640153,0
640154,0
640155,0
640156,0
640157,0
640158,0
640159,0
640160,17
640161,0
640162,32
640163,49
640164,39
640165,0
640166,0
640167,0
640168,0
640169,0
640170,0
640171,0
640172,0
640173,28
640174,22
640175,0
640176,0
640177,0
640178,0
640179,0
640180,0
640181,0
640182,9
640183,0
640184,0
640185,37
640186,0
640187,0
640188,0
640189,0
640190,0
640191,0
640192,0
640193,37
640194,0
640195,47
640196,0
640197,0
640198,0
640199,0
640200,0
640201,0
640202,0
640203,0
640204,16
640205,0
640206,0
640207,0
640208,36
640209,0
640210,0
640211,0
640212,37
640213,43
640214,41
640215,0
640216,0
640217,0
640218,0
640219,0
640220,0
640221,0
640222,0
640223,0
640224,0
640225,0
640226,0
640227,56
640228,0
640229,37
640230,0
640231,0
640232,0
640233,16
640234,0
640235,36
640236,0
640237,0
640238,0
640239,0
640240,50
640241,0
640242,0
640243,0
640244,48
640245,0
640246,0
640247,0
640248,33
640249,0
640250,0
640251,0
640252,0
640253,0
640254,56
640255,0
640256,0
640257,0
640258,31
640259,0
640260,0
640261,38
640262,0
640263,0
640264,0
640265,0
640266,40
640267,0
640268,0
640269,53
640270,41
640271,0
640272,0
640273,0
640274,52
640275,0
640276,0
640277,30
640278,0
640279,0
640280,12
640281,36
640282,0
640283,0
640284,0
640285,0
640286,0
640287,27
640288,0
640289,0
640290,40
640291,0
640292,0
640293,38
640294,0
640295,14
640296,0
640297,0
640298,0
640299,0
640300,0
640301,0
640302,35
640303,0
640304,0
640305,0
640306,0
640307,36
640308,0
640309,0
640310,0
640311,0
640312,34
640313,0
640314,36
640315,29
640316,0
640317,20
640318,0
640319,0
640320,0
640321,0
640322,44
640323,0
640324,0
640325,0
640326,0
640327,0
640328,0
640329,0
640330,0
640331,0
640332,7
640333,0
640334,0
640335,0
640336,0
640337,9
640338,0
640339,0
640340,0
640341,0
640342,0
640343,13
640344,0
640345,0
640346,0
640347,13
640348,0
640349,5
640350,0
640351,0
640352,0
640353,0
640354,0
640355,0
640356,0
640357,0
640358,0
640359,0
640360,0
640361,0
640362,0
640363,10
640364,0
640365,0
640366,0
640367,0
640368,0
640369,13
640370,0
640371,7
640372,0
640373,0
640374,0
640375,0
640376,0
640377,0
640378,0
640379,11
640380,0
640381,0
640382,0
640383,10
640384,0
640385,0
640386,10
640387,0
640388,0
640389,6
640390,0
640391,0
640392,0
640393,0
640394,0
640395,0
640396,0
640397,0
640398,0
640399,8
640400,0
640401,0
640402,0
640403,0
640404,0
640405,0
640406,0
640407,0
640408,0
640409,0
640410,0
640411,0
640412,0
640413,8
640414,0
640415,0
640416,9
640417,0
640418,0
640419,0
640420,0
640421,0
640422,0
640423,0
640424,0
640425,0
640426,0
640427,8
640428,0
640429,0
640430,0
640431,0
640432,0
640433,0
640434,0
640435,0
640436,0
640437,0
640438,0
640439,9
640440,0
640441,0
640442,8
640443,0
640444,0
640445,0
640446,0
640447,0
640448,0
640449,15
640450,0
640451,0
640452,0
640453,0
640454,13
640455,0
640456,16
640457,0
640458,0
640459,0
640460,16
640461,0
640462,0
640463,17
640464,14
640465,0
640466,0
640467,9
640468,0
640469,0
640470,0
640471,9
640472,0
640473,0
640474,0
640475,0
640476,0
640477,0
640478,0
640479,0
640480,7
640481,0
640482,0
640483,0
640484,0
640485,0
640486,0
640487,0
640488,0
640489,0
640490,0
640491,0
640492,0
640493,0
640494,0
640495,0
640496,11
640497,0
640498,0
640499,0
640500,0
640501,0
640502,0
640503,0
640504,0
640505,0
640506,0
640507,10
640508,0
640509,0
640510,0
640511,0
640512,0
640513,0
640514,0
640515,0
640516,0
640517,0
640518,0
640519,0
640520,0
640521,0
640522,0
640523,0
640524,0
640525,0
640526,12
640527,0
640528,0
640529,0
640530,0
640531,0
640532,0
640533,21
640534,0
640535,0
640536,0
640537,0
640538,19
640539,0
640540,0
640541,13
640542,0
640543,6
640544,0
640545,0
640546,0
640547,0
640548,0
640549,8
640550,0
640551,0
640552,0
640553,0
640554,15
640555,0
640556,0
640557,0
640558,0
640559,18
640560,0
640561,0
640562,0
640563,0
640564,0
640565,0
640566,9
640567,0
640568,0
640569,0
640570,0
640571,0
640572,16
640573,10
640574,13
640575,0
640576,0
640577,11
640578,0
640579,0
640580,11
640581,0
640582,0
640583,0
640584,0
640585,0
640586,0
640587,0
640588,0
640589,0
640590,0
640591,0
640592,0
640593,0
640594,0
640595,0
640596,0
640597,0
640598,0
640599,0
640600,10
640601,15
640602,9
640603,0
640604,0
640605,0
640606,0
640607,0
640608,0
640609,0
640610,0
640611,0
640612,0
640613,0
640614,0
640615,0
640616,0
640617,0
640618,14
640619,0
640620,0
640621,0
640622,12
640623,0
640624,0
640625,0
640626,0
640627,0
640628,0
640629,0
640630,0
640631,0
640632,0
640633,0
640634,0
640635,0
640636,0
640637,0
640638,17
640639,0
640640,0
640641,0
640642,0
640643,0
640644,0
640645,0
640646,0
640647,14
640648,0
640649,0
640650,0
640651,0
640652,0
640653,0
640654,0
640655,0
640656,0
640657,0
640658,0
640659,0
640660,0
640661,0
640662,0
640663,0
640664,0
640665,0
640666,0
640667,0
640668,0
640669,0
640670,4
640671,0
640672,0
640673,0
640674,0
640675,0
640676,0
640677,0
640678,0
640679,0
640680,0
640681,0
640682,0
640683,0
640684,0
640685,0
640686,0
640687,0
640688,0
640689,0
640690,7
640691,0
640692,0
640693,0
640694,0
640695,0
640696,0
640697,0
640698,0
640699,0
640700,0
640701,0
640702,0
640703,0
640704,0
640705,0
640706,0
640707,0
640708,0
640709,0
640710,0
640711,0
640712,0
640713,0
640714,0
640715,0
640716,0
640717,0
640718,0
640719,0
640720,0
640721,0
640722,0
640723,0
640724,0
640725,0
640726,10
640727,0
640728,0
640729,0
640730,0
640731,0
640732,0
640733,0
640734,0
640735,0
640736,0
640737,10
640738,0
640739,0
640740,15
640741,0
640742,0
640743,0
640744,0
640745,0
640746,0
640747,0
640748,0
640749,0
640750,0
640751,0
640752,0
640753,0
640754,0
640755,0
640756,0
640757,0
640758,0
640759,0
640760,0
640761,0
640762,0
640763,0
640764,14
640765,0
640766,0
640767,0
640768,0
640769,9
640770,0
640771,0
640772,0
640773,0
640774,0
640775,0
640776,0
640777,0
640778,0
640779,0
640780,0
640781,0
640782,0
640783,0
640784,5
640785,0
640786,0
640787,0
640788,0
640789,0
640790,0
640791,0
640792,0
640793,0
640794,0
640795,0
640796,0
640797,0
640798,0
640799,0
640800,0
640801,2
640802,0
640803,0
640804,0
640805,7
640806,0
640807,0
640808,0
640809,17
640810,0
640811,0
640812,0
640813,0
640814,0
640815,15
640816,0
640817,0
640818,7
640819,11
640820,0
640821,0
640822,0
640823,0
640824,0
640825,0
640826,0
640827,0
640828,0
640829,0
640830,11
640831,0
640832,0
640833,0
640834,0
640835,0
640836,0
640837,13
640838,0
640839,6
640840,0
640841,0
640842,0
640843,0
640844,0
640845,0
640846,0
640847,11
640848,0
640849,0
640850,0
640851,0
640852,0
640853,0
640854,0
640855,0
640856,0
640857,15
640858,0
640859,0
640860,11
640861,0
640862,0
640863,0
640864,0
640865,0
640866,0
640867,11
640868,0
640869,0
640870,0
640871,0
640872,11
640873,0
640874,5
640875,0
640876,0
640877,0
640878,0
640879,0
640880,0
640881,0
640882,0
640883,11
640884,8
640885,0
640886,0
640887,0
640888,0
640889,0
640890,0
640891,0
640892,0
640893,0
640894,0
640895,0
640896,0
640897,19
640898,0
640899,11
640900,0
640901,0
640902,0
640903,0
640904,0
640905,0
640906,0
640907,0
640908,0
640909,9
640910,0
640911,0
640912,0
640913,0
640914,0
640915,0
640916,0
640917,0
640918,0
640919,0
640920,0
640921,0
640922,0
640923,10
640924,0
640925,0
640926,0
640927,0
640928,0
640929,0
640930,0
640931,0
640932,0
640933,0
640934,0
640935,0
640936,0
640937,0
640938,0
640939,0
640940,0
640941,0
640942,0
640943,0
640944,0
640945,15
640946,0
640947,0
640948,0
640949,0
640950,0
640951,0
640952,0
640953,0
640954,0
640955,0
640956,0
640957,0
640958,0
640959,0
640960,0
640961,11
640962,0
640963,0
640964,0
640965,0
640966,0
640967,3
640968,0
640969,0
640970,0
640971,0
640972,0
640973,0
640974,0
640975,0
640976,0
640977,0
640978,0
640979,0
640980,0
640981,0
640982,0
640983,15
640984,0
640985,0
640986,11
640987,0
640988,0
640989,0
640990,0
640991,0
640992,0
640993,0
640994,0
640995,12
640996,0
640997,0
640998,0
640999,0
641000,0
641001,0
641002,0
641003,0
641004,0
641005,11
641006,0
641007,0
641008,0
641009,0
641010,0
641011,0
641012,0
641013,0
641014,0
641015,0
641016,0
641017,6
641018,0
641019,0
641020,0
641021,0
641022,0
641023,0
641024,0
641025,0
641026,0
641027,0
641028,0
641029,0
641030,0
641031,6
641032,0
641033,0
641034,0
641035,0
641036,11
641037,0
641038,0
641039,0
641040,0
641041,11
641042,0
641043,0
641044,0
641045,12
641046,0
641047,0
641048,0
641049,5
641050,0
641051,0
641052,0
641053,0
641054,0
641055,0
641056,0
641057,0
641058,9
641059,0
641060,0
641061,0
641062,0
641063,0
641064,0
641065,0
641066,0
641067,0
641068,8
641069,0
641070,0
641071,8
641072,0
641073,0
641074,0
641075,0
641076,19
641077,0
641078,0
641079,0
641080,0
641081,1
641082,0
641083,0
641084,0
641085,0
641086,0
641087,0
641088,0
641089,5
641090,0
641091,0
641092,0
641093,0
641094,0
641095,0
641096,0
641097,0
641098,0
641099,0
641100,0
641101,0
641102,0
641103,3
641104,0
641105,0
641106,1
641107,0
641108,0
641109,0
641110,6
641111,0
641112,0
641113,0
641114,0
641115,0
641116,0
641117,0
641118,0
641119,0
641120,5
641121,6
641122,0
641123,0
641124,0
641125,0
641126,0
641127,0
641128,0
641129,4
641130,5
641131,0
641132,0
641133,0
641134,0
641135,1
641136,0
641137,0
641138,0
641139,0
641140,0
641141,0
641142,0
641143,0
641144,2
641145,0
641146,0
641147,0
641148,0
641149,0
641150,0
641151,2
641152,0
641153,0
641154,0
641155,0
641156,0
641157,0
641158,0
641159,0
641160,0
641161,0
641162,0
641163,0
641164,0
641165,0
641166,0
641167,0
641168,0
641169,0
641170,5
641171,0
641172,0
641173,0
641174,0
641175,0
641176,4
641177,0
641178,0
641179,0
641180,0
641181,4
641182,0
641183,2
641184,2
641185,0
641186,0
641187,0
641188,0
641189,0
641190,6
641191,0
641192,0
641193,5
641194,4
641195,0
641196,0
641197,0
641198,0
641199,0
641200,0
641201,0
641202,0
641203,2
641204,0
641205,0
641206,6
641207,0
641208,0
641209,0
641210,0
641211,0
641212,0
641213,3
641214,0
641215,0
641216,0
641217,3
641218,1
641219,0
641220,0
641221,0
641222,0
641223,0
641224,0
641225,0
641226,0
641227,0
641228,0
641229,0
641230,0
641231,0
641232,0
641233,0
641234,0
641235,0
641236,0
641237,0
641238,0
641239,0
641240,0
641241,3
641242,5
641243,0
641244,0
641245,0
641246,0
641247,0
641248,0
641249,0
641250,0
641251,0
641252,0
641253,0
641254,0
641255,0
641256,6
641257,5
641258,4
641259,0
641260,0
641261,4
641262,0
641263,0
641264,0
641265,0
641266,2
641267,0
641268,0
641269,0
641270,0
641271,0
641272,0
641273,0
641274,0
641275,0
641276,5
641277,0
641278,6
641279,0
641280,0
641281,0
641282,0
641283,0
641284,0
641285,0
641286,0
641287,0
641288,0
641289,0
641290,0
641291,2
641292,0
641293,0
641294,0
641295,3
641296,0
641297,3
641298,0
641299,0
641300,0
641301,0
641302,0
641303,0
641304,0
641305,0
641306,2
641307,0
641308,0
641309,0
641310,0
641311,0
641312,3
641313,0
641314,0
641315,0
641316,0
641317,0
641318,0
641319,0
641320,11
641321,0
641322,0
641323,0
641324,0
641325,0
641326,0
641327,3
641328,0
641329,0
641330,5
641331,0
641332,0
641333,0
641334,0
641335,0
641336,0
641337,0
641338,0
641339,0
641340,0
641341,0
641342,0
641343,0
641344,0
641345,0
641346,0
641347,0
641348,0
641349,0
641350,0
641351,0
641352,0
641353,0
641354,0
641355,0
641356,0
641357,0
641358,0
641359,3
641360,0
641361,0
641362,0
641363,0
641364,0
641365,0
641366,0
641367,0
641368,0
641369,0
641370,0
641371,0
641372,0
641373,0
641374,4
641375,0
641376,0
641377,0
641378,0
641379,0
641380,0
641381,0
641382,6
641383,0
641384,0
641385,0
641386,0
641387,0
641388,0
641389,0
641390,0
641391,0
641392,0
641393,6
641394,0
641395,9
641396,0
641397,0
641398,0
641399,0
641400,0
641401,0
641402,0
641403,0
641404,4
641405,0
641406,0
641407,5
641408,0
641409,0
641410,0
641411,0
641412,0
641413,0
641414,0
641415,0
641416,0
641417,0
641418,0
641419,4
641420,0
641421,0
641422,0
641423,1
641424,0
641425,3
641426,0
641427,8
641428,0
641429,0
641430,3
641431,0
641432,0
641433,0
641434,0
641435,5
641436,0
641437,0
641438,0
641439,9
641440,0
641441,0
641442,0
641443,0
641444,0
641445,0
641446,0
641447,0
641448,6
641449,0
641450,0
641451,0
641452,0
641453,2
641454,0
641455,7
641456,0
641457,0
641458,0
641459,0
641460,0
641461,5
641462,0
641463,6
641464,8
641465,0
641466,4
641467,0
641468,0
641469,5
641470,0
641471,0
641472,0
641473,0
641474,0
641475,0
641476,2
641477,0
641478,0
641479,0
641480,0
641481,0
641482,0
641483,3
641484,0
641485,0
641486,0
641487,0
641488,2
641489,0
641490,0
641491,9
641492,0
641493,0
641494,0
641495,5
641496,0
641497,3
641498,0
641499,0
641500,0
641501,0
641502,0
641503,4
641504,2
641505,0
641506,0
641507,0
641508,0
641509,4
641510,0
641511,2
641512,6
641513,0
641514,0
641515,9
641516,0
641517,0
641518,0
641519,0
641520,0
641521,0
641522,0
641523,0
641524,6
641525,0
641526,0
641527,5
641528,0
641529,0
641530,0
641531,0
641532,6
641533,0
641534,0
641535,0
641536,0
641537,0
641538,0
641539,0
641540,0
641541,0
641542,0
641543,0
641544,6
641545,0
641546,0
641547,0
641548,0
641549,0
641550,6
641551,0
641552,2
641553,0
641554,0
641555,0
641556,0
641557,0
641558,0
641559,0
641560,0
641561,0
641562,0
641563,0
641564,0
641565,0
641566,8
641567,8
641568,0
641569,0
641570,4
641571,4
641572,4
641573,0
641574,0
641575,0
641576,0
641577,8
641578,0
641579,0
641580,0
641581,0
641582,0
641583,0
641584,0
641585,0
641586,0
641587,4
641588,0
641589,0
641590,0
641591,5
641592,0
641593,0
641594,0
641595,0
641596,0
641597,0
641598,0
641599,4
641600,4
641601,0
641602,0
641603,0
641604,0
641605,0
641606,10
641607,10
641608,0
641609,0
641610,0
641611,0
641612,0
641613,0
641614,1
641615,0
641616,2
641617,0
641618,0
641619,0
641620,1
641621,0
641622,0
641623,0
641624,0
641625,0
641626,0
641627,0
641628,0
641629,3
641630,0
641631,0
641632,0
641633,0
641634,0
641635,6
641636,0
641637,0
641638,0
641639,0
641640,0
641641,3
641642,3
641643,0
641644,0
641645,0
641646,0
641647,0
641648,5
641649,0
641650,0
641651,0
641652,0
641653,0
641654,7
641655,3
641656,0
641657,0
641658,0
641659,0
641660,0
641661,0
641662,0
641663,0
641664,0
641665,0
641666,0
641667,0
641668,0
641669,5
641670,0
641671,0
641672,0
641673,0
641674,0
641675,0
641676,2
641677,0
641678,0
641679,0
641680,0
641681,0
641682,3
641683,0
641684,5
641685,0
641686,0
641687,0
641688,0
641689,0
641690,0
641691,0
641692,4
641693,0
641694,0
641695,0
641696,2
641697,0
641698,0
641699,0
641700,0
641701,0
641702,1
641703,0
641704,0
641705,0
641706,2
641707,7
641708,0
641709,0
641710,0
641711,0
641712,0
641713,0
641714,0
641715,0
641716,3
641717,0
641718,4
641719,0
641720,0
641721,0
641722,0
641723,0
641724,0
641725,5
641726,2
641727,0
641728,0
641729,0
641730,0
641731,0
641732,0
641733,8
641734,0
641735,0
641736,0
641737,0
641738,0
641739,0
641740,7
641741,0
641742,0
641743,0
641744,0
641745,0
641746,5
641747,0
641748,0
641749,0
641750,0
641751,0
641752,0
641753,4
641754,0
641755,0
641756,8
641757,0
641758,0
641759,0
641760,0
641761,0
641762,0
641763,0
641764,0
641765,5
641766,6
641767,0
641768,0
641769,4
641770,0
641771,0
641772,0
641773,0
641774,0
641775,0
641776,6
641777,0
641778,0
641779,0
641780,0
641781,0
641782,0
641783,5
641784,0
641785,3
641786,2
641787,6
641788,0
641789,0
641790,0
641791,0
641792,0
641793,0
641794,0
641795,3
641796,0
641797,0
641798,0
641799,0
641800,0
641801,0
641802,3
641803,0
641804,0
641805,3
641806,0
641807,0
641808,0
641809,0
641810,0
641811,0
641812,0
641813,0
641814,0
641815,0
641816,0
641817,0
641818,0
641819,0
641820,0
641821,0
641822,0
641823,7
641824,0
641825,8
641826,0
641827,0
641828,11
641829,0
641830,0
641831,0
641832,0
641833,0
641834,0
641835,0
641836,0
641837,0
641838,8
641839,0
641840,0
641841,0
641842,0
641843,3
641844,0
641845,4
641846,0
641847,0
641848,0
641849,0
641850,0
641851,0
641852,0
641853,6
641854,0
641855,0
641856,0
641857,0
641858,0
641859,0
641860,0
641861,0
641862,0
641863,4
641864,0
641865,0
641866,7
641867,0
641868,0
641869,0
641870,0
641871,0
641872,0
641873,0
641874,8
641875,0
641876,0
641877,0
641878,0
641879,0
641880,0
641881,0
641882,4
641883,0
641884,0
641885,4
641886,0
641887,0
641888,3
641889,0
641890,0
641891,0
641892,0
641893,2
641894,0
641895,0
641896,0
641897,0
641898,0
641899,0
641900,0
641901,0
641902,0
641903,0
641904,0
641905,0
641906,0
641907,0
641908,0
641909,4
641910,0
641911,0
641912,0
641913,0
641914,2
641915,0
641916,0
641917,0
641918,0
641919,0
641920,0
641921,0
641922,6
641923,0
641924,2
641925,0
641926,5
641927,4
641928,6
641929,0
641930,0
641931,0
641932,0
641933,0
641934,0
641935,0
641936,0
641937,0
641938,0
641939,3
641940,0
641941,0
641942,0
641943,0
641944,8
641945,4
641946,0
641947,0
641948,4
641949,0
641950,0
641951,0
641952,0
641953,0
641954,0
641955,0
641956,0
641957,0
641958,0
641959,0
641960,0
641961,0
641962,0
641963,0
641964,5
641965,0
641966,3
641967,6
641968,3
641969,4
641970,6
641971,0
641972,0
641973,0
641974,0
641975,0
641976,4
641977,0
641978,0
641979,0
641980,0
641981,0
641982,0
641983,0
641984,0
641985,0
641986,5
641987,0
641988,0
641989,0
641990,0
641991,0
641992,0
641993,0
641994,0
641995,1
641996,0
641997,0
641998,0
641999,7
642000,3
642001,0
642002,6
642003,0
642004,0
642005,0
642006,0
642007,0
642008,0
642009,0
642010,0
642011,0
642012,0
642013,3
642014,5
642015,0
642016,0
642017,0
642018,0
642019,0
642020,0
642021,0
642022,0
642023,0
642024,0
642025,0
642026,0
642027,11
642028,0
642029,0
642030,0
642031,4
642032,0
642033,0
642034,0
642035,4
642036,0
642037,0
642038,5
642039,0
642040,0
642041,0
642042,0
642043,0
642044,0
642045,0
642046,0
642047,0
642048,3
642049,0
642050,0
642051,0
642052,0
642053,0
642054,0
642055,0
642056,0
642057,0
642058,0
642059,0
642060,0
642061,0
642062,0
642063,0
642064,0
642065,0
642066,0
642067,0
642068,0
642069,3
642070,0
642071,0
642072,0
642073,5
642074,0
642075,0
642076,6
642077,0
642078,0
642079,3
642080,1
642081,0
642082,0
642083,3
642084,0
642085,0
642086,6
642087,0
642088,0
642089,0
642090,0
642091,0
642092,0
642093,0
642094,0
642095,0
642096,0
642097,0
642098,0
642099,0
642100,0
642101,0
642102,0
642103,0
642104,0
642105,0
642106,3
642107,0
642108,5
642109,1
642110,0
642111,0
642112,0
642113,0
642114,0
642115,0
642116,0
642117,0
642118,0
642119,0
642120,0
642121,0
642122,0
642123,4
642124,0
642125,0
642126,0
642127,0
642128,5
642129,0
642130,0
642131,6
642132,0
642133,6
642134,0
642135,0
642136,0
642137,4
642138,0
642139,0
642140,0
642141,0
642142,7
642143,0
642144,0
642145,0
642146,0
642147,0
642148,0
642149,0
642150,7
642151,0
642152,0
642153,3
642154,0
642155,0
642156,3
642157,6
642158,0
642159,0
642160,0
642161,1
642162,0
642163,4
642164,9
642165,5
642166,3
642167,0
642168,9
642169,0
642170,0
642171,0
642172,2
642173,0
642174,0
642175,0
642176,0
642177,0
642178,0
642179,0
642180,0
642181,0
642182,0
642183,0
642184,0
642185,0
642186,0
642187,0
642188,0
642189,0
642190,4
642191,0
642192,0
642193,0
642194,0
642195,0
642196,0
642197,0
642198,2
642199,4
642200,0
642201,4
642202,0
642203,0
642204,9
642205,2
642206,0
642207,0
642208,0
642209,0
642210,2
642211,0
642212,0
642213,0
642214,0
642215,6
642216,0
642217,0
642218,4
642219,0
642220,0
642221,0
642222,0
642223,0
642224,9
642225,0
642226,0
642227,0
642228,0
642229,5
642230,0
642231,0
642232,0
642233,0
642234,0
642235,0
642236,0
642237,0
642238,0
642239,0
642240,0
642241,5
642242,0
642243,0
642244,0
642245,0
642246,0
642247,0
642248,4
642249,0
642250,0
642251,9
642252,4
642253,0
642254,0
642255,0
642256,5
642257,0
642258,0
642259,0
642260,0
642261,0
642262,0
642263,0
642264,6
642265,0
642266,3
642267,4
642268,0
642269,0
642270,0
642271,6
642272,0
642273,3
642274,0
642275,2
642276,0
642277,0
642278,0
642279,0
642280,0
642281,0
642282,5
642283,5
642284,0
642285,0
642286,5
642287,0
642288,0
642289,0
642290,0
642291,0
642292,0
642293,0
642294,0
642295,0
642296,0
642297,3
642298,0
642299,0
642300,0
642301,5
642302,0
642303,7
642304,2
642305,7
642306,0
642307,0
642308,0
642309,0
642310,0
642311,0
642312,0
642313,0
642314,0
642315,5
642316,0
642317,2
642318,0
642319,3
642320,0
642321,7
642322,0
642323,4
642324,0
642325,3
642326,0
642327,0
642328,0
642329,0
642330,0
642331,0
642332,0
642333,7
642334,8
642335,0
642336,0
642337,6
642338,0
642339,0
642340,0
642341,0
642342,4
642343,0
642344,0
642345,2
642346,0
642347,6
642348,0
642349,0
642350,0
642351,0
642352,0
642353,0
642354,0
642355,0
642356,0
642357,0
642358,0
642359,3
642360,5
642361,0
642362,0
642363,0
642364,0
642365,0
642366,0
642367,3
642368,0
642369,0
642370,0
642371,0
642372,0
642373,0
642374,4
642375,0
642376,0
642377,0
642378,0
642379,0
642380,0
642381,0
642382,4
642383,0
642384,6
642385,0
642386,4
642387,0
642388,0
642389,0
642390,0
642391,0
642392,0
642393,0
642394,0
642395,0
642396,0
642397,0
642398,0
642399,0
642400,0
642401,0
642402,0
642403,0
642404,0
642405,0
642406,5
642407,0
642408,0
642409,0
642410,0
642411,0
642412,5
642413,0
642414,0
642415,0
642416,0
642417,0
642418,0
642419,0
642420,0
642421,5
642422,0
642423,0
642424,0
642425,0
642426,7
642427,0
642428,5
642429,0
642430,0
642431,0
642432,0
642433,0
642434,0
642435,0
642436,9
642437,0
642438,0
642439,5
642440,0
642441,0
642442,0
642443,4
642444,5
642445,4
642446,0
642447,0
642448,5
642449,6
642450,0
642451,0
642452,0
642453,0
642454,0
642455,0
642456,0
642457,0
642458,0
642459,16
642460,18
642461,0
642462,0
642463,9
642464,0
642465,0
642466,0
642467,0
642468,8
642469,0
642470,9
642471,0
642472,0
642473,6
642474,0
642475,0
642476,0
642477,0
642478,0
642479,11
642480,0
642481,7
642482,0
642483,0
642484,0
642485,0
642486,0
642487,0
642488,0
642489,0
642490,0
642491,0
642492,8
642493,0
642494,10
642495,0
642496,0
642497,7
642498,8
642499,0
642500,4
642501,5
642502,9
642503,0
642504,7
642505,8
642506,0
642507,0
642508,0
642509,0
642510,0
642511,0
642512,0
642513,0
642514,0
642515,0
642516,0
642517,0
642518,0
642519,8
642520,0
642521,0
642522,7
642523,11
642524,0
642525,0
642526,0
642527,7
642528,0
642529,0
642530,2
642531,0
642532,0
642533,0
642534,13
642535,7
642536,6
642537,0
642538,0
642539,7
642540,0
642541,0
642542,14
642543,0
642544,0
642545,9
642546,0
642547,8
642548,0
642549,9
642550,0
642551,0
642552,0
642553,0
642554,0
642555,0
642556,8
642557,0
642558,0
642559,0
642560,0
642561,0
642562,0
642563,0
642564,0
642565,7
642566,0
642567,0
642568,0
642569,0
642570,0
642571,0
642572,0
642573,8
642574,0
642575,0
642576,0
642577,0
642578,0
642579,0
642580,0
642581,0
642582,0
642583,5
642584,0
642585,11
642586,0
642587,7
642588,0
642589,0
642590,0
642591,0
642592,5
642593,0
642594,0
642595,0
642596,0
642597,0
642598,0
642599,0
642600,0
642601,0
642602,0
642603,8
642604,0
642605,0
642606,14
642607,0
642608,3
642609,8
642610,0
642611,0
642612,5
642613,0
642614,0
642615,0
642616,0
642617,0
642618,0
642619,0
642620,0
642621,0
642622,0
642623,0
642624,0
642625,0
642626,6
642627,0
642628,0
642629,0
642630,0
642631,0
642632,0
642633,0
642634,0
642635,0
642636,0
642637,9
642638,0
642639,0
642640,0
642641,0
642642,0
642643,0
642644,0
642645,0
642646,10
642647,0
642648,0
642649,6
642650,0
642651,11
642652,3
642653,14
642654,0
642655,0
642656,0
642657,0
642658,5
642659,0
642660,8
642661,7
642662,0
642663,0
642664,0
642665,0
642666,6
642667,0
642668,0
642669,0
642670,9
642671,0
642672,8
642673,7
642674,0
642675,0
642676,0
642677,5
642678,0
642679,0
642680,12
642681,6
642682,0
642683,7
642684,0
642685,0
642686,0
642687,15
642688,0
642689,8
642690,12
642691,0
642692,0
642693,0
642694,0
642695,0
642696,9
642697,0
642698,0
642699,0
642700,10
642701,0
642702,0
642703,0
642704,0
642705,0
642706,2
642707,0
642708,0
642709,8
642710,0
642711,0
642712,0
642713,0
642714,0
642715,0
642716,0
642717,0
642718,3
642719,0
642720,0
642721,0
642722,0
642723,0
642724,0
642725,0
642726,6
642727,0
642728,0
642729,12
642730,0
642731,0
642732,0
642733,0
642734,0
642735,0
642736,0
642737,0
642738,0
642739,33
642740,0
642741,0
642742,0
642743,0
642744,0
642745,0
642746,0
642747,0
642748,0
642749,49
642750,0
642751,0
642752,0
642753,0
642754,0
642755,0
642756,0
642757,0
642758,0
642759,0
642760,0
642761,0
642762,0
642763,0
642764,0
642765,0
642766,0
642767,0
642768,0
642769,0
642770,34
642771,0
642772,25
642773,0
642774,0
642775,48
642776,0
642777,0
642778,0
642779,0
642780,0
642781,22
642782,0
642783,0
642784,0
642785,0
642786,0
642787,0
642788,0
642789,0
642790,43
642791,20
642792,0
642793,34
642794,0
642795,0
642796,0
642797,0
642798,0
642799,0
642800,0
642801,0
642802,33
642803,0
642804,0
642805,0
642806,0
642807,0
642808,0
642809,38
642810,46
642811,33
642812,0
642813,38
642814,0
642815,0
642816,0
642817,47
642818,0
642819,0
642820,0
642821,0
642822,0
642823,0
642824,0
642825,0
642826,0
642827,0
642828,0
642829,0
642830,31
642831,0
642832,0
642833,0
642834,0
642835,0
642836,0
642837,0
642838,0
642839,0
642840,0
642841,0
642842,0
642843,0
642844,0
642845,0
642846,0
642847,29
642848,0
642849,0
642850,0
642851,0
642852,0
642853,24
642854,0
642855,0
642856,0
642857,0
642858,0
642859,0
642860,0
642861,0
642862,0
642863,0
642864,33
642865,0
642866,38
642867,0
642868,0
642869,0
642870,0
642871,0
642872,34
642873,0
642874,0
642875,0
642876,0
642877,0
642878,0
642879,0
642880,0
642881,0
642882,0
642883,0
642884,0
642885,0
642886,0
642887,0
642888,0
642889,32
642890,0
642891,0
642892,0
642893,0
642894,0
642895,28
642896,43
642897,0
642898,0
642899,27
642900,0
642901,0
642902,0
642903,0
642904,0
642905,44
642906,0
642907,30
642908,0
642909,0
642910,0
642911,0
642912,0
642913,48
642914,29
642915,0
642916,0
642917,0
642918,0
642919,0
642920,40
642921,0
642922,0
642923,0
642924,0
642925,0
642926,0
642927,0
642928,0
642929,0
642930,0
642931,0
642932,0
642933,0
642934,0
642935,0
642936,0
642937,0
642938,0
642939,0
642940,0
642941,0
642942,0
642943,0
642944,0
642945,0
642946,0
642947,0
642948,0
642949,0
642950,0
642951,9
642952,0
642953,3
642954,0
642955,0
642956,0
642957,0
642958,0
642959,0
642960,0
642961,0
642962,0
642963,0
642964,0
642965,0
642966,0
642967,4
642968,0
642969,0
642970,0
642971,0
642972,0
642973,0
642974,5
642975,0
642976,0
642977,0
642978,0
642979,0
642980,0
642981,0
642982,0
642983,0
642984,0
642985,0
642986,7
642987,0
642988,0
642989,7
642990,0
642991,0
642992,0
642993,0
642994,0
642995,0
642996,0
642997,0
642998,0
642999,0
643000,0
643001,0
643002,0
643003,0
643004,0
643005,0
643006,0
643007,0
643008,0
643009,0
643010,0
643011,0
643012,0
643013,0
643014,0
643015,0
643016,0
643017,0
643018,0
643019,0
643020,0
643021,0
643022,4
643023,0
643024,0
643025,0
643026,0
643027,0
643028,0
643029,0
643030,0
643031,0
643032,8
643033,0
643034,0
643035,0
643036,0
643037,0
643038,0
643039,0
643040,0
643041,0
643042,0
643043,0
643044,0
643045,0
643046,0
643047,0
643048,0
643049,0
643050,0
643051,0
643052,0
643053,0
643054,0
643055,0
643056,0
643057,0
643058,0
643059,0
643060,0
643061,0
643062,0
643063,7
643064,0
643065,0
643066,0
643067,0
643068,4
643069,0
643070,0
643071,0
643072,0
643073,0
643074,0
643075,0
643076,0
643077,0
643078,0
643079,0
643080,0
643081,3
643082,0
643083,0
643084,0
643085,0
643086,0
643087,4
643088,0
643089,0
643090,0
643091,0
643092,0
643093,0
643094,0
643095,0
643096,0
643097,0
643098,0
643099,0
643100,0
643101,0
643102,0
643103,0
643104,0
643105,0
643106,0
643107,0
643108,0
643109,0
643110,0
643111,9
643112,0
643113,0
643114,0
643115,0
643116,0
643117,0
643118,0
643119,0
643120,0
643121,11
643122,0
643123,0
643124,0
643125,0
643126,0
643127,0
643128,0
643129,0
643130,0
643131,0
643132,0
643133,5
643134,0
643135,0
643136,0
643137,0
643138,0
643139,0
643140,0
643141,0
643142,0
643143,0
643144,0
643145,9
643146,0
643147,0
643148,0
643149,0
643150,0
643151,3
643152,0
643153,0
643154,0
643155,0
643156,0
643157,0
643158,0
643159,0
643160,0
643161,7
643162,0
643163,0
643164,0
643165,0
643166,0
643167,0
643168,0
643169,0
643170,0
643171,5
643172,0
643173,0
643174,0
643175,0
643176,0
643177,0
643178,0
643179,0
643180,0
643181,0
643182,0
643183,0
643184,0
643185,0
643186,0
643187,0
643188,0
643189,0
643190,0
643191,0
643192,0
643193,0
643194,0
643195,0
643196,0
643197,0
643198,0
643199,0
643200,0
643201,0
643202,0
643203,0
643204,0
643205,0
643206,0
643207,0
643208,0
643209,0
643210,0
643211,0
643212,0
643213,0
643214,0
643215,10
643216,0
643217,0
643218,0
643219,0
643220,0
643221,7
643222,0
643223,7
643224,0
643225,0
643226,0
643227,0
643228,0
643229,0
643230,0
643231,0
643232,0
643233,0
643234,0
643235,0
643236,0
643237,0
643238,0
643239,0
643240,0
643241,0
643242,0
643243,0
643244,0
643245,0
643246,0
643247,0
643248,0
643249,0
643250,0
643251,0
643252,7
643253,0
643254,0
643255,0
643256,0
643257,0
643258,0
643259,0
643260,0
643261,0
643262,0
643263,0
643264,0
643265,0
643266,0
643267,0
643268,0
643269,0
643270,0
643271,0
643272,0
643273,0
643274,0
643275,0
643276,0
643277,0
643278,0
643279,0
643280,0
643281,0
643282,0
643283,0
643284,0
643285,0
643286,0
643287,0
643288,0
643289,0
643290,0
643291,0
643292,0
643293,0
643294,0
643295,0
643296,0
643297,0
643298,0
643299,0
643300,0
643301,0
643302,0
643303,0
643304,0
643305,0
643306,0
643307,0
643308,0
643309,6
643310,0
643311,0
643312,0
643313,0
643314,4
643315,0
643316,0
643317,0
643318,0
643319,0
643320,0
643321,0
643322,0
643323,0
643324,0
643325,0
643326,0
643327,0
643328,0
643329,0
643330,0
643331,0
643332,0
643333,0
643334,0
643335,0
643336,0
643337,0
643338,0
643339,0
643340,0
643341,0
643342,0
643343,0
643344,0
643345,0
643346,0
643347,4
643348,0
643349,0
643350,0
643351,0
643352,0
643353,0
643354,0
643355,0
643356,0
643357,0
643358,0
643359,0
643360,0
643361,0
643362,0
643363,0
643364,0
643365,5
643366,0
643367,0
643368,0
643369,0
643370,0
643371,0
643372,0
643373,0
643374,0
643375,0
643376,0
643377,0
643378,0
643379,0
643380,0
643381,0
643382,7
643383,0
643384,0
643385,0
643386,0
643387,0
643388,0
643389,0
643390,0
643391,0
643392,0
643393,0
643394,0
643395,0
643396,0
643397,0
643398,0
643399,0
643400,7
643401,0
643402,0
643403,0
643404,0
643405,0
643406,0
643407,0
643408,0
643409,0
643410,0
643411,4
643412,0
643413,0
643414,0
643415,0
643416,0
643417,0
643418,0
643419,0
643420,0
643421,0
643422,0
643423,0
643424,0
643425,0
643426,12
643427,0
643428,0
643429,0
643430,0
643431,0
643432,0
643433,0
643434,0
643435,0
643436,0
643437,4
643438,0
643439,0
643440,0
643441,0
643442,0
643443,0
643444,0
643445,0
643446,0
643447,0
643448,0
643449,0
643450,0
643451,0
643452,0
643453,0
643454,0
643455,0
643456,0
643457,0
643458,0
643459,0
643460,6
643461,0
643462,0
643463,9
643464,0
643465,0
643466,0
643467,0
643468,0
643469,0
643470,0
643471,7
643472,0
643473,0
643474,0
643475,0
643476,0
643477,0
643478,0
643479,0
643480,0
643481,0
643482,0
643483,0
643484,0
643485,0
643486,3
643487,4
643488,0
643489,0
643490,0
643491,6
643492,0
643493,0
643494,0
643495,0
643496,0
643497,0
643498,0
643499,0
643500,10
643501,0
643502,0
643503,0
643504,0
643505,0
643506,0
643507,0
643508,0
643509,8
643510,0
643511,0
643512,0
643513,0
643514,2
643515,0
643516,0
643517,0
643518,0
643519,0
643520,0
643521,0
643522,0
643523,0
643524,0
643525,0
643526,0
643527,0
643528,0
643529,9
643530,0
643531,6
643532,0
643533,0
643534,0
643535,0
643536,0
643537,0
643538,0
643539,0
643540,0
643541,0
643542,0
643543,0
643544,0
643545,0
643546,0
643547,0
643548,0
643549,0
643550,0
643551,0
643552,0
643553,0
643554,0
643555,0
643556,12
643557,0
643558,0
643559,0
643560,0
643561,0
643562,0
643563,0
643564,0
643565,0
643566,0
643567,0
643568,0
643569,0
643570,0
643571,0
643572,0
643573,0
643574,0
643575,0
643576,4
643577,0
643578,0
643579,0
643580,0
643581,0
643582,0
643583,0
643584,0
643585,0
643586,0
643587,0
643588,0
643589,0
643590,7
643591,0
643592,0
643593,0
643594,0
643595,0
643596,0
643597,0
643598,7
643599,0
643600,0
643601,0
643602,0
643603,0
643604,0
643605,0
643606,0
643607,0
643608,0
643609,0
643610,0
643611,0
643612,0
643613,0
643614,0
643615,0
643616,0
643617,0
643618,0
643619,0
643620,3
643621,0
643622,0
643623,0
643624,0
643625,0
643626,0
643627,0
643628,0
643629,0
643630,0
643631,0
643632,0
643633,0
643634,0
643635,0
643636,0
643637,0
643638,0
643639,0
643640,0
643641,0
643642,0
643643,0
643644,0
643645,0
643646,0
643647,0
643648,0
643649,0
643650,0
643651,0
643652,0
643653,0
643654,0
643655,0
643656,0
643657,0
643658,0
643659,0
643660,0
643661,0
643662,0
643663,0
643664,0
643665,0
643666,0
643667,0
643668,0
643669,0
643670,0
643671,0
643672,0
643673,0
643674,0
643675,0
643676,0
643677,0
643678,0
643679,0
643680,0
643681,0
643682,0
643683,0
643684,0
643685,0
643686,0
643687,0
643688,0
643689,0
643690,0
643691,0
643692,0
643693,0
643694,0
643695,0
643696,0
643697,0
643698,0
643699,0
643700,0
643701,0
643702,16
643703,0
643704,0
643705,0
643706,0
643707,0
643708,0
643709,0
643710,0
643711,16
643712,0
643713,30
643714,0
643715,23
643716,0
643717,0
643718,0
643719,0
643720,0
643721,0
643722,0
643723,33
643724,0
643725,0
643726,0
643727,0
643728,0
643729,0
643730,0
643731,22
643732,0
643733,0
643734,0
643735,0
643736,20
643737,0
643738,0
643739,0
643740,0
643741,0
643742,0
643743,0
643744,0
643745,0
643746,0
643747,0
643748,0
643749,0
643750,0
643751,17
643752,0
643753,0
643754,0
643755,0
643756,0
643757,0
643758,0
643759,0
643760,0
643761,0
643762,0
643763,0
643764,0
643765,0
643766,0
643767,0
643768,0
643769,0
643770,0
643771,0
643772,0
643773,0
643774,0
643775,0
643776,0
643777,0
643778,0
643779,0
643780,0
643781,0
643782,0
643783,0
643784,0
643785,0
643786,0
643787,0
643788,0
643789,0
643790,0
643791,0
643792,0
643793,0
643794,0
643795,0
643796,0
643797,0
643798,0
643799,31
643800,0
643801,0
643802,0
643803,0
643804,0
643805,0
643806,0
643807,0
643808,0
643809,16
643810,0
643811,0
643812,0
643813,0
643814,0
643815,0
643816,0
643817,0
643818,0
643819,0
643820,0
643821,0
643822,0
643823,0
643824,0
643825,0
643826,0
643827,0
643828,0
643829,0
643830,0
643831,0
643832,0
643833,0
643834,0
643835,0
643836,0
643837,0
643838,0
643839,0
643840,0
643841,0
643842,0
643843,0
643844,0
643845,0
643846,0
643847,0
643848,0
643849,0
643850,0
643851,0
643852,0
643853,0
643854,0
643855,0
643856,0
643857,0
643858,0
643859,0
643860,0
643861,0
643862,0
643863,0
643864,0
643865,0
643866,0
643867,0
643868,0
643869,0
643870,0
643871,0
643872,0
643873,0
643874,0
643875,0
643876,0
643877,0
643878,0
643879,0
643880,0
643881,0
643882,0
643883,0
643884,0
643885,0
643886,0
643887,0
643888,0
643889,0
643890,0
643891,0
643892,0
643893,0
643894,0
643895,0
643896,0
643897,0
643898,0
643899,0
643900,0
643901,0
643902,0
643903,0
643904,0
643905,0
643906,0
643907,0
643908,0
643909,0
643910,0
643911,0
643912,0
643913,0
643914,0
643915,0
643916,0
643917,20
643918,0
643919,23
643920,0
643921,0
643922,0
643923,0
643924,0
643925,0
643926,0
643927,0
643928,0
643929,0
643930,0
643931,0
643932,0
643933,0
643934,0
643935,0
643936,0
643937,28
643938,0
643939,0
643940,0
643941,0
643942,0
643943,0
643944,0
643945,0
643946,0
643947,0
643948,0
643949,0
643950,0
643951,0
643952,0
643953,0
643954,0
643955,0
643956,0
643957,0
643958,17
643959,0
643960,0
643961,0
643962,0
643963,0
643964,0
643965,0
643966,0
643967,0
643968,0
643969,0
643970,0
643971,26
643972,0
643973,0
643974,0
643975,0
643976,0
643977,0
643978,0
643979,0
643980,0
643981,0
643982,0
643983,0
643984,0
643985,0
643986,0
643987,0
643988,0
643989,0
643990,0
643991,0
643992,0
643993,0
643994,30
643995,0
643996,0
643997,0
643998,0
643999,0
644000,0
644001,0
644002,0
644003,0
644004,0
644005,0
644006,0
644007,0
644008,0
644009,0
644010,0
644011,0
644012,0
644013,29
644014,0
644015,0
644016,0
644017,0
644018,0
644019,0
644020,0
644021,0
644022,0
644023,0
644024,0
644025,0
644026,0
644027,18
644028,0
644029,0
644030,0
644031,0
644032,0
644033,0
644034,0
644035,0
644036,0
644037,26
644038,0
644039,0
644040,0
644041,24
644042,0
644043,0
644044,0
644045,0
644046,0
644047,0
644048,0
644049,35
644050,0
644051,0
644052,0
644053,0
644054,0
644055,0
644056,0
644057,0
644058,0
644059,0
644060,0
644061,0
644062,0
644063,0
644064,0
644065,0
644066,0
644067,0
644068,0
644069,0
644070,0
644071,0
644072,0
644073,0
644074,30
644075,0
644076,0
644077,0
644078,0
644079,0
644080,0
644081,0
644082,0
644083,0
644084,0
644085,0
644086,0
644087,0
644088,20
644089,0
644090,0
644091,0
644092,0
644093,0
644094,0
644095,0
644096,0
644097,0
644098,0
644099,0
644100,0
644101,0
644102,0
644103,0
644104,0
644105,0
644106,0
644107,0
644108,0
644109,0
644110,0
644111,0
644112,0
644113,18
644114,0
644115,0
644116,0
644117,0
644118,0
644119,0
644120,0
644121,0
644122,0
644123,0
644124,0
644125,0
644126,0
644127,0
644128,0
644129,0
644130,0
644131,0
644132,0
644133,0
644134,0
644135,0
644136,0
644137,0
644138,0
644139,0
644140,0
644141,0
644142,0
644143,0
644144,0
644145,0
644146,0
644147,0
644148,0
644149,0
644150,0
644151,0
644152,0
644153,0
644154,0
644155,0
644156,0
644157,0
644158,0
644159,0
644160,0
644161,0
644162,0
644163,0
644164,0
644165,20
644166,0
644167,0
644168,0
644169,0
644170,23
644171,0
644172,0
644173,0
644174,0
644175,0
644176,0
644177,26
644178,28
644179,0
644180,0
644181,0
644182,0
644183,0
644184,0
644185,0
644186,0
644187,0
644188,0
644189,0
644190,24
644191,0
644192,0
644193,0
644194,0
644195,0
644196,0
644197,0
644198,0
644199,0
644200,0
644201,0
644202,0
644203,0
644204,0
644205,0
644206,0
644207,0
644208,0
644209,0
644210,0
644211,0
644212,0
644213,0
644214,0
644215,0
644216,0
644217,0
644218,0
644219,0
644220,0
644221,0
644222,0
644223,0
644224,0
644225,0
644226,0
644227,0
644228,0
644229,0
644230,0
644231,0
644232,0
644233,0
644234,0
644235,33
644236,0
644237,0
644238,0
644239,0
644240,0
644241,0
644242,0
644243,0
644244,0
644245,26
644246,0
644247,0
644248,0
644249,0
644250,0
644251,0
644252,0
644253,0
644254,0
644255,0
644256,0
644257,0
644258,0
644259,30
644260,0
644261,0
644262,0
644263,0
644264,0
644265,0
644266,0
644267,0
644268,0
644269,0
644270,0
644271,0
644272,0
644273,0
644274,0
644275,27
644276,0
644277,0
644278,0
644279,0
644280,0
644281,32
644282,0
644283,0
644284,0
644285,0
644286,0
644287,0
644288,16
644289,0
644290,0
644291,0
644292,0
644293,0
644294,0
644295,0
644296,0
644297,0
644298,0
644299,0
644300,18
644301,0
644302,0
644303,0
644304,0
644305,0
644306,0
644307,0
644308,22
644309,0
644310,0
644311,0
644312,4
644313,0
644314,0
644315,0
644316,0
644317,0
644318,0
644319,0
644320,0
644321,0
644322,0
644323,0
644324,0
644325,0
644326,0
644327,0
644328,0
644329,0
644330,0
644331,8
644332,0
644333,0
644334,0
644335,0
644336,0
644337,0
644338,0
644339,0
644340,0
644341,0
644342,7
644343,0
644344,6
644345,0
644346,0
644347,4
644348,0
644349,0
644350,0
644351,0
644352,0
644353,8
644354,0
644355,0
644356,0
644357,0
644358,0
644359,0
644360,0
644361,0
644362,0
644363,0
644364,10
644365,9
644366,0
644367,0
644368,0
644369,0
644370,0
644371,0
644372,6
644373,0
644374,0
644375,5
644376,0
644377,0
644378,7
644379,7
644380,0
644381,0
644382,0
644383,0
644384,3
644385,0
644386,0
644387,0
644388,0
644389,0
644390,0
644391,3
644392,7
644393,0
644394,0
644395,0
644396,0
644397,5
644398,0
644399,0
644400,0
644401,6
644402,0
644403,0
644404,6
644405,0
644406,0
644407,0
644408,0
644409,8
644410,0
644411,0
644412,0
644413,0
644414,0
644415,0
644416,0
644417,0
644418,0
644419,0
644420,0
644421,0
644422,0
644423,0
644424,0
644425,0
644426,0
644427,3
644428,0
644429,7
644430,9
644431,0
644432,0
644433,9
644434,0
644435,0
644436,0
644437,0
644438,0
644439,5
644440,0
644441,2
644442,0
644443,14
644444,0
644445,0
644446,0
644447,0
644448,0
644449,0
644450,0
644451,0
644452,0
644453,3
644454,9
644455,6
644456,0
644457,0
644458,0
644459,7
644460,7
644461,0
644462,0
644463,0
644464,0
644465,0
644466,0
644467,0
644468,0
644469,0
644470,5
644471,0
644472,0
644473,0
644474,0
644475,4
644476,2
644477,0
644478,0
644479,0
644480,0
644481,0
644482,4
644483,6
644484,0
644485,0
644486,0
644487,0
644488,0
644489,0
644490,0
644491,0
644492,0
644493,6
644494,6
644495,8
644496,0
644497,0
644498,0
644499,8
644500,0
644501,0
644502,7
644503,0
644504,0
644505,7
644506,8
644507,5
644508,0
644509,0
644510,0
644511,0
644512,0
644513,0
644514,0
644515,0
644516,0
644517,0
644518,2
644519,0
644520,0
644521,3
644522,0
644523,0
644524,0
644525,0
644526,5
644527,0
644528,0
644529,12
644530,0
644531,0
644532,0
644533,0
644534,0
644535,2
644536,6
644537,0
644538,0
644539,0
644540,6
644541,0
644542,0
644543,0
644544,0
644545,0
644546,0
644547,0
644548,0
644549,0
644550,0
644551,0
644552,0
644553,0
644554,0
644555,4
644556,0
644557,0
644558,2
644559,0
644560,0
644561,0
644562,0
644563,5
644564,29
644565,27
644566,0
644567,23
644568,17
644569,0
644570,0
644571,0
644572,0
644573,0
644574,0
644575,0
644576,0
644577,20
644578,0
644579,0
644580,31
644581,34
644582,20
644583,0
644584,25
644585,27
644586,0
644587,27
644588,15
644589,0
644590,0
644591,24
644592,19
644593,0
644594,20
644595,0
644596,20
644597,44
644598,0
644599,0
644600,31
644601,20
644602,0
644603,25
644604,0
644605,0
644606,25
644607,0
644608,0
644609,0
644610,0
644611,26
644612,0
644613,0
644614,30
644615,18
644616,23
644617,0
644618,0
644619,0
644620,0
644621,27
644622,27
644623,45
644624,0
644625,0
644626,0
644627,0
644628,0
644629,15
644630,0
644631,0
644632,0
644633,0
644634,0
644635,21
644636,22
644637,0
644638,0
644639,0
644640,26
644641,25
644642,0
644643,23
644644,0
644645,17
644646,0
644647,0
644648,16
644649,0
644650,24
644651,0
644652,0
644653,0
644654,20
644655,22
644656,34
644657,0
644658,0
644659,0
644660,0
644661,0
644662,0
644663,0
644664,0
644665,0
644666,0
644667,0
644668,20
644669,33
644670,0
644671,0
644672,0
644673,0
644674,26
644675,26
644676,20
644677,25
644678,24
644679,0
644680,0
644681,0
644682,0
644683,0
644684,27
644685,28
644686,29
644687,29
644688,0
644689,0
644690,21
644691,0
644692,25
644693,28
644694,0
644695,0
644696,0
644697,20
644698,0
644699,22
644700,32
644701,0
644702,0
644703,25
644704,0
644705,0
644706,0
644707,23
644708,0
644709,0
644710,0
644711,0
644712,0
644713,0
644714,0
644715,22
644716,0
644717,0
644718,20
644719,0
644720,40
644721,0
644722,0
644723,0
644724,28
644725,16
644726,0
644727,0
644728,30
644729,0
644730,0
644731,0
644732,31
644733,25
644734,0
644735,0
644736,0
644737,0
644738,28
644739,0
644740,24
644741,0
644742,0
644743,21
644744,0
644745,29
644746,0
644747,34
644748,0
644749,0
644750,0
644751,17
644752,0
644753,0
644754,0
644755,0
644756,26
644757,0
644758,22
644759,0
644760,0
644761,0
644762,0
644763,29
644764,0
644765,0
644766,0
644767,0
644768,0
644769,17
644770,0
644771,0
644772,27
644773,0
644774,20
644775,0
644776,0
644777,0
644778,26
644779,0
644780,0
644781,27
644782,0
644783,0
644784,0
644785,23
644786,0
644787,0
644788,0
644789,0
644790,0
644791,0
644792,13
644793,0
644794,0
644795,0
644796,33
644797,0
644798,0
644799,16
644800,0
644801,0
644802,0
644803,0
644804,0
644805,15
644806,0
644807,39
644808,0
644809,0
644810,0
644811,0
644812,0
644813,18
644814,0
644815,0
644816,23
644817,35
644818,23
644819,0
644820,0
644821,28
644822,0
644823,35
644824,0
644825,0
644826,29
644827,20
644828,0
644829,0
644830,0
644831,28
644832,0
644833,0
644834,0
644835,0
644836,0
644837,0
644838,0
644839,0
644840,0
644841,21
644842,0
644843,0
644844,0
644845,0
644846,0
644847,0
644848,0
644849,16
644850,0
644851,0
644852,0
644853,22
644854,19
644855,0
644856,0
644857,0
644858,24
644859,0
644860,23
644861,0
644862,0
644863,24
644864,0
644865,0
644866,0
644867,14
644868,0
644869,0
644870,20
644871,0
644872,0
644873,31
644874,0
644875,0
644876,28
644877,25
644878,13
644879,0
644880,0
644881,0
644882,0
644883,0
644884,22
644885,0
644886,0
644887,0
644888,0
644889,0
644890,0
644891,0
644892,0
644893,0
644894,0
644895,24
644896,30
644897,28
644898,0
644899,0
644900,26
644901,0
644902,36
644903,0
644904,0
644905,22
644906,26
644907,35
644908,0
644909,23
644910,0
644911,25
644912,0
644913,0
644914,0
644915,0
644916,0
644917,0
644918,23
644919,0
644920,0
644921,0
644922,0
644923,0
644924,29
644925,0
644926,0
644927,0
644928,0
644929,0
644930,0
644931,0
644932,0
644933,0
644934,20
644935,0
644936,0
644937,0
644938,0
644939,0
644940,0
644941,29
644942,0
644943,0
644944,0
644945,0
644946,0
644947,0
644948,22
644949,0
644950,0
644951,35
644952,0
644953,22
644954,28
644955,0
644956,25
644957,0
644958,0
644959,0
644960,29
644961,0
644962,0
644963,30
644964,0
644965,0
644966,27
644967,21
644968,0
644969,0
644970,0
644971,0
644972,0
644973,0
644974,20
644975,16
644976,0
644977,22
644978,0
644979,0
644980,24
644981,0
644982,0
644983,0
644984,0
644985,0
644986,0
644987,0
644988,16
644989,0
644990,0
644991,27
644992,20
644993,0
644994,0
644995,0
644996,28
644997,0
644998,0
644999,0
645000,23
645001,0
645002,0
645003,0
645004,0
645005,0
645006,18
645007,0
645008,0
645009,0
645010,0
645011,0
645012,0
645013,24
645014,0
645015,25
645016,0
645017,0
645018,42
645019,0
645020,13
645021,21
645022,26
645023,0
645024,13
645025,27
645026,0
645027,0
645028,0
645029,23
645030,0
645031,0
645032,0
645033,0
645034,0
645035,0
645036,0
645037,27
645038,42
645039,0
645040,22
645041,22
645042,0
645043,0
645044,0
645045,23
645046,0
645047,0
645048,0
645049,0
645050,20
645051,0
645052,0
645053,0
645054,0
645055,20
645056,0
645057,0
645058,20
645059,0
645060,0
645061,27
645062,0
645063,0
645064,0
645065,0
645066,0
645067,0
645068,0
645069,0
645070,0
645071,0
645072,21
645073,23
645074,0
645075,29
645076,20
645077,0
645078,0
645079,0
645080,0
645081,28
645082,0
645083,24
645084,0
645085,0
645086,20
645087,0
645088,23
645089,44
645090,28
645091,0
645092,0
645093,0
645094,0
645095,0
645096,15
645097,0
645098,0
645099,0
645100,22
645101,0
645102,0
645103,0
645104,23
645105,0
645106,14
645107,18
645108,22
645109,0
645110,0
645111,21
645112,0
645113,0
645114,0
645115,0
645116,27
645117,0
645118,19
645119,18
645120,22
645121,0
645122,0
645123,18
645124,0
645125,26
645126,20
645127,0
645128,0
645129,21
645130,31
645131,0
645132,0
645133,0
645134,0
645135,0
645136,28
645137,0
645138,28
645139,20
645140,0
645141,0
645142,0
645143,0
645144,0
645145,0
645146,0
645147,0
645148,37
645149,0
645150,0
645151,0
645152,0
645153,0
645154,0
645155,0
645156,0
645157,0
645158,19
645159,0
645160,0
645161,0
645162,0
645163,0
645164,0
645165,0
645166,0
645167,0
645168,0
645169,0
645170,0
645171,0
645172,0
645173,0
645174,0
645175,0
645176,0
645177,0
645178,0
645179,0
645180,0
645181,0
645182,0
645183,0
645184,0
645185,0
645186,28
645187,0
645188,16
645189,17
645190,0
645191,0
645192,22
645193,30
645194,0
645195,15
645196,0
645197,0
645198,0
645199,0
645200,24
645201,19
645202,26
645203,29
645204,21
645205,22
645206,25
645207,0
645208,0
645209,0
645210,0
645211,0
645212,0
645213,0
645214,0
645215,0
645216,0
645217,19
645218,0
645219,0
645220,0
645221,0
645222,0
645223,0
645224,0
645225,21
645226,20
645227,0
645228,23
645229,0
645230,0
645231,0
645232,0
645233,25
645234,0
645235,25
645236,0
645237,20
645238,0
645239,22
645240,0
645241,0
645242,0
645243,0
645244,0
645245,0
645246,0
645247,0
645248,0
645249,0
645250,0
645251,0
645252,0
645253,0
645254,0
645255,0
645256,0
645257,0
645258,0
645259,25
645260,0
645261,0
645262,0
645263,0
645264,0
645265,0
645266,0
645267,0
645268,33
645269,0
645270,0
645271,0
645272,0
645273,0
645274,0
645275,21
645276,0
645277,0
645278,0
645279,0
645280,22
645281,0
645282,0
645283,0
645284,0
645285,0
645286,0
645287,0
645288,0
645289,29
645290,0
645291,0
645292,0
645293,0
645294,25
645295,0
645296,0
645297,0
645298,0
645299,0
645300,0
645301,0
645302,0
645303,0
645304,27
645305,0
645306,0
645307,46
645308,0
645309,28
645310,0
645311,0
645312,0
645313,0
645314,0
645315,0
645316,0
645317,0
645318,44
645319,0
645320,36
645321,24
645322,30
645323,33
645324,0
645325,0
645326,0
645327,0
645328,0
645329,0
645330,0
645331,0
645332,0
645333,0
645334,0
645335,0
645336,38
645337,34
645338,44
645339,32
645340,0
645341,0
645342,38
645343,0
645344,0
645345,0
645346,45
645347,0
645348,0
645349,21
645350,0
645351,0
645352,36
645353,0
645354,0
645355,0
645356,0
645357,0
645358,0
645359,0
645360,37
645361,0
645362,0
645363,0
645364,0
645365,0
645366,0
645367,43
645368,24
645369,0
645370,27
645371,0
645372,33
645373,0
645374,0
645375,0
645376,0
645377,0
645378,0
645379,0
645380,33
645381,34
645382,41
645383,0
645384,0
645385,31
645386,0
645387,0
645388,0
645389,0
645390,0
645391,0
645392,0
645393,0
645394,53
645395,32
645396,31
645397,30
645398,30
645399,0
645400,41
645401,41
645402,0
645403,0
645404,33
645405,0
645406,38
645407,0
645408,0
645409,0
645410,0
645411,0
645412,0
645413,0
645414,33
645415,0
645416,43
645417,0
645418,32
645419,0
645420,0
645421,0
645422,0
645423,0
645424,0
645425,0
645426,40
645427,28
645428,0
645429,0
645430,0
645431,0
645432,28
645433,33
645434,0
645435,0
645436,0
645437,0
645438,0
645439,0
645440,0
645441,0
645442,0
645443,27
645444,0
645445,0
645446,34
645447,0
645448,0
645449,37
645450,0
645451,0
645452,0
645453,41
645454,0
645455,0
645456,0
645457,0
645458,0
645459,0
645460,33
645461,0
645462,0
645463,31
645464,0
645465,0
645466,0
645467,0
645468,0
645469,0
645470,0
645471,0
645472,0
645473,0
645474,0
645475,0
645476,0
645477,31
645478,0
645479,43
645480,0
645481,0
645482,33
645483,0
645484,0
645485,30
645486,0
645487,0
645488,0
645489,32
645490,0
645491,0
645492,0
645493,27
645494,0
645495,0
645496,18
645497,0
645498,0
645499,25
645500,41
645501,0
645502,33
645503,0
645504,0
645505,0
645506,0
645507,0
645508,0
645509,0
645510,0
645511,0
645512,0
645513,35
645514,0
645515,0
645516,0
645517,0
645518,28
645519,0
645520,0
645521,23
645522,0
645523,0
645524,0
645525,0
645526,0
645527,0
645528,0
645529,0
645530,0
645531,32
645532,30
645533,0
645534,0
645535,0
645536,0
645537,0
645538,0
645539,0
645540,36
645541,46
645542,0
645543,0
645544,0
645545,0
645546,45
645547,0
645548,0
645549,32
645550,0
645551,0
645552,35
645553,0
645554,37
645555,0
645556,28
645557,0
645558,0
645559,0
645560,0
645561,0
645562,0
645563,0
645564,0
645565,15
645566,0
645567,0
645568,0
645569,0
645570,0
645571,0
645572,0
645573,8
645574,0
645575,0
645576,0
645577,18
645578,18
645579,0
645580,13
645581,0
645582,0
645583,11
645584,27
645585,0
645586,0
645587,0
645588,0
645589,0
645590,0
645591,0
645592,0
645593,10
645594,0
645595,0
645596,12
645597,0
645598,0
645599,0
645600,9
645601,0
645602,9
645603,0
645604,0
645605,0
645606,21
645607,0
645608,0
645609,0
645610,0
645611,16
645612,0
645613,18
645614,0
645615,0
645616,0
645617,0
645618,0
645619,18
645620,0
645621,17
645622,0
645623,0
645624,0
645625,0
645626,0
645627,0
645628,0
645629,0
645630,8
645631,14
645632,0
645633,9
645634,0
645635,16
645636,0
645637,8
645638,0
645639,0
645640,0
645641,0
645642,0
645643,0
645644,10
645645,8
645646,13
645647,0
645648,11
645649,0
645650,0
645651,0
645652,11
645653,0
645654,0
645655,0
645656,0
645657,0
645658,0
645659,0
645660,9
645661,8
645662,13
645663,0
645664,0
645665,0
645666,0
645667,12
645668,8
645669,0
645670,13
645671,9
645672,0
645673,0
645674,0
645675,12
645676,0
645677,0
645678,11
645679,0
645680,0
645681,9
645682,0
645683,0
645684,0
645685,0
645686,0
645687,9
645688,0
645689,0
645690,0
645691,14
645692,0
645693,0
645694,0
645695,0
645696,0
645697,0
645698,0
645699,17
645700,0
645701,0
645702,0
645703,0
645704,0
645705,0
645706,0
645707,0
645708,0
645709,0
645710,0
645711,0
645712,0
645713,0
645714,0
645715,0
645716,0
645717,0
645718,11
645719,0
645720,19
645721,0
645722,0
645723,0
645724,0
645725,0
645726,0
645727,0
645728,0
645729,0
645730,0
645731,0
645732,0
645733,0
645734,0
645735,0
645736,0
645737,0
645738,0
645739,0
645740,0
645741,0
645742,0
645743,0
645744,0
645745,0
645746,0
645747,0
645748,0
645749,0
645750,0
645751,0
645752,0
645753,0
645754,0
645755,0
645756,0
645757,0
645758,14
645759,0
645760,15
645761,0
645762,0
645763,10
645764,14
645765,18
645766,0
645767,0
645768,15
645769,0
645770,0
645771,10
645772,0
645773,0
645774,0
645775,0
645776,18
645777,0
645778,0
645779,0
645780,0
645781,0
645782,0
645783,0
645784,0
645785,0
645786,0
645787,0
645788,0
645789,9
645790,15
645791,13
645792,0
645793,0
645794,21
645795,0
645796,0
645797,0
645798,0
645799,0
645800,0
645801,0
645802,0
645803,0
645804,0
645805,0
645806,0
645807,0
645808,0
645809,0
645810,0
645811,18
645812,0
645813,0
645814,0
645815,0
645816,15
645817,0
645818,0
645819,0
645820,0
645821,10
645822,0
645823,0
645824,0
645825,0
645826,15
645827,24
645828,0
645829,0
645830,0
645831,0
645832,0
645833,0
645834,0
645835,0
645836,17
645837,0
645838,0
645839,0
645840,0
645841,0
645842,0
645843,0
645844,15
645845,0
645846,11
645847,0
645848,0
645849,0
645850,0
645851,0
645852,0
645853,15
645854,0
645855,0
645856,0
645857,0
645858,15
645859,13
645860,0
645861,16
645862,13
645863,0
645864,0
645865,0
645866,17
645867,0
645868,0
645869,11
645870,0
645871,0
645872,0
645873,0
645874,16
645875,0
645876,0
645877,0
645878,12
645879,0
645880,23
645881,12
645882,17
645883,0
645884,0
645885,0
645886,0
645887,0
645888,13
645889,0
645890,0
645891,0
645892,0
645893,0
645894,0
645895,0
645896,0
645897,0
645898,8
645899,16
645900,0
645901,12
645902,0
645903,6
645904,0
645905,0
645906,0
645907,0
645908,0
645909,0
645910,0
645911,10
645912,0
645913,0
645914,19
645915,0
645916,0
645917,0
645918,0
645919,0
645920,0
645921,0
645922,0
645923,0
645924,0
645925,9
645926,11
645927,0
645928,0
645929,0
645930,11
645931,0
645932,19
645933,0
645934,11
645935,0
645936,0
645937,11
645938,16
645939,15
645940,0
645941,0
645942,0
645943,0
645944,0
645945,0
645946,0
645947,0
645948,15
645949,0
645950,18
645951,0
645952,0
645953,0
645954,0
645955,0
645956,0
645957,0
645958,0
645959,11
645960,16
645961,0
645962,0
645963,0
645964,11
645965,12
645966,0
645967,0
645968,9
645969,0
645970,0
645971,0
645972,0
645973,4
645974,0
645975,0
645976,0
645977,0
645978,0
645979,0
645980,12
645981,0
645982,0
645983,0
645984,0
645985,0
645986,0
645987,12
645988,0
645989,0
645990,10
645991,11
645992,0
645993,0
645994,0
645995,0
645996,0
645997,0
645998,0
645999,0
646000,10
646001,0
646002,0
646003,20
646004,0
646005,15
646006,0
646007,12
646008,0
646009,0
646010,9
646011,0
646012,0
646013,0
646014,0
646015,0
646016,0
646017,0
646018,0
646019,14
646020,0
646021,0
646022,0
646023,0
646024,0
646025,12
646026,0
646027,15
646028,15
646029,13
646030,22
646031,0
646032,0
646033,0
646034,0
646035,0
646036,0
646037,0
646038,0
646039,12
646040,0
646041,9
646042,6
646043,0
646044,0
646045,10
646046,8
646047,0
646048,0
646049,0
646050,14
646051,0
646052,0
646053,0
646054,12
646055,0
646056,0
646057,13
646058,0
646059,0
646060,0
646061,0
646062,0
646063,0
646064,13
646065,0
646066,0
646067,0
646068,0
646069,0
646070,0
646071,0
646072,0
646073,0
646074,0
646075,0
646076,0
646077,0
646078,15
646079,0
646080,0
646081,0
646082,0
646083,6
646084,20
646085,0
646086,0
646087,0
646088,0
646089,0
646090,13
646091,0
646092,0
646093,0
646094,7
646095,5
646096,0
646097,12
646098,0
646099,0
646100,17
646101,0
646102,0
646103,14
646104,0
646105,16
646106,0
646107,0
646108,0
646109,0
646110,0
646111,0
646112,16
646113,0
646114,11
646115,0
646116,0
646117,0
646118,0
646119,0
646120,0
646121,0
646122,15
646123,0
646124,25
646125,0
646126,11
646127,25
646128,0
646129,0
646130,0
646131,0
646132,0
646133,0
646134,0
646135,19
646136,14
646137,0
646138,26
646139,21
646140,0
646141,0
646142,16
646143,0
646144,24
646145,0
646146,20
646147,0
646148,15
646149,0
646150,0
646151,0
646152,0
646153,0
646154,0
646155,19
646156,0
646157,0
646158,0
646159,22
646160,21
646161,0
646162,19
646163,0
646164,0
646165,43
646166,0
646167,28
646168,0
646169,0
646170,47
646171,0
646172,0
646173,0
646174,0
646175,0
646176,0
646177,0
646178,0
646179,0
646180,0
646181,0
646182,0
646183,34
646184,0
646185,0
646186,32
646187,0
646188,32
646189,0
646190,27
646191,0
646192,0
646193,0
646194,0
646195,0
646196,0
646197,50
646198,30
646199,0
646200,39
646201,0
646202,0
646203,0
646204,33
646205,32
646206,51
646207,0
646208,25
646209,0
646210,0
646211,0
646212,0
646213,34
646214,0
646215,0
646216,0
646217,0
646218,0
646219,0
646220,0
646221,41
646222,0
646223,0
646224,0
646225,0
646226,0
646227,0
646228,0
646229,47
646230,0
646231,0
646232,0
646233,0
646234,0
646235,32
646236,0
646237,0
646238,0
646239,0
646240,0
646241,24
646242,0
646243,0
646244,0
646245,0
646246,0
646247,0
646248,0
646249,0
646250,0
646251,0
646252,28
646253,0
646254,0
646255,0
646256,44
646257,35
646258,39
646259,0
646260,0
646261,0
646262,0
646263,0
646264,0
646265,41
646266,31
646267,0
646268,0
646269,0
646270,0
646271,0
646272,41
646273,0
646274,0
646275,0
646276,0
646277,0
646278,0
646279,0
646280,37
646281,0
646282,27
646283,0
646284,0
646285,0
646286,0
646287,0
646288,0
646289,0
646290,21
646291,0
646292,0
646293,0
646294,0
646295,0
646296,34
646297,30
646298,40
646299,0
646300,42
646301,35
646302,0
646303,0
646304,33
646305,0
646306,0
646307,0
646308,49
646309,0
646310,0
646311,27
646312,0
646313,0
646314,0
646315,0
646316,0
646317,24
646318,0
646319,0
646320,0
646321,0
646322,0
646323,0
646324,0
646325,0
646326,0
646327,0
646328,0
646329,0
646330,0
646331,0
646332,0
646333,0
646334,0
646335,0
646336,23
646337,19
646338,0
646339,0
646340,0
646341,0
646342,30
646343,0
646344,0
646345,0
646346,33
646347,0
646348,36
646349,0
646350,37
646351,0
646352,0
646353,20
646354,0
646355,0
646356,0
646357,0
646358,48
646359,0
646360,0
646361,0
646362,0
646363,0
646364,0
646365,0
646366,0
646367,0
646368,36
646369,0
646370,0
646371,0
646372,0
646373,0
646374,46
646375,0
646376,0
646377,0
646378,0
646379,0
646380,36
646381,0
646382,0
646383,0
646384,0
646385,0
646386,0
646387,0
646388,0
646389,0
646390,0
646391,0
646392,0
646393,0
646394,0
646395,0
646396,0
646397,0
646398,0
646399,0
646400,26
646401,0
646402,0
646403,0
646404,0
646405,0
646406,0
646407,0
646408,0
646409,0
646410,0
646411,20
646412,0
646413,0
646414,43
646415,0
646416,0
646417,0
646418,0
646419,0
646420,0
646421,0
646422,0
646423,0
646424,0
646425,0
646426,0
646427,36
646428,0
646429,49
646430,0
646431,0
646432,38
646433,34
646434,0
646435,0
646436,0
646437,33
646438,0
646439,0
646440,32
646441,0
646442,0
646443,0
646444,0
646445,0
646446,40
646447,0
646448,0
646449,0
646450,0
646451,0
646452,38
646453,33
646454,42
646455,0
646456,0
646457,0
646458,21
646459,0
646460,0
646461,0
646462,31
646463,39
646464,0
646465,0
646466,0
646467,0
646468,0
646469,0
646470,43
646471,25
646472,0
646473,0
646474,0
646475,0
646476,0
646477,0
646478,38
646479,33
646480,0
646481,0
646482,0
646483,65
646484,34
646485,26
646486,0
646487,0
646488,0
646489,37
646490,0
646491,40
646492,33
646493,0
646494,32
646495,40
646496,0
646497,0
646498,0
646499,37
646500,0
646501,32
646502,30
646503,0
646504,0
646505,33
646506,0
646507,0
646508,0
646509,0
646510,0
646511,41
646512,0
646513,0
646514,0
646515,31
646516,0
646517,0
646518,0
646519,0
646520,0
646521,28
646522,0
646523,0
646524,0
646525,0
646526,0
646527,0
646528,0
646529,0
646530,0
646531,46
646532,0
646533,0
646534,39
646535,32
646536,0
646537,0
646538,0
646539,0
646540,47
646541,53
646542,37
646543,0
646544,27
646545,0
646546,0
646547,0
646548,37
646549,0
646550,31
646551,0
646552,36
646553,0
646554,32
646555,0
646556,0
646557,53
646558,0
646559,28
646560,0
646561,0
646562,0
646563,48
646564,0
646565,22
646566,0
646567,0
646568,36
646569,0
646570,0
646571,0
646572,0
646573,0
646574,0
646575,26
646576,0
646577,0
646578,0
646579,0
646580,0
646581,0
646582,38
646583,0
646584,0
646585,0
646586,0
646587,0
646588,24
646589,29
646590,28
646591,0
646592,0
646593,32
646594,38
646595,0
646596,0
646597,0
646598,53
646599,0
646600,0
646601,0
646602,37
646603,0
646604,41
646605,0
646606,0
646607,0
646608,34
646609,0
646610,0
646611,0
646612,0
646613,0
646614,31
646615,0
646616,0
646617,0
646618,29
646619,0
646620,0
646621,0
646622,0
646623,0
646624,0
646625,0
646626,0
646627,34
646628,0
646629,0
646630,0
646631,0
646632,44
646633,29
646634,25
646635,27
646636,29
646637,35
646638,0
646639,0
646640,0
646641,0
646642,36
646643,24
646644,24
646645,26
646646,0
646647,0
646648,0
646649,0
646650,35
646651,0
646652,0
646653,0
646654,27
646655,33
646656,0
646657,45
646658,0
646659,23
646660,0
646661,0
646662,0
646663,0
646664,23
646665,0
646666,34
646667,0
646668,33
646669,0
646670,0
646671,0
646672,0
646673,44
646674,0
646675,0
646676,0
646677,36
646678,33
646679,0
646680,0
646681,0
646682,51
646683,26
646684,0
646685,28
646686,0
646687,0
646688,0
646689,0
646690,25
646691,33
646692,0
646693,0
646694,0
646695,0
646696,0
646697,0
646698,36
646699,53
646700,46
646701,38
646702,0
646703,0
646704,0
646705,0
646706,0
646707,0
646708,0
646709,0
646710,0
646711,0
646712,0
646713,35
646714,23
646715,0
646716,35
646717,0
646718,39
646719,0
646720,0
646721,0
646722,0
646723,0
646724,0
646725,0
646726,0
646727,0
646728,48
646729,0
646730,33
646731,0
646732,0
646733,0
646734,0
646735,0
646736,23
646737,0
646738,0
646739,0
646740,0
646741,0
646742,0
646743,0
646744,0
646745,0
646746,0
646747,30
646748,0
646749,0
646750,0
646751,0
646752,0
646753,0
646754,0
646755,0
646756,0
646757,0
646758,0
646759,0
646760,0
646761,0
646762,0
646763,0
646764,22
646765,36
646766,0
646767,0
646768,0
646769,0
646770,0
646771,39
646772,0
646773,0
646774,0
646775,0
646776,0
646777,0
646778,0
646779,0
646780,0
646781,28
646782,17
646783,43
646784,0
646785,0
646786,0
646787,0
646788,40
646789,0
646790,39
646791,0
646792,0
646793,0
646794,0
646795,0
646796,32
646797,25
646798,0
646799,0
646800,0
646801,0
646802,28
646803,0
646804,32
646805,21
646806,0
646807,0
646808,44
646809,45
646810,0
646811,26
646812,0
646813,0
646814,0
646815,0
646816,36
646817,0
646818,31
646819,0
646820,51
646821,38
646822,0
646823,0
646824,0
646825,0
646826,28
646827,0
646828,21
646829,40
646830,0
646831,0
646832,0
646833,0
646834,15
646835,0
646836,0
646837,0
646838,0
646839,0
646840,0
646841,27
646842,0
646843,0
646844,0
646845,0
646846,0
646847,0
646848,0
646849,0
646850,0
646851,0
646852,18
646853,0
646854,0
646855,0
646856,0
646857,0
646858,0
646859,0
646860,0
646861,0
646862,0
646863,0
646864,0
646865,0
646866,0
646867,0
646868,0
646869,0
646870,0
646871,0
646872,0
646873,0
646874,0
646875,0
646876,0
646877,0
646878,0
646879,0
646880,0
646881,0
646882,0
646883,12
646884,0
646885,0
646886,0
646887,0
646888,0
646889,0
646890,0
646891,0
646892,0
646893,0
646894,0
646895,0
646896,0
646897,0
646898,0
646899,0
646900,0
646901,0
646902,0
646903,27
646904,0
646905,0
646906,0
646907,0
646908,0
646909,0
646910,23
646911,0
646912,0
646913,0
646914,0
646915,0
646916,0
646917,26
646918,0
646919,0
646920,0
646921,0
646922,0
646923,0
646924,0
646925,20
646926,0
646927,22
646928,0
646929,0
646930,0
646931,0
646932,0
646933,0
646934,0
646935,0
646936,0
646937,0
646938,0
646939,0
646940,0
646941,0
646942,27
646943,0
646944,0
646945,0
646946,0
646947,0
646948,11
646949,0
646950,0
646951,0
646952,0
646953,34
646954,0
646955,0
646956,0
646957,0
646958,0
646959,0
646960,0
646961,0
646962,0
646963,0
646964,0
646965,0
646966,0
646967,0
646968,0
646969,0
646970,0
646971,0
646972,0
646973,17
646974,0
646975,0
646976,0
646977,22
646978,0
646979,0
646980,0
646981,0
646982,0
646983,0
646984,22
646985,0
646986,35
646987,15
646988,0
646989,0
646990,0
646991,24
646992,0
646993,18
646994,0
646995,0
646996,0
646997,0
646998,0
646999,0
647000,0
647001,0
647002,0
647003,0
647004,0
647005,0
647006,0
647007,0
647008,0
647009,0
647010,0
647011,0
647012,0
647013,0
647014,0
647015,0
647016,0
647017,0
647018,0
647019,0
647020,0
647021,0
647022,0
647023,23
647024,0
647025,0
647026,0
647027,0
647028,0
647029,0
647030,0
647031,0
647032,0
647033,0
647034,0
647035,37
647036,0
647037,0
647038,0
647039,0
647040,0
647041,30
647042,0
647043,0
647044,0
647045,0
647046,0
647047,0
647048,0
647049,0
647050,29
647051,0
647052,0
647053,0
647054,0
647055,0
647056,0
647057,33
647058,0
647059,0
647060,0
647061,0
647062,0
647063,0
647064,0
647065,0
647066,0
647067,0
647068,0
647069,0
647070,0
647071,0
647072,0
647073,31
647074,0
647075,0
647076,0
647077,0
647078,35
647079,0
647080,31
647081,0
647082,28
647083,0
647084,0
647085,0
647086,0
647087,0
647088,0
647089,0
647090,20
647091,0
647092,0
647093,0
647094,0
647095,32
647096,0
647097,25
647098,16
647099,0
647100,0
647101,0
647102,0
647103,0
647104,0
647105,0
647106,0
647107,0
647108,0
647109,0
647110,0
647111,0
647112,32
647113,0
647114,0
647115,0
647116,0
647117,18
647118,19
647119,0
647120,28
647121,22
647122,0
647123,0
647124,0
647125,0
647126,0
647127,0
647128,0
647129,0
647130,0
647131,23
647132,0
647133,0
647134,0
647135,0
647136,0
647137,0
647138,0
647139,0
647140,0
647141,0
647142,0
647143,0
647144,0
647145,0
647146,0
647147,0
647148,0
647149,0
647150,0
647151,0
647152,0
647153,0
647154,0
647155,0
647156,29
647157,0
647158,0
647159,0
647160,0
647161,19
647162,0
647163,0
647164,0
647165,0
647166,0
647167,0
647168,0
647169,0
647170,23
647171,0
647172,0
647173,0
647174,0
647175,0
647176,0
647177,0
647178,0
647179,0
647180,0
647181,0
647182,0
647183,0
647184,0
647185,32
647186,0
647187,0
647188,0
647189,33
647190,0
647191,0
647192,0
647193,0
647194,0
647195,0
647196,0
647197,0
647198,0
647199,0
647200,0
647201,0
647202,0
647203,0
647204,0
647205,21
647206,0
647207,0
647208,33
647209,31
647210,0
647211,0
647212,0
647213,0
647214,0
647215,0
647216,0
647217,0
647218,0
647219,0
647220,0
647221,0
647222,0
647223,0
647224,0
647225,0
647226,0
647227,0
647228,0
647229,0
647230,0
647231,0
647232,0
647233,0
647234,0
647235,0
647236,19
647237,0
647238,0
647239,0
647240,0
647241,0
647242,21
647243,36
647244,0
647245,0
647246,0
647247,0
647248,0
647249,0
647250,0
647251,0
647252,0
647253,0
647254,0
647255,0
647256,0
647257,0
647258,0
647259,0
647260,14
647261,0
647262,0
647263,0
647264,0
647265,0
647266,0
647267,0
647268,20
647269,0
647270,0
647271,0
647272,0
647273,0
647274,0
647275,0
647276,0
647277,0
647278,0
647279,0
647280,0
647281,0
647282,0
647283,0
647284,0
647285,0
647286,0
647287,0
647288,0
647289,0
647290,0
647291,0
647292,0
647293,0
647294,0
647295,0
647296,25
647297,0
647298,0
647299,0
647300,0
647301,0
647302,0
647303,0
647304,0
647305,0
647306,0
647307,0
647308,0
647309,0
647310,0
647311,0
647312,0
647313,0
647314,0
647315,9
647316,0
647317,0
647318,0
647319,0
647320,0
647321,0
647322,0
647323,0
647324,0
647325,0
647326,0
647327,0
647328,0
647329,0
647330,0
647331,0
647332,0
647333,0
647334,22
647335,0
647336,0
647337,25
647338,0
647339,0
647340,0
647341,0
647342,0
647343,0
647344,0
647345,0
647346,22
647347,19
647348,0
647349,0
647350,0
647351,0
647352,0
647353,0
647354,0
647355,0
647356,0
647357,0
647358,0
647359,0
647360,0
647361,0
647362,0
647363,0
647364,0
647365,0
647366,0
647367,0
647368,0
647369,0
647370,0
647371,0
647372,0
647373,0
647374,0
647375,28
647376,0
647377,0
647378,0
647379,0
647380,0
647381,20
647382,0
647383,0
647384,0
647385,0
647386,0
647387,0
647388,0
647389,0
647390,0
647391,0
647392,0
647393,0
647394,0
647395,0
647396,0
647397,0
647398,0
647399,26
647400,0
647401,0
647402,0
647403,0
647404,0
647405,0
647406,0
647407,0
647408,0
647409,0
647410,0
647411,0
647412,23
647413,0
647414,0
647415,0
647416,0
647417,0
647418,0
647419,0
647420,0
647421,0
647422,27
647423,0
647424,0
647425,0
647426,0
647427,0
647428,0
647429,31
647430,0
647431,0
647432,0
647433,0
647434,0
647435,0
647436,0
647437,0
647438,0
647439,0
647440,0
647441,0
647442,0
647443,0
647444,0
647445,33
647446,0
647447,0
647448,0
647449,0
647450,0
647451,0
647452,26
647453,0
647454,0
647455,0
647456,0
647457,0
647458,0
647459,0
647460,0
647461,0
647462,30
647463,0
647464,0
647465,0
647466,0
647467,0
647468,0
647469,0
647470,0
647471,21
647472,0
647473,24
647474,0
647475,0
647476,0
647477,0
647478,0
647479,29
647480,28
647481,0
647482,0
647483,0
647484,0
647485,0
647486,39
647487,20
647488,0
647489,0
647490,0
647491,25
647492,0
647493,0
647494,0
647495,0
647496,0
647497,0
647498,33
647499,0
647500,0
647501,0
647502,0
647503,0
647504,0
647505,0
647506,29
647507,0
647508,0
647509,0
647510,0
647511,0
647512,0
647513,0
647514,0
647515,0
647516,0
647517,0
647518,0
647519,0
647520,0
647521,0
647522,0
647523,0
647524,0
647525,0
647526,0
647527,0
647528,0
647529,0
647530,0
647531,0
647532,17
647533,21
647534,0
647535,0
647536,0
647537,0
647538,0
647539,0
647540,0
647541,0
647542,0
647543,0
647544,0
647545,0
647546,0
647547,0
647548,0
647549,0
647550,0
647551,0
647552,16
647553,0
647554,0
647555,0
647556,0
647557,0
647558,0
647559,0
647560,0
647561,0
647562,0
647563,0
647564,0
647565,0
647566,20
647567,0
647568,0
647569,0
647570,0
647571,0
647572,0
647573,0
647574,0
647575,0
647576,0
647577,0
647578,21
647579,0
647580,0
647581,0
647582,0
647583,0
647584,0
647585,0
647586,0
647587,0
647588,0
647589,0
647590,0
647591,0
647592,0
647593,0
647594,0
647595,0
647596,0
647597,0
647598,0
647599,0
647600,0
647601,0
647602,0
647603,0
647604,23
647605,0
647606,0
647607,0
647608,0
647609,0
647610,0
647611,0
647612,0
647613,0
647614,0
647615,26
647616,0
647617,0
647618,0
647619,0
647620,33
647621,21
647622,0
647623,0
647624,0
647625,0
647626,0
647627,0
647628,0
647629,0
647630,0
647631,0
647632,0
647633,0
647634,0
647635,0
647636,0
647637,0
647638,16
647639,0
647640,0
647641,0
647642,0
647643,0
647644,0
647645,0
647646,0
647647,0
647648,0
647649,0
647650,0
647651,0
647652,0
647653,0
647654,0
647655,0
647656,0
647657,0
647658,0
647659,0
647660,0
647661,0
647662,0
647663,0
647664,0
647665,0
647666,0
647667,0
647668,0
647669,0
647670,0
647671,0
647672,0
647673,21
647674,0
647675,0
647676,0
647677,0
647678,0
647679,0
647680,0
647681,0
647682,25
647683,0
647684,0
647685,0
647686,0
647687,22
647688,0
647689,27
647690,0
647691,24
647692,0
647693,20
647694,0
647695,0
647696,0
647697,0
647698,0
647699,0
647700,0
647701,0
647702,0
647703,0
647704,0
647705,0
647706,0
647707,0
647708,0
647709,0
647710,0
647711,0
647712,0
647713,0
647714,0
647715,0
647716,0
647717,0
647718,0
647719,0
647720,0
647721,0
647722,22
647723,0
647724,0
647725,0
647726,0
647727,0
647728,0
647729,0
647730,0
647731,0
647732,0
647733,0
647734,0
647735,0
647736,0
647737,19
647738,0
647739,0
647740,0
647741,0
647742,0
647743,0
647744,0
647745,0
647746,0
647747,0
647748,0
647749,0
647750,0
647751,0
647752,0
647753,24
647754,0
647755,0
647756,0
647757,0
647758,0
647759,0
647760,0
647761,0
647762,0
647763,0
647764,0
647765,0
647766,0
647767,0
647768,39
647769,0
647770,42
647771,0
647772,0
647773,0
647774,0
647775,0
647776,0
647777,0
647778,0
647779,0
647780,0
647781,0
647782,0
647783,0
647784,0
647785,0
647786,0
647787,0
647788,0
647789,0
647790,0
647791,0
647792,0
647793,28
647794,25
647795,0
647796,0
647797,0
647798,0
647799,0
647800,26
647801,0
647802,0
647803,0
647804,35
647805,28
647806,0
647807,0
647808,0
647809,0
647810,0
647811,0
647812,0
647813,0
647814,0
647815,0
647816,0
647817,0
647818,24
647819,51
647820,0
647821,0
647822,44
647823,0
647824,0
647825,39
647826,0
647827,0
647828,0
647829,0
647830,0
647831,0
647832,0
647833,0
647834,0
647835,0
647836,0
647837,0
647838,0
647839,0
647840,0
647841,0
647842,0
647843,0
647844,0
647845,0
647846,0
647847,0
647848,0
647849,0
647850,0
647851,0
647852,0
647853,0
647854,43
647855,0
647856,0
647857,0
647858,0
647859,0
647860,0
647861,0
647862,0
647863,0
647864,0
647865,0
647866,0
647867,0
647868,0
647869,0
647870,0
647871,0
647872,0
647873,0
647874,0
647875,0
647876,0
647877,0
647878,0
647879,0
647880,0
647881,0
647882,0
647883,0
647884,0
647885,0
647886,0
647887,0
647888,0
647889,0
647890,0
647891,0
647892,0
647893,0
647894,0
647895,0
647896,26
647897,0
647898,0
647899,0
647900,0
647901,0
647902,0
647903,0
647904,0
647905,0
647906,0
647907,0
647908,0
647909,0
647910,0
647911,0
647912,0
647913,0
647914,0
647915,0
647916,0
647917,0
647918,0
647919,0
647920,0
647921,0
647922,0
647923,0
647924,0
647925,0
647926,0
647927,0
647928,0
647929,0
647930,0
647931,0
647932,0
647933,0
647934,0
647935,0
647936,0
647937,0
647938,0
647939,0
647940,0
647941,0
647942,0
647943,29
647944,0
647945,0
647946,0
647947,0
647948,0
647949,0
647950,0
647951,35
647952,0
647953,0
647954,0
647955,0
647956,0
647957,0
647958,45
647959,0
647960,0
647961,0
647962,0
647963,0
647964,0
647965,0
647966,0
647967,0
647968,0
647969,0
647970,0
647971,0
647972,0
647973,0
647974,0
647975,0
647976,0
647977,0
647978,0
647979,0
647980,0
647981,0
647982,0
647983,0
647984,0
647985,0
647986,0
647987,0
647988,0
647989,0
647990,43
647991,0
647992,0
647993,0
647994,0
647995,0
647996,0
647997,0
647998,0
647999,0
648000,0
648001,0
648002,0
648003,0
648004,0
648005,0
648006,0
648007,0
648008,0
648009,0
648010,0
648011,0
648012,0
648013,0
648014,0
648015,46
648016,0
648017,0
648018,0
648019,0
648020,34
648021,0
648022,0
648023,0
648024,0
648025,0
648026,0
648027,0
648028,20
648029,0
648030,0
648031,0
648032,0
648033,0
648034,0
648035,0
648036,0
648037,0
648038,0
648039,0
648040,0
648041,0
648042,0
648043,0
648044,0
648045,0
648046,0
648047,0
648048,26
648049,0
648050,0
648051,0
648052,0
648053,0
648054,30
648055,0
648056,0
648057,31
648058,0
648059,0
648060,0
648061,0
648062,0
648063,0
648064,0
648065,0
648066,0
648067,52
648068,0
648069,0
648070,0
648071,0
648072,0
648073,0
648074,0
648075,0
648076,0
648077,0
648078,47
648079,0
648080,0
648081,0
648082,0
648083,0
648084,0
648085,0
648086,0
648087,0
648088,0
648089,0
648090,45
648091,0
648092,0
648093,0
648094,17
648095,0
648096,0
648097,0
648098,0
648099,0
648100,0
648101,0
648102,0
648103,0
648104,0
648105,0
648106,0
648107,0
648108,0
648109,0
648110,0
648111,0
648112,0
648113,0
648114,0
648115,0
648116,0
648117,0
648118,0
648119,0
648120,0
648121,0
648122,0
648123,30
648124,0
648125,0
648126,0
648127,0
648128,0
648129,0
648130,0
648131,0
648132,0
648133,0
648134,0
648135,0
648136,0
648137,0
648138,0
648139,0
648140,0
648141,0
648142,0
648143,0
648144,0
648145,22
648146,0
648147,0
648148,0
648149,0
648150,0
648151,0
648152,0
648153,0
648154,0
648155,0
648156,0
648157,0
648158,0
648159,0
648160,0
648161,0
648162,0
648163,0
648164,0
648165,0
648166,0
648167,0
648168,0
648169,0
648170,0
648171,0
648172,0
648173,0
648174,0
648175,0
648176,0
648177,0
648178,0
648179,0
648180,0
648181,0
648182,0
648183,0
648184,0
648185,0
648186,0
648187,0
648188,16
648189,37
648190,0
648191,0
648192,0
648193,0
648194,0
648195,0
648196,0
648197,0
648198,0
648199,0
648200,0
648201,0
648202,0
648203,0
648204,62
648205,0
648206,0
648207,0
648208,0
648209,0
648210,0
648211,0
648212,0
648213,0
648214,0
648215,0
648216,0
648217,0
648218,0
648219,0
648220,0
648221,0
648222,0
648223,0
648224,0
648225,0
648226,0
648227,0
648228,0
648229,0
648230,0
648231,0
648232,0
648233,0
648234,0
648235,34
648236,0
648237,0
648238,0
648239,0
648240,0
648241,26
648242,0
648243,0
648244,0
648245,0
648246,0
648247,0
648248,0
648249,0
648250,0
648251,0
648252,0
648253,0
648254,0
648255,0
648256,0
648257,0
648258,0
648259,0
648260,0
648261,0
648262,28
648263,0
648264,0
648265,0
648266,0
648267,0
648268,0
648269,0
648270,0
648271,0
648272,0
648273,0
648274,0
648275,0
648276,0
648277,0
648278,0
648279,0
648280,0
648281,0
648282,0
648283,0
648284,0
648285,0
648286,0
648287,0
648288,0
648289,0
648290,0
648291,49
648292,0
648293,0
648294,31
648295,0
648296,0
648297,0
648298,22
648299,0
648300,0
648301,0
648302,0
648303,0
648304,0
648305,0
648306,0
648307,0
648308,0
648309,0
648310,0
648311,0
648312,0
648313,0
648314,0
648315,0
648316,0
648317,0
648318,0
648319,0
648320,0
648321,0
648322,0
648323,0
648324,0
648325,0
648326,0
648327,0
648328,0
648329,0
648330,0
648331,0
648332,0
648333,0
648334,0
648335,0
648336,0
648337,0
648338,0
648339,0
648340,0
648341,0
648342,0
648343,0
648344,0
648345,0
648346,0
648347,0
648348,0
648349,0
648350,0
648351,35
648352,0
648353,32
648354,0
648355,51
648356,0
648357,0
648358,0
648359,0
648360,0
648361,0
648362,0
648363,0
648364,0
648365,0
648366,26
648367,0
648368,0
648369,60
648370,0
648371,0
648372,0
648373,0
648374,0
648375,0
648376,0
648377,0
648378,0
648379,0
648380,0
648381,0
648382,0
648383,0
648384,0
648385,0
648386,0
648387,0
648388,0
648389,0
648390,0
648391,39
648392,0
648393,0
648394,0
648395,0
648396,0
648397,0
648398,0
648399,0
648400,0
648401,0
648402,0
648403,35
648404,0
648405,0
648406,0
648407,0
648408,0
648409,0
648410,0
648411,0
648412,0
648413,0
648414,0
648415,0
648416,0
648417,0
648418,0
648419,0
648420,0
648421,0
648422,0
648423,0
648424,0
648425,0
648426,0
648427,0
648428,0
648429,0
648430,0
648431,0
648432,0
648433,0
648434,0
648435,16
648436,0
648437,0
648438,0
648439,0
648440,0
648441,0
648442,0
648443,0
648444,0
648445,22
648446,0
648447,0
648448,0
648449,0
648450,0
648451,0
648452,0
648453,0
648454,0
648455,0
648456,0
648457,0
648458,0
648459,0
648460,0
648461,0
648462,0
648463,0
648464,0
648465,0
648466,0
648467,0
648468,0
648469,0
648470,0
648471,0
648472,0
648473,0
648474,0
648475,0
648476,0
648477,21
648478,0
648479,27
648480,0
648481,0
648482,0
648483,0
648484,0
648485,0
648486,0
648487,0
648488,0
648489,0
648490,0
648491,0
648492,0
648493,0
648494,0
648495,0
648496,16
648497,0
648498,0
648499,0
648500,0
648501,0
648502,0
648503,0
648504,18
648505,0
648506,0
648507,0
648508,0
648509,0
648510,0
648511,0
648512,0
648513,0
648514,0
648515,0
648516,0
648517,21
648518,18
648519,0
648520,0
648521,0
648522,0
648523,0
648524,0
648525,0
648526,0
648527,0
648528,0
648529,0
648530,0
648531,0
648532,0
648533,0
648534,0
648535,0
648536,0
648537,0
648538,0
648539,0
648540,32
648541,0
648542,0
648543,0
648544,0
648545,0
648546,0
648547,0
648548,0
648549,0
648550,0
648551,0
648552,0
648553,0
648554,0
648555,0
648556,17
648557,0
648558,0
648559,0
648560,0
648561,0
648562,0
648563,0
648564,0
648565,0
648566,0
648567,0
648568,0
648569,0
648570,0
648571,0
648572,0
648573,0
648574,0
648575,0
648576,0
648577,0
648578,0
648579,0
648580,0
648581,0
648582,0
648583,0
648584,0
648585,0
648586,0
648587,0
648588,0
648589,0
648590,0
648591,0
648592,0
648593,0
648594,0
648595,0
648596,0
648597,0
648598,0
648599,0
648600,0
648601,0
648602,0
648603,15
648604,0
648605,0
648606,21
648607,22
648608,0
648609,0
648610,0
648611,0
648612,0
648613,0
648614,0
648615,0
648616,29
648617,0
648618,0
648619,0
648620,22
648621,0
648622,27
648623,0
648624,0
648625,0
648626,0
648627,0
648628,0
648629,0
648630,0
648631,0
648632,0
648633,0
648634,0
648635,0
648636,0
648637,0
648638,0
648639,0
648640,0
648641,0
648642,0
648643,0
648644,0
648645,0
648646,0
648647,0
648648,0
648649,0
648650,26
648651,32
648652,0
648653,23
648654,0
648655,0
648656,0
648657,0
648658,0
648659,0
648660,0
648661,0
648662,0
648663,0
648664,0
648665,0
648666,0
648667,0
648668,0
648669,0
648670,0
648671,0
648672,28
648673,0
648674,0
648675,0
648676,0
648677,0
648678,0
648679,0
648680,0
648681,0
648682,0
648683,0
648684,15
648685,0
648686,0
648687,0
648688,0
648689,0
648690,0
648691,0
648692,0
648693,0
648694,0
648695,0
648696,0
648697,0
648698,21
648699,0
648700,0
648701,0
648702,0
648703,0
648704,0
648705,0
648706,0
648707,18
648708,0
648709,30
648710,0
648711,13
648712,0
648713,0
648714,0
648715,19
648716,0
648717,0
648718,0
648719,0
648720,0
648721,0
648722,0
648723,0
648724,0
648725,0
648726,0
648727,0
648728,0
648729,0
648730,21
648731,0
648732,0
648733,22
648734,0
648735,0
648736,0
648737,0
648738,0
648739,0
648740,0
648741,0
648742,0
648743,0
648744,0
648745,22
648746,0
648747,0
648748,28
648749,20
648750,0
648751,0
648752,25
648753,0
648754,0
648755,0
648756,0
648757,16
648758,0
648759,0
648760,0
648761,0
648762,0
648763,0
648764,0
648765,0
648766,0
648767,0
648768,0
648769,0
648770,0
648771,0
648772,0
648773,0
648774,0
648775,0
648776,0
648777,0
648778,0
648779,0
648780,0
648781,0
648782,14
648783,0
648784,0
648785,0
648786,0
648787,0
648788,0
648789,0
648790,22
648791,0
648792,0
648793,0
648794,0
648795,0
648796,0
648797,0
648798,0
648799,0
648800,0
648801,0
648802,25
648803,0
648804,0
648805,0
648806,0
648807,0
648808,14
648809,0
648810,15
648811,23
648812,0
648813,0
648814,0
648815,0
648816,0
648817,26
648818,0
648819,0
648820,0
648821,0
648822,0
648823,0
648824,0
648825,0
648826,0
648827,0
648828,0
648829,0
648830,0
648831,0
648832,0
648833,0
648834,0
648835,0
648836,0
648837,0
648838,0
648839,0
648840,0
648841,0
648842,0
648843,0
648844,0
648845,0
648846,0
648847,0
648848,0
648849,0
648850,0
648851,0
648852,27
648853,0
648854,0
648855,10
648856,0
648857,0
648858,0
648859,0
648860,0
648861,0
648862,0
648863,0
648864,21
648865,0
648866,0
648867,0
648868,0
648869,0
648870,0
648871,0
648872,0
648873,0
648874,0
648875,0
648876,20
648877,0
648878,20
648879,0
648880,0
648881,11
648882,0
648883,17
648884,20
648885,0
648886,0
648887,0
648888,0
648889,0
648890,0
648891,0
648892,0
648893,0
648894,0
648895,0
648896,0
648897,0
648898,0
648899,0
648900,0
648901,0
648902,15
648903,0
648904,0
648905,0
648906,0
648907,0
648908,0
648909,0
648910,0
648911,0
648912,0
648913,17
648914,0
648915,22
648916,0
648917,19
648918,0
648919,0
648920,0
648921,0
648922,0
648923,0
648924,0
648925,0
648926,0
648927,21
648928,25
648929,0
648930,0
648931,0
648932,0
648933,0
648934,0
648935,0
648936,34
648937,0
648938,21
648939,0
648940,19
648941,0
648942,0
648943,0
648944,0
648945,19
648946,0
648947,0
648948,0
648949,0
648950,0
648951,0
648952,0
648953,0
648954,0
648955,37
648956,0
648957,0
648958,0
648959,0
648960,0
648961,0
648962,0
648963,0
648964,0
648965,0
648966,0
648967,0
648968,0
648969,0
648970,0
648971,0
648972,0
648973,0
648974,0
648975,0
648976,0
648977,0
648978,0
648979,0
648980,0
648981,14
648982,0
648983,0
648984,0
648985,30
648986,0
648987,19
648988,0
648989,0
648990,0
648991,0
648992,0
648993,0
648994,0
648995,0
648996,0
648997,0
648998,0
648999,0
649000,0
649001,0
649002,0
649003,0
649004,21
649005,0
649006,0
649007,25
649008,0
649009,0
649010,0
649011,30
649012,22
649013,0
649014,0
649015,0
649016,0
649017,0
649018,0
649019,0
649020,15
649021,0
649022,0
649023,0
649024,0
649025,0
649026,0
649027,0
649028,0
649029,0
649030,0
649031,0
649032,0
649033,0
649034,0
649035,0
649036,0
649037,0
649038,3
649039,0
649040,0
649041,0
649042,0
649043,0
649044,0
649045,0
649046,0
649047,0
649048,0
649049,0
649050,13
649051,0
649052,0
649053,0
649054,0
649055,0
649056,0
649057,0
649058,8
649059,0
649060,0
649061,0
649062,0
649063,0
649064,0
649065,0
649066,0
649067,0
649068,0
649069,0
649070,0
649071,0
649072,0
649073,0
649074,10
649075,0
649076,0
649077,0
649078,0
649079,0
649080,3
649081,0
649082,8
649083,0
649084,0
649085,0
649086,0
649087,0
649088,0
649089,8
649090,0
649091,0
649092,10
649093,0
649094,0
649095,0
649096,0
649097,0
649098,0
649099,0
649100,13
649101,0
649102,0
649103,0
649104,5
649105,0
649106,0
649107,0
649108,0
649109,0
649110,0
649111,9
649112,0
649113,0
649114,0
649115,13
649116,13
649117,0
649118,5
649119,10
649120,0
649121,0
649122,0
649123,12
649124,0
649125,0
649126,0
649127,0
649128,0
649129,0
649130,0
649131,11
649132,0
649133,0
649134,0
649135,0
649136,0
649137,0
649138,0
649139,0
649140,11
649141,0
649142,0
649143,0
649144,0
649145,0
649146,0
649147,0
649148,0
649149,6
649150,0
649151,0
649152,0
649153,0
649154,0
649155,0
649156,0
649157,0
649158,0
649159,0
649160,8
649161,0
649162,5
649163,0
649164,0
649165,0
649166,11
649167,0
649168,0
649169,0
649170,0
649171,18
649172,0
649173,0
649174,4
649175,0
649176,0
649177,0
649178,0
649179,0
649180,0
649181,0
649182,0
649183,0
649184,0
649185,0
649186,0
649187,4
649188,0
649189,10
649190,0
649191,0
649192,0
649193,0
649194,0
649195,0
649196,0
649197,0
649198,0
649199,0
649200,0
649201,0
649202,0
649203,0
649204,0
649205,0
649206,0
649207,0
649208,0
649209,0
649210,0
649211,0
649212,0
649213,0
649214,0
649215,0
649216,8
649217,0
649218,0
649219,0
649220,0
649221,0
649222,0
649223,0
649224,0
649225,0
649226,0
649227,0
649228,0
649229,0
649230,0
649231,0
649232,13
649233,0
649234,0
649235,0
649236,0
649237,0
649238,0
649239,0
649240,0
649241,0
649242,0
649243,0
649244,15
649245,0
649246,0
649247,0
649248,0
649249,0
649250,0
649251,0
649252,0
649253,12
649254,0
649255,0
649256,0
649257,0
649258,0
649259,12
649260,0
649261,0
649262,0
649263,0
649264,0
649265,0
649266,0
649267,0
649268,5
649269,0
649270,0
649271,0
649272,7
649273,0
649274,12
649275,0
649276,9
649277,0
649278,0
649279,0
649280,6
649281,0
649282,0
649283,8
649284,0
649285,0
649286,0
649287,0
649288,0
649289,7
649290,0
649291,7
649292,0
649293,0
649294,0
649295,0
649296,0
649297,0
649298,0
649299,0
649300,0
649301,0
649302,0
649303,0
649304,0
649305,0
649306,0
649307,8
649308,0
649309,8
649310,0
649311,0
649312,0
649313,0
649314,11
649315,0
649316,0
649317,0
649318,3
649319,0
649320,0
649321,0
649322,9
649323,0
649324,0
649325,0
649326,0
649327,4
649328,0
649329,0
649330,6
649331,0
649332,0
649333,0
649334,0
649335,0
649336,0
649337,0
649338,5
649339,0
649340,0
649341,0
649342,0
649343,0
649344,0
649345,0
649346,0
649347,0
649348,0
649349,0
649350,0
649351,0
649352,0
649353,0
649354,10
649355,0
649356,0
649357,0
649358,0
649359,15
649360,0
649361,0
649362,0
649363,0
649364,0
649365,0
649366,0
649367,0
649368,0
649369,0
649370,0
649371,0
649372,11
649373,0
649374,0
649375,0
649376,0
649377,0
649378,0
649379,6
649380,0
649381,0
649382,0
649383,0
649384,0
649385,8
649386,0
649387,5
649388,0
649389,0
649390,0
649391,8
649392,0
649393,0
649394,0
649395,0
649396,0
649397,0
649398,0
649399,0
649400,0
649401,9
649402,0
649403,0
649404,0
649405,0
649406,7
649407,0
649408,0
649409,0
649410,0
649411,0
649412,0
649413,0
649414,0
649415,0
649416,0
649417,0
649418,0
649419,0
649420,0
649421,0
649422,0
649423,0
649424,0
649425,0
649426,0
649427,0
649428,10
649429,0
649430,0
649431,0
649432,0
649433,0
649434,0
649435,0
649436,0
649437,0
649438,0
649439,0
649440,10
649441,0
649442,0
649443,0
649444,0
649445,0
649446,0
649447,0
649448,0
649449,0
649450,0
649451,0
649452,0
649453,0
649454,9
649455,0
649456,0
649457,0
649458,0
649459,0
649460,0
649461,0
649462,0
649463,0
649464,0
649465,0
649466,13
649467,0
649468,0
649469,0
649470,0
649471,0
649472,0
649473,4
649474,0
649475,8
649476,6
649477,0
649478,0
649479,0
649480,0
649481,0
649482,0
649483,0
649484,0
649485,0
649486,0
649487,0
649488,0
649489,0
649490,0
649491,0
649492,0
649493,0
649494,0
649495,0
649496,0
649497,0
649498,0
649499,0
649500,0
649501,0
649502,0
649503,0
649504,0
649505,0
649506,0
649507,0
649508,0
649509,0
649510,0
649511,0
649512,0
649513,0
649514,0
649515,0
649516,0
649517,0
649518,0
649519,0
649520,0
649521,0
649522,0
649523,0
649524,0
649525,0
649526,0
649527,0
649528,0
649529,0
649530,0
649531,0
649532,0
649533,11
649534,0
649535,0
649536,0
649537,0
649538,0
649539,0
649540,0
649541,0
649542,0
649543,0
649544,0
649545,0
649546,0
649547,0
649548,0
649549,0
649550,0
649551,0
649552,0
649553,9
649554,0
649555,0
649556,0
649557,0
649558,0
649559,0
649560,0
649561,0
649562,0
649563,0
649564,0
649565,0
649566,0
649567,0
649568,0
649569,0
649570,0
649571,0
649572,0
649573,0
649574,0
649575,0
649576,0
649577,0
649578,0
649579,0
649580,0
649581,0
649582,0
649583,0
649584,0
649585,0
649586,0
649587,0
649588,0
649589,0
649590,0
649591,0
649592,4
649593,0
649594,0
649595,0
649596,0
649597,0
649598,0
649599,0
649600,0
649601,0
649602,0
649603,11
649604,0
649605,0
649606,0
649607,0
649608,0
649609,0
649610,0
649611,0
649612,5
649613,0
649614,0
649615,0
649616,0
649617,0
649618,0
649619,6
649620,0
649621,0
649622,0
649623,0
649624,0
649625,0
649626,5
649627,0
649628,0
649629,6
649630,0
649631,0
649632,0
649633,0
649634,0
649635,0
649636,0
649637,0
649638,0
649639,0
649640,0
649641,0
649642,0
649643,0
649644,0
649645,0
649646,0
649647,0
649648,0
649649,0
649650,0
649651,0
649652,0
649653,0
649654,0
649655,0
649656,0
649657,0
649658,9
649659,9
649660,7
649661,0
649662,0
649663,0
649664,0
649665,0
649666,0
649667,0
649668,0
649669,0
649670,0
649671,0
649672,0
649673,0
649674,0
649675,0
649676,0
649677,0
649678,0
649679,4
649680,0
649681,0
649682,0
649683,0
649684,0
649685,0
649686,0
649687,0
649688,0
649689,0
649690,0
649691,0
649692,0
649693,0
649694,0
649695,0
649696,0
649697,0
649698,0
649699,0
649700,0
649701,9
649702,0
649703,0
649704,0
649705,0
649706,0
649707,14
649708,0
649709,0
649710,0
649711,0
649712,0
649713,0
649714,8
649715,0
649716,5
649717,0
649718,0
649719,3
649720,0
649721,0
649722,0
649723,0
649724,0
649725,10
649726,0
649727,7
649728,0
649729,0
649730,9
649731,0
649732,0
649733,0
649734,0
649735,0
649736,0
649737,0
649738,0
649739,0
649740,0
649741,0
649742,0
649743,0
649744,0
649745,0
649746,0
649747,5
649748,0
649749,0
649750,0
649751,0
649752,0
649753,0
649754,0
649755,0
649756,0
649757,0
649758,0
649759,0
649760,0
649761,0
649762,0
649763,0
649764,0
649765,0
649766,0
649767,0
649768,0
649769,0
649770,0
649771,0
649772,0
649773,0
649774,0
649775,0
649776,0
649777,0
649778,0
649779,0
649780,0
649781,0
649782,0
649783,0
649784,0
649785,0
649786,0
649787,0
649788,0
649789,0
649790,0
649791,0
649792,0
649793,0
649794,0
649795,0
649796,0
649797,6
649798,0
649799,0
649800,0
649801,0
649802,9
649803,0
649804,0
649805,0
649806,0
649807,6
649808,0
649809,9
649810,0
649811,0
649812,0
649813,0
649814,0
649815,13
649816,0
649817,0
649818,0
649819,0
649820,0
649821,8
649822,0
649823,0
649824,0
649825,0
649826,0
649827,0
649828,0
649829,0
649830,0
649831,0
649832,0
649833,0
649834,0
649835,0
649836,0
649837,0
649838,0
649839,0
649840,0
649841,0
649842,0
649843,0
649844,0
649845,0
649846,0
649847,0
649848,0
649849,0
649850,0
649851,0
649852,0
649853,0
649854,0
649855,0
649856,0
649857,0
649858,0
649859,0
649860,7
649861,0
649862,0
649863,0
649864,0
649865,0
649866,0
649867,0
649868,0
649869,0
649870,0
649871,0
649872,0
649873,8
649874,0
649875,11
649876,0
649877,0
649878,0
649879,0
649880,0
649881,0
649882,28
649883,17
649884,0
649885,21
649886,0
649887,0
649888,0
649889,0
649890,0
649891,0
649892,0
649893,0
649894,0
649895,0
649896,0
649897,0
649898,0
649899,0
649900,0
649901,0
649902,0
649903,0
649904,36
649905,0
649906,22
649907,29
649908,0
649909,0
649910,0
649911,0
649912,0
649913,0
649914,0
649915,0
649916,0
649917,0
649918,0
649919,0
649920,0
649921,0
649922,39
649923,0
649924,0
649925,0
649926,0
649927,42
649928,0
649929,0
649930,0
649931,0
649932,0
649933,0
649934,0
649935,0
649936,0
649937,0
649938,0
649939,0
649940,0
649941,0
649942,0
649943,0
649944,0
649945,0
649946,0
649947,0
649948,0
649949,0
649950,0
649951,0
649952,0
649953,0
649954,0
649955,0
649956,0
649957,0
649958,0
649959,0
649960,0
649961,0
649962,0
649963,0
649964,43
649965,0
649966,0
649967,0
649968,24
649969,0
649970,0
649971,0
649972,0
649973,0
649974,0
649975,0
649976,0
649977,0
649978,0
649979,0
649980,0
649981,0
649982,0
649983,0
649984,44
649985,0
649986,0
649987,0
649988,0
649989,0
649990,0
649991,0
649992,0
649993,0
649994,0
649995,0
649996,0
649997,0
649998,0
649999,0
650000,0
650001,0
650002,0
650003,0
650004,0
650005,0
650006,0
650007,0
650008,0
650009,0
650010,0
650011,0
650012,0
650013,0
650014,0
650015,0
650016,0
650017,0
650018,0
650019,0
650020,0
650021,25
650022,0
650023,0
650024,0
650025,0
650026,0
650027,0
650028,0
650029,0
650030,0
650031,0
650032,0
650033,0
650034,0
650035,0
650036,0
650037,0
650038,0
650039,0
650040,0
650041,0
650042,0
650043,0
650044,0
650045,0
650046,0
650047,0
650048,0
650049,0
650050,0
650051,0
650052,0
650053,0
650054,0
650055,0
650056,0
650057,0
650058,0
650059,0
650060,0
650061,0
650062,0
650063,0
650064,0
650065,0
650066,0
650067,0
650068,0
650069,0
650070,0
650071,0
650072,0
650073,0
650074,0
650075,31
650076,0
650077,0
650078,0
650079,0
650080,0
650081,0
650082,44
650083,0
650084,0
650085,0
650086,0
650087,0
650088,0
650089,0
650090,0
650091,0
650092,0
650093,33
650094,0
650095,0
650096,0
650097,0
650098,0
650099,0
650100,0
650101,0
650102,37
650103,0
650104,0
650105,0
650106,0
650107,0
650108,0
650109,0
650110,0
650111,0
650112,0
650113,0
650114,0
650115,0
650116,0
650117,0
650118,28
650119,0
650120,0
650121,0
650122,0
650123,0
650124,25
650125,0
650126,0
650127,39
650128,0
650129,0
650130,0
650131,0
650132,0
650133,0
650134,0
650135,0
650136,0
650137,37
650138,0
650139,0
650140,0
650141,0
650142,0
650143,0
650144,36
650145,0
650146,0
650147,0
650148,0
650149,0
650150,0
650151,0
650152,0
650153,0
650154,0
650155,0
650156,0
650157,0
650158,25
650159,0
650160,0
650161,0
650162,0
650163,0
650164,0
650165,0
650166,0
650167,0
650168,0
650169,23
650170,0
650171,0
650172,0
650173,0
650174,0
650175,0
650176,0
650177,0
650178,38
650179,0
650180,0
650181,0
650182,35
650183,0
650184,26
650185,0
650186,0
650187,0
650188,0
650189,0
650190,0
650191,0
650192,0
650193,0
650194,0
650195,0
650196,0
650197,0
650198,0
650199,0
650200,0
650201,0
650202,0
650203,0
650204,0
650205,0
650206,0
650207,0
650208,0
650209,33
650210,0
650211,0
650212,0
650213,34
650214,0
650215,0
650216,0
650217,0
650218,0
650219,0
650220,0
650221,0
650222,0
650223,0
650224,0
650225,0
650226,0
650227,0
650228,0
650229,0
650230,0
650231,0
650232,0
650233,28
650234,0
650235,0
650236,0
650237,0
650238,0
650239,0
650240,0
650241,0
650242,0
650243,0
650244,0
650245,0
650246,0
650247,0
650248,0
650249,0
650250,0
650251,0
650252,0
650253,0
650254,0
650255,0
650256,25
650257,0
650258,34
650259,0
650260,0
650261,0
650262,0
650263,0
650264,0
650265,0
650266,0
650267,0
650268,0
650269,0
650270,0
650271,0
650272,0
650273,0
650274,0
650275,0
650276,0
650277,0
650278,0
650279,0
650280,30
650281,0
650282,0
650283,0
650284,0
650285,0
650286,24
650287,0
650288,0
650289,0
650290,0
650291,0
650292,0
650293,0
650294,0
650295,0
650296,25
650297,0
650298,0
650299,0
650300,0
650301,0
650302,0
650303,0
650304,0
650305,0
650306,30
650307,0
650308,0
650309,0
650310,0
650311,0
650312,0
650313,0
650314,0
650315,29
650316,0
650317,0
650318,0
650319,0
650320,0
650321,0
650322,21
650323,0
650324,0
650325,0
650326,0
650327,0
650328,0
650329,0
650330,0
650331,0
650332,0
650333,0
650334,0
650335,0
650336,38
650337,0
650338,0
650339,0
650340,0
650341,0
650342,29
650343,0
650344,0
650345,0
650346,30
650347,0
650348,0
650349,0
650350,0
650351,0
650352,0
650353,0
650354,0
650355,0
650356,0
650357,0
650358,0
650359,0
650360,0
650361,0
650362,0
650363,0
650364,30
650365,47
650366,0
650367,0
650368,0
650369,0
650370,0
650371,0
650372,0
650373,0
650374,0
650375,0
650376,0
650377,35
650378,39
650379,0
650380,0
650381,0
650382,0
650383,0
650384,0
650385,39
650386,0
650387,0
650388,0
650389,0
650390,0
650391,0
650392,0
650393,0
650394,0
650395,0
650396,0
650397,0
650398,0
650399,0
650400,0
650401,29
650402,0
650403,0
650404,0
650405,0
650406,45
650407,0
650408,0
650409,0
650410,0
650411,0
650412,0
650413,0
650414,0
650415,0
650416,0
650417,0
650418,0
650419,0
650420,0
650421,0
650422,0
650423,0
650424,0
650425,0
650426,0
650427,0
650428,0
650429,0
650430,0
650431,0
650432,0
650433,0
650434,0
650435,0
650436,0
650437,0
650438,0
650439,26
650440,0
650441,0
650442,0
650443,0
650444,0
650445,0
650446,0
650447,0
650448,0
650449,0
650450,0
650451,0
650452,0
650453,0
650454,0
650455,25
650456,0
650457,0
650458,0
650459,0
650460,0
650461,0
650462,0
650463,0
650464,0
650465,0
650466,0
650467,0
650468,0
650469,0
650470,0
650471,0
650472,0
650473,0
650474,0
650475,0
650476,0
650477,0
650478,0
650479,0
650480,0
650481,0
650482,0
650483,0
650484,0
650485,0
650486,0
650487,0
650488,0
650489,42
650490,0
650491,20
650492,0
650493,0
650494,0
650495,0
650496,0
650497,0
650498,0
650499,0
650500,0
650501,0
650502,0
650503,0
650504,0
650505,0
650506,0
650507,0
650508,0
650509,0
650510,0
650511,40
650512,0
650513,0
650514,0
650515,0
650516,0
650517,0
650518,0
650519,0
650520,0
650521,0
650522,0
650523,28
650524,33
650525,0
650526,0
650527,0
650528,0
650529,0
650530,0
650531,0
650532,0
650533,0
650534,0
650535,0
650536,0
650537,0
650538,0
650539,0
650540,0
650541,0
650542,0
650543,0
650544,0
650545,0
650546,0
650547,0
650548,0
650549,0
650550,0
650551,0
650552,0
650553,0
650554,30
650555,0
650556,0
650557,0
650558,0
650559,0
650560,0
650561,0
650562,0
650563,0
650564,0
650565,0
650566,0
650567,0
650568,0
650569,0
650570,0
650571,0
650572,0
650573,0
650574,0
650575,0
650576,0
650577,0
650578,0
650579,0
650580,0
650581,0
650582,0
650583,0
650584,0
650585,0
650586,0
650587,0
650588,0
650589,0
650590,0
650591,0
650592,0
650593,0
650594,0
650595,26
650596,0
650597,0
650598,0
650599,0
650600,0
650601,32
650602,0
650603,0
650604,0
650605,0
650606,0
650607,0
650608,0
650609,0
650610,0
650611,0
650612,0
650613,0
650614,0
650615,0
650616,51
650617,0
650618,0
650619,0
650620,0
650621,0
650622,0
650623,0
650624,22
650625,0
650626,0
650627,0
650628,0
650629,0
650630,0
650631,0
650632,28
650633,0
650634,0
650635,0
650636,0
650637,0
650638,0
650639,30
650640,0
650641,0
650642,0
650643,0
650644,0
650645,0
650646,0
650647,0
650648,0
650649,0
650650,0
650651,0
650652,0
650653,0
650654,0
650655,0
650656,0
650657,0
650658,0
650659,0
650660,0
650661,0
650662,27
650663,0
650664,0
650665,0
650666,0
650667,0
650668,0
650669,0
650670,0
650671,0
650672,0
650673,0
650674,0
650675,0
650676,0
650677,51
650678,0
650679,0
650680,0
650681,0
650682,0
650683,0
650684,0
650685,0
650686,0
650687,0
650688,0
650689,0
650690,0
650691,0
650692,0
650693,0
650694,0
650695,0
650696,0
650697,0
650698,0
650699,0
650700,0
650701,0
650702,0
650703,0
650704,22
650705,0
650706,0
650707,29
650708,0
650709,0
650710,0
650711,0
650712,0
650713,0
650714,0
650715,0
650716,0
650717,0
650718,0
650719,25
650720,30
650721,0
650722,0
650723,0
650724,0
650725,0
650726,0
650727,0
650728,0
650729,0
650730,0
650731,0
650732,0
650733,39
650734,0
650735,0
650736,0
650737,0
650738,0
650739,30
650740,31
650741,0
650742,0
650743,0
650744,0
650745,0
650746,0
650747,0
650748,0
650749,0
650750,0
650751,0
650752,0
650753,38
650754,0
650755,0
650756,0
650757,0
650758,25
650759,0
650760,0
650761,0
650762,0
650763,0
650764,0
650765,0
650766,0
650767,0
650768,0
650769,0
650770,0
650771,27
650772,0
650773,0
650774,27
650775,0
650776,0
650777,0
650778,0
650779,0
650780,0
650781,0
650782,0
650783,0
650784,0
650785,0
650786,0
650787,0
650788,28
650789,0
650790,0
650791,41
650792,0
650793,0
650794,0
650795,0
650796,0
650797,0
650798,0
650799,0
650800,0
650801,0
650802,0
650803,0
650804,0
650805,0
650806,0
650807,0
650808,0
650809,0
650810,0
650811,0
650812,1
650813,0
650814,0
650815,0
650816,0
650817,0
650818,0
650819,0
650820,1
650821,0
650822,0
650823,0
650824,0
650825,0
650826,0
650827,0
650828,0
650829,0
650830,0
650831,0
650832,0
650833,1
650834,0
650835,0
650836,0
650837,0
650838,0
650839,0
650840,0
650841,0
650842,0
650843,0
650844,0
650845,0
650846,0
650847,1
650848,0
650849,0
650850,0
650851,0
650852,0
650853,0
650854,0
650855,0
650856,0
650857,0
650858,0
650859,0
650860,0
650861,0
650862,0
650863,0
650864,0
650865,0
650866,0
650867,0
650868,0
650869,0
650870,0
650871,0
650872,0
650873,0
650874,0
650875,0
650876,0
650877,0
650878,0
650879,0
650880,0
650881,0
650882,3
650883,0
650884,0
650885,0
650886,0
650887,0
650888,0
650889,0
650890,0
650891,0
650892,0
650893,0
650894,0
650895,0
650896,0
650897,0
650898,0
650899,0
650900,0
650901,0
650902,0
650903,5
650904,0
650905,0
650906,3
650907,0
650908,0
650909,0
650910,0
650911,1
650912,0
650913,0
650914,0
650915,0
650916,0
650917,0
650918,2
650919,0
650920,0
650921,0
650922,0
650923,0
650924,0
650925,0
650926,8
650927,0
650928,0
650929,0
650930,0
650931,0
650932,0
650933,6
650934,0
650935,0
650936,2
650937,0
650938,0
650939,0
650940,0
650941,0
650942,0
650943,0
650944,0
650945,0
650946,0
650947,2
650948,0
650949,0
650950,0
650951,0
650952,2
650953,0
650954,0
650955,0
650956,0
650957,0
650958,4
650959,0
650960,0
650961,4
650962,4
650963,0
650964,2
650965,0
650966,0
650967,5
650968,0
650969,3
650970,0
650971,0
650972,0
650973,0
650974,0
650975,0
650976,0
650977,0
650978,0
650979,0
650980,0
650981,0
650982,0
650983,0
650984,0
650985,0
650986,0
650987,0
650988,0
650989,0
650990,0
650991,0
650992,0
650993,0
650994,0
650995,5
650996,0
650997,0
650998,0
650999,0
651000,0
651001,0
651002,0
651003,0
651004,0
651005,0
651006,2
651007,5
651008,0
651009,0
651010,0
651011,1
651012,0
651013,0
651014,0
651015,0
651016,0
651017,0
651018,3
651019,0
651020,0
651021,0
651022,0
651023,1
651024,4
651025,0
651026,0
651027,0
651028,0
651029,0
651030,0
651031,0
651032,0
651033,0
651034,0
651035,0
651036,1
651037,0
651038,0
651039,0
651040,0
651041,0
651042,0
651043,0
651044,0
651045,0
651046,2
651047,0
651048,0
651049,0
651050,0
651051,0
651052,0
651053,2
651054,1
651055,0
651056,0
651057,0
651058,3
651059,0
651060,0
651061,0
651062,1
651063,1
651064,3
651065,0
651066,0
651067,6
651068,0
651069,0
651070,0
651071,9
651072,0
651073,3
651074,0
651075,0
651076,0
651077,0
651078,2
651079,0
651080,0
651081,0
651082,0
651083,0
651084,0
651085,0
651086,0
651087,0
651088,0
651089,0
651090,0
651091,0
651092,0
651093,0
651094,0
651095,4
651096,0
651097,0
651098,0
651099,0
651100,1
651101,0
651102,0
651103,0
651104,0
651105,0
651106,0
651107,0
651108,0
651109,0
651110,0
651111,0
651112,2
651113,0
651114,3
651115,0
651116,0
651117,0
651118,0
651119,3
651120,0
651121,0
651122,7
651123,0
651124,0
651125,0
651126,0
651127,0
651128,0
651129,0
651130,0
651131,0
651132,0
651133,0
651134,4
651135,0
651136,0
651137,0
651138,0
651139,0
651140,0
651141,3
651142,0
651143,0
651144,0
651145,0
651146,0
651147,0
651148,0
651149,0
651150,0
651151,0
651152,0
651153,0
651154,0
651155,0
651156,2
651157,0
651158,0
651159,0
651160,0
651161,0
651162,0
651163,0
651164,0
651165,2
651166,0
651167,0
651168,2
651169,0
651170,4
651171,0
651172,0
651173,0
651174,0
651175,0
651176,1
651177,0
651178,0
651179,3
651180,0
651181,0
651182,4
651183,3
651184,0
651185,0
651186,0
651187,2
651188,0
651189,0
651190,0
651191,0
651192,0
651193,2
651194,0
651195,3
651196,0
651197,0
651198,0
651199,0
651200,0
651201,0
651202,0
651203,0
651204,0
651205,4
651206,0
651207,4
651208,1
651209,0
651210,0
651211,0
651212,0
651213,6
651214,0
651215,0
651216,0
651217,5
651218,0
651219,0
651220,0
651221,0
651222,0
651223,0
651224,2
651225,0
651226,0
651227,0
651228,0
651229,0
651230,0
651231,0
651232,0
651233,0
651234,0
651235,0
651236,0
651237,1
651238,0
651239,3
651240,4
651241,0
651242,6
651243,0
651244,0
651245,0
651246,0
651247,0
651248,0
651249,0
651250,0
651251,0
651252,0
651253,0
651254,0
651255,1
651256,0
651257,0
651258,0
651259,0
651260,0
651261,0
651262,0
651263,0
651264,0
651265,0
651266,0
651267,6
651268,0
651269,0
651270,0
651271,0
651272,0
651273,0
651274,0
651275,0
651276,0
651277,0
651278,0
651279,0
651280,0
651281,0
651282,1
651283,0
651284,0
651285,0
651286,0
651287,0
651288,0
651289,2
651290,0
651291,0
651292,0
651293,0
651294,0
651295,0
651296,0
651297,0
651298,3
651299,3
651300,0
651301,0
651302,2
651303,0
651304,0
651305,0
651306,0
651307,0
651308,0
651309,0
651310,0
651311,0
651312,0
651313,0
651314,2
651315,1
651316,0
651317,0
651318,0
651319,0
651320,0
651321,0
651322,5
651323,6
651324,0
651325,0
651326,0
651327,0
651328,0
651329,4
651330,0
651331,3
651332,0
651333,0
651334,0
651335,0
651336,0
651337,0
651338,0
651339,0
651340,0
651341,0
651342,3
651343,0
651344,4
651345,0
651346,0
651347,0
651348,0
651349,0
651350,0
651351,0
651352,0
651353,4
651354,0
651355,1
651356,0
651357,0
651358,0
651359,0
651360,0
651361,4
651362,0
651363,0
651364,0
651365,0
651366,0
651367,0
651368,2
651369,0
651370,0
651371,0
651372,0
651373,0
651374,0
651375,1
651376,3
651377,0
651378,0
651379,4
651380,0
651381,0
651382,0
651383,0
651384,0
651385,0
651386,4
651387,0
651388,0
651389,0
651390,0
651391,0
651392,0
651393,0
651394,0
651395,0
651396,0
651397,5
651398,2
651399,0
651400,0
651401,0
651402,0
651403,0
651404,0
651405,0
651406,0
651407,0
651408,0
651409,0
651410,0
651411,0
651412,0
651413,0
651414,0
651415,0
651416,0
651417,0
651418,0
651419,0
651420,0
651421,0
651422,0
651423,0
651424,0
651425,2
651426,0
651427,0
651428,0
651429,0
651430,0
651431,0
651432,0
651433,0
651434,0
651435,4
651436,0
651437,5
651438,0
651439,4
651440,0
651441,0
651442,0
651443,0
651444,0
651445,0
651446,3
651447,0
651448,0
651449,0
651450,0
651451,0
651452,0
651453,0
651454,0
651455,0
651456,1
651457,0
651458,0
651459,0
651460,0
651461,0
651462,0
651463,0
651464,0
651465,0
651466,0
651467,0
651468,0
651469,0
651470,0
651471,0
651472,0
651473,0
651474,0
651475,0
651476,0
651477,0
651478,0
651479,0
651480,0
651481,0
651482,0
651483,0
651484,0
651485,0
651486,0
651487,0
651488,0
651489,0
651490,0
651491,0
651492,0
651493,0
651494,0
651495,0
651496,0
651497,0
651498,0
651499,0
651500,0
651501,0
651502,0
651503,0
651504,0
651505,0
651506,0
651507,0
651508,0
651509,0
651510,0
651511,0
651512,1
651513,0
651514,0
651515,0
651516,0
651517,0
651518,0
651519,0
651520,0
651521,0
651522,0
651523,0
651524,0
651525,0
651526,0
651527,0
651528,0
651529,0
651530,0
651531,0
651532,0
651533,0
651534,0
651535,0
651536,0
651537,0
651538,0
651539,0
651540,0
651541,0
651542,0
651543,0
651544,0
651545,0
651546,0
651547,0
651548,0
651549,0
651550,0
651551,0
651552,0
651553,0
651554,0
651555,0
651556,0
651557,0
651558,0
651559,0
651560,0
651561,0
651562,0
651563,0
651564,0
651565,0
651566,0
651567,0
651568,0
651569,0
651570,0
651571,0
651572,0
651573,0
651574,0
651575,0
651576,0
651577,0
651578,0
651579,0
651580,0
651581,0
651582,0
651583,1
651584,0
651585,0
651586,0
651587,0
651588,0
651589,0
651590,0
651591,0
651592,0
651593,0
651594,0
651595,0
651596,0
651597,0
651598,0
651599,0
651600,0
651601,0
651602,0
651603,0
651604,0
651605,0
651606,0
651607,0
651608,0
651609,0
651610,0
651611,0
651612,0
651613,0
651614,0
651615,0
651616,0
651617,0
651618,0
651619,0
651620,0
651621,0
651622,0
651623,1
651624,0
651625,0
651626,0
651627,0
651628,0
651629,0
651630,0
651631,0
651632,0
651633,0
651634,0
651635,0
651636,0
651637,0
651638,0
651639,0
651640,0
651641,0
651642,0
651643,0
651644,0
651645,0
651646,0
651647,0
651648,0
651649,0
651650,0
651651,0
651652,0
651653,0
651654,0
651655,0
651656,0
651657,0
651658,0
651659,0
651660,0
651661,0
651662,0
651663,0
651664,0
651665,0
651666,0
651667,0
651668,0
651669,0
651670,0
651671,0
651672,0
651673,0
651674,0
651675,0
651676,0
651677,0
651678,0
651679,0
651680,0
651681,0
651682,0
651683,0
651684,0
651685,0
651686,0
651687,0
651688,0
651689,1
651690,0
651691,0
651692,0
651693,0
651694,0
651695,0
651696,0
651697,0
651698,0
651699,0
651700,0
651701,0
651702,0
651703,0
651704,0
651705,0
651706,0
651707,0
651708,0
651709,0
651710,0
651711,0
651712,0
651713,0
651714,0
651715,0
651716,0
651717,0
651718,0
651719,0
651720,0
651721,0
651722,0
651723,0
651724,0
651725,0
651726,0
651727,0
651728,0
651729,0
651730,0
651731,0
651732,0
651733,0
651734,0
651735,0
651736,0
651737,0
651738,0
651739,0
651740,0
651741,0
651742,0
651743,0
651744,0
651745,0
651746,0
651747,0
651748,0
651749,0
651750,0
651751,0
651752,0
651753,0
651754,0
651755,0
651756,0
651757,0
651758,0
651759,0
651760,0
651761,0
651762,0
651763,0
651764,0
651765,0
651766,0
651767,0
651768,0
651769,0
651770,0
651771,0
651772,0
651773,0
651774,0
651775,0
651776,0
651777,0
651778,0
651779,0
651780,0
651781,0
651782,0
651783,0
651784,0
651785,0
651786,0
651787,0
651788,0
651789,0
651790,0
651791,0
651792,0
651793,0
651794,0
651795,0
651796,0
651797,0
651798,0
651799,0
651800,0
651801,0
651802,0
651803,0
651804,0
651805,0
651806,0
651807,0
651808,0
651809,0
651810,0
651811,0
651812,0
651813,0
651814,0
651815,0
651816,0
651817,0
651818,0
651819,0
651820,0
651821,0
651822,0
651823,0
651824,0
651825,0
651826,0
651827,0
651828,0
651829,0
651830,0
651831,0
651832,0
651833,0
651834,0
651835,0
651836,0
651837,0
651838,0
651839,0
651840,0
651841,0
651842,0
651843,0
651844,0
651845,0
651846,0
651847,0
651848,0
651849,0
651850,0
651851,0
651852,0
651853,0
651854,0
651855,0
651856,0
651857,0
651858,0
651859,0
651860,0
651861,0
651862,0
651863,0
651864,0
651865,0
651866,1
651867,0
651868,0
651869,0
651870,0
651871,0
651872,0
651873,0
651874,0
651875,0
651876,1
651877,0
651878,0
651879,0
651880,0
651881,0
651882,0
651883,0
651884,0
651885,0
651886,0
651887,0
651888,0
651889,0
651890,0
651891,0
651892,0
651893,0
651894,0
651895,0
651896,0
651897,0
651898,0
651899,0
651900,0
651901,0
651902,0
651903,0
651904,0
651905,0
651906,0
651907,0
651908,0
651909,0
651910,0
651911,0
651912,0
651913,0
651914,0
651915,0
651916,0
651917,0
651918,0
651919,0
651920,0
651921,0
651922,0
651923,0
651924,0
651925,0
651926,0
651927,0
651928,0
651929,0
651930,0
651931,0
651932,0
651933,0
651934,0
651935,0
651936,0
651937,0
651938,0
651939,0
651940,0
651941,0
651942,0
651943,0
651944,0
651945,0
651946,0
651947,0
651948,0
651949,0
651950,0
651951,0
651952,0
651953,0
651954,0
651955,0
651956,0
651957,0
651958,1
651959,0
651960,0
651961,0
651962,0
651963,0
651964,0
651965,1
651966,0
651967,0
651968,0
651969,0
651970,0
651971,0
651972,0
651973,0
651974,0
651975,0
651976,0
651977,0
651978,0
651979,0
651980,0
651981,0
651982,0
651983,0
651984,0
651985,0
651986,0
651987,0
651988,0
651989,0
651990,0
651991,0
651992,0
651993,0
651994,0
651995,0
651996,0
651997,0
651998,0
651999,0
652000,0
652001,0
652002,0
652003,1
652004,0
652005,0
652006,0
652007,0
652008,0
652009,0
652010,0
652011,0
652012,0
652013,0
652014,0
652015,0
652016,0
652017,0
652018,1
652019,0
652020,0
652021,0
652022,0
652023,0
652024,0
652025,0
652026,0
652027,0
652028,0
652029,0
652030,0
652031,0
652032,0
652033,0
652034,0
652035,0
652036,0
652037,0
652038,0
652039,0
652040,0
652041,0
652042,0
652043,0
652044,0
652045,0
652046,0
652047,0
652048,0
652049,0
652050,0
652051,0
652052,0
652053,0
652054,0
652055,9
652056,0
652057,0
652058,0
652059,4
652060,0
652061,0
652062,0
652063,11
652064,5
652065,0
652066,0
652067,0
652068,0
652069,0
652070,0
652071,0
652072,0
652073,0
652074,0
652075,0
652076,0
652077,4
652078,4
652079,0
652080,0
652081,0
652082,5
652083,0
652084,3
652085,9
652086,0
652087,0
652088,0
652089,0
652090,0
652091,0
652092,6
652093,0
652094,0
652095,0
652096,0
652097,0
652098,0
652099,0
652100,0
652101,7
652102,0
652103,0
652104,0
652105,1
652106,4
652107,0
652108,0
652109,0
652110,0
652111,0
652112,0
652113,0
652114,0
652115,0
652116,4
652117,0
652118,0
652119,0
652120,0
652121,0
652122,5
652123,0
652124,0
652125,2
652126,0
652127,0
652128,0
652129,0
652130,0
652131,0
652132,0
652133,0
652134,0
652135,0
652136,6
652137,0
652138,0
652139,0
652140,0
652141,7
652142,13
652143,0
652144,0
652145,0
652146,0
652147,0
652148,0
652149,4
652150,0
652151,0
652152,0
652153,0
652154,3
652155,0
652156,4
652157,0
652158,0
652159,3
652160,0
652161,0
652162,0
652163,0
652164,3
652165,0
652166,0
652167,0
652168,8
652169,0
652170,0
652171,0
652172,6
652173,11
652174,4
652175,0
652176,0
652177,0
652178,0
652179,0
652180,0
652181,6
652182,9
652183,0
652184,0
652185,0
652186,0
652187,0
652188,0
652189,10
652190,0
652191,7
652192,0
652193,0
652194,0
652195,0
652196,0
652197,0
652198,6
652199,0
652200,0
652201,0
652202,0
652203,0
652204,0
652205,3
652206,0
652207,0
652208,0
652209,7
652210,0
652211,0
652212,1
652213,0
652214,7
652215,0
652216,0
652217,0
652218,0
652219,0
652220,0
652221,0
652222,8
652223,0
652224,8
652225,0
652226,5
652227,8
652228,0
652229,6
652230,0
652231,0
652232,0
652233,0
652234,5
652235,0
652236,5
652237,4
652238,0
652239,0
652240,0
652241,11
652242,2
652243,0
652244,0
652245,0
652246,6
652247,6
652248,4
652249,6
652250,9
652251,0
652252,2
652253,0
652254,0
652255,0
652256,0
652257,6
652258,0
652259,0
652260,7
652261,0
652262,0
652263,0
652264,7
652265,0
652266,0
652267,0
652268,0
652269,0
652270,2
652271,11
652272,0
652273,0
652274,6
652275,10
652276,0
652277,0
652278,0
652279,0
652280,0
652281,9
652282,0
652283,11
652284,8
652285,0
652286,0
652287,8
652288,0
652289,8
652290,0
652291,6
652292,0
652293,0
652294,0
652295,6
652296,0
652297,0
652298,0
652299,0
652300,0
652301,0
652302,5
652303,0
652304,6
652305,0
652306,0
652307,0
652308,0
652309,11
652310,0
652311,0
652312,3
652313,8
652314,0
652315,3
652316,0
652317,0
652318,0
652319,0
652320,0
652321,0
652322,8
652323,6
652324,0
652325,2
652326,6
652327,0
652328,0
652329,4
652330,7
652331,5
652332,0
652333,4
652334,10
652335,0
652336,0
652337,0
652338,0
652339,0
652340,0
652341,3
652342,6
652343,8
652344,0
652345,0
652346,0
652347,0
652348,0
652349,10
652350,0
652351,4
652352,0
652353,5
652354,0
652355,0
652356,0
652357,6
652358,0
652359,3
652360,0
652361,0
652362,9
652363,5
652364,3
652365,2
652366,6
652367,0
652368,0
652369,0
652370,9
652371,0
652372,0
652373,0
652374,0
652375,0
652376,7
652377,0
652378,0
652379,11
652380,3
652381,0
652382,0
652383,0
652384,0
652385,0
652386,2
652387,0
652388,5
652389,0
652390,0
652391,0
652392,0
652393,1
652394,0
652395,8
652396,0
652397,0
652398,0
652399,4
652400,0
652401,0
652402,0
652403,2
652404,16
652405,1
652406,0
652407,9
652408,0
652409,0
652410,9
652411,0
652412,0
652413,0
652414,0
652415,0
652416,0
652417,0
652418,0
652419,0
652420,0
652421,0
652422,0
652423,0
652424,0
652425,5
652426,0
652427,5
652428,0
652429,6
652430,0
652431,0
652432,7
652433,4
652434,0
652435,3
652436,0
652437,3
652438,0
652439,0
652440,0
652441,1
652442,0
652443,0
652444,0
652445,3
652446,0
652447,0
652448,5
652449,0
652450,6
652451,5
652452,0
652453,0
652454,2
652455,0
652456,0
652457,0
652458,0
652459,0
652460,0
652461,6
652462,6
652463,0
652464,0
652465,0
652466,0
652467,5
652468,0
652469,4
652470,0
652471,0
652472,0
652473,7
652474,1
652475,0
652476,6
652477,0
652478,0
652479,6
652480,7
652481,0
652482,0
652483,0
652484,0
652485,0
652486,0
652487,0
652488,9
652489,0
652490,0
652491,8
652492,0
652493,0
652494,0
652495,0
652496,0
652497,0
652498,0
652499,0
652500,0
652501,5
652502,0
652503,3
652504,4
652505,0
652506,0
652507,0
652508,0
652509,2
652510,2
652511,0
652512,0
652513,0
652514,0
652515,0
652516,0
652517,8
652518,5
652519,0
652520,0
652521,0
652522,0
652523,0
652524,0
652525,0
652526,0
652527,0
652528,0
652529,3
652530,0
652531,0
652532,0
652533,0
652534,14
652535,6
652536,0
652537,3
652538,0
652539,0
652540,0
652541,0
652542,0
652543,10
652544,0
652545,0
652546,0
652547,7
652548,0
652549,10
652550,3
652551,0
652552,5
652553,0
652554,0
652555,3
652556,0
652557,4
652558,5
652559,0
652560,5
652561,0
652562,0
652563,0
652564,0
652565,0
652566,0
652567,0
652568,0
652569,0
652570,0
652571,5
652572,0
652573,0
652574,0
652575,4
652576,0
652577,4
652578,0
652579,0
652580,7
652581,8
652582,5
652583,0
652584,0
652585,0
652586,2
652587,0
652588,0
652589,0
652590,5
652591,0
652592,0
652593,0
652594,0
652595,0
652596,0
652597,0
652598,0
652599,0
652600,0
652601,6
652602,0
652603,2
652604,0
652605,0
652606,0
652607,5
652608,6
652609,0
652610,0
652611,8
652612,0
652613,0
652614,7
652615,0
652616,0
652617,7
652618,0
652619,0
652620,5
652621,0
652622,0
652623,0
652624,0
652625,0
652626,0
652627,9
652628,0
652629,3
652630,0
652631,0
652632,6
652633,0
652634,4
652635,5
652636,0
652637,0
652638,0
652639,0
652640,7
652641,0
652642,0
652643,5
652644,0
652645,0
652646,0
652647,2
652648,0
652649,0
652650,0
652651,2
652652,0
652653,0
652654,0
652655,0
652656,0
652657,0
652658,0
652659,5
652660,0
652661,4
652662,0
652663,6
652664,7
652665,0
652666,6
652667,0
652668,0
652669,0
652670,0
652671,6
652672,0
652673,0
652674,0
652675,0
652676,0
652677,6
652678,0
652679,0
652680,0
652681,0
652682,0
652683,0
652684,7
652685,0
652686,0
652687,0
652688,0
652689,0
652690,6
652691,10
652692,10
652693,0
652694,0
652695,0
652696,4
652697,8
652698,0
652699,6
652700,0
652701,8
652702,0
652703,0
652704,0
652705,0
652706,10
652707,10
652708,2
652709,0
652710,0
652711,0
652712,0
652713,0
652714,0
652715,0
652716,0
652717,0
652718,0
652719,1
652720,0
652721,0
652722,0
652723,0
652724,0
652725,9
652726,3
652727,7
652728,7
652729,0
652730,0
652731,0
652732,0
652733,0
652734,0
652735,0
652736,0
652737,6
652738,0
652739,3
652740,0
652741,0
652742,0
652743,0
652744,8
652745,0
652746,0
652747,5
652748,0
652749,0
652750,0
652751,9
652752,0
652753,0
652754,0
652755,0
652756,9
652757,3
652758,0
652759,0
652760,0
652761,0
652762,1
652763,0
652764,0
652765,0
652766,0
652767,0
652768,0
652769,0
652770,0
652771,5
652772,0
652773,0
652774,0
652775,0
652776,0
652777,0
652778,0
652779,3
652780,0
652781,4
652782,0
652783,0
652784,10
652785,8
652786,0
652787,7
652788,0
652789,8
652790,0
652791,0
652792,0
652793,0
652794,0
652795,4
652796,0
652797,11
652798,0
652799,0
652800,0
652801,0
652802,0
652803,0
652804,6
652805,10
652806,4
652807,0
652808,0
652809,10
652810,0
652811,0
652812,0
652813,0
652814,3
652815,0
652816,0
652817,2
652818,0
652819,7
652820,0
652821,0
652822,8
652823,4
652824,0
652825,0
652826,4
652827,0
652828,0
652829,0
652830,8
652831,6
652832,0
652833,0
652834,0
652835,8
652836,0
652837,0
652838,0
652839,4
652840,1
652841,0
652842,0
652843,0
652844,0
652845,6
652846,0
652847,0
652848,0
652849,11
652850,0
652851,0
652852,0
652853,0
652854,9
652855,0
652856,0
652857,7
652858,8
652859,0
652860,0
652861,0
652862,6
652863,8
652864,8
652865,0
652866,0
652867,0
652868,0
652869,0
652870,0
652871,1
652872,2
652873,0
652874,0
652875,0
652876,0
652877,6
652878,0
652879,0
652880,0
652881,0
652882,3
652883,0
652884,0
652885,0
652886,0
652887,9
652888,0
652889,0
652890,0
652891,3
652892,0
652893,0
652894,0
652895,8
652896,0
652897,4
652898,0
652899,0
652900,0
652901,6
652902,0
652903,0
652904,0
652905,6
652906,0
652907,3
652908,0
652909,0
652910,5
652911,0
652912,0
652913,0
652914,0
652915,6
652916,0
652917,0
652918,0
652919,4
652920,0
652921,0
652922,0
652923,0
652924,0
652925,9
652926,4
652927,0
652928,6
652929,0
652930,0
652931,2
652932,0
652933,0
652934,2
652935,0
652936,0
652937,7
652938,0
652939,4
652940,9
652941,6
652942,0
652943,0
652944,0
652945,0
652946,0
652947,4
652948,0
652949,0
652950,7
652951,0
652952,0
652953,0
652954,0
652955,8
652956,0
652957,0
652958,0
652959,0
652960,0
652961,0
652962,8
652963,0
652964,0
652965,0
652966,0
652967,8
652968,0
652969,0
652970,2
652971,0
652972,0
652973,0
652974,5
652975,0
652976,0
652977,0
652978,7
652979,0
652980,0
652981,0
652982,0
652983,14
652984,0
652985,0
652986,0
652987,0
652988,0
652989,0
652990,0
652991,0
652992,0
652993,0
652994,4
652995,0
652996,0
652997,0
652998,0
652999,6
653000,0
653001,0
653002,0
653003,0
653004,0
653005,0
653006,0
653007,0
653008,5
653009,8
653010,0
653011,0
653012,0
653013,0
653014,8
653015,0
653016,0
653017,6
653018,0
653019,0
653020,0
653021,0
653022,0
653023,10
653024,0
653025,1
653026,0
653027,0
653028,0
653029,0
653030,0
653031,0
653032,0
653033,0
653034,0
653035,0
653036,2
653037,0
653038,0
653039,0
653040,0
653041,8
653042,0
653043,0
653044,0
653045,0
653046,7
653047,0
653048,0
653049,0
653050,0
653051,0
653052,0
653053,0
653054,0
653055,0
653056,0
653057,0
653058,0
653059,0
653060,0
653061,0
653062,0
653063,0
653064,0
653065,6
653066,0
653067,2
653068,0
653069,0
653070,2
653071,0
653072,0
653073,4
653074,0
653075,0
653076,0
653077,0
653078,0
653079,0
653080,0
653081,0
653082,0
653083,0
653084,0
653085,0
653086,0
653087,6
653088,0
653089,0
653090,0
653091,0
653092,0
653093,0
653094,0
653095,0
653096,5
653097,0
653098,0
653099,0
653100,0
653101,0
653102,0
653103,0
653104,0
653105,0
653106,6
653107,0
653108,0
653109,0
653110,7
653111,5
653112,0
653113,0
653114,0
653115,4
653116,0
653117,0
653118,0
653119,0
653120,0
653121,2
653122,0
653123,0
653124,0
653125,0
653126,0
653127,0
653128,0
653129,3
653130,0
653131,6
653132,0
653133,0
653134,0
653135,0
653136,0
653137,3
653138,0
653139,0
653140,4
653141,0
653142,0
653143,0
653144,0
653145,0
653146,0
653147,0
653148,0
653149,0
653150,0
653151,0
653152,0
653153,5
653154,0
653155,10
653156,0
653157,0
653158,0
653159,0
653160,0
653161,0
653162,0
653163,0
653164,0
653165,0
653166,3
653167,0
653168,0
653169,3
653170,2
653171,0
653172,0
653173,0
653174,0
653175,0
653176,1
653177,0
653178,0
653179,3
653180,0
653181,0
653182,1
653183,0
653184,0
653185,0
653186,0
653187,0
653188,0
653189,0
653190,0
653191,1
653192,0
653193,0
653194,6
653195,0
653196,0
653197,0
653198,0
653199,0
653200,0
653201,3
653202,0
653203,0
653204,0
653205,1
653206,0
653207,0
653208,0
653209,0
653210,0
653211,0
653212,0
653213,0
653214,0
653215,0
653216,0
653217,0
653218,0
653219,8
653220,0
653221,0
653222,0
653223,0
653224,0
653225,3
653226,0
653227,0
653228,0
653229,0
653230,0
653231,0
653232,0
653233,0
653234,2
653235,0
653236,0
653237,0
653238,0
653239,0
653240,0
653241,4
653242,7
653243,0
653244,0
653245,0
653246,3
653247,0
653248,0
653249,0
653250,0
653251,0
653252,0
653253,0
653254,0
653255,8
653256,0
653257,0
653258,0
653259,0
653260,0
653261,0
653262,0
653263,0
653264,0
653265,3
653266,0
653267,0
653268,0
653269,2
653270,0
653271,0
653272,0
653273,0
653274,0
653275,0
653276,0
653277,0
653278,0
653279,3
653280,0
653281,0
653282,0
653283,0
653284,3
653285,0
653286,3
653287,0
653288,0
653289,0
653290,0
653291,0
653292,0
653293,0
653294,0
653295,0
653296,0
653297,4
653298,0
653299,0
653300,7
653301,0
653302,0
653303,0
653304,8
653305,0
653306,0
653307,0
653308,0
653309,4
653310,0
653311,0
653312,0
653313,0
653314,0
653315,0
653316,0
653317,0
653318,0
653319,0
653320,2
653321,0
653322,0
653323,0
653324,0
653325,0
653326,0
653327,0
653328,0
653329,0
653330,0
653331,0
653332,0
653333,4
653334,2
653335,8
653336,0
653337,0
653338,9
653339,0
653340,0
653341,0
653342,0
653343,0
653344,0
653345,0
653346,0
653347,0
653348,0
653349,0
653350,0
653351,0
653352,0
653353,0
653354,2
653355,0
653356,0
653357,0
653358,0
653359,10
653360,0
653361,0
653362,0
653363,0
653364,3
653365,0
653366,0
653367,4
653368,0
653369,3
653370,0
653371,0
653372,0
653373,4
653374,0
653375,0
653376,8
653377,0
653378,0
653379,0
653380,0
653381,0
653382,0
653383,0
653384,6
653385,0
653386,0
653387,0
653388,0
653389,0
653390,6
653391,0
653392,0
653393,0
653394,0
653395,0
653396,1
653397,0
653398,0
653399,0
653400,0
653401,6
653402,0
653403,0
653404,0
653405,7
653406,0
653407,0
653408,0
653409,0
653410,0
653411,0
653412,0
653413,0
653414,2
653415,0
653416,0
653417,0
653418,0
653419,0
653420,0
653421,0
653422,0
653423,0
653424,0
653425,0
653426,0
653427,0
653428,0
653429,0
653430,0
653431,0
653432,0
653433,0
653434,0
653435,0
653436,0
653437,0
653438,0
653439,3
653440,0
653441,0
653442,3
653443,5
653444,0
653445,0
653446,0
653447,0
653448,4
653449,0
653450,0
653451,2
653452,0
653453,0
653454,0
653455,2
653456,0
653457,0
653458,0
653459,0
653460,0
653461,0
653462,0
653463,0
653464,3
653465,0
653466,0
653467,0
653468,0
653469,0
653470,0
653471,0
653472,0
653473,0
653474,0
653475,0
653476,8
653477,0
653478,0
653479,0
653480,0
653481,3
653482,0
653483,0
653484,0
653485,0
653486,0
653487,0
653488,0
653489,0
653490,0
653491,0
653492,0
653493,3
653494,1
653495,0
653496,0
653497,1
653498,0
653499,1
653500,0
653501,0
653502,0
653503,0
653504,0
653505,0
653506,0
653507,0
653508,0
653509,2
653510,0
653511,0
653512,0
653513,2
653514,0
653515,0
653516,0
653517,0
653518,0
653519,0
653520,0
653521,0
653522,0
653523,0
653524,0
653525,3
653526,0
653527,0
653528,0
653529,0
653530,0
653531,0
653532,0
653533,0
653534,0
653535,0
653536,0
653537,0
653538,0
653539,0
653540,2
653541,0
653542,0
653543,0
653544,0
653545,0
653546,0
653547,0
653548,0
653549,10
653550,0
653551,0
653552,0
653553,0
653554,0
653555,0
653556,0
653557,0
653558,1
653559,0
653560,0
653561,0
653562,0
653563,0
653564,0
653565,7
653566,0
653567,0
653568,0
653569,0
653570,0
653571,0
653572,0
653573,0
653574,0
653575,3
653576,0
653577,2
653578,0
653579,0
653580,0
653581,0
653582,0
653583,0
653584,0
653585,3
653586,0
653587,0
653588,0
653589,0
653590,0
653591,0
653592,2
653593,1
653594,0
653595,0
653596,0
653597,0
653598,0
653599,0
653600,0
653601,0
653602,0
653603,0
653604,3
653605,2
653606,0
653607,0
653608,0
653609,0
653610,0
653611,0
653612,0
653613,0
653614,0
653615,0
653616,0
653617,0
653618,1
653619,0
653620,0
653621,0
653622,0
653623,0
653624,0
653625,0
653626,5
653627,0
653628,0
653629,0
653630,0
653631,0
653632,0
653633,0
653634,7
653635,0
653636,0
653637,0
653638,4
653639,0
653640,0
653641,0
653642,0
653643,0
653644,0
653645,0
653646,0
653647,0
653648,0
653649,0
653650,0
653651,0
653652,0
653653,2
653654,0
653655,0
653656,0
653657,3
653658,0
653659,0
653660,0
653661,0
653662,0
653663,0
653664,0
653665,7
653666,0
653667,7
653668,0
653669,0
653670,8
653671,0
653672,0
653673,0
653674,7
653675,0
653676,0
653677,0
653678,0
653679,5
653680,0
653681,0
653682,0
653683,0
653684,0
653685,0
653686,0
653687,0
653688,0
653689,0
653690,2
653691,0
653692,0
653693,0
653694,0
653695,0
653696,3
653697,0
653698,0
653699,0
653700,2
653701,0
653702,6
653703,0
653704,0
653705,0
653706,0
653707,0
653708,0
653709,0
653710,6
653711,0
653712,0
653713,0
653714,3
653715,0
653716,0
653717,0
653718,0
653719,0
653720,0
653721,0
653722,0
653723,0
653724,0
653725,1
653726,0
653727,0
653728,0
653729,0
653730,5
653731,0
653732,0
653733,0
653734,0
653735,0
653736,0
653737,0
653738,0
653739,4
653740,0
653741,0
653742,0
653743,3
653744,0
653745,0
653746,0
653747,5
653748,3
653749,0
653750,0
653751,0
653752,9
653753,0
653754,0
653755,0
653756,0
653757,0
653758,3
653759,3
653760,0
653761,0
653762,0
653763,0
653764,0
653765,0
653766,0
653767,5
653768,0
653769,0
653770,6
653771,0
653772,0
653773,0
653774,6
653775,0
653776,0
653777,0
653778,0
653779,0
653780,5
653781,0
653782,0
653783,0
653784,0
653785,8
653786,0
653787,0
653788,0
653789,0
653790,0
653791,0
653792,1
653793,12
653794,0
653795,5
653796,0
653797,0
653798,1
653799,3
653800,0
653801,0
653802,3
653803,2
653804,0
653805,0
653806,0
653807,0
653808,4
653809,0
653810,0
653811,0
653812,0
653813,0
653814,0
653815,0
653816,0
653817,0
653818,3
653819,0
653820,0
653821,0
653822,0
653823,0
653824,0
653825,0
653826,0
653827,0
653828,0
653829,0
653830,0
653831,0
653832,0
653833,0
653834,0
653835,2
653836,0
653837,2
653838,5
653839,3
653840,0
653841,3
653842,4
653843,0
653844,0
653845,0
653846,0
653847,3
653848,0
653849,0
653850,1
653851,0
653852,0
653853,3
653854,0
653855,0
653856,0
653857,0
653858,0
653859,0
653860,0
653861,0
653862,0
653863,0
653864,0
653865,0
653866,0
653867,0
653868,0
653869,0
653870,0
653871,0
653872,0
653873,0
653874,0
653875,0
653876,0
653877,0
653878,15
653879,0
653880,0
653881,0
653882,0
653883,0
653884,0
653885,32
653886,0
653887,0
653888,0
653889,0
653890,0
653891,0
653892,0
653893,0
653894,0
653895,0
653896,12
653897,0
653898,0
653899,0
653900,0
653901,0
653902,0
653903,0
653904,0
653905,0
653906,0
653907,0
653908,0
653909,0
653910,17
653911,0
653912,0
653913,0
653914,0
653915,0
653916,0
653917,0
653918,0
653919,0
653920,0
653921,7
653922,0
653923,0
653924,0
653925,0
653926,0
653927,0
653928,0
653929,0
653930,0
653931,0
653932,0
653933,0
653934,0
653935,0
653936,0
653937,0
653938,0
653939,0
653940,0
653941,0
653942,0
653943,0
653944,0
653945,0
653946,0
653947,23
653948,0
653949,0
653950,0
653951,0
653952,19
653953,0
653954,0
653955,25
653956,0
653957,0
653958,0
653959,0
653960,0
653961,0
653962,0
653963,31
653964,19
653965,0
653966,15
653967,0
653968,11
653969,0
653970,0
653971,0
653972,0
653973,0
653974,0
653975,0
653976,0
653977,0
653978,0
653979,0
653980,0
653981,0
653982,0
653983,0
653984,0
653985,0
653986,0
653987,0
653988,0
653989,0
653990,0
653991,0
653992,0
653993,0
653994,0
653995,0
653996,0
653997,0
653998,0
653999,0
654000,0
654001,0
654002,0
654003,0
654004,0
654005,0
654006,0
654007,0
654008,0
654009,0
654010,23
654011,0
654012,0
654013,0
654014,0
654015,0
654016,0
654017,0
654018,15
654019,0
654020,0
654021,0
654022,0
654023,0
654024,0
654025,0
654026,0
654027,0
654028,0
654029,0
654030,0
654031,0
654032,0
654033,0
654034,0
654035,0
654036,0
654037,0
654038,0
654039,0
654040,0
654041,0
654042,15
654043,0
654044,0
654045,0
654046,0
654047,0
654048,0
654049,0
654050,0
654051,0
654052,0
654053,0
654054,0
654055,0
654056,0
654057,0
654058,0
654059,0
654060,0
654061,0
654062,0
654063,0
654064,0
654065,0
654066,0
654067,0
654068,0
654069,20
654070,0
654071,0
654072,0
654073,0
654074,9
654075,0
654076,0
654077,0
654078,0
654079,0
654080,0
654081,0
654082,0
654083,0
654084,0
654085,0
654086,0
654087,0
654088,0
654089,0
654090,0
654091,0
654092,0
654093,0
654094,0
654095,0
654096,0
654097,0
654098,0
654099,0
654100,0
654101,0
654102,0
654103,0
654104,0
654105,0
654106,0
654107,0
654108,0
654109,0
654110,0
654111,0
654112,17
654113,0
654114,0
654115,0
654116,18
654117,0
654118,0
654119,0
654120,0
654121,0
654122,0
654123,0
654124,0
654125,0
654126,0
654127,0
654128,0
654129,0
654130,0
654131,0
654132,0
654133,0
654134,0
654135,0
654136,0
654137,0
654138,0
654139,0
654140,0
654141,0
654142,0
654143,0
654144,0
654145,0
654146,0
654147,0
654148,0
654149,0
654150,0
654151,0
654152,0
654153,0
654154,0
654155,0
654156,0
654157,0
654158,15
654159,0
654160,0
654161,0
654162,0
654163,0
654164,0
654165,0
654166,0
654167,0
654168,0
654169,0
654170,42
654171,0
654172,0
654173,0
654174,30
654175,0
654176,0
654177,60
654178,37
654179,0
654180,0
654181,0
654182,0
654183,0
654184,0
654185,53
654186,0
654187,46
654188,31
654189,0
654190,0
654191,0
654192,0
654193,0
654194,35
654195,15
654196,0
654197,0
654198,0
654199,0
654200,0
654201,34
654202,0
654203,46
654204,0
654205,0
654206,0
654207,0
654208,0
654209,0
654210,0
654211,0
654212,0
654213,44
654214,0
654215,0
654216,0
654217,0
654218,58
654219,0
654220,0
654221,28
654222,0
654223,0
654224,0
654225,0
654226,0
654227,53
654228,0
654229,0
654230,0
654231,0
654232,0
654233,0
654234,0
654235,0
654236,0
654237,0
654238,0
654239,0
654240,0
654241,0
654242,0
654243,0
654244,0
654245,0
654246,0
654247,37
654248,0
654249,0
654250,23
654251,37
654252,45
654253,0
654254,0
654255,0
654256,0
654257,0
654258,53
654259,0
654260,0
654261,0
654262,0
654263,0
654264,0
654265,0
654266,0
654267,0
654268,46
654269,0
654270,0
654271,27
654272,0
654273,0
654274,43
654275,0
654276,0
654277,0
654278,0
654279,0
654280,0
654281,0
654282,22
654283,0
654284,0
654285,0
654286,0
654287,0
654288,0
654289,0
654290,0
654291,0
654292,0
654293,31
654294,0
654295,41
654296,0
654297,42
654298,0
654299,35
654300,0
654301,0
654302,34
654303,0
654304,0
654305,0
654306,31
654307,0
654308,0
654309,50
654310,0
654311,0
654312,0
654313,0
654314,0
654315,0
654316,0
654317,36
654318,0
654319,0
654320,0
654321,0
654322,46
654323,0
654324,0
654325,0
654326,0
654327,0
654328,37
654329,0
654330,0
654331,0
654332,31
654333,23
654334,41
654335,40
654336,0
654337,0
654338,0
654339,18
654340,0
654341,0
654342,0
654343,0
654344,0
654345,0
654346,0
654347,0
654348,0
654349,0
654350,0
654351,0
654352,0
654353,0
654354,0
654355,0
654356,0
654357,0
654358,0
654359,0
654360,0
654361,43
654362,35
654363,0
654364,0
654365,23
654366,0
654367,0
654368,0
654369,0
654370,45
654371,0
654372,0
654373,46
654374,50
654375,0
654376,29
654377,0
654378,0
654379,0
654380,0
654381,0
654382,0
654383,0
654384,36
654385,0
654386,0
654387,0
654388,0
654389,0
654390,31
654391,0
654392,0
654393,0
654394,31
654395,0
654396,0
654397,0
654398,0
654399,0
654400,0
654401,0
654402,0
654403,0
654404,0
654405,0
654406,0
654407,0
654408,0
654409,0
654410,0
654411,0
654412,0
654413,47
654414,0
654415,0
654416,28
654417,0
654418,0
654419,0
654420,0
654421,0
654422,35
654423,0
654424,0
654425,39
654426,0
654427,0
654428,37
654429,0
654430,0
654431,49
654432,0
654433,22
654434,0
654435,0
654436,35
654437,0
654438,0
654439,0
654440,0
654441,23
654442,0
654443,0
654444,0
654445,0
654446,0
654447,0
654448,0
654449,0
654450,0
654451,0
654452,0
654453,0
654454,0
654455,0
654456,0
654457,0
654458,0
654459,0
654460,0
654461,0
654462,0
654463,0
654464,0
654465,32
654466,37
654467,0
654468,0
654469,0
654470,0
654471,0
654472,0
654473,40
654474,0
654475,0
654476,0
654477,0
654478,0
654479,0
654480,0
654481,0
654482,0
654483,0
654484,0
654485,0
654486,0
654487,0
654488,0
654489,0
654490,0
654491,0
654492,35
654493,0
654494,0
654495,0
654496,0
654497,0
654498,0
654499,32
654500,0
654501,36
654502,0
654503,0
654504,0
654505,0
654506,0
654507,0
654508,0
654509,26
654510,33
654511,26
654512,0
654513,0
654514,0
654515,0
654516,0
654517,40
654518,0
654519,0
654520,0
654521,0
654522,44
654523,0
654524,0
654525,40
654526,0
654527,41
654528,0
654529,0
654530,0
654531,34
654532,34
654533,0
654534,0
654535,0
654536,0
654537,0
654538,0
654539,30
654540,27
654541,0
654542,0
654543,0
654544,0
654545,0
654546,0
654547,28
654548,0
654549,0
654550,30
654551,0
654552,0
654553,0
654554,0
654555,23
654556,0
654557,0
654558,0
654559,0
654560,0
654561,0
654562,0
654563,33
654564,32
654565,0
654566,32
654567,0
654568,0
654569,0
654570,0
654571,44
654572,0
654573,0
654574,0
654575,0
654576,33
654577,0
654578,0
654579,0
654580,0
654581,0
654582,0
654583,0
654584,0
654585,0
654586,36
654587,34
654588,49
654589,34
654590,0
654591,0
654592,37
654593,54
654594,49
654595,0
654596,0
654597,0
654598,0
654599,0
654600,0
654601,0
654602,0
654603,0
654604,30
654605,0
654606,0
654607,0
654608,0
654609,38
654610,0
654611,0
654612,0
654613,0
654614,0
654615,0
654616,0
654617,0
654618,0
654619,0
654620,0
654621,33
654622,0
654623,0
654624,0
654625,0
654626,0
654627,27
654628,33
654629,0
654630,23
654631,0
654632,0
654633,29
654634,0
654635,31
654636,0
654637,0
654638,0
654639,34
654640,0
654641,0
654642,0
654643,0
654644,41
654645,0
654646,0
654647,0
654648,0
654649,0
654650,0
654651,0
654652,0
654653,0
654654,0
654655,0
654656,0
654657,0
654658,0
654659,0
654660,0
654661,0
654662,0
654663,0
654664,0
654665,0
654666,0
654667,0
654668,0
654669,28
654670,0
654671,0
654672,0
654673,0
654674,0
654675,0
654676,0
654677,0
654678,0
654679,0
654680,0
654681,0
654682,0
654683,0
654684,23
654685,41
654686,48
654687,0
654688,31
654689,0
654690,0
654691,0
654692,0
654693,0
654694,53
654695,40
654696,0
654697,24
654698,0
654699,25
654700,0
654701,0
654702,0
654703,0
654704,46
654705,0
654706,59
654707,50
654708,0
654709,0
654710,0
654711,0
654712,0
654713,0
654714,0
654715,0
654716,42
654717,24
654718,49
654719,0
654720,0
654721,0
654722,0
654723,0
654724,37
654725,0
654726,0
654727,0
654728,0
654729,0
654730,41
654731,0
654732,0
654733,0
654734,39
654735,0
654736,0
654737,0
654738,0
654739,0
654740,32
654741,0
654742,0
654743,0
654744,0
654745,46
654746,0
654747,34
654748,0
654749,0
654750,0
654751,0
654752,0
654753,0
654754,0
654755,32
654756,40
654757,0
654758,0
654759,0
654760,28
654761,0
654762,0
654763,0
654764,0
654765,0
654766,0
654767,0
654768,0
654769,0
654770,27
654771,0
654772,0
654773,0
654774,30
654775,0
654776,0
654777,0
654778,21
654779,0
654780,0
654781,39
654782,0
654783,0
654784,34
654785,0
654786,0
654787,0
654788,0
654789,0
654790,0
654791,0
654792,0
654793,0
654794,0
654795,0
654796,0
654797,0
654798,0
654799,0
654800,31
654801,0
654802,44
654803,0
654804,0
654805,36
654806,28
654807,52
654808,0
654809,0
654810,0
654811,0
654812,0
654813,0
654814,0
654815,51
654816,0
654817,0
654818,24
654819,36
654820,0
654821,0
654822,0
654823,0
654824,36
654825,0
654826,0
654827,0
654828,0
654829,0
654830,37
654831,0
654832,0
654833,0
654834,35
654835,0
654836,38
654837,0
654838,0
654839,0
654840,0
654841,0
654842,32
654843,0
654844,0
654845,0
654846,0
654847,0
654848,0
654849,32
654850,0
654851,0
654852,0
654853,0
654854,0
654855,0
654856,46
654857,0
654858,0
654859,0
654860,0
654861,0
654862,36
654863,0
654864,30
654865,0
654866,0
654867,0
654868,33
654869,0
654870,0
654871,0
654872,0
654873,0
654874,0
654875,0
654876,0
654877,0
654878,0
654879,0
654880,0
654881,0
654882,48
654883,44
654884,30
654885,0
654886,0
654887,0
654888,0
654889,0
654890,0
654891,55
654892,0
654893,0
654894,51
654895,0
654896,0
654897,0
654898,0
654899,0
654900,0
654901,0
654902,0
654903,0
654904,0
654905,0
654906,32
654907,0
654908,0
654909,0
654910,0
654911,0
654912,0
654913,43
654914,0
654915,0
654916,0
654917,51
654918,0
654919,0
654920,0
654921,0
654922,23
654923,0
654924,0
654925,0
654926,0
654927,0
654928,0
654929,0
654930,0
654931,39
654932,0
654933,0
654934,0
654935,0
654936,0
654937,0
654938,0
654939,0
654940,0
654941,33
654942,0
654943,0
654944,0
654945,0
654946,0
654947,0
654948,0
654949,0
654950,0
654951,0
654952,0
654953,0
654954,0
654955,0
654956,0
654957,0
654958,0
654959,0
654960,0
654961,0
654962,0
654963,0
654964,0
654965,0
654966,0
654967,0
654968,0
654969,0
654970,0
654971,0
654972,0
654973,0
654974,0
654975,0
654976,0
654977,0
654978,0
654979,0
654980,0
654981,0
654982,0
654983,0
654984,0
654985,0
654986,0
654987,0
654988,0
654989,0
654990,0
654991,0
654992,0
654993,0
654994,0
654995,0
654996,0
654997,0
654998,0
654999,0
655000,0
655001,0
655002,0
655003,0
655004,0
655005,0
655006,0
655007,0
655008,0
655009,0
655010,0
655011,0
655012,0
655013,0
655014,0
655015,0
655016,0
655017,0
655018,0
655019,0
655020,0
655021,0
655022,0
655023,0
655024,0
655025,0
655026,0
655027,0
655028,0
655029,0
655030,0
655031,0
655032,0
655033,0
655034,0
655035,0
655036,0
655037,0
655038,0
655039,0
655040,0
655041,0
655042,0
655043,0
655044,0
655045,0
655046,0
655047,0
655048,0
655049,0
655050,0
655051,0
655052,0
655053,0
655054,0
655055,0
655056,0
655057,0
655058,0
655059,0
655060,0
655061,0
655062,0
655063,0
655064,0
655065,0
655066,0
655067,0
655068,0
655069,0
655070,0
655071,0
655072,0
655073,0
655074,0
655075,0
655076,0
655077,0
655078,0
655079,0
655080,0
655081,0
655082,0
655083,0
655084,0
655085,1
655086,0
655087,0
655088,0
655089,0
655090,0
655091,0
655092,0
655093,0
655094,0
655095,0
655096,0
655097,0
655098,0
655099,0
655100,0
655101,0
655102,0
655103,0
655104,0
655105,0
655106,0
655107,0
655108,0
655109,0
655110,0
655111,0
655112,0
655113,0
655114,0
655115,0
655116,0
655117,0
655118,0
655119,0
655120,0
655121,0
655122,0
655123,0
655124,0
655125,0
655126,0
655127,0
655128,0
655129,0
655130,0
655131,0
655132,0
655133,0
655134,0
655135,0
655136,0
655137,0
655138,0
655139,0
655140,0
655141,0
655142,0
655143,0
655144,0
655145,0
655146,0
655147,0
655148,0
655149,0
655150,0
655151,0
655152,0
655153,0
655154,0
655155,0
655156,0
655157,0
655158,0
655159,0
655160,0
655161,0
655162,0
655163,0
655164,0
655165,0
655166,0
655167,0
655168,0
655169,0
655170,0
655171,0
655172,0
655173,0
655174,0
655175,0
655176,0
655177,0
655178,0
655179,0
655180,0
655181,0
655182,0
655183,0
655184,0
655185,0
655186,0
655187,0
655188,0
655189,0
655190,0
655191,0
655192,0
655193,0
655194,0
655195,0
655196,0
655197,0
655198,0
655199,0
655200,0
655201,0
655202,0
655203,0
655204,0
655205,0
655206,0
655207,0
655208,0
655209,0
655210,0
655211,0
655212,0
655213,0
655214,0
655215,0
655216,0
655217,0
655218,0
655219,0
655220,0
655221,0
655222,0
655223,0
655224,0
655225,0
655226,0
655227,0
655228,0
655229,0
655230,0
655231,0
655232,0
655233,0
655234,0
655235,0
655236,0
655237,0
655238,0
655239,0
655240,0
655241,0
655242,0
655243,0
655244,0
655245,0
655246,0
655247,0
655248,0
655249,0
655250,0
655251,0
655252,0
655253,0
655254,0
655255,0
655256,0
655257,0
655258,0
655259,0
655260,0
655261,0
655262,0
655263,0
655264,0
655265,0
655266,0
655267,0
655268,0
655269,0
655270,0
655271,0
655272,0
655273,0
655274,0
655275,0
655276,0
655277,0
655278,0
655279,0
655280,0
655281,0
655282,0
655283,0
655284,0
655285,0
655286,0
655287,0
655288,0
655289,0
655290,0
655291,0
655292,0
655293,0
655294,0
655295,0
655296,0
655297,0
655298,0
655299,0
655300,0
655301,0
655302,0
655303,0
655304,0
655305,0
655306,0
655307,0
655308,0
655309,0
655310,0
655311,0
655312,0
655313,0
655314,0
655315,0
655316,0
655317,0
655318,0
655319,0
655320,0
655321,0
655322,0
655323,0
655324,0
655325,0
655326,0
655327,0
655328,0
655329,0
655330,0
655331,0
655332,0
655333,0
655334,0
655335,0
655336,0
655337,0
655338,0
655339,0
655340,0
655341,0
655342,0
655343,0
655344,0
655345,0
655346,0
655347,0
655348,0
655349,0
655350,0
655351,0
655352,0
655353,0
655354,0
655355,0
655356,0
655357,0
655358,0
655359,0
655360,0
655361,0
655362,0
655363,0
655364,0
655365,0
655366,0
655367,0
655368,0
655369,0
655370,0
655371,0
655372,0
655373,0
655374,0
655375,0
655376,0
655377,0
655378,0
655379,0
655380,0
655381,0
655382,0
655383,0
655384,0
655385,0
655386,0
655387,0
655388,0
655389,0
655390,0
655391,0
655392,0
655393,0
655394,0
655395,0
655396,0
655397,0
655398,0
655399,0
655400,0
655401,0
655402,0
655403,0
655404,0
655405,0
655406,0
655407,0
655408,0
655409,0
655410,0
655411,0
655412,0
655413,0
655414,0
655415,0
655416,0
655417,0
655418,0
655419,0
655420,0
655421,0
655422,0
655423,0
655424,0
655425,0
655426,0
655427,0
655428,0
655429,0
655430,0
655431,0
655432,0
655433,0
655434,0
655435,0
655436,0
655437,0
655438,0
655439,0
655440,0
655441,0
655442,0
655443,0
655444,0
655445,0
655446,0
655447,0
655448,0
655449,0
655450,0
655451,0
655452,0
655453,0
655454,0
655455,0
655456,1
655457,0
655458,0
655459,0
655460,0
655461,0
655462,0
655463,0
655464,0
655465,0
655466,0
655467,0
655468,0
655469,0
655470,0
655471,0
655472,0
655473,0
655474,0
655475,0
655476,0
655477,0
655478,0
655479,0
655480,0
655481,0
655482,0
655483,0
655484,0
655485,0
655486,0
655487,0
655488,0
655489,0
655490,0
655491,0
655492,0
655493,0
655494,0
655495,0
655496,0
655497,0
655498,0
655499,0
655500,0
655501,0
655502,0
655503,0
655504,0
655505,0
655506,0
655507,0
655508,0
655509,0
655510,0
655511,0
655512,0
655513,0
655514,0
655515,0
655516,0
655517,0
655518,0
655519,0
655520,0
655521,0
655522,0
655523,0
655524,0
655525,0
655526,0
655527,0
655528,0
655529,0
655530,0
655531,0
655532,0
655533,0
655534,0
655535,0
655536,0
655537,0
655538,0
655539,0
655540,0
655541,0
655542,0
655543,0
655544,0
655545,0
655546,0
655547,0
655548,0
655549,0
655550,0
655551,0
655552,0
655553,0
655554,0
655555,0
655556,0
655557,0
655558,0
655559,0
655560,0
655561,0
655562,0
655563,0
655564,0
655565,0
655566,0
655567,0
655568,0
655569,0
655570,0
655571,0
655572,0
655573,0
655574,0
655575,0
655576,0
655577,0
655578,0
655579,0
655580,0
655581,0
655582,0
655583,0
655584,0
655585,0
655586,0
655587,0
655588,0
655589,0
655590,0
655591,0
655592,0
655593,0
655594,0
655595,0
655596,0
655597,0
655598,0
655599,0
655600,0
655601,0
655602,0
655603,0
655604,0
655605,0
655606,0
655607,0
655608,0
655609,0
655610,0
655611,0
655612,0
655613,0
655614,0
655615,0
655616,0
655617,0
655618,0
655619,0
655620,0
655621,0
655622,0
655623,0
655624,0
655625,0
655626,0
655627,0
655628,0
655629,0
655630,0
655631,0
655632,0
655633,0
655634,0
655635,0
655636,0
655637,0
655638,0
655639,0
655640,0
655641,0
655642,0
655643,0
655644,0
655645,0
655646,0
655647,0
655648,0
655649,0
655650,0
655651,0
655652,0
655653,0
655654,0
655655,0
655656,0
655657,0
655658,0
655659,0
655660,0
655661,0
655662,0
655663,0
655664,0
655665,0
655666,0
655667,0
655668,0
655669,0
655670,0
655671,0
655672,0
655673,0
655674,0
655675,0
655676,0
655677,0
655678,0
655679,0
655680,0
655681,0
655682,0
655683,0
655684,0
655685,0
655686,0
655687,0
655688,0
655689,0
655690,0
655691,0
655692,0
655693,0
655694,0
655695,0
655696,0
655697,0
655698,0
655699,0
655700,0
655701,0
655702,0
655703,0
655704,0
655705,0
655706,0
655707,0
655708,0
655709,0
655710,0
655711,0
655712,0
655713,0
655714,0
655715,0
655716,0
655717,0
655718,0
655719,0
655720,0
655721,0
655722,0
655723,0
655724,0
655725,0
655726,0
655727,0
655728,0
655729,0
655730,0
655731,0
655732,0
655733,0
655734,0
655735,0
655736,0
655737,0
655738,0
655739,0
655740,0
655741,0
655742,0
655743,0
655744,0
655745,0
655746,0
655747,0
655748,0
655749,0
655750,0
655751,0
655752,0
655753,0
655754,0
655755,0
655756,0
655757,0
655758,0
655759,0
655760,0
655761,0
655762,0
655763,0
655764,0
655765,0
655766,0
655767,0
655768,0
655769,0
655770,0
655771,0
655772,0
655773,0
655774,0
655775,0
655776,0
655777,0
655778,0
655779,0
655780,0
655781,0
655782,0
655783,0
655784,0
655785,0
655786,0
655787,0
655788,0
655789,0
655790,0
655791,0
655792,0
655793,0
655794,0
655795,0
655796,0
655797,0
655798,0
655799,0
655800,0
655801,0
655802,0
655803,0
655804,0
655805,0
655806,0
655807,0
655808,0
655809,0
655810,0
655811,0
655812,0
655813,0
655814,0
655815,0
655816,0
655817,0
655818,0
655819,0
655820,0
655821,0
655822,0
655823,0
655824,0
655825,0
655826,0
655827,0
655828,0
655829,0
655830,0
655831,0
655832,0
655833,0
655834,0
655835,0
655836,0
655837,0
655838,0
655839,0
655840,0
655841,0
655842,0
655843,0
655844,0
655845,0
655846,0
655847,0
655848,0
655849,0
655850,0
655851,0
655852,0
655853,0
655854,0
655855,0
655856,0
655857,0
655858,0
655859,0
655860,0
655861,0
655862,0
655863,0
655864,0
655865,0
655866,0
655867,0
655868,0
655869,0
655870,0
655871,0
655872,0
655873,0
655874,0
655875,0
655876,0
655877,0
655878,0
655879,0
655880,0
655881,0
655882,0
655883,0
655884,0
655885,0
655886,0
655887,0
655888,0
655889,0
655890,0
655891,0
655892,0
655893,0
655894,0
655895,0
655896,0
655897,0
655898,0
655899,0
655900,0
655901,0
655902,0
655903,0
655904,0
655905,0
655906,0
655907,0
655908,0
655909,0
655910,0
655911,0
655912,0
655913,0
655914,0
655915,0
655916,0
655917,0
655918,0
655919,0
655920,0
655921,0
655922,0
655923,0
655924,0
655925,0
655926,0
655927,0
655928,0
655929,0
655930,0
655931,0
655932,0
655933,0
655934,0
655935,0
655936,0
655937,0
655938,0
655939,0
655940,0
655941,0
655942,0
655943,0
655944,0
655945,0
655946,0
655947,0
655948,0
655949,0
655950,0
655951,0
655952,0
655953,0
655954,0
655955,0
655956,0
655957,0
655958,0
655959,0
655960,0
655961,0
655962,0
655963,0
655964,0
655965,0
655966,0
655967,0
655968,0
655969,0
655970,0
655971,0
655972,0
655973,0
655974,0
655975,0
655976,0
655977,0
655978,0
655979,0
655980,0
655981,0
655982,0
655983,0
655984,0
655985,0
655986,0
655987,0
655988,0
655989,0
655990,0
655991,0
655992,0
655993,0
655994,0
655995,0
655996,0
655997,0
655998,0
655999,0
656000,0
656001,0
656002,0
656003,0
656004,0
656005,0
656006,0
656007,0
656008,0
656009,0
656010,0
656011,0
656012,0
656013,0
656014,0
656015,0
656016,0
656017,0
656018,0
656019,0
656020,0
656021,0
656022,0
656023,0
656024,0
656025,0
656026,0
656027,0
656028,0
656029,0
656030,0
656031,0
656032,0
656033,0
656034,0
656035,0
656036,0
656037,0
656038,0
656039,0
656040,0
656041,0
656042,0
656043,0
656044,0
656045,0
656046,0
656047,0
656048,0
656049,0
656050,0
656051,0
656052,0
656053,0
656054,0
656055,0
656056,0
656057,0
656058,0
656059,0
656060,0
656061,0
656062,0
656063,0
656064,0
656065,0
656066,0
656067,0
656068,0
656069,0
656070,0
656071,0
656072,0
656073,0
656074,0
656075,0
656076,0
656077,0
656078,0
656079,0
656080,0
656081,0
656082,0
656083,0
656084,0
656085,0
656086,0
656087,0
656088,0
656089,0
656090,0
656091,0
656092,0
656093,0
656094,0
656095,0
656096,0
656097,0
656098,0
656099,0
656100,0
656101,0
656102,0
656103,0
656104,0
656105,0
656106,0
656107,0
656108,0
656109,0
656110,0
656111,0
656112,0
656113,0
656114,0
656115,0
656116,0
656117,0
656118,0
656119,0
656120,0
656121,0
656122,0
656123,0
656124,0
656125,0
656126,0
656127,0
656128,0
656129,0
656130,0
656131,0
656132,0
656133,0
656134,0
656135,0
656136,0
656137,0
656138,0
656139,0
656140,0
656141,0
656142,0
656143,0
656144,0
656145,0
656146,0
656147,0
656148,0
656149,0
656150,0
656151,0
656152,0
656153,0
656154,0
656155,0
656156,0
656157,0
656158,0
656159,0
656160,0
656161,0
656162,0
656163,0
656164,0
656165,0
656166,0
656167,0
656168,0
656169,0
656170,0
656171,0
656172,0
656173,0
656174,0
656175,0
656176,0
656177,0
656178,0
656179,0
656180,0
656181,0
656182,0
656183,0
656184,0
656185,0
656186,0
656187,0
656188,0
656189,0
656190,0
656191,0
656192,0
656193,0
656194,0
656195,0
656196,0
656197,0
656198,0
656199,0
656200,0
656201,0
656202,0
656203,0
656204,0
656205,0
656206,0
656207,0
656208,0
656209,0
656210,0
656211,0
656212,0
656213,0
656214,0
656215,0
656216,0
656217,0
656218,0
656219,0
656220,0
656221,0
656222,0
656223,0
656224,0
656225,0
656226,0
656227,0
656228,0
656229,0
656230,0
656231,0
656232,0
656233,0
656234,0
656235,0
656236,0
656237,0
656238,0
656239,0
656240,0
656241,0
656242,0
656243,0
656244,0
656245,0
656246,0
656247,0
656248,0
656249,0
656250,0
656251,0
656252,0
656253,0
656254,0
656255,0
656256,0
656257,0
656258,0
656259,0
656260,0
656261,0
656262,0
656263,0
656264,0
656265,0
656266,0
656267,0
656268,0
656269,0
656270,0
656271,0
656272,0
656273,0
656274,0
656275,0
656276,0
656277,0
656278,0
656279,0
656280,0
656281,0
656282,0
656283,0
656284,0
656285,0
656286,0
656287,0
656288,0
656289,0
656290,0
656291,0
656292,0
656293,0
656294,1
656295,1
656296,0
656297,0
656298,0
656299,0
656300,0
656301,0
656302,0
656303,0
656304,0
656305,0
656306,0
656307,0
656308,0
656309,0
656310,0
656311,0
656312,0
656313,0
656314,0
656315,0
656316,0
656317,0
656318,0
656319,0
656320,0
656321,0
656322,0
656323,0
656324,0
656325,0
656326,0
656327,0
656328,0
656329,0
656330,0
656331,0
656332,0
656333,0
656334,0
656335,0
656336,0
656337,0
656338,0
656339,0
656340,0
656341,0
656342,0
656343,0
656344,0
656345,0
656346,0
656347,0
656348,0
656349,0
656350,0
656351,0
656352,0
656353,0
656354,0
656355,0
656356,0
656357,0
656358,0
656359,0
656360,0
656361,0
656362,0
656363,0
656364,0
656365,0
656366,0
656367,0
656368,0
656369,0
656370,0
656371,0
656372,0
656373,0
656374,0
656375,0
656376,0
656377,0
656378,0
656379,0
656380,0
656381,0
656382,0
656383,0
656384,0
656385,0
656386,0
656387,0
656388,0
656389,0
656390,0
656391,0
656392,0
656393,0
656394,0
656395,0
656396,0
656397,0
656398,0
656399,0
656400,0
656401,0
656402,1
656403,0
656404,0
656405,0
656406,0
656407,0
656408,0
656409,0
656410,0
656411,0
656412,0
656413,0
656414,0
656415,0
656416,0
656417,0
656418,0
656419,0
656420,0
656421,0
656422,0
656423,0
656424,0
656425,0
656426,0
656427,0
656428,0
656429,0
656430,0
656431,0
656432,0
656433,0
656434,0
656435,0
656436,0
656437,0
656438,0
656439,0
656440,0
656441,0
656442,0
656443,0
656444,0
656445,0
656446,0
656447,0
656448,0
656449,0
656450,0
656451,0
656452,0
656453,0
656454,0
656455,0
656456,0
656457,0
656458,0
656459,0
656460,0
656461,0
656462,0
656463,0
656464,0
656465,0
656466,0
656467,0
656468,0
656469,0
656470,0
656471,0
656472,0
656473,0
656474,0
656475,0
656476,0
656477,0
656478,0
656479,0
656480,0
656481,0
656482,0
656483,0
656484,0
656485,0
656486,0
656487,0
656488,0
656489,0
656490,0
656491,0
656492,0
656493,0
656494,0
656495,0
656496,0
656497,0
656498,0
656499,0
656500,0
656501,0
656502,0
656503,0
656504,0
656505,0
656506,0
656507,0
656508,0
656509,0
656510,0
656511,0
656512,0
656513,0
656514,0
656515,0
656516,0
656517,0
656518,0
656519,0
656520,0
656521,0
656522,0
656523,0
656524,0
656525,0
656526,0
656527,0
656528,0
656529,0
656530,0
656531,0
656532,0
656533,0
656534,0
656535,0
656536,0
656537,0
656538,0
656539,0
656540,0
656541,0
656542,0
656543,0
656544,0
656545,0
656546,0
656547,0
656548,0
656549,0
656550,0
656551,0
656552,0
656553,0
656554,0
656555,0
656556,0
656557,0
656558,0
656559,0
656560,0
656561,0
656562,0
656563,0
656564,0
656565,0
656566,0
656567,0
656568,0
656569,0
656570,0
656571,0
656572,0
656573,0
656574,0
656575,0
656576,0
656577,0
656578,0
656579,0
656580,0
656581,0
656582,0
656583,0
656584,0
656585,0
656586,0
656587,0
656588,0
656589,0
656590,0
656591,0
656592,0
656593,0
656594,0
656595,0
656596,0
656597,0
656598,0
656599,0
656600,0
656601,0
656602,0
656603,0
656604,0
656605,0
656606,0
656607,0
656608,0
656609,0
656610,0
656611,0
656612,0
656613,0
656614,0
656615,0
656616,0
656617,0
656618,0
656619,0
656620,0
656621,0
656622,0
656623,0
656624,0
656625,0
656626,0
656627,0
656628,0
656629,0
656630,0
656631,0
656632,0
656633,0
656634,0
656635,0
656636,0
656637,0
656638,0
656639,0
656640,0
656641,0
656642,0
656643,0
656644,0
656645,0
656646,0
656647,0
656648,0
656649,0
656650,0
656651,0
656652,0
656653,0
656654,0
656655,0
656656,23
656657,0
656658,18
656659,23
656660,0
656661,0
656662,0
656663,0
656664,13
656665,26
656666,13
656667,0
656668,20
656669,14
656670,0
656671,0
656672,19
656673,0
656674,24
656675,0
656676,0
656677,0
656678,0
656679,0
656680,0
656681,0
656682,15
656683,16
656684,16
656685,0
656686,0
656687,0
656688,0
656689,0
656690,0
656691,27
656692,0
656693,0
656694,0
656695,18
656696,0
656697,0
656698,14
656699,0
656700,14
656701,0
656702,0
656703,0
656704,0
656705,0
656706,21
656707,7
656708,0
656709,0
656710,0
656711,0
656712,0
656713,0
656714,0
656715,20
656716,0
656717,0
656718,0
656719,9
656720,0
656721,14
656722,42
656723,0
656724,0
656725,0
656726,15
656727,0
656728,0
656729,24
656730,0
656731,27
656732,0
656733,0
656734,0
656735,0
656736,0
656737,0
656738,12
656739,0
656740,38
656741,17
656742,24
656743,21
656744,11
656745,0
656746,12
656747,0
656748,0
656749,0
656750,0
656751,0
656752,21
656753,0
656754,0
656755,0
656756,0
656757,0
656758,0
656759,0
656760,0
656761,0
656762,14
656763,33
656764,0
656765,31
656766,0
656767,0
656768,11
656769,0
656770,0
656771,0
656772,0
656773,0
656774,0
656775,0
656776,0
656777,0
656778,0
656779,0
656780,0
656781,34
656782,0
656783,0
656784,12
656785,0
656786,0
656787,14
656788,0
656789,0
656790,0
656791,0
656792,0
656793,0
656794,0
656795,0
656796,25
656797,16
656798,36
656799,22
656800,0
656801,0
656802,0
656803,22
656804,0
656805,10
656806,0
656807,10
656808,33
656809,0
656810,17
656811,0
656812,19
656813,0
656814,0
656815,33
656816,20
656817,0
656818,19
656819,0
656820,0
656821,0
656822,10
656823,0
656824,0
656825,11
656826,0
656827,14
656828,18
656829,0
656830,20
656831,0
656832,0
656833,0
656834,0
656835,16
656836,0
656837,0
656838,0
656839,38
656840,35
656841,0
656842,0
656843,0
656844,30
656845,0
656846,0
656847,12
656848,0
656849,0
656850,0
656851,0
656852,23
656853,0
656854,0
656855,0
656856,0
656857,0
656858,0
656859,14
656860,0
656861,0
656862,27
656863,0
656864,0
656865,0
656866,0
656867,0
656868,0
656869,0
656870,0
656871,0
656872,0
656873,32
656874,13
656875,0
656876,0
656877,14
656878,25
656879,14
656880,0
656881,0
656882,0
656883,0
656884,0
656885,0
656886,0
656887,21
656888,0
656889,33
656890,23
656891,0
656892,23
656893,0
656894,0
656895,0
656896,0
656897,10
656898,13
656899,7
656900,0
656901,0
656902,0
656903,0
656904,0
656905,22
656906,0
656907,0
656908,0
656909,0
656910,0
656911,0
656912,0
656913,17
656914,31
656915,0
656916,21
656917,15
656918,0
656919,35
656920,0
656921,0
656922,0
656923,12
656924,21
656925,0
656926,18
656927,0
656928,19
656929,0
656930,0
656931,0
656932,33
656933,0
656934,21
656935,17
656936,0
656937,11
656938,0
656939,15
656940,19
656941,13
656942,22
656943,0
656944,0
656945,0
656946,0
656947,0
656948,0
656949,0
656950,32
656951,0
656952,0
656953,28
656954,0
656955,0
656956,0
656957,14
656958,0
656959,0
656960,0
656961,18
656962,0
656963,14
656964,30
656965,0
656966,0
656967,0
656968,0
656969,0
656970,0
656971,29
656972,0
656973,0
656974,20
656975,0
656976,0
656977,0
656978,24
656979,0
656980,24
656981,0
656982,12
656983,23
656984,0
656985,24
656986,0
656987,0
656988,0
656989,19
656990,0
656991,0
656992,17
656993,0
656994,13
656995,0
656996,0
656997,0
656998,0
656999,0
657000,0
657001,0
657002,0
657003,23
657004,15
657005,0
657006,0
657007,20
657008,0
657009,23
657010,0
657011,0
657012,0
657013,0
657014,0
657015,33
657016,0
657017,0
657018,0
657019,0
657020,0
657021,0
657022,0
657023,27
657024,0
657025,0
657026,0
657027,0
657028,0
657029,0
657030,0
657031,0
657032,24
657033,0
657034,0
657035,0
657036,0
657037,0
657038,16
657039,0
657040,27
657041,0
657042,17
657043,11
657044,23
657045,0
657046,0
657047,0
657048,0
657049,15
657050,29
657051,0
657052,0
657053,12
657054,0
657055,0
657056,0
657057,0
657058,0
657059,16
657060,0
657061,0
657062,0
657063,0
657064,15
657065,0
657066,0
657067,22
657068,21
657069,15
657070,0
657071,0
657072,0
657073,0
657074,0
657075,0
657076,0
657077,28
657078,0
657079,0
657080,0
657081,16
657082,0
657083,17
657084,20
657085,0
657086,0
657087,0
657088,0
657089,24
657090,21
657091,0
657092,0
657093,0
657094,0
657095,19
657096,0
657097,0
657098,0
657099,0
657100,0
657101,0
657102,0
657103,0
657104,0
657105,23
657106,20
657107,0
657108,0
657109,17
657110,22
657111,0
657112,4
657113,0
657114,0
657115,0
657116,23
657117,0
657118,0
657119,0
657120,0
657121,0
657122,0
657123,0
657124,0
657125,17
657126,17
657127,35
657128,0
657129,0
657130,0
657131,0
657132,0
657133,0
657134,0
657135,0
657136,0
657137,27
657138,0
657139,21
657140,0
657141,0
657142,0
657143,0
657144,12
657145,0
657146,24
657147,21
657148,0
657149,23
657150,15
657151,0
657152,19
657153,0
657154,18
657155,0
657156,7
657157,24
657158,23
657159,0
657160,0
657161,0
657162,9
657163,0
657164,0
657165,0
657166,0
657167,0
657168,0
657169,0
657170,0
657171,0
657172,0
657173,0
657174,0
657175,12
657176,0
657177,0
657178,0
657179,0
657180,20
657181,0
657182,0
657183,26
657184,0
657185,0
657186,0
657187,0
657188,0
657189,0
657190,0
657191,0
657192,0
657193,0
657194,0
657195,0
657196,17
657197,40
657198,0
657199,0
657200,0
657201,0
657202,0
657203,0
657204,0
657205,0
657206,0
657207,0
657208,0
657209,0
657210,0
657211,0
657212,0
657213,0
657214,0
657215,0
657216,0
657217,19
657218,0
657219,0
657220,0
657221,0
657222,0
657223,0
657224,0
657225,0
657226,0
657227,0
657228,16
657229,11
657230,0
657231,0
657232,0
657233,0
657234,0
657235,21
657236,0
657237,26
657238,0
657239,0
657240,6
657241,0
657242,0
657243,0
657244,0
657245,0
657246,0
657247,0
657248,0
657249,0
657250,0
657251,0
657252,0
657253,0
657254,0
657255,18
657256,30
657257,25
657258,0
657259,0
657260,0
657261,0
657262,0
657263,16
657264,0
657265,26
657266,34
657267,14
657268,0
657269,0
657270,0
657271,0
657272,17
657273,27
657274,0
657275,20
657276,0
657277,0
657278,0
657279,0
657280,16
657281,0
657282,0
657283,0
657284,37
657285,0
657286,0
657287,26
657288,0
657289,0
657290,0
657291,13
657292,0
657293,0
657294,0
657295,0
657296,0
657297,0
657298,0
657299,33
657300,0
657301,0
657302,0
657303,0
657304,27
657305,28
657306,31
657307,14
657308,0
657309,0
657310,0
657311,23
657312,0
657313,0
657314,0
657315,0
657316,0
657317,27
657318,27
657319,35
657320,0
657321,0
657322,30
657323,0
657324,0
657325,0
657326,29
657327,31
657328,0
657329,17
657330,0
657331,0
657332,0
657333,0
657334,43
657335,25
657336,0
657337,0
657338,0
657339,28
657340,0
657341,0
657342,0
657343,0
657344,0
657345,0
657346,18
657347,0
657348,0
657349,26
657350,0
657351,0
657352,0
657353,0
657354,26
657355,18
657356,0
657357,32
657358,0
657359,0
657360,0
657361,0
657362,28
657363,0
657364,0
657365,0
657366,0
657367,27
657368,0
657369,25
657370,33
657371,24
657372,0
657373,0
657374,0
657375,0
657376,0
657377,0
657378,0
657379,0
657380,39
657381,15
657382,0
657383,0
657384,0
657385,0
657386,0
657387,0
657388,0
657389,18
657390,36
657391,0
657392,0
657393,0
657394,0
657395,0
657396,29
657397,32
657398,30
657399,0
657400,0
657401,0
657402,32
657403,0
657404,0
657405,23
657406,26
657407,0
657408,0
657409,0
657410,17
657411,0
657412,0
657413,0
657414,21
657415,0
657416,0
657417,0
657418,0
657419,0
657420,0
657421,22
657422,0
657423,0
657424,0
657425,0
657426,0
657427,0
657428,0
657429,18
657430,31
657431,0
657432,0
657433,0
657434,0
657435,0
657436,19
657437,0
657438,27
657439,32
657440,17
657441,0
657442,0
657443,0
657444,25
657445,24
657446,0
657447,20
657448,31
657449,35
657450,0
657451,0
657452,23
657453,0
657454,19
657455,0
657456,21
657457,28
657458,0
657459,18
657460,0
657461,33
657462,0
657463,0
657464,0
657465,0
657466,35
657467,0
657468,23
657469,0
657470,0
657471,0
657472,0
657473,0
657474,19
657475,26
657476,0
657477,33
657478,26
657479,0
657480,0
657481,33
657482,25
657483,0
657484,0
657485,0
657486,0
657487,0
657488,24
657489,26
657490,0
657491,18
657492,0
657493,0
657494,0
657495,33
657496,0
657497,0
657498,0
657499,0
657500,0
657501,28
657502,0
657503,30
657504,0
657505,0
657506,0
657507,0
657508,0
657509,0
657510,0
657511,0
657512,0
657513,26
657514,25
657515,0
657516,0
657517,0
657518,0
657519,23
657520,0
657521,0
657522,30
657523,0
657524,0
657525,0
657526,0
657527,23
657528,0
657529,0
657530,0
657531,0
657532,0
657533,0
657534,0
657535,0
657536,0
657537,26
657538,0
657539,0
657540,15
657541,0
657542,30
657543,19
657544,28
657545,0
657546,0
657547,20
657548,29
657549,0
657550,0
657551,0
657552,0
657553,0
657554,0
657555,34
657556,0
657557,0
657558,24
657559,0
657560,0
657561,0
657562,0
657563,0
657564,0
657565,23
657566,26
657567,0
657568,25
657569,0
657570,0
657571,0
657572,0
657573,40
657574,34
657575,0
657576,34
657577,23
657578,0
657579,0
657580,29
657581,0
657582,0
657583,0
657584,19
657585,31
657586,0
657587,28
657588,0
657589,0
657590,0
657591,0
657592,0
657593,0
657594,0
657595,24
657596,0
657597,15
657598,0
657599,0
657600,0
657601,26
657602,0
657603,0
657604,29
657605,23
657606,0
657607,36
657608,0
657609,17
657610,27
657611,35
657612,0
657613,17
657614,26
657615,0
657616,0
657617,28
657618,0
657619,0
657620,26
657621,16
657622,0
657623,40
657624,0
657625,0
657626,0
657627,24
657628,0
657629,0
657630,0
657631,0
657632,0
657633,0
657634,0
657635,34
657636,0
657637,0
657638,0
657639,0
657640,0
657641,0
657642,0
657643,14
657644,0
657645,0
657646,24
657647,0
657648,29
657649,0
657650,24
657651,30
657652,0
657653,0
657654,0
657655,21
657656,18
657657,0
657658,0
657659,0
657660,0
657661,29
657662,0
657663,19
657664,0
657665,40
657666,0
657667,0
657668,0
657669,0
657670,17
657671,0
657672,0
657673,0
657674,22
657675,0
657676,19
657677,31
657678,33
657679,23
657680,17
657681,29
657682,20
657683,0
657684,0
657685,34
657686,28
657687,0
657688,25
657689,15
657690,26
657691,0
657692,0
657693,0
657694,30
657695,0
657696,26
657697,17
657698,44
657699,0
657700,0
657701,0
657702,24
657703,24
657704,0
657705,0
657706,22
657707,0
657708,0
657709,19
657710,22
657711,18
657712,36
657713,0
657714,26
657715,29
657716,0
657717,0
657718,0
657719,25
657720,0
657721,0
657722,0
657723,0
657724,0
657725,0
657726,0
657727,0
657728,0
657729,32
657730,31
657731,0
657732,0
657733,14
657734,0
657735,27
657736,0
657737,0
657738,27
657739,0
657740,0
657741,0
657742,28
657743,22
657744,0
657745,0
657746,21
657747,0
657748,0
657749,0
657750,0
657751,16
657752,31
657753,0
657754,41
657755,33
657756,0
657757,24
657758,0
657759,0
657760,0
657761,0
657762,0
657763,0
657764,0
657765,23
657766,38
657767,0
657768,0
657769,28
657770,0
657771,0
657772,0
657773,0
657774,0
657775,21
657776,0
657777,23
657778,23
657779,0
657780,0
657781,0
657782,0
657783,26
657784,0
657785,0
657786,0
657787,30
657788,0
657789,0
657790,0
657791,25
657792,0
657793,0
657794,0
657795,0
657796,0
657797,28
657798,0
657799,0
657800,0
657801,0
657802,0
657803,0
657804,0
657805,0
657806,23
657807,0
657808,0
657809,0
657810,0
657811,0
657812,0
657813,0
657814,0
657815,0
657816,0
657817,0
657818,0
657819,0
657820,0
657821,0
657822,0
657823,0
657824,0
657825,24
657826,0
657827,0
657828,0
657829,17
657830,31
657831,0
657832,0
657833,0
657834,0
657835,0
657836,0
657837,0
657838,0
657839,0
657840,39
657841,0
657842,0
657843,0
657844,0
657845,33
657846,0
657847,0
657848,0
657849,0
657850,0
657851,0
657852,0
657853,33
657854,0
657855,0
657856,15
657857,0
657858,0
657859,16
657860,0
657861,0
657862,0
657863,0
657864,22
657865,16
657866,0
657867,0
657868,0
657869,0
657870,22
657871,0
657872,0
657873,0
657874,0
657875,0
657876,0
657877,0
657878,21
657879,27
657880,0
657881,0
657882,0
657883,0
657884,0
657885,0
657886,0
657887,22
657888,0
657889,0
657890,14
657891,26
657892,0
657893,0
657894,0
657895,17
657896,23
657897,0
657898,0
657899,18
657900,0
657901,37
657902,0
657903,0
657904,0
657905,0
657906,0
657907,0
657908,35
657909,0
657910,0
657911,0
657912,34
657913,0
657914,0
657915,17
657916,0
657917,0
657918,0
657919,19
657920,30
657921,24
657922,0
657923,0
657924,33
657925,26
657926,0
657927,0
657928,0
657929,0
657930,0
657931,0
657932,0
657933,0
657934,32
657935,0
657936,29
657937,0
657938,0
657939,0
657940,0
657941,26
657942,22
657943,20
657944,0
657945,18
657946,0
657947,0
657948,0
657949,0
657950,0
657951,0
657952,0
657953,0
657954,0
657955,13
657956,0
657957,0
657958,16
657959,0
657960,0
657961,0
657962,0
657963,0
657964,0
657965,0
657966,0
657967,0
657968,0
657969,0
657970,0
657971,0
657972,0
657973,19
657974,0
657975,0
657976,0
657977,0
657978,0
657979,0
657980,0
657981,14
657982,15
657983,28
657984,15
657985,10
657986,0
657987,0
657988,0
657989,0
657990,0
657991,0
657992,0
657993,0
657994,10
657995,0
657996,0
657997,0
657998,0
657999,0
658000,0
658001,0
658002,0
658003,28
658004,0
658005,0
658006,0
658007,0
658008,0
658009,0
658010,0
658011,0
658012,0
658013,0
658014,0
658015,12
658016,0
658017,0
658018,0
658019,0
658020,0
658021,0
658022,9
658023,0
658024,0
658025,0
658026,0
658027,0
658028,0
658029,0
658030,0
658031,0
658032,0
658033,0
658034,10
658035,18
658036,0
658037,0
658038,0
658039,0
658040,0
658041,0
658042,0
658043,15
658044,0
658045,0
658046,22
658047,0
658048,0
658049,0
658050,20
658051,0
658052,18
658053,17
658054,0
658055,0
658056,0
658057,0
658058,27
658059,0
658060,0
658061,0
658062,0
658063,0
658064,0
658065,0
658066,0
658067,0
658068,0
658069,0
658070,0
658071,12
658072,0
658073,0
658074,0
658075,0
658076,16
658077,0
658078,10
658079,0
658080,16
658081,0
658082,0
658083,0
658084,0
658085,0
658086,0
658087,0
658088,25
658089,0
658090,0
658091,0
658092,0
658093,0
658094,0
658095,0
658096,0
658097,0
658098,0
658099,0
658100,0
658101,0
658102,0
658103,0
658104,0
658105,18
658106,0
658107,0
658108,0
658109,0
658110,18
658111,9
658112,0
658113,0
658114,0
658115,0
658116,0
658117,0
658118,0
658119,0
658120,0
658121,19
658122,0
658123,0
658124,14
658125,0
658126,0
658127,0
658128,0
658129,0
658130,17
658131,0
658132,0
658133,22
658134,19
658135,0
658136,33
658137,0
658138,0
658139,0
658140,18
658141,0
658142,0
658143,22
658144,17
658145,0
658146,0
658147,0
658148,0
658149,0
658150,0
658151,0
658152,0
658153,22
658154,0
658155,0
658156,0
658157,15
658158,0
658159,15
658160,7
658161,0
658162,0
658163,0
658164,7
658165,0
658166,0
658167,0
658168,0
658169,0
658170,14
658171,0
658172,0
658173,0
658174,0
658175,0
658176,0
658177,0
658178,0
658179,17
658180,22
658181,0
658182,0
658183,0
658184,0
658185,0
658186,0
658187,0
658188,0
658189,16
658190,0
658191,0
658192,0
658193,17
658194,0
658195,18
658196,0
658197,0
658198,0
658199,0
658200,0
658201,0
658202,0
658203,26
658204,0
658205,20
658206,13
658207,0
658208,0
658209,21
658210,0
658211,0
658212,0
658213,0
658214,0
658215,0
658216,0
658217,0
658218,0
658219,0
658220,0
658221,0
658222,0
658223,0
658224,0
658225,0
658226,0
658227,0
658228,0
658229,0
658230,0
658231,0
658232,0
658233,0
658234,0
658235,0
658236,0
658237,0
658238,0
658239,0
658240,0
658241,0
658242,0
658243,0
658244,0
658245,0
658246,0
658247,0
658248,0
658249,0
658250,0
658251,0
658252,0
658253,0
658254,0
658255,0
658256,0
658257,0
658258,0
658259,0
658260,0
658261,0
658262,0
658263,0
658264,0
658265,0
658266,0
658267,0
658268,0
658269,0
658270,0
658271,0
658272,0
658273,0
658274,0
658275,0
658276,0
658277,0
658278,0
658279,0
658280,0
658281,0
658282,0
658283,0
658284,0
658285,0
658286,0
658287,0
658288,0
658289,0
658290,0
658291,0
658292,0
658293,0
658294,0
658295,0
658296,0
658297,0
658298,0
658299,0
658300,0
658301,0
658302,0
658303,0
658304,0
658305,0
658306,0
658307,0
658308,0
658309,0
658310,0
658311,0
658312,0
658313,0
658314,0
658315,0
658316,0
658317,0
658318,0
658319,0
658320,0
658321,0
658322,0
658323,0
658324,0
658325,0
658326,0
658327,0
658328,0
658329,0
658330,0
658331,0
658332,0
658333,0
658334,0
658335,0
658336,0
658337,0
658338,0
658339,0
658340,0
658341,0
658342,0
658343,0
658344,0
658345,0
658346,0
658347,0
658348,0
658349,0
658350,0
658351,0
658352,0
658353,0
658354,0
658355,0
658356,0
658357,0
658358,0
658359,0
658360,0
658361,0
658362,0
658363,1
658364,0
658365,0
658366,0
658367,0
658368,0
658369,0
658370,0
658371,0
658372,0
658373,0
658374,5
658375,0
658376,0
658377,0
658378,0
658379,0
658380,0
658381,0
658382,0
658383,0
658384,3
658385,0
658386,0
658387,0
658388,0
658389,2
658390,4
658391,2
658392,3
658393,0
658394,1
658395,0
658396,0
658397,0
658398,0
658399,0
658400,0
658401,0
658402,0
658403,0
658404,0
658405,0
658406,5
658407,3
658408,0
658409,0
658410,0
658411,0
658412,0
658413,0
658414,0
658415,7
658416,4
658417,2
658418,0
658419,0
658420,0
658421,0
658422,2
658423,0
658424,0
658425,0
658426,0
658427,0
658428,0
658429,0
658430,0
658431,0
658432,0
658433,0
658434,0
658435,0
658436,0
658437,0
658438,2
658439,0
658440,0
658441,0
658442,5
658443,0
658444,0
658445,0
658446,0
658447,0
658448,4
658449,0
658450,0
658451,0
658452,0
658453,6
658454,0
658455,0
658456,0
658457,0
658458,0
658459,0
658460,0
658461,0
658462,0
658463,0
658464,0
658465,0
658466,0
658467,0
658468,0
658469,0
658470,0
658471,0
658472,0
658473,0
658474,2
658475,5
658476,0
658477,2
658478,0
658479,0
658480,0
658481,0
658482,3
658483,0
658484,0
658485,0
658486,0
658487,0
658488,0
658489,0
658490,0
658491,0
658492,0
658493,0
658494,0
658495,0
658496,0
658497,0
658498,0
658499,0
658500,0
658501,0
658502,2
658503,0
658504,0
658505,0
658506,0
658507,0
658508,0
658509,4
658510,0
658511,0
658512,0
658513,0
658514,0
658515,0
658516,4
658517,0
658518,0
658519,0
658520,0
658521,0
658522,1
658523,0
658524,0
658525,0
658526,0
658527,0
658528,5
658529,0
658530,0
658531,0
658532,0
658533,4
658534,7
658535,0
658536,3
658537,0
658538,0
658539,0
658540,0
658541,0
658542,1
658543,0
658544,0
658545,0
658546,0
658547,0
658548,0
658549,0
658550,0
658551,0
658552,0
658553,0
658554,1
658555,3
658556,0
658557,0
658558,0
658559,0
658560,0
658561,0
658562,0
658563,0
658564,0
658565,5
658566,0
658567,0
658568,0
658569,0
658570,0
658571,0
658572,5
658573,0
658574,0
658575,0
658576,0
658577,0
658578,0
658579,0
658580,0
658581,0
658582,0
658583,1
658584,0
658585,0
658586,2
658587,0
658588,3
658589,0
658590,3
658591,3
658592,0
658593,0
658594,0
658595,0
658596,1
658597,0
658598,0
658599,0
658600,5
658601,0
658602,0
658603,0
658604,0
658605,1
658606,0
658607,0
658608,0
658609,7
658610,0
658611,0
658612,3
658613,0
658614,0
658615,0
658616,0
658617,0
658618,0
658619,0
658620,0
658621,0
658622,0
658623,0
658624,0
658625,0
658626,4
658627,4
658628,0
658629,0
658630,0
658631,0
658632,0
658633,0
658634,0
658635,0
658636,0
658637,0
658638,1
658639,0
658640,0
658641,0
658642,0
658643,0
658644,0
658645,4
658646,0
658647,0
658648,0
658649,0
658650,0
658651,0
658652,0
658653,0
658654,3
658655,0
658656,5
658657,0
658658,0
658659,0
658660,4
658661,0
658662,0
658663,0
658664,0
658665,0
658666,0
658667,0
658668,0
658669,0
658670,0
658671,0
658672,0
658673,0
658674,3
658675,0
658676,0
658677,0
658678,3
658679,0
658680,6
658681,0
658682,2
658683,1
658684,0
658685,0
658686,2
658687,0
658688,0
658689,0
658690,2
658691,0
658692,0
658693,0
658694,0
658695,8
658696,0
658697,0
658698,0
658699,0
658700,0
658701,0
658702,0
658703,2
658704,2
658705,0
658706,0
658707,0
658708,7
658709,0
658710,0
658711,0
658712,0
658713,3
658714,2
658715,1
658716,0
658717,0
658718,0
658719,0
658720,0
658721,0
658722,0
658723,0
658724,3
658725,0
658726,0
658727,0
658728,0
658729,0
658730,0
658731,0
658732,1
658733,0
658734,0
658735,0
658736,0
658737,0
658738,0
658739,3
658740,0
658741,0
658742,0
658743,0
658744,0
658745,1
658746,4
658747,0
658748,0
658749,0
658750,0
658751,0
658752,0
658753,0
658754,0
658755,3
658756,0
658757,3
658758,0
658759,2
658760,0
658761,0
658762,0
658763,0
658764,0
658765,0
658766,0
658767,3
658768,5
658769,3
658770,0
658771,0
658772,0
658773,1
658774,0
658775,0
658776,2
658777,0
658778,0
658779,0
658780,0
658781,0
658782,0
658783,0
658784,0
658785,0
658786,0
658787,0
658788,0
658789,0
658790,0
658791,2
658792,0
658793,2
658794,0
658795,0
658796,0
658797,0
658798,0
658799,0
658800,0
658801,0
658802,0
658803,0
658804,0
658805,3
658806,3
658807,0
658808,0
658809,0
658810,0
658811,0
658812,0
658813,0
658814,0
658815,0
658816,0
658817,0
658818,5
658819,0
658820,0
658821,0
658822,0
658823,3
658824,0
658825,2
658826,7
658827,0
658828,0
658829,0
658830,0
658831,7
658832,0
658833,0
658834,0
658835,0
658836,7
658837,0
658838,0
658839,8
658840,0
658841,0
658842,0
658843,6
658844,0
658845,8
658846,0
658847,0
658848,7
658849,0
658850,0
658851,0
658852,0
658853,0
658854,0
658855,0
658856,0
658857,0
658858,0
658859,0
658860,6
658861,0
658862,9
658863,0
658864,0
658865,1
658866,7
658867,0
658868,0
658869,0
658870,0
658871,0
658872,10
658873,0
658874,0
658875,0
658876,0
658877,0
658878,0
658879,0
658880,0
658881,0
658882,6
658883,9
658884,0
658885,0
658886,6
658887,0
658888,0
658889,9
658890,0
658891,0
658892,0
658893,6
658894,0
658895,0
658896,0
658897,5
658898,0
658899,0
658900,11
658901,0
658902,0
658903,0
658904,0
658905,0
658906,0
658907,8
658908,0
658909,0
658910,0
658911,0
658912,0
658913,0
658914,0
658915,0
658916,0
658917,0
658918,0
658919,0
658920,0
658921,0
658922,0
658923,0
658924,0
658925,0
658926,0
658927,0
658928,0
658929,0
658930,0
658931,0
658932,0
658933,0
658934,0
658935,9
658936,0
658937,0
658938,0
658939,11
658940,0
658941,0
658942,0
658943,0
658944,0
658945,0
658946,0
658947,6
658948,0
658949,0
658950,0
658951,0
658952,6
658953,0
658954,0
658955,0
658956,4
658957,0
658958,0
658959,0
658960,0
658961,8
658962,0
658963,0
658964,0
658965,0
658966,0
658967,0
658968,0
658969,0
658970,0
658971,0
658972,0
658973,0
658974,0
658975,0
658976,6
658977,0
658978,0
658979,14
658980,6
658981,0
658982,0
658983,0
658984,0
658985,0
658986,0
658987,0
658988,0
658989,0
658990,0
658991,7
658992,0
658993,0
658994,0
658995,0
658996,0
658997,13
658998,0
658999,5
659000,0
659001,0
659002,0
659003,0
659004,9
659005,0
659006,10
659007,0
659008,0
659009,0
659010,0
659011,0
659012,0
659013,0
659014,0
659015,10
659016,0
659017,0
659018,0
659019,0
659020,0
659021,0
659022,0
659023,10
659024,0
659025,0
659026,0
659027,0
659028,0
659029,0
659030,4
659031,0
659032,0
659033,0
659034,7
659035,0
659036,0
659037,0
659038,0
659039,0
659040,10
659041,0
659042,0
659043,0
659044,0
659045,4
659046,0
659047,0
659048,10
659049,0
659050,0
659051,0
659052,0
659053,10
659054,0
659055,0
659056,0
659057,0
659058,0
659059,0
659060,0
659061,3
659062,0
659063,8
659064,0
659065,0
659066,0
659067,0
659068,0
659069,7
659070,0
659071,0
659072,0
659073,0
659074,7
659075,0
659076,0
659077,9
659078,4
659079,0
659080,0
659081,0
659082,0
659083,0
659084,0
659085,0
659086,0
659087,0
659088,5
659089,3
659090,0
659091,0
659092,0
659093,14
659094,0
659095,0
659096,0
659097,0
659098,0
659099,0
659100,0
659101,0
659102,11
659103,0
659104,11
659105,3
659106,0
659107,0
659108,0
659109,4
659110,0
659111,0
659112,0
659113,0
659114,0
659115,0
659116,0
659117,0
659118,0
659119,5
659120,0
659121,0
659122,0
659123,0
659124,0
659125,0
659126,0
659127,0
659128,9
659129,0
659130,0
659131,6
659132,0
659133,0
659134,0
659135,0
659136,0
659137,9
659138,10
659139,0
659140,0
659141,7
659142,0
659143,0
659144,5
659145,0
659146,0
659147,0
659148,0
659149,4
659150,0
659151,0
659152,5
659153,0
659154,2
659155,0
659156,0
659157,0
659158,5
659159,0
659160,3
659161,1
659162,6
659163,0
659164,6
659165,6
659166,0
659167,0
659168,0
659169,0
659170,0
659171,0
659172,0
659173,0
659174,0
659175,0
659176,0
659177,0
659178,0
659179,0
659180,0
659181,0
659182,0
659183,0
659184,0
659185,0
659186,0
659187,0
659188,0
659189,0
659190,0
659191,0
659192,0
659193,0
659194,0
659195,8
659196,0
659197,0
659198,0
659199,0
659200,0
659201,13
659202,7
659203,0
659204,0
659205,11
659206,0
659207,0
659208,0
659209,0
659210,0
659211,0
659212,0
659213,6
659214,0
659215,0
659216,0
659217,0
659218,10
659219,0
659220,0
659221,0
659222,0
659223,0
659224,0
659225,0
659226,0
659227,0
659228,0
659229,6
659230,0
659231,0
659232,5
659233,0
659234,0
659235,0
659236,0
659237,0
659238,0
659239,6
659240,0
659241,0
659242,0
659243,0
659244,0
659245,0
659246,9
659247,0
659248,0
659249,0
659250,0
659251,0
659252,9
659253,3
659254,0
659255,8
659256,0
659257,0
659258,3
659259,8
659260,0
659261,0
659262,0
659263,7
659264,9
659265,17
659266,0
659267,31
659268,25
659269,25
659270,0
659271,0
659272,0
659273,0
659274,0
659275,0
659276,0
659277,0
659278,0
659279,0
659280,0
659281,0
659282,0
659283,0
659284,0
659285,0
659286,0
659287,0
659288,0
659289,0
659290,0
659291,20
659292,0
659293,24
659294,0
659295,0
659296,22
659297,0
659298,28
659299,0
659300,31
659301,0
659302,0
659303,0
659304,0
659305,0
659306,0
659307,0
659308,0
659309,0
659310,0
659311,0
659312,0
659313,0
659314,31
659315,0
659316,0
659317,0
659318,0
659319,0
659320,0
659321,0
659322,0
659323,0
659324,0
659325,0
659326,0
659327,0
659328,0
659329,0
659330,0
659331,0
659332,0
659333,0
659334,0
659335,0
659336,0
659337,0
659338,0
659339,0
659340,0
659341,0
659342,0
659343,0
659344,0
659345,0
659346,0
659347,0
659348,35
659349,0
659350,0
659351,0
659352,0
659353,0
659354,0
659355,0
659356,0
659357,0
659358,0
659359,0
659360,0
659361,0
659362,0
659363,0
659364,18
659365,0
659366,0
659367,0
659368,0
659369,0
659370,0
659371,23
659372,0
659373,0
659374,0
659375,28
659376,0
659377,0
659378,0
659379,0
659380,0
659381,0
659382,0
659383,0
659384,0
659385,0
659386,0
659387,0
659388,0
659389,0
659390,0
659391,0
659392,0
659393,0
659394,0
659395,0
659396,0
659397,0
659398,0
659399,0
659400,0
659401,0
659402,0
659403,0
659404,0
659405,0
659406,0
659407,0
659408,0
659409,0
659410,0
659411,0
659412,0
659413,0
659414,0
659415,0
659416,0
659417,0
659418,0
659419,0
659420,0
659421,0
659422,0
659423,0
659424,0
659425,0
659426,0
659427,23
659428,26
659429,0
659430,0
659431,0
659432,0
659433,0
659434,34
659435,0
659436,21
659437,0
659438,0
659439,0
659440,0
659441,0
659442,0
659443,0
659444,0
659445,0
659446,0
659447,0
659448,0
659449,0
659450,0
659451,0
659452,0
659453,0
659454,19
659455,0
659456,0
659457,0
659458,0
659459,0
659460,0
659461,0
659462,0
659463,0
659464,0
659465,0
659466,0
659467,0
659468,0
659469,0
659470,19
659471,0
659472,0
659473,0
659474,0
659475,0
659476,24
659477,0
659478,9
659479,15
659480,0
659481,0
659482,30
659483,0
659484,0
659485,0
659486,0
659487,0
659488,0
659489,0
659490,0
659491,0
659492,0
659493,0
659494,0
659495,0
659496,0
659497,19
659498,0
659499,0
659500,0
659501,0
659502,0
659503,0
659504,0
659505,0
659506,0
659507,0
659508,0
659509,0
659510,0
659511,0
659512,18
659513,0
659514,0
659515,0
659516,0
659517,0
659518,0
659519,0
659520,0
659521,30
659522,0
659523,0
659524,0
659525,0
659526,0
659527,0
659528,0
659529,0
659530,0
659531,0
659532,18
659533,0
659534,0
659535,0
659536,0
659537,0
659538,0
659539,0
659540,23
659541,0
659542,0
659543,0
659544,0
659545,0
659546,0
659547,0
659548,0
659549,0
659550,0
659551,0
659552,0
659553,0
659554,0
659555,0
659556,0
659557,0
659558,0
659559,0
659560,25
659561,0
659562,0
659563,0
659564,0
659565,0
659566,0
659567,0
659568,25
659569,0
659570,35
659571,0
659572,0
659573,0
659574,0
659575,0
659576,0
659577,0
659578,0
659579,0
659580,0
659581,0
659582,0
659583,0
659584,0
659585,32
659586,0
659587,0
659588,0
659589,0
659590,0
659591,0
659592,0
659593,0
659594,17
659595,0
659596,0
659597,0
659598,0
659599,21
659600,0
659601,24
659602,0
659603,0
659604,0
659605,0
659606,16
659607,0
659608,0
659609,0
659610,0
659611,0
659612,0
659613,0
659614,0
659615,0
659616,0
659617,18
659618,0
659619,0
659620,0
659621,0
659622,0
659623,0
659624,0
659625,20
659626,0
659627,23
659628,0
659629,0
659630,0
659631,0
659632,0
659633,22
659634,0
659635,0
659636,0
659637,0
659638,0
659639,0
659640,0
659641,0
659642,0
659643,0
659644,0
659645,0
659646,0
659647,0
659648,0
659649,0
659650,0
659651,0
659652,0
659653,0
659654,0
659655,0
659656,0
659657,0
659658,0
659659,0
659660,0
659661,0
659662,0
659663,36
659664,30
659665,0
659666,20
659667,0
659668,0
659669,0
659670,0
659671,0
659672,0
659673,0
659674,0
659675,0
659676,0
659677,0
659678,0
659679,0
659680,0
659681,0
659682,0
659683,0
659684,0
659685,0
659686,0
659687,0
659688,0
659689,0
659690,0
659691,0
659692,0
659693,0
659694,0
659695,0
659696,0
659697,0
659698,0
659699,29
659700,0
659701,0
659702,0
659703,0
659704,0
659705,0
659706,0
659707,0
659708,0
659709,0
659710,0
659711,0
659712,0
659713,0
659714,30
659715,0
659716,0
659717,0
659718,0
659719,0
659720,0
659721,0
659722,0
659723,0
659724,0
659725,0
659726,0
659727,0
659728,22
659729,0
659730,0
659731,0
659732,0
659733,0
659734,0
659735,0
659736,0
659737,0
659738,0
659739,0
659740,0
659741,0
659742,0
659743,0
659744,0
659745,0
659746,0
659747,20
659748,0
659749,0
659750,0
659751,0
659752,0
659753,15
659754,29
659755,0
659756,0
659757,0
659758,0
659759,0
659760,0
659761,0
659762,30
659763,0
659764,0
659765,0
659766,0
659767,25
659768,0
659769,22
659770,0
659771,0
659772,0
659773,0
659774,0
659775,0
659776,0
659777,0
659778,0
659779,0
659780,0
659781,0
659782,0
659783,0
659784,0
659785,0
659786,0
659787,0
659788,0
659789,0
659790,0
659791,0
659792,0
659793,0
659794,0
659795,0
659796,0
659797,0
659798,0
659799,0
659800,0
659801,0
659802,0
659803,0
659804,0
659805,0
659806,0
659807,0
659808,0
659809,0
659810,0
659811,0
659812,0
659813,0
659814,0
659815,0
659816,0
659817,0
659818,0
659819,24
659820,0
659821,0
659822,0
659823,0
659824,0
659825,0
659826,0
659827,17
659828,0
659829,0
659830,0
659831,0
659832,0
659833,0
659834,0
659835,0
659836,0
659837,0
659838,0
659839,0
659840,0
659841,0
659842,0
659843,0
659844,0
659845,0
659846,0
659847,0
659848,0
659849,0
659850,0
659851,0
659852,27
659853,0
659854,0
659855,0
659856,0
659857,0
659858,0
659859,0
659860,0
659861,0
659862,0
659863,0
659864,0
659865,0
659866,0
659867,0
659868,0
659869,0
659870,0
659871,0
659872,24
659873,0
659874,39
659875,0
659876,0
659877,0
659878,24
659879,0
659880,0
659881,0
659882,0
659883,0
659884,0
659885,0
659886,0
659887,46
659888,0
659889,44
659890,0
659891,33
659892,0
659893,42
659894,0
659895,25
659896,29
659897,0
659898,0
659899,0
659900,0
659901,0
659902,0
659903,0
659904,0
659905,0
659906,0
659907,0
659908,0
659909,0
659910,0
659911,42
659912,0
659913,0
659914,0
659915,33
659916,0
659917,0
659918,40
659919,0
659920,0
659921,0
659922,0
659923,0
659924,26
659925,51
659926,34
659927,28
659928,50
659929,0
659930,0
659931,0
659932,0
659933,27
659934,36
659935,28
659936,30
659937,0
659938,0
659939,0
659940,0
659941,0
659942,0
659943,28
659944,0
659945,34
659946,43
659947,37
659948,54
659949,0
659950,38
659951,24
659952,0
659953,0
659954,27
659955,0
659956,0
659957,0
659958,0
659959,0
659960,0
659961,0
659962,0
659963,0
659964,0
659965,0
659966,0
659967,0
659968,0
659969,0
659970,0
659971,0
659972,0
659973,33
659974,0
659975,0
659976,0
659977,0
659978,0
659979,0
659980,31
659981,0
659982,27
659983,0
659984,0
659985,0
659986,40
659987,0
659988,0
659989,0
659990,0
659991,0
659992,27
659993,0
659994,0
659995,0
659996,52
659997,0
659998,28
659999,0
660000,0
660001,0
660002,29
660003,0
660004,0
660005,26
660006,38
660007,0
660008,0
660009,0
660010,0
660011,0
660012,54
660013,39
660014,0
660015,40
660016,41
660017,54
660018,35
660019,36
660020,0
660021,0
660022,0
660023,29
660024,0
660025,0
660026,30
660027,0
660028,0
660029,0
660030,0
660031,0
660032,0
660033,27
660034,0
660035,0
660036,0
660037,0
660038,28
660039,57
660040,0
660041,35
660042,35
660043,0
660044,0
660045,0
660046,0
660047,0
660048,25
660049,0
660050,0
660051,0
660052,0
660053,0
660054,0
660055,26
660056,0
660057,28
660058,0
660059,0
660060,0
660061,28
660062,0
660063,0
660064,0
660065,0
660066,34
660067,0
660068,0
660069,0
660070,0
660071,0
660072,0
660073,0
660074,0
660075,0
660076,34
660077,0
660078,0
660079,28
660080,0
660081,26
660082,0
660083,0
660084,0
660085,0
660086,0
660087,0
660088,0
660089,0
660090,0
660091,0
660092,46
660093,33
660094,0
660095,0
660096,0
660097,28
660098,0
660099,0
660100,0
660101,33
660102,26
660103,0
660104,0
660105,31
660106,0
660107,0
660108,0
660109,0
660110,0
660111,38
660112,0
660113,0
660114,0
660115,42
660116,0
660117,0
660118,0
660119,0
660120,0
660121,0
660122,0
660123,0
660124,0
660125,37
660126,0
660127,0
660128,0
660129,0
660130,0
660131,0
660132,0
660133,0
660134,0
660135,0
660136,32
660137,0
660138,0
660139,0
660140,26
660141,0
660142,0
660143,0
660144,0
660145,0
660146,0
660147,0
660148,35
660149,35
660150,0
660151,0
660152,0
660153,0
660154,0
660155,49
660156,0
660157,0
660158,0
660159,0
660160,28
660161,0
660162,0
660163,0
660164,32
660165,0
660166,0
660167,26
660168,0
660169,0
660170,44
660171,0
660172,39
660173,34
660174,0
660175,0
660176,0
660177,0
660178,0
660179,37
660180,31
660181,0
660182,35
660183,33
660184,0
660185,0
660186,29
660187,0
660188,41
660189,0
660190,0
660191,0
660192,0
660193,0
660194,0
660195,0
660196,0
660197,0
660198,0
660199,0
660200,41
660201,0
660202,40
660203,0
660204,37
660205,0
660206,33
660207,0
660208,0
660209,0
660210,0
660211,0
660212,0
660213,0
660214,0
660215,0
660216,0
660217,0
660218,0
660219,0
660220,0
660221,38
660222,0
660223,0
660224,27
660225,37
660226,0
660227,41
660228,0
660229,0
660230,36
660231,29
660232,36
660233,50
660234,0
660235,0
660236,39
660237,0
660238,0
660239,0
660240,46
660241,26
660242,0
660243,0
660244,0
660245,22
660246,0
660247,0
660248,36
660249,0
660250,41
660251,49
660252,0
660253,34
660254,0
660255,0
660256,0
660257,39
660258,0
660259,0
660260,0
660261,0
660262,0
660263,0
660264,0
660265,29
660266,0
660267,25
660268,0
660269,0
660270,42
660271,40
660272,0
660273,0
660274,43
660275,0
660276,0
660277,0
660278,0
660279,0
660280,37
660281,42
660282,0
660283,0
660284,29
660285,0
660286,0
660287,0
660288,0
660289,32
660290,0
660291,0
660292,0
660293,0
660294,0
660295,0
660296,0
660297,0
660298,0
660299,0
660300,31
660301,0
660302,0
660303,35
660304,0
660305,0
660306,0
660307,0
660308,0
660309,32
660310,34
660311,0
660312,26
660313,0
660314,20
660315,35
660316,0
660317,0
660318,0
660319,0
660320,0
660321,0
660322,39
660323,0
660324,0
660325,22
660326,35
660327,37
660328,0
660329,0
660330,0
660331,0
660332,41
660333,49
660334,25
660335,0
660336,0
660337,35
660338,0
660339,0
660340,0
660341,0
660342,0
660343,0
660344,0
660345,0
660346,0
660347,0
660348,37
660349,42
660350,0
660351,0
660352,34
660353,0
660354,0
660355,33
660356,0
660357,37
660358,0
660359,0
660360,34
660361,0
660362,0
660363,0
660364,0
660365,0
660366,37
660367,0
660368,0
660369,0
660370,0
660371,0
660372,28
660373,0
660374,0
660375,0
660376,0
660377,28
660378,28
660379,0
660380,0
660381,37
660382,0
660383,0
660384,31
660385,0
660386,0
660387,38
660388,26
660389,0
660390,0
660391,57
660392,0
660393,23
660394,40
660395,39
660396,0
660397,39
660398,0
660399,0
660400,27
660401,45
660402,0
660403,0
660404,44
660405,0
660406,43
660407,0
660408,47
660409,27
660410,40
660411,0
660412,0
660413,26
660414,0
660415,35
660416,0
660417,0
660418,0
660419,0
660420,0
660421,0
660422,25
660423,0
660424,0
660425,0
660426,36
660427,35
660428,0
660429,34
660430,0
660431,38
660432,0
660433,44
660434,0
660435,0
660436,0
660437,0
660438,0
660439,0
660440,32
660441,0
660442,30
660443,0
660444,36
660445,0
660446,0
660447,0
660448,33
660449,31
660450,0
660451,0
660452,0
660453,43
660454,0
660455,0
660456,0
660457,0
660458,0
660459,0
660460,50
660461,0
660462,0
660463,0
660464,0
660465,29
660466,28
660467,0
660468,0
660469,0
660470,0
660471,0
660472,0
660473,27
660474,42
660475,0
660476,0
660477,0
660478,0
660479,0
660480,0
660481,0
660482,0
660483,0
660484,0
660485,0
660486,0
660487,0
660488,0
660489,0
660490,41
660491,0
660492,0
660493,0
660494,0
660495,33
660496,39
660497,0
660498,27
660499,0
660500,37
660501,0
660502,0
660503,37
660504,0
660505,0
660506,42
660507,0
660508,0
660509,0
660510,0
660511,0
660512,0
660513,24
660514,28
660515,34
660516,0
660517,0
660518,34
660519,0
660520,0
660521,0
660522,26
660523,0
660524,28
660525,32
660526,22
660527,0
660528,0
660529,31
660530,37
660531,0
660532,0
660533,0
660534,0
660535,0
660536,0
660537,0
660538,0
660539,0
660540,0
660541,0
660542,58
660543,37
660544,0
660545,43
660546,0
660547,0
660548,0
660549,0
660550,24
660551,0
660552,36
660553,0
660554,46
660555,35
660556,0
660557,0
660558,0
660559,0
660560,0
660561,34
660562,0
660563,0
660564,0
660565,39
660566,0
660567,0
660568,27
660569,0
660570,0
660571,0
660572,26
660573,27
660574,46
660575,0
660576,0
660577,34
660578,35
660579,41
660580,0
660581,0
660582,0
660583,0
660584,0
660585,0
660586,41
660587,0
660588,0
660589,31
660590,0
660591,0
660592,40
660593,0
660594,0
660595,0
660596,0
660597,0
660598,0
660599,0
660600,33
660601,23
660602,25
660603,0
660604,0
660605,0
660606,0
660607,33
660608,0
660609,0
660610,23
660611,0
660612,0
660613,0
660614,26
660615,45
660616,0
660617,0
660618,0
660619,0
660620,0
660621,0
660622,0
660623,0
660624,0
660625,0
660626,36
660627,0
660628,0
660629,0
660630,0
660631,40
660632,0
660633,29
660634,0
660635,0
660636,0
660637,28
660638,0
660639,0
660640,0
660641,0
660642,41
660643,0
660644,33
660645,0
660646,32
660647,0
660648,36
660649,0
660650,0
660651,26
660652,0
660653,0
660654,32
660655,0
660656,0
660657,0
660658,0
660659,0
660660,0
660661,0
660662,0
660663,0
660664,0
660665,0
660666,0
660667,38
660668,0
660669,0
660670,36
660671,0
660672,31
660673,50
660674,0
660675,0
660676,0
660677,0
660678,37
660679,35
660680,0
660681,38
660682,0
660683,0
660684,0
660685,31
660686,38
660687,0
660688,0
660689,0
660690,0
660691,0
660692,0
660693,0
660694,41
660695,37
660696,0
660697,0
660698,35
660699,0
660700,53
660701,0
660702,0
660703,0
660704,0
660705,0
660706,0
660707,38
660708,0
660709,0
660710,0
660711,0
660712,0
660713,0
660714,22
660715,0
660716,0
660717,0
660718,38
660719,47
660720,28
660721,0
660722,52
660723,45
660724,0
660725,30
660726,0
660727,44
660728,0
660729,31
660730,0
660731,0
660732,0
660733,0
660734,39
660735,0
660736,49
660737,0
660738,27
660739,0
660740,0
660741,41
660742,0
660743,0
660744,0
660745,0
660746,0
660747,28
660748,27
660749,0
660750,58
660751,31
660752,0
660753,0
660754,0
660755,38
660756,0
660757,57
660758,0
660759,40
660760,0
660761,0
660762,0
660763,0
660764,39
660765,25
660766,0
660767,0
660768,0
660769,41
660770,0
660771,41
660772,0
660773,56
660774,36
660775,0
660776,0
660777,0
660778,0
660779,0
660780,0
660781,0
660782,0
660783,0
660784,0
660785,0
660786,0
660787,0
660788,38
660789,0
660790,0
660791,0
660792,0
660793,0
660794,0
660795,0
660796,0
660797,0
660798,0
660799,0
660800,0
660801,0
660802,0
660803,0
660804,0
660805,0
660806,0
660807,0
660808,0
660809,0
660810,0
660811,0
660812,0
660813,0
660814,0
660815,0
660816,38
660817,0
660818,0
660819,0
660820,0
660821,0
660822,0
660823,0
660824,0
660825,0
660826,0
660827,0
660828,0
660829,0
660830,0
660831,0
660832,0
660833,0
660834,0
660835,0
660836,0
660837,0
660838,0
660839,0
660840,0
660841,0
660842,37
660843,0
660844,0
660845,0
660846,0
660847,0
660848,0
660849,0
660850,0
660851,0
660852,0
660853,0
660854,0
660855,37
660856,0
660857,0
660858,0
660859,0
660860,0
660861,0
660862,0
660863,0
660864,0
660865,0
660866,0
660867,0
660868,0
660869,0
660870,0
660871,0
660872,0
660873,0
660874,0
660875,0
660876,0
660877,0
660878,0
660879,0
660880,0
660881,0
660882,0
660883,41
660884,0
660885,31
660886,0
660887,0
660888,0
660889,0
660890,0
660891,0
660892,0
660893,0
660894,0
660895,0
660896,0
660897,0
660898,0
660899,0
660900,0
660901,0
660902,0
660903,0
660904,0
660905,0
660906,0
660907,0
660908,0
660909,0
660910,0
660911,0
660912,0
660913,0
660914,0
660915,0
660916,0
660917,0
660918,0
660919,0
660920,0
660921,0
660922,0
660923,0
660924,0
660925,0
660926,0
660927,0
660928,0
660929,28
660930,0
660931,0
660932,0
660933,0
660934,0
660935,0
660936,0
660937,0
660938,0
660939,0
660940,0
660941,0
660942,33
660943,0
660944,0
660945,0
660946,0
660947,0
660948,0
660949,0
660950,0
660951,0
660952,0
660953,37
660954,0
660955,0
660956,0
660957,0
660958,0
660959,0
660960,0
660961,0
660962,28
660963,0
660964,0
660965,0
660966,0
660967,0
660968,0
660969,20
660970,0
660971,0
660972,0
660973,0
660974,0
660975,0
660976,0
660977,0
660978,0
660979,0
660980,0
660981,0
660982,0
660983,0
660984,0
660985,0
660986,0
660987,0
660988,0
660989,0
660990,0
660991,21
660992,0
660993,0
660994,0
660995,0
660996,0
660997,0
660998,0
660999,0
661000,0
661001,0
661002,0
661003,0
661004,0
661005,0
661006,0
661007,0
661008,0
661009,31
661010,53
661011,0
661012,0
661013,0
661014,0
661015,0
661016,0
661017,0
661018,0
661019,0
661020,0
661021,0
661022,0
661023,0
661024,0
661025,0
661026,0
661027,0
661028,0
661029,0
661030,0
661031,0
661032,0
661033,0
661034,0
661035,41
661036,0
661037,0
661038,0
661039,0
661040,0
661041,0
661042,0
661043,0
661044,28
661045,0
661046,0
661047,0
661048,0
661049,30
661050,0
661051,0
661052,0
661053,0
661054,0
661055,0
661056,0
661057,0
661058,0
661059,0
661060,0
661061,0
661062,0
661063,0
661064,0
661065,0
661066,0
661067,0
661068,0
661069,0
661070,0
661071,0
661072,0
661073,0
661074,0
661075,0
661076,0
661077,0
661078,0
661079,0
661080,0
661081,0
661082,0
661083,0
661084,0
661085,0
661086,0
661087,0
661088,0
661089,0
661090,24
661091,0
661092,0
661093,0
661094,0
661095,0
661096,0
661097,0
661098,0
661099,0
661100,0
661101,0
661102,37
661103,0
661104,0
661105,0
661106,0
661107,0
661108,26
661109,0
661110,0
661111,0
661112,0
661113,0
661114,0
661115,0
661116,0
661117,0
661118,32
661119,0
661120,0
661121,0
661122,0
661123,0
661124,0
661125,0
661126,0
661127,0
661128,0
661129,0
661130,0
661131,0
661132,0
661133,0
661134,0
661135,31
661136,0
661137,0
661138,0
661139,0
661140,33
661141,0
661142,0
661143,0
661144,0
661145,0
661146,0
661147,0
661148,0
661149,40
661150,0
661151,0
661152,0
661153,0
661154,0
661155,0
661156,0
661157,0
661158,0
661159,0
661160,0
661161,0
661162,0
661163,0
661164,0
661165,0
661166,0
661167,0
661168,0
661169,0
661170,0
661171,0
661172,23
661173,0
661174,0
661175,0
661176,31
661177,0
661178,0
661179,0
661180,0
661181,0
661182,0
661183,0
661184,0
661185,0
661186,0
661187,0
661188,0
661189,0
661190,34
661191,0
661192,0
661193,0
661194,0
661195,0
661196,0
661197,0
661198,34
661199,0
661200,0
661201,0
661202,0
661203,0
661204,0
661205,22
661206,0
661207,0
661208,0
661209,0
661210,0
661211,0
661212,0
661213,0
661214,0
661215,0
661216,0
661217,0
661218,0
661219,0
661220,0
661221,0
661222,0
661223,0
661224,33
661225,26
661226,0
661227,0
661228,0
661229,0
661230,0
661231,0
661232,0
661233,0
661234,26
661235,29
661236,0
661237,26
661238,0
661239,0
661240,0
661241,0
661242,0
661243,0
661244,0
661245,0
661246,0
661247,0
661248,0
661249,0
661250,0
661251,0
661252,0
661253,0
661254,0
661255,0
661256,0
661257,19
661258,0
661259,0
661260,0
661261,0
661262,46
661263,0
661264,0
661265,0
661266,39
661267,0
661268,0
661269,0
661270,0
661271,0
661272,0
661273,0
661274,0
661275,0
661276,0
661277,0
661278,0
661279,0
661280,0
661281,0
661282,0
661283,0
661284,0
661285,0
661286,0
661287,0
661288,0
661289,0
661290,0
661291,0
661292,26
661293,0
661294,0
661295,31
661296,0
661297,35
661298,0
661299,0
661300,0
661301,0
661302,0
661303,0
661304,0
661305,0
661306,0
661307,0
661308,0
661309,0
661310,0
661311,0
661312,0
661313,0
661314,0
661315,0
661316,0
661317,0
661318,0
661319,0
661320,0
661321,0
661322,0
661323,0
661324,0
661325,0
661326,29
661327,0
661328,0
661329,0
661330,0
661331,0
661332,0
661333,0
661334,0
661335,0
661336,0
661337,0
661338,0
661339,35
661340,0
661341,0
661342,0
661343,0
661344,0
661345,0
661346,0
661347,0
661348,0
661349,0
661350,0
661351,0
661352,0
661353,31
661354,0
661355,0
661356,0
661357,0
661358,0
661359,0
661360,18
661361,0
661362,0
661363,0
661364,0
661365,0
661366,0
661367,0
661368,0
661369,0
661370,0
661371,25
661372,0
661373,0
661374,0
661375,0
661376,0
661377,0
661378,0
661379,0
661380,0
661381,0
661382,0
661383,0
661384,22
661385,0
661386,0
661387,0
661388,24
661389,0
661390,32
661391,0
661392,0
661393,0
661394,0
661395,0
661396,0
661397,0
661398,0
661399,0
661400,25
661401,0
661402,0
661403,0
661404,0
661405,0
661406,0
661407,0
661408,0
661409,0
661410,0
661411,0
661412,0
661413,0
661414,0
661415,0
661416,0
661417,0
661418,0
661419,38
661420,0
661421,0
661422,0
661423,36
661424,21
661425,0
661426,0
661427,0
661428,0
661429,0
661430,0
661431,0
661432,0
661433,0
661434,0
661435,0
661436,0
661437,0
661438,0
661439,0
661440,0
661441,0
661442,0
661443,0
661444,0
661445,0
661446,0
661447,0
661448,0
661449,0
661450,0
661451,0
661452,0
661453,0
661454,0
661455,0
661456,0
661457,0
661458,0
661459,0
661460,0
661461,0
661462,0
661463,0
661464,0
661465,0
661466,0
661467,0
661468,0
661469,0
661470,0
661471,0
661472,19
661473,35
661474,0
661475,0
661476,0
661477,0
661478,0
661479,0
661480,0
661481,0
661482,37
661483,0
661484,0
661485,0
661486,0
661487,0
661488,0
661489,0
661490,0
661491,0
661492,0
661493,38
661494,0
661495,0
661496,30
661497,0
661498,27
661499,36
661500,24
661501,0
661502,0
661503,0
661504,0
661505,38
661506,30
661507,0
661508,0
661509,26
661510,0
661511,0
661512,0
661513,39
661514,0
661515,24
661516,0
661517,0
661518,0
661519,0
661520,0
661521,49
661522,0
661523,0
661524,0
661525,0
661526,45
661527,46
661528,0
661529,0
661530,16
661531,0
661532,0
661533,29
661534,0
661535,29
661536,35
661537,31
661538,0
661539,0
661540,0
661541,0
661542,0
661543,0
661544,44
661545,0
661546,26
661547,26
661548,0
661549,0
661550,0
661551,32
661552,0
661553,0
661554,0
661555,0
661556,0
661557,0
661558,0
661559,29
661560,0
661561,0
661562,0
661563,30
661564,0
661565,0
661566,0
661567,0
661568,34
661569,0
661570,18
661571,22
661572,0
661573,0
661574,0
661575,0
661576,0
661577,40
661578,0
661579,0
661580,0
661581,0
661582,0
661583,0
661584,0
661585,28
661586,41
661587,0
661588,0
661589,16
661590,0
661591,0
661592,33
661593,0
661594,30
661595,23
661596,35
661597,0
661598,0
661599,0
661600,43
661601,0
661602,0
661603,39
661604,0
661605,28
661606,0
661607,0
661608,0
661609,0
661610,0
661611,0
661612,14
661613,21
661614,0
661615,17
661616,0
661617,20
661618,0
661619,0
661620,0
661621,0
661622,0
661623,24
661624,35
661625,0
661626,0
661627,29
661628,0
661629,0
661630,0
661631,24
661632,0
661633,0
661634,0
661635,18
661636,0
661637,0
661638,0
661639,30
661640,27
661641,0
661642,0
661643,0
661644,0
661645,0
661646,0
661647,0
661648,19
661649,0
661650,0
661651,0
661652,0
661653,23
661654,0
661655,0
661656,0
661657,26
661658,0
661659,0
661660,44
661661,0
661662,0
661663,0
661664,20
661665,0
661666,0
661667,0
661668,0
661669,0
661670,0
661671,26
661672,0
661673,0
661674,0
661675,0
661676,0
661677,0
661678,0
661679,0
661680,0
661681,0
661682,0
661683,0
661684,0
661685,0
661686,26
661687,25
661688,0
661689,0
661690,22
661691,0
661692,21
661693,0
661694,0
661695,0
661696,0
661697,0
661698,0
661699,20
661700,0
661701,0
661702,0
661703,20
661704,9
661705,0
661706,0
661707,0
661708,0
661709,11
661710,0
661711,0
661712,0
661713,0
661714,0
661715,24
661716,0
661717,0
661718,26
661719,0
661720,0
661721,0
661722,0
661723,0
661724,0
661725,0
661726,0
661727,33
661728,22
661729,0
661730,0
661731,0
661732,0
661733,0
661734,0
661735,0
661736,27
661737,0
661738,0
661739,0
661740,0
661741,0
661742,0
661743,28
661744,32
661745,0
661746,0
661747,21
661748,0
661749,0
661750,0
661751,0
661752,21
661753,0
661754,0
661755,0
661756,0
661757,30
661758,0
661759,0
661760,0
661761,0
661762,0
661763,0
661764,0
661765,0
661766,0
661767,0
661768,0
661769,0
661770,20
661771,0
661772,0
661773,0
661774,0
661775,19
661776,0
661777,0
661778,0
661779,24
661780,0
661781,0
661782,0
661783,0
661784,0
661785,0
661786,20
661787,23
661788,0
661789,32
661790,0
661791,0
661792,0
661793,0
661794,0
661795,25
661796,14
661797,0
661798,0
661799,0
661800,0
661801,19
661802,0
661803,0
661804,0
661805,0
661806,0
661807,0
661808,0
661809,0
661810,0
661811,0
661812,27
661813,25
661814,0
661815,0
661816,0
661817,0
661818,0
661819,21
661820,0
661821,0
661822,24
661823,0
661824,0
661825,20
661826,29
661827,0
661828,29
661829,0
661830,0
661831,0
661832,0
661833,0
661834,27
661835,0
661836,30
661837,0
661838,0
661839,0
661840,0
661841,13
661842,0
661843,0
661844,23
661845,0
661846,0
661847,0
661848,40
661849,0
661850,14
661851,0
661852,19
661853,0
661854,0
661855,0
661856,0
661857,18
661858,0
661859,0
661860,0
661861,19
661862,0
661863,0
661864,0
661865,25
661866,0
661867,0
661868,0
661869,0
661870,27
661871,0
661872,0
661873,0
661874,0
661875,0
661876,0
661877,25
661878,0
661879,0
661880,17
661881,0
661882,0
661883,0
661884,26
661885,0
661886,0
661887,0
661888,0
661889,0
661890,0
661891,0
661892,11
661893,0
661894,0
661895,0
661896,0
661897,0
661898,0
661899,0
661900,0
661901,0
661902,12
661903,0
661904,0
661905,0
661906,30
661907,0
661908,0
661909,0
661910,0
661911,31
661912,20
661913,0
661914,28
661915,21
661916,0
661917,0
661918,0
661919,22
661920,0
661921,0
661922,14
661923,0
661924,0
661925,0
661926,0
661927,0
661928,0
661929,0
661930,0
661931,0
661932,0
661933,0
661934,0
661935,0
661936,0
661937,0
661938,0
661939,30
661940,0
661941,0
661942,27
661943,0
661944,0
661945,0
661946,0
661947,0
661948,0
661949,0
661950,21
661951,22
661952,0
661953,0
661954,0
661955,22
661956,0
661957,0
661958,26
661959,34
661960,0
661961,0
661962,15
661963,0
661964,0
661965,0
661966,28
661967,0
661968,0
661969,0
661970,0
661971,0
661972,0
661973,0
661974,0
661975,27
661976,0
661977,0
661978,0
661979,0
661980,17
661981,0
661982,17
661983,0
661984,0
661985,30
661986,0
661987,0
661988,0
661989,0
661990,0
661991,0
661992,0
661993,19
661994,0
661995,0
661996,24
661997,0
661998,14
661999,19
662000,0
662001,0
662002,0
662003,19
662004,0
662005,34
662006,17
662007,0
662008,0
662009,0
662010,0
662011,19
662012,26
662013,0
662014,0
662015,24
662016,20
662017,0
662018,0
662019,0
662020,0
662021,17
662022,0
662023,0
662024,0
662025,0
662026,27
662027,28
662028,21
662029,0
662030,0
662031,0
662032,0
662033,24
662034,0
662035,0
662036,0
662037,25
662038,27
662039,0
662040,15
662041,0
662042,0
662043,28
662044,0
662045,0
662046,0
662047,17
662048,28
662049,25
662050,0
662051,0
662052,0
662053,0
662054,0
662055,46
662056,23
662057,0
662058,22
662059,0
662060,0
662061,0
662062,0
662063,0
662064,0
662065,0
662066,0
662067,0
662068,0
662069,0
662070,0
662071,0
662072,0
662073,0
662074,24
662075,0
662076,17
662077,0
662078,0
662079,0
662080,0
662081,0
662082,0
662083,0
662084,0
662085,0
662086,26
662087,16
662088,0
662089,0
662090,0
662091,0
662092,29
662093,0
662094,0
662095,0
662096,24
662097,0
662098,24
662099,0
662100,0
662101,0
662102,0
662103,0
662104,0
662105,13
662106,0
662107,0
662108,21
662109,0
662110,27
662111,0
662112,0
662113,0
662114,0
662115,19
662116,18
662117,0
662118,0
662119,0
662120,24
662121,21
662122,0
662123,0
662124,0
662125,0
662126,11
662127,24
662128,0
662129,0
662130,0
662131,0
662132,0
662133,0
662134,0
662135,0
662136,0
662137,0
662138,0
662139,0
662140,0
662141,0
662142,0
662143,14
662144,0
662145,27
662146,0
662147,0
662148,19
662149,0
662150,0
662151,0
662152,0
662153,13
662154,18
662155,0
662156,0
662157,13
662158,14
662159,0
662160,0
662161,0
662162,0
662163,27
662164,0
662165,0
662166,0
662167,0
662168,0
662169,0
662170,24
662171,0
662172,30
662173,0
662174,0
662175,0
662176,0
662177,13
662178,0
662179,0
662180,0
662181,0
662182,0
662183,23
662184,0
662185,0
662186,0
662187,0
662188,14
662189,0
662190,0
662191,13
662192,0
662193,0
662194,0
662195,0
662196,27
662197,26
662198,19
662199,0
662200,0
662201,0
662202,0
662203,30
662204,29
662205,0
662206,0
662207,0
662208,16
662209,0
662210,30
662211,0
662212,0
662213,0
662214,0
662215,29
662216,0
662217,0
662218,0
662219,0
662220,0
662221,0
662222,0
662223,0
662224,0
662225,0
662226,0
662227,15
662228,0
662229,0
662230,0
662231,0
662232,0
662233,16
662234,0
662235,0
662236,18
662237,0
662238,0
662239,0
662240,0
662241,0
662242,0
662243,0
662244,0
662245,20
662246,0
662247,21
662248,0
662249,0
662250,0
662251,0
662252,0
662253,0
662254,0
662255,0
662256,42
662257,0
662258,0
662259,23
662260,0
662261,0
662262,24
662263,0
662264,0
662265,18
662266,0
662267,0
662268,0
662269,0
662270,0
662271,0
662272,13
662273,0
662274,0
662275,13
662276,0
662277,0
662278,29
662279,0
662280,0
662281,16
662282,0
662283,30
662284,0
662285,23
662286,24
662287,0
662288,20
662289,0
662290,0
662291,0
662292,0
662293,0
662294,21
662295,0
662296,0
662297,0
662298,0
662299,0
662300,23
662301,29
662302,0
662303,0
662304,0
662305,47
662306,22
662307,24
662308,24
662309,0
662310,0
662311,0
662312,25
662313,44
662314,0
662315,0
662316,25
662317,0
662318,0
662319,0
662320,0
662321,20
662322,0
662323,0
662324,0
662325,0
662326,0
662327,0
662328,13
662329,0
662330,0
662331,0
662332,0
662333,11
662334,0
662335,0
662336,0
662337,0
662338,23
662339,0
662340,0
662341,0
662342,0
662343,0
662344,0
662345,0
662346,0
662347,23
662348,35
662349,20
662350,25
662351,0
662352,20
662353,0
662354,28
662355,0
662356,18
662357,0
662358,0
662359,22
662360,0
662361,0
662362,0
662363,0
662364,28
662365,10
662366,0
662367,0
662368,0
662369,0
662370,36
662371,0
662372,0
662373,0
662374,0
662375,15
662376,0
662377,0
662378,16
662379,0
662380,0
662381,21
662382,19
662383,23
662384,0
662385,0
662386,18
662387,0
662388,0
662389,0
662390,31
662391,0
662392,0
662393,25
662394,0
662395,0
662396,0
662397,0
662398,0
662399,0
662400,21
662401,19
662402,0
662403,0
662404,0
662405,0
662406,0
662407,0
662408,7
662409,0
662410,27
662411,19
662412,24
662413,0
662414,0
662415,0
662416,0
662417,0
662418,19
662419,24
662420,24
662421,0
662422,11
662423,0
662424,36
662425,0
662426,0
662427,23
662428,18
662429,0
662430,0
662431,0
662432,0
662433,19
662434,0
662435,0
662436,0
662437,0
662438,0
662439,0
662440,20
662441,0
662442,19
662443,0
662444,0
662445,0
662446,0
662447,0
662448,0
662449,0
662450,0
662451,17
662452,0
662453,0
662454,0
662455,33
662456,0
662457,0
662458,25
662459,0
662460,0
662461,0
662462,17
662463,0
662464,36
662465,0
662466,0
662467,0
662468,0
662469,0
662470,0
662471,20
662472,0
662473,0
662474,0
662475,0
662476,0
662477,0
662478,0
662479,0
662480,0
662481,0
662482,0
662483,0
662484,0
662485,0
662486,0
662487,0
662488,0
662489,0
662490,0
662491,0
662492,0
662493,0
662494,0
662495,0
662496,0
662497,0
662498,0
662499,0
662500,0
662501,0
662502,0
662503,0
662504,1
662505,0
662506,0
662507,0
662508,0
662509,0
662510,0
662511,0
662512,0
662513,0
662514,0
662515,0
662516,0
662517,0
662518,0
662519,0
662520,0
662521,0
662522,0
662523,0
662524,0
662525,0
662526,0
662527,0
662528,0
662529,0
662530,0
662531,0
662532,0
662533,0
662534,0
662535,0
662536,0
662537,0
662538,0
662539,0
662540,0
662541,0
662542,0
662543,0
662544,0
662545,0
662546,0
662547,0
662548,0
662549,0
662550,0
662551,0
662552,0
662553,0
662554,0
662555,0
662556,0
662557,0
662558,0
662559,0
662560,0
662561,0
662562,0
662563,0
662564,0
662565,0
662566,0
662567,0
662568,0
662569,0
662570,0
662571,0
662572,0
662573,0
662574,0
662575,0
662576,0
662577,0
662578,0
662579,0
662580,0
662581,0
662582,0
662583,0
662584,0
662585,0
662586,0
662587,0
662588,0
662589,0
662590,0
662591,0
662592,0
662593,0
662594,0
662595,0
662596,0
662597,0
662598,0
662599,0
662600,0
662601,0
662602,0
662603,0
662604,0
662605,0
662606,0
662607,0
662608,0
662609,1
662610,0
662611,0
662612,0
662613,0
662614,0
662615,0
662616,0
662617,0
662618,0
662619,0
662620,0
662621,0
662622,0
662623,0
662624,0
662625,0
662626,0
662627,0
662628,0
662629,1
662630,0
662631,0
662632,0
662633,0
662634,0
662635,0
662636,0
662637,0
662638,0
662639,0
662640,0
662641,0
662642,0
662643,0
662644,0
662645,0
662646,0
662647,0
662648,0
662649,0
662650,0
662651,0
662652,0
662653,0
662654,0
662655,0
662656,0
662657,0
662658,0
662659,0
662660,0
662661,0
662662,0
662663,0
662664,0
662665,0
662666,0
662667,0
662668,0
662669,0
662670,0
662671,0
662672,0
662673,0
662674,0
662675,0
662676,0
662677,0
662678,0
662679,0
662680,0
662681,0
662682,0
662683,0
662684,1
662685,0
662686,0
662687,0
662688,0
662689,0
662690,0
662691,0
662692,0
662693,0
662694,0
662695,0
662696,0
662697,0
662698,0
662699,0
662700,0
662701,0
662702,0
662703,0
662704,0
662705,0
662706,0
662707,0
662708,0
662709,0
662710,0
662711,0
662712,0
662713,0
662714,0
662715,0
662716,0
662717,0
662718,0
662719,0
662720,0
662721,0
662722,0
662723,0
662724,0
662725,0
662726,0
662727,0
662728,0
662729,0
662730,0
662731,0
662732,0
662733,0
662734,0
662735,0
662736,0
662737,0
662738,0
662739,0
662740,0
662741,0
662742,0
662743,0
662744,0
662745,0
662746,0
662747,0
662748,0
662749,0
662750,0
662751,0
662752,0
662753,0
662754,0
662755,0
662756,0
662757,0
662758,0
662759,0
662760,0
662761,0
662762,0
662763,0
662764,0
662765,0
662766,0
662767,0
662768,0
662769,0
662770,0
662771,0
662772,0
662773,0
662774,0
662775,0
662776,0
662777,0
662778,0
662779,0
662780,0
662781,0
662782,0
662783,0
662784,0
662785,0
662786,0
662787,0
662788,0
662789,0
662790,0
662791,0
662792,0
662793,0
662794,0
662795,0
662796,0
662797,1
662798,0
662799,0
662800,0
662801,0
662802,0
662803,0
662804,0
662805,0
662806,0
662807,0
662808,0
662809,0
662810,0
662811,0
662812,0
662813,0
662814,0
662815,0
662816,0
662817,0
662818,1
662819,0
662820,0
662821,0
662822,0
662823,0
662824,0
662825,0
662826,0
662827,0
662828,0
662829,0
662830,0
662831,0
662832,0
662833,0
662834,0
662835,0
662836,0
662837,0
662838,0
662839,0
662840,0
662841,0
662842,0
662843,0
662844,0
662845,0
662846,0
662847,0
662848,0
662849,0
662850,0
662851,0
662852,0
662853,0
662854,0
662855,0
662856,0
662857,0
662858,0
662859,0
662860,0
662861,0
662862,0
662863,0
662864,0
662865,0
662866,0
662867,0
662868,0
662869,0
662870,0
662871,0
662872,0
662873,0
662874,0
662875,0
662876,0
662877,0
662878,0
662879,0
662880,0
662881,0
662882,0
662883,0
662884,0
662885,0
662886,0
662887,0
662888,0
662889,0
662890,0
662891,0
662892,0
662893,0
662894,0
662895,0
662896,0
662897,0
662898,0
662899,0
662900,0
662901,0
662902,0
662903,0
662904,0
662905,0
662906,0
662907,0
662908,0
662909,0
662910,0
662911,0
662912,0
662913,0
662914,0
662915,0
662916,0
662917,0
662918,0
662919,0
662920,0
662921,0
662922,0
662923,0
662924,0
662925,0
662926,0
662927,0
662928,0
662929,0
662930,1
662931,0
662932,0
662933,0
662934,0
662935,0
662936,0
662937,0
662938,0
662939,0
662940,0
662941,0
662942,0
662943,0
662944,0
662945,0
662946,0
662947,0
662948,0
662949,0
662950,0
662951,0
662952,0
662953,0
662954,0
662955,1
662956,0
662957,0
662958,0
662959,0
662960,0
662961,0
662962,0
662963,0
662964,0
662965,0
662966,0
662967,0
662968,0
662969,0
662970,0
662971,0
662972,0
662973,0
662974,0
662975,0
662976,0
662977,0
662978,0
662979,0
662980,0
662981,0
662982,0
662983,0
662984,0
662985,0
662986,0
662987,0
662988,0
662989,0
662990,0
662991,0
662992,0
662993,0
662994,0
662995,0
662996,0
662997,0
662998,0
662999,0
663000,0
663001,0
663002,0
663003,0
663004,0
663005,0
663006,0
663007,0
663008,0
663009,0
663010,0
663011,0
663012,0
663013,0
663014,0
663015,0
663016,0
663017,0
663018,0
663019,0
663020,0
663021,0
663022,0
663023,0
663024,0
663025,0
663026,0
663027,0
663028,0
663029,0
663030,0
663031,0
663032,1
663033,0
663034,0
663035,0
663036,0
663037,0
663038,0
663039,0
663040,0
663041,1
663042,0
663043,0
663044,0
663045,0
663046,0
663047,0
663048,0
663049,0
663050,0
663051,0
663052,0
663053,0
663054,0
663055,0
663056,0
663057,0
663058,0
663059,0
663060,0
663061,0
663062,0
663063,0
663064,0
663065,0
663066,0
663067,0
663068,0
663069,0
663070,0
663071,0
663072,0
663073,0
663074,0
663075,0
663076,0
663077,0
663078,0
663079,0
663080,0
663081,0
663082,0
663083,0
663084,0
663085,0
663086,0
663087,0
663088,0
663089,0
663090,0
663091,0
663092,0
663093,0
663094,0
663095,0
663096,0
663097,0
663098,0
663099,0
663100,0
663101,0
663102,0
663103,0
663104,0
663105,0
663106,0
663107,0
663108,0
663109,0
663110,0
663111,0
663112,0
663113,0
663114,0
663115,0
663116,0
663117,0
663118,0
663119,0
663120,0
663121,0
663122,0
663123,0
663124,0
663125,0
663126,0
663127,0
663128,0
663129,0
663130,0
663131,0
663132,0
663133,0
663134,0
663135,0
663136,0
663137,0
663138,0
663139,0
663140,0
663141,0
663142,0
663143,0
663144,0
663145,0
663146,0
663147,0
663148,1
663149,0
663150,0
663151,0
663152,0
663153,0
663154,0
663155,0
663156,0
663157,0
663158,0
663159,0
663160,0
663161,0
663162,0
663163,0
663164,0
663165,0
663166,0
663167,0
663168,0
663169,1
663170,0
663171,0
663172,0
663173,0
663174,0
663175,0
663176,0
663177,0
663178,0
663179,0
663180,0
663181,0
663182,0
663183,0
663184,0
663185,0
663186,0
663187,0
663188,0
663189,0
663190,0
663191,0
663192,0
663193,0
663194,0
663195,0
663196,0
663197,0
663198,0
663199,0
663200,0
663201,0
663202,0
663203,0
663204,0
663205,0
663206,0
663207,0
663208,0
663209,0
663210,0
663211,0
663212,0
663213,0
663214,0
663215,0
663216,0
663217,0
663218,0
663219,0
663220,0
663221,0
663222,0
663223,0
663224,0
663225,0
663226,0
663227,0
663228,0
663229,0
663230,0
663231,0
663232,0
663233,0
663234,0
663235,0
663236,0
663237,0
663238,0
663239,0
663240,0
663241,0
663242,0
663243,1
663244,0
663245,0
663246,0
663247,0
663248,0
663249,0
663250,0
663251,0
663252,0
663253,0
663254,0
663255,0
663256,0
663257,0
663258,0
663259,0
663260,0
663261,0
663262,0
663263,0
663264,0
663265,0
663266,0
663267,0
663268,0
663269,0
663270,0
663271,0
663272,0
663273,0
663274,0
663275,0
663276,0
663277,0
663278,0
663279,0
663280,0
663281,0
663282,0
663283,0
663284,0
663285,0
663286,0
663287,0
663288,0
663289,0
663290,0
663291,0
663292,0
663293,0
663294,0
663295,0
663296,0
663297,0
663298,0
663299,0
663300,0
663301,0
663302,0
663303,0
663304,0
663305,0
663306,0
663307,0
663308,0
663309,0
663310,0
663311,0
663312,0
663313,0
663314,0
663315,0
663316,0
663317,0
663318,0
663319,0
663320,0
663321,1
663322,0
663323,0
663324,0
663325,0
663326,0
663327,0
663328,0
663329,0
663330,0
663331,0
663332,0
663333,0
663334,0
663335,0
663336,0
663337,0
663338,0
663339,10
663340,0
663341,0
663342,0
663343,0
663344,0
663345,0
663346,0
663347,0
663348,0
663349,0
663350,0
663351,0
663352,0
663353,0
663354,0
663355,0
663356,0
663357,0
663358,0
663359,0
663360,0
663361,0
663362,0
663363,0
663364,0
663365,0
663366,0
663367,0
663368,0
663369,0
663370,0
663371,0
663372,0
663373,0
663374,0
663375,0
663376,0
663377,0
663378,0
663379,15
663380,0
663381,0
663382,0
663383,0
663384,0
663385,0
663386,0
663387,0
663388,0
663389,0
663390,0
663391,0
663392,0
663393,0
663394,0
663395,0
663396,0
663397,0
663398,0
663399,0
663400,7
663401,0
663402,0
663403,0
663404,0
663405,0
663406,0
663407,0
663408,12
663409,0
663410,0
663411,0
663412,8
663413,0
663414,0
663415,0
663416,0
663417,0
663418,0
663419,0
663420,0
663421,0
663422,0
663423,0
663424,0
663425,0
663426,0
663427,0
663428,0
663429,0
663430,0
663431,0
663432,0
663433,0
663434,0
663435,0
663436,0
663437,0
663438,0
663439,0
663440,0
663441,0
663442,13
663443,0
663444,0
663445,0
663446,0
663447,0
663448,5
663449,0
663450,0
663451,0
663452,0
663453,0
663454,0
663455,0
663456,0
663457,0
663458,0
663459,0
663460,0
663461,0
663462,0
663463,0
663464,0
663465,0
663466,0
663467,12
663468,0
663469,0
663470,0
663471,0
663472,0
663473,0
663474,0
663475,14
663476,0
663477,0
663478,0
663479,0
663480,0
663481,0
663482,0
663483,0
663484,0
663485,0
663486,0
663487,0
663488,0
663489,0
663490,0
663491,13
663492,0
663493,0
663494,0
663495,0
663496,0
663497,0
663498,0
663499,0
663500,0
663501,0
663502,0
663503,0
663504,0
663505,0
663506,0
663507,0
663508,0
663509,0
663510,0
663511,0
663512,0
663513,0
663514,0
663515,0
663516,0
663517,0
663518,0
663519,0
663520,0
663521,0
663522,0
663523,0
663524,0
663525,0
663526,0
663527,0
663528,0
663529,0
663530,0
663531,0
663532,0
663533,0
663534,0
663535,0
663536,0
663537,0
663538,0
663539,0
663540,0
663541,0
663542,0
663543,0
663544,11
663545,0
663546,0
663547,0
663548,0
663549,0
663550,0
663551,0
663552,0
663553,0
663554,0
663555,0
663556,0
663557,0
663558,8
663559,0
663560,0
663561,0
663562,0
663563,0
663564,0
663565,0
663566,0
663567,0
663568,0
663569,0
663570,0
663571,0
663572,8
663573,0
663574,0
663575,9
663576,0
663577,0
663578,0
663579,0
663580,0
663581,0
663582,0
663583,0
663584,0
663585,0
663586,0
663587,0
663588,0
663589,0
663590,0
663591,0
663592,7
663593,7
663594,0
663595,0
663596,0
663597,0
663598,0
663599,0
663600,0
663601,0
663602,0
663603,13
663604,0
663605,0
663606,0
663607,0
663608,0
663609,0
663610,0
663611,0
663612,0
663613,0
663614,0
663615,0
663616,0
663617,0
663618,0
663619,0
663620,0
663621,0
663622,8
663623,0
663624,0
663625,0
663626,0
663627,10
663628,0
663629,0
663630,0
663631,0
663632,0
663633,0
663634,0
663635,0
663636,0
663637,0
663638,0
663639,0
663640,0
663641,0
663642,0
663643,0
663644,0
663645,0
663646,0
663647,0
663648,0
663649,0
663650,0
663651,0
663652,0
663653,0
663654,0
663655,3
663656,0
663657,0
663658,0
663659,0
663660,0
663661,53
663662,0
663663,0
663664,0
663665,0
663666,0
663667,0
663668,0
663669,0
663670,0
663671,0
663672,10
663673,0
663674,0
663675,0
663676,0
663677,0
663678,0
663679,0
663680,0
663681,0
663682,0
663683,0
663684,0
663685,0
663686,0
663687,0
663688,0
663689,0
663690,0
663691,0
663692,0
663693,0
663694,0
663695,0
663696,0
663697,0
663698,0
663699,0
663700,61
663701,0
663702,0
663703,0
663704,0
663705,0
663706,0
663707,0
663708,0
663709,0
663710,0
663711,0
663712,0
663713,0
663714,0
663715,0
663716,0
663717,0
663718,0
663719,0
663720,0
663721,0
663722,0
663723,0
663724,0
663725,18
663726,0
663727,13
663728,53
663729,0
663730,0
663731,0
663732,0
663733,0
663734,0
663735,0
663736,0
663737,0
663738,0
663739,0
663740,0
663741,0
663742,0
663743,0
663744,0
663745,0
663746,0
663747,0
663748,0
663749,29
663750,0
663751,51
663752,0
663753,0
663754,0
663755,0
663756,0
663757,0
663758,0
663759,0
663760,0
663761,0
663762,0
663763,34
663764,0
663765,0
663766,0
663767,0
663768,0
663769,0
663770,0
663771,0
663772,0
663773,0
663774,0
663775,0
663776,24
663777,0
663778,0
663779,22
663780,31
663781,0
663782,34
663783,0
663784,0
663785,0
663786,0
663787,0
663788,25
663789,54
663790,0
663791,0
663792,0
663793,0
663794,0
663795,0
663796,0
663797,0
663798,0
663799,0
663800,0
663801,0
663802,39
663803,0
663804,0
663805,19
663806,0
663807,0
663808,0
663809,22
663810,0
663811,0
663812,0
663813,0
663814,0
663815,0
663816,0
663817,0
663818,0
663819,0
663820,0
663821,0
663822,19
663823,0
663824,57
663825,41
663826,0
663827,0
663828,0
663829,0
663830,0
663831,0
663832,0
663833,0
663834,0
663835,0
663836,0
663837,0
663838,0
663839,44
663840,0
663841,0
663842,0
663843,18
663844,24
663845,0
663846,0
663847,0
663848,0
663849,0
663850,0
663851,23
663852,0
663853,59
663854,0
663855,0
663856,0
663857,37
663858,0
663859,0
663860,0
663861,0
663862,0
663863,0
663864,0
663865,0
663866,0
663867,0
663868,0
663869,0
663870,35
663871,0
663872,0
663873,0
663874,0
663875,0
663876,0
663877,0
663878,0
663879,0
663880,0
663881,0
663882,0
663883,0
663884,0
663885,0
663886,0
663887,0
663888,39
663889,0
663890,0
663891,0
663892,0
663893,0
663894,54
663895,0
663896,0
663897,0
663898,0
663899,0
663900,12
663901,0
663902,0
663903,0
663904,44
663905,0
663906,0
663907,0
663908,0
663909,0
663910,0
663911,0
663912,31
663913,0
663914,0
663915,0
663916,0
663917,0
663918,0
663919,0
663920,0
663921,0
663922,0
663923,0
663924,0
663925,0
663926,0
663927,0
663928,0
663929,0
663930,0
663931,0
663932,0
663933,0
663934,0
663935,0
663936,0
663937,0
663938,0
663939,0
663940,0
663941,0
663942,0
663943,0
663944,0
663945,0
663946,0
663947,39
663948,49
663949,44
663950,0
663951,67
663952,0
663953,0
663954,0
663955,0
663956,0
663957,0
663958,0
663959,0
663960,0
663961,0
663962,0
663963,0
663964,49
663965,0
663966,0
663967,0
663968,0
663969,0
663970,0
663971,0
663972,0
663973,0
663974,0
663975,0
663976,0
663977,0
663978,0
663979,0
663980,0
663981,0
663982,0
663983,0
663984,0
663985,0
663986,53
663987,0
663988,0
663989,0
663990,0
663991,0
663992,0
663993,0
663994,30
663995,0
663996,0
663997,0
663998,45
663999,0
664000,0
664001,0
664002,0
664003,0
664004,0
664005,0
664006,19
664007,0
664008,0
664009,0
664010,0
664011,0
664012,0
664013,0
664014,35
664015,0
664016,0
664017,0
664018,0
664019,0
664020,0
664021,0
664022,0
664023,0
664024,51
664025,0
664026,0
664027,0
664028,0
664029,0
664030,0
664031,0
664032,0
664033,0
664034,38
664035,0
664036,0
664037,0
664038,0
664039,0
664040,0
664041,0
664042,60
664043,0
664044,0
664045,0
664046,0
664047,0
664048,0
664049,0
664050,33
664051,0
664052,0
664053,0
664054,0
664055,0
664056,39
664057,0
664058,0
664059,0
664060,0
664061,0
664062,0
664063,0
664064,0
664065,0
664066,0
664067,0
664068,0
664069,0
664070,0
664071,0
664072,0
664073,0
664074,0
664075,0
664076,0
664077,0
664078,0
664079,0
664080,0
664081,0
664082,0
664083,0
664084,0
664085,0
664086,0
664087,0
664088,0
664089,0
664090,0
664091,0
664092,0
664093,0
664094,0
664095,0
664096,0
664097,0
664098,0
664099,0
664100,0
664101,0
664102,0
664103,0
664104,33
664105,0
664106,60
664107,0
664108,0
664109,0
664110,0
664111,0
664112,0
664113,23
664114,0
664115,26
664116,0
664117,0
664118,0
664119,59
664120,0
664121,0
664122,0
664123,0
664124,13
664125,0
664126,0
664127,0
664128,0
664129,0
664130,0
664131,0
664132,0
664133,0
664134,57
664135,61
664136,24
664137,0
664138,0
664139,0
664140,21
664141,0
664142,0
664143,0
664144,24
664145,0
664146,0
664147,0
664148,0
664149,0
664150,0
664151,0
664152,0
664153,0
664154,0
664155,0
664156,0
664157,0
664158,0
664159,0
664160,0
664161,0
664162,0
664163,0
664164,0
664165,0
664166,0
664167,0
664168,0
664169,0
664170,0
664171,0
664172,0
664173,67
664174,0
664175,0
664176,0
664177,0
664178,0
664179,0
664180,0
664181,0
664182,0
664183,0
664184,0
664185,0
664186,0
664187,0
664188,0
664189,0
664190,0
664191,0
664192,0
664193,0
664194,0
664195,0
664196,0
664197,0
664198,0
664199,0
664200,0
664201,0
664202,0
664203,0
664204,0
664205,0
664206,0
664207,0
664208,0
664209,51
664210,0
664211,0
664212,0
664213,0
664214,0
664215,0
664216,0
664217,0
664218,0
664219,0
664220,0
664221,0
664222,0
664223,0
664224,0
664225,0
664226,31
664227,0
664228,0
664229,0
664230,0
664231,50
664232,0
664233,0
664234,0
664235,0
664236,0
664237,0
664238,0
664239,0
664240,0
664241,0
664242,0
664243,0
664244,0
664245,0
664246,0
664247,35
664248,0
664249,0
664250,0
664251,0
664252,0
664253,0
664254,0
664255,0
664256,0
664257,0
664258,0
664259,0
664260,0
664261,0
664262,0
664263,0
664264,0
664265,0
664266,0
664267,0
664268,0
664269,0
664270,0
664271,37
664272,0
664273,0
664274,0
664275,0
664276,0
664277,0
664278,0
664279,0
664280,0
664281,0
664282,0
664283,0
664284,0
664285,0
664286,0
664287,0
664288,0
664289,0
664290,0
664291,0
664292,0
664293,0
664294,0
664295,0
664296,0
664297,0
664298,0
664299,0
664300,0
664301,0
664302,0
664303,0
664304,0
664305,0
664306,0
664307,0
664308,0
664309,0
664310,0
664311,0
664312,0
664313,0
664314,0
664315,0
664316,0
664317,16
664318,0
664319,0
664320,0
664321,0
664322,0
664323,0
664324,0
664325,0
664326,0
664327,0
664328,0
664329,0
664330,0
664331,0
664332,31
664333,0
664334,0
664335,65
664336,0
664337,22
664338,0
664339,0
664340,0
664341,0
664342,0
664343,38
664344,0
664345,27
664346,0
664347,0
664348,0
664349,0
664350,30
664351,0
664352,0
664353,0
664354,0
664355,0
664356,0
664357,0
664358,0
664359,0
664360,0
664361,0
664362,0
664363,0
664364,18
664365,0
664366,0
664367,39
664368,0
664369,0
664370,0
664371,0
664372,0
664373,0
664374,0
664375,0
664376,0
664377,0
664378,37
664379,0
664380,0
664381,0
664382,36
664383,0
664384,0
664385,41
664386,0
664387,47
664388,0
664389,0
664390,0
664391,0
664392,0
664393,0
664394,0
664395,0
664396,54
664397,0
664398,19
664399,0
664400,0
664401,28
664402,0
664403,33
664404,0
664405,0
664406,0
664407,0
664408,0
664409,24
664410,0
664411,0
664412,46
664413,0
664414,0
664415,35
664416,0
664417,0
664418,0
664419,0
664420,0
664421,0
664422,0
664423,0
664424,0
664425,48
664426,0
664427,0
664428,0
664429,0
664430,0
664431,0
664432,23
664433,35
664434,0
664435,0
664436,31
664437,0
664438,0
664439,0
664440,0
664441,0
664442,0
664443,0
664444,23
664445,0
664446,0
664447,0
664448,0
664449,0
664450,0
664451,0
664452,0
664453,0
664454,0
664455,0
664456,0
664457,0
664458,0
664459,0
664460,0
664461,0
664462,0
664463,0
664464,0
664465,0
664466,0
664467,0
664468,0
664469,0
664470,0
664471,0
664472,0
664473,0
664474,0
664475,0
664476,0
664477,0
664478,0
664479,0
664480,0
664481,0
664482,33
664483,0
664484,0
664485,0
664486,0
664487,37
664488,0
664489,0
664490,47
664491,0
664492,0
664493,0
664494,0
664495,0
664496,0
664497,0
664498,0
664499,0
664500,0
664501,0
664502,0
664503,0
664504,0
664505,0
664506,0
664507,0
664508,0
664509,0
664510,0
664511,0
664512,0
664513,0
664514,0
664515,39
664516,0
664517,0
664518,0
664519,0
664520,0
664521,0
664522,0
664523,0
664524,0
664525,0
664526,24
664527,35
664528,0
664529,0
664530,0
664531,58
664532,0
664533,0
664534,0
664535,0
664536,0
664537,0
664538,0
664539,43
664540,0
664541,0
664542,0
664543,0
664544,0
664545,0
664546,0
664547,0
664548,0
664549,0
664550,0
664551,0
664552,0
664553,0
664554,48
664555,0
664556,0
664557,0
664558,0
664559,0
664560,0
664561,0
664562,38
664563,0
664564,0
664565,0
664566,0
664567,0
664568,0
664569,0
664570,0
664571,0
664572,0
664573,0
664574,0
664575,42
664576,0
664577,0
664578,0
664579,0
664580,0
664581,0
664582,0
664583,0
664584,0
664585,0
664586,0
664587,0
664588,0
664589,34
664590,0
664591,23
664592,0
664593,0
664594,0
664595,0
664596,0
664597,0
664598,0
664599,31
664600,49
664601,23
664602,0
664603,0
664604,0
664605,34
664606,0
664607,23
664608,0
664609,0
664610,0
664611,0
664612,0
664613,0
664614,0
664615,0
664616,0
664617,0
664618,0
664619,0
664620,0
664621,0
664622,0
664623,0
664624,0
664625,0
664626,0
664627,0
664628,0
664629,0
664630,0
664631,0
664632,0
664633,0
664634,0
664635,0
664636,0
664637,0
664638,0
664639,0
664640,0
664641,0
664642,0
664643,0
664644,0
664645,0
664646,0
664647,0
664648,0
664649,0
664650,0
664651,0
664652,0
664653,0
664654,0
664655,0
664656,0
664657,0
664658,0
664659,0
664660,0
664661,0
664662,0
664663,0
664664,0
664665,0
664666,0
664667,0
664668,0
664669,0
664670,0
664671,0
664672,0
664673,0
664674,0
664675,0
664676,0
664677,0
664678,0
664679,0
664680,0
664681,0
664682,0
664683,0
664684,0
664685,0
664686,0
664687,0
664688,0
664689,0
664690,0
664691,0
664692,0
664693,0
664694,0
664695,0
664696,0
664697,0
664698,0
664699,0
664700,0
664701,0
664702,0
664703,0
664704,0
664705,0
664706,0
664707,0
664708,0
664709,0
664710,0
664711,0
664712,0
664713,0
664714,0
664715,0
664716,0
664717,0
664718,0
664719,0
664720,0
664721,0
664722,0
664723,0
664724,0
664725,0
664726,0
664727,0
664728,0
664729,0
664730,0
664731,0
664732,0
664733,0
664734,0
664735,0
664736,0
664737,0
664738,0
664739,0
664740,0
664741,0
664742,0
664743,0
664744,0
664745,0
664746,0
664747,0
664748,0
664749,0
664750,0
664751,0
664752,0
664753,0
664754,0
664755,0
664756,0
664757,0
664758,0
664759,0
664760,0
664761,0
664762,0
664763,0
664764,0
664765,0
664766,0
664767,0
664768,0
664769,0
664770,0
664771,0
664772,0
664773,0
664774,0
664775,0
664776,0
664777,0
664778,0
664779,0
664780,0
664781,0
664782,0
664783,0
664784,1
664785,0
664786,0
664787,0
664788,0
664789,0
664790,0
664791,0
664792,0
664793,0
664794,0
664795,0
664796,0
664797,0
664798,0
664799,0
664800,0
664801,0
664802,0
664803,0
664804,0
664805,0
664806,0
664807,0
664808,0
664809,0
664810,0
664811,0
664812,0
664813,0
664814,0
664815,0
664816,0
664817,0
664818,0
664819,0
664820,0
664821,0
664822,0
664823,0
664824,0
664825,0
664826,0
664827,0
664828,0
664829,0
664830,0
664831,0
664832,0
664833,0
664834,0
664835,0
664836,0
664837,0
664838,0
664839,0
664840,0
664841,0
664842,0
664843,0
664844,0
664845,0
664846,0
664847,0
664848,0
664849,0
664850,0
664851,0
664852,0
664853,0
664854,0
664855,0
664856,0
664857,0
664858,0
664859,0
664860,0
664861,0
664862,0
664863,0
664864,1
664865,0
664866,0
664867,0
664868,0
664869,0
664870,0
664871,0
664872,0
664873,0
664874,0
664875,0
664876,0
664877,0
664878,0
664879,0
664880,0
664881,0
664882,0
664883,0
664884,0
664885,0
664886,0
664887,0
664888,0
664889,0
664890,0
664891,0
664892,0
664893,0
664894,0
664895,0
664896,0
664897,0
664898,0
664899,0
664900,0
664901,0
664902,0
664903,0
664904,0
664905,0
664906,0
664907,0
664908,0
664909,0
664910,0
664911,0
664912,0
664913,0
664914,0
664915,0
664916,0
664917,0
664918,0
664919,0
664920,0
664921,0
664922,0
664923,0
664924,1
664925,0
664926,0
664927,0
664928,0
664929,0
664930,0
664931,0
664932,0
664933,0
664934,0
664935,0
664936,0
664937,0
664938,0
664939,0
664940,0
664941,0
664942,0
664943,0
664944,0
664945,0
664946,0
664947,0
664948,0
664949,0
664950,0
664951,0
664952,0
664953,0
664954,0
664955,0
664956,0
664957,0
664958,0
664959,0
664960,0
664961,0
664962,0
664963,0
664964,0
664965,0
664966,0
664967,0
664968,0
664969,0
664970,0
664971,0
664972,0
664973,0
664974,0
664975,0
664976,0
664977,0
664978,1
664979,0
664980,0
664981,0
664982,0
664983,0
664984,0
664985,0
664986,0
664987,0
664988,0
664989,0
664990,0
664991,0
664992,0
664993,0
664994,0
664995,0
664996,0
664997,0
664998,0
664999,0
665000,0
665001,0
665002,0
665003,0
665004,0
665005,0
665006,0
665007,0
665008,0
665009,0
665010,0
665011,0
665012,0
665013,0
665014,0
665015,0
665016,0
665017,0
665018,0
665019,0
665020,0
665021,0
665022,0
665023,0
665024,0
665025,0
665026,0
665027,0
665028,0
665029,0
665030,0
665031,0
665032,0
665033,0
665034,0
665035,0
665036,0
665037,0
665038,0
665039,0
665040,0
665041,0
665042,0
665043,0
665044,0
665045,0
665046,0
665047,0
665048,0
665049,0
665050,0
665051,0
665052,0
665053,0
665054,0
665055,0
665056,0
665057,0
665058,0
665059,0
665060,0
665061,0
665062,0
665063,0
665064,0
665065,0
665066,0
665067,0
665068,0
665069,0
665070,0
665071,0
665072,0
665073,0
665074,0
665075,0
665076,0
665077,0
665078,0
665079,0
665080,0
665081,0
665082,0
665083,0
665084,0
665085,0
665086,0
665087,0
665088,0
665089,0
665090,0
665091,0
665092,0
665093,0
665094,0
665095,0
665096,0
665097,0
665098,0
665099,0
665100,0
665101,0
665102,0
665103,0
665104,0
665105,0
665106,0
665107,0
665108,0
665109,0
665110,0
665111,0
665112,0
665113,0
665114,0
665115,0
665116,0
665117,0
665118,0
665119,0
665120,0
665121,1
665122,0
665123,0
665124,0
665125,0
665126,0
665127,0
665128,0
665129,0
665130,0
665131,1
665132,0
665133,0
665134,0
665135,0
665136,0
665137,0
665138,0
665139,0
665140,0
665141,0
665142,0
665143,0
665144,0
665145,0
665146,0
665147,0
665148,0
665149,0
665150,0
665151,0
665152,0
665153,0
665154,0
665155,0
665156,0
665157,0
665158,0
665159,0
665160,0
665161,0
665162,0
665163,0
665164,0
665165,0
665166,0
665167,0
665168,0
665169,0
665170,0
665171,0
665172,0
665173,0
665174,0
665175,0
665176,0
665177,0
665178,0
665179,0
665180,0
665181,0
665182,0
665183,0
665184,0
665185,0
665186,0
665187,0
665188,0
665189,0
665190,0
665191,0
665192,0
665193,0
665194,0
665195,1
665196,0
665197,0
665198,0
665199,0
665200,0
665201,0
665202,0
665203,0
665204,0
665205,0
665206,0
665207,0
665208,0
665209,0
665210,0
665211,0
665212,0
665213,0
665214,0
665215,0
665216,0
665217,0
665218,0
665219,0
665220,0
665221,0
665222,0
665223,0
665224,0
665225,0
665226,0
665227,0
665228,0
665229,0
665230,0
665231,0
665232,0
665233,0
665234,0
665235,0
665236,0
665237,0
665238,0
665239,0
665240,0
665241,0
665242,0
665243,0
665244,2
665245,0
665246,0
665247,0
665248,0
665249,0
665250,0
665251,0
665252,0
665253,0
665254,0
665255,0
665256,0
665257,0
665258,0
665259,0
665260,0
665261,0
665262,0
665263,0
665264,0
665265,0
665266,0
665267,0
665268,0
665269,0
665270,0
665271,0
665272,0
665273,0
665274,0
665275,0
665276,0
665277,0
665278,0
665279,0
665280,0
665281,0
665282,0
665283,0
665284,0
665285,0
665286,0
665287,0
665288,0
665289,0
665290,0
665291,0
665292,0
665293,0
665294,0
665295,0
665296,0
665297,0
665298,0
665299,0
665300,0
665301,0
665302,0
665303,0
665304,0
665305,1
665306,0
665307,0
665308,0
665309,0
665310,0
665311,0
665312,0
665313,0
665314,0
665315,0
665316,0
665317,0
665318,0
665319,0
665320,0
665321,0
665322,0
665323,0
665324,0
665325,0
665326,0
665327,0
665328,0
665329,0
665330,0
665331,0
665332,0
665333,0
665334,0
665335,0
665336,0
665337,0
665338,0
665339,0
665340,0
665341,0
665342,0
665343,0
665344,0
665345,0
665346,0
665347,0
665348,0
665349,0
665350,0
665351,0
665352,0
665353,0
665354,0
665355,0
665356,0
665357,0
665358,0
665359,0
665360,0
665361,0
665362,0
665363,0
665364,0
665365,0
665366,0
665367,0
665368,0
665369,0
665370,0
665371,0
665372,0
665373,0
665374,0
665375,0
665376,0
665377,0
665378,0
665379,0
665380,0
665381,0
665382,0
665383,0
665384,0
665385,0
665386,0
665387,0
665388,0
665389,0
665390,0
665391,0
665392,0
665393,0
665394,0
665395,0
665396,0
665397,0
665398,0
665399,0
665400,0
665401,0
665402,0
665403,0
665404,0
665405,0
665406,0
665407,0
665408,0
665409,0
665410,0
665411,0
665412,1
665413,0
665414,0
665415,0
665416,0
665417,0
665418,29
665419,0
665420,0
665421,0
665422,0
665423,0
665424,0
665425,0
665426,0
665427,0
665428,0
665429,0
665430,0
665431,0
665432,0
665433,0
665434,0
665435,0
665436,0
665437,0
665438,0
665439,0
665440,0
665441,0
665442,35
665443,0
665444,0
665445,0
665446,0
665447,0
665448,0
665449,0
665450,21
665451,0
665452,0
665453,0
665454,0
665455,0
665456,0
665457,0
665458,0
665459,0
665460,0
665461,0
665462,0
665463,0
665464,0
665465,0
665466,0
665467,0
665468,0
665469,0
665470,0
665471,0
665472,0
665473,0
665474,0
665475,0
665476,0
665477,0
665478,0
665479,0
665480,0
665481,0
665482,0
665483,0
665484,19
665485,0
665486,0
665487,0
665488,0
665489,0
665490,0
665491,0
665492,0
665493,0
665494,26
665495,0
665496,0
665497,0
665498,0
665499,0
665500,0
665501,0
665502,0
665503,0
665504,0
665505,0
665506,0
665507,0
665508,0
665509,0
665510,0
665511,0
665512,17
665513,0
665514,0
665515,0
665516,24
665517,0
665518,0
665519,0
665520,0
665521,0
665522,0
665523,0
665524,0
665525,0
665526,0
665527,0
665528,28
665529,0
665530,0
665531,0
665532,0
665533,19
665534,0
665535,0
665536,0
665537,0
665538,0
665539,0
665540,0
665541,22
665542,0
665543,0
665544,0
665545,0
665546,0
665547,0
665548,0
665549,21
665550,0
665551,0
665552,0
665553,0
665554,0
665555,0
665556,0
665557,28
665558,0
665559,0
665560,28
665561,0
665562,0
665563,0
665564,0
665565,0
665566,0
665567,0
665568,0
665569,0
665570,0
665571,0
665572,25
665573,0
665574,0
665575,0
665576,0
665577,0
665578,26
665579,0
665580,0
665581,0
665582,0
665583,0
665584,24
665585,0
665586,0
665587,0
665588,0
665589,0
665590,0
665591,0
665592,0
665593,0
665594,0
665595,0
665596,0
665597,0
665598,0
665599,0
665600,0
665601,0
665602,0
665603,0
665604,0
665605,0
665606,0
665607,31
665608,0
665609,0
665610,17
665611,0
665612,0
665613,0
665614,0
665615,0
665616,0
665617,0
665618,0
665619,0
665620,0
665621,0
665622,0
665623,0
665624,0
665625,0
665626,0
665627,0
665628,0
665629,0
665630,0
665631,27
665632,0
665633,0
665634,0
665635,0
665636,0
665637,0
665638,0
665639,0
665640,0
665641,0
665642,0
665643,0
665644,0
665645,0
665646,0
665647,0
665648,0
665649,0
665650,0
665651,0
665652,0
665653,0
665654,0
665655,0
665656,0
665657,0
665658,0
665659,0
665660,0
665661,0
665662,0
665663,0
665664,0
665665,0
665666,0
665667,0
665668,0
665669,0
665670,0
665671,0
665672,27
665673,0
665674,0
665675,0
665676,0
665677,0
665678,0
665679,0
665680,0
665681,0
665682,0
665683,0
665684,0
665685,0
665686,0
665687,0
665688,36
665689,0
665690,0
665691,0
665692,0
665693,0
665694,0
665695,0
665696,0
665697,0
665698,0
665699,0
665700,0
665701,0
665702,0
665703,23
665704,0
665705,0
665706,0
665707,0
665708,0
665709,0
665710,0
665711,0
665712,0
665713,0
665714,0
665715,0
665716,0
665717,0
665718,0
665719,0
665720,0
665721,0
665722,0
665723,0
665724,0
665725,0
665726,0
665727,0
665728,0
665729,0
665730,0
665731,0
665732,0
665733,0
665734,0
665735,0
665736,0
665737,0
665738,0
665739,0
665740,0
665741,0
665742,0
665743,0
665744,0
665745,0
665746,0
665747,0
665748,0
665749,0
665750,0
665751,0
665752,0
665753,0
665754,0
665755,0
665756,0
665757,0
665758,0
665759,0
665760,0
665761,0
665762,0
665763,0
665764,19
665765,0
665766,31
665767,0
665768,0
665769,0
665770,0
665771,0
665772,0
665773,0
665774,0
665775,0
665776,0
665777,0
665778,0
665779,0
665780,0
665781,0
665782,0
665783,0
665784,0
665785,28
665786,0
665787,0
665788,0
665789,0
665790,0
665791,0
665792,0
665793,0
665794,0
665795,0
665796,0
665797,0
665798,0
665799,0
665800,0
665801,0
665802,0
665803,0
665804,0
665805,0
665806,0
665807,0
665808,0
665809,0
665810,0
665811,0
665812,0
665813,0
665814,0
665815,0
665816,0
665817,0
665818,0
665819,0
665820,0
665821,0
665822,0
665823,0
665824,0
665825,0
665826,0
665827,0
665828,0
665829,0
665830,0
665831,0
665832,0
665833,0
665834,0
665835,0
665836,0
665837,0
665838,0
665839,0
665840,0
665841,0
665842,0
665843,0
665844,0
665845,0
665846,0
665847,0
665848,0
665849,0
665850,0
665851,0
665852,0
665853,0
665854,0
665855,0
665856,0
665857,0
665858,0
665859,0
665860,0
665861,0
665862,0
665863,0
665864,0
665865,0
665866,0
665867,0
665868,0
665869,0
665870,0
665871,0
665872,0
665873,0
665874,0
665875,0
665876,0
665877,0
665878,0
665879,0
665880,0
665881,0
665882,0
665883,0
665884,0
665885,0
665886,0
665887,0
665888,0
665889,0
665890,0
665891,0
665892,0
665893,0
665894,0
665895,0
665896,0
665897,0
665898,0
665899,0
665900,0
665901,0
665902,0
665903,0
665904,0
665905,0
665906,0
665907,0
665908,0
665909,0
665910,0
665911,0
665912,0
665913,0
665914,0
665915,0
665916,6
665917,6
665918,0
665919,0
665920,0
665921,0
665922,15
665923,0
665924,0
665925,0
665926,0
665927,0
665928,0
665929,0
665930,0
665931,0
665932,0
665933,0
665934,0
665935,0
665936,0
665937,0
665938,0
665939,0
665940,0
665941,0
665942,0
665943,15
665944,0
665945,0
665946,0
665947,0
665948,0
665949,0
665950,0
665951,0
665952,0
665953,0
665954,0
665955,0
665956,0
665957,7
665958,0
665959,0
665960,0
665961,13
665962,12
665963,0
665964,0
665965,0
665966,0
665967,0
665968,0
665969,0
665970,0
665971,0
665972,0
665973,0
665974,0
665975,0
665976,0
665977,0
665978,0
665979,0
665980,0
665981,0
665982,0
665983,0
665984,2
665985,0
665986,0
665987,0
665988,0
665989,0
665990,0
665991,0
665992,0
665993,0
665994,0
665995,0
665996,0
665997,0
665998,0
665999,0
666000,0
666001,0
666002,0
666003,0
666004,0
666005,0
666006,0
666007,10
666008,0
666009,0
666010,0
666011,0
666012,12
666013,0
666014,6
666015,0
666016,0
666017,0
666018,0
666019,0
666020,0
666021,0
666022,0
666023,0
666024,0
666025,0
666026,0
666027,0
666028,0
666029,0
666030,0
666031,0
666032,4
666033,0
666034,0
666035,0
666036,0
666037,0
666038,0
666039,0
666040,0
666041,11
666042,0
666043,0
666044,0
666045,0
666046,0
666047,0
666048,0
666049,0
666050,0
666051,0
666052,0
666053,0
666054,0
666055,0
666056,0
666057,0
666058,0
666059,0
666060,0
666061,0
666062,0
666063,0
666064,0
666065,0
666066,0
666067,0
666068,0
666069,0
666070,0
666071,0
666072,0
666073,0
666074,0
666075,0
666076,0
666077,0
666078,0
666079,0
666080,0
666081,5
666082,0
666083,13
666084,0
666085,0
666086,0
666087,0
666088,0
666089,0
666090,0
666091,0
666092,0
666093,0
666094,11
666095,0
666096,0
666097,0
666098,0
666099,8
666100,0
666101,0
666102,11
666103,0
666104,0
666105,0
666106,0
666107,0
666108,0
666109,0
666110,0
666111,0
666112,0
666113,0
666114,0
666115,0
666116,0
666117,0
666118,0
666119,0
666120,0
666121,0
666122,0
666123,0
666124,0
666125,0
666126,0
666127,0
666128,0
666129,0
666130,0
666131,0
666132,0
666133,0
666134,0
666135,13
666136,0
666137,0
666138,7
666139,0
666140,0
666141,0
666142,0
666143,0
666144,8
666145,0
666146,0
666147,0
666148,0
666149,0
666150,0
666151,0
666152,0
666153,0
666154,0
666155,0
666156,0
666157,0
666158,0
666159,0
666160,0
666161,0
666162,0
666163,0
666164,0
666165,0
666166,0
666167,0
666168,7
666169,0
666170,0
666171,0
666172,0
666173,0
666174,0
666175,0
666176,0
666177,0
666178,18
666179,0
666180,5
666181,0
666182,0
666183,0
666184,0
666185,0
666186,0
666187,0
666188,0
666189,0
666190,0
666191,0
666192,0
666193,0
666194,0
666195,0
666196,0
666197,0
666198,0
666199,0
666200,0
666201,0
666202,0
666203,0
666204,0
666205,0
666206,0
666207,0
666208,0
666209,0
666210,0
666211,0
666212,0
666213,0
666214,0
666215,0
666216,0
666217,0
666218,0
666219,0
666220,0
666221,0
666222,0
666223,0
666224,7
666225,0
666226,0
666227,0
666228,0
666229,0
666230,0
666231,0
666232,0
666233,0
666234,0
666235,0
666236,0
666237,0
666238,0
666239,0
666240,0
666241,0
666242,0
666243,0
666244,0
666245,0
666246,0
666247,0
666248,0
666249,0
666250,0
666251,0
666252,0
666253,0
666254,11
666255,0
666256,0
666257,0
666258,0
666259,0
666260,0
666261,0
666262,0
666263,0
666264,0
666265,0
666266,0
666267,0
666268,0
666269,0
666270,0
666271,0
666272,0
666273,0
666274,0
666275,0
666276,0
666277,7
666278,0
666279,0
666280,10
666281,0
666282,0
666283,0
666284,0
666285,0
666286,0
666287,0
666288,0
666289,0
666290,0
666291,0
666292,0
666293,0
666294,9
666295,0
666296,0
666297,0
666298,0
666299,0
666300,0
666301,0
666302,0
666303,0
666304,0
666305,0
666306,0
666307,0
666308,0
666309,0
666310,0
666311,0
666312,0
666313,0
666314,0
666315,0
666316,0
666317,0
666318,0
666319,0
666320,0
666321,0
666322,0
666323,0
666324,0
666325,0
666326,0
666327,0
666328,0
666329,0
666330,0
666331,0
666332,0
666333,0
666334,6
666335,0
666336,0
666337,0
666338,0
666339,0
666340,0
666341,0
666342,0
666343,0
666344,0
666345,0
666346,8
666347,0
666348,0
666349,0
666350,0
666351,0
666352,0
666353,0
666354,0
666355,0
666356,0
666357,9
666358,0
666359,0
666360,13
666361,0
666362,0
666363,6
666364,0
666365,0
666366,0
666367,0
666368,0
666369,0
666370,0
666371,13
666372,0
666373,0
666374,0
666375,0
666376,0
666377,14
666378,0
666379,0
666380,0
666381,0
666382,0
666383,0
666384,0
666385,0
666386,0
666387,0
666388,0
666389,0
666390,10
666391,0
666392,0
666393,0
666394,0
666395,0
666396,0
666397,0
666398,0
666399,0
666400,0
666401,0
666402,0
666403,0
666404,0
666405,0
666406,0
666407,0
666408,0
666409,0
666410,12
666411,0
666412,0
666413,0
666414,0
666415,0
666416,0
666417,0
666418,7
666419,0
666420,0
666421,0
666422,0
666423,0
666424,0
666425,0
666426,0
666427,0
666428,0
666429,0
666430,0
666431,0
666432,0
666433,0
666434,0
666435,0
666436,10
666437,0
666438,0
666439,0
666440,0
666441,0
666442,0
666443,0
666444,0
666445,0
666446,0
666447,0
666448,0
666449,0
666450,0
666451,0
666452,0
666453,0
666454,0
666455,0
666456,0
666457,0
666458,0
666459,0
666460,12
666461,0
666462,0
666463,0
666464,0
666465,0
666466,0
666467,0
666468,0
666469,0
666470,0
666471,0
666472,0
666473,0
666474,0
666475,0
666476,0
666477,0
666478,0
666479,0
666480,0
666481,0
666482,0
666483,0
666484,0
666485,0
666486,0
666487,6
666488,0
666489,0
666490,0
666491,0
666492,0
666493,0
666494,0
666495,0
666496,0
666497,0
666498,0
666499,0
666500,0
666501,0
666502,0
666503,0
666504,0
666505,0
666506,0
666507,0
666508,0
666509,0
666510,0
666511,0
666512,0
666513,0
666514,8
666515,0
666516,0
666517,0
666518,0
666519,0
666520,0
666521,0
666522,0
666523,0
666524,0
666525,0
666526,0
666527,0
666528,0
666529,0
666530,0
666531,0
666532,0
666533,0
666534,0
666535,0
666536,0
666537,0
666538,7
666539,0
666540,0
666541,0
666542,0
666543,0
666544,0
666545,0
666546,0
666547,12
666548,0
666549,0
666550,0
666551,0
666552,0
666553,0
666554,15
666555,9
666556,0
666557,0
666558,0
666559,0
666560,0
666561,0
666562,0
666563,0
666564,0
666565,0
666566,0
666567,0
666568,0
666569,0
666570,0
666571,0
666572,0
666573,0
666574,0
666575,0
666576,0
666577,0
666578,0
666579,0
666580,0
666581,0
666582,0
666583,0
666584,0
666585,0
666586,0
666587,0
666588,0
666589,0
666590,0
666591,0
666592,0
666593,0
666594,0
666595,0
666596,0
666597,0
666598,0
666599,0
666600,0
666601,0
666602,7
666603,0
666604,0
666605,0
666606,0
666607,0
666608,0
666609,0
666610,0
666611,8
666612,0
666613,0
666614,0
666615,0
666616,0
666617,0
666618,0
666619,0
666620,0
666621,0
666622,0
666623,0
666624,0
666625,0
666626,0
666627,0
666628,0
666629,8
666630,0
666631,0
666632,0
666633,0
666634,0
666635,0
666636,7
666637,0
666638,0
666639,0
666640,0
666641,0
666642,0
666643,0
666644,0
666645,0
666646,0
666647,0
666648,0
666649,0
666650,0
666651,0
666652,0
666653,0
666654,0
666655,0
666656,0
666657,0
666658,0
666659,0
666660,0
666661,0
666662,0
666663,0
666664,0
666665,0
666666,0
666667,0
666668,0
666669,0
666670,0
666671,0
666672,0
666673,0
666674,0
666675,0
666676,0
666677,0
666678,0
666679,0
666680,0
666681,0
666682,0
666683,0
666684,0
666685,0
666686,0
666687,0
666688,0
666689,0
666690,0
666691,0
666692,0
666693,0
666694,0
666695,0
666696,0
666697,0
666698,10
666699,0
666700,0
666701,0
666702,0
666703,0
666704,0
666705,0
666706,0
666707,0
666708,0
666709,0
666710,0
666711,0
666712,0
666713,0
666714,0
666715,0
666716,0
666717,0
666718,0
666719,0
666720,0
666721,0
666722,9
666723,0
666724,0
666725,0
666726,0
666727,0
666728,0
666729,0
666730,0
666731,0
666732,0
666733,0
666734,0
666735,0
666736,0
666737,0
666738,0
666739,0
666740,0
666741,0
666742,0
666743,0
666744,0
666745,0
666746,0
666747,0
666748,0
666749,0
666750,0
666751,0
666752,12
666753,0
666754,0
666755,0
666756,0
666757,0
666758,0
666759,0
666760,0
666761,12
666762,0
666763,0
666764,0
666765,0
666766,0
666767,14
666768,0
666769,11
666770,0
666771,0
666772,0
666773,0
666774,0
666775,0
666776,0
666777,0
666778,0
666779,0
666780,0
666781,0
666782,0
666783,0
666784,0
666785,0
666786,0
666787,0
666788,9
666789,0
666790,0
666791,0
666792,0
666793,0
666794,0
666795,9
666796,0
666797,0
666798,0
666799,0
666800,6
666801,0
666802,0
666803,0
666804,0
666805,0
666806,0
666807,0
666808,0
666809,0
666810,0
666811,0
666812,0
666813,26
666814,32
666815,0
666816,0
666817,0
666818,0
666819,0
666820,0
666821,0
666822,0
666823,27
666824,28
666825,0
666826,28
666827,0
666828,0
666829,0
666830,0
666831,23
666832,0
666833,0
666834,0
666835,33
666836,26
666837,0
666838,0
666839,0
666840,0
666841,0
666842,0
666843,0
666844,0
666845,0
666846,0
666847,0
666848,0
666849,0
666850,33
666851,0
666852,0
666853,0
666854,0
666855,0
666856,0
666857,35
666858,0
666859,0
666860,0
666861,0
666862,28
666863,31
666864,0
666865,0
666866,0
666867,0
666868,0
666869,0
666870,30
666871,0
666872,0
666873,0
666874,0
666875,0
666876,25
666877,0
666878,39
666879,30
666880,0
666881,0
666882,41
666883,0
666884,0
666885,0
666886,0
666887,33
666888,0
666889,39
666890,0
666891,0
666892,0
666893,0
666894,41
666895,0
666896,0
666897,0
666898,0
666899,0
666900,0
666901,0
666902,0
666903,0
666904,0
666905,0
666906,0
666907,0
666908,0
666909,0
666910,0
666911,36
666912,27
666913,0
666914,0
666915,27
666916,0
666917,18
666918,0
666919,0
666920,0
666921,0
666922,0
666923,0
666924,0
666925,41
666926,0
666927,29
666928,0
666929,29
666930,30
666931,0
666932,0
666933,0
666934,0
666935,0
666936,0
666937,36
666938,0
666939,0
666940,0
666941,0
666942,0
666943,0
666944,36
666945,32
666946,0
666947,0
666948,0
666949,35
666950,0
666951,0
666952,0
666953,0
666954,0
666955,0
666956,0
666957,0
666958,0
666959,0
666960,0
666961,0
666962,0
666963,0
666964,0
666965,0
666966,0
666967,0
666968,0
666969,0
666970,0
666971,0
666972,25
666973,0
666974,30
666975,0
666976,30
666977,27
666978,0
666979,0
666980,0
666981,0
666982,0
666983,0
666984,0
666985,0
666986,35
666987,0
666988,0
666989,23
666990,22
666991,21
666992,0
666993,0
666994,28
666995,0
666996,23
666997,0
666998,0
666999,0
667000,40
667001,0
667002,0
667003,0
667004,0
667005,0
667006,0
667007,34
667008,35
667009,0
667010,0
667011,0
667012,0
667013,38
667014,0
667015,32
667016,0
667017,0
667018,35
667019,0
667020,0
667021,29
667022,0
667023,38
667024,0
667025,0
667026,0
667027,36
667028,34
667029,0
667030,0
667031,0
667032,0
667033,24
667034,0
667035,0
667036,0
667037,0
667038,0
667039,0
667040,0
667041,0
667042,0
667043,29
667044,0
667045,35
667046,0
667047,0
667048,0
667049,25
667050,0
667051,0
667052,0
667053,31
667054,31
667055,0
667056,0
667057,0
667058,0
667059,35
667060,0
667061,0
667062,0
667063,0
667064,0
667065,0
667066,0
667067,0
667068,0
667069,43
667070,33
667071,0
667072,0
667073,0
667074,0
667075,0
667076,0
667077,0
667078,0
667079,0
667080,0
667081,22
667082,0
667083,0
667084,0
667085,0
667086,0
667087,29
667088,26
667089,31
667090,36
667091,0
667092,24
667093,41
667094,0
667095,36
667096,0
667097,36
667098,42
667099,0
667100,0
667101,0
667102,0
667103,0
667104,0
667105,0
667106,0
667107,34
667108,40
667109,29
667110,0
667111,0
667112,0
667113,24
667114,23
667115,0
667116,0
667117,29
667118,0
667119,0
667120,0
667121,0
667122,0
667123,0
667124,19
667125,27
667126,0
667127,0
667128,0
667129,0
667130,44
667131,0
667132,0
667133,26
667134,0
667135,0
667136,0
667137,0
667138,0
667139,0
667140,0
667141,34
667142,0
667143,0
667144,0
667145,0
667146,0
667147,0
667148,0
667149,0
667150,38
667151,0
667152,0
667153,0
667154,31
667155,0
667156,25
667157,0
667158,0
667159,22
667160,40
667161,0
667162,25
667163,0
667164,0
667165,0
667166,0
667167,26
667168,30
667169,0
667170,33
667171,0
667172,39
667173,0
667174,31
667175,0
667176,0
667177,35
667178,32
667179,28
667180,0
667181,38
667182,0
667183,0
667184,0
667185,19
667186,0
667187,0
667188,13
667189,0
667190,0
667191,0
667192,0
667193,0
667194,0
667195,0
667196,0
667197,0
667198,7
667199,0
667200,12
667201,0
667202,17
667203,0
667204,0
667205,0
667206,0
667207,0
667208,21
667209,0
667210,0
667211,0
667212,0
667213,17
667214,0
667215,0
667216,0
667217,0
667218,16
667219,15
667220,0
667221,0
667222,0
667223,0
667224,0
667225,7
667226,0
667227,10
667228,24
667229,0
667230,10
667231,0
667232,13
667233,0
667234,0
667235,0
667236,20
667237,9
667238,0
667239,0
667240,0
667241,13
667242,0
667243,7
667244,0
667245,0
667246,22
667247,0
667248,0
667249,0
667250,0
667251,0
667252,0
667253,0
667254,0
667255,0
667256,0
667257,0
667258,18
667259,0
667260,0
667261,0
667262,11
667263,0
667264,0
667265,0
667266,0
667267,0
667268,14
667269,16
667270,0
667271,18
667272,0
667273,0
667274,0
667275,0
667276,0
667277,0
667278,0
667279,12
667280,12
667281,0
667282,12
667283,13
667284,24
667285,0
667286,8
667287,0
667288,0
667289,0
667290,13
667291,0
667292,0
667293,7
667294,0
667295,14
667296,13
667297,16
667298,0
667299,0
667300,0
667301,0
667302,0
667303,0
667304,0
667305,12
667306,0
667307,0
667308,0
667309,0
667310,0
667311,0
667312,0
667313,0
667314,0
667315,29
667316,11
667317,0
667318,0
667319,0
667320,16
667321,0
667322,0
667323,17
667324,25
667325,0
667326,0
667327,13
667328,0
667329,0
667330,0
667331,0
667332,0
667333,0
667334,0
667335,0
667336,0
667337,23
667338,25
667339,0
667340,0
667341,0
667342,0
667343,0
667344,0
667345,0
667346,24
667347,0
667348,0
667349,17
667350,0
667351,0
667352,18
667353,24
667354,16
667355,34
667356,0
667357,0
667358,0
667359,0
667360,0
667361,0
667362,0
667363,0
667364,0
667365,26
667366,0
667367,20
667368,0
667369,0
667370,0
667371,0
667372,20
667373,0
667374,0
667375,0
667376,0
667377,0
667378,0
667379,0
667380,0
667381,0
667382,0
667383,0
667384,25
667385,0
667386,0
667387,0
667388,0
667389,0
667390,25
667391,0
667392,0
667393,0
667394,0
667395,0
667396,0
667397,10
667398,20
667399,0
667400,0
667401,25
667402,0
667403,0
667404,0
667405,0
667406,0
667407,0
667408,0
667409,21
667410,0
667411,0
667412,0
667413,0
667414,0
667415,0
667416,0
667417,0
667418,0
667419,0
667420,0
667421,0
667422,25
667423,27
667424,0
667425,0
667426,0
667427,0
667428,0
667429,0
667430,0
667431,0
667432,23
667433,0
667434,0
667435,15
667436,0
667437,0
667438,0
667439,0
667440,0
667441,0
667442,0
667443,0
667444,35
667445,0
667446,0
667447,25
667448,17
667449,0
667450,0
667451,0
667452,0
667453,0
667454,0
667455,0
667456,0
667457,21
667458,0
667459,0
667460,0
667461,0
667462,0
667463,0
667464,0
667465,0
667466,0
667467,34
667468,0
667469,0
667470,0
667471,0
667472,0
667473,28
667474,0
667475,0
667476,0
667477,0
667478,0
667479,24
667480,0
667481,0
667482,19
667483,0
667484,27
667485,0
667486,24
667487,0
667488,0
667489,0
667490,0
667491,0
667492,0
667493,0
667494,0
667495,0
667496,0
667497,0
667498,0
667499,0
667500,0
667501,21
667502,0
667503,0
667504,0
667505,0
667506,0
667507,0
667508,0
667509,18
667510,0
667511,0
667512,0
667513,0
667514,0
667515,0
667516,0
667517,32
667518,0
667519,0
667520,0
667521,0
667522,17
667523,21
667524,0
667525,0
667526,0
667527,0
667528,0
667529,12
667530,0
667531,0
667532,0
667533,0
667534,0
667535,0
667536,40
667537,0
667538,0
667539,0
667540,0
667541,0
667542,0
667543,13
667544,0
667545,28
667546,0
667547,0
667548,0
667549,0
667550,0
667551,0
667552,0
667553,0
667554,0
667555,0
667556,0
667557,0
667558,0
667559,0
667560,0
667561,40
667562,0
667563,0
667564,0
667565,0
667566,0
667567,0
667568,0
667569,0
667570,20
667571,0
667572,0
667573,18
667574,0
667575,0
667576,0
667577,0
667578,0
667579,0
667580,15
667581,0
667582,0
667583,0
667584,0
667585,0
667586,0
667587,0
667588,0
667589,0
667590,17
667591,0
667592,0
667593,0
667594,16
667595,0
667596,22
667597,0
667598,18
667599,0
667600,0
667601,0
667602,0
667603,0
667604,0
667605,0
667606,0
667607,0
667608,0
667609,0
667610,0
667611,0
667612,0
667613,0
667614,0
667615,0
667616,12
667617,0
667618,0
667619,0
667620,0
667621,0
667622,0
667623,0
667624,0
667625,0
667626,0
667627,0
667628,0
667629,0
667630,0
667631,0
667632,0
667633,0
667634,0
667635,0
667636,14
667637,0
667638,0
667639,0
667640,17
667641,0
667642,0
667643,0
667644,12
667645,0
667646,0
667647,0
667648,0
667649,0
667650,0
667651,0
667652,0
667653,0
667654,0
667655,33
667656,0
667657,0
667658,16
667659,11
667660,0
667661,0
667662,0
667663,0
667664,23
667665,28
667666,0
667667,0
667668,0
667669,0
667670,26
667671,0
667672,0
667673,0
667674,31
667675,0
667676,0
667677,0
667678,9
667679,0
667680,0
667681,0
667682,0
667683,0
667684,0
667685,9
667686,0
667687,0
667688,0
667689,0
667690,0
667691,0
667692,0
667693,0
667694,0
667695,0
667696,0
667697,0
667698,12
667699,0
667700,0
667701,24
667702,0
667703,0
667704,21
667705,0
667706,20
667707,0
667708,0
667709,28
667710,0
667711,0
667712,0
667713,0
667714,0
667715,0
667716,0
667717,0
667718,0
667719,0
667720,0
667721,0
667722,20
667723,0
667724,18
667725,0
667726,27
667727,19
667728,0
667729,0
667730,34
667731,0
667732,0
667733,21
667734,0
667735,0
667736,29
667737,16
667738,0
667739,28
667740,0
667741,0
667742,0
667743,0
667744,0
667745,6
667746,0
667747,0
667748,0
667749,26
667750,0
667751,0
667752,0
667753,13
667754,0
667755,34
667756,28
667757,0
667758,0
667759,0
667760,0
667761,23
667762,0
667763,39
667764,0
667765,0
667766,0
667767,0
667768,0
667769,0
667770,0
667771,0
667772,0
667773,0
667774,0
667775,0
667776,0
667777,0
667778,0
667779,18
667780,0
667781,0
667782,0
667783,0
667784,0
667785,14
667786,0
667787,0
667788,0
667789,0
667790,0
667791,0
667792,0
667793,0
667794,0
667795,0
667796,0
667797,0
667798,0
667799,0
667800,0
667801,0
667802,0
667803,19
667804,18
667805,0
667806,0
667807,0
667808,0
667809,0
667810,0
667811,0
667812,0
667813,18
667814,20
667815,0
667816,0
667817,0
667818,0
667819,0
667820,18
667821,0
667822,0
667823,19
667824,0
667825,0
667826,0
667827,0
667828,0
667829,0
667830,46
667831,0
667832,0
667833,0
667834,0
667835,0
667836,0
667837,0
667838,0
667839,0
667840,0
667841,0
667842,0
667843,0
667844,35
667845,0
667846,0
667847,13
667848,0
667849,0
667850,0
667851,0
667852,0
667853,0
667854,0
667855,27
667856,0
667857,14
667858,0
667859,0
667860,0
667861,0
667862,0
667863,0
667864,0
667865,0
667866,0
667867,0
667868,0
667869,0
667870,20
667871,0
667872,33
667873,0
667874,0
667875,0
667876,13
667877,0
667878,0
667879,0
667880,0
667881,25
667882,0
667883,0
667884,0
667885,22
667886,23
667887,0
667888,17
667889,0
667890,0
667891,0
667892,0
667893,0
667894,10
667895,0
667896,0
667897,11
667898,0
667899,0
667900,0
667901,0
667902,13
667903,0
667904,0
667905,21
667906,0
667907,0
667908,0
667909,0
667910,0
667911,0
667912,21
667913,0
667914,0
667915,0
667916,19
667917,0
667918,0
667919,0
667920,15
667921,0
667922,0
667923,23
667924,12
667925,5
667926,0
667927,0
667928,15
667929,0
667930,12
667931,0
667932,0
667933,0
667934,0
667935,25
667936,0
667937,0
667938,0
667939,0
667940,22
667941,0
667942,29
667943,0
667944,0
667945,0
667946,0
667947,0
667948,16
667949,0
667950,0
667951,0
667952,20
667953,0
667954,0
667955,0
667956,0
667957,0
667958,0
667959,0
667960,0
667961,17
667962,14
667963,0
667964,0
667965,0
667966,0
667967,8
667968,0
667969,0
667970,0
667971,0
667972,0
667973,0
667974,0
667975,0
667976,19
667977,0
667978,0
667979,0
667980,24
667981,0
667982,11
667983,0
667984,0
667985,0
667986,0
667987,0
667988,0
667989,0
667990,0
667991,0
667992,0
667993,0
667994,0
667995,30
667996,23
667997,0
667998,0
667999,0
668000,0
668001,12
668002,23
668003,0
668004,19
668005,0
668006,0
668007,0
668008,0
668009,0
668010,0
668011,0
668012,0
668013,0
668014,9
668015,0
668016,0
668017,21
668018,0
668019,0
668020,0
668021,0
668022,0
668023,24
668024,0
668025,0
668026,0
668027,0
668028,0
668029,0
668030,0
668031,0
668032,0
668033,0
668034,0
668035,0
668036,0
668037,0
668038,0
668039,0
668040,0
668041,0
668042,0
668043,0
668044,0
668045,0
668046,0
668047,0
668048,0
668049,10
668050,0
668051,0
668052,0
668053,0
668054,0
668055,0
668056,0
668057,0
668058,0
668059,0
668060,0
668061,0
668062,0
668063,0
668064,0
668065,0
668066,0
668067,14
668068,0
668069,0
668070,0
668071,0
668072,0
668073,0
668074,0
668075,0
668076,0
668077,0
668078,0
668079,0
668080,0
668081,9
668082,0
668083,0
668084,0
668085,0
668086,0
668087,0
668088,0
668089,0
668090,0
668091,0
668092,0
668093,0
668094,0
668095,0
668096,0
668097,0
668098,0
668099,0
668100,0
668101,0
668102,0
668103,0
668104,0
668105,0
668106,5
668107,0
668108,0
668109,13
668110,0
668111,0
668112,9
668113,0
668114,0
668115,0
668116,0
668117,0
668118,0
668119,0
668120,0
668121,0
668122,0
668123,0
668124,0
668125,0
668126,12
668127,0
668128,0
668129,0
668130,12
668131,0
668132,0
668133,0
668134,0
668135,0
668136,0
668137,0
668138,0
668139,6
668140,0
668141,0
668142,0
668143,0
668144,0
668145,0
668146,10
668147,0
668148,0
668149,0
668150,0
668151,0
668152,0
668153,0
668154,0
668155,0
668156,0
668157,0
668158,0
668159,0
668160,8
668161,0
668162,0
668163,0
668164,0
668165,0
668166,9
668167,0
668168,0
668169,0
668170,0
668171,0
668172,0
668173,5
668174,0
668175,0
668176,0
668177,0
668178,0
668179,0
668180,0
668181,11
668182,0
668183,13
668184,0
668185,0
668186,10
668187,0
668188,4
668189,0
668190,0
668191,0
668192,0
668193,7
668194,0
668195,0
668196,0
668197,0
668198,0
668199,0
668200,0
668201,0
668202,0
668203,0
668204,0
668205,5
668206,11
668207,9
668208,0
668209,0
668210,0
668211,0
668212,0
668213,0
668214,0
668215,0
668216,0
668217,0
668218,0
668219,0
668220,7
668221,8
668222,0
668223,0
668224,0
668225,0
668226,0
668227,0
668228,0
668229,0
668230,0
668231,0
668232,0
668233,0
668234,0
668235,0
668236,0
668237,0
668238,0
668239,0
668240,0
668241,0
668242,0
668243,0
668244,0
668245,0
668246,0
668247,0
668248,0
668249,7
668250,0
668251,0
668252,0
668253,0
668254,0
668255,0
668256,0
668257,5
668258,0
668259,0
668260,0
668261,0
668262,2
668263,0
668264,0
668265,0
668266,0
668267,0
668268,15
668269,0
668270,0
668271,0
668272,0
668273,12
668274,0
668275,0
668276,0
668277,0
668278,0
668279,0
668280,0
668281,0
668282,0
668283,0
668284,0
668285,0
668286,0
668287,0
668288,0
668289,0
668290,0
668291,5
668292,0
668293,0
668294,0
668295,0
668296,0
668297,0
668298,0
668299,0
668300,0
668301,12
668302,0
668303,0
668304,0
668305,0
668306,0
668307,0
668308,14
668309,0
668310,0
668311,0
668312,0
668313,0
668314,0
668315,0
668316,0
668317,0
668318,0
668319,0
668320,0
668321,13
668322,0
668323,0
668324,0
668325,0
668326,0
668327,0
668328,0
668329,0
668330,0
668331,0
668332,0
668333,0
668334,0
668335,0
668336,0
668337,0
668338,0
668339,0
668340,0
668341,0
668342,0
668343,0
668344,0
668345,0
668346,0
668347,0
668348,0
668349,0
668350,0
668351,0
668352,3
668353,0
668354,0
668355,0
668356,0
668357,8
668358,0
668359,0
668360,0
668361,0
668362,0
668363,0
668364,0
668365,0
668366,0
668367,0
668368,0
668369,0
668370,0
668371,0
668372,0
668373,0
668374,0
668375,0
668376,0
668377,0
668378,0
668379,0
668380,0
668381,0
668382,0
668383,0
668384,0
668385,0
668386,0
668387,9
668388,0
668389,0
668390,0
668391,0
668392,0
668393,0
668394,0
668395,0
668396,0
668397,0
668398,0
668399,0
668400,0
668401,0
668402,0
668403,0
668404,0
668405,10
668406,0
668407,0
668408,0
668409,0
668410,0
668411,0
668412,0
668413,0
668414,0
668415,0
668416,0
668417,0
668418,0
668419,0
668420,0
668421,0
668422,0
668423,0
668424,0
668425,0
668426,0
668427,0
668428,0
668429,0
668430,0
668431,0
668432,0
668433,0
668434,0
668435,0
668436,0
668437,0
668438,0
668439,0
668440,0
668441,0
668442,17
668443,0
668444,0
668445,0
668446,0
668447,0
668448,0
668449,0
668450,0
668451,6
668452,0
668453,0
668454,0
668455,0
668456,0
668457,0
668458,0
668459,0
668460,0
668461,0
668462,0
668463,0
668464,7
668465,0
668466,0
668467,0
668468,0
668469,0
668470,0
668471,0
668472,8
668473,0
668474,0
668475,0
668476,0
668477,0
668478,0
668479,0
668480,0
668481,0
668482,0
668483,0
668484,0
668485,0
668486,0
668487,0
668488,0
668489,0
668490,0
668491,0
668492,0
668493,0
668494,0
668495,0
668496,0
668497,0
668498,0
668499,5
668500,0
668501,0
668502,0
668503,0
668504,0
668505,0
668506,0
668507,0
668508,0
668509,10
668510,0
668511,0
668512,0
668513,0
668514,0
668515,0
668516,0
668517,0
668518,0
668519,0
668520,0
668521,0
668522,0
668523,0
668524,0
668525,0
668526,0
668527,0
668528,0
668529,0
668530,0
668531,0
668532,0
668533,0
668534,5
668535,0
668536,0
668537,0
668538,0
668539,0
668540,0
668541,0
668542,0
668543,0
668544,0
668545,0
668546,0
668547,0
668548,0
668549,0
668550,9
668551,0
668552,0
668553,0
668554,0
668555,0
668556,0
668557,0
668558,0
668559,0
668560,0
668561,0
668562,0
668563,0
668564,0
668565,0
668566,0
668567,0
668568,0
668569,0
668570,0
668571,0
668572,0
668573,0
668574,0
668575,0
668576,0
668577,0
668578,0
668579,0
668580,9
668581,0
668582,0
668583,0
668584,0
668585,0
668586,0
668587,0
668588,0
668589,0
668590,0
668591,0
668592,0
668593,0
668594,0
668595,6
668596,0
668597,0
668598,14
668599,0
668600,0
668601,0
668602,0
668603,0
668604,0
668605,0
668606,9
668607,0
668608,0
668609,0
668610,0
668611,10
668612,0
668613,0
668614,0
668615,0
668616,0
668617,0
668618,0
668619,0
668620,0
668621,0
668622,0
668623,0
668624,0
668625,0
668626,0
668627,0
668628,0
668629,0
668630,0
668631,0
668632,14
668633,0
668634,0
668635,0
668636,0
668637,0
668638,0
668639,0
668640,0
668641,0
668642,0
668643,9
668644,0
668645,0
668646,0
668647,0
668648,0
668649,0
668650,0
668651,0
668652,0
668653,0
668654,0
668655,0
668656,0
668657,0
668658,0
668659,0
668660,0
668661,0
668662,0
668663,0
668664,0
668665,0
668666,0
668667,0
668668,0
668669,0
668670,0
668671,0
668672,12
668673,0
668674,0
668675,9
668676,0
668677,0
668678,0
668679,0
668680,0
668681,0
668682,0
668683,0
668684,0
668685,0
668686,0
668687,0
668688,7
668689,0
668690,0
668691,0
668692,12
668693,0
668694,0
668695,0
668696,0
668697,0
668698,10
668699,0
668700,0
668701,0
668702,0
668703,0
668704,0
668705,0
668706,0
668707,0
668708,0
668709,0
668710,0
668711,12
668712,0
668713,0
668714,0
668715,0
668716,0
668717,0
668718,0
668719,9
668720,0
668721,0
668722,0
668723,0
668724,0
668725,0
668726,0
668727,0
668728,0
668729,0
668730,0
668731,0
668732,0
668733,0
668734,0
668735,0
668736,0
668737,11
668738,12
668739,0
668740,0
668741,11
668742,0
668743,0
668744,0
668745,0
668746,8
668747,0
668748,0
668749,0
668750,0
668751,0
668752,0
668753,0
668754,0
668755,0
668756,0
668757,0
668758,0
668759,0
668760,0
668761,0
668762,7
668763,0
668764,0
668765,0
668766,0
668767,0
668768,0
668769,0
668770,0
668771,0
668772,0
668773,0
668774,0
668775,0
668776,0
668777,0
668778,0
668779,5
668780,0
668781,0
668782,0
668783,0
668784,0
668785,0
668786,0
668787,0
668788,0
668789,0
668790,0
668791,0
668792,0
668793,0
668794,0
668795,0
668796,0
668797,0
668798,0
668799,0
668800,0
668801,0
668802,0
668803,0
668804,0
668805,0
668806,0
668807,0
668808,0
668809,0
668810,0
668811,0
668812,0
668813,0
668814,0
668815,0
668816,0
668817,0
668818,0
668819,0
668820,6
668821,0
668822,0
668823,0
668824,0
668825,0
668826,0
668827,0
668828,0
668829,0
668830,0
668831,0
668832,0
668833,0
668834,0
668835,0
668836,0
668837,0
668838,0
668839,0
668840,0
668841,0
668842,0
668843,0
668844,0
668845,0
668846,0
668847,0
668848,0
668849,0
668850,0
668851,0
668852,0
668853,0
668854,0
668855,0
668856,0
668857,0
668858,0
668859,0
668860,0
668861,0
668862,0
668863,0
668864,0
668865,0
668866,0
668867,0
668868,0
668869,0
668870,0
668871,0
668872,0
668873,0
668874,0
668875,0
668876,0
668877,0
668878,0
668879,13
668880,0
668881,0
668882,0
668883,0
668884,0
668885,0
668886,0
668887,0
668888,0
668889,0
668890,0
668891,0
668892,0
668893,0
668894,0
668895,0
668896,0
668897,0
668898,0
668899,0
668900,0
668901,0
668902,0
668903,0
668904,0
668905,0
668906,0
668907,0
668908,0
668909,0
668910,0
668911,0
668912,0
668913,0
668914,0
668915,0
668916,0
668917,0
668918,0
668919,0
668920,0
668921,0
668922,0
668923,0
668924,0
668925,0
668926,0
668927,0
668928,0
668929,0
668930,0
668931,0
668932,0
668933,0
668934,0
668935,0
668936,0
668937,0
668938,0
668939,0
668940,0
668941,0
668942,16
668943,0
668944,0
668945,0
668946,0
668947,0
668948,0
668949,8
668950,0
668951,0
668952,0
668953,0
668954,0
668955,0
668956,0
668957,0
668958,0
668959,0
668960,0
668961,0
668962,0
668963,0
668964,0
668965,0
668966,0
668967,0
668968,0
668969,0
668970,0
668971,0
668972,0
668973,0
668974,0
668975,0
668976,0
668977,0
668978,0
668979,0
668980,0
668981,0
668982,8
668983,0
668984,0
668985,0
668986,0
668987,0
668988,0
668989,0
668990,0
668991,0
668992,0
668993,0
668994,0
668995,0
668996,0
668997,0
668998,0
668999,0
669000,0
669001,0
669002,0
669003,0
669004,0
669005,0
669006,0
669007,0
669008,0
669009,0
669010,0
669011,0
669012,14
669013,0
669014,0
669015,0
669016,0
669017,0
669018,0
669019,0
669020,0
669021,0
669022,0
669023,0
669024,0
669025,0
669026,0
669027,0
669028,0
669029,0
669030,0
669031,0
669032,0
669033,0
669034,0
669035,0
669036,0
669037,0
669038,0
669039,0
669040,0
669041,0
669042,0
669043,0
669044,10
669045,0
669046,0
669047,0
669048,0
669049,0
669050,0
669051,0
669052,0
669053,0
669054,0
669055,0
669056,0
669057,0
669058,11
669059,0
669060,0
669061,0
669062,0
669063,0
669064,0
669065,0
669066,0
669067,0
669068,0
669069,0
669070,0
669071,0
669072,0
669073,0
669074,0
669075,0
669076,0
669077,0
669078,0
669079,0
669080,0
669081,0
669082,0
669083,0
669084,0
669085,0
669086,0
669087,0
669088,0
669089,0
669090,0
669091,15
669092,0
669093,0
669094,0
669095,0
669096,0
669097,0
669098,0
669099,16
669100,0
669101,0
669102,0
669103,0
669104,0
669105,0
669106,0
669107,0
669108,0
669109,0
669110,0
669111,0
669112,7
669113,0
669114,0
669115,0
669116,0
669117,0
669118,0
669119,0
669120,0
669121,0
669122,0
669123,0
669124,0
669125,0
669126,15
669127,0
669128,10
669129,0
669130,0
669131,0
669132,0
669133,0
669134,0
669135,0
669136,0
669137,0
669138,0
669139,0
669140,0
669141,0
669142,0
669143,0
669144,0
669145,0
669146,14
669147,0
669148,0
669149,0
669150,0
669151,0
669152,0
669153,0
669154,0
669155,0
669156,0
669157,0
669158,0
669159,0
669160,0
669161,0
669162,0
669163,0
669164,0
669165,0
669166,0
669167,0
669168,0
669169,0
669170,0
669171,16
669172,0
669173,0
669174,0
669175,0
669176,0
669177,0
669178,0
669179,0
669180,0
669181,0
669182,0
669183,5
669184,0
669185,0
669186,0
669187,6
669188,0
669189,0
669190,7
669191,0
669192,0
669193,0
669194,0
669195,18
669196,0
669197,0
669198,0
669199,0
669200,0
669201,0
669202,0
669203,0
669204,0
669205,0
669206,0
669207,0
669208,6
669209,0
669210,0
669211,0
669212,0
669213,0
669214,0
669215,0
669216,0
669217,0
669218,0
669219,0
669220,0
669221,0
669222,0
669223,0
669224,0
669225,0
669226,0
669227,0
669228,0
669229,0
669230,0
669231,0
669232,16
669233,0
669234,0
669235,0
669236,0
669237,0
669238,0
669239,0
669240,0
669241,0
669242,0
669243,0
669244,0
669245,0
669246,0
669247,0
669248,0
669249,0
669250,0
669251,0
669252,0
669253,17
669254,0
669255,0
669256,0
669257,0
669258,0
669259,0
669260,0
669261,0
669262,0
669263,0
669264,19
669265,0
669266,0
669267,0
669268,0
669269,0
669270,6
669271,0
669272,12
669273,0
669274,18
669275,0
669276,0
669277,0
669278,0
669279,0
669280,0
669281,0
669282,0
669283,0
669284,0
669285,0
669286,0
669287,0
669288,0
669289,0
669290,0
669291,0
669292,9
669293,3
669294,0
669295,0
669296,0
669297,0
669298,0
669299,0
669300,0
669301,0
669302,0
669303,0
669304,0
669305,0
669306,0
669307,0
669308,0
669309,0
669310,0
669311,0
669312,0
669313,0
669314,0
669315,0
669316,0
669317,0
669318,0
669319,0
669320,0
669321,0
669322,0
669323,0
669324,21
669325,0
669326,13
669327,0
669328,9
669329,0
669330,0
669331,20
669332,0
669333,0
669334,0
669335,0
669336,0
669337,0
669338,0
669339,0
669340,0
669341,0
669342,0
669343,0
669344,0
669345,0
669346,0
669347,0
669348,0
669349,0
669350,0
669351,0
669352,0
669353,19
669354,0
669355,0
669356,0
669357,0
669358,0
669359,0
669360,0
669361,0
669362,0
669363,0
669364,0
669365,0
669366,0
669367,0
669368,0
669369,0
669370,0
669371,22
669372,0
669373,0
669374,0
669375,0
669376,0
669377,0
669378,0
669379,0
669380,0
669381,0
669382,0
669383,0
669384,8
669385,0
669386,0
669387,0
669388,5
669389,0
669390,0
669391,0
669392,0
669393,0
669394,0
669395,0
669396,0
669397,0
669398,0
669399,0
669400,0
669401,0
669402,0
669403,0
669404,0
669405,0
669406,0
669407,15
669408,0
669409,0
669410,0
669411,0
669412,0
669413,0
669414,18
669415,0
669416,0
669417,0
669418,0
669419,0
669420,0
669421,0
669422,0
669423,0
669424,0
669425,0
669426,0
669427,0
669428,0
669429,21
669430,0
669431,0
669432,0
669433,0
669434,0
669435,0
669436,10
669437,0
669438,0
669439,0
669440,0
669441,0
669442,0
669443,11
669444,0
669445,0
669446,0
669447,0
669448,0
669449,0
669450,0
669451,0
669452,0
669453,0
669454,0
669455,0
669456,0
669457,0
669458,0
669459,0
669460,0
669461,13
669462,0
669463,0
669464,0
669465,0
669466,0
669467,0
669468,10
669469,0
669470,0
669471,0
669472,0
669473,0
669474,0
669475,0
669476,0
669477,0
669478,0
669479,0
669480,0
669481,0
669482,0
669483,0
669484,0
669485,0
669486,10
669487,0
669488,0
669489,0
669490,0
669491,0
669492,16
669493,0
669494,19
669495,0
669496,15
669497,0
669498,0
669499,0
669500,19
669501,0
669502,0
669503,0
669504,0
669505,0
669506,0
669507,0
669508,0
669509,0
669510,0
669511,0
669512,15
669513,0
669514,0
669515,0
669516,0
669517,0
669518,0
669519,0
669520,0
669521,0
669522,0
669523,0
669524,0
669525,12
669526,13
669527,0
669528,0
669529,23
669530,0
669531,0
669532,0
669533,0
669534,0
669535,0
669536,0
669537,0
669538,0
669539,0
669540,0
669541,0
669542,0
669543,0
669544,0
669545,0
669546,0
669547,0
669548,0
669549,0
669550,0
669551,0
669552,0
669553,16
669554,10
669555,0
669556,0
669557,0
669558,0
669559,25
669560,0
669561,0
669562,0
669563,0
669564,0
669565,0
669566,0
669567,0
669568,0
669569,0
669570,0
669571,0
669572,0
669573,14
669574,0
669575,0
669576,0
669577,0
669578,0
669579,0
669580,0
669581,23
669582,0
669583,0
669584,20
669585,0
669586,0
669587,0
669588,0
669589,0
669590,0
669591,0
669592,0
669593,0
669594,0
669595,0
669596,0
669597,0
669598,0
669599,0
669600,0
669601,0
669602,0
669603,20
669604,0
669605,0
669606,13
669607,0
669608,0
669609,0
669610,0
669611,0
669612,0
669613,0
669614,0
669615,0
669616,0
669617,0
669618,0
669619,0
669620,0
669621,0
669622,0
669623,0
669624,0
669625,0
669626,0
669627,0
669628,0
669629,0
669630,0
669631,0
669632,0
669633,0
669634,0
669635,0
669636,17
669637,0
669638,0
669639,0
669640,0
669641,0
669642,0
669643,0
669644,0
669645,0
669646,0
669647,0
669648,0
669649,0
669650,0
669651,0
669652,0
669653,0
669654,0
669655,0
669656,0
669657,0
669658,0
669659,0
669660,16
669661,0
669662,0
669663,13
669664,0
669665,0
669666,0
669667,0
669668,0
669669,0
669670,0
669671,0
669672,0
669673,0
669674,0
669675,0
669676,0
669677,0
669678,0
669679,0
669680,0
669681,0
669682,0
669683,0
669684,0
669685,0
669686,0
669687,0
669688,0
669689,0
669690,0
669691,0
669692,0
669693,0
669694,0
669695,0
669696,0
669697,0
669698,0
669699,0
669700,0
669701,0
669702,0
669703,0
669704,0
669705,0
669706,0
669707,11
669708,0
669709,0
669710,0
669711,0
669712,0
669713,0
669714,0
669715,0
669716,0
669717,0
669718,0
669719,0
669720,0
669721,0
669722,0
669723,0
669724,11
669725,0
669726,0
669727,0
669728,0
669729,18
669730,0
669731,0
669732,0
669733,0
669734,20
669735,0
669736,0
669737,14
669738,17
669739,0
669740,0
669741,0
669742,0
669743,0
669744,0
669745,0
669746,0
669747,16
669748,0
669749,0
669750,0
669751,0
669752,0
669753,0
669754,0
669755,0
669756,0
669757,0
669758,0
669759,0
669760,0
669761,0
669762,0
669763,0
669764,0
669765,0
669766,0
669767,0
669768,0
669769,0
669770,0
669771,0
669772,0
669773,0
669774,0
669775,0
669776,0
669777,0
669778,0
669779,0
669780,0
669781,0
669782,0
669783,0
669784,0
669785,0
669786,0
669787,0
669788,0
669789,0
669790,0
669791,0
669792,0
669793,0
669794,0
669795,0
669796,0
669797,0
669798,0
669799,0
669800,0
669801,0
669802,0
669803,0
669804,0
669805,0
669806,0
669807,0
669808,0
669809,0
669810,0
669811,0
669812,0
669813,9
669814,0
669815,0
669816,0
669817,0
669818,0
669819,0
669820,0
669821,0
669822,0
669823,0
669824,0
669825,0
669826,0
669827,19
669828,0
669829,0
669830,0
669831,0
669832,0
669833,0
669834,0
669835,0
669836,0
669837,0
669838,0
669839,0
669840,0
669841,0
669842,0
669843,0
669844,0
669845,0
669846,0
669847,0
669848,0
669849,0
669850,0
669851,0
669852,0
669853,0
669854,0
669855,0
669856,0
669857,0
669858,0
669859,0
669860,0
669861,0
669862,0
669863,0
669864,0
669865,0
669866,0
669867,0
669868,0
669869,0
669870,0
669871,0
669872,0
669873,0
669874,0
669875,0
669876,0
669877,0
669878,0
669879,0
669880,0
669881,0
669882,0
669883,0
669884,0
669885,0
669886,0
669887,0
669888,0
669889,0
669890,0
669891,0
669892,0
669893,0
669894,0
669895,0
669896,0
669897,0
669898,0
669899,0
669900,0
669901,0
669902,0
669903,0
669904,0
669905,16
669906,0
669907,0
669908,0
669909,14
669910,0
669911,0
669912,0
669913,0
669914,0
669915,0
669916,0
669917,0
669918,0
669919,0
669920,23
669921,0
669922,0
669923,0
669924,0
669925,0
669926,0
669927,0
669928,11
669929,0
669930,16
669931,0
669932,0
669933,0
669934,0
669935,0
669936,0
669937,0
669938,0
669939,0
669940,0
669941,0
669942,0
669943,0
669944,0
669945,0
669946,0
669947,0
669948,20
669949,0
669950,0
669951,0
669952,0
669953,0
669954,0
669955,0
669956,0
669957,0
669958,0
669959,0
669960,0
669961,0
669962,0
669963,0
669964,0
669965,0
669966,0
669967,0
669968,0
669969,0
669970,0
669971,0
669972,0
669973,0
669974,0
669975,0
669976,0
669977,0
669978,16
669979,0
669980,0
669981,0
669982,0
669983,0
669984,0
669985,0
669986,0
669987,0
669988,0
669989,0
669990,0
669991,17
669992,0
669993,0
669994,0
669995,0
669996,0
669997,0
669998,0
669999,0
670000,0
670001,0
670002,0
670003,0
670004,0
670005,16
670006,0
670007,0
670008,0
670009,0
670010,0
670011,0
670012,0
670013,0
670014,0
670015,0
670016,0
670017,0
670018,0
670019,0
670020,0
670021,0
670022,0
670023,0
670024,0
670025,0
670026,0
670027,0
670028,0
670029,0
670030,0
670031,0
670032,0
670033,0
670034,0
670035,0
670036,10
670037,0
670038,19
670039,0
670040,0
670041,0
670042,0
670043,0
670044,0
670045,0
670046,0
670047,0
670048,0
670049,14
670050,0
670051,0
670052,0
670053,0
670054,0
670055,0
670056,0
670057,0
670058,0
670059,0
670060,0
670061,0
670062,0
670063,0
670064,0
670065,0
670066,0
670067,0
670068,15
670069,0
670070,0
670071,0
670072,0
670073,0
670074,0
670075,0
670076,0
670077,0
670078,0
670079,0
670080,0
670081,0
670082,0
670083,16
670084,0
670085,0
670086,0
670087,0
670088,0
670089,0
670090,0
670091,0
670092,0
670093,0
670094,0
670095,9
670096,0
670097,0
670098,0
670099,0
670100,0
670101,0
670102,0
670103,0
670104,0
670105,0
670106,0
670107,0
670108,0
670109,0
670110,0
670111,0
670112,0
670113,0
670114,0
670115,8
670116,0
670117,0
670118,0
670119,0
670120,17
670121,23
670122,0
670123,0
670124,0
670125,0
670126,0
670127,0
670128,0
670129,0
670130,0
670131,0
670132,0
670133,0
670134,0
670135,0
670136,0
670137,0
670138,0
670139,0
670140,0
670141,20
670142,0
670143,0
670144,0
670145,0
670146,0
670147,0
670148,0
670149,0
670150,0
670151,0
670152,0
670153,0
670154,0
670155,15
670156,0
670157,0
670158,0
670159,0
670160,0
670161,0
670162,0
670163,0
670164,0
670165,0
670166,0
670167,0
670168,0
670169,0
670170,0
670171,0
670172,0
670173,0
670174,0
670175,0
670176,0
670177,0
670178,0
670179,0
670180,0
670181,0
670182,13
670183,0
670184,0
670185,0
670186,0
670187,0
670188,0
670189,12
670190,0
670191,0
670192,0
670193,0
670194,0
670195,0
670196,27
670197,0
670198,0
670199,0
670200,0
670201,0
670202,0
670203,0
670204,0
670205,26
670206,0
670207,0
670208,0
670209,0
670210,26
670211,0
670212,0
670213,0
670214,0
670215,0
670216,0
670217,0
670218,0
670219,0
670220,20
670221,0
670222,0
670223,0
670224,0
670225,0
670226,0
670227,11
670228,19
670229,0
670230,0
670231,0
670232,0
670233,0
670234,0
670235,17
670236,0
670237,0
670238,20
670239,0
670240,0
670241,0
670242,0
670243,0
670244,18
670245,16
670246,0
670247,14
670248,0
670249,0
670250,0
670251,0
670252,0
670253,0
670254,0
670255,0
670256,0
670257,0
670258,0
670259,0
670260,0
670261,0
670262,0
670263,0
670264,0
670265,0
670266,0
670267,0
670268,0
670269,0
670270,0
670271,0
670272,0
670273,0
670274,0
670275,0
670276,0
670277,0
670278,13
670279,0
670280,12
670281,0
670282,0
670283,0
670284,0
670285,0
670286,0
670287,0
670288,0
670289,0
670290,0
670291,0
670292,0
670293,0
670294,13
670295,0
670296,0
670297,19
670298,0
670299,0
670300,0
670301,0
670302,0
670303,0
670304,0
670305,16
670306,0
670307,0
670308,0
670309,0
670310,0
670311,0
670312,0
670313,0
670314,0
670315,0
670316,0
670317,0
670318,0
670319,0
670320,0
670321,0
670322,0
670323,0
670324,0
670325,0
670326,24
670327,0
670328,0
670329,0
670330,0
670331,0
670332,0
670333,0
670334,0
670335,0
670336,0
670337,0
670338,0
670339,0
670340,0
670341,0
670342,19
670343,0
670344,0
670345,0
670346,0
670347,0
670348,0
670349,0
670350,0
670351,33
670352,0
670353,0
670354,24
670355,0
670356,0
670357,16
670358,39
670359,24
670360,0
670361,18
670362,0
670363,0
670364,0
670365,26
670366,0
670367,14
670368,0
670369,0
670370,15
670371,0
670372,0
670373,17
670374,0
670375,0
670376,0
670377,10
670378,0
670379,0
670380,0
670381,0
670382,0
670383,0
670384,0
670385,0
670386,0
670387,0
670388,0
670389,0
670390,0
670391,0
670392,26
670393,0
670394,0
670395,0
670396,0
670397,0
670398,0
670399,0
670400,0
670401,0
670402,0
670403,26
670404,0
670405,0
670406,23
670407,0
670408,0
670409,0
670410,0
670411,0
670412,0
670413,0
670414,20
670415,0
670416,0
670417,0
670418,0
670419,0
670420,4
670421,0
670422,0
670423,0
670424,0
670425,0
670426,0
670427,0
670428,0
670429,27
670430,0
670431,0
670432,0
670433,21
670434,0
670435,0
670436,0
670437,0
670438,0
670439,0
670440,30
670441,0
670442,0
670443,8
670444,0
670445,0
670446,0
670447,0
670448,0
670449,17
670450,0
670451,0
670452,20
670453,0
670454,0
670455,0
670456,0
670457,0
670458,0
670459,0
670460,0
670461,20
670462,0
670463,0
670464,0
670465,0
670466,0
670467,0
670468,0
670469,24
670470,0
670471,0
670472,21
670473,0
670474,0
670475,0
670476,0
670477,0
670478,0
670479,0
670480,0
670481,0
670482,0
670483,0
670484,16
670485,0
670486,0
670487,0
670488,0
670489,0
670490,0
670491,0
670492,0
670493,0
670494,0
670495,17
670496,0
670497,0
670498,0
670499,0
670500,0
670501,0
670502,0
670503,25
670504,0
670505,0
670506,0
670507,0
670508,0
670509,24
670510,0
670511,16
670512,0
670513,0
670514,0
670515,0
670516,0
670517,0
670518,0
670519,0
670520,15
670521,0
670522,0
670523,29
670524,0
670525,0
670526,0
670527,31
670528,0
670529,0
670530,0
670531,0
670532,0
670533,0
670534,0
670535,0
670536,0
670537,0
670538,0
670539,20
670540,0
670541,0
670542,0
670543,0
670544,0
670545,0
670546,0
670547,0
670548,0
670549,0
670550,0
670551,0
670552,0
670553,0
670554,0
670555,0
670556,6
670557,0
670558,0
670559,0
670560,0
670561,0
670562,20
670563,18
670564,0
670565,0
670566,0
670567,27
670568,0
670569,0
670570,0
670571,0
670572,0
670573,0
670574,0
670575,0
670576,22
670577,23
670578,0
670579,0
670580,0
670581,0
670582,0
670583,0
670584,0
670585,0
670586,0
670587,0
670588,0
670589,0
670590,0
670591,0
670592,13
670593,0
670594,0
670595,0
670596,0
670597,0
670598,0
670599,0
670600,10
670601,32
670602,12
670603,0
670604,0
670605,20
670606,0
670607,0
670608,0
670609,0
670610,0
670611,0
670612,0
670613,14
670614,25
670615,26
670616,0
670617,0
670618,0
670619,22
670620,27
670621,0
670622,20
670623,22
670624,0
670625,0
670626,0
670627,0
670628,0
670629,0
670630,0
670631,0
670632,0
670633,32
670634,16
670635,0
670636,0
670637,0
670638,45
670639,0
670640,0
670641,0
670642,0
670643,0
670644,0
670645,0
670646,0
670647,0
670648,0
670649,25
670650,25
670651,0
670652,0
670653,0
670654,0
670655,23
670656,0
670657,0
670658,0
670659,0
670660,0
670661,22
670662,0
670663,0
670664,0
670665,0
670666,0
670667,0
670668,0
670669,0
670670,0
670671,0
670672,0
670673,0
670674,0
670675,0
670676,0
670677,0
670678,0
670679,26
670680,0
670681,0
670682,0
670683,0
670684,0
670685,25
670686,0
670687,0
670688,26
670689,0
670690,0
670691,0
670692,40
670693,0
670694,0
670695,0
670696,0
670697,0
670698,20
670699,0
670700,0
670701,0
670702,0
670703,0
670704,0
670705,0
670706,0
670707,27
670708,0
670709,15
670710,0
670711,0
670712,0
670713,0
670714,0
670715,0
670716,0
670717,0
670718,0
670719,0
670720,0
670721,0
670722,0
670723,0
670724,0
670725,0
670726,0
670727,0
670728,0
670729,0
670730,0
670731,0
670732,0
670733,0
670734,0
670735,0
670736,0
670737,0
670738,32
670739,0
670740,0
670741,0
670742,0
670743,26
670744,0
670745,0
670746,0
670747,0
670748,19
670749,0
670750,27
670751,27
670752,0
670753,13
670754,0
670755,0
670756,0
670757,0
670758,25
670759,0
670760,0
670761,0
670762,0
670763,0
670764,16
670765,0
670766,22
670767,0
670768,0
670769,0
670770,0
670771,0
670772,0
670773,0
670774,0
670775,0
670776,15
670777,0
670778,0
670779,17
670780,0
670781,0
670782,0
670783,13
670784,0
670785,0
670786,35
670787,0
670788,25
670789,0
670790,0
670791,0
670792,0
670793,0
670794,0
670795,23
670796,21
670797,0
670798,0
670799,0
670800,19
670801,0
670802,0
670803,0
670804,0
670805,0
670806,0
670807,26
670808,0
670809,0
670810,16
670811,0
670812,0
670813,0
670814,0
670815,0
670816,0
670817,0
670818,14
670819,0
670820,0
670821,0
670822,0
670823,0
670824,0
670825,0
670826,0
670827,0
670828,0
670829,0
670830,0
670831,0
670832,0
670833,0
670834,0
670835,0
670836,0
670837,0
670838,0
670839,0
670840,0
670841,0
670842,0
670843,0
670844,0
670845,29
670846,0
670847,0
670848,18
670849,27
670850,0
670851,0
670852,0
670853,0
670854,0
670855,0
670856,0
670857,0
670858,0
670859,0
670860,0
670861,24
670862,22
670863,0
670864,5
670865,12
670866,0
670867,0
670868,0
670869,8
670870,0
670871,0
670872,10
670873,0
670874,6
670875,13
670876,11
670877,0
670878,0
670879,0
670880,0
670881,11
670882,0
670883,0
670884,29
670885,0
670886,0
670887,0
670888,0
670889,0
670890,0
670891,5
670892,0
670893,0
670894,0
670895,0
670896,0
670897,13
670898,0
670899,0
670900,0
670901,0
670902,0
670903,0
670904,0
670905,0
670906,0
670907,0
670908,0
670909,9
670910,0
670911,10
670912,0
670913,5
670914,0
670915,0
670916,0
670917,0
670918,0
670919,0
670920,0
670921,0
670922,0
670923,0
670924,0
670925,0
670926,0
670927,0
670928,0
670929,0
670930,0
670931,0
670932,0
670933,8
670934,0
670935,0
670936,0
670937,0
670938,0
670939,0
670940,0
670941,0
670942,0
670943,0
670944,0
670945,0
670946,0
670947,0
670948,0
670949,0
670950,13
670951,6
670952,0
670953,0
670954,0
670955,0
670956,6
670957,0
670958,0
670959,0
670960,0
670961,0
670962,0
670963,11
670964,0
670965,0
670966,0
670967,0
670968,0
670969,0
670970,0
670971,18
670972,0
670973,0
670974,0
670975,0
670976,0
670977,9
670978,0
670979,9
670980,10
670981,0
670982,0
670983,0
670984,0
670985,0
670986,0
670987,0
670988,0
670989,6
670990,0
670991,13
670992,11
670993,0
670994,0
670995,0
670996,0
670997,4
670998,0
670999,13
671000,0
671001,0
671002,0
671003,0
671004,9
671005,0
671006,0
671007,0
671008,12
671009,0
671010,0
671011,0
671012,0
671013,0
671014,0
671015,14
671016,0
671017,0
671018,0
671019,0
671020,0
671021,0
671022,0
671023,0
671024,0
671025,0
671026,0
671027,0
671028,15
671029,0
671030,0
671031,12
671032,0
671033,0
671034,0
671035,0
671036,0
671037,0
671038,0
671039,0
671040,0
671041,0
671042,0
671043,0
671044,0
671045,11
671046,14
671047,0
671048,0
671049,0
671050,0
671051,0
671052,0
671053,0
671054,0
671055,0
671056,14
671057,0
671058,0
671059,0
671060,0
671061,9
671062,0
671063,16
671064,0
671065,0
671066,0
671067,0
671068,0
671069,0
671070,22
671071,0
671072,7
671073,7
671074,13
671075,0
671076,0
671077,0
671078,0
671079,0
671080,0
671081,0
671082,0
671083,0
671084,0
671085,11
671086,0
671087,7
671088,9
671089,0
671090,7
671091,0
671092,7
671093,0
671094,0
671095,0
671096,0
671097,0
671098,12
671099,0
671100,0
671101,15
671102,0
671103,0
671104,0
671105,0
671106,0
671107,0
671108,0
671109,0
671110,0
671111,0
671112,0
671113,11
671114,0
671115,0
671116,0
671117,0
671118,0
671119,0
671120,8
671121,0
671122,0
671123,4
671124,0
671125,0
671126,0
671127,0
671128,5
671129,0
671130,0
671131,0
671132,10
671133,0
671134,0
671135,0
671136,0
671137,5
671138,0
671139,0
671140,8
671141,0
671142,0
671143,0
671144,10
671145,0
671146,0
671147,0
671148,0
671149,0
671150,0
671151,0
671152,0
671153,0
671154,0
671155,0
671156,12
671157,0
671158,0
671159,0
671160,0
671161,0
671162,0
671163,10
671164,0
671165,0
671166,0
671167,15
671168,13
671169,0
671170,0
671171,0
671172,0
671173,0
671174,0
671175,10
671176,0
671177,0
671178,0
671179,0
671180,0
671181,0
671182,0
671183,0
671184,0
671185,0
671186,0
671187,0
671188,0
671189,5
671190,0
671191,0
671192,0
671193,0
671194,12
671195,0
671196,0
671197,11
671198,12
671199,0
671200,0
671201,0
671202,0
671203,0
671204,0
671205,0
671206,0
671207,0
671208,22
671209,0
671210,0
671211,0
671212,0
671213,9
671214,0
671215,0
671216,0
671217,0
671218,0
671219,12
671220,5
671221,5
671222,0
671223,12
671224,0
671225,13
671226,0
671227,0
671228,0
671229,0
671230,0
671231,0
671232,0
671233,0
671234,0
671235,0
671236,0
671237,0
671238,11
671239,8
671240,17
671241,0
671242,0
671243,4
671244,0
671245,0
671246,0
671247,0
671248,0
671249,0
671250,17
671251,0
671252,0
671253,0
671254,0
671255,0
671256,0
671257,0
671258,0
671259,0
671260,0
671261,0
671262,0
671263,0
671264,0
671265,8
671266,0
671267,0
671268,0
671269,0
671270,0
671271,0
671272,10
671273,0
671274,0
671275,0
671276,9
671277,9
671278,0
671279,0
671280,0
671281,0
671282,0
671283,0
671284,0
671285,0
671286,0
671287,0
671288,0
671289,0
671290,4
671291,0
671292,0
671293,0
671294,0
671295,0
671296,0
671297,0
671298,0
671299,16
671300,0
671301,0
671302,0
671303,0
671304,0
671305,0
671306,0
671307,11
671308,0
671309,0
671310,17
671311,0
671312,0
671313,0
671314,0
671315,9
671316,0
671317,9
671318,0
671319,0
671320,0
671321,0
671322,0
671323,0
671324,0
671325,0
671326,0
671327,0
671328,0
671329,0
671330,0
671331,0
671332,0
671333,15
671334,15
671335,0
671336,20
671337,0
671338,10
671339,0
671340,0
671341,18
671342,19
671343,0
671344,0
671345,0
671346,0
671347,20
671348,0
671349,0
671350,0
671351,0
671352,0
671353,0
671354,0
671355,0
671356,0
671357,0
671358,0
671359,11
671360,0
671361,16
671362,24
671363,16
671364,0
671365,10
671366,0
671367,0
671368,0
671369,17
671370,0
671371,9
671372,14
671373,0
671374,0
671375,0
671376,0
671377,0
671378,0
671379,0
671380,15
671381,0
671382,0
671383,0
671384,0
671385,5
671386,0
671387,7
671388,0
671389,0
671390,0
671391,0
671392,0
671393,0
671394,0
671395,0
671396,0
671397,12
671398,0
671399,17
671400,7
671401,0
671402,0
671403,0
671404,0
671405,5
671406,0
671407,12
671408,0
671409,0
671410,0
671411,0
671412,0
671413,0
671414,18
671415,0
671416,0
671417,0
671418,0
671419,0
671420,0
671421,0
671422,8
671423,0
671424,0
671425,0
671426,0
671427,0
671428,0
671429,0
671430,13
671431,0
671432,0
671433,0
671434,0
671435,0
671436,0
671437,0
671438,0
671439,0
671440,0
671441,21
671442,0
671443,0
671444,0
671445,0
671446,0
671447,0
671448,0
671449,15
671450,12
671451,0
671452,14
671453,0
671454,0
671455,8
671456,12
671457,0
671458,9
671459,0
671460,13
671461,8
671462,0
671463,0
671464,0
671465,0
671466,16
671467,14
671468,20
671469,0
671470,0
671471,0
671472,0
671473,5
671474,0
671475,0
671476,0
671477,0
671478,14
671479,0
671480,0
671481,0
671482,22
671483,11
671484,0
671485,19
671486,0
671487,0
671488,0
671489,0
671490,0
671491,0
671492,0
671493,0
671494,0
671495,0
671496,0
671497,0
671498,0
671499,9
671500,16
671501,17
671502,0
671503,11
671504,0
671505,14
671506,10
671507,0
671508,11
671509,11
671510,0
671511,0
671512,0
671513,0
671514,0
671515,0
671516,16
671517,0
671518,0
671519,0
671520,8
671521,0
671522,0
671523,0
671524,0
671525,19
671526,0
671527,0
671528,0
671529,7
671530,15
671531,0
671532,0
671533,0
671534,0
671535,0
671536,10
671537,0
671538,0
671539,0
671540,0
671541,0
671542,0
671543,12
671544,0
671545,10
671546,0
671547,0
671548,0
671549,0
671550,11
671551,0
671552,0
671553,0
671554,0
671555,0
671556,0
671557,0
671558,0
671559,0
671560,9
671561,0
671562,0
671563,0
671564,7
671565,0
671566,0
671567,0
671568,24
671569,0
671570,0
671571,0
671572,10
671573,10
671574,18
671575,0
671576,10
671577,0
671578,0
671579,11
671580,0
671581,0
671582,0
671583,0
671584,0
671585,0
671586,0
671587,15
671588,0
671589,0
671590,15
671591,0
671592,0
671593,0
671594,0
671595,21
671596,0
671597,16
671598,24
671599,0
671600,28
671601,0
671602,16
671603,0
671604,0
671605,10
671606,0
671607,0
671608,0
671609,6
671610,0
671611,14
671612,0
671613,0
671614,0
671615,0
671616,16
671617,17
671618,0
671619,0
671620,0
671621,0
671622,8
671623,0
671624,5
671625,0
671626,0
671627,0
671628,11
671629,0
671630,14
671631,0
671632,0
671633,0
671634,0
671635,0
671636,0
671637,0
671638,0
671639,0
671640,15
671641,14
671642,10
671643,0
671644,0
671645,0
671646,0
671647,0
671648,0
671649,0
671650,0
671651,0
671652,11
671653,0
671654,0
671655,0
671656,17
671657,0
671658,7
671659,12
671660,20
671661,0
671662,14
671663,17
671664,15
671665,9
671666,0
671667,0
671668,0
671669,0
671670,0
671671,0
671672,28
671673,0
671674,0
671675,0
671676,0
671677,45
671678,0
671679,0
671680,0
671681,0
671682,0
671683,0
671684,0
671685,14
671686,30
671687,0
671688,0
671689,0
671690,29
671691,0
671692,0
671693,0
671694,0
671695,0
671696,0
671697,0
671698,37
671699,0
671700,0
671701,40
671702,0
671703,0
671704,0
671705,0
671706,0
671707,0
671708,0
671709,0
671710,0
671711,0
671712,0
671713,0
671714,0
671715,0
671716,0
671717,0
671718,0
671719,0
671720,0
671721,0
671722,0
671723,0
671724,0
671725,0
671726,0
671727,0
671728,0
671729,0
671730,0
671731,0
671732,0
671733,47
671734,0
671735,0
671736,0
671737,0
671738,0
671739,0
671740,0
671741,0
671742,0
671743,0
671744,0
671745,0
671746,0
671747,0
671748,0
671749,0
671750,0
671751,0
671752,0
671753,0
671754,28
671755,0
671756,0
671757,0
671758,0
671759,0
671760,0
671761,36
671762,43
671763,0
671764,0
671765,0
671766,47
671767,0
671768,0
671769,0
671770,34
671771,19
671772,0
671773,0
671774,0
671775,0
671776,0
671777,0
671778,0
671779,0
671780,0
671781,0
671782,0
671783,42
671784,0
671785,0
671786,0
671787,0
671788,29
671789,0
671790,0
671791,0
671792,0
671793,0
671794,0
671795,0
671796,0
671797,0
671798,0
671799,0
671800,0
671801,0
671802,0
671803,0
671804,0
671805,0
671806,0
671807,0
671808,0
671809,0
671810,29
671811,0
671812,0
671813,0
671814,0
671815,0
671816,0
671817,0
671818,38
671819,0
671820,39
671821,0
671822,25
671823,0
671824,0
671825,0
671826,0
671827,0
671828,0
671829,0
671830,0
671831,0
671832,0
671833,40
671834,0
671835,0
671836,0
671837,0
671838,0
671839,0
671840,0
671841,0
671842,0
671843,0
671844,0
671845,0
671846,24
671847,0
671848,32
671849,0
671850,0
671851,0
671852,0
671853,0
671854,0
671855,0
671856,23
671857,0
671858,0
671859,0
671860,0
671861,0
671862,0
671863,0
671864,61
671865,0
671866,0
671867,0
671868,0
671869,0
671870,0
671871,0
671872,0
671873,0
671874,0
671875,0
671876,0
671877,0
671878,0
671879,0
671880,0
671881,38
671882,0
671883,0
671884,31
671885,0
671886,33
671887,0
671888,0
671889,0
671890,43
671891,0
671892,0
671893,0
671894,0
671895,0
671896,0
671897,0
671898,0
671899,0
671900,0
671901,0
671902,0
671903,0
671904,0
671905,0
671906,0
671907,0
671908,0
671909,0
671910,0
671911,0
671912,0
671913,0
671914,0
671915,0
671916,29
671917,0
671918,0
671919,0
671920,0
671921,0
671922,0
671923,0
671924,16
671925,0
671926,0
671927,0
671928,0
671929,0
671930,0
671931,0
671932,57
671933,0
671934,19
671935,0
671936,0
671937,0
671938,49
671939,0
671940,0
671941,0
671942,0
671943,0
671944,0
671945,0
671946,0
671947,0
671948,0
671949,0
671950,0
671951,0
671952,0
671953,0
671954,0
671955,0
671956,0
671957,0
671958,0
671959,0
671960,0
671961,0
671962,0
671963,0
671964,0
671965,0
671966,0
671967,0
671968,0
671969,0
671970,0
671971,0
671972,0
671973,27
671974,0
671975,0
671976,0
671977,0
671978,0
671979,0
671980,0
671981,34
671982,0
671983,0
671984,0
671985,0
671986,0
671987,0
671988,0
671989,0
671990,0
671991,28
671992,43
671993,0
671994,0
671995,0
671996,0
671997,0
671998,0
671999,0
672000,0
672001,43
672002,0
672003,0
672004,0
672005,0
672006,0
672007,0
672008,34
672009,0
672010,0
672011,0
672012,0
672013,0
672014,0
672015,0
672016,0
672017,0
672018,0
672019,0
672020,0
672021,0
672022,0
672023,34
672024,0
672025,0
672026,0
672027,60
672028,0
672029,0
672030,0
672031,0
672032,39
672033,52
672034,0
672035,0
672036,0
672037,0
672038,0
672039,0
672040,0
672041,0
672042,0
672043,0
672044,0
672045,0
672046,0
672047,44
672048,0
672049,0
672050,0
672051,0
672052,0
672053,0
672054,0
672055,0
672056,0
672057,54
672058,0
672059,0
672060,0
672061,0
672062,0
672063,0
672064,0
672065,0
672066,21
672067,0
672068,0
672069,0
672070,0
672071,0
672072,0
672073,0
672074,0
672075,0
672076,0
672077,0
672078,0
672079,0
672080,0
672081,0
672082,0
672083,0
672084,0
672085,0
672086,0
672087,32
672088,0
672089,0
672090,0
672091,0
672092,0
672093,0
672094,0
672095,0
672096,43
672097,0
672098,0
672099,0
672100,0
672101,0
672102,0
672103,0
672104,0
672105,0
672106,0
672107,30
672108,0
672109,0
672110,0
672111,0
672112,0
672113,0
672114,29
672115,0
672116,0
672117,0
672118,23
672119,0
672120,0
672121,0
672122,35
672123,0
672124,0
672125,0
672126,0
672127,0
672128,0
672129,0
672130,0
672131,0
672132,0
672133,0
672134,0
672135,0
672136,0
672137,0
672138,0
672139,0
672140,0
672141,0
672142,0
672143,0
672144,0
672145,0
672146,1
672147,0
672148,0
672149,0
672150,0
672151,0
672152,0
672153,0
672154,0
672155,0
672156,0
672157,0
672158,0
672159,0
672160,0
672161,0
672162,0
672163,0
672164,0
672165,0
672166,0
672167,0
672168,0
672169,0
672170,0
672171,1
672172,0
672173,0
672174,0
672175,0
672176,0
672177,0
672178,1
672179,0
672180,0
672181,0
672182,0
672183,0
672184,0
672185,0
672186,0
672187,0
672188,0
672189,0
672190,0
672191,0
672192,0
672193,0
672194,0
672195,0
672196,0
672197,0
672198,0
672199,0
672200,0
672201,0
672202,0
672203,0
672204,0
672205,0
672206,0
672207,0
672208,0
672209,0
672210,0
672211,0
672212,0
672213,0
672214,0
672215,0
672216,0
672217,0
672218,0
672219,0
672220,0
672221,0
672222,0
672223,0
672224,0
672225,0
672226,0
672227,0
672228,0
672229,0
672230,0
672231,0
672232,0
672233,0
672234,0
672235,0
672236,0
672237,0
672238,0
672239,0
672240,0
672241,0
672242,0
672243,0
672244,0
672245,0
672246,0
672247,0
672248,0
672249,0
672250,0
672251,0
672252,0
672253,0
672254,0
672255,0
672256,0
672257,0
672258,0
672259,0
672260,0
672261,0
672262,0
672263,0
672264,0
672265,0
672266,0
672267,0
672268,0
672269,0
672270,0
672271,0
672272,0
672273,0
672274,0
672275,0
672276,0
672277,0
672278,0
672279,0
672280,0
672281,0
672282,0
672283,0
672284,0
672285,0
672286,0
672287,0
672288,0
672289,0
672290,0
672291,0
672292,0
672293,0
672294,0
672295,0
672296,0
672297,0
672298,0
672299,0
672300,0
672301,0
672302,0
672303,0
672304,0
672305,0
672306,0
672307,0
672308,0
672309,0
672310,0
672311,0
672312,0
672313,0
672314,0
672315,0
672316,0
672317,0
672318,0
672319,0
672320,0
672321,0
672322,1
672323,0
672324,0
672325,0
672326,0
672327,0
672328,0
672329,0
672330,0
672331,0
672332,0
672333,0
672334,0
672335,0
672336,0
672337,0
672338,0
672339,0
672340,0
672341,0
672342,0
672343,0
672344,0
672345,0
672346,0
672347,0
672348,0
672349,0
672350,0
672351,0
672352,0
672353,0
672354,0
672355,0
672356,0
672357,0
672358,0
672359,0
672360,0
672361,0
672362,0
672363,0
672364,0
672365,0
672366,0
672367,0
672368,0
672369,0
672370,0
672371,0
672372,0
672373,0
672374,0
672375,0
672376,0
672377,0
672378,0
672379,0
672380,0
672381,0
672382,0
672383,0
672384,0
672385,0
672386,0
672387,0
672388,0
672389,0
672390,0
672391,0
672392,0
672393,0
672394,0
672395,0
672396,0
672397,0
672398,0
672399,0
672400,0
672401,0
672402,0
672403,0
672404,0
672405,0
672406,1
672407,0
672408,0
672409,0
672410,0
672411,0
672412,0
672413,0
672414,0
672415,0
672416,0
672417,0
672418,0
672419,0
672420,0
672421,0
672422,0
672423,0
672424,0
672425,0
672426,0
672427,0
672428,0
672429,0
672430,0
672431,0
672432,0
672433,0
672434,0
672435,0
672436,0
672437,0
672438,0
672439,0
672440,0
672441,0
672442,0
672443,0
672444,0
672445,0
672446,0
672447,0
672448,0
672449,0
672450,0
672451,0
672452,0
672453,0
672454,0
672455,0
672456,0
672457,0
672458,0
672459,0
672460,0
672461,0
672462,0
672463,0
672464,0
672465,0
672466,0
672467,0
672468,0
672469,0
672470,0
672471,0
672472,0
672473,0
672474,0
672475,0
672476,0
672477,0
672478,0
672479,0
672480,0
672481,0
672482,0
672483,0
672484,0
672485,0
672486,0
672487,0
672488,0
672489,0
672490,0
672491,0
672492,0
672493,0
672494,0
672495,0
672496,0
672497,0
672498,0
672499,0
672500,0
672501,0
672502,0
672503,0
672504,0
672505,0
672506,0
672507,0
672508,0
672509,0
672510,0
672511,0
672512,0
672513,0
672514,0
672515,0
672516,0
672517,0
672518,0
672519,0
672520,0
672521,0
672522,0
672523,0
672524,0
672525,0
672526,0
672527,0
672528,0
672529,0
672530,0
672531,0
672532,0
672533,0
672534,0
672535,0
672536,0
672537,0
672538,0
672539,0
672540,0
672541,0
672542,0
672543,0
672544,0
672545,0
672546,0
672547,0
672548,0
672549,0
672550,0
672551,0
672552,0
672553,0
672554,0
672555,0
672556,0
672557,0
672558,0
672559,0
672560,0
672561,0
672562,0
672563,0
672564,0
672565,0
672566,0
672567,0
672568,0
672569,0
672570,0
672571,0
672572,0
672573,0
672574,0
672575,0
672576,0
672577,0
672578,0
672579,0
672580,0
672581,0
672582,0
672583,0
672584,0
672585,0
672586,0
672587,0
672588,0
672589,0
672590,1
672591,0
672592,0
672593,1
672594,0
672595,0
672596,0
672597,0
672598,0
672599,0
672600,0
672601,0
672602,0
672603,0
672604,0
672605,0
672606,0
672607,0
672608,0
672609,0
672610,0
672611,0
672612,0
672613,0
672614,0
672615,0
672616,0
672617,0
672618,0
672619,0
672620,0
672621,0
672622,0
672623,0
672624,0
672625,0
672626,0
672627,0
672628,0
672629,0
672630,0
672631,0
672632,0
672633,0
672634,0
672635,0
672636,0
672637,0
672638,0
672639,0
672640,0
672641,0
672642,0
672643,0
672644,0
672645,0
672646,0
672647,0
672648,0
672649,0
672650,0
672651,0
672652,0
672653,0
672654,0
672655,0
672656,0
672657,0
672658,0
672659,0
672660,0
672661,0
672662,0
672663,0
672664,0
672665,0
672666,0
672667,0
672668,0
672669,0
672670,0
672671,0
672672,0
672673,0
672674,0
672675,0
672676,0
672677,0
672678,0
672679,0
672680,0
672681,0
672682,0
672683,0
672684,0
672685,0
672686,0
672687,0
672688,0
672689,0
672690,0
672691,0
672692,0
672693,0
672694,0
672695,0
672696,0
672697,0
672698,0
672699,0
672700,0
672701,0
672702,0
672703,0
672704,0
672705,0
672706,0
672707,0
672708,0
672709,0
672710,0
672711,0
672712,0
672713,0
672714,0
672715,0
672716,0
672717,0
672718,0
672719,0
672720,0
672721,0
672722,0
672723,0
672724,0
672725,1
672726,0
672727,0
672728,0
672729,0
672730,0
672731,0
672732,0
672733,0
672734,0
672735,0
672736,0
672737,0
672738,0
672739,0
672740,0
672741,0
672742,0
672743,0
672744,0
672745,0
672746,0
672747,0
672748,0
672749,0
672750,0
672751,0
672752,0
672753,0
672754,0
672755,0
672756,0
672757,0
672758,0
672759,0
672760,0
672761,0
672762,0
672763,0
672764,0
672765,0
672766,0
672767,0
672768,0
672769,0
672770,0
672771,0
672772,0
672773,0
672774,0
672775,0
672776,0
672777,0
672778,0
672779,0
672780,0
672781,0
672782,0
672783,0
672784,0
672785,0
672786,0
672787,0
672788,0
672789,0
672790,0
672791,0
672792,0
672793,0
672794,0
672795,0
672796,0
672797,0
672798,0
672799,0
672800,0
672801,0
672802,0
672803,0
672804,0
672805,0
672806,0
672807,0
672808,0
672809,0
672810,0
672811,0
672812,0
672813,0
672814,0
672815,0
672816,0
672817,0
672818,0
672819,0
672820,0
672821,0
672822,0
672823,0
672824,0
672825,0
672826,0
672827,0
672828,0
672829,0
672830,0
672831,0
672832,0
672833,1
672834,0
672835,0
672836,0
672837,0
672838,0
672839,0
672840,0
672841,0
672842,0
672843,0
672844,0
672845,0
672846,0
672847,0
672848,0
672849,0
672850,0
672851,0
672852,0
672853,0
672854,0
672855,0
672856,0
672857,0
672858,0
672859,0
672860,0
672861,0
672862,0
672863,0
672864,0
672865,0
672866,0
672867,0
672868,0
672869,0
672870,0
672871,0
672872,0
672873,0
672874,0
672875,0
672876,0
672877,0
672878,0
672879,0
672880,0
672881,0
672882,0
672883,1
672884,0
672885,0
672886,0
672887,0
672888,0
672889,0
672890,0
672891,0
672892,0
672893,0
672894,0
672895,0
672896,0
672897,0
672898,0
672899,0
672900,0
672901,0
672902,0
672903,1
672904,0
672905,0
672906,0
672907,0
672908,0
672909,0
672910,0
672911,0
672912,0
672913,0
672914,0
672915,0
672916,0
672917,0
672918,0
672919,0
672920,0
672921,0
672922,0
672923,0
672924,0
672925,0
672926,0
672927,0
672928,0
672929,0
672930,0
672931,0
672932,0
672933,0
672934,0
672935,0
672936,0
672937,0
672938,0
672939,0
672940,0
672941,0
672942,0
672943,0
672944,0
672945,0
672946,0
672947,0
672948,0
672949,0
672950,0
672951,0
672952,0
672953,0
672954,0
672955,0
672956,0
672957,0
672958,0
672959,0
672960,0
672961,0
672962,0
672963,0
672964,0
672965,0
672966,0
672967,0
672968,0
672969,0
672970,0
672971,0
672972,0
672973,0
672974,0
672975,0
672976,0
672977,0
672978,0
672979,0
672980,21
672981,0
672982,17
672983,0
672984,0
672985,0
672986,0
672987,0
672988,0
672989,0
672990,22
672991,0
672992,0
672993,0
672994,0
672995,17
672996,0
672997,0
672998,0
672999,0
673000,12
673001,0
673002,0
673003,0
673004,31
673005,0
673006,0
673007,0
673008,0
673009,0
673010,25
673011,19
673012,0
673013,0
673014,0
673015,0
673016,0
673017,0
673018,26
673019,27
673020,0
673021,0
673022,0
673023,0
673024,0
673025,0
673026,0
673027,0
673028,0
673029,0
673030,0
673031,27
673032,0
673033,27
673034,29
673035,0
673036,0
673037,0
673038,19
673039,0
673040,0
673041,0
673042,0
673043,45
673044,0
673045,30
673046,34
673047,16
673048,0
673049,0
673050,0
673051,0
673052,63
673053,21
673054,0
673055,0
673056,0
673057,0
673058,0
673059,0
673060,0
673061,25
673062,0
673063,0
673064,0
673065,34
673066,0
673067,0
673068,18
673069,0
673070,0
673071,26
673072,0
673073,17
673074,0
673075,0
673076,16
673077,0
673078,25
673079,0
673080,0
673081,0
673082,44
673083,0
673084,23
673085,0
673086,24
673087,0
673088,0
673089,0
673090,0
673091,50
673092,52
673093,0
673094,25
673095,19
673096,37
673097,0
673098,0
673099,25
673100,0
673101,46
673102,0
673103,30
673104,0
673105,0
673106,0
673107,0
673108,0
673109,0
673110,33
673111,23
673112,0
673113,0
673114,0
673115,32
673116,0
673117,0
673118,0
673119,22
673120,0
673121,0
673122,28
673123,0
673124,0
673125,29
673126,0
673127,0
673128,0
673129,0
673130,0
673131,24
673132,0
673133,0
673134,0
673135,0
673136,26
673137,0
673138,0
673139,0
673140,0
673141,16
673142,0
673143,0
673144,0
673145,29
673146,0
673147,0
673148,0
673149,0
673150,0
673151,0
673152,0
673153,0
673154,0
673155,0
673156,24
673157,0
673158,0
673159,0
673160,0
673161,0
673162,0
673163,0
673164,0
673165,0
673166,0
673167,0
673168,0
673169,0
673170,0
673171,0
673172,0
673173,26
673174,0
673175,0
673176,0
673177,0
673178,27
673179,34
673180,0
673181,0
673182,17
673183,0
673184,0
673185,0
673186,0
673187,43
673188,0
673189,0
673190,0
673191,0
673192,0
673193,0
673194,0
673195,25
673196,0
673197,34
673198,0
673199,0
673200,0
673201,0
673202,0
673203,0
673204,0
673205,0
673206,0
673207,0
673208,0
673209,0
673210,0
673211,0
673212,0
673213,21
673214,39
673215,0
673216,0
673217,0
673218,0
673219,20
673220,0
673221,18
673222,0
673223,0
673224,0
673225,42
673226,0
673227,0
673228,0
673229,0
673230,0
673231,0
673232,28
673233,18
673234,0
673235,0
673236,41
673237,20
673238,0
673239,0
673240,0
673241,0
673242,0
673243,0
673244,0
673245,0
673246,0
673247,0
673248,0
673249,0
673250,0
673251,0
673252,0
673253,0
673254,43
673255,0
673256,27
673257,0
673258,0
673259,0
673260,0
673261,0
673262,0
673263,0
673264,0
673265,0
673266,0
673267,20
673268,0
673269,0
673270,0
673271,0
673272,0
673273,0
673274,0
673275,0
673276,0
673277,0
673278,0
673279,0
673280,0
673281,0
673282,20
673283,0
673284,0
673285,0
673286,29
673287,0
673288,0
673289,0
673290,0
673291,0
673292,0
673293,23
673294,33
673295,23
673296,26
673297,29
673298,36
673299,0
673300,0
673301,18
673302,0
673303,0
673304,0
673305,0
673306,0
673307,0
673308,27
673309,0
673310,0
673311,0
673312,0
673313,0
673314,0
673315,0
673316,0
673317,28
673318,0
673319,0
673320,21
673321,0
673322,0
673323,0
673324,20
673325,0
673326,14
673327,15
673328,0
673329,0
673330,50
673331,0
673332,21
673333,33
673334,0
673335,0
673336,0
673337,0
673338,0
673339,22
673340,19
673341,0
673342,22
673343,33
673344,0
673345,0
673346,0
673347,0
673348,0
673349,23
673350,0
673351,30
673352,0
673353,0
673354,0
673355,0
673356,39
673357,0
673358,0
673359,0
673360,26
673361,0
673362,39
673363,0
673364,29
673365,0
673366,0
673367,19
673368,0
673369,37
673370,17
673371,0
673372,0
673373,29
673374,0
673375,0
673376,43
673377,0
673378,27
673379,0
673380,0
673381,31
673382,22
673383,0
673384,0
673385,24
673386,0
673387,0
673388,0
673389,34
673390,0
673391,0
673392,0
673393,0
673394,0
673395,0
673396,0
673397,0
673398,0
673399,0
673400,26
673401,28
673402,0
673403,0
673404,0
673405,0
673406,0
673407,0
673408,0
673409,0
673410,0
673411,0
673412,25
673413,0
673414,0
673415,0
673416,22
673417,0
673418,0
673419,0
673420,33
673421,0
673422,0
673423,30
673424,14
673425,0
673426,0
673427,0
673428,16
673429,0
673430,0
673431,0
673432,0
673433,21
673434,0
673435,0
673436,42
673437,0
673438,0
673439,0
673440,0
673441,40
673442,35
673443,0
673444,0
673445,0
673446,15
673447,0
673448,0
673449,0
673450,0
673451,18
673452,0
673453,0
673454,0
673455,23
673456,0
673457,0
673458,0
673459,37
673460,0
673461,29
673462,0
673463,34
673464,21
673465,0
673466,0
673467,34
673468,0
673469,0
673470,0
673471,0
673472,0
673473,0
673474,0
673475,0
673476,23
673477,0
673478,0
673479,19
673480,0
673481,0
673482,0
673483,0
673484,0
673485,0
673486,32
673487,25
673488,0
673489,0
673490,0
673491,31
673492,0
673493,0
673494,0
673495,0
673496,0
673497,0
673498,31
673499,27
673500,0
673501,0
673502,0
673503,0
673504,32
673505,0
673506,0
673507,0
673508,0
673509,29
673510,22
673511,0
673512,0
673513,0
673514,24
673515,0
673516,0
673517,0
673518,0
673519,23
673520,28
673521,0
673522,0
673523,0
673524,0
673525,0
673526,0
673527,0
673528,0
673529,0
673530,0
673531,0
673532,19
673533,0
673534,0
673535,0
673536,0
673537,0
673538,0
673539,41
673540,37
673541,0
673542,0
673543,0
673544,16
673545,0
673546,0
673547,0
673548,0
673549,0
673550,0
673551,0
673552,0
673553,16
673554,0
673555,0
673556,0
673557,0
673558,0
673559,0
673560,21
673561,0
673562,0
673563,27
673564,30
673565,0
673566,0
673567,0
673568,0
673569,0
673570,30
673571,24
673572,39
673573,0
673574,0
673575,25
673576,0
673577,0
673578,25
673579,0
673580,0
673581,30
673582,0
673583,0
673584,21
673585,0
673586,31
673587,0
673588,0
673589,0
673590,0
673591,0
673592,20
673593,0
673594,0
673595,0
673596,0
673597,38
673598,0
673599,0
673600,0
673601,27
673602,0
673603,0
673604,0
673605,0
673606,0
673607,0
673608,0
673609,0
673610,0
673611,0
673612,0
673613,0
673614,19
673615,0
673616,25
673617,0
673618,0
673619,0
673620,0
673621,29
673622,0
673623,0
673624,33
673625,0
673626,0
673627,0
673628,0
673629,0
673630,0
673631,0
673632,0
673633,0
673634,0
673635,25
673636,0
673637,31
673638,0
673639,0
673640,24
673641,0
673642,0
673643,0
673644,0
673645,0
673646,22
673647,0
673648,0
673649,0
673650,0
673651,37
673652,34
673653,21
673654,35
673655,0
673656,27
673657,0
673658,0
673659,0
673660,0
673661,0
673662,0
673663,0
673664,0
673665,0
673666,0
673667,20
673668,0
673669,0
673670,0
673671,0
673672,0
673673,0
673674,32
673675,31
673676,0
673677,27
673678,32
673679,0
673680,0
673681,0
673682,0
673683,0
673684,38
673685,21
673686,32
673687,0
673688,32
673689,0
673690,0
673691,0
673692,0
673693,18
673694,38
673695,0
673696,0
673697,29
673698,25
673699,0
673700,0
673701,0
673702,0
673703,0
673704,25
673705,0
673706,0
673707,0
673708,0
673709,0
673710,21
673711,31
673712,0
673713,28
673714,0
673715,0
673716,0
673717,0
673718,23
673719,42
673720,0
673721,0
673722,0
673723,0
673724,0
673725,25
673726,0
673727,0
673728,21
673729,0
673730,21
673731,0
673732,17
673733,0
673734,0
673735,0
673736,33
673737,0
673738,0
673739,31
673740,28
673741,0
673742,39
673743,23
673744,0
673745,0
673746,0
673747,29
673748,0
673749,0
673750,33
673751,0
673752,18
673753,0
673754,0
673755,31
673756,0
673757,0
673758,28
673759,0
673760,0
673761,30
673762,0
673763,29
673764,0
673765,0
673766,0
673767,0
673768,0
673769,0
673770,0
673771,0
673772,0
673773,29
673774,0
673775,0
673776,0
673777,0
673778,0
673779,0
673780,0
673781,34
673782,27
673783,25
673784,0
673785,0
673786,0
673787,0
673788,0
673789,0
673790,0
673791,0
673792,0
673793,30
673794,23
673795,0
673796,0
673797,28
673798,0
673799,0
673800,0
673801,22
673802,37
673803,0
673804,0
673805,0
673806,35
673807,0
673808,0
673809,0
673810,0
673811,0
673812,0
673813,0
673814,19
673815,0
673816,0
673817,29
673818,0
673819,0
673820,0
673821,32
673822,23
673823,28
673824,0
673825,0
673826,0
673827,0
673828,24
673829,0
673830,0
673831,0
673832,35
673833,17
673834,33
673835,0
673836,0
673837,0
673838,0
673839,0
673840,0
673841,0
673842,0
673843,44
673844,0
673845,0
673846,0
673847,0
673848,0
673849,0
673850,20
673851,0
673852,36
673853,31
673854,17
673855,0
673856,0
673857,0
673858,0
673859,0
673860,32
673861,0
673862,0
673863,23
673864,26
673865,0
673866,0
673867,31
673868,21
673869,0
673870,0
673871,0
673872,0
673873,0
673874,45
673875,0
673876,22
673877,0
673878,29
673879,0
673880,0
673881,24
673882,31
673883,0
673884,0
673885,0
673886,33
673887,0
673888,0
673889,20
673890,39
673891,0
673892,22
673893,25
673894,0
673895,0
673896,0
673897,36
673898,0
673899,0
673900,0
673901,0
673902,0
673903,24
673904,0
673905,0
673906,0
673907,0
673908,27
673909,0
673910,0
673911,29
673912,0
673913,32
673914,50
673915,0
673916,34
673917,30
673918,0
673919,0
673920,0
673921,0
673922,24
673923,0
673924,0
673925,0
673926,0
673927,0
673928,0
673929,20
673930,0
673931,22
673932,0
673933,0
673934,33
673935,0
673936,0
673937,0
673938,17
673939,0
673940,0
673941,0
673942,29
673943,0
673944,0
673945,0
673946,0
673947,35
673948,0
673949,0
673950,0
673951,33
673952,0
673953,0
673954,25
673955,0
673956,0
673957,24
673958,0
673959,0
673960,36
673961,27
673962,0
673963,0
673964,22
673965,31
673966,26
673967,37
673968,28
673969,34
673970,0
673971,0
673972,25
673973,0
673974,29
673975,0
673976,31
673977,0
673978,28
673979,0
673980,0
673981,0
673982,0
673983,0
673984,20
673985,0
673986,20
673987,0
673988,0
673989,0
673990,0
673991,0
673992,30
673993,27
673994,0
673995,0
673996,35
673997,0
673998,0
673999,0
674000,0
674001,24
674002,0
674003,24
674004,0
674005,0
674006,0
674007,0
674008,0
674009,0
674010,31
674011,0
674012,24
674013,0
674014,0
674015,18
674016,0
674017,0
674018,24
674019,0
674020,21
674021,0
674022,0
674023,0
674024,0
674025,41
674026,28
674027,0
674028,23
674029,0
674030,39
674031,0
674032,0
674033,0
674034,0
674035,34
674036,28
674037,46
674038,0
674039,0
674040,0
674041,0
674042,0
674043,0
674044,30
674045,9
674046,0
674047,0
674048,31
674049,0
674050,28
674051,23
674052,21
674053,32
674054,33
674055,32
674056,0
674057,33
674058,32
674059,0
674060,0
674061,0
674062,0
674063,0
674064,29
674065,0
674066,0
674067,0
674068,13
674069,0
674070,0
674071,26
674072,0
674073,15
674074,0
674075,0
674076,0
674077,0
674078,0
674079,0
674080,0
674081,0
674082,34
674083,17
674084,23
674085,0
674086,0
674087,0
674088,33
674089,0
674090,24
674091,0
674092,31
674093,0
674094,0
674095,35
674096,0
674097,0
674098,19
674099,0
674100,0
674101,0
674102,0
674103,0
674104,0
674105,0
674106,25
674107,0
674108,0
674109,0
674110,31
674111,0
674112,0
674113,0
674114,0
674115,28
674116,33
674117,0
674118,0
674119,0
674120,0
674121,0
674122,23
674123,27
674124,23
674125,0
674126,0
674127,0
674128,0
674129,0
674130,0
674131,16
674132,0
674133,0
674134,34
674135,26
674136,0
674137,13
674138,25
674139,0
674140,35
674141,40
674142,36
674143,0
674144,0
674145,0
674146,0
674147,0
674148,0
674149,0
674150,0
674151,0
674152,0
674153,0
674154,0
674155,0
674156,0
674157,0
674158,0
674159,23
674160,0
674161,25
674162,0
674163,0
674164,0
674165,17
674166,0
674167,0
674168,14
674169,0
674170,36
674171,0
674172,0
674173,0
674174,20
674175,29
674176,27
674177,0
674178,0
674179,0
674180,31
674181,0
674182,41
674183,0
674184,30
674185,0
674186,45
674187,16
674188,30
674189,0
674190,0
674191,0
674192,0
674193,0
674194,0
674195,0
674196,0
674197,0
674198,0
674199,28
674200,19
674201,36
674202,0
674203,0
674204,0
674205,0
674206,0
674207,0
674208,0
674209,0
674210,0
674211,0
674212,0
674213,0
674214,0
674215,32
674216,0
674217,0
674218,0
674219,0
674220,0
674221,0
674222,0
674223,0
674224,0
674225,0
674226,0
674227,26
674228,0
674229,34
674230,0
674231,0
674232,0
674233,0
674234,0
674235,20
674236,0
674237,0
674238,0
674239,0
674240,0
674241,32
674242,0
674243,0
674244,0
674245,39
674246,0
674247,0
674248,0
674249,0
674250,0
674251,0
674252,0
674253,0
674254,0
674255,36
674256,0
674257,0
674258,0
674259,0
674260,42
674261,0
674262,0
674263,0
674264,0
674265,27
674266,0
674267,32
674268,41
674269,0
674270,0
674271,0
674272,0
674273,0
674274,0
674275,0
674276,0
674277,0
674278,0
674279,0
674280,0
674281,43
674282,0
674283,0
674284,0
674285,0
674286,0
674287,0
674288,0
674289,0
674290,26
674291,0
674292,0
674293,0
674294,0
674295,0
674296,55
674297,41
674298,0
674299,0
674300,0
674301,0
674302,0
674303,0
674304,0
674305,0
674306,0
674307,40
674308,0
674309,0
674310,35
674311,0
674312,0
674313,0
674314,0
674315,0
674316,0
674317,0
674318,0
674319,0
674320,0
674321,0
674322,0
674323,0
674324,0
674325,43
674326,0
674327,0
674328,0
674329,0
674330,22
674331,0
674332,0
674333,0
674334,36
674335,0
674336,0
674337,0
674338,33
674339,0
674340,0
674341,0
674342,0
674343,0
674344,0
674345,0
674346,0
674347,0
674348,0
674349,22
674350,0
674351,0
674352,0
674353,0
674354,0
674355,0
674356,0
674357,0
674358,0
674359,0
674360,0
674361,0
674362,0
674363,0
674364,0
674365,0
674366,32
674367,0
674368,0
674369,0
674370,0
674371,0
674372,0
674373,0
674374,29
674375,0
674376,40
674377,0
674378,0
674379,0
674380,0
674381,0
674382,39
674383,0
674384,33
674385,0
674386,0
674387,0
674388,0
674389,0
674390,0
674391,36
674392,0
674393,0
674394,0
674395,43
674396,0
674397,0
674398,0
674399,0
674400,0
674401,0
674402,0
674403,0
674404,0
674405,0
674406,0
674407,0
674408,0
674409,0
674410,0
674411,0
674412,0
674413,0
674414,0
674415,0
674416,0
674417,0
674418,47
674419,0
674420,0
674421,0
674422,0
674423,0
674424,0
674425,0
674426,0
674427,0
674428,0
674429,0
674430,0
674431,0
674432,55
674433,0
674434,0
674435,0
674436,0
674437,0
674438,0
674439,0
674440,0
674441,0
674442,0
674443,0
674444,0
674445,0
674446,0
674447,0
674448,26
674449,0
674450,0
674451,0
674452,0
674453,0
674454,0
674455,0
674456,0
674457,0
674458,0
674459,0
674460,0
674461,22
674462,39
674463,0
674464,0
674465,0
674466,0
674467,0
674468,0
674469,0
674470,0
674471,0
674472,0
674473,0
674474,0
674475,0
674476,0
674477,0
674478,0
674479,0
674480,0
674481,33
674482,0
674483,0
674484,0
674485,0
674486,0
674487,0
674488,0
674489,0
674490,0
674491,0
674492,41
674493,0
674494,0
674495,0
674496,0
674497,0
674498,0
674499,0
674500,0
674501,0
674502,0
674503,0
674504,0
674505,0
674506,0
674507,0
674508,0
674509,0
674510,0
674511,0
674512,0
674513,0
674514,0
674515,0
674516,0
674517,0
674518,0
674519,0
674520,0
674521,0
674522,0
674523,0
674524,0
674525,0
674526,32
674527,0
674528,0
674529,0
674530,0
674531,0
674532,0
674533,0
674534,0
674535,0
674536,49
674537,0
674538,0
674539,0
674540,0
674541,0
674542,0
674543,0
674544,41
674545,0
674546,0
674547,0
674548,0
674549,0
674550,0
674551,0
674552,0
674553,24
674554,0
674555,0
674556,0
674557,0
674558,46
674559,0
674560,0
674561,0
674562,0
674563,0
674564,0
674565,53
674566,0
674567,0
674568,0
674569,0
674570,0
674571,0
674572,36
674573,0
674574,0
674575,0
674576,0
674577,0
674578,0
674579,0
674580,0
674581,0
674582,0
674583,0
674584,0
674585,0
674586,0
674587,33
674588,0
674589,0
674590,0
674591,0
674592,0
674593,0
674594,0
674595,0
674596,0
674597,0
674598,0
674599,0
674600,0
674601,32
674602,0
674603,0
674604,0
674605,0
674606,0
674607,0
674608,0
674609,0
674610,0
674611,0
674612,31
674613,0
674614,28
674615,0
674616,0
674617,0
674618,39
674619,0
674620,0
674621,0
674622,0
674623,44
674624,0
674625,0
674626,0
674627,0
674628,0
674629,0
674630,0
674631,0
674632,0
674633,0
674634,0
674635,0
674636,0
674637,24
674638,0
674639,0
674640,0
674641,0
674642,0
674643,0
674644,0
674645,0
674646,0
674647,0
674648,0
674649,0
674650,0
674651,0
674652,26
674653,0
674654,0
674655,0
674656,0
674657,0
674658,0
674659,0
674660,0
674661,0
674662,0
674663,0
674664,0
674665,0
674666,0
674667,0
674668,0
674669,0
674670,29
674671,0
674672,0
674673,35
674674,0
674675,0
674676,34
674677,0
674678,0
674679,34
674680,0
674681,0
674682,0
674683,29
674684,0
674685,0
674686,0
674687,0
674688,0
674689,0
674690,0
674691,0
674692,0
674693,0
674694,34
674695,0
674696,0
674697,0
674698,0
674699,0
674700,0
674701,0
674702,0
674703,0
674704,0
674705,0
674706,0
674707,0
674708,0
674709,0
674710,0
674711,0
674712,0
674713,0
674714,0
674715,0
674716,0
674717,0
674718,0
674719,0
674720,0
674721,0
674722,0
674723,0
674724,48
674725,0
674726,0
674727,0
674728,0
674729,0
674730,33
674731,26
674732,27
674733,0
674734,0
674735,0
674736,0
674737,0
674738,0
674739,0
674740,0
674741,0
674742,0
674743,0
674744,0
674745,0
674746,0
674747,0
674748,0
674749,0
674750,0
674751,0
674752,0
674753,0
674754,0
674755,0
674756,0
674757,0
674758,0
674759,31
674760,0
674761,0
674762,0
674763,0
674764,0
674765,20
674766,0
674767,0
674768,29
674769,0
674770,0
674771,0
674772,0
674773,0
674774,0
674775,0
674776,0
674777,0
674778,0
674779,0
674780,0
674781,0
674782,0
674783,0
674784,0
674785,0
674786,0
674787,0
674788,0
674789,45
674790,0
674791,0
674792,0
674793,0
674794,0
674795,0
674796,0
674797,0
674798,0
674799,0
674800,0
674801,39
674802,0
674803,0
674804,0
674805,0
674806,40
674807,41
674808,0
674809,0
674810,0
674811,0
674812,0
674813,0
674814,0
674815,0
674816,0
674817,0
674818,0
674819,0
674820,48
674821,0
674822,0
674823,0
674824,0
674825,33
674826,0
674827,0
674828,0
674829,0
674830,29
674831,0
674832,0
674833,0
674834,0
674835,0
674836,0
674837,37
674838,49
674839,0
674840,0
674841,0
674842,0
674843,36
674844,35
674845,0
674846,0
674847,0
674848,0
674849,0
674850,0
674851,0
674852,44
674853,0
674854,28
674855,0
674856,46
674857,0
674858,0
674859,0
674860,0
674861,0
674862,0
674863,0
674864,0
674865,28
674866,0
674867,0
674868,0
674869,0
674870,0
674871,26
674872,0
674873,0
674874,0
674875,0
674876,0
674877,0
674878,0
674879,0
674880,0
674881,0
674882,0
674883,0
674884,0
674885,0
674886,0
674887,0
674888,0
674889,0
674890,40
674891,0
674892,40
674893,0
674894,0
674895,0
674896,0
674897,0
674898,0
674899,0
674900,0
674901,0
674902,0
674903,26
674904,39
674905,38
674906,43
674907,0
674908,0
674909,0
674910,0
674911,0
674912,0
674913,43
674914,28
674915,0
674916,0
674917,0
674918,0
674919,0
674920,0
674921,0
674922,0
674923,0
674924,0
674925,0
674926,0
674927,0
674928,0
674929,0
674930,0
674931,0
674932,0
674933,0
674934,0
674935,0
674936,0
674937,0
674938,0
674939,0
674940,0
674941,0
674942,0
674943,0
674944,0
674945,0
674946,0
674947,0
674948,0
674949,0
674950,0
674951,0
674952,0
674953,0
674954,0
674955,0
674956,0
674957,0
674958,0
674959,0
674960,0
674961,0
674962,0
674963,18
674964,0
674965,0
674966,22
674967,0
674968,0
674969,0
674970,0
674971,0
674972,0
674973,0
674974,0
674975,0
674976,0
674977,0
674978,0
674979,0
674980,0
674981,0
674982,0
674983,0
674984,0
674985,0
674986,0
674987,0
674988,0
674989,0
674990,0
674991,0
674992,0
674993,0
674994,0
674995,0
674996,0
674997,0
674998,0
674999,0
675000,0
675001,0
675002,0
675003,0
675004,0
675005,0
675006,0
675007,0
675008,0
675009,0
675010,0
675011,0
675012,0
675013,0
675014,0
675015,0
675016,0
675017,0
675018,0
675019,0
675020,0
675021,0
675022,0
675023,0
675024,0
675025,0
675026,0
675027,0
675028,0
675029,36
675030,37
675031,0
675032,0
675033,0
675034,0
675035,0
675036,0
675037,0
675038,0
675039,28
675040,0
675041,0
675042,0
675043,0
675044,0
675045,0
675046,0
675047,0
675048,0
675049,0
675050,0
675051,0
675052,0
675053,0
675054,40
675055,0
675056,0
675057,0
675058,0
675059,0
675060,0
675061,0
675062,0
675063,0
675064,0
675065,0
675066,0
675067,0
675068,37
675069,0
675070,0
675071,0
675072,0
675073,0
675074,0
675075,0
675076,0
675077,0
675078,0
675079,0
675080,34
675081,0
675082,0
675083,0
675084,0
675085,0
675086,0
675087,0
675088,0
675089,30
675090,0
675091,0
675092,0
675093,0
675094,0
675095,0
675096,0
675097,0
675098,0
675099,0
675100,0
675101,0
675102,0
675103,0
675104,0
675105,10
675106,5
675107,0
675108,0
675109,0
675110,0
675111,0
675112,0
675113,0
675114,0
675115,0
675116,0
675117,0
675118,7
675119,0
675120,13
675121,0
675122,0
675123,0
675124,0
675125,0
675126,14
675127,0
675128,0
675129,0
675130,0
675131,0
675132,0
675133,0
675134,0
675135,0
675136,0
675137,0
675138,15
675139,0
675140,5
675141,7
675142,9
675143,0
675144,0
675145,7
675146,6
675147,0
675148,0
675149,0
675150,0
675151,6
675152,0
675153,0
675154,0
675155,0
675156,0
675157,0
675158,0
675159,0
675160,6
675161,0
675162,0
675163,0
675164,5
675165,0
675166,9
675167,0
675168,0
675169,0
675170,6
675171,0
675172,0
675173,0
675174,5
675175,0
675176,0
675177,0
675178,0
675179,0
675180,6
675181,10
675182,0
675183,4
675184,0
675185,0
675186,4
675187,0
675188,0
675189,0
675190,0
675191,0
675192,8
675193,4
675194,0
675195,9
675196,8
675197,6
675198,0
675199,0
675200,0
675201,0
675202,0
675203,0
675204,0
675205,0
675206,0
675207,12
675208,0
675209,0
675210,0
675211,0
675212,0
675213,0
675214,0
675215,0
675216,0
675217,0
675218,0
675219,0
675220,0
675221,0
675222,0
675223,0
675224,0
675225,12
675226,4
675227,0
675228,0
675229,13
675230,0
675231,0
675232,0
675233,0
675234,0
675235,0
675236,0
675237,0
675238,0
675239,0
675240,0
675241,0
675242,0
675243,0
675244,0
675245,0
675246,0
675247,0
675248,0
675249,12
675250,0
675251,0
675252,0
675253,21
675254,5
675255,0
675256,0
675257,0
675258,0
675259,14
675260,0
675261,0
675262,0
675263,0
675264,12
675265,0
675266,0
675267,0
675268,0
675269,0
675270,0
675271,0
675272,0
675273,0
675274,11
675275,0
675276,0
675277,0
675278,0
675279,0
675280,11
675281,10
675282,0
675283,0
675284,0
675285,0
675286,0
675287,0
675288,0
675289,0
675290,0
675291,0
675292,0
675293,0
675294,0
675295,0
675296,0
675297,11
675298,0
675299,0
675300,12
675301,0
675302,0
675303,0
675304,0
675305,0
675306,0
675307,0
675308,0
675309,0
675310,0
675311,4
675312,0
675313,0
675314,3
675315,0
675316,0
675317,9
675318,8
675319,0
675320,0
675321,0
675322,0
675323,11
675324,0
675325,0
675326,0
675327,0
675328,18
675329,0
675330,0
675331,0
675332,2
675333,0
675334,0
675335,0
675336,0
675337,0
675338,0
675339,0
675340,0
675341,13
675342,0
675343,0
675344,0
675345,0
675346,8
675347,0
675348,0
675349,0
675350,0
675351,0
675352,0
675353,0
675354,0
675355,0
675356,0
675357,0
675358,0
675359,15
675360,0
675361,0
675362,5
675363,0
675364,0
675365,0
675366,0
675367,0
675368,0
675369,0
675370,10
675371,12
675372,0
675373,0
675374,11
675375,0
675376,0
675377,10
675378,0
675379,5
675380,0
675381,0
675382,0
675383,0
675384,0
675385,6
675386,0
675387,0
675388,0
675389,4
675390,0
675391,0
675392,0
675393,7
675394,0
675395,0
675396,5
675397,0
675398,0
675399,0
675400,0
675401,0
675402,0
675403,0
675404,0
675405,0
675406,0
675407,0
675408,0
675409,0
675410,0
675411,14
675412,0
675413,0
675414,0
675415,0
675416,0
675417,0
675418,0
675419,0
675420,0
675421,0
675422,0
675423,0
675424,0
675425,7
675426,0
675427,0
675428,0
675429,11
675430,0
675431,0
675432,0
675433,0
675434,0
675435,0
675436,0
675437,0
675438,0
675439,0
675440,0
675441,0
675442,0
675443,0
675444,0
675445,0
675446,12
675447,0
675448,9
675449,0
675450,0
675451,0
675452,8
675453,0
675454,0
675455,0
675456,0
675457,0
675458,0
675459,14
675460,0
675461,0
675462,0
675463,0
675464,0
675465,0
675466,0
675467,0
675468,0
675469,0
675470,0
675471,0
675472,0
675473,0
675474,0
675475,0
675476,7
675477,0
675478,0
675479,0
675480,0
675481,0
675482,0
675483,0
675484,0
675485,0
675486,0
675487,0
675488,0
675489,0
675490,0
675491,0
675492,0
675493,0
675494,9
675495,0
675496,0
675497,0
675498,11
675499,0
675500,5
675501,0
675502,8
675503,10
675504,0
675505,0
675506,0
675507,0
675508,0
675509,0
675510,0
675511,0
675512,0
675513,0
675514,14
675515,0
675516,0
675517,0
675518,0
675519,0
675520,0
675521,0
675522,6
675523,0
675524,0
675525,10
675526,0
675527,0
675528,0
675529,0
675530,0
675531,0
675532,0
675533,0
675534,0
675535,0
675536,10
675537,0
675538,0
675539,10
675540,0
675541,0
675542,0
675543,0
675544,0
675545,0
675546,0
675547,7
675548,0
675549,0
675550,0
675551,0
675552,0
675553,0
675554,10
675555,0
675556,0
675557,0
675558,12
675559,0
675560,0
675561,0
675562,0
675563,0
675564,0
675565,10
675566,0
675567,0
675568,0
675569,0
675570,0
675571,0
675572,0
675573,0
675574,0
675575,5
675576,0
675577,0
675578,0
675579,0
675580,0
675581,0
675582,0
675583,0
675584,0
675585,0
675586,0
675587,0
675588,0
675589,0
675590,0
675591,0
675592,0
675593,0
675594,0
675595,9
675596,0
675597,0
675598,9
675599,6
675600,0
675601,0
675602,0
675603,0
675604,19
675605,0
675606,0
675607,0
675608,0
675609,0
675610,9
675611,0
675612,0
675613,0
675614,8
675615,0
675616,0
675617,0
675618,0
675619,0
675620,0
675621,0
675622,0
675623,0
675624,0
675625,8
675626,0
675627,0
675628,14
675629,0
675630,0
675631,10
675632,0
675633,0
675634,0
675635,0
675636,0
675637,0
675638,0
675639,0
675640,0
675641,0
675642,0
675643,0
675644,0
675645,0
675646,0
675647,0
675648,0
675649,0
675650,0
675651,0
675652,7
675653,0
675654,0
675655,0
675656,0
675657,0
675658,0
675659,0
675660,0
675661,0
675662,0
675663,0
675664,0
675665,10
675666,15
675667,8
675668,0
675669,10
675670,0
675671,0
675672,0
675673,0
675674,0
675675,0
675676,0
675677,0
675678,0
675679,0
675680,0
675681,0
675682,19
675683,0
675684,0
675685,0
675686,0
675687,0
675688,0
675689,12
675690,0
675691,0
675692,0
675693,0
675694,13
675695,0
675696,0
675697,0
675698,9
675699,0
675700,0
675701,0
675702,0
675703,0
675704,0
675705,0
675706,0
675707,0
675708,0
675709,0
675710,0
675711,0
675712,0
675713,0
675714,0
675715,0
675716,0
675717,0
675718,0
675719,0
675720,0
675721,18
675722,0
675723,0
675724,0
675725,0
675726,0
675727,12
675728,0
675729,0
675730,0
675731,0
675732,0
675733,0
675734,0
675735,0
675736,0
675737,0
675738,0
675739,0
675740,2
675741,0
675742,0
675743,0
675744,0
675745,0
675746,0
675747,0
675748,0
675749,0
675750,0
675751,0
675752,0
675753,0
675754,10
675755,0
675756,0
675757,0
675758,0
675759,0
675760,0
675761,0
675762,0
675763,11
675764,0
675765,0
675766,0
675767,0
675768,0
675769,0
675770,0
675771,0
675772,0
675773,0
675774,0
675775,0
675776,0
675777,0
675778,0
675779,0
675780,0
675781,0
675782,0
675783,0
675784,0
675785,0
675786,0
675787,0
675788,0
675789,0
675790,0
675791,12
675792,0
675793,0
675794,0
675795,0
675796,12
675797,14
675798,0
675799,0
675800,8
675801,0
675802,0
675803,0
675804,0
675805,0
675806,0
675807,0
675808,0
675809,0
675810,0
675811,0
675812,0
675813,0
675814,0
675815,0
675816,0
675817,0
675818,23
675819,0
675820,0
675821,0
675822,0
675823,0
675824,0
675825,0
675826,0
675827,0
675828,0
675829,0
675830,0
675831,0
675832,0
675833,0
675834,0
675835,0
675836,0
675837,21
675838,38
675839,0
675840,0
675841,0
675842,0
675843,0
675844,0
675845,0
675846,0
675847,0
675848,0
675849,0
675850,0
675851,0
675852,0
675853,0
675854,0
675855,0
675856,0
675857,0
675858,0
675859,0
675860,0
675861,0
675862,0
675863,0
675864,0
675865,0
675866,0
675867,0
675868,28
675869,0
675870,0
675871,0
675872,0
675873,30
675874,37
675875,0
675876,0
675877,0
675878,28
675879,0
675880,0
675881,0
675882,0
675883,0
675884,0
675885,0
675886,0
675887,0
675888,0
675889,0
675890,0
675891,28
675892,0
675893,0
675894,0
675895,0
675896,0
675897,0
675898,0
675899,0
675900,0
675901,0
675902,0
675903,0
675904,0
675905,0
675906,0
675907,0
675908,0
675909,0
675910,21
675911,25
675912,0
675913,0
675914,0
675915,0
675916,0
675917,0
675918,0
675919,0
675920,29
675921,0
675922,0
675923,0
675924,28
675925,0
675926,0
675927,0
675928,0
675929,0
675930,25
675931,0
675932,0
675933,0
675934,0
675935,30
675936,0
675937,0
675938,0
675939,0
675940,0
675941,0
675942,0
675943,0
675944,0
675945,0
675946,0
675947,0
675948,0
675949,0
675950,0
675951,0
675952,0
675953,0
675954,0
675955,36
675956,0
675957,0
675958,0
675959,0
675960,30
675961,0
675962,31
675963,0
675964,0
675965,28
675966,0
675967,0
675968,0
675969,0
675970,0
675971,0
675972,0
675973,0
675974,0
675975,0
675976,0
675977,0
675978,0
675979,0
675980,0
675981,0
675982,0
675983,0
675984,0
675985,0
675986,0
675987,0
675988,0
675989,0
675990,27
675991,0
675992,0
675993,23
675994,0
675995,37
675996,0
675997,0
675998,0
675999,0
676000,0
676001,0
676002,0
676003,0
676004,0
676005,0
676006,0
676007,0
676008,0
676009,0
676010,0
676011,0
676012,0
676013,27
676014,0
676015,0
676016,0
676017,0
676018,0
676019,0
676020,0
676021,0
676022,0
676023,0
676024,0
676025,0
676026,0
676027,0
676028,0
676029,0
676030,27
676031,0
676032,25
676033,0
676034,0
676035,0
676036,18
676037,0
676038,0
676039,0
676040,0
676041,0
676042,0
676043,34
676044,0
676045,0
676046,0
676047,0
676048,0
676049,26
676050,0
676051,0
676052,0
676053,0
676054,15
676055,0
676056,0
676057,0
676058,0
676059,0
676060,0
676061,0
676062,0
676063,0
676064,0
676065,0
676066,0
676067,29
676068,32
676069,0
676070,0
676071,0
676072,0
676073,0
676074,0
676075,0
676076,0
676077,0
676078,0
676079,0
676080,0
676081,27
676082,0
676083,0
676084,0
676085,0
676086,0
676087,0
676088,0
676089,0
676090,32
676091,0
676092,0
676093,0
676094,0
676095,0
676096,0
676097,0
676098,0
676099,0
676100,0
676101,0
676102,0
676103,0
676104,0
676105,0
676106,0
676107,0
676108,31
676109,0
676110,0
676111,0
676112,0
676113,0
676114,0
676115,0
676116,0
676117,0
676118,0
676119,0
676120,0
676121,0
676122,46
676123,33
676124,0
676125,0
676126,0
676127,0
676128,0
676129,25
676130,0
676131,29
676132,0
676133,0
676134,0
676135,0
676136,0
676137,0
676138,0
676139,0
676140,0
676141,0
676142,0
676143,0
676144,0
676145,0
676146,0
676147,0
676148,0
676149,0
676150,0
676151,0
676152,0
676153,0
676154,0
676155,0
676156,0
676157,0
676158,28
676159,0
676160,0
676161,0
676162,0
676163,0
676164,0
676165,0
676166,0
676167,0
676168,0
676169,0
676170,0
676171,0
676172,0
676173,0
676174,30
676175,0
676176,0
676177,31
676178,0
676179,0
676180,0
676181,0
676182,0
676183,0
676184,0
676185,0
676186,0
676187,0
676188,43
676189,0
676190,0
676191,0
676192,0
676193,0
676194,0
676195,0
676196,0
676197,25
676198,0
676199,0
676200,0
676201,0
676202,0
676203,0
676204,0
676205,0
676206,0
676207,0
676208,0
676209,0
676210,0
676211,0
676212,0
676213,0
676214,0
676215,0
676216,0
676217,0
676218,0
676219,23
676220,0
676221,0
676222,0
676223,0
676224,0
676225,0
676226,0
676227,0
676228,0
676229,0
676230,0
676231,18
676232,0
676233,0
676234,0
676235,0
676236,0
676237,0
676238,0
676239,0
676240,0
676241,0
676242,0
676243,0
676244,0
676245,0
676246,0
676247,0
676248,0
676249,0
676250,0
676251,0
676252,0
676253,0
676254,0
676255,0
676256,0
676257,0
676258,0
676259,33
676260,0
676261,0
676262,0
676263,0
676264,0
676265,0
676266,0
676267,24
676268,0
676269,0
676270,0
676271,0
676272,0
676273,0
676274,0
676275,0
676276,21
676277,0
676278,0
676279,0
676280,0
676281,0
676282,24
676283,0
676284,0
676285,0
676286,0
676287,0
676288,0
676289,0
676290,0
676291,0
676292,0
676293,0
676294,0
676295,0
676296,0
676297,22
676298,0
676299,0
676300,0
676301,0
676302,0
676303,21
676304,0
676305,0
676306,0
676307,18
676308,0
676309,0
676310,0
676311,0
676312,0
676313,0
676314,0
676315,0
676316,0
676317,0
676318,0
676319,0
676320,0
676321,32
676322,0
676323,0
676324,0
676325,0
676326,0
676327,0
676328,23
676329,0
676330,26
676331,0
676332,0
676333,30
676334,0
676335,0
676336,0
676337,0
676338,0
676339,0
676340,0
676341,0
676342,0
676343,0
676344,0
676345,0
676346,0
676347,0
676348,0
676349,0
676350,0
676351,0
676352,0
676353,0
676354,0
676355,0
676356,0
676357,0
676358,0
676359,25
676360,0
676361,0
676362,0
676363,0
676364,0
676365,0
676366,0
676367,0
676368,0
676369,0
676370,29
676371,0
676372,0
676373,0
676374,0
676375,42
676376,0
676377,0
676378,0
676379,0
676380,0
676381,0
676382,0
676383,0
676384,0
676385,0
676386,0
676387,0
676388,0
676389,0
676390,17
676391,0
676392,0
676393,0
676394,0
676395,0
676396,0
676397,0
676398,0
676399,29
676400,0
676401,0
676402,0
676403,0
676404,0
676405,0
676406,0
676407,0
676408,0
676409,0
676410,0
676411,21
676412,0
676413,0
676414,0
676415,0
676416,0
676417,0
676418,0
676419,0
676420,0
676421,0
676422,0
676423,0
676424,0
676425,0
676426,0
676427,0
676428,0
676429,0
676430,37
676431,0
676432,0
676433,0
676434,0
676435,0
676436,36
676437,0
676438,0
676439,0
676440,0
676441,0
676442,0
676443,0
676444,0
676445,0
676446,0
676447,0
676448,0
676449,0
676450,0
676451,0
676452,0
676453,0
676454,0
676455,0
676456,0
676457,0
676458,0
676459,29
676460,0
676461,0
676462,0
676463,0
676464,0
676465,0
676466,0
676467,0
676468,0
676469,0
676470,0
676471,0
676472,0
676473,0
676474,0
676475,0
676476,0
676477,0
676478,29
676479,0
676480,0
676481,0
676482,0
676483,0
676484,0
676485,0
676486,0
676487,0
676488,0
676489,0
676490,0
676491,0
676492,0
676493,0
676494,0
676495,0
676496,0
676497,0
676498,0
676499,0
676500,0
676501,0
676502,0
676503,0
676504,0
676505,0
676506,0
676507,0
676508,20
676509,0
676510,0
676511,0
676512,0
676513,0
676514,0
676515,0
676516,0
676517,0
676518,0
676519,0
676520,0
676521,0
676522,0
676523,0
676524,0
676525,0
676526,0
676527,0
676528,0
676529,30
676530,24
676531,0
676532,0
676533,0
676534,0
676535,0
676536,0
676537,22
676538,0
676539,0
676540,0
676541,0
676542,0
676543,0
676544,34
676545,0
676546,0
676547,0
676548,0
676549,0
676550,0
676551,0
676552,0
676553,0
676554,0
676555,0
676556,0
676557,0
676558,27
676559,0
676560,37
676561,0
676562,0
676563,32
676564,0
676565,0
676566,0
676567,0
676568,0
676569,0
676570,0
676571,0
676572,0
676573,0
676574,21
676575,0
676576,12
676577,0
676578,0
676579,36
676580,0
676581,0
676582,30
676583,0
676584,0
676585,0
676586,0
676587,0
676588,0
676589,0
676590,0
676591,0
676592,0
676593,19
676594,0
676595,0
676596,0
676597,0
676598,0
676599,0
676600,0
676601,0
676602,0
676603,0
676604,0
676605,0
676606,0
676607,0
676608,0
676609,0
676610,0
676611,0
676612,0
676613,0
676614,0
676615,0
676616,0
676617,0
676618,0
676619,0
676620,0
676621,0
676622,0
676623,0
676624,0
676625,0
676626,0
676627,0
676628,0
676629,0
676630,0
676631,0
676632,0
676633,0
676634,0
676635,0
676636,0
676637,0
676638,0
676639,0
676640,0
676641,0
676642,0
676643,0
676644,0
676645,0
676646,0
676647,0
676648,0
676649,0
676650,0
676651,0
676652,0
676653,0
676654,0
676655,0
676656,0
676657,0
676658,0
676659,0
676660,0
676661,0
676662,0
676663,0
676664,0
676665,0
676666,0
676667,0
676668,0
676669,0
676670,0
676671,0
676672,0
676673,0
676674,0
676675,0
676676,0
676677,0
676678,0
676679,1
676680,0
676681,0
676682,0
676683,0
676684,0
676685,0
676686,0
676687,0
676688,0
676689,0
676690,0
676691,0
676692,0
676693,0
676694,0
676695,0
676696,0
676697,0
676698,0
676699,0
676700,0
676701,0
676702,0
676703,0
676704,0
676705,0
676706,0
676707,0
676708,0
676709,0
676710,0
676711,0
676712,0
676713,0
676714,0
676715,0
676716,0
676717,0
676718,0
676719,0
676720,0
676721,0
676722,0
676723,0
676724,0
676725,0
676726,0
676727,0
676728,0
676729,0
676730,0
676731,0
676732,0
676733,0
676734,0
676735,0
676736,0
676737,0
676738,0
676739,0
676740,0
676741,0
676742,0
676743,0
676744,0
676745,0
676746,0
676747,0
676748,0
676749,0
676750,0
676751,0
676752,0
676753,0
676754,0
676755,0
676756,0
676757,0
676758,0
676759,0
676760,0
676761,0
676762,0
676763,0
676764,0
676765,0
676766,0
676767,0
676768,0
676769,0
676770,0
676771,0
676772,0
676773,0
676774,0
676775,0
676776,0
676777,0
676778,0
676779,0
676780,0
676781,0
676782,0
676783,0
676784,0
676785,0
676786,0
676787,0
676788,0
676789,0
676790,0
676791,0
676792,0
676793,0
676794,0
676795,0
676796,0
676797,0
676798,0
676799,0
676800,0
676801,0
676802,0
676803,0
676804,0
676805,0
676806,0
676807,0
676808,0
676809,0
676810,0
676811,0
676812,0
676813,0
676814,0
676815,0
676816,0
676817,0
676818,0
676819,0
676820,0
676821,0
676822,0
676823,0
676824,0
676825,0
676826,0
676827,0
676828,0
676829,0
676830,0
676831,0
676832,0
676833,0
676834,0
676835,0
676836,0
676837,0
676838,0
676839,0
676840,0
676841,0
676842,0
676843,0
676844,0
676845,0
676846,0
676847,0
676848,0
676849,0
676850,0
676851,0
676852,0
676853,0
676854,0
676855,0
676856,0
676857,0
676858,0
676859,0
676860,0
676861,0
676862,0
676863,0
676864,0
676865,0
676866,0
676867,0
676868,0
676869,0
676870,0
676871,0
676872,0
676873,0
676874,0
676875,0
676876,0
676877,0
676878,0
676879,0
676880,0
676881,0
676882,0
676883,0
676884,0
676885,0
676886,0
676887,0
676888,0
676889,0
676890,0
676891,0
676892,0
676893,0
676894,0
676895,0
676896,0
676897,0
676898,0
676899,0
676900,0
676901,0
676902,0
676903,0
676904,0
676905,0
676906,0
676907,0
676908,0
676909,0
676910,0
676911,0
676912,0
676913,0
676914,0
676915,0
676916,0
676917,0
676918,0
676919,0
676920,0
676921,0
676922,0
676923,0
676924,0
676925,0
676926,0
676927,0
676928,0
676929,0
676930,0
676931,0
676932,0
676933,0
676934,0
676935,0
676936,0
676937,0
676938,0
676939,0
676940,0
676941,0
676942,0
676943,0
676944,0
676945,0
676946,0
676947,0
676948,0
676949,0
676950,0
676951,0
676952,0
676953,0
676954,0
676955,0
676956,0
676957,0
676958,0
676959,0
676960,0
676961,0
676962,0
676963,0
676964,0
676965,0
676966,0
676967,0
676968,0
676969,0
676970,0
676971,0
676972,0
676973,0
676974,0
676975,0
676976,0
676977,0
676978,0
676979,0
676980,0
676981,0
676982,0
676983,0
676984,0
676985,0
676986,0
676987,0
676988,0
676989,0
676990,0
676991,0
676992,0
676993,0
676994,0
676995,0
676996,0
676997,0
676998,0
676999,0
677000,0
677001,0
677002,0
677003,0
677004,0
677005,0
677006,0
677007,0
677008,0
677009,0
677010,0
677011,0
677012,0
677013,0
677014,0
677015,0
677016,0
677017,0
677018,0
677019,0
677020,0
677021,0
677022,0
677023,0
677024,0
677025,0
677026,0
677027,0
677028,0
677029,0
677030,0
677031,0
677032,0
677033,0
677034,0
677035,0
677036,0
677037,0
677038,0
677039,0
677040,0
677041,0
677042,0
677043,0
677044,0
677045,0
677046,0
677047,0
677048,0
677049,0
677050,0
677051,0
677052,0
677053,0
677054,0
677055,0
677056,0
677057,0
677058,0
677059,0
677060,0
677061,0
677062,0
677063,0
677064,0
677065,0
677066,0
677067,0
677068,0
677069,0
677070,0
677071,0
677072,0
677073,0
677074,0
677075,0
677076,0
677077,0
677078,0
677079,0
677080,0
677081,0
677082,0
677083,0
677084,0
677085,0
677086,0
677087,0
677088,0
677089,0
677090,0
677091,0
677092,0
677093,0
677094,0
677095,0
677096,0
677097,0
677098,0
677099,0
677100,0
677101,0
677102,0
677103,0
677104,0
677105,0
677106,0
677107,0
677108,0
677109,0
677110,0
677111,0
677112,0
677113,0
677114,0
677115,0
677116,0
677117,0
677118,0
677119,0
677120,0
677121,0
677122,0
677123,0
677124,0
677125,0
677126,0
677127,0
677128,0
677129,0
677130,0
677131,0
677132,0
677133,0
677134,0
677135,0
677136,0
677137,0
677138,0
677139,0
677140,0
677141,0
677142,0
677143,0
677144,0
677145,0
677146,0
677147,0
677148,0
677149,0
677150,0
677151,0
677152,0
677153,0
677154,0
677155,0
677156,0
677157,0
677158,0
677159,0
677160,0
677161,0
677162,0
677163,0
677164,0
677165,0
677166,0
677167,0
677168,0
677169,0
677170,0
677171,0
677172,0
677173,0
677174,0
677175,0
677176,0
677177,0
677178,0
677179,0
677180,0
677181,0
677182,0
677183,0
677184,0
677185,0
677186,0
677187,0
677188,0
677189,0
677190,0
677191,0
677192,0
677193,0
677194,0
677195,0
677196,0
677197,0
677198,0
677199,0
677200,0
677201,0
677202,0
677203,0
677204,0
677205,0
677206,0
677207,0
677208,0
677209,0
677210,0
677211,0
677212,0
677213,0
677214,0
677215,0
677216,0
677217,0
677218,0
677219,0
677220,0
677221,0
677222,0
677223,0
677224,0
677225,0
677226,0
677227,0
677228,0
677229,0
677230,0
677231,0
677232,0
677233,0
677234,0
677235,0
677236,0
677237,0
677238,0
677239,0
677240,0
677241,0
677242,0
677243,0
677244,0
677245,0
677246,0
677247,0
677248,0
677249,0
677250,0
677251,0
677252,0
677253,0
677254,0
677255,0
677256,0
677257,0
677258,0
677259,0
677260,0
677261,0
677262,0
677263,0
677264,0
677265,0
677266,0
677267,0
677268,0
677269,0
677270,0
677271,0
677272,0
677273,0
677274,0
677275,0
677276,0
677277,0
677278,0
677279,0
677280,0
677281,0
677282,0
677283,0
677284,0
677285,0
677286,0
677287,0
677288,0
677289,0
677290,0
677291,0
677292,0
677293,0
677294,0
677295,0
677296,0
677297,0
677298,0
677299,0
677300,0
677301,0
677302,0
677303,0
677304,0
677305,0
677306,0
677307,0
677308,0
677309,0
677310,0
677311,0
677312,0
677313,0
677314,0
677315,0
677316,0
677317,0
677318,0
677319,0
677320,0
677321,0
677322,0
677323,0
677324,0
677325,0
677326,0
677327,0
677328,0
677329,0
677330,0
677331,0
677332,0
677333,0
677334,0
677335,0
677336,0
677337,0
677338,0
677339,0
677340,0
677341,0
677342,0
677343,0
677344,0
677345,0
677346,0
677347,0
677348,0
677349,0
677350,0
677351,0
677352,0
677353,0
677354,0
677355,0
677356,0
677357,0
677358,0
677359,0
677360,0
677361,0
677362,0
677363,0
677364,0
677365,0
677366,0
677367,0
677368,0
677369,0
677370,0
677371,0
677372,0
677373,0
677374,0
677375,0
677376,0
677377,0
677378,0
677379,0
677380,0
677381,0
677382,0
677383,0
677384,0
677385,0
677386,0
677387,0
677388,0
677389,0
677390,0
677391,0
677392,0
677393,0
677394,0
677395,0
677396,0
677397,0
677398,0
677399,0
677400,0
677401,0
677402,0
677403,0
677404,0
677405,0
677406,0
677407,0
677408,0
677409,0
677410,0
677411,0
677412,0
677413,0
677414,0
677415,0
677416,0
677417,0
677418,0
677419,0
677420,0
677421,0
677422,0
677423,0
677424,0
677425,0
677426,0
677427,0
677428,0
677429,0
677430,0
677431,0
677432,0
677433,0
677434,0
677435,0
677436,0
677437,0
677438,0
677439,0
677440,0
677441,0
677442,0
677443,0
677444,0
677445,0
677446,0
677447,0
677448,0
677449,0
677450,0
677451,0
677452,0
677453,0
677454,0
677455,0
677456,1
677457,0
677458,0
677459,0
677460,0
677461,0
677462,0
677463,0
677464,0
677465,0
677466,0
677467,0
677468,0
677469,0
677470,0
677471,0
677472,0
677473,0
677474,0
677475,0
677476,0
677477,0
677478,0
677479,0
677480,0
677481,0
677482,0
677483,0
677484,0
677485,0
677486,0
677487,0
677488,1
677489,0
677490,0
677491,0
677492,0
677493,0
677494,0
677495,0
677496,0
677497,0
677498,0
677499,0
677500,0
677501,0
677502,0
677503,0
677504,0
677505,0
677506,0
677507,0
677508,0
677509,0
677510,0
677511,0
677512,0
677513,0
677514,0
677515,0
677516,0
677517,0
677518,0
677519,0
677520,0
677521,0
677522,0
677523,0
677524,0
677525,0
677526,0
677527,0
677528,0
677529,0
677530,0
677531,0
677532,0
677533,0
677534,0
677535,0
677536,0
677537,0
677538,0
677539,0
677540,0
677541,0
677542,0
677543,0
677544,0
677545,0
677546,0
677547,0
677548,0
677549,0
677550,0
677551,0
677552,0
677553,1
677554,0
677555,0
677556,0
677557,0
677558,0
677559,0
677560,0
677561,0
677562,0
677563,0
677564,0
677565,0
677566,0
677567,0
677568,0
677569,0
677570,0
677571,0
677572,0
677573,0
677574,0
677575,0
677576,0
677577,0
677578,0
677579,0
677580,0
677581,0
677582,0
677583,0
677584,1
677585,0
677586,0
677587,0
677588,0
677589,0
677590,0
677591,0
677592,0
677593,0
677594,0
677595,0
677596,0
677597,0
677598,0
677599,0
677600,0
677601,0
677602,0
677603,0
677604,0
677605,0
677606,0
677607,0
677608,0
677609,0
677610,0
677611,0
677612,0
677613,0
677614,0
677615,0
677616,0
677617,0
677618,0
677619,0
677620,0
677621,0
677622,0
677623,0
677624,0
677625,0
677626,0
677627,0
677628,0
677629,0
677630,0
677631,0
677632,0
677633,0
677634,0
677635,0
677636,0
677637,0
677638,0
677639,0
677640,0
677641,0
677642,0
677643,0
677644,0
677645,0
677646,0
677647,0
677648,0
677649,0
677650,0
677651,0
677652,0
677653,1
677654,0
677655,0
677656,0
677657,0
677658,0
677659,0
677660,0
677661,0
677662,0
677663,0
677664,0
677665,0
677666,0
677667,0
677668,0
677669,0
677670,0
677671,0
677672,0
677673,0
677674,0
677675,0
677676,0
677677,0
677678,0
677679,0
677680,0
677681,0
677682,0
677683,0
677684,0
677685,0
677686,0
677687,0
677688,0
677689,1
677690,0
677691,0
677692,0
677693,0
677694,0
677695,0
677696,0
677697,0
677698,0
677699,0
677700,0
677701,0
677702,0
677703,0
677704,0
677705,0
677706,0
677707,0
677708,0
677709,0
677710,0
677711,0
677712,0
677713,0
677714,0
677715,0
677716,0
677717,0
677718,0
677719,0
677720,0
677721,0
677722,0
677723,0
677724,0
677725,0
677726,0
677727,0
677728,0
677729,0
677730,0
677731,0
677732,0
677733,0
677734,0
677735,0
677736,0
677737,0
677738,0
677739,0
677740,0
677741,0
677742,0
677743,0
677744,0
677745,0
677746,0
677747,0
677748,0
677749,0
677750,0
677751,0
677752,0
677753,0
677754,0
677755,0
677756,0
677757,0
677758,0
677759,0
677760,0
677761,0
677762,0
677763,0
677764,0
677765,0
677766,0
677767,0
677768,0
677769,0
677770,0
677771,0
677772,0
677773,0
677774,0
677775,0
677776,0
677777,0
677778,0
677779,0
677780,0
677781,0
677782,0
677783,0
677784,0
677785,0
677786,0
677787,0
677788,0
677789,0
677790,0
677791,0
677792,0
677793,0
677794,0
677795,0
677796,0
677797,0
677798,0
677799,0
677800,0
677801,0
677802,0
677803,0
677804,0
677805,0
677806,0
677807,0
677808,0
677809,0
677810,0
677811,0
677812,0
677813,0
677814,0
677815,0
677816,0
677817,0
677818,0
677819,0
677820,0
677821,0
677822,0
677823,0
677824,0
677825,0
677826,0
677827,0
677828,0
677829,0
677830,0
677831,0
677832,0
677833,0
677834,0
677835,0
677836,0
677837,0
677838,0
677839,0
677840,0
677841,0
677842,0
677843,0
677844,0
677845,0
677846,0
677847,0
677848,0
677849,0
677850,0
677851,0
677852,0
677853,0
677854,0
677855,0
677856,0
677857,0
677858,0
677859,0
677860,0
677861,0
677862,0
677863,0
677864,0
677865,0
677866,0
677867,0
677868,0
677869,0
677870,0
677871,0
677872,0
677873,1
677874,0
677875,0
677876,0
677877,0
677878,0
677879,0
677880,0
677881,4
677882,0
677883,0
677884,0
677885,0
677886,0
677887,0
677888,0
677889,3
677890,0
677891,0
677892,0
677893,0
677894,0
677895,0
677896,0
677897,0
677898,0
677899,0
677900,3
677901,0
677902,0
677903,0
677904,6
677905,0
677906,0
677907,7
677908,3
677909,0
677910,0
677911,0
677912,0
677913,0
677914,2
677915,0
677916,0
677917,0
677918,0
677919,0
677920,0
677921,0
677922,5
677923,0
677924,0
677925,0
677926,5
677927,0
677928,0
677929,0
677930,0
677931,0
677932,7
677933,3
677934,0
677935,4
677936,0
677937,3
677938,0
677939,0
677940,0
677941,0
677942,0
677943,0
677944,0
677945,0
677946,0
677947,0
677948,0
677949,0
677950,0
677951,2
677952,0
677953,0
677954,2
677955,6
677956,2
677957,0
677958,0
677959,0
677960,0
677961,0
677962,0
677963,0
677964,0
677965,0
677966,0
677967,0
677968,4
677969,3
677970,0
677971,0
677972,8
677973,0
677974,4
677975,0
677976,0
677977,0
677978,6
677979,4
677980,0
677981,5
677982,0
677983,8
677984,2
677985,0
677986,0
677987,0
677988,0
677989,0
677990,0
677991,5
677992,4
677993,0
677994,0
677995,0
677996,0
677997,0
677998,0
677999,0
678000,5
678001,0
678002,2
678003,0
678004,0
678005,8
678006,0
678007,0
678008,0
678009,0
678010,0
678011,0
678012,0
678013,0
678014,2
678015,5
678016,0
678017,0
678018,0
678019,0
678020,0
678021,0
678022,2
678023,5
678024,0
678025,0
678026,0
678027,0
678028,0
678029,5
678030,4
678031,0
678032,9
678033,4
678034,0
678035,5
678036,0
678037,0
678038,0
678039,0
678040,0
678041,0
678042,0
678043,0
678044,0
678045,0
678046,0
678047,2
678048,0
678049,0
678050,0
678051,3
678052,0
678053,0
678054,0
678055,0
678056,4
678057,0
678058,0
678059,0
678060,0
678061,0
678062,0
678063,0
678064,0
678065,0
678066,0
678067,5
678068,0
678069,6
678070,5
678071,0
678072,0
678073,0
678074,0
678075,0
678076,0
678077,0
678078,4
678079,0
678080,0
678081,0
678082,0
678083,0
678084,0
678085,0
678086,0
678087,0
678088,0
678089,0
678090,0
678091,0
678092,0
678093,0
678094,0
678095,2
678096,4
678097,0
678098,5
678099,0
678100,0
678101,0
678102,0
678103,0
678104,0
678105,0
678106,0
678107,0
678108,0
678109,0
678110,0
678111,0
678112,7
678113,0
678114,0
678115,0
678116,0
678117,0
678118,0
678119,0
678120,0
678121,0
678122,0
678123,0
678124,2
678125,0
678126,0
678127,0
678128,0
678129,5
678130,0
678131,0
678132,0
678133,0
678134,0
678135,0
678136,0
678137,0
678138,2
678139,6
678140,0
678141,0
678142,0
678143,0
678144,0
678145,0
678146,4
678147,3
678148,0
678149,0
678150,0
678151,0
678152,0
678153,0
678154,0
678155,0
678156,0
678157,0
678158,0
678159,0
678160,0
678161,0
678162,0
678163,8
678164,0
678165,0
678166,0
678167,0
678168,0
678169,0
678170,0
678171,0
678172,0
678173,0
678174,0
678175,0
678176,0
678177,0
678178,5
678179,0
678180,0
678181,0
678182,8
678183,0
678184,0
678185,0
678186,0
678187,0
678188,0
678189,0
678190,0
678191,4
678192,0
678193,0
678194,0
678195,0
678196,0
678197,0
678198,0
678199,0
678200,0
678201,0
678202,0
678203,0
678204,0
678205,0
678206,8
678207,0
678208,0
678209,2
678210,0
678211,0
678212,4
678213,2
678214,0
678215,0
678216,0
678217,0
678218,0
678219,0
678220,0
678221,0
678222,0
678223,0
678224,0
678225,0
678226,15
678227,0
678228,16
678229,0
678230,0
678231,17
678232,0
678233,0
678234,17
678235,0
678236,21
678237,0
678238,14
678239,21
678240,0
678241,0
678242,0
678243,0
678244,0
678245,14
678246,0
678247,15
678248,0
678249,0
678250,0
678251,0
678252,0
678253,16
678254,0
678255,0
678256,18
678257,0
678258,0
678259,0
678260,17
678261,18
678262,0
678263,0
678264,0
678265,16
678266,0
678267,0
678268,0
678269,0
678270,0
678271,0
678272,0
678273,0
678274,0
678275,0
678276,0
678277,0
678278,0
678279,0
678280,0
678281,0
678282,0
678283,0
678284,0
678285,0
678286,24
678287,0
678288,0
678289,0
678290,0
678291,0
678292,0
678293,0
678294,0
678295,0
678296,39
678297,0
678298,0
678299,0
678300,21
678301,0
678302,0
678303,0
678304,0
678305,0
678306,0
678307,0
678308,0
678309,13
678310,0
678311,0
678312,0
678313,0
678314,0
678315,0
678316,0
678317,20
678318,0
678319,30
678320,14
678321,0
678322,0
678323,0
678324,25
678325,0
678326,0
678327,0
678328,0
678329,20
678330,21
678331,0
678332,0
678333,0
678334,0
678335,0
678336,16
678337,0
678338,0
678339,20
678340,0
678341,27
678342,30
678343,0
678344,0
678345,0
678346,0
678347,25
678348,0
678349,0
678350,0
678351,0
678352,0
678353,0
678354,0
678355,0
678356,0
678357,0
678358,15
678359,0
678360,0
678361,0
678362,21
678363,0
678364,0
678365,0
678366,17
678367,0
678368,0
678369,0
678370,26
678371,13
678372,0
678373,0
678374,0
678375,0
678376,17
678377,0
678378,0
678379,0
678380,17
678381,15
678382,18
678383,0
678384,14
678385,0
678386,0
678387,0
678388,0
678389,0
678390,21
678391,20
678392,0
678393,0
678394,0
678395,0
678396,0
678397,0
678398,0
678399,21
678400,0
678401,0
678402,0
678403,0
678404,0
678405,0
678406,22
678407,25
678408,0
678409,0
678410,17
678411,23
678412,0
678413,0
678414,24
678415,0
678416,19
678417,14
678418,0
678419,0
678420,0
678421,0
678422,0
678423,0
678424,0
678425,21
678426,0
678427,0
678428,0
678429,0
678430,0
678431,0
678432,0
678433,0
678434,0
678435,0
678436,0
678437,0
678438,0
678439,0
678440,0
678441,10
678442,0
678443,0
678444,16
678445,0
678446,0
678447,23
678448,0
678449,0
678450,0
678451,14
678452,0
678453,0
678454,14
678455,0
678456,0
678457,0
678458,0
678459,0
678460,0
678461,20
678462,0
678463,0
678464,0
678465,0
678466,20
678467,0
678468,0
678469,0
678470,0
678471,0
678472,0
678473,0
678474,0
678475,0
678476,0
678477,0
678478,24
678479,0
678480,0
678481,16
678482,0
678483,18
678484,0
678485,0
678486,0
678487,0
678488,0
678489,0
678490,19
678491,20
678492,16
678493,0
678494,10
678495,0
678496,0
678497,0
678498,19
678499,0
678500,0
678501,0
678502,0
678503,0
678504,0
678505,0
678506,0
678507,30
678508,11
678509,0
678510,0
678511,23
678512,0
678513,0
678514,0
678515,0
678516,25
678517,0
678518,0
678519,0
678520,21
678521,0
678522,0
678523,0
678524,0
678525,0
678526,0
678527,0
678528,0
678529,0
678530,0
678531,0
678532,0
678533,0
678534,0
678535,0
678536,20
678537,0
678538,0
678539,0
678540,0
678541,16
678542,0
678543,0
678544,0
678545,0
678546,0
678547,0
678548,0
678549,0
678550,20
678551,0
678552,0
678553,0
678554,0
678555,14
678556,0
678557,0
678558,23
678559,0
678560,0
678561,0
678562,25
678563,27
678564,0
678565,0
678566,0
678567,23
678568,0
678569,0
678570,0
678571,0
678572,0
678573,0
678574,0
678575,8
678576,0
678577,0
678578,0
678579,0
678580,0
678581,0
678582,0
678583,23
678584,0
678585,0
678586,0
678587,0
678588,0
678589,0
678590,18
678591,0
678592,15
678593,29
678594,0
678595,0
678596,0
678597,0
678598,0
678599,27
678600,0
678601,0
678602,0
678603,0
678604,0
678605,0
678606,11
678607,0
678608,0
678609,0
678610,0
678611,0
678612,0
678613,0
678614,0
678615,0
678616,0
678617,0
678618,0
678619,19
678620,0
678621,0
678622,16
678623,0
678624,0
678625,0
678626,0
678627,26
678628,0
678629,0
678630,0
678631,15
678632,0
678633,0
678634,0
678635,15
678636,0
678637,0
678638,0
678639,0
678640,0
678641,0
678642,0
678643,0
678644,0
678645,0
678646,0
678647,0
678648,0
678649,11
678650,26
678651,0
678652,0
678653,0
678654,0
678655,30
678656,0
678657,14
678658,0
678659,0
678660,0
678661,0
678662,0
678663,0
678664,0
678665,0
678666,0
678667,28
678668,0
678669,0
678670,0
678671,20
678672,0
678673,0
678674,0
678675,0
678676,20
678677,20
678678,23
678679,0
678680,0
678681,16
678682,0
678683,0
678684,0
678685,15
678686,0
678687,0
678688,17
678689,0
678690,0
678691,0
678692,20
678693,0
678694,0
678695,0
678696,0
678697,22
678698,0
678699,0
678700,0
678701,27
678702,0
678703,0
678704,0
678705,0
678706,41
678707,0
678708,0
678709,0
678710,44
678711,0
678712,0
678713,0
678714,0
678715,0
678716,32
678717,0
678718,0
678719,43
678720,0
678721,0
678722,33
678723,0
678724,0
678725,0
678726,0
678727,0
678728,0
678729,0
678730,0
678731,0
678732,0
678733,0
678734,0
678735,0
678736,0
678737,0
678738,43
678739,0
678740,0
678741,0
678742,0
678743,0
678744,0
678745,0
678746,0
678747,50
678748,41
678749,0
678750,0
678751,0
678752,41
678753,0
678754,0
678755,58
678756,0
678757,0
678758,0
678759,0
678760,0
678761,0
678762,45
678763,0
678764,0
678765,0
678766,0
678767,0
678768,0
678769,61
678770,0
678771,0
678772,0
678773,0
678774,0
678775,39
678776,0
678777,0
678778,0
678779,0
678780,0
678781,0
678782,25
678783,0
678784,0
678785,0
678786,0
678787,0
678788,0
678789,39
678790,0
678791,0
678792,0
678793,0
678794,0
678795,0
678796,0
678797,0
678798,0
678799,33
678800,0
678801,0
678802,0
678803,0
678804,0
678805,0
678806,34
678807,0
678808,0
678809,0
678810,0
678811,0
678812,32
678813,0
678814,0
678815,0
678816,0
678817,0
678818,0
678819,0
678820,0
678821,0
678822,0
678823,0
678824,0
678825,0
678826,0
678827,55
678828,0
678829,40
678830,0
678831,0
678832,0
678833,0
678834,37
678835,0
678836,0
678837,0
678838,0
678839,56
678840,0
678841,0
678842,0
678843,34
678844,0
678845,0
678846,0
678847,0
678848,0
678849,0
678850,0
678851,0
678852,0
678853,0
678854,0
678855,0
678856,0
678857,0
678858,0
678859,0
678860,0
678861,0
678862,51
678863,0
678864,0
678865,0
678866,39
678867,0
678868,0
678869,32
678870,0
678871,0
678872,34
678873,0
678874,0
678875,0
678876,0
678877,0
678878,24
678879,47
678880,0
678881,0
678882,0
678883,45
678884,0
678885,0
678886,0
678887,0
678888,0
678889,0
678890,0
678891,0
678892,0
678893,0
678894,0
678895,0
678896,0
678897,0
678898,0
678899,24
678900,41
678901,0
678902,0
678903,0
678904,0
678905,0
678906,0
678907,35
678908,47
678909,0
678910,0
678911,0
678912,0
678913,50
678914,0
678915,0
678916,0
678917,0
678918,0
678919,0
678920,0
678921,0
678922,0
678923,0
678924,0
678925,0
678926,0
678927,0
678928,0
678929,0
678930,0
678931,0
678932,0
678933,0
678934,0
678935,0
678936,0
678937,0
678938,0
678939,0
678940,0
678941,37
678942,0
678943,36
678944,0
678945,0
678946,0
678947,0
678948,0
678949,0
678950,0
678951,0
678952,0
678953,0
678954,42
678955,37
678956,0
678957,0
678958,0
678959,37
678960,22
678961,0
678962,36
678963,0
678964,0
678965,0
678966,0
678967,0
678968,0
678969,0
678970,0
678971,0
678972,0
678973,0
678974,0
678975,0
678976,0
678977,0
678978,0
678979,0
678980,44
678981,40
678982,52
678983,0
678984,0
678985,0
678986,35
678987,0
678988,0
678989,0
678990,49
678991,0
678992,0
678993,0
678994,0
678995,0
678996,0
678997,0
678998,0
678999,0
679000,0
679001,0
679002,37
679003,0
679004,0
679005,0
679006,0
679007,27
679008,0
679009,0
679010,36
679011,0
679012,0
679013,0
679014,0
679015,0
679016,0
679017,0
679018,25
679019,0
679020,46
679021,0
679022,0
679023,0
679024,0
679025,0
679026,0
679027,0
679028,0
679029,0
679030,37
679031,0
679032,0
679033,0
679034,0
679035,0
679036,0
679037,0
679038,0
679039,0
679040,36
679041,0
679042,31
679043,0
679044,0
679045,0
679046,0
679047,0
679048,0
679049,0
679050,0
679051,0
679052,0
679053,0
679054,0
679055,0
679056,0
679057,0
679058,0
679059,0
679060,0
679061,0
679062,45
679063,0
679064,0
679065,0
679066,0
679067,0
679068,0
679069,0
679070,43
679071,0
679072,0
679073,36
679074,0
679075,41
679076,0
679077,0
679078,0
679079,0
679080,37
679081,0
679082,37
679083,40
679084,0
679085,0
679086,27
679087,0
679088,0
679089,0
679090,31
679091,0
679092,50
679093,43
679094,0
679095,0
679096,0
679097,0
679098,25
679099,0
679100,0
679101,0
679102,0
679103,0
679104,0
679105,0
679106,25
679107,0
679108,0
679109,0
679110,37
679111,0
679112,0
679113,0
679114,0
679115,0
679116,28
679117,0
679118,0
679119,0
679120,0
679121,0
679122,33
679123,0
679124,0
679125,0
679126,0
679127,0
679128,0
679129,0
679130,31
679131,0
679132,0
679133,0
679134,0
679135,0
679136,45
679137,0
679138,0
679139,0
679140,46
679141,0
679142,0
679143,0
679144,49
679145,0
679146,0
679147,0
679148,0
679149,0
679150,0
679151,0
679152,0
679153,0
679154,0
679155,0
679156,38
679157,0
679158,0
679159,0
679160,40
679161,0
679162,0
679163,0
679164,0
679165,0
679166,0
679167,0
679168,31
679169,41
679170,0
679171,0
679172,0
679173,37
679174,0
679175,0
679176,0
679177,0
679178,0
679179,0
679180,0
679181,0
679182,0
679183,26
679184,0
679185,43
679186,0
679187,0
679188,0
679189,0
679190,0
679191,37
679192,0
679193,0
679194,0
679195,0
679196,0
679197,0
679198,0
679199,0
679200,0
679201,0
679202,0
679203,25
679204,0
679205,0
679206,0
679207,0
679208,37
679209,0
679210,0
679211,0
679212,0
679213,0
679214,0
679215,24
679216,0
679217,31
679218,0
679219,0
679220,0
679221,0
679222,0
679223,0
679224,0
679225,0
679226,0
679227,0
679228,0
679229,44
679230,0
679231,0
679232,0
679233,0
679234,35
679235,0
679236,0
679237,0
679238,0
679239,42
679240,37
679241,0
679242,42
679243,28
679244,0
679245,41
679246,0
679247,0
679248,29
679249,0
679250,0
679251,53
679252,0
679253,39
679254,0
679255,0
679256,0
679257,0
679258,36
679259,0
679260,0
679261,0
679262,0
679263,0
679264,0
679265,0
679266,0
679267,0
679268,0
679269,22
679270,0
679271,0
679272,0
679273,39
679274,0
679275,49
679276,0
679277,0
679278,0
679279,0
679280,0
679281,0
679282,0
679283,26
679284,0
679285,0
679286,0
679287,0
679288,0
679289,51
679290,0
679291,0
679292,0
679293,40
679294,0
679295,0
679296,0
679297,29
679298,0
679299,39
679300,43
679301,33
679302,0
679303,0
679304,33
679305,0
679306,0
679307,24
679308,0
679309,46
679310,0
679311,0
679312,0
679313,36
679314,34
679315,0
679316,39
679317,0
679318,0
679319,0
679320,0
679321,34
679322,0
679323,0
679324,0
679325,0
679326,27
679327,0
679328,0
679329,0
679330,0
679331,0
679332,0
679333,0
679334,0
679335,0
679336,0
679337,0
679338,0
679339,0
679340,19
679341,0
679342,0
679343,0
679344,0
679345,0
679346,0
679347,0
679348,0
679349,0
679350,0
679351,0
679352,0
679353,0
679354,0
679355,0
679356,0
679357,0
679358,0
679359,0
679360,0
679361,0
679362,0
679363,0
679364,0
679365,0
679366,0
679367,0
679368,0
679369,0
679370,24
679371,0
679372,0
679373,0
679374,0
679375,0
679376,0
679377,0
679378,0
679379,25
679380,0
679381,0
679382,0
679383,0
679384,0
679385,0
679386,0
679387,0
679388,0
679389,0
679390,0
679391,0
679392,0
679393,0
679394,0
679395,0
679396,0
679397,0
679398,0
679399,0
679400,0
679401,28
679402,0
679403,0
679404,0
679405,0
679406,0
679407,10
679408,0
679409,0
679410,0
679411,0
679412,0
679413,15
679414,0
679415,0
679416,0
679417,0
679418,0
679419,0
679420,0
679421,0
679422,0
679423,0
679424,0
679425,0
679426,0
679427,0
679428,0
679429,0
679430,0
679431,0
679432,0
679433,0
679434,0
679435,0
679436,0
679437,0
679438,0
679439,0
679440,0
679441,0
679442,0
679443,0
679444,0
679445,0
679446,0
679447,0
679448,18
679449,0
679450,0
679451,0
679452,0
679453,0
679454,25
679455,0
679456,19
679457,0
679458,0
679459,0
679460,0
679461,0
679462,0
679463,0
679464,0
679465,19
679466,0
679467,0
679468,0
679469,0
679470,0
679471,0
679472,29
679473,0
679474,17
679475,0
679476,0
679477,0
679478,0
679479,0
679480,0
679481,0
679482,32
679483,0
679484,0
679485,0
679486,25
679487,0
679488,0
679489,0
679490,0
679491,0
679492,0
679493,0
679494,0
679495,0
679496,0
679497,0
679498,0
679499,0
679500,0
679501,0
679502,0
679503,0
679504,0
679505,0
679506,0
679507,0
679508,0
679509,0
679510,0
679511,0
679512,0
679513,0
679514,0
679515,0
679516,0
679517,0
679518,0
679519,0
679520,0
679521,0
679522,0
679523,18
679524,0
679525,0
679526,0
679527,0
679528,0
679529,0
679530,0
679531,0
679532,0
679533,34
679534,0
679535,0
679536,0
679537,0
679538,0
679539,0
679540,0
679541,21
679542,0
679543,0
679544,0
679545,0
679546,0
679547,0
679548,0
679549,0
679550,0
679551,0
679552,0
679553,0
679554,0
679555,0
679556,0
679557,0
679558,0
679559,0
679560,0
679561,0
679562,0
679563,0
679564,19
679565,0
679566,0
679567,0
679568,0
679569,0
679570,0
679571,0
679572,0
679573,0
679574,0
679575,0
679576,0
679577,0
679578,0
679579,0
679580,0
679581,0
679582,0
679583,0
679584,0
679585,0
679586,0
679587,0
679588,0
679589,0
679590,0
679591,0
679592,0
679593,26
679594,0
679595,0
679596,0
679597,0
679598,32
679599,19
679600,0
679601,0
679602,0
679603,20
679604,0
679605,0
679606,0
679607,0
679608,0
679609,0
679610,0
679611,0
679612,0
679613,0
679614,0
679615,26
679616,29
679617,0
679618,0
679619,0
679620,0
679621,0
679622,0
679623,0
679624,0
679625,0
679626,0
679627,0
679628,0
679629,0
679630,0
679631,21
679632,0
679633,0
679634,0
679635,0
679636,0
679637,0
679638,0
679639,0
679640,0
679641,24
679642,0
679643,0
679644,0
679645,0
679646,34
679647,0
679648,0
679649,0
679650,25
679651,0
679652,0
679653,0
679654,20
679655,0
679656,0
679657,0
679658,0
679659,28
679660,0
679661,0
679662,0
679663,0
679664,0
679665,0
679666,26
679667,0
679668,0
679669,0
679670,0
679671,0
679672,0
679673,0
679674,0
679675,0
679676,0
679677,0
679678,0
679679,0
679680,25
679681,0
679682,0
679683,0
679684,0
679685,0
679686,0
679687,0
679688,0
679689,0
679690,0
679691,0
679692,25
679693,0
679694,0
679695,0
679696,0
679697,0
679698,0
679699,19
679700,0
679701,0
679702,0
679703,0
679704,0
679705,28
679706,0
679707,0
679708,0
679709,0
679710,0
679711,0
679712,0
679713,0
679714,0
679715,0
679716,0
679717,0
679718,0
679719,28
679720,24
679721,25
679722,0
679723,0
679724,22
679725,0
679726,0
679727,0
679728,0
679729,0
679730,0
679731,0
679732,26
679733,0
679734,0
679735,0
679736,0
679737,0
679738,0
679739,0
679740,0
679741,30
679742,0
679743,0
679744,0
679745,0
679746,0
679747,0
679748,0
679749,0
679750,0
679751,0
679752,0
679753,0
679754,0
679755,0
679756,0
679757,0
679758,0
679759,0
679760,0
679761,0
679762,0
679763,33
679764,0
679765,0
679766,19
679767,0
679768,39
679769,0
679770,0
679771,34
679772,0
679773,0
679774,35
679775,0
679776,0
679777,0
679778,0
679779,0
679780,0
679781,0
679782,30
679783,45
679784,0
679785,32
679786,0
679787,0
679788,23
679789,34
679790,0
679791,0
679792,0
679793,0
679794,0
679795,0
679796,0
679797,0
679798,46
679799,0
679800,0
679801,0
679802,0
679803,0
679804,0
679805,0
679806,0
679807,0
679808,0
679809,27
679810,0
679811,0
679812,0
679813,0
679814,0
679815,36
679816,30
679817,0
679818,0
679819,0
679820,0
679821,0
679822,0
679823,37
679824,44
679825,40
679826,0
679827,0
679828,0
679829,0
679830,0
679831,44
679832,0
679833,0
679834,0
679835,0
679836,36
679837,0
679838,0
679839,0
679840,25
679841,37
679842,0
679843,49
679844,0
679845,39
679846,0
679847,38
679848,0
679849,0
679850,39
679851,0
679852,41
679853,0
679854,0
679855,0
679856,0
679857,0
679858,0
679859,44
679860,0
679861,0
679862,0
679863,0
679864,0
679865,41
679866,0
679867,0
679868,0
679869,0
679870,0
679871,43
679872,0
679873,0
679874,27
679875,0
679876,36
679877,0
679878,0
679879,0
679880,0
679881,0
679882,0
679883,0
679884,0
679885,0
679886,0
679887,0
679888,0
679889,50
679890,34
679891,36
679892,0
679893,0
679894,0
679895,0
679896,0
679897,55
679898,39
679899,31
679900,0
679901,0
679902,36
679903,0
679904,0
679905,0
679906,0
679907,0
679908,0
679909,0
679910,0
679911,50
679912,0
679913,0
679914,0
679915,0
679916,0
679917,0
679918,0
679919,33
679920,0
679921,0
679922,0
679923,0
679924,0
679925,46
679926,37
679927,0
679928,48
679929,0
679930,37
679931,0
679932,0
679933,0
679934,0
679935,0
679936,38
679937,0
679938,0
679939,0
679940,47
679941,0
679942,32
679943,0
679944,29
679945,36
679946,0
679947,0
679948,0
679949,0
679950,43
679951,0
679952,26
679953,0
679954,0
679955,0
679956,17
679957,0
679958,41
679959,0
679960,0
679961,0
679962,48
679963,0
679964,0
679965,0
679966,0
679967,0
679968,0
679969,0
679970,0
679971,0
679972,0
679973,0
679974,33
679975,37
679976,25
679977,0
679978,45
679979,52
679980,32
679981,0
679982,0
679983,0
679984,0
679985,0
679986,0
679987,0
679988,0
679989,29
679990,36
679991,0
679992,0
679993,0
679994,22
679995,0
679996,0
679997,29
679998,0
679999,37
680000,0
680001,0
680002,0
680003,0
680004,0
680005,0
680006,0
680007,0
680008,0
680009,37
680010,0
680011,0
680012,0
680013,0
680014,0
680015,0
680016,0
680017,0
680018,0
680019,0
680020,0
680021,0
680022,0
680023,0
680024,0
680025,0
680026,0
680027,0
680028,0
680029,0
680030,0
680031,0
680032,0
680033,0
680034,0
680035,0
680036,0
680037,0
680038,0
680039,0
680040,0
680041,0
680042,0
680043,0
680044,0
680045,0
680046,0
680047,0
680048,1
680049,0
680050,0
680051,0
680052,0
680053,0
680054,0
680055,0
680056,0
680057,0
680058,0
680059,0
680060,0
680061,0
680062,0
680063,0
680064,0
680065,0
680066,0
680067,0
680068,0
680069,0
680070,0
680071,0
680072,0
680073,0
680074,0
680075,0
680076,0
680077,0
680078,0
680079,0
680080,0
680081,0
680082,0
680083,0
680084,0
680085,0
680086,0
680087,0
680088,0
680089,0
680090,0
680091,0
680092,0
680093,0
680094,0
680095,0
680096,0
680097,0
680098,0
680099,0
680100,0
680101,0
680102,0
680103,0
680104,0
680105,0
680106,0
680107,0
680108,0
680109,0
680110,0
680111,0
680112,0
680113,0
680114,0
680115,0
680116,0
680117,0
680118,0
680119,0
680120,0
680121,0
680122,0
680123,0
680124,0
680125,0
680126,0
680127,0
680128,0
680129,0
680130,0
680131,0
680132,0
680133,0
680134,0
680135,0
680136,0
680137,0
680138,0
680139,0
680140,0
680141,0
680142,0
680143,0
680144,0
680145,0
680146,0
680147,0
680148,0
680149,0
680150,0
680151,0
680152,0
680153,0
680154,0
680155,0
680156,0
680157,0
680158,0
680159,0
680160,0
680161,0
680162,0
680163,0
680164,0
680165,0
680166,0
680167,0
680168,0
680169,0
680170,0
680171,0
680172,0
680173,0
680174,0
680175,0
680176,0
680177,0
680178,0
680179,0
680180,0
680181,0
680182,0
680183,0
680184,0
680185,0
680186,0
680187,0
680188,0
680189,0
680190,0
680191,0
680192,0
680193,0
680194,0
680195,0
680196,0
680197,0
680198,0
680199,0
680200,0
680201,0
680202,0
680203,0
680204,0
680205,0
680206,0
680207,0
680208,0
680209,0
680210,0
680211,0
680212,0
680213,0
680214,0
680215,0
680216,0
680217,0
680218,0
680219,0
680220,0
680221,0
680222,0
680223,0
680224,0
680225,0
680226,0
680227,0
680228,0
680229,0
680230,0
680231,0
680232,0
680233,0
680234,0
680235,0
680236,0
680237,0
680238,0
680239,18
680240,0
680241,0
680242,0
680243,22
680244,14
680245,0
680246,0
680247,0
680248,0
680249,0
680250,0
680251,0
680252,0
680253,0
680254,0
680255,18
680256,17
680257,0
680258,24
680259,0
680260,22
680261,0
680262,0
680263,0
680264,0
680265,0
680266,0
680267,0
680268,0
680269,0
680270,5
680271,15
680272,0
680273,0
680274,0
680275,0
680276,0
680277,0
680278,0
680279,0
680280,12
680281,0
680282,0
680283,0
680284,0
680285,0
680286,0
680287,0
680288,0
680289,15
680290,0
680291,0
680292,0
680293,0
680294,15
680295,0
680296,0
680297,0
680298,0
680299,0
680300,0
680301,0
680302,28
680303,0
680304,0
680305,0
680306,0
680307,0
680308,0
680309,0
680310,18
680311,0
680312,0
680313,0
680314,0
680315,0
680316,0
680317,0
680318,0
680319,0
680320,0
680321,0
680322,0
680323,7
680324,0
680325,0
680326,0
680327,0
680328,0
680329,0
680330,0
680331,0
680332,0
680333,5
680334,9
680335,0
680336,0
680337,0
680338,0
680339,0
680340,0
680341,0
680342,0
680343,0
680344,0
680345,0
680346,0
680347,0
680348,0
680349,7
680350,0
680351,0
680352,0
680353,0
680354,0
680355,0
680356,0
680357,0
680358,0
680359,0
680360,0
680361,0
680362,0
680363,0
680364,0
680365,0
680366,0
680367,0
680368,0
680369,0
680370,0
680371,0
680372,0
680373,0
680374,0
680375,0
680376,0
680377,0
680378,0
680379,0
680380,0
680381,0
680382,0
680383,0
680384,0
680385,0
680386,0
680387,0
680388,0
680389,0
680390,0
680391,0
680392,0
680393,0
680394,0
680395,0
680396,0
680397,0
680398,0
680399,0
680400,0
680401,0
680402,0
680403,0
680404,0
680405,0
680406,0
680407,0
680408,0
680409,0
680410,0
680411,0
680412,0
680413,0
680414,0
680415,0
680416,0
680417,0
680418,0
680419,5
680420,0
680421,7
680422,0
680423,0
680424,0
680425,0
680426,0
680427,0
680428,0
680429,0
680430,0
680431,0
680432,9
680433,0
680434,0
680435,0
680436,0
680437,0
680438,0
680439,0
680440,0
680441,0
680442,0
680443,0
680444,0
680445,0
680446,0
680447,0
680448,0
680449,0
680450,0
680451,0
680452,0
680453,0
680454,0
680455,7
680456,0
680457,0
680458,0
680459,0
680460,0
680461,0
680462,0
680463,0
680464,0
680465,0
680466,0
680467,0
680468,0
680469,0
680470,0
680471,0
680472,0
680473,0
680474,0
680475,0
680476,8
680477,0
680478,0
680479,0
680480,0
680481,0
680482,0
680483,0
680484,0
680485,0
680486,0
680487,0
680488,0
680489,0
680490,0
680491,0
680492,0
680493,0
680494,0
680495,0
680496,0
680497,0
680498,8
680499,8
680500,0
680501,0
680502,0
680503,0
680504,0
680505,0
680506,0
680507,0
680508,0
680509,0
680510,0
680511,0
680512,0
680513,0
680514,0
680515,0
680516,0
680517,0
680518,0
680519,0
680520,0
680521,0
680522,0
680523,0
680524,7
680525,0
680526,0
680527,0
680528,0
680529,0
680530,0
680531,0
680532,0
680533,0
680534,0
680535,0
680536,0
680537,0
680538,0
680539,0
680540,0
680541,0
680542,0
680543,0
680544,0
680545,0
680546,0
680547,0
680548,0
680549,0
680550,0
680551,0
680552,0
680553,0
680554,0
680555,0
680556,0
680557,0
680558,0
680559,0
680560,0
680561,0
680562,0
680563,0
680564,0
680565,5
680566,0
680567,5
680568,0
680569,0
680570,0
680571,0
680572,0
680573,0
680574,0
680575,0
680576,0
680577,0
680578,0
680579,0
680580,0
680581,0
680582,0
680583,0
680584,0
680585,0
680586,0
680587,0
680588,0
680589,0
680590,0
680591,0
680592,8
680593,0
680594,0
680595,0
680596,0
680597,0
680598,0
680599,0
680600,0
680601,0
680602,0
680603,0
680604,0
680605,0
680606,0
680607,0
680608,9
680609,11
680610,0
680611,0
680612,0
680613,0
680614,0
680615,0
680616,0
680617,0
680618,0
680619,0
680620,0
680621,0
680622,11
680623,0
680624,0
680625,0
680626,0
680627,0
680628,0
680629,0
680630,0
680631,0
680632,0
680633,0
680634,0
680635,0
680636,0
680637,0
680638,0
680639,0
680640,0
680641,0
680642,0
680643,0
680644,0
680645,0
680646,0
680647,0
680648,0
680649,0
680650,0
680651,0
680652,0
680653,0
680654,0
680655,0
680656,0
680657,0
680658,0
680659,0
680660,0
680661,0
680662,10
680663,0
680664,0
680665,0
680666,0
680667,0
680668,0
680669,0
680670,0
680671,0
680672,0
680673,0
680674,0
680675,0
680676,0
680677,0
680678,0
680679,0
680680,0
680681,0
680682,7
680683,0
680684,0
680685,0
680686,0
680687,0
680688,0
680689,0
680690,6
680691,0
680692,0
680693,0
680694,0
680695,0
680696,0
680697,0
680698,0
680699,0
680700,0
680701,0
680702,0
680703,0
680704,0
680705,0
680706,0
680707,0
680708,0
680709,0
680710,0
680711,0
680712,0
680713,0
680714,0
680715,0
680716,0
680717,0
680718,0
680719,0
680720,0
680721,0
680722,0
680723,0
680724,0
680725,0
680726,0
680727,0
680728,0
680729,0
680730,0
680731,0
680732,0
680733,0
680734,0
680735,0
680736,10
680737,0
680738,0
680739,0
680740,0
680741,1
680742,0
680743,0
680744,0
680745,0
680746,0
680747,0
680748,2
680749,0
680750,0
680751,0
680752,0
680753,0
680754,0
680755,0
680756,0
680757,0
680758,0
680759,0
680760,0
680761,0
680762,0
680763,0
680764,0
680765,0
680766,0
680767,0
680768,0
680769,0
680770,8
680771,0
680772,0
680773,0
680774,0
680775,0
680776,0
680777,0
680778,0
680779,0
680780,0
680781,0
680782,0
680783,0
680784,0
680785,0
680786,0
680787,0
680788,0
680789,4
680790,0
680791,0
680792,0
680793,0
680794,0
680795,0
680796,0
680797,0
680798,3
680799,0
680800,0
680801,0
680802,0
680803,0
680804,0
680805,0
680806,3
680807,0
680808,0
680809,0
680810,0
680811,9
680812,0
680813,0
680814,6
680815,0
680816,0
680817,0
680818,0
680819,0
680820,0
680821,6
680822,0
680823,0
680824,0
680825,0
680826,0
680827,0
680828,4
680829,0
680830,0
680831,0
680832,0
680833,0
680834,0
680835,0
680836,0
680837,0
680838,0
680839,0
680840,0
680841,6
680842,0
680843,0
680844,0
680845,0
680846,0
680847,0
680848,0
680849,0
680850,0
680851,0
680852,6
680853,0
680854,0
680855,0
680856,0
680857,0
680858,0
680859,0
680860,0
680861,0
680862,0
680863,0
680864,0
680865,0
680866,0
680867,0
680868,0
680869,0
680870,0
680871,0
680872,0
680873,0
680874,0
680875,0
680876,0
680877,0
680878,0
680879,0
680880,0
680881,0
680882,0
680883,0
680884,0
680885,0
680886,0
680887,0
680888,2
680889,0
680890,0
680891,0
680892,0
680893,0
680894,0
680895,10
680896,0
680897,0
680898,0
680899,3
680900,0
680901,0
680902,0
680903,0
680904,0
680905,0
680906,0
680907,0
680908,0
680909,0
680910,0
680911,0
680912,0
680913,0
680914,0
680915,0
680916,0
680917,1
680918,0
680919,0
680920,0
680921,0
680922,0
680923,0
680924,0
680925,0
680926,6
680927,0
680928,0
680929,0
680930,0
680931,0
680932,0
680933,8
680934,0
680935,0
680936,0
680937,0
680938,0
680939,0
680940,0
680941,0
680942,0
680943,0
680944,0
680945,0
680946,6
680947,0
680948,0
680949,0
680950,0
680951,5
680952,0
680953,0
680954,8
680955,0
680956,0
680957,7
680958,0
680959,0
680960,0
680961,0
680962,0
680963,4
680964,0
680965,13
680966,0
680967,0
680968,4
680969,0
680970,0
680971,0
680972,0
680973,0
680974,0
680975,0
680976,0
680977,0
680978,0
680979,0
680980,0
680981,0
680982,0
680983,0
680984,0
680985,5
680986,0
680987,0
680988,0
680989,0
680990,0
680991,0
680992,0
680993,0
680994,0
680995,0
680996,0
680997,0
680998,0
680999,3
681000,0
681001,0
681002,0
681003,0
681004,0
681005,10
681006,0
681007,0
681008,0
681009,0
681010,0
681011,0
681012,0
681013,0
681014,0
681015,0
681016,0
681017,6
681018,0
681019,3
681020,0
681021,0
681022,6
681023,0
681024,0
681025,0
681026,0
681027,0
681028,0
681029,0
681030,0
681031,0
681032,0
681033,0
681034,0
681035,0
681036,0
681037,0
681038,0
681039,0
681040,0
681041,0
681042,0
681043,0
681044,0
681045,0
681046,49
681047,0
681048,49
681049,0
681050,0
681051,0
681052,0
681053,0
681054,0
681055,0
681056,0
681057,0
681058,0
681059,38
681060,33
681061,0
681062,0
681063,0
681064,0
681065,0
681066,0
681067,0
681068,0
681069,28
681070,0
681071,0
681072,0
681073,34
681074,0
681075,0
681076,0
681077,0
681078,33
681079,0
681080,56
681081,0
681082,0
681083,0
681084,39
681085,0
681086,0
681087,0
681088,0
681089,0
681090,0
681091,0
681092,0
681093,27
681094,0
681095,0
681096,0
681097,0
681098,0
681099,0
681100,0
681101,0
681102,0
681103,0
681104,0
681105,0
681106,0
681107,0
681108,0
681109,0
681110,0
681111,0
681112,0
681113,44
681114,0
681115,0
681116,0
681117,0
681118,0
681119,0
681120,0
681121,0
681122,0
681123,0
681124,20
681125,40
681126,0
681127,0
681128,0
681129,0
681130,0
681131,0
681132,0
681133,0
681134,0
681135,0
681136,0
681137,0
681138,0
681139,0
681140,0
681141,0
681142,0
681143,0
681144,39
681145,0
681146,0
681147,33
681148,0
681149,0
681150,0
681151,0
681152,0
681153,0
681154,0
681155,0
681156,0
681157,0
681158,0
681159,0
681160,0
681161,0
681162,0
681163,0
681164,0
681165,0
681166,0
681167,0
681168,0
681169,0
681170,0
681171,0
681172,0
681173,0
681174,0
681175,0
681176,0
681177,0
681178,0
681179,0
681180,0
681181,0
681182,0
681183,0
681184,0
681185,0
681186,0
681187,0
681188,0
681189,0
681190,0
681191,0
681192,0
681193,0
681194,0
681195,0
681196,36
681197,0
681198,0
681199,0
681200,0
681201,0
681202,50
681203,0
681204,42
681205,0
681206,0
681207,0
681208,0
681209,43
681210,0
681211,45
681212,0
681213,0
681214,37
681215,0
681216,0
681217,0
681218,0
681219,0
681220,0
681221,0
681222,0
681223,0
681224,0
681225,0
681226,0
681227,46
681228,0
681229,0
681230,0
681231,0
681232,0
681233,0
681234,0
681235,0
681236,0
681237,0
681238,0
681239,0
681240,0
681241,0
681242,0
681243,0
681244,0
681245,31
681246,0
681247,0
681248,0
681249,0
681250,0
681251,0
681252,0
681253,0
681254,0
681255,0
681256,0
681257,0
681258,0
681259,0
681260,0
681261,0
681262,0
681263,0
681264,0
681265,0
681266,0
681267,0
681268,0
681269,0
681270,0
681271,0
681272,0
681273,0
681274,0
681275,0
681276,0
681277,38
681278,47
681279,28
681280,0
681281,47
681282,0
681283,40
681284,0
681285,0
681286,0
681287,0
681288,0
681289,0
681290,32
681291,0
681292,0
681293,0
681294,0
681295,0
681296,0
681297,0
681298,0
681299,0
681300,0
681301,0
681302,0
681303,0
681304,0
681305,0
681306,49
681307,0
681308,0
681309,0
681310,0
681311,0
681312,0
681313,0
681314,0
681315,0
681316,0
681317,0
681318,0
681319,0
681320,41
681321,0
681322,0
681323,0
681324,0
681325,0
681326,30
681327,0
681328,0
681329,0
681330,0
681331,0
681332,0
681333,0
681334,0
681335,0
681336,34
681337,0
681338,0
681339,0
681340,0
681341,0
681342,0
681343,30
681344,41
681345,36
681346,0
681347,0
681348,0
681349,0
681350,0
681351,10
681352,0
681353,0
681354,0
681355,0
681356,0
681357,0
681358,0
681359,0
681360,0
681361,0
681362,0
681363,0
681364,0
681365,0
681366,0
681367,0
681368,34
681369,0
681370,0
681371,0
681372,0
681373,0
681374,0
681375,0
681376,38
681377,0
681378,0
681379,0
681380,0
681381,0
681382,0
681383,0
681384,0
681385,0
681386,0
681387,0
681388,0
681389,0
681390,0
681391,47
681392,40
681393,0
681394,0
681395,0
681396,0
681397,0
681398,0
681399,0
681400,0
681401,0
681402,0
681403,53
681404,0
681405,0
681406,0
681407,0
681408,36
681409,0
681410,0
681411,49
681412,0
681413,44
681414,0
681415,0
681416,0
681417,0
681418,0
681419,0
681420,0
681421,0
681422,0
681423,0
681424,0
681425,0
681426,0
681427,0
681428,0
681429,0
681430,0
681431,0
681432,0
681433,0
681434,0
681435,0
681436,0
681437,0
681438,0
681439,0
681440,0
681441,0
681442,0
681443,0
681444,0
681445,0
681446,0
681447,0
681448,0
681449,0
681450,0
681451,0
681452,0
681453,0
681454,0
681455,0
681456,0
681457,0
681458,0
681459,0
681460,0
681461,0
681462,0
681463,0
681464,0
681465,0
681466,0
681467,0
681468,0
681469,0
681470,0
681471,0
681472,0
681473,0
681474,1
681475,0
681476,0
681477,0
681478,0
681479,0
681480,0
681481,0
681482,0
681483,0
681484,0
681485,0
681486,0
681487,0
681488,0
681489,0
681490,0
681491,0
681492,0
681493,0
681494,0
681495,0
681496,0
681497,0
681498,0
681499,0
681500,0
681501,0
681502,0
681503,0
681504,0
681505,0
681506,0
681507,0
681508,0
681509,0
681510,0
681511,0
681512,0
681513,0
681514,0
681515,0
681516,0
681517,0
681518,0
681519,0
681520,0
681521,0
681522,0
681523,0
681524,0
681525,0
681526,0
681527,0
681528,0
681529,0
681530,0
681531,0
681532,0
681533,0
681534,0
681535,0
681536,0
681537,0
681538,0
681539,0
681540,0
681541,0
681542,0
681543,0
681544,0
681545,0
681546,0
681547,0
681548,0
681549,0
681550,0
681551,0
681552,0
681553,0
681554,0
681555,0
681556,0
681557,0
681558,0
681559,0
681560,0
681561,0
681562,0
681563,0
681564,0
681565,1
681566,0
681567,0
681568,0
681569,0
681570,0
681571,0
681572,0
681573,1
681574,0
681575,0
681576,0
681577,0
681578,0
681579,0
681580,0
681581,0
681582,0
681583,0
681584,0
681585,0
681586,0
681587,0
681588,0
681589,0
681590,0
681591,0
681592,0
681593,0
681594,0
681595,0
681596,0
681597,0
681598,0
681599,0
681600,0
681601,0
681602,0
681603,0
681604,0
681605,0
681606,0
681607,0
681608,0
681609,0
681610,0
681611,0
681612,0
681613,0
681614,0
681615,0
681616,0
681617,0
681618,0
681619,0
681620,0
681621,0
681622,0
681623,0
681624,0
681625,0
681626,0
681627,0
681628,0
681629,0
681630,0
681631,0
681632,0
681633,0
681634,0
681635,0
681636,0
681637,0
681638,0
681639,0
681640,0
681641,0
681642,0
681643,0
681644,0
681645,0
681646,0
681647,0
681648,0
681649,0
681650,0
681651,0
681652,0
681653,0
681654,0
681655,0
681656,0
681657,0
681658,0
681659,0
681660,0
681661,0
681662,0
681663,0
681664,0
681665,0
681666,0
681667,0
681668,0
681669,0
681670,0
681671,0
681672,0
681673,0
681674,0
681675,0
681676,0
681677,0
681678,0
681679,0
681680,0
681681,0
681682,0
681683,1
681684,0
681685,0
681686,0
681687,0
681688,0
681689,0
681690,0
681691,0
681692,0
681693,0
681694,0
681695,0
681696,0
681697,0
681698,0
681699,0
681700,1
681701,0
681702,0
681703,0
681704,1
681705,0
681706,0
681707,0
681708,0
681709,0
681710,0
681711,0
681712,0
681713,0
681714,0
681715,0
681716,0
681717,0
681718,0
681719,0
681720,0
681721,0
681722,0
681723,0
681724,0
681725,0
681726,0
681727,0
681728,0
681729,0
681730,0
681731,0
681732,0
681733,0
681734,0
681735,0
681736,0
681737,0
681738,0
681739,0
681740,0
681741,0
681742,0
681743,0
681744,0
681745,0
681746,0
681747,0
681748,0
681749,0
681750,0
681751,0
681752,0
681753,0
681754,0
681755,0
681756,0
681757,0
681758,0
681759,0
681760,0
681761,0
681762,0
681763,0
681764,0
681765,0
681766,0
681767,0
681768,0
681769,0
681770,0
681771,0
681772,0
681773,0
681774,0
681775,0
681776,0
681777,0
681778,0
681779,0
681780,0
681781,0
681782,0
681783,0
681784,0
681785,0
681786,0
681787,0
681788,1
681789,0
681790,0
681791,0
681792,0
681793,0
681794,0
681795,0
681796,0
681797,0
681798,0
681799,1
681800,0
681801,0
681802,0
681803,0
681804,0
681805,0
681806,0
681807,0
681808,0
681809,0
681810,0
681811,0
681812,0
681813,0
681814,0
681815,0
681816,0
681817,0
681818,0
681819,0
681820,0
681821,0
681822,0
681823,0
681824,0
681825,0
681826,0
681827,0
681828,0
681829,0
681830,0
681831,0
681832,0
681833,0
681834,0
681835,0
681836,0
681837,0
681838,0
681839,0
681840,0
681841,0
681842,0
681843,0
681844,0
681845,0
681846,0
681847,0
681848,0
681849,0
681850,0
681851,0
681852,0
681853,0
681854,0
681855,0
681856,0
681857,0
681858,0
681859,0
681860,0
681861,0
681862,0
681863,0
681864,0
681865,0
681866,0
681867,0
681868,0
681869,0
681870,0
681871,0
681872,0
681873,0
681874,0
681875,0
681876,0
681877,0
681878,0
681879,0
681880,0
681881,0
681882,0
681883,0
681884,0
681885,0
681886,0
681887,0
681888,0
681889,0
681890,0
681891,0
681892,0
681893,0
681894,0
681895,0
681896,0
681897,0
681898,0
681899,0
681900,0
681901,0
681902,0
681903,0
681904,0
681905,0
681906,0
681907,0
681908,0
681909,0
681910,0
681911,0
681912,0
681913,0
681914,0
681915,0
681916,0
681917,0
681918,0
681919,0
681920,0
681921,0
681922,0
681923,0
681924,0
681925,0
681926,0
681927,0
681928,0
681929,0
681930,0
681931,0
681932,0
681933,0
681934,0
681935,0
681936,0
681937,0
681938,0
681939,0
681940,0
681941,0
681942,0
681943,0
681944,0
681945,0
681946,0
681947,0
681948,0
681949,0
681950,0
681951,0
681952,0
681953,0
681954,0
681955,0
681956,0
681957,0
681958,0
681959,0
681960,0
681961,0
681962,0
681963,0
681964,0
681965,0
681966,0
681967,0
681968,0
681969,0
681970,0
681971,0
681972,0
681973,0
681974,0
681975,0
681976,0
681977,0
681978,0
681979,0
681980,0
681981,0
681982,0
681983,0
681984,0
681985,0
681986,0
681987,0
681988,0
681989,0
681990,0
681991,0
681992,0
681993,0
681994,0
681995,0
681996,0
681997,0
681998,0
681999,0
682000,0
682001,0
682002,0
682003,0
682004,0
682005,0
682006,0
682007,0
682008,0
682009,0
682010,0
682011,0
682012,0
682013,0
682014,0
682015,0
682016,0
682017,0
682018,0
682019,0
682020,0
682021,0
682022,0
682023,0
682024,0
682025,0
682026,0
682027,0
682028,0
682029,0
682030,0
682031,0
682032,0
682033,0
682034,0
682035,0
682036,0
682037,0
682038,0
682039,0
682040,0
682041,0
682042,0
682043,0
682044,0
682045,0
682046,0
682047,0
682048,0
682049,0
682050,0
682051,0
682052,0
682053,0
682054,0
682055,0
682056,0
682057,0
682058,0
682059,0
682060,0
682061,0
682062,0
682063,0
682064,0
682065,0
682066,0
682067,0
682068,0
682069,0
682070,0
682071,0
682072,0
682073,0
682074,0
682075,0
682076,0
682077,0
682078,0
682079,0
682080,0
682081,0
682082,0
682083,0
682084,1
682085,0
682086,0
682087,0
682088,0
682089,0
682090,0
682091,0
682092,0
682093,0
682094,0
682095,0
682096,0
682097,0
682098,0
682099,0
682100,0
682101,0
682102,0
682103,0
682104,0
682105,0
682106,0
682107,0
682108,0
682109,0
682110,0
682111,0
682112,0
682113,0
682114,0
682115,0
682116,0
682117,0
682118,0
682119,0
682120,0
682121,0
682122,0
682123,0
682124,0
682125,0
682126,0
682127,0
682128,0
682129,0
682130,0
682131,0
682132,0
682133,0
682134,0
682135,0
682136,0
682137,0
682138,0
682139,0
682140,0
682141,0
682142,0
682143,0
682144,0
682145,0
682146,0
682147,0
682148,0
682149,0
682150,0
682151,0
682152,0
682153,0
682154,0
682155,0
682156,0
682157,0
682158,0
682159,0
682160,0
682161,0
682162,0
682163,1
682164,0
682165,0
682166,0
682167,0
682168,0
682169,0
682170,0
682171,0
682172,0
682173,0
682174,0
682175,0
682176,0
682177,0
682178,0
682179,0
682180,0
682181,0
682182,0
682183,0
682184,0
682185,0
682186,0
682187,0
682188,0
682189,0
682190,0
682191,0
682192,0
682193,0
682194,0
682195,0
682196,0
682197,0
682198,0
682199,0
682200,0
682201,0
682202,0
682203,0
682204,0
682205,0
682206,0
682207,0
682208,0
682209,0
682210,0
682211,0
682212,0
682213,0
682214,0
682215,0
682216,0
682217,0
682218,0
682219,0
682220,0
682221,0
682222,0
682223,0
682224,0
682225,0
682226,0
682227,0
682228,0
682229,0
682230,0
682231,0
682232,0
682233,0
682234,0
682235,0
682236,0
682237,0
682238,0
682239,0
682240,0
682241,0
682242,0
682243,0
682244,0
682245,0
682246,0
682247,0
682248,0
682249,0
682250,0
682251,0
682252,0
682253,0
682254,0
682255,0
682256,0
682257,0
682258,0
682259,0
682260,0
682261,0
682262,0
682263,0
682264,0
682265,0
682266,0
682267,0
682268,0
682269,0
682270,0
682271,0
682272,0
682273,0
682274,0
682275,0
682276,0
682277,0
682278,0
682279,0
682280,0
682281,0
682282,0
682283,0
682284,0
682285,0
682286,0
682287,0
682288,0
682289,0
682290,0
682291,0
682292,0
682293,0
682294,0
682295,0
682296,0
682297,0
682298,0
682299,0
682300,0
682301,0
682302,0
682303,0
682304,0
682305,0
682306,0
682307,0
682308,0
682309,0
682310,0
682311,0
682312,0
682313,0
682314,0
682315,0
682316,0
682317,0
682318,0
682319,0
682320,0
682321,0
682322,0
682323,0
682324,0
682325,0
682326,0
682327,0
682328,0
682329,0
682330,0
682331,0
682332,0
682333,0
682334,0
682335,0
682336,0
682337,0
682338,0
682339,0
682340,0
682341,0
682342,0
682343,0
682344,0
682345,0
682346,0
682347,0
682348,0
682349,0
682350,0
682351,0
682352,0
682353,0
682354,0
682355,0
682356,0
682357,0
682358,0
682359,0
682360,0
682361,0
682362,0
682363,0
682364,0
682365,0
682366,0
682367,0
682368,0
682369,0
682370,0
682371,0
682372,0
682373,0
682374,0
682375,0
682376,0
682377,0
682378,0
682379,0
682380,0
682381,0
682382,0
682383,0
682384,0
682385,0
682386,0
682387,0
682388,0
682389,0
682390,0
682391,0
682392,0
682393,0
682394,0
682395,0
682396,0
682397,0
682398,0
682399,0
682400,0
682401,0
682402,0
682403,0
682404,0
682405,0
682406,0
682407,0
682408,0
682409,0
682410,0
682411,0
682412,0
682413,0
682414,0
682415,0
682416,0
682417,0
682418,0
682419,1
682420,0
682421,0
682422,0
682423,0
682424,0
682425,0
682426,0
682427,0
682428,0
682429,0
682430,0
682431,0
682432,0
682433,0
682434,0
682435,0
682436,0
682437,11
682438,0
682439,0
682440,18
682441,0
682442,16
682443,0
682444,0
682445,17
682446,0
682447,0
682448,0
682449,0
682450,0
682451,0
682452,0
682453,0
682454,26
682455,0
682456,0
682457,30
682458,19
682459,0
682460,0
682461,0
682462,0
682463,0
682464,0
682465,0
682466,9
682467,0
682468,0
682469,0
682470,0
682471,0
682472,17
682473,0
682474,0
682475,0
682476,16
682477,0
682478,0
682479,0
682480,0
682481,0
682482,0
682483,0
682484,0
682485,27
682486,0
682487,0
682488,0
682489,0
682490,18
682491,22
682492,0
682493,0
682494,0
682495,0
682496,0
682497,0
682498,0
682499,0
682500,0
682501,0
682502,24
682503,0
682504,21
682505,0
682506,0
682507,16
682508,20
682509,30
682510,0
682511,26
682512,0
682513,0
682514,0
682515,0
682516,0
682517,26
682518,0
682519,0
682520,0
682521,0
682522,21
682523,0
682524,21
682525,23
682526,0
682527,11
682528,0
682529,0
682530,23
682531,0
682532,0
682533,0
682534,0
682535,0
682536,0
682537,0
682538,0
682539,0
682540,0
682541,11
682542,0
682543,0
682544,0
682545,0
682546,0
682547,0
682548,0
682549,0
682550,0
682551,0
682552,0
682553,0
682554,0
682555,0
682556,0
682557,0
682558,0
682559,0
682560,0
682561,0
682562,0
682563,0
682564,0
682565,0
682566,0
682567,0
682568,0
682569,0
682570,0
682571,23
682572,0
682573,33
682574,0
682575,0
682576,0
682577,0
682578,0
682579,0
682580,0
682581,29
682582,0
682583,0
682584,0
682585,0
682586,0
682587,0
682588,0
682589,0
682590,0
682591,0
682592,0
682593,0
682594,10
682595,0
682596,0
682597,33
682598,0
682599,0
682600,0
682601,0
682602,0
682603,0
682604,0
682605,25
682606,16
682607,14
682608,0
682609,0
682610,46
682611,10
682612,0
682613,0
682614,0
682615,0
682616,0
682617,0
682618,0
682619,0
682620,0
682621,0
682622,25
682623,0
682624,0
682625,0
682626,0
682627,0
682628,0
682629,0
682630,0
682631,0
682632,0
682633,0
682634,0
682635,0
682636,0
682637,0
682638,16
682639,0
682640,0
682641,0
682642,0
682643,0
682644,0
682645,0
682646,39
682647,0
682648,0
682649,0
682650,18
682651,17
682652,0
682653,0
682654,0
682655,0
682656,0
682657,0
682658,0
682659,35
682660,0
682661,0
682662,0
682663,0
682664,0
682665,0
682666,0
682667,0
682668,33
682669,0
682670,0
682671,0
682672,0
682673,0
682674,0
682675,0
682676,0
682677,0
682678,0
682679,0
682680,27
682681,0
682682,0
682683,29
682684,0
682685,0
682686,0
682687,0
682688,0
682689,21
682690,0
682691,12
682692,29
682693,0
682694,0
682695,0
682696,0
682697,0
682698,0
682699,0
682700,21
682701,0
682702,44
682703,0
682704,0
682705,0
682706,16
682707,0
682708,0
682709,16
682710,11
682711,26
682712,0
682713,0
682714,0
682715,0
682716,0
682717,0
682718,0
682719,22
682720,0
682721,0
682722,0
682723,0
682724,0
682725,0
682726,0
682727,0
682728,0
682729,16
682730,0
682731,0
682732,0
682733,0
682734,0
682735,0
682736,0
682737,0
682738,0
682739,0
682740,0
682741,0
682742,0
682743,0
682744,0
682745,0
682746,0
682747,0
682748,0
682749,0
682750,16
682751,0
682752,0
682753,0
682754,0
682755,0
682756,40
682757,0
682758,0
682759,0
682760,0
682761,0
682762,0
682763,16
682764,0
682765,35
682766,0
682767,0
682768,0
682769,0
682770,0
682771,0
682772,0
682773,32
682774,0
682775,31
682776,20
682777,0
682778,12
682779,0
682780,0
682781,22
682782,0
682783,0
682784,31
682785,0
682786,0
682787,0
682788,0
682789,21
682790,0
682791,0
682792,0
682793,0
682794,0
682795,16
682796,0
682797,0
682798,17
682799,0
682800,0
682801,0
682802,0
682803,0
682804,30
682805,0
682806,20
682807,0
682808,28
682809,0
682810,0
682811,0
682812,0
682813,0
682814,0
682815,0
682816,0
682817,31
682818,0
682819,0
682820,0
682821,18
682822,24
682823,0
682824,0
682825,0
682826,0
682827,0
682828,0
682829,0
682830,0
682831,0
682832,0
682833,0
682834,0
682835,0
682836,0
682837,0
682838,19
682839,0
682840,42
682841,0
682842,0
682843,0
682844,0
682845,0
682846,0
682847,0
682848,0
682849,0
682850,0
682851,33
682852,0
682853,0
682854,0
682855,0
682856,0
682857,0
682858,0
682859,15
682860,0
682861,16
682862,0
682863,0
682864,0
682865,23
682866,0
682867,33
682868,0
682869,36
682870,27
682871,0
682872,0
682873,0
682874,0
682875,0
682876,20
682877,23
682878,0
682879,0
682880,0
682881,24
682882,0
682883,0
682884,0
682885,0
682886,10
682887,0
682888,0
682889,0
682890,0
682891,0
682892,16
682893,0
682894,22
682895,0
682896,23
682897,0
682898,0
682899,0
682900,0
682901,0
682902,0
682903,0
682904,0
682905,0
682906,0
682907,0
682908,0
682909,0
682910,0
682911,0
682912,32
682913,19
682914,0
682915,0
682916,0
682917,0
682918,25
682919,0
682920,0
682921,0
682922,0
682923,0
682924,0
682925,0
682926,0
682927,0
682928,0
682929,0
682930,0
682931,0
682932,0
682933,0
682934,0
682935,0
682936,8
682937,0
682938,0
682939,13
682940,0
682941,0
682942,0
682943,13
682944,0
682945,0
682946,0
682947,0
682948,0
682949,0
682950,0
682951,24
682952,33
682953,0
682954,0
682955,0
682956,0
682957,0
682958,0
682959,0
682960,0
682961,0
682962,0
682963,0
682964,0
682965,0
682966,0
682967,0
682968,0
682969,0
682970,10
682971,0
682972,39
682973,0
682974,33
682975,0
682976,0
682977,0
682978,0
682979,21
682980,0
682981,27
682982,0
682983,0
682984,0
682985,0
682986,13
682987,0
682988,0
682989,0
682990,0
682991,0
682992,0
682993,0
682994,0
682995,0
682996,0
682997,0
682998,15
682999,0
683000,14
683001,0
683002,0
683003,0
683004,0
683005,0
683006,0
683007,0
683008,14
683009,25
683010,16
683011,0
683012,0
683013,0
683014,0
683015,0
683016,12
683017,24
683018,21
683019,0
683020,0
683021,0
683022,0
683023,18
683024,0
683025,0
683026,0
683027,0
683028,43
683029,0
683030,0
683031,15
683032,0
683033,0
683034,0
683035,0
683036,0
683037,18
683038,0
683039,0
683040,0
683041,0
683042,0
683043,0
683044,0
683045,0
683046,0
683047,0
683048,0
683049,0
683050,0
683051,0
683052,0
683053,11
683054,0
683055,0
683056,18
683057,34
683058,0
683059,0
683060,0
683061,0
683062,30
683063,0
683064,20
683065,0
683066,0
683067,11
683068,0
683069,0
683070,0
683071,24
683072,0
683073,11
683074,0
683075,29
683076,0
683077,0
683078,0
683079,0
683080,0
683081,22
683082,0
683083,0
683084,0
683085,25
683086,0
683087,0
683088,15
683089,0
683090,24
683091,28
683092,0
683093,0
683094,0
683095,0
683096,0
683097,24
683098,0
683099,0
683100,0
683101,0
683102,19
683103,0
683104,0
683105,15
683106,49
683107,27
683108,0
683109,0
683110,0
683111,0
683112,0
683113,0
683114,0
683115,0
683116,0
683117,0
683118,27
683119,0
683120,0
683121,0
683122,0
683123,0
683124,0
683125,0
683126,0
683127,18
683128,0
683129,0
683130,0
683131,25
683132,0
683133,0
683134,0
683135,0
683136,0
683137,0
683138,10
683139,0
683140,0
683141,0
683142,0
683143,0
683144,0
683145,17
683146,0
683147,0
683148,0
683149,0
683150,0
683151,0
683152,0
683153,32
683154,17
683155,0
683156,0
683157,0
683158,0
683159,0
683160,0
683161,0
683162,0
683163,29
683164,0
683165,0
683166,0
683167,14
683168,30
683169,0
683170,0
683171,0
683172,0
683173,23
683174,0
683175,21
683176,0
683177,0
683178,0
683179,25
683180,0
683181,0
683182,0
683183,0
683184,0
683185,22
683186,23
683187,0
683188,0
683189,32
683190,0
683191,0
683192,0
683193,0
683194,21
683195,0
683196,0
683197,30
683198,12
683199,12
683200,30
683201,0
683202,0
683203,0
683204,11
683205,0
683206,0
683207,0
683208,17
683209,0
683210,0
683211,0
683212,0
683213,13
683214,33
683215,0
683216,0
683217,0
683218,26
683219,0
683220,0
683221,0
683222,0
683223,0
683224,0
683225,0
683226,0
683227,0
683228,0
683229,0
683230,0
683231,0
683232,25
683233,0
683234,22
683235,0
683236,0
683237,0
683238,29
683239,0
683240,0
683241,0
683242,0
683243,0
683244,0
683245,0
683246,0
683247,0
683248,36
683249,0
683250,0
683251,0
683252,22
683253,0
683254,0
683255,0
683256,0
683257,0
683258,0
683259,0
683260,0
683261,0
683262,0
683263,0
683264,19
683265,0
683266,0
683267,0
683268,0
683269,0
683270,0
683271,0
683272,0
683273,0
683274,0
683275,0
683276,0
683277,0
683278,0
683279,0
683280,0
683281,0
683282,0
683283,0
683284,20
683285,0
683286,0
683287,0
683288,0
683289,0
683290,0
683291,0
683292,0
683293,0
683294,0
683295,0
683296,0
683297,0
683298,0
683299,0
683300,0
683301,0
683302,0
683303,0
683304,0
683305,0
683306,0
683307,23
683308,0
683309,0
683310,0
683311,0
683312,0
683313,0
683314,0
683315,0
683316,0
683317,0
683318,0
683319,0
683320,0
683321,0
683322,23
683323,0
683324,0
683325,0
683326,0
683327,0
683328,0
683329,0
683330,0
683331,0
683332,0
683333,0
683334,0
683335,0
683336,0
683337,25
683338,0
683339,0
683340,0
683341,0
683342,0
683343,0
683344,0
683345,0
683346,0
683347,0
683348,0
683349,0
683350,0
683351,21
683352,14
683353,0
683354,0
683355,0
683356,0
683357,0
683358,18
683359,0
683360,0
683361,0
683362,0
683363,0
683364,0
683365,0
683366,0
683367,0
683368,28
683369,0
683370,0
683371,0
683372,0
683373,0
683374,0
683375,0
683376,0
683377,25
683378,26
683379,0
683380,0
683381,0
683382,0
683383,21
683384,0
683385,0
683386,0
683387,0
683388,0
683389,0
683390,0
683391,0
683392,0
683393,0
683394,0
683395,0
683396,0
683397,0
683398,0
683399,0
683400,0
683401,0
683402,35
683403,0
683404,0
683405,0
683406,0
683407,0
683408,0
683409,0
683410,23
683411,23
683412,0
683413,0
683414,0
683415,0
683416,0
683417,0
683418,0
683419,28
683420,0
683421,0
683422,0
683423,0
683424,0
683425,0
683426,0
683427,0
683428,0
683429,0
683430,0
683431,11
683432,0
683433,0
683434,0
683435,0
683436,0
683437,0
683438,0
683439,0
683440,0
683441,0
683442,0
683443,0
683444,0
683445,0
683446,0
683447,0
683448,0
683449,0
683450,0
683451,0
683452,0
683453,0
683454,25
683455,0
683456,0
683457,0
683458,0
683459,0
683460,0
683461,0
683462,0
683463,0
683464,0
683465,0
683466,0
683467,0
683468,0
683469,0
683470,0
683471,0
683472,0
683473,0
683474,0
683475,0
683476,0
683477,0
683478,0
683479,0
683480,0
683481,0
683482,0
683483,0
683484,0
683485,0
683486,0
683487,0
683488,0
683489,0
683490,0
683491,0
683492,0
683493,0
683494,0
683495,0
683496,0
683497,0
683498,0
683499,0
683500,0
683501,0
683502,0
683503,0
683504,0
683505,0
683506,0
683507,0
683508,0
683509,0
683510,0
683511,0
683512,0
683513,0
683514,0
683515,0
683516,20
683517,0
683518,0
683519,0
683520,0
683521,0
683522,0
683523,0
683524,0
683525,0
683526,0
683527,0
683528,0
683529,0
683530,0
683531,11
683532,0
683533,0
683534,0
683535,0
683536,0
683537,0
683538,0
683539,0
683540,0
683541,0
683542,0
683543,0
683544,0
683545,0
683546,0
683547,0
683548,0
683549,0
683550,0
683551,24
683552,0
683553,0
683554,22
683555,0
683556,0
683557,0
683558,0
683559,0
683560,32
683561,0
683562,0
683563,0
683564,0
683565,0
683566,0
683567,0
683568,30
683569,0
683570,0
683571,0
683572,0
683573,0
683574,0
683575,0
683576,0
683577,0
683578,0
683579,0
683580,0
683581,0
683582,0
683583,0
683584,0
683585,0
683586,0
683587,0
683588,0
683589,17
683590,0
683591,0
683592,0
683593,0
683594,0
683595,0
683596,0
683597,0
683598,0
683599,0
683600,0
683601,0
683602,19
683603,0
683604,0
683605,0
683606,0
683607,0
683608,0
683609,0
683610,0
683611,0
683612,0
683613,0
683614,0
683615,0
683616,0
683617,26
683618,0
683619,0
683620,0
683621,0
683622,0
683623,0
683624,0
683625,0
683626,13
683627,0
683628,0
683629,0
683630,0
683631,0
683632,0
683633,0
683634,0
683635,0
683636,0
683637,0
683638,0
683639,0
683640,0
683641,0
683642,0
683643,0
683644,0
683645,0
683646,32
683647,0
683648,0
683649,0
683650,0
683651,24
683652,0
683653,0
683654,0
683655,0
683656,0
683657,0
683658,0
683659,0
683660,0
683661,0
683662,0
683663,0
683664,0
683665,0
683666,0
683667,0
683668,0
683669,0
683670,22
683671,0
683672,0
683673,0
683674,0
683675,0
683676,38
683677,0
683678,21
683679,0
683680,0
683681,0
683682,0
683683,0
683684,0
683685,0
683686,0
683687,0
683688,0
683689,0
683690,0
683691,0
683692,0
683693,0
683694,0
683695,0
683696,0
683697,0
683698,0
683699,0
683700,0
683701,0
683702,0
683703,18
683704,0
683705,0
683706,0
683707,15
683708,0
683709,0
683710,0
683711,10
683712,0
683713,0
683714,5
683715,0
683716,0
683717,0
683718,5
683719,0
683720,0
683721,10
683722,0
683723,0
683724,0
683725,0
683726,7
683727,0
683728,12
683729,0
683730,0
683731,0
683732,3
683733,0
683734,10
683735,0
683736,0
683737,0
683738,0
683739,0
683740,0
683741,0
683742,8
683743,6
683744,0
683745,0
683746,0
683747,0
683748,0
683749,0
683750,0
683751,0
683752,0
683753,0
683754,0
683755,7
683756,11
683757,0
683758,0
683759,0
683760,0
683761,0
683762,4
683763,0
683764,0
683765,6
683766,11
683767,0
683768,0
683769,0
683770,0
683771,6
683772,0
683773,0
683774,2
683775,0
683776,0
683777,5
683778,0
683779,0
683780,10
683781,0
683782,0
683783,0
683784,0
683785,0
683786,0
683787,0
683788,0
683789,0
683790,0
683791,6
683792,0
683793,0
683794,0
683795,0
683796,0
683797,0
683798,0
683799,0
683800,0
683801,0
683802,0
683803,0
683804,5
683805,0
683806,0
683807,0
683808,14
683809,0
683810,0
683811,5
683812,0
683813,0
683814,4
683815,0
683816,0
683817,0
683818,6
683819,4
683820,5
683821,0
683822,0
683823,0
683824,0
683825,0
683826,8
683827,2
683828,0
683829,0
683830,5
683831,0
683832,0
683833,0
683834,0
683835,4
683836,0
683837,7
683838,0
683839,4
683840,0
683841,0
683842,0
683843,0
683844,10
683845,0
683846,0
683847,0
683848,0
683849,0
683850,0
683851,0
683852,0
683853,0
683854,0
683855,0
683856,9
683857,8
683858,0
683859,0
683860,0
683861,0
683862,0
683863,0
683864,0
683865,0
683866,0
683867,0
683868,7
683869,0
683870,0
683871,0
683872,6
683873,0
683874,6
683875,0
683876,3
683877,0
683878,0
683879,0
683880,0
683881,8
683882,0
683883,0
683884,0
683885,0
683886,0
683887,6
683888,0
683889,0
683890,0
683891,0
683892,6
683893,0
683894,0
683895,5
683896,0
683897,0
683898,0
683899,0
683900,0
683901,0
683902,0
683903,9
683904,0
683905,0
683906,0
683907,0
683908,0
683909,0
683910,0
683911,0
683912,10
683913,0
683914,0
683915,6
683916,0
683917,0
683918,0
683919,6
683920,0
683921,5
683922,0
683923,11
683924,0
683925,0
683926,0
683927,0
683928,0
683929,0
683930,0
683931,0
683932,5
683933,5
683934,0
683935,0
683936,13
683937,0
683938,4
683939,0
683940,0
683941,0
683942,0
683943,0
683944,0
683945,0
683946,0
683947,7
683948,0
683949,0
683950,0
683951,2
683952,6
683953,0
683954,0
683955,1
683956,0
683957,5
683958,0
683959,0
683960,0
683961,0
683962,0
683963,0
683964,0
683965,0
683966,0
683967,0
683968,3
683969,0
683970,0
683971,8
683972,0
683973,0
683974,5
683975,0
683976,0
683977,0
683978,0
683979,0
683980,0
683981,0
683982,0
683983,0
683984,0
683985,8
683986,0
683987,9
683988,0
683989,0
683990,3
683991,0
683992,0
683993,0
683994,0
683995,5
683996,0
683997,4
683998,0
683999,0
684000,0
684001,0
684002,0
684003,0
684004,0
684005,0
684006,0
684007,0
684008,7
684009,3
684010,0
684011,6
684012,8
684013,0
684014,0
684015,0
684016,0
684017,0
684018,0
684019,0
684020,0
684021,0
684022,0
684023,0
684024,0
684025,7
684026,5
684027,0
684028,0
684029,0
684030,12
684031,0
684032,0
684033,0
684034,0
684035,4
684036,0
684037,0
684038,0
684039,0
684040,0
684041,0
684042,0
684043,0
684044,0
684045,0
684046,0
684047,4
684048,0
684049,5
684050,0
684051,0
684052,0
684053,0
684054,0
684055,0
684056,11
684057,0
684058,6
684059,0
684060,0
684061,0
684062,0
684063,4
684064,0
684065,0
684066,4
684067,0
684068,4
684069,0
684070,0
684071,0
684072,0
684073,0
684074,0
684075,0
684076,4
684077,7
684078,0
684079,0
684080,7
684081,0
684082,0
684083,0
684084,0
684085,0
684086,0
684087,0
684088,0
684089,0
684090,8
684091,6
684092,0
684093,0
684094,0
684095,0
684096,0
684097,0
684098,2
684099,0
684100,7
684101,0
684102,0
684103,0
684104,0
684105,0
684106,6
684107,0
684108,0
684109,0
684110,6
684111,0
684112,0
684113,0
684114,0
684115,0
684116,0
684117,0
684118,4
684119,0
684120,0
684121,0
684122,0
684123,5
684124,0
684125,4
684126,0
684127,4
684128,9
684129,0
684130,0
684131,0
684132,0
684133,5
684134,11
684135,0
684136,0
684137,0
684138,0
684139,0
684140,0
684141,0
684142,0
684143,0
684144,0
684145,0
684146,0
684147,0
684148,0
684149,0
684150,6
684151,0
684152,0
684153,7
684154,0
684155,0
684156,0
684157,0
684158,12
684159,9
684160,0
684161,0
684162,0
684163,0
684164,0
684165,6
684166,0
684167,0
684168,4
684169,0
684170,6
684171,0
684172,2
684173,0
684174,0
684175,0
684176,5
684177,0
684178,0
684179,0
684180,0
684181,11
684182,0
684183,0
684184,0
684185,0
684186,0
684187,0
684188,0
684189,10
684190,0
684191,0
684192,0
684193,10
684194,9
684195,0
684196,0
684197,0
684198,0
684199,0
684200,0
684201,0
684202,8
684203,0
684204,0
684205,0
684206,0
684207,0
684208,0
684209,0
684210,0
684211,0
684212,0
684213,0
684214,0
684215,3
684216,0
684217,0
684218,0
684219,0
684220,0
684221,0
684222,0
684223,0
684224,0
684225,0
684226,0
684227,0
684228,5
684229,0
684230,0
684231,0
684232,0
684233,8
684234,0
684235,6
684236,0
684237,0
684238,0
684239,0
684240,0
684241,11
684242,0
684243,0
684244,4
684245,0
684246,0
684247,0
684248,0
684249,0
684250,0
684251,3
684252,0
684253,0
684254,0
684255,0
684256,0
684257,0
684258,3
684259,0
684260,0
684261,6
684262,5
684263,0
684264,0
684265,0
684266,0
684267,0
684268,9
684269,0
684270,0
684271,0
684272,0
684273,0
684274,0
684275,5
684276,0
684277,0
684278,0
684279,7
684280,0
684281,7
684282,0
684283,0
684284,0
684285,0
684286,7
684287,0
684288,4
684289,0
684290,0
684291,0
684292,5
684293,0
684294,0
684295,0
684296,0
684297,0
684298,0
684299,0
684300,4
684301,0
684302,8
684303,0
684304,11
684305,0
684306,7
684307,0
684308,0
684309,0
684310,0
684311,0
684312,8
684313,0
684314,0
684315,0
684316,4
684317,0
684318,8
684319,0
684320,8
684321,6
684322,4
684323,7
684324,0
684325,0
684326,0
684327,0
684328,9
684329,0
684330,8
684331,0
684332,5
684333,7
684334,0
684335,0
684336,0
684337,0
684338,0
684339,0
684340,0
684341,0
684342,0
684343,10
684344,0
684345,0
684346,11
684347,0
684348,0
684349,0
684350,0
684351,0
684352,0
684353,0
684354,9
684355,0
684356,13
684357,10
684358,5
684359,0
684360,0
684361,0
684362,0
684363,0
684364,11
684365,10
684366,0
684367,9
684368,0
684369,0
684370,0
684371,0
684372,3
684373,7
684374,0
684375,0
684376,6
684377,0
684378,0
684379,0
684380,0
684381,0
684382,3
684383,0
684384,9
684385,0
684386,0
684387,0
684388,0
684389,0
684390,8
684391,0
684392,11
684393,13
684394,0
684395,0
684396,4
684397,0
684398,0
684399,0
684400,0
684401,8
684402,0
684403,0
684404,8
684405,0
684406,10
684407,0
684408,5
684409,5
684410,0
684411,0
684412,0
684413,8
684414,0
684415,0
684416,0
684417,0
684418,0
684419,0
684420,0
684421,0
684422,0
684423,0
684424,0
684425,0
684426,0
684427,8
684428,0
684429,0
684430,0
684431,0
684432,0
684433,13
684434,0
684435,0
684436,0
684437,0
684438,0
684439,0
684440,0
684441,0
684442,0
684443,0
684444,0
684445,0
684446,0
684447,0
684448,0
684449,0
684450,7
684451,0
684452,13
684453,0
684454,0
684455,0
684456,0
684457,0
684458,0
684459,0
684460,0
684461,0
684462,0
684463,0
684464,14
684465,0
684466,0
684467,0
684468,0
684469,0
684470,22
684471,17
684472,0
684473,0
684474,0
684475,0
684476,0
684477,0
684478,0
684479,0
684480,15
684481,0
684482,0
684483,0
684484,16
684485,0
684486,0
684487,0
684488,0
684489,0
684490,15
684491,0
684492,0
684493,0
684494,0
684495,0
684496,0
684497,22
684498,0
684499,24
684500,23
684501,29
684502,0
684503,0
684504,0
684505,0
684506,12
684507,0
684508,0
684509,0
684510,0
684511,0
684512,0
684513,0
684514,0
684515,15
684516,0
684517,0
684518,0
684519,0
684520,0
684521,0
684522,0
684523,10
684524,0
684525,0
684526,21
684527,0
684528,23
684529,0
684530,20
684531,0
684532,0
684533,0
684534,0
684535,0
684536,0
684537,0
684538,0
684539,0
684540,0
684541,0
684542,0
684543,0
684544,0
684545,0
684546,0
684547,0
684548,0
684549,0
684550,0
684551,0
684552,0
684553,0
684554,0
684555,0
684556,0
684557,18
684558,0
684559,0
684560,0
684561,0
684562,0
684563,0
684564,0
684565,0
684566,0
684567,0
684568,0
684569,25
684570,0
684571,0
684572,25
684573,18
684574,15
684575,0
684576,0
684577,20
684578,0
684579,0
684580,0
684581,0
684582,0
684583,0
684584,0
684585,0
684586,27
684587,0
684588,0
684589,27
684590,13
684591,0
684592,0
684593,0
684594,0
684595,0
684596,24
684597,0
684598,0
684599,0
684600,0
684601,0
684602,23
684603,0
684604,0
684605,0
684606,0
684607,0
684608,0
684609,0
684610,20
684611,17
684612,0
684613,0
684614,0
684615,19
684616,0
684617,13
684618,21
684619,0
684620,0
684621,0
684622,0
684623,16
684624,18
684625,0
684626,0
684627,0
684628,0
684629,0
684630,0
684631,0
684632,0
684633,0
684634,0
684635,0
684636,0
684637,0
684638,0
684639,0
684640,0
684641,0
684642,0
684643,18
684644,0
684645,0
684646,11
684647,0
684648,17
684649,0
684650,0
684651,0
684652,0
684653,8
684654,0
684655,0
684656,0
684657,16
684658,0
684659,0
684660,0
684661,0
684662,0
684663,0
684664,0
684665,25
684666,0
684667,0
684668,0
684669,0
684670,0
684671,0
684672,17
684673,0
684674,0
684675,0
684676,0
684677,0
684678,0
684679,0
684680,0
684681,0
684682,0
684683,0
684684,0
684685,15
684686,0
684687,0
684688,0
684689,0
684690,20
684691,0
684692,0
684693,0
684694,0
684695,15
684696,0
684697,0
684698,23
684699,17
684700,20
684701,0
684702,0
684703,0
684704,0
684705,0
684706,0
684707,0
684708,0
684709,0
684710,31
684711,10
684712,0
684713,0
684714,0
684715,0
684716,0
684717,17
684718,0
684719,0
684720,6
684721,0
684722,0
684723,0
684724,0
684725,20
684726,0
684727,0
684728,0
684729,0
684730,0
684731,0
684732,0
684733,0
684734,0
684735,26
684736,23
684737,0
684738,0
684739,0
684740,0
684741,0
684742,0
684743,0
684744,0
684745,0
684746,0
684747,15
684748,0
684749,0
684750,0
684751,22
684752,13
684753,0
684754,0
684755,0
684756,0
684757,0
684758,0
684759,0
684760,0
684761,0
684762,0
684763,0
684764,0
684765,0
684766,0
684767,0
684768,16
684769,0
684770,0
684771,11
684772,0
684773,0
684774,0
684775,0
684776,0
684777,0
684778,0
684779,0
684780,0
684781,0
684782,0
684783,0
684784,0
684785,20
684786,0
684787,0
684788,0
684789,0
684790,0
684791,0
684792,0
684793,0
684794,0
684795,0
684796,0
684797,0
684798,12
684799,0
684800,0
684801,0
684802,0
684803,16
684804,0
684805,0
684806,11
684807,0
684808,0
684809,0
684810,0
684811,0
684812,0
684813,0
684814,12
684815,0
684816,0
684817,21
684818,0
684819,0
684820,0
684821,0
684822,25
684823,0
684824,0
684825,0
684826,0
684827,13
684828,20
684829,29
684830,0
684831,0
684832,0
684833,24
684834,0
684835,6
684836,0
684837,0
684838,11
684839,11
684840,0
684841,0
684842,0
684843,0
684844,0
684845,0
684846,0
684847,14
684848,0
684849,0
684850,0
684851,0
684852,11
684853,0
684854,0
684855,0
684856,0
684857,0
684858,0
684859,0
684860,27
684861,0
684862,0
684863,0
684864,0
684865,0
684866,0
684867,17
684868,22
684869,0
684870,0
684871,0
684872,0
684873,25
684874,0
684875,7
684876,10
684877,0
684878,0
684879,0
684880,0
684881,0
684882,0
684883,0
684884,0
684885,0
684886,16
684887,17
684888,30
684889,0
684890,0
684891,0
684892,30
684893,23
684894,0
684895,0
684896,0
684897,0
684898,0
684899,0
684900,0
684901,22
684902,0
684903,12
684904,0
684905,14
684906,0
684907,0
684908,0
684909,0
684910,0
684911,0
684912,9
684913,21
684914,0
684915,0
684916,29
684917,0
684918,0
684919,16
684920,0
684921,8
684922,0
684923,0
684924,0
684925,0
684926,0
684927,8
684928,0
684929,0
684930,0
684931,0
684932,0
684933,0
684934,0
684935,0
684936,0
684937,0
684938,0
684939,0
684940,0
684941,0
684942,0
684943,0
684944,0
684945,0
684946,0
684947,0
684948,0
684949,0
684950,0
684951,12
684952,21
684953,0
684954,0
684955,0
684956,0
684957,0
684958,0
684959,0
684960,0
684961,0
684962,0
684963,0
684964,0
684965,0
684966,28
684967,0
684968,0
684969,0
684970,0
684971,12
684972,0
684973,0
684974,0
684975,0
684976,0
684977,0
684978,0
684979,9
684980,0
684981,0
684982,0
684983,0
684984,0
684985,0
684986,25
684987,0
684988,0
684989,0
684990,0
684991,0
684992,0
684993,0
684994,0
684995,0
684996,0
684997,0
684998,18
684999,0
685000,17
685001,0
685002,0
685003,0
685004,0
685005,0
685006,0
685007,0
685008,0
685009,0
685010,0
685011,0
685012,0
685013,0
685014,21
685015,0
685016,0
685017,0
685018,0
685019,0
685020,31
685021,28
685022,0
685023,0
685024,0
685025,0
685026,0
685027,0
685028,0
685029,20
685030,0
685031,0
685032,0
685033,0
685034,0
685035,0
685036,13
685037,0
685038,0
685039,0
685040,19
685041,0
685042,0
685043,0
685044,17
685045,12
685046,0
685047,0
685048,16
685049,0
685050,0
685051,19
685052,0
685053,0
685054,22
685055,0
685056,0
685057,0
685058,0
685059,0
685060,0
685061,0
685062,0
685063,0
685064,0
685065,0
685066,0
685067,0
685068,0
685069,0
685070,0
685071,12
685072,0
685073,0
685074,0
685075,0
685076,0
685077,12
685078,0
685079,0
685080,17
685081,0
685082,0
685083,0
685084,0
685085,0
685086,0
685087,12
685088,0
685089,0
685090,0
685091,0
685092,0
685093,16
685094,0
685095,13
685096,0
685097,0
685098,0
685099,0
685100,0
685101,0
685102,0
685103,0
685104,0
685105,0
685106,0
685107,0
685108,0
685109,0
685110,0
685111,25
685112,0
685113,14
685114,0
685115,0
685116,0
685117,0
685118,0
685119,0
685120,16
685121,0
685122,7
685123,0
685124,0
685125,0
685126,0
685127,0
685128,0
685129,0
685130,0
685131,0
685132,23
685133,0
685134,0
685135,0
685136,0
685137,0
685138,0
685139,0
685140,13
685141,0
685142,0
685143,0
685144,0
685145,0
685146,0
685147,0
685148,0
685149,3
685150,0
685151,0
685152,1
685153,0
685154,0
685155,0
685156,0
685157,0
685158,0
685159,0
685160,0
685161,0
685162,0
685163,0
685164,0
685165,0
685166,0
685167,4
685168,0
685169,2
685170,0
685171,0
685172,0
685173,0
685174,0
685175,1
685176,0
685177,1
685178,0
685179,1
685180,0
685181,0
685182,0
685183,0
685184,0
685185,0
685186,0
685187,0
685188,0
685189,0
685190,0
685191,0
685192,0
685193,0
685194,1
685195,0
685196,0
685197,0
685198,0
685199,0
685200,1
685201,0
685202,0
685203,0
685204,0
685205,0
685206,0
685207,0
685208,0
685209,0
685210,0
685211,0
685212,0
685213,0
685214,0
685215,0
685216,0
685217,0
685218,0
685219,0
685220,2
685221,0
685222,0
685223,0
685224,3
685225,2
685226,0
685227,0
685228,0
685229,0
685230,0
685231,2
685232,0
685233,0
685234,0
685235,0
685236,0
685237,0
685238,0
685239,0
685240,0
685241,5
685242,0
685243,0
685244,0
685245,0
685246,0
685247,0
685248,0
685249,0
685250,0
685251,0
685252,0
685253,0
685254,0
685255,0
685256,0
685257,0
685258,0
685259,0
685260,0
685261,0
685262,0
685263,0
685264,0
685265,0
685266,0
685267,0
685268,3
685269,0
685270,8
685271,0
685272,0
685273,0
685274,0
685275,0
685276,0
685277,0
685278,0
685279,4
685280,0
685281,0
685282,0
685283,0
685284,0
685285,0
685286,0
685287,2
685288,0
685289,0
685290,0
685291,0
685292,0
685293,0
685294,0
685295,0
685296,0
685297,0
685298,0
685299,0
685300,0
685301,0
685302,0
685303,0
685304,0
685305,0
685306,0
685307,3
685308,1
685309,0
685310,2
685311,2
685312,0
685313,1
685314,0
685315,0
685316,0
685317,0
685318,1
685319,0
685320,0
685321,0
685322,0
685323,0
685324,0
685325,0
685326,0
685327,0
685328,0
685329,0
685330,0
685331,0
685332,0
685333,0
685334,0
685335,0
685336,1
685337,0
685338,1
685339,0
685340,0
685341,0
685342,2
685343,0
685344,0
685345,1
685346,0
685347,0
685348,0
685349,0
685350,0
685351,0
685352,0
685353,0
685354,0
685355,0
685356,0
685357,0
685358,0
685359,0
685360,0
685361,0
685362,0
685363,0
685364,0
685365,0
685366,0
685367,0
685368,0
685369,0
685370,0
685371,3
685372,0
685373,0
685374,0
685375,0
685376,2
685377,0
685378,0
685379,2
685380,0
685381,0
685382,0
685383,0
685384,0
685385,0
685386,0
685387,0
685388,0
685389,0
685390,0
685391,0
685392,0
685393,0
685394,0
685395,0
685396,0
685397,0
685398,0
685399,0
685400,0
685401,0
685402,0
685403,0
685404,0
685405,0
685406,0
685407,0
685408,0
685409,0
685410,4
685411,0
685412,0
685413,0
685414,4
685415,0
685416,0
685417,0
685418,0
685419,0
685420,0
685421,0
685422,0
685423,0
685424,0
685425,0
685426,0
685427,0
685428,0
685429,0
685430,0
685431,0
685432,0
685433,0
685434,0
685435,0
685436,0
685437,0
685438,0
685439,0
685440,0
685441,0
685442,0
685443,0
685444,0
685445,0
685446,0
685447,0
685448,0
685449,0
685450,0
685451,0
685452,0
685453,0
685454,0
685455,0
685456,0
685457,1
685458,0
685459,0
685460,0
685461,0
685462,0
685463,0
685464,0
685465,0
685466,0
685467,0
685468,4
685469,0
685470,0
685471,0
685472,0
685473,0
685474,0
685475,0
685476,1
685477,0
685478,0
685479,0
685480,0
685481,0
685482,0
685483,0
685484,0
685485,0
685486,0
685487,0
685488,2
685489,0
685490,0
685491,0
685492,4
685493,0
685494,0
685495,0
685496,0
685497,2
685498,0
685499,0
685500,1
685501,0
685502,0
685503,2
685504,0
685505,0
685506,0
685507,0
685508,3
685509,0
685510,2
685511,0
685512,0
685513,0
685514,0
685515,0
685516,0
685517,0
685518,0
685519,0
685520,1
685521,0
685522,0
685523,0
685524,0
685525,0
685526,0
685527,0
685528,0
685529,0
685530,0
685531,4
685532,0
685533,0
685534,0
685535,0
685536,1
685537,0
685538,1
685539,0
685540,0
685541,1
685542,0
685543,0
685544,0
685545,0
685546,0
685547,0
685548,3
685549,0
685550,0
685551,0
685552,0
685553,0
685554,0
685555,2
685556,0
685557,0
685558,0
685559,0
685560,0
685561,0
685562,0
685563,0
685564,0
685565,1
685566,0
685567,2
685568,0
685569,0
685570,0
685571,0
685572,0
685573,0
685574,0
685575,0
685576,0
685577,0
685578,0
685579,0
685580,0
685581,0
685582,0
685583,0
685584,0
685585,0
685586,0
685587,0
685588,0
685589,0
685590,0
685591,0
685592,0
685593,0
685594,0
685595,0
685596,0
685597,0
685598,0
685599,21
685600,0
685601,0
685602,17
685603,0
685604,0
685605,0
685606,0
685607,0
685608,0
685609,0
685610,0
685611,0
685612,0
685613,47
685614,0
685615,0
685616,0
685617,0
685618,0
685619,0
685620,0
685621,0
685622,0
685623,45
685624,0
685625,0
685626,0
685627,0
685628,0
685629,0
685630,0
685631,0
685632,22
685633,0
685634,0
685635,0
685636,0
685637,0
685638,0
685639,0
685640,0
685641,0
685642,29
685643,0
685644,0
685645,29
685646,0
685647,0
685648,0
685649,0
685650,44
685651,0
685652,0
685653,0
685654,0
685655,0
685656,29
685657,0
685658,0
685659,0
685660,0
685661,0
685662,0
685663,0
685664,0
685665,0
685666,0
685667,0
685668,28
685669,0
685670,14
685671,0
685672,54
685673,34
685674,0
685675,0
685676,0
685677,0
685678,12
685679,0
685680,0
685681,0
685682,0
685683,0
685684,0
685685,0
685686,0
685687,0
685688,0
685689,0
685690,0
685691,0
685692,0
685693,0
685694,0
685695,22
685696,0
685697,0
685698,0
685699,0
685700,0
685701,0
685702,0
685703,0
685704,0
685705,0
685706,0
685707,0
685708,0
685709,0
685710,0
685711,0
685712,0
685713,0
685714,0
685715,0
685716,0
685717,0
685718,0
685719,19
685720,0
685721,0
685722,28
685723,0
685724,0
685725,0
685726,0
685727,0
685728,0
685729,0
685730,0
685731,0
685732,0
685733,0
685734,0
685735,0
685736,0
685737,0
685738,6
685739,0
685740,10
685741,0
685742,12
685743,16
685744,0
685745,0
685746,0
685747,0
685748,0
685749,0
685750,3
685751,0
685752,0
685753,0
685754,10
685755,0
685756,0
685757,8
685758,10
685759,0
685760,0
685761,8
685762,0
685763,0
685764,0
685765,0
685766,0
685767,0
685768,0
685769,0
685770,9
685771,0
685772,0
685773,8
685774,0
685775,0
685776,0
685777,0
685778,0
685779,0
685780,0
685781,0
685782,0
685783,0
685784,8
685785,0
685786,13
685787,0
685788,0
685789,0
685790,0
685791,0
685792,0
685793,0
685794,0
685795,0
685796,0
685797,0
685798,6
685799,0
685800,0
685801,0
685802,0
685803,0
685804,0
685805,0
685806,10
685807,0
685808,7
685809,11
685810,0
685811,6
685812,0
685813,0
685814,12
685815,0
685816,0
685817,0
685818,0
685819,10
685820,0
685821,0
685822,0
685823,0
685824,0
685825,0
685826,0
685827,7
685828,0
685829,0
685830,0
685831,0
685832,0
685833,0
685834,0
685835,9
685836,2
685837,8
685838,4
685839,0
685840,0
685841,0
685842,0
685843,0
685844,0
685845,0
685846,0
685847,0
685848,0
685849,16
685850,0
685851,2
685852,0
685853,0
685854,0
685855,0
685856,0
685857,0
685858,0
685859,0
685860,0
685861,0
685862,0
685863,10
685864,0
685865,0
685866,0
685867,0
685868,6
685869,0
685870,0
685871,8
685872,0
685873,0
685874,14
685875,0
685876,0
685877,0
685878,0
685879,0
685880,0
685881,0
685882,11
685883,0
685884,0
685885,0
685886,0
685887,0
685888,13
685889,0
685890,2
685891,0
685892,9
685893,0
685894,11
685895,0
685896,0
685897,0
685898,0
685899,8
685900,0
685901,0
685902,0
685903,0
685904,0
685905,0
685906,0
685907,0
685908,0
685909,0
685910,2
685911,0
685912,0
685913,12
685914,0
685915,0
685916,0
685917,0
685918,16
685919,0
685920,13
685921,0
685922,0
685923,0
685924,0
685925,0
685926,0
685927,0
685928,0
685929,15
685930,0
685931,13
685932,0
685933,0
685934,5
685935,0
685936,0
685937,0
685938,0
685939,19
685940,11
685941,0
685942,0
685943,13
685944,0
685945,0
685946,0
685947,0
685948,0
685949,0
685950,0
685951,0
685952,0
685953,0
685954,12
685955,0
685956,0
685957,9
685958,0
685959,13
685960,0
685961,0
685962,0
685963,12
685964,5
685965,0
685966,4
685967,0
685968,8
685969,0
685970,5
685971,8
685972,0
685973,5
685974,0
685975,0
685976,0
685977,3
685978,0
685979,0
685980,0
685981,0
685982,0
685983,0
685984,3
685985,12
685986,0
685987,0
685988,0
685989,7
685990,0
685991,9
685992,0
685993,0
685994,8
685995,6
685996,0
685997,11
685998,0
685999,12
686000,0
686001,0
686002,0
686003,0
686004,0
686005,9
686006,0
686007,0
686008,9
686009,9
686010,8
686011,15
686012,0
686013,0
686014,0
686015,0
686016,0
686017,0
686018,6
686019,0
686020,3
686021,0
686022,11
686023,2
686024,0
686025,0
686026,0
686027,0
686028,0
686029,0
686030,0
686031,0
686032,8
686033,4
686034,0
686035,0
686036,0
686037,0
686038,0
686039,0
686040,0
686041,0
686042,14
686043,0
686044,0
686045,0
686046,0
686047,0
686048,0
686049,0
686050,0
686051,0
686052,0
686053,0
686054,0
686055,19
686056,0
686057,0
686058,29
686059,26
686060,0
686061,0
686062,0
686063,0
686064,0
686065,0
686066,0
686067,26
686068,0
686069,0
686070,0
686071,0
686072,0
686073,0
686074,0
686075,0
686076,0
686077,0
686078,0
686079,0
686080,0
686081,0
686082,0
686083,19
686084,0
686085,0
686086,0
686087,0
686088,26
686089,26
686090,32
686091,0
686092,0
686093,18
686094,0
686095,0
686096,0
686097,31
686098,0
686099,0
686100,25
686101,0
686102,0
686103,23
686104,0
686105,0
686106,0
686107,0
686108,0
686109,0
686110,18
686111,0
686112,0
686113,0
686114,0
686115,0
686116,0
686117,23
686118,0
686119,0
686120,0
686121,0
686122,0
686123,0
686124,0
686125,0
686126,0
686127,0
686128,0
686129,0
686130,18
686131,0
686132,0
686133,0
686134,0
686135,0
686136,0
686137,0
686138,0
686139,0
686140,0
686141,19
686142,0
686143,0
686144,0
686145,0
686146,0
686147,0
686148,22
686149,0
686150,33
686151,22
686152,0
686153,0
686154,0
686155,0
686156,0
686157,0
686158,0
686159,0
686160,0
686161,0
686162,0
686163,0
686164,0
686165,18
686166,0
686167,0
686168,0
686169,0
686170,0
686171,0
686172,0
686173,0
686174,0
686175,0
686176,13
686177,0
686178,0
686179,29
686180,0
686181,0
686182,0
686183,23
686184,0
686185,0
686186,18
686187,0
686188,29
686189,0
686190,0
686191,0
686192,13
686193,0
686194,0
686195,0
686196,0
686197,18
686198,0
686199,0
686200,19
686201,9
686202,28
686203,17
686204,0
686205,0
686206,0
686207,0
686208,0
686209,34
686210,0
686211,19
686212,0
686213,0
686214,25
686215,19
686216,0
686217,0
686218,0
686219,0
686220,34
686221,0
686222,0
686223,0
686224,0
686225,0
686226,16
686227,0
686228,0
686229,23
686230,0
686231,0
686232,34
686233,0
686234,18
686235,0
686236,0
686237,0
686238,0
686239,0
686240,0
686241,0
686242,0
686243,0
686244,0
686245,16
686246,0
686247,0
686248,27
686249,0
686250,0
686251,0
686252,0
686253,0
686254,0
686255,0
686256,0
686257,0
686258,27
686259,0
686260,0
686261,0
686262,0
686263,0
686264,0
686265,0
686266,0
686267,0
686268,34
686269,0
686270,0
686271,0
686272,0
686273,0
686274,0
686275,0
686276,0
686277,21
686278,24
686279,0
686280,0
686281,0
686282,0
686283,0
686284,0
686285,0
686286,21
686287,0
686288,0
686289,0
686290,0
686291,0
686292,0
686293,0
686294,34
686295,0
686296,0
686297,0
686298,0
686299,0
686300,29
686301,0
686302,29
686303,0
686304,25
686305,0
686306,26
686307,0
686308,0
686309,0
686310,0
686311,0
686312,0
686313,0
686314,0
686315,0
686316,41
686317,0
686318,0
686319,32
686320,0
686321,0
686322,35
686323,0
686324,0
686325,0
686326,18
686327,0
686328,16
686329,0
686330,0
686331,0
686332,0
686333,16
686334,0
686335,0
686336,0
686337,27
686338,0
686339,0
686340,0
686341,27
686342,26
686343,0
686344,32
686345,0
686346,0
686347,0
686348,0
686349,0
686350,0
686351,0
686352,17
686353,0
686354,0
686355,0
686356,0
686357,0
686358,0
686359,0
686360,0
686361,0
686362,0
686363,0
686364,0
686365,0
686366,0
686367,0
686368,13
686369,0
686370,31
686371,31
686372,0
686373,0
686374,0
686375,0
686376,0
686377,0
686378,17
686379,0
686380,0
686381,0
686382,0
686383,0
686384,26
686385,0
686386,0
686387,33
686388,0
686389,0
686390,0
686391,0
686392,0
686393,22
686394,22
686395,0
686396,0
686397,0
686398,0
686399,0
686400,0
686401,0
686402,0
686403,0
686404,0
686405,0
686406,0
686407,0
686408,0
686409,0
686410,0
686411,0
686412,0
686413,0
686414,0
686415,31
686416,0
686417,0
686418,0
686419,0
686420,0
686421,0
686422,0
686423,0
686424,0
686425,0
686426,0
686427,0
686428,0
686429,0
686430,0
686431,0
686432,0
686433,0
686434,0
686435,0
686436,0
686437,0
686438,0
686439,0
686440,0
686441,0
686442,0
686443,0
686444,0
686445,0
686446,0
686447,0
686448,0
686449,0
686450,15
686451,0
686452,19
686453,0
686454,33
686455,23
686456,0
686457,0
686458,0
686459,0
686460,43
686461,0
686462,0
686463,0
686464,0
686465,24
686466,0
686467,25
686468,0
686469,0
686470,0
686471,0
686472,0
686473,0
686474,0
686475,21
686476,0
686477,0
686478,29
686479,32
686480,22
686481,0
686482,0
686483,0
686484,0
686485,0
686486,0
686487,0
686488,19
686489,0
686490,0
686491,27
686492,12
686493,22
686494,0
686495,0
686496,0
686497,0
686498,0
686499,0
686500,0
686501,0
686502,0
686503,0
686504,0
686505,0
686506,0
686507,0
686508,32
686509,0
686510,0
686511,0
686512,18
686513,0
686514,0
686515,0
686516,0
686517,0
686518,0
686519,11
686520,0
686521,0
686522,0
686523,0
686524,0
686525,0
686526,0
686527,38
686528,25
686529,0
686530,0
686531,0
686532,0
686533,0
686534,22
686535,22
686536,0
686537,0
686538,0
686539,24
686540,28
686541,0
686542,0
686543,26
686544,0
686545,0
686546,0
686547,0
686548,23
686549,0
686550,0
686551,0
686552,0
686553,0
686554,27
686555,0
686556,18
686557,0
686558,0
686559,0
686560,0
686561,0
686562,0
686563,20
686564,0
686565,0
686566,0
686567,0
686568,0
686569,0
686570,0
686571,25
686572,28
686573,0
686574,0
686575,24
686576,0
686577,19
686578,0
686579,0
686580,0
686581,0
686582,0
686583,0
686584,29
686585,32
686586,0
686587,0
686588,0
686589,0
686590,0
686591,0
686592,0
686593,0
686594,29
686595,0
686596,0
686597,0
686598,0
686599,0
686600,0
686601,0
686602,18
686603,0
686604,0
686605,0
686606,0
686607,0
686608,0
686609,23
686610,0
686611,22
686612,0
686613,0
686614,0
686615,0
686616,18
686617,0
686618,20
686619,0
686620,0
686621,0
686622,21
686623,0
686624,0
686625,0
686626,0
686627,0
686628,0
686629,0
686630,26
686631,0
686632,0
686633,0
686634,0
686635,19
686636,19
686637,0
686638,0
686639,0
686640,0
686641,0
686642,0
686643,0
686644,0
686645,0
686646,0
686647,0
686648,0
686649,0
686650,0
686651,0
686652,0
686653,0
686654,0
686655,0
686656,0
686657,0
686658,0
686659,0
686660,0
686661,0
686662,0
686663,0
686664,0
686665,0
686666,0
686667,0
686668,0
686669,23
686670,0
686671,19
686672,0
686673,0
686674,0
686675,21
686676,0
686677,0
686678,0
686679,0
686680,25
686681,0
686682,0
686683,0
686684,0
686685,21
686686,0
686687,0
686688,0
686689,0
686690,0
686691,0
686692,0
686693,0
686694,0
686695,0
686696,0
686697,0
686698,0
686699,0
686700,0
686701,0
686702,0
686703,0
686704,0
686705,0
686706,0
686707,0
686708,0
686709,0
686710,0
686711,0
686712,0
686713,0
686714,0
686715,0
686716,0
686717,0
686718,0
686719,0
686720,0
686721,0
686722,0
686723,0
686724,0
686725,0
686726,0
686727,0
686728,0
686729,0
686730,25
686731,0
686732,24
686733,0
686734,0
686735,0
686736,0
686737,29
686738,21
686739,0
686740,24
686741,0
686742,0
686743,0
686744,0
686745,0
686746,0
686747,17
686748,0
686749,0
686750,0
686751,28
686752,0
686753,0
686754,0
686755,0
686756,0
686757,0
686758,0
686759,0
686760,0
686761,0
686762,0
686763,23
686764,0
686765,0
686766,0
686767,0
686768,31
686769,0
686770,31
686771,0
686772,0
686773,0
686774,0
686775,0
686776,0
686777,0
686778,0
686779,24
686780,0
686781,0
686782,0
686783,0
686784,0
686785,0
686786,0
686787,0
686788,0
686789,0
686790,0
686791,0
686792,0
686793,0
686794,0
686795,0
686796,0
686797,29
686798,0
686799,22
686800,0
686801,0
686802,0
686803,26
686804,29
686805,0
686806,0
686807,0
686808,0
686809,18
686810,0
686811,0
686812,0
686813,0
686814,0
686815,29
686816,0
686817,0
686818,0
686819,0
686820,0
686821,0
686822,0
686823,0
686824,0
686825,0
686826,0
686827,0
686828,0
686829,0
686830,0
686831,0
686832,0
686833,0
686834,0
686835,0
686836,0
686837,0
686838,0
686839,0
686840,0
686841,0
686842,0
686843,0
686844,0
686845,0
686846,0
686847,10
686848,0
686849,0
686850,0
686851,0
686852,0
686853,11
686854,0
686855,0
686856,7
686857,15
686858,0
686859,11
686860,0
686861,0
686862,0
686863,11
686864,0
686865,0
686866,0
686867,9
686868,0
686869,12
686870,0
686871,0
686872,7
686873,11
686874,0
686875,0
686876,0
686877,0
686878,9
686879,0
686880,0
686881,0
686882,14
686883,0
686884,0
686885,0
686886,0
686887,0
686888,0
686889,0
686890,0
686891,10
686892,0
686893,0
686894,0
686895,0
686896,0
686897,0
686898,0
686899,0
686900,0
686901,6
686902,15
686903,0
686904,9
686905,12
686906,0
686907,0
686908,7
686909,0
686910,10
686911,0
686912,0
686913,11
686914,17
686915,0
686916,0
686917,14
686918,0
686919,0
686920,12
686921,0
686922,0
686923,0
686924,14
686925,11
686926,0
686927,0
686928,0
686929,0
686930,0
686931,0
686932,0
686933,0
686934,0
686935,0
686936,0
686937,0
686938,9
686939,0
686940,0
686941,0
686942,0
686943,0
686944,0
686945,0
686946,0
686947,11
686948,0
686949,0
686950,0
686951,0
686952,0
686953,0
686954,8
686955,0
686956,0
686957,15
686958,0
686959,0
686960,0
686961,8
686962,0
686963,8
686964,8
686965,0
686966,11
686967,0
686968,0
686969,12
686970,0
686971,0
686972,0
686973,8
686974,14
686975,0
686976,0
686977,0
686978,17
686979,0
686980,0
686981,0
686982,0
686983,0
686984,0
686985,18
686986,0
686987,0
686988,0
686989,0
686990,0
686991,7
686992,22
686993,0
686994,0
686995,10
686996,0
686997,0
686998,0
686999,0
687000,0
687001,0
687002,0
687003,0
687004,0
687005,0
687006,0
687007,0
687008,0
687009,0
687010,14
687011,0
687012,0
687013,0
687014,10
687015,0
687016,0
687017,0
687018,0
687019,0
687020,0
687021,0
687022,0
687023,0
687024,0
687025,0
687026,0
687027,0
687028,0
687029,0
687030,0
687031,0
687032,0
687033,0
687034,0
687035,0
687036,0
687037,0
687038,0
687039,0
687040,0
687041,7
687042,0
687043,0
687044,0
687045,0
687046,16
687047,0
687048,0
687049,11
687050,0
687051,0
687052,18
687053,0
687054,0
687055,0
687056,0
687057,0
687058,0
687059,0
687060,0
687061,0
687062,0
687063,7
687064,0
687065,4
687066,0
687067,0
687068,11
687069,9
687070,0
687071,0
687072,11
687073,0
687074,0
687075,0
687076,0
687077,0
687078,0
687079,11
687080,0
687081,0
687082,0
687083,10
687084,0
687085,0
687086,12
687087,0
687088,0
687089,9
687090,0
687091,5
687092,9
687093,0
687094,13
687095,8
687096,8
687097,16
687098,0
687099,0
687100,0
687101,0
687102,19
687103,11
687104,0
687105,0
687106,0
687107,0
687108,8
687109,0
687110,9
687111,15
687112,0
687113,15
687114,0
687115,0
687116,0
687117,10
687118,0
687119,0
687120,0
687121,0
687122,0
687123,6
687124,0
687125,0
687126,12
687127,0
687128,0
687129,0
687130,0
687131,0
687132,9
687133,0
687134,13
687135,0
687136,0
687137,0
687138,0
687139,0
687140,0
687141,0
687142,0
687143,15
687144,8
687145,0
687146,0
687147,0
687148,0
687149,0
687150,0
687151,0
687152,0
687153,0
687154,0
687155,0
687156,0
687157,0
687158,0
687159,20
687160,0
687161,0
687162,0
687163,0
687164,11
687165,0
687166,0
687167,0
687168,13
687169,0
687170,0
687171,8
687172,0
687173,0
687174,0
687175,0
687176,6
687177,16
687178,0
687179,0
687180,0
687181,11
687182,0
687183,0
687184,9
687185,10
687186,0
687187,0
687188,0
687189,9
687190,21
687191,0
687192,0
687193,7
687194,10
687195,0
687196,12
687197,0
687198,0
687199,0
687200,0
687201,0
687202,4
687203,0
687204,0
687205,0
687206,0
687207,0
687208,0
687209,0
687210,0
687211,0
687212,11
687213,10
687214,0
687215,0
687216,0
687217,11
687218,0
687219,0
687220,0
687221,0
687222,0
687223,0
687224,26
687225,0
687226,0
687227,0
687228,10
687229,0
687230,0
687231,0
687232,8
687233,0
687234,11
687235,0
687236,0
687237,12
687238,0
687239,0
687240,10
687241,0
687242,0
687243,0
687244,10
687245,14
687246,0
687247,0
687248,0
687249,0
687250,0
687251,0
687252,16
687253,0
687254,11
687255,0
687256,0
687257,0
687258,0
687259,0
687260,0
687261,0
687262,0
687263,0
687264,0
687265,0
687266,0
687267,0
687268,22
687269,0
687270,0
687271,0
687272,0
687273,0
687274,0
687275,0
687276,10
687277,0
687278,0
687279,0
687280,0
687281,0
687282,0
687283,0
687284,0
687285,20
687286,0
687287,0
687288,0
687289,0
687290,0
687291,0
687292,0
687293,0
687294,0
687295,0
687296,18
687297,0
687298,0
687299,0
687300,0
687301,0
687302,0
687303,0
687304,0
687305,0
687306,0
687307,0
687308,0
687309,0
687310,0
687311,0
687312,0
687313,0
687314,0
687315,11
687316,0
687317,0
687318,0
687319,0
687320,0
687321,9
687322,12
687323,0
687324,15
687325,5
687326,9
687327,10
687328,0
687329,0
687330,0
687331,0
687332,0
687333,0
687334,0
687335,9
687336,0
687337,0
687338,0
687339,0
687340,10
687341,18
687342,0
687343,13
687344,0
687345,0
687346,0
687347,0
687348,7
687349,11
687350,10
687351,0
687352,0
687353,0
687354,0
687355,0
687356,11
687357,0
687358,0
687359,0
687360,0
687361,0
687362,0
687363,0
687364,0
687365,0
687366,0
687367,0
687368,0
687369,0
687370,0
687371,0
687372,11
687373,0
687374,0
687375,6
687376,0
687377,0
687378,0
687379,0
687380,0
687381,0
687382,0
687383,15
687384,0
687385,0
687386,9
687387,0
687388,16
687389,0
687390,0
687391,0
687392,0
687393,0
687394,18
687395,0
687396,0
687397,0
687398,0
687399,0
687400,0
687401,0
687402,0
687403,0
687404,0
687405,0
687406,0
687407,0
687408,0
687409,0
687410,11
687411,0
687412,0
687413,0
687414,0
687415,0
687416,0
687417,0
687418,0
687419,0
687420,0
687421,0
687422,0
687423,0
687424,0
687425,0
687426,4
687427,0
687428,0
687429,0
687430,0
687431,0
687432,18
687433,0
687434,0
687435,0
687436,20
687437,12
687438,0
687439,0
687440,0
687441,0
687442,10
687443,0
687444,0
687445,0
687446,0
687447,0
687448,0
687449,12
687450,0
687451,0
687452,0
687453,14
687454,0
687455,0
687456,0
687457,0
687458,0
687459,0
687460,5
687461,0
687462,0
687463,0
687464,0
687465,0
687466,11
687467,17
687468,0
687469,0
687470,14
687471,0
687472,10
687473,0
687474,17
687475,0
687476,0
687477,0
687478,0
687479,0
687480,0
687481,0
687482,0
687483,0
687484,0
687485,0
687486,0
687487,0
687488,11
687489,0
687490,15
687491,6
687492,8
687493,0
687494,0
687495,0
687496,0
687497,0
687498,0
687499,0
687500,0
687501,0
687502,0
687503,0
687504,0
687505,0
687506,12
687507,0
687508,0
687509,12
687510,0
687511,0
687512,0
687513,0
687514,0
687515,12
687516,7
687517,0
687518,0
687519,0
687520,0
687521,10
687522,0
687523,0
687524,0
687525,0
687526,0
687527,0
687528,0
687529,0
687530,0
687531,0
687532,0
687533,0
687534,0
687535,0
687536,0
687537,0
687538,0
687539,0
687540,0
687541,0
687542,0
687543,0
687544,0
687545,0
687546,0
687547,0
687548,0
687549,13
687550,10
687551,0
687552,0
687553,0
687554,0
687555,0
687556,0
687557,0
687558,0
687559,0
687560,0
687561,0
687562,0
687563,5
687564,8
687565,10
687566,0
687567,0
687568,0
687569,0
687570,0
687571,0
687572,0
687573,0
687574,0
687575,14
687576,0
687577,0
687578,0
687579,0
687580,0
687581,7
687582,12
687583,11
687584,0
687585,9
687586,0
687587,0
687588,16
687589,0
687590,8
687591,0
687592,15
687593,0
687594,0
687595,0
687596,0
687597,0
687598,6
687599,0
687600,0
687601,0
687602,0
687603,14
687604,0
687605,0
687606,0
687607,0
687608,0
687609,0
687610,0
687611,0
687612,0
687613,0
687614,8
687615,12
687616,0
687617,0
687618,5
687619,10
687620,0
687621,9
687622,0
687623,13
687624,0
687625,0
687626,0
687627,0
687628,0
687629,0
687630,0
687631,0
687632,0
687633,0
687634,13
687635,10
687636,0
687637,0
687638,0
687639,15
687640,13
687641,0
687642,0
687643,0
687644,0
687645,0
687646,24
687647,0
687648,0
687649,0
687650,11
687651,0
687652,0
687653,0
687654,0
687655,0
687656,0
687657,0
687658,13
687659,0
687660,0
687661,0
687662,14
687663,15
687664,0
687665,0
687666,8
687667,0
687668,0
687669,0
687670,0
687671,12
687672,0
687673,0
687674,0
687675,0
687676,0
687677,0
687678,0
687679,0
687680,7
687681,0
687682,0
687683,0
687684,0
687685,0
687686,0
687687,0
687688,13
687689,0
687690,9
687691,0
687692,0
687693,8
687694,14
687695,0
687696,0
687697,0
687698,0
687699,0
687700,0
687701,0
687702,0
687703,0
687704,9
687705,14
687706,0
687707,0
687708,0
687709,0
687710,0
687711,0
687712,0
687713,0
687714,0
687715,0
687716,0
687717,0
687718,0
687719,0
687720,0
687721,0
687722,0
687723,0
687724,10
687725,0
687726,0
687727,0
687728,0
687729,0
687730,6
687731,13
687732,0
687733,9
687734,0
687735,0
687736,0
687737,35
687738,17
687739,0
687740,0
687741,0
687742,0
687743,13
687744,0
687745,21
687746,0
687747,0
687748,28
687749,0
687750,30
687751,0
687752,0
687753,0
687754,0
687755,0
687756,21
687757,18
687758,19
687759,0
687760,17
687761,0
687762,0
687763,0
687764,0
687765,0
687766,0
687767,0
687768,0
687769,0
687770,0
687771,0
687772,0
687773,20
687774,0
687775,0
687776,0
687777,0
687778,0
687779,0
687780,21
687781,28
687782,19
687783,0
687784,53
687785,23
687786,0
687787,0
687788,0
687789,0
687790,0
687791,0
687792,0
687793,0
687794,0
687795,0
687796,0
687797,0
687798,0
687799,0
687800,0
687801,0
687802,14
687803,22
687804,0
687805,0
687806,0
687807,25
687808,0
687809,0
687810,0
687811,0
687812,0
687813,45
687814,0
687815,0
687816,0
687817,0
687818,0
687819,0
687820,0
687821,0
687822,0
687823,16
687824,0
687825,0
687826,19
687827,0
687828,0
687829,0
687830,0
687831,22
687832,0
687833,0
687834,16
687835,0
687836,0
687837,0
687838,15
687839,0
687840,0
687841,0
687842,31
687843,0
687844,22
687845,0
687846,0
687847,0
687848,0
687849,35
687850,0
687851,0
687852,0
687853,0
687854,0
687855,0
687856,0
687857,0
687858,27
687859,0
687860,0
687861,0
687862,0
687863,28
687864,0
687865,0
687866,0
687867,0
687868,0
687869,18
687870,22
687871,31
687872,0
687873,0
687874,0
687875,0
687876,24
687877,0
687878,0
687879,0
687880,0
687881,0
687882,27
687883,0
687884,0
687885,0
687886,28
687887,0
687888,0
687889,0
687890,0
687891,0
687892,0
687893,33
687894,0
687895,31
687896,0
687897,0
687898,26
687899,0
687900,30
687901,0
687902,0
687903,0
687904,0
687905,0
687906,0
687907,0
687908,26
687909,0
687910,0
687911,0
687912,0
687913,0
687914,0
687915,30
687916,0
687917,0
687918,0
687919,0
687920,37
687921,18
687922,0
687923,0
687924,0
687925,0
687926,0
687927,0
687928,0
687929,0
687930,37
687931,35
687932,20
687933,24
687934,28
687935,0
687936,0
687937,29
687938,0
687939,0
687940,0
687941,0
687942,0
687943,0
687944,0
687945,0
687946,0
687947,0
687948,0
687949,29
687950,0
687951,0
687952,0
687953,0
687954,0
687955,0
687956,12
687957,0
687958,0
687959,0
687960,0
687961,0
687962,38
687963,0
687964,0
687965,32
687966,17
687967,12
687968,0
687969,0
687970,33
687971,17
687972,0
687973,0
687974,0
687975,19
687976,0
687977,0
687978,0
687979,0
687980,25
687981,0
687982,0
687983,0
687984,0
687985,0
687986,0
687987,0
687988,0
687989,22
687990,0
687991,0
687992,16
687993,0
687994,0
687995,0
687996,0
687997,14
687998,0
687999,26
688000,0
688001,0
688002,0
688003,0
688004,31
688005,0
688006,0
688007,0
688008,0
688009,0
688010,0
688011,17
688012,0
688013,29
688014,0
688015,50
688016,0
688017,0
688018,27
688019,21
688020,0
688021,0
688022,0
688023,0
688024,0
688025,0
688026,0
688027,29
688028,25
688029,0
688030,0
688031,0
688032,26
688033,0
688034,0
688035,40
688036,0
688037,21
688038,10
688039,41
688040,0
688041,0
688042,18
688043,0
688044,0
688045,0
688046,0
688047,0
688048,0
688049,0
688050,0
688051,0
688052,0
688053,0
688054,0
688055,0
688056,0
688057,0
688058,7
688059,0
688060,0
688061,0
688062,0
688063,0
688064,0
688065,0
688066,19
688067,15
688068,0
688069,20
688070,0
688071,17
688072,34
688073,0
688074,0
688075,0
688076,34
688077,0
688078,24
688079,0
688080,24
688081,32
688082,0
688083,0
688084,0
688085,0
688086,0
688087,0
688088,0
688089,0
688090,0
688091,0
688092,30
688093,0
688094,0
688095,0
688096,0
688097,0
688098,0
688099,0
688100,0
688101,0
688102,0
688103,0
688104,0
688105,0
688106,0
688107,13
688108,18
688109,9
688110,0
688111,0
688112,0
688113,0
688114,0
688115,15
688116,0
688117,0
688118,0
688119,0
688120,0
688121,0
688122,0
688123,0
688124,0
688125,0
688126,0
688127,0
688128,0
688129,8
688130,0
688131,0
688132,0
688133,0
688134,0
688135,0
688136,17
688137,0
688138,0
688139,0
688140,0
688141,0
688142,9
688143,0
688144,0
688145,0
688146,9
688147,8
688148,0
688149,0
688150,8
688151,0
688152,0
688153,0
688154,7
688155,0
688156,0
688157,10
688158,0
688159,0
688160,0
688161,0
688162,0
688163,0
688164,2
688165,0
688166,15
688167,6
688168,0
688169,0
688170,0
688171,0
688172,0
688173,0
688174,0
688175,0
688176,0
688177,0
688178,0
688179,0
688180,0
688181,0
688182,0
688183,0
688184,0
688185,0
688186,0
688187,0
688188,0
688189,0
688190,10
688191,0
688192,0
688193,5
688194,0
688195,0
688196,0
688197,0
688198,12
688199,9
688200,5
688201,0
688202,0
688203,0
688204,0
688205,10
688206,0
688207,0
688208,0
688209,0
688210,0
688211,0
688212,0
688213,0
688214,0
688215,0
688216,0
688217,0
688218,0
688219,0
688220,0
688221,0
688222,0
688223,0
688224,6
688225,0
688226,0
688227,0
688228,0
688229,0
688230,0
688231,0
688232,0
688233,0
688234,0
688235,7
688236,0
688237,6
688238,0
688239,0
688240,0
688241,0
688242,0
688243,0
688244,0
688245,0
688246,0
688247,9
688248,0
688249,0
688250,0
688251,0
688252,0
688253,0
688254,6
688255,0
688256,0
688257,0
688258,0
688259,0
688260,0
688261,0
688262,0
688263,8
688264,4
688265,0
688266,0
688267,0
688268,9
688269,0
688270,0
688271,5
688272,0
688273,0
688274,11
688275,0
688276,0
688277,0
688278,0
688279,0
688280,11
688281,0
688282,0
688283,0
688284,0
688285,10
688286,0
688287,0
688288,0
688289,0
688290,7
688291,0
688292,0
688293,9
688294,0
688295,0
688296,0
688297,0
688298,0
688299,0
688300,0
688301,0
688302,8
688303,0
688304,0
688305,0
688306,0
688307,0
688308,0
688309,0
688310,0
688311,0
688312,0
688313,11
688314,0
688315,0
688316,0
688317,0
688318,0
688319,0
688320,0
688321,0
688322,6
688323,0
688324,0
688325,0
688326,0
688327,11
688328,0
688329,0
688330,0
688331,0
688332,0
688333,0
688334,0
688335,3
688336,0
688337,0
688338,0
688339,0
688340,0
688341,0
688342,0
688343,7
688344,0
688345,0
688346,0
688347,0
688348,0
688349,0
688350,0
688351,0
688352,0
688353,0
688354,0
688355,0
688356,0
688357,0
688358,8
688359,0
688360,0
688361,0
688362,0
688363,0
688364,0
688365,0
688366,0
688367,0
688368,0
688369,0
688370,0
688371,0
688372,0
688373,0
688374,0
688375,4
688376,0
688377,0
688378,0
688379,6
688380,0
688381,0
688382,0
688383,0
688384,0
688385,0
688386,0
688387,0
688388,0
688389,0
688390,0
688391,0
688392,0
688393,0
688394,0
688395,0
688396,4
688397,0
688398,0
688399,13
688400,0
688401,0
688402,0
688403,0
688404,0
688405,0
688406,0
688407,0
688408,0
688409,5
688410,0
688411,0
688412,0
688413,0
688414,0
688415,0
688416,0
688417,12
688418,0
688419,0
688420,0
688421,0
688422,0
688423,0
688424,0
688425,0
688426,0
688427,0
688428,0
688429,0
688430,0
688431,0
688432,0
688433,0
688434,0
688435,0
688436,0
688437,0
688438,10
688439,0
688440,0
688441,0
688442,5
688443,0
688444,3
688445,0
688446,0
688447,0
688448,0
688449,0
688450,0
688451,0
688452,0
688453,0
688454,6
688455,0
688456,0
688457,0
688458,0
688459,0
688460,7
688461,0
688462,0
688463,0
688464,0
688465,0
688466,0
688467,0
688468,0
688469,0
688470,5
688471,0
688472,0
688473,0
688474,0
688475,0
688476,0
688477,0
688478,0
688479,0
688480,0
688481,0
688482,0
688483,8
688484,0
688485,0
688486,0
688487,0
688488,0
688489,0
688490,0
688491,14
688492,9
688493,7
688494,0
688495,8
688496,0
688497,0
688498,0
688499,0
688500,0
688501,3
688502,0
688503,0
688504,0
688505,0
688506,0
688507,0
688508,11
688509,0
688510,0
688511,0
688512,0
688513,0
688514,0
688515,0
688516,0
688517,0
688518,0
688519,0
688520,0
688521,0
688522,0
688523,14
688524,0
688525,0
688526,0
688527,5
688528,0
688529,0
688530,8
688531,0
688532,0
688533,0
688534,0
688535,10
688536,0
688537,0
688538,0
688539,0
688540,0
688541,0
688542,0
688543,0
688544,0
688545,0
688546,0
688547,0
688548,0
688549,5
688550,0
688551,0
688552,0
688553,0
688554,4
688555,0
688556,4
688557,0
688558,0
688559,0
688560,0
688561,0
688562,0
688563,0
688564,0
688565,0
688566,0
688567,11
688568,0
688569,0
688570,2
688571,0
688572,0
688573,0
688574,0
688575,0
688576,0
688577,0
688578,0
688579,0
688580,0
688581,0
688582,0
688583,9
688584,2
688585,0
688586,0
688587,0
688588,0
688589,0
688590,0
688591,7
688592,0
688593,0
688594,0
688595,0
688596,4
688597,0
688598,0
688599,0
688600,0
688601,4
688602,0
688603,0
688604,0
688605,5
688606,7
688607,6
688608,0
688609,0
688610,0
688611,0
688612,0
688613,9
688614,0
688615,0
688616,0
688617,6
688618,8
688619,5
688620,0
688621,0
688622,0
688623,8
688624,0
688625,8
688626,0
688627,9
688628,0
688629,0
688630,0
688631,0
688632,0
688633,0
688634,0
688635,0
688636,0
688637,0
688638,0
688639,0
688640,0
688641,0
688642,0
688643,8
688644,0
688645,0
688646,0
688647,0
688648,0
688649,0
688650,0
688651,7
688652,0
688653,0
688654,0
688655,0
688656,0
688657,0
688658,0
688659,0
688660,0
688661,7
688662,0
688663,0
688664,0
688665,0
688666,0
688667,0
688668,0
688669,0
688670,5
688671,0
688672,0
688673,0
688674,0
688675,0
688676,7
688677,0
688678,0
688679,0
688680,0
688681,6
688682,0
688683,0
688684,9
688685,0
688686,0
688687,0
688688,0
688689,0
688690,0
688691,0
688692,0
688693,0
688694,0
688695,0
688696,0
688697,0
688698,0
688699,0
688700,0
688701,0
688702,0
688703,0
688704,0
688705,0
688706,0
688707,5
688708,0
688709,0
688710,0
688711,0
688712,0
688713,6
688714,6
688715,0
688716,0
688717,0
688718,0
688719,0
688720,6
688721,5
688722,0
688723,9
688724,0
688725,0
688726,0
688727,0
688728,0
688729,0
688730,0
688731,10
688732,12
688733,0
688734,0
688735,0
688736,0
688737,0
688738,0
688739,0
688740,7
688741,3
688742,13
688743,0
688744,0
688745,0
688746,0
688747,0
688748,0
688749,0
688750,0
688751,0
688752,0
688753,0
688754,0
688755,0
688756,0
688757,5
688758,0
688759,3
688760,7
688761,8
688762,0
688763,0
688764,0
688765,0
688766,0
688767,0
688768,7
688769,0
688770,0
688771,0
688772,0
688773,0
688774,0
688775,17
688776,0
688777,0
688778,0
688779,9
688780,10
688781,0
688782,0
688783,0
688784,0
688785,6
688786,11
688787,0
688788,3
688789,0
688790,0
688791,0
688792,0
688793,0
688794,5
688795,0
688796,0
688797,0
688798,3
688799,0
688800,0
688801,0
688802,4
688803,0
688804,3
688805,0
688806,10
688807,0
688808,0
688809,0
688810,0
688811,0
688812,0
688813,7
688814,0
688815,0
688816,0
688817,11
688818,0
688819,0
688820,7
688821,0
688822,0
688823,9
688824,11
688825,5
688826,7
688827,6
688828,0
688829,0
688830,0
688831,0
688832,6
688833,0
688834,10
688835,0
688836,0
688837,0
688838,0
688839,0
688840,2
688841,0
688842,0
688843,0
688844,0
688845,0
688846,3
688847,0
688848,0
688849,0
688850,0
688851,0
688852,0
688853,0
688854,0
688855,0
688856,0
688857,0
688858,0
688859,0
688860,0
688861,0
688862,0
688863,0
688864,0
688865,0
688866,4
688867,0
688868,0
688869,0
688870,0
688871,0
688872,0
688873,0
688874,0
688875,0
688876,13
688877,0
688878,0
688879,19
688880,0
688881,0
688882,0
688883,8
688884,0
688885,0
688886,0
688887,0
688888,0
688889,20
688890,0
688891,0
688892,30
688893,0
688894,16
688895,0
688896,0
688897,0
688898,0
688899,0
688900,0
688901,0
688902,0
688903,0
688904,0
688905,0
688906,16
688907,0
688908,0
688909,0
688910,0
688911,0
688912,0
688913,0
688914,0
688915,0
688916,0
688917,0
688918,0
688919,0
688920,0
688921,0
688922,0
688923,0
688924,0
688925,0
688926,0
688927,0
688928,14
688929,0
688930,0
688931,17
688932,0
688933,28
688934,0
688935,0
688936,0
688937,21
688938,0
688939,0
688940,0
688941,0
688942,0
688943,0
688944,0
688945,20
688946,0
688947,0
688948,0
688949,0
688950,0
688951,0
688952,0
688953,0
688954,0
688955,0
688956,0
688957,0
688958,12
688959,11
688960,0
688961,0
688962,0
688963,0
688964,0
688965,0
688966,0
688967,0
688968,0
688969,20
688970,0
688971,0
688972,0
688973,0
688974,0
688975,0
688976,0
688977,0
688978,0
688979,0
688980,0
688981,0
688982,0
688983,0
688984,0
688985,0
688986,0
688987,0
688988,22
688989,0
688990,0
688991,0
688992,0
688993,15
688994,0
688995,16
688996,0
688997,0
688998,0
688999,0
689000,0
689001,0
689002,0
689003,0
689004,0
689005,0
689006,23
689007,0
689008,0
689009,0
689010,0
689011,12
689012,15
689013,10
689014,0
689015,25
689016,16
689017,0
689018,0
689019,17
689020,0
689021,0
689022,0
689023,0
689024,0
689025,22
689026,0
689027,0
689028,0
689029,0
689030,0
689031,0
689032,0
689033,0
689034,0
689035,0
689036,0
689037,0
689038,26
689039,0
689040,23
689041,0
689042,0
689043,0
689044,0
689045,0
689046,17
689047,0
689048,19
689049,0
689050,0
689051,0
689052,0
689053,0
689054,0
689055,0
689056,0
689057,0
689058,0
689059,15
689060,0
689061,0
689062,0
689063,0
689064,0
689065,0
689066,0
689067,0
689068,0
689069,0
689070,0
689071,0
689072,20
689073,0
689074,0
689075,0
689076,0
689077,0
689078,0
689079,0
689080,16
689081,14
689082,0
689083,0
689084,26
689085,0
689086,0
689087,0
689088,0
689089,19
689090,0
689091,16
689092,0
689093,0
689094,16
689095,0
689096,22
689097,0
689098,0
689099,0
689100,0
689101,0
689102,0
689103,0
689104,0
689105,0
689106,0
689107,0
689108,0
689109,0
689110,0
689111,0
689112,0
689113,0
689114,19
689115,0
689116,20
689117,0
689118,24
689119,0
689120,15
689121,0
689122,0
689123,20
689124,0
689125,0
689126,0
689127,14
689128,0
689129,0
689130,0
689131,20
689132,0
689133,0
689134,0
689135,0
689136,15
689137,0
689138,0
689139,0
689140,0
689141,0
689142,22
689143,0
689144,0
689145,0
689146,0
689147,0
689148,0
689149,0
689150,0
689151,0
689152,0
689153,0
689154,0
689155,0
689156,0
689157,25
689158,0
689159,10
689160,23
689161,0
689162,0
689163,24
689164,0
689165,0
689166,0
689167,18
689168,0
689169,0
689170,0
689171,0
689172,19
689173,0
689174,0
689175,0
689176,21
689177,0
689178,0
689179,0
689180,0
689181,0
689182,0
689183,0
689184,21
689185,0
689186,0
689187,0
689188,0
689189,0
689190,0
689191,12
689192,0
689193,26
689194,0
689195,0
689196,0
689197,0
689198,19
689199,0
689200,0
689201,29
689202,15
689203,0
689204,22
689205,0
689206,0
689207,0
689208,0
689209,19
689210,0
689211,0
689212,18
689213,0
689214,0
689215,0
689216,17
689217,0
689218,0
689219,0
689220,0
689221,0
689222,0
689223,23
689224,27
689225,0
689226,0
689227,13
689228,0
689229,0
689230,0
689231,0
689232,0
689233,0
689234,0
689235,0
689236,0
689237,0
689238,0
689239,22
689240,0
689241,0
689242,0
689243,13
689244,0
689245,0
689246,0
689247,0
689248,0
689249,10
689250,19
689251,0
689252,0
689253,0
689254,0
689255,0
689256,25
689257,14
689258,0
689259,0
689260,0
689261,0
689262,0
689263,0
689264,0
689265,0
689266,22
689267,0
689268,0
689269,18
689270,0
689271,0
689272,0
689273,0
689274,0
689275,17
689276,0
689277,14
689278,14
689279,0
689280,0
689281,0
689282,0
689283,0
689284,0
689285,0
689286,0
689287,0
689288,0
689289,0
689290,0
689291,0
689292,0
689293,0
689294,0
689295,0
689296,0
689297,0
689298,0
689299,0
689300,0
689301,0
689302,0
689303,0
689304,0
689305,0
689306,29
689307,0
689308,0
689309,0
689310,0
689311,0
689312,0
689313,0
689314,0
689315,20
689316,0
689317,0
689318,0
689319,0
689320,11
689321,0
689322,0
689323,0
689324,0
689325,18
689326,14
689327,24
689328,0
689329,0
689330,0
689331,0
689332,0
689333,0
689334,0
689335,0
689336,16
689337,18
689338,0
689339,0
689340,0
689341,0
689342,0
689343,0
689344,0
689345,0
689346,0
689347,0
689348,0
689349,0
689350,0
689351,0
689352,0
689353,0
689354,0
689355,0
689356,0
689357,21
689358,0
689359,0
689360,0
689361,25
689362,0
689363,19
689364,0
689365,0
689366,0
689367,0
689368,21
689369,15
689370,12
689371,0
689372,21
689373,0
689374,0
689375,0
689376,0
689377,0
689378,0
689379,0
689380,0
689381,0
689382,0
689383,23
689384,0
689385,14
689386,0
689387,0
689388,0
689389,0
689390,17
689391,0
689392,0
689393,0
689394,0
689395,0
689396,27
689397,13
689398,0
689399,0
689400,0
689401,0
689402,27
689403,0
689404,29
689405,0
689406,0
689407,0
689408,0
689409,0
689410,0
689411,14
689412,0
689413,0
689414,7
689415,0
689416,0
689417,0
689418,0
689419,23
689420,0
689421,24
689422,0
689423,0
689424,0
689425,0
689426,0
689427,0
689428,0
689429,0
689430,0
689431,0
689432,0
689433,0
689434,16
689435,22
689436,18
689437,0
689438,0
689439,0
689440,0
689441,0
689442,23
689443,22
689444,0
689445,0
689446,0
689447,0
689448,21
689449,0
689450,0
689451,0
689452,0
689453,0
689454,0
689455,0
689456,0
689457,0
689458,25
689459,0
689460,0
689461,0
689462,0
689463,0
689464,30
689465,0
689466,0
689467,0
689468,0
689469,0
689470,0
689471,13
689472,0
689473,0
689474,0
689475,0
689476,0
689477,0
689478,0
689479,0
689480,12
689481,0
689482,0
689483,13
689484,0
689485,0
689486,0
689487,0
689488,0
689489,0
689490,0
689491,15
689492,0
689493,0
689494,0
689495,0
689496,22
689497,0
689498,0
689499,0
689500,0
689501,0
689502,0
689503,0
689504,0
689505,0
689506,21
689507,0
689508,0
689509,0
689510,0
689511,33
689512,0
689513,0
689514,33
689515,0
689516,0
689517,0
689518,0
689519,19
689520,0
689521,0
689522,17
689523,0
689524,0
689525,0
689526,0
689527,18
689528,0
689529,0
689530,0
689531,0
689532,18
689533,0
689534,0
689535,15
689536,0
689537,0
689538,0
689539,0
689540,0
689541,0
689542,0
689543,18
689544,0
689545,12
689546,0
689547,0
689548,22
689549,13
689550,0
689551,0
689552,0
689553,0
689554,0
689555,0
689556,0
689557,0
689558,15
689559,0
689560,0
689561,0
689562,0
689563,0
689564,0
689565,19
689566,12
689567,0
689568,0
689569,0
689570,0
689571,0
689572,0
689573,0
689574,0
689575,0
689576,0
689577,0
689578,0
689579,0
689580,0
689581,24
689582,0
689583,0
689584,0
689585,0
689586,0
689587,0
689588,0
689589,0
689590,24
689591,0
689592,0
689593,0
689594,0
689595,0
689596,0
689597,0
689598,0
689599,0
689600,0
689601,0
689602,0
689603,23
689604,0
689605,0
689606,0
689607,0
689608,0
689609,0
689610,0
689611,0
689612,0
689613,0
689614,0
689615,0
689616,0
689617,0
689618,0
689619,0
689620,16
689621,0
689622,0
689623,0
689624,36
689625,0
689626,0
689627,0
689628,0
689629,0
689630,0
689631,0
689632,0
689633,0
689634,0
689635,13
689636,0
689637,0
689638,0
689639,0
689640,0
689641,0
689642,0
689643,0
689644,0
689645,0
689646,0
689647,0
689648,15
689649,0
689650,0
689651,0
689652,0
689653,0
689654,0
689655,0
689656,0
689657,0
689658,18
689659,0
689660,0
689661,0
689662,0
689663,0
689664,0
689665,0
689666,0
689667,25
689668,0
689669,0
689670,0
689671,0
689672,0
689673,0
689674,0
689675,0
689676,0
689677,0
689678,21
689679,23
689680,0
689681,0
689682,17
689683,22
689684,0
689685,0
689686,0
689687,0
689688,16
689689,0
689690,0
689691,0
689692,0
689693,0
689694,0
689695,0
689696,0
689697,0
689698,0
689699,0
689700,0
689701,0
689702,27
689703,0
689704,15
689705,0
689706,0
689707,0
689708,0
689709,19
689710,0
689711,24
689712,0
689713,0
689714,0
689715,0
689716,0
689717,0
689718,20
689719,0
689720,0
689721,0
689722,0
689723,11
689724,0
689725,0
689726,18
689727,22
689728,0
689729,9
689730,0
689731,18
689732,0
689733,26
689734,0
689735,0
689736,0
689737,0
689738,0
689739,0
689740,13
689741,0
689742,0
689743,0
689744,0
689745,0
689746,0
689747,0
689748,0
689749,0
689750,0
689751,0
689752,0
689753,14
689754,0
689755,18
689756,13
689757,23
689758,14
689759,0
689760,0
689761,0
689762,0
689763,0
689764,0
689765,0
689766,0
689767,1
689768,0
689769,0
689770,0
689771,0
689772,0
689773,0
689774,0
689775,0
689776,0
689777,0
689778,0
689779,0
689780,0
689781,0
689782,0
689783,0
689784,0
689785,0
689786,0
689787,0
689788,0
689789,0
689790,0
689791,0
689792,0
689793,0
689794,0
689795,0
689796,0
689797,0
689798,0
689799,1
689800,0
689801,0
689802,0
689803,2
689804,0
689805,0
689806,0
689807,0
689808,0
689809,0
689810,0
689811,0
689812,0
689813,0
689814,0
689815,1
689816,0
689817,0
689818,0
689819,0
689820,0
689821,1
689822,0
689823,0
689824,0
689825,0
689826,0
689827,0
689828,0
689829,0
689830,0
689831,0
689832,0
689833,1
689834,0
689835,0
689836,0
689837,0
689838,0
689839,0
689840,0
689841,0
689842,0
689843,0
689844,1
689845,0
689846,0
689847,0
689848,0
689849,0
689850,0
689851,0
689852,0
689853,0
689854,0
689855,0
689856,0
689857,0
689858,0
689859,0
689860,0
689861,0
689862,0
689863,0
689864,0
689865,0
689866,0
689867,0
689868,0
689869,0
689870,0
689871,0
689872,0
689873,0
689874,1
689875,0
689876,0
689877,0
689878,0
689879,0
689880,0
689881,0
689882,1
689883,0
689884,0
689885,0
689886,0
689887,0
689888,1
689889,0
689890,0
689891,0
689892,0
689893,0
689894,0
689895,0
689896,0
689897,0
689898,0
689899,0
689900,1
689901,0
689902,0
689903,0
689904,0
689905,0
689906,0
689907,0
689908,0
689909,0
689910,0
689911,0
689912,0
689913,1
689914,0
689915,0
689916,0
689917,0
689918,0
689919,0
689920,0
689921,0
689922,0
689923,0
689924,0
689925,0
689926,0
689927,0
689928,0
689929,0
689930,0
689931,0
689932,0
689933,0
689934,0
689935,0
689936,0
689937,0
689938,0
689939,0
689940,0
689941,0
689942,0
689943,0
689944,0
689945,0
689946,0
689947,0
689948,0
689949,0
689950,0
689951,0
689952,0
689953,0
689954,0
689955,0
689956,0
689957,0
689958,0
689959,0
689960,0
689961,0
689962,0
689963,0
689964,0
689965,0
689966,0
689967,0
689968,0
689969,0
689970,0
689971,0
689972,0
689973,0
689974,0
689975,0
689976,0
689977,1
689978,0
689979,0
689980,0
689981,0
689982,0
689983,0
689984,0
689985,0
689986,0
689987,0
689988,0
689989,0
689990,0
689991,0
689992,0
689993,0
689994,0
689995,0
689996,1
689997,0
689998,0
689999,0
690000,0
690001,0
690002,0
690003,0
690004,0
690005,0
690006,0
690007,0
690008,0
690009,0
690010,0
690011,1
690012,0
690013,0
690014,0
690015,0
690016,0
690017,0
690018,0
690019,0
690020,0
690021,0
690022,0
690023,0
690024,0
690025,0
690026,0
690027,0
690028,0
690029,0
690030,0
690031,0
690032,0
690033,0
690034,0
690035,0
690036,0
690037,0
690038,0
690039,0
690040,0
690041,0
690042,0
690043,0
690044,0
690045,0
690046,1
690047,0
690048,0
690049,0
690050,0
690051,0
690052,1
690053,0
690054,0
690055,0
690056,0
690057,0
690058,0
690059,0
690060,0
690061,0
690062,0
690063,0
690064,0
690065,0
690066,0
690067,0
690068,0
690069,0
690070,0
690071,0
690072,0
690073,0
690074,0
690075,0
690076,0
690077,0
690078,0
690079,0
690080,0
690081,0
690082,0
690083,0
690084,0
690085,0
690086,0
690087,0
690088,0
690089,0
690090,0
690091,0
690092,0
690093,0
690094,0
690095,0
690096,0
690097,0
690098,0
690099,0
690100,0
690101,0
690102,0
690103,0
690104,0
690105,0
690106,0
690107,0
690108,0
690109,0
690110,0
690111,0
690112,0
690113,0
690114,0
690115,0
690116,0
690117,0
690118,0
690119,0
690120,0
690121,0
690122,0
690123,0
690124,0
690125,0
690126,0
690127,0
690128,0
690129,0
690130,0
690131,0
690132,0
690133,0
690134,0
690135,0
690136,0
690137,0
690138,0
690139,0
690140,0
690141,0
690142,0
690143,0
690144,0
690145,0
690146,0
690147,0
690148,0
690149,0
690150,0
690151,0
690152,0
690153,0
690154,0
690155,0
690156,0
690157,0
690158,0
690159,0
690160,0
690161,0
690162,0
690163,0
690164,0
690165,0
690166,0
690167,0
690168,0
690169,0
690170,0
690171,0
690172,0
690173,0
690174,0
690175,0
690176,0
690177,0
690178,0
690179,0
690180,0
690181,0
690182,0
690183,1
690184,0
690185,0
690186,0
690187,0
690188,0
690189,1
690190,0
690191,0
690192,0
690193,0
690194,0
690195,0
690196,0
690197,0
690198,0
690199,0
690200,0
690201,0
690202,0
690203,0
690204,0
690205,0
690206,0
690207,0
690208,0
690209,0
690210,0
690211,0
690212,0
690213,0
690214,0
690215,0
690216,0
690217,0
690218,10
690219,9
690220,0
690221,0
690222,0
690223,0
690224,0
690225,0
690226,0
690227,0
690228,0
690229,23
690230,17
690231,16
690232,0
690233,0
690234,0
690235,0
690236,0
690237,0
690238,0
690239,0
690240,0
690241,0
690242,0
690243,0
690244,0
690245,20
690246,0
690247,0
690248,0
690249,0
690250,0
690251,0
690252,0
690253,12
690254,0
690255,23
690256,13
690257,15
690258,10
690259,0
690260,0
690261,0
690262,0
690263,0
690264,0
690265,0
690266,0
690267,0
690268,0
690269,0
690270,0
690271,0
690272,0
690273,0
690274,0
690275,0
690276,9
690277,0
690278,0
690279,9
690280,9
690281,0
690282,0
690283,0
690284,0
690285,0
690286,0
690287,0
690288,0
690289,0
690290,0
690291,0
690292,0
690293,0
690294,0
690295,0
690296,0
690297,0
690298,0
690299,0
690300,0
690301,0
690302,0
690303,0
690304,12
690305,0
690306,0
690307,0
690308,0
690309,0
690310,0
690311,0
690312,0
690313,16
690314,0
690315,0
690316,0
690317,0
690318,21
690319,0
690320,16
690321,0
690322,19
690323,0
690324,0
690325,0
690326,0
690327,0
690328,0
690329,0
690330,0
690331,0
690332,0
690333,0
690334,0
690335,0
690336,0
690337,0
690338,0
690339,0
690340,0
690341,0
690342,0
690343,0
690344,0
690345,0
690346,10
690347,0
690348,0
690349,0
690350,0
690351,0
690352,0
690353,0
690354,0
690355,0
690356,0
690357,0
690358,0
690359,0
690360,0
690361,0
690362,0
690363,0
690364,0
690365,0
690366,0
690367,0
690368,0
690369,0
690370,0
690371,0
690372,13
690373,15
690374,0
690375,0
690376,0
690377,0
690378,0
690379,0
690380,0
690381,0
690382,0
690383,0
690384,0
690385,0
690386,0
690387,0
690388,0
690389,0
690390,0
690391,10
690392,0
690393,0
690394,0
690395,0
690396,0
690397,0
690398,0
690399,0
690400,0
690401,0
690402,0
690403,0
690404,0
690405,16
690406,0
690407,0
690408,0
690409,0
690410,0
690411,0
690412,0
690413,0
690414,0
690415,0
690416,20
690417,0
690418,0
690419,0
690420,0
690421,0
690422,0
690423,0
690424,0
690425,0
690426,0
690427,0
690428,22
690429,0
690430,0
690431,0
690432,0
690433,0
690434,0
690435,15
690436,0
690437,0
690438,0
690439,0
690440,0
690441,0
690442,0
690443,11
690444,0
690445,0
690446,0
690447,0
690448,18
690449,0
690450,0
690451,0
690452,0
690453,0
690454,0
690455,0
690456,0
690457,0
690458,0
690459,0
690460,0
690461,0
690462,0
690463,0
690464,0
690465,0
690466,0
690467,0
690468,0
690469,0
690470,0
690471,14
690472,0
690473,15
690474,0
690475,0
690476,0
690477,0
690478,0
690479,0
690480,0
690481,0
690482,0
690483,0
690484,0
690485,0
690486,0
690487,0
690488,0
690489,0
690490,0
690491,0
690492,0
690493,0
690494,0
690495,0
690496,0
690497,0
690498,0
690499,0
690500,0
690501,0
690502,0
690503,11
690504,0
690505,0
690506,0
690507,0
690508,0
690509,10
690510,8
690511,0
690512,0
690513,0
690514,0
690515,0
690516,0
690517,0
690518,0
690519,0
690520,0
690521,0
690522,0
690523,0
690524,14
690525,0
690526,0
690527,0
690528,0
690529,0
690530,0
690531,0
690532,15
690533,0
690534,10
690535,0
690536,0
690537,0
690538,0
690539,0
690540,0
690541,9
690542,0
690543,0
690544,0
690545,0
690546,0
690547,0
690548,0
690549,0
690550,0
690551,13
690552,13
690553,0
690554,12
690555,0
690556,0
690557,0
690558,0
690559,0
690560,19
690561,15
690562,0
690563,0
690564,0
690565,0
690566,0
690567,20
690568,0
690569,0
690570,0
690571,0
690572,0
690573,0
690574,0
690575,0
690576,0
690577,0
690578,0
690579,0
690580,0
690581,0
690582,0
690583,0
690584,0
690585,7
690586,0
690587,0
690588,0
690589,10
690590,0
690591,0
690592,0
690593,0
690594,0
690595,0
690596,0
690597,11
690598,0
690599,0
690600,0
690601,0
690602,0
690603,0
690604,0
690605,0
690606,0
690607,0
690608,11
690609,0
690610,0
690611,0
690612,0
690613,0
690614,0
690615,0
690616,0
690617,0
690618,0
690619,0
690620,0
690621,0
690622,0
690623,0
690624,0
690625,0
690626,0
690627,0
690628,0
690629,0
690630,0
690631,0
690632,0
690633,0
690634,0
690635,13
690636,16
690637,0
690638,0
690639,0
690640,0
690641,0
690642,0
690643,0
690644,0
690645,0
690646,0
690647,0
690648,10
690649,0
690650,0
690651,0
690652,0
690653,0
690654,0
690655,0
690656,0
690657,0
690658,0
690659,0
690660,0
690661,0
690662,0
690663,0
690664,0
690665,0
690666,18
690667,16
690668,0
690669,0
690670,0
690671,0
690672,0
690673,0
690674,0
690675,0
690676,0
690677,0
690678,0
690679,0
690680,0
690681,0
690682,0
690683,11
690684,0
690685,0
690686,16
690687,0
690688,0
690689,16
690690,13
690691,0
690692,0
690693,10
690694,5
690695,0
690696,0
690697,0
690698,0
690699,0
690700,0
690701,0
690702,0
690703,0
690704,0
690705,0
690706,0
690707,0
690708,0
690709,0
690710,0
690711,0
690712,0
690713,0
690714,0
690715,3
690716,0
690717,0
690718,0
690719,0
690720,28
690721,0
690722,0
690723,0
690724,0
690725,0
690726,0
690727,0
690728,0
690729,0
690730,0
690731,0
690732,0
690733,0
690734,0
690735,0
690736,0
690737,0
690738,0
690739,0
690740,0
690741,0
690742,0
690743,0
690744,0
690745,0
690746,0
690747,20
690748,0
690749,0
690750,0
690751,0
690752,0
690753,0
690754,34
690755,39
690756,0
690757,0
690758,0
690759,0
690760,0
690761,0
690762,0
690763,0
690764,0
690765,0
690766,35
690767,0
690768,0
690769,0
690770,0
690771,0
690772,28
690773,0
690774,0
690775,0
690776,33
690777,26
690778,0
690779,41
690780,0
690781,0
690782,40
690783,0
690784,0
690785,0
690786,39
690787,38
690788,0
690789,0
690790,0
690791,0
690792,0
690793,50
690794,0
690795,0
690796,28
690797,0
690798,33
690799,30
690800,34
690801,0
690802,0
690803,0
690804,0
690805,0
690806,0
690807,0
690808,0
690809,0
690810,30
690811,0
690812,0
690813,0
690814,0
690815,53
690816,49
690817,0
690818,0
690819,0
690820,0
690821,0
690822,0
690823,0
690824,33
690825,43
690826,0
690827,0
690828,0
690829,0
690830,0
690831,0
690832,37
690833,34
690834,0
690835,0
690836,35
690837,0
690838,0
690839,42
690840,50
690841,46
690842,46
690843,0
690844,0
690845,0
690846,40
690847,0
690848,0
690849,0
690850,0
690851,0
690852,0
690853,0
690854,0
690855,0
690856,0
690857,0
690858,0
690859,41
690860,0
690861,30
690862,0
690863,0
690864,0
690865,0
690866,0
690867,0
690868,0
690869,0
690870,0
690871,0
690872,0
690873,0
690874,0
690875,0
690876,0
690877,31
690878,0
690879,0
690880,41
690881,0
690882,47
690883,0
690884,0
690885,23
690886,0
690887,0
690888,0
690889,0
690890,43
690891,46
690892,0
690893,20
690894,0
690895,0
690896,0
690897,0
690898,0
690899,26
690900,28
690901,0
690902,0
690903,0
690904,0
690905,0
690906,23
690907,0
690908,36
690909,0
690910,0
690911,0
690912,0
690913,29
690914,42
690915,0
690916,0
690917,0
690918,39
690919,0
690920,39
690921,0
690922,0
690923,0
690924,0
690925,0
690926,48
690927,37
690928,0
690929,0
690930,25
690931,0
690932,0
690933,0
690934,0
690935,0
690936,0
690937,0
690938,0
690939,32
690940,0
690941,0
690942,0
690943,39
690944,0
690945,0
690946,0
690947,42
690948,0
690949,0
690950,0
690951,0
690952,24
690953,0
690954,0
690955,0
690956,0
690957,0
690958,0
690959,0
690960,35
690961,0
690962,0
690963,0
690964,0
690965,0
690966,30
690967,36
690968,0
690969,0
690970,35
690971,0
690972,0
690973,36
690974,28
690975,0
690976,46
690977,29
690978,0
690979,0
690980,43
690981,0
690982,0
690983,0
690984,0
690985,0
690986,0
690987,35
690988,38
690989,31
690990,0
690991,41
690992,0
690993,0
690994,0
690995,0
690996,0
690997,0
690998,0
690999,34
691000,0
691001,27
691002,0
691003,0
691004,31
691005,0
691006,0
691007,22
691008,0
691009,0
691010,0
691011,0
691012,0
691013,0
691014,41
691015,0
691016,0
691017,36
691018,34
691019,0
691020,0
691021,31
691022,0
691023,42
691024,0
691025,0
691026,29
691027,0
691028,0
691029,0
691030,0
691031,0
691032,0
691033,0
691034,34
691035,38
691036,0
691037,0
691038,35
691039,0
691040,0
691041,0
691042,0
691043,0
691044,0
691045,0
691046,0
691047,0
691048,0
691049,0
691050,0
691051,0
691052,38
691053,0
691054,28
691055,28
691056,0
691057,0
691058,60
691059,54
691060,0
691061,0
691062,0
691063,0
691064,0
691065,0
691066,0
691067,0
691068,29
691069,0
691070,0
691071,0
691072,45
691073,0
691074,31
691075,25
691076,29
691077,0
691078,0
691079,0
691080,0
691081,0
691082,33
691083,0
691084,0
691085,0
691086,0
691087,0
691088,0
691089,38
691090,0
691091,0
691092,0
691093,0
691094,0
691095,0
691096,0
691097,0
691098,0
691099,0
691100,0
691101,24
691102,37
691103,0
691104,0
691105,0
691106,0
691107,0
691108,0
691109,0
691110,32
691111,0
691112,0
691113,0
691114,0
691115,0
691116,0
691117,0
691118,0
691119,0
691120,41
691121,0
691122,0
691123,0
691124,0
691125,0
691126,0
691127,0
691128,31
691129,46
691130,35
691131,0
691132,0
691133,0
691134,31
691135,0
691136,0
691137,0
691138,41
691139,0
691140,29
691141,0
691142,0
691143,35
691144,44
691145,0
691146,0
691147,0
691148,32
691149,0
691150,0
691151,0
691152,0
691153,0
691154,0
691155,0
691156,35
691157,0
691158,0
691159,0
691160,0
691161,0
691162,28
691163,0
691164,39
691165,0
691166,0
691167,0
691168,0
691169,0
691170,0
691171,0
691172,0
691173,0
691174,36
691175,49
691176,0
691177,0
691178,0
691179,0
691180,0
691181,0
691182,34
691183,0
691184,0
691185,0
691186,0
691187,0
691188,0
691189,0
691190,0
691191,0
691192,0
691193,0
691194,30
691195,0
691196,0
691197,48
691198,31
691199,0
691200,27
691201,0
691202,0
691203,0
691204,33
691205,0
691206,0
691207,0
691208,0
691209,0
691210,0
691211,0
691212,0
691213,0
691214,0
691215,0
691216,0
691217,0
691218,0
691219,30
691220,0
691221,0
691222,46
691223,0
691224,40
691225,0
691226,0
691227,0
691228,21
691229,42
691230,0
691231,0
691232,0
691233,0
691234,0
691235,0
691236,0
691237,0
691238,0
691239,0
691240,0
691241,0
691242,57
691243,0
691244,0
691245,0
691246,0
691247,0
691248,35
691249,39
691250,45
691251,0
691252,0
691253,40
691254,45
691255,0
691256,0
691257,8
691258,0
691259,0
691260,0
691261,0
691262,0
691263,0
691264,9
691265,0
691266,0
691267,10
691268,0
691269,0
691270,0
691271,0
691272,0
691273,5
691274,0
691275,0
691276,9
691277,0
691278,6
691279,11
691280,0
691281,0
691282,0
691283,0
691284,14
691285,5
691286,0
691287,0
691288,0
691289,0
691290,2
691291,11
691292,0
691293,0
691294,0
691295,0
691296,0
691297,0
691298,0
691299,0
691300,0
691301,0
691302,0
691303,4
691304,0
691305,0
691306,0
691307,5
691308,0
691309,0
691310,0
691311,0
691312,0
691313,0
691314,0
691315,0
691316,0
691317,0
691318,0
691319,0
691320,6
691321,0
691322,0
691323,0
691324,0
691325,0
691326,0
691327,0
691328,0
691329,0
691330,0
691331,0
691332,0
691333,0
691334,0
691335,0
691336,0
691337,0
691338,0
691339,8
691340,0
691341,8
691342,0
691343,0
691344,0
691345,0
691346,0
691347,0
691348,0
691349,0
691350,0
691351,0
691352,0
691353,0
691354,5
691355,0
691356,0
691357,0
691358,8
691359,0
691360,0
691361,0
691362,0
691363,0
691364,0
691365,0
691366,0
691367,0
691368,0
691369,0
691370,0
691371,0
691372,0
691373,0
691374,0
691375,0
691376,0
691377,0
691378,0
691379,0
691380,0
691381,0
691382,0
691383,0
691384,0
691385,0
691386,0
691387,0
691388,0
691389,0
691390,0
691391,0
691392,8
691393,0
691394,0
691395,0
691396,0
691397,0
691398,0
691399,0
691400,0
691401,5
691402,0
691403,14
691404,0
691405,0
691406,0
691407,0
691408,0
691409,0
691410,10
691411,0
691412,0
691413,0
691414,0
691415,0
691416,15
691417,0
691418,0
691419,0
691420,0
691421,0
691422,0
691423,0
691424,0
691425,0
691426,0
691427,2
691428,0
691429,0
691430,0
691431,0
691432,0
691433,0
691434,0
691435,0
691436,0
691437,0
691438,0
691439,5
691440,0
691441,0
691442,0
691443,6
691444,0
691445,6
691446,0
691447,0
691448,0
691449,8
691450,0
691451,0
691452,0
691453,0
691454,4
691455,0
691456,0
691457,0
691458,0
691459,0
691460,10
691461,0
691462,0
691463,0
691464,0
691465,0
691466,0
691467,0
691468,0
691469,0
691470,0
691471,11
691472,0
691473,0
691474,0
691475,0
691476,10
691477,0
691478,0
691479,0
691480,0
691481,0
691482,0
691483,0
691484,0
691485,0
691486,0
691487,0
691488,0
691489,0
691490,0
691491,0
691492,0
691493,0
691494,0
691495,0
691496,0
691497,0
691498,0
691499,0
691500,0
691501,6
691502,0
691503,0
691504,0
691505,0
691506,0
691507,0
691508,11
691509,0
691510,0
691511,0
691512,10
691513,0
691514,10
691515,0
691516,0
691517,0
691518,0
691519,0
691520,0
691521,0
691522,0
691523,0
691524,0
691525,8
691526,5
691527,0
691528,0
691529,10
691530,0
691531,0
691532,0
691533,0
691534,8
691535,0
691536,0
691537,0
691538,0
691539,0
691540,0
691541,0
691542,8
691543,0
691544,0
691545,2
691546,0
691547,0
691548,0
691549,0
691550,0
691551,3
691552,0
691553,0
691554,0
691555,0
691556,0
691557,0
691558,0
691559,6
691560,0
691561,0
691562,0
691563,0
691564,0
691565,0
691566,0
691567,0
691568,0
691569,0
691570,0
691571,0
691572,0
691573,0
691574,0
691575,15
691576,0
691577,0
691578,0
691579,0
691580,17
691581,0
691582,0
691583,9
691584,0
691585,0
691586,0
691587,0
691588,0
691589,10
691590,0
691591,0
691592,6
691593,6
691594,0
691595,0
691596,0
691597,0
691598,7
691599,0
691600,0
691601,0
691602,3
691603,0
691604,8
691605,0
691606,0
691607,0
691608,0
691609,7
691610,0
691611,0
691612,0
691613,0
691614,0
691615,0
691616,0
691617,0
691618,0
691619,0
691620,0
691621,0
691622,0
691623,0
691624,7
691625,0
691626,10
691627,0
691628,0
691629,0
691630,0
691631,0
691632,0
691633,0
691634,7
691635,0
691636,0
691637,0
691638,0
691639,0
691640,0
691641,8
691642,6
691643,0
691644,0
691645,0
691646,0
691647,0
691648,0
691649,9
691650,0
691651,16
691652,0
691653,0
691654,0
691655,0
691656,0
691657,0
691658,0
691659,0
691660,0
691661,0
691662,8
691663,0
691664,0
691665,0
691666,0
691667,0
691668,7
691669,10
691670,0
691671,0
691672,0
691673,9
691674,0
691675,0
691676,8
691677,0
691678,0
691679,0
691680,6
691681,0
691682,0
691683,5
691684,0
691685,0
691686,0
691687,0
691688,0
691689,0
691690,6
691691,0
691692,0
691693,0
691694,0
691695,0
691696,0
691697,0
691698,0
691699,0
691700,0
691701,0
691702,7
691703,0
691704,0
691705,0
691706,0
691707,0
691708,0
691709,0
691710,5
691711,0
691712,0
691713,0
691714,0
691715,0
691716,0
691717,9
691718,0
691719,0
691720,9
691721,8
691722,0
691723,0
691724,0
691725,0
691726,0
691727,9
691728,0
691729,0
691730,0
691731,0
691732,0
691733,0
691734,0
691735,0
691736,0
691737,0
691738,0
691739,10
691740,0
691741,10
691742,0
691743,0
691744,0
691745,0
691746,0
691747,0
691748,0
691749,0
691750,0
691751,10
691752,0
691753,5
691754,0
691755,0
691756,0
691757,0
691758,0
691759,0
691760,0
691761,6
691762,0
691763,0
691764,0
691765,7
691766,11
691767,12
691768,7
691769,6
691770,0
691771,3
691772,8
691773,0
691774,0
691775,0
691776,0
691777,0
691778,0
691779,0
691780,4
691781,0
691782,0
691783,0
691784,0
691785,0
691786,0
691787,0
691788,0
691789,0
691790,0
691791,2
691792,3
691793,0
691794,0
691795,0
691796,0
691797,0
691798,3
691799,0
691800,0
691801,0
691802,0
691803,0
691804,0
691805,0
691806,0
691807,0
691808,0
691809,0
691810,0
691811,10
691812,6
691813,0
691814,0
691815,0
691816,0
691817,0
691818,0
691819,3
691820,4
691821,7
691822,0
691823,0
691824,0
691825,0
691826,0
691827,0
691828,0
691829,0
691830,0
691831,6
691832,0
691833,0
691834,0
691835,0
691836,0
691837,7
691838,0
691839,0
691840,0
691841,0
691842,0
691843,0
691844,0
691845,0
691846,7
691847,0
691848,0
691849,0
691850,0
691851,0
691852,0
691853,0
691854,0
691855,0
691856,0
691857,0
691858,0
691859,7
691860,0
691861,0
691862,8
691863,0
691864,0
691865,0
691866,0
691867,0
691868,0
691869,0
691870,0
691871,9
691872,0
691873,0
691874,0
691875,0
691876,0
691877,0
691878,0
691879,0
691880,0
691881,0
691882,0
691883,0
691884,0
691885,0
691886,0
691887,0
691888,0
691889,0
691890,0
691891,0
691892,0
691893,0
691894,0
691895,0
691896,0
691897,0
691898,0
691899,0
691900,0
691901,0
691902,0
691903,0
691904,0
691905,0
691906,0
691907,0
691908,0
691909,0
691910,0
691911,0
691912,0
691913,0
691914,8
691915,5
691916,0
691917,0
691918,0
691919,0
691920,0
691921,0
691922,0
691923,0
691924,0
691925,0
691926,0
691927,0
691928,0
691929,0
691930,0
691931,0
691932,0
691933,5
691934,0
691935,0
691936,0
691937,0
691938,5
691939,3
691940,0
691941,0
691942,0
691943,0
691944,0
691945,0
691946,0
691947,0
691948,0
691949,0
691950,0
691951,0
691952,0
691953,0
691954,0
691955,0
691956,0
691957,0
691958,0
691959,0
691960,0
691961,0
691962,0
691963,0
691964,0
691965,0
691966,0
691967,1
691968,0
691969,1
691970,0
691971,0
691972,0
691973,0
691974,0
691975,0
691976,0
691977,0
691978,0
691979,0
691980,1
691981,0
691982,0
691983,0
691984,0
691985,0
691986,0
691987,0
691988,0
691989,0
691990,0
691991,0
691992,0
691993,0
691994,0
691995,0
691996,0
691997,0
691998,0
691999,0
692000,0
692001,0
692002,0
692003,0
692004,0
692005,0
692006,0
692007,0
692008,0
692009,0
692010,1
692011,0
692012,0
692013,0
692014,0
692015,0
692016,0
692017,0
692018,0
692019,0
692020,1
692021,0
692022,0
692023,0
692024,0
692025,0
692026,0
692027,0
692028,0
692029,0
692030,0
692031,0
692032,0
692033,0
692034,0
692035,0
692036,5
692037,0
692038,0
692039,0
692040,3
692041,0
692042,0
692043,0
692044,0
692045,0
692046,2
692047,1
692048,0
692049,0
692050,0
692051,0
692052,0
692053,0
692054,2
692055,0
692056,0
692057,0
692058,0
692059,0
692060,0
692061,0
692062,0
692063,0
692064,0
692065,0
692066,0
692067,3
692068,1
692069,0
692070,0
692071,0
692072,0
692073,0
692074,0
692075,0
692076,0
692077,3
692078,0
692079,0
692080,0
692081,0
692082,0
692083,0
692084,0
692085,0
692086,0
692087,0
692088,0
692089,0
692090,0
692091,0
692092,2
692093,0
692094,0
692095,0
692096,4
692097,0
692098,0
692099,0
692100,0
692101,0
692102,0
692103,0
692104,0
692105,0
692106,0
692107,0
692108,0
692109,0
692110,0
692111,0
692112,0
692113,0
692114,0
692115,0
692116,0
692117,0
692118,0
692119,0
692120,0
692121,0
692122,0
692123,0
692124,0
692125,2
692126,0
692127,0
692128,0
692129,0
692130,0
692131,1
692132,0
692133,0
692134,0
692135,0
692136,0
692137,0
692138,0
692139,0
692140,0
692141,0
692142,0
692143,6
692144,0
692145,1
692146,1
692147,0
692148,0
692149,0
692150,0
692151,0
692152,2
692153,0
692154,0
692155,0
692156,0
692157,0
692158,0
692159,0
692160,0
692161,3
692162,0
692163,0
692164,0
692165,0
692166,0
692167,0
692168,0
692169,0
692170,0
692171,3
692172,0
692173,0
692174,0
692175,0
692176,0
692177,0
692178,0
692179,0
692180,0
692181,0
692182,0
692183,0
692184,0
692185,0
692186,0
692187,0
692188,0
692189,0
692190,0
692191,0
692192,0
692193,0
692194,0
692195,0
692196,0
692197,0
692198,3
692199,0
692200,0
692201,0
692202,0
692203,0
692204,0
692205,0
692206,0
692207,0
692208,0
692209,0
692210,0
692211,0
692212,0
692213,0
692214,0
692215,0
692216,0
692217,2
692218,0
692219,0
692220,0
692221,0
692222,0
692223,0
692224,0
692225,0
692226,0
692227,0
692228,0
692229,0
692230,0
692231,0
692232,0
692233,0
692234,0
692235,0
692236,0
692237,0
692238,0
692239,0
692240,0
692241,0
692242,0
692243,0
692244,0
692245,0
692246,0
692247,0
692248,0
692249,0
692250,0
692251,0
692252,0
692253,0
692254,0
692255,0
692256,0
692257,0
692258,0
692259,0
692260,0
692261,0
692262,0
692263,0
692264,0
692265,0
692266,0
692267,2
692268,0
692269,0
692270,0
692271,0
692272,0
692273,0
692274,0
692275,0
692276,3
692277,0
692278,0
692279,0
692280,0
692281,0
692282,0
692283,0
692284,0
692285,0
692286,0
692287,0
692288,0
692289,0
692290,0
692291,0
692292,0
692293,0
692294,0
692295,0
692296,0
692297,0
692298,0
692299,0
692300,0
692301,0
692302,0
692303,0
692304,0
692305,0
692306,0
692307,0
692308,0
692309,0
692310,0
692311,0
692312,0
692313,0
692314,0
692315,0
692316,0
692317,0
692318,0
692319,1
692320,0
692321,0
692322,0
692323,0
692324,0
692325,0
692326,0
692327,0
692328,0
692329,0
692330,0
692331,0
692332,0
692333,0
692334,0
692335,0
692336,0
692337,0
692338,2
692339,0
692340,0
692341,0
692342,0
692343,0
692344,0
692345,1
692346,0
692347,1
692348,0
692349,0
692350,0
692351,0
692352,0
692353,0
692354,0
692355,0
692356,0
692357,0
692358,4
692359,0
692360,0
692361,0
692362,0
692363,0
692364,0
692365,0
692366,0
692367,0
692368,0
692369,2
692370,0
692371,0
692372,0
692373,0
692374,0
692375,0
692376,0
692377,0
692378,0
692379,0
692380,0
692381,0
692382,0
692383,0
692384,0
692385,0
692386,0
692387,0
692388,0
692389,2
692390,0
692391,0
692392,0
692393,0
692394,0
692395,0
692396,0
692397,0
692398,0
692399,2
692400,0
692401,0
692402,0
692403,0
692404,0
692405,0
692406,0
692407,0
692408,0
692409,0
692410,0
692411,0
692412,0
692413,0
692414,0
692415,0
692416,0
692417,0
692418,0
692419,0
692420,0
692421,0
692422,0
692423,0
692424,0
692425,0
692426,0
692427,0
692428,0
692429,0
692430,1
692431,0
692432,0
692433,0
692434,4
692435,0
692436,0
692437,0
692438,0
692439,0
692440,0
692441,0
692442,0
692443,0
692444,0
692445,0
692446,0
692447,0
692448,0
692449,0
692450,0
692451,0
692452,0
692453,0
692454,0
692455,0
692456,0
692457,0
692458,0
692459,0
692460,0
692461,0
692462,0
692463,0
692464,0
692465,0
692466,0
692467,0
692468,0
692469,0
692470,0
692471,0
692472,0
692473,0
692474,0
692475,0
692476,0
692477,0
692478,0
692479,0
692480,3
692481,0
692482,3
692483,0
692484,0
692485,0
692486,0
692487,0
692488,0
692489,0
692490,1
692491,0
692492,0
692493,0
692494,0
692495,0
692496,0
692497,0
692498,2
692499,0
692500,0
692501,0
692502,0
692503,0
692504,0
692505,0
692506,0
692507,0
692508,0
692509,0
692510,3
692511,0
692512,0
692513,0
692514,0
692515,0
692516,0
692517,0
692518,0
692519,0
692520,0
692521,0
692522,0
692523,0
692524,0
692525,0
692526,0
692527,0
692528,0
692529,0
692530,0
692531,0
692532,0
692533,0
692534,0
692535,0
692536,0
692537,0
692538,0
692539,0
692540,0
692541,0
692542,0
692543,0
692544,3
692545,0
692546,0
692547,0
692548,2
692549,0
692550,0
692551,0
692552,0
692553,0
692554,0
692555,0
692556,0
692557,0
692558,1
692559,0
692560,0
692561,0
692562,0
692563,0
692564,0
692565,0
692566,0
692567,0
692568,0
692569,0
692570,0
692571,0
692572,0
692573,0
692574,0
692575,0
692576,0
692577,0
692578,0
692579,0
692580,0
692581,0
692582,0
692583,0
692584,0
692585,0
692586,0
692587,0
692588,0
692589,0
692590,0
692591,0
692592,0
692593,0
692594,0
692595,0
692596,0
692597,0
692598,0
692599,0
692600,0
692601,3
692602,0
692603,0
692604,0
692605,0
692606,0
692607,0
692608,0
692609,0
692610,0
692611,0
692612,0
692613,0
692614,0
692615,0
692616,0
692617,0
692618,0
692619,0
692620,0
692621,0
692622,0
692623,0
692624,0
692625,0
692626,0
692627,0
692628,0
692629,0
692630,0
692631,0
692632,0
692633,0
692634,0
692635,0
692636,3
692637,0
692638,0
692639,0
692640,0
692641,0
692642,0
692643,0
692644,0
692645,0
692646,0
692647,0
692648,0
692649,0
692650,0
692651,0
692652,0
692653,0
692654,0
692655,0
692656,0
692657,0
692658,0
692659,0
692660,0
692661,0
692662,0
692663,0
692664,0
692665,0
692666,0
692667,0
692668,0
692669,0
692670,0
692671,0
692672,0
692673,0
692674,0
692675,0
692676,0
692677,0
692678,0
692679,0
692680,0
692681,0
692682,2
692683,0
692684,0
692685,0
692686,0
692687,0
692688,0
692689,0
692690,0
692691,1
692692,0
692693,0
692694,0
692695,0
692696,0
692697,0
692698,0
692699,0
692700,0
692701,0
692702,0
692703,0
692704,0
692705,0
692706,0
692707,0
692708,0
692709,0
692710,0
692711,0
692712,0
692713,0
692714,0
692715,0
692716,0
692717,0
692718,0
692719,0
692720,0
692721,0
692722,0
692723,0
692724,2
692725,0
692726,0
692727,0
692728,0
692729,0
692730,0
692731,0
692732,0
692733,0
692734,0
692735,0
692736,0
692737,0
692738,0
692739,0
692740,0
692741,0
692742,0
692743,0
692744,0
692745,0
692746,0
692747,0
692748,0
692749,0
692750,0
692751,0
692752,0
692753,0
692754,0
692755,0
692756,0
692757,0
692758,0
692759,0
692760,0
692761,0
692762,0
692763,0
692764,4
692765,0
692766,0
692767,0
692768,0
692769,0
692770,0
692771,1
692772,0
692773,0
692774,0
692775,0
692776,0
692777,0
692778,0
692779,0
692780,0
692781,0
692782,0
692783,0
692784,0
692785,0
692786,0
692787,2
692788,0
692789,1
692790,0
692791,0
692792,0
692793,0
692794,0
692795,0
692796,0
692797,0
692798,3
692799,3
692800,0
692801,0
692802,0
692803,0
692804,0
692805,0
692806,0
692807,2
692808,0
692809,0
692810,0
692811,0
692812,0
692813,0
692814,0
692815,0
692816,0
692817,0
692818,0
692819,0
692820,0
692821,0
692822,0
692823,0
692824,0
692825,0
692826,0
692827,0
692828,0
692829,1
692830,0
692831,0
692832,0
692833,0
692834,0
692835,2
692836,0
692837,0
692838,0
692839,0
692840,0
692841,0
692842,0
692843,0
692844,1
692845,0
692846,0
692847,0
692848,0
692849,0
692850,0
692851,0
692852,0
692853,0
692854,0
692855,0
692856,1
692857,0
692858,0
692859,0
692860,0
692861,0
692862,0
692863,0
692864,0
692865,0
692866,0
692867,0
692868,0
692869,0
692870,0
692871,0
692872,0
692873,0
692874,0
692875,0
692876,0
692877,0
692878,0
692879,0
692880,0
692881,0
692882,2
692883,0
692884,0
692885,0
692886,0
692887,0
692888,0
692889,0
692890,0
692891,0
692892,15
692893,12
692894,0
692895,0
692896,0
692897,0
692898,11
692899,0
692900,0
692901,0
692902,0
692903,18
692904,0
692905,0
692906,0
692907,0
692908,20
692909,0
692910,15
692911,14
692912,5
692913,0
692914,0
692915,18
692916,0
692917,0
692918,0
692919,13
692920,0
692921,15
692922,13
692923,13
692924,14
692925,0
692926,0
692927,0
692928,0
692929,0
692930,0
692931,0
692932,0
692933,11
692934,0
692935,0
692936,0
692937,0
692938,8
692939,0
692940,0
692941,0
692942,0
692943,0
692944,0
692945,0
692946,0
692947,11
692948,19
692949,0
692950,0
692951,0
692952,0
692953,0
692954,23
692955,0
692956,0
692957,0
692958,15
692959,0
692960,0
692961,0
692962,0
692963,0
692964,0
692965,0
692966,0
692967,15
692968,0
692969,0
692970,14
692971,0
692972,0
692973,0
692974,0
692975,0
692976,0
692977,0
692978,5
692979,0
692980,0
692981,0
692982,0
692983,0
692984,0
692985,7
692986,0
692987,0
692988,20
692989,0
692990,14
692991,0
692992,12
692993,0
692994,0
692995,8
692996,0
692997,0
692998,14
692999,9
693000,0
693001,0
693002,0
693003,14
693004,0
693005,18
693006,0
693007,20
693008,0
693009,18
693010,19
693011,0
693012,0
693013,0
693014,0
693015,22
693016,0
693017,9
693018,0
693019,0
693020,0
693021,0
693022,18
693023,0
693024,0
693025,0
693026,0
693027,0
693028,0
693029,0
693030,0
693031,0
693032,0
693033,20
693034,0
693035,0
693036,0
693037,17
693038,0
693039,0
693040,0
693041,0
693042,0
693043,0
693044,0
693045,21
693046,0
693047,12
693048,0
693049,0
693050,0
693051,0
693052,0
693053,0
693054,0
693055,0
693056,17
693057,10
693058,21
693059,0
693060,0
693061,0
693062,0
693063,0
693064,0
693065,0
693066,0
693067,0
693068,0
693069,10
693070,0
693071,9
693072,0
693073,0
693074,0
693075,0
693076,4
693077,0
693078,0
693079,0
693080,8
693081,0
693082,0
693083,0
693084,0
693085,0
693086,0
693087,0
693088,0
693089,0
693090,11
693091,0
693092,0
693093,14
693094,0
693095,0
693096,0
693097,17
693098,0
693099,9
693100,0
693101,0
693102,0
693103,0
693104,21
693105,0
693106,0
693107,0
693108,0
693109,0
693110,0
693111,0
693112,12
693113,0
693114,0
693115,0
693116,0
693117,11
693118,0
693119,0
693120,0
693121,0
693122,16
693123,0
693124,0
693125,0
693126,20
693127,0
693128,0
693129,0
693130,0
693131,0
693132,0
693133,0
693134,0
693135,0
693136,0
693137,18
693138,0
693139,0
693140,6
693141,0
693142,0
693143,0
693144,0
693145,0
693146,0
693147,0
693148,28
693149,18
693150,20
693151,11
693152,0
693153,0
693154,16
693155,0
693156,0
693157,0
693158,0
693159,0
693160,0
693161,0
693162,0
693163,19
693164,0
693165,0
693166,19
693167,0
693168,0
693169,0
693170,9
693171,0
693172,0
693173,0
693174,0
693175,0
693176,0
693177,0
693178,0
693179,0
693180,0
693181,0
693182,0
693183,0
693184,0
693185,16
693186,0
693187,0
693188,0
693189,0
693190,0
693191,0
693192,0
693193,0
693194,0
693195,0
693196,0
693197,23
693198,0
693199,0
693200,0
693201,0
693202,0
693203,0
693204,0
693205,0
693206,0
693207,11
693208,0
693209,14
693210,11
693211,0
693212,0
693213,0
693214,0
693215,0
693216,0
693217,20
693218,23
693219,0
693220,0
693221,0
693222,10
693223,0
693224,28
693225,14
693226,0
693227,0
693228,0
693229,0
693230,0
693231,13
693232,12
693233,0
693234,0
693235,0
693236,0
693237,0
693238,9
693239,0
693240,0
693241,16
693242,0
693243,0
693244,0
693245,0
693246,0
693247,0
693248,0
693249,0
693250,0
693251,0
693252,0
693253,13
693254,15
693255,0
693256,16
693257,0
693258,22
693259,0
693260,0
693261,0
693262,0
693263,0
693264,0
693265,0
693266,0
693267,0
693268,0
693269,22
693270,0
693271,0
693272,0
693273,0
693274,0
693275,3
693276,0
693277,0
693278,0
693279,8
693280,0
693281,0
693282,0
693283,0
693284,0
693285,0
693286,0
693287,17
693288,0
693289,0
693290,0
693291,0
693292,0
693293,9
693294,13
693295,0
693296,0
693297,0
693298,0
693299,0
693300,0
693301,0
693302,0
693303,0
693304,0
693305,12
693306,0
693307,12
693308,0
693309,0
693310,7
693311,0
693312,0
693313,0
693314,0
693315,0
693316,0
693317,0
693318,0
693319,0
693320,0
693321,0
693322,0
693323,0
693324,0
693325,0
693326,20
693327,0
693328,12
693329,0
693330,0
693331,0
693332,0
693333,0
693334,0
693335,0
693336,0
693337,35
693338,0
693339,15
693340,0
693341,0
693342,0
693343,0
693344,0
693345,0
693346,0
693347,0
693348,0
693349,0
693350,0
693351,0
693352,0
693353,18
693354,10
693355,0
693356,0
693357,0
693358,0
693359,0
693360,0
693361,0
693362,8
693363,0
693364,0
693365,0
693366,0
693367,0
693368,15
693369,0
693370,0
693371,13
693372,26
693373,0
693374,0
693375,0
693376,0
693377,0
693378,0
693379,0
693380,9
693381,0
693382,0
693383,0
693384,7
693385,0
693386,0
693387,0
693388,0
693389,13
693390,0
693391,0
693392,0
693393,0
693394,21
693395,0
693396,0
693397,0
693398,0
693399,20
693400,0
693401,0
693402,0
693403,23
693404,0
693405,10
693406,0
693407,0
693408,25
693409,0
693410,18
693411,0
693412,0
693413,0
693414,0
693415,0
693416,0
693417,0
693418,0
693419,0
693420,0
693421,21
693422,0
693423,0
693424,0
693425,0
693426,18
693427,0
693428,0
693429,0
693430,0
693431,0
693432,0
693433,0
693434,0
693435,0
693436,0
693437,0
693438,14
693439,0
693440,0
693441,0
693442,0
693443,0
693444,0
693445,0
693446,0
693447,0
693448,0
693449,0
693450,0
693451,0
693452,0
693453,0
693454,14
693455,0
693456,0
693457,0
693458,0
693459,0
693460,0
693461,0
693462,0
693463,0
693464,0
693465,0
693466,0
693467,0
693468,0
693469,0
693470,0
693471,16
693472,5
693473,0
693474,7
693475,0
693476,16
693477,0
693478,0
693479,0
693480,11
693481,0
693482,14
693483,0
693484,0
693485,12
693486,16
693487,0
693488,27
693489,0
693490,0
693491,0
693492,0
693493,0
693494,0
693495,0
693496,22
693497,12
693498,0
693499,0
693500,0
693501,0
693502,0
693503,0
693504,0
693505,0
693506,0
693507,0
693508,0
693509,0
693510,0
693511,8
693512,0
693513,14
693514,0
693515,0
693516,0
693517,0
693518,0
693519,0
693520,20
693521,13
693522,0
693523,0
693524,21
693525,0
693526,0
693527,0
693528,0
693529,0
693530,0
693531,10
693532,0
693533,0
693534,0
693535,0
693536,0
693537,0
693538,11
693539,0
693540,0
693541,0
693542,0
693543,0
693544,0
693545,0
693546,0
693547,0
693548,0
693549,0
693550,0
693551,0
693552,0
693553,0
693554,11
693555,13
693556,0
693557,0
693558,0
693559,0
693560,0
693561,0
693562,17
693563,0
693564,23
693565,0
693566,0
693567,12
693568,0
693569,0
693570,0
693571,0
693572,0
693573,10
693574,0
693575,0
693576,0
693577,12
693578,0
693579,0
693580,0
693581,0
693582,0
693583,19
693584,0
693585,0
693586,0
693587,0
693588,0
693589,0
693590,0
693591,0
693592,0
693593,0
693594,0
693595,0
693596,0
693597,0
693598,14
693599,0
693600,14
693601,0
693602,0
693603,18
693604,0
693605,17
693606,0
693607,0
693608,23
693609,0
693610,0
693611,0
693612,11
693613,0
693614,9
693615,22
693616,0
693617,0
693618,0
693619,0
693620,0
693621,0
693622,0
693623,0
693624,0
693625,0
693626,0
693627,0
693628,0
693629,23
693630,14
693631,0
693632,24
693633,0
693634,0
693635,0
693636,0
693637,0
693638,0
693639,0
693640,15
693641,0
693642,26
693643,0
693644,0
693645,8
693646,0
693647,13
693648,0
693649,0
693650,0
693651,0
693652,0
693653,0
693654,0
693655,0
693656,11
693657,0
693658,0
693659,0
693660,0
693661,0
693662,0
693663,7
693664,0
693665,0
693666,0
693667,0
693668,0
693669,0
693670,0
693671,0
693672,33
693673,0
693674,0
693675,0
693676,12
693677,0
693678,0
693679,0
693680,0
693681,0
693682,0
693683,7
693684,0
693685,0
693686,19
693687,0
693688,0
693689,0
693690,17
693691,0
693692,0
693693,0
693694,0
693695,0
693696,0
693697,0
693698,0
693699,0
693700,0
693701,17
693702,0
693703,0
693704,22
693705,20
693706,0
693707,0
693708,0
693709,13
693710,0
693711,0
693712,0
693713,0
693714,0
693715,10
693716,0
693717,14
693718,0
693719,0
693720,0
693721,0
693722,0
693723,0
693724,0
693725,0
693726,0
693727,15
693728,0
693729,0
693730,0
693731,0
693732,0
693733,13
693734,0
693735,0
693736,0
693737,0
693738,0
693739,0
693740,0
693741,0
693742,0
693743,0
693744,0
693745,0
693746,0
693747,0
693748,13
693749,0
693750,0
693751,14
693752,24
693753,16
693754,0
693755,15
693756,0
693757,0
693758,0
693759,0
693760,0
693761,0
693762,8
693763,0
693764,0
693765,0
693766,0
693767,0
693768,0
693769,0
693770,0
693771,0
693772,0
693773,0
693774,0
693775,0
693776,9
693777,0
693778,0
693779,0
693780,0
693781,17
693782,0
693783,0
693784,0
693785,0
693786,0
693787,0
693788,0
693789,14
693790,0
693791,0
693792,11
693793,0
693794,0
693795,0
693796,0
693797,20
693798,11
693799,0
693800,0
693801,13
693802,18
693803,0
693804,0
693805,0
693806,0
693807,0
693808,0
693809,0
693810,16
693811,0
693812,12
693813,0
693814,0
693815,0
693816,0
693817,0
693818,0
693819,0
693820,0
693821,0
693822,0
693823,0
693824,0
693825,0
693826,8
693827,12
693828,0
693829,0
693830,0
693831,0
693832,14
693833,0
693834,0
693835,12
693836,0
693837,0
693838,0
693839,0
693840,0
693841,0
693842,0
693843,0
693844,0
693845,0
693846,0
693847,10
693848,0
693849,0
693850,0
693851,0
693852,0
693853,22
693854,0
693855,0
693856,0
693857,0
693858,0
693859,0
693860,17
693861,0
693862,0
693863,0
693864,17
693865,0
693866,0
693867,0
693868,0
693869,0
693870,0
693871,0
693872,0
693873,0
693874,15
693875,0
693876,0
693877,0
693878,0
693879,0
693880,0
693881,0
693882,0
693883,0
693884,0
693885,0
693886,0
693887,0
693888,0
693889,0
693890,0
693891,0
693892,0
693893,7
693894,0
693895,0
693896,0
693897,0
693898,0
693899,0
693900,0
693901,0
693902,0
693903,0
693904,0
693905,0
693906,0
693907,0
693908,0
693909,18
693910,21
693911,0
693912,0
693913,0
693914,0
693915,0
693916,0
693917,0
693918,0
693919,0
693920,0
693921,0
693922,0
693923,0
693924,0
693925,0
693926,0
693927,0
693928,0
693929,13
693930,0
693931,0
693932,0
693933,0
693934,14
693935,0
693936,13
693937,8
693938,0
693939,0
693940,0
693941,12
693942,0
693943,23
693944,0
693945,0
693946,0
693947,0
693948,0
693949,0
693950,0
693951,0
693952,26
693953,0
693954,0
693955,0
693956,21
693957,0
693958,0
693959,0
693960,0
693961,28
693962,26
693963,0
693964,0
693965,0
693966,0
693967,0
693968,30
693969,0
693970,0
693971,0
693972,32
693973,0
693974,0
693975,28
693976,0
693977,0
693978,0
693979,0
693980,0
693981,24
693982,0
693983,0
693984,0
693985,18
693986,32
693987,24
693988,0
693989,0
693990,0
693991,0
693992,0
693993,0
693994,0
693995,0
693996,0
693997,20
693998,0
693999,30
694000,0
694001,0
694002,35
694003,35
694004,17
694005,0
694006,40
694007,0
694008,47
694009,36
694010,0
694011,0
694012,0
694013,0
694014,0
694015,0
694016,42
694017,0
694018,0
694019,0
694020,0
694021,0
694022,0
694023,0
694024,0
694025,0
694026,0
694027,0
694028,0
694029,20
694030,35
694031,0
694032,0
694033,0
694034,0
694035,33
694036,27
694037,48
694038,0
694039,0
694040,0
694041,0
694042,0
694043,0
694044,0
694045,0
694046,48
694047,0
694048,0
694049,0
694050,22
694051,0
694052,0
694053,31
694054,0
694055,0
694056,0
694057,37
694058,0
694059,0
694060,0
694061,19
694062,27
694063,0
694064,0
694065,0
694066,0
694067,0
694068,0
694069,0
694070,0
694071,0
694072,0
694073,34
694074,28
694075,0
694076,0
694077,0
694078,0
694079,0
694080,0
694081,0
694082,0
694083,23
694084,0
694085,0
694086,30
694087,0
694088,0
694089,0
694090,34
694091,0
694092,0
694093,43
694094,0
694095,0
694096,38
694097,0
694098,0
694099,0
694100,0
694101,0
694102,0
694103,0
694104,0
694105,0
694106,0
694107,0
694108,0
694109,0
694110,0
694111,0
694112,0
694113,0
694114,0
694115,0
694116,0
694117,0
694118,0
694119,0
694120,0
694121,0
694122,1
694123,0
694124,0
694125,0
694126,0
694127,0
694128,0
694129,0
694130,0
694131,0
694132,0
694133,0
694134,0
694135,0
694136,0
694137,0
694138,0
694139,0
694140,0
694141,0
694142,0
694143,0
694144,0
694145,0
694146,0
694147,0
694148,0
694149,0
694150,0
694151,0
694152,0
694153,0
694154,0
694155,0
694156,0
694157,0
694158,0
694159,0
694160,0
694161,0
694162,0
694163,0
694164,0
694165,0
694166,0
694167,0
694168,0
694169,0
694170,0
694171,0
694172,0
694173,0
694174,0
694175,0
694176,1
694177,0
694178,0
694179,0
694180,0
694181,0
694182,0
694183,0
694184,0
694185,0
694186,0
694187,0
694188,0
694189,0
694190,0
694191,0
694192,0
694193,0
694194,0
694195,0
694196,0
694197,0
694198,0
694199,0
694200,0
694201,0
694202,0
694203,0
694204,0
694205,0
694206,0
694207,0
694208,0
694209,0
694210,0
694211,0
694212,0
694213,0
694214,0
694215,0
694216,0
694217,0
694218,0
694219,0
694220,0
694221,0
694222,0
694223,0
694224,0
694225,0
694226,0
694227,0
694228,0
694229,0
694230,0
694231,0
694232,0
694233,0
694234,0
694235,0
694236,0
694237,0
694238,0
694239,0
694240,0
694241,0
694242,0
694243,0
694244,0
694245,0
694246,0
694247,0
694248,0
694249,0
694250,0
694251,0
694252,0
694253,0
694254,0
694255,0
694256,0
694257,0
694258,0
694259,0
694260,0
694261,0
694262,0
694263,0
694264,0
694265,0
694266,0
694267,0
694268,0
694269,1
694270,0
694271,0
694272,0
694273,0
694274,0
694275,0
694276,0
694277,0
694278,0
694279,0
694280,0
694281,0
694282,0
694283,0
694284,0
694285,0
694286,0
694287,0
694288,0
694289,0
694290,0
694291,0
694292,0
694293,0
694294,0
694295,0
694296,0
694297,0
694298,0
694299,0
694300,0
694301,0
694302,0
694303,0
694304,0
694305,0
694306,0
694307,0
694308,0
694309,0
694310,0
694311,0
694312,0
694313,0
694314,0
694315,0
694316,0
694317,0
694318,1
694319,0
694320,0
694321,0
694322,0
694323,0
694324,0
694325,0
694326,0
694327,0
694328,0
694329,0
694330,0
694331,0
694332,0
694333,0
694334,0
694335,0
694336,0
694337,0
694338,0
694339,0
694340,0
694341,0
694342,0
694343,0
694344,0
694345,0
694346,0
694347,0
694348,0
694349,0
694350,0
694351,0
694352,0
694353,0
694354,0
694355,0
694356,0
694357,0
694358,0
694359,0
694360,0
694361,0
694362,0
694363,0
694364,0
694365,0
694366,0
694367,0
694368,0
694369,0
694370,0
694371,0
694372,0
694373,0
694374,0
694375,0
694376,0
694377,0
694378,0
694379,0
694380,0
694381,0
694382,0
694383,0
694384,0
694385,0
694386,0
694387,0
694388,0
694389,0
694390,0
694391,0
694392,0
694393,0
694394,0
694395,0
694396,0
694397,0
694398,0
694399,0
694400,0
694401,0
694402,0
694403,0
694404,0
694405,0
694406,0
694407,0
694408,0
694409,0
694410,0
694411,0
694412,0
694413,0
694414,0
694415,0
694416,0
694417,0
694418,0
694419,0
694420,0
694421,0
694422,0
694423,0
694424,0
694425,0
694426,0
694427,0
694428,0
694429,0
694430,0
694431,0
694432,0
694433,0
694434,0
694435,0
694436,0
694437,0
694438,0
694439,0
694440,0
694441,0
694442,0
694443,0
694444,0
694445,0
694446,0
694447,0
694448,0
694449,0
694450,0
694451,0
694452,0
694453,0
694454,0
694455,0
694456,0
694457,0
694458,0
694459,0
694460,0
694461,0
694462,0
694463,0
694464,0
694465,0
694466,0
694467,0
694468,0
694469,0
694470,0
694471,0
694472,0
694473,0
694474,0
694475,0
694476,0
694477,0
694478,0
694479,0
694480,0
694481,0
694482,0
694483,0
694484,0
694485,0
694486,0
694487,0
694488,0
694489,0
694490,0
694491,0
694492,0
694493,0
694494,0
694495,0
694496,0
694497,0
694498,0
694499,0
694500,1
694501,0
694502,0
694503,0
694504,0
694505,0
694506,0
694507,0
694508,0
694509,0
694510,0
694511,0
694512,0
694513,0
694514,0
694515,0
694516,0
694517,0
694518,0
694519,0
694520,0
694521,0
694522,0
694523,0
694524,0
694525,0
694526,0
694527,0
694528,0
694529,0
694530,0
694531,0
694532,0
694533,0
694534,0
694535,0
694536,0
694537,0
694538,0
694539,0
694540,0
694541,0
694542,0
694543,0
694544,0
694545,0
694546,0
694547,0
694548,0
694549,0
694550,0
694551,0
694552,0
694553,0
694554,0
694555,0
694556,0
694557,0
694558,0
694559,0
694560,0
694561,0
694562,0
694563,0
694564,0
694565,0
694566,0
694567,0
694568,0
694569,0
694570,0
694571,0
694572,0
694573,0
694574,0
694575,0
694576,0
694577,0
694578,0
694579,0
694580,0
694581,0
694582,0
694583,0
694584,0
694585,0
694586,0
694587,0
694588,0
694589,0
694590,0
694591,0
694592,0
694593,0
694594,0
694595,0
694596,0
694597,0
694598,0
694599,0
694600,0
694601,0
694602,0
694603,0
694604,0
694605,0
694606,0
694607,0
694608,0
694609,0
694610,0
694611,0
694612,0
694613,0
694614,0
694615,0
694616,0
694617,0
694618,0
694619,0
694620,0
694621,0
694622,0
694623,0
694624,0
694625,0
694626,0
694627,0
694628,0
694629,0
694630,0
694631,0
694632,0
694633,0
694634,0
694635,0
694636,0
694637,0
694638,0
694639,0
694640,0
694641,0
694642,0
694643,0
694644,0
694645,0
694646,0
694647,0
694648,0
694649,0
694650,0
694651,0
694652,0
694653,0
694654,0
694655,0
694656,0
694657,0
694658,0
694659,0
694660,0
694661,0
694662,0
694663,0
694664,0
694665,0
694666,0
694667,0
694668,0
694669,0
694670,0
694671,0
694672,0
694673,1
694674,0
694675,0
694676,0
694677,0
694678,0
694679,0
694680,0
694681,0
694682,0
694683,0
694684,0
694685,0
694686,0
694687,0
694688,0
694689,0
694690,0
694691,0
694692,0
694693,0
694694,0
694695,0
694696,0
694697,0
694698,0
694699,0
694700,0
694701,0
694702,34
694703,0
694704,0
694705,40
694706,0
694707,0
694708,0
694709,0
694710,0
694711,0
694712,0
694713,0
694714,0
694715,0
694716,0
694717,0
694718,0
694719,0
694720,0
694721,0
694722,0
694723,0
694724,0
694725,0
694726,0
694727,0
694728,0
694729,0
694730,0
694731,0
694732,0
694733,0
694734,0
694735,0
694736,0
694737,0
694738,0
694739,0
694740,0
694741,0
694742,0
694743,0
694744,0
694745,0
694746,0
694747,0
694748,0
694749,0
694750,0
694751,0
694752,0
694753,0
694754,0
694755,16
694756,0
694757,0
694758,0
694759,0
694760,0
694761,0
694762,0
694763,0
694764,0
694765,0
694766,0
694767,0
694768,0
694769,0
694770,0
694771,0
694772,0
694773,0
694774,0
694775,0
694776,0
694777,0
694778,0
694779,0
694780,0
694781,0
694782,0
694783,0
694784,34
694785,0
694786,0
694787,0
694788,0
694789,0
694790,0
694791,0
694792,0
694793,0
694794,0
694795,0
694796,0
694797,0
694798,0
694799,0
694800,0
694801,0
694802,0
694803,0
694804,0
694805,0
694806,0
694807,0
694808,29
694809,0
694810,0
694811,0
694812,0
694813,0
694814,0
694815,42
694816,0
694817,0
694818,0
694819,0
694820,0
694821,0
694822,0
694823,0
694824,0
694825,0
694826,5
694827,0
694828,0
694829,0
694830,0
694831,49
694832,11
694833,34
694834,0
694835,0
694836,28
694837,0
694838,0
694839,0
694840,0
694841,0
694842,0
694843,0
694844,0
694845,0
694846,0
694847,0
694848,44
694849,0
694850,0
694851,0
694852,0
694853,0
694854,0
694855,0
694856,0
694857,0
694858,0
694859,0
694860,0
694861,0
694862,17
694863,0
694864,0
694865,0
694866,0
694867,0
694868,0
694869,0
694870,0
694871,0
694872,0
694873,0
694874,0
694875,0
694876,0
694877,0
694878,0
694879,0
694880,35
694881,0
694882,0
694883,0
694884,44
694885,0
694886,0
694887,0
694888,0
694889,0
694890,0
694891,0
694892,0
694893,0
694894,40
694895,36
694896,22
694897,0
694898,0
694899,0
694900,0
694901,0
694902,0
694903,0
694904,0
694905,0
694906,0
694907,0
694908,0
694909,49
694910,0
694911,0
694912,0
694913,0
694914,0
694915,0
694916,0
694917,0
694918,0
694919,0
694920,0
694921,0
694922,0
694923,0
694924,0
694925,13
694926,0
694927,0
694928,0
694929,0
694930,0
694931,0
694932,0
694933,0
694934,0
694935,0
694936,0
694937,0
694938,1
694939,0
694940,0
694941,0
694942,0
694943,0
694944,0
694945,0
694946,0
694947,0
694948,0
694949,0
694950,0
694951,0
694952,0
694953,0
694954,1
694955,0
694956,0
694957,0
694958,0
694959,0
694960,0
694961,0
694962,0
694963,0
694964,0
694965,0
694966,0
694967,0
694968,0
694969,0
694970,0
694971,0
694972,0
694973,1
694974,0
694975,0
694976,0
694977,0
694978,0
694979,0
694980,0
694981,0
694982,0
694983,0
694984,0
694985,0
694986,0
694987,0
694988,0
694989,0
694990,2
694991,0
694992,0
694993,0
694994,0
694995,0
694996,0
694997,0
694998,0
694999,0
695000,0
695001,0
695002,0
695003,0
695004,0
695005,0
695006,0
695007,0
695008,0
695009,0
695010,0
695011,0
695012,0
695013,0
695014,0
695015,0
695016,0
695017,0
695018,0
695019,0
695020,0
695021,0
695022,0
695023,0
695024,0
695025,0
695026,0
695027,0
695028,0
695029,0
695030,0
695031,0
695032,0
695033,0
695034,0
695035,0
695036,0
695037,0
695038,1
695039,0
695040,0
695041,0
695042,0
695043,0
695044,0
695045,0
695046,0
695047,0
695048,0
695049,0
695050,0
695051,0
695052,2
695053,0
695054,0
695055,0
695056,0
695057,0
695058,0
695059,0
695060,0
695061,0
695062,1
695063,0
695064,0
695065,0
695066,0
695067,0
695068,0
695069,0
695070,0
695071,0
695072,0
695073,0
695074,0
695075,0
695076,0
695077,0
695078,0
695079,0
695080,0
695081,0
695082,1
695083,0
695084,0
695085,0
695086,0
695087,0
695088,0
695089,1
695090,0
695091,0
695092,0
695093,0
695094,0
695095,0
695096,0
695097,0
695098,0
695099,0
695100,0
695101,0
695102,1
695103,0
695104,0
695105,0
695106,0
695107,0
695108,0
695109,0
695110,1
695111,0
695112,1
695113,0
695114,0
695115,0
695116,0
695117,0
695118,0
695119,0
695120,0
695121,0
695122,0
695123,0
695124,0
695125,1
695126,0
695127,0
695128,0
695129,0
695130,0
695131,2
695132,0
695133,0
695134,0
695135,0
695136,0
695137,1
695138,0
695139,0
695140,0
695141,0
695142,0
695143,0
695144,0
695145,0
695146,0
695147,0
695148,0
695149,0
695150,0
695151,0
695152,0
695153,0
695154,0
695155,0
695156,0
695157,0
695158,0
695159,0
695160,0
695161,0
695162,0
695163,0
695164,0
695165,0
695166,0
695167,0
695168,0
695169,0
695170,0
695171,1
695172,0
695173,0
695174,0
695175,0
695176,0
695177,0
695178,0
695179,0
695180,0
695181,0
695182,0
695183,0
695184,0
695185,0
695186,0
695187,0
695188,0
695189,0
695190,0
695191,0
695192,0
695193,0
695194,0
695195,0
695196,0
695197,0
695198,0
695199,0
695200,0
695201,0
695202,1
695203,0
695204,0
695205,0
695206,0
695207,0
695208,0
695209,2
695210,0
695211,0
695212,0
695213,0
695214,0
695215,0
695216,0
695217,0
695218,0
695219,0
695220,0
695221,0
695222,0
695223,0
695224,0
695225,0
695226,0
695227,0
695228,0
695229,0
695230,0
695231,0
695232,0
695233,0
695234,0
695235,0
695236,1
695237,0
695238,0
695239,0
695240,0
695241,0
695242,0
695243,0
695244,0
695245,0
695246,0
695247,0
695248,0
695249,0
695250,0
695251,0
695252,0
695253,0
695254,1
695255,0
695256,0
695257,0
695258,0
695259,0
695260,0
695261,0
695262,0
695263,0
695264,0
695265,0
695266,0
695267,0
695268,0
695269,1
695270,0
695271,0
695272,0
695273,0
695274,0
695275,1
695276,0
695277,0
695278,0
695279,0
695280,0
695281,0
695282,0
695283,0
695284,1
695285,0
695286,0
695287,0
695288,0
695289,0
695290,0
695291,3
695292,0
695293,0
695294,0
695295,0
695296,0
695297,1
695298,0
695299,1
695300,0
695301,0
695302,0
695303,0
695304,0
695305,0
695306,0
695307,0
695308,0
695309,0
695310,0
695311,0
695312,0
695313,0
695314,0
695315,0
695316,0
695317,0
695318,1
695319,0
695320,0
695321,0
695322,0
695323,0
695324,0
695325,0
695326,0
695327,0
695328,0
695329,0
695330,1
695331,0
695332,0
695333,0
695334,0
695335,0
695336,0
695337,0
695338,0
695339,0
695340,0
695341,0
695342,0
695343,0
695344,0
695345,0
695346,0
695347,0
695348,0
695349,0
695350,0
695351,0
695352,0
695353,0
695354,0
695355,0
695356,0
695357,0
695358,0
695359,0
695360,0
695361,0
695362,0
695363,0
695364,0
695365,0
695366,0
695367,0
695368,0
695369,0
695370,0
695371,0
695372,0
695373,0
695374,0
695375,0
695376,0
695377,0
695378,0
695379,0
695380,0
695381,0
695382,0
695383,0
695384,0
695385,2
695386,0
695387,0
695388,0
695389,0
695390,0
695391,0
695392,0
695393,0
695394,0
695395,0
695396,0
695397,0
695398,0
695399,1
695400,0
695401,0
695402,0
695403,0
695404,0
695405,0
695406,0
695407,0
695408,1
695409,0
695410,0
695411,1
695412,0
695413,0
695414,0
695415,0
695416,0
695417,2
695418,0
695419,1
695420,0
695421,0
695422,0
695423,0
695424,0
695425,0
695426,0
695427,0
695428,0
695429,0
695430,0
695431,0
695432,1
695433,2
695434,0
695435,0
695436,0
695437,0
695438,0
695439,0
695440,0
695441,0
695442,0
695443,0
695444,0
695445,0
695446,0
695447,0
695448,0
695449,0
695450,0
695451,0
695452,0
695453,1
695454,0
695455,0
695456,0
695457,0
695458,0
695459,0
695460,0
695461,0
695462,0
695463,0
695464,0
695465,0
695466,0
695467,0
695468,0
695469,0
695470,0
695471,0
695472,0
695473,2
695474,0
695475,0
695476,0
695477,0
695478,0
695479,0
695480,0
695481,0
695482,0
695483,0
695484,0
695485,0
695486,1
695487,0
695488,0
695489,0
695490,1
695491,0
695492,0
695493,0
695494,0
695495,0
695496,0
695497,0
695498,0
695499,0
695500,0
695501,0
695502,0
695503,0
695504,0
695505,0
695506,0
695507,0
695508,0
695509,0
695510,0
695511,0
695512,0
695513,0
695514,0
695515,0
695516,0
695517,0
695518,0
695519,0
695520,0
695521,0
695522,0
695523,0
695524,0
695525,1
695526,0
695527,0
695528,0
695529,0
695530,0
695531,0
695532,0
695533,0
695534,2
695535,0
695536,0
695537,0
695538,0
695539,1
695540,0
695541,0
695542,0
695543,0
695544,0
695545,0
695546,0
695547,0
695548,0
695549,0
695550,0
695551,0
695552,0
695553,0
695554,0
695555,0
695556,0
695557,0
695558,0
695559,0
695560,0
695561,0
695562,0
695563,0
695564,1
695565,0
695566,0
695567,0
695568,0
695569,0
695570,0
695571,0
695572,0
695573,0
695574,0
695575,0
695576,0
695577,0
695578,0
695579,0
695580,0
695581,1
695582,0
695583,0
695584,0
695585,0
695586,0
695587,0
695588,0
695589,0
695590,0
695591,0
695592,0
695593,0
695594,0
695595,0
695596,0
695597,0
695598,0
695599,0
695600,0
695601,0
695602,1
695603,0
695604,0
695605,0
695606,0
695607,1
695608,0
695609,0
695610,1
695611,0
695612,0
695613,0
695614,0
695615,0
695616,0
695617,0
695618,0
695619,0
695620,0
695621,0
695622,0
695623,0
695624,0
695625,0
695626,0
695627,0
695628,0
695629,0
695630,0
695631,0
695632,0
695633,0
695634,0
695635,0
695636,0
695637,2
695638,0
695639,0
695640,0
695641,0
695642,0
695643,0
695644,0
695645,0
695646,0
695647,0
695648,0
695649,0
695650,0
695651,0
695652,0
695653,2
695654,0
695655,0
695656,0
695657,0
695658,0
695659,0
695660,0
695661,1
695662,0
695663,1
695664,0
695665,0
695666,0
695667,1
695668,0
695669,0
695670,0
695671,0
695672,0
695673,0
695674,0
695675,0
695676,0
695677,0
695678,0
695679,0
695680,0
695681,0
695682,0
695683,0
695684,0
695685,0
695686,2
695687,0
695688,0
695689,0
695690,0
695691,0
695692,0
695693,0
695694,1
695695,0
695696,0
695697,0
695698,0
695699,0
695700,0
695701,0
695702,0
695703,0
695704,0
695705,0
695706,0
695707,0
695708,0
695709,1
695710,0
695711,0
695712,0
695713,0
695714,0
695715,0
695716,0
695717,0
695718,0
695719,0
695720,0
695721,0
695722,0
695723,0
695724,0
695725,1
695726,0
695727,0
695728,0
695729,0
695730,0
695731,0
695732,0
695733,0
695734,0
695735,0
695736,0
695737,0
695738,0
695739,0
695740,0
695741,1
695742,0
695743,0
695744,0
695745,0
695746,0
695747,0
695748,0
695749,0
695750,0
695751,0
695752,0
695753,0
695754,0
695755,0
695756,0
695757,0
695758,1
695759,0
695760,0
695761,0
695762,0
695763,0
695764,0
695765,0
695766,0
695767,0
695768,0
695769,0
695770,0
695771,0
695772,0
695773,1
695774,0
695775,0
695776,0
695777,0
695778,0
695779,0
695780,0
695781,0
695782,0
695783,1
695784,0
695785,0
695786,0
695787,0
695788,0
695789,1
695790,0
695791,0
695792,0
695793,0
695794,0
695795,0
695796,0
695797,0
695798,0
695799,0
695800,1
695801,0
695802,0
695803,0
695804,2
695805,0
695806,0
695807,0
695808,0
695809,0
695810,0
695811,0
695812,0
695813,0
695814,0
695815,0
695816,0
695817,0
695818,0
695819,0
695820,0
695821,0
695822,0
695823,0
695824,0
695825,0
695826,0
695827,0
695828,0
695829,0
695830,0
695831,0
695832,0
695833,0
695834,1
695835,0
695836,0
695837,0
695838,0
695839,0
695840,0
695841,0
695842,0
695843,0
695844,0
695845,0
695846,0
695847,0
695848,0
695849,0
695850,0
695851,0
695852,0
695853,0
695854,0
695855,0
695856,0
695857,0
695858,0
695859,21
695860,24
695861,0
695862,0
695863,0
695864,0
695865,0
695866,0
695867,24
695868,0
695869,27
695870,0
695871,0
695872,0
695873,0
695874,0
695875,0
695876,0
695877,0
695878,0
695879,0
695880,0
695881,0
695882,0
695883,0
695884,0
695885,0
695886,0
695887,0
695888,0
695889,0
695890,27
695891,0
695892,0
695893,0
695894,0
695895,21
695896,0
695897,32
695898,0
695899,0
695900,0
695901,0
695902,0
695903,0
695904,0
695905,0
695906,0
695907,0
695908,0
695909,34
695910,0
695911,0
695912,0
695913,0
695914,0
695915,0
695916,0
695917,0
695918,0
695919,0
695920,0
695921,0
695922,11
695923,0
695924,0
695925,0
695926,0
695927,0
695928,0
695929,0
695930,0
695931,0
695932,0
695933,0
695934,0
695935,0
695936,0
695937,0
695938,0
695939,0
695940,19
695941,0
695942,0
695943,0
695944,0
695945,0
695946,0
695947,0
695948,0
695949,26
695950,0
695951,0
695952,0
695953,0
695954,0
695955,0
695956,0
695957,0
695958,17
695959,0
695960,0
695961,0
695962,0
695963,0
695964,0
695965,0
695966,0
695967,16
695968,0
695969,0
695970,0
695971,0
695972,0
695973,0
695974,0
695975,0
695976,18
695977,0
695978,0
695979,0
695980,0
695981,0
695982,0
695983,0
695984,0
695985,19
695986,0
695987,0
695988,0
695989,0
695990,0
695991,0
695992,0
695993,0
695994,0
695995,0
695996,0
695997,0
695998,0
695999,0
696000,0
696001,0
696002,18
696003,0
696004,0
696005,0
696006,0
696007,0
696008,0
696009,0
696010,0
696011,0
696012,0
696013,0
696014,0
696015,0
696016,0
696017,0
696018,0
696019,0
696020,0
696021,0
696022,12
696023,0
696024,0
696025,0
696026,0
696027,0
696028,0
696029,0
696030,0
696031,0
696032,24
696033,0
696034,0
696035,0
696036,0
696037,0
696038,0
696039,22
696040,0
696041,0
696042,0
696043,0
696044,0
696045,0
696046,0
696047,0
696048,0
696049,0
696050,21
696051,0
696052,0
696053,0
696054,0
696055,0
696056,0
696057,0
696058,0
696059,0
696060,0
696061,0
696062,24
696063,0
696064,0
696065,0
696066,0
696067,0
696068,0
696069,0
696070,0
696071,0
696072,0
696073,0
696074,0
696075,0
696076,0
696077,0
696078,0
696079,0
696080,0
696081,0
696082,0
696083,0
696084,0
696085,0
696086,0
696087,0
696088,0
696089,0
696090,0
696091,0
696092,0
696093,0
696094,0
696095,0
696096,0
696097,0
696098,0
696099,0
696100,0
696101,0
696102,0
696103,0
696104,0
696105,0
696106,0
696107,0
696108,0
696109,0
696110,0
696111,0
696112,16
696113,12
696114,0
696115,0
696116,0
696117,22
696118,0
696119,0
696120,0
696121,20
696122,23
696123,0
696124,0
696125,0
696126,0
696127,31
696128,0
696129,0
696130,0
696131,29
696132,0
696133,0
696134,0
696135,0
696136,0
696137,0
696138,0
696139,0
696140,0
696141,0
696142,0
696143,0
696144,31
696145,23
696146,14
696147,0
696148,26
696149,0
696150,0
696151,0
696152,0
696153,20
696154,0
696155,0
696156,0
696157,0
696158,0
696159,0
696160,0
696161,0
696162,0
696163,0
696164,0
696165,0
696166,0
696167,0
696168,0
696169,0
696170,0
696171,22
696172,0
696173,0
696174,17
696175,0
696176,0
696177,25
696178,0
696179,0
696180,0
696181,0
696182,0
696183,0
696184,0
696185,0
696186,0
696187,0
696188,0
696189,0
696190,0
696191,0
696192,0
696193,0
696194,0
696195,0
696196,23
696197,0
696198,0
696199,0
696200,0
696201,0
696202,0
696203,11
696204,0
696205,38
696206,0
696207,0
696208,28
696209,26
696210,0
696211,0
696212,0
696213,29
696214,0
696215,0
696216,0
696217,0
696218,0
696219,0
696220,0
696221,0
696222,34
696223,0
696224,40
696225,0
696226,0
696227,0
696228,0
696229,0
696230,43
696231,31
696232,0
696233,0
696234,0
696235,0
696236,27
696237,0
696238,0
696239,0
696240,0
696241,0
696242,0
696243,0
696244,0
696245,0
696246,0
696247,19
696248,0
696249,0
696250,0
696251,0
696252,0
696253,0
696254,0
696255,0
696256,0
696257,0
696258,0
696259,0
696260,27
696261,0
696262,0
696263,22
696264,25
696265,0
696266,0
696267,0
696268,0
696269,0
696270,0
696271,20
696272,0
696273,0
696274,0
696275,0
696276,21
696277,0
696278,42
696279,0
696280,0
696281,0
696282,0
696283,0
696284,0
696285,0
696286,0
696287,45
696288,0
696289,40
696290,0
696291,21
696292,0
696293,0
696294,0
696295,0
696296,0
696297,40
696298,0
696299,36
696300,0
696301,0
696302,0
696303,0
696304,0
696305,0
696306,0
696307,0
696308,0
696309,0
696310,0
696311,0
696312,35
696313,0
696314,0
696315,0
696316,28
696317,0
696318,0
696319,0
696320,0
696321,0
696322,0
696323,29
696324,0
696325,0
696326,0
696327,0
696328,0
696329,0
696330,0
696331,0
696332,0
696333,0
696334,0
696335,30
696336,42
696337,0
696338,0
696339,0
696340,0
696341,0
696342,29
696343,40
696344,0
696345,0
696346,0
696347,0
696348,0
696349,24
696350,0
696351,0
696352,0
696353,46
696354,0
696355,46
696356,0
696357,0
696358,0
696359,40
696360,45
696361,22
696362,0
696363,0
696364,0
696365,0
696366,0
696367,0
696368,0
696369,0
696370,0
696371,0
696372,0
696373,20
696374,0
696375,0
696376,0
696377,0
696378,0
696379,0
696380,0
696381,45
696382,0
696383,0
696384,0
696385,0
696386,0
696387,28
696388,0
696389,0
696390,0
696391,0
696392,0
696393,0
696394,0
696395,0
696396,0
696397,40
696398,0
696399,0
696400,0
696401,0
696402,45
696403,0
696404,0
696405,0
696406,0
696407,0
696408,33
696409,0
696410,0
696411,0
696412,0
696413,0
696414,0
696415,0
696416,26
696417,0
696418,0
696419,0
696420,0
696421,0
696422,0
696423,0
696424,0
696425,0
696426,0
696427,0
696428,18
696429,0
696430,0
696431,0
696432,0
696433,0
696434,0
696435,32
696436,21
696437,23
696438,0
696439,0
696440,0
696441,0
696442,0
696443,0
696444,0
696445,0
696446,37
696447,0
696448,40
696449,0
696450,0
696451,0
696452,0
696453,0
696454,0
696455,0
696456,0
696457,0
696458,0
696459,0
696460,30
696461,21
696462,0
696463,38
696464,0
696465,0
696466,0
696467,0
696468,0
696469,0
696470,0
696471,0
696472,0
696473,21
696474,0
696475,0
696476,0
696477,0
696478,0
696479,0
696480,0
696481,0
696482,0
696483,0
696484,0
696485,0
696486,0
696487,39
696488,0
696489,37
696490,0
696491,0
696492,27
696493,29
696494,0
696495,0
696496,0
696497,0
696498,0
696499,0
696500,28
696501,0
696502,27
696503,0
696504,0
696505,0
696506,0
696507,42
696508,0
696509,45
696510,0
696511,0
696512,0
696513,0
696514,0
696515,0
696516,0
696517,36
696518,0
696519,0
696520,31
696521,0
696522,0
696523,33
696524,0
696525,0
696526,0
696527,0
696528,0
696529,0
696530,0
696531,0
696532,0
696533,0
696534,0
696535,0
696536,0
696537,39
696538,16
696539,0
696540,0
696541,0
696542,25
696543,0
696544,0
696545,0
696546,0
696547,26
696548,25
696549,0
696550,0
696551,0
696552,0
696553,38
696554,0
696555,0
696556,0
696557,0
696558,0
696559,23
696560,0
696561,0
696562,0
696563,0
696564,0
696565,21
696566,0
696567,0
696568,0
696569,33
696570,0
696571,36
696572,34
696573,0
696574,40
696575,38
696576,34
696577,32
696578,0
696579,22
696580,0
696581,17
696582,0
696583,21
696584,0
696585,0
696586,36
696587,0
696588,0
696589,0
696590,0
696591,0
696592,39
696593,0
696594,0
696595,0
696596,29
696597,0
696598,20
696599,24
696600,0
696601,0
696602,0
696603,0
696604,0
696605,46
696606,37
696607,0
696608,31
696609,0
696610,0
696611,21
696612,0
696613,0
696614,0
696615,0
696616,0
696617,18
696618,0
696619,0
696620,0
696621,0
696622,0
696623,0
696624,0
696625,0
696626,0
696627,29
696628,0
696629,0
696630,0
696631,0
696632,0
696633,0
696634,0
696635,0
696636,0
696637,0
696638,0
696639,0
696640,0
696641,0
696642,0
696643,0
696644,0
696645,0
696646,0
696647,23
696648,0
696649,0
696650,0
696651,0
696652,0
696653,0
696654,0
696655,0
696656,0
696657,0
696658,0
696659,23
696660,0
696661,0
696662,0
696663,0
696664,0
696665,0
696666,0
696667,0
696668,26
696669,0
696670,0
696671,30
696672,0
696673,24
696674,0
696675,20
696676,0
696677,26
696678,0
696679,0
696680,0
696681,0
696682,0
696683,25
696684,0
696685,0
696686,32
696687,26
696688,0
696689,45
696690,0
696691,0
696692,35
696693,0
696694,0
696695,0
696696,0
696697,0
696698,0
696699,0
696700,0
696701,0
696702,0
696703,0
696704,0
696705,0
696706,0
696707,0
696708,0
696709,40
696710,0
696711,23
696712,0
696713,0
696714,33
696715,0
696716,0
696717,0
696718,40
696719,0
696720,0
696721,0
696722,0
696723,0
696724,0
696725,0
696726,0
696727,35
696728,0
696729,0
696730,29
696731,0
696732,0
696733,0
696734,0
696735,0
696736,0
696737,0
696738,0
696739,0
696740,0
696741,0
696742,0
696743,26
696744,49
696745,0
696746,30
696747,0
696748,0
696749,0
696750,0
696751,0
696752,18
696753,0
696754,0
696755,34
696756,0
696757,0
696758,24
696759,0
696760,0
696761,0
696762,0
696763,0
696764,37
696765,0
696766,0
696767,0
696768,0
696769,0
696770,0
696771,20
696772,31
696773,0
696774,0
696775,0
696776,0
696777,30
696778,0
696779,0
696780,36
696781,0
696782,0
696783,0
696784,0
696785,0
696786,0
696787,0
696788,0
696789,0
696790,0
696791,0
696792,0
696793,0
696794,0
696795,0
696796,0
696797,0
696798,0
696799,0
696800,0
696801,0
696802,0
696803,0
696804,27
696805,0
696806,0
696807,0
696808,36
696809,0
696810,0
696811,0
696812,0
696813,0
696814,0
696815,0
696816,0
696817,0
696818,0
696819,0
696820,0
696821,0
696822,20
696823,21
696824,0
696825,0
696826,0
696827,0
696828,0
696829,0
696830,0
696831,0
696832,0
696833,16
696834,0
696835,0
696836,0
696837,0
696838,0
696839,0
696840,0
696841,0
696842,0
696843,0
696844,29
696845,0
696846,0
696847,0
696848,0
696849,39
696850,0
696851,0
696852,0
696853,0
696854,0
696855,0
696856,0
696857,0
696858,0
696859,0
696860,0
696861,0
696862,0
696863,0
696864,0
696865,0
696866,35
696867,0
696868,0
696869,0
696870,0
696871,52
696872,31
696873,32
696874,0
696875,0
696876,0
696877,0
696878,41
696879,23
696880,0
696881,0
696882,0
696883,0
696884,0
696885,0
696886,0
696887,0
696888,0
696889,0
696890,0
696891,0
696892,0
696893,0
696894,22
696895,0
696896,0
696897,28
696898,0
696899,0
696900,0
696901,0
696902,0
696903,0
696904,0
696905,0
696906,0
696907,0
696908,28
696909,0
696910,0
696911,0
696912,20
696913,0
696914,0
696915,0
696916,0
696917,0
696918,0
696919,0
696920,0
696921,0
696922,0
696923,0
696924,0
696925,0
696926,0
696927,0
696928,0
696929,0
696930,0
696931,42
696932,0
696933,0
696934,0
696935,0
696936,0
696937,0
696938,0
696939,0
696940,26
696941,0
696942,0
696943,30
696944,0
696945,0
696946,0
696947,29
696948,0
696949,0
696950,0
696951,0
696952,0
696953,32
696954,0
696955,0
696956,0
696957,28
696958,0
696959,35
696960,0
696961,0
696962,19
696963,0
696964,0
696965,0
696966,27
696967,0
696968,33
696969,0
696970,0
696971,0
696972,0
696973,28
696974,0
696975,0
696976,0
696977,0
696978,0
696979,0
696980,0
696981,21
696982,22
696983,0
696984,0
696985,0
696986,0
696987,0
696988,27
696989,0
696990,0
696991,0
696992,0
696993,0
696994,0
696995,0
696996,0
696997,38
696998,0
696999,0
697000,0
697001,0
697002,25
697003,0
697004,0
697005,0
697006,0
697007,0
697008,0
697009,0
697010,0
697011,0
697012,19
697013,0
697014,0
697015,0
697016,0
697017,0
697018,0
697019,0
697020,0
697021,18
697022,21
697023,0
697024,0
697025,0
697026,0
697027,0
697028,0
697029,0
697030,0
697031,0
697032,0
697033,0
697034,0
697035,0
697036,0
697037,0
697038,0
697039,0
697040,0
697041,18
697042,0
697043,23
697044,0
697045,0
697046,0
697047,17
697048,0
697049,16
697050,14
697051,22
697052,0
697053,21
697054,0
697055,0
697056,0
697057,24
697058,0
697059,18
697060,0
697061,0
697062,0
697063,0
697064,0
697065,0
697066,0
697067,0
697068,0
697069,30
697070,11
697071,0
697072,0
697073,0
697074,28
697075,6
697076,0
697077,16
697078,0
697079,31
697080,22
697081,0
697082,0
697083,0
697084,0
697085,8
697086,0
697087,0
697088,0
697089,11
697090,0
697091,17
697092,0
697093,21
697094,0
697095,0
697096,26
697097,0
697098,0
697099,13
697100,0
697101,0
697102,0
697103,0
697104,17
697105,0
697106,0
697107,0
697108,0
697109,28
697110,0
697111,0
697112,0
697113,28
697114,0
697115,0
697116,0
697117,0
697118,0
697119,0
697120,0
697121,0
697122,0
697123,28
697124,0
697125,0
697126,0
697127,0
697128,0
697129,32
697130,0
697131,0
697132,0
697133,0
697134,0
697135,0
697136,0
697137,21
697138,0
697139,12
697140,0
697141,25
697142,20
697143,29
697144,0
697145,0
697146,0
697147,0
697148,0
697149,18
697150,0
697151,0
697152,0
697153,0
697154,25
697155,0
697156,11
697157,0
697158,17
697159,0
697160,0
697161,0
697162,0
697163,0
697164,0
697165,0
697166,0
697167,0
697168,0
697169,0
697170,19
697171,10
697172,0
697173,0
697174,18
697175,27
697176,0
697177,0
697178,0
697179,0
697180,0
697181,0
697182,0
697183,0
697184,26
697185,0
697186,0
697187,0
697188,0
697189,0
697190,0
697191,0
697192,0
697193,0
697194,0
697195,0
697196,0
697197,0
697198,16
697199,21
697200,0
697201,18
697202,0
697203,12
697204,0
697205,0
697206,0
697207,0
697208,15
697209,0
697210,13
697211,0
697212,0
697213,29
697214,0
697215,0
697216,18
697217,0
697218,0
697219,0
697220,0
697221,0
697222,0
697223,0
697224,15
697225,0
697226,0
697227,30
697228,0
697229,0
697230,0
697231,0
697232,0
697233,13
697234,0
697235,0
697236,34
697237,0
697238,0
697239,0
697240,9
697241,0
697242,0
697243,17
697244,0
697245,0
697246,24
697247,0
697248,17
697249,0
697250,29
697251,19
697252,16
697253,0
697254,0
697255,0
697256,0
697257,0
697258,0
697259,10
697260,0
697261,0
697262,0
697263,0
697264,0
697265,0
697266,33
697267,0
697268,0
697269,0
697270,0
697271,0
697272,0
697273,0
697274,0
697275,0
697276,0
697277,15
697278,0
697279,0
697280,35
697281,0
697282,23
697283,0
697284,0
697285,0
697286,0
697287,0
697288,0
697289,0
697290,20
697291,0
697292,0
697293,0
697294,0
697295,0
697296,0
697297,0
697298,23
697299,0
697300,0
697301,0
697302,0
697303,0
697304,0
697305,17
697306,13
697307,0
697308,22
697309,29
697310,14
697311,0
697312,31
697313,7
697314,0
697315,0
697316,0
697317,0
697318,0
697319,0
697320,0
697321,0
697322,33
697323,20
697324,0
697325,0
697326,0
697327,0
697328,0
697329,0
697330,0
697331,0
697332,0
697333,0
697334,17
697335,0
697336,0
697337,15
697338,35
697339,14
697340,0
697341,0
697342,0
697343,0
697344,19
697345,0
697346,0
697347,0
697348,0
697349,0
697350,21
697351,20
697352,0
697353,0
697354,0
697355,0
697356,34
697357,0
697358,0
697359,21
697360,0
697361,34
697362,0
697363,19
697364,0
697365,26
697366,0
697367,0
697368,0
697369,0
697370,0
697371,0
697372,0
697373,0
697374,29
697375,0
697376,0
697377,0
697378,0
697379,19
697380,0
697381,0
697382,0
697383,26
697384,20
697385,39
697386,19
697387,12
697388,27
697389,0
697390,0
697391,0
697392,0
697393,0
697394,0
697395,0
697396,0
697397,24
697398,0
697399,29
697400,0
697401,0
697402,0
697403,0
697404,0
697405,19
697406,0
697407,0
697408,0
697409,14
697410,0
697411,0
697412,0
697413,13
697414,0
697415,34
697416,0
697417,0
697418,18
697419,0
697420,0
697421,0
697422,18
697423,23
697424,0
697425,0
697426,32
697427,0
697428,0
697429,27
697430,24
697431,15
697432,0
697433,0
697434,0
697435,0
697436,0
697437,0
697438,0
697439,0
697440,18
697441,0
697442,0
697443,0
697444,0
697445,0
697446,0
697447,24
697448,0
697449,0
697450,0
697451,0
697452,0
697453,22
697454,27
697455,0
697456,0
697457,0
697458,0
697459,23
697460,0
697461,0
697462,28
697463,28
697464,0
697465,0
697466,29
697467,0
697468,0
697469,28
697470,0
697471,10
697472,0
697473,0
697474,0
697475,0
697476,0
697477,0
697478,0
697479,0
697480,9
697481,0
697482,18
697483,0
697484,30
697485,0
697486,19
697487,0
697488,0
697489,0
697490,0
697491,0
697492,24
697493,0
697494,0
697495,0
697496,0
697497,0
697498,0
697499,0
697500,0
697501,0
697502,23
697503,39
697504,0
697505,0
697506,0
697507,0
697508,13
697509,0
697510,0
697511,0
697512,0
697513,0
697514,0
697515,0
697516,0
697517,0
697518,0
697519,0
697520,0
697521,23
697522,0
697523,0
697524,0
697525,17
697526,0
697527,0
697528,0
697529,0
697530,0
697531,0
697532,0
697533,32
697534,22
697535,0
697536,0
697537,0
697538,0
697539,0
697540,21
697541,0
697542,0
697543,20
697544,0
697545,19
697546,20
697547,0
697548,10
697549,0
697550,0
697551,0
697552,0
697553,0
697554,18
697555,0
697556,0
697557,0
697558,0
697559,18
697560,23
697561,0
697562,16
697563,27
697564,0
697565,24
697566,0
697567,0
697568,21
697569,33
697570,28
697571,0
697572,0
697573,0
697574,15
697575,37
697576,0
697577,0
697578,0
697579,18
697580,0
697581,0
697582,0
697583,15
697584,27
697585,21
697586,0
697587,0
697588,0
697589,0
697590,8
697591,0
697592,0
697593,0
697594,0
697595,0
697596,0
697597,0
697598,0
697599,0
697600,16
697601,19
697602,0
697603,0
697604,0
697605,0
697606,0
697607,0
697608,0
697609,0
697610,31
697611,19
697612,0
697613,0
697614,19
697615,0
697616,0
697617,0
697618,1
697619,0
697620,0
697621,0
697622,0
697623,0
697624,0
697625,0
697626,0
697627,0
697628,0
697629,0
697630,0
697631,0
697632,0
697633,0
697634,0
697635,0
697636,0
697637,0
697638,0
697639,0
697640,0
697641,0
697642,0
697643,0
697644,0
697645,0
697646,0
697647,0
697648,0
697649,0
697650,0
697651,0
697652,0
697653,0
697654,0
697655,0
697656,0
697657,0
697658,0
697659,0
697660,0
697661,0
697662,0
697663,0
697664,0
697665,0
697666,0
697667,0
697668,0
697669,0
697670,0
697671,0
697672,0
697673,0
697674,0
697675,0
697676,0
697677,0
697678,0
697679,0
697680,0
697681,0
697682,0
697683,0
697684,0
697685,0
697686,0
697687,0
697688,0
697689,0
697690,0
697691,0
697692,0
697693,0
697694,0
697695,0
697696,0
697697,0
697698,0
697699,0
697700,0
697701,0
697702,0
697703,0
697704,0
697705,0
697706,0
697707,0
697708,0
697709,0
697710,0
697711,0
697712,0
697713,0
697714,0
697715,0
697716,0
697717,0
697718,0
697719,0
697720,0
697721,0
697722,0
697723,0
697724,0
697725,0
697726,0
697727,0
697728,0
697729,0
697730,0
697731,0
697732,0
697733,0
697734,0
697735,0
697736,0
697737,0
697738,0
697739,0
697740,0
697741,0
697742,0
697743,0
697744,0
697745,0
697746,0
697747,0
697748,0
697749,0
697750,0
697751,0
697752,0
697753,0
697754,0
697755,0
697756,0
697757,0
697758,0
697759,0
697760,0
697761,0
697762,0
697763,0
697764,0
697765,0
697766,0
697767,0
697768,0
697769,0
697770,0
697771,0
697772,0
697773,0
697774,0
697775,0
697776,0
697777,0
697778,0
697779,0
697780,0
697781,0
697782,0
697783,0
697784,0
697785,0
697786,0
697787,0
697788,0
697789,0
697790,0
697791,0
697792,0
697793,0
697794,0
697795,0
697796,0
697797,0
697798,0
697799,0
697800,0
697801,0
697802,0
697803,0
697804,0
697805,0
697806,0
697807,0
697808,0
697809,0
697810,0
697811,0
697812,0
697813,0
697814,0
697815,0
697816,0
697817,0
697818,0
697819,0
697820,0
697821,0
697822,0
697823,0
697824,0
697825,0
697826,0
697827,0
697828,0
697829,0
697830,0
697831,0
697832,0
697833,0
697834,0
697835,0
697836,0
697837,0
697838,0
697839,0
697840,0
697841,0
697842,0
697843,0
697844,0
697845,0
697846,0
697847,0
697848,0
697849,0
697850,0
697851,0
697852,0
697853,0
697854,0
697855,0
697856,0
697857,0
697858,0
697859,0
697860,0
697861,0
697862,0
697863,0
697864,0
697865,0
697866,0
697867,0
697868,0
697869,0
697870,0
697871,0
697872,0
697873,0
697874,0
697875,0
697876,0
697877,0
697878,0
697879,0
697880,0
697881,0
697882,0
697883,0
697884,0
697885,0
697886,0
697887,0
697888,0
697889,0
697890,0
697891,0
697892,0
697893,0
697894,0
697895,0
697896,0
697897,0
697898,0
697899,0
697900,0
697901,0
697902,0
697903,0
697904,0
697905,0
697906,0
697907,0
697908,0
697909,0
697910,0
697911,0
697912,0
697913,0
697914,0
697915,0
697916,0
697917,0
697918,0
697919,0
697920,0
697921,0
697922,0
697923,0
697924,0
697925,0
697926,0
697927,0
697928,0
697929,0
697930,0
697931,0
697932,0
697933,0
697934,0
697935,0
697936,0
697937,0
697938,0
697939,0
697940,0
697941,0
697942,0
697943,0
697944,0
697945,0
697946,0
697947,0
697948,0
697949,0
697950,0
697951,0
697952,0
697953,0
697954,0
697955,0
697956,0
697957,0
697958,0
697959,0
697960,0
697961,0
697962,0
697963,0
697964,0
697965,0
697966,0
697967,0
697968,0
697969,0
697970,0
697971,0
697972,0
697973,0
697974,0
697975,0
697976,0
697977,0
697978,0
697979,0
697980,0
697981,0
697982,0
697983,0
697984,0
697985,0
697986,0
697987,0
697988,0
697989,0
697990,0
697991,0
697992,0
697993,0
697994,0
697995,0
697996,0
697997,0
697998,0
697999,0
698000,0
698001,0
698002,0
698003,0
698004,0
698005,0
698006,0
698007,0
698008,0
698009,0
698010,0
698011,0
698012,0
698013,0
698014,0
698015,0
698016,0
698017,0
698018,0
698019,0
698020,0
698021,0
698022,0
698023,0
698024,0
698025,0
698026,0
698027,0
698028,0
698029,0
698030,0
698031,0
698032,0
698033,0
698034,0
698035,0
698036,0
698037,0
698038,0
698039,0
698040,0
698041,0
698042,0
698043,0
698044,0
698045,0
698046,0
698047,0
698048,0
698049,0
698050,0
698051,0
698052,0
698053,0
698054,0
698055,0
698056,0
698057,0
698058,0
698059,0
698060,0
698061,0
698062,1
698063,0
698064,1
698065,0
698066,0
698067,0
698068,0
698069,0
698070,0
698071,0
698072,0
698073,0
698074,0
698075,0
698076,0
698077,0
698078,0
698079,0
698080,0
698081,0
698082,0
698083,0
698084,0
698085,0
698086,0
698087,0
698088,0
698089,0
698090,0
698091,0
698092,0
698093,0
698094,0
698095,0
698096,0
698097,0
698098,0
698099,18
698100,0
698101,0
698102,0
698103,0
698104,0
698105,0
698106,0
698107,0
698108,0
698109,0
698110,18
698111,16
698112,0
698113,0
698114,25
698115,0
698116,0
698117,0
698118,0
698119,0
698120,0
698121,0
698122,0
698123,0
698124,0
698125,0
698126,0
698127,0
698128,0
698129,0
698130,0
698131,0
698132,0
698133,0
698134,0
698135,0
698136,0
698137,0
698138,0
698139,0
698140,0
698141,0
698142,8
698143,0
698144,0
698145,0
698146,0
698147,0
698148,0
698149,0
698150,0
698151,0
698152,0
698153,0
698154,0
698155,0
698156,0
698157,32
698158,0
698159,34
698160,0
698161,0
698162,0
698163,0
698164,0
698165,0
698166,0
698167,0
698168,20
698169,0
698170,0
698171,0
698172,21
698173,0
698174,0
698175,0
698176,0
698177,0
698178,0
698179,0
698180,0
698181,0
698182,0
698183,0
698184,0
698185,0
698186,0
698187,0
698188,0
698189,0
698190,0
698191,19
698192,0
698193,0
698194,0
698195,23
698196,0
698197,0
698198,0
698199,0
698200,0
698201,0
698202,0
698203,0
698204,0
698205,0
698206,17
698207,0
698208,0
698209,0
698210,26
698211,0
698212,32
698213,0
698214,0
698215,0
698216,0
698217,0
698218,0
698219,0
698220,0
698221,0
698222,0
698223,0
698224,0
698225,0
698226,0
698227,26
698228,0
698229,0
698230,0
698231,0
698232,0
698233,0
698234,0
698235,0
698236,20
698237,17
698238,0
698239,24
698240,0
698241,0
698242,0
698243,0
698244,0
698245,0
698246,0
698247,0
698248,0
698249,0
698250,0
698251,20
698252,22
698253,20
698254,0
698255,0
698256,0
698257,0
698258,0
698259,0
698260,0
698261,0
698262,0
698263,0
698264,0
698265,0
698266,0
698267,0
698268,0
698269,0
698270,0
698271,0
698272,0
698273,0
698274,0
698275,0
698276,0
698277,23
698278,0
698279,0
698280,22
698281,0
698282,0
698283,0
698284,0
698285,0
698286,33
698287,0
698288,0
698289,33
698290,0
698291,0
698292,0
698293,0
698294,0
698295,0
698296,0
698297,0
698298,12
698299,0
698300,0
698301,0
698302,0
698303,0
698304,0
698305,0
698306,0
698307,0
698308,0
698309,0
698310,0
698311,0
698312,0
698313,0
698314,0
698315,0
698316,0
698317,0
698318,0
698319,0
698320,0
698321,0
698322,17
698323,0
698324,0
698325,0
698326,0
698327,0
698328,0
698329,21
698330,0
698331,0
698332,0
698333,17
698334,0
698335,18
698336,0
698337,0
698338,0
698339,0
698340,0
698341,0
698342,0
698343,17
698344,0
698345,0
698346,0
698347,0
698348,0
698349,0
698350,0
698351,0
698352,0
698353,18
698354,0
698355,0
698356,0
698357,13
698358,20
698359,0
698360,25
698361,0
698362,0
698363,0
698364,0
698365,0
698366,0
698367,0
698368,0
698369,0
698370,0
698371,0
698372,0
698373,0
698374,0
698375,0
698376,0
698377,0
698378,0
698379,0
698380,0
698381,0
698382,0
698383,0
698384,0
698385,0
698386,0
698387,0
698388,0
698389,13
698390,0
698391,23
698392,0
698393,0
698394,14
698395,0
698396,0
698397,0
698398,0
698399,18
698400,0
698401,0
698402,0
698403,0
698404,0
698405,0
698406,0
698407,0
698408,0
698409,0
698410,0
698411,0
698412,0
698413,21
698414,0
698415,0
698416,0
698417,0
698418,0
698419,0
698420,0
698421,0
698422,20
698423,0
698424,0
698425,0
698426,21
698427,0
698428,0
698429,0
698430,0
698431,17
698432,0
698433,0
698434,22
698435,0
698436,0
698437,0
698438,0
698439,0
698440,0
698441,22
698442,0
698443,0
698444,0
698445,0
698446,0
698447,22
698448,0
698449,0
698450,0
698451,26
698452,0
698453,0
698454,0
698455,0
698456,24
698457,15
698458,23
698459,0
698460,22
698461,0
698462,0
698463,0
698464,0
698465,0
698466,0
698467,13
698468,27
698469,0
698470,0
698471,0
698472,0
698473,30
698474,0
698475,0
698476,0
698477,0
698478,0
698479,0
698480,0
698481,0
698482,0
698483,0
698484,0
698485,0
698486,0
698487,0
698488,0
698489,0
698490,0
698491,0
698492,0
698493,0
698494,0
698495,0
698496,0
698497,0
698498,0
698499,0
698500,0
698501,0
698502,0
698503,0
698504,0
698505,0
698506,0
698507,12
698508,0
698509,0
698510,0
698511,0
698512,0
698513,0
698514,0
698515,0
698516,0
698517,0
698518,0
698519,19
698520,0
698521,0
698522,0
698523,0
698524,0
698525,0
698526,0
698527,0
698528,0
698529,0
698530,0
698531,0
698532,0
698533,12
698534,16
698535,0
698536,0
698537,23
698538,0
698539,23
698540,0
698541,0
698542,18
698543,15
698544,0
698545,0
698546,15
698547,0
698548,0
698549,0
698550,0
698551,17
698552,0
698553,22
698554,0
698555,25
698556,32
698557,0
698558,0
698559,18
698560,24
698561,0
698562,0
698563,0
698564,0
698565,0
698566,35
698567,0
698568,0
698569,22
698570,0
698571,23
698572,0
698573,0
698574,22
698575,0
698576,0
698577,0
698578,0
698579,22
698580,0
698581,26
698582,0
698583,0
698584,0
698585,16
698586,0
698587,19
698588,25
698589,0
698590,0
698591,0
698592,0
698593,0
698594,0
698595,0
698596,17
698597,0
698598,0
698599,0
698600,0
698601,0
698602,0
698603,0
698604,0
698605,0
698606,19
698607,28
698608,0
698609,0
698610,29
698611,0
698612,0
698613,0
698614,0
698615,0
698616,17
698617,0
698618,0
698619,0
698620,0
698621,0
698622,0
698623,0
698624,0
698625,0
698626,0
698627,0
698628,22
698629,0
698630,19
698631,0
698632,28
698633,0
698634,0
698635,0
698636,0
698637,0
698638,0
698639,0
698640,0
698641,0
698642,0
698643,0
698644,0
698645,0
698646,0
698647,23
698648,0
698649,0
698650,0
698651,0
698652,16
698653,0
698654,0
698655,0
698656,0
698657,0
698658,0
698659,18
698660,0
698661,29
698662,0
698663,0
698664,0
698665,0
698666,0
698667,0
698668,24
698669,0
698670,0
698671,0
698672,0
698673,0
698674,0
698675,0
698676,0
698677,0
698678,0
698679,0
698680,0
698681,0
698682,0
698683,0
698684,0
698685,0
698686,15
698687,0
698688,0
698689,0
698690,0
698691,0
698692,0
698693,0
698694,0
698695,0
698696,0
698697,0
698698,0
698699,0
698700,0
698701,12
698702,0
698703,0
698704,0
698705,0
698706,23
698707,13
698708,0
698709,0
698710,0
698711,0
698712,22
698713,8
698714,0
698715,0
698716,14
698717,0
698718,0
698719,0
698720,20
698721,17
698722,0
698723,0
698724,0
698725,0
698726,0
698727,0
698728,0
698729,0
698730,30
698731,0
698732,0
698733,0
698734,0
698735,0
698736,0
698737,0
698738,18
698739,0
698740,0
698741,20
698742,0
698743,0
698744,0
698745,14
698746,0
698747,0
698748,0
698749,0
698750,0
698751,0
698752,0
698753,0
698754,0
698755,0
698756,0
698757,0
698758,26
698759,0
698760,0
698761,0
698762,0
698763,23
698764,0
698765,0
698766,0
698767,0
698768,0
698769,0
698770,0
698771,0
698772,0
698773,28
698774,0
698775,0
698776,0
698777,0
698778,0
698779,15
698780,0
698781,14
698782,0
698783,0
698784,0
698785,0
698786,0
698787,0
698788,0
698789,0
698790,0
698791,0
698792,0
698793,0
698794,0
698795,0
698796,0
698797,0
698798,0
698799,26
698800,0
698801,0
698802,18
698803,0
698804,0
698805,0
698806,0
698807,15
698808,0
698809,0
698810,0
698811,0
698812,0
698813,0
698814,0
698815,0
698816,16
698817,0
698818,0
698819,0
698820,0
698821,0
698822,0
698823,0
698824,20
698825,0
698826,0
698827,0
698828,0
698829,0
698830,0
698831,0
698832,0
698833,0
698834,0
698835,0
698836,21
698837,0
698838,0
698839,0
698840,0
698841,0
698842,16
698843,0
698844,0
698845,0
698846,0
698847,0
698848,0
698849,0
698850,0
698851,25
698852,0
698853,0
698854,0
698855,0
698856,0
698857,0
698858,0
698859,0
698860,0
698861,0
698862,0
698863,0
698864,0
698865,0
698866,0
698867,0
698868,0
698869,0
698870,0
698871,0
698872,0
698873,0
698874,0
698875,0
698876,0
698877,0
698878,0
698879,0
698880,0
698881,0
698882,0
698883,0
698884,0
698885,18
698886,0
698887,0
698888,0
698889,0
698890,0
698891,0
698892,0
698893,0
698894,47
698895,0
698896,0
698897,0
698898,0
698899,0
698900,26
698901,0
698902,0
698903,0
698904,0
698905,28
698906,0
698907,0
698908,0
698909,0
698910,0
698911,0
698912,0
698913,0
698914,0
698915,0
698916,20
698917,0
698918,0
698919,0
698920,0
698921,0
698922,0
698923,0
698924,0
698925,0
698926,0
698927,0
698928,0
698929,0
698930,0
698931,0
698932,34
698933,0
698934,0
698935,26
698936,0
698937,0
698938,0
698939,0
698940,0
698941,0
698942,0
698943,0
698944,0
698945,0
698946,0
698947,0
698948,0
698949,0
698950,0
698951,0
698952,29
698953,0
698954,0
698955,0
698956,0
698957,0
698958,15
698959,0
698960,0
698961,0
698962,0
698963,0
698964,25
698965,0
698966,0
698967,0
698968,0
698969,31
698970,0
698971,30
698972,0
698973,0
698974,0
698975,0
698976,0
698977,0
698978,0
698979,0
698980,0
698981,0
698982,0
698983,0
698984,0
698985,0
698986,0
698987,0
698988,18
698989,0
698990,0
698991,0
698992,0
698993,0
698994,26
698995,0
698996,0
698997,0
698998,0
698999,0
699000,0
699001,0
699002,0
699003,22
699004,0
699005,0
699006,0
699007,13
699008,0
699009,0
699010,0
699011,0
699012,0
699013,32
699014,0
699015,0
699016,0
699017,0
699018,0
699019,0
699020,25
699021,0
699022,0
699023,0
699024,0
699025,0
699026,38
699027,0
699028,40
699029,0
699030,0
699031,0
699032,0
699033,0
699034,0
699035,0
699036,0
699037,0
699038,0
699039,0
699040,0
699041,0
699042,0
699043,18
699044,31
699045,0
699046,27
699047,0
699048,0
699049,0
699050,0
699051,0
699052,0
699053,0
699054,0
699055,0
699056,0
699057,0
699058,0
699059,0
699060,0
699061,0
699062,0
699063,0
699064,0
699065,27
699066,0
699067,0
699068,0
699069,56
699070,0
699071,22
699072,0
699073,0
699074,0
699075,0
699076,0
699077,0
699078,0
699079,0
699080,32
699081,0
699082,28
699083,0
699084,0
699085,0
699086,0
699087,0
699088,0
699089,0
699090,0
699091,0
699092,0
699093,0
699094,0
699095,0
699096,0
699097,0
699098,43
699099,0
699100,0
699101,0
699102,32
699103,0
699104,0
699105,0
699106,0
699107,0
699108,26
699109,0
699110,0
699111,0
699112,0
699113,0
699114,0
699115,0
699116,0
699117,0
699118,0
699119,0
699120,35
699121,0
699122,0
699123,0
699124,0
699125,0
699126,0
699127,0
699128,33
699129,0
699130,0
699131,0
699132,0
699133,0
699134,0
699135,0
699136,0
699137,0
699138,0
699139,0
699140,0
699141,0
699142,0
699143,0
699144,0
699145,0
699146,0
699147,0
699148,0
699149,0
699150,0
699151,0
699152,26
699153,0
699154,0
699155,0
699156,42
699157,0
699158,0
699159,0
699160,0
699161,0
699162,0
699163,0
699164,0
699165,0
699166,0
699167,0
699168,0
699169,0
699170,0
699171,0
699172,0
699173,0
699174,32
699175,0
699176,0
699177,0
699178,0
699179,22
699180,41
699181,0
699182,0
699183,0
699184,0
699185,0
699186,27
699187,0
699188,0
699189,0
699190,0
699191,0
699192,0
699193,0
699194,0
699195,0
699196,0
699197,0
699198,0
699199,0
699200,0
699201,0
699202,0
699203,0
699204,0
699205,0
699206,0
699207,0
699208,0
699209,0
699210,47
699211,0
699212,0
699213,0
699214,0
699215,0
699216,0
699217,0
699218,0
699219,0
699220,0
699221,0
699222,0
699223,37
699224,33
699225,0
699226,0
699227,0
699228,0
699229,0
699230,0
699231,0
699232,0
699233,0
699234,0
699235,0
699236,0
699237,36
699238,0
699239,0
699240,0
699241,0
699242,0
699243,0
699244,30
699245,0
699246,0
699247,0
699248,0
699249,0
699250,0
699251,30
699252,0
699253,0
699254,0
699255,0
699256,0
699257,0
699258,34
699259,0
699260,0
699261,0
699262,0
699263,0
699264,0
699265,0
699266,0
699267,0
699268,0
699269,0
699270,0
699271,0
699272,0
699273,0
699274,0
699275,31
699276,0
699277,41
699278,0
699279,0
699280,0
699281,0
699282,50
699283,0
699284,0
699285,37
699286,0
699287,31
699288,0
699289,0
699290,0
699291,0
699292,0
699293,0
699294,0
699295,29
699296,0
699297,29
699298,0
699299,0
699300,0
699301,28
699302,0
699303,0
699304,0
699305,0
699306,0
699307,0
699308,0
699309,0
699310,0
699311,0
699312,0
699313,0
699314,0
699315,0
699316,0
699317,0
699318,0
699319,0
699320,0
699321,0
699322,0
699323,0
699324,30
699325,0
699326,0
699327,0
699328,0
699329,0
699330,0
699331,0
699332,0
699333,0
699334,0
699335,0
699336,0
699337,0
699338,0
699339,0
699340,0
699341,0
699342,0
699343,0
699344,0
699345,0
699346,0
699347,0
699348,0
699349,0
699350,38
699351,0
699352,0
699353,31
699354,0
699355,0
699356,0
699357,0
699358,0
699359,0
699360,0
699361,0
699362,0
699363,0
699364,0
699365,0
699366,0
699367,29
699368,0
699369,0
699370,37
699371,0
699372,25
699373,0
699374,0
699375,0
699376,0
699377,0
699378,0
699379,0
699380,0
699381,0
699382,0
699383,0
699384,0
699385,0
699386,22
699387,0
699388,30
699389,0
699390,0
699391,0
699392,0
699393,0
699394,0
699395,0
699396,0
699397,0
699398,0
699399,0
699400,16
699401,34
699402,0
699403,0
699404,0
699405,0
699406,32
699407,0
699408,0
699409,0
699410,0
699411,0
699412,0
699413,0
699414,0
699415,26
699416,0
699417,0
699418,0
699419,0
699420,0
699421,0
699422,0
699423,31
699424,0
699425,0
699426,0
699427,0
699428,0
699429,0
699430,0
699431,26
699432,0
699433,0
699434,0
699435,0
699436,0
699437,0
699438,0
699439,0
699440,0
699441,0
699442,0
699443,0
699444,0
699445,0
699446,0
699447,0
699448,0
699449,37
699450,21
699451,0
699452,0
699453,0
699454,0
699455,0
699456,0
699457,0
699458,0
699459,0
699460,0
699461,0
699462,0
699463,0
699464,0
699465,0
699466,0
699467,0
699468,4
699469,0
699470,0
699471,0
699472,0
699473,0
699474,0
699475,0
699476,0
699477,0
699478,2
699479,0
699480,0
699481,0
699482,0
699483,0
699484,0
699485,0
699486,0
699487,0
699488,0
699489,0
699490,0
699491,0
699492,0
699493,0
699494,0
699495,0
699496,0
699497,0
699498,0
699499,0
699500,2
699501,0
699502,0
699503,0
699504,0
699505,0
699506,0
699507,0
699508,0
699509,0
699510,0
699511,0
699512,0
699513,0
699514,1
699515,0
699516,0
699517,0
699518,0
699519,0
699520,0
699521,0
699522,0
699523,4
699524,0
699525,0
699526,0
699527,0
699528,0
699529,0
699530,0
699531,0
699532,0
699533,0
699534,0
699535,0
699536,0
699537,0
699538,0
699539,0
699540,0
699541,0
699542,0
699543,0
699544,0
699545,0
699546,0
699547,0
699548,0
699549,0
699550,0
699551,0
699552,0
699553,0
699554,0
699555,0
699556,0
699557,0
699558,0
699559,0
699560,0
699561,0
699562,0
699563,0
699564,0
699565,0
699566,0
699567,0
699568,0
699569,0
699570,0
699571,0
699572,0
699573,0
699574,0
699575,0
699576,0
699577,0
699578,0
699579,0
699580,0
699581,0
699582,0
699583,0
699584,0
699585,0
699586,0
699587,0
699588,0
699589,0
699590,0
699591,0
699592,0
699593,0
699594,0
699595,0
699596,0
699597,0
699598,0
699599,0
699600,0
699601,0
699602,0
699603,0
699604,0
699605,0
699606,0
699607,0
699608,0
699609,0
699610,0
699611,0
699612,0
699613,0
699614,0
699615,0
699616,0
699617,0
699618,0
699619,0
699620,0
699621,0
699622,0
699623,0
699624,0
699625,0
699626,0
699627,0
699628,0
699629,0
699630,0
699631,0
699632,0
699633,0
699634,0
699635,0
699636,0
699637,0
699638,0
699639,0
699640,2
699641,0
699642,0
699643,0
699644,0
699645,4
699646,0
699647,0
699648,0
699649,0
699650,0
699651,0
699652,0
699653,0
699654,0
699655,0
699656,0
699657,0
699658,0
699659,0
699660,0
699661,0
699662,0
699663,0
699664,0
699665,0
699666,0
699667,0
699668,0
699669,0
699670,1
699671,0
699672,0
699673,0
699674,0
699675,0
699676,2
699677,0
699678,0
699679,0
699680,0
699681,0
699682,0
699683,0
699684,0
699685,0
699686,0
699687,0
699688,0
699689,0
699690,0
699691,0
699692,0
699693,0
699694,39
699695,0
699696,0
699697,0
699698,0
699699,0
699700,0
699701,0
699702,0
699703,26
699704,0
699705,0
699706,0
699707,30
699708,0
699709,0
699710,0
699711,0
699712,0
699713,0
699714,0
699715,0
699716,0
699717,0
699718,0
699719,0
699720,0
699721,0
699722,0
699723,0
699724,0
699725,0
699726,0
699727,33
699728,62
699729,0
699730,0
699731,0
699732,0
699733,0
699734,0
699735,0
699736,0
699737,0
699738,0
699739,0
699740,0
699741,0
699742,0
699743,27
699744,34
699745,0
699746,0
699747,0
699748,0
699749,0
699750,0
699751,0
699752,20
699753,0
699754,0
699755,0
699756,0
699757,0
699758,0
699759,0
699760,0
699761,0
699762,0
699763,0
699764,0
699765,0
699766,0
699767,0
699768,0
699769,0
699770,0
699771,0
699772,0
699773,0
699774,0
699775,0
699776,0
699777,0
699778,0
699779,0
699780,0
699781,0
699782,0
699783,0
699784,0
699785,0
699786,0
699787,0
699788,0
699789,0
699790,0
699791,19
699792,0
699793,0
699794,0
699795,0
699796,0
699797,31
699798,0
699799,0
699800,0
699801,0
699802,0
699803,0
699804,0
699805,0
699806,0
699807,0
699808,0
699809,0
699810,0
699811,0
699812,0
699813,0
699814,0
699815,0
699816,0
699817,0
699818,0
699819,0
699820,0
699821,0
699822,0
699823,0
699824,0
699825,0
699826,0
699827,0
699828,0
699829,0
699830,0
699831,0
699832,0
699833,0
699834,0
699835,0
699836,0
699837,0
699838,0
699839,0
699840,0
699841,0
699842,0
699843,0
699844,0
699845,0
699846,0
699847,0
699848,0
699849,0
699850,0
699851,0
699852,0
699853,0
699854,0
699855,0
699856,0
699857,0
699858,29
699859,0
699860,0
699861,0
699862,28
699863,0
699864,0
699865,0
699866,0
699867,0
699868,26
699869,0
699870,0
699871,0
699872,33
699873,0
699874,0
699875,0
699876,0
699877,0
699878,0
699879,0
699880,40
699881,23
699882,0
699883,0
699884,0
699885,0
699886,26
699887,0
699888,0
699889,0
699890,0
699891,0
699892,0
699893,0
699894,0
699895,0
699896,29
699897,0
699898,0
699899,0
699900,0
699901,0
699902,0
699903,0
699904,0
699905,0
699906,0
699907,0
699908,0
699909,0
699910,0
699911,0
699912,0
699913,0
699914,0
699915,0
699916,0
699917,0
699918,0
699919,0
699920,0
699921,0
699922,0
699923,0
699924,0
699925,0
699926,0
699927,31
699928,0
699929,0
699930,34
699931,29
699932,0
699933,0
699934,0
699935,0
699936,0
699937,42
699938,0
699939,0
699940,0
699941,0
699942,0
699943,0
699944,0
699945,0
699946,0
699947,0
699948,26
699949,25
699950,0
699951,0
699952,0
699953,0
699954,0
699955,0
699956,0
699957,0
699958,42
699959,0
699960,0
699961,0
699962,0
699963,0
699964,0
699965,0
699966,0
699967,0
699968,0
699969,0
699970,0
699971,0
699972,0
699973,0
699974,0
699975,0
699976,0
699977,0
699978,0
699979,0
699980,49
699981,0
699982,0
699983,0
699984,0
699985,0
699986,0
699987,0
699988,27
699989,0
699990,0
699991,0
699992,0
699993,0
699994,0
699995,0
699996,0
699997,0
699998,0
699999,0
700000,0
700001,0
700002,0
700003,0
700004,0
700005,0
700006,0
700007,0
700008,0
700009,0
700010,0
700011,0
700012,0
700013,38
700014,0
700015,0
700016,0
700017,0
700018,0
700019,0
700020,0
700021,0
700022,0
700023,0
700024,0
700025,0
700026,0
700027,0
700028,0
700029,0
700030,0
700031,0
700032,0
700033,0
700034,21
700035,0
700036,0
700037,0
700038,0
700039,0
700040,0
700041,46
700042,0
700043,0
700044,18
700045,0
700046,0
700047,23
700048,0
700049,0
700050,19
700051,0
700052,0
700053,0
700054,0
700055,0
700056,0
700057,0
700058,0
700059,0
700060,0
700061,0
700062,0
700063,0
700064,0
700065,0
700066,0
700067,0
700068,0
700069,22
700070,0
700071,0
700072,0
700073,0
700074,0
700075,0
700076,0
700077,0
700078,0
700079,46
700080,0
700081,0
700082,44
700083,0
700084,0
700085,0
700086,0
700087,0
700088,0
700089,10
700090,0
700091,0
700092,0
700093,0
700094,0
700095,0
700096,20
700097,0
700098,0
700099,0
700100,0
700101,33
700102,0
700103,0
700104,0
700105,38
700106,0
700107,0
700108,0
700109,0
700110,0
700111,0
700112,31
700113,0
700114,0
700115,36
700116,0
700117,0
700118,0
700119,0
700120,0
700121,0
700122,0
700123,0
700124,0
700125,0
700126,47
700127,43
700128,0
700129,41
700130,0
700131,0
700132,0
700133,0
700134,0
700135,0
700136,27
700137,33
700138,0
700139,26
700140,0
700141,0
700142,0
700143,53
700144,0
700145,0
700146,43
700147,0
700148,0
700149,0
700150,0
700151,0
700152,0
700153,0
700154,46
700155,0
700156,0
700157,34
700158,0
700159,0
700160,41
700161,0
700162,0
700163,0
700164,0
700165,36
700166,0
700167,0
700168,0
700169,0
700170,0
700171,0
700172,0
700173,20
700174,0
700175,0
700176,0
700177,0
700178,0
700179,41
700180,38
700181,0
700182,0
700183,0
700184,37
700185,28
700186,0
700187,0
700188,0
700189,30
700190,46
700191,0
700192,45
700193,0
700194,41
700195,0
700196,0
700197,0
700198,0
700199,0
700200,38
700201,41
700202,38
700203,0
700204,0
700205,0
700206,0
700207,0
700208,0
700209,0
700210,0
700211,37
700212,0
700213,0
700214,0
700215,0
700216,0
700217,0
700218,0
700219,0
700220,0
700221,0
700222,0
700223,33
700224,0
700225,0
700226,36
700227,0
700228,0
700229,32
700230,0
700231,0
700232,0
700233,0
700234,0
700235,0
700236,0
700237,39
700238,0
700239,0
700240,0
700241,46
700242,0
700243,0
700244,0
700245,0
700246,42
700247,0
700248,0
700249,41
700250,0
700251,0
700252,0
700253,0
700254,0
700255,0
700256,0
700257,47
700258,0
700259,0
700260,0
700261,0
700262,0
700263,0
700264,37
700265,0
700266,0
700267,0
700268,47
700269,0
700270,0
700271,0
700272,0
700273,0
700274,0
700275,49
700276,28
700277,0
700278,45
700279,0
700280,0
700281,35
700282,0
700283,31
700284,0
700285,0
700286,0
700287,0
700288,0
700289,0
700290,0
700291,0
700292,0
700293,0
700294,0
700295,0
700296,35
700297,0
700298,0
700299,35
700300,59
700301,32
700302,0
700303,0
700304,38
700305,39
700306,0
700307,0
700308,0
700309,0
700310,0
700311,0
700312,36
700313,0
700314,44
700315,0
700316,0
700317,0
700318,34
700319,0
700320,0
700321,0
700322,0
700323,0
700324,0
700325,0
700326,0
700327,0
700328,0
700329,0
700330,0
700331,0
700332,0
700333,0
700334,0
700335,0
700336,38
700337,0
700338,0
700339,43
700340,23
700341,0
700342,37
700343,0
700344,0
700345,30
700346,0
700347,0
700348,0
700349,0
700350,0
700351,33
700352,0
700353,0
700354,0
700355,0
700356,0
700357,0
700358,0
700359,0
700360,0
700361,0
700362,0
700363,0
700364,35
700365,22
700366,0
700367,0
700368,0
700369,45
700370,45
700371,0
700372,37
700373,0
700374,0
700375,0
700376,0
700377,0
700378,0
700379,0
700380,34
700381,34
700382,0
700383,0
700384,0
700385,0
700386,0
700387,0
700388,0
700389,0
700390,33
700391,33
700392,0
700393,0
700394,0
700395,0
700396,39
700397,0
700398,0
700399,0
700400,0
700401,0
700402,0
700403,39
700404,0
700405,0
700406,0
700407,0
700408,0
700409,0
700410,0
700411,0
700412,0
700413,0
700414,0
700415,0
700416,44
700417,0
700418,0
700419,0
700420,0
700421,0
700422,0
700423,0
700424,0
700425,0
700426,0
700427,31
700428,40
700429,0
700430,39
700431,0
700432,39
700433,0
700434,0
700435,0
700436,0
700437,0
700438,0
700439,39
700440,0
700441,32
700442,0
700443,0
700444,31
700445,0
700446,23
700447,0
700448,0
700449,0
700450,0
700451,36
700452,0
700453,0
700454,0
700455,32
700456,0
700457,0
700458,0
700459,0
700460,0
700461,0
700462,0
700463,0
700464,0
700465,0
700466,45
700467,0
700468,0
700469,0
700470,34
700471,0
700472,45
700473,0
700474,0
700475,0
700476,0
700477,35
700478,31
700479,0
700480,0
700481,35
700482,0
700483,0
700484,28
700485,0
700486,0
700487,0
700488,0
700489,21
700490,0
700491,0
700492,39
700493,39
700494,0
700495,39
700496,0
700497,0
700498,0
700499,0
700500,40
700501,0
700502,30
700503,0
700504,0
700505,0
700506,0
700507,0
700508,0
700509,0
700510,47
700511,0
700512,0
700513,40
700514,0
700515,51
700516,0
700517,0
700518,0
700519,31
700520,0
700521,0
700522,0
700523,38
700524,0
700525,0
700526,0
700527,0
700528,0
700529,35
700530,0
700531,0
700532,0
700533,0
700534,0
700535,0
700536,0
700537,0
700538,0
700539,0
700540,0
700541,0
700542,0
700543,0
700544,25
700545,0
700546,23
700547,0
700548,0
700549,0
700550,0
700551,35
700552,0
700553,0
700554,37
700555,0
700556,0
700557,0
700558,0
700559,0
700560,26
700561,0
700562,0
700563,0
700564,48
700565,0
700566,0
700567,0
700568,38
700569,0
700570,0
700571,40
700572,35
700573,0
700574,0
700575,39
700576,0
700577,55
700578,0
700579,0
700580,0
700581,45
700582,0
700583,0
700584,0
700585,0
700586,0
700587,35
700588,34
700589,32
700590,0
700591,46
700592,0
700593,41
700594,0
700595,0
700596,0
700597,0
700598,28
700599,0
700600,0
700601,0
700602,0
700603,0
700604,0
700605,0
700606,0
700607,0
700608,0
700609,0
700610,0
700611,0
700612,0
700613,0
700614,0
700615,19
700616,0
700617,0
700618,0
700619,0
700620,0
700621,0
700622,0
700623,37
700624,0
700625,0
700626,0
700627,37
700628,27
700629,0
700630,0
700631,38
700632,0
700633,0
700634,34
700635,43
700636,31
700637,56
700638,0
700639,38
700640,0
700641,0
700642,0
700643,0
700644,42
700645,45
700646,0
700647,0
700648,0
700649,0
700650,0
700651,62
700652,0
700653,0
700654,0
700655,0
700656,0
700657,0
700658,0
700659,25
700660,0
700661,0
700662,0
700663,0
700664,0
700665,0
700666,39
700667,0
700668,32
700669,0
700670,0
700671,50
700672,0
700673,27
700674,0
700675,0
700676,0
700677,0
700678,33
700679,31
700680,0
700681,0
700682,0
700683,0
700684,0
700685,34
700686,0
700687,26
700688,0
700689,0
700690,28
700691,0
700692,0
700693,0
700694,26
700695,0
700696,0
700697,0
700698,0
700699,0
700700,0
700701,0
700702,32
700703,30
700704,0
700705,0
700706,0
700707,40
700708,42
700709,44
700710,0
700711,0
700712,0
700713,0
700714,0
700715,0
700716,0
700717,0
700718,0
700719,48
700720,40
700721,0
700722,0
700723,0
700724,0
700725,0
700726,0
700727,0
700728,0
700729,0
700730,0
700731,0
700732,0
700733,0
700734,0
700735,0
700736,0
700737,50
700738,0
700739,0
700740,0
700741,0
700742,0
700743,0
700744,39
700745,0
700746,0
700747,0
700748,30
700749,0
700750,0
700751,0
700752,32
700753,0
700754,0
700755,0
700756,0
700757,0
700758,25
700759,0
700760,27
700761,0
700762,0
700763,0
700764,0
700765,0
700766,0
700767,0
700768,35
700769,0
700770,0
700771,0
700772,0
700773,0
700774,39
700775,34
700776,36
700777,0
700778,0
700779,0
700780,38
700781,0
700782,0
700783,0
700784,0
700785,37
700786,0
700787,0
700788,0
700789,48
700790,0
700791,0
700792,0
700793,0
700794,0
700795,39
700796,29
700797,0
700798,0
700799,28
700800,0
700801,34
700802,0
700803,0
700804,0
700805,0
700806,25
700807,56
700808,0
700809,0
700810,0
700811,29
700812,0
700813,40
700814,0
700815,0
700816,0
700817,0
700818,0
700819,33
700820,0
700821,0
700822,0
700823,38
700824,52
700825,0
700826,30
700827,0
700828,0
700829,0
700830,0
700831,0
700832,0
700833,0
700834,0
700835,0
700836,0
700837,0
700838,43
700839,0
700840,0
700841,0
700842,48
700843,27
700844,0
700845,0
700846,0
700847,0
700848,0
700849,0
700850,0
700851,0
700852,0
700853,34
700854,36
700855,33
700856,0
700857,43
700858,0
700859,0
700860,0
700861,0
700862,44
700863,0
700864,0
700865,0
700866,0
700867,0
700868,0
700869,0
700870,33
700871,0
700872,0
700873,52
700874,43
700875,0
700876,0
700877,0
700878,0
700879,0
700880,64
700881,0
700882,0
700883,0
700884,45
700885,0
700886,51
700887,0
700888,0
700889,0
700890,0
700891,0
700892,0
700893,34
700894,46
700895,25
700896,0
700897,0
700898,0
700899,0
700900,0
700901,42
700902,0
700903,0
700904,0
700905,0
700906,45
700907,0
700908,0
700909,0
700910,0
700911,0
700912,0
700913,36
700914,0
700915,0
700916,0
700917,0
700918,35
700919,0
700920,43
700921,0
700922,36
700923,0
700924,34
700925,0
700926,0
700927,33
700928,21
700929,0
700930,40
700931,0
700932,0
700933,0
700934,0
700935,0
700936,0
700937,0
700938,0
700939,0
700940,0
700941,0
700942,46
700943,0
700944,36
700945,0
700946,0
700947,31
700948,0
700949,0
700950,0
700951,0
700952,0
700953,0
700954,0
700955,0
700956,43
700957,0
700958,26
700959,0
700960,0
700961,23
700962,0
700963,0
700964,38
700965,0
700966,24
700967,38
700968,0
700969,37
700970,0
700971,0
700972,0
700973,34
700974,0
700975,0
700976,0
700977,0
700978,0
700979,47
700980,0
700981,40
700982,28
700983,0
700984,0
700985,0
700986,0
700987,0
700988,0
700989,0
700990,0
700991,0
700992,0
700993,0
700994,0
700995,45
700996,0
700997,0
700998,0
700999,0
701000,30
701001,0
701002,0
701003,0
701004,0
701005,0
701006,53
701007,0
701008,0
701009,0
701010,0
701011,0
701012,0
701013,0
701014,30
701015,0
701016,0
701017,43
701018,0
701019,0
701020,0
701021,32
701022,0
701023,0
701024,28
701025,0
701026,0
701027,34
701028,0
701029,0
701030,0
701031,0
701032,0
701033,26
701034,30
701035,33
701036,21
701037,0
701038,0
701039,47
701040,44
701041,0
701042,20
701043,0
701044,0
701045,0
701046,0
701047,43
701048,0
701049,0
701050,0
701051,38
701052,0
701053,0
701054,43
701055,0
701056,0
701057,31
701058,0
701059,43
701060,39
701061,38
701062,0
701063,0
701064,0
701065,0
701066,35
701067,0
701068,0
701069,0
701070,0
701071,0
701072,0
701073,0
701074,0
701075,0
701076,0
701077,0
701078,0
701079,0
701080,0
701081,0
701082,0
701083,0
701084,0
701085,0
701086,57
701087,0
701088,59
701089,0
701090,0
701091,2
701092,10
701093,0
701094,0
701095,0
701096,0
701097,0
701098,0
701099,0
701100,0
701101,0
701102,0
701103,0
701104,0
701105,0
701106,0
701107,0
701108,0
701109,0
701110,0
701111,0
701112,0
701113,2
701114,0
701115,0
701116,0
701117,0
701118,0
701119,0
701120,0
701121,0
701122,0
701123,0
701124,0
701125,10
701126,5
701127,0
701128,7
701129,0
701130,0
701131,0
701132,0
701133,0
701134,0
701135,0
701136,3
701137,1
701138,0
701139,6
701140,8
701141,0
701142,0
701143,0
701144,0
701145,0
701146,0
701147,0
701148,0
701149,11
701150,0
701151,0
701152,2
701153,0
701154,0
701155,0
701156,4
701157,0
701158,0
701159,10
701160,0
701161,0
701162,3
701163,0
701164,4
701165,0
701166,0
701167,0
701168,0
701169,9
701170,0
701171,0
701172,2
701173,0
701174,0
701175,0
701176,0
701177,0
701178,8
701179,0
701180,0
701181,4
701182,0
701183,0
701184,0
701185,0
701186,0
701187,0
701188,8
701189,0
701190,6
701191,0
701192,0
701193,0
701194,1
701195,0
701196,0
701197,0
701198,0
701199,0
701200,11
701201,0
701202,3
701203,0
701204,5
701205,0
701206,0
701207,0
701208,0
701209,0
701210,0
701211,0
701212,0
701213,0
701214,13
701215,8
701216,0
701217,4
701218,6
701219,0
701220,0
701221,0
701222,0
701223,0
701224,0
701225,0
701226,13
701227,0
701228,19
701229,0
701230,0
701231,26
701232,0
701233,0
701234,0
701235,11
701236,0
701237,0
701238,0
701239,0
701240,0
701241,0
701242,8
701243,0
701244,0
701245,0
701246,0
701247,18
701248,0
701249,14
701250,0
701251,0
701252,0
701253,0
701254,0
701255,0
701256,13
701257,0
701258,0
701259,17
701260,0
701261,0
701262,0
701263,15
701264,0
701265,0
701266,0
701267,12
701268,0
701269,0
701270,0
701271,0
701272,0
701273,14
701274,0
701275,9
701276,0
701277,0
701278,0
701279,0
701280,14
701281,0
701282,0
701283,0
701284,0
701285,0
701286,0
701287,13
701288,0
701289,0
701290,0
701291,0
701292,0
701293,15
701294,0
701295,0
701296,0
701297,0
701298,0
701299,0
701300,0
701301,0
701302,0
701303,0
701304,0
701305,0
701306,27
701307,0
701308,0
701309,0
701310,0
701311,0
701312,0
701313,15
701314,13
701315,6
701316,0
701317,12
701318,0
701319,0
701320,0
701321,0
701322,16
701323,0
701324,0
701325,0
701326,12
701327,0
701328,11
701329,0
701330,0
701331,0
701332,0
701333,0
701334,0
701335,0
701336,0
701337,10
701338,0
701339,0
701340,0
701341,17
701342,0
701343,0
701344,0
701345,0
701346,0
701347,8
701348,0
701349,0
701350,0
701351,0
701352,0
701353,0
701354,0
701355,0
701356,0
701357,0
701358,0
701359,0
701360,26
701361,11
701362,0
701363,0
701364,0
701365,0
701366,0
701367,8
701368,0
701369,0
701370,0
701371,0
701372,0
701373,0
701374,0
701375,0
701376,18
701377,0
701378,0
701379,15
701380,25
701381,19
701382,13
701383,0
701384,0
701385,0
701386,0
701387,0
701388,0
701389,0
701390,0
701391,0
701392,11
701393,0
701394,0
701395,0
701396,0
701397,0
701398,0
701399,0
701400,0
701401,0
701402,0
701403,0
701404,0
701405,0
701406,0
701407,10
701408,0
701409,0
701410,0
701411,11
701412,0
701413,0
701414,0
701415,0
701416,0
701417,18
701418,0
701419,14
701420,0
701421,0
701422,0
701423,0
701424,0
701425,0
701426,0
701427,22
701428,0
701429,15
701430,0
701431,0
701432,11
701433,0
701434,7
701435,0
701436,12
701437,0
701438,0
701439,0
701440,0
701441,0
701442,0
701443,0
701444,0
701445,10
701446,0
701447,0
701448,0
701449,0
701450,0
701451,16
701452,0
701453,17
701454,0
701455,0
701456,0
701457,25
701458,0
701459,0
701460,0
701461,0
701462,0
701463,17
701464,0
701465,0
701466,0
701467,0
701468,0
701469,0
701470,0
701471,0
701472,25
701473,12
701474,0
701475,0
701476,6
701477,11
701478,0
701479,0
701480,10
701481,0
701482,9
701483,9
701484,0
701485,0
701486,0
701487,8
701488,0
701489,0
701490,16
701491,5
701492,0
701493,9
701494,0
701495,11
701496,0
701497,0
701498,0
701499,0
701500,22
701501,0
701502,14
701503,15
701504,0
701505,0
701506,0
701507,0
701508,0
701509,0
701510,14
701511,0
701512,14
701513,0
701514,19
701515,0
701516,0
701517,0
701518,0
701519,0
701520,0
701521,0
701522,12
701523,0
701524,9
701525,0
701526,0
701527,0
701528,0
701529,18
701530,0
701531,19
701532,0
701533,0
701534,0
701535,0
701536,0
701537,0
701538,0
701539,0
701540,0
701541,0
701542,0
701543,16
701544,18
701545,17
701546,0
701547,0
701548,14
701549,0
701550,0
701551,0
701552,0
701553,0
701554,0
701555,0
701556,18
701557,0
701558,0
701559,0
701560,0
701561,0
701562,15
701563,0
701564,17
701565,0
701566,0
701567,16
701568,14
701569,0
701570,11
701571,0
701572,11
701573,13
701574,0
701575,0
701576,7
701577,0
701578,0
701579,0
701580,0
701581,0
701582,13
701583,0
701584,0
701585,0
701586,0
701587,0
701588,11
701589,10
701590,0
701591,17
701592,5
701593,0
701594,7
701595,0
701596,0
701597,0
701598,0
701599,0
701600,0
701601,0
701602,0
701603,0
701604,0
701605,0
701606,16
701607,0
701608,0
701609,6
701610,0
701611,15
701612,14
701613,0
701614,0
701615,0
701616,0
701617,19
701618,9
701619,0
701620,0
701621,0
701622,0
701623,11
701624,10
701625,7
701626,0
701627,0
701628,0
701629,0
701630,0
701631,0
701632,0
701633,0
701634,0
701635,0
701636,0
701637,0
701638,0
701639,0
701640,10
701641,0
701642,0
701643,0
701644,6
701645,14
701646,16
701647,10
701648,0
701649,0
701650,0
701651,0
701652,0
701653,0
701654,0
701655,0
701656,0
701657,0
701658,14
701659,0
701660,9
701661,0
701662,0
701663,0
701664,9
701665,0
701666,8
701667,11
701668,0
701669,0
701670,0
701671,0
701672,14
701673,0
701674,0
701675,0
701676,12
701677,11
701678,14
701679,0
701680,0
701681,0
701682,10
701683,0
701684,0
701685,0
701686,0
701687,0
701688,0
701689,0
701690,12
701691,0
701692,0
701693,0
701694,0
701695,10
701696,0
701697,0
701698,0
701699,0
701700,0
701701,0
701702,0
701703,0
701704,0
701705,12
701706,0
701707,0
701708,0
701709,18
701710,17
701711,0
701712,0
701713,0
701714,6
701715,0
701716,0
701717,13
701718,0
701719,0
701720,14
701721,0
701722,0
701723,20
701724,0
701725,0
701726,0
701727,17
701728,0
701729,0
701730,0
701731,0
701732,3
701733,0
701734,0
701735,0
701736,10
701737,0
701738,0
701739,0
701740,0
701741,0
701742,0
701743,0
701744,0
701745,0
701746,0
701747,12
701748,6
701749,0
701750,11
701751,0
701752,0
701753,0
701754,0
701755,0
701756,18
701757,0
701758,0
701759,19
701760,8
701761,0
701762,0
701763,0
701764,0
701765,0
701766,8
701767,0
701768,0
701769,13
701770,0
701771,0
701772,0
701773,0
701774,19
701775,0
701776,0
701777,0
701778,0
701779,0
701780,0
701781,0
701782,11
701783,0
701784,8
701785,0
701786,0
701787,0
701788,0
701789,0
701790,18
701791,0
701792,0
701793,0
701794,0
701795,9
701796,11
701797,0
701798,0
701799,0
701800,0
701801,0
701802,0
701803,0
701804,0
701805,0
701806,19
701807,0
701808,13
701809,0
701810,6
701811,0
701812,0
701813,0
701814,0
701815,0
701816,11
701817,0
701818,0
701819,0
701820,0
701821,0
701822,0
701823,7
701824,0
701825,10
701826,0
701827,0
701828,0
701829,0
701830,10
701831,0
701832,0
701833,8
701834,0
701835,8
701836,0
701837,14
701838,0
701839,0
701840,0
701841,0
701842,11
701843,0
701844,0
701845,0
701846,0
701847,0
701848,0
701849,5
701850,9
701851,0
701852,0
701853,10
701854,0
701855,0
701856,0
701857,0
701858,15
701859,0
701860,0
701861,0
701862,0
701863,16
701864,7
701865,0
701866,0
701867,0
701868,0
701869,0
701870,0
701871,13
701872,0
701873,0
701874,0
701875,0
701876,0
701877,9
701878,3
701879,0
701880,0
701881,0
701882,0
701883,0
701884,0
701885,12
701886,0
701887,0
701888,0
701889,0
701890,9
701891,14
701892,0
701893,0
701894,19
701895,0
701896,15
701897,0
701898,0
701899,21
701900,16
701901,0
701902,6
701903,0
701904,0
701905,0
701906,11
701907,0
701908,0
701909,6
701910,0
701911,0
701912,0
701913,0
701914,0
701915,7
701916,0
701917,0
701918,10
701919,9
701920,0
701921,0
701922,0
701923,0
701924,0
701925,0
701926,0
701927,0
701928,0
701929,0
701930,0
701931,0
701932,0
701933,0
701934,0
701935,0
701936,0
701937,0
701938,0
701939,19
701940,0
701941,8
701942,11
701943,0
701944,0
701945,0
701946,0
701947,9
701948,0
701949,0
701950,0
701951,10
701952,7
701953,0
701954,6
701955,0
701956,0
701957,0
701958,0
701959,9
701960,0
701961,0
701962,19
701963,0
701964,0
701965,0
701966,0
701967,0
701968,15
701969,0
701970,0
701971,20
701972,0
701973,0
701974,0
701975,0
701976,11
701977,23
701978,13
701979,0
701980,0
701981,0
701982,0
701983,13
701984,0
701985,10
701986,0
701987,6
701988,0
701989,0
701990,0
701991,0
701992,9
701993,21
701994,14
701995,5
701996,0
701997,0
701998,0
701999,0
702000,0
702001,13
702002,0
702003,0
702004,0
702005,11
702006,0
702007,4
702008,7
702009,0
702010,12
702011,8
702012,0
702013,11
702014,0
702015,0
702016,0
702017,0
702018,0
702019,9
702020,12
702021,13
702022,0
702023,0
702024,0
702025,3
702026,0
702027,0
702028,13
702029,0
702030,0
702031,12
702032,6
702033,0
702034,11
702035,18
702036,0
702037,0
702038,0
702039,0
702040,5
702041,0
702042,0
702043,0
702044,12
702045,10
702046,0
702047,0
702048,0
702049,0
702050,6
702051,14
702052,0
702053,6
702054,0
702055,0
702056,0
702057,0
702058,11
702059,0
702060,0
702061,0
702062,9
702063,0
702064,0
702065,0
702066,12
702067,0
702068,0
702069,0
702070,17
702071,15
702072,0
702073,0
702074,7
702075,0
702076,6
702077,0
702078,9
702079,13
702080,0
702081,9
702082,0
702083,0
702084,0
702085,0
702086,0
702087,20
702088,6
702089,7
702090,0
702091,0
702092,0
702093,0
702094,0
702095,11
702096,0
702097,0
702098,0
702099,26
702100,9
702101,0
702102,0
702103,0
702104,0
702105,0
702106,15
702107,0
702108,0
702109,0
702110,0
702111,9
702112,0
702113,0
702114,0
702115,0
702116,0
702117,0
702118,0
702119,0
702120,0
702121,0
702122,0
702123,0
702124,0
702125,0
702126,0
702127,9
702128,0
702129,0
702130,0
702131,0
702132,9
702133,0
702134,0
702135,6
702136,0
702137,0
702138,0
702139,0
702140,0
702141,0
702142,10
702143,0
702144,21
702145,0
702146,0
702147,0
702148,0
702149,0
702150,0
702151,0
702152,15
702153,0
702154,12
702155,0
702156,0
702157,0
702158,7
702159,0
702160,17
702161,0
702162,0
702163,0
702164,15
702165,0
702166,13
702167,0
702168,14
702169,0
702170,0
702171,0
702172,0
702173,0
702174,0
702175,0
702176,0
702177,9
702178,0
702179,0
702180,0
702181,0
702182,0
702183,0
702184,7
702185,0
702186,0
702187,0
702188,7
702189,0
702190,0
702191,8
702192,0
702193,0
702194,0
702195,0
702196,0
702197,0
702198,15
702199,14
702200,7
702201,17
702202,0
702203,11
702204,0
702205,10
702206,0
702207,17
702208,0
702209,0
702210,0
702211,0
702212,0
702213,0
702214,0
702215,0
702216,6
702217,0
702218,0
702219,0
702220,0
702221,11
702222,0
702223,0
702224,0
702225,0
702226,0
702227,0
702228,0
702229,0
702230,0
702231,13
702232,0
702233,0
702234,11
702235,0
702236,0
702237,0
702238,0
702239,0
702240,0
702241,0
702242,0
702243,0
702244,0
702245,11
702246,16
702247,6
702248,0
702249,0
702250,0
702251,11
702252,0
702253,8
702254,11
702255,0
702256,0
702257,0
702258,0
702259,0
702260,0
702261,0
702262,0
702263,0
702264,0
702265,0
702266,0
702267,0
702268,0
702269,0
702270,0
702271,0
702272,0
702273,0
702274,0
702275,0
702276,23
702277,0
702278,0
702279,0
702280,0
702281,23
702282,0
702283,0
702284,0
702285,50
702286,0
702287,0
702288,0
702289,0
702290,30
702291,0
702292,0
702293,0
702294,0
702295,0
702296,25
702297,22
702298,42
702299,0
702300,24
702301,29
702302,0
702303,0
702304,0
702305,0
702306,0
702307,0
702308,0
702309,0
702310,0
702311,0
702312,0
702313,38
702314,0
702315,0
702316,0
702317,0
702318,0
702319,0
702320,0
702321,0
702322,20
702323,0
702324,0
702325,0
702326,0
702327,0
702328,0
702329,0
702330,0
702331,0
702332,0
702333,0
702334,19
702335,34
702336,0
702337,0
702338,0
702339,0
702340,0
702341,31
702342,0
702343,0
702344,0
702345,0
702346,30
702347,0
702348,0
702349,0
702350,29
702351,0
702352,0
702353,0
702354,32
702355,0
702356,35
702357,0
702358,46
702359,0
702360,0
702361,36
702362,0
702363,0
702364,0
702365,0
702366,0
702367,34
702368,0
702369,0
702370,0
702371,0
702372,0
702373,0
702374,0
702375,38
702376,0
702377,0
702378,0
702379,0
702380,0
702381,0
702382,0
702383,0
702384,0
702385,0
702386,0
702387,34
702388,0
702389,0
702390,0
702391,0
702392,0
702393,0
702394,27
702395,0
702396,33
702397,0
702398,0
702399,0
702400,0
702401,0
702402,0
702403,0
702404,0
702405,0
702406,0
702407,0
702408,0
702409,0
702410,0
702411,25
702412,0
702413,0
702414,28
702415,21
702416,0
702417,32
702418,0
702419,0
702420,0
702421,0
702422,37
702423,35
702424,0
702425,0
702426,0
702427,0
702428,0
702429,0
702430,0
702431,0
702432,23
702433,0
702434,0
702435,35
702436,0
702437,0
702438,30
702439,37
702440,33
702441,0
702442,0
702443,0
702444,0
702445,0
702446,0
702447,0
702448,0
702449,0
702450,0
702451,0
702452,26
702453,0
702454,32
702455,0
702456,0
702457,29
702458,0
702459,37
702460,41
702461,0
702462,0
702463,0
702464,22
702465,0
702466,0
702467,19
702468,31
702469,0
702470,0
702471,43
702472,0
702473,30
702474,0
702475,0
702476,0
702477,0
702478,26
702479,0
702480,0
702481,32
702482,0
702483,0
702484,0
702485,0
702486,0
702487,37
702488,35
702489,0
702490,0
702491,30
702492,0
702493,0
702494,24
702495,22
702496,0
702497,30
702498,0
702499,0
702500,0
702501,0
702502,0
702503,0
702504,0
702505,0
702506,0
702507,0
702508,0
702509,0
702510,0
702511,0
702512,0
702513,27
702514,0
702515,0
702516,0
702517,0
702518,0
702519,34
702520,0
702521,0
702522,0
702523,0
702524,0
702525,0
702526,0
702527,47
702528,0
702529,0
702530,0
702531,0
702532,0
702533,0
702534,0
702535,33
702536,0
702537,0
702538,0
702539,25
702540,0
702541,0
702542,0
702543,0
702544,0
702545,0
702546,16
702547,39
702548,0
702549,0
702550,0
702551,0
702552,0
702553,0
702554,0
702555,0
702556,0
702557,36
702558,27
702559,43
702560,0
702561,0
702562,0
702563,0
702564,32
702565,0
702566,0
702567,39
702568,31
702569,25
702570,0
702571,32
702572,0
702573,0
702574,0
702575,34
702576,0
702577,0
702578,0
702579,0
702580,45
702581,0
702582,25
702583,0
702584,0
702585,38
702586,48
702587,38
702588,0
702589,36
702590,0
702591,47
702592,0
702593,33
702594,43
702595,0
702596,33
702597,0
702598,0
702599,0
702600,34
702601,0
702602,0
702603,0
702604,0
702605,0
702606,0
702607,0
702608,35
702609,33
702610,0
702611,0
702612,0
702613,0
702614,21
702615,0
702616,24
702617,0
702618,0
702619,0
702620,0
702621,39
702622,0
702623,0
702624,0
702625,0
702626,29
702627,0
702628,26
702629,0
702630,0
702631,0
702632,0
702633,0
702634,0
702635,0
702636,0
702637,34
702638,0
702639,29
702640,0
702641,0
702642,0
702643,41
702644,0
702645,0
702646,0
702647,23
702648,0
702649,0
702650,0
702651,34
702652,25
702653,0
702654,23
702655,0
702656,0
702657,0
702658,0
702659,0
702660,0
702661,35
702662,35
702663,31
702664,0
702665,0
702666,0
702667,0
702668,0
702669,0
702670,0
702671,0
702672,35
702673,0
702674,0
702675,0
702676,0
702677,0
702678,0
702679,36
702680,0
702681,0
702682,0
702683,35
702684,0
702685,0
702686,0
702687,0
702688,0
702689,0
702690,0
702691,25
702692,28
702693,0
702694,0
702695,27
702696,32
702697,0
702698,27
702699,0
702700,0
702701,42
702702,0
702703,0
702704,0
702705,0
702706,0
702707,0
702708,0
702709,32
702710,0
702711,34
702712,0
702713,23
702714,0
702715,32
702716,0
702717,0
702718,21
702719,0
702720,0
702721,0
702722,0
702723,0
702724,0
702725,27
702726,0
702727,0
702728,0
702729,0
702730,0
702731,0
702732,0
702733,0
702734,0
702735,0
702736,29
702737,25
702738,0
702739,0
702740,0
702741,35
702742,0
702743,0
702744,38
702745,0
702746,0
702747,0
702748,40
702749,0
702750,0
702751,0
702752,0
702753,0
702754,0
702755,0
702756,0
702757,0
702758,33
702759,0
702760,27
702761,41
702762,0
702763,0
702764,15
702765,19
702766,10
702767,0
702768,0
702769,10
702770,0
702771,10
702772,0
702773,0
702774,0
702775,0
702776,0
702777,0
702778,0
702779,14
702780,0
702781,10
702782,0
702783,0
702784,0
702785,0
702786,0
702787,22
702788,19
702789,9
702790,6
702791,22
702792,13
702793,0
702794,0
702795,0
702796,14
702797,0
702798,15
702799,0
702800,0
702801,0
702802,0
702803,0
702804,11
702805,0
702806,0
702807,0
702808,0
702809,0
702810,0
702811,11
702812,16
702813,0
702814,0
702815,7
702816,0
702817,0
702818,0
702819,0
702820,0
702821,0
702822,23
702823,0
702824,0
702825,0
702826,0
702827,0
702828,18
702829,0
702830,0
702831,0
702832,0
702833,0
702834,0
702835,0
702836,0
702837,0
702838,0
702839,0
702840,0
702841,0
702842,0
702843,0
702844,0
702845,0
702846,0
702847,0
702848,0
702849,16
702850,0
702851,0
702852,0
702853,0
702854,0
702855,0
702856,0
702857,0
702858,0
702859,0
702860,0
702861,0
702862,0
702863,0
702864,17
702865,0
702866,0
702867,0
702868,0
702869,0
702870,0
702871,19
702872,10
702873,0
702874,0
702875,0
702876,16
702877,0
702878,0
702879,0
702880,0
702881,0
702882,0
702883,18
702884,10
702885,0
702886,0
702887,0
702888,0
702889,0
702890,0
702891,16
702892,0
702893,0
702894,0
702895,0
702896,0
702897,15
702898,0
702899,0
702900,0
702901,12
702902,0
702903,0
702904,0
702905,0
702906,0
702907,0
702908,0
702909,0
702910,0
702911,0
702912,0
702913,0
702914,21
702915,0
702916,0
702917,17
702918,0
702919,17
702920,0
702921,0
702922,0
702923,10
702924,0
702925,0
702926,0
702927,0
702928,0
702929,0
702930,0
702931,0
702932,0
702933,0
702934,0
702935,10
702936,0
702937,0
702938,0
702939,0
702940,16
702941,0
702942,0
702943,0
702944,14
702945,0
702946,0
702947,9
702948,0
702949,0
702950,0
702951,0
702952,10
702953,0
702954,0
702955,10
702956,0
702957,0
702958,0
702959,0
702960,15
702961,0
702962,0
702963,0
702964,11
702965,12
702966,0
702967,0
702968,0
702969,0
702970,0
702971,0
702972,0
702973,0
702974,0
702975,0
702976,0
702977,0
702978,0
702979,26
702980,0
702981,0
702982,0
702983,0
702984,9
702985,0
702986,0
702987,0
702988,0
702989,0
702990,0
702991,6
702992,21
702993,0
702994,0
702995,0
702996,0
702997,0
702998,14
702999,0
703000,12
703001,20
703002,0
703003,0
703004,0
703005,0
703006,0
703007,0
703008,0
703009,0
703010,0
703011,0
703012,0
703013,0
703014,18
703015,0
703016,9
703017,0
703018,0
703019,0
703020,0
703021,0
703022,0
703023,0
703024,0
703025,0
703026,0
703027,0
703028,19
703029,0
703030,0
703031,0
703032,0
703033,0
703034,0
703035,0
703036,0
703037,0
703038,0
703039,0
703040,0
703041,0
703042,0
703043,0
703044,0
703045,0
703046,20
703047,14
703048,0
703049,0
703050,0
703051,0
703052,0
703053,0
703054,0
703055,0
703056,0
703057,0
703058,0
703059,0
703060,0
703061,0
703062,0
703063,0
703064,14
703065,0
703066,0
703067,0
703068,11
703069,0
703070,0
703071,0
703072,0
703073,11
703074,0
703075,0
703076,0
703077,13
703078,8
703079,0
703080,10
703081,0
703082,0
703083,7
703084,0
703085,0
703086,0
703087,15
703088,0
703089,0
703090,18
703091,16
703092,0
703093,0
703094,0
703095,0
703096,0
703097,0
703098,0
703099,0
703100,0
703101,0
703102,14
703103,0
703104,0
703105,0
703106,0
703107,0
703108,0
703109,0
703110,0
703111,0
703112,0
703113,0
703114,0
703115,0
703116,0
703117,4
703118,0
703119,0
703120,0
703121,0
703122,0
703123,0
703124,0
703125,0
703126,0
703127,0
703128,0
703129,0
703130,0
703131,0
703132,0
703133,0
703134,16
703135,0
703136,0
703137,0
703138,0
703139,0
703140,20
703141,0
703142,0
703143,0
703144,0
703145,0
703146,0
703147,0
703148,0
703149,0
703150,0
703151,9
703152,0
703153,0
703154,0
703155,0
703156,16
703157,0
703158,0
703159,0
703160,0
703161,11
703162,13
703163,0
703164,0
703165,0
703166,0
703167,17
703168,0
703169,0
703170,7
703171,12
703172,0
703173,0
703174,0
703175,0
703176,0
703177,0
703178,0
703179,0
703180,0
703181,0
703182,0
703183,0
703184,0
703185,9
703186,0
703187,0
703188,0
703189,8
703190,0
703191,0
703192,0
703193,0
703194,0
703195,0
703196,0
703197,0
703198,0
703199,0
703200,0
703201,23
703202,0
703203,0
703204,0
703205,16
703206,0
703207,0
703208,10
703209,25
703210,0
703211,0
703212,0
703213,0
703214,0
703215,0
703216,0
703217,12
703218,0
703219,0
703220,0
703221,0
703222,0
703223,17
703224,0
703225,0
703226,0
703227,0
703228,11
703229,0
703230,0
703231,0
703232,19
703233,0
703234,23
703235,0
703236,0
703237,0
703238,0
703239,0
703240,0
703241,0
703242,12
703243,0
703244,14
703245,0
703246,0
703247,0
703248,0
703249,0
703250,0
703251,0
703252,0
703253,0
703254,0
703255,0
703256,0
703257,0
703258,0
703259,0
703260,11
703261,0
703262,0
703263,0
703264,0
703265,0
703266,0
703267,0
703268,0
703269,18
703270,0
703271,0
703272,0
703273,0
703274,14
703275,0
703276,0
703277,14
703278,0
703279,15
703280,18
703281,0
703282,0
703283,0
703284,0
703285,0
703286,0
703287,0
703288,0
703289,16
703290,16
703291,0
703292,0
703293,0
703294,0
703295,0
703296,0
703297,0
703298,0
703299,13
703300,0
703301,0
703302,0
703303,0
703304,0
703305,9
703306,0
703307,15
703308,0
703309,0
703310,0
703311,12
703312,0
703313,0
703314,0
703315,0
703316,18
703317,0
703318,0
703319,0
703320,0
703321,17
703322,0
703323,0
703324,0
703325,15
703326,0
703327,0
703328,10
703329,0
703330,0
703331,0
703332,23
703333,9
703334,0
703335,16
703336,0
703337,0
703338,14
703339,0
703340,17
703341,0
703342,0
703343,0
703344,0
703345,11
703346,18
703347,0
703348,0
703349,0
703350,0
703351,0
703352,0
703353,0
703354,0
703355,17
703356,0
703357,0
703358,10
703359,0
703360,12
703361,0
703362,11
703363,0
703364,0
703365,0
703366,0
703367,0
703368,0
703369,0
703370,0
703371,0
703372,0
703373,0
703374,0
703375,0
703376,0
703377,13
703378,0
703379,0
703380,0
703381,15
703382,0
703383,17
703384,0
703385,0
703386,0
703387,0
703388,0
703389,0
703390,18
703391,0
703392,0
703393,0
703394,12
703395,0
703396,15
703397,0
703398,0
703399,8
703400,0
703401,0
703402,0
703403,0
703404,18
703405,0
703406,0
703407,0
703408,0
703409,0
703410,0
703411,0
703412,0
703413,0
703414,8
703415,0
703416,12
703417,16
703418,13
703419,11
703420,0
703421,0
703422,17
703423,0
703424,0
703425,0
703426,11
703427,0
703428,0
703429,0
703430,0
703431,0
703432,0
703433,0
703434,0
703435,0
703436,0
703437,0
703438,0
703439,0
703440,0
703441,0
703442,0
703443,19
703444,0
703445,17
703446,0
703447,11
703448,0
703449,0
703450,0
703451,0
703452,0
703453,0
703454,0
703455,0
703456,0
703457,0
703458,15
703459,0
703460,0
703461,0
703462,0
703463,14
703464,0
703465,0
703466,0
703467,0
703468,0
703469,0
703470,0
703471,0
703472,0
703473,0
703474,11
703475,0
703476,14
703477,0
703478,0
703479,0
703480,0
703481,0
703482,0
703483,0
703484,7
703485,0
703486,0
703487,0
703488,0
703489,0
703490,0
703491,0
703492,16
703493,0
703494,0
703495,0
703496,9
703497,13
703498,0
703499,0
703500,9
703501,0
703502,0
703503,0
703504,0
703505,0
703506,0
703507,20
703508,0
703509,0
703510,0
703511,0
703512,0
703513,0
703514,0
703515,0
703516,0
703517,0
703518,0
703519,0
703520,0
703521,0
703522,0
703523,0
703524,0
703525,0
703526,0
703527,0
703528,0
703529,0
703530,0
703531,0
703532,0
703533,0
703534,0
703535,0
703536,0
703537,0
703538,0
703539,0
703540,0
703541,0
703542,0
703543,0
703544,0
703545,0
703546,0
703547,0
703548,0
703549,0
703550,0
703551,0
703552,0
703553,0
703554,2
703555,0
703556,0
703557,0
703558,0
703559,0
703560,0
703561,0
703562,0
703563,0
703564,0
703565,0
703566,0
703567,0
703568,0
703569,0
703570,0
703571,0
703572,0
703573,3
703574,0
703575,1
703576,1
703577,0
703578,0
703579,0
703580,0
703581,0
703582,0
703583,0
703584,0
703585,0
703586,0
703587,0
703588,0
703589,0
703590,0
703591,0
703592,0
703593,0
703594,0
703595,0
703596,0
703597,0
703598,0
703599,0
703600,0
703601,0
703602,0
703603,0
703604,0
703605,0
703606,0
703607,0
703608,2
703609,0
703610,0
703611,0
703612,0
703613,0
703614,0
703615,1
703616,0
703617,0
703618,0
703619,0
703620,0
703621,0
703622,2
703623,0
703624,0
703625,0
703626,0
703627,0
703628,0
703629,0
703630,0
703631,0
703632,0
703633,0
703634,0
703635,0
703636,0
703637,0
703638,0
703639,0
703640,0
703641,0
703642,0
703643,0
703644,0
703645,0
703646,0
703647,0
703648,1
703649,0
703650,0
703651,0
703652,0
703653,0
703654,0
703655,0
703656,0
703657,2
703658,0
703659,1
703660,0
703661,0
703662,0
703663,0
703664,0
703665,0
703666,0
703667,0
703668,0
703669,0
703670,0
703671,0
703672,0
703673,0
703674,0
703675,0
703676,0
703677,0
703678,0
703679,0
703680,0
703681,3
703682,0
703683,0
703684,0
703685,0
703686,0
703687,0
703688,0
703689,0
703690,4
703691,0
703692,0
703693,0
703694,0
703695,0
703696,2
703697,0
703698,0
703699,0
703700,0
703701,0
703702,0
703703,0
703704,0
703705,0
703706,0
703707,0
703708,0
703709,0
703710,0
703711,0
703712,0
703713,0
703714,0
703715,0
703716,0
703717,0
703718,0
703719,0
703720,0
703721,0
703722,0
703723,3
703724,0
703725,0
703726,0
703727,0
703728,0
703729,0
703730,0
703731,0
703732,0
703733,0
703734,0
703735,2
703736,0
703737,3
703738,5
703739,0
703740,0
703741,2
703742,0
703743,2
703744,0
703745,0
703746,0
703747,0
703748,0
703749,0
703750,0
703751,0
703752,0
703753,0
703754,0
703755,0
703756,0
703757,0
703758,0
703759,0
703760,0
703761,0
703762,0
703763,0
703764,0
703765,0
703766,0
703767,0
703768,0
703769,0
703770,0
703771,0
703772,0
703773,0
703774,0
703775,0
703776,0
703777,0
703778,2
703779,0
703780,0
703781,0
703782,0
703783,0
703784,0
703785,0
703786,0
703787,0
703788,0
703789,0
703790,0
703791,0
703792,0
703793,0
703794,0
703795,2
703796,0
703797,0
703798,0
703799,0
703800,0
703801,0
703802,0
703803,0
703804,0
703805,0
703806,0
703807,0
703808,0
703809,0
703810,0
703811,0
703812,0
703813,0
703814,0
703815,0
703816,0
703817,0
703818,0
703819,0
703820,0
703821,0
703822,0
703823,0
703824,0
703825,0
703826,0
703827,0
703828,0
703829,0
703830,0
703831,0
703832,0
703833,0
703834,0
703835,0
703836,1
703837,0
703838,0
703839,0
703840,0
703841,2
703842,0
703843,0
703844,0
703845,0
703846,0
703847,0
703848,0
703849,0
703850,0
703851,0
703852,0
703853,0
703854,0
703855,0
703856,0
703857,0
703858,0
703859,0
703860,0
703861,0
703862,0
703863,0
703864,0
703865,0
703866,0
703867,0
703868,0
703869,0
703870,0
703871,0
703872,0
703873,0
703874,0
703875,0
703876,0
703877,0
703878,0
703879,0
703880,0
703881,0
703882,0
703883,1
703884,0
703885,0
703886,0
703887,0
703888,0
703889,0
703890,0
703891,2
703892,0
703893,0
703894,0
703895,0
703896,0
703897,1
703898,0
703899,0
703900,0
703901,5
703902,0
703903,1
703904,0
703905,0
703906,0
703907,0
703908,0
703909,0
703910,0
703911,0
703912,0
703913,0
703914,0
703915,0
703916,0
703917,0
703918,0
703919,0
703920,0
703921,0
703922,0
703923,5
703924,0
703925,0
703926,0
703927,1
703928,0
703929,0
703930,0
703931,0
703932,0
703933,0
703934,0
703935,0
703936,0
703937,0
703938,0
703939,0
703940,2
703941,0
703942,0
703943,0
703944,0
703945,0
703946,0
703947,0
703948,0
703949,0
703950,0
703951,1
703952,0
703953,0
703954,0
703955,0
703956,0
703957,0
703958,0
703959,0
703960,0
703961,0
703962,0
703963,0
703964,0
703965,0
703966,0
703967,0
703968,0
703969,0
703970,0
703971,0
703972,0
703973,17
703974,0
703975,0
703976,18
703977,0
703978,0
703979,13
703980,0
703981,0
703982,22
703983,0
703984,0
703985,0
703986,0
703987,0
703988,15
703989,0
703990,0
703991,0
703992,0
703993,0
703994,0
703995,0
703996,0
703997,0
703998,0
703999,0
704000,0
704001,0
704002,0
704003,0
704004,0
704005,0
704006,14
704007,0
704008,0
704009,0
704010,0
704011,0
704012,24
704013,0
704014,0
704015,13
704016,0
704017,0
704018,9
704019,0
704020,0
704021,0
704022,15
704023,0
704024,0
704025,0
704026,0
704027,18
704028,0
704029,0
704030,14
704031,12
704032,0
704033,0
704034,10
704035,11
704036,0
704037,14
704038,6
704039,0
704040,0
704041,0
704042,0
704043,0
704044,0
704045,0
704046,5
704047,0
704048,0
704049,0
704050,11
704051,0
704052,0
704053,0
704054,0
704055,0
704056,0
704057,0
704058,0
704059,0
704060,0
704061,0
704062,0
704063,0
704064,0
704065,0
704066,0
704067,9
704068,0
704069,0
704070,0
704071,0
704072,10
704073,0
704074,0
704075,0
704076,17
704077,0
704078,0
704079,5
704080,0
704081,0
704082,9
704083,0
704084,0
704085,0
704086,0
704087,0
704088,0
704089,0
704090,11
704091,0
704092,6
704093,0
704094,0
704095,0
704096,0
704097,0
704098,0
704099,0
704100,0
704101,0
704102,0
704103,0
704104,0
704105,15
704106,0
704107,0
704108,0
704109,0
704110,14
704111,0
704112,0
704113,0
704114,0
704115,0
704116,0
704117,0
704118,0
704119,25
704120,11
704121,0
704122,0
704123,10
704124,10
704125,0
704126,11
704127,0
704128,13
704129,0
704130,0
704131,0
704132,0
704133,12
704134,0
704135,12
704136,0
704137,0
704138,0
704139,19
704140,0
704141,0
704142,0
704143,0
704144,0
704145,0
704146,0
704147,0
704148,8
704149,0
704150,0
704151,0
704152,0
704153,13
704154,0
704155,0
704156,0
704157,0
704158,11
704159,0
704160,0
704161,0
704162,0
704163,0
704164,0
704165,0
704166,10
704167,0
704168,0
704169,15
704170,0
704171,10
704172,0
704173,0
704174,0
704175,0
704176,0
704177,0
704178,0
704179,0
704180,0
704181,0
704182,0
704183,0
704184,0
704185,0
704186,0
704187,0
704188,16
704189,0
704190,0
704191,0
704192,0
704193,0
704194,11
704195,0
704196,0
704197,0
704198,0
704199,0
704200,9
704201,0
704202,9
704203,0
704204,0
704205,8
704206,0
704207,0
704208,0
704209,0
704210,0
704211,0
704212,0
704213,0
704214,3
704215,0
704216,0
704217,0
704218,20
704219,0
704220,0
704221,11
704222,0
704223,0
704224,0
704225,0
704226,0
704227,0
704228,0
704229,0
704230,0
704231,14
704232,0
704233,0
704234,0
704235,0
704236,0
704237,0
704238,0
704239,10
704240,0
704241,0
704242,0
704243,0
704244,0
704245,0
704246,0
704247,10
704248,0
704249,0
704250,0
704251,0
704252,0
704253,11
704254,0
704255,0
704256,0
704257,0
704258,0
704259,0
704260,10
704261,0
704262,0
704263,8
704264,0
704265,0
704266,0
704267,13
704268,10
704269,0
704270,8
704271,0
704272,0
704273,0
704274,0
704275,0
704276,0
704277,22
704278,0
704279,0
704280,0
704281,0
704282,19
704283,0
704284,0
704285,0
704286,0
704287,13
704288,0
704289,0
704290,0
704291,0
704292,12
704293,0
704294,0
704295,0
704296,0
704297,0
704298,0
704299,0
704300,14
704301,0
704302,0
704303,0
704304,0
704305,0
704306,18
704307,0
704308,0
704309,0
704310,0
704311,0
704312,0
704313,18
704314,14
704315,0
704316,0
704317,15
704318,0
704319,11
704320,0
704321,12
704322,0
704323,0
704324,0
704325,0
704326,12
704327,0
704328,0
704329,0
704330,0
704331,16
704332,0
704333,16
704334,0
704335,0
704336,0
704337,16
704338,0
704339,0
704340,0
704341,0
704342,0
704343,0
704344,0
704345,0
704346,0
704347,0
704348,10
704349,0
704350,0
704351,0
704352,0
704353,0
704354,0
704355,0
704356,0
704357,0
704358,0
704359,0
704360,22
704361,0
704362,0
704363,0
704364,0
704365,0
704366,0
704367,0
704368,0
704369,0
704370,0
704371,0
704372,0
704373,0
704374,0
704375,0
704376,0
704377,0
704378,0
704379,0
704380,0
704381,0
704382,0
704383,0
704384,0
704385,0
704386,0
704387,0
704388,15
704389,16
704390,17
704391,0
704392,0
704393,13
704394,0
704395,0
704396,0
704397,0
704398,0
704399,0
704400,0
704401,0
704402,0
704403,0
704404,0
704405,0
704406,0
704407,14
704408,0
704409,0
704410,0
704411,0
704412,0
704413,0
704414,12
704415,0
704416,0
704417,0
704418,0
704419,0
704420,1
704421,0
704422,0
704423,0
704424,0
704425,0
704426,0
704427,0
704428,0
704429,0
704430,0
704431,0
704432,0
704433,0
704434,0
704435,9
704436,0
704437,0
704438,0
704439,0
704440,0
704441,18
704442,0
704443,14
704444,0
704445,0
704446,0
704447,0
704448,13
704449,0
704450,10
704451,0
704452,9
704453,10
704454,0
704455,0
704456,0
704457,6
704458,0
704459,0
704460,13
704461,0
704462,0
704463,0
704464,0
704465,0
704466,0
704467,0
704468,0
704469,7
704470,0
704471,0
704472,0
704473,14
704474,0
704475,0
704476,7
704477,0
704478,0
704479,0
704480,0
704481,0
704482,0
704483,17
704484,0
704485,0
704486,0
704487,0
704488,0
704489,0
704490,0
704491,13
704492,0
704493,0
704494,0
704495,12
704496,0
704497,11
704498,0
704499,0
704500,0
704501,0
704502,0
704503,0
704504,0
704505,0
704506,10
704507,0
704508,16
704509,0
704510,0
704511,0
704512,11
704513,0
704514,0
704515,19
704516,0
704517,0
704518,0
704519,0
704520,0
704521,13
704522,15
704523,0
704524,9
704525,0
704526,0
704527,0
704528,10
704529,0
704530,16
704531,0
704532,13
704533,0
704534,13
704535,6
704536,0
704537,0
704538,16
704539,0
704540,9
704541,0
704542,0
704543,0
704544,0
704545,20
704546,0
704547,0
704548,0
704549,15
704550,0
704551,0
704552,0
704553,0
704554,0
704555,0
704556,0
704557,0
704558,0
704559,0
704560,0
704561,0
704562,0
704563,0
704564,0
704565,0
704566,0
704567,8
704568,0
704569,0
704570,0
704571,0
704572,0
704573,0
704574,0
704575,9
704576,0
704577,15
704578,0
704579,0
704580,0
704581,0
704582,0
704583,0
704584,0
704585,0
704586,0
704587,12
704588,0
704589,0
704590,0
704591,0
704592,0
704593,0
704594,13
704595,0
704596,0
704597,0
704598,0
704599,0
704600,0
704601,12
704602,0
704603,12
704604,0
704605,0
704606,0
704607,0
704608,15
704609,0
704610,0
704611,0
704612,0
704613,0
704614,0
704615,9
704616,0
704617,0
704618,0
704619,0
704620,0
704621,0
704622,0
704623,0
704624,0
704625,0
704626,0
704627,0
704628,0
704629,0
704630,0
704631,0
704632,0
704633,0
704634,0
704635,0
704636,0
704637,17
704638,0
704639,0
704640,0
704641,0
704642,0
704643,0
704644,0
704645,13
704646,0
704647,0
704648,10
704649,0
704650,0
704651,0
704652,21
704653,0
704654,0
704655,0
704656,0
704657,13
704658,0
704659,0
704660,0
704661,0
704662,0
704663,0
704664,14
704665,0
704666,0
704667,0
704668,0
704669,0
704670,0
704671,0
704672,0
704673,9
704674,11
704675,0
704676,0
704677,11
704678,0
704679,0
704680,0
704681,0
704682,0
704683,0
704684,0
704685,22
704686,0
704687,0
704688,8
704689,0
704690,10
704691,0
704692,14
704693,0
704694,0
704695,0
704696,0
704697,0
704698,0
704699,0
704700,0
704701,0
704702,10
704703,0
704704,18
704705,0
704706,0
704707,0
704708,0
704709,0
704710,0
704711,0
704712,0
704713,0
704714,0
704715,0
704716,0
704717,0
704718,0
704719,13
704720,0
704721,0
704722,0
704723,0
704724,0
704725,0
704726,11
704727,0
704728,0
704729,9
704730,10
704731,12
704732,10
704733,0
704734,14
704735,0
704736,0
704737,0
704738,0
704739,10
704740,9
704741,0
704742,0
704743,0
704744,0
704745,0
704746,0
704747,0
704748,0
704749,11
704750,0
704751,0
704752,16
704753,0
704754,0
704755,0
704756,0
704757,0
704758,0
704759,0
704760,0
704761,0
704762,10
704763,0
704764,13
704765,0
704766,0
704767,7
704768,8
704769,0
704770,0
704771,15
704772,0
704773,0
704774,0
704775,0
704776,0
704777,0
704778,0
704779,9
704780,14
704781,9
704782,0
704783,0
704784,8
704785,0
704786,0
704787,0
704788,0
704789,21
704790,45
704791,0
704792,33
704793,0
704794,0
704795,35
704796,22
704797,30
704798,0
704799,0
704800,0
704801,0
704802,0
704803,0
704804,44
704805,0
704806,39
704807,40
704808,0
704809,0
704810,23
704811,20
704812,45
704813,25
704814,0
704815,25
704816,24
704817,0
704818,14
704819,0
704820,0
704821,0
704822,0
704823,22
704824,0
704825,29
704826,30
704827,0
704828,0
704829,23
704830,33
704831,0
704832,0
704833,34
704834,46
704835,0
704836,0
704837,33
704838,0
704839,0
704840,0
704841,42
704842,12
704843,0
704844,13
704845,0
704846,0
704847,43
704848,0
704849,32
704850,0
704851,27
704852,0
704853,49
704854,0
704855,0
704856,0
704857,0
704858,0
704859,0
704860,0
704861,24
704862,0
704863,30
704864,0
704865,0
704866,22
704867,17
704868,0
704869,38
704870,0
704871,31
704872,47
704873,0
704874,36
704875,0
704876,0
704877,32
704878,0
704879,0
704880,41
704881,0
704882,0
704883,0
704884,0
704885,30
704886,19
704887,0
704888,25
704889,25
704890,37
704891,0
704892,0
704893,26
704894,0
704895,0
704896,0
704897,0
704898,0
704899,0
704900,0
704901,0
704902,0
704903,0
704904,0
704905,0
704906,0
704907,0
704908,25
704909,0
704910,0
704911,0
704912,33
704913,0
704914,33
704915,0
704916,0
704917,0
704918,0
704919,0
704920,0
704921,0
704922,0
704923,0
704924,26
704925,0
704926,16
704927,23
704928,21
704929,28
704930,0
704931,0
704932,28
704933,0
704934,0
704935,0
704936,0
704937,0
704938,20
704939,0
704940,0
704941,0
704942,0
704943,17
704944,0
704945,0
704946,0
704947,0
704948,31
704949,27
704950,0
704951,0
704952,0
704953,0
704954,0
704955,34
704956,27
704957,0
704958,20
704959,0
704960,0
704961,23
704962,0
704963,0
704964,28
704965,0
704966,0
704967,0
704968,0
704969,49
704970,30
704971,0
704972,25
704973,36
704974,0
704975,0
704976,0
704977,0
704978,30
704979,20
704980,0
704981,0
704982,0
704983,0
704984,0
704985,21
704986,0
704987,35
704988,37
704989,0
704990,0
704991,0
704992,0
704993,0
704994,0
704995,0
704996,0
704997,0
704998,0
704999,0
705000,0
705001,0
705002,0
705003,0
705004,0
705005,0
705006,33
705007,0
705008,0
705009,0
705010,30
705011,0
705012,25
705013,0
705014,0
705015,40
705016,0
705017,0
705018,0
705019,36
705020,0
705021,29
705022,0
705023,0
705024,0
705025,0
705026,19
705027,0
705028,0
705029,0
705030,0
705031,0
705032,21
705033,0
705034,30
705035,23
705036,0
705037,0
705038,37
705039,0
705040,21
705041,0
705042,0
705043,21
705044,0
705045,0
705046,0
705047,20
705048,38
705049,0
705050,0
705051,0
705052,0
705053,0
705054,0
705055,0
705056,0
705057,0
705058,30
705059,0
705060,0
705061,0
705062,0
705063,0
705064,31
705065,0
705066,0
705067,0
705068,0
705069,0
705070,0
705071,0
705072,0
705073,0
705074,0
705075,33
705076,0
705077,0
705078,0
705079,0
705080,0
705081,0
705082,0
705083,0
705084,0
705085,0
705086,0
705087,0
705088,0
705089,0
705090,0
705091,0
705092,0
705093,0
705094,0
705095,0
705096,0
705097,0
705098,0
705099,0
705100,0
705101,0
705102,0
705103,0
705104,0
705105,0
705106,0
705107,0
705108,0
705109,0
705110,27
705111,0
705112,0
705113,0
705114,0
705115,0
705116,0
705117,0
705118,0
705119,0
705120,0
705121,0
705122,0
705123,0
705124,0
705125,0
705126,0
705127,0
705128,0
705129,0
705130,0
705131,0
705132,0
705133,0
705134,0
705135,0
705136,0
705137,0
705138,0
705139,0
705140,26
705141,0
705142,0
705143,0
705144,0
705145,0
705146,0
705147,0
705148,0
705149,0
705150,0
705151,0
705152,0
705153,0
705154,0
705155,0
705156,0
705157,0
705158,0
705159,0
705160,0
705161,0
705162,0
705163,0
705164,0
705165,0
705166,29
705167,29
705168,0
705169,0
705170,0
705171,0
705172,0
705173,0
705174,0
705175,0
705176,0
705177,0
705178,0
705179,0
705180,22
705181,0
705182,0
705183,0
705184,0
705185,0
705186,0
705187,0
705188,0
705189,0
705190,0
705191,0
705192,0
705193,0
705194,0
705195,0
705196,0
705197,0
705198,0
705199,0
705200,0
705201,0
705202,0
705203,0
705204,0
705205,0
705206,0
705207,0
705208,0
705209,0
705210,0
705211,0
705212,0
705213,21
705214,7
705215,0
705216,0
705217,0
705218,0
705219,0
705220,0
705221,0
705222,0
705223,0
705224,0
705225,8
705226,0
705227,4
705228,0
705229,6
705230,0
705231,0
705232,0
705233,0
705234,0
705235,0
705236,0
705237,5
705238,0
705239,0
705240,9
705241,4
705242,0
705243,0
705244,0
705245,0
705246,8
705247,0
705248,0
705249,0
705250,8
705251,4
705252,0
705253,0
705254,0
705255,0
705256,0
705257,6
705258,0
705259,0
705260,0
705261,2
705262,0
705263,9
705264,0
705265,0
705266,0
705267,0
705268,0
705269,0
705270,12
705271,0
705272,0
705273,0
705274,0
705275,12
705276,0
705277,9
705278,0
705279,0
705280,0
705281,7
705282,0
705283,0
705284,0
705285,0
705286,0
705287,0
705288,0
705289,0
705290,0
705291,0
705292,0
705293,0
705294,0
705295,0
705296,0
705297,0
705298,0
705299,0
705300,0
705301,0
705302,0
705303,0
705304,0
705305,4
705306,0
705307,0
705308,0
705309,0
705310,13
705311,0
705312,0
705313,0
705314,6
705315,8
705316,0
705317,0
705318,0
705319,0
705320,3
705321,0
705322,0
705323,0
705324,0
705325,0
705326,11
705327,9
705328,9
705329,0
705330,0
705331,0
705332,0
705333,6
705334,0
705335,0
705336,0
705337,3
705338,0
705339,0
705340,0
705341,10
705342,0
705343,0
705344,0
705345,0
705346,0
705347,0
705348,0
705349,0
705350,0
705351,0
705352,0
705353,0
705354,0
705355,0
705356,0
705357,0
705358,0
705359,0
705360,0
705361,0
705362,7
705363,8
705364,0
705365,0
705366,0
705367,0
705368,0
705369,5
705370,0
705371,0
705372,6
705373,0
705374,0
705375,10
705376,0
705377,0
705378,0
705379,0
705380,0
705381,5
705382,0
705383,0
705384,0
705385,0
705386,7
705387,0
705388,0
705389,0
705390,0
705391,8
705392,0
705393,0
705394,0
705395,12
705396,0
705397,0
705398,0
705399,0
705400,0
705401,12
705402,5
705403,0
705404,0
705405,0
705406,0
705407,0
705408,0
705409,4
705410,0
705411,0
705412,0
705413,0
705414,0
705415,0
705416,0
705417,6
705418,0
705419,0
705420,0
705421,0
705422,0
705423,0
705424,0
705425,0
705426,6
705427,7
705428,0
705429,0
705430,0
705431,0
705432,0
705433,0
705434,0
705435,0
705436,4
705437,0
705438,0
705439,0
705440,0
705441,2
705442,6
705443,0
705444,0
705445,0
705446,0
705447,10
705448,0
705449,0
705450,0
705451,0
705452,0
705453,0
705454,0
705455,0
705456,0
705457,0
705458,0
705459,0
705460,0
705461,0
705462,0
705463,0
705464,0
705465,0
705466,0
705467,6
705468,0
705469,0
705470,0
705471,0
705472,5
705473,0
705474,0
705475,0
705476,0
705477,0
705478,0
705479,0
705480,6
705481,6
705482,0
705483,0
705484,0
705485,0
705486,0
705487,0
705488,0
705489,0
705490,0
705491,0
705492,9
705493,0
705494,0
705495,0
705496,5
705497,9
705498,0
705499,0
705500,0
705501,0
705502,0
705503,8
705504,0
705505,9
705506,6
705507,0
705508,5
705509,0
705510,0
705511,0
705512,0
705513,0
705514,6
705515,0
705516,0
705517,0
705518,6
705519,10
705520,0
705521,0
705522,0
705523,0
705524,0
705525,7
705526,0
705527,8
705528,0
705529,0
705530,0
705531,0
705532,0
705533,0
705534,0
705535,0
705536,7
705537,4
705538,0
705539,0
705540,0
705541,0
705542,0
705543,8
705544,0
705545,7
705546,0
705547,0
705548,5
705549,0
705550,0
705551,0
705552,0
705553,0
705554,0
705555,0
705556,0
705557,0
705558,0
705559,4
705560,0
705561,0
705562,0
705563,0
705564,0
705565,0
705566,0
705567,0
705568,6
705569,0
705570,0
705571,0
705572,0
705573,0
705574,0
705575,0
705576,0
705577,0
705578,0
705579,0
705580,0
705581,0
705582,0
705583,0
705584,7
705585,0
705586,0
705587,0
705588,0
705589,0
705590,0
705591,8
705592,6
705593,8
705594,0
705595,0
705596,0
705597,5
705598,0
705599,6
705600,0
705601,0
705602,5
705603,0
705604,0
705605,0
705606,0
705607,0
705608,0
705609,0
705610,0
705611,0
705612,4
705613,8
705614,0
705615,2
705616,0
705617,0
705618,0
705619,0
705620,0
705621,0
705622,0
705623,0
705624,0
705625,0
705626,0
705627,0
705628,0
705629,0
705630,0
705631,0
705632,0
705633,0
705634,0
705635,0
705636,0
705637,0
705638,0
705639,0
705640,0
705641,0
705642,21
705643,0
705644,35
705645,40
705646,0
705647,0
705648,27
705649,0
705650,0
705651,0
705652,0
705653,0
705654,0
705655,40
705656,0
705657,0
705658,0
705659,0
705660,0
705661,0
705662,0
705663,0
705664,0
705665,0
705666,0
705667,40
705668,0
705669,0
705670,0
705671,0
705672,0
705673,0
705674,0
705675,0
705676,0
705677,0
705678,0
705679,0
705680,0
705681,0
705682,0
705683,0
705684,0
705685,0
705686,0
705687,0
705688,0
705689,0
705690,0
705691,0
705692,0
705693,0
705694,0
705695,0
705696,0
705697,0
705698,0
705699,0
705700,0
705701,0
705702,0
705703,0
705704,0
705705,0
705706,0
705707,0
705708,0
705709,0
705710,0
705711,0
705712,0
705713,0
705714,0
705715,0
705716,0
705717,0
705718,0
705719,0
705720,0
705721,0
705722,0
705723,0
705724,0
705725,0
705726,0
705727,0
705728,0
705729,0
705730,39
705731,0
705732,0
705733,0
705734,0
705735,0
705736,0
705737,0
705738,62
705739,0
705740,0
705741,0
705742,0
705743,0
705744,0
705745,0
705746,0
705747,0
705748,0
705749,0
705750,0
705751,0
705752,0
705753,0
705754,0
705755,0
705756,0
705757,0
705758,0
705759,0
705760,41
705761,0
705762,0
705763,0
705764,0
705765,0
705766,0
705767,0
705768,0
705769,0
705770,0
705771,0
705772,0
705773,0
705774,0
705775,0
705776,0
705777,0
705778,0
705779,0
705780,0
705781,0
705782,0
705783,16
705784,0
705785,0
705786,0
705787,0
705788,0
705789,0
705790,0
705791,0
705792,0
705793,42
705794,0
705795,0
705796,0
705797,0
705798,0
705799,0
705800,0
705801,0
705802,0
705803,0
705804,0
705805,0
705806,0
705807,0
705808,0
705809,0
705810,0
705811,0
705812,0
705813,0
705814,0
705815,0
705816,0
705817,0
705818,0
705819,0
705820,0
705821,0
705822,0
705823,0
705824,0
705825,0
705826,0
705827,0
705828,0
705829,0
705830,0
705831,0
705832,0
705833,0
705834,0
705835,0
705836,0
705837,0
705838,0
705839,0
705840,0
705841,0
705842,0
705843,0
705844,0
705845,0
705846,0
705847,0
705848,0
705849,0
705850,0
705851,0
705852,0
705853,0
705854,0
705855,0
705856,0
705857,0
705858,0
705859,42
705860,45
705861,0
705862,0
705863,0
705864,0
705865,0
705866,0
705867,0
705868,0
705869,0
705870,0
705871,0
705872,0
705873,0
705874,0
705875,0
705876,0
705877,0
705878,0
705879,0
705880,0
705881,0
705882,0
705883,0
705884,31
705885,0
705886,0
705887,0
705888,0
705889,0
705890,0
705891,31
705892,0
705893,0
705894,31
705895,0
705896,0
705897,0
705898,0
705899,0
705900,0
705901,0
705902,35
705903,0
705904,0
705905,0
705906,0
705907,19
705908,41
705909,54
705910,35
705911,50
705912,0
705913,0
705914,0
705915,0
705916,0
705917,0
705918,0
705919,0
705920,0
705921,0
705922,0
705923,0
705924,0
705925,0
705926,0
705927,0
705928,23
705929,0
705930,0
705931,0
705932,0
705933,0
705934,0
705935,30
705936,0
705937,0
705938,0
705939,0
705940,0
705941,0
705942,0
705943,0
705944,0
705945,0
705946,0
705947,0
705948,39
705949,0
705950,0
705951,27
705952,0
705953,18
705954,0
705955,0
705956,30
705957,0
705958,0
705959,0
705960,0
705961,0
705962,0
705963,0
705964,0
705965,0
705966,0
705967,36
705968,0
705969,0
705970,23
705971,0
705972,0
705973,0
705974,0
705975,0
705976,0
705977,0
705978,0
705979,0
705980,22
705981,21
705982,0
705983,0
705984,0
705985,0
705986,0
705987,0
705988,0
705989,0
705990,0
705991,0
705992,27
705993,0
705994,0
705995,0
705996,22
705997,0
705998,0
705999,0
706000,0
706001,0
706002,0
706003,0
706004,0
706005,30
706006,0
706007,0
706008,0
706009,0
706010,17
706011,17
706012,0
706013,0
706014,0
706015,0
706016,43
706017,35
706018,0
706019,0
706020,0
706021,0
706022,0
706023,31
706024,0
706025,0
706026,0
706027,0
706028,0
706029,0
706030,0
706031,0
706032,0
706033,0
706034,0
706035,0
706036,0
706037,0
706038,0
706039,0
706040,0
706041,0
706042,0
706043,0
706044,0
706045,0
706046,0
706047,0
706048,0
706049,0
706050,0
706051,0
706052,0
706053,28
706054,23
706055,0
706056,28
706057,0
706058,28
706059,35
706060,0
706061,0
706062,0
706063,0
706064,0
706065,18
706066,34
706067,0
706068,26
706069,0
706070,0
706071,0
706072,0
706073,0
706074,0
706075,30
706076,23
706077,0
706078,0
706079,0
706080,0
706081,0
706082,27
706083,24
706084,0
706085,0
706086,0
706087,0
706088,0
706089,0
706090,0
706091,0
706092,36
706093,0
706094,0
706095,0
706096,0
706097,0
706098,32
706099,0
706100,0
706101,0
706102,0
706103,0
706104,23
706105,0
706106,0
706107,0
706108,0
706109,0
706110,0
706111,0
706112,0
706113,0
706114,0
706115,0
706116,0
706117,28
706118,0
706119,0
706120,0
706121,31
706122,33
706123,26
706124,21
706125,0
706126,36
706127,0
706128,0
706129,0
706130,0
706131,0
706132,0
706133,0
706134,0
706135,0
706136,0
706137,0
706138,0
706139,0
706140,26
706141,24
706142,0
706143,0
706144,0
706145,0
706146,30
706147,0
706148,0
706149,0
706150,14
706151,0
706152,0
706153,27
706154,0
706155,0
706156,0
706157,0
706158,0
706159,34
706160,0
706161,27
706162,0
706163,0
706164,0
706165,0
706166,0
706167,0
706168,0
706169,0
706170,18
706171,0
706172,29
706173,0
706174,0
706175,24
706176,33
706177,0
706178,27
706179,0
706180,0
706181,0
706182,25
706183,0
706184,25
706185,0
706186,0
706187,28
706188,0
706189,0
706190,17
706191,43
706192,25
706193,0
706194,23
706195,0
706196,22
706197,0
706198,33
706199,0
706200,33
706201,34
706202,0
706203,0
706204,0
706205,0
706206,0
706207,0
706208,0
706209,0
706210,0
706211,20
706212,0
706213,0
706214,0
706215,0
706216,26
706217,0
706218,0
706219,0
706220,0
706221,0
706222,0
706223,24
706224,0
706225,0
706226,31
706227,0
706228,0
706229,0
706230,23
706231,42
706232,0
706233,0
706234,0
706235,0
706236,0
706237,0
706238,26
706239,0
706240,0
706241,0
706242,0
706243,23
706244,0
706245,23
706246,0
706247,0
706248,0
706249,0
706250,25
706251,0
706252,0
706253,0
706254,0
706255,34
706256,0
706257,13
706258,0
706259,23
706260,27
706261,25
706262,27
706263,30
706264,0
706265,0
706266,0
706267,0
706268,0
706269,0
706270,0
706271,0
706272,0
706273,30
706274,0
706275,0
706276,33
706277,0
706278,0
706279,31
706280,42
706281,0
706282,0
706283,0
706284,0
706285,26
706286,0
706287,0
706288,38
706289,0
706290,0
706291,0
706292,0
706293,40
706294,0
706295,0
706296,0
706297,0
706298,0
706299,0
706300,29
706301,0
706302,0
706303,0
706304,0
706305,0
706306,0
706307,0
706308,18
706309,0
706310,0
706311,0
706312,0
706313,0
706314,0
706315,0
706316,0
706317,0
706318,0
706319,0
706320,34
706321,0
706322,0
706323,0
706324,0
706325,0
706326,0
706327,0
706328,0
706329,0
706330,0
706331,0
706332,26
706333,0
706334,0
706335,0
706336,0
706337,0
706338,0
706339,0
706340,0
706341,7
706342,2
706343,0
706344,0
706345,0
706346,10
706347,0
706348,0
706349,0
706350,6
706351,0
706352,6
706353,0
706354,0
706355,0
706356,0
706357,0
706358,0
706359,13
706360,0
706361,0
706362,0
706363,0
706364,0
706365,0
706366,0
706367,0
706368,0
706369,0
706370,0
706371,8
706372,0
706373,0
706374,0
706375,0
706376,0
706377,0
706378,0
706379,0
706380,0
706381,5
706382,0
706383,0
706384,0
706385,0
706386,7
706387,0
706388,0
706389,0
706390,0
706391,0
706392,0
706393,0
706394,0
706395,0
706396,0
706397,0
706398,0
706399,0
706400,0
706401,0
706402,0
706403,0
706404,0
706405,0
706406,7
706407,0
706408,0
706409,0
706410,0
706411,0
706412,0
706413,0
706414,0
706415,0
706416,0
706417,0
706418,0
706419,0
706420,0
706421,0
706422,0
706423,0
706424,0
706425,0
706426,0
706427,0
706428,0
706429,3
706430,0
706431,7
706432,9
706433,0
706434,0
706435,0
706436,16
706437,0
706438,0
706439,0
706440,0
706441,0
706442,0
706443,0
706444,0
706445,0
706446,0
706447,0
706448,0
706449,0
706450,0
706451,0
706452,0
706453,0
706454,0
706455,0
706456,0
706457,0
706458,0
706459,0
706460,0
706461,0
706462,0
706463,0
706464,26
706465,0
706466,26
706467,0
706468,0
706469,0
706470,0
706471,0
706472,0
706473,23
706474,0
706475,0
706476,0
706477,0
706478,25
706479,0
706480,0
706481,0
706482,0
706483,0
706484,21
706485,0
706486,0
706487,0
706488,0
706489,19
706490,0
706491,0
706492,17
706493,0
706494,0
706495,0
706496,0
706497,0
706498,0
706499,0
706500,0
706501,0
706502,0
706503,0
706504,0
706505,0
706506,16
706507,0
706508,0
706509,0
706510,0
706511,0
706512,0
706513,0
706514,0
706515,16
706516,16
706517,0
706518,0
706519,0
706520,0
706521,0
706522,0
706523,0
706524,0
706525,0
706526,0
706527,0
706528,0
706529,0
706530,0
706531,0
706532,0
706533,20
706534,0
706535,18
706536,0
706537,0
706538,23
706539,0
706540,19
706541,0
706542,0
706543,0
706544,0
706545,0
706546,0
706547,0
706548,0
706549,24
706550,27
706551,0
706552,0
706553,0
706554,0
706555,11
706556,0
706557,0
706558,0
706559,24
706560,23
706561,0
706562,0
706563,0
706564,0
706565,0
706566,0
706567,0
706568,0
706569,0
706570,0
706571,0
706572,11
706573,0
706574,0
706575,0
706576,0
706577,0
706578,0
706579,0
706580,21
706581,0
706582,0
706583,0
706584,0
706585,35
706586,0
706587,0
706588,0
706589,0
706590,0
706591,0
706592,0
706593,0
706594,0
706595,16
706596,0
706597,0
706598,0
706599,0
706600,0
706601,0
706602,0
706603,0
706604,0
706605,0
706606,0
706607,0
706608,0
706609,0
706610,0
706611,0
706612,0
706613,0
706614,0
706615,0
706616,15
706617,0
706618,13
706619,0
706620,0
706621,0
706622,0
706623,0
706624,0
706625,0
706626,0
706627,0
706628,0
706629,0
706630,0
706631,0
706632,0
706633,0
706634,0
706635,17
706636,0
706637,0
706638,0
706639,0
706640,0
706641,0
706642,0
706643,38
706644,14
706645,0
706646,0
706647,0
706648,0
706649,0
706650,0
706651,0
706652,0
706653,0
706654,0
706655,0
706656,0
706657,0
706658,0
706659,0
706660,0
706661,0
706662,0
706663,0
706664,0
706665,0
706666,0
706667,0
706668,0
706669,0
706670,0
706671,0
706672,0
706673,0
706674,0
706675,0
706676,0
706677,0
706678,0
706679,0
706680,0
706681,0
706682,0
706683,0
706684,0
706685,0
706686,0
706687,0
706688,0
706689,0
706690,0
706691,0
706692,0
706693,0
706694,0
706695,0
706696,0
706697,0
706698,0
706699,0
706700,0
706701,0
706702,0
706703,0
706704,0
706705,20
706706,0
706707,0
706708,0
706709,0
706710,0
706711,0
706712,26
706713,12
706714,0
706715,0
706716,37
706717,0
706718,0
706719,0
706720,0
706721,0
706722,0
706723,0
706724,0
706725,18
706726,0
706727,0
706728,15
706729,0
706730,0
706731,0
706732,0
706733,0
706734,0
706735,0
706736,0
706737,11
706738,0
706739,0
706740,0
706741,0
706742,0
706743,0
706744,0
706745,16
706746,0
706747,0
706748,0
706749,0
706750,0
706751,0
706752,0
706753,0
706754,0
706755,0
706756,0
706757,0
706758,16
706759,0
706760,0
706761,0
706762,23
706763,0
706764,0
706765,0
706766,0
706767,0
706768,16
706769,0
706770,0
706771,0
706772,0
706773,0
706774,0
706775,0
706776,0
706777,0
706778,0
706779,0
706780,0
706781,0
706782,20
706783,0
706784,0
706785,0
706786,0
706787,0
706788,0
706789,0
706790,0
706791,31
706792,24
706793,0
706794,0
706795,0
706796,25
706797,0
706798,0
706799,0
706800,0
706801,0
706802,0
706803,0
706804,0
706805,0
706806,0
706807,0
706808,0
706809,0
706810,0
706811,0
706812,16
706813,0
706814,0
706815,0
706816,23
706817,0
706818,0
706819,0
706820,0
706821,0
706822,0
706823,0
706824,26
706825,0
706826,0
706827,0
706828,0
706829,0
706830,0
706831,0
706832,0
706833,0
706834,9
706835,0
706836,0
706837,0
706838,0
706839,0
706840,24
706841,17
706842,0
706843,0
706844,0
706845,0
706846,0
706847,0
706848,0
706849,19
706850,0
706851,0
706852,0
706853,0
706854,0
706855,0
706856,0
706857,0
706858,0
706859,0
706860,16
706861,0
706862,0
706863,0
706864,0
706865,0
706866,0
706867,0
706868,0
706869,0
706870,0
706871,23
706872,0
706873,0
706874,0
706875,18
706876,0
706877,0
706878,0
706879,0
706880,17
706881,0
706882,20
706883,0
706884,20
706885,15
706886,0
706887,0
706888,18
706889,0
706890,13
706891,0
706892,0
706893,0
706894,16
706895,0
706896,0
706897,0
706898,15
706899,0
706900,0
706901,19
706902,0
706903,0
706904,0
706905,0
706906,0
706907,0
706908,0
706909,0
706910,0
706911,0
706912,0
706913,0
706914,0
706915,0
706916,0
706917,0
706918,0
706919,16
706920,0
706921,0
706922,0
706923,0
706924,0
706925,0
706926,0
706927,0
706928,0
706929,0
706930,21
706931,0
706932,0
706933,0
706934,0
706935,0
706936,14
706937,0
706938,0
706939,0
706940,0
706941,0
706942,17
706943,0
706944,0
706945,0
706946,0
706947,0
706948,0
706949,0
706950,0
706951,0
706952,0
706953,16
706954,0
706955,0
706956,0
706957,0
706958,14
706959,0
706960,0
706961,0
706962,0
706963,0
706964,0
706965,0
706966,0
706967,0
706968,0
706969,0
706970,0
706971,0
706972,0
706973,0
706974,0
706975,0
706976,0
706977,0
706978,0
706979,0
706980,0
706981,0
706982,0
706983,0
706984,0
706985,0
706986,0
706987,0
706988,0
706989,0
706990,0
706991,0
706992,0
706993,19
706994,0
706995,0
706996,12
706997,0
706998,26
706999,0
707000,0
707001,0
707002,14
707003,0
707004,0
707005,0
707006,0
707007,0
707008,0
707009,0
707010,0
707011,14
707012,0
707013,0
707014,0
707015,0
707016,0
707017,0
707018,17
707019,0
707020,0
707021,0
707022,0
707023,0
707024,19
707025,0
707026,18
707027,0
707028,0
707029,0
707030,0
707031,0
707032,0
707033,0
707034,0
707035,0
707036,0
707037,0
707038,0
707039,0
707040,0
707041,19
707042,0
707043,0
707044,16
707045,0
707046,28
707047,0
707048,0
707049,0
707050,0
707051,0
707052,0
707053,15
707054,0
707055,0
707056,0
707057,10
707058,0
707059,0
707060,0
707061,0
707062,15
707063,0
707064,0
707065,0
707066,0
707067,0
707068,0
707069,0
707070,5
707071,0
707072,0
707073,12
707074,18
707075,0
707076,14
707077,12
707078,0
707079,10
707080,0
707081,0
707082,0
707083,0
707084,0
707085,9
707086,0
707087,0
707088,10
707089,0
707090,18
707091,0
707092,11
707093,0
707094,0
707095,0
707096,0
707097,0
707098,0
707099,19
707100,0
707101,17
707102,13
707103,9
707104,0
707105,0
707106,0
707107,0
707108,21
707109,0
707110,16
707111,0
707112,0
707113,0
707114,15
707115,23
707116,0
707117,16
707118,18
707119,0
707120,0
707121,0
707122,0
707123,0
707124,0
707125,0
707126,0
707127,0
707128,0
707129,0
707130,0
707131,0
707132,0
707133,17
707134,0
707135,0
707136,0
707137,0
707138,0
707139,0
707140,0
707141,0
707142,21
707143,14
707144,0
707145,0
707146,0
707147,20
707148,0
707149,0
707150,18
707151,27
707152,0
707153,0
707154,0
707155,12
707156,0
707157,0
707158,9
707159,0
707160,15
707161,14
707162,0
707163,0
707164,0
707165,11
707166,20
707167,12
707168,0
707169,0
707170,0
707171,0
707172,27
707173,13
707174,0
707175,0
707176,8
707177,8
707178,0
707179,0
707180,0
707181,0
707182,15
707183,0
707184,0
707185,0
707186,0
707187,0
707188,0
707189,0
707190,0
707191,0
707192,0
707193,0
707194,0
707195,18
707196,0
707197,0
707198,0
707199,0
707200,0
707201,11
707202,0
707203,0
707204,0
707205,11
707206,12
707207,0
707208,0
707209,0
707210,14
707211,0
707212,0
707213,0
707214,0
707215,0
707216,17
707217,0
707218,7
707219,0
707220,0
707221,0
707222,0
707223,18
707224,0
707225,0
707226,0
707227,0
707228,0
707229,11
707230,8
707231,0
707232,0
707233,0
707234,0
707235,0
707236,0
707237,0
707238,0
707239,0
707240,0
707241,0
707242,12
707243,0
707244,0
707245,0
707246,10
707247,16
707248,10
707249,0
707250,10
707251,14
707252,0
707253,18
707254,8
707255,20
707256,0
707257,13
707258,14
707259,10
707260,0
707261,0
707262,0
707263,0
707264,0
707265,14
707266,0
707267,0
707268,0
707269,0
707270,12
707271,0
707272,0
707273,0
707274,0
707275,0
707276,11
707277,0
707278,13
707279,0
707280,12
707281,0
707282,0
707283,0
707284,9
707285,0
707286,0
707287,0
707288,0
707289,0
707290,13
707291,0
707292,11
707293,0
707294,0
707295,0
707296,0
707297,13
707298,0
707299,12
707300,0
707301,0
707302,0
707303,14
707304,0
707305,0
707306,0
707307,17
707308,0
707309,0
707310,0
707311,0
707312,0
707313,0
707314,0
707315,11
707316,11
707317,0
707318,25
707319,0
707320,0
707321,12
707322,0
707323,10
707324,14
707325,10
707326,0
707327,0
707328,0
707329,20
707330,20
707331,18
707332,0
707333,0
707334,14
707335,0
707336,0
707337,0
707338,0
707339,0
707340,13
707341,0
707342,14
707343,0
707344,0
707345,12
707346,6
707347,0
707348,0
707349,10
707350,10
707351,0
707352,13
707353,0
707354,0
707355,0
707356,0
707357,0
707358,0
707359,24
707360,0
707361,0
707362,0
707363,19
707364,0
707365,0
707366,0
707367,16
707368,0
707369,0
707370,11
707371,0
707372,0
707373,0
707374,12
707375,19
707376,0
707377,0
707378,0
707379,0
707380,24
707381,0
707382,0
707383,16
707384,0
707385,0
707386,0
707387,9
707388,0
707389,0
707390,0
707391,0
707392,0
707393,0
707394,0
707395,0
707396,0
707397,0
707398,0
707399,0
707400,0
707401,7
707402,11
707403,0
707404,6
707405,0
707406,17
707407,8
707408,14
707409,10
707410,12
707411,0
707412,0
707413,0
707414,19
707415,0
707416,0
707417,12
707418,0
707419,0
707420,0
707421,0
707422,0
707423,18
707424,0
707425,0
707426,0
707427,0
707428,0
707429,0
707430,0
707431,0
707432,14
707433,0
707434,0
707435,16
707436,0
707437,0
707438,6
707439,0
707440,0
707441,0
707442,0
707443,0
707444,0
707445,10
707446,0
707447,0
707448,9
707449,0
707450,10
707451,0
707452,0
707453,4
707454,0
707455,13
707456,0
707457,0
707458,0
707459,0
707460,20
707461,0
707462,0
707463,0
707464,0
707465,11
707466,0
707467,0
707468,19
707469,0
707470,0
707471,0
707472,0
707473,6
707474,0
707475,0
707476,10
707477,8
707478,0
707479,0
707480,0
707481,0
707482,0
707483,0
707484,0
707485,7
707486,0
707487,18
707488,0
707489,12
707490,9
707491,0
707492,0
707493,0
707494,0
707495,0
707496,15
707497,0
707498,12
707499,0
707500,0
707501,0
707502,0
707503,15
707504,0
707505,14
707506,0
707507,0
707508,0
707509,0
707510,0
707511,16
707512,0
707513,0
707514,0
707515,0
707516,0
707517,0
707518,0
707519,0
707520,0
707521,12
707522,0
707523,0
707524,0
707525,0
707526,0
707527,0
707528,0
707529,0
707530,0
707531,0
707532,0
707533,0
707534,0
707535,0
707536,15
707537,9
707538,10
707539,9
707540,0
707541,0
707542,0
707543,0
707544,0
707545,0
707546,0
707547,17
707548,20
707549,0
707550,0
707551,0
707552,0
707553,19
707554,0
707555,16
707556,0
707557,0
707558,0
707559,0
707560,0
707561,0
707562,0
707563,15
707564,17
707565,14
707566,0
707567,0
707568,0
707569,0
707570,15
707571,0
707572,0
707573,0
707574,0
707575,0
707576,0
707577,0
707578,0
707579,0
707580,0
707581,0
707582,0
707583,0
707584,0
707585,0
707586,10
707587,8
707588,0
707589,17
707590,0
707591,15
707592,0
707593,0
707594,0
707595,10
707596,10
707597,0
707598,0
707599,0
707600,0
707601,0
707602,0
707603,0
707604,0
707605,0
707606,0
707607,0
707608,0
707609,0
707610,0
707611,19
707612,0
707613,0
707614,0
707615,0
707616,0
707617,10
707618,18
707619,12
707620,15
707621,16
707622,0
707623,0
707624,0
707625,0
707626,12
707627,0
707628,0
707629,17
707630,11
707631,0
707632,0
707633,0
707634,0
707635,0
707636,0
707637,0
707638,0
707639,0
707640,0
707641,0
707642,0
707643,0
707644,0
707645,0
707646,0
707647,11
707648,0
707649,24
707650,12
707651,0
707652,0
707653,12
707654,29
707655,0
707656,0
707657,0
707658,0
707659,15
707660,0
707661,0
707662,0
707663,0
707664,0
707665,0
707666,9
707667,0
707668,9
707669,14
707670,0
707671,12
707672,0
707673,18
707674,0
707675,0
707676,0
707677,0
707678,0
707679,0
707680,0
707681,0
707682,0
707683,0
707684,0
707685,0
707686,0
707687,0
707688,0
707689,19
707690,12
707691,0
707692,27
707693,0
707694,0
707695,11
707696,11
707697,0
707698,0
707699,0
707700,0
707701,0
707702,0
707703,0
707704,0
707705,0
707706,0
707707,0
707708,0
707709,14
707710,0
707711,0
707712,0
707713,0
707714,0
707715,0
707716,0
707717,0
707718,0
707719,0
707720,0
707721,0
707722,0
707723,0
707724,0
707725,0
707726,1
707727,0
707728,0
707729,0
707730,0
707731,0
707732,0
707733,0
707734,0
707735,0
707736,0
707737,0
707738,0
707739,0
707740,0
707741,0
707742,0
707743,0
707744,0
707745,0
707746,0
707747,0
707748,0
707749,0
707750,0
707751,0
707752,0
707753,0
707754,0
707755,0
707756,0
707757,0
707758,0
707759,0
707760,0
707761,0
707762,0
707763,0
707764,0
707765,0
707766,0
707767,0
707768,0
707769,0
707770,0
707771,0
707772,0
707773,0
707774,0
707775,0
707776,0
707777,0
707778,0
707779,0
707780,0
707781,0
707782,0
707783,0
707784,0
707785,0
707786,0
707787,0
707788,0
707789,0
707790,0
707791,0
707792,0
707793,0
707794,0
707795,0
707796,0
707797,0
707798,0
707799,0
707800,1
707801,0
707802,0
707803,0
707804,0
707805,0
707806,0
707807,0
707808,0
707809,0
707810,0
707811,0
707812,0
707813,0
707814,0
707815,0
707816,1
707817,0
707818,0
707819,0
707820,0
707821,0
707822,0
707823,0
707824,1
707825,0
707826,0
707827,0
707828,0
707829,0
707830,0
707831,0
707832,0
707833,0
707834,0
707835,0
707836,0
707837,0
707838,0
707839,0
707840,0
707841,0
707842,0
707843,0
707844,0
707845,0
707846,0
707847,0
707848,0
707849,0
707850,0
707851,0
707852,0
707853,0
707854,0
707855,0
707856,0
707857,0
707858,0
707859,0
707860,0
707861,0
707862,0
707863,1
707864,0
707865,0
707866,0
707867,0
707868,0
707869,0
707870,0
707871,0
707872,0
707873,0
707874,0
707875,0
707876,0
707877,0
707878,0
707879,0
707880,0
707881,0
707882,0
707883,0
707884,0
707885,0
707886,0
707887,0
707888,0
707889,0
707890,0
707891,0
707892,0
707893,0
707894,0
707895,0
707896,0
707897,0
707898,0
707899,0
707900,0
707901,0
707902,0
707903,0
707904,0
707905,0
707906,0
707907,0
707908,0
707909,0
707910,0
707911,0
707912,0
707913,0
707914,0
707915,0
707916,0
707917,0
707918,0
707919,0
707920,0
707921,0
707922,0
707923,0
707924,0
707925,0
707926,0
707927,0
707928,0
707929,0
707930,0
707931,0
707932,0
707933,0
707934,0
707935,0
707936,0
707937,0
707938,0
707939,0
707940,0
707941,0
707942,0
707943,0
707944,0
707945,0
707946,0
707947,0
707948,0
707949,0
707950,0
707951,0
707952,0
707953,0
707954,0
707955,0
707956,0
707957,0
707958,0
707959,0
707960,0
707961,0
707962,0
707963,0
707964,0
707965,0
707966,0
707967,0
707968,0
707969,0
707970,0
707971,0
707972,0
707973,0
707974,0
707975,0
707976,0
707977,0
707978,0
707979,0
707980,0
707981,0
707982,0
707983,0
707984,1
707985,0
707986,0
707987,0
707988,0
707989,0
707990,0
707991,0
707992,0
707993,0
707994,0
707995,0
707996,0
707997,0
707998,0
707999,0
708000,0
708001,0
708002,0
708003,0
708004,0
708005,0
708006,0
708007,0
708008,0
708009,0
708010,0
708011,0
708012,0
708013,0
708014,0
708015,0
708016,0
708017,0
708018,0
708019,0
708020,0
708021,0
708022,0
708023,0
708024,0
708025,0
708026,0
708027,0
708028,0
708029,0
708030,0
708031,0
708032,0
708033,0
708034,0
708035,0
708036,0
708037,0
708038,0
708039,0
708040,0
708041,0
708042,0
708043,0
708044,0
708045,0
708046,0
708047,0
708048,0
708049,0
708050,0
708051,0
708052,0
708053,0
708054,1
708055,1
708056,0
708057,0
708058,0
708059,0
708060,0
708061,0
708062,0
708063,0
708064,0
708065,0
708066,0
708067,0
708068,0
708069,0
708070,0
708071,0
708072,0
708073,0
708074,0
708075,0
708076,0
708077,0
708078,0
708079,0
708080,0
708081,0
708082,0
708083,0
708084,0
708085,0
708086,0
708087,0
708088,0
708089,0
708090,0
708091,0
708092,0
708093,0
708094,0
708095,0
708096,0
708097,0
708098,0
708099,0
708100,0
708101,0
708102,0
708103,0
708104,0
708105,0
708106,0
708107,0
708108,0
708109,0
708110,0
708111,0
708112,0
708113,0
708114,0
708115,0
708116,0
708117,0
708118,0
708119,0
708120,0
708121,0
708122,0
708123,0
708124,0
708125,0
708126,0
708127,0
708128,0
708129,0
708130,0
708131,0
708132,0
708133,0
708134,0
708135,0
708136,0
708137,0
708138,0
708139,0
708140,0
708141,0
708142,0
708143,0
708144,0
708145,0
708146,0
708147,0
708148,0
708149,0
708150,0
708151,0
708152,0
708153,0
708154,0
708155,0
708156,0
708157,0
708158,0
708159,0
708160,0
708161,0
708162,0
708163,0
708164,0
708165,0
708166,0
708167,0
708168,0
708169,0
708170,0
708171,0
708172,0
708173,0
708174,0
708175,0
708176,0
708177,0
708178,0
708179,0
708180,0
708181,0
708182,0
708183,0
708184,0
708185,0
708186,0
708187,0
708188,0
708189,0
708190,0
708191,0
708192,0
708193,0
708194,0
708195,0
708196,0
708197,0
708198,0
708199,0
708200,0
708201,0
708202,0
708203,0
708204,0
708205,0
708206,0
708207,0
708208,0
708209,0
708210,0
708211,0
708212,0
708213,0
708214,0
708215,0
708216,0
708217,0
708218,0
708219,0
708220,0
708221,0
708222,0
708223,0
708224,0
708225,0
708226,0
708227,0
708228,0
708229,0
708230,0
708231,0
708232,0
708233,0
708234,0
708235,0
708236,0
708237,0
708238,0
708239,0
708240,0
708241,0
708242,0
708243,0
708244,0
708245,0
708246,0
708247,0
708248,0
708249,0
708250,0
708251,0
708252,0
708253,0
708254,0
708255,0
708256,0
708257,0
708258,0
708259,0
708260,0
708261,0
708262,0
708263,0
708264,0
708265,0
708266,0
708267,0
708268,0
708269,0
708270,0
708271,0
708272,0
708273,0
708274,0
708275,0
708276,0
708277,0
708278,0
708279,0
708280,0
708281,0
708282,0
708283,0
708284,0
708285,0
708286,0
708287,0
708288,0
708289,0
708290,0
708291,0
708292,0
708293,0
708294,0
708295,0
708296,0
708297,0
708298,0
708299,0
708300,0
708301,1
708302,0
708303,0
708304,0
708305,0
708306,1
708307,0
708308,0
708309,0
708310,1
708311,2
708312,0
708313,0
708314,0
708315,0
708316,0
708317,0
708318,0
708319,0
708320,0
708321,0
708322,1
708323,2
708324,0
708325,0
708326,3
708327,0
708328,0
708329,2
708330,0
708331,1
708332,0
708333,0
708334,0
708335,0
708336,0
708337,1
708338,0
708339,0
708340,0
708341,0
708342,0
708343,0
708344,0
708345,0
708346,0
708347,0
708348,0
708349,0
708350,0
708351,0
708352,2
708353,0
708354,1
708355,0
708356,0
708357,0
708358,0
708359,0
708360,0
708361,1
708362,0
708363,0
708364,1
708365,0
708366,0
708367,0
708368,0
708369,0
708370,1
708371,1
708372,0
708373,1
708374,1
708375,0
708376,0
708377,0
708378,1
708379,0
708380,0
708381,0
708382,4
708383,0
708384,0
708385,0
708386,0
708387,0
708388,0
708389,0
708390,0
708391,0
708392,0
708393,0
708394,0
708395,0
708396,0
708397,0
708398,0
708399,0
708400,0
708401,0
708402,0
708403,0
708404,0
708405,0
708406,0
708407,0
708408,0
708409,0
708410,0
708411,0
708412,0
708413,0
708414,0
708415,0
708416,0
708417,2
708418,0
708419,0
708420,0
708421,2
708422,5
708423,0
708424,0
708425,0
708426,0
708427,0
708428,0
708429,0
708430,0
708431,0
708432,0
708433,0
708434,0
708435,0
708436,0
708437,0
708438,0
708439,0
708440,2
708441,0
708442,0
708443,0
708444,1
708445,0
708446,0
708447,2
708448,0
708449,0
708450,0
708451,0
708452,0
708453,0
708454,0
708455,0
708456,0
708457,0
708458,2
708459,0
708460,0
708461,0
708462,1
708463,0
708464,0
708465,1
708466,0
708467,0
708468,0
708469,0
708470,0
708471,0
708472,0
708473,0
708474,0
708475,0
708476,0
708477,0
708478,0
708479,0
708480,0
708481,2
708482,0
708483,0
708484,0
708485,2
708486,0
708487,0
708488,0
708489,0
708490,0
708491,0
708492,0
708493,0
708494,0
708495,0
708496,0
708497,0
708498,0
708499,2
708500,0
708501,0
708502,0
708503,0
708504,0
708505,0
708506,0
708507,0
708508,0
708509,0
708510,0
708511,0
708512,0
708513,0
708514,0
708515,1
708516,0
708517,0
708518,0
708519,0
708520,0
708521,0
708522,0
708523,1
708524,0
708525,0
708526,0
708527,1
708528,0
708529,0
708530,0
708531,0
708532,1
708533,0
708534,0
708535,2
708536,0
708537,0
708538,0
708539,0
708540,0
708541,0
708542,0
708543,4
708544,0
708545,0
708546,0
708547,0
708548,2
708549,0
708550,1
708551,0
708552,0
708553,0
708554,0
708555,1
708556,0
708557,0
708558,0
708559,0
708560,0
708561,2
708562,3
708563,0
708564,0
708565,0
708566,0
708567,0
708568,0
708569,0
708570,0
708571,0
708572,3
708573,0
708574,0
708575,0
708576,0
708577,0
708578,1
708579,0
708580,0
708581,0
708582,0
708583,0
708584,0
708585,0
708586,0
708587,0
708588,0
708589,0
708590,0
708591,0
708592,1
708593,0
708594,0
708595,0
708596,0
708597,0
708598,0
708599,3
708600,2
708601,0
708602,0
708603,0
708604,3
708605,0
708606,0
708607,0
708608,0
708609,0
708610,0
708611,0
708612,0
708613,0
708614,0
708615,0
708616,2
708617,1
708618,0
708619,1
708620,0
708621,0
708622,0
708623,0
708624,0
708625,3
708626,2
708627,0
708628,0
708629,0
708630,0
708631,0
708632,0
708633,0
708634,2
708635,0
708636,0
708637,0
708638,0
708639,0
708640,0
708641,0
708642,0
708643,0
708644,0
708645,0
708646,0
708647,0
708648,0
708649,0
708650,0
708651,0
708652,0
708653,0
708654,0
708655,0
708656,0
708657,0
708658,0
708659,0
708660,0
708661,0
708662,0
708663,0
708664,0
708665,0
708666,0
708667,0
708668,0
708669,0
708670,0
708671,0
708672,0
708673,0
708674,0
708675,0
708676,0
708677,0
708678,0
708679,0
708680,0
708681,0
708682,0
708683,0
708684,1
708685,0
708686,0
708687,0
708688,1
708689,0
708690,0
708691,0
708692,0
708693,0
708694,0
708695,0
708696,0
708697,0
708698,0
708699,0
708700,0
708701,0
708702,0
708703,0
708704,0
708705,0
708706,0
708707,0
708708,0
708709,0
708710,0
708711,3
708712,0
708713,0
708714,0
708715,0
708716,0
708717,0
708718,1
708719,0
708720,0
708721,0
708722,2
708723,2
708724,0
708725,0
708726,0
708727,1
708728,0
708729,0
708730,1
708731,0
708732,0
708733,0
708734,0
708735,0
708736,0
708737,0
708738,4
708739,0
708740,0
708741,0
708742,0
708743,0
708744,0
708745,0
708746,0
708747,0
708748,0
708749,0
708750,0
708751,0
708752,0
708753,0
708754,0
708755,0
708756,0
708757,0
708758,0
708759,0
708760,0
708761,0
708762,0
708763,0
708764,0
708765,0
708766,0
708767,0
708768,0
708769,0
708770,0
708771,0
708772,0
708773,0
708774,0
708775,0
708776,0
708777,1
708778,0
708779,0
708780,0
708781,1
708782,0
708783,0
708784,0
708785,0
708786,0
708787,0
708788,0
708789,0
708790,1
708791,0
708792,0
708793,0
708794,0
708795,0
708796,6
708797,0
708798,0
708799,0
708800,0
708801,0
708802,0
708803,3
708804,0
708805,0
708806,0
708807,0
708808,0
708809,0
708810,0
708811,0
708812,0
708813,0
708814,0
708815,0
708816,1
708817,0
708818,0
708819,0
708820,0
708821,0
708822,2
708823,3
708824,0
708825,0
708826,0
708827,0
708828,0
708829,0
708830,0
708831,0
708832,0
708833,1
708834,0
708835,0
708836,0
708837,0
708838,1
708839,0
708840,0
708841,0
708842,2
708843,0
708844,0
708845,0
708846,0
708847,0
708848,0
708849,0
708850,0
708851,0
708852,0
708853,0
708854,0
708855,0
708856,0
708857,0
708858,0
708859,0
708860,0
708861,0
708862,0
708863,0
708864,0
708865,0
708866,0
708867,0
708868,0
708869,0
708870,0
708871,1
708872,0
708873,3
708874,0
708875,1
708876,0
708877,0
708878,0
708879,0
708880,0
708881,3
708882,0
708883,0
708884,0
708885,0
708886,0
708887,2
708888,0
708889,0
708890,2
708891,1
708892,0
708893,0
708894,0
708895,0
708896,0
708897,0
708898,0
708899,0
708900,0
708901,0
708902,0
708903,0
708904,0
708905,0
708906,1
708907,0
708908,0
708909,0
708910,1
708911,0
708912,0
708913,0
708914,1
708915,0
708916,0
708917,3
708918,0
708919,0
708920,0
708921,0
708922,0
708923,0
708924,1
708925,0
708926,0
708927,0
708928,3
708929,0
708930,0
708931,0
708932,0
708933,0
708934,0
708935,0
708936,0
708937,0
708938,0
708939,0
708940,0
708941,1
708942,0
708943,0
708944,0
708945,0
708946,0
708947,0
708948,0
708949,0
708950,0
708951,0
708952,0
708953,0
708954,0
708955,0
708956,0
708957,0
708958,0
708959,0
708960,0
708961,0
708962,2
708963,0
708964,0
708965,0
708966,3
708967,0
708968,0
708969,0
708970,0
708971,1
708972,1
708973,0
708974,0
708975,0
708976,0
708977,1
708978,0
708979,0
708980,0
708981,1
708982,1
708983,0
708984,1
708985,0
708986,0
708987,0
708988,1
708989,1
708990,0
708991,0
708992,1
708993,0
708994,0
708995,0
708996,0
708997,0
708998,0
708999,0
709000,0
709001,0
709002,2
709003,2
709004,0
709005,0
709006,0
709007,0
709008,0
709009,2
709010,0
709011,0
709012,0
709013,0
709014,0
709015,0
709016,0
709017,0
709018,0
709019,0
709020,0
709021,0
709022,1
709023,0
709024,0
709025,0
709026,0
709027,0
709028,0
709029,0
709030,0
709031,0
709032,0
709033,0
709034,0
709035,0
709036,0
709037,0
709038,0
709039,0
709040,0
709041,0
709042,0
709043,0
709044,0
709045,0
709046,0
709047,0
709048,0
709049,0
709050,0
709051,0
709052,0
709053,0
709054,0
709055,0
709056,0
709057,0
709058,0
709059,0
709060,0
709061,0
709062,0
709063,0
709064,0
709065,0
709066,0
709067,2
709068,0
709069,1
709070,0
709071,0
709072,2
709073,0
709074,0
709075,0
709076,3
709077,2
709078,0
709079,0
709080,0
709081,0
709082,0
709083,0
709084,0
709085,0
709086,0
709087,0
709088,0
709089,0
709090,0
709091,0
709092,0
709093,0
709094,1
709095,0
709096,0
709097,1
709098,0
709099,0
709100,0
709101,0
709102,0
709103,0
709104,0
709105,0
709106,0
709107,0
709108,0
709109,0
709110,0
709111,0
709112,0
709113,0
709114,1
709115,0
709116,1
709117,0
709118,3
709119,0
709120,0
709121,0
709122,0
709123,0
709124,0
709125,0
709126,0
709127,0
709128,0
709129,0
709130,0
709131,0
709132,0
709133,4
709134,0
709135,0
709136,0
709137,0
709138,0
709139,2
709140,0
709141,0
709142,0
709143,0
709144,3
709145,0
709146,0
709147,0
709148,0
709149,0
709150,0
709151,0
709152,0
709153,0
709154,0
709155,7
709156,0
709157,0
709158,7
709159,11
709160,0
709161,0
709162,11
709163,0
709164,0
709165,10
709166,0
709167,0
709168,0
709169,0
709170,7
709171,15
709172,7
709173,0
709174,0
709175,0
709176,0
709177,0
709178,0
709179,0
709180,0
709181,0
709182,0
709183,0
709184,0
709185,4
709186,0
709187,0
709188,0
709189,10
709190,0
709191,0
709192,0
709193,6
709194,5
709195,17
709196,0
709197,0
709198,0
709199,0
709200,4
709201,0
709202,0
709203,0
709204,0
709205,0
709206,0
709207,0
709208,0
709209,12
709210,8
709211,0
709212,0
709213,0
709214,0
709215,0
709216,0
709217,0
709218,0
709219,0
709220,13
709221,0
709222,0
709223,0
709224,0
709225,8
709226,0
709227,7
709228,0
709229,0
709230,12
709231,0
709232,0
709233,0
709234,8
709235,10
709236,0
709237,0
709238,0
709239,0
709240,0
709241,0
709242,0
709243,0
709244,7
709245,0
709246,0
709247,0
709248,0
709249,8
709250,0
709251,0
709252,0
709253,0
709254,0
709255,0
709256,0
709257,0
709258,0
709259,10
709260,6
709261,0
709262,0
709263,16
709264,0
709265,0
709266,0
709267,12
709268,0
709269,17
709270,0
709271,0
709272,3
709273,0
709274,0
709275,13
709276,9
709277,0
709278,0
709279,0
709280,0
709281,15
709282,0
709283,9
709284,6
709285,0
709286,0
709287,19
709288,0
709289,0
709290,11
709291,11
709292,0
709293,19
709294,0
709295,0
709296,0
709297,0
709298,12
709299,0
709300,0
709301,0
709302,0
709303,0
709304,0
709305,0
709306,12
709307,0
709308,0
709309,0
709310,0
709311,0
709312,0
709313,0
709314,8
709315,0
709316,10
709317,0
709318,0
709319,10
709320,7
709321,0
709322,6
709323,9
709324,15
709325,11
709326,0
709327,0
709328,0
709329,0
709330,9
709331,0
709332,0
709333,0
709334,0
709335,8
709336,0
709337,0
709338,5
709339,0
709340,0
709341,0
709342,0
709343,0
709344,7
709345,0
709346,11
709347,0
709348,0
709349,0
709350,0
709351,0
709352,0
709353,0
709354,0
709355,0
709356,14
709357,3
709358,0
709359,0
709360,0
709361,0
709362,0
709363,0
709364,0
709365,0
709366,0
709367,0
709368,0
709369,0
709370,0
709371,0
709372,9
709373,10
709374,0
709375,0
709376,0
709377,0
709378,0
709379,0
709380,0
709381,0
709382,0
709383,0
709384,0
709385,0
709386,24
709387,20
709388,0
709389,11
709390,7
709391,0
709392,0
709393,0
709394,0
709395,0
709396,0
709397,0
709398,14
709399,0
709400,0
709401,0
709402,10
709403,6
709404,11
709405,9
709406,0
709407,11
709408,0
709409,0
709410,0
709411,0
709412,0
709413,0
709414,0
709415,16
709416,15
709417,0
709418,0
709419,0
709420,0
709421,0
709422,0
709423,0
709424,0
709425,8
709426,0
709427,0
709428,0
709429,0
709430,0
709431,3
709432,9
709433,4
709434,0
709435,0
709436,12
709437,0
709438,0
709439,0
709440,0
709441,0
709442,0
709443,16
709444,0
709445,0
709446,0
709447,9
709448,0
709449,0
709450,0
709451,19
709452,0
709453,0
709454,0
709455,0
709456,0
709457,0
709458,8
709459,0
709460,10
709461,0
709462,0
709463,0
709464,0
709465,0
709466,0
709467,0
709468,0
709469,0
709470,0
709471,0
709472,0
709473,9
709474,0
709475,0
709476,0
709477,9
709478,15
709479,0
709480,0
709481,0
709482,0
709483,0
709484,0
709485,0
709486,0
709487,0
709488,0
709489,15
709490,0
709491,0
709492,0
709493,0
709494,0
709495,0
709496,0
709497,0
709498,0
709499,0
709500,0
709501,14
709502,0
709503,0
709504,8
709505,0
709506,0
709507,0
709508,0
709509,15
709510,0
709511,0
709512,8
709513,0
709514,8
709515,0
709516,0
709517,0
709518,0
709519,0
709520,0
709521,7
709522,8
709523,0
709524,0
709525,0
709526,14
709527,0
709528,0
709529,0
709530,16
709531,0
709532,0
709533,0
709534,0
709535,0
709536,0
709537,0
709538,0
709539,0
709540,0
709541,0
709542,10
709543,0
709544,14
709545,0
709546,9
709547,0
709548,4
709549,0
709550,0
709551,2
709552,9
709553,0
709554,10
709555,0
709556,6
709557,0
709558,5
709559,0
709560,0
709561,0
709562,0
709563,0
709564,0
709565,6
709566,0
709567,8
709568,16
709569,0
709570,0
709571,0
709572,0
709573,6
709574,6
709575,10
709576,0
709577,0
709578,0
709579,0
709580,0
709581,9
709582,0
709583,0
709584,0
709585,8
709586,13
709587,9
709588,0
709589,6
709590,0
709591,0
709592,0
709593,0
709594,9
709595,0
709596,0
709597,0
709598,0
709599,12
709600,0
709601,0
709602,0
709603,0
709604,7
709605,0
709606,0
709607,9
709608,0
709609,0
709610,0
709611,0
709612,0
709613,16
709614,0
709615,0
709616,0
709617,5
709618,0
709619,10
709620,0
709621,5
709622,0
709623,0
709624,0
709625,0
709626,0
709627,0
709628,9
709629,0
709630,12
709631,0
709632,0
709633,6
709634,0
709635,0
709636,0
709637,0
709638,0
709639,0
709640,7
709641,0
709642,7
709643,0
709644,0
709645,0
709646,0
709647,0
709648,0
709649,0
709650,0
709651,0
709652,0
709653,0
709654,0
709655,15
709656,0
709657,12
709658,0
709659,0
709660,0
709661,0
709662,0
709663,7
709664,0
709665,0
709666,0
709667,0
709668,6
709669,0
709670,11
709671,0
709672,0
709673,0
709674,0
709675,0
709676,13
709677,12
709678,0
709679,0
709680,0
709681,9
709682,0
709683,0
709684,13
709685,0
709686,0
709687,0
709688,12
709689,0
709690,0
709691,0
709692,0
709693,17
709694,0
709695,0
709696,0
709697,0
709698,0
709699,10
709700,11
709701,0
709702,0
709703,0
709704,0
709705,0
709706,0
709707,10
709708,0
709709,0
709710,10
709711,0
709712,0
709713,0
709714,11
709715,0
709716,0
709717,0
709718,0
709719,0
709720,0
709721,0
709722,0
709723,0
709724,0
709725,0
709726,0
709727,0
709728,0
709729,3
709730,0
709731,10
709732,0
709733,0
709734,4
709735,0
709736,0
709737,11
709738,6
709739,0
709740,0
709741,0
709742,0
709743,9
709744,0
709745,13
709746,0
709747,0
709748,16
709749,0
709750,0
709751,0
709752,2
709753,0
709754,0
709755,0
709756,0
709757,0
709758,9
709759,0
709760,0
709761,0
709762,0
709763,0
709764,0
709765,14
709766,0
709767,0
709768,10
709769,0
709770,0
709771,0
709772,7
709773,0
709774,0
709775,0
709776,0
709777,16
709778,0
709779,0
709780,0
709781,0
709782,0
709783,0
709784,0
709785,0
709786,0
709787,10
709788,0
709789,0
709790,11
709791,0
709792,20
709793,0
709794,0
709795,0
709796,0
709797,0
709798,0
709799,0
709800,0
709801,0
709802,0
709803,0
709804,5
709805,0
709806,13
709807,1
709808,0
709809,0
709810,0
709811,0
709812,0
709813,0
709814,18
709815,7
709816,0
709817,10
709818,0
709819,0
709820,7
709821,0
709822,9
709823,10
709824,0
709825,4
709826,0
709827,0
709828,13
709829,7
709830,0
709831,3
709832,0
709833,0
709834,0
709835,10
709836,0
709837,0
709838,0
709839,0
709840,6
709841,0
709842,7
709843,0
709844,0
709845,0
709846,0
709847,0
709848,0
709849,11
709850,14
709851,0
709852,16
709853,0
709854,0
709855,0
709856,0
709857,0
709858,0
709859,0
709860,0
709861,0
709862,0
709863,7
709864,10
709865,12
709866,0
709867,0
709868,0
709869,0
709870,0
709871,0
709872,0
709873,0
709874,0
709875,0
709876,0
709877,0
709878,5
709879,0
709880,13
709881,0
709882,14
709883,0
709884,8
709885,0
709886,0
709887,0
709888,0
709889,0
709890,7
709891,14
709892,0
709893,0
709894,8
709895,12
709896,11
709897,0
709898,10
709899,0
709900,11
709901,0
709902,0
709903,0
709904,0
709905,14
709906,0
709907,8
709908,15
709909,0
709910,0
709911,0
709912,12
709913,19
709914,0
709915,0
709916,0
709917,9
709918,0
709919,6
709920,0
709921,0
709922,0
709923,0
709924,0
709925,12
709926,0
709927,9
709928,0
709929,0
709930,0
709931,0
709932,0
709933,0
709934,0
709935,5
709936,0
709937,0
709938,0
709939,0
709940,0
709941,0
709942,7
709943,11
709944,0
709945,0
709946,0
709947,0
709948,0
709949,0
709950,0
709951,0
709952,0
709953,3
709954,0
709955,10
709956,0
709957,13
709958,0
709959,10
709960,0
709961,0
709962,0
709963,0
709964,0
709965,0
709966,0
709967,7
709968,0
709969,0
709970,0
709971,0
709972,3
709973,0
709974,6
709975,0
709976,0
709977,8
709978,0
709979,11
709980,0
709981,0
709982,0
709983,0
709984,5
709985,0
709986,5
709987,0
709988,0
709989,0
709990,0
709991,0
709992,0
709993,0
709994,0
709995,8
709996,0
709997,0
709998,0
709999,0
710000,0
710001,0
710002,0
710003,5
710004,0
710005,0
710006,7
710007,0
710008,4
710009,0
710010,3
710011,0
710012,0
710013,0
710014,13
710015,0
710016,0
710017,7
710018,0
710019,4
710020,0
710021,0
710022,0
710023,4
710024,8
710025,0
710026,0
710027,0
710028,2
710029,0
710030,0
710031,5
710032,0
710033,0
710034,0
710035,0
710036,0
710037,0
710038,6
710039,0
710040,0
710041,0
710042,0
710043,0
710044,0
710045,0
710046,10
710047,0
710048,6
710049,0
710050,0
710051,0
710052,0
710053,0
710054,0
710055,0
710056,0
710057,0
710058,0
710059,3
710060,0
710061,0
710062,0
710063,0
710064,0
710065,0
710066,0
710067,0
710068,0
710069,0
710070,0
710071,0
710072,0
710073,0
710074,0
710075,0
710076,0
710077,0
710078,0
710079,0
710080,14
710081,0
710082,0
710083,8
710084,0
710085,0
710086,0
710087,0
710088,0
710089,6
710090,0
710091,6
710092,0
710093,0
710094,0
710095,0
710096,8
710097,0
710098,0
710099,0
710100,0
710101,0
710102,0
710103,0
710104,7
710105,0
710106,5
710107,0
710108,0
710109,0
710110,0
710111,0
710112,0
710113,0
710114,0
710115,3
710116,0
710117,0
710118,0
710119,5
710120,0
710121,9
710122,12
710123,7
710124,0
710125,0
710126,0
710127,10
710128,0
710129,0
710130,0
710131,0
710132,0
710133,0
710134,0
710135,0
710136,10
710137,0
710138,0
710139,0
710140,0
710141,0
710142,0
710143,0
710144,0
710145,0
710146,0
710147,8
710148,7
710149,0
710150,0
710151,0
710152,0
710153,0
710154,0
710155,0
710156,0
710157,0
710158,9
710159,0
710160,0
710161,0
710162,0
710163,0
710164,0
710165,0
710166,0
710167,0
710168,0
710169,11
710170,0
710171,0
710172,0
710173,7
710174,0
710175,0
710176,0
710177,0
710178,0
710179,10
710180,0
710181,0
710182,10
710183,0
710184,0
710185,0
710186,8
710187,10
710188,0
710189,0
710190,3
710191,0
710192,0
710193,0
710194,0
710195,6
710196,0
710197,0
710198,0
710199,0
710200,0
710201,0
710202,7
710203,0
710204,0
710205,0
710206,0
710207,0
710208,0
710209,8
710210,0
710211,71
710212,21
710213,64
710214,0
710215,0
710216,34
710217,0
710218,0
710219,36
710220,0
710221,0
710222,0
710223,0
710224,0
710225,0
710226,51
710227,0
710228,0
710229,0
710230,0
710231,42
710232,35
710233,0
710234,0
710235,0
710236,0
710237,0
710238,36
710239,0
710240,0
710241,0
710242,11
710243,0
710244,35
710245,0
710246,0
710247,0
710248,0
710249,0
710250,48
710251,0
710252,0
710253,0
710254,34
710255,57
710256,65
710257,43
710258,0
710259,0
710260,0
710261,0
710262,0
710263,0
710264,0
710265,44
710266,0
710267,0
710268,22
710269,35
710270,0
710271,0
710272,0
710273,25
710274,0
710275,41
710276,0
710277,0
710278,0
710279,13
710280,32
710281,69
710282,29
710283,0
710284,8
710285,0
710286,0
710287,0
710288,0
710289,46
710290,0
710291,32
710292,0
710293,0
710294,0
710295,23
710296,54
710297,22
710298,62
710299,40
710300,0
710301,25
710302,0
710303,0
710304,80
710305,0
710306,0
710307,0
710308,40
710309,87
710310,83
710311,38
710312,0
710313,0
710314,0
710315,0
710316,0
710317,0
710318,0
710319,0
710320,43
710321,0
710322,31
710323,0
710324,16
710325,0
710326,0
710327,44
710328,0
710329,0
710330,39
710331,0
710332,0
710333,0
710334,40
710335,50
710336,0
710337,42
710338,26
710339,70
710340,28
710341,49
710342,24
710343,54
710344,0
710345,76
710346,0
710347,41
710348,34
710349,19
710350,0
710351,84
710352,25
710353,0
710354,48
710355,0
710356,0
710357,0
710358,0
710359,0
710360,0
710361,18
710362,33
710363,0
710364,26
710365,17
710366,0
710367,34
710368,0
710369,0
710370,0
710371,0
710372,0
710373,0
710374,16
710375,0
710376,0
710377,32
710378,0
710379,0
710380,0
710381,0
710382,0
710383,0
710384,0
710385,57
710386,40
710387,0
710388,0
710389,0
710390,32
710391,0
710392,0
710393,41
710394,0
710395,0
710396,0
710397,0
710398,0
710399,0
710400,0
710401,0
710402,45
710403,0
710404,0
710405,0
710406,14
710407,0
710408,0
710409,37
710410,55
710411,0
710412,0
710413,66
710414,0
710415,31
710416,0
710417,38
710418,0
710419,32
710420,0
710421,0
710422,0
710423,28
710424,68
710425,0
710426,0
710427,0
710428,0
710429,0
710430,43
710431,0
710432,0
710433,0
710434,0
710435,0
710436,0
710437,0
710438,31
710439,0
710440,0
710441,20
710442,0
710443,31
710444,0
710445,0
710446,0
710447,0
710448,0
710449,32
710450,0
710451,0
710452,33
710453,0
710454,61
710455,0
710456,0
710457,43
710458,0
710459,78
710460,68
710461,0
710462,0
710463,0
710464,0
710465,0
710466,0
710467,0
710468,0
710469,0
710470,0
710471,0
710472,0
710473,60
710474,0
710475,0
710476,16
710477,9
710478,0
710479,11
710480,0
710481,0
710482,0
710483,0
710484,11
710485,0
710486,0
710487,0
710488,11
710489,0
710490,0
710491,0
710492,0
710493,0
710494,19
710495,0
710496,0
710497,0
710498,0
710499,15
710500,0
710501,0
710502,0
710503,12
710504,18
710505,17
710506,0
710507,0
710508,0
710509,16
710510,0
710511,0
710512,23
710513,17
710514,0
710515,0
710516,0
710517,0
710518,6
710519,0
710520,0
710521,0
710522,0
710523,0
710524,0
710525,0
710526,0
710527,0
710528,0
710529,23
710530,15
710531,0
710532,0
710533,0
710534,0
710535,0
710536,0
710537,0
710538,14
710539,8
710540,0
710541,11
710542,21
710543,0
710544,0
710545,13
710546,0
710547,0
710548,0
710549,0
710550,0
710551,24
710552,20
710553,0
710554,0
710555,22
710556,0
710557,24
710558,0
710559,0
710560,0
710561,0
710562,9
710563,0
710564,0
710565,25
710566,8
710567,0
710568,21
710569,0
710570,0
710571,10
710572,0
710573,17
710574,0
710575,0
710576,14
710577,19
710578,0
710579,0
710580,23
710581,0
710582,0
710583,0
710584,0
710585,0
710586,0
710587,0
710588,0
710589,11
710590,0
710591,0
710592,0
710593,0
710594,21
710595,6
710596,13
710597,0
710598,0
710599,12
710600,0
710601,0
710602,22
710603,0
710604,0
710605,10
710606,0
710607,0
710608,0
710609,0
710610,0
710611,11
710612,0
710613,0
710614,0
710615,0
710616,0
710617,0
710618,16
710619,0
710620,0
710621,11
710622,23
710623,0
710624,0
710625,0
710626,0
710627,0
710628,0
710629,0
710630,0
710631,13
710632,5
710633,14
710634,0
710635,19
710636,0
710637,0
710638,0
710639,0
710640,0
710641,0
710642,0
710643,19
710644,11
710645,0
710646,11
710647,10
710648,0
710649,33
710650,0
710651,0
710652,0
710653,0
710654,0
710655,0
710656,12
710657,12
710658,0
710659,0
710660,0
710661,0
710662,32
710663,0
710664,0
710665,0
710666,0
710667,27
710668,0
710669,20
710670,0
710671,26
710672,0
710673,0
710674,0
710675,17
710676,0
710677,23
710678,26
710679,0
710680,0
710681,0
710682,0
710683,26
710684,0
710685,0
710686,0
710687,31
710688,0
710689,0
710690,0
710691,0
710692,29
710693,0
710694,0
710695,0
710696,0
710697,0
710698,0
710699,0
710700,0
710701,0
710702,0
710703,0
710704,0
710705,0
710706,17
710707,0
710708,0
710709,0
710710,0
710711,49
710712,0
710713,35
710714,0
710715,0
710716,0
710717,0
710718,45
710719,0
710720,36
710721,0
710722,0
710723,0
710724,0
710725,0
710726,0
710727,0
710728,0
710729,0
710730,0
710731,0
710732,0
710733,0
710734,0
710735,0
710736,22
710737,0
710738,0
710739,0
710740,0
710741,0
710742,0
710743,0
710744,0
710745,19
710746,40
710747,0
710748,0
710749,25
710750,0
710751,0
710752,27
710753,0
710754,0
710755,0
710756,0
710757,0
710758,15
710759,0
710760,13
710761,0
710762,0
710763,0
710764,0
710765,0
710766,0
710767,0
710768,0
710769,0
710770,0
710771,0
710772,0
710773,0
710774,26
710775,33
710776,0
710777,0
710778,0
710779,0
710780,29
710781,34
710782,0
710783,0
710784,0
710785,0
710786,0
710787,30
710788,0
710789,0
710790,0
710791,0
710792,0
710793,0
710794,23
710795,0
710796,0
710797,0
710798,19
710799,0
710800,0
710801,26
710802,0
710803,0
710804,0
710805,31
710806,0
710807,0
710808,0
710809,0
710810,0
710811,0
710812,0
710813,0
710814,0
710815,0
710816,0
710817,30
710818,0
710819,0
710820,0
710821,0
710822,0
710823,0
710824,0
710825,29
710826,0
710827,0
710828,34
710829,0
710830,22
710831,0
710832,37
710833,28
710834,0
710835,0
710836,0
710837,0
710838,0
710839,0
710840,0
710841,0
710842,23
710843,32
710844,0
710845,0
710846,0
710847,38
710848,26
710849,0
710850,24
710851,0
710852,0
710853,28
710854,0
710855,0
710856,0
710857,0
710858,0
710859,16
710860,0
710861,0
710862,0
710863,0
710864,21
710865,0
710866,0
710867,0
710868,0
710869,19
710870,0
710871,0
710872,0
710873,31
710874,0
710875,0
710876,0
710877,0
710878,0
710879,0
710880,24
710881,32
710882,0
710883,12
710884,25
710885,0
710886,0
710887,0
710888,0
710889,0
710890,0
710891,0
710892,0
710893,43
710894,0
710895,0
710896,0
710897,21
710898,0
710899,0
710900,0
710901,0
710902,0
710903,0
710904,0
710905,0
710906,24
710907,0
710908,0
710909,0
710910,0
710911,26
710912,0
710913,0
710914,0
710915,0
710916,0
710917,0
710918,0
710919,27
710920,21
710921,0
710922,0
710923,23
710924,0
710925,0
710926,0
710927,0
710928,0
710929,0
710930,0
710931,18
710932,0
710933,0
710934,0
710935,0
710936,0
710937,0
710938,0
710939,0
710940,0
710941,25
710942,32
710943,0
710944,41
710945,0
710946,19
710947,23
710948,0
710949,0
710950,0
710951,0
710952,0
710953,19
710954,0
710955,0
710956,0
710957,19
710958,0
710959,0
710960,0
710961,0
710962,0
710963,0
710964,0
710965,31
710966,0
710967,0
710968,0
710969,0
710970,0
710971,0
710972,0
710973,0
710974,0
710975,0
710976,0
710977,0
710978,0
710979,22
710980,32
710981,0
710982,0
710983,0
710984,0
710985,0
710986,0
710987,0
710988,0
710989,0
710990,0
710991,0
710992,0
710993,0
710994,28
710995,0
710996,0
710997,0
710998,0
710999,23
711000,0
711001,0
711002,0
711003,0
711004,34
711005,0
711006,0
711007,0
711008,0
711009,0
711010,0
711011,0
711012,0
711013,0
711014,29
711015,0
711016,0
711017,0
711018,0
711019,0
711020,0
711021,0
711022,0
711023,0
711024,0
711025,0
711026,0
711027,0
711028,0
711029,0
711030,43
711031,0
711032,0
711033,0
711034,0
711035,31
711036,0
711037,0
711038,0
711039,0
711040,0
711041,0
711042,0
711043,0
711044,0
711045,0
711046,0
711047,0
711048,28
711049,26
711050,0
711051,0
711052,0
711053,0
711054,0
711055,0
711056,0
711057,0
711058,0
711059,0
711060,0
711061,16
711062,0
711063,0
711064,0
711065,0
711066,0
711067,0
711068,0
711069,0
711070,0
711071,0
711072,0
711073,0
711074,0
711075,0
711076,0
711077,0
711078,23
711079,0
711080,0
711081,22
711082,0
711083,0
711084,0
711085,0
711086,0
711087,0
711088,0
711089,0
711090,0
711091,0
711092,0
711093,0
711094,22
711095,0
711096,30
711097,0
711098,0
711099,0
711100,26
711101,0
711102,0
711103,0
711104,0
711105,0
711106,0
711107,28
711108,0
711109,0
711110,0
711111,0
711112,0
711113,0
711114,0
711115,30
711116,0
711117,0
711118,0
711119,0
711120,0
711121,0
711122,0
711123,0
711124,0
711125,27
711126,0
711127,27
711128,0
711129,0
711130,0
711131,0
711132,0
711133,0
711134,0
711135,0
711136,0
711137,0
711138,0
711139,0
711140,0
711141,0
711142,0
711143,0
711144,0
711145,0
711146,0
711147,0
711148,0
711149,0
711150,0
711151,0
711152,0
711153,34
711154,0
711155,0
711156,0
711157,0
711158,29
711159,0
711160,25
711161,0
711162,0
711163,0
711164,0
711165,0
711166,0
711167,0
711168,0
711169,0
711170,0
711171,0
711172,0
711173,0
711174,0
711175,0
711176,0
711177,0
711178,0
711179,0
711180,0
711181,0
711182,0
711183,0
711184,0
711185,0
711186,0
711187,0
711188,38
711189,0
711190,0
711191,27
711192,0
711193,0
711194,0
711195,0
711196,0
711197,0
711198,0
711199,0
711200,0
711201,0
711202,0
711203,0
711204,0
711205,0
711206,0
711207,0
711208,0
711209,0
711210,0
711211,0
711212,0
711213,0
711214,0
711215,0
711216,0
711217,0
711218,0
711219,0
711220,0
711221,0
711222,0
711223,0
711224,0
711225,0
711226,0
711227,0
711228,0
711229,26
711230,0
711231,0
711232,0
711233,0
711234,0
711235,0
711236,0
711237,16
711238,25
711239,14
711240,22
711241,0
711242,0
711243,0
711244,42
711245,0
711246,0
711247,0
711248,0
711249,0
711250,0
711251,0
711252,32
711253,0
711254,26
711255,0
711256,0
711257,0
711258,32
711259,0
711260,0
711261,0
711262,0
711263,0
711264,29
711265,0
711266,36
711267,0
711268,36
711269,0
711270,0
711271,0
711272,0
711273,0
711274,23
711275,29
711276,25
711277,0
711278,0
711279,0
711280,0
711281,0
711282,0
711283,32
711284,0
711285,0
711286,22
711287,0
711288,0
711289,0
711290,0
711291,0
711292,0
711293,0
711294,0
711295,0
711296,0
711297,0
711298,0
711299,0
711300,0
711301,25
711302,19
711303,0
711304,0
711305,0
711306,0
711307,25
711308,29
711309,0
711310,0
711311,0
711312,0
711313,0
711314,0
711315,0
711316,0
711317,0
711318,0
711319,0
711320,0
711321,0
711322,39
711323,0
711324,0
711325,29
711326,0
711327,0
711328,0
711329,0
711330,0
711331,29
711332,0
711333,0
711334,0
711335,0
711336,0
711337,0
711338,0
711339,0
711340,0
711341,0
711342,0
711343,0
711344,0
711345,0
711346,0
711347,0
711348,0
711349,0
711350,0
711351,0
711352,0
711353,0
711354,43
711355,0
711356,0
711357,0
711358,0
711359,0
711360,0
711361,0
711362,0
711363,0
711364,0
711365,0
711366,45
711367,21
711368,36
711369,0
711370,0
711371,24
711372,0
711373,0
711374,0
711375,0
711376,0
711377,0
711378,0
711379,0
711380,0
711381,0
711382,28
711383,0
711384,0
711385,0
711386,0
711387,0
711388,16
711389,0
711390,0
711391,0
711392,0
711393,0
711394,24
711395,22
711396,0
711397,0
711398,0
711399,0
711400,0
711401,25
711402,0
711403,33
711404,0
711405,24
711406,0
711407,0
711408,36
711409,0
711410,0
711411,0
711412,0
711413,0
711414,21
711415,0
711416,19
711417,0
711418,0
711419,0
711420,0
711421,0
711422,0
711423,0
711424,0
711425,0
711426,0
711427,0
711428,0
711429,0
711430,0
711431,0
711432,0
711433,0
711434,0
711435,0
711436,0
711437,0
711438,31
711439,0
711440,0
711441,0
711442,33
711443,0
711444,0
711445,0
711446,0
711447,0
711448,0
711449,0
711450,0
711451,0
711452,0
711453,0
711454,24
711455,0
711456,0
711457,0
711458,0
711459,0
711460,0
711461,0
711462,0
711463,0
711464,0
711465,0
711466,0
711467,26
711468,0
711469,0
711470,0
711471,0
711472,0
711473,0
711474,0
711475,0
711476,0
711477,0
711478,0
711479,0
711480,0
711481,0
711482,0
711483,0
711484,0
711485,32
711486,0
711487,0
711488,0
711489,0
711490,0
711491,0
711492,0
711493,0
711494,28
711495,0
711496,21
711497,25
711498,37
711499,0
711500,0
711501,0
711502,0
711503,0
711504,0
711505,0
711506,0
711507,0
711508,0
711509,0
711510,0
711511,0
711512,0
711513,0
711514,0
711515,0
711516,0
711517,0
711518,0
711519,0
711520,0
711521,0
711522,0
711523,30
711524,0
711525,0
711526,0
711527,0
711528,0
711529,0
711530,31
711531,0
711532,23
711533,0
711534,29
711535,0
711536,0
711537,16
711538,0
711539,0
711540,0
711541,0
711542,0
711543,0
711544,0
711545,0
711546,0
711547,0
711548,0
711549,23
711550,0
711551,0
711552,0
711553,35
711554,0
711555,0
711556,0
711557,0
711558,0
711559,10
711560,0
711561,0
711562,0
711563,0
711564,0
711565,22
711566,0
711567,0
711568,0
711569,0
711570,0
711571,0
711572,0
711573,0
711574,0
711575,33
711576,0
711577,21
711578,0
711579,0
711580,0
711581,0
711582,0
711583,0
711584,0
711585,0
711586,0
711587,0
711588,0
711589,0
711590,29
711591,0
711592,0
711593,0
711594,0
711595,0
711596,0
711597,26
711598,0
711599,0
711600,0
711601,0
711602,0
711603,0
711604,0
711605,21
711606,29
711607,0
711608,0
711609,0
711610,0
711611,0
711612,0
711613,0
711614,0
711615,28
711616,0
711617,0
711618,0
711619,0
711620,14
711621,0
711622,0
711623,0
711624,0
711625,0
711626,0
711627,0
711628,32
711629,0
711630,0
711631,0
711632,0
711633,0
711634,0
711635,0
711636,0
711637,0
711638,0
711639,0
711640,0
711641,0
711642,0
711643,0
711644,30
711645,0
711646,0
711647,0
711648,0
711649,24
711650,0
711651,0
711652,0
711653,0
711654,0
711655,0
711656,0
711657,0
711658,0
711659,0
711660,0
711661,30
711662,0
711663,0
711664,0
711665,0
711666,0
711667,0
711668,0
711669,0
711670,0
711671,0
711672,0
711673,0
711674,0
711675,32
711676,0
711677,0
711678,0
711679,26
711680,0
711681,0
711682,0
711683,0
711684,0
711685,0
711686,0
711687,0
711688,0
711689,0
711690,0
711691,0
711692,0
711693,0
711694,0
711695,21
711696,0
711697,0
711698,0
711699,0
711700,0
711701,0
711702,0
711703,0
711704,0
711705,0
711706,0
711707,0
711708,0
711709,0
711710,0
711711,0
711712,0
711713,0
711714,0
711715,0
711716,0
711717,0
711718,0
711719,0
711720,0
711721,0
711722,0
711723,0
711724,0
711725,0
711726,0
711727,0
711728,0
711729,0
711730,0
711731,0
711732,9
711733,0
711734,24
711735,0
711736,0
711737,0
711738,0
711739,0
711740,30
711741,0
711742,0
711743,0
711744,0
711745,0
711746,0
711747,0
711748,0
711749,0
711750,0
711751,0
711752,0
711753,0
711754,0
711755,0
711756,0
711757,0
711758,0
711759,0
711760,0
711761,0
711762,0
711763,0
711764,0
711765,0
711766,25
711767,0
711768,0
711769,0
711770,0
711771,0
711772,0
711773,0
711774,0
711775,0
711776,0
711777,0
711778,0
711779,0
711780,0
711781,34
711782,27
711783,0
711784,0
711785,30
711786,0
711787,0
711788,0
711789,0
711790,0
711791,0
711792,0
711793,0
711794,0
711795,0
711796,0
711797,0
711798,0
711799,0
711800,0
711801,0
711802,0
711803,0
711804,0
711805,0
711806,0
711807,0
711808,0
711809,0
711810,0
711811,0
711812,0
711813,0
711814,0
711815,0
711816,0
711817,0
711818,0
711819,0
711820,0
711821,0
711822,0
711823,0
711824,0
711825,0
711826,0
711827,0
711828,0
711829,0
711830,0
711831,0
711832,0
711833,0
711834,0
711835,0
711836,0
711837,0
711838,0
711839,0
711840,0
711841,0
711842,0
711843,0
711844,0
711845,0
711846,0
711847,0
711848,0
711849,0
711850,0
711851,0
711852,0
711853,0
711854,0
711855,0
711856,0
711857,0
711858,0
711859,0
711860,0
711861,0
711862,0
711863,0
711864,0
711865,0
711866,0
711867,0
711868,0
711869,0
711870,0
711871,31
711872,0
711873,0
711874,0
711875,0
711876,0
711877,0
711878,0
711879,0
711880,0
711881,0
711882,0
711883,0
711884,0
711885,0
711886,0
711887,0
711888,0
711889,0
711890,0
711891,0
711892,0
711893,0
711894,0
711895,0
711896,0
711897,0
711898,0
711899,0
711900,0
711901,0
711902,0
711903,0
711904,0
711905,24
711906,0
711907,0
711908,0
711909,0
711910,0
711911,0
711912,0
711913,0
711914,33
711915,0
711916,0
711917,0
711918,0
711919,0
711920,0
711921,0
711922,0
711923,0
711924,0
711925,0
711926,0
711927,0
711928,0
711929,0
711930,0
711931,0
711932,0
711933,0
711934,0
711935,0
711936,0
711937,0
711938,0
711939,0
711940,0
711941,0
711942,0
711943,0
711944,0
711945,0
711946,0
711947,0
711948,0
711949,0
711950,0
711951,0
711952,0
711953,0
711954,0
711955,0
711956,0
711957,0
711958,0
711959,0
711960,0
711961,0
711962,0
711963,0
711964,0
711965,14
711966,0
711967,15
711968,0
711969,0
711970,0
711971,0
711972,0
711973,0
711974,0
711975,0
711976,0
711977,0
711978,0
711979,0
711980,0
711981,0
711982,0
711983,0
711984,0
711985,0
711986,0
711987,0
711988,0
711989,0
711990,0
711991,0
711992,0
711993,0
711994,0
711995,0
711996,14
711997,0
711998,18
711999,0
712000,0
712001,0
712002,0
712003,16
712004,0
712005,0
712006,0
712007,0
712008,17
712009,0
712010,18
712011,0
712012,0
712013,0
712014,0
712015,0
712016,0
712017,0
712018,0
712019,0
712020,0
712021,0
712022,0
712023,0
712024,0
712025,9
712026,0
712027,0
712028,0
712029,0
712030,10
712031,0
712032,0
712033,0
712034,10
712035,0
712036,0
712037,0
712038,0
712039,0
712040,0
712041,15
712042,0
712043,0
712044,0
712045,0
712046,0
712047,0
712048,0
712049,13
712050,0
712051,0
712052,0
712053,0
712054,0
712055,0
712056,0
712057,0
712058,0
712059,0
712060,0
712061,0
712062,0
712063,18
712064,0
712065,11
712066,22
712067,0
712068,0
712069,9
712070,0
712071,0
712072,0
712073,5
712074,0
712075,0
712076,0
712077,0
712078,0
712079,0
712080,0
712081,0
712082,0
712083,8
712084,0
712085,7
712086,0
712087,11
712088,0
712089,8
712090,0
712091,0
712092,1
712093,0
712094,0
712095,0
712096,0
712097,0
712098,4
712099,5
712100,0
712101,0
712102,0
712103,0
712104,8
712105,0
712106,3
712107,0
712108,0
712109,0
712110,12
712111,0
712112,0
712113,0
712114,0
712115,0
712116,0
712117,0
712118,0
712119,0
712120,0
712121,0
712122,9
712123,0
712124,0
712125,8
712126,0
712127,0
712128,4
712129,0
712130,0
712131,0
712132,0
712133,0
712134,0
712135,0
712136,0
712137,0
712138,0
712139,0
712140,0
712141,0
712142,0
712143,0
712144,17
712145,0
712146,0
712147,13
712148,0
712149,0
712150,0
712151,0
712152,15
712153,22
712154,17
712155,0
712156,0
712157,0
712158,0
712159,0
712160,0
712161,15
712162,0
712163,23
712164,17
712165,0
712166,0
712167,44
712168,0
712169,0
712170,0
712171,0
712172,0
712173,0
712174,0
712175,29
712176,0
712177,0
712178,0
712179,0
712180,0
712181,0
712182,0
712183,0
712184,14
712185,0
712186,0
712187,0
712188,0
712189,0
712190,0
712191,57
712192,0
712193,0
712194,0
712195,19
712196,30
712197,0
712198,12
712199,32
712200,0
712201,0
712202,0
712203,0
712204,0
712205,49
712206,51
712207,0
712208,0
712209,0
712210,0
712211,0
712212,0
712213,0
712214,0
712215,18
712216,0
712217,0
712218,0
712219,0
712220,0
712221,0
712222,0
712223,0
712224,0
712225,0
712226,35
712227,0
712228,0
712229,51
712230,11
712231,0
712232,0
712233,0
712234,39
712235,0
712236,28
712237,33
712238,9
712239,0
712240,15
712241,0
712242,0
712243,28
712244,0
712245,14
712246,0
712247,23
712248,0
712249,0
712250,0
712251,0
712252,30
712253,0
712254,33
712255,0
712256,0
712257,0
712258,0
712259,15
712260,29
712261,0
712262,0
712263,0
712264,0
712265,0
712266,0
712267,0
712268,0
712269,23
712270,0
712271,0
712272,0
712273,42
712274,0
712275,0
712276,0
712277,0
712278,0
712279,0
712280,0
712281,0
712282,0
712283,0
712284,20
712285,15
712286,0
712287,0
712288,0
712289,0
712290,19
712291,0
712292,0
712293,0
712294,0
712295,0
712296,0
712297,0
712298,19
712299,0
712300,0
712301,0
712302,0
712303,0
712304,38
712305,0
712306,0
712307,0
712308,0
712309,0
712310,23
712311,0
712312,0
712313,0
712314,30
712315,0
712316,23
712317,34
712318,42
712319,21
712320,0
712321,0
712322,0
712323,0
712324,0
712325,0
712326,0
712327,0
712328,0
712329,0
712330,0
712331,0
712332,0
712333,0
712334,0
712335,0
712336,44
712337,0
712338,0
712339,26
712340,24
712341,0
712342,0
712343,0
712344,0
712345,0
712346,0
712347,32
712348,12
712349,49
712350,0
712351,0
712352,0
712353,0
712354,0
712355,0
712356,0
712357,0
712358,0
712359,0
712360,0
712361,0
712362,0
712363,0
712364,0
712365,0
712366,0
712367,0
712368,0
712369,15
712370,0
712371,0
712372,0
712373,0
712374,0
712375,0
712376,0
712377,0
712378,11
712379,0
712380,10
712381,0
712382,0
712383,0
712384,0
712385,0
712386,0
712387,0
712388,0
712389,0
712390,0
712391,0
712392,0
712393,0
712394,0
712395,11
712396,0
712397,0
712398,0
712399,0
712400,16
712401,0
712402,0
712403,0
712404,0
712405,10
712406,0
712407,0
712408,0
712409,0
712410,0
712411,0
712412,0
712413,15
712414,0
712415,0
712416,13
712417,0
712418,0
712419,0
712420,0
712421,0
712422,0
712423,0
712424,0
712425,0
712426,0
712427,0
712428,0
712429,0
712430,11
712431,0
712432,0
712433,0
712434,0
712435,0
712436,0
712437,0
712438,0
712439,0
712440,14
712441,0
712442,0
712443,0
712444,0
712445,0
712446,0
712447,0
712448,18
712449,0
712450,0
712451,0
712452,0
712453,0
712454,0
712455,0
712456,0
712457,0
712458,0
712459,0
712460,0
712461,0
712462,0
712463,0
712464,6
712465,0
712466,0
712467,0
712468,0
712469,0
712470,0
712471,0
712472,0
712473,0
712474,0
712475,0
712476,0
712477,0
712478,0
712479,19
712480,0
712481,0
712482,14
712483,0
712484,13
712485,0
712486,0
712487,0
712488,0
712489,0
712490,0
712491,0
712492,0
712493,0
712494,0
712495,0
712496,14
712497,0
712498,0
712499,0
712500,0
712501,0
712502,10
712503,0
712504,0
712505,0
712506,0
712507,0
712508,0
712509,0
712510,0
712511,0
712512,0
712513,0
712514,0
712515,0
712516,0
712517,0
712518,13
712519,0
712520,0
712521,0
712522,0
712523,0
712524,0
712525,0
712526,0
712527,0
712528,0
712529,0
712530,0
712531,0
712532,0
712533,11
712534,0
712535,0
712536,9
712537,0
712538,0
712539,0
712540,0
712541,0
712542,0
712543,0
712544,0
712545,0
712546,0
712547,0
712548,7
712549,0
712550,0
712551,0
712552,0
712553,0
712554,0
712555,0
712556,0
712557,0
712558,0
712559,0
712560,0
712561,0
712562,0
712563,0
712564,0
712565,0
712566,0
712567,0
712568,0
712569,0
712570,0
712571,0
712572,0
712573,0
712574,0
712575,0
712576,12
712577,0
712578,0
712579,0
712580,0
712581,0
712582,20
712583,14
712584,0
712585,0
712586,0
712587,0
712588,0
712589,8
712590,0
712591,0
712592,0
712593,0
712594,0
712595,0
712596,0
712597,0
712598,0
712599,0
712600,0
712601,10
712602,11
712603,15
712604,0
712605,15
712606,0
712607,0
712608,0
712609,0
712610,0
712611,18
712612,0
712613,12
712614,0
712615,0
712616,0
712617,0
712618,0
712619,0
712620,12
712621,0
712622,0
712623,0
712624,17
712625,0
712626,0
712627,0
712628,0
712629,0
712630,0
712631,14
712632,0
712633,0
712634,15
712635,0
712636,0
712637,0
712638,0
712639,0
712640,0
712641,0
712642,12
712643,0
712644,0
712645,0
712646,0
712647,0
712648,0
712649,11
712650,0
712651,0
712652,0
712653,0
712654,0
712655,0
712656,0
712657,0
712658,0
712659,0
712660,0
712661,8
712662,0
712663,0
712664,0
712665,0
712666,0
712667,0
712668,0
712669,13
712670,0
712671,0
712672,14
712673,0
712674,0
712675,0
712676,0
712677,15
712678,0
712679,0
712680,0
712681,9
712682,0
712683,0
712684,0
712685,0
712686,0
712687,0
712688,11
712689,0
712690,0
712691,0
712692,0
712693,0
712694,0
712695,0
712696,0
712697,0
712698,0
712699,0
712700,0
712701,0
712702,0
712703,0
712704,0
712705,0
712706,0
712707,0
712708,0
712709,0
712710,0
712711,0
712712,0
712713,13
712714,0
712715,12
712716,0
712717,0
712718,0
712719,0
712720,14
712721,0
712722,0
712723,0
712724,0
712725,0
712726,0
712727,0
712728,0
712729,0
712730,0
712731,0
712732,0
712733,0
712734,0
712735,12
712736,0
712737,0
712738,0
712739,0
712740,0
712741,0
712742,0
712743,0
712744,0
712745,9
712746,0
712747,0
712748,0
712749,0
712750,0
712751,0
712752,0
712753,0
712754,0
712755,0
712756,0
712757,0
712758,0
712759,0
712760,0
712761,0
712762,0
712763,0
712764,0
712765,0
712766,0
712767,0
712768,0
712769,0
712770,0
712771,0
712772,18
712773,0
712774,0
712775,0
712776,0
712777,0
712778,0
712779,0
712780,0
712781,0
712782,16
712783,0
712784,0
712785,0
712786,20
712787,0
712788,0
712789,10
712790,0
712791,0
712792,0
712793,0
712794,0
712795,0
712796,6
712797,0
712798,0
712799,0
712800,0
712801,0
712802,0
712803,0
712804,0
712805,0
712806,0
712807,0
712808,0
712809,0
712810,13
712811,0
712812,0
712813,0
712814,8
712815,0
712816,0
712817,0
712818,0
712819,0
712820,0
712821,0
712822,0
712823,0
712824,15
712825,0
712826,0
712827,0
712828,0
712829,0
712830,0
712831,0
712832,0
712833,0
712834,0
712835,0
712836,0
712837,8
712838,0
712839,0
712840,0
712841,0
712842,0
712843,0
712844,16
712845,0
712846,0
712847,0
712848,20
712849,0
712850,0
712851,0
712852,0
712853,0
712854,0
712855,0
712856,0
712857,0
712858,15
712859,0
712860,7
712861,0
712862,0
712863,0
712864,16
712865,8
712866,0
712867,0
712868,0
712869,0
712870,0
712871,0
712872,7
712873,0
712874,0
712875,0
712876,0
712877,0
712878,0
712879,0
712880,0
712881,0
712882,0
712883,0
712884,0
712885,0
712886,0
712887,0
712888,7
712889,18
712890,0
712891,0
712892,0
712893,17
712894,0
712895,0
712896,0
712897,0
712898,10
712899,0
712900,0
712901,0
712902,0
712903,0
712904,0
712905,0
712906,0
712907,13
712908,12
712909,0
712910,14
712911,0
712912,0
712913,0
712914,0
712915,0
712916,0
712917,9
712918,0
712919,0
712920,17
712921,9
712922,0
712923,0
712924,0
712925,0
712926,0
712927,0
712928,0
712929,0
712930,0
712931,0
712932,11
712933,0
712934,0
712935,0
712936,0
712937,0
712938,0
712939,0
712940,0
712941,0
712942,8
712943,0
712944,0
712945,17
712946,0
712947,0
712948,0
712949,0
712950,0
712951,0
712952,7
712953,0
712954,0
712955,0
712956,0
712957,13
712958,0
712959,0
712960,10
712961,0
712962,0
712963,0
712964,0
712965,0
712966,0
712967,0
712968,10
712969,12
712970,0
712971,0
712972,7
712973,0
712974,0
712975,0
712976,0
712977,0
712978,0
712979,0
712980,0
712981,0
712982,0
712983,0
712984,0
712985,0
712986,0
712987,0
712988,0
712989,0
712990,0
712991,0
712992,0
712993,0
712994,0
712995,0
712996,14
712997,0
712998,0
712999,0
713000,0
713001,20
713002,0
713003,0
713004,0
713005,0
713006,0
713007,0
713008,0
713009,0
713010,0
713011,0
713012,0
713013,0
713014,0
713015,0
713016,0
713017,0
713018,0
713019,0
713020,0
713021,0
713022,0
713023,0
713024,0
713025,0
713026,0
713027,0
713028,0
713029,0
713030,0
713031,0
713032,0
713033,0
713034,0
713035,0
713036,0
713037,0
713038,0
713039,0
713040,0
713041,0
713042,0
713043,0
713044,0
713045,0
713046,0
713047,0
713048,0
713049,0
713050,0
713051,0
713052,0
713053,0
713054,0
713055,0
713056,0
713057,0
713058,0
713059,0
713060,0
713061,0
713062,0
713063,0
713064,0
713065,0
713066,0
713067,1
713068,0
713069,0
713070,0
713071,0
713072,0
713073,0
713074,0
713075,0
713076,0
713077,0
713078,0
713079,0
713080,0
713081,0
713082,0
713083,0
713084,0
713085,0
713086,0
713087,0
713088,0
713089,0
713090,0
713091,0
713092,0
713093,0
713094,0
713095,0
713096,0
713097,0
713098,0
713099,0
713100,0
713101,0
713102,0
713103,0
713104,0
713105,0
713106,0
713107,0
713108,0
713109,0
713110,0
713111,0
713112,0
713113,0
713114,0
713115,0
713116,0
713117,0
713118,0
713119,0
713120,0
713121,0
713122,0
713123,0
713124,0
713125,0
713126,0
713127,0
713128,0
713129,0
713130,0
713131,0
713132,0
713133,0
713134,0
713135,0
713136,0
713137,0
713138,0
713139,0
713140,0
713141,0
713142,0
713143,0
713144,0
713145,0
713146,0
713147,0
713148,0
713149,0
713150,0
713151,0
713152,0
713153,0
713154,0
713155,0
713156,0
713157,0
713158,0
713159,0
713160,0
713161,0
713162,1
713163,0
713164,0
713165,0
713166,0
713167,0
713168,0
713169,0
713170,0
713171,0
713172,0
713173,0
713174,0
713175,0
713176,0
713177,0
713178,0
713179,0
713180,0
713181,0
713182,0
713183,0
713184,0
713185,0
713186,0
713187,0
713188,0
713189,0
713190,0
713191,0
713192,0
713193,0
713194,0
713195,0
713196,0
713197,0
713198,0
713199,0
713200,0
713201,0
713202,0
713203,0
713204,0
713205,0
713206,0
713207,0
713208,0
713209,0
713210,0
713211,0
713212,0
713213,0
713214,0
713215,0
713216,0
713217,0
713218,0
713219,0
713220,0
713221,0
713222,0
713223,0
713224,0
713225,0
713226,0
713227,0
713228,0
713229,0
713230,0
713231,0
713232,0
713233,0
713234,0
713235,0
713236,0
713237,0
713238,0
713239,0
713240,0
713241,0
713242,0
713243,0
713244,0
713245,0
713246,0
713247,0
713248,0
713249,0
713250,0
713251,0
713252,0
713253,0
713254,0
713255,0
713256,0
713257,0
713258,0
713259,0
713260,0
713261,0
713262,0
713263,0
713264,0
713265,0
713266,0
713267,0
713268,0
713269,0
713270,0
713271,0
713272,0
713273,0
713274,0
713275,0
713276,0
713277,0
713278,0
713279,0
713280,0
713281,0
713282,0
713283,0
713284,0
713285,0
713286,0
713287,0
713288,0
713289,0
713290,0
713291,0
713292,0
713293,0
713294,0
713295,0
713296,0
713297,0
713298,0
713299,0
713300,0
713301,0
713302,0
713303,0
713304,0
713305,0
713306,0
713307,0
713308,0
713309,0
713310,1
713311,0
713312,0
713313,1
713314,0
713315,0
713316,0
713317,0
713318,0
713319,0
713320,1
713321,0
713322,0
713323,0
713324,0
713325,0
713326,0
713327,0
713328,0
713329,0
713330,1
713331,0
713332,0
713333,0
713334,1
713335,0
713336,0
713337,0
713338,0
713339,1
713340,2
713341,0
713342,0
713343,0
713344,0
713345,0
713346,0
713347,0
713348,0
713349,0
713350,0
713351,0
713352,0
713353,0
713354,0
713355,1
713356,0
713357,0
713358,0
713359,0
713360,0
713361,0
713362,1
713363,0
713364,1
713365,2
713366,0
713367,0
713368,1
713369,0
713370,1
713371,0
713372,0
713373,3
713374,1
713375,0
713376,0
713377,0
713378,0
713379,0
713380,0
713381,0
713382,3
713383,2
713384,0
713385,0
713386,2
713387,0
713388,0
713389,0
713390,0
713391,0
713392,0
713393,0
713394,0
713395,0
713396,0
713397,0
713398,0
713399,0
713400,0
713401,0
713402,0
713403,0
713404,0
713405,0
713406,0
713407,0
713408,0
713409,0
713410,2
713411,0
713412,0
713413,0
713414,0
713415,0
713416,1
713417,0
713418,0
713419,0
713420,1
713421,2
713422,0
713423,0
713424,2
713425,0
713426,0
713427,0
713428,0
713429,1
713430,0
713431,0
713432,0
713433,0
713434,0
713435,1
713436,0
713437,0
713438,0
713439,0
713440,2
713441,2
713442,0
713443,0
713444,0
713445,0
713446,0
713447,2
713448,0
713449,1
713450,0
713451,0
713452,0
713453,0
713454,0
713455,0
713456,0
713457,1
713458,0
713459,0
713460,0
713461,0
713462,0
713463,0
713464,0
713465,0
713466,0
713467,0
713468,0
713469,0
713470,0
713471,0
713472,0
713473,0
713474,2
713475,0
713476,0
713477,0
713478,2
713479,0
713480,0
713481,0
713482,0
713483,0
713484,3
713485,0
713486,0
713487,0
713488,0
713489,0
713490,0
713491,0
713492,0
713493,0
713494,0
713495,0
713496,0
713497,0
713498,0
713499,0
713500,0
713501,0
713502,0
713503,0
713504,0
713505,0
713506,2
713507,0
713508,3
713509,0
713510,0
713511,0
713512,0
713513,0
713514,0
713515,0
713516,0
713517,0
713518,0
713519,0
713520,0
713521,1
713522,0
713523,0
713524,1
713525,0
713526,0
713527,0
713528,3
713529,0
713530,0
713531,0
713532,0
713533,0
713534,0
713535,3
713536,3
713537,1
713538,1
713539,3
713540,0
713541,0
713542,1
713543,0
713544,1
713545,0
713546,0
713547,1
713548,2
713549,0
713550,2
713551,0
713552,0
713553,1
713554,0
713555,0
713556,1
713557,0
713558,0
713559,0
713560,0
713561,0
713562,2
713563,0
713564,0
713565,0
713566,0
713567,0
713568,0
713569,0
713570,0
713571,0
713572,1
713573,1
713574,0
713575,0
713576,1
713577,0
713578,0
713579,0
713580,0
713581,0
713582,0
713583,0
713584,1
713585,0
713586,0
713587,0
713588,0
713589,0
713590,0
713591,0
713592,0
713593,0
713594,0
713595,0
713596,1
713597,0
713598,0
713599,0
713600,0
713601,0
713602,1
713603,0
713604,0
713605,0
713606,0
713607,0
713608,0
713609,0
713610,0
713611,0
713612,0
713613,0
713614,1
713615,0
713616,0
713617,0
713618,0
713619,0
713620,1
713621,0
713622,1
713623,1
713624,0
713625,0
713626,0
713627,0
713628,0
713629,0
713630,0
713631,0
713632,0
713633,0
713634,0
713635,0
713636,0
713637,0
713638,2
713639,0
713640,0
713641,0
713642,0
713643,0
713644,1
713645,0
713646,0
713647,0
713648,0
713649,0
713650,0
713651,0
713652,0
713653,0
713654,0
713655,0
713656,0
713657,0
713658,0
713659,0
713660,1
713661,3
713662,0
713663,1
713664,0
713665,0
713666,0
713667,0
713668,0
713669,0
713670,0
713671,0
713672,0
713673,0
713674,0
713675,0
713676,0
713677,0
713678,1
713679,1
713680,0
713681,0
713682,0
713683,0
713684,0
713685,0
713686,0
713687,0
713688,0
713689,0
713690,0
713691,0
713692,1
713693,0
713694,0
713695,1
713696,0
713697,0
713698,0
713699,0
713700,0
713701,0
713702,0
713703,0
713704,0
713705,0
713706,0
713707,0
713708,0
713709,0
713710,0
713711,0
713712,0
713713,0
713714,0
713715,0
713716,0
713717,0
713718,1
713719,0
713720,0
713721,0
713722,0
713723,0
713724,0
713725,0
713726,0
713727,0
713728,1
713729,0
713730,0
713731,2
713732,0
713733,2
713734,0
713735,0
713736,0
713737,0
713738,0
713739,0
713740,0
713741,0
713742,0
713743,0
713744,0
713745,0
713746,1
713747,0
713748,0
713749,2
713750,0
713751,0
713752,0
713753,0
713754,2
713755,0
713756,0
713757,0
713758,0
713759,0
713760,0
713761,0
713762,0
713763,0
713764,0
713765,0
713766,0
713767,0
713768,1
713769,0
713770,0
713771,0
713772,0
713773,1
713774,0
713775,0
713776,0
713777,1
713778,0
713779,0
713780,0
713781,0
713782,0
713783,0
713784,0
713785,0
713786,0
713787,0
713788,0
713789,0
713790,0
713791,0
713792,0
713793,0
713794,0
713795,0
713796,0
713797,0
713798,0
713799,0
713800,1
713801,0
713802,0
713803,0
713804,0
713805,0
713806,0
713807,0
713808,0
713809,0
713810,0
713811,0
713812,1
713813,0
713814,0
713815,0
713816,0
713817,0
713818,0
713819,0
713820,0
713821,0
713822,0
713823,0
713824,0
713825,0
713826,0
713827,0
713828,0
713829,0
713830,0
713831,0
713832,2
713833,0
713834,0
713835,0
713836,0
713837,0
713838,0
713839,0
713840,0
713841,0
713842,0
713843,0
713844,0
713845,0
713846,0
713847,0
713848,0
713849,0
713850,0
713851,0
713852,0
713853,0
713854,0
713855,0
713856,0
713857,0
713858,0
713859,2
713860,1
713861,0
713862,0
713863,0
713864,0
713865,0
713866,0
713867,0
713868,0
713869,0
713870,0
713871,0
713872,0
713873,2
713874,0
713875,0
713876,0
713877,0
713878,0
713879,0
713880,0
713881,1
713882,0
713883,0
713884,0
713885,1
713886,0
713887,0
713888,2
713889,0
713890,2
713891,0
713892,0
713893,0
713894,0
713895,0
713896,0
713897,0
713898,2
713899,0
713900,0
713901,0
713902,0
713903,0
713904,0
713905,0
713906,0
713907,0
713908,0
713909,0
713910,1
713911,0
713912,0
713913,0
713914,0
713915,0
713916,0
713917,0
713918,0
713919,0
713920,0
713921,0
713922,1
713923,0
713924,0
713925,0
713926,0
713927,2
713928,0
713929,0
713930,0
713931,0
713932,0
713933,0
713934,0
713935,0
713936,0
713937,0
713938,0
713939,0
713940,0
713941,0
713942,0
713943,0
713944,0
713945,0
713946,13
713947,0
713948,8
713949,11
713950,0
713951,0
713952,0
713953,0
713954,0
713955,0
713956,0
713957,0
713958,0
713959,0
713960,0
713961,0
713962,0
713963,0
713964,13
713965,0
713966,0
713967,0
713968,0
713969,0
713970,0
713971,0
713972,0
713973,0
713974,0
713975,7
713976,0
713977,0
713978,17
713979,0
713980,0
713981,0
713982,0
713983,0
713984,0
713985,0
713986,12
713987,0
713988,0
713989,0
713990,0
713991,0
713992,0
713993,0
713994,0
713995,0
713996,11
713997,0
713998,0
713999,0
714000,0
714001,0
714002,0
714003,0
714004,3
714005,0
714006,0
714007,0
714008,0
714009,0
714010,0
714011,0
714012,0
714013,0
714014,0
714015,7
714016,0
714017,0
714018,16
714019,0
714020,6
714021,0
714022,0
714023,0
714024,0
714025,0
714026,0
714027,0
714028,0
714029,0
714030,0
714031,0
714032,0
714033,0
714034,6
714035,7
714036,0
714037,0
714038,0
714039,0
714040,0
714041,13
714042,13
714043,0
714044,0
714045,0
714046,0
714047,0
714048,0
714049,0
714050,0
714051,0
714052,0
714053,0
714054,0
714055,0
714056,9
714057,0
714058,0
714059,0
714060,0
714061,0
714062,0
714063,0
714064,0
714065,0
714066,0
714067,0
714068,0
714069,0
714070,0
714071,0
714072,6
714073,0
714074,0
714075,0
714076,4
714077,0
714078,0
714079,0
714080,0
714081,0
714082,0
714083,0
714084,0
714085,10
714086,0
714087,0
714088,0
714089,0
714090,0
714091,0
714092,0
714093,0
714094,0
714095,13
714096,0
714097,0
714098,0
714099,9
714100,0
714101,0
714102,0
714103,0
714104,0
714105,0
714106,0
714107,0
714108,0
714109,0
714110,0
714111,0
714112,0
714113,0
714114,0
714115,0
714116,0
714117,0
714118,0
714119,0
714120,0
714121,0
714122,0
714123,0
714124,18
714125,0
714126,0
714127,0
714128,0
714129,0
714130,0
714131,0
714132,10
714133,0
714134,0
714135,0
714136,18
714137,0
714138,23
714139,0
714140,0
714141,0
714142,0
714143,0
714144,0
714145,0
714146,0
714147,0
714148,0
714149,0
714150,0
714151,0
714152,0
714153,14
714154,0
714155,0
714156,0
714157,0
714158,11
714159,0
714160,0
714161,10
714162,10
714163,0
714164,8
714165,0
714166,0
714167,0
714168,0
714169,0
714170,0
714171,11
714172,0
714173,0
714174,0
714175,0
714176,10
714177,0
714178,0
714179,0
714180,0
714181,0
714182,0
714183,0
714184,0
714185,0
714186,0
714187,0
714188,3
714189,0
714190,0
714191,0
714192,16
714193,0
714194,0
714195,0
714196,0
714197,0
714198,0
714199,0
714200,0
714201,0
714202,0
714203,0
714204,0
714205,0
714206,0
714207,0
714208,0
714209,0
714210,0
714211,17
714212,0
714213,0
714214,0
714215,0
714216,0
714217,0
714218,0
714219,0
714220,0
714221,0
714222,0
714223,0
714224,0
714225,0
714226,0
714227,0
714228,0
714229,0
714230,0
714231,0
714232,0
714233,0
714234,0
714235,9
714236,0
714237,0
714238,0
714239,0
714240,0
714241,0
714242,0
714243,0
714244,0
714245,0
714246,7
714247,0
714248,0
714249,0
714250,0
714251,0
714252,0
714253,0
714254,14
714255,0
714256,0
714257,0
714258,0
714259,0
714260,0
714261,0
714262,0
714263,15
714264,0
714265,0
714266,13
714267,0
714268,0
714269,0
714270,0
714271,0
714272,0
714273,16
714274,0
714275,0
714276,12
714277,0
714278,0
714279,0
714280,0
714281,0
714282,0
714283,11
714284,0
714285,0
714286,16
714287,0
714288,0
714289,0
714290,8
714291,0
714292,0
714293,0
714294,0
714295,0
714296,6
714297,0
714298,0
714299,0
714300,0
714301,0
714302,0
714303,0
714304,15
714305,0
714306,0
714307,0
714308,13
714309,0
714310,0
714311,0
714312,0
714313,0
714314,0
714315,7
714316,0
714317,0
714318,16
714319,0
714320,0
714321,0
714322,0
714323,0
714324,0
714325,0
714326,0
714327,0
714328,0
714329,0
714330,0
714331,0
714332,0
714333,0
714334,0
714335,0
714336,0
714337,0
714338,0
714339,0
714340,0
714341,7
714342,10
714343,0
714344,0
714345,0
714346,0
714347,0
714348,0
714349,0
714350,0
714351,12
714352,14
714353,0
714354,0
714355,0
714356,0
714357,0
714358,0
714359,0
714360,0
714361,17
714362,0
714363,0
714364,0
714365,0
714366,0
714367,0
714368,0
714369,0
714370,0
714371,0
714372,10
714373,4
714374,0
714375,18
714376,0
714377,0
714378,0
714379,0
714380,0
714381,0
714382,0
714383,0
714384,0
714385,0
714386,11
714387,0
714388,6
714389,12
714390,0
714391,0
714392,0
714393,0
714394,9
714395,0
714396,0
714397,0
714398,0
714399,0
714400,0
714401,0
714402,0
714403,0
714404,10
714405,0
714406,0
714407,0
714408,0
714409,0
714410,0
714411,0
714412,0
714413,7
714414,0
714415,0
714416,0
714417,0
714418,0
714419,0
714420,0
714421,0
714422,0
714423,0
714424,0
714425,0
714426,0
714427,0
714428,0
714429,0
714430,0
714431,14
714432,0
714433,0
714434,0
714435,0
714436,0
714437,0
714438,9
714439,0
714440,0
714441,0
714442,0
714443,0
714444,0
714445,0
714446,0
714447,0
714448,0
714449,0
714450,0
714451,0
714452,0
714453,0
714454,3
714455,13
714456,0
714457,0
714458,0
714459,9
714460,15
714461,11
714462,0
714463,0
714464,0
714465,6
714466,18
714467,0
714468,0
714469,0
714470,7
714471,0
714472,0
714473,0
714474,12
714475,0
714476,0
714477,0
714478,11
714479,7
714480,0
714481,0
714482,0
714483,14
714484,0
714485,0
714486,0
714487,0
714488,0
714489,0
714490,0
714491,0
714492,11
714493,9
714494,0
714495,0
714496,0
714497,0
714498,14
714499,0
714500,5
714501,0
714502,0
714503,0
714504,9
714505,0
714506,0
714507,0
714508,0
714509,0
714510,0
714511,9
714512,0
714513,0
714514,0
714515,0
714516,0
714517,0
714518,0
714519,0
714520,0
714521,7
714522,0
714523,8
714524,0
714525,0
714526,0
714527,0
714528,0
714529,13
714530,16
714531,0
714532,6
714533,0
714534,0
714535,0
714536,0
714537,0
714538,0
714539,7
714540,0
714541,8
714542,0
714543,0
714544,0
714545,0
714546,0
714547,0
714548,11
714549,0
714550,0
714551,0
714552,0
714553,0
714554,0
714555,15
714556,11
714557,0
714558,13
714559,0
714560,0
714561,0
714562,0
714563,0
714564,0
714565,0
714566,0
714567,0
714568,3
714569,6
714570,0
714571,0
714572,0
714573,0
714574,0
714575,0
714576,0
714577,0
714578,9
714579,0
714580,0
714581,0
714582,0
714583,0
714584,0
714585,0
714586,0
714587,0
714588,11
714589,19
714590,0
714591,0
714592,0
714593,0
714594,15
714595,0
714596,0
714597,10
714598,0
714599,0
714600,11
714601,0
714602,8
714603,10
714604,7
714605,0
714606,8
714607,0
714608,9
714609,0
714610,0
714611,0
714612,0
714613,10
714614,0
714615,0
714616,0
714617,0
714618,0
714619,0
714620,11
714621,0
714622,0
714623,0
714624,0
714625,0
714626,10
714627,0
714628,10
714629,9
714630,0
714631,17
714632,0
714633,0
714634,0
714635,0
714636,0
714637,14
714638,0
714639,0
714640,0
714641,14
714642,0
714643,0
714644,15
714645,0
714646,0
714647,0
714648,0
714649,0
714650,0
714651,24
714652,8
714653,0
714654,0
714655,11
714656,5
714657,0
714658,0
714659,0
714660,0
714661,0
714662,0
714663,0
714664,10
714665,0
714666,0
714667,0
714668,0
714669,7
714670,10
714671,0
714672,13
714673,0
714674,0
714675,0
714676,0
714677,0
714678,0
714679,0
714680,0
714681,0
714682,7
714683,0
714684,0
714685,0
714686,0
714687,0
714688,0
714689,0
714690,0
714691,0
714692,9
714693,0
714694,0
714695,0
714696,0
714697,14
714698,0
714699,0
714700,0
714701,0
714702,0
714703,14
714704,0
714705,11
714706,21
714707,0
714708,0
714709,7
714710,0
714711,0
714712,0
714713,0
714714,5
714715,10
714716,0
714717,0
714718,0
714719,6
714720,16
714721,12
714722,8
714723,0
714724,0
714725,16
714726,0
714727,0
714728,6
714729,9
714730,10
714731,0
714732,0
714733,8
714734,0
714735,0
714736,0
714737,0
714738,9
714739,0
714740,0
714741,0
714742,0
714743,0
714744,0
714745,0
714746,7
714747,0
714748,0
714749,8
714750,0
714751,0
714752,0
714753,18
714754,12
714755,11
714756,0
714757,0
714758,0
714759,9
714760,14
714761,9
714762,0
714763,0
714764,0
714765,0
714766,0
714767,0
714768,11
714769,0
714770,0
714771,0
714772,0
714773,0
714774,10
714775,0
714776,2
714777,0
714778,7
714779,10
714780,0
714781,18
714782,0
714783,0
714784,11
714785,0
714786,13
714787,0
714788,17
714789,0
714790,0
714791,0
714792,0
714793,0
714794,0
714795,0
714796,0
714797,0
714798,0
714799,0
714800,7
714801,9
714802,0
714803,0
714804,0
714805,7
714806,0
714807,2
714808,0
714809,15
714810,0
714811,0
714812,0
714813,0
714814,17
714815,9
714816,14
714817,0
714818,0
714819,11
714820,14
714821,0
714822,0
714823,0
714824,0
714825,0
714826,0
714827,0
714828,0
714829,0
714830,0
714831,0
714832,0
714833,7
714834,9
714835,0
714836,5
714837,10
714838,6
714839,7
714840,0
714841,0
714842,0
714843,0
714844,13
714845,16
714846,4
714847,0
714848,0
714849,6
714850,0
714851,0
714852,0
714853,0
714854,0
714855,0
714856,0
714857,0
714858,0
714859,0
714860,0
714861,0
714862,11
714863,0
714864,0
714865,0
714866,0
714867,10
714868,0
714869,0
714870,12
714871,0
714872,0
714873,0
714874,0
714875,0
714876,0
714877,11
714878,0
714879,13
714880,9
714881,9
714882,0
714883,0
714884,0
714885,0
714886,0
714887,0
714888,0
714889,0
714890,0
714891,18
714892,0
714893,0
714894,0
714895,0
714896,0
714897,0
714898,0
714899,0
714900,10
714901,0
714902,12
714903,12
714904,0
714905,0
714906,0
714907,0
714908,0
714909,0
714910,0
714911,0
714912,0
714913,15
714914,14
714915,0
714916,0
714917,0
714918,19
714919,0
714920,0
714921,0
714922,0
714923,16
714924,0
714925,10
714926,0
714927,0
714928,0
714929,14
714930,0
714931,0
714932,7
714933,0
714934,0
714935,0
714936,0
714937,14
714938,0
714939,0
714940,0
714941,0
714942,0
714943,0
714944,0
714945,0
714946,0
714947,11
714948,18
714949,9
714950,9
714951,5
714952,0
714953,0
714954,0
714955,0
714956,15
714957,13
714958,0
714959,0
714960,0
714961,16
714962,0
714963,0
714964,0
714965,0
714966,0
714967,9
714968,3
714969,0
714970,0
714971,0
714972,0
714973,0
714974,0
714975,0
714976,19
714977,0
714978,0
714979,0
714980,12
714981,0
714982,0
714983,0
714984,0
714985,11
714986,13
714987,0
714988,0
714989,15
714990,0
714991,0
714992,8
714993,0
714994,0
714995,0
714996,10
714997,0
714998,55
714999,24
715000,0
715001,49
715002,31
715003,0
715004,0
715005,38
715006,0
715007,0
715008,0
715009,31
715010,0
715011,0
715012,0
715013,0
715014,0
715015,0
715016,41
715017,0
715018,43
715019,0
715020,0
715021,0
715022,0
715023,0
715024,36
715025,48
715026,0
715027,32
715028,0
715029,0
715030,0
715031,0
715032,0
715033,0
715034,0
715035,0
715036,64
715037,0
715038,52
715039,0
715040,0
715041,56
715042,0
715043,0
715044,41
715045,30
715046,0
715047,0
715048,0
715049,0
715050,0
715051,0
715052,0
715053,0
715054,48
715055,40
715056,0
715057,32
715058,41
715059,54
715060,0
715061,0
715062,0
715063,0
715064,0
715065,0
715066,0
715067,27
715068,32
715069,0
715070,0
715071,0
715072,0
715073,0
715074,21
715075,0
715076,0
715077,0
715078,0
715079,0
715080,0
715081,0
715082,0
715083,0
715084,40
715085,0
715086,0
715087,0
715088,0
715089,0
715090,33
715091,51
715092,0
715093,0
715094,0
715095,0
715096,0
715097,0
715098,0
715099,0
715100,35
715101,0
715102,0
715103,0
715104,0
715105,0
715106,0
715107,41
715108,34
715109,55
715110,0
715111,0
715112,0
715113,42
715114,0
715115,0
715116,0
715117,0
715118,39
715119,0
715120,0
715121,0
715122,0
715123,0
715124,0
715125,0
715126,32
715127,0
715128,27
715129,0
715130,0
715131,0
715132,0
715133,0
715134,0
715135,34
715136,0
715137,0
715138,0
715139,0
715140,32
715141,0
715142,0
715143,32
715144,0
715145,32
715146,0
715147,44
715148,0
715149,38
715150,0
715151,0
715152,0
715153,0
715154,35
715155,34
715156,0
715157,0
715158,0
715159,0
715160,0
715161,24
715162,0
715163,39
715164,0
715165,31
715166,51
715167,0
715168,0
715169,0
715170,45
715171,0
715172,0
715173,34
715174,0
715175,0
715176,0
715177,0
715178,32
715179,50
715180,0
715181,0
715182,0
715183,45
715184,0
715185,0
715186,33
715187,0
715188,0
715189,0
715190,0
715191,0
715192,38
715193,0
715194,0
715195,37
715196,0
715197,0
715198,33
715199,65
715200,0
715201,0
715202,0
715203,0
715204,0
715205,0
715206,0
715207,0
715208,0
715209,38
715210,0
715211,46
715212,24
715213,0
715214,0
715215,0
715216,59
715217,46
715218,0
715219,0
715220,0
715221,25
715222,0
715223,31
715224,0
715225,0
715226,0
715227,0
715228,0
715229,0
715230,0
715231,40
715232,0
715233,0
715234,0
715235,0
715236,48
715237,45
715238,33
715239,0
715240,0
715241,39
715242,43
715243,35
715244,0
715245,48
715246,0
715247,0
715248,0
715249,0
715250,0
715251,34
715252,46
715253,0
715254,0
715255,0
715256,0
715257,0
715258,0
715259,0
715260,0
715261,32
715262,0
715263,23
715264,0
715265,40
715266,0
715267,0
715268,0
715269,41
715270,0
715271,0
715272,0
715273,0
715274,0
715275,0
715276,38
715277,43
715278,0
715279,39
715280,0
715281,0
715282,0
715283,20
715284,0
715285,38
715286,0
715287,0
715288,0
715289,0
715290,0
715291,0
715292,0
715293,40
715294,0
715295,0
715296,0
715297,0
715298,29
715299,0
715300,30
715301,0
715302,0
715303,56
715304,55
715305,0
715306,34
715307,44
715308,50
715309,30
715310,0
715311,0
715312,0
715313,0
715314,0
715315,0
715316,0
715317,0
715318,0
715319,0
715320,46
715321,0
715322,0
715323,0
715324,0
715325,0
715326,0
715327,0
715328,28
715329,0
715330,0
715331,38
715332,0
715333,56
715334,0
715335,0
715336,29
715337,0
715338,33
715339,40
715340,37
715341,0
715342,42
715343,34
715344,0
715345,41
715346,0
715347,52
715348,0
715349,0
715350,0
715351,38
715352,0
715353,0
715354,0
715355,0
715356,49
715357,0
715358,0
715359,0
715360,0
715361,0
715362,0
715363,0
715364,0
715365,0
715366,48
715367,0
715368,0
715369,0
715370,0
715371,0
715372,0
715373,0
715374,0
715375,0
715376,34
715377,0
715378,0
715379,27
715380,0
715381,39
715382,27
715383,44
715384,0
715385,52
715386,0
715387,0
715388,0
715389,0
715390,22
715391,0
715392,25
715393,0
715394,0
715395,0
715396,28
715397,0
715398,0
715399,33
715400,0
715401,0
715402,0
715403,41
715404,0
715405,0
715406,0
715407,0
715408,0
715409,0
715410,25
715411,0
715412,34
715413,0
715414,41
715415,0
715416,0
715417,49
715418,0
715419,27
715420,0
715421,0
715422,0
715423,0
715424,0
715425,0
715426,0
715427,0
715428,0
715429,0
715430,0
715431,0
715432,0
715433,0
715434,31
715435,42
715436,0
715437,0
715438,27
715439,0
715440,0
715441,0
715442,0
715443,36
715444,0
715445,0
715446,38
715447,37
715448,0
715449,38
715450,0
715451,0
715452,0
715453,0
715454,0
715455,24
715456,50
715457,37
715458,61
715459,44
715460,0
715461,0
715462,0
715463,32
715464,0
715465,0
715466,32
715467,37
715468,0
715469,0
715470,30
715471,0
715472,0
715473,0
715474,0
715475,0
715476,0
715477,0
715478,0
715479,0
715480,0
715481,0
715482,0
715483,0
715484,0
715485,0
715486,0
715487,0
715488,45
715489,0
715490,0
715491,0
715492,0
715493,34
715494,31
715495,0
715496,42
715497,38
715498,0
715499,0
715500,0
715501,0
715502,0
715503,0
715504,0
715505,39
715506,0
715507,0
715508,0
715509,0
715510,0
715511,0
715512,0
715513,0
715514,0
715515,0
715516,53
715517,0
715518,36
715519,0
715520,49
715521,0
715522,24
715523,0
715524,47
715525,42
715526,0
715527,49
715528,20
715529,0
715530,22
715531,0
715532,33
715533,0
715534,0
715535,28
715536,0
715537,0
715538,40
715539,0
715540,0
715541,0
715542,0
715543,0
715544,0
715545,51
715546,48
715547,0
715548,40
715549,0
715550,0
715551,0
715552,0
715553,37
715554,0
715555,0
715556,0
715557,0
715558,43
715559,0
715560,0
715561,0
715562,37
715563,43
715564,31
715565,50
715566,0
715567,0
715568,62
715569,0
715570,39
715571,0
715572,0
715573,0
715574,0
715575,0
715576,0
715577,0
715578,0
715579,0
715580,0
715581,0
715582,0
715583,25
715584,48
715585,36
715586,0
715587,42
715588,0
715589,0
715590,0
715591,64
715592,0
715593,0
715594,0
715595,0
715596,0
715597,0
715598,43
715599,0
715600,0
715601,34
715602,0
715603,33
715604,0
715605,0
715606,0
715607,0
715608,0
715609,0
715610,0
715611,0
715612,0
715613,33
715614,0
715615,33
715616,0
715617,0
715618,42
715619,49
715620,0
715621,0
715622,0
715623,0
715624,0
715625,0
715626,0
715627,59
715628,0
715629,27
715630,0
715631,0
715632,0
715633,46
715634,0
715635,0
715636,0
715637,38
715638,0
715639,0
715640,0
715641,0
715642,42
715643,51
715644,0
715645,0
715646,37
715647,0
715648,0
715649,0
715650,37
715651,0
715652,40
715653,0
715654,0
715655,0
715656,0
715657,0
715658,0
715659,0
715660,38
715661,0
715662,34
715663,0
715664,0
715665,0
715666,0
715667,0
715668,0
715669,0
715670,0
715671,39
715672,33
715673,0
715674,0
715675,0
715676,0
715677,0
715678,0
715679,0
715680,32
715681,0
715682,0
715683,0
715684,37
715685,0
715686,0
715687,0
715688,0
715689,0
715690,33
715691,0
715692,0
715693,0
715694,0
715695,0
715696,0
715697,0
715698,0
715699,0
715700,0
715701,0
715702,34
715703,36
715704,0
715705,48
715706,0
715707,0
715708,0
715709,0
715710,0
715711,0
715712,0
715713,52
715714,40
715715,0
715716,0
715717,0
715718,0
715719,0
715720,0
715721,0
715722,34
715723,0
715724,25
715725,44
715726,0
715727,0
715728,38
715729,0
715730,33
715731,0
715732,0
715733,0
715734,0
715735,0
715736,0
715737,0
715738,45
715739,0
715740,0
715741,0
715742,0
715743,31
715744,0
715745,0
715746,8
715747,44
715748,0
715749,39
715750,0
715751,33
715752,0
715753,0
715754,0
715755,0
715756,0
715757,0
715758,45
715759,0
715760,0
715761,61
715762,0
715763,0
715764,45
715765,0
715766,0
715767,0
715768,0
715769,38
715770,0
715771,0
715772,0
715773,0
715774,0
715775,0
715776,42
715777,0
715778,0
715779,0
715780,0
715781,0
715782,0
715783,0
715784,0
715785,36
715786,49
715787,0
715788,0
715789,0
715790,0
715791,0
715792,0
715793,0
715794,40
715795,0
715796,0
715797,0
715798,0
715799,27
715800,0
715801,47
715802,0
715803,0
715804,0
715805,0
715806,0
715807,47
715808,0
715809,39
715810,0
715811,0
715812,26
715813,0
715814,38
715815,0
715816,0
715817,0
715818,0
715819,34
715820,0
715821,0
715822,0
715823,0
715824,59
715825,35
715826,0
715827,0
715828,0
715829,0
715830,0
715831,36
715832,0
715833,0
715834,0
715835,0
715836,0
715837,45
715838,0
715839,0
715840,0
715841,0
715842,0
715843,0
715844,0
715845,40
715846,0
715847,0
715848,0
715849,31
715850,0
715851,0
715852,0
715853,0
715854,0
715855,0
715856,0
715857,0
715858,0
715859,0
715860,0
715861,0
715862,0
715863,44
715864,0
715865,0
715866,25
715867,42
715868,0
715869,0
715870,0
715871,0
715872,0
715873,0
715874,0
715875,0
715876,15
715877,16
715878,19
715879,0
715880,0
715881,0
715882,0
715883,0
715884,32
715885,0
715886,0
715887,0
715888,0
715889,0
715890,0
715891,0
715892,0
715893,0
715894,0
715895,0
715896,0
715897,0
715898,0
715899,0
715900,0
715901,17
715902,0
715903,0
715904,32
715905,0
715906,0
715907,0
715908,0
715909,0
715910,0
715911,0
715912,0
715913,0
715914,0
715915,0
715916,17
715917,22
715918,0
715919,0
715920,0
715921,28
715922,0
715923,23
715924,0
715925,0
715926,0
715927,0
715928,0
715929,0
715930,0
715931,0
715932,0
715933,0
715934,0
715935,0
715936,0
715937,0
715938,0
715939,0
715940,0
715941,0
715942,15
715943,0
715944,0
715945,0
715946,0
715947,0
715948,0
715949,0
715950,0
715951,16
715952,0
715953,0
715954,0
715955,0
715956,0
715957,0
715958,0
715959,0
715960,0
715961,0
715962,9
715963,27
715964,0
715965,0
715966,0
715967,0
715968,0
715969,0
715970,0
715971,11
715972,0
715973,0
715974,40
715975,0
715976,0
715977,0
715978,0
715979,0
715980,0
715981,0
715982,0
715983,0
715984,0
715985,0
715986,0
715987,0
715988,0
715989,0
715990,30
715991,0
715992,0
715993,0
715994,0
715995,21
715996,0
715997,0
715998,31
715999,0
716000,0
716001,0
716002,0
716003,0
716004,0
716005,0
716006,0
716007,39
716008,0
716009,0
716010,0
716011,0
716012,0
716013,0
716014,29
716015,0
716016,0
716017,19
716018,0
716019,23
716020,0
716021,0
716022,0
716023,0
716024,0
716025,0
716026,0
716027,0
716028,0
716029,0
716030,0
716031,0
716032,0
716033,0
716034,0
716035,0
716036,0
716037,0
716038,0
716039,0
716040,0
716041,0
716042,0
716043,0
716044,17
716045,23
716046,0
716047,0
716048,36
716049,0
716050,0
716051,0
716052,0
716053,0
716054,15
716055,0
716056,0
716057,0
716058,0
716059,0
716060,19
716061,0
716062,28
716063,0
716064,0
716065,0
716066,0
716067,0
716068,0
716069,0
716070,0
716071,0
716072,24
716073,0
716074,0
716075,0
716076,0
716077,0
716078,0
716079,0
716080,0
716081,0
716082,0
716083,0
716084,25
716085,0
716086,21
716087,0
716088,0
716089,0
716090,0
716091,0
716092,0
716093,0
716094,0
716095,0
716096,0
716097,0
716098,0
716099,15
716100,0
716101,0
716102,0
716103,0
716104,0
716105,0
716106,0
716107,0
716108,0
716109,0
716110,0
716111,0
716112,0
716113,0
716114,0
716115,0
716116,0
716117,0
716118,0
716119,14
716120,0
716121,20
716122,0
716123,0
716124,0
716125,0
716126,0
716127,0
716128,0
716129,0
716130,0
716131,0
716132,0
716133,0
716134,0
716135,0
716136,25
716137,0
716138,24
716139,0
716140,0
716141,0
716142,0
716143,0
716144,28
716145,0
716146,0
716147,36
716148,24
716149,0
716150,0
716151,0
716152,0
716153,28
716154,0
716155,0
716156,0
716157,0
716158,0
716159,0
716160,26
716161,0
716162,0
716163,0
716164,0
716165,0
716166,0
716167,0
716168,0
716169,0
716170,0
716171,0
716172,0
716173,0
716174,0
716175,0
716176,28
716177,0
716178,0
716179,0
716180,0
716181,0
716182,0
716183,0
716184,0
716185,0
716186,0
716187,0
716188,23
716189,36
716190,0
716191,0
716192,0
716193,0
716194,0
716195,0
716196,0
716197,17
716198,0
716199,0
716200,0
716201,25
716202,0
716203,0
716204,0
716205,0
716206,0
716207,20
716208,23
716209,11
716210,0
716211,0
716212,0
716213,0
716214,0
716215,0
716216,0
716217,0
716218,12
716219,0
716220,0
716221,0
716222,0
716223,14
716224,0
716225,0
716226,0
716227,0
716228,0
716229,0
716230,0
716231,0
716232,0
716233,21
716234,0
716235,0
716236,0
716237,0
716238,0
716239,20
716240,0
716241,0
716242,0
716243,0
716244,0
716245,0
716246,21
716247,0
716248,23
716249,0
716250,0
716251,0
716252,0
716253,0
716254,0
716255,0
716256,0
716257,33
716258,0
716259,0
716260,0
716261,0
716262,20
716263,0
716264,0
716265,0
716266,0
716267,0
716268,0
716269,0
716270,0
716271,0
716272,0
716273,26
716274,0
716275,0
716276,0
716277,0
716278,0
716279,0
716280,0
716281,0
716282,0
716283,0
716284,24
716285,0
716286,0
716287,0
716288,0
716289,25
716290,38
716291,0
716292,0
716293,0
716294,0
716295,0
716296,0
716297,0
716298,0
716299,0
716300,0
716301,29
716302,0
716303,0
716304,0
716305,25
716306,0
716307,13
716308,0
716309,0
716310,0
716311,0
716312,0
716313,0
716314,0
716315,0
716316,0
716317,30
716318,0
716319,25
716320,0
716321,0
716322,0
716323,0
716324,16
716325,0
716326,0
716327,0
716328,0
716329,0
716330,15
716331,0
716332,0
716333,0
716334,0
716335,0
716336,0
716337,21
716338,0
716339,0
716340,0
716341,0
716342,28
716343,0
716344,0
716345,0
716346,0
716347,0
716348,0
716349,0
716350,0
716351,0
716352,0
716353,0
716354,0
716355,0
716356,0
716357,0
716358,0
716359,28
716360,0
716361,0
716362,0
716363,0
716364,24
716365,0
716366,0
716367,0
716368,0
716369,0
716370,0
716371,0
716372,17
716373,0
716374,0
716375,0
716376,0
716377,0
716378,0
716379,28
716380,0
716381,0
716382,21
716383,0
716384,0
716385,0
716386,0
716387,0
716388,19
716389,8
716390,0
716391,28
716392,0
716393,0
716394,0
716395,0
716396,24
716397,0
716398,0
716399,20
716400,0
716401,0
716402,16
716403,0
716404,34
716405,0
716406,0
716407,23
716408,0
716409,0
716410,0
716411,0
716412,14
716413,0
716414,0
716415,0
716416,18
716417,0
716418,30
716419,0
716420,0
716421,0
716422,0
716423,0
716424,17
716425,0
716426,0
716427,0
716428,0
716429,26
716430,0
716431,0
716432,0
716433,0
716434,0
716435,0
716436,0
716437,0
716438,0
716439,0
716440,0
716441,25
716442,0
716443,0
716444,0
716445,0
716446,11
716447,0
716448,0
716449,0
716450,25
716451,0
716452,0
716453,0
716454,0
716455,0
716456,0
716457,27
716458,0
716459,0
716460,30
716461,0
716462,0
716463,0
716464,25
716465,0
716466,0
716467,0
716468,0
716469,40
716470,0
716471,0
716472,0
716473,0
716474,24
716475,0
716476,0
716477,0
716478,0
716479,0
716480,0
716481,0
716482,21
716483,0
716484,0
716485,0
716486,0
716487,28
716488,0
716489,0
716490,0
716491,0
716492,0
716493,0
716494,0
716495,0
716496,15
716497,18
716498,18
716499,0
716500,31
716501,0
716502,15
716503,0
716504,0
716505,0
716506,0
716507,0
716508,21
716509,0
716510,0
716511,17
716512,0
716513,0
716514,0
716515,0
716516,0
716517,0
716518,0
716519,0
716520,0
716521,0
716522,28
716523,14
716524,0
716525,0
716526,0
716527,18
716528,0
716529,0
716530,0
716531,0
716532,0
716533,0
716534,0
716535,0
716536,0
716537,0
716538,0
716539,0
716540,0
716541,0
716542,0
716543,0
716544,0
716545,23
716546,0
716547,0
716548,0
716549,0
716550,0
716551,0
716552,0
716553,0
716554,0
716555,0
716556,0
716557,26
716558,0
716559,0
716560,0
716561,0
716562,0
716563,0
716564,0
716565,0
716566,0
716567,0
716568,25
716569,16
716570,0
716571,0
716572,0
716573,21
716574,0
716575,0
716576,0
716577,0
716578,0
716579,0
716580,0
716581,0
716582,0
716583,0
716584,0
716585,0
716586,0
716587,0
716588,0
716589,0
716590,13
716591,0
716592,0
716593,22
716594,18
716595,0
716596,0
716597,0
716598,0
716599,0
716600,0
716601,0
716602,0
716603,0
716604,0
716605,14
716606,0
716607,0
716608,21
716609,0
716610,19
716611,0
716612,0
716613,0
716614,29
716615,0
716616,0
716617,22
716618,0
716619,0
716620,0
716621,0
716622,0
716623,0
716624,0
716625,0
716626,0
716627,0
716628,0
716629,0
716630,0
716631,0
716632,0
716633,0
716634,0
716635,0
716636,0
716637,0
716638,25
716639,35
716640,0
716641,0
716642,0
716643,0
716644,0
716645,0
716646,0
716647,0
716648,22
716649,0
716650,21
716651,0
716652,0
716653,0
716654,0
716655,0
716656,0
716657,0
716658,0
716659,0
716660,0
716661,22
716662,0
716663,0
716664,0
716665,0
716666,0
716667,0
716668,0
716669,0
716670,0
716671,31
716672,0
716673,0
716674,0
716675,34
716676,0
716677,0
716678,0
716679,0
716680,0
716681,0
716682,0
716683,0
716684,0
716685,0
716686,0
716687,14
716688,0
716689,0
716690,18
716691,0
716692,0
716693,0
716694,0
716695,30
716696,0
716697,0
716698,0
716699,0
716700,0
716701,11
716702,0
716703,0
716704,0
716705,0
716706,0
716707,0
716708,45
716709,0
716710,0
716711,33
716712,0
716713,0
716714,0
716715,0
716716,0
716717,0
716718,0
716719,0
716720,0
716721,63
716722,32
716723,0
716724,0
716725,0
716726,0
716727,0
716728,0
716729,0
716730,0
716731,23
716732,42
716733,0
716734,0
716735,36
716736,0
716737,22
716738,0
716739,0
716740,24
716741,0
716742,0
716743,0
716744,0
716745,21
716746,0
716747,0
716748,27
716749,0
716750,57
716751,0
716752,0
716753,0
716754,0
716755,0
716756,0
716757,47
716758,11
716759,0
716760,0
716761,0
716762,38
716763,0
716764,0
716765,0
716766,0
716767,27
716768,0
716769,32
716770,0
716771,0
716772,0
716773,33
716774,0
716775,0
716776,0
716777,0
716778,0
716779,46
716780,29
716781,0
716782,0
716783,14
716784,0
716785,25
716786,70
716787,23
716788,20
716789,0
716790,0
716791,0
716792,0
716793,42
716794,0
716795,0
716796,0
716797,0
716798,39
716799,35
716800,0
716801,0
716802,0
716803,71
716804,0
716805,0
716806,0
716807,29
716808,0
716809,0
716810,39
716811,0
716812,44
716813,0
716814,0
716815,0
716816,0
716817,0
716818,0
716819,0
716820,0
716821,0
716822,0
716823,0
716824,0
716825,34
716826,40
716827,0
716828,0
716829,0
716830,0
716831,0
716832,0
716833,0
716834,0
716835,0
716836,0
716837,35
716838,0
716839,0
716840,0
716841,0
716842,0
716843,0
716844,39
716845,0
716846,0
716847,0
716848,11
716849,0
716850,0
716851,0
716852,0
716853,0
716854,0
716855,0
716856,0
716857,0
716858,0
716859,0
716860,0
716861,0
716862,0
716863,35
716864,14
716865,0
716866,40
716867,0
716868,0
716869,0
716870,38
716871,0
716872,0
716873,0
716874,23
716875,0
716876,0
716877,0
716878,31
716879,0
716880,0
716881,0
716882,0
716883,0
716884,0
716885,0
716886,0
716887,23
716888,0
716889,0
716890,0
716891,0
716892,0
716893,0
716894,0
716895,0
716896,0
716897,32
716898,0
716899,0
716900,0
716901,0
716902,0
716903,58
716904,0
716905,0
716906,0
716907,0
716908,0
716909,0
716910,0
716911,0
716912,19
716913,0
716914,0
716915,4
716916,5
716917,0
716918,0
716919,0
716920,0
716921,3
716922,0
716923,0
716924,0
716925,3
716926,0
716927,0
716928,0
716929,0
716930,0
716931,0
716932,0
716933,0
716934,0
716935,5
716936,0
716937,0
716938,0
716939,1
716940,4
716941,0
716942,0
716943,0
716944,0
716945,4
716946,0
716947,0
716948,0
716949,0
716950,0
716951,0
716952,3
716953,0
716954,3
716955,0
716956,0
716957,1
716958,2
716959,0
716960,0
716961,0
716962,0
716963,0
716964,1
716965,0
716966,2
716967,0
716968,0
716969,0
716970,0
716971,1
716972,4
716973,0
716974,0
716975,0
716976,0
716977,0
716978,0
716979,0
716980,5
716981,0
716982,0
716983,0
716984,0
716985,3
716986,0
716987,0
716988,3
716989,0
716990,0
716991,0
716992,0
716993,0
716994,0
716995,0
716996,0
716997,0
716998,5
716999,5
717000,6
717001,0
717002,0
717003,0
717004,0
717005,0
717006,3
717007,0
717008,1
717009,5
717010,0
717011,6
717012,0
717013,0
717014,0
717015,0
717016,6
717017,0
717018,0
717019,0
717020,0
717021,2
717022,0
717023,0
717024,1
717025,0
717026,0
717027,8
717028,0
717029,0
717030,0
717031,0
717032,0
717033,5
717034,0
717035,0
717036,9
717037,0
717038,0
717039,0
717040,0
717041,0
717042,0
717043,0
717044,0
717045,0
717046,0
717047,0
717048,4
717049,6
717050,0
717051,0
717052,0
717053,0
717054,0
717055,0
717056,0
717057,7
717058,0
717059,2
717060,0
717061,0
717062,0
717063,0
717064,0
717065,0
717066,0
717067,0
717068,0
717069,0
717070,0
717071,0
717072,0
717073,0
717074,0
717075,0
717076,5
717077,0
717078,0
717079,0
717080,1
717081,0
717082,0
717083,7
717084,0
717085,0
717086,0
717087,0
717088,0
717089,0
717090,0
717091,0
717092,0
717093,0
717094,9
717095,5
717096,0
717097,0
717098,0
717099,6
717100,0
717101,0
717102,0
717103,0
717104,0
717105,0
717106,0
717107,0
717108,0
717109,4
717110,0
717111,0
717112,1
717113,0
717114,0
717115,0
717116,3
717117,0
717118,0
717119,0
717120,1
717121,0
717122,3
717123,0
717124,4
717125,0
717126,1
717127,0
717128,3
717129,0
717130,0
717131,0
717132,5
717133,0
717134,0
717135,0
717136,0
717137,0
717138,0
717139,0
717140,0
717141,0
717142,6
717143,0
717144,0
717145,5
717146,0
717147,0
717148,0
717149,0
717150,0
717151,5
717152,3
717153,2
717154,0
717155,0
717156,1
717157,0
717158,2
717159,0
717160,6
717161,4
717162,0
717163,0
717164,0
717165,0
717166,0
717167,0
717168,0
717169,0
717170,0
717171,0
717172,0
717173,3
717174,0
717175,4
717176,0
717177,0
717178,5
717179,0
717180,0
717181,0
717182,0
717183,0
717184,0
717185,0
717186,4
717187,0
717188,5
717189,0
717190,0
717191,0
717192,3
717193,0
717194,0
717195,7
717196,2
717197,4
717198,0
717199,0
717200,0
717201,0
717202,0
717203,3
717204,0
717205,0
717206,0
717207,0
717208,4
717209,0
717210,0
717211,0
717212,0
717213,0
717214,0
717215,2
717216,0
717217,0
717218,0
717219,0
717220,0
717221,0
717222,4
717223,0
717224,0
717225,0
717226,0
717227,1
717228,0
717229,0
717230,0
717231,0
717232,0
717233,0
717234,0
717235,0
717236,0
717237,5
717238,8
717239,0
717240,0
717241,0
717242,0
717243,0
717244,0
717245,0
717246,0
717247,0
717248,0
717249,0
717250,0
717251,0
717252,0
717253,4
717254,0
717255,3
717256,8
717257,0
717258,0
717259,0
717260,0
717261,0
717262,0
717263,0
717264,0
717265,0
717266,0
717267,5
717268,0
717269,3
717270,0
717271,7
717272,0
717273,3
717274,2
717275,3
717276,0
717277,7
717278,4
717279,0
717280,0
717281,0
717282,0
717283,0
717284,0
717285,0
717286,0
717287,0
717288,3
717289,3
717290,0
717291,2
717292,0
717293,0
717294,0
717295,0
717296,0
717297,0
717298,3
717299,0
717300,5
717301,0
717302,0
717303,4
717304,0
717305,1
717306,0
717307,0
717308,1
717309,0
717310,0
717311,0
717312,0
717313,0
717314,0
717315,0
717316,0
717317,4
717318,0
717319,0
717320,0
717321,1
717322,0
717323,0
717324,0
717325,0
717326,0
717327,0
717328,6
717329,0
717330,39
717331,37
717332,0
717333,0
717334,27
717335,0
717336,0
717337,0
717338,0
717339,0
717340,0
717341,0
717342,23
717343,0
717344,38
717345,0
717346,0
717347,35
717348,43
717349,0
717350,0
717351,37
717352,0
717353,0
717354,0
717355,0
717356,0
717357,0
717358,0
717359,0
717360,0
717361,0
717362,0
717363,0
717364,43
717365,0
717366,0
717367,0
717368,38
717369,0
717370,0
717371,29
717372,0
717373,0
717374,0
717375,0
717376,33
717377,0
717378,0
717379,33
717380,27
717381,0
717382,0
717383,0
717384,0
717385,0
717386,0
717387,0
717388,0
717389,0
717390,0
717391,0
717392,0
717393,0
717394,0
717395,0
717396,0
717397,0
717398,0
717399,0
717400,0
717401,0
717402,0
717403,0
717404,0
717405,0
717406,0
717407,0
717408,0
717409,0
717410,0
717411,22
717412,0
717413,0
717414,0
717415,44
717416,0
717417,0
717418,0
717419,0
717420,0
717421,0
717422,0
717423,0
717424,0
717425,0
717426,0
717427,18
717428,0
717429,0
717430,0
717431,42
717432,0
717433,0
717434,25
717435,42
717436,0
717437,0
717438,0
717439,0
717440,0
717441,0
717442,0
717443,47
717444,28
717445,0
717446,37
717447,52
717448,0
717449,0
717450,0
717451,0
717452,0
717453,0
717454,0
717455,0
717456,47
717457,0
717458,0
717459,0
717460,0
717461,0
717462,32
717463,0
717464,0
717465,0
717466,0
717467,0
717468,0
717469,55
717470,0
717471,0
717472,0
717473,0
717474,0
717475,35
717476,25
717477,0
717478,51
717479,0
717480,0
717481,0
717482,0
717483,0
717484,0
717485,38
717486,0
717487,0
717488,0
717489,0
717490,0
717491,0
717492,0
717493,0
717494,0
717495,0
717496,0
717497,0
717498,0
717499,27
717500,0
717501,0
717502,0
717503,0
717504,46
717505,0
717506,33
717507,0
717508,0
717509,0
717510,0
717511,0
717512,0
717513,0
717514,17
717515,42
717516,0
717517,0
717518,51
717519,0
717520,0
717521,0
717522,0
717523,34
717524,0
717525,0
717526,0
717527,0
717528,0
717529,47
717530,0
717531,0
717532,0
717533,32
717534,0
717535,0
717536,0
717537,0
717538,0
717539,0
717540,0
717541,0
717542,0
717543,0
717544,0
717545,0
717546,0
717547,23
717548,0
717549,0
717550,0
717551,0
717552,0
717553,0
717554,0
717555,0
717556,34
717557,0
717558,0
717559,0
717560,0
717561,0
717562,0
717563,0
717564,0
717565,0
717566,0
717567,0
717568,0
717569,0
717570,0
717571,0
717572,0
717573,0
717574,0
717575,0
717576,0
717577,0
717578,0
717579,0
717580,0
717581,0
717582,0
717583,0
717584,0
717585,0
717586,0
717587,20
717588,0
717589,0
717590,0
717591,0
717592,0
717593,39
717594,0
717595,0
717596,0
717597,0
717598,0
717599,0
717600,0
717601,0
717602,0
717603,0
717604,0
717605,0
717606,0
717607,0
717608,0
717609,0
717610,0
717611,0
717612,37
717613,32
717614,0
717615,0
717616,0
717617,33
717618,0
717619,0
717620,0
717621,0
717622,0
717623,0
717624,0
717625,0
717626,0
717627,0
717628,0
717629,15
717630,0
717631,0
717632,0
717633,0
717634,0
717635,0
717636,0
717637,0
717638,0
717639,0
717640,38
717641,0
717642,0
717643,0
717644,0
717645,0
717646,0
717647,0
717648,0
717649,0
717650,0
717651,0
717652,0
717653,0
717654,0
717655,0
717656,0
717657,39
717658,0
717659,0
717660,0
717661,0
717662,0
717663,31
717664,0
717665,0
717666,0
717667,0
717668,0
717669,30
717670,0
717671,0
717672,0
717673,0
717674,0
717675,0
717676,0
717677,0
717678,0
717679,0
717680,0
717681,0
717682,0
717683,0
717684,0
717685,0
717686,0
717687,0
717688,0
717689,0
717690,0
717691,0
717692,0
717693,0
717694,0
717695,0
717696,14
717697,0
717698,34
717699,0
717700,0
717701,55
717702,0
717703,0
717704,20
717705,0
717706,0
717707,0
717708,0
717709,0
717710,37
717711,0
717712,0
717713,0
717714,0
717715,0
717716,39
717717,0
717718,0
717719,0
717720,0
717721,0
717722,0
717723,0
717724,0
717725,0
717726,0
717727,0
717728,0
717729,0
717730,0
717731,0
717732,0
717733,21
717734,0
717735,0
717736,38
717737,0
717738,0
717739,0
717740,0
717741,0
717742,0
717743,0
717744,0
717745,25
717746,0
717747,0
717748,0
717749,0
717750,0
717751,0
717752,0
717753,0
717754,0
717755,0
717756,20
717757,0
717758,0
717759,47
717760,0
717761,0
717762,0
717763,0
717764,0
717765,0
717766,35
717767,32
717768,0
717769,0
717770,0
717771,0
717772,0
717773,0
717774,0
717775,0
717776,53
717777,0
717778,28
717779,0
717780,0
717781,0
717782,0
717783,0
717784,0
717785,0
717786,0
717787,0
717788,0
717789,0
717790,0
717791,41
717792,0
717793,0
717794,22
717795,0
717796,0
717797,0
717798,0
717799,0
717800,0
717801,29
717802,39
717803,0
717804,0
717805,0
717806,0
717807,0
717808,32
717809,44
717810,0
717811,0
717812,0
717813,0
717814,0
717815,0
717816,37
717817,0
717818,0
717819,0
717820,0
717821,0
717822,0
717823,0
717824,0
717825,0
717826,0
717827,0
717828,0
717829,0
717830,0
717831,0
717832,0
717833,0
717834,0
717835,0
717836,0
717837,0
717838,0
717839,0
717840,0
717841,0
717842,24
717843,0
717844,0
717845,0
717846,0
717847,0
717848,0
717849,0
717850,0
717851,0
717852,31
717853,0
717854,0
717855,0
717856,0
717857,0
717858,0
717859,0
717860,0
717861,0
717862,0
717863,0
717864,0
717865,0
717866,0
717867,0
717868,0
717869,34
717870,0
717871,0
717872,0
717873,34
717874,0
717875,0
717876,41
717877,0
717878,0
717879,0
717880,0
717881,40
717882,0
717883,0
717884,0
717885,0
717886,0
717887,0
717888,0
717889,0
717890,41
717891,0
717892,0
717893,0
717894,0
717895,0
717896,0
717897,0
717898,0
717899,0
717900,0
717901,0
717902,0
717903,35
717904,0
717905,0
717906,29
717907,0
717908,36
717909,0
717910,0
717911,0
717912,0
717913,0
717914,0
717915,0
717916,22
717917,0
717918,0
717919,0
717920,0
717921,0
717922,0
717923,0
717924,0
717925,0
717926,0
717927,0
717928,0
717929,0
717930,0
717931,0
717932,0
717933,0
717934,0
717935,24
717936,53
717937,36
717938,0
717939,0
717940,31
717941,0
717942,0
717943,0
717944,0
717945,0
717946,0
717947,0
717948,0
717949,0
717950,0
717951,0
717952,0
717953,0
717954,0
717955,0
717956,39
717957,0
717958,0
717959,0
717960,0
717961,0
717962,0
717963,0
717964,58
717965,0
717966,0
717967,0
717968,0
717969,0
717970,0
717971,0
717972,0
717973,0
717974,0
717975,0
717976,0
717977,0
717978,0
717979,0
717980,0
717981,0
717982,0
717983,0
717984,0
717985,0
717986,0
717987,0
717988,0
717989,0
717990,0
717991,0
717992,0
717993,0
717994,42
717995,0
717996,0
717997,48
717998,0
717999,0
718000,0
718001,0
718002,0
718003,24
718004,0
718005,0
718006,0
718007,0
718008,0
718009,0
718010,0
718011,30
718012,0
718013,31
718014,0
718015,36
718016,0
718017,0
718018,31
718019,0
718020,0
718021,0
718022,0
718023,0
718024,0
718025,34
718026,0
718027,0
718028,0
718029,58
718030,0
718031,0
718032,0
718033,0
718034,0
718035,0
718036,0
718037,0
718038,0
718039,0
718040,0
718041,0
718042,0
718043,0
718044,0
718045,0
718046,0
718047,0
718048,0
718049,0
718050,0
718051,0
718052,0
718053,0
718054,0
718055,0
718056,0
718057,0
718058,0
718059,0
718060,0
718061,0
718062,0
718063,0
718064,0
718065,0
718066,0
718067,0
718068,0
718069,0
718070,0
718071,0
718072,0
718073,0
718074,0
718075,0
718076,0
718077,0
718078,0
718079,0
718080,0
718081,0
718082,0
718083,0
718084,0
718085,0
718086,1
718087,0
718088,0
718089,0
718090,0
718091,0
718092,0
718093,0
718094,0
718095,0
718096,0
718097,0
718098,0
718099,0
718100,1
718101,0
718102,0
718103,0
718104,0
718105,0
718106,0
718107,0
718108,0
718109,0
718110,0
718111,0
718112,0
718113,0
718114,0
718115,0
718116,0
718117,0
718118,0
718119,0
718120,0
718121,1
718122,0
718123,0
718124,0
718125,0
718126,0
718127,0
718128,0
718129,0
718130,0
718131,0
718132,0
718133,0
718134,0
718135,0
718136,0
718137,0
718138,0
718139,0
718140,0
718141,0
718142,0
718143,0
718144,0
718145,0
718146,0
718147,0
718148,0
718149,0
718150,0
718151,0
718152,0
718153,0
718154,0
718155,0
718156,0
718157,0
718158,0
718159,0
718160,0
718161,0
718162,0
718163,0
718164,0
718165,0
718166,0
718167,0
718168,0
718169,0
718170,0
718171,0
718172,0
718173,0
718174,0
718175,0
718176,0
718177,0
718178,0
718179,0
718180,0
718181,0
718182,0
718183,0
718184,0
718185,1
718186,0
718187,0
718188,0
718189,0
718190,0
718191,0
718192,0
718193,0
718194,0
718195,0
718196,0
718197,0
718198,0
718199,0
718200,0
718201,0
718202,0
718203,0
718204,0
718205,0
718206,0
718207,1
718208,0
718209,0
718210,0
718211,0
718212,0
718213,0
718214,0
718215,0
718216,0
718217,0
718218,0
718219,0
718220,0
718221,0
718222,0
718223,0
718224,0
718225,0
718226,0
718227,0
718228,0
718229,0
718230,0
718231,0
718232,0
718233,0
718234,0
718235,0
718236,0
718237,0
718238,0
718239,0
718240,0
718241,0
718242,0
718243,0
718244,0
718245,0
718246,0
718247,0
718248,0
718249,0
718250,0
718251,0
718252,0
718253,0
718254,0
718255,0
718256,0
718257,0
718258,0
718259,0
718260,0
718261,0
718262,0
718263,0
718264,0
718265,0
718266,0
718267,0
718268,0
718269,0
718270,0
718271,0
718272,0
718273,0
718274,0
718275,0
718276,0
718277,0
718278,0
718279,0
718280,0
718281,0
718282,0
718283,0
718284,0
718285,0
718286,0
718287,0
718288,0
718289,0
718290,0
718291,0
718292,0
718293,0
718294,0
718295,0
718296,0
718297,0
718298,0
718299,0
718300,0
718301,0
718302,0
718303,0
718304,0
718305,0
718306,0
718307,0
718308,0
718309,0
718310,0
718311,0
718312,0
718313,0
718314,0
718315,0
718316,0
718317,0
718318,1
718319,0
718320,0
718321,0
718322,0
718323,0
718324,0
718325,0
718326,0
718327,0
718328,0
718329,0
718330,0
718331,0
718332,0
718333,0
718334,0
718335,0
718336,0
718337,0
718338,0
718339,0
718340,0
718341,0
718342,0
718343,0
718344,0
718345,0
718346,0
718347,0
718348,0
718349,0
718350,0
718351,0
718352,0
718353,0
718354,0
718355,0
718356,0
718357,0
718358,0
718359,0
718360,0
718361,0
718362,0
718363,0
718364,0
718365,0
718366,0
718367,0
718368,0
718369,0
718370,0
718371,0
718372,0
718373,0
718374,0
718375,0
718376,0
718377,0
718378,0
718379,0
718380,0
718381,0
718382,0
718383,0
718384,0
718385,0
718386,0
718387,0
718388,0
718389,0
718390,1
718391,0
718392,0
718393,0
718394,0
718395,0
718396,0
718397,0
718398,0
718399,0
718400,0
718401,0
718402,0
718403,0
718404,0
718405,0
718406,0
718407,0
718408,0
718409,0
718410,0
718411,0
718412,0
718413,0
718414,0
718415,0
718416,0
718417,0
718418,0
718419,0
718420,0
718421,0
718422,0
718423,0
718424,0
718425,0
718426,0
718427,0
718428,0
718429,0
718430,0
718431,0
718432,0
718433,0
718434,0
718435,0
718436,0
718437,0
718438,0
718439,0
718440,0
718441,0
718442,0
718443,0
718444,0
718445,0
718446,0
718447,0
718448,0
718449,0
718450,0
718451,0
718452,0
718453,0
718454,0
718455,0
718456,0
718457,0
718458,0
718459,0
718460,0
718461,0
718462,0
718463,0
718464,0
718465,0
718466,0
718467,0
718468,0
718469,0
718470,0
718471,0
718472,0
718473,0
718474,0
718475,0
718476,0
718477,0
718478,0
718479,0
718480,0
718481,0
718482,0
718483,0
718484,0
718485,0
718486,0
718487,0
718488,1
718489,0
718490,0
718491,0
718492,0
718493,0
718494,0
718495,0
718496,0
718497,0
718498,0
718499,0
718500,0
718501,0
718502,0
718503,0
718504,0
718505,0
718506,0
718507,0
718508,0
718509,0
718510,0
718511,0
718512,0
718513,0
718514,0
718515,0
718516,0
718517,0
718518,0
718519,0
718520,0
718521,0
718522,0
718523,0
718524,0
718525,0
718526,0
718527,0
718528,0
718529,0
718530,0
718531,0
718532,0
718533,0
718534,0
718535,0
718536,0
718537,0
718538,0
718539,0
718540,0
718541,0
718542,0
718543,0
718544,0
718545,0
718546,0
718547,0
718548,0
718549,0
718550,0
718551,0
718552,0
718553,0
718554,0
718555,0
718556,0
718557,0
718558,0
718559,0
718560,0
718561,0
718562,0
718563,0
718564,0
718565,0
718566,0
718567,0
718568,0
718569,0
718570,0
718571,0
718572,0
718573,0
718574,0
718575,1
718576,0
718577,0
718578,0
718579,0
718580,0
718581,0
718582,0
718583,0
718584,0
718585,0
718586,0
718587,0
718588,0
718589,0
718590,0
718591,0
718592,0
718593,0
718594,0
718595,0
718596,0
718597,0
718598,0
718599,0
718600,0
718601,0
718602,0
718603,0
718604,0
718605,0
718606,0
718607,1
718608,0
718609,0
718610,0
718611,0
718612,0
718613,0
718614,0
718615,0
718616,0
718617,0
718618,0
718619,0
718620,0
718621,0
718622,0
718623,0
718624,0
718625,0
718626,0
718627,0
718628,0
718629,0
718630,0
718631,0
718632,0
718633,0
718634,0
718635,0
718636,0
718637,0
718638,0
718639,6
718640,0
718641,0
718642,0
718643,0
718644,0
718645,0
718646,0
718647,0
718648,0
718649,0
718650,0
718651,0
718652,0
718653,0
718654,0
718655,0
718656,0
718657,0
718658,0
718659,0
718660,0
718661,0
718662,4
718663,0
718664,0
718665,0
718666,0
718667,0
718668,0
718669,0
718670,0
718671,7
718672,0
718673,0
718674,0
718675,0
718676,0
718677,6
718678,0
718679,0
718680,0
718681,10
718682,0
718683,0
718684,7
718685,5
718686,0
718687,9
718688,0
718689,0
718690,0
718691,0
718692,0
718693,0
718694,0
718695,0
718696,0
718697,0
718698,0
718699,0
718700,8
718701,0
718702,0
718703,0
718704,0
718705,0
718706,0
718707,0
718708,0
718709,0
718710,0
718711,0
718712,5
718713,0
718714,0
718715,0
718716,0
718717,8
718718,0
718719,0
718720,0
718721,0
718722,6
718723,0
718724,0
718725,0
718726,0
718727,0
718728,0
718729,0
718730,0
718731,0
718732,0
718733,0
718734,0
718735,0
718736,0
718737,0
718738,0
718739,0
718740,0
718741,0
718742,0
718743,0
718744,0
718745,0
718746,0
718747,0
718748,0
718749,0
718750,0
718751,0
718752,8
718753,8
718754,0
718755,0
718756,5
718757,7
718758,0
718759,0
718760,0
718761,0
718762,0
718763,9
718764,0
718765,0
718766,0
718767,0
718768,0
718769,0
718770,0
718771,0
718772,0
718773,0
718774,0
718775,0
718776,0
718777,0
718778,2
718779,0
718780,0
718781,0
718782,0
718783,0
718784,0
718785,0
718786,0
718787,0
718788,6
718789,0
718790,0
718791,0
718792,8
718793,0
718794,0
718795,0
718796,0
718797,0
718798,0
718799,9
718800,0
718801,0
718802,0
718803,0
718804,0
718805,0
718806,0
718807,0
718808,0
718809,0
718810,0
718811,0
718812,0
718813,3
718814,0
718815,0
718816,0
718817,0
718818,0
718819,0
718820,0
718821,0
718822,0
718823,0
718824,0
718825,0
718826,3
718827,0
718828,6
718829,0
718830,5
718831,0
718832,1
718833,0
718834,3
718835,0
718836,0
718837,17
718838,0
718839,0
718840,0
718841,0
718842,0
718843,0
718844,0
718845,0
718846,0
718847,0
718848,0
718849,0
718850,0
718851,0
718852,0
718853,0
718854,0
718855,0
718856,8
718857,0
718858,0
718859,0
718860,0
718861,0
718862,0
718863,7
718864,0
718865,0
718866,0
718867,0
718868,0
718869,0
718870,0
718871,0
718872,9
718873,0
718874,0
718875,4
718876,0
718877,0
718878,5
718879,2
718880,0
718881,0
718882,9
718883,0
718884,0
718885,0
718886,0
718887,0
718888,16
718889,0
718890,0
718891,0
718892,0
718893,5
718894,0
718895,0
718896,0
718897,6
718898,0
718899,0
718900,0
718901,0
718902,0
718903,0
718904,0
718905,3
718906,8
718907,0
718908,0
718909,0
718910,0
718911,0
718912,0
718913,0
718914,0
718915,0
718916,1
718917,7
718918,0
718919,0
718920,0
718921,0
718922,0
718923,0
718924,0
718925,0
718926,0
718927,0
718928,0
718929,0
718930,0
718931,0
718932,12
718933,0
718934,0
718935,0
718936,0
718937,0
718938,0
718939,0
718940,0
718941,0
718942,0
718943,0
718944,0
718945,0
718946,0
718947,0
718948,0
718949,0
718950,0
718951,0
718952,0
718953,11
718954,0
718955,0
718956,0
718957,0
718958,10
718959,0
718960,0
718961,6
718962,0
718963,0
718964,0
718965,0
718966,0
718967,7
718968,0
718969,0
718970,0
718971,0
718972,0
718973,0
718974,0
718975,0
718976,0
718977,0
718978,0
718979,6
718980,0
718981,0
718982,0
718983,0
718984,0
718985,0
718986,7
718987,0
718988,0
718989,0
718990,0
718991,0
718992,0
718993,0
718994,0
718995,0
718996,0
718997,0
718998,0
718999,6
719000,0
719001,0
719002,0
719003,5
719004,0
719005,0
719006,4
719007,0
719008,0
719009,0
719010,0
719011,0
719012,0
719013,6
719014,0
719015,10
719016,9
719017,0
719018,0
719019,0
719020,0
719021,0
719022,0
719023,0
719024,0
719025,0
719026,0
719027,0
719028,0
719029,0
719030,0
719031,0
719032,0
719033,0
719034,0
719035,0
719036,0
719037,0
719038,0
719039,0
719040,0
719041,0
719042,0
719043,0
719044,0
719045,0
719046,0
719047,0
719048,0
719049,0
719050,0
719051,0
719052,0
719053,0
719054,0
719055,0
719056,0
719057,0
719058,0
719059,0
719060,0
719061,0
719062,0
719063,0
719064,0
719065,0
719066,0
719067,0
719068,0
719069,0
719070,0
719071,0
719072,0
719073,0
719074,0
719075,0
719076,0
719077,0
719078,0
719079,0
719080,0
719081,0
719082,0
719083,0
719084,0
719085,0
719086,0
719087,0
719088,0
719089,0
719090,0
719091,0
719092,0
719093,0
719094,0
719095,0
719096,0
719097,0
719098,0
719099,0
719100,0
719101,0
719102,0
719103,0
719104,0
719105,0
719106,0
719107,0
719108,0
719109,0
719110,0
719111,0
719112,0
719113,0
719114,0
719115,0
719116,0
719117,0
719118,0
719119,0
719120,0
719121,0
719122,0
719123,0
719124,0
719125,0
719126,0
719127,0
719128,0
719129,0
719130,0
719131,0
719132,0
719133,0
719134,0
719135,0
719136,0
719137,0
719138,0
719139,0
719140,0
719141,0
719142,0
719143,0
719144,0
719145,0
719146,0
719147,0
719148,0
719149,0
719150,0
719151,0
719152,0
719153,0
719154,0
719155,0
719156,0
719157,0
719158,0
719159,0
719160,0
719161,0
719162,0
719163,0
719164,0
719165,0
719166,0
719167,0
719168,0
719169,0
719170,0
719171,0
719172,0
719173,0
719174,0
719175,0
719176,0
719177,0
719178,0
719179,0
719180,0
719181,0
719182,0
719183,0
719184,0
719185,0
719186,0
719187,0
719188,0
719189,0
719190,0
719191,0
719192,0
719193,0
719194,0
719195,0
719196,0
719197,0
719198,0
719199,0
719200,0
719201,0
719202,0
719203,0
719204,0
719205,0
719206,0
719207,0
719208,0
719209,0
719210,0
719211,0
719212,0
719213,0
719214,0
719215,0
719216,0
719217,0
719218,0
719219,0
719220,0
719221,0
719222,0
719223,0
719224,0
719225,0
719226,0
719227,0
719228,0
719229,0
719230,0
719231,0
719232,0
719233,0
719234,0
719235,0
719236,0
719237,0
719238,0
719239,0
719240,0
719241,0
719242,0
719243,0
719244,0
719245,0
719246,0
719247,0
719248,0
719249,0
719250,0
719251,0
719252,1
719253,0
719254,0
719255,0
719256,0
719257,0
719258,0
719259,0
719260,0
719261,0
719262,0
719263,0
719264,0
719265,0
719266,0
719267,0
719268,0
719269,0
719270,0
719271,0
719272,0
719273,0
719274,0
719275,0
719276,1
719277,0
719278,0
719279,0
719280,0
719281,0
719282,0
719283,0
719284,0
719285,0
719286,0
719287,0
719288,0
719289,0
719290,0
719291,0
719292,0
719293,0
719294,0
719295,0
719296,0
719297,0
719298,0
719299,0
719300,0
719301,0
719302,0
719303,0
719304,0
719305,0
719306,0
719307,0
719308,0
719309,0
719310,0
719311,0
719312,0
719313,0
719314,0
719315,0
719316,0
719317,1
719318,0
719319,0
719320,0
719321,0
719322,0
719323,0
719324,0
719325,0
719326,0
719327,0
719328,0
719329,0
719330,0
719331,1
719332,0
719333,0
719334,0
719335,0
719336,0
719337,0
719338,0
719339,0
719340,0
719341,0
719342,0
719343,0
719344,0
719345,0
719346,0
719347,0
719348,0
719349,0
719350,0
719351,0
719352,0
719353,0
719354,0
719355,0
719356,0
719357,0
719358,0
719359,0
719360,0
719361,0
719362,0
719363,0
719364,0
719365,0
719366,0
719367,0
719368,0
719369,0
719370,0
719371,0
719372,0
719373,0
719374,0
719375,0
719376,0
719377,0
719378,0
719379,0
719380,0
719381,0
719382,0
719383,0
719384,0
719385,0
719386,0
719387,0
719388,1
719389,0
719390,0
719391,0
719392,0
719393,0
719394,0
719395,0
719396,0
719397,0
719398,1
719399,0
719400,0
719401,0
719402,0
719403,0
719404,0
719405,0
719406,0
719407,0
719408,0
719409,0
719410,0
719411,0
719412,0
719413,0
719414,0
719415,0
719416,0
719417,0
719418,0
719419,0
719420,0
719421,0
719422,0
719423,0
719424,0
719425,0
719426,0
719427,0
719428,0
719429,0
719430,0
719431,0
719432,0
719433,0
719434,0
719435,0
719436,0
719437,0
719438,0
719439,0
719440,0
719441,0
719442,0
719443,0
719444,0
719445,0
719446,0
719447,0
719448,0
719449,0
719450,0
719451,0
719452,0
719453,0
719454,0
719455,0
719456,0
719457,0
719458,0
719459,0
719460,0
719461,0
719462,0
719463,0
719464,0
719465,0
719466,12
719467,7
719468,0
719469,13
719470,20
719471,0
719472,0
719473,0
719474,0
719475,0
719476,0
719477,0
719478,0
719479,16
719480,0
719481,0
719482,0
719483,0
719484,0
719485,0
719486,0
719487,0
719488,0
719489,0
719490,0
719491,0
719492,0
719493,0
719494,0
719495,0
719496,0
719497,0
719498,0
719499,0
719500,0
719501,0
719502,0
719503,0
719504,0
719505,13
719506,0
719507,0
719508,0
719509,0
719510,0
719511,0
719512,0
719513,0
719514,0
719515,0
719516,0
719517,0
719518,0
719519,0
719520,0
719521,21
719522,0
719523,0
719524,14
719525,0
719526,0
719527,0
719528,12
719529,0
719530,0
719531,0
719532,0
719533,9
719534,14
719535,0
719536,0
719537,0
719538,0
719539,13
719540,0
719541,0
719542,0
719543,0
719544,8
719545,0
719546,0
719547,0
719548,0
719549,0
719550,0
719551,0
719552,0
719553,0
719554,0
719555,0
719556,0
719557,0
719558,0
719559,0
719560,0
719561,0
719562,11
719563,5
719564,0
719565,0
719566,0
719567,0
719568,11
719569,0
719570,13
719571,0
719572,0
719573,0
719574,0
719575,14
719576,0
719577,0
719578,0
719579,0
719580,0
719581,0
719582,0
719583,0
719584,0
719585,0
719586,0
719587,0
719588,15
719589,0
719590,8
719591,0
719592,0
719593,0
719594,5
719595,0
719596,0
719597,0
719598,0
719599,0
719600,0
719601,0
719602,0
719603,0
719604,0
719605,0
719606,0
719607,0
719608,0
719609,0
719610,0
719611,0
719612,0
719613,0
719614,0
719615,7
719616,8
719617,0
719618,0
719619,0
719620,0
719621,0
719622,0
719623,0
719624,0
719625,0
719626,0
719627,0
719628,0
719629,0
719630,0
719631,14
719632,0
719633,0
719634,0
719635,0
719636,0
719637,0
719638,0
719639,0
719640,0
719641,0
719642,0
719643,0
719644,0
719645,0
719646,0
719647,0
719648,7
719649,0
719650,9
719651,14
719652,0
719653,10
719654,0
719655,0
719656,0
719657,0
719658,14
719659,0
719660,10
719661,0
719662,0
719663,0
719664,10
719665,0
719666,0
719667,5
719668,0
719669,0
719670,0
719671,0
719672,0
719673,6
719674,0
719675,0
719676,7
719677,10
719678,0
719679,0
719680,10
719681,0
719682,12
719683,0
719684,0
719685,15
719686,0
719687,0
719688,0
719689,0
719690,0
719691,0
719692,0
719693,0
719694,0
719695,0
719696,0
719697,0
719698,0
719699,0
719700,0
719701,0
719702,0
719703,0
719704,0
719705,0
719706,0
719707,0
719708,0
719709,0
719710,13
719711,16
719712,5
719713,0
719714,14
719715,0
719716,0
719717,0
719718,0
719719,0
719720,0
719721,0
719722,0
719723,0
719724,0
719725,0
719726,0
719727,0
719728,0
719729,0
719730,0
719731,0
719732,14
719733,0
719734,0
719735,0
719736,0
719737,0
719738,0
719739,0
719740,13
719741,0
719742,0
719743,0
719744,13
719745,14
719746,11
719747,11
719748,0
719749,0
719750,0
719751,0
719752,0
719753,0
719754,0
719755,0
719756,0
719757,0
719758,0
719759,0
719760,0
719761,0
719762,0
719763,0
719764,0
719765,0
719766,0
719767,0
719768,0
719769,0
719770,0
719771,0
719772,0
719773,0
719774,0
719775,0
719776,22
719777,0
719778,11
719779,0
719780,6
719781,13
719782,10
719783,0
719784,0
719785,0
719786,0
719787,0
719788,12
719789,0
719790,0
719791,0
719792,0
719793,14
719794,0
719795,0
719796,0
719797,0
719798,0
719799,0
719800,0
719801,0
719802,0
719803,0
719804,0
719805,0
719806,0
719807,11
719808,0
719809,13
719810,0
719811,14
719812,0
719813,0
719814,0
719815,0
719816,0
719817,0
719818,0
719819,0
719820,0
719821,0
719822,0
719823,7
719824,0
719825,0
719826,0
719827,0
719828,0
719829,0
719830,0
719831,0
719832,0
719833,0
719834,0
719835,0
719836,0
719837,0
719838,0
719839,0
719840,0
719841,0
719842,13
719843,0
719844,14
719845,0
719846,0
719847,12
719848,9
719849,0
719850,0
719851,0
719852,0
719853,0
719854,0
719855,0
719856,0
719857,0
719858,4
719859,0
719860,0
719861,0
719862,0
719863,0
719864,0
719865,0
719866,0
719867,0
719868,0
719869,0
719870,0
719871,11
719872,22
719873,0
719874,11
719875,0
719876,0
719877,0
719878,0
719879,0
719880,0
719881,9
719882,0
719883,10
719884,0
719885,0
719886,0
719887,0
719888,0
719889,14
719890,12
719891,11
719892,16
719893,0
719894,0
719895,0
719896,0
719897,0
719898,0
719899,0
719900,0
719901,0
719902,0
719903,0
719904,0
719905,0
719906,0
719907,0
719908,0
719909,0
719910,0
719911,0
719912,0
719913,0
719914,0
719915,0
719916,0
719917,0
719918,0
719919,8
719920,0
719921,0
719922,0
719923,0
719924,0
719925,0
719926,0
719927,0
719928,0
719929,13
719930,0
719931,0
719932,0
719933,0
719934,0
719935,0
719936,0
719937,0
719938,0
719939,19
719940,0
719941,0
719942,0
719943,0
719944,0
719945,0
719946,0
719947,0
719948,0
719949,14
719950,0
719951,0
719952,0
719953,16
719954,17
719955,0
719956,0
719957,14
719958,0
719959,0
719960,0
719961,0
719962,12
719963,0
719964,0
719965,0
719966,0
719967,0
719968,0
719969,0
719970,0
719971,7
719972,0
719973,0
719974,0
719975,7
719976,0
719977,0
719978,0
719979,0
719980,0
719981,0
719982,0
719983,0
719984,0
719985,18
719986,0
719987,0
719988,11
719989,0
719990,16
719991,0
719992,6
719993,0
719994,0
719995,0
719996,0
719997,0
719998,0
719999,0
720000,0
720001,0
720002,9
720003,0
720004,0
720005,0
720006,0
720007,0
720008,14
720009,6
720010,0
720011,0
720012,0
720013,0
720014,0
720015,0
720016,0
720017,6
720018,10
720019,0
720020,0
720021,0
720022,0
720023,0
720024,0
720025,0
720026,0
720027,0
720028,0
720029,0
720030,0
720031,0
720032,0
720033,0
720034,0
720035,0
720036,0
720037,0
720038,0
720039,0
720040,0
720041,10
720042,0
720043,10
720044,0
720045,0
720046,0
720047,0
720048,0
720049,0
720050,0
720051,0
720052,0
720053,0
720054,0
720055,0
720056,0
720057,0
720058,0
720059,7
720060,0
720061,0
720062,0
720063,0
720064,0
720065,9
720066,0
720067,0
720068,0
720069,0
720070,0
720071,0
720072,0
720073,8
720074,7
720075,0
720076,0
720077,0
720078,0
720079,0
720080,0
720081,20
720082,0
720083,0
720084,21
720085,22
720086,12
720087,0
720088,0
720089,0
720090,11
720091,0
720092,0
720093,12
720094,0
720095,0
720096,0
720097,0
720098,0
720099,0
720100,0
720101,0
720102,6
720103,14
720104,10
720105,0
720106,0
720107,0
720108,0
720109,0
720110,0
720111,0
720112,0
720113,0
720114,0
720115,0
720116,0
720117,0
720118,0
720119,0
720120,0
720121,0
720122,0
720123,0
720124,0
720125,0
720126,0
720127,0
720128,0
720129,17
720130,0
720131,0
720132,0
720133,0
720134,0
720135,0
720136,0
720137,13
720138,0
720139,13
720140,0
720141,0
720142,0
720143,18
720144,0
720145,0
720146,0
720147,0
720148,0
720149,0
720150,0
720151,11
720152,0
720153,0
720154,0
720155,0
720156,0
720157,7
720158,9
720159,10
720160,0
720161,0
720162,14
720163,0
720164,0
720165,0
720166,0
720167,0
720168,0
720169,0
720170,0
720171,13
720172,10
720173,0
720174,0
720175,12
720176,0
720177,4
720178,0
720179,0
720180,0
720181,0
720182,0
720183,10
720184,0
720185,10
720186,0
720187,7
720188,0
720189,0
720190,0
720191,0
720192,0
720193,0
720194,0
720195,0
720196,0
720197,0
720198,0
720199,0
720200,0
720201,0
720202,0
720203,0
720204,0
720205,0
720206,0
720207,0
720208,0
720209,0
720210,0
720211,0
720212,19
720213,0
720214,0
720215,0
720216,0
720217,0
720218,17
720219,0
720220,0
720221,0
720222,0
720223,11
720224,0
720225,0
720226,0
720227,0
720228,0
720229,0
720230,0
720231,0
720232,7
720233,0
720234,0
720235,0
720236,8
720237,11
720238,0
720239,0
720240,0
720241,0
720242,0
720243,0
720244,0
720245,0
720246,0
720247,0
720248,0
720249,0
720250,0
720251,0
720252,0
720253,0
720254,0
720255,0
720256,0
720257,0
720258,0
720259,0
720260,0
720261,0
720262,0
720263,0
720264,9
720265,0
720266,0
720267,0
720268,0
720269,0
720270,0
720271,0
720272,0
720273,0
720274,13
720275,0
720276,8
720277,0
720278,0
720279,0
720280,0
720281,0
720282,0
720283,0
720284,0
720285,0
720286,0
720287,0
720288,0
720289,0
720290,0
720291,0
720292,8
720293,0
720294,0
720295,0
720296,10
720297,0
720298,0
720299,0
720300,0
720301,0
720302,0
720303,0
720304,0
720305,7
720306,0
720307,7
720308,0
720309,0
720310,0
720311,0
720312,0
720313,0
720314,0
720315,0
720316,11
720317,10
720318,0
720319,0
720320,0
720321,0
720322,0
720323,0
720324,8
720325,0
720326,18
720327,0
720328,0
720329,0
720330,0
720331,10
720332,0
720333,0
720334,20
720335,0
720336,0
720337,0
720338,0
720339,0
720340,0
720341,0
720342,0
720343,0
720344,0
720345,0
720346,0
720347,0
720348,0
720349,0
720350,0
720351,0
720352,0
720353,6
720354,0
720355,0
720356,0
720357,0
720358,0
720359,7
720360,0
720361,0
720362,0
720363,0
720364,0
720365,0
720366,0
720367,0
720368,13
720369,0
720370,0
720371,0
720372,0
720373,0
720374,0
720375,0
720376,0
720377,18
720378,0
720379,0
720380,0
720381,0
720382,9
720383,0
720384,0
720385,0
720386,0
720387,0
720388,12
720389,0
720390,0
720391,0
720392,0
720393,0
720394,0
720395,0
720396,8
720397,6
720398,0
720399,0
720400,0
720401,0
720402,0
720403,0
720404,0
720405,0
720406,0
720407,0
720408,0
720409,0
720410,11
720411,0
720412,0
720413,0
720414,0
720415,0
720416,0
720417,0
720418,0
720419,0
720420,16
720421,7
720422,0
720423,0
720424,0
720425,0
720426,0
720427,0
720428,0
720429,8
720430,0
720431,0
720432,0
720433,0
720434,0
720435,0
720436,0
720437,0
720438,0
720439,0
720440,0
720441,0
720442,0
720443,0
720444,0
720445,11
720446,0
720447,0
720448,0
720449,0
720450,0
720451,0
720452,0
720453,0
720454,0
720455,0
720456,0
720457,0
720458,0
720459,9
720460,0
720461,0
720462,0
720463,0
720464,0
720465,0
720466,0
720467,0
720468,0
720469,0
720470,0
720471,0
720472,0
720473,10
720474,0
720475,0
720476,7
720477,16
720478,14
720479,0
720480,0
720481,0
720482,0
720483,0
720484,0
720485,0
720486,0
720487,0
720488,0
720489,0
720490,0
720491,0
720492,17
720493,0
720494,0
720495,0
720496,0
720497,0
720498,0
720499,0
720500,0
720501,0
720502,19
720503,0
720504,14
720505,0
720506,0
720507,0
720508,0
720509,0
720510,10
720511,0
720512,0
720513,4
720514,0
720515,0
720516,0
720517,6
720518,0
720519,0
720520,0
720521,9
720522,0
720523,0
720524,0
720525,18
720526,0
720527,0
720528,0
720529,9
720530,0
720531,0
720532,0
720533,0
720534,0
720535,0
720536,0
720537,0
720538,0
720539,0
720540,0
720541,0
720542,0
720543,0
720544,10
720545,0
720546,0
720547,0
720548,0
720549,0
720550,13
720551,0
720552,0
720553,0
720554,0
720555,0
720556,0
720557,0
720558,0
720559,0
720560,0
720561,0
720562,0
720563,7
720564,0
720565,0
720566,0
720567,0
720568,0
720569,0
720570,0
720571,0
720572,0
720573,0
720574,0
720575,0
720576,0
720577,0
720578,0
720579,0
720580,0
720581,0
720582,0
720583,0
720584,10
720585,0
720586,0
720587,0
720588,0
720589,0
720590,0
720591,0
720592,0
720593,0
720594,0
720595,0
720596,0
720597,0
720598,6
720599,0
720600,12
720601,9
720602,0
720603,11
720604,0
720605,0
720606,0
720607,17
720608,11
720609,0
720610,0
720611,0
720612,0
720613,0
720614,0
720615,0
720616,0
720617,0
720618,0
720619,0
720620,0
720621,21
720622,0
720623,17
720624,0
720625,0
720626,0
720627,0
720628,0
720629,0
720630,0
720631,6
720632,5
720633,0
720634,0
720635,0
720636,0
720637,0
720638,10
720639,0
720640,25
720641,0
720642,0
720643,0
720644,0
720645,0
720646,0
720647,0
720648,0
720649,0
720650,0
720651,0
720652,0
720653,16
720654,0
720655,0
720656,0
720657,0
720658,0
720659,0
720660,0
720661,0
720662,0
720663,9
720664,0
720665,0
720666,0
720667,0
720668,0
720669,0
720670,0
720671,0
720672,0
720673,0
720674,9
720675,11
720676,0
720677,12
720678,12
720679,0
720680,0
720681,0
720682,0
720683,0
720684,11
720685,0
720686,0
720687,0
720688,0
720689,0
720690,0
720691,0
720692,0
720693,0
720694,0
720695,0
720696,0
720697,0
720698,0
720699,0
720700,0
720701,0
720702,0
720703,0
720704,0
720705,0
720706,0
720707,0
720708,9
720709,0
720710,0
720711,0
720712,0
720713,0
720714,0
720715,0
720716,0
720717,0
720718,0
720719,0
720720,0
720721,0
720722,12
720723,0
720724,0
720725,0
720726,0
720727,16
720728,0
720729,0
720730,0
720731,0
720732,17
720733,7
720734,0
720735,0
720736,17
720737,0
720738,0
720739,0
720740,0
720741,0
720742,0
720743,0
720744,0
720745,0
720746,0
720747,0
720748,0
720749,0
720750,0
720751,0
720752,0
720753,0
720754,0
720755,0
720756,12
720757,0
720758,0
720759,9
720760,0
720761,0
720762,15
720763,0
720764,0
720765,0
720766,0
720767,0
720768,0
720769,0
720770,3
720771,0
720772,0
720773,0
720774,0
720775,0
720776,0
720777,0
720778,0
720779,0
720780,11
720781,0
720782,10
720783,0
720784,2
720785,10
720786,0
720787,0
720788,0
720789,0
720790,0
720791,0
720792,0
720793,0
720794,0
720795,0
720796,0
720797,0
720798,0
720799,0
720800,0
720801,0
720802,14
720803,0
720804,16
720805,0
720806,0
720807,0
720808,0
720809,8
720810,0
720811,0
720812,0
720813,0
720814,0
720815,14
720816,0
720817,9
720818,0
720819,0
720820,12
720821,0
720822,0
720823,0
720824,0
720825,14
720826,0
720827,0
720828,8
720829,0
720830,0
720831,0
720832,0
720833,0
720834,13
720835,0
720836,0
720837,0
720838,0
720839,0
720840,0
720841,0
720842,0
720843,0
720844,7
720845,0
720846,17
720847,0
720848,12
720849,0
720850,0
720851,0
720852,0
720853,0
720854,0
720855,0
720856,0
720857,0
720858,0
720859,0
720860,0
720861,0
720862,0
720863,0
720864,0
720865,0
720866,7
720867,0
720868,14
720869,0
720870,0
720871,0
720872,0
720873,27
720874,18
720875,0
720876,0
720877,0
720878,10
720879,0
720880,0
720881,0
720882,0
720883,8
720884,11
720885,10
720886,0
720887,0
720888,0
720889,12
720890,0
720891,0
720892,0
720893,0
720894,0
720895,0
720896,0
720897,6
720898,0
720899,0
720900,0
720901,0
720902,0
720903,0
720904,0
720905,0
720906,0
720907,18
720908,0
720909,0
720910,17
720911,0
720912,0
720913,0
720914,0
720915,0
720916,0
720917,8
720918,0
720919,0
720920,0
720921,7
720922,0
720923,0
720924,0
720925,0
720926,0
720927,18
720928,0
720929,0
720930,0
720931,0
720932,0
720933,0
720934,0
720935,0
720936,0
720937,0
720938,0
720939,0
720940,0
720941,0
720942,0
720943,12
720944,0
720945,0
720946,0
720947,0
720948,0
720949,0
720950,0
720951,0
720952,0
720953,0
720954,0
720955,22
720956,0
720957,0
720958,0
720959,13
720960,0
720961,0
720962,0
720963,0
720964,0
720965,0
720966,0
720967,0
720968,9
720969,11
720970,0
720971,0
720972,0
720973,0
720974,0
720975,0
720976,0
720977,13
720978,0
720979,0
720980,0
720981,30
720982,18
720983,0
720984,0
720985,0
720986,0
720987,25
720988,26
720989,0
720990,0
720991,0
720992,0
720993,0
720994,0
720995,0
720996,0
720997,31
720998,0
720999,0
721000,0
721001,0
721002,26
721003,22
721004,0
721005,30
721006,0
721007,14
721008,0
721009,34
721010,0
721011,0
721012,0
721013,0
721014,0
721015,0
721016,0
721017,0
721018,29
721019,0
721020,0
721021,15
721022,0
721023,0
721024,15
721025,0
721026,0
721027,0
721028,0
721029,0
721030,0
721031,0
721032,0
721033,0
721034,0
721035,0
721036,0
721037,0
721038,0
721039,30
721040,0
721041,0
721042,0
721043,0
721044,0
721045,0
721046,0
721047,27
721048,0
721049,0
721050,0
721051,0
721052,0
721053,0
721054,0
721055,0
721056,0
721057,0
721058,0
721059,0
721060,27
721061,26
721062,0
721063,31
721064,41
721065,0
721066,0
721067,0
721068,0
721069,0
721070,0
721071,0
721072,0
721073,0
721074,0
721075,21
721076,0
721077,0
721078,0
721079,36
721080,30
721081,0
721082,0
721083,0
721084,20
721085,0
721086,0
721087,0
721088,0
721089,0
721090,13
721091,0
721092,0
721093,0
721094,0
721095,26
721096,0
721097,0
721098,0
721099,0
721100,0
721101,0
721102,0
721103,0
721104,0
721105,0
721106,0
721107,0
721108,0
721109,0
721110,19
721111,26
721112,0
721113,0
721114,0
721115,33
721116,0
721117,0
721118,0
721119,0
721120,0
721121,0
721122,0
721123,0
721124,24
721125,0
721126,0
721127,27
721128,0
721129,0
721130,27
721131,0
721132,0
721133,0
721134,0
721135,0
721136,0
721137,0
721138,0
721139,0
721140,0
721141,0
721142,0
721143,0
721144,0
721145,21
721146,0
721147,18
721148,0
721149,14
721150,17
721151,0
721152,0
721153,0
721154,0
721155,0
721156,41
721157,0
721158,19
721159,0
721160,0
721161,0
721162,0
721163,29
721164,16
721165,0
721166,0
721167,38
721168,0
721169,0
721170,22
721171,0
721172,0
721173,0
721174,0
721175,0
721176,22
721177,0
721178,0
721179,0
721180,18
721181,0
721182,0
721183,0
721184,0
721185,0
721186,0
721187,0
721188,0
721189,0
721190,20
721191,0
721192,0
721193,0
721194,27
721195,0
721196,0
721197,0
721198,0
721199,28
721200,0
721201,0
721202,0
721203,31
721204,0
721205,0
721206,0
721207,0
721208,28
721209,29
721210,20
721211,33
721212,0
721213,0
721214,0
721215,0
721216,16
721217,0
721218,33
721219,32
721220,18
721221,18
721222,19
721223,0
721224,0
721225,40
721226,0
721227,0
721228,0
721229,0
721230,0
721231,0
721232,27
721233,0
721234,33
721235,0
721236,0
721237,0
721238,0
721239,0
721240,0
721241,0
721242,30
721243,0
721244,0
721245,0
721246,0
721247,0
721248,0
721249,30
721250,0
721251,0
721252,0
721253,22
721254,31
721255,0
721256,0
721257,19
721258,13
721259,0
721260,0
721261,27
721262,0
721263,0
721264,22
721265,0
721266,0
721267,0
721268,0
721269,0
721270,0
721271,0
721272,0
721273,0
721274,31
721275,0
721276,0
721277,0
721278,34
721279,0
721280,0
721281,0
721282,0
721283,0
721284,0
721285,0
721286,0
721287,31
721288,0
721289,0
721290,0
721291,0
721292,28
721293,0
721294,0
721295,0
721296,0
721297,18
721298,0
721299,21
721300,0
721301,31
721302,0
721303,0
721304,0
721305,0
721306,23
721307,0
721308,37
721309,0
721310,0
721311,0
721312,0
721313,26
721314,0
721315,31
721316,0
721317,25
721318,18
721319,0
721320,0
721321,0
721322,0
721323,0
721324,29
721325,0
721326,36
721327,0
721328,26
721329,0
721330,26
721331,22
721332,0
721333,0
721334,33
721335,0
721336,0
721337,0
721338,0
721339,22
721340,0
721341,0
721342,27
721343,0
721344,38
721345,0
721346,0
721347,0
721348,21
721349,0
721350,0
721351,0
721352,0
721353,0
721354,29
721355,0
721356,0
721357,0
721358,0
721359,0
721360,0
721361,0
721362,0
721363,35
721364,0
721365,0
721366,0
721367,0
721368,0
721369,27
721370,26
721371,0
721372,0
721373,0
721374,0
721375,0
721376,0
721377,0
721378,0
721379,26
721380,0
721381,0
721382,0
721383,0
721384,0
721385,0
721386,0
721387,0
721388,0
721389,0
721390,21
721391,0
721392,0
721393,0
721394,0
721395,25
721396,0
721397,0
721398,29
721399,0
721400,24
721401,0
721402,0
721403,0
721404,0
721405,0
721406,0
721407,0
721408,0
721409,17
721410,26
721411,0
721412,0
721413,25
721414,20
721415,0
721416,0
721417,0
721418,0
721419,0
721420,17
721421,0
721422,0
721423,0
721424,0
721425,0
721426,0
721427,0
721428,0
721429,0
721430,0
721431,21
721432,0
721433,0
721434,0
721435,0
721436,0
721437,0
721438,0
721439,0
721440,0
721441,34
721442,0
721443,0
721444,0
721445,24
721446,19
721447,0
721448,0
721449,0
721450,27
721451,0
721452,22
721453,32
721454,0
721455,0
721456,26
721457,0
721458,0
721459,26
721460,30
721461,31
721462,26
721463,0
721464,0
721465,0
721466,0
721467,0
721468,0
721469,0
721470,27
721471,28
721472,0
721473,0
721474,0
721475,0
721476,0
721477,25
721478,0
721479,28
721480,26
721481,28
721482,0
721483,0
721484,0
721485,0
721486,0
721487,0
721488,40
721489,0
721490,24
721491,0
721492,25
721493,0
721494,21
721495,0
721496,0
721497,0
721498,0
721499,0
721500,0
721501,25
721502,0
721503,0
721504,0
721505,21
721506,16
721507,0
721508,0
721509,15
721510,0
721511,0
721512,0
721513,0
721514,0
721515,0
721516,29
721517,25
721518,13
721519,0
721520,0
721521,0
721522,0
721523,17
721524,0
721525,0
721526,14
721527,0
721528,0
721529,0
721530,0
721531,0
721532,0
721533,0
721534,0
721535,0
721536,0
721537,0
721538,0
721539,0
721540,0
721541,0
721542,0
721543,0
721544,0
721545,0
721546,0
721547,0
721548,0
721549,0
721550,0
721551,0
721552,0
721553,0
721554,0
721555,0
721556,0
721557,0
721558,0
721559,0
721560,0
721561,0
721562,0
721563,29
721564,0
721565,0
721566,0
721567,0
721568,0
721569,0
721570,0
721571,0
721572,0
721573,0
721574,0
721575,0
721576,21
721577,0
721578,27
721579,0
721580,0
721581,0
721582,0
721583,20
721584,0
721585,16
721586,0
721587,0
721588,0
721589,0
721590,0
721591,0
721592,0
721593,0
721594,19
721595,0
721596,0
721597,0
721598,0
721599,0
721600,0
721601,0
721602,0
721603,0
721604,0
721605,0
721606,0
721607,0
721608,0
721609,0
721610,0
721611,0
721612,0
721613,0
721614,0
721615,8
721616,0
721617,0
721618,0
721619,0
721620,0
721621,0
721622,0
721623,0
721624,0
721625,33
721626,17
721627,0
721628,0
721629,0
721630,0
721631,0
721632,10
721633,0
721634,0
721635,0
721636,0
721637,0
721638,0
721639,0
721640,0
721641,30
721642,0
721643,0
721644,0
721645,14
721646,0
721647,0
721648,0
721649,0
721650,0
721651,0
721652,0
721653,0
721654,0
721655,0
721656,0
721657,0
721658,0
721659,0
721660,0
721661,0
721662,0
721663,0
721664,0
721665,0
721666,0
721667,10
721668,0
721669,0
721670,0
721671,0
721672,0
721673,0
721674,0
721675,0
721676,0
721677,0
721678,0
721679,0
721680,0
721681,0
721682,22
721683,0
721684,0
721685,0
721686,0
721687,0
721688,0
721689,0
721690,0
721691,0
721692,0
721693,0
721694,17
721695,0
721696,24
721697,0
721698,0
721699,0
721700,0
721701,0
721702,0
721703,0
721704,0
721705,0
721706,0
721707,0
721708,0
721709,0
721710,4
721711,0
721712,7
721713,0
721714,0
721715,0
721716,0
721717,5
721718,0
721719,10
721720,0
721721,0
721722,3
721723,0
721724,0
721725,0
721726,0
721727,0
721728,0
721729,0
721730,0
721731,0
721732,0
721733,0
721734,6
721735,0
721736,0
721737,0
721738,0
721739,7
721740,0
721741,0
721742,0
721743,0
721744,0
721745,0
721746,3
721747,7
721748,0
721749,0
721750,0
721751,0
721752,9
721753,0
721754,0
721755,0
721756,0
721757,4
721758,0
721759,5
721760,0
721761,0
721762,0
721763,0
721764,0
721765,0
721766,0
721767,1
721768,0
721769,0
721770,0
721771,0
721772,0
721773,0
721774,0
721775,0
721776,0
721777,0
721778,0
721779,0
721780,0
721781,0
721782,5
721783,3
721784,0
721785,0
721786,0
721787,0
721788,9
721789,0
721790,0
721791,0
721792,5
721793,0
721794,0
721795,0
721796,0
721797,0
721798,0
721799,9
721800,0
721801,0
721802,0
721803,0
721804,0
721805,0
721806,0
721807,0
721808,6
721809,0
721810,9
721811,8
721812,0
721813,0
721814,0
721815,0
721816,0
721817,0
721818,2
721819,0
721820,0
721821,0
721822,0
721823,0
721824,0
721825,0
721826,0
721827,0
721828,0
721829,0
721830,0
721831,0
721832,0
721833,5
721834,0
721835,0
721836,0
721837,6
721838,0
721839,0
721840,0
721841,0
721842,0
721843,0
721844,0
721845,0
721846,3
721847,5
721848,0
721849,0
721850,4
721851,0
721852,0
721853,0
721854,5
721855,0
721856,0
721857,0
721858,0
721859,0
721860,0
721861,6
721862,0
721863,0
721864,10
721865,0
721866,0
721867,0
721868,0
721869,10
721870,0
721871,0
721872,0
721873,0
721874,0
721875,0
721876,1
721877,0
721878,7
721879,6
721880,0
721881,0
721882,0
721883,0
721884,7
721885,0
721886,0
721887,0
721888,0
721889,0
721890,7
721891,0
721892,5
721893,0
721894,6
721895,0
721896,5
721897,0
721898,0
721899,0
721900,0
721901,5
721902,0
721903,0
721904,0
721905,0
721906,0
721907,0
721908,0
721909,0
721910,0
721911,0
721912,4
721913,0
721914,0
721915,0
721916,0
721917,0
721918,0
721919,0
721920,0
721921,3
721922,0
721923,1
721924,0
721925,10
721926,0
721927,0
721928,0
721929,0
721930,0
721931,0
721932,0
721933,4
721934,0
721935,0
721936,6
721937,0
721938,4
721939,0
721940,0
721941,0
721942,0
721943,0
721944,0
721945,0
721946,0
721947,0
721948,0
721949,8
721950,0
721951,0
721952,0
721953,0
721954,0
721955,0
721956,0
721957,0
721958,0
721959,0
721960,0
721961,0
721962,0
721963,0
721964,0
721965,0
721966,0
721967,0
721968,0
721969,3
721970,4
721971,0
721972,0
721973,0
721974,0
721975,6
721976,0
721977,0
721978,0
721979,6
721980,6
721981,2
721982,0
721983,0
721984,4
721985,0
721986,0
721987,0
721988,7
721989,0
721990,0
721991,0
721992,0
721993,0
721994,0
721995,0
721996,0
721997,5
721998,0
721999,0
722000,6
722001,5
722002,0
722003,0
722004,0
722005,0
722006,0
722007,0
722008,0
722009,0
722010,0
722011,0
722012,0
722013,6
722014,0
722015,0
722016,0
722017,0
722018,0
722019,0
722020,0
722021,0
722022,0
722023,0
722024,0
722025,0
722026,0
722027,7
722028,0
722029,0
722030,0
722031,0
722032,0
722033,0
722034,0
722035,0
722036,0
722037,0
722038,0
722039,4
722040,2
722041,0
722042,0
722043,0
722044,0
722045,0
722046,0
722047,3
722048,0
722049,0
722050,6
722051,3
722052,0
722053,5
722054,0
722055,0
722056,6
722057,0
722058,5
722059,4
722060,0
722061,0
722062,0
722063,0
722064,0
722065,0
722066,0
722067,0
722068,11
722069,5
722070,0
722071,0
722072,6
722073,0
722074,0
722075,0
722076,0
722077,0
722078,0
722079,0
722080,0
722081,2
722082,0
722083,0
722084,0
722085,0
722086,0
722087,0
722088,0
722089,0
722090,2
722091,0
722092,0
722093,0
722094,0
722095,0
722096,0
722097,0
722098,0
722099,0
722100,0
722101,0
722102,0
722103,6
722104,0
722105,8
722106,0
722107,0
722108,4
722109,0
722110,0
722111,0
722112,0
722113,0
722114,0
722115,0
722116,0
722117,0
722118,0
722119,0
722120,0
722121,0
722122,0
722123,0
722124,0
722125,0
722126,0
722127,0
722128,4
722129,0
722130,7
722131,0
722132,7
722133,0
722134,0
722135,0
722136,0
722137,0
722138,0
722139,0
722140,0
722141,0
722142,0
722143,0
722144,0
722145,0
722146,0
722147,0
722148,0
722149,0
722150,0
722151,0
722152,5
722153,0
722154,8
722155,0
722156,0
722157,2
722158,7
722159,0
722160,0
722161,0
722162,0
722163,0
722164,0
722165,0
722166,0
722167,0
722168,0
722169,7
722170,0
722171,0
722172,0
722173,0
722174,0
722175,0
722176,0
722177,0
722178,0
722179,0
722180,0
722181,7
722182,0
722183,0
722184,0
722185,0
722186,5
722187,0
722188,0
722189,0
722190,3
722191,0
722192,0
722193,0
722194,0
722195,0
722196,0
722197,0
722198,0
722199,0
722200,0
722201,0
722202,0
722203,0
722204,0
722205,0
722206,2
722207,0
722208,0
722209,0
722210,0
722211,0
722212,0
722213,0
722214,0
722215,0
722216,0
722217,0
722218,0
722219,0
722220,0
722221,0
722222,0
722223,0
722224,0
722225,0
722226,0
722227,0
722228,0
722229,0
722230,1
722231,0
722232,0
722233,0
722234,0
722235,0
722236,0
722237,0
722238,0
722239,0
722240,0
722241,0
722242,0
722243,0
722244,0
722245,0
722246,0
722247,0
722248,0
722249,0
722250,0
722251,0
722252,0
722253,0
722254,0
722255,0
722256,0
722257,0
722258,0
722259,0
722260,0
722261,0
722262,0
722263,0
722264,0
722265,0
722266,0
722267,0
722268,0
722269,0
722270,0
722271,0
722272,0
722273,0
722274,0
722275,0
722276,0
722277,0
722278,0
722279,0
722280,0
722281,0
722282,0
722283,0
722284,0
722285,0
722286,0
722287,0
722288,0
722289,0
722290,0
722291,0
722292,0
722293,0
722294,0
722295,0
722296,0
722297,0
722298,0
722299,0
722300,0
722301,0
722302,0
722303,0
722304,0
722305,0
722306,0
722307,0
722308,0
722309,0
722310,0
722311,0
722312,0
722313,0
722314,0
722315,0
722316,0
722317,0
722318,0
722319,0
722320,1
722321,0
722322,1
722323,0
722324,0
722325,0
722326,0
722327,0
722328,0
722329,0
722330,0
722331,0
722332,0
722333,0
722334,0
722335,0
722336,0
722337,0
722338,0
722339,0
722340,0
722341,0
722342,0
722343,0
722344,0
722345,0
722346,0
722347,0
722348,0
722349,0
722350,0
722351,0
722352,0
722353,0
722354,0
722355,0
722356,0
722357,0
722358,0
722359,0
722360,0
722361,0
722362,0
722363,0
722364,0
722365,0
722366,0
722367,0
722368,0
722369,0
722370,0
722371,0
722372,0
722373,0
722374,0
722375,0
722376,0
722377,0
722378,0
722379,0
722380,0
722381,0
722382,0
722383,0
722384,0
722385,0
722386,0
722387,0
722388,0
722389,0
722390,0
722391,0
722392,0
722393,0
722394,0
722395,0
722396,0
722397,0
722398,0
722399,0
722400,0
722401,0
722402,0
722403,0
722404,0
722405,0
722406,0
722407,0
722408,0
722409,0
722410,0
722411,0
722412,0
722413,0
722414,0
722415,0
722416,0
722417,0
722418,0
722419,0
722420,0
722421,0
722422,0
722423,0
722424,0
722425,0
722426,0
722427,0
722428,0
722429,0
722430,0
722431,0
722432,0
722433,0
722434,0
722435,0
722436,0
722437,0
722438,0
722439,0
722440,0
722441,0
722442,0
722443,0
722444,0
722445,0
722446,0
722447,0
722448,0
722449,0
722450,0
722451,0
722452,0
722453,0
722454,0
722455,0
722456,0
722457,0
722458,0
722459,0
722460,0
722461,0
722462,0
722463,0
722464,0
722465,0
722466,0
722467,0
722468,0
722469,0
722470,0
722471,0
722472,0
722473,0
722474,0
722475,0
722476,0
722477,0
722478,0
722479,0
722480,0
722481,0
722482,0
722483,0
722484,0
722485,0
722486,0
722487,0
722488,0
722489,0
722490,0
722491,0
722492,0
722493,0
722494,0
722495,0
722496,0
722497,0
722498,0
722499,0
722500,0
722501,0
722502,0
722503,0
722504,0
722505,0
722506,0
722507,0
722508,0
722509,0
722510,0
722511,0
722512,0
722513,0
722514,0
722515,0
722516,0
722517,0
722518,0
722519,0
722520,0
722521,0
722522,0
722523,0
722524,0
722525,0
722526,0
722527,0
722528,0
722529,0
722530,0
722531,0
722532,0
722533,0
722534,0
722535,0
722536,0
722537,0
722538,0
722539,0
722540,0
722541,0
722542,0
722543,0
722544,0
722545,0
722546,0
722547,0
722548,0
722549,0
722550,0
722551,0
722552,0
722553,0
722554,0
722555,0
722556,0
722557,0
722558,0
722559,0
722560,0
722561,0
722562,0
722563,0
722564,0
722565,0
722566,0
722567,0
722568,0
722569,0
722570,0
722571,0
722572,0
722573,0
722574,0
722575,0
722576,0
722577,0
722578,0
722579,0
722580,0
722581,0
722582,0
722583,0
722584,0
722585,0
722586,0
722587,0
722588,0
722589,0
722590,0
722591,0
722592,0
722593,0
722594,0
722595,0
722596,0
722597,0
722598,0
722599,0
722600,0
722601,0
722602,0
722603,0
722604,0
722605,0
722606,0
722607,0
722608,0
722609,0
722610,0
722611,0
722612,0
722613,0
722614,0
722615,0
722616,0
722617,0
722618,0
722619,0
722620,0
722621,0
722622,0
722623,1
722624,0
722625,0
722626,0
722627,0
722628,0
722629,0
722630,0
722631,0
722632,0
722633,0
722634,0
722635,0
722636,0
722637,0
722638,0
722639,0
722640,0
722641,0
722642,0
722643,0
722644,0
722645,0
722646,0
722647,0
722648,0
722649,0
722650,0
722651,0
722652,0
722653,0
722654,0
722655,0
722656,0
722657,0
722658,0
722659,0
722660,0
722661,0
722662,1
722663,0
722664,0
722665,0
722666,0
722667,0
722668,0
722669,0
722670,0
722671,0
722672,0
722673,0
722674,0
722675,0
722676,0
722677,0
722678,0
722679,0
722680,0
722681,0
722682,0
722683,0
722684,0
722685,0
722686,0
722687,0
722688,0
722689,0
722690,0
722691,0
722692,0
722693,0
722694,0
722695,0
722696,0
722697,0
722698,0
722699,0
722700,0
722701,0
722702,0
722703,0
722704,0
722705,0
722706,0
722707,0
722708,0
722709,0
722710,0
722711,0
722712,0
722713,0
722714,0
722715,0
722716,0
722717,0
722718,0
722719,0
722720,0
722721,0
722722,0
722723,0
722724,0
722725,0
722726,0
722727,0
722728,0
722729,0
722730,0
722731,0
722732,0
722733,0
722734,0
722735,0
722736,0
722737,0
722738,0
722739,0
722740,0
722741,0
722742,0
722743,0
722744,0
722745,0
722746,0
722747,0
722748,0
722749,0
722750,0
722751,0
722752,0
722753,0
722754,0
722755,0
722756,0
722757,0
722758,0
722759,0
722760,0
722761,0
722762,0
722763,0
722764,0
722765,0
722766,0
722767,0
722768,0
722769,0
722770,0
722771,0
722772,0
722773,0
722774,0
722775,0
722776,0
722777,0
722778,0
722779,0
722780,0
722781,0
722782,0
722783,0
722784,0
722785,0
722786,0
722787,0
722788,0
722789,0
722790,0
722791,0
722792,0
722793,0
722794,0
722795,0
722796,0
722797,0
722798,0
722799,0
722800,0
722801,0
722802,0
722803,0
722804,0
722805,0
722806,1
722807,0
722808,0
722809,0
722810,0
722811,0
722812,0
722813,0
722814,0
722815,0
722816,0
722817,0
722818,0
722819,0
722820,0
722821,0
722822,0
722823,0
722824,0
722825,0
722826,0
722827,0
722828,0
722829,0
722830,0
722831,0
722832,0
722833,0
722834,0
722835,0
722836,0
722837,0
722838,0
722839,0
722840,0
722841,0
722842,0
722843,0
722844,0
722845,0
722846,0
722847,0
722848,0
722849,0
722850,0
722851,0
722852,0
722853,0
722854,0
722855,0
722856,0
722857,0
722858,0
722859,0
722860,0
722861,0
722862,0
722863,0
722864,0
722865,0
722866,0
722867,0
722868,0
722869,0
722870,0
722871,0
722872,0
722873,0
722874,0
722875,0
722876,0
722877,0
722878,0
722879,0
722880,0
722881,0
722882,1
722883,0
722884,0
722885,0
722886,0
722887,0
722888,0
722889,0
722890,0
722891,0
722892,0
722893,0
722894,0
722895,0
722896,0
722897,0
722898,0
722899,0
722900,0
722901,0
722902,0
722903,0
722904,0
722905,0
722906,0
722907,0
722908,0
722909,0
722910,0
722911,0
722912,0
722913,0
722914,0
722915,0
722916,0
722917,0
722918,0
722919,0
722920,0
722921,0
722922,0
722923,0
722924,0
722925,0
722926,0
722927,0
722928,0
722929,0
722930,0
722931,0
722932,0
722933,0
722934,0
722935,0
722936,0
722937,0
722938,0
722939,0
722940,0
722941,0
722942,0
722943,0
722944,0
722945,0
722946,0
722947,0
722948,0
722949,0
722950,0
722951,0
722952,0
722953,0
722954,0
722955,0
722956,0
722957,1
722958,0
722959,0
722960,0
722961,0
722962,0
722963,0
722964,0
722965,0
722966,0
722967,0
722968,0
722969,0
722970,0
722971,0
722972,0
722973,0
722974,0
722975,0
722976,0
722977,0
722978,0
722979,0
722980,0
722981,0
722982,0
722983,0
722984,0
722985,0
722986,0
722987,0
722988,0
722989,0
722990,0
722991,0
722992,0
722993,0
722994,0
722995,0
722996,0
722997,0
722998,0
722999,0
723000,0
723001,0
723002,0
723003,0
723004,0
723005,0
723006,0
723007,0
723008,0
723009,0
723010,0
723011,0
723012,0
723013,0
723014,0
723015,0
723016,0
723017,0
723018,0
723019,0
723020,0
723021,0
723022,0
723023,0
723024,0
723025,0
723026,0
723027,0
723028,0
723029,1
723030,0
723031,0
723032,0
723033,0
723034,0
723035,0
723036,0
723037,0
723038,0
723039,0
723040,0
723041,0
723042,0
723043,0
723044,0
723045,0
723046,0
723047,0
723048,0
723049,0
723050,0
723051,0
723052,0
723053,0
723054,0
723055,0
723056,0
723057,0
723058,0
723059,0
723060,0
723061,0
723062,0
723063,0
723064,0
723065,0
723066,0
723067,0
723068,0
723069,0
723070,0
723071,0
723072,0
723073,0
723074,0
723075,2
723076,0
723077,0
723078,0
723079,0
723080,0
723081,0
723082,0
723083,0
723084,0
723085,0
723086,0
723087,0
723088,0
723089,0
723090,0
723091,0
723092,0
723093,0
723094,0
723095,0
723096,0
723097,0
723098,0
723099,0
723100,0
723101,1
723102,0
723103,0
723104,0
723105,0
723106,0
723107,0
723108,0
723109,0
723110,0
723111,0
723112,0
723113,0
723114,0
723115,0
723116,0
723117,0
723118,0
723119,0
723120,0
723121,0
723122,0
723123,0
723124,0
723125,0
723126,0
723127,0
723128,0
723129,0
723130,0
723131,0
723132,0
723133,0
723134,0
723135,0
723136,0
723137,0
723138,0
723139,0
723140,0
723141,0
723142,0
723143,0
723144,0
723145,0
723146,0
723147,0
723148,0
723149,0
723150,0
723151,0
723152,0
723153,0
723154,0
723155,0
723156,7
723157,0
723158,0
723159,7
723160,0
723161,2
723162,2
723163,0
723164,0
723165,0
723166,0
723167,8
723168,0
723169,0
723170,0
723171,3
723172,0
723173,5
723174,0
723175,2
723176,0
723177,0
723178,1
723179,0
723180,0
723181,0
723182,0
723183,0
723184,0
723185,0
723186,0
723187,0
723188,0
723189,0
723190,9
723191,6
723192,0
723193,0
723194,0
723195,5
723196,0
723197,0
723198,9
723199,0
723200,4
723201,0
723202,0
723203,0
723204,0
723205,0
723206,0
723207,0
723208,0
723209,0
723210,0
723211,0
723212,0
723213,0
723214,0
723215,0
723216,0
723217,0
723218,0
723219,2
723220,2
723221,0
723222,0
723223,5
723224,0
723225,0
723226,0
723227,9
723228,0
723229,0
723230,0
723231,0
723232,6
723233,0
723234,0
723235,0
723236,0
723237,5
723238,9
723239,0
723240,0
723241,0
723242,9
723243,0
723244,0
723245,0
723246,4
723247,0
723248,0
723249,6
723250,0
723251,0
723252,0
723253,0
723254,0
723255,0
723256,0
723257,5
723258,0
723259,0
723260,0
723261,0
723262,0
723263,0
723264,0
723265,0
723266,0
723267,0
723268,3
723269,0
723270,0
723271,0
723272,0
723273,0
723274,4
723275,0
723276,0
723277,0
723278,0
723279,0
723280,7
723281,0
723282,2
723283,0
723284,0
723285,0
723286,0
723287,0
723288,7
723289,0
723290,0
723291,2
723292,0
723293,3
723294,3
723295,0
723296,0
723297,0
723298,0
723299,0
723300,0
723301,0
723302,0
723303,0
723304,2
723305,2
723306,1
723307,0
723308,5
723309,0
723310,3
723311,0
723312,0
723313,0
723314,0
723315,0
723316,0
723317,0
723318,2
723319,0
723320,0
723321,0
723322,0
723323,0
723324,0
723325,0
723326,0
723327,2
723328,9
723329,0
723330,0
723331,0
723332,3
723333,0
723334,0
723335,0
723336,0
723337,0
723338,5
723339,0
723340,0
723341,0
723342,0
723343,0
723344,0
723345,0
723346,1
723347,0
723348,0
723349,0
723350,0
723351,0
723352,0
723353,4
723354,2
723355,6
723356,0
723357,0
723358,0
723359,0
723360,0
723361,0
723362,0
723363,0
723364,7
723365,0
723366,5
723367,0
723368,0
723369,0
723370,0
723371,0
723372,0
723373,0
723374,0
723375,0
723376,0
723377,0
723378,0
723379,0
723380,0
723381,0
723382,4
723383,0
723384,0
723385,0
723386,0
723387,4
723388,0
723389,6
723390,5
723391,0
723392,0
723393,0
723394,0
723395,0
723396,0
723397,0
723398,3
723399,0
723400,5
723401,1
723402,0
723403,0
723404,0
723405,0
723406,5
723407,3
723408,0
723409,6
723410,0
723411,0
723412,0
723413,5
723414,0
723415,5
723416,0
723417,0
723418,0
723419,2
723420,0
723421,0
723422,0
723423,2
723424,0
723425,0
723426,0
723427,0
723428,4
723429,0
723430,0
723431,0
723432,0
723433,0
723434,0
723435,0
723436,2
723437,0
723438,0
723439,0
723440,0
723441,0
723442,0
723443,0
723444,0
723445,0
723446,3
723447,0
723448,0
723449,0
723450,0
723451,0
723452,0
723453,0
723454,0
723455,0
723456,0
723457,0
723458,0
723459,0
723460,4
723461,0
723462,0
723463,0
723464,0
723465,0
723466,0
723467,0
723468,4
723469,5
723470,0
723471,0
723472,0
723473,0
723474,0
723475,4
723476,0
723477,0
723478,0
723479,0
723480,0
723481,0
723482,0
723483,0
723484,0
723485,0
723486,5
723487,3
723488,0
723489,0
723490,0
723491,0
723492,0
723493,0
723494,0
723495,0
723496,0
723497,0
723498,0
723499,0
723500,0
723501,0
723502,0
723503,0
723504,0
723505,6
723506,0
723507,0
723508,6
723509,0
723510,0
723511,0
723512,0
723513,0
723514,0
723515,9
723516,2
723517,0
723518,0
723519,0
723520,0
723521,0
723522,0
723523,0
723524,0
723525,0
723526,4
723527,5
723528,0
723529,0
723530,0
723531,0
723532,0
723533,0
723534,5
723535,4
723536,0
723537,9
723538,0
723539,3
723540,0
723541,0
723542,0
723543,2
723544,0
723545,0
723546,0
723547,0
723548,0
723549,6
723550,0
723551,0
723552,0
723553,0
723554,0
723555,2
723556,3
723557,0
723558,0
723559,0
723560,0
723561,0
723562,0
723563,0
723564,0
723565,0
723566,0
723567,6
723568,0
723569,0
723570,0
723571,0
723572,0
723573,5
723574,0
723575,0
723576,0
723577,0
723578,0
723579,0
723580,0
723581,5
723582,0
723583,0
723584,0
723585,0
723586,0
723587,0
723588,0
723589,5
723590,0
723591,0
723592,3
723593,2
723594,0
723595,0
723596,3
723597,0
723598,0
723599,0
723600,0
723601,0
723602,0
723603,0
723604,0
723605,0
723606,0
723607,0
723608,0
723609,0
723610,0
723611,0
723612,0
723613,0
723614,0
723615,0
723616,0
723617,0
723618,0
723619,0
723620,0
723621,0
723622,0
723623,0
723624,0
723625,0
723626,0
723627,0
723628,0
723629,0
723630,0
723631,0
723632,0
723633,0
723634,0
723635,0
723636,0
723637,0
723638,0
723639,0
723640,0
723641,0
723642,0
723643,0
723644,0
723645,0
723646,0
723647,0
723648,0
723649,0
723650,0
723651,0
723652,0
723653,0
723654,0
723655,0
723656,1
723657,0
723658,0
723659,0
723660,0
723661,0
723662,0
723663,0
723664,0
723665,0
723666,0
723667,0
723668,0
723669,0
723670,0
723671,0
723672,0
723673,0
723674,0
723675,0
723676,0
723677,0
723678,0
723679,0
723680,0
723681,0
723682,0
723683,0
723684,0
723685,0
723686,0
723687,0
723688,0
723689,0
723690,0
723691,0
723692,0
723693,0
723694,0
723695,0
723696,0
723697,0
723698,0
723699,0
723700,0
723701,0
723702,0
723703,0
723704,0
723705,0
723706,0
723707,0
723708,0
723709,0
723710,0
723711,0
723712,0
723713,0
723714,0
723715,0
723716,0
723717,0
723718,0
723719,0
723720,0
723721,0
723722,0
723723,0
723724,0
723725,0
723726,0
723727,0
723728,0
723729,0
723730,0
723731,0
723732,0
723733,0
723734,0
723735,0
723736,0
723737,0
723738,0
723739,0
723740,0
723741,0
723742,0
723743,0
723744,0
723745,0
723746,0
723747,0
723748,0
723749,0
723750,0
723751,0
723752,0
723753,0
723754,0
723755,0
723756,0
723757,0
723758,0
723759,0
723760,0
723761,0
723762,1
723763,0
723764,0
723765,0
723766,0
723767,0
723768,0
723769,0
723770,0
723771,0
723772,0
723773,0
723774,0
723775,0
723776,0
723777,0
723778,0
723779,0
723780,0
723781,0
723782,0
723783,0
723784,0
723785,0
723786,0
723787,0
723788,0
723789,0
723790,0
723791,0
723792,0
723793,0
723794,0
723795,0
723796,0
723797,0
723798,0
723799,0
723800,0
723801,0
723802,0
723803,0
723804,0
723805,0
723806,0
723807,0
723808,0
723809,0
723810,0
723811,0
723812,0
723813,0
723814,0
723815,0
723816,0
723817,0
723818,0
723819,0
723820,0
723821,0
723822,0
723823,0
723824,0
723825,0
723826,0
723827,0
723828,0
723829,0
723830,0
723831,0
723832,0
723833,0
723834,0
723835,0
723836,0
723837,0
723838,0
723839,0
723840,0
723841,0
723842,0
723843,0
723844,0
723845,0
723846,0
723847,0
723848,0
723849,0
723850,0
723851,0
723852,0
723853,0
723854,0
723855,0
723856,0
723857,0
723858,0
723859,0
723860,0
723861,0
723862,0
723863,0
723864,0
723865,0
723866,1
723867,0
723868,0
723869,0
723870,0
723871,0
723872,0
723873,0
723874,0
723875,0
723876,0
723877,0
723878,0
723879,0
723880,0
723881,0
723882,0
723883,0
723884,0
723885,0
723886,0
723887,0
723888,0
723889,0
723890,0
723891,0
723892,0
723893,0
723894,0
723895,0
723896,0
723897,0
723898,0
723899,0
723900,0
723901,0
723902,0
723903,0
723904,0
723905,0
723906,0
723907,0
723908,0
723909,0
723910,0
723911,0
723912,0
723913,0
723914,0
723915,0
723916,0
723917,0
723918,0
723919,0
723920,0
723921,0
723922,0
723923,0
723924,0
723925,0
723926,0
723927,0
723928,0
723929,0
723930,0
723931,0
723932,0
723933,0
723934,0
723935,0
723936,0
723937,0
723938,0
723939,0
723940,0
723941,0
723942,0
723943,0
723944,0
723945,0
723946,0
723947,0
723948,0
723949,0
723950,0
723951,0
723952,0
723953,0
723954,0
723955,0
723956,0
723957,0
723958,1
723959,0
723960,0
723961,0
723962,0
723963,0
723964,0
723965,0
723966,0
723967,0
723968,0
723969,0
723970,0
723971,0
723972,0
723973,0
723974,0
723975,0
723976,0
723977,0
723978,0
723979,0
723980,0
723981,0
723982,0
723983,0
723984,0
723985,0
723986,0
723987,0
723988,0
723989,0
723990,0
723991,0
723992,0
723993,0
723994,0
723995,0
723996,0
723997,0
723998,0
723999,0
724000,0
724001,0
724002,0
724003,0
724004,0
724005,0
724006,0
724007,0
724008,0
724009,0
724010,0
724011,0
724012,0
724013,0
724014,0
724015,0
724016,0
724017,0
724018,0
724019,0
724020,0
724021,0
724022,0
724023,0
724024,0
724025,0
724026,0
724027,0
724028,0
724029,0
724030,0
724031,0
724032,0
724033,0
724034,0
724035,0
724036,0
724037,0
724038,0
724039,0
724040,0
724041,0
724042,0
724043,0
724044,0
724045,0
724046,0
724047,0
724048,0
724049,0
724050,0
724051,0
724052,0
724053,0
724054,0
724055,0
724056,0
724057,0
724058,0
724059,0
724060,0
724061,0
724062,0
724063,0
724064,0
724065,0
724066,0
724067,0
724068,0
724069,0
724070,0
724071,0
724072,0
724073,0
724074,0
724075,0
724076,0
724077,0
724078,0
724079,0
724080,0
724081,0
724082,0
724083,0
724084,0
724085,0
724086,0
724087,0
724088,0
724089,0
724090,0
724091,0
724092,0
724093,0
724094,0
724095,0
724096,0
724097,0
724098,0
724099,0
724100,0
724101,0
724102,0
724103,0
724104,0
724105,0
724106,0
724107,0
724108,0
724109,0
724110,0
724111,0
724112,0
724113,0
724114,0
724115,1
724116,0
724117,0
724118,0
724119,0
724120,0
724121,0
724122,0
724123,0
724124,0
724125,0
724126,0
724127,0
724128,0
724129,0
724130,0
724131,0
724132,0
724133,0
724134,0
724135,0
724136,0
724137,0
724138,0
724139,0
724140,0
724141,0
724142,0
724143,0
724144,0
724145,0
724146,0
724147,0
724148,0
724149,0
724150,0
724151,0
724152,1
724153,0
724154,0
724155,0
724156,0
724157,0
724158,0
724159,0
724160,0
724161,0
724162,0
724163,0
724164,0
724165,0
724166,0
724167,0
724168,0
724169,0
724170,0
724171,0
724172,1
724173,0
724174,0
724175,0
724176,0
724177,0
724178,0
724179,0
724180,0
724181,0
724182,0
724183,0
724184,0
724185,0
724186,0
724187,0
724188,0
724189,0
724190,0
724191,0
724192,0
724193,0
724194,0
724195,0
724196,0
724197,0
724198,0
724199,0
724200,0
724201,0
724202,0
724203,0
724204,0
724205,0
724206,0
724207,0
724208,0
724209,0
724210,0
724211,0
724212,0
724213,0
724214,0
724215,0
724216,0
724217,0
724218,0
724219,0
724220,0
724221,0
724222,0
724223,0
724224,0
724225,0
724226,0
724227,0
724228,0
724229,0
724230,0
724231,0
724232,0
724233,0
724234,0
724235,0
724236,0
724237,0
724238,0
724239,0
724240,0
724241,0
724242,0
724243,0
724244,0
724245,0
724246,0
724247,0
724248,0
724249,0
724250,0
724251,0
724252,0
724253,0
724254,0
724255,0
724256,1
724257,0
724258,0
724259,0
724260,0
724261,0
724262,0
724263,0
724264,0
724265,0
724266,0
724267,0
724268,0
724269,0
724270,0
724271,0
724272,0
724273,0
724274,0
724275,0
724276,0
724277,0
724278,0
724279,0
724280,0
724281,0
724282,0
724283,0
724284,0
724285,0
724286,0
724287,0
724288,0
724289,0
724290,0
724291,0
724292,0
724293,0
724294,0
724295,0
724296,0
724297,0
724298,0
724299,0
724300,0
724301,0
724302,0
724303,0
724304,0
724305,0
724306,0
724307,0
724308,0
724309,0
724310,0
724311,0
724312,0
724313,0
724314,0
724315,0
724316,0
724317,0
724318,0
724319,0
724320,0
724321,0
724322,0
724323,0
724324,0
724325,0
724326,0
724327,0
724328,0
724329,0
724330,0
724331,0
724332,0
724333,0
724334,0
724335,0
724336,0
724337,0
724338,0
724339,0
724340,0
724341,0
724342,0
724343,0
724344,0
724345,0
724346,0
724347,0
724348,0
724349,0
724350,0
724351,0
724352,0
724353,0
724354,0
724355,0
724356,0
724357,0
724358,0
724359,0
724360,0
724361,1
724362,0
724363,0
724364,0
724365,1
724366,0
724367,0
724368,0
724369,0
724370,0
724371,0
724372,0
724373,0
724374,0
724375,0
724376,0
724377,0
724378,0
724379,0
724380,0
724381,0
724382,0
724383,0
724384,0
724385,0
724386,0
724387,0
724388,0
724389,0
724390,0
724391,0
724392,0
724393,0
724394,0
724395,0
724396,0
724397,0
724398,0
724399,0
724400,0
724401,0
724402,0
724403,0
724404,0
724405,0
724406,0
724407,0
724408,0
724409,0
724410,0
724411,0
724412,0
724413,0
724414,0
724415,0
724416,0
724417,0
724418,0
724419,0
724420,0
724421,0
724422,0
724423,0
724424,0
724425,0
724426,0
724427,0
724428,0
724429,0
724430,0
724431,0
724432,0
724433,0
724434,0
724435,0
724436,0
724437,0
724438,0
724439,0
724440,0
724441,0
724442,0
724443,0
724444,0
724445,0
724446,0
724447,0
724448,0
724449,0
724450,0
724451,0
724452,0
724453,0
724454,0
724455,0
724456,0
724457,0
724458,0
724459,0
724460,0
724461,0
724462,0
724463,0
724464,0
724465,0
724466,0
724467,0
724468,0
724469,0
724470,0
724471,0
724472,0
724473,0
724474,0
724475,0
724476,0
724477,0
724478,0
724479,0
724480,0
724481,0
724482,0
724483,0
724484,0
724485,0
724486,0
724487,0
724488,0
724489,0
724490,0
724491,0
724492,0
724493,0
724494,0
724495,0
724496,0
724497,0
724498,0
724499,0
724500,0
724501,0
724502,0
724503,0
724504,0
724505,0
724506,1
724507,0
724508,0
724509,0
724510,0
724511,0
724512,0
724513,0
724514,0
724515,0
724516,0
724517,0
724518,0
724519,0
724520,0
724521,0
724522,0
724523,0
724524,0
724525,0
724526,0
724527,0
724528,0
724529,0
724530,0
724531,0
724532,0
724533,0
724534,0
724535,0
724536,0
724537,0
724538,0
724539,0
724540,0
724541,0
724542,0
724543,0
724544,0
724545,0
724546,0
724547,1
724548,0
724549,0
724550,0
724551,0
724552,0
724553,0
724554,0
724555,0
724556,0
724557,0
724558,0
724559,0
724560,0
724561,0
724562,0
724563,0
724564,0
724565,0
724566,0
724567,0
724568,0
724569,11
724570,0
724571,0
724572,0
724573,3
724574,6
724575,0
724576,0
724577,0
724578,0
724579,8
724580,0
724581,10
724582,0
724583,0
724584,0
724585,0
724586,0
724587,13
724588,0
724589,0
724590,0
724591,0
724592,0
724593,0
724594,0
724595,0
724596,0
724597,0
724598,0
724599,0
724600,12
724601,6
724602,0
724603,0
724604,0
724605,0
724606,0
724607,0
724608,0
724609,0
724610,0
724611,0
724612,0
724613,0
724614,0
724615,0
724616,0
724617,6
724618,0
724619,0
724620,0
724621,0
724622,0
724623,0
724624,0
724625,0
724626,0
724627,0
724628,0
724629,0
724630,0
724631,0
724632,0
724633,0
724634,10
724635,11
724636,8
724637,0
724638,0
724639,0
724640,0
724641,0
724642,14
724643,0
724644,0
724645,0
724646,0
724647,0
724648,0
724649,0
724650,0
724651,0
724652,0
724653,0
724654,0
724655,0
724656,0
724657,0
724658,0
724659,9
724660,0
724661,0
724662,0
724663,16
724664,0
724665,0
724666,0
724667,0
724668,0
724669,0
724670,0
724671,0
724672,0
724673,0
724674,0
724675,9
724676,0
724677,10
724678,0
724679,0
724680,0
724681,11
724682,0
724683,8
724684,0
724685,0
724686,0
724687,7
724688,0
724689,0
724690,0
724691,0
724692,0
724693,0
724694,0
724695,0
724696,0
724697,0
724698,0
724699,0
724700,0
724701,13
724702,15
724703,0
724704,0
724705,0
724706,0
724707,0
724708,8
724709,0
724710,5
724711,0
724712,12
724713,0
724714,0
724715,7
724716,0
724717,0
724718,4
724719,0
724720,0
724721,0
724722,10
724723,0
724724,8
724725,0
724726,14
724727,3
724728,11
724729,4
724730,0
724731,5
724732,0
724733,0
724734,0
724735,0
724736,0
724737,0
724738,0
724739,16
724740,2
724741,0
724742,0
724743,0
724744,0
724745,0
724746,0
724747,0
724748,0
724749,0
724750,0
724751,4
724752,0
724753,4
724754,0
724755,0
724756,0
724757,23
724758,0
724759,16
724760,0
724761,0
724762,0
724763,0
724764,9
724765,8
724766,16
724767,6
724768,0
724769,0
724770,0
724771,16
724772,9
724773,0
724774,0
724775,0
724776,4
724777,0
724778,0
724779,0
724780,0
724781,0
724782,0
724783,12
724784,0
724785,0
724786,0
724787,0
724788,0
724789,0
724790,0
724791,6
724792,0
724793,0
724794,0
724795,0
724796,8
724797,16
724798,0
724799,6
724800,0
724801,6
724802,0
724803,0
724804,0
724805,0
724806,0
724807,0
724808,12
724809,0
724810,0
724811,16
724812,0
724813,0
724814,0
724815,0
724816,0
724817,0
724818,0
724819,10
724820,0
724821,0
724822,0
724823,13
724824,0
724825,0
724826,0
724827,0
724828,0
724829,0
724830,5
724831,0
724832,0
724833,0
724834,0
724835,9
724836,0
724837,0
724838,11
724839,0
724840,12
724841,0
724842,0
724843,0
724844,0
724845,0
724846,0
724847,10
724848,8
724849,0
724850,0
724851,12
724852,0
724853,0
724854,0
724855,0
724856,0
724857,0
724858,0
724859,0
724860,0
724861,0
724862,9
724863,0
724864,0
724865,0
724866,0
724867,0
724868,0
724869,0
724870,0
724871,0
724872,0
724873,0
724874,6
724875,0
724876,0
724877,0
724878,0
724879,0
724880,10
724881,0
724882,0
724883,0
724884,0
724885,0
724886,0
724887,0
724888,0
724889,11
724890,0
724891,0
724892,0
724893,12
724894,0
724895,0
724896,0
724897,0
724898,0
724899,0
724900,0
724901,9
724902,0
724903,0
724904,0
724905,0
724906,0
724907,8
724908,0
724909,6
724910,0
724911,0
724912,0
724913,0
724914,0
724915,0
724916,0
724917,17
724918,0
724919,0
724920,0
724921,12
724922,0
724923,10
724924,0
724925,3
724926,0
724927,0
724928,0
724929,0
724930,0
724931,0
724932,6
724933,0
724934,9
724935,0
724936,12
724937,12
724938,0
724939,12
724940,12
724941,0
724942,0
724943,0
724944,0
724945,0
724946,13
724947,0
724948,0
724949,0
724950,0
724951,0
724952,0
724953,10
724954,6
724955,0
724956,0
724957,0
724958,0
724959,6
724960,0
724961,0
724962,0
724963,0
724964,0
724965,0
724966,8
724967,0
724968,0
724969,0
724970,0
724971,16
724972,0
724973,0
724974,0
724975,0
724976,0
724977,0
724978,0
724979,0
724980,0
724981,0
724982,0
724983,0
724984,0
724985,0
724986,0
724987,0
724988,0
724989,0
724990,0
724991,12
724992,0
724993,0
724994,0
724995,9
724996,0
724997,9
724998,0
724999,5
725000,0
725001,0
725002,0
725003,0
725004,0
725005,0
725006,0
725007,0
725008,0
725009,0
725010,0
725011,0
725012,0
725013,0
725014,0
725015,11
725016,0
725017,0
725018,15
725019,17
725020,18
725021,0
725022,0
725023,0
725024,0
725025,0
725026,0
725027,0
725028,0
725029,0
725030,6
725031,0
725032,0
725033,0
725034,0
725035,0
725036,0
725037,0
725038,8
725039,0
725040,0
725041,0
725042,7
725043,0
725044,5
725045,16
725046,0
725047,8
725048,0
725049,0
725050,0
725051,6
725052,0
725053,0
725054,0
725055,9
725056,0
725057,0
725058,0
725059,11
725060,5
725061,12
725062,0
725063,0
725064,0
725065,6
725066,0
725067,0
725068,11
725069,15
725070,0
725071,0
725072,0
725073,0
725074,0
725075,0
725076,0
725077,0
725078,5
725079,0
725080,0
725081,0
725082,0
725083,9
725084,0
725085,7
725086,11
725087,0
725088,0
725089,10
725090,0
725091,12
725092,0
725093,9
725094,0
725095,0
725096,18
725097,24
725098,0
725099,0
725100,0
725101,0
725102,20
725103,0
725104,0
725105,0
725106,0
725107,38
725108,40
725109,0
725110,0
725111,0
725112,26
725113,0
725114,0
725115,0
725116,0
725117,0
725118,0
725119,36
725120,0
725121,29
725122,0
725123,39
725124,0
725125,32
725126,31
725127,0
725128,0
725129,0
725130,0
725131,40
725132,27
725133,0
725134,0
725135,0
725136,0
725137,0
725138,0
725139,0
725140,0
725141,40
725142,0
725143,0
725144,0
725145,0
725146,0
725147,39
725148,42
725149,0
725150,0
725151,0
725152,0
725153,0
725154,0
725155,0
725156,37
725157,0
725158,0
725159,0
725160,40
725161,0
725162,36
725163,40
725164,0
725165,0
725166,0
725167,52
725168,0
725169,34
725170,0
725171,29
725172,0
725173,0
725174,0
725175,0
725176,0
725177,0
725178,28
725179,0
725180,0
725181,52
725182,0
725183,31
725184,59
725185,0
725186,0
725187,0
725188,0
725189,0
725190,0
725191,41
725192,0
725193,0
725194,0
725195,43
725196,0
725197,0
725198,0
725199,0
725200,0
725201,0
725202,0
725203,0
725204,0
725205,0
725206,0
725207,0
725208,25
725209,0
725210,0
725211,0
725212,0
725213,0
725214,0
725215,0
725216,0
725217,0
725218,35
725219,0
725220,0
725221,0
725222,48
725223,0
725224,0
725225,0
725226,0
725227,0
725228,27
725229,18
725230,0
725231,0
725232,0
725233,0
725234,0
725235,0
725236,0
725237,0
725238,0
725239,0
725240,0
725241,38
725242,0
725243,0
725244,0
725245,0
725246,0
725247,0
725248,0
725249,0
725250,0
725251,0
725252,0
725253,0
725254,0
725255,0
725256,32
725257,0
725258,0
725259,0
725260,46
725261,0
725262,47
725263,0
725264,0
725265,0
725266,0
725267,0
725268,0
725269,0
725270,0
725271,0
725272,0
725273,0
725274,37
725275,25
725276,0
725277,0
725278,28
725279,30
725280,48
725281,0
725282,0
725283,0
725284,0
725285,0
725286,0
725287,0
725288,0
725289,0
725290,27
725291,32
725292,33
725293,0
725294,0
725295,0
725296,0
725297,36
725298,0
725299,42
725300,34
725301,0
725302,0
725303,0
725304,0
725305,0
725306,0
725307,0
725308,0
725309,0
725310,0
725311,0
725312,37
725313,0
725314,0
725315,0
725316,0
725317,0
725318,0
725319,36
725320,0
725321,0
725322,0
725323,0
725324,0
725325,0
725326,37
725327,0
725328,53
725329,0
725330,0
725331,0
725332,0
725333,35
725334,0
725335,0
725336,38
725337,48
725338,36
725339,0
725340,0
725341,0
725342,0
725343,0
725344,39
725345,0
725346,0
725347,0
725348,46
725349,0
725350,0
725351,0
725352,0
725353,0
725354,0
725355,0
725356,0
725357,0
725358,0
725359,0
725360,0
725361,0
725362,0
725363,23
725364,30
725365,0
725366,0
725367,22
725368,24
725369,42
725370,0
725371,56
725372,0
725373,0
725374,0
725375,0
725376,0
725377,35
725378,0
725379,0
725380,0
725381,0
725382,26
725383,0
725384,0
725385,0
725386,0
725387,0
725388,0
725389,0
725390,0
725391,36
725392,0
725393,0
725394,0
725395,40
725396,0
725397,0
725398,31
725399,0
725400,0
725401,23
725402,0
725403,0
725404,0
725405,0
725406,34
725407,0
725408,52
725409,0
725410,34
725411,33
725412,0
725413,0
725414,34
725415,0
725416,0
725417,0
725418,0
725419,0
725420,0
725421,0
725422,0
725423,0
725424,0
725425,32
725426,0
725427,0
725428,0
725429,0
725430,0
725431,0
725432,0
725433,0
725434,0
725435,0
725436,0
725437,31
725438,0
725439,29
725440,55
725441,49
725442,0
725443,0
725444,0
725445,0
725446,0
725447,0
725448,0
725449,0
725450,0
725451,0
725452,0
725453,0
725454,0
725455,0
725456,0
725457,0
725458,0
725459,0
725460,0
725461,53
725462,43
725463,0
725464,0
725465,29
725466,0
725467,0
725468,0
725469,0
725470,0
725471,28
725472,23
725473,39
725474,0
725475,0
725476,0
725477,0
725478,35
725479,0
725480,0
725481,0
725482,0
725483,44
725484,28
725485,0
725486,0
725487,0
725488,0
725489,39
725490,0
725491,0
725492,0
725493,0
725494,26
725495,0
725496,0
725497,40
725498,0
725499,0
725500,0
725501,0
725502,28
725503,0
725504,0
725505,0
725506,0
725507,0
725508,0
725509,0
725510,0
725511,23
725512,30
725513,0
725514,34
725515,0
725516,45
725517,0
725518,0
725519,0
725520,0
725521,0
725522,33
725523,0
725524,0
725525,60
725526,0
725527,28
725528,0
725529,0
725530,0
725531,0
725532,0
725533,0
725534,26
725535,31
725536,37
725537,0
725538,0
725539,35
725540,32
725541,0
725542,35
725543,0
725544,0
725545,0
725546,0
725547,0
725548,0
725549,0
725550,43
725551,0
725552,0
725553,29
725554,0
725555,29
725556,0
725557,0
725558,0
725559,0
725560,0
725561,0
725562,0
725563,0
725564,0
725565,0
725566,0
725567,0
725568,0
725569,35
725570,0
725571,38
725572,0
725573,0
725574,0
725575,0
725576,0
725577,0
725578,0
725579,0
725580,34
725581,0
725582,0
725583,0
725584,0
725585,0
725586,0
725587,0
725588,0
725589,0
725590,0
725591,0
725592,0
725593,0
725594,23
725595,0
725596,0
725597,0
725598,32
725599,0
725600,0
725601,43
725602,0
725603,0
725604,0
725605,0
725606,0
725607,0
725608,0
725609,0
725610,0
725611,0
725612,0
725613,0
725614,0
725615,0
725616,0
725617,0
725618,0
725619,0
725620,0
725621,0
725622,0
725623,0
725624,0
725625,0
725626,0
725627,0
725628,0
725629,0
725630,0
725631,0
725632,0
725633,0
725634,0
725635,0
725636,0
725637,0
725638,0
725639,0
725640,0
725641,0
725642,0
725643,0
725644,0
725645,0
725646,0
725647,0
725648,0
725649,0
725650,30
725651,0
725652,0
725653,42
725654,0
725655,0
725656,0
725657,0
725658,0
725659,0
725660,0
725661,0
725662,0
725663,0
725664,0
725665,0
725666,0
725667,0
725668,0
725669,0
725670,0
725671,0
725672,23
725673,0
725674,0
725675,0
725676,0
725677,0
725678,0
725679,43
725680,0
725681,0
725682,0
725683,0
725684,0
725685,0
725686,0
725687,0
725688,0
725689,0
725690,0
725691,0
725692,0
725693,0
725694,0
725695,0
725696,0
725697,0
725698,0
725699,0
725700,27
725701,0
725702,0
725703,0
725704,0
725705,0
725706,29
725707,0
725708,0
725709,0
725710,0
725711,0
725712,0
725713,38
725714,0
725715,0
725716,0
725717,0
725718,0
725719,0
725720,0
725721,0
725722,0
725723,0
725724,0
725725,36
725726,0
725727,0
725728,0
725729,0
725730,0
725731,0
725732,0
725733,33
725734,0
725735,0
725736,0
725737,33
725738,0
725739,0
725740,0
725741,0
725742,0
725743,0
725744,0
725745,0
725746,46
725747,0
725748,33
725749,0
725750,0
725751,0
725752,0
725753,0
725754,0
725755,0
725756,46
725757,39
725758,0
725759,0
725760,0
725761,0
725762,0
725763,0
725764,0
725765,0
725766,0
725767,0
725768,24
725769,0
725770,0
725771,45
725772,29
725773,29
725774,0
725775,25
725776,0
725777,0
725778,0
725779,41
725780,0
725781,0
725782,0
725783,0
725784,0
725785,0
725786,0
725787,21
725788,43
725789,27
725790,33
725791,0
725792,0
725793,25
725794,0
725795,0
725796,27
725797,0
725798,0
725799,0
725800,26
725801,33
725802,0
725803,0
725804,0
725805,0
725806,0
725807,0
725808,0
725809,35
725810,0
725811,30
725812,0
725813,0
725814,0
725815,0
725816,0
725817,0
725818,0
725819,0
725820,23
725821,0
725822,0
725823,0
725824,31
725825,0
725826,0
725827,0
725828,0
725829,0
725830,0
725831,0
725832,0
725833,35
725834,0
725835,0
725836,0
725837,0
725838,0
725839,0
725840,0
725841,0
725842,0
725843,0
725844,0
725845,0
725846,0
725847,0
725848,0
725849,18
725850,0
725851,0
725852,0
725853,0
725854,0
725855,0
725856,0
725857,0
725858,0
725859,37
725860,32
725861,0
725862,24
725863,0
725864,0
725865,0
725866,0
725867,0
725868,0
725869,0
725870,0
725871,0
725872,0
725873,0
725874,0
725875,0
725876,0
725877,0
725878,0
725879,0
725880,0
725881,0
725882,0
725883,38
725884,0
725885,0
725886,0
725887,0
725888,0
725889,0
725890,39
725891,28
725892,0
725893,0
725894,0
725895,0
725896,0
725897,34
725898,0
725899,30
725900,30
725901,0
725902,0
725903,0
725904,0
725905,0
725906,0
725907,0
725908,34
725909,0
725910,0
725911,35
725912,0
725913,0
725914,0
725915,33
725916,0
725917,0
725918,38
725919,0
725920,0
725921,0
725922,0
725923,43
725924,0
725925,0
725926,39
725927,0
725928,40
725929,0
725930,0
725931,0
725932,0
725933,0
725934,0
725935,0
725936,0
725937,0
725938,0
725939,0
725940,27
725941,0
725942,0
725943,0
725944,0
725945,0
725946,0
725947,36
725948,0
725949,36
725950,0
725951,45
725952,0
725953,0
725954,0
725955,0
725956,0
725957,0
725958,0
725959,0
725960,0
725961,0
725962,0
725963,0
725964,42
725965,0
725966,36
725967,0
725968,0
725969,43
725970,0
725971,0
725972,37
725973,0
725974,0
725975,30
725976,0
725977,30
725978,0
725979,0
725980,0
725981,0
725982,0
725983,0
725984,0
725985,0
725986,0
725987,0
725988,0
725989,0
725990,0
725991,0
725992,0
725993,0
725994,0
725995,0
725996,0
725997,0
725998,0
725999,0
726000,0
726001,0
726002,0
726003,0
726004,9
726005,0
726006,21
726007,15
726008,0
726009,21
726010,0
726011,0
726012,14
726013,0
726014,0
726015,0
726016,0
726017,0
726018,0
726019,16
726020,0
726021,14
726022,24
726023,0
726024,0
726025,34
726026,12
726027,24
726028,0
726029,0
726030,8
726031,0
726032,0
726033,13
726034,0
726035,21
726036,20
726037,18
726038,0
726039,0
726040,0
726041,21
726042,0
726043,0
726044,0
726045,0
726046,0
726047,0
726048,13
726049,0
726050,23
726051,0
726052,9
726053,0
726054,0
726055,0
726056,0
726057,12
726058,0
726059,0
726060,0
726061,0
726062,14
726063,0
726064,0
726065,0
726066,0
726067,0
726068,0
726069,0
726070,0
726071,0
726072,18
726073,0
726074,0
726075,0
726076,0
726077,24
726078,18
726079,0
726080,0
726081,0
726082,0
726083,0
726084,18
726085,0
726086,0
726087,0
726088,8
726089,22
726090,0
726091,23
726092,0
726093,0
726094,21
726095,12
726096,0
726097,9
726098,0
726099,0
726100,0
726101,7
726102,0
726103,16
726104,0
726105,0
726106,0
726107,0
726108,0
726109,0
726110,20
726111,0
726112,18
726113,0
726114,0
726115,0
726116,0
726117,0
726118,24
726119,8
726120,0
726121,15
726122,0
726123,0
726124,0
726125,15
726126,24
726127,0
726128,0
726129,0
726130,13
726131,17
726132,0
726133,0
726134,14
726135,20
726136,0
726137,0
726138,0
726139,18
726140,0
726141,15
726142,10
726143,0
726144,0
726145,0
726146,0
726147,0
726148,0
726149,0
726150,19
726151,0
726152,11
726153,0
726154,0
726155,21
726156,20
726157,0
726158,0
726159,0
726160,13
726161,0
726162,0
726163,0
726164,0
726165,0
726166,0
726167,0
726168,0
726169,11
726170,15
726171,10
726172,0
726173,0
726174,0
726175,0
726176,0
726177,0
726178,10
726179,0
726180,17
726181,0
726182,0
726183,0
726184,0
726185,11
726186,0
726187,17
726188,15
726189,0
726190,0
726191,0
726192,0
726193,18
726194,0
726195,15
726196,0
726197,0
726198,0
726199,0
726200,0
726201,0
726202,0
726203,47
726204,0
726205,0
726206,0
726207,0
726208,35
726209,0
726210,0
726211,0
726212,0
726213,0
726214,48
726215,0
726216,0
726217,43
726218,0
726219,0
726220,0
726221,0
726222,30
726223,0
726224,0
726225,0
726226,0
726227,0
726228,0
726229,26
726230,0
726231,0
726232,0
726233,0
726234,0
726235,0
726236,36
726237,0
726238,60
726239,0
726240,0
726241,0
726242,0
726243,44
726244,0
726245,0
726246,0
726247,0
726248,0
726249,0
726250,0
726251,0
726252,0
726253,0
726254,0
726255,0
726256,0
726257,0
726258,0
726259,0
726260,0
726261,0
726262,0
726263,0
726264,0
726265,0
726266,0
726267,0
726268,0
726269,0
726270,0
726271,0
726272,0
726273,0
726274,44
726275,0
726276,0
726277,0
726278,0
726279,0
726280,0
726281,0
726282,0
726283,0
726284,0
726285,0
726286,0
726287,0
726288,0
726289,0
726290,0
726291,0
726292,0
726293,0
726294,0
726295,0
726296,0
726297,0
726298,0
726299,0
726300,59
726301,0
726302,0
726303,0
726304,0
726305,0
726306,0
726307,0
726308,0
726309,0
726310,0
726311,0
726312,0
726313,0
726314,0
726315,0
726316,0
726317,0
726318,0
726319,0
726320,0
726321,36
726322,0
726323,0
726324,0
726325,0
726326,0
726327,0
726328,0
726329,0
726330,0
726331,0
726332,0
726333,0
726334,0
726335,0
726336,0
726337,0
726338,0
726339,0
726340,33
726341,0
726342,0
726343,0
726344,0
726345,0
726346,0
726347,0
726348,0
726349,0
726350,0
726351,0
726352,0
726353,0
726354,0
726355,0
726356,0
726357,0
726358,0
726359,0
726360,0
726361,0
726362,0
726363,0
726364,0
726365,0
726366,0
726367,0
726368,0
726369,51
726370,0
726371,0
726372,0
726373,0
726374,38
726375,39
726376,0
726377,0
726378,38
726379,0
726380,0
726381,0
726382,0
726383,0
726384,0
726385,0
726386,0
726387,0
726388,0
726389,0
726390,0
726391,29
726392,31
726393,0
726394,0
726395,0
726396,0
726397,35
726398,0
726399,40
726400,0
726401,0
726402,0
726403,0
726404,0
726405,0
726406,0
726407,34
726408,0
726409,0
726410,0
726411,0
726412,38
726413,0
726414,0
726415,0
726416,0
726417,0
726418,0
726419,0
726420,0
726421,0
726422,0
726423,0
726424,32
726425,0
726426,0
726427,0
726428,0
726429,0
726430,0
726431,0
726432,0
726433,0
726434,0
726435,0
726436,0
726437,45
726438,0
726439,0
726440,0
726441,0
726442,0
726443,0
726444,0
726445,0
726446,0
726447,0
726448,0
726449,0
726450,0
726451,0
726452,19
726453,0
726454,0
726455,0
726456,0
726457,0
726458,0
726459,0
726460,0
726461,0
726462,0
726463,0
726464,0
726465,18
726466,0
726467,0
726468,0
726469,19
726470,0
726471,0
726472,0
726473,0
726474,0
726475,0
726476,0
726477,0
726478,27
726479,0
726480,20
726481,0
726482,0
726483,0
726484,0
726485,19
726486,0
726487,0
726488,0
726489,24
726490,0
726491,0
726492,17
726493,0
726494,0
726495,12
726496,0
726497,0
726498,0
726499,0
726500,0
726501,0
726502,0
726503,0
726504,22
726505,0
726506,0
726507,0
726508,0
726509,0
726510,30
726511,0
726512,8
726513,0
726514,0
726515,0
726516,0
726517,0
726518,0
726519,0
726520,19
726521,0
726522,18
726523,0
726524,0
726525,0
726526,0
726527,0
726528,0
726529,0
726530,0
726531,0
726532,17
726533,0
726534,0
726535,0
726536,11
726537,12
726538,0
726539,0
726540,16
726541,0
726542,0
726543,0
726544,0
726545,0
726546,16
726547,0
726548,23
726549,0
726550,9
726551,0
726552,21
726553,0
726554,0
726555,0
726556,30
726557,17
726558,0
726559,14
726560,15
726561,0
726562,0
726563,18
726564,0
726565,0
726566,0
726567,0
726568,0
726569,0
726570,0
726571,0
726572,0
726573,0
726574,0
726575,0
726576,0
726577,0
726578,0
726579,0
726580,18
726581,0
726582,14
726583,0
726584,21
726585,0
726586,22
726587,0
726588,0
726589,0
726590,0
726591,12
726592,0
726593,0
726594,0
726595,0
726596,0
726597,0
726598,0
726599,10
726600,0
726601,0
726602,20
726603,0
726604,0
726605,0
726606,0
726607,14
726608,0
726609,0
726610,0
726611,16
726612,14
726613,0
726614,0
726615,0
726616,0
726617,0
726618,0
726619,17
726620,0
726621,0
726622,0
726623,0
726624,0
726625,19
726626,0
726627,0
726628,0
726629,0
726630,0
726631,0
726632,0
726633,0
726634,0
726635,25
726636,0
726637,10
726638,23
726639,14
726640,18
726641,20
726642,0
726643,0
726644,0
726645,0
726646,0
726647,0
726648,0
726649,0
726650,0
726651,22
726652,0
726653,0
726654,0
726655,0
726656,0
726657,15
726658,0
726659,21
726660,0
726661,0
726662,17
726663,16
726664,0
726665,0
726666,0
726667,0
726668,0
726669,0
726670,0
726671,0
726672,0
726673,0
726674,0
726675,0
726676,0
726677,18
726678,0
726679,0
726680,12
726681,0
726682,21
726683,0
726684,0
726685,0
726686,14
726687,0
726688,25
726689,16
726690,0
726691,19
726692,0
726693,0
726694,0
726695,0
726696,23
726697,0
726698,0
726699,0
726700,0
726701,0
726702,0
726703,0
726704,0
726705,14
726706,41
726707,0
726708,0
726709,22
726710,0
726711,0
726712,0
726713,0
726714,0
726715,0
726716,0
726717,0
726718,18
726719,0
726720,12
726721,0
726722,0
726723,0
726724,0
726725,0
726726,20
726727,30
726728,17
726729,0
726730,0
726731,0
726732,18
726733,0
726734,0
726735,0
726736,0
726737,20
726738,0
726739,0
726740,20
726741,0
726742,0
726743,0
726744,0
726745,17
726746,0
726747,24
726748,24
726749,0
726750,0
726751,0
726752,0
726753,0
726754,0
726755,0
726756,18
726757,0
726758,0
726759,0
726760,0
726761,0
726762,0
726763,0
726764,0
726765,0
726766,20
726767,17
726768,0
726769,0
726770,0
726771,0
726772,17
726773,0
726774,0
726775,0
726776,0
726777,0
726778,0
726779,0
726780,0
726781,0
726782,0
726783,0
726784,0
726785,22
726786,0
726787,26
726788,0
726789,0
726790,14
726791,0
726792,0
726793,13
726794,18
726795,0
726796,22
726797,0
726798,0
726799,0
726800,0
726801,0
726802,17
726803,0
726804,0
726805,17
726806,0
726807,0
726808,0
726809,0
726810,0
726811,15
726812,16
726813,20
726814,0
726815,23
726816,0
726817,20
726818,0
726819,23
726820,0
726821,0
726822,0
726823,0
726824,0
726825,0
726826,0
726827,13
726828,0
726829,0
726830,0
726831,0
726832,0
726833,25
726834,0
726835,12
726836,0
726837,25
726838,0
726839,0
726840,29
726841,19
726842,0
726843,0
726844,32
726845,0
726846,0
726847,0
726848,0
726849,0
726850,0
726851,18
726852,0
726853,27
726854,0
726855,0
726856,0
726857,0
726858,0
726859,0
726860,0
726861,0
726862,17
726863,0
726864,0
726865,0
726866,0
726867,0
726868,0
726869,0
726870,19
726871,0
726872,0
726873,20
726874,0
726875,0
726876,0
726877,0
726878,0
726879,0
726880,0
726881,0
726882,0
726883,0
726884,0
726885,0
726886,0
726887,0
726888,0
726889,0
726890,0
726891,0
726892,0
726893,0
726894,0
726895,0
726896,0
726897,0
726898,0
726899,0
726900,0
726901,0
726902,14
726903,16
726904,0
726905,0
726906,0
726907,5
726908,0
726909,0
726910,15
726911,0
726912,0
726913,0
726914,0
726915,0
726916,0
726917,0
726918,0
726919,0
726920,21
726921,18
726922,32
726923,0
726924,19
726925,0
726926,0
726927,0
726928,9
726929,0
726930,0
726931,0
726932,15
726933,0
726934,0
726935,0
726936,0
726937,0
726938,0
726939,0
726940,0
726941,0
726942,0
726943,0
726944,25
726945,0
726946,0
726947,0
726948,0
726949,0
726950,0
726951,0
726952,0
726953,0
726954,0
726955,26
726956,0
726957,0
726958,0
726959,0
726960,0
726961,0
726962,11
726963,5
726964,0
726965,0
726966,13
726967,0
726968,0
726969,0
726970,0
726971,20
726972,0
726973,0
726974,0
726975,0
726976,0
726977,0
726978,0
726979,0
726980,0
726981,0
726982,17
726983,0
726984,0
726985,0
726986,0
726987,21
726988,0
726989,0
726990,0
726991,0
726992,0
726993,0
726994,0
726995,0
726996,9
726997,32
726998,19
726999,0
727000,0
727001,0
727002,16
727003,0
727004,0
727005,0
727006,0
727007,0
727008,23
727009,0
727010,0
727011,0
727012,0
727013,0
727014,0
727015,0
727016,24
727017,25
727018,0
727019,0
727020,0
727021,0
727022,0
727023,0
727024,0
727025,0
727026,18
727027,15
727028,0
727029,0
727030,0
727031,12
727032,0
727033,19
727034,0
727035,0
727036,0
727037,0
727038,0
727039,0
727040,0
727041,0
727042,0
727043,0
727044,0
727045,14
727046,35
727047,9
727048,0
727049,11
727050,26
727051,22
727052,25
727053,17
727054,0
727055,16
727056,0
727057,0
727058,21
727059,0
727060,0
727061,0
727062,0
727063,19
727064,0
727065,0
727066,0
727067,0
727068,0
727069,0
727070,0
727071,0
727072,0
727073,0
727074,0
727075,21
727076,0
727077,0
727078,0
727079,0
727080,0
727081,0
727082,0
727083,0
727084,13
727085,22
727086,12
727087,0
727088,0
727089,0
727090,0
727091,0
727092,23
727093,7
727094,0
727095,0
727096,0
727097,0
727098,0
727099,0
727100,0
727101,0
727102,0
727103,17
727104,0
727105,0
727106,0
727107,11
727108,20
727109,0
727110,0
727111,0
727112,10
727113,0
727114,18
727115,0
727116,0
727117,0
727118,16
727119,0
727120,0
727121,0
727122,0
727123,0
727124,0
727125,0
727126,0
727127,0
727128,0
727129,0
727130,0
727131,18
727132,0
727133,0
727134,0
727135,0
727136,0
727137,0
727138,0
727139,10
727140,0
727141,0
727142,0
727143,0
727144,0
727145,0
727146,0
727147,0
727148,0
727149,0
727150,0
727151,0
727152,0
727153,0
727154,0
727155,0
727156,22
727157,0
727158,0
727159,0
727160,17
727161,0
727162,0
727163,0
727164,0
727165,0
727166,0
727167,0
727168,0
727169,0
727170,0
727171,0
727172,0
727173,0
727174,0
727175,17
727176,13
727177,0
727178,0
727179,24
727180,0
727181,0
727182,18
727183,21
727184,0
727185,0
727186,0
727187,0
727188,23
727189,0
727190,0
727191,0
727192,0
727193,0
727194,0
727195,0
727196,0
727197,0
727198,0
727199,16
727200,0
727201,0
727202,0
727203,0
727204,0
727205,12
727206,0
727207,0
727208,0
727209,0
727210,0
727211,0
727212,0
727213,0
727214,0
727215,0
727216,0
727217,0
727218,26
727219,0
727220,0
727221,17
727222,0
727223,0
727224,0
727225,22
727226,13
727227,0
727228,11
727229,0
727230,0
727231,20
727232,0
727233,0
727234,0
727235,0
727236,0
727237,0
727238,0
727239,0
727240,0
727241,0
727242,12
727243,15
727244,0
727245,0
727246,13
727247,0
727248,0
727249,14
727250,0
727251,0
727252,0
727253,12
727254,0
727255,0
727256,0
727257,0
727258,19
727259,8
727260,0
727261,0
727262,23
727263,0
727264,0
727265,0
727266,0
727267,0
727268,0
727269,22
727270,0
727271,0
727272,0
727273,0
727274,0
727275,0
727276,0
727277,0
727278,0
727279,0
727280,0
727281,0
727282,27
727283,0
727284,0
727285,0
727286,0
727287,0
727288,0
727289,0
727290,0
727291,0
727292,0
727293,0
727294,0
727295,0
727296,0
727297,15
727298,0
727299,0
727300,0
727301,0
727302,0
727303,0
727304,0
727305,0
727306,0
727307,0
727308,0
727309,0
727310,0
727311,0
727312,0
727313,0
727314,18
727315,0
727316,0
727317,0
727318,27
727319,0
727320,0
727321,0
727322,0
727323,19
727324,0
727325,0
727326,0
727327,0
727328,23
727329,0
727330,0
727331,0
727332,0
727333,0
727334,0
727335,0
727336,0
727337,0
727338,0
727339,14
727340,0
727341,0
727342,0
727343,32
727344,0
727345,0
727346,12
727347,0
727348,0
727349,0
727350,0
727351,0
727352,0
727353,0
727354,0
727355,0
727356,0
727357,0
727358,14
727359,0
727360,0
727361,11
727362,13
727363,17
727364,0
727365,0
727366,12
727367,0
727368,0
727369,0
727370,0
727371,0
727372,0
727373,0
727374,15
727375,0
727376,0
727377,0
727378,0
727379,0
727380,0
727381,0
727382,0
727383,0
727384,0
727385,0
727386,0
727387,16
727388,0
727389,0
727390,0
727391,0
727392,0
727393,0
727394,0
727395,0
727396,27
727397,0
727398,0
727399,0
727400,16
727401,0
727402,0
727403,10
727404,0
727405,0
727406,0
727407,0
727408,0
727409,0
727410,0
727411,0
727412,0
727413,0
727414,0
727415,0
727416,0
727417,25
727418,0
727419,0
727420,0
727421,0
727422,0
727423,0
727424,0
727425,0
727426,0
727427,0
727428,0
727429,19
727430,0
727431,0
727432,0
727433,19
727434,11
727435,0
727436,18
727437,0
727438,0
727439,0
727440,0
727441,0
727442,0
727443,0
727444,0
727445,0
727446,36
727447,0
727448,0
727449,0
727450,0
727451,0
727452,0
727453,15
727454,0
727455,14
727456,0
727457,0
727458,0
727459,0
727460,0
727461,0
727462,0
727463,0
727464,0
727465,0
727466,0
727467,0
727468,16
727469,0
727470,0
727471,0
727472,0
727473,0
727474,0
727475,0
727476,27
727477,24
727478,20
727479,0
727480,19
727481,0
727482,0
727483,16
727484,0
727485,0
727486,21
727487,24
727488,0
727489,0
727490,0
727491,0
727492,14
727493,0
727494,0
727495,14
727496,0
727497,0
727498,0
727499,0
727500,0
727501,0
727502,22
727503,0
727504,0
727505,0
727506,0
727507,0
727508,0
727509,0
727510,0
727511,0
727512,0
727513,0
727514,0
727515,0
727516,0
727517,0
727518,17
727519,0
727520,0
727521,0
727522,0
727523,0
727524,19
727525,0
727526,0
727527,0
727528,0
727529,0
727530,0
727531,0
727532,0
727533,0
727534,0
727535,0
727536,0
727537,0
727538,0
727539,0
727540,0
727541,0
727542,13
727543,0
727544,0
727545,11
727546,0
727547,0
727548,0
727549,0
727550,0
727551,0
727552,27
727553,0
727554,0
727555,0
727556,0
727557,0
727558,0
727559,0
727560,0
727561,0
727562,0
727563,0
727564,0
727565,0
727566,0
727567,0
727568,0
727569,0
727570,0
727571,21
727572,0
727573,18
727574,0
727575,0
727576,0
727577,0
727578,0
727579,15
727580,20
727581,0
727582,0
727583,0
727584,0
727585,0
727586,0
727587,0
727588,0
727589,11
727590,0
727591,14
727592,0
727593,0
727594,0
727595,0
727596,0
727597,16
727598,0
727599,0
727600,0
727601,18
727602,0
727603,0
727604,14
727605,0
727606,0
727607,10
727608,14
727609,0
727610,0
727611,0
727612,0
727613,9
727614,0
727615,9
727616,0
727617,0
727618,0
727619,10
727620,0
727621,0
727622,19
727623,0
727624,9
727625,0
727626,0
727627,0
727628,0
727629,0
727630,0
727631,0
727632,0
727633,0
727634,0
727635,0
727636,0
727637,17
727638,0
727639,0
727640,0
727641,12
727642,0
727643,14
727644,0
727645,0
727646,0
727647,0
727648,0
727649,0
727650,15
727651,0
727652,0
727653,12
727654,0
727655,0
727656,0
727657,0
727658,21
727659,0
727660,24
727661,0
727662,0
727663,0
727664,0
727665,0
727666,10
727667,21
727668,0
727669,0
727670,0
727671,0
727672,0
727673,0
727674,0
727675,17
727676,0
727677,16
727678,0
727679,15
727680,9
727681,20
727682,14
727683,19
727684,0
727685,0
727686,0
727687,0
727688,0
727689,0
727690,0
727691,0
727692,0
727693,0
727694,0
727695,0
727696,0
727697,0
727698,0
727699,0
727700,0
727701,18
727702,0
727703,0
727704,0
727705,0
727706,0
727707,0
727708,12
727709,0
727710,0
727711,0
727712,12
727713,0
727714,0
727715,0
727716,0
727717,0
727718,0
727719,0
727720,0
727721,0
727722,0
727723,10
727724,0
727725,8
727726,0
727727,16
727728,0
727729,0
727730,0
727731,13
727732,0
727733,0
727734,0
727735,0
727736,0
727737,0
727738,0
727739,0
727740,10
727741,0
727742,6
727743,0
727744,0
727745,0
727746,0
727747,0
727748,0
727749,0
727750,0
727751,0
727752,0
727753,0
727754,0
727755,0
727756,0
727757,0
727758,9
727759,0
727760,0
727761,10
727762,11
727763,0
727764,0
727765,0
727766,0
727767,0
727768,0
727769,0
727770,0
727771,22
727772,0
727773,0
727774,17
727775,0
727776,0
727777,0
727778,0
727779,0
727780,0
727781,0
727782,0
727783,0
727784,0
727785,0
727786,15
727787,0
727788,11
727789,0
727790,11
727791,0
727792,0
727793,0
727794,11
727795,0
727796,0
727797,0
727798,0
727799,20
727800,0
727801,0
727802,0
727803,0
727804,0
727805,0
727806,0
727807,0
727808,0
727809,0
727810,0
727811,0
727812,0
727813,0
727814,0
727815,0
727816,0
727817,0
727818,16
727819,0
727820,19
727821,0
727822,0
727823,0
727824,17
727825,0
727826,0
727827,9
727828,11
727829,0
727830,0
727831,12
727832,0
727833,0
727834,0
727835,0
727836,0
727837,0
727838,0
727839,0
727840,0
727841,0
727842,0
727843,0
727844,16
727845,10
727846,0
727847,13
727848,0
727849,0
727850,11
727851,0
727852,15
727853,0
727854,0
727855,0
727856,0
727857,12
727858,0
727859,11
727860,18
727861,0
727862,0
727863,0
727864,0
727865,0
727866,0
727867,0
727868,0
727869,0
727870,9
727871,0
727872,0
727873,0
727874,0
727875,0
727876,0
727877,0
727878,0
727879,0
727880,0
727881,0
727882,0
727883,10
727884,0
727885,0
727886,10
727887,0
727888,0
727889,0
727890,0
727891,18
727892,0
727893,0
727894,0
727895,0
727896,0
727897,0
727898,0
727899,12
727900,0
727901,0
727902,0
727903,8
727904,0
727905,0
727906,0
727907,7
727908,0
727909,0
727910,0
727911,0
727912,0
727913,0
727914,0
727915,0
727916,0
727917,0
727918,0
727919,7
727920,0
727921,0
727922,0
727923,0
727924,0
727925,9
727926,0
727927,0
727928,0
727929,0
727930,0
727931,0
727932,0
727933,0
727934,0
727935,0
727936,0
727937,0
727938,0
727939,0
727940,0
727941,0
727942,0
727943,0
727944,0
727945,0
727946,0
727947,0
727948,0
727949,0
727950,0
727951,0
727952,12
727953,0
727954,0
727955,0
727956,0
727957,0
727958,0
727959,0
727960,0
727961,0
727962,0
727963,0
727964,0
727965,0
727966,0
727967,0
727968,0
727969,8
727970,0
727971,0
727972,0
727973,0
727974,0
727975,0
727976,0
727977,0
727978,0
727979,0
727980,0
727981,0
727982,0
727983,0
727984,0
727985,0
727986,0
727987,0
727988,0
727989,0
727990,10
727991,0
727992,0
727993,6
727994,10
727995,0
727996,0
727997,0
727998,0
727999,13
728000,0
728001,0
728002,5
728003,0
728004,0
728005,0
728006,0
728007,0
728008,0
728009,0
728010,0
728011,0
728012,0
728013,0
728014,0
728015,0
728016,0
728017,0
728018,0
728019,0
728020,0
728021,0
728022,0
728023,0
728024,0
728025,0
728026,0
728027,0
728028,0
728029,0
728030,6
728031,0
728032,0
728033,0
728034,8
728035,0
728036,0
728037,0
728038,0
728039,0
728040,0
728041,0
728042,0
728043,0
728044,0
728045,0
728046,0
728047,0
728048,0
728049,0
728050,0
728051,0
728052,0
728053,0
728054,0
728055,0
728056,0
728057,0
728058,0
728059,0
728060,0
728061,0
728062,0
728063,0
728064,9
728065,0
728066,0
728067,0
728068,0
728069,10
728070,0
728071,0
728072,0
728073,0
728074,0
728075,0
728076,0
728077,8
728078,0
728079,0
728080,0
728081,0
728082,0
728083,0
728084,0
728085,0
728086,0
728087,0
728088,0
728089,0
728090,0
728091,0
728092,11
728093,0
728094,0
728095,0
728096,0
728097,0
728098,0
728099,0
728100,0
728101,0
728102,0
728103,0
728104,0
728105,0
728106,0
728107,0
728108,0
728109,0
728110,0
728111,0
728112,0
728113,0
728114,0
728115,11
728116,0
728117,7
728118,0
728119,0
728120,0
728121,0
728122,0
728123,0
728124,6
728125,0
728126,0
728127,7
728128,0
728129,0
728130,0
728131,0
728132,0
728133,0
728134,0
728135,0
728136,0
728137,0
728138,0
728139,0
728140,0
728141,0
728142,0
728143,0
728144,0
728145,0
728146,0
728147,0
728148,0
728149,0
728150,0
728151,0
728152,0
728153,0
728154,0
728155,0
728156,0
728157,0
728158,0
728159,0
728160,0
728161,0
728162,0
728163,0
728164,0
728165,0
728166,0
728167,0
728168,0
728169,0
728170,0
728171,0
728172,0
728173,0
728174,0
728175,0
728176,0
728177,0
728178,0
728179,0
728180,0
728181,0
728182,0
728183,0
728184,0
728185,0
728186,43
728187,0
728188,0
728189,0
728190,0
728191,0
728192,0
728193,0
728194,0
728195,0
728196,0
728197,0
728198,0
728199,0
728200,0
728201,41
728202,0
728203,29
728204,0
728205,32
728206,0
728207,31
728208,16
728209,0
728210,47
728211,26
728212,0
728213,0
728214,0
728215,0
728216,34
728217,0
728218,0
728219,0
728220,0
728221,0
728222,0
728223,34
728224,0
728225,28
728226,0
728227,17
728228,0
728229,24
728230,0
728231,24
728232,34
728233,0
728234,31
728235,0
728236,33
728237,0
728238,29
728239,0
728240,0
728241,0
728242,0
728243,0
728244,19
728245,0
728246,17
728247,0
728248,46
728249,0
728250,0
728251,0
728252,0
728253,0
728254,0
728255,0
728256,0
728257,32
728258,0
728259,0
728260,0
728261,0
728262,0
728263,0
728264,0
728265,0
728266,0
728267,0
728268,0
728269,34
728270,0
728271,0
728272,0
728273,0
728274,0
728275,0
728276,43
728277,36
728278,0
728279,0
728280,0
728281,0
728282,0
728283,0
728284,0
728285,0
728286,0
728287,0
728288,45
728289,0
728290,26
728291,0
728292,0
728293,0
728294,27
728295,0
728296,0
728297,0
728298,0
728299,0
728300,0
728301,0
728302,0
728303,0
728304,0
728305,0
728306,0
728307,0
728308,0
728309,52
728310,14
728311,0
728312,0
728313,0
728314,0
728315,0
728316,0
728317,0
728318,0
728319,0
728320,0
728321,0
728322,0
728323,23
728324,0
728325,35
728326,16
728327,0
728328,0
728329,0
728330,0
728331,0
728332,45
728333,0
728334,0
728335,23
728336,0
728337,0
728338,30
728339,35
728340,0
728341,0
728342,31
728343,0
728344,50
728345,0
728346,35
728347,0
728348,0
728349,0
728350,0
728351,0
728352,0
728353,0
728354,0
728355,0
728356,0
728357,0
728358,0
728359,21
728360,0
728361,45
728362,0
728363,13
728364,40
728365,33
728366,0
728367,0
728368,47
728369,0
728370,0
728371,0
728372,0
728373,0
728374,0
728375,46
728376,0
728377,0
728378,0
728379,26
728380,0
728381,0
728382,0
728383,0
728384,0
728385,0
728386,0
728387,0
728388,0
728389,22
728390,0
728391,0
728392,0
728393,22
728394,0
728395,0
728396,0
728397,36
728398,0
728399,0
728400,0
728401,0
728402,0
728403,0
728404,0
728405,0
728406,0
728407,0
728408,0
728409,0
728410,0
728411,0
728412,24
728413,34
728414,0
728415,0
728416,0
728417,0
728418,18
728419,19
728420,16
728421,0
728422,56
728423,0
728424,0
728425,0
728426,12
728427,0
728428,0
728429,0
728430,35
728431,0
728432,0
728433,0
728434,43
728435,0
728436,0
728437,0
728438,0
728439,0
728440,0
728441,0
728442,0
728443,0
728444,0
728445,0
728446,0
728447,0
728448,0
728449,0
728450,0
728451,35
728452,0
728453,0
728454,0
728455,16
728456,0
728457,0
728458,0
728459,0
728460,0
728461,21
728462,23
728463,0
728464,28
728465,0
728466,0
728467,0
728468,0
728469,0
728470,0
728471,0
728472,40
728473,0
728474,35
728475,0
728476,0
728477,39
728478,0
728479,0
728480,35
728481,40
728482,0
728483,0
728484,0
728485,0
728486,0
728487,0
728488,0
728489,0
728490,0
728491,0
728492,0
728493,0
728494,0
728495,0
728496,0
728497,38
728498,0
728499,0
728500,0
728501,0
728502,0
728503,0
728504,0
728505,25
728506,0
728507,0
728508,0
728509,14
728510,0
728511,30
728512,0
728513,0
728514,0
728515,44
728516,0
728517,0
728518,43
728519,0
728520,0
728521,0
728522,0
728523,57
728524,0
728525,0
728526,0
728527,0
728528,22
728529,0
728530,0
728531,0
728532,0
728533,0
728534,0
728535,45
728536,0
728537,0
728538,0
728539,0
728540,0
728541,0
728542,22
728543,0
728544,0
728545,0
728546,0
728547,0
728548,35
728549,0
728550,0
728551,0
728552,0
728553,44
728554,0
728555,0
728556,12
728557,0
728558,0
728559,0
728560,0
728561,0
728562,0
728563,0
728564,0
728565,0
728566,0
728567,0
728568,37
728569,0
728570,0
728571,0
728572,0
728573,0
728574,29
728575,0
728576,37
728577,0
728578,24
728579,49
728580,20
728581,0
728582,0
728583,30
728584,0
728585,27
728586,0
728587,24
728588,0
728589,0
728590,0
728591,0
728592,0
728593,0
728594,0
728595,0
728596,0
728597,15
728598,0
728599,0
728600,0
728601,0
728602,0
728603,0
728604,0
728605,0
728606,0
728607,17
728608,0
728609,0
728610,0
728611,0
728612,36
728613,0
728614,44
728615,0
728616,16
728617,0
728618,0
728619,47
728620,0
728621,0
728622,27
728623,0
728624,0
728625,0
728626,0
728627,0
728628,0
728629,37
728630,0
728631,0
728632,0
728633,0
728634,32
728635,0
728636,36
728637,0
728638,0
728639,0
728640,0
728641,0
728642,10
728643,37
728644,0
728645,0
728646,0
728647,0
728648,0
728649,0
728650,0
728651,0
728652,0
728653,0
728654,0
728655,0
728656,0
728657,0
728658,33
728659,0
728660,24
728661,43
728662,0
728663,0
728664,0
728665,0
728666,46
728667,0
728668,26
728669,46
728670,0
728671,0
728672,0
728673,0
728674,0
728675,20
728676,0
728677,0
728678,25
728679,0
728680,27
728681,27
728682,0
728683,0
728684,37
728685,46
728686,0
728687,29
728688,0
728689,0
728690,60
728691,28
728692,30
728693,0
728694,0
728695,0
728696,0
728697,0
728698,0
728699,0
728700,0
728701,0
728702,0
728703,0
728704,0
728705,0
728706,0
728707,0
728708,0
728709,0
728710,0
728711,0
728712,0
728713,0
728714,0
728715,0
728716,26
728717,0
728718,25
728719,0
728720,0
728721,0
728722,0
728723,36
728724,0
728725,0
728726,0
728727,0
728728,71
728729,0
728730,0
728731,0
728732,0
728733,19
728734,0
728735,18
728736,29
728737,0
728738,0
728739,0
728740,0
728741,0
728742,19
728743,0
728744,0
728745,0
728746,0
728747,57
728748,0
728749,0
728750,36
728751,0
728752,0
728753,0
728754,36
728755,0
728756,0
728757,28
728758,0
728759,36
728760,41
728761,0
728762,0
728763,29
728764,25
728765,0
728766,0
728767,0
728768,0
728769,16
728770,0
728771,21
728772,0
728773,20
728774,0
728775,0
728776,0
728777,0
728778,0
728779,28
728780,0
728781,0
728782,0
728783,0
728784,42
728785,0
728786,0
728787,0
728788,0
728789,0
728790,49
728791,0
728792,15
728793,0
728794,0
728795,0
728796,0
728797,0
728798,0
728799,0
728800,10
728801,0
728802,0
728803,0
728804,0
728805,0
728806,0
728807,17
728808,0
728809,0
728810,24
728811,41
728812,0
728813,0
728814,0
728815,0
728816,0
728817,0
728818,0
728819,0
728820,0
728821,25
728822,0
728823,0
728824,0
728825,39
728826,31
728827,0
728828,0
728829,0
728830,0
728831,60
728832,0
728833,17
728834,0
728835,33
728836,0
728837,24
728838,0
728839,0
728840,0
728841,0
728842,0
728843,0
728844,19
728845,0
728846,0
728847,0
728848,0
728849,0
728850,0
728851,0
728852,19
728853,0
728854,0
728855,30
728856,0
728857,0
728858,0
728859,0
728860,38
728861,0
728862,0
728863,0
728864,43
728865,37
728866,0
728867,0
728868,0
728869,35
728870,0
728871,0
728872,0
728873,0
728874,0
728875,0
728876,0
728877,0
728878,29
728879,0
728880,0
728881,27
728882,0
728883,46
728884,0
728885,0
728886,0
728887,23
728888,27
728889,36
728890,0
728891,0
728892,0
728893,0
728894,0
728895,0
728896,0
728897,0
728898,0
728899,0
728900,0
728901,0
728902,0
728903,40
728904,0
728905,0
728906,30
728907,0
728908,43
728909,0
728910,0
728911,0
728912,0
728913,0
728914,0
728915,0
728916,0
728917,0
728918,0
728919,0
728920,28
728921,0
728922,56
728923,0
728924,0
728925,0
728926,0
728927,0
728928,37
728929,48
728930,0
728931,48
728932,0
728933,0
728934,35
728935,0
728936,0
728937,26
728938,0
728939,0
728940,0
728941,0
728942,0
728943,0
728944,0
728945,26
728946,43
728947,0
728948,0
728949,20
728950,0
728951,29
728952,0
728953,0
728954,27
728955,0
728956,0
728957,16
728958,0
728959,0
728960,0
728961,0
728962,19
728963,18
728964,0
728965,0
728966,0
728967,0
728968,0
728969,18
728970,37
728971,30
728972,0
728973,39
728974,0
728975,37
728976,0
728977,0
728978,15
728979,39
728980,0
728981,36
728982,41
728983,0
728984,0
728985,0
728986,0
728987,0
728988,12
728989,0
728990,34
728991,0
728992,0
728993,33
728994,19
728995,0
728996,0
728997,0
728998,16
728999,23
729000,0
729001,0
729002,43
729003,29
729004,27
729005,0
729006,46
729007,41
729008,0
729009,0
729010,0
729011,0
729012,37
729013,41
729014,0
729015,0
729016,0
729017,0
729018,0
729019,0
729020,0
729021,24
729022,0
729023,0
729024,0
729025,0
729026,29
729027,0
729028,16
729029,0
729030,0
729031,0
729032,11
729033,0
729034,0
729035,0
729036,0
729037,0
729038,0
729039,0
729040,0
729041,0
729042,0
729043,19
729044,0
729045,0
729046,0
729047,0
729048,0
729049,0
729050,0
729051,0
729052,44
729053,0
729054,0
729055,60
729056,0
729057,13
729058,34
729059,0
729060,0
729061,0
729062,0
729063,32
729064,14
729065,0
729066,0
729067,0
729068,26
729069,0
729070,0
729071,0
729072,0
729073,36
729074,0
729075,0
729076,0
729077,0
729078,0
729079,34
729080,34
729081,0
729082,0
729083,0
729084,0
729085,37
729086,34
729087,0
729088,0
729089,0
729090,21
729091,0
729092,0
729093,0
729094,0
729095,0
729096,25
729097,0
729098,0
729099,24
729100,0
729101,0
729102,0
729103,0
729104,0
729105,0
729106,0
729107,36
729108,0
729109,0
729110,0
729111,19
729112,0
729113,57
729114,39
729115,0
729116,0
729117,0
729118,0
729119,0
729120,21
729121,0
729122,24
729123,0
729124,17
729125,0
729126,0
729127,0
729128,44
729129,0
729130,0
729131,0
729132,0
729133,0
729134,0
729135,0
729136,0
729137,0
729138,19
729139,0
729140,0
729141,11
729142,8
729143,0
729144,10
729145,0
729146,21
729147,0
729148,0
729149,16
729150,0
729151,0
729152,0
729153,0
729154,0
729155,0
729156,0
729157,0
729158,9
729159,0
729160,0
729161,0
729162,0
729163,0
729164,18
729165,0
729166,18
729167,0
729168,0
729169,0
729170,0
729171,9
729172,0
729173,0
729174,0
729175,0
729176,0
729177,7
729178,0
729179,0
729180,0
729181,0
729182,0
729183,12
729184,10
729185,0
729186,0
729187,15
729188,8
729189,0
729190,0
729191,0
729192,0
729193,0
729194,0
729195,0
729196,0
729197,11
729198,0
729199,0
729200,0
729201,0
729202,0
729203,0
729204,0
729205,14
729206,0
729207,0
729208,0
729209,0
729210,0
729211,0
729212,7
729213,0
729214,0
729215,6
729216,0
729217,8
729218,0
729219,0
729220,0
729221,0
729222,15
729223,10
729224,5
729225,0
729226,0
729227,0
729228,0
729229,0
729230,0
729231,0
729232,0
729233,15
729234,0
729235,0
729236,0
729237,8
729238,7
729239,0
729240,13
729241,0
729242,0
729243,16
729244,0
729245,0
729246,0
729247,0
729248,0
729249,0
729250,0
729251,0
729252,0
729253,0
729254,9
729255,0
729256,0
729257,0
729258,0
729259,0
729260,0
729261,0
729262,0
729263,0
729264,0
729265,14
729266,12
729267,0
729268,0
729269,8
729270,0
729271,0
729272,0
729273,0
729274,0
729275,12
729276,0
729277,0
729278,0
729279,0
729280,0
729281,0
729282,11
729283,0
729284,10
729285,0
729286,15
729287,0
729288,0
729289,0
729290,0
729291,8
729292,8
729293,0
729294,0
729295,0
729296,0
729297,0
729298,0
729299,0
729300,11
729301,0
729302,12
729303,0
729304,0
729305,9
729306,0
729307,0
729308,10
729309,13
729310,14
729311,4
729312,0
729313,0
729314,0
729315,9
729316,0
729317,0
729318,0
729319,0
729320,0
729321,0
729322,0
729323,11
729324,0
729325,11
729326,0
729327,0
729328,0
729329,0
729330,13
729331,0
729332,0
729333,0
729334,0
729335,14
729336,0
729337,0
729338,0
729339,0
729340,15
729341,0
729342,12
729343,15
729344,17
729345,0
729346,0
729347,0
729348,9
729349,0
729350,10
729351,0
729352,0
729353,0
729354,20
729355,0
729356,0
729357,0
729358,16
729359,3
729360,14
729361,0
729362,0
729363,0
729364,10
729365,0
729366,10
729367,0
729368,15
729369,0
729370,0
729371,10
729372,0
729373,0
729374,0
729375,0
729376,13
729377,0
729378,0
729379,0
729380,0
729381,0
729382,12
729383,14
729384,9
729385,16
729386,18
729387,10
729388,0
729389,0
729390,0
729391,0
729392,11
729393,0
729394,13
729395,12
729396,11
729397,0
729398,10
729399,0
729400,0
729401,0
729402,12
729403,17
729404,0
729405,0
729406,0
729407,13
729408,0
729409,0
729410,0
729411,0
729412,0
729413,0
729414,0
729415,0
729416,0
729417,0
729418,15
729419,0
729420,9
729421,12
729422,14
729423,0
729424,0
729425,18
729426,0
729427,14
729428,5
729429,0
729430,0
729431,0
729432,0
729433,19
729434,0
729435,0
729436,0
729437,0
729438,0
729439,0
729440,0
729441,19
729442,0
729443,0
729444,0
729445,0
729446,0
729447,0
729448,12
729449,0
729450,4
729451,0
729452,0
729453,15
729454,0
729455,10
729456,0
729457,0
729458,10
729459,17
729460,10
729461,0
729462,0
729463,6
729464,0
729465,0
729466,0
729467,19
729468,0
729469,0
729470,0
729471,8
729472,7
729473,0
729474,0
729475,0
729476,0
729477,0
729478,9
729479,0
729480,0
729481,0
729482,11
729483,0
729484,0
729485,0
729486,14
729487,10
729488,0
729489,0
729490,0
729491,12
729492,0
729493,0
729494,12
729495,16
729496,0
729497,0
729498,0
729499,0
729500,6
729501,0
729502,0
729503,10
729504,14
729505,0
729506,0
729507,0
729508,0
729509,0
729510,0
729511,0
729512,12
729513,0
729514,0
729515,0
729516,0
729517,0
729518,0
729519,13
729520,0
729521,0
729522,8
729523,0
729524,0
729525,0
729526,0
729527,11
729528,0
729529,0
729530,7
729531,4
729532,11
729533,0
729534,0
729535,0
729536,0
729537,0
729538,0
729539,0
729540,34
729541,0
729542,0
729543,28
729544,0
729545,0
729546,0
729547,0
729548,26
729549,0
729550,0
729551,27
729552,0
729553,0
729554,0
729555,22
729556,0
729557,0
729558,0
729559,0
729560,0
729561,0
729562,0
729563,0
729564,0
729565,0
729566,0
729567,0
729568,0
729569,0
729570,31
729571,20
729572,0
729573,0
729574,0
729575,0
729576,0
729577,0
729578,0
729579,0
729580,31
729581,0
729582,0
729583,0
729584,0
729585,0
729586,0
729587,22
729588,29
729589,18
729590,0
729591,0
729592,32
729593,0
729594,0
729595,31
729596,0
729597,0
729598,0
729599,0
729600,0
729601,0
729602,0
729603,0
729604,0
729605,30
729606,34
729607,0
729608,0
729609,29
729610,0
729611,0
729612,0
729613,0
729614,0
729615,0
729616,33
729617,28
729618,0
729619,0
729620,0
729621,0
729622,0
729623,33
729624,0
729625,0
729626,0
729627,0
729628,0
729629,0
729630,38
729631,0
729632,0
729633,0
729634,0
729635,0
729636,0
729637,0
729638,28
729639,0
729640,0
729641,32
729642,0
729643,46
729644,0
729645,0
729646,0
729647,0
729648,28
729649,0
729650,0
729651,0
729652,0
729653,0
729654,0
729655,31
729656,0
729657,0
729658,0
729659,23
729660,29
729661,0
729662,29
729663,0
729664,0
729665,33
729666,0
729667,0
729668,0
729669,0
729670,0
729671,27
729672,0
729673,29
729674,0
729675,0
729676,0
729677,0
729678,39
729679,0
729680,28
729681,0
729682,29
729683,32
729684,30
729685,0
729686,0
729687,42
729688,0
729689,0
729690,0
729691,0
729692,0
729693,0
729694,0
729695,0
729696,0
729697,0
729698,38
729699,0
729700,0
729701,0
729702,0
729703,0
729704,0
729705,0
729706,32
729707,29
729708,0
729709,0
729710,0
729711,0
729712,26
729713,0
729714,0
729715,0
729716,0
729717,0
729718,22
729719,34
729720,0
729721,0
729722,0
729723,0
729724,39
729725,0
729726,32
729727,0
729728,23
729729,0
729730,0
729731,0
729732,28
729733,0
729734,17
729735,24
729736,0
729737,38
729738,0
729739,28
729740,0
729741,0
729742,31
729743,0
729744,16
729745,0
729746,0
729747,0
729748,0
729749,0
729750,0
729751,0
729752,0
729753,0
729754,0
729755,0
729756,0
729757,0
729758,23
729759,0
729760,0
729761,0
729762,0
729763,0
729764,0
729765,0
729766,0
729767,0
729768,0
729769,35
729770,40
729771,0
729772,0
729773,0
729774,0
729775,0
729776,0
729777,0
729778,40
729779,0
729780,0
729781,35
729782,0
729783,0
729784,0
729785,0
729786,0
729787,0
729788,0
729789,0
729790,0
729791,0
729792,0
729793,0
729794,0
729795,0
729796,0
729797,0
729798,0
729799,0
729800,0
729801,0
729802,0
729803,0
729804,0
729805,0
729806,0
729807,0
729808,0
729809,0
729810,0
729811,0
729812,0
729813,0
729814,0
729815,26
729816,0
729817,0
729818,14
729819,0
729820,0
729821,0
729822,0
729823,0
729824,0
729825,0
729826,15
729827,0
729828,0
729829,9
729830,24
729831,0
729832,0
729833,23
729834,0
729835,0
729836,0
729837,12
729838,0
729839,0
729840,0
729841,14
729842,16
729843,0
729844,19
729845,0
729846,18
729847,0
729848,0
729849,0
729850,0
729851,20
729852,14
729853,0
729854,0
729855,0
729856,0
729857,0
729858,0
729859,0
729860,0
729861,0
729862,24
729863,0
729864,28
729865,0
729866,18
729867,0
729868,21
729869,21
729870,0
729871,0
729872,0
729873,17
729874,0
729875,0
729876,0
729877,0
729878,0
729879,0
729880,0
729881,0
729882,0
729883,24
729884,0
729885,0
729886,0
729887,0
729888,0
729889,0
729890,18
729891,0
729892,0
729893,0
729894,0
729895,0
729896,0
729897,0
729898,18
729899,0
729900,0
729901,0
729902,0
729903,11
729904,0
729905,20
729906,0
729907,0
729908,0
729909,0
729910,0
729911,0
729912,25
729913,0
729914,0
729915,0
729916,0
729917,18
729918,0
729919,0
729920,0
729921,0
729922,0
729923,0
729924,0
729925,0
729926,0
729927,0
729928,0
729929,0
729930,0
729931,13
729932,0
729933,0
729934,0
729935,0
729936,0
729937,0
729938,13
729939,0
729940,0
729941,18
729942,0
729943,0
729944,0
729945,0
729946,12
729947,0
729948,0
729949,19
729950,0
729951,0
729952,0
729953,18
729954,12
729955,0
729956,0
729957,11
729958,0
729959,24
729960,14
729961,0
729962,0
729963,0
729964,30
729965,33
729966,0
729967,0
729968,0
729969,0
729970,0
729971,0
729972,0
729973,26
729974,0
729975,0
729976,18
729977,26
729978,0
729979,28
729980,0
729981,22
729982,0
729983,0
729984,0
729985,0
729986,0
729987,21
729988,0
729989,0
729990,0
729991,0
729992,0
729993,0
729994,0
729995,19
729996,17
729997,0
729998,20
729999,0
730000,0
730001,0
730002,0
730003,0
730004,21
730005,0
730006,0
730007,0
730008,0
730009,0
730010,0
730011,0
730012,0
730013,0
730014,0
730015,18
730016,20
730017,0
730018,0
730019,0
730020,0
730021,0
730022,0
730023,0
730024,0
730025,0
730026,0
730027,0
730028,0
730029,0
730030,0
730031,20
730032,20
730033,21
730034,0
730035,0
730036,0
730037,0
730038,13
730039,0
730040,0
730041,0
730042,0
730043,26
730044,0
730045,0
730046,16
730047,0
730048,0
730049,0
730050,0
730051,0
730052,0
730053,0
730054,0
730055,0
730056,0
730057,0
730058,0
730059,0
730060,0
730061,0
730062,0
730063,0
730064,0
730065,22
730066,0
730067,0
730068,0
730069,0
730070,0
730071,27
730072,0
730073,0
730074,0
730075,0
730076,0
730077,0
730078,21
730079,0
730080,14
730081,23
730082,10
730083,0
730084,0
730085,0
730086,0
730087,12
730088,0
730089,0
730090,0
730091,21
730092,0
730093,0
730094,0
730095,18
730096,0
730097,0
730098,0
730099,18
730100,17
730101,0
730102,0
730103,0
730104,0
730105,0
730106,26
730107,0
730108,0
730109,23
730110,0
730111,0
730112,0
730113,24
730114,0
730115,0
730116,0
730117,0
730118,0
730119,0
730120,0
730121,24
730122,0
730123,0
730124,0
730125,0
730126,0
730127,0
730128,0
730129,0
730130,0
730131,0
730132,19
730133,0
730134,0
730135,0
730136,0
730137,0
730138,0
730139,0
730140,0
730141,0
730142,0
730143,0
730144,0
730145,0
730146,0
730147,0
730148,0
730149,22
730150,0
730151,0
730152,0
730153,0
730154,0
730155,0
730156,0
730157,0
730158,26
730159,14
730160,0
730161,0
730162,21
730163,0
730164,0
730165,0
730166,0
730167,0
730168,0
730169,0
730170,0
730171,0
730172,0
730173,0
730174,0
730175,22
730176,0
730177,0
730178,15
730179,0
730180,0
730181,20
730182,0
730183,0
730184,0
730185,0
730186,0
730187,14
730188,0
730189,0
730190,0
730191,0
730192,0
730193,0
730194,24
730195,0
730196,0
730197,0
730198,0
730199,0
730200,0
730201,0
730202,16
730203,0
730204,0
730205,17
730206,0
730207,0
730208,14
730209,0
730210,0
730211,0
730212,0
730213,0
730214,0
730215,9
730216,0
730217,0
730218,0
730219,0
730220,0
730221,25
730222,0
730223,0
730224,0
730225,0
730226,23
730227,0
730228,0
730229,0
730230,0
730231,0
730232,0
730233,0
730234,0
730235,0
730236,0
730237,0
730238,0
730239,0
730240,0
730241,0
730242,0
730243,20
730244,0
730245,0
730246,27
730247,0
730248,0
730249,0
730250,0
730251,0
730252,0
730253,24
730254,0
730255,0
730256,0
730257,0
730258,0
730259,0
730260,21
730261,0
730262,0
730263,0
730264,0
730265,19
730266,0
730267,0
730268,0
730269,0
730270,11
730271,0
730272,0
730273,0
730274,0
730275,0
730276,0
730277,0
730278,0
730279,0
730280,0
730281,27
730282,19
730283,0
730284,0
730285,0
730286,0
730287,0
730288,0
730289,0
730290,0
730291,0
730292,0
730293,0
730294,0
730295,0
730296,0
730297,13
730298,0
730299,0
730300,0
730301,0
730302,21
730303,0
730304,0
730305,0
730306,0
730307,0
730308,23
730309,0
730310,0
730311,0
730312,0
730313,0
730314,0
730315,0
730316,0
730317,29
730318,0
730319,0
730320,0
730321,11
730322,20
730323,0
730324,0
730325,0
730326,11
730327,0
730328,0
730329,10
730330,0
730331,0
730332,14
730333,0
730334,0
730335,0
730336,0
730337,18
730338,0
730339,0
730340,0
730341,21
730342,0
730343,0
730344,33
730345,0
730346,0
730347,0
730348,0
730349,0
730350,0
730351,0
730352,0
730353,14
730354,0
730355,0
730356,0
730357,0
730358,0
730359,0
730360,0
730361,0
730362,0
730363,1
730364,4
730365,0
730366,1
730367,0
730368,0
730369,0
730370,0
730371,1
730372,0
730373,0
730374,1
730375,0
730376,0
730377,0
730378,2
730379,0
730380,0
730381,2
730382,0
730383,0
730384,0
730385,0
730386,0
730387,0
730388,0
730389,0
730390,0
730391,0
730392,0
730393,0
730394,4
730395,0
730396,1
730397,0
730398,0
730399,0
730400,0
730401,0
730402,0
730403,0
730404,2
730405,0
730406,0
730407,0
730408,0
730409,0
730410,0
730411,0
730412,0
730413,0
730414,0
730415,0
730416,0
730417,0
730418,1
730419,0
730420,0
730421,2
730422,0
730423,0
730424,0
730425,0
730426,0
730427,0
730428,0
730429,0
730430,0
730431,0
730432,3
730433,0
730434,0
730435,0
730436,1
730437,0
730438,0
730439,0
730440,0
730441,3
730442,1
730443,0
730444,0
730445,0
730446,0
730447,2
730448,0
730449,1
730450,0
730451,0
730452,0
730453,0
730454,0
730455,0
730456,0
730457,0
730458,0
730459,0
730460,2
730461,0
730462,1
730463,0
730464,2
730465,0
730466,0
730467,0
730468,0
730469,0
730470,0
730471,0
730472,0
730473,0
730474,0
730475,0
730476,0
730477,2
730478,1
730479,0
730480,0
730481,0
730482,0
730483,0
730484,1
730485,0
730486,0
730487,3
730488,0
730489,2
730490,0
730491,0
730492,0
730493,0
730494,0
730495,0
730496,0
730497,0
730498,0
730499,0
730500,0
730501,0
730502,0
730503,0
730504,0
730505,0
730506,4
730507,0
730508,0
730509,1
730510,0
730511,0
730512,0
730513,0
730514,0
730515,2
730516,3
730517,0
730518,0
730519,0
730520,0
730521,0
730522,0
730523,0
730524,2
730525,0
730526,0
730527,0
730528,1
730529,0
730530,0
730531,0
730532,3
730533,1
730534,0
730535,0
730536,0
730537,0
730538,0
730539,0
730540,2
730541,0
730542,0
730543,1
730544,0
730545,0
730546,0
730547,0
730548,2
730549,0
730550,0
730551,0
730552,0
730553,0
730554,0
730555,0
730556,0
730557,0
730558,0
730559,3
730560,0
730561,0
730562,3
730563,0
730564,2
730565,0
730566,0
730567,0
730568,0
730569,0
730570,1
730571,0
730572,0
730573,0
730574,0
730575,0
730576,0
730577,0
730578,0
730579,0
730580,0
730581,0
730582,0
730583,0
730584,4
730585,0
730586,1
730587,0
730588,4
730589,0
730590,0
730591,5
730592,0
730593,0
730594,1
730595,0
730596,0
730597,0
730598,1
730599,0
730600,0
730601,0
730602,0
730603,2
730604,0
730605,0
730606,0
730607,0
730608,0
730609,0
730610,0
730611,4
730612,0
730613,0
730614,0
730615,0
730616,0
730617,0
730618,0
730619,0
730620,0
730621,1
730622,2
730623,2
730624,0
730625,0
730626,0
730627,2
730628,0
730629,0
730630,0
730631,1
730632,1
730633,0
730634,0
730635,0
730636,0
730637,0
730638,0
730639,1
730640,0
730641,0
730642,0
730643,0
730644,0
730645,0
730646,3
730647,0
730648,0
730649,0
730650,0
730651,0
730652,0
730653,0
730654,0
730655,0
730656,0
730657,0
730658,0
730659,0
730660,0
730661,0
730662,0
730663,0
730664,0
730665,0
730666,2
730667,2
730668,1
730669,0
730670,0
730671,0
730672,0
730673,1
730674,4
730675,0
730676,3
730677,0
730678,4
730679,2
730680,1
730681,0
730682,0
730683,0
730684,3
730685,0
730686,0
730687,0
730688,0
730689,0
730690,1
730691,0
730692,0
730693,1
730694,2
730695,0
730696,0
730697,3
730698,0
730699,0
730700,0
730701,0
730702,0
730703,0
730704,0
730705,0
730706,2
730707,0
730708,1
730709,0
730710,0
730711,0
730712,0
730713,0
730714,0
730715,0
730716,0
730717,1
730718,0
730719,0
730720,0
730721,0
730722,0
730723,0
730724,2
730725,0
730726,0
730727,0
730728,0
730729,0
730730,0
730731,1
730732,2
730733,0
730734,0
730735,0
730736,0
730737,0
730738,0
730739,0
730740,0
730741,0
730742,0
730743,6
730744,0
730745,0
730746,0
730747,0
730748,0
730749,0
730750,1
730751,0
730752,0
730753,0
730754,0
730755,0
730756,1
730757,0
730758,0
730759,0
730760,0
730761,0
730762,0
730763,1
730764,2
730765,0
730766,0
730767,0
730768,0
730769,5
730770,0
730771,5
730772,0
730773,2
730774,0
730775,0
730776,0
730777,0
730778,2
730779,0
730780,0
730781,0
730782,0
730783,0
730784,1
730785,0
730786,0
730787,0
730788,0
730789,0
730790,0
730791,0
730792,1
730793,0
730794,0
730795,0
730796,0
730797,0
730798,1
730799,0
730800,0
730801,0
730802,0
730803,0
730804,4
730805,1
730806,0
730807,0
730808,0
730809,0
730810,0
730811,0
730812,0
730813,0
730814,0
730815,0
730816,0
730817,0
730818,0
730819,0
730820,0
730821,0
730822,0
730823,0
730824,0
730825,0
730826,0
730827,0
730828,0
730829,0
730830,0
730831,0
730832,0
730833,0
730834,0
730835,0
730836,0
730837,0
730838,0
730839,0
730840,0
730841,0
730842,0
730843,0
730844,0
730845,0
730846,0
730847,0
730848,0
730849,0
730850,0
730851,1
730852,0
730853,0
730854,0
730855,0
730856,0
730857,0
730858,0
730859,0
730860,0
730861,0
730862,0
730863,0
730864,0
730865,0
730866,0
730867,0
730868,0
730869,0
730870,0
730871,0
730872,0
730873,0
730874,0
730875,0
730876,0
730877,0
730878,0
730879,0
730880,0
730881,0
730882,0
730883,0
730884,0
730885,0
730886,0
730887,0
730888,0
730889,0
730890,0
730891,0
730892,0
730893,0
730894,0
730895,0
730896,0
730897,0
730898,0
730899,0
730900,0
730901,0
730902,0
730903,0
730904,0
730905,0
730906,0
730907,0
730908,0
730909,0
730910,0
730911,0
730912,0
730913,0
730914,0
730915,0
730916,0
730917,0
730918,0
730919,0
730920,0
730921,0
730922,0
730923,0
730924,0
730925,0
730926,0
730927,0
730928,0
730929,0
730930,0
730931,0
730932,0
730933,0
730934,0
730935,0
730936,1
730937,0
730938,0
730939,0
730940,0
730941,0
730942,0
730943,0
730944,0
730945,0
730946,0
730947,0
730948,0
730949,0
730950,0
730951,0
730952,0
730953,0
730954,0
730955,0
730956,0
730957,0
730958,0
730959,0
730960,0
730961,0
730962,0
730963,0
730964,0
730965,0
730966,0
730967,0
730968,0
730969,0
730970,0
730971,0
730972,0
730973,0
730974,0
730975,0
730976,0
730977,0
730978,0
730979,0
730980,0
730981,0
730982,0
730983,0
730984,0
730985,0
730986,0
730987,0
730988,0
730989,0
730990,0
730991,0
730992,0
730993,0
730994,0
730995,0
730996,0
730997,0
730998,0
730999,0
731000,0
731001,0
731002,0
731003,0
731004,0
731005,0
731006,0
731007,0
731008,0
731009,0
731010,0
731011,0
731012,0
731013,0
731014,0
731015,0
731016,0
731017,0
731018,0
731019,0
731020,0
731021,0
731022,0
731023,0
731024,0
731025,0
731026,0
731027,0
731028,0
731029,0
731030,0
731031,0
731032,0
731033,0
731034,0
731035,0
731036,0
731037,0
731038,0
731039,0
731040,0
731041,0
731042,0
731043,0
731044,0
731045,0
731046,0
731047,0
731048,0
731049,0
731050,0
731051,0
731052,0
731053,0
731054,0
731055,0
731056,0
731057,0
731058,0
731059,0
731060,0
731061,0
731062,0
731063,0
731064,0
731065,0
731066,0
731067,0
731068,0
731069,0
731070,0
731071,0
731072,0
731073,0
731074,0
731075,0
731076,0
731077,0
731078,0
731079,0
731080,0
731081,0
731082,0
731083,0
731084,0
731085,0
731086,0
731087,0
731088,0
731089,0
731090,0
731091,0
731092,0
731093,0
731094,0
731095,0
731096,0
731097,0
731098,0
731099,0
731100,0
731101,0
731102,0
731103,0
731104,0
731105,0
731106,0
731107,0
731108,0
731109,0
731110,0
731111,0
731112,0
731113,0
731114,0
731115,0
731116,0
731117,0
731118,0
731119,0
731120,0
731121,0
731122,0
731123,0
731124,0
731125,0
731126,0
731127,0
731128,0
731129,0
731130,0
731131,0
731132,0
731133,0
731134,0
731135,0
731136,0
731137,0
731138,0
731139,0
731140,0
731141,0
731142,0
731143,0
731144,0
731145,0
731146,0
731147,0
731148,0
731149,0
731150,0
731151,0
731152,0
731153,0
731154,0
731155,0
731156,0
731157,0
731158,0
731159,0
731160,0
731161,0
731162,0
731163,0
731164,0
731165,0
731166,0
731167,0
731168,0
731169,0
731170,0
731171,0
731172,0
731173,0
731174,0
731175,0
731176,0
731177,0
731178,0
731179,0
731180,0
731181,0
731182,0
731183,0
731184,0
731185,0
731186,0
731187,0
731188,0
731189,0
731190,0
731191,0
731192,0
731193,0
731194,0
731195,0
731196,0
731197,0
731198,0
731199,0
731200,0
731201,0
731202,0
731203,0
731204,0
731205,0
731206,0
731207,0
731208,0
731209,0
731210,0
731211,0
731212,0
731213,0
731214,0
731215,0
731216,0
731217,0
731218,0
731219,0
731220,0
731221,0
731222,0
731223,0
731224,0
731225,0
731226,0
731227,1
731228,0
731229,0
731230,0
731231,0
731232,0
731233,0
731234,0
731235,0
731236,0
731237,0
731238,0
731239,0
731240,0
731241,0
731242,0
731243,0
731244,0
731245,21
731246,0
731247,25
731248,0
731249,0
731250,0
731251,0
731252,0
731253,0
731254,0
731255,0
731256,0
731257,0
731258,0
731259,0
731260,27
731261,0
731262,0
731263,0
731264,0
731265,0
731266,0
731267,0
731268,0
731269,0
731270,0
731271,0
731272,0
731273,0
731274,0
731275,0
731276,0
731277,0
731278,0
731279,0
731280,0
731281,0
731282,0
731283,0
731284,0
731285,0
731286,0
731287,0
731288,0
731289,0
731290,0
731291,0
731292,0
731293,0
731294,0
731295,13
731296,0
731297,0
731298,0
731299,0
731300,22
731301,9
731302,0
731303,9
731304,0
731305,0
731306,0
731307,22
731308,0
731309,0
731310,28
731311,0
731312,0
731313,20
731314,0
731315,0
731316,0
731317,0
731318,0
731319,8
731320,0
731321,23
731322,0
731323,0
731324,0
731325,0
731326,0
731327,0
731328,0
731329,0
731330,0
731331,0
731332,0
731333,0
731334,0
731335,0
731336,0
731337,0
731338,0
731339,35
731340,0
731341,0
731342,0
731343,0
731344,0
731345,0
731346,0
731347,0
731348,0
731349,33
731350,0
731351,0
731352,0
731353,0
731354,0
731355,0
731356,0
731357,0
731358,0
731359,0
731360,0
731361,0
731362,0
731363,0
731364,0
731365,18
731366,0
731367,0
731368,0
731369,0
731370,0
731371,39
731372,24
731373,0
731374,0
731375,0
731376,0
731377,0
731378,0
731379,27
731380,0
731381,0
731382,0
731383,12
731384,0
731385,37
731386,0
731387,0
731388,9
731389,0
731390,0
731391,0
731392,0
731393,0
731394,27
731395,0
731396,0
731397,0
731398,0
731399,0
731400,0
731401,0
731402,0
731403,0
731404,0
731405,0
731406,0
731407,26
731408,0
731409,0
731410,0
731411,0
731412,17
731413,0
731414,0
731415,0
731416,0
731417,0
731418,0
731419,0
731420,0
731421,0
731422,11
731423,0
731424,0
731425,0
731426,0
731427,0
731428,0
731429,24
731430,0
731431,0
731432,0
731433,0
731434,0
731435,0
731436,0
731437,0
731438,13
731439,0
731440,0
731441,0
731442,0
731443,0
731444,28
731445,0
731446,0
731447,0
731448,0
731449,0
731450,0
731451,0
731452,0
731453,0
731454,0
731455,0
731456,0
731457,0
731458,0
731459,0
731460,0
731461,0
731462,0
731463,0
731464,0
731465,0
731466,0
731467,0
731468,0
731469,0
731470,0
731471,0
731472,20
731473,31
731474,0
731475,0
731476,0
731477,0
731478,0
731479,0
731480,0
731481,0
731482,0
731483,0
731484,0
731485,0
731486,0
731487,18
731488,0
731489,0
731490,0
731491,0
731492,0
731493,0
731494,0
731495,0
731496,0
731497,0
731498,0
731499,0
731500,0
731501,0
731502,0
731503,0
731504,0
731505,0
731506,0
731507,21
731508,0
731509,0
731510,0
731511,0
731512,0
731513,0
731514,0
731515,0
731516,0
731517,0
731518,0
731519,0
731520,0
731521,0
731522,0
731523,0
731524,0
731525,0
731526,27
731527,0
731528,0
731529,0
731530,0
731531,0
731532,0
731533,0
731534,0
731535,18
731536,0
731537,0
731538,0
731539,0
731540,0
731541,35
731542,0
731543,0
731544,0
731545,0
731546,0
731547,26
731548,0
731549,13
731550,0
731551,0
731552,0
731553,0
731554,0
731555,0
731556,0
731557,0
731558,0
731559,0
731560,0
731561,13
731562,0
731563,0
731564,0
731565,0
731566,0
731567,0
731568,0
731569,0
731570,0
731571,0
731572,0
731573,0
731574,0
731575,0
731576,0
731577,0
731578,0
731579,0
731580,23
731581,0
731582,0
731583,0
731584,0
731585,0
731586,0
731587,0
731588,0
731589,30
731590,0
731591,0
731592,0
731593,0
731594,0
731595,0
731596,0
731597,0
731598,0
731599,29
731600,0
731601,0
731602,0
731603,0
731604,0
731605,28
731606,0
731607,0
731608,0
731609,0
731610,0
731611,0
731612,0
731613,0
731614,0
731615,0
731616,0
731617,20
731618,0
731619,0
731620,32
731621,0
731622,0
731623,0
731624,0
731625,0
731626,0
731627,34
731628,0
731629,0
731630,0
731631,0
731632,0
731633,0
731634,0
731635,0
731636,0
731637,0
731638,0
731639,0
731640,23
731641,0
731642,0
731643,0
731644,0
731645,0
731646,0
731647,0
731648,0
731649,0
731650,27
731651,0
731652,0
731653,0
731654,0
731655,0
731656,28
731657,0
731658,0
731659,0
731660,0
731661,0
731662,0
731663,0
731664,18
731665,14
731666,0
731667,0
731668,27
731669,0
731670,0
731671,0
731672,0
731673,0
731674,0
731675,0
731676,0
731677,0
731678,0
731679,0
731680,0
731681,0
731682,18
731683,0
731684,13
731685,0
731686,0
731687,9
731688,0
731689,0
731690,0
731691,0
731692,0
731693,0
731694,0
731695,21
731696,0
731697,0
731698,0
731699,0
731700,16
731701,0
731702,22
731703,0
731704,0
731705,0
731706,0
731707,0
731708,0
731709,0
731710,0
731711,0
731712,0
731713,0
731714,0
731715,0
731716,0
731717,0
731718,16
731719,0
731720,18
731721,0
731722,0
731723,0
731724,0
731725,0
731726,19
731727,0
731728,22
731729,29
731730,0
731731,0
731732,0
731733,17
731734,0
731735,14
731736,0
731737,0
731738,0
731739,0
731740,0
731741,0
731742,0
731743,0
731744,0
731745,0
731746,0
731747,0
731748,0
731749,0
731750,0
731751,0
731752,0
731753,0
731754,0
731755,0
731756,0
731757,0
731758,0
731759,0
731760,0
731761,0
731762,0
731763,22
731764,0
731765,0
731766,0
731767,0
731768,0
731769,0
731770,38
731771,0
731772,0
731773,0
731774,13
731775,0
731776,0
731777,0
731778,0
731779,0
731780,0
731781,0
731782,25
731783,0
731784,9
731785,0
731786,0
731787,0
731788,9
731789,0
731790,0
731791,0
731792,0
731793,0
731794,0
731795,0
731796,0
731797,0
731798,0
731799,0
731800,0
731801,0
731802,0
731803,0
731804,0
731805,0
731806,0
731807,0
731808,0
731809,0
731810,0
731811,0
731812,0
731813,29
731814,0
731815,0
731816,0
731817,0
731818,0
731819,0
731820,0
731821,0
731822,0
731823,0
731824,0
731825,0
731826,0
731827,8
731828,0
731829,0
731830,0
731831,0
731832,33
731833,0
731834,0
731835,0
731836,0
731837,0
731838,0
731839,0
731840,0
731841,0
731842,0
731843,0
731844,0
731845,21
731846,0
731847,0
731848,0
731849,14
731850,0
731851,0
731852,0
731853,0
731854,0
731855,0
731856,0
731857,0
731858,0
731859,0
731860,0
731861,17
731862,20
731863,0
731864,0
731865,0
731866,0
731867,0
731868,0
731869,0
731870,0
731871,0
731872,0
731873,0
731874,0
731875,0
731876,0
731877,11
731878,6
731879,0
731880,0
731881,19
731882,20
731883,0
731884,0
731885,0
731886,0
731887,18
731888,25
731889,0
731890,0
731891,0
731892,0
731893,0
731894,0
731895,0
731896,25
731897,0
731898,0
731899,0
731900,0
731901,0
731902,0
731903,0
731904,0
731905,0
731906,0
731907,0
731908,0
731909,0
731910,0
731911,20
731912,0
731913,0
731914,0
731915,12
731916,0
731917,0
731918,0
731919,0
731920,32
731921,0
731922,0
731923,0
731924,0
731925,0
731926,17
731927,0
731928,0
731929,0
731930,0
731931,0
731932,0
731933,0
731934,0
731935,0
731936,0
731937,0
731938,0
731939,0
731940,0
731941,0
731942,0
731943,0
731944,0
731945,0
731946,0
731947,0
731948,0
731949,0
731950,0
731951,23
731952,0
731953,0
731954,0
731955,50
731956,0
731957,0
731958,0
731959,0
731960,0
731961,0
731962,19
731963,0
731964,0
731965,0
731966,0
731967,28
731968,0
731969,0
731970,0
731971,0
731972,18
731973,0
731974,0
731975,0
731976,20
731977,0
731978,0
731979,0
731980,0
731981,0
731982,0
731983,0
731984,0
731985,0
731986,0
731987,0
731988,0
731989,0
731990,14
731991,0
731992,0
731993,38
731994,0
731995,0
731996,0
731997,0
731998,0
731999,0
732000,0
732001,0
732002,0
732003,0
732004,8
732005,0
732006,0
732007,0
732008,22
732009,0
732010,0
732011,0
732012,0
732013,0
732014,0
732015,0
732016,0
732017,0
732018,0
732019,0
732020,0
732021,0
732022,0
732023,12
732024,44
732025,0
732026,0
732027,14
732028,0
732029,0
732030,0
732031,0
732032,0
732033,0
732034,0
732035,0
732036,21
732037,0
732038,19
732039,0
732040,0
732041,0
732042,0
732043,0
732044,0
732045,0
732046,0
732047,0
732048,0
732049,0
732050,0
732051,18
732052,0
732053,0
732054,0
732055,0
732056,15
732057,0
732058,0
732059,0
732060,0
732061,0
732062,0
732063,0
732064,0
732065,0
732066,0
732067,0
732068,0
732069,0
732070,0
732071,0
732072,0
732073,21
732074,0
732075,0
732076,0
732077,0
732078,0
732079,0
732080,0
732081,0
732082,0
732083,0
732084,0
732085,0
732086,18
732087,0
732088,0
732089,17
732090,0
732091,0
732092,0
732093,0
732094,0
732095,0
732096,0
732097,0
732098,0
732099,0
732100,0
732101,0
732102,0
732103,0
732104,0
732105,0
732106,34
732107,0
732108,0
732109,0
732110,0
732111,0
732112,21
732113,0
732114,0
732115,0
732116,23
732117,0
732118,0
732119,0
732120,0
732121,0
732122,0
732123,0
732124,0
732125,0
732126,0
732127,0
732128,0
732129,0
732130,0
732131,0
732132,23
732133,0
732134,0
732135,0
732136,0
732137,0
732138,0
732139,0
732140,0
732141,0
732142,0
732143,0
732144,0
732145,0
732146,0
732147,0
732148,0
732149,0
732150,0
732151,0
732152,0
732153,0
732154,0
732155,0
732156,0
732157,0
732158,0
732159,0
732160,0
732161,0
732162,25
732163,0
732164,0
732165,0
732166,0
732167,0
732168,0
732169,0
732170,0
732171,0
732172,13
732173,0
732174,0
732175,0
732176,0
732177,0
732178,0
732179,0
732180,0
732181,0
732182,13
732183,0
732184,16
732185,0
732186,0
732187,0
732188,0
732189,0
732190,10
732191,0
732192,0
732193,0
732194,0
732195,0
732196,18
732197,0
732198,0
732199,0
732200,0
732201,0
732202,0
732203,23
732204,0
732205,0
732206,0
732207,0
732208,0
732209,25
732210,0
732211,0
732212,0
732213,0
732214,0
732215,12
732216,0
732217,0
732218,0
732219,0
732220,22
732221,0
732222,0
732223,0
732224,0
732225,0
732226,19
732227,0
732228,30
732229,16
732230,0
732231,0
732232,0
732233,0
732234,0
732235,0
732236,0
732237,0
732238,16
732239,0
732240,22
732241,0
732242,0
732243,3
732244,0
732245,0
732246,0
732247,0
732248,0
732249,10
732250,0
732251,0
732252,4
732253,0
732254,0
732255,0
732256,0
732257,0
732258,0
732259,0
732260,4
732261,0
732262,0
732263,10
732264,5
732265,0
732266,9
732267,0
732268,6
732269,0
732270,0
732271,3
732272,0
732273,0
732274,0
732275,0
732276,0
732277,0
732278,0
732279,0
732280,0
732281,0
732282,4
732283,0
732284,0
732285,5
732286,0
732287,7
732288,0
732289,0
732290,0
732291,0
732292,3
732293,0
732294,0
732295,0
732296,0
732297,0
732298,0
732299,4
732300,0
732301,0
732302,0
732303,0
732304,0
732305,4
732306,0
732307,0
732308,3
732309,0
732310,0
732311,0
732312,8
732313,0
732314,0
732315,4
732316,2
732317,6
732318,5
732319,4
732320,0
732321,0
732322,0
732323,0
732324,0
732325,0
732326,4
732327,6
732328,8
732329,0
732330,0
732331,3
732332,0
732333,10
732334,4
732335,0
732336,0
732337,0
732338,4
732339,0
732340,0
732341,0
732342,0
732343,9
732344,0
732345,0
732346,7
732347,0
732348,4
732349,0
732350,0
732351,5
732352,2
732353,0
732354,0
732355,0
732356,6
732357,0
732358,0
732359,3
732360,0
732361,7
732362,0
732363,0
732364,0
732365,0
732366,0
732367,0
732368,0
732369,0
732370,5
732371,0
732372,0
732373,0
732374,0
732375,0
732376,0
732377,7
732378,0
732379,9
732380,5
732381,0
732382,0
732383,0
732384,0
732385,6
732386,0
732387,0
732388,0
732389,0
732390,0
732391,0
732392,0
732393,0
732394,8
732395,0
732396,8
732397,0
732398,0
732399,9
732400,0
732401,4
732402,8
732403,2
732404,0
732405,0
732406,7
732407,0
732408,0
732409,6
732410,0
732411,0
732412,0
732413,0
732414,0
732415,0
732416,0
732417,0
732418,11
732419,0
732420,0
732421,3
732422,0
732423,0
732424,0
732425,0
732426,0
732427,2
732428,0
732429,0
732430,0
732431,0
732432,0
732433,6
732434,0
732435,0
732436,0
732437,0
732438,0
732439,0
732440,0
732441,7
732442,0
732443,0
732444,5
732445,0
732446,2
732447,10
732448,0
732449,0
732450,0
732451,4
732452,0
732453,0
732454,0
732455,7
732456,5
732457,0
732458,0
732459,0
732460,0
732461,0
732462,0
732463,0
732464,0
732465,0
732466,0
732467,4
732468,0
732469,0
732470,0
732471,6
732472,0
732473,0
732474,0
732475,7
732476,0
732477,0
732478,0
732479,0
732480,7
732481,0
732482,0
732483,0
732484,0
732485,5
732486,0
732487,0
732488,0
732489,0
732490,3
732491,6
732492,0
732493,5
732494,0
732495,0
732496,0
732497,0
732498,0
732499,0
732500,0
732501,0
732502,7
732503,0
732504,0
732505,0
732506,0
732507,0
732508,0
732509,0
732510,0
732511,0
732512,8
732513,4
732514,10
732515,1
732516,6
732517,0
732518,0
732519,0
732520,0
732521,0
732522,0
732523,0
732524,0
732525,0
732526,9
732527,0
732528,0
732529,0
732530,0
732531,1
732532,4
732533,0
732534,0
732535,0
732536,0
732537,6
732538,0
732539,0
732540,0
732541,0
732542,0
732543,0
732544,6
732545,0
732546,0
732547,0
732548,0
732549,0
732550,0
732551,0
732552,1
732553,4
732554,7
732555,0
732556,4
732557,0
732558,0
732559,0
732560,0
732561,9
732562,0
732563,0
732564,0
732565,0
732566,4
732567,0
732568,0
732569,9
732570,0
732571,0
732572,0
732573,0
732574,0
732575,0
732576,0
732577,0
732578,0
732579,0
732580,0
732581,0
732582,10
732583,0
732584,0
732585,0
732586,0
732587,0
732588,0
732589,0
732590,0
732591,0
732592,0
732593,0
732594,0
732595,4
732596,0
732597,6
732598,0
732599,0
732600,0
732601,0
732602,0
732603,0
732604,0
732605,6
732606,0
732607,0
732608,0
732609,0
732610,0
732611,6
732612,8
732613,0
732614,1
732615,0
732616,7
732617,0
732618,0
732619,0
732620,0
732621,0
732622,4
732623,0
732624,0
732625,0
732626,0
732627,8
732628,7
732629,0
732630,0
732631,0
732632,9
732633,0
732634,3
732635,0
732636,0
732637,0
732638,0
732639,0
732640,4
732641,4
732642,2
732643,0
732644,0
732645,0
732646,0
732647,0
732648,0
732649,9
732650,0
732651,0
732652,12
732653,0
732654,0
732655,0
732656,0
732657,0
732658,2
732659,4
732660,0
732661,0
732662,0
732663,0
732664,10
732665,0
732666,0
732667,0
732668,0
732669,5
732670,9
732671,0
732672,0
732673,0
732674,0
732675,0
732676,0
732677,0
732678,0
732679,0
732680,5
732681,0
732682,6
732683,0
732684,0
732685,0
732686,0
732687,0
732688,0
732689,0
732690,0
732691,0
732692,0
732693,0
732694,0
732695,0
732696,0
732697,0
732698,0
732699,0
732700,0
732701,4
732702,2
732703,0
732704,0
732705,0
732706,0
732707,8
732708,7
732709,0
732710,7
732711,0
732712,0
732713,1
732714,6
732715,6
732716,0
732717,2
732718,5
732719,6
732720,0
732721,0
732722,7
732723,0
732724,0
732725,0
732726,0
732727,0
732728,0
732729,0
732730,0
732731,5
732732,0
732733,0
732734,0
732735,0
732736,0
732737,0
732738,0
732739,0
732740,0
732741,0
732742,10
732743,0
732744,0
732745,0
732746,0
732747,0
732748,0
732749,0
732750,4
732751,6
732752,0
732753,3
732754,5
732755,0
732756,0
732757,0
732758,0
732759,0
732760,0
732761,8
732762,0
732763,0
732764,0
732765,0
732766,0
732767,0
732768,0
732769,8
732770,0
732771,0
732772,0
732773,0
732774,0
732775,0
732776,0
732777,2
732778,0
732779,0
732780,7
732781,0
732782,7
732783,8
732784,0
732785,10
732786,0
732787,0
732788,2
732789,0
732790,0
732791,0
732792,0
732793,0
732794,0
732795,8
732796,0
732797,8
732798,0
732799,6
732800,0
732801,0
732802,0
732803,0
732804,7
732805,5
732806,0
732807,0
732808,0
732809,0
732810,4
732811,0
732812,0
732813,0
732814,0
732815,0
732816,0
732817,0
732818,4
732819,5
732820,11
732821,0
732822,0
732823,0
732824,0
732825,6
732826,0
732827,0
732828,0
732829,0
732830,0
732831,0
732832,0
732833,7
732834,0
732835,0
732836,0
732837,0
732838,0
732839,0
732840,0
732841,0
732842,0
732843,0
732844,0
732845,9
732846,0
732847,0
732848,0
732849,0
732850,0
732851,6
732852,0
732853,0
732854,0
732855,0
732856,0
732857,0
732858,0
732859,0
732860,4
732861,0
732862,0
732863,4
732864,0
732865,0
732866,6
732867,6
732868,0
732869,8
732870,4
732871,4
732872,0
732873,0
732874,0
732875,0
732876,0
732877,0
732878,0
732879,9
732880,0
732881,0
732882,8
732883,0
732884,0
732885,0
732886,0
732887,0
732888,0
732889,5
732890,7
732891,0
732892,0
732893,4
732894,0
732895,0
732896,0
732897,5
732898,0
732899,8
732900,0
732901,0
732902,0
732903,0
732904,0
732905,0
732906,0
732907,0
732908,0
732909,2
732910,0
732911,0
732912,0
732913,0
732914,0
732915,0
732916,0
732917,0
732918,2
732919,0
732920,3
732921,0
732922,9
732923,2
732924,6
732925,3
732926,0
732927,0
732928,0
732929,0
732930,0
732931,0
732932,0
732933,0
732934,0
732935,7
732936,0
732937,0
732938,3
732939,0
732940,6
732941,0
732942,5
732943,0
732944,0
732945,0
732946,0
732947,3
732948,0
732949,0
732950,0
732951,5
732952,0
732953,0
732954,0
732955,1
732956,7
732957,0
732958,0
732959,2
732960,0
732961,7
732962,0
732963,0
732964,0
732965,0
732966,7
732967,0
732968,5
732969,0
732970,0
732971,3
732972,0
732973,0
732974,0
732975,0
732976,0
732977,0
732978,0
732979,0
732980,8
732981,0
732982,0
732983,0
732984,0
732985,7
732986,0
732987,4
732988,4
732989,0
732990,0
732991,0
732992,6
732993,0
732994,4
732995,0
732996,0
732997,0
732998,11
732999,0
733000,0
733001,0
733002,0
733003,0
733004,8
733005,0
733006,0
733007,0
733008,0
733009,0
733010,0
733011,0
733012,0
733013,0
733014,0
733015,0
733016,0
733017,0
733018,0
733019,0
733020,0
733021,0
733022,0
733023,0
733024,0
733025,0
733026,0
733027,0
733028,0
733029,0
733030,11
733031,0
733032,0
733033,0
733034,0
733035,11
733036,0
733037,0
733038,0
733039,0
733040,0
733041,0
733042,0
733043,0
733044,0
733045,0
733046,0
733047,0
733048,0
733049,0
733050,7
733051,0
733052,0
733053,0
733054,0
733055,0
733056,0
733057,0
733058,14
733059,0
733060,0
733061,0
733062,0
733063,0
733064,0
733065,0
733066,0
733067,0
733068,0
733069,0
733070,0
733071,0
733072,0
733073,0
733074,0
733075,0
733076,0
733077,0
733078,0
733079,0
733080,0
733081,0
733082,0
733083,0
733084,0
733085,0
733086,0
733087,0
733088,12
733089,0
733090,0
733091,0
733092,11
733093,0
733094,0
733095,13
733096,0
733097,0
733098,0
733099,7
733100,0
733101,0
733102,0
733103,20
733104,0
733105,0
733106,0
733107,0
733108,0
733109,0
733110,0
733111,14
733112,0
733113,0
733114,0
733115,0
733116,0
733117,0
733118,7
733119,6
733120,0
733121,0
733122,0
733123,0
733124,12
733125,0
733126,0
733127,9
733128,13
733129,0
733130,0
733131,0
733132,0
733133,0
733134,0
733135,0
733136,10
733137,0
733138,0
733139,0
733140,0
733141,0
733142,0
733143,0
733144,0
733145,0
733146,8
733147,0
733148,0
733149,0
733150,0
733151,0
733152,15
733153,0
733154,0
733155,0
733156,0
733157,0
733158,0
733159,0
733160,0
733161,0
733162,0
733163,0
733164,0
733165,0
733166,6
733167,0
733168,0
733169,0
733170,0
733171,0
733172,0
733173,0
733174,0
733175,0
733176,0
733177,0
733178,0
733179,0
733180,0
733181,0
733182,0
733183,0
733184,0
733185,13
733186,0
733187,3
733188,0
733189,0
733190,0
733191,0
733192,0
733193,9
733194,0
733195,0
733196,0
733197,7
733198,0
733199,0
733200,0
733201,0
733202,0
733203,0
733204,0
733205,0
733206,0
733207,8
733208,0
733209,0
733210,0
733211,0
733212,0
733213,0
733214,0
733215,0
733216,0
733217,0
733218,0
733219,0
733220,0
733221,6
733222,0
733223,0
733224,0
733225,0
733226,6
733227,0
733228,0
733229,0
733230,0
733231,0
733232,0
733233,0
733234,0
733235,0
733236,0
733237,0
733238,0
733239,17
733240,0
733241,0
733242,0
733243,0
733244,0
733245,0
733246,0
733247,0
733248,0
733249,0
733250,0
733251,0
733252,0
733253,0
733254,0
733255,0
733256,0
733257,0
733258,0
733259,0
733260,0
733261,0
733262,0
733263,0
733264,0
733265,0
733266,0
733267,0
733268,0
733269,0
733270,0
733271,0
733272,10
733273,0
733274,0
733275,0
733276,0
733277,0
733278,0
733279,0
733280,0
733281,0
733282,0
733283,0
733284,10
733285,0
733286,0
733287,0
733288,0
733289,0
733290,0
733291,8
733292,7
733293,0
733294,0
733295,0
733296,0
733297,0
733298,0
733299,0
733300,0
733301,0
733302,0
733303,0
733304,0
733305,0
733306,0
733307,0
733308,0
733309,0
733310,0
733311,0
733312,0
733313,0
733314,0
733315,0
733316,0
733317,10
733318,0
733319,0
733320,0
733321,13
733322,0
733323,0
733324,0
733325,0
733326,0
733327,0
733328,0
733329,0
733330,0
733331,0
733332,0
733333,0
733334,0
733335,0
733336,0
733337,0
733338,0
733339,0
733340,0
733341,0
733342,0
733343,0
733344,0
733345,0
733346,0
733347,0
733348,0
733349,0
733350,13
733351,0
733352,0
733353,0
733354,0
733355,0
733356,12
733357,0
733358,0
733359,7
733360,11
733361,0
733362,0
733363,0
733364,22
733365,0
733366,0
733367,0
733368,9
733369,0
733370,0
733371,0
733372,0
733373,5
733374,8
733375,0
733376,0
733377,0
733378,0
733379,0
733380,0
733381,0
733382,0
733383,0
733384,0
733385,6
733386,0
733387,0
733388,0
733389,0
733390,19
733391,0
733392,0
733393,0
733394,0
733395,0
733396,0
733397,0
733398,0
733399,0
733400,0
733401,0
733402,0
733403,0
733404,8
733405,0
733406,4
733407,0
733408,0
733409,0
733410,0
733411,0
733412,0
733413,0
733414,0
733415,0
733416,7
733417,0
733418,0
733419,0
733420,0
733421,0
733422,0
733423,0
733424,0
733425,0
733426,11
733427,0
733428,0
733429,15
733430,0
733431,0
733432,0
733433,0
733434,0
733435,0
733436,0
733437,0
733438,0
733439,0
733440,0
733441,0
733442,0
733443,0
733444,0
733445,0
733446,0
733447,0
733448,0
733449,0
733450,0
733451,0
733452,0
733453,0
733454,0
733455,0
733456,0
733457,0
733458,0
733459,0
733460,0
733461,0
733462,0
733463,0
733464,0
733465,0
733466,0
733467,0
733468,0
733469,0
733470,0
733471,0
733472,0
733473,0
733474,0
733475,0
733476,0
733477,0
733478,25
733479,0
733480,0
733481,0
733482,0
733483,18
733484,0
733485,0
733486,0
733487,0
733488,0
733489,0
733490,0
733491,0
733492,0
733493,0
733494,0
733495,0
733496,9
733497,0
733498,0
733499,0
733500,0
733501,0
733502,0
733503,0
733504,17
733505,0
733506,0
733507,0
733508,0
733509,0
733510,0
733511,0
733512,0
733513,0
733514,0
733515,0
733516,0
733517,0
733518,0
733519,0
733520,0
733521,0
733522,0
733523,0
733524,0
733525,0
733526,0
733527,0
733528,0
733529,0
733530,0
733531,0
733532,0
733533,0
733534,0
733535,0
733536,0
733537,0
733538,0
733539,0
733540,0
733541,0
733542,0
733543,0
733544,0
733545,0
733546,0
733547,0
733548,0
733549,0
733550,0
733551,0
733552,0
733553,0
733554,0
733555,0
733556,0
733557,0
733558,0
733559,0
733560,39
733561,0
733562,0
733563,0
733564,0
733565,0
733566,20
733567,17
733568,0
733569,0
733570,0
733571,0
733572,0
733573,0
733574,0
733575,24
733576,0
733577,0
733578,8
733579,0
733580,0
733581,0
733582,0
733583,0
733584,0
733585,0
733586,0
733587,18
733588,0
733589,0
733590,0
733591,0
733592,0
733593,0
733594,0
733595,0
733596,0
733597,0
733598,0
733599,0
733600,0
733601,0
733602,0
733603,0
733604,0
733605,0
733606,23
733607,0
733608,0
733609,0
733610,0
733611,0
733612,0
733613,0
733614,0
733615,0
733616,0
733617,0
733618,0
733619,0
733620,0
733621,0
733622,0
733623,0
733624,0
733625,0
733626,0
733627,13
733628,0
733629,0
733630,0
733631,0
733632,0
733633,0
733634,0
733635,0
733636,12
733637,33
733638,0
733639,21
733640,0
733641,0
733642,0
733643,0
733644,25
733645,0
733646,0
733647,0
733648,0
733649,0
733650,0
733651,0
733652,0
733653,0
733654,0
733655,0
733656,24
733657,0
733658,0
733659,0
733660,0
733661,0
733662,0
733663,0
733664,0
733665,0
733666,0
733667,63
733668,0
733669,5
733670,0
733671,0
733672,0
733673,0
733674,0
733675,0
733676,0
733677,0
733678,0
733679,0
733680,0
733681,0
733682,0
733683,0
733684,0
733685,0
733686,0
733687,0
733688,0
733689,0
733690,0
733691,0
733692,0
733693,0
733694,0
733695,0
733696,0
733697,0
733698,0
733699,0
733700,0
733701,0
733702,0
733703,0
733704,0
733705,0
733706,0
733707,0
733708,0
733709,0
733710,0
733711,0
733712,0
733713,0
733714,0
733715,0
733716,0
733717,0
733718,0
733719,0
733720,0
733721,0
733722,0
733723,0
733724,20
733725,0
733726,0
733727,0
733728,0
733729,0
733730,0
733731,0
733732,0
733733,0
733734,0
733735,0
733736,0
733737,0
733738,0
733739,0
733740,22
733741,0
733742,0
733743,0
733744,0
733745,0
733746,0
733747,0
733748,0
733749,0
733750,0
733751,0
733752,0
733753,0
733754,0
733755,0
733756,0
733757,0
733758,0
733759,0
733760,0
733761,0
733762,0
733763,0
733764,0
733765,0
733766,0
733767,0
733768,0
733769,0
733770,0
733771,0
733772,0
733773,0
733774,0
733775,0
733776,0
733777,0
733778,0
733779,0
733780,0
733781,0
733782,0
733783,0
733784,0
733785,0
733786,0
733787,0
733788,0
733789,0
733790,0
733791,0
733792,0
733793,34
733794,0
733795,0
733796,26
733797,0
733798,0
733799,0
733800,0
733801,14
733802,0
733803,0
733804,0
733805,28
733806,0
733807,0
733808,0
733809,0
733810,0
733811,0
733812,0
733813,0
733814,0
733815,0
733816,0
733817,0
733818,0
733819,0
733820,0
733821,0
733822,0
733823,0
733824,0
733825,0
733826,0
733827,0
733828,0
733829,0
733830,0
733831,0
733832,0
733833,0
733834,0
733835,19
733836,0
733837,0
733838,0
733839,0
733840,0
733841,0
733842,0
733843,0
733844,0
733845,0
733846,0
733847,0
733848,0
733849,0
733850,0
733851,0
733852,0
733853,0
733854,0
733855,0
733856,0
733857,0
733858,0
733859,17
733860,0
733861,0
733862,0
733863,0
733864,0
733865,0
733866,0
733867,0
733868,0
733869,0
733870,0
733871,0
733872,0
733873,0
733874,0
733875,0
733876,0
733877,0
733878,0
733879,0
733880,0
733881,0
733882,0
733883,0
733884,0
733885,0
733886,0
733887,0
733888,0
733889,0
733890,0
733891,0
733892,0
733893,0
733894,0
733895,0
733896,0
733897,0
733898,0
733899,0
733900,0
733901,0
733902,18
733903,0
733904,0
733905,0
733906,0
733907,0
733908,0
733909,0
733910,12
733911,0
733912,0
733913,0
733914,18
733915,22
733916,0
733917,0
733918,0
733919,25
733920,0
733921,0
733922,13
733923,0
733924,0
733925,0
733926,0
733927,0
733928,0
733929,0
733930,0
733931,0
733932,0
733933,0
733934,0
733935,0
733936,0
733937,0
733938,24
733939,0
733940,0
733941,0
733942,0
733943,0
733944,0
733945,0
733946,0
733947,0
733948,0
733949,0
733950,0
733951,0
733952,0
733953,0
733954,0
733955,0
733956,0
733957,0
733958,0
733959,0
733960,0
733961,0
733962,0
733963,0
733964,20
733965,0
733966,0
733967,0
733968,0
733969,0
733970,17
733971,0
733972,0
733973,0
733974,0
733975,0
733976,8
733977,0
733978,0
733979,0
733980,0
733981,0
733982,0
733983,0
733984,26
733985,7
733986,0
733987,0
733988,0
733989,0
733990,0
733991,0
733992,0
733993,0
733994,0
733995,0
733996,0
733997,0
733998,8
733999,0
734000,0
734001,0
734002,0
734003,0
734004,0
734005,21
734006,0
734007,0
734008,0
734009,0
734010,0
734011,0
734012,18
734013,0
734014,0
734015,0
734016,0
734017,0
734018,0
734019,0
734020,0
734021,0
734022,0
734023,9
734024,0
734025,0
734026,0
734027,0
734028,0
734029,0
734030,0
734031,0
734032,0
734033,18
734034,40
734035,0
734036,0
734037,0
734038,0
734039,0
734040,0
734041,0
734042,0
734043,0
734044,0
734045,0
734046,0
734047,0
734048,0
734049,0
734050,0
734051,0
734052,0
734053,0
734054,0
734055,0
734056,0
734057,0
734058,0
734059,0
734060,0
734061,0
734062,0
734063,0
734064,0
734065,0
734066,0
734067,10
734068,0
734069,0
734070,13
734071,0
734072,19
734073,26
734074,0
734075,9
734076,0
734077,0
734078,45
734079,0
734080,17
734081,0
734082,0
734083,23
734084,0
734085,0
734086,0
734087,0
734088,0
734089,0
734090,0
734091,0
734092,0
734093,0
734094,0
734095,16
734096,0
734097,0
734098,0
734099,0
734100,0
734101,0
734102,0
734103,0
734104,0
734105,0
734106,0
734107,0
734108,0
734109,9
734110,0
734111,0
734112,0
734113,0
734114,34
734115,0
734116,0
734117,0
734118,0
734119,40
734120,0
734121,0
734122,0
734123,45
734124,42
734125,0
734126,29
734127,0
734128,31
734129,0
734130,0
734131,0
734132,0
734133,0
734134,20
734135,0
734136,0
734137,0
734138,45
734139,27
734140,20
734141,27
734142,0
734143,0
734144,0
734145,0
734146,27
734147,0
734148,0
734149,0
734150,0
734151,0
734152,51
734153,64
734154,29
734155,0
734156,0
734157,0
734158,0
734159,0
734160,0
734161,0
734162,0
734163,0
734164,0
734165,20
734166,0
734167,63
734168,0
734169,0
734170,0
734171,0
734172,0
734173,0
734174,0
734175,48
734176,42
734177,33
734178,0
734179,0
734180,0
734181,0
734182,0
734183,39
734184,0
734185,0
734186,0
734187,35
734188,0
734189,0
734190,0
734191,0
734192,0
734193,0
734194,28
734195,0
734196,0
734197,42
734198,43
734199,25
734200,0
734201,0
734202,0
734203,0
734204,0
734205,0
734206,0
734207,33
734208,0
734209,34
734210,0
734211,0
734212,0
734213,0
734214,0
734215,0
734216,0
734217,41
734218,0
734219,36
734220,0
734221,0
734222,0
734223,37
734224,0
734225,39
734226,0
734227,44
734228,0
734229,0
734230,0
734231,0
734232,0
734233,0
734234,0
734235,0
734236,35
734237,35
734238,37
734239,0
734240,0
734241,46
734242,0
734243,38
734244,27
734245,0
734246,0
734247,18
734248,0
734249,0
734250,27
734251,0
734252,26
734253,0
734254,0
734255,35
734256,0
734257,0
734258,0
734259,0
734260,0
734261,0
734262,0
734263,0
734264,0
734265,0
734266,0
734267,0
734268,0
734269,0
734270,0
734271,0
734272,0
734273,0
734274,0
734275,22
734276,0
734277,0
734278,0
734279,0
734280,0
734281,0
734282,0
734283,0
734284,0
734285,0
734286,0
734287,0
734288,0
734289,44
734290,0
734291,23
734292,0
734293,44
734294,34
734295,42
734296,38
734297,0
734298,39
734299,0
734300,0
734301,31
734302,0
734303,62
734304,0
734305,0
734306,24
734307,0
734308,0
734309,0
734310,0
734311,0
734312,19
734313,0
734314,0
734315,0
734316,0
734317,0
734318,0
734319,0
734320,0
734321,0
734322,35
734323,0
734324,39
734325,0
734326,18
734327,0
734328,0
734329,0
734330,0
734331,0
734332,0
734333,0
734334,47
734335,0
734336,22
734337,0
734338,39
734339,35
734340,0
734341,25
734342,0
734343,0
734344,0
734345,0
734346,0
734347,0
734348,0
734349,0
734350,0
734351,0
734352,0
734353,0
734354,0
734355,25
734356,51
734357,0
734358,21
734359,49
734360,0
734361,35
734362,0
734363,0
734364,0
734365,0
734366,0
734367,0
734368,23
734369,0
734370,0
734371,0
734372,0
734373,0
734374,0
734375,29
734376,0
734377,0
734378,47
734379,0
734380,0
734381,0
734382,0
734383,0
734384,5
734385,0
734386,0
734387,0
734388,0
734389,0
734390,0
734391,2
734392,0
734393,3
734394,0
734395,0
734396,0
734397,0
734398,0
734399,0
734400,0
734401,0
734402,0
734403,0
734404,0
734405,0
734406,0
734407,0
734408,0
734409,0
734410,0
734411,0
734412,0
734413,0
734414,4
734415,0
734416,0
734417,0
734418,0
734419,5
734420,0
734421,0
734422,0
734423,0
734424,0
734425,0
734426,0
734427,0
734428,0
734429,2
734430,0
734431,0
734432,0
734433,0
734434,0
734435,0
734436,0
734437,0
734438,0
734439,0
734440,0
734441,0
734442,0
734443,0
734444,0
734445,0
734446,0
734447,0
734448,0
734449,0
734450,0
734451,2
734452,0
734453,0
734454,0
734455,0
734456,4
734457,0
734458,0
734459,0
734460,0
734461,0
734462,0
734463,0
734464,0
734465,0
734466,0
734467,0
734468,0
734469,0
734470,0
734471,0
734472,0
734473,0
734474,0
734475,2
734476,0
734477,3
734478,0
734479,0
734480,0
734481,0
734482,0
734483,0
734484,0
734485,0
734486,2
734487,0
734488,0
734489,0
734490,0
734491,4
734492,0
734493,0
734494,0
734495,3
734496,0
734497,0
734498,0
734499,0
734500,0
734501,0
734502,0
734503,0
734504,0
734505,0
734506,0
734507,0
734508,0
734509,0
734510,0
734511,0
734512,0
734513,0
734514,0
734515,0
734516,0
734517,0
734518,0
734519,0
734520,0
734521,0
734522,0
734523,1
734524,0
734525,3
734526,0
734527,0
734528,0
734529,0
734530,0
734531,2
734532,0
734533,0
734534,0
734535,0
734536,0
734537,0
734538,0
734539,0
734540,0
734541,0
734542,0
734543,1
734544,0
734545,3
734546,0
734547,0
734548,0
734549,0
734550,0
734551,0
734552,0
734553,0
734554,0
734555,0
734556,0
734557,0
734558,2
734559,0
734560,1
734561,0
734562,0
734563,0
734564,0
734565,0
734566,0
734567,0
734568,0
734569,2
734570,0
734571,2
734572,0
734573,0
734574,0
734575,0
734576,0
734577,0
734578,7
734579,0
734580,0
734581,0
734582,0
734583,0
734584,0
734585,0
734586,1
734587,0
734588,0
734589,1
734590,0
734591,0
734592,0
734593,0
734594,0
734595,0
734596,0
734597,0
734598,0
734599,0
734600,0
734601,0
734602,0
734603,0
734604,0
734605,6
734606,0
734607,0
734608,0
734609,0
734610,0
734611,0
734612,0
734613,0
734614,0
734615,0
734616,0
734617,0
734618,0
734619,0
734620,0
734621,3
734622,0
734623,2
734624,0
734625,0
734626,0
734627,0
734628,0
734629,0
734630,0
734631,0
734632,0
734633,0
734634,0
734635,0
734636,0
734637,0
734638,0
734639,0
734640,0
734641,0
734642,0
734643,0
734644,0
734645,2
734646,0
734647,0
734648,0
734649,0
734650,0
734651,0
734652,0
734653,0
734654,0
734655,0
734656,0
734657,0
734658,0
734659,0
734660,0
734661,0
734662,0
734663,0
734664,0
734665,0
734666,3
734667,0
734668,0
734669,0
734670,0
734671,0
734672,0
734673,0
734674,0
734675,0
734676,0
734677,0
734678,0
734679,0
734680,0
734681,0
734682,0
734683,1
734684,0
734685,0
734686,0
734687,0
734688,0
734689,3
734690,1
734691,0
734692,0
734693,0
734694,0
734695,1
734696,0
734697,0
734698,1
734699,0
734700,0
734701,0
734702,0
734703,0
734704,0
734705,0
734706,0
734707,0
734708,0
734709,0
734710,0
734711,0
734712,0
734713,0
734714,0
734715,0
734716,0
734717,0
734718,0
734719,2
734720,0
734721,0
734722,0
734723,1
734724,0
734725,0
734726,0
734727,0
734728,0
734729,1
734730,3
734731,0
734732,0
734733,0
734734,0
734735,0
734736,0
734737,6
734738,0
734739,0
734740,4
734741,0
734742,0
734743,3
734744,0
734745,0
734746,2
734747,0
734748,0
734749,0
734750,0
734751,0
734752,0
734753,0
734754,5
734755,0
734756,0
734757,0
734758,0
734759,0
734760,0
734761,0
734762,0
734763,0
734764,0
734765,0
734766,0
734767,0
734768,4
734769,0
734770,0
734771,0
734772,5
734773,0
734774,0
734775,0
734776,0
734777,0
734778,0
734779,0
734780,0
734781,0
734782,0
734783,0
734784,0
734785,0
734786,0
734787,0
734788,0
734789,0
734790,0
734791,0
734792,0
734793,0
734794,2
734795,0
734796,0
734797,0
734798,0
734799,0
734800,0
734801,0
734802,0
734803,2
734804,0
734805,0
734806,0
734807,0
734808,0
734809,0
734810,0
734811,0
734812,0
734813,2
734814,0
734815,0
734816,0
734817,0
734818,0
734819,0
734820,0
734821,7
734822,6
734823,0
734824,0
734825,0
734826,0
734827,0
734828,1
734829,0
734830,0
734831,0
734832,0
734833,0
734834,0
734835,0
734836,0
734837,0
734838,0
734839,0
734840,0
734841,0
734842,0
734843,0
734844,0
734845,1
734846,0
734847,0
734848,0
734849,0
734850,0
734851,0
734852,0
734853,0
734854,0
734855,0
734856,0
734857,0
734858,0
734859,0
734860,0
734861,0
734862,0
734863,0
734864,0
734865,0
734866,0
734867,0
734868,0
734869,0
734870,0
734871,0
734872,0
734873,0
734874,4
734875,0
734876,0
734877,0
734878,0
734879,0
734880,0
734881,0
734882,0
734883,0
734884,0
734885,0
734886,1
734887,0
734888,0
734889,0
734890,0
734891,0
734892,0
734893,2
734894,0
734895,0
734896,0
734897,0
734898,2
734899,0
734900,4
734901,0
734902,1
734903,1
734904,0
734905,0
734906,3
734907,0
734908,0
734909,0
734910,0
734911,0
734912,0
734913,0
734914,0
734915,0
734916,0
734917,0
734918,0
734919,3
734920,2
734921,0
734922,0
734923,0
734924,0
734925,0
734926,0
734927,0
734928,0
734929,0
734930,0
734931,0
734932,0
734933,0
734934,0
734935,0
734936,0
734937,0
734938,0
734939,2
734940,0
734941,1
734942,0
734943,0
734944,0
734945,0
734946,0
734947,0
734948,1
734949,0
734950,0
734951,4
734952,0
734953,0
734954,4
734955,0
734956,0
734957,0
734958,0
734959,0
734960,2
734961,0
734962,0
734963,0
734964,0
734965,0
734966,0
734967,0
734968,0
734969,0
734970,0
734971,0
734972,0
734973,0
734974,0
734975,0
734976,0
734977,0
734978,0
734979,0
734980,0
734981,0
734982,0
734983,1
734984,0
734985,3
734986,0
734987,0
734988,0
734989,0
734990,0
734991,0
734992,6
734993,0
734994,0
734995,0
734996,0
734997,0
734998,0
734999,0
735000,0
735001,0
735002,0
735003,0
735004,0
735005,0
735006,0
735007,0
735008,0
735009,0
735010,0
735011,1
735012,0
735013,0
735014,0
735015,0
735016,0
735017,0
735018,1
735019,0
735020,0
735021,0
735022,0
735023,0
735024,0
735025,0
735026,2
735027,0
735028,0
735029,0
735030,0
735031,0
735032,4
735033,1
735034,0
735035,0
735036,0
735037,0
735038,0
735039,0
735040,0
735041,0
735042,0
735043,0
735044,0
735045,0
735046,0
735047,2
735048,0
735049,0
735050,0
735051,0
735052,0
735053,0
735054,0
735055,0
735056,0
735057,0
735058,0
735059,0
735060,2
735061,0
735062,0
735063,0
735064,0
735065,0
735066,0
735067,0
735068,0
735069,0
735070,0
735071,0
735072,0
735073,0
735074,0
735075,1
735076,0
735077,2
735078,0
735079,0
735080,0
735081,0
735082,0
735083,0
735084,0
735085,3
735086,0
735087,0
735088,0
735089,0
735090,0
735091,0
735092,0
735093,0
735094,0
735095,0
735096,0
735097,0
735098,2
735099,0
735100,0
735101,0
735102,0
735103,1
735104,0
735105,0
735106,0
735107,0
735108,0
735109,0
735110,0
735111,0
735112,0
735113,3
735114,0
735115,0
735116,2
735117,0
735118,0
735119,0
735120,0
735121,0
735122,2
735123,0
735124,0
735125,0
735126,0
735127,0
735128,0
735129,0
735130,0
735131,2
735132,0
735133,0
735134,3
735135,0
735136,0
735137,3
735138,0
735139,0
735140,0
735141,0
735142,0
735143,0
735144,0
735145,0
735146,0
735147,0
735148,0
735149,0
735150,0
735151,0
735152,0
735153,4
735154,0
735155,3
735156,0
735157,0
735158,0
735159,1
735160,0
735161,5
735162,0
735163,0
735164,0
735165,2
735166,0
735167,1
735168,0
735169,0
735170,0
735171,3
735172,3
735173,0
735174,0
735175,0
735176,0
735177,0
735178,0
735179,0
735180,0
735181,0
735182,0
735183,0
735184,0
735185,0
735186,0
735187,0
735188,0
735189,3
735190,0
735191,0
735192,0
735193,0
735194,3
735195,0
735196,0
735197,0
735198,2
735199,0
735200,0
735201,4
735202,0
735203,0
735204,0
735205,0
735206,0
735207,0
735208,0
735209,0
735210,0
735211,0
735212,0
735213,0
735214,0
735215,0
735216,0
735217,0
735218,0
735219,0
735220,0
735221,0
735222,0
735223,4
735224,0
735225,0
735226,0
735227,0
735228,0
735229,0
735230,0
735231,0
735232,0
735233,0
735234,0
735235,0
735236,0
735237,0
735238,0
735239,0
735240,0
735241,0
735242,0
735243,0
735244,0
735245,0
735246,0
735247,0
735248,0
735249,0
735250,0
735251,0
735252,0
735253,0
735254,0
735255,0
735256,0
735257,0
735258,6
735259,2
735260,0
735261,0
735262,0
735263,0
735264,0
735265,0
735266,0
735267,0
735268,2
735269,3
735270,0
735271,0
735272,0
735273,44
735274,0
735275,28
735276,0
735277,0
735278,0
735279,0
735280,0
735281,0
735282,0
735283,0
735284,0
735285,17
735286,0
735287,0
735288,0
735289,0
735290,0
735291,14
735292,23
735293,0
735294,21
735295,43
735296,0
735297,0
735298,0
735299,0
735300,0
735301,0
735302,13
735303,0
735304,19
735305,0
735306,27
735307,46
735308,28
735309,0
735310,0
735311,0
735312,0
735313,0
735314,0
735315,0
735316,31
735317,0
735318,0
735319,39
735320,0
735321,0
735322,27
735323,29
735324,0
735325,0
735326,0
735327,0
735328,20
735329,30
735330,0
735331,0
735332,30
735333,26
735334,0
735335,17
735336,0
735337,0
735338,0
735339,0
735340,30
735341,41
735342,0
735343,0
735344,23
735345,0
735346,0
735347,33
735348,0
735349,0
735350,0
735351,0
735352,0
735353,0
735354,0
735355,0
735356,0
735357,30
735358,0
735359,0
735360,0
735361,16
735362,0
735363,23
735364,0
735365,22
735366,0
735367,0
735368,28
735369,0
735370,30
735371,0
735372,24
735373,0
735374,0
735375,33
735376,0
735377,0
735378,0
735379,0
735380,0
735381,0
735382,13
735383,0
735384,0
735385,0
735386,0
735387,0
735388,0
735389,0
735390,0
735391,0
735392,0
735393,38
735394,0
735395,0
735396,0
735397,0
735398,39
735399,33
735400,0
735401,23
735402,20
735403,14
735404,0
735405,0
735406,0
735407,33
735408,22
735409,0
735410,0
735411,0
735412,0
735413,0
735414,0
735415,0
735416,0
735417,0
735418,30
735419,0
735420,32
735421,0
735422,0
735423,14
735424,0
735425,0
735426,0
735427,51
735428,0
735429,0
735430,0
735431,0
735432,0
735433,0
735434,0
735435,18
735436,0
735437,0
735438,0
735439,0
735440,0
735441,20
735442,0
735443,24
735444,0
735445,0
735446,38
735447,0
735448,0
735449,0
735450,0
735451,0
735452,0
735453,0
735454,0
735455,0
735456,0
735457,0
735458,0
735459,0
735460,0
735461,0
735462,0
735463,0
735464,0
735465,32
735466,0
735467,0
735468,0
735469,15
735470,0
735471,0
735472,0
735473,0
735474,16
735475,0
735476,0
735477,0
735478,0
735479,0
735480,0
735481,0
735482,0
735483,0
735484,0
735485,0
735486,0
735487,0
735488,0
735489,36
735490,0
735491,0
735492,11
735493,35
735494,0
735495,0
735496,0
735497,0
735498,0
735499,32
735500,32
735501,0
735502,0
735503,0
735504,0
735505,32
735506,0
735507,34
735508,0
735509,0
735510,27
735511,0
735512,19
735513,0
735514,0
735515,0
735516,33
735517,40
735518,20
735519,0
735520,23
735521,0
735522,0
735523,0
735524,0
735525,0
735526,0
735527,0
735528,43
735529,0
735530,0
735531,26
735532,0
735533,0
735534,18
735535,0
735536,0
735537,0
735538,34
735539,0
735540,24
735541,0
735542,17
735543,0
735544,23
735545,24
735546,0
735547,0
735548,23
735549,0
735550,0
735551,0
735552,23
735553,0
735554,22
735555,49
735556,0
735557,0
735558,0
735559,0
735560,0
735561,0
735562,0
735563,21
735564,0
735565,0
735566,0
735567,0
735568,0
735569,41
735570,21
735571,0
735572,0
735573,0
735574,0
735575,0
735576,0
735577,0
735578,0
735579,25
735580,0
735581,0
735582,0
735583,0
735584,29
735585,0
735586,10
735587,0
735588,19
735589,0
735590,0
735591,0
735592,0
735593,25
735594,0
735595,25
735596,0
735597,27
735598,0
735599,0
735600,0
735601,0
735602,0
735603,0
735604,37
735605,0
735606,28
735607,36
735608,0
735609,28
735610,0
735611,0
735612,0
735613,41
735614,22
735615,21
735616,0
735617,21
735618,27
735619,27
735620,0
735621,0
735622,35
735623,0
735624,27
735625,41
735626,0
735627,0
735628,0
735629,0
735630,0
735631,0
735632,0
735633,0
735634,0
735635,0
735636,0
735637,0
735638,0
735639,0
735640,0
735641,0
735642,0
735643,0
735644,0
735645,34
735646,0
735647,0
735648,0
735649,0
735650,27
735651,14
735652,0
735653,0
735654,0
735655,0
735656,0
735657,0
735658,0
735659,16
735660,0
735661,30
735662,0
735663,0
735664,40
735665,0
735666,0
735667,0
735668,0
735669,0
735670,38
735671,25
735672,34
735673,0
735674,0
735675,0
735676,0
735677,22
735678,0
735679,0
735680,0
735681,0
735682,0
735683,18
735684,0
735685,0
735686,0
735687,0
735688,0
735689,0
735690,0
735691,31
735692,29
735693,0
735694,0
735695,0
735696,0
735697,32
735698,25
735699,0
735700,35
735701,0
735702,0
735703,0
735704,0
735705,0
735706,0
735707,0
735708,0
735709,0
735710,41
735711,38
735712,0
735713,34
735714,0
735715,29
735716,0
735717,0
735718,0
735719,34
735720,0
735721,0
735722,34
735723,0
735724,0
735725,0
735726,0
735727,0
735728,0
735729,37
735730,0
735731,0
735732,0
735733,0
735734,24
735735,26
735736,37
735737,0
735738,0
735739,0
735740,0
735741,43
735742,0
735743,0
735744,0
735745,36
735746,33
735747,0
735748,0
735749,0
735750,0
735751,0
735752,0
735753,28
735754,0
735755,0
735756,0
735757,20
735758,0
735759,0
735760,0
735761,0
735762,29
735763,0
735764,0
735765,0
735766,0
735767,0
735768,0
735769,0
735770,0
735771,0
735772,28
735773,0
735774,0
735775,0
735776,44
735777,0
735778,0
735779,22
735780,0
735781,41
735782,0
735783,0
735784,0
735785,22
735786,19
735787,0
735788,0
735789,17
735790,0
735791,0
735792,30
735793,0
735794,0
735795,0
735796,0
735797,0
735798,0
735799,0
735800,0
735801,0
735802,0
735803,19
735804,0
735805,0
735806,0
735807,26
735808,0
735809,0
735810,35
735811,0
735812,0
735813,0
735814,0
735815,0
735816,0
735817,0
735818,39
735819,0
735820,19
735821,27
735822,0
735823,30
735824,33
735825,0
735826,0
735827,0
735828,32
735829,0
735830,33
735831,0
735832,0
735833,0
735834,0
735835,0
735836,0
735837,0
735838,0
735839,0
735840,0
735841,0
735842,0
735843,0
735844,0
735845,2
735846,4
735847,0
735848,2
735849,0
735850,0
735851,0
735852,0
735853,0
735854,2
735855,1
735856,0
735857,0
735858,1
735859,0
735860,1
735861,0
735862,0
735863,0
735864,0
735865,0
735866,0
735867,0
735868,0
735869,0
735870,0
735871,0
735872,0
735873,0
735874,0
735875,0
735876,0
735877,0
735878,0
735879,0
735880,0
735881,6
735882,0
735883,0
735884,0
735885,0
735886,0
735887,0
735888,0
735889,0
735890,0
735891,0
735892,0
735893,0
735894,0
735895,0
735896,3
735897,0
735898,0
735899,5
735900,2
735901,0
735902,0
735903,0
735904,0
735905,0
735906,0
735907,1
735908,0
735909,0
735910,0
735911,0
735912,0
735913,0
735914,0
735915,0
735916,0
735917,0
735918,1
735919,0
735920,0
735921,0
735922,0
735923,0
735924,0
735925,0
735926,1
735927,1
735928,0
735929,0
735930,0
735931,0
735932,2
735933,0
735934,0
735935,0
735936,0
735937,0
735938,0
735939,0
735940,0
735941,0
735942,0
735943,0
735944,0
735945,0
735946,0
735947,3
735948,0
735949,0
735950,0
735951,0
735952,0
735953,0
735954,0
735955,0
735956,0
735957,0
735958,0
735959,0
735960,0
735961,1
735962,0
735963,0
735964,0
735965,0
735966,0
735967,0
735968,0
735969,2
735970,0
735971,0
735972,0
735973,0
735974,0
735975,0
735976,1
735977,0
735978,0
735979,0
735980,0
735981,0
735982,0
735983,0
735984,0
735985,0
735986,0
735987,0
735988,0
735989,0
735990,0
735991,0
735992,0
735993,0
735994,3
735995,0
735996,0
735997,0
735998,0
735999,0
736000,0
736001,0
736002,0
736003,0
736004,0
736005,0
736006,0
736007,0
736008,0
736009,0
736010,0
736011,0
736012,0
736013,0
736014,0
736015,0
736016,0
736017,0
736018,0
736019,0
736020,0
736021,0
736022,1
736023,3
736024,0
736025,0
736026,0
736027,0
736028,0
736029,2
736030,2
736031,0
736032,0
736033,0
736034,0
736035,0
736036,0
736037,0
736038,0
736039,0
736040,0
736041,0
736042,0
736043,0
736044,0
736045,0
736046,0
736047,0
736048,0
736049,0
736050,0
736051,0
736052,0
736053,0
736054,0
736055,0
736056,0
736057,0
736058,3
736059,0
736060,0
736061,2
736062,0
736063,0
736064,0
736065,0
736066,0
736067,0
736068,0
736069,0
736070,0
736071,0
736072,0
736073,0
736074,0
736075,0
736076,0
736077,0
736078,0
736079,2
736080,0
736081,0
736082,1
736083,0
736084,0
736085,0
736086,6
736087,0
736088,0
736089,0
736090,0
736091,0
736092,0
736093,0
736094,0
736095,0
736096,0
736097,5
736098,2
736099,2
736100,1
736101,0
736102,0
736103,0
736104,1
736105,0
736106,0
736107,0
736108,0
736109,0
736110,0
736111,0
736112,0
736113,0
736114,0
736115,0
736116,0
736117,0
736118,0
736119,0
736120,0
736121,0
736122,0
736123,0
736124,0
736125,0
736126,0
736127,0
736128,0
736129,0
736130,0
736131,0
736132,3
736133,0
736134,0
736135,0
736136,0
736137,0
736138,0
736139,0
736140,1
736141,0
736142,0
736143,0
736144,0
736145,0
736146,2
736147,0
736148,0
736149,2
736150,0
736151,0
736152,0
736153,0
736154,0
736155,0
736156,0
736157,0
736158,0
736159,0
736160,0
736161,2
736162,0
736163,0
736164,6
736165,7
736166,0
736167,0
736168,0
736169,0
736170,0
736171,0
736172,0
736173,0
736174,0
736175,0
736176,0
736177,0
736178,2
736179,0
736180,0
736181,0
736182,0
736183,0
736184,0
736185,0
736186,2
736187,0
736188,0
736189,1
736190,0
736191,0
736192,0
736193,0
736194,0
736195,0
736196,0
736197,0
736198,0
736199,2
736200,0
736201,0
736202,0
736203,0
736204,0
736205,0
736206,2
736207,0
736208,0
736209,0
736210,2
736211,0
736212,0
736213,5
736214,0
736215,0
736216,0
736217,0
736218,0
736219,0
736220,2
736221,0
736222,0
736223,2
736224,0
736225,0
736226,0
736227,0
736228,0
736229,0
736230,0
736231,0
736232,0
736233,0
736234,0
736235,0
736236,0
736237,0
736238,0
736239,0
736240,2
736241,0
736242,0
736243,1
736244,0
736245,0
736246,0
736247,0
736248,0
736249,0
736250,0
736251,0
736252,0
736253,0
736254,0
736255,0
736256,0
736257,0
736258,3
736259,0
736260,0
736261,0
736262,3
736263,1
736264,2
736265,0
736266,0
736267,0
736268,0
736269,0
736270,0
736271,0
736272,0
736273,0
736274,0
736275,0
736276,1
736277,0
736278,0
736279,0
736280,0
736281,1
736282,0
736283,0
736284,0
736285,0
736286,0
736287,0
736288,0
736289,0
736290,0
736291,1
736292,0
736293,0
736294,0
736295,0
736296,0
736297,0
736298,0
736299,0
736300,0
736301,0
736302,0
736303,0
736304,0
736305,0
736306,0
736307,0
736308,0
736309,0
736310,0
736311,0
736312,0
736313,0
736314,0
736315,0
736316,0
736317,4
736318,2
736319,0
736320,0
736321,0
736322,0
736323,0
736324,6
736325,0
736326,0
736327,0
736328,0
736329,0
736330,0
736331,0
736332,0
736333,0
736334,0
736335,3
736336,0
736337,0
736338,0
736339,0
736340,0
736341,0
736342,0
736343,4
736344,1
736345,0
736346,0
736347,3
736348,4
736349,0
736350,0
736351,0
736352,0
736353,0
736354,0
736355,0
736356,0
736357,3
736358,3
736359,0
736360,0
736361,0
736362,2
736363,0
736364,0
736365,0
736366,0
736367,0
736368,0
736369,0
736370,0
736371,0
736372,0
736373,0
736374,0
736375,0
736376,0
736377,0
736378,0
736379,0
736380,0
736381,0
736382,0
736383,0
736384,0
736385,1
736386,0
736387,0
736388,0
736389,0
736390,0
736391,0
736392,0
736393,4
736394,0
736395,0
736396,0
736397,3
736398,0
736399,0
736400,0
736401,0
736402,0
736403,0
736404,2
736405,0
736406,0
736407,2
736408,0
736409,4
736410,4
736411,0
736412,3
736413,0
736414,0
736415,0
736416,0
736417,0
736418,0
736419,0
736420,0
736421,3
736422,0
736423,0
736424,2
736425,0
736426,5
736427,0
736428,0
736429,0
736430,0
736431,0
736432,0
736433,0
736434,1
736435,0
736436,0
736437,0
736438,5
736439,0
736440,0
736441,0
736442,0
736443,2
736444,0
736445,0
736446,0
736447,0
736448,0
736449,0
736450,0
736451,0
736452,0
736453,3
736454,0
736455,0
736456,0
736457,0
736458,3
736459,3
736460,0
736461,0
736462,0
736463,0
736464,0
736465,0
736466,0
736467,0
736468,0
736469,0
736470,0
736471,0
736472,0
736473,0
736474,0
736475,0
736476,0
736477,0
736478,0
736479,0
736480,2
736481,0
736482,0
736483,0
736484,0
736485,0
736486,1
736487,0
736488,0
736489,0
736490,0
736491,0
736492,0
736493,0
736494,0
736495,0
736496,0
736497,0
736498,0
736499,0
736500,0
736501,0
736502,0
736503,0
736504,0
736505,0
736506,0
736507,0
736508,0
736509,0
736510,0
736511,0
736512,0
736513,0
736514,0
736515,0
736516,0
736517,0
736518,0
736519,0
736520,0
736521,0
736522,0
736523,0
736524,0
736525,0
736526,0
736527,0
736528,0
736529,0
736530,0
736531,0
736532,0
736533,3
736534,0
736535,0
736536,0
736537,4
736538,0
736539,0
736540,0
736541,0
736542,0
736543,0
736544,0
736545,0
736546,1
736547,0
736548,0
736549,0
736550,5
736551,0
736552,0
736553,0
736554,0
736555,0
736556,0
736557,0
736558,0
736559,0
736560,0
736561,0
736562,0
736563,3
736564,0
736565,0
736566,0
736567,0
736568,4
736569,0
736570,0
736571,3
736572,0
736573,0
736574,0
736575,0
736576,0
736577,0
736578,3
736579,0
736580,0
736581,0
736582,0
736583,0
736584,0
736585,0
736586,0
736587,0
736588,0
736589,0
736590,2
736591,0
736592,0
736593,0
736594,0
736595,0
736596,0
736597,0
736598,0
736599,0
736600,0
736601,0
736602,0
736603,0
736604,0
736605,0
736606,0
736607,0
736608,0
736609,0
736610,0
736611,0
736612,0
736613,0
736614,0
736615,0
736616,0
736617,0
736618,0
736619,0
736620,0
736621,0
736622,0
736623,0
736624,0
736625,2
736626,5
736627,2
736628,0
736629,0
736630,0
736631,0
736632,0
736633,2
736634,0
736635,0
736636,0
736637,0
736638,0
736639,3
736640,0
736641,0
736642,0
736643,0
736644,0
736645,0
736646,19
736647,0
736648,0
736649,0
736650,41
736651,0
736652,0
736653,0
736654,0
736655,24
736656,0
736657,0
736658,0
736659,0
736660,19
736661,0
736662,0
736663,0
736664,0
736665,0
736666,0
736667,0
736668,22
736669,0
736670,0
736671,0
736672,0
736673,0
736674,0
736675,0
736676,0
736677,0
736678,20
736679,0
736680,0
736681,0
736682,0
736683,0
736684,38
736685,0
736686,0
736687,0
736688,0
736689,0
736690,0
736691,0
736692,23
736693,0
736694,0
736695,14
736696,0
736697,0
736698,0
736699,0
736700,0
736701,28
736702,0
736703,0
736704,0
736705,20
736706,27
736707,0
736708,0
736709,0
736710,0
736711,18
736712,0
736713,0
736714,22
736715,30
736716,0
736717,0
736718,33
736719,0
736720,0
736721,0
736722,27
736723,0
736724,0
736725,0
736726,0
736727,26
736728,18
736729,0
736730,25
736731,0
736732,0
736733,0
736734,0
736735,0
736736,0
736737,0
736738,0
736739,0
736740,21
736741,15
736742,18
736743,17
736744,14
736745,0
736746,0
736747,0
736748,10
736749,0
736750,0
736751,0
736752,0
736753,18
736754,0
736755,11
736756,0
736757,0
736758,0
736759,0
736760,0
736761,0
736762,0
736763,0
736764,0
736765,11
736766,0
736767,0
736768,16
736769,0
736770,0
736771,0
736772,0
736773,0
736774,0
736775,0
736776,0
736777,0
736778,0
736779,0
736780,0
736781,20
736782,13
736783,0
736784,0
736785,9
736786,15
736787,0
736788,0
736789,0
736790,0
736791,0
736792,0
736793,0
736794,0
736795,0
736796,0
736797,0
736798,0
736799,0
736800,0
736801,0
736802,0
736803,0
736804,13
736805,0
736806,0
736807,0
736808,0
736809,0
736810,0
736811,0
736812,0
736813,0
736814,26
736815,17
736816,0
736817,0
736818,0
736819,0
736820,0
736821,0
736822,0
736823,0
736824,0
736825,0
736826,18
736827,20
736828,0
736829,0
736830,0
736831,0
736832,0
736833,20
736834,0
736835,0
736836,0
736837,11
736838,0
736839,0
736840,20
736841,0
736842,0
736843,0
736844,0
736845,0
736846,0
736847,0
736848,0
736849,0
736850,0
736851,16
736852,0
736853,16
736854,14
736855,12
736856,0
736857,0
736858,16
736859,19
736860,0
736861,17
736862,0
736863,0
736864,19
736865,0
736866,0
736867,18
736868,19
736869,0
736870,15
736871,0
736872,0
736873,0
736874,0
736875,0
736876,0
736877,10
736878,18
736879,0
736880,17
736881,0
736882,0
736883,0
736884,0
736885,0
736886,0
736887,0
736888,0
736889,0
736890,0
736891,0
736892,18
736893,0
736894,25
736895,15
736896,0
736897,0
736898,0
736899,0
736900,9
736901,22
736902,0
736903,14
736904,0
736905,0
736906,0
736907,0
736908,0
736909,0
736910,0
736911,0
736912,0
736913,0
736914,0
736915,0
736916,13
736917,0
736918,0
736919,0
736920,0
736921,9
736922,21
736923,0
736924,0
736925,0
736926,0
736927,11
736928,0
736929,13
736930,0
736931,0
736932,0
736933,9
736934,24
736935,0
736936,0
736937,0
736938,0
736939,0
736940,0
736941,0
736942,0
736943,0
736944,0
736945,0
736946,0
736947,17
736948,0
736949,0
736950,0
736951,0
736952,18
736953,0
736954,13
736955,0
736956,13
736957,0
736958,0
736959,0
736960,8
736961,0
736962,0
736963,0
736964,9
736965,0
736966,0
736967,0
736968,0
736969,0
736970,31
736971,17
736972,0
736973,0
736974,0
736975,0
736976,25
736977,0
736978,0
736979,0
736980,0
736981,0
736982,20
736983,0
736984,12
736985,28
736986,0
736987,0
736988,0
736989,0
736990,0
736991,0
736992,0
736993,0
736994,0
736995,0
736996,0
736997,0
736998,0
736999,0
737000,0
737001,7
737002,0
737003,0
737004,19
737005,0
737006,11
737007,0
737008,0
737009,0
737010,0
737011,0
737012,9
737013,0
737014,20
737015,0
737016,0
737017,0
737018,0
737019,23
737020,0
737021,0
737022,0
737023,19
737024,0
737025,0
737026,20
737027,0
737028,0
737029,0
737030,0
737031,24
737032,13
737033,0
737034,0
737035,0
737036,0
737037,0
737038,0
737039,4
737040,22
737041,16
737042,0
737043,0
737044,26
737045,13
737046,0
737047,0
737048,0
737049,23
737050,0
737051,16
737052,22
737053,0
737054,12
737055,18
737056,0
737057,21
737058,0
737059,17
737060,0
737061,0
737062,0
737063,0
737064,0
737065,0
737066,0
737067,0
737068,0
737069,0
737070,0
737071,0
737072,0
737073,28
737074,0
737075,0
737076,17
737077,25
737078,16
737079,15
737080,0
737081,0
737082,0
737083,0
737084,14
737085,0
737086,17
737087,0
737088,0
737089,0
737090,0
737091,0
737092,0
737093,0
737094,0
737095,0
737096,0
737097,0
737098,0
737099,0
737100,10
737101,19
737102,17
737103,14
737104,0
737105,0
737106,21
737107,0
737108,13
737109,0
737110,0
737111,18
737112,0
737113,31
737114,0
737115,19
737116,0
737117,0
737118,0
737119,0
737120,0
737121,0
737122,0
737123,0
737124,0
737125,0
737126,0
737127,0
737128,0
737129,0
737130,0
737131,0
737132,0
737133,0
737134,0
737135,0
737136,0
737137,0
737138,0
737139,0
737140,17
737141,0
737142,0
737143,0
737144,0
737145,0
737146,19
737147,0
737148,21
737149,18
737150,0
737151,0
737152,0
737153,17
737154,0
737155,0
737156,0
737157,0
737158,0
737159,22
737160,0
737161,13
737162,0
737163,0
737164,7
737165,0
737166,0
737167,0
737168,0
737169,0
737170,0
737171,21
737172,0
737173,0
737174,9
737175,0
737176,0
737177,0
737178,0
737179,15
737180,0
737181,15
737182,0
737183,0
737184,0
737185,18
737186,0
737187,0
737188,0
737189,0
737190,0
737191,0
737192,9
737193,16
737194,0
737195,20
737196,0
737197,0
737198,0
737199,0
737200,0
737201,0
737202,15
737203,19
737204,0
737205,12
737206,13
737207,0
737208,0
737209,10
737210,0
737211,13
737212,0
737213,0
737214,0
737215,0
737216,0
737217,0
737218,0
737219,19
737220,0
737221,0
737222,0
737223,0
737224,25
737225,13
737226,0
737227,18
737228,0
737229,0
737230,19
737231,16
737232,0
737233,0
737234,0
737235,0
737236,14
737237,0
737238,0
737239,0
737240,0
737241,0
737242,22
737243,0
737244,0
737245,0
737246,0
737247,0
737248,0
737249,0
737250,0
737251,18
737252,0
737253,0
737254,0
737255,0
737256,28
737257,0
737258,0
737259,0
737260,0
737261,8
737262,0
737263,0
737264,0
737265,23
737266,10
737267,0
737268,0
737269,12
737270,0
737271,23
737272,19
737273,0
737274,0
737275,0
737276,19
737277,12
737278,0
737279,0
737280,0
737281,0
737282,0
737283,0
737284,0
737285,0
737286,0
737287,0
737288,22
737289,0
737290,0
737291,0
737292,12
737293,29
737294,9
737295,0
737296,17
737297,0
737298,0
737299,0
737300,0
737301,0
737302,21
737303,12
737304,20
737305,0
737306,0
737307,0
737308,0
737309,0
737310,0
737311,0
737312,0
737313,0
737314,10
737315,0
737316,11
737317,0
737318,0
737319,17
737320,0
737321,0
737322,0
737323,19
737324,0
737325,0
737326,9
737327,18
737328,10
737329,0
737330,5
737331,0
737332,0
737333,0
737334,0
737335,0
737336,0
737337,13
737338,0
737339,0
737340,0
737341,21
737342,0
737343,0
737344,0
737345,0
737346,0
737347,0
737348,18
737349,0
737350,0
737351,0
737352,0
737353,13
737354,0
737355,0
737356,0
737357,12
737358,7
737359,6
737360,0
737361,0
737362,0
737363,0
737364,0
737365,13
737366,22
737367,0
737368,0
737369,0
737370,0
737371,0
737372,10
737373,0
737374,0
737375,0
737376,0
737377,0
737378,24
737379,0
737380,0
737381,17
737382,0
737383,0
737384,0
737385,10
737386,0
737387,16
737388,0
737389,0
737390,0
737391,0
737392,0
737393,0
737394,14
737395,0
737396,17
737397,14
737398,12
737399,9
737400,0
737401,0
737402,0
737403,17
737404,0
737405,0
737406,21
737407,12
737408,0
737409,16
737410,0
737411,0
737412,0
737413,0
737414,13
737415,0
737416,0
737417,0
737418,0
737419,15
737420,0
737421,0
737422,0
737423,0
737424,0
737425,0
737426,0
737427,0
737428,0
737429,14
737430,0
737431,0
737432,19
737433,0
737434,0
737435,0
737436,0
737437,0
737438,10
737439,24
737440,0
737441,0
737442,14
737443,0
737444,0
737445,0
737446,0
737447,0
737448,0
737449,0
737450,24
737451,0
737452,0
737453,0
737454,0
737455,0
737456,0
737457,0
737458,0
737459,0
737460,8
737461,20
737462,0
737463,0
737464,0
737465,0
737466,0
737467,0
737468,15
737469,0
737470,0
737471,0
737472,26
737473,0
737474,0
737475,0
737476,0
737477,0
737478,0
737479,0
737480,0
737481,24
737482,0
737483,0
737484,0
737485,18
737486,0
737487,0
737488,16
737489,0
737490,0
737491,14
737492,0
737493,0
737494,0
737495,0
737496,16
737497,0
737498,0
737499,18
737500,0
737501,0
737502,0
737503,0
737504,0
737505,0
737506,0
737507,0
737508,0
737509,0
737510,18
737511,0
737512,0
737513,12
737514,0
737515,0
737516,0
737517,0
737518,0
737519,24
737520,0
737521,18
737522,18
737523,0
737524,0
737525,0
737526,23
737527,0
737528,20
737529,9
737530,0
737531,0
737532,0
737533,0
737534,0
737535,0
737536,0
737537,0
737538,14
737539,0
737540,0
737541,14
737542,28
737543,0
737544,0
737545,0
737546,6
737547,15
737548,12
737549,0
737550,19
737551,0
737552,0
737553,0
737554,0
737555,0
737556,0
737557,0
737558,0
737559,0
737560,0
737561,0
737562,0
737563,0
737564,0
737565,0
737566,11
737567,0
737568,0
737569,0
737570,0
737571,0
737572,16
737573,0
737574,0
737575,8
737576,0
737577,9
737578,0
737579,0
737580,0
737581,8
737582,10
737583,0
737584,0
737585,0
737586,0
737587,0
737588,0
737589,0
737590,0
737591,0
737592,0
737593,0
737594,0
737595,0
737596,0
737597,0
737598,0
737599,0
737600,0
737601,0
737602,0
737603,0
737604,14
737605,0
737606,16
737607,0
737608,0
737609,0
737610,0
737611,0
737612,0
737613,0
737614,10
737615,0
737616,5
737617,0
737618,0
737619,10
737620,0
737621,0
737622,6
737623,0
737624,0
737625,0
737626,0
737627,0
737628,0
737629,0
737630,0
737631,0
737632,10
737633,0
737634,0
737635,0
737636,0
737637,0
737638,0
737639,0
737640,0
737641,0
737642,0
737643,0
737644,0
737645,0
737646,0
737647,0
737648,10
737649,8
737650,0
737651,0
737652,0
737653,0
737654,0
737655,0
737656,0
737657,0
737658,0
737659,0
737660,0
737661,0
737662,0
737663,0
737664,0
737665,7
737666,15
737667,12
737668,0
737669,0
737670,0
737671,0
737672,0
737673,0
737674,12
737675,10
737676,11
737677,0
737678,0
737679,12
737680,0
737681,0
737682,0
737683,0
737684,0
737685,0
737686,0
737687,13
737688,0
737689,0
737690,10
737691,0
737692,0
737693,0
737694,0
737695,10
737696,0
737697,0
737698,7
737699,0
737700,0
737701,9
737702,0
737703,14
737704,0
737705,0
737706,0
737707,0
737708,0
737709,0
737710,11
737711,0
737712,0
737713,11
737714,0
737715,0
737716,0
737717,13
737718,13
737719,0
737720,0
737721,0
737722,0
737723,0
737724,0
737725,0
737726,0
737727,0
737728,0
737729,13
737730,0
737731,0
737732,10
737733,0
737734,10
737735,0
737736,0
737737,0
737738,0
737739,8
737740,0
737741,0
737742,10
737743,0
737744,0
737745,0
737746,0
737747,0
737748,13
737749,0
737750,0
737751,0
737752,14
737753,0
737754,11
737755,0
737756,0
737757,0
737758,0
737759,10
737760,0
737761,0
737762,15
737763,0
737764,0
737765,0
737766,0
737767,0
737768,0
737769,0
737770,0
737771,0
737772,0
737773,0
737774,0
737775,0
737776,0
737777,7
737778,0
737779,0
737780,0
737781,0
737782,0
737783,0
737784,0
737785,0
737786,0
737787,0
737788,0
737789,0
737790,0
737791,0
737792,13
737793,0
737794,0
737795,13
737796,0
737797,0
737798,0
737799,0
737800,0
737801,0
737802,16
737803,12
737804,0
737805,0
737806,0
737807,16
737808,10
737809,0
737810,0
737811,0
737812,0
737813,0
737814,0
737815,0
737816,0
737817,5
737818,0
737819,0
737820,0
737821,0
737822,9
737823,0
737824,13
737825,0
737826,0
737827,15
737828,0
737829,12
737830,0
737831,0
737832,0
737833,0
737834,0
737835,14
737836,0
737837,20
737838,0
737839,0
737840,14
737841,0
737842,0
737843,0
737844,0
737845,6
737846,0
737847,17
737848,0
737849,15
737850,10
737851,0
737852,0
737853,0
737854,0
737855,0
737856,0
737857,0
737858,11
737859,0
737860,0
737861,0
737862,0
737863,0
737864,12
737865,8
737866,0
737867,0
737868,9
737869,0
737870,0
737871,10
737872,6
737873,9
737874,0
737875,23
737876,0
737877,0
737878,0
737879,0
737880,12
737881,12
737882,0
737883,8
737884,0
737885,0
737886,0
737887,0
737888,13
737889,14
737890,0
737891,0
737892,0
737893,0
737894,0
737895,0
737896,0
737897,13
737898,0
737899,0
737900,0
737901,0
737902,0
737903,0
737904,8
737905,0
737906,15
737907,0
737908,17
737909,0
737910,0
737911,11
737912,0
737913,0
737914,0
737915,2
737916,0
737917,9
737918,0
737919,11
737920,0
737921,0
737922,11
737923,0
737924,0
737925,0
737926,14
737927,0
737928,8
737929,0
737930,10
737931,0
737932,0
737933,0
737934,0
737935,0
737936,0
737937,0
737938,9
737939,9
737940,0
737941,0
737942,0
737943,11
737944,0
737945,0
737946,0
737947,12
737948,11
737949,0
737950,0
737951,13
737952,0
737953,0
737954,11
737955,13
737956,0
737957,9
737958,0
737959,0
737960,0
737961,12
737962,0
737963,0
737964,0
737965,0
737966,0
737967,16
737968,0
737969,0
737970,0
737971,0
737972,12
737973,0
737974,0
737975,0
737976,0
737977,12
737978,12
737979,0
737980,0
737981,0
737982,0
737983,8
737984,0
737985,0
737986,0
737987,0
737988,0
737989,0
737990,11
737991,0
737992,0
737993,0
737994,0
737995,0
737996,0
737997,0
737998,0
737999,0
738000,12
738001,0
738002,0
738003,0
738004,0
738005,0
738006,0
738007,0
738008,12
738009,20
738010,0
738011,0
738012,0
738013,0
738014,0
738015,0
738016,0
738017,4
738018,0
738019,0
738020,0
738021,17
738022,17
738023,0
738024,0
738025,0
738026,0
738027,0
738028,0
738029,10
738030,15
738031,0
738032,0
738033,0
738034,13
738035,22
738036,13
738037,0
738038,11
738039,0
738040,11
738041,14
738042,0
738043,0
738044,11
738045,0
738046,0
738047,0
738048,0
738049,0
738050,0
738051,0
738052,0
738053,14
738054,13
738055,0
738056,0
738057,0
738058,0
738059,0
738060,0
738061,10
738062,0
738063,0
738064,0
738065,0
738066,0
738067,0
738068,0
738069,0
738070,0
738071,10
738072,0
738073,0
738074,12
738075,17
738076,0
738077,0
738078,0
738079,0
738080,0
738081,0
738082,0
738083,0
738084,9
738085,0
738086,0
738087,0
738088,0
738089,0
738090,0
738091,0
738092,0
738093,0
738094,13
738095,17
738096,0
738097,0
738098,0
738099,17
738100,0
738101,0
738102,0
738103,0
738104,0
738105,0
738106,0
738107,0
738108,8
738109,0
738110,0
738111,0
738112,0
738113,13
738114,0
738115,0
738116,0
738117,0
738118,0
738119,14
738120,0
738121,0
738122,0
738123,0
738124,12
738125,0
738126,0
738127,0
738128,13
738129,0
738130,0
738131,0
738132,0
738133,0
738134,0
738135,17
738136,0
738137,0
738138,0
738139,0
738140,0
738141,0
738142,0
738143,0
738144,8
738145,0
738146,0
738147,0
738148,0
738149,0
738150,0
738151,0
738152,16
738153,0
738154,0
738155,0
738156,0
738157,13
738158,0
738159,0
738160,0
738161,12
738162,0
738163,0
738164,0
738165,10
738166,9
738167,0
738168,0
738169,18
738170,11
738171,0
738172,0
738173,11
738174,0
738175,0
738176,8
738177,0
738178,6
738179,0
738180,0
738181,0
738182,0
738183,0
738184,0
738185,0
738186,0
738187,0
738188,0
738189,0
738190,0
738191,0
738192,0
738193,15
738194,0
738195,10
738196,16
738197,0
738198,0
738199,0
738200,0
738201,0
738202,12
738203,0
738204,0
738205,0
738206,0
738207,0
738208,0
738209,0
738210,18
738211,13
738212,0
738213,17
738214,0
738215,0
738216,0
738217,0
738218,0
738219,0
738220,0
738221,0
738222,0
738223,0
738224,0
738225,0
738226,0
738227,0
738228,0
738229,0
738230,0
738231,0
738232,0
738233,16
738234,0
738235,0
738236,0
738237,0
738238,0
738239,0
738240,0
738241,0
738242,0
738243,0
738244,0
738245,5
738246,0
738247,0
738248,0
738249,12
738250,0
738251,0
738252,0
738253,0
738254,0
738255,0
738256,11
738257,0
738258,20
738259,0
738260,0
738261,0
738262,13
738263,8
738264,0
738265,0
738266,0
738267,0
738268,0
738269,0
738270,0
738271,0
738272,0
738273,0
738274,14
738275,0
738276,18
738277,0
738278,0
738279,0
738280,0
738281,0
738282,14
738283,0
738284,0
738285,0
738286,0
738287,9
738288,0
738289,0
738290,13
738291,0
738292,12
738293,0
738294,0
738295,0
738296,0
738297,0
738298,0
738299,0
738300,14
738301,0
738302,0
738303,0
738304,15
738305,10
738306,0
738307,8
738308,15
738309,0
738310,0
738311,0
738312,24
738313,0
738314,11
738315,0
738316,0
738317,0
738318,0
738319,13
738320,15
738321,0
738322,12
738323,0
738324,0
738325,0
738326,0
738327,0
738328,0
738329,0
738330,0
738331,0
738332,0
738333,0
738334,0
738335,16
738336,0
738337,0
738338,0
738339,0
738340,0
738341,0
738342,0
738343,0
738344,6
738345,0
738346,0
738347,0
738348,0
738349,0
738350,0
738351,0
738352,12
738353,0
738354,17
738355,0
738356,0
738357,0
738358,0
738359,0
738360,0
738361,0
738362,0
738363,10
738364,0
738365,0
738366,0
738367,0
738368,0
738369,0
738370,13
738371,0
738372,0
738373,0
738374,0
738375,0
738376,0
738377,0
738378,11
738379,18
738380,0
738381,0
738382,0
738383,0
738384,0
738385,14
738386,0
738387,0
738388,0
738389,8
738390,0
738391,0
738392,0
738393,0
738394,9
738395,9
738396,0
738397,0
738398,0
738399,0
738400,10
738401,0
738402,0
738403,0
738404,9
738405,0
738406,0
738407,10
738408,6
738409,0
738410,0
738411,0
738412,0
738413,0
738414,0
738415,9
738416,0
738417,0
738418,0
738419,0
738420,17
738421,0
738422,0
738423,0
738424,8
738425,6
738426,0
738427,0
738428,8
738429,12
738430,0
738431,0
738432,0
738433,0
738434,0
738435,6
738436,0
738437,0
738438,7
738439,0
738440,0
738441,0
738442,0
738443,0
738444,0
738445,0
738446,0
738447,0
738448,0
738449,0
738450,0
738451,0
738452,5
738453,3
738454,3
738455,0
738456,0
738457,0
738458,0
738459,0
738460,0
738461,0
738462,0
738463,0
738464,3
738465,0
738466,0
738467,0
738468,0
738469,0
738470,0
738471,0
738472,0
738473,0
738474,0
738475,0
738476,0
738477,0
738478,0
738479,0
738480,0
738481,0
738482,0
738483,0
738484,0
738485,0
738486,0
738487,0
738488,6
738489,0
738490,0
738491,0
738492,0
738493,0
738494,0
738495,0
738496,0
738497,0
738498,0
738499,0
738500,0
738501,0
738502,0
738503,0
738504,0
738505,0
738506,8
738507,6
738508,0
738509,0
738510,0
738511,0
738512,6
738513,0
738514,0
738515,0
738516,0
738517,0
738518,0
738519,0
738520,0
738521,0
738522,0
738523,0
738524,0
738525,0
738526,0
738527,0
738528,0
738529,0
738530,0
738531,6
738532,0
738533,0
738534,4
738535,0
738536,0
738537,0
738538,0
738539,0
738540,0
738541,0
738542,0
738543,0
738544,3
738545,0
738546,0
738547,0
738548,0
738549,4
738550,0
738551,0
738552,0
738553,0
738554,2
738555,0
738556,0
738557,0
738558,0
738559,0
738560,0
738561,0
738562,4
738563,0
738564,0
738565,0
738566,0
738567,0
738568,0
738569,0
738570,5
738571,0
738572,0
738573,0
738574,0
738575,0
738576,0
738577,0
738578,0
738579,0
738580,0
738581,2
738582,0
738583,8
738584,0
738585,0
738586,0
738587,4
738588,0
738589,0
738590,0
738591,0
738592,2
738593,0
738594,5
738595,7
738596,0
738597,0
738598,0
738599,0
738600,0
738601,0
738602,0
738603,0
738604,0
738605,0
738606,0
738607,6
738608,0
738609,0
738610,0
738611,0
738612,0
738613,2
738614,0
738615,0
738616,0
738617,0
738618,0
738619,0
738620,0
738621,0
738622,0
738623,5
738624,0
738625,0
738626,0
738627,0
738628,0
738629,0
738630,0
738631,0
738632,0
738633,0
738634,0
738635,0
738636,0
738637,0
738638,0
738639,4
738640,0
738641,0
738642,0
738643,0
738644,0
738645,0
738646,0
738647,0
738648,0
738649,0
738650,3
738651,0
738652,0
738653,0
738654,5
738655,0
738656,0
738657,0
738658,0
738659,0
738660,0
738661,0
738662,0
738663,0
738664,4
738665,4
738666,0
738667,0
738668,0
738669,0
738670,7
738671,0
738672,0
738673,0
738674,0
738675,0
738676,0
738677,0
738678,0
738679,0
738680,0
738681,0
738682,0
738683,0
738684,4
738685,0
738686,0
738687,0
738688,0
738689,0
738690,0
738691,0
738692,0
738693,0
738694,3
738695,0
738696,0
738697,0
738698,0
738699,0
738700,0
738701,0
738702,0
738703,0
738704,0
738705,3
738706,0
738707,2
738708,2
738709,0
738710,0
738711,5
738712,0
738713,0
738714,0
738715,0
738716,0
738717,0
738718,0
738719,0
738720,0
738721,0
738722,0
738723,0
738724,7
738725,0
738726,0
738727,0
738728,0
738729,0
738730,4
738731,0
738732,0
738733,0
738734,3
738735,0
738736,0
738737,0
738738,0
738739,0
738740,0
738741,0
738742,0
738743,0
738744,0
738745,0
738746,0
738747,0
738748,0
738749,0
738750,0
738751,0
738752,4
738753,0
738754,0
738755,0
738756,0
738757,0
738758,0
738759,0
738760,0
738761,0
738762,0
738763,2
738764,0
738765,5
738766,0
738767,4
738768,0
738769,0
738770,0
738771,0
738772,0
738773,0
738774,0
738775,0
738776,0
738777,0
738778,0
738779,4
738780,0
738781,0
738782,0
738783,4
738784,0
738785,0
738786,0
738787,0
738788,0
738789,0
738790,0
738791,0
738792,0
738793,0
738794,0
738795,0
738796,0
738797,0
738798,0
738799,0
738800,0
738801,0
738802,0
738803,0
738804,0
738805,0
738806,4
738807,0
738808,2
738809,8
738810,0
738811,0
738812,0
738813,0
738814,0
738815,0
738816,0
738817,0
738818,5
738819,0
738820,0
738821,0
738822,0
738823,0
738824,0
738825,4
738826,0
738827,0
738828,0
738829,0
738830,0
738831,0
738832,0
738833,4
738834,0
738835,0
738836,0
738837,2
738838,0
738839,3
738840,0
738841,0
738842,0
738843,0
738844,0
738845,0
738846,2
738847,0
738848,0
738849,0
738850,0
738851,0
738852,0
738853,0
738854,0
738855,0
738856,6
738857,0
738858,8
738859,0
738860,0
738861,0
738862,0
738863,0
738864,0
738865,0
738866,0
738867,0
738868,0
738869,0
738870,0
738871,0
738872,0
738873,0
738874,0
738875,0
738876,0
738877,0
738878,0
738879,0
738880,0
738881,0
738882,0
738883,0
738884,0
738885,0
738886,0
738887,0
738888,0
738889,0
738890,0
738891,4
738892,0
738893,0
738894,0
738895,0
738896,0
738897,0
738898,0
738899,0
738900,0
738901,0
738902,0
738903,0
738904,0
738905,0
738906,0
738907,0
738908,0
738909,0
738910,0
738911,0
738912,0
738913,0
738914,0
738915,11
738916,0
738917,3
738918,0
738919,0
738920,0
738921,0
738922,0
738923,0
738924,6
738925,0
738926,0
738927,0
738928,0
738929,0
738930,3
738931,0
738932,0
738933,0
738934,0
738935,0
738936,0
738937,0
738938,0
738939,0
738940,0
738941,0
738942,7
738943,0
738944,0
738945,0
738946,0
738947,0
738948,0
738949,0
738950,0
738951,0
738952,0
738953,0
738954,0
738955,0
738956,0
738957,0
738958,0
738959,0
738960,5
738961,0
738962,0
738963,0
738964,0
738965,9
738966,0
738967,0
738968,0
738969,0
738970,0
738971,0
738972,0
738973,0
738974,0
738975,0
738976,0
738977,3
738978,0
738979,0
738980,0
738981,0
738982,0
738983,6
738984,5
738985,0
738986,0
738987,0
738988,0
738989,0
738990,0
738991,0
738992,0
738993,0
738994,0
738995,0
738996,0
738997,0
738998,0
738999,0
739000,0
739001,0
739002,0
739003,0
739004,0
739005,0
739006,0
739007,0
739008,0
739009,0
739010,0
739011,0
739012,0
739013,0
739014,0
739015,0
739016,0
739017,0
739018,4
739019,0
739020,0
739021,0
739022,0
739023,0
739024,2
739025,0
739026,0
739027,0
739028,0
739029,0
739030,0
739031,0
739032,0
739033,0
739034,0
739035,0
739036,2
739037,0
739038,4
739039,0
739040,0
739041,0
739042,0
739043,0
739044,0
739045,0
739046,0
739047,0
739048,0
739049,0
739050,0
739051,0
739052,0
739053,0
739054,0
739055,0
739056,0
739057,0
739058,0
739059,0
739060,1
739061,0
739062,0
739063,0
739064,6
739065,0
739066,0
739067,0
739068,0
739069,0
739070,0
739071,0
739072,0
739073,0
739074,0
739075,0
739076,0
739077,0
739078,0
739079,6
739080,0
739081,0
739082,0
739083,0
739084,4
739085,0
739086,0
739087,3
739088,7
739089,0
739090,0
739091,3
739092,0
739093,7
739094,0
739095,0
739096,0
739097,0
739098,0
739099,0
739100,0
739101,0
739102,0
739103,0
739104,0
739105,0
739106,0
739107,0
739108,0
739109,0
739110,0
739111,0
739112,0
739113,0
739114,0
739115,0
739116,0
739117,0
739118,0
739119,4
739120,0
739121,0
739122,4
739123,0
739124,0
739125,0
739126,0
739127,0
739128,0
739129,0
739130,0
739131,4
739132,0
739133,0
739134,5
739135,0
739136,0
739137,0
739138,0
739139,0
739140,0
739141,4
739142,0
739143,0
739144,4
739145,0
739146,0
739147,0
739148,0
739149,0
739150,0
739151,0
739152,0
739153,0
739154,1
739155,0
739156,0
739157,0
739158,0
739159,0
739160,0
739161,0
739162,0
739163,0
739164,0
739165,0
739166,0
739167,0
739168,0
739169,0
739170,0
739171,0
739172,0
739173,0
739174,3
739175,0
739176,0
739177,0
739178,3
739179,0
739180,0
739181,0
739182,0
739183,0
739184,0
739185,0
739186,0
739187,0
739188,0
739189,0
739190,0
739191,0
739192,0
739193,0
739194,0
739195,0
739196,0
739197,6
739198,0
739199,0
739200,0
739201,0
739202,0
739203,0
739204,0
739205,0
739206,0
739207,0
739208,0
739209,0
739210,0
739211,4
739212,0
739213,5
739214,0
739215,0
739216,0
739217,0
739218,0
739219,0
739220,0
739221,0
739222,0
739223,0
739224,4
739225,4
739226,0
739227,0
739228,0
739229,0
739230,0
739231,0
739232,0
739233,0
739234,0
739235,0
739236,0
739237,0
739238,0
739239,0
739240,0
739241,6
739242,0
739243,0
739244,0
739245,7
739246,0
739247,0
739248,0
739249,0
739250,0
739251,0
739252,0
739253,0
739254,0
739255,3
739256,0
739257,0
739258,0
739259,0
739260,8
739261,0
739262,0
739263,0
739264,0
739265,0
739266,0
739267,0
739268,0
739269,0
739270,0
739271,4
739272,0
739273,0
739274,0
739275,8
739276,0
739277,1
739278,0
739279,0
739280,6
739281,0
739282,0
739283,0
739284,0
739285,2
739286,0
739287,0
739288,0
739289,0
739290,0
739291,0
739292,0
739293,0
739294,0
739295,0
739296,0
739297,0
739298,0
739299,0
739300,0
739301,0
739302,0
739303,0
739304,0
739305,0
739306,0
739307,0
739308,0
739309,0
739310,0
739311,0
739312,0
739313,0
739314,0
739315,0
739316,0
739317,0
739318,0
739319,0
739320,0
739321,0
739322,0
739323,4
739324,4
739325,0
739326,0
739327,0
739328,0
739329,6
739330,0
739331,0
739332,0
739333,0
739334,0
739335,0
739336,0
739337,0
739338,4
739339,0
739340,0
739341,0
739342,0
739343,0
739344,0
739345,0
739346,0
739347,0
739348,0
739349,0
739350,0
739351,0
739352,7
739353,0
739354,0
739355,0
739356,0
739357,0
739358,0
739359,6
739360,6
739361,0
739362,0
739363,0
739364,0
739365,0
739366,0
739367,0
739368,6
739369,0
739370,0
739371,0
739372,0
739373,0
739374,2
739375,0
739376,0
739377,0
739378,0
739379,0
739380,0
739381,0
739382,0
739383,0
739384,0
739385,0
739386,3
739387,4
739388,0
739389,0
739390,0
739391,0
739392,0
739393,0
739394,0
739395,0
739396,0
739397,0
739398,0
739399,5
739400,0
739401,0
739402,0
739403,3
739404,0
739405,0
739406,2
739407,3
739408,0
739409,0
739410,0
739411,0
739412,0
739413,7
739414,0
739415,0
739416,0
739417,0
739418,30
739419,0
739420,0
739421,0
739422,0
739423,0
739424,0
739425,0
739426,32
739427,0
739428,0
739429,0
739430,0
739431,0
739432,44
739433,0
739434,0
739435,0
739436,0
739437,0
739438,0
739439,0
739440,0
739441,23
739442,49
739443,27
739444,0
739445,0
739446,0
739447,0
739448,0
739449,25
739450,0
739451,27
739452,0
739453,0
739454,0
739455,0
739456,0
739457,0
739458,0
739459,0
739460,37
739461,0
739462,0
739463,33
739464,30
739465,0
739466,0
739467,0
739468,0
739469,38
739470,40
739471,0
739472,0
739473,25
739474,0
739475,0
739476,0
739477,0
739478,0
739479,0
739480,22
739481,0
739482,0
739483,0
739484,0
739485,0
739486,0
739487,0
739488,0
739489,0
739490,0
739491,0
739492,0
739493,0
739494,0
739495,0
739496,0
739497,0
739498,0
739499,0
739500,0
739501,0
739502,0
739503,37
739504,0
739505,29
739506,0
739507,0
739508,30
739509,0
739510,0
739511,0
739512,0
739513,41
739514,0
739515,0
739516,39
739517,0
739518,0
739519,0
739520,0
739521,0
739522,0
739523,0
739524,0
739525,0
739526,38
739527,0
739528,0
739529,31
739530,0
739531,0
739532,26
739533,0
739534,0
739535,0
739536,28
739537,0
739538,19
739539,0
739540,0
739541,0
739542,0
739543,0
739544,34
739545,24
739546,0
739547,0
739548,0
739549,0
739550,22
739551,37
739552,33
739553,0
739554,0
739555,38
739556,33
739557,0
739558,0
739559,0
739560,37
739561,36
739562,0
739563,26
739564,0
739565,0
739566,0
739567,0
739568,0
739569,0
739570,0
739571,31
739572,36
739573,0
739574,0
739575,25
739576,0
739577,0
739578,0
739579,0
739580,0
739581,0
739582,0
739583,0
739584,38
739585,31
739586,0
739587,0
739588,0
739589,0
739590,0
739591,30
739592,0
739593,0
739594,0
739595,0
739596,0
739597,0
739598,0
739599,0
739600,0
739601,0
739602,0
739603,0
739604,0
739605,0
739606,0
739607,0
739608,22
739609,0
739610,0
739611,0
739612,0
739613,32
739614,0
739615,0
739616,0
739617,0
739618,0
739619,0
739620,31
739621,0
739622,0
739623,0
739624,0
739625,0
739626,0
739627,0
739628,0
739629,27
739630,0
739631,40
739632,33
739633,33
739634,0
739635,0
739636,0
739637,0
739638,0
739639,0
739640,0
739641,34
739642,33
739643,0
739644,0
739645,0
739646,32
739647,0
739648,28
739649,0
739650,0
739651,0
739652,32
739653,0
739654,0
739655,0
739656,0
739657,0
739658,0
739659,0
739660,0
739661,38
739662,0
739663,0
739664,27
739665,0
739666,0
739667,0
739668,0
739669,0
739670,0
739671,17
739672,37
739673,0
739674,0
739675,0
739676,0
739677,36
739678,0
739679,33
739680,34
739681,0
739682,0
739683,0
739684,28
739685,37
739686,0
739687,0
739688,44
739689,40
739690,0
739691,0
739692,32
739693,0
739694,28
739695,0
739696,0
739697,0
739698,0
739699,0
739700,30
739701,0
739702,0
739703,0
739704,0
739705,0
739706,0
739707,0
739708,0
739709,0
739710,0
739711,0
739712,0
739713,0
739714,0
739715,32
739716,0
739717,0
739718,34
739719,0
739720,0
739721,30
739722,0
739723,0
739724,33
739725,0
739726,27
739727,0
739728,0
739729,0
739730,0
739731,0
739732,24
739733,0
739734,0
739735,42
739736,32
739737,0
739738,0
739739,0
739740,0
739741,0
739742,0
739743,0
739744,0
739745,0
739746,0
739747,33
739748,0
739749,0
739750,0
739751,0
739752,0
739753,0
739754,27
739755,30
739756,0
739757,31
739758,0
739759,0
739760,29
739761,0
739762,0
739763,0
739764,0
739765,0
739766,0
739767,22
739768,32
739769,0
739770,0
739771,0
739772,0
739773,45
739774,39
739775,26
739776,0
739777,0
739778,0
739779,42
739780,0
739781,0
739782,34
739783,0
739784,0
739785,43
739786,0
739787,0
739788,0
739789,0
739790,33
739791,40
739792,0
739793,0
739794,0
739795,0
739796,0
739797,0
739798,47
739799,0
739800,32
739801,0
739802,44
739803,0
739804,0
739805,0
739806,0
739807,34
739808,21
739809,0
739810,0
739811,0
739812,0
739813,0
739814,0
739815,0
739816,0
739817,0
739818,0
739819,0
739820,0
739821,0
739822,0
739823,0
739824,0
739825,0
739826,0
739827,0
739828,0
739829,33
739830,0
739831,0
739832,0
739833,0
739834,0
739835,0
739836,0
739837,0
739838,51
739839,0
739840,0
739841,0
739842,0
739843,0
739844,0
739845,38
739846,48
739847,30
739848,0
739849,0
739850,33
739851,41
739852,33
739853,0
739854,21
739855,0
739856,0
739857,0
739858,0
739859,0
739860,0
739861,0
739862,0
739863,0
739864,32
739865,0
739866,0
739867,34
739868,0
739869,36
739870,0
739871,0
739872,0
739873,0
739874,0
739875,0
739876,0
739877,0
739878,0
739879,0
739880,0
739881,36
739882,0
739883,0
739884,0
739885,0
739886,0
739887,17
739888,23
739889,0
739890,0
739891,0
739892,0
739893,41
739894,36
739895,0
739896,0
739897,37
739898,0
739899,0
739900,0
739901,0
739902,0
739903,0
739904,0
739905,46
739906,0
739907,0
739908,0
739909,0
739910,0
739911,0
739912,30
739913,0
739914,33
739915,32
739916,0
739917,37
739918,28
739919,0
739920,0
739921,0
739922,0
739923,0
739924,0
739925,0
739926,24
739927,31
739928,0
739929,0
739930,0
739931,0
739932,0
739933,33
739934,0
739935,0
739936,0
739937,0
739938,0
739939,0
739940,0
739941,0
739942,0
739943,0
739944,0
739945,0
739946,0
739947,0
739948,36
739949,0
739950,31
739951,0
739952,0
739953,0
739954,0
739955,35
739956,0
739957,0
739958,0
739959,0
739960,0
739961,0
739962,0
739963,0
739964,0
739965,30
739966,38
739967,0
739968,0
739969,0
739970,0
739971,0
739972,0
739973,0
739974,0
739975,0
739976,0
739977,0
739978,0
739979,0
739980,0
739981,0
739982,0
739983,0
739984,0
739985,0
739986,0
739987,0
739988,0
739989,0
739990,0
739991,0
739992,0
739993,0
739994,0
739995,0
739996,0
739997,0
739998,0
739999,0
740000,0
740001,0
740002,0
740003,48
740004,0
740005,0
740006,0
740007,0
740008,0
740009,0
740010,0
740011,0
740012,0
740013,0
740014,0
740015,0
740016,0
740017,0
740018,0
740019,0
740020,0
740021,24
740022,0
740023,0
740024,0
740025,0
740026,0
740027,0
740028,0
740029,0
740030,0
740031,0
740032,0
740033,0
740034,0
740035,0
740036,0
740037,0
740038,0
740039,0
740040,0
740041,0
740042,0
740043,0
740044,0
740045,0
740046,0
740047,0
740048,0
740049,0
740050,0
740051,0
740052,0
740053,0
740054,0
740055,0
740056,0
740057,0
740058,0
740059,0
740060,0
740061,0
740062,0
740063,0
740064,0
740065,0
740066,0
740067,0
740068,0
740069,0
740070,0
740071,0
740072,0
740073,0
740074,0
740075,0
740076,0
740077,0
740078,0
740079,0
740080,0
740081,0
740082,0
740083,0
740084,0
740085,0
740086,0
740087,0
740088,0
740089,0
740090,25
740091,0
740092,0
740093,0
740094,0
740095,0
740096,0
740097,0
740098,0
740099,0
740100,0
740101,0
740102,37
740103,0
740104,0
740105,0
740106,0
740107,0
740108,0
740109,0
740110,0
740111,0
740112,0
740113,0
740114,0
740115,0
740116,0
740117,21
740118,0
740119,0
740120,0
740121,0
740122,0
740123,0
740124,0
740125,0
740126,0
740127,48
740128,0
740129,0
740130,0
740131,0
740132,0
740133,0
740134,0
740135,0
740136,0
740137,0
740138,0
740139,39
740140,0
740141,0
740142,0
740143,0
740144,0
740145,37
740146,0
740147,0
740148,51
740149,0
740150,0
740151,0
740152,0
740153,46
740154,42
740155,0
740156,0
740157,0
740158,0
740159,0
740160,0
740161,0
740162,41
740163,0
740164,0
740165,0
740166,0
740167,0
740168,0
740169,0
740170,0
740171,0
740172,0
740173,0
740174,0
740175,0
740176,0
740177,0
740178,36
740179,0
740180,0
740181,0
740182,25
740183,0
740184,0
740185,0
740186,0
740187,0
740188,0
740189,0
740190,0
740191,0
740192,0
740193,0
740194,0
740195,0
740196,0
740197,0
740198,0
740199,0
740200,0
740201,0
740202,0
740203,0
740204,0
740205,0
740206,0
740207,0
740208,0
740209,0
740210,0
740211,0
740212,31
740213,0
740214,0
740215,0
740216,0
740217,0
740218,0
740219,0
740220,31
740221,0
740222,0
740223,0
740224,52
740225,0
740226,0
740227,32
740228,0
740229,0
740230,0
740231,0
740232,43
740233,0
740234,0
740235,0
740236,0
740237,0
740238,0
740239,33
740240,0
740241,0
740242,0
740243,0
740244,0
740245,0
740246,0
740247,0
740248,0
740249,0
740250,0
740251,0
740252,0
740253,0
740254,38
740255,0
740256,35
740257,0
740258,0
740259,0
740260,0
740261,0
740262,0
740263,30
740264,0
740265,0
740266,0
740267,0
740268,0
740269,0
740270,0
740271,0
740272,0
740273,0
740274,0
740275,0
740276,26
740277,38
740278,0
740279,0
740280,0
740281,0
740282,0
740283,0
740284,15
740285,0
740286,0
740287,46
740288,38
740289,0
740290,0
740291,0
740292,0
740293,0
740294,0
740295,0
740296,0
740297,0
740298,0
740299,0
740300,0
740301,0
740302,0
740303,0
740304,0
740305,0
740306,0
740307,0
740308,39
740309,0
740310,0
740311,0
740312,0
740313,0
740314,0
740315,0
740316,0
740317,0
740318,0
740319,0
740320,0
740321,0
740322,0
740323,28
740324,0
740325,0
740326,0
740327,0
740328,0
740329,0
740330,0
740331,0
740332,0
740333,0
740334,0
740335,0
740336,0
740337,0
740338,29
740339,0
740340,0
740341,29
740342,0
740343,0
740344,0
740345,0
740346,0
740347,0
740348,21
740349,0
740350,0
740351,0
740352,0
740353,0
740354,0
740355,0
740356,0
740357,0
740358,0
740359,0
740360,0
740361,0
740362,0
740363,0
740364,0
740365,0
740366,0
740367,0
740368,0
740369,0
740370,0
740371,0
740372,0
740373,0
740374,0
740375,0
740376,0
740377,0
740378,0
740379,0
740380,0
740381,0
740382,0
740383,0
740384,0
740385,29
740386,0
740387,0
740388,0
740389,0
740390,0
740391,0
740392,0
740393,0
740394,0
740395,0
740396,0
740397,0
740398,0
740399,0
740400,0
740401,0
740402,0
740403,0
740404,0
740405,0
740406,0
740407,0
740408,0
740409,0
740410,0
740411,0
740412,0
740413,0
740414,0
740415,0
740416,0
740417,0
740418,0
740419,34
740420,0
740421,0
740422,0
740423,0
740424,0
740425,43
740426,0
740427,0
740428,0
740429,0
740430,0
740431,0
740432,0
740433,0
740434,0
740435,0
740436,0
740437,0
740438,0
740439,0
740440,0
740441,0
740442,0
740443,0
740444,0
740445,0
740446,0
740447,0
740448,0
740449,0
740450,0
740451,0
740452,0
740453,0
740454,0
740455,0
740456,0
740457,0
740458,0
740459,0
740460,0
740461,0
740462,0
740463,0
740464,0
740465,0
740466,0
740467,0
740468,0
740469,0
740470,0
740471,0
740472,0
740473,0
740474,0
740475,0
740476,0
740477,20
740478,0
740479,0
740480,12
740481,0
740482,0
740483,0
740484,0
740485,0
740486,0
740487,0
740488,0
740489,0
740490,0
740491,0
740492,23
740493,0
740494,0
740495,0
740496,0
740497,13
740498,23
740499,0
740500,0
740501,0
740502,30
740503,26
740504,0
740505,29
740506,20
740507,22
740508,0
740509,0
740510,0
740511,0
740512,0
740513,0
740514,0
740515,0
740516,0
740517,0
740518,16
740519,0
740520,0
740521,0
740522,0
740523,0
740524,0
740525,0
740526,23
740527,0
740528,13
740529,0
740530,0
740531,0
740532,0
740533,48
740534,0
740535,0
740536,0
740537,0
740538,0
740539,27
740540,0
740541,0
740542,0
740543,0
740544,0
740545,0
740546,0
740547,27
740548,0
740549,0
740550,0
740551,0
740552,0
740553,0
740554,0
740555,23
740556,0
740557,0
740558,0
740559,0
740560,0
740561,0
740562,0
740563,23
740564,0
740565,0
740566,0
740567,0
740568,0
740569,27
740570,0
740571,0
740572,0
740573,18
740574,0
740575,22
740576,0
740577,0
740578,0
740579,22
740580,0
740581,16
740582,19
740583,0
740584,0
740585,23
740586,0
740587,0
740588,17
740589,0
740590,0
740591,0
740592,0
740593,26
740594,0
740595,34
740596,0
740597,14
740598,0
740599,0
740600,0
740601,0
740602,0
740603,0
740604,0
740605,0
740606,0
740607,0
740608,0
740609,15
740610,0
740611,26
740612,0
740613,24
740614,0
740615,19
740616,0
740617,0
740618,0
740619,0
740620,0
740621,0
740622,0
740623,0
740624,15
740625,49
740626,23
740627,0
740628,0
740629,21
740630,0
740631,0
740632,0
740633,0
740634,0
740635,0
740636,0
740637,0
740638,0
740639,0
740640,0
740641,0
740642,23
740643,21
740644,0
740645,8
740646,0
740647,18
740648,0
740649,0
740650,0
740651,0
740652,0
740653,0
740654,0
740655,0
740656,0
740657,21
740658,0
740659,0
740660,0
740661,23
740662,0
740663,0
740664,0
740665,0
740666,0
740667,15
740668,0
740669,29
740670,0
740671,0
740672,0
740673,20
740674,0
740675,0
740676,0
740677,0
740678,0
740679,0
740680,0
740681,0
740682,0
740683,0
740684,0
740685,0
740686,18
740687,0
740688,0
740689,0
740690,0
740691,0
740692,25
740693,0
740694,0
740695,11
740696,0
740697,0
740698,0
740699,13
740700,29
740701,0
740702,0
740703,0
740704,0
740705,0
740706,0
740707,0
740708,0
740709,0
740710,0
740711,18
740712,0
740713,0
740714,0
740715,0
740716,14
740717,38
740718,0
740719,0
740720,15
740721,0
740722,0
740723,0
740724,17
740725,29
740726,0
740727,0
740728,26
740729,0
740730,0
740731,0
740732,0
740733,0
740734,0
740735,0
740736,0
740737,0
740738,0
740739,20
740740,0
740741,25
740742,20
740743,0
740744,0
740745,0
740746,27
740747,23
740748,0
740749,0
740750,10
740751,0
740752,0
740753,0
740754,0
740755,30
740756,0
740757,26
740758,0
740759,0
740760,0
740761,0
740762,37
740763,0
740764,16
740765,0
740766,0
740767,0
740768,15
740769,0
740770,0
740771,11
740772,0
740773,32
740774,0
740775,0
740776,0
740777,0
740778,0
740779,0
740780,18
740781,0
740782,0
740783,0
740784,0
740785,0
740786,22
740787,0
740788,35
740789,0
740790,0
740791,34
740792,9
740793,0
740794,0
740795,0
740796,30
740797,0
740798,0
740799,0
740800,18
740801,0
740802,0
740803,20
740804,0
740805,0
740806,0
740807,0
740808,0
740809,0
740810,0
740811,0
740812,0
740813,0
740814,0
740815,0
740816,0
740817,0
740818,0
740819,0
740820,0
740821,0
740822,0
740823,0
740824,0
740825,0
740826,0
740827,0
740828,24
740829,0
740830,0
740831,0
740832,0
740833,0
740834,0
740835,0
740836,0
740837,0
740838,33
740839,0
740840,0
740841,0
740842,0
740843,25
740844,0
740845,12
740846,0
740847,11
740848,17
740849,0
740850,0
740851,0
740852,0
740853,30
740854,0
740855,0
740856,0
740857,0
740858,0
740859,0
740860,0
740861,0
740862,0
740863,15
740864,24
740865,0
740866,0
740867,0
740868,0
740869,0
740870,0
740871,0
740872,0
740873,0
740874,0
740875,0
740876,0
740877,25
740878,0
740879,0
740880,0
740881,0
740882,0
740883,0
740884,0
740885,0
740886,0
740887,0
740888,41
740889,0
740890,0
740891,0
740892,0
740893,0
740894,0
740895,0
740896,0
740897,24
740898,0
740899,0
740900,0
740901,0
740902,0
740903,0
740904,0
740905,28
740906,43
740907,0
740908,0
740909,0
740910,0
740911,0
740912,0
740913,0
740914,0
740915,17
740916,0
740917,0
740918,0
740919,0
740920,20
740921,0
740922,12
740923,0
740924,27
740925,0
740926,0
740927,16
740928,0
740929,16
740930,0
740931,21
740932,0
740933,0
740934,0
740935,21
740936,0
740937,0
740938,0
740939,0
740940,0
740941,0
740942,21
740943,0
740944,23
740945,0
740946,0
740947,0
740948,0
740949,0
740950,0
740951,0
740952,0
740953,32
740954,0
740955,0
740956,0
740957,0
740958,0
740959,0
740960,18
740961,0
740962,14
740963,0
740964,0
740965,0
740966,0
740967,0
740968,35
740969,0
740970,0
740971,0
740972,29
740973,0
740974,0
740975,0
740976,0
740977,0
740978,0
740979,0
740980,0
740981,0
740982,0
740983,0
740984,15
740985,0
740986,16
740987,0
740988,21
740989,0
740990,18
740991,0
740992,0
740993,0
740994,0
740995,14
740996,0
740997,0
740998,0
740999,0
741000,0
741001,0
741002,0
741003,0
741004,0
741005,0
741006,0
741007,0
741008,27
741009,0
741010,0
741011,0
741012,0
741013,0
741014,0
741015,0
741016,0
741017,0
741018,20
741019,15
741020,0
741021,38
741022,0
741023,0
741024,17
741025,0
741026,0
741027,0
741028,0
741029,0
741030,0
741031,0
741032,0
741033,0
741034,0
741035,0
741036,28
741037,0
741038,22
741039,0
741040,0
741041,0
741042,22
741043,0
741044,0
741045,0
741046,25
741047,0
741048,0
741049,17
741050,0
741051,0
741052,0
741053,0
741054,0
741055,0
741056,31
741057,0
741058,0
741059,0
741060,25
741061,0
741062,0
741063,0
741064,0
741065,0
741066,26
741067,0
741068,0
741069,0
741070,0
741071,0
741072,19
741073,0
741074,0
741075,0
741076,0
741077,26
741078,29
741079,0
741080,0
741081,0
741082,0
741083,0
741084,0
741085,0
741086,0
741087,27
741088,0
741089,0
741090,0
741091,0
741092,0
741093,18
741094,0
741095,0
741096,0
741097,32
741098,0
741099,0
741100,0
741101,0
741102,0
741103,27
741104,18
741105,0
741106,0
741107,30
741108,0
741109,0
741110,21
741111,0
741112,11
741113,0
741114,18
741115,0
741116,0
741117,0
741118,0
741119,0
741120,17
741121,0
741122,0
741123,0
741124,20
741125,0
741126,19
741127,0
741128,0
741129,33
741130,0
741131,0
741132,0
741133,0
741134,23
741135,0
741136,0
741137,18
741138,0
741139,0
741140,0
741141,16
741142,24
741143,0
741144,33
741145,0
741146,29
741147,32
741148,0
741149,0
741150,0
741151,24
741152,0
741153,0
741154,0
741155,0
741156,22
741157,0
741158,0
741159,0
741160,0
741161,0
741162,0
741163,0
741164,0
741165,0
741166,24
741167,0
741168,0
741169,0
741170,0
741171,0
741172,0
741173,0
741174,29
741175,19
741176,0
741177,0
741178,0
741179,34
741180,21
741181,0
741182,0
741183,0
741184,0
741185,0
741186,0
741187,0
741188,0
741189,0
741190,0
741191,22
741192,0
741193,0
741194,13
741195,23
741196,0
741197,0
741198,18
741199,0
741200,0
741201,0
741202,0
741203,0
741204,0
741205,0
741206,0
741207,26
741208,0
741209,0
741210,0
741211,0
741212,19
741213,0
741214,0
741215,33
741216,0
741217,43
741218,0
741219,37
741220,0
741221,0
741222,0
741223,34
741224,0
741225,42
741226,31
741227,0
741228,25
741229,19
741230,36
741231,0
741232,0
741233,0
741234,27
741235,40
741236,40
741237,0
741238,0
741239,0
741240,0
741241,35
741242,0
741243,25
741244,0
741245,0
741246,0
741247,23
741248,22
741249,0
741250,27
741251,0
741252,0
741253,0
741254,35
741255,0
741256,32
741257,35
741258,33
741259,0
741260,0
741261,0
741262,38
741263,0
741264,0
741265,34
741266,36
741267,0
741268,48
741269,0
741270,0
741271,0
741272,0
741273,0
741274,0
741275,37
741276,0
741277,0
741278,0
741279,0
741280,0
741281,0
741282,29
741283,0
741284,0
741285,0
741286,35
741287,0
741288,0
741289,0
741290,0
741291,0
741292,0
741293,0
741294,0
741295,0
741296,0
741297,0
741298,39
741299,0
741300,0
741301,33
741302,0
741303,34
741304,0
741305,0
741306,0
741307,35
741308,0
741309,0
741310,0
741311,0
741312,48
741313,0
741314,40
741315,25
741316,0
741317,0
741318,29
741319,0
741320,0
741321,18
741322,0
741323,0
741324,0
741325,0
741326,41
741327,0
741328,0
741329,0
741330,0
741331,29
741332,0
741333,0
741334,0
741335,0
741336,36
741337,0
741338,0
741339,0
741340,0
741341,0
741342,0
741343,0
741344,44
741345,25
741346,37
741347,0
741348,0
741349,26
741350,0
741351,24
741352,0
741353,0
741354,0
741355,55
741356,0
741357,0
741358,0
741359,24
741360,0
741361,0
741362,0
741363,0
741364,0
741365,0
741366,0
741367,0
741368,0
741369,22
741370,0
741371,0
741372,0
741373,37
741374,0
741375,36
741376,0
741377,32
741378,0
741379,0
741380,37
741381,28
741382,0
741383,35
741384,32
741385,0
741386,0
741387,0
741388,0
741389,0
741390,0
741391,0
741392,0
741393,42
741394,29
741395,0
741396,0
741397,31
741398,0
741399,0
741400,0
741401,0
741402,0
741403,34
741404,0
741405,0
741406,0
741407,0
741408,0
741409,0
741410,34
741411,0
741412,0
741413,0
741414,0
741415,34
741416,0
741417,34
741418,0
741419,0
741420,0
741421,27
741422,0
741423,0
741424,0
741425,0
741426,38
741427,0
741428,32
741429,27
741430,0
741431,29
741432,35
741433,0
741434,0
741435,0
741436,0
741437,0
741438,0
741439,0
741440,0
741441,33
741442,0
741443,0
741444,0
741445,0
741446,38
741447,0
741448,33
741449,50
741450,0
741451,47
741452,41
741453,0
741454,0
741455,0
741456,37
741457,0
741458,43
741459,0
741460,51
741461,38
741462,28
741463,39
741464,0
741465,0
741466,32
741467,39
741468,0
741469,0
741470,0
741471,31
741472,0
741473,0
741474,0
741475,30
741476,31
741477,0
741478,0
741479,0
741480,43
741481,0
741482,0
741483,27
741484,44
741485,39
741486,39
741487,0
741488,0
741489,35
741490,0
741491,0
741492,0
741493,0
741494,0
741495,0
741496,0
741497,0
741498,0
741499,0
741500,32
741501,0
741502,0
741503,27
741504,30
741505,0
741506,0
741507,0
741508,0
741509,0
741510,37
741511,0
741512,29
741513,0
741514,41
741515,22
741516,0
741517,0
741518,0
741519,38
741520,30
741521,0
741522,0
741523,0
741524,31
741525,0
741526,0
741527,0
741528,0
741529,0
741530,0
741531,38
741532,46
741533,0
741534,0
741535,32
741536,0
741537,0
741538,25
741539,0
741540,0
741541,0
741542,30
741543,0
741544,0
741545,0
741546,0
741547,0
741548,0
741549,53
741550,0
741551,0
741552,29
741553,0
741554,0
741555,0
741556,0
741557,0
741558,34
741559,0
741560,0
741561,0
741562,30
741563,0
741564,0
741565,0
741566,0
741567,34
741568,0
741569,0
741570,24
741571,0
741572,0
741573,0
741574,0
741575,0
741576,26
741577,41
741578,46
741579,0
741580,0
741581,0
741582,0
741583,0
741584,0
741585,0
741586,0
741587,0
741588,0
741589,31
741590,0
741591,0
741592,0
741593,32
741594,26
741595,0
741596,18
741597,42
741598,0
741599,0
741600,18
741601,27
741602,0
741603,0
741604,22
741605,20
741606,0
741607,25
741608,0
741609,0
741610,0
741611,0
741612,0
741613,0
741614,0
741615,0
741616,50
741617,0
741618,25
741619,46
741620,0
741621,0
741622,0
741623,0
741624,0
741625,25
741626,0
741627,32
741628,0
741629,52
741630,0
741631,25
741632,0
741633,0
741634,0
741635,0
741636,0
741637,44
741638,0
741639,0
741640,0
741641,41
741642,0
741643,0
741644,0
741645,31
741646,45
741647,0
741648,0
741649,0
741650,0
741651,0
741652,0
741653,0
741654,0
741655,0
741656,0
741657,0
741658,0
741659,0
741660,28
741661,18
741662,0
741663,0
741664,0
741665,0
741666,0
741667,0
741668,31
741669,0
741670,0
741671,29
741672,0
741673,0
741674,0
741675,0
741676,35
741677,26
741678,0
741679,0
741680,0
741681,47
741682,0
741683,0
741684,31
741685,0
741686,0
741687,0
741688,0
741689,0
741690,0
741691,0
741692,0
741693,0
741694,30
741695,33
741696,28
741697,43
741698,0
741699,0
741700,0
741701,0
741702,0
741703,0
741704,42
741705,0
741706,0
741707,41
741708,0
741709,0
741710,0
741711,0
741712,0
741713,0
741714,25
741715,23
741716,27
741717,0
741718,46
741719,0
741720,0
741721,0
741722,37
741723,46
741724,30
741725,0
741726,0
741727,0
741728,0
741729,0
741730,0
741731,0
741732,0
741733,0
741734,0
741735,25
741736,28
741737,0
741738,0
741739,0
741740,0
741741,0
741742,42
741743,26
741744,0
741745,0
741746,0
741747,39
741748,30
741749,0
741750,31
741751,30
741752,0
741753,0
741754,23
741755,0
741756,39
741757,24
741758,42
741759,19
741760,0
741761,41
741762,0
741763,27
741764,0
741765,16
741766,0
741767,0
741768,29
741769,30
741770,0
741771,0
741772,36
741773,0
741774,0
741775,0
741776,0
741777,32
741778,0
741779,0
741780,0
741781,0
741782,36
741783,0
741784,0
741785,0
741786,0
741787,0
741788,0
741789,29
741790,37
741791,0
741792,0
741793,0
741794,25
741795,0
741796,36
741797,0
741798,0
741799,0
741800,0
741801,32
741802,43
741803,0
741804,0
741805,0
741806,40
741807,0
741808,0
741809,0
741810,0
741811,32
741812,0
741813,0
741814,0
741815,0
741816,24
741817,25
741818,0
741819,0
741820,0
741821,0
741822,38
741823,0
741824,20
741825,0
741826,35
741827,0
741828,0
741829,25
741830,0
741831,0
741832,0
741833,36
741834,0
741835,0
741836,0
741837,36
741838,0
741839,0
741840,0
741841,51
741842,0
741843,0
741844,0
741845,0
741846,0
741847,37
741848,0
741849,0
741850,0
741851,0
741852,0
741853,30
741854,0
741855,0
741856,0
741857,0
741858,0
741859,0
741860,18
741861,0
741862,0
741863,0
741864,0
741865,0
741866,56
741867,0
741868,0
741869,0
741870,39
741871,26
741872,34
741873,35
741874,0
741875,0
741876,0
741877,18
741878,0
741879,0
741880,35
741881,0
741882,0
741883,37
741884,40
741885,0
741886,0
741887,0
741888,0
741889,19
741890,39
741891,0
741892,0
741893,0
741894,45
741895,35
741896,49
741897,0
741898,0
741899,0
741900,47
741901,29
741902,0
741903,0
741904,34
741905,0
741906,0
741907,0
741908,0
741909,0
741910,0
741911,0
741912,0
741913,0
741914,0
741915,0
741916,0
741917,27
741918,0
741919,0
741920,0
741921,0
741922,0
741923,0
741924,0
741925,32
741926,0
741927,41
741928,0
741929,0
741930,0
741931,0
741932,0
741933,0
741934,41
741935,46
741936,0
741937,0
741938,0
741939,57
741940,0
741941,0
741942,0
741943,0
741944,0
741945,0
741946,0
741947,0
741948,0
741949,32
741950,0
741951,0
741952,0
741953,0
741954,30
741955,38
741956,0
741957,0
741958,0
741959,0
741960,0
741961,0
741962,0
741963,0
741964,0
741965,0
741966,38
741967,34
741968,0
741969,0
741970,0
741971,0
741972,0
741973,37
741974,35
741975,0
741976,0
741977,0
741978,0
741979,0
741980,31
741981,0
741982,0
741983,33
741984,25
741985,0
741986,40
741987,0
741988,0
741989,0
741990,0
741991,0
741992,45
741993,0
741994,0
741995,0
741996,0
741997,0
741998,0
741999,0
742000,0
742001,0
742002,0
742003,43
742004,0
742005,0
742006,0
742007,0
742008,0
742009,0
742010,0
742011,0
742012,0
742013,0
742014,27
742015,0
742016,0
742017,41
742018,0
742019,0
742020,0
742021,0
742022,35
742023,0
742024,0
742025,0
742026,0
742027,0
742028,38
742029,0
742030,0
742031,28
742032,0
742033,46
742034,0
742035,28
742036,0
742037,0
742038,34
742039,0
742040,0
742041,0
742042,0
742043,0
742044,0
742045,26
742046,35
742047,0
742048,40
742049,39
742050,0
742051,41
742052,0
742053,0
742054,0
742055,0
742056,0
742057,43
742058,30
742059,0
742060,0
742061,0
742062,0
742063,27
742064,30
742065,0
742066,0
742067,0
742068,0
742069,0
742070,31
742071,39
742072,0
742073,40
742074,0
742075,0
742076,0
742077,0
742078,0
742079,0
742080,0
742081,38
742082,0
742083,44
742084,0
742085,0
742086,0
742087,34
742088,0
742089,0
742090,0
742091,0
742092,0
742093,33
742094,0
742095,0
742096,0
742097,0
742098,0
742099,27
742100,0
742101,40
742102,0
742103,0
742104,30
742105,0
742106,0
742107,0
742108,34
742109,54
742110,0
742111,0
742112,0
742113,0
742114,0
742115,43
742116,0
742117,0
742118,0
742119,34
742120,0
742121,0
742122,31
742123,0
742124,0
742125,0
742126,33
742127,0
742128,0
742129,28
742130,0
742131,0
742132,0
742133,0
742134,0
742135,0
742136,0
742137,0
742138,0
742139,25
742140,32
742141,0
742142,0
742143,0
742144,0
742145,0
742146,0
742147,0
742148,34
742149,0
742150,39
742151,0
742152,0
742153,0
742154,0
742155,0
742156,0
742157,0
742158,0
742159,0
742160,0
742161,0
742162,0
742163,0
742164,32
742165,0
742166,0
742167,0
742168,0
742169,0
742170,31
742171,40
742172,0
742173,0
742174,36
742175,0
742176,0
742177,0
742178,0
742179,0
742180,0
742181,0
742182,0
742183,0
742184,49
742185,0
742186,0
742187,0
742188,49
742189,0
742190,0
742191,0
742192,0
742193,0
742194,27
742195,0
742196,0
742197,0
742198,35
742199,0
742200,0
742201,0
742202,31
742203,0
742204,0
742205,0
742206,0
742207,41
742208,0
742209,0
742210,0
742211,0
742212,0
742213,0
742214,0
742215,0
742216,0
742217,0
742218,0
742219,0
742220,0
742221,0
742222,37
742223,0
742224,35
742225,0
742226,0
742227,0
742228,29
742229,0
742230,0
742231,0
742232,0
742233,0
742234,31
742235,0
742236,24
742237,0
742238,0
742239,0
742240,0
742241,0
742242,0
742243,26
742244,0
742245,0
742246,0
742247,0
742248,24
742249,0
742250,0
742251,0
742252,35
742253,0
742254,31
742255,41
742256,0
742257,0
742258,26
742259,45
742260,0
742261,0
742262,0
742263,0
742264,41
742265,0
742266,0
742267,0
742268,0
742269,29
742270,0
742271,0
742272,26
742273,0
742274,0
742275,0
742276,0
742277,0
742278,24
742279,35
742280,0
742281,0
742282,27
742283,0
742284,33
742285,48
742286,0
742287,42
742288,0
742289,0
742290,0
742291,32
742292,0
742293,31
742294,0
742295,0
742296,0
742297,0
742298,0
742299,46
742300,22
742301,0
742302,0
742303,0
742304,32
742305,0
742306,30
742307,0
742308,0
742309,0
742310,0
742311,0
742312,0
742313,0
742314,0
742315,26
742316,0
742317,0
742318,42
742319,0
742320,0
742321,0
742322,51
742323,41
742324,0
742325,0
742326,0
742327,47
742328,0
742329,0
742330,0
742331,0
742332,28
742333,0
742334,0
742335,0
742336,0
742337,0
742338,0
742339,0
742340,36
742341,38
742342,0
742343,0
742344,0
742345,0
742346,0
742347,35
742348,0
742349,0
742350,0
742351,0
742352,0
742353,0
742354,0
742355,0
742356,36
742357,52
742358,0
742359,0
742360,0
742361,0
742362,0
742363,0
742364,0
742365,0
742366,40
742367,0
742368,0
742369,0
742370,0
742371,0
742372,0
742373,0
742374,31
742375,0
742376,0
742377,0
742378,0
742379,19
742380,0
742381,30
742382,31
742383,0
742384,30
742385,31
742386,0
742387,0
742388,0
742389,0
742390,0
742391,0
742392,32
742393,0
742394,0
742395,0
742396,0
742397,0
742398,0
742399,0
742400,0
742401,0
742402,0
742403,0
742404,0
742405,0
742406,35
742407,0
742408,34
742409,0
742410,0
742411,0
742412,0
742413,40
742414,42
742415,0
742416,0
742417,0
742418,0
742419,0
742420,0
742421,0
742422,30
742423,0
742424,0
742425,24
742426,42
742427,0
742428,0
742429,0
742430,0
742431,0
742432,0
742433,0
742434,29
742435,0
742436,0
742437,0
742438,0
742439,0
742440,0
742441,31
742442,0
742443,0
742444,0
742445,35
742446,0
742447,36
742448,48
742449,0
742450,0
742451,0
742452,0
742453,0
742454,26
742455,0
742456,0
742457,0
742458,0
742459,0
742460,0
742461,0
742462,0
742463,0
742464,0
742465,0
742466,0
742467,0
742468,26
742469,0
742470,26
742471,22
742472,0
742473,34
742474,32
742475,0
742476,0
742477,0
742478,0
742479,46
742480,0
742481,0
742482,0
742483,33
742484,0
742485,0
742486,18
742487,30
742488,0
742489,0
742490,0
742491,35
742492,0
742493,0
742494,0
742495,39
742496,47
742497,0
742498,0
742499,0
742500,0
742501,35
742502,48
742503,0
742504,0
742505,0
742506,0
742507,37
742508,19
742509,0
742510,0
742511,0
742512,0
742513,0
742514,41
742515,0
742516,0
742517,0
742518,0
742519,0
742520,0
742521,31
742522,0
742523,0
742524,0
742525,0
742526,41
742527,0
742528,0
742529,34
742530,32
742531,0
742532,0
742533,0
742534,27
742535,36
742536,0
742537,0
742538,0
742539,0
742540,36
742541,28
742542,27
742543,0
742544,0
742545,0
742546,0
742547,0
742548,0
742549,0
742550,19
742551,0
742552,29
742553,0
742554,0
742555,0
742556,0
742557,0
742558,0
742559,0
742560,0
742561,32
742562,24
742563,0
742564,0
742565,0
742566,0
742567,0
742568,41
742569,0
742570,0
742571,0
742572,0
742573,36
742574,32
742575,35
742576,33
742577,0
742578,49
742579,35
742580,30
742581,0
742582,30
742583,0
742584,40
742585,0
742586,40
742587,0
742588,43
742589,0
742590,23
742591,0
742592,0
742593,0
742594,0
742595,0
742596,0
742597,0
742598,0
742599,0
742600,0
742601,0
742602,0
742603,0
742604,0
742605,0
742606,0
742607,29
742608,37
742609,0
742610,0
742611,0
742612,0
742613,0
742614,0
742615,0
742616,0
742617,0
742618,30
742619,0
742620,43
742621,0
742622,0
742623,0
742624,30
742625,0
742626,0
742627,0
742628,0
742629,39
742630,0
742631,43
742632,0
742633,0
742634,0
742635,30
742636,0
742637,0
742638,0
742639,0
742640,20
742641,0
742642,0
742643,0
742644,0
742645,0
742646,0
742647,0
742648,0
742649,0
742650,0
742651,48
742652,0
742653,0
742654,0
742655,46
742656,0
742657,0
742658,38
742659,0
742660,32
742661,22
742662,39
742663,0
742664,0
742665,0
742666,0
742667,0
742668,29
742669,0
742670,0
742671,0
742672,0
742673,0
742674,0
742675,0
742676,0
742677,33
742678,32
742679,0
742680,0
742681,30
742682,0
742683,37
742684,52
742685,0
742686,47
742687,0
742688,0
742689,29
742690,0
742691,0
742692,0
742693,24
742694,0
742695,0
742696,0
742697,0
742698,0
742699,0
742700,0
742701,0
742702,14
742703,0
742704,0
742705,0
742706,0
742707,0
742708,7
742709,0
742710,0
742711,0
742712,0
742713,30
742714,0
742715,0
742716,0
742717,27
742718,44
742719,0
742720,25
742721,0
742722,0
742723,19
742724,0
742725,39
742726,0
742727,0
742728,17
742729,0
742730,24
742731,33
742732,0
742733,0
742734,0
742735,0
742736,0
742737,14
742738,0
742739,0
742740,33
742741,0
742742,0
742743,0
742744,0
742745,0
742746,0
742747,0
742748,0
742749,0
742750,0
742751,19
742752,0
742753,20
742754,13
742755,0
742756,0
742757,0
742758,0
742759,0
742760,0
742761,0
742762,0
742763,26
742764,0
742765,0
742766,0
742767,22
742768,0
742769,0
742770,20
742771,0
742772,0
742773,0
742774,0
742775,0
742776,0
742777,0
742778,0
742779,0
742780,19
742781,20
742782,0
742783,24
742784,0
742785,15
742786,0
742787,26
742788,0
742789,0
742790,0
742791,0
742792,0
742793,17
742794,0
742795,0
742796,0
742797,13
742798,0
742799,0
742800,0
742801,0
742802,0
742803,14
742804,14
742805,41
742806,0
742807,0
742808,14
742809,0
742810,0
742811,0
742812,0
742813,20
742814,0
742815,28
742816,0
742817,0
742818,0
742819,0
742820,0
742821,0
742822,0
742823,0
742824,0
742825,0
742826,0
742827,0
742828,0
742829,0
742830,0
742831,0
742832,0
742833,0
742834,0
742835,0
742836,0
742837,0
742838,0
742839,0
742840,0
742841,0
742842,0
742843,0
742844,0
742845,0
742846,0
742847,0
742848,0
742849,0
742850,0
742851,0
742852,0
742853,0
742854,0
742855,0
742856,0
742857,0
742858,0
742859,0
742860,21
742861,0
742862,15
742863,16
742864,0
742865,0
742866,12
742867,0
742868,0
742869,10
742870,26
742871,14
742872,0
742873,0
742874,23
742875,0
742876,19
742877,0
742878,21
742879,0
742880,0
742881,0
742882,30
742883,0
742884,0
742885,0
742886,0
742887,0
742888,25
742889,0
742890,24
742891,0
742892,33
742893,0
742894,0
742895,0
742896,0
742897,0
742898,0
742899,0
742900,0
742901,14
742902,0
742903,0
742904,51
742905,0
742906,0
742907,0
742908,24
742909,25
742910,0
742911,0
742912,0
742913,0
742914,0
742915,0
742916,0
742917,0
742918,0
742919,0
742920,0
742921,0
742922,0
742923,0
742924,0
742925,0
742926,0
742927,0
742928,22
742929,0
742930,0
742931,0
742932,0
742933,0
742934,0
742935,0
742936,0
742937,0
742938,0
742939,0
742940,0
742941,0
742942,22
742943,0
742944,12
742945,17
742946,0
742947,0
742948,0
742949,0
742950,0
742951,0
742952,0
742953,0
742954,0
742955,0
742956,0
742957,0
742958,0
742959,0
742960,0
742961,0
742962,0
742963,0
742964,0
742965,0
742966,0
742967,0
742968,0
742969,0
742970,0
742971,1
742972,0
742973,0
742974,0
742975,0
742976,0
742977,0
742978,0
742979,0
742980,0
742981,0
742982,0
742983,0
742984,0
742985,0
742986,0
742987,0
742988,0
742989,0
742990,0
742991,0
742992,0
742993,0
742994,0
742995,0
742996,0
742997,0
742998,0
742999,0
743000,0
743001,0
743002,0
743003,0
743004,0
743005,0
743006,0
743007,0
743008,0
743009,0
743010,0
743011,0
743012,0
743013,0
743014,0
743015,0
743016,0
743017,0
743018,0
743019,0
743020,0
743021,0
743022,0
743023,0
743024,0
743025,0
743026,0
743027,0
743028,0
743029,0
743030,0
743031,0
743032,0
743033,0
743034,0
743035,0
743036,0
743037,0
743038,0
743039,0
743040,0
743041,0
743042,0
743043,0
743044,0
743045,0
743046,0
743047,0
743048,0
743049,0
743050,0
743051,0
743052,0
743053,0
743054,0
743055,0
743056,0
743057,0
743058,0
743059,0
743060,1
743061,0
743062,0
743063,0
743064,0
743065,0
743066,0
743067,0
743068,0
743069,0
743070,0
743071,0
743072,0
743073,0
743074,0
743075,0
743076,0
743077,0
743078,0
743079,0
743080,0
743081,0
743082,0
743083,0
743084,0
743085,0
743086,0
743087,0
743088,0
743089,0
743090,0
743091,0
743092,0
743093,0
743094,0
743095,0
743096,0
743097,0
743098,0
743099,0
743100,0
743101,0
743102,0
743103,0
743104,0
743105,0
743106,0
743107,0
743108,0
743109,0
743110,0
743111,0
743112,0
743113,0
743114,0
743115,0
743116,0
743117,0
743118,0
743119,0
743120,0
743121,0
743122,0
743123,0
743124,0
743125,0
743126,0
743127,0
743128,0
743129,0
743130,0
743131,0
743132,0
743133,0
743134,0
743135,0
743136,0
743137,0
743138,0
743139,0
743140,0
743141,0
743142,0
743143,0
743144,0
743145,0
743146,0
743147,0
743148,0
743149,0
743150,0
743151,0
743152,0
743153,0
743154,0
743155,0
743156,0
743157,0
743158,0
743159,0
743160,0
743161,0
743162,0
743163,0
743164,0
743165,0
743166,0
743167,0
743168,0
743169,0
743170,0
743171,0
743172,0
743173,0
743174,0
743175,0
743176,0
743177,0
743178,0
743179,0
743180,0
743181,0
743182,0
743183,0
743184,0
743185,0
743186,0
743187,0
743188,0
743189,0
743190,0
743191,0
743192,0
743193,0
743194,0
743195,0
743196,0
743197,0
743198,0
743199,0
743200,0
743201,0
743202,0
743203,0
743204,0
743205,0
743206,0
743207,0
743208,0
743209,0
743210,0
743211,0
743212,0
743213,0
743214,0
743215,0
743216,0
743217,0
743218,0
743219,0
743220,0
743221,0
743222,0
743223,0
743224,0
743225,0
743226,0
743227,0
743228,0
743229,0
743230,0
743231,0
743232,0
743233,0
743234,0
743235,0
743236,0
743237,0
743238,0
743239,0
743240,0
743241,0
743242,0
743243,0
743244,0
743245,0
743246,0
743247,0
743248,0
743249,0
743250,0
743251,0
743252,0
743253,0
743254,0
743255,0
743256,0
743257,0
743258,0
743259,0
743260,0
743261,0
743262,0
743263,0
743264,0
743265,0
743266,0
743267,0
743268,0
743269,0
743270,0
743271,0
743272,0
743273,0
743274,0
743275,0
743276,0
743277,0
743278,0
743279,0
743280,0
743281,0
743282,0
743283,0
743284,0
743285,0
743286,0
743287,0
743288,0
743289,0
743290,0
743291,0
743292,0
743293,0
743294,0
743295,0
743296,0
743297,0
743298,0
743299,0
743300,0
743301,0
743302,0
743303,0
743304,0
743305,0
743306,0
743307,0
743308,0
743309,0
743310,0
743311,0
743312,0
743313,0
743314,0
743315,0
743316,1
743317,0
743318,0
743319,0
743320,0
743321,0
743322,0
743323,0
743324,0
743325,0
743326,0
743327,0
743328,0
743329,0
743330,0
743331,0
743332,0
743333,0
743334,0
743335,0
743336,0
743337,0
743338,0
743339,0
743340,0
743341,0
743342,0
743343,0
743344,0
743345,0
743346,0
743347,0
743348,0
743349,0
743350,0
743351,0
743352,0
743353,0
743354,0
743355,0
743356,0
743357,0
743358,0
743359,0
743360,0
743361,0
743362,0
743363,0
743364,0
743365,0
743366,0
743367,0
743368,0
743369,0
743370,0
743371,0
743372,0
743373,0
743374,0
743375,0
743376,0
743377,0
743378,0
743379,0
743380,0
743381,0
743382,0
743383,0
743384,0
743385,0
743386,0
743387,0
743388,0
743389,0
743390,0
743391,0
743392,0
743393,0
743394,0
743395,0
743396,0
743397,0
743398,0
743399,0
743400,0
743401,0
743402,0
743403,0
743404,0
743405,0
743406,0
743407,0
743408,0
743409,0
743410,0
743411,0
743412,0
743413,0
743414,0
743415,0
743416,0
743417,0
743418,0
743419,0
743420,0
743421,0
743422,0
743423,0
743424,0
743425,0
743426,0
743427,0
743428,0
743429,0
743430,0
743431,0
743432,0
743433,0
743434,0
743435,0
743436,0
743437,0
743438,0
743439,0
743440,0
743441,0
743442,1
743443,0
743444,0
743445,0
743446,0
743447,0
743448,0
743449,0
743450,0
743451,0
743452,0
743453,0
743454,0
743455,0
743456,0
743457,0
743458,0
743459,0
743460,0
743461,0
743462,0
743463,0
743464,0
743465,0
743466,0
743467,0
743468,0
743469,0
743470,0
743471,0
743472,0
743473,0
743474,0
743475,0
743476,0
743477,0
743478,0
743479,0
743480,0
743481,0
743482,0
743483,0
743484,0
743485,0
743486,0
743487,0
743488,0
743489,0
743490,0
743491,0
743492,0
743493,0
743494,0
743495,0
743496,0
743497,0
743498,0
743499,0
743500,0
743501,0
743502,0
743503,0
743504,0
743505,0
743506,0
743507,0
743508,0
743509,0
743510,0
743511,0
743512,0
743513,0
743514,0
743515,0
743516,0
743517,0
743518,0
743519,0
743520,0
743521,0
743522,0
743523,0
743524,0
743525,0
743526,0
743527,0
743528,0
743529,0
743530,0
743531,0
743532,0
743533,0
743534,0
743535,0
743536,0
743537,0
743538,0
743539,0
743540,0
743541,0
743542,0
743543,0
743544,0
743545,0
743546,0
743547,0
743548,0
743549,0
743550,0
743551,0
743552,0
743553,0
743554,0
743555,0
743556,0
743557,0
743558,0
743559,0
743560,0
743561,0
743562,1
743563,0
743564,0
743565,0
743566,0
743567,0
743568,0
743569,0
743570,0
743571,0
743572,0
743573,0
743574,0
743575,0
743576,0
743577,0
743578,0
743579,0
743580,0
743581,0
743582,0
743583,0
743584,0
743585,0
743586,0
743587,0
743588,0
743589,0
743590,0
743591,0
743592,0
743593,0
743594,0
743595,0
743596,0
743597,0
743598,0
743599,0
743600,0
743601,0
743602,0
743603,0
743604,0
743605,0
743606,0
743607,0
743608,0
743609,0
743610,0
743611,0
743612,0
743613,0
743614,0
743615,0
743616,0
743617,0
743618,0
743619,0
743620,0
743621,0
743622,0
743623,0
743624,0
743625,0
743626,0
743627,0
743628,0
743629,0
743630,0
743631,0
743632,0
743633,0
743634,0
743635,0
743636,0
743637,0
743638,0
743639,0
743640,0
743641,0
743642,0
743643,0
743644,0
743645,0
743646,0
743647,0
743648,0
743649,0
743650,0
743651,1
743652,0
743653,0
743654,0
743655,0
743656,0
743657,0
743658,0
743659,0
743660,0
743661,0
743662,0
743663,0
743664,0
743665,0
743666,0
743667,0
743668,0
743669,0
743670,0
743671,0
743672,0
743673,0
743674,0
743675,0
743676,0
743677,0
743678,0
743679,0
743680,0
743681,0
743682,0
743683,0
743684,0
743685,0
743686,0
743687,0
743688,0
743689,0
743690,0
743691,0
743692,0
743693,0
743694,0
743695,0
743696,0
743697,0
743698,0
743699,0
743700,0
743701,0
743702,0
743703,0
743704,0
743705,0
743706,0
743707,0
743708,0
743709,0
743710,0
743711,0
743712,0
743713,1
743714,0
743715,0
743716,0
743717,0
743718,0
743719,0
743720,0
743721,0
743722,0
743723,0
743724,0
743725,0
743726,0
743727,0
743728,0
743729,0
743730,0
743731,0
743732,0
743733,0
743734,0
743735,0
743736,0
743737,0
743738,0
743739,0
743740,0
743741,0
743742,0
743743,0
743744,0
743745,0
743746,0
743747,0
743748,0
743749,0
743750,0
743751,0
743752,0
743753,0
743754,0
743755,0
743756,0
743757,0
743758,0
743759,0
743760,0
743761,0
743762,0
743763,0
743764,0
743765,0
743766,0
743767,0
743768,0
743769,0
743770,0
743771,0
743772,0
743773,0
743774,0
743775,0
743776,0
743777,0
743778,0
743779,0
743780,0
743781,0
743782,0
743783,0
743784,0
743785,0
743786,0
743787,0
743788,0
743789,0
743790,0
743791,0
743792,0
743793,0
743794,0
743795,0
743796,0
743797,0
743798,0
743799,0
743800,0
743801,0
743802,0
743803,0
743804,0
743805,0
743806,0
743807,0
743808,0
743809,0
743810,0
743811,0
743812,0
743813,0
743814,0
743815,0
743816,0
743817,0
743818,0
743819,0
743820,0
743821,0
743822,0
743823,0
743824,0
743825,0
743826,0
743827,0
743828,0
743829,0
743830,0
743831,0
743832,0
743833,0
743834,0
743835,0
743836,0
743837,0
743838,0
743839,0
743840,0
743841,0
743842,0
743843,0
743844,0
743845,0
743846,0
743847,0
743848,0
743849,0
743850,0
743851,0
743852,0
743853,0
743854,0
743855,0
743856,1
743857,0
743858,0
743859,0
743860,0
743861,0
743862,0
743863,0
743864,0
743865,0
743866,0
743867,0
743868,0
743869,0
743870,0
743871,0
743872,0
743873,0
743874,0
743875,0
743876,0
743877,0
743878,0
743879,0
743880,0
743881,0
743882,0
743883,0
743884,0
743885,0
743886,0
743887,0
743888,0
743889,0
743890,0
743891,0
743892,0
743893,0
743894,0
743895,0
743896,0
743897,0
743898,0
743899,0
743900,0
743901,0
743902,0
743903,0
743904,0
743905,0
743906,0
743907,0
743908,0
743909,0
743910,0
743911,0
743912,30
743913,0
743914,0
743915,0
743916,22
743917,0
743918,0
743919,0
743920,33
743921,25
743922,0
743923,0
743924,0
743925,0
743926,0
743927,0
743928,22
743929,34
743930,23
743931,37
743932,30
743933,0
743934,0
743935,0
743936,0
743937,0
743938,0
743939,0
743940,0
743941,48
743942,0
743943,0
743944,0
743945,0
743946,0
743947,39
743948,0
743949,0
743950,53
743951,0
743952,0
743953,31
743954,0
743955,0
743956,0
743957,32
743958,0
743959,0
743960,0
743961,0
743962,0
743963,0
743964,30
743965,39
743966,0
743967,0
743968,0
743969,0
743970,31
743971,0
743972,35
743973,0
743974,0
743975,48
743976,23
743977,35
743978,44
743979,0
743980,0
743981,25
743982,0
743983,46
743984,0
743985,0
743986,0
743987,0
743988,39
743989,0
743990,0
743991,0
743992,0
743993,0
743994,0
743995,30
743996,0
743997,0
743998,0
743999,0
744000,0
744001,0
744002,0
744003,0
744004,35
744005,32
744006,33
744007,0
744008,0
744009,0
744010,0
744011,0
744012,37
744013,0
744014,0
744015,40
744016,0
744017,0
744018,18
744019,33
744020,0
744021,40
744022,0
744023,0
744024,34
744025,39
744026,0
744027,0
744028,0
744029,0
744030,21
744031,0
744032,41
744033,0
744034,0
744035,27
744036,0
744037,48
744038,0
744039,0
744040,0
744041,0
744042,0
744043,25
744044,0
744045,29
744046,0
744047,0
744048,0
744049,0
744050,0
744051,29
744052,0
744053,48
744054,0
744055,0
744056,22
744057,0
744058,32
744059,0
744060,34
744061,0
744062,39
744063,0
744064,0
744065,0
744066,0
744067,0
744068,23
744069,0
744070,0
744071,27
744072,0
744073,0
744074,0
744075,25
744076,0
744077,0
744078,0
744079,0
744080,23
744081,0
744082,0
744083,0
744084,44
744085,38
744086,0
744087,0
744088,0
744089,0
744090,37
744091,0
744092,0
744093,0
744094,0
744095,0
744096,36
744097,0
744098,0
744099,0
744100,0
744101,0
744102,58
744103,0
744104,27
744105,34
744106,0
744107,40
744108,0
744109,0
744110,39
744111,0
744112,0
744113,0
744114,0
744115,0
744116,0
744117,30
744118,0
744119,0
744120,24
744121,0
744122,18
744123,0
744124,0
744125,0
744126,0
744127,0
744128,0
744129,0
744130,0
744131,0
744132,38
744133,32
744134,0
744135,51
744136,0
744137,36
744138,0
744139,0
744140,0
744141,32
744142,0
744143,0
744144,0
744145,0
744146,0
744147,0
744148,0
744149,0
744150,0
744151,0
744152,0
744153,0
744154,42
744155,0
744156,0
744157,0
744158,0
744159,0
744160,0
744161,0
744162,0
744163,34
744164,48
744165,0
744166,39
744167,0
744168,34
744169,0
744170,33
744171,0
744172,0
744173,63
744174,0
744175,0
744176,0
744177,0
744178,33
744179,0
744180,41
744181,0
744182,0
744183,24
744184,0
744185,0
744186,0
744187,0
744188,36
744189,0
744190,0
744191,0
744192,0
744193,49
744194,0
744195,0
744196,0
744197,0
744198,0
744199,25
744200,0
744201,0
744202,23
744203,0
744204,0
744205,0
744206,0
744207,0
744208,0
744209,48
744210,42
744211,0
744212,27
744213,0
744214,40
744215,0
744216,0
744217,43
744218,0
744219,47
744220,0
744221,0
744222,0
744223,23
744224,0
744225,0
744226,0
744227,0
744228,0
744229,30
744230,32
744231,0
744232,0
744233,36
744234,0
744235,0
744236,0
744237,24
744238,0
744239,0
744240,0
744241,0
744242,0
744243,29
744244,0
744245,0
744246,0
744247,0
744248,0
744249,26
744250,0
744251,0
744252,0
744253,37
744254,0
744255,22
744256,29
744257,0
744258,0
744259,0
744260,49
744261,0
744262,0
744263,0
744264,0
744265,0
744266,0
744267,0
744268,0
744269,0
744270,0
744271,0
744272,0
744273,0
744274,0
744275,0
744276,30
744277,40
744278,23
744279,0
744280,0
744281,0
744282,0
744283,0
744284,0
744285,0
744286,0
744287,0
744288,27
744289,24
744290,26
744291,0
744292,23
744293,0
744294,0
744295,0
744296,27
744297,0
744298,0
744299,24
744300,0
744301,0
744302,0
744303,0
744304,0
744305,0
744306,0
744307,0
744308,32
744309,38
744310,0
744311,34
744312,0
744313,52
744314,0
744315,32
744316,0
744317,0
744318,29
744319,0
744320,34
744321,32
744322,0
744323,0
744324,0
744325,0
744326,0
744327,22
744328,0
744329,0
744330,0
744331,27
744332,0
744333,45
744334,0
744335,0
744336,23
744337,0
744338,0
744339,25
744340,47
744341,0
744342,0
744343,0
744344,0
744345,0
744346,0
744347,0
744348,0
744349,0
744350,0
744351,34
744352,31
744353,0
744354,0
744355,0
744356,0
744357,62
744358,0
744359,0
744360,35
744361,0
744362,0
744363,0
744364,38
744365,30
744366,40
744367,0
744368,32
744369,0
744370,0
744371,0
744372,0
744373,0
744374,0
744375,42
744376,0
744377,38
744378,0
744379,0
744380,37
744381,0
744382,0
744383,0
744384,47
744385,44
744386,0
744387,39
744388,0
744389,0
744390,0
744391,40
744392,30
744393,0
744394,45
744395,0
744396,22
744397,39
744398,0
744399,40
744400,0
744401,35
744402,0
744403,0
744404,0
744405,0
744406,32
744407,0
744408,0
744409,0
744410,0
744411,32
744412,0
744413,0
744414,0
744415,0
744416,0
744417,0
744418,0
744419,0
744420,0
744421,0
744422,0
744423,0
744424,33
744425,43
744426,39
744427,0
744428,0
744429,0
744430,0
744431,0
744432,0
744433,0
744434,0
744435,29
744436,37
744437,0
744438,0
744439,0
744440,0
744441,39
744442,40
744443,0
744444,20
744445,35
744446,32
744447,0
744448,0
744449,36
744450,0
744451,0
744452,0
744453,0
744454,0
744455,31
744456,0
744457,0
744458,0
744459,0
744460,27
744461,0
744462,29
744463,0
744464,0
744465,0
744466,0
744467,39
744468,34
744469,38
744470,0
744471,32
744472,0
744473,0
744474,35
744475,0
744476,0
744477,26
744478,46
744479,0
744480,35
744481,0
744482,0
744483,0
744484,0
744485,27
744486,0
744487,43
744488,0
744489,0
744490,38
744491,15
744492,42
744493,0
744494,0
744495,0
744496,0
744497,38
744498,33
744499,0
744500,41
744501,0
744502,0
744503,0
744504,0
744505,0
744506,41
744507,0
744508,0
744509,0
744510,0
744511,0
744512,36
744513,0
744514,0
744515,41
744516,0
744517,0
744518,0
744519,0
744520,0
744521,0
744522,47
744523,0
744524,0
744525,0
744526,0
744527,0
744528,0
744529,0
744530,0
744531,0
744532,0
744533,27
744534,0
744535,0
744536,0
744537,0
744538,0
744539,31
744540,39
744541,0
744542,0
744543,0
744544,28
744545,0
744546,0
744547,0
744548,0
744549,0
744550,0
744551,0
744552,28
744553,0
744554,36
744555,0
744556,30
744557,0
744558,0
744559,0
744560,0
744561,0
744562,0
744563,32
744564,23
744565,0
744566,35
744567,0
744568,0
744569,58
744570,0
744571,0
744572,0
744573,0
744574,0
744575,0
744576,0
744577,29
744578,0
744579,34
744580,0
744581,0
744582,0
744583,0
744584,0
744585,23
744586,0
744587,0
744588,0
744589,31
744590,0
744591,0
744592,0
744593,38
744594,0
744595,43
744596,0
744597,0
744598,0
744599,0
744600,33
744601,0
744602,0
744603,0
744604,0
744605,0
744606,0
744607,0
744608,0
744609,0
744610,0
744611,0
744612,37
744613,0
744614,35
744615,0
744616,0
744617,0
744618,0
744619,0
744620,0
744621,0
744622,38
744623,0
744624,40
744625,30
744626,0
744627,0
744628,29
744629,0
744630,0
744631,0
744632,0
744633,47
744634,0
744635,0
744636,0
744637,0
744638,45
744639,0
744640,30
744641,0
744642,0
744643,0
744644,0
744645,0
744646,27
744647,0
744648,0
744649,0
744650,39
744651,0
744652,0
744653,0
744654,40
744655,0
744656,0
744657,0
744658,39
744659,0
744660,39
744661,35
744662,37
744663,0
744664,0
744665,0
744666,23
744667,26
744668,28
744669,0
744670,0
744671,0
744672,0
744673,24
744674,0
744675,0
744676,0
744677,0
744678,0
744679,0
744680,0
744681,0
744682,0
744683,34
744684,0
744685,0
744686,39
744687,28
744688,0
744689,0
744690,0
744691,0
744692,0
744693,32
744694,0
744695,0
744696,0
744697,31
744698,0
744699,42
744700,0
744701,35
744702,56
744703,0
744704,0
744705,48
744706,38
744707,23
744708,0
744709,29
744710,0
744711,0
744712,25
744713,0
744714,0
744715,35
744716,0
744717,0
744718,23
744719,0
744720,0
744721,41
744722,27
744723,57
744724,0
744725,0
744726,27
744727,0
744728,0
744729,0
744730,37
744731,0
744732,0
744733,41
744734,0
744735,0
744736,0
744737,0
744738,35
744739,0
744740,0
744741,0
744742,25
744743,0
744744,0
744745,0
744746,0
744747,0
744748,0
744749,0
744750,0
744751,55
744752,0
744753,0
744754,47
744755,0
744756,0
744757,0
744758,0
744759,0
744760,0
744761,0
744762,0
744763,0
744764,0
744765,0
744766,31
744767,0
744768,0
744769,0
744770,34
744771,0
744772,0
744773,0
744774,0
744775,0
744776,42
744777,0
744778,0
744779,0
744780,29
744781,0
744782,0
744783,0
744784,0
744785,0
744786,0
744787,0
744788,0
744789,0
744790,0
744791,0
744792,0
744793,0
744794,0
744795,28
744796,30
744797,0
744798,0
744799,0
744800,0
744801,0
744802,0
744803,43
744804,0
744805,0
744806,0
744807,0
744808,0
744809,0
744810,0
744811,0
744812,0
744813,0
744814,0
744815,0
744816,0
744817,14
744818,0
744819,0
744820,0
744821,0
744822,0
744823,0
744824,0
744825,0
744826,0
744827,0
744828,0
744829,0
744830,0
744831,0
744832,0
744833,37
744834,0
744835,25
744836,0
744837,0
744838,0
744839,0
744840,0
744841,42
744842,0
744843,0
744844,0
744845,0
744846,0
744847,42
744848,0
744849,0
744850,38
744851,0
744852,0
744853,0
744854,0
744855,0
744856,0
744857,0
744858,0
744859,0
744860,0
744861,0
744862,0
744863,0
744864,0
744865,0
744866,0
744867,0
744868,0
744869,0
744870,0
744871,19
744872,0
744873,0
744874,0
744875,0
744876,0
744877,0
744878,0
744879,40
744880,0
744881,0
744882,22
744883,0
744884,0
744885,0
744886,0
744887,17
744888,0
744889,0
744890,0
744891,0
744892,57
744893,0
744894,0
744895,0
744896,0
744897,0
744898,0
744899,0
744900,0
744901,0
744902,0
744903,44
744904,0
744905,48
744906,39
744907,0
744908,0
744909,0
744910,0
744911,0
744912,0
744913,0
744914,0
744915,0
744916,22
744917,0
744918,0
744919,0
744920,28
744921,0
744922,0
744923,0
744924,0
744925,0
744926,0
744927,0
744928,0
744929,0
744930,0
744931,0
744932,0
744933,0
744934,0
744935,0
744936,0
744937,0
744938,0
744939,0
744940,0
744941,0
744942,0
744943,0
744944,0
744945,30
744946,0
744947,0
744948,0
744949,0
744950,0
744951,0
744952,0
744953,0
744954,0
744955,0
744956,40
744957,0
744958,0
744959,0
744960,0
744961,0
744962,0
744963,0
744964,0
744965,0
744966,0
744967,0
744968,0
744969,0
744970,0
744971,0
744972,0
744973,0
744974,0
744975,21
744976,0
744977,0
744978,0
744979,0
744980,0
744981,0
744982,0
744983,0
744984,0
744985,0
744986,0
744987,0
744988,0
744989,0
744990,0
744991,0
744992,0
744993,0
744994,0
744995,0
744996,0
744997,0
744998,0
744999,0
745000,0
745001,0
745002,0
745003,0
745004,0
745005,39
745006,0
745007,43
745008,0
745009,0
745010,0
745011,0
745012,0
745013,0
745014,0
745015,0
745016,0
745017,0
745018,0
745019,0
745020,0
745021,0
745022,0
745023,0
745024,0
745025,0
745026,0
745027,0
745028,0
745029,0
745030,0
745031,0
745032,0
745033,0
745034,0
745035,0
745036,0
745037,0
745038,0
745039,0
745040,0
745041,0
745042,0
745043,0
745044,0
745045,9
745046,0
745047,0
745048,0
745049,0
745050,0
745051,0
745052,0
745053,0
745054,0
745055,0
745056,0
745057,0
745058,0
745059,0
745060,0
745061,0
745062,58
745063,0
745064,0
745065,0
745066,0
745067,0
745068,0
745069,0
745070,0
745071,0
745072,0
745073,0
745074,0
745075,0
745076,0
745077,0
745078,0
745079,0
745080,0
745081,0
745082,27
745083,0
745084,0
745085,0
745086,0
745087,0
745088,0
745089,0
745090,30
745091,0
745092,0
745093,0
745094,0
745095,0
745096,0
745097,0
745098,0
745099,0
745100,30
745101,10
745102,0
745103,0
745104,0
745105,0
745106,0
745107,0
745108,0
745109,0
745110,0
745111,0
745112,0
745113,0
745114,0
745115,0
745116,0
745117,0
745118,0
745119,0
745120,0
745121,0
745122,0
745123,0
745124,0
745125,0
745126,0
745127,21
745128,0
745129,0
745130,0
745131,0
745132,0
745133,0
745134,0
745135,0
745136,0
745137,0
745138,0
745139,0
745140,10
745141,0
745142,0
745143,32
745144,38
745145,0
745146,0
745147,20
745148,0
745149,23
745150,0
745151,0
745152,0
745153,0
745154,0
745155,0
745156,0
745157,0
745158,0
745159,0
745160,0
745161,0
745162,0
745163,0
745164,0
745165,0
745166,0
745167,0
745168,0
745169,0
745170,25
745171,0
745172,0
745173,0
745174,0
745175,0
745176,0
745177,0
745178,0
745179,0
745180,0
745181,17
745182,32
745183,0
745184,0
745185,0
745186,0
745187,0
745188,0
745189,0
745190,52
745191,0
745192,0
745193,0
745194,0
745195,9
745196,0
745197,0
745198,0
745199,0
745200,67
745201,0
745202,0
745203,0
745204,0
745205,0
745206,0
745207,0
745208,0
745209,0
745210,0
745211,0
745212,0
745213,0
745214,0
745215,0
745216,0
745217,0
745218,0
745219,0
745220,0
745221,0
745222,0
745223,0
745224,0
745225,0
745226,0
745227,0
745228,0
745229,0
745230,0
745231,0
745232,0
745233,0
745234,0
745235,0
745236,0
745237,52
745238,39
745239,0
745240,0
745241,0
745242,24
745243,0
745244,0
745245,0
745246,0
745247,0
745248,0
745249,0
745250,0
745251,0
745252,0
745253,0
745254,0
745255,0
745256,0
745257,0
745258,0
745259,0
745260,0
745261,0
745262,0
745263,0
745264,0
745265,0
745266,0
745267,0
745268,0
745269,0
745270,0
745271,0
745272,0
745273,0
745274,0
745275,0
745276,0
745277,0
745278,19
745279,0
745280,34
745281,0
745282,0
745283,0
745284,0
745285,0
745286,0
745287,0
745288,0
745289,0
745290,0
745291,0
745292,19
745293,0
745294,0
745295,0
745296,0
745297,0
745298,0
745299,0
745300,0
745301,0
745302,12
745303,0
745304,0
745305,0
745306,0
745307,0
745308,0
745309,0
745310,0
745311,0
745312,0
745313,0
745314,0
745315,0
745316,20
745317,0
745318,50
745319,0
745320,0
745321,0
745322,0
745323,0
745324,0
745325,0
745326,0
745327,0
745328,46
745329,0
745330,0
745331,0
745332,0
745333,34
745334,0
745335,0
745336,0
745337,0
745338,0
745339,0
745340,0
745341,0
745342,0
745343,0
745344,0
745345,0
745346,0
745347,0
745348,0
745349,0
745350,0
745351,0
745352,0
745353,0
745354,0
745355,0
745356,0
745357,0
745358,0
745359,0
745360,0
745361,40
745362,0
745363,0
745364,0
745365,0
745366,0
745367,0
745368,0
745369,0
745370,0
745371,0
745372,0
745373,0
745374,0
745375,0
745376,0
745377,0
745378,0
745379,0
745380,0
745381,0
745382,0
745383,0
745384,0
745385,0
745386,0
745387,0
745388,0
745389,0
745390,0
745391,0
745392,0
745393,39
745394,0
745395,0
745396,0
745397,0
745398,0
745399,0
745400,0
745401,0
745402,0
745403,0
745404,0
745405,0
745406,0
745407,0
745408,32
745409,0
745410,0
745411,0
745412,0
745413,0
745414,0
745415,0
745416,0
745417,0
745418,0
745419,0
745420,0
745421,0
745422,0
745423,0
745424,0
745425,0
745426,0
745427,48
745428,0
745429,0
745430,0
745431,25
745432,0
745433,0
745434,0
745435,52
745436,0
745437,0
745438,0
745439,0
745440,43
745441,0
745442,0
745443,0
745444,0
745445,0
745446,0
745447,0
745448,0
745449,0
745450,0
745451,0
745452,0
745453,0
745454,0
745455,0
745456,0
745457,0
745458,0
745459,0
745460,0
745461,40
745462,0
745463,0
745464,0
745465,0
745466,0
745467,0
745468,0
745469,0
745470,0
745471,0
745472,37
745473,0
745474,0
745475,0
745476,0
745477,0
745478,0
745479,0
745480,0
745481,0
745482,0
745483,0
745484,0
745485,0
745486,42
745487,0
745488,0
745489,49
745490,0
745491,0
745492,0
745493,0
745494,44
745495,0
745496,0
745497,0
745498,0
745499,0
745500,0
745501,0
745502,0
745503,0
745504,0
745505,0
745506,0
745507,0
745508,0
745509,0
745510,0
745511,0
745512,0
745513,37
745514,0
745515,0
745516,0
745517,0
745518,36
745519,0
745520,34
745521,0
745522,0
745523,0
745524,42
745525,0
745526,0
745527,0
745528,0
745529,0
745530,0
745531,0
745532,0
745533,0
745534,0
745535,0
745536,0
745537,0
745538,0
745539,0
745540,45
745541,0
745542,0
745543,0
745544,0
745545,0
745546,0
745547,0
745548,0
745549,0
745550,0
745551,0
745552,0
745553,0
745554,0
745555,0
745556,26
745557,0
745558,27
745559,0
745560,0
745561,0
745562,39
745563,0
745564,0
745565,0
745566,0
745567,0
745568,0
745569,0
745570,0
745571,50
745572,0
745573,0
745574,0
745575,0
745576,0
745577,0
745578,0
745579,0
745580,0
745581,0
745582,0
745583,0
745584,0
745585,0
745586,36
745587,0
745588,0
745589,0
745590,0
745591,0
745592,0
745593,0
745594,39
745595,0
745596,0
745597,0
745598,0
745599,0
745600,0
745601,0
745602,0
745603,0
745604,0
745605,0
745606,0
745607,0
745608,0
745609,0
745610,0
745611,0
745612,0
745613,0
745614,0
745615,0
745616,0
745617,0
745618,0
745619,0
745620,0
745621,0
745622,0
745623,0
745624,0
745625,0
745626,0
745627,0
745628,0
745629,25
745630,0
745631,0
745632,0
745633,0
745634,0
745635,0
745636,0
745637,0
745638,0
745639,0
745640,0
745641,38
745642,0
745643,0
745644,0
745645,0
745646,0
745647,0
745648,0
745649,0
745650,0
745651,0
745652,0
745653,0
745654,0
745655,0
745656,0
745657,0
745658,0
745659,0
745660,34
745661,0
745662,0
745663,0
745664,0
745665,0
745666,0
745667,0
745668,0
745669,0
745670,0
745671,0
745672,0
745673,0
745674,0
745675,0
745676,0
745677,0
745678,0
745679,0
745680,0
745681,0
745682,0
745683,0
745684,0
745685,0
745686,0
745687,0
745688,0
745689,0
745690,0
745691,0
745692,35
745693,0
745694,0
745695,0
745696,0
745697,0
745698,0
745699,0
745700,0
745701,0
745702,0
745703,0
745704,0
745705,0
745706,0
745707,0
745708,0
745709,0
745710,0
745711,0
745712,0
745713,0
745714,0
745715,0
745716,0
745717,0
745718,24
745719,0
745720,0
745721,0
745722,0
745723,0
745724,0
745725,0
745726,0
745727,0
745728,0
745729,0
745730,0
745731,0
745732,0
745733,0
745734,35
745735,0
745736,0
745737,34
745738,0
745739,0
745740,0
745741,0
745742,0
745743,0
745744,0
745745,0
745746,0
745747,0
745748,0
745749,0
745750,0
745751,0
745752,0
745753,0
745754,0
745755,0
745756,0
745757,0
745758,0
745759,0
745760,26
745761,0
745762,0
745763,0
745764,0
745765,0
745766,0
745767,0
745768,0
745769,0
745770,0
745771,0
745772,0
745773,0
745774,0
745775,0
745776,0
745777,0
745778,0
745779,0
745780,0
745781,0
745782,0
745783,0
745784,0
745785,0
745786,0
745787,0
745788,0
745789,0
745790,31
745791,0
745792,0
745793,0
745794,0
745795,0
745796,0
745797,0
745798,0
745799,0
745800,0
745801,0
745802,0
745803,0
745804,0
745805,0
745806,0
745807,0
745808,0
745809,51
745810,0
745811,0
745812,0
745813,0
745814,0
745815,0
745816,0
745817,0
745818,0
745819,0
745820,0
745821,0
745822,0
745823,0
745824,0
745825,0
745826,0
745827,0
745828,0
745829,0
745830,0
745831,0
745832,0
745833,39
745834,0
745835,0
745836,0
745837,46
745838,0
745839,0
745840,0
745841,0
745842,0
745843,0
745844,0
745845,0
745846,43
745847,0
745848,0
745849,0
745850,0
745851,0
745852,0
745853,0
745854,0
745855,0
745856,0
745857,0
745858,0
745859,0
745860,0
745861,0
745862,0
745863,0
745864,0
745865,0
745866,0
745867,41
745868,0
745869,0
745870,0
745871,0
745872,0
745873,0
745874,0
745875,0
745876,0
745877,0
745878,0
745879,0
745880,0
745881,28
745882,0
745883,0
745884,0
745885,0
745886,0
745887,0
745888,0
745889,0
745890,0
745891,0
745892,55
745893,0
745894,22
745895,0
745896,0
745897,0
745898,0
745899,0
745900,0
745901,0
745902,0
745903,0
745904,0
745905,0
745906,0
745907,0
745908,0
745909,0
745910,0
745911,0
745912,0
745913,0
745914,0
745915,0
745916,0
745917,0
745918,0
745919,0
745920,0
745921,0
745922,0
745923,0
745924,0
745925,0
745926,0
745927,0
745928,69
745929,0
745930,30
745931,0
745932,0
745933,0
745934,53
745935,0
745936,0
745937,0
745938,0
745939,0
745940,0
745941,0
745942,0
745943,0
745944,0
745945,0
745946,0
745947,0
745948,0
745949,0
745950,0
745951,0
745952,0
745953,0
745954,0
745955,0
745956,0
745957,0
745958,0
745959,0
745960,0
745961,0
745962,0
745963,0
745964,0
745965,0
745966,0
745967,0
745968,0
745969,6
745970,0
745971,6
745972,0
745973,0
745974,0
745975,11
745976,9
745977,0
745978,5
745979,0
745980,0
745981,0
745982,0
745983,0
745984,0
745985,8
745986,0
745987,0
745988,0
745989,5
745990,0
745991,9
745992,0
745993,0
745994,0
745995,0
745996,0
745997,0
745998,0
745999,0
746000,0
746001,0
746002,4
746003,0
746004,0
746005,6
746006,0
746007,0
746008,0
746009,0
746010,0
746011,1
746012,0
746013,0
746014,0
746015,5
746016,0
746017,0
746018,4
746019,0
746020,0
746021,12
746022,7
746023,0
746024,0
746025,0
746026,0
746027,0
746028,10
746029,0
746030,0
746031,0
746032,0
746033,0
746034,6
746035,0
746036,0
746037,0
746038,10
746039,0
746040,0
746041,0
746042,0
746043,16
746044,0
746045,0
746046,10
746047,0
746048,0
746049,0
746050,0
746051,0
746052,14
746053,12
746054,0
746055,3
746056,0
746057,0
746058,0
746059,0
746060,0
746061,0
746062,0
746063,6
746064,0
746065,0
746066,6
746067,0
746068,0
746069,0
746070,0
746071,4
746072,12
746073,18
746074,0
746075,0
746076,0
746077,0
746078,0
746079,7
746080,10
746081,0
746082,0
746083,0
746084,0
746085,0
746086,0
746087,0
746088,4
746089,0
746090,0
746091,0
746092,0
746093,0
746094,0
746095,0
746096,0
746097,0
746098,0
746099,10
746100,0
746101,0
746102,0
746103,0
746104,7
746105,0
746106,0
746107,0
746108,0
746109,5
746110,0
746111,9
746112,5
746113,6
746114,7
746115,8
746116,0
746117,0
746118,0
746119,0
746120,0
746121,0
746122,0
746123,0
746124,10
746125,0
746126,0
746127,0
746128,6
746129,6
746130,4
746131,9
746132,0
746133,0
746134,0
746135,0
746136,0
746137,0
746138,0
746139,0
746140,0
746141,0
746142,0
746143,0
746144,5
746145,0
746146,0
746147,0
746148,6
746149,0
746150,0
746151,0
746152,0
746153,0
746154,9
746155,0
746156,6
746157,0
746158,6
746159,0
746160,0
746161,0
746162,0
746163,0
746164,0
746165,0
746166,0
746167,0
746168,0
746169,2
746170,1
746171,0
746172,5
746173,0
746174,0
746175,0
746176,0
746177,0
746178,0
746179,8
746180,5
746181,4
746182,0
746183,0
746184,0
746185,0
746186,2
746187,0
746188,0
746189,0
746190,0
746191,0
746192,0
746193,4
746194,0
746195,6
746196,0
746197,0
746198,3
746199,0
746200,11
746201,0
746202,6
746203,0
746204,0
746205,0
746206,0
746207,0
746208,0
746209,11
746210,0
746211,0
746212,0
746213,0
746214,0
746215,0
746216,11
746217,0
746218,0
746219,4
746220,0
746221,12
746222,10
746223,16
746224,0
746225,0
746226,1
746227,0
746228,0
746229,5
746230,0
746231,0
746232,0
746233,11
746234,0
746235,0
746236,0
746237,8
746238,0
746239,0
746240,0
746241,0
746242,0
746243,0
746244,7
746245,0
746246,0
746247,0
746248,0
746249,0
746250,0
746251,0
746252,0
746253,0
746254,0
746255,0
746256,0
746257,0
746258,0
746259,0
746260,0
746261,0
746262,0
746263,0
746264,0
746265,0
746266,12
746267,11
746268,0
746269,0
746270,0
746271,0
746272,18
746273,9
746274,0
746275,0
746276,0
746277,8
746278,0
746279,6
746280,0
746281,7
746282,10
746283,0
746284,12
746285,0
746286,5
746287,0
746288,0
746289,0
746290,7
746291,0
746292,6
746293,0
746294,0
746295,0
746296,0
746297,0
746298,1
746299,0
746300,8
746301,0
746302,0
746303,0
746304,7
746305,12
746306,0
746307,0
746308,0
746309,0
746310,0
746311,0
746312,3
746313,0
746314,0
746315,0
746316,0
746317,9
746318,0
746319,0
746320,0
746321,0
746322,0
746323,0
746324,0
746325,13
746326,4
746327,0
746328,0
746329,0
746330,0
746331,0
746332,0
746333,0
746334,0
746335,11
746336,10
746337,0
746338,0
746339,0
746340,0
746341,0
746342,0
746343,5
746344,0
746345,2
746346,0
746347,0
746348,9
746349,0
746350,0
746351,0
746352,12
746353,0
746354,4
746355,0
746356,10
746357,0
746358,0
746359,0
746360,0
746361,0
746362,14
746363,0
746364,0
746365,0
746366,0
746367,0
746368,0
746369,0
746370,0
746371,0
746372,0
746373,0
746374,0
746375,0
746376,3
746377,0
746378,0
746379,0
746380,0
746381,0
746382,2
746383,0
746384,0
746385,0
746386,4
746387,0
746388,0
746389,0
746390,0
746391,12
746392,0
746393,0
746394,11
746395,0
746396,0
746397,0
746398,7
746399,4
746400,0
746401,0
746402,0
746403,0
746404,0
746405,0
746406,0
746407,0
746408,0
746409,0
746410,0
746411,0
746412,9
746413,0
746414,0
746415,8
746416,0
746417,0
746418,0
746419,0
746420,0
746421,0
746422,0
746423,0
746424,0
746425,0
746426,0
746427,0
746428,0
746429,0
746430,0
746431,0
746432,0
746433,0
746434,0
746435,14
746436,0
746437,0
746438,0
746439,10
746440,6
746441,0
746442,0
746443,0
746444,0
746445,0
746446,5
746447,0
746448,0
746449,0
746450,0
746451,17
746452,0
746453,0
746454,0
746455,0
746456,0
746457,0
746458,10
746459,0
746460,0
746461,13
746462,8
746463,5
746464,12
746465,0
746466,0
746467,0
746468,0
746469,7
746470,0
746471,0
746472,10
746473,0
746474,0
746475,0
746476,11
746477,0
746478,0
746479,0
746480,8
746481,0
746482,0
746483,15
746484,6
746485,0
746486,0
746487,0
746488,0
746489,0
746490,6
746491,8
746492,0
746493,0
746494,0
746495,11
746496,0
746497,0
746498,0
746499,0
746500,0
746501,0
746502,4
746503,0
746504,0
746505,0
746506,0
746507,0
746508,0
746509,0
746510,0
746511,0
746512,0
746513,0
746514,9
746515,11
746516,0
746517,0
746518,0
746519,0
746520,0
746521,0
746522,0
746523,0
746524,8
746525,0
746526,0
746527,0
746528,19
746529,0
746530,14
746531,0
746532,4
746533,11
746534,0
746535,0
746536,0
746537,0
746538,0
746539,0
746540,9
746541,0
746542,0
746543,12
746544,0
746545,0
746546,0
746547,0
746548,0
746549,0
746550,0
746551,0
746552,0
746553,0
746554,7
746555,6
746556,0
746557,0
746558,0
746559,10
746560,0
746561,0
746562,0
746563,0
746564,0
746565,0
746566,9
746567,0
746568,0
746569,4
746570,0
746571,0
746572,8
746573,0
746574,11
746575,0
746576,0
746577,0
746578,0
746579,0
746580,0
746581,0
746582,0
746583,0
746584,12
746585,0
746586,9
746587,0
746588,11
746589,0
746590,0
746591,0
746592,14
746593,0
746594,0
746595,0
746596,5
746597,0
746598,0
746599,6
746600,0
746601,0
746602,12
746603,0
746604,14
746605,0
746606,0
746607,9
746608,0
746609,0
746610,0
746611,11
746612,0
746613,0
746614,0
746615,0
746616,0
746617,0
746618,0
746619,0
746620,0
746621,0
746622,0
746623,0
746624,0
746625,19
746626,18
746627,21
746628,0
746629,0
746630,0
746631,0
746632,0
746633,0
746634,0
746635,0
746636,21
746637,20
746638,0
746639,0
746640,0
746641,0
746642,0
746643,0
746644,16
746645,0
746646,36
746647,12
746648,0
746649,0
746650,0
746651,0
746652,0
746653,0
746654,0
746655,13
746656,36
746657,0
746658,0
746659,0
746660,0
746661,0
746662,0
746663,22
746664,0
746665,20
746666,17
746667,0
746668,0
746669,0
746670,0
746671,0
746672,12
746673,0
746674,9
746675,0
746676,15
746677,27
746678,0
746679,0
746680,0
746681,0
746682,0
746683,0
746684,0
746685,0
746686,0
746687,0
746688,0
746689,0
746690,0
746691,0
746692,18
746693,0
746694,0
746695,0
746696,20
746697,0
746698,0
746699,0
746700,0
746701,13
746702,16
746703,21
746704,0
746705,0
746706,0
746707,0
746708,0
746709,0
746710,0
746711,0
746712,0
746713,0
746714,0
746715,0
746716,24
746717,0
746718,0
746719,0
746720,0
746721,18
746722,31
746723,0
746724,0
746725,16
746726,0
746727,0
746728,29
746729,0
746730,0
746731,0
746732,0
746733,0
746734,0
746735,0
746736,0
746737,0
746738,0
746739,16
746740,16
746741,0
746742,18
746743,22
746744,0
746745,0
746746,0
746747,15
746748,0
746749,0
746750,0
746751,15
746752,0
746753,0
746754,0
746755,0
746756,14
746757,0
746758,10
746759,13
746760,0
746761,0
746762,0
746763,0
746764,0
746765,18
746766,0
746767,0
746768,19
746769,10
746770,0
746771,0
746772,0
746773,0
746774,0
746775,32
746776,18
746777,0
746778,0
746779,0
746780,0
746781,23
746782,46
746783,0
746784,0
746785,0
746786,0
746787,0
746788,0
746789,0
746790,22
746791,13
746792,7
746793,19
746794,28
746795,0
746796,24
746797,0
746798,0
746799,0
746800,0
746801,0
746802,16
746803,0
746804,19
746805,0
746806,0
746807,0
746808,0
746809,0
746810,11
746811,0
746812,0
746813,0
746814,0
746815,0
746816,0
746817,0
746818,34
746819,29
746820,0
746821,0
746822,21
746823,0
746824,0
746825,0
746826,0
746827,0
746828,29
746829,15
746830,0
746831,0
746832,20
746833,0
746834,15
746835,0
746836,0
746837,0
746838,0
746839,0
746840,16
746841,0
746842,0
746843,0
746844,0
746845,15
746846,14
746847,0
746848,0
746849,0
746850,31
746851,34
746852,0
746853,0
746854,0
746855,0
746856,0
746857,0
746858,0
746859,15
746860,14
746861,0
746862,37
746863,0
746864,0
746865,21
746866,34
746867,0
746868,0
746869,0
746870,0
746871,32
746872,0
746873,16
746874,0
746875,0
746876,0
746877,0
746878,0
746879,19
746880,0
746881,0
746882,0
746883,0
746884,0
746885,0
746886,0
746887,0
746888,21
746889,15
746890,15
746891,0
746892,0
746893,15
746894,21
746895,0
746896,0
746897,0
746898,0
746899,0
746900,0
746901,0
746902,0
746903,14
746904,0
746905,0
746906,16
746907,0
746908,0
746909,0
746910,0
746911,0
746912,0
746913,0
746914,0
746915,0
746916,0
746917,0
746918,0
746919,0
746920,0
746921,0
746922,0
746923,0
746924,0
746925,0
746926,0
746927,0
746928,0
746929,0
746930,0
746931,0
746932,0
746933,0
746934,0
746935,0
746936,0
746937,0
746938,0
746939,0
746940,0
746941,38
746942,0
746943,0
746944,21
746945,17
746946,0
746947,0
746948,0
746949,16
746950,14
746951,0
746952,0
746953,0
746954,0
746955,0
746956,0
746957,15
746958,32
746959,0
746960,0
746961,19
746962,35
746963,0
746964,0
746965,0
746966,0
746967,21
746968,25
746969,15
746970,0
746971,0
746972,0
746973,0
746974,0
746975,0
746976,9
746977,0
746978,20
746979,0
746980,0
746981,18
746982,0
746983,19
746984,0
746985,0
746986,0
746987,0
746988,0
746989,0
746990,22
746991,0
746992,0
746993,0
746994,0
746995,0
746996,0
746997,0
746998,13
746999,20
747000,0
747001,0
747002,0
747003,0
747004,0
747005,0
747006,0
747007,0
747008,0
747009,0
747010,0
747011,15
747012,0
747013,0
747014,0
747015,0
747016,0
747017,0
747018,0
747019,18
747020,21
747021,21
747022,28
747023,0
747024,11
747025,17
747026,0
747027,0
747028,0
747029,0
747030,0
747031,0
747032,0
747033,0
747034,12
747035,0
747036,0
747037,22
747038,0
747039,0
747040,0
747041,18
747042,11
747043,0
747044,0
747045,29
747046,9
747047,0
747048,0
747049,33
747050,0
747051,0
747052,15
747053,0
747054,0
747055,15
747056,17
747057,0
747058,0
747059,0
747060,0
747061,0
747062,0
747063,0
747064,0
747065,0
747066,0
747067,0
747068,0
747069,0
747070,0
747071,0
747072,0
747073,14
747074,0
747075,0
747076,0
747077,0
747078,0
747079,14
747080,20
747081,18
747082,0
747083,0
747084,25
747085,0
747086,0
747087,20
747088,12
747089,0
747090,0
747091,0
747092,0
747093,0
747094,36
747095,0
747096,0
747097,22
747098,0
747099,14
747100,19
747101,0
747102,0
747103,0
747104,0
747105,0
747106,0
747107,0
747108,0
747109,0
747110,10
747111,0
747112,29
747113,0
747114,0
747115,35
747116,0
747117,16
747118,0
747119,0
747120,0
747121,8
747122,0
747123,0
747124,0
747125,0
747126,0
747127,35
747128,0
747129,0
747130,0
747131,0
747132,0
747133,0
747134,35
747135,21
747136,16
747137,0
747138,0
747139,0
747140,0
747141,32
747142,0
747143,0
747144,0
747145,0
747146,0
747147,16
747148,0
747149,0
747150,20
747151,0
747152,0
747153,0
747154,0
747155,0
747156,0
747157,22
747158,0
747159,0
747160,0
747161,19
747162,0
747163,0
747164,0
747165,0
747166,0
747167,0
747168,0
747169,0
747170,34
747171,0
747172,26
747173,0
747174,0
747175,23
747176,0
747177,0
747178,0
747179,15
747180,0
747181,0
747182,32
747183,0
747184,0
747185,0
747186,14
747187,0
747188,0
747189,0
747190,0
747191,0
747192,0
747193,0
747194,0
747195,0
747196,0
747197,0
747198,0
747199,0
747200,27
747201,0
747202,0
747203,0
747204,32
747205,34
747206,23
747207,0
747208,0
747209,15
747210,23
747211,0
747212,0
747213,0
747214,27
747215,0
747216,0
747217,0
747218,20
747219,0
747220,0
747221,0
747222,0
747223,0
747224,0
747225,23
747226,0
747227,0
747228,0
747229,0
747230,31
747231,0
747232,0
747233,0
747234,24
747235,17
747236,0
747237,0
747238,0
747239,0
747240,0
747241,26
747242,13
747243,0
747244,43
747245,0
747246,0
747247,20
747248,31
747249,34
747250,0
747251,0
747252,0
747253,0
747254,25
747255,0
747256,0
747257,0
747258,0
747259,0
747260,0
747261,0
747262,30
747263,29
747264,0
747265,0
747266,41
747267,0
747268,18
747269,0
747270,0
747271,0
747272,19
747273,0
747274,0
747275,0
747276,0
747277,17
747278,0
747279,0
747280,0
747281,0
747282,0
747283,0
747284,0
747285,13
747286,34
747287,0
747288,15
747289,0
747290,0
747291,0
747292,0
747293,0
747294,0
747295,0
747296,0
747297,0
747298,27
747299,0
747300,0
747301,0
747302,0
747303,0
747304,0
747305,0
747306,0
747307,0
747308,0
747309,0
747310,0
747311,21
747312,0
747313,0
747314,0
747315,0
747316,0
747317,0
747318,16
747319,0
747320,0
747321,0
747322,0
747323,0
747324,0
747325,0
747326,0
747327,0
747328,0
747329,0
747330,0
747331,0
747332,0
747333,0
747334,35
747335,0
747336,0
747337,0
747338,0
747339,0
747340,27
747341,0
747342,0
747343,0
747344,0
747345,0
747346,0
747347,0
747348,0
747349,0
747350,0
747351,0
747352,0
747353,0
747354,0
747355,0
747356,0
747357,0
747358,0
747359,0
747360,0
747361,0
747362,0
747363,0
747364,0
747365,21
747366,0
747367,0
747368,0
747369,34
747370,0
747371,0
747372,15
747373,0
747374,0
747375,0
747376,0
747377,0
747378,0
747379,0
747380,0
747381,0
747382,0
747383,0
747384,0
747385,0
747386,0
747387,20
747388,0
747389,0
747390,0
747391,0
747392,0
747393,0
747394,0
747395,10
747396,0
747397,0
747398,0
747399,0
747400,0
747401,0
747402,0
747403,0
747404,0
747405,0
747406,0
747407,0
747408,0
747409,0
747410,0
747411,0
747412,0
747413,0
747414,0
747415,0
747416,0
747417,0
747418,0
747419,0
747420,0
747421,0
747422,0
747423,0
747424,0
747425,0
747426,0
747427,0
747428,0
747429,0
747430,0
747431,0
747432,0
747433,0
747434,0
747435,0
747436,0
747437,0
747438,0
747439,0
747440,0
747441,0
747442,0
747443,0
747444,0
747445,0
747446,0
747447,0
747448,0
747449,0
747450,0
747451,0
747452,0
747453,18
747454,0
747455,0
747456,30
747457,0
747458,0
747459,0
747460,0
747461,0
747462,0
747463,0
747464,36
747465,0
747466,0
747467,0
747468,0
747469,0
747470,0
747471,0
747472,0
747473,0
747474,0
747475,0
747476,0
747477,0
747478,0
747479,0
747480,0
747481,0
747482,0
747483,0
747484,0
747485,0
747486,0
747487,0
747488,0
747489,0
747490,0
747491,0
747492,0
747493,0
747494,24
747495,0
747496,0
747497,0
747498,0
747499,0
747500,21
747501,25
747502,0
747503,0
747504,0
747505,0
747506,17
747507,0
747508,0
747509,0
747510,0
747511,0
747512,0
747513,0
747514,0
747515,0
747516,0
747517,0
747518,19
747519,0
747520,0
747521,0
747522,0
747523,29
747524,0
747525,26
747526,0
747527,0
747528,0
747529,21
747530,0
747531,0
747532,0
747533,21
747534,0
747535,0
747536,0
747537,0
747538,0
747539,0
747540,0
747541,0
747542,0
747543,0
747544,0
747545,0
747546,0
747547,0
747548,0
747549,20
747550,0
747551,0
747552,0
747553,0
747554,30
747555,0
747556,0
747557,0
747558,0
747559,0
747560,0
747561,24
747562,0
747563,0
747564,0
747565,0
747566,0
747567,0
747568,0
747569,11
747570,0
747571,0
747572,0
747573,0
747574,0
747575,0
747576,0
747577,0
747578,0
747579,0
747580,0
747581,0
747582,0
747583,0
747584,0
747585,0
747586,0
747587,20
747588,0
747589,32
747590,0
747591,0
747592,0
747593,0
747594,0
747595,0
747596,0
747597,17
747598,19
747599,0
747600,0
747601,0
747602,21
747603,28
747604,0
747605,0
747606,0
747607,0
747608,0
747609,0
747610,0
747611,0
747612,0
747613,0
747614,0
747615,0
747616,0
747617,0
747618,0
747619,0
747620,0
747621,0
747622,0
747623,0
747624,0
747625,44
747626,0
747627,13
747628,0
747629,20
747630,0
747631,0
747632,27
747633,0
747634,0
747635,0
747636,0
747637,0
747638,0
747639,0
747640,0
747641,0
747642,0
747643,0
747644,0
747645,0
747646,0
747647,27
747648,0
747649,0
747650,0
747651,0
747652,0
747653,0
747654,0
747655,0
747656,0
747657,0
747658,0
747659,0
747660,0
747661,0
747662,0
747663,0
747664,0
747665,0
747666,0
747667,0
747668,0
747669,0
747670,0
747671,22
747672,0
747673,0
747674,0
747675,0
747676,0
747677,0
747678,0
747679,0
747680,0
747681,0
747682,0
747683,0
747684,0
747685,0
747686,0
747687,0
747688,0
747689,12
747690,0
747691,0
747692,0
747693,0
747694,0
747695,0
747696,0
747697,0
747698,0
747699,0
747700,30
747701,8
747702,0
747703,0
747704,0
747705,0
747706,0
747707,0
747708,0
747709,0
747710,0
747711,0
747712,0
747713,17
747714,0
747715,0
747716,0
747717,0
747718,0
747719,27
747720,0
747721,0
747722,21
747723,0
747724,13
747725,0
747726,0
747727,0
747728,0
747729,0
747730,0
747731,31
747732,0
747733,0
747734,0
747735,0
747736,32
747737,0
747738,0
747739,0
747740,0
747741,0
747742,0
747743,0
747744,0
747745,0
747746,0
747747,0
747748,0
747749,0
747750,0
747751,0
747752,0
747753,0
747754,0
747755,0
747756,0
747757,18
747758,0
747759,0
747760,0
747761,0
747762,0
747763,0
747764,0
747765,0
747766,27
747767,0
747768,0
747769,0
747770,0
747771,0
747772,0
747773,23
747774,0
747775,0
747776,0
747777,0
747778,0
747779,0
747780,0
747781,0
747782,0
747783,0
747784,0
747785,0
747786,0
747787,0
747788,0
747789,26
747790,0
747791,0
747792,0
747793,0
747794,19
747795,0
747796,0
747797,0
747798,0
747799,0
747800,0
747801,0
747802,0
747803,0
747804,0
747805,0
747806,0
747807,0
747808,0
747809,0
747810,0
747811,0
747812,21
747813,0
747814,0
747815,0
747816,0
747817,0
747818,0
747819,27
747820,0
747821,0
747822,0
747823,0
747824,0
747825,0
747826,0
747827,0
747828,0
747829,0
747830,0
747831,0
747832,0
747833,0
747834,0
747835,0
747836,22
747837,10
747838,0
747839,0
747840,0
747841,0
747842,18
747843,0
747844,0
747845,0
747846,0
747847,0
747848,0
747849,0
747850,0
747851,0
747852,0
747853,0
747854,0
747855,0
747856,0
747857,0
747858,0
747859,0
747860,0
747861,0
747862,0
747863,0
747864,28
747865,0
747866,0
747867,0
747868,0
747869,0
747870,0
747871,0
747872,0
747873,0
747874,0
747875,0
747876,0
747877,0
747878,0
747879,0
747880,0
747881,0
747882,0
747883,0
747884,0
747885,0
747886,0
747887,0
747888,0
747889,0
747890,29
747891,0
747892,0
747893,0
747894,0
747895,0
747896,0
747897,0
747898,0
747899,0
747900,0
747901,23
747902,0
747903,0
747904,0
747905,0
747906,0
747907,0
747908,0
747909,0
747910,0
747911,0
747912,0
747913,0
747914,16
747915,0
747916,0
747917,0
747918,0
747919,0
747920,0
747921,0
747922,0
747923,0
747924,0
747925,0
747926,0
747927,0
747928,0
747929,0
747930,0
747931,19
747932,0
747933,0
747934,0
747935,0
747936,14
747937,0
747938,0
747939,0
747940,0
747941,0
747942,0
747943,0
747944,0
747945,0
747946,0
747947,0
747948,0
747949,0
747950,0
747951,0
747952,0
747953,0
747954,0
747955,0
747956,0
747957,0
747958,0
747959,0
747960,0
747961,0
747962,0
747963,0
747964,0
747965,0
747966,0
747967,0
747968,0
747969,0
747970,0
747971,0
747972,0
747973,0
747974,0
747975,0
747976,0
747977,0
747978,0
747979,0
747980,0
747981,0
747982,23
747983,0
747984,0
747985,0
747986,20
747987,0
747988,0
747989,0
747990,0
747991,0
747992,0
747993,0
747994,0
747995,0
747996,0
747997,23
747998,0
747999,0
748000,29
748001,0
748002,0
748003,0
748004,0
748005,0
748006,0
748007,0
748008,0
748009,0
748010,0
748011,0
748012,0
748013,28
748014,0
748015,0
748016,0
748017,10
748018,0
748019,0
748020,0
748021,0
748022,0
748023,15
748024,0
748025,0
748026,0
748027,0
748028,0
748029,0
748030,0
748031,19
748032,0
748033,0
748034,0
748035,0
748036,0
748037,0
748038,22
748039,0
748040,0
748041,0
748042,0
748043,0
748044,25
748045,0
748046,0
748047,0
748048,0
748049,0
748050,0
748051,0
748052,0
748053,0
748054,0
748055,0
748056,0
748057,0
748058,0
748059,0
748060,0
748061,0
748062,0
748063,0
748064,0
748065,0
748066,0
748067,0
748068,0
748069,0
748070,0
748071,0
748072,0
748073,18
748074,0
748075,0
748076,0
748077,0
748078,0
748079,0
748080,0
748081,0
748082,0
748083,0
748084,0
748085,0
748086,0
748087,0
748088,0
748089,0
748090,0
748091,0
748092,22
748093,0
748094,0
748095,0
748096,0
748097,0
748098,0
748099,22
748100,0
748101,0
748102,15
748103,0
748104,0
748105,0
748106,0
748107,0
748108,34
748109,0
748110,0
748111,0
748112,30
748113,0
748114,0
748115,0
748116,0
748117,0
748118,27
748119,21
748120,0
748121,0
748122,0
748123,0
748124,0
748125,0
748126,0
748127,0
748128,0
748129,0
748130,36
748131,0
748132,0
748133,19
748134,0
748135,0
748136,0
748137,0
748138,0
748139,27
748140,0
748141,0
748142,0
748143,23
748144,0
748145,0
748146,0
748147,0
748148,0
748149,0
748150,0
748151,24
748152,0
748153,0
748154,0
748155,0
748156,0
748157,25
748158,0
748159,32
748160,0
748161,0
748162,0
748163,0
748164,34
748165,0
748166,0
748167,0
748168,34
748169,0
748170,0
748171,0
748172,0
748173,29
748174,0
748175,0
748176,25
748177,0
748178,0
748179,0
748180,0
748181,0
748182,35
748183,0
748184,0
748185,0
748186,0
748187,0
748188,0
748189,0
748190,0
748191,0
748192,0
748193,0
748194,0
748195,0
748196,0
748197,0
748198,0
748199,0
748200,51
748201,0
748202,0
748203,28
748204,0
748205,0
748206,29
748207,0
748208,31
748209,0
748210,29
748211,24
748212,0
748213,0
748214,38
748215,0
748216,0
748217,32
748218,0
748219,0
748220,0
748221,0
748222,0
748223,0
748224,0
748225,32
748226,28
748227,0
748228,28
748229,0
748230,0
748231,0
748232,0
748233,34
748234,0
748235,0
748236,0
748237,30
748238,0
748239,35
748240,27
748241,0
748242,0
748243,46
748244,0
748245,0
748246,47
748247,0
748248,0
748249,0
748250,0
748251,0
748252,42
748253,0
748254,0
748255,27
748256,0
748257,0
748258,37
748259,27
748260,0
748261,43
748262,0
748263,25
748264,0
748265,0
748266,24
748267,0
748268,0
748269,0
748270,0
748271,0
748272,0
748273,0
748274,39
748275,0
748276,0
748277,41
748278,0
748279,0
748280,0
748281,0
748282,0
748283,17
748284,0
748285,0
748286,0
748287,35
748288,0
748289,0
748290,0
748291,0
748292,44
748293,18
748294,26
748295,27
748296,37
748297,0
748298,0
748299,0
748300,0
748301,0
748302,0
748303,35
748304,0
748305,0
748306,0
748307,27
748308,26
748309,0
748310,0
748311,0
748312,28
748313,23
748314,0
748315,0
748316,0
748317,0
748318,0
748319,0
748320,0
748321,0
748322,44
748323,30
748324,27
748325,0
748326,0
748327,0
748328,0
748329,0
748330,0
748331,41
748332,20
748333,0
748334,0
748335,0
748336,0
748337,0
748338,0
748339,0
748340,0
748341,0
748342,36
748343,0
748344,0
748345,31
748346,0
748347,36
748348,46
748349,0
748350,35
748351,0
748352,0
748353,0
748354,0
748355,0
748356,32
748357,40
748358,0
748359,0
748360,0
748361,0
748362,0
748363,0
748364,26
748365,0
748366,34
748367,31
748368,34
748369,0
748370,34
748371,0
748372,0
748373,0
748374,0
748375,0
748376,0
748377,0
748378,0
748379,0
748380,0
748381,0
748382,0
748383,31
748384,46
748385,39
748386,0
748387,0
748388,0
748389,0
748390,0
748391,26
748392,0
748393,0
748394,0
748395,0
748396,0
748397,0
748398,0
748399,0
748400,32
748401,0
748402,0
748403,0
748404,0
748405,0
748406,36
748407,0
748408,43
748409,0
748410,0
748411,39
748412,26
748413,0
748414,0
748415,0
748416,0
748417,0
748418,0
748419,0
748420,0
748421,0
748422,0
748423,31
748424,0
748425,0
748426,0
748427,0
748428,0
748429,46
748430,0
748431,34
748432,0
748433,0
748434,0
748435,0
748436,0
748437,0
748438,0
748439,0
748440,0
748441,0
748442,0
748443,40
748444,0
748445,0
748446,0
748447,0
748448,30
748449,0
748450,0
748451,0
748452,0
748453,22
748454,0
748455,0
748456,0
748457,0
748458,0
748459,0
748460,20
748461,0
748462,0
748463,26
748464,15
748465,0
748466,32
748467,27
748468,28
748469,0
748470,0
748471,0
748472,0
748473,0
748474,43
748475,26
748476,0
748477,0
748478,0
748479,33
748480,0
748481,0
748482,0
748483,0
748484,0
748485,0
748486,0
748487,0
748488,0
748489,0
748490,33
748491,0
748492,0
748493,41
748494,0
748495,0
748496,0
748497,0
748498,0
748499,0
748500,0
748501,0
748502,0
748503,0
748504,21
748505,0
748506,34
748507,0
748508,0
748509,0
748510,0
748511,0
748512,29
748513,38
748514,0
748515,0
748516,0
748517,0
748518,22
748519,0
748520,0
748521,44
748522,25
748523,0
748524,0
748525,0
748526,39
748527,25
748528,0
748529,0
748530,0
748531,0
748532,0
748533,0
748534,0
748535,0
748536,35
748537,0
748538,0
748539,0
748540,0
748541,0
748542,0
748543,0
748544,0
748545,0
748546,0
748547,0
748548,0
748549,0
748550,0
748551,32
748552,0
748553,0
748554,0
748555,0
748556,27
748557,28
748558,45
748559,0
748560,37
748561,0
748562,0
748563,0
748564,30
748565,0
748566,0
748567,0
748568,25
748569,0
748570,33
748571,0
748572,0
748573,40
748574,0
748575,0
748576,0
748577,25
748578,0
748579,0
748580,0
748581,0
748582,0
748583,0
748584,0
748585,0
748586,0
748587,0
748588,26
748589,0
748590,0
748591,0
748592,0
748593,0
748594,0
748595,31
748596,45
748597,0
748598,0
748599,0
748600,0
748601,0
748602,0
748603,0
748604,0
748605,0
748606,0
748607,34
748608,0
748609,35
748610,36
748611,0
748612,0
748613,0
748614,22
748615,0
748616,0
748617,26
748618,0
748619,0
748620,0
748621,0
748622,31
748623,0
748624,35
748625,0
748626,0
748627,0
748628,28
748629,0
748630,0
748631,0
748632,25
748633,0
748634,0
748635,0
748636,0
748637,0
748638,25
748639,0
748640,0
748641,0
748642,0
748643,0
748644,28
748645,0
748646,0
748647,0
748648,27
748649,0
748650,0
748651,32
748652,36
748653,0
748654,37
748655,33
748656,0
748657,0
748658,0
748659,31
748660,0
748661,0
748662,25
748663,19
748664,0
748665,26
748666,32
748667,24
748668,0
748669,0
748670,0
748671,0
748672,30
748673,0
748674,38
748675,0
748676,0
748677,0
748678,0
748679,23
748680,0
748681,36
748682,15
748683,0
748684,40
748685,0
748686,0
748687,0
748688,27
748689,0
748690,34
748691,0
748692,29
748693,0
748694,0
748695,0
748696,0
748697,24
748698,0
748699,0
748700,0
748701,0
748702,0
748703,28
748704,25
748705,0
748706,0
748707,0
748708,0
748709,0
748710,0
748711,0
748712,0
748713,26
748714,32
748715,25
748716,0
748717,0
748718,34
748719,0
748720,39
748721,0
748722,0
748723,0
748724,0
748725,0
748726,0
748727,0
748728,0
748729,0
748730,0
748731,0
748732,0
748733,30
748734,0
748735,0
748736,0
748737,19
748738,0
748739,32
748740,0
748741,22
748742,0
748743,0
748744,0
748745,0
748746,0
748747,0
748748,0
748749,0
748750,0
748751,0
748752,43
748753,44
748754,43
748755,0
748756,0
748757,37
748758,0
748759,0
748760,0
748761,0
748762,35
748763,25
748764,0
748765,0
748766,0
748767,0
748768,0
748769,0
748770,45
748771,0
748772,0
748773,37
748774,43
748775,0
748776,0
748777,39
748778,0
748779,0
748780,0
748781,0
748782,0
748783,41
748784,0
748785,0
748786,33
748787,0
748788,31
748789,0
748790,0
748791,32
748792,0
748793,44
748794,30
748795,0
748796,18
748797,0
748798,0
748799,0
748800,0
748801,34
748802,32
748803,0
748804,0
748805,0
748806,34
748807,40
748808,0
748809,0
748810,0
748811,0
748812,34
748813,0
748814,0
748815,37
748816,0
748817,0
748818,0
748819,34
748820,45
748821,22
748822,0
748823,0
748824,0
748825,0
748826,27
748827,0
748828,0
748829,39
748830,0
748831,0
748832,0
748833,0
748834,44
748835,0
748836,35
748837,0
748838,34
748839,0
748840,0
748841,0
748842,0
748843,0
748844,0
748845,0
748846,0
748847,15
748848,0
748849,0
748850,0
748851,0
748852,0
748853,32
748854,0
748855,0
748856,36
748857,0
748858,0
748859,42
748860,0
748861,0
748862,37
748863,0
748864,0
748865,0
748866,0
748867,0
748868,29
748869,0
748870,0
748871,0
748872,37
748873,0
748874,0
748875,0
748876,23
748877,0
748878,27
748879,23
748880,38
748881,0
748882,0
748883,0
748884,0
748885,0
748886,0
748887,0
748888,0
748889,0
748890,0
748891,35
748892,0
748893,0
748894,0
748895,0
748896,0
748897,0
748898,22
748899,31
748900,0
748901,22
748902,23
748903,0
748904,0
748905,0
748906,29
748907,28
748908,33
748909,26
748910,0
748911,33
748912,28
748913,0
748914,0
748915,0
748916,36
748917,47
748918,0
748919,0
748920,0
748921,0
748922,31
748923,40
748924,0
748925,0
748926,0
748927,29
748928,0
748929,0
748930,35
748931,35
748932,0
748933,0
748934,0
748935,39
748936,0
748937,31
748938,0
748939,0
748940,0
748941,0
748942,38
748943,0
748944,0
748945,0
748946,30
748947,20
748948,0
748949,38
748950,0
748951,0
748952,0
748953,0
748954,0
748955,0
748956,0
748957,0
748958,26
748959,0
748960,0
748961,0
748962,0
748963,0
748964,0
748965,0
748966,0
748967,0
748968,32
748969,0
748970,0
748971,0
748972,0
748973,0
748974,14
748975,0
748976,0
748977,0
748978,0
748979,24
748980,41
748981,24
748982,0
748983,0
748984,0
748985,0
748986,0
748987,0
748988,0
748989,40
748990,0
748991,0
748992,29
748993,0
748994,0
748995,0
748996,0
748997,0
748998,31
748999,0
749000,0
749001,28
749002,0
749003,0
749004,0
749005,0
749006,0
749007,27
749008,0
749009,41
749010,0
749011,0
749012,24
749013,0
749014,32
749015,27
749016,0
749017,33
749018,0
749019,0
749020,37
749021,0
749022,33
749023,0
749024,20
749025,45
749026,0
749027,0
749028,48
749029,0
749030,0
749031,0
749032,0
749033,33
749034,0
749035,0
749036,0
749037,33
749038,28
749039,0
749040,0
749041,0
749042,0
749043,0
749044,34
749045,0
749046,42
749047,0
749048,25
749049,0
749050,0
749051,0
749052,0
749053,29
749054,0
749055,39
749056,0
749057,0
749058,33
749059,28
749060,0
749061,0
749062,31
749063,0
749064,0
749065,0
749066,0
749067,0
749068,0
749069,0
749070,0
749071,0
749072,0
749073,0
749074,0
749075,0
749076,43
749077,0
749078,32
749079,0
749080,0
749081,32
749082,33
749083,0
749084,0
749085,0
749086,0
749087,0
749088,0
749089,0
749090,0
749091,0
749092,0
749093,0
749094,36
749095,0
749096,0
749097,0
749098,0
749099,39
749100,0
749101,0
749102,0
749103,0
749104,0
749105,0
749106,0
749107,0
749108,0
749109,0
749110,0
749111,0
749112,0
749113,0
749114,38
749115,0
749116,0
749117,0
749118,0
749119,0
749120,0
749121,0
749122,0
749123,0
749124,0
749125,0
749126,0
749127,0
749128,0
749129,0
749130,0
749131,0
749132,17
749133,0
749134,31
749135,0
749136,0
749137,0
749138,0
749139,43
749140,0
749141,0
749142,0
749143,0
749144,0
749145,0
749146,0
749147,0
749148,43
749149,0
749150,0
749151,29
749152,0
749153,17
749154,0
749155,0
749156,0
749157,0
749158,0
749159,0
749160,0
749161,0
749162,0
749163,0
749164,0
749165,0
749166,38
749167,0
749168,0
749169,0
749170,0
749171,0
749172,0
749173,0
749174,0
749175,0
749176,0
749177,0
749178,0
749179,0
749180,0
749181,0
749182,0
749183,39
749184,0
749185,0
749186,0
749187,32
749188,31
749189,48
749190,0
749191,0
749192,24
749193,32
749194,0
749195,0
749196,0
749197,0
749198,0
749199,0
749200,22
749201,0
749202,0
749203,0
749204,0
749205,0
749206,0
749207,0
749208,28
749209,0
749210,0
749211,0
749212,0
749213,0
749214,0
749215,0
749216,0
749217,35
749218,37
749219,0
749220,0
749221,0
749222,61
749223,25
749224,32
749225,0
749226,0
749227,0
749228,0
749229,0
749230,0
749231,25
749232,0
749233,0
749234,0
749235,31
749236,0
749237,0
749238,0
749239,0
749240,0
749241,0
749242,16
749243,0
749244,0
749245,0
749246,0
749247,0
749248,0
749249,50
749250,0
749251,0
749252,0
749253,0
749254,0
749255,0
749256,0
749257,0
749258,0
749259,0
749260,0
749261,8
749262,25
749263,15
749264,36
749265,0
749266,0
749267,0
749268,0
749269,0
749270,0
749271,0
749272,0
749273,0
749274,0
749275,0
749276,0
749277,0
749278,0
749279,31
749280,0
749281,0
749282,24
749283,0
749284,0
749285,0
749286,0
749287,0
749288,0
749289,0
749290,0
749291,0
749292,0
749293,0
749294,0
749295,0
749296,0
749297,0
749298,0
749299,0
749300,0
749301,0
749302,0
749303,4
749304,0
749305,0
749306,0
749307,0
749308,0
749309,0
749310,0
749311,0
749312,0
749313,0
749314,0
749315,0
749316,31
749317,0
749318,0
749319,0
749320,0
749321,0
749322,0
749323,0
749324,0
749325,0
749326,0
749327,0
749328,0
749329,0
749330,0
749331,0
749332,0
749333,0
749334,0
749335,0
749336,0
749337,0
749338,0
749339,0
749340,0
749341,0
749342,0
749343,0
749344,0
749345,0
749346,0
749347,0
749348,0
749349,0
749350,16
749351,0
749352,42
749353,0
749354,0
749355,0
749356,0
749357,0
749358,49
749359,30
749360,0
749361,0
749362,0
749363,0
749364,0
749365,0
749366,0
749367,0
749368,0
749369,0
749370,0
749371,0
749372,0
749373,0
749374,0
749375,40
749376,0
749377,0
749378,0
749379,0
749380,0
749381,0
749382,0
749383,0
749384,0
749385,0
749386,0
749387,0
749388,0
749389,0
749390,15
749391,0
749392,0
749393,0
749394,25
749395,0
749396,0
749397,0
749398,0
749399,0
749400,0
749401,0
749402,0
749403,0
749404,0
749405,31
749406,0
749407,15
749408,0
749409,0
749410,0
749411,0
749412,0
749413,0
749414,0
749415,0
749416,0
749417,30
749418,0
749419,0
749420,0
749421,0
749422,0
749423,0
749424,0
749425,0
749426,0
749427,0
749428,0
749429,0
749430,0
749431,0
749432,0
749433,0
749434,0
749435,0
749436,0
749437,0
749438,0
749439,0
749440,11
749441,0
749442,0
749443,0
749444,0
749445,0
749446,0
749447,0
749448,0
749449,22
749450,0
749451,0
749452,0
749453,0
749454,0
749455,0
749456,0
749457,0
749458,0
749459,0
749460,0
749461,0
749462,0
749463,0
749464,0
749465,0
749466,0
749467,0
749468,0
749469,0
749470,0
749471,0
749472,0
749473,0
749474,27
749475,31
749476,0
749477,0
749478,24
749479,34
749480,0
749481,31
749482,0
749483,17
749484,0
749485,0
749486,0
749487,30
749488,0
749489,0
749490,0
749491,0
749492,0
749493,0
749494,0
749495,0
749496,0
749497,0
749498,29
749499,0
749500,0
749501,24
749502,0
749503,0
749504,0
749505,0
749506,0
749507,0
749508,0
749509,0
749510,20
749511,0
749512,0
749513,0
749514,0
749515,0
749516,0
749517,0
749518,0
749519,0
749520,0
749521,0
749522,0
749523,0
749524,17
749525,0
749526,0
749527,0
749528,0
749529,0
749530,0
749531,0
749532,0
749533,0
749534,0
749535,0
749536,0
749537,0
749538,0
749539,0
749540,0
749541,0
749542,0
749543,0
749544,0
749545,0
749546,0
749547,0
749548,31
749549,0
749550,0
749551,0
749552,0
749553,0
749554,0
749555,0
749556,18
749557,0
749558,0
749559,0
749560,0
749561,0
749562,0
749563,22
749564,19
749565,0
749566,0
749567,0
749568,0
749569,18
749570,0
749571,0
749572,0
749573,7
749574,0
749575,21
749576,0
749577,0
749578,0
749579,0
749580,0
749581,0
749582,0
749583,22
749584,22
749585,0
749586,0
749587,0
749588,0
749589,20
749590,0
749591,0
749592,15
749593,17
749594,0
749595,0
749596,0
749597,0
749598,23
749599,20
749600,0
749601,0
749602,0
749603,11
749604,13
749605,23
749606,21
749607,26
749608,0
749609,13
749610,0
749611,0
749612,0
749613,0
749614,18
749615,0
749616,0
749617,0
749618,18
749619,0
749620,24
749621,0
749622,0
749623,0
749624,20
749625,16
749626,0
749627,0
749628,0
749629,20
749630,0
749631,0
749632,0
749633,0
749634,0
749635,24
749636,0
749637,0
749638,0
749639,0
749640,0
749641,15
749642,16
749643,0
749644,0
749645,20
749646,35
749647,15
749648,0
749649,0
749650,0
749651,0
749652,26
749653,0
749654,0
749655,0
749656,0
749657,0
749658,0
749659,0
749660,0
749661,15
749662,0
749663,0
749664,0
749665,0
749666,0
749667,0
749668,0
749669,0
749670,13
749671,0
749672,0
749673,0
749674,0
749675,0
749676,0
749677,0
749678,22
749679,23
749680,0
749681,22
749682,0
749683,0
749684,0
749685,0
749686,23
749687,15
749688,0
749689,0
749690,24
749691,0
749692,19
749693,22
749694,0
749695,0
749696,0
749697,0
749698,14
749699,0
749700,15
749701,0
749702,0
749703,0
749704,18
749705,0
749706,0
749707,0
749708,0
749709,0
749710,0
749711,0
749712,0
749713,12
749714,0
749715,0
749716,0
749717,20
749718,0
749719,32
749720,16
749721,0
749722,0
749723,0
749724,0
749725,0
749726,0
749727,0
749728,0
749729,0
749730,0
749731,20
749732,0
749733,0
749734,30
749735,0
749736,0
749737,0
749738,20
749739,0
749740,0
749741,0
749742,0
749743,0
749744,0
749745,18
749746,32
749747,0
749748,0
749749,0
749750,0
749751,0
749752,24
749753,0
749754,0
749755,0
749756,0
749757,0
749758,17
749759,0
749760,0
749761,0
749762,0
749763,0
749764,19
749765,20
749766,0
749767,0
749768,23
749769,27
749770,0
749771,21
749772,0
749773,0
749774,0
749775,0
749776,0
749777,23
749778,0
749779,0
749780,0
749781,0
749782,29
749783,0
749784,0
749785,0
749786,0
749787,0
749788,0
749789,0
749790,0
749791,0
749792,0
749793,0
749794,0
749795,0
749796,0
749797,0
749798,31
749799,0
749800,0
749801,18
749802,0
749803,0
749804,20
749805,0
749806,0
749807,0
749808,13
749809,0
749810,23
749811,0
749812,0
749813,0
749814,0
749815,0
749816,0
749817,0
749818,0
749819,0
749820,23
749821,0
749822,0
749823,0
749824,0
749825,0
749826,0
749827,28
749828,0
749829,0
749830,0
749831,0
749832,0
749833,0
749834,19
749835,0
749836,0
749837,0
749838,0
749839,0
749840,0
749841,0
749842,0
749843,0
749844,0
749845,0
749846,0
749847,0
749848,0
749849,0
749850,0
749851,0
749852,0
749853,0
749854,21
749855,0
749856,0
749857,0
749858,0
749859,0
749860,24
749861,0
749862,0
749863,0
749864,0
749865,0
749866,0
749867,0
749868,0
749869,0
749870,0
749871,0
749872,0
749873,0
749874,0
749875,0
749876,0
749877,15
749878,18
749879,0
749880,0
749881,0
749882,0
749883,24
749884,0
749885,0
749886,0
749887,0
749888,17
749889,0
749890,0
749891,0
749892,0
749893,24
749894,0
749895,0
749896,0
749897,12
749898,0
749899,0
749900,0
749901,0
749902,0
749903,0
749904,0
749905,0
749906,0
749907,18
749908,0
749909,0
749910,0
749911,0
749912,0
749913,0
749914,0
749915,0
749916,0
749917,0
749918,0
749919,20
749920,0
749921,0
749922,19
749923,0
749924,0
749925,0
749926,0
749927,15
749928,26
749929,0
749930,0
749931,0
749932,0
749933,20
749934,30
749935,18
749936,0
749937,0
749938,0
749939,0
749940,18
749941,0
749942,22
749943,0
749944,0
749945,0
749946,24
749947,0
749948,20
749949,0
749950,0
749951,0
749952,19
749953,0
749954,19
749955,18
749956,15
749957,23
749958,13
749959,0
749960,13
749961,0
749962,0
749963,0
749964,0
749965,0
749966,0
749967,0
749968,0
749969,19
749970,0
749971,0
749972,0
749973,21
749974,0
749975,22
749976,13
749977,21
749978,0
749979,0
749980,21
749981,25
749982,0
749983,0
749984,16
749985,0
749986,0
749987,0
749988,0
749989,0
749990,0
749991,0
749992,0
749993,13
749994,0
749995,23
749996,13
749997,0
749998,0
749999,0
750000,12
750001,0
750002,0
750003,0
750004,0
750005,25
750006,0
750007,0
750008,0
750009,0
750010,0
750011,0
750012,0
750013,0
750014,16
750015,18
750016,0
750017,24
750018,0
750019,0
750020,0
750021,0
750022,0
750023,0
750024,0
750025,0
750026,0
750027,18
750028,0
750029,0
750030,0
750031,0
750032,0
750033,17
750034,18
750035,0
750036,26
750037,33
750038,0
750039,0
750040,0
750041,0
750042,0
750043,0
750044,0
750045,0
750046,28
750047,15
750048,0
750049,0
750050,15
750051,0
750052,0
750053,32
750054,0
750055,0
750056,0
750057,0
750058,0
750059,0
750060,0
750061,15
750062,0
750063,0
750064,0
750065,0
750066,0
750067,14
750068,0
750069,0
750070,0
750071,0
750072,0
750073,0
750074,0
750075,23
750076,19
750077,0
750078,0
750079,0
750080,0
750081,0
750082,0
750083,0
750084,0
750085,0
750086,26
750087,0
750088,0
750089,0
750090,0
750091,20
750092,0
750093,23
750094,10
750095,0
750096,0
750097,18
750098,0
750099,16
750100,19
750101,0
750102,0
750103,0
750104,0
750105,0
750106,17
750107,0
750108,25
750109,19
750110,20
750111,0
750112,0
750113,0
750114,0
750115,0
750116,0
750117,0
750118,0
750119,0
750120,0
750121,0
750122,18
750123,0
750124,0
750125,0
750126,0
750127,0
750128,0
750129,13
750130,0
750131,0
750132,0
750133,17
750134,0
750135,15
750136,0
750137,0
750138,0
750139,0
750140,0
750141,18
750142,24
750143,15
750144,23
750145,0
750146,0
750147,0
750148,0
750149,9
750150,0
750151,0
750152,14
750153,0
750154,0
750155,0
750156,0
750157,0
750158,0
750159,0
750160,0
750161,21
750162,0
750163,17
750164,0
750165,0
750166,0
750167,0
750168,0
750169,0
750170,0
750171,0
750172,20
750173,0
750174,0
750175,0
750176,0
750177,0
750178,15
750179,0
750180,0
750181,23
750182,0
750183,0
750184,22
750185,20
750186,0
750187,0
750188,0
750189,0
750190,24
750191,0
750192,0
750193,0
750194,29
750195,14
750196,0
750197,22
750198,0
750199,0
750200,17
750201,0
750202,0
750203,0
750204,18
750205,0
750206,0
750207,0
750208,0
750209,0
750210,0
750211,0
750212,0
750213,14
750214,0
750215,0
750216,0
750217,23
750218,0
750219,0
750220,0
750221,0
750222,0
750223,0
750224,0
750225,0
750226,26
750227,0
750228,23
750229,0
750230,0
750231,0
750232,16
750233,0
750234,0
750235,0
750236,0
750237,0
750238,24
750239,0
750240,0
750241,0
750242,0
750243,0
750244,0
750245,0
750246,0
750247,0
750248,0
750249,0
750250,0
750251,0
750252,0
750253,0
750254,1
750255,0
750256,0
750257,0
750258,0
750259,0
750260,0
750261,0
750262,0
750263,0
750264,0
750265,0
750266,0
750267,0
750268,0
750269,0
750270,0
750271,0
750272,0
750273,0
750274,0
750275,0
750276,0
750277,0
750278,0
750279,0
750280,0
750281,0
750282,0
750283,0
750284,0
750285,0
750286,0
750287,0
750288,0
750289,0
750290,0
750291,0
750292,0
750293,0
750294,0
750295,0
750296,0
750297,0
750298,0
750299,0
750300,0
750301,0
750302,0
750303,0
750304,0
750305,0
750306,0
750307,0
750308,0
750309,0
750310,0
750311,0
750312,0
750313,0
750314,0
750315,0
750316,0
750317,0
750318,0
750319,0
750320,0
750321,0
750322,0
750323,0
750324,0
750325,0
750326,0
750327,0
750328,0
750329,0
750330,0
750331,0
750332,0
750333,0
750334,0
750335,0
750336,0
750337,0
750338,0
750339,0
750340,0
750341,0
750342,0
750343,0
750344,0
750345,0
750346,0
750347,0
750348,0
750349,0
750350,0
750351,0
750352,0
750353,0
750354,0
750355,0
750356,0
750357,0
750358,0
750359,0
750360,0
750361,0
750362,0
750363,0
750364,0
750365,0
750366,0
750367,0
750368,0
750369,0
750370,0
750371,0
750372,0
750373,0
750374,0
750375,0
750376,0
750377,0
750378,0
750379,0
750380,0
750381,0
750382,0
750383,0
750384,0
750385,0
750386,0
750387,0
750388,0
750389,0
750390,0
750391,0
750392,0
750393,0
750394,0
750395,0
750396,0
750397,0
750398,0
750399,0
750400,0
750401,0
750402,0
750403,0
750404,0
750405,0
750406,0
750407,1
750408,1
750409,0
750410,0
750411,0
750412,0
750413,0
750414,0
750415,0
750416,0
750417,0
750418,0
750419,0
750420,0
750421,0
750422,0
750423,0
750424,0
750425,0
750426,0
750427,0
750428,0
750429,0
750430,0
750431,0
750432,0
750433,0
750434,0
750435,0
750436,0
750437,0
750438,0
750439,0
750440,0
750441,0
750442,0
750443,0
750444,0
750445,0
750446,0
750447,0
750448,0
750449,0
750450,0
750451,0
750452,0
750453,0
750454,0
750455,0
750456,0
750457,0
750458,0
750459,0
750460,0
750461,0
750462,0
750463,0
750464,1
750465,0
750466,0
750467,0
750468,0
750469,0
750470,0
750471,0
750472,0
750473,0
750474,0
750475,0
750476,0
750477,0
750478,0
750479,0
750480,0
750481,0
750482,0
750483,0
750484,0
750485,0
750486,0
750487,0
750488,0
750489,0
750490,0
750491,0
750492,0
750493,1
750494,0
750495,0
750496,0
750497,0
750498,0
750499,0
750500,0
750501,0
750502,0
750503,0
750504,0
750505,0
750506,0
750507,0
750508,0
750509,0
750510,0
750511,0
750512,0
750513,0
750514,0
750515,0
750516,0
750517,0
750518,0
750519,0
750520,0
750521,0
750522,0
750523,0
750524,0
750525,0
750526,0
750527,0
750528,0
750529,0
750530,0
750531,0
750532,0
750533,0
750534,0
750535,0
750536,0
750537,0
750538,0
750539,0
750540,0
750541,0
750542,0
750543,0
750544,0
750545,0
750546,0
750547,0
750548,0
750549,0
750550,0
750551,0
750552,0
750553,0
750554,0
750555,0
750556,0
750557,0
750558,0
750559,0
750560,0
750561,0
750562,0
750563,0
750564,0
750565,0
750566,0
750567,0
750568,0
750569,0
750570,0
750571,0
750572,0
750573,0
750574,0
750575,0
750576,1
750577,0
750578,0
750579,0
750580,0
750581,0
750582,0
750583,0
750584,0
750585,0
750586,0
750587,0
750588,0
750589,0
750590,0
750591,0
750592,0
750593,1
750594,0
750595,0
750596,0
750597,0
750598,0
750599,0
750600,0
750601,0
750602,0
750603,0
750604,0
750605,0
750606,0
750607,0
750608,0
750609,0
750610,0
750611,0
750612,0
750613,0
750614,0
750615,0
750616,0
750617,0
750618,0
750619,0
750620,0
750621,0
750622,0
750623,0
750624,0
750625,0
750626,0
750627,0
750628,0
750629,0
750630,0
750631,0
750632,0
750633,0
750634,0
750635,0
750636,0
750637,0
750638,0
750639,0
750640,0
750641,0
750642,0
750643,0
750644,0
750645,0
750646,0
750647,0
750648,0
750649,0
750650,0
750651,0
750652,0
750653,0
750654,0
750655,0
750656,0
750657,0
750658,0
750659,0
750660,0
750661,0
750662,0
750663,0
750664,0
750665,0
750666,0
750667,0
750668,0
750669,0
750670,0
750671,0
750672,0
750673,0
750674,0
750675,0
750676,0
750677,0
750678,0
750679,0
750680,0
750681,0
750682,0
750683,0
750684,0
750685,0
750686,0
750687,0
750688,0
750689,0
750690,0
750691,0
750692,0
750693,0
750694,0
750695,0
750696,0
750697,0
750698,0
750699,0
750700,0
750701,0
750702,0
750703,0
750704,0
750705,0
750706,0
750707,0
750708,0
750709,0
750710,0
750711,0
750712,0
750713,0
750714,0
750715,0
750716,0
750717,0
750718,0
750719,0
750720,0
750721,0
750722,0
750723,0
750724,0
750725,0
750726,0
750727,0
750728,0
750729,0
750730,0
750731,0
750732,0
750733,0
750734,0
750735,0
750736,0
750737,0
750738,0
750739,0
750740,0
750741,0
750742,0
750743,1
750744,0
750745,0
750746,0
750747,0
750748,0
750749,0
750750,0
750751,0
750752,0
750753,0
750754,0
750755,0
750756,0
750757,0
750758,0
750759,0
750760,0
750761,0
750762,0
750763,0
750764,0
750765,0
750766,0
750767,0
750768,0
750769,0
750770,0
750771,0
750772,0
750773,0
750774,0
750775,0
750776,0
750777,0
750778,0
750779,0
750780,0
750781,0
750782,0
750783,0
750784,0
750785,0
750786,0
750787,0
750788,0
750789,0
750790,0
750791,0
750792,0
750793,0
750794,0
750795,0
750796,0
750797,0
750798,0
750799,0
750800,0
750801,0
750802,0
750803,0
750804,0
750805,0
750806,0
750807,0
750808,0
750809,0
750810,0
750811,0
750812,0
750813,0
750814,0
750815,0
750816,0
750817,0
750818,0
750819,0
750820,0
750821,0
750822,0
750823,0
750824,0
750825,0
750826,0
750827,0
750828,0
750829,0
750830,0
750831,0
750832,0
750833,0
750834,0
750835,0
750836,0
750837,0
750838,0
750839,0
750840,0
750841,1
750842,0
750843,0
750844,0
750845,0
750846,0
750847,0
750848,0
750849,0
750850,0
750851,0
750852,0
750853,0
750854,0
750855,0
750856,0
750857,0
750858,0
750859,0
750860,0
750861,0
750862,0
750863,0
750864,0
750865,0
750866,0
750867,0
750868,0
750869,0
750870,0
750871,0
750872,0
750873,0
750874,0
750875,0
750876,0
750877,0
750878,0
750879,0
750880,0
750881,0
750882,0
750883,0
750884,0
750885,0
750886,0
750887,0
750888,0
750889,0
750890,0
750891,0
750892,0
750893,0
750894,0
750895,0
750896,0
750897,0
750898,0
750899,0
750900,0
750901,0
750902,0
750903,0
750904,1
750905,0
750906,0
750907,0
750908,0
750909,0
750910,0
750911,0
750912,0
750913,0
750914,0
750915,0
750916,0
750917,0
750918,0
750919,0
750920,0
750921,0
750922,0
750923,0
750924,0
750925,0
750926,0
750927,0
750928,0
750929,0
750930,0
750931,0
750932,0
750933,0
750934,0
750935,0
750936,0
750937,0
750938,0
750939,0
750940,0
750941,0
750942,0
750943,0
750944,0
750945,0
750946,0
750947,0
750948,0
750949,0
750950,0
750951,0
750952,0
750953,0
750954,0
750955,0
750956,0
750957,0
750958,0
750959,0
750960,0
750961,0
750962,0
750963,0
750964,0
750965,0
750966,0
750967,0
750968,0
750969,0
750970,1
750971,0
750972,0
750973,0
750974,0
750975,0
750976,0
750977,0
750978,0
750979,0
750980,0
750981,0
750982,0
750983,0
750984,0
750985,0
750986,0
750987,0
750988,0
750989,0
750990,0
750991,0
750992,0
750993,0
750994,0
750995,0
750996,0
750997,0
750998,0
750999,0
751000,0
751001,0
751002,0
751003,0
751004,0
751005,0
751006,0
751007,0
751008,0
751009,0
751010,0
751011,0
751012,0
751013,0
751014,0
751015,0
751016,0
751017,0
751018,0
751019,0
751020,0
751021,0
751022,0
751023,0
751024,0
751025,0
751026,0
751027,0
751028,0
751029,0
751030,0
751031,0
751032,0
751033,0
751034,0
751035,0
751036,0
751037,0
751038,1
751039,0
751040,0
751041,0
751042,0
751043,0
751044,0
751045,0
751046,0
751047,0
751048,0
751049,0
751050,0
751051,0
751052,0
751053,0
751054,0
751055,0
751056,0
751057,0
751058,0
751059,0
751060,0
751061,0
751062,0
751063,0
751064,0
751065,0
751066,0
751067,0
751068,0
751069,0
751070,0
751071,0
751072,0
751073,0
751074,0
751075,0
751076,0
751077,0
751078,0
751079,0
751080,0
751081,0
751082,0
751083,0
751084,0
751085,0
751086,0
751087,0
751088,0
751089,0
751090,0
751091,0
751092,0
751093,0
751094,0
751095,0
751096,0
751097,0
751098,0
751099,0
751100,0
751101,0
751102,0
751103,0
751104,0
751105,0
751106,0
751107,0
751108,0
751109,0
751110,0
751111,0
751112,0
751113,0
751114,0
751115,0
751116,0
751117,0
751118,0
751119,0
751120,0
751121,0
751122,0
751123,0
751124,0
751125,0
751126,0
751127,0
751128,0
751129,0
751130,0
751131,0
751132,0
751133,0
751134,0
751135,0
751136,0
751137,0
751138,0
751139,0
751140,0
751141,0
751142,0
751143,0
751144,0
751145,0
751146,0
751147,0
751148,0
751149,0
751150,0
751151,0
751152,0
751153,0
751154,0
751155,0
751156,0
751157,0
751158,0
751159,0
751160,0
751161,0
751162,0
751163,0
751164,0
751165,0
751166,0
751167,0
751168,0
751169,0
751170,0
751171,0
751172,0
751173,0
751174,0
751175,0
751176,0
751177,0
751178,0
751179,0
751180,0
751181,0
751182,0
751183,0
751184,0
751185,0
751186,0
751187,0
751188,0
751189,0
751190,0
751191,0
751192,0
751193,0
751194,0
751195,0
751196,0
751197,0
751198,0
751199,0
751200,0
751201,32
751202,29
751203,0
751204,0
751205,0
751206,36
751207,0
751208,0
751209,25
751210,0
751211,0
751212,0
751213,0
751214,36
751215,0
751216,0
751217,0
751218,34
751219,0
751220,0
751221,0
751222,0
751223,36
751224,0
751225,0
751226,0
751227,0
751228,0
751229,44
751230,0
751231,0
751232,27
751233,0
751234,34
751235,0
751236,0
751237,0
751238,0
751239,0
751240,0
751241,33
751242,0
751243,0
751244,29
751245,0
751246,21
751247,0
751248,22
751249,0
751250,0
751251,0
751252,0
751253,0
751254,0
751255,0
751256,21
751257,24
751258,0
751259,0
751260,0
751261,0
751262,37
751263,0
751264,0
751265,0
751266,0
751267,0
751268,0
751269,46
751270,21
751271,0
751272,21
751273,0
751274,0
751275,25
751276,0
751277,18
751278,27
751279,0
751280,0
751281,0
751282,0
751283,9
751284,14
751285,32
751286,0
751287,0
751288,26
751289,16
751290,0
751291,0
751292,0
751293,0
751294,22
751295,0
751296,0
751297,21
751298,0
751299,0
751300,0
751301,0
751302,0
751303,0
751304,0
751305,0
751306,0
751307,0
751308,30
751309,0
751310,18
751311,21
751312,0
751313,0
751314,0
751315,0
751316,0
751317,0
751318,0
751319,0
751320,0
751321,0
751322,0
751323,0
751324,0
751325,0
751326,23
751327,0
751328,0
751329,0
751330,0
751331,38
751332,0
751333,0
751334,0
751335,25
751336,0
751337,0
751338,0
751339,16
751340,14
751341,0
751342,0
751343,0
751344,0
751345,0
751346,0
751347,0
751348,18
751349,0
751350,0
751351,0
751352,0
751353,0
751354,0
751355,0
751356,0
751357,22
751358,0
751359,18
751360,0
751361,16
751362,0
751363,0
751364,0
751365,20
751366,0
751367,0
751368,0
751369,0
751370,0
751371,0
751372,0
751373,0
751374,0
751375,0
751376,0
751377,0
751378,0
751379,0
751380,0
751381,0
751382,0
751383,0
751384,0
751385,0
751386,0
751387,23
751388,0
751389,0
751390,0
751391,23
751392,0
751393,15
751394,0
751395,21
751396,0
751397,0
751398,0
751399,0
751400,0
751401,0
751402,0
751403,0
751404,0
751405,0
751406,0
751407,0
751408,0
751409,0
751410,0
751411,0
751412,0
751413,0
751414,0
751415,0
751416,0
751417,0
751418,0
751419,24
751420,0
751421,24
751422,0
751423,0
751424,0
751425,0
751426,0
751427,0
751428,0
751429,20
751430,0
751431,0
751432,0
751433,0
751434,0
751435,0
751436,0
751437,0
751438,0
751439,0
751440,0
751441,0
751442,0
751443,0
751444,0
751445,20
751446,0
751447,0
751448,22
751449,0
751450,0
751451,31
751452,4
751453,0
751454,0
751455,19
751456,0
751457,20
751458,0
751459,0
751460,0
751461,24
751462,0
751463,0
751464,0
751465,28
751466,0
751467,0
751468,12
751469,28
751470,0
751471,0
751472,0
751473,0
751474,0
751475,0
751476,0
751477,0
751478,0
751479,0
751480,0
751481,0
751482,0
751483,0
751484,0
751485,0
751486,0
751487,0
751488,0
751489,0
751490,0
751491,0
751492,0
751493,20
751494,0
751495,0
751496,0
751497,33
751498,0
751499,0
751500,0
751501,0
751502,0
751503,0
751504,0
751505,19
751506,0
751507,0
751508,0
751509,0
751510,0
751511,0
751512,0
751513,0
751514,0
751515,21
751516,25
751517,0
751518,0
751519,0
751520,0
751521,0
751522,0
751523,0
751524,0
751525,0
751526,0
751527,0
751528,0
751529,0
751530,0
751531,20
751532,0
751533,0
751534,0
751535,13
751536,26
751537,0
751538,0
751539,0
751540,0
751541,0
751542,0
751543,0
751544,0
751545,19
751546,0
751547,0
751548,0
751549,0
751550,0
751551,0
751552,0
751553,0
751554,21
751555,0
751556,0
751557,0
751558,0
751559,0
751560,0
751561,0
751562,37
751563,0
751564,20
751565,0
751566,0
751567,24
751568,0
751569,0
751570,0
751571,11
751572,0
751573,0
751574,0
751575,13
751576,22
751577,0
751578,0
751579,0
751580,20
751581,0
751582,0
751583,19
751584,0
751585,0
751586,0
751587,0
751588,0
751589,0
751590,0
751591,12
751592,0
751593,0
751594,0
751595,0
751596,18
751597,38
751598,0
751599,0
751600,0
751601,0
751602,0
751603,0
751604,0
751605,0
751606,0
751607,0
751608,0
751609,0
751610,0
751611,0
751612,36
751613,23
751614,18
751615,0
751616,0
751617,22
751618,0
751619,0
751620,0
751621,0
751622,0
751623,28
751624,0
751625,21
751626,0
751627,15
751628,0
751629,0
751630,0
751631,27
751632,0
751633,0
751634,0
751635,0
751636,0
751637,0
751638,0
751639,0
751640,21
751641,0
751642,0
751643,0
751644,0
751645,0
751646,0
751647,0
751648,0
751649,0
751650,0
751651,0
751652,0
751653,0
751654,15
751655,0
751656,0
751657,0
751658,0
751659,0
751660,20
751661,0
751662,0
751663,12
751664,0
751665,0
751666,0
751667,0
751668,19
751669,0
751670,16
751671,8
751672,23
751673,0
751674,0
751675,14
751676,0
751677,0
751678,0
751679,15
751680,0
751681,0
751682,0
751683,0
751684,0
751685,0
751686,12
751687,0
751688,14
751689,0
751690,0
751691,0
751692,0
751693,0
751694,0
751695,12
751696,0
751697,18
751698,0
751699,0
751700,0
751701,0
751702,20
751703,0
751704,0
751705,0
751706,26
751707,21
751708,0
751709,20
751710,22
751711,0
751712,26
751713,0
751714,0
751715,0
751716,0
751717,0
751718,0
751719,0
751720,0
751721,0
751722,22
751723,0
751724,0
751725,0
751726,0
751727,0
751728,0
751729,0
751730,0
751731,0
751732,0
751733,0
751734,0
751735,0
751736,0
751737,0
751738,0
751739,0
751740,0
751741,0
751742,0
751743,0
751744,0
751745,0
751746,21
751747,0
751748,37
751749,0
751750,0
751751,0
751752,0
751753,24
751754,21
751755,0
751756,0
751757,23
751758,0
751759,0
751760,0
751761,0
751762,0
751763,0
751764,0
751765,0
751766,21
751767,0
751768,0
751769,0
751770,33
751771,0
751772,0
751773,0
751774,0
751775,0
751776,21
751777,0
751778,0
751779,0
751780,0
751781,0
751782,0
751783,14
751784,0
751785,0
751786,0
751787,0
751788,11
751789,0
751790,0
751791,0
751792,0
751793,16
751794,0
751795,0
751796,0
751797,0
751798,0
751799,0
751800,0
751801,0
751802,0
751803,0
751804,0
751805,0
751806,40
751807,0
751808,10
751809,0
751810,0
751811,0
751812,23
751813,22
751814,0
751815,0
751816,0
751817,0
751818,0
751819,0
751820,0
751821,0
751822,0
751823,8
751824,0
751825,0
751826,0
751827,22
751828,0
751829,0
751830,21
751831,0
751832,0
751833,18
751834,0
751835,0
751836,0
751837,0
751838,0
751839,0
751840,0
751841,0
751842,0
751843,0
751844,0
751845,0
751846,0
751847,0
751848,0
751849,0
751850,0
751851,0
751852,0
751853,20
751854,0
751855,0
751856,0
751857,0
751858,0
751859,0
751860,0
751861,0
751862,0
751863,0
751864,0
751865,0
751866,0
751867,0
751868,0
751869,0
751870,0
751871,27
751872,0
751873,0
751874,0
751875,0
751876,0
751877,0
751878,0
751879,0
751880,20
751881,0
751882,0
751883,0
751884,0
751885,0
751886,0
751887,0
751888,0
751889,0
751890,0
751891,0
751892,14
751893,0
751894,0
751895,0
751896,23
751897,0
751898,0
751899,0
751900,0
751901,0
751902,0
751903,20
751904,0
751905,0
751906,0
751907,0
751908,9
751909,0
751910,0
751911,22
751912,0
751913,0
751914,0
751915,0
751916,0
751917,0
751918,17
751919,0
751920,0
751921,0
751922,0
751923,21
751924,0
751925,0
751926,0
751927,0
751928,0
751929,0
751930,0
751931,0
751932,0
751933,0
751934,0
751935,0
751936,0
751937,0
751938,0
751939,14
751940,22
751941,0
751942,16
751943,0
751944,0
751945,0
751946,0
751947,0
751948,0
751949,0
751950,0
751951,0
751952,0
751953,15
751954,0
751955,0
751956,0
751957,0
751958,0
751959,0
751960,0
751961,17
751962,0
751963,0
751964,15
751965,0
751966,18
751967,0
751968,0
751969,23
751970,0
751971,0
751972,0
751973,0
751974,0
751975,0
751976,0
751977,0
751978,22
751979,0
751980,0
751981,0
751982,0
751983,0
751984,0
751985,0
751986,0
751987,0
751988,0
751989,0
751990,0
751991,0
751992,0
751993,0
751994,26
751995,0
751996,22
751997,0
751998,0
751999,0
752000,0
752001,17
752002,6
752003,0
752004,0
752005,0
752006,0
752007,0
752008,0
752009,0
752010,0
752011,0
752012,0
752013,7
752014,0
752015,0
752016,0
752017,0
752018,0
752019,0
752020,0
752021,11
752022,0
752023,0
752024,0
752025,0
752026,0
752027,7
752028,0
752029,0
752030,0
752031,0
752032,0
752033,0
752034,0
752035,0
752036,0
752037,0
752038,0
752039,0
752040,5
752041,0
752042,0
752043,0
752044,9
752045,0
752046,0
752047,0
752048,0
752049,0
752050,4
752051,0
752052,0
752053,0
752054,0
752055,3
752056,0
752057,0
752058,0
752059,0
752060,0
752061,0
752062,0
752063,0
752064,0
752065,0
752066,0
752067,0
752068,0
752069,0
752070,0
752071,0
752072,0
752073,0
752074,0
752075,0
752076,0
752077,0
752078,4
752079,6
752080,0
752081,0
752082,5
752083,0
752084,15
752085,0
752086,0
752087,0
752088,0
752089,5
752090,0
752091,0
752092,0
752093,6
752094,0
752095,0
752096,0
752097,0
752098,0
752099,0
752100,0
752101,0
752102,0
752103,0
752104,0
752105,0
752106,3
752107,0
752108,0
752109,0
752110,0
752111,0
752112,0
752113,4
752114,0
752115,0
752116,0
752117,0
752118,0
752119,0
752120,0
752121,5
752122,0
752123,0
752124,0
752125,0
752126,0
752127,0
752128,0
752129,0
752130,0
752131,7
752132,2
752133,0
752134,0
752135,0
752136,0
752137,0
752138,0
752139,0
752140,0
752141,0
752142,0
752143,0
752144,9
752145,0
752146,0
752147,0
752148,7
752149,0
752150,0
752151,0
752152,0
752153,0
752154,0
752155,0
752156,0
752157,6
752158,5
752159,0
752160,0
752161,0
752162,0
752163,0
752164,0
752165,0
752166,0
752167,0
752168,0
752169,0
752170,0
752171,0
752172,0
752173,0
752174,0
752175,0
752176,0
752177,0
752178,8
752179,0
752180,0
752181,0
752182,0
752183,0
752184,0
752185,0
752186,0
752187,0
752188,6
752189,0
752190,0
752191,0
752192,14
752193,0
752194,0
752195,0
752196,0
752197,0
752198,0
752199,0
752200,0
752201,0
752202,0
752203,0
752204,0
752205,0
752206,0
752207,0
752208,0
752209,0
752210,0
752211,0
752212,0
752213,0
752214,0
752215,0
752216,0
752217,0
752218,0
752219,0
752220,0
752221,0
752222,0
752223,0
752224,0
752225,0
752226,0
752227,0
752228,0
752229,0
752230,0
752231,0
752232,0
752233,0
752234,8
752235,0
752236,0
752237,0
752238,0
752239,9
752240,0
752241,0
752242,0
752243,0
752244,5
752245,6
752246,0
752247,0
752248,0
752249,0
752250,0
752251,0
752252,9
752253,0
752254,0
752255,0
752256,4
752257,0
752258,0
752259,9
752260,0
752261,4
752262,0
752263,0
752264,0
752265,0
752266,0
752267,0
752268,0
752269,0
752270,0
752271,0
752272,0
752273,0
752274,5
752275,9
752276,0
752277,0
752278,0
752279,8
752280,0
752281,0
752282,0
752283,6
752284,0
752285,0
752286,0
752287,0
752288,0
752289,0
752290,0
752291,0
752292,0
752293,0
752294,0
752295,0
752296,7
752297,0
752298,0
752299,0
752300,0
752301,0
752302,0
752303,8
752304,0
752305,0
752306,0
752307,0
752308,12
752309,0
752310,0
752311,2
752312,0
752313,4
752314,0
752315,0
752316,9
752317,0
752318,2
752319,5
752320,0
752321,0
752322,0
752323,5
752324,0
752325,0
752326,0
752327,0
752328,0
752329,0
752330,0
752331,0
752332,0
752333,11
752334,4
752335,7
752336,0
752337,0
752338,5
752339,0
752340,0
752341,7
752342,0
752343,0
752344,0
752345,0
752346,0
752347,0
752348,0
752349,0
752350,0
752351,0
752352,0
752353,0
752354,0
752355,0
752356,0
752357,0
752358,0
752359,0
752360,0
752361,0
752362,0
752363,0
752364,0
752365,0
752366,4
752367,0
752368,9
752369,0
752370,0
752371,0
752372,0
752373,0
752374,0
752375,0
752376,12
752377,0
752378,0
752379,15
752380,0
752381,0
752382,0
752383,0
752384,7
752385,0
752386,6
752387,0
752388,8
752389,0
752390,0
752391,0
752392,0
752393,0
752394,0
752395,0
752396,0
752397,0
752398,0
752399,0
752400,0
752401,3
752402,8
752403,0
752404,0
752405,0
752406,0
752407,0
752408,3
752409,0
752410,0
752411,0
752412,0
752413,0
752414,0
752415,0
752416,0
752417,0
752418,3
752419,0
752420,0
752421,0
752422,3
752423,0
752424,0
752425,0
752426,0
752427,5
752428,0
752429,0
752430,6
752431,0
752432,0
752433,0
752434,0
752435,0
752436,0
752437,6
752438,0
752439,0
752440,0
752441,0
752442,0
752443,0
752444,0
752445,0
752446,0
752447,0
752448,0
752449,3
752450,0
752451,0
752452,11
752453,0
752454,0
752455,0
752456,0
752457,0
752458,0
752459,0
752460,0
752461,0
752462,5
752463,0
752464,0
752465,0
752466,0
752467,0
752468,1
752469,0
752470,0
752471,1
752472,0
752473,0
752474,0
752475,0
752476,0
752477,1
752478,0
752479,0
752480,0
752481,1
752482,0
752483,0
752484,0
752485,0
752486,0
752487,0
752488,0
752489,0
752490,0
752491,0
752492,0
752493,0
752494,0
752495,0
752496,0
752497,0
752498,0
752499,0
752500,0
752501,0
752502,0
752503,0
752504,0
752505,0
752506,0
752507,0
752508,0
752509,0
752510,0
752511,0
752512,0
752513,0
752514,0
752515,0
752516,0
752517,2
752518,0
752519,0
752520,0
752521,0
752522,0
752523,0
752524,2
752525,0
752526,0
752527,0
752528,0
752529,0
752530,0
752531,0
752532,0
752533,0
752534,0
752535,0
752536,0
752537,0
752538,0
752539,0
752540,0
752541,1
752542,0
752543,0
752544,2
752545,1
752546,0
752547,1
752548,0
752549,0
752550,0
752551,2
752552,0
752553,0
752554,0
752555,0
752556,0
752557,0
752558,0
752559,0
752560,0
752561,0
752562,0
752563,0
752564,0
752565,0
752566,0
752567,0
752568,0
752569,1
752570,0
752571,0
752572,0
752573,0
752574,0
752575,0
752576,0
752577,0
752578,0
752579,0
752580,0
752581,0
752582,0
752583,0
752584,0
752585,0
752586,0
752587,0
752588,0
752589,0
752590,0
752591,0
752592,0
752593,0
752594,0
752595,0
752596,0
752597,0
752598,0
752599,0
752600,0
752601,2
752602,0
752603,0
752604,0
752605,0
752606,0
752607,0
752608,2
752609,0
752610,0
752611,0
752612,0
752613,0
752614,0
752615,0
752616,0
752617,0
752618,0
752619,0
752620,0
752621,0
752622,0
752623,0
752624,0
752625,0
752626,0
752627,1
752628,0
752629,0
752630,0
752631,0
752632,0
752633,0
752634,0
752635,0
752636,0
752637,0
752638,0
752639,0
752640,0
752641,0
752642,0
752643,0
752644,0
752645,0
752646,0
752647,0
752648,1
752649,0
752650,1
752651,0
752652,0
752653,0
752654,0
752655,0
752656,0
752657,0
752658,0
752659,0
752660,1
752661,0
752662,0
752663,0
752664,0
752665,1
752666,0
752667,0
752668,2
752669,0
752670,0
752671,0
752672,0
752673,0
752674,0
752675,0
752676,0
752677,1
752678,0
752679,3
752680,0
752681,0
752682,0
752683,0
752684,0
752685,0
752686,0
752687,0
752688,0
752689,0
752690,0
752691,0
752692,0
752693,0
752694,0
752695,0
752696,0
752697,0
752698,0
752699,0
752700,0
752701,1
752702,0
752703,0
752704,0
752705,0
752706,1
752707,0
752708,0
752709,0
752710,0
752711,0
752712,0
752713,0
752714,0
752715,0
752716,0
752717,0
752718,0
752719,0
752720,0
752721,0
752722,0
752723,0
752724,1
752725,0
752726,0
752727,1
752728,1
752729,0
752730,0
752731,0
752732,0
752733,0
752734,0
752735,0
752736,0
752737,0
752738,0
752739,0
752740,0
752741,0
752742,0
752743,0
752744,0
752745,0
752746,0
752747,0
752748,0
752749,0
752750,0
752751,2
752752,0
752753,0
752754,0
752755,2
752756,0
752757,0
752758,0
752759,0
752760,0
752761,0
752762,0
752763,0
752764,0
752765,0
752766,0
752767,0
752768,0
752769,0
752770,0
752771,0
752772,0
752773,0
752774,0
752775,0
752776,0
752777,0
752778,0
752779,0
752780,0
752781,0
752782,2
752783,0
752784,0
752785,0
752786,0
752787,0
752788,3
752789,0
752790,0
752791,0
752792,0
752793,0
752794,0
752795,0
752796,1
752797,0
752798,0
752799,0
752800,0
752801,0
752802,0
752803,1
752804,0
752805,1
752806,0
752807,0
752808,0
752809,0
752810,0
752811,0
752812,0
752813,3
752814,0
752815,0
752816,0
752817,0
752818,0
752819,1
752820,0
752821,1
752822,0
752823,1
752824,0
752825,0
752826,1
752827,0
752828,0
752829,0
752830,1
752831,0
752832,0
752833,0
752834,0
752835,0
752836,2
752837,0
752838,0
752839,0
752840,0
752841,0
752842,0
752843,0
752844,0
752845,0
752846,0
752847,0
752848,0
752849,0
752850,0
752851,0
752852,0
752853,0
752854,0
752855,0
752856,0
752857,0
752858,0
752859,0
752860,0
752861,0
752862,0
752863,0
752864,0
752865,0
752866,0
752867,0
752868,0
752869,0
752870,0
752871,0
752872,0
752873,0
752874,0
752875,0
752876,0
752877,0
752878,0
752879,0
752880,0
752881,0
752882,0
752883,2
752884,0
752885,0
752886,0
752887,0
752888,0
752889,0
752890,0
752891,0
752892,0
752893,1
752894,0
752895,0
752896,0
752897,0
752898,0
752899,1
752900,0
752901,0
752902,0
752903,0
752904,0
752905,0
752906,0
752907,1
752908,0
752909,0
752910,0
752911,0
752912,0
752913,0
752914,0
752915,0
752916,0
752917,0
752918,0
752919,0
752920,0
752921,0
752922,0
752923,0
752924,0
752925,0
752926,0
752927,0
752928,1
752929,0
752930,0
752931,0
752932,1
752933,0
752934,0
752935,0
752936,0
752937,0
752938,0
752939,0
752940,0
752941,0
752942,0
752943,1
752944,0
752945,1
752946,0
752947,0
752948,0
752949,0
752950,0
752951,2
752952,0
752953,0
752954,1
752955,0
752956,0
752957,0
752958,1
752959,0
752960,0
752961,0
752962,0
752963,0
752964,0
752965,1
752966,0
752967,0
752968,0
752969,0
752970,0
752971,2
752972,0
752973,0
752974,1
752975,0
752976,0
752977,0
752978,0
752979,0
752980,0
752981,0
752982,0
752983,0
752984,0
752985,0
752986,0
752987,0
752988,1
752989,1
752990,0
752991,0
752992,0
752993,0
752994,0
752995,1
752996,0
752997,0
752998,0
752999,0
753000,0
753001,0
753002,0
753003,0
753004,0
753005,0
753006,1
753007,0
753008,0
753009,0
753010,0
753011,0
753012,2
753013,0
753014,1
753015,1
753016,0
753017,0
753018,0
753019,0
753020,0
753021,0
753022,0
753023,0
753024,0
753025,0
753026,0
753027,0
753028,0
753029,0
753030,0
753031,0
753032,0
753033,0
753034,0
753035,0
753036,0
753037,0
753038,0
753039,1
753040,0
753041,2
753042,0
753043,0
753044,0
753045,0
753046,0
753047,0
753048,0
753049,0
753050,0
753051,1
753052,0
753053,0
753054,1
753055,0
753056,0
753057,0
753058,0
753059,0
753060,0
753061,0
753062,0
753063,0
753064,0
753065,0
753066,0
753067,0
753068,0
753069,1
753070,0
753071,0
753072,0
753073,0
753074,2
753075,1
753076,0
753077,0
753078,0
753079,0
753080,0
753081,0
753082,0
753083,0
753084,0
753085,0
753086,0
753087,1
753088,0
753089,2
753090,0
753091,0
753092,0
753093,0
753094,0
753095,0
753096,0
753097,0
753098,0
753099,0
753100,0
753101,0
753102,1
753103,0
753104,0
753105,0
753106,0
753107,1
753108,0
753109,0
753110,0
753111,0
753112,0
753113,0
753114,0
753115,0
753116,1
753117,0
753118,0
753119,2
753120,0
753121,0
753122,2
753123,0
753124,0
753125,0
753126,0
753127,0
753128,0
753129,0
753130,0
753131,0
753132,0
753133,0
753134,0
753135,0
753136,0
753137,0
753138,0
753139,0
753140,0
753141,0
753142,0
753143,0
753144,1
753145,0
753146,0
753147,0
753148,0
753149,0
753150,0
753151,2
753152,0
753153,0
753154,2
753155,0
753156,0
753157,0
753158,1
753159,1
753160,0
753161,0
753162,0
753163,0
753164,2
753165,0
753166,0
753167,0
753168,0
753169,0
753170,0
753171,0
753172,1
753173,0
753174,1
753175,0
753176,0
753177,0
753178,0
753179,0
753180,0
753181,0
753182,0
753183,0
753184,0
753185,0
753186,0
753187,0
753188,1
753189,0
753190,2
753191,0
753192,0
753193,0
753194,0
753195,0
753196,0
753197,0
753198,0
753199,0
753200,0
753201,0
753202,0
753203,0
753204,0
753205,0
753206,0
753207,0
753208,0
753209,0
753210,0
753211,0
753212,0
753213,0
753214,0
753215,0
753216,0
753217,0
753218,0
753219,31
753220,0
753221,0
753222,0
753223,0
753224,0
753225,0
753226,0
753227,0
753228,0
753229,0
753230,0
753231,0
753232,0
753233,0
753234,0
753235,0
753236,0
753237,34
753238,0
753239,48
753240,0
753241,0
753242,0
753243,0
753244,0
753245,0
753246,0
753247,0
753248,0
753249,0
753250,36
753251,0
753252,0
753253,24
753254,0
753255,0
753256,0
753257,0
753258,0
753259,0
753260,0
753261,0
753262,33
753263,46
753264,0
753265,0
753266,0
753267,0
753268,0
753269,0
753270,0
753271,0
753272,0
753273,0
753274,0
753275,24
753276,0
753277,0
753278,0
753279,0
753280,0
753281,0
753282,0
753283,0
753284,0
753285,0
753286,0
753287,43
753288,0
753289,0
753290,29
753291,0
753292,0
753293,0
753294,0
753295,0
753296,0
753297,0
753298,0
753299,0
753300,0
753301,0
753302,0
753303,37
753304,0
753305,0
753306,0
753307,0
753308,18
753309,0
753310,0
753311,0
753312,0
753313,0
753314,37
753315,0
753316,0
753317,43
753318,0
753319,0
753320,0
753321,0
753322,0
753323,0
753324,0
753325,0
753326,0
753327,0
753328,0
753329,0
753330,0
753331,0
753332,0
753333,0
753334,0
753335,0
753336,0
753337,0
753338,0
753339,0
753340,0
753341,0
753342,0
753343,0
753344,0
753345,0
753346,0
753347,30
753348,0
753349,0
753350,0
753351,37
753352,0
753353,0
753354,0
753355,0
753356,0
753357,0
753358,0
753359,30
753360,0
753361,0
753362,0
753363,0
753364,0
753365,21
753366,0
753367,0
753368,38
753369,0
753370,0
753371,0
753372,0
753373,0
753374,0
753375,0
753376,0
753377,0
753378,0
753379,0
753380,0
753381,0
753382,0
753383,0
753384,0
753385,0
753386,0
753387,0
753388,30
753389,0
753390,0
753391,0
753392,0
753393,0
753394,34
753395,0
753396,0
753397,0
753398,0
753399,0
753400,0
753401,0
753402,0
753403,0
753404,0
753405,0
753406,0
753407,26
753408,0
753409,0
753410,0
753411,42
753412,0
753413,0
753414,0
753415,0
753416,0
753417,0
753418,0
753419,0
753420,0
753421,0
753422,0
753423,0
753424,23
753425,0
753426,0
753427,0
753428,0
753429,0
753430,0
753431,0
753432,21
753433,0
753434,0
753435,0
753436,0
753437,0
753438,0
753439,0
753440,0
753441,0
753442,0
753443,0
753444,0
753445,0
753446,0
753447,0
753448,18
753449,0
753450,27
753451,0
753452,0
753453,21
753454,0
753455,0
753456,10
753457,0
753458,0
753459,0
753460,29
753461,0
753462,0
753463,17
753464,0
753465,0
753466,0
753467,0
753468,0
753469,0
753470,0
753471,0
753472,0
753473,36
753474,0
753475,0
753476,0
753477,0
753478,0
753479,0
753480,0
753481,25
753482,0
753483,0
753484,27
753485,0
753486,0
753487,0
753488,19
753489,22
753490,0
753491,0
753492,0
753493,0
753494,39
753495,25
753496,0
753497,0
753498,0
753499,13
753500,0
753501,0
753502,0
753503,0
753504,0
753505,0
753506,26
753507,16
753508,0
753509,0
753510,29
753511,0
753512,0
753513,14
753514,0
753515,0
753516,0
753517,23
753518,0
753519,0
753520,0
753521,0
753522,0
753523,0
753524,0
753525,0
753526,0
753527,0
753528,0
753529,0
753530,0
753531,9
753532,0
753533,0
753534,0
753535,0
753536,0
753537,0
753538,0
753539,33
753540,0
753541,0
753542,0
753543,22
753544,0
753545,0
753546,0
753547,0
753548,0
753549,0
753550,0
753551,13
753552,0
753553,0
753554,0
753555,22
753556,0
753557,0
753558,0
753559,0
753560,0
753561,29
753562,0
753563,0
753564,0
753565,0
753566,0
753567,0
753568,17
753569,0
753570,0
753571,0
753572,0
753573,26
753574,0
753575,0
753576,0
753577,26
753578,16
753579,0
753580,0
753581,0
753582,0
753583,0
753584,21
753585,0
753586,0
753587,0
753588,0
753589,14
753590,12
753591,0
753592,0
753593,0
753594,24
753595,0
753596,0
753597,0
753598,0
753599,0
753600,0
753601,15
753602,49
753603,27
753604,0
753605,20
753606,26
753607,0
753608,0
753609,0
753610,0
753611,39
753612,0
753613,0
753614,0
753615,18
753616,0
753617,30
753618,0
753619,18
753620,22
753621,33
753622,0
753623,0
753624,0
753625,0
753626,0
753627,0
753628,18
753629,0
753630,0
753631,0
753632,0
753633,22
753634,0
753635,0
753636,21
753637,0
753638,13
753639,0
753640,0
753641,0
753642,0
753643,0
753644,25
753645,0
753646,0
753647,0
753648,0
753649,30
753650,21
753651,0
753652,0
753653,0
753654,0
753655,0
753656,0
753657,0
753658,22
753659,18
753660,0
753661,27
753662,0
753663,28
753664,0
753665,0
753666,11
753667,0
753668,0
753669,0
753670,0
753671,0
753672,0
753673,0
753674,0
753675,19
753676,0
753677,0
753678,0
753679,0
753680,0
753681,0
753682,0
753683,0
753684,20
753685,0
753686,0
753687,0
753688,0
753689,0
753690,0
753691,15
753692,0
753693,15
753694,20
753695,0
753696,0
753697,0
753698,0
753699,0
753700,0
753701,0
753702,0
753703,0
753704,0
753705,25
753706,0
753707,20
753708,26
753709,0
753710,0
753711,0
753712,0
753713,0
753714,0
753715,0
753716,25
753717,0
753718,0
753719,26
753720,0
753721,0
753722,0
753723,40
753724,0
753725,0
753726,0
753727,33
753728,0
753729,0
753730,0
753731,0
753732,0
753733,0
753734,0
753735,0
753736,0
753737,0
753738,0
753739,0
753740,0
753741,0
753742,0
753743,0
753744,0
753745,0
753746,0
753747,0
753748,0
753749,0
753750,0
753751,15
753752,0
753753,0
753754,0
753755,0
753756,0
753757,13
753758,0
753759,0
753760,14
753761,0
753762,0
753763,0
753764,0
753765,0
753766,17
753767,18
753768,0
753769,10
753770,0
753771,0
753772,0
753773,0
753774,0
753775,0
753776,0
753777,0
753778,0
753779,0
753780,0
753781,0
753782,0
753783,30
753784,0
753785,0
753786,0
753787,0
753788,29
753789,0
753790,33
753791,31
753792,0
753793,0
753794,0
753795,0
753796,0
753797,0
753798,0
753799,21
753800,20
753801,0
753802,0
753803,0
753804,35
753805,17
753806,20
753807,0
753808,12
753809,39
753810,0
753811,32
753812,0
753813,28
753814,0
753815,0
753816,20
753817,35
753818,23
753819,0
753820,0
753821,0
753822,0
753823,0
753824,0
753825,0
753826,0
753827,0
753828,0
753829,17
753830,0
753831,18
753832,0
753833,0
753834,0
753835,0
753836,23
753837,0
753838,16
753839,0
753840,0
753841,0
753842,0
753843,37
753844,0
753845,0
753846,0
753847,0
753848,0
753849,0
753850,0
753851,0
753852,0
753853,0
753854,0
753855,0
753856,0
753857,0
753858,0
753859,0
753860,0
753861,0
753862,0
753863,0
753864,0
753865,16
753866,0
753867,0
753868,33
753869,0
753870,0
753871,0
753872,0
753873,0
753874,40
753875,0
753876,0
753877,0
753878,0
753879,0
753880,20
753881,0
753882,0
753883,0
753884,0
753885,0
753886,0
753887,0
753888,0
753889,0
753890,0
753891,0
753892,0
753893,0
753894,0
753895,0
753896,0
753897,0
753898,0
753899,31
753900,0
753901,0
753902,0
753903,11
753904,26
753905,31
753906,0
753907,0
753908,0
753909,26
753910,0
753911,0
753912,0
753913,0
753914,0
753915,0
753916,0
753917,0
753918,0
753919,0
753920,0
753921,0
753922,14
753923,28
753924,0
753925,0
753926,0
753927,36
753928,0
753929,0
753930,0
753931,22
753932,19
753933,0
753934,0
753935,11
753936,0
753937,0
753938,0
753939,0
753940,0
753941,0
753942,0
753943,0
753944,22
753945,0
753946,0
753947,0
753948,0
753949,0
753950,0
753951,0
753952,0
753953,0
753954,5
753955,26
753956,0
753957,0
753958,0
753959,0
753960,0
753961,29
753962,24
753963,14
753964,0
753965,0
753966,0
753967,0
753968,0
753969,0
753970,0
753971,17
753972,0
753973,0
753974,0
753975,0
753976,0
753977,0
753978,15
753979,0
753980,0
753981,0
753982,0
753983,0
753984,0
753985,20
753986,0
753987,31
753988,0
753989,0
753990,0
753991,0
753992,0
753993,15
753994,0
753995,0
753996,0
753997,0
753998,0
753999,0
754000,0
754001,23
754002,0
754003,0
754004,17
754005,0
754006,0
754007,0
754008,15
754009,12
754010,0
754011,0
754012,0
754013,0
754014,0
754015,0
754016,0
754017,0
754018,0
754019,0
754020,0
754021,0
754022,0
754023,0
754024,0
754025,0
754026,0
754027,0
754028,0
754029,0
754030,0
754031,0
754032,0
754033,0
754034,0
754035,0
754036,0
754037,0
754038,0
754039,0
754040,0
754041,0
754042,0
754043,0
754044,0
754045,0
754046,0
754047,0
754048,0
754049,0
754050,0
754051,0
754052,0
754053,0
754054,0
754055,0
754056,0
754057,0
754058,0
754059,0
754060,0
754061,0
754062,0
754063,0
754064,0
754065,0
754066,0
754067,0
754068,0
754069,0
754070,0
754071,0
754072,0
754073,0
754074,0
754075,0
754076,0
754077,0
754078,0
754079,0
754080,0
754081,0
754082,0
754083,0
754084,0
754085,0
754086,0
754087,0
754088,0
754089,6
754090,0
754091,0
754092,0
754093,0
754094,0
754095,0
754096,0
754097,16
754098,0
754099,0
754100,0
754101,0
754102,0
754103,0
754104,0
754105,0
754106,0
754107,0
754108,0
754109,0
754110,0
754111,0
754112,0
754113,0
754114,0
754115,0
754116,0
754117,0
754118,0
754119,0
754120,0
754121,0
754122,0
754123,0
754124,0
754125,0
754126,0
754127,0
754128,17
754129,0
754130,0
754131,0
754132,0
754133,0
754134,0
754135,0
754136,0
754137,0
754138,0
754139,0
754140,0
754141,10
754142,0
754143,0
754144,0
754145,0
754146,0
754147,0
754148,0
754149,0
754150,0
754151,0
754152,0
754153,0
754154,0
754155,0
754156,0
754157,0
754158,0
754159,0
754160,0
754161,0
754162,0
754163,0
754164,0
754165,0
754166,0
754167,0
754168,0
754169,0
754170,0
754171,0
754172,0
754173,0
754174,0
754175,0
754176,0
754177,0
754178,0
754179,0
754180,0
754181,0
754182,0
754183,0
754184,0
754185,0
754186,0
754187,0
754188,0
754189,0
754190,0
754191,0
754192,0
754193,0
754194,0
754195,0
754196,0
754197,0
754198,0
754199,0
754200,0
754201,0
754202,0
754203,0
754204,0
754205,0
754206,0
754207,0
754208,0
754209,0
754210,0
754211,0
754212,0
754213,0
754214,0
754215,0
754216,0
754217,0
754218,0
754219,0
754220,0
754221,0
754222,0
754223,0
754224,0
754225,0
754226,0
754227,0
754228,0
754229,0
754230,0
754231,0
754232,0
754233,0
754234,0
754235,0
754236,0
754237,0
754238,0
754239,0
754240,0
754241,0
754242,0
754243,8
754244,0
754245,8
754246,0
754247,0
754248,0
754249,0
754250,0
754251,0
754252,0
754253,0
754254,0
754255,0
754256,0
754257,0
754258,0
754259,0
754260,10
754261,0
754262,0
754263,0
754264,0
754265,0
754266,0
754267,0
754268,0
754269,0
754270,0
754271,0
754272,0
754273,0
754274,0
754275,0
754276,0
754277,0
754278,0
754279,0
754280,9
754281,0
754282,0
754283,0
754284,0
754285,0
754286,0
754287,0
754288,0
754289,0
754290,0
754291,0
754292,14
754293,0
754294,0
754295,0
754296,0
754297,0
754298,6
754299,0
754300,0
754301,0
754302,0
754303,0
754304,12
754305,0
754306,0
754307,0
754308,0
754309,0
754310,0
754311,0
754312,0
754313,0
754314,0
754315,0
754316,9
754317,0
754318,0
754319,0
754320,0
754321,0
754322,0
754323,0
754324,0
754325,0
754326,0
754327,0
754328,0
754329,0
754330,0
754331,0
754332,0
754333,0
754334,0
754335,0
754336,0
754337,0
754338,0
754339,0
754340,0
754341,0
754342,0
754343,0
754344,0
754345,0
754346,0
754347,0
754348,0
754349,0
754350,0
754351,0
754352,0
754353,8
754354,0
754355,0
754356,0
754357,0
754358,0
754359,0
754360,0
754361,0
754362,9
754363,0
754364,0
754365,0
754366,0
754367,0
754368,0
754369,0
754370,0
754371,0
754372,0
754373,0
754374,0
754375,0
754376,0
754377,0
754378,0
754379,0
754380,0
754381,0
754382,0
754383,0
754384,0
754385,0
754386,0
754387,0
754388,0
754389,0
754390,0
754391,0
754392,0
754393,0
754394,0
754395,0
754396,0
754397,0
754398,0
754399,0
754400,0
754401,0
754402,0
754403,0
754404,0
754405,0
754406,0
754407,0
754408,15
754409,0
754410,0
754411,0
754412,0
754413,0
754414,0
754415,0
754416,0
754417,13
754418,0
754419,0
754420,0
754421,0
754422,0
754423,0
754424,0
754425,0
754426,0
754427,0
754428,0
754429,0
754430,0
754431,0
754432,0
754433,0
754434,0
754435,0
754436,0
754437,0
754438,0
754439,0
754440,0
754441,0
754442,0
754443,0
754444,0
754445,0
754446,0
754447,0
754448,0
754449,0
754450,0
754451,0
754452,0
754453,0
754454,0
754455,0
754456,0
754457,0
754458,0
754459,0
754460,11
754461,0
754462,19
754463,0
754464,0
754465,0
754466,0
754467,4
754468,0
754469,0
754470,0
754471,0
754472,0
754473,0
754474,0
754475,0
754476,0
754477,0
754478,10
754479,0
754480,0
754481,16
754482,0
754483,4
754484,0
754485,0
754486,0
754487,0
754488,0
754489,0
754490,0
754491,0
754492,0
754493,0
754494,0
754495,0
754496,0
754497,0
754498,0
754499,0
754500,0
754501,5
754502,0
754503,0
754504,0
754505,0
754506,0
754507,0
754508,0
754509,0
754510,0
754511,0
754512,16
754513,0
754514,0
754515,0
754516,0
754517,0
754518,0
754519,0
754520,0
754521,0
754522,0
754523,0
754524,0
754525,0
754526,0
754527,0
754528,0
754529,0
754530,0
754531,6
754532,0
754533,0
754534,0
754535,0
754536,0
754537,0
754538,0
754539,0
754540,0
754541,0
754542,0
754543,0
754544,0
754545,0
754546,0
754547,0
754548,0
754549,0
754550,10
754551,0
754552,16
754553,0
754554,0
754555,0
754556,0
754557,0
754558,0
754559,0
754560,0
754561,0
754562,0
754563,0
754564,0
754565,0
754566,0
754567,0
754568,0
754569,0
754570,0
754571,0
754572,0
754573,0
754574,0
754575,0
754576,0
754577,0
754578,0
754579,0
754580,0
754581,0
754582,0
754583,0
754584,10
754585,0
754586,0
754587,0
754588,0
754589,0
754590,0
754591,0
754592,0
754593,0
754594,0
754595,0
754596,0
754597,0
754598,0
754599,0
754600,12
754601,0
754602,0
754603,0
754604,0
754605,0
754606,0
754607,0
754608,8
754609,0
754610,0
754611,0
754612,0
754613,0
754614,0
754615,0
754616,0
754617,0
754618,0
754619,0
754620,0
754621,0
754622,0
754623,0
754624,0
754625,0
754626,0
754627,0
754628,0
754629,0
754630,0
754631,0
754632,0
754633,0
754634,0
754635,0
754636,0
754637,0
754638,0
754639,0
754640,0
754641,0
754642,0
754643,0
754644,0
754645,0
754646,12
754647,0
754648,0
754649,0
754650,0
754651,0
754652,0
754653,0
754654,0
754655,0
754656,0
754657,0
754658,0
754659,0
754660,0
754661,0
754662,0
754663,0
754664,0
754665,0
754666,0
754667,0
754668,10
754669,0
754670,0
754671,11
754672,0
754673,0
754674,0
754675,0
754676,0
754677,0
754678,0
754679,0
754680,10
754681,0
754682,0
754683,0
754684,0
754685,0
754686,0
754687,0
754688,0
754689,0
754690,11
754691,0
754692,0
754693,0
754694,0
754695,0
754696,0
754697,0
754698,0
754699,0
754700,0
754701,0
754702,0
754703,0
754704,0
754705,0
754706,0
754707,0
754708,0
754709,0
754710,0
754711,0
754712,0
754713,0
754714,0
754715,0
754716,0
754717,0
754718,0
754719,0
754720,0
754721,0
754722,0
754723,0
754724,0
754725,0
754726,0
754727,0
754728,0
754729,0
754730,0
754731,0
754732,0
754733,0
754734,0
754735,9
754736,15
754737,0
754738,0
754739,0
754740,0
754741,0
754742,0
754743,0
754744,0
754745,0
754746,0
754747,0
754748,0
754749,0
754750,6
754751,0
754752,0
754753,0
754754,0
754755,0
754756,0
754757,0
754758,0
754759,0
754760,0
754761,0
754762,0
754763,0
754764,0
754765,0
754766,12
754767,0
754768,0
754769,0
754770,0
754771,0
754772,0
754773,0
754774,0
754775,0
754776,0
754777,0
754778,0
754779,0
754780,0
754781,6
754782,0
754783,0
754784,0
754785,0
754786,0
754787,0
754788,0
754789,0
754790,0
754791,0
754792,9
754793,0
754794,0
754795,0
754796,0
754797,0
754798,0
754799,0
754800,0
754801,0
754802,0
754803,0
754804,0
754805,0
754806,15
754807,0
754808,0
754809,0
754810,0
754811,0
754812,0
754813,0
754814,0
754815,0
754816,0
754817,13
754818,0
754819,0
754820,0
754821,0
754822,0
754823,0
754824,9
754825,0
754826,0
754827,0
754828,0
754829,11
754830,0
754831,0
754832,0
754833,0
754834,0
754835,0
754836,0
754837,0
754838,0
754839,0
754840,0
754841,0
754842,0
754843,0
754844,0
754845,0
754846,13
754847,30
754848,0
754849,0
754850,0
754851,0
754852,0
754853,0
754854,0
754855,0
754856,0
754857,0
754858,0
754859,0
754860,34
754861,0
754862,0
754863,0
754864,31
754865,0
754866,0
754867,0
754868,0
754869,0
754870,21
754871,0
754872,0
754873,0
754874,0
754875,48
754876,0
754877,0
754878,0
754879,0
754880,0
754881,0
754882,0
754883,0
754884,0
754885,30
754886,0
754887,0
754888,0
754889,0
754890,0
754891,0
754892,0
754893,0
754894,18
754895,0
754896,0
754897,0
754898,0
754899,0
754900,0
754901,0
754902,0
754903,0
754904,21
754905,0
754906,0
754907,0
754908,0
754909,0
754910,46
754911,0
754912,26
754913,0
754914,0
754915,32
754916,0
754917,0
754918,0
754919,0
754920,0
754921,40
754922,0
754923,0
754924,0
754925,0
754926,0
754927,0
754928,0
754929,0
754930,0
754931,0
754932,0
754933,31
754934,0
754935,0
754936,0
754937,17
754938,0
754939,0
754940,0
754941,0
754942,10
754943,49
754944,18
754945,0
754946,28
754947,0
754948,0
754949,0
754950,38
754951,0
754952,0
754953,46
754954,0
754955,0
754956,0
754957,0
754958,0
754959,39
754960,0
754961,17
754962,0
754963,0
754964,0
754965,0
754966,0
754967,0
754968,0
754969,0
754970,0
754971,25
754972,0
754973,0
754974,0
754975,0
754976,36
754977,0
754978,0
754979,0
754980,0
754981,0
754982,0
754983,0
754984,0
754985,0
754986,0
754987,14
754988,0
754989,0
754990,0
754991,0
754992,0
754993,0
754994,0
754995,0
754996,24
754997,0
754998,0
754999,0
755000,0
755001,0
755002,24
755003,0
755004,0
755005,0
755006,22
755007,0
755008,19
755009,0
755010,0
755011,33
755012,0
755013,0
755014,0
755015,0
755016,0
755017,0
755018,0
755019,0
755020,0
755021,0
755022,0
755023,36
755024,0
755025,0
755026,0
755027,0
755028,0
755029,0
755030,0
755031,0
755032,0
755033,0
755034,0
755035,0
755036,22
755037,0
755038,0
755039,0
755040,0
755041,0
755042,0
755043,0
755044,0
755045,18
755046,34
755047,13
755048,0
755049,0
755050,0
755051,8
755052,0
755053,0
755054,0
755055,23
755056,0
755057,0
755058,0
755059,0
755060,43
755061,26
755062,0
755063,0
755064,0
755065,0
755066,0
755067,0
755068,0
755069,0
755070,0
755071,0
755072,0
755073,33
755074,0
755075,0
755076,0
755077,0
755078,43
755079,28
755080,29
755081,0
755082,0
755083,33
755084,0
755085,60
755086,36
755087,9
755088,0
755089,44
755090,24
755091,0
755092,0
755093,0
755094,0
755095,0
755096,0
755097,0
755098,0
755099,0
755100,0
755101,50
755102,28
755103,0
755104,0
755105,25
755106,51
755107,0
755108,0
755109,0
755110,0
755111,0
755112,0
755113,34
755114,0
755115,0
755116,0
755117,0
755118,0
755119,0
755120,27
755121,29
755122,0
755123,0
755124,0
755125,0
755126,0
755127,0
755128,20
755129,25
755130,23
755131,0
755132,0
755133,29
755134,31
755135,15
755136,0
755137,0
755138,0
755139,0
755140,0
755141,0
755142,0
755143,0
755144,0
755145,0
755146,25
755147,19
755148,25
755149,0
755150,48
755151,0
755152,14
755153,43
755154,25
755155,0
755156,0
755157,0
755158,0
755159,0
755160,63
755161,0
755162,0
755163,13
755164,0
755165,0
755166,0
755167,0
755168,0
755169,0
755170,0
755171,27
755172,16
755173,0
755174,0
755175,0
755176,0
755177,0
755178,32
755179,0
755180,0
755181,0
755182,0
755183,31
755184,0
755185,0
755186,0
755187,0
755188,0
755189,0
755190,0
755191,24
755192,35
755193,0
755194,0
755195,26
755196,0
755197,0
755198,0
755199,0
755200,0
755201,0
755202,33
755203,0
755204,0
755205,0
755206,0
755207,0
755208,0
755209,0
755210,0
755211,0
755212,0
755213,39
755214,0
755215,0
755216,0
755217,0
755218,0
755219,26
755220,0
755221,0
755222,0
755223,0
755224,0
755225,18
755226,25
755227,0
755228,0
755229,0
755230,0
755231,0
755232,0
755233,0
755234,0
755235,0
755236,38
755237,0
755238,38
755239,0
755240,0
755241,0
755242,29
755243,0
755244,0
755245,0
755246,0
755247,0
755248,0
755249,0
755250,0
755251,0
755252,0
755253,0
755254,0
755255,0
755256,0
755257,0
755258,0
755259,0
755260,0
755261,32
755262,21
755263,34
755264,0
755265,49
755266,0
755267,0
755268,34
755269,0
755270,21
755271,0
755272,0
755273,0
755274,0
755275,44
755276,0
755277,0
755278,0
755279,0
755280,0
755281,0
755282,0
755283,0
755284,0
755285,0
755286,0
755287,0
755288,0
755289,0
755290,0
755291,0
755292,0
755293,0
755294,0
755295,25
755296,0
755297,0
755298,26
755299,0
755300,0
755301,0
755302,0
755303,0
755304,38
755305,43
755306,0
755307,0
755308,73
755309,0
755310,0
755311,28
755312,0
755313,25
755314,25
755315,0
755316,0
755317,22
755318,0
755319,41
755320,0
755321,33
755322,0
755323,0
755324,0
755325,0
755326,66
755327,26
755328,0
755329,56
755330,0
755331,0
755332,29
755333,0
755334,0
755335,0
755336,0
755337,0
755338,0
755339,0
755340,22
755341,45
755342,74
755343,0
755344,0
755345,29
755346,0
755347,0
755348,0
755349,0
755350,30
755351,0
755352,0
755353,0
755354,0
755355,43
755356,0
755357,0
755358,0
755359,0
755360,0
755361,0
755362,36
755363,0
755364,0
755365,0
755366,0
755367,0
755368,20
755369,49
755370,0
755371,0
755372,0
755373,0
755374,0
755375,0
755376,0
755377,37
755378,26
755379,0
755380,0
755381,0
755382,0
755383,0
755384,20
755385,27
755386,0
755387,0
755388,0
755389,24
755390,30
755391,0
755392,0
755393,0
755394,0
755395,0
755396,38
755397,39
755398,0
755399,0
755400,0
755401,0
755402,0
755403,0
755404,0
755405,0
755406,49
755407,0
755408,0
755409,19
755410,0
755411,43
755412,0
755413,42
755414,0
755415,21
755416,0
755417,0
755418,18
755419,0
755420,0
755421,0
755422,47
755423,0
755424,0
755425,0
755426,0
755427,47
755428,0
755429,0
755430,0
755431,0
755432,0
755433,36
755434,22
755435,0
755436,0
755437,0
755438,0
755439,0
755440,0
755441,0
755442,0
755443,0
755444,0
755445,0
755446,0
755447,0
755448,9
755449,0
755450,0
755451,0
755452,12
755453,0
755454,0
755455,0
755456,0
755457,0
755458,0
755459,0
755460,0
755461,0
755462,7
755463,0
755464,0
755465,5
755466,0
755467,0
755468,0
755469,0
755470,0
755471,0
755472,0
755473,0
755474,0
755475,0
755476,0
755477,0
755478,0
755479,0
755480,0
755481,0
755482,0
755483,0
755484,0
755485,0
755486,0
755487,0
755488,0
755489,0
755490,0
755491,0
755492,0
755493,0
755494,0
755495,0
755496,0
755497,14
755498,0
755499,0
755500,0
755501,0
755502,0
755503,0
755504,0
755505,0
755506,0
755507,0
755508,0
755509,0
755510,0
755511,0
755512,0
755513,0
755514,0
755515,0
755516,0
755517,0
755518,0
755519,0
755520,0
755521,0
755522,0
755523,0
755524,0
755525,0
755526,0
755527,0
755528,0
755529,0
755530,0
755531,0
755532,0
755533,0
755534,0
755535,0
755536,0
755537,0
755538,0
755539,0
755540,0
755541,0
755542,0
755543,0
755544,0
755545,0
755546,0
755547,0
755548,0
755549,0
755550,0
755551,0
755552,9
755553,0
755554,18
755555,0
755556,0
755557,0
755558,0
755559,0
755560,0
755561,0
755562,0
755563,0
755564,0
755565,0
755566,0
755567,0
755568,0
755569,0
755570,0
755571,0
755572,0
755573,0
755574,0
755575,0
755576,0
755577,0
755578,0
755579,0
755580,0
755581,0
755582,0
755583,0
755584,0
755585,0
755586,0
755587,0
755588,0
755589,12
755590,0
755591,0
755592,0
755593,0
755594,0
755595,0
755596,0
755597,0
755598,0
755599,0
755600,0
755601,0
755602,0
755603,0
755604,0
755605,0
755606,0
755607,0
755608,0
755609,0
755610,0
755611,0
755612,3
755613,0
755614,0
755615,0
755616,0
755617,0
755618,0
755619,0
755620,0
755621,0
755622,0
755623,0
755624,0
755625,0
755626,0
755627,0
755628,0
755629,0
755630,0
755631,0
755632,0
755633,0
755634,0
755635,0
755636,0
755637,0
755638,0
755639,0
755640,0
755641,0
755642,0
755643,0
755644,0
755645,0
755646,0
755647,0
755648,0
755649,0
755650,0
755651,0
755652,0
755653,0
755654,0
755655,0
755656,0
755657,0
755658,0
755659,9
755660,0
755661,0
755662,0
755663,0
755664,0
755665,0
755666,0
755667,0
755668,0
755669,0
755670,0
755671,0
755672,0
755673,0
755674,0
755675,0
755676,0
755677,0
755678,0
755679,0
755680,0
755681,0
755682,0
755683,0
755684,0
755685,0
755686,0
755687,0
755688,0
755689,0
755690,0
755691,0
755692,0
755693,0
755694,0
755695,0
755696,0
755697,0
755698,0
755699,0
755700,0
755701,0
755702,0
755703,0
755704,0
755705,0
755706,0
755707,0
755708,0
755709,0
755710,0
755711,0
755712,0
755713,0
755714,0
755715,0
755716,0
755717,0
755718,0
755719,0
755720,0
755721,0
755722,0
755723,0
755724,0
755725,0
755726,0
755727,0
755728,0
755729,0
755730,0
755731,0
755732,0
755733,0
755734,0
755735,0
755736,0
755737,0
755738,0
755739,0
755740,10
755741,0
755742,3
755743,0
755744,0
755745,0
755746,0
755747,0
755748,0
755749,0
755750,9
755751,9
755752,0
755753,0
755754,0
755755,0
755756,0
755757,0
755758,0
755759,0
755760,0
755761,0
755762,0
755763,0
755764,0
755765,0
755766,0
755767,0
755768,0
755769,0
755770,0
755771,0
755772,0
755773,0
755774,0
755775,0
755776,0
755777,0
755778,0
755779,0
755780,0
755781,0
755782,0
755783,0
755784,8
755785,0
755786,0
755787,0
755788,0
755789,0
755790,0
755791,0
755792,4
755793,0
755794,0
755795,0
755796,0
755797,0
755798,0
755799,0
755800,0
755801,0
755802,0
755803,0
755804,0
755805,0
755806,0
755807,0
755808,0
755809,0
755810,0
755811,0
755812,0
755813,0
755814,0
755815,0
755816,0
755817,0
755818,0
755819,0
755820,0
755821,0
755822,0
755823,0
755824,0
755825,0
755826,0
755827,0
755828,0
755829,0
755830,0
755831,0
755832,0
755833,0
755834,0
755835,0
755836,0
755837,0
755838,0
755839,0
755840,0
755841,0
755842,0
755843,0
755844,0
755845,0
755846,0
755847,0
755848,0
755849,0
755850,0
755851,0
755852,6
755853,0
755854,0
755855,0
755856,0
755857,0
755858,0
755859,0
755860,9
755861,0
755862,0
755863,0
755864,10
755865,0
755866,0
755867,0
755868,0
755869,0
755870,0
755871,0
755872,0
755873,0
755874,0
755875,0
755876,0
755877,0
755878,0
755879,0
755880,0
755881,0
755882,0
755883,0
755884,0
755885,0
755886,0
755887,0
755888,0
755889,0
755890,0
755891,0
755892,0
755893,0
755894,0
755895,0
755896,0
755897,0
755898,0
755899,0
755900,0
755901,0
755902,0
755903,0
755904,0
755905,0
755906,0
755907,0
755908,0
755909,0
755910,0
755911,0
755912,0
755913,0
755914,0
755915,0
755916,0
755917,0
755918,0
755919,0
755920,0
755921,0
755922,0
755923,0
755924,0
755925,0
755926,0
755927,0
755928,0
755929,6
755930,7
755931,0
755932,0
755933,0
755934,0
755935,0
755936,0
755937,0
755938,0
755939,0
755940,0
755941,0
755942,0
755943,0
755944,0
755945,0
755946,0
755947,0
755948,0
755949,12
755950,0
755951,0
755952,0
755953,0
755954,0
755955,0
755956,0
755957,0
755958,0
755959,0
755960,0
755961,0
755962,0
755963,0
755964,0
755965,0
755966,0
755967,0
755968,0
755969,0
755970,0
755971,0
755972,0
755973,0
755974,0
755975,0
755976,0
755977,0
755978,0
755979,0
755980,0
755981,0
755982,0
755983,0
755984,0
755985,0
755986,0
755987,0
755988,0
755989,0
755990,0
755991,0
755992,0
755993,0
755994,0
755995,0
755996,0
755997,0
755998,0
755999,9
756000,3
756001,0
756002,0
756003,0
756004,0
756005,0
756006,0
756007,0
756008,0
756009,9
756010,0
756011,0
756012,0
756013,0
756014,0
756015,0
756016,0
756017,0
756018,0
756019,0
756020,0
756021,0
756022,0
756023,0
756024,0
756025,0
756026,0
756027,0
756028,0
756029,0
756030,0
756031,0
756032,0
756033,0
756034,0
756035,0
756036,0
756037,0
756038,0
756039,0
756040,0
756041,0
756042,0
756043,11
756044,0
756045,0
756046,0
756047,0
756048,0
756049,0
756050,0
756051,0
756052,0
756053,0
756054,0
756055,0
756056,0
756057,0
756058,0
756059,0
756060,0
756061,0
756062,0
756063,0
756064,0
756065,0
756066,0
756067,0
756068,0
756069,0
756070,0
756071,0
756072,10
756073,0
756074,0
756075,0
756076,0
756077,0
756078,0
756079,0
756080,0
756081,0
756082,0
756083,0
756084,0
756085,0
756086,0
756087,0
756088,0
756089,0
756090,0
756091,0
756092,0
756093,0
756094,0
756095,0
756096,0
756097,0
756098,0
756099,0
756100,0
756101,0
756102,0
756103,0
756104,0
756105,0
756106,0
756107,0
756108,0
756109,0
756110,0
756111,0
756112,0
756113,0
756114,0
756115,0
756116,0
756117,0
756118,3
756119,0
756120,0
756121,0
756122,0
756123,0
756124,0
756125,0
756126,0
756127,0
756128,0
756129,0
756130,0
756131,0
756132,0
756133,0
756134,0
756135,16
756136,0
756137,0
756138,13
756139,0
756140,0
756141,0
756142,0
756143,6
756144,0
756145,0
756146,0
756147,0
756148,0
756149,0
756150,0
756151,5
756152,8
756153,0
756154,0
756155,0
756156,0
756157,0
756158,0
756159,0
756160,0
756161,0
756162,14
756163,0
756164,0
756165,0
756166,0
756167,2
756168,0
756169,0
756170,8
756171,3
756172,0
756173,1
756174,0
756175,0
756176,0
756177,4
756178,0
756179,0
756180,0
756181,0
756182,0
756183,0
756184,0
756185,0
756186,0
756187,0
756188,0
756189,0
756190,0
756191,0
756192,0
756193,0
756194,0
756195,0
756196,0
756197,0
756198,0
756199,0
756200,0
756201,0
756202,0
756203,0
756204,0
756205,0
756206,0
756207,0
756208,0
756209,0
756210,0
756211,0
756212,0
756213,0
756214,0
756215,0
756216,0
756217,0
756218,0
756219,0
756220,0
756221,0
756222,0
756223,0
756224,0
756225,0
756226,0
756227,0
756228,0
756229,0
756230,0
756231,0
756232,0
756233,0
756234,0
756235,0
756236,2
756237,0
756238,0
756239,0
756240,0
756241,0
756242,0
756243,0
756244,0
756245,0
756246,0
756247,0
756248,0
756249,0
756250,2
756251,0
756252,0
756253,0
756254,0
756255,0
756256,0
756257,0
756258,0
756259,0
756260,0
756261,0
756262,0
756263,0
756264,4
756265,4
756266,0
756267,0
756268,0
756269,0
756270,0
756271,0
756272,0
756273,0
756274,0
756275,0
756276,0
756277,0
756278,0
756279,0
756280,0
756281,0
756282,0
756283,0
756284,0
756285,0
756286,0
756287,5
756288,0
756289,0
756290,0
756291,0
756292,4
756293,0
756294,0
756295,0
756296,0
756297,0
756298,0
756299,0
756300,0
756301,0
756302,0
756303,0
756304,0
756305,0
756306,0
756307,0
756308,0
756309,0
756310,3
756311,0
756312,0
756313,0
756314,0
756315,0
756316,0
756317,0
756318,2
756319,0
756320,0
756321,0
756322,0
756323,2
756324,6
756325,0
756326,0
756327,0
756328,0
756329,0
756330,0
756331,0
756332,0
756333,0
756334,0
756335,0
756336,0
756337,0
756338,0
756339,0
756340,0
756341,0
756342,0
756343,0
756344,0
756345,0
756346,0
756347,0
756348,0
756349,0
756350,3
756351,0
756352,0
756353,0
756354,7
756355,0
756356,0
756357,0
756358,0
756359,0
756360,0
756361,0
756362,0
756363,0
756364,0
756365,0
756366,0
756367,0
756368,0
756369,0
756370,0
756371,0
756372,0
756373,0
756374,0
756375,0
756376,0
756377,0
756378,0
756379,0
756380,2
756381,0
756382,2
756383,3
756384,0
756385,0
756386,0
756387,0
756388,0
756389,0
756390,0
756391,0
756392,0
756393,0
756394,3
756395,0
756396,0
756397,0
756398,0
756399,3
756400,0
756401,0
756402,0
756403,0
756404,0
756405,0
756406,7
756407,0
756408,0
756409,0
756410,0
756411,0
756412,0
756413,0
756414,0
756415,0
756416,0
756417,0
756418,0
756419,0
756420,0
756421,0
756422,0
756423,0
756424,0
756425,0
756426,0
756427,0
756428,0
756429,0
756430,0
756431,2
756432,3
756433,0
756434,0
756435,0
756436,0
756437,0
756438,3
756439,0
756440,0
756441,1
756442,0
756443,0
756444,0
756445,4
756446,0
756447,0
756448,0
756449,0
756450,0
756451,0
756452,0
756453,0
756454,0
756455,0
756456,0
756457,0
756458,0
756459,0
756460,3
756461,0
756462,0
756463,0
756464,0
756465,0
756466,0
756467,0
756468,0
756469,0
756470,0
756471,0
756472,0
756473,0
756474,0
756475,0
756476,0
756477,0
756478,0
756479,0
756480,0
756481,0
756482,0
756483,0
756484,0
756485,0
756486,0
756487,0
756488,0
756489,0
756490,0
756491,0
756492,0
756493,1
756494,0
756495,5
756496,2
756497,0
756498,0
756499,0
756500,0
756501,0
756502,0
756503,0
756504,0
756505,0
756506,0
756507,0
756508,0
756509,1
756510,0
756511,1
756512,0
756513,4
756514,0
756515,0
756516,0
756517,0
756518,0
756519,0
756520,0
756521,0
756522,0
756523,0
756524,0
756525,0
756526,0
756527,0
756528,0
756529,0
756530,0
756531,0
756532,0
756533,0
756534,3
756535,0
756536,0
756537,0
756538,0
756539,7
756540,0
756541,1
756542,0
756543,0
756544,0
756545,0
756546,0
756547,0
756548,0
756549,0
756550,4
756551,3
756552,0
756553,0
756554,0
756555,0
756556,0
756557,0
756558,0
756559,0
756560,0
756561,2
756562,0
756563,0
756564,0
756565,0
756566,1
756567,0
756568,0
756569,0
756570,0
756571,0
756572,3
756573,0
756574,0
756575,0
756576,0
756577,0
756578,0
756579,0
756580,0
756581,0
756582,0
756583,0
756584,0
756585,0
756586,7
756587,0
756588,0
756589,0
756590,0
756591,0
756592,0
756593,0
756594,0
756595,0
756596,0
756597,0
756598,0
756599,0
756600,0
756601,2
756602,0
756603,4
756604,0
756605,0
756606,0
756607,0
756608,0
756609,0
756610,0
756611,0
756612,3
756613,0
756614,0
756615,0
756616,0
756617,0
756618,0
756619,4
756620,0
756621,0
756622,0
756623,2
756624,0
756625,0
756626,2
756627,0
756628,0
756629,0
756630,0
756631,0
756632,0
756633,0
756634,0
756635,0
756636,0
756637,0
756638,0
756639,4
756640,6
756641,0
756642,0
756643,0
756644,0
756645,0
756646,0
756647,0
756648,0
756649,0
756650,0
756651,0
756652,2
756653,0
756654,0
756655,0
756656,0
756657,0
756658,0
756659,0
756660,0
756661,0
756662,0
756663,0
756664,0
756665,0
756666,0
756667,4
756668,0
756669,0
756670,0
756671,0
756672,0
756673,0
756674,0
756675,0
756676,0
756677,0
756678,0
756679,0
756680,0
756681,0
756682,0
756683,0
756684,0
756685,5
756686,2
756687,0
756688,0
756689,0
756690,0
756691,0
756692,0
756693,4
756694,0
756695,0
756696,0
756697,0
756698,0
756699,0
756700,0
756701,0
756702,3
756703,0
756704,0
756705,7
756706,0
756707,0
756708,0
756709,0
756710,0
756711,0
756712,0
756713,0
756714,0
756715,0
756716,0
756717,0
756718,0
756719,0
756720,0
756721,0
756722,0
756723,3
756724,4
756725,0
756726,0
756727,0
756728,0
756729,0
756730,0
756731,5
756732,0
756733,0
756734,0
756735,4
756736,0
756737,0
756738,0
756739,0
756740,0
756741,0
756742,0
756743,0
756744,0
756745,0
756746,0
756747,0
756748,0
756749,0
756750,0
756751,0
756752,0
756753,0
756754,0
756755,0
756756,0
756757,0
756758,2
756759,0
756760,0
756761,0
756762,0
756763,0
756764,0
756765,0
756766,0
756767,0
756768,0
756769,0
756770,1
756771,3
756772,0
756773,0
756774,0
756775,0
756776,2
756777,0
756778,0
756779,0
756780,0
756781,3
756782,0
756783,0
756784,0
756785,0
756786,0
756787,0
756788,0
756789,0
756790,0
756791,0
756792,0
756793,0
756794,0
756795,0
756796,0
756797,0
756798,0
756799,0
756800,0
756801,0
756802,0
756803,0
756804,0
756805,0
756806,0
756807,0
756808,0
756809,0
756810,0
756811,3
756812,0
756813,0
756814,0
756815,0
756816,0
756817,0
756818,0
756819,4
756820,0
756821,0
756822,0
756823,0
756824,0
756825,0
756826,0
756827,0
756828,0
756829,0
756830,4
756831,0
756832,0
756833,0
756834,0
756835,1
756836,0
756837,0
756838,2
756839,6
756840,0
756841,0
756842,0
756843,0
756844,0
756845,5
756846,0
756847,0
756848,0
756849,0
756850,0
756851,0
756852,0
756853,0
756854,0
756855,0
756856,0
756857,0
756858,2
756859,0
756860,0
756861,0
756862,0
756863,0
756864,0
756865,0
756866,0
756867,0
756868,5
756869,0
756870,0
756871,0
756872,0
756873,0
756874,0
756875,0
756876,0
756877,0
756878,0
756879,0
756880,0
756881,4
756882,0
756883,0
756884,0
756885,0
756886,0
756887,0
756888,0
756889,0
756890,0
756891,0
756892,0
756893,0
756894,0
756895,8
756896,0
756897,0
756898,0
756899,0
756900,0
756901,0
756902,0
756903,0
756904,0
756905,0
756906,0
756907,0
756908,0
756909,0
756910,0
756911,0
756912,0
756913,0
756914,0
756915,0
756916,8
756917,0
756918,0
756919,0
756920,0
756921,0
756922,3
756923,0
756924,0
756925,0
756926,0
756927,0
756928,0
756929,0
756930,3
756931,0
756932,0
756933,0
756934,0
756935,0
756936,0
756937,0
756938,0
756939,0
756940,0
756941,0
756942,0
756943,0
756944,0
756945,4
756946,0
756947,0
756948,0
756949,0
756950,0
756951,0
756952,0
756953,4
756954,4
756955,0
756956,0
756957,0
756958,0
756959,0
756960,0
756961,0
756962,0
756963,0
756964,0
756965,0
756966,0
756967,0
756968,0
756969,0
756970,0
756971,0
756972,0
756973,0
756974,0
756975,0
756976,0
756977,0
756978,0
756979,0
756980,0
756981,3
756982,0
756983,0
756984,0
756985,0
756986,0
756987,0
756988,3
756989,0
756990,0
756991,0
756992,0
756993,0
756994,0
756995,0
756996,0
756997,0
756998,0
756999,0
757000,0
757001,0
757002,0
757003,0
757004,0
757005,0
757006,0
757007,0
757008,0
757009,0
757010,0
757011,0
757012,0
757013,0
757014,2
757015,0
757016,0
757017,0
757018,0
757019,0
757020,0
757021,0
757022,4
757023,5
757024,2
757025,0
757026,0
757027,0
757028,0
757029,0
757030,0
757031,0
757032,0
757033,0
757034,0
757035,0
757036,0
757037,0
757038,0
757039,0
757040,1
757041,0
757042,4
757043,0
757044,0
757045,0
757046,0
757047,0
757048,0
757049,0
757050,0
757051,0
757052,4
757053,0
757054,0
757055,0
757056,0
757057,0
757058,0
757059,0
757060,0
757061,0
757062,0
757063,0
757064,0
757065,0
757066,0
757067,0
757068,0
757069,0
757070,0
757071,0
757072,0
757073,0
757074,0
757075,0
757076,0
757077,0
757078,0
757079,0
757080,3
757081,0
757082,0
757083,0
757084,0
757085,0
757086,0
757087,16
757088,0
757089,0
757090,0
757091,0
757092,0
757093,0
757094,0
757095,0
757096,0
757097,0
757098,0
757099,0
757100,0
757101,0
757102,18
757103,0
757104,0
757105,0
757106,17
757107,0
757108,0
757109,0
757110,0
757111,0
757112,0
757113,0
757114,0
757115,0
757116,14
757117,0
757118,0
757119,0
757120,0
757121,0
757122,0
757123,0
757124,0
757125,0
757126,0
757127,0
757128,0
757129,0
757130,0
757131,0
757132,0
757133,0
757134,0
757135,0
757136,0
757137,0
757138,0
757139,0
757140,0
757141,0
757142,0
757143,0
757144,0
757145,0
757146,0
757147,0
757148,0
757149,0
757150,7
757151,0
757152,0
757153,0
757154,0
757155,0
757156,0
757157,0
757158,0
757159,0
757160,0
757161,0
757162,0
757163,8
757164,0
757165,0
757166,0
757167,11
757168,0
757169,0
757170,0
757171,0
757172,13
757173,0
757174,0
757175,0
757176,0
757177,0
757178,0
757179,0
757180,13
757181,7
757182,0
757183,0
757184,0
757185,0
757186,0
757187,0
757188,0
757189,0
757190,10
757191,0
757192,14
757193,0
757194,0
757195,0
757196,3
757197,0
757198,0
757199,0
757200,0
757201,0
757202,0
757203,0
757204,0
757205,13
757206,0
757207,0
757208,8
757209,0
757210,0
757211,0
757212,0
757213,0
757214,0
757215,12
757216,0
757217,0
757218,0
757219,0
757220,7
757221,0
757222,0
757223,0
757224,0
757225,0
757226,0
757227,0
757228,0
757229,0
757230,0
757231,0
757232,0
757233,0
757234,0
757235,11
757236,0
757237,0
757238,0
757239,0
757240,0
757241,0
757242,0
757243,0
757244,0
757245,9
757246,0
757247,0
757248,0
757249,0
757250,0
757251,0
757252,0
757253,0
757254,0
757255,0
757256,13
757257,0
757258,0
757259,0
757260,0
757261,0
757262,3
757263,0
757264,0
757265,0
757266,0
757267,0
757268,0
757269,13
757270,0
757271,0
757272,0
757273,0
757274,0
757275,15
757276,0
757277,0
757278,0
757279,0
757280,0
757281,0
757282,0
757283,0
757284,0
757285,0
757286,10
757287,0
757288,10
757289,0
757290,0
757291,0
757292,0
757293,0
757294,0
757295,0
757296,0
757297,0
757298,0
757299,11
757300,0
757301,0
757302,0
757303,9
757304,0
757305,0
757306,0
757307,0
757308,12
757309,10
757310,8
757311,0
757312,0
757313,0
757314,0
757315,0
757316,0
757317,0
757318,0
757319,0
757320,0
757321,0
757322,0
757323,0
757324,0
757325,0
757326,0
757327,15
757328,0
757329,0
757330,9
757331,0
757332,0
757333,7
757334,0
757335,7
757336,0
757337,0
757338,0
757339,0
757340,0
757341,0
757342,0
757343,10
757344,0
757345,0
757346,0
757347,0
757348,0
757349,0
757350,0
757351,0
757352,0
757353,0
757354,0
757355,0
757356,11
757357,0
757358,0
757359,0
757360,0
757361,0
757362,0
757363,9
757364,10
757365,0
757366,0
757367,0
757368,0
757369,0
757370,0
757371,0
757372,0
757373,0
757374,0
757375,6
757376,0
757377,0
757378,0
757379,0
757380,0
757381,0
757382,0
757383,0
757384,0
757385,0
757386,0
757387,0
757388,15
757389,0
757390,0
757391,0
757392,0
757393,0
757394,0
757395,0
757396,0
757397,0
757398,0
757399,0
757400,0
757401,0
757402,14
757403,0
757404,0
757405,0
757406,0
757407,6
757408,0
757409,0
757410,0
757411,0
757412,10
757413,0
757414,11
757415,0
757416,0
757417,0
757418,0
757419,0
757420,0
757421,0
757422,10
757423,0
757424,0
757425,0
757426,0
757427,0
757428,12
757429,0
757430,0
757431,0
757432,14
757433,0
757434,0
757435,0
757436,0
757437,0
757438,0
757439,0
757440,0
757441,0
757442,7
757443,0
757444,0
757445,0
757446,0
757447,0
757448,0
757449,0
757450,0
757451,0
757452,0
757453,8
757454,0
757455,8
757456,0
757457,0
757458,0
757459,11
757460,0
757461,13
757462,0
757463,0
757464,0
757465,0
757466,0
757467,0
757468,0
757469,5
757470,0
757471,0
757472,0
757473,0
757474,0
757475,0
757476,0
757477,0
757478,0
757479,13
757480,0
757481,0
757482,0
757483,0
757484,0
757485,0
757486,0
757487,0
757488,0
757489,0
757490,0
757491,7
757492,0
757493,8
757494,0
757495,0
757496,9
757497,0
757498,0
757499,1
757500,0
757501,0
757502,0
757503,2
757504,0
757505,4
757506,0
757507,0
757508,0
757509,0
757510,0
757511,2
757512,0
757513,1
757514,0
757515,0
757516,0
757517,0
757518,0
757519,0
757520,7
757521,0
757522,6
757523,0
757524,0
757525,0
757526,1
757527,2
757528,0
757529,0
757530,0
757531,0
757532,0
757533,0
757534,0
757535,0
757536,0
757537,0
757538,0
757539,0
757540,0
757541,0
757542,0
757543,0
757544,0
757545,0
757546,0
757547,0
757548,0
757549,0
757550,2
757551,0
757552,0
757553,0
757554,0
757555,0
757556,0
757557,5
757558,0
757559,7
757560,0
757561,2
757562,0
757563,0
757564,0
757565,0
757566,0
757567,0
757568,5
757569,0
757570,0
757571,0
757572,0
757573,5
757574,4
757575,0
757576,0
757577,0
757578,0
757579,9
757580,0
757581,0
757582,0
757583,0
757584,0
757585,6
757586,2
757587,0
757588,0
757589,6
757590,0
757591,4
757592,0
757593,0
757594,0
757595,0
757596,0
757597,0
757598,0
757599,0
757600,0
757601,0
757602,0
757603,0
757604,0
757605,0
757606,0
757607,3
757608,0
757609,0
757610,5
757611,0
757612,0
757613,0
757614,0
757615,0
757616,0
757617,0
757618,0
757619,1
757620,4
757621,0
757622,0
757623,0
757624,0
757625,0
757626,0
757627,2
757628,0
757629,0
757630,0
757631,0
757632,1
757633,0
757634,4
757635,0
757636,0
757637,0
757638,0
757639,0
757640,0
757641,1
757642,0
757643,0
757644,6
757645,0
757646,0
757647,0
757648,0
757649,0
757650,0
757651,0
757652,0
757653,2
757654,0
757655,0
757656,0
757657,0
757658,0
757659,0
757660,0
757661,0
757662,0
757663,0
757664,0
757665,0
757666,0
757667,5
757668,0
757669,4
757670,0
757671,0
757672,6
757673,0
757674,0
757675,0
757676,0
757677,0
757678,0
757679,0
757680,0
757681,0
757682,0
757683,0
757684,0
757685,0
757686,0
757687,0
757688,0
757689,0
757690,1
757691,0
757692,0
757693,0
757694,0
757695,0
757696,0
757697,0
757698,0
757699,0
757700,0
757701,0
757702,0
757703,0
757704,0
757705,0
757706,2
757707,5
757708,0
757709,0
757710,0
757711,2
757712,1
757713,0
757714,0
757715,0
757716,0
757717,4
757718,0
757719,2
757720,0
757721,0
757722,0
757723,0
757724,0
757725,0
757726,0
757727,0
757728,3
757729,2
757730,4
757731,0
757732,0
757733,0
757734,0
757735,0
757736,0
757737,0
757738,0
757739,0
757740,0
757741,0
757742,0
757743,0
757744,0
757745,0
757746,0
757747,0
757748,2
757749,0
757750,1
757751,0
757752,3
757753,4
757754,6
757755,0
757756,0
757757,0
757758,2
757759,0
757760,1
757761,0
757762,0
757763,8
757764,0
757765,0
757766,5
757767,1
757768,3
757769,0
757770,0
757771,0
757772,0
757773,0
757774,0
757775,0
757776,0
757777,0
757778,0
757779,0
757780,0
757781,0
757782,0
757783,8
757784,0
757785,0
757786,0
757787,8
757788,5
757789,0
757790,1
757791,0
757792,0
757793,5
757794,0
757795,0
757796,0
757797,0
757798,0
757799,4
757800,0
757801,0
757802,0
757803,0
757804,0
757805,1
757806,0
757807,0
757808,0
757809,0
757810,0
757811,0
757812,0
757813,3
757814,0
757815,0
757816,0
757817,2
757818,0
757819,0
757820,0
757821,0
757822,2
757823,0
757824,0
757825,3
757826,1
757827,0
757828,0
757829,0
757830,0
757831,0
757832,0
757833,0
757834,0
757835,0
757836,0
757837,0
757838,4
757839,0
757840,0
757841,0
757842,0
757843,0
757844,0
757845,0
757846,4
757847,4
757848,0
757849,0
757850,0
757851,0
757852,0
757853,5
757854,0
757855,0
757856,0
757857,0
757858,0
757859,0
757860,0
757861,0
757862,0
757863,4
757864,0
757865,0
757866,0
757867,0
757868,0
757869,0
757870,0
757871,0
757872,0
757873,0
757874,0
757875,0
757876,0
757877,0
757878,0
757879,0
757880,0
757881,0
757882,0
757883,0
757884,0
757885,1
757886,1
757887,0
757888,3
757889,3
757890,3
757891,0
757892,0
757893,0
757894,0
757895,0
757896,0
757897,0
757898,2
757899,0
757900,0
757901,5
757902,0
757903,5
757904,0
757905,0
757906,0
757907,4
757908,0
757909,0
757910,0
757911,0
757912,0
757913,0
757914,0
757915,0
757916,0
757917,0
757918,0
757919,3
757920,0
757921,0
757922,0
757923,0
757924,0
757925,4
757926,0
757927,1
757928,0
757929,0
757930,0
757931,0
757932,0
757933,0
757934,0
757935,4
757936,0
757937,0
757938,8
757939,0
757940,0
757941,2
757942,0
757943,1
757944,2
757945,0
757946,0
757947,0
757948,0
757949,0
757950,0
757951,0
757952,0
757953,0
757954,0
757955,0
757956,0
757957,0
757958,0
757959,0
757960,0
757961,0
757962,0
757963,0
757964,0
757965,2
757966,0
757967,5
757968,0
757969,0
757970,2
757971,0
757972,0
757973,0
757974,0
757975,0
757976,0
757977,0
757978,0
757979,0
757980,0
757981,0
757982,0
757983,0
757984,4
757985,0
757986,0
757987,0
757988,0
757989,0
757990,2
757991,0
757992,0
757993,0
757994,0
757995,0
757996,0
757997,0
757998,3
757999,0
758000,4
758001,0
758002,0
758003,0
758004,0
758005,0
758006,0
758007,0
758008,0
758009,0
758010,4
758011,0
758012,0
758013,5
758014,0
758015,15
758016,7
758017,0
758018,0
758019,0
758020,0
758021,0
758022,0
758023,0
758024,0
758025,4
758026,0
758027,0
758028,15
758029,0
758030,0
758031,0
758032,0
758033,0
758034,0
758035,0
758036,12
758037,0
758038,0
758039,0
758040,0
758041,0
758042,0
758043,0
758044,0
758045,9
758046,9
758047,8
758048,0
758049,0
758050,0
758051,0
758052,8
758053,0
758054,0
758055,5
758056,0
758057,0
758058,0
758059,14
758060,8
758061,0
758062,0
758063,9
758064,0
758065,0
758066,0
758067,0
758068,14
758069,11
758070,0
758071,7
758072,0
758073,0
758074,0
758075,0
758076,0
758077,10
758078,0
758079,0
758080,0
758081,0
758082,0
758083,0
758084,9
758085,0
758086,0
758087,0
758088,0
758089,0
758090,0
758091,0
758092,21
758093,0
758094,0
758095,0
758096,0
758097,0
758098,0
758099,0
758100,24
758101,0
758102,0
758103,0
758104,0
758105,0
758106,0
758107,0
758108,14
758109,0
758110,0
758111,0
758112,0
758113,10
758114,0
758115,0
758116,5
758117,0
758118,7
758119,0
758120,0
758121,0
758122,0
758123,0
758124,8
758125,0
758126,0
758127,0
758128,13
758129,0
758130,0
758131,4
758132,0
758133,0
758134,0
758135,0
758136,0
758137,0
758138,17
758139,8
758140,13
758141,0
758142,12
758143,0
758144,0
758145,0
758146,0
758147,0
758148,4
758149,0
758150,7
758151,17
758152,16
758153,0
758154,13
758155,9
758156,9
758157,0
758158,11
758159,0
758160,0
758161,21
758162,0
758163,0
758164,0
758165,0
758166,0
758167,0
758168,0
758169,0
758170,0
758171,0
758172,12
758173,0
758174,0
758175,0
758176,0
758177,0
758178,6
758179,0
758180,0
758181,0
758182,0
758183,0
758184,0
758185,0
758186,10
758187,0
758188,0
758189,0
758190,0
758191,0
758192,13
758193,0
758194,0
758195,0
758196,0
758197,0
758198,0
758199,0
758200,13
758201,0
758202,0
758203,0
758204,0
758205,0
758206,0
758207,0
758208,0
758209,0
758210,0
758211,0
758212,0
758213,0
758214,0
758215,0
758216,0
758217,0
758218,0
758219,0
758220,0
758221,0
758222,0
758223,0
758224,10
758225,0
758226,0
758227,0
758228,0
758229,0
758230,0
758231,0
758232,0
758233,0
758234,0
758235,11
758236,10
758237,0
758238,0
758239,12
758240,12
758241,0
758242,11
758243,0
758244,0
758245,0
758246,0
758247,11
758248,0
758249,0
758250,0
758251,0
758252,8
758253,0
758254,0
758255,0
758256,0
758257,11
758258,0
758259,0
758260,0
758261,0
758262,0
758263,0
758264,0
758265,0
758266,0
758267,0
758268,15
758269,0
758270,0
758271,0
758272,0
758273,0
758274,0
758275,0
758276,0
758277,0
758278,0
758279,0
758280,0
758281,0
758282,4
758283,0
758284,0
758285,0
758286,0
758287,0
758288,0
758289,6
758290,0
758291,8
758292,0
758293,11
758294,0
758295,0
758296,0
758297,0
758298,0
758299,0
758300,0
758301,0
758302,0
758303,0
758304,0
758305,0
758306,0
758307,0
758308,0
758309,0
758310,12
758311,0
758312,8
758313,0
758314,0
758315,0
758316,0
758317,13
758318,14
758319,0
758320,0
758321,0
758322,0
758323,0
758324,0
758325,8
758326,0
758327,9
758328,12
758329,0
758330,0
758331,0
758332,0
758333,0
758334,9
758335,0
758336,9
758337,0
758338,0
758339,0
758340,0
758341,10
758342,7
758343,10
758344,0
758345,6
758346,4
758347,0
758348,0
758349,0
758350,0
758351,0
758352,11
758353,10
758354,0
758355,0
758356,8
758357,0
758358,0
758359,0
758360,0
758361,0
758362,0
758363,0
758364,0
758365,0
758366,7
758367,0
758368,0
758369,0
758370,0
758371,0
758372,0
758373,0
758374,0
758375,0
758376,0
758377,0
758378,0
758379,0
758380,18
758381,0
758382,0
758383,0
758384,0
758385,14
758386,0
758387,5
758388,0
758389,0
758390,0
758391,0
758392,0
758393,6
758394,0
758395,0
758396,0
758397,12
758398,0
758399,0
758400,0
758401,12
758402,0
758403,0
758404,0
758405,0
758406,0
758407,0
758408,0
758409,0
758410,0
758411,10
758412,0
758413,0
758414,0
758415,0
758416,0
758417,0
758418,31
758419,0
758420,21
758421,0
758422,0
758423,0
758424,0
758425,0
758426,0
758427,20
758428,0
758429,0
758430,0
758431,0
758432,17
758433,0
758434,0
758435,0
758436,0
758437,0
758438,0
758439,0
758440,0
758441,0
758442,0
758443,0
758444,0
758445,0
758446,0
758447,0
758448,0
758449,0
758450,0
758451,0
758452,29
758453,19
758454,0
758455,0
758456,18
758457,31
758458,0
758459,0
758460,0
758461,0
758462,30
758463,0
758464,0
758465,0
758466,0
758467,0
758468,21
758469,0
758470,0
758471,0
758472,0
758473,0
758474,0
758475,0
758476,0
758477,0
758478,0
758479,25
758480,0
758481,42
758482,34
758483,0
758484,0
758485,0
758486,20
758487,33
758488,0
758489,0
758490,0
758491,0
758492,0
758493,0
758494,0
758495,0
758496,26
758497,0
758498,0
758499,0
758500,0
758501,0
758502,0
758503,12
758504,0
758505,0
758506,0
758507,0
758508,0
758509,27
758510,0
758511,0
758512,21
758513,0
758514,0
758515,31
758516,0
758517,24
758518,17
758519,0
758520,0
758521,0
758522,0
758523,9
758524,0
758525,0
758526,0
758527,32
758528,0
758529,0
758530,29
758531,0
758532,29
758533,0
758534,0
758535,0
758536,15
758537,0
758538,0
758539,0
758540,0
758541,25
758542,0
758543,0
758544,19
758545,0
758546,0
758547,0
758548,0
758549,0
758550,0
758551,0
758552,0
758553,6
758554,0
758555,0
758556,16
758557,0
758558,0
758559,33
758560,0
758561,0
758562,0
758563,0
758564,0
758565,0
758566,0
758567,0
758568,13
758569,0
758570,24
758571,0
758572,0
758573,0
758574,0
758575,0
758576,0
758577,0
758578,0
758579,0
758580,24
758581,25
758582,0
758583,0
758584,17
758585,0
758586,0
758587,0
758588,0
758589,19
758590,0
758591,0
758592,0
758593,0
758594,0
758595,0
758596,0
758597,0
758598,21
758599,0
758600,0
758601,0
758602,0
758603,0
758604,0
758605,0
758606,0
758607,0
758608,0
758609,0
758610,0
758611,0
758612,0
758613,0
758614,0
758615,25
758616,0
758617,0
758618,0
758619,0
758620,0
758621,0
758622,0
758623,0
758624,0
758625,0
758626,0
758627,0
758628,0
758629,0
758630,0
758631,0
758632,30
758633,18
758634,15
758635,0
758636,0
758637,0
758638,0
758639,0
758640,0
758641,0
758642,23
758643,0
758644,0
758645,0
758646,0
758647,11
758648,0
758649,0
758650,0
758651,0
758652,0
758653,0
758654,0
758655,18
758656,28
758657,0
758658,0
758659,0
758660,0
758661,0
758662,0
758663,0
758664,19
758665,0
758666,0
758667,0
758668,0
758669,0
758670,0
758671,0
758672,0
758673,0
758674,0
758675,0
758676,0
758677,0
758678,0
758679,0
758680,18
758681,0
758682,0
758683,13
758684,0
758685,33
758686,0
758687,0
758688,0
758689,29
758690,0
758691,0
758692,0
758693,0
758694,20
758695,0
758696,0
758697,0
758698,0
758699,24
758700,0
758701,0
758702,0
758703,0
758704,0
758705,25
758706,0
758707,20
758708,0
758709,24
758710,0
758711,0
758712,0
758713,0
758714,0
758715,19
758716,0
758717,0
758718,20
758719,0
758720,0
758721,0
758722,0
758723,0
758724,0
758725,0
758726,0
758727,28
758728,34
758729,0
758730,0
758731,0
758732,0
758733,0
758734,0
758735,0
758736,31
758737,0
758738,30
758739,18
758740,0
758741,28
758742,0
758743,19
758744,0
758745,0
758746,0
758747,0
758748,0
758749,20
758750,0
758751,16
758752,36
758753,0
758754,0
758755,0
758756,20
758757,0
758758,14
758759,0
758760,0
758761,0
758762,0
758763,18
758764,0
758765,0
758766,0
758767,0
758768,7
758769,0
758770,18
758771,0
758772,0
758773,0
758774,0
758775,0
758776,15
758777,0
758778,0
758779,0
758780,0
758781,0
758782,0
758783,21
758784,0
758785,0
758786,0
758787,0
758788,0
758789,0
758790,0
758791,0
758792,0
758793,0
758794,0
758795,0
758796,38
758797,0
758798,0
758799,0
758800,35
758801,0
758802,0
758803,0
758804,0
758805,20
758806,0
758807,14
758808,16
758809,0
758810,17
758811,0
758812,0
758813,26
758814,0
758815,0
758816,0
758817,0
758818,32
758819,0
758820,25
758821,0
758822,29
758823,0
758824,0
758825,0
758826,0
758827,0
758828,0
758829,0
758830,20
758831,0
758832,20
758833,6
758834,0
758835,0
758836,26
758837,0
758838,0
758839,0
758840,23
758841,28
758842,38
758843,0
758844,0
758845,0
758846,0
758847,0
758848,0
758849,18
758850,0
758851,0
758852,0
758853,0
758854,49
758855,0
758856,19
758857,0
758858,0
758859,0
758860,16
758861,0
758862,0
758863,0
758864,0
758865,19
758866,0
758867,0
758868,22
758869,0
758870,17
758871,0
758872,0
758873,0
758874,0
758875,0
758876,0
758877,0
758878,0
758879,0
758880,29
758881,0
758882,25
758883,0
758884,0
758885,18
758886,0
758887,0
758888,25
758889,16
758890,16
758891,0
758892,0
758893,0
758894,15
758895,19
758896,29
758897,0
758898,0
758899,21
758900,0
758901,0
758902,0
758903,0
758904,21
758905,0
758906,0
758907,0
758908,0
758909,0
758910,0
758911,29
758912,0
758913,0
758914,0
758915,31
758916,0
758917,0
758918,0
758919,0
758920,0
758921,0
758922,29
758923,23
758924,0
758925,0
758926,23
758927,24
758928,0
758929,0
758930,0
758931,0
758932,0
758933,0
758934,0
758935,0
758936,0
758937,0
758938,12
758939,0
758940,24
758941,0
758942,0
758943,0
758944,0
758945,20
758946,0
758947,0
758948,21
758949,0
758950,0
758951,19
758952,0
758953,22
758954,0
758955,37
758956,25
758957,0
758958,0
758959,0
758960,0
758961,0
758962,0
758963,0
758964,0
758965,0
758966,0
758967,0
758968,0
758969,0
758970,0
758971,0
758972,19
758973,0
758974,29
758975,16
758976,0
758977,0
758978,0
758979,0
758980,17
758981,0
758982,0
758983,0
758984,0
758985,0
758986,0
758987,0
758988,0
758989,25
758990,0
758991,0
758992,0
758993,0
758994,0
758995,17
758996,19
758997,0
758998,22
758999,20
759000,0
759001,0
759002,0
759003,0
759004,0
759005,0
759006,0
759007,0
759008,0
759009,0
759010,0
759011,0
759012,0
759013,0
759014,0
759015,0
759016,0
759017,0
759018,0
759019,0
759020,17
759021,0
759022,0
759023,0
759024,0
759025,0
759026,0
759027,0
759028,0
759029,0
759030,0
759031,0
759032,0
759033,0
759034,0
759035,0
759036,0
759037,0
759038,0
759039,0
759040,0
759041,0
759042,0
759043,0
759044,0
759045,0
759046,0
759047,22
759048,0
759049,0
759050,0
759051,0
759052,0
759053,0
759054,35
759055,0
759056,0
759057,0
759058,0
759059,0
759060,0
759061,0
759062,0
759063,0
759064,0
759065,0
759066,0
759067,0
759068,0
759069,0
759070,0
759071,0
759072,0
759073,0
759074,0
759075,0
759076,0
759077,0
759078,0
759079,0
759080,0
759081,0
759082,0
759083,0
759084,0
759085,0
759086,0
759087,0
759088,0
759089,0
759090,0
759091,0
759092,0
759093,0
759094,0
759095,0
759096,0
759097,0
759098,0
759099,0
759100,0
759101,0
759102,0
759103,0
759104,0
759105,0
759106,0
759107,0
759108,0
759109,0
759110,0
759111,18
759112,0
759113,0
759114,0
759115,0
759116,0
759117,0
759118,0
759119,0
759120,0
759121,0
759122,0
759123,0
759124,0
759125,0
759126,0
759127,0
759128,0
759129,0
759130,0
759131,0
759132,0
759133,0
759134,0
759135,0
759136,0
759137,0
759138,0
759139,0
759140,0
759141,0
759142,0
759143,0
759144,0
759145,0
759146,50
759147,0
759148,14
759149,0
759150,0
759151,0
759152,0
759153,0
759154,0
759155,0
759156,0
759157,0
759158,0
759159,15
759160,0
759161,0
759162,0
759163,0
759164,46
759165,0
759166,0
759167,0
759168,0
759169,0
759170,0
759171,0
759172,0
759173,0
759174,0
759175,0
759176,0
759177,0
759178,0
759179,0
759180,0
759181,0
759182,0
759183,0
759184,0
759185,0
759186,0
759187,0
759188,0
759189,0
759190,0
759191,0
759192,0
759193,0
759194,0
759195,0
759196,0
759197,0
759198,0
759199,0
759200,0
759201,0
759202,0
759203,0
759204,0
759205,0
759206,0
759207,0
759208,0
759209,0
759210,0
759211,0
759212,0
759213,0
759214,0
759215,0
759216,0
759217,0
759218,0
759219,0
759220,0
759221,0
759222,0
759223,0
759224,0
759225,0
759226,0
759227,0
759228,0
759229,0
759230,0
759231,0
759232,0
759233,0
759234,0
759235,0
759236,0
759237,0
759238,0
759239,0
759240,0
759241,0
759242,0
759243,0
759244,0
759245,0
759246,0
759247,0
759248,0
759249,0
759250,0
759251,0
759252,29
759253,0
759254,0
759255,0
759256,0
759257,0
759258,0
759259,0
759260,0
759261,0
759262,48
759263,0
759264,0
759265,0
759266,0
759267,0
759268,0
759269,39
759270,0
759271,0
759272,0
759273,0
759274,0
759275,0
759276,0
759277,0
759278,0
759279,0
759280,0
759281,0
759282,0
759283,0
759284,0
759285,0
759286,0
759287,0
759288,0
759289,0
759290,0
759291,0
759292,0
759293,0
759294,0
759295,0
759296,0
759297,0
759298,0
759299,0
759300,0
759301,0
759302,0
759303,0
759304,0
759305,0
759306,0
759307,0
759308,0
759309,0
759310,0
759311,0
759312,0
759313,0
759314,0
759315,0
759316,18
759317,0
759318,0
759319,0
759320,0
759321,0
759322,0
759323,0
759324,0
759325,46
759326,0
759327,0
759328,0
759329,0
759330,0
759331,0
759332,0
759333,0
759334,0
759335,0
759336,0
759337,0
759338,0
759339,0
759340,0
759341,0
759342,0
759343,0
759344,0
759345,0
759346,32
759347,0
759348,0
759349,0
759350,0
759351,0
759352,0
759353,0
759354,0
759355,60
759356,0
759357,0
759358,0
759359,0
759360,0
759361,0
759362,0
759363,0
759364,0
759365,0
759366,0
759367,0
759368,0
759369,29
759370,0
759371,0
759372,0
759373,0
759374,32
759375,0
759376,0
759377,0
759378,61
759379,0
759380,0
759381,0
759382,0
759383,0
759384,0
759385,0
759386,0
759387,0
759388,0
759389,0
759390,0
759391,0
759392,0
759393,0
759394,0
759395,0
759396,0
759397,0
759398,0
759399,0
759400,0
759401,0
759402,0
759403,0
759404,0
759405,0
759406,0
759407,28
759408,0
759409,0
759410,0
759411,0
759412,0
759413,0
759414,0
759415,0
759416,0
759417,0
759418,0
759419,18
759420,0
759421,0
759422,0
759423,0
759424,0
759425,0
759426,0
759427,0
759428,42
759429,0
759430,0
759431,0
759432,0
759433,0
759434,0
759435,0
759436,0
759437,27
759438,0
759439,0
759440,0
759441,0
759442,0
759443,0
759444,0
759445,0
759446,0
759447,0
759448,0
759449,0
759450,0
759451,0
759452,0
759453,0
759454,0
759455,0
759456,0
759457,0
759458,0
759459,0
759460,0
759461,0
759462,0
759463,0
759464,0
759465,0
759466,0
759467,0
759468,0
759469,0
759470,0
759471,0
759472,0
759473,0
759474,0
759475,28
759476,0
759477,0
759478,0
759479,0
759480,0
759481,0
759482,0
759483,31
759484,0
759485,0
759486,0
759487,22
759488,0
759489,31
759490,0
759491,0
759492,0
759493,0
759494,0
759495,0
759496,0
759497,0
759498,0
759499,0
759500,0
759501,0
759502,0
759503,0
759504,0
759505,0
759506,0
759507,0
759508,0
759509,0
759510,0
759511,0
759512,0
759513,0
759514,0
759515,0
759516,35
759517,0
759518,0
759519,0
759520,0
759521,24
759522,0
759523,0
759524,0
759525,0
759526,0
759527,0
759528,0
759529,0
759530,0
759531,0
759532,0
759533,0
759534,0
759535,0
759536,0
759537,0
759538,0
759539,0
759540,0
759541,0
759542,0
759543,0
759544,0
759545,0
759546,0
759547,43
759548,0
759549,0
759550,0
759551,31
759552,0
759553,0
759554,0
759555,0
759556,0
759557,0
759558,0
759559,0
759560,0
759561,0
759562,0
759563,36
759564,38
759565,0
759566,0
759567,0
759568,0
759569,0
759570,0
759571,0
759572,41
759573,0
759574,0
759575,0
759576,34
759577,0
759578,0
759579,0
759580,0
759581,0
759582,0
759583,0
759584,0
759585,0
759586,0
759587,0
759588,0
759589,0
759590,0
759591,0
759592,0
759593,0
759594,0
759595,0
759596,0
759597,0
759598,0
759599,0
759600,0
759601,0
759602,0
759603,0
759604,0
759605,0
759606,0
759607,0
759608,0
759609,0
759610,0
759611,0
759612,0
759613,0
759614,0
759615,0
759616,0
759617,0
759618,0
759619,0
759620,0
759621,0
759622,0
759623,0
759624,0
759625,0
759626,0
759627,0
759628,0
759629,0
759630,0
759631,0
759632,44
759633,0
759634,0
759635,0
759636,41
759637,26
759638,0
759639,0
759640,0
759641,0
759642,0
759643,25
759644,0
759645,0
759646,0
759647,0
759648,0
759649,0
759650,0
759651,0
759652,36
759653,0
759654,0
759655,0
759656,0
759657,0
759658,33
759659,40
759660,0
759661,0
759662,0
759663,35
759664,0
759665,0
759666,0
759667,0
759668,0
759669,0
759670,49
759671,0
759672,40
759673,0
759674,0
759675,0
759676,0
759677,0
759678,0
759679,0
759680,0
759681,0
759682,0
759683,0
759684,0
759685,0
759686,0
759687,0
759688,0
759689,0
759690,0
759691,0
759692,0
759693,35
759694,21
759695,0
759696,0
759697,36
759698,0
759699,23
759700,0
759701,0
759702,0
759703,29
759704,0
759705,0
759706,0
759707,0
759708,0
759709,0
759710,0
759711,0
759712,0
759713,0
759714,0
759715,0
759716,0
759717,0
759718,0
759719,0
759720,43
759721,0
759722,37
759723,0
759724,0
759725,0
759726,0
759727,0
759728,17
759729,0
759730,0
759731,0
759732,0
759733,0
759734,0
759735,0
759736,0
759737,0
759738,0
759739,45
759740,0
759741,0
759742,0
759743,0
759744,0
759745,0
759746,0
759747,0
759748,0
759749,41
759750,0
759751,0
759752,0
759753,0
759754,0
759755,0
759756,0
759757,0
759758,0
759759,0
759760,0
759761,45
759762,0
759763,0
759764,26
759765,0
759766,0
759767,0
759768,0
759769,28
759770,0
759771,0
759772,33
759773,0
759774,0
759775,34
759776,0
759777,0
759778,0
759779,0
759780,0
759781,0
759782,0
759783,0
759784,0
759785,0
759786,0
759787,0
759788,0
759789,0
759790,0
759791,0
759792,0
759793,0
759794,0
759795,0
759796,41
759797,0
759798,0
759799,28
759800,0
759801,0
759802,0
759803,0
759804,33
759805,0
759806,0
759807,0
759808,0
759809,0
759810,0
759811,0
759812,0
759813,0
759814,0
759815,0
759816,0
759817,44
759818,0
759819,0
759820,0
759821,0
759822,0
759823,0
759824,0
759825,0
759826,0
759827,0
759828,0
759829,0
759830,40
759831,0
759832,0
759833,0
759834,0
759835,0
759836,43
759837,0
759838,0
759839,0
759840,0
759841,0
759842,0
759843,0
759844,0
759845,0
759846,0
759847,0
759848,0
759849,0
759850,0
759851,0
759852,38
759853,0
759854,0
759855,27
759856,0
759857,0
759858,22
759859,0
759860,0
759861,0
759862,0
759863,0
759864,0
759865,0
759866,0
759867,32
759868,0
759869,0
759870,0
759871,0
759872,0
759873,0
759874,33
759875,39
759876,0
759877,50
759878,0
759879,0
759880,0
759881,0
759882,0
759883,0
759884,34
759885,47
759886,0
759887,0
759888,0
759889,0
759890,0
759891,0
759892,0
759893,0
759894,0
759895,42
759896,0
759897,0
759898,0
759899,0
759900,0
759901,0
759902,0
759903,0
759904,0
759905,0
759906,0
759907,0
759908,0
759909,0
759910,0
759911,0
759912,0
759913,0
759914,0
759915,30
759916,0
759917,0
759918,0
759919,0
759920,0
759921,0
759922,0
759923,0
759924,0
759925,0
759926,34
759927,0
759928,0
759929,0
759930,0
759931,0
759932,0
759933,0
759934,0
759935,0
759936,0
759937,0
759938,0
759939,0
759940,37
759941,33
759942,41
759943,0
759944,0
759945,36
759946,0
759947,0
759948,0
759949,0
759950,0
759951,0
759952,0
759953,0
759954,32
759955,0
759956,0
759957,36
759958,0
759959,0
759960,0
759961,0
759962,0
759963,0
759964,0
759965,0
759966,26
759967,38
759968,0
759969,27
759970,0
759971,0
759972,0
759973,0
759974,0
759975,38
759976,0
759977,44
759978,31
759979,0
759980,40
759981,0
759982,0
759983,0
759984,0
759985,0
759986,0
759987,0
759988,0
759989,0
759990,0
759991,0
759992,0
759993,0
759994,0
759995,0
759996,0
759997,0
759998,0
759999,0
760000,0
760001,0
760002,0
760003,0
760004,0
760005,0
760006,0
760007,0
760008,32
760009,0
760010,0
760011,0
760012,0
760013,40
760014,0
760015,0
760016,0
760017,35
760018,0
760019,34
760020,0
760021,35
760022,0
760023,0
760024,0
760025,0
760026,0
760027,44
760028,0
760029,0
760030,0
760031,0
760032,0
760033,0
760034,0
760035,0
760036,0
760037,0
760038,0
760039,0
760040,0
760041,41
760042,0
760043,0
760044,0
760045,0
760046,32
760047,0
760048,0
760049,0
760050,0
760051,36
760052,0
760053,0
760054,41
760055,0
760056,0
760057,0
760058,0
760059,0
760060,0
760061,0
760062,0
760063,0
760064,0
760065,0
760066,0
760067,0
760068,0
760069,0
760070,0
760071,0
760072,0
760073,0
760074,0
760075,0
760076,0
760077,0
760078,0
760079,0
760080,0
760081,0
760082,0
760083,0
760084,0
760085,0
760086,0
760087,0
760088,2
760089,0
760090,0
760091,0
760092,0
760093,0
760094,0
760095,0
760096,0
760097,0
760098,0
760099,0
760100,0
760101,0
760102,0
760103,0
760104,0
760105,0
760106,0
760107,0
760108,0
760109,0
760110,0
760111,0
760112,0
760113,0
760114,0
760115,0
760116,0
760117,0
760118,0
760119,0
760120,0
760121,0
760122,0
760123,0
760124,0
760125,0
760126,0
760127,0
760128,0
760129,0
760130,0
760131,0
760132,0
760133,0
760134,0
760135,0
760136,0
760137,0
760138,0
760139,0
760140,0
760141,0
760142,0
760143,0
760144,0
760145,0
760146,0
760147,0
760148,0
760149,0
760150,0
760151,0
760152,0
760153,1
760154,0
760155,0
760156,0
760157,0
760158,4
760159,0
760160,0
760161,2
760162,0
760163,0
760164,0
760165,0
760166,0
760167,0
760168,0
760169,0
760170,0
760171,0
760172,0
760173,0
760174,0
760175,0
760176,0
760177,1
760178,3
760179,0
760180,0
760181,0
760182,0
760183,0
760184,0
760185,0
760186,0
760187,0
760188,0
760189,0
760190,0
760191,0
760192,0
760193,0
760194,0
760195,0
760196,0
760197,0
760198,0
760199,0
760200,0
760201,0
760202,0
760203,0
760204,0
760205,0
760206,0
760207,0
760208,1
760209,0
760210,0
760211,0
760212,0
760213,0
760214,0
760215,0
760216,0
760217,0
760218,0
760219,0
760220,0
760221,0
760222,0
760223,0
760224,0
760225,0
760226,0
760227,0
760228,0
760229,0
760230,0
760231,0
760232,0
760233,0
760234,0
760235,0
760236,0
760237,0
760238,0
760239,0
760240,0
760241,0
760242,0
760243,0
760244,0
760245,0
760246,0
760247,0
760248,0
760249,0
760250,0
760251,0
760252,0
760253,0
760254,0
760255,0
760256,0
760257,0
760258,0
760259,3
760260,0
760261,0
760262,0
760263,0
760264,0
760265,0
760266,0
760267,0
760268,0
760269,0
760270,0
760271,1
760272,0
760273,0
760274,0
760275,0
760276,0
760277,0
760278,0
760279,0
760280,0
760281,0
760282,0
760283,0
760284,0
760285,0
760286,0
760287,0
760288,0
760289,0
760290,0
760291,0
760292,0
760293,0
760294,0
760295,0
760296,0
760297,0
760298,0
760299,0
760300,0
760301,0
760302,0
760303,0
760304,0
760305,0
760306,0
760307,0
760308,0
760309,0
760310,0
760311,0
760312,1
760313,0
760314,0
760315,0
760316,0
760317,0
760318,0
760319,0
760320,0
760321,0
760322,0
760323,0
760324,0
760325,1
760326,0
760327,0
760328,0
760329,0
760330,0
760331,0
760332,0
760333,0
760334,0
760335,0
760336,0
760337,0
760338,0
760339,0
760340,0
760341,0
760342,0
760343,0
760344,0
760345,0
760346,0
760347,0
760348,0
760349,0
760350,0
760351,0
760352,0
760353,0
760354,0
760355,0
760356,0
760357,0
760358,0
760359,0
760360,0
760361,0
760362,0
760363,0
760364,0
760365,0
760366,0
760367,0
760368,0
760369,0
760370,0
760371,0
760372,0
760373,0
760374,0
760375,0
760376,0
760377,0
760378,0
760379,0
760380,0
760381,0
760382,0
760383,0
760384,0
760385,1
760386,0
760387,0
760388,0
760389,0
760390,0
760391,0
760392,1
760393,0
760394,2
760395,0
760396,0
760397,0
760398,0
760399,0
760400,0
760401,0
760402,0
760403,0
760404,0
760405,0
760406,0
760407,0
760408,0
760409,0
760410,0
760411,0
760412,0
760413,0
760414,0
760415,0
760416,0
760417,0
760418,0
760419,0
760420,0
760421,0
760422,0
760423,0
760424,0
760425,0
760426,0
760427,0
760428,0
760429,0
760430,0
760431,0
760432,0
760433,0
760434,0
760435,0
760436,0
760437,0
760438,0
760439,0
760440,0
760441,0
760442,0
760443,0
760444,0
760445,0
760446,0
760447,0
760448,0
760449,0
760450,0
760451,0
760452,0
760453,0
760454,0
760455,0
760456,0
760457,0
760458,0
760459,0
760460,0
760461,0
760462,0
760463,0
760464,0
760465,0
760466,0
760467,0
760468,0
760469,0
760470,0
760471,0
760472,0
760473,0
760474,0
760475,0
760476,0
760477,0
760478,0
760479,0
760480,0
760481,0
760482,0
760483,0
760484,0
760485,0
760486,0
760487,0
760488,0
760489,0
760490,0
760491,0
760492,0
760493,0
760494,0
760495,0
760496,0
760497,0
760498,0
760499,0
760500,0
760501,1
760502,0
760503,0
760504,0
760505,0
760506,0
760507,0
760508,0
760509,0
760510,0
760511,0
760512,0
760513,1
760514,0
760515,0
760516,0
760517,0
760518,0
760519,0
760520,0
760521,0
760522,0
760523,0
760524,0
760525,0
760526,0
760527,0
760528,0
760529,0
760530,0
760531,0
760532,0
760533,0
760534,0
760535,0
760536,0
760537,0
760538,0
760539,0
760540,0
760541,0
760542,0
760543,0
760544,0
760545,0
760546,0
760547,1
760548,0
760549,0
760550,0
760551,0
760552,0
760553,0
760554,0
760555,0
760556,0
760557,0
760558,0
760559,0
760560,0
760561,0
760562,0
760563,0
760564,1
760565,0
760566,0
760567,0
760568,0
760569,0
760570,0
760571,0
760572,0
760573,0
760574,0
760575,0
760576,0
760577,0
760578,0
760579,0
760580,2
760581,0
760582,0
760583,0
760584,0
760585,0
760586,0
760587,0
760588,0
760589,0
760590,0
760591,2
760592,0
760593,0
760594,0
760595,0
760596,0
760597,0
760598,0
760599,0
760600,0
760601,0
760602,0
760603,1
760604,0
760605,0
760606,0
760607,0
760608,0
760609,0
760610,0
760611,0
760612,0
760613,0
760614,0
760615,0
760616,0
760617,0
760618,0
760619,0
760620,0
760621,0
760622,0
760623,0
760624,0
760625,0
760626,0
760627,0
760628,0
760629,0
760630,0
760631,0
760632,0
760633,0
760634,0
760635,0
760636,0
760637,0
760638,0
760639,0
760640,0
760641,0
760642,0
760643,0
760644,0
760645,0
760646,0
760647,0
760648,0
760649,0
760650,0
760651,0
760652,0
760653,0
760654,0
760655,0
760656,0
760657,0
760658,0
760659,0
760660,0
760661,0
760662,0
760663,0
760664,0
760665,0
760666,0
760667,0
760668,0
760669,0
760670,0
760671,0
760672,0
760673,0
760674,0
760675,0
760676,0
760677,0
760678,0
760679,0
760680,0
760681,0
760682,0
760683,0
760684,0
760685,0
760686,0
760687,0
760688,1
760689,0
760690,2
760691,0
760692,0
760693,0
760694,0
760695,0
760696,0
760697,0
760698,1
760699,0
760700,0
760701,0
760702,0
760703,0
760704,0
760705,0
760706,0
760707,0
760708,0
760709,0
760710,0
760711,0
760712,0
760713,0
760714,0
760715,0
760716,0
760717,0
760718,0
760719,0
760720,0
760721,0
760722,0
760723,0
760724,0
760725,0
760726,0
760727,0
760728,0
760729,0
760730,0
760731,0
760732,0
760733,0
760734,0
760735,0
760736,0
760737,32
760738,0
760739,0
760740,0
760741,0
760742,0
760743,0
760744,0
760745,0
760746,0
760747,0
760748,0
760749,0
760750,0
760751,0
760752,0
760753,0
760754,0
760755,0
760756,0
760757,0
760758,0
760759,0
760760,0
760761,0
760762,0
760763,0
760764,0
760765,0
760766,0
760767,0
760768,0
760769,0
760770,0
760771,0
760772,0
760773,0
760774,0
760775,0
760776,0
760777,0
760778,0
760779,0
760780,34
760781,39
760782,40
760783,0
760784,0
760785,0
760786,0
760787,0
760788,0
760789,37
760790,0
760791,0
760792,40
760793,0
760794,33
760795,32
760796,0
760797,0
760798,31
760799,0
760800,29
760801,36
760802,0
760803,0
760804,0
760805,0
760806,0
760807,0
760808,0
760809,0
760810,0
760811,0
760812,32
760813,27
760814,0
760815,0
760816,0
760817,0
760818,0
760819,0
760820,41
760821,0
760822,34
760823,0
760824,0
760825,25
760826,31
760827,0
760828,41
760829,0
760830,0
760831,0
760832,0
760833,42
760834,0
760835,0
760836,29
760837,30
760838,0
760839,0
760840,0
760841,0
760842,0
760843,0
760844,35
760845,0
760846,0
760847,32
760848,0
760849,34
760850,29
760851,0
760852,39
760853,0
760854,38
760855,0
760856,0
760857,0
760858,29
760859,0
760860,0
760861,31
760862,0
760863,0
760864,0
760865,35
760866,44
760867,30
760868,0
760869,0
760870,37
760871,0
760872,0
760873,0
760874,47
760875,0
760876,34
760877,61
760878,29
760879,0
760880,34
760881,0
760882,0
760883,0
760884,0
760885,0
760886,48
760887,43
760888,0
760889,0
760890,38
760891,0
760892,33
760893,0
760894,26
760895,0
760896,0
760897,0
760898,0
760899,0
760900,0
760901,26
760902,0
760903,0
760904,0
760905,0
760906,31
760907,38
760908,0
760909,37
760910,0
760911,0
760912,36
760913,40
760914,0
760915,0
760916,48
760917,0
760918,42
760919,0
760920,44
760921,0
760922,39
760923,0
760924,42
760925,0
760926,32
760927,0
760928,0
760929,0
760930,0
760931,0
760932,31
760933,0
760934,0
760935,0
760936,0
760937,43
760938,44
760939,0
760940,33
760941,0
760942,43
760943,39
760944,0
760945,0
760946,0
760947,0
760948,0
760949,33
760950,0
760951,0
760952,0
760953,0
760954,53
760955,42
760956,0
760957,0
760958,0
760959,0
760960,0
760961,48
760962,0
760963,29
760964,0
760965,0
760966,27
760967,0
760968,0
760969,18
760970,0
760971,0
760972,0
760973,0
760974,0
760975,0
760976,34
760977,44
760978,0
760979,0
760980,0
760981,0
760982,0
760983,37
760984,0
760985,40
760986,0
760987,0
760988,0
760989,0
760990,0
760991,0
760992,0
760993,44
760994,0
760995,0
760996,24
760997,0
760998,40
760999,0
761000,0
761001,0
761002,0
761003,0
761004,39
761005,0
761006,0
761007,22
761008,0
761009,0
761010,0
761011,0
761012,46
761013,28
761014,20
761015,0
761016,0
761017,0
761018,0
761019,0
761020,30
761021,36
761022,37
761023,0
761024,0
761025,45
761026,0
761027,0
761028,0
761029,0
761030,0
761031,0
761032,0
761033,0
761034,30
761035,0
761036,0
761037,23
761038,0
761039,0
761040,0
761041,0
761042,49
761043,0
761044,32
761045,0
761046,0
761047,0
761048,32
761049,0
761050,0
761051,0
761052,0
761053,0
761054,0
761055,41
761056,0
761057,0
761058,23
761059,0
761060,0
761061,0
761062,0
761063,0
761064,0
761065,0
761066,0
761067,0
761068,40
761069,0
761070,0
761071,0
761072,0
761073,0
761074,47
761075,0
761076,0
761077,0
761078,0
761079,0
761080,0
761081,0
761082,49
761083,0
761084,36
761085,0
761086,0
761087,33
761088,0
761089,0
761090,39
761091,0
761092,0
761093,0
761094,0
761095,0
761096,34
761097,0
761098,29
761099,0
761100,0
761101,0
761102,0
761103,0
761104,0
761105,0
761106,0
761107,0
761108,0
761109,42
761110,0
761111,0
761112,0
761113,0
761114,0
761115,39
761116,0
761117,0
761118,0
761119,0
761120,0
761121,35
761122,0
761123,21
761124,0
761125,0
761126,0
761127,0
761128,28
761129,0
761130,0
761131,0
761132,0
761133,0
761134,0
761135,38
761136,0
761137,0
761138,41
761139,0
761140,0
761141,0
761142,0
761143,0
761144,0
761145,0
761146,0
761147,0
761148,0
761149,13
761150,23
761151,21
761152,0
761153,0
761154,0
761155,0
761156,0
761157,0
761158,0
761159,0
761160,0
761161,18
761162,0
761163,0
761164,0
761165,0
761166,0
761167,7
761168,0
761169,0
761170,0
761171,0
761172,0
761173,0
761174,0
761175,0
761176,0
761177,17
761178,10
761179,0
761180,0
761181,0
761182,23
761183,14
761184,0
761185,0
761186,0
761187,0
761188,0
761189,0
761190,28
761191,10
761192,0
761193,0
761194,19
761195,0
761196,0
761197,0
761198,19
761199,0
761200,0
761201,20
761202,0
761203,0
761204,0
761205,0
761206,0
761207,0
761208,11
761209,0
761210,0
761211,0
761212,21
761213,0
761214,0
761215,23
761216,0
761217,0
761218,0
761219,17
761220,19
761221,0
761222,0
761223,8
761224,0
761225,0
761226,0
761227,0
761228,25
761229,28
761230,26
761231,0
761232,17
761233,0
761234,0
761235,0
761236,14
761237,0
761238,0
761239,0
761240,18
761241,8
761242,12
761243,0
761244,35
761245,14
761246,0
761247,0
761248,0
761249,0
761250,0
761251,0
761252,0
761253,25
761254,0
761255,0
761256,0
761257,0
761258,0
761259,0
761260,0
761261,0
761262,0
761263,5
761264,0
761265,41
761266,0
761267,0
761268,0
761269,31
761270,0
761271,15
761272,0
761273,0
761274,0
761275,0
761276,0
761277,14
761278,0
761279,0
761280,0
761281,17
761282,22
761283,7
761284,0
761285,0
761286,0
761287,0
761288,0
761289,0
761290,0
761291,0
761292,8
761293,0
761294,0
761295,0
761296,18
761297,17
761298,0
761299,8
761300,0
761301,0
761302,6
761303,0
761304,0
761305,15
761306,0
761307,14
761308,0
761309,0
761310,0
761311,0
761312,28
761313,20
761314,8
761315,0
761316,0
761317,19
761318,0
761319,0
761320,14
761321,0
761322,0
761323,0
761324,0
761325,0
761326,0
761327,0
761328,0
761329,0
761330,0
761331,0
761332,25
761333,0
761334,0
761335,0
761336,24
761337,10
761338,0
761339,18
761340,29
761341,0
761342,12
761343,0
761344,19
761345,11
761346,0
761347,0
761348,0
761349,0
761350,0
761351,0
761352,30
761353,0
761354,0
761355,0
761356,12
761357,0
761358,0
761359,0
761360,0
761361,0
761362,0
761363,0
761364,0
761365,0
761366,0
761367,0
761368,0
761369,0
761370,35
761371,0
761372,0
761373,0
761374,17
761375,0
761376,0
761377,0
761378,0
761379,0
761380,0
761381,13
761382,24
761383,0
761384,0
761385,19
761386,0
761387,0
761388,0
761389,3
761390,0
761391,8
761392,0
761393,8
761394,0
761395,0
761396,16
761397,0
761398,0
761399,0
761400,0
761401,0
761402,16
761403,20
761404,0
761405,0
761406,0
761407,0
761408,0
761409,0
761410,0
761411,0
761412,0
761413,0
761414,0
761415,0
761416,0
761417,7
761418,0
761419,0
761420,21
761421,11
761422,0
761423,9
761424,5
761425,0
761426,0
761427,0
761428,0
761429,0
761430,0
761431,13
761432,24
761433,0
761434,8
761435,0
761436,0
761437,0
761438,0
761439,0
761440,0
761441,0
761442,0
761443,24
761444,0
761445,0
761446,0
761447,0
761448,0
761449,0
761450,0
761451,13
761452,21
761453,16
761454,0
761455,0
761456,23
761457,16
761458,0
761459,10
761460,13
761461,0
761462,0
761463,14
761464,0
761465,0
761466,0
761467,3
761468,0
761469,0
761470,11
761471,0
761472,0
761473,0
761474,0
761475,0
761476,22
761477,0
761478,0
761479,0
761480,0
761481,0
761482,0
761483,22
761484,0
761485,0
761486,0
761487,0
761488,0
761489,0
761490,11
761491,0
761492,0
761493,0
761494,0
761495,0
761496,0
761497,0
761498,0
761499,0
761500,0
761501,0
761502,0
761503,0
761504,0
761505,0
761506,0
761507,0
761508,0
761509,0
761510,0
761511,0
761512,0
761513,0
761514,0
761515,0
761516,0
761517,0
761518,0
761519,0
761520,0
761521,12
761522,20
761523,0
761524,0
761525,18
761526,0
761527,0
761528,0
761529,15
761530,0
761531,0
761532,0
761533,14
761534,0
761535,11
761536,0
761537,19
761538,0
761539,20
761540,14
761541,29
761542,8
761543,0
761544,0
761545,34
761546,13
761547,0
761548,0
761549,0
761550,37
761551,0
761552,0
761553,20
761554,0
761555,16
761556,0
761557,0
761558,0
761559,0
761560,18
761561,0
761562,0
761563,0
761564,20
761565,0
761566,0
761567,0
761568,0
761569,0
761570,0
761571,27
761572,11
761573,18
761574,0
761575,0
761576,0
761577,0
761578,10
761579,0
761580,0
761581,0
761582,0
761583,0
761584,0
761585,0
761586,0
761587,0
761588,18
761589,0
761590,0
761591,14
761592,0
761593,12
761594,0
761595,0
761596,0
761597,0
761598,0
761599,0
761600,12
761601,0
761602,0
761603,0
761604,22
761605,20
761606,0
761607,0
761608,17
761609,0
761610,0
761611,0
761612,0
761613,36
761614,11
761615,0
761616,11
761617,10
761618,9
761619,15
761620,0
761621,0
761622,0
761623,13
761624,0
761625,0
761626,0
761627,17
761628,0
761629,0
761630,0
761631,0
761632,0
761633,0
761634,0
761635,0
761636,7
761637,15
761638,0
761639,0
761640,0
761641,11
761642,0
761643,26
761644,0
761645,7
761646,0
761647,0
761648,16
761649,0
761650,0
761651,16
761652,0
761653,13
761654,0
761655,0
761656,0
761657,10
761658,0
761659,0
761660,15
761661,0
761662,0
761663,4
761664,0
761665,0
761666,20
761667,10
761668,0
761669,0
761670,14
761671,0
761672,0
761673,5
761674,0
761675,6
761676,0
761677,16
761678,0
761679,0
761680,0
761681,19
761682,0
761683,0
761684,0
761685,0
761686,12
761687,0
761688,22
761689,25
761690,0
761691,18
761692,0
761693,0
761694,0
761695,0
761696,0
761697,26
761698,11
761699,0
761700,0
761701,0
761702,0
761703,0
761704,0
761705,10
761706,15
761707,0
761708,0
761709,37
761710,0
761711,0
761712,0
761713,0
761714,0
761715,0
761716,0
761717,0
761718,0
761719,19
761720,0
761721,12
761722,20
761723,30
761724,25
761725,0
761726,0
761727,25
761728,14
761729,13
761730,0
761731,0
761732,0
761733,0
761734,0
761735,0
761736,0
761737,0
761738,0
761739,18
761740,0
761741,0
761742,0
761743,0
761744,0
761745,0
761746,0
761747,0
761748,0
761749,16
761750,0
761751,0
761752,0
761753,0
761754,0
761755,0
761756,0
761757,0
761758,0
761759,0
761760,0
761761,0
761762,18
761763,0
761764,0
761765,0
761766,0
761767,0
761768,0
761769,0
761770,0
761771,35
761772,0
761773,0
761774,0
761775,35
761776,0
761777,0
761778,0
761779,0
761780,0
761781,0
761782,0
761783,21
761784,0
761785,0
761786,0
761787,0
761788,0
761789,0
761790,0
761791,0
761792,0
761793,0
761794,0
761795,0
761796,0
761797,30
761798,29
761799,0
761800,20
761801,0
761802,0
761803,0
761804,0
761805,27
761806,0
761807,0
761808,0
761809,0
761810,0
761811,0
761812,0
761813,32
761814,0
761815,0
761816,33
761817,0
761818,0
761819,0
761820,0
761821,0
761822,0
761823,0
761824,0
761825,0
761826,0
761827,30
761828,0
761829,0
761830,0
761831,0
761832,0
761833,0
761834,0
761835,0
761836,20
761837,0
761838,0
761839,0
761840,0
761841,0
761842,0
761843,0
761844,0
761845,0
761846,0
761847,0
761848,0
761849,0
761850,0
761851,20
761852,23
761853,0
761854,0
761855,0
761856,0
761857,0
761858,0
761859,0
761860,0
761861,0
761862,0
761863,0
761864,0
761865,0
761866,0
761867,27
761868,0
761869,0
761870,0
761871,0
761872,0
761873,0
761874,21
761875,0
761876,0
761877,0
761878,0
761879,0
761880,0
761881,17
761882,0
761883,0
761884,0
761885,0
761886,0
761887,0
761888,0
761889,0
761890,0
761891,18
761892,0
761893,0
761894,0
761895,25
761896,18
761897,0
761898,0
761899,0
761900,0
761901,0
761902,29
761903,0
761904,25
761905,22
761906,0
761907,0
761908,0
761909,0
761910,0
761911,34
761912,0
761913,0
761914,0
761915,0
761916,0
761917,0
761918,24
761919,0
761920,0
761921,20
761922,0
761923,0
761924,0
761925,0
761926,0
761927,0
761928,0
761929,0
761930,0
761931,0
761932,0
761933,0
761934,0
761935,0
761936,0
761937,0
761938,28
761939,0
761940,0
761941,0
761942,0
761943,0
761944,14
761945,0
761946,0
761947,0
761948,0
761949,0
761950,0
761951,0
761952,29
761953,0
761954,0
761955,0
761956,17
761957,0
761958,0
761959,0
761960,0
761961,0
761962,27
761963,0
761964,0
761965,0
761966,0
761967,0
761968,0
761969,0
761970,0
761971,0
761972,0
761973,0
761974,0
761975,0
761976,0
761977,0
761978,0
761979,33
761980,0
761981,0
761982,0
761983,0
761984,0
761985,0
761986,0
761987,0
761988,0
761989,0
761990,0
761991,0
761992,29
761993,0
761994,0
761995,21
761996,0
761997,0
761998,26
761999,0
762000,26
762001,52
762002,0
762003,0
762004,0
762005,0
762006,0
762007,0
762008,0
762009,0
762010,0
762011,0
762012,0
762013,0
762014,0
762015,19
762016,0
762017,31
762018,23
762019,0
762020,0
762021,0
762022,0
762023,0
762024,0
762025,0
762026,0
762027,0
762028,0
762029,0
762030,0
762031,0
762032,0
762033,0
762034,0
762035,0
762036,0
762037,0
762038,0
762039,0
762040,31
762041,26
762042,0
762043,0
762044,19
762045,0
762046,0
762047,0
762048,0
762049,0
762050,0
762051,0
762052,0
762053,0
762054,0
762055,17
762056,28
762057,0
762058,0
762059,0
762060,0
762061,0
762062,0
762063,14
762064,0
762065,0
762066,0
762067,0
762068,0
762069,0
762070,0
762071,0
762072,0
762073,0
762074,0
762075,0
762076,0
762077,21
762078,0
762079,0
762080,0
762081,0
762082,0
762083,0
762084,0
762085,32
762086,0
762087,0
762088,0
762089,0
762090,0
762091,0
762092,0
762093,0
762094,0
762095,0
762096,0
762097,0
762098,0
762099,0
762100,0
762101,0
762102,0
762103,0
762104,0
762105,0
762106,0
762107,0
762108,0
762109,0
762110,0
762111,26
762112,0
762113,0
762114,0
762115,0
762116,0
762117,0
762118,0
762119,0
762120,0
762121,0
762122,0
762123,0
762124,0
762125,0
762126,0
762127,0
762128,0
762129,0
762130,0
762131,14
762132,0
762133,0
762134,0
762135,0
762136,0
762137,0
762138,0
762139,0
762140,0
762141,0
762142,0
762143,0
762144,0
762145,24
762146,0
762147,0
762148,0
762149,0
762150,0
762151,0
762152,28
762153,0
762154,0
762155,0
762156,0
762157,0
762158,0
762159,0
762160,0
762161,0
762162,0
762163,0
762164,19
762165,0
762166,28
762167,19
762168,0
762169,0
762170,0
762171,0
762172,0
762173,0
762174,0
762175,0
762176,0
762177,0
762178,0
762179,16
762180,0
762181,0
762182,0
762183,0
762184,0
762185,0
762186,0
762187,0
762188,0
762189,0
762190,0
762191,32
762192,0
762193,23
762194,0
762195,0
762196,0
762197,0
762198,0
762199,0
762200,0
762201,0
762202,0
762203,0
762204,0
762205,0
762206,0
762207,0
762208,0
762209,0
762210,0
762211,0
762212,0
762213,37
762214,0
762215,0
762216,0
762217,0
762218,0
762219,0
762220,30
762221,0
762222,0
762223,0
762224,0
762225,0
762226,0
762227,0
762228,0
762229,0
762230,35
762231,0
762232,0
762233,0
762234,0
762235,0
762236,0
762237,0
762238,0
762239,0
762240,0
762241,0
762242,0
762243,3
762244,0
762245,0
762246,0
762247,0
762248,0
762249,0
762250,0
762251,1
762252,0
762253,0
762254,2
762255,0
762256,0
762257,4
762258,4
762259,0
762260,8
762261,0
762262,0
762263,0
762264,0
762265,6
762266,0
762267,0
762268,1
762269,3
762270,3
762271,0
762272,0
762273,0
762274,0
762275,0
762276,0
762277,7
762278,0
762279,0
762280,3
762281,0
762282,0
762283,5
762284,2
762285,0
762286,0
762287,0
762288,0
762289,0
762290,0
762291,4
762292,0
762293,0
762294,0
762295,0
762296,0
762297,0
762298,0
762299,0
762300,0
762301,0
762302,0
762303,0
762304,0
762305,0
762306,0
762307,0
762308,0
762309,0
762310,0
762311,0
762312,3
762313,3
762314,0
762315,0
762316,6
762317,6
762318,0
762319,5
762320,0
762321,0
762322,0
762323,0
762324,0
762325,0
762326,0
762327,3
762328,0
762329,0
762330,0
762331,0
762332,0
762333,0
762334,5
762335,0
762336,0
762337,4
762338,0
762339,0
762340,7
762341,0
762342,0
762343,0
762344,0
762345,0
762346,0
762347,0
762348,0
762349,0
762350,0
762351,0
762352,0
762353,0
762354,0
762355,0
762356,0
762357,0
762358,0
762359,0
762360,0
762361,2
762362,0
762363,0
762364,0
762365,0
762366,3
762367,0
762368,0
762369,0
762370,2
762371,0
762372,2
762373,0
762374,7
762375,0
762376,0
762377,0
762378,0
762379,0
762380,0
762381,3
762382,0
762383,0
762384,0
762385,0
762386,3
762387,0
762388,0
762389,0
762390,3
762391,0
762392,0
762393,0
762394,0
762395,4
762396,0
762397,0
762398,0
762399,0
762400,0
762401,0
762402,0
762403,0
762404,0
762405,0
762406,0
762407,0
762408,1
762409,0
762410,0
762411,0
762412,0
762413,0
762414,0
762415,0
762416,0
762417,0
762418,0
762419,0
762420,0
762421,0
762422,0
762423,0
762424,0
762425,3
762426,0
762427,0
762428,0
762429,4
762430,0
762431,0
762432,0
762433,0
762434,3
762435,3
762436,0
762437,0
762438,0
762439,0
762440,0
762441,0
762442,6
762443,0
762444,0
762445,0
762446,0
762447,4
762448,0
762449,0
762450,0
762451,0
762452,0
762453,0
762454,0
762455,0
762456,0
762457,0
762458,0
762459,0
762460,0
762461,5
762462,0
762463,0
762464,0
762465,3
762466,0
762467,0
762468,0
762469,6
762470,0
762471,6
762472,0
762473,0
762474,2
762475,0
762476,0
762477,0
762478,0
762479,9
762480,0
762481,0
762482,0
762483,0
762484,0
762485,0
762486,0
762487,0
762488,4
762489,0
762490,0
762491,0
762492,0
762493,0
762494,0
762495,2
762496,0
762497,5
762498,4
762499,0
762500,0
762501,0
762502,0
762503,0
762504,0
762505,0
762506,2
762507,0
762508,4
762509,0
762510,0
762511,0
762512,5
762513,0
762514,0
762515,0
762516,0
762517,0
762518,3
762519,0
762520,0
762521,0
762522,0
762523,6
762524,0
762525,0
762526,0
762527,0
762528,4
762529,0
762530,0
762531,0
762532,6
762533,0
762534,0
762535,0
762536,0
762537,0
762538,0
762539,1
762540,3
762541,2
762542,0
762543,0
762544,0
762545,0
762546,0
762547,0
762548,0
762549,0
762550,0
762551,2
762552,4
762553,0
762554,5
762555,0
762556,0
762557,0
762558,0
762559,0
762560,0
762561,0
762562,0
762563,0
762564,0
762565,0
762566,3
762567,0
762568,0
762569,0
762570,0
762571,0
762572,0
762573,0
762574,0
762575,0
762576,0
762577,0
762578,0
762579,0
762580,0
762581,0
762582,0
762583,0
762584,5
762585,0
762586,0
762587,0
762588,0
762589,0
762590,0
762591,2
762592,0
762593,0
762594,0
762595,0
762596,0
762597,0
762598,0
762599,0
762600,0
762601,4
762602,0
762603,0
762604,0
762605,0
762606,0
762607,0
762608,0
762609,0
762610,1
762611,0
762612,0
762613,0
762614,0
762615,0
762616,0
762617,2
762618,3
762619,0
762620,0
762621,0
762622,0
762623,0
762624,0
762625,0
762626,0
762627,0
762628,0
762629,0
762630,0
762631,0
762632,0
762633,2
762634,0
762635,0
762636,0
762637,0
762638,0
762639,0
762640,4
762641,0
762642,0
762643,0
762644,0
762645,7
762646,0
762647,0
762648,3
762649,0
762650,0
762651,0
762652,0
762653,0
762654,0
762655,0
762656,0
762657,0
762658,0
762659,6
762660,0
762661,0
762662,0
762663,0
762664,0
762665,0
762666,0
762667,0
762668,0
762669,0
762670,0
762671,0
762672,0
762673,0
762674,0
762675,0
762676,0
762677,0
762678,0
762679,0
762680,0
762681,0
762682,0
762683,0
762684,3
762685,0
762686,7
762687,0
762688,0
762689,0
762690,0
762691,0
762692,1
762693,0
762694,0
762695,0
762696,0
762697,0
762698,0
762699,0
762700,0
762701,0
762702,0
762703,0
762704,0
762705,5
762706,3
762707,0
762708,0
762709,0
762710,0
762711,5
762712,0
762713,3
762714,0
762715,0
762716,0
762717,0
762718,0
762719,0
762720,0
762721,0
762722,5
762723,2
762724,2
762725,0
762726,0
762727,0
762728,0
762729,0
762730,0
762731,0
762732,0
762733,0
762734,0
762735,0
762736,0
762737,0
762738,0
762739,0
762740,0
762741,6
762742,0
762743,0
762744,0
762745,0
762746,0
762747,0
762748,0
762749,0
762750,0
762751,2
762752,0
762753,3
762754,0
762755,0
762756,0
762757,0
762758,0
762759,0
762760,2
762761,2
762762,0
762763,9
762764,2
762765,0
762766,0
762767,2
762768,0
762769,0
762770,6
762771,2
762772,0
762773,0
762774,0
762775,0
762776,0
762777,0
762778,0
762779,0
762780,0
762781,0
762782,0
762783,0
762784,0
762785,0
762786,0
762787,0
762788,0
762789,0
762790,0
762791,0
762792,3
762793,0
762794,10
762795,9
762796,0
762797,0
762798,0
762799,0
762800,0
762801,0
762802,0
762803,1
762804,0
762805,7
762806,0
762807,0
762808,0
762809,3
762810,0
762811,0
762812,7
762813,0
762814,0
762815,0
762816,0
762817,5
762818,0
762819,0
762820,0
762821,2
762822,0
762823,0
762824,0
762825,0
762826,0
762827,0
762828,0
762829,6
762830,1
762831,0
762832,7
762833,0
762834,0
762835,2
762836,0
762837,0
762838,0
762839,0
762840,0
762841,0
762842,0
762843,0
762844,0
762845,0
762846,0
762847,0
762848,3
762849,0
762850,0
762851,0
762852,6
762853,0
762854,0
762855,0
762856,0
762857,0
762858,0
762859,0
762860,0
762861,29
762862,0
762863,0
762864,29
762865,0
762866,0
762867,0
762868,0
762869,20
762870,30
762871,0
762872,0
762873,0
762874,0
762875,22
762876,0
762877,0
762878,31
762879,0
762880,0
762881,0
762882,0
762883,0
762884,0
762885,0
762886,0
762887,0
762888,0
762889,0
762890,0
762891,0
762892,37
762893,0
762894,0
762895,33
762896,16
762897,0
762898,0
762899,0
762900,0
762901,21
762902,0
762903,22
762904,0
762905,0
762906,28
762907,0
762908,0
762909,0
762910,0
762911,0
762912,19
762913,19
762914,0
762915,0
762916,0
762917,0
762918,30
762919,0
762920,0
762921,0
762922,27
762923,23
762924,0
762925,24
762926,0
762927,0
762928,0
762929,0
762930,0
762931,24
762932,0
762933,0
762934,0
762935,0
762936,27
762937,0
762938,0
762939,0
762940,0
762941,0
762942,0
762943,37
762944,0
762945,28
762946,24
762947,0
762948,0
762949,0
762950,30
762951,0
762952,0
762953,0
762954,0
762955,0
762956,0
762957,0
762958,0
762959,0
762960,0
762961,0
762962,0
762963,0
762964,0
762965,0
762966,24
762967,26
762968,0
762969,0
762970,0
762971,0
762972,0
762973,27
762974,0
762975,0
762976,26
762977,0
762978,0
762979,0
762980,0
762981,0
762982,0
762983,0
762984,0
762985,0
762986,0
762987,0
762988,0
762989,0
762990,0
762991,30
762992,0
762993,20
762994,28
762995,26
762996,0
762997,0
762998,0
762999,21
763000,0
763001,39
763002,0
763003,0
763004,0
763005,0
763006,25
763007,0
763008,0
763009,0
763010,0
763011,19
763012,0
763013,0
763014,24
763015,21
763016,0
763017,0
763018,0
763019,0
763020,0
763021,0
763022,23
763023,0
763024,32
763025,30
763026,0
763027,0
763028,0
763029,0
763030,31
763031,0
763032,27
763033,0
763034,24
763035,0
763036,25
763037,32
763038,0
763039,0
763040,0
763041,0
763042,0
763043,34
763044,0
763045,40
763046,0
763047,24
763048,0
763049,0
763050,0
763051,33
763052,0
763053,26
763054,0
763055,0
763056,0
763057,0
763058,0
763059,0
763060,22
763061,0
763062,0
763063,39
763064,0
763065,0
763066,0
763067,0
763068,31
763069,0
763070,26
763071,0
763072,0
763073,0
763074,0
763075,0
763076,0
763077,0
763078,0
763079,0
763080,0
763081,35
763082,26
763083,0
763084,0
763085,0
763086,0
763087,18
763088,0
763089,0
763090,0
763091,23
763092,0
763093,27
763094,0
763095,0
763096,0
763097,32
763098,0
763099,0
763100,0
763101,31
763102,0
763103,0
763104,25
763105,27
763106,0
763107,31
763108,0
763109,0
763110,0
763111,0
763112,0
763113,24
763114,0
763115,23
763116,0
763117,0
763118,0
763119,19
763120,0
763121,18
763122,0
763123,0
763124,0
763125,34
763126,0
763127,0
763128,0
763129,32
763130,0
763131,0
763132,0
763133,0
763134,0
763135,0
763136,0
763137,0
763138,0
763139,0
763140,0
763141,0
763142,35
763143,0
763144,0
763145,0
763146,0
763147,0
763148,26
763149,0
763150,0
763151,0
763152,0
763153,38
763154,0
763155,21
763156,0
763157,0
763158,0
763159,31
763160,0
763161,0
763162,0
763163,0
763164,28
763165,0
763166,26
763167,16
763168,28
763169,24
763170,0
763171,0
763172,0
763173,0
763174,36
763175,42
763176,0
763177,0
763178,0
763179,0
763180,0
763181,0
763182,0
763183,0
763184,0
763185,0
763186,0
763187,22
763188,0
763189,0
763190,0
763191,0
763192,0
763193,0
763194,20
763195,0
763196,0
763197,0
763198,0
763199,0
763200,29
763201,0
763202,0
763203,26
763204,0
763205,0
763206,0
763207,0
763208,0
763209,0
763210,31
763211,0
763212,21
763213,0
763214,0
763215,26
763216,35
763217,0
763218,0
763219,0
763220,0
763221,0
763222,0
763223,0
763224,0
763225,0
763226,0
763227,0
763228,0
763229,0
763230,20
763231,0
763232,0
763233,24
763234,0
763235,0
763236,0
763237,17
763238,31
763239,21
763240,0
763241,0
763242,0
763243,0
763244,0
763245,0
763246,0
763247,0
763248,0
763249,0
763250,0
763251,0
763252,0
763253,0
763254,31
763255,0
763256,0
763257,0
763258,0
763259,30
763260,0
763261,31
763262,37
763263,0
763264,0
763265,0
763266,0
763267,0
763268,34
763269,0
763270,28
763271,0
763272,0
763273,0
763274,0
763275,0
763276,0
763277,0
763278,0
763279,25
763280,30
763281,0
763282,0
763283,14
763284,21
763285,24
763286,24
763287,0
763288,0
763289,0
763290,0
763291,0
763292,17
763293,0
763294,0
763295,0
763296,0
763297,0
763298,26
763299,0
763300,0
763301,0
763302,0
763303,0
763304,21
763305,14
763306,0
763307,31
763308,26
763309,25
763310,0
763311,23
763312,0
763313,25
763314,0
763315,0
763316,0
763317,0
763318,0
763319,0
763320,0
763321,0
763322,0
763323,0
763324,30
763325,37
763326,34
763327,0
763328,0
763329,0
763330,0
763331,23
763332,44
763333,33
763334,0
763335,0
763336,0
763337,34
763338,26
763339,29
763340,0
763341,0
763342,0
763343,21
763344,0
763345,0
763346,0
763347,22
763348,0
763349,0
763350,23
763351,0
763352,0
763353,38
763354,0
763355,0
763356,22
763357,0
763358,0
763359,0
763360,0
763361,24
763362,27
763363,0
763364,24
763365,0
763366,0
763367,0
763368,0
763369,44
763370,0
763371,28
763372,0
763373,0
763374,0
763375,0
763376,0
763377,0
763378,0
763379,0
763380,0
763381,0
763382,0
763383,0
763384,32
763385,0
763386,0
763387,31
763388,0
763389,30
763390,27
763391,0
763392,0
763393,0
763394,0
763395,0
763396,0
763397,0
763398,27
763399,0
763400,0
763401,0
763402,0
763403,0
763404,0
763405,26
763406,0
763407,0
763408,0
763409,0
763410,25
763411,0
763412,0
763413,0
763414,24
763415,0
763416,0
763417,0
763418,0
763419,18
763420,0
763421,37
763422,0
763423,0
763424,0
763425,0
763426,0
763427,0
763428,0
763429,0
763430,0
763431,0
763432,0
763433,0
763434,0
763435,0
763436,0
763437,27
763438,0
763439,30
763440,18
763441,0
763442,12
763443,0
763444,0
763445,20
763446,0
763447,0
763448,0
763449,0
763450,0
763451,24
763452,0
763453,0
763454,0
763455,0
763456,0
763457,0
763458,0
763459,0
763460,0
763461,0
763462,0
763463,0
763464,0
763465,25
763466,0
763467,27
763468,29
763469,30
763470,0
763471,0
763472,0
763473,0
763474,0
763475,0
763476,31
763477,34
763478,23
763479,34
763480,0
763481,0
763482,0
763483,0
763484,0
763485,0
763486,0
763487,0
763488,0
763489,0
763490,21
763491,0
763492,44
763493,0
763494,0
763495,0
763496,32
763497,21
763498,0
763499,0
763500,0
763501,0
763502,31
763503,27
763504,0
763505,0
763506,0
763507,25
763508,0
763509,0
763510,27
763511,0
763512,0
763513,0
763514,0
763515,0
763516,0
763517,0
763518,0
763519,38
763520,0
763521,35
763522,0
763523,0
763524,0
763525,0
763526,0
763527,19
763528,0
763529,0
763530,0
763531,0
763532,0
763533,0
763534,0
763535,28
763536,0
763537,33
763538,0
763539,0
763540,39
763541,0
763542,0
763543,0
763544,0
763545,29
763546,0
763547,0
763548,28
763549,0
763550,0
763551,0
763552,0
763553,0
763554,0
763555,0
763556,0
763557,25
763558,0
763559,0
763560,0
763561,0
763562,0
763563,27
763564,24
763565,0
763566,29
763567,0
763568,0
763569,0
763570,0
763571,0
763572,20
763573,27
763574,29
763575,0
763576,38
763577,0
763578,25
763579,24
763580,0
763581,0
763582,0
763583,0
763584,0
763585,0
763586,0
763587,0
763588,0
763589,0
763590,0
763591,37
763592,0
763593,42
763594,0
763595,0
763596,0
763597,0
763598,0
763599,0
763600,0
763601,0
763602,0
763603,19
763604,0
763605,0
763606,0
763607,0
763608,0
763609,0
763610,0
763611,0
763612,0
763613,31
763614,0
763615,0
763616,0
763617,0
763618,0
763619,0
763620,0
763621,0
763622,0
763623,0
763624,0
763625,0
763626,0
763627,0
763628,0
763629,0
763630,0
763631,0
763632,0
763633,0
763634,0
763635,0
763636,0
763637,0
763638,0
763639,0
763640,31
763641,0
763642,0
763643,0
763644,0
763645,0
763646,0
763647,0
763648,0
763649,0
763650,0
763651,0
763652,0
763653,0
763654,0
763655,0
763656,0
763657,0
763658,0
763659,26
763660,0
763661,0
763662,0
763663,0
763664,0
763665,0
763666,0
763667,0
763668,0
763669,0
763670,0
763671,0
763672,0
763673,0
763674,0
763675,0
763676,0
763677,0
763678,0
763679,0
763680,0
763681,0
763682,0
763683,0
763684,12
763685,0
763686,0
763687,24
763688,0
763689,0
763690,0
763691,54
763692,0
763693,0
763694,0
763695,35
763696,0
763697,0
763698,0
763699,0
763700,0
763701,0
763702,48
763703,0
763704,0
763705,0
763706,0
763707,0
763708,0
763709,0
763710,0
763711,0
763712,0
763713,0
763714,0
763715,0
763716,0
763717,0
763718,0
763719,0
763720,0
763721,0
763722,0
763723,0
763724,0
763725,0
763726,0
763727,13
763728,0
763729,0
763730,0
763731,0
763732,0
763733,0
763734,0
763735,0
763736,0
763737,0
763738,0
763739,0
763740,0
763741,0
763742,0
763743,0
763744,0
763745,0
763746,8
763747,0
763748,0
763749,9
763750,4
763751,0
763752,0
763753,0
763754,0
763755,0
763756,0
763757,0
763758,0
763759,4
763760,0
763761,0
763762,9
763763,0
763764,0
763765,0
763766,0
763767,0
763768,0
763769,0
763770,0
763771,0
763772,0
763773,0
763774,0
763775,0
763776,0
763777,0
763778,0
763779,0
763780,0
763781,0
763782,11
763783,0
763784,0
763785,0
763786,0
763787,0
763788,0
763789,0
763790,0
763791,0
763792,0
763793,0
763794,0
763795,0
763796,0
763797,0
763798,0
763799,0
763800,0
763801,0
763802,0
763803,0
763804,0
763805,0
763806,0
763807,3
763808,0
763809,0
763810,0
763811,0
763812,0
763813,0
763814,0
763815,0
763816,0
763817,5
763818,0
763819,7
763820,0
763821,8
763822,0
763823,0
763824,0
763825,0
763826,0
763827,0
763828,0
763829,0
763830,0
763831,0
763832,0
763833,0
763834,0
763835,0
763836,0
763837,0
763838,8
763839,0
763840,0
763841,0
763842,0
763843,7
763844,0
763845,0
763846,6
763847,0
763848,0
763849,0
763850,0
763851,0
763852,0
763853,9
763854,0
763855,0
763856,0
763857,0
763858,0
763859,0
763860,0
763861,0
763862,0
763863,0
763864,0
763865,0
763866,0
763867,4
763868,0
763869,0
763870,0
763871,0
763872,0
763873,0
763874,0
763875,0
763876,0
763877,0
763878,6
763879,0
763880,0
763881,0
763882,0
763883,0
763884,0
763885,0
763886,0
763887,0
763888,0
763889,7
763890,0
763891,0
763892,0
763893,0
763894,0
763895,7
763896,0
763897,0
763898,0
763899,0
763900,0
763901,9
763902,0
763903,0
763904,0
763905,0
763906,0
763907,0
763908,0
763909,0
763910,0
763911,0
763912,4
763913,0
763914,0
763915,0
763916,0
763917,0
763918,0
763919,7
763920,0
763921,0
763922,0
763923,0
763924,0
763925,0
763926,0
763927,0
763928,0
763929,0
763930,0
763931,0
763932,0
763933,0
763934,0
763935,0
763936,0
763937,0
763938,0
763939,0
763940,7
763941,0
763942,0
763943,0
763944,0
763945,0
763946,5
763947,0
763948,0
763949,0
763950,0
763951,0
763952,0
763953,0
763954,0
763955,0
763956,0
763957,0
763958,0
763959,0
763960,0
763961,8
763962,0
763963,0
763964,0
763965,0
763966,0
763967,0
763968,0
763969,0
763970,0
763971,0
763972,0
763973,6
763974,0
763975,0
763976,0
763977,0
763978,0
763979,0
763980,0
763981,0
763982,9
763983,0
763984,0
763985,0
763986,0
763987,0
763988,0
763989,0
763990,0
763991,0
763992,0
763993,0
763994,0
763995,8
763996,0
763997,0
763998,0
763999,0
764000,0
764001,0
764002,0
764003,11
764004,0
764005,0
764006,0
764007,0
764008,0
764009,0
764010,0
764011,0
764012,0
764013,0
764014,0
764015,0
764016,0
764017,0
764018,0
764019,0
764020,0
764021,0
764022,0
764023,0
764024,0
764025,0
764026,0
764027,0
764028,0
764029,0
764030,0
764031,7
764032,0
764033,0
764034,0
764035,0
764036,0
764037,13
764038,0
764039,10
764040,0
764041,0
764042,0
764043,0
764044,0
764045,0
764046,0
764047,0
764048,0
764049,0
764050,0
764051,0
764052,0
764053,0
764054,0
764055,0
764056,0
764057,0
764058,0
764059,0
764060,0
764061,0
764062,0
764063,0
764064,6
764065,0
764066,0
764067,0
764068,0
764069,4
764070,0
764071,0
764072,0
764073,0
764074,0
764075,7
764076,0
764077,5
764078,5
764079,0
764080,0
764081,0
764082,9
764083,11
764084,0
764085,0
764086,0
764087,13
764088,0
764089,0
764090,0
764091,0
764092,0
764093,0
764094,0
764095,14
764096,5
764097,0
764098,4
764099,0
764100,0
764101,0
764102,0
764103,6
764104,0
764105,0
764106,0
764107,10
764108,0
764109,0
764110,0
764111,0
764112,0
764113,15
764114,0
764115,0
764116,0
764117,0
764118,0
764119,10
764120,0
764121,0
764122,0
764123,0
764124,0
764125,0
764126,0
764127,0
764128,0
764129,0
764130,14
764131,0
764132,0
764133,0
764134,0
764135,0
764136,0
764137,0
764138,4
764139,0
764140,0
764141,5
764142,0
764143,0
764144,0
764145,9
764146,0
764147,0
764148,0
764149,0
764150,0
764151,0
764152,0
764153,0
764154,0
764155,0
764156,0
764157,7
764158,0
764159,0
764160,2
764161,0
764162,0
764163,6
764164,0
764165,0
764166,0
764167,0
764168,12
764169,0
764170,0
764171,0
764172,9
764173,0
764174,0
764175,0
764176,0
764177,0
764178,0
764179,0
764180,0
764181,0
764182,4
764183,0
764184,0
764185,0
764186,0
764187,0
764188,0
764189,11
764190,0
764191,0
764192,0
764193,0
764194,0
764195,0
764196,0
764197,0
764198,0
764199,0
764200,0
764201,0
764202,0
764203,0
764204,2
764205,7
764206,0
764207,0
764208,0
764209,0
764210,0
764211,0
764212,0
764213,0
764214,0
764215,0
764216,0
764217,7
764218,0
764219,12
764220,0
764221,0
764222,0
764223,0
764224,0
764225,4
764226,0
764227,0
764228,0
764229,0
764230,0
764231,0
764232,0
764233,0
764234,0
764235,0
764236,0
764237,0
764238,0
764239,0
764240,0
764241,0
764242,0
764243,0
764244,0
764245,0
764246,0
764247,0
764248,0
764249,0
764250,0
764251,0
764252,0
764253,0
764254,0
764255,17
764256,0
764257,0
764258,0
764259,0
764260,0
764261,0
764262,0
764263,0
764264,0
764265,0
764266,0
764267,0
764268,0
764269,0
764270,0
764271,0
764272,0
764273,0
764274,0
764275,0
764276,0
764277,0
764278,0
764279,7
764280,0
764281,0
764282,0
764283,0
764284,10
764285,0
764286,11
764287,0
764288,0
764289,0
764290,7
764291,0
764292,0
764293,0
764294,0
764295,0
764296,0
764297,0
764298,6
764299,0
764300,0
764301,0
764302,13
764303,0
764304,0
764305,10
764306,0
764307,0
764308,0
764309,0
764310,0
764311,0
764312,0
764313,0
764314,0
764315,0
764316,0
764317,0
764318,0
764319,0
764320,0
764321,13
764322,0
764323,0
764324,0
764325,0
764326,0
764327,8
764328,0
764329,0
764330,0
764331,8
764332,0
764333,0
764334,4
764335,0
764336,0
764337,0
764338,0
764339,0
764340,0
764341,0
764342,0
764343,0
764344,0
764345,0
764346,0
764347,0
764348,0
764349,0
764350,0
764351,0
764352,0
764353,0
764354,0
764355,0
764356,0
764357,0
764358,0
764359,0
764360,0
764361,0
764362,0
764363,0
764364,0
764365,0
764366,0
764367,0
764368,0
764369,0
764370,0
764371,0
764372,0
764373,0
764374,0
764375,0
764376,0
764377,8
764378,0
764379,0
764380,0
764381,0
764382,0
764383,0
764384,0
764385,0
764386,0
764387,0
764388,0
764389,0
764390,0
764391,0
764392,0
764393,0
764394,0
764395,0
764396,0
764397,0
764398,0
764399,0
764400,0
764401,0
764402,0
764403,0
764404,0
764405,8
764406,0
764407,0
764408,0
764409,0
764410,0
764411,0
764412,0
764413,0
764414,0
764415,0
764416,0
764417,0
764418,0
764419,0
764420,0
764421,0
764422,0
764423,5
764424,0
764425,0
764426,12
764427,0
764428,0
764429,0
764430,0
764431,0
764432,0
764433,0
764434,0
764435,0
764436,0
764437,0
764438,0
764439,0
764440,0
764441,0
764442,10
764443,0
764444,0
764445,0
764446,0
764447,0
764448,0
764449,0
764450,0
764451,0
764452,0
764453,0
764454,0
764455,0
764456,0
764457,0
764458,0
764459,0
764460,0
764461,0
764462,0
764463,0
764464,0
764465,0
764466,0
764467,0
764468,0
764469,0
764470,0
764471,0
764472,0
764473,0
764474,0
764475,0
764476,0
764477,0
764478,0
764479,0
764480,0
764481,0
764482,0
764483,0
764484,0
764485,0
764486,0
764487,0
764488,0
764489,0
764490,0
764491,0
764492,0
764493,0
764494,0
764495,0
764496,0
764497,0
764498,4
764499,0
764500,0
764501,0
764502,0
764503,0
764504,0
764505,0
764506,0
764507,0
764508,0
764509,0
764510,0
764511,3
764512,0
764513,7
764514,0
764515,0
764516,0
764517,0
764518,6
764519,0
764520,0
764521,0
764522,0
764523,0
764524,0
764525,0
764526,8
764527,0
764528,7
764529,0
764530,0
764531,0
764532,0
764533,0
764534,0
764535,0
764536,8
764537,0
764538,0
764539,0
764540,0
764541,0
764542,0
764543,0
764544,0
764545,0
764546,0
764547,0
764548,4
764549,0
764550,0
764551,0
764552,0
764553,0
764554,0
764555,0
764556,11
764557,0
764558,0
764559,0
764560,0
764561,0
764562,0
764563,0
764564,0
764565,0
764566,12
764567,0
764568,0
764569,0
764570,0
764571,0
764572,0
764573,0
764574,0
764575,0
764576,0
764577,0
764578,0
764579,0
764580,0
764581,0
764582,0
764583,0
764584,0
764585,0
764586,0
764587,0
764588,0
764589,0
764590,0
764591,0
764592,3
764593,0
764594,0
764595,0
764596,0
764597,9
764598,0
764599,0
764600,0
764601,0
764602,0
764603,0
764604,0
764605,0
764606,0
764607,0
764608,0
764609,0
764610,0
764611,14
764612,0
764613,0
764614,0
764615,0
764616,0
764617,0
764618,0
764619,0
764620,0
764621,0
764622,0
764623,0
764624,0
764625,0
764626,0
764627,0
764628,0
764629,0
764630,0
764631,7
764632,0
764633,0
764634,0
764635,0
764636,0
764637,3
764638,0
764639,0
764640,3
764641,0
764642,0
764643,0
764644,0
764645,8
764646,0
764647,0
764648,0
764649,0
764650,0
764651,0
764652,0
764653,0
764654,0
764655,0
764656,0
764657,0
764658,0
764659,0
764660,0
764661,0
764662,0
764663,0
764664,0
764665,4
764666,0
764667,0
764668,0
764669,7
764670,0
764671,0
764672,0
764673,0
764674,0
764675,0
764676,7
764677,0
764678,0
764679,0
764680,2
764681,4
764682,3
764683,4
764684,0
764685,8
764686,0
764687,0
764688,0
764689,2
764690,6
764691,0
764692,0
764693,0
764694,0
764695,0
764696,3
764697,6
764698,0
764699,8
764700,0
764701,0
764702,0
764703,0
764704,0
764705,0
764706,0
764707,7
764708,0
764709,0
764710,0
764711,5
764712,0
764713,0
764714,0
764715,0
764716,0
764717,0
764718,1
764719,0
764720,0
764721,0
764722,0
764723,0
764724,0
764725,0
764726,0
764727,3
764728,0
764729,0
764730,0
764731,0
764732,0
764733,0
764734,0
764735,0
764736,4
764737,5
764738,0
764739,0
764740,0
764741,0
764742,0
764743,0
764744,0
764745,0
764746,0
764747,0
764748,0
764749,6
764750,0
764751,0
764752,0
764753,0
764754,0
764755,0
764756,0
764757,0
764758,0
764759,0
764760,0
764761,0
764762,0
764763,0
764764,0
764765,0
764766,0
764767,0
764768,0
764769,0
764770,0
764771,0
764772,0
764773,4
764774,0
764775,0
764776,0
764777,4
764778,0
764779,7
764780,0
764781,0
764782,0
764783,0
764784,0
764785,3
764786,0
764787,0
764788,0
764789,0
764790,0
764791,0
764792,0
764793,0
764794,0
764795,0
764796,0
764797,0
764798,0
764799,0
764800,7
764801,0
764802,0
764803,7
764804,0
764805,0
764806,0
764807,6
764808,0
764809,0
764810,0
764811,0
764812,0
764813,0
764814,0
764815,0
764816,0
764817,0
764818,0
764819,6
764820,0
764821,0
764822,0
764823,6
764824,0
764825,0
764826,0
764827,0
764828,0
764829,0
764830,0
764831,0
764832,0
764833,0
764834,0
764835,0
764836,0
764837,0
764838,0
764839,0
764840,0
764841,0
764842,0
764843,0
764844,0
764845,0
764846,0
764847,0
764848,0
764849,2
764850,0
764851,0
764852,5
764853,0
764854,0
764855,0
764856,0
764857,0
764858,0
764859,0
764860,0
764861,0
764862,0
764863,0
764864,0
764865,0
764866,0
764867,0
764868,0
764869,3
764870,5
764871,0
764872,0
764873,0
764874,0
764875,0
764876,0
764877,0
764878,0
764879,0
764880,0
764881,4
764882,6
764883,5
764884,2
764885,0
764886,0
764887,0
764888,0
764889,0
764890,0
764891,0
764892,0
764893,0
764894,0
764895,0
764896,0
764897,0
764898,0
764899,0
764900,0
764901,0
764902,0
764903,0
764904,0
764905,0
764906,0
764907,0
764908,0
764909,1
764910,0
764911,0
764912,0
764913,0
764914,0
764915,0
764916,0
764917,3
764918,0
764919,0
764920,0
764921,0
764922,0
764923,0
764924,0
764925,0
764926,0
764927,0
764928,0
764929,0
764930,0
764931,5
764932,0
764933,0
764934,0
764935,0
764936,0
764937,0
764938,4
764939,0
764940,0
764941,0
764942,0
764943,0
764944,0
764945,0
764946,0
764947,0
764948,0
764949,0
764950,0
764951,0
764952,7
764953,0
764954,0
764955,0
764956,0
764957,0
764958,0
764959,0
764960,0
764961,0
764962,0
764963,0
764964,0
764965,0
764966,0
764967,0
764968,0
764969,0
764970,0
764971,0
764972,0
764973,3
764974,0
764975,0
764976,0
764977,5
764978,0
764979,0
764980,0
764981,0
764982,0
764983,0
764984,0
764985,3
764986,7
764987,0
764988,0
764989,0
764990,0
764991,0
764992,0
764993,0
764994,6
764995,0
764996,0
764997,0
764998,0
764999,0
765000,0
765001,0
765002,0
765003,0
765004,6
765005,0
765006,0
765007,0
765008,0
765009,0
765010,0
765011,0
765012,5
765013,0
765014,0
765015,2
765016,0
765017,0
765018,3
765019,0
765020,0
765021,0
765022,0
765023,0
765024,0
765025,0
765026,0
765027,0
765028,0
765029,0
765030,0
765031,0
765032,0
765033,0
765034,0
765035,0
765036,0
765037,0
765038,0
765039,0
765040,0
765041,0
765042,0
765043,0
765044,0
765045,0
765046,0
765047,0
765048,0
765049,0
765050,0
765051,0
765052,0
765053,0
765054,0
765055,0
765056,0
765057,0
765058,0
765059,0
765060,0
765061,0
765062,0
765063,0
765064,0
765065,5
765066,0
765067,0
765068,0
765069,0
765070,0
765071,0
765072,0
765073,0
765074,0
765075,0
765076,0
765077,0
765078,0
765079,0
765080,0
765081,0
765082,0
765083,0
765084,0
765085,0
765086,0
765087,0
765088,0
765089,0
765090,0
765091,0
765092,0
765093,8
765094,0
765095,0
765096,0
765097,0
765098,0
765099,0
765100,0
765101,0
765102,0
765103,0
765104,0
765105,3
765106,0
765107,0
765108,1
765109,0
765110,0
765111,0
765112,0
765113,0
765114,0
765115,0
765116,0
765117,0
765118,0
765119,0
765120,0
765121,0
765122,0
765123,0
765124,0
765125,0
765126,0
765127,0
765128,0
765129,0
765130,0
765131,0
765132,0
765133,0
765134,0
765135,0
765136,0
765137,0
765138,0
765139,6
765140,0
765141,0
765142,0
765143,0
765144,0
765145,0
765146,2
765147,0
765148,0
765149,0
765150,1
765151,7
765152,0
765153,0
765154,0
765155,0
765156,0
765157,0
765158,0
765159,0
765160,1
765161,0
765162,0
765163,0
765164,0
765165,0
765166,0
765167,0
765168,0
765169,0
765170,0
765171,0
765172,0
765173,0
765174,0
765175,0
765176,0
765177,20
765178,0
765179,0
765180,0
765181,0
765182,0
765183,0
765184,0
765185,0
765186,0
765187,17
765188,0
765189,0
765190,0
765191,0
765192,0
765193,0
765194,9
765195,0
765196,0
765197,0
765198,0
765199,15
765200,0
765201,0
765202,0
765203,0
765204,10
765205,0
765206,0
765207,0
765208,0
765209,0
765210,0
765211,0
765212,0
765213,8
765214,0
765215,0
765216,0
765217,0
765218,6
765219,0
765220,0
765221,0
765222,16
765223,11
765224,0
765225,0
765226,15
765227,16
765228,4
765229,0
765230,0
765231,0
765232,0
765233,0
765234,0
765235,0
765236,0
765237,0
765238,0
765239,0
765240,0
765241,0
765242,0
765243,16
765244,0
765245,0
765246,0
765247,11
765248,0
765249,0
765250,0
765251,0
765252,15
765253,0
765254,13
765255,0
765256,0
765257,0
765258,21
765259,0
765260,0
765261,0
765262,0
765263,12
765264,18
765265,0
765266,0
765267,0
765268,13
765269,29
765270,0
765271,0
765272,20
765273,0
765274,0
765275,0
765276,0
765277,15
765278,0
765279,0
765280,0
765281,0
765282,0
765283,0
765284,0
765285,0
765286,20
765287,0
765288,0
765289,0
765290,0
765291,0
765292,0
765293,0
765294,0
765295,0
765296,0
765297,0
765298,0
765299,0
765300,23
765301,0
765302,14
765303,0
765304,0
765305,0
765306,0
765307,0
765308,0
765309,0
765310,0
765311,0
765312,0
765313,0
765314,0
765315,0
765316,0
765317,0
765318,0
765319,0
765320,0
765321,0
765322,0
765323,0
765324,0
765325,0
765326,14
765327,16
765328,0
765329,0
765330,10
765331,0
765332,0
765333,17
765334,0
765335,0
765336,10
765337,9
765338,0
765339,0
765340,0
765341,16
765342,13
765343,0
765344,0
765345,0
765346,8
765347,0
765348,0
765349,0
765350,0
765351,0
765352,0
765353,0
765354,0
765355,0
765356,0
765357,0
765358,0
765359,16
765360,14
765361,0
765362,0
765363,0
765364,0
765365,0
765366,0
765367,0
765368,0
765369,0
765370,0
765371,0
765372,0
765373,0
765374,0
765375,17
765376,0
765377,0
765378,0
765379,0
765380,0
765381,0
765382,0
765383,0
765384,0
765385,10
765386,16
765387,0
765388,0
765389,0
765390,0
765391,11
765392,0
765393,0
765394,0
765395,0
765396,0
765397,0
765398,0
765399,0
765400,0
765401,14
765402,0
765403,0
765404,0
765405,0
765406,0
765407,0
765408,0
765409,0
765410,0
765411,0
765412,0
765413,0
765414,0
765415,0
765416,0
765417,0
765418,0
765419,0
765420,0
765421,13
765422,0
765423,0
765424,17
765425,0
765426,0
765427,0
765428,0
765429,0
765430,14
765431,0
765432,0
765433,0
765434,0
765435,0
765436,0
765437,0
765438,13
765439,0
765440,0
765441,0
765442,0
765443,0
765444,0
765445,0
765446,8
765447,0
765448,12
765449,0
765450,0
765451,0
765452,15
765453,8
765454,0
765455,15
765456,0
765457,0
765458,0
765459,0
765460,0
765461,0
765462,17
765463,0
765464,0
765465,0
765466,0
765467,0
765468,16
765469,0
765470,19
765471,0
765472,0
765473,7
765474,14
765475,0
765476,0
765477,9
765478,12
765479,0
765480,0
765481,0
765482,0
765483,0
765484,0
765485,0
765486,0
765487,0
765488,22
765489,0
765490,0
765491,0
765492,0
765493,0
765494,0
765495,0
765496,0
765497,0
765498,12
765499,0
765500,0
765501,0
765502,0
765503,0
765504,0
765505,0
765506,0
765507,0
765508,0
765509,15
765510,0
765511,0
765512,0
765513,0
765514,16
765515,0
765516,0
765517,16
765518,0
765519,0
765520,0
765521,0
765522,0
765523,0
765524,0
765525,0
765526,0
765527,0
765528,0
765529,15
765530,0
765531,0
765532,0
765533,11
765534,0
765535,0
765536,0
765537,0
765538,0
765539,0
765540,0
765541,0
765542,0
765543,0
765544,20
765545,0
765546,0
765547,0
765548,13
765549,0
765550,0
765551,0
765552,0
765553,0
765554,0
765555,0
765556,0
765557,0
765558,0
765559,0
765560,0
765561,0
765562,0
765563,0
765564,0
765565,0
765566,0
765567,0
765568,0
765569,0
765570,10
765571,0
765572,0
765573,0
765574,9
765575,0
765576,0
765577,11
765578,0
765579,0
765580,0
765581,0
765582,0
765583,0
765584,0
765585,0
765586,0
765587,7
765588,0
765589,0
765590,0
765591,0
765592,0
765593,0
765594,0
765595,0
765596,0
765597,11
765598,16
765599,0
765600,0
765601,26
765602,0
765603,15
765604,0
765605,0
765606,0
765607,0
765608,0
765609,0
765610,0
765611,0
765612,0
765613,0
765614,0
765615,0
765616,0
765617,0
765618,0
765619,0
765620,0
765621,11
765622,9
765623,0
765624,14
765625,0
765626,18
765627,0
765628,0
765629,0
765630,0
765631,0
765632,0
765633,0
765634,0
765635,0
765636,0
765637,0
765638,0
765639,0
765640,17
765641,20
765642,0
765643,0
765644,0
765645,0
765646,0
765647,0
765648,0
765649,0
765650,0
765651,0
765652,0
765653,0
765654,0
765655,0
765656,0
765657,0
765658,0
765659,0
765660,0
765661,0
765662,0
765663,0
765664,0
765665,0
765666,0
765667,0
765668,21
765669,0
765670,0
765671,17
765672,0
765673,0
765674,0
765675,20
765676,0
765677,0
765678,0
765679,0
765680,0
765681,0
765682,0
765683,0
765684,0
765685,0
765686,14
765687,12
765688,0
765689,25
765690,0
765691,0
765692,0
765693,0
765694,0
765695,0
765696,12
765697,13
765698,0
765699,0
765700,0
765701,0
765702,0
765703,0
765704,0
765705,9
765706,12
765707,0
765708,0
765709,0
765710,0
765711,0
765712,0
765713,0
765714,0
765715,0
765716,0
765717,0
765718,0
765719,0
765720,0
765721,14
765722,0
765723,0
765724,0
765725,17
765726,0
765727,16
765728,12
765729,0
765730,0
765731,0
765732,0
765733,0
765734,0
765735,0
765736,0
765737,0
765738,0
765739,16
765740,0
765741,14
765742,0
765743,0
765744,0
765745,0
765746,0
765747,24
765748,0
765749,0
765750,0
765751,0
765752,0
765753,0
765754,10
765755,20
765756,18
765757,20
765758,0
765759,0
765760,12
765761,0
765762,0
765763,0
765764,0
765765,0
765766,19
765767,0
765768,0
765769,0
765770,0
765771,0
765772,0
765773,0
765774,0
765775,0
765776,23
765777,0
765778,20
765779,0
765780,0
765781,0
765782,0
765783,0
765784,13
765785,12
765786,0
765787,0
765788,0
765789,0
765790,0
765791,0
765792,0
765793,0
765794,10
765795,0
765796,0
765797,0
765798,0
765799,12
765800,0
765801,0
765802,0
765803,0
765804,17
765805,0
765806,0
765807,0
765808,16
765809,0
765810,0
765811,0
765812,0
765813,0
765814,0
765815,0
765816,12
765817,0
765818,0
765819,0
765820,0
765821,12
765822,16
765823,0
765824,0
765825,12
765826,0
765827,0
765828,0
765829,0
765830,0
765831,0
765832,0
765833,0
765834,0
765835,0
765836,0
765837,0
765838,0
765839,0
765840,0
765841,0
765842,12
765843,0
765844,0
765845,27
765846,20
765847,20
765848,0
765849,0
765850,10
765851,0
765852,0
765853,0
765854,23
765855,0
765856,0
765857,0
765858,0
765859,14
765860,16
765861,0
765862,0
765863,16
765864,0
765865,0
765866,0
765867,0
765868,0
765869,0
765870,0
765871,15
765872,12
765873,15
765874,0
765875,0
765876,11
765877,0
765878,0
765879,0
765880,0
765881,0
765882,0
765883,0
765884,0
765885,0
765886,0
765887,0
765888,0
765889,0
765890,0
765891,0
765892,9
765893,0
765894,13
765895,0
765896,0
765897,0
765898,17
765899,17
765900,0
765901,0
765902,0
765903,25
765904,0
765905,0
765906,0
765907,15
765908,9
765909,0
765910,8
765911,8
765912,0
765913,13
765914,0
765915,0
765916,0
765917,0
765918,0
765919,0
765920,0
765921,0
765922,0
765923,15
765924,0
765925,0
765926,0
765927,0
765928,0
765929,0
765930,12
765931,0
765932,0
765933,0
765934,0
765935,0
765936,0
765937,0
765938,0
765939,0
765940,0
765941,0
765942,0
765943,0
765944,0
765945,0
765946,0
765947,0
765948,0
765949,10
765950,0
765951,0
765952,16
765953,0
765954,0
765955,0
765956,0
765957,19
765958,0
765959,0
765960,0
765961,9
765962,0
765963,0
765964,0
765965,0
765966,0
765967,0
765968,0
765969,0
765970,0
765971,0
765972,0
765973,0
765974,0
765975,0
765976,0
765977,0
765978,0
765979,0
765980,0
765981,0
765982,0
765983,0
765984,0
765985,0
765986,0
765987,0
765988,0
765989,0
765990,0
765991,0
765992,0
765993,0
765994,0
765995,0
765996,0
765997,0
765998,0
765999,0
766000,0
766001,0
766002,0
766003,0
766004,0
766005,0
766006,0
766007,0
766008,0
766009,1
766010,0
766011,0
766012,0
766013,0
766014,0
766015,0
766016,0
766017,0
766018,0
766019,0
766020,0
766021,0
766022,0
766023,0
766024,0
766025,0
766026,0
766027,0
766028,0
766029,0
766030,0
766031,0
766032,0
766033,0
766034,0
766035,0
766036,0
766037,0
766038,0
766039,0
766040,0
766041,0
766042,0
766043,0
766044,0
766045,0
766046,0
766047,0
766048,0
766049,0
766050,0
766051,0
766052,0
766053,0
766054,0
766055,0
766056,0
766057,0
766058,0
766059,0
766060,0
766061,0
766062,0
766063,0
766064,0
766065,0
766066,0
766067,0
766068,0
766069,0
766070,0
766071,0
766072,0
766073,0
766074,0
766075,0
766076,0
766077,0
766078,0
766079,0
766080,0
766081,0
766082,0
766083,0
766084,0
766085,0
766086,0
766087,0
766088,0
766089,0
766090,0
766091,0
766092,0
766093,0
766094,0
766095,0
766096,0
766097,0
766098,0
766099,0
766100,0
766101,0
766102,0
766103,0
766104,0
766105,0
766106,0
766107,0
766108,0
766109,0
766110,0
766111,0
766112,0
766113,0
766114,0
766115,0
766116,0
766117,0
766118,0
766119,0
766120,0
766121,0
766122,0
766123,0
766124,0
766125,0
766126,0
766127,0
766128,0
766129,0
766130,0
766131,0
766132,0
766133,0
766134,0
766135,0
766136,0
766137,0
766138,0
766139,0
766140,0
766141,0
766142,0
766143,0
766144,0
766145,0
766146,0
766147,0
766148,0
766149,0
766150,0
766151,0
766152,0
766153,0
766154,0
766155,0
766156,0
766157,0
766158,0
766159,0
766160,0
766161,0
766162,0
766163,0
766164,0
766165,0
766166,0
766167,0
766168,0
766169,0
766170,0
766171,0
766172,0
766173,0
766174,0
766175,0
766176,0
766177,0
766178,0
766179,0
766180,0
766181,0
766182,0
766183,0
766184,0
766185,0
766186,0
766187,0
766188,0
766189,0
766190,0
766191,0
766192,0
766193,0
766194,0
766195,0
766196,0
766197,0
766198,0
766199,0
766200,0
766201,0
766202,0
766203,0
766204,0
766205,0
766206,0
766207,0
766208,0
766209,0
766210,0
766211,0
766212,0
766213,0
766214,0
766215,0
766216,0
766217,0
766218,0
766219,0
766220,0
766221,0
766222,0
766223,0
766224,0
766225,0
766226,0
766227,0
766228,0
766229,0
766230,0
766231,0
766232,0
766233,0
766234,0
766235,0
766236,0
766237,0
766238,0
766239,0
766240,0
766241,0
766242,0
766243,0
766244,0
766245,0
766246,0
766247,0
766248,0
766249,0
766250,1
766251,0
766252,0
766253,0
766254,0
766255,0
766256,0
766257,0
766258,0
766259,0
766260,0
766261,0
766262,0
766263,0
766264,0
766265,0
766266,0
766267,0
766268,0
766269,0
766270,0
766271,0
766272,0
766273,0
766274,0
766275,0
766276,0
766277,0
766278,0
766279,0
766280,0
766281,0
766282,0
766283,0
766284,0
766285,0
766286,0
766287,0
766288,0
766289,0
766290,0
766291,0
766292,0
766293,0
766294,0
766295,0
766296,0
766297,0
766298,0
766299,0
766300,0
766301,0
766302,0
766303,0
766304,0
766305,0
766306,0
766307,0
766308,0
766309,0
766310,0
766311,0
766312,0
766313,1
766314,0
766315,0
766316,0
766317,0
766318,0
766319,0
766320,0
766321,0
766322,0
766323,0
766324,0
766325,0
766326,0
766327,0
766328,0
766329,0
766330,0
766331,0
766332,0
766333,0
766334,0
766335,0
766336,0
766337,0
766338,0
766339,0
766340,0
766341,0
766342,0
766343,0
766344,0
766345,0
766346,0
766347,0
766348,0
766349,0
766350,0
766351,0
766352,0
766353,0
766354,0
766355,0
766356,0
766357,0
766358,1
766359,0
766360,0
766361,0
766362,0
766363,0
766364,0
766365,0
766366,0
766367,0
766368,0
766369,0
766370,0
766371,0
766372,0
766373,0
766374,0
766375,0
766376,0
766377,0
766378,0
766379,0
766380,0
766381,0
766382,0
766383,0
766384,0
766385,0
766386,0
766387,0
766388,0
766389,0
766390,0
766391,0
766392,0
766393,0
766394,0
766395,0
766396,0
766397,0
766398,0
766399,0
766400,0
766401,0
766402,0
766403,0
766404,0
766405,0
766406,0
766407,0
766408,0
766409,0
766410,0
766411,0
766412,0
766413,0
766414,0
766415,0
766416,0
766417,0
766418,0
766419,0
766420,0
766421,0
766422,0
766423,0
766424,0
766425,0
766426,0
766427,0
766428,0
766429,0
766430,0
766431,0
766432,0
766433,0
766434,0
766435,0
766436,0
766437,0
766438,0
766439,0
766440,0
766441,0
766442,0
766443,0
766444,0
766445,0
766446,0
766447,0
766448,0
766449,0
766450,0
766451,0
766452,0
766453,0
766454,0
766455,0
766456,0
766457,0
766458,0
766459,0
766460,0
766461,0
766462,0
766463,0
766464,0
766465,1
766466,0
766467,0
766468,0
766469,0
766470,0
766471,0
766472,0
766473,0
766474,0
766475,0
766476,0
766477,0
766478,0
766479,0
766480,0
766481,0
766482,0
766483,0
766484,0
766485,0
766486,0
766487,0
766488,0
766489,0
766490,0
766491,0
766492,0
766493,0
766494,0
766495,0
766496,0
766497,0
766498,0
766499,0
766500,0
766501,0
766502,0
766503,0
766504,0
766505,0
766506,0
766507,0
766508,0
766509,0
766510,0
766511,0
766512,0
766513,0
766514,0
766515,0
766516,0
766517,0
766518,0
766519,0
766520,0
766521,0
766522,0
766523,0
766524,0
766525,0
766526,0
766527,0
766528,0
766529,0
766530,0
766531,0
766532,0
766533,0
766534,0
766535,0
766536,0
766537,0
766538,0
766539,0
766540,0
766541,0
766542,0
766543,0
766544,0
766545,0
766546,0
766547,0
766548,0
766549,0
766550,0
766551,0
766552,0
766553,0
766554,0
766555,0
766556,0
766557,0
766558,0
766559,0
766560,0
766561,0
766562,0
766563,0
766564,0
766565,0
766566,0
766567,0
766568,0
766569,0
766570,0
766571,0
766572,0
766573,0
766574,0
766575,0
766576,0
766577,0
766578,0
766579,0
766580,0
766581,0
766582,0
766583,0
766584,0
766585,0
766586,0
766587,0
766588,0
766589,0
766590,0
766591,0
766592,0
766593,0
766594,0
766595,0
766596,0
766597,0
766598,0
766599,0
766600,0
766601,0
766602,0
766603,0
766604,0
766605,0
766606,1
766607,0
766608,0
766609,0
766610,0
766611,0
766612,0
766613,0
766614,0
766615,0
766616,0
766617,0
766618,0
766619,0
766620,0
766621,0
766622,0
766623,0
766624,0
766625,0
766626,0
766627,0
766628,0
766629,0
766630,0
766631,0
766632,0
766633,0
766634,0
766635,0
766636,0
766637,0
766638,0
766639,0
766640,0
766641,0
766642,0
766643,0
766644,0
766645,0
766646,0
766647,0
766648,0
766649,0
766650,0
766651,0
766652,0
766653,0
766654,0
766655,0
766656,0
766657,0
766658,0
766659,0
766660,0
766661,0
766662,0
766663,0
766664,0
766665,1
766666,0
766667,0
766668,0
766669,0
766670,0
766671,0
766672,0
766673,0
766674,0
766675,0
766676,0
766677,0
766678,0
766679,0
766680,0
766681,0
766682,0
766683,0
766684,0
766685,0
766686,0
766687,0
766688,0
766689,0
766690,0
766691,0
766692,0
766693,0
766694,1
766695,0
766696,0
766697,0
766698,0
766699,0
766700,0
766701,0
766702,0
766703,0
766704,0
766705,0
766706,0
766707,0
766708,0
766709,0
766710,0
766711,0
766712,0
766713,0
766714,0
766715,0
766716,0
766717,0
766718,0
766719,0
766720,0
766721,0
766722,0
766723,0
766724,0
766725,0
766726,0
766727,0
766728,0
766729,0
766730,0
766731,0
766732,0
766733,0
766734,0
766735,0
766736,0
766737,0
766738,0
766739,0
766740,0
766741,0
766742,0
766743,0
766744,0
766745,0
766746,0
766747,0
766748,0
766749,0
766750,0
766751,0
766752,0
766753,0
766754,0
766755,0
766756,0
766757,0
766758,0
766759,0
766760,0
766761,0
766762,0
766763,0
766764,0
766765,0
766766,0
766767,0
766768,0
766769,0
766770,26
766771,0
766772,0
766773,16
766774,28
766775,8
766776,28
766777,0
766778,0
766779,22
766780,28
766781,0
766782,0
766783,0
766784,28
766785,0
766786,0
766787,0
766788,31
766789,13
766790,27
766791,0
766792,0
766793,0
766794,0
766795,0
766796,0
766797,0
766798,0
766799,22
766800,0
766801,0
766802,0
766803,0
766804,0
766805,0
766806,0
766807,0
766808,11
766809,0
766810,0
766811,18
766812,0
766813,22
766814,0
766815,0
766816,0
766817,0
766818,0
766819,0
766820,0
766821,0
766822,0
766823,0
766824,19
766825,15
766826,0
766827,20
766828,0
766829,0
766830,19
766831,10
766832,0
766833,0
766834,0
766835,0
766836,0
766837,18
766838,0
766839,0
766840,0
766841,0
766842,0
766843,0
766844,0
766845,0
766846,0
766847,0
766848,0
766849,12
766850,0
766851,0
766852,0
766853,0
766854,0
766855,0
766856,0
766857,0
766858,0
766859,0
766860,12
766861,0
766862,0
766863,0
766864,31
766865,0
766866,0
766867,0
766868,0
766869,0
766870,0
766871,0
766872,0
766873,0
766874,0
766875,0
766876,0
766877,0
766878,0
766879,0
766880,0
766881,0
766882,13
766883,0
766884,0
766885,0
766886,0
766887,0
766888,0
766889,0
766890,0
766891,0
766892,0
766893,28
766894,0
766895,0
766896,0
766897,0
766898,0
766899,0
766900,0
766901,0
766902,0
766903,0
766904,0
766905,0
766906,0
766907,0
766908,0
766909,0
766910,0
766911,0
766912,0
766913,21
766914,0
766915,0
766916,0
766917,0
766918,0
766919,0
766920,0
766921,0
766922,29
766923,0
766924,0
766925,0
766926,0
766927,0
766928,0
766929,0
766930,0
766931,0
766932,0
766933,0
766934,0
766935,0
766936,0
766937,0
766938,0
766939,0
766940,22
766941,0
766942,0
766943,0
766944,0
766945,0
766946,0
766947,0
766948,0
766949,0
766950,0
766951,0
766952,0
766953,0
766954,0
766955,0
766956,0
766957,0
766958,0
766959,0
766960,0
766961,0
766962,0
766963,0
766964,28
766965,0
766966,0
766967,0
766968,0
766969,0
766970,0
766971,0
766972,0
766973,0
766974,0
766975,0
766976,0
766977,0
766978,0
766979,0
766980,0
766981,0
766982,0
766983,23
766984,0
766985,0
766986,39
766987,0
766988,0
766989,0
766990,0
766991,0
766992,28
766993,0
766994,0
766995,0
766996,0
766997,0
766998,0
766999,0
767000,0
767001,0
767002,0
767003,0
767004,0
767005,0
767006,0
767007,0
767008,0
767009,0
767010,0
767011,0
767012,0
767013,0
767014,0
767015,0
767016,0
767017,0
767018,0
767019,0
767020,0
767021,0
767022,0
767023,0
767024,0
767025,0
767026,0
767027,0
767028,0
767029,0
767030,0
767031,0
767032,0
767033,0
767034,30
767035,0
767036,0
767037,0
767038,0
767039,0
767040,17
767041,0
767042,0
767043,0
767044,0
767045,0
767046,0
767047,0
767048,0
767049,0
767050,0
767051,29
767052,0
767053,0
767054,0
767055,0
767056,0
767057,0
767058,0
767059,0
767060,0
767061,0
767062,0
767063,0
767064,0
767065,0
767066,0
767067,27
767068,0
767069,0
767070,0
767071,0
767072,0
767073,0
767074,0
767075,0
767076,0
767077,0
767078,0
767079,0
767080,0
767081,0
767082,0
767083,0
767084,0
767085,0
767086,0
767087,0
767088,0
767089,0
767090,0
767091,0
767092,0
767093,0
767094,0
767095,23
767096,0
767097,0
767098,0
767099,0
767100,23
767101,26
767102,0
767103,0
767104,0
767105,0
767106,0
767107,0
767108,0
767109,0
767110,0
767111,0
767112,0
767113,0
767114,0
767115,0
767116,23
767117,0
767118,0
767119,0
767120,0
767121,0
767122,0
767123,0
767124,0
767125,0
767126,0
767127,0
767128,0
767129,0
767130,0
767131,0
767132,0
767133,0
767134,0
767135,0
767136,0
767137,0
767138,0
767139,0
767140,0
767141,0
767142,0
767143,0
767144,0
767145,0
767146,0
767147,0
767148,0
767149,0
767150,0
767151,0
767152,0
767153,0
767154,0
767155,0
767156,0
767157,0
767158,0
767159,0
767160,0
767161,0
767162,0
767163,0
767164,38
767165,0
767166,0
767167,0
767168,0
767169,0
767170,0
767171,0
767172,0
767173,0
767174,0
767175,0
767176,0
767177,0
767178,0
767179,0
767180,0
767181,0
767182,0
767183,0
767184,0
767185,0
767186,0
767187,0
767188,0
767189,0
767190,0
767191,0
767192,0
767193,0
767194,0
767195,0
767196,0
767197,0
767198,0
767199,24
767200,0
767201,0
767202,0
767203,0
767204,0
767205,21
767206,23
767207,0
767208,24
767209,0
767210,21
767211,0
767212,0
767213,0
767214,0
767215,20
767216,0
767217,0
767218,0
767219,0
767220,0
767221,0
767222,0
767223,0
767224,0
767225,0
767226,0
767227,0
767228,0
767229,0
767230,0
767231,0
767232,0
767233,0
767234,0
767235,0
767236,0
767237,0
767238,0
767239,0
767240,0
767241,0
767242,0
767243,0
767244,0
767245,0
767246,28
767247,0
767248,0
767249,0
767250,0
767251,0
767252,0
767253,0
767254,0
767255,0
767256,0
767257,0
767258,0
767259,0
767260,0
767261,0
767262,0
767263,0
767264,0
767265,0
767266,0
767267,0
767268,0
767269,0
767270,0
767271,0
767272,0
767273,0
767274,0
767275,0
767276,0
767277,0
767278,0
767279,0
767280,0
767281,0
767282,0
767283,0
767284,0
767285,0
767286,0
767287,0
767288,0
767289,0
767290,0
767291,0
767292,0
767293,0
767294,0
767295,0
767296,0
767297,0
767298,0
767299,0
767300,0
767301,0
767302,0
767303,0
767304,24
767305,0
767306,0
767307,0
767308,0
767309,0
767310,0
767311,19
767312,0
767313,0
767314,0
767315,0
767316,0
767317,0
767318,0
767319,0
767320,0
767321,0
767322,0
767323,0
767324,0
767325,0
767326,0
767327,0
767328,0
767329,0
767330,0
767331,0
767332,0
767333,0
767334,0
767335,0
767336,0
767337,0
767338,0
767339,0
767340,0
767341,0
767342,0
767343,0
767344,0
767345,0
767346,0
767347,0
767348,0
767349,20
767350,0
767351,0
767352,0
767353,0
767354,0
767355,0
767356,0
767357,0
767358,0
767359,0
767360,0
767361,0
767362,0
767363,0
767364,0
767365,0
767366,29
767367,0
767368,0
767369,0
767370,0
767371,0
767372,0
767373,0
767374,0
767375,0
767376,0
767377,0
767378,0
767379,0
767380,0
767381,0
767382,0
767383,0
767384,0
767385,0
767386,0
767387,0
767388,0
767389,0
767390,0
767391,0
767392,0
767393,0
767394,0
767395,0
767396,0
767397,0
767398,0
767399,0
767400,0
767401,0
767402,0
767403,0
767404,0
767405,0
767406,0
767407,0
767408,0
767409,0
767410,0
767411,0
767412,0
767413,0
767414,0
767415,0
767416,0
767417,0
767418,0
767419,0
767420,0
767421,0
767422,0
767423,0
767424,0
767425,0
767426,0
767427,0
767428,0
767429,0
767430,0
767431,0
767432,0
767433,0
767434,0
767435,0
767436,28
767437,0
767438,0
767439,0
767440,0
767441,0
767442,0
767443,32
767444,0
767445,0
767446,0
767447,0
767448,0
767449,21
767450,0
767451,0
767452,0
767453,19
767454,0
767455,0
767456,0
767457,0
767458,0
767459,0
767460,0
767461,18
767462,0
767463,0
767464,20
767465,11
767466,0
767467,0
767468,0
767469,0
767470,0
767471,0
767472,0
767473,0
767474,10
767475,0
767476,15
767477,0
767478,15
767479,0
767480,15
767481,0
767482,0
767483,0
767484,0
767485,18
767486,0
767487,0
767488,13
767489,24
767490,9
767491,0
767492,0
767493,0
767494,0
767495,0
767496,0
767497,22
767498,0
767499,0
767500,0
767501,0
767502,0
767503,0
767504,0
767505,0
767506,3
767507,0
767508,0
767509,24
767510,0
767511,0
767512,0
767513,7
767514,0
767515,21
767516,0
767517,0
767518,0
767519,0
767520,18
767521,0
767522,0
767523,0
767524,0
767525,0
767526,11
767527,0
767528,22
767529,0
767530,0
767531,17
767532,0
767533,21
767534,0
767535,0
767536,0
767537,0
767538,0
767539,0
767540,0
767541,0
767542,18
767543,0
767544,0
767545,0
767546,0
767547,11
767548,0
767549,0
767550,10
767551,0
767552,0
767553,0
767554,0
767555,0
767556,0
767557,0
767558,0
767559,9
767560,0
767561,16
767562,0
767563,0
767564,0
767565,16
767566,0
767567,16
767568,0
767569,0
767570,0
767571,0
767572,0
767573,0
767574,0
767575,0
767576,0
767577,19
767578,0
767579,20
767580,13
767581,0
767582,21
767583,0
767584,13
767585,0
767586,0
767587,9
767588,19
767589,13
767590,0
767591,12
767592,0
767593,0
767594,0
767595,13
767596,0
767597,0
767598,16
767599,0
767600,0
767601,0
767602,20
767603,0
767604,0
767605,0
767606,0
767607,0
767608,0
767609,0
767610,8
767611,14
767612,0
767613,0
767614,0
767615,0
767616,20
767617,0
767618,0
767619,0
767620,0
767621,0
767622,0
767623,0
767624,0
767625,24
767626,0
767627,13
767628,0
767629,22
767630,0
767631,16
767632,0
767633,0
767634,0
767635,0
767636,0
767637,0
767638,0
767639,0
767640,13
767641,11
767642,7
767643,0
767644,0
767645,0
767646,0
767647,0
767648,0
767649,0
767650,0
767651,9
767652,0
767653,0
767654,0
767655,0
767656,0
767657,10
767658,0
767659,0
767660,0
767661,0
767662,0
767663,0
767664,0
767665,0
767666,0
767667,0
767668,0
767669,0
767670,14
767671,0
767672,0
767673,16
767674,0
767675,0
767676,0
767677,13
767678,19
767679,0
767680,0
767681,0
767682,0
767683,0
767684,22
767685,0
767686,0
767687,12
767688,14
767689,0
767690,0
767691,14
767692,0
767693,0
767694,8
767695,0
767696,0
767697,0
767698,0
767699,0
767700,11
767701,0
767702,13
767703,0
767704,15
767705,0
767706,0
767707,0
767708,13
767709,25
767710,0
767711,0
767712,0
767713,10
767714,17
767715,0
767716,0
767717,0
767718,0
767719,0
767720,0
767721,0
767722,0
767723,0
767724,0
767725,0
767726,0
767727,0
767728,0
767729,0
767730,0
767731,0
767732,0
767733,0
767734,0
767735,0
767736,21
767737,0
767738,0
767739,0
767740,0
767741,0
767742,0
767743,8
767744,0
767745,13
767746,0
767747,0
767748,0
767749,0
767750,0
767751,11
767752,0
767753,0
767754,0
767755,0
767756,12
767757,0
767758,0
767759,7
767760,0
767761,12
767762,0
767763,0
767764,20
767765,0
767766,0
767767,12
767768,15
767769,0
767770,0
767771,0
767772,0
767773,15
767774,14
767775,0
767776,0
767777,0
767778,0
767779,24
767780,12
767781,0
767782,0
767783,0
767784,0
767785,7
767786,0
767787,0
767788,0
767789,22
767790,11
767791,14
767792,20
767793,0
767794,0
767795,9
767796,0
767797,0
767798,0
767799,0
767800,0
767801,0
767802,8
767803,0
767804,0
767805,0
767806,0
767807,0
767808,0
767809,0
767810,6
767811,0
767812,0
767813,0
767814,0
767815,13
767816,13
767817,0
767818,0
767819,0
767820,0
767821,0
767822,11
767823,10
767824,0
767825,0
767826,0
767827,0
767828,16
767829,0
767830,24
767831,0
767832,0
767833,0
767834,0
767835,14
767836,0
767837,0
767838,0
767839,0
767840,11
767841,0
767842,0
767843,0
767844,0
767845,12
767846,18
767847,0
767848,14
767849,0
767850,17
767851,17
767852,21
767853,11
767854,0
767855,0
767856,0
767857,18
767858,0
767859,18
767860,0
767861,0
767862,0
767863,12
767864,0
767865,18
767866,10
767867,0
767868,0
767869,0
767870,9
767871,0
767872,13
767873,0
767874,0
767875,18
767876,0
767877,0
767878,0
767879,0
767880,0
767881,0
767882,0
767883,15
767884,0
767885,0
767886,0
767887,0
767888,0
767889,0
767890,0
767891,0
767892,18
767893,18
767894,0
767895,0
767896,11
767897,0
767898,17
767899,0
767900,0
767901,0
767902,19
767903,0
767904,9
767905,0
767906,0
767907,17
767908,13
767909,0
767910,0
767911,0
767912,0
767913,0
767914,11
767915,0
767916,0
767917,0
767918,13
767919,0
767920,0
767921,0
767922,14
767923,10
767924,0
767925,0
767926,0
767927,0
767928,0
767929,20
767930,9
767931,7
767932,0
767933,0
767934,0
767935,0
767936,0
767937,0
767938,0
767939,12
767940,0
767941,0
767942,0
767943,0
767944,0
767945,0
767946,0
767947,0
767948,0
767949,13
767950,0
767951,16
767952,9
767953,0
767954,0
767955,0
767956,0
767957,0
767958,0
767959,0
767960,0
767961,0
767962,0
767963,16
767964,0
767965,0
767966,13
767967,0
767968,0
767969,0
767970,0
767971,0
767972,0
767973,0
767974,0
767975,0
767976,0
767977,0
767978,0
767979,0
767980,0
767981,0
767982,0
767983,0
767984,0
767985,0
767986,14
767987,0
767988,0
767989,0
767990,0
767991,12
767992,0
767993,0
767994,0
767995,10
767996,0
767997,0
767998,14
767999,0
768000,0
768001,9
768002,20
768003,19
768004,0
768005,0
768006,0
768007,0
768008,0
768009,17
768010,0
768011,0
768012,8
768013,0
768014,15
768015,0
768016,0
768017,0
768018,12
768019,0
768020,0
768021,0
768022,0
768023,0
768024,0
768025,0
768026,11
768027,0
768028,0
768029,0
768030,0
768031,0
768032,0
768033,8
768034,0
768035,0
768036,0
768037,0
768038,0
768039,0
768040,0
768041,18
768042,0
768043,0
768044,0
768045,0
768046,0
768047,0
768048,0
768049,0
768050,0
768051,0
768052,11
768053,18
768054,0
768055,13
768056,0
768057,27
768058,0
768059,10
768060,0
768061,0
768062,0
768063,16
768064,0
768065,13
768066,7
768067,0
768068,13
768069,0
768070,0
768071,0
768072,0
768073,9
768074,0
768075,0
768076,0
768077,0
768078,12
768079,0
768080,0
768081,18
768082,0
768083,24
768084,0
768085,0
768086,0
768087,0
768088,9
768089,0
768090,0
768091,14
768092,0
768093,0
768094,17
768095,0
768096,19
768097,12
768098,14
768099,16
768100,0
768101,0
768102,0
768103,0
768104,15
768105,0
768106,0
768107,0
768108,0
768109,16
768110,18
768111,13
768112,0
768113,0
768114,0
768115,0
768116,0
768117,0
768118,0
768119,0
768120,15
768121,14
768122,0
768123,19
768124,0
768125,0
768126,14
768127,0
768128,0
768129,0
768130,0
768131,0
768132,0
768133,0
768134,0
768135,0
768136,0
768137,0
768138,0
768139,0
768140,0
768141,0
768142,20
768143,0
768144,0
768145,0
768146,29
768147,0
768148,0
768149,18
768150,0
768151,0
768152,0
768153,0
768154,0
768155,29
768156,0
768157,0
768158,0
768159,0
768160,0
768161,23
768162,32
768163,0
768164,0
768165,0
768166,22
768167,0
768168,42
768169,0
768170,29
768171,19
768172,0
768173,0
768174,0
768175,38
768176,13
768177,41
768178,0
768179,0
768180,0
768181,20
768182,0
768183,27
768184,0
768185,0
768186,0
768187,0
768188,0
768189,22
768190,0
768191,0
768192,0
768193,29
768194,0
768195,0
768196,32
768197,17
768198,0
768199,0
768200,0
768201,25
768202,0
768203,0
768204,0
768205,36
768206,0
768207,0
768208,36
768209,0
768210,15
768211,0
768212,33
768213,38
768214,0
768215,0
768216,0
768217,30
768218,0
768219,0
768220,25
768221,0
768222,0
768223,0
768224,0
768225,0
768226,0
768227,0
768228,0
768229,0
768230,24
768231,0
768232,0
768233,26
768234,27
768235,38
768236,26
768237,0
768238,22
768239,0
768240,0
768241,25
768242,0
768243,21
768244,22
768245,0
768246,44
768247,0
768248,0
768249,0
768250,0
768251,0
768252,0
768253,18
768254,0
768255,0
768256,0
768257,0
768258,0
768259,0
768260,0
768261,17
768262,0
768263,26
768264,31
768265,27
768266,0
768267,0
768268,0
768269,0
768270,0
768271,0
768272,0
768273,0
768274,0
768275,0
768276,20
768277,0
768278,0
768279,0
768280,28
768281,0
768282,0
768283,0
768284,0
768285,0
768286,0
768287,0
768288,0
768289,29
768290,0
768291,15
768292,0
768293,25
768294,24
768295,21
768296,23
768297,0
768298,0
768299,25
768300,23
768301,0
768302,0
768303,0
768304,20
768305,0
768306,0
768307,0
768308,17
768309,37
768310,0
768311,0
768312,0
768313,0
768314,0
768315,0
768316,29
768317,0
768318,32
768319,0
768320,0
768321,14
768322,0
768323,0
768324,0
768325,0
768326,0
768327,0
768328,0
768329,0
768330,23
768331,0
768332,31
768333,0
768334,22
768335,34
768336,38
768337,0
768338,0
768339,0
768340,0
768341,34
768342,0
768343,0
768344,0
768345,0
768346,0
768347,25
768348,35
768349,0
768350,0
768351,0
768352,0
768353,0
768354,0
768355,0
768356,0
768357,22
768358,0
768359,0
768360,0
768361,0
768362,24
768363,0
768364,0
768365,0
768366,14
768367,0
768368,29
768369,0
768370,0
768371,0
768372,0
768373,29
768374,0
768375,0
768376,0
768377,0
768378,0
768379,0
768380,0
768381,0
768382,30
768383,0
768384,0
768385,0
768386,0
768387,36
768388,34
768389,34
768390,0
768391,23
768392,0
768393,0
768394,30
768395,0
768396,38
768397,0
768398,41
768399,0
768400,0
768401,0
768402,0
768403,27
768404,0
768405,0
768406,22
768407,22
768408,10
768409,17
768410,17
768411,0
768412,36
768413,0
768414,0
768415,0
768416,0
768417,0
768418,0
768419,0
768420,22
768421,0
768422,0
768423,0
768424,0
768425,0
768426,0
768427,28
768428,0
768429,40
768430,29
768431,0
768432,0
768433,27
768434,0
768435,0
768436,20
768437,0
768438,0
768439,0
768440,0
768441,0
768442,0
768443,0
768444,0
768445,0
768446,0
768447,0
768448,0
768449,0
768450,26
768451,26
768452,33
768453,0
768454,0
768455,35
768456,0
768457,0
768458,0
768459,0
768460,22
768461,0
768462,0
768463,33
768464,25
768465,0
768466,0
768467,0
768468,19
768469,0
768470,0
768471,19
768472,0
768473,0
768474,0
768475,0
768476,0
768477,35
768478,0
768479,0
768480,0
768481,26
768482,0
768483,25
768484,0
768485,0
768486,23
768487,0
768488,0
768489,0
768490,0
768491,0
768492,0
768493,0
768494,0
768495,0
768496,0
768497,0
768498,0
768499,0
768500,37
768501,0
768502,0
768503,0
768504,0
768505,30
768506,0
768507,0
768508,0
768509,28
768510,0
768511,0
768512,32
768513,0
768514,0
768515,30
768516,0
768517,0
768518,0
768519,0
768520,0
768521,35
768522,0
768523,0
768524,0
768525,0
768526,0
768527,0
768528,0
768529,0
768530,25
768531,0
768532,0
768533,21
768534,0
768535,27
768536,42
768537,0
768538,0
768539,34
768540,0
768541,0
768542,0
768543,0
768544,0
768545,0
768546,0
768547,25
768548,16
768549,32
768550,0
768551,20
768552,26
768553,0
768554,0
768555,0
768556,28
768557,0
768558,0
768559,15
768560,17
768561,0
768562,0
768563,21
768564,0
768565,0
768566,0
768567,28
768568,27
768569,0
768570,0
768571,0
768572,0
768573,19
768574,37
768575,0
768576,0
768577,0
768578,0
768579,0
768580,0
768581,28
768582,0
768583,18
768584,17
768585,0
768586,0
768587,0
768588,28
768589,31
768590,29
768591,0
768592,0
768593,0
768594,0
768595,0
768596,0
768597,0
768598,0
768599,17
768600,0
768601,0
768602,0
768603,0
768604,18
768605,24
768606,26
768607,0
768608,27
768609,15
768610,0
768611,29
768612,0
768613,0
768614,0
768615,0
768616,0
768617,16
768618,0
768619,12
768620,0
768621,17
768622,0
768623,0
768624,37
768625,0
768626,0
768627,0
768628,32
768629,0
768630,0
768631,21
768632,21
768633,32
768634,30
768635,0
768636,0
768637,0
768638,21
768639,0
768640,0
768641,19
768642,20
768643,0
768644,0
768645,16
768646,0
768647,29
768648,0
768649,0
768650,0
768651,19
768652,0
768653,24
768654,0
768655,0
768656,0
768657,33
768658,0
768659,11
768660,0
768661,0
768662,0
768663,0
768664,0
768665,0
768666,0
768667,0
768668,15
768669,0
768670,0
768671,0
768672,0
768673,0
768674,0
768675,31
768676,33
768677,0
768678,0
768679,18
768680,0
768681,0
768682,0
768683,0
768684,0
768685,0
768686,0
768687,0
768688,0
768689,0
768690,0
768691,0
768692,0
768693,25
768694,0
768695,27
768696,0
768697,25
768698,0
768699,0
768700,23
768701,0
768702,0
768703,0
768704,0
768705,0
768706,0
768707,23
768708,29
768709,0
768710,32
768711,0
768712,26
768713,28
768714,0
768715,0
768716,0
768717,0
768718,17
768719,0
768720,0
768721,0
768722,0
768723,0
768724,0
768725,26
768726,0
768727,0
768728,0
768729,0
768730,0
768731,0
768732,33
768733,0
768734,48
768735,44
768736,0
768737,41
768738,0
768739,41
768740,0
768741,0
768742,0
768743,0
768744,0
768745,0
768746,0
768747,0
768748,39
768749,31
768750,0
768751,0
768752,0
768753,0
768754,0
768755,40
768756,0
768757,0
768758,0
768759,0
768760,0
768761,22
768762,0
768763,36
768764,27
768765,0
768766,0
768767,0
768768,0
768769,0
768770,0
768771,36
768772,56
768773,0
768774,0
768775,0
768776,0
768777,0
768778,0
768779,0
768780,0
768781,44
768782,0
768783,0
768784,0
768785,0
768786,0
768787,0
768788,0
768789,0
768790,0
768791,0
768792,0
768793,0
768794,0
768795,0
768796,0
768797,0
768798,0
768799,0
768800,0
768801,0
768802,0
768803,0
768804,0
768805,0
768806,0
768807,0
768808,0
768809,0
768810,0
768811,0
768812,0
768813,0
768814,40
768815,0
768816,36
768817,0
768818,0
768819,26
768820,0
768821,0
768822,0
768823,0
768824,0
768825,0
768826,0
768827,0
768828,0
768829,0
768830,0
768831,49
768832,0
768833,0
768834,0
768835,0
768836,0
768837,0
768838,0
768839,37
768840,0
768841,0
768842,0
768843,0
768844,0
768845,0
768846,0
768847,0
768848,0
768849,0
768850,0
768851,0
768852,27
768853,0
768854,0
768855,0
768856,0
768857,0
768858,36
768859,0
768860,0
768861,0
768862,0
768863,0
768864,0
768865,0
768866,0
768867,0
768868,0
768869,0
768870,0
768871,0
768872,0
768873,0
768874,0
768875,34
768876,0
768877,37
768878,44
768879,0
768880,42
768881,0
768882,0
768883,0
768884,37
768885,0
768886,0
768887,0
768888,0
768889,0
768890,0
768891,0
768892,46
768893,0
768894,0
768895,0
768896,0
768897,0
768898,0
768899,0
768900,0
768901,0
768902,0
768903,0
768904,0
768905,0
768906,0
768907,45
768908,0
768909,0
768910,0
768911,0
768912,0
768913,0
768914,39
768915,0
768916,0
768917,0
768918,0
768919,0
768920,0
768921,0
768922,0
768923,0
768924,0
768925,0
768926,0
768927,0
768928,0
768929,0
768930,0
768931,0
768932,0
768933,0
768934,0
768935,28
768936,0
768937,0
768938,0
768939,0
768940,35
768941,0
768942,24
768943,0
768944,35
768945,0
768946,0
768947,36
768948,0
768949,0
768950,0
768951,0
768952,0
768953,0
768954,41
768955,0
768956,0
768957,0
768958,0
768959,17
768960,0
768961,0
768962,0
768963,0
768964,0
768965,0
768966,0
768967,0
768968,0
768969,0
768970,0
768971,0
768972,0
768973,0
768974,0
768975,0
768976,0
768977,0
768978,0
768979,0
768980,0
768981,0
768982,0
768983,0
768984,0
768985,52
768986,0
768987,0
768988,0
768989,0
768990,0
768991,0
768992,0
768993,0
768994,24
768995,0
768996,0
768997,0
768998,0
768999,0
769000,0
769001,0
769002,0
769003,0
769004,0
769005,57
769006,0
769007,0
769008,0
769009,0
769010,0
769011,0
769012,0
769013,0
769014,0
769015,0
769016,33
769017,0
769018,0
769019,0
769020,0
769021,0
769022,0
769023,0
769024,0
769025,46
769026,0
769027,39
769028,0
769029,0
769030,0
769031,0
769032,0
769033,0
769034,0
769035,0
769036,0
769037,0
769038,0
769039,0
769040,0
769041,0
769042,0
769043,0
769044,0
769045,0
769046,0
769047,0
769048,0
769049,34
769050,0
769051,0
769052,0
769053,0
769054,0
769055,0
769056,0
769057,0
769058,0
769059,0
769060,48
769061,0
769062,44
769063,0
769064,0
769065,0
769066,0
769067,0
769068,0
769069,0
769070,0
769071,0
769072,0
769073,0
769074,0
769075,0
769076,0
769077,0
769078,0
769079,41
769080,0
769081,0
769082,0
769083,0
769084,0
769085,0
769086,0
769087,0
769088,0
769089,0
769090,0
769091,0
769092,0
769093,0
769094,0
769095,0
769096,0
769097,0
769098,0
769099,28
769100,0
769101,0
769102,0
769103,0
769104,0
769105,29
769106,32
769107,0
769108,32
769109,0
769110,0
769111,29
769112,0
769113,0
769114,0
769115,0
769116,0
769117,0
769118,0
769119,0
769120,0
769121,0
769122,0
769123,0
769124,0
769125,0
769126,0
769127,0
769128,0
769129,0
769130,0
769131,0
769132,0
769133,0
769134,0
769135,0
769136,0
769137,0
769138,0
769139,0
769140,0
769141,0
769142,0
769143,0
769144,21
769145,0
769146,0
769147,0
769148,0
769149,0
769150,0
769151,0
769152,0
769153,0
769154,0
769155,0
769156,0
769157,48
769158,0
769159,0
769160,47
769161,44
769162,0
769163,0
769164,0
769165,0
769166,0
769167,0
769168,0
769169,35
769170,45
769171,0
769172,0
769173,0
769174,0
769175,0
769176,23
769177,0
769178,0
769179,0
769180,0
769181,0
769182,0
769183,40
769184,0
769185,0
769186,0
769187,0
769188,0
769189,41
769190,56
769191,19
769192,0
769193,0
769194,0
769195,0
769196,50
769197,0
769198,0
769199,0
769200,0
769201,0
769202,0
769203,0
769204,0
769205,0
769206,0
769207,0
769208,0
769209,0
769210,0
769211,0
769212,0
769213,58
769214,0
769215,0
769216,42
769217,0
769218,27
769219,0
769220,0
769221,0
769222,0
769223,0
769224,0
769225,0
769226,45
769227,0
769228,0
769229,0
769230,41
769231,40
769232,0
769233,37
769234,0
769235,30
769236,0
769237,0
769238,0
769239,0
769240,35
769241,0
769242,0
769243,0
769244,0
769245,0
769246,0
769247,0
769248,0
769249,0
769250,0
769251,0
769252,0
769253,0
769254,0
769255,0
769256,0
769257,0
769258,0
769259,0
769260,0
769261,0
769262,0
769263,0
769264,0
769265,0
769266,0
769267,0
769268,0
769269,0
769270,0
769271,0
769272,0
769273,43
769274,0
769275,0
769276,0
769277,0
769278,0
769279,0
769280,0
769281,0
769282,47
769283,0
769284,0
769285,0
769286,0
769287,0
769288,0
769289,0
769290,0
769291,0
769292,31
769293,0
769294,0
769295,0
769296,0
769297,0
769298,0
769299,0
769300,0
769301,0
769302,0
769303,0
769304,0
769305,0
769306,0
769307,0
769308,0
769309,0
769310,47
769311,0
769312,0
769313,0
769314,0
769315,29
769316,0
769317,0
769318,0
769319,0
769320,0
769321,0
769322,0
769323,31
769324,0
769325,0
769326,0
769327,0
769328,0
769329,0
769330,0
769331,0
769332,0
769333,0
769334,0
769335,0
769336,0
769337,0
769338,0
769339,0
769340,0
769341,33
769342,35
769343,0
769344,0
769345,0
769346,0
769347,0
769348,0
769349,0
769350,0
769351,0
769352,0
769353,0
769354,0
769355,0
769356,33
769357,0
769358,0
769359,0
769360,0
769361,0
769362,0
769363,35
769364,0
769365,0
769366,0
769367,0
769368,0
769369,0
769370,0
769371,0
769372,0
769373,40
769374,0
769375,41
769376,0
769377,0
769378,0
769379,0
769380,0
769381,0
769382,0
769383,37
769384,0
769385,0
769386,0
769387,0
769388,0
769389,0
769390,0
769391,22
769392,0
769393,0
769394,0
769395,0
769396,0
769397,0
769398,0
769399,10
769400,0
769401,0
769402,0
769403,0
769404,0
769405,0
769406,18
769407,0
769408,0
769409,0
769410,0
769411,0
769412,0
769413,18
769414,0
769415,15
769416,0
769417,0
769418,0
769419,11
769420,0
769421,0
769422,0
769423,17
769424,0
769425,0
769426,15
769427,0
769428,0
769429,0
769430,0
769431,0
769432,12
769433,14
769434,0
769435,4
769436,0
769437,0
769438,0
769439,13
769440,0
769441,0
769442,0
769443,0
769444,0
769445,0
769446,0
769447,0
769448,12
769449,0
769450,10
769451,0
769452,0
769453,0
769454,0
769455,0
769456,0
769457,0
769458,0
769459,8
769460,0
769461,17
769462,0
769463,0
769464,0
769465,0
769466,0
769467,0
769468,0
769469,0
769470,0
769471,0
769472,0
769473,0
769474,0
769475,0
769476,0
769477,16
769478,0
769479,22
769480,0
769481,0
769482,0
769483,0
769484,0
769485,0
769486,11
769487,23
769488,0
769489,0
769490,0
769491,0
769492,0
769493,0
769494,0
769495,9
769496,9
769497,0
769498,13
769499,0
769500,13
769501,9
769502,0
769503,20
769504,0
769505,0
769506,0
769507,12
769508,0
769509,0
769510,0
769511,20
769512,0
769513,0
769514,0
769515,0
769516,0
769517,0
769518,0
769519,0
769520,0
769521,0
769522,0
769523,0
769524,0
769525,0
769526,15
769527,0
769528,0
769529,0
769530,0
769531,0
769532,0
769533,0
769534,0
769535,0
769536,0
769537,9
769538,0
769539,0
769540,0
769541,0
769542,0
769543,0
769544,12
769545,0
769546,0
769547,0
769548,0
769549,0
769550,0
769551,0
769552,0
769553,0
769554,0
769555,0
769556,0
769557,0
769558,0
769559,0
769560,8
769561,0
769562,0
769563,0
769564,0
769565,0
769566,0
769567,8
769568,0
769569,16
769570,0
769571,0
769572,0
769573,0
769574,8
769575,0
769576,0
769577,0
769578,0
769579,0
769580,16
769581,0
769582,0
769583,0
769584,0
769585,0
769586,0
769587,0
769588,14
769589,0
769590,0
769591,0
769592,14
769593,0
769594,0
769595,0
769596,0
769597,0
769598,11
769599,0
769600,0
769601,0
769602,0
769603,11
769604,13
769605,0
769606,0
769607,0
769608,15
769609,0
769610,0
769611,0
769612,0
769613,0
769614,0
769615,0
769616,0
769617,0
769618,0
769619,0
769620,0
769621,0
769622,11
769623,0
769624,0
769625,18
769626,0
769627,0
769628,0
769629,0
769630,0
769631,0
769632,10
769633,0
769634,0
769635,0
769636,0
769637,16
769638,0
769639,0
769640,0
769641,0
769642,0
769643,0
769644,0
769645,8
769646,0
769647,12
769648,0
769649,0
769650,0
769651,0
769652,0
769653,0
769654,0
769655,0
769656,0
769657,11
769658,0
769659,0
769660,0
769661,0
769662,0
769663,0
769664,0
769665,0
769666,0
769667,0
769668,0
769669,0
769670,0
769671,11
769672,0
769673,13
769674,0
769675,0
769676,0
769677,13
769678,0
769679,0
769680,13
769681,0
769682,13
769683,0
769684,0
769685,0
769686,0
769687,0
769688,0
769689,0
769690,18
769691,0
769692,0
769693,0
769694,0
769695,0
769696,10
769697,9
769698,0
769699,14
769700,0
769701,0
769702,0
769703,11
769704,0
769705,13
769706,0
769707,13
769708,0
769709,0
769710,0
769711,0
769712,0
769713,0
769714,0
769715,0
769716,0
769717,0
769718,0
769719,0
769720,0
769721,10
769722,22
769723,0
769724,0
769725,0
769726,0
769727,0
769728,0
769729,5
769730,0
769731,0
769732,16
769733,15
769734,0
769735,0
769736,0
769737,0
769738,0
769739,0
769740,0
769741,0
769742,0
769743,0
769744,0
769745,0
769746,0
769747,0
769748,0
769749,0
769750,0
769751,0
769752,0
769753,0
769754,0
769755,0
769756,0
769757,0
769758,0
769759,0
769760,0
769761,0
769762,0
769763,0
769764,0
769765,0
769766,0
769767,0
769768,0
769769,0
769770,0
769771,0
769772,0
769773,0
769774,0
769775,0
769776,0
769777,0
769778,0
769779,0
769780,0
769781,0
769782,0
769783,0
769784,2
769785,0
769786,0
769787,2
769788,0
769789,0
769790,0
769791,0
769792,0
769793,0
769794,0
769795,0
769796,0
769797,0
769798,0
769799,0
769800,0
769801,0
769802,0
769803,0
769804,0
769805,0
769806,0
769807,0
769808,0
769809,0
769810,0
769811,0
769812,0
769813,0
769814,0
769815,0
769816,0
769817,0
769818,0
769819,0
769820,0
769821,0
769822,0
769823,0
769824,0
769825,0
769826,0
769827,0
769828,0
769829,0
769830,0
769831,0
769832,0
769833,0
769834,0
769835,0
769836,0
769837,2
769838,0
769839,3
769840,0
769841,0
769842,0
769843,0
769844,0
769845,0
769846,0
769847,0
769848,0
769849,0
769850,0
769851,0
769852,1
769853,0
769854,0
769855,0
769856,0
769857,0
769858,0
769859,0
769860,0
769861,0
769862,0
769863,0
769864,0
769865,0
769866,0
769867,0
769868,0
769869,0
769870,0
769871,0
769872,0
769873,0
769874,0
769875,0
769876,0
769877,0
769878,0
769879,0
769880,0
769881,0
769882,0
769883,0
769884,0
769885,0
769886,0
769887,1
769888,0
769889,0
769890,0
769891,0
769892,0
769893,1
769894,0
769895,0
769896,0
769897,0
769898,0
769899,0
769900,0
769901,0
769902,0
769903,0
769904,0
769905,0
769906,0
769907,0
769908,0
769909,3
769910,0
769911,0
769912,0
769913,0
769914,0
769915,0
769916,0
769917,0
769918,0
769919,0
769920,0
769921,0
769922,0
769923,0
769924,0
769925,0
769926,0
769927,0
769928,0
769929,0
769930,0
769931,0
769932,0
769933,0
769934,0
769935,0
769936,0
769937,0
769938,0
769939,0
769940,0
769941,0
769942,2
769943,0
769944,0
769945,0
769946,0
769947,0
769948,0
769949,0
769950,0
769951,0
769952,0
769953,0
769954,0
769955,0
769956,0
769957,0
769958,0
769959,0
769960,0
769961,0
769962,0
769963,0
769964,0
769965,0
769966,0
769967,0
769968,0
769969,0
769970,0
769971,0
769972,0
769973,0
769974,0
769975,0
769976,0
769977,0
769978,0
769979,0
769980,0
769981,0
769982,0
769983,0
769984,0
769985,2
769986,0
769987,0
769988,0
769989,0
769990,0
769991,0
769992,0
769993,0
769994,0
769995,0
769996,0
769997,0
769998,0
769999,0
770000,0
770001,0
770002,0
770003,0
770004,0
770005,0
770006,0
770007,0
770008,0
770009,0
770010,0
770011,0
770012,0
770013,0
770014,0
770015,0
770016,0
770017,0
770018,0
770019,0
770020,0
770021,0
770022,0
770023,0
770024,0
770025,0
770026,0
770027,0
770028,0
770029,0
770030,0
770031,0
770032,0
770033,0
770034,0
770035,0
770036,0
770037,0
770038,0
770039,0
770040,0
770041,0
770042,0
770043,0
770044,0
770045,0
770046,0
770047,0
770048,0
770049,0
770050,0
770051,0
770052,0
770053,0
770054,0
770055,0
770056,0
770057,0
770058,0
770059,0
770060,0
770061,0
770062,0
770063,0
770064,0
770065,0
770066,0
770067,0
770068,0
770069,0
770070,0
770071,0
770072,0
770073,0
770074,0
770075,0
770076,0
770077,0
770078,0
770079,0
770080,0
770081,0
770082,0
770083,0
770084,0
770085,0
770086,0
770087,0
770088,0
770089,0
770090,0
770091,0
770092,0
770093,0
770094,0
770095,0
770096,0
770097,0
770098,0
770099,0
770100,0
770101,0
770102,0
770103,0
770104,0
770105,0
770106,0
770107,0
770108,0
770109,0
770110,0
770111,0
770112,0
770113,0
770114,0
770115,0
770116,0
770117,0
770118,0
770119,0
770120,0
770121,0
770122,0
770123,2
770124,0
770125,0
770126,0
770127,0
770128,0
770129,0
770130,0
770131,0
770132,0
770133,0
770134,3
770135,0
770136,0
770137,0
770138,0
770139,0
770140,0
770141,0
770142,0
770143,0
770144,0
770145,0
770146,0
770147,0
770148,0
770149,0
770150,0
770151,0
770152,0
770153,1
770154,0
770155,1
770156,0
770157,0
770158,0
770159,0
770160,0
770161,0
770162,0
770163,0
770164,0
770165,0
770166,0
770167,0
770168,0
770169,0
770170,0
770171,0
770172,0
770173,0
770174,0
770175,0
770176,0
770177,0
770178,0
770179,0
770180,0
770181,0
770182,0
770183,0
770184,0
770185,0
770186,0
770187,0
770188,0
770189,0
770190,0
770191,0
770192,0
770193,0
770194,0
770195,1
770196,0
770197,0
770198,0
770199,0
770200,1
770201,0
770202,3
770203,0
770204,0
770205,0
770206,0
770207,0
770208,0
770209,0
770210,0
770211,0
770212,0
770213,0
770214,0
770215,0
770216,0
770217,0
770218,0
770219,0
770220,0
770221,0
770222,0
770223,0
770224,0
770225,0
770226,0
770227,0
770228,0
770229,0
770230,0
770231,0
770232,0
770233,0
770234,0
770235,0
770236,0
770237,0
770238,0
770239,0
770240,0
770241,0
770242,0
770243,0
770244,0
770245,0
770246,0
770247,0
770248,0
770249,0
770250,0
770251,0
770252,0
770253,0
770254,0
770255,0
770256,0
770257,0
770258,0
770259,0
770260,0
770261,0
770262,0
770263,0
770264,0
770265,0
770266,0
770267,0
770268,0
770269,0
770270,0
770271,0
770272,0
770273,0
770274,0
770275,0
770276,0
770277,0
770278,0
770279,0
770280,0
770281,0
770282,0
770283,0
770284,0
770285,0
770286,0
770287,0
770288,0
770289,0
770290,0
770291,0
770292,0
770293,0
770294,0
770295,0
770296,0
770297,0
770298,0
770299,0
770300,0
770301,0
770302,0
770303,0
770304,0
770305,0
770306,0
770307,0
770308,0
770309,0
770310,0
770311,0
770312,1
770313,0
770314,0
770315,0
770316,0
770317,0
770318,0
770319,0
770320,0
770321,0
770322,0
770323,0
770324,0
770325,0
770326,0
770327,0
770328,0
770329,0
770330,0
770331,0
770332,0
770333,2
770334,0
770335,0
770336,0
770337,0
770338,0
770339,0
770340,0
770341,0
770342,0
770343,0
770344,0
770345,0
770346,1
770347,0
770348,0
770349,2
770350,0
770351,0
770352,0
770353,0
770354,0
770355,0
770356,0
770357,0
770358,0
770359,0
770360,0
770361,0
770362,0
770363,0
770364,0
770365,0
770366,0
770367,0
770368,0
770369,0
770370,0
770371,0
770372,0
770373,0
770374,0
770375,0
770376,0
770377,0
770378,0
770379,0
770380,0
770381,0
770382,0
770383,0
770384,0
770385,0
770386,0
770387,0
770388,0
770389,0
770390,0
770391,0
770392,0
770393,0
770394,3
770395,0
770396,0
770397,0
770398,0
770399,2
770400,0
770401,0
770402,0
770403,0
770404,0
770405,0
770406,0
770407,0
770408,0
770409,0
770410,0
770411,0
770412,0
770413,0
770414,0
770415,0
770416,0
770417,0
770418,0
770419,0
770420,0
770421,0
770422,0
770423,0
770424,0
770425,0
770426,0
770427,0
770428,0
770429,0
770430,0
770431,0
770432,0
770433,0
770434,18
770435,0
770436,0
770437,0
770438,0
770439,0
770440,0
770441,22
770442,0
770443,0
770444,0
770445,0
770446,0
770447,0
770448,0
770449,0
770450,0
770451,20
770452,0
770453,0
770454,0
770455,19
770456,0
770457,0
770458,0
770459,0
770460,0
770461,0
770462,0
770463,0
770464,19
770465,0
770466,0
770467,0
770468,0
770469,0
770470,0
770471,0
770472,0
770473,0
770474,0
770475,18
770476,0
770477,0
770478,0
770479,0
770480,0
770481,0
770482,0
770483,0
770484,0
770485,0
770486,0
770487,0
770488,0
770489,0
770490,0
770491,0
770492,0
770493,0
770494,0
770495,0
770496,0
770497,0
770498,0
770499,0
770500,0
770501,0
770502,25
770503,0
770504,0
770505,0
770506,0
770507,0
770508,14
770509,0
770510,16
770511,0
770512,0
770513,0
770514,0
770515,12
770516,0
770517,0
770518,0
770519,0
770520,0
770521,0
770522,0
770523,0
770524,0
770525,0
770526,0
770527,0
770528,0
770529,0
770530,0
770531,14
770532,22
770533,0
770534,0
770535,0
770536,0
770537,21
770538,0
770539,0
770540,0
770541,0
770542,0
770543,0
770544,0
770545,23
770546,0
770547,14
770548,10
770549,0
770550,0
770551,12
770552,0
770553,0
770554,0
770555,12
770556,0
770557,0
770558,0
770559,0
770560,11
770561,10
770562,0
770563,11
770564,17
770565,0
770566,0
770567,0
770568,0
770569,0
770570,10
770571,15
770572,0
770573,0
770574,16
770575,0
770576,10
770577,0
770578,0
770579,0
770580,15
770581,0
770582,0
770583,0
770584,0
770585,14
770586,15
770587,0
770588,12
770589,0
770590,0
770591,7
770592,0
770593,0
770594,0
770595,0
770596,12
770597,0
770598,0
770599,0
770600,0
770601,0
770602,0
770603,0
770604,0
770605,20
770606,0
770607,0
770608,0
770609,9
770610,0
770611,0
770612,0
770613,0
770614,0
770615,0
770616,0
770617,0
770618,17
770619,0
770620,0
770621,0
770622,0
770623,0
770624,0
770625,0
770626,0
770627,0
770628,0
770629,0
770630,0
770631,0
770632,0
770633,0
770634,0
770635,0
770636,0
770637,0
770638,0
770639,0
770640,0
770641,0
770642,24
770643,14
770644,0
770645,0
770646,0
770647,0
770648,0
770649,0
770650,0
770651,0
770652,0
770653,0
770654,11
770655,0
770656,0
770657,0
770658,0
770659,0
770660,13
770661,0
770662,0
770663,0
770664,0
770665,0
770666,0
770667,0
770668,0
770669,0
770670,0
770671,9
770672,0
770673,0
770674,0
770675,0
770676,18
770677,0
770678,0
770679,0
770680,0
770681,8
770682,0
770683,0
770684,21
770685,12
770686,0
770687,19
770688,0
770689,0
770690,28
770691,0
770692,0
770693,0
770694,27
770695,0
770696,0
770697,0
770698,25
770699,51
770700,0
770701,0
770702,0
770703,0
770704,0
770705,0
770706,43
770707,0
770708,0
770709,0
770710,0
770711,0
770712,28
770713,0
770714,34
770715,0
770716,33
770717,0
770718,0
770719,0
770720,0
770721,0
770722,0
770723,0
770724,0
770725,0
770726,0
770727,0
770728,0
770729,0
770730,37
770731,0
770732,0
770733,0
770734,0
770735,0
770736,0
770737,0
770738,0
770739,0
770740,26
770741,0
770742,0
770743,0
770744,0
770745,23
770746,0
770747,0
770748,0
770749,0
770750,0
770751,0
770752,0
770753,0
770754,0
770755,0
770756,0
770757,0
770758,27
770759,41
770760,0
770761,34
770762,0
770763,0
770764,0
770765,0
770766,32
770767,0
770768,0
770769,0
770770,0
770771,0
770772,0
770773,0
770774,0
770775,0
770776,0
770777,0
770778,38
770779,0
770780,0
770781,0
770782,0
770783,0
770784,0
770785,0
770786,0
770787,0
770788,0
770789,0
770790,0
770791,25
770792,0
770793,0
770794,0
770795,19
770796,0
770797,36
770798,40
770799,0
770800,0
770801,0
770802,0
770803,0
770804,0
770805,0
770806,0
770807,0
770808,38
770809,0
770810,44
770811,23
770812,0
770813,0
770814,0
770815,0
770816,0
770817,34
770818,33
770819,0
770820,0
770821,0
770822,0
770823,0
770824,0
770825,0
770826,0
770827,30
770828,18
770829,0
770830,0
770831,31
770832,0
770833,0
770834,0
770835,0
770836,0
770837,0
770838,0
770839,0
770840,0
770841,0
770842,30
770843,26
770844,31
770845,0
770846,0
770847,0
770848,0
770849,37
770850,0
770851,26
770852,0
770853,0
770854,40
770855,0
770856,0
770857,28
770858,0
770859,0
770860,0
770861,0
770862,0
770863,17
770864,0
770865,0
770866,0
770867,0
770868,0
770869,29
770870,0
770871,0
770872,0
770873,44
770874,0
770875,0
770876,34
770877,0
770878,0
770879,0
770880,0
770881,0
770882,0
770883,18
770884,0
770885,42
770886,34
770887,28
770888,40
770889,0
770890,0
770891,53
770892,0
770893,0
770894,0
770895,0
770896,0
770897,0
770898,30
770899,0
770900,0
770901,0
770902,0
770903,0
770904,0
770905,0
770906,0
770907,0
770908,0
770909,32
770910,40
770911,0
770912,0
770913,33
770914,13
770915,36
770916,0
770917,30
770918,0
770919,0
770920,0
770921,34
770922,0
770923,0
770924,42
770925,0
770926,0
770927,0
770928,24
770929,0
770930,0
770931,0
770932,0
770933,0
770934,0
770935,0
770936,0
770937,0
770938,26
770939,0
770940,48
770941,0
770942,0
770943,0
770944,0
770945,32
770946,0
770947,26
770948,0
770949,0
770950,0
770951,36
770952,0
770953,36
770954,0
770955,14
770956,0
770957,46
770958,0
770959,14
770960,0
770961,0
770962,0
770963,0
770964,0
770965,19
770966,0
770967,35
770968,0
770969,0
770970,24
770971,0
770972,0
770973,0
770974,0
770975,0
770976,0
770977,0
770978,37
770979,0
770980,0
770981,22
770982,39
770983,0
770984,22
770985,0
770986,0
770987,0
770988,0
770989,15
770990,19
770991,0
770992,0
770993,30
770994,0
770995,0
770996,0
770997,0
770998,0
770999,0
771000,0
771001,17
771002,0
771003,0
771004,17
771005,0
771006,0
771007,17
771008,0
771009,0
771010,0
771011,0
771012,0
771013,0
771014,13
771015,0
771016,17
771017,17
771018,10
771019,0
771020,0
771021,0
771022,0
771023,0
771024,0
771025,0
771026,17
771027,0
771028,0
771029,0
771030,0
771031,0
771032,22
771033,0
771034,0
771035,0
771036,0
771037,0
771038,0
771039,25
771040,0
771041,15
771042,0
771043,0
771044,0
771045,20
771046,27
771047,0
771048,16
771049,0
771050,0
771051,25
771052,0
771053,17
771054,26
771055,0
771056,27
771057,11
771058,0
771059,10
771060,0
771061,0
771062,0
771063,0
771064,0
771065,0
771066,0
771067,0
771068,0
771069,0
771070,11
771071,19
771072,0
771073,0
771074,0
771075,34
771076,15
771077,0
771078,0
771079,0
771080,0
771081,0
771082,0
771083,0
771084,0
771085,0
771086,0
771087,0
771088,0
771089,0
771090,21
771091,21
771092,18
771093,0
771094,20
771095,0
771096,24
771097,0
771098,0
771099,0
771100,14
771101,0
771102,0
771103,0
771104,18
771105,0
771106,0
771107,0
771108,0
771109,27
771110,0
771111,0
771112,0
771113,0
771114,17
771115,18
771116,0
771117,0
771118,22
771119,0
771120,34
771121,0
771122,0
771123,24
771124,0
771125,12
771126,0
771127,0
771128,16
771129,0
771130,0
771131,0
771132,0
771133,19
771134,0
771135,23
771136,0
771137,0
771138,0
771139,0
771140,0
771141,17
771142,0
771143,0
771144,0
771145,0
771146,0
771147,0
771148,0
771149,0
771150,23
771151,0
771152,20
771153,0
771154,0
771155,15
771156,18
771157,0
771158,0
771159,21
771160,0
771161,0
771162,16
771163,0
771164,0
771165,22
771166,0
771167,0
771168,13
771169,0
771170,0
771171,23
771172,0
771173,16
771174,19
771175,0
771176,0
771177,0
771178,26
771179,0
771180,24
771181,0
771182,0
771183,0
771184,0
771185,0
771186,0
771187,0
771188,0
771189,24
771190,0
771191,0
771192,23
771193,0
771194,27
771195,0
771196,0
771197,25
771198,0
771199,0
771200,0
771201,9
771202,0
771203,28
771204,0
771205,0
771206,26
771207,0
771208,0
771209,0
771210,14
771211,0
771212,0
771213,0
771214,0
771215,0
771216,0
771217,0
771218,0
771219,0
771220,0
771221,21
771222,0
771223,0
771224,0
771225,0
771226,0
771227,14
771228,0
771229,0
771230,0
771231,0
771232,0
771233,0
771234,0
771235,0
771236,0
771237,0
771238,0
771239,0
771240,0
771241,16
771242,0
771243,0
771244,0
771245,19
771246,0
771247,0
771248,0
771249,0
771250,18
771251,0
771252,0
771253,0
771254,20
771255,0
771256,0
771257,0
771258,0
771259,0
771260,0
771261,0
771262,26
771263,0
771264,0
771265,0
771266,0
771267,0
771268,19
771269,0
771270,22
771271,0
771272,0
771273,0
771274,0
771275,0
771276,0
771277,0
771278,0
771279,13
771280,0
771281,21
771282,10
771283,0
771284,0
771285,19
771286,0
771287,0
771288,0
771289,0
771290,0
771291,0
771292,17
771293,0
771294,19
771295,0
771296,0
771297,0
771298,0
771299,15
771300,0
771301,0
771302,0
771303,0
771304,27
771305,0
771306,0
771307,0
771308,0
771309,0
771310,0
771311,0
771312,0
771313,0
771314,0
771315,0
771316,0
771317,0
771318,0
771319,0
771320,0
771321,0
771322,0
771323,0
771324,15
771325,23
771326,0
771327,0
771328,0
771329,18
771330,0
771331,0
771332,0
771333,0
771334,22
771335,19
771336,0
771337,12
771338,0
771339,0
771340,0
771341,0
771342,0
771343,0
771344,0
771345,0
771346,0
771347,18
771348,0
771349,0
771350,0
771351,16
771352,14
771353,0
771354,0
771355,0
771356,0
771357,0
771358,10
771359,19
771360,17
771361,19
771362,0
771363,0
771364,0
771365,13
771366,9
771367,0
771368,0
771369,28
771370,20
771371,20
771372,0
771373,0
771374,25
771375,11
771376,0
771377,0
771378,0
771379,0
771380,20
771381,0
771382,0
771383,0
771384,0
771385,18
771386,0
771387,0
771388,0
771389,0
771390,19
771391,0
771392,19
771393,0
771394,13
771395,0
771396,14
771397,15
771398,0
771399,0
771400,0
771401,0
771402,0
771403,0
771404,0
771405,19
771406,0
771407,0
771408,12
771409,0
771410,0
771411,0
771412,14
771413,0
771414,20
771415,0
771416,0
771417,0
771418,0
771419,0
771420,0
771421,0
771422,0
771423,0
771424,0
771425,0
771426,0
771427,29
771428,0
771429,30
771430,0
771431,0
771432,0
771433,0
771434,0
771435,0
771436,19
771437,0
771438,0
771439,0
771440,0
771441,16
771442,32
771443,0
771444,0
771445,17
771446,0
771447,0
771448,0
771449,0
771450,13
771451,0
771452,0
771453,0
771454,0
771455,8
771456,0
771457,0
771458,0
771459,25
771460,0
771461,0
771462,12
771463,0
771464,0
771465,0
771466,27
771467,0
771468,0
771469,0
771470,0
771471,0
771472,19
771473,0
771474,0
771475,0
771476,0
771477,17
771478,23
771479,0
771480,0
771481,16
771482,0
771483,0
771484,0
771485,0
771486,0
771487,0
771488,0
771489,0
771490,0
771491,0
771492,0
771493,0
771494,0
771495,0
771496,0
771497,0
771498,22
771499,0
771500,0
771501,0
771502,0
771503,0
771504,0
771505,0
771506,0
771507,0
771508,0
771509,0
771510,0
771511,0
771512,36
771513,0
771514,0
771515,42
771516,34
771517,39
771518,0
771519,0
771520,0
771521,0
771522,0
771523,0
771524,0
771525,0
771526,0
771527,0
771528,0
771529,0
771530,0
771531,0
771532,0
771533,0
771534,0
771535,0
771536,0
771537,0
771538,0
771539,0
771540,0
771541,0
771542,0
771543,0
771544,0
771545,55
771546,0
771547,0
771548,0
771549,0
771550,0
771551,0
771552,38
771553,0
771554,0
771555,0
771556,0
771557,0
771558,0
771559,0
771560,0
771561,0
771562,0
771563,0
771564,0
771565,0
771566,0
771567,0
771568,0
771569,0
771570,0
771571,0
771572,0
771573,29
771574,0
771575,0
771576,0
771577,0
771578,0
771579,0
771580,0
771581,0
771582,0
771583,0
771584,0
771585,0
771586,0
771587,0
771588,0
771589,0
771590,0
771591,0
771592,0
771593,0
771594,0
771595,0
771596,0
771597,0
771598,0
771599,0
771600,0
771601,0
771602,0
771603,0
771604,43
771605,22
771606,0
771607,0
771608,0
771609,0
771610,0
771611,0
771612,39
771613,0
771614,0
771615,0
771616,25
771617,0
771618,0
771619,0
771620,0
771621,0
771622,0
771623,0
771624,0
771625,0
771626,0
771627,0
771628,0
771629,0
771630,0
771631,0
771632,50
771633,0
771634,0
771635,0
771636,0
771637,0
771638,0
771639,51
771640,0
771641,0
771642,0
771643,0
771644,0
771645,0
771646,0
771647,0
771648,0
771649,0
771650,0
771651,0
771652,0
771653,0
771654,0
771655,0
771656,0
771657,0
771658,0
771659,0
771660,0
771661,0
771662,0
771663,0
771664,33
771665,0
771666,0
771667,0
771668,0
771669,0
771670,0
771671,0
771672,0
771673,0
771674,0
771675,0
771676,0
771677,0
771678,0
771679,40
771680,0
771681,0
771682,49
771683,0
771684,0
771685,0
771686,0
771687,0
771688,0
771689,0
771690,0
771691,0
771692,0
771693,0
771694,0
771695,0
771696,0
771697,0
771698,0
771699,0
771700,0
771701,0
771702,0
771703,0
771704,0
771705,0
771706,0
771707,0
771708,0
771709,0
771710,0
771711,0
771712,0
771713,0
771714,0
771715,0
771716,0
771717,0
771718,0
771719,0
771720,53
771721,0
771722,0
771723,0
771724,0
771725,0
771726,0
771727,0
771728,0
771729,0
771730,0
771731,35
771732,0
771733,0
771734,0
771735,0
771736,0
771737,0
771738,0
771739,0
771740,39
771741,0
771742,0
771743,0
771744,0
771745,0
771746,0
771747,0
771748,55
771749,29
771750,0
771751,0
771752,0
771753,0
771754,0
771755,0
771756,0
771757,0
771758,0
771759,0
771760,0
771761,0
771762,0
771763,0
771764,0
771765,0
771766,0
771767,0
771768,0
771769,34
771770,0
771771,0
771772,0
771773,0
771774,0
771775,0
771776,0
771777,0
771778,0
771779,37
771780,0
771781,0
771782,0
771783,0
771784,0
771785,0
771786,0
771787,37
771788,0
771789,0
771790,29
771791,28
771792,0
771793,0
771794,0
771795,0
771796,0
771797,0
771798,0
771799,0
771800,41
771801,0
771802,26
771803,0
771804,26
771805,0
771806,0
771807,0
771808,0
771809,0
771810,0
771811,30
771812,0
771813,0
771814,0
771815,0
771816,0
771817,44
771818,0
771819,0
771820,0
771821,0
771822,0
771823,0
771824,0
771825,0
771826,0
771827,0
771828,0
771829,0
771830,0
771831,0
771832,0
771833,0
771834,0
771835,0
771836,0
771837,0
771838,0
771839,0
771840,0
771841,0
771842,0
771843,0
771844,0
771845,0
771846,0
771847,0
771848,0
771849,0
771850,0
771851,0
771852,0
771853,0
771854,0
771855,0
771856,28
771857,0
771858,0
771859,0
771860,53
771861,0
771862,0
771863,0
771864,0
771865,0
771866,0
771867,0
771868,0
771869,0
771870,0
771871,0
771872,0
771873,41
771874,0
771875,0
771876,0
771877,0
771878,0
771879,0
771880,0
771881,0
771882,0
771883,0
771884,0
771885,0
771886,0
771887,0
771888,0
771889,0
771890,0
771891,0
771892,0
771893,0
771894,0
771895,0
771896,0
771897,0
771898,0
771899,0
771900,0
771901,0
771902,0
771903,0
771904,0
771905,0
771906,46
771907,50
771908,0
771909,0
771910,0
771911,0
771912,0
771913,0
771914,0
771915,0
771916,0
771917,0
771918,0
771919,0
771920,0
771921,0
771922,0
771923,0
771924,0
771925,0
771926,0
771927,0
771928,0
771929,0
771930,0
771931,0
771932,38
771933,0
771934,0
771935,0
771936,0
771937,0
771938,41
771939,48
771940,0
771941,0
771942,0
771943,31
771944,0
771945,0
771946,0
771947,0
771948,0
771949,0
771950,0
771951,0
771952,0
771953,35
771954,39
771955,0
771956,0
771957,0
771958,0
771959,0
771960,0
771961,0
771962,0
771963,0
771964,37
771965,0
771966,0
771967,0
771968,0
771969,0
771970,0
771971,0
771972,0
771973,0
771974,0
771975,0
771976,0
771977,0
771978,0
771979,0
771980,0
771981,0
771982,0
771983,0
771984,0
771985,0
771986,0
771987,0
771988,0
771989,0
771990,0
771991,0
771992,0
771993,0
771994,0
771995,0
771996,0
771997,0
771998,0
771999,0
772000,0
772001,0
772002,0
772003,0
772004,0
772005,0
772006,0
772007,0
772008,0
772009,0
772010,55
772011,0
772012,33
772013,0
772014,0
772015,26
772016,0
772017,0
772018,0
772019,46
772020,0
772021,0
772022,0
772023,0
772024,34
772025,0
772026,0
772027,0
772028,35
772029,0
772030,0
772031,30
772032,0
772033,0
772034,26
772035,0
772036,0
772037,0
772038,0
772039,0
772040,0
772041,0
772042,0
772043,0
772044,0
772045,0
772046,0
772047,0
772048,0
772049,0
772050,0
772051,0
772052,0
772053,0
772054,0
772055,0
772056,0
772057,0
772058,42
772059,0
772060,0
772061,0
772062,0
772063,0
772064,0
772065,0
772066,41
772067,0
772068,0
772069,0
772070,0
772071,0
772072,0
772073,35
772074,0
772075,0
772076,0
772077,0
772078,0
772079,0
772080,0
772081,0
772082,0
772083,0
772084,0
772085,0
772086,0
772087,0
772088,0
772089,0
772090,0
772091,0
772092,0
772093,0
772094,0
772095,0
772096,0
772097,0
772098,0
772099,0
772100,0
772101,0
772102,0
772103,0
772104,0
772105,0
772106,0
772107,0
772108,0
772109,0
772110,0
772111,45
772112,0
772113,0
772114,0
772115,0
772116,0
772117,0
772118,0
772119,0
772120,0
772121,0
772122,0
772123,0
772124,0
772125,0
772126,0
772127,0
772128,0
772129,0
772130,0
772131,0
772132,0
772133,0
772134,0
772135,0
772136,0
772137,0
772138,0
772139,31
772140,0
772141,0
772142,0
772143,0
772144,0
772145,0
772146,0
772147,48
772148,0
772149,0
772150,0
772151,0
772152,0
772153,0
772154,0
772155,0
772156,0
772157,0
772158,0
772159,0
772160,0
772161,0
772162,0
772163,0
772164,0
772165,0
772166,0
772167,0
772168,0
772169,0
772170,0
772171,0
772172,0
772173,0
772174,0
772175,0
772176,0
772177,0
772178,0
772179,0
772180,0
772181,0
772182,0
772183,0
772184,0
772185,0
772186,0
772187,0
772188,0
772189,0
772190,0
772191,0
772192,0
772193,0
772194,0
772195,0
772196,0
772197,0
772198,0
772199,0
772200,0
772201,0
772202,0
772203,0
772204,0
772205,0
772206,0
772207,50
772208,0
772209,0
772210,41
772211,0
772212,0
772213,0
772214,0
772215,0
772216,0
772217,0
772218,0
772219,0
772220,0
772221,0
772222,0
772223,0
772224,0
772225,0
772226,0
772227,0
772228,33
772229,0
772230,0
772231,0
772232,0
772233,0
772234,0
772235,0
772236,0
772237,0
772238,0
772239,0
772240,0
772241,0
772242,0
772243,0
772244,0
772245,0
772246,0
772247,0
772248,0
772249,0
772250,0
772251,0
772252,0
772253,0
772254,0
772255,0
772256,0
772257,0
772258,0
772259,0
772260,0
772261,0
772262,0
772263,0
772264,0
772265,0
772266,0
772267,0
772268,0
772269,0
772270,0
772271,0
772272,0
772273,0
772274,0
772275,0
772276,0
772277,38
772278,0
772279,45
772280,0
772281,0
772282,0
772283,0
772284,0
772285,0
772286,0
772287,0
772288,0
772289,0
772290,0
772291,0
772292,0
772293,0
772294,0
772295,0
772296,0
772297,0
772298,0
772299,0
772300,0
772301,0
772302,0
772303,0
772304,0
772305,0
772306,0
772307,0
772308,0
772309,0
772310,0
772311,0
772312,0
772313,0
772314,0
772315,0
772316,0
772317,0
772318,38
772319,0
772320,0
772321,0
772322,45
772323,0
772324,0
772325,0
772326,0
772327,0
772328,0
772329,0
772330,39
772331,0
772332,0
772333,0
772334,0
772335,0
772336,0
772337,0
772338,0
772339,0
772340,0
772341,0
772342,0
772343,0
772344,0
772345,0
772346,0
772347,0
772348,0
772349,0
772350,0
772351,0
772352,0
772353,0
772354,0
772355,0
772356,0
772357,40
772358,0
772359,0
772360,0
772361,0
772362,35
772363,0
772364,0
772365,0
772366,0
772367,0
772368,0
772369,33
772370,0
772371,0
772372,0
772373,0
772374,0
772375,0
772376,0
772377,0
772378,0
772379,0
772380,0
772381,0
772382,28
772383,0
772384,0
772385,0
772386,0
772387,0
772388,0
772389,0
772390,0
772391,0
772392,0
772393,0
772394,44
772395,0
772396,0
772397,0
772398,0
772399,0
772400,0
772401,0
772402,0
772403,0
772404,0
772405,0
772406,53
772407,0
772408,0
772409,0
772410,0
772411,0
772412,0
772413,0
772414,0
772415,44
772416,0
772417,0
772418,0
772419,0
772420,0
772421,0
772422,0
772423,0
772424,0
772425,0
772426,0
772427,0
772428,0
772429,36
772430,0
772431,41
772432,0
772433,0
772434,0
772435,0
772436,0
772437,0
772438,0
772439,0
772440,0
772441,0
772442,0
772443,0
772444,0
772445,0
772446,0
772447,0
772448,0
772449,0
772450,0
772451,0
772452,0
772453,0
772454,0
772455,0
772456,0
772457,0
772458,0
772459,0
772460,0
772461,46
772462,0
772463,0
772464,0
772465,0
772466,0
772467,0
772468,0
772469,0
772470,0
772471,0
772472,0
772473,0
772474,0
772475,0
772476,0
772477,0
772478,0
772479,0
772480,0
772481,0
772482,0
772483,0
772484,0
772485,0
772486,0
772487,0
772488,0
772489,0
772490,0
772491,0
772492,0
772493,0
772494,0
772495,0
772496,0
772497,0
772498,0
772499,0
772500,0
772501,0
772502,0
772503,0
772504,0
772505,0
772506,0
772507,0
772508,0
772509,0
772510,0
772511,0
772512,0
772513,0
772514,0
772515,0
772516,0
772517,0
772518,0
772519,0
772520,1
772521,0
772522,0
772523,0
772524,0
772525,0
772526,0
772527,0
772528,0
772529,0
772530,0
772531,0
772532,0
772533,0
772534,0
772535,0
772536,0
772537,0
772538,0
772539,0
772540,0
772541,0
772542,0
772543,0
772544,0
772545,0
772546,0
772547,0
772548,0
772549,0
772550,0
772551,0
772552,0
772553,0
772554,0
772555,0
772556,0
772557,0
772558,0
772559,0
772560,0
772561,0
772562,0
772563,0
772564,0
772565,0
772566,0
772567,0
772568,0
772569,0
772570,0
772571,0
772572,1
772573,0
772574,0
772575,0
772576,0
772577,0
772578,0
772579,0
772580,0
772581,0
772582,0
772583,0
772584,0
772585,0
772586,0
772587,0
772588,0
772589,0
772590,0
772591,0
772592,0
772593,0
772594,0
772595,0
772596,0
772597,0
772598,0
772599,0
772600,0
772601,0
772602,0
772603,0
772604,0
772605,0
772606,0
772607,0
772608,0
772609,0
772610,0
772611,0
772612,0
772613,0
772614,0
772615,0
772616,0
772617,0
772618,0
772619,0
772620,0
772621,1
772622,0
772623,0
772624,0
772625,0
772626,1
772627,0
772628,1
772629,0
772630,0
772631,0
772632,0
772633,0
772634,0
772635,0
772636,0
772637,0
772638,0
772639,0
772640,0
772641,0
772642,0
772643,0
772644,0
772645,0
772646,0
772647,0
772648,0
772649,0
772650,0
772651,0
772652,0
772653,0
772654,0
772655,0
772656,0
772657,0
772658,0
772659,0
772660,0
772661,0
772662,0
772663,0
772664,0
772665,0
772666,0
772667,0
772668,0
772669,0
772670,0
772671,0
772672,0
772673,0
772674,0
772675,0
772676,0
772677,0
772678,0
772679,0
772680,0
772681,0
772682,0
772683,0
772684,0
772685,0
772686,0
772687,0
772688,0
772689,0
772690,0
772691,0
772692,0
772693,0
772694,0
772695,0
772696,0
772697,0
772698,0
772699,0
772700,0
772701,0
772702,0
772703,0
772704,0
772705,0
772706,0
772707,0
772708,0
772709,0
772710,0
772711,0
772712,0
772713,0
772714,0
772715,0
772716,0
772717,0
772718,0
772719,0
772720,0
772721,0
772722,0
772723,0
772724,0
772725,0
772726,0
772727,0
772728,0
772729,0
772730,0
772731,0
772732,0
772733,0
772734,0
772735,0
772736,0
772737,0
772738,0
772739,0
772740,0
772741,0
772742,0
772743,0
772744,0
772745,0
772746,0
772747,0
772748,0
772749,0
772750,0
772751,0
772752,0
772753,0
772754,0
772755,0
772756,0
772757,0
772758,0
772759,0
772760,0
772761,0
772762,0
772763,1
772764,0
772765,0
772766,0
772767,0
772768,0
772769,0
772770,0
772771,0
772772,0
772773,0
772774,0
772775,0
772776,0
772777,0
772778,0
772779,0
772780,0
772781,0
772782,0
772783,0
772784,0
772785,0
772786,0
772787,0
772788,0
772789,0
772790,0
772791,0
772792,0
772793,0
772794,0
772795,0
772796,0
772797,0
772798,0
772799,0
772800,0
772801,0
772802,0
772803,0
772804,0
772805,0
772806,0
772807,0
772808,0
772809,0
772810,0
772811,0
772812,0
772813,0
772814,0
772815,0
772816,0
772817,0
772818,0
772819,0
772820,0
772821,0
772822,0
772823,0
772824,0
772825,0
772826,0
772827,0
772828,0
772829,0
772830,0
772831,0
772832,0
772833,0
772834,0
772835,0
772836,0
772837,0
772838,0
772839,0
772840,0
772841,0
772842,0
772843,0
772844,0
772845,0
772846,0
772847,0
772848,0
772849,0
772850,0
772851,0
772852,0
772853,0
772854,0
772855,0
772856,0
772857,0
772858,0
772859,0
772860,0
772861,0
772862,0
772863,0
772864,0
772865,0
772866,0
772867,0
772868,0
772869,0
772870,0
772871,0
772872,0
772873,0
772874,0
772875,0
772876,0
772877,0
772878,0
772879,0
772880,0
772881,0
772882,0
772883,0
772884,0
772885,0
772886,0
772887,0
772888,0
772889,0
772890,0
772891,0
772892,0
772893,0
772894,0
772895,0
772896,0
772897,0
772898,0
772899,0
772900,0
772901,0
772902,0
772903,0
772904,0
772905,0
772906,0
772907,0
772908,0
772909,0
772910,0
772911,0
772912,0
772913,0
772914,0
772915,0
772916,0
772917,0
772918,0
772919,0
772920,0
772921,0
772922,0
772923,0
772924,0
772925,0
772926,1
772927,0
772928,0
772929,0
772930,0
772931,0
772932,0
772933,0
772934,0
772935,0
772936,0
772937,0
772938,0
772939,0
772940,0
772941,0
772942,0
772943,0
772944,0
772945,0
772946,0
772947,0
772948,0
772949,0
772950,0
772951,0
772952,0
772953,0
772954,0
772955,0
772956,0
772957,0
772958,1
772959,0
772960,0
772961,0
772962,0
772963,0
772964,0
772965,0
772966,0
772967,0
772968,0
772969,36
772970,0
772971,0
772972,17
772973,43
772974,0
772975,0
772976,0
772977,0
772978,0
772979,14
772980,0
772981,0
772982,0
772983,0
772984,0
772985,23
772986,0
772987,0
772988,0
772989,0
772990,47
772991,0
772992,0
772993,0
772994,25
772995,0
772996,0
772997,28
772998,0
772999,48
773000,0
773001,24
773002,30
773003,0
773004,17
773005,0
773006,0
773007,17
773008,0
773009,0
773010,0
773011,0
773012,32
773013,0
773014,0
773015,0
773016,0
773017,20
773018,0
773019,0
773020,27
773021,0
773022,0
773023,0
773024,0
773025,15
773026,33
773027,0
773028,20
773029,0
773030,0
773031,27
773032,0
773033,0
773034,22
773035,0
773036,0
773037,0
773038,44
773039,0
773040,0
773041,0
773042,32
773043,25
773044,0
773045,13
773046,0
773047,0
773048,0
773049,29
773050,0
773051,0
773052,24
773053,28
773054,0
773055,0
773056,0
773057,25
773058,0
773059,23
773060,13
773061,12
773062,0
773063,0
773064,0
773065,0
773066,11
773067,0
773068,0
773069,0
773070,25
773071,0
773072,31
773073,0
773074,0
773075,0
773076,0
773077,0
773078,0
773079,0
773080,34
773081,0
773082,26
773083,35
773084,26
773085,0
773086,30
773087,0
773088,0
773089,0
773090,0
773091,0
773092,0
773093,0
773094,0
773095,24
773096,0
773097,0
773098,29
773099,0
773100,0
773101,0
773102,0
773103,0
773104,0
773105,28
773106,0
773107,0
773108,0
773109,0
773110,20
773111,0
773112,0
773113,0
773114,0
773115,0
773116,17
773117,0
773118,37
773119,0
773120,33
773121,0
773122,25
773123,0
773124,0
773125,27
773126,25
773127,0
773128,0
773129,0
773130,0
773131,0
773132,0
773133,0
773134,25
773135,0
773136,0
773137,0
773138,35
773139,0
773140,0
773141,17
773142,0
773143,0
773144,27
773145,0
773146,0
773147,0
773148,0
773149,22
773150,18
773151,0
773152,0
773153,21
773154,24
773155,24
773156,0
773157,0
773158,0
773159,0
773160,23
773161,0
773162,23
773163,10
773164,16
773165,0
773166,16
773167,0
773168,0
773169,0
773170,18
773171,0
773172,0
773173,27
773174,0
773175,15
773176,0
773177,0
773178,28
773179,37
773180,0
773181,0
773182,0
773183,0
773184,45
773185,0
773186,30
773187,0
773188,0
773189,0
773190,0
773191,26
773192,0
773193,0
773194,0
773195,0
773196,0
773197,0
773198,0
773199,0
773200,27
773201,18
773202,0
773203,29
773204,29
773205,0
773206,39
773207,0
773208,0
773209,34
773210,0
773211,0
773212,0
773213,0
773214,33
773215,29
773216,31
773217,0
773218,0
773219,0
773220,20
773221,0
773222,13
773223,33
773224,0
773225,0
773226,0
773227,31
773228,0
773229,0
773230,0
773231,16
773232,21
773233,20
773234,0
773235,0
773236,0
773237,0
773238,0
773239,0
773240,28
773241,25
773242,0
773243,27
773244,0
773245,0
773246,0
773247,0
773248,0
773249,0
773250,0
773251,0
773252,32
773253,0
773254,30
773255,0
773256,19
773257,0
773258,0
773259,0
773260,33
773261,0
773262,20
773263,0
773264,0
773265,0
773266,30
773267,0
773268,0
773269,0
773270,0
773271,0
773272,0
773273,0
773274,0
773275,0
773276,29
773277,0
773278,0
773279,0
773280,37
773281,0
773282,23
773283,0
773284,0
773285,0
773286,0
773287,0
773288,27
773289,0
773290,24
773291,0
773292,0
773293,0
773294,33
773295,0
773296,40
773297,20
773298,0
773299,17
773300,0
773301,0
773302,0
773303,20
773304,0
773305,0
773306,0
773307,0
773308,0
773309,0
773310,17
773311,20
773312,25
773313,0
773314,0
773315,27
773316,0
773317,21
773318,0
773319,15
773320,0
773321,0
773322,0
773323,0
773324,0
773325,16
773326,0
773327,21
773328,0
773329,0
773330,0
773331,0
773332,24
773333,0
773334,0
773335,0
773336,0
773337,0
773338,27
773339,17
773340,0
773341,0
773342,0
773343,25
773344,0
773345,0
773346,0
773347,0
773348,19
773349,17
773350,0
773351,20
773352,0
773353,37
773354,0
773355,0
773356,0
773357,0
773358,0
773359,0
773360,0
773361,0
773362,0
773363,0
773364,18
773365,33
773366,17
773367,0
773368,0
773369,18
773370,0
773371,44
773372,0
773373,0
773374,0
773375,0
773376,0
773377,0
773378,0
773379,0
773380,0
773381,0
773382,0
773383,0
773384,0
773385,0
773386,0
773387,0
773388,0
773389,0
773390,0
773391,0
773392,0
773393,0
773394,0
773395,0
773396,0
773397,0
773398,0
773399,0
773400,0
773401,0
773402,0
773403,0
773404,0
773405,0
773406,0
773407,0
773408,0
773409,0
773410,0
773411,0
773412,0
773413,0
773414,0
773415,0
773416,0
773417,0
773418,0
773419,0
773420,0
773421,0
773422,0
773423,0
773424,0
773425,0
773426,0
773427,0
773428,1
773429,0
773430,0
773431,0
773432,0
773433,0
773434,0
773435,0
773436,0
773437,0
773438,0
773439,0
773440,0
773441,0
773442,0
773443,0
773444,0
773445,0
773446,0
773447,0
773448,0
773449,0
773450,0
773451,0
773452,0
773453,0
773454,0
773455,0
773456,0
773457,0
773458,0
773459,0
773460,0
773461,0
773462,0
773463,0
773464,0
773465,0
773466,0
773467,0
773468,0
773469,0
773470,0
773471,0
773472,0
773473,0
773474,0
773475,0
773476,0
773477,0
773478,0
773479,0
773480,0
773481,0
773482,0
773483,0
773484,0
773485,0
773486,0
773487,0
773488,0
773489,0
773490,0
773491,0
773492,0
773493,0
773494,0
773495,0
773496,0
773497,0
773498,0
773499,0
773500,0
773501,0
773502,0
773503,0
773504,0
773505,0
773506,0
773507,0
773508,0
773509,0
773510,0
773511,0
773512,0
773513,0
773514,0
773515,0
773516,0
773517,0
773518,0
773519,0
773520,0
773521,0
773522,0
773523,0
773524,0
773525,0
773526,0
773527,0
773528,0
773529,0
773530,0
773531,0
773532,0
773533,0
773534,0
773535,0
773536,0
773537,0
773538,0
773539,0
773540,0
773541,0
773542,0
773543,0
773544,0
773545,0
773546,0
773547,0
773548,0
773549,0
773550,0
773551,0
773552,0
773553,0
773554,0
773555,0
773556,0
773557,0
773558,0
773559,0
773560,0
773561,0
773562,0
773563,0
773564,0
773565,0
773566,0
773567,0
773568,0
773569,0
773570,0
773571,0
773572,0
773573,0
773574,0
773575,0
773576,0
773577,0
773578,0
773579,0
773580,0
773581,0
773582,0
773583,0
773584,0
773585,0
773586,0
773587,0
773588,0
773589,0
773590,0
773591,0
773592,0
773593,0
773594,0
773595,0
773596,0
773597,0
773598,0
773599,0
773600,0
773601,0
773602,0
773603,0
773604,0
773605,0
773606,0
773607,0
773608,0
773609,0
773610,0
773611,0
773612,0
773613,0
773614,0
773615,0
773616,0
773617,0
773618,0
773619,0
773620,0
773621,0
773622,0
773623,0
773624,0
773625,0
773626,0
773627,0
773628,0
773629,0
773630,0
773631,1
773632,0
773633,0
773634,0
773635,0
773636,0
773637,0
773638,0
773639,0
773640,1
773641,0
773642,0
773643,0
773644,0
773645,0
773646,0
773647,0
773648,0
773649,0
773650,0
773651,0
773652,0
773653,0
773654,0
773655,0
773656,0
773657,0
773658,0
773659,0
773660,0
773661,0
773662,0
773663,0
773664,0
773665,0
773666,0
773667,0
773668,0
773669,0
773670,0
773671,0
773672,0
773673,0
773674,0
773675,0
773676,0
773677,0
773678,0
773679,0
773680,0
773681,0
773682,0
773683,0
773684,0
773685,0
773686,0
773687,0
773688,0
773689,0
773690,0
773691,0
773692,0
773693,0
773694,0
773695,0
773696,0
773697,0
773698,0
773699,0
773700,0
773701,0
773702,0
773703,0
773704,0
773705,0
773706,0
773707,0
773708,0
773709,0
773710,0
773711,0
773712,0
773713,0
773714,0
773715,0
773716,0
773717,0
773718,0
773719,0
773720,0
773721,0
773722,0
773723,0
773724,0
773725,0
773726,0
773727,0
773728,0
773729,0
773730,0
773731,0
773732,0
773733,0
773734,1
773735,0
773736,0
773737,0
773738,0
773739,0
773740,0
773741,0
773742,0
773743,0
773744,0
773745,0
773746,0
773747,0
773748,0
773749,0
773750,0
773751,0
773752,0
773753,0
773754,0
773755,0
773756,0
773757,0
773758,0
773759,0
773760,0
773761,0
773762,0
773763,0
773764,0
773765,0
773766,0
773767,0
773768,0
773769,0
773770,0
773771,0
773772,0
773773,0
773774,0
773775,0
773776,0
773777,0
773778,0
773779,0
773780,0
773781,0
773782,0
773783,0
773784,0
773785,0
773786,0
773787,0
773788,0
773789,0
773790,0
773791,0
773792,0
773793,0
773794,0
773795,0
773796,0
773797,0
773798,0
773799,0
773800,0
773801,0
773802,0
773803,0
773804,0
773805,0
773806,0
773807,0
773808,0
773809,0
773810,0
773811,0
773812,0
773813,0
773814,0
773815,0
773816,0
773817,0
773818,0
773819,0
773820,0
773821,0
773822,0
773823,0
773824,0
773825,0
773826,0
773827,0
773828,0
773829,0
773830,0
773831,0
773832,0
773833,0
773834,0
773835,0
773836,0
773837,0
773838,0
773839,0
773840,0
773841,0
773842,0
773843,0
773844,0
773845,0
773846,0
773847,0
773848,0
773849,0
773850,0
773851,0
773852,0
773853,0
773854,0
773855,0
773856,0
773857,0
773858,0
773859,0
773860,0
773861,0
773862,0
773863,0
773864,0
773865,1
773866,0
773867,0
773868,0
773869,0
773870,0
773871,0
773872,0
773873,0
773874,0
773875,0
773876,0
773877,0
773878,0
773879,0
773880,0
773881,0
773882,0
773883,0
773884,0
773885,0
773886,0
773887,0
773888,0
773889,0
773890,0
773891,0
773892,0
773893,0
773894,0
773895,0
773896,0
773897,0
773898,0
773899,0
773900,0
773901,0
773902,0
773903,0
773904,0
773905,0
773906,0
773907,0
773908,0
773909,0
773910,0
773911,0
773912,0
773913,0
773914,0
773915,0
773916,0
773917,0
773918,0
773919,0
773920,0
773921,0
773922,0
773923,0
773924,0
773925,0
773926,0
773927,0
773928,0
773929,0
773930,0
773931,0
773932,0
773933,0
773934,0
773935,0
773936,1
773937,0
773938,0
773939,0
773940,0
773941,0
773942,0
773943,0
773944,0
773945,0
773946,0
773947,0
773948,0
773949,0
773950,0
773951,0
773952,0
773953,0
773954,0
773955,0
773956,0
773957,0
773958,0
773959,0
773960,0
773961,0
773962,0
773963,0
773964,0
773965,0
773966,0
773967,0
773968,0
773969,0
773970,0
773971,0
773972,0
773973,0
773974,0
773975,0
773976,0
773977,0
773978,0
773979,0
773980,0
773981,0
773982,0
773983,0
773984,0
773985,0
773986,0
773987,0
773988,0
773989,0
773990,0
773991,0
773992,0
773993,0
773994,0
773995,0
773996,0
773997,0
773998,0
773999,0
774000,0
774001,0
774002,0
774003,0
774004,0
774005,0
774006,0
774007,0
774008,0
774009,0
774010,0
774011,0
774012,0
774013,0
774014,0
774015,0
774016,0
774017,0
774018,0
774019,0
774020,0
774021,0
774022,0
774023,0
774024,0
774025,0
774026,0
774027,0
774028,0
774029,0
774030,0
774031,0
774032,0
774033,0
774034,0
774035,0
774036,0
774037,0
774038,0
774039,0
774040,0
774041,0
774042,0
774043,0
774044,0
774045,0
774046,0
774047,0
774048,0
774049,0
774050,0
774051,0
774052,0
774053,0
774054,0
774055,0
774056,0
774057,0
774058,0
774059,0
774060,0
774061,0
774062,0
774063,0
774064,0
774065,0
774066,0
774067,0
774068,0
774069,0
774070,0
774071,25
774072,0
774073,43
774074,0
774075,0
774076,0
774077,0
774078,41
774079,0
774080,0
774081,0
774082,0
774083,0
774084,0
774085,44
774086,33
774087,0
774088,0
774089,0
774090,44
774091,0
774092,0
774093,0
774094,33
774095,0
774096,49
774097,0
774098,69
774099,0
774100,0
774101,0
774102,0
774103,0
774104,0
774105,0
774106,0
774107,0
774108,0
774109,0
774110,0
774111,0
774112,0
774113,0
774114,0
774115,0
774116,0
774117,0
774118,0
774119,0
774120,0
774121,0
774122,0
774123,0
774124,0
774125,0
774126,0
774127,0
774128,0
774129,0
774130,0
774131,29
774132,0
774133,0
774134,38
774135,0
774136,0
774137,0
774138,0
774139,0
774140,34
774141,0
774142,0
774143,0
774144,0
774145,0
774146,0
774147,0
774148,0
774149,0
774150,0
774151,23
774152,0
774153,0
774154,0
774155,26
774156,0
774157,0
774158,0
774159,0
774160,50
774161,0
774162,0
774163,0
774164,0
774165,0
774166,0
774167,0
774168,0
774169,42
774170,0
774171,0
774172,0
774173,0
774174,15
774175,0
774176,0
774177,0
774178,0
774179,0
774180,0
774181,0
774182,0
774183,0
774184,0
774185,0
774186,0
774187,0
774188,42
774189,0
774190,0
774191,29
774192,36
774193,0
774194,0
774195,0
774196,0
774197,0
774198,0
774199,0
774200,0
774201,0
774202,0
774203,0
774204,0
774205,0
774206,38
774207,30
774208,56
774209,0
774210,58
774211,0
774212,0
774213,0
774214,0
774215,0
774216,0
774217,0
774218,0
774219,0
774220,0
774221,0
774222,0
774223,0
774224,0
774225,28
774226,0
774227,30
774228,0
774229,0
774230,0
774231,0
774232,0
774233,0
774234,21
774235,0
774236,0
774237,0
774238,37
774239,0
774240,0
774241,0
774242,0
774243,0
774244,43
774245,0
774246,29
774247,0
774248,0
774249,0
774250,41
774251,0
774252,0
774253,0
774254,0
774255,0
774256,0
774257,51
774258,41
774259,0
774260,0
774261,0
774262,0
774263,0
774264,0
774265,0
774266,0
774267,0
774268,0
774269,0
774270,0
774271,0
774272,0
774273,0
774274,0
774275,36
774276,0
774277,0
774278,0
774279,39
774280,0
774281,0
774282,33
774283,0
774284,21
774285,0
774286,0
774287,0
774288,0
774289,0
774290,0
774291,0
774292,0
774293,0
774294,46
774295,0
774296,0
774297,0
774298,44
774299,0
774300,0
774301,44
774302,0
774303,0
774304,0
774305,0
774306,0
774307,0
774308,0
774309,0
774310,0
774311,0
774312,0
774313,0
774314,0
774315,0
774316,0
774317,0
774318,27
774319,0
774320,42
774321,0
774322,0
774323,0
774324,0
774325,0
774326,0
774327,0
774328,0
774329,0
774330,0
774331,0
774332,0
774333,0
774334,0
774335,0
774336,0
774337,0
774338,0
774339,0
774340,0
774341,0
774342,0
774343,0
774344,40
774345,0
774346,0
774347,0
774348,0
774349,38
774350,0
774351,0
774352,0
774353,49
774354,0
774355,0
774356,0
774357,0
774358,38
774359,0
774360,32
774361,25
774362,32
774363,0
774364,0
774365,0
774366,0
774367,0
774368,0
774369,0
774370,0
774371,0
774372,0
774373,0
774374,0
774375,0
774376,0
774377,0
774378,0
774379,0
774380,36
774381,0
774382,36
774383,0
774384,0
774385,0
774386,0
774387,0
774388,0
774389,0
774390,0
774391,0
774392,0
774393,0
774394,0
774395,0
774396,0
774397,0
774398,0
774399,0
774400,28
774401,0
774402,0
774403,29
774404,0
774405,0
774406,0
774407,0
774408,0
774409,0
774410,0
774411,0
774412,0
774413,0
774414,0
774415,0
774416,0
774417,0
774418,38
774419,0
774420,0
774421,26
774422,0
774423,0
774424,0
774425,0
774426,0
774427,0
774428,0
774429,0
774430,0
774431,35
774432,0
774433,0
774434,0
774435,0
774436,0
774437,0
774438,0
774439,0
774440,0
774441,0
774442,0
774443,0
774444,0
774445,0
774446,0
774447,0
774448,0
774449,0
774450,45
774451,0
774452,0
774453,0
774454,0
774455,0
774456,0
774457,0
774458,35
774459,0
774460,0
774461,0
774462,0
774463,35
774464,0
774465,0
774466,0
774467,0
774468,52
774469,32
774470,0
774471,38
774472,0
774473,0
774474,0
774475,25
774476,0
774477,0
774478,47
774479,0
774480,0
774481,0
774482,40
774483,36
774484,0
774485,0
774486,0
774487,0
774488,0
774489,0
774490,0
774491,0
774492,0
774493,0
774494,0
774495,0
774496,0
774497,0
774498,0
774499,0
774500,0
774501,0
774502,34
774503,0
774504,0
774505,0
774506,0
774507,0
774508,0
774509,0
774510,0
774511,0
774512,0
774513,0
774514,0
774515,0
774516,0
774517,28
774518,34
774519,0
774520,31
774521,0
774522,68
774523,0
774524,0
774525,0
774526,32
774527,0
774528,0
774529,0
774530,0
774531,0
774532,0
774533,0
774534,0
774535,0
774536,0
774537,0
774538,0
774539,0
774540,0
774541,0
774542,0
774543,0
774544,0
774545,0
774546,0
774547,0
774548,0
774549,0
774550,0
774551,0
774552,0
774553,0
774554,0
774555,0
774556,0
774557,0
774558,0
774559,0
774560,0
774561,0
774562,0
774563,0
774564,0
774565,0
774566,0
774567,0
774568,0
774569,0
774570,0
774571,0
774572,4
774573,0
774574,0
774575,0
774576,0
774577,0
774578,3
774579,0
774580,0
774581,0
774582,5
774583,0
774584,0
774585,0
774586,0
774587,0
774588,0
774589,0
774590,0
774591,0
774592,0
774593,0
774594,0
774595,0
774596,0
774597,3
774598,0
774599,0
774600,0
774601,0
774602,0
774603,5
774604,0
774605,0
774606,0
774607,0
774608,3
774609,0
774610,0
774611,0
774612,0
774613,0
774614,0
774615,3
774616,0
774617,0
774618,0
774619,0
774620,0
774621,0
774622,0
774623,0
774624,0
774625,1
774626,0
774627,7
774628,0
774629,3
774630,0
774631,0
774632,0
774633,0
774634,5
774635,0
774636,0
774637,0
774638,0
774639,1
774640,0
774641,4
774642,0
774643,0
774644,1
774645,0
774646,0
774647,0
774648,0
774649,0
774650,0
774651,0
774652,0
774653,0
774654,0
774655,0
774656,0
774657,0
774658,0
774659,0
774660,0
774661,0
774662,0
774663,0
774664,0
774665,0
774666,0
774667,0
774668,0
774669,0
774670,0
774671,0
774672,0
774673,0
774674,0
774675,0
774676,0
774677,0
774678,0
774679,4
774680,4
774681,0
774682,0
774683,0
774684,6
774685,0
774686,0
774687,0
774688,0
774689,0
774690,4
774691,0
774692,3
774693,0
774694,0
774695,0
774696,0
774697,0
774698,2
774699,0
774700,6
774701,0
774702,0
774703,0
774704,2
774705,2
774706,0
774707,0
774708,0
774709,3
774710,5
774711,0
774712,0
774713,0
774714,0
774715,0
774716,0
774717,0
774718,0
774719,0
774720,1
774721,0
774722,0
774723,0
774724,0
774725,0
774726,0
774727,0
774728,0
774729,0
774730,0
774731,3
774732,0
774733,0
774734,0
774735,0
774736,0
774737,0
774738,0
774739,0
774740,0
774741,4
774742,0
774743,0
774744,0
774745,0
774746,0
774747,0
774748,0
774749,0
774750,0
774751,1
774752,0
774753,2
774754,0
774755,0
774756,0
774757,0
774758,0
774759,0
774760,0
774761,0
774762,0
774763,4
774764,0
774765,0
774766,0
774767,0
774768,0
774769,0
774770,0
774771,0
774772,0
774773,0
774774,0
774775,0
774776,0
774777,0
774778,0
774779,4
774780,0
774781,0
774782,0
774783,0
774784,3
774785,0
774786,0
774787,0
774788,0
774789,0
774790,0
774791,3
774792,0
774793,0
774794,0
774795,3
774796,0
774797,0
774798,5
774799,0
774800,0
774801,0
774802,0
774803,0
774804,0
774805,0
774806,0
774807,0
774808,0
774809,0
774810,0
774811,0
774812,0
774813,0
774814,0
774815,0
774816,0
774817,0
774818,0
774819,0
774820,0
774821,0
774822,0
774823,0
774824,0
774825,0
774826,0
774827,0
774828,0
774829,0
774830,0
774831,0
774832,0
774833,0
774834,3
774835,0
774836,0
774837,0
774838,0
774839,0
774840,0
774841,0
774842,0
774843,0
774844,0
774845,0
774846,2
774847,0
774848,0
774849,0
774850,4
774851,0
774852,0
774853,0
774854,0
774855,0
774856,0
774857,0
774858,0
774859,0
774860,0
774861,0
774862,7
774863,0
774864,0
774865,0
774866,0
774867,0
774868,0
774869,0
774870,0
774871,0
774872,0
774873,0
774874,0
774875,0
774876,0
774877,0
774878,2
774879,0
774880,0
774881,0
774882,0
774883,0
774884,0
774885,0
774886,0
774887,3
774888,0
774889,0
774890,0
774891,0
774892,0
774893,0
774894,0
774895,0
774896,4
774897,0
774898,0
774899,0
774900,0
774901,0
774902,0
774903,0
774904,0
774905,0
774906,0
774907,0
774908,0
774909,0
774910,0
774911,0
774912,0
774913,0
774914,0
774915,0
774916,0
774917,0
774918,11
774919,0
774920,0
774921,0
774922,0
774923,0
774924,0
774925,0
774926,0
774927,0
774928,0
774929,0
774930,8
774931,0
774932,0
774933,0
774934,0
774935,0
774936,0
774937,0
774938,0
774939,5
774940,0
774941,0
774942,0
774943,0
774944,0
774945,0
774946,0
774947,0
774948,0
774949,0
774950,0
774951,0
774952,0
774953,0
774954,0
774955,0
774956,0
774957,0
774958,0
774959,0
774960,0
774961,10
774962,0
774963,4
774964,0
774965,0
774966,0
774967,0
774968,0
774969,0
774970,0
774971,0
774972,0
774973,0
774974,0
774975,0
774976,0
774977,0
774978,0
774979,0
774980,0
774981,8
774982,0
774983,0
774984,0
774985,0
774986,0
774987,12
774988,0
774989,0
774990,0
774991,0
774992,0
774993,12
774994,0
774995,0
774996,0
774997,0
774998,0
774999,0
775000,0
775001,0
775002,0
775003,0
775004,0
775005,0
775006,0
775007,0
775008,0
775009,0
775010,0
775011,0
775012,0
775013,0
775014,0
775015,0
775016,0
775017,0
775018,0
775019,0
775020,0
775021,0
775022,0
775023,0
775024,0
775025,0
775026,0
775027,0
775028,0
775029,0
775030,0
775031,0
775032,0
775033,0
775034,0
775035,0
775036,0
775037,0
775038,0
775039,0
775040,0
775041,8
775042,0
775043,0
775044,8
775045,0
775046,0
775047,0
775048,0
775049,0
775050,0
775051,10
775052,0
775053,0
775054,0
775055,0
775056,0
775057,0
775058,0
775059,0
775060,0
775061,0
775062,0
775063,0
775064,0
775065,0
775066,0
775067,0
775068,0
775069,0
775070,0
775071,0
775072,0
775073,0
775074,0
775075,0
775076,0
775077,0
775078,0
775079,0
775080,0
775081,0
775082,0
775083,0
775084,0
775085,0
775086,0
775087,0
775088,0
775089,0
775090,0
775091,0
775092,0
775093,0
775094,0
775095,0
775096,0
775097,0
775098,0
775099,0
775100,0
775101,0
775102,0
775103,0
775104,0
775105,0
775106,0
775107,0
775108,0
775109,0
775110,0
775111,0
775112,0
775113,0
775114,0
775115,0
775116,0
775117,0
775118,0
775119,0
775120,8
775121,22
775122,0
775123,0
775124,0
775125,0
775126,0
775127,8
775128,0
775129,0
775130,0
775131,0
775132,0
775133,0
775134,0
775135,0
775136,0
775137,0
775138,0
775139,0
775140,0
775141,0
775142,0
775143,0
775144,0
775145,0
775146,0
775147,0
775148,0
775149,0
775150,0
775151,0
775152,0
775153,0
775154,0
775155,0
775156,0
775157,0
775158,1
775159,0
775160,0
775161,0
775162,0
775163,0
775164,0
775165,0
775166,0
775167,0
775168,0
775169,0
775170,0
775171,0
775172,0
775173,0
775174,0
775175,9
775176,0
775177,0
775178,12
775179,0
775180,0
775181,0
775182,0
775183,0
775184,0
775185,0
775186,0
775187,12
775188,0
775189,9
775190,0
775191,0
775192,0
775193,0
775194,0
775195,0
775196,0
775197,0
775198,0
775199,0
775200,0
775201,0
775202,0
775203,0
775204,0
775205,0
775206,0
775207,0
775208,11
775209,0
775210,0
775211,0
775212,0
775213,0
775214,0
775215,0
775216,0
775217,0
775218,0
775219,0
775220,0
775221,0
775222,0
775223,0
775224,0
775225,0
775226,0
775227,0
775228,0
775229,0
775230,0
775231,0
775232,0
775233,0
775234,0
775235,0
775236,0
775237,0
775238,0
775239,0
775240,0
775241,0
775242,0
775243,0
775244,8
775245,0
775246,0
775247,0
775248,0
775249,0
775250,0
775251,0
775252,0
775253,0
775254,0
775255,0
775256,0
775257,0
775258,0
775259,0
775260,0
775261,4
775262,13
775263,0
775264,0
775265,0
775266,0
775267,0
775268,0
775269,0
775270,0
775271,0
775272,0
775273,0
775274,0
775275,0
775276,0
775277,0
775278,0
775279,0
775280,0
775281,0
775282,0
775283,0
775284,0
775285,0
775286,0
775287,0
775288,0
775289,0
775290,0
775291,0
775292,0
775293,0
775294,0
775295,11
775296,0
775297,12
775298,0
775299,4
775300,0
775301,0
775302,0
775303,0
775304,0
775305,0
775306,12
775307,0
775308,11
775309,0
775310,0
775311,0
775312,0
775313,0
775314,0
775315,0
775316,9
775317,0
775318,0
775319,0
775320,0
775321,0
775322,0
775323,0
775324,0
775325,0
775326,0
775327,0
775328,0
775329,0
775330,8
775331,0
775332,0
775333,0
775334,0
775335,0
775336,0
775337,14
775338,0
775339,0
775340,5
775341,0
775342,0
775343,0
775344,0
775345,0
775346,10
775347,0
775348,0
775349,0
775350,0
775351,9
775352,0
775353,0
775354,14
775355,0
775356,0
775357,0
775358,0
775359,0
775360,0
775361,0
775362,0
775363,0
775364,12
775365,0
775366,0
775367,0
775368,0
775369,0
775370,0
775371,0
775372,0
775373,0
775374,10
775375,0
775376,0
775377,0
775378,0
775379,0
775380,0
775381,0
775382,0
775383,0
775384,0
775385,0
775386,0
775387,0
775388,0
775389,0
775390,0
775391,0
775392,0
775393,0
775394,0
775395,0
775396,0
775397,0
775398,0
775399,0
775400,10
775401,0
775402,0
775403,0
775404,0
775405,0
775406,0
775407,0
775408,0
775409,0
775410,0
775411,0
775412,0
775413,0
775414,0
775415,0
775416,0
775417,0
775418,0
775419,0
775420,0
775421,0
775422,0
775423,0
775424,0
775425,0
775426,0
775427,0
775428,14
775429,0
775430,0
775431,0
775432,0
775433,0
775434,0
775435,0
775436,0
775437,0
775438,0
775439,0
775440,0
775441,0
775442,0
775443,0
775444,0
775445,0
775446,0
775447,0
775448,0
775449,0
775450,0
775451,0
775452,0
775453,13
775454,0
775455,0
775456,0
775457,0
775458,0
775459,0
775460,0
775461,0
775462,0
775463,0
775464,0
775465,0
775466,0
775467,0
775468,0
775469,9
775470,0
775471,0
775472,0
775473,0
775474,0
775475,0
775476,0
775477,0
775478,0
775479,0
775480,7
775481,0
775482,0
775483,0
775484,0
775485,0
775486,0
775487,0
775488,0
775489,9
775490,0
775491,0
775492,0
775493,0
775494,0
775495,0
775496,0
775497,0
775498,0
775499,0
775500,0
775501,0
775502,0
775503,0
775504,9
775505,0
775506,0
775507,0
775508,0
775509,0
775510,0
775511,0
775512,16
775513,0
775514,0
775515,0
775516,0
775517,9
775518,0
775519,0
775520,0
775521,0
775522,0
775523,0
775524,0
775525,0
775526,0
775527,0
775528,0
775529,0
775530,0
775531,0
775532,0
775533,0
775534,0
775535,0
775536,0
775537,0
775538,0
775539,0
775540,0
775541,0
775542,0
775543,0
775544,11
775545,0
775546,0
775547,0
775548,0
775549,0
775550,0
775551,0
775552,0
775553,0
775554,0
775555,0
775556,0
775557,43
775558,0
775559,0
775560,0
775561,41
775562,0
775563,35
775564,0
775565,0
775566,32
775567,0
775568,0
775569,0
775570,0
775571,0
775572,0
775573,0
775574,0
775575,0
775576,0
775577,0
775578,0
775579,0
775580,0
775581,0
775582,0
775583,34
775584,30
775585,0
775586,0
775587,30
775588,0
775589,0
775590,0
775591,0
775592,0
775593,36
775594,0
775595,0
775596,0
775597,39
775598,0
775599,0
775600,36
775601,0
775602,0
775603,0
775604,0
775605,0
775606,0
775607,0
775608,0
775609,0
775610,0
775611,0
775612,0
775613,45
775614,0
775615,0
775616,0
775617,0
775618,56
775619,0
775620,0
775621,0
775622,0
775623,0
775624,0
775625,0
775626,0
775627,38
775628,33
775629,55
775630,25
775631,26
775632,0
775633,22
775634,0
775635,31
775636,0
775637,37
775638,34
775639,27
775640,0
775641,0
775642,39
775643,0
775644,0
775645,0
775646,0
775647,0
775648,0
775649,37
775650,43
775651,0
775652,0
775653,0
775654,0
775655,0
775656,30
775657,0
775658,0
775659,0
775660,0
775661,26
775662,34
775663,0
775664,0
775665,0
775666,0
775667,29
775668,31
775669,0
775670,29
775671,0
775672,0
775673,0
775674,0
775675,0
775676,0
775677,0
775678,23
775679,0
775680,0
775681,0
775682,0
775683,0
775684,0
775685,0
775686,42
775687,0
775688,17
775689,0
775690,36
775691,0
775692,0
775693,0
775694,0
775695,0
775696,33
775697,0
775698,0
775699,0
775700,0
775701,0
775702,28
775703,0
775704,0
775705,0
775706,0
775707,0
775708,20
775709,0
775710,24
775711,0
775712,0
775713,0
775714,44
775715,0
775716,0
775717,0
775718,0
775719,0
775720,0
775721,0
775722,0
775723,0
775724,0
775725,36
775726,0
775727,0
775728,0
775729,0
775730,0
775731,0
775732,24
775733,0
775734,0
775735,0
775736,29
775737,0
775738,0
775739,29
775740,0
775741,0
775742,0
775743,0
775744,0
775745,0
775746,0
775747,0
775748,27
775749,0
775750,0
775751,0
775752,33
775753,35
775754,0
775755,0
775756,0
775757,0
775758,0
775759,0
775760,0
775761,0
775762,0
775763,0
775764,0
775765,32
775766,0
775767,0
775768,0
775769,0
775770,0
775771,0
775772,0
775773,21
775774,37
775775,30
775776,0
775777,0
775778,0
775779,37
775780,0
775781,0
775782,0
775783,0
775784,23
775785,0
775786,0
775787,0
775788,0
775789,0
775790,38
775791,0
775792,0
775793,0
775794,0
775795,0
775796,0
775797,19
775798,0
775799,28
775800,0
775801,0
775802,37
775803,0
775804,0
775805,0
775806,0
775807,25
775808,22
775809,0
775810,0
775811,44
775812,0
775813,0
775814,0
775815,0
775816,0
775817,19
775818,0
775819,0
775820,0
775821,0
775822,0
775823,0
775824,0
775825,0
775826,0
775827,0
775828,44
775829,0
775830,45
775831,0
775832,0
775833,0
775834,42
775835,0
775836,0
775837,32
775838,0
775839,0
775840,28
775841,31
775842,0
775843,0
775844,0
775845,0
775846,0
775847,0
775848,0
775849,0
775850,29
775851,0
775852,0
775853,0
775854,42
775855,27
775856,32
775857,0
775858,0
775859,35
775860,0
775861,0
775862,38
775863,0
775864,31
775865,0
775866,24
775867,0
775868,32
775869,0
775870,0
775871,0
775872,0
775873,0
775874,36
775875,0
775876,0
775877,0
775878,0
775879,0
775880,0
775881,31
775882,0
775883,0
775884,0
775885,0
775886,31
775887,28
775888,0
775889,0
775890,0
775891,0
775892,32
775893,0
775894,29
775895,0
775896,0
775897,51
775898,0
775899,0
775900,0
775901,0
775902,0
775903,0
775904,0
775905,0
775906,0
775907,48
775908,0
775909,0
775910,43
775911,0
775912,0
775913,0
775914,0
775915,33
775916,0
775917,34
775918,0
775919,0
775920,0
775921,0
775922,34
775923,0
775924,31
775925,0
775926,0
775927,0
775928,0
775929,0
775930,43
775931,0
775932,0
775933,0
775934,0
775935,27
775936,0
775937,0
775938,0
775939,0
775940,0
775941,0
775942,0
775943,0
775944,0
775945,0
775946,37
775947,0
775948,0
775949,36
775950,0
775951,0
775952,0
775953,0
775954,0
775955,0
775956,0
775957,0
775958,31
775959,0
775960,0
775961,0
775962,0
775963,0
775964,26
775965,0
775966,21
775967,0
775968,0
775969,0
775970,0
775971,0
775972,0
775973,0
775974,0
775975,25
775976,0
775977,0
775978,0
775979,0
775980,0
775981,0
775982,0
775983,0
775984,47
775985,0
775986,0
775987,36
775988,0
775989,37
775990,0
775991,0
775992,0
775993,0
775994,0
775995,37
775996,0
775997,0
775998,0
775999,0
776000,0
776001,38
776002,0
776003,0
776004,0
776005,0
776006,0
776007,31
776008,31
776009,0
776010,0
776011,0
776012,0
776013,38
776014,0
776015,0
776016,0
776017,0
776018,0
776019,0
776020,29
776021,0
776022,19
776023,0
776024,40
776025,0
776026,22
776027,0
776028,0
776029,0
776030,0
776031,0
776032,0
776033,0
776034,0
776035,0
776036,0
776037,0
776038,0
776039,0
776040,0
776041,0
776042,0
776043,0
776044,0
776045,0
776046,0
776047,0
776048,0
776049,0
776050,0
776051,0
776052,0
776053,0
776054,0
776055,0
776056,0
776057,0
776058,0
776059,0
776060,0
776061,0
776062,0
776063,0
776064,0
776065,0
776066,0
776067,0
776068,0
776069,0
776070,0
776071,0
776072,0
776073,14
776074,0
776075,0
776076,0
776077,0
776078,0
776079,0
776080,0
776081,0
776082,0
776083,0
776084,0
776085,0
776086,7
776087,0
776088,0
776089,0
776090,0
776091,0
776092,0
776093,0
776094,0
776095,0
776096,0
776097,0
776098,0
776099,0
776100,0
776101,0
776102,0
776103,0
776104,0
776105,0
776106,0
776107,0
776108,0
776109,0
776110,0
776111,18
776112,0
776113,0
776114,0
776115,26
776116,0
776117,0
776118,0
776119,0
776120,0
776121,0
776122,0
776123,0
776124,0
776125,0
776126,0
776127,0
776128,0
776129,0
776130,0
776131,0
776132,0
776133,0
776134,0
776135,0
776136,0
776137,0
776138,0
776139,0
776140,0
776141,0
776142,0
776143,0
776144,0
776145,0
776146,0
776147,0
776148,0
776149,0
776150,0
776151,0
776152,0
776153,0
776154,0
776155,0
776156,31
776157,0
776158,0
776159,0
776160,0
776161,0
776162,0
776163,0
776164,0
776165,0
776166,0
776167,0
776168,0
776169,0
776170,0
776171,0
776172,0
776173,0
776174,0
776175,0
776176,0
776177,0
776178,0
776179,0
776180,0
776181,0
776182,0
776183,17
776184,0
776185,0
776186,0
776187,0
776188,0
776189,0
776190,0
776191,0
776192,0
776193,0
776194,0
776195,0
776196,0
776197,0
776198,0
776199,0
776200,0
776201,15
776202,0
776203,18
776204,0
776205,0
776206,0
776207,0
776208,0
776209,0
776210,0
776211,0
776212,0
776213,0
776214,0
776215,0
776216,0
776217,0
776218,0
776219,0
776220,0
776221,0
776222,0
776223,0
776224,0
776225,0
776226,0
776227,0
776228,0
776229,0
776230,0
776231,0
776232,0
776233,0
776234,0
776235,0
776236,0
776237,0
776238,0
776239,0
776240,0
776241,0
776242,0
776243,0
776244,0
776245,0
776246,0
776247,0
776248,0
776249,0
776250,0
776251,0
776252,0
776253,0
776254,0
776255,0
776256,0
776257,0
776258,34
776259,0
776260,0
776261,0
776262,17
776263,0
776264,0
776265,0
776266,0
776267,0
776268,0
776269,0
776270,0
776271,0
776272,0
776273,0
776274,0
776275,0
776276,0
776277,0
776278,0
776279,0
776280,0
776281,0
776282,0
776283,0
776284,0
776285,0
776286,0
776287,0
776288,0
776289,0
776290,0
776291,0
776292,0
776293,0
776294,0
776295,0
776296,0
776297,0
776298,0
776299,0
776300,0
776301,0
776302,0
776303,0
776304,0
776305,0
776306,0
776307,0
776308,0
776309,0
776310,0
776311,0
776312,0
776313,0
776314,0
776315,0
776316,0
776317,0
776318,0
776319,0
776320,0
776321,0
776322,0
776323,0
776324,0
776325,0
776326,0
776327,0
776328,0
776329,0
776330,0
776331,0
776332,0
776333,0
776334,0
776335,0
776336,0
776337,0
776338,0
776339,0
776340,0
776341,0
776342,0
776343,0
776344,0
776345,0
776346,0
776347,0
776348,0
776349,0
776350,0
776351,0
776352,0
776353,0
776354,0
776355,0
776356,0
776357,0
776358,0
776359,0
776360,0
776361,0
776362,0
776363,0
776364,51
776365,0
776366,0
776367,0
776368,0
776369,0
776370,0
776371,0
776372,0
776373,0
776374,0
776375,0
776376,0
776377,0
776378,0
776379,0
776380,0
776381,0
776382,0
776383,0
776384,0
776385,0
776386,0
776387,0
776388,0
776389,0
776390,0
776391,0
776392,0
776393,0
776394,0
776395,0
776396,0
776397,0
776398,0
776399,0
776400,0
776401,0
776402,0
776403,0
776404,0
776405,0
776406,20
776407,0
776408,0
776409,0
776410,0
776411,0
776412,0
776413,0
776414,0
776415,0
776416,0
776417,0
776418,0
776419,0
776420,0
776421,0
776422,0
776423,0
776424,0
776425,0
776426,0
776427,0
776428,0
776429,0
776430,0
776431,0
776432,0
776433,0
776434,9
776435,0
776436,0
776437,0
776438,0
776439,0
776440,0
776441,0
776442,0
776443,0
776444,0
776445,0
776446,0
776447,0
776448,0
776449,0
776450,0
776451,0
776452,0
776453,12
776454,0
776455,0
776456,0
776457,0
776458,0
776459,0
776460,0
776461,0
776462,0
776463,0
776464,0
776465,0
776466,0
776467,0
776468,0
776469,0
776470,0
776471,0
776472,0
776473,0
776474,0
776475,0
776476,21
776477,0
776478,0
776479,18
776480,0
776481,0
776482,0
776483,0
776484,0
776485,0
776486,0
776487,0
776488,0
776489,0
776490,0
776491,0
776492,0
776493,0
776494,0
776495,0
776496,0
776497,0
776498,0
776499,0
776500,28
776501,0
776502,0
776503,0
776504,0
776505,0
776506,0
776507,0
776508,0
776509,0
776510,0
776511,0
776512,0
776513,0
776514,0
776515,0
776516,0
776517,0
776518,0
776519,0
776520,0
776521,0
776522,0
776523,0
776524,0
776525,0
776526,0
776527,0
776528,0
776529,0
776530,0
776531,0
776532,0
776533,0
776534,0
776535,0
776536,0
776537,0
776538,0
776539,0
776540,25
776541,0
776542,0
776543,0
776544,0
776545,0
776546,0
776547,0
776548,0
776549,0
776550,0
776551,0
776552,0
776553,0
776554,0
776555,0
776556,0
776557,0
776558,0
776559,0
776560,0
776561,0
776562,0
776563,0
776564,0
776565,0
776566,0
776567,0
776568,0
776569,0
776570,0
776571,0
776572,0
776573,0
776574,0
776575,0
776576,0
776577,0
776578,0
776579,0
776580,0
776581,0
776582,0
776583,0
776584,0
776585,0
776586,0
776587,0
776588,33
776589,0
776590,0
776591,0
776592,0
776593,0
776594,0
776595,0
776596,0
776597,0
776598,0
776599,0
776600,0
776601,0
776602,0
776603,0
776604,22
776605,22
776606,0
776607,0
776608,25
776609,0
776610,0
776611,0
776612,24
776613,0
776614,0
776615,0
776616,10
776617,0
776618,0
776619,30
776620,0
776621,0
776622,0
776623,0
776624,0
776625,0
776626,0
776627,0
776628,0
776629,0
776630,0
776631,0
776632,0
776633,0
776634,0
776635,0
776636,0
776637,0
776638,0
776639,0
776640,0
776641,21
776642,0
776643,0
776644,0
776645,0
776646,0
776647,0
776648,0
776649,0
776650,0
776651,0
776652,24
776653,0
776654,0
776655,0
776656,0
776657,0
776658,0
776659,0
776660,0
776661,0
776662,0
776663,0
776664,0
776665,0
776666,0
776667,0
776668,0
776669,0
776670,0
776671,0
776672,0
776673,0
776674,0
776675,0
776676,0
776677,0
776678,0
776679,0
776680,0
776681,0
776682,0
776683,0
776684,0
776685,0
776686,0
776687,0
776688,0
776689,0
776690,0
776691,0
776692,0
776693,0
776694,0
776695,0
776696,0
776697,0
776698,0
776699,0
776700,0
776701,0
776702,30
776703,0
776704,0
776705,0
776706,0
776707,0
776708,0
776709,0
776710,0
776711,0
776712,0
776713,0
776714,0
776715,0
776716,12
776717,0
776718,0
776719,0
776720,0
776721,0
776722,0
776723,0
776724,0
776725,0
776726,0
776727,0
776728,0
776729,0
776730,0
776731,0
776732,0
776733,0
776734,0
776735,0
776736,0
776737,0
776738,0
776739,0
776740,0
776741,0
776742,0
776743,0
776744,0
776745,19
776746,0
776747,0
776748,0
776749,0
776750,14
776751,0
776752,0
776753,15
776754,0
776755,0
776756,0
776757,0
776758,0
776759,0
776760,22
776761,0
776762,0
776763,0
776764,0
776765,0
776766,0
776767,0
776768,0
776769,0
776770,0
776771,0
776772,0
776773,0
776774,0
776775,0
776776,0
776777,0
776778,0
776779,0
776780,0
776781,13
776782,0
776783,0
776784,0
776785,0
776786,0
776787,0
776788,0
776789,0
776790,0
776791,0
776792,0
776793,18
776794,0
776795,0
776796,0
776797,0
776798,0
776799,0
776800,0
776801,0
776802,0
776803,0
776804,0
776805,0
776806,0
776807,0
776808,10
776809,0
776810,0
776811,0
776812,0
776813,9
776814,0
776815,0
776816,0
776817,0
776818,0
776819,0
776820,0
776821,0
776822,0
776823,0
776824,0
776825,0
776826,0
776827,0
776828,0
776829,0
776830,0
776831,0
776832,0
776833,5
776834,0
776835,0
776836,0
776837,0
776838,18
776839,0
776840,0
776841,0
776842,0
776843,0
776844,13
776845,0
776846,17
776847,0
776848,0
776849,0
776850,0
776851,0
776852,0
776853,0
776854,0
776855,0
776856,0
776857,17
776858,0
776859,0
776860,0
776861,0
776862,0
776863,0
776864,0
776865,0
776866,0
776867,0
776868,8
776869,0
776870,11
776871,0
776872,0
776873,0
776874,0
776875,0
776876,0
776877,0
776878,0
776879,0
776880,0
776881,0
776882,0
776883,0
776884,0
776885,0
776886,0
776887,0
776888,0
776889,0
776890,0
776891,0
776892,0
776893,0
776894,0
776895,14
776896,0
776897,0
776898,0
776899,0
776900,0
776901,0
776902,0
776903,0
776904,0
776905,0
776906,0
776907,0
776908,0
776909,0
776910,0
776911,0
776912,0
776913,0
776914,15
776915,0
776916,0
776917,0
776918,0
776919,0
776920,0
776921,0
776922,0
776923,0
776924,18
776925,0
776926,0
776927,0
776928,0
776929,0
776930,0
776931,0
776932,0
776933,0
776934,0
776935,0
776936,0
776937,0
776938,0
776939,0
776940,0
776941,0
776942,0
776943,0
776944,0
776945,0
776946,0
776947,14
776948,0
776949,0
776950,0
776951,0
776952,0
776953,0
776954,0
776955,0
776956,0
776957,0
776958,14
776959,0
776960,0
776961,11
776962,0
776963,0
776964,0
776965,0
776966,9
776967,11
776968,0
776969,0
776970,0
776971,18
776972,0
776973,0
776974,0
776975,0
776976,0
776977,0
776978,0
776979,0
776980,0
776981,0
776982,0
776983,13
776984,0
776985,0
776986,0
776987,0
776988,0
776989,0
776990,0
776991,7
776992,0
776993,0
776994,0
776995,0
776996,0
776997,0
776998,0
776999,0
777000,0
777001,0
777002,0
777003,0
777004,0
777005,0
777006,0
777007,0
777008,0
777009,0
777010,0
777011,0
777012,0
777013,0
777014,11
777015,0
777016,0
777017,0
777018,0
777019,0
777020,0
777021,0
777022,0
777023,5
777024,0
777025,0
777026,0
777027,0
777028,0
777029,0
777030,0
777031,0
777032,0
777033,0
777034,0
777035,0
777036,0
777037,0
777038,0
777039,0
777040,0
777041,0
777042,0
777043,0
777044,0
777045,0
777046,0
777047,0
777048,0
777049,0
777050,0
777051,0
777052,0
777053,0
777054,0
777055,0
777056,0
777057,0
777058,0
777059,0
777060,0
777061,0
777062,0
777063,0
777064,0
777065,0
777066,0
777067,0
777068,0
777069,0
777070,0
777071,0
777072,0
777073,0
777074,0
777075,0
777076,0
777077,11
777078,0
777079,0
777080,0
777081,0
777082,0
777083,0
777084,0
777085,0
777086,12
777087,0
777088,0
777089,0
777090,0
777091,0
777092,0
777093,0
777094,0
777095,0
777096,0
777097,0
777098,0
777099,0
777100,26
777101,0
777102,0
777103,0
777104,0
777105,0
777106,0
777107,0
777108,0
777109,0
777110,6
777111,0
777112,0
777113,0
777114,0
777115,0
777116,0
777117,0
777118,0
777119,0
777120,0
777121,0
777122,0
777123,0
777124,0
777125,13
777126,0
777127,0
777128,0
777129,0
777130,0
777131,0
777132,0
777133,0
777134,15
777135,0
777136,0
777137,12
777138,12
777139,7
777140,0
777141,0
777142,0
777143,0
777144,0
777145,0
777146,0
777147,0
777148,0
777149,0
777150,0
777151,0
777152,0
777153,0
777154,0
777155,0
777156,0
777157,0
777158,0
777159,0
777160,0
777161,0
777162,0
777163,0
777164,0
777165,0
777166,0
777167,0
777168,0
777169,0
777170,0
777171,19
777172,0
777173,0
777174,0
777175,0
777176,0
777177,0
777178,0
777179,0
777180,0
777181,0
777182,0
777183,0
777184,0
777185,0
777186,0
777187,0
777188,0
777189,0
777190,0
777191,0
777192,0
777193,0
777194,0
777195,0
777196,0
777197,7
777198,0
777199,0
777200,0
777201,0
777202,0
777203,0
777204,0
777205,0
777206,0
777207,0
777208,0
777209,0
777210,0
777211,0
777212,0
777213,0
777214,0
777215,0
777216,16
777217,0
777218,0
777219,0
777220,0
777221,9
777222,0
777223,0
777224,0
777225,0
777226,0
777227,0
777228,0
777229,0
777230,0
777231,0
777232,0
777233,0
777234,0
777235,0
777236,0
777237,0
777238,0
777239,0
777240,0
777241,0
777242,0
777243,0
777244,0
777245,13
777246,0
777247,0
777248,11
777249,0
777250,0
777251,0
777252,0
777253,0
777254,0
777255,0
777256,0
777257,0
777258,0
777259,11
777260,0
777261,0
777262,0
777263,0
777264,0
777265,0
777266,0
777267,0
777268,0
777269,0
777270,0
777271,9
777272,0
777273,0
777274,8
777275,0
777276,0
777277,0
777278,7
777279,0
777280,14
777281,0
777282,0
777283,0
777284,0
777285,0
777286,0
777287,0
777288,0
777289,0
777290,0
777291,0
777292,0
777293,0
777294,0
777295,11
777296,0
777297,8
777298,0
777299,0
777300,0
777301,0
777302,16
777303,0
777304,0
777305,0
777306,0
777307,0
777308,0
777309,0
777310,0
777311,0
777312,0
777313,0
777314,0
777315,7
777316,0
777317,0
777318,0
777319,0
777320,0
777321,0
777322,0
777323,0
777324,0
777325,0
777326,0
777327,0
777328,0
777329,0
777330,0
777331,0
777332,0
777333,9
777334,0
777335,0
777336,0
777337,0
777338,0
777339,0
777340,0
777341,0
777342,10
777343,0
777344,0
777345,0
777346,0
777347,0
777348,0
777349,0
777350,0
777351,0
777352,0
777353,0
777354,0
777355,0
777356,0
777357,0
777358,0
777359,0
777360,0
777361,0
777362,0
777363,0
777364,0
777365,0
777366,0
777367,0
777368,0
777369,0
777370,0
777371,0
777372,14
777373,0
777374,0
777375,14
777376,0
777377,0
777378,0
777379,10
777380,0
777381,0
777382,0
777383,13
777384,0
777385,9
777386,0
777387,0
777388,15
777389,0
777390,0
777391,0
777392,0
777393,0
777394,0
777395,0
777396,0
777397,0
777398,0
777399,0
777400,0
777401,0
777402,0
777403,0
777404,0
777405,16
777406,0
777407,0
777408,0
777409,0
777410,0
777411,0
777412,0
777413,0
777414,0
777415,0
777416,0
777417,0
777418,0
777419,0
777420,0
777421,0
777422,0
777423,0
777424,0
777425,0
777426,0
777427,0
777428,0
777429,0
777430,0
777431,0
777432,0
777433,0
777434,0
777435,0
777436,0
777437,5
777438,0
777439,0
777440,0
777441,0
777442,13
777443,9
777444,0
777445,0
777446,0
777447,0
777448,0
777449,0
777450,0
777451,0
777452,0
777453,0
777454,0
777455,0
777456,0
777457,0
777458,0
777459,0
777460,0
777461,0
777462,0
777463,0
777464,0
777465,0
777466,0
777467,9
777468,0
777469,0
777470,0
777471,0
777472,0
777473,0
777474,0
777475,0
777476,0
777477,0
777478,0
777479,0
777480,0
777481,0
777482,0
777483,0
777484,0
777485,0
777486,0
777487,0
777488,0
777489,0
777490,0
777491,0
777492,0
777493,0
777494,0
777495,0
777496,0
777497,0
777498,0
777499,0
777500,11
777501,12
777502,10
777503,0
777504,0
777505,0
777506,0
777507,0
777508,0
777509,0
777510,0
777511,0
777512,0
777513,0
777514,0
777515,0
777516,0
777517,0
777518,0
777519,0
777520,0
777521,0
777522,0
777523,0
777524,0
777525,0
777526,0
777527,0
777528,12
777529,19
777530,0
777531,0
777532,0
777533,0
777534,0
777535,0
777536,0
777537,0
777538,0
777539,9
777540,0
777541,0
777542,0
777543,0
777544,0
777545,0
777546,0
777547,0
777548,0
777549,0
777550,0
777551,0
777552,0
777553,0
777554,0
777555,0
777556,0
777557,0
777558,0
777559,0
777560,0
777561,0
777562,0
777563,0
777564,0
777565,0
777566,0
777567,0
777568,0
777569,0
777570,0
777571,12
777572,0
777573,0
777574,0
777575,12
777576,0
777577,0
777578,0
777579,0
777580,0
777581,0
777582,0
777583,0
777584,0
777585,0
777586,0
777587,15
777588,0
777589,17
777590,0
777591,0
777592,0
777593,20
777594,13
777595,0
777596,0
777597,0
777598,0
777599,0
777600,0
777601,0
777602,0
777603,0
777604,0
777605,22
777606,0
777607,0
777608,19
777609,0
777610,0
777611,0
777612,0
777613,0
777614,20
777615,20
777616,0
777617,27
777618,0
777619,0
777620,0
777621,0
777622,0
777623,0
777624,0
777625,0
777626,0
777627,0
777628,19
777629,0
777630,12
777631,0
777632,0
777633,19
777634,20
777635,0
777636,0
777637,0
777638,0
777639,0
777640,0
777641,0
777642,0
777643,0
777644,0
777645,0
777646,0
777647,0
777648,0
777649,0
777650,0
777651,0
777652,27
777653,0
777654,0
777655,0
777656,0
777657,0
777658,0
777659,0
777660,0
777661,0
777662,24
777663,0
777664,0
777665,0
777666,0
777667,0
777668,0
777669,15
777670,15
777671,0
777672,16
777673,15
777674,0
777675,0
777676,0
777677,13
777678,37
777679,0
777680,11
777681,0
777682,15
777683,0
777684,0
777685,0
777686,0
777687,19
777688,0
777689,0
777690,0
777691,0
777692,0
777693,0
777694,0
777695,24
777696,0
777697,0
777698,0
777699,0
777700,0
777701,0
777702,0
777703,0
777704,0
777705,0
777706,0
777707,29
777708,0
777709,0
777710,0
777711,0
777712,32
777713,0
777714,0
777715,0
777716,0
777717,0
777718,0
777719,14
777720,0
777721,0
777722,0
777723,0
777724,28
777725,0
777726,21
777727,0
777728,0
777729,0
777730,0
777731,0
777732,0
777733,0
777734,0
777735,0
777736,0
777737,0
777738,11
777739,15
777740,0
777741,25
777742,0
777743,0
777744,28
777745,0
777746,18
777747,0
777748,0
777749,22
777750,0
777751,0
777752,13
777753,0
777754,21
777755,0
777756,0
777757,0
777758,14
777759,0
777760,11
777761,0
777762,0
777763,0
777764,0
777765,0
777766,0
777767,0
777768,0
777769,30
777770,0
777771,0
777772,0
777773,11
777774,0
777775,0
777776,0
777777,31
777778,0
777779,0
777780,0
777781,0
777782,14
777783,0
777784,0
777785,24
777786,0
777787,0
777788,27
777789,0
777790,0
777791,0
777792,0
777793,0
777794,0
777795,0
777796,0
777797,0
777798,0
777799,0
777800,0
777801,0
777802,0
777803,0
777804,0
777805,0
777806,0
777807,0
777808,0
777809,24
777810,17
777811,0
777812,0
777813,0
777814,0
777815,0
777816,0
777817,0
777818,0
777819,0
777820,0
777821,0
777822,18
777823,22
777824,9
777825,0
777826,0
777827,0
777828,0
777829,0
777830,0
777831,17
777832,0
777833,0
777834,0
777835,0
777836,13
777837,0
777838,0
777839,0
777840,0
777841,0
777842,0
777843,0
777844,0
777845,16
777846,0
777847,0
777848,0
777849,0
777850,0
777851,0
777852,0
777853,0
777854,0
777855,0
777856,0
777857,0
777858,0
777859,0
777860,0
777861,0
777862,0
777863,0
777864,31
777865,0
777866,0
777867,0
777868,0
777869,0
777870,0
777871,21
777872,0
777873,0
777874,0
777875,0
777876,0
777877,0
777878,0
777879,0
777880,17
777881,0
777882,0
777883,0
777884,0
777885,0
777886,17
777887,0
777888,0
777889,0
777890,0
777891,19
777892,27
777893,0
777894,0
777895,35
777896,0
777897,0
777898,0
777899,0
777900,0
777901,0
777902,19
777903,23
777904,0
777905,0
777906,8
777907,0
777908,0
777909,0
777910,0
777911,0
777912,20
777913,0
777914,0
777915,0
777916,0
777917,0
777918,0
777919,0
777920,24
777921,0
777922,0
777923,18
777924,0
777925,0
777926,0
777927,23
777928,0
777929,0
777930,0
777931,0
777932,0
777933,0
777934,0
777935,0
777936,0
777937,0
777938,0
777939,0
777940,30
777941,0
777942,0
777943,0
777944,0
777945,46
777946,0
777947,0
777948,0
777949,0
777950,0
777951,0
777952,0
777953,0
777954,0
777955,0
777956,20
777957,0
777958,0
777959,0
777960,18
777961,0
777962,0
777963,0
777964,0
777965,0
777966,26
777967,0
777968,0
777969,31
777970,0
777971,0
777972,41
777973,0
777974,0
777975,0
777976,0
777977,0
777978,45
777979,7
777980,0
777981,0
777982,0
777983,25
777984,0
777985,0
777986,0
777987,0
777988,0
777989,0
777990,0
777991,0
777992,0
777993,0
777994,0
777995,0
777996,0
777997,37
777998,0
777999,0
778000,0
778001,0
778002,0
778003,0
778004,0
778005,0
778006,0
778007,0
778008,0
778009,0
778010,0
778011,30
778012,0
778013,0
778014,0
778015,0
778016,0
778017,0
778018,0
778019,0
778020,33
778021,0
778022,0
778023,0
778024,0
778025,0
778026,0
778027,0
778028,35
778029,0
778030,0
778031,30
778032,0
778033,0
778034,0
778035,0
778036,0
778037,0
778038,0
778039,0
778040,0
778041,0
778042,0
778043,0
778044,0
778045,31
778046,0
778047,0
778048,0
778049,0
778050,0
778051,0
778052,0
778053,0
778054,0
778055,0
778056,0
778057,31
778058,41
778059,0
778060,0
778061,12
778062,0
778063,0
778064,0
778065,0
778066,0
778067,0
778068,0
778069,0
778070,0
778071,0
778072,0
778073,0
778074,0
778075,0
778076,0
778077,0
778078,0
778079,0
778080,0
778081,0
778082,0
778083,0
778084,0
778085,0
778086,0
778087,0
778088,0
778089,0
778090,0
778091,36
778092,0
778093,0
778094,0
778095,0
778096,0
778097,0
778098,0
778099,0
778100,19
778101,0
778102,0
778103,0
778104,0
778105,0
778106,0
778107,0
778108,0
778109,0
778110,0
778111,0
778112,0
778113,0
778114,38
778115,0
778116,0
778117,0
778118,0
778119,0
778120,0
778121,0
778122,0
778123,0
778124,0
778125,0
778126,0
778127,0
778128,0
778129,0
778130,0
778131,35
778132,0
778133,0
778134,33
778135,0
778136,0
778137,0
778138,0
778139,0
778140,0
778141,0
778142,0
778143,0
778144,0
778145,0
778146,0
778147,0
778148,0
778149,0
778150,0
778151,0
778152,0
778153,0
778154,0
778155,0
778156,0
778157,0
778158,0
778159,0
778160,0
778161,0
778162,0
778163,37
778164,0
778165,0
778166,0
778167,0
778168,0
778169,0
778170,0
778171,0
778172,0
778173,0
778174,0
778175,0
778176,0
778177,0
778178,26
778179,0
778180,0
778181,0
778182,0
778183,0
778184,0
778185,0
778186,0
778187,0
778188,0
778189,0
778190,0
778191,0
778192,0
778193,0
778194,0
778195,29
778196,0
778197,0
778198,0
778199,21
778200,0
778201,0
778202,0
778203,0
778204,0
778205,0
778206,0
778207,0
778208,0
778209,0
778210,0
778211,0
778212,0
778213,0
778214,0
778215,0
778216,0
778217,0
778218,27
778219,0
778220,0
778221,0
778222,0
778223,0
778224,0
778225,0
778226,0
778227,0
778228,0
778229,0
778230,0
778231,0
778232,0
778233,0
778234,0
778235,0
778236,0
778237,0
778238,0
778239,0
778240,0
778241,0
778242,0
778243,0
778244,32
778245,0
778246,0
778247,0
778248,30
778249,0
778250,0
778251,0
778252,0
778253,0
778254,0
778255,0
778256,46
778257,0
778258,24
778259,0
778260,0
778261,0
778262,0
778263,0
778264,0
778265,0
778266,0
778267,0
778268,0
778269,0
778270,36
778271,0
778272,0
778273,41
778274,0
778275,29
778276,0
778277,0
778278,0
778279,0
778280,0
778281,0
778282,0
778283,0
778284,0
778285,0
778286,0
778287,0
778288,0
778289,18
778290,0
778291,43
778292,0
778293,0
778294,0
778295,0
778296,0
778297,0
778298,0
778299,0
778300,0
778301,0
778302,0
778303,0
778304,0
778305,0
778306,0
778307,0
778308,26
778309,0
778310,0
778311,0
778312,0
778313,0
778314,0
778315,31
778316,0
778317,0
778318,0
778319,0
778320,0
778321,0
778322,0
778323,0
778324,0
778325,0
778326,0
778327,46
778328,0
778329,0
778330,0
778331,0
778332,0
778333,29
778334,0
778335,0
778336,30
778337,0
778338,0
778339,0
778340,0
778341,0
778342,0
778343,0
778344,0
778345,0
778346,0
778347,0
778348,0
778349,0
778350,33
778351,0
778352,0
778353,0
778354,0
778355,0
778356,0
778357,0
778358,0
778359,0
778360,0
778361,0
778362,0
778363,0
778364,0
778365,0
778366,30
778367,0
778368,0
778369,0
778370,0
778371,0
778372,0
778373,0
778374,0
778375,0
778376,0
778377,0
778378,0
778379,0
778380,0
778381,0
778382,0
778383,0
778384,0
778385,0
778386,0
778387,0
778388,0
778389,0
778390,0
778391,0
778392,0
778393,0
778394,31
778395,0
778396,0
778397,32
778398,35
778399,0
778400,0
778401,0
778402,0
778403,0
778404,0
778405,40
778406,43
778407,0
778408,0
778409,0
778410,0
778411,0
778412,0
778413,0
778414,0
778415,0
778416,24
778417,0
778418,0
778419,0
778420,0
778421,0
778422,0
778423,0
778424,0
778425,36
778426,0
778427,0
778428,40
778429,0
778430,0
778431,0
778432,35
778433,0
778434,0
778435,0
778436,0
778437,0
778438,0
778439,0
778440,0
778441,0
778442,0
778443,0
778444,0
778445,0
778446,0
778447,0
778448,0
778449,0
778450,0
778451,34
778452,0
778453,0
778454,0
778455,0
778456,0
778457,0
778458,0
778459,41
778460,0
778461,0
778462,0
778463,0
778464,0
778465,0
778466,0
778467,0
778468,0
778469,0
778470,36
778471,0
778472,0
778473,0
778474,0
778475,0
778476,40
778477,0
778478,0
778479,0
778480,0
778481,0
778482,0
778483,0
778484,0
778485,32
778486,0
778487,0
778488,0
778489,0
778490,48
778491,0
778492,29
778493,0
778494,0
778495,0
778496,47
778497,0
778498,0
778499,0
778500,0
778501,0
778502,0
778503,0
778504,0
778505,0
778506,0
778507,0
778508,0
778509,0
778510,0
778511,0
778512,0
778513,0
778514,0
778515,0
778516,0
778517,0
778518,0
778519,0
778520,0
778521,0
778522,0
778523,0
778524,0
778525,0
778526,0
778527,0
778528,0
778529,0
778530,0
778531,0
778532,0
778533,10
778534,0
778535,0
778536,0
778537,0
778538,0
778539,0
778540,0
778541,0
778542,0
778543,0
778544,0
778545,0
778546,0
778547,0
778548,0
778549,0
778550,0
778551,0
778552,4
778553,0
778554,0
778555,0
778556,0
778557,0
778558,0
778559,0
778560,0
778561,0
778562,0
778563,0
778564,0
778565,0
778566,7
778567,0
778568,12
778569,0
778570,4
778571,0
778572,0
778573,0
778574,0
778575,0
778576,0
778577,0
778578,0
778579,0
778580,0
778581,0
778582,0
778583,0
778584,0
778585,0
778586,0
778587,0
778588,0
778589,0
778590,0
778591,0
778592,0
778593,0
778594,0
778595,0
778596,0
778597,0
778598,0
778599,0
778600,0
778601,0
778602,0
778603,0
778604,0
778605,0
778606,0
778607,0
778608,0
778609,0
778610,0
778611,0
778612,0
778613,0
778614,0
778615,0
778616,0
778617,0
778618,0
778619,0
778620,0
778621,0
778622,0
778623,0
778624,0
778625,0
778626,0
778627,0
778628,0
778629,0
778630,0
778631,0
778632,0
778633,0
778634,0
778635,0
778636,0
778637,0
778638,16
778639,0
778640,13
778641,0
778642,0
778643,0
778644,0
778645,0
778646,0
778647,0
778648,0
778649,0
778650,0
778651,0
778652,0
778653,0
778654,0
778655,0
778656,4
778657,0
778658,0
778659,20
778660,0
778661,0
778662,0
778663,0
778664,0
778665,0
778666,0
778667,0
778668,0
778669,0
778670,0
778671,0
778672,0
778673,0
778674,0
778675,0
778676,0
778677,7
778678,0
778679,0
778680,0
778681,0
778682,0
778683,0
778684,0
778685,0
778686,0
778687,0
778688,0
778689,0
778690,0
778691,0
778692,0
778693,0
778694,0
778695,0
778696,0
778697,0
778698,0
778699,0
778700,0
778701,0
778702,0
778703,0
778704,0
778705,9
778706,0
778707,2
778708,0
778709,0
778710,0
778711,0
778712,0
778713,0
778714,0
778715,0
778716,0
778717,0
778718,0
778719,0
778720,0
778721,0
778722,0
778723,13
778724,0
778725,0
778726,0
778727,0
778728,0
778729,0
778730,0
778731,0
778732,7
778733,0
778734,0
778735,8
778736,0
778737,0
778738,0
778739,0
778740,0
778741,0
778742,0
778743,0
778744,0
778745,0
778746,0
778747,0
778748,0
778749,0
778750,0
778751,0
778752,0
778753,0
778754,4
778755,0
778756,0
778757,0
778758,0
778759,0
778760,0
778761,0
778762,0
778763,7
778764,0
778765,0
778766,0
778767,0
778768,0
778769,0
778770,0
778771,0
778772,0
778773,0
778774,0
778775,0
778776,7
778777,0
778778,0
778779,0
778780,0
778781,0
778782,0
778783,0
778784,0
778785,0
778786,9
778787,0
778788,0
778789,0
778790,0
778791,0
778792,0
778793,0
778794,5
778795,0
778796,0
778797,0
778798,0
778799,0
778800,0
778801,0
778802,0
778803,0
778804,0
778805,0
778806,0
778807,8
778808,0
778809,0
778810,0
778811,0
778812,0
778813,7
778814,0
778815,0
778816,4
778817,0
778818,10
778819,0
778820,0
778821,0
778822,0
778823,0
778824,0
778825,7
778826,0
778827,0
778828,0
778829,16
778830,0
778831,0
778832,0
778833,0
778834,10
778835,0
778836,0
778837,12
778838,0
778839,0
778840,0
778841,2
778842,0
778843,9
778844,0
778845,0
778846,0
778847,0
778848,0
778849,0
778850,6
778851,12
778852,0
778853,0
778854,0
778855,0
778856,0
778857,0
778858,0
778859,0
778860,0
778861,0
778862,0
778863,0
778864,0
778865,0
778866,0
778867,0
778868,8
778869,0
778870,0
778871,7
778872,7
778873,11
778874,0
778875,0
778876,0
778877,0
778878,0
778879,0
778880,0
778881,0
778882,0
778883,0
778884,0
778885,0
778886,7
778887,0
778888,0
778889,0
778890,0
778891,11
778892,0
778893,0
778894,0
778895,0
778896,0
778897,0
778898,0
778899,0
778900,0
778901,0
778902,11
778903,0
778904,0
778905,0
778906,0
778907,0
778908,0
778909,0
778910,0
778911,0
778912,0
778913,0
778914,0
778915,0
778916,0
778917,0
778918,0
778919,0
778920,0
778921,0
778922,0
778923,0
778924,0
778925,0
778926,0
778927,0
778928,0
778929,10
778930,0
778931,0
778932,0
778933,0
778934,0
778935,0
778936,0
778937,0
778938,0
778939,0
778940,0
778941,9
778942,0
778943,0
778944,0
778945,0
778946,0
778947,0
778948,10
778949,0
778950,0
778951,0
778952,0
778953,0
778954,0
778955,0
778956,0
778957,0
778958,0
778959,0
778960,0
778961,0
778962,0
778963,0
778964,4
778965,0
778966,0
778967,0
778968,0
778969,0
778970,0
778971,0
778972,0
778973,0
778974,0
778975,0
778976,0
778977,0
778978,0
778979,0
778980,0
778981,10
778982,0
778983,0
778984,0
778985,11
778986,9
778987,0
778988,0
778989,0
778990,4
778991,0
778992,0
778993,8
778994,3
778995,0
778996,0
778997,6
778998,0
778999,0
779000,0
779001,14
779002,0
779003,0
779004,0
779005,0
779006,0
779007,7
779008,0
779009,4
779010,0
779011,0
779012,11
779013,8
779014,0
779015,0
779016,0
779017,0
779018,0
779019,0
779020,0
779021,0
779022,0
779023,0
779024,0
779025,0
779026,0
779027,0
779028,0
779029,0
779030,0
779031,0
779032,0
779033,0
779034,0
779035,0
779036,0
779037,0
779038,0
779039,0
779040,0
779041,0
779042,0
779043,0
779044,0
779045,0
779046,0
779047,0
779048,0
779049,0
779050,0
779051,0
779052,0
779053,0
779054,0
779055,0
779056,0
779057,0
779058,0
779059,0
779060,0
779061,0
779062,0
779063,0
779064,0
779065,0
779066,0
779067,0
779068,0
779069,0
779070,0
779071,0
779072,0
779073,0
779074,0
779075,0
779076,0
779077,0
779078,0
779079,0
779080,0
779081,0
779082,0
779083,0
779084,0
779085,0
779086,0
779087,0
779088,0
779089,2
779090,0
779091,0
779092,0
779093,0
779094,0
779095,0
779096,0
779097,0
779098,0
779099,0
779100,0
779101,0
779102,0
779103,0
779104,0
779105,0
779106,0
779107,0
779108,0
779109,0
779110,0
779111,0
779112,0
779113,0
779114,0
779115,0
779116,0
779117,0
779118,0
779119,0
779120,0
779121,0
779122,0
779123,0
779124,0
779125,0
779126,0
779127,0
779128,0
779129,0
779130,0
779131,0
779132,0
779133,0
779134,0
779135,0
779136,0
779137,0
779138,0
779139,0
779140,0
779141,0
779142,0
779143,0
779144,0
779145,0
779146,0
779147,0
779148,0
779149,0
779150,0
779151,0
779152,0
779153,0
779154,0
779155,0
779156,0
779157,0
779158,2
779159,0
779160,0
779161,0
779162,0
779163,0
779164,0
779165,0
779166,0
779167,0
779168,0
779169,0
779170,0
779171,0
779172,0
779173,0
779174,0
779175,0
779176,0
779177,0
779178,0
779179,0
779180,0
779181,0
779182,0
779183,0
779184,0
779185,0
779186,0
779187,0
779188,0
779189,0
779190,0
779191,0
779192,0
779193,0
779194,0
779195,0
779196,0
779197,0
779198,0
779199,0
779200,0
779201,0
779202,0
779203,0
779204,0
779205,0
779206,0
779207,0
779208,0
779209,0
779210,0
779211,0
779212,0
779213,0
779214,0
779215,0
779216,0
779217,0
779218,0
779219,0
779220,0
779221,0
779222,0
779223,0
779224,0
779225,0
779226,0
779227,0
779228,0
779229,0
779230,0
779231,0
779232,0
779233,0
779234,0
779235,0
779236,2
779237,0
779238,0
779239,0
779240,0
779241,0
779242,0
779243,0
779244,0
779245,0
779246,0
779247,0
779248,0
779249,0
779250,0
779251,0
779252,0
779253,0
779254,0
779255,0
779256,0
779257,0
779258,0
779259,0
779260,0
779261,0
779262,0
779263,0
779264,0
779265,0
779266,0
779267,0
779268,0
779269,0
779270,0
779271,0
779272,0
779273,0
779274,0
779275,0
779276,0
779277,0
779278,0
779279,0
779280,0
779281,0
779282,0
779283,0
779284,0
779285,0
779286,0
779287,0
779288,0
779289,0
779290,0
779291,0
779292,0
779293,0
779294,0
779295,0
779296,0
779297,0
779298,0
779299,0
779300,0
779301,0
779302,0
779303,0
779304,0
779305,0
779306,0
779307,0
779308,0
779309,0
779310,0
779311,0
779312,0
779313,0
779314,0
779315,0
779316,0
779317,0
779318,0
779319,0
779320,0
779321,0
779322,0
779323,0
779324,0
779325,0
779326,0
779327,0
779328,0
779329,0
779330,0
779331,0
779332,0
779333,0
779334,0
779335,0
779336,0
779337,0
779338,0
779339,0
779340,0
779341,0
779342,0
779343,0
779344,0
779345,0
779346,0
779347,0
779348,0
779349,0
779350,0
779351,1
779352,0
779353,0
779354,0
779355,0
779356,0
779357,0
779358,0
779359,0
779360,0
779361,0
779362,0
779363,0
779364,0
779365,0
779366,0
779367,0
779368,0
779369,0
779370,0
779371,0
779372,0
779373,0
779374,0
779375,0
779376,0
779377,0
779378,0
779379,0
779380,0
779381,0
779382,0
779383,0
779384,0
779385,0
779386,0
779387,0
779388,0
779389,0
779390,0
779391,0
779392,0
779393,0
779394,0
779395,0
779396,0
779397,0
779398,0
779399,0
779400,0
779401,0
779402,0
779403,0
779404,0
779405,0
779406,0
779407,0
779408,0
779409,0
779410,0
779411,0
779412,0
779413,0
779414,0
779415,0
779416,0
779417,0
779418,0
779419,0
779420,0
779421,0
779422,0
779423,0
779424,0
779425,0
779426,0
779427,0
779428,0
779429,0
779430,0
779431,0
779432,0
779433,0
779434,0
779435,0
779436,0
779437,0
779438,0
779439,0
779440,0
779441,0
779442,0
779443,0
779444,0
779445,0
779446,0
779447,0
779448,0
779449,0
779450,0
779451,0
779452,0
779453,0
779454,0
779455,0
779456,1
779457,0
779458,0
779459,0
779460,0
779461,0
779462,0
779463,0
779464,0
779465,0
779466,0
779467,0
779468,0
779469,0
779470,0
779471,0
779472,0
779473,0
779474,0
779475,0
779476,0
779477,0
779478,0
779479,0
779480,0
779481,0
779482,0
779483,0
779484,0
779485,0
779486,0
779487,0
779488,0
779489,0
779490,0
779491,0
779492,0
779493,0
779494,0
779495,0
779496,0
779497,0
779498,0
779499,0
779500,0
779501,0
779502,0
779503,0
779504,0
779505,0
779506,0
779507,0
779508,0
779509,0
779510,0
779511,0
779512,0
779513,0
779514,0
779515,0
779516,0
779517,0
779518,0
779519,0
779520,0
779521,0
779522,0
779523,0
779524,0
779525,0
779526,0
779527,0
779528,0
779529,0
779530,0
779531,0
779532,0
779533,0
779534,0
779535,0
779536,0
779537,0
779538,0
779539,0
779540,0
779541,0
779542,0
779543,0
779544,0
779545,0
779546,0
779547,0
779548,0
779549,0
779550,0
779551,0
779552,0
779553,0
779554,0
779555,0
779556,0
779557,0
779558,29
779559,0
779560,0
779561,23
779562,0
779563,0
779564,0
779565,0
779566,0
779567,0
779568,0
779569,0
779570,0
779571,37
779572,0
779573,31
779574,0
779575,0
779576,29
779577,0
779578,0
779579,0
779580,0
779581,0
779582,0
779583,0
779584,42
779585,0
779586,37
779587,0
779588,0
779589,0
779590,0
779591,0
779592,26
779593,0
779594,0
779595,37
779596,0
779597,0
779598,0
779599,37
779600,0
779601,0
779602,0
779603,0
779604,0
779605,0
779606,0
779607,0
779608,0
779609,0
779610,0
779611,23
779612,0
779613,0
779614,31
779615,0
779616,0
779617,0
779618,0
779619,36
779620,0
779621,0
779622,0
779623,0
779624,0
779625,0
779626,0
779627,0
779628,0
779629,0
779630,0
779631,0
779632,0
779633,0
779634,37
779635,0
779636,0
779637,0
779638,0
779639,0
779640,0
779641,0
779642,42
779643,32
779644,0
779645,0
779646,0
779647,0
779648,0
779649,0
779650,0
779651,0
779652,0
779653,0
779654,0
779655,0
779656,0
779657,0
779658,21
779659,0
779660,0
779661,29
779662,0
779663,0
779664,0
779665,0
779666,0
779667,0
779668,0
779669,0
779670,0
779671,0
779672,0
779673,0
779674,0
779675,0
779676,13
779677,0
779678,0
779679,0
779680,0
779681,0
779682,0
779683,0
779684,26
779685,0
779686,0
779687,18
779688,0
779689,0
779690,0
779691,0
779692,0
779693,0
779694,0
779695,16
779696,0
779697,13
779698,0
779699,0
779700,0
779701,0
779702,0
779703,0
779704,36
779705,0
779706,0
779707,0
779708,26
779709,0
779710,0
779711,0
779712,0
779713,24
779714,0
779715,16
779716,0
779717,0
779718,0
779719,0
779720,0
779721,0
779722,0
779723,0
779724,0
779725,0
779726,20
779727,0
779728,0
779729,0
779730,0
779731,0
779732,0
779733,0
779734,0
779735,25
779736,0
779737,0
779738,0
779739,0
779740,0
779741,0
779742,0
779743,0
779744,0
779745,0
779746,0
779747,0
779748,0
779749,0
779750,0
779751,0
779752,0
779753,23
779754,0
779755,0
779756,22
779757,0
779758,0
779759,0
779760,0
779761,0
779762,0
779763,0
779764,0
779765,14
779766,22
779767,0
779768,0
779769,0
779770,0
779771,0
779772,0
779773,0
779774,0
779775,0
779776,0
779777,0
779778,0
779779,0
779780,0
779781,0
779782,0
779783,0
779784,0
779785,0
779786,0
779787,0
779788,0
779789,0
779790,0
779791,12
779792,0
779793,0
779794,0
779795,0
779796,19
779797,20
779798,0
779799,0
779800,0
779801,0
779802,0
779803,0
779804,0
779805,12
779806,0
779807,0
779808,21
779809,0
779810,18
779811,0
779812,0
779813,0
779814,24
779815,0
779816,0
779817,0
779818,0
779819,0
779820,0
779821,0
779822,0
779823,0
779824,19
779825,0
779826,0
779827,0
779828,0
779829,0
779830,0
779831,0
779832,0
779833,0
779834,0
779835,22
779836,0
779837,0
779838,0
779839,0
779840,0
779841,13
779842,0
779843,15
779844,0
779845,0
779846,0
779847,0
779848,0
779849,0
779850,14
779851,0
779852,0
779853,0
779854,0
779855,0
779856,8
779857,0
779858,0
779859,0
779860,0
779861,0
779862,0
779863,0
779864,0
779865,0
779866,0
779867,0
779868,0
779869,0
779870,0
779871,0
779872,0
779873,0
779874,0
779875,0
779876,25
779877,0
779878,0
779879,0
779880,0
779881,0
779882,30
779883,0
779884,27
779885,0
779886,0
779887,0
779888,0
779889,0
779890,0
779891,16
779892,0
779893,0
779894,0
779895,0
779896,0
779897,0
779898,0
779899,0
779900,17
779901,0
779902,0
779903,0
779904,27
779905,0
779906,0
779907,31
779908,0
779909,0
779910,0
779911,0
779912,0
779913,0
779914,9
779915,0
779916,0
779917,24
779918,0
779919,0
779920,0
779921,0
779922,17
779923,24
779924,0
779925,0
779926,0
779927,0
779928,18
779929,23
779930,0
779931,24
779932,0
779933,0
779934,0
779935,11
779936,0
779937,0
779938,0
779939,0
779940,0
779941,0
779942,0
779943,0
779944,19
779945,26
779946,0
779947,0
779948,23
779949,0
779950,0
779951,0
779952,0
779953,18
779954,0
779955,0
779956,0
779957,0
779958,0
779959,0
779960,0
779961,0
779962,29
779963,0
779964,19
779965,0
779966,23
779967,0
779968,0
779969,0
779970,0
779971,0
779972,0
779973,18
779974,0
779975,0
779976,0
779977,0
779978,0
779979,0
779980,0
779981,31
779982,0
779983,0
779984,0
779985,0
779986,0
779987,0
779988,0
779989,0
779990,0
779991,0
779992,0
779993,0
779994,0
779995,0
779996,0
779997,0
779998,0
779999,0
780000,0
780001,0
780002,0
780003,0
780004,0
780005,0
780006,0
780007,0
780008,0
780009,0
780010,0
780011,0
780012,0
780013,0
780014,0
780015,0
780016,10
780017,0
780018,0
780019,0
780020,0
780021,0
780022,0
780023,0
780024,0
780025,0
780026,0
780027,0
780028,0
780029,0
780030,0
780031,0
780032,0
780033,12
780034,0
780035,0
780036,0
780037,0
780038,0
780039,0
780040,0
780041,0
780042,0
780043,0
780044,0
780045,0
780046,0
780047,0
780048,6
780049,22
780050,0
780051,0
780052,0
780053,0
780054,0
780055,0
780056,0
780057,0
780058,0
780059,7
780060,9
780061,0
780062,0
780063,0
780064,6
780065,0
780066,0
780067,9
780068,0
780069,0
780070,0
780071,0
780072,0
780073,0
780074,0
780075,0
780076,0
780077,0
780078,0
780079,0
780080,0
780081,0
780082,0
780083,0
780084,0
780085,0
780086,0
780087,0
780088,5
780089,0
780090,0
780091,0
780092,14
780093,11
780094,0
780095,0
780096,0
780097,0
780098,0
780099,0
780100,0
780101,0
780102,0
780103,0
780104,0
780105,0
780106,0
780107,0
780108,0
780109,16
780110,0
780111,21
780112,0
780113,11
780114,12
780115,0
780116,0
780117,10
780118,0
780119,0
780120,0
780121,0
780122,0
780123,0
780124,0
780125,0
780126,0
780127,0
780128,0
780129,0
780130,0
780131,0
780132,0
780133,0
780134,0
780135,0
780136,0
780137,0
780138,0
780139,0
780140,0
780141,9
780142,0
780143,0
780144,0
780145,0
780146,0
780147,0
780148,0
780149,0
780150,18
780151,0
780152,0
780153,0
780154,3
780155,0
780156,0
780157,0
780158,0
780159,0
780160,0
780161,0
780162,16
780163,0
780164,0
780165,0
780166,11
780167,0
780168,0
780169,0
780170,0
780171,0
780172,0
780173,0
780174,20
780175,0
780176,0
780177,0
780178,0
780179,0
780180,0
780181,0
780182,0
780183,0
780184,0
780185,0
780186,0
780187,13
780188,0
780189,0
780190,0
780191,0
780192,0
780193,0
780194,0
780195,0
780196,0
780197,11
780198,22
780199,10
780200,0
780201,0
780202,0
780203,0
780204,0
780205,11
780206,0
780207,0
780208,0
780209,0
780210,0
780211,14
780212,0
780213,0
780214,0
780215,0
780216,0
780217,0
780218,0
780219,0
780220,0
780221,0
780222,0
780223,0
780224,0
780225,0
780226,0
780227,0
780228,0
780229,0
780230,0
780231,0
780232,14
780233,0
780234,8
780235,0
780236,0
780237,0
780238,0
780239,0
780240,0
780241,0
780242,0
780243,13
780244,0
780245,0
780246,0
780247,0
780248,0
780249,0
780250,0
780251,0
780252,0
780253,0
780254,0
780255,0
780256,0
780257,0
780258,0
780259,0
780260,0
780261,0
780262,12
780263,0
780264,0
780265,0
780266,14
780267,0
780268,0
780269,0
780270,0
780271,0
780272,0
780273,0
780274,0
780275,0
780276,0
780277,0
780278,0
780279,0
780280,0
780281,0
780282,0
780283,0
780284,0
780285,20
780286,0
780287,0
780288,0
780289,0
780290,0
780291,0
780292,0
780293,0
780294,0
780295,0
780296,0
780297,0
780298,0
780299,0
780300,14
780301,0
780302,0
780303,0
780304,7
780305,0
780306,0
780307,0
780308,0
780309,0
780310,0
780311,0
780312,0
780313,0
780314,0
780315,0
780316,0
780317,9
780318,0
780319,0
780320,0
780321,0
780322,0
780323,0
780324,0
780325,0
780326,7
780327,0
780328,0
780329,0
780330,0
780331,0
780332,12
780333,0
780334,0
780335,0
780336,0
780337,0
780338,0
780339,0
780340,0
780341,8
780342,0
780343,0
780344,0
780345,0
780346,0
780347,0
780348,0
780349,0
780350,0
780351,0
780352,0
780353,0
780354,0
780355,0
780356,0
780357,17
780358,0
780359,0
780360,0
780361,0
780362,0
780363,0
780364,0
780365,0
780366,0
780367,0
780368,16
780369,0
780370,0
780371,0
780372,0
780373,0
780374,0
780375,0
780376,0
780377,0
780378,0
780379,0
780380,0
780381,0
780382,0
780383,0
780384,0
780385,0
780386,0
780387,0
780388,0
780389,0
780390,0
780391,0
780392,0
780393,0
780394,11
780395,0
780396,0
780397,0
780398,0
780399,0
780400,0
780401,0
780402,0
780403,0
780404,0
780405,0
780406,0
780407,0
780408,0
780409,0
780410,10
780411,0
780412,0
780413,0
780414,0
780415,0
780416,0
780417,0
780418,0
780419,0
780420,0
780421,0
780422,12
780423,0
780424,0
780425,0
780426,0
780427,0
780428,0
780429,0
780430,0
780431,12
780432,0
780433,0
780434,0
780435,6
780436,0
780437,0
780438,0
780439,0
780440,0
780441,0
780442,0
780443,10
780444,12
780445,0
780446,0
780447,0
780448,0
780449,0
780450,0
780451,0
780452,0
780453,10
780454,0
780455,0
780456,0
780457,0
780458,0
780459,0
780460,0
780461,0
780462,0
780463,0
780464,0
780465,0
780466,0
780467,0
780468,0
780469,0
780470,0
780471,0
780472,0
780473,0
780474,0
780475,0
780476,13
780477,0
780478,0
780479,9
780480,0
780481,0
780482,8
780483,0
780484,0
780485,0
780486,0
780487,9
780488,0
780489,0
780490,0
780491,0
780492,0
780493,0
780494,0
780495,0
780496,0
780497,0
780498,0
780499,0
780500,0
780501,0
780502,0
780503,0
780504,0
780505,12
780506,0
780507,0
780508,0
780509,0
780510,17
780511,0
780512,0
780513,0
780514,0
780515,0
780516,0
780517,0
780518,0
780519,0
780520,0
780521,9
780522,0
780523,10
780524,0
780525,0
780526,0
780527,0
780528,0
780529,0
780530,0
780531,0
780532,0
780533,0
780534,0
780535,0
780536,0
780537,0
780538,0
780539,7
780540,0
780541,18
780542,0
780543,19
780544,0
780545,0
780546,16
780547,0
780548,0
780549,0
780550,0
780551,0
780552,0
780553,13
780554,0
780555,0
780556,0
780557,0
780558,10
780559,0
780560,0
780561,0
780562,16
780563,0
780564,0
780565,0
780566,16
780567,0
780568,0
780569,0
780570,14
780571,20
780572,0
780573,0
780574,0
780575,0
780576,0
780577,0
780578,0
780579,0
780580,0
780581,14
780582,0
780583,18
780584,0
780585,0
780586,17
780587,0
780588,10
780589,0
780590,15
780591,0
780592,0
780593,11
780594,0
780595,0
780596,11
780597,17
780598,5
780599,0
780600,0
780601,0
780602,15
780603,19
780604,0
780605,9
780606,0
780607,0
780608,0
780609,0
780610,16
780611,0
780612,0
780613,0
780614,0
780615,0
780616,0
780617,0
780618,15
780619,0
780620,18
780621,0
780622,16
780623,0
780624,0
780625,17
780626,0
780627,0
780628,20
780629,0
780630,0
780631,0
780632,5
780633,14
780634,18
780635,0
780636,0
780637,0
780638,0
780639,0
780640,0
780641,0
780642,0
780643,0
780644,0
780645,14
780646,0
780647,0
780648,16
780649,0
780650,0
780651,0
780652,0
780653,0
780654,0
780655,0
780656,15
780657,0
780658,0
780659,0
780660,0
780661,0
780662,0
780663,20
780664,0
780665,0
780666,13
780667,20
780668,12
780669,0
780670,0
780671,0
780672,0
780673,0
780674,0
780675,0
780676,0
780677,0
780678,0
780679,13
780680,0
780681,15
780682,0
780683,9
780684,0
780685,0
780686,18
780687,0
780688,0
780689,18
780690,15
780691,0
780692,0
780693,0
780694,0
780695,0
780696,0
780697,0
780698,0
780699,15
780700,0
780701,18
780702,0
780703,0
780704,18
780705,9
780706,0
780707,19
780708,0
780709,10
780710,0
780711,0
780712,0
780713,0
780714,0
780715,13
780716,0
780717,0
780718,0
780719,0
780720,0
780721,0
780722,0
780723,0
780724,0
780725,17
780726,19
780727,0
780728,11
780729,0
780730,11
780731,16
780732,0
780733,10
780734,20
780735,0
780736,0
780737,10
780738,0
780739,10
780740,0
780741,12
780742,0
780743,0
780744,0
780745,0
780746,21
780747,22
780748,0
780749,18
780750,0
780751,0
780752,16
780753,10
780754,13
780755,0
780756,0
780757,0
780758,0
780759,0
780760,0
780761,22
780762,17
780763,0
780764,0
780765,0
780766,0
780767,0
780768,0
780769,20
780770,0
780771,0
780772,14
780773,0
780774,0
780775,17
780776,15
780777,0
780778,0
780779,0
780780,0
780781,0
780782,10
780783,0
780784,0
780785,0
780786,0
780787,10
780788,0
780789,0
780790,0
780791,0
780792,0
780793,17
780794,0
780795,11
780796,0
780797,0
780798,0
780799,15
780800,9
780801,0
780802,0
780803,0
780804,0
780805,0
780806,0
780807,14
780808,14
780809,0
780810,0
780811,0
780812,16
780813,0
780814,12
780815,0
780816,16
780817,22
780818,0
780819,14
780820,15
780821,0
780822,0
780823,8
780824,0
780825,0
780826,0
780827,0
780828,0
780829,0
780830,0
780831,0
780832,0
780833,0
780834,12
780835,0
780836,10
780837,0
780838,0
780839,0
780840,18
780841,12
780842,17
780843,0
780844,0
780845,0
780846,0
780847,16
780848,0
780849,21
780850,0
780851,12
780852,0
780853,0
780854,0
780855,0
780856,0
780857,0
780858,14
780859,15
780860,0
780861,0
780862,0
780863,0
780864,0
780865,0
780866,0
780867,17
780868,0
780869,15
780870,17
780871,14
780872,0
780873,17
780874,0
780875,0
780876,0
780877,0
780878,0
780879,12
780880,0
780881,17
780882,21
780883,0
780884,0
780885,0
780886,10
780887,0
780888,0
780889,0
780890,15
780891,0
780892,0
780893,18
780894,0
780895,0
780896,18
780897,0
780898,0
780899,0
780900,0
780901,0
780902,0
780903,0
780904,0
780905,0
780906,13
780907,0
780908,0
780909,0
780910,0
780911,0
780912,14
780913,0
780914,0
780915,0
780916,0
780917,0
780918,0
780919,0
780920,0
780921,15
780922,0
780923,0
780924,0
780925,0
780926,15
780927,0
780928,15
780929,20
780930,0
780931,0
780932,23
780933,0
780934,0
780935,0
780936,0
780937,0
780938,0
780939,0
780940,0
780941,0
780942,0
780943,11
780944,0
780945,0
780946,0
780947,14
780948,0
780949,0
780950,0
780951,0
780952,9
780953,0
780954,0
780955,0
780956,0
780957,0
780958,11
780959,21
780960,5
780961,0
780962,12
780963,12
780964,0
780965,0
780966,0
780967,0
780968,15
780969,0
780970,0
780971,0
780972,0
780973,0
780974,0
780975,0
780976,13
780977,0
780978,0
780979,17
780980,11
780981,0
780982,0
780983,0
780984,0
780985,0
780986,0
780987,0
780988,14
780989,0
780990,0
780991,0
780992,0
780993,15
780994,0
780995,0
780996,0
780997,0
780998,0
780999,0
781000,25
781001,7
781002,11
781003,0
781004,0
781005,0
781006,0
781007,0
781008,0
781009,0
781010,15
781011,0
781012,0
781013,14
781014,22
781015,0
781016,0
781017,17
781018,13
781019,19
781020,0
781021,11
781022,0
781023,18
781024,0
781025,18
781026,0
781027,0
781028,0
781029,0
781030,0
781031,0
781032,0
781033,15
781034,21
781035,13
781036,0
781037,0
781038,0
781039,0
781040,0
781041,0
781042,0
781043,0
781044,19
781045,0
781046,11
781047,0
781048,0
781049,0
781050,0
781051,0
781052,0
781053,18
781054,0
781055,0
781056,0
781057,0
781058,0
781059,0
781060,0
781061,0
781062,0
781063,16
781064,0
781065,0
781066,0
781067,0
781068,0
781069,14
781070,0
781071,11
781072,15
781073,21
781074,0
781075,0
781076,0
781077,0
781078,9
781079,0
781080,0
781081,7
781082,22
781083,0
781084,13
781085,0
781086,0
781087,19
781088,22
781089,0
781090,0
781091,0
781092,0
781093,0
781094,0
781095,16
781096,0
781097,0
781098,0
781099,10
781100,0
781101,0
781102,0
781103,8
781104,0
781105,20
781106,0
781107,15
781108,0
781109,16
781110,0
781111,0
781112,0
781113,0
781114,0
781115,0
781116,0
781117,0
781118,15
781119,0
781120,0
781121,0
781122,11
781123,13
781124,0
781125,10
781126,0
781127,0
781128,0
781129,14
781130,21
781131,0
781132,13
781133,0
781134,0
781135,0
781136,0
781137,0
781138,10
781139,10
781140,0
781141,17
781142,0
781143,14
781144,8
781145,10
781146,0
781147,0
781148,0
781149,0
781150,0
781151,15
781152,0
781153,10
781154,0
781155,17
781156,0
781157,0
781158,0
781159,0
781160,0
781161,0
781162,0
781163,0
781164,0
781165,0
781166,0
781167,17
781168,0
781169,0
781170,0
781171,0
781172,0
781173,0
781174,0
781175,10
781176,0
781177,23
781178,18
781179,0
781180,0
781181,0
781182,0
781183,0
781184,24
781185,13
781186,0
781187,0
781188,20
781189,0
781190,0
781191,0
781192,0
781193,0
781194,0
781195,0
781196,0
781197,17
781198,24
781199,11
781200,0
781201,0
781202,0
781203,0
781204,0
781205,0
781206,0
781207,19
781208,0
781209,0
781210,0
781211,0
781212,20
781213,0
781214,18
781215,0
781216,0
781217,15
781218,0
781219,0
781220,0
781221,0
781222,11
781223,0
781224,0
781225,0
781226,0
781227,0
781228,0
781229,0
781230,0
781231,0
781232,0
781233,24
781234,0
781235,18
781236,0
781237,0
781238,14
781239,0
781240,9
781241,19
781242,0
781243,0
781244,0
781245,0
781246,0
781247,11
781248,0
781249,0
781250,9
781251,0
781252,0
781253,0
781254,0
781255,0
781256,25
781257,0
781258,14
781259,7
781260,0
781261,13
781262,0
781263,15
781264,0
781265,0
781266,0
781267,0
781268,0
781269,0
781270,0
781271,16
781272,0
781273,0
781274,0
781275,0
781276,0
781277,16
781278,14
781279,0
781280,0
781281,0
781282,10
781283,0
781284,0
781285,11
781286,0
781287,0
781288,0
781289,0
781290,0
781291,13
781292,22
781293,0
781294,12
781295,0
781296,13
781297,0
781298,0
781299,0
781300,16
781301,0
781302,0
781303,0
781304,0
781305,0
781306,0
781307,0
781308,0
781309,0
781310,24
781311,6
781312,0
781313,0
781314,0
781315,0
781316,13
781317,10
781318,0
781319,0
781320,14
781321,0
781322,0
781323,20
781324,0
781325,0
781326,0
781327,13
781328,16
781329,0
781330,0
781331,0
781332,0
781333,0
781334,0
781335,0
781336,0
781337,0
781338,0
781339,0
781340,17
781341,0
781342,19
781343,0
781344,18
781345,0
781346,19
781347,18
781348,12
781349,0
781350,0
781351,0
781352,9
781353,19
781354,0
781355,0
781356,0
781357,0
781358,0
781359,20
781360,0
781361,10
781362,0
781363,0
781364,24
781365,0
781366,0
781367,0
781368,10
781369,0
781370,0
781371,0
781372,0
781373,14
781374,17
781375,19
781376,13
781377,0
781378,15
781379,12
781380,0
781381,0
781382,0
781383,0
781384,0
781385,0
781386,0
781387,0
781388,0
781389,9
781390,18
781391,16
781392,0
781393,0
781394,0
781395,0
781396,0
781397,12
781398,0
781399,7
781400,16
781401,0
781402,0
781403,13
781404,0
781405,0
781406,0
781407,0
781408,0
781409,18
781410,0
781411,0
781412,7
781413,9
781414,0
781415,0
781416,0
781417,12
781418,0
781419,0
781420,0
781421,0
781422,10
781423,0
781424,19
781425,0
781426,9
781427,0
781428,0
781429,0
781430,9
781431,0
781432,0
781433,0
781434,0
781435,0
781436,21
781437,0
781438,0
781439,0
781440,0
781441,11
781442,20
781443,0
781444,0
781445,0
781446,0
781447,0
781448,9
781449,10
781450,22
781451,21
781452,0
781453,0
781454,0
781455,0
781456,14
781457,0
781458,0
781459,0
781460,0
781461,0
781462,0
781463,11
781464,0
781465,7
781466,11
781467,13
781468,0
781469,0
781470,0
781471,0
781472,17
781473,15
781474,0
781475,10
781476,0
781477,0
781478,0
781479,0
781480,0
781481,0
781482,0
781483,0
781484,13
781485,0
781486,0
781487,0
781488,19
781489,0
781490,0
781491,0
781492,0
781493,0
781494,0
781495,23
781496,0
781497,0
781498,0
781499,0
781500,0
781501,0
781502,0
781503,0
781504,0
781505,0
781506,18
781507,11
781508,0
781509,0
781510,0
781511,22
781512,0
781513,0
781514,0
781515,0
781516,0
781517,0
781518,24
781519,14
781520,0
781521,0
781522,0
781523,0
781524,0
781525,0
781526,0
781527,0
781528,0
781529,0
781530,0
781531,0
781532,0
781533,0
781534,0
781535,16
781536,0
781537,24
781538,0
781539,0
781540,0
781541,0
781542,11
781543,0
781544,19
781545,0
781546,0
781547,0
781548,0
781549,0
781550,0
781551,0
781552,0
781553,0
781554,0
781555,0
781556,0
781557,0
781558,0
781559,0
781560,12
781561,0
781562,11
781563,0
781564,21
781565,0
781566,18
781567,24
781568,0
781569,19
781570,0
781571,0
781572,14
781573,0
781574,0
781575,0
781576,0
781577,0
781578,0
781579,0
781580,0
781581,10
781582,0
781583,0
781584,0
781585,11
781586,0
781587,0
781588,21
781589,0
781590,0
781591,0
781592,0
781593,0
781594,0
781595,0
781596,35
781597,0
781598,0
781599,0
781600,0
781601,0
781602,16
781603,10
781604,18
781605,0
781606,0
781607,0
781608,0
781609,27
781610,0
781611,15
781612,27
781613,0
781614,0
781615,0
781616,0
781617,15
781618,0
781619,15
781620,0
781621,0
781622,13
781623,20
781624,36
781625,0
781626,0
781627,0
781628,0
781629,0
781630,0
781631,0
781632,19
781633,0
781634,0
781635,0
781636,0
781637,0
781638,11
781639,0
781640,0
781641,0
781642,0
781643,0
781644,17
781645,24
781646,29
781647,26
781648,0
781649,14
781650,0
781651,0
781652,0
781653,0
781654,0
781655,16
781656,0
781657,0
781658,17
781659,0
781660,11
781661,17
781662,0
781663,0
781664,0
781665,0
781666,0
781667,0
781668,0
781669,0
781670,0
781671,0
781672,0
781673,0
781674,0
781675,27
781676,25
781677,0
781678,0
781679,21
781680,0
781681,0
781682,0
781683,0
781684,0
781685,0
781686,0
781687,0
781688,0
781689,0
781690,0
781691,0
781692,0
781693,0
781694,0
781695,0
781696,0
781697,26
781698,0
781699,0
781700,17
781701,0
781702,0
781703,0
781704,0
781705,0
781706,0
781707,0
781708,0
781709,0
781710,0
781711,0
781712,0
781713,0
781714,0
781715,11
781716,0
781717,0
781718,0
781719,17
781720,0
781721,21
781722,0
781723,0
781724,0
781725,19
781726,0
781727,9
781728,14
781729,17
781730,0
781731,18
781732,0
781733,0
781734,0
781735,0
781736,14
781737,0
781738,0
781739,0
781740,0
781741,21
781742,0
781743,0
781744,24
781745,0
781746,13
781747,0
781748,12
781749,0
781750,19
781751,0
781752,0
781753,22
781754,0
781755,0
781756,0
781757,0
781758,0
781759,0
781760,13
781761,0
781762,17
781763,0
781764,0
781765,0
781766,0
781767,0
781768,0
781769,0
781770,11
781771,0
781772,0
781773,0
781774,15
781775,0
781776,0
781777,21
781778,15
781779,0
781780,15
781781,0
781782,31
781783,0
781784,0
781785,18
781786,24
781787,13
781788,0
781789,18
781790,0
781791,0
781792,15
781793,0
781794,0
781795,0
781796,6
781797,0
781798,0
781799,12
781800,0
781801,17
781802,15
781803,0
781804,0
781805,0
781806,19
781807,0
781808,17
781809,17
781810,0
781811,16
781812,0
781813,0
781814,17
781815,0
781816,0
781817,0
781818,0
781819,11
781820,13
781821,0
781822,0
781823,16
781824,0
781825,0
781826,0
781827,20
781828,0
781829,18
781830,0
781831,0
781832,0
781833,0
781834,0
781835,0
781836,25
781837,17
781838,0
781839,0
781840,0
781841,0
781842,0
781843,13
781844,0
781845,0
781846,0
781847,0
781848,0
781849,0
781850,0
781851,0
781852,0
781853,0
781854,0
781855,0
781856,0
781857,0
781858,0
781859,0
781860,15
781861,0
781862,21
781863,12
781864,0
781865,16
781866,0
781867,27
781868,25
781869,0
781870,0
781871,14
781872,14
781873,0
781874,0
781875,0
781876,10
781877,0
781878,0
781879,0
781880,0
781881,37
781882,0
781883,0
781884,0
781885,0
781886,0
781887,0
781888,0
781889,0
781890,0
781891,14
781892,0
781893,0
781894,16
781895,0
781896,0
781897,0
781898,12
781899,0
781900,0
781901,0
781902,0
781903,9
781904,6
781905,0
781906,0
781907,0
781908,0
781909,14
781910,0
781911,0
781912,0
781913,18
781914,0
781915,0
781916,0
781917,0
781918,0
781919,0
781920,0
781921,0
781922,24
781923,35
781924,26
781925,0
781926,0
781927,16
781928,0
781929,0
781930,0
781931,0
781932,0
781933,0
781934,0
781935,0
781936,23
781937,15
781938,0
781939,8
781940,15
781941,0
781942,0
781943,0
781944,0
781945,0
781946,0
781947,0
781948,0
781949,0
781950,0
781951,0
781952,0
781953,0
781954,0
781955,0
781956,0
781957,22
781958,0
781959,0
781960,14
781961,0
781962,0
781963,0
781964,0
781965,27
781966,0
781967,0
781968,0
781969,0
781970,0
781971,0
781972,17
781973,0
781974,0
781975,0
781976,0
781977,0
781978,0
781979,0
781980,0
781981,23
781982,0
781983,0
781984,0
781985,0
781986,8
781987,17
781988,0
781989,9
781990,0
781991,15
781992,0
781993,0
781994,0
781995,0
781996,31
781997,0
781998,12
781999,0
782000,11
782001,0
782002,0
782003,0
782004,0
782005,0
782006,37
782007,0
782008,0
782009,0
782010,0
782011,0
782012,0
782013,25
782014,13
782015,0
782016,23
782017,0
782018,0
782019,0
782020,0
782021,0
782022,0
782023,15
782024,0
782025,0
782026,0
782027,0
782028,0
782029,0
782030,0
782031,0
782032,0
782033,0
782034,0
782035,0
782036,0
782037,0
782038,0
782039,0
782040,0
782041,0
782042,0
782043,0
782044,0
782045,0
782046,0
782047,0
782048,0
782049,21
782050,25
782051,0
782052,26
782053,0
782054,0
782055,0
782056,29
782057,0
782058,18
782059,27
782060,0
782061,0
782062,22
782063,8
782064,0
782065,35
782066,6
782067,0
782068,23
782069,15
782070,0
782071,0
782072,0
782073,0
782074,10
782075,0
782076,0
782077,0
782078,0
782079,0
782080,7
782081,8
782082,50
782083,24
782084,14
782085,0
782086,19
782087,0
782088,0
782089,0
782090,12
782091,0
782092,0
782093,0
782094,0
782095,0
782096,0
782097,0
782098,15
782099,0
782100,0
782101,0
782102,0
782103,0
782104,9
782105,0
782106,8
782107,11
782108,0
782109,18
782110,0
782111,0
782112,16
782113,0
782114,0
782115,0
782116,17
782117,4
782118,18
782119,0
782120,0
782121,0
782122,0
782123,0
782124,0
782125,0
782126,0
782127,0
782128,12
782129,0
782130,0
782131,0
782132,0
782133,0
782134,19
782135,20
782136,0
782137,0
782138,0
782139,0
782140,0
782141,24
782142,0
782143,0
782144,34
782145,0
782146,0
782147,14
782148,0
782149,14
782150,0
782151,0
782152,0
782153,0
782154,0
782155,0
782156,18
782157,0
782158,0
782159,0
782160,0
782161,0
782162,0
782163,0
782164,0
782165,0
782166,18
782167,0
782168,29
782169,19
782170,0
782171,13
782172,30
782173,0
782174,0
782175,26
782176,0
782177,0
782178,0
782179,0
782180,0
782181,0
782182,0
782183,16
782184,0
782185,0
782186,0
782187,0
782188,13
782189,0
782190,0
782191,31
782192,7
782193,20
782194,0
782195,0
782196,0
782197,0
782198,27
782199,15
782200,0
782201,32
782202,12
782203,8
782204,21
782205,0
782206,0
782207,0
782208,0
782209,0
782210,0
782211,0
782212,0
782213,0
782214,36
782215,30
782216,0
782217,0
782218,0
782219,0
782220,25
782221,0
782222,0
782223,20
782224,0
782225,17
782226,0
782227,0
782228,3
782229,0
782230,0
782231,24
782232,18
782233,22
782234,0
782235,0
782236,0
782237,0
782238,28
782239,0
782240,0
782241,0
782242,0
782243,0
782244,0
782245,0
782246,0
782247,0
782248,0
782249,0
782250,14
782251,21
782252,0
782253,0
782254,4
782255,0
782256,0
782257,0
782258,0
782259,30
782260,0
782261,22
782262,0
782263,0
782264,0
782265,0
782266,0
782267,0
782268,0
782269,0
782270,0
782271,0
782272,19
782273,12
782274,0
782275,0
782276,15
782277,0
782278,11
782279,36
782280,0
782281,0
782282,0
782283,17
782284,0
782285,0
782286,39
782287,0
782288,0
782289,0
782290,0
782291,0
782292,0
782293,9
782294,0
782295,0
782296,12
782297,15
782298,10
782299,0
782300,0
782301,0
782302,14
782303,0
782304,0
782305,12
782306,0
782307,0
782308,14
782309,24
782310,0
782311,0
782312,0
782313,0
782314,10
782315,0
782316,34
782317,0
782318,29
782319,0
782320,0
782321,0
782322,0
782323,0
782324,23
782325,13
782326,0
782327,0
782328,0
782329,0
782330,0
782331,0
782332,0
782333,0
782334,0
782335,0
782336,12
782337,0
782338,0
782339,0
782340,0
782341,0
782342,8
782343,0
782344,0
782345,14
782346,0
782347,0
782348,0
782349,0
782350,0
782351,0
782352,8
782353,13
782354,8
782355,0
782356,0
782357,17
782358,0
782359,0
782360,0
782361,26
782362,31
782363,21
782364,0
782365,0
782366,9
782367,0
782368,0
782369,0
782370,0
782371,0
782372,0
782373,0
782374,0
782375,10
782376,0
782377,0
782378,0
782379,0
782380,0
782381,22
782382,0
782383,0
782384,0
782385,18
782386,0
782387,40
782388,0
782389,0
782390,15
782391,20
782392,0
782393,0
782394,0
782395,0
782396,0
782397,0
782398,0
782399,0
782400,0
782401,21
782402,9
782403,15
782404,0
782405,0
782406,17
782407,0
782408,0
782409,32
782410,0
782411,0
782412,35
782413,0
782414,0
782415,13
782416,20
782417,0
782418,0
782419,4
782420,0
782421,0
782422,12
782423,9
782424,0
782425,15
782426,0
782427,0
782428,0
782429,0
782430,0
782431,22
782432,0
782433,0
782434,0
782435,0
782436,10
782437,0
782438,26
782439,0
782440,23
782441,0
782442,0
782443,0
782444,0
782445,0
782446,0
782447,0
782448,0
782449,0
782450,0
782451,0
782452,0
782453,0
782454,0
782455,0
782456,0
782457,0
782458,0
782459,0
782460,0
782461,10
782462,12
782463,0
782464,0
782465,17
782466,7
782467,0
782468,0
782469,0
782470,0
782471,0
782472,0
782473,0
782474,0
782475,45
782476,0
782477,0
782478,0
782479,0
782480,5
782481,0
782482,0
782483,0
782484,0
782485,14
782486,0
782487,0
782488,6
782489,0
782490,0
782491,8
782492,21
782493,0
782494,0
782495,19
782496,0
782497,15
782498,0
782499,0
782500,0
782501,24
782502,6
782503,0
782504,21
782505,0
782506,0
782507,0
782508,0
782509,16
782510,0
782511,23
782512,0
782513,0
782514,0
782515,0
782516,0
782517,0
782518,0
782519,0
782520,0
782521,0
782522,0
782523,0
782524,0
782525,0
782526,0
782527,0
782528,0
782529,31
782530,0
782531,0
782532,0
782533,0
782534,0
782535,0
782536,0
782537,30
782538,0
782539,0
782540,0
782541,0
782542,0
782543,0
782544,0
782545,24
782546,0
782547,0
782548,0
782549,0
782550,0
782551,0
782552,0
782553,0
782554,0
782555,0
782556,0
782557,13
782558,0
782559,0
782560,34
782561,0
782562,27
782563,0
782564,0
782565,0
782566,0
782567,0
782568,0
782569,0
782570,0
782571,0
782572,0
782573,0
782574,0
782575,0
782576,0
782577,0
782578,18
782579,0
782580,0
782581,0
782582,0
782583,0
782584,26
782585,0
782586,0
782587,0
782588,0
782589,12
782590,0
782591,0
782592,0
782593,0
782594,0
782595,0
782596,0
782597,0
782598,0
782599,0
782600,0
782601,0
782602,0
782603,0
782604,0
782605,0
782606,0
782607,0
782608,0
782609,0
782610,0
782611,0
782612,0
782613,0
782614,0
782615,0
782616,0
782617,0
782618,0
782619,0
782620,0
782621,0
782622,23
782623,0
782624,0
782625,0
782626,0
782627,0
782628,0
782629,0
782630,0
782631,0
782632,0
782633,0
782634,0
782635,0
782636,0
782637,0
782638,0
782639,0
782640,0
782641,0
782642,0
782643,0
782644,0
782645,0
782646,0
782647,0
782648,0
782649,0
782650,0
782651,0
782652,0
782653,44
782654,0
782655,0
782656,21
782657,0
782658,0
782659,0
782660,0
782661,35
782662,0
782663,0
782664,18
782665,0
782666,0
782667,0
782668,0
782669,0
782670,0
782671,0
782672,0
782673,0
782674,25
782675,0
782676,0
782677,0
782678,0
782679,0
782680,0
782681,0
782682,0
782683,0
782684,0
782685,0
782686,0
782687,0
782688,0
782689,0
782690,0
782691,0
782692,0
782693,0
782694,0
782695,0
782696,0
782697,0
782698,0
782699,24
782700,0
782701,0
782702,0
782703,0
782704,26
782705,0
782706,0
782707,0
782708,0
782709,0
782710,0
782711,0
782712,0
782713,28
782714,0
782715,0
782716,0
782717,0
782718,0
782719,0
782720,0
782721,0
782722,0
782723,32
782724,0
782725,0
782726,0
782727,0
782728,0
782729,0
782730,0
782731,0
782732,27
782733,0
782734,0
782735,0
782736,0
782737,0
782738,0
782739,0
782740,0
782741,0
782742,0
782743,0
782744,0
782745,0
782746,24
782747,0
782748,11
782749,0
782750,0
782751,0
782752,0
782753,0
782754,0
782755,0
782756,0
782757,0
782758,0
782759,0
782760,0
782761,0
782762,0
782763,0
782764,0
782765,0
782766,0
782767,0
782768,0
782769,0
782770,0
782771,0
782772,0
782773,0
782774,0
782775,0
782776,0
782777,0
782778,0
782779,0
782780,0
782781,0
782782,0
782783,0
782784,0
782785,0
782786,16
782787,0
782788,0
782789,0
782790,23
782791,0
782792,21
782793,0
782794,0
782795,0
782796,0
782797,0
782798,0
782799,0
782800,0
782801,0
782802,16
782803,0
782804,0
782805,0
782806,0
782807,0
782808,0
782809,0
782810,0
782811,0
782812,0
782813,0
782814,0
782815,0
782816,33
782817,26
782818,0
782819,0
782820,0
782821,0
782822,0
782823,0
782824,0
782825,0
782826,0
782827,26
782828,0
782829,0
782830,0
782831,21
782832,0
782833,0
782834,0
782835,0
782836,0
782837,0
782838,0
782839,31
782840,0
782841,0
782842,0
782843,0
782844,0
782845,27
782846,0
782847,0
782848,0
782849,0
782850,0
782851,0
782852,0
782853,0
782854,0
782855,0
782856,0
782857,0
782858,0
782859,0
782860,18
782861,0
782862,0
782863,0
782864,0
782865,0
782866,0
782867,0
782868,0
782869,27
782870,0
782871,0
782872,0
782873,0
782874,0
782875,0
782876,0
782877,0
782878,0
782879,0
782880,0
782881,0
782882,0
782883,0
782884,0
782885,0
782886,0
782887,0
782888,0
782889,28
782890,17
782891,27
782892,27
782893,0
782894,0
782895,29
782896,21
782897,0
782898,0
782899,0
782900,0
782901,0
782902,11
782903,0
782904,0
782905,0
782906,0
782907,0
782908,0
782909,0
782910,0
782911,0
782912,0
782913,0
782914,0
782915,0
782916,0
782917,0
782918,0
782919,14
782920,0
782921,0
782922,0
782923,0
782924,0
782925,0
782926,0
782927,0
782928,0
782929,0
782930,0
782931,0
782932,0
782933,0
782934,0
782935,0
782936,0
782937,0
782938,0
782939,0
782940,16
782941,0
782942,0
782943,0
782944,0
782945,0
782946,0
782947,0
782948,0
782949,0
782950,0
782951,0
782952,0
782953,0
782954,0
782955,0
782956,0
782957,0
782958,0
782959,0
782960,0
782961,0
782962,0
782963,0
782964,0
782965,0
782966,0
782967,0
782968,0
782969,0
782970,0
782971,11
782972,0
782973,0
782974,0
782975,0
782976,0
782977,0
782978,0
782979,0
782980,0
782981,0
782982,0
782983,0
782984,0
782985,0
782986,0
782987,0
782988,0
782989,0
782990,0
782991,21
782992,0
782993,0
782994,0
782995,0
782996,0
782997,0
782998,0
782999,0
783000,0
783001,0
783002,0
783003,0
783004,0
783005,0
783006,0
783007,0
783008,0
783009,0
783010,0
783011,0
783012,0
783013,0
783014,0
783015,0
783016,0
783017,0
783018,0
783019,0
783020,0
783021,0
783022,0
783023,0
783024,0
783025,0
783026,0
783027,0
783028,0
783029,0
783030,0
783031,11
783032,0
783033,0
783034,0
783035,0
783036,0
783037,0
783038,0
783039,0
783040,0
783041,21
783042,0
783043,0
783044,0
783045,0
783046,0
783047,0
783048,0
783049,0
783050,0
783051,0
783052,0
783053,0
783054,0
783055,0
783056,0
783057,0
783058,17
783059,0
783060,0
783061,0
783062,0
783063,0
783064,0
783065,20
783066,0
783067,0
783068,22
783069,0
783070,0
783071,0
783072,0
783073,0
783074,0
783075,0
783076,0
783077,0
783078,14
783079,0
783080,0
783081,0
783082,0
783083,0
783084,0
783085,0
783086,0
783087,0
783088,0
783089,0
783090,0
783091,0
783092,0
783093,0
783094,0
783095,0
783096,14
783097,0
783098,0
783099,0
783100,0
783101,0
783102,0
783103,0
783104,0
783105,0
783106,0
783107,0
783108,0
783109,0
783110,0
783111,0
783112,0
783113,15
783114,0
783115,0
783116,0
783117,0
783118,0
783119,0
783120,0
783121,0
783122,30
783123,0
783124,0
783125,0
783126,0
783127,0
783128,0
783129,0
783130,0
783131,0
783132,6
783133,0
783134,0
783135,0
783136,0
783137,18
783138,0
783139,0
783140,0
783141,0
783142,0
783143,0
783144,0
783145,14
783146,0
783147,0
783148,0
783149,0
783150,26
783151,0
783152,0
783153,0
783154,0
783155,0
783156,0
783157,0
783158,0
783159,0
783160,0
783161,0
783162,0
783163,0
783164,10
783165,0
783166,0
783167,0
783168,0
783169,0
783170,0
783171,0
783172,0
783173,0
783174,0
783175,0
783176,0
783177,0
783178,0
783179,0
783180,0
783181,18
783182,0
783183,0
783184,0
783185,0
783186,0
783187,0
783188,0
783189,0
783190,0
783191,0
783192,15
783193,0
783194,0
783195,0
783196,0
783197,0
783198,0
783199,0
783200,0
783201,0
783202,0
783203,0
783204,0
783205,0
783206,0
783207,0
783208,0
783209,0
783210,0
783211,0
783212,0
783213,0
783214,0
783215,13
783216,0
783217,0
783218,0
783219,0
783220,0
783221,0
783222,0
783223,0
783224,0
783225,0
783226,0
783227,0
783228,0
783229,0
783230,0
783231,0
783232,0
783233,0
783234,0
783235,0
783236,0
783237,0
783238,0
783239,0
783240,0
783241,0
783242,0
783243,0
783244,0
783245,0
783246,18
783247,0
783248,0
783249,0
783250,20
783251,0
783252,0
783253,0
783254,0
783255,0
783256,0
783257,0
783258,0
783259,0
783260,0
783261,0
783262,0
783263,0
783264,0
783265,0
783266,0
783267,0
783268,0
783269,0
783270,0
783271,0
783272,0
783273,17
783274,0
783275,0
783276,0
783277,0
783278,0
783279,28
783280,0
783281,0
783282,0
783283,0
783284,0
783285,0
783286,0
783287,0
783288,15
783289,0
783290,0
783291,0
783292,19
783293,0
783294,0
783295,0
783296,25
783297,0
783298,0
783299,0
783300,0
783301,0
783302,0
783303,0
783304,0
783305,0
783306,13
783307,0
783308,0
783309,0
783310,0
783311,0
783312,0
783313,0
783314,0
783315,0
783316,0
783317,0
783318,0
783319,0
783320,0
783321,0
783322,0
783323,0
783324,0
783325,0
783326,24
783327,13
783328,0
783329,0
783330,0
783331,0
783332,0
783333,0
783334,0
783335,0
783336,0
783337,20
783338,0
783339,0
783340,0
783341,0
783342,0
783343,26
783344,0
783345,0
783346,0
783347,0
783348,0
783349,0
783350,0
783351,0
783352,0
783353,0
783354,0
783355,0
783356,0
783357,0
783358,0
783359,0
783360,0
783361,0
783362,0
783363,0
783364,0
783365,0
783366,0
783367,0
783368,0
783369,0
783370,0
783371,0
783372,0
783373,0
783374,0
783375,0
783376,0
783377,0
783378,0
783379,0
783380,0
783381,0
783382,0
783383,18
783384,16
783385,0
783386,0
783387,0
783388,0
783389,0
783390,0
783391,16
783392,0
783393,0
783394,22
783395,26
783396,0
783397,0
783398,0
783399,0
783400,0
783401,31
783402,25
783403,0
783404,0
783405,0
783406,0
783407,0
783408,0
783409,25
783410,0
783411,0
783412,24
783413,0
783414,0
783415,0
783416,0
783417,0
783418,0
783419,0
783420,0
783421,0
783422,17
783423,0
783424,13
783425,0
783426,0
783427,40
783428,0
783429,0
783430,0
783431,0
783432,0
783433,0
783434,0
783435,0
783436,0
783437,0
783438,31
783439,0
783440,0
783441,0
783442,16
783443,0
783444,0
783445,15
783446,0
783447,0
783448,0
783449,0
783450,15
783451,0
783452,0
783453,0
783454,0
783455,29
783456,25
783457,0
783458,26
783459,18
783460,0
783461,22
783462,0
783463,22
783464,0
783465,0
783466,0
783467,17
783468,0
783469,0
783470,0
783471,0
783472,0
783473,0
783474,0
783475,0
783476,0
783477,0
783478,37
783479,0
783480,0
783481,0
783482,0
783483,18
783484,37
783485,0
783486,0
783487,0
783488,0
783489,0
783490,0
783491,0
783492,0
783493,0
783494,26
783495,22
783496,0
783497,0
783498,12
783499,0
783500,0
783501,0
783502,12
783503,27
783504,0
783505,0
783506,17
783507,0
783508,0
783509,0
783510,0
783511,26
783512,0
783513,0
783514,0
783515,0
783516,35
783517,0
783518,0
783519,0
783520,21
783521,0
783522,0
783523,0
783524,0
783525,0
783526,0
783527,0
783528,0
783529,31
783530,0
783531,0
783532,27
783533,0
783534,0
783535,0
783536,28
783537,0
783538,31
783539,0
783540,0
783541,0
783542,0
783543,0
783544,0
783545,0
783546,0
783547,35
783548,0
783549,0
783550,0
783551,0
783552,0
783553,0
783554,0
783555,0
783556,0
783557,0
783558,0
783559,20
783560,0
783561,0
783562,0
783563,29
783564,0
783565,0
783566,0
783567,24
783568,0
783569,0
783570,0
783571,0
783572,30
783573,0
783574,0
783575,24
783576,0
783577,0
783578,30
783579,0
783580,0
783581,31
783582,0
783583,0
783584,0
783585,0
783586,0
783587,40
783588,0
783589,0
783590,0
783591,14
783592,0
783593,43
783594,0
783595,0
783596,0
783597,21
783598,22
783599,30
783600,0
783601,0
783602,0
783603,0
783604,0
783605,0
783606,24
783607,0
783608,28
783609,0
783610,0
783611,0
783612,0
783613,0
783614,0
783615,0
783616,0
783617,0
783618,0
783619,0
783620,0
783621,0
783622,0
783623,20
783624,22
783625,0
783626,11
783627,0
783628,0
783629,0
783630,0
783631,0
783632,0
783633,0
783634,0
783635,0
783636,43
783637,0
783638,0
783639,0
783640,22
783641,0
783642,0
783643,0
783644,0
783645,0
783646,0
783647,0
783648,0
783649,0
783650,0
783651,0
783652,0
783653,0
783654,19
783655,0
783656,0
783657,0
783658,0
783659,0
783660,0
783661,20
783662,29
783663,0
783664,0
783665,18
783666,0
783667,0
783668,0
783669,24
783670,0
783671,0
783672,28
783673,0
783674,0
783675,0
783676,0
783677,21
783678,0
783679,0
783680,0
783681,0
783682,0
783683,0
783684,32
783685,21
783686,0
783687,0
783688,0
783689,0
783690,12
783691,0
783692,0
783693,0
783694,0
783695,0
783696,0
783697,36
783698,0
783699,0
783700,0
783701,0
783702,0
783703,0
783704,0
783705,0
783706,0
783707,19
783708,18
783709,0
783710,14
783711,0
783712,0
783713,0
783714,0
783715,0
783716,24
783717,18
783718,0
783719,0
783720,0
783721,0
783722,0
783723,17
783724,0
783725,0
783726,0
783727,0
783728,0
783729,20
783730,0
783731,0
783732,0
783733,0
783734,0
783735,0
783736,17
783737,0
783738,22
783739,0
783740,0
783741,0
783742,0
783743,25
783744,0
783745,0
783746,14
783747,0
783748,0
783749,0
783750,22
783751,0
783752,0
783753,0
783754,0
783755,0
783756,0
783757,0
783758,0
783759,0
783760,0
783761,0
783762,31
783763,0
783764,0
783765,27
783766,0
783767,0
783768,0
783769,0
783770,0
783771,0
783772,0
783773,24
783774,0
783775,0
783776,0
783777,0
783778,0
783779,0
783780,0
783781,0
783782,0
783783,0
783784,0
783785,0
783786,21
783787,17
783788,28
783789,0
783790,27
783791,0
783792,0
783793,31
783794,0
783795,0
783796,0
783797,0
783798,0
783799,0
783800,27
783801,22
783802,31
783803,0
783804,0
783805,28
783806,38
783807,0
783808,0
783809,0
783810,0
783811,0
783812,0
783813,27
783814,0
783815,24
783816,0
783817,0
783818,10
783819,27
783820,0
783821,14
783822,21
783823,35
783824,0
783825,0
783826,27
783827,0
783828,0
783829,19
783830,14
783831,0
783832,0
783833,0
783834,25
783835,0
783836,0
783837,0
783838,0
783839,0
783840,43
783841,0
783842,0
783843,0
783844,30
783845,0
783846,0
783847,0
783848,0
783849,0
783850,0
783851,0
783852,0
783853,0
783854,0
783855,16
783856,0
783857,15
783858,0
783859,0
783860,0
783861,0
783862,0
783863,0
783864,0
783865,0
783866,0
783867,0
783868,0
783869,0
783870,0
783871,0
783872,34
783873,0
783874,0
783875,0
783876,0
783877,0
783878,0
783879,0
783880,0
783881,18
783882,0
783883,0
783884,0
783885,0
783886,0
783887,0
783888,0
783889,0
783890,19
783891,0
783892,0
783893,0
783894,0
783895,0
783896,15
783897,0
783898,0
783899,37
783900,0
783901,0
783902,0
783903,29
783904,0
783905,0
783906,0
783907,0
783908,0
783909,41
783910,0
783911,23
783912,0
783913,0
783914,0
783915,0
783916,21
783917,16
783918,21
783919,0
783920,13
783921,0
783922,0
783923,0
783924,20
783925,0
783926,0
783927,21
783928,0
783929,0
783930,25
783931,0
783932,0
783933,0
783934,0
783935,0
783936,0
783937,29
783938,21
783939,29
783940,0
783941,0
783942,23
783943,13
783944,0
783945,0
783946,0
783947,0
783948,0
783949,0
783950,0
783951,18
783952,18
783953,0
783954,0
783955,0
783956,22
783957,0
783958,0
783959,0
783960,0
783961,20
783962,0
783963,0
783964,0
783965,17
783966,0
783967,0
783968,0
783969,0
783970,0
783971,0
783972,0
783973,0
783974,0
783975,0
783976,0
783977,0
783978,0
783979,38
783980,0
783981,0
783982,0
783983,0
783984,0
783985,0
783986,25
783987,0
783988,0
783989,0
783990,0
783991,0
783992,0
783993,0
783994,0
783995,24
783996,0
783997,0
783998,0
783999,0
784000,0
784001,0
784002,0
784003,0
784004,0
784005,0
784006,25
784007,0
784008,0
784009,28
784010,0
784011,0
784012,0
784013,0
784014,0
784015,0
784016,0
784017,0
784018,0
784019,10
784020,31
784021,0
784022,0
784023,0
784024,0
784025,0
784026,0
784027,0
784028,0
784029,0
784030,0
784031,0
784032,26
784033,0
784034,0
784035,0
784036,0
784037,22
784038,0
784039,0
784040,19
784041,0
784042,0
784043,0
784044,34
784045,0
784046,0
784047,0
784048,0
784049,0
784050,0
784051,23
784052,0
784053,0
784054,0
784055,31
784056,0
784057,0
784058,23
784059,0
784060,0
784061,0
784062,0
784063,0
784064,0
784065,0
784066,0
784067,0
784068,0
784069,0
784070,0
784071,0
784072,0
784073,0
784074,0
784075,0
784076,0
784077,0
784078,0
784079,0
784080,0
784081,0
784082,0
784083,30
784084,0
784085,0
784086,0
784087,0
784088,0
784089,34
784090,0
784091,0
784092,0
784093,0
784094,0
784095,24
784096,15
784097,0
784098,0
784099,0
784100,0
784101,0
784102,0
784103,0
784104,0
784105,0
784106,0
784107,0
784108,0
784109,0
784110,0
784111,0
784112,0
784113,0
784114,16
784115,0
784116,0
784117,26
784118,0
784119,20
784120,0
784121,0
784122,0
784123,0
784124,23
784125,0
784126,0
784127,0
784128,0
784129,12
784130,0
784131,0
784132,0
784133,0
784134,0
784135,34
784136,0
784137,0
784138,0
784139,0
784140,22
784141,0
784142,0
784143,17
784144,0
784145,0
784146,0
784147,0
784148,0
784149,0
784150,0
784151,0
784152,0
784153,19
784154,0
784155,0
784156,0
784157,30
784158,0
784159,0
784160,28
784161,0
784162,15
784163,0
784164,15
784165,0
784166,0
784167,0
784168,0
784169,14
784170,0
784171,0
784172,8
784173,16
784174,0
784175,10
784176,9
784177,0
784178,0
784179,0
784180,0
784181,0
784182,0
784183,0
784184,5
784185,0
784186,0
784187,0
784188,11
784189,0
784190,0
784191,6
784192,4
784193,0
784194,10
784195,0
784196,0
784197,0
784198,0
784199,0
784200,0
784201,15
784202,0
784203,0
784204,0
784205,0
784206,0
784207,0
784208,0
784209,0
784210,0
784211,0
784212,0
784213,0
784214,0
784215,0
784216,0
784217,0
784218,7
784219,0
784220,11
784221,2
784222,0
784223,11
784224,0
784225,0
784226,0
784227,0
784228,12
784229,0
784230,0
784231,7
784232,0
784233,7
784234,0
784235,0
784236,0
784237,0
784238,0
784239,0
784240,0
784241,0
784242,0
784243,5
784244,0
784245,0
784246,13
784247,0
784248,0
784249,0
784250,0
784251,0
784252,0
784253,0
784254,12
784255,0
784256,0
784257,0
784258,0
784259,0
784260,8
784261,0
784262,0
784263,0
784264,9
784265,0
784266,0
784267,1
784268,0
784269,0
784270,5
784271,0
784272,0
784273,0
784274,0
784275,11
784276,0
784277,0
784278,16
784279,0
784280,0
784281,11
784282,8
784283,0
784284,6
784285,0
784286,0
784287,0
784288,11
784289,0
784290,0
784291,9
784292,0
784293,0
784294,0
784295,0
784296,0
784297,0
784298,0
784299,0
784300,0
784301,0
784302,0
784303,0
784304,0
784305,0
784306,0
784307,6
784308,0
784309,0
784310,0
784311,0
784312,0
784313,0
784314,0
784315,0
784316,15
784317,0
784318,10
784319,0
784320,0
784321,0
784322,6
784323,0
784324,0
784325,0
784326,6
784327,0
784328,0
784329,0
784330,0
784331,8
784332,0
784333,0
784334,0
784335,0
784336,0
784337,0
784338,11
784339,0
784340,0
784341,0
784342,14
784343,0
784344,0
784345,0
784346,0
784347,0
784348,13
784349,0
784350,0
784351,0
784352,0
784353,4
784354,0
784355,0
784356,0
784357,0
784358,0
784359,0
784360,0
784361,0
784362,0
784363,0
784364,0
784365,0
784366,12
784367,0
784368,0
784369,0
784370,0
784371,0
784372,0
784373,0
784374,7
784375,0
784376,0
784377,0
784378,0
784379,0
784380,0
784381,6
784382,0
784383,0
784384,0
784385,0
784386,0
784387,0
784388,0
784389,0
784390,0
784391,3
784392,0
784393,0
784394,0
784395,0
784396,0
784397,0
784398,0
784399,0
784400,9
784401,0
784402,0
784403,0
784404,0
784405,0
784406,0
784407,18
784408,11
784409,0
784410,0
784411,0
784412,0
784413,0
784414,8
784415,0
784416,0
784417,10
784418,0
784419,0
784420,0
784421,0
784422,0
784423,0
784424,0
784425,0
784426,0
784427,0
784428,0
784429,0
784430,0
784431,0
784432,0
784433,0
784434,0
784435,0
784436,0
784437,0
784438,0
784439,18
784440,9
784441,0
784442,12
784443,0
784444,0
784445,0
784446,0
784447,0
784448,0
784449,0
784450,0
784451,3
784452,0
784453,0
784454,0
784455,0
784456,17
784457,0
784458,0
784459,0
784460,0
784461,0
784462,0
784463,0
784464,0
784465,0
784466,11
784467,0
784468,0
784469,13
784470,0
784471,0
784472,0
784473,9
784474,0
784475,10
784476,7
784477,0
784478,0
784479,0
784480,0
784481,0
784482,0
784483,0
784484,0
784485,0
784486,0
784487,0
784488,0
784489,8
784490,0
784491,0
784492,7
784493,1
784494,0
784495,0
784496,0
784497,12
784498,5
784499,27
784500,0
784501,0
784502,11
784503,0
784504,17
784505,7
784506,0
784507,4
784508,8
784509,0
784510,0
784511,0
784512,0
784513,3
784514,0
784515,0
784516,0
784517,0
784518,0
784519,0
784520,0
784521,0
784522,0
784523,0
784524,4
784525,0
784526,0
784527,0
784528,0
784529,0
784530,0
784531,0
784532,0
784533,0
784534,0
784535,0
784536,9
784537,0
784538,17
784539,0
784540,0
784541,0
784542,0
784543,0
784544,0
784545,0
784546,0
784547,19
784548,0
784549,0
784550,0
784551,13
784552,0
784553,0
784554,0
784555,0
784556,0
784557,0
784558,0
784559,0
784560,0
784561,0
784562,0
784563,10
784564,0
784565,0
784566,0
784567,0
784568,0
784569,0
784570,12
784571,6
784572,0
784573,0
784574,6
784575,0
784576,0
784577,0
784578,0
784579,0
784580,0
784581,0
784582,0
784583,0
784584,0
784585,0
784586,0
784587,0
784588,0
784589,15
784590,0
784591,0
784592,3
784593,0
784594,0
784595,0
784596,0
784597,0
784598,0
784599,0
784600,0
784601,0
784602,0
784603,0
784604,0
784605,0
784606,0
784607,11
784608,0
784609,0
784610,0
784611,0
784612,0
784613,18
784614,0
784615,0
784616,0
784617,13
784618,0
784619,0
784620,0
784621,0
784622,0
784623,0
784624,16
784625,4
784626,7
784627,0
784628,0
784629,0
784630,0
784631,0
784632,9
784633,0
784634,0
784635,0
784636,19
784637,0
784638,0
784639,0
784640,12
784641,0
784642,0
784643,0
784644,0
784645,0
784646,10
784647,0
784648,0
784649,0
784650,0
784651,0
784652,15
784653,9
784654,0
784655,0
784656,18
784657,0
784658,0
784659,0
784660,0
784661,0
784662,0
784663,0
784664,4
784665,13
784666,11
784667,0
784668,0
784669,0
784670,0
784671,0
784672,0
784673,0
784674,16
784675,0
784676,21
784677,0
784678,0
784679,0
784680,10
784681,0
784682,0
784683,0
784684,0
784685,0
784686,8
784687,5
784688,0
784689,0
784690,0
784691,0
784692,0
784693,0
784694,0
784695,0
784696,0
784697,0
784698,4
784699,0
784700,0
784701,0
784702,0
784703,0
784704,0
784705,0
784706,0
784707,0
784708,16
784709,0
784710,0
784711,0
784712,0
784713,0
784714,0
784715,3
784716,0
784717,0
784718,0
784719,0
784720,0
784721,0
784722,0
784723,14
784724,0
784725,14
784726,0
784727,0
784728,0
784729,0
784730,0
784731,0
784732,0
784733,0
784734,0
784735,0
784736,0
784737,0
784738,0
784739,0
784740,0
784741,0
784742,0
784743,0
784744,0
784745,0
784746,0
784747,6
784748,0
784749,0
784750,0
784751,0
784752,13
784753,0
784754,0
784755,0
784756,0
784757,21
784758,0
784759,0
784760,0
784761,15
784762,0
784763,0
784764,0
784765,6
784766,0
784767,0
784768,0
784769,0
784770,0
784771,0
784772,0
784773,0
784774,0
784775,0
784776,0
784777,0
784778,0
784779,0
784780,0
784781,0
784782,0
784783,0
784784,0
784785,17
784786,0
784787,0
784788,22
784789,0
784790,0
784791,0
784792,11
784793,0
784794,0
784795,0
784796,0
784797,0
784798,0
784799,17
784800,0
784801,0
784802,0
784803,0
784804,5
784805,0
784806,0
784807,0
784808,0
784809,0
784810,0
784811,18
784812,0
784813,0
784814,0
784815,0
784816,0
784817,0
784818,3
784819,0
784820,0
784821,8
784822,0
784823,0
784824,0
784825,0
784826,0
784827,0
784828,15
784829,0
784830,0
784831,0
784832,0
784833,22
784834,0
784835,0
784836,16
784837,0
784838,0
784839,18
784840,0
784841,0
784842,0
784843,0
784844,0
784845,0
784846,0
784847,0
784848,0
784849,0
784850,16
784851,0
784852,0
784853,0
784854,0
784855,0
784856,0
784857,0
784858,0
784859,0
784860,0
784861,0
784862,0
784863,0
784864,13
784865,0
784866,0
784867,0
784868,0
784869,7
784870,19
784871,0
784872,0
784873,0
784874,0
784875,0
784876,0
784877,0
784878,16
784879,10
784880,20
784881,0
784882,0
784883,0
784884,10
784885,0
784886,0
784887,5
784888,0
784889,0
784890,0
784891,0
784892,0
784893,0
784894,0
784895,0
784896,0
784897,0
784898,5
784899,0
784900,0
784901,7
784902,0
784903,0
784904,0
784905,12
784906,0
784907,0
784908,0
784909,0
784910,0
784911,0
784912,12
784913,0
784914,0
784915,0
784916,13
784917,0
784918,0
784919,12
784920,0
784921,0
784922,0
784923,0
784924,10
784925,0
784926,0
784927,0
784928,0
784929,8
784930,12
784931,0
784932,6
784933,0
784934,10
784935,0
784936,0
784937,0
784938,0
784939,0
784940,0
784941,9
784942,14
784943,16
784944,0
784945,0
784946,0
784947,14
784948,0
784949,0
784950,0
784951,0
784952,0
784953,0
784954,0
784955,0
784956,0
784957,8
784958,0
784959,0
784960,0
784961,12
784962,0
784963,0
784964,12
784965,0
784966,0
784967,0
784968,0
784969,0
784970,18
784971,0
784972,0
784973,11
784974,0
784975,0
784976,15
784977,0
784978,0
784979,7
784980,0
784981,10
784982,0
784983,0
784984,0
784985,7
784986,0
784987,0
784988,0
784989,0
784990,0
784991,14
784992,0
784993,0
784994,0
784995,13
784996,11
784997,0
784998,9
784999,0
785000,0
785001,0
785002,0
785003,0
785004,0
785005,11
785006,0
785007,0
785008,0
785009,0
785010,0
785011,0
785012,0
785013,0
785014,0
785015,0
785016,0
785017,0
785018,0
785019,0
785020,0
785021,0
785022,15
785023,0
785024,0
785025,0
785026,0
785027,0
785028,0
785029,16
785030,0
785031,0
785032,0
785033,0
785034,0
785035,0
785036,0
785037,0
785038,0
785039,0
785040,0
785041,0
785042,0
785043,0
785044,27
785045,0
785046,0
785047,0
785048,0
785049,7
785050,0
785051,0
785052,0
785053,0
785054,0
785055,0
785056,11
785057,0
785058,0
785059,0
785060,0
785061,0
785062,0
785063,0
785064,0
785065,0
785066,0
785067,6
785068,0
785069,21
785070,9
785071,0
785072,0
785073,0
785074,0
785075,14
785076,0
785077,16
785078,0
785079,11
785080,0
785081,0
785082,0
785083,0
785084,0
785085,0
785086,0
785087,0
785088,0
785089,0
785090,0
785091,0
785092,0
785093,0
785094,0
785095,0
785096,0
785097,9
785098,0
785099,0
785100,0
785101,5
785102,0
785103,0
785104,0
785105,0
785106,0
785107,13
785108,22
785109,0
785110,0
785111,0
785112,0
785113,0
785114,0
785115,0
785116,0
785117,0
785118,0
785119,0
785120,0
785121,19
785122,0
785123,0
785124,0
785125,0
785126,0
785127,0
785128,0
785129,0
785130,0
785131,0
785132,8
785133,0
785134,0
785135,0
785136,5
785137,0
785138,0
785139,0
785140,0
785141,11
785142,12
785143,0
785144,0
785145,0
785146,0
785147,16
785148,0
785149,12
785150,0
785151,0
785152,10
785153,0
785154,0
785155,11
785156,0
785157,0
785158,0
785159,5
785160,0
785161,0
785162,0
785163,0
785164,0
785165,0
785166,10
785167,0
785168,0
785169,5
785170,0
785171,0
785172,0
785173,0
785174,0
785175,7
785176,0
785177,0
785178,0
785179,0
785180,0
785181,0
785182,0
785183,0
785184,0
785185,7
785186,0
785187,8
785188,0
785189,0
785190,0
785191,0
785192,15
785193,0
785194,0
785195,0
785196,15
785197,0
785198,10
785199,0
785200,0
785201,0
785202,15
785203,0
785204,0
785205,0
785206,12
785207,0
785208,0
785209,0
785210,0
785211,0
785212,0
785213,0
785214,0
785215,0
785216,11
785217,9
785218,0
785219,0
785220,0
785221,0
785222,0
785223,0
785224,0
785225,15
785226,12
785227,0
785228,0
785229,0
785230,0
785231,0
785232,0
785233,0
785234,0
785235,17
785236,0
785237,21
785238,0
785239,0
785240,0
785241,0
785242,0
785243,0
785244,12
785245,0
785246,0
785247,12
785248,0
785249,8
785250,0
785251,0
785252,0
785253,16
785254,0
785255,11
785256,0
785257,0
785258,0
785259,12
785260,0
785261,0
785262,10
785263,0
785264,0
785265,0
785266,0
785267,0
785268,0
785269,0
785270,0
785271,27
785272,0
785273,10
785274,0
785275,0
785276,0
785277,26
785278,0
785279,0
785280,24
785281,0
785282,0
785283,0
785284,0
785285,0
785286,6
785287,0
785288,0
785289,14
785290,0
785291,0
785292,0
785293,0
785294,0
785295,0
785296,0
785297,0
785298,0
785299,0
785300,0
785301,8
785302,0
785303,10
785304,5
785305,0
785306,0
785307,14
785308,0
785309,0
785310,0
785311,12
785312,0
785313,8
785314,0
785315,14
785316,0
785317,16
785318,0
785319,0
785320,0
785321,0
785322,0
785323,0
785324,0
785325,17
785326,0
785327,0
785328,0
785329,0
785330,0
785331,0
785332,0
785333,0
785334,0
785335,0
785336,0
785337,0
785338,0
785339,0
785340,0
785341,0
785342,22
785343,0
785344,11
785345,17
785346,0
785347,0
785348,0
785349,19
785350,0
785351,0
785352,0
785353,10
785354,0
785355,0
785356,0
785357,0
785358,9
785359,19
785360,0
785361,11
785362,0
785363,7
785364,0
785365,0
785366,8
785367,17
785368,0
785369,0
785370,0
785371,0
785372,0
785373,0
785374,0
785375,0
785376,0
785377,0
785378,0
785379,0
785380,0
785381,0
785382,6
785383,10
785384,0
785385,0
785386,0
785387,0
785388,0
785389,0
785390,0
785391,0
785392,25
785393,0
785394,14
785395,0
785396,0
785397,0
785398,0
785399,17
785400,16
785401,12
785402,7
785403,0
785404,0
785405,0
785406,0
785407,0
785408,0
785409,0
785410,0
785411,9
785412,0
785413,0
785414,0
785415,0
785416,0
785417,0
785418,0
785419,9
785420,0
785421,0
785422,0
785423,0
785424,9
785425,0
785426,0
785427,0
785428,0
785429,23
785430,0
785431,0
785432,0
785433,0
785434,18
785435,0
785436,0
785437,0
785438,0
785439,0
785440,6
785441,4
785442,19
785443,0
785444,0
785445,0
785446,0
785447,0
785448,0
785449,0
785450,0
785451,0
785452,0
785453,0
785454,0
785455,0
785456,0
785457,11
785458,0
785459,0
785460,0
785461,0
785462,0
785463,0
785464,0
785465,0
785466,0
785467,0
785468,0
785469,10
785470,15
785471,0
785472,0
785473,0
785474,0
785475,0
785476,0
785477,0
785478,0
785479,7
785480,11
785481,21
785482,0
785483,0
785484,14
785485,0
785486,0
785487,4
785488,0
785489,15
785490,5
785491,0
785492,15
785493,16
785494,0
785495,0
785496,0
785497,0
785498,0
785499,0
785500,0
785501,10
785502,0
785503,0
785504,0
785505,7
785506,0
785507,0
785508,19
785509,0
785510,0
785511,0
785512,4
785513,24
785514,0
785515,11
785516,0
785517,0
785518,0
785519,0
785520,0
785521,10
785522,0
785523,0
785524,0
785525,0
785526,0
785527,0
785528,0
785529,0
785530,0
785531,0
785532,0
785533,0
785534,0
785535,0
785536,0
785537,0
785538,0
785539,20
785540,0
785541,0
785542,22
785543,0
785544,0
785545,0
785546,13
785547,0
785548,0
785549,20
785550,0
785551,0
785552,0
785553,9
785554,0
785555,0
785556,0
785557,0
785558,7
785559,0
785560,0
785561,7
785562,0
785563,15
785564,0
785565,8
785566,0
785567,0
785568,0
785569,0
785570,0
785571,0
785572,0
785573,0
785574,0
785575,22
785576,0
785577,0
785578,12
785579,0
785580,8
785581,0
785582,19
785583,0
785584,0
785585,0
785586,17
785587,0
785588,5
785589,0
785590,15
785591,15
785592,0
785593,0
785594,0
785595,0
785596,0
785597,0
785598,0
785599,11
785600,19
785601,0
785602,0
785603,1
785604,0
785605,16
785606,0
785607,0
785608,8
785609,0
785610,0
785611,0
785612,0
785613,18
785614,0
785615,0
785616,14
785617,0
785618,0
785619,0
785620,0
785621,0
785622,0
785623,0
785624,0
785625,0
785626,0
785627,0
785628,0
785629,0
785630,0
785631,0
785632,0
785633,0
785634,0
785635,0
785636,0
785637,0
785638,0
785639,0
785640,0
785641,0
785642,0
785643,0
785644,10
785645,0
785646,0
785647,0
785648,0
785649,0
785650,0
785651,6
785652,0
785653,12
785654,0
785655,10
785656,0
785657,0
785658,0
785659,0
785660,0
785661,0
785662,0
785663,0
785664,14
785665,0
785666,0
785667,16
785668,7
785669,0
785670,0
785671,0
785672,0
785673,9
785674,16
785675,0
785676,0
785677,10
785678,0
785679,15
785680,8
785681,0
785682,0
785683,0
785684,11
785685,0
785686,10
785687,0
785688,0
785689,0
785690,14
785691,0
785692,0
785693,15
785694,14
785695,0
785696,0
785697,21
785698,15
785699,0
785700,0
785701,9
785702,13
785703,0
785704,0
785705,13
785706,0
785707,0
785708,6
785709,7
785710,12
785711,0
785712,0
785713,12
785714,8
785715,0
785716,0
785717,0
785718,0
785719,0
785720,0
785721,0
785722,0
785723,0
785724,10
785725,0
785726,0
785727,9
785728,0
785729,9
785730,0
785731,11
785732,0
785733,0
785734,5
785735,0
785736,0
785737,0
785738,0
785739,16
785740,0
785741,0
785742,14
785743,22
785744,16
785745,10
785746,0
785747,0
785748,0
785749,0
785750,17
785751,0
785752,0
785753,0
785754,0
785755,0
785756,0
785757,15
785758,0
785759,0
785760,17
785761,0
785762,0
785763,0
785764,0
785765,0
785766,16
785767,0
785768,0
785769,0
785770,8
785771,0
785772,7
785773,18
785774,0
785775,0
785776,0
785777,7
785778,13
785779,16
785780,0
785781,14
785782,0
785783,13
785784,0
785785,0
785786,17
785787,0
785788,6
785789,15
785790,0
785791,0
785792,11
785793,0
785794,0
785795,0
785796,11
785797,0
785798,0
785799,0
785800,0
785801,14
785802,0
785803,0
785804,9
785805,0
785806,0
785807,11
785808,0
785809,11
785810,8
785811,0
785812,0
785813,0
785814,0
785815,0
785816,0
785817,0
785818,0
785819,15
785820,0
785821,0
785822,0
785823,0
785824,14
785825,0
785826,0
785827,9
785828,0
785829,14
785830,0
785831,0
785832,0
785833,0
785834,0
785835,11
785836,0
785837,21
785838,0
785839,0
785840,0
785841,0
785842,0
785843,0
785844,10
785845,0
785846,0
785847,0
785848,17
785849,0
785850,0
785851,0
785852,0
785853,13
785854,0
785855,0
785856,0
785857,0
785858,15
785859,0
785860,0
785861,0
785862,13
785863,10
785864,0
785865,15
785866,0
785867,0
785868,8
785869,0
785870,0
785871,0
785872,10
785873,11
785874,8
785875,0
785876,5
785877,23
785878,16
785879,0
785880,0
785881,0
785882,0
785883,14
785884,0
785885,0
785886,0
785887,0
785888,0
785889,0
785890,0
785891,0
785892,11
785893,0
785894,0
785895,0
785896,0
785897,0
785898,22
785899,11
785900,0
785901,0
785902,0
785903,0
785904,0
785905,0
785906,0
785907,8
785908,0
785909,7
785910,0
785911,44
785912,0
785913,0
785914,0
785915,0
785916,0
785917,0
785918,0
785919,0
785920,0
785921,0
785922,0
785923,0
785924,28
785925,0
785926,33
785927,0
785928,0
785929,0
785930,43
785931,32
785932,0
785933,0
785934,0
785935,0
785936,0
785937,0
785938,0
785939,0
785940,0
785941,0
785942,37
785943,0
785944,0
785945,0
785946,0
785947,0
785948,0
785949,33
785950,0
785951,0
785952,0
785953,31
785954,0
785955,0
785956,0
785957,0
785958,0
785959,0
785960,37
785961,0
785962,26
785963,26
785964,0
785965,0
785966,0
785967,0
785968,0
785969,0
785970,0
785971,0
785972,0
785973,0
785974,35
785975,33
785976,0
785977,0
785978,0
785979,44
785980,38
785981,32
785982,0
785983,0
785984,0
785985,20
785986,0
785987,40
785988,0
785989,0
785990,0
785991,0
785992,0
785993,0
785994,48
785995,0
785996,0
785997,0
785998,0
785999,28
786000,0
786001,22
786002,0
786003,28
786004,0
786005,43
786006,0
786007,0
786008,0
786009,0
786010,0
786011,0
786012,0
786013,0
786014,0
786015,0
786016,0
786017,28
786018,0
786019,0
786020,54
786021,0
786022,37
786023,33
786024,0
786025,0
786026,34
786027,0
786028,0
786029,43
786030,0
786031,0
786032,0
786033,0
786034,0
786035,0
786036,27
786037,0
786038,0
786039,0
786040,0
786041,0
786042,0
786043,25
786044,0
786045,0
786046,0
786047,0
786048,44
786049,0
786050,0
786051,0
786052,0
786053,0
786054,0
786055,34
786056,27
786057,0
786058,0
786059,0
786060,55
786061,26
786062,0
786063,45
786064,44
786065,0
786066,0
786067,23
786068,0
786069,32
786070,28
786071,0
786072,0
786073,0
786074,0
786075,33
786076,0
786077,31
786078,0
786079,0
786080,0
786081,0
786082,0
786083,0
786084,0
786085,0
786086,0
786087,0
786088,0
786089,0
786090,35
786091,0
786092,0
786093,0
786094,0
786095,33
786096,0
786097,0
786098,20
786099,0
786100,0
786101,0
786102,0
786103,0
786104,0
786105,0
786106,0
786107,0
786108,0
786109,0
786110,0
786111,0
786112,0
786113,0
786114,0
786115,0
786116,33
786117,0
786118,0
786119,0
786120,0
786121,0
786122,0
786123,0
786124,0
786125,0
786126,0
786127,0
786128,0
786129,0
786130,0
786131,0
786132,30
786133,0
786134,34
786135,0
786136,0
786137,0
786138,0
786139,0
786140,0
786141,0
786142,34
786143,0
786144,0
786145,0
786146,0
786147,0
786148,0
786149,0
786150,0
786151,0
786152,0
786153,0
786154,0
786155,0
786156,0
786157,0
786158,0
786159,0
786160,0
786161,0
786162,0
786163,0
786164,0
786165,0
786166,0
786167,0
786168,0
786169,0
786170,0
786171,0
786172,0
786173,0
786174,0
786175,0
786176,0
786177,0
786178,36
786179,0
786180,0
786181,0
786182,0
786183,0
786184,24
786185,0
786186,0
786187,0
786188,0
786189,0
786190,0
786191,0
786192,25
786193,0
786194,27
786195,0
786196,0
786197,29
786198,0
786199,0
786200,0
786201,0
786202,0
786203,0
786204,0
786205,0
786206,0
786207,0
786208,0
786209,0
786210,0
786211,0
786212,0
786213,0
786214,0
786215,0
786216,0
786217,0
786218,0
786219,0
786220,0
786221,0
786222,0
786223,0
786224,0
786225,0
786226,0
786227,0
786228,31
786229,0
786230,11
786231,0
786232,0
786233,0
786234,0
786235,0
786236,0
786237,0
786238,0
786239,0
786240,0
786241,0
786242,0
786243,0
786244,0
786245,0
786246,0
786247,18
786248,0
786249,0
786250,0
786251,0
786252,0
786253,0
786254,0
786255,33
786256,0
786257,0
786258,0
786259,0
786260,0
786261,0
786262,30
786263,0
786264,0
786265,33
786266,0
786267,0
786268,0
786269,28
786270,0
786271,0
786272,0
786273,0
786274,23
786275,0
786276,0
786277,0
786278,0
786279,0
786280,0
786281,0
786282,0
786283,0
786284,0
786285,0
786286,0
786287,0
786288,0
786289,33
786290,0
786291,0
786292,0
786293,26
786294,0
786295,0
786296,0
786297,0
786298,0
786299,30
786300,0
786301,0
786302,0
786303,0
786304,0
786305,0
786306,0
786307,0
786308,0
786309,0
786310,0
786311,0
786312,0
786313,0
786314,0
786315,0
786316,0
786317,0
786318,0
786319,16
786320,0
786321,0
786322,0
786323,0
786324,0
786325,0
786326,0
786327,0
786328,0
786329,40
786330,0
786331,0
786332,0
786333,0
786334,0
786335,0
786336,0
786337,0
786338,0
786339,0
786340,0
786341,0
786342,0
786343,0
786344,0
786345,0
786346,0
786347,0
786348,0
786349,0
786350,0
786351,0
786352,0
786353,0
786354,0
786355,0
786356,0
786357,0
786358,0
786359,0
786360,14
786361,0
786362,0
786363,0
786364,0
786365,0
786366,0
786367,0
786368,0
786369,28
786370,0
786371,0
786372,0
786373,0
786374,0
786375,0
786376,0
786377,0
786378,0
786379,0
786380,34
786381,0
786382,0
786383,0
786384,0
786385,0
786386,0
786387,0
786388,0
786389,0
786390,0
786391,0
786392,0
786393,0
786394,0
786395,0
786396,0
786397,0
786398,0
786399,0
786400,0
786401,0
786402,0
786403,0
786404,0
786405,0
786406,0
786407,0
786408,0
786409,0
786410,0
786411,0
786412,0
786413,0
786414,0
786415,0
786416,0
786417,0
786418,0
786419,0
786420,32
786421,0
786422,0
786423,0
786424,0
786425,28
786426,0
786427,17
786428,0
786429,0
786430,0
786431,0
786432,0
786433,0
786434,0
786435,0
786436,0
786437,29
786438,0
786439,0
786440,0
786441,0
786442,0
786443,0
786444,0
786445,0
786446,0
786447,0
786448,0
786449,0
786450,0
786451,0
786452,0
786453,35
786454,0
786455,0
786456,0
786457,0
786458,0
786459,0
786460,0
786461,0
786462,0
786463,0
786464,0
786465,0
786466,29
786467,0
786468,0
786469,18
786470,0
786471,0
786472,0
786473,0
786474,0
786475,0
786476,0
786477,0
786478,0
786479,15
786480,0
786481,0
786482,0
786483,36
786484,0
786485,0
786486,0
786487,0
786488,0
786489,0
786490,0
786491,0
786492,0
786493,0
786494,0
786495,0
786496,0
786497,0
786498,0
786499,0
786500,0
786501,0
786502,0
786503,0
786504,0
786505,0
786506,0
786507,0
786508,0
786509,0
786510,0
786511,0
786512,0
786513,0
786514,17
786515,0
786516,0
786517,0
786518,0
786519,0
786520,0
786521,0
786522,0
786523,18
786524,0
786525,0
786526,0
786527,0
786528,0
786529,0
786530,0
786531,0
786532,0
786533,0
786534,0
786535,0
786536,0
786537,0
786538,0
786539,37
786540,25
786541,0
786542,0
786543,0
786544,0
786545,0
786546,0
786547,0
786548,0
786549,0
786550,0
786551,0
786552,0
786553,0
786554,0
786555,0
786556,0
786557,0
786558,0
786559,0
786560,0
786561,23
786562,0
786563,0
786564,0
786565,0
786566,0
786567,0
786568,0
786569,0
786570,17
786571,0
786572,0
786573,0
786574,0
786575,0
786576,0
786577,33
786578,0
786579,0
786580,0
786581,0
786582,0
786583,0
786584,0
786585,0
786586,0
786587,0
786588,0
786589,0
786590,0
786591,32
786592,0
786593,0
786594,0
786595,0
786596,0
786597,0
786598,0
786599,0
786600,0
786601,0
786602,0
786603,0
786604,0
786605,0
786606,0
786607,0
786608,0
786609,0
786610,0
786611,0
786612,0
786613,0
786614,0
786615,0
786616,0
786617,0
786618,0
786619,0
786620,0
786621,0
786622,0
786623,0
786624,0
786625,21
786626,0
786627,0
786628,0
786629,0
786630,0
786631,0
786632,0
786633,0
786634,0
786635,0
786636,31
786637,0
786638,0
786639,0
786640,24
786641,0
786642,0
786643,0
786644,26
786645,0
786646,0
786647,0
786648,0
786649,0
786650,0
786651,16
786652,0
786653,0
786654,0
786655,0
786656,0
786657,0
786658,0
786659,0
786660,0
786661,0
786662,0
786663,0
786664,0
786665,0
786666,0
786667,0
786668,0
786669,0
786670,47
786671,0
786672,0
786673,0
786674,0
786675,0
786676,0
786677,0
786678,0
786679,0
786680,0
786681,0
786682,0
786683,0
786684,0
786685,0
786686,0
786687,0
786688,0
786689,0
786690,0
786691,0
786692,0
786693,0
786694,0
786695,0
786696,0
786697,0
786698,0
786699,27
786700,0
786701,0
786702,0
786703,0
786704,41
786705,0
786706,0
786707,0
786708,0
786709,0
786710,0
786711,0
786712,0
786713,31
786714,0
786715,0
786716,0
786717,0
786718,0
786719,0
786720,0
786721,0
786722,36
786723,0
786724,0
786725,0
786726,0
786727,0
786728,0
786729,0
786730,0
786731,0
786732,0
786733,24
786734,0
786735,28
786736,0
786737,0
786738,0
786739,25
786740,0
786741,0
786742,0
786743,0
786744,0
786745,0
786746,0
786747,0
786748,0
786749,0
786750,0
786751,0
786752,0
786753,0
786754,0
786755,0
786756,0
786757,0
786758,0
786759,0
786760,0
786761,0
786762,0
786763,0
786764,0
786765,0
786766,0
786767,0
786768,0
786769,0
786770,0
786771,0
786772,0
786773,0
786774,0
786775,0
786776,0
786777,0
786778,27
786779,0
786780,0
786781,0
786782,0
786783,0
786784,0
786785,0
786786,0
786787,29
786788,0
786789,0
786790,0
786791,0
786792,0
786793,0
786794,0
786795,0
786796,0
786797,0
786798,0
786799,0
786800,0
786801,0
786802,0
786803,0
786804,0
786805,0
786806,0
786807,32
786808,0
786809,0
786810,0
786811,0
786812,26
786813,0
786814,0
786815,0
786816,0
786817,0
786818,0
786819,0
786820,0
786821,0
786822,0
786823,0
786824,0
786825,0
786826,0
786827,38
786828,0
786829,0
786830,0
786831,0
786832,0
786833,28
786834,0
786835,0
786836,0
786837,0
786838,0
786839,0
786840,0
786841,31
786842,0
786843,0
786844,0
786845,0
786846,0
786847,0
786848,0
786849,0
786850,0
786851,0
786852,0
786853,0
786854,0
786855,0
786856,0
786857,21
786858,0
786859,0
786860,0
786861,0
786862,0
786863,0
786864,0
786865,0
786866,0
786867,0
786868,0
786869,0
786870,0
786871,0
786872,21
786873,0
786874,0
786875,0
786876,0
786877,0
786878,0
786879,0
786880,0
786881,0
786882,0
786883,0
786884,0
786885,0
786886,0
786887,0
786888,0
786889,0
786890,0
786891,0
786892,35
786893,0
786894,0
786895,0
786896,0
786897,0
786898,0
786899,0
786900,0
786901,0
786902,0
786903,0
786904,0
786905,0
786906,0
786907,0
786908,0
786909,0
786910,0
786911,0
786912,0
786913,0
786914,0
786915,0
786916,0
786917,0
786918,29
786919,0
786920,0
786921,0
786922,0
786923,0
786924,0
786925,0
786926,28
786927,0
786928,0
786929,0
786930,0
786931,0
786932,0
786933,0
786934,0
786935,0
786936,0
786937,0
786938,0
786939,0
786940,0
786941,0
786942,0
786943,0
786944,0
786945,0
786946,0
786947,0
786948,0
786949,0
786950,0
786951,0
786952,0
786953,0
786954,0
786955,0
786956,0
786957,0
786958,0
786959,0
786960,0
786961,0
786962,0
786963,0
786964,0
786965,0
786966,0
786967,0
786968,0
786969,0
786970,0
786971,0
786972,0
786973,0
786974,0
786975,0
786976,0
786977,0
786978,0
786979,0
786980,28
786981,0
786982,0
786983,0
786984,0
786985,0
786986,0
786987,0
786988,0
786989,0
786990,0
786991,0
786992,37
786993,0
786994,0
786995,0
786996,0
786997,29
786998,0
786999,0
787000,0
787001,0
787002,0
787003,0
787004,29
787005,0
787006,0
787007,0
787008,0
787009,0
787010,0
787011,0
787012,0
787013,0
787014,0
787015,0
787016,21
787017,0
787018,0
787019,0
787020,0
787021,0
787022,0
787023,0
787024,0
787025,31
787026,0
787027,0
787028,0
787029,0
787030,0
787031,0
787032,26
787033,0
787034,0
787035,0
787036,0
787037,0
787038,0
787039,0
787040,23
787041,0
787042,0
787043,0
787044,0
787045,0
787046,0
787047,0
787048,35
787049,0
787050,0
787051,0
787052,0
787053,0
787054,0
787055,0
787056,0
787057,0
787058,0
787059,15
787060,0
787061,0
787062,0
787063,8
787064,0
787065,0
787066,0
787067,0
787068,0
787069,0
787070,3
787071,0
787072,0
787073,0
787074,4
787075,0
787076,6
787077,0
787078,9
787079,0
787080,0
787081,0
787082,5
787083,0
787084,0
787085,0
787086,0
787087,0
787088,0
787089,0
787090,0
787091,0
787092,0
787093,0
787094,0
787095,0
787096,0
787097,0
787098,0
787099,0
787100,0
787101,0
787102,0
787103,14
787104,17
787105,0
787106,0
787107,0
787108,0
787109,0
787110,0
787111,11
787112,0
787113,0
787114,13
787115,0
787116,0
787117,0
787118,0
787119,9
787120,0
787121,8
787122,0
787123,0
787124,7
787125,14
787126,0
787127,0
787128,0
787129,0
787130,0
787131,9
787132,0
787133,8
787134,0
787135,0
787136,0
787137,0
787138,0
787139,6
787140,0
787141,0
787142,0
787143,0
787144,0
787145,0
787146,4
787147,0
787148,0
787149,0
787150,0
787151,0
787152,0
787153,0
787154,12
787155,0
787156,3
787157,0
787158,8
787159,0
787160,0
787161,0
787162,0
787163,0
787164,0
787165,0
787166,0
787167,14
787168,0
787169,0
787170,0
787171,0
787172,0
787173,6
787174,0
787175,0
787176,0
787177,0
787178,0
787179,20
787180,0
787181,0
787182,13
787183,0
787184,0
787185,0
787186,0
787187,0
787188,0
787189,0
787190,0
787191,12
787192,0
787193,0
787194,0
787195,0
787196,0
787197,0
787198,0
787199,0
787200,0
787201,0
787202,0
787203,0
787204,0
787205,0
787206,0
787207,0
787208,8
787209,0
787210,0
787211,0
787212,0
787213,0
787214,0
787215,0
787216,0
787217,0
787218,0
787219,0
787220,9
787221,13
787222,0
787223,0
787224,0
787225,0
787226,0
787227,13
787228,17
787229,0
787230,0
787231,0
787232,3
787233,17
787234,0
787235,0
787236,11
787237,0
787238,0
787239,0
787240,0
787241,0
787242,0
787243,0
787244,0
787245,0
787246,0
787247,0
787248,0
787249,0
787250,0
787251,0
787252,0
787253,0
787254,0
787255,0
787256,0
787257,0
787258,0
787259,0
787260,0
787261,1
787262,0
787263,0
787264,0
787265,0
787266,0
787267,0
787268,0
787269,0
787270,0
787271,0
787272,0
787273,0
787274,0
787275,0
787276,0
787277,0
787278,0
787279,0
787280,0
787281,0
787282,0
787283,0
787284,0
787285,0
787286,0
787287,0
787288,0
787289,0
787290,0
787291,0
787292,0
787293,0
787294,0
787295,0
787296,0
787297,0
787298,0
787299,0
787300,0
787301,0
787302,0
787303,0
787304,0
787305,0
787306,0
787307,0
787308,0
787309,0
787310,0
787311,0
787312,0
787313,0
787314,0
787315,0
787316,0
787317,0
787318,0
787319,0
787320,0
787321,0
787322,0
787323,0
787324,0
787325,0
787326,0
787327,0
787328,0
787329,0
787330,0
787331,0
787332,0
787333,0
787334,0
787335,0
787336,0
787337,0
787338,0
787339,0
787340,0
787341,0
787342,0
787343,0
787344,0
787345,0
787346,0
787347,0
787348,0
787349,0
787350,0
787351,0
787352,0
787353,0
787354,0
787355,0
787356,0
787357,0
787358,0
787359,0
787360,0
787361,0
787362,0
787363,0
787364,0
787365,0
787366,0
787367,0
787368,0
787369,0
787370,0
787371,0
787372,0
787373,0
787374,0
787375,0
787376,0
787377,0
787378,0
787379,0
787380,0
787381,0
787382,0
787383,0
787384,0
787385,0
787386,0
787387,0
787388,0
787389,0
787390,0
787391,0
787392,0
787393,0
787394,0
787395,0
787396,0
787397,0
787398,0
787399,0
787400,0
787401,0
787402,0
787403,0
787404,0
787405,0
787406,0
787407,0
787408,0
787409,0
787410,0
787411,0
787412,0
787413,0
787414,0
787415,0
787416,0
787417,0
787418,0
787419,0
787420,0
787421,0
787422,0
787423,0
787424,0
787425,0
787426,0
787427,0
787428,0
787429,0
787430,0
787431,0
787432,0
787433,0
787434,0
787435,0
787436,0
787437,0
787438,0
787439,0
787440,0
787441,0
787442,0
787443,0
787444,0
787445,0
787446,0
787447,0
787448,0
787449,0
787450,0
787451,0
787452,0
787453,0
787454,0
787455,0
787456,0
787457,0
787458,0
787459,0
787460,0
787461,0
787462,0
787463,0
787464,0
787465,0
787466,0
787467,0
787468,0
787469,0
787470,0
787471,0
787472,0
787473,0
787474,0
787475,0
787476,0
787477,0
787478,0
787479,0
787480,0
787481,0
787482,0
787483,0
787484,0
787485,0
787486,0
787487,0
787488,0
787489,0
787490,0
787491,0
787492,0
787493,0
787494,0
787495,0
787496,0
787497,0
787498,0
787499,0
787500,0
787501,0
787502,0
787503,0
787504,0
787505,0
787506,0
787507,0
787508,0
787509,0
787510,0
787511,0
787512,0
787513,0
787514,0
787515,0
787516,0
787517,0
787518,0
787519,0
787520,0
787521,0
787522,0
787523,0
787524,0
787525,0
787526,0
787527,0
787528,0
787529,0
787530,0
787531,0
787532,0
787533,0
787534,0
787535,0
787536,0
787537,0
787538,0
787539,0
787540,0
787541,0
787542,0
787543,0
787544,0
787545,0
787546,0
787547,0
787548,0
787549,0
787550,0
787551,0
787552,0
787553,0
787554,0
787555,0
787556,0
787557,0
787558,0
787559,0
787560,0
787561,0
787562,0
787563,0
787564,0
787565,0
787566,0
787567,0
787568,0
787569,0
787570,0
787571,0
787572,0
787573,0
787574,0
787575,0
787576,0
787577,0
787578,0
787579,0
787580,0
787581,0
787582,0
787583,0
787584,0
787585,0
787586,0
787587,0
787588,0
787589,0
787590,0
787591,0
787592,0
787593,0
787594,0
787595,0
787596,0
787597,0
787598,0
787599,0
787600,0
787601,0
787602,0
787603,0
787604,0
787605,0
787606,0
787607,0
787608,0
787609,0
787610,0
787611,0
787612,0
787613,0
787614,0
787615,0
787616,0
787617,0
787618,0
787619,0
787620,0
787621,0
787622,0
787623,0
787624,0
787625,0
787626,0
787627,0
787628,0
787629,0
787630,0
787631,0
787632,0
787633,0
787634,0
787635,0
787636,0
787637,0
787638,0
787639,0
787640,0
787641,0
787642,0
787643,0
787644,0
787645,0
787646,0
787647,0
787648,0
787649,0
787650,0
787651,0
787652,0
787653,0
787654,0
787655,0
787656,0
787657,0
787658,0
787659,0
787660,0
787661,0
787662,0
787663,0
787664,0
787665,0
787666,0
787667,0
787668,0
787669,0
787670,0
787671,0
787672,0
787673,0
787674,0
787675,0
787676,0
787677,0
787678,0
787679,0
787680,0
787681,0
787682,0
787683,0
787684,0
787685,0
787686,0
787687,0
787688,0
787689,0
787690,0
787691,0
787692,0
787693,0
787694,0
787695,0
787696,0
787697,0
787698,0
787699,0
787700,0
787701,0
787702,0
787703,0
787704,0
787705,0
787706,0
787707,0
787708,0
787709,0
787710,0
787711,0
787712,0
787713,0
787714,0
787715,0
787716,0
787717,0
787718,0
787719,0
787720,0
787721,0
787722,0
787723,0
787724,0
787725,0
787726,0
787727,0
787728,0
787729,0
787730,0
787731,0
787732,0
787733,0
787734,0
787735,0
787736,0
787737,0
787738,0
787739,0
787740,0
787741,0
787742,0
787743,0
787744,0
787745,0
787746,0
787747,0
787748,0
787749,0
787750,0
787751,0
787752,0
787753,0
787754,0
787755,0
787756,0
787757,0
787758,0
787759,0
787760,0
787761,0
787762,0
787763,0
787764,0
787765,0
787766,0
787767,0
787768,0
787769,0
787770,0
787771,0
787772,0
787773,0
787774,0
787775,0
787776,0
787777,0
787778,0
787779,0
787780,0
787781,0
787782,0
787783,0
787784,0
787785,0
787786,0
787787,0
787788,0
787789,0
787790,0
787791,0
787792,0
787793,0
787794,0
787795,0
787796,0
787797,0
787798,0
787799,0
787800,0
787801,0
787802,0
787803,0
787804,0
787805,0
787806,0
787807,0
787808,0
787809,0
787810,0
787811,0
787812,0
787813,0
787814,0
787815,0
787816,0
787817,0
787818,0
787819,0
787820,0
787821,0
787822,0
787823,0
787824,0
787825,0
787826,0
787827,0
787828,0
787829,0
787830,0
787831,0
787832,0
787833,0
787834,0
787835,0
787836,0
787837,0
787838,0
787839,0
787840,0
787841,0
787842,0
787843,0
787844,0
787845,0
787846,0
787847,0
787848,0
787849,0
787850,0
787851,0
787852,0
787853,0
787854,0
787855,0
787856,0
787857,0
787858,0
787859,0
787860,0
787861,0
787862,0
787863,0
787864,0
787865,0
787866,0
787867,0
787868,0
787869,0
787870,0
787871,0
787872,0
787873,0
787874,0
787875,0
787876,0
787877,0
787878,0
787879,0
787880,0
787881,0
787882,0
787883,0
787884,0
787885,1
787886,0
787887,0
787888,0
787889,0
787890,0
787891,0
787892,0
787893,0
787894,0
787895,0
787896,0
787897,0
787898,0
787899,0
787900,0
787901,0
787902,0
787903,0
787904,0
787905,0
787906,0
787907,0
787908,0
787909,0
787910,0
787911,0
787912,0
787913,0
787914,0
787915,0
787916,0
787917,0
787918,0
787919,0
787920,0
787921,0
787922,0
787923,0
787924,0
787925,0
787926,0
787927,0
787928,0
787929,0
787930,0
787931,0
787932,0
787933,0
787934,0
787935,0
787936,0
787937,0
787938,0
787939,0
787940,0
787941,0
787942,0
787943,0
787944,0
787945,0
787946,0
787947,0
787948,0
787949,0
787950,0
787951,0
787952,0
787953,0
787954,0
787955,0
787956,0
787957,0
787958,0
787959,0
787960,0
787961,0
787962,0
787963,0
787964,0
787965,0
787966,0
787967,0
787968,0
787969,0
787970,0
787971,0
787972,0
787973,0
787974,0
787975,0
787976,0
787977,0
787978,0
787979,0
787980,0
787981,0
787982,0
787983,0
787984,0
787985,0
787986,0
787987,0
787988,0
787989,0
787990,0
787991,0
787992,0
787993,0
787994,0
787995,0
787996,0
787997,0
787998,0
787999,0
788000,0
788001,0
788002,0
788003,0
788004,0
788005,0
788006,0
788007,0
788008,0
788009,0
788010,0
788011,0
788012,0
788013,0
788014,0
788015,0
788016,0
788017,0
788018,0
788019,0
788020,0
788021,0
788022,0
788023,0
788024,0
788025,0
788026,0
788027,0
788028,0
788029,0
788030,0
788031,0
788032,0
788033,0
788034,0
788035,0
788036,0
788037,0
788038,0
788039,0
788040,0
788041,0
788042,0
788043,0
788044,0
788045,0
788046,0
788047,0
788048,0
788049,0
788050,0
788051,0
788052,0
788053,0
788054,0
788055,0
788056,0
788057,0
788058,0
788059,0
788060,0
788061,0
788062,0
788063,0
788064,0
788065,0
788066,0
788067,0
788068,0
788069,0
788070,0
788071,0
788072,0
788073,0
788074,0
788075,0
788076,0
788077,0
788078,0
788079,0
788080,0
788081,0
788082,0
788083,0
788084,0
788085,0
788086,0
788087,0
788088,0
788089,0
788090,0
788091,0
788092,0
788093,0
788094,0
788095,0
788096,0
788097,0
788098,0
788099,0
788100,0
788101,0
788102,0
788103,0
788104,0
788105,0
788106,0
788107,0
788108,0
788109,0
788110,0
788111,0
788112,0
788113,0
788114,0
788115,0
788116,0
788117,0
788118,0
788119,0
788120,0
788121,0
788122,0
788123,0
788124,0
788125,0
788126,0
788127,0
788128,0
788129,0
788130,0
788131,0
788132,0
788133,0
788134,0
788135,0
788136,0
788137,0
788138,0
788139,0
788140,0
788141,0
788142,0
788143,0
788144,0
788145,0
788146,0
788147,0
788148,0
788149,0
788150,0
788151,0
788152,0
788153,0
788154,0
788155,0
788156,0
788157,0
788158,0
788159,0
788160,0
788161,0
788162,0
788163,0
788164,0
788165,0
788166,0
788167,0
788168,0
788169,0
788170,0
788171,0
788172,0
788173,0
788174,0
788175,0
788176,0
788177,0
788178,0
788179,0
788180,0
788181,0
788182,0
788183,0
788184,0
788185,0
788186,0
788187,0
788188,0
788189,0
788190,0
788191,0
788192,0
788193,0
788194,0
788195,0
788196,0
788197,0
788198,0
788199,0
788200,0
788201,0
788202,0
788203,0
788204,0
788205,0
788206,0
788207,0
788208,0
788209,0
788210,0
788211,0
788212,0
788213,0
788214,0
788215,0
788216,0
788217,0
788218,0
788219,0
788220,0
788221,0
788222,0
788223,0
788224,0
788225,0
788226,0
788227,25
788228,0
788229,0
788230,0
788231,0
788232,24
788233,0
788234,31
788235,0
788236,0
788237,27
788238,0
788239,22
788240,0
788241,0
788242,0
788243,26
788244,0
788245,0
788246,0
788247,0
788248,0
788249,0
788250,0
788251,0
788252,0
788253,0
788254,0
788255,0
788256,0
788257,0
788258,0
788259,0
788260,0
788261,0
788262,0
788263,0
788264,0
788265,0
788266,0
788267,0
788268,0
788269,26
788270,0
788271,0
788272,0
788273,0
788274,0
788275,0
788276,0
788277,24
788278,0
788279,0
788280,0
788281,0
788282,0
788283,0
788284,0
788285,0
788286,0
788287,36
788288,0
788289,0
788290,25
788291,0
788292,0
788293,0
788294,0
788295,0
788296,0
788297,0
788298,0
788299,0
788300,0
788301,0
788302,32
788303,0
788304,0
788305,0
788306,18
788307,0
788308,0
788309,0
788310,0
788311,0
788312,0
788313,0
788314,0
788315,18
788316,0
788317,0
788318,0
788319,0
788320,0
788321,0
788322,0
788323,21
788324,0
788325,0
788326,0
788327,0
788328,0
788329,0
788330,0
788331,0
788332,0
788333,34
788334,0
788335,0
788336,0
788337,0
788338,0
788339,0
788340,29
788341,0
788342,0
788343,0
788344,0
788345,0
788346,0
788347,0
788348,23
788349,0
788350,0
788351,36
788352,0
788353,0
788354,0
788355,0
788356,0
788357,0
788358,0
788359,0
788360,0
788361,0
788362,0
788363,0
788364,0
788365,0
788366,0
788367,23
788368,26
788369,0
788370,0
788371,0
788372,0
788373,0
788374,0
788375,0
788376,0
788377,0
788378,0
788379,0
788380,0
788381,29
788382,0
788383,0
788384,0
788385,0
788386,0
788387,0
788388,0
788389,0
788390,0
788391,0
788392,0
788393,0
788394,0
788395,0
788396,29
788397,0
788398,0
788399,0
788400,0
788401,0
788402,0
788403,0
788404,0
788405,0
788406,25
788407,0
788408,0
788409,0
788410,0
788411,0
788412,0
788413,14
788414,0
788415,0
788416,0
788417,0
788418,0
788419,0
788420,0
788421,0
788422,0
788423,0
788424,17
788425,0
788426,0
788427,0
788428,25
788429,0
788430,0
788431,0
788432,0
788433,0
788434,0
788435,0
788436,0
788437,0
788438,0
788439,0
788440,0
788441,0
788442,0
788443,30
788444,0
788445,0
788446,0
788447,0
788448,0
788449,0
788450,0
788451,21
788452,0
788453,0
788454,0
788455,0
788456,0
788457,0
788458,0
788459,0
788460,0
788461,0
788462,0
788463,0
788464,0
788465,0
788466,28
788467,0
788468,0
788469,26
788470,0
788471,0
788472,0
788473,0
788474,29
788475,26
788476,22
788477,0
788478,0
788479,0
788480,0
788481,0
788482,0
788483,0
788484,0
788485,21
788486,0
788487,0
788488,0
788489,0
788490,0
788491,17
788492,0
788493,0
788494,0
788495,33
788496,0
788497,0
788498,0
788499,0
788500,0
788501,0
788502,0
788503,0
788504,0
788505,0
788506,0
788507,0
788508,0
788509,0
788510,22
788511,0
788512,0
788513,0
788514,0
788515,0
788516,0
788517,0
788518,0
788519,0
788520,0
788521,0
788522,0
788523,0
788524,28
788525,0
788526,0
788527,0
788528,0
788529,0
788530,0
788531,0
788532,24
788533,21
788534,29
788535,0
788536,0
788537,0
788538,0
788539,0
788540,0
788541,0
788542,0
788543,0
788544,0
788545,0
788546,0
788547,0
788548,0
788549,0
788550,0
788551,0
788552,0
788553,0
788554,0
788555,0
788556,0
788557,18
788558,0
788559,0
788560,0
788561,0
788562,0
788563,0
788564,0
788565,0
788566,0
788567,0
788568,0
788569,0
788570,0
788571,0
788572,0
788573,31
788574,0
788575,0
788576,0
788577,0
788578,0
788579,0
788580,0
788581,0
788582,0
788583,0
788584,0
788585,0
788586,0
788587,0
788588,0
788589,0
788590,0
788591,0
788592,0
788593,0
788594,0
788595,19
788596,0
788597,0
788598,0
788599,0
788600,0
788601,0
788602,20
788603,0
788604,0
788605,0
788606,0
788607,0
788608,0
788609,0
788610,0
788611,0
788612,0
788613,0
788614,0
788615,0
788616,0
788617,0
788618,0
788619,0
788620,0
788621,0
788622,0
788623,0
788624,0
788625,0
788626,0
788627,29
788628,0
788629,0
788630,0
788631,0
788632,0
788633,0
788634,0
788635,0
788636,0
788637,0
788638,30
788639,0
788640,0
788641,0
788642,0
788643,0
788644,24
788645,14
788646,0
788647,0
788648,0
788649,0
788650,0
788651,0
788652,0
788653,0
788654,0
788655,0
788656,0
788657,0
788658,0
788659,0
788660,0
788661,0
788662,0
788663,0
788664,0
788665,0
788666,0
788667,0
788668,0
788669,0
788670,0
788671,0
788672,28
788673,0
788674,16
788675,0
788676,0
788677,21
788678,0
788679,0
788680,0
788681,0
788682,0
788683,0
788684,0
788685,0
788686,0
788687,0
788688,0
788689,0
788690,0
788691,0
788692,0
788693,0
788694,0
788695,0
788696,0
788697,21
788698,0
788699,0
788700,21
788701,0
788702,36
788703,0
788704,12
788705,0
788706,0
788707,0
788708,0
788709,0
788710,0
788711,0
788712,10
788713,0
788714,0
788715,0
788716,0
788717,0
788718,0
788719,0
788720,0
788721,0
788722,0
788723,0
788724,5
788725,0
788726,0
788727,0
788728,0
788729,0
788730,0
788731,0
788732,0
788733,0
788734,10
788735,0
788736,0
788737,0
788738,7
788739,0
788740,12
788741,0
788742,0
788743,0
788744,0
788745,0
788746,0
788747,0
788748,0
788749,0
788750,8
788751,0
788752,0
788753,0
788754,0
788755,0
788756,0
788757,0
788758,0
788759,0
788760,0
788761,0
788762,0
788763,0
788764,0
788765,13
788766,0
788767,0
788768,9
788769,0
788770,0
788771,0
788772,0
788773,0
788774,0
788775,0
788776,0
788777,0
788778,0
788779,0
788780,0
788781,13
788782,0
788783,0
788784,0
788785,8
788786,0
788787,0
788788,0
788789,0
788790,0
788791,15
788792,0
788793,0
788794,0
788795,0
788796,0
788797,0
788798,0
788799,2
788800,16
788801,0
788802,0
788803,0
788804,0
788805,0
788806,0
788807,0
788808,0
788809,0
788810,0
788811,0
788812,7
788813,0
788814,0
788815,0
788816,0
788817,0
788818,0
788819,0
788820,9
788821,0
788822,0
788823,0
788824,0
788825,0
788826,0
788827,0
788828,0
788829,0
788830,0
788831,0
788832,0
788833,0
788834,0
788835,7
788836,0
788837,0
788838,0
788839,0
788840,0
788841,0
788842,0
788843,0
788844,0
788845,0
788846,0
788847,0
788848,0
788849,0
788850,0
788851,0
788852,0
788853,0
788854,0
788855,0
788856,0
788857,0
788858,0
788859,8
788860,0
788861,7
788862,0
788863,0
788864,0
788865,0
788866,0
788867,0
788868,0
788869,0
788870,8
788871,0
788872,0
788873,0
788874,0
788875,0
788876,6
788877,0
788878,0
788879,0
788880,0
788881,3
788882,8
788883,0
788884,13
788885,0
788886,0
788887,0
788888,5
788889,0
788890,0
788891,0
788892,0
788893,0
788894,0
788895,0
788896,0
788897,0
788898,0
788899,0
788900,0
788901,0
788902,0
788903,0
788904,0
788905,11
788906,0
788907,0
788908,0
788909,5
788910,0
788911,6
788912,0
788913,0
788914,0
788915,6
788916,0
788917,0
788918,0
788919,0
788920,0
788921,0
788922,0
788923,0
788924,11
788925,0
788926,0
788927,0
788928,0
788929,0
788930,14
788931,0
788932,0
788933,0
788934,0
788935,0
788936,5
788937,0
788938,0
788939,10
788940,0
788941,0
788942,0
788943,0
788944,0
788945,0
788946,5
788947,5
788948,0
788949,0
788950,0
788951,12
788952,0
788953,0
788954,0
788955,0
788956,0
788957,0
788958,8
788959,0
788960,0
788961,0
788962,10
788963,0
788964,0
788965,6
788966,0
788967,7
788968,0
788969,0
788970,9
788971,0
788972,0
788973,0
788974,0
788975,0
788976,12
788977,0
788978,0
788979,0
788980,0
788981,0
788982,0
788983,8
788984,0
788985,0
788986,0
788987,0
788988,0
788989,0
788990,0
788991,0
788992,0
788993,0
788994,0
788995,11
788996,0
788997,0
788998,10
788999,0
789000,0
789001,0
789002,0
789003,0
789004,0
789005,0
789006,0
789007,0
789008,4
789009,0
789010,0
789011,10
789012,0
789013,0
789014,0
789015,12
789016,0
789017,0
789018,0
789019,0
789020,0
789021,0
789022,0
789023,10
789024,10
789025,0
789026,0
789027,8
789028,0
789029,0
789030,0
789031,0
789032,0
789033,0
789034,0
789035,0
789036,19
789037,0
789038,0
789039,0
789040,0
789041,0
789042,23
789043,0
789044,0
789045,0
789046,0
789047,0
789048,0
789049,0
789050,0
789051,0
789052,0
789053,0
789054,0
789055,0
789056,0
789057,0
789058,0
789059,0
789060,0
789061,0
789062,0
789063,11
789064,0
789065,0
789066,0
789067,0
789068,0
789069,0
789070,17
789071,0
789072,0
789073,0
789074,0
789075,0
789076,0
789077,0
789078,0
789079,0
789080,0
789081,0
789082,0
789083,0
789084,0
789085,0
789086,0
789087,0
789088,0
789089,0
789090,0
789091,0
789092,0
789093,0
789094,0
789095,28
789096,0
789097,0
789098,0
789099,0
789100,0
789101,0
789102,0
789103,0
789104,0
789105,0
789106,0
789107,0
789108,0
789109,0
789110,0
789111,0
789112,0
789113,0
789114,0
789115,0
789116,0
789117,0
789118,0
789119,0
789120,0
789121,0
789122,0
789123,0
789124,0
789125,0
789126,0
789127,0
789128,0
789129,0
789130,0
789131,0
789132,0
789133,0
789134,0
789135,0
789136,0
789137,0
789138,0
789139,0
789140,0
789141,0
789142,0
789143,0
789144,0
789145,0
789146,9
789147,0
789148,0
789149,0
789150,16
789151,6
789152,0
789153,28
789154,0
789155,0
789156,13
789157,0
789158,0
789159,0
789160,0
789161,0
789162,0
789163,0
789164,0
789165,14
789166,0
789167,0
789168,0
789169,0
789170,0
789171,0
789172,0
789173,0
789174,0
789175,0
789176,0
789177,0
789178,0
789179,0
789180,0
789181,0
789182,0
789183,0
789184,0
789185,12
789186,0
789187,0
789188,0
789189,0
789190,0
789191,0
789192,0
789193,20
789194,0
789195,0
789196,0
789197,0
789198,0
789199,0
789200,0
789201,0
789202,0
789203,0
789204,0
789205,0
789206,0
789207,0
789208,0
789209,0
789210,0
789211,0
789212,0
789213,0
789214,0
789215,16
789216,0
789217,0
789218,0
789219,21
789220,19
789221,0
789222,0
789223,0
789224,0
789225,0
789226,19
789227,0
789228,0
789229,0
789230,0
789231,0
789232,0
789233,0
789234,0
789235,0
789236,0
789237,0
789238,0
789239,21
789240,0
789241,0
789242,0
789243,0
789244,0
789245,0
789246,0
789247,0
789248,0
789249,0
789250,13
789251,0
789252,0
789253,0
789254,0
789255,0
789256,0
789257,0
789258,0
789259,0
789260,0
789261,0
789262,16
789263,0
789264,0
789265,0
789266,0
789267,0
789268,0
789269,0
789270,0
789271,0
789272,0
789273,0
789274,0
789275,0
789276,0
789277,0
789278,0
789279,0
789280,0
789281,0
789282,0
789283,0
789284,0
789285,0
789286,0
789287,0
789288,0
789289,8
789290,0
789291,0
789292,0
789293,0
789294,0
789295,0
789296,0
789297,0
789298,15
789299,20
789300,0
789301,0
789302,0
789303,0
789304,0
789305,14
789306,0
789307,0
789308,0
789309,0
789310,0
789311,0
789312,0
789313,0
789314,0
789315,0
789316,0
789317,0
789318,0
789319,15
789320,0
789321,0
789322,0
789323,0
789324,0
789325,0
789326,0
789327,0
789328,0
789329,0
789330,0
789331,0
789332,0
789333,0
789334,0
789335,0
789336,0
789337,0
789338,0
789339,9
789340,0
789341,0
789342,0
789343,0
789344,0
789345,0
789346,0
789347,0
789348,0
789349,0
789350,0
789351,0
789352,0
789353,0
789354,0
789355,0
789356,0
789357,0
789358,0
789359,0
789360,0
789361,0
789362,0
789363,0
789364,18
789365,0
789366,0
789367,0
789368,0
789369,9
789370,0
789371,0
789372,0
789373,0
789374,0
789375,0
789376,0
789377,0
789378,0
789379,0
789380,0
789381,0
789382,0
789383,0
789384,0
789385,0
789386,0
789387,0
789388,0
789389,0
789390,0
789391,0
789392,0
789393,0
789394,0
789395,0
789396,0
789397,0
789398,0
789399,0
789400,14
789401,0
789402,0
789403,0
789404,0
789405,0
789406,0
789407,0
789408,0
789409,0
789410,7
789411,0
789412,0
789413,0
789414,0
789415,0
789416,21
789417,0
789418,0
789419,0
789420,0
789421,0
789422,0
789423,0
789424,0
789425,0
789426,0
789427,0
789428,0
789429,0
789430,0
789431,0
789432,0
789433,0
789434,0
789435,0
789436,0
789437,0
789438,0
789439,0
789440,0
789441,0
789442,0
789443,0
789444,0
789445,0
789446,0
789447,0
789448,0
789449,0
789450,0
789451,0
789452,0
789453,0
789454,0
789455,0
789456,0
789457,0
789458,0
789459,14
789460,0
789461,0
789462,0
789463,0
789464,0
789465,0
789466,0
789467,0
789468,0
789469,0
789470,0
789471,0
789472,0
789473,0
789474,0
789475,0
789476,0
789477,0
789478,0
789479,0
789480,0
789481,0
789482,0
789483,0
789484,0
789485,0
789486,0
789487,0
789488,0
789489,0
789490,0
789491,0
789492,19
789493,0
789494,0
789495,0
789496,0
789497,0
789498,19
789499,0
789500,0
789501,0
789502,0
789503,0
789504,0
789505,0
789506,0
789507,0
789508,0
789509,0
789510,0
789511,0
789512,0
789513,0
789514,0
789515,0
789516,0
789517,0
789518,0
789519,0
789520,0
789521,0
789522,0
789523,0
789524,0
789525,0
789526,0
789527,0
789528,0
789529,0
789530,0
789531,11
789532,0
789533,0
789534,0
789535,0
789536,0
789537,0
789538,0
789539,0
789540,0
789541,0
789542,0
789543,0
789544,0
789545,0
789546,0
789547,0
789548,0
789549,0
789550,10
789551,0
789552,0
789553,0
789554,0
789555,0
789556,0
789557,11
789558,0
789559,0
789560,0
789561,0
789562,0
789563,0
789564,19
789565,0
789566,0
789567,15
789568,0
789569,0
789570,0
789571,0
789572,0
789573,0
789574,0
789575,0
789576,0
789577,0
789578,0
789579,0
789580,0
789581,0
789582,0
789583,0
789584,0
789585,0
789586,0
789587,0
789588,0
789589,0
789590,0
789591,12
789592,19
789593,0
789594,0
789595,0
789596,0
789597,0
789598,0
789599,0
789600,0
789601,0
789602,0
789603,0
789604,0
789605,0
789606,0
789607,0
789608,14
789609,0
789610,0
789611,0
789612,0
789613,0
789614,0
789615,0
789616,0
789617,0
789618,0
789619,0
789620,0
789621,0
789622,0
789623,0
789624,0
789625,0
789626,0
789627,0
789628,0
789629,0
789630,0
789631,0
789632,0
789633,0
789634,0
789635,0
789636,0
789637,0
789638,0
789639,17
789640,0
789641,0
789642,0
789643,0
789644,18
789645,0
789646,0
789647,0
789648,0
789649,10
789650,0
789651,0
789652,17
789653,0
789654,0
789655,0
789656,0
789657,0
789658,0
789659,0
789660,18
789661,0
789662,0
789663,0
789664,0
789665,17
789666,0
789667,0
789668,20
789669,0
789670,16
789671,22
789672,0
789673,0
789674,0
789675,0
789676,0
789677,0
789678,0
789679,0
789680,0
789681,0
789682,0
789683,0
789684,0
789685,0
789686,0
789687,0
789688,12
789689,0
789690,0
789691,0
789692,19
789693,0
789694,0
789695,0
789696,0
789697,0
789698,0
789699,0
789700,13
789701,0
789702,0
789703,0
789704,0
789705,0
789706,10
789707,0
789708,0
789709,0
789710,0
789711,0
789712,0
789713,0
789714,0
789715,0
789716,0
789717,0
789718,0
789719,0
789720,0
789721,0
789722,0
789723,0
789724,0
789725,0
789726,0
789727,0
789728,8
789729,0
789730,0
789731,0
789732,11
789733,0
789734,0
789735,0
789736,0
789737,13
789738,0
789739,0
789740,0
789741,0
789742,0
789743,0
789744,0
789745,0
789746,0
789747,0
789748,11
789749,0
789750,0
789751,0
789752,0
789753,0
789754,9
789755,9
789756,14
789757,0
789758,0
789759,0
789760,0
789761,0
789762,12
789763,0
789764,0
789765,12
789766,0
789767,0
789768,0
789769,0
789770,0
789771,0
789772,0
789773,0
789774,0
789775,13
789776,15
789777,13
789778,9
789779,6
789780,0
789781,0
789782,0
789783,13
789784,0
789785,0
789786,0
789787,0
789788,12
789789,0
789790,0
789791,0
789792,15
789793,0
789794,0
789795,0
789796,9
789797,0
789798,0
789799,0
789800,0
789801,13
789802,0
789803,10
789804,0
789805,0
789806,0
789807,0
789808,0
789809,0
789810,0
789811,0
789812,0
789813,0
789814,0
789815,0
789816,0
789817,0
789818,0
789819,0
789820,9
789821,0
789822,0
789823,0
789824,10
789825,0
789826,0
789827,0
789828,0
789829,9
789830,0
789831,0
789832,0
789833,0
789834,0
789835,0
789836,0
789837,0
789838,0
789839,0
789840,0
789841,0
789842,0
789843,0
789844,0
789845,0
789846,0
789847,0
789848,0
789849,0
789850,0
789851,0
789852,0
789853,0
789854,0
789855,0
789856,12
789857,0
789858,0
789859,0
789860,0
789861,0
789862,0
789863,0
789864,0
789865,0
789866,0
789867,0
789868,0
789869,0
789870,0
789871,8
789872,19
789873,0
789874,0
789875,0
789876,0
789877,0
789878,18
789879,0
789880,0
789881,11
789882,0
789883,0
789884,15
789885,0
789886,0
789887,0
789888,12
789889,0
789890,0
789891,10
789892,0
789893,0
789894,0
789895,0
789896,0
789897,20
789898,0
789899,0
789900,0
789901,0
789902,0
789903,0
789904,9
789905,0
789906,0
789907,0
789908,0
789909,0
789910,0
789911,0
789912,0
789913,0
789914,0
789915,0
789916,0
789917,0
789918,0
789919,0
789920,0
789921,0
789922,0
789923,0
789924,0
789925,0
789926,0
789927,0
789928,0
789929,0
789930,0
789931,0
789932,0
789933,0
789934,0
789935,10
789936,0
789937,0
789938,0
789939,0
789940,0
789941,0
789942,0
789943,0
789944,0
789945,10
789946,0
789947,0
789948,0
789949,0
789950,0
789951,0
789952,0
789953,0
789954,12
789955,0
789956,0
789957,0
789958,0
789959,0
789960,0
789961,0
789962,0
789963,0
789964,0
789965,0
789966,0
789967,0
789968,0
789969,0
789970,0
789971,0
789972,0
789973,0
789974,0
789975,0
789976,0
789977,13
789978,0
789979,0
789980,0
789981,0
789982,0
789983,0
789984,0
789985,0
789986,0
789987,0
789988,0
789989,6
789990,0
789991,0
789992,0
789993,0
789994,0
789995,0
789996,0
789997,0
789998,0
789999,0
790000,0
790001,10
790002,0
790003,0
790004,0
790005,0
790006,0
790007,0
790008,0
790009,0
790010,0
790011,0
790012,0
790013,0
790014,0
790015,0
790016,16
790017,0
790018,0
790019,0
790020,0
790021,0
790022,0
790023,11
790024,0
790025,0
790026,0
790027,0
790028,0
790029,0
790030,0
790031,0
790032,0
790033,0
790034,0
790035,0
790036,0
790037,0
790038,11
790039,10
790040,0
790041,8
790042,0
790043,0
790044,0
790045,0
790046,0
790047,0
790048,0
790049,0
790050,0
790051,0
790052,0
790053,0
790054,0
790055,0
790056,0
790057,0
790058,0
790059,0
790060,0
790061,0
790062,0
790063,22
790064,0
790065,0
790066,0
790067,0
790068,12
790069,0
790070,15
790071,0
790072,0
790073,0
790074,12
790075,0
790076,0
790077,0
790078,0
790079,9
790080,0
790081,0
790082,0
790083,0
790084,0
790085,0
790086,0
790087,0
790088,0
790089,0
790090,0
790091,0
790092,0
790093,15
790094,0
790095,0
790096,0
790097,0
790098,0
790099,0
790100,0
790101,0
790102,0
790103,0
790104,0
790105,15
790106,0
790107,8
790108,0
790109,0
790110,0
790111,0
790112,0
790113,0
790114,0
790115,0
790116,0
790117,0
790118,12
790119,11
790120,0
790121,0
790122,0
790123,0
790124,0
790125,0
790126,10
790127,0
790128,0
790129,0
790130,0
790131,11
790132,0
790133,0
790134,9
790135,0
790136,0
790137,0
790138,0
790139,0
790140,13
790141,0
790142,0
790143,0
790144,0
790145,0
790146,0
790147,0
790148,0
790149,0
790150,8
790151,0
790152,0
790153,0
790154,0
790155,0
790156,0
790157,0
790158,0
790159,0
790160,0
790161,0
790162,0
790163,0
790164,0
790165,0
790166,0
790167,0
790168,0
790169,0
790170,0
790171,12
790172,0
790173,0
790174,0
790175,0
790176,0
790177,0
790178,0
790179,0
790180,0
790181,0
790182,0
790183,0
790184,0
790185,13
790186,0
790187,0
790188,0
790189,0
790190,0
790191,0
790192,0
790193,0
790194,0
790195,14
790196,0
790197,5
790198,0
790199,0
790200,0
790201,0
790202,0
790203,9
790204,0
790205,0
790206,0
790207,0
790208,0
790209,0
790210,0
790211,15
790212,0
790213,11
790214,0
790215,0
790216,8
790217,0
790218,0
790219,0
790220,0
790221,0
790222,0
790223,0
790224,0
790225,0
790226,0
790227,0
790228,0
790229,17
790230,0
790231,0
790232,0
790233,0
790234,0
790235,0
790236,0
790237,0
790238,8
790239,0
790240,0
790241,0
790242,17
790243,0
790244,0
790245,14
790246,0
790247,0
790248,0
790249,12
790250,0
790251,0
790252,10
790253,11
790254,9
790255,8
790256,13
790257,0
790258,0
790259,0
790260,0
790261,0
790262,0
790263,0
790264,0
790265,0
790266,0
790267,0
790268,0
790269,0
790270,0
790271,0
790272,0
790273,0
790274,0
790275,0
790276,0
790277,0
790278,14
790279,0
790280,0
790281,0
790282,0
790283,10
790284,0
790285,13
790286,0
790287,0
790288,0
790289,0
790290,0
790291,10
790292,0
790293,0
790294,12
790295,0
790296,0
790297,0
790298,0
790299,0
790300,0
790301,0
790302,0
790303,0
790304,0
790305,0
790306,0
790307,0
790308,0
790309,0
790310,0
790311,0
790312,0
790313,0
790314,0
790315,0
790316,0
790317,0
790318,0
790319,14
790320,0
790321,0
790322,0
790323,0
790324,0
790325,0
790326,0
790327,0
790328,0
790329,0
790330,10
790331,0
790332,0
790333,0
790334,0
790335,0
790336,10
790337,0
790338,0
790339,9
790340,0
790341,0
790342,0
790343,0
790344,0
790345,0
790346,0
790347,0
790348,0
790349,6
790350,0
790351,0
790352,0
790353,0
790354,0
790355,15
790356,0
790357,0
790358,0
790359,0
790360,0
790361,0
790362,0
790363,0
790364,0
790365,0
790366,8
790367,0
790368,0
790369,0
790370,0
790371,0
790372,0
790373,0
790374,0
790375,0
790376,0
790377,0
790378,0
790379,0
790380,0
790381,0
790382,0
790383,0
790384,0
790385,0
790386,0
790387,0
790388,11
790389,0
790390,0
790391,0
790392,10
790393,0
790394,0
790395,0
790396,0
790397,0
790398,0
790399,6
790400,0
790401,0
790402,0
790403,0
790404,0
790405,0
790406,0
790407,0
790408,0
790409,0
790410,0
790411,0
790412,0
790413,0
790414,0
790415,0
790416,0
790417,13
790418,0
790419,0
790420,0
790421,0
790422,0
790423,0
790424,0
790425,0
790426,0
790427,0
790428,9
790429,0
790430,0
790431,0
790432,0
790433,0
790434,0
790435,0
790436,10
790437,11
790438,0
790439,0
790440,0
790441,6
790442,0
790443,0
790444,0
790445,7
790446,0
790447,0
790448,0
790449,0
790450,0
790451,0
790452,0
790453,0
790454,0
790455,0
790456,0
790457,9
790458,0
790459,0
790460,0
790461,20
790462,0
790463,0
790464,0
790465,0
790466,0
790467,0
790468,0
790469,11
790470,0
790471,0
790472,14
790473,0
790474,0
790475,0
790476,0
790477,0
790478,0
790479,0
790480,0
790481,0
790482,0
790483,0
790484,0
790485,0
790486,0
790487,0
790488,0
790489,0
790490,0
790491,0
790492,0
790493,12
790494,0
790495,0
790496,0
790497,0
790498,0
790499,0
790500,0
790501,0
790502,0
790503,0
790504,0
790505,0
790506,5
790507,0
790508,0
790509,0
790510,0
790511,0
790512,0
790513,19
790514,0
790515,27
790516,0
790517,0
790518,25
790519,15
790520,0
790521,29
790522,14
790523,0
790524,29
790525,0
790526,0
790527,0
790528,0
790529,0
790530,0
790531,0
790532,0
790533,29
790534,0
790535,0
790536,0
790537,0
790538,0
790539,0
790540,0
790541,0
790542,16
790543,0
790544,0
790545,0
790546,0
790547,0
790548,0
790549,9
790550,0
790551,40
790552,0
790553,0
790554,0
790555,0
790556,0
790557,0
790558,0
790559,0
790560,0
790561,0
790562,0
790563,0
790564,0
790565,0
790566,0
790567,0
790568,0
790569,0
790570,0
790571,0
790572,0
790573,0
790574,19
790575,0
790576,0
790577,0
790578,16
790579,0
790580,0
790581,0
790582,0
790583,0
790584,20
790585,0
790586,29
790587,0
790588,0
790589,0
790590,0
790591,0
790592,20
790593,0
790594,0
790595,0
790596,0
790597,0
790598,0
790599,0
790600,0
790601,0
790602,12
790603,0
790604,0
790605,0
790606,0
790607,0
790608,0
790609,0
790610,0
790611,0
790612,0
790613,20
790614,25
790615,0
790616,0
790617,0
790618,0
790619,0
790620,0
790621,0
790622,0
790623,0
790624,0
790625,0
790626,0
790627,0
790628,0
790629,0
790630,0
790631,0
790632,0
790633,0
790634,29
790635,0
790636,0
790637,0
790638,0
790639,0
790640,0
790641,17
790642,16
790643,0
790644,0
790645,0
790646,16
790647,0
790648,23
790649,0
790650,0
790651,0
790652,0
790653,0
790654,0
790655,0
790656,0
790657,0
790658,0
790659,0
790660,25
790661,0
790662,0
790663,22
790664,0
790665,0
790666,0
790667,0
790668,0
790669,0
790670,0
790671,0
790672,0
790673,23
790674,25
790675,0
790676,25
790677,10
790678,0
790679,0
790680,0
790681,0
790682,0
790683,18
790684,0
790685,0
790686,0
790687,0
790688,0
790689,0
790690,0
790691,15
790692,0
790693,30
790694,0
790695,0
790696,0
790697,18
790698,0
790699,0
790700,19
790701,0
790702,0
790703,0
790704,0
790705,0
790706,0
790707,0
790708,0
790709,0
790710,0
790711,0
790712,0
790713,0
790714,0
790715,23
790716,0
790717,0
790718,0
790719,0
790720,0
790721,0
790722,0
790723,0
790724,14
790725,0
790726,0
790727,0
790728,17
790729,0
790730,0
790731,0
790732,0
790733,22
790734,0
790735,16
790736,0
790737,8
790738,0
790739,11
790740,0
790741,0
790742,0
790743,0
790744,0
790745,0
790746,0
790747,0
790748,33
790749,0
790750,0
790751,13
790752,0
790753,0
790754,0
790755,0
790756,0
790757,22
790758,32
790759,0
790760,0
790761,0
790762,0
790763,0
790764,0
790765,0
790766,0
790767,18
790768,0
790769,0
790770,0
790771,0
790772,0
790773,0
790774,0
790775,0
790776,0
790777,0
790778,14
790779,28
790780,11
790781,22
790782,0
790783,0
790784,0
790785,0
790786,0
790787,0
790788,0
790789,15
790790,0
790791,27
790792,0
790793,0
790794,0
790795,0
790796,0
790797,0
790798,0
790799,24
790800,0
790801,0
790802,0
790803,0
790804,0
790805,0
790806,0
790807,0
790808,0
790809,26
790810,0
790811,0
790812,0
790813,23
790814,39
790815,0
790816,0
790817,0
790818,0
790819,23
790820,0
790821,26
790822,0
790823,0
790824,22
790825,0
790826,0
790827,0
790828,14
790829,0
790830,0
790831,0
790832,33
790833,16
790834,28
790835,0
790836,0
790837,0
790838,21
790839,15
790840,0
790841,0
790842,0
790843,30
790844,0
790845,0
790846,0
790847,0
790848,0
790849,23
790850,0
790851,0
790852,0
790853,18
790854,0
790855,0
790856,0
790857,0
790858,0
790859,0
790860,0
790861,0
790862,0
790863,0
790864,0
790865,0
790866,0
790867,0
790868,27
790869,0
790870,0
790871,0
790872,0
790873,0
790874,0
790875,0
790876,0
790877,0
790878,0
790879,0
790880,0
790881,0
790882,0
790883,0
790884,0
790885,0
790886,0
790887,0
790888,0
790889,0
790890,0
790891,0
790892,0
790893,0
790894,0
790895,0
790896,0
790897,0
790898,0
790899,23
790900,0
790901,0
790902,0
790903,0
790904,0
790905,0
790906,0
790907,0
790908,0
790909,0
790910,0
790911,0
790912,0
790913,0
790914,0
790915,16
790916,0
790917,0
790918,17
790919,0
790920,0
790921,0
790922,0
790923,0
790924,0
790925,0
790926,0
790927,0
790928,19
790929,0
790930,0
790931,0
790932,0
790933,18
790934,0
790935,0
790936,0
790937,0
790938,0
790939,0
790940,0
790941,0
790942,0
790943,0
790944,0
790945,0
790946,0
790947,0
790948,0
790949,0
790950,0
790951,0
790952,0
790953,0
790954,0
790955,0
790956,0
790957,0
790958,0
790959,26
790960,0
790961,0
790962,0
790963,0
790964,0
790965,0
790966,15
790967,0
790968,0
790969,0
790970,0
790971,0
790972,0
790973,14
790974,19
790975,0
790976,0
790977,0
790978,0
790979,0
790980,0
790981,29
790982,17
790983,19
790984,22
790985,0
790986,0
790987,28
790988,15
790989,0
790990,0
790991,0
790992,0
790993,0
790994,0
790995,15
790996,0
790997,0
790998,19
790999,30
791000,0
791001,0
791002,0
791003,0
791004,0
791005,0
791006,0
791007,0
791008,0
791009,0
791010,0
791011,0
791012,0
791013,0
791014,0
791015,0
791016,26
791017,0
791018,0
791019,21
791020,0
791021,8
791022,0
791023,0
791024,0
791025,28
791026,0
791027,0
791028,0
791029,0
791030,0
791031,0
791032,0
791033,0
791034,33
791035,0
791036,28
791037,0
791038,0
791039,0
791040,0
791041,0
791042,0
791043,0
791044,0
791045,33
791046,0
791047,0
791048,0
791049,0
791050,0
791051,20
791052,0
791053,0
791054,0
791055,0
791056,0
791057,0
791058,0
791059,15
791060,0
791061,0
791062,0
791063,0
791064,0
791065,0
791066,32
791067,0
791068,0
791069,0
791070,0
791071,0
791072,0
791073,0
791074,4
791075,0
791076,10
791077,0
791078,0
791079,0
791080,0
791081,0
791082,0
791083,0
791084,0
791085,0
791086,5
791087,0
791088,0
791089,0
791090,0
791091,0
791092,6
791093,0
791094,0
791095,0
791096,0
791097,0
791098,0
791099,0
791100,0
791101,0
791102,0
791103,3
791104,0
791105,0
791106,0
791107,0
791108,0
791109,0
791110,0
791111,0
791112,0
791113,0
791114,0
791115,0
791116,0
791117,0
791118,0
791119,0
791120,0
791121,0
791122,0
791123,0
791124,0
791125,0
791126,0
791127,0
791128,0
791129,0
791130,0
791131,0
791132,0
791133,0
791134,0
791135,0
791136,0
791137,0
791138,0
791139,0
791140,0
791141,0
791142,0
791143,0
791144,0
791145,0
791146,0
791147,0
791148,0
791149,0
791150,0
791151,0
791152,0
791153,0
791154,0
791155,0
791156,0
791157,0
791158,0
791159,0
791160,0
791161,0
791162,0
791163,0
791164,0
791165,0
791166,0
791167,7
791168,0
791169,0
791170,0
791171,0
791172,0
791173,0
791174,9
791175,0
791176,0
791177,0
791178,4
791179,0
791180,0
791181,0
791182,6
791183,0
791184,0
791185,0
791186,0
791187,0
791188,0
791189,0
791190,0
791191,0
791192,0
791193,2
791194,0
791195,0
791196,0
791197,0
791198,0
791199,0
791200,4
791201,0
791202,0
791203,0
791204,0
791205,0
791206,0
791207,0
791208,0
791209,0
791210,0
791211,0
791212,0
791213,0
791214,0
791215,0
791216,0
791217,0
791218,0
791219,0
791220,0
791221,0
791222,0
791223,0
791224,0
791225,0
791226,0
791227,0
791228,0
791229,0
791230,0
791231,0
791232,0
791233,0
791234,0
791235,0
791236,0
791237,0
791238,0
791239,0
791240,0
791241,6
791242,0
791243,4
791244,0
791245,0
791246,11
791247,0
791248,0
791249,0
791250,0
791251,6
791252,0
791253,0
791254,0
791255,0
791256,0
791257,0
791258,0
791259,0
791260,0
791261,0
791262,0
791263,0
791264,0
791265,6
791266,0
791267,0
791268,0
791269,0
791270,0
791271,0
791272,0
791273,0
791274,0
791275,0
791276,0
791277,0
791278,0
791279,0
791280,0
791281,10
791282,0
791283,0
791284,0
791285,0
791286,0
791287,0
791288,0
791289,0
791290,0
791291,0
791292,0
791293,0
791294,5
791295,0
791296,0
791297,7
791298,0
791299,0
791300,0
791301,0
791302,0
791303,0
791304,0
791305,0
791306,4
791307,0
791308,0
791309,0
791310,9
791311,0
791312,0
791313,0
791314,0
791315,0
791316,2
791317,5
791318,0
791319,0
791320,5
791321,8
791322,0
791323,0
791324,0
791325,0
791326,0
791327,0
791328,0
791329,0
791330,0
791331,7
791332,0
791333,0
791334,0
791335,0
791336,3
791337,0
791338,0
791339,0
791340,0
791341,0
791342,0
791343,0
791344,0
791345,0
791346,5
791347,0
791348,0
791349,0
791350,0
791351,0
791352,8
791353,0
791354,0
791355,0
791356,0
791357,0
791358,0
791359,4
791360,0
791361,0
791362,0
791363,0
791364,6
791365,0
791366,3
791367,0
791368,0
791369,0
791370,0
791371,8
791372,0
791373,0
791374,0
791375,0
791376,0
791377,0
791378,8
791379,0
791380,2
791381,0
791382,0
791383,0
791384,0
791385,0
791386,3
791387,0
791388,0
791389,0
791390,0
791391,0
791392,0
791393,0
791394,0
791395,0
791396,0
791397,0
791398,0
791399,0
791400,0
791401,0
791402,1
791403,0
791404,0
791405,0
791406,0
791407,0
791408,0
791409,0
791410,0
791411,0
791412,0
791413,5
791414,5
791415,0
791416,0
791417,0
791418,0
791419,4
791420,0
791421,0
791422,0
791423,0
791424,0
791425,0
791426,0
791427,0
791428,0
791429,0
791430,0
791431,0
791432,0
791433,0
791434,0
791435,0
791436,0
791437,0
791438,0
791439,0
791440,0
791441,9
791442,0
791443,0
791444,0
791445,0
791446,0
791447,0
791448,0
791449,0
791450,0
791451,0
791452,3
791453,0
791454,0
791455,0
791456,0
791457,0
791458,0
791459,0
791460,0
791461,0
791462,0
791463,0
791464,0
791465,0
791466,0
791467,0
791468,0
791469,0
791470,0
791471,0
791472,0
791473,0
791474,0
791475,0
791476,3
791477,0
791478,0
791479,0
791480,0
791481,0
791482,0
791483,0
791484,0
791485,7
791486,0
791487,0
791488,0
791489,0
791490,0
791491,0
791492,0
791493,0
791494,0
791495,0
791496,0
791497,0
791498,0
791499,0
791500,0
791501,0
791502,0
791503,0
791504,0
791505,5
791506,0
791507,0
791508,0
791509,0
791510,0
791511,0
791512,0
791513,2
791514,0
791515,0
791516,4
791517,0
791518,0
791519,0
791520,0
791521,0
791522,0
791523,0
791524,0
791525,0
791526,0
791527,0
791528,0
791529,0
791530,0
791531,0
791532,0
791533,0
791534,0
791535,0
791536,0
791537,0
791538,4
791539,0
791540,3
791541,6
791542,0
791543,0
791544,0
791545,0
791546,0
791547,0
791548,0
791549,0
791550,0
791551,0
791552,0
791553,0
791554,0
791555,4
791556,0
791557,0
791558,0
791559,7
791560,0
791561,0
791562,0
791563,0
791564,0
791565,0
791566,0
791567,0
791568,0
791569,0
791570,0
791571,0
791572,0
791573,0
791574,0
791575,0
791576,0
791577,0
791578,0
791579,0
791580,17
791581,0
791582,14
791583,0
791584,0
791585,0
791586,0
791587,0
791588,0
791589,0
791590,0
791591,8
791592,0
791593,0
791594,0
791595,0
791596,12
791597,6
791598,0
791599,0
791600,0
791601,0
791602,0
791603,0
791604,0
791605,0
791606,0
791607,0
791608,0
791609,0
791610,0
791611,11
791612,0
791613,0
791614,0
791615,0
791616,0
791617,0
791618,0
791619,0
791620,0
791621,0
791622,0
791623,0
791624,0
791625,13
791626,11
791627,0
791628,0
791629,0
791630,0
791631,0
791632,0
791633,0
791634,0
791635,0
791636,0
791637,0
791638,0
791639,0
791640,0
791641,0
791642,0
791643,0
791644,0
791645,0
791646,0
791647,0
791648,0
791649,10
791650,0
791651,12
791652,0
791653,0
791654,0
791655,0
791656,0
791657,0
791658,0
791659,0
791660,12
791661,0
791662,0
791663,0
791664,0
791665,0
791666,0
791667,0
791668,0
791669,0
791670,0
791671,0
791672,0
791673,0
791674,0
791675,0
791676,0
791677,0
791678,0
791679,0
791680,0
791681,0
791682,0
791683,0
791684,0
791685,0
791686,0
791687,0
791688,0
791689,0
791690,0
791691,0
791692,0
791693,0
791694,10
791695,0
791696,0
791697,0
791698,0
791699,0
791700,0
791701,0
791702,0
791703,0
791704,0
791705,0
791706,0
791707,0
791708,0
791709,0
791710,0
791711,0
791712,0
791713,0
791714,0
791715,0
791716,0
791717,0
791718,0
791719,0
791720,0
791721,0
791722,0
791723,0
791724,0
791725,0
791726,0
791727,0
791728,0
791729,0
791730,0
791731,11
791732,0
791733,0
791734,0
791735,0
791736,0
791737,0
791738,0
791739,0
791740,0
791741,0
791742,0
791743,0
791744,0
791745,0
791746,0
791747,0
791748,0
791749,0
791750,0
791751,0
791752,0
791753,9
791754,0
791755,0
791756,0
791757,13
791758,0
791759,0
791760,0
791761,8
791762,0
791763,0
791764,0
791765,0
791766,0
791767,0
791768,0
791769,0
791770,0
791771,0
791772,0
791773,0
791774,0
791775,0
791776,0
791777,0
791778,0
791779,0
791780,0
791781,0
791782,0
791783,0
791784,0
791785,0
791786,0
791787,11
791788,0
791789,0
791790,0
791791,0
791792,0
791793,0
791794,0
791795,0
791796,0
791797,0
791798,0
791799,0
791800,0
791801,0
791802,0
791803,0
791804,13
791805,10
791806,0
791807,0
791808,0
791809,0
791810,0
791811,0
791812,0
791813,0
791814,0
791815,0
791816,0
791817,0
791818,8
791819,0
791820,0
791821,0
791822,13
791823,0
791824,0
791825,0
791826,0
791827,0
791828,0
791829,0
791830,0
791831,0
791832,0
791833,0
791834,0
791835,0
791836,0
791837,0
791838,0
791839,0
791840,0
791841,0
791842,0
791843,0
791844,0
791845,0
791846,0
791847,0
791848,0
791849,0
791850,0
791851,0
791852,0
791853,0
791854,0
791855,0
791856,0
791857,0
791858,0
791859,12
791860,0
791861,15
791862,0
791863,0
791864,0
791865,7
791866,0
791867,0
791868,0
791869,0
791870,0
791871,0
791872,0
791873,20
791874,0
791875,0
791876,0
791877,0
791878,0
791879,36
791880,0
791881,27
791882,0
791883,22
791884,36
791885,0
791886,0
791887,0
791888,0
791889,0
791890,28
791891,0
791892,0
791893,0
791894,0
791895,27
791896,30
791897,0
791898,0
791899,0
791900,0
791901,0
791902,0
791903,0
791904,0
791905,0
791906,0
791907,0
791908,0
791909,22
791910,20
791911,0
791912,0
791913,25
791914,0
791915,0
791916,0
791917,45
791918,22
791919,0
791920,0
791921,0
791922,26
791923,30
791924,29
791925,0
791926,0
791927,0
791928,0
791929,0
791930,0
791931,0
791932,30
791933,0
791934,0
791935,27
791936,0
791937,0
791938,0
791939,22
791940,0
791941,0
791942,0
791943,0
791944,0
791945,0
791946,0
791947,0
791948,0
791949,0
791950,23
791951,28
791952,0
791953,0
791954,0
791955,0
791956,29
791957,0
791958,0
791959,0
791960,0
791961,31
791962,0
791963,0
791964,23
791965,0
791966,0
791967,0
791968,0
791969,25
791970,0
791971,0
791972,35
791973,0
791974,31
791975,10
791976,0
791977,0
791978,0
791979,36
791980,0
791981,26
791982,0
791983,0
791984,0
791985,0
791986,0
791987,0
791988,26
791989,30
791990,0
791991,0
791992,0
791993,0
791994,0
791995,0
791996,0
791997,0
791998,0
791999,0
792000,0
792001,0
792002,0
792003,0
792004,0
792005,0
792006,0
792007,0
792008,0
792009,0
792010,0
792011,0
792012,0
792013,0
792014,0
792015,0
792016,0
792017,0
792018,0
792019,0
792020,0
792021,0
792022,0
792023,0
792024,0
792025,0
792026,0
792027,0
792028,0
792029,0
792030,0
792031,0
792032,0
792033,0
792034,0
792035,0
792036,0
792037,0
792038,0
792039,0
792040,0
792041,0
792042,0
792043,0
792044,0
792045,0
792046,0
792047,0
792048,0
792049,0
792050,0
792051,0
792052,0
792053,0
792054,0
792055,0
792056,0
792057,0
792058,0
792059,0
792060,0
792061,0
792062,0
792063,0
792064,0
792065,0
792066,0
792067,0
792068,0
792069,0
792070,0
792071,0
792072,1
792073,0
792074,0
792075,0
792076,0
792077,0
792078,0
792079,0
792080,0
792081,0
792082,0
792083,0
792084,0
792085,0
792086,0
792087,0
792088,0
792089,0
792090,0
792091,0
792092,0
792093,0
792094,0
792095,0
792096,0
792097,0
792098,0
792099,0
792100,0
792101,0
792102,0
792103,0
792104,0
792105,0
792106,0
792107,0
792108,0
792109,0
792110,0
792111,0
792112,0
792113,0
792114,0
792115,0
792116,0
792117,0
792118,0
792119,0
792120,0
792121,0
792122,0
792123,0
792124,0
792125,0
792126,0
792127,0
792128,0
792129,0
792130,0
792131,0
792132,0
792133,0
792134,0
792135,0
792136,0
792137,0
792138,0
792139,0
792140,0
792141,0
792142,0
792143,0
792144,0
792145,0
792146,0
792147,0
792148,0
792149,0
792150,0
792151,0
792152,0
792153,0
792154,0
792155,0
792156,0
792157,0
792158,0
792159,0
792160,0
792161,0
792162,0
792163,0
792164,0
792165,0
792166,0
792167,0
792168,0
792169,0
792170,0
792171,0
792172,0
792173,0
792174,0
792175,0
792176,0
792177,0
792178,0
792179,0
792180,0
792181,0
792182,0
792183,0
792184,0
792185,0
792186,0
792187,0
792188,0
792189,0
792190,0
792191,0
792192,0
792193,0
792194,0
792195,0
792196,0
792197,0
792198,0
792199,0
792200,0
792201,0
792202,0
792203,0
792204,0
792205,0
792206,0
792207,0
792208,0
792209,0
792210,0
792211,0
792212,0
792213,0
792214,0
792215,0
792216,0
792217,0
792218,0
792219,0
792220,0
792221,0
792222,0
792223,0
792224,0
792225,0
792226,0
792227,0
792228,0
792229,0
792230,0
792231,0
792232,0
792233,0
792234,0
792235,0
792236,0
792237,0
792238,0
792239,0
792240,0
792241,0
792242,0
792243,0
792244,0
792245,0
792246,0
792247,0
792248,0
792249,0
792250,0
792251,0
792252,0
792253,0
792254,0
792255,0
792256,0
792257,0
792258,0
792259,0
792260,0
792261,0
792262,0
792263,0
792264,0
792265,0
792266,0
792267,0
792268,0
792269,0
792270,0
792271,0
792272,0
792273,0
792274,0
792275,0
792276,0
792277,0
792278,0
792279,0
792280,0
792281,0
792282,0
792283,0
792284,0
792285,0
792286,0
792287,0
792288,0
792289,0
792290,0
792291,0
792292,0
792293,0
792294,0
792295,0
792296,0
792297,0
792298,0
792299,0
792300,0
792301,0
792302,0
792303,0
792304,0
792305,0
792306,0
792307,0
792308,0
792309,0
792310,0
792311,0
792312,0
792313,0
792314,0
792315,0
792316,0
792317,0
792318,0
792319,0
792320,0
792321,0
792322,0
792323,0
792324,0
792325,0
792326,0
792327,0
792328,0
792329,0
792330,0
792331,0
792332,0
792333,0
792334,0
792335,0
792336,0
792337,0
792338,0
792339,0
792340,0
792341,0
792342,0
792343,0
792344,0
792345,0
792346,0
792347,0
792348,0
792349,0
792350,0
792351,0
792352,0
792353,0
792354,0
792355,0
792356,0
792357,0
792358,0
792359,0
792360,0
792361,0
792362,0
792363,0
792364,0
792365,0
792366,0
792367,0
792368,0
792369,0
792370,0
792371,0
792372,0
792373,0
792374,0
792375,0
792376,0
792377,0
792378,0
792379,0
792380,0
792381,0
792382,0
792383,0
792384,0
792385,0
792386,0
792387,0
792388,0
792389,0
792390,0
792391,0
792392,0
792393,0
792394,0
792395,0
792396,0
792397,0
792398,0
792399,0
792400,0
792401,0
792402,0
792403,0
792404,0
792405,0
792406,0
792407,0
792408,0
792409,0
792410,0
792411,0
792412,0
792413,0
792414,0
792415,0
792416,0
792417,0
792418,0
792419,0
792420,0
792421,0
792422,0
792423,0
792424,0
792425,0
792426,0
792427,0
792428,0
792429,0
792430,0
792431,0
792432,0
792433,0
792434,0
792435,0
792436,0
792437,0
792438,0
792439,0
792440,0
792441,0
792442,0
792443,0
792444,0
792445,0
792446,0
792447,0
792448,0
792449,0
792450,0
792451,0
792452,0
792453,0
792454,0
792455,0
792456,0
792457,0
792458,0
792459,0
792460,0
792461,0
792462,0
792463,0
792464,0
792465,0
792466,0
792467,0
792468,0
792469,0
792470,0
792471,0
792472,0
792473,0
792474,0
792475,0
792476,0
792477,0
792478,0
792479,0
792480,0
792481,0
792482,0
792483,0
792484,0
792485,0
792486,0
792487,0
792488,0
792489,0
792490,0
792491,0
792492,0
792493,0
792494,0
792495,0
792496,0
792497,0
792498,0
792499,0
792500,0
792501,0
792502,0
792503,0
792504,0
792505,0
792506,0
792507,0
792508,0
792509,0
792510,0
792511,0
792512,0
792513,0
792514,0
792515,0
792516,0
792517,0
792518,0
792519,0
792520,0
792521,0
792522,0
792523,0
792524,0
792525,0
792526,0
792527,0
792528,0
792529,0
792530,0
792531,0
792532,0
792533,0
792534,0
792535,0
792536,0
792537,0
792538,0
792539,0
792540,0
792541,0
792542,0
792543,0
792544,0
792545,0
792546,0
792547,0
792548,0
792549,0
792550,0
792551,0
792552,0
792553,0
792554,0
792555,0
792556,0
792557,0
792558,0
792559,0
792560,0
792561,0
792562,0
792563,0
792564,0
792565,0
792566,0
792567,0
792568,0
792569,0
792570,0
792571,0
792572,0
792573,0
792574,0
792575,0
792576,0
792577,0
792578,0
792579,0
792580,0
792581,0
792582,0
792583,0
792584,0
792585,0
792586,0
792587,0
792588,0
792589,0
792590,0
792591,0
792592,0
792593,0
792594,0
792595,0
792596,0
792597,0
792598,0
792599,0
792600,0
792601,0
792602,0
792603,0
792604,0
792605,0
792606,0
792607,0
792608,0
792609,0
792610,0
792611,0
792612,0
792613,0
792614,0
792615,0
792616,0
792617,0
792618,0
792619,15
792620,0
792621,0
792622,20
792623,8
792624,0
792625,0
792626,0
792627,0
792628,0
792629,0
792630,0
792631,0
792632,30
792633,18
792634,23
792635,0
792636,0
792637,37
792638,0
792639,0
792640,0
792641,0
792642,17
792643,15
792644,0
792645,0
792646,0
792647,15
792648,32
792649,0
792650,0
792651,29
792652,0
792653,15
792654,0
792655,27
792656,0
792657,0
792658,0
792659,0
792660,28
792661,0
792662,25
792663,34
792664,0
792665,0
792666,18
792667,0
792668,0
792669,0
792670,28
792671,0
792672,0
792673,17
792674,10
792675,0
792676,21
792677,19
792678,0
792679,0
792680,0
792681,0
792682,0
792683,27
792684,0
792685,0
792686,0
792687,21
792688,0
792689,0
792690,0
792691,0
792692,0
792693,0
792694,0
792695,0
792696,29
792697,0
792698,23
792699,0
792700,0
792701,0
792702,20
792703,21
792704,0
792705,24
792706,31
792707,0
792708,27
792709,19
792710,0
792711,27
792712,28
792713,28
792714,0
792715,24
792716,14
792717,0
792718,0
792719,0
792720,0
792721,0
792722,0
792723,0
792724,0
792725,36
792726,0
792727,12
792728,0
792729,0
792730,14
792731,0
792732,0
792733,0
792734,0
792735,0
792736,0
792737,0
792738,0
792739,30
792740,0
792741,0
792742,0
792743,0
792744,0
792745,0
792746,0
792747,0
792748,22
792749,0
792750,0
792751,0
792752,0
792753,5
792754,3
792755,8
792756,0
792757,1
792758,0
792759,0
792760,0
792761,0
792762,0
792763,4
792764,0
792765,0
792766,4
792767,0
792768,3
792769,4
792770,8
792771,0
792772,0
792773,0
792774,0
792775,0
792776,0
792777,0
792778,6
792779,0
792780,0
792781,9
792782,0
792783,0
792784,0
792785,2
792786,0
792787,0
792788,0
792789,0
792790,5
792791,0
792792,0
792793,0
792794,0
792795,2
792796,0
792797,0
792798,0
792799,0
792800,0
792801,3
792802,0
792803,0
792804,0
792805,0
792806,3
792807,6
792808,8
792809,0
792810,0
792811,6
792812,0
792813,0
792814,0
792815,7
792816,0
792817,0
792818,0
792819,0
792820,0
792821,0
792822,0
792823,0
792824,0
792825,0
792826,0
792827,0
792828,0
792829,0
792830,0
792831,0
792832,5
792833,0
792834,0
792835,0
792836,4
792837,0
792838,10
792839,0
792840,0
792841,0
792842,0
792843,0
792844,0
792845,2
792846,0
792847,0
792848,0
792849,0
792850,0
792851,0
792852,3
792853,0
792854,7
792855,0
792856,0
792857,0
792858,0
792859,0
792860,0
792861,0
792862,0
792863,0
792864,7
792865,0
792866,8
792867,0
792868,0
792869,0
792870,0
792871,0
792872,0
792873,0
792874,0
792875,0
792876,0
792877,0
792878,0
792879,0
792880,0
792881,0
792882,0
792883,0
792884,0
792885,0
792886,0
792887,0
792888,0
792889,0
792890,0
792891,3
792892,3
792893,0
792894,0
792895,7
792896,0
792897,0
792898,0
792899,0
792900,0
792901,0
792902,0
792903,0
792904,0
792905,0
792906,0
792907,4
792908,4
792909,0
792910,0
792911,0
792912,7
792913,0
792914,0
792915,0
792916,0
792917,0
792918,1
792919,0
792920,5
792921,0
792922,0
792923,2
792924,0
792925,0
792926,0
792927,0
792928,8
792929,0
792930,0
792931,0
792932,0
792933,0
792934,0
792935,0
792936,0
792937,0
792938,0
792939,0
792940,0
792941,0
792942,0
792943,0
792944,0
792945,0
792946,0
792947,5
792948,0
792949,0
792950,0
792951,0
792952,0
792953,0
792954,0
792955,0
792956,0
792957,0
792958,0
792959,0
792960,0
792961,0
792962,0
792963,0
792964,0
792965,0
792966,0
792967,2
792968,0
792969,0
792970,3
792971,0
792972,0
792973,0
792974,0
792975,0
792976,0
792977,0
792978,0
792979,0
792980,0
792981,0
792982,0
792983,0
792984,0
792985,0
792986,0
792987,0
792988,0
792989,0
792990,0
792991,0
792992,0
792993,0
792994,0
792995,0
792996,0
792997,0
792998,0
792999,0
793000,2
793001,0
793002,0
793003,0
793004,0
793005,0
793006,2
793007,0
793008,0
793009,0
793010,4
793011,3
793012,3
793013,0
793014,0
793015,2
793016,5
793017,0
793018,0
793019,4
793020,0
793021,5
793022,0
793023,0
793024,0
793025,7
793026,0
793027,0
793028,0
793029,2
793030,2
793031,0
793032,0
793033,0
793034,0
793035,0
793036,0
793037,0
793038,0
793039,0
793040,2
793041,0
793042,0
793043,0
793044,0
793045,6
793046,0
793047,0
793048,0
793049,0
793050,0
793051,0
793052,0
793053,2
793054,0
793055,0
793056,0
793057,0
793058,0
793059,0
793060,0
793061,0
793062,0
793063,0
793064,0
793065,0
793066,0
793067,4
793068,0
793069,0
793070,0
793071,0
793072,0
793073,0
793074,0
793075,0
793076,0
793077,8
793078,6
793079,8
793080,0
793081,0
793082,0
793083,0
793084,0
793085,0
793086,0
793087,6
793088,0
793089,0
793090,0
793091,0
793092,1
793093,0
793094,0
793095,0
793096,0
793097,0
793098,2
793099,0
793100,0
793101,0
793102,0
793103,9
793104,0
793105,0
793106,0
793107,0
793108,0
793109,0
793110,0
793111,0
793112,0
793113,0
793114,0
793115,0
793116,0
793117,0
793118,0
793119,0
793120,0
793121,0
793122,0
793123,0
793124,4
793125,0
793126,0
793127,0
793128,8
793129,0
793130,0
793131,0
793132,0
793133,0
793134,0
793135,0
793136,0
793137,0
793138,0
793139,3
793140,0
793141,4
793142,0
793143,5
793144,7
793145,0
793146,0
793147,0
793148,0
793149,0
793150,0
793151,6
793152,0
793153,0
793154,0
793155,0
793156,1
793157,0
793158,0
793159,0
793160,5
793161,0
793162,0
793163,0
793164,0
793165,0
793166,0
793167,0
793168,0
793169,0
793170,0
793171,0
793172,0
793173,0
793174,0
793175,0
793176,0
793177,0
793178,0
793179,0
793180,0
793181,4
793182,0
793183,4
793184,0
793185,0
793186,0
793187,3
793188,0
793189,0
793190,0
793191,0
793192,0
793193,10
793194,0
793195,0
793196,0
793197,0
793198,6
793199,0
793200,0
793201,0
793202,0
793203,0
793204,0
793205,0
793206,9
793207,0
793208,0
793209,0
793210,0
793211,0
793212,0
793213,0
793214,6
793215,0
793216,0
793217,0
793218,0
793219,0
793220,0
793221,6
793222,0
793223,0
793224,0
793225,0
793226,0
793227,0
793228,0
793229,0
793230,0
793231,6
793232,0
793233,0
793234,0
793235,0
793236,0
793237,0
793238,0
793239,4
793240,0
793241,0
793242,0
793243,9
793244,0
793245,4
793246,7
793247,6
793248,0
793249,0
793250,0
793251,0
793252,3
793253,6
793254,0
793255,0
793256,5
793257,0
793258,0
793259,5
793260,0
793261,0
793262,2
793263,0
793264,0
793265,0
793266,0
793267,0
793268,0
793269,0
793270,0
793271,0
793272,0
793273,0
793274,0
793275,0
793276,0
793277,0
793278,0
793279,0
793280,0
793281,0
793282,0
793283,0
793284,0
793285,0
793286,0
793287,0
793288,0
793289,0
793290,6
793291,0
793292,0
793293,0
793294,0
793295,0
793296,3
793297,0
793298,0
793299,0
793300,0
793301,0
793302,0
793303,0
793304,0
793305,0
793306,0
793307,0
793308,0
793309,0
793310,0
793311,0
793312,6
793313,0
793314,4
793315,0
793316,0
793317,0
793318,0
793319,0
793320,0
793321,0
793322,0
793323,0
793324,0
793325,0
793326,0
793327,0
793328,0
793329,0
793330,0
793331,1
793332,0
793333,0
793334,0
793335,0
793336,0
793337,0
793338,0
793339,4
793340,3
793341,0
793342,4
793343,0
793344,0
793345,0
793346,0
793347,0
793348,7
793349,0
793350,0
793351,0
793352,8
793353,0
793354,0
793355,4
793356,0
793357,0
793358,0
793359,0
793360,0
793361,0
793362,0
793363,0
793364,0
793365,0
793366,0
793367,0
793368,0
793369,0
793370,0
793371,0
793372,0
793373,0
793374,0
793375,0
793376,0
793377,0
793378,0
793379,0
793380,0
793381,5
793382,0
793383,0
793384,0
793385,0
793386,0
793387,0
793388,0
793389,0
793390,3
793391,0
793392,0
793393,0
793394,0
793395,0
793396,0
793397,2
793398,0
793399,0
793400,0
793401,0
793402,11
793403,0
793404,0
793405,0
793406,0
793407,0
793408,0
793409,0
793410,0
793411,0
793412,0
793413,0
793414,0
793415,0
793416,0
793417,0
793418,0
793419,0
793420,0
793421,2
793422,5
793423,0
793424,0
793425,0
793426,0
793427,0
793428,0
793429,0
793430,0
793431,0
793432,0
793433,0
793434,0
793435,0
793436,0
793437,0
793438,0
793439,9
793440,0
793441,0
793442,0
793443,0
793444,0
793445,0
793446,0
793447,0
793448,0
793449,0
793450,0
793451,0
793452,0
793453,10
793454,0
793455,0
793456,0
793457,0
793458,0
793459,4
793460,0
793461,5
793462,0
793463,3
793464,5
793465,0
793466,0
793467,0
793468,0
793469,0
793470,5
793471,0
793472,5
793473,3
793474,0
793475,0
793476,0
793477,2
793478,0
793479,0
793480,0
793481,0
793482,4
793483,0
793484,0
793485,0
793486,0
793487,0
793488,0
793489,0
793490,0
793491,2
793492,0
793493,0
793494,0
793495,0
793496,0
793497,0
793498,13
793499,0
793500,0
793501,0
793502,0
793503,0
793504,0
793505,0
793506,0
793507,0
793508,0
793509,0
793510,0
793511,0
793512,0
793513,0
793514,7
793515,0
793516,0
793517,0
793518,0
793519,0
793520,0
793521,0
793522,0
793523,0
793524,0
793525,0
793526,0
793527,0
793528,0
793529,0
793530,0
793531,0
793532,0
793533,0
793534,8
793535,0
793536,0
793537,0
793538,0
793539,0
793540,0
793541,6
793542,0
793543,0
793544,0
793545,0
793546,0
793547,0
793548,0
793549,0
793550,0
793551,0
793552,0
793553,0
793554,0
793555,0
793556,0
793557,0
793558,0
793559,0
793560,0
793561,0
793562,0
793563,0
793564,0
793565,0
793566,0
793567,0
793568,0
793569,0
793570,0
793571,0
793572,0
793573,0
793574,0
793575,0
793576,0
793577,0
793578,0
793579,0
793580,0
793581,0
793582,0
793583,0
793584,0
793585,0
793586,0
793587,0
793588,0
793589,0
793590,0
793591,8
793592,0
793593,0
793594,0
793595,0
793596,0
793597,0
793598,0
793599,0
793600,0
793601,0
793602,0
793603,0
793604,0
793605,0
793606,0
793607,0
793608,0
793609,0
793610,0
793611,0
793612,0
793613,0
793614,0
793615,0
793616,0
793617,0
793618,0
793619,0
793620,0
793621,0
793622,0
793623,0
793624,0
793625,0
793626,0
793627,5
793628,0
793629,0
793630,0
793631,0
793632,0
793633,4
793634,0
793635,0
793636,0
793637,0
793638,0
793639,0
793640,8
793641,0
793642,0
793643,0
793644,0
793645,0
793646,0
793647,0
793648,0
793649,8
793650,0
793651,0
793652,0
793653,0
793654,0
793655,0
793656,0
793657,0
793658,0
793659,0
793660,13
793661,0
793662,0
793663,0
793664,0
793665,0
793666,0
793667,0
793668,0
793669,0
793670,0
793671,0
793672,0
793673,0
793674,0
793675,0
793676,0
793677,0
793678,0
793679,0
793680,0
793681,0
793682,0
793683,0
793684,0
793685,0
793686,0
793687,0
793688,7
793689,0
793690,0
793691,0
793692,0
793693,0
793694,0
793695,0
793696,0
793697,0
793698,0
793699,0
793700,14
793701,0
793702,0
793703,0
793704,0
793705,0
793706,0
793707,0
793708,0
793709,0
793710,0
793711,0
793712,0
793713,0
793714,0
793715,0
793716,8
793717,0
793718,0
793719,0
793720,0
793721,0
793722,0
793723,0
793724,0
793725,0
793726,3
793727,0
793728,0
793729,0
793730,0
793731,0
793732,0
793733,0
793734,0
793735,0
793736,0
793737,0
793738,0
793739,0
793740,0
793741,0
793742,0
793743,0
793744,0
793745,0
793746,0
793747,0
793748,0
793749,0
793750,0
793751,0
793752,0
793753,0
793754,0
793755,0
793756,0
793757,0
793758,0
793759,0
793760,0
793761,0
793762,0
793763,0
793764,0
793765,0
793766,0
793767,0
793768,0
793769,0
793770,0
793771,0
793772,0
793773,0
793774,0
793775,0
793776,0
793777,0
793778,0
793779,0
793780,0
793781,0
793782,0
793783,0
793784,0
793785,0
793786,0
793787,0
793788,0
793789,33
793790,0
793791,0
793792,0
793793,33
793794,0
793795,0
793796,0
793797,0
793798,23
793799,0
793800,0
793801,0
793802,0
793803,0
793804,0
793805,0
793806,0
793807,0
793808,0
793809,0
793810,0
793811,14
793812,0
793813,0
793814,0
793815,0
793816,0
793817,0
793818,0
793819,0
793820,0
793821,0
793822,0
793823,0
793824,0
793825,0
793826,0
793827,0
793828,0
793829,0
793830,0
793831,0
793832,0
793833,0
793834,0
793835,0
793836,0
793837,0
793838,0
793839,31
793840,0
793841,0
793842,0
793843,0
793844,0
793845,0
793846,0
793847,0
793848,0
793849,0
793850,0
793851,0
793852,0
793853,0
793854,0
793855,0
793856,0
793857,0
793858,0
793859,0
793860,0
793861,0
793862,0
793863,0
793864,0
793865,0
793866,0
793867,0
793868,0
793869,0
793870,0
793871,0
793872,0
793873,0
793874,0
793875,0
793876,0
793877,0
793878,22
793879,0
793880,0
793881,0
793882,0
793883,0
793884,0
793885,0
793886,0
793887,0
793888,0
793889,0
793890,0
793891,0
793892,0
793893,16
793894,0
793895,0
793896,24
793897,0
793898,0
793899,0
793900,0
793901,0
793902,0
793903,0
793904,28
793905,0
793906,0
793907,0
793908,0
793909,0
793910,0
793911,0
793912,0
793913,0
793914,0
793915,0
793916,0
793917,0
793918,0
793919,0
793920,34
793921,0
793922,0
793923,0
793924,0
793925,0
793926,0
793927,0
793928,0
793929,0
793930,0
793931,0
793932,0
793933,0
793934,0
793935,0
793936,0
793937,0
793938,0
793939,0
793940,0
793941,0
793942,0
793943,36
793944,0
793945,0
793946,0
793947,0
793948,0
793949,0
793950,0
793951,0
793952,0
793953,0
793954,0
793955,0
793956,34
793957,0
793958,0
793959,0
793960,19
793961,0
793962,30
793963,0
793964,28
793965,22
793966,0
793967,0
793968,0
793969,0
793970,0
793971,0
793972,0
793973,29
793974,0
793975,0
793976,0
793977,0
793978,0
793979,0
793980,0
793981,28
793982,0
793983,0
793984,0
793985,36
793986,0
793987,0
793988,0
793989,0
793990,0
793991,0
793992,34
793993,0
793994,0
793995,0
793996,0
793997,0
793998,0
793999,0
794000,0
794001,0
794002,0
794003,0
794004,43
794005,0
794006,0
794007,0
794008,0
794009,0
794010,0
794011,0
794012,0
794013,0
794014,0
794015,31
794016,0
794017,0
794018,0
794019,0
794020,17
794021,0
794022,0
794023,0
794024,0
794025,0
794026,0
794027,0
794028,0
794029,0
794030,31
794031,0
794032,25
794033,0
794034,0
794035,0
794036,0
794037,0
794038,32
794039,0
794040,0
794041,0
794042,0
794043,0
794044,28
794045,0
794046,0
794047,0
794048,0
794049,0
794050,0
794051,23
794052,0
794053,0
794054,26
794055,27
794056,0
794057,0
794058,0
794059,31
794060,0
794061,0
794062,24
794063,0
794064,0
794065,0
794066,0
794067,0
794068,0
794069,0
794070,0
794071,0
794072,0
794073,0
794074,0
794075,0
794076,0
794077,0
794078,0
794079,0
794080,26
794081,30
794082,0
794083,0
794084,0
794085,23
794086,31
794087,0
794088,39
794089,0
794090,0
794091,0
794092,0
794093,0
794094,0
794095,0
794096,0
794097,0
794098,0
794099,0
794100,42
794101,0
794102,19
794103,0
794104,0
794105,19
794106,0
794107,0
794108,0
794109,0
794110,0
794111,0
794112,0
794113,0
794114,40
794115,23
794116,0
794117,0
794118,0
794119,0
794120,0
794121,0
794122,0
794123,34
794124,0
794125,0
794126,29
794127,0
794128,0
794129,0
794130,0
794131,0
794132,0
794133,0
794134,23
794135,0
794136,0
794137,18
794138,17
794139,0
794140,0
794141,0
794142,0
794143,20
794144,0
794145,0
794146,0
794147,0
794148,0
794149,0
794150,0
794151,0
794152,0
794153,0
794154,0
794155,0
794156,0
794157,0
794158,0
794159,0
794160,0
794161,0
794162,0
794163,0
794164,0
794165,0
794166,0
794167,0
794168,0
794169,0
794170,29
794171,0
794172,0
794173,0
794174,0
794175,0
794176,0
794177,0
794178,0
794179,0
794180,0
794181,0
794182,0
794183,0
794184,0
794185,0
794186,0
794187,0
794188,0
794189,0
794190,0
794191,0
794192,0
794193,0
794194,0
794195,0
794196,0
794197,0
794198,0
794199,0
794200,0
794201,0
794202,0
794203,0
794204,0
794205,0
794206,0
794207,0
794208,0
794209,0
794210,0
794211,0
794212,18
794213,0
794214,0
794215,0
794216,0
794217,0
794218,0
794219,34
794220,0
794221,0
794222,0
794223,0
794224,0
794225,34
794226,0
794227,0
794228,0
794229,0
794230,0
794231,0
794232,0
794233,17
794234,0
794235,0
794236,0
794237,28
794238,0
794239,0
794240,0
794241,0
794242,0
794243,30
794244,0
794245,0
794246,23
794247,0
794248,0
794249,0
794250,0
794251,0
794252,0
794253,0
794254,0
794255,0
794256,0
794257,0
794258,0
794259,27
794260,0
794261,0
794262,0
794263,0
794264,0
794265,0
794266,0
794267,0
794268,0
794269,0
794270,0
794271,0
794272,0
794273,0
794274,0
794275,0
794276,27
794277,0
794278,0
794279,0
794280,29
794281,0
794282,33
794283,0
794284,0
794285,0
794286,0
794287,0
794288,0
794289,0
794290,0
794291,35
794292,26
794293,0
794294,0
794295,0
794296,0
794297,29
794298,0
794299,0
794300,0
794301,31
794302,0
794303,0
794304,28
794305,0
794306,0
794307,0
794308,0
794309,23
794310,0
794311,0
794312,0
794313,18
794314,0
794315,31
794316,0
794317,0
794318,0
794319,0
794320,0
794321,0
794322,0
794323,0
794324,0
794325,0
794326,0
794327,24
794328,0
794329,0
794330,0
794331,0
794332,0
794333,0
794334,19
794335,34
794336,0
794337,0
794338,0
794339,0
794340,0
794341,0
794342,0
794343,23
794344,0
794345,0
794346,0
794347,0
794348,0
794349,0
794350,0
794351,0
794352,0
794353,0
794354,0
794355,0
794356,0
794357,0
794358,0
794359,0
794360,0
794361,0
794362,0
794363,27
794364,0
794365,0
794366,0
794367,0
794368,0
794369,0
794370,28
794371,0
794372,33
794373,0
794374,0
794375,0
794376,0
794377,0
794378,30
794379,0
794380,0
794381,0
794382,0
794383,0
794384,0
794385,0
794386,36
794387,0
794388,34
794389,0
794390,0
794391,0
794392,25
794393,28
794394,0
794395,0
794396,0
794397,0
794398,0
794399,28
794400,0
794401,41
794402,0
794403,0
794404,0
794405,23
794406,0
794407,0
794408,0
794409,0
794410,0
794411,22
794412,0
794413,0
794414,0
794415,0
794416,25
794417,24
794418,0
794419,0
794420,0
794421,16
794422,0
794423,0
794424,0
794425,0
794426,38
794427,0
794428,0
794429,0
794430,0
794431,26
794432,0
794433,0
794434,0
794435,0
794436,0
794437,0
794438,0
794439,0
794440,0
794441,0
794442,26
794443,0
794444,23
794445,0
794446,0
794447,0
794448,0
794449,0
794450,0
794451,0
794452,33
794453,0
794454,0
794455,0
794456,0
794457,0
794458,24
794459,0
794460,0
794461,0
794462,0
794463,0
794464,0
794465,0
794466,28
794467,0
794468,0
794469,0
794470,0
794471,0
794472,0
794473,0
794474,0
794475,24
794476,0
794477,0
794478,0
794479,0
794480,0
794481,0
794482,0
794483,0
794484,0
794485,0
794486,0
794487,0
794488,0
794489,0
794490,0
794491,0
794492,0
794493,0
794494,0
794495,0
794496,0
794497,0
794498,0
794499,0
794500,0
794501,0
794502,20
794503,0
794504,0
794505,0
794506,0
794507,0
794508,0
794509,0
794510,0
794511,28
794512,0
794513,0
794514,0
794515,0
794516,0
794517,0
794518,0
794519,0
794520,0
794521,36
794522,34
794523,0
794524,0
794525,0
794526,0
794527,25
794528,0
794529,0
794530,0
794531,23
794532,0
794533,0
794534,0
794535,0
794536,0
794537,31
794538,0
794539,0
794540,0
794541,0
794542,0
794543,0
794544,0
794545,0
794546,22
794547,0
794548,0
794549,0
794550,0
794551,0
794552,0
794553,0
794554,16
794555,0
794556,0
794557,0
794558,0
794559,0
794560,0
794561,0
794562,0
794563,0
794564,0
794565,0
794566,0
794567,0
794568,0
794569,0
794570,0
794571,0
794572,0
794573,0
794574,0
794575,0
794576,0
794577,0
794578,0
794579,0
794580,0
794581,0
794582,28
794583,27
794584,0
794585,0
794586,0
794587,0
794588,0
794589,0
794590,0
794591,0
794592,0
794593,0
794594,0
794595,20
794596,0
794597,0
794598,0
794599,0
794600,0
794601,0
794602,0
794603,0
794604,0
794605,0
794606,0
794607,0
794608,0
794609,0
794610,0
794611,0
794612,0
794613,0
794614,0
794615,0
794616,0
794617,0
794618,0
794619,0
794620,0
794621,25
794622,0
794623,0
794624,0
794625,0
794626,0
794627,0
794628,30
794629,0
794630,0
794631,0
794632,0
794633,0
794634,0
794635,16
794636,28
794637,0
794638,0
794639,10
794640,0
794641,0
794642,0
794643,0
794644,17
794645,0
794646,0
794647,0
794648,0
794649,0
794650,0
794651,10
794652,0
794653,13
794654,15
794655,19
794656,21
794657,0
794658,0
794659,0
794660,0
794661,0
794662,0
794663,0
794664,17
794665,0
794666,0
794667,0
794668,9
794669,0
794670,0
794671,0
794672,0
794673,7
794674,12
794675,0
794676,0
794677,0
794678,18
794679,0
794680,0
794681,0
794682,11
794683,0
794684,0
794685,16
794686,0
794687,9
794688,0
794689,9
794690,0
794691,0
794692,0
794693,0
794694,8
794695,0
794696,0
794697,0
794698,0
794699,11
794700,0
794701,0
794702,0
794703,0
794704,0
794705,17
794706,0
794707,0
794708,0
794709,9
794710,0
794711,0
794712,0
794713,8
794714,12
794715,0
794716,20
794717,0
794718,0
794719,0
794720,0
794721,6
794722,10
794723,0
794724,0
794725,0
794726,0
794727,0
794728,0
794729,0
794730,17
794731,27
794732,0
794733,0
794734,10
794735,0
794736,0
794737,0
794738,0
794739,0
794740,20
794741,16
794742,20
794743,0
794744,0
794745,0
794746,18
794747,10
794748,18
794749,0
794750,0
794751,0
794752,0
794753,14
794754,0
794755,0
794756,0
794757,0
794758,16
794759,0
794760,0
794761,0
794762,0
794763,0
794764,0
794765,0
794766,0
794767,0
794768,0
794769,0
794770,0
794771,0
794772,0
794773,0
794774,0
794775,0
794776,0
794777,0
794778,19
794779,18
794780,0
794781,0
794782,0
794783,9
794784,0
794785,0
794786,7
794787,0
794788,0
794789,0
794790,12
794791,11
794792,0
794793,0
794794,0
794795,0
794796,0
794797,0
794798,10
794799,0
794800,0
794801,12
794802,15
794803,12
794804,0
794805,0
794806,9
794807,0
794808,0
794809,9
794810,0
794811,0
794812,0
794813,0
794814,6
794815,0
794816,0
794817,14
794818,0
794819,15
794820,0
794821,0
794822,0
794823,0
794824,0
794825,0
794826,0
794827,18
794828,0
794829,16
794830,16
794831,0
794832,0
794833,0
794834,0
794835,0
794836,0
794837,0
794838,0
794839,15
794840,9
794841,0
794842,0
794843,0
794844,0
794845,0
794846,0
794847,9
794848,0
794849,0
794850,6
794851,0
794852,0
794853,0
794854,0
794855,0
794856,0
794857,0
794858,8
794859,7
794860,0
794861,18
794862,0
794863,0
794864,0
794865,21
794866,0
794867,0
794868,0
794869,0
794870,0
794871,0
794872,13
794873,0
794874,0
794875,0
794876,14
794877,14
794878,0
794879,0
794880,0
794881,0
794882,0
794883,0
794884,0
794885,0
794886,12
794887,0
794888,0
794889,0
794890,0
794891,0
794892,0
794893,0
794894,0
794895,8
794896,0
794897,13
794898,0
794899,0
794900,0
794901,0
794902,0
794903,17
794904,13
794905,0
794906,0
794907,0
794908,20
794909,0
794910,10
794911,0
794912,0
794913,9
794914,8
794915,0
794916,0
794917,0
794918,0
794919,6
794920,0
794921,11
794922,0
794923,0
794924,0
794925,15
794926,0
794927,0
794928,10
794929,0
794930,0
794931,11
794932,0
794933,0
794934,0
794935,0
794936,7
794937,0
794938,0
794939,0
794940,0
794941,10
794942,0
794943,14
794944,0
794945,9
794946,0
794947,0
794948,15
794949,0
794950,0
794951,16
794952,0
794953,0
794954,16
794955,0
794956,0
794957,21
794958,10
794959,0
794960,0
794961,14
794962,0
794963,0
794964,0
794965,0
794966,0
794967,0
794968,12
794969,5
794970,0
794971,16
794972,13
794973,18
794974,0
794975,0
794976,0
794977,0
794978,0
794979,0
794980,9
794981,0
794982,0
794983,0
794984,12
794985,0
794986,11
794987,0
794988,0
794989,10
794990,0
794991,0
794992,0
794993,0
794994,0
794995,0
794996,0
794997,0
794998,8
794999,15
795000,0
795001,0
795002,0
795003,0
795004,0
795005,0
795006,0
795007,0
795008,9
795009,0
795010,14
795011,10
795012,0
795013,0
795014,0
795015,0
795016,0
795017,0
795018,0
795019,0
795020,0
795021,0
795022,0
795023,0
795024,0
795025,19
795026,0
795027,17
795028,10
795029,0
795030,0
795031,7
795032,8
795033,0
795034,20
795035,0
795036,0
795037,0
795038,17
795039,0
795040,0
795041,0
795042,10
795043,0
795044,0
795045,0
795046,0
795047,0
795048,9
795049,0
795050,0
795051,0
795052,0
795053,0
795054,12
795055,0
795056,16
795057,0
795058,0
795059,0
795060,11
795061,0
795062,0
795063,0
795064,16
795065,0
795066,0
795067,9
795068,0
795069,12
795070,0
795071,0
795072,0
795073,0
795074,0
795075,0
795076,0
795077,0
795078,10
795079,0
795080,0
795081,0
795082,0
795083,14
795084,18
795085,0
795086,0
795087,0
795088,15
795089,10
795090,15
795091,0
795092,0
795093,8
795094,0
795095,0
795096,0
795097,0
795098,0
795099,0
795100,17
795101,0
795102,0
795103,0
795104,17
795105,0
795106,16
795107,0
795108,0
795109,0
795110,0
795111,0
795112,0
795113,0
795114,0
795115,13
795116,0
795117,0
795118,0
795119,0
795120,0
795121,0
795122,0
795123,0
795124,0
795125,0
795126,0
795127,0
795128,0
795129,0
795130,0
795131,9
795132,11
795133,0
795134,0
795135,0
795136,0
795137,0
795138,0
795139,0
795140,19
795141,0
795142,7
795143,0
795144,0
795145,0
795146,0
795147,9
795148,18
795149,0
795150,0
795151,10
795152,6
795153,20
795154,0
795155,0
795156,0
795157,0
795158,0
795159,0
795160,0
795161,0
795162,0
795163,0
795164,12
795165,0
795166,19
795167,0
795168,13
795169,0
795170,0
795171,0
795172,0
795173,0
795174,0
795175,12
795176,0
795177,0
795178,0
795179,0
795180,0
795181,0
795182,0
795183,0
795184,0
795185,12
795186,0
795187,0
795188,0
795189,0
795190,0
795191,5
795192,13
795193,0
795194,5
795195,13
795196,0
795197,8
795198,0
795199,0
795200,0
795201,0
795202,0
795203,14
795204,10
795205,0
795206,0
795207,0
795208,0
795209,0
795210,0
795211,0
795212,0
795213,13
795214,13
795215,0
795216,9
795217,0
795218,0
795219,0
795220,9
795221,0
795222,0
795223,0
795224,0
795225,11
795226,0
795227,12
795228,12
795229,0
795230,0
795231,0
795232,0
795233,8
795234,13
795235,0
795236,12
795237,0
795238,12
795239,0
795240,0
795241,0
795242,0
795243,0
795244,11
795245,0
795246,11
795247,0
795248,0
795249,0
795250,0
795251,0
795252,0
795253,0
795254,12
795255,0
795256,9
795257,0
795258,16
795259,0
795260,0
795261,0
795262,16
795263,0
795264,0
795265,0
795266,0
795267,0
795268,14
795269,0
795270,0
795271,0
795272,0
795273,0
795274,10
795275,0
795276,0
795277,13
795278,20
795279,0
795280,0
795281,0
795282,0
795283,11
795284,0
795285,13
795286,19
795287,0
795288,0
795289,0
795290,0
795291,11
795292,11
795293,0
795294,0
795295,0
795296,13
795297,0
795298,0
795299,0
795300,0
795301,0
795302,16
795303,0
795304,0
795305,0
795306,0
795307,12
795308,0
795309,0
795310,0
795311,0
795312,0
795313,21
795314,0
795315,0
795316,0
795317,0
795318,0
795319,0
795320,0
795321,0
795322,10
795323,7
795324,0
795325,12
795326,0
795327,13
795328,0
795329,0
795330,0
795331,0
795332,0
795333,0
795334,0
795335,13
795336,0
795337,0
795338,0
795339,15
795340,0
795341,0
795342,0
795343,0
795344,15
795345,0
795346,0
795347,0
795348,0
795349,0
795350,0
795351,0
795352,0
795353,0
795354,0
795355,0
795356,0
795357,19
795358,0
795359,0
795360,0
795361,0
795362,0
795363,0
795364,0
795365,0
795366,0
795367,14
795368,0
795369,0
795370,0
795371,9
795372,0
795373,11
795374,0
795375,0
795376,0
795377,0
795378,0
795379,16
795380,0
795381,18
795382,0
795383,0
795384,0
795385,15
795386,0
795387,0
795388,17
795389,0
795390,0
795391,15
795392,0
795393,16
795394,0
795395,0
795396,0
795397,0
795398,16
795399,0
795400,12
795401,0
795402,12
795403,0
795404,0
795405,32
795406,21
795407,0
795408,0
795409,0
795410,8
795411,0
795412,13
795413,0
795414,0
795415,0
795416,0
795417,0
795418,11
795419,0
795420,0
795421,0
795422,13
795423,0
795424,19
795425,12
795426,0
795427,0
795428,17
795429,0
795430,0
795431,0
795432,0
795433,0
795434,0
795435,0
795436,0
795437,0
795438,0
795439,0
795440,0
795441,12
795442,20
795443,0
795444,0
795445,0
795446,7
795447,11
795448,0
795449,17
795450,0
795451,14
795452,0
795453,0
795454,0
795455,10
795456,0
795457,10
795458,0
795459,0
795460,0
795461,0
795462,0
795463,0
795464,19
795465,0
795466,0
795467,0
795468,17
795469,0
795470,0
795471,18
795472,13
795473,0
795474,20
795475,0
795476,15
795477,0
795478,0
795479,0
795480,0
795481,0
795482,0
795483,0
795484,0
795485,0
795486,6
795487,0
795488,0
795489,0
795490,0
795491,0
795492,0
795493,0
795494,0
795495,0
795496,0
795497,23
795498,0
795499,0
795500,0
795501,0
795502,0
795503,0
795504,0
795505,0
795506,0
795507,0
795508,19
795509,0
795510,0
795511,13
795512,19
795513,18
795514,0
795515,0
795516,0
795517,0
795518,0
795519,0
795520,0
795521,0
795522,10
795523,0
795524,0
795525,10
795526,0
795527,0
795528,0
795529,0
795530,10
795531,0
795532,29
795533,0
795534,8
795535,15
795536,0
795537,0
795538,11
795539,0
795540,0
795541,0
795542,6
795543,0
795544,0
795545,0
795546,16
795547,0
795548,0
795549,20
795550,0
795551,0
795552,0
795553,12
795554,19
795555,0
795556,0
795557,13
795558,21
795559,0
795560,0
795561,16
795562,0
795563,0
795564,0
795565,0
795566,0
795567,6
795568,16
795569,0
795570,0
795571,0
795572,0
795573,0
795574,0
795575,12
795576,0
795577,0
795578,0
795579,14
795580,0
795581,16
795582,0
795583,0
795584,0
795585,21
795586,0
795587,0
795588,14
795589,0
795590,16
795591,0
795592,17
795593,0
795594,0
795595,14
795596,0
795597,0
795598,0
795599,0
795600,0
795601,0
795602,0
795603,22
795604,0
795605,0
795606,0
795607,0
795608,0
795609,0
795610,0
795611,0
795612,19
795613,0
795614,0
795615,0
795616,0
795617,0
795618,0
795619,0
795620,0
795621,0
795622,0
795623,0
795624,29
795625,12
795626,0
795627,0
795628,17
795629,0
795630,0
795631,0
795632,9
795633,0
795634,0
795635,0
795636,0
795637,9
795638,0
795639,0
795640,0
795641,0
795642,0
795643,7
795644,13
795645,0
795646,0
795647,0
795648,0
795649,0
795650,0
795651,0
795652,0
795653,0
795654,0
795655,24
795656,0
795657,0
795658,0
795659,0
795660,0
795661,23
795662,0
795663,0
795664,0
795665,12
795666,0
795667,0
795668,0
795669,0
795670,0
795671,12
795672,0
795673,0
795674,0
795675,14
795676,16
795677,0
795678,0
795679,0
795680,0
795681,0
795682,0
795683,0
795684,0
795685,18
795686,0
795687,0
795688,12
795689,0
795690,0
795691,0
795692,0
795693,0
795694,10
795695,0
795696,0
795697,10
795698,0
795699,0
795700,0
795701,0
795702,0
795703,0
795704,0
795705,0
795706,0
795707,0
795708,0
795709,9
795710,0
795711,0
795712,0
795713,0
795714,0
795715,15
795716,0
795717,0
795718,12
795719,10
795720,9
795721,0
795722,0
795723,7
795724,0
795725,0
795726,0
795727,0
795728,0
795729,0
795730,0
795731,0
795732,0
795733,0
795734,0
795735,0
795736,11
795737,0
795738,0
795739,0
795740,0
795741,0
795742,21
795743,0
795744,0
795745,0
795746,0
795747,0
795748,0
795749,0
795750,17
795751,19
795752,0
795753,0
795754,0
795755,21
795756,0
795757,19
795758,0
795759,24
795760,0
795761,0
795762,24
795763,11
795764,27
795765,0
795766,0
795767,0
795768,9
795769,0
795770,0
795771,0
795772,0
795773,0
795774,12
795775,0
795776,0
795777,12
795778,0
795779,15
795780,0
795781,0
795782,0
795783,0
795784,16
795785,0
795786,0
795787,0
795788,12
795789,0
795790,15
795791,0
795792,0
795793,0
795794,0
795795,0
795796,0
795797,11
795798,0
795799,5
795800,17
795801,12
795802,10
795803,0
795804,28
795805,0
795806,0
795807,12
795808,0
795809,0
795810,13
795811,0
795812,0
795813,0
795814,0
795815,0
795816,0
795817,0
795818,0
795819,0
795820,0
795821,0
795822,13
795823,0
795824,0
795825,0
795826,0
795827,0
795828,7
795829,0
795830,0
795831,0
795832,19
795833,0
795834,0
795835,0
795836,0
795837,0
795838,0
795839,0
795840,17
795841,0
795842,8
795843,0
795844,9
795845,14
795846,10
795847,0
795848,0
795849,0
795850,0
795851,0
795852,0
795853,8
795854,0
795855,0
795856,0
795857,0
795858,15
795859,0
795860,18
795861,0
795862,18
795863,0
795864,19
795865,0
795866,0
795867,0
795868,0
795869,0
795870,13
795871,11
795872,0
795873,0
795874,0
795875,0
795876,17
795877,12
795878,0
795879,0
795880,13
795881,0
795882,0
795883,0
795884,0
795885,12
795886,0
795887,0
795888,14
795889,0
795890,0
795891,0
795892,19
795893,0
795894,0
795895,0
795896,0
795897,0
795898,0
795899,0
795900,0
795901,16
795902,0
795903,9
795904,0
795905,9
795906,0
795907,0
795908,0
795909,0
795910,0
795911,0
795912,0
795913,0
795914,0
795915,0
795916,15
795917,15
795918,0
795919,0
795920,0
795921,0
795922,0
795923,0
795924,0
795925,11
795926,0
795927,0
795928,0
795929,0
795930,0
795931,0
795932,0
795933,0
795934,0
795935,0
795936,11
795937,14
795938,0
795939,3
795940,12
795941,13
795942,0
795943,0
795944,0
795945,11
795946,0
795947,14
795948,0
795949,0
795950,0
795951,0
795952,0
795953,0
795954,0
795955,15
795956,0
795957,0
795958,0
795959,0
795960,0
795961,0
795962,0
795963,0
795964,25
795965,0
795966,0
795967,0
795968,0
795969,0
795970,0
795971,0
795972,0
795973,0
795974,17
795975,0
795976,0
795977,0
795978,0
795979,0
795980,0
795981,22
795982,24
795983,20
795984,0
795985,18
795986,0
795987,0
795988,0
795989,0
795990,0
795991,0
795992,0
795993,0
795994,0
795995,0
795996,0
795997,13
795998,0
795999,0
796000,29
796001,14
796002,0
796003,0
796004,8
796005,0
796006,0
796007,16
796008,17
796009,0
796010,0
796011,0
796012,0
796013,0
796014,0
796015,0
796016,16
796017,0
796018,17
796019,18
796020,15
796021,0
796022,11
796023,0
796024,0
796025,0
796026,16
796027,0
796028,39
796029,0
796030,18
796031,0
796032,31
796033,36
796034,0
796035,0
796036,0
796037,0
796038,38
796039,0
796040,34
796041,0
796042,0
796043,0
796044,0
796045,13
796046,0
796047,0
796048,0
796049,0
796050,0
796051,0
796052,16
796053,0
796054,0
796055,0
796056,0
796057,0
796058,0
796059,30
796060,0
796061,0
796062,0
796063,0
796064,0
796065,0
796066,0
796067,0
796068,0
796069,0
796070,0
796071,0
796072,0
796073,33
796074,0
796075,0
796076,0
796077,0
796078,0
796079,0
796080,0
796081,0
796082,0
796083,0
796084,0
796085,0
796086,13
796087,0
796088,0
796089,0
796090,0
796091,30
796092,0
796093,0
796094,0
796095,0
796096,0
796097,0
796098,0
796099,0
796100,38
796101,0
796102,0
796103,0
796104,0
796105,0
796106,28
796107,0
796108,0
796109,0
796110,0
796111,0
796112,0
796113,0
796114,0
796115,0
796116,0
796117,0
796118,0
796119,0
796120,0
796121,0
796122,31
796123,0
796124,0
796125,0
796126,32
796127,50
796128,0
796129,0
796130,0
796131,0
796132,0
796133,38
796134,0
796135,0
796136,26
796137,0
796138,0
796139,0
796140,0
796141,0
796142,0
796143,16
796144,54
796145,0
796146,0
796147,0
796148,0
796149,0
796150,0
796151,0
796152,0
796153,0
796154,0
796155,0
796156,0
796157,0
796158,0
796159,0
796160,0
796161,0
796162,35
796163,0
796164,0
796165,0
796166,0
796167,0
796168,0
796169,35
796170,19
796171,0
796172,0
796173,0
796174,0
796175,36
796176,0
796177,0
796178,0
796179,0
796180,0
796181,31
796182,35
796183,0
796184,0
796185,0
796186,14
796187,0
796188,0
796189,0
796190,0
796191,74
796192,0
796193,0
796194,0
796195,39
796196,0
796197,0
796198,0
796199,0
796200,0
796201,0
796202,53
796203,0
796204,0
796205,0
796206,36
796207,0
796208,0
796209,0
796210,0
796211,44
796212,17
796213,0
796214,46
796215,0
796216,0
796217,0
796218,0
796219,0
796220,12
796221,0
796222,43
796223,0
796224,0
796225,0
796226,0
796227,0
796228,0
796229,0
796230,0
796231,0
796232,0
796233,0
796234,0
796235,0
796236,16
796237,0
796238,0
796239,28
796240,28
796241,0
796242,49
796243,0
796244,0
796245,0
796246,0
796247,0
796248,0
796249,0
796250,0
796251,0
796252,0
796253,0
796254,0
796255,0
796256,0
796257,0
796258,0
796259,0
796260,0
796261,0
796262,0
796263,0
796264,0
796265,65
796266,0
796267,0
796268,0
796269,0
796270,28
796271,0
796272,0
796273,0
796274,0
796275,32
796276,30
796277,0
796278,0
796279,67
796280,0
796281,46
796282,0
796283,0
796284,0
796285,0
796286,0
796287,48
796288,0
796289,0
796290,0
796291,0
796292,0
796293,0
796294,0
796295,0
796296,0
796297,19
796298,0
796299,0
796300,0
796301,0
796302,0
796303,0
796304,0
796305,0
796306,0
796307,0
796308,0
796309,0
796310,0
796311,0
796312,0
796313,0
796314,0
796315,35
796316,32
796317,0
796318,0
796319,30
796320,0
796321,0
796322,0
796323,0
796324,0
796325,0
796326,0
796327,0
796328,0
796329,0
796330,39
796331,0
796332,0
796333,0
796334,0
796335,0
796336,0
796337,0
796338,37
796339,0
796340,0
796341,37
796342,31
796343,0
796344,0
796345,26
796346,0
796347,0
796348,0
796349,0
796350,0
796351,0
796352,0
796353,0
796354,0
796355,0
796356,0
796357,0
796358,0
796359,0
796360,20
796361,0
796362,0
796363,0
796364,36
796365,0
796366,0
796367,0
796368,0
796369,0
796370,0
796371,0
796372,0
796373,0
796374,0
796375,32
796376,0
796377,0
796378,0
796379,0
796380,0
796381,0
796382,46
796383,32
796384,0
796385,0
796386,0
796387,0
796388,0
796389,0
796390,0
796391,0
796392,0
796393,0
796394,0
796395,0
796396,30
796397,17
796398,0
796399,21
796400,35
796401,0
796402,28
796403,0
796404,14
796405,0
796406,13
796407,0
796408,0
796409,0
796410,0
796411,0
796412,0
796413,28
796414,0
796415,0
796416,0
796417,0
796418,0
796419,0
796420,0
796421,0
796422,0
796423,0
796424,0
796425,0
796426,0
796427,0
796428,0
796429,0
796430,13
796431,0
796432,0
796433,0
796434,29
796435,0
796436,0
796437,0
796438,28
796439,0
796440,0
796441,0
796442,14
796443,0
796444,0
796445,0
796446,0
796447,0
796448,0
796449,0
796450,0
796451,0
796452,0
796453,0
796454,0
796455,0
796456,0
796457,0
796458,0
796459,0
796460,0
796461,50
796462,0
796463,0
796464,0
796465,40
796466,0
796467,0
796468,0
796469,0
796470,0
796471,0
796472,0
796473,0
796474,0
796475,0
796476,0
796477,0
796478,0
796479,0
796480,0
796481,17
796482,0
796483,0
796484,0
796485,0
796486,26
796487,0
796488,0
796489,34
796490,23
796491,0
796492,0
796493,0
796494,0
796495,0
796496,0
796497,0
796498,0
796499,0
796500,0
796501,0
796502,0
796503,40
796504,0
796505,0
796506,0
796507,0
796508,0
796509,0
796510,0
796511,0
796512,0
796513,0
796514,0
796515,0
796516,31
796517,0
796518,46
796519,0
796520,23
796521,0
796522,0
796523,22
796524,0
796525,0
796526,0
796527,0
796528,44
796529,0
796530,0
796531,0
796532,0
796533,25
796534,0
796535,0
796536,0
796537,0
796538,0
796539,0
796540,0
796541,0
796542,0
796543,0
796544,0
796545,0
796546,0
796547,4
796548,44
796549,0
796550,33
796551,0
796552,0
796553,0
796554,0
796555,0
796556,0
796557,0
796558,0
796559,0
796560,0
796561,55
796562,0
796563,0
796564,0
796565,0
796566,0
796567,0
796568,0
796569,0
796570,0
796571,0
796572,0
796573,0
796574,0
796575,0
796576,0
796577,0
796578,0
796579,0
796580,0
796581,0
796582,0
796583,0
796584,0
796585,0
796586,47
796587,32
796588,14
796589,35
796590,0
796591,0
796592,0
796593,0
796594,38
796595,21
796596,0
796597,0
796598,0
796599,0
796600,0
796601,38
796602,0
796603,55
796604,0
796605,0
796606,0
796607,0
796608,0
796609,16
796610,0
796611,5
796612,0
796613,0
796614,0
796615,0
796616,0
796617,0
796618,0
796619,61
796620,0
796621,0
796622,0
796623,0
796624,0
796625,0
796626,0
796627,0
796628,0
796629,0
796630,11
796631,0
796632,0
796633,0
796634,29
796635,19
796636,0
796637,19
796638,0
796639,38
796640,0
796641,0
796642,20
796643,31
796644,0
796645,0
796646,25
796647,0
796648,0
796649,0
796650,0
796651,0
796652,0
796653,25
796654,0
796655,0
796656,0
796657,0
796658,0
796659,0
796660,0
796661,49
796662,0
796663,0
796664,0
796665,0
796666,0
796667,0
796668,0
796669,26
796670,0
796671,0
796672,51
796673,0
796674,0
796675,0
796676,0
796677,0
796678,0
796679,0
796680,50
796681,49
796682,0
796683,0
796684,0
796685,0
796686,0
796687,0
796688,28
796689,0
796690,0
796691,21
796692,0
796693,0
796694,0
796695,0
796696,0
796697,0
796698,0
796699,0
796700,12
796701,0
796702,0
796703,0
796704,0
796705,0
796706,0
796707,0
796708,0
796709,0
796710,0
796711,52
796712,0
796713,0
796714,0
796715,42
796716,0
796717,0
796718,14
796719,0
796720,0
796721,0
796722,0
796723,0
796724,0
796725,0
796726,27
796727,24
796728,0
796729,0
796730,7
796731,20
796732,0
796733,0
796734,0
796735,0
796736,0
796737,38
796738,0
796739,0
796740,0
796741,0
796742,0
796743,0
796744,29
796745,0
796746,0
796747,0
796748,0
796749,23
796750,0
796751,25
796752,0
796753,0
796754,22
796755,0
796756,0
796757,0
796758,15
796759,0
796760,0
796761,0
796762,0
796763,26
796764,0
796765,0
796766,0
796767,34
796768,0
796769,0
796770,0
796771,0
796772,0
796773,0
796774,0
796775,0
796776,0
796777,0
796778,15
796779,0
796780,0
796781,33
796782,0
796783,49
796784,0
796785,0
796786,0
796787,0
796788,0
796789,0
796790,0
796791,0
796792,0
796793,0
796794,0
796795,0
796796,0
796797,19
796798,0
796799,0
796800,0
796801,0
796802,0
796803,0
796804,0
796805,16
796806,0
796807,0
796808,0
796809,19
796810,0
796811,0
796812,0
796813,0
796814,0
796815,0
796816,0
796817,0
796818,0
796819,0
796820,0
796821,0
796822,0
796823,0
796824,57
796825,0
796826,0
796827,0
796828,0
796829,104
796830,0
796831,25
796832,0
796833,0
796834,0
796835,10
796836,0
796837,44
796838,0
796839,0
796840,0
796841,0
796842,0
796843,0
796844,0
796845,0
796846,0
796847,25
796848,74
796849,33
796850,0
796851,0
796852,0
796853,14
796854,0
796855,0
796856,35
796857,0
796858,0
796859,0
796860,19
796861,34
796862,0
796863,0
796864,0
796865,0
796866,0
796867,0
796868,0
796869,0
796870,0
796871,0
796872,0
796873,0
796874,0
796875,0
796876,0
796877,0
796878,0
796879,0
796880,0
796881,0
796882,0
796883,0
796884,0
796885,0
796886,0
796887,0
796888,0
796889,0
796890,0
796891,0
796892,0
796893,0
796894,0
796895,0
796896,0
796897,48
796898,0
796899,0
796900,25
796901,30
796902,49
796903,0
796904,0
796905,0
796906,32
796907,0
796908,0
796909,0
796910,32
796911,0
796912,0
796913,0
796914,0
796915,0
796916,0
796917,0
796918,0
796919,0
796920,0
796921,0
796922,0
796923,9
796924,0
796925,0
796926,17
796927,25
796928,0
796929,0
796930,27
796931,0
796932,20
796933,0
796934,57
796935,0
796936,0
796937,0
796938,0
796939,0
796940,0
796941,0
796942,0
796943,0
796944,0
796945,0
796946,0
796947,32
796948,0
796949,0
796950,0
796951,0
796952,0
796953,0
796954,0
796955,0
796956,0
796957,0
796958,0
796959,11
796960,0
796961,0
796962,0
796963,0
796964,0
796965,0
796966,0
796967,0
796968,0
796969,0
796970,0
796971,40
796972,0
796973,0
796974,0
796975,26
796976,0
796977,0
796978,0
796979,0
796980,0
796981,0
796982,0
796983,13
796984,0
796985,0
796986,0
796987,0
796988,0
796989,10
796990,0
796991,0
796992,0
796993,0
796994,0
796995,0
796996,11
796997,0
796998,0
796999,0
797000,10
797001,0
797002,0
797003,0
797004,0
797005,0
797006,16
797007,0
797008,0
797009,0
797010,0
797011,14
797012,0
797013,0
797014,0
797015,5
797016,16
797017,8
797018,0
797019,0
797020,9
797021,12
797022,0
797023,0
797024,0
797025,7
797026,0
797027,20
797028,11
797029,0
797030,0
797031,12
797032,0
797033,0
797034,14
797035,18
797036,0
797037,0
797038,6
797039,0
797040,0
797041,0
797042,0
797043,8
797044,6
797045,6
797046,0
797047,0
797048,0
797049,13
797050,7
797051,12
797052,10
797053,9
797054,0
797055,0
797056,0
797057,0
797058,0
797059,0
797060,0
797061,14
797062,0
797063,13
797064,12
797065,12
797066,11
797067,0
797068,15
797069,0
797070,0
797071,0
797072,0
797073,0
797074,11
797075,0
797076,23
797077,0
797078,0
797079,6
797080,0
797081,14
797082,0
797083,15
797084,13
797085,0
797086,0
797087,0
797088,0
797089,0
797090,7
797091,0
797092,0
797093,0
797094,0
797095,0
797096,0
797097,10
797098,0
797099,0
797100,6
797101,0
797102,0
797103,0
797104,10
797105,0
797106,0
797107,0
797108,0
797109,0
797110,0
797111,0
797112,0
797113,6
797114,0
797115,0
797116,0
797117,0
797118,0
797119,0
797120,0
797121,0
797122,0
797123,0
797124,0
797125,12
797126,0
797127,0
797128,0
797129,0
797130,19
797131,0
797132,21
797133,17
797134,8
797135,0
797136,0
797137,0
797138,0
797139,0
797140,12
797141,18
797142,0
797143,0
797144,0
797145,0
797146,0
797147,0
797148,17
797149,12
797150,0
797151,0
797152,0
797153,0
797154,0
797155,0
797156,0
797157,0
797158,0
797159,16
797160,0
797161,0
797162,0
797163,8
797164,4
797165,0
797166,0
797167,0
797168,0
797169,21
797170,0
797171,12
797172,18
797173,0
797174,0
797175,18
797176,0
797177,0
797178,0
797179,0
797180,0
797181,0
797182,13
797183,0
797184,0
797185,8
797186,0
797187,0
797188,0
797189,0
797190,0
797191,0
797192,8
797193,0
797194,0
797195,0
797196,0
797197,10
797198,0
797199,12
797200,0
797201,0
797202,0
797203,0
797204,0
797205,12
797206,0
797207,0
797208,0
797209,0
797210,12
797211,13
797212,11
797213,0
797214,0
797215,0
797216,0
797217,0
797218,0
797219,5
797220,0
797221,0
797222,0
797223,0
797224,0
797225,0
797226,21
797227,12
797228,0
797229,0
797230,21
797231,0
797232,0
797233,0
797234,0
797235,0
797236,0
797237,0
797238,0
797239,0
797240,0
797241,0
797242,0
797243,0
797244,0
797245,0
797246,0
797247,0
797248,0
797249,0
797250,0
797251,11
797252,11
797253,0
797254,0
797255,0
797256,0
797257,0
797258,0
797259,0
797260,0
797261,2
797262,0
797263,0
797264,9
797265,15
797266,0
797267,0
797268,0
797269,0
797270,0
797271,0
797272,0
797273,0
797274,0
797275,10
797276,0
797277,18
797278,10
797279,0
797280,15
797281,0
797282,15
797283,0
797284,0
797285,0
797286,0
797287,0
797288,0
797289,0
797290,0
797291,0
797292,0
797293,0
797294,0
797295,6
797296,0
797297,0
797298,0
797299,0
797300,0
797301,0
797302,0
797303,0
797304,7
797305,9
797306,0
797307,0
797308,8
797309,0
797310,0
797311,0
797312,0
797313,0
797314,8
797315,17
797316,0
797317,0
797318,0
797319,15
797320,0
797321,0
797322,0
797323,0
797324,17
797325,0
797326,0
797327,0
797328,9
797329,0
797330,0
797331,0
797332,10
797333,12
797334,6
797335,0
797336,0
797337,0
797338,0
797339,0
797340,0
797341,0
797342,0
797343,0
797344,0
797345,0
797346,14
797347,0
797348,0
797349,0
797350,7
797351,0
797352,0
797353,0
797354,13
797355,14
797356,0
797357,0
797358,0
797359,0
797360,0
797361,0
797362,8
797363,4
797364,0
797365,0
797366,0
797367,14
797368,0
797369,0
797370,0
797371,0
797372,11
797373,0
797374,0
797375,0
797376,0
797377,0
797378,0
797379,0
797380,6
797381,11
797382,0
797383,0
797384,0
797385,4
797386,0
797387,0
797388,14
797389,0
797390,0
797391,0
797392,0
797393,0
797394,7
797395,0
797396,12
797397,18
797398,0
797399,0
797400,0
797401,0
797402,0
797403,15
797404,0
797405,0
797406,0
797407,0
797408,0
797409,10
797410,0
797411,0
797412,4
797413,0
797414,10
797415,0
797416,10
797417,0
797418,0
797419,11
797420,0
797421,0
797422,0
797423,0
797424,8
797425,0
797426,14
797427,18
797428,9
797429,0
797430,14
797431,0
797432,0
797433,0
797434,0
797435,0
797436,0
797437,0
797438,0
797439,18
797440,0
797441,10
797442,0
797443,0
797444,0
797445,0
797446,13
797447,0
797448,0
797449,0
797450,0
797451,0
797452,0
797453,0
797454,0
797455,0
797456,15
797457,0
797458,0
797459,11
797460,0
797461,6
797462,0
797463,15
797464,17
797465,0
797466,15
797467,6
797468,0
797469,15
797470,0
797471,0
797472,0
797473,0
797474,23
797475,0
797476,17
797477,0
797478,0
797479,0
797480,15
797481,0
797482,0
797483,0
797484,0
797485,0
797486,0
797487,0
797488,15
797489,8
797490,0
797491,4
797492,0
797493,0
797494,0
797495,14
797496,0
797497,0
797498,0
797499,15
797500,10
797501,0
797502,0
797503,0
797504,0
797505,0
797506,0
797507,0
797508,0
797509,0
797510,0
797511,0
797512,0
797513,0
797514,0
797515,10
797516,0
797517,0
797518,0
797519,0
797520,0
797521,0
797522,0
797523,0
797524,13
797525,15
797526,0
797527,0
797528,17
797529,0
797530,4
797531,15
797532,0
797533,0
797534,15
797535,0
797536,20
797537,5
797538,5
797539,0
797540,11
797541,0
797542,11
797543,0
797544,0
797545,10
797546,0
797547,0
797548,15
797549,11
797550,13
797551,9
797552,0
797553,14
797554,0
797555,0
797556,0
797557,12
797558,0
797559,5
797560,0
797561,0
797562,9
797563,16
797564,0
797565,0
797566,0
797567,0
797568,12
797569,0
797570,0
797571,21
797572,0
797573,0
797574,0
797575,0
797576,10
797577,11
797578,0
797579,0
797580,17
797581,0
797582,0
797583,0
797584,0
797585,0
797586,0
797587,14
797588,0
797589,0
797590,0
797591,0
797592,0
797593,0
797594,0
797595,0
797596,13
797597,0
797598,0
797599,7
797600,0
797601,0
797602,10
797603,12
797604,0
797605,13
797606,0
797607,0
797608,0
797609,0
797610,0
797611,0
797612,8
797613,0
797614,0
797615,0
797616,0
797617,0
797618,13
797619,0
797620,0
797621,0
797622,0
797623,0
797624,0
797625,0
797626,12
797627,0
797628,0
797629,0
797630,0
797631,0
797632,0
797633,0
797634,14
797635,0
797636,0
797637,0
797638,15
797639,0
797640,18
797641,7
797642,0
797643,0
797644,0
797645,0
797646,0
797647,0
797648,0
797649,0
797650,7
797651,15
797652,0
797653,0
797654,8
797655,0
797656,0
797657,0
797658,0
797659,0
797660,0
797661,0
797662,0
797663,0
797664,0
797665,0
797666,0
797667,12
797668,15
797669,0
797670,0
797671,0
797672,0
797673,10
797674,0
797675,0
797676,0
797677,16
797678,0
797679,16
797680,0
797681,15
797682,0
797683,0
797684,18
797685,0
797686,0
797687,0
797688,0
797689,0
797690,0
797691,0
797692,0
797693,0
797694,0
797695,0
797696,0
797697,0
797698,0
797699,0
797700,0
797701,9
797702,0
797703,0
797704,0
797705,0
797706,0
797707,0
797708,0
797709,0
797710,0
797711,0
797712,0
797713,0
797714,0
797715,0
797716,0
797717,0
797718,15
797719,5
797720,14
797721,24
797722,0
797723,0
797724,11
797725,0
797726,0
797727,9
797728,0
797729,0
797730,0
797731,12
797732,12
797733,0
797734,8
797735,0
797736,0
797737,0
797738,16
797739,0
797740,12
797741,0
797742,16
797743,0
797744,0
797745,0
797746,0
797747,0
797748,10
797749,8
797750,0
797751,0
797752,0
797753,0
797754,0
797755,0
797756,11
797757,0
797758,0
797759,0
797760,0
797761,10
797762,13
797763,0
797764,0
797765,0
797766,0
797767,0
797768,0
797769,0
797770,0
797771,0
797772,0
797773,0
797774,13
797775,0
797776,0
797777,0
797778,0
797779,0
797780,0
797781,0
797782,0
797783,8
797784,10
797785,0
797786,6
797787,0
797788,0
797789,0
797790,0
797791,0
797792,0
797793,0
797794,0
797795,0
797796,0
797797,10
797798,0
797799,0
797800,0
797801,0
797802,0
797803,0
797804,0
797805,0
797806,0
797807,0
797808,14
797809,0
797810,20
797811,10
797812,0
797813,0
797814,0
797815,13
797816,11
797817,0
797818,11
797819,0
797820,0
797821,18
797822,0
797823,0
797824,0
797825,6
797826,0
797827,0
797828,0
797829,0
797830,16
797831,0
797832,0
797833,0
797834,0
797835,11
797836,15
797837,12
797838,0
797839,12
797840,0
797841,0
797842,10
797843,0
797844,0
797845,10
797846,17
797847,16
797848,0
797849,0
797850,0
797851,0
797852,0
797853,7
797854,0
797855,0
797856,0
797857,0
797858,0
797859,9
797860,0
797861,0
797862,12
797863,0
797864,15
797865,5
797866,0
797867,0
797868,0
797869,10
797870,23
797871,0
797872,0
797873,8
797874,0
797875,0
797876,0
797877,0
797878,0
797879,0
797880,11
797881,17
797882,10
797883,0
797884,0
797885,9
797886,0
797887,0
797888,9
797889,0
797890,0
797891,0
797892,0
797893,11
797894,0
797895,12
797896,0
797897,0
797898,0
797899,0
797900,8
797901,0
797902,0
797903,15
797904,19
797905,11
797906,0
797907,13
797908,0
797909,0
797910,0
797911,0
797912,0
797913,0
797914,0
797915,0
797916,0
797917,11
797918,0
797919,0
797920,14
797921,0
797922,0
797923,0
797924,0
797925,11
797926,0
797927,0
797928,0
797929,0
797930,0
797931,30
797932,0
797933,0
797934,0
797935,0
797936,22
797937,27
797938,0
797939,0
797940,31
797941,0
797942,0
797943,0
797944,15
797945,0
797946,0
797947,0
797948,0
797949,0
797950,0
797951,0
797952,0
797953,0
797954,0
797955,27
797956,0
797957,0
797958,0
797959,0
797960,0
797961,0
797962,0
797963,0
797964,0
797965,0
797966,0
797967,29
797968,0
797969,21
797970,0
797971,0
797972,19
797973,0
797974,0
797975,30
797976,0
797977,0
797978,0
797979,0
797980,0
797981,0
797982,0
797983,0
797984,0
797985,0
797986,0
797987,0
797988,0
797989,0
797990,24
797991,0
797992,33
797993,0
797994,0
797995,0
797996,0
797997,0
797998,0
797999,0
798000,0
798001,0
798002,0
798003,0
798004,0
798005,22
798006,32
798007,0
798008,22
798009,0
798010,0
798011,0
798012,0
798013,0
798014,0
798015,0
798016,0
798017,0
798018,16
798019,0
798020,37
798021,0
798022,0
798023,0
798024,36
798025,0
798026,0
798027,20
798028,0
798029,0
798030,0
798031,29
798032,0
798033,0
798034,0
798035,0
798036,0
798037,0
798038,0
798039,0
798040,0
798041,0
798042,0
798043,0
798044,22
798045,0
798046,26
798047,0
798048,0
798049,0
798050,0
798051,0
798052,17
798053,0
798054,19
798055,0
798056,0
798057,0
798058,0
798059,0
798060,0
798061,0
798062,0
798063,0
798064,41
798065,0
798066,30
798067,34
798068,0
798069,32
798070,25
798071,17
798072,32
798073,28
798074,0
798075,29
798076,20
798077,28
798078,0
798079,0
798080,0
798081,0
798082,0
798083,0
798084,0
798085,0
798086,0
798087,0
798088,0
798089,0
798090,0
798091,0
798092,0
798093,0
798094,0
798095,0
798096,25
798097,0
798098,0
798099,0
798100,0
798101,20
798102,0
798103,0
798104,0
798105,17
798106,0
798107,0
798108,0
798109,19
798110,0
798111,0
798112,0
798113,0
798114,0
798115,0
798116,0
798117,0
798118,0
798119,0
798120,0
798121,0
798122,0
798123,0
798124,0
798125,27
798126,0
798127,0
798128,27
798129,0
798130,32
798131,0
798132,20
798133,0
798134,0
798135,21
798136,0
798137,0
798138,0
798139,40
798140,0
798141,36
798142,0
798143,28
798144,23
798145,0
798146,0
798147,0
798148,0
798149,0
798150,0
798151,0
798152,31
798153,0
798154,0
798155,19
798156,15
798157,28
798158,0
798159,0
798160,0
798161,0
798162,0
798163,0
798164,0
798165,0
798166,0
798167,0
798168,0
798169,0
798170,0
798171,26
798172,0
798173,0
798174,0
798175,16
798176,0
798177,0
798178,29
798179,33
798180,0
798181,0
798182,19
798183,0
798184,0
798185,0
798186,0
798187,22
798188,0
798189,0
798190,0
798191,0
798192,21
798193,0
798194,0
798195,0
798196,0
798197,0
798198,0
798199,25
798200,0
798201,0
798202,0
798203,0
798204,0
798205,0
798206,0
798207,0
798208,0
798209,19
798210,0
798211,31
798212,0
798213,0
798214,0
798215,0
798216,0
798217,0
798218,0
798219,0
798220,34
798221,0
798222,0
798223,0
798224,0
798225,21
798226,0
798227,0
798228,0
798229,27
798230,0
798231,0
798232,0
798233,0
798234,0
798235,0
798236,0
798237,0
798238,0
798239,0
798240,0
798241,0
798242,20
798243,0
798244,0
798245,0
798246,0
798247,0
798248,0
798249,0
798250,27
798251,0
798252,0
798253,0
798254,0
798255,0
798256,0
798257,29
798258,0
798259,0
798260,0
798261,0
798262,0
798263,0
798264,0
798265,22
798266,0
798267,26
798268,0
798269,21
798270,23
798271,0
798272,0
798273,0
798274,0
798275,0
798276,16
798277,0
798278,0
798279,0
798280,0
798281,26
798282,0
798283,0
798284,0
798285,0
798286,0
798287,0
798288,0
798289,0
798290,0
798291,0
798292,0
798293,0
798294,0
798295,0
798296,0
798297,0
798298,19
798299,0
798300,0
798301,0
798302,0
798303,0
798304,0
798305,0
798306,0
798307,0
798308,0
798309,0
798310,0
798311,34
798312,0
798313,0
798314,0
798315,26
798316,0
798317,0
798318,0
798319,0
798320,26
798321,0
798322,22
798323,22
798324,0
798325,0
798326,0
798327,0
798328,0
798329,0
798330,0
798331,0
798332,0
798333,0
798334,18
798335,25
798336,0
798337,0
798338,21
798339,24
798340,0
798341,0
798342,0
798343,0
798344,31
798345,0
798346,0
798347,0
798348,15
798349,30
798350,0
798351,0
798352,0
798353,0
798354,0
798355,0
798356,0
798357,0
798358,0
798359,0
798360,0
798361,0
798362,0
798363,31
798364,0
798365,0
798366,0
798367,0
798368,0
798369,0
798370,15
798371,0
798372,0
798373,0
798374,28
798375,0
798376,0
798377,25
798378,0
798379,0
798380,0
798381,0
798382,0
798383,0
798384,0
798385,0
798386,0
798387,0
798388,27
798389,16
798390,0
798391,0
798392,25
798393,0
798394,0
798395,0
798396,0
798397,0
798398,0
798399,0
798400,0
798401,0
798402,0
798403,0
798404,0
798405,0
798406,0
798407,0
798408,0
798409,0
798410,24
798411,20
798412,0
798413,0
798414,0
798415,0
798416,0
798417,0
798418,16
798419,0
798420,0
798421,13
798422,0
798423,0
798424,0
798425,23
798426,0
798427,0
798428,0
798429,0
798430,0
798431,0
798432,0
798433,0
798434,0
798435,0
798436,0
798437,0
798438,12
798439,0
798440,0
798441,0
798442,0
798443,0
798444,0
798445,0
798446,0
798447,0
798448,0
798449,0
798450,0
798451,0
798452,0
798453,0
798454,0
798455,0
798456,0
798457,0
798458,26
798459,16
798460,26
798461,0
798462,0
798463,0
798464,0
798465,26
798466,0
798467,23
798468,0
798469,0
798470,0
798471,0
798472,0
798473,16
798474,0
798475,0
798476,0
798477,0
798478,26
798479,0
798480,0
798481,22
798482,0
798483,0
798484,0
798485,21
798486,0
798487,0
798488,0
798489,0
798490,0
798491,24
798492,26
798493,0
798494,37
798495,0
798496,0
798497,0
798498,32
798499,0
798500,0
798501,22
798502,0
798503,0
798504,0
798505,0
798506,0
798507,14
798508,0
798509,0
798510,0
798511,0
798512,0
798513,0
798514,0
798515,0
798516,0
798517,0
798518,0
798519,36
798520,0
798521,24
798522,25
798523,40
798524,26
798525,0
798526,0
798527,22
798528,0
798529,0
798530,16
798531,0
798532,0
798533,0
798534,0
798535,0
798536,0
798537,0
798538,0
798539,0
798540,0
798541,0
798542,25
798543,27
798544,19
798545,0
798546,0
798547,0
798548,0
798549,0
798550,0
798551,29
798552,0
798553,0
798554,0
798555,0
798556,0
798557,21
798558,0
798559,0
798560,0
798561,14
798562,0
798563,0
798564,0
798565,0
798566,0
798567,0
798568,0
798569,0
798570,0
798571,0
798572,0
798573,0
798574,0
798575,0
798576,31
798577,0
798578,0
798579,0
798580,0
798581,23
798582,0
798583,0
798584,0
798585,0
798586,0
798587,0
798588,0
798589,0
798590,0
798591,0
798592,0
798593,0
798594,0
798595,0
798596,0
798597,0
798598,0
798599,0
798600,0
798601,0
798602,0
798603,0
798604,0
798605,0
798606,0
798607,0
798608,0
798609,0
798610,0
798611,38
798612,0
798613,0
798614,0
798615,0
798616,0
798617,0
798618,0
798619,29
798620,0
798621,0
798622,0
798623,0
798624,0
798625,36
798626,0
798627,0
798628,0
798629,0
798630,0
798631,0
798632,0
798633,0
798634,0
798635,0
798636,0
798637,0
798638,0
798639,29
798640,33
798641,0
798642,0
798643,0
798644,0
798645,0
798646,0
798647,0
798648,0
798649,0
798650,0
798651,40
798652,0
798653,0
798654,0
798655,0
798656,0
798657,0
798658,0
798659,0
798660,0
798661,0
798662,0
798663,0
798664,0
798665,0
798666,0
798667,0
798668,0
798669,0
798670,0
798671,0
798672,0
798673,0
798674,0
798675,0
798676,0
798677,25
798678,0
798679,0
798680,0
798681,0
798682,0
798683,0
798684,0
798685,0
798686,0
798687,0
798688,0
798689,0
798690,0
798691,0
798692,0
798693,0
798694,0
798695,0
798696,0
798697,0
798698,0
798699,0
798700,0
798701,0
798702,25
798703,0
798704,0
798705,0
798706,0
798707,0
798708,0
798709,0
798710,0
798711,0
798712,20
798713,0
798714,0
798715,30
798716,0
798717,25
798718,0
798719,0
798720,0
798721,0
798722,0
798723,0
798724,0
798725,0
798726,0
798727,0
798728,0
798729,0
798730,0
798731,0
798732,0
798733,0
798734,0
798735,0
798736,0
798737,22
798738,0
798739,0
798740,0
798741,0
798742,0
798743,0
798744,0
798745,0
798746,0
798747,0
798748,0
798749,0
798750,0
798751,0
798752,0
798753,24
798754,0
798755,0
798756,0
798757,0
798758,0
798759,0
798760,0
798761,0
798762,0
798763,0
798764,0
798765,0
798766,0
798767,0
798768,0
798769,0
798770,0
798771,0
798772,0
798773,0
798774,0
798775,0
798776,0
798777,0
798778,0
798779,0
798780,0
798781,0
798782,0
798783,0
798784,0
798785,0
798786,0
798787,0
798788,0
798789,24
798790,35
798791,0
798792,0
798793,0
798794,0
798795,0
798796,0
798797,0
798798,0
798799,0
798800,42
798801,0
798802,0
798803,0
798804,0
798805,0
798806,0
798807,0
798808,0
798809,0
798810,0
798811,0
798812,0
798813,0
798814,0
798815,42
798816,25
798817,0
798818,0
798819,0
798820,29
798821,0
798822,0
798823,0
798824,0
798825,0
798826,0
798827,0
798828,0
798829,0
798830,0
798831,0
798832,0
798833,0
798834,0
798835,0
798836,42
798837,0
798838,0
798839,0
798840,42
798841,0
798842,0
798843,0
798844,0
798845,0
798846,0
798847,0
798848,0
798849,0
798850,0
798851,0
798852,0
798853,0
798854,0
798855,0
798856,0
798857,0
798858,0
798859,0
798860,0
798861,0
798862,0
798863,0
798864,0
798865,0
798866,0
798867,0
798868,0
798869,0
798870,0
798871,0
798872,0
798873,0
798874,0
798875,0
798876,0
798877,0
798878,0
798879,0
798880,0
798881,0
798882,0
798883,0
798884,0
798885,0
798886,0
798887,0
798888,0
798889,0
798890,0
798891,0
798892,0
798893,0
798894,0
798895,0
798896,0
798897,0
798898,0
798899,0
798900,0
798901,0
798902,0
798903,0
798904,0
798905,0
798906,0
798907,0
798908,0
798909,0
798910,0
798911,0
798912,0
798913,0
798914,0
798915,0
798916,36
798917,0
798918,0
798919,28
798920,0
798921,0
798922,0
798923,0
798924,0
798925,0
798926,0
798927,0
798928,41
798929,0
798930,0
798931,0
798932,0
798933,0
798934,0
798935,0
798936,0
798937,0
798938,0
798939,0
798940,0
798941,0
798942,0
798943,0
798944,23
798945,0
798946,0
798947,0
798948,0
798949,0
798950,0
798951,0
798952,0
798953,0
798954,0
798955,0
798956,0
798957,0
798958,0
798959,0
798960,0
798961,0
798962,0
798963,0
798964,0
798965,0
798966,0
798967,0
798968,0
798969,0
798970,0
798971,0
798972,0
798973,0
798974,0
798975,0
798976,0
798977,0
798978,0
798979,0
798980,0
798981,0
798982,0
798983,40
798984,0
798985,0
798986,0
798987,30
798988,0
798989,0
798990,0
798991,0
798992,0
798993,0
798994,0
798995,0
798996,0
798997,0
798998,0
798999,0
799000,0
799001,0
799002,0
799003,0
799004,0
799005,0
799006,0
799007,0
799008,0
799009,33
799010,0
799011,0
799012,0
799013,0
799014,0
799015,0
799016,0
799017,0
799018,0
799019,0
799020,0
799021,0
799022,0
799023,0
799024,0
799025,0
799026,0
799027,23
799028,0
799029,35
799030,0
799031,0
799032,0
799033,29
799034,0
799035,0
799036,0
799037,29
799038,0
799039,0
799040,0
799041,0
799042,0
799043,0
799044,0
799045,0
799046,0
799047,0
799048,35
799049,0
799050,0
799051,0
799052,0
799053,0
799054,0
799055,0
799056,0
799057,0
799058,0
799059,0
799060,0
799061,0
799062,35
799063,0
799064,0
799065,0
799066,0
799067,0
799068,0
799069,0
799070,0
799071,0
799072,0
799073,0
799074,0
799075,32
799076,0
799077,0
799078,17
799079,0
799080,0
799081,0
799082,0
799083,0
799084,0
799085,0
799086,21
799087,21
799088,0
799089,0
799090,0
799091,0
799092,0
799093,0
799094,0
799095,0
799096,0
799097,0
799098,21
799099,0
799100,0
799101,0
799102,0
799103,0
799104,0
799105,0
799106,0
799107,0
799108,0
799109,0
799110,0
799111,0
799112,0
799113,0
799114,0
799115,0
799116,0
799117,0
799118,0
799119,0
799120,0
799121,0
799122,0
799123,0
799124,0
799125,0
799126,0
799127,0
799128,0
799129,0
799130,0
799131,0
799132,0
799133,0
799134,0
799135,0
799136,0
799137,0
799138,0
799139,0
799140,0
799141,0
799142,0
799143,0
799144,0
799145,0
799146,0
799147,0
799148,0
799149,0
799150,0
799151,0
799152,0
799153,0
799154,25
799155,0
799156,0
799157,0
799158,0
799159,0
799160,0
799161,0
799162,0
799163,0
799164,0
799165,36
799166,0
799167,0
799168,0
799169,0
799170,0
799171,0
799172,0
799173,0
799174,0
799175,0
799176,0
799177,0
799178,18
799179,0
799180,0
799181,0
799182,0
799183,0
799184,0
799185,0
799186,0
799187,0
799188,27
799189,0
799190,0
799191,0
799192,0
799193,33
799194,0
799195,0
799196,0
799197,0
799198,0
799199,24
799200,0
799201,0
799202,0
799203,0
799204,0
799205,0
799206,0
799207,0
799208,0
799209,31
799210,0
799211,0
799212,0
799213,0
799214,0
799215,0
799216,0
799217,0
799218,0
799219,24
799220,0
799221,0
799222,0
799223,0
799224,0
799225,0
799226,32
799227,0
799228,0
799229,0
799230,0
799231,0
799232,0
799233,0
799234,0
799235,0
799236,0
799237,0
799238,0
799239,0
799240,0
799241,0
799242,0
799243,0
799244,0
799245,0
799246,0
799247,0
799248,0
799249,0
799250,0
799251,0
799252,0
799253,0
799254,0
799255,0
799256,0
799257,0
799258,0
799259,18
799260,0
799261,0
799262,0
799263,0
799264,0
799265,0
799266,49
799267,0
799268,0
799269,0
799270,0
799271,0
799272,0
799273,0
799274,0
799275,0
799276,0
799277,0
799278,0
799279,0
799280,18
799281,0
799282,27
799283,0
799284,0
799285,0
799286,0
799287,0
799288,0
799289,0
799290,0
799291,0
799292,0
799293,0
799294,0
799295,0
799296,0
799297,0
799298,0
799299,0
799300,30
799301,0
799302,0
799303,0
799304,0
799305,0
799306,0
799307,0
799308,0
799309,0
799310,0
799311,0
799312,0
799313,0
799314,0
799315,0
799316,0
799317,0
799318,0
799319,0
799320,0
799321,0
799322,0
799323,0
799324,0
799325,0
799326,0
799327,0
799328,35
799329,0
799330,0
799331,28
799332,0
799333,0
799334,37
799335,0
799336,0
799337,0
799338,0
799339,0
799340,0
799341,0
799342,0
799343,0
799344,0
799345,0
799346,0
799347,0
799348,0
799349,0
799350,0
799351,0
799352,0
799353,0
799354,0
799355,0
799356,0
799357,0
799358,36
799359,0
799360,0
799361,0
799362,0
799363,0
799364,0
799365,0
799366,23
799367,0
799368,0
799369,0
799370,24
799371,0
799372,0
799373,0
799374,0
799375,0
799376,0
799377,0
799378,0
799379,0
799380,40
799381,0
799382,0
799383,0
799384,0
799385,0
799386,0
799387,0
799388,0
799389,0
799390,0
799391,0
799392,0
799393,0
799394,0
799395,0
799396,0
799397,0
799398,0
799399,0
799400,0
799401,0
799402,0
799403,0
799404,0
799405,0
799406,0
799407,0
799408,0
799409,0
799410,0
799411,0
799412,0
799413,0
799414,0
799415,0
799416,0
799417,0
799418,0
799419,0
799420,0
799421,0
799422,0
799423,0
799424,0
799425,0
799426,0
799427,0
799428,0
799429,0
799430,0
799431,0
799432,0
799433,0
799434,21
799435,0
799436,0
799437,0
799438,0
799439,0
799440,0
799441,0
799442,0
799443,0
799444,0
799445,0
799446,0
799447,0
799448,0
799449,0
799450,0
799451,0
799452,0
799453,0
799454,0
799455,0
799456,0
799457,0
799458,0
799459,0
799460,0
799461,0
799462,0
799463,0
799464,0
799465,0
799466,0
799467,0
799468,0
799469,0
799470,0
799471,0
799472,0
799473,0
799474,0
799475,0
799476,0
799477,0
799478,0
799479,0
799480,0
799481,0
799482,0
799483,0
799484,0
799485,0
799486,0
799487,0
799488,0
799489,0
799490,0
799491,0
799492,0
799493,0
799494,0
799495,0
799496,0
799497,0
799498,0
799499,0
799500,0
799501,0
799502,0
799503,0
799504,0
799505,0
799506,0
799507,0
799508,0
799509,0
799510,0
799511,0
799512,0
799513,0
799514,1
799515,0
799516,0
799517,0
799518,0
799519,0
799520,0
799521,0
799522,0
799523,0
799524,0
799525,0
799526,0
799527,0
799528,0
799529,0
799530,0
799531,0
799532,0
799533,0
799534,0
799535,0
799536,0
799537,0
799538,0
799539,0
799540,0
799541,0
799542,0
799543,0
799544,0
799545,0
799546,0
799547,0
799548,0
799549,0
799550,0
799551,0
799552,0
799553,0
799554,0
799555,0
799556,0
799557,0
799558,0
799559,0
799560,0
799561,0
799562,0
799563,0
799564,0
799565,0
799566,0
799567,0
799568,0
799569,0
799570,0
799571,0
799572,0
799573,0
799574,0
799575,0
799576,0
799577,0
799578,0
799579,0
799580,1
799581,0
799582,0
799583,0
799584,0
799585,0
799586,0
799587,0
799588,0
799589,0
799590,0
799591,0
799592,0
799593,0
799594,0
799595,0
799596,0
799597,0
799598,0
799599,0
799600,0
799601,0
799602,0
799603,0
799604,0
799605,0
799606,0
799607,0
799608,0
799609,0
799610,0
799611,0
799612,0
799613,0
799614,0
799615,0
799616,0
799617,0
799618,0
799619,0
799620,0
799621,0
799622,0
799623,0
799624,0
799625,0
799626,0
799627,0
799628,0
799629,0
799630,0
799631,0
799632,0
799633,0
799634,0
799635,0
799636,0
799637,0
799638,0
799639,0
799640,0
799641,0
799642,0
799643,0
799644,0
799645,0
799646,0
799647,0
799648,0
799649,0
799650,0
799651,0
799652,0
799653,0
799654,0
799655,0
799656,0
799657,0
799658,0
799659,0
799660,0
799661,0
799662,0
799663,0
799664,0
799665,0
799666,0
799667,0
799668,0
799669,0
799670,0
799671,0
799672,0
799673,0
799674,0
799675,0
799676,0
799677,0
799678,0
799679,0
799680,0
799681,0
799682,0
799683,0
799684,0
799685,0
799686,0
799687,0
799688,0
799689,0
799690,0
799691,0
799692,0
799693,0
799694,0
799695,0
799696,0
799697,0
799698,0
799699,0
799700,0
799701,0
799702,0
799703,0
799704,0
799705,0
799706,0
799707,0
799708,0
799709,0
799710,0
799711,0
799712,0
799713,0
799714,0
799715,0
799716,0
799717,0
799718,0
799719,0
799720,0
799721,0
799722,0
799723,0
799724,0
799725,0
799726,0
799727,0
799728,0
799729,0
799730,0
799731,0
799732,0
799733,0
799734,0
799735,0
799736,0
799737,0
799738,0
799739,0
799740,0
799741,0
799742,0
799743,0
799744,0
799745,0
799746,0
799747,0
799748,0
799749,1
799750,0
799751,0
799752,0
799753,0
799754,0
799755,0
799756,0
799757,0
799758,0
799759,0
799760,0
799761,0
799762,0
799763,0
799764,0
799765,0
799766,0
799767,0
799768,0
799769,0
799770,0
799771,0
799772,0
799773,0
799774,0
799775,0
799776,0
799777,0
799778,0
799779,0
799780,0
799781,0
799782,0
799783,0
799784,0
799785,0
799786,0
799787,0
799788,0
799789,0
799790,0
799791,0
799792,0
799793,0
799794,0
799795,0
799796,0
799797,0
799798,0
799799,0
799800,0
799801,0
799802,0
799803,0
799804,0
799805,0
799806,0
799807,0
799808,0
799809,0
799810,0
799811,0
799812,0
799813,0
799814,0
799815,0
799816,0
799817,0
799818,0
799819,0
799820,0
799821,0
799822,0
799823,0
799824,0
799825,0
799826,0
799827,0
799828,0
799829,0
799830,0
799831,0
799832,0
799833,0
799834,0
799835,0
799836,0
799837,0
799838,0
799839,0
799840,0
799841,0
799842,0
799843,0
799844,0
799845,0
799846,0
799847,0
799848,0
799849,0
799850,0
799851,0
799852,0
799853,0
799854,0
799855,0
799856,0
799857,0
799858,0
799859,0
799860,0
799861,0
799862,0
799863,0
799864,0
799865,0
799866,0
799867,0
799868,0
799869,0
799870,0
799871,0
799872,0
799873,0
799874,0
799875,0
799876,0
799877,0
799878,0
799879,0
799880,0
799881,0
799882,0
799883,0
799884,0
799885,0
799886,0
799887,0
799888,0
799889,0
799890,0
799891,0
799892,0
799893,0
799894,0
799895,0
799896,0
799897,0
799898,0
799899,0
799900,0
799901,0
799902,0
799903,0
799904,0
799905,0
799906,0
799907,0
799908,0
799909,0
799910,0
799911,0
799912,0
799913,0
799914,0
799915,0
799916,0
799917,0
799918,0
799919,0
799920,0
799921,0
799922,0
799923,0
799924,0
799925,0
799926,0
799927,0
799928,0
799929,0
799930,0
799931,0
799932,0
799933,0
799934,0
799935,0
799936,0
799937,0
799938,0
799939,0
799940,0
799941,0
799942,0
799943,0
799944,0
799945,0
799946,0
799947,0
799948,0
799949,0
799950,0
799951,0
799952,0
799953,0
799954,0
799955,0
799956,0
799957,0
799958,0
799959,1
799960,0
799961,1
799962,0
799963,0
799964,0
799965,0
799966,0
799967,0
799968,0
799969,0
799970,0
799971,0
799972,0
799973,0
799974,0
799975,0
799976,0
799977,0
799978,0
799979,0
799980,0
799981,0
799982,0
799983,0
799984,0
799985,0
799986,0
799987,0
799988,0
799989,0
799990,0
799991,0
799992,0
799993,0
799994,0
799995,0
799996,0
799997,0
799998,0
799999,0
800000,0
800001,0
800002,0
800003,0
800004,0
800005,0
800006,0
800007,0
800008,0
800009,0
800010,0
800011,0
800012,0
800013,0
800014,0
800015,0
800016,0
800017,0
800018,0
800019,0
800020,0
800021,0
800022,0
800023,0
800024,12
800025,0
800026,0
800027,0
800028,0
800029,0
800030,0
800031,0
800032,0
800033,0
800034,0
800035,0
800036,0
800037,0
800038,0
800039,0
800040,0
800041,0
800042,0
800043,0
800044,0
800045,9
800046,0
800047,0
800048,0
800049,0
800050,0
800051,0
800052,0
800053,0
800054,10
800055,14
800056,0
800057,0
800058,0
800059,0
800060,0
800061,8
800062,0
800063,0
800064,0
800065,0
800066,15
800067,0
800068,0
800069,0
800070,0
800071,0
800072,0
800073,0
800074,0
800075,0
800076,0
800077,9
800078,15
800079,0
800080,0
800081,0
800082,9
800083,14
800084,0
800085,0
800086,0
800087,0
800088,0
800089,0
800090,0
800091,0
800092,0
800093,0
800094,0
800095,8
800096,0
800097,0
800098,0
800099,0
800100,5
800101,0
800102,0
800103,0
800104,0
800105,12
800106,0
800107,0
800108,0
800109,0
800110,6
800111,0
800112,6
800113,0
800114,0
800115,0
800116,0
800117,0
800118,0
800119,0
800120,0
800121,0
800122,0
800123,0
800124,0
800125,0
800126,0
800127,0
800128,0
800129,12
800130,0
800131,0
800132,0
800133,0
800134,0
800135,0
800136,6
800137,0
800138,0
800139,0
800140,0
800141,0
800142,0
800143,0
800144,0
800145,0
800146,0
800147,0
800148,0
800149,0
800150,0
800151,0
800152,0
800153,0
800154,0
800155,0
800156,0
800157,0
800158,10
800159,0
800160,0
800161,0
800162,0
800163,6
800164,0
800165,0
800166,0
800167,0
800168,0
800169,0
800170,16
800171,0
800172,7
800173,0
800174,0
800175,0
800176,6
800177,0
800178,9
800179,0
800180,0
800181,0
800182,0
800183,4
800184,0
800185,0
800186,0
800187,0
800188,0
800189,0
800190,0
800191,0
800192,0
800193,0
800194,0
800195,8
800196,0
800197,0
800198,0
800199,0
800200,1
800201,0
800202,0
800203,0
800204,7
800205,0
800206,0
800207,7
800208,0
800209,0
800210,0
800211,0
800212,0
800213,0
800214,0
800215,0
800216,0
800217,0
800218,0
800219,0
800220,0
800221,0
800222,0
800223,0
800224,0
800225,0
800226,0
800227,0
800228,0
800229,0
800230,0
800231,0
800232,0
800233,0
800234,0
800235,0
800236,0
800237,0
800238,0
800239,0
800240,0
800241,0
800242,0
800243,0
800244,0
800245,0
800246,0
800247,0
800248,3
800249,0
800250,0
800251,0
800252,10
800253,0
800254,0
800255,0
800256,0
800257,0
800258,0
800259,0
800260,0
800261,0
800262,0
800263,0
800264,0
800265,0
800266,0
800267,0
800268,0
800269,0
800270,0
800271,0
800272,0
800273,0
800274,14
800275,0
800276,0
800277,0
800278,0
800279,0
800280,0
800281,0
800282,0
800283,1
800284,9
800285,0
800286,0
800287,0
800288,0
800289,8
800290,0
800291,0
800292,0
800293,0
800294,0
800295,0
800296,10
800297,0
800298,0
800299,0
800300,0
800301,0
800302,0
800303,0
800304,12
800305,0
800306,0
800307,0
800308,0
800309,10
800310,0
800311,0
800312,0
800313,0
800314,0
800315,0
800316,0
800317,0
800318,0
800319,0
800320,0
800321,0
800322,0
800323,0
800324,0
800325,0
800326,0
800327,0
800328,0
800329,8
800330,0
800331,0
800332,0
800333,0
800334,0
800335,0
800336,15
800337,0
800338,0
800339,0
800340,0
800341,0
800342,0
800343,0
800344,0
800345,0
800346,0
800347,0
800348,0
800349,9
800350,0
800351,0
800352,0
800353,0
800354,0
800355,0
800356,6
800357,0
800358,0
800359,0
800360,0
800361,0
800362,0
800363,0
800364,0
800365,0
800366,0
800367,0
800368,0
800369,0
800370,0
800371,0
800372,0
800373,0
800374,0
800375,0
800376,0
800377,11
800378,0
800379,0
800380,0
800381,11
800382,0
800383,0
800384,0
800385,0
800386,0
800387,0
800388,0
800389,0
800390,0
800391,0
800392,13
800393,0
800394,0
800395,0
800396,14
800397,0
800398,0
800399,0
800400,0
800401,0
800402,0
800403,0
800404,0
800405,0
800406,0
800407,0
800408,0
800409,0
800410,0
800411,0
800412,0
800413,0
800414,0
800415,0
800416,0
800417,0
800418,0
800419,0
800420,0
800421,0
800422,0
800423,2
800424,13
800425,0
800426,0
800427,0
800428,0
800429,0
800430,0
800431,0
800432,0
800433,0
800434,0
800435,0
800436,0
800437,0
800438,0
800439,0
800440,16
800441,0
800442,0
800443,0
800444,0
800445,0
800446,0
800447,16
800448,0
800449,0
800450,0
800451,0
800452,0
800453,0
800454,0
800455,9
800456,0
800457,0
800458,0
800459,0
800460,0
800461,0
800462,0
800463,0
800464,6
800465,0
800466,0
800467,0
800468,0
800469,6
800470,0
800471,0
800472,7
800473,0
800474,0
800475,0
800476,0
800477,11
800478,0
800479,6
800480,0
800481,0
800482,0
800483,0
800484,0
800485,0
800486,0
800487,0
800488,0
800489,0
800490,0
800491,0
800492,0
800493,0
800494,0
800495,0
800496,0
800497,0
800498,10
800499,0
800500,0
800501,0
800502,0
800503,0
800504,0
800505,0
800506,0
800507,0
800508,0
800509,0
800510,0
800511,13
800512,0
800513,0
800514,0
800515,6
800516,0
800517,0
800518,0
800519,0
800520,16
800521,0
800522,0
800523,0
800524,0
800525,4
800526,0
800527,5
800528,0
800529,0
800530,0
800531,0
800532,0
800533,0
800534,0
800535,0
800536,0
800537,0
800538,0
800539,0
800540,0
800541,0
800542,0
800543,0
800544,7
800545,0
800546,0
800547,0
800548,0
800549,0
800550,0
800551,0
800552,0
800553,0
800554,0
800555,0
800556,0
800557,0
800558,0
800559,0
800560,0
800561,0
800562,0
800563,0
800564,0
800565,0
800566,0
800567,0
800568,8
800569,0
800570,0
800571,0
800572,0
800573,0
800574,0
800575,0
800576,0
800577,0
800578,0
800579,10
800580,0
800581,0
800582,0
800583,0
800584,0
800585,0
800586,0
800587,16
800588,8
800589,0
800590,13
800591,0
800592,0
800593,0
800594,0
800595,0
800596,0
800597,0
800598,0
800599,0
800600,0
800601,0
800602,0
800603,0
800604,0
800605,0
800606,0
800607,0
800608,4
800609,0
800610,0
800611,0
800612,0
800613,0
800614,0
800615,0
800616,0
800617,0
800618,0
800619,0
800620,0
800621,0
800622,10
800623,0
800624,0
800625,0
800626,0
800627,0
800628,0
800629,0
800630,6
800631,0
800632,0
800633,0
800634,0
800635,0
800636,0
800637,0
800638,5
800639,12
800640,0
800641,0
800642,0
800643,0
800644,0
800645,0
800646,0
800647,0
800648,0
800649,5
800650,0
800651,0
800652,0
800653,0
800654,0
800655,0
800656,0
800657,0
800658,0
800659,0
800660,0
800661,8
800662,0
800663,0
800664,0
800665,0
800666,0
800667,0
800668,4
800669,0
800670,8
800671,0
800672,0
800673,0
800674,0
800675,0
800676,0
800677,0
800678,0
800679,0
800680,0
800681,0
800682,0
800683,0
800684,0
800685,0
800686,0
800687,0
800688,0
800689,0
800690,0
800691,0
800692,0
800693,0
800694,0
800695,0
800696,0
800697,0
800698,0
800699,0
800700,0
800701,0
800702,0
800703,0
800704,0
800705,0
800706,3
800707,0
800708,0
800709,0
800710,0
800711,0
800712,0
800713,0
800714,39
800715,0
800716,0
800717,0
800718,0
800719,0
800720,0
800721,0
800722,0
800723,0
800724,0
800725,0
800726,0
800727,0
800728,0
800729,0
800730,0
800731,0
800732,0
800733,0
800734,0
800735,0
800736,0
800737,36
800738,0
800739,40
800740,0
800741,0
800742,0
800743,0
800744,0
800745,43
800746,0
800747,0
800748,0
800749,0
800750,0
800751,0
800752,0
800753,0
800754,0
800755,0
800756,0
800757,0
800758,0
800759,0
800760,0
800761,0
800762,0
800763,0
800764,0
800765,0
800766,0
800767,0
800768,0
800769,0
800770,0
800771,0
800772,0
800773,0
800774,0
800775,0
800776,0
800777,0
800778,45
800779,0
800780,45
800781,0
800782,0
800783,0
800784,0
800785,0
800786,0
800787,0
800788,0
800789,0
800790,0
800791,33
800792,0
800793,0
800794,0
800795,0
800796,0
800797,0
800798,0
800799,40
800800,0
800801,0
800802,0
800803,0
800804,0
800805,0
800806,0
800807,34
800808,0
800809,0
800810,0
800811,0
800812,0
800813,0
800814,0
800815,0
800816,0
800817,0
800818,0
800819,0
800820,0
800821,28
800822,0
800823,0
800824,0
800825,0
800826,0
800827,0
800828,0
800829,0
800830,0
800831,0
800832,0
800833,0
800834,0
800835,0
800836,0
800837,0
800838,0
800839,0
800840,0
800841,0
800842,0
800843,0
800844,0
800845,0
800846,0
800847,0
800848,0
800849,0
800850,0
800851,0
800852,0
800853,0
800854,0
800855,0
800856,0
800857,0
800858,0
800859,0
800860,0
800861,0
800862,0
800863,0
800864,0
800865,0
800866,0
800867,0
800868,45
800869,0
800870,0
800871,0
800872,0
800873,0
800874,0
800875,0
800876,0
800877,0
800878,35
800879,0
800880,0
800881,0
800882,34
800883,0
800884,0
800885,0
800886,0
800887,0
800888,0
800889,0
800890,0
800891,0
800892,0
800893,0
800894,0
800895,0
800896,0
800897,0
800898,42
800899,26
800900,0
800901,0
800902,0
800903,0
800904,0
800905,0
800906,0
800907,20
800908,0
800909,0
800910,0
800911,0
800912,0
800913,0
800914,0
800915,0
800916,0
800917,0
800918,0
800919,0
800920,0
800921,0
800922,0
800923,52
800924,0
800925,0
800926,0
800927,0
800928,0
800929,0
800930,0
800931,0
800932,0
800933,0
800934,30
800935,0
800936,0
800937,0
800938,0
800939,0
800940,0
800941,0
800942,0
800943,0
800944,0
800945,0
800946,0
800947,0
800948,0
800949,0
800950,0
800951,0
800952,24
800953,0
800954,0
800955,0
800956,0
800957,0
800958,0
800959,0
800960,0
800961,0
800962,0
800963,0
800964,0
800965,0
800966,0
800967,0
800968,0
800969,0
800970,0
800971,0
800972,0
800973,0
800974,0
800975,39
800976,0
800977,38
800978,0
800979,0
800980,0
800981,0
800982,0
800983,0
800984,0
800985,0
800986,30
800987,0
800988,0
800989,0
800990,0
800991,0
800992,0
800993,0
800994,0
800995,30
800996,0
800997,0
800998,0
800999,0
801000,0
801001,0
801002,0
801003,0
801004,0
801005,0
801006,0
801007,0
801008,0
801009,0
801010,0
801011,0
801012,0
801013,21
801014,0
801015,0
801016,0
801017,0
801018,0
801019,0
801020,0
801021,0
801022,0
801023,0
801024,0
801025,0
801026,0
801027,0
801028,0
801029,0
801030,0
801031,0
801032,0
801033,34
801034,0
801035,0
801036,0
801037,0
801038,37
801039,0
801040,0
801041,0
801042,0
801043,0
801044,0
801045,0
801046,0
801047,0
801048,30
801049,0
801050,0
801051,0
801052,0
801053,0
801054,0
801055,0
801056,0
801057,0
801058,0
801059,0
801060,0
801061,0
801062,0
801063,0
801064,0
801065,0
801066,0
801067,0
801068,0
801069,0
801070,0
801071,0
801072,0
801073,0
801074,0
801075,0
801076,0
801077,0
801078,0
801079,0
801080,0
801081,0
801082,0
801083,0
801084,0
801085,0
801086,0
801087,0
801088,21
801089,0
801090,0
801091,0
801092,0
801093,0
801094,0
801095,0
801096,0
801097,0
801098,0
801099,0
801100,0
801101,0
801102,0
801103,52
801104,0
801105,0
801106,0
801107,0
801108,0
801109,0
801110,0
801111,0
801112,0
801113,0
801114,0
801115,0
801116,0
801117,0
801118,0
801119,0
801120,0
801121,0
801122,0
801123,0
801124,0
801125,0
801126,43
801127,0
801128,0
801129,0
801130,0
801131,51
801132,0
801133,0
801134,0
801135,24
801136,0
801137,0
801138,0
801139,0
801140,0
801141,0
801142,0
801143,0
801144,0
801145,0
801146,0
801147,0
801148,0
801149,0
801150,0
801151,0
801152,0
801153,0
801154,0
801155,0
801156,0
801157,0
801158,0
801159,0
801160,0
801161,0
801162,0
801163,0
801164,0
801165,0
801166,0
801167,0
801168,0
801169,0
801170,0
801171,0
801172,0
801173,0
801174,0
801175,0
801176,0
801177,0
801178,0
801179,35
801180,0
801181,0
801182,0
801183,0
801184,0
801185,0
801186,0
801187,0
801188,0
801189,39
801190,0
801191,0
801192,0
801193,0
801194,0
801195,0
801196,29
801197,0
801198,0
801199,0
801200,0
801201,0
801202,0
801203,0
801204,0
801205,0
801206,0
801207,0
801208,0
801209,0
801210,0
801211,0
801212,0
801213,0
801214,49
801215,0
801216,0
801217,0
801218,0
801219,0
801220,0
801221,0
801222,0
801223,0
801224,0
801225,0
801226,0
801227,0
801228,0
801229,0
801230,0
801231,43
801232,50
801233,0
801234,0
801235,0
801236,0
801237,0
801238,0
801239,0
801240,0
801241,0
801242,43
801243,0
801244,0
801245,0
801246,0
801247,0
801248,0
801249,0
801250,0
801251,0
801252,0
801253,0
801254,0
801255,0
801256,0
801257,0
801258,0
801259,0
801260,0
801261,0
801262,0
801263,0
801264,0
801265,0
801266,0
801267,0
801268,29
801269,0
801270,0
801271,0
801272,0
801273,0
801274,44
801275,0
801276,0
801277,0
801278,0
801279,0
801280,0
801281,0
801282,0
801283,0
801284,0
801285,0
801286,0
801287,0
801288,0
801289,0
801290,0
801291,0
801292,25
801293,0
801294,32
801295,0
801296,0
801297,0
801298,0
801299,0
801300,0
801301,33
801302,0
801303,0
801304,0
801305,0
801306,0
801307,0
801308,0
801309,0
801310,0
801311,0
801312,0
801313,0
801314,30
801315,0
801316,0
801317,0
801318,0
801319,0
801320,0
801321,0
801322,0
801323,0
801324,0
801325,0
801326,35
801327,0
801328,0
801329,0
801330,0
801331,0
801332,34
801333,0
801334,0
801335,0
801336,0
801337,0
801338,0
801339,0
801340,0
801341,0
801342,0
801343,39
801344,0
801345,0
801346,0
801347,28
801348,0
801349,0
801350,0
801351,0
801352,0
801353,0
801354,0
801355,0
801356,0
801357,0
801358,0
801359,0
801360,0
801361,0
801362,0
801363,0
801364,0
801365,48
801366,0
801367,0
801368,0
801369,0
801370,0
801371,0
801372,0
801373,0
801374,0
801375,0
801376,0
801377,0
801378,0
801379,0
801380,49
801381,0
801382,0
801383,0
801384,0
801385,0
801386,0
801387,0
801388,0
801389,0
801390,0
801391,0
801392,0
801393,0
801394,0
801395,0
801396,34
801397,0
801398,0
801399,0
801400,0
801401,0
801402,0
801403,0
801404,41
801405,48
801406,0
801407,18
801408,0
801409,0
801410,0
801411,0
801412,25
801413,0
801414,0
801415,0
801416,0
801417,0
801418,0
801419,0
801420,0
801421,0
801422,0
801423,0
801424,0
801425,0
801426,0
801427,0
801428,0
801429,0
801430,31
801431,0
801432,0
801433,0
801434,0
801435,0
801436,0
801437,0
801438,0
801439,35
801440,0
801441,0
801442,0
801443,0
801444,0
801445,0
801446,0
801447,0
801448,0
801449,0
801450,0
801451,0
801452,0
801453,0
801454,0
801455,0
801456,0
801457,0
801458,0
801459,0
801460,0
801461,0
801462,0
801463,0
801464,0
801465,0
801466,0
801467,0
801468,0
801469,0
801470,0
801471,0
801472,0
801473,0
801474,0
801475,0
801476,0
801477,40
801478,0
801479,0
801480,0
801481,0
801482,0
801483,0
801484,0
801485,0
801486,0
801487,0
801488,0
801489,0
801490,0
801491,0
801492,29
801493,0
801494,26
801495,0
801496,0
801497,0
801498,0
801499,0
801500,0
801501,0
801502,0
801503,0
801504,0
801505,0
801506,0
801507,29
801508,0
801509,0
801510,0
801511,27
801512,0
801513,0
801514,0
801515,0
801516,0
801517,0
801518,0
801519,0
801520,0
801521,0
801522,0
801523,0
801524,0
801525,0
801526,0
801527,0
801528,0
801529,0
801530,0
801531,0
801532,0
801533,0
801534,0
801535,0
801536,0
801537,0
801538,0
801539,0
801540,0
801541,0
801542,0
801543,0
801544,0
801545,0
801546,0
801547,0
801548,0
801549,0
801550,43
801551,0
801552,0
801553,0
801554,38
801555,0
801556,0
801557,0
801558,0
801559,0
801560,0
801561,27
801562,0
801563,28
801564,0
801565,0
801566,0
801567,0
801568,0
801569,26
801570,0
801571,0
801572,0
801573,0
801574,0
801575,0
801576,0
801577,0
801578,36
801579,0
801580,0
801581,31
801582,28
801583,0
801584,0
801585,0
801586,0
801587,0
801588,33
801589,0
801590,0
801591,0
801592,0
801593,0
801594,0
801595,0
801596,0
801597,0
801598,0
801599,0
801600,0
801601,0
801602,0
801603,0
801604,0
801605,0
801606,0
801607,0
801608,0
801609,0
801610,0
801611,0
801612,0
801613,0
801614,0
801615,0
801616,0
801617,0
801618,0
801619,0
801620,0
801621,0
801622,0
801623,0
801624,0
801625,0
801626,0
801627,0
801628,0
801629,41
801630,0
801631,0
801632,0
801633,0
801634,0
801635,0
801636,0
801637,0
801638,0
801639,0
801640,0
801641,0
801642,0
801643,0
801644,0
801645,0
801646,0
801647,0
801648,41
801649,51
801650,0
801651,0
801652,0
801653,0
801654,0
801655,0
801656,0
801657,0
801658,0
801659,0
801660,0
801661,0
801662,0
801663,0
801664,0
801665,0
801666,0
801667,0
801668,0
801669,0
801670,0
801671,0
801672,0
801673,0
801674,0
801675,0
801676,0
801677,0
801678,0
801679,0
801680,0
801681,0
801682,53
801683,0
801684,0
801685,0
801686,0
801687,0
801688,0
801689,0
801690,0
801691,0
801692,0
801693,0
801694,0
801695,0
801696,0
801697,0
801698,0
801699,0
801700,0
801701,0
801702,0
801703,0
801704,0
801705,0
801706,0
801707,0
801708,0
801709,0
801710,0
801711,0
801712,0
801713,0
801714,0
801715,0
801716,0
801717,0
801718,0
801719,0
801720,0
801721,0
801722,0
801723,0
801724,0
801725,0
801726,0
801727,0
801728,0
801729,0
801730,0
801731,0
801732,0
801733,0
801734,0
801735,0
801736,0
801737,0
801738,0
801739,0
801740,42
801741,0
801742,0
801743,0
801744,0
801745,0
801746,0
801747,0
801748,0
801749,0
801750,0
801751,0
801752,0
801753,0
801754,0
801755,0
801756,0
801757,0
801758,0
801759,0
801760,0
801761,57
801762,51
801763,0
801764,0
801765,0
801766,0
801767,0
801768,0
801769,38
801770,0
801771,0
801772,0
801773,0
801774,0
801775,0
801776,0
801777,55
801778,0
801779,0
801780,0
801781,0
801782,0
801783,0
801784,0
801785,0
801786,0
801787,0
801788,0
801789,0
801790,0
801791,0
801792,29
801793,0
801794,0
801795,0
801796,0
801797,0
801798,41
801799,59
801800,0
801801,0
801802,0
801803,0
801804,0
801805,0
801806,0
801807,0
801808,0
801809,0
801810,0
801811,0
801812,0
801813,0
801814,0
801815,0
801816,0
801817,0
801818,0
801819,0
801820,0
801821,36
801822,0
801823,0
801824,0
801825,0
801826,0
801827,0
801828,0
801829,0
801830,49
801831,0
801832,0
801833,0
801834,0
801835,0
801836,0
801837,0
801838,0
801839,0
801840,0
801841,0
801842,0
801843,0
801844,0
801845,0
801846,0
801847,0
801848,0
801849,0
801850,0
801851,35
801852,0
801853,0
801854,38
801855,0
801856,0
801857,0
801858,0
801859,0
801860,0
801861,0
801862,0
801863,0
801864,39
801865,0
801866,0
801867,0
801868,0
801869,0
801870,0
801871,0
801872,0
801873,0
801874,0
801875,0
801876,0
801877,0
801878,0
801879,0
801880,38
801881,0
801882,0
801883,0
801884,0
801885,0
801886,0
801887,0
801888,0
801889,0
801890,0
801891,0
801892,0
801893,0
801894,0
801895,0
801896,0
801897,0
801898,0
801899,0
801900,0
801901,40
801902,0
801903,0
801904,0
801905,0
801906,0
801907,29
801908,0
801909,0
801910,0
801911,0
801912,0
801913,0
801914,0
801915,0
801916,0
801917,0
801918,0
801919,0
801920,0
801921,0
801922,0
801923,0
801924,0
801925,0
801926,0
801927,0
801928,0
801929,0
801930,0
801931,0
801932,0
801933,0
801934,0
801935,38
801936,0
801937,0
801938,0
801939,0
801940,0
801941,0
801942,0
801943,0
801944,0
801945,0
801946,0
801947,0
801948,0
801949,0
801950,0
801951,0
801952,0
801953,0
801954,0
801955,0
801956,0
801957,0
801958,0
801959,0
801960,0
801961,0
801962,0
801963,27
801964,0
801965,0
801966,0
801967,0
801968,0
801969,0
801970,0
801971,0
801972,0
801973,0
801974,0
801975,0
801976,0
801977,0
801978,0
801979,0
801980,0
801981,0
801982,0
801983,0
801984,0
801985,0
801986,0
801987,0
801988,0
801989,0
801990,0
801991,0
801992,0
801993,0
801994,0
801995,0
801996,0
801997,0
801998,0
801999,0
802000,0
802001,0
802002,0
802003,0
802004,0
802005,0
802006,0
802007,0
802008,52
802009,0
802010,0
802011,0
802012,47
802013,0
802014,0
802015,26
802016,0
802017,0
802018,0
802019,0
802020,0
802021,0
802022,0
802023,0
802024,34
802025,0
802026,0
802027,0
802028,0
802029,0
802030,0
802031,0
802032,0
802033,0
802034,0
802035,0
802036,0
802037,27
802038,0
802039,0
802040,0
802041,44
802042,0
802043,0
802044,0
802045,0
802046,0
802047,0
802048,0
802049,0
802050,0
802051,0
802052,0
802053,0
802054,0
802055,0
802056,0
802057,0
802058,0
802059,0
802060,0
802061,0
802062,0
802063,19
802064,0
802065,0
802066,0
802067,0
802068,0
802069,0
802070,0
802071,0
802072,0
802073,0
802074,0
802075,0
802076,0
802077,0
802078,0
802079,0
802080,0
802081,0
802082,0
802083,0
802084,0
802085,0
802086,0
802087,0
802088,0
802089,0
802090,0
802091,0
802092,0
802093,0
802094,0
802095,0
802096,0
802097,0
802098,0
802099,0
802100,0
802101,0
802102,0
802103,0
802104,0
802105,0
802106,0
802107,0
802108,0
802109,43
802110,0
802111,0
802112,0
802113,0
802114,0
802115,0
802116,30
802117,0
802118,0
802119,0
802120,0
802121,0
802122,0
802123,0
802124,0
802125,0
802126,0
802127,0
802128,0
802129,0
802130,0
802131,0
802132,0
802133,0
802134,0
802135,0
802136,0
802137,0
802138,0
802139,0
802140,0
802141,0
802142,0
802143,0
802144,0
802145,0
802146,0
802147,0
802148,0
802149,0
802150,0
802151,0
802152,0
802153,0
802154,0
802155,0
802156,0
802157,0
802158,0
802159,0
802160,0
802161,0
802162,0
802163,0
802164,0
802165,0
802166,0
802167,0
802168,0
802169,0
802170,0
802171,0
802172,0
802173,0
802174,0
802175,0
802176,0
802177,0
802178,0
802179,0
802180,0
802181,0
802182,0
802183,0
802184,0
802185,0
802186,0
802187,0
802188,0
802189,38
802190,0
802191,0
802192,0
802193,36
802194,0
802195,0
802196,0
802197,0
802198,0
802199,0
802200,0
802201,0
802202,0
802203,0
802204,0
802205,0
802206,0
802207,0
802208,0
802209,0
802210,0
802211,0
802212,0
802213,0
802214,0
802215,0
802216,0
802217,0
802218,54
802219,48
802220,0
802221,0
802222,0
802223,0
802224,0
802225,0
802226,0
802227,0
802228,0
802229,0
802230,0
802231,0
802232,0
802233,0
802234,0
802235,0
802236,0
802237,0
802238,0
802239,0
802240,0
802241,0
802242,0
802243,0
802244,0
802245,0
802246,42
802247,0
802248,0
802249,43
802250,0
802251,0
802252,0
802253,0
802254,0
802255,0
802256,0
802257,0
802258,0
802259,0
802260,0
802261,0
802262,0
802263,0
802264,0
802265,0
802266,0
802267,0
802268,0
802269,40
802270,0
802271,49
802272,0
802273,0
802274,49
802275,0
802276,0
802277,0
802278,0
802279,0
802280,0
802281,0
802282,51
802283,0
802284,0
802285,0
802286,0
802287,0
802288,0
802289,0
802290,0
802291,0
802292,0
802293,0
802294,0
802295,0
802296,0
802297,0
802298,0
802299,0
802300,41
802301,0
802302,0
802303,0
802304,0
802305,0
802306,0
802307,56
802308,0
802309,0
802310,0
802311,0
802312,0
802313,0
802314,0
802315,0
802316,0
802317,0
802318,0
802319,0
802320,0
802321,0
802322,0
802323,0
802324,0
802325,0
802326,0
802327,0
802328,0
802329,0
802330,0
802331,0
802332,0
802333,0
802334,0
802335,0
802336,0
802337,0
802338,0
802339,0
802340,0
802341,0
802342,25
802343,0
802344,0
802345,0
802346,0
802347,0
802348,0
802349,0
802350,58
802351,0
802352,0
802353,0
802354,0
802355,0
802356,0
802357,0
802358,0
802359,0
802360,0
802361,0
802362,0
802363,0
802364,53
802365,0
802366,0
802367,0
802368,0
802369,0
802370,0
802371,0
802372,0
802373,0
802374,0
802375,0
802376,0
802377,0
802378,0
802379,0
802380,0
802381,37
802382,0
802383,0
802384,0
802385,0
802386,0
802387,0
802388,0
802389,29
802390,0
802391,0
802392,0
802393,0
802394,0
802395,0
802396,0
802397,0
802398,0
802399,0
802400,0
802401,0
802402,0
802403,0
802404,0
802405,0
802406,0
802407,0
802408,0
802409,0
802410,0
802411,0
802412,0
802413,0
802414,0
802415,0
802416,0
802417,0
802418,0
802419,0
802420,0
802421,0
802422,0
802423,0
802424,0
802425,0
802426,0
802427,0
802428,0
802429,0
802430,0
802431,0
802432,0
802433,0
802434,0
802435,0
802436,0
802437,40
802438,0
802439,0
802440,0
802441,0
802442,0
802443,0
802444,0
802445,0
802446,0
802447,0
802448,0
802449,0
802450,0
802451,0
802452,0
802453,0
802454,0
802455,0
802456,0
802457,0
802458,0
802459,0
802460,0
802461,0
802462,0
802463,0
802464,0
802465,0
802466,39
802467,49
802468,0
802469,33
802470,0
802471,0
802472,0
802473,0
802474,0
802475,0
802476,0
802477,0
802478,0
802479,0
802480,0
802481,0
802482,0
802483,0
802484,0
802485,0
802486,0
802487,0
802488,0
802489,0
802490,0
802491,0
802492,0
802493,0
802494,0
802495,0
802496,0
802497,0
802498,0
802499,0
802500,0
802501,0
802502,0
802503,0
802504,0
802505,0
802506,0
802507,0
802508,47
802509,0
802510,0
802511,0
802512,0
802513,0
802514,0
802515,0
802516,0
802517,0
802518,0
802519,0
802520,0
802521,0
802522,0
802523,0
802524,0
802525,0
802526,0
802527,0
802528,0
802529,0
802530,0
802531,0
802532,0
802533,0
802534,0
802535,0
802536,0
802537,0
802538,0
802539,0
802540,0
802541,15
802542,0
802543,6
802544,0
802545,0
802546,0
802547,9
802548,0
802549,0
802550,16
802551,0
802552,4
802553,0
802554,0
802555,11
802556,9
802557,0
802558,0
802559,0
802560,4
802561,0
802562,0
802563,0
802564,0
802565,0
802566,0
802567,0
802568,0
802569,0
802570,0
802571,16
802572,0
802573,0
802574,0
802575,0
802576,0
802577,0
802578,0
802579,0
802580,0
802581,17
802582,0
802583,0
802584,0
802585,0
802586,5
802587,0
802588,10
802589,0
802590,0
802591,0
802592,0
802593,0
802594,0
802595,0
802596,0
802597,0
802598,0
802599,7
802600,0
802601,8
802602,0
802603,0
802604,0
802605,0
802606,0
802607,0
802608,0
802609,0
802610,0
802611,0
802612,20
802613,6
802614,0
802615,0
802616,0
802617,10
802618,0
802619,0
802620,0
802621,0
802622,0
802623,0
802624,0
802625,0
802626,0
802627,0
802628,0
802629,0
802630,7
802631,0
802632,0
802633,0
802634,0
802635,0
802636,0
802637,0
802638,0
802639,0
802640,0
802641,0
802642,12
802643,0
802644,0
802645,12
802646,0
802647,0
802648,0
802649,11
802650,0
802651,5
802652,0
802653,0
802654,0
802655,0
802656,0
802657,0
802658,0
802659,0
802660,0
802661,0
802662,6
802663,0
802664,0
802665,16
802666,11
802667,0
802668,0
802669,18
802670,13
802671,10
802672,12
802673,0
802674,0
802675,0
802676,0
802677,0
802678,0
802679,9
802680,14
802681,0
802682,0
802683,0
802684,0
802685,1
802686,0
802687,0
802688,0
802689,0
802690,13
802691,0
802692,0
802693,0
802694,0
802695,11
802696,0
802697,0
802698,0
802699,0
802700,0
802701,16
802702,0
802703,9
802704,3
802705,0
802706,0
802707,0
802708,0
802709,15
802710,0
802711,11
802712,0
802713,0
802714,15
802715,10
802716,9
802717,0
802718,4
802719,14
802720,19
802721,0
802722,0
802723,10
802724,16
802725,0
802726,0
802727,0
802728,0
802729,10
802730,0
802731,0
802732,29
802733,0
802734,0
802735,0
802736,10
802737,0
802738,0
802739,0
802740,0
802741,12
802742,0
802743,0
802744,0
802745,0
802746,13
802747,0
802748,13
802749,0
802750,0
802751,6
802752,0
802753,0
802754,0
802755,0
802756,0
802757,0
802758,0
802759,0
802760,0
802761,0
802762,0
802763,15
802764,0
802765,0
802766,0
802767,0
802768,0
802769,0
802770,0
802771,0
802772,0
802773,0
802774,0
802775,9
802776,0
802777,0
802778,0
802779,0
802780,0
802781,1
802782,0
802783,0
802784,0
802785,5
802786,0
802787,0
802788,12
802789,0
802790,0
802791,4
802792,9
802793,0
802794,0
802795,0
802796,0
802797,0
802798,0
802799,0
802800,9
802801,0
802802,0
802803,0
802804,5
802805,0
802806,0
802807,0
802808,0
802809,0
802810,0
802811,0
802812,5
802813,0
802814,0
802815,0
802816,5
802817,0
802818,0
802819,6
802820,6
802821,0
802822,0
802823,0
802824,0
802825,10
802826,7
802827,0
802828,0
802829,3
802830,11
802831,0
802832,0
802833,0
802834,0
802835,0
802836,0
802837,0
802838,0
802839,0
802840,0
802841,0
802842,14
802843,0
802844,10
802845,0
802846,0
802847,0
802848,0
802849,7
802850,3
802851,0
802852,0
802853,0
802854,0
802855,0
802856,5
802857,7
802858,0
802859,0
802860,0
802861,0
802862,2
802863,0
802864,0
802865,0
802866,0
802867,0
802868,0
802869,3
802870,0
802871,0
802872,0
802873,0
802874,0
802875,2
802876,7
802877,0
802878,0
802879,3
802880,0
802881,0
802882,0
802883,0
802884,7
802885,0
802886,6
802887,0
802888,0
802889,0
802890,6
802891,0
802892,0
802893,0
802894,0
802895,0
802896,0
802897,0
802898,0
802899,0
802900,0
802901,0
802902,0
802903,0
802904,0
802905,3
802906,8
802907,0
802908,0
802909,0
802910,8
802911,7
802912,7
802913,0
802914,0
802915,0
802916,8
802917,2
802918,0
802919,0
802920,0
802921,0
802922,0
802923,6
802924,0
802925,0
802926,0
802927,0
802928,0
802929,0
802930,0
802931,0
802932,0
802933,0
802934,2
802935,0
802936,5
802937,0
802938,10
802939,0
802940,0
802941,0
802942,0
802943,0
802944,0
802945,0
802946,0
802947,0
802948,0
802949,0
802950,0
802951,2
802952,0
802953,0
802954,0
802955,0
802956,0
802957,0
802958,5
802959,0
802960,0
802961,0
802962,0
802963,0
802964,0
802965,5
802966,0
802967,3
802968,0
802969,0
802970,0
802971,0
802972,9
802973,0
802974,0
802975,0
802976,4
802977,0
802978,0
802979,8
802980,0
802981,0
802982,0
802983,6
802984,0
802985,0
802986,0
802987,9
802988,5
802989,2
802990,11
802991,0
802992,7
802993,0
802994,9
802995,0
802996,0
802997,0
802998,0
802999,0
803000,0
803001,6
803002,0
803003,0
803004,0
803005,0
803006,0
803007,0
803008,0
803009,0
803010,0
803011,0
803012,0
803013,0
803014,0
803015,6
803016,0
803017,0
803018,6
803019,0
803020,0
803021,0
803022,0
803023,0
803024,8
803025,0
803026,0
803027,0
803028,0
803029,0
803030,4
803031,6
803032,11
803033,0
803034,0
803035,0
803036,0
803037,0
803038,0
803039,0
803040,7
803041,2
803042,0
803043,0
803044,0
803045,0
803046,0
803047,0
803048,0
803049,7
803050,0
803051,7
803052,0
803053,0
803054,0
803055,0
803056,0
803057,0
803058,0
803059,2
803060,0
803061,9
803062,0
803063,0
803064,8
803065,3
803066,6
803067,0
803068,9
803069,0
803070,0
803071,10
803072,0
803073,0
803074,0
803075,8
803076,0
803077,0
803078,0
803079,3
803080,0
803081,0
803082,0
803083,0
803084,4
803085,6
803086,0
803087,0
803088,0
803089,0
803090,0
803091,0
803092,0
803093,0
803094,0
803095,0
803096,7
803097,0
803098,0
803099,0
803100,0
803101,0
803102,0
803103,0
803104,7
803105,0
803106,0
803107,0
803108,0
803109,10
803110,0
803111,10
803112,0
803113,0
803114,0
803115,0
803116,0
803117,0
803118,0
803119,0
803120,0
803121,4
803122,0
803123,0
803124,6
803125,0
803126,0
803127,4
803128,0
803129,0
803130,0
803131,5
803132,0
803133,9
803134,0
803135,0
803136,0
803137,7
803138,0
803139,0
803140,0
803141,0
803142,0
803143,0
803144,0
803145,0
803146,0
803147,0
803148,0
803149,0
803150,9
803151,0
803152,0
803153,0
803154,0
803155,0
803156,6
803157,0
803158,0
803159,3
803160,6
803161,0
803162,0
803163,0
803164,0
803165,0
803166,0
803167,0
803168,4
803169,6
803170,10
803171,0
803172,0
803173,6
803174,5
803175,0
803176,0
803177,4
803178,0
803179,0
803180,0
803181,0
803182,0
803183,0
803184,6
803185,0
803186,0
803187,8
803188,0
803189,0
803190,8
803191,0
803192,0
803193,0
803194,0
803195,16
803196,0
803197,0
803198,9
803199,9
803200,0
803201,0
803202,0
803203,0
803204,0
803205,0
803206,0
803207,0
803208,0
803209,0
803210,0
803211,0
803212,0
803213,0
803214,0
803215,4
803216,0
803217,0
803218,0
803219,0
803220,0
803221,11
803222,12
803223,0
803224,0
803225,0
803226,0
803227,4
803228,0
803229,0
803230,3
803231,6
803232,4
803233,0
803234,0
803235,0
803236,0
803237,0
803238,3
803239,4
803240,0
803241,0
803242,0
803243,0
803244,0
803245,5
803246,9
803247,0
803248,7
803249,7
803250,0
803251,0
803252,0
803253,8
803254,0
803255,0
803256,0
803257,0
803258,0
803259,0
803260,0
803261,0
803262,0
803263,0
803264,0
803265,0
803266,0
803267,0
803268,0
803269,0
803270,0
803271,0
803272,0
803273,0
803274,0
803275,0
803276,0
803277,0
803278,0
803279,0
803280,0
803281,0
803282,0
803283,0
803284,0
803285,0
803286,0
803287,0
803288,0
803289,0
803290,0
803291,0
803292,0
803293,0
803294,0
803295,0
803296,0
803297,1
803298,0
803299,0
803300,0
803301,0
803302,0
803303,0
803304,0
803305,0
803306,0
803307,0
803308,0
803309,0
803310,0
803311,0
803312,0
803313,0
803314,0
803315,0
803316,0
803317,0
803318,0
803319,0
803320,0
803321,0
803322,0
803323,0
803324,0
803325,0
803326,0
803327,0
803328,0
803329,0
803330,0
803331,0
803332,0
803333,0
803334,0
803335,0
803336,0
803337,0
803338,0
803339,0
803340,0
803341,0
803342,0
803343,0
803344,0
803345,0
803346,0
803347,0
803348,0
803349,0
803350,0
803351,0
803352,0
803353,0
803354,0
803355,0
803356,0
803357,0
803358,0
803359,0
803360,0
803361,0
803362,0
803363,0
803364,0
803365,0
803366,0
803367,0
803368,0
803369,0
803370,0
803371,0
803372,0
803373,0
803374,0
803375,0
803376,0
803377,0
803378,0
803379,1
803380,0
803381,0
803382,0
803383,0
803384,0
803385,0
803386,0
803387,0
803388,0
803389,0
803390,0
803391,0
803392,0
803393,0
803394,0
803395,0
803396,0
803397,0
803398,0
803399,0
803400,0
803401,0
803402,0
803403,0
803404,0
803405,0
803406,0
803407,0
803408,0
803409,0
803410,0
803411,0
803412,0
803413,0
803414,0
803415,0
803416,0
803417,0
803418,1
803419,0
803420,0
803421,0
803422,0
803423,0
803424,0
803425,0
803426,0
803427,0
803428,0
803429,0
803430,0
803431,0
803432,0
803433,0
803434,0
803435,0
803436,0
803437,0
803438,0
803439,0
803440,0
803441,0
803442,0
803443,0
803444,0
803445,0
803446,0
803447,0
803448,0
803449,0
803450,0
803451,0
803452,0
803453,0
803454,0
803455,0
803456,0
803457,0
803458,0
803459,0
803460,0
803461,0
803462,0
803463,0
803464,0
803465,0
803466,0
803467,0
803468,0
803469,0
803470,0
803471,0
803472,0
803473,0
803474,0
803475,0
803476,0
803477,0
803478,1
803479,0
803480,0
803481,0
803482,0
803483,0
803484,0
803485,0
803486,0
803487,0
803488,0
803489,0
803490,0
803491,0
803492,0
803493,0
803494,0
803495,0
803496,0
803497,0
803498,0
803499,0
803500,0
803501,0
803502,0
803503,0
803504,0
803505,0
803506,0
803507,0
803508,0
803509,0
803510,0
803511,0
803512,0
803513,0
803514,0
803515,0
803516,0
803517,0
803518,0
803519,0
803520,0
803521,0
803522,0
803523,0
803524,0
803525,0
803526,0
803527,0
803528,0
803529,0
803530,0
803531,0
803532,0
803533,0
803534,0
803535,0
803536,0
803537,0
803538,0
803539,0
803540,0
803541,0
803542,0
803543,0
803544,0
803545,0
803546,0
803547,0
803548,0
803549,0
803550,0
803551,0
803552,0
803553,0
803554,0
803555,0
803556,0
803557,0
803558,0
803559,0
803560,0
803561,0
803562,0
803563,0
803564,0
803565,0
803566,0
803567,0
803568,0
803569,0
803570,0
803571,0
803572,0
803573,0
803574,0
803575,0
803576,0
803577,0
803578,0
803579,0
803580,0
803581,0
803582,0
803583,0
803584,0
803585,0
803586,0
803587,0
803588,0
803589,0
803590,0
803591,0
803592,0
803593,0
803594,0
803595,0
803596,0
803597,0
803598,0
803599,0
803600,0
803601,0
803602,0
803603,0
803604,0
803605,0
803606,0
803607,0
803608,0
803609,0
803610,0
803611,0
803612,0
803613,0
803614,0
803615,0
803616,0
803617,0
803618,0
803619,0
803620,0
803621,0
803622,0
803623,0
803624,0
803625,0
803626,0
803627,0
803628,0
803629,0
803630,0
803631,0
803632,0
803633,0
803634,0
803635,0
803636,0
803637,0
803638,0
803639,0
803640,0
803641,0
803642,0
803643,0
803644,0
803645,0
803646,0
803647,0
803648,0
803649,0
803650,0
803651,0
803652,0
803653,0
803654,0
803655,0
803656,0
803657,0
803658,0
803659,0
803660,0
803661,0
803662,0
803663,0
803664,0
803665,0
803666,0
803667,0
803668,0
803669,0
803670,0
803671,0
803672,0
803673,0
803674,0
803675,0
803676,0
803677,0
803678,0
803679,0
803680,0
803681,0
803682,0
803683,0
803684,0
803685,0
803686,0
803687,0
803688,0
803689,0
803690,0
803691,0
803692,0
803693,0
803694,0
803695,0
803696,0
803697,0
803698,0
803699,0
803700,0
803701,0
803702,0
803703,0
803704,0
803705,0
803706,0
803707,0
803708,0
803709,0
803710,0
803711,0
803712,0
803713,0
803714,0
803715,0
803716,0
803717,0
803718,0
803719,0
803720,0
803721,0
803722,0
803723,0
803724,0
803725,0
803726,0
803727,0
803728,0
803729,0
803730,0
803731,0
803732,0
803733,0
803734,0
803735,0
803736,0
803737,0
803738,0
803739,0
803740,0
803741,0
803742,0
803743,0
803744,0
803745,0
803746,0
803747,0
803748,1
803749,1
803750,0
803751,0
803752,0
803753,0
803754,0
803755,0
803756,0
803757,0
803758,0
803759,0
803760,0
803761,0
803762,0
803763,0
803764,0
803765,0
803766,0
803767,0
803768,0
803769,0
803770,0
803771,0
803772,0
803773,0
803774,0
803775,0
803776,0
803777,0
803778,0
803779,0
803780,0
803781,0
803782,0
803783,0
803784,0
803785,0
803786,0
803787,0
803788,0
803789,0
803790,0
803791,0
803792,0
803793,0
803794,0
803795,0
803796,0
803797,0
803798,0
803799,0
803800,0
803801,0
803802,0
803803,0
803804,5
803805,2
803806,0
803807,0
803808,0
803809,2
803810,6
803811,2
803812,9
803813,0
803814,0
803815,0
803816,0
803817,0
803818,0
803819,0
803820,7
803821,0
803822,0
803823,0
803824,7
803825,0
803826,0
803827,0
803828,0
803829,0
803830,0
803831,0
803832,0
803833,0
803834,6
803835,0
803836,0
803837,0
803838,0
803839,0
803840,7
803841,7
803842,0
803843,0
803844,0
803845,0
803846,0
803847,0
803848,0
803849,0
803850,0
803851,0
803852,4
803853,0
803854,6
803855,0
803856,0
803857,0
803858,0
803859,0
803860,0
803861,3
803862,0
803863,0
803864,0
803865,1
803866,0
803867,0
803868,0
803869,7
803870,0
803871,0
803872,0
803873,8
803874,0
803875,4
803876,4
803877,0
803878,0
803879,0
803880,0
803881,4
803882,0
803883,0
803884,0
803885,0
803886,0
803887,0
803888,0
803889,0
803890,0
803891,0
803892,1
803893,8
803894,0
803895,5
803896,0
803897,0
803898,0
803899,0
803900,0
803901,0
803902,0
803903,0
803904,0
803905,0
803906,0
803907,17
803908,10
803909,0
803910,0
803911,0
803912,0
803913,0
803914,17
803915,0
803916,0
803917,11
803918,0
803919,0
803920,0
803921,19
803922,22
803923,12
803924,0
803925,0
803926,0
803927,0
803928,0
803929,0
803930,11
803931,0
803932,0
803933,12
803934,0
803935,0
803936,0
803937,0
803938,0
803939,39
803940,0
803941,0
803942,13
803943,0
803944,0
803945,0
803946,9
803947,0
803948,0
803949,0
803950,0
803951,0
803952,0
803953,0
803954,0
803955,0
803956,0
803957,0
803958,27
803959,0
803960,0
803961,0
803962,17
803963,0
803964,13
803965,0
803966,16
803967,10
803968,0
803969,15
803970,0
803971,21
803972,0
803973,0
803974,19
803975,0
803976,0
803977,7
803978,0
803979,0
803980,0
803981,0
803982,0
803983,0
803984,0
803985,0
803986,0
803987,15
803988,0
803989,0
803990,0
803991,0
803992,0
803993,0
803994,0
803995,12
803996,0
803997,12
803998,0
803999,11
804000,0
804001,0
804002,10
804003,0
804004,0
804005,0
804006,0
804007,0
804008,0
804009,0
804010,0
804011,11
804012,0
804013,0
804014,0
804015,0
804016,0
804017,0
804018,21
804019,20
804020,0
804021,0
804022,0
804023,0
804024,0
804025,0
804026,0
804027,0
804028,0
804029,29
804030,0
804031,0
804032,15
804033,18
804034,0
804035,0
804036,0
804037,33
804038,0
804039,0
804040,0
804041,0
804042,0
804043,0
804044,0
804045,0
804046,0
804047,0
804048,0
804049,22
804050,10
804051,22
804052,0
804053,23
804054,0
804055,9
804056,13
804057,0
804058,0
804059,0
804060,12
804061,0
804062,0
804063,0
804064,14
804065,16
804066,0
804067,12
804068,24
804069,0
804070,0
804071,0
804072,0
804073,0
804074,0
804075,0
804076,0
804077,18
804078,0
804079,0
804080,19
804081,0
804082,0
804083,0
804084,0
804085,0
804086,0
804087,0
804088,13
804089,0
804090,0
804091,31
804092,0
804093,0
804094,18
804095,0
804096,22
804097,0
804098,0
804099,0
804100,0
804101,0
804102,0
804103,0
804104,11
804105,0
804106,0
804107,0
804108,7
804109,11
804110,22
804111,0
804112,18
804113,0
804114,0
804115,0
804116,0
804117,0
804118,0
804119,0
804120,0
804121,0
804122,28
804123,0
804124,0
804125,0
804126,17
804127,0
804128,0
804129,12
804130,0
804131,0
804132,0
804133,0
804134,0
804135,0
804136,0
804137,0
804138,0
804139,0
804140,19
804141,0
804142,22
804143,0
804144,0
804145,20
804146,0
804147,16
804148,17
804149,0
804150,20
804151,0
804152,23
804153,0
804154,0
804155,0
804156,0
804157,0
804158,0
804159,0
804160,0
804161,0
804162,0
804163,0
804164,0
804165,11
804166,16
804167,0
804168,15
804169,0
804170,0
804171,0
804172,0
804173,0
804174,0
804175,0
804176,0
804177,0
804178,0
804179,12
804180,22
804181,16
804182,24
804183,0
804184,17
804185,0
804186,0
804187,0
804188,0
804189,0
804190,0
804191,11
804192,0
804193,18
804194,0
804195,0
804196,19
804197,24
804198,12
804199,0
804200,0
804201,9
804202,0
804203,0
804204,0
804205,0
804206,21
804207,0
804208,21
804209,0
804210,0
804211,9
804212,0
804213,8
804214,0
804215,0
804216,0
804217,18
804218,24
804219,13
804220,0
804221,0
804222,0
804223,0
804224,26
804225,0
804226,0
804227,0
804228,0
804229,0
804230,23
804231,0
804232,0
804233,0
804234,11
804235,0
804236,0
804237,0
804238,0
804239,0
804240,0
804241,0
804242,13
804243,0
804244,0
804245,0
804246,24
804247,0
804248,0
804249,0
804250,0
804251,0
804252,0
804253,0
804254,0
804255,12
804256,0
804257,0
804258,0
804259,0
804260,0
804261,0
804262,0
804263,0
804264,18
804265,0
804266,14
804267,0
804268,0
804269,0
804270,0
804271,0
804272,0
804273,25
804274,10
804275,14
804276,12
804277,20
804278,8
804279,0
804280,0
804281,0
804282,0
804283,0
804284,16
804285,0
804286,0
804287,0
804288,7
804289,27
804290,0
804291,0
804292,0
804293,0
804294,11
804295,0
804296,0
804297,0
804298,22
804299,0
804300,12
804301,0
804302,10
804303,0
804304,0
804305,0
804306,16
804307,0
804308,0
804309,0
804310,0
804311,14
804312,0
804313,8
804314,25
804315,0
804316,0
804317,0
804318,0
804319,0
804320,16
804321,10
804322,0
804323,0
804324,0
804325,0
804326,0
804327,18
804328,0
804329,19
804330,0
804331,0
804332,0
804333,0
804334,0
804335,0
804336,0
804337,0
804338,0
804339,8
804340,0
804341,17
804342,0
804343,23
804344,0
804345,0
804346,0
804347,0
804348,0
804349,0
804350,0
804351,0
804352,0
804353,0
804354,0
804355,0
804356,0
804357,14
804358,0
804359,0
804360,0
804361,0
804362,0
804363,0
804364,0
804365,0
804366,0
804367,0
804368,0
804369,0
804370,0
804371,13
804372,0
804373,0
804374,0
804375,0
804376,0
804377,15
804378,0
804379,0
804380,0
804381,12
804382,0
804383,21
804384,0
804385,0
804386,0
804387,0
804388,0
804389,0
804390,0
804391,22
804392,0
804393,0
804394,15
804395,0
804396,0
804397,0
804398,0
804399,0
804400,0
804401,0
804402,0
804403,0
804404,19
804405,15
804406,0
804407,0
804408,0
804409,0
804410,25
804411,0
804412,16
804413,0
804414,26
804415,0
804416,0
804417,0
804418,0
804419,0
804420,0
804421,0
804422,0
804423,0
804424,0
804425,0
804426,0
804427,0
804428,0
804429,0
804430,0
804431,0
804432,0
804433,0
804434,0
804435,0
804436,10
804437,0
804438,0
804439,0
804440,0
804441,0
804442,0
804443,0
804444,0
804445,0
804446,0
804447,9
804448,0
804449,13
804450,0
804451,0
804452,0
804453,0
804454,0
804455,0
804456,17
804457,27
804458,12
804459,0
804460,0
804461,18
804462,0
804463,0
804464,0
804465,21
804466,0
804467,21
804468,15
804469,0
804470,0
804471,0
804472,0
804473,0
804474,21
804475,0
804476,19
804477,0
804478,0
804479,0
804480,18
804481,0
804482,0
804483,6
804484,0
804485,17
804486,0
804487,20
804488,0
804489,14
804490,0
804491,0
804492,0
804493,0
804494,9
804495,0
804496,0
804497,0
804498,9
804499,8
804500,0
804501,0
804502,12
804503,0
804504,0
804505,0
804506,0
804507,0
804508,13
804509,31
804510,25
804511,0
804512,13
804513,0
804514,0
804515,0
804516,0
804517,0
804518,0
804519,0
804520,0
804521,0
804522,0
804523,9
804524,0
804525,18
804526,0
804527,0
804528,0
804529,0
804530,0
804531,0
804532,0
804533,0
804534,25
804535,0
804536,35
804537,23
804538,9
804539,0
804540,0
804541,18
804542,0
804543,0
804544,0
804545,0
804546,0
804547,12
804548,0
804549,0
804550,7
804551,0
804552,21
804553,28
804554,0
804555,0
804556,0
804557,0
804558,0
804559,21
804560,0
804561,15
804562,0
804563,0
804564,16
804565,0
804566,0
804567,0
804568,0
804569,0
804570,31
804571,0
804572,0
804573,0
804574,0
804575,0
804576,0
804577,0
804578,0
804579,0
804580,0
804581,0
804582,0
804583,0
804584,0
804585,0
804586,0
804587,21
804588,0
804589,0
804590,0
804591,0
804592,0
804593,19
804594,17
804595,0
804596,8
804597,10
804598,21
804599,0
804600,0
804601,0
804602,0
804603,0
804604,0
804605,0
804606,0
804607,0
804608,20
804609,0
804610,16
804611,0
804612,21
804613,0
804614,0
804615,0
804616,0
804617,0
804618,21
804619,0
804620,0
804621,0
804622,0
804623,0
804624,8
804625,0
804626,0
804627,0
804628,0
804629,0
804630,0
804631,0
804632,0
804633,8
804634,21
804635,0
804636,16
804637,0
804638,0
804639,15
804640,0
804641,0
804642,0
804643,0
804644,17
804645,0
804646,23
804647,25
804648,0
804649,0
804650,0
804651,0
804652,19
804653,0
804654,0
804655,0
804656,0
804657,0
804658,0
804659,0
804660,0
804661,14
804662,0
804663,0
804664,18
804665,0
804666,0
804667,0
804668,0
804669,0
804670,0
804671,0
804672,0
804673,0
804674,0
804675,0
804676,0
804677,13
804678,7
804679,0
804680,0
804681,0
804682,11
804683,0
804684,19
804685,0
804686,0
804687,0
804688,22
804689,10
804690,27
804691,0
804692,0
804693,0
804694,0
804695,11
804696,0
804697,0
804698,24
804699,16
804700,0
804701,0
804702,0
804703,0
804704,0
804705,0
804706,10
804707,0
804708,0
804709,0
804710,0
804711,0
804712,0
804713,0
804714,0
804715,0
804716,17
804717,0
804718,0
804719,23
804720,0
804721,0
804722,28
804723,8
804724,20
804725,11
804726,0
804727,29
804728,0
804729,0
804730,0
804731,16
804732,0
804733,0
804734,0
804735,0
804736,6
804737,24
804738,0
804739,0
804740,0
804741,0
804742,0
804743,0
804744,0
804745,0
804746,0
804747,0
804748,0
804749,0
804750,0
804751,0
804752,4
804753,0
804754,0
804755,25
804756,0
804757,20
804758,0
804759,21
804760,11
804761,0
804762,0
804763,23
804764,0
804765,0
804766,0
804767,0
804768,12
804769,0
804770,0
804771,0
804772,0
804773,0
804774,0
804775,0
804776,27
804777,0
804778,0
804779,12
804780,0
804781,6
804782,0
804783,13
804784,0
804785,0
804786,0
804787,8
804788,0
804789,0
804790,0
804791,0
804792,9
804793,0
804794,13
804795,0
804796,22
804797,0
804798,0
804799,0
804800,0
804801,19
804802,0
804803,0
804804,0
804805,0
804806,0
804807,12
804808,0
804809,0
804810,0
804811,0
804812,0
804813,0
804814,0
804815,0
804816,0
804817,13
804818,0
804819,0
804820,22
804821,12
804822,12
804823,15
804824,0
804825,0
804826,17
804827,15
804828,0
804829,0
804830,21
804831,24
804832,21
804833,0
804834,0
804835,23
804836,19
804837,0
804838,25
804839,0
804840,12
804841,0
804842,0
804843,0
804844,0
804845,0
804846,0
804847,0
804848,0
804849,0
804850,0
804851,0
804852,0
804853,0
804854,0
804855,0
804856,0
804857,0
804858,0
804859,0
804860,0
804861,0
804862,0
804863,0
804864,0
804865,0
804866,0
804867,0
804868,0
804869,0
804870,0
804871,0
804872,0
804873,0
804874,0
804875,0
804876,0
804877,0
804878,0
804879,0
804880,0
804881,0
804882,0
804883,0
804884,0
804885,0
804886,0
804887,0
804888,0
804889,0
804890,0
804891,0
804892,0
804893,0
804894,0
804895,0
804896,0
804897,0
804898,0
804899,0
804900,0
804901,0
804902,0
804903,0
804904,0
804905,0
804906,0
804907,0
804908,0
804909,0
804910,0
804911,0
804912,0
804913,0
804914,0
804915,0
804916,0
804917,0
804918,0
804919,0
804920,0
804921,0
804922,0
804923,0
804924,0
804925,0
804926,0
804927,0
804928,1
804929,0
804930,0
804931,0
804932,0
804933,0
804934,0
804935,0
804936,0
804937,0
804938,0
804939,0
804940,0
804941,1
804942,0
804943,0
804944,0
804945,0
804946,0
804947,0
804948,0
804949,0
804950,0
804951,0
804952,0
804953,0
804954,0
804955,0
804956,0
804957,0
804958,0
804959,0
804960,0
804961,0
804962,0
804963,0
804964,0
804965,0
804966,0
804967,0
804968,0
804969,0
804970,0
804971,0
804972,0
804973,0
804974,0
804975,0
804976,0
804977,0
804978,0
804979,0
804980,0
804981,0
804982,0
804983,0
804984,0
804985,0
804986,0
804987,0
804988,0
804989,0
804990,0
804991,0
804992,0
804993,0
804994,0
804995,0
804996,0
804997,0
804998,0
804999,0
805000,0
805001,0
805002,0
805003,0
805004,0
805005,0
805006,0
805007,0
805008,0
805009,0
805010,0
805011,0
805012,0
805013,0
805014,0
805015,0
805016,0
805017,0
805018,0
805019,0
805020,0
805021,0
805022,0
805023,0
805024,0
805025,0
805026,0
805027,0
805028,0
805029,0
805030,0
805031,0
805032,0
805033,0
805034,0
805035,0
805036,0
805037,0
805038,0
805039,0
805040,0
805041,0
805042,0
805043,0
805044,0
805045,0
805046,0
805047,0
805048,0
805049,0
805050,0
805051,0
805052,0
805053,0
805054,0
805055,0
805056,0
805057,0
805058,0
805059,0
805060,0
805061,0
805062,0
805063,0
805064,0
805065,0
805066,0
805067,0
805068,0
805069,0
805070,0
805071,0
805072,0
805073,0
805074,0
805075,0
805076,0
805077,0
805078,0
805079,0
805080,0
805081,0
805082,0
805083,0
805084,0
805085,0
805086,0
805087,0
805088,0
805089,0
805090,0
805091,0
805092,0
805093,0
805094,0
805095,0
805096,0
805097,0
805098,0
805099,0
805100,0
805101,0
805102,0
805103,0
805104,0
805105,0
805106,0
805107,0
805108,0
805109,0
805110,0
805111,0
805112,0
805113,0
805114,0
805115,0
805116,0
805117,0
805118,0
805119,0
805120,0
805121,0
805122,0
805123,0
805124,0
805125,0
805126,0
805127,0
805128,0
805129,0
805130,0
805131,0
805132,0
805133,0
805134,0
805135,0
805136,0
805137,0
805138,0
805139,0
805140,0
805141,0
805142,0
805143,0
805144,0
805145,0
805146,0
805147,0
805148,0
805149,0
805150,0
805151,0
805152,0
805153,0
805154,0
805155,0
805156,0
805157,0
805158,0
805159,0
805160,0
805161,0
805162,0
805163,0
805164,0
805165,0
805166,0
805167,0
805168,0
805169,0
805170,0
805171,0
805172,0
805173,0
805174,0
805175,0
805176,0
805177,0
805178,0
805179,0
805180,0
805181,0
805182,0
805183,0
805184,0
805185,0
805186,0
805187,0
805188,0
805189,0
805190,0
805191,0
805192,0
805193,0
805194,0
805195,0
805196,0
805197,0
805198,0
805199,0
805200,0
805201,0
805202,0
805203,0
805204,0
805205,0
805206,0
805207,0
805208,0
805209,0
805210,0
805211,0
805212,0
805213,0
805214,0
805215,0
805216,0
805217,0
805218,0
805219,0
805220,0
805221,0
805222,0
805223,0
805224,0
805225,0
805226,0
805227,0
805228,0
805229,0
805230,0
805231,0
805232,0
805233,0
805234,0
805235,0
805236,0
805237,0
805238,0
805239,0
805240,0
805241,0
805242,0
805243,0
805244,0
805245,0
805246,0
805247,0
805248,0
805249,0
805250,0
805251,0
805252,0
805253,0
805254,0
805255,0
805256,0
805257,0
805258,0
805259,0
805260,0
805261,0
805262,0
805263,0
805264,0
805265,0
805266,0
805267,0
805268,0
805269,0
805270,0
805271,0
805272,0
805273,0
805274,0
805275,0
805276,0
805277,0
805278,0
805279,0
805280,0
805281,0
805282,0
805283,0
805284,0
805285,0
805286,0
805287,0
805288,0
805289,0
805290,0
805291,0
805292,0
805293,0
805294,0
805295,0
805296,0
805297,0
805298,0
805299,0
805300,0
805301,0
805302,0
805303,0
805304,0
805305,0
805306,0
805307,0
805308,0
805309,0
805310,0
805311,0
805312,0
805313,0
805314,0
805315,0
805316,0
805317,0
805318,0
805319,0
805320,0
805321,0
805322,0
805323,0
805324,0
805325,0
805326,0
805327,0
805328,0
805329,0
805330,0
805331,0
805332,0
805333,0
805334,0
805335,0
805336,0
805337,0
805338,0
805339,0
805340,0
805341,0
805342,0
805343,0
805344,0
805345,0
805346,0
805347,0
805348,0
805349,0
805350,0
805351,0
805352,0
805353,0
805354,0
805355,0
805356,0
805357,0
805358,0
805359,0
805360,0
805361,0
805362,0
805363,0
805364,0
805365,0
805366,0
805367,0
805368,0
805369,0
805370,0
805371,0
805372,0
805373,0
805374,0
805375,0
805376,0
805377,0
805378,0
805379,0
805380,0
805381,0
805382,0
805383,0
805384,0
805385,0
805386,0
805387,0
805388,0
805389,0
805390,0
805391,0
805392,0
805393,0
805394,0
805395,0
805396,0
805397,0
805398,0
805399,0
805400,0
805401,0
805402,0
805403,0
805404,0
805405,0
805406,0
805407,0
805408,0
805409,0
805410,0
805411,0
805412,0
805413,0
805414,0
805415,0
805416,0
805417,0
805418,0
805419,0
805420,0
805421,0
805422,0
805423,0
805424,0
805425,0
805426,0
805427,0
805428,0
805429,0
805430,0
805431,0
805432,0
805433,0
805434,0
805435,0
805436,0
805437,0
805438,0
805439,0
805440,0
805441,0
805442,0
805443,0
805444,0
805445,0
805446,0
805447,0
805448,0
805449,0
805450,0
805451,0
805452,0
805453,0
805454,0
805455,0
805456,0
805457,0
805458,0
805459,0
805460,0
805461,0
805462,0
805463,0
805464,0
805465,0
805466,0
805467,0
805468,1
805469,0
805470,0
805471,0
805472,0
805473,0
805474,0
805475,0
805476,0
805477,0
805478,0
805479,0
805480,0
805481,0
805482,0
805483,0
805484,0
805485,0
805486,0
805487,0
805488,0
805489,0
805490,0
805491,0
805492,0
805493,0
805494,0
805495,0
805496,0
805497,0
805498,0
805499,0
805500,0
805501,0
805502,0
805503,0
805504,0
805505,0
805506,0
805507,0
805508,0
805509,0
805510,0
805511,0
805512,0
805513,0
805514,0
805515,0
805516,0
805517,0
805518,0
805519,0
805520,0
805521,0
805522,0
805523,27
805524,0
805525,0
805526,0
805527,0
805528,0
805529,0
805530,0
805531,26
805532,0
805533,15
805534,0
805535,0
805536,18
805537,30
805538,0
805539,0
805540,18
805541,0
805542,0
805543,20
805544,0
805545,0
805546,0
805547,0
805548,0
805549,0
805550,0
805551,0
805552,0
805553,0
805554,0
805555,25
805556,0
805557,0
805558,0
805559,0
805560,0
805561,0
805562,0
805563,0
805564,25
805565,0
805566,17
805567,0
805568,21
805569,0
805570,0
805571,0
805572,0
805573,0
805574,0
805575,0
805576,21
805577,0
805578,0
805579,0
805580,0
805581,0
805582,0
805583,0
805584,0
805585,0
805586,0
805587,0
805588,0
805589,23
805590,18
805591,0
805592,0
805593,0
805594,17
805595,0
805596,0
805597,0
805598,0
805599,0
805600,0
805601,0
805602,0
805603,25
805604,0
805605,0
805606,0
805607,0
805608,0
805609,17
805610,20
805611,0
805612,0
805613,0
805614,0
805615,0
805616,0
805617,0
805618,0
805619,0
805620,0
805621,0
805622,0
805623,0
805624,0
805625,0
805626,0
805627,0
805628,0
805629,0
805630,19
805631,0
805632,0
805633,0
805634,0
805635,0
805636,0
805637,0
805638,0
805639,0
805640,30
805641,0
805642,0
805643,17
805644,0
805645,0
805646,23
805647,0
805648,0
805649,0
805650,0
805651,0
805652,0
805653,0
805654,0
805655,0
805656,0
805657,28
805658,0
805659,0
805660,0
805661,0
805662,0
805663,0
805664,0
805665,0
805666,0
805667,0
805668,0
805669,0
805670,0
805671,0
805672,0
805673,29
805674,0
805675,0
805676,0
805677,0
805678,0
805679,0
805680,0
805681,0
805682,26
805683,0
805684,0
805685,0
805686,0
805687,0
805688,0
805689,23
805690,0
805691,22
805692,0
805693,0
805694,0
805695,0
805696,0
805697,0
805698,0
805699,26
805700,0
805701,0
805702,0
805703,0
805704,0
805705,0
805706,0
805707,0
805708,30
805709,0
805710,0
805711,0
805712,0
805713,20
805714,0
805715,0
805716,0
805717,0
805718,0
805719,0
805720,0
805721,0
805722,0
805723,0
805724,0
805725,0
805726,0
805727,0
805728,0
805729,0
805730,0
805731,17
805732,0
805733,0
805734,0
805735,0
805736,0
805737,0
805738,0
805739,0
805740,0
805741,0
805742,0
805743,23
805744,0
805745,0
805746,0
805747,0
805748,15
805749,0
805750,0
805751,0
805752,0
805753,0
805754,0
805755,25
805756,0
805757,0
805758,0
805759,0
805760,0
805761,0
805762,0
805763,0
805764,0
805765,0
805766,0
805767,0
805768,28
805769,0
805770,31
805771,0
805772,0
805773,0
805774,30
805775,0
805776,0
805777,0
805778,0
805779,0
805780,0
805781,0
805782,0
805783,0
805784,0
805785,27
805786,20
805787,26
805788,14
805789,0
805790,0
805791,0
805792,0
805793,0
805794,0
805795,0
805796,0
805797,0
805798,25
805799,0
805800,0
805801,0
805802,0
805803,0
805804,20
805805,0
805806,0
805807,0
805808,0
805809,0
805810,0
805811,0
805812,0
805813,0
805814,0
805815,22
805816,0
805817,26
805818,0
805819,0
805820,0
805821,0
805822,0
805823,0
805824,0
805825,21
805826,20
805827,0
805828,0
805829,0
805830,0
805831,11
805832,0
805833,16
805834,0
805835,0
805836,0
805837,32
805838,27
805839,0
805840,0
805841,0
805842,0
805843,0
805844,20
805845,15
805846,20
805847,0
805848,0
805849,25
805850,0
805851,0
805852,0
805853,29
805854,0
805855,0
805856,0
805857,0
805858,0
805859,0
805860,17
805861,0
805862,0
805863,18
805864,0
805865,0
805866,0
805867,16
805868,0
805869,0
805870,0
805871,0
805872,0
805873,0
805874,0
805875,23
805876,0
805877,0
805878,0
805879,0
805880,0
805881,12
805882,0
805883,0
805884,0
805885,0
805886,0
805887,0
805888,0
805889,24
805890,0
805891,0
805892,0
805893,0
805894,27
805895,25
805896,0
805897,28
805898,0
805899,0
805900,0
805901,0
805902,0
805903,0
805904,28
805905,0
805906,0
805907,20
805908,0
805909,0
805910,0
805911,0
805912,21
805913,0
805914,0
805915,0
805916,0
805917,0
805918,18
805919,0
805920,0
805921,0
805922,0
805923,0
805924,0
805925,0
805926,0
805927,0
805928,10
805929,0
805930,0
805931,16
805932,0
805933,0
805934,0
805935,0
805936,15
805937,0
805938,14
805939,0
805940,39
805941,0
805942,0
805943,0
805944,0
805945,0
805946,0
805947,0
805948,26
805949,0
805950,31
805951,0
805952,23
805953,0
805954,0
805955,21
805956,0
805957,0
805958,0
805959,0
805960,0
805961,0
805962,0
805963,13
805964,0
805965,32
805966,0
805967,0
805968,0
805969,0
805970,24
805971,0
805972,0
805973,0
805974,28
805975,0
805976,18
805977,0
805978,0
805979,17
805980,0
805981,26
805982,0
805983,0
805984,19
805985,0
805986,0
805987,0
805988,12
805989,0
805990,0
805991,0
805992,17
805993,0
805994,0
805995,19
805996,0
805997,23
805998,0
805999,0
806000,30
806001,0
806002,0
806003,17
806004,16
806005,0
806006,0
806007,0
806008,0
806009,0
806010,0
806011,0
806012,0
806013,0
806014,17
806015,0
806016,0
806017,0
806018,0
806019,16
806020,18
806021,0
806022,0
806023,0
806024,0
806025,0
806026,0
806027,0
806028,0
806029,0
806030,0
806031,0
806032,0
806033,24
806034,0
806035,0
806036,0
806037,0
806038,0
806039,19
806040,0
806041,0
806042,0
806043,20
806044,0
806045,0
806046,0
806047,0
806048,27
806049,0
806050,0
806051,0
806052,0
806053,21
806054,0
806055,0
806056,0
806057,0
806058,0
806059,0
806060,27
806061,16
806062,0
806063,0
806064,0
806065,0
806066,27
806067,0
806068,0
806069,12
806070,0
806071,15
806072,0
806073,0
806074,0
806075,0
806076,0
806077,0
806078,0
806079,30
806080,0
806081,0
806082,0
806083,17
806084,0
806085,0
806086,0
806087,0
806088,0
806089,22
806090,19
806091,0
806092,0
806093,27
806094,0
806095,0
806096,0
806097,0
806098,0
806099,22
806100,24
806101,0
806102,25
806103,0
806104,19
806105,0
806106,23
806107,14
806108,33
806109,0
806110,0
806111,0
806112,0
806113,0
806114,0
806115,0
806116,0
806117,0
806118,0
806119,28
806120,0
806121,0
806122,0
806123,0
806124,0
806125,0
806126,23
806127,0
806128,22
806129,0
806130,0
806131,0
806132,0
806133,0
806134,0
806135,24
806136,0
806137,0
806138,0
806139,0
806140,0
806141,0
806142,0
806143,0
806144,0
806145,0
806146,0
806147,0
806148,16
806149,20
806150,0
806151,20
806152,0
806153,0
806154,0
806155,24
806156,0
806157,20
806158,0
806159,0
806160,0
806161,16
806162,0
806163,24
806164,0
806165,0
806166,0
806167,0
806168,0
806169,26
806170,0
806171,12
806172,0
806173,0
806174,26
806175,17
806176,0
806177,0
806178,22
806179,0
806180,0
806181,20
806182,14
806183,29
806184,19
806185,0
806186,0
806187,0
806188,0
806189,0
806190,14
806191,19
806192,0
806193,0
806194,0
806195,0
806196,0
806197,0
806198,20
806199,0
806200,0
806201,21
806202,0
806203,0
806204,26
806205,0
806206,0
806207,0
806208,0
806209,0
806210,0
806211,0
806212,0
806213,0
806214,0
806215,0
806216,0
806217,0
806218,0
806219,22
806220,0
806221,0
806222,0
806223,0
806224,0
806225,0
806226,0
806227,0
806228,0
806229,0
806230,0
806231,0
806232,0
806233,25
806234,0
806235,20
806236,0
806237,0
806238,0
806239,0
806240,29
806241,0
806242,0
806243,0
806244,0
806245,11
806246,0
806247,0
806248,18
806249,0
806250,0
806251,0
806252,0
806253,16
806254,0
806255,0
806256,0
806257,0
806258,0
806259,0
806260,0
806261,0
806262,0
806263,0
806264,18
806265,18
806266,29
806267,0
806268,20
806269,0
806270,0
806271,23
806272,19
806273,23
806274,8
806275,0
806276,0
806277,0
806278,20
806279,21
806280,0
806281,0
806282,0
806283,0
806284,21
806285,0
806286,0
806287,0
806288,0
806289,0
806290,0
806291,23
806292,0
806293,26
806294,0
806295,0
806296,0
806297,26
806298,0
806299,0
806300,23
806301,0
806302,20
806303,21
806304,0
806305,0
806306,0
806307,0
806308,29
806309,30
806310,0
806311,0
806312,0
806313,0
806314,19
806315,0
806316,0
806317,0
806318,0
806319,0
806320,14
806321,21
806322,0
806323,28
806324,34
806325,0
806326,22
806327,17
806328,0
806329,0
806330,0
806331,0
806332,0
806333,0
806334,18
806335,15
806336,35
806337,0
806338,0
806339,15
806340,0
806341,0
806342,0
806343,26
806344,0
806345,0
806346,0
806347,0
806348,19
806349,27
806350,0
806351,33
806352,0
806353,21
806354,0
806355,0
806356,0
806357,0
806358,20
806359,12
806360,0
806361,0
806362,0
806363,0
806364,0
806365,15
806366,0
806367,25
806368,0
806369,15
806370,0
806371,0
806372,21
806373,17
806374,0
806375,0
806376,0
806377,0
806378,0
806379,22
806380,19
806381,0
806382,0
806383,0
806384,0
806385,0
806386,0
806387,0
806388,14
806389,0
806390,20
806391,0
806392,0
806393,9
806394,0
806395,0
806396,0
806397,22
806398,0
806399,0
806400,0
806401,0
806402,0
806403,0
806404,0
806405,0
806406,0
806407,0
806408,0
806409,22
806410,0
806411,15
806412,0
806413,18
806414,0
806415,0
806416,12
806417,0
806418,19
806419,0
806420,0
806421,0
806422,0
806423,0
806424,0
806425,0
806426,0
806427,0
806428,0
806429,35
806430,0
806431,0
806432,0
806433,0
806434,0
806435,0
806436,28
806437,34
806438,0
806439,0
806440,27
806441,0
806442,0
806443,0
806444,0
806445,0
806446,14
806447,0
806448,0
806449,15
806450,0
806451,0
806452,0
806453,0
806454,25
806455,32
806456,16
806457,18
806458,35
806459,0
806460,0
806461,0
806462,23
806463,0
806464,0
806465,0
806466,35
806467,0
806468,0
806469,0
806470,17
806471,0
806472,0
806473,0
806474,0
806475,0
806476,18
806477,0
806478,0
806479,0
806480,22
806481,0
806482,0
806483,0
806484,19
806485,21
806486,21
806487,0
806488,0
806489,0
806490,0
806491,0
806492,0
806493,0
806494,0
806495,0
806496,14
806497,16
806498,15
806499,0
806500,25
806501,0
806502,0
806503,0
806504,0
806505,17
806506,0
806507,29
806508,0
806509,0
806510,0
806511,22
806512,0
806513,0
806514,24
806515,20
806516,0
806517,0
806518,0
806519,0
806520,0
806521,0
806522,9
806523,0
806524,22
806525,0
806526,0
806527,0
806528,19
806529,0
806530,0
806531,0
806532,18
806533,0
806534,0
806535,0
806536,0
806537,37
806538,0
806539,0
806540,14
806541,0
806542,0
806543,0
806544,0
806545,0
806546,30
806547,23
806548,0
806549,0
806550,0
806551,0
806552,35
806553,28
806554,0
806555,0
806556,0
806557,20
806558,0
806559,26
806560,0
806561,0
806562,0
806563,19
806564,0
806565,0
806566,0
806567,31
806568,17
806569,0
806570,16
806571,0
806572,20
806573,16
806574,0
806575,0
806576,0
806577,0
806578,0
806579,23
806580,0
806581,0
806582,29
806583,23
806584,0
806585,0
806586,0
806587,0
806588,0
806589,0
806590,0
806591,12
806592,30
806593,0
806594,18
806595,0
806596,0
806597,0
806598,0
806599,0
806600,33
806601,0
806602,0
806603,0
806604,42
806605,0
806606,0
806607,0
806608,0
806609,0
806610,0
806611,0
806612,0
806613,0
806614,0
806615,29
806616,0
806617,0
806618,0
806619,0
806620,28
806621,0
806622,30
806623,0
806624,0
806625,0
806626,18
806627,20
806628,0
806629,0
806630,0
806631,14
806632,0
806633,0
806634,0
806635,26
806636,0
806637,0
806638,0
806639,0
806640,23
806641,0
806642,0
806643,0
806644,22
806645,0
806646,0
806647,0
806648,0
806649,21
806650,0
806651,0
806652,0
806653,21
806654,0
806655,25
806656,0
806657,0
806658,33
806659,30
806660,0
806661,0
806662,0
806663,0
806664,0
806665,0
806666,21
806667,0
806668,0
806669,0
806670,15
806671,30
806672,0
806673,0
806674,16
806675,0
806676,0
806677,0
806678,0
806679,0
806680,27
806681,0
806682,0
806683,0
806684,0
806685,0
806686,0
806687,0
806688,0
806689,19
806690,0
806691,0
806692,0
806693,0
806694,0
806695,0
806696,0
806697,0
806698,22
806699,0
806700,26
806701,0
806702,0
806703,0
806704,0
806705,0
806706,14
806707,0
806708,0
806709,0
806710,0
806711,0
806712,0
806713,14
806714,12
806715,17
806716,21
806717,0
806718,23
806719,0
806720,0
806721,0
806722,0
806723,0
806724,0
806725,0
806726,0
806727,0
806728,26
806729,0
806730,11
806731,0
806732,6
806733,0
806734,0
806735,0
806736,0
806737,13
806738,18
806739,0
806740,14
806741,0
806742,0
806743,0
806744,0
806745,0
806746,17
806747,0
806748,9
806749,0
806750,0
806751,0
806752,8
806753,0
806754,18
806755,0
806756,0
806757,0
806758,0
806759,11
806760,0
806761,0
806762,0
806763,0
806764,0
806765,0
806766,0
806767,19
806768,0
806769,12
806770,0
806771,0
806772,0
806773,0
806774,0
806775,0
806776,0
806777,0
806778,0
806779,0
806780,0
806781,15
806782,25
806783,0
806784,0
806785,7
806786,0
806787,0
806788,0
806789,11
806790,0
806791,22
806792,15
806793,0
806794,0
806795,0
806796,0
806797,6
806798,0
806799,0
806800,4
806801,0
806802,0
806803,0
806804,13
806805,0
806806,0
806807,4
806808,0
806809,0
806810,0
806811,0
806812,0
806813,5
806814,0
806815,0
806816,12
806817,3
806818,0
806819,0
806820,43
806821,0
806822,0
806823,0
806824,0
806825,20
806826,0
806827,0
806828,0
806829,0
806830,0
806831,0
806832,0
806833,0
806834,0
806835,18
806836,21
806837,0
806838,21
806839,0
806840,0
806841,0
806842,0
806843,27
806844,11
806845,0
806846,16
806847,28
806848,24
806849,0
806850,0
806851,0
806852,0
806853,0
806854,0
806855,0
806856,27
806857,0
806858,0
806859,0
806860,14
806861,13
806862,8
806863,0
806864,0
806865,0
806866,0
806867,0
806868,0
806869,9
806870,0
806871,0
806872,0
806873,12
806874,0
806875,0
806876,0
806877,0
806878,0
806879,15
806880,13
806881,0
806882,12
806883,0
806884,13
806885,25
806886,13
806887,12
806888,11
806889,0
806890,0
806891,0
806892,0
806893,7
806894,16
806895,16
806896,0
806897,0
806898,19
806899,0
806900,0
806901,0
806902,3
806903,0
806904,6
806905,0
806906,0
806907,0
806908,0
806909,0
806910,0
806911,0
806912,0
806913,0
806914,0
806915,0
806916,0
806917,0
806918,0
806919,0
806920,0
806921,0
806922,14
806923,12
806924,0
806925,0
806926,26
806927,25
806928,0
806929,0
806930,0
806931,0
806932,0
806933,0
806934,9
806935,17
806936,19
806937,17
806938,0
806939,0
806940,0
806941,12
806942,0
806943,0
806944,0
806945,0
806946,0
806947,0
806948,0
806949,0
806950,0
806951,6
806952,0
806953,0
806954,0
806955,0
806956,0
806957,0
806958,26
806959,13
806960,0
806961,16
806962,23
806963,0
806964,0
806965,0
806966,20
806967,0
806968,0
806969,0
806970,14
806971,0
806972,0
806973,0
806974,0
806975,0
806976,0
806977,31
806978,0
806979,0
806980,5
806981,0
806982,14
806983,0
806984,0
806985,20
806986,0
806987,22
806988,0
806989,15
806990,22
806991,0
806992,0
806993,35
806994,0
806995,0
806996,6
806997,0
806998,0
806999,0
807000,0
807001,0
807002,0
807003,0
807004,18
807005,0
807006,0
807007,0
807008,0
807009,15
807010,0
807011,0
807012,19
807013,24
807014,0
807015,0
807016,0
807017,18
807018,0
807019,0
807020,0
807021,0
807022,28
807023,0
807024,9
807025,0
807026,13
807027,15
807028,0
807029,0
807030,0
807031,27
807032,24
807033,17
807034,12
807035,14
807036,18
807037,0
807038,0
807039,0
807040,0
807041,0
807042,26
807043,0
807044,0
807045,0
807046,22
807047,0
807048,0
807049,0
807050,26
807051,0
807052,0
807053,7
807054,14
807055,0
807056,18
807057,18
807058,0
807059,0
807060,0
807061,0
807062,0
807063,10
807064,0
807065,0
807066,0
807067,0
807068,0
807069,0
807070,0
807071,26
807072,8
807073,0
807074,0
807075,0
807076,12
807077,7
807078,0
807079,15
807080,15
807081,0
807082,17
807083,12
807084,0
807085,0
807086,0
807087,0
807088,0
807089,0
807090,0
807091,0
807092,0
807093,0
807094,13
807095,0
807096,0
807097,0
807098,11
807099,0
807100,0
807101,0
807102,42
807103,0
807104,0
807105,0
807106,0
807107,0
807108,16
807109,9
807110,0
807111,0
807112,10
807113,0
807114,0
807115,0
807116,0
807117,0
807118,0
807119,0
807120,0
807121,0
807122,0
807123,0
807124,18
807125,14
807126,0
807127,0
807128,0
807129,9
807130,0
807131,0
807132,0
807133,0
807134,0
807135,19
807136,0
807137,7
807138,0
807139,0
807140,0
807141,0
807142,24
807143,13
807144,0
807145,0
807146,0
807147,0
807148,0
807149,0
807150,25
807151,0
807152,0
807153,0
807154,0
807155,22
807156,0
807157,5
807158,0
807159,7
807160,0
807161,0
807162,5
807163,0
807164,0
807165,19
807166,0
807167,0
807168,0
807169,17
807170,0
807171,0
807172,0
807173,19
807174,0
807175,0
807176,0
807177,0
807178,0
807179,14
807180,9
807181,0
807182,0
807183,0
807184,0
807185,0
807186,0
807187,13
807188,0
807189,0
807190,8
807191,0
807192,0
807193,22
807194,24
807195,0
807196,15
807197,0
807198,0
807199,22
807200,12
807201,0
807202,0
807203,22
807204,0
807205,18
807206,0
807207,21
807208,0
807209,13
807210,0
807211,0
807212,0
807213,8
807214,0
807215,15
807216,0
807217,0
807218,16
807219,13
807220,0
807221,0
807222,11
807223,0
807224,0
807225,0
807226,0
807227,0
807228,0
807229,0
807230,0
807231,0
807232,0
807233,0
807234,0
807235,0
807236,0
807237,0
807238,0
807239,0
807240,0
807241,19
807242,10
807243,0
807244,21
807245,0
807246,0
807247,0
807248,0
807249,10
807250,0
807251,0
807252,0
807253,16
807254,0
807255,29
807256,19
807257,0
807258,11
807259,0
807260,0
807261,0
807262,0
807263,0
807264,0
807265,26
807266,0
807267,0
807268,0
807269,0
807270,0
807271,0
807272,0
807273,0
807274,0
807275,0
807276,29
807277,9
807278,0
807279,0
807280,10
807281,0
807282,0
807283,15
807284,16
807285,0
807286,0
807287,0
807288,0
807289,23
807290,0
807291,0
807292,0
807293,0
807294,0
807295,14
807296,0
807297,0
807298,10
807299,0
807300,14
807301,13
807302,20
807303,0
807304,8
807305,0
807306,0
807307,0
807308,24
807309,0
807310,0
807311,0
807312,12
807313,26
807314,17
807315,13
807316,12
807317,0
807318,0
807319,1
807320,0
807321,0
807322,13
807323,0
807324,13
807325,0
807326,0
807327,0
807328,0
807329,0
807330,0
807331,0
807332,0
807333,0
807334,20
807335,0
807336,0
807337,0
807338,0
807339,11
807340,0
807341,0
807342,0
807343,0
807344,0
807345,0
807346,0
807347,0
807348,0
807349,14
807350,0
807351,0
807352,0
807353,6
807354,0
807355,0
807356,0
807357,19
807358,0
807359,10
807360,17
807361,0
807362,0
807363,21
807364,10
807365,0
807366,0
807367,0
807368,14
807369,13
807370,17
807371,0
807372,20
807373,19
807374,2
807375,0
807376,23
807377,7
807378,0
807379,0
807380,0
807381,0
807382,0
807383,0
807384,12
807385,0
807386,0
807387,0
807388,0
807389,0
807390,18
807391,0
807392,0
807393,22
807394,0
807395,0
807396,0
807397,31
807398,8
807399,0
807400,30
807401,11
807402,0
807403,0
807404,0
807405,0
807406,0
807407,23
807408,0
807409,14
807410,22
807411,19
807412,8
807413,0
807414,0
807415,0
807416,0
807417,0
807418,0
807419,4
807420,0
807421,15
807422,0
807423,0
807424,13
807425,0
807426,16
807427,0
807428,0
807429,0
807430,12
807431,8
807432,0
807433,0
807434,0
807435,0
807436,0
807437,7
807438,0
807439,19
807440,0
807441,0
807442,0
807443,0
807444,20
807445,0
807446,0
807447,8
807448,0
807449,0
807450,0
807451,0
807452,13
807453,0
807454,0
807455,0
807456,0
807457,0
807458,12
807459,0
807460,0
807461,0
807462,24
807463,18
807464,0
807465,0
807466,0
807467,0
807468,0
807469,0
807470,0
807471,0
807472,0
807473,23
807474,20
807475,0
807476,0
807477,14
807478,0
807479,0
807480,0
807481,0
807482,0
807483,0
807484,21
807485,0
807486,0
807487,0
807488,0
807489,0
807490,0
807491,0
807492,0
807493,0
807494,0
807495,0
807496,10
807497,15
807498,10
807499,0
807500,0
807501,0
807502,0
807503,0
807504,0
807505,0
807506,0
807507,0
807508,6
807509,5
807510,0
807511,0
807512,20
807513,0
807514,0
807515,0
807516,0
807517,0
807518,0
807519,7
807520,0
807521,0
807522,0
807523,14
807524,0
807525,0
807526,0
807527,0
807528,0
807529,16
807530,0
807531,0
807532,10
807533,0
807534,0
807535,0
807536,0
807537,0
807538,16
807539,0
807540,13
807541,0
807542,0
807543,0
807544,0
807545,0
807546,0
807547,0
807548,0
807549,0
807550,19
807551,19
807552,14
807553,29
807554,18
807555,0
807556,0
807557,0
807558,13
807559,0
807560,0
807561,0
807562,0
807563,0
807564,0
807565,0
807566,0
807567,0
807568,0
807569,0
807570,22
807571,10
807572,0
807573,16
807574,6
807575,0
807576,0
807577,0
807578,0
807579,19
807580,0
807581,0
807582,7
807583,0
807584,0
807585,0
807586,0
807587,0
807588,0
807589,0
807590,0
807591,0
807592,14
807593,0
807594,0
807595,6
807596,17
807597,0
807598,0
807599,0
807600,14
807601,0
807602,0
807603,0
807604,0
807605,0
807606,0
807607,0
807608,13
807609,40
807610,16
807611,9
807612,0
807613,0
807614,0
807615,0
807616,0
807617,10
807618,11
807619,0
807620,6
807621,0
807622,0
807623,0
807624,8
807625,0
807626,19
807627,8
807628,18
807629,0
807630,0
807631,0
807632,0
807633,7
807634,0
807635,5
807636,0
807637,2
807638,0
807639,0
807640,28
807641,26
807642,0
807643,0
807644,0
807645,0
807646,0
807647,0
807648,0
807649,0
807650,0
807651,26
807652,22
807653,0
807654,0
807655,0
807656,0
807657,0
807658,0
807659,0
807660,0
807661,0
807662,0
807663,0
807664,21
807665,0
807666,0
807667,18
807668,0
807669,0
807670,21
807671,0
807672,0
807673,0
807674,0
807675,0
807676,0
807677,0
807678,0
807679,21
807680,0
807681,24
807682,0
807683,0
807684,0
807685,0
807686,0
807687,0
807688,0
807689,20
807690,0
807691,0
807692,0
807693,0
807694,0
807695,18
807696,0
807697,0
807698,0
807699,0
807700,0
807701,0
807702,0
807703,0
807704,0
807705,0
807706,0
807707,0
807708,0
807709,33
807710,0
807711,18
807712,21
807713,0
807714,0
807715,0
807716,0
807717,0
807718,0
807719,0
807720,0
807721,0
807722,0
807723,0
807724,20
807725,0
807726,0
807727,0
807728,19
807729,0
807730,0
807731,38
807732,0
807733,0
807734,33
807735,15
807736,0
807737,22
807738,0
807739,0
807740,0
807741,0
807742,0
807743,0
807744,0
807745,24
807746,0
807747,17
807748,0
807749,0
807750,0
807751,0
807752,0
807753,0
807754,0
807755,0
807756,0
807757,0
807758,0
807759,0
807760,0
807761,0
807762,13
807763,0
807764,0
807765,0
807766,0
807767,20
807768,0
807769,28
807770,0
807771,0
807772,0
807773,31
807774,30
807775,0
807776,26
807777,0
807778,0
807779,22
807780,0
807781,26
807782,0
807783,0
807784,0
807785,22
807786,0
807787,0
807788,0
807789,0
807790,0
807791,0
807792,0
807793,30
807794,0
807795,0
807796,0
807797,0
807798,19
807799,0
807800,0
807801,0
807802,0
807803,0
807804,0
807805,0
807806,0
807807,0
807808,0
807809,0
807810,0
807811,0
807812,0
807813,0
807814,0
807815,0
807816,0
807817,0
807818,0
807819,20
807820,0
807821,0
807822,0
807823,20
807824,0
807825,0
807826,0
807827,0
807828,0
807829,0
807830,0
807831,0
807832,0
807833,0
807834,0
807835,0
807836,0
807837,21
807838,0
807839,0
807840,28
807841,0
807842,0
807843,36
807844,0
807845,0
807846,0
807847,0
807848,28
807849,0
807850,0
807851,0
807852,0
807853,0
807854,0
807855,0
807856,0
807857,0
807858,0
807859,0
807860,0
807861,0
807862,0
807863,0
807864,0
807865,24
807866,0
807867,0
807868,0
807869,0
807870,0
807871,0
807872,0
807873,33
807874,0
807875,0
807876,0
807877,0
807878,0
807879,0
807880,0
807881,0
807882,0
807883,0
807884,0
807885,0
807886,0
807887,0
807888,0
807889,0
807890,22
807891,0
807892,0
807893,0
807894,0
807895,0
807896,0
807897,0
807898,0
807899,0
807900,0
807901,17
807902,0
807903,0
807904,0
807905,0
807906,0
807907,0
807908,0
807909,0
807910,0
807911,37
807912,0
807913,29
807914,0
807915,23
807916,0
807917,0
807918,0
807919,0
807920,0
807921,0
807922,36
807923,0
807924,0
807925,0
807926,0
807927,0
807928,0
807929,0
807930,31
807931,0
807932,21
807933,7
807934,0
807935,0
807936,0
807937,0
807938,0
807939,0
807940,0
807941,0
807942,0
807943,0
807944,29
807945,0
807946,0
807947,0
807948,0
807949,0
807950,0
807951,0
807952,0
807953,0
807954,0
807955,0
807956,0
807957,0
807958,0
807959,0
807960,0
807961,19
807962,0
807963,0
807964,0
807965,0
807966,0
807967,0
807968,16
807969,0
807970,0
807971,0
807972,0
807973,0
807974,0
807975,0
807976,0
807977,0
807978,0
807979,0
807980,0
807981,0
807982,0
807983,0
807984,0
807985,0
807986,0
807987,0
807988,0
807989,0
807990,0
807991,0
807992,0
807993,0
807994,0
807995,0
807996,0
807997,19
807998,0
807999,0
808000,0
808001,0
808002,20
808003,0
808004,0
808005,0
808006,0
808007,0
808008,0
808009,24
808010,0
808011,0
808012,17
808013,28
808014,0
808015,0
808016,0
808017,9
808018,0
808019,23
808020,0
808021,0
808022,0
808023,0
808024,0
808025,0
808026,0
808027,0
808028,17
808029,20
808030,0
808031,0
808032,28
808033,0
808034,0
808035,0
808036,0
808037,0
808038,0
808039,0
808040,0
808041,0
808042,23
808043,0
808044,0
808045,0
808046,35
808047,0
808048,14
808049,0
808050,0
808051,0
808052,0
808053,24
808054,20
808055,0
808056,0
808057,22
808058,0
808059,22
808060,0
808061,0
808062,0
808063,0
808064,0
808065,0
808066,0
808067,0
808068,0
808069,0
808070,0
808071,0
808072,0
808073,0
808074,0
808075,0
808076,0
808077,0
808078,21
808079,0
808080,13
808081,0
808082,0
808083,0
808084,0
808085,0
808086,0
808087,0
808088,0
808089,0
808090,0
808091,0
808092,0
808093,0
808094,0
808095,0
808096,22
808097,16
808098,0
808099,0
808100,0
808101,28
808102,0
808103,0
808104,0
808105,0
808106,0
808107,0
808108,0
808109,0
808110,0
808111,0
808112,0
808113,0
808114,0
808115,29
808116,19
808117,0
808118,0
808119,0
808120,12
808121,0
808122,0
808123,0
808124,0
808125,26
808126,25
808127,0
808128,34
808129,0
808130,0
808131,0
808132,0
808133,0
808134,17
808135,0
808136,0
808137,0
808138,0
808139,0
808140,0
808141,0
808142,0
808143,0
808144,0
808145,0
808146,0
808147,0
808148,0
808149,22
808150,27
808151,17
808152,21
808153,0
808154,20
808155,0
808156,0
808157,0
808158,0
808159,0
808160,0
808161,0
808162,0
808163,23
808164,23
808165,20
808166,27
808167,0
808168,0
808169,0
808170,27
808171,0
808172,23
808173,0
808174,18
808175,0
808176,0
808177,28
808178,0
808179,0
808180,0
808181,0
808182,0
808183,0
808184,0
808185,0
808186,0
808187,0
808188,0
808189,0
808190,0
808191,0
808192,0
808193,23
808194,0
808195,0
808196,0
808197,0
808198,0
808199,0
808200,0
808201,0
808202,0
808203,0
808204,0
808205,0
808206,0
808207,0
808208,0
808209,0
808210,0
808211,0
808212,0
808213,0
808214,14
808215,0
808216,0
808217,0
808218,0
808219,0
808220,0
808221,0
808222,0
808223,0
808224,0
808225,0
808226,0
808227,0
808228,0
808229,0
808230,0
808231,20
808232,0
808233,0
808234,0
808235,18
808236,0
808237,0
808238,0
808239,0
808240,0
808241,0
808242,0
808243,0
808244,0
808245,0
808246,0
808247,0
808248,0
808249,0
808250,0
808251,0
808252,28
808253,16
808254,0
808255,0
808256,28
808257,0
808258,16
808259,0
808260,0
808261,0
808262,0
808263,0
808264,0
808265,8
808266,0
808267,7
808268,0
808269,0
808270,0
808271,0
808272,0
808273,0
808274,0
808275,0
808276,0
808277,0
808278,0
808279,0
808280,3
808281,0
808282,0
808283,0
808284,0
808285,9
808286,0
808287,0
808288,0
808289,13
808290,0
808291,0
808292,0
808293,0
808294,0
808295,0
808296,0
808297,0
808298,0
808299,0
808300,5
808301,0
808302,0
808303,0
808304,0
808305,0
808306,0
808307,0
808308,0
808309,0
808310,0
808311,0
808312,0
808313,0
808314,0
808315,0
808316,8
808317,0
808318,0
808319,0
808320,0
808321,0
808322,0
808323,10
808324,0
808325,0
808326,4
808327,0
808328,0
808329,0
808330,0
808331,0
808332,9
808333,0
808334,7
808335,0
808336,0
808337,0
808338,0
808339,0
808340,0
808341,2
808342,0
808343,0
808344,0
808345,0
808346,0
808347,0
808348,0
808349,0
808350,0
808351,0
808352,0
808353,0
808354,0
808355,17
808356,0
808357,0
808358,0
808359,0
808360,11
808361,0
808362,0
808363,0
808364,7
808365,0
808366,0
808367,0
808368,0
808369,0
808370,0
808371,0
808372,0
808373,0
808374,12
808375,0
808376,0
808377,6
808378,0
808379,0
808380,14
808381,0
808382,0
808383,0
808384,0
808385,0
808386,0
808387,0
808388,0
808389,0
808390,0
808391,0
808392,11
808393,0
808394,0
808395,0
808396,0
808397,15
808398,0
808399,0
808400,0
808401,0
808402,0
808403,0
808404,7
808405,0
808406,0
808407,0
808408,0
808409,0
808410,0
808411,0
808412,0
808413,8
808414,0
808415,0
808416,0
808417,0
808418,0
808419,0
808420,0
808421,0
808422,0
808423,0
808424,0
808425,9
808426,0
808427,12
808428,0
808429,0
808430,0
808431,0
808432,0
808433,0
808434,0
808435,13
808436,0
808437,0
808438,0
808439,0
808440,0
808441,0
808442,0
808443,0
808444,0
808445,0
808446,0
808447,0
808448,0
808449,0
808450,9
808451,0
808452,0
808453,0
808454,0
808455,0
808456,0
808457,0
808458,0
808459,0
808460,0
808461,0
808462,0
808463,11
808464,0
808465,5
808466,7
808467,0
808468,9
808469,10
808470,0
808471,0
808472,0
808473,0
808474,0
808475,0
808476,7
808477,0
808478,0
808479,0
808480,0
808481,12
808482,0
808483,0
808484,0
808485,0
808486,0
808487,13
808488,0
808489,0
808490,0
808491,0
808492,0
808493,0
808494,0
808495,0
808496,6
808497,0
808498,0
808499,0
808500,0
808501,0
808502,0
808503,0
808504,6
808505,0
808506,0
808507,0
808508,0
808509,0
808510,0
808511,0
808512,0
808513,0
808514,0
808515,0
808516,6
808517,0
808518,0
808519,0
808520,0
808521,0
808522,0
808523,0
808524,0
808525,0
808526,0
808527,0
808528,0
808529,0
808530,19
808531,0
808532,10
808533,8
808534,0
808535,0
808536,0
808537,0
808538,0
808539,0
808540,12
808541,0
808542,0
808543,0
808544,8
808545,0
808546,0
808547,0
808548,0
808549,0
808550,0
808551,0
808552,0
808553,6
808554,0
808555,0
808556,0
808557,0
808558,0
808559,0
808560,0
808561,5
808562,12
808563,0
808564,0
808565,0
808566,0
808567,0
808568,0
808569,8
808570,0
808571,0
808572,0
808573,0
808574,0
808575,0
808576,0
808577,0
808578,0
808579,0
808580,4
808581,0
808582,0
808583,0
808584,0
808585,0
808586,0
808587,0
808588,0
808589,10
808590,0
808591,5
808592,0
808593,5
808594,0
808595,0
808596,0
808597,0
808598,0
808599,0
808600,0
808601,0
808602,0
808603,11
808604,0
808605,0
808606,0
808607,0
808608,6
808609,0
808610,0
808611,0
808612,4
808613,0
808614,0
808615,0
808616,0
808617,0
808618,0
808619,0
808620,9
808621,0
808622,0
808623,0
808624,0
808625,10
808626,0
808627,0
808628,0
808629,0
808630,0
808631,6
808632,0
808633,0
808634,0
808635,0
808636,0
808637,0
808638,0
808639,0
808640,0
808641,0
808642,0
808643,0
808644,0
808645,0
808646,0
808647,0
808648,0
808649,0
808650,9
808651,0
808652,0
808653,0
808654,0
808655,0
808656,0
808657,0
808658,0
808659,0
808660,7
808661,0
808662,0
808663,11
808664,0
808665,0
808666,0
808667,0
808668,0
808669,0
808670,0
808671,0
808672,0
808673,0
808674,0
808675,0
808676,2
808677,0
808678,8
808679,0
808680,0
808681,0
808682,0
808683,0
808684,0
808685,0
808686,0
808687,0
808688,2
808689,0
808690,0
808691,0
808692,0
808693,16
808694,0
808695,0
808696,0
808697,0
808698,0
808699,0
808700,0
808701,0
808702,0
808703,0
808704,14
808705,0
808706,0
808707,0
808708,0
808709,0
808710,3
808711,0
808712,0
808713,0
808714,0
808715,0
808716,0
808717,5
808718,0
808719,11
808720,13
808721,0
808722,0
808723,0
808724,0
808725,0
808726,0
808727,0
808728,0
808729,0
808730,0
808731,0
808732,0
808733,0
808734,0
808735,5
808736,0
808737,14
808738,0
808739,0
808740,0
808741,0
808742,0
808743,0
808744,0
808745,0
808746,9
808747,0
808748,0
808749,0
808750,0
808751,0
808752,0
808753,0
808754,13
808755,10
808756,0
808757,0
808758,0
808759,13
808760,0
808761,0
808762,0
808763,0
808764,0
808765,0
808766,9
808767,0
808768,0
808769,0
808770,0
808771,0
808772,0
808773,0
808774,3
808775,2
808776,0
808777,0
808778,0
808779,0
808780,0
808781,16
808782,7
808783,0
808784,0
808785,0
808786,0
808787,0
808788,0
808789,4
808790,0
808791,0
808792,0
808793,0
808794,0
808795,0
808796,0
808797,9
808798,0
808799,4
808800,0
808801,8
808802,0
808803,0
808804,0
808805,0
808806,0
808807,0
808808,0
808809,0
808810,8
808811,0
808812,0
808813,0
808814,0
808815,12
808816,0
808817,0
808818,0
808819,0
808820,9
808821,0
808822,0
808823,0
808824,0
808825,0
808826,0
808827,0
808828,0
808829,0
808830,0
808831,0
808832,0
808833,0
808834,0
808835,0
808836,0
808837,0
808838,0
808839,0
808840,0
808841,0
808842,0
808843,6
808844,10
808845,13
808846,0
808847,0
808848,0
808849,0
808850,0
808851,0
808852,0
808853,0
808854,0
808855,0
808856,0
808857,0
808858,0
808859,0
808860,0
808861,0
808862,0
808863,0
808864,5
808865,0
808866,10
808867,0
808868,6
808869,0
808870,6
808871,0
808872,0
808873,0
808874,0
808875,0
808876,6
808877,0
808878,0
808879,0
808880,0
808881,0
808882,0
808883,0
808884,0
808885,5
808886,0
808887,0
808888,0
808889,0
808890,0
808891,0
808892,0
808893,0
808894,8
808895,0
808896,0
808897,0
808898,0
808899,0
808900,0
808901,0
808902,0
808903,0
808904,13
808905,7
808906,0
808907,8
808908,5
808909,11
808910,0
808911,0
808912,0
808913,0
808914,0
808915,7
808916,0
808917,0
808918,0
808919,0
808920,0
808921,0
808922,0
808923,0
808924,0
808925,0
808926,0
808927,0
808928,0
808929,0
808930,0
808931,0
808932,0
808933,0
808934,9
808935,0
808936,6
808937,0
808938,0
808939,0
808940,0
808941,0
808942,0
808943,0
808944,0
808945,0
808946,0
808947,0
808948,0
808949,9
808950,16
808951,0
808952,0
808953,0
808954,0
808955,0
808956,0
808957,0
808958,0
808959,0
808960,0
808961,0
808962,0
808963,12
808964,0
808965,0
808966,0
808967,0
808968,0
808969,0
808970,0
808971,0
808972,0
808973,0
808974,0
808975,0
808976,0
808977,0
808978,0
808979,0
808980,0
808981,0
808982,7
808983,0
808984,12
808985,0
808986,0
808987,0
808988,0
808989,0
808990,0
808991,0
808992,0
808993,0
808994,12
808995,17
808996,0
808997,10
808998,0
808999,0
809000,0
809001,0
809002,0
809003,0
809004,0
809005,0
809006,0
809007,0
809008,0
809009,0
809010,0
809011,0
809012,0
809013,0
809014,0
809015,0
809016,0
809017,0
809018,0
809019,11
809020,0
809021,0
809022,0
809023,0
809024,0
809025,0
809026,5
809027,0
809028,0
809029,0
809030,0
809031,0
809032,0
809033,0
809034,0
809035,8
809036,0
809037,0
809038,0
809039,0
809040,0
809041,14
809042,0
809043,0
809044,8
809045,0
809046,0
809047,8
809048,0
809049,0
809050,0
809051,0
809052,0
809053,7
809054,6
809055,0
809056,0
809057,0
809058,0
809059,0
809060,0
809061,9
809062,0
809063,0
809064,0
809065,0
809066,0
809067,0
809068,0
809069,0
809070,0
809071,0
809072,0
809073,0
809074,0
809075,0
809076,0
809077,0
809078,0
809079,0
809080,0
809081,0
809082,0
809083,0
809084,0
809085,0
809086,0
809087,9
809088,0
809089,12
809090,11
809091,0
809092,0
809093,0
809094,0
809095,0
809096,0
809097,0
809098,0
809099,0
809100,0
809101,6
809102,0
809103,0
809104,9
809105,0
809106,0
809107,0
809108,6
809109,0
809110,0
809111,0
809112,0
809113,0
809114,0
809115,0
809116,0
809117,0
809118,0
809119,0
809120,0
809121,6
809122,0
809123,0
809124,0
809125,0
809126,0
809127,40
809128,0
809129,17
809130,35
809131,0
809132,0
809133,21
809134,0
809135,0
809136,24
809137,0
809138,0
809139,61
809140,0
809141,0
809142,43
809143,38
809144,23
809145,0
809146,0
809147,0
809148,34
809149,0
809150,0
809151,26
809152,0
809153,56
809154,0
809155,0
809156,0
809157,0
809158,0
809159,0
809160,41
809161,0
809162,0
809163,28
809164,0
809165,0
809166,0
809167,0
809168,0
809169,0
809170,42
809171,0
809172,0
809173,0
809174,36
809175,0
809176,43
809177,0
809178,0
809179,0
809180,0
809181,0
809182,39
809183,37
809184,0
809185,38
809186,0
809187,0
809188,0
809189,0
809190,0
809191,23
809192,0
809193,0
809194,34
809195,0
809196,43
809197,0
809198,0
809199,31
809200,0
809201,0
809202,0
809203,0
809204,0
809205,0
809206,48
809207,0
809208,0
809209,0
809210,37
809211,35
809212,43
809213,40
809214,0
809215,37
809216,0
809217,0
809218,44
809219,0
809220,0
809221,0
809222,24
809223,0
809224,0
809225,0
809226,45
809227,0
809228,28
809229,0
809230,0
809231,44
809232,35
809233,0
809234,0
809235,0
809236,0
809237,0
809238,0
809239,0
809240,0
809241,0
809242,0
809243,0
809244,0
809245,51
809246,0
809247,47
809248,0
809249,0
809250,0
809251,37
809252,0
809253,47
809254,0
809255,42
809256,0
809257,0
809258,0
809259,31
809260,0
809261,34
809262,0
809263,0
809264,30
809265,0
809266,17
809267,27
809268,0
809269,31
809270,42
809271,0
809272,0
809273,0
809274,0
809275,43
809276,0
809277,35
809278,0
809279,47
809280,27
809281,0
809282,31
809283,0
809284,34
809285,0
809286,0
809287,0
809288,0
809289,0
809290,20
809291,24
809292,0
809293,0
809294,0
809295,0
809296,0
809297,0
809298,0
809299,0
809300,0
809301,41
809302,29
809303,26
809304,31
809305,0
809306,24
809307,0
809308,0
809309,0
809310,0
809311,0
809312,0
809313,0
809314,36
809315,0
809316,0
809317,0
809318,0
809319,32
809320,0
809321,0
809322,25
809323,0
809324,0
809325,0
809326,51
809327,0
809328,0
809329,0
809330,0
809331,0
809332,0
809333,0
809334,25
809335,36
809336,19
809337,0
809338,0
809339,0
809340,0
809341,0
809342,0
809343,0
809344,0
809345,34
809346,0
809347,0
809348,0
809349,0
809350,0
809351,0
809352,0
809353,0
809354,35
809355,0
809356,0
809357,0
809358,0
809359,0
809360,0
809361,41
809362,30
809363,0
809364,33
809365,0
809366,0
809367,0
809368,0
809369,0
809370,0
809371,0
809372,31
809373,0
809374,0
809375,29
809376,0
809377,40
809378,28
809379,19
809380,0
809381,0
809382,34
809383,60
809384,0
809385,0
809386,48
809387,0
809388,0
809389,0
809390,0
809391,0
809392,0
809393,0
809394,0
809395,0
809396,0
809397,37
809398,0
809399,0
809400,0
809401,0
809402,57
809403,0
809404,0
809405,37
809406,36
809407,0
809408,38
809409,0
809410,0
809411,0
809412,0
809413,0
809414,0
809415,33
809416,0
809417,0
809418,0
809419,0
809420,25
809421,38
809422,0
809423,32
809424,0
809425,0
809426,0
809427,0
809428,0
809429,50
809430,0
809431,0
809432,0
809433,0
809434,0
809435,0
809436,0
809437,0
809438,49
809439,0
809440,0
809441,0
809442,21
809443,47
809444,26
809445,35
809446,0
809447,58
809448,0
809449,0
809450,0
809451,34
809452,0
809453,35
809454,36
809455,0
809456,0
809457,0
809458,0
809459,20
809460,0
809461,42
809462,0
809463,0
809464,0
809465,0
809466,0
809467,0
809468,28
809469,42
809470,0
809471,0
809472,0
809473,35
809474,0
809475,0
809476,25
809477,0
809478,48
809479,46
809480,0
809481,0
809482,0
809483,0
809484,0
809485,34
809486,0
809487,0
809488,0
809489,0
809490,0
809491,0
809492,0
809493,0
809494,0
809495,40
809496,30
809497,0
809498,0
809499,0
809500,21
809501,0
809502,34
809503,0
809504,27
809505,38
809506,0
809507,0
809508,0
809509,0
809510,0
809511,0
809512,0
809513,0
809514,0
809515,0
809516,0
809517,0
809518,26
809519,0
809520,48
809521,0
809522,0
809523,0
809524,0
809525,0
809526,33
809527,39
809528,0
809529,0
809530,36
809531,27
809532,47
809533,0
809534,44
809535,36
809536,0
809537,0
809538,0
809539,0
809540,36
809541,0
809542,0
809543,31
809544,0
809545,29
809546,0
809547,50
809548,0
809549,0
809550,0
809551,28
809552,0
809553,0
809554,7
809555,0
809556,0
809557,0
809558,0
809559,0
809560,0
809561,6
809562,0
809563,0
809564,3
809565,0
809566,0
809567,0
809568,0
809569,0
809570,0
809571,10
809572,0
809573,0
809574,0
809575,0
809576,0
809577,0
809578,0
809579,0
809580,0
809581,0
809582,10
809583,0
809584,6
809585,0
809586,0
809587,3
809588,0
809589,0
809590,0
809591,0
809592,0
809593,0
809594,0
809595,0
809596,0
809597,10
809598,0
809599,0
809600,7
809601,0
809602,15
809603,0
809604,0
809605,0
809606,0
809607,0
809608,0
809609,0
809610,0
809611,9
809612,0
809613,0
809614,0
809615,0
809616,0
809617,9
809618,0
809619,7
809620,0
809621,0
809622,0
809623,0
809624,0
809625,0
809626,15
809627,0
809628,0
809629,0
809630,0
809631,0
809632,0
809633,0
809634,7
809635,0
809636,7
809637,0
809638,5
809639,0
809640,0
809641,0
809642,10
809643,0
809644,0
809645,12
809646,0
809647,5
809648,0
809649,9
809650,0
809651,0
809652,0
809653,0
809654,0
809655,0
809656,0
809657,0
809658,0
809659,0
809660,0
809661,0
809662,0
809663,0
809664,0
809665,0
809666,0
809667,0
809668,0
809669,0
809670,0
809671,0
809672,0
809673,0
809674,12
809675,12
809676,0
809677,0
809678,0
809679,10
809680,0
809681,0
809682,0
809683,0
809684,0
809685,0
809686,12
809687,0
809688,0
809689,0
809690,9
809691,0
809692,0
809693,0
809694,15
809695,12
809696,0
809697,0
809698,0
809699,0
809700,0
809701,0
809702,0
809703,0
809704,0
809705,0
809706,0
809707,0
809708,8
809709,9
809710,0
809711,0
809712,0
809713,0
809714,0
809715,0
809716,0
809717,11
809718,10
809719,0
809720,0
809721,0
809722,0
809723,0
809724,0
809725,0
809726,0
809727,0
809728,0
809729,6
809730,6
809731,0
809732,0
809733,0
809734,0
809735,15
809736,0
809737,8
809738,0
809739,5
809740,0
809741,0
809742,0
809743,0
809744,0
809745,8
809746,11
809747,0
809748,13
809749,0
809750,0
809751,0
809752,10
809753,0
809754,0
809755,0
809756,0
809757,0
809758,8
809759,0
809760,10
809761,13
809762,0
809763,0
809764,0
809765,0
809766,8
809767,10
809768,0
809769,0
809770,0
809771,6
809772,0
809773,0
809774,0
809775,6
809776,0
809777,0
809778,15
809779,0
809780,0
809781,0
809782,0
809783,0
809784,7
809785,0
809786,10
809787,14
809788,0
809789,0
809790,0
809791,0
809792,0
809793,0
809794,0
809795,0
809796,10
809797,0
809798,0
809799,0
809800,12
809801,0
809802,0
809803,6
809804,0
809805,0
809806,7
809807,0
809808,0
809809,0
809810,0
809811,16
809812,0
809813,7
809814,0
809815,0
809816,12
809817,0
809818,0
809819,0
809820,0
809821,0
809822,0
809823,0
809824,0
809825,0
809826,0
809827,0
809828,0
809829,0
809830,0
809831,0
809832,0
809833,0
809834,0
809835,8
809836,0
809837,0
809838,0
809839,7
809840,10
809841,8
809842,0
809843,0
809844,11
809845,0
809846,0
809847,0
809848,0
809849,0
809850,11
809851,0
809852,0
809853,0
809854,0
809855,7
809856,0
809857,0
809858,0
809859,0
809860,10
809861,0
809862,0
809863,6
809864,0
809865,0
809866,0
809867,0
809868,8
809869,0
809870,0
809871,0
809872,11
809873,0
809874,0
809875,0
809876,0
809877,17
809878,0
809879,0
809880,6
809881,12
809882,0
809883,0
809884,0
809885,0
809886,0
809887,0
809888,11
809889,0
809890,0
809891,0
809892,0
809893,0
809894,0
809895,0
809896,12
809897,0
809898,0
809899,5
809900,0
809901,0
809902,0
809903,0
809904,0
809905,0
809906,0
809907,18
809908,0
809909,0
809910,0
809911,0
809912,0
809913,0
809914,0
809915,8
809916,0
809917,0
809918,14
809919,0
809920,0
809921,0
809922,3
809923,0
809924,5
809925,0
809926,12
809927,0
809928,0
809929,0
809930,0
809931,6
809932,0
809933,0
809934,0
809935,0
809936,7
809937,0
809938,0
809939,0
809940,12
809941,0
809942,13
809943,8
809944,0
809945,0
809946,0
809947,0
809948,8
809949,8
809950,0
809951,8
809952,10
809953,8
809954,0
809955,0
809956,0
809957,0
809958,0
809959,0
809960,0
809961,0
809962,0
809963,0
809964,0
809965,0
809966,0
809967,0
809968,0
809969,0
809970,0
809971,0
809972,13
809973,6
809974,0
809975,0
809976,0
809977,9
809978,0
809979,0
809980,0
809981,0
809982,0
809983,7
809984,12
809985,0
809986,0
809987,0
809988,9
809989,0
809990,0
809991,0
809992,0
809993,0
809994,0
809995,0
809996,0
809997,0
809998,0
809999,0
810000,0
810001,0
810002,11
810003,10
810004,0
810005,0
810006,0
810007,0
810008,0
810009,0
810010,0
810011,0
810012,0
810013,0
810014,0
810015,0
810016,0
810017,0
810018,0
810019,0
810020,0
810021,0
810022,0
810023,0
810024,0
810025,0
810026,0
810027,4
810028,0
810029,0
810030,5
810031,17
810032,0
810033,0
810034,0
810035,7
810036,0
810037,5
810038,0
810039,14
810040,0
810041,0
810042,0
810043,6
810044,0
810045,0
810046,0
810047,0
810048,0
810049,15
810050,9
810051,0
810052,0
810053,0
810054,0
810055,0
810056,0
810057,8
810058,0
810059,0
810060,8
810061,0
810062,0
810063,0
810064,0
810065,3
810066,0
810067,0
810068,0
810069,0
810070,0
810071,0
810072,0
810073,0
810074,0
810075,0
810076,0
810077,0
810078,0
810079,0
810080,0
810081,9
810082,0
810083,0
810084,0
810085,0
810086,13
810087,0
810088,0
810089,0
810090,0
810091,0
810092,0
810093,0
810094,0
810095,0
810096,12
810097,7
810098,14
810099,0
810100,0
810101,0
810102,8
810103,0
810104,0
810105,10
810106,0
810107,0
810108,0
810109,0
810110,0
810111,0
810112,2
810113,0
810114,5
810115,0
810116,0
810117,0
810118,8
810119,0
810120,0
810121,0
810122,0
810123,9
810124,0
810125,0
810126,6
810127,0
810128,0
810129,0
810130,0
810131,0
810132,0
810133,0
810134,0
810135,4
810136,0
810137,0
810138,0
810139,0
810140,0
810141,12
810142,11
810143,0
810144,0
810145,0
810146,12
810147,0
810148,12
810149,8
810150,0
810151,0
810152,0
810153,0
810154,0
810155,0
810156,0
810157,0
810158,0
810159,14
810160,10
810161,0
810162,0
810163,4
810164,11
810165,0
810166,8
810167,0
810168,0
810169,0
810170,0
810171,7
810172,0
810173,11
810174,11
810175,7
810176,0
810177,8
810178,0
810179,0
810180,0
810181,0
810182,0
810183,9
810184,10
810185,0
810186,7
810187,8
810188,0
810189,0
810190,0
810191,0
810192,0
810193,0
810194,0
810195,9
810196,10
810197,0
810198,0
810199,0
810200,0
810201,0
810202,0
810203,11
810204,13
810205,0
810206,0
810207,0
810208,0
810209,0
810210,0
810211,7
810212,0
810213,0
810214,7
810215,10
810216,11
810217,0
810218,0
810219,0
810220,15
810221,6
810222,0
810223,0
810224,11
810225,12
810226,0
810227,0
810228,0
810229,0
810230,10
810231,0
810232,0
810233,0
810234,0
810235,0
810236,0
810237,0
810238,11
810239,0
810240,0
810241,0
810242,11
810243,0
810244,0
810245,0
810246,0
810247,0
810248,0
810249,0
810250,0
810251,7
810252,8
810253,0
810254,0
810255,0
810256,0
810257,9
810258,0
810259,0
810260,0
810261,0
810262,10
810263,0
810264,0
810265,4
810266,11
810267,0
810268,0
810269,0
810270,0
810271,0
810272,0
810273,0
810274,0
810275,0
810276,0
810277,0
810278,0
810279,0
810280,0
810281,0
810282,6
810283,0
810284,0
810285,0
810286,0
810287,0
810288,0
810289,6
810290,0
810291,4
810292,0
810293,7
810294,15
810295,0
810296,7
810297,7
810298,8
810299,9
810300,0
810301,0
810302,0
810303,11
810304,0
810305,0
810306,0
810307,0
810308,0
810309,0
810310,0
810311,0
810312,0
810313,5
810314,0
810315,7
810316,0
810317,0
810318,0
810319,0
810320,13
810321,0
810322,0
810323,0
810324,0
810325,0
810326,0
810327,0
810328,0
810329,0
810330,0
810331,0
810332,0
810333,0
810334,0
810335,0
810336,0
810337,0
810338,1
810339,0
810340,0
810341,9
810342,6
810343,0
810344,0
810345,9
810346,0
810347,0
810348,0
810349,0
810350,0
810351,10
810352,8
810353,0
810354,0
810355,0
810356,7
810357,0
810358,0
810359,0
810360,0
810361,0
810362,0
810363,0
810364,9
810365,0
810366,0
810367,0
810368,6
810369,11
810370,0
810371,8
810372,0
810373,0
810374,0
810375,0
810376,0
810377,0
810378,9
810379,0
810380,0
810381,0
810382,0
810383,7
810384,0
810385,6
810386,8
810387,0
810388,0
810389,0
810390,0
810391,0
810392,0
810393,10
810394,0
810395,4
810396,0
810397,6
810398,0
810399,0
810400,0
810401,0
810402,0
810403,0
810404,11
810405,0
810406,0
810407,11
810408,0
810409,0
810410,15
810411,9
810412,10
810413,0
810414,7
810415,7
810416,0
810417,0
810418,0
810419,0
810420,0
810421,0
810422,0
810423,11
810424,0
810425,0
810426,0
810427,9
810428,0
810429,0
810430,0
810431,0
810432,0
810433,0
810434,0
810435,7
810436,5
810437,8
810438,3
810439,0
810440,0
810441,0
810442,0
810443,0
810444,10
810445,0
810446,0
810447,0
810448,0
810449,0
810450,9
810451,0
810452,9
810453,0
810454,0
810455,0
810456,0
810457,0
810458,0
810459,0
810460,0
810461,0
810462,0
810463,9
810464,0
810465,0
810466,0
810467,0
810468,0
810469,0
810470,0
810471,0
810472,0
810473,0
810474,0
810475,0
810476,0
810477,0
810478,0
810479,0
810480,12
810481,0
810482,9
810483,9
810484,0
810485,0
810486,0
810487,0
810488,0
810489,0
810490,0
810491,0
810492,0
810493,0
810494,8
810495,0
810496,0
810497,6
810498,0
810499,0
810500,0
810501,0
810502,16
810503,0
810504,0
810505,0
810506,0
810507,0
810508,0
810509,0
810510,0
810511,0
810512,0
810513,0
810514,0
810515,0
810516,0
810517,3
810518,0
810519,0
810520,0
810521,3
810522,0
810523,0
810524,0
810525,0
810526,0
810527,0
810528,1
810529,0
810530,1
810531,0
810532,3
810533,0
810534,2
810535,0
810536,0
810537,0
810538,0
810539,2
810540,0
810541,1
810542,0
810543,0
810544,2
810545,0
810546,0
810547,0
810548,0
810549,0
810550,0
810551,1
810552,0
810553,0
810554,0
810555,0
810556,0
810557,0
810558,0
810559,0
810560,2
810561,0
810562,0
810563,0
810564,2
810565,0
810566,0
810567,0
810568,0
810569,0
810570,0
810571,0
810572,0
810573,0
810574,2
810575,0
810576,0
810577,0
810578,0
810579,0
810580,0
810581,3
810582,0
810583,0
810584,0
810585,0
810586,0
810587,0
810588,0
810589,5
810590,0
810591,0
810592,0
810593,0
810594,0
810595,0
810596,0
810597,0
810598,11
810599,10
810600,0
810601,0
810602,0
810603,0
810604,0
810605,0
810606,0
810607,0
810608,9
810609,0
810610,0
810611,0
810612,0
810613,0
810614,0
810615,7
810616,0
810617,0
810618,0
810619,0
810620,0
810621,0
810622,0
810623,16
810624,0
810625,0
810626,0
810627,12
810628,0
810629,5
810630,0
810631,12
810632,0
810633,0
810634,0
810635,3
810636,0
810637,0
810638,4
810639,10
810640,0
810641,0
810642,0
810643,0
810644,0
810645,0
810646,0
810647,0
810648,0
810649,4
810650,0
810651,0
810652,0
810653,9
810654,0
810655,0
810656,0
810657,0
810658,5
810659,0
810660,0
810661,0
810662,0
810663,0
810664,0
810665,2
810666,4
810667,0
810668,10
810669,0
810670,8
810671,0
810672,10
810673,0
810674,0
810675,4
810676,0
810677,0
810678,0
810679,0
810680,0
810681,0
810682,0
810683,0
810684,0
810685,0
810686,0
810687,0
810688,0
810689,9
810690,0
810691,0
810692,0
810693,0
810694,0
810695,0
810696,0
810697,0
810698,0
810699,0
810700,3
810701,0
810702,0
810703,6
810704,3
810705,0
810706,0
810707,0
810708,0
810709,0
810710,9
810711,2
810712,7
810713,5
810714,0
810715,0
810716,0
810717,0
810718,0
810719,0
810720,7
810721,0
810722,0
810723,0
810724,0
810725,0
810726,0
810727,0
810728,0
810729,0
810730,0
810731,0
810732,11
810733,0
810734,0
810735,0
810736,0
810737,0
810738,0
810739,0
810740,0
810741,0
810742,0
810743,0
810744,0
810745,0
810746,0
810747,0
810748,0
810749,7
810750,0
810751,0
810752,0
810753,0
810754,0
810755,0
810756,0
810757,0
810758,0
810759,0
810760,0
810761,0
810762,10
810763,0
810764,0
810765,0
810766,0
810767,7
810768,0
810769,0
810770,3
810771,0
810772,0
810773,0
810774,0
810775,0
810776,0
810777,0
810778,0
810779,0
810780,0
810781,9
810782,0
810783,0
810784,0
810785,0
810786,0
810787,0
810788,0
810789,0
810790,0
810791,0
810792,0
810793,0
810794,0
810795,0
810796,3
810797,0
810798,0
810799,0
810800,0
810801,0
810802,5
810803,0
810804,7
810805,0
810806,0
810807,0
810808,0
810809,0
810810,0
810811,0
810812,0
810813,12
810814,0
810815,0
810816,0
810817,0
810818,0
810819,0
810820,0
810821,0
810822,0
810823,0
810824,0
810825,0
810826,0
810827,0
810828,0
810829,0
810830,0
810831,0
810832,0
810833,0
810834,4
810835,0
810836,0
810837,3
810838,0
810839,0
810840,0
810841,0
810842,15
810843,0
810844,0
810845,0
810846,0
810847,0
810848,13
810849,0
810850,0
810851,11
810852,0
810853,0
810854,0
810855,0
810856,4
810857,0
810858,0
810859,0
810860,0
810861,4
810862,0
810863,0
810864,0
810865,0
810866,0
810867,0
810868,0
810869,0
810870,0
810871,0
810872,0
810873,0
810874,0
810875,0
810876,0
810877,0
810878,0
810879,0
810880,0
810881,0
810882,0
810883,0
810884,0
810885,0
810886,0
810887,0
810888,0
810889,1
810890,0
810891,0
810892,0
810893,0
810894,8
810895,0
810896,0
810897,7
810898,0
810899,0
810900,0
810901,0
810902,0
810903,6
810904,0
810905,0
810906,0
810907,0
810908,0
810909,0
810910,0
810911,0
810912,0
810913,0
810914,0
810915,0
810916,0
810917,0
810918,0
810919,0
810920,13
810921,0
810922,0
810923,0
810924,0
810925,0
810926,0
810927,3
810928,0
810929,0
810930,0
810931,0
810932,0
810933,0
810934,0
810935,0
810936,0
810937,0
810938,7
810939,0
810940,0
810941,0
810942,0
810943,0
810944,0
810945,0
810946,0
810947,8
810948,0
810949,0
810950,0
810951,0
810952,0
810953,0
810954,0
810955,0
810956,0
810957,0
810958,0
810959,0
810960,7
810961,0
810962,0
810963,0
810964,0
810965,13
810966,0
810967,0
810968,0
810969,0
810970,0
810971,0
810972,11
810973,0
810974,0
810975,0
810976,7
810977,0
810978,0
810979,0
810980,0
810981,0
810982,0
810983,0
810984,0
810985,0
810986,0
810987,0
810988,0
810989,10
810990,0
810991,0
810992,0
810993,0
810994,0
810995,0
810996,0
810997,7
810998,0
810999,0
811000,0
811001,0
811002,0
811003,9
811004,0
811005,0
811006,16
811007,0
811008,15
811009,0
811010,0
811011,8
811012,0
811013,0
811014,0
811015,0
811016,0
811017,0
811018,0
811019,0
811020,10
811021,0
811022,0
811023,0
811024,1
811025,0
811026,0
811027,0
811028,0
811029,0
811030,0
811031,0
811032,0
811033,0
811034,0
811035,0
811036,0
811037,0
811038,0
811039,0
811040,6
811041,0
811042,0
811043,7
811044,0
811045,0
811046,0
811047,0
811048,0
811049,0
811050,0
811051,0
811052,6
811053,0
811054,0
811055,0
811056,0
811057,0
811058,0
811059,2
811060,0
811061,0
811062,0
811063,3
811064,0
811065,0
811066,0
811067,0
811068,0
811069,0
811070,0
811071,0
811072,0
811073,0
811074,0
811075,6
811076,0
811077,0
811078,0
811079,0
811080,0
811081,0
811082,0
811083,0
811084,0
811085,4
811086,0
811087,0
811088,0
811089,0
811090,0
811091,10
811092,0
811093,0
811094,0
811095,0
811096,0
811097,0
811098,0
811099,0
811100,0
811101,0
811102,0
811103,0
811104,0
811105,0
811106,0
811107,0
811108,0
811109,0
811110,0
811111,0
811112,0
811113,0
811114,0
811115,0
811116,0
811117,0
811118,0
811119,0
811120,0
811121,1
811122,0
811123,0
811124,0
811125,0
811126,0
811127,0
811128,0
811129,0
811130,0
811131,0
811132,0
811133,0
811134,0
811135,0
811136,3
811137,0
811138,0
811139,0
811140,0
811141,0
811142,0
811143,0
811144,0
811145,0
811146,0
811147,8
811148,12
811149,0
811150,0
811151,0
811152,0
811153,7
811154,0
811155,0
811156,0
811157,0
811158,0
811159,0
811160,0
811161,0
811162,0
811163,0
811164,0
811165,0
811166,0
811167,0
811168,0
811169,6
811170,0
811171,0
811172,0
811173,0
811174,0
811175,0
811176,0
811177,0
811178,0
811179,0
811180,0
811181,0
811182,0
811183,0
811184,0
811185,0
811186,0
811187,0
811188,0
811189,0
811190,0
811191,0
811192,0
811193,0
811194,0
811195,0
811196,0
811197,0
811198,0
811199,0
811200,0
811201,0
811202,0
811203,14
811204,0
811205,0
811206,0
811207,0
811208,6
811209,17
811210,0
811211,0
811212,0
811213,0
811214,16
811215,0
811216,0
811217,0
811218,0
811219,0
811220,11
811221,0
811222,0
811223,0
811224,0
811225,0
811226,0
811227,0
811228,0
811229,0
811230,0
811231,0
811232,0
811233,0
811234,0
811235,8
811236,7
811237,0
811238,0
811239,0
811240,0
811241,0
811242,0
811243,0
811244,0
811245,3
811246,0
811247,0
811248,0
811249,4
811250,0
811251,0
811252,0
811253,0
811254,0
811255,0
811256,0
811257,0
811258,0
811259,0
811260,0
811261,0
811262,0
811263,0
811264,0
811265,0
811266,0
811267,0
811268,0
811269,0
811270,0
811271,0
811272,0
811273,7
811274,0
811275,0
811276,5
811277,0
811278,0
811279,0
811280,34
811281,0
811282,0
811283,0
811284,0
811285,36
811286,28
811287,0
811288,0
811289,0
811290,0
811291,0
811292,0
811293,38
811294,40
811295,53
811296,0
811297,34
811298,33
811299,0
811300,0
811301,0
811302,0
811303,0
811304,34
811305,0
811306,0
811307,43
811308,61
811309,0
811310,0
811311,0
811312,0
811313,0
811314,31
811315,0
811316,0
811317,0
811318,0
811319,44
811320,0
811321,0
811322,24
811323,0
811324,0
811325,0
811326,0
811327,46
811328,0
811329,0
811330,0
811331,26
811332,0
811333,0
811334,0
811335,0
811336,39
811337,33
811338,0
811339,0
811340,0
811341,38
811342,0
811343,0
811344,0
811345,31
811346,0
811347,0
811348,0
811349,0
811350,0
811351,0
811352,0
811353,58
811354,38
811355,0
811356,46
811357,0
811358,0
811359,0
811360,0
811361,0
811362,0
811363,0
811364,50
811365,0
811366,0
811367,0
811368,0
811369,0
811370,0
811371,0
811372,0
811373,0
811374,0
811375,0
811376,30
811377,45
811378,34
811379,0
811380,0
811381,35
811382,0
811383,43
811384,0
811385,0
811386,0
811387,0
811388,0
811389,36
811390,0
811391,0
811392,0
811393,46
811394,36
811395,0
811396,0
811397,0
811398,47
811399,50
811400,47
811401,0
811402,0
811403,0
811404,36
811405,30
811406,0
811407,0
811408,0
811409,0
811410,0
811411,0
811412,0
811413,32
811414,38
811415,0
811416,25
811417,42
811418,39
811419,0
811420,0
811421,0
811422,0
811423,0
811424,0
811425,0
811426,0
811427,0
811428,0
811429,31
811430,0
811431,0
811432,0
811433,0
811434,0
811435,0
811436,0
811437,0
811438,45
811439,0
811440,0
811441,0
811442,47
811443,0
811444,35
811445,0
811446,0
811447,51
811448,33
811449,0
811450,0
811451,0
811452,0
811453,0
811454,0
811455,0
811456,0
811457,0
811458,0
811459,0
811460,0
811461,0
811462,0
811463,0
811464,47
811465,0
811466,0
811467,0
811468,0
811469,0
811470,0
811471,0
811472,0
811473,0
811474,0
811475,0
811476,0
811477,0
811478,0
811479,0
811480,0
811481,0
811482,0
811483,49
811484,0
811485,0
811486,0
811487,0
811488,0
811489,0
811490,0
811491,0
811492,0
811493,0
811494,28
811495,54
811496,49
811497,0
811498,0
811499,0
811500,0
811501,33
811502,0
811503,0
811504,0
811505,40
811506,0
811507,0
811508,32
811509,52
811510,0
811511,0
811512,0
811513,0
811514,0
811515,58
811516,0
811517,0
811518,0
811519,26
811520,0
811521,0
811522,0
811523,0
811524,0
811525,33
811526,0
811527,0
811528,0
811529,19
811530,0
811531,39
811532,0
811533,0
811534,0
811535,34
811536,0
811537,28
811538,0
811539,0
811540,0
811541,0
811542,0
811543,0
811544,0
811545,36
811546,0
811547,29
811548,0
811549,0
811550,0
811551,0
811552,0
811553,0
811554,0
811555,0
811556,29
811557,0
811558,0
811559,0
811560,0
811561,0
811562,0
811563,41
811564,34
811565,0
811566,33
811567,40
811568,32
811569,0
811570,0
811571,38
811572,59
811573,0
811574,0
811575,0
811576,0
811577,0
811578,36
811579,0
811580,37
811581,34
811582,0
811583,0
811584,43
811585,0
811586,0
811587,0
811588,0
811589,0
811590,0
811591,0
811592,0
811593,0
811594,0
811595,0
811596,0
811597,0
811598,0
811599,0
811600,0
811601,0
811602,29
811603,0
811604,0
811605,16
811606,0
811607,0
811608,0
811609,33
811610,0
811611,33
811612,0
811613,0
811614,0
811615,0
811616,0
811617,0
811618,40
811619,27
811620,0
811621,0
811622,32
811623,0
811624,0
811625,0
811626,0
811627,0
811628,0
811629,0
811630,0
811631,0
811632,0
811633,0
811634,0
811635,0
811636,0
811637,0
811638,0
811639,0
811640,29
811641,0
811642,0
811643,0
811644,0
811645,0
811646,0
811647,0
811648,0
811649,0
811650,0
811651,0
811652,37
811653,0
811654,37
811655,0
811656,0
811657,0
811658,46
811659,0
811660,0
811661,0
811662,38
811663,0
811664,0
811665,30
811666,42
811667,0
811668,0
811669,40
811670,38
811671,0
811672,24
811673,0
811674,0
811675,0
811676,0
811677,0
811678,0
811679,0
811680,41
811681,0
811682,40
811683,0
811684,0
811685,0
811686,0
811687,41
811688,0
811689,0
811690,0
811691,0
811692,41
811693,0
811694,0
811695,0
811696,45
811697,0
811698,25
811699,0
811700,38
811701,45
811702,0
811703,0
811704,0
811705,0
811706,0
811707,0
811708,0
811709,0
811710,34
811711,40
811712,0
811713,0
811714,36
811715,0
811716,0
811717,0
811718,0
811719,0
811720,0
811721,0
811722,0
811723,0
811724,0
811725,33
811726,0
811727,32
811728,0
811729,0
811730,0
811731,0
811732,0
811733,0
811734,0
811735,0
811736,31
811737,0
811738,0
811739,43
811740,26
811741,0
811742,0
811743,0
811744,0
811745,0
811746,0
811747,0
811748,0
811749,0
811750,53
811751,0
811752,0
811753,36
811754,0
811755,42
811756,0
811757,0
811758,0
811759,0
811760,0
811761,0
811762,0
811763,50
811764,0
811765,0
811766,0
811767,0
811768,0
811769,0
811770,0
811771,37
811772,0
811773,38
811774,0
811775,0
811776,0
811777,30
811778,0
811779,0
811780,0
811781,0
811782,0
811783,0
811784,0
811785,0
811786,0
811787,0
811788,0
811789,0
811790,37
811791,0
811792,25
811793,0
811794,43
811795,0
811796,37
811797,28
811798,0
811799,39
811800,44
811801,0
811802,34
811803,0
811804,37
811805,42
811806,36
811807,0
811808,0
811809,0
811810,0
811811,0
811812,0
811813,0
811814,0
811815,0
811816,45
811817,41
811818,37
811819,0
811820,0
811821,0
811822,0
811823,0
811824,0
811825,60
811826,0
811827,0
811828,0
811829,0
811830,0
811831,0
811832,0
811833,24
811834,0
811835,0
811836,0
811837,0
811838,0
811839,49
811840,0
811841,0
811842,0
811843,0
811844,0
811845,0
811846,0
811847,25
811848,0
811849,0
811850,0
811851,0
811852,66
811853,0
811854,0
811855,0
811856,0
811857,0
811858,0
811859,0
811860,0
811861,0
811862,0
811863,29
811864,0
811865,0
811866,0
811867,0
811868,29
811869,26
811870,0
811871,0
811872,0
811873,0
811874,0
811875,0
811876,39
811877,0
811878,0
811879,0
811880,0
811881,51
811882,0
811883,0
811884,0
811885,36
811886,0
811887,40
811888,0
811889,0
811890,0
811891,0
811892,0
811893,43
811894,0
811895,0
811896,21
811897,0
811898,0
811899,0
811900,0
811901,0
811902,0
811903,51
811904,0
811905,0
811906,0
811907,37
811908,0
811909,27
811910,38
811911,0
811912,0
811913,0
811914,30
811915,0
811916,0
811917,0
811918,0
811919,30
811920,0
811921,0
811922,0
811923,45
811924,0
811925,0
811926,0
811927,35
811928,0
811929,28
811930,0
811931,21
811932,0
811933,0
811934,0
811935,0
811936,0
811937,0
811938,0
811939,36
811940,0
811941,0
811942,0
811943,23
811944,43
811945,49
811946,0
811947,0
811948,34
811949,0
811950,0
811951,0
811952,0
811953,0
811954,0
811955,42
811956,0
811957,34
811958,0
811959,0
811960,0
811961,0
811962,0
811963,0
811964,0
811965,0
811966,42
811967,45
811968,0
811969,0
811970,0
811971,0
811972,0
811973,0
811974,0
811975,0
811976,38
811977,0
811978,0
811979,0
811980,41
811981,0
811982,0
811983,32
811984,40
811985,0
811986,0
811987,0
811988,0
811989,0
811990,0
811991,0
811992,0
811993,0
811994,0
811995,35
811996,35
811997,0
811998,0
811999,0
812000,0
812001,0
812002,0
812003,41
812004,0
812005,53
812006,0
812007,42
812008,0
812009,0
812010,49
812011,38
812012,47
812013,36
812014,0
812015,36
812016,0
812017,36
812018,0
812019,0
812020,51
812021,0
812022,37
812023,0
812024,28
812025,0
812026,0
812027,0
812028,0
812029,38
812030,0
812031,0
812032,30
812033,0
812034,0
812035,42
812036,35
812037,0
812038,0
812039,0
812040,0
812041,0
812042,0
812043,0
812044,0
812045,34
812046,33
812047,0
812048,0
812049,42
812050,26
812051,0
812052,0
812053,0
812054,51
812055,0
812056,35
812057,0
812058,40
812059,0
812060,0
812061,0
812062,30
812063,0
812064,0
812065,43
812066,0
812067,59
812068,29
812069,44
812070,0
812071,0
812072,0
812073,0
812074,0
812075,67
812076,0
812077,0
812078,33
812079,34
812080,0
812081,0
812082,39
812083,0
812084,0
812085,54
812086,0
812087,0
812088,0
812089,0
812090,0
812091,39
812092,0
812093,0
812094,0
812095,0
812096,35
812097,30
812098,0
812099,0
812100,0
812101,0
812102,0
812103,0
812104,29
812105,0
812106,0
812107,28
812108,0
812109,0
812110,0
812111,0
812112,0
812113,0
812114,0
812115,0
812116,0
812117,0
812118,0
812119,0
812120,0
812121,0
812122,0
812123,0
812124,0
812125,24
812126,0
812127,0
812128,0
812129,0
812130,31
812131,0
812132,0
812133,0
812134,0
812135,28
812136,0
812137,0
812138,0
812139,0
812140,0
812141,0
812142,0
812143,0
812144,46
812145,46
812146,0
812147,0
812148,0
812149,0
812150,39
812151,28
812152,0
812153,0
812154,0
812155,0
812156,0
812157,0
812158,0
812159,0
812160,0
812161,0
812162,0
812163,0
812164,0
812165,0
812166,0
812167,0
812168,0
812169,0
812170,0
812171,25
812172,0
812173,0
812174,0
812175,25
812176,0
812177,0
812178,22
812179,35
812180,0
812181,0
812182,0
812183,0
812184,36
812185,0
812186,0
812187,0
812188,34
812189,0
812190,0
812191,0
812192,0
812193,0
812194,0
812195,0
812196,0
812197,0
812198,0
812199,0
812200,0
812201,0
812202,0
812203,0
812204,0
812205,0
812206,0
812207,0
812208,0
812209,0
812210,0
812211,40
812212,0
812213,0
812214,0
812215,0
812216,0
812217,0
812218,0
812219,0
812220,0
812221,0
812222,26
812223,0
812224,0
812225,22
812226,0
812227,0
812228,0
812229,0
812230,0
812231,0
812232,0
812233,26
812234,0
812235,0
812236,0
812237,0
812238,0
812239,0
812240,0
812241,0
812242,0
812243,0
812244,0
812245,0
812246,0
812247,0
812248,0
812249,0
812250,0
812251,0
812252,0
812253,0
812254,44
812255,0
812256,0
812257,0
812258,0
812259,0
812260,28
812261,0
812262,0
812263,0
812264,0
812265,0
812266,0
812267,0
812268,0
812269,0
812270,27
812271,0
812272,0
812273,0
812274,0
812275,0
812276,0
812277,0
812278,0
812279,0
812280,0
812281,0
812282,0
812283,0
812284,33
812285,0
812286,31
812287,0
812288,0
812289,0
812290,0
812291,28
812292,0
812293,0
812294,0
812295,29
812296,0
812297,0
812298,0
812299,0
812300,0
812301,0
812302,0
812303,32
812304,0
812305,21
812306,0
812307,0
812308,0
812309,0
812310,0
812311,0
812312,0
812313,0
812314,0
812315,0
812316,0
812317,0
812318,0
812319,0
812320,0
812321,0
812322,0
812323,0
812324,0
812325,37
812326,0
812327,0
812328,0
812329,0
812330,0
812331,0
812332,0
812333,0
812334,0
812335,0
812336,0
812337,0
812338,0
812339,46
812340,18
812341,0
812342,0
812343,0
812344,0
812345,32
812346,0
812347,0
812348,0
812349,0
812350,0
812351,0
812352,38
812353,0
812354,21
812355,0
812356,31
812357,31
812358,0
812359,0
812360,0
812361,0
812362,0
812363,0
812364,0
812365,28
812366,0
812367,0
812368,0
812369,0
812370,0
812371,0
812372,0
812373,0
812374,0
812375,0
812376,0
812377,0
812378,28
812379,31
812380,0
812381,0
812382,0
812383,0
812384,0
812385,0
812386,0
812387,0
812388,0
812389,0
812390,0
812391,0
812392,0
812393,0
812394,0
812395,0
812396,0
812397,28
812398,42
812399,0
812400,0
812401,0
812402,0
812403,0
812404,0
812405,0
812406,0
812407,0
812408,0
812409,0
812410,0
812411,0
812412,45
812413,21
812414,0
812415,0
812416,0
812417,0
812418,0
812419,0
812420,0
812421,0
812422,0
812423,0
812424,0
812425,0
812426,0
812427,0
812428,0
812429,0
812430,0
812431,0
812432,0
812433,0
812434,0
812435,0
812436,0
812437,0
812438,0
812439,0
812440,27
812441,0
812442,0
812443,0
812444,0
812445,0
812446,0
812447,0
812448,20
812449,0
812450,0
812451,20
812452,0
812453,0
812454,0
812455,0
812456,0
812457,0
812458,0
812459,0
812460,0
812461,0
812462,0
812463,0
812464,0
812465,0
812466,0
812467,0
812468,0
812469,0
812470,0
812471,0
812472,31
812473,0
812474,0
812475,0
812476,0
812477,0
812478,0
812479,0
812480,0
812481,0
812482,0
812483,0
812484,0
812485,0
812486,30
812487,0
812488,0
812489,0
812490,0
812491,0
812492,0
812493,0
812494,0
812495,0
812496,0
812497,0
812498,0
812499,0
812500,0
812501,0
812502,0
812503,27
812504,0
812505,34
812506,0
812507,31
812508,0
812509,0
812510,0
812511,0
812512,0
812513,0
812514,0
812515,0
812516,0
812517,0
812518,0
812519,23
812520,0
812521,0
812522,0
812523,0
812524,42
812525,30
812526,0
812527,0
812528,29
812529,0
812530,0
812531,0
812532,0
812533,0
812534,34
812535,0
812536,0
812537,0
812538,0
812539,0
812540,0
812541,0
812542,34
812543,0
812544,0
812545,0
812546,0
812547,0
812548,0
812549,0
812550,0
812551,0
812552,0
812553,0
812554,0
812555,0
812556,0
812557,0
812558,18
812559,0
812560,0
812561,0
812562,50
812563,0
812564,21
812565,0
812566,0
812567,0
812568,0
812569,0
812570,0
812571,0
812572,0
812573,0
812574,0
812575,0
812576,0
812577,0
812578,0
812579,0
812580,0
812581,0
812582,0
812583,0
812584,0
812585,0
812586,0
812587,0
812588,0
812589,0
812590,0
812591,0
812592,0
812593,0
812594,0
812595,0
812596,0
812597,0
812598,0
812599,0
812600,22
812601,0
812602,0
812603,0
812604,0
812605,0
812606,0
812607,0
812608,0
812609,14
812610,0
812611,0
812612,0
812613,15
812614,14
812615,0
812616,0
812617,0
812618,0
812619,0
812620,0
812621,0
812622,0
812623,0
812624,0
812625,25
812626,10
812627,0
812628,0
812629,24
812630,0
812631,19
812632,0
812633,22
812634,5
812635,0
812636,0
812637,0
812638,0
812639,0
812640,0
812641,7
812642,10
812643,0
812644,0
812645,0
812646,0
812647,0
812648,0
812649,0
812650,16
812651,0
812652,21
812653,0
812654,0
812655,6
812656,0
812657,0
812658,0
812659,0
812660,21
812661,0
812662,0
812663,0
812664,0
812665,0
812666,0
812667,0
812668,0
812669,0
812670,0
812671,0
812672,0
812673,0
812674,0
812675,0
812676,0
812677,0
812678,8
812679,0
812680,21
812681,13
812682,0
812683,0
812684,0
812685,14
812686,0
812687,0
812688,0
812689,0
812690,0
812691,0
812692,0
812693,9
812694,19
812695,0
812696,0
812697,0
812698,0
812699,0
812700,0
812701,15
812702,0
812703,0
812704,0
812705,0
812706,13
812707,0
812708,0
812709,0
812710,11
812711,0
812712,0
812713,0
812714,0
812715,0
812716,0
812717,0
812718,0
812719,0
812720,0
812721,17
812722,0
812723,0
812724,0
812725,0
812726,0
812727,0
812728,0
812729,0
812730,0
812731,16
812732,0
812733,0
812734,6
812735,0
812736,0
812737,0
812738,9
812739,0
812740,0
812741,0
812742,0
812743,0
812744,8
812745,0
812746,0
812747,17
812748,17
812749,0
812750,0
812751,0
812752,0
812753,0
812754,0
812755,0
812756,0
812757,0
812758,0
812759,12
812760,0
812761,0
812762,14
812763,0
812764,15
812765,10
812766,0
812767,21
812768,8
812769,14
812770,0
812771,0
812772,14
812773,0
812774,0
812775,0
812776,0
812777,0
812778,0
812779,0
812780,0
812781,0
812782,0
812783,18
812784,0
812785,0
812786,0
812787,0
812788,0
812789,18
812790,0
812791,0
812792,0
812793,0
812794,0
812795,0
812796,6
812797,0
812798,0
812799,0
812800,23
812801,0
812802,0
812803,0
812804,28
812805,0
812806,0
812807,0
812808,0
812809,0
812810,0
812811,0
812812,0
812813,0
812814,0
812815,0
812816,11
812817,13
812818,0
812819,15
812820,15
812821,0
812822,0
812823,0
812824,0
812825,0
812826,0
812827,0
812828,0
812829,0
812830,18
812831,0
812832,21
812833,0
812834,0
812835,0
812836,0
812837,17
812838,0
812839,0
812840,0
812841,0
812842,0
812843,0
812844,0
812845,0
812846,14
812847,0
812848,0
812849,0
812850,0
812851,0
812852,0
812853,0
812854,0
812855,0
812856,0
812857,5
812858,0
812859,0
812860,0
812861,0
812862,0
812863,24
812864,0
812865,0
812866,0
812867,17
812868,0
812869,13
812870,0
812871,15
812872,0
812873,13
812874,0
812875,0
812876,0
812877,0
812878,16
812879,0
812880,0
812881,17
812882,0
812883,0
812884,0
812885,0
812886,0
812887,7
812888,0
812889,13
812890,0
812891,0
812892,15
812893,0
812894,0
812895,0
812896,0
812897,0
812898,0
812899,0
812900,0
812901,0
812902,0
812903,0
812904,0
812905,7
812906,0
812907,0
812908,0
812909,0
812910,0
812911,0
812912,0
812913,23
812914,0
812915,21
812916,0
812917,0
812918,0
812919,0
812920,17
812921,0
812922,0
812923,0
812924,0
812925,0
812926,0
812927,0
812928,0
812929,0
812930,12
812931,0
812932,0
812933,16
812934,0
812935,0
812936,0
812937,14
812938,0
812939,16
812940,0
812941,11
812942,14
812943,0
812944,0
812945,22
812946,13
812947,0
812948,0
812949,0
812950,20
812951,20
812952,0
812953,10
812954,0
812955,0
812956,0
812957,0
812958,0
812959,0
812960,0
812961,0
812962,23
812963,0
812964,0
812965,0
812966,17
812967,0
812968,14
812969,16
812970,0
812971,0
812972,9
812973,0
812974,15
812975,0
812976,0
812977,0
812978,0
812979,0
812980,0
812981,0
812982,18
812983,0
812984,0
812985,0
812986,0
812987,0
812988,0
812989,0
812990,19
812991,0
812992,0
812993,0
812994,0
812995,0
812996,0
812997,27
812998,11
812999,0
813000,0
813001,0
813002,0
813003,0
813004,0
813005,0
813006,0
813007,19
813008,23
813009,0
813010,0
813011,0
813012,0
813013,0
813014,0
813015,0
813016,15
813017,0
813018,8
813019,0
813020,13
813021,0
813022,0
813023,0
813024,0
813025,0
813026,0
813027,0
813028,0
813029,0
813030,0
813031,0
813032,0
813033,0
813034,0
813035,0
813036,0
813037,0
813038,0
813039,0
813040,0
813041,0
813042,0
813043,0
813044,14
813045,11
813046,0
813047,0
813048,0
813049,0
813050,12
813051,12
813052,7
813053,0
813054,15
813055,12
813056,0
813057,0
813058,0
813059,0
813060,0
813061,0
813062,0
813063,0
813064,0
813065,0
813066,23
813067,0
813068,0
813069,25
813070,38
813071,0
813072,0
813073,20
813074,0
813075,0
813076,40
813077,0
813078,0
813079,37
813080,0
813081,0
813082,0
813083,0
813084,0
813085,0
813086,0
813087,27
813088,0
813089,0
813090,0
813091,0
813092,0
813093,0
813094,0
813095,0
813096,0
813097,0
813098,0
813099,0
813100,22
813101,0
813102,0
813103,0
813104,0
813105,0
813106,0
813107,0
813108,0
813109,0
813110,0
813111,27
813112,0
813113,0
813114,0
813115,0
813116,21
813117,0
813118,0
813119,0
813120,0
813121,0
813122,0
813123,0
813124,0
813125,0
813126,0
813127,0
813128,0
813129,0
813130,0
813131,0
813132,0
813133,20
813134,0
813135,0
813136,0
813137,0
813138,0
813139,0
813140,0
813141,0
813142,0
813143,0
813144,0
813145,0
813146,0
813147,0
813148,0
813149,0
813150,0
813151,0
813152,0
813153,21
813154,0
813155,31
813156,0
813157,0
813158,0
813159,0
813160,0
813161,0
813162,0
813163,0
813164,0
813165,0
813166,0
813167,0
813168,0
813169,0
813170,0
813171,0
813172,0
813173,0
813174,0
813175,0
813176,0
813177,0
813178,0
813179,0
813180,0
813181,0
813182,0
813183,0
813184,0
813185,0
813186,0
813187,28
813188,0
813189,0
813190,0
813191,0
813192,0
813193,0
813194,0
813195,0
813196,22
813197,0
813198,0
813199,0
813200,0
813201,0
813202,0
813203,0
813204,20
813205,0
813206,0
813207,0
813208,0
813209,0
813210,0
813211,23
813212,0
813213,0
813214,0
813215,0
813216,0
813217,0
813218,0
813219,0
813220,0
813221,0
813222,0
813223,0
813224,0
813225,0
813226,15
813227,0
813228,0
813229,0
813230,17
813231,0
813232,0
813233,0
813234,17
813235,0
813236,0
813237,0
813238,0
813239,23
813240,0
813241,0
813242,0
813243,0
813244,0
813245,0
813246,0
813247,0
813248,0
813249,0
813250,16
813251,0
813252,0
813253,19
813254,0
813255,0
813256,0
813257,34
813258,0
813259,30
813260,0
813261,0
813262,0
813263,0
813264,16
813265,0
813266,0
813267,20
813268,0
813269,0
813270,0
813271,17
813272,0
813273,0
813274,0
813275,0
813276,26
813277,0
813278,0
813279,0
813280,0
813281,0
813282,28
813283,0
813284,0
813285,0
813286,0
813287,25
813288,24
813289,0
813290,0
813291,0
813292,0
813293,0
813294,0
813295,0
813296,0
813297,0
813298,0
813299,36
813300,0
813301,0
813302,0
813303,0
813304,0
813305,0
813306,0
813307,0
813308,0
813309,0
813310,21
813311,0
813312,0
813313,27
813314,0
813315,0
813316,0
813317,0
813318,0
813319,0
813320,0
813321,0
813322,0
813323,0
813324,0
813325,23
813326,0
813327,0
813328,18
813329,0
813330,25
813331,0
813332,0
813333,28
813334,0
813335,0
813336,0
813337,0
813338,0
813339,0
813340,0
813341,0
813342,21
813343,0
813344,0
813345,0
813346,0
813347,0
813348,0
813349,0
813350,0
813351,0
813352,0
813353,0
813354,0
813355,0
813356,0
813357,0
813358,0
813359,0
813360,20
813361,0
813362,0
813363,0
813364,0
813365,0
813366,0
813367,0
813368,27
813369,0
813370,0
813371,0
813372,0
813373,0
813374,0
813375,0
813376,0
813377,0
813378,0
813379,0
813380,0
813381,0
813382,0
813383,0
813384,0
813385,0
813386,0
813387,25
813388,0
813389,0
813390,0
813391,0
813392,0
813393,15
813394,17
813395,0
813396,0
813397,28
813398,0
813399,0
813400,0
813401,19
813402,0
813403,0
813404,0
813405,0
813406,24
813407,0
813408,25
813409,0
813410,0
813411,0
813412,0
813413,0
813414,10
813415,28
813416,0
813417,0
813418,0
813419,0
813420,14
813421,0
813422,0
813423,0
813424,0
813425,0
813426,0
813427,0
813428,0
813429,0
813430,0
813431,0
813432,0
813433,0
813434,0
813435,0
813436,0
813437,0
813438,0
813439,17
813440,0
813441,0
813442,0
813443,0
813444,0
813445,0
813446,29
813447,0
813448,0
813449,0
813450,0
813451,0
813452,0
813453,28
813454,0
813455,0
813456,0
813457,0
813458,0
813459,0
813460,0
813461,0
813462,0
813463,36
813464,0
813465,0
813466,0
813467,0
813468,0
813469,0
813470,0
813471,0
813472,20
813473,0
813474,0
813475,0
813476,14
813477,0
813478,0
813479,0
813480,22
813481,0
813482,20
813483,0
813484,0
813485,0
813486,0
813487,0
813488,35
813489,16
813490,0
813491,0
813492,0
813493,0
813494,17
813495,0
813496,0
813497,0
813498,0
813499,0
813500,31
813501,0
813502,0
813503,0
813504,0
813505,0
813506,0
813507,0
813508,0
813509,0
813510,0
813511,0
813512,0
813513,0
813514,0
813515,0
813516,0
813517,0
813518,0
813519,0
813520,0
813521,0
813522,0
813523,0
813524,0
813525,0
813526,0
813527,0
813528,0
813529,0
813530,0
813531,0
813532,0
813533,0
813534,0
813535,29
813536,0
813537,0
813538,0
813539,0
813540,22
813541,0
813542,0
813543,0
813544,0
813545,0
813546,0
813547,0
813548,0
813549,0
813550,23
813551,0
813552,0
813553,18
813554,0
813555,0
813556,26
813557,0
813558,0
813559,0
813560,0
813561,0
813562,0
813563,0
813564,0
813565,0
813566,0
813567,36
813568,0
813569,0
813570,0
813571,0
813572,0
813573,0
813574,0
813575,0
813576,0
813577,0
813578,0
813579,18
813580,0
813581,0
813582,0
813583,0
813584,0
813585,0
813586,25
813587,0
813588,0
813589,21
813590,0
813591,0
813592,0
813593,0
813594,0
813595,0
813596,0
813597,0
813598,0
813599,26
813600,14
813601,34
813602,28
813603,0
813604,0
813605,22
813606,0
813607,0
813608,0
813609,0
813610,0
813611,0
813612,0
813613,0
813614,0
813615,0
813616,0
813617,0
813618,0
813619,0
813620,0
813621,0
813622,0
813623,0
813624,24
813625,0
813626,0
813627,0
813628,0
813629,0
813630,0
813631,0
813632,18
813633,0
813634,0
813635,0
813636,0
813637,0
813638,0
813639,0
813640,0
813641,0
813642,0
813643,15
813644,0
813645,35
813646,17
813647,0
813648,0
813649,0
813650,0
813651,0
813652,0
813653,37
813654,0
813655,25
813656,0
813657,0
813658,0
813659,0
813660,23
813661,0
813662,0
813663,24
813664,0
813665,0
813666,18
813667,0
813668,0
813669,0
813670,0
813671,0
813672,0
813673,0
813674,0
813675,0
813676,0
813677,0
813678,0
813679,0
813680,28
813681,0
813682,0
813683,27
813684,24
813685,0
813686,14
813687,0
813688,0
813689,0
813690,0
813691,0
813692,0
813693,0
813694,0
813695,25
813696,0
813697,0
813698,0
813699,0
813700,0
813701,19
813702,30
813703,17
813704,0
813705,0
813706,0
813707,0
813708,0
813709,0
813710,0
813711,0
813712,0
813713,20
813714,0
813715,0
813716,0
813717,0
813718,0
813719,0
813720,0
813721,0
813722,0
813723,29
813724,0
813725,0
813726,0
813727,0
813728,0
813729,19
813730,0
813731,0
813732,0
813733,0
813734,0
813735,0
813736,0
813737,0
813738,0
813739,0
813740,0
813741,0
813742,0
813743,0
813744,0
813745,0
813746,0
813747,0
813748,23
813749,0
813750,0
813751,0
813752,0
813753,0
813754,0
813755,0
813756,20
813757,0
813758,0
813759,0
813760,0
813761,0
813762,0
813763,0
813764,0
813765,0
813766,0
813767,0
813768,0
813769,0
813770,0
813771,0
813772,30
813773,0
813774,0
813775,0
813776,0
813777,0
813778,0
813779,0
813780,0
813781,0
813782,0
813783,0
813784,0
813785,0
813786,0
813787,29
813788,0
813789,0
813790,10
813791,0
813792,0
813793,0
813794,0
813795,0
813796,0
813797,0
813798,0
813799,0
813800,0
813801,0
813802,0
813803,0
813804,0
813805,0
813806,0
813807,0
813808,0
813809,0
813810,0
813811,0
813812,0
813813,0
813814,0
813815,0
813816,0
813817,0
813818,0
813819,0
813820,0
813821,0
813822,0
813823,0
813824,31
813825,0
813826,0
813827,0
813828,0
813829,0
813830,0
813831,0
813832,0
813833,0
813834,0
813835,0
813836,0
813837,22
813838,0
813839,0
813840,0
813841,0
813842,0
813843,0
813844,0
813845,26
813846,0
813847,0
813848,24
813849,0
813850,0
813851,0
813852,0
813853,21
813854,0
813855,0
813856,0
813857,0
813858,0
813859,24
813860,30
813861,0
813862,0
813863,0
813864,0
813865,0
813866,23
813867,23
813868,0
813869,0
813870,34
813871,0
813872,20
813873,0
813874,32
813875,0
813876,0
813877,0
813878,21
813879,0
813880,0
813881,0
813882,0
813883,0
813884,0
813885,22
813886,0
813887,0
813888,0
813889,0
813890,23
813891,0
813892,0
813893,0
813894,0
813895,0
813896,21
813897,0
813898,0
813899,0
813900,0
813901,0
813902,0
813903,0
813904,0
813905,0
813906,0
813907,0
813908,0
813909,25
813910,0
813911,0
813912,22
813913,0
813914,0
813915,26
813916,0
813917,0
813918,0
813919,0
813920,0
813921,0
813922,0
813923,0
813924,0
813925,0
813926,0
813927,0
813928,0
813929,0
813930,0
813931,0
813932,0
813933,0
813934,0
813935,0
813936,0
813937,0
813938,0
813939,0
813940,15
813941,19
813942,0
813943,0
813944,0
813945,0
813946,0
813947,0
813948,0
813949,0
813950,27
813951,0
813952,33
813953,0
813954,0
813955,0
813956,0
813957,0
813958,17
813959,0
813960,0
813961,26
813962,0
813963,0
813964,17
813965,0
813966,0
813967,27
813968,19
813969,0
813970,0
813971,0
813972,33
813973,0
813974,0
813975,0
813976,0
813977,0
813978,0
813979,0
813980,22
813981,0
813982,0
813983,18
813984,0
813985,0
813986,0
813987,0
813988,0
813989,0
813990,0
813991,0
813992,25
813993,0
813994,0
813995,0
813996,0
813997,0
813998,0
813999,0
814000,0
814001,0
814002,0
814003,0
814004,0
814005,0
814006,0
814007,0
814008,18
814009,0
814010,0
814011,0
814012,0
814013,0
814014,0
814015,0
814016,0
814017,0
814018,0
814019,0
814020,0
814021,0
814022,0
814023,0
814024,0
814025,0
814026,0
814027,0
814028,0
814029,0
814030,25
814031,0
814032,0
814033,23
814034,0
814035,0
814036,20
814037,0
814038,0
814039,22
814040,0
814041,0
814042,0
814043,0
814044,0
814045,24
814046,0
814047,12
814048,0
814049,0
814050,0
814051,0
814052,0
814053,0
814054,36
814055,0
814056,0
814057,0
814058,0
814059,0
814060,0
814061,0
814062,15
814063,0
814064,0
814065,16
814066,0
814067,0
814068,0
814069,0
814070,0
814071,0
814072,0
814073,0
814074,0
814075,0
814076,0
814077,0
814078,0
814079,0
814080,0
814081,0
814082,0
814083,0
814084,0
814085,0
814086,0
814087,0
814088,0
814089,0
814090,0
814091,0
814092,23
814093,0
814094,0
814095,0
814096,0
814097,0
814098,0
814099,0
814100,0
814101,0
814102,0
814103,0
814104,0
814105,0
814106,0
814107,0
814108,0
814109,0
814110,0
814111,0
814112,0
814113,0
814114,0
814115,0
814116,0
814117,0
814118,0
814119,0
814120,0
814121,0
814122,0
814123,0
814124,22
814125,31
814126,0
814127,0
814128,0
814129,0
814130,0
814131,0
814132,0
814133,0
814134,0
814135,32
814136,0
814137,0
814138,0
814139,0
814140,0
814141,0
814142,0
814143,0
814144,0
814145,15
814146,0
814147,0
814148,22
814149,25
814150,0
814151,0
814152,0
814153,0
814154,0
814155,0
814156,20
814157,0
814158,0
814159,16
814160,0
814161,0
814162,0
814163,21
814164,0
814165,0
814166,0
814167,0
814168,0
814169,0
814170,22
814171,0
814172,0
814173,0
814174,0
814175,32
814176,0
814177,0
814178,0
814179,0
814180,0
814181,0
814182,0
814183,0
814184,0
814185,0
814186,0
814187,0
814188,0
814189,0
814190,0
814191,34
814192,0
814193,0
814194,0
814195,0
814196,0
814197,0
814198,0
814199,0
814200,0
814201,0
814202,0
814203,0
814204,18
814205,0
814206,0
814207,0
814208,0
814209,0
814210,0
814211,0
814212,0
814213,0
814214,0
814215,14
814216,18
814217,0
814218,0
814219,8
814220,11
814221,10
814222,0
814223,0
814224,0
814225,11
814226,0
814227,18
814228,0
814229,0
814230,0
814231,0
814232,0
814233,0
814234,0
814235,0
814236,0
814237,0
814238,13
814239,0
814240,20
814241,0
814242,0
814243,0
814244,0
814245,0
814246,0
814247,0
814248,14
814249,0
814250,0
814251,0
814252,0
814253,0
814254,0
814255,0
814256,0
814257,0
814258,0
814259,0
814260,0
814261,0
814262,0
814263,0
814264,0
814265,0
814266,0
814267,0
814268,0
814269,0
814270,16
814271,0
814272,0
814273,0
814274,0
814275,16
814276,0
814277,0
814278,17
814279,0
814280,0
814281,0
814282,0
814283,0
814284,0
814285,23
814286,0
814287,0
814288,0
814289,0
814290,0
814291,0
814292,0
814293,0
814294,11
814295,0
814296,0
814297,0
814298,0
814299,0
814300,0
814301,0
814302,15
814303,0
814304,0
814305,0
814306,0
814307,0
814308,0
814309,0
814310,0
814311,0
814312,0
814313,0
814314,0
814315,0
814316,0
814317,0
814318,13
814319,0
814320,0
814321,0
814322,0
814323,0
814324,0
814325,22
814326,0
814327,0
814328,0
814329,13
814330,0
814331,0
814332,0
814333,0
814334,0
814335,11
814336,0
814337,0
814338,0
814339,0
814340,0
814341,0
814342,0
814343,0
814344,0
814345,0
814346,0
814347,0
814348,0
814349,22
814350,0
814351,0
814352,0
814353,0
814354,13
814355,0
814356,0
814357,11
814358,21
814359,0
814360,0
814361,11
814362,0
814363,0
814364,0
814365,0
814366,0
814367,0
814368,0
814369,0
814370,0
814371,0
814372,0
814373,0
814374,0
814375,0
814376,0
814377,0
814378,0
814379,0
814380,0
814381,0
814382,12
814383,0
814384,0
814385,0
814386,0
814387,0
814388,0
814389,0
814390,6
814391,0
814392,0
814393,0
814394,0
814395,0
814396,0
814397,0
814398,0
814399,12
814400,0
814401,0
814402,0
814403,9
814404,0
814405,0
814406,0
814407,0
814408,0
814409,0
814410,0
814411,9
814412,0
814413,0
814414,0
814415,0
814416,0
814417,0
814418,0
814419,17
814420,0
814421,0
814422,0
814423,0
814424,0
814425,0
814426,0
814427,0
814428,0
814429,0
814430,10
814431,0
814432,0
814433,0
814434,0
814435,0
814436,0
814437,0
814438,0
814439,0
814440,0
814441,0
814442,0
814443,0
814444,0
814445,0
814446,0
814447,0
814448,14
814449,0
814450,12
814451,0
814452,0
814453,20
814454,19
814455,6
814456,0
814457,0
814458,0
814459,0
814460,0
814461,0
814462,0
814463,14
814464,0
814465,0
814466,0
814467,0
814468,0
814469,0
814470,0
814471,15
814472,0
814473,0
814474,0
814475,0
814476,0
814477,0
814478,0
814479,0
814480,0
814481,0
814482,11
814483,18
814484,0
814485,12
814486,0
814487,21
814488,0
814489,0
814490,17
814491,0
814492,11
814493,0
814494,0
814495,0
814496,0
814497,0
814498,0
814499,0
814500,0
814501,0
814502,0
814503,0
814504,0
814505,0
814506,0
814507,0
814508,13
814509,0
814510,0
814511,0
814512,0
814513,0
814514,0
814515,0
814516,0
814517,0
814518,15
814519,0
814520,0
814521,0
814522,0
814523,0
814524,0
814525,0
814526,0
814527,0
814528,10
814529,0
814530,0
814531,0
814532,0
814533,0
814534,0
814535,0
814536,0
814537,0
814538,0
814539,17
814540,0
814541,0
814542,0
814543,0
814544,0
814545,0
814546,0
814547,0
814548,8
814549,0
814550,0
814551,0
814552,0
814553,0
814554,0
814555,0
814556,0
814557,0
814558,0
814559,0
814560,0
814561,0
814562,11
814563,0
814564,0
814565,25
814566,0
814567,0
814568,0
814569,0
814570,0
814571,0
814572,11
814573,0
814574,0
814575,0
814576,0
814577,0
814578,11
814579,0
814580,0
814581,0
814582,0
814583,0
814584,0
814585,0
814586,0
814587,0
814588,0
814589,13
814590,0
814591,9
814592,0
814593,18
814594,0
814595,0
814596,16
814597,0
814598,0
814599,0
814600,0
814601,0
814602,0
814603,0
814604,0
814605,0
814606,0
814607,0
814608,10
814609,0
814610,0
814611,0
814612,0
814613,0
814614,17
814615,0
814616,0
814617,0
814618,0
814619,0
814620,0
814621,0
814622,17
814623,0
814624,0
814625,0
814626,0
814627,0
814628,0
814629,0
814630,0
814631,13
814632,0
814633,0
814634,0
814635,0
814636,0
814637,11
814638,0
814639,12
814640,0
814641,0
814642,0
814643,0
814644,0
814645,0
814646,0
814647,0
814648,16
814649,0
814650,0
814651,0
814652,0
814653,21
814654,0
814655,0
814656,0
814657,0
814658,0
814659,0
814660,0
814661,0
814662,0
814663,18
814664,0
814665,0
814666,8
814667,0
814668,12
814669,0
814670,0
814671,0
814672,0
814673,15
814674,0
814675,16
814676,0
814677,0
814678,0
814679,0
814680,0
814681,0
814682,0
814683,0
814684,0
814685,0
814686,0
814687,0
814688,0
814689,0
814690,0
814691,12
814692,9
814693,0
814694,0
814695,0
814696,0
814697,10
814698,0
814699,0
814700,0
814701,0
814702,0
814703,0
814704,9
814705,14
814706,0
814707,0
814708,14
814709,0
814710,0
814711,17
814712,0
814713,0
814714,0
814715,0
814716,0
814717,0
814718,0
814719,0
814720,0
814721,0
814722,0
814723,0
814724,0
814725,0
814726,14
814727,0
814728,0
814729,0
814730,0
814731,0
814732,15
814733,0
814734,9
814735,11
814736,0
814737,0
814738,0
814739,0
814740,14
814741,0
814742,0
814743,0
814744,12
814745,0
814746,0
814747,0
814748,0
814749,0
814750,12
814751,0
814752,10
814753,0
814754,0
814755,0
814756,0
814757,14
814758,0
814759,0
814760,0
814761,0
814762,0
814763,0
814764,0
814765,0
814766,0
814767,11
814768,0
814769,0
814770,19
814771,15
814772,0
814773,14
814774,0
814775,0
814776,16
814777,0
814778,0
814779,13
814780,17
814781,0
814782,0
814783,21
814784,0
814785,0
814786,0
814787,0
814788,0
814789,0
814790,0
814791,0
814792,0
814793,0
814794,0
814795,0
814796,0
814797,0
814798,15
814799,0
814800,9
814801,0
814802,0
814803,19
814804,0
814805,11
814806,0
814807,0
814808,0
814809,0
814810,0
814811,21
814812,0
814813,0
814814,0
814815,0
814816,8
814817,0
814818,0
814819,0
814820,0
814821,0
814822,15
814823,0
814824,0
814825,0
814826,0
814827,0
814828,17
814829,0
814830,0
814831,0
814832,0
814833,0
814834,0
814835,0
814836,0
814837,0
814838,0
814839,0
814840,14
814841,15
814842,0
814843,0
814844,0
814845,0
814846,0
814847,0
814848,15
814849,0
814850,0
814851,0
814852,8
814853,0
814854,15
814855,0
814856,0
814857,16
814858,12
814859,0
814860,16
814861,0
814862,0
814863,0
814864,0
814865,0
814866,0
814867,0
814868,0
814869,19
814870,0
814871,10
814872,0
814873,0
814874,27
814875,0
814876,0
814877,0
814878,0
814879,21
814880,0
814881,0
814882,0
814883,0
814884,16
814885,0
814886,18
814887,0
814888,0
814889,0
814890,0
814891,0
814892,0
814893,0
814894,12
814895,0
814896,0
814897,18
814898,0
814899,0
814900,0
814901,0
814902,0
814903,0
814904,0
814905,15
814906,0
814907,0
814908,0
814909,0
814910,0
814911,0
814912,16
814913,0
814914,0
814915,0
814916,0
814917,0
814918,0
814919,0
814920,13
814921,0
814922,0
814923,0
814924,0
814925,0
814926,0
814927,0
814928,0
814929,0
814930,0
814931,0
814932,9
814933,0
814934,0
814935,0
814936,0
814937,0
814938,0
814939,0
814940,13
814941,0
814942,0
814943,0
814944,0
814945,0
814946,0
814947,0
814948,0
814949,0
814950,9
814951,0
814952,0
814953,0
814954,0
814955,0
814956,0
814957,17
814958,0
814959,0
814960,0
814961,0
814962,0
814963,12
814964,0
814965,0
814966,8
814967,0
814968,0
814969,17
814970,0
814971,0
814972,0
814973,0
814974,0
814975,0
814976,0
814977,0
814978,0
814979,12
814980,0
814981,0
814982,0
814983,0
814984,18
814985,0
814986,21
814987,0
814988,0
814989,0
814990,0
814991,11
814992,0
814993,0
814994,0
814995,0
814996,13
814997,0
814998,13
814999,0
815000,0
815001,0
815002,0
815003,0
815004,0
815005,0
815006,0
815007,0
815008,0
815009,0
815010,0
815011,0
815012,0
815013,0
815014,0
815015,0
815016,0
815017,12
815018,0
815019,0
815020,8
815021,0
815022,0
815023,0
815024,0
815025,0
815026,0
815027,0
815028,0
815029,0
815030,0
815031,14
815032,0
815033,0
815034,0
815035,0
815036,13
815037,0
815038,0
815039,0
815040,0
815041,0
815042,0
815043,0
815044,0
815045,0
815046,0
815047,0
815048,0
815049,0
815050,16
815051,0
815052,0
815053,0
815054,0
815055,0
815056,0
815057,0
815058,0
815059,0
815060,0
815061,1
815062,0
815063,2
815064,3
815065,0
815066,0
815067,0
815068,0
815069,0
815070,0
815071,0
815072,0
815073,0
815074,0
815075,0
815076,3
815077,0
815078,0
815079,0
815080,0
815081,0
815082,0
815083,0
815084,0
815085,0
815086,0
815087,0
815088,0
815089,0
815090,0
815091,0
815092,0
815093,0
815094,0
815095,0
815096,0
815097,0
815098,3
815099,3
815100,0
815101,0
815102,0
815103,0
815104,0
815105,0
815106,0
815107,0
815108,3
815109,0
815110,0
815111,0
815112,0
815113,0
815114,0
815115,5
815116,0
815117,0
815118,0
815119,4
815120,0
815121,0
815122,0
815123,4
815124,0
815125,0
815126,0
815127,2
815128,0
815129,0
815130,0
815131,0
815132,0
815133,3
815134,4
815135,0
815136,0
815137,0
815138,0
815139,0
815140,0
815141,0
815142,0
815143,0
815144,0
815145,0
815146,0
815147,1
815148,0
815149,0
815150,0
815151,4
815152,0
815153,0
815154,1
815155,4
815156,0
815157,1
815158,0
815159,0
815160,0
815161,0
815162,0
815163,0
815164,0
815165,0
815166,0
815167,4
815168,2
815169,0
815170,1
815171,0
815172,0
815173,0
815174,0
815175,0
815176,0
815177,0
815178,0
815179,0
815180,0
815181,0
815182,0
815183,0
815184,0
815185,0
815186,0
815187,2
815188,3
815189,0
815190,6
815191,0
815192,0
815193,0
815194,0
815195,0
815196,0
815197,0
815198,0
815199,0
815200,2
815201,0
815202,0
815203,3
815204,0
815205,1
815206,0
815207,0
815208,0
815209,0
815210,0
815211,0
815212,0
815213,0
815214,0
815215,0
815216,0
815217,0
815218,0
815219,0
815220,0
815221,0
815222,0
815223,0
815224,0
815225,0
815226,0
815227,0
815228,0
815229,1
815230,1
815231,0
815232,0
815233,0
815234,0
815235,0
815236,0
815237,0
815238,0
815239,0
815240,0
815241,4
815242,0
815243,0
815244,0
815245,0
815246,0
815247,0
815248,0
815249,0
815250,0
815251,0
815252,0
815253,0
815254,0
815255,0
815256,0
815257,0
815258,0
815259,5
815260,0
815261,0
815262,3
815263,0
815264,0
815265,0
815266,0
815267,0
815268,0
815269,0
815270,2
815271,0
815272,0
815273,0
815274,0
815275,0
815276,0
815277,3
815278,0
815279,0
815280,0
815281,0
815282,0
815283,0
815284,0
815285,0
815286,4
815287,1
815288,0
815289,0
815290,0
815291,0
815292,0
815293,0
815294,0
815295,3
815296,0
815297,0
815298,0
815299,0
815300,0
815301,0
815302,0
815303,0
815304,0
815305,0
815306,0
815307,0
815308,0
815309,0
815310,0
815311,0
815312,0
815313,0
815314,0
815315,0
815316,0
815317,0
815318,0
815319,0
815320,0
815321,0
815322,0
815323,0
815324,0
815325,1
815326,0
815327,0
815328,3
815329,0
815330,0
815331,0
815332,0
815333,0
815334,0
815335,4
815336,0
815337,0
815338,0
815339,0
815340,0
815341,0
815342,0
815343,0
815344,3
815345,1
815346,0
815347,0
815348,0
815349,4
815350,0
815351,0
815352,0
815353,0
815354,0
815355,0
815356,3
815357,0
815358,0
815359,0
815360,0
815361,0
815362,0
815363,0
815364,0
815365,0
815366,2
815367,0
815368,0
815369,0
815370,0
815371,0
815372,0
815373,0
815374,0
815375,0
815376,0
815377,0
815378,0
815379,0
815380,0
815381,2
815382,0
815383,0
815384,0
815385,0
815386,0
815387,3
815388,0
815389,0
815390,0
815391,0
815392,0
815393,0
815394,0
815395,0
815396,0
815397,0
815398,0
815399,0
815400,0
815401,0
815402,3
815403,0
815404,1
815405,4
815406,0
815407,0
815408,0
815409,0
815410,3
815411,0
815412,0
815413,0
815414,0
815415,0
815416,0
815417,0
815418,0
815419,0
815420,0
815421,0
815422,0
815423,0
815424,0
815425,0
815426,0
815427,0
815428,0
815429,0
815430,0
815431,0
815432,0
815433,4
815434,0
815435,0
815436,0
815437,0
815438,0
815439,0
815440,0
815441,0
815442,3
815443,0
815444,0
815445,0
815446,0
815447,3
815448,0
815449,0
815450,0
815451,0
815452,0
815453,0
815454,0
815455,2
815456,0
815457,3
815458,0
815459,0
815460,0
815461,0
815462,0
815463,0
815464,0
815465,1
815466,0
815467,2
815468,0
815469,0
815470,0
815471,1
815472,0
815473,0
815474,0
815475,0
815476,0
815477,0
815478,0
815479,6
815480,0
815481,0
815482,0
815483,0
815484,0
815485,5
815486,0
815487,0
815488,0
815489,0
815490,0
815491,0
815492,4
815493,0
815494,0
815495,0
815496,0
815497,0
815498,0
815499,0
815500,0
815501,26
815502,0
815503,0
815504,0
815505,0
815506,0
815507,29
815508,17
815509,0
815510,0
815511,0
815512,0
815513,0
815514,0
815515,18
815516,0
815517,24
815518,23
815519,0
815520,0
815521,0
815522,23
815523,29
815524,0
815525,0
815526,0
815527,0
815528,17
815529,18
815530,0
815531,0
815532,0
815533,0
815534,0
815535,0
815536,16
815537,19
815538,23
815539,0
815540,21
815541,0
815542,0
815543,0
815544,19
815545,0
815546,0
815547,24
815548,17
815549,0
815550,0
815551,0
815552,0
815553,0
815554,0
815555,22
815556,0
815557,0
815558,0
815559,0
815560,0
815561,0
815562,18
815563,0
815564,12
815565,23
815566,0
815567,0
815568,0
815569,0
815570,33
815571,0
815572,0
815573,0
815574,30
815575,0
815576,18
815577,0
815578,0
815579,25
815580,0
815581,21
815582,0
815583,0
815584,23
815585,23
815586,0
815587,0
815588,0
815589,0
815590,0
815591,0
815592,0
815593,0
815594,0
815595,23
815596,0
815597,19
815598,0
815599,27
815600,0
815601,0
815602,0
815603,0
815604,27
815605,0
815606,0
815607,20
815608,0
815609,0
815610,0
815611,0
815612,0
815613,0
815614,0
815615,0
815616,21
815617,11
815618,0
815619,0
815620,0
815621,0
815622,0
815623,20
815624,17
815625,20
815626,0
815627,0
815628,0
815629,19
815630,0
815631,24
815632,0
815633,0
815634,0
815635,0
815636,24
815637,14
815638,31
815639,0
815640,0
815641,0
815642,0
815643,0
815644,0
815645,0
815646,0
815647,0
815648,27
815649,24
815650,0
815651,0
815652,0
815653,0
815654,0
815655,23
815656,0
815657,0
815658,0
815659,23
815660,25
815661,21
815662,26
815663,0
815664,0
815665,0
815666,0
815667,0
815668,0
815669,0
815670,0
815671,20
815672,0
815673,29
815674,37
815675,0
815676,0
815677,0
815678,0
815679,19
815680,34
815681,20
815682,0
815683,0
815684,29
815685,0
815686,0
815687,0
815688,0
815689,25
815690,0
815691,0
815692,0
815693,0
815694,0
815695,0
815696,0
815697,0
815698,0
815699,0
815700,18
815701,0
815702,23
815703,0
815704,0
815705,0
815706,0
815707,0
815708,25
815709,25
815710,0
815711,20
815712,0
815713,0
815714,0
815715,0
815716,26
815717,0
815718,0
815719,0
815720,24
815721,0
815722,0
815723,12
815724,25
815725,0
815726,20
815727,0
815728,0
815729,0
815730,20
815731,0
815732,0
815733,0
815734,16
815735,0
815736,18
815737,0
815738,0
815739,30
815740,0
815741,0
815742,0
815743,17
815744,0
815745,26
815746,0
815747,0
815748,0
815749,26
815750,0
815751,0
815752,0
815753,0
815754,26
815755,0
815756,0
815757,0
815758,29
815759,32
815760,0
815761,0
815762,0
815763,0
815764,0
815765,0
815766,17
815767,0
815768,0
815769,0
815770,25
815771,0
815772,0
815773,22
815774,0
815775,0
815776,18
815777,23
815778,0
815779,22
815780,0
815781,0
815782,23
815783,0
815784,24
815785,27
815786,0
815787,0
815788,0
815789,22
815790,0
815791,0
815792,15
815793,0
815794,30
815795,0
815796,0
815797,14
815798,0
815799,37
815800,15
815801,0
815802,22
815803,37
815804,16
815805,0
815806,0
815807,0
815808,0
815809,16
815810,0
815811,0
815812,0
815813,0
815814,0
815815,0
815816,0
815817,0
815818,0
815819,0
815820,0
815821,0
815822,0
815823,0
815824,26
815825,0
815826,25
815827,0
815828,0
815829,17
815830,0
815831,0
815832,0
815833,0
815834,19
815835,0
815836,0
815837,0
815838,0
815839,28
815840,0
815841,0
815842,0
815843,21
815844,29
815845,0
815846,0
815847,16
815848,0
815849,31
815850,0
815851,0
815852,0
815853,0
815854,0
815855,0
815856,0
815857,17
815858,29
815859,20
815860,0
815861,24
815862,0
815863,0
815864,23
815865,0
815866,29
815867,0
815868,0
815869,28
815870,0
815871,15
815872,0
815873,0
815874,0
815875,0
815876,22
815877,23
815878,0
815879,19
815880,18
815881,0
815882,0
815883,0
815884,18
815885,0
815886,0
815887,0
815888,0
815889,0
815890,0
815891,0
815892,0
815893,31
815894,12
815895,0
815896,0
815897,0
815898,0
815899,0
815900,0
815901,0
815902,0
815903,23
815904,0
815905,0
815906,0
815907,0
815908,0
815909,0
815910,0
815911,0
815912,0
815913,31
815914,0
815915,0
815916,0
815917,16
815918,15
815919,0
815920,0
815921,0
815922,0
815923,0
815924,0
815925,0
815926,0
815927,0
815928,25
815929,17
815930,0
815931,23
815932,0
815933,0
815934,0
815935,0
815936,0
815937,0
815938,0
815939,23
815940,0
815941,30
815942,0
815943,0
815944,23
815945,0
815946,24
815947,26
815948,0
815949,0
815950,18
815951,0
815952,0
815953,21
815954,0
815955,0
815956,0
815957,0
815958,0
815959,29
815960,13
815961,20
815962,29
815963,0
815964,0
815965,0
815966,0
815967,0
815968,0
815969,23
815970,25
815971,14
815972,0
815973,0
815974,0
815975,0
815976,0
815977,26
815978,0
815979,0
815980,0
815981,0
815982,0
815983,14
815984,0
815985,0
815986,26
815987,16
815988,27
815989,19
815990,0
815991,0
815992,0
815993,21
815994,31
815995,0
815996,0
815997,0
815998,0
815999,0
816000,21
816001,0
816002,0
816003,0
816004,0
816005,0
816006,16
816007,0
816008,0
816009,0
816010,0
816011,12
816012,22
816013,22
816014,0
816015,0
816016,0
816017,21
816018,0
816019,0
816020,0
816021,0
816022,25
816023,14
816024,0
816025,21
816026,22
816027,0
816028,0
816029,0
816030,0
816031,0
816032,22
816033,0
816034,19
816035,20
816036,24
816037,0
816038,24
816039,0
816040,0
816041,0
816042,28
816043,0
816044,0
816045,0
816046,23
816047,0
816048,0
816049,24
816050,18
816051,0
816052,0
816053,0
816054,0
816055,0
816056,0
816057,0
816058,27
816059,0
816060,0
816061,14
816062,0
816063,26
816064,0
816065,0
816066,0
816067,0
816068,0
816069,0
816070,0
816071,23
816072,0
816073,23
816074,0
816075,0
816076,0
816077,0
816078,0
816079,0
816080,0
816081,0
816082,0
816083,0
816084,0
816085,0
816086,0
816087,25
816088,0
816089,20
816090,21
816091,0
816092,0
816093,0
816094,0
816095,0
816096,0
816097,2
816098,0
816099,0
816100,0
816101,0
816102,0
816103,0
816104,0
816105,0
816106,1
816107,0
816108,0
816109,0
816110,0
816111,0
816112,2
816113,0
816114,2
816115,0
816116,0
816117,0
816118,0
816119,0
816120,0
816121,1
816122,0
816123,2
816124,0
816125,0
816126,0
816127,0
816128,0
816129,0
816130,0
816131,2
816132,0
816133,0
816134,0
816135,3
816136,0
816137,0
816138,2
816139,0
816140,0
816141,0
816142,0
816143,0
816144,0
816145,0
816146,0
816147,0
816148,0
816149,0
816150,0
816151,0
816152,0
816153,0
816154,0
816155,0
816156,0
816157,0
816158,0
816159,0
816160,0
816161,0
816162,2
816163,0
816164,0
816165,0
816166,0
816167,0
816168,0
816169,0
816170,0
816171,0
816172,0
816173,0
816174,0
816175,0
816176,0
816177,0
816178,0
816179,0
816180,0
816181,0
816182,0
816183,0
816184,0
816185,1
816186,1
816187,0
816188,0
816189,0
816190,1
816191,0
816192,0
816193,0
816194,1
816195,0
816196,0
816197,0
816198,0
816199,0
816200,0
816201,0
816202,0
816203,0
816204,0
816205,0
816206,0
816207,1
816208,0
816209,1
816210,0
816211,0
816212,0
816213,0
816214,0
816215,0
816216,0
816217,0
816218,0
816219,0
816220,0
816221,0
816222,0
816223,0
816224,0
816225,0
816226,1
816227,0
816228,0
816229,0
816230,0
816231,0
816232,0
816233,0
816234,0
816235,0
816236,0
816237,0
816238,0
816239,0
816240,2
816241,0
816242,0
816243,0
816244,0
816245,0
816246,0
816247,0
816248,0
816249,0
816250,1
816251,0
816252,0
816253,0
816254,0
816255,0
816256,0
816257,0
816258,0
816259,0
816260,0
816261,0
816262,0
816263,0
816264,0
816265,0
816266,0
816267,0
816268,2
816269,2
816270,0
816271,0
816272,0
816273,2
816274,0
816275,3
816276,0
816277,0
816278,0
816279,0
816280,0
816281,0
816282,0
816283,0
816284,0
816285,0
816286,0
816287,0
816288,0
816289,1
816290,0
816291,0
816292,1
816293,0
816294,0
816295,0
816296,0
816297,0
816298,0
816299,0
816300,0
816301,0
816302,1
816303,1
816304,0
816305,0
816306,0
816307,2
816308,0
816309,0
816310,0
816311,0
816312,0
816313,0
816314,2
816315,3
816316,0
816317,0
816318,0
816319,2
816320,0
816321,0
816322,0
816323,1
816324,0
816325,0
816326,0
816327,0
816328,0
816329,0
816330,0
816331,0
816332,0
816333,1
816334,0
816335,0
816336,0
816337,0
816338,0
816339,0
816340,0
816341,2
816342,0
816343,0
816344,0
816345,0
816346,0
816347,0
816348,0
816349,0
816350,0
816351,0
816352,0
816353,0
816354,0
816355,0
816356,0
816357,0
816358,0
816359,0
816360,0
816361,0
816362,0
816363,2
816364,0
816365,0
816366,0
816367,0
816368,0
816369,0
816370,0
816371,0
816372,0
816373,0
816374,0
816375,1
816376,0
816377,0
816378,0
816379,0
816380,0
816381,0
816382,0
816383,2
816384,0
816385,1
816386,0
816387,0
816388,0
816389,0
816390,0
816391,0
816392,3
816393,0
816394,0
816395,1
816396,2
816397,0
816398,0
816399,0
816400,0
816401,0
816402,0
816403,0
816404,0
816405,4
816406,2
816407,0
816408,0
816409,0
816410,0
816411,0
816412,0
816413,0
816414,0
816415,0
816416,0
816417,2
816418,2
816419,0
816420,0
816421,0
816422,0
816423,0
816424,0
816425,0
816426,0
816427,0
816428,0
816429,0
816430,0
816431,0
816432,0
816433,0
816434,0
816435,1
816436,0
816437,1
816438,0
816439,0
816440,0
816441,0
816442,0
816443,0
816444,2
816445,1
816446,1
816447,0
816448,0
816449,2
816450,0
816451,1
816452,0
816453,0
816454,0
816455,0
816456,3
816457,0
816458,2
816459,0
816460,0
816461,0
816462,0
816463,0
816464,0
816465,0
816466,0
816467,0
816468,0
816469,0
816470,0
816471,0
816472,0
816473,0
816474,0
816475,0
816476,0
816477,0
816478,0
816479,0
816480,0
816481,0
816482,1
816483,0
816484,0
816485,0
816486,0
816487,0
816488,0
816489,0
816490,0
816491,0
816492,0
816493,0
816494,0
816495,0
816496,0
816497,0
816498,1
816499,0
816500,0
816501,0
816502,0
816503,0
816504,0
816505,0
816506,0
816507,0
816508,0
816509,0
816510,0
816511,0
816512,0
816513,0
816514,0
816515,0
816516,0
816517,0
816518,0
816519,0
816520,0
816521,0
816522,0
816523,0
816524,1
816525,0
816526,0
816527,0
816528,0
816529,0
816530,0
816531,0
816532,0
816533,1
816534,0
816535,0
816536,0
816537,0
816538,0
816539,0
816540,0
816541,1
816542,4
816543,0
816544,0
816545,1
816546,0
816547,0
816548,0
816549,0
816550,0
816551,0
816552,0
816553,1
816554,0
816555,0
816556,0
816557,0
816558,0
816559,0
816560,2
816561,0
816562,1
816563,0
816564,2
816565,0
816566,0
816567,0
816568,1
816569,0
816570,0
816571,0
816572,0
816573,0
816574,0
816575,1
816576,0
816577,0
816578,0
816579,0
816580,0
816581,0
816582,0
816583,0
816584,2
816585,0
816586,0
816587,1
816588,0
816589,0
816590,0
816591,0
816592,0
816593,0
816594,0
816595,0
816596,0
816597,0
816598,0
816599,0
816600,0
816601,0
816602,0
816603,0
816604,0
816605,0
816606,2
816607,0
816608,0
816609,2
816610,0
816611,1
816612,0
816613,0
816614,0
816615,0
816616,0
816617,2
816618,0
816619,0
816620,1
816621,0
816622,0
816623,0
816624,0
816625,0
816626,2
816627,0
816628,0
816629,3
816630,0
816631,0
816632,0
816633,0
816634,0
816635,0
816636,0
816637,0
816638,0
816639,0
816640,0
816641,0
816642,0
816643,0
816644,1
816645,0
816646,0
816647,0
816648,1
816649,2
816650,0
816651,4
816652,0
816653,0
816654,0
816655,0
816656,0
816657,0
816658,0
816659,0
816660,0
816661,1
816662,0
816663,0
816664,0
816665,0
816666,0
816667,0
816668,0
816669,0
816670,0
816671,0
816672,0
816673,0
816674,3
816675,0
816676,0
816677,0
816678,0
816679,0
816680,0
816681,0
816682,0
816683,1
816684,0
816685,0
816686,2
816687,0
816688,0
816689,1
816690,0
816691,0
816692,0
816693,0
816694,1
816695,0
816696,1
816697,0
816698,0
816699,0
816700,1
816701,0
816702,3
816703,0
816704,0
816705,0
816706,0
816707,0
816708,0
816709,0
816710,0
816711,0
816712,0
816713,0
816714,0
816715,3
816716,0
816717,0
816718,0
816719,0
816720,0
816721,0
816722,0
816723,0
816724,0
816725,0
816726,0
816727,0
816728,0
816729,0
816730,0
816731,0
816732,0
816733,0
816734,0
816735,0
816736,0
816737,0
816738,0
816739,0
816740,0
816741,0
816742,0
816743,0
816744,0
816745,0
816746,0
816747,0
816748,0
816749,0
816750,0
816751,0
816752,0
816753,0
816754,0
816755,0
816756,0
816757,0
816758,0
816759,0
816760,0
816761,0
816762,1
816763,0
816764,1
816765,0
816766,0
816767,0
816768,0
816769,0
816770,0
816771,0
816772,0
816773,1
816774,0
816775,0
816776,0
816777,0
816778,0
816779,0
816780,0
816781,0
816782,0
816783,0
816784,0
816785,1
816786,4
816787,0
816788,0
816789,1
816790,0
816791,0
816792,0
816793,0
816794,0
816795,0
816796,0
816797,0
816798,0
816799,0
816800,0
816801,0
816802,0
816803,0
816804,0
816805,0
816806,0
816807,0
816808,0
816809,0
816810,0
816811,0
816812,0
816813,0
816814,0
816815,0
816816,0
816817,0
816818,0
816819,0
816820,0
816821,0
816822,0
816823,0
816824,0
816825,0
816826,0
816827,0
816828,0
816829,0
816830,0
816831,0
816832,0
816833,0
816834,0
816835,0
816836,0
816837,1
816838,0
816839,0
816840,0
816841,1
816842,4
816843,0
816844,1
816845,0
816846,0
816847,0
816848,0
816849,0
816850,0
816851,0
816852,2
816853,1
816854,0
816855,0
816856,1
816857,0
816858,0
816859,0
816860,0
816861,0
816862,2
816863,0
816864,0
816865,0
816866,1
816867,0
816868,0
816869,0
816870,0
816871,0
816872,0
816873,0
816874,4
816875,0
816876,0
816877,0
816878,0
816879,0
816880,0
816881,0
816882,0
816883,0
816884,0
816885,0
816886,0
816887,0
816888,0
816889,0
816890,0
816891,0
816892,1
816893,0
816894,0
816895,0
816896,0
816897,2
816898,0
816899,3
816900,0
816901,0
816902,0
816903,0
816904,0
816905,0
816906,0
816907,0
816908,0
816909,0
816910,2
816911,1
816912,0
816913,0
816914,0
816915,3
816916,2
816917,0
816918,0
816919,0
816920,0
816921,37
816922,0
816923,0
816924,0
816925,0
816926,0
816927,0
816928,0
816929,28
816930,0
816931,0
816932,0
816933,0
816934,0
816935,0
816936,0
816937,0
816938,0
816939,0
816940,0
816941,0
816942,0
816943,0
816944,0
816945,0
816946,38
816947,50
816948,0
816949,0
816950,0
816951,0
816952,47
816953,0
816954,0
816955,0
816956,0
816957,0
816958,0
816959,0
816960,0
816961,50
816962,0
816963,0
816964,0
816965,0
816966,0
816967,0
816968,0
816969,0
816970,0
816971,0
816972,0
816973,0
816974,0
816975,0
816976,0
816977,0
816978,42
816979,0
816980,0
816981,0
816982,37
816983,0
816984,0
816985,0
816986,0
816987,0
816988,0
816989,0
816990,0
816991,32
816992,0
816993,0
816994,0
816995,37
816996,0
816997,37
816998,0
816999,0
817000,0
817001,52
817002,0
817003,23
817004,0
817005,0
817006,0
817007,0
817008,0
817009,0
817010,33
817011,42
817012,39
817013,0
817014,0
817015,0
817016,41
817017,0
817018,0
817019,35
817020,0
817021,0
817022,0
817023,40
817024,0
817025,0
817026,0
817027,0
817028,29
817029,0
817030,33
817031,24
817032,0
817033,31
817034,0
817035,0
817036,18
817037,0
817038,0
817039,0
817040,0
817041,0
817042,0
817043,0
817044,45
817045,0
817046,0
817047,0
817048,41
817049,0
817050,0
817051,51
817052,0
817053,28
817054,0
817055,0
817056,0
817057,36
817058,0
817059,0
817060,29
817061,0
817062,0
817063,54
817064,0
817065,0
817066,0
817067,0
817068,48
817069,0
817070,0
817071,0
817072,0
817073,0
817074,0
817075,0
817076,30
817077,36
817078,0
817079,0
817080,0
817081,0
817082,0
817083,0
817084,0
817085,0
817086,0
817087,46
817088,0
817089,49
817090,33
817091,28
817092,0
817093,0
817094,0
817095,0
817096,24
817097,19
817098,39
817099,0
817100,45
817101,0
817102,0
817103,0
817104,0
817105,41
817106,0
817107,0
817108,19
817109,0
817110,0
817111,0
817112,0
817113,0
817114,0
817115,39
817116,32
817117,0
817118,0
817119,0
817120,0
817121,0
817122,0
817123,0
817124,34
817125,0
817126,0
817127,0
817128,0
817129,0
817130,0
817131,0
817132,0
817133,0
817134,0
817135,0
817136,39
817137,0
817138,36
817139,27
817140,0
817141,0
817142,0
817143,51
817144,0
817145,37
817146,0
817147,0
817148,0
817149,0
817150,0
817151,0
817152,0
817153,0
817154,0
817155,0
817156,0
817157,0
817158,26
817159,0
817160,0
817161,0
817162,24
817163,37
817164,0
817165,0
817166,0
817167,0
817168,43
817169,0
817170,0
817171,0
817172,0
817173,0
817174,0
817175,0
817176,49
817177,0
817178,0
817179,0
817180,0
817181,0
817182,0
817183,53
817184,0
817185,0
817186,0
817187,0
817188,0
817189,0
817190,0
817191,26
817192,0
817193,0
817194,0
817195,0
817196,0
817197,0
817198,0
817199,0
817200,0
817201,27
817202,0
817203,0
817204,0
817205,0
817206,0
817207,0
817208,0
817209,0
817210,0
817211,0
817212,0
817213,0
817214,21
817215,44
817216,0
817217,0
817218,33
817219,0
817220,0
817221,0
817222,35
817223,38
817224,0
817225,0
817226,34
817227,30
817228,0
817229,0
817230,0
817231,40
817232,0
817233,0
817234,39
817235,33
817236,0
817237,0
817238,0
817239,0
817240,37
817241,0
817242,0
817243,39
817244,39
817245,0
817246,0
817247,0
817248,0
817249,22
817250,0
817251,0
817252,29
817253,35
817254,0
817255,0
817256,0
817257,0
817258,49
817259,36
817260,0
817261,0
817262,39
817263,41
817264,51
817265,39
817266,39
817267,0
817268,0
817269,34
817270,0
817271,0
817272,0
817273,0
817274,35
817275,0
817276,0
817277,0
817278,0
817279,40
817280,0
817281,0
817282,0
817283,23
817284,0
817285,0
817286,0
817287,0
817288,34
817289,0
817290,0
817291,0
817292,0
817293,0
817294,0
817295,0
817296,0
817297,0
817298,0
817299,0
817300,0
817301,0
817302,0
817303,0
817304,0
817305,38
817306,0
817307,42
817308,31
817309,28
817310,0
817311,48
817312,0
817313,47
817314,63
817315,0
817316,0
817317,0
817318,0
817319,0
817320,0
817321,0
817322,0
817323,0
817324,35
817325,0
817326,31
817327,0
817328,0
817329,0
817330,41
817331,0
817332,26
817333,0
817334,0
817335,23
817336,0
817337,28
817338,0
817339,0
817340,49
817341,42
817342,27
817343,36
817344,0
817345,0
817346,41
817347,0
817348,0
817349,39
817350,0
817351,28
817352,0
817353,50
817354,0
817355,0
817356,45
817357,51
817358,47
817359,37
817360,0
817361,0
817362,0
817363,0
817364,0
817365,0
817366,0
817367,37
817368,28
817369,0
817370,24
817371,0
817372,36
817373,0
817374,0
817375,0
817376,0
817377,0
817378,0
817379,46
817380,0
817381,39
817382,32
817383,0
817384,0
817385,0
817386,44
817387,0
817388,30
817389,0
817390,0
817391,61
817392,0
817393,0
817394,46
817395,0
817396,0
817397,39
817398,0
817399,0
817400,0
817401,35
817402,0
817403,41
817404,0
817405,44
817406,0
817407,33
817408,0
817409,0
817410,0
817411,0
817412,0
817413,0
817414,30
817415,0
817416,0
817417,0
817418,0
817419,0
817420,0
817421,0
817422,0
817423,0
817424,0
817425,0
817426,32
817427,0
817428,0
817429,0
817430,0
817431,0
817432,0
817433,37
817434,0
817435,0
817436,0
817437,0
817438,0
817439,0
817440,0
817441,0
817442,0
817443,0
817444,0
817445,0
817446,0
817447,0
817448,0
817449,31
817450,0
817451,47
817452,0
817453,0
817454,0
817455,0
817456,0
817457,0
817458,39
817459,0
817460,0
817461,0
817462,38
817463,0
817464,0
817465,0
817466,0
817467,0
817468,63
817469,33
817470,0
817471,0
817472,0
817473,0
817474,0
817475,0
817476,0
817477,0
817478,0
817479,0
817480,0
817481,0
817482,47
817483,36
817484,0
817485,0
817486,42
817487,26
817488,0
817489,0
817490,0
817491,21
817492,0
817493,0
817494,0
817495,21
817496,29
817497,0
817498,0
817499,0
817500,33
817501,0
817502,0
817503,40
817504,0
817505,0
817506,0
817507,0
817508,45
817509,0
817510,0
817511,0
817512,0
817513,43
817514,0
817515,36
817516,34
817517,46
817518,0
817519,0
817520,0
817521,0
817522,20
817523,0
817524,0
817525,0
817526,0
817527,42
817528,0
817529,0
817530,39
817531,24
817532,0
817533,0
817534,0
817535,0
817536,0
817537,0
817538,39
817539,36
817540,46
817541,0
817542,0
817543,0
817544,0
817545,0
817546,0
817547,0
817548,0
817549,0
817550,0
817551,0
817552,0
817553,0
817554,0
817555,0
817556,0
817557,37
817558,0
817559,0
817560,0
817561,0
817562,0
817563,0
817564,38
817565,0
817566,0
817567,0
817568,0
817569,0
817570,0
817571,35
817572,42
817573,29
817574,0
817575,0
817576,34
817577,21
817578,0
817579,0
817580,0
817581,0
817582,0
817583,0
817584,0
817585,0
817586,0
817587,0
817588,0
817589,0
817590,35
817591,0
817592,26
817593,0
817594,0
817595,0
817596,0
817597,0
817598,49
817599,0
817600,0
817601,0
817602,0
817603,0
817604,0
817605,45
817606,0
817607,0
817608,0
817609,0
817610,28
817611,0
817612,0
817613,0
817614,41
817615,0
817616,0
817617,0
817618,0
817619,0
817620,57
817621,0
817622,39
817623,48
817624,0
817625,36
817626,0
817627,0
817628,0
817629,0
817630,0
817631,0
817632,0
817633,0
817634,0
817635,31
817636,0
817637,0
817638,0
817639,0
817640,0
817641,0
817642,0
817643,0
817644,0
817645,0
817646,0
817647,35
817648,0
817649,0
817650,40
817651,31
817652,0
817653,0
817654,0
817655,0
817656,0
817657,0
817658,29
817659,50
817660,0
817661,0
817662,51
817663,0
817664,26
817665,0
817666,0
817667,0
817668,0
817669,0
817670,0
817671,0
817672,0
817673,0
817674,0
817675,0
817676,28
817677,0
817678,0
817679,40
817680,0
817681,0
817682,0
817683,0
817684,0
817685,0
817686,44
817687,0
817688,0
817689,0
817690,0
817691,0
817692,0
817693,0
817694,0
817695,0
817696,38
817697,0
817698,31
817699,0
817700,0
817701,0
817702,0
817703,35
817704,0
817705,0
817706,0
817707,0
817708,0
817709,0
817710,0
817711,0
817712,0
817713,0
817714,0
817715,0
817716,47
817717,0
817718,0
817719,0
817720,0
817721,0
817722,43
817723,0
817724,0
817725,25
817726,0
817727,0
817728,42
817729,0
817730,0
817731,41
817732,0
817733,0
817734,0
817735,0
817736,36
817737,0
817738,26
817739,0
817740,0
817741,0
817742,0
817743,0
817744,0
817745,0
817746,0
817747,0
817748,0
817749,0
817750,0
817751,0
817752,0
817753,39
817754,0
817755,0
817756,0
817757,41
817758,35
817759,0
817760,41
817761,32
817762,0
817763,37
817764,0
817765,0
817766,0
817767,29
817768,0
817769,0
817770,0
817771,36
817772,0
817773,0
817774,33
817775,0
817776,0
817777,0
817778,0
817779,0
817780,0
817781,0
817782,0
817783,0
817784,0
817785,0
817786,0
817787,0
817788,0
817789,0
817790,0
817791,0
817792,0
817793,0
817794,7
817795,0
817796,0
817797,0
817798,0
817799,0
817800,0
817801,0
817802,0
817803,0
817804,0
817805,0
817806,0
817807,0
817808,0
817809,0
817810,0
817811,0
817812,0
817813,0
817814,0
817815,0
817816,0
817817,0
817818,0
817819,0
817820,0
817821,0
817822,0
817823,0
817824,0
817825,14
817826,0
817827,0
817828,0
817829,0
817830,0
817831,0
817832,0
817833,0
817834,0
817835,0
817836,0
817837,0
817838,0
817839,0
817840,14
817841,0
817842,0
817843,0
817844,0
817845,0
817846,0
817847,0
817848,0
817849,0
817850,0
817851,0
817852,0
817853,0
817854,0
817855,6
817856,0
817857,11
817858,11
817859,0
817860,0
817861,0
817862,0
817863,0
817864,0
817865,12
817866,0
817867,0
817868,0
817869,0
817870,0
817871,0
817872,0
817873,0
817874,0
817875,0
817876,0
817877,0
817878,0
817879,0
817880,0
817881,0
817882,0
817883,0
817884,8
817885,11
817886,0
817887,0
817888,0
817889,2
817890,0
817891,0
817892,0
817893,0
817894,0
817895,0
817896,0
817897,0
817898,0
817899,11
817900,0
817901,0
817902,0
817903,0
817904,0
817905,0
817906,0
817907,0
817908,0
817909,0
817910,0
817911,0
817912,0
817913,0
817914,0
817915,0
817916,0
817917,0
817918,0
817919,0
817920,0
817921,0
817922,0
817923,0
817924,0
817925,0
817926,0
817927,0
817928,0
817929,0
817930,0
817931,0
817932,48
817933,0
817934,31
817935,0
817936,0
817937,0
817938,0
817939,0
817940,0
817941,0
817942,0
817943,0
817944,0
817945,0
817946,0
817947,0
817948,0
817949,0
817950,0
817951,0
817952,0
817953,0
817954,0
817955,0
817956,30
817957,0
817958,0
817959,0
817960,0
817961,0
817962,39
817963,0
817964,0
817965,0
817966,0
817967,0
817968,0
817969,35
817970,0
817971,0
817972,0
817973,0
817974,0
817975,0
817976,0
817977,0
817978,0
817979,0
817980,32
817981,0
817982,0
817983,0
817984,0
817985,0
817986,0
817987,33
817988,0
817989,0
817990,48
817991,0
817992,51
817993,0
817994,0
817995,0
817996,0
817997,0
817998,0
817999,0
818000,0
818001,0
818002,0
818003,0
818004,0
818005,0
818006,0
818007,0
818008,0
818009,0
818010,0
818011,0
818012,0
818013,36
818014,0
818015,0
818016,0
818017,0
818018,0
818019,0
818020,0
818021,0
818022,0
818023,0
818024,0
818025,0
818026,0
818027,0
818028,0
818029,0
818030,0
818031,0
818032,0
818033,0
818034,0
818035,0
818036,0
818037,0
818038,0
818039,0
818040,0
818041,47
818042,0
818043,0
818044,0
818045,0
818046,0
818047,0
818048,0
818049,0
818050,0
818051,0
818052,0
818053,0
818054,0
818055,0
818056,0
818057,0
818058,0
818059,0
818060,0
818061,0
818062,0
818063,0
818064,0
818065,0
818066,0
818067,0
818068,0
818069,0
818070,0
818071,0
818072,0
818073,0
818074,0
818075,0
818076,0
818077,0
818078,0
818079,0
818080,0
818081,0
818082,0
818083,0
818084,0
818085,0
818086,0
818087,22
818088,0
818089,0
818090,0
818091,0
818092,0
818093,0
818094,0
818095,0
818096,0
818097,0
818098,0
818099,0
818100,0
818101,0
818102,0
818103,0
818104,0
818105,0
818106,0
818107,0
818108,0
818109,0
818110,0
818111,0
818112,0
818113,0
818114,0
818115,0
818116,0
818117,0
818118,0
818119,0
818120,25
818121,0
818122,0
818123,33
818124,0
818125,0
818126,0
818127,0
818128,0
818129,0
818130,0
818131,0
818132,0
818133,0
818134,0
818135,0
818136,40
818137,0
818138,0
818139,0
818140,32
818141,0
818142,0
818143,0
818144,0
818145,36
818146,0
818147,37
818148,0
818149,0
818150,0
818151,0
818152,0
818153,0
818154,0
818155,0
818156,0
818157,0
818158,0
818159,0
818160,0
818161,0
818162,0
818163,0
818164,0
818165,0
818166,0
818167,0
818168,0
818169,0
818170,0
818171,0
818172,0
818173,0
818174,0
818175,0
818176,0
818177,0
818178,0
818179,0
818180,0
818181,0
818182,0
818183,0
818184,0
818185,0
818186,0
818187,0
818188,0
818189,0
818190,0
818191,0
818192,0
818193,0
818194,0
818195,0
818196,0
818197,0
818198,0
818199,0
818200,0
818201,0
818202,0
818203,0
818204,0
818205,0
818206,0
818207,0
818208,0
818209,0
818210,0
818211,0
818212,0
818213,0
818214,0
818215,0
818216,0
818217,0
818218,0
818219,0
818220,0
818221,0
818222,0
818223,0
818224,0
818225,0
818226,0
818227,0
818228,0
818229,0
818230,0
818231,0
818232,0
818233,0
818234,0
818235,0
818236,0
818237,0
818238,0
818239,0
818240,0
818241,0
818242,0
818243,0
818244,0
818245,0
818246,0
818247,0
818248,0
818249,0
818250,0
818251,0
818252,0
818253,0
818254,0
818255,0
818256,0
818257,0
818258,0
818259,0
818260,1
818261,0
818262,0
818263,0
818264,0
818265,0
818266,0
818267,0
818268,0
818269,0
818270,0
818271,0
818272,0
818273,0
818274,0
818275,0
818276,0
818277,0
818278,0
818279,0
818280,0
818281,0
818282,0
818283,0
818284,1
818285,0
818286,0
818287,0
818288,0
818289,0
818290,0
818291,0
818292,0
818293,0
818294,0
818295,0
818296,0
818297,0
818298,0
818299,0
818300,0
818301,1
818302,0
818303,0
818304,0
818305,0
818306,0
818307,0
818308,0
818309,0
818310,0
818311,0
818312,0
818313,0
818314,0
818315,0
818316,0
818317,0
818318,0
818319,0
818320,0
818321,0
818322,0
818323,0
818324,0
818325,0
818326,0
818327,0
818328,0
818329,0
818330,0
818331,0
818332,0
818333,0
818334,0
818335,0
818336,0
818337,0
818338,0
818339,0
818340,0
818341,0
818342,0
818343,0
818344,0
818345,0
818346,0
818347,35
818348,0
818349,0
818350,57
818351,0
818352,47
818353,0
818354,0
818355,0
818356,29
818357,0
818358,0
818359,0
818360,0
818361,0
818362,53
818363,0
818364,0
818365,39
818366,0
818367,0
818368,0
818369,48
818370,0
818371,0
818372,0
818373,58
818374,0
818375,0
818376,0
818377,50
818378,21
818379,0
818380,0
818381,0
818382,0
818383,0
818384,0
818385,0
818386,0
818387,0
818388,45
818389,0
818390,0
818391,0
818392,0
818393,0
818394,0
818395,0
818396,0
818397,0
818398,0
818399,0
818400,0
818401,0
818402,0
818403,0
818404,0
818405,0
818406,0
818407,0
818408,0
818409,0
818410,0
818411,38
818412,0
818413,0
818414,0
818415,0
818416,0
818417,45
818418,0
818419,40
818420,0
818421,42
818422,0
818423,0
818424,0
818425,0
818426,0
818427,0
818428,53
818429,0
818430,0
818431,0
818432,0
818433,0
818434,53
818435,0
818436,0
818437,0
818438,55
818439,0
818440,0
818441,0
818442,0
818443,0
818444,0
818445,0
818446,0
818447,31
818448,0
818449,0
818450,0
818451,0
818452,0
818453,0
818454,0
818455,0
818456,44
818457,0
818458,0
818459,0
818460,0
818461,0
818462,0
818463,0
818464,0
818465,0
818466,0
818467,0
818468,0
818469,0
818470,0
818471,0
818472,0
818473,0
818474,0
818475,0
818476,0
818477,0
818478,0
818479,0
818480,0
818481,0
818482,0
818483,0
818484,33
818485,44
818486,0
818487,0
818488,0
818489,0
818490,0
818491,0
818492,0
818493,0
818494,0
818495,0
818496,39
818497,0
818498,27
818499,0
818500,0
818501,0
818502,0
818503,0
818504,0
818505,0
818506,0
818507,0
818508,0
818509,0
818510,0
818511,0
818512,0
818513,0
818514,0
818515,0
818516,0
818517,0
818518,0
818519,41
818520,14
818521,0
818522,0
818523,0
818524,0
818525,0
818526,27
818527,0
818528,0
818529,0
818530,0
818531,0
818532,0
818533,0
818534,0
818535,0
818536,0
818537,0
818538,0
818539,0
818540,0
818541,0
818542,0
818543,0
818544,0
818545,0
818546,39
818547,0
818548,0
818549,0
818550,0
818551,0
818552,0
818553,40
818554,0
818555,0
818556,0
818557,37
818558,42
818559,0
818560,0
818561,0
818562,0
818563,0
818564,0
818565,0
818566,0
818567,0
818568,0
818569,34
818570,0
818571,0
818572,0
818573,0
818574,0
818575,0
818576,0
818577,0
818578,0
818579,0
818580,0
818581,0
818582,0
818583,0
818584,0
818585,0
818586,0
818587,0
818588,0
818589,0
818590,0
818591,0
818592,0
818593,0
818594,28
818595,0
818596,0
818597,0
818598,0
818599,0
818600,0
818601,0
818602,0
818603,0
818604,0
818605,48
818606,0
818607,38
818608,0
818609,24
818610,0
818611,29
818612,0
818613,0
818614,51
818615,52
818616,30
818617,0
818618,0
818619,46
818620,0
818621,0
818622,0
818623,0
818624,0
818625,0
818626,35
818627,0
818628,31
818629,0
818630,0
818631,0
818632,0
818633,0
818634,0
818635,48
818636,0
818637,0
818638,0
818639,0
818640,0
818641,0
818642,0
818643,38
818644,0
818645,0
818646,0
818647,0
818648,0
818649,0
818650,0
818651,0
818652,0
818653,32
818654,63
818655,0
818656,0
818657,0
818658,0
818659,0
818660,0
818661,0
818662,0
818663,0
818664,0
818665,0
818666,0
818667,0
818668,0
818669,0
818670,0
818671,0
818672,0
818673,0
818674,0
818675,0
818676,0
818677,39
818678,0
818679,0
818680,0
818681,0
818682,0
818683,0
818684,0
818685,0
818686,0
818687,0
818688,0
818689,0
818690,0
818691,0
818692,0
818693,0
818694,0
818695,47
818696,0
818697,0
818698,0
818699,0
818700,0
818701,0
818702,0
818703,0
818704,0
818705,0
818706,35
818707,0
818708,0
818709,0
818710,0
818711,0
818712,0
818713,0
818714,0
818715,23
818716,0
818717,0
818718,0
818719,0
818720,0
818721,0
818722,0
818723,0
818724,0
818725,0
818726,0
818727,0
818728,0
818729,0
818730,0
818731,0
818732,27
818733,0
818734,0
818735,0
818736,0
818737,0
818738,71
818739,0
818740,0
818741,0
818742,0
818743,46
818744,41
818745,0
818746,0
818747,0
818748,0
818749,0
818750,0
818751,0
818752,0
818753,37
818754,0
818755,0
818756,0
818757,0
818758,0
818759,0
818760,0
818761,0
818762,26
818763,0
818764,0
818765,0
818766,0
818767,0
818768,0
818769,0
818770,0
818771,0
818772,0
818773,0
818774,21
818775,0
818776,0
818777,0
818778,0
818779,0
818780,0
818781,0
818782,0
818783,0
818784,0
818785,0
818786,0
818787,0
818788,0
818789,0
818790,0
818791,0
818792,0
818793,0
818794,0
818795,0
818796,0
818797,0
818798,37
818799,0
818800,0
818801,0
818802,0
818803,0
818804,43
818805,0
818806,0
818807,0
818808,0
818809,0
818810,0
818811,0
818812,0
818813,0
818814,0
818815,0
818816,0
818817,0
818818,0
818819,56
818820,0
818821,0
818822,0
818823,0
818824,0
818825,0
818826,0
818827,0
818828,0
818829,0
818830,0
818831,47
818832,0
818833,0
818834,0
818835,0
818836,0
818837,0
818838,0
818839,47
818840,0
818841,53
818842,0
818843,0
818844,38
818845,23
818846,0
818847,0
818848,0
818849,0
818850,33
818851,33
818852,0
818853,0
818854,0
818855,38
818856,0
818857,0
818858,0
818859,38
818860,0
818861,0
818862,0
818863,34
818864,0
818865,0
818866,0
818867,0
818868,0
818869,0
818870,0
818871,0
818872,0
818873,0
818874,0
818875,0
818876,0
818877,0
818878,0
818879,0
818880,0
818881,0
818882,0
818883,0
818884,0
818885,0
818886,0
818887,0
818888,0
818889,0
818890,0
818891,0
818892,0
818893,0
818894,0
818895,0
818896,56
818897,0
818898,0
818899,53
818900,0
818901,0
818902,0
818903,0
818904,0
818905,0
818906,0
818907,0
818908,0
818909,0
818910,0
818911,0
818912,0
818913,0
818914,0
818915,0
818916,0
818917,0
818918,0
818919,0
818920,0
818921,0
818922,0
818923,0
818924,0
818925,0
818926,0
818927,0
818928,0
818929,0
818930,0
818931,0
818932,0
818933,0
818934,0
818935,0
818936,0
818937,0
818938,0
818939,0
818940,0
818941,0
818942,0
818943,0
818944,40
818945,0
818946,34
818947,0
818948,0
818949,0
818950,0
818951,0
818952,0
818953,0
818954,0
818955,0
818956,0
818957,0
818958,0
818959,0
818960,0
818961,0
818962,0
818963,39
818964,0
818965,0
818966,0
818967,0
818968,0
818969,0
818970,0
818971,0
818972,0
818973,0
818974,0
818975,0
818976,0
818977,0
818978,0
818979,31
818980,0
818981,0
818982,0
818983,0
818984,0
818985,0
818986,0
818987,0
818988,0
818989,0
818990,0
818991,0
818992,0
818993,54
818994,0
818995,0
818996,0
818997,0
818998,0
818999,0
819000,0
819001,0
819002,0
819003,0
819004,0
819005,0
819006,0
819007,0
819008,0
819009,26
819010,0
819011,0
819012,42
819013,0
819014,0
819015,36
819016,0
819017,0
819018,0
819019,0
819020,0
819021,0
819022,0
819023,0
819024,0
819025,0
819026,0
819027,0
819028,0
819029,0
819030,38
819031,0
819032,0
819033,0
819034,52
819035,39
819036,0
819037,0
819038,0
819039,0
819040,0
819041,0
819042,47
819043,0
819044,0
819045,0
819046,0
819047,0
819048,0
819049,0
819050,0
819051,0
819052,37
819053,31
819054,0
819055,0
819056,0
819057,0
819058,0
819059,0
819060,0
819061,0
819062,0
819063,48
819064,0
819065,63
819066,0
819067,0
819068,0
819069,0
819070,51
819071,0
819072,0
819073,0
819074,0
819075,0
819076,0
819077,0
819078,0
819079,0
819080,0
819081,0
819082,0
819083,0
819084,0
819085,0
819086,0
819087,0
819088,0
819089,0
819090,0
819091,0
819092,0
819093,0
819094,0
819095,0
819096,0
819097,45
819098,0
819099,0
819100,0
819101,0
819102,0
819103,0
819104,0
819105,0
819106,55
819107,0
819108,0
819109,0
819110,0
819111,40
819112,0
819113,0
819114,0
819115,0
819116,0
819117,0
819118,0
819119,0
819120,34
819121,0
819122,0
819123,0
819124,0
819125,51
819126,34
819127,0
819128,0
819129,0
819130,0
819131,0
819132,0
819133,0
819134,0
819135,0
819136,33
819137,0
819138,30
819139,51
819140,0
819141,32
819142,0
819143,0
819144,0
819145,0
819146,0
819147,0
819148,0
819149,0
819150,0
819151,0
819152,50
819153,0
819154,0
819155,0
819156,0
819157,0
819158,0
819159,0
819160,0
819161,0
819162,0
819163,0
819164,0
819165,0
819166,0
819167,0
819168,0
819169,0
819170,0
819171,0
819172,0
819173,48
819174,0
819175,0
819176,0
819177,0
819178,0
819179,0
819180,0
819181,14
819182,0
819183,0
819184,0
819185,0
819186,35
819187,0
819188,0
819189,0
819190,0
819191,0
819192,0
819193,0
819194,42
819195,0
819196,53
819197,0
819198,0
819199,0
819200,40
819201,0
819202,0
819203,0
819204,0
819205,0
819206,0
819207,0
819208,0
819209,0
819210,0
819211,0
819212,0
819213,0
819214,0
819215,0
819216,0
819217,0
819218,0
819219,0
819220,0
819221,0
819222,0
819223,0
819224,0
819225,0
819226,0
819227,0
819228,0
819229,0
819230,0
819231,0
819232,0
819233,31
819234,0
819235,44
819236,0
819237,0
819238,0
819239,34
819240,0
819241,33
819242,0
819243,35
819244,0
819245,0
819246,35
819247,0
819248,24
819249,0
819250,0
819251,40
819252,0
819253,0
819254,0
819255,0
819256,0
819257,36
819258,0
819259,42
819260,0
819261,0
819262,0
819263,0
819264,27
819265,0
819266,0
819267,0
819268,31
819269,0
819270,0
819271,35
819272,0
819273,34
819274,26
819275,36
819276,0
819277,45
819278,23
819279,0
819280,42
819281,0
819282,0
819283,0
819284,0
819285,0
819286,37
819287,0
819288,0
819289,0
819290,0
819291,0
819292,0
819293,0
819294,0
819295,0
819296,0
819297,0
819298,0
819299,0
819300,31
819301,0
819302,0
819303,0
819304,42
819305,33
819306,0
819307,0
819308,0
819309,0
819310,0
819311,0
819312,31
819313,0
819314,0
819315,0
819316,0
819317,0
819318,34
819319,33
819320,0
819321,0
819322,21
819323,0
819324,24
819325,0
819326,49
819327,0
819328,43
819329,0
819330,0
819331,0
819332,36
819333,0
819334,0
819335,27
819336,0
819337,0
819338,0
819339,0
819340,0
819341,0
819342,0
819343,0
819344,0
819345,0
819346,0
819347,0
819348,0
819349,0
819350,0
819351,0
819352,0
819353,0
819354,0
819355,0
819356,0
819357,0
819358,0
819359,36
819360,0
819361,0
819362,37
819363,25
819364,0
819365,0
819366,0
819367,0
819368,0
819369,0
819370,0
819371,0
819372,34
819373,0
819374,0
819375,25
819376,0
819377,39
819378,0
819379,0
819380,0
819381,0
819382,0
819383,0
819384,0
819385,0
819386,35
819387,34
819388,29
819389,53
819390,0
819391,0
819392,0
819393,23
819394,24
819395,0
819396,0
819397,0
819398,0
819399,0
819400,35
819401,0
819402,0
819403,0
819404,0
819405,0
819406,0
819407,26
819408,0
819409,0
819410,0
819411,0
819412,0
819413,0
819414,0
819415,0
819416,0
819417,0
819418,34
819419,0
819420,30
819421,0
819422,0
819423,0
819424,0
819425,0
819426,29
819427,0
819428,43
819429,0
819430,0
819431,23
819432,0
819433,0
819434,0
819435,0
819436,0
819437,0
819438,0
819439,0
819440,0
819441,0
819442,29
819443,0
819444,0
819445,0
819446,27
819447,0
819448,0
819449,30
819450,19
819451,0
819452,0
819453,34
819454,0
819455,0
819456,17
819457,0
819458,0
819459,0
819460,0
819461,36
819462,0
819463,0
819464,29
819465,0
819466,0
819467,0
819468,31
819469,0
819470,24
819471,0
819472,31
819473,0
819474,0
819475,0
819476,0
819477,0
819478,0
819479,0
819480,0
819481,0
819482,0
819483,0
819484,0
819485,0
819486,29
819487,28
819488,0
819489,0
819490,0
819491,0
819492,24
819493,0
819494,0
819495,0
819496,0
819497,0
819498,0
819499,32
819500,24
819501,0
819502,0
819503,0
819504,0
819505,0
819506,0
819507,0
819508,0
819509,0
819510,0
819511,0
819512,0
819513,0
819514,36
819515,0
819516,0
819517,0
819518,0
819519,43
819520,0
819521,38
819522,27
819523,0
819524,38
819525,24
819526,0
819527,0
819528,0
819529,45
819530,0
819531,0
819532,0
819533,0
819534,0
819535,0
819536,0
819537,0
819538,0
819539,0
819540,0
819541,0
819542,0
819543,0
819544,28
819545,0
819546,30
819547,0
819548,0
819549,0
819550,28
819551,0
819552,0
819553,0
819554,0
819555,23
819556,0
819557,0
819558,0
819559,0
819560,0
819561,0
819562,0
819563,0
819564,0
819565,0
819566,0
819567,37
819568,0
819569,0
819570,33
819571,0
819572,34
819573,0
819574,0
819575,0
819576,0
819577,0
819578,0
819579,0
819580,0
819581,32
819582,0
819583,0
819584,0
819585,0
819586,0
819587,0
819588,0
819589,0
819590,0
819591,0
819592,29
819593,0
819594,0
819595,0
819596,0
819597,0
819598,0
819599,0
819600,0
819601,0
819602,0
819603,0
819604,3
819605,0
819606,8
819607,0
819608,0
819609,0
819610,0
819611,0
819612,0
819613,0
819614,0
819615,0
819616,0
819617,0
819618,13
819619,0
819620,0
819621,11
819622,0
819623,0
819624,0
819625,0
819626,0
819627,16
819628,0
819629,9
819630,0
819631,0
819632,0
819633,0
819634,0
819635,0
819636,0
819637,17
819638,0
819639,0
819640,0
819641,12
819642,0
819643,0
819644,0
819645,21
819646,0
819647,0
819648,0
819649,0
819650,0
819651,0
819652,0
819653,0
819654,0
819655,10
819656,0
819657,0
819658,10
819659,0
819660,0
819661,0
819662,0
819663,0
819664,0
819665,0
819666,0
819667,0
819668,0
819669,0
819670,0
819671,0
819672,0
819673,0
819674,0
819675,0
819676,0
819677,8
819678,0
819679,0
819680,0
819681,14
819682,0
819683,0
819684,10
819685,0
819686,16
819687,0
819688,8
819689,0
819690,0
819691,0
819692,0
819693,0
819694,0
819695,0
819696,0
819697,0
819698,0
819699,0
819700,0
819701,0
819702,0
819703,0
819704,0
819705,0
819706,8
819707,0
819708,0
819709,8
819710,0
819711,0
819712,0
819713,0
819714,7
819715,0
819716,0
819717,0
819718,0
819719,0
819720,0
819721,0
819722,0
819723,0
819724,0
819725,0
819726,0
819727,0
819728,0
819729,0
819730,0
819731,0
819732,0
819733,0
819734,0
819735,0
819736,0
819737,0
819738,0
819739,0
819740,0
819741,0
819742,0
819743,12
819744,0
819745,0
819746,0
819747,13
819748,0
819749,0
819750,0
819751,0
819752,0
819753,0
819754,0
819755,0
819756,0
819757,12
819758,0
819759,0
819760,0
819761,0
819762,0
819763,0
819764,0
819765,0
819766,0
819767,0
819768,0
819769,0
819770,0
819771,0
819772,0
819773,0
819774,0
819775,0
819776,0
819777,0
819778,0
819779,0
819780,0
819781,0
819782,0
819783,0
819784,0
819785,0
819786,0
819787,8
819788,0
819789,0
819790,0
819791,0
819792,16
819793,0
819794,0
819795,0
819796,0
819797,8
819798,0
819799,0
819800,0
819801,0
819802,0
819803,0
819804,0
819805,0
819806,0
819807,0
819808,0
819809,0
819810,0
819811,0
819812,0
819813,0
819814,0
819815,0
819816,0
819817,0
819818,0
819819,0
819820,0
819821,0
819822,0
819823,0
819824,0
819825,0
819826,0
819827,6
819828,0
819829,12
819830,0
819831,0
819832,0
819833,0
819834,0
819835,0
819836,0
819837,0
819838,7
819839,0
819840,0
819841,0
819842,0
819843,0
819844,0
819845,0
819846,0
819847,0
819848,0
819849,0
819850,0
819851,0
819852,0
819853,0
819854,9
819855,9
819856,0
819857,0
819858,0
819859,10
819860,0
819861,0
819862,0
819863,0
819864,0
819865,0
819866,9
819867,0
819868,11
819869,0
819870,0
819871,0
819872,0
819873,0
819874,0
819875,0
819876,0
819877,0
819878,0
819879,0
819880,0
819881,10
819882,0
819883,0
819884,0
819885,0
819886,0
819887,0
819888,0
819889,0
819890,0
819891,0
819892,0
819893,0
819894,0
819895,0
819896,0
819897,0
819898,0
819899,0
819900,0
819901,0
819902,14
819903,0
819904,0
819905,0
819906,10
819907,0
819908,0
819909,0
819910,12
819911,0
819912,0
819913,0
819914,0
819915,0
819916,0
819917,0
819918,0
819919,0
819920,0
819921,0
819922,0
819923,0
819924,9
819925,0
819926,0
819927,0
819928,0
819929,0
819930,0
819931,0
819932,0
819933,11
819934,0
819935,19
819936,0
819937,0
819938,0
819939,0
819940,0
819941,12
819942,0
819943,0
819944,0
819945,0
819946,0
819947,0
819948,0
819949,0
819950,0
819951,0
819952,0
819953,0
819954,0
819955,0
819956,0
819957,18
819958,10
819959,0
819960,0
819961,7
819962,0
819963,0
819964,0
819965,0
819966,0
819967,0
819968,0
819969,0
819970,13
819971,0
819972,0
819973,0
819974,0
819975,0
819976,0
819977,0
819978,0
819979,0
819980,0
819981,0
819982,0
819983,0
819984,0
819985,0
819986,0
819987,0
819988,0
819989,0
819990,0
819991,0
819992,0
819993,0
819994,0
819995,0
819996,0
819997,0
819998,15
819999,0
820000,0
820001,5
820002,0
820003,0
820004,13
820005,0
820006,0
820007,7
820008,0
820009,0
820010,0
820011,0
820012,0
820013,0
820014,0
820015,0
820016,0
820017,3
820018,0
820019,0
820020,14
820021,13
820022,0
820023,0
820024,0
820025,0
820026,0
820027,0
820028,0
820029,0
820030,0
820031,0
820032,0
820033,15
820034,0
820035,0
820036,0
820037,0
820038,0
820039,0
820040,0
820041,0
820042,0
820043,0
820044,0
820045,5
820046,0
820047,0
820048,0
820049,0
820050,0
820051,0
820052,0
820053,0
820054,0
820055,0
820056,13
820057,0
820058,12
820059,0
820060,0
820061,0
820062,0
820063,0
820064,0
820065,0
820066,0
820067,0
820068,0
820069,0
820070,11
820071,0
820072,0
820073,0
820074,0
820075,0
820076,10
820077,0
820078,0
820079,0
820080,8
820081,0
820082,15
820083,0
820084,0
820085,13
820086,0
820087,0
820088,0
820089,0
820090,0
820091,5
820092,0
820093,0
820094,0
820095,0
820096,0
820097,0
820098,13
820099,0
820100,0
820101,0
820102,0
820103,0
820104,0
820105,9
820106,0
820107,0
820108,0
820109,8
820110,11
820111,0
820112,10
820113,0
820114,0
820115,9
820116,0
820117,0
820118,0
820119,0
820120,0
820121,10
820122,0
820123,0
820124,0
820125,0
820126,0
820127,0
820128,17
820129,24
820130,0
820131,23
820132,0
820133,0
820134,0
820135,19
820136,5
820137,0
820138,30
820139,0
820140,0
820141,0
820142,0
820143,23
820144,0
820145,0
820146,0
820147,0
820148,0
820149,0
820150,37
820151,0
820152,14
820153,0
820154,0
820155,27
820156,0
820157,0
820158,18
820159,0
820160,0
820161,0
820162,0
820163,0
820164,0
820165,0
820166,0
820167,0
820168,0
820169,0
820170,0
820171,0
820172,20
820173,0
820174,0
820175,0
820176,0
820177,0
820178,0
820179,0
820180,37
820181,0
820182,0
820183,0
820184,11
820185,0
820186,28
820187,0
820188,10
820189,0
820190,0
820191,0
820192,15
820193,0
820194,19
820195,10
820196,0
820197,19
820198,0
820199,0
820200,0
820201,23
820202,15
820203,0
820204,0
820205,0
820206,0
820207,0
820208,0
820209,0
820210,0
820211,19
820212,0
820213,0
820214,0
820215,0
820216,22
820217,0
820218,0
820219,12
820220,21
820221,0
820222,0
820223,0
820224,0
820225,0
820226,18
820227,13
820228,32
820229,0
820230,0
820231,0
820232,0
820233,0
820234,22
820235,0
820236,0
820237,0
820238,26
820239,0
820240,0
820241,0
820242,19
820243,23
820244,19
820245,0
820246,0
820247,0
820248,0
820249,27
820250,0
820251,21
820252,6
820253,0
820254,0
820255,41
820256,15
820257,0
820258,0
820259,0
820260,0
820261,0
820262,22
820263,0
820264,0
820265,0
820266,20
820267,0
820268,0
820269,0
820270,0
820271,0
820272,11
820273,27
820274,0
820275,0
820276,18
820277,34
820278,0
820279,0
820280,39
820281,26
820282,0
820283,17
820284,0
820285,0
820286,0
820287,12
820288,0
820289,18
820290,0
820291,0
820292,0
820293,0
820294,0
820295,0
820296,0
820297,0
820298,0
820299,17
820300,0
820301,0
820302,0
820303,0
820304,0
820305,0
820306,0
820307,0
820308,0
820309,9
820310,21
820311,17
820312,0
820313,0
820314,0
820315,0
820316,27
820317,0
820318,0
820319,0
820320,0
820321,0
820322,0
820323,0
820324,0
820325,29
820326,25
820327,0
820328,17
820329,0
820330,0
820331,0
820332,0
820333,0
820334,0
820335,39
820336,25
820337,0
820338,0
820339,0
820340,25
820341,0
820342,24
820343,0
820344,0
820345,0
820346,15
820347,24
820348,0
820349,0
820350,27
820351,0
820352,15
820353,0
820354,0
820355,0
820356,0
820357,0
820358,31
820359,0
820360,22
820361,0
820362,31
820363,0
820364,0
820365,0
820366,0
820367,0
820368,0
820369,0
820370,0
820371,21
820372,0
820373,0
820374,0
820375,0
820376,0
820377,22
820378,39
820379,25
820380,0
820381,0
820382,12
820383,0
820384,0
820385,23
820386,0
820387,0
820388,0
820389,0
820390,0
820391,0
820392,0
820393,0
820394,0
820395,0
820396,0
820397,0
820398,0
820399,0
820400,0
820401,0
820402,0
820403,0
820404,0
820405,0
820406,0
820407,0
820408,0
820409,0
820410,34
820411,0
820412,0
820413,0
820414,0
820415,0
820416,0
820417,0
820418,40
820419,0
820420,0
820421,0
820422,0
820423,0
820424,0
820425,0
820426,0
820427,0
820428,0
820429,0
820430,35
820431,0
820432,0
820433,0
820434,0
820435,0
820436,25
820437,0
820438,0
820439,0
820440,0
820441,0
820442,23
820443,0
820444,0
820445,0
820446,0
820447,0
820448,0
820449,0
820450,0
820451,0
820452,0
820453,0
820454,0
820455,0
820456,0
820457,0
820458,0
820459,0
820460,0
820461,0
820462,0
820463,0
820464,0
820465,0
820466,0
820467,0
820468,0
820469,0
820470,0
820471,0
820472,0
820473,0
820474,0
820475,0
820476,0
820477,0
820478,0
820479,0
820480,0
820481,0
820482,0
820483,0
820484,0
820485,0
820486,0
820487,0
820488,0
820489,0
820490,0
820491,0
820492,0
820493,0
820494,0
820495,0
820496,0
820497,0
820498,0
820499,0
820500,27
820501,0
820502,0
820503,0
820504,0
820505,0
820506,0
820507,0
820508,0
820509,0
820510,0
820511,0
820512,0
820513,0
820514,0
820515,0
820516,0
820517,0
820518,0
820519,0
820520,0
820521,0
820522,0
820523,0
820524,0
820525,0
820526,0
820527,0
820528,0
820529,0
820530,0
820531,0
820532,0
820533,0
820534,0
820535,0
820536,0
820537,0
820538,0
820539,0
820540,0
820541,0
820542,0
820543,0
820544,0
820545,0
820546,0
820547,0
820548,0
820549,0
820550,0
820551,0
820552,0
820553,0
820554,0
820555,0
820556,0
820557,0
820558,0
820559,0
820560,0
820561,0
820562,47
820563,0
820564,0
820565,0
820566,0
820567,0
820568,0
820569,0
820570,0
820571,0
820572,0
820573,0
820574,0
820575,36
820576,0
820577,0
820578,56
820579,0
820580,0
820581,0
820582,0
820583,0
820584,0
820585,0
820586,0
820587,0
820588,0
820589,0
820590,0
820591,0
820592,0
820593,0
820594,0
820595,0
820596,0
820597,0
820598,0
820599,0
820600,0
820601,0
820602,0
820603,0
820604,0
820605,0
820606,0
820607,0
820608,0
820609,0
820610,0
820611,0
820612,0
820613,0
820614,0
820615,0
820616,0
820617,0
820618,0
820619,29
820620,0
820621,0
820622,0
820623,0
820624,17
820625,0
820626,0
820627,0
820628,0
820629,0
820630,0
820631,0
820632,0
820633,0
820634,0
820635,0
820636,0
820637,0
820638,0
820639,0
820640,0
820641,0
820642,0
820643,0
820644,0
820645,0
820646,0
820647,0
820648,0
820649,0
820650,0
820651,0
820652,0
820653,0
820654,44
820655,0
820656,0
820657,0
820658,0
820659,0
820660,0
820661,0
820662,0
820663,0
820664,0
820665,0
820666,0
820667,0
820668,0
820669,0
820670,0
820671,0
820672,0
820673,0
820674,0
820675,0
820676,0
820677,0
820678,0
820679,0
820680,0
820681,0
820682,0
820683,0
820684,0
820685,0
820686,0
820687,0
820688,0
820689,0
820690,0
820691,0
820692,0
820693,0
820694,0
820695,0
820696,0
820697,0
820698,0
820699,0
820700,0
820701,0
820702,0
820703,0
820704,0
820705,26
820706,0
820707,0
820708,0
820709,0
820710,0
820711,0
820712,0
820713,0
820714,0
820715,0
820716,0
820717,0
820718,0
820719,0
820720,0
820721,0
820722,32
820723,0
820724,0
820725,0
820726,0
820727,0
820728,0
820729,0
820730,0
820731,0
820732,0
820733,0
820734,0
820735,45
820736,0
820737,0
820738,0
820739,0
820740,0
820741,0
820742,0
820743,0
820744,0
820745,0
820746,0
820747,0
820748,0
820749,0
820750,0
820751,36
820752,0
820753,0
820754,0
820755,0
820756,0
820757,0
820758,0
820759,0
820760,0
820761,0
820762,0
820763,0
820764,0
820765,0
820766,0
820767,0
820768,0
820769,0
820770,0
820771,0
820772,30
820773,0
820774,0
820775,0
820776,0
820777,0
820778,52
820779,0
820780,0
820781,0
820782,0
820783,0
820784,0
820785,0
820786,0
820787,0
820788,0
820789,0
820790,0
820791,0
820792,0
820793,0
820794,0
820795,0
820796,0
820797,0
820798,0
820799,0
820800,0
820801,0
820802,0
820803,0
820804,0
820805,0
820806,0
820807,0
820808,0
820809,0
820810,0
820811,0
820812,0
820813,0
820814,0
820815,0
820816,0
820817,0
820818,0
820819,0
820820,0
820821,0
820822,0
820823,0
820824,0
820825,0
820826,0
820827,0
820828,37
820829,0
820830,0
820831,0
820832,0
820833,0
820834,0
820835,0
820836,0
820837,0
820838,0
820839,0
820840,0
820841,0
820842,42
820843,36
820844,0
820845,0
820846,0
820847,0
820848,42
820849,0
820850,0
820851,0
820852,0
820853,0
820854,0
820855,0
820856,0
820857,0
820858,0
820859,0
820860,0
820861,0
820862,0
820863,0
820864,0
820865,0
820866,0
820867,0
820868,0
820869,0
820870,0
820871,0
820872,36
820873,0
820874,0
820875,0
820876,0
820877,0
820878,0
820879,0
820880,0
820881,0
820882,0
820883,45
820884,0
820885,0
820886,0
820887,0
820888,0
820889,0
820890,0
820891,0
820892,0
820893,0
820894,0
820895,0
820896,0
820897,0
820898,0
820899,0
820900,0
820901,0
820902,40
820903,0
820904,0
820905,0
820906,0
820907,43
820908,48
820909,0
820910,0
820911,43
820912,0
820913,0
820914,0
820915,45
820916,0
820917,0
820918,0
820919,0
820920,0
820921,0
820922,0
820923,0
820924,0
820925,0
820926,0
820927,0
820928,0
820929,0
820930,0
820931,0
820932,0
820933,0
820934,0
820935,0
820936,0
820937,0
820938,0
820939,0
820940,0
820941,0
820942,0
820943,0
820944,0
820945,0
820946,0
820947,0
820948,0
820949,0
820950,0
820951,0
820952,0
820953,0
820954,0
820955,0
820956,0
820957,0
820958,0
820959,0
820960,0
820961,0
820962,0
820963,0
820964,0
820965,0
820966,0
820967,0
820968,0
820969,0
820970,0
820971,0
820972,0
820973,0
820974,0
820975,0
820976,0
820977,0
820978,0
820979,0
820980,17
820981,0
820982,0
820983,0
820984,0
820985,0
820986,0
820987,0
820988,0
820989,0
820990,0
820991,0
820992,0
820993,0
820994,0
820995,0
820996,49
820997,0
820998,0
820999,0
821000,0
821001,0
821002,33
821003,0
821004,0
821005,12
821006,0
821007,0
821008,0
821009,0
821010,21
821011,0
821012,0
821013,14
821014,0
821015,0
821016,0
821017,25
821018,0
821019,18
821020,0
821021,0
821022,0
821023,14
821024,0
821025,0
821026,24
821027,0
821028,0
821029,0
821030,0
821031,17
821032,0
821033,0
821034,13
821035,8
821036,12
821037,0
821038,0
821039,0
821040,0
821041,13
821042,0
821043,0
821044,9
821045,0
821046,0
821047,18
821048,21
821049,0
821050,10
821051,13
821052,0
821053,15
821054,17
821055,0
821056,11
821057,0
821058,0
821059,24
821060,0
821061,0
821062,0
821063,0
821064,0
821065,0
821066,0
821067,0
821068,0
821069,14
821070,0
821071,0
821072,16
821073,0
821074,0
821075,0
821076,0
821077,0
821078,0
821079,0
821080,14
821081,0
821082,0
821083,0
821084,0
821085,0
821086,0
821087,0
821088,0
821089,0
821090,16
821091,0
821092,0
821093,12
821094,0
821095,0
821096,0
821097,0
821098,0
821099,0
821100,0
821101,16
821102,0
821103,0
821104,0
821105,0
821106,0
821107,0
821108,0
821109,0
821110,21
821111,0
821112,0
821113,0
821114,0
821115,0
821116,24
821117,0
821118,0
821119,22
821120,19
821121,0
821122,0
821123,0
821124,16
821125,21
821126,0
821127,0
821128,0
821129,0
821130,17
821131,0
821132,0
821133,0
821134,0
821135,0
821136,0
821137,13
821138,21
821139,0
821140,0
821141,21
821142,0
821143,0
821144,0
821145,24
821146,0
821147,27
821148,0
821149,0
821150,0
821151,0
821152,0
821153,0
821154,0
821155,0
821156,0
821157,0
821158,17
821159,11
821160,0
821161,0
821162,0
821163,8
821164,20
821165,0
821166,0
821167,0
821168,0
821169,0
821170,0
821171,15
821172,20
821173,0
821174,0
821175,0
821176,0
821177,15
821178,0
821179,0
821180,25
821181,21
821182,0
821183,0
821184,0
821185,0
821186,0
821187,0
821188,0
821189,0
821190,0
821191,0
821192,0
821193,12
821194,0
821195,0
821196,0
821197,0
821198,0
821199,0
821200,11
821201,0
821202,15
821203,0
821204,0
821205,0
821206,0
821207,0
821208,0
821209,0
821210,24
821211,0
821212,0
821213,10
821214,0
821215,0
821216,0
821217,0
821218,16
821219,15
821220,0
821221,0
821222,0
821223,0
821224,0
821225,0
821226,0
821227,11
821228,0
821229,0
821230,0
821231,0
821232,0
821233,0
821234,22
821235,0
821236,0
821237,0
821238,0
821239,0
821240,0
821241,0
821242,0
821243,0
821244,0
821245,0
821246,0
821247,0
821248,29
821249,0
821250,13
821251,0
821252,0
821253,17
821254,8
821255,0
821256,21
821257,0
821258,0
821259,0
821260,0
821261,0
821262,0
821263,0
821264,0
821265,18
821266,0
821267,0
821268,9
821269,18
821270,0
821271,0
821272,0
821273,11
821274,0
821275,0
821276,31
821277,0
821278,0
821279,0
821280,0
821281,0
821282,12
821283,0
821284,0
821285,0
821286,0
821287,16
821288,0
821289,0
821290,0
821291,0
821292,0
821293,0
821294,0
821295,0
821296,10
821297,0
821298,0
821299,0
821300,0
821301,0
821302,0
821303,0
821304,0
821305,0
821306,0
821307,15
821308,0
821309,14
821310,22
821311,0
821312,0
821313,0
821314,25
821315,0
821316,0
821317,0
821318,0
821319,0
821320,0
821321,0
821322,0
821323,0
821324,0
821325,0
821326,22
821327,0
821328,26
821329,0
821330,0
821331,12
821332,0
821333,0
821334,0
821335,0
821336,0
821337,0
821338,0
821339,0
821340,0
821341,0
821342,0
821343,0
821344,18
821345,0
821346,0
821347,12
821348,0
821349,0
821350,0
821351,0
821352,0
821353,0
821354,19
821355,19
821356,0
821357,0
821358,0
821359,0
821360,0
821361,0
821362,0
821363,0
821364,0
821365,15
821366,0
821367,0
821368,22
821369,26
821370,0
821371,0
821372,0
821373,0
821374,0
821375,0
821376,0
821377,0
821378,0
821379,0
821380,0
821381,16
821382,0
821383,25
821384,0
821385,0
821386,25
821387,0
821388,0
821389,30
821390,0
821391,26
821392,0
821393,0
821394,0
821395,0
821396,0
821397,0
821398,0
821399,0
821400,0
821401,0
821402,0
821403,0
821404,0
821405,0
821406,29
821407,0
821408,0
821409,0
821410,0
821411,0
821412,0
821413,0
821414,0
821415,40
821416,0
821417,0
821418,46
821419,0
821420,0
821421,0
821422,0
821423,0
821424,0
821425,0
821426,0
821427,0
821428,0
821429,26
821430,33
821431,0
821432,0
821433,0
821434,0
821435,0
821436,35
821437,0
821438,31
821439,0
821440,0
821441,0
821442,33
821443,0
821444,0
821445,0
821446,0
821447,0
821448,0
821449,0
821450,0
821451,0
821452,0
821453,31
821454,0
821455,0
821456,38
821457,41
821458,0
821459,0
821460,0
821461,0
821462,0
821463,0
821464,0
821465,0
821466,0
821467,0
821468,0
821469,26
821470,34
821471,20
821472,0
821473,0
821474,0
821475,32
821476,0
821477,0
821478,0
821479,0
821480,0
821481,0
821482,0
821483,0
821484,28
821485,37
821486,0
821487,49
821488,0
821489,0
821490,0
821491,0
821492,31
821493,0
821494,0
821495,0
821496,0
821497,0
821498,0
821499,18
821500,0
821501,0
821502,0
821503,0
821504,0
821505,24
821506,0
821507,0
821508,45
821509,0
821510,0
821511,0
821512,0
821513,0
821514,0
821515,30
821516,0
821517,0
821518,0
821519,18
821520,0
821521,0
821522,0
821523,0
821524,31
821525,0
821526,31
821527,0
821528,0
821529,33
821530,0
821531,28
821532,0
821533,0
821534,0
821535,40
821536,0
821537,0
821538,25
821539,33
821540,0
821541,0
821542,0
821543,0
821544,0
821545,0
821546,0
821547,0
821548,0
821549,0
821550,0
821551,0
821552,0
821553,0
821554,0
821555,0
821556,38
821557,27
821558,0
821559,0
821560,0
821561,0
821562,0
821563,0
821564,0
821565,38
821566,43
821567,0
821568,0
821569,0
821570,0
821571,0
821572,23
821573,0
821574,40
821575,0
821576,0
821577,0
821578,26
821579,0
821580,0
821581,26
821582,0
821583,0
821584,27
821585,0
821586,23
821587,21
821588,27
821589,29
821590,26
821591,0
821592,25
821593,0
821594,0
821595,32
821596,0
821597,0
821598,0
821599,0
821600,0
821601,22
821602,0
821603,0
821604,0
821605,0
821606,0
821607,42
821608,0
821609,0
821610,0
821611,49
821612,34
821613,0
821614,0
821615,36
821616,0
821617,0
821618,0
821619,24
821620,0
821621,30
821622,0
821623,34
821624,0
821625,0
821626,0
821627,0
821628,0
821629,0
821630,0
821631,25
821632,39
821633,0
821634,19
821635,0
821636,0
821637,0
821638,0
821639,0
821640,0
821641,0
821642,0
821643,0
821644,0
821645,0
821646,0
821647,0
821648,30
821649,0
821650,0
821651,0
821652,12
821653,45
821654,32
821655,0
821656,0
821657,0
821658,34
821659,36
821660,0
821661,0
821662,0
821663,0
821664,30
821665,0
821666,29
821667,0
821668,0
821669,0
821670,0
821671,0
821672,0
821673,0
821674,38
821675,0
821676,0
821677,0
821678,18
821679,0
821680,0
821681,0
821682,0
821683,0
821684,0
821685,0
821686,29
821687,0
821688,35
821689,0
821690,25
821691,41
821692,0
821693,0
821694,0
821695,0
821696,0
821697,0
821698,20
821699,0
821700,0
821701,0
821702,0
821703,0
821704,0
821705,0
821706,0
821707,20
821708,0
821709,0
821710,26
821711,0
821712,0
821713,0
821714,0
821715,35
821716,0
821717,24
821718,0
821719,0
821720,0
821721,0
821722,0
821723,24
821724,0
821725,44
821726,0
821727,27
821728,18
821729,0
821730,17
821731,0
821732,0
821733,0
821734,0
821735,0
821736,0
821737,0
821738,0
821739,0
821740,0
821741,0
821742,0
821743,0
821744,0
821745,0
821746,0
821747,0
821748,0
821749,0
821750,0
821751,0
821752,0
821753,33
821754,0
821755,0
821756,20
821757,0
821758,26
821759,0
821760,22
821761,0
821762,0
821763,0
821764,0
821765,0
821766,0
821767,0
821768,27
821769,0
821770,0
821771,42
821772,0
821773,30
821774,0
821775,0
821776,0
821777,0
821778,0
821779,0
821780,0
821781,42
821782,0
821783,0
821784,0
821785,0
821786,0
821787,0
821788,0
821789,0
821790,0
821791,0
821792,0
821793,29
821794,0
821795,0
821796,0
821797,0
821798,0
821799,0
821800,39
821801,25
821802,0
821803,0
821804,0
821805,42
821806,0
821807,0
821808,0
821809,24
821810,0
821811,48
821812,26
821813,0
821814,0
821815,19
821816,0
821817,51
821818,19
821819,40
821820,14
821821,0
821822,0
821823,0
821824,0
821825,0
821826,0
821827,0
821828,0
821829,0
821830,31
821831,0
821832,0
821833,0
821834,0
821835,0
821836,0
821837,0
821838,0
821839,32
821840,44
821841,24
821842,0
821843,33
821844,0
821845,37
821846,25
821847,0
821848,0
821849,31
821850,0
821851,0
821852,0
821853,0
821854,0
821855,0
821856,0
821857,0
821858,28
821859,0
821860,0
821861,25
821862,0
821863,0
821864,26
821865,25
821866,43
821867,0
821868,38
821869,34
821870,0
821871,34
821872,29
821873,31
821874,0
821875,0
821876,0
821877,0
821878,0
821879,20
821880,0
821881,39
821882,0
821883,0
821884,0
821885,24
821886,31
821887,0
821888,0
821889,21
821890,14
821891,0
821892,26
821893,31
821894,34
821895,0
821896,0
821897,38
821898,39
821899,37
821900,0
821901,45
821902,0
821903,0
821904,0
821905,37
821906,0
821907,38
821908,0
821909,36
821910,45
821911,30
821912,0
821913,0
821914,0
821915,0
821916,0
821917,0
821918,0
821919,0
821920,0
821921,0
821922,0
821923,0
821924,0
821925,0
821926,0
821927,23
821928,19
821929,0
821930,0
821931,33
821932,0
821933,21
821934,25
821935,22
821936,0
821937,0
821938,29
821939,38
821940,0
821941,0
821942,0
821943,0
821944,0
821945,0
821946,0
821947,35
821948,0
821949,0
821950,0
821951,0
821952,0
821953,38
821954,29
821955,0
821956,0
821957,49
821958,0
821959,0
821960,0
821961,35
821962,30
821963,0
821964,32
821965,30
821966,28
821967,29
821968,0
821969,0
821970,0
821971,0
821972,0
821973,0
821974,0
821975,0
821976,0
821977,17
821978,0
821979,21
821980,0
821981,26
821982,0
821983,0
821984,37
821985,0
821986,34
821987,0
821988,37
821989,0
821990,0
821991,0
821992,0
821993,24
821994,37
821995,0
821996,0
821997,30
821998,0
821999,0
822000,0
822001,0
822002,0
822003,0
822004,0
822005,0
822006,34
822007,19
822008,23
822009,0
822010,32
822011,0
822012,0
822013,0
822014,29
822015,0
822016,0
822017,35
822018,0
822019,32
822020,31
822021,0
822022,0
822023,0
822024,0
822025,0
822026,0
822027,0
822028,0
822029,0
822030,0
822031,0
822032,0
822033,25
822034,22
822035,35
822036,0
822037,0
822038,37
822039,0
822040,0
822041,31
822042,0
822043,24
822044,28
822045,0
822046,0
822047,0
822048,0
822049,0
822050,0
822051,26
822052,0
822053,26
822054,0
822055,0
822056,0
822057,45
822058,32
822059,0
822060,28
822061,53
822062,23
822063,0
822064,0
822065,0
822066,13
822067,0
822068,22
822069,0
822070,0
822071,15
822072,23
822073,0
822074,44
822075,0
822076,0
822077,0
822078,0
822079,0
822080,39
822081,30
822082,0
822083,0
822084,0
822085,0
822086,25
822087,0
822088,0
822089,0
822090,0
822091,0
822092,0
822093,33
822094,28
822095,0
822096,0
822097,28
822098,0
822099,0
822100,25
822101,26
822102,0
822103,0
822104,0
822105,0
822106,40
822107,0
822108,0
822109,0
822110,0
822111,0
822112,30
822113,0
822114,0
822115,0
822116,0
822117,40
822118,0
822119,0
822120,0
822121,0
822122,51
822123,0
822124,0
822125,0
822126,0
822127,0
822128,0
822129,0
822130,0
822131,0
822132,0
822133,0
822134,0
822135,0
822136,0
822137,0
822138,0
822139,0
822140,0
822141,0
822142,27
822143,0
822144,0
822145,0
822146,24
822147,23
822148,0
822149,23
822150,0
822151,31
822152,0
822153,30
822154,0
822155,0
822156,0
822157,0
822158,30
822159,0
822160,0
822161,0
822162,0
822163,0
822164,0
822165,27
822166,0
822167,16
822168,0
822169,0
822170,19
822171,0
822172,27
822173,0
822174,0
822175,33
822176,36
822177,0
822178,0
822179,33
822180,19
822181,0
822182,0
822183,0
822184,36
822185,0
822186,0
822187,0
822188,0
822189,0
822190,0
822191,0
822192,0
822193,0
822194,0
822195,0
822196,33
822197,30
822198,36
822199,0
822200,0
822201,0
822202,0
822203,0
822204,26
822205,0
822206,0
822207,0
822208,0
822209,0
822210,0
822211,36
822212,0
822213,30
822214,0
822215,28
822216,0
822217,0
822218,54
822219,0
822220,0
822221,27
822222,0
822223,0
822224,0
822225,0
822226,0
822227,0
822228,24
822229,0
822230,0
822231,0
822232,0
822233,0
822234,0
822235,26
822236,0
822237,0
822238,0
822239,0
822240,0
822241,0
822242,0
822243,0
822244,23
822245,0
822246,31
822247,0
822248,25
822249,33
822250,0
822251,0
822252,25
822253,28
822254,0
822255,0
822256,0
822257,0
822258,24
822259,25
822260,0
822261,0
822262,0
822263,0
822264,0
822265,26
822266,22
822267,0
822268,0
822269,0
822270,38
822271,0
822272,0
822273,0
822274,0
822275,0
822276,0
822277,0
822278,0
822279,27
822280,0
822281,0
822282,33
822283,0
822284,0
822285,0
822286,0
822287,0
822288,0
822289,0
822290,16
822291,0
822292,14
822293,0
822294,0
822295,0
822296,0
822297,0
822298,0
822299,0
822300,0
822301,0
822302,0
822303,21
822304,0
822305,21
822306,0
822307,0
822308,0
822309,0
822310,0
822311,0
822312,0
822313,0
822314,21
822315,0
822316,0
822317,0
822318,0
822319,0
822320,22
822321,0
822322,25
822323,0
822324,0
822325,0
822326,0
822327,0
822328,0
822329,0
822330,0
822331,0
822332,0
822333,24
822334,24
822335,0
822336,0
822337,0
822338,0
822339,0
822340,10
822341,0
822342,0
822343,0
822344,0
822345,0
822346,21
822347,0
822348,31
822349,0
822350,28
822351,0
822352,29
822353,0
822354,0
822355,0
822356,0
822357,30
822358,0
822359,0
822360,0
822361,0
822362,0
822363,0
822364,0
822365,21
822366,0
822367,0
822368,0
822369,0
822370,0
822371,24
822372,17
822373,0
822374,0
822375,0
822376,0
822377,0
822378,0
822379,0
822380,28
822381,0
822382,0
822383,0
822384,0
822385,24
822386,0
822387,0
822388,0
822389,22
822390,24
822391,0
822392,0
822393,0
822394,0
822395,0
822396,20
822397,23
822398,0
822399,29
822400,0
822401,0
822402,0
822403,0
822404,0
822405,0
822406,0
822407,0
822408,0
822409,0
822410,0
822411,30
822412,0
822413,0
822414,0
822415,0
822416,36
822417,0
822418,25
822419,0
822420,0
822421,35
822422,23
822423,0
822424,0
822425,0
822426,0
822427,0
822428,0
822429,0
822430,0
822431,19
822432,0
822433,0
822434,0
822435,0
822436,15
822437,0
822438,0
822439,0
822440,0
822441,0
822442,0
822443,0
822444,0
822445,0
822446,0
822447,0
822448,0
822449,0
822450,0
822451,0
822452,0
822453,0
822454,22
822455,0
822456,0
822457,0
822458,0
822459,0
822460,30
822461,0
822462,0
822463,0
822464,0
822465,0
822466,0
822467,0
822468,0
822469,25
822470,0
822471,0
822472,0
822473,0
822474,0
822475,18
822476,0
822477,0
822478,0
822479,0
822480,0
822481,49
822482,0
822483,0
822484,0
822485,0
822486,0
822487,25
822488,0
822489,30
822490,0
822491,0
822492,0
822493,0
822494,0
822495,0
822496,0
822497,0
822498,0
822499,0
822500,0
822501,0
822502,0
822503,0
822504,0
822505,34
822506,0
822507,0
822508,0
822509,0
822510,0
822511,0
822512,0
822513,0
822514,0
822515,0
822516,0
822517,0
822518,0
822519,0
822520,0
822521,0
822522,0
822523,0
822524,0
822525,0
822526,0
822527,23
822528,0
822529,0
822530,0
822531,0
822532,0
822533,0
822534,0
822535,0
822536,0
822537,0
822538,0
822539,0
822540,0
822541,0
822542,0
822543,0
822544,0
822545,0
822546,0
822547,32
822548,0
822549,0
822550,0
822551,0
822552,0
822553,0
822554,0
822555,0
822556,0
822557,0
822558,0
822559,0
822560,0
822561,0
822562,0
822563,0
822564,22
822565,0
822566,0
822567,0
822568,0
822569,0
822570,0
822571,0
822572,0
822573,0
822574,22
822575,17
822576,0
822577,0
822578,0
822579,0
822580,25
822581,0
822582,0
822583,0
822584,0
822585,0
822586,18
822587,26
822588,26
822589,0
822590,0
822591,0
822592,0
822593,0
822594,0
822595,0
822596,0
822597,0
822598,0
822599,0
822600,0
822601,0
822602,0
822603,0
822604,0
822605,31
822606,0
822607,0
822608,21
822609,26
822610,0
822611,0
822612,0
822613,30
822614,0
822615,0
822616,0
822617,0
822618,0
822619,0
822620,0
822621,33
822622,26
822623,33
822624,0
822625,0
822626,0
822627,0
822628,0
822629,0
822630,0
822631,0
822632,0
822633,17
822634,0
822635,0
822636,0
822637,0
822638,0
822639,0
822640,0
822641,0
822642,0
822643,0
822644,0
822645,0
822646,0
822647,0
822648,0
822649,0
822650,0
822651,0
822652,0
822653,32
822654,0
822655,0
822656,19
822657,0
822658,0
822659,0
822660,0
822661,0
822662,0
822663,0
822664,0
822665,0
822666,0
822667,0
822668,0
822669,0
822670,0
822671,0
822672,0
822673,0
822674,0
822675,0
822676,0
822677,0
822678,0
822679,0
822680,0
822681,0
822682,0
822683,0
822684,0
822685,0
822686,0
822687,0
822688,0
822689,0
822690,0
822691,0
822692,0
822693,0
822694,0
822695,24
822696,0
822697,0
822698,22
822699,0
822700,0
822701,0
822702,0
822703,0
822704,0
822705,0
822706,0
822707,27
822708,0
822709,22
822710,0
822711,0
822712,0
822713,0
822714,0
822715,12
822716,18
822717,0
822718,0
822719,0
822720,0
822721,0
822722,0
822723,0
822724,0
822725,0
822726,0
822727,20
822728,0
822729,0
822730,0
822731,28
822732,0
822733,0
822734,29
822735,0
822736,0
822737,0
822738,0
822739,0
822740,24
822741,0
822742,0
822743,0
822744,0
822745,0
822746,0
822747,0
822748,0
822749,0
822750,40
822751,16
822752,0
822753,0
822754,0
822755,0
822756,0
822757,42
822758,34
822759,0
822760,0
822761,0
822762,26
822763,0
822764,0
822765,0
822766,0
822767,0
822768,0
822769,0
822770,0
822771,21
822772,0
822773,0
822774,0
822775,0
822776,0
822777,35
822778,33
822779,31
822780,0
822781,0
822782,0
822783,0
822784,0
822785,0
822786,0
822787,30
822788,0
822789,0
822790,0
822791,0
822792,0
822793,25
822794,0
822795,0
822796,0
822797,5
822798,0
822799,0
822800,0
822801,3
822802,0
822803,0
822804,0
822805,3
822806,0
822807,0
822808,0
822809,0
822810,0
822811,1
822812,0
822813,0
822814,0
822815,0
822816,4
822817,0
822818,0
822819,0
822820,3
822821,0
822822,3
822823,0
822824,0
822825,0
822826,0
822827,6
822828,0
822829,0
822830,0
822831,0
822832,2
822833,2
822834,0
822835,0
822836,0
822837,3
822838,6
822839,0
822840,6
822841,0
822842,0
822843,0
822844,0
822845,0
822846,0
822847,0
822848,0
822849,0
822850,0
822851,1
822852,0
822853,0
822854,0
822855,0
822856,0
822857,0
822858,0
822859,0
822860,0
822861,0
822862,0
822863,0
822864,0
822865,0
822866,0
822867,0
822868,8
822869,0
822870,0
822871,0
822872,0
822873,0
822874,5
822875,0
822876,0
822877,0
822878,0
822879,0
822880,0
822881,0
822882,9
822883,0
822884,0
822885,0
822886,0
822887,0
822888,4
822889,7
822890,0
822891,0
822892,0
822893,4
822894,0
822895,0
822896,4
822897,0
822898,0
822899,4
822900,2
822901,7
822902,0
822903,0
822904,0
822905,0
822906,0
822907,0
822908,0
822909,0
822910,0
822911,0
822912,6
822913,2
822914,0
822915,5
822916,0
822917,6
822918,0
822919,0
822920,0
822921,0
822922,0
822923,0
822924,0
822925,0
822926,2
822927,0
822928,0
822929,3
822930,0
822931,0
822932,0
822933,0
822934,0
822935,0
822936,0
822937,0
822938,0
822939,0
822940,5
822941,0
822942,0
822943,6
822944,5
822945,0
822946,0
822947,0
822948,7
822949,0
822950,0
822951,0
822952,0
822953,5
822954,5
822955,3
822956,0
822957,0
822958,0
822959,0
822960,0
822961,0
822962,0
822963,0
822964,10
822965,10
822966,0
822967,0
822968,4
822969,4
822970,2
822971,0
822972,0
822973,0
822974,0
822975,0
822976,0
822977,7
822978,3
822979,0
822980,0
822981,0
822982,0
822983,0
822984,0
822985,3
822986,0
822987,0
822988,2
822989,0
822990,1
822991,0
822992,0
822993,0
822994,3
822995,3
822996,3
822997,0
822998,0
822999,0
823000,3
823001,0
823002,0
823003,6
823004,0
823005,0
823006,0
823007,0
823008,3
823009,0
823010,0
823011,0
823012,0
823013,0
823014,0
823015,0
823016,0
823017,0
823018,7
823019,0
823020,0
823021,0
823022,0
823023,0
823024,0
823025,0
823026,0
823027,0
823028,0
823029,0
823030,3
823031,0
823032,0
823033,0
823034,4
823035,0
823036,0
823037,0
823038,9
823039,0
823040,0
823041,0
823042,2
823043,0
823044,0
823045,0
823046,0
823047,0
823048,0
823049,0
823050,0
823051,0
823052,0
823053,0
823054,0
823055,0
823056,0
823057,0
823058,0
823059,4
823060,0
823061,6
823062,0
823063,0
823064,0
823065,0
823066,0
823067,1
823068,0
823069,0
823070,4
823071,0
823072,2
823073,0
823074,0
823075,0
823076,0
823077,0
823078,0
823079,1
823080,1
823081,0
823082,10
823083,6
823084,0
823085,0
823086,0
823087,4
823088,3
823089,0
823090,0
823091,0
823092,5
823093,0
823094,3
823095,11
823096,0
823097,0
823098,0
823099,0
823100,0
823101,0
823102,0
823103,0
823104,7
823105,0
823106,0
823107,0
823108,8
823109,0
823110,0
823111,0
823112,0
823113,0
823114,0
823115,0
823116,0
823117,0
823118,0
823119,0
823120,0
823121,3
823122,3
823123,0
823124,0
823125,0
823126,0
823127,0
823128,0
823129,0
823130,0
823131,0
823132,0
823133,0
823134,0
823135,0
823136,0
823137,0
823138,0
823139,0
823140,0
823141,0
823142,0
823143,4
823144,0
823145,3
823146,8
823147,0
823148,0
823149,0
823150,0
823151,0
823152,0
823153,0
823154,1
823155,6
823156,0
823157,8
823158,1
823159,0
823160,0
823161,0
823162,0
823163,0
823164,0
823165,3
823166,0
823167,0
823168,6
823169,0
823170,0
823171,0
823172,0
823173,0
823174,0
823175,5
823176,0
823177,7
823178,0
823179,0
823180,0
823181,0
823182,0
823183,0
823184,2
823185,0
823186,0
823187,5
823188,0
823189,0
823190,0
823191,3
823192,0
823193,0
823194,0
823195,0
823196,0
823197,0
823198,0
823199,0
823200,0
823201,4
823202,0
823203,0
823204,9
823205,0
823206,0
823207,0
823208,6
823209,0
823210,0
823211,1
823212,0
823213,0
823214,0
823215,0
823216,0
823217,0
823218,0
823219,0
823220,0
823221,0
823222,4
823223,0
823224,0
823225,0
823226,0
823227,1
823228,0
823229,0
823230,0
823231,9
823232,0
823233,0
823234,0
823235,0
823236,0
823237,0
823238,0
823239,0
823240,0
823241,0
823242,0
823243,0
823244,0
823245,0
823246,0
823247,0
823248,0
823249,0
823250,0
823251,0
823252,0
823253,11
823254,0
823255,0
823256,0
823257,0
823258,0
823259,0
823260,0
823261,0
823262,0
823263,0
823264,0
823265,0
823266,11
823267,5
823268,0
823269,0
823270,0
823271,1
823272,0
823273,0
823274,0
823275,0
823276,0
823277,5
823278,0
823279,0
823280,0
823281,5
823282,0
823283,0
823284,0
823285,0
823286,0
823287,0
823288,0
823289,6
823290,4
823291,0
823292,0
823293,0
823294,0
823295,1
823296,0
823297,0
823298,0
823299,0
823300,0
823301,0
823302,0
823303,0
823304,0
823305,0
823306,0
823307,0
823308,0
823309,0
823310,4
823311,2
823312,0
823313,0
823314,0
823315,5
823316,0
823317,3
823318,0
823319,0
823320,0
823321,5
823322,0
823323,0
823324,0
823325,0
823326,0
823327,0
823328,0
823329,0
823330,8
823331,4
823332,0
823333,0
823334,0
823335,0
823336,0
823337,0
823338,0
823339,0
823340,0
823341,0
823342,0
823343,0
823344,0
823345,0
823346,0
823347,0
823348,1
823349,0
823350,0
823351,0
823352,0
823353,0
823354,0
823355,0
823356,1
823357,0
823358,0
823359,0
823360,0
823361,0
823362,0
823363,0
823364,8
823365,0
823366,0
823367,0
823368,0
823369,0
823370,0
823371,0
823372,0
823373,0
823374,0
823375,0
823376,0
823377,0
823378,0
823379,0
823380,0
823381,0
823382,0
823383,0
823384,0
823385,0
823386,0
823387,7
823388,0
823389,0
823390,0
823391,0
823392,3
823393,0
823394,0
823395,0
823396,0
823397,4
823398,0
823399,0
823400,5
823401,0
823402,0
823403,0
823404,0
823405,0
823406,0
823407,0
823408,0
823409,0
823410,0
823411,1
823412,5
823413,0
823414,0
823415,0
823416,0
823417,0
823418,0
823419,0
823420,0
823421,0
823422,0
823423,3
823424,0
823425,0
823426,0
823427,9
823428,0
823429,0
823430,0
823431,0
823432,6
823433,0
823434,0
823435,0
823436,0
823437,0
823438,0
823439,0
823440,0
823441,0
823442,0
823443,2
823444,0
823445,0
823446,0
823447,4
823448,0
823449,0
823450,0
823451,0
823452,0
823453,0
823454,0
823455,0
823456,0
823457,0
823458,0
823459,0
823460,0
823461,0
823462,0
823463,0
823464,0
823465,0
823466,0
823467,3
823468,0
823469,2
823470,0
823471,0
823472,0
823473,0
823474,0
823475,0
823476,0
823477,0
823478,0
823479,0
823480,5
823481,0
823482,0
823483,0
823484,4
823485,0
823486,0
823487,0
823488,0
823489,0
823490,0
823491,0
823492,0
823493,0
823494,0
823495,0
823496,0
823497,7
823498,0
823499,0
823500,0
823501,0
823502,0
823503,0
823504,0
823505,0
823506,0
823507,3
823508,0
823509,0
823510,6
823511,0
823512,0
823513,3
823514,7
823515,0
823516,7
823517,0
823518,5
823519,0
823520,2
823521,2
823522,0
823523,0
823524,0
823525,0
823526,0
823527,0
823528,0
823529,3
823530,0
823531,0
823532,0
823533,0
823534,1
823535,0
823536,0
823537,0
823538,3
823539,0
823540,0
823541,0
823542,4
823543,0
823544,0
823545,0
823546,0
823547,0
823548,0
823549,0
823550,0
823551,0
823552,0
823553,0
823554,0
823555,9
823556,0
823557,0
823558,0
823559,0
823560,0
823561,0
823562,3
823563,0
823564,0
823565,6
823566,0
823567,0
823568,0
823569,0
823570,7
823571,0
823572,0
823573,0
823574,0
823575,0
823576,0
823577,1
823578,0
823579,0
823580,4
823581,0
823582,0
823583,0
823584,0
823585,0
823586,0
823587,2
823588,0
823589,0
823590,3
823591,0
823592,0
823593,0
823594,0
823595,0
823596,0
823597,0
823598,0
823599,5
823600,0
823601,3
823602,0
823603,0
823604,0
823605,0
823606,0
823607,6
823608,0
823609,0
823610,0
823611,3
823612,6
823613,5
823614,0
823615,0
823616,0
823617,0
823618,0
823619,0
823620,0
823621,0
823622,0
823623,0
823624,0
823625,0
823626,0
823627,0
823628,0
823629,0
823630,0
823631,0
823632,0
823633,0
823634,4
823635,0
823636,0
823637,0
823638,0
823639,0
823640,0
823641,0
823642,0
823643,0
823644,4
823645,0
823646,0
823647,0
823648,0
823649,0
823650,0
823651,0
823652,0
823653,0
823654,0
823655,0
823656,0
823657,0
823658,0
823659,0
823660,0
823661,0
823662,0
823663,0
823664,0
823665,0
823666,0
823667,0
823668,0
823669,0
823670,0
823671,1
823672,0
823673,0
823674,0
823675,0
823676,0
823677,0
823678,0
823679,0
823680,0
823681,0
823682,0
823683,0
823684,0
823685,3
823686,2
823687,0
823688,0
823689,0
823690,0
823691,0
823692,4
823693,0
823694,0
823695,0
823696,0
823697,0
823698,0
823699,4
823700,0
823701,0
823702,0
823703,0
823704,0
823705,0
823706,0
823707,0
823708,0
823709,0
823710,0
823711,0
823712,0
823713,0
823714,0
823715,0
823716,0
823717,0
823718,0
823719,0
823720,0
823721,0
823722,0
823723,3
823724,0
823725,0
823726,0
823727,0
823728,0
823729,0
823730,0
823731,1
823732,0
823733,2
823734,0
823735,0
823736,0
823737,0
823738,0
823739,0
823740,0
823741,0
823742,0
823743,0
823744,0
823745,0
823746,0
823747,0
823748,0
823749,0
823750,28
823751,28
823752,0
823753,0
823754,37
823755,0
823756,0
823757,0
823758,0
823759,37
823760,0
823761,0
823762,0
823763,0
823764,36
823765,37
823766,0
823767,0
823768,0
823769,0
823770,0
823771,24
823772,0
823773,0
823774,0
823775,33
823776,29
823777,38
823778,0
823779,0
823780,24
823781,0
823782,33
823783,0
823784,0
823785,0
823786,19
823787,0
823788,0
823789,44
823790,31
823791,0
823792,33
823793,24
823794,26
823795,32
823796,33
823797,31
823798,0
823799,20
823800,0
823801,0
823802,0
823803,0
823804,45
823805,0
823806,0
823807,46
823808,33
823809,25
823810,0
823811,0
823812,0
823813,0
823814,44
823815,40
823816,0
823817,35
823818,30
823819,0
823820,0
823821,0
823822,0
823823,41
823824,0
823825,23
823826,0
823827,0
823828,0
823829,0
823830,0
823831,0
823832,31
823833,0
823834,0
823835,0
823836,23
823837,0
823838,55
823839,0
823840,29
823841,0
823842,0
823843,0
823844,0
823845,28
823846,0
823847,0
823848,0
823849,0
823850,45
823851,0
823852,0
823853,0
823854,0
823855,0
823856,32
823857,24
823858,40
823859,0
823860,0
823861,0
823862,0
823863,0
823864,31
823865,45
823866,18
823867,0
823868,34
823869,0
823870,0
823871,0
823872,35
823873,24
823874,0
823875,0
823876,0
823877,32
823878,0
823879,0
823880,0
823881,0
823882,42
823883,31
823884,0
823885,38
823886,0
823887,0
823888,0
823889,0
823890,0
823891,34
823892,0
823893,0
823894,0
823895,0
823896,37
823897,0
823898,0
823899,0
823900,34
823901,0
823902,0
823903,0
823904,0
823905,32
823906,0
823907,0
823908,0
823909,0
823910,0
823911,41
823912,0
823913,66
823914,34
823915,35
823916,0
823917,0
823918,0
823919,0
823920,0
823921,0
823922,0
823923,0
823924,30
823925,0
823926,0
823927,0
823928,0
823929,0
823930,0
823931,0
823932,34
823933,0
823934,0
823935,0
823936,0
823937,0
823938,0
823939,0
823940,0
823941,22
823942,0
823943,37
823944,0
823945,0
823946,0
823947,0
823948,0
823949,0
823950,42
823951,0
823952,0
823953,0
823954,23
823955,0
823956,0
823957,0
823958,0
823959,0
823960,0
823961,0
823962,0
823963,0
823964,29
823965,0
823966,44
823967,0
823968,25
823969,23
823970,0
823971,35
823972,25
823973,0
823974,0
823975,41
823976,39
823977,0
823978,0
823979,0
823980,0
823981,0
823982,22
823983,0
823984,0
823985,0
823986,0
823987,0
823988,0
823989,0
823990,0
823991,0
823992,0
823993,40
823994,0
823995,0
823996,54
823997,31
823998,0
823999,0
824000,49
824001,0
824002,38
824003,0
824004,0
824005,0
824006,0
824007,0
824008,36
824009,0
824010,41
824011,34
824012,33
824013,0
824014,0
824015,0
824016,0
824017,46
824018,31
824019,0
824020,0
824021,0
824022,0
824023,49
824024,26
824025,0
824026,0
824027,0
824028,0
824029,0
824030,0
824031,0
824032,0
824033,31
824034,0
824035,40
824036,0
824037,0
824038,0
824039,0
824040,27
824041,0
824042,0
824043,22
824044,41
824045,0
824046,0
824047,0
824048,0
824049,21
824050,0
824051,0
824052,28
824053,0
824054,0
824055,0
824056,0
824057,0
824058,0
824059,0
824060,0
824061,0
824062,32
824063,27
824064,0
824065,32
824066,0
824067,0
824068,0
824069,0
824070,0
824071,0
824072,0
824073,23
824074,0
824075,0
824076,0
824077,0
824078,19
824079,0
824080,0
824081,0
824082,0
824083,30
824084,0
824085,34
824086,48
824087,0
824088,37
824089,50
824090,15
824091,0
824092,0
824093,0
824094,34
824095,0
824096,40
824097,0
824098,0
824099,26
824100,0
824101,0
824102,0
824103,48
824104,0
824105,0
824106,0
824107,0
824108,0
824109,0
824110,0
824111,34
824112,0
824113,0
824114,0
824115,0
824116,0
824117,0
824118,0
824119,0
824120,1
824121,9
824122,0
824123,0
824124,6
824125,0
824126,2
824127,0
824128,1
824129,0
824130,2
824131,0
824132,0
824133,0
824134,0
824135,0
824136,0
824137,0
824138,0
824139,0
824140,0
824141,0
824142,0
824143,0
824144,0
824145,7
824146,0
824147,0
824148,0
824149,0
824150,0
824151,0
824152,6
824153,0
824154,0
824155,0
824156,2
824157,3
824158,0
824159,0
824160,0
824161,0
824162,0
824163,0
824164,0
824165,0
824166,0
824167,0
824168,0
824169,0
824170,0
824171,0
824172,0
824173,2
824174,0
824175,1
824176,0
824177,0
824178,2
824179,0
824180,0
824181,0
824182,0
824183,0
824184,0
824185,0
824186,0
824187,0
824188,0
824189,1
824190,0
824191,0
824192,0
824193,0
824194,0
824195,4
824196,0
824197,2
824198,4
824199,0
824200,3
824201,0
824202,0
824203,0
824204,0
824205,0
824206,0
824207,0
824208,0
824209,0
824210,0
824211,0
824212,0
824213,0
824214,0
824215,3
824216,0
824217,0
824218,0
824219,2
824220,0
824221,0
824222,0
824223,0
824224,0
824225,0
824226,2
824227,0
824228,0
824229,0
824230,0
824231,0
824232,0
824233,0
824234,0
824235,0
824236,0
824237,3
824238,0
824239,9
824240,3
824241,0
824242,0
824243,0
824244,0
824245,0
824246,0
824247,0
824248,0
824249,0
824250,0
824251,0
824252,2
824253,0
824254,3
824255,0
824256,0
824257,0
824258,0
824259,0
824260,0
824261,0
824262,3
824263,4
824264,0
824265,0
824266,4
824267,0
824268,0
824269,0
824270,1
824271,4
824272,0
824273,3
824274,0
824275,0
824276,0
824277,0
824278,2
824279,0
824280,0
824281,0
824282,3
824283,0
824284,0
824285,0
824286,0
824287,0
824288,0
824289,2
824290,0
824291,0
824292,0
824293,0
824294,0
824295,0
824296,0
824297,1
824298,0
824299,0
824300,0
824301,0
824302,2
824303,0
824304,0
824305,0
824306,0
824307,0
824308,0
824309,0
824310,3
824311,0
824312,0
824313,0
824314,0
824315,0
824316,0
824317,2
824318,0
824319,0
824320,0
824321,0
824322,0
824323,0
824324,1
824325,0
824326,0
824327,6
824328,0
824329,3
824330,0
824331,2
824332,0
824333,0
824334,0
824335,0
824336,1
824337,0
824338,0
824339,2
824340,0
824341,0
824342,0
824343,0
824344,0
824345,0
824346,0
824347,0
824348,0
824349,0
824350,4
824351,0
824352,0
824353,0
824354,0
824355,0
824356,0
824357,0
824358,0
824359,0
824360,0
824361,0
824362,0
824363,0
824364,2
824365,0
824366,0
824367,2
824368,0
824369,0
824370,0
824371,0
824372,0
824373,4
824374,0
824375,0
824376,0
824377,0
824378,0
824379,0
824380,0
824381,0
824382,0
824383,0
824384,0
824385,4
824386,0
824387,4
824388,0
824389,0
824390,0
824391,0
824392,0
824393,0
824394,0
824395,0
824396,0
824397,1
824398,0
824399,0
824400,0
824401,0
824402,0
824403,0
824404,0
824405,0
824406,0
824407,0
824408,0
824409,1
824410,3
824411,3
824412,0
824413,0
824414,0
824415,0
824416,0
824417,0
824418,0
824419,0
824420,0
824421,0
824422,0
824423,0
824424,0
824425,0
824426,0
824427,0
824428,0
824429,0
824430,0
824431,0
824432,0
824433,0
824434,0
824435,0
824436,0
824437,0
824438,0
824439,0
824440,0
824441,0
824442,0
824443,9
824444,0
824445,0
824446,2
824447,0
824448,0
824449,0
824450,0
824451,0
824452,0
824453,0
824454,4
824455,3
824456,3
824457,5
824458,0
824459,0
824460,0
824461,0
824462,0
824463,0
824464,0
824465,0
824466,0
824467,0
824468,0
824469,0
824470,0
824471,2
824472,0
824473,0
824474,0
824475,0
824476,0
824477,0
824478,0
824479,3
824480,0
824481,5
824482,0
824483,0
824484,0
824485,0
824486,0
824487,0
824488,0
824489,0
824490,0
824491,0
824492,0
824493,0
824494,0
824495,1
824496,0
824497,0
824498,0
824499,0
824500,0
824501,0
824502,0
824503,0
824504,0
824505,0
824506,0
824507,0
824508,0
824509,0
824510,0
824511,5
824512,0
824513,1
824514,0
824515,0
824516,0
824517,0
824518,0
824519,0
824520,0
824521,0
824522,0
824523,7
824524,0
824525,4
824526,0
824527,0
824528,0
824529,0
824530,1
824531,0
824532,0
824533,0
824534,0
824535,4
824536,1
824537,0
824538,0
824539,0
824540,9
824541,0
824542,0
824543,0
824544,0
824545,7
824546,0
824547,18
824548,0
824549,16
824550,0
824551,0
824552,0
824553,0
824554,0
824555,0
824556,15
824557,0
824558,16
824559,19
824560,0
824561,0
824562,0
824563,13
824564,19
824565,0
824566,0
824567,10
824568,0
824569,0
824570,24
824571,8
824572,0
824573,0
824574,0
824575,0
824576,0
824577,0
824578,0
824579,0
824580,0
824581,8
824582,8
824583,0
824584,0
824585,0
824586,0
824587,0
824588,0
824589,0
824590,0
824591,0
824592,0
824593,0
824594,0
824595,23
824596,0
824597,0
824598,0
824599,0
824600,0
824601,0
824602,0
824603,0
824604,0
824605,0
824606,7
824607,8
824608,0
824609,0
824610,0
824611,0
824612,0
824613,0
824614,12
824615,0
824616,0
824617,0
824618,0
824619,0
824620,15
824621,0
824622,0
824623,0
824624,0
824625,0
824626,13
824627,0
824628,21
824629,0
824630,17
824631,0
824632,0
824633,0
824634,0
824635,0
824636,0
824637,0
824638,0
824639,0
824640,0
824641,0
824642,0
824643,0
824644,13
824645,0
824646,0
824647,0
824648,0
824649,0
824650,0
824651,0
824652,0
824653,0
824654,0
824655,0
824656,15
824657,0
824658,0
824659,17
824660,0
824661,0
824662,0
824663,0
824664,0
824665,0
824666,11
824667,0
824668,0
824669,13
824670,0
824671,0
824672,0
824673,0
824674,0
824675,0
824676,10
824677,0
824678,0
824679,0
824680,18
824681,0
824682,0
824683,13
824684,0
824685,0
824686,0
824687,0
824688,0
824689,0
824690,0
824691,15
824692,0
824693,0
824694,0
824695,0
824696,0
824697,0
824698,20
824699,0
824700,0
824701,8
824702,0
824703,0
824704,12
824705,0
824706,13
824707,0
824708,18
824709,0
824710,0
824711,0
824712,0
824713,0
824714,0
824715,0
824716,0
824717,12
824718,21
824719,18
824720,0
824721,16
824722,17
824723,0
824724,18
824725,0
824726,0
824727,0
824728,0
824729,0
824730,0
824731,0
824732,0
824733,7
824734,0
824735,0
824736,0
824737,0
824738,0
824739,0
824740,0
824741,16
824742,0
824743,0
824744,0
824745,0
824746,0
824747,0
824748,0
824749,0
824750,0
824751,12
824752,0
824753,0
824754,9
824755,0
824756,0
824757,0
824758,0
824759,0
824760,0
824761,0
824762,0
824763,11
824764,24
824765,10
824766,0
824767,0
824768,0
824769,0
824770,11
824771,0
824772,0
824773,0
824774,14
824775,0
824776,0
824777,0
824778,0
824779,0
824780,0
824781,0
824782,0
824783,0
824784,0
824785,4
824786,18
824787,0
824788,0
824789,15
824790,0
824791,0
824792,0
824793,0
824794,13
824795,0
824796,0
824797,0
824798,0
824799,16
824800,0
824801,0
824802,13
824803,12
824804,0
824805,0
824806,0
824807,0
824808,0
824809,0
824810,0
824811,0
824812,0
824813,0
824814,20
824815,21
824816,0
824817,0
824818,16
824819,0
824820,0
824821,0
824822,0
824823,0
824824,16
824825,20
824826,0
824827,0
824828,0
824829,0
824830,0
824831,19
824832,0
824833,16
824834,0
824835,0
824836,0
824837,0
824838,0
824839,0
824840,0
824841,0
824842,0
824843,0
824844,0
824845,0
824846,0
824847,0
824848,0
824849,7
824850,0
824851,0
824852,0
824853,0
824854,0
824855,0
824856,0
824857,0
824858,0
824859,0
824860,0
824861,0
824862,9
824863,25
824864,0
824865,0
824866,0
824867,0
824868,0
824869,0
824870,0
824871,0
824872,0
824873,0
824874,0
824875,0
824876,0
824877,0
824878,11
824879,0
824880,0
824881,19
824882,0
824883,0
824884,0
824885,0
824886,8
824887,0
824888,0
824889,13
824890,0
824891,0
824892,0
824893,12
824894,0
824895,13
824896,14
824897,0
824898,0
824899,0
824900,15
824901,0
824902,0
824903,14
824904,0
824905,13
824906,0
824907,0
824908,0
824909,16
824910,0
824911,0
824912,0
824913,0
824914,0
824915,0
824916,0
824917,0
824918,10
824919,0
824920,0
824921,0
824922,0
824923,0
824924,0
824925,23
824926,0
824927,0
824928,0
824929,0
824930,0
824931,0
824932,0
824933,0
824934,0
824935,0
824936,0
824937,0
824938,25
824939,17
824940,0
824941,10
824942,0
824943,0
824944,0
824945,0
824946,0
824947,0
824948,16
824949,0
824950,0
824951,0
824952,0
824953,0
824954,0
824955,0
824956,12
824957,0
824958,17
824959,0
824960,11
824961,0
824962,0
824963,0
824964,0
824965,12
824966,0
824967,0
824968,0
824969,0
824970,22
824971,0
824972,0
824973,0
824974,0
824975,0
824976,0
824977,22
824978,0
824979,0
824980,0
824981,0
824982,0
824983,11
824984,0
824985,0
824986,0
824987,16
824988,16
824989,15
824990,0
824991,0
824992,0
824993,0
824994,0
824995,0
824996,0
824997,0
824998,0
824999,17
825000,0
825001,0
825002,0
825003,0
825004,0
825005,0
825006,0
825007,0
825008,0
825009,15
825010,0
825011,0
825012,0
825013,0
825014,0
825015,0
825016,0
825017,0
825018,17
825019,0
825020,0
825021,13
825022,0
825023,0
825024,0
825025,0
825026,0
825027,0
825028,15
825029,0
825030,0
825031,0
825032,0
825033,0
825034,0
825035,0
825036,0
825037,0
825038,12
825039,0
825040,0
825041,0
825042,0
825043,0
825044,0
825045,0
825046,0
825047,0
825048,0
825049,0
825050,0
825051,0
825052,0
825053,13
825054,0
825055,0
825056,0
825057,16
825058,12
825059,0
825060,0
825061,0
825062,0
825063,13
825064,0
825065,18
825066,0
825067,0
825068,0
825069,0
825070,0
825071,0
825072,0
825073,0
825074,0
825075,0
825076,19
825077,0
825078,7
825079,0
825080,22
825081,0
825082,0
825083,0
825084,0
825085,0
825086,9
825087,0
825088,0
825089,11
825090,13
825091,0
825092,10
825093,0
825094,0
825095,0
825096,0
825097,0
825098,17
825099,0
825100,0
825101,0
825102,0
825103,0
825104,12
825105,0
825106,0
825107,0
825108,0
825109,0
825110,0
825111,0
825112,0
825113,0
825114,0
825115,0
825116,18
825117,0
825118,17
825119,0
825120,0
825121,0
825122,0
825123,0
825124,12
825125,0
825126,0
825127,15
825128,0
825129,0
825130,0
825131,0
825132,0
825133,12
825134,0
825135,10
825136,0
825137,13
825138,0
825139,15
825140,0
825141,13
825142,13
825143,0
825144,0
825145,0
825146,0
825147,3
825148,0
825149,0
825150,0
825151,0
825152,0
825153,0
825154,0
825155,0
825156,0
825157,0
825158,0
825159,0
825160,0
825161,0
825162,0
825163,0
825164,0
825165,0
825166,0
825167,0
825168,0
825169,0
825170,0
825171,0
825172,0
825173,0
825174,0
825175,0
825176,0
825177,0
825178,0
825179,0
825180,0
825181,0
825182,0
825183,0
825184,0
825185,0
825186,0
825187,0
825188,0
825189,0
825190,0
825191,0
825192,0
825193,0
825194,0
825195,0
825196,0
825197,0
825198,0
825199,0
825200,0
825201,0
825202,0
825203,11
825204,0
825205,0
825206,0
825207,0
825208,0
825209,0
825210,0
825211,0
825212,0
825213,13
825214,0
825215,0
825216,0
825217,0
825218,0
825219,0
825220,0
825221,0
825222,0
825223,0
825224,0
825225,0
825226,0
825227,0
825228,0
825229,0
825230,0
825231,0
825232,0
825233,0
825234,0
825235,0
825236,0
825237,0
825238,0
825239,0
825240,0
825241,0
825242,0
825243,0
825244,0
825245,0
825246,11
825247,0
825248,15
825249,0
825250,0
825251,0
825252,0
825253,0
825254,0
825255,0
825256,0
825257,0
825258,0
825259,0
825260,0
825261,0
825262,11
825263,0
825264,0
825265,0
825266,0
825267,0
825268,0
825269,0
825270,0
825271,0
825272,0
825273,0
825274,0
825275,0
825276,0
825277,0
825278,0
825279,0
825280,0
825281,0
825282,13
825283,0
825284,0
825285,0
825286,0
825287,0
825288,0
825289,0
825290,0
825291,0
825292,0
825293,0
825294,0
825295,0
825296,0
825297,0
825298,0
825299,0
825300,0
825301,0
825302,0
825303,0
825304,0
825305,0
825306,0
825307,0
825308,0
825309,0
825310,0
825311,0
825312,0
825313,0
825314,0
825315,0
825316,0
825317,0
825318,0
825319,0
825320,0
825321,0
825322,0
825323,0
825324,0
825325,0
825326,0
825327,0
825328,11
825329,0
825330,0
825331,7
825332,0
825333,0
825334,0
825335,0
825336,0
825337,0
825338,0
825339,0
825340,0
825341,0
825342,0
825343,0
825344,0
825345,0
825346,0
825347,0
825348,0
825349,0
825350,0
825351,0
825352,0
825353,0
825354,0
825355,0
825356,0
825357,0
825358,0
825359,0
825360,0
825361,0
825362,0
825363,0
825364,0
825365,0
825366,0
825367,0
825368,0
825369,0
825370,0
825371,0
825372,11
825373,15
825374,0
825375,0
825376,0
825377,0
825378,0
825379,0
825380,0
825381,0
825382,0
825383,0
825384,0
825385,0
825386,0
825387,0
825388,0
825389,0
825390,0
825391,0
825392,7
825393,9
825394,0
825395,0
825396,21
825397,0
825398,0
825399,15
825400,0
825401,0
825402,0
825403,0
825404,0
825405,0
825406,0
825407,0
825408,0
825409,0
825410,0
825411,0
825412,0
825413,0
825414,0
825415,0
825416,0
825417,0
825418,0
825419,0
825420,0
825421,0
825422,0
825423,0
825424,0
825425,16
825426,0
825427,0
825428,0
825429,0
825430,0
825431,0
825432,0
825433,0
825434,0
825435,0
825436,0
825437,11
825438,0
825439,0
825440,0
825441,0
825442,0
825443,0
825444,0
825445,0
825446,0
825447,0
825448,0
825449,0
825450,0
825451,0
825452,0
825453,0
825454,0
825455,0
825456,0
825457,0
825458,0
825459,0
825460,0
825461,0
825462,0
825463,0
825464,0
825465,0
825466,11
825467,0
825468,9
825469,0
825470,0
825471,0
825472,0
825473,0
825474,0
825475,0
825476,0
825477,0
825478,0
825479,0
825480,0
825481,0
825482,0
825483,0
825484,0
825485,0
825486,0
825487,0
825488,0
825489,0
825490,0
825491,0
825492,0
825493,0
825494,0
825495,0
825496,0
825497,0
825498,0
825499,0
825500,6
825501,0
825502,0
825503,0
825504,14
825505,10
825506,0
825507,0
825508,0
825509,0
825510,0
825511,0
825512,0
825513,0
825514,0
825515,0
825516,0
825517,0
825518,0
825519,0
825520,0
825521,0
825522,0
825523,0
825524,0
825525,0
825526,0
825527,9
825528,0
825529,0
825530,0
825531,0
825532,0
825533,0
825534,0
825535,0
825536,0
825537,0
825538,0
825539,0
825540,0
825541,0
825542,11
825543,0
825544,0
825545,0
825546,0
825547,0
825548,0
825549,0
825550,0
825551,0
825552,0
825553,0
825554,0
825555,0
825556,0
825557,0
825558,0
825559,0
825560,0
825561,0
825562,0
825563,0
825564,11
825565,0
825566,0
825567,0
825568,0
825569,0
825570,0
825571,0
825572,0
825573,0
825574,0
825575,0
825576,0
825577,0
825578,0
825579,0
825580,0
825581,0
825582,0
825583,0
825584,0
825585,0
825586,0
825587,0
825588,0
825589,0
825590,0
825591,0
825592,0
825593,0
825594,0
825595,0
825596,0
825597,0
825598,0
825599,0
825600,0
825601,0
825602,17
825603,0
825604,0
825605,10
825606,0
825607,0
825608,0
825609,0
825610,0
825611,0
825612,0
825613,0
825614,0
825615,0
825616,0
825617,0
825618,0
825619,0
825620,0
825621,0
825622,0
825623,0
825624,0
825625,0
825626,0
825627,0
825628,0
825629,0
825630,0
825631,0
825632,0
825633,0
825634,0
825635,0
825636,12
825637,0
825638,0
825639,0
825640,0
825641,0
825642,0
825643,0
825644,0
825645,0
825646,0
825647,0
825648,0
825649,0
825650,0
825651,0
825652,0
825653,0
825654,0
825655,0
825656,0
825657,0
825658,0
825659,0
825660,9
825661,0
825662,12
825663,0
825664,9
825665,0
825666,0
825667,0
825668,0
825669,0
825670,0
825671,0
825672,0
825673,0
825674,0
825675,0
825676,0
825677,0
825678,0
825679,0
825680,0
825681,0
825682,0
825683,0
825684,0
825685,0
825686,14
825687,0
825688,0
825689,0
825690,0
825691,0
825692,0
825693,0
825694,0
825695,0
825696,0
825697,0
825698,0
825699,0
825700,0
825701,16
825702,0
825703,0
825704,0
825705,0
825706,0
825707,0
825708,0
825709,0
825710,0
825711,0
825712,0
825713,0
825714,0
825715,0
825716,0
825717,0
825718,0
825719,19
825720,0
825721,0
825722,0
825723,0
825724,0
825725,0
825726,0
825727,0
825728,0
825729,0
825730,0
825731,0
825732,0
825733,0
825734,0
825735,0
825736,0
825737,0
825738,5
825739,0
825740,0
825741,0
825742,0
825743,0
825744,0
825745,0
825746,0
825747,0
825748,0
825749,0
825750,0
825751,0
825752,0
825753,0
825754,0
825755,0
825756,0
825757,0
825758,0
825759,0
825760,0
825761,0
825762,0
825763,0
825764,0
825765,0
825766,0
825767,0
825768,0
825769,0
825770,0
825771,0
825772,0
825773,0
825774,0
825775,0
825776,0
825777,0
825778,0
825779,0
825780,0
825781,0
825782,0
825783,0
825784,0
825785,0
825786,0
825787,0
825788,0
825789,0
825790,0
825791,0
825792,0
825793,0
825794,0
825795,0
825796,0
825797,0
825798,0
825799,0
825800,0
825801,0
825802,0
825803,0
825804,0
825805,0
825806,0
825807,0
825808,0
825809,0
825810,0
825811,0
825812,0
825813,0
825814,0
825815,0
825816,0
825817,0
825818,0
825819,0
825820,0
825821,0
825822,0
825823,0
825824,0
825825,0
825826,0
825827,0
825828,0
825829,0
825830,0
825831,0
825832,7
825833,0
825834,0
825835,0
825836,19
825837,0
825838,0
825839,0
825840,0
825841,0
825842,0
825843,0
825844,0
825845,0
825846,16
825847,0
825848,0
825849,0
825850,0
825851,0
825852,0
825853,0
825854,0
825855,0
825856,19
825857,0
825858,0
825859,0
825860,0
825861,0
825862,0
825863,0
825864,0
825865,16
825866,0
825867,0
825868,0
825869,0
825870,0
825871,0
825872,0
825873,0
825874,0
825875,0
825876,0
825877,0
825878,0
825879,0
825880,0
825881,0
825882,0
825883,0
825884,0
825885,0
825886,0
825887,0
825888,0
825889,0
825890,0
825891,0
825892,0
825893,11
825894,0
825895,0
825896,0
825897,0
825898,0
825899,0
825900,0
825901,10
825902,0
825903,0
825904,0
825905,0
825906,14
825907,0
825908,0
825909,0
825910,8
825911,0
825912,0
825913,0
825914,0
825915,0
825916,0
825917,0
825918,0
825919,0
825920,0
825921,0
825922,0
825923,0
825924,0
825925,0
825926,0
825927,0
825928,0
825929,0
825930,0
825931,14
825932,0
825933,0
825934,0
825935,0
825936,0
825937,0
825938,0
825939,0
825940,0
825941,0
825942,0
825943,0
825944,0
825945,0
825946,0
825947,0
825948,0
825949,0
825950,0
825951,0
825952,0
825953,0
825954,0
825955,0
825956,0
825957,0
825958,0
825959,0
825960,0
825961,0
825962,0
825963,0
825964,0
825965,0
825966,0
825967,0
825968,0
825969,0
825970,0
825971,0
825972,0
825973,0
825974,0
825975,0
825976,0
825977,0
825978,0
825979,0
825980,0
825981,0
825982,0
825983,0
825984,0
825985,0
825986,0
825987,0
825988,0
825989,0
825990,0
825991,0
825992,0
825993,0
825994,0
825995,0
825996,0
825997,0
825998,0
825999,0
826000,11
826001,0
826002,0
826003,0
826004,0
826005,0
826006,0
826007,0
826008,0
826009,0
826010,0
826011,0
826012,0
826013,0
826014,0
826015,0
826016,0
826017,0
826018,14
826019,0
826020,0
826021,0
826022,0
826023,0
826024,0
826025,0
826026,0
826027,0
826028,0
826029,0
826030,0
826031,0
826032,0
826033,0
826034,0
826035,0
826036,0
826037,0
826038,0
826039,0
826040,0
826041,0
826042,0
826043,0
826044,0
826045,0
826046,0
826047,0
826048,0
826049,0
826050,0
826051,0
826052,0
826053,35
826054,0
826055,0
826056,36
826057,0
826058,0
826059,0
826060,29
826061,0
826062,0
826063,0
826064,0
826065,0
826066,21
826067,0
826068,0
826069,33
826070,45
826071,0
826072,21
826073,0
826074,0
826075,0
826076,0
826077,0
826078,0
826079,0
826080,0
826081,0
826082,0
826083,24
826084,0
826085,0
826086,0
826087,0
826088,0
826089,0
826090,0
826091,0
826092,0
826093,0
826094,0
826095,0
826096,0
826097,29
826098,0
826099,42
826100,24
826101,0
826102,30
826103,0
826104,37
826105,0
826106,0
826107,0
826108,0
826109,0
826110,0
826111,48
826112,0
826113,0
826114,0
826115,24
826116,0
826117,0
826118,39
826119,0
826120,20
826121,0
826122,0
826123,0
826124,0
826125,0
826126,0
826127,45
826128,0
826129,0
826130,0
826131,44
826132,0
826133,52
826134,0
826135,0
826136,39
826137,29
826138,0
826139,0
826140,45
826141,0
826142,17
826143,0
826144,0
826145,0
826146,0
826147,0
826148,25
826149,0
826150,0
826151,17
826152,21
826153,0
826154,0
826155,0
826156,0
826157,0
826158,0
826159,0
826160,33
826161,0
826162,52
826163,30
826164,0
826165,0
826166,0
826167,28
826168,0
826169,0
826170,36
826171,0
826172,0
826173,0
826174,0
826175,0
826176,0
826177,0
826178,25
826179,37
826180,0
826181,33
826182,0
826183,14
826184,0
826185,0
826186,0
826187,0
826188,0
826189,0
826190,0
826191,21
826192,0
826193,0
826194,0
826195,0
826196,0
826197,0
826198,0
826199,13
826200,31
826201,33
826202,35
826203,34
826204,0
826205,0
826206,0
826207,0
826208,0
826209,0
826210,0
826211,0
826212,0
826213,0
826214,0
826215,0
826216,0
826217,34
826218,0
826219,41
826220,0
826221,11
826222,32
826223,0
826224,0
826225,51
826226,0
826227,0
826228,0
826229,32
826230,37
826231,0
826232,0
826233,24
826234,0
826235,0
826236,0
826237,0
826238,31
826239,0
826240,0
826241,0
826242,44
826243,0
826244,38
826245,0
826246,0
826247,0
826248,0
826249,0
826250,0
826251,0
826252,0
826253,0
826254,50
826255,0
826256,0
826257,0
826258,0
826259,0
826260,0
826261,28
826262,0
826263,0
826264,0
826265,0
826266,0
826267,0
826268,0
826269,0
826270,0
826271,0
826272,0
826273,0
826274,0
826275,0
826276,41
826277,18
826278,0
826279,0
826280,24
826281,0
826282,0
826283,22
826284,0
826285,0
826286,0
826287,0
826288,0
826289,0
826290,0
826291,0
826292,0
826293,32
826294,0
826295,47
826296,0
826297,0
826298,0
826299,0
826300,0
826301,0
826302,0
826303,0
826304,0
826305,33
826306,0
826307,0
826308,0
826309,32
826310,0
826311,0
826312,0
826313,28
826314,0
826315,0
826316,0
826317,0
826318,44
826319,42
826320,53
826321,0
826322,0
826323,0
826324,0
826325,0
826326,0
826327,0
826328,36
826329,0
826330,0
826331,33
826332,24
826333,0
826334,0
826335,0
826336,0
826337,14
826338,0
826339,0
826340,0
826341,26
826342,27
826343,0
826344,0
826345,36
826346,0
826347,0
826348,0
826349,33
826350,0
826351,43
826352,0
826353,0
826354,0
826355,26
826356,0
826357,0
826358,0
826359,47
826360,39
826361,0
826362,32
826363,0
826364,0
826365,0
826366,0
826367,28
826368,0
826369,0
826370,0
826371,0
826372,0
826373,0
826374,0
826375,0
826376,0
826377,0
826378,0
826379,0
826380,0
826381,0
826382,0
826383,0
826384,0
826385,42
826386,0
826387,0
826388,0
826389,30
826390,0
826391,0
826392,47
826393,37
826394,0
826395,0
826396,0
826397,0
826398,0
826399,0
826400,51
826401,0
826402,32
826403,0
826404,0
826405,0
826406,0
826407,0
826408,0
826409,0
826410,0
826411,33
826412,0
826413,40
826414,0
826415,0
826416,0
826417,0
826418,0
826419,0
826420,0
826421,0
826422,0
826423,0
826424,26
826425,0
826426,0
826427,0
826428,0
826429,0
826430,0
826431,27
826432,0
826433,0
826434,45
826435,0
826436,20
826437,0
826438,0
826439,0
826440,0
826441,0
826442,46
826443,0
826444,0
826445,0
826446,0
826447,0
826448,0
826449,0
826450,0
826451,0
826452,0
826453,0
826454,0
826455,0
826456,26
826457,0
826458,0
826459,0
826460,0
826461,35
826462,53
826463,0
826464,0
826465,33
826466,0
826467,41
826468,31
826469,0
826470,0
826471,0
826472,0
826473,0
826474,0
826475,29
826476,0
826477,0
826478,0
826479,0
826480,0
826481,0
826482,0
826483,0
826484,0
826485,0
826486,0
826487,0
826488,37
826489,31
826490,0
826491,0
826492,27
826493,0
826494,0
826495,0
826496,0
826497,0
826498,36
826499,0
826500,0
826501,0
826502,23
826503,45
826504,0
826505,31
826506,0
826507,0
826508,0
826509,0
826510,0
826511,0
826512,0
826513,0
826514,38
826515,0
826516,17
826517,24
826518,0
826519,0
826520,0
826521,0
826522,0
826523,0
826524,0
826525,0
826526,0
826527,33
826528,25
826529,13
826530,0
826531,38
826532,0
826533,0
826534,26
826535,0
826536,0
826537,0
826538,0
826539,27
826540,0
826541,0
826542,0
826543,0
826544,0
826545,0
826546,24
826547,0
826548,0
826549,0
826550,0
826551,27
826552,0
826553,42
826554,0
826555,0
826556,0
826557,0
826558,0
826559,27
826560,0
826561,0
826562,0
826563,0
826564,0
826565,0
826566,0
826567,0
826568,0
826569,0
826570,34
826571,0
826572,48
826573,0
826574,0
826575,0
826576,0
826577,0
826578,0
826579,49
826580,34
826581,21
826582,0
826583,25
826584,34
826585,0
826586,35
826587,0
826588,0
826589,12
826590,0
826591,0
826592,0
826593,26
826594,0
826595,0
826596,0
826597,23
826598,0
826599,0
826600,0
826601,0
826602,0
826603,5
826604,0
826605,0
826606,0
826607,0
826608,0
826609,0
826610,0
826611,0
826612,0
826613,0
826614,0
826615,0
826616,0
826617,0
826618,0
826619,0
826620,0
826621,0
826622,0
826623,0
826624,0
826625,0
826626,0
826627,0
826628,0
826629,0
826630,0
826631,19
826632,0
826633,0
826634,0
826635,0
826636,0
826637,0
826638,0
826639,0
826640,0
826641,0
826642,0
826643,0
826644,0
826645,0
826646,0
826647,0
826648,0
826649,0
826650,0
826651,0
826652,16
826653,0
826654,8
826655,0
826656,0
826657,0
826658,0
826659,0
826660,0
826661,0
826662,0
826663,0
826664,0
826665,15
826666,0
826667,0
826668,12
826669,0
826670,0
826671,0
826672,0
826673,0
826674,0
826675,0
826676,0
826677,0
826678,0
826679,0
826680,0
826681,0
826682,0
826683,0
826684,0
826685,15
826686,15
826687,0
826688,0
826689,14
826690,0
826691,0
826692,0
826693,0
826694,0
826695,0
826696,0
826697,0
826698,0
826699,16
826700,0
826701,0
826702,0
826703,0
826704,0
826705,0
826706,0
826707,0
826708,0
826709,0
826710,0
826711,0
826712,16
826713,0
826714,0
826715,0
826716,0
826717,0
826718,0
826719,0
826720,0
826721,0
826722,0
826723,13
826724,14
826725,0
826726,0
826727,0
826728,0
826729,0
826730,0
826731,0
826732,0
826733,0
826734,0
826735,7
826736,0
826737,0
826738,0
826739,0
826740,0
826741,0
826742,0
826743,22
826744,0
826745,0
826746,0
826747,0
826748,0
826749,0
826750,16
826751,0
826752,0
826753,0
826754,0
826755,0
826756,0
826757,0
826758,14
826759,0
826760,0
826761,0
826762,0
826763,0
826764,0
826765,0
826766,0
826767,0
826768,0
826769,0
826770,0
826771,19
826772,0
826773,0
826774,0
826775,0
826776,0
826777,0
826778,0
826779,0
826780,0
826781,0
826782,0
826783,0
826784,0
826785,0
826786,0
826787,0
826788,0
826789,0
826790,0
826791,0
826792,0
826793,0
826794,0
826795,0
826796,0
826797,16
826798,0
826799,0
826800,0
826801,0
826802,0
826803,0
826804,0
826805,0
826806,0
826807,0
826808,19
826809,0
826810,14
826811,0
826812,0
826813,0
826814,0
826815,0
826816,0
826817,0
826818,0
826819,0
826820,0
826821,0
826822,0
826823,0
826824,0
826825,21
826826,0
826827,0
826828,0
826829,0
826830,0
826831,0
826832,0
826833,0
826834,0
826835,0
826836,0
826837,0
826838,0
826839,0
826840,0
826841,20
826842,22
826843,0
826844,0
826845,0
826846,0
826847,0
826848,0
826849,0
826850,0
826851,20
826852,0
826853,0
826854,0
826855,0
826856,0
826857,0
826858,0
826859,0
826860,0
826861,0
826862,0
826863,0
826864,0
826865,0
826866,0
826867,0
826868,0
826869,0
826870,24
826871,0
826872,0
826873,0
826874,0
826875,0
826876,0
826877,0
826878,0
826879,0
826880,0
826881,0
826882,0
826883,0
826884,0
826885,0
826886,0
826887,0
826888,0
826889,0
826890,0
826891,0
826892,0
826893,0
826894,0
826895,0
826896,0
826897,0
826898,0
826899,0
826900,0
826901,0
826902,0
826903,0
826904,0
826905,0
826906,0
826907,0
826908,0
826909,0
826910,0
826911,0
826912,0
826913,0
826914,0
826915,0
826916,16
826917,0
826918,0
826919,0
826920,0
826921,0
826922,0
826923,0
826924,0
826925,0
826926,0
826927,0
826928,0
826929,0
826930,0
826931,0
826932,0
826933,0
826934,22
826935,0
826936,0
826937,12
826938,0
826939,0
826940,0
826941,0
826942,0
826943,0
826944,0
826945,0
826946,0
826947,0
826948,0
826949,0
826950,0
826951,0
826952,0
826953,0
826954,0
826955,0
826956,0
826957,0
826958,0
826959,0
826960,0
826961,0
826962,0
826963,0
826964,0
826965,0
826966,0
826967,0
826968,13
826969,0
826970,0
826971,0
826972,0
826973,0
826974,0
826975,0
826976,0
826977,0
826978,0
826979,5
826980,0
826981,0
826982,0
826983,0
826984,0
826985,0
826986,0
826987,8
826988,0
826989,16
826990,0
826991,0
826992,0
826993,0
826994,0
826995,0
826996,0
826997,0
826998,0
826999,0
827000,0
827001,0
827002,0
827003,0
827004,0
827005,0
827006,0
827007,0
827008,0
827009,0
827010,0
827011,0
827012,0
827013,0
827014,0
827015,0
827016,0
827017,0
827018,0
827019,0
827020,0
827021,0
827022,0
827023,0
827024,0
827025,0
827026,0
827027,0
827028,0
827029,0
827030,0
827031,0
827032,0
827033,0
827034,0
827035,18
827036,0
827037,0
827038,0
827039,0
827040,0
827041,0
827042,0
827043,0
827044,0
827045,7
827046,0
827047,0
827048,0
827049,0
827050,0
827051,0
827052,0
827053,0
827054,0
827055,0
827056,0
827057,0
827058,0
827059,0
827060,0
827061,0
827062,0
827063,0
827064,0
827065,0
827066,0
827067,0
827068,0
827069,0
827070,0
827071,0
827072,0
827073,0
827074,0
827075,0
827076,0
827077,0
827078,0
827079,0
827080,0
827081,0
827082,0
827083,0
827084,0
827085,13
827086,0
827087,0
827088,0
827089,0
827090,0
827091,0
827092,0
827093,0
827094,0
827095,0
827096,0
827097,0
827098,0
827099,0
827100,14
827101,0
827102,0
827103,0
827104,0
827105,16
827106,0
827107,0
827108,0
827109,15
827110,0
827111,0
827112,0
827113,0
827114,0
827115,16
827116,0
827117,0
827118,0
827119,0
827120,0
827121,0
827122,0
827123,0
827124,0
827125,0
827126,0
827127,0
827128,24
827129,0
827130,0
827131,0
827132,0
827133,0
827134,0
827135,0
827136,0
827137,0
827138,0
827139,0
827140,0
827141,0
827142,0
827143,0
827144,0
827145,0
827146,0
827147,0
827148,0
827149,17
827150,19
827151,0
827152,0
827153,16
827154,15
827155,0
827156,0
827157,0
827158,0
827159,0
827160,0
827161,0
827162,0
827163,0
827164,0
827165,0
827166,0
827167,0
827168,0
827169,0
827170,0
827171,0
827172,0
827173,0
827174,0
827175,0
827176,0
827177,0
827178,0
827179,0
827180,0
827181,0
827182,0
827183,0
827184,0
827185,0
827186,0
827187,0
827188,0
827189,0
827190,0
827191,0
827192,0
827193,22
827194,0
827195,0
827196,6
827197,0
827198,0
827199,0
827200,0
827201,0
827202,0
827203,0
827204,0
827205,0
827206,0
827207,0
827208,0
827209,0
827210,0
827211,0
827212,0
827213,12
827214,0
827215,0
827216,0
827217,0
827218,0
827219,0
827220,0
827221,0
827222,0
827223,0
827224,0
827225,0
827226,0
827227,0
827228,0
827229,0
827230,0
827231,0
827232,0
827233,0
827234,0
827235,0
827236,0
827237,0
827238,0
827239,0
827240,0
827241,0
827242,10
827243,0
827244,25
827245,0
827246,13
827247,16
827248,0
827249,0
827250,19
827251,0
827252,0
827253,12
827254,0
827255,0
827256,10
827257,0
827258,0
827259,0
827260,0
827261,0
827262,0
827263,8
827264,0
827265,0
827266,0
827267,0
827268,0
827269,0
827270,0
827271,0
827272,0
827273,0
827274,11
827275,0
827276,0
827277,0
827278,0
827279,15
827280,0
827281,0
827282,8
827283,0
827284,0
827285,26
827286,0
827287,13
827288,0
827289,0
827290,12
827291,27
827292,0
827293,0
827294,0
827295,0
827296,0
827297,23
827298,0
827299,22
827300,0
827301,0
827302,0
827303,0
827304,0
827305,6
827306,0
827307,0
827308,0
827309,17
827310,0
827311,0
827312,0
827313,0
827314,0
827315,0
827316,0
827317,0
827318,0
827319,0
827320,0
827321,0
827322,0
827323,0
827324,12
827325,0
827326,0
827327,16
827328,0
827329,0
827330,0
827331,0
827332,9
827333,0
827334,0
827335,0
827336,15
827337,0
827338,0
827339,19
827340,0
827341,0
827342,0
827343,0
827344,0
827345,0
827346,18
827347,0
827348,0
827349,0
827350,14
827351,0
827352,0
827353,17
827354,0
827355,0
827356,0
827357,0
827358,0
827359,25
827360,0
827361,0
827362,0
827363,0
827364,0
827365,0
827366,0
827367,0
827368,0
827369,0
827370,0
827371,0
827372,0
827373,0
827374,21
827375,0
827376,14
827377,12
827378,0
827379,7
827380,0
827381,0
827382,0
827383,0
827384,0
827385,0
827386,9
827387,0
827388,15
827389,0
827390,0
827391,7
827392,0
827393,13
827394,0
827395,0
827396,15
827397,0
827398,0
827399,0
827400,0
827401,0
827402,10
827403,0
827404,19
827405,0
827406,0
827407,0
827408,14
827409,0
827410,0
827411,27
827412,0
827413,0
827414,0
827415,29
827416,0
827417,0
827418,0
827419,0
827420,26
827421,24
827422,15
827423,12
827424,0
827425,0
827426,14
827427,0
827428,0
827429,9
827430,0
827431,0
827432,9
827433,0
827434,0
827435,0
827436,23
827437,21
827438,0
827439,0
827440,0
827441,0
827442,0
827443,25
827444,0
827445,0
827446,0
827447,0
827448,0
827449,0
827450,0
827451,0
827452,32
827453,0
827454,0
827455,19
827456,0
827457,0
827458,0
827459,19
827460,0
827461,0
827462,0
827463,0
827464,22
827465,0
827466,17
827467,0
827468,15
827469,0
827470,0
827471,20
827472,0
827473,9
827474,0
827475,29
827476,0
827477,0
827478,0
827479,0
827480,0
827481,0
827482,0
827483,0
827484,0
827485,0
827486,0
827487,17
827488,13
827489,0
827490,0
827491,20
827492,14
827493,13
827494,0
827495,0
827496,10
827497,13
827498,0
827499,0
827500,0
827501,0
827502,11
827503,11
827504,12
827505,13
827506,0
827507,5
827508,0
827509,0
827510,0
827511,9
827512,16
827513,0
827514,0
827515,0
827516,12
827517,0
827518,0
827519,12
827520,0
827521,0
827522,17
827523,0
827524,11
827525,0
827526,0
827527,0
827528,0
827529,0
827530,0
827531,0
827532,0
827533,0
827534,0
827535,0
827536,0
827537,0
827538,0
827539,15
827540,0
827541,19
827542,14
827543,12
827544,0
827545,14
827546,0
827547,0
827548,0
827549,0
827550,6
827551,0
827552,21
827553,0
827554,0
827555,0
827556,0
827557,23
827558,0
827559,0
827560,0
827561,0
827562,0
827563,0
827564,10
827565,0
827566,0
827567,0
827568,11
827569,0
827570,12
827571,18
827572,0
827573,12
827574,5
827575,0
827576,0
827577,0
827578,14
827579,0
827580,0
827581,0
827582,0
827583,0
827584,0
827585,0
827586,0
827587,0
827588,0
827589,0
827590,0
827591,23
827592,0
827593,0
827594,0
827595,26
827596,0
827597,0
827598,0
827599,19
827600,17
827601,0
827602,0
827603,0
827604,14
827605,0
827606,0
827607,0
827608,11
827609,0
827610,0
827611,0
827612,0
827613,13
827614,0
827615,29
827616,17
827617,6
827618,0
827619,0
827620,0
827621,0
827622,0
827623,16
827624,18
827625,0
827626,0
827627,0
827628,0
827629,0
827630,0
827631,0
827632,20
827633,21
827634,0
827635,0
827636,0
827637,0
827638,19
827639,0
827640,0
827641,20
827642,0
827643,0
827644,0
827645,0
827646,0
827647,10
827648,0
827649,0
827650,0
827651,0
827652,0
827653,0
827654,0
827655,10
827656,0
827657,13
827658,0
827659,0
827660,0
827661,0
827662,0
827663,0
827664,13
827665,11
827666,0
827667,0
827668,0
827669,12
827670,0
827671,0
827672,0
827673,0
827674,0
827675,16
827676,0
827677,17
827678,0
827679,0
827680,11
827681,0
827682,13
827683,0
827684,16
827685,0
827686,14
827687,12
827688,0
827689,0
827690,11
827691,0
827692,11
827693,7
827694,0
827695,0
827696,20
827697,16
827698,0
827699,28
827700,0
827701,0
827702,0
827703,0
827704,10
827705,0
827706,0
827707,0
827708,0
827709,10
827710,0
827711,0
827712,0
827713,0
827714,0
827715,0
827716,0
827717,16
827718,0
827719,0
827720,0
827721,0
827722,0
827723,28
827724,15
827725,0
827726,0
827727,0
827728,5
827729,17
827730,0
827731,17
827732,0
827733,0
827734,0
827735,0
827736,0
827737,0
827738,0
827739,0
827740,15
827741,0
827742,12
827743,14
827744,0
827745,0
827746,0
827747,10
827748,0
827749,18
827750,15
827751,0
827752,0
827753,0
827754,0
827755,0
827756,0
827757,0
827758,0
827759,12
827760,0
827761,0
827762,16
827763,0
827764,0
827765,0
827766,0
827767,11
827768,0
827769,0
827770,0
827771,0
827772,18
827773,0
827774,11
827775,0
827776,22
827777,0
827778,10
827779,25
827780,14
827781,0
827782,0
827783,0
827784,26
827785,0
827786,0
827787,0
827788,0
827789,0
827790,29
827791,14
827792,21
827793,0
827794,0
827795,0
827796,0
827797,0
827798,0
827799,0
827800,17
827801,0
827802,0
827803,20
827804,13
827805,0
827806,0
827807,0
827808,0
827809,0
827810,0
827811,4
827812,0
827813,0
827814,0
827815,0
827816,0
827817,0
827818,10
827819,0
827820,0
827821,0
827822,10
827823,0
827824,0
827825,9
827826,10
827827,0
827828,0
827829,0
827830,0
827831,0
827832,0
827833,0
827834,0
827835,20
827836,23
827837,24
827838,0
827839,0
827840,0
827841,10
827842,0
827843,0
827844,0
827845,0
827846,0
827847,8
827848,0
827849,15
827850,0
827851,0
827852,0
827853,0
827854,0
827855,18
827856,0
827857,0
827858,0
827859,0
827860,0
827861,0
827862,0
827863,0
827864,0
827865,0
827866,0
827867,0
827868,5
827869,0
827870,0
827871,0
827872,7
827873,0
827874,0
827875,7
827876,0
827877,0
827878,0
827879,0
827880,0
827881,0
827882,0
827883,0
827884,0
827885,0
827886,0
827887,0
827888,0
827889,0
827890,11
827891,0
827892,0
827893,0
827894,0
827895,0
827896,0
827897,0
827898,0
827899,5
827900,0
827901,0
827902,0
827903,0
827904,0
827905,0
827906,0
827907,5
827908,0
827909,0
827910,4
827911,0
827912,6
827913,13
827914,9
827915,0
827916,0
827917,9
827918,0
827919,0
827920,3
827921,0
827922,0
827923,0
827924,0
827925,12
827926,0
827927,0
827928,10
827929,0
827930,12
827931,0
827932,0
827933,0
827934,0
827935,0
827936,0
827937,7
827938,0
827939,0
827940,0
827941,9
827942,0
827943,0
827944,0
827945,0
827946,0
827947,0
827948,6
827949,0
827950,0
827951,0
827952,0
827953,0
827954,0
827955,9
827956,0
827957,0
827958,0
827959,0
827960,0
827961,8
827962,0
827963,0
827964,0
827965,0
827966,0
827967,0
827968,0
827969,0
827970,12
827971,0
827972,0
827973,0
827974,0
827975,0
827976,0
827977,0
827978,0
827979,0
827980,9
827981,0
827982,0
827983,0
827984,0
827985,0
827986,0
827987,0
827988,0
827989,0
827990,8
827991,0
827992,0
827993,0
827994,0
827995,0
827996,0
827997,0
827998,0
827999,0
828000,0
828001,0
828002,7
828003,0
828004,0
828005,9
828006,0
828007,0
828008,0
828009,0
828010,0
828011,0
828012,0
828013,0
828014,0
828015,7
828016,0
828017,0
828018,2
828019,0
828020,0
828021,7
828022,0
828023,0
828024,10
828025,0
828026,0
828027,13
828028,0
828029,0
828030,0
828031,0
828032,0
828033,0
828034,0
828035,0
828036,0
828037,0
828038,0
828039,0
828040,0
828041,12
828042,0
828043,0
828044,0
828045,0
828046,0
828047,0
828048,0
828049,14
828050,0
828051,0
828052,0
828053,0
828054,0
828055,0
828056,0
828057,0
828058,0
828059,0
828060,0
828061,8
828062,0
828063,0
828064,10
828065,0
828066,0
828067,0
828068,0
828069,0
828070,0
828071,0
828072,0
828073,0
828074,0
828075,7
828076,13
828077,0
828078,0
828079,0
828080,0
828081,0
828082,0
828083,0
828084,0
828085,5
828086,0
828087,0
828088,0
828089,0
828090,0
828091,0
828092,0
828093,0
828094,7
828095,0
828096,0
828097,0
828098,0
828099,0
828100,0
828101,5
828102,0
828103,0
828104,0
828105,0
828106,0
828107,0
828108,0
828109,0
828110,0
828111,0
828112,13
828113,7
828114,0
828115,0
828116,16
828117,12
828118,11
828119,0
828120,0
828121,0
828122,0
828123,0
828124,0
828125,0
828126,0
828127,0
828128,0
828129,0
828130,0
828131,0
828132,0
828133,0
828134,7
828135,0
828136,8
828137,0
828138,6
828139,0
828140,0
828141,0
828142,0
828143,6
828144,10
828145,0
828146,0
828147,0
828148,0
828149,0
828150,0
828151,6
828152,0
828153,0
828154,0
828155,0
828156,0
828157,0
828158,0
828159,0
828160,10
828161,0
828162,6
828163,0
828164,0
828165,11
828166,0
828167,0
828168,0
828169,0
828170,4
828171,7
828172,0
828173,0
828174,0
828175,0
828176,0
828177,0
828178,0
828179,0
828180,0
828181,0
828182,0
828183,0
828184,0
828185,8
828186,0
828187,0
828188,0
828189,0
828190,0
828191,0
828192,0
828193,0
828194,0
828195,0
828196,0
828197,0
828198,0
828199,0
828200,0
828201,0
828202,0
828203,0
828204,0
828205,0
828206,0
828207,0
828208,0
828209,8
828210,4
828211,0
828212,0
828213,0
828214,0
828215,0
828216,7
828217,0
828218,0
828219,0
828220,0
828221,0
828222,0
828223,0
828224,7
828225,0
828226,0
828227,0
828228,0
828229,0
828230,13
828231,0
828232,0
828233,0
828234,0
828235,0
828236,0
828237,0
828238,0
828239,0
828240,0
828241,4
828242,0
828243,10
828244,0
828245,0
828246,0
828247,0
828248,0
828249,7
828250,0
828251,0
828252,0
828253,0
828254,13
828255,0
828256,0
828257,0
828258,0
828259,0
828260,0
828261,0
828262,16
828263,0
828264,0
828265,12
828266,0
828267,5
828268,0
828269,0
828270,0
828271,0
828272,0
828273,0
828274,0
828275,0
828276,0
828277,8
828278,5
828279,0
828280,0
828281,18
828282,0
828283,12
828284,0
828285,0
828286,0
828287,0
828288,0
828289,0
828290,0
828291,0
828292,0
828293,0
828294,0
828295,4
828296,0
828297,0
828298,0
828299,0
828300,4
828301,8
828302,0
828303,0
828304,0
828305,0
828306,0
828307,0
828308,0
828309,0
828310,0
828311,0
828312,0
828313,0
828314,0
828315,8
828316,0
828317,0
828318,9
828319,0
828320,6
828321,0
828322,0
828323,0
828324,0
828325,0
828326,0
828327,8
828328,0
828329,0
828330,0
828331,0
828332,0
828333,0
828334,0
828335,0
828336,0
828337,6
828338,6
828339,0
828340,0
828341,11
828342,14
828343,0
828344,0
828345,0
828346,4
828347,0
828348,0
828349,0
828350,0
828351,14
828352,0
828353,0
828354,0
828355,0
828356,0
828357,0
828358,0
828359,0
828360,14
828361,0
828362,0
828363,9
828364,0
828365,0
828366,0
828367,0
828368,6
828369,5
828370,0
828371,0
828372,0
828373,3
828374,0
828375,0
828376,0
828377,0
828378,0
828379,0
828380,0
828381,10
828382,13
828383,0
828384,0
828385,10
828386,0
828387,0
828388,10
828389,0
828390,0
828391,0
828392,0
828393,0
828394,0
828395,0
828396,0
828397,0
828398,0
828399,0
828400,0
828401,3
828402,0
828403,0
828404,5
828405,0
828406,0
828407,8
828408,0
828409,0
828410,0
828411,0
828412,8
828413,0
828414,0
828415,9
828416,12
828417,0
828418,0
828419,0
828420,4
828421,12
828422,9
828423,0
828424,0
828425,0
828426,0
828427,6
828428,0
828429,0
828430,10
828431,0
828432,0
828433,0
828434,0
828435,0
828436,0
828437,0
828438,0
828439,0
828440,0
828441,7
828442,0
828443,0
828444,0
828445,5
828446,6
828447,0
828448,0
828449,0
828450,0
828451,0
828452,8
828453,12
828454,8
828455,14
828456,0
828457,5
828458,8
828459,0
828460,0
828461,0
828462,0
828463,0
828464,0
828465,0
828466,0
828467,5
828468,0
828469,11
828470,0
828471,0
828472,0
828473,0
828474,0
828475,0
828476,0
828477,0
828478,0
828479,0
828480,0
828481,0
828482,0
828483,0
828484,0
828485,0
828486,0
828487,7
828488,0
828489,7
828490,5
828491,0
828492,0
828493,0
828494,0
828495,0
828496,8
828497,0
828498,0
828499,0
828500,0
828501,0
828502,0
828503,0
828504,6
828505,7
828506,0
828507,0
828508,4
828509,0
828510,0
828511,0
828512,14
828513,0
828514,0
828515,0
828516,0
828517,0
828518,0
828519,0
828520,0
828521,0
828522,0
828523,0
828524,0
828525,7
828526,0
828527,0
828528,0
828529,0
828530,0
828531,0
828532,0
828533,0
828534,0
828535,10
828536,0
828537,0
828538,0
828539,9
828540,0
828541,12
828542,0
828543,0
828544,11
828545,0
828546,0
828547,0
828548,0
828549,0
828550,0
828551,0
828552,0
828553,0
828554,0
828555,0
828556,0
828557,0
828558,0
828559,0
828560,0
828561,0
828562,0
828563,0
828564,0
828565,0
828566,0
828567,0
828568,0
828569,0
828570,0
828571,0
828572,0
828573,0
828574,0
828575,0
828576,0
828577,0
828578,9
828579,0
828580,0
828581,0
828582,0
828583,0
828584,0
828585,0
828586,0
828587,0
828588,0
828589,0
828590,0
828591,0
828592,0
828593,0
828594,0
828595,0
828596,0
828597,0
828598,0
828599,0
828600,17
828601,0
828602,8
828603,0
828604,0
828605,11
828606,0
828607,0
828608,0
828609,0
828610,0
828611,0
828612,0
828613,0
828614,0
828615,0
828616,0
828617,0
828618,0
828619,11
828620,0
828621,8
828622,0
828623,0
828624,0
828625,0
828626,0
828627,0
828628,0
828629,0
828630,0
828631,0
828632,0
828633,0
828634,0
828635,0
828636,0
828637,0
828638,0
828639,10
828640,0
828641,0
828642,11
828643,0
828644,0
828645,0
828646,0
828647,0
828648,0
828649,0
828650,0
828651,0
828652,0
828653,0
828654,15
828655,0
828656,0
828657,0
828658,0
828659,0
828660,0
828661,0
828662,0
828663,0
828664,14
828665,0
828666,10
828667,0
828668,0
828669,0
828670,0
828671,0
828672,0
828673,0
828674,0
828675,0
828676,0
828677,0
828678,0
828679,0
828680,0
828681,0
828682,0
828683,0
828684,0
828685,0
828686,0
828687,0
828688,0
828689,0
828690,0
828691,0
828692,19
828693,13
828694,0
828695,0
828696,0
828697,0
828698,0
828699,0
828700,0
828701,0
828702,0
828703,0
828704,0
828705,0
828706,0
828707,0
828708,0
828709,0
828710,0
828711,0
828712,4
828713,0
828714,0
828715,12
828716,0
828717,0
828718,0
828719,0
828720,0
828721,0
828722,17
828723,0
828724,0
828725,0
828726,0
828727,0
828728,0
828729,0
828730,0
828731,22
828732,0
828733,19
828734,0
828735,15
828736,0
828737,0
828738,0
828739,0
828740,0
828741,0
828742,0
828743,0
828744,0
828745,0
828746,0
828747,0
828748,0
828749,0
828750,0
828751,0
828752,0
828753,0
828754,0
828755,0
828756,0
828757,0
828758,0
828759,0
828760,18
828761,10
828762,0
828763,0
828764,0
828765,0
828766,10
828767,0
828768,0
828769,0
828770,0
828771,0
828772,0
828773,0
828774,0
828775,0
828776,0
828777,16
828778,0
828779,0
828780,0
828781,0
828782,0
828783,0
828784,0
828785,0
828786,0
828787,0
828788,0
828789,0
828790,0
828791,0
828792,0
828793,0
828794,0
828795,0
828796,0
828797,0
828798,0
828799,0
828800,0
828801,0
828802,0
828803,0
828804,0
828805,0
828806,0
828807,0
828808,0
828809,0
828810,0
828811,12
828812,0
828813,0
828814,9
828815,0
828816,0
828817,0
828818,0
828819,0
828820,0
828821,0
828822,0
828823,0
828824,0
828825,0
828826,0
828827,0
828828,0
828829,17
828830,0
828831,0
828832,0
828833,0
828834,0
828835,0
828836,0
828837,0
828838,0
828839,10
828840,0
828841,0
828842,0
828843,11
828844,0
828845,0
828846,14
828847,0
828848,0
828849,0
828850,0
828851,0
828852,0
828853,0
828854,0
828855,0
828856,0
828857,0
828858,0
828859,0
828860,0
828861,0
828862,16
828863,0
828864,0
828865,0
828866,0
828867,0
828868,0
828869,0
828870,0
828871,0
828872,14
828873,0
828874,0
828875,19
828876,0
828877,0
828878,0
828879,0
828880,0
828881,0
828882,0
828883,5
828884,0
828885,0
828886,0
828887,0
828888,0
828889,0
828890,0
828891,0
828892,0
828893,0
828894,0
828895,0
828896,0
828897,0
828898,0
828899,0
828900,0
828901,0
828902,0
828903,0
828904,0
828905,0
828906,0
828907,0
828908,0
828909,0
828910,8
828911,0
828912,0
828913,0
828914,13
828915,0
828916,0
828917,12
828918,0
828919,12
828920,0
828921,0
828922,0
828923,0
828924,0
828925,0
828926,0
828927,0
828928,0
828929,0
828930,0
828931,0
828932,0
828933,0
828934,0
828935,0
828936,0
828937,18
828938,0
828939,0
828940,0
828941,0
828942,0
828943,0
828944,0
828945,0
828946,0
828947,0
828948,0
828949,0
828950,0
828951,0
828952,0
828953,0
828954,0
828955,0
828956,0
828957,0
828958,0
828959,0
828960,0
828961,0
828962,15
828963,0
828964,0
828965,0
828966,0
828967,0
828968,0
828969,0
828970,0
828971,0
828972,0
828973,0
828974,0
828975,0
828976,0
828977,0
828978,0
828979,0
828980,0
828981,0
828982,14
828983,0
828984,0
828985,0
828986,0
828987,0
828988,0
828989,0
828990,12
828991,0
828992,0
828993,0
828994,0
828995,0
828996,0
828997,0
828998,0
828999,0
829000,0
829001,0
829002,0
829003,0
829004,0
829005,0
829006,0
829007,0
829008,0
829009,0
829010,0
829011,16
829012,0
829013,0
829014,0
829015,0
829016,0
829017,0
829018,0
829019,0
829020,0
829021,0
829022,0
829023,0
829024,6
829025,15
829026,0
829027,0
829028,0
829029,0
829030,0
829031,0
829032,0
829033,0
829034,0
829035,0
829036,0
829037,0
829038,0
829039,0
829040,0
829041,0
829042,0
829043,0
829044,0
829045,0
829046,0
829047,0
829048,0
829049,0
829050,0
829051,0
829052,0
829053,0
829054,0
829055,0
829056,0
829057,0
829058,0
829059,0
829060,0
829061,0
829062,0
829063,0
829064,0
829065,0
829066,0
829067,12
829068,11
829069,0
829070,0
829071,0
829072,0
829073,0
829074,0
829075,0
829076,0
829077,0
829078,0
829079,0
829080,0
829081,0
829082,0
829083,0
829084,0
829085,0
829086,0
829087,0
829088,0
829089,0
829090,0
829091,0
829092,0
829093,0
829094,0
829095,0
829096,0
829097,0
829098,0
829099,0
829100,0
829101,0
829102,0
829103,0
829104,0
829105,0
829106,0
829107,0
829108,0
829109,0
829110,0
829111,0
829112,0
829113,10
829114,0
829115,0
829116,0
829117,0
829118,0
829119,0
829120,0
829121,0
829122,0
829123,15
829124,0
829125,0
829126,0
829127,0
829128,0
829129,0
829130,0
829131,0
829132,0
829133,0
829134,0
829135,0
829136,0
829137,0
829138,0
829139,0
829140,9
829141,0
829142,0
829143,0
829144,0
829145,0
829146,0
829147,0
829148,0
829149,0
829150,0
829151,0
829152,0
829153,0
829154,0
829155,0
829156,0
829157,0
829158,0
829159,0
829160,0
829161,0
829162,0
829163,0
829164,0
829165,11
829166,0
829167,0
829168,0
829169,0
829170,11
829171,0
829172,0
829173,0
829174,0
829175,0
829176,0
829177,0
829178,0
829179,0
829180,0
829181,0
829182,7
829183,0
829184,0
829185,0
829186,11
829187,0
829188,0
829189,0
829190,0
829191,0
829192,0
829193,0
829194,0
829195,0
829196,0
829197,0
829198,0
829199,0
829200,0
829201,18
829202,0
829203,10
829204,0
829205,0
829206,7
829207,0
829208,0
829209,0
829210,0
829211,0
829212,0
829213,0
829214,0
829215,0
829216,0
829217,0
829218,0
829219,8
829220,0
829221,0
829222,0
829223,0
829224,0
829225,0
829226,0
829227,0
829228,0
829229,0
829230,0
829231,0
829232,0
829233,0
829234,0
829235,0
829236,7
829237,0
829238,12
829239,15
829240,0
829241,0
829242,0
829243,0
829244,0
829245,0
829246,0
829247,0
829248,0
829249,8
829250,0
829251,0
829252,0
829253,0
829254,0
829255,0
829256,0
829257,0
829258,0
829259,0
829260,0
829261,17
829262,14
829263,0
829264,0
829265,0
829266,0
829267,0
829268,0
829269,0
829270,0
829271,0
829272,0
829273,0
829274,0
829275,0
829276,0
829277,0
829278,0
829279,0
829280,0
829281,0
829282,14
829283,0
829284,24
829285,0
829286,0
829287,0
829288,0
829289,0
829290,0
829291,0
829292,0
829293,0
829294,0
829295,0
829296,0
829297,0
829298,0
829299,0
829300,0
829301,0
829302,0
829303,0
829304,0
829305,0
829306,0
829307,0
829308,0
829309,0
829310,0
829311,0
829312,0
829313,0
829314,0
829315,0
829316,0
829317,17
829318,0
829319,0
829320,0
829321,0
829322,0
829323,0
829324,0
829325,0
829326,0
829327,0
829328,0
829329,0
829330,1
829331,0
829332,0
829333,0
829334,0
829335,0
829336,0
829337,0
829338,0
829339,0
829340,14
829341,0
829342,0
829343,0
829344,0
829345,0
829346,0
829347,0
829348,0
829349,0
829350,0
829351,11
829352,0
829353,0
829354,0
829355,0
829356,0
829357,0
829358,0
829359,0
829360,0
829361,0
829362,13
829363,8
829364,0
829365,0
829366,0
829367,0
829368,5
829369,11
829370,0
829371,0
829372,0
829373,0
829374,0
829375,0
829376,0
829377,0
829378,0
829379,0
829380,14
829381,0
829382,0
829383,0
829384,8
829385,14
829386,0
829387,0
829388,11
829389,0
829390,0
829391,0
829392,0
829393,0
829394,0
829395,0
829396,0
829397,0
829398,0
829399,0
829400,0
829401,0
829402,0
829403,0
829404,0
829405,0
829406,0
829407,0
829408,0
829409,0
829410,0
829411,0
829412,0
829413,0
829414,0
829415,0
829416,13
829417,0
829418,0
829419,0
829420,0
829421,0
829422,8
829423,0
829424,0
829425,20
829426,0
829427,0
829428,0
829429,0
829430,0
829431,0
829432,0
829433,0
829434,0
829435,0
829436,0
829437,0
829438,0
829439,0
829440,0
829441,0
829442,0
829443,0
829444,0
829445,0
829446,0
829447,0
829448,0
829449,0
829450,0
829451,0
829452,0
829453,14
829454,0
829455,14
829456,0
829457,49
829458,0
829459,0
829460,0
829461,0
829462,51
829463,0
829464,0
829465,0
829466,0
829467,0
829468,0
829469,31
829470,0
829471,0
829472,34
829473,33
829474,0
829475,0
829476,0
829477,30
829478,0
829479,0
829480,0
829481,0
829482,0
829483,0
829484,0
829485,0
829486,0
829487,30
829488,0
829489,0
829490,0
829491,0
829492,0
829493,0
829494,0
829495,0
829496,26
829497,0
829498,0
829499,23
829500,0
829501,0
829502,0
829503,0
829504,43
829505,47
829506,0
829507,0
829508,0
829509,0
829510,0
829511,0
829512,0
829513,0
829514,0
829515,0
829516,0
829517,0
829518,30
829519,0
829520,0
829521,31
829522,0
829523,0
829524,33
829525,0
829526,0
829527,0
829528,36
829529,0
829530,0
829531,0
829532,60
829533,0
829534,0
829535,37
829536,0
829537,0
829538,0
829539,0
829540,0
829541,0
829542,0
829543,0
829544,26
829545,0
829546,0
829547,0
829548,0
829549,0
829550,0
829551,0
829552,33
829553,0
829554,0
829555,33
829556,0
829557,0
829558,0
829559,0
829560,0
829561,0
829562,0
829563,0
829564,0
829565,0
829566,0
829567,41
829568,50
829569,53
829570,0
829571,0
829572,0
829573,0
829574,0
829575,56
829576,0
829577,0
829578,0
829579,22
829580,0
829581,0
829582,0
829583,0
829584,0
829585,0
829586,42
829587,0
829588,0
829589,42
829590,0
829591,0
829592,0
829593,0
829594,0
829595,0
829596,0
829597,0
829598,0
829599,0
829600,47
829601,0
829602,0
829603,0
829604,0
829605,0
829606,0
829607,33
829608,0
829609,0
829610,0
829611,0
829612,0
829613,0
829614,0
829615,0
829616,0
829617,32
829618,0
829619,0
829620,0
829621,28
829622,40
829623,0
829624,45
829625,0
829626,27
829627,0
829628,44
829629,0
829630,0
829631,0
829632,0
829633,0
829634,0
829635,0
829636,0
829637,0
829638,0
829639,0
829640,0
829641,0
829642,0
829643,0
829644,0
829645,0
829646,0
829647,0
829648,46
829649,0
829650,0
829651,0
829652,0
829653,0
829654,0
829655,0
829656,0
829657,0
829658,0
829659,0
829660,0
829661,0
829662,0
829663,0
829664,0
829665,0
829666,0
829667,0
829668,0
829669,0
829670,0
829671,0
829672,40
829673,0
829674,0
829675,0
829676,0
829677,0
829678,0
829679,0
829680,0
829681,0
829682,0
829683,0
829684,20
829685,0
829686,0
829687,0
829688,0
829689,0
829690,0
829691,46
829692,41
829693,0
829694,0
829695,0
829696,0
829697,0
829698,0
829699,0
829700,31
829701,0
829702,0
829703,0
829704,34
829705,0
829706,0
829707,0
829708,0
829709,0
829710,36
829711,0
829712,0
829713,31
829714,0
829715,0
829716,0
829717,0
829718,0
829719,0
829720,0
829721,0
829722,0
829723,0
829724,0
829725,30
829726,0
829727,28
829728,0
829729,19
829730,0
829731,0
829732,0
829733,0
829734,0
829735,0
829736,0
829737,0
829738,0
829739,0
829740,0
829741,0
829742,0
829743,0
829744,37
829745,27
829746,0
829747,0
829748,0
829749,0
829750,0
829751,0
829752,0
829753,0
829754,0
829755,0
829756,0
829757,0
829758,0
829759,0
829760,0
829761,0
829762,0
829763,31
829764,0
829765,0
829766,0
829767,0
829768,36
829769,0
829770,0
829771,0
829772,0
829773,50
829774,0
829775,56
829776,36
829777,0
829778,0
829779,0
829780,0
829781,0
829782,41
829783,48
829784,0
829785,0
829786,0
829787,0
829788,0
829789,0
829790,0
829791,0
829792,0
829793,0
829794,0
829795,0
829796,0
829797,26
829798,0
829799,0
829800,0
829801,33
829802,0
829803,0
829804,0
829805,0
829806,0
829807,38
829808,0
829809,0
829810,0
829811,0
829812,0
829813,26
829814,0
829815,0
829816,0
829817,50
829818,27
829819,0
829820,0
829821,0
829822,0
829823,0
829824,0
829825,31
829826,0
829827,44
829828,23
829829,0
829830,0
829831,0
829832,0
829833,0
829834,0
829835,0
829836,0
829837,0
829838,44
829839,0
829840,0
829841,0
829842,0
829843,0
829844,0
829845,0
829846,0
829847,0
829848,0
829849,47
829850,0
829851,0
829852,46
829853,0
829854,0
829855,0
829856,0
829857,23
829858,0
829859,0
829860,42
829861,0
829862,0
829863,0
829864,0
829865,0
829866,0
829867,0
829868,0
829869,0
829870,0
829871,0
829872,0
829873,0
829874,0
829875,0
829876,32
829877,0
829878,0
829879,0
829880,0
829881,0
829882,0
829883,0
829884,0
829885,0
829886,0
829887,0
829888,0
829889,0
829890,0
829891,31
829892,0
829893,0
829894,0
829895,0
829896,0
829897,0
829898,0
829899,0
829900,0
829901,16
829902,0
829903,0
829904,0
829905,0
829906,0
829907,0
829908,0
829909,14
829910,0
829911,0
829912,0
829913,0
829914,0
829915,10
829916,5
829917,0
829918,0
829919,0
829920,0
829921,17
829922,0
829923,0
829924,0
829925,11
829926,0
829927,0
829928,0
829929,0
829930,0
829931,0
829932,0
829933,0
829934,0
829935,0
829936,0
829937,0
829938,0
829939,0
829940,0
829941,0
829942,0
829943,0
829944,0
829945,0
829946,0
829947,0
829948,0
829949,0
829950,0
829951,0
829952,0
829953,0
829954,0
829955,0
829956,0
829957,9
829958,0
829959,0
829960,4
829961,0
829962,11
829963,0
829964,0
829965,0
829966,0
829967,0
829968,0
829969,0
829970,0
829971,0
829972,5
829973,0
829974,0
829975,0
829976,0
829977,13
829978,0
829979,0
829980,0
829981,0
829982,0
829983,12
829984,0
829985,0
829986,0
829987,0
829988,0
829989,0
829990,0
829991,0
829992,0
829993,0
829994,0
829995,0
829996,0
829997,0
829998,0
829999,0
830000,0
830001,0
830002,0
830003,0
830004,0
830005,0
830006,0
830007,0
830008,0
830009,0
830010,0
830011,13
830012,0
830013,0
830014,0
830015,0
830016,0
830017,0
830018,14
830019,0
830020,0
830021,0
830022,0
830023,0
830024,0
830025,0
830026,0
830027,0
830028,0
830029,0
830030,0
830031,0
830032,0
830033,0
830034,0
830035,16
830036,12
830037,0
830038,0
830039,0
830040,0
830041,0
830042,0
830043,6
830044,0
830045,0
830046,0
830047,0
830048,0
830049,0
830050,0
830051,0
830052,0
830053,0
830054,0
830055,0
830056,0
830057,0
830058,0
830059,0
830060,0
830061,0
830062,0
830063,0
830064,0
830065,0
830066,6
830067,0
830068,0
830069,0
830070,0
830071,0
830072,0
830073,0
830074,0
830075,0
830076,0
830077,0
830078,0
830079,0
830080,0
830081,0
830082,0
830083,0
830084,0
830085,0
830086,0
830087,0
830088,0
830089,0
830090,0
830091,0
830092,0
830093,0
830094,0
830095,0
830096,0
830097,0
830098,0
830099,0
830100,0
830101,0
830102,0
830103,0
830104,0
830105,0
830106,0
830107,0
830108,0
830109,0
830110,0
830111,0
830112,0
830113,0
830114,0
830115,0
830116,0
830117,0
830118,0
830119,0
830120,17
830121,0
830122,0
830123,0
830124,15
830125,0
830126,0
830127,20
830128,0
830129,0
830130,0
830131,0
830132,0
830133,0
830134,0
830135,0
830136,0
830137,18
830138,0
830139,0
830140,0
830141,0
830142,0
830143,0
830144,0
830145,12
830146,0
830147,0
830148,0
830149,0
830150,0
830151,0
830152,0
830153,0
830154,0
830155,0
830156,0
830157,0
830158,11
830159,0
830160,4
830161,0
830162,0
830163,0
830164,0
830165,15
830166,0
830167,0
830168,0
830169,0
830170,0
830171,0
830172,0
830173,0
830174,0
830175,0
830176,0
830177,0
830178,13
830179,7
830180,0
830181,0
830182,5
830183,0
830184,0
830185,0
830186,0
830187,0
830188,0
830189,0
830190,0
830191,0
830192,0
830193,0
830194,0
830195,0
830196,0
830197,0
830198,0
830199,0
830200,0
830201,0
830202,0
830203,0
830204,0
830205,0
830206,0
830207,0
830208,0
830209,0
830210,0
830211,0
830212,0
830213,0
830214,0
830215,0
830216,0
830217,0
830218,0
830219,0
830220,0
830221,0
830222,0
830223,0
830224,0
830225,0
830226,0
830227,0
830228,0
830229,0
830230,0
830231,0
830232,0
830233,0
830234,0
830235,0
830236,0
830237,0
830238,0
830239,0
830240,0
830241,0
830242,12
830243,0
830244,11
830245,0
830246,0
830247,0
830248,0
830249,0
830250,12
830251,0
830252,0
830253,0
830254,0
830255,0
830256,0
830257,0
830258,0
830259,0
830260,0
830261,0
830262,0
830263,0
830264,15
830265,0
830266,0
830267,0
830268,10
830269,0
830270,0
830271,0
830272,0
830273,0
830274,0
830275,0
830276,0
830277,0
830278,0
830279,0
830280,0
830281,0
830282,17
830283,0
830284,0
830285,0
830286,0
830287,0
830288,0
830289,0
830290,0
830291,0
830292,0
830293,0
830294,6
830295,0
830296,0
830297,0
830298,0
830299,0
830300,9
830301,0
830302,0
830303,0
830304,0
830305,0
830306,0
830307,0
830308,0
830309,0
830310,0
830311,0
830312,0
830313,0
830314,0
830315,0
830316,0
830317,0
830318,0
830319,0
830320,0
830321,0
830322,0
830323,0
830324,0
830325,0
830326,0
830327,0
830328,0
830329,0
830330,0
830331,0
830332,0
830333,0
830334,0
830335,0
830336,0
830337,16
830338,0
830339,0
830340,0
830341,19
830342,0
830343,0
830344,0
830345,0
830346,0
830347,0
830348,0
830349,0
830350,0
830351,0
830352,0
830353,0
830354,9
830355,0
830356,0
830357,17
830358,0
830359,0
830360,0
830361,0
830362,0
830363,0
830364,0
830365,0
830366,0
830367,0
830368,0
830369,0
830370,0
830371,0
830372,0
830373,0
830374,0
830375,0
830376,0
830377,0
830378,0
830379,0
830380,0
830381,8
830382,0
830383,0
830384,0
830385,0
830386,0
830387,0
830388,0
830389,0
830390,0
830391,0
830392,0
830393,0
830394,0
830395,0
830396,0
830397,0
830398,0
830399,0
830400,0
830401,0
830402,0
830403,0
830404,0
830405,0
830406,0
830407,0
830408,0
830409,0
830410,0
830411,0
830412,0
830413,0
830414,0
830415,0
830416,0
830417,0
830418,0
830419,0
830420,0
830421,0
830422,0
830423,0
830424,0
830425,16
830426,0
830427,4
830428,0
830429,0
830430,0
830431,0
830432,8
830433,0
830434,0
830435,0
830436,0
830437,0
830438,15
830439,0
830440,8
830441,0
830442,0
830443,0
830444,0
830445,0
830446,0
830447,10
830448,0
830449,0
830450,0
830451,0
830452,10
830453,0
830454,0
830455,0
830456,0
830457,0
830458,0
830459,6
830460,0
830461,0
830462,0
830463,0
830464,0
830465,0
830466,0
830467,24
830468,11
830469,0
830470,0
830471,0
830472,0
830473,0
830474,9
830475,0
830476,0
830477,0
830478,0
830479,0
830480,0
830481,0
830482,0
830483,0
830484,0
830485,0
830486,0
830487,0
830488,0
830489,0
830490,0
830491,15
830492,0
830493,0
830494,0
830495,0
830496,0
830497,0
830498,0
830499,0
830500,0
830501,0
830502,0
830503,0
830504,0
830505,0
830506,0
830507,8
830508,0
830509,0
830510,0
830511,0
830512,0
830513,0
830514,0
830515,0
830516,0
830517,0
830518,0
830519,0
830520,0
830521,12
830522,0
830523,0
830524,0
830525,0
830526,0
830527,0
830528,0
830529,0
830530,0
830531,0
830532,0
830533,0
830534,0
830535,0
830536,0
830537,0
830538,0
830539,7
830540,13
830541,0
830542,0
830543,0
830544,0
830545,0
830546,0
830547,0
830548,0
830549,0
830550,0
830551,14
830552,0
830553,0
830554,0
830555,0
830556,0
830557,0
830558,0
830559,14
830560,0
830561,0
830562,0
830563,0
830564,0
830565,0
830566,0
830567,0
830568,0
830569,0
830570,0
830571,9
830572,0
830573,0
830574,0
830575,0
830576,0
830577,0
830578,0
830579,17
830580,0
830581,0
830582,0
830583,0
830584,0
830585,0
830586,0
830587,0
830588,0
830589,0
830590,0
830591,0
830592,8
830593,0
830594,0
830595,0
830596,0
830597,4
830598,4
830599,6
830600,0
830601,0
830602,0
830603,0
830604,0
830605,3
830606,0
830607,0
830608,0
830609,0
830610,12
830611,9
830612,0
830613,0
830614,6
830615,0
830616,0
830617,0
830618,10
830619,0
830620,0
830621,1
830622,5
830623,0
830624,4
830625,7
830626,0
830627,5
830628,0
830629,0
830630,0
830631,6
830632,0
830633,12
830634,0
830635,0
830636,0
830637,11
830638,0
830639,0
830640,0
830641,0
830642,0
830643,0
830644,0
830645,5
830646,0
830647,0
830648,0
830649,0
830650,0
830651,8
830652,6
830653,11
830654,0
830655,0
830656,0
830657,0
830658,0
830659,0
830660,15
830661,0
830662,0
830663,0
830664,0
830665,0
830666,0
830667,0
830668,0
830669,0
830670,0
830671,2
830672,0
830673,9
830674,5
830675,0
830676,0
830677,0
830678,0
830679,0
830680,0
830681,0
830682,6
830683,8
830684,8
830685,8
830686,0
830687,0
830688,0
830689,0
830690,2
830691,0
830692,0
830693,0
830694,0
830695,0
830696,0
830697,0
830698,0
830699,0
830700,0
830701,6
830702,1
830703,11
830704,0
830705,0
830706,1
830707,6
830708,0
830709,0
830710,5
830711,0
830712,0
830713,0
830714,3
830715,0
830716,0
830717,0
830718,11
830719,0
830720,0
830721,7
830722,3
830723,0
830724,0
830725,0
830726,6
830727,6
830728,0
830729,5
830730,0
830731,0
830732,0
830733,0
830734,0
830735,3
830736,5
830737,0
830738,3
830739,8
830740,0
830741,0
830742,5
830743,0
830744,0
830745,7
830746,0
830747,6
830748,0
830749,0
830750,0
830751,0
830752,0
830753,0
830754,0
830755,0
830756,0
830757,0
830758,0
830759,0
830760,4
830761,0
830762,0
830763,8
830764,6
830765,0
830766,0
830767,3
830768,0
830769,0
830770,5
830771,0
830772,0
830773,0
830774,3
830775,5
830776,0
830777,0
830778,0
830779,0
830780,0
830781,0
830782,5
830783,0
830784,0
830785,0
830786,0
830787,2
830788,6
830789,0
830790,0
830791,0
830792,0
830793,0
830794,5
830795,0
830796,0
830797,9
830798,10
830799,0
830800,0
830801,2
830802,3
830803,8
830804,6
830805,6
830806,0
830807,1
830808,0
830809,0
830810,2
830811,0
830812,6
830813,0
830814,0
830815,0
830816,0
830817,0
830818,0
830819,0
830820,0
830821,0
830822,8
830823,0
830824,0
830825,0
830826,11
830827,1
830828,0
830829,0
830830,9
830831,5
830832,10
830833,11
830834,14
830835,4
830836,9
830837,0
830838,0
830839,0
830840,0
830841,5
830842,4
830843,0
830844,0
830845,0
830846,0
830847,0
830848,0
830849,0
830850,0
830851,0
830852,0
830853,0
830854,0
830855,0
830856,8
830857,0
830858,7
830859,0
830860,0
830861,0
830862,8
830863,0
830864,0
830865,0
830866,0
830867,0
830868,0
830869,0
830870,5
830871,0
830872,0
830873,0
830874,6
830875,0
830876,0
830877,0
830878,0
830879,0
830880,0
830881,3
830882,0
830883,7
830884,0
830885,0
830886,0
830887,0
830888,0
830889,0
830890,0
830891,12
830892,0
830893,0
830894,0
830895,0
830896,0
830897,6
830898,1
830899,0
830900,0
830901,0
830902,0
830903,0
830904,0
830905,0
830906,0
830907,7
830908,6
830909,0
830910,0
830911,0
830912,4
830913,0
830914,1
830915,0
830916,0
830917,7
830918,0
830919,4
830920,0
830921,0
830922,0
830923,0
830924,0
830925,4
830926,5
830927,0
830928,0
830929,0
830930,0
830931,0
830932,0
830933,0
830934,4
830935,5
830936,4
830937,0
830938,0
830939,7
830940,0
830941,0
830942,0
830943,4
830944,0
830945,0
830946,0
830947,0
830948,0
830949,0
830950,0
830951,7
830952,0
830953,3
830954,0
830955,0
830956,0
830957,4
830958,0
830959,0
830960,0
830961,4
830962,5
830963,0
830964,5
830965,0
830966,10
830967,0
830968,0
830969,0
830970,0
830971,0
830972,0
830973,0
830974,0
830975,11
830976,7
830977,4
830978,0
830979,0
830980,5
830981,0
830982,0
830983,3
830984,6
830985,1
830986,0
830987,5
830988,0
830989,0
830990,4
830991,0
830992,10
830993,0
830994,0
830995,0
830996,0
830997,0
830998,0
830999,0
831000,0
831001,0
831002,0
831003,7
831004,0
831005,0
831006,0
831007,0
831008,0
831009,0
831010,0
831011,5
831012,0
831013,6
831014,0
831015,0
831016,0
831017,0
831018,0
831019,0
831020,0
831021,0
831022,5
831023,0
831024,0
831025,0
831026,0
831027,0
831028,0
831029,0
831030,4
831031,7
831032,0
831033,4
831034,0
831035,0
831036,8
831037,0
831038,0
831039,0
831040,0
831041,0
831042,5
831043,0
831044,0
831045,3
831046,0
831047,0
831048,0
831049,0
831050,8
831051,0
831052,0
831053,5
831054,0
831055,0
831056,6
831057,0
831058,7
831059,0
831060,0
831061,0
831062,5
831063,0
831064,0
831065,0
831066,0
831067,0
831068,0
831069,7
831070,3
831071,0
831072,0
831073,1
831074,0
831075,7
831076,0
831077,0
831078,2
831079,0
831080,5
831081,0
831082,0
831083,0
831084,0
831085,4
831086,0
831087,0
831088,0
831089,9
831090,0
831091,0
831092,0
831093,0
831094,0
831095,0
831096,5
831097,0
831098,0
831099,0
831100,0
831101,0
831102,0
831103,5
831104,5
831105,3
831106,0
831107,0
831108,5
831109,0
831110,7
831111,0
831112,0
831113,0
831114,5
831115,0
831116,0
831117,0
831118,0
831119,3
831120,0
831121,7
831122,11
831123,0
831124,7
831125,0
831126,0
831127,0
831128,0
831129,6
831130,0
831131,0
831132,0
831133,0
831134,9
831135,12
831136,8
831137,0
831138,0
831139,0
831140,6
831141,0
831142,0
831143,0
831144,0
831145,0
831146,8
831147,0
831148,0
831149,0
831150,0
831151,0
831152,7
831153,0
831154,5
831155,0
831156,2
831157,4
831158,0
831159,0
831160,7
831161,0
831162,0
831163,0
831164,0
831165,7
831166,0
831167,6
831168,0
831169,0
831170,7
831171,0
831172,0
831173,0
831174,0
831175,0
831176,0
831177,0
831178,0
831179,5
831180,0
831181,3
831182,9
831183,0
831184,0
831185,0
831186,7
831187,0
831188,0
831189,5
831190,0
831191,0
831192,2
831193,0
831194,0
831195,6
831196,0
831197,0
831198,9
831199,0
831200,6
831201,0
831202,0
831203,5
831204,0
831205,7
831206,0
831207,0
831208,0
831209,0
831210,0
831211,0
831212,0
831213,0
831214,0
831215,0
831216,0
831217,0
831218,0
831219,0
831220,0
831221,0
831222,0
831223,0
831224,0
831225,0
831226,0
831227,20
831228,0
831229,27
831230,0
831231,0
831232,0
831233,0
831234,0
831235,0
831236,48
831237,0
831238,43
831239,0
831240,0
831241,22
831242,0
831243,0
831244,33
831245,0
831246,0
831247,0
831248,12
831249,0
831250,0
831251,0
831252,0
831253,0
831254,0
831255,0
831256,0
831257,33
831258,31
831259,0
831260,0
831261,0
831262,0
831263,0
831264,0
831265,0
831266,0
831267,0
831268,0
831269,0
831270,0
831271,0
831272,0
831273,0
831274,0
831275,0
831276,16
831277,0
831278,0
831279,0
831280,0
831281,0
831282,0
831283,0
831284,35
831285,0
831286,0
831287,0
831288,0
831289,0
831290,52
831291,0
831292,30
831293,0
831294,0
831295,0
831296,0
831297,0
831298,37
831299,0
831300,0
831301,18
831302,0
831303,0
831304,0
831305,0
831306,0
831307,0
831308,0
831309,0
831310,0
831311,0
831312,0
831313,0
831314,32
831315,0
831316,0
831317,35
831318,0
831319,0
831320,0
831321,28
831322,0
831323,0
831324,34
831325,0
831326,0
831327,31
831328,0
831329,0
831330,0
831331,0
831332,28
831333,0
831334,0
831335,0
831336,0
831337,0
831338,0
831339,0
831340,20
831341,0
831342,0
831343,0
831344,19
831345,25
831346,0
831347,0
831348,0
831349,25
831350,0
831351,21
831352,0
831353,0
831354,0
831355,0
831356,0
831357,0
831358,0
831359,0
831360,0
831361,0
831362,0
831363,28
831364,0
831365,0
831366,47
831367,0
831368,0
831369,0
831370,30
831371,0
831372,0
831373,0
831374,0
831375,0
831376,0
831377,0
831378,0
831379,0
831380,0
831381,0
831382,0
831383,0
831384,0
831385,0
831386,23
831387,0
831388,0
831389,0
831390,21
831391,0
831392,0
831393,0
831394,0
831395,0
831396,21
831397,0
831398,37
831399,0
831400,28
831401,0
831402,35
831403,0
831404,29
831405,0
831406,0
831407,0
831408,0
831409,0
831410,0
831411,33
831412,0
831413,0
831414,0
831415,0
831416,0
831417,0
831418,0
831419,0
831420,31
831421,0
831422,0
831423,0
831424,0
831425,0
831426,0
831427,0
831428,0
831429,34
831430,0
831431,0
831432,0
831433,18
831434,0
831435,0
831436,25
831437,0
831438,0
831439,0
831440,0
831441,0
831442,0
831443,27
831444,0
831445,20
831446,0
831447,0
831448,0
831449,0
831450,0
831451,0
831452,0
831453,33
831454,0
831455,0
831456,28
831457,0
831458,0
831459,0
831460,0
831461,0
831462,0
831463,35
831464,0
831465,0
831466,0
831467,0
831468,0
831469,0
831470,0
831471,0
831472,0
831473,0
831474,34
831475,0
831476,0
831477,0
831478,30
831479,0
831480,0
831481,0
831482,0
831483,30
831484,0
831485,0
831486,0
831487,0
831488,0
831489,0
831490,0
831491,0
831492,0
831493,0
831494,0
831495,0
831496,0
831497,0
831498,0
831499,0
831500,0
831501,0
831502,0
831503,0
831504,0
831505,0
831506,0
831507,0
831508,0
831509,0
831510,0
831511,0
831512,0
831513,0
831514,0
831515,26
831516,0
831517,0
831518,21
831519,0
831520,26
831521,44
831522,0
831523,0
831524,0
831525,0
831526,0
831527,0
831528,30
831529,0
831530,0
831531,0
831532,0
831533,0
831534,0
831535,0
831536,0
831537,0
831538,0
831539,0
831540,0
831541,0
831542,0
831543,54
831544,0
831545,0
831546,0
831547,0
831548,0
831549,0
831550,0
831551,0
831552,0
831553,0
831554,0
831555,0
831556,0
831557,0
831558,0
831559,0
831560,0
831561,0
831562,0
831563,0
831564,0
831565,0
831566,0
831567,0
831568,0
831569,0
831570,0
831571,0
831572,0
831573,0
831574,0
831575,0
831576,0
831577,0
831578,0
831579,0
831580,0
831581,0
831582,0
831583,0
831584,0
831585,0
831586,40
831587,0
831588,30
831589,0
831590,37
831591,0
831592,0
831593,0
831594,0
831595,0
831596,0
831597,0
831598,0
831599,0
831600,43
831601,34
831602,0
831603,0
831604,0
831605,0
831606,0
831607,0
831608,19
831609,0
831610,0
831611,0
831612,0
831613,43
831614,0
831615,0
831616,0
831617,0
831618,0
831619,0
831620,0
831621,0
831622,0
831623,0
831624,0
831625,0
831626,0
831627,27
831628,10
831629,0
831630,0
831631,0
831632,0
831633,0
831634,29
831635,0
831636,0
831637,0
831638,0
831639,0
831640,0
831641,0
831642,0
831643,0
831644,0
831645,0
831646,0
831647,0
831648,0
831649,0
831650,0
831651,0
831652,0
831653,0
831654,0
831655,0
831656,0
831657,0
831658,0
831659,0
831660,0
831661,0
831662,25
831663,0
831664,0
831665,0
831666,0
831667,0
831668,33
831669,0
831670,0
831671,0
831672,0
831673,17
831674,0
831675,0
831676,0
831677,0
831678,0
831679,0
831680,0
831681,0
831682,0
831683,0
831684,0
831685,0
831686,0
831687,0
831688,0
831689,0
831690,0
831691,0
831692,0
831693,0
831694,0
831695,0
831696,0
831697,0
831698,0
831699,0
831700,0
831701,0
831702,0
831703,0
831704,0
831705,0
831706,0
831707,0
831708,0
831709,0
831710,0
831711,0
831712,0
831713,0
831714,0
831715,0
831716,0
831717,0
831718,0
831719,0
831720,0
831721,0
831722,25
831723,0
831724,0
831725,0
831726,0
831727,29
831728,0
831729,0
831730,0
831731,0
831732,0
831733,0
831734,49
831735,0
831736,45
831737,0
831738,0
831739,0
831740,32
831741,0
831742,28
831743,0
831744,0
831745,0
831746,0
831747,0
831748,0
831749,0
831750,33
831751,0
831752,0
831753,0
831754,0
831755,0
831756,0
831757,0
831758,0
831759,0
831760,0
831761,0
831762,0
831763,0
831764,34
831765,0
831766,0
831767,0
831768,0
831769,0
831770,0
831771,0
831772,35
831773,0
831774,28
831775,0
831776,26
831777,0
831778,0
831779,0
831780,30
831781,0
831782,0
831783,0
831784,0
831785,0
831786,0
831787,0
831788,0
831789,0
831790,0
831791,41
831792,0
831793,0
831794,0
831795,0
831796,0
831797,0
831798,0
831799,0
831800,0
831801,0
831802,0
831803,0
831804,0
831805,0
831806,31
831807,0
831808,0
831809,0
831810,0
831811,0
831812,0
831813,0
831814,0
831815,0
831816,21
831817,0
831818,0
831819,0
831820,0
831821,0
831822,31
831823,0
831824,0
831825,0
831826,0
831827,0
831828,0
831829,0
831830,0
831831,0
831832,0
831833,0
831834,0
831835,0
831836,0
831837,0
831838,0
831839,26
831840,0
831841,0
831842,0
831843,0
831844,0
831845,0
831846,0
831847,0
831848,0
831849,0
831850,0
831851,0
831852,0
831853,0
831854,0
831855,0
831856,34
831857,0
831858,0
831859,0
831860,0
831861,0
831862,0
831863,0
831864,0
831865,0
831866,43
831867,0
831868,0
831869,0
831870,0
831871,17
831872,0
831873,0
831874,0
831875,0
831876,0
831877,0
831878,0
831879,0
831880,0
831881,0
831882,0
831883,0
831884,0
831885,0
831886,0
831887,51
831888,0
831889,0
831890,0
831891,46
831892,0
831893,34
831894,0
831895,0
831896,37
831897,0
831898,24
831899,0
831900,0
831901,0
831902,0
831903,0
831904,0
831905,19
831906,0
831907,0
831908,0
831909,0
831910,0
831911,0
831912,27
831913,0
831914,0
831915,0
831916,0
831917,0
831918,0
831919,0
831920,0
831921,0
831922,0
831923,0
831924,0
831925,0
831926,0
831927,0
831928,0
831929,0
831930,34
831931,0
831932,0
831933,0
831934,0
831935,0
831936,0
831937,0
831938,0
831939,0
831940,0
831941,0
831942,0
831943,0
831944,0
831945,38
831946,0
831947,0
831948,0
831949,0
831950,0
831951,25
831952,0
831953,0
831954,0
831955,0
831956,0
831957,41
831958,0
831959,0
831960,29
831961,0
831962,0
831963,29
831964,0
831965,0
831966,0
831967,0
831968,0
831969,0
831970,27
831971,0
831972,0
831973,0
831974,0
831975,0
831976,0
831977,0
831978,0
831979,0
831980,0
831981,0
831982,0
831983,0
831984,0
831985,0
831986,0
831987,0
831988,0
831989,0
831990,0
831991,0
831992,0
831993,0
831994,0
831995,0
831996,0
831997,0
831998,0
831999,0
832000,0
832001,0
832002,0
832003,42
832004,0
832005,0
832006,29
832007,0
832008,0
832009,0
832010,0
832011,0
832012,0
832013,0
832014,0
832015,0
832016,0
832017,0
832018,0
832019,0
832020,0
832021,43
832022,0
832023,0
832024,0
832025,0
832026,0
832027,0
832028,0
832029,0
832030,0
832031,0
832032,0
832033,0
832034,0
832035,0
832036,32
832037,0
832038,0
832039,0
832040,0
832041,26
832042,0
832043,0
832044,0
832045,0
832046,0
832047,0
832048,0
832049,0
832050,0
832051,0
832052,0
832053,28
832054,0
832055,34
832056,29
832057,0
832058,0
832059,0
832060,27
832061,0
832062,0
832063,0
832064,0
832065,0
832066,31
832067,0
832068,0
832069,33
832070,0
832071,0
832072,0
832073,0
832074,28
832075,0
832076,0
832077,0
832078,0
832079,0
832080,0
832081,22
832082,36
832083,25
832084,32
832085,0
832086,36
832087,0
832088,0
832089,0
832090,0
832091,0
832092,25
832093,0
832094,0
832095,0
832096,0
832097,0
832098,0
832099,0
832100,0
832101,0
832102,0
832103,41
832104,0
832105,0
832106,0
832107,0
832108,0
832109,0
832110,0
832111,0
832112,0
832113,0
832114,29
832115,0
832116,0
832117,0
832118,39
832119,0
832120,0
832121,0
832122,0
832123,0
832124,0
832125,0
832126,0
832127,0
832128,0
832129,0
832130,0
832131,0
832132,0
832133,0
832134,0
832135,0
832136,0
832137,0
832138,32
832139,0
832140,0
832141,0
832142,0
832143,0
832144,0
832145,0
832146,0
832147,0
832148,0
832149,0
832150,0
832151,0
832152,0
832153,0
832154,0
832155,0
832156,0
832157,0
832158,0
832159,0
832160,0
832161,0
832162,0
832163,0
832164,0
832165,0
832166,0
832167,0
832168,0
832169,0
832170,0
832171,0
832172,0
832173,0
832174,0
832175,0
832176,0
832177,0
832178,0
832179,0
832180,0
832181,0
832182,0
832183,0
832184,0
832185,0
832186,0
832187,0
832188,30
832189,0
832190,0
832191,0
832192,0
832193,0
832194,0
832195,26
832196,16
832197,0
832198,0
832199,0
832200,0
832201,5
832202,12
832203,24
832204,0
832205,10
832206,0
832207,0
832208,0
832209,17
832210,0
832211,0
832212,0
832213,25
832214,0
832215,25
832216,0
832217,0
832218,0
832219,0
832220,9
832221,0
832222,20
832223,0
832224,19
832225,0
832226,25
832227,0
832228,16
832229,0
832230,0
832231,0
832232,0
832233,0
832234,0
832235,0
832236,0
832237,36
832238,0
832239,18
832240,0
832241,10
832242,15
832243,0
832244,0
832245,0
832246,0
832247,0
832248,0
832249,10
832250,0
832251,0
832252,0
832253,0
832254,0
832255,9
832256,0
832257,0
832258,0
832259,22
832260,0
832261,19
832262,0
832263,0
832264,0
832265,21
832266,0
832267,0
832268,0
832269,0
832270,15
832271,0
832272,0
832273,34
832274,20
832275,0
832276,0
832277,0
832278,0
832279,22
832280,32
832281,0
832282,14
832283,0
832284,0
832285,14
832286,18
832287,0
832288,0
832289,0
832290,0
832291,14
832292,0
832293,24
832294,0
832295,0
832296,0
832297,0
832298,0
832299,23
832300,0
832301,0
832302,0
832303,0
832304,0
832305,0
832306,0
832307,0
832308,0
832309,19
832310,22
832311,24
832312,0
832313,0
832314,0
832315,0
832316,0
832317,0
832318,0
832319,20
832320,14
832321,14
832322,0
832323,0
832324,0
832325,0
832326,25
832327,0
832328,0
832329,0
832330,14
832331,25
832332,0
832333,0
832334,0
832335,0
832336,66
832337,0
832338,0
832339,0
832340,0
832341,0
832342,0
832343,0
832344,0
832345,22
832346,0
832347,0
832348,0
832349,0
832350,0
832351,25
832352,0
832353,0
832354,0
832355,0
832356,0
832357,0
832358,0
832359,0
832360,0
832361,0
832362,0
832363,0
832364,22
832365,0
832366,0
832367,0
832368,0
832369,15
832370,0
832371,0
832372,0
832373,30
832374,0
832375,0
832376,0
832377,0
832378,0
832379,0
832380,0
832381,0
832382,0
832383,16
832384,0
832385,15
832386,0
832387,17
832388,0
832389,0
832390,0
832391,0
832392,0
832393,31
832394,0
832395,13
832396,0
832397,0
832398,0
832399,0
832400,0
832401,0
832402,0
832403,14
832404,31
832405,25
832406,0
832407,0
832408,20
832409,0
832410,0
832411,0
832412,28
832413,0
832414,33
832415,0
832416,0
832417,0
832418,0
832419,0
832420,0
832421,0
832422,19
832423,0
832424,0
832425,12
832426,0
832427,0
832428,30
832429,10
832430,0
832431,0
832432,0
832433,0
832434,0
832435,0
832436,13
832437,0
832438,15
832439,0
832440,13
832441,0
832442,0
832443,0
832444,0
832445,0
832446,0
832447,0
832448,0
832449,0
832450,0
832451,0
832452,28
832453,0
832454,0
832455,0
832456,0
832457,0
832458,22
832459,0
832460,0
832461,0
832462,6
832463,0
832464,0
832465,0
832466,19
832467,0
832468,0
832469,9
832470,0
832471,0
832472,0
832473,0
832474,0
832475,0
832476,0
832477,15
832478,0
832479,0
832480,0
832481,0
832482,0
832483,0
832484,0
832485,0
832486,0
832487,0
832488,0
832489,0
832490,0
832491,0
832492,0
832493,0
832494,0
832495,0
832496,0
832497,0
832498,0
832499,0
832500,0
832501,0
832502,27
832503,0
832504,36
832505,0
832506,0
832507,12
832508,0
832509,0
832510,0
832511,0
832512,0
832513,0
832514,0
832515,0
832516,28
832517,0
832518,0
832519,0
832520,0
832521,0
832522,0
832523,21
832524,23
832525,0
832526,0
832527,0
832528,0
832529,0
832530,0
832531,0
832532,21
832533,0
832534,0
832535,0
832536,23
832537,0
832538,0
832539,20
832540,0
832541,0
832542,0
832543,30
832544,0
832545,0
832546,0
832547,0
832548,0
832549,28
832550,24
832551,0
832552,0
832553,24
832554,0
832555,13
832556,0
832557,0
832558,0
832559,0
832560,20
832561,0
832562,0
832563,31
832564,0
832565,0
832566,0
832567,0
832568,23
832569,0
832570,18
832571,13
832572,0
832573,0
832574,17
832575,0
832576,0
832577,0
832578,0
832579,9
832580,0
832581,0
832582,0
832583,0
832584,0
832585,0
832586,20
832587,18
832588,0
832589,0
832590,0
832591,10
832592,0
832593,55
832594,0
832595,0
832596,0
832597,0
832598,0
832599,0
832600,0
832601,0
832602,31
832603,0
832604,14
832605,15
832606,25
832607,48
832608,0
832609,0
832610,0
832611,21
832612,0
832613,0
832614,0
832615,0
832616,0
832617,0
832618,17
832619,0
832620,26
832621,0
832622,0
832623,0
832624,0
832625,25
832626,0
832627,0
832628,0
832629,0
832630,0
832631,0
832632,0
832633,23
832634,0
832635,0
832636,16
832637,15
832638,0
832639,15
832640,0
832641,25
832642,0
832643,0
832644,0
832645,0
832646,19
832647,0
832648,0
832649,0
832650,0
832651,0
832652,0
832653,0
832654,26
832655,0
832656,0
832657,0
832658,0
832659,0
832660,28
832661,22
832662,0
832663,0
832664,0
832665,0
832666,0
832667,25
832668,13
832669,0
832670,0
832671,27
832672,0
832673,0
832674,0
832675,0
832676,0
832677,0
832678,0
832679,0
832680,0
832681,0
832682,0
832683,0
832684,0
832685,19
832686,0
832687,0
832688,30
832689,0
832690,0
832691,0
832692,0
832693,0
832694,0
832695,0
832696,0
832697,0
832698,15
832699,0
832700,0
832701,0
832702,0
832703,0
832704,18
832705,0
832706,0
832707,0
832708,0
832709,21
832710,0
832711,0
832712,26
832713,0
832714,0
832715,0
832716,0
832717,23
832718,0
832719,0
832720,20
832721,0
832722,0
832723,0
832724,0
832725,40
832726,0
832727,9
832728,0
832729,0
832730,0
832731,0
832732,29
832733,0
832734,0
832735,0
832736,0
832737,0
832738,0
832739,0
832740,30
832741,24
832742,0
832743,0
832744,0
832745,0
832746,0
832747,0
832748,0
832749,0
832750,11
832751,0
832752,15
832753,12
832754,0
832755,0
832756,0
832757,0
832758,23
832759,0
832760,0
832761,0
832762,0
832763,0
832764,17
832765,26
832766,0
832767,0
832768,0
832769,0
832770,0
832771,27
832772,30
832773,0
832774,0
832775,0
832776,26
832777,12
832778,0
832779,8
832780,0
832781,0
832782,0
832783,38
832784,0
832785,0
832786,0
832787,21
832788,0
832789,19
832790,0
832791,9
832792,0
832793,32
832794,25
832795,0
832796,0
832797,33
832798,0
832799,0
832800,0
832801,0
832802,0
832803,0
832804,0
832805,0
832806,0
832807,16
832808,40
832809,0
832810,0
832811,18
832812,0
832813,0
832814,0
832815,0
832816,13
832817,0
832818,15
832819,24
832820,24
832821,15
832822,0
832823,0
832824,0
832825,0
832826,0
832827,0
832828,0
832829,0
832830,0
832831,0
832832,0
832833,22
832834,0
832835,0
832836,13
832837,0
832838,31
832839,22
832840,0
832841,0
832842,11
832843,0
832844,0
832845,0
832846,0
832847,0
832848,0
832849,18
832850,0
832851,0
832852,0
832853,27
832854,0
832855,21
832856,27
832857,0
832858,0
832859,18
832860,0
832861,0
832862,0
832863,19
832864,20
832865,0
832866,0
832867,12
832868,0
832869,17
832870,0
832871,30
832872,0
832873,0
832874,0
832875,0
832876,0
832877,0
832878,0
832879,0
832880,0
832881,0
832882,0
832883,0
832884,0
832885,16
832886,0
832887,0
832888,17
832889,0
832890,0
832891,40
832892,14
832893,0
832894,19
832895,0
832896,0
832897,0
832898,0
832899,27
832900,0
832901,32
832902,0
832903,0
832904,16
832905,0
832906,0
832907,0
832908,0
832909,32
832910,0
832911,0
832912,0
832913,0
832914,0
832915,0
832916,16
832917,0
832918,24
832919,0
832920,0
832921,0
832922,0
832923,0
832924,0
832925,0
832926,0
832927,0
832928,0
832929,0
832930,0
832931,0
832932,0
832933,0
832934,0
832935,0
832936,0
832937,0
832938,0
832939,0
832940,0
832941,0
832942,0
832943,0
832944,0
832945,0
832946,0
832947,0
832948,0
832949,0
832950,0
832951,0
832952,0
832953,0
832954,0
832955,0
832956,0
832957,0
832958,0
832959,0
832960,0
832961,0
832962,0
832963,0
832964,0
832965,0
832966,0
832967,0
832968,0
832969,0
832970,0
832971,0
832972,0
832973,0
832974,0
832975,0
832976,0
832977,0
832978,0
832979,0
832980,0
832981,0
832982,0
832983,0
832984,0
832985,0
832986,0
832987,0
832988,0
832989,0
832990,0
832991,0
832992,0
832993,0
832994,0
832995,0
832996,0
832997,0
832998,0
832999,0
833000,0
833001,0
833002,0
833003,0
833004,0
833005,0
833006,0
833007,0
833008,0
833009,0
833010,0
833011,0
833012,0
833013,0
833014,0
833015,0
833016,0
833017,0
833018,0
833019,0
833020,0
833021,0
833022,0
833023,0
833024,0
833025,0
833026,0
833027,0
833028,0
833029,0
833030,0
833031,0
833032,0
833033,0
833034,0
833035,0
833036,0
833037,0
833038,0
833039,0
833040,0
833041,0
833042,0
833043,0
833044,0
833045,0
833046,0
833047,0
833048,0
833049,0
833050,0
833051,0
833052,0
833053,0
833054,0
833055,0
833056,0
833057,0
833058,0
833059,0
833060,0
833061,0
833062,0
833063,0
833064,0
833065,0
833066,0
833067,0
833068,0
833069,0
833070,0
833071,0
833072,0
833073,0
833074,0
833075,0
833076,0
833077,0
833078,0
833079,0
833080,0
833081,0
833082,0
833083,0
833084,0
833085,0
833086,0
833087,0
833088,0
833089,0
833090,0
833091,0
833092,0
833093,0
833094,0
833095,0
833096,0
833097,0
833098,0
833099,0
833100,0
833101,0
833102,0
833103,0
833104,0
833105,0
833106,0
833107,0
833108,0
833109,0
833110,0
833111,0
833112,0
833113,0
833114,0
833115,0
833116,0
833117,0
833118,0
833119,0
833120,0
833121,0
833122,0
833123,0
833124,0
833125,0
833126,0
833127,0
833128,0
833129,0
833130,0
833131,0
833132,0
833133,0
833134,0
833135,0
833136,0
833137,0
833138,0
833139,0
833140,0
833141,0
833142,0
833143,0
833144,0
833145,0
833146,0
833147,0
833148,0
833149,0
833150,0
833151,0
833152,0
833153,0
833154,0
833155,0
833156,0
833157,0
833158,0
833159,0
833160,0
833161,0
833162,0
833163,0
833164,0
833165,0
833166,0
833167,0
833168,0
833169,0
833170,0
833171,0
833172,0
833173,0
833174,0
833175,0
833176,0
833177,0
833178,0
833179,0
833180,0
833181,0
833182,0
833183,0
833184,0
833185,0
833186,0
833187,0
833188,0
833189,0
833190,0
833191,0
833192,0
833193,0
833194,0
833195,0
833196,0
833197,0
833198,0
833199,0
833200,0
833201,0
833202,17
833203,0
833204,0
833205,14
833206,0
833207,0
833208,0
833209,0
833210,0
833211,0
833212,0
833213,0
833214,0
833215,0
833216,0
833217,0
833218,11
833219,0
833220,23
833221,0
833222,0
833223,0
833224,0
833225,0
833226,0
833227,0
833228,0
833229,0
833230,0
833231,0
833232,13
833233,0
833234,0
833235,0
833236,0
833237,0
833238,0
833239,0
833240,12
833241,0
833242,0
833243,0
833244,21
833245,0
833246,0
833247,0
833248,0
833249,16
833250,27
833251,0
833252,13
833253,0
833254,0
833255,29
833256,27
833257,0
833258,0
833259,0
833260,0
833261,0
833262,18
833263,0
833264,0
833265,13
833266,23
833267,0
833268,0
833269,0
833270,0
833271,19
833272,21
833273,0
833274,0
833275,20
833276,26
833277,0
833278,0
833279,0
833280,0
833281,0
833282,10
833283,25
833284,0
833285,0
833286,19
833287,0
833288,15
833289,0
833290,0
833291,15
833292,0
833293,0
833294,26
833295,0
833296,12
833297,0
833298,0
833299,18
833300,0
833301,0
833302,14
833303,0
833304,0
833305,15
833306,0
833307,0
833308,21
833309,0
833310,0
833311,0
833312,0
833313,0
833314,0
833315,0
833316,29
833317,0
833318,0
833319,0
833320,0
833321,0
833322,16
833323,0
833324,18
833325,22
833326,0
833327,0
833328,0
833329,0
833330,0
833331,0
833332,0
833333,0
833334,0
833335,17
833336,0
833337,0
833338,0
833339,0
833340,0
833341,0
833342,0
833343,0
833344,0
833345,0
833346,0
833347,0
833348,0
833349,0
833350,0
833351,0
833352,0
833353,0
833354,13
833355,0
833356,0
833357,0
833358,0
833359,0
833360,0
833361,0
833362,23
833363,0
833364,20
833365,0
833366,0
833367,0
833368,0
833369,27
833370,0
833371,0
833372,0
833373,31
833374,0
833375,0
833376,0
833377,0
833378,0
833379,0
833380,0
833381,19
833382,0
833383,0
833384,0
833385,0
833386,0
833387,0
833388,18
833389,0
833390,0
833391,0
833392,0
833393,0
833394,0
833395,0
833396,21
833397,0
833398,0
833399,0
833400,0
833401,0
833402,0
833403,0
833404,0
833405,0
833406,0
833407,0
833408,0
833409,0
833410,0
833411,0
833412,0
833413,0
833414,0
833415,0
833416,0
833417,0
833418,0
833419,0
833420,0
833421,0
833422,0
833423,0
833424,0
833425,0
833426,0
833427,0
833428,0
833429,0
833430,0
833431,0
833432,0
833433,0
833434,0
833435,0
833436,0
833437,0
833438,0
833439,0
833440,0
833441,0
833442,0
833443,0
833444,0
833445,0
833446,0
833447,0
833448,0
833449,0
833450,0
833451,0
833452,0
833453,0
833454,0
833455,0
833456,0
833457,0
833458,0
833459,0
833460,0
833461,0
833462,0
833463,0
833464,0
833465,0
833466,0
833467,0
833468,0
833469,0
833470,0
833471,0
833472,0
833473,0
833474,0
833475,0
833476,0
833477,0
833478,0
833479,0
833480,0
833481,0
833482,0
833483,0
833484,0
833485,0
833486,0
833487,0
833488,0
833489,0
833490,0
833491,0
833492,0
833493,0
833494,0
833495,0
833496,0
833497,0
833498,0
833499,0
833500,0
833501,0
833502,0
833503,0
833504,0
833505,0
833506,0
833507,0
833508,0
833509,0
833510,0
833511,0
833512,0
833513,0
833514,0
833515,0
833516,0
833517,0
833518,0
833519,0
833520,0
833521,0
833522,0
833523,0
833524,0
833525,0
833526,0
833527,0
833528,0
833529,0
833530,0
833531,0
833532,0
833533,0
833534,0
833535,0
833536,0
833537,0
833538,0
833539,0
833540,0
833541,0
833542,0
833543,0
833544,0
833545,0
833546,0
833547,0
833548,0
833549,0
833550,0
833551,0
833552,0
833553,0
833554,0
833555,0
833556,0
833557,0
833558,0
833559,0
833560,0
833561,0
833562,0
833563,0
833564,0
833565,0
833566,0
833567,0
833568,0
833569,0
833570,0
833571,0
833572,0
833573,0
833574,0
833575,0
833576,0
833577,0
833578,0
833579,0
833580,0
833581,0
833582,0
833583,0
833584,0
833585,0
833586,0
833587,31
833588,32
833589,0
833590,0
833591,0
833592,0
833593,30
833594,70
833595,42
833596,0
833597,0
833598,0
833599,0
833600,21
833601,0
833602,39
833603,0
833604,0
833605,35
833606,0
833607,46
833608,0
833609,31
833610,51
833611,0
833612,22
833613,0
833614,34
833615,0
833616,0
833617,0
833618,0
833619,0
833620,0
833621,0
833622,49
833623,23
833624,14
833625,33
833626,0
833627,0
833628,0
833629,0
833630,0
833631,0
833632,0
833633,25
833634,0
833635,0
833636,0
833637,0
833638,26
833639,0
833640,27
833641,0
833642,46
833643,0
833644,0
833645,0
833646,0
833647,0
833648,0
833649,31
833650,48
833651,0
833652,0
833653,0
833654,26
833655,0
833656,0
833657,39
833658,0
833659,0
833660,0
833661,0
833662,0
833663,42
833664,34
833665,0
833666,0
833667,0
833668,0
833669,27
833670,0
833671,0
833672,32
833673,0
833674,0
833675,0
833676,35
833677,48
833678,0
833679,0
833680,0
833681,35
833682,0
833683,33
833684,0
833685,47
833686,0
833687,0
833688,0
833689,0
833690,0
833691,0
833692,0
833693,31
833694,0
833695,0
833696,0
833697,37
833698,0
833699,0
833700,0
833701,0
833702,0
833703,0
833704,0
833705,53
833706,32
833707,0
833708,0
833709,0
833710,0
833711,0
833712,42
833713,0
833714,0
833715,0
833716,49
833717,46
833718,0
833719,0
833720,0
833721,0
833722,0
833723,0
833724,0
833725,0
833726,0
833727,0
833728,27
833729,0
833730,0
833731,0
833732,24
833733,0
833734,0
833735,44
833736,0
833737,0
833738,0
833739,0
833740,0
833741,0
833742,0
833743,0
833744,0
833745,0
833746,0
833747,0
833748,0
833749,0
833750,0
833751,0
833752,31
833753,32
833754,0
833755,0
833756,40
833757,0
833758,0
833759,0
833760,33
833761,0
833762,0
833763,0
833764,40
833765,0
833766,0
833767,23
833768,0
833769,0
833770,47
833771,0
833772,0
833773,0
833774,0
833775,0
833776,0
833777,44
833778,0
833779,0
833780,0
833781,25
833782,0
833783,31
833784,46
833785,0
833786,0
833787,0
833788,0
833789,40
833790,0
833791,57
833792,0
833793,0
833794,0
833795,40
833796,33
833797,0
833798,46
833799,0
833800,0
833801,0
833802,0
833803,0
833804,16
833805,0
833806,39
833807,0
833808,0
833809,29
833810,51
833811,0
833812,0
833813,32
833814,0
833815,32
833816,40
833817,0
833818,0
833819,0
833820,0
833821,0
833822,56
833823,0
833824,0
833825,0
833826,0
833827,0
833828,0
833829,36
833830,53
833831,0
833832,42
833833,0
833834,0
833835,0
833836,0
833837,0
833838,0
833839,19
833840,0
833841,0
833842,27
833843,0
833844,0
833845,0
833846,0
833847,23
833848,41
833849,0
833850,0
833851,50
833852,0
833853,31
833854,24
833855,31
833856,0
833857,21
833858,0
833859,0
833860,31
833861,0
833862,0
833863,0
833864,0
833865,0
833866,0
833867,35
833868,0
833869,0
833870,0
833871,0
833872,25
833873,0
833874,0
833875,0
833876,0
833877,24
833878,0
833879,0
833880,0
833881,0
833882,0
833883,0
833884,39
833885,27
833886,38
833887,36
833888,0
833889,41
833890,40
833891,0
833892,0
833893,0
833894,0
833895,0
833896,32
833897,0
833898,0
833899,0
833900,0
833901,0
833902,18
833903,0
833904,0
833905,0
833906,0
833907,0
833908,0
833909,0
833910,40
833911,0
833912,0
833913,0
833914,0
833915,0
833916,21
833917,53
833918,0
833919,0
833920,40
833921,26
833922,0
833923,0
833924,0
833925,0
833926,37
833927,19
833928,0
833929,28
833930,0
833931,0
833932,30
833933,31
833934,34
833935,0
833936,0
833937,48
833938,46
833939,0
833940,0
833941,43
833942,0
833943,31
833944,0
833945,30
833946,0
833947,0
833948,41
833949,0
833950,35
833951,0
833952,31
833953,0
833954,0
833955,24
833956,36
833957,0
833958,0
833959,0
833960,0
833961,0
833962,0
833963,0
833964,0
833965,0
833966,0
833967,0
833968,25
833969,0
833970,0
833971,0
833972,0
833973,0
833974,0
833975,0
833976,24
833977,0
833978,0
833979,0
833980,26
833981,0
833982,0
833983,36
833984,0
833985,0
833986,0
833987,0
833988,0
833989,36
833990,0
833991,0
833992,0
833993,0
833994,0
833995,0
833996,0
833997,23
833998,46
833999,39
834000,0
834001,30
834002,0
834003,0
834004,0
834005,0
834006,34
834007,0
834008,0
834009,0
834010,0
834011,0
834012,0
834013,0
834014,36
834015,30
834016,0
834017,0
834018,0
834019,0
834020,0
834021,0
834022,23
834023,0
834024,0
834025,0
834026,61
834027,0
834028,0
834029,0
834030,0
834031,42
834032,0
834033,31
834034,37
834035,0
834036,0
834037,37
834038,0
834039,24
834040,39
834041,0
834042,0
834043,0
834044,32
834045,0
834046,0
834047,0
834048,42
834049,0
834050,32
834051,0
834052,35
834053,0
834054,0
834055,0
834056,40
834057,0
834058,32
834059,0
834060,0
834061,0
834062,0
834063,34
834064,0
834065,0
834066,0
834067,0
834068,0
834069,0
834070,30
834071,0
834072,0
834073,26
834074,0
834075,24
834076,32
834077,0
834078,46
834079,0
834080,0
834081,0
834082,0
834083,0
834084,0
834085,31
834086,21
834087,0
834088,28
834089,43
834090,0
834091,41
834092,0
834093,0
834094,0
834095,19
834096,0
834097,36
834098,42
834099,31
834100,0
834101,19
834102,33
834103,19
834104,0
834105,0
834106,0
834107,33
834108,0
834109,0
834110,50
834111,0
834112,0
834113,33
834114,0
834115,0
834116,28
834117,0
834118,0
834119,0
834120,0
834121,0
834122,36
834123,0
834124,0
834125,0
834126,0
834127,0
834128,43
834129,0
834130,0
834131,36
834132,0
834133,33
834134,0
834135,0
834136,0
834137,45
834138,0
834139,0
834140,33
834141,0
834142,37
834143,0
834144,32
834145,0
834146,0
834147,25
834148,36
834149,0
834150,0
834151,0
834152,0
834153,0
834154,0
834155,0
834156,0
834157,21
834158,31
834159,0
834160,0
834161,0
834162,0
834163,0
834164,29
834165,24
834166,0
834167,41
834168,34
834169,40
834170,0
834171,26
834172,0
834173,41
834174,0
834175,31
834176,0
834177,0
834178,37
834179,45
834180,0
834181,28
834182,0
834183,34
834184,0
834185,0
834186,0
834187,33
834188,0
834189,51
834190,0
834191,0
834192,0
834193,0
834194,0
834195,27
834196,33
834197,0
834198,0
834199,0
834200,0
834201,0
834202,0
834203,0
834204,43
834205,0
834206,0
834207,39
834208,0
834209,38
834210,0
834211,58
834212,31
834213,33
834214,46
834215,35
834216,0
834217,0
834218,0
834219,0
834220,0
834221,54
834222,0
834223,0
834224,0
834225,0
834226,0
834227,43
834228,0
834229,0
834230,0
834231,0
834232,44
834233,0
834234,0
834235,0
834236,0
834237,33
834238,0
834239,48
834240,0
834241,0
834242,0
834243,0
834244,49
834245,0
834246,27
834247,29
834248,0
834249,0
834250,0
834251,0
834252,0
834253,51
834254,28
834255,0
834256,33
834257,23
834258,25
834259,0
834260,40
834261,0
834262,32
834263,43
834264,0
834265,0
834266,0
834267,0
834268,0
834269,0
834270,0
834271,0
834272,0
834273,0
834274,0
834275,0
834276,0
834277,0
834278,25
834279,0
834280,0
834281,0
834282,0
834283,0
834284,0
834285,0
834286,0
834287,0
834288,0
834289,21
834290,0
834291,0
834292,0
834293,0
834294,0
834295,0
834296,0
834297,0
834298,0
834299,0
834300,0
834301,0
834302,20
834303,0
834304,0
834305,0
834306,0
834307,0
834308,0
834309,0
834310,0
834311,0
834312,0
834313,0
834314,0
834315,0
834316,0
834317,0
834318,0
834319,0
834320,0
834321,0
834322,0
834323,0
834324,0
834325,0
834326,0
834327,27
834328,0
834329,0
834330,0
834331,0
834332,0
834333,0
834334,0
834335,19
834336,0
834337,0
834338,0
834339,0
834340,12
834341,0
834342,0
834343,0
834344,19
834345,0
834346,0
834347,18
834348,0
834349,0
834350,0
834351,0
834352,21
834353,0
834354,0
834355,0
834356,0
834357,0
834358,0
834359,0
834360,0
834361,0
834362,0
834363,0
834364,0
834365,0
834366,0
834367,0
834368,21
834369,0
834370,0
834371,25
834372,0
834373,0
834374,0
834375,13
834376,0
834377,0
834378,0
834379,0
834380,0
834381,0
834382,0
834383,0
834384,0
834385,0
834386,0
834387,0
834388,26
834389,28
834390,0
834391,0
834392,0
834393,0
834394,17
834395,0
834396,22
834397,26
834398,26
834399,0
834400,0
834401,0
834402,27
834403,0
834404,0
834405,0
834406,0
834407,0
834408,0
834409,0
834410,0
834411,0
834412,0
834413,0
834414,0
834415,29
834416,24
834417,0
834418,0
834419,41
834420,0
834421,0
834422,0
834423,23
834424,0
834425,17
834426,0
834427,0
834428,0
834429,0
834430,0
834431,0
834432,0
834433,0
834434,28
834435,0
834436,0
834437,0
834438,0
834439,0
834440,25
834441,0
834442,26
834443,23
834444,0
834445,0
834446,0
834447,0
834448,19
834449,0
834450,0
834451,0
834452,0
834453,0
834454,27
834455,0
834456,0
834457,0
834458,0
834459,0
834460,16
834461,0
834462,20
834463,18
834464,0
834465,0
834466,0
834467,0
834468,0
834469,0
834470,0
834471,0
834472,0
834473,0
834474,0
834475,0
834476,0
834477,0
834478,0
834479,0
834480,0
834481,0
834482,21
834483,0
834484,0
834485,28
834486,0
834487,0
834488,0
834489,0
834490,0
834491,0
834492,0
834493,0
834494,0
834495,21
834496,19
834497,0
834498,0
834499,0
834500,21
834501,21
834502,0
834503,35
834504,0
834505,0
834506,0
834507,0
834508,0
834509,0
834510,26
834511,0
834512,0
834513,0
834514,0
834515,0
834516,0
834517,25
834518,0
834519,19
834520,0
834521,0
834522,0
834523,31
834524,0
834525,0
834526,0
834527,0
834528,25
834529,0
834530,0
834531,0
834532,0
834533,0
834534,27
834535,0
834536,26
834537,0
834538,20
834539,0
834540,0
834541,0
834542,0
834543,0
834544,0
834545,0
834546,0
834547,0
834548,0
834549,0
834550,0
834551,0
834552,27
834553,19
834554,0
834555,0
834556,0
834557,0
834558,0
834559,0
834560,0
834561,0
834562,0
834563,0
834564,0
834565,0
834566,0
834567,0
834568,0
834569,0
834570,0
834571,0
834572,0
834573,23
834574,0
834575,0
834576,0
834577,0
834578,0
834579,0
834580,0
834581,0
834582,0
834583,22
834584,0
834585,20
834586,33
834587,0
834588,0
834589,0
834590,22
834591,25
834592,0
834593,0
834594,28
834595,31
834596,0
834597,0
834598,0
834599,0
834600,0
834601,0
834602,0
834603,0
834604,0
834605,19
834606,0
834607,0
834608,0
834609,0
834610,0
834611,0
834612,31
834613,0
834614,0
834615,0
834616,0
834617,0
834618,0
834619,0
834620,0
834621,0
834622,0
834623,25
834624,36
834625,0
834626,0
834627,0
834628,25
834629,0
834630,0
834631,23
834632,0
834633,0
834634,0
834635,21
834636,0
834637,0
834638,47
834639,0
834640,19
834641,0
834642,17
834643,0
834644,0
834645,0
834646,36
834647,0
834648,22
834649,26
834650,0
834651,0
834652,0
834653,0
834654,0
834655,0
834656,0
834657,0
834658,0
834659,0
834660,0
834661,0
834662,20
834663,0
834664,0
834665,0
834666,0
834667,24
834668,0
834669,0
834670,0
834671,0
834672,24
834673,0
834674,0
834675,0
834676,20
834677,0
834678,0
834679,20
834680,0
834681,0
834682,20
834683,0
834684,0
834685,0
834686,0
834687,21
834688,0
834689,0
834690,0
834691,0
834692,18
834693,0
834694,0
834695,0
834696,0
834697,39
834698,27
834699,0
834700,0
834701,0
834702,0
834703,0
834704,0
834705,20
834706,22
834707,0
834708,0
834709,0
834710,0
834711,0
834712,28
834713,21
834714,0
834715,0
834716,0
834717,24
834718,0
834719,25
834720,29
834721,0
834722,0
834723,23
834724,0
834725,0
834726,0
834727,0
834728,0
834729,30
834730,31
834731,0
834732,0
834733,19
834734,0
834735,29
834736,0
834737,0
834738,0
834739,0
834740,0
834741,0
834742,0
834743,0
834744,29
834745,0
834746,0
834747,0
834748,0
834749,0
834750,0
834751,0
834752,0
834753,0
834754,24
834755,0
834756,0
834757,0
834758,0
834759,0
834760,0
834761,0
834762,0
834763,0
834764,19
834765,18
834766,0
834767,0
834768,29
834769,0
834770,29
834771,0
834772,0
834773,0
834774,0
834775,0
834776,0
834777,0
834778,0
834779,0
834780,0
834781,0
834782,0
834783,0
834784,15
834785,0
834786,0
834787,0
834788,0
834789,0
834790,29
834791,0
834792,28
834793,0
834794,14
834795,0
834796,0
834797,0
834798,0
834799,0
834800,16
834801,0
834802,27
834803,0
834804,14
834805,0
834806,0
834807,0
834808,0
834809,0
834810,0
834811,0
834812,0
834813,0
834814,0
834815,0
834816,0
834817,0
834818,0
834819,0
834820,0
834821,0
834822,0
834823,0
834824,0
834825,0
834826,0
834827,0
834828,0
834829,31
834830,0
834831,0
834832,0
834833,0
834834,0
834835,0
834836,0
834837,0
834838,0
834839,0
834840,0
834841,30
834842,18
834843,18
834844,0
834845,0
834846,28
834847,0
834848,0
834849,0
834850,18
834851,0
834852,0
834853,26
834854,0
834855,0
834856,0
834857,0
834858,0
834859,0
834860,0
834861,0
834862,17
834863,0
834864,0
834865,23
834866,0
834867,0
834868,0
834869,0
834870,0
834871,0
834872,0
834873,0
834874,0
834875,0
834876,0
834877,0
834878,0
834879,0
834880,0
834881,0
834882,0
834883,0
834884,31
834885,0
834886,0
834887,0
834888,0
834889,0
834890,0
834891,21
834892,0
834893,0
834894,0
834895,24
834896,0
834897,0
834898,24
834899,0
834900,0
834901,0
834902,0
834903,0
834904,0
834905,0
834906,0
834907,0
834908,0
834909,25
834910,0
834911,0
834912,0
834913,0
834914,0
834915,21
834916,26
834917,0
834918,29
834919,19
834920,0
834921,0
834922,0
834923,25
834924,0
834925,0
834926,25
834927,0
834928,0
834929,16
834930,0
834931,0
834932,27
834933,0
834934,39
834935,0
834936,0
834937,0
834938,0
834939,0
834940,0
834941,0
834942,0
834943,0
834944,0
834945,0
834946,0
834947,0
834948,0
834949,0
834950,0
834951,0
834952,0
834953,25
834954,0
834955,25
834956,0
834957,0
834958,0
834959,0
834960,19
834961,0
834962,0
834963,0
834964,18
834965,0
834966,0
834967,19
834968,0
834969,0
834970,0
834971,21
834972,25
834973,0
834974,0
834975,0
834976,0
834977,0
834978,28
834979,0
834980,0
834981,0
834982,0
834983,0
834984,0
834985,0
834986,0
834987,21
834988,0
834989,33
834990,0
834991,0
834992,0
834993,0
834994,0
834995,0
834996,0
834997,0
834998,0
834999,26
835000,0
835001,0
835002,0
835003,0
835004,0
835005,0
835006,0
835007,0
835008,18
835009,21
835010,0
835011,0
835012,29
835013,0
835014,0
835015,0
835016,0
835017,0
835018,0
835019,0
835020,0
835021,0
835022,0
835023,0
835024,0
835025,0
835026,0
835027,0
835028,0
835029,0
835030,26
835031,0
835032,0
835033,0
835034,0
835035,0
835036,0
835037,0
835038,0
835039,0
835040,0
835041,0
835042,0
835043,0
835044,28
835045,0
835046,0
835047,28
835048,0
835049,0
835050,0
835051,0
835052,0
835053,0
835054,0
835055,26
835056,0
835057,0
835058,27
835059,0
835060,0
835061,21
835062,0
835063,19
835064,0
835065,0
835066,0
835067,0
835068,0
835069,25
835070,0
835071,0
835072,0
835073,0
835074,0
835075,0
835076,0
835077,0
835078,0
835079,0
835080,0
835081,0
835082,25
835083,0
835084,24
835085,0
835086,0
835087,0
835088,0
835089,0
835090,0
835091,26
835092,27
835093,0
835094,0
835095,0
835096,0
835097,0
835098,0
835099,35
835100,0
835101,0
835102,0
835103,0
835104,0
835105,0
835106,0
835107,0
835108,0
835109,0
835110,0
835111,0
835112,0
835113,0
835114,0
835115,0
835116,0
835117,0
835118,0
835119,0
835120,0
835121,0
835122,0
835123,0
835124,0
835125,0
835126,0
835127,0
835128,0
835129,0
835130,0
835131,0
835132,0
835133,0
835134,0
835135,9
835136,0
835137,0
835138,0
835139,0
835140,0
835141,0
835142,0
835143,0
835144,0
835145,0
835146,0
835147,0
835148,0
835149,0
835150,9
835151,0
835152,0
835153,0
835154,0
835155,0
835156,0
835157,0
835158,26
835159,0
835160,0
835161,0
835162,0
835163,0
835164,0
835165,0
835166,0
835167,0
835168,0
835169,0
835170,0
835171,0
835172,16
835173,0
835174,0
835175,0
835176,0
835177,0
835178,12
835179,0
835180,0
835181,0
835182,12
835183,0
835184,0
835185,0
835186,0
835187,0
835188,0
835189,0
835190,13
835191,21
835192,0
835193,18
835194,0
835195,0
835196,0
835197,0
835198,0
835199,0
835200,0
835201,0
835202,0
835203,0
835204,0
835205,0
835206,0
835207,0
835208,0
835209,0
835210,0
835211,21
835212,0
835213,0
835214,0
835215,0
835216,0
835217,0
835218,0
835219,0
835220,0
835221,13
835222,0
835223,0
835224,0
835225,0
835226,0
835227,15
835228,0
835229,0
835230,0
835231,0
835232,0
835233,0
835234,0
835235,0
835236,0
835237,0
835238,0
835239,0
835240,0
835241,0
835242,0
835243,0
835244,0
835245,0
835246,0
835247,0
835248,0
835249,0
835250,0
835251,0
835252,0
835253,0
835254,0
835255,0
835256,0
835257,0
835258,0
835259,0
835260,0
835261,0
835262,0
835263,0
835264,17
835265,0
835266,0
835267,0
835268,0
835269,0
835270,0
835271,0
835272,0
835273,0
835274,0
835275,0
835276,0
835277,0
835278,0
835279,0
835280,0
835281,0
835282,11
835283,0
835284,0
835285,0
835286,0
835287,0
835288,0
835289,0
835290,0
835291,0
835292,0
835293,0
835294,0
835295,0
835296,0
835297,0
835298,0
835299,0
835300,0
835301,0
835302,0
835303,0
835304,0
835305,0
835306,0
835307,0
835308,12
835309,0
835310,0
835311,0
835312,0
835313,0
835314,0
835315,0
835316,8
835317,0
835318,0
835319,17
835320,0
835321,23
835322,0
835323,0
835324,0
835325,0
835326,0
835327,0
835328,0
835329,0
835330,0
835331,0
835332,0
835333,0
835334,0
835335,0
835336,0
835337,0
835338,0
835339,0
835340,0
835341,0
835342,0
835343,0
835344,0
835345,0
835346,0
835347,22
835348,0
835349,0
835350,0
835351,0
835352,0
835353,0
835354,0
835355,0
835356,0
835357,0
835358,0
835359,0
835360,0
835361,18
835362,0
835363,0
835364,0
835365,0
835366,0
835367,0
835368,32
835369,0
835370,0
835371,0
835372,0
835373,0
835374,0
835375,0
835376,0
835377,0
835378,0
835379,0
835380,0
835381,0
835382,0
835383,0
835384,0
835385,0
835386,0
835387,0
835388,0
835389,0
835390,0
835391,0
835392,0
835393,0
835394,0
835395,0
835396,0
835397,0
835398,0
835399,0
835400,0
835401,0
835402,0
835403,0
835404,0
835405,0
835406,0
835407,0
835408,0
835409,0
835410,11
835411,0
835412,0
835413,0
835414,0
835415,0
835416,0
835417,0
835418,0
835419,0
835420,0
835421,0
835422,0
835423,0
835424,0
835425,0
835426,0
835427,0
835428,0
835429,0
835430,0
835431,0
835432,0
835433,15
835434,0
835435,14
835436,0
835437,0
835438,0
835439,12
835440,0
835441,0
835442,0
835443,0
835444,0
835445,0
835446,0
835447,0
835448,20
835449,0
835450,0
835451,0
835452,0
835453,0
835454,0
835455,0
835456,0
835457,0
835458,0
835459,0
835460,0
835461,0
835462,0
835463,0
835464,0
835465,0
835466,0
835467,0
835468,0
835469,0
835470,0
835471,12
835472,0
835473,0
835474,0
835475,0
835476,0
835477,0
835478,0
835479,0
835480,0
835481,22
835482,0
835483,0
835484,0
835485,0
835486,0
835487,0
835488,0
835489,0
835490,0
835491,0
835492,0
835493,0
835494,0
835495,0
835496,0
835497,0
835498,0
835499,0
835500,0
835501,0
835502,0
835503,0
835504,0
835505,0
835506,0
835507,0
835508,0
835509,0
835510,0
835511,10
835512,0
835513,0
835514,0
835515,0
835516,0
835517,0
835518,0
835519,0
835520,0
835521,0
835522,0
835523,0
835524,0
835525,0
835526,0
835527,0
835528,0
835529,0
835530,14
835531,0
835532,12
835533,13
835534,0
835535,0
835536,0
835537,0
835538,18
835539,0
835540,0
835541,0
835542,0
835543,0
835544,0
835545,0
835546,0
835547,0
835548,0
835549,0
835550,0
835551,0
835552,0
835553,0
835554,0
835555,0
835556,0
835557,0
835558,0
835559,0
835560,0
835561,0
835562,0
835563,0
835564,0
835565,0
835566,0
835567,0
835568,0
835569,0
835570,0
835571,0
835572,0
835573,14
835574,0
835575,0
835576,0
835577,0
835578,0
835579,0
835580,0
835581,0
835582,0
835583,0
835584,0
835585,0
835586,0
835587,0
835588,0
835589,21
835590,0
835591,0
835592,0
835593,0
835594,0
835595,0
835596,0
835597,0
835598,17
835599,0
835600,0
835601,0
835602,0
835603,0
835604,14
835605,11
835606,0
835607,0
835608,0
835609,0
835610,0
835611,0
835612,0
835613,0
835614,0
835615,0
835616,0
835617,0
835618,0
835619,0
835620,17
835621,0
835622,0
835623,0
835624,0
835625,0
835626,0
835627,0
835628,0
835629,0
835630,0
835631,0
835632,0
835633,0
835634,0
835635,0
835636,0
835637,20
835638,6
835639,0
835640,17
835641,18
835642,0
835643,0
835644,0
835645,0
835646,0
835647,0
835648,0
835649,0
835650,0
835651,0
835652,0
835653,0
835654,0
835655,0
835656,0
835657,0
835658,0
835659,0
835660,0
835661,0
835662,0
835663,0
835664,0
835665,0
835666,0
835667,0
835668,0
835669,0
835670,5
835671,0
835672,0
835673,0
835674,0
835675,0
835676,0
835677,0
835678,0
835679,0
835680,0
835681,0
835682,0
835683,0
835684,0
835685,5
835686,0
835687,0
835688,6
835689,0
835690,0
835691,0
835692,0
835693,0
835694,0
835695,0
835696,0
835697,0
835698,0
835699,0
835700,0
835701,8
835702,0
835703,0
835704,0
835705,0
835706,0
835707,0
835708,0
835709,0
835710,0
835711,0
835712,7
835713,0
835714,0
835715,0
835716,0
835717,0
835718,0
835719,5
835720,0
835721,0
835722,0
835723,0
835724,0
835725,0
835726,0
835727,3
835728,0
835729,0
835730,0
835731,0
835732,0
835733,0
835734,0
835735,0
835736,0
835737,0
835738,6
835739,0
835740,0
835741,0
835742,0
835743,0
835744,0
835745,0
835746,57
835747,48
835748,31
835749,0
835750,0
835751,62
835752,22
835753,0
835754,28
835755,0
835756,0
835757,0
835758,22
835759,51
835760,0
835761,23
835762,0
835763,0
835764,0
835765,0
835766,0
835767,0
835768,0
835769,0
835770,0
835771,0
835772,0
835773,0
835774,27
835775,0
835776,0
835777,32
835778,0
835779,0
835780,41
835781,0
835782,44
835783,0
835784,0
835785,0
835786,0
835787,0
835788,23
835789,0
835790,0
835791,0
835792,0
835793,0
835794,0
835795,0
835796,47
835797,0
835798,0
835799,0
835800,0
835801,0
835802,0
835803,0
835804,35
835805,0
835806,29
835807,0
835808,0
835809,25
835810,0
835811,34
835812,0
835813,32
835814,0
835815,0
835816,0
835817,0
835818,48
835819,0
835820,0
835821,0
835822,0
835823,0
835824,0
835825,48
835826,0
835827,0
835828,0
835829,27
835830,30
835831,0
835832,0
835833,0
835834,36
835835,0
835836,0
835837,45
835838,0
835839,0
835840,0
835841,27
835842,0
835843,0
835844,0
835845,0
835846,31
835847,0
835848,0
835849,0
835850,42
835851,0
835852,0
835853,0
835854,33
835855,0
835856,0
835857,39
835858,34
835859,0
835860,45
835861,45
835862,34
835863,0
835864,0
835865,0
835866,0
835867,0
835868,0
835869,0
835870,31
835871,33
835872,0
835873,0
835874,0
835875,37
835876,0
835877,0
835878,0
835879,0
835880,0
835881,43
835882,0
835883,46
835884,0
835885,0
835886,36
835887,0
835888,0
835889,0
835890,0
835891,0
835892,0
835893,0
835894,11
835895,42
835896,0
835897,35
835898,31
835899,0
835900,0
835901,0
835902,41
835903,0
835904,0
835905,31
835906,49
835907,26
835908,0
835909,0
835910,0
835911,0
835912,23
835913,0
835914,40
835915,50
835916,33
835917,0
835918,0
835919,0
835920,36
835921,0
835922,0
835923,0
835924,0
835925,34
835926,0
835927,0
835928,0
835929,50
835930,49
835931,0
835932,0
835933,0
835934,0
835935,0
835936,40
835937,0
835938,0
835939,0
835940,28
835941,30
835942,0
835943,0
835944,35
835945,43
835946,0
835947,0
835948,0
835949,32
835950,0
835951,30
835952,0
835953,30
835954,0
835955,36
835956,37
835957,35
835958,28
835959,39
835960,0
835961,0
835962,0
835963,0
835964,0
835965,0
835966,0
835967,0
835968,0
835969,0
835970,24
835971,0
835972,37
835973,0
835974,0
835975,0
835976,0
835977,0
835978,0
835979,0
835980,0
835981,0
835982,35
835983,0
835984,0
835985,31
835986,0
835987,0
835988,0
835989,30
835990,0
835991,49
835992,0
835993,0
835994,0
835995,0
835996,43
835997,0
835998,27
835999,0
836000,35
836001,31
836002,30
836003,29
836004,35
836005,32
836006,45
836007,50
836008,0
836009,0
836010,0
836011,0
836012,31
836013,0
836014,0
836015,0
836016,34
836017,0
836018,40
836019,0
836020,27
836021,29
836022,0
836023,0
836024,40
836025,33
836026,0
836027,0
836028,0
836029,0
836030,38
836031,42
836032,44
836033,0
836034,51
836035,0
836036,0
836037,0
836038,0
836039,0
836040,0
836041,37
836042,0
836043,0
836044,0
836045,0
836046,0
836047,41
836048,0
836049,0
836050,35
836051,0
836052,0
836053,0
836054,38
836055,0
836056,0
836057,0
836058,0
836059,0
836060,0
836061,0
836062,0
836063,0
836064,31
836065,0
836066,0
836067,28
836068,0
836069,0
836070,0
836071,0
836072,40
836073,0
836074,0
836075,44
836076,35
836077,0
836078,0
836079,0
836080,0
836081,48
836082,23
836083,26
836084,0
836085,0
836086,16
836087,0
836088,0
836089,0
836090,0
836091,0
836092,0
836093,0
836094,0
836095,0
836096,0
836097,0
836098,0
836099,0
836100,0
836101,0
836102,0
836103,0
836104,0
836105,0
836106,0
836107,0
836108,31
836109,0
836110,28
836111,0
836112,0
836113,33
836114,25
836115,0
836116,51
836117,0
836118,0
836119,44
836120,0
836121,0
836122,18
836123,0
836124,0
836125,0
836126,34
836127,0
836128,0
836129,0
836130,0
836131,34
836132,0
836133,0
836134,0
836135,0
836136,30
836137,0
836138,0
836139,0
836140,0
836141,0
836142,0
836143,0
836144,0
836145,48
836146,19
836147,0
836148,0
836149,0
836150,0
836151,0
836152,0
836153,0
836154,42
836155,0
836156,0
836157,0
836158,0
836159,0
836160,0
836161,0
836162,0
836163,48
836164,0
836165,30
836166,0
836167,0
836168,0
836169,0
836170,35
836171,0
836172,38
836173,47
836174,0
836175,34
836176,36
836177,31
836178,0
836179,0
836180,0
836181,0
836182,0
836183,0
836184,39
836185,0
836186,0
836187,0
836188,0
836189,0
836190,0
836191,0
836192,32
836193,52
836194,0
836195,39
836196,0
836197,0
836198,0
836199,0
836200,0
836201,19
836202,42
836203,0
836204,0
836205,0
836206,0
836207,0
836208,0
836209,0
836210,0
836211,0
836212,0
836213,0
836214,0
836215,38
836216,0
836217,0
836218,0
836219,0
836220,58
836221,29
836222,0
836223,0
836224,0
836225,0
836226,0
836227,0
836228,0
836229,0
836230,0
836231,0
836232,0
836233,35
836234,0
836235,0
836236,0
836237,0
836238,0
836239,0
836240,26
836241,17
836242,0
836243,0
836244,38
836245,0
836246,36
836247,28
836248,0
836249,0
836250,0
836251,31
836252,0
836253,0
836254,0
836255,0
836256,22
836257,0
836258,25
836259,0
836260,0
836261,28
836262,0
836263,0
836264,0
836265,0
836266,0
836267,0
836268,0
836269,31
836270,0
836271,61
836272,33
836273,0
836274,0
836275,0
836276,0
836277,0
836278,0
836279,0
836280,0
836281,0
836282,0
836283,0
836284,0
836285,0
836286,0
836287,0
836288,0
836289,0
836290,0
836291,0
836292,0
836293,0
836294,39
836295,0
836296,0
836297,0
836298,0
836299,0
836300,0
836301,54
836302,0
836303,0
836304,29
836305,0
836306,0
836307,0
836308,0
836309,40
836310,0
836311,0
836312,0
836313,0
836314,0
836315,37
836316,38
836317,29
836318,0
836319,0
836320,45
836321,0
836322,30
836323,0
836324,0
836325,0
836326,50
836327,0
836328,0
836329,0
836330,0
836331,0
836332,0
836333,0
836334,37
836335,0
836336,0
836337,0
836338,0
836339,0
836340,32
836341,0
836342,0
836343,26
836344,0
836345,0
836346,46
836347,0
836348,0
836349,31
836350,0
836351,0
836352,0
836353,0
836354,0
836355,0
836356,0
836357,0
836358,0
836359,30
836360,0
836361,0
836362,36
836363,0
836364,0
836365,31
836366,0
836367,46
836368,0
836369,23
836370,23
836371,0
836372,0
836373,0
836374,0
836375,0
836376,0
836377,0
836378,0
836379,0
836380,0
836381,41
836382,0
836383,0
836384,0
836385,40
836386,48
836387,0
836388,54
836389,0
836390,0
836391,0
836392,0
836393,0
836394,0
836395,49
836396,35
836397,42
836398,0
836399,0
836400,0
836401,0
836402,0
836403,0
836404,41
836405,0
836406,0
836407,0
836408,0
836409,0
836410,0
836411,0
836412,0
836413,0
836414,0
836415,38
836416,0
836417,37
836418,0
836419,26
836420,0
836421,0
836422,0
836423,38
836424,0
836425,0
836426,0
836427,0
836428,0
836429,0
836430,0
836431,0
836432,0
836433,0
836434,0
836435,38
836436,0
836437,0
836438,0
836439,0
836440,34
836441,0
836442,0
836443,39
836444,29
836445,10
836446,0
836447,0
836448,0
836449,0
836450,0
836451,0
836452,0
836453,0
836454,0
836455,0
836456,0
836457,0
836458,0
836459,11
836460,0
836461,10
836462,0
836463,0
836464,0
836465,0
836466,0
836467,0
836468,0
836469,0
836470,0
836471,0
836472,0
836473,0
836474,0
836475,0
836476,0
836477,0
836478,0
836479,0
836480,0
836481,0
836482,0
836483,0
836484,0
836485,0
836486,12
836487,5
836488,0
836489,0
836490,0
836491,0
836492,0
836493,0
836494,6
836495,0
836496,0
836497,0
836498,0
836499,0
836500,0
836501,10
836502,8
836503,0
836504,0
836505,0
836506,0
836507,6
836508,0
836509,11
836510,0
836511,10
836512,0
836513,0
836514,0
836515,0
836516,0
836517,0
836518,0
836519,0
836520,0
836521,0
836522,0
836523,0
836524,0
836525,10
836526,0
836527,0
836528,0
836529,0
836530,0
836531,0
836532,0
836533,0
836534,0
836535,0
836536,0
836537,0
836538,0
836539,0
836540,0
836541,0
836542,0
836543,11
836544,0
836545,13
836546,0
836547,0
836548,0
836549,0
836550,0
836551,0
836552,0
836553,0
836554,0
836555,0
836556,15
836557,0
836558,0
836559,16
836560,0
836561,0
836562,0
836563,0
836564,0
836565,0
836566,0
836567,0
836568,0
836569,0
836570,0
836571,12
836572,0
836573,10
836574,6
836575,10
836576,7
836577,11
836578,0
836579,0
836580,0
836581,0
836582,9
836583,0
836584,15
836585,7
836586,0
836587,0
836588,0
836589,0
836590,0
836591,0
836592,0
836593,0
836594,0
836595,8
836596,0
836597,0
836598,0
836599,0
836600,0
836601,0
836602,0
836603,0
836604,0
836605,0
836606,0
836607,8
836608,0
836609,10
836610,9
836611,0
836612,0
836613,12
836614,0
836615,0
836616,0
836617,13
836618,0
836619,0
836620,0
836621,0
836622,14
836623,0
836624,0
836625,10
836626,0
836627,0
836628,0
836629,0
836630,0
836631,0
836632,0
836633,0
836634,0
836635,0
836636,0
836637,19
836638,0
836639,0
836640,0
836641,0
836642,0
836643,0
836644,0
836645,9
836646,0
836647,0
836648,0
836649,0
836650,15
836651,10
836652,0
836653,8
836654,0
836655,0
836656,9
836657,12
836658,0
836659,0
836660,10
836661,0
836662,0
836663,0
836664,0
836665,9
836666,0
836667,0
836668,0
836669,0
836670,0
836671,0
836672,12
836673,7
836674,0
836675,12
836676,0
836677,0
836678,11
836679,0
836680,0
836681,0
836682,0
836683,0
836684,0
836685,0
836686,0
836687,0
836688,10
836689,0
836690,0
836691,0
836692,10
836693,0
836694,0
836695,7
836696,0
836697,0
836698,0
836699,0
836700,0
836701,15
836702,0
836703,0
836704,0
836705,0
836706,0
836707,0
836708,11
836709,0
836710,0
836711,0
836712,0
836713,0
836714,0
836715,0
836716,0
836717,0
836718,0
836719,0
836720,0
836721,11
836722,0
836723,0
836724,0
836725,9
836726,0
836727,0
836728,0
836729,0
836730,13
836731,14
836732,8
836733,0
836734,0
836735,0
836736,0
836737,14
836738,0
836739,0
836740,10
836741,0
836742,0
836743,0
836744,0
836745,0
836746,0
836747,0
836748,14
836749,0
836750,0
836751,0
836752,14
836753,0
836754,0
836755,0
836756,0
836757,0
836758,0
836759,0
836760,0
836761,0
836762,9
836763,0
836764,0
836765,0
836766,0
836767,7
836768,15
836769,15
836770,0
836771,0
836772,0
836773,0
836774,11
836775,0
836776,0
836777,8
836778,0
836779,0
836780,7
836781,0
836782,0
836783,0
836784,0
836785,0
836786,0
836787,0
836788,19
836789,0
836790,0
836791,0
836792,0
836793,0
836794,0
836795,0
836796,0
836797,0
836798,0
836799,9
836800,20
836801,0
836802,0
836803,0
836804,0
836805,0
836806,0
836807,0
836808,0
836809,12
836810,0
836811,0
836812,0
836813,0
836814,0
836815,0
836816,0
836817,0
836818,0
836819,0
836820,0
836821,0
836822,0
836823,13
836824,22
836825,0
836826,0
836827,0
836828,0
836829,0
836830,9
836831,0
836832,0
836833,0
836834,0
836835,0
836836,0
836837,0
836838,0
836839,0
836840,0
836841,0
836842,0
836843,0
836844,0
836845,0
836846,0
836847,0
836848,0
836849,0
836850,0
836851,13
836852,8
836853,0
836854,0
836855,0
836856,7
836857,0
836858,0
836859,0
836860,0
836861,0
836862,0
836863,7
836864,0
836865,0
836866,0
836867,0
836868,0
836869,0
836870,0
836871,0
836872,0
836873,0
836874,0
836875,0
836876,0
836877,0
836878,0
836879,0
836880,0
836881,12
836882,0
836883,0
836884,0
836885,0
836886,0
836887,0
836888,0
836889,0
836890,0
836891,0
836892,0
836893,9
836894,12
836895,0
836896,4
836897,18
836898,0
836899,5
836900,0
836901,0
836902,0
836903,0
836904,0
836905,12
836906,0
836907,10
836908,11
836909,0
836910,7
836911,7
836912,12
836913,0
836914,0
836915,0
836916,0
836917,0
836918,11
836919,0
836920,0
836921,0
836922,4
836923,0
836924,0
836925,0
836926,0
836927,0
836928,0
836929,0
836930,0
836931,0
836932,0
836933,0
836934,0
836935,0
836936,0
836937,0
836938,0
836939,0
836940,0
836941,0
836942,0
836943,5
836944,0
836945,5
836946,0
836947,5
836948,0
836949,0
836950,12
836951,0
836952,0
836953,0
836954,0
836955,0
836956,0
836957,0
836958,0
836959,4
836960,0
836961,0
836962,0
836963,0
836964,0
836965,15
836966,0
836967,7
836968,4
836969,0
836970,0
836971,15
836972,7
836973,0
836974,13
836975,0
836976,0
836977,0
836978,0
836979,8
836980,0
836981,0
836982,0
836983,0
836984,27
836985,20
836986,0
836987,22
836988,0
836989,0
836990,46
836991,0
836992,29
836993,0
836994,0
836995,33
836996,0
836997,0
836998,24
836999,35
837000,0
837001,0
837002,0
837003,23
837004,0
837005,0
837006,0
837007,0
837008,0
837009,0
837010,28
837011,0
837012,0
837013,0
837014,27
837015,0
837016,0
837017,0
837018,0
837019,0
837020,26
837021,0
837022,0
837023,0
837024,0
837025,38
837026,0
837027,0
837028,0
837029,32
837030,0
837031,0
837032,0
837033,0
837034,0
837035,0
837036,0
837037,0
837038,0
837039,32
837040,0
837041,0
837042,0
837043,38
837044,0
837045,36
837046,0
837047,0
837048,0
837049,34
837050,0
837051,0
837052,0
837053,0
837054,0
837055,0
837056,0
837057,0
837058,0
837059,0
837060,0
837061,0
837062,0
837063,0
837064,0
837065,0
837066,0
837067,27
837068,0
837069,0
837070,0
837071,0
837072,0
837073,0
837074,31
837075,36
837076,0
837077,0
837078,28
837079,0
837080,0
837081,0
837082,38
837083,49
837084,0
837085,37
837086,0
837087,0
837088,0
837089,0
837090,33
837091,0
837092,0
837093,0
837094,0
837095,0
837096,0
837097,0
837098,0
837099,0
837100,0
837101,34
837102,0
837103,0
837104,0
837105,0
837106,0
837107,20
837108,0
837109,0
837110,0
837111,25
837112,0
837113,0
837114,0
837115,0
837116,0
837117,0
837118,29
837119,0
837120,0
837121,33
837122,0
837123,0
837124,0
837125,0
837126,0
837127,0
837128,0
837129,0
837130,23
837131,0
837132,0
837133,38
837134,35
837135,0
837136,0
837137,23
837138,0
837139,0
837140,0
837141,0
837142,0
837143,0
837144,0
837145,34
837146,0
837147,0
837148,50
837149,0
837150,0
837151,28
837152,0
837153,0
837154,0
837155,0
837156,0
837157,0
837158,0
837159,0
837160,33
837161,0
837162,0
837163,0
837164,42
837165,36
837166,0
837167,0
837168,0
837169,0
837170,0
837171,0
837172,0
837173,24
837174,0
837175,0
837176,0
837177,0
837178,0
837179,0
837180,0
837181,0
837182,0
837183,42
837184,0
837185,0
837186,0
837187,45
837188,0
837189,33
837190,22
837191,0
837192,0
837193,0
837194,0
837195,0
837196,0
837197,0
837198,0
837199,0
837200,30
837201,0
837202,26
837203,0
837204,0
837205,0
837206,0
837207,0
837208,0
837209,0
837210,0
837211,42
837212,0
837213,0
837214,0
837215,0
837216,0
837217,0
837218,0
837219,0
837220,0
837221,0
837222,0
837223,0
837224,26
837225,0
837226,19
837227,0
837228,0
837229,25
837230,0
837231,0
837232,0
837233,0
837234,0
837235,0
837236,31
837237,0
837238,0
837239,0
837240,0
837241,0
837242,0
837243,0
837244,0
837245,48
837246,0
837247,0
837248,0
837249,0
837250,0
837251,0
837252,0
837253,0
837254,0
837255,0
837256,29
837257,30
837258,0
837259,33
837260,0
837261,34
837262,0
837263,0
837264,0
837265,28
837266,0
837267,35
837268,0
837269,0
837270,0
837271,0
837272,0
837273,0
837274,0
837275,33
837276,0
837277,35
837278,0
837279,0
837280,0
837281,0
837282,25
837283,0
837284,0
837285,33
837286,28
837287,63
837288,0
837289,0
837290,0
837291,0
837292,0
837293,0
837294,0
837295,47
837296,0
837297,0
837298,0
837299,0
837300,0
837301,30
837302,0
837303,0
837304,0
837305,0
837306,0
837307,29
837308,0
837309,0
837310,33
837311,0
837312,19
837313,30
837314,32
837315,0
837316,0
837317,0
837318,0
837319,0
837320,0
837321,0
837322,0
837323,0
837324,0
837325,0
837326,0
837327,0
837328,0
837329,0
837330,0
837331,31
837332,0
837333,0
837334,0
837335,0
837336,0
837337,0
837338,0
837339,0
837340,0
837341,0
837342,0
837343,0
837344,0
837345,0
837346,0
837347,26
837348,40
837349,0
837350,0
837351,0
837352,0
837353,0
837354,0
837355,0
837356,0
837357,0
837358,32
837359,0
837360,0
837361,0
837362,0
837363,64
837364,0
837365,0
837366,35
837367,0
837368,0
837369,0
837370,18
837371,53
837372,0
837373,0
837374,0
837375,26
837376,0
837377,0
837378,0
837379,0
837380,30
837381,0
837382,28
837383,0
837384,20
837385,0
837386,0
837387,0
837388,0
837389,0
837390,43
837391,24
837392,0
837393,32
837394,0
837395,0
837396,0
837397,0
837398,0
837399,0
837400,33
837401,0
837402,0
837403,0
837404,0
837405,0
837406,0
837407,0
837408,0
837409,33
837410,0
837411,0
837412,0
837413,0
837414,0
837415,0
837416,0
837417,0
837418,0
837419,0
837420,0
837421,0
837422,0
837423,0
837424,0
837425,0
837426,0
837427,0
837428,0
837429,43
837430,0
837431,0
837432,25
837433,0
837434,0
837435,0
837436,0
837437,0
837438,0
837439,0
837440,0
837441,0
837442,0
837443,0
837444,0
837445,35
837446,0
837447,0
837448,0
837449,0
837450,0
837451,0
837452,0
837453,0
837454,0
837455,0
837456,0
837457,0
837458,0
837459,0
837460,27
837461,0
837462,0
837463,0
837464,0
837465,0
837466,31
837467,0
837468,0
837469,0
837470,0
837471,0
837472,0
837473,42
837474,0
837475,0
837476,0
837477,0
837478,0
837479,0
837480,0
837481,24
837482,34
837483,0
837484,0
837485,0
837486,0
837487,0
837488,0
837489,0
837490,0
837491,0
837492,0
837493,0
837494,0
837495,0
837496,41
837497,0
837498,0
837499,0
837500,22
837501,0
837502,0
837503,0
837504,0
837505,31
837506,0
837507,0
837508,0
837509,32
837510,0
837511,0
837512,0
837513,25
837514,0
837515,0
837516,0
837517,0
837518,0
837519,0
837520,0
837521,0
837522,0
837523,0
837524,0
837525,0
837526,0
837527,0
837528,0
837529,0
837530,0
837531,26
837532,0
837533,0
837534,0
837535,0
837536,0
837537,0
837538,0
837539,32
837540,0
837541,0
837542,0
837543,0
837544,0
837545,0
837546,0
837547,0
837548,0
837549,0
837550,0
837551,0
837552,0
837553,0
837554,0
837555,0
837556,0
837557,0
837558,0
837559,0
837560,0
837561,0
837562,0
837563,0
837564,0
837565,0
837566,0
837567,0
837568,0
837569,0
837570,29
837571,33
837572,0
837573,0
837574,0
837575,0
837576,0
837577,0
837578,0
837579,24
837580,35
837581,0
837582,0
837583,0
837584,0
837585,0
837586,0
837587,0
837588,0
837589,0
837590,0
837591,0
837592,0
837593,0
837594,0
837595,0
837596,0
837597,0
837598,0
837599,0
837600,0
837601,0
837602,0
837603,0
837604,0
837605,0
837606,0
837607,0
837608,0
837609,0
837610,0
837611,0
837612,0
837613,0
837614,0
837615,0
837616,0
837617,0
837618,0
837619,0
837620,27
837621,27
837622,0
837623,0
837624,0
837625,0
837626,0
837627,0
837628,0
837629,33
837630,0
837631,0
837632,0
837633,0
837634,0
837635,0
837636,0
837637,0
837638,0
837639,0
837640,0
837641,34
837642,0
837643,0
837644,0
837645,28
837646,0
837647,0
837648,24
837649,0
837650,0
837651,0
837652,0
837653,0
837654,0
837655,0
837656,0
837657,0
837658,0
837659,0
837660,0
837661,23
837662,0
837663,0
837664,0
837665,0
837666,0
837667,0
837668,0
837669,0
837670,27
837671,0
837672,0
837673,43
837674,0
837675,0
837676,0
837677,0
837678,0
837679,0
837680,0
837681,26
837682,0
837683,0
837684,0
837685,0
837686,0
837687,0
837688,0
837689,0
837690,54
837691,0
837692,0
837693,0
837694,0
837695,0
837696,0
837697,0
837698,0
837699,0
837700,0
837701,0
837702,0
837703,0
837704,0
837705,0
837706,0
837707,0
837708,0
837709,0
837710,0
837711,0
837712,0
837713,0
837714,0
837715,0
837716,0
837717,0
837718,32
837719,0
837720,0
837721,0
837722,0
837723,36
837724,0
837725,0
837726,0
837727,0
837728,0
837729,0
837730,0
837731,0
837732,0
837733,0
837734,0
837735,0
837736,0
837737,0
837738,0
837739,0
837740,0
837741,0
837742,0
837743,0
837744,33
837745,0
837746,0
837747,0
837748,0
837749,0
837750,0
837751,0
837752,0
837753,0
837754,0
837755,0
837756,0
837757,0
837758,0
837759,0
837760,0
837761,0
837762,0
837763,0
837764,0
837765,0
837766,0
837767,0
837768,0
837769,0
837770,0
837771,0
837772,0
837773,0
837774,0
837775,0
837776,25
837777,0
837778,22
837779,0
837780,0
837781,48
837782,0
837783,0
837784,42
837785,0
837786,0
837787,0
837788,29
837789,0
837790,0
837791,0
837792,0
837793,0
837794,0
837795,0
837796,0
837797,0
837798,0
837799,0
837800,0
837801,0
837802,0
837803,0
837804,0
837805,0
837806,0
837807,0
837808,0
837809,0
837810,0
837811,35
837812,0
837813,0
837814,0
837815,0
837816,0
837817,0
837818,0
837819,0
837820,0
837821,0
837822,24
837823,0
837824,0
837825,0
837826,0
837827,0
837828,0
837829,0
837830,0
837831,0
837832,0
837833,0
837834,0
837835,0
837836,0
837837,0
837838,0
837839,0
837840,0
837841,0
837842,0
837843,0
837844,0
837845,0
837846,0
837847,0
837848,0
837849,0
837850,0
837851,0
837852,0
837853,24
837854,0
837855,33
837856,0
837857,0
837858,0
837859,0
837860,0
837861,0
837862,0
837863,25
837864,0
837865,0
837866,0
837867,25
837868,0
837869,0
837870,0
837871,32
837872,0
837873,0
837874,0
837875,44
837876,0
837877,0
837878,0
837879,0
837880,0
837881,0
837882,0
837883,0
837884,0
837885,0
837886,0
837887,0
837888,34
837889,0
837890,0
837891,0
837892,0
837893,0
837894,0
837895,0
837896,0
837897,0
837898,0
837899,0
837900,0
837901,0
837902,38
837903,0
837904,0
837905,0
837906,0
837907,0
837908,0
837909,0
837910,0
837911,0
837912,0
837913,0
837914,0
837915,0
837916,0
837917,0
837918,34
837919,0
837920,0
837921,0
837922,0
837923,0
837924,0
837925,0
837926,0
837927,0
837928,0
837929,41
837930,0
837931,0
837932,0
837933,0
837934,0
837935,0
837936,0
837937,0
837938,28
837939,0
837940,0
837941,0
837942,0
837943,0
837944,0
837945,0
837946,0
837947,0
837948,0
837949,0
837950,0
837951,33
837952,39
837953,0
837954,0
837955,0
837956,41
837957,0
837958,0
837959,29
837960,0
837961,0
837962,0
837963,0
837964,0
837965,0
837966,0
837967,0
837968,0
837969,0
837970,0
837971,0
837972,0
837973,0
837974,0
837975,0
837976,0
837977,0
837978,0
837979,24
837980,0
837981,0
837982,0
837983,0
837984,0
837985,0
837986,0
837987,0
837988,0
837989,0
837990,0
837991,18
837992,0
837993,0
837994,0
837995,0
837996,0
837997,0
837998,0
837999,0
838000,0
838001,0
838002,0
838003,0
838004,0
838005,0
838006,0
838007,0
838008,0
838009,0
838010,0
838011,0
838012,0
838013,0
838014,0
838015,0
838016,35
838017,37
838018,0
838019,0
838020,0
838021,0
838022,0
838023,0
838024,0
838025,0
838026,0
838027,0
838028,0
838029,0
838030,0
838031,0
838032,0
838033,0
838034,0
838035,0
838036,0
838037,0
838038,0
838039,0
838040,0
838041,0
838042,0
838043,0
838044,18
838045,0
838046,0
838047,0
838048,0
838049,0
838050,0
838051,0
838052,0
838053,0
838054,0
838055,27
838056,0
838057,0
838058,0
838059,0
838060,19
838061,0
838062,0
838063,0
838064,0
838065,0
838066,0
838067,0
838068,0
838069,0
838070,0
838071,0
838072,0
838073,0
838074,0
838075,0
838076,0
838077,0
838078,0
838079,0
838080,0
838081,0
838082,0
838083,0
838084,0
838085,0
838086,0
838087,0
838088,0
838089,0
838090,0
838091,0
838092,0
838093,0
838094,0
838095,0
838096,0
838097,0
838098,0
838099,0
838100,0
838101,0
838102,30
838103,0
838104,0
838105,0
838106,0
838107,0
838108,0
838109,0
838110,0
838111,0
838112,0
838113,0
838114,0
838115,0
838116,0
838117,0
838118,0
838119,0
838120,0
838121,0
838122,0
838123,0
838124,0
838125,0
838126,0
838127,0
838128,0
838129,0
838130,0
838131,0
838132,0
838133,0
838134,0
838135,0
838136,0
838137,0
838138,0
838139,0
838140,0
838141,0
838142,0
838143,37
838144,0
838145,0
838146,0
838147,0
838148,0
838149,0
838150,20
838151,0
838152,0
838153,0
838154,0
838155,0
838156,0
838157,0
838158,0
838159,35
838160,0
838161,0
838162,0
838163,0
838164,0
838165,0
838166,0
838167,0
838168,0
838169,0
838170,0
838171,0
838172,0
838173,0
838174,0
838175,0
838176,0
838177,0
838178,0
838179,0
838180,0
838181,0
838182,0
838183,0
838184,0
838185,0
838186,0
838187,0
838188,0
838189,0
838190,0
838191,0
838192,0
838193,34
838194,26
838195,0
838196,21
838197,0
838198,0
838199,0
838200,0
838201,0
838202,0
838203,0
838204,0
838205,37
838206,0
838207,0
838208,0
838209,0
838210,0
838211,0
838212,0
838213,0
838214,0
838215,0
838216,0
838217,0
838218,0
838219,0
838220,0
838221,0
838222,0
838223,0
838224,0
838225,0
838226,0
838227,0
838228,0
838229,0
838230,0
838231,0
838232,0
838233,0
838234,0
838235,0
838236,0
838237,0
838238,0
838239,0
838240,26
838241,0
838242,0
838243,0
838244,0
838245,0
838246,0
838247,0
838248,0
838249,0
838250,0
838251,0
838252,0
838253,0
838254,0
838255,0
838256,0
838257,0
838258,0
838259,0
838260,0
838261,0
838262,0
838263,0
838264,0
838265,0
838266,0
838267,0
838268,0
838269,0
838270,0
838271,0
838272,0
838273,0
838274,25
838275,0
838276,0
838277,33
838278,0
838279,0
838280,0
838281,0
838282,0
838283,0
838284,20
838285,0
838286,0
838287,0
838288,0
838289,0
838290,0
838291,0
838292,0
838293,0
838294,0
838295,0
838296,0
838297,0
838298,0
838299,0
838300,0
838301,0
838302,0
838303,0
838304,0
838305,0
838306,0
838307,31
838308,0
838309,0
838310,0
838311,42
838312,0
838313,0
838314,31
838315,0
838316,0
838317,0
838318,0
838319,0
838320,0
838321,0
838322,0
838323,59
838324,0
838325,0
838326,0
838327,0
838328,0
838329,0
838330,0
838331,0
838332,0
838333,0
838334,0
838335,0
838336,0
838337,0
838338,0
838339,0
838340,0
838341,0
838342,0
838343,0
838344,0
838345,0
838346,0
838347,0
838348,0
838349,0
838350,0
838351,32
838352,0
838353,0
838354,19
838355,0
838356,0
838357,0
838358,0
838359,0
838360,0
838361,0
838362,0
838363,0
838364,0
838365,0
838366,0
838367,0
838368,0
838369,16
838370,0
838371,0
838372,39
838373,0
838374,0
838375,0
838376,0
838377,0
838378,26
838379,0
838380,0
838381,0
838382,0
838383,0
838384,0
838385,0
838386,0
838387,0
838388,0
838389,0
838390,0
838391,0
838392,0
838393,0
838394,0
838395,0
838396,0
838397,0
838398,0
838399,0
838400,0
838401,0
838402,37
838403,0
838404,0
838405,0
838406,0
838407,0
838408,0
838409,0
838410,0
838411,0
838412,58
838413,58
838414,0
838415,0
838416,0
838417,0
838418,0
838419,0
838420,0
838421,0
838422,0
838423,0
838424,0
838425,0
838426,0
838427,0
838428,58
838429,0
838430,0
838431,0
838432,32
838433,0
838434,0
838435,0
838436,0
838437,0
838438,42
838439,0
838440,0
838441,0
838442,0
838443,0
838444,0
838445,0
838446,0
838447,0
838448,0
838449,0
838450,0
838451,0
838452,0
838453,37
838454,0
838455,0
838456,0
838457,0
838458,0
838459,0
838460,86
838461,0
838462,0
838463,0
838464,0
838465,0
838466,0
838467,0
838468,0
838469,0
838470,0
838471,0
838472,0
838473,0
838474,27
838475,0
838476,0
838477,0
838478,0
838479,0
838480,0
838481,0
838482,0
838483,0
838484,0
838485,0
838486,0
838487,0
838488,0
838489,0
838490,0
838491,0
838492,0
838493,0
838494,0
838495,0
838496,0
838497,0
838498,0
838499,0
838500,0
838501,0
838502,0
838503,0
838504,0
838505,0
838506,0
838507,0
838508,0
838509,0
838510,0
838511,0
838512,0
838513,0
838514,0
838515,0
838516,0
838517,0
838518,0
838519,0
838520,0
838521,0
838522,0
838523,0
838524,0
838525,0
838526,0
838527,0
838528,0
838529,0
838530,0
838531,0
838532,0
838533,0
838534,0
838535,0
838536,56
838537,0
838538,0
838539,0
838540,0
838541,0
838542,0
838543,0
838544,0
838545,0
838546,0
838547,32
838548,0
838549,0
838550,0
838551,0
838552,0
838553,0
838554,0
838555,0
838556,0
838557,0
838558,0
838559,0
838560,0
838561,0
838562,0
838563,0
838564,0
838565,0
838566,0
838567,0
838568,0
838569,0
838570,0
838571,0
838572,0
838573,0
838574,0
838575,0
838576,48
838577,0
838578,0
838579,0
838580,0
838581,0
838582,0
838583,0
838584,0
838585,0
838586,0
838587,76
838588,0
838589,0
838590,30
838591,0
838592,0
838593,0
838594,0
838595,0
838596,0
838597,0
838598,70
838599,0
838600,0
838601,0
838602,0
838603,0
838604,0
838605,0
838606,0
838607,38
838608,0
838609,0
838610,0
838611,0
838612,0
838613,0
838614,0
838615,0
838616,0
838617,0
838618,33
838619,0
838620,0
838621,0
838622,0
838623,0
838624,0
838625,0
838626,0
838627,0
838628,0
838629,0
838630,69
838631,0
838632,0
838633,0
838634,0
838635,0
838636,0
838637,0
838638,0
838639,0
838640,0
838641,0
838642,0
838643,0
838644,0
838645,0
838646,0
838647,0
838648,0
838649,0
838650,0
838651,27
838652,0
838653,0
838654,0
838655,0
838656,0
838657,0
838658,0
838659,0
838660,0
838661,0
838662,0
838663,0
838664,0
838665,0
838666,0
838667,0
838668,0
838669,0
838670,0
838671,0
838672,0
838673,0
838674,0
838675,0
838676,38
838677,0
838678,0
838679,0
838680,0
838681,0
838682,0
838683,0
838684,0
838685,0
838686,57
838687,0
838688,0
838689,0
838690,0
838691,0
838692,0
838693,0
838694,0
838695,0
838696,0
838697,0
838698,0
838699,0
838700,0
838701,0
838702,0
838703,0
838704,0
838705,0
838706,0
838707,0
838708,0
838709,0
838710,0
838711,0
838712,0
838713,0
838714,0
838715,0
838716,0
838717,0
838718,0
838719,0
838720,0
838721,37
838722,0
838723,0
838724,0
838725,0
838726,0
838727,0
838728,0
838729,0
838730,0
838731,0
838732,0
838733,0
838734,0
838735,0
838736,0
838737,0
838738,0
838739,0
838740,0
838741,0
838742,45
838743,0
838744,0
838745,0
838746,0
838747,0
838748,0
838749,0
838750,0
838751,0
838752,35
838753,32
838754,0
838755,0
838756,0
838757,0
838758,0
838759,0
838760,0
838761,44
838762,0
838763,0
838764,26
838765,0
838766,0
838767,0
838768,0
838769,0
838770,0
838771,0
838772,0
838773,0
838774,0
838775,0
838776,0
838777,0
838778,0
838779,0
838780,0
838781,0
838782,0
838783,0
838784,27
838785,0
838786,0
838787,0
838788,0
838789,0
838790,0
838791,0
838792,0
838793,0
838794,0
838795,0
838796,32
838797,0
838798,0
838799,0
838800,0
838801,0
838802,0
838803,0
838804,0
838805,67
838806,0
838807,0
838808,0
838809,0
838810,0
838811,0
838812,0
838813,0
838814,0
838815,0
838816,0
838817,0
838818,0
838819,0
838820,0
838821,0
838822,0
838823,0
838824,0
838825,0
838826,0
838827,0
838828,0
838829,0
838830,0
838831,39
838832,0
838833,0
838834,0
838835,0
838836,0
838837,0
838838,0
838839,0
838840,0
838841,0
838842,0
838843,0
838844,24
838845,0
838846,0
838847,29
838848,0
838849,0
838850,20
838851,0
838852,0
838853,0
838854,0
838855,0
838856,0
838857,0
838858,0
838859,31
838860,0
838861,0
838862,0
838863,0
838864,0
838865,0
838866,0
838867,0
838868,0
838869,0
838870,0
838871,26
838872,84
838873,0
838874,0
838875,0
838876,0
838877,0
838878,0
838879,0
838880,0
838881,0
838882,0
838883,0
838884,0
838885,0
838886,0
838887,0
838888,0
838889,0
838890,0
838891,62
838892,0
838893,0
838894,0
838895,0
838896,0
838897,0
838898,0
838899,0
838900,0
838901,0
838902,0
838903,0
838904,0
838905,0
838906,0
838907,0
838908,0
838909,0
838910,0
838911,0
838912,0
838913,35
838914,0
838915,33
838916,0
838917,0
838918,0
838919,24
838920,0
838921,0
838922,0
838923,0
838924,0
838925,0
838926,0
838927,0
838928,0
838929,0
838930,0
838931,0
838932,0
838933,0
838934,27
838935,0
838936,0
838937,0
838938,0
838939,0
838940,0
838941,0
838942,0
838943,0
838944,0
838945,0
838946,0
838947,0
838948,0
838949,0
838950,0
838951,0
838952,0
838953,0
838954,0
838955,0
838956,0
838957,61
838958,0
838959,0
838960,0
838961,0
838962,0
838963,0
838964,0
838965,0
838966,0
838967,0
838968,0
838969,0
838970,0
838971,0
838972,0
838973,0
838974,0
838975,0
838976,0
838977,0
838978,0
838979,0
838980,0
838981,0
838982,0
838983,0
838984,0
838985,0
838986,0
838987,0
838988,16
838989,0
838990,0
838991,0
838992,0
838993,0
838994,0
838995,29
838996,0
838997,0
838998,0
838999,0
839000,0
839001,0
839002,0
839003,0
839004,0
839005,0
839006,0
839007,0
839008,0
839009,30
839010,0
839011,0
839012,26
839013,0
839014,0
839015,0
839016,35
839017,0
839018,0
839019,0
839020,0
839021,0
839022,0
839023,40
839024,0
839025,0
839026,0
839027,0
839028,25
839029,0
839030,0
839031,0
839032,0
839033,0
839034,0
839035,0
839036,0
839037,0
839038,0
839039,0
839040,0
839041,0
839042,0
839043,0
839044,0
839045,0
839046,0
839047,0
839048,0
839049,0
839050,0
839051,0
839052,0
839053,0
839054,0
839055,0
839056,0
839057,0
839058,0
839059,0
839060,0
839061,0
839062,0
839063,0
839064,0
839065,0
839066,0
839067,0
839068,0
839069,33
839070,0
839071,0
839072,0
839073,0
839074,0
839075,0
839076,0
839077,0
839078,0
839079,0
839080,39
839081,0
839082,0
839083,27
839084,0
839085,0
839086,0
839087,0
839088,19
839089,0
839090,0
839091,0
839092,0
839093,0
839094,0
839095,0
839096,0
839097,0
839098,0
839099,0
839100,18
839101,14
839102,0
839103,0
839104,0
839105,0
839106,0
839107,0
839108,0
839109,0
839110,0
839111,0
839112,15
839113,0
839114,0
839115,0
839116,0
839117,0
839118,18
839119,0
839120,0
839121,0
839122,0
839123,0
839124,0
839125,20
839126,0
839127,0
839128,0
839129,0
839130,0
839131,23
839132,0
839133,0
839134,0
839135,0
839136,8
839137,0
839138,0
839139,0
839140,0
839141,0
839142,0
839143,0
839144,0
839145,14
839146,0
839147,0
839148,0
839149,0
839150,0
839151,0
839152,0
839153,0
839154,0
839155,0
839156,0
839157,0
839158,21
839159,0
839160,0
839161,0
839162,0
839163,0
839164,0
839165,8
839166,0
839167,0
839168,17
839169,0
839170,0
839171,20
839172,0
839173,0
839174,0
839175,18
839176,0
839177,0
839178,0
839179,0
839180,0
839181,0
839182,0
839183,0
839184,19
839185,0
839186,0
839187,0
839188,0
839189,0
839190,0
839191,0
839192,0
839193,0
839194,0
839195,0
839196,0
839197,0
839198,0
839199,0
839200,8
839201,18
839202,0
839203,0
839204,0
839205,0
839206,0
839207,0
839208,0
839209,13
839210,7
839211,0
839212,0
839213,0
839214,0
839215,0
839216,0
839217,0
839218,0
839219,0
839220,0
839221,0
839222,0
839223,0
839224,0
839225,0
839226,0
839227,0
839228,0
839229,0
839230,0
839231,0
839232,0
839233,0
839234,0
839235,0
839236,0
839237,0
839238,0
839239,0
839240,0
839241,0
839242,0
839243,0
839244,0
839245,0
839246,0
839247,0
839248,0
839249,0
839250,0
839251,0
839252,0
839253,0
839254,0
839255,0
839256,0
839257,0
839258,0
839259,0
839260,0
839261,0
839262,0
839263,0
839264,0
839265,0
839266,0
839267,0
839268,0
839269,0
839270,0
839271,0
839272,0
839273,0
839274,0
839275,15
839276,19
839277,0
839278,12
839279,0
839280,0
839281,0
839282,0
839283,0
839284,0
839285,0
839286,0
839287,0
839288,0
839289,0
839290,0
839291,0
839292,0
839293,19
839294,0
839295,0
839296,0
839297,0
839298,0
839299,0
839300,0
839301,0
839302,14
839303,0
839304,0
839305,0
839306,0
839307,17
839308,0
839309,0
839310,0
839311,0
839312,0
839313,0
839314,0
839315,0
839316,0
839317,0
839318,0
839319,0
839320,0
839321,0
839322,0
839323,0
839324,0
839325,0
839326,0
839327,0
839328,0
839329,0
839330,0
839331,0
839332,0
839333,0
839334,0
839335,0
839336,0
839337,0
839338,0
839339,0
839340,0
839341,11
839342,0
839343,0
839344,0
839345,0
839346,0
839347,0
839348,0
839349,29
839350,0
839351,0
839352,17
839353,0
839354,0
839355,15
839356,23
839357,0
839358,0
839359,0
839360,0
839361,0
839362,13
839363,0
839364,0
839365,0
839366,0
839367,0
839368,0
839369,0
839370,0
839371,16
839372,0
839373,19
839374,0
839375,11
839376,0
839377,0
839378,14
839379,0
839380,0
839381,0
839382,0
839383,0
839384,0
839385,0
839386,0
839387,0
839388,0
839389,0
839390,11
839391,0
839392,0
839393,0
839394,0
839395,0
839396,0
839397,0
839398,0
839399,0
839400,0
839401,0
839402,0
839403,0
839404,0
839405,0
839406,0
839407,0
839408,0
839409,0
839410,19
839411,0
839412,0
839413,0
839414,0
839415,14
839416,21
839417,0
839418,0
839419,0
839420,0
839421,0
839422,0
839423,0
839424,0
839425,0
839426,0
839427,0
839428,0
839429,0
839430,0
839431,0
839432,0
839433,0
839434,0
839435,0
839436,0
839437,0
839438,0
839439,0
839440,14
839441,0
839442,0
839443,0
839444,0
839445,0
839446,0
839447,0
839448,0
839449,0
839450,0
839451,0
839452,0
839453,0
839454,0
839455,16
839456,0
839457,17
839458,0
839459,0
839460,0
839461,0
839462,0
839463,0
839464,0
839465,0
839466,0
839467,0
839468,0
839469,15
839470,0
839471,0
839472,0
839473,0
839474,0
839475,0
839476,0
839477,0
839478,0
839479,0
839480,0
839481,0
839482,0
839483,0
839484,0
839485,17
839486,0
839487,0
839488,18
839489,0
839490,0
839491,0
839492,0
839493,0
839494,18
839495,0
839496,0
839497,0
839498,0
839499,0
839500,21
839501,0
839502,0
839503,22
839504,0
839505,0
839506,13
839507,0
839508,0
839509,0
839510,0
839511,14
839512,0
839513,0
839514,20
839515,0
839516,0
839517,0
839518,0
839519,0
839520,9
839521,11
839522,0
839523,0
839524,0
839525,0
839526,0
839527,0
839528,0
839529,0
839530,0
839531,0
839532,0
839533,0
839534,0
839535,0
839536,0
839537,19
839538,0
839539,0
839540,28
839541,0
839542,0
839543,0
839544,0
839545,0
839546,0
839547,0
839548,0
839549,0
839550,21
839551,0
839552,0
839553,0
839554,0
839555,0
839556,0
839557,0
839558,0
839559,0
839560,0
839561,0
839562,0
839563,0
839564,0
839565,0
839566,0
839567,0
839568,0
839569,18
839570,0
839571,0
839572,25
839573,0
839574,0
839575,0
839576,0
839577,0
839578,0
839579,0
839580,0
839581,21
839582,0
839583,0
839584,0
839585,0
839586,0
839587,0
839588,0
839589,0
839590,12
839591,0
839592,0
839593,0
839594,0
839595,0
839596,0
839597,0
839598,0
839599,0
839600,0
839601,0
839602,0
839603,0
839604,0
839605,0
839606,0
839607,0
839608,0
839609,0
839610,0
839611,0
839612,26
839613,0
839614,0
839615,0
839616,0
839617,0
839618,20
839619,0
839620,26
839621,0
839622,0
839623,28
839624,0
839625,0
839626,0
839627,31
839628,0
839629,0
839630,0
839631,0
839632,21
839633,0
839634,27
839635,0
839636,0
839637,0
839638,27
839639,0
839640,16
839641,22
839642,0
839643,0
839644,0
839645,0
839646,0
839647,24
839648,0
839649,0
839650,0
839651,32
839652,26
839653,0
839654,0
839655,24
839656,0
839657,0
839658,0
839659,0
839660,0
839661,0
839662,16
839663,0
839664,0
839665,0
839666,25
839667,0
839668,30
839669,27
839670,24
839671,0
839672,0
839673,0
839674,27
839675,0
839676,0
839677,18
839678,0
839679,0
839680,0
839681,0
839682,21
839683,0
839684,0
839685,0
839686,0
839687,0
839688,0
839689,0
839690,0
839691,26
839692,0
839693,0
839694,0
839695,30
839696,0
839697,0
839698,0
839699,0
839700,0
839701,0
839702,0
839703,26
839704,0
839705,13
839706,0
839707,0
839708,0
839709,26
839710,18
839711,0
839712,0
839713,28
839714,0
839715,0
839716,0
839717,16
839718,0
839719,0
839720,22
839721,0
839722,0
839723,23
839724,0
839725,0
839726,0
839727,0
839728,0
839729,0
839730,0
839731,36
839732,0
839733,0
839734,0
839735,0
839736,19
839737,0
839738,0
839739,0
839740,0
839741,0
839742,0
839743,0
839744,0
839745,0
839746,0
839747,0
839748,0
839749,22
839750,0
839751,0
839752,31
839753,0
839754,0
839755,0
839756,0
839757,0
839758,15
839759,0
839760,0
839761,0
839762,0
839763,25
839764,0
839765,0
839766,0
839767,0
839768,0
839769,0
839770,0
839771,0
839772,0
839773,0
839774,28
839775,22
839776,0
839777,0
839778,0
839779,0
839780,0
839781,0
839782,0
839783,0
839784,0
839785,0
839786,0
839787,0
839788,0
839789,0
839790,0
839791,26
839792,0
839793,31
839794,0
839795,0
839796,0
839797,0
839798,19
839799,0
839800,0
839801,16
839802,0
839803,0
839804,0
839805,36
839806,0
839807,0
839808,0
839809,0
839810,0
839811,0
839812,0
839813,0
839814,21
839815,0
839816,0
839817,0
839818,0
839819,0
839820,0
839821,0
839822,0
839823,0
839824,0
839825,0
839826,0
839827,0
839828,5
839829,0
839830,28
839831,28
839832,0
839833,0
839834,0
839835,0
839836,0
839837,0
839838,0
839839,0
839840,0
839841,0
839842,0
839843,18
839844,0
839845,0
839846,0
839847,30
839848,0
839849,0
839850,0
839851,26
839852,0
839853,0
839854,0
839855,0
839856,8
839857,38
839858,0
839859,0
839860,0
839861,0
839862,0
839863,0
839864,0
839865,13
839866,0
839867,0
839868,0
839869,0
839870,0
839871,36
839872,20
839873,20
839874,0
839875,0
839876,0
839877,0
839878,20
839879,0
839880,0
839881,12
839882,0
839883,0
839884,13
839885,38
839886,0
839887,14
839888,0
839889,31
839890,0
839891,24
839892,0
839893,0
839894,0
839895,0
839896,0
839897,38
839898,0
839899,0
839900,12
839901,0
839902,18
839903,30
839904,0
839905,18
839906,14
839907,0
839908,0
839909,26
839910,0
839911,0
839912,0
839913,0
839914,0
839915,0
839916,0
839917,0
839918,0
839919,0
839920,0
839921,0
839922,21
839923,0
839924,23
839925,0
839926,0
839927,14
839928,0
839929,0
839930,0
839931,0
839932,0
839933,24
839934,0
839935,0
839936,22
839937,0
839938,28
839939,8
839940,0
839941,0
839942,0
839943,0
839944,0
839945,0
839946,0
839947,0
839948,0
839949,0
839950,0
839951,0
839952,0
839953,0
839954,0
839955,0
839956,0
839957,0
839958,0
839959,0
839960,0
839961,0
839962,0
839963,0
839964,0
839965,0
839966,0
839967,0
839968,0
839969,8
839970,0
839971,17
839972,0
839973,22
839974,0
839975,21
839976,0
839977,0
839978,15
839979,0
839980,0
839981,0
839982,0
839983,10
839984,15
839985,0
839986,0
839987,47
839988,0
839989,0
839990,0
839991,0
839992,17
839993,0
839994,14
839995,0
839996,17
839997,23
839998,16
839999,0
840000,0
840001,0
840002,0
840003,0
840004,0
840005,20
840006,0
840007,0
840008,0
840009,0
840010,0
840011,0
840012,0
840013,19
840014,0
840015,0
840016,0
840017,0
840018,0
840019,0
840020,0
840021,0
840022,0
840023,0
840024,0
840025,0
840026,0
840027,30
840028,25
840029,24
840030,0
840031,0
840032,12
840033,0
840034,0
840035,18
840036,0
840037,0
840038,0
840039,22
840040,23
840041,0
840042,23
840043,0
840044,0
840045,0
840046,0
840047,17
840048,0
840049,0
840050,0
840051,0
840052,0
840053,0
840054,12
840055,0
840056,23
840057,0
840058,36
840059,0
840060,0
840061,0
840062,0
840063,21
840064,0
840065,0
840066,15
840067,19
840068,0
840069,9
840070,20
840071,0
840072,0
840073,0
840074,0
840075,0
840076,0
840077,0
840078,0
840079,0
840080,15
840081,0
840082,0
840083,0
840084,0
840085,7
840086,16
840087,0
840088,0
840089,0
840090,7
840091,0
840092,0
840093,0
840094,0
840095,0
840096,0
840097,0
840098,0
840099,0
840100,0
840101,0
840102,0
840103,0
840104,0
840105,37
840106,0
840107,0
840108,0
840109,0
840110,8
840111,0
840112,10
840113,5
840114,30
840115,0
840116,0
840117,0
840118,0
840119,0
840120,0
840121,21
840122,0
840123,29
840124,0
840125,30
840126,0
840127,0
840128,0
840129,0
840130,0
840131,0
840132,24
840133,0
840134,0
840135,0
840136,0
840137,0
840138,22
840139,0
840140,0
840141,0
840142,12
840143,0
840144,0
840145,0
840146,0
840147,0
840148,0
840149,0
840150,0
840151,21
840152,0
840153,13
840154,0
840155,17
840156,0
840157,24
840158,24
840159,0
840160,0
840161,28
840162,0
840163,0
840164,0
840165,0
840166,0
840167,0
840168,0
840169,0
840170,0
840171,0
840172,0
840173,0
840174,0
840175,0
840176,0
840177,0
840178,0
840179,0
840180,22
840181,0
840182,18
840183,0
840184,27
840185,0
840186,0
840187,0
840188,11
840189,0
840190,29
840191,0
840192,0
840193,0
840194,0
840195,20
840196,17
840197,0
840198,0
840199,0
840200,0
840201,0
840202,0
840203,0
840204,4
840205,0
840206,19
840207,0
840208,11
840209,0
840210,0
840211,22
840212,0
840213,26
840214,0
840215,0
840216,9
840217,23
840218,0
840219,32
840220,0
840221,0
840222,0
840223,0
840224,23
840225,18
840226,0
840227,0
840228,0
840229,0
840230,0
840231,0
840232,0
840233,0
840234,16
840235,8
840236,0
840237,0
840238,16
840239,0
840240,20
840241,0
840242,0
840243,0
840244,22
840245,0
840246,0
840247,29
840248,0
840249,0
840250,0
840251,0
840252,0
840253,0
840254,15
840255,15
840256,0
840257,0
840258,0
840259,0
840260,21
840261,0
840262,0
840263,0
840264,0
840265,0
840266,0
840267,0
840268,0
840269,0
840270,0
840271,23
840272,0
840273,11
840274,0
840275,0
840276,0
840277,0
840278,0
840279,0
840280,0
840281,0
840282,0
840283,0
840284,0
840285,0
840286,15
840287,0
840288,0
840289,19
840290,19
840291,0
840292,28
840293,0
840294,0
840295,0
840296,0
840297,0
840298,13
840299,0
840300,0
840301,0
840302,0
840303,5
840304,0
840305,0
840306,0
840307,0
840308,7
840309,0
840310,0
840311,0
840312,0
840313,0
840314,0
840315,0
840316,0
840317,0
840318,0
840319,19
840320,0
840321,0
840322,0
840323,0
840324,37
840325,24
840326,21
840327,0
840328,19
840329,37
840330,0
840331,0
840332,18
840333,0
840334,26
840335,24
840336,0
840337,22
840338,0
840339,0
840340,0
840341,18
840342,23
840343,12
840344,0
840345,0
840346,0
840347,0
840348,0
840349,0
840350,0
840351,11
840352,0
840353,0
840354,0
840355,0
840356,0
840357,0
840358,0
840359,0
840360,0
840361,44
840362,0
840363,0
840364,0
840365,0
840366,29
840367,17
840368,46
840369,0
840370,27
840371,16
840372,0
840373,0
840374,0
840375,0
840376,0
840377,0
840378,0
840379,0
840380,0
840381,0
840382,0
840383,19
840384,0
840385,0
840386,0
840387,0
840388,0
840389,27
840390,0
840391,0
840392,0
840393,0
840394,0
840395,0
840396,0
840397,0
840398,0
840399,0
840400,0
840401,0
840402,0
840403,26
840404,0
840405,0
840406,37
840407,0
840408,0
840409,0
840410,0
840411,0
840412,24
840413,17
840414,8
840415,0
840416,0
840417,0
840418,0
840419,12
840420,5
840421,0
840422,13
840423,0
840424,30
840425,0
840426,0
840427,0
840428,0
840429,0
840430,0
840431,14
840432,0
840433,0
840434,0
840435,0
840436,0
840437,0
840438,0
840439,0
840440,0
840441,0
840442,14
840443,0
840444,0
840445,27
840446,26
840447,0
840448,0
840449,16
840450,0
840451,5
840452,32
840453,0
840454,0
840455,0
840456,0
840457,0
840458,12
840459,21
840460,0
840461,0
840462,0
840463,0
840464,0
840465,0
840466,0
840467,9
840468,24
840469,0
840470,0
840471,0
840472,16
840473,0
840474,0
840475,0
840476,0
840477,0
840478,0
840479,14
840480,0
840481,26
840482,0
840483,0
840484,0
840485,12
840486,0
840487,0
840488,0
840489,0
840490,28
840491,0
840492,18
840493,0
840494,0
840495,0
840496,0
840497,0
840498,0
840499,0
840500,0
840501,0
840502,41
840503,0
840504,0
840505,0
840506,0
840507,0
840508,45
840509,0
840510,0
840511,17
840512,0
840513,0
840514,18
840515,3
840516,0
840517,0
840518,0
840519,25
840520,0
840521,0
840522,25
840523,0
840524,0
840525,0
840526,0
840527,0
840528,0
840529,0
840530,0
840531,0
840532,0
840533,0
840534,0
840535,0
840536,0
840537,0
840538,0
840539,0
840540,11
840541,17
840542,0
840543,19
840544,0
840545,0
840546,28
840547,0
840548,3
840549,0
840550,0
840551,47
840552,0
840553,0
840554,0
840555,0
840556,0
840557,0
840558,0
840559,22
840560,19
840561,0
840562,19
840563,24
840564,0
840565,17
840566,0
840567,0
840568,0
840569,0
840570,0
840571,0
840572,0
840573,0
840574,42
840575,34
840576,31
840577,0
840578,0
840579,0
840580,11
840581,0
840582,0
840583,0
840584,0
840585,0
840586,23
840587,0
840588,0
840589,0
840590,0
840591,8
840592,0
840593,0
840594,48
840595,15
840596,0
840597,0
840598,0
840599,16
840600,0
840601,0
840602,0
840603,13
840604,0
840605,0
840606,0
840607,0
840608,0
840609,0
840610,0
840611,0
840612,20
840613,27
840614,14
840615,0
840616,0
840617,0
840618,15
840619,0
840620,0
840621,30
840622,0
840623,0
840624,0
840625,0
840626,0
840627,0
840628,0
840629,0
840630,0
840631,0
840632,0
840633,0
840634,0
840635,0
840636,0
840637,0
840638,0
840639,38
840640,0
840641,0
840642,0
840643,0
840644,0
840645,39
840646,0
840647,0
840648,0
840649,27
840650,0
840651,0
840652,0
840653,31
840654,0
840655,27
840656,0
840657,0
840658,0
840659,30
840660,27
840661,0
840662,0
840663,0
840664,0
840665,0
840666,0
840667,0
840668,28
840669,0
840670,0
840671,0
840672,0
840673,24
840674,28
840675,0
840676,0
840677,24
840678,0
840679,0
840680,0
840681,0
840682,0
840683,0
840684,0
840685,37
840686,0
840687,0
840688,0
840689,0
840690,0
840691,0
840692,0
840693,0
840694,0
840695,0
840696,0
840697,0
840698,0
840699,0
840700,0
840701,24
840702,0
840703,25
840704,0
840705,0
840706,0
840707,27
840708,0
840709,24
840710,0
840711,0
840712,0
840713,0
840714,0
840715,28
840716,0
840717,31
840718,0
840719,0
840720,0
840721,0
840722,29
840723,0
840724,0
840725,0
840726,0
840727,0
840728,0
840729,0
840730,0
840731,54
840732,0
840733,0
840734,0
840735,0
840736,0
840737,35
840738,0
840739,26
840740,27
840741,0
840742,0
840743,0
840744,0
840745,0
840746,0
840747,0
840748,0
840749,0
840750,0
840751,0
840752,0
840753,0
840754,0
840755,29
840756,0
840757,36
840758,0
840759,0
840760,0
840761,24
840762,0
840763,54
840764,14
840765,0
840766,0
840767,25
840768,0
840769,0
840770,0
840771,0
840772,0
840773,0
840774,0
840775,0
840776,0
840777,0
840778,0
840779,0
840780,0
840781,0
840782,0
840783,0
840784,6
840785,0
840786,0
840787,0
840788,0
840789,0
840790,0
840791,2
840792,0
840793,0
840794,0
840795,0
840796,0
840797,0
840798,0
840799,0
840800,0
840801,0
840802,0
840803,0
840804,0
840805,0
840806,0
840807,0
840808,0
840809,0
840810,0
840811,0
840812,0
840813,0
840814,0
840815,0
840816,0
840817,0
840818,0
840819,0
840820,0
840821,0
840822,0
840823,0
840824,0
840825,0
840826,5
840827,0
840828,0
840829,0
840830,0
840831,0
840832,0
840833,0
840834,0
840835,0
840836,1
840837,0
840838,0
840839,0
840840,0
840841,0
840842,0
840843,0
840844,0
840845,0
840846,0
840847,0
840848,0
840849,1
840850,0
840851,0
840852,0
840853,0
840854,0
840855,0
840856,0
840857,0
840858,0
840859,0
840860,6
840861,0
840862,1
840863,0
840864,0
840865,0
840866,0
840867,0
840868,0
840869,0
840870,0
840871,0
840872,0
840873,0
840874,0
840875,0
840876,0
840877,2
840878,0
840879,0
840880,0
840881,1
840882,0
840883,0
840884,0
840885,4
840886,0
840887,1
840888,0
840889,0
840890,0
840891,0
840892,0
840893,0
840894,0
840895,0
840896,0
840897,0
840898,0
840899,0
840900,0
840901,0
840902,0
840903,3
840904,0
840905,0
840906,2
840907,0
840908,0
840909,0
840910,0
840911,0
840912,0
840913,0
840914,0
840915,0
840916,0
840917,5
840918,0
840919,0
840920,0
840921,0
840922,0
840923,0
840924,0
840925,0
840926,0
840927,0
840928,0
840929,0
840930,0
840931,0
840932,0
840933,0
840934,0
840935,4
840936,0
840937,0
840938,3
840939,0
840940,0
840941,1
840942,0
840943,1
840944,0
840945,4
840946,0
840947,0
840948,0
840949,0
840950,2
840951,0
840952,0
840953,0
840954,1
840955,0
840956,0
840957,0
840958,0
840959,2
840960,0
840961,0
840962,0
840963,0
840964,0
840965,0
840966,0
840967,0
840968,0
840969,0
840970,0
840971,0
840972,0
840973,0
840974,0
840975,0
840976,0
840977,0
840978,2
840979,0
840980,0
840981,0
840982,0
840983,0
840984,0
840985,0
840986,0
840987,0
840988,0
840989,0
840990,0
840991,0
840992,0
840993,0
840994,0
840995,0
840996,0
840997,0
840998,1
840999,0
841000,2
841001,0
841002,3
841003,0
841004,0
841005,0
841006,0
841007,0
841008,0
841009,0
841010,0
841011,0
841012,0
841013,0
841014,0
841015,0
841016,0
841017,1
841018,0
841019,0
841020,0
841021,0
841022,0
841023,0
841024,0
841025,0
841026,0
841027,0
841028,0
841029,0
841030,0
841031,0
841032,0
841033,0
841034,0
841035,0
841036,1
841037,0
841038,1
841039,0
841040,0
841041,0
841042,0
841043,0
841044,0
841045,0
841046,0
841047,2
841048,1
841049,0
841050,0
841051,0
841052,1
841053,0
841054,0
841055,1
841056,0
841057,0
841058,0
841059,0
841060,0
841061,0
841062,0
841063,0
841064,0
841065,0
841066,0
841067,3
841068,0
841069,0
841070,0
841071,0
841072,0
841073,0
841074,0
841075,0
841076,0
841077,0
841078,0
841079,0
841080,0
841081,0
841082,0
841083,0
841084,3
841085,0
841086,4
841087,0
841088,0
841089,0
841090,0
841091,0
841092,0
841093,0
841094,0
841095,0
841096,0
841097,3
841098,0
841099,0
841100,0
841101,0
841102,0
841103,0
841104,0
841105,0
841106,0
841107,1
841108,0
841109,0
841110,0
841111,0
841112,0
841113,0
841114,0
841115,2
841116,0
841117,3
841118,0
841119,0
841120,0
841121,2
841122,0
841123,4
841124,0
841125,0
841126,0
841127,0
841128,0
841129,0
841130,3
841131,3
841132,0
841133,0
841134,0
841135,0
841136,0
841137,3
841138,0
841139,0
841140,0
841141,0
841142,0
841143,0
841144,2
841145,0
841146,3
841147,0
841148,0
841149,0
841150,0
841151,2
841152,2
841153,0
841154,1
841155,0
841156,0
841157,0
841158,3
841159,0
841160,0
841161,1
841162,2
841163,0
841164,0
841165,0
841166,0
841167,0
841168,1
841169,0
841170,0
841171,0
841172,0
841173,0
841174,0
841175,0
841176,0
841177,2
841178,0
841179,0
841180,0
841181,1
841182,0
841183,0
841184,0
841185,3
841186,0
841187,0
841188,1
841189,0
841190,0
841191,0
841192,0
841193,3
841194,0
841195,0
841196,0
841197,1
841198,0
841199,2
841200,0
841201,0
841202,0
841203,0
841204,0
841205,0
841206,0
841207,0
841208,0
841209,0
841210,0
841211,0
841212,0
841213,0
841214,0
841215,0
841216,0
841217,0
841218,0
841219,0
841220,0
841221,0
841222,0
841223,0
841224,0
841225,0
841226,0
841227,0
841228,0
841229,0
841230,0
841231,0
841232,0
841233,0
841234,0
841235,2
841236,4
841237,3
841238,0
841239,0
841240,0
841241,0
841242,0
841243,0
841244,2
841245,0
841246,0
841247,0
841248,3
841249,0
841250,0
841251,0
841252,0
841253,0
841254,0
841255,0
841256,0
841257,0
841258,0
841259,0
841260,5
841261,2
841262,0
841263,0
841264,0
841265,1
841266,4
841267,0
841268,2
841269,0
841270,0
841271,0
841272,0
841273,0
841274,0
841275,0
841276,0
841277,0
841278,3
841279,0
841280,0
841281,0
841282,0
841283,0
841284,0
841285,0
841286,0
841287,0
841288,0
841289,0
841290,0
841291,0
841292,0
841293,0
841294,0
841295,0
841296,0
841297,0
841298,0
841299,0
841300,0
841301,3
841302,0
841303,0
841304,0
841305,0
841306,0
841307,0
841308,0
841309,0
841310,0
841311,3
841312,0
841313,0
841314,3
841315,0
841316,2
841317,0
841318,0
841319,0
841320,0
841321,0
841322,0
841323,0
841324,0
841325,0
841326,0
841327,0
841328,1
841329,0
841330,0
841331,0
841332,0
841333,3
841334,3
841335,0
841336,0
841337,0
841338,0
841339,1
841340,0
841341,1
841342,0
841343,0
841344,0
841345,0
841346,0
841347,1
841348,3
841349,2
841350,0
841351,0
841352,0
841353,0
841354,0
841355,0
841356,0
841357,0
841358,0
841359,0
841360,0
841361,0
841362,0
841363,0
841364,0
841365,0
841366,0
841367,0
841368,0
841369,0
841370,0
841371,0
841372,0
841373,0
841374,0
841375,0
841376,0
841377,0
841378,1
841379,0
841380,0
841381,1
841382,1
841383,0
841384,0
841385,0
841386,0
841387,0
841388,0
841389,0
841390,0
841391,0
841392,0
841393,0
841394,0
841395,0
841396,0
841397,0
841398,0
841399,2
841400,3
841401,0
841402,0
841403,4
841404,0
841405,0
841406,0
841407,0
841408,0
841409,0
841410,0
841411,0
841412,0
841413,0
841414,0
841415,0
841416,0
841417,0
841418,0
841419,0
841420,0
841421,0
841422,0
841423,0
841424,0
841425,0
841426,0
841427,0
841428,1
841429,0
841430,0
841431,0
841432,0
841433,3
841434,1
841435,0
841436,0
841437,0
841438,0
841439,6
841440,0
841441,0
841442,0
841443,1
841444,0
841445,0
841446,0
841447,0
841448,5
841449,0
841450,0
841451,0
841452,0
841453,0
841454,3
841455,0
841456,0
841457,2
841458,2
841459,0
841460,0
841461,0
841462,0
841463,0
841464,3
841465,0
841466,0
841467,0
841468,0
841469,0
841470,0
841471,0
841472,0
841473,0
841474,0
841475,0
841476,0
841477,0
841478,0
841479,0
841480,0
841481,0
841482,0
841483,0
841484,0
841485,2
841486,4
841487,3
841488,0
841489,0
841490,3
841491,0
841492,0
841493,0
841494,0
841495,0
841496,4
841497,0
841498,0
841499,0
841500,2
841501,0
841502,0
841503,0
841504,0
841505,0
841506,0
841507,0
841508,4
841509,0
841510,0
841511,2
841512,0
841513,2
841514,0
841515,0
841516,0
841517,0
841518,0
841519,0
841520,0
841521,0
841522,0
841523,0
841524,0
841525,0
841526,0
841527,0
841528,0
841529,2
841530,0
841531,0
841532,0
841533,0
841534,0
841535,3
841536,0
841537,0
841538,0
841539,2
841540,0
841541,0
841542,0
841543,4
841544,0
841545,0
841546,0
841547,0
841548,5
841549,0
841550,1
841551,0
841552,0
841553,0
841554,0
841555,2
841556,0
841557,0
841558,0
841559,0
841560,0
841561,0
841562,0
841563,0
841564,0
841565,0
841566,2
841567,1
841568,0
841569,0
841570,2
841571,0
841572,1
841573,0
841574,0
841575,0
841576,0
841577,0
841578,0
841579,0
841580,0
841581,0
841582,0
841583,0
841584,0
841585,0
841586,0
841587,0
841588,0
841589,0
841590,0
841591,2
841592,0
841593,0
841594,0
841595,0
841596,0
841597,0
841598,0
841599,0
841600,2
841601,0
841602,0
841603,0
841604,1
841605,0
841606,0
841607,0
841608,0
841609,0
841610,0
841611,0
841612,0
841613,0
841614,0
841615,0
841616,0
841617,0
841618,0
841619,0
841620,0
841621,3
841622,0
841623,0
841624,0
841625,0
841626,4
841627,0
841628,0
841629,0
841630,0
841631,0
841632,0
841633,0
841634,0
841635,4
841636,2
841637,0
841638,0
841639,2
841640,0
841641,0
841642,0
841643,0
841644,0
841645,0
841646,0
841647,0
841648,0
841649,0
841650,0
841651,1
841652,0
841653,0
841654,0
841655,0
841656,0
841657,0
841658,0
841659,0
841660,0
841661,0
841662,0
841663,0
841664,0
841665,0
841666,0
841667,0
841668,0
841669,0
841670,0
841671,0
841672,0
841673,5
841674,0
841675,1
841676,1
841677,0
841678,0
841679,3
841680,0
841681,0
841682,0
841683,0
841684,0
841685,21
841686,0
841687,0
841688,0
841689,0
841690,0
841691,0
841692,0
841693,26
841694,0
841695,0
841696,0
841697,0
841698,17
841699,0
841700,0
841701,0
841702,0
841703,0
841704,0
841705,0
841706,0
841707,0
841708,0
841709,47
841710,0
841711,0
841712,0
841713,0
841714,0
841715,0
841716,0
841717,0
841718,0
841719,0
841720,0
841721,0
841722,0
841723,0
841724,0
841725,0
841726,0
841727,0
841728,0
841729,12
841730,0
841731,0
841732,0
841733,0
841734,0
841735,0
841736,0
841737,0
841738,0
841739,0
841740,0
841741,0
841742,0
841743,0
841744,0
841745,0
841746,0
841747,0
841748,0
841749,0
841750,0
841751,32
841752,0
841753,0
841754,0
841755,0
841756,0
841757,0
841758,0
841759,29
841760,0
841761,0
841762,0
841763,0
841764,0
841765,0
841766,0
841767,0
841768,0
841769,0
841770,0
841771,0
841772,0
841773,0
841774,0
841775,0
841776,0
841777,0
841778,0
841779,0
841780,0
841781,0
841782,0
841783,0
841784,0
841785,0
841786,0
841787,43
841788,0
841789,0
841790,30
841791,0
841792,0
841793,0
841794,0
841795,0
841796,0
841797,0
841798,0
841799,0
841800,0
841801,0
841802,0
841803,0
841804,0
841805,0
841806,0
841807,0
841808,0
841809,0
841810,0
841811,0
841812,0
841813,0
841814,0
841815,0
841816,0
841817,0
841818,0
841819,0
841820,15
841821,0
841822,0
841823,0
841824,0
841825,0
841826,0
841827,0
841828,0
841829,23
841830,19
841831,0
841832,0
841833,0
841834,0
841835,0
841836,0
841837,11
841838,28
841839,0
841840,0
841841,0
841842,20
841843,0
841844,0
841845,0
841846,0
841847,0
841848,0
841849,0
841850,0
841851,0
841852,0
841853,0
841854,0
841855,0
841856,0
841857,0
841858,0
841859,0
841860,30
841861,0
841862,0
841863,0
841864,0
841865,0
841866,0
841867,0
841868,0
841869,0
841870,11
841871,0
841872,0
841873,0
841874,0
841875,0
841876,0
841877,0
841878,0
841879,0
841880,0
841881,0
841882,0
841883,0
841884,0
841885,0
841886,0
841887,0
841888,0
841889,0
841890,0
841891,0
841892,0
841893,0
841894,0
841895,0
841896,0
841897,0
841898,0
841899,0
841900,0
841901,0
841902,0
841903,0
841904,0
841905,0
841906,0
841907,0
841908,0
841909,0
841910,0
841911,0
841912,0
841913,0
841914,0
841915,0
841916,0
841917,0
841918,11
841919,0
841920,0
841921,0
841922,0
841923,0
841924,0
841925,0
841926,48
841927,0
841928,0
841929,0
841930,0
841931,0
841932,45
841933,0
841934,43
841935,36
841936,0
841937,47
841938,0
841939,0
841940,0
841941,0
841942,0
841943,0
841944,0
841945,0
841946,43
841947,0
841948,28
841949,0
841950,0
841951,0
841952,0
841953,0
841954,0
841955,0
841956,0
841957,0
841958,0
841959,0
841960,0
841961,0
841962,0
841963,0
841964,0
841965,0
841966,0
841967,0
841968,0
841969,0
841970,0
841971,34
841972,0
841973,31
841974,0
841975,58
841976,0
841977,32
841978,0
841979,42
841980,0
841981,0
841982,0
841983,0
841984,41
841985,0
841986,0
841987,0
841988,41
841989,0
841990,0
841991,0
841992,0
841993,0
841994,0
841995,47
841996,0
841997,0
841998,40
841999,0
842000,36
842001,33
842002,0
842003,0
842004,0
842005,37
842006,33
842007,0
842008,32
842009,42
842010,0
842011,0
842012,0
842013,0
842014,0
842015,0
842016,0
842017,0
842018,0
842019,0
842020,0
842021,0
842022,0
842023,0
842024,0
842025,0
842026,0
842027,22
842028,0
842029,0
842030,0
842031,0
842032,22
842033,0
842034,0
842035,0
842036,0
842037,0
842038,0
842039,0
842040,0
842041,0
842042,0
842043,0
842044,0
842045,54
842046,31
842047,0
842048,0
842049,0
842050,0
842051,0
842052,0
842053,0
842054,0
842055,54
842056,0
842057,0
842058,0
842059,33
842060,0
842061,0
842062,0
842063,0
842064,0
842065,0
842066,0
842067,0
842068,0
842069,0
842070,0
842071,0
842072,0
842073,0
842074,0
842075,0
842076,0
842077,0
842078,0
842079,32
842080,37
842081,0
842082,0
842083,0
842084,0
842085,0
842086,0
842087,0
842088,0
842089,0
842090,31
842091,0
842092,0
842093,30
842094,0
842095,0
842096,0
842097,0
842098,0
842099,0
842100,0
842101,43
842102,36
842103,0
842104,0
842105,37
842106,0
842107,0
842108,56
842109,0
842110,0
842111,0
842112,0
842113,0
842114,0
842115,0
842116,0
842117,0
842118,45
842119,0
842120,0
842121,33
842122,0
842123,0
842124,0
842125,36
842126,0
842127,52
842128,0
842129,0
842130,0
842131,0
842132,0
842133,0
842134,0
842135,0
842136,0
842137,0
842138,0
842139,0
842140,0
842141,0
842142,0
842143,0
842144,0
842145,0
842146,0
842147,24
842148,0
842149,0
842150,0
842151,0
842152,0
842153,44
842154,35
842155,0
842156,0
842157,0
842158,0
842159,0
842160,0
842161,0
842162,0
842163,0
842164,0
842165,0
842166,0
842167,0
842168,0
842169,0
842170,0
842171,0
842172,0
842173,0
842174,0
842175,0
842176,0
842177,41
842178,0
842179,0
842180,0
842181,0
842182,0
842183,0
842184,0
842185,0
842186,32
842187,0
842188,0
842189,0
842190,0
842191,0
842192,0
842193,47
842194,0
842195,0
842196,0
842197,0
842198,0
842199,0
842200,0
842201,0
842202,0
842203,30
842204,0
842205,0
842206,0
842207,0
842208,23
842209,0
842210,0
842211,0
842212,30
842213,0
842214,0
842215,0
842216,0
842217,37
842218,42
842219,0
842220,45
842221,37
842222,37
842223,0
842224,0
842225,42
842226,0
842227,0
842228,0
842229,0
842230,0
842231,0
842232,0
842233,26
842234,0
842235,0
842236,0
842237,0
842238,0
842239,0
842240,0
842241,0
842242,0
842243,0
842244,0
842245,0
842246,0
842247,0
842248,0
842249,0
842250,0
842251,0
842252,0
842253,0
842254,0
842255,0
842256,0
842257,0
842258,0
842259,0
842260,0
842261,0
842262,0
842263,0
842264,0
842265,0
842266,0
842267,0
842268,0
842269,0
842270,0
842271,0
842272,0
842273,0
842274,0
842275,0
842276,0
842277,0
842278,25
842279,32
842280,0
842281,0
842282,0
842283,0
842284,0
842285,0
842286,32
842287,26
842288,0
842289,0
842290,0
842291,22
842292,0
842293,0
842294,0
842295,23
842296,21
842297,0
842298,0
842299,0
842300,0
842301,0
842302,0
842303,21
842304,0
842305,0
842306,0
842307,0
842308,0
842309,0
842310,0
842311,0
842312,0
842313,0
842314,0
842315,0
842316,0
842317,0
842318,0
842319,0
842320,0
842321,0
842322,0
842323,0
842324,0
842325,0
842326,0
842327,0
842328,0
842329,0
842330,27
842331,0
842332,0
842333,0
842334,0
842335,17
842336,0
842337,0
842338,0
842339,0
842340,0
842341,0
842342,23
842343,0
842344,0
842345,0
842346,0
842347,0
842348,0
842349,0
842350,0
842351,0
842352,0
842353,0
842354,0
842355,0
842356,0
842357,0
842358,0
842359,0
842360,0
842361,0
842362,0
842363,0
842364,0
842365,0
842366,32
842367,0
842368,0
842369,0
842370,0
842371,0
842372,0
842373,0
842374,0
842375,0
842376,0
842377,31
842378,0
842379,0
842380,0
842381,0
842382,0
842383,0
842384,0
842385,0
842386,0
842387,0
842388,0
842389,0
842390,0
842391,29
842392,0
842393,0
842394,26
842395,0
842396,0
842397,0
842398,0
842399,0
842400,0
842401,21
842402,0
842403,0
842404,0
842405,0
842406,24
842407,0
842408,0
842409,0
842410,0
842411,0
842412,0
842413,0
842414,0
842415,0
842416,0
842417,0
842418,0
842419,0
842420,0
842421,31
842422,0
842423,0
842424,32
842425,0
842426,0
842427,0
842428,0
842429,0
842430,0
842431,0
842432,0
842433,0
842434,0
842435,0
842436,0
842437,0
842438,0
842439,0
842440,0
842441,22
842442,0
842443,0
842444,0
842445,19
842446,0
842447,0
842448,0
842449,0
842450,18
842451,0
842452,33
842453,0
842454,0
842455,0
842456,0
842457,0
842458,0
842459,0
842460,0
842461,0
842462,0
842463,0
842464,0
842465,0
842466,0
842467,0
842468,0
842469,0
842470,0
842471,0
842472,0
842473,0
842474,0
842475,0
842476,0
842477,0
842478,0
842479,0
842480,0
842481,0
842482,37
842483,0
842484,0
842485,21
842486,0
842487,0
842488,0
842489,0
842490,0
842491,14
842492,0
842493,34
842494,0
842495,0
842496,0
842497,0
842498,0
842499,0
842500,33
842501,0
842502,0
842503,0
842504,0
842505,0
842506,0
842507,0
842508,0
842509,0
842510,0
842511,29
842512,24
842513,0
842514,0
842515,0
842516,0
842517,0
842518,0
842519,0
842520,0
842521,0
842522,0
842523,0
842524,34
842525,0
842526,0
842527,0
842528,0
842529,0
842530,0
842531,0
842532,0
842533,0
842534,0
842535,0
842536,0
842537,27
842538,0
842539,29
842540,0
842541,0
842542,26
842543,0
842544,0
842545,0
842546,0
842547,32
842548,0
842549,0
842550,0
842551,32
842552,0
842553,0
842554,0
842555,28
842556,0
842557,0
842558,0
842559,0
842560,0
842561,0
842562,0
842563,0
842564,0
842565,0
842566,0
842567,0
842568,0
842569,0
842570,0
842571,0
842572,0
842573,0
842574,0
842575,22
842576,0
842577,0
842578,0
842579,0
842580,0
842581,0
842582,0
842583,0
842584,0
842585,0
842586,0
842587,0
842588,42
842589,0
842590,0
842591,0
842592,0
842593,0
842594,0
842595,0
842596,0
842597,0
842598,0
842599,0
842600,33
842601,0
842602,0
842603,0
842604,0
842605,0
842606,0
842607,0
842608,0
842609,0
842610,33
842611,0
842612,0
842613,0
842614,0
842615,0
842616,0
842617,0
842618,0
842619,0
842620,0
842621,0
842622,0
842623,0
842624,0
842625,0
842626,0
842627,0
842628,0
842629,0
842630,0
842631,0
842632,0
842633,0
842634,0
842635,0
842636,0
842637,43
842638,0
842639,0
842640,0
842641,0
842642,0
842643,0
842644,0
842645,0
842646,0
842647,0
842648,0
842649,35
842650,0
842651,0
842652,24
842653,0
842654,0
842655,17
842656,0
842657,0
842658,0
842659,0
842660,0
842661,0
842662,0
842663,0
842664,0
842665,48
842666,0
842667,0
842668,0
842669,0
842670,0
842671,0
842672,0
842673,0
842674,0
842675,0
842676,0
842677,30
842678,0
842679,0
842680,0
842681,0
842682,30
842683,23
842684,0
842685,0
842686,0
842687,0
842688,0
842689,23
842690,0
842691,21
842692,0
842693,0
842694,0
842695,0
842696,0
842697,0
842698,0
842699,0
842700,0
842701,0
842702,19
842703,0
842704,0
842705,0
842706,0
842707,0
842708,0
842709,0
842710,46
842711,0
842712,0
842713,0
842714,0
842715,0
842716,0
842717,0
842718,0
842719,0
842720,0
842721,0
842722,0
842723,0
842724,0
842725,0
842726,0
842727,0
842728,0
842729,0
842730,0
842731,0
842732,0
842733,0
842734,0
842735,0
842736,0
842737,0
842738,0
842739,0
842740,24
842741,0
842742,0
842743,0
842744,0
842745,0
842746,0
842747,0
842748,0
842749,0
842750,0
842751,0
842752,0
842753,0
842754,0
842755,0
842756,0
842757,0
842758,0
842759,0
842760,0
842761,0
842762,0
842763,0
842764,0
842765,22
842766,0
842767,0
842768,0
842769,0
842770,0
842771,0
842772,0
842773,0
842774,0
842775,0
842776,38
842777,0
842778,0
842779,0
842780,0
842781,0
842782,0
842783,0
842784,0
842785,25
842786,0
842787,0
842788,0
842789,0
842790,0
842791,23
842792,0
842793,0
842794,0
842795,0
842796,0
842797,0
842798,0
842799,0
842800,0
842801,0
842802,0
842803,0
842804,0
842805,0
842806,0
842807,0
842808,0
842809,0
842810,0
842811,0
842812,25
842813,0
842814,0
842815,29
842816,0
842817,0
842818,0
842819,0
842820,0
842821,0
842822,0
842823,0
842824,0
842825,0
842826,0
842827,0
842828,0
842829,0
842830,0
842831,0
842832,0
842833,0
842834,0
842835,0
842836,0
842837,0
842838,0
842839,0
842840,0
842841,0
842842,0
842843,0
842844,0
842845,0
842846,0
842847,0
842848,0
842849,0
842850,0
842851,0
842852,0
842853,0
842854,0
842855,0
842856,0
842857,0
842858,0
842859,0
842860,0
842861,0
842862,0
842863,0
842864,0
842865,0
842866,0
842867,0
842868,0
842869,0
842870,0
842871,7
842872,4
842873,0
842874,0
842875,0
842876,0
842877,0
842878,5
842879,0
842880,0
842881,8
842882,0
842883,0
842884,0
842885,0
842886,11
842887,0
842888,0
842889,9
842890,0
842891,0
842892,12
842893,0
842894,9
842895,0
842896,0
842897,0
842898,0
842899,0
842900,9
842901,0
842902,0
842903,0
842904,5
842905,0
842906,0
842907,0
842908,6
842909,0
842910,0
842911,3
842912,0
842913,0
842914,0
842915,0
842916,0
842917,0
842918,0
842919,0
842920,0
842921,0
842922,0
842923,0
842924,3
842925,7
842926,0
842927,0
842928,0
842929,14
842930,7
842931,0
842932,0
842933,8
842934,0
842935,11
842936,0
842937,0
842938,0
842939,0
842940,0
842941,9
842942,0
842943,0
842944,0
842945,0
842946,0
842947,0
842948,0
842949,0
842950,0
842951,0
842952,0
842953,5
842954,0
842955,0
842956,0
842957,0
842958,5
842959,0
842960,0
842961,0
842962,0
842963,0
842964,0
842965,0
842966,0
842967,14
842968,0
842969,0
842970,0
842971,0
842972,0
842973,0
842974,0
842975,0
842976,8
842977,0
842978,0
842979,0
842980,4
842981,11
842982,0
842983,14
842984,8
842985,0
842986,7
842987,12
842988,0
842989,10
842990,6
842991,13
842992,0
842993,10
842994,0
842995,6
842996,0
842997,0
842998,0
842999,0
843000,0
843001,7
843002,0
843003,0
843004,3
843005,0
843006,0
843007,9
843008,0
843009,0
843010,7
843011,0
843012,0
843013,0
843014,0
843015,0
843016,0
843017,0
843018,7
843019,0
843020,0
843021,0
843022,0
843023,0
843024,0
843025,0
843026,0
843027,0
843028,0
843029,9
843030,0
843031,0
843032,6
843033,0
843034,0
843035,0
843036,9
843037,5
843038,0
843039,0
843040,0
843041,9
843042,0
843043,0
843044,16
843045,8
843046,0
843047,3
843048,0
843049,0
843050,0
843051,0
843052,0
843053,0
843054,2
843055,0
843056,0
843057,3
843058,0
843059,0
843060,0
843061,9
843062,0
843063,0
843064,9
843065,0
843066,9
843067,13
843068,5
843069,0
843070,0
843071,0
843072,0
843073,0
843074,15
843075,0
843076,0
843077,0
843078,5
843079,0
843080,0
843081,0
843082,0
843083,0
843084,0
843085,0
843086,6
843087,6
843088,0
843089,0
843090,0
843091,0
843092,0
843093,0
843094,0
843095,0
843096,0
843097,0
843098,0
843099,0
843100,0
843101,0
843102,0
843103,0
843104,0
843105,7
843106,0
843107,0
843108,0
843109,6
843110,0
843111,6
843112,10
843113,0
843114,7
843115,7
843116,0
843117,0
843118,7
843119,5
843120,13
843121,0
843122,0
843123,0
843124,0
843125,9
843126,0
843127,0
843128,0
843129,0
843130,7
843131,0
843132,0
843133,15
843134,0
843135,0
843136,0
843137,0
843138,0
843139,0
843140,0
843141,0
843142,0
843143,0
843144,10
843145,0
843146,7
843147,0
843148,0
843149,8
843150,0
843151,0
843152,0
843153,11
843154,0
843155,0
843156,1
843157,0
843158,0
843159,0
843160,0
843161,9
843162,0
843163,7
843164,0
843165,2
843166,0
843167,0
843168,0
843169,0
843170,0
843171,0
843172,0
843173,0
843174,0
843175,10
843176,0
843177,0
843178,0
843179,6
843180,6
843181,0
843182,0
843183,0
843184,0
843185,0
843186,12
843187,0
843188,0
843189,0
843190,8
843191,0
843192,0
843193,0
843194,0
843195,0
843196,9
843197,0
843198,13
843199,8
843200,0
843201,0
843202,0
843203,0
843204,0
843205,0
843206,0
843207,0
843208,7
843209,5
843210,0
843211,0
843212,0
843213,5
843214,7
843215,10
843216,0
843217,0
843218,0
843219,0
843220,0
843221,4
843222,13
843223,0
843224,7
843225,0
843226,12
843227,12
843228,0
843229,0
843230,9
843231,6
843232,0
843233,0
843234,0
843235,0
843236,0
843237,0
843238,11
843239,0
843240,0
843241,5
843242,0
843243,0
843244,8
843245,0
843246,6
843247,0
843248,0
843249,9
843250,0
843251,0
843252,0
843253,0
843254,0
843255,0
843256,6
843257,0
843258,0
843259,0
843260,10
843261,0
843262,6
843263,0
843264,0
843265,4
843266,0
843267,14
843268,7
843269,0
843270,14
843271,0
843272,0
843273,9
843274,7
843275,0
843276,6
843277,0
843278,11
843279,0
843280,0
843281,0
843282,0
843283,6
843284,0
843285,0
843286,6
843287,0
843288,0
843289,0
843290,3
843291,0
843292,0
843293,0
843294,0
843295,0
843296,0
843297,4
843298,6
843299,7
843300,0
843301,0
843302,0
843303,8
843304,0
843305,0
843306,0
843307,0
843308,0
843309,0
843310,0
843311,0
843312,0
843313,0
843314,5
843315,0
843316,8
843317,0
843318,0
843319,0
843320,0
843321,0
843322,0
843323,0
843324,0
843325,0
843326,0
843327,0
843328,0
843329,0
843330,0
843331,0
843332,0
843333,0
843334,0
843335,0
843336,0
843337,0
843338,0
843339,0
843340,9
843341,5
843342,0
843343,0
843344,0
843345,0
843346,0
843347,0
843348,0
843349,9
843350,0
843351,0
843352,10
843353,0
843354,0
843355,5
843356,0
843357,0
843358,6
843359,5
843360,0
843361,0
843362,0
843363,0
843364,0
843365,12
843366,0
843367,0
843368,0
843369,0
843370,0
843371,0
843372,0
843373,0
843374,0
843375,0
843376,14
843377,0
843378,0
843379,0
843380,0
843381,0
843382,0
843383,9
843384,0
843385,0
843386,0
843387,13
843388,0
843389,0
843390,11
843391,8
843392,8
843393,0
843394,0
843395,16
843396,11
843397,0
843398,11
843399,0
843400,0
843401,0
843402,0
843403,0
843404,0
843405,0
843406,0
843407,0
843408,0
843409,0
843410,10
843411,0
843412,0
843413,0
843414,0
843415,0
843416,0
843417,0
843418,0
843419,0
843420,0
843421,0
843422,0
843423,0
843424,0
843425,0
843426,0
843427,0
843428,8
843429,0
843430,0
843431,0
843432,20
843433,0
843434,0
843435,7
843436,0
843437,10
843438,6
843439,0
843440,9
843441,11
843442,6
843443,0
843444,8
843445,6
843446,13
843447,0
843448,0
843449,0
843450,0
843451,0
843452,0
843453,0
843454,0
843455,0
843456,0
843457,0
843458,0
843459,0
843460,0
843461,0
843462,0
843463,8
843464,0
843465,9
843466,5
843467,0
843468,16
843469,0
843470,0
843471,0
843472,0
843473,0
843474,0
843475,0
843476,0
843477,8
843478,0
843479,0
843480,11
843481,0
843482,0
843483,0
843484,0
843485,12
843486,0
843487,0
843488,13
843489,0
843490,4
843491,0
843492,0
843493,0
843494,0
843495,0
843496,9
843497,0
843498,8
843499,0
843500,0
843501,0
843502,10
843503,0
843504,0
843505,0
843506,0
843507,0
843508,0
843509,0
843510,0
843511,0
843512,0
843513,0
843514,10
843515,0
843516,0
843517,0
843518,7
843519,0
843520,0
843521,9
843522,0
843523,0
843524,0
843525,0
843526,0
843527,10
843528,0
843529,0
843530,0
843531,0
843532,0
843533,0
843534,12
843535,7
843536,9
843537,0
843538,5
843539,0
843540,4
843541,10
843542,0
843543,9
843544,0
843545,0
843546,0
843547,0
843548,0
843549,0
843550,9
843551,0
843552,0
843553,12
843554,0
843555,0
843556,10
843557,0
843558,0
843559,0
843560,0
843561,0
843562,0
843563,0
843564,9
843565,0
843566,0
843567,0
843568,0
843569,0
843570,0
843571,0
843572,0
843573,0
843574,6
843575,0
843576,0
843577,0
843578,0
843579,0
843580,0
843581,9
843582,4
843583,15
843584,0
843585,0
843586,0
843587,0
843588,11
843589,0
843590,0
843591,0
843592,8
843593,6
843594,8
843595,5
843596,0
843597,0
843598,0
843599,0
843600,0
843601,0
843602,0
843603,0
843604,7
843605,7
843606,7
843607,0
843608,0
843609,0
843610,0
843611,0
843612,9
843613,10
843614,9
843615,0
843616,10
843617,6
843618,0
843619,10
843620,18
843621,0
843622,0
843623,0
843624,0
843625,9
843626,0
843627,0
843628,0
843629,10
843630,0
843631,10
843632,7
843633,0
843634,8
843635,0
843636,0
843637,0
843638,6
843639,0
843640,8
843641,0
843642,0
843643,0
843644,5
843645,0
843646,0
843647,9
843648,0
843649,0
843650,0
843651,0
843652,10
843653,0
843654,0
843655,0
843656,0
843657,0
843658,0
843659,0
843660,0
843661,0
843662,0
843663,0
843664,7
843665,5
843666,0
843667,0
843668,0
843669,4
843670,0
843671,0
843672,0
843673,0
843674,0
843675,14
843676,0
843677,0
843678,0
843679,12
843680,14
843681,0
843682,0
843683,0
843684,0
843685,0
843686,6
843687,0
843688,0
843689,0
843690,5
843691,0
843692,10
843693,0
843694,0
843695,0
843696,9
843697,0
843698,5
843699,0
843700,0
843701,8
843702,0
843703,0
843704,0
843705,10
843706,0
843707,0
843708,0
843709,0
843710,0
843711,0
843712,0
843713,0
843714,5
843715,7
843716,10
843717,0
843718,6
843719,0
843720,13
843721,0
843722,8
843723,0
843724,0
843725,0
843726,0
843727,10
843728,8
843729,0
843730,9
843731,0
843732,0
843733,3
843734,0
843735,0
843736,0
843737,0
843738,0
843739,0
843740,0
843741,0
843742,5
843743,0
843744,0
843745,0
843746,0
843747,0
843748,0
843749,2
843750,0
843751,0
843752,0
843753,0
843754,0
843755,0
843756,0
843757,0
843758,0
843759,0
843760,0
843761,0
843762,0
843763,6
843764,0
843765,0
843766,0
843767,0
843768,0
843769,0
843770,0
843771,0
843772,0
843773,0
843774,0
843775,0
843776,0
843777,0
843778,0
843779,0
843780,0
843781,0
843782,0
843783,0
843784,0
843785,0
843786,5
843787,0
843788,0
843789,3
843790,0
843791,0
843792,0
843793,0
843794,0
843795,0
843796,5
843797,0
843798,0
843799,0
843800,2
843801,0
843802,0
843803,0
843804,0
843805,0
843806,0
843807,0
843808,0
843809,0
843810,0
843811,0
843812,0
843813,0
843814,0
843815,0
843816,0
843817,0
843818,3
843819,0
843820,0
843821,0
843822,0
843823,0
843824,0
843825,0
843826,0
843827,4
843828,0
843829,0
843830,0
843831,0
843832,0
843833,0
843834,9
843835,0
843836,0
843837,0
843838,0
843839,0
843840,4
843841,4
843842,0
843843,0
843844,0
843845,0
843846,0
843847,0
843848,0
843849,0
843850,0
843851,0
843852,0
843853,0
843854,0
843855,0
843856,0
843857,0
843858,0
843859,0
843860,0
843861,0
843862,0
843863,0
843864,0
843865,0
843866,0
843867,0
843868,0
843869,0
843870,0
843871,0
843872,0
843873,0
843874,0
843875,0
843876,0
843877,0
843878,0
843879,0
843880,0
843881,5
843882,0
843883,0
843884,0
843885,0
843886,0
843887,0
843888,0
843889,0
843890,0
843891,0
843892,0
843893,0
843894,0
843895,6
843896,0
843897,0
843898,0
843899,0
843900,0
843901,0
843902,7
843903,0
843904,0
843905,0
843906,3
843907,4
843908,0
843909,0
843910,0
843911,0
843912,0
843913,0
843914,0
843915,0
843916,0
843917,0
843918,0
843919,0
843920,5
843921,0
843922,0
843923,0
843924,0
843925,0
843926,3
843927,0
843928,0
843929,0
843930,0
843931,0
843932,4
843933,0
843934,0
843935,0
843936,0
843937,0
843938,0
843939,0
843940,5
843941,0
843942,0
843943,0
843944,0
843945,0
843946,0
843947,0
843948,0
843949,0
843950,7
843951,0
843952,0
843953,0
843954,0
843955,0
843956,0
843957,0
843958,0
843959,0
843960,0
843961,0
843962,0
843963,0
843964,0
843965,0
843966,6
843967,0
843968,0
843969,0
843970,0
843971,0
843972,0
843973,0
843974,0
843975,0
843976,0
843977,0
843978,0
843979,0
843980,0
843981,0
843982,0
843983,0
843984,0
843985,0
843986,0
843987,0
843988,0
843989,0
843990,0
843991,0
843992,0
843993,0
843994,0
843995,0
843996,0
843997,0
843998,3
843999,0
844000,0
844001,0
844002,0
844003,0
844004,0
844005,0
844006,0
844007,0
844008,0
844009,0
844010,0
844011,0
844012,0
844013,0
844014,0
844015,0
844016,0
844017,0
844018,0
844019,0
844020,0
844021,0
844022,0
844023,0
844024,0
844025,0
844026,0
844027,0
844028,5
844029,0
844030,3
844031,0
844032,0
844033,0
844034,0
844035,0
844036,0
844037,0
844038,0
844039,0
844040,0
844041,0
844042,0
844043,0
844044,0
844045,0
844046,4
844047,0
844048,0
844049,4
844050,0
844051,0
844052,0
844053,0
844054,3
844055,0
844056,0
844057,0
844058,0
844059,0
844060,0
844061,0
844062,0
844063,0
844064,0
844065,0
844066,0
844067,0
844068,0
844069,0
844070,0
844071,4
844072,0
844073,0
844074,0
844075,0
844076,0
844077,0
844078,0
844079,0
844080,0
844081,0
844082,0
844083,0
844084,0
844085,0
844086,0
844087,0
844088,0
844089,0
844090,0
844091,0
844092,0
844093,0
844094,0
844095,0
844096,0
844097,0
844098,0
844099,0
844100,0
844101,0
844102,0
844103,0
844104,0
844105,0
844106,0
844107,0
844108,0
844109,0
844110,0
844111,0
844112,0
844113,0
844114,0
844115,0
844116,0
844117,0
844118,0
844119,0
844120,0
844121,7
844122,0
844123,0
844124,5
844125,0
844126,0
844127,0
844128,0
844129,0
844130,0
844131,0
844132,0
844133,0
844134,0
844135,0
844136,0
844137,0
844138,0
844139,0
844140,0
844141,0
844142,0
844143,0
844144,0
844145,0
844146,0
844147,0
844148,0
844149,0
844150,0
844151,0
844152,0
844153,0
844154,33
844155,0
844156,0
844157,0
844158,0
844159,0
844160,50
844161,0
844162,0
844163,0
844164,0
844165,0
844166,0
844167,0
844168,0
844169,0
844170,63
844171,25
844172,0
844173,36
844174,0
844175,0
844176,0
844177,0
844178,0
844179,0
844180,0
844181,0
844182,38
844183,0
844184,25
844185,0
844186,0
844187,0
844188,44
844189,43
844190,0
844191,0
844192,21
844193,0
844194,0
844195,40
844196,0
844197,0
844198,0
844199,0
844200,0
844201,0
844202,0
844203,0
844204,0
844205,0
844206,0
844207,0
844208,0
844209,0
844210,0
844211,0
844212,0
844213,0
844214,56
844215,0
844216,0
844217,0
844218,42
844219,0
844220,0
844221,0
844222,0
844223,0
844224,0
844225,0
844226,0
844227,49
844228,0
844229,0
844230,0
844231,0
844232,0
844233,0
844234,0
844235,53
844236,0
844237,0
844238,0
844239,0
844240,0
844241,0
844242,50
844243,0
844244,29
844245,0
844246,0
844247,0
844248,0
844249,0
844250,0
844251,0
844252,0
844253,0
844254,0
844255,38
844256,0
844257,0
844258,0
844259,0
844260,0
844261,0
844262,0
844263,0
844264,0
844265,0
844266,35
844267,0
844268,0
844269,0
844270,35
844271,0
844272,0
844273,28
844274,0
844275,0
844276,0
844277,0
844278,0
844279,0
844280,0
844281,0
844282,0
844283,0
844284,0
844285,0
844286,0
844287,0
844288,0
844289,54
844290,0
844291,0
844292,0
844293,0
844294,0
844295,0
844296,0
844297,0
844298,0
844299,46
844300,31
844301,41
844302,0
844303,0
844304,0
844305,0
844306,0
844307,0
844308,0
844309,0
844310,0
844311,0
844312,0
844313,0
844314,0
844315,0
844316,0
844317,0
844318,0
844319,0
844320,0
844321,0
844322,0
844323,0
844324,30
844325,0
844326,0
844327,57
844328,0
844329,0
844330,30
844331,0
844332,0
844333,0
844334,0
844335,0
844336,0
844337,0
844338,32
844339,0
844340,0
844341,0
844342,0
844343,0
844344,0
844345,27
844346,0
844347,0
844348,0
844349,25
844350,0
844351,0
844352,0
844353,0
844354,0
844355,0
844356,0
844357,0
844358,0
844359,0
844360,0
844361,0
844362,37
844363,0
844364,40
844365,0
844366,0
844367,22
844368,0
844369,0
844370,0
844371,0
844372,0
844373,0
844374,30
844375,0
844376,32
844377,0
844378,67
844379,0
844380,0
844381,0
844382,0
844383,0
844384,0
844385,0
844386,57
844387,0
844388,0
844389,0
844390,0
844391,0
844392,0
844393,0
844394,0
844395,0
844396,0
844397,0
844398,0
844399,36
844400,0
844401,0
844402,0
844403,0
844404,39
844405,23
844406,0
844407,0
844408,0
844409,0
844410,0
844411,0
844412,45
844413,0
844414,0
844415,0
844416,66
844417,0
844418,0
844419,0
844420,50
844421,0
844422,0
844423,36
844424,0
844425,0
844426,0
844427,0
844428,0
844429,0
844430,0
844431,0
844432,0
844433,0
844434,0
844435,27
844436,0
844437,0
844438,0
844439,0
844440,35
844441,55
844442,0
844443,0
844444,0
844445,0
844446,0
844447,0
844448,0
844449,0
844450,0
844451,0
844452,36
844453,0
844454,0
844455,0
844456,0
844457,0
844458,0
844459,30
844460,0
844461,0
844462,0
844463,0
844464,0
844465,0
844466,0
844467,0
844468,0
844469,0
844470,0
844471,0
844472,26
844473,0
844474,0
844475,0
844476,0
844477,0
844478,0
844479,37
844480,46
844481,0
844482,0
844483,0
844484,0
844485,0
844486,58
844487,0
844488,0
844489,0
844490,0
844491,0
844492,0
844493,0
844494,0
844495,0
844496,0
844497,0
844498,0
844499,0
844500,25
844501,0
844502,62
844503,0
844504,0
844505,0
844506,0
844507,0
844508,0
844509,0
844510,0
844511,0
844512,0
844513,0
844514,0
844515,0
844516,0
844517,0
844518,0
844519,0
844520,0
844521,0
844522,43
844523,0
844524,0
844525,25
844526,0
844527,36
844528,0
844529,0
844530,0
844531,0
844532,0
844533,0
844534,0
844535,0
844536,0
844537,0
844538,25
844539,0
844540,0
844541,0
844542,0
844543,0
844544,0
844545,0
844546,0
844547,0
844548,0
844549,0
844550,0
844551,63
844552,0
844553,0
844554,0
844555,0
844556,0
844557,0
844558,0
844559,0
844560,0
844561,0
844562,0
844563,0
844564,0
844565,0
844566,0
844567,0
844568,0
844569,0
844570,0
844571,0
844572,0
844573,0
844574,0
844575,0
844576,0
844577,0
844578,0
844579,0
844580,0
844581,37
844582,0
844583,38
844584,0
844585,0
844586,0
844587,0
844588,0
844589,0
844590,0
844591,37
844592,0
844593,0
844594,0
844595,0
844596,0
844597,0
844598,0
844599,73
844600,61
844601,0
844602,0
844603,0
844604,0
844605,0
844606,41
844607,27
844608,0
844609,0
844610,0
844611,0
844612,0
844613,0
844614,0
844615,0
844616,0
844617,32
844618,0
844619,0
844620,0
844621,0
844622,0
844623,0
844624,0
844625,40
844626,0
844627,0
844628,0
844629,0
844630,0
844631,0
844632,36
844633,0
844634,0
844635,0
844636,0
844637,56
844638,0
844639,0
844640,0
844641,0
844642,0
844643,0
844644,0
844645,0
844646,0
844647,0
844648,32
844649,0
844650,0
844651,0
844652,23
844653,0
844654,0
844655,0
844656,0
844657,0
844658,0
844659,0
844660,0
844661,0
844662,0
844663,0
844664,0
844665,0
844666,61
844667,0
844668,0
844669,0
844670,30
844671,0
844672,0
844673,66
844674,0
844675,0
844676,0
844677,0
844678,0
844679,37
844680,40
844681,0
844682,0
844683,0
844684,0
844685,0
844686,0
844687,0
844688,0
844689,0
844690,0
844691,0
844692,47
844693,22
844694,0
844695,0
844696,0
844697,45
844698,0
844699,0
844700,0
844701,0
844702,0
844703,0
844704,0
844705,0
844706,0
844707,0
844708,0
844709,39
844710,0
844711,0
844712,0
844713,0
844714,0
844715,25
844716,0
844717,0
844718,0
844719,49
844720,53
844721,0
844722,34
844723,0
844724,0
844725,0
844726,0
844727,0
844728,0
844729,32
844730,0
844731,0
844732,0
844733,0
844734,0
844735,0
844736,0
844737,0
844738,0
844739,0
844740,0
844741,0
844742,0
844743,0
844744,0
844745,0
844746,0
844747,0
844748,0
844749,0
844750,0
844751,0
844752,0
844753,0
844754,0
844755,29
844756,0
844757,0
844758,0
844759,37
844760,0
844761,0
844762,0
844763,0
844764,19
844765,0
844766,60
844767,0
844768,0
844769,0
844770,0
844771,0
844772,0
844773,0
844774,33
844775,0
844776,0
844777,0
844778,23
844779,0
844780,46
844781,0
844782,0
844783,44
844784,82
844785,0
844786,0
844787,35
844788,0
844789,0
844790,0
844791,0
844792,0
844793,0
844794,51
844795,31
844796,0
844797,0
844798,0
844799,0
844800,0
844801,0
844802,0
844803,0
844804,0
844805,0
844806,0
844807,0
844808,0
844809,0
844810,0
844811,30
844812,0
844813,0
844814,0
844815,0
844816,0
844817,0
844818,0
844819,0
844820,0
844821,45
844822,0
844823,0
844824,0
844825,0
844826,0
844827,0
844828,0
844829,0
844830,0
844831,0
844832,0
844833,0
844834,0
844835,0
844836,0
844837,0
844838,0
844839,0
844840,0
844841,0
844842,0
844843,0
844844,0
844845,0
844846,0
844847,0
844848,0
844849,0
844850,0
844851,0
844852,0
844853,0
844854,0
844855,0
844856,0
844857,0
844858,0
844859,0
844860,0
844861,0
844862,0
844863,0
844864,0
844865,0
844866,0
844867,0
844868,0
844869,0
844870,0
844871,0
844872,0
844873,0
844874,0
844875,0
844876,0
844877,0
844878,0
844879,0
844880,0
844881,0
844882,0
844883,0
844884,0
844885,0
844886,0
844887,0
844888,0
844889,0
844890,0
844891,0
844892,0
844893,0
844894,0
844895,0
844896,0
844897,0
844898,0
844899,0
844900,0
844901,0
844902,0
844903,0
844904,0
844905,1
844906,0
844907,0
844908,0
844909,0
844910,0
844911,0
844912,0
844913,0
844914,0
844915,0
844916,0
844917,0
844918,0
844919,0
844920,0
844921,0
844922,0
844923,0
844924,0
844925,0
844926,0
844927,0
844928,0
844929,0
844930,0
844931,0
844932,0
844933,0
844934,0
844935,0
844936,0
844937,0
844938,0
844939,0
844940,0
844941,0
844942,0
844943,0
844944,0
844945,0
844946,0
844947,0
844948,0
844949,0
844950,0
844951,0
844952,0
844953,0
844954,0
844955,0
844956,0
844957,0
844958,0
844959,0
844960,0
844961,0
844962,0
844963,0
844964,0
844965,0
844966,0
844967,0
844968,0
844969,0
844970,1
844971,0
844972,0
844973,0
844974,0
844975,0
844976,0
844977,0
844978,0
844979,0
844980,0
844981,0
844982,0
844983,0
844984,0
844985,0
844986,0
844987,0
844988,0
844989,0
844990,0
844991,0
844992,0
844993,0
844994,0
844995,0
844996,0
844997,0
844998,0
844999,0
845000,0
845001,0
845002,0
845003,0
845004,0
845005,0
845006,0
845007,0
845008,0
845009,0
845010,0
845011,0
845012,0
845013,0
845014,0
845015,0
845016,0
845017,0
845018,0
845019,0
845020,0
845021,0
845022,1
845023,0
845024,0
845025,0
845026,0
845027,0
845028,0
845029,0
845030,0
845031,0
845032,0
845033,0
845034,0
845035,0
845036,0
845037,0
845038,0
845039,0
845040,0
845041,0
845042,0
845043,0
845044,0
845045,0
845046,0
845047,0
845048,0
845049,0
845050,0
845051,0
845052,0
845053,0
845054,0
845055,0
845056,0
845057,0
845058,0
845059,0
845060,0
845061,0
845062,0
845063,0
845064,0
845065,0
845066,0
845067,0
845068,0
845069,0
845070,0
845071,0
845072,0
845073,0
845074,0
845075,0
845076,1
845077,0
845078,0
845079,0
845080,0
845081,0
845082,0
845083,0
845084,0
845085,0
845086,0
845087,0
845088,0
845089,0
845090,0
845091,0
845092,0
845093,0
845094,0
845095,0
845096,0
845097,0
845098,0
845099,0
845100,0
845101,0
845102,0
845103,0
845104,0
845105,0
845106,0
845107,0
845108,0
845109,0
845110,0
845111,0
845112,1
845113,0
845114,0
845115,0
845116,0
845117,0
845118,0
845119,0
845120,0
845121,0
845122,0
845123,0
845124,0
845125,0
845126,0
845127,0
845128,0
845129,0
845130,0
845131,0
845132,0
845133,0
845134,0
845135,0
845136,0
845137,0
845138,0
845139,0
845140,0
845141,0
845142,0
845143,0
845144,0
845145,0
845146,0
845147,0
845148,0
845149,0
845150,0
845151,0
845152,0
845153,0
845154,0
845155,0
845156,0
845157,0
845158,0
845159,0
845160,0
845161,0
845162,0
845163,0
845164,0
845165,0
845166,0
845167,0
845168,0
845169,0
845170,0
845171,0
845172,0
845173,0
845174,0
845175,0
845176,0
845177,0
845178,0
845179,0
845180,0
845181,0
845182,0
845183,0
845184,0
845185,0
845186,0
845187,0
845188,0
845189,0
845190,0
845191,0
845192,0
845193,0
845194,0
845195,0
845196,0
845197,0
845198,0
845199,0
845200,0
845201,0
845202,0
845203,0
845204,0
845205,0
845206,0
845207,0
845208,0
845209,0
845210,0
845211,0
845212,0
845213,0
845214,0
845215,0
845216,0
845217,0
845218,0
845219,0
845220,0
845221,0
845222,0
845223,0
845224,0
845225,0
845226,0
845227,0
845228,0
845229,0
845230,0
845231,0
845232,0
845233,0
845234,0
845235,0
845236,0
845237,0
845238,0
845239,1
845240,0
845241,0
845242,0
845243,0
845244,0
845245,0
845246,0
845247,0
845248,0
845249,0
845250,0
845251,0
845252,0
845253,0
845254,0
845255,0
845256,0
845257,0
845258,0
845259,0
845260,0
845261,1
845262,0
845263,0
845264,0
845265,0
845266,0
845267,0
845268,0
845269,0
845270,0
845271,0
845272,0
845273,0
845274,0
845275,0
845276,0
845277,0
845278,0
845279,0
845280,0
845281,0
845282,0
845283,0
845284,0
845285,0
845286,0
845287,0
845288,0
845289,0
845290,0
845291,0
845292,0
845293,0
845294,0
845295,0
845296,0
845297,0
845298,0
845299,0
845300,0
845301,0
845302,0
845303,0
845304,0
845305,0
845306,0
845307,0
845308,0
845309,0
845310,0
845311,0
845312,0
845313,0
845314,0
845315,0
845316,0
845317,0
845318,0
845319,0
845320,0
845321,0
845322,0
845323,0
845324,0
845325,0
845326,0
845327,0
845328,0
845329,0
845330,0
845331,0
845332,0
845333,0
845334,0
845335,0
845336,0
845337,0
845338,0
845339,0
845340,0
845341,0
845342,0
845343,0
845344,0
845345,0
845346,0
845347,0
845348,0
845349,0
845350,0
845351,0
845352,0
845353,0
845354,0
845355,0
845356,0
845357,0
845358,0
845359,0
845360,0
845361,0
845362,0
845363,0
845364,0
845365,0
845366,0
845367,0
845368,0
845369,0
845370,0
845371,0
845372,0
845373,0
845374,0
845375,0
845376,0
845377,0
845378,0
845379,0
845380,0
845381,0
845382,0
845383,0
845384,0
845385,0
845386,0
845387,0
845388,0
845389,0
845390,0
845391,0
845392,0
845393,0
845394,0
845395,0
845396,0
845397,0
845398,0
845399,0
845400,0
845401,0
845402,0
845403,0
845404,0
845405,0
845406,0
845407,0
845408,0
845409,0
845410,0
845411,0
845412,0
845413,0
845414,0
845415,0
845416,0
845417,0
845418,0
845419,0
845420,0
845421,0
845422,0
845423,0
845424,4
845425,0
845426,0
845427,0
845428,0
845429,0
845430,0
845431,0
845432,0
845433,15
845434,0
845435,0
845436,0
845437,0
845438,0
845439,18
845440,0
845441,0
845442,0
845443,0
845444,0
845445,0
845446,0
845447,0
845448,0
845449,0
845450,20
845451,16
845452,0
845453,0
845454,0
845455,0
845456,0
845457,0
845458,0
845459,0
845460,0
845461,0
845462,0
845463,0
845464,0
845465,0
845466,0
845467,0
845468,0
845469,0
845470,0
845471,0
845472,0
845473,0
845474,0
845475,0
845476,0
845477,0
845478,0
845479,0
845480,0
845481,0
845482,0
845483,0
845484,0
845485,0
845486,0
845487,0
845488,0
845489,0
845490,0
845491,0
845492,0
845493,0
845494,0
845495,0
845496,0
845497,0
845498,0
845499,0
845500,0
845501,0
845502,0
845503,0
845504,0
845505,0
845506,0
845507,0
845508,0
845509,0
845510,0
845511,15
845512,0
845513,25
845514,0
845515,0
845516,0
845517,0
845518,0
845519,0
845520,0
845521,0
845522,0
845523,0
845524,0
845525,0
845526,0
845527,0
845528,0
845529,0
845530,0
845531,18
845532,0
845533,0
845534,0
845535,0
845536,0
845537,0
845538,0
845539,0
845540,0
845541,0
845542,0
845543,0
845544,0
845545,0
845546,0
845547,27
845548,0
845549,0
845550,0
845551,0
845552,21
845553,0
845554,0
845555,0
845556,0
845557,0
845558,22
845559,0
845560,0
845561,0
845562,0
845563,0
845564,0
845565,0
845566,0
845567,0
845568,0
845569,0
845570,0
845571,0
845572,0
845573,0
845574,0
845575,0
845576,0
845577,0
845578,13
845579,0
845580,0
845581,0
845582,0
845583,0
845584,0
845585,0
845586,0
845587,0
845588,0
845589,0
845590,0
845591,0
845592,0
845593,0
845594,0
845595,16
845596,0
845597,0
845598,0
845599,0
845600,0
845601,0
845602,0
845603,0
845604,0
845605,0
845606,0
845607,10
845608,0
845609,0
845610,0
845611,0
845612,0
845613,0
845614,0
845615,0
845616,0
845617,0
845618,0
845619,0
845620,0
845621,0
845622,0
845623,0
845624,0
845625,0
845626,0
845627,0
845628,0
845629,15
845630,0
845631,0
845632,0
845633,0
845634,0
845635,0
845636,0
845637,0
845638,0
845639,0
845640,0
845641,0
845642,0
845643,0
845644,0
845645,0
845646,0
845647,0
845648,0
845649,0
845650,0
845651,0
845652,0
845653,0
845654,0
845655,0
845656,0
845657,0
845658,0
845659,0
845660,0
845661,0
845662,0
845663,0
845664,0
845665,21
845666,0
845667,0
845668,24
845669,0
845670,0
845671,0
845672,0
845673,0
845674,0
845675,0
845676,0
845677,0
845678,0
845679,0
845680,15
845681,0
845682,0
845683,0
845684,0
845685,14
845686,0
845687,0
845688,0
845689,0
845690,0
845691,0
845692,0
845693,0
845694,0
845695,0
845696,0
845697,0
845698,0
845699,0
845700,0
845701,0
845702,0
845703,15
845704,0
845705,0
845706,0
845707,0
845708,0
845709,0
845710,0
845711,0
845712,0
845713,0
845714,0
845715,0
845716,0
845717,0
845718,0
845719,0
845720,0
845721,0
845722,0
845723,19
845724,21
845725,0
845726,0
845727,0
845728,0
845729,0
845730,0
845731,0
845732,0
845733,0
845734,0
845735,0
845736,0
845737,0
845738,0
845739,8
845740,0
845741,0
845742,0
845743,0
845744,0
845745,0
845746,0
845747,0
845748,0
845749,11
845750,0
845751,0
845752,0
845753,0
845754,0
845755,0
845756,17
845757,0
845758,0
845759,0
845760,0
845761,0
845762,0
845763,0
845764,8
845765,0
845766,0
845767,0
845768,0
845769,0
845770,0
845771,0
845772,0
845773,0
845774,0
845775,0
845776,0
845777,0
845778,0
845779,18
845780,0
845781,0
845782,0
845783,0
845784,0
845785,0
845786,0
845787,0
845788,0
845789,0
845790,0
845791,0
845792,0
845793,0
845794,0
845795,0
845796,0
845797,0
845798,0
845799,0
845800,0
845801,0
845802,0
845803,0
845804,0
845805,0
845806,0
845807,0
845808,0
845809,0
845810,0
845811,0
845812,17
845813,0
845814,0
845815,0
845816,0
845817,0
845818,0
845819,0
845820,0
845821,0
845822,0
845823,0
845824,0
845825,0
845826,16
845827,0
845828,0
845829,0
845830,0
845831,0
845832,0
845833,0
845834,0
845835,0
845836,0
845837,0
845838,0
845839,0
845840,0
845841,0
845842,14
845843,0
845844,0
845845,15
845846,0
845847,0
845848,0
845849,0
845850,0
845851,0
845852,0
845853,0
845854,0
845855,0
845856,24
845857,0
845858,0
845859,0
845860,0
845861,0
845862,0
845863,0
845864,0
845865,0
845866,0
845867,0
845868,28
845869,0
845870,0
845871,0
845872,0
845873,19
845874,0
845875,0
845876,0
845877,0
845878,21
845879,0
845880,0
845881,0
845882,0
845883,0
845884,0
845885,0
845886,0
845887,0
845888,0
845889,0
845890,0
845891,0
845892,0
845893,14
845894,0
845895,23
845896,0
845897,0
845898,0
845899,0
845900,0
845901,0
845902,0
845903,0
845904,15
845905,0
845906,0
845907,17
845908,0
845909,0
845910,0
845911,0
845912,0
845913,0
845914,0
845915,0
845916,0
845917,0
845918,0
845919,0
845920,0
845921,0
845922,0
845923,0
845924,17
845925,0
845926,0
845927,0
845928,0
845929,0
845930,0
845931,18
845932,0
845933,12
845934,0
845935,0
845936,0
845937,0
845938,0
845939,0
845940,0
845941,0
845942,0
845943,15
845944,10
845945,24
845946,0
845947,0
845948,0
845949,0
845950,0
845951,0
845952,0
845953,0
845954,0
845955,0
845956,0
845957,10
845958,0
845959,0
845960,0
845961,11
845962,0
845963,0
845964,0
845965,0
845966,0
845967,0
845968,0
845969,0
845970,0
845971,0
845972,0
845973,0
845974,0
845975,0
845976,0
845977,0
845978,0
845979,0
845980,0
845981,0
845982,0
845983,19
845984,0
845985,0
845986,0
845987,0
845988,0
845989,0
845990,0
845991,0
845992,0
845993,0
845994,0
845995,0
845996,0
845997,0
845998,0
845999,0
846000,0
846001,0
846002,0
846003,0
846004,0
846005,0
846006,0
846007,14
846008,0
846009,0
846010,0
846011,0
846012,0
846013,0
846014,0
846015,0
846016,0
846017,0
846018,0
846019,0
846020,0
846021,0
846022,16
846023,0
846024,0
846025,0
846026,0
846027,0
846028,0
846029,0
846030,0
846031,0
846032,0
846033,19
846034,0
846035,0
846036,0
846037,0
846038,0
846039,0
846040,0
846041,0
846042,0
846043,0
846044,10
846045,0
846046,0
846047,0
846048,0
846049,0
846050,0
846051,0
846052,0
846053,0
846054,0
846055,0
846056,0
846057,0
846058,0
846059,0
846060,0
846061,0
846062,0
846063,0
846064,0
846065,0
846066,0
846067,0
846068,0
846069,0
846070,0
846071,0
846072,0
846073,0
846074,0
846075,0
846076,0
846077,0
846078,0
846079,0
846080,0
846081,0
846082,0
846083,0
846084,0
846085,0
846086,0
846087,0
846088,0
846089,0
846090,0
846091,13
846092,0
846093,0
846094,0
846095,0
846096,0
846097,0
846098,0
846099,0
846100,0
846101,0
846102,0
846103,0
846104,0
846105,0
846106,0
846107,0
846108,0
846109,0
846110,21
846111,0
846112,0
846113,0
846114,0
846115,0
846116,0
846117,0
846118,0
846119,0
846120,0
846121,0
846122,0
846123,0
846124,12
846125,0
846126,0
846127,0
846128,0
846129,0
846130,0
846131,0
846132,0
846133,0
846134,0
846135,0
846136,0
846137,0
846138,0
846139,0
846140,0
846141,0
846142,0
846143,0
846144,0
846145,0
846146,0
846147,0
846148,0
846149,0
846150,0
846151,0
846152,0
846153,0
846154,0
846155,0
846156,0
846157,0
846158,13
846159,0
846160,0
846161,0
846162,9
846163,0
846164,0
846165,0
846166,0
846167,0
846168,0
846169,0
846170,0
846171,0
846172,0
846173,0
846174,0
846175,0
846176,15
846177,0
846178,0
846179,0
846180,0
846181,0
846182,0
846183,0
846184,0
846185,0
846186,0
846187,0
846188,0
846189,0
846190,0
846191,13
846192,0
846193,0
846194,0
846195,9
846196,0
846197,0
846198,0
846199,0
846200,0
846201,0
846202,0
846203,0
846204,0
846205,0
846206,0
846207,0
846208,0
846209,0
846210,0
846211,0
846212,0
846213,0
846214,0
846215,16
846216,0
846217,0
846218,0
846219,0
846220,0
846221,0
846222,17
846223,0
846224,0
846225,0
846226,0
846227,0
846228,0
846229,0
846230,0
846231,0
846232,0
846233,0
846234,0
846235,0
846236,12
846237,0
846238,0
846239,0
846240,21
846241,0
846242,0
846243,0
846244,0
846245,0
846246,0
846247,0
846248,0
846249,0
846250,0
846251,0
846252,0
846253,0
846254,0
846255,0
846256,0
846257,0
846258,0
846259,0
846260,0
846261,0
846262,0
846263,0
846264,0
846265,0
846266,0
846267,0
846268,0
846269,0
846270,10
846271,0
846272,0
846273,6
846274,0
846275,0
846276,10
846277,0
846278,0
846279,0
846280,0
846281,0
846282,0
846283,0
846284,0
846285,0
846286,0
846287,0
846288,0
846289,0
846290,0
846291,0
846292,0
846293,0
846294,0
846295,0
846296,0
846297,0
846298,0
846299,0
846300,0
846301,0
846302,0
846303,0
846304,0
846305,0
846306,0
846307,0
846308,10
846309,0
846310,0
846311,0
846312,0
846313,0
846314,2
846315,0
846316,0
846317,0
846318,0
846319,0
846320,0
846321,0
846322,0
846323,0
846324,0
846325,0
846326,0
846327,0
846328,0
846329,0
846330,0
846331,0
846332,0
846333,0
846334,0
846335,0
846336,0
846337,0
846338,0
846339,0
846340,0
846341,0
846342,0
846343,0
846344,0
846345,0
846346,0
846347,0
846348,0
846349,0
846350,0
846351,0
846352,0
846353,0
846354,0
846355,0
846356,0
846357,0
846358,0
846359,0
846360,0
846361,0
846362,0
846363,0
846364,0
846365,0
846366,0
846367,0
846368,0
846369,0
846370,0
846371,0
846372,6
846373,0
846374,3
846375,0
846376,10
846377,0
846378,0
846379,0
846380,0
846381,0
846382,0
846383,0
846384,0
846385,0
846386,0
846387,0
846388,0
846389,0
846390,0
846391,0
846392,0
846393,0
846394,0
846395,0
846396,0
846397,0
846398,0
846399,0
846400,0
846401,0
846402,0
846403,0
846404,0
846405,0
846406,0
846407,0
846408,0
846409,0
846410,0
846411,0
846412,0
846413,0
846414,0
846415,0
846416,0
846417,0
846418,0
846419,0
846420,0
846421,0
846422,0
846423,0
846424,0
846425,0
846426,0
846427,0
846428,12
846429,0
846430,0
846431,0
846432,0
846433,0
846434,0
846435,0
846436,0
846437,0
846438,0
846439,0
846440,0
846441,0
846442,0
846443,0
846444,10
846445,0
846446,0
846447,0
846448,0
846449,0
846450,0
846451,0
846452,0
846453,0
846454,0
846455,0
846456,0
846457,0
846458,0
846459,0
846460,0
846461,0
846462,0
846463,0
846464,0
846465,0
846466,0
846467,0
846468,0
846469,0
846470,0
846471,10
846472,0
846473,0
846474,8
846475,0
846476,0
846477,0
846478,0
846479,0
846480,0
846481,7
846482,0
846483,0
846484,8
846485,0
846486,0
846487,0
846488,0
846489,0
846490,0
846491,0
846492,0
846493,0
846494,0
846495,0
846496,0
846497,0
846498,0
846499,0
846500,0
846501,0
846502,0
846503,0
846504,0
846505,0
846506,0
846507,0
846508,0
846509,0
846510,0
846511,0
846512,0
846513,0
846514,0
846515,0
846516,0
846517,0
846518,0
846519,0
846520,0
846521,0
846522,0
846523,0
846524,0
846525,0
846526,0
846527,0
846528,0
846529,0
846530,0
846531,0
846532,0
846533,0
846534,0
846535,0
846536,0
846537,0
846538,0
846539,0
846540,0
846541,0
846542,0
846543,0
846544,0
846545,0
846546,0
846547,8
846548,0
846549,0
846550,0
846551,0
846552,3
846553,0
846554,0
846555,0
846556,0
846557,0
846558,0
846559,0
846560,0
846561,0
846562,0
846563,0
846564,0
846565,0
846566,0
846567,0
846568,0
846569,0
846570,0
846571,0
846572,0
846573,0
846574,0
846575,0
846576,0
846577,0
846578,0
846579,0
846580,0
846581,0
846582,0
846583,0
846584,3
846585,11
846586,0
846587,0
846588,0
846589,0
846590,0
846591,0
846592,0
846593,0
846594,0
846595,0
846596,0
846597,0
846598,0
846599,0
846600,0
846601,0
846602,0
846603,0
846604,0
846605,0
846606,8
846607,0
846608,0
846609,0
846610,0
846611,0
846612,0
846613,0
846614,0
846615,0
846616,0
846617,0
846618,0
846619,9
846620,0
846621,0
846622,0
846623,0
846624,0
846625,0
846626,0
846627,0
846628,0
846629,0
846630,0
846631,0
846632,0
846633,0
846634,0
846635,0
846636,0
846637,0
846638,6
846639,0
846640,0
846641,6
846642,8
846643,0
846644,0
846645,0
846646,0
846647,0
846648,0
846649,0
846650,0
846651,0
846652,0
846653,0
846654,0
846655,0
846656,0
846657,0
846658,0
846659,0
846660,0
846661,7
846662,0
846663,0
846664,0
846665,0
846666,0
846667,0
846668,0
846669,0
846670,0
846671,0
846672,0
846673,0
846674,5
846675,0
846676,0
846677,0
846678,0
846679,0
846680,0
846681,0
846682,0
846683,0
846684,0
846685,0
846686,0
846687,0
846688,0
846689,0
846690,6
846691,0
846692,0
846693,0
846694,0
846695,0
846696,0
846697,0
846698,0
846699,0
846700,0
846701,0
846702,0
846703,0
846704,0
846705,0
846706,0
846707,0
846708,0
846709,0
846710,0
846711,0
846712,0
846713,0
846714,0
846715,0
846716,0
846717,0
846718,0
846719,6
846720,0
846721,0
846722,0
846723,0
846724,0
846725,0
846726,0
846727,0
846728,0
846729,0
846730,0
846731,0
846732,0
846733,0
846734,0
846735,0
846736,0
846737,0
846738,0
846739,0
846740,0
846741,0
846742,0
846743,0
846744,0
846745,0
846746,0
846747,0
846748,0
846749,0
846750,0
846751,0
846752,0
846753,0
846754,0
846755,0
846756,0
846757,6
846758,0
846759,0
846760,0
846761,0
846762,0
846763,0
846764,0
846765,9
846766,0
846767,0
846768,0
846769,0
846770,0
846771,0
846772,0
846773,0
846774,9
846775,0
846776,0
846777,0
846778,0
846779,0
846780,0
846781,0
846782,0
846783,0
846784,0
846785,0
846786,0
846787,0
846788,0
846789,0
846790,0
846791,0
846792,0
846793,0
846794,0
846795,0
846796,0
846797,0
846798,0
846799,0
846800,0
846801,0
846802,0
846803,0
846804,0
846805,0
846806,0
846807,0
846808,0
846809,0
846810,0
846811,0
846812,14
846813,0
846814,0
846815,0
846816,0
846817,0
846818,0
846819,0
846820,0
846821,0
846822,0
846823,0
846824,0
846825,0
846826,0
846827,0
846828,0
846829,0
846830,0
846831,0
846832,0
846833,0
846834,0
846835,0
846836,0
846837,0
846838,0
846839,0
846840,0
846841,0
846842,0
846843,0
846844,0
846845,0
846846,0
846847,17
846848,0
846849,0
846850,0
846851,0
846852,0
846853,0
846854,0
846855,6
846856,0
846857,0
846858,0
846859,0
846860,0
846861,6
846862,0
846863,8
846864,0
846865,0
846866,11
846867,0
846868,0
846869,0
846870,6
846871,0
846872,0
846873,0
846874,0
846875,0
846876,0
846877,0
846878,0
846879,0
846880,0
846881,0
846882,0
846883,0
846884,0
846885,0
846886,0
846887,0
846888,2
846889,0
846890,0
846891,0
846892,0
846893,0
846894,0
846895,0
846896,0
846897,5
846898,0
846899,0
846900,0
846901,0
846902,0
846903,3
846904,0
846905,0
846906,8
846907,0
846908,0
846909,0
846910,11
846911,0
846912,0
846913,12
846914,0
846915,0
846916,0
846917,0
846918,0
846919,0
846920,0
846921,0
846922,0
846923,0
846924,0
846925,0
846926,0
846927,0
846928,0
846929,0
846930,0
846931,0
846932,0
846933,0
846934,0
846935,0
846936,0
846937,0
846938,0
846939,0
846940,11
846941,0
846942,0
846943,0
846944,0
846945,0
846946,0
846947,0
846948,0
846949,8
846950,0
846951,0
846952,0
846953,0
846954,12
846955,0
846956,0
846957,0
846958,5
846959,0
846960,0
846961,0
846962,0
846963,0
846964,0
846965,0
846966,0
846967,0
846968,0
846969,0
846970,0
846971,0
846972,0
846973,7
846974,0
846975,0
846976,0
846977,0
846978,0
846979,0
846980,0
846981,0
846982,0
846983,0
846984,0
846985,0
846986,7
846987,0
846988,0
846989,0
846990,0
846991,0
846992,0
846993,0
846994,0
846995,0
846996,0
846997,0
846998,0
846999,0
847000,0
847001,0
847002,0
847003,26
847004,0
847005,0
847006,0
847007,0
847008,0
847009,0
847010,17
847011,0
847012,13
847013,0
847014,0
847015,0
847016,0
847017,18
847018,0
847019,0
847020,0
847021,0
847022,0
847023,0
847024,0
847025,28
847026,21
847027,17
847028,0
847029,0
847030,0
847031,0
847032,0
847033,16
847034,0
847035,0
847036,0
847037,0
847038,17
847039,0
847040,0
847041,0
847042,0
847043,0
847044,0
847045,0
847046,0
847047,12
847048,0
847049,0
847050,0
847051,0
847052,0
847053,0
847054,0
847055,0
847056,0
847057,0
847058,0
847059,0
847060,0
847061,0
847062,0
847063,0
847064,0
847065,0
847066,0
847067,0
847068,0
847069,0
847070,0
847071,0
847072,0
847073,0
847074,0
847075,0
847076,0
847077,16
847078,0
847079,0
847080,0
847081,0
847082,0
847083,0
847084,0
847085,0
847086,0
847087,0
847088,0
847089,0
847090,0
847091,0
847092,0
847093,0
847094,0
847095,0
847096,0
847097,0
847098,0
847099,0
847100,24
847101,0
847102,0
847103,0
847104,0
847105,0
847106,26
847107,0
847108,0
847109,0
847110,0
847111,0
847112,0
847113,0
847114,0
847115,0
847116,0
847117,0
847118,0
847119,0
847120,0
847121,0
847122,0
847123,0
847124,0
847125,0
847126,0
847127,0
847128,18
847129,0
847130,0
847131,30
847132,0
847133,0
847134,0
847135,0
847136,0
847137,0
847138,0
847139,0
847140,20
847141,0
847142,0
847143,0
847144,8
847145,0
847146,0
847147,0
847148,0
847149,0
847150,22
847151,0
847152,0
847153,0
847154,0
847155,0
847156,0
847157,0
847158,0
847159,0
847160,0
847161,0
847162,0
847163,0
847164,0
847165,0
847166,0
847167,0
847168,34
847169,0
847170,29
847171,0
847172,0
847173,0
847174,0
847175,0
847176,17
847177,0
847178,23
847179,0
847180,0
847181,0
847182,0
847183,23
847184,0
847185,0
847186,0
847187,0
847188,0
847189,19
847190,0
847191,0
847192,0
847193,0
847194,0
847195,0
847196,0
847197,0
847198,0
847199,0
847200,0
847201,0
847202,0
847203,0
847204,0
847205,27
847206,0
847207,0
847208,0
847209,0
847210,0
847211,0
847212,0
847213,0
847214,0
847215,0
847216,0
847217,0
847218,0
847219,0
847220,0
847221,0
847222,0
847223,0
847224,26
847225,0
847226,0
847227,19
847228,22
847229,0
847230,0
847231,0
847232,0
847233,25
847234,52
847235,0
847236,0
847237,0
847238,0
847239,21
847240,0
847241,0
847242,0
847243,0
847244,0
847245,0
847246,0
847247,0
847248,0
847249,0
847250,19
847251,0
847252,0
847253,0
847254,0
847255,0
847256,0
847257,0
847258,0
847259,22
847260,0
847261,30
847262,0
847263,0
847264,0
847265,0
847266,0
847267,0
847268,0
847269,0
847270,0
847271,0
847272,0
847273,0
847274,20
847275,0
847276,0
847277,0
847278,0
847279,14
847280,0
847281,0
847282,23
847283,0
847284,0
847285,0
847286,0
847287,0
847288,0
847289,0
847290,0
847291,0
847292,0
847293,24
847294,33
847295,0
847296,0
847297,16
847298,0
847299,0
847300,0
847301,0
847302,0
847303,14
847304,0
847305,0
847306,0
847307,0
847308,0
847309,0
847310,0
847311,0
847312,0
847313,0
847314,0
847315,0
847316,0
847317,0
847318,0
847319,0
847320,0
847321,0
847322,0
847323,23
847324,0
847325,28
847326,0
847327,0
847328,0
847329,29
847330,0
847331,0
847332,13
847333,0
847334,0
847335,0
847336,0
847337,0
847338,0
847339,0
847340,24
847341,0
847342,0
847343,0
847344,0
847345,0
847346,0
847347,0
847348,0
847349,0
847350,0
847351,0
847352,0
847353,0
847354,0
847355,0
847356,21
847357,0
847358,0
847359,0
847360,0
847361,19
847362,0
847363,0
847364,0
847365,0
847366,0
847367,0
847368,21
847369,32
847370,19
847371,0
847372,0
847373,22
847374,0
847375,0
847376,0
847377,0
847378,0
847379,0
847380,0
847381,0
847382,0
847383,0
847384,0
847385,0
847386,0
847387,0
847388,0
847389,0
847390,0
847391,27
847392,0
847393,0
847394,0
847395,0
847396,0
847397,0
847398,0
847399,19
847400,0
847401,0
847402,0
847403,0
847404,0
847405,0
847406,0
847407,0
847408,0
847409,0
847410,0
847411,27
847412,0
847413,0
847414,0
847415,0
847416,0
847417,0
847418,0
847419,0
847420,0
847421,0
847422,0
847423,0
847424,31
847425,0
847426,0
847427,0
847428,0
847429,0
847430,0
847431,0
847432,0
847433,0
847434,0
847435,0
847436,0
847437,25
847438,0
847439,0
847440,41
847441,0
847442,0
847443,0
847444,0
847445,0
847446,0
847447,0
847448,0
847449,0
847450,0
847451,26
847452,0
847453,0
847454,0
847455,0
847456,0
847457,0
847458,0
847459,0
847460,0
847461,0
847462,0
847463,0
847464,0
847465,0
847466,0
847467,0
847468,0
847469,0
847470,0
847471,0
847472,0
847473,0
847474,0
847475,0
847476,0
847477,0
847478,0
847479,0
847480,0
847481,0
847482,0
847483,0
847484,0
847485,0
847486,0
847487,0
847488,0
847489,25
847490,0
847491,0
847492,23
847493,0
847494,29
847495,0
847496,0
847497,0
847498,0
847499,0
847500,52
847501,0
847502,11
847503,0
847504,14
847505,0
847506,0
847507,0
847508,0
847509,0
847510,0
847511,0
847512,0
847513,0
847514,0
847515,0
847516,0
847517,0
847518,0
847519,0
847520,0
847521,0
847522,0
847523,0
847524,0
847525,0
847526,43
847527,0
847528,0
847529,0
847530,47
847531,0
847532,21
847533,0
847534,70
847535,0
847536,0
847537,0
847538,0
847539,0
847540,0
847541,0
847542,0
847543,0
847544,0
847545,0
847546,0
847547,0
847548,0
847549,0
847550,0
847551,0
847552,0
847553,0
847554,0
847555,0
847556,0
847557,0
847558,0
847559,0
847560,0
847561,0
847562,0
847563,0
847564,0
847565,0
847566,0
847567,0
847568,0
847569,0
847570,0
847571,0
847572,0
847573,0
847574,0
847575,0
847576,0
847577,0
847578,0
847579,0
847580,0
847581,0
847582,0
847583,0
847584,8
847585,0
847586,0
847587,0
847588,0
847589,0
847590,0
847591,0
847592,0
847593,0
847594,0
847595,0
847596,35
847597,0
847598,37
847599,0
847600,0
847601,0
847602,0
847603,0
847604,0
847605,0
847606,0
847607,0
847608,0
847609,0
847610,0
847611,0
847612,0
847613,0
847614,0
847615,0
847616,0
847617,0
847618,0
847619,0
847620,0
847621,0
847622,0
847623,0
847624,0
847625,0
847626,32
847627,0
847628,0
847629,0
847630,0
847631,0
847632,0
847633,0
847634,0
847635,0
847636,0
847637,0
847638,0
847639,0
847640,45
847641,0
847642,0
847643,0
847644,24
847645,0
847646,0
847647,0
847648,0
847649,17
847650,0
847651,0
847652,0
847653,5
847654,0
847655,0
847656,27
847657,23
847658,0
847659,0
847660,0
847661,0
847662,0
847663,0
847664,0
847665,0
847666,0
847667,0
847668,0
847669,0
847670,0
847671,0
847672,0
847673,0
847674,0
847675,42
847676,0
847677,0
847678,0
847679,24
847680,0
847681,0
847682,0
847683,0
847684,27
847685,0
847686,0
847687,0
847688,0
847689,0
847690,0
847691,0
847692,0
847693,0
847694,0
847695,0
847696,0
847697,0
847698,0
847699,0
847700,0
847701,0
847702,0
847703,0
847704,0
847705,0
847706,0
847707,0
847708,0
847709,16
847710,0
847711,0
847712,0
847713,0
847714,0
847715,0
847716,0
847717,0
847718,0
847719,0
847720,0
847721,0
847722,0
847723,0
847724,0
847725,0
847726,0
847727,0
847728,0
847729,0
847730,0
847731,0
847732,0
847733,0
847734,0
847735,0
847736,0
847737,25
847738,0
847739,0
847740,0
847741,26
847742,0
847743,0
847744,0
847745,0
847746,0
847747,0
847748,13
847749,0
847750,0
847751,0
847752,0
847753,0
847754,0
847755,0
847756,0
847757,0
847758,0
847759,7
847760,0
847761,0
847762,0
847763,0
847764,0
847765,0
847766,0
847767,0
847768,0
847769,0
847770,0
847771,0
847772,0
847773,0
847774,0
847775,0
847776,0
847777,0
847778,0
847779,0
847780,0
847781,0
847782,0
847783,0
847784,0
847785,0
847786,0
847787,0
847788,0
847789,0
847790,0
847791,0
847792,0
847793,0
847794,0
847795,0
847796,20
847797,0
847798,0
847799,0
847800,0
847801,0
847802,0
847803,0
847804,0
847805,0
847806,0
847807,0
847808,0
847809,0
847810,22
847811,35
847812,0
847813,0
847814,0
847815,0
847816,0
847817,0
847818,0
847819,0
847820,0
847821,0
847822,0
847823,0
847824,0
847825,0
847826,0
847827,0
847828,0
847829,0
847830,0
847831,0
847832,0
847833,0
847834,0
847835,0
847836,0
847837,0
847838,0
847839,0
847840,0
847841,0
847842,0
847843,0
847844,0
847845,0
847846,0
847847,0
847848,0
847849,0
847850,0
847851,0
847852,0
847853,0
847854,0
847855,0
847856,0
847857,0
847858,0
847859,0
847860,20
847861,0
847862,0
847863,0
847864,0
847865,0
847866,0
847867,0
847868,0
847869,0
847870,0
847871,0
847872,0
847873,0
847874,0
847875,0
847876,0
847877,0
847878,0
847879,0
847880,0
847881,0
847882,12
847883,0
847884,0
847885,0
847886,0
847887,0
847888,0
847889,0
847890,0
847891,0
847892,27
847893,0
847894,0
847895,0
847896,0
847897,0
847898,0
847899,0
847900,0
847901,0
847902,0
847903,0
847904,0
847905,0
847906,0
847907,0
847908,0
847909,0
847910,0
847911,15
847912,20
847913,0
847914,0
847915,0
847916,0
847917,0
847918,0
847919,0
847920,17
847921,0
847922,0
847923,0
847924,0
847925,16
847926,0
847927,0
847928,0
847929,0
847930,0
847931,0
847932,0
847933,0
847934,0
847935,0
847936,0
847937,0
847938,0
847939,0
847940,0
847941,0
847942,0
847943,19
847944,0
847945,0
847946,0
847947,0
847948,0
847949,0
847950,0
847951,0
847952,0
847953,0
847954,38
847955,0
847956,0
847957,0
847958,0
847959,0
847960,0
847961,0
847962,0
847963,0
847964,0
847965,0
847966,0
847967,0
847968,0
847969,0
847970,0
847971,0
847972,0
847973,0
847974,0
847975,0
847976,0
847977,19
847978,13
847979,0
847980,0
847981,0
847982,0
847983,0
847984,0
847985,0
847986,0
847987,32
847988,0
847989,0
847990,0
847991,0
847992,0
847993,0
847994,0
847995,0
847996,0
847997,0
847998,14
847999,23
848000,0
848001,0
848002,0
848003,5
848004,0
848005,29
848006,0
848007,0
848008,0
848009,0
848010,0
848011,0
848012,0
848013,0
848014,0
848015,0
848016,0
848017,0
848018,0
848019,0
848020,0
848021,0
848022,0
848023,0
848024,0
848025,18
848026,0
848027,0
848028,0
848029,16
848030,0
848031,0
848032,0
848033,0
848034,0
848035,0
848036,32
848037,0
848038,0
848039,0
848040,0
848041,0
848042,0
848043,0
848044,0
848045,0
848046,0
848047,0
848048,0
848049,0
848050,0
848051,0
848052,0
848053,0
848054,0
848055,0
848056,0
848057,0
848058,0
848059,0
848060,0
848061,0
848062,0
848063,0
848064,0
848065,0
848066,0
848067,0
848068,5
848069,0
848070,0
848071,0
848072,0
848073,0
848074,0
848075,0
848076,0
848077,0
848078,4
848079,0
848080,0
848081,0
848082,5
848083,0
848084,0
848085,7
848086,1
848087,0
848088,0
848089,0
848090,0
848091,3
848092,0
848093,0
848094,0
848095,0
848096,0
848097,0
848098,0
848099,0
848100,0
848101,0
848102,0
848103,0
848104,0
848105,0
848106,6
848107,7
848108,0
848109,0
848110,3
848111,0
848112,0
848113,0
848114,0
848115,0
848116,0
848117,0
848118,5
848119,0
848120,0
848121,0
848122,0
848123,0
848124,5
848125,0
848126,5
848127,3
848128,6
848129,4
848130,0
848131,0
848132,0
848133,0
848134,0
848135,5
848136,0
848137,0
848138,0
848139,0
848140,0
848141,0
848142,0
848143,0
848144,0
848145,3
848146,0
848147,0
848148,0
848149,0
848150,3
848151,0
848152,0
848153,3
848154,0
848155,0
848156,0
848157,0
848158,0
848159,0
848160,0
848161,0
848162,0
848163,0
848164,0
848165,0
848166,0
848167,0
848168,0
848169,0
848170,0
848171,0
848172,0
848173,0
848174,0
848175,0
848176,0
848177,0
848178,6
848179,1
848180,0
848181,4
848182,3
848183,3
848184,0
848185,3
848186,0
848187,0
848188,0
848189,0
848190,7
848191,0
848192,3
848193,0
848194,0
848195,0
848196,0
848197,6
848198,3
848199,0
848200,0
848201,0
848202,8
848203,0
848204,6
848205,0
848206,2
848207,5
848208,0
848209,0
848210,0
848211,0
848212,0
848213,0
848214,0
848215,0
848216,0
848217,0
848218,0
848219,0
848220,0
848221,0
848222,0
848223,6
848224,0
848225,3
848226,0
848227,0
848228,0
848229,0
848230,0
848231,3
848232,0
848233,0
848234,0
848235,7
848236,0
848237,0
848238,0
848239,0
848240,0
848241,0
848242,0
848243,0
848244,0
848245,0
848246,3
848247,1
848248,0
848249,0
848250,0
848251,0
848252,3
848253,0
848254,0
848255,0
848256,0
848257,0
848258,0
848259,0
848260,0
848261,0
848262,0
848263,0
848264,3
848265,0
848266,0
848267,8
848268,0
848269,0
848270,0
848271,0
848272,0
848273,0
848274,0
848275,5
848276,0
848277,0
848278,0
848279,0
848280,4
848281,0
848282,0
848283,0
848284,0
848285,0
848286,0
848287,0
848288,0
848289,0
848290,0
848291,1
848292,0
848293,0
848294,2
848295,0
848296,0
848297,0
848298,0
848299,0
848300,0
848301,0
848302,0
848303,0
848304,0
848305,0
848306,0
848307,0
848308,0
848309,0
848310,0
848311,0
848312,0
848313,0
848314,0
848315,0
848316,0
848317,0
848318,19
848319,0
848320,0
848321,0
848322,0
848323,0
848324,0
848325,0
848326,26
848327,0
848328,0
848329,0
848330,15
848331,0
848332,0
848333,0
848334,0
848335,0
848336,0
848337,0
848338,0
848339,0
848340,13
848341,0
848342,0
848343,0
848344,0
848345,0
848346,0
848347,0
848348,22
848349,0
848350,0
848351,0
848352,0
848353,0
848354,0
848355,16
848356,0
848357,0
848358,0
848359,0
848360,0
848361,0
848362,0
848363,0
848364,0
848365,0
848366,25
848367,0
848368,0
848369,0
848370,0
848371,0
848372,19
848373,29
848374,24
848375,0
848376,0
848377,0
848378,0
848379,21
848380,26
848381,0
848382,0
848383,0
848384,15
848385,0
848386,0
848387,0
848388,0
848389,6
848390,0
848391,0
848392,0
848393,0
848394,0
848395,0
848396,0
848397,28
848398,0
848399,16
848400,25
848401,0
848402,0
848403,0
848404,0
848405,0
848406,0
848407,0
848408,0
848409,0
848410,0
848411,0
848412,0
848413,11
848414,0
848415,0
848416,0
848417,0
848418,0
848419,12
848420,0
848421,0
848422,15
848423,18
848424,0
848425,0
848426,0
848427,0
848428,19
848429,0
848430,0
848431,0
848432,0
848433,0
848434,0
848435,16
848436,13
848437,22
848438,11
848439,0
848440,0
848441,0
848442,0
848443,0
848444,0
848445,0
848446,0
848447,0
848448,0
848449,0
848450,0
848451,0
848452,0
848453,0
848454,0
848455,8
848456,0
848457,0
848458,0
848459,20
848460,0
848461,0
848462,0
848463,0
848464,0
848465,0
848466,0
848467,11
848468,17
848469,0
848470,0
848471,0
848472,20
848473,0
848474,25
848475,0
848476,0
848477,0
848478,0
848479,0
848480,0
848481,0
848482,0
848483,0
848484,0
848485,0
848486,0
848487,0
848488,0
848489,0
848490,0
848491,0
848492,0
848493,0
848494,0
848495,0
848496,0
848497,0
848498,0
848499,0
848500,0
848501,0
848502,0
848503,0
848504,0
848505,0
848506,0
848507,30
848508,13
848509,0
848510,30
848511,8
848512,0
848513,0
848514,0
848515,0
848516,0
848517,0
848518,0
848519,0
848520,0
848521,0
848522,0
848523,0
848524,0
848525,11
848526,0
848527,0
848528,18
848529,0
848530,0
848531,0
848532,0
848533,0
848534,0
848535,0
848536,0
848537,0
848538,0
848539,19
848540,15
848541,0
848542,0
848543,0
848544,0
848545,0
848546,0
848547,0
848548,0
848549,0
848550,0
848551,0
848552,23
848553,11
848554,0
848555,0
848556,0
848557,0
848558,0
848559,0
848560,15
848561,0
848562,0
848563,0
848564,0
848565,10
848566,0
848567,0
848568,0
848569,0
848570,0
848571,0
848572,0
848573,0
848574,0
848575,0
848576,11
848577,0
848578,0
848579,0
848580,0
848581,0
848582,0
848583,0
848584,0
848585,0
848586,0
848587,7
848588,13
848589,2
848590,0
848591,0
848592,0
848593,13
848594,25
848595,0
848596,11
848597,0
848598,0
848599,0
848600,0
848601,0
848602,0
848603,0
848604,9
848605,0
848606,0
848607,0
848608,0
848609,0
848610,0
848611,18
848612,18
848613,19
848614,0
848615,0
848616,0
848617,0
848618,18
848619,0
848620,0
848621,0
848622,0
848623,0
848624,0
848625,0
848626,13
848627,14
848628,0
848629,0
848630,22
848631,0
848632,0
848633,19
848634,0
848635,0
848636,0
848637,0
848638,0
848639,0
848640,0
848641,9
848642,0
848643,0
848644,0
848645,0
848646,0
848647,0
848648,0
848649,0
848650,0
848651,0
848652,0
848653,0
848654,0
848655,0
848656,0
848657,0
848658,13
848659,0
848660,15
848661,0
848662,11
848663,0
848664,0
848665,0
848666,0
848667,0
848668,10
848669,0
848670,0
848671,8
848672,0
848673,0
848674,0
848675,0
848676,0
848677,15
848678,0
848679,0
848680,12
848681,0
848682,0
848683,0
848684,0
848685,0
848686,0
848687,15
848688,0
848689,9
848690,0
848691,0
848692,0
848693,0
848694,0
848695,0
848696,0
848697,0
848698,0
848699,0
848700,0
848701,0
848702,0
848703,0
848704,0
848705,17
848706,0
848707,0
848708,0
848709,0
848710,0
848711,0
848712,0
848713,0
848714,14
848715,13
848716,0
848717,20
848718,0
848719,17
848720,0
848721,12
848722,0
848723,13
848724,0
848725,0
848726,0
848727,18
848728,0
848729,12
848730,0
848731,0
848732,0
848733,18
848734,0
848735,0
848736,12
848737,0
848738,16
848739,0
848740,0
848741,17
848742,0
848743,0
848744,0
848745,0
848746,19
848747,0
848748,0
848749,0
848750,0
848751,0
848752,0
848753,13
848754,0
848755,0
848756,16
848757,0
848758,0
848759,0
848760,0
848761,0
848762,0
848763,0
848764,0
848765,0
848766,0
848767,16
848768,6
848769,0
848770,0
848771,0
848772,12
848773,0
848774,0
848775,0
848776,0
848777,0
848778,0
848779,0
848780,0
848781,0
848782,0
848783,0
848784,0
848785,0
848786,0
848787,0
848788,22
848789,0
848790,0
848791,0
848792,13
848793,0
848794,13
848795,0
848796,0
848797,0
848798,0
848799,6
848800,0
848801,0
848802,22
848803,11
848804,0
848805,0
848806,0
848807,0
848808,15
848809,0
848810,0
848811,12
848812,0
848813,0
848814,0
848815,0
848816,0
848817,0
848818,0
848819,0
848820,0
848821,0
848822,0
848823,0
848824,0
848825,0
848826,13
848827,0
848828,0
848829,0
848830,0
848831,0
848832,0
848833,0
848834,0
848835,0
848836,0
848837,0
848838,0
848839,0
848840,0
848841,0
848842,0
848843,0
848844,0
848845,0
848846,0
848847,0
848848,0
848849,0
848850,0
848851,0
848852,0
848853,0
848854,15
848855,0
848856,0
848857,0
848858,0
848859,0
848860,0
848861,0
848862,0
848863,0
848864,0
848865,0
848866,0
848867,0
848868,0
848869,6
848870,0
848871,0
848872,11
848873,0
848874,0
848875,0
848876,16
848877,0
848878,0
848879,0
848880,0
848881,0
848882,0
848883,0
848884,0
848885,0
848886,0
848887,0
848888,0
848889,0
848890,9
848891,0
848892,19
848893,0
848894,0
848895,0
848896,19
848897,0
848898,0
848899,0
848900,0
848901,0
848902,0
848903,0
848904,0
848905,0
848906,15
848907,0
848908,0
848909,0
848910,0
848911,18
848912,0
848913,0
848914,0
848915,0
848916,0
848917,0
848918,10
848919,0
848920,0
848921,0
848922,0
848923,0
848924,0
848925,0
848926,0
848927,0
848928,16
848929,0
848930,0
848931,0
848932,0
848933,0
848934,8
848935,10
848936,0
848937,0
848938,20
848939,6
848940,0
848941,0
848942,0
848943,0
848944,0
848945,0
848946,0
848947,0
848948,0
848949,0
848950,0
848951,0
848952,0
848953,0
848954,0
848955,22
848956,0
848957,11
848958,0
848959,0
848960,27
848961,0
848962,0
848963,7
848964,24
848965,0
848966,0
848967,0
848968,0
848969,14
848970,0
848971,0
848972,0
848973,0
848974,0
848975,0
848976,12
848977,0
848978,25
848979,0
848980,14
848981,0
848982,0
848983,0
848984,0
848985,0
848986,0
848987,0
848988,17
848989,0
848990,0
848991,14
848992,23
848993,0
848994,28
848995,0
848996,0
848997,19
848998,0
848999,16
849000,0
849001,0
849002,0
849003,0
849004,0
849005,0
849006,0
849007,0
849008,0
849009,0
849010,0
849011,0
849012,0
849013,16
849014,11
849015,0
849016,0
849017,0
849018,0
849019,0
849020,0
849021,14
849022,10
849023,0
849024,0
849025,0
849026,0
849027,0
849028,0
849029,0
849030,0
849031,0
849032,0
849033,0
849034,0
849035,0
849036,0
849037,0
849038,0
849039,0
849040,0
849041,0
849042,0
849043,0
849044,0
849045,0
849046,20
849047,0
849048,0
849049,0
849050,0
849051,14
849052,0
849053,18
849054,0
849055,0
849056,0
849057,10
849058,10
849059,0
849060,0
849061,0
849062,12
849063,0
849064,0
849065,0
849066,0
849067,0
849068,0
849069,0
849070,0
849071,0
849072,0
849073,0
849074,0
849075,0
849076,0
849077,0
849078,0
849079,0
849080,0
849081,0
849082,12
849083,19
849084,0
849085,0
849086,0
849087,0
849088,0
849089,0
849090,0
849091,0
849092,0
849093,0
849094,0
849095,0
849096,0
849097,0
849098,0
849099,0
849100,16
849101,0
849102,0
849103,11
849104,0
849105,0
849106,0
849107,0
849108,0
849109,0
849110,12
849111,0
849112,0
849113,10
849114,0
849115,0
849116,0
849117,0
849118,11
849119,11
849120,0
849121,0
849122,0
849123,0
849124,0
849125,0
849126,0
849127,0
849128,0
849129,0
849130,0
849131,0
849132,0
849133,0
849134,0
849135,0
849136,0
849137,0
849138,18
849139,0
849140,0
849141,0
849142,0
849143,0
849144,0
849145,0
849146,0
849147,0
849148,21
849149,0
849150,0
849151,8
849152,9
849153,0
849154,0
849155,0
849156,0
849157,0
849158,0
849159,0
849160,0
849161,0
849162,0
849163,0
849164,0
849165,0
849166,0
849167,0
849168,0
849169,0
849170,0
849171,0
849172,0
849173,0
849174,0
849175,10
849176,0
849177,0
849178,0
849179,14
849180,0
849181,0
849182,0
849183,0
849184,0
849185,0
849186,0
849187,0
849188,0
849189,0
849190,18
849191,0
849192,0
849193,0
849194,0
849195,16
849196,0
849197,0
849198,13
849199,0
849200,0
849201,0
849202,16
849203,0
849204,0
849205,0
849206,0
849207,0
849208,0
849209,0
849210,0
849211,0
849212,0
849213,0
849214,14
849215,0
849216,0
849217,0
849218,0
849219,0
849220,0
849221,0
849222,0
849223,0
849224,0
849225,12
849226,0
849227,0
849228,0
849229,0
849230,15
849231,17
849232,0
849233,0
849234,0
849235,0
849236,0
849237,0
849238,0
849239,0
849240,0
849241,0
849242,7
849243,13
849244,0
849245,11
849246,0
849247,0
849248,0
849249,0
849250,0
849251,0
849252,0
849253,0
849254,0
849255,15
849256,0
849257,0
849258,0
849259,15
849260,0
849261,0
849262,0
849263,0
849264,0
849265,12
849266,0
849267,0
849268,0
849269,9
849270,0
849271,0
849272,0
849273,0
849274,0
849275,0
849276,0
849277,0
849278,0
849279,0
849280,0
849281,0
849282,35
849283,0
849284,0
849285,36
849286,0
849287,0
849288,0
849289,0
849290,0
849291,29
849292,0
849293,0
849294,0
849295,0
849296,0
849297,0
849298,60
849299,0
849300,0
849301,0
849302,0
849303,0
849304,0
849305,0
849306,43
849307,0
849308,0
849309,30
849310,44
849311,0
849312,45
849313,0
849314,0
849315,0
849316,36
849317,0
849318,0
849319,0
849320,0
849321,0
849322,0
849323,0
849324,37
849325,0
849326,0
849327,0
849328,0
849329,54
849330,23
849331,0
849332,0
849333,0
849334,0
849335,24
849336,0
849337,0
849338,0
849339,0
849340,0
849341,0
849342,0
849343,0
849344,0
849345,31
849346,27
849347,0
849348,36
849349,0
849350,22
849351,0
849352,0
849353,25
849354,0
849355,0
849356,0
849357,43
849358,0
849359,0
849360,0
849361,0
849362,0
849363,0
849364,0
849365,0
849366,0
849367,0
849368,0
849369,0
849370,0
849371,0
849372,0
849373,19
849374,0
849375,0
849376,0
849377,0
849378,0
849379,31
849380,71
849381,43
849382,0
849383,0
849384,0
849385,0
849386,0
849387,0
849388,0
849389,0
849390,0
849391,0
849392,0
849393,27
849394,0
849395,41
849396,0
849397,0
849398,0
849399,0
849400,0
849401,0
849402,0
849403,0
849404,0
849405,0
849406,46
849407,28
849408,0
849409,0
849410,0
849411,0
849412,0
849413,37
849414,37
849415,0
849416,0
849417,0
849418,0
849419,0
849420,0
849421,0
849422,0
849423,0
849424,0
849425,33
849426,0
849427,0
849428,0
849429,0
849430,0
849431,0
849432,0
849433,0
849434,0
849435,0
849436,0
849437,0
849438,35
849439,0
849440,31
849441,0
849442,0
849443,0
849444,0
849445,0
849446,0
849447,31
849448,0
849449,0
849450,0
849451,0
849452,0
849453,0
849454,0
849455,0
849456,0
849457,0
849458,0
849459,0
849460,0
849461,0
849462,36
849463,0
849464,0
849465,0
849466,63
849467,0
849468,0
849469,27
849470,38
849471,0
849472,0
849473,44
849474,0
849475,0
849476,0
849477,0
849478,0
849479,0
849480,0
849481,51
849482,0
849483,0
849484,0
849485,0
849486,0
849487,0
849488,0
849489,0
849490,0
849491,0
849492,0
849493,0
849494,0
849495,0
849496,0
849497,0
849498,0
849499,42
849500,0
849501,0
849502,0
849503,0
849504,0
849505,0
849506,0
849507,0
849508,47
849509,0
849510,0
849511,0
849512,22
849513,0
849514,0
849515,0
849516,0
849517,0
849518,0
849519,41
849520,28
849521,0
849522,0
849523,0
849524,0
849525,32
849526,0
849527,0
849528,0
849529,0
849530,0
849531,0
849532,0
849533,0
849534,0
849535,0
849536,0
849537,38
849538,0
849539,0
849540,0
849541,0
849542,0
849543,0
849544,0
849545,0
849546,0
849547,0
849548,35
849549,0
849550,0
849551,0
849552,0
849553,50
849554,0
849555,0
849556,0
849557,0
849558,0
849559,0
849560,0
849561,57
849562,39
849563,31
849564,0
849565,0
849566,0
849567,0
849568,0
849569,0
849570,0
849571,0
849572,20
849573,0
849574,0
849575,0
849576,50
849577,0
849578,32
849579,0
849580,39
849581,0
849582,0
849583,0
849584,0
849585,0
849586,0
849587,0
849588,0
849589,0
849590,0
849591,0
849592,0
849593,0
849594,34
849595,0
849596,0
849597,0
849598,0
849599,0
849600,0
849601,30
849602,0
849603,0
849604,0
849605,0
849606,0
849607,0
849608,38
849609,0
849610,0
849611,0
849612,0
849613,0
849614,0
849615,0
849616,0
849617,0
849618,0
849619,0
849620,0
849621,0
849622,0
849623,0
849624,28
849625,0
849626,0
849627,0
849628,47
849629,0
849630,0
849631,0
849632,0
849633,0
849634,0
849635,0
849636,0
849637,0
849638,0
849639,0
849640,0
849641,0
849642,0
849643,0
849644,0
849645,0
849646,22
849647,18
849648,0
849649,0
849650,0
849651,0
849652,0
849653,0
849654,0
849655,0
849656,37
849657,0
849658,0
849659,0
849660,0
849661,0
849662,0
849663,0
849664,0
849665,0
849666,0
849667,47
849668,0
849669,0
849670,0
849671,0
849672,28
849673,0
849674,0
849675,56
849676,32
849677,0
849678,0
849679,0
849680,0
849681,0
849682,0
849683,0
849684,0
849685,0
849686,0
849687,0
849688,0
849689,0
849690,0
849691,0
849692,0
849693,0
849694,0
849695,44
849696,0
849697,0
849698,46
849699,0
849700,0
849701,0
849702,0
849703,0
849704,0
849705,0
849706,0
849707,0
849708,0
849709,0
849710,0
849711,0
849712,0
849713,0
849714,0
849715,0
849716,0
849717,0
849718,0
849719,0
849720,0
849721,0
849722,0
849723,0
849724,0
849725,0
849726,24
849727,0
849728,0
849729,0
849730,0
849731,0
849732,0
849733,0
849734,0
849735,0
849736,24
849737,0
849738,0
849739,0
849740,0
849741,0
849742,0
849743,48
849744,0
849745,0
849746,33
849747,0
849748,0
849749,0
849750,0
849751,0
849752,0
849753,0
849754,0
849755,0
849756,0
849757,0
849758,15
849759,0
849760,0
849761,0
849762,40
849763,0
849764,0
849765,0
849766,0
849767,55
849768,0
849769,32
849770,0
849771,0
849772,0
849773,0
849774,0
849775,43
849776,0
849777,0
849778,0
849779,0
849780,0
849781,48
849782,0
849783,0
849784,0
849785,0
849786,37
849787,0
849788,0
849789,0
849790,15
849791,0
849792,0
849793,0
849794,0
849795,0
849796,0
849797,0
849798,0
849799,0
849800,0
849801,0
849802,0
849803,0
849804,0
849805,0
849806,0
849807,31
849808,0
849809,0
849810,0
849811,0
849812,0
849813,0
849814,0
849815,0
849816,0
849817,0
849818,0
849819,0
849820,44
849821,0
849822,38
849823,0
849824,35
849825,0
849826,0
849827,0
849828,0
849829,0
849830,28
849831,0
849832,44
849833,0
849834,24
849835,0
849836,0
849837,0
849838,31
849839,0
849840,0
849841,0
849842,0
849843,36
849844,0
849845,0
849846,18
849847,0
849848,36
849849,0
849850,0
849851,0
849852,0
849853,27
849854,0
849855,34
849856,0
849857,0
849858,0
849859,0
849860,0
849861,0
849862,0
849863,0
849864,0
849865,0
849866,22
849867,0
849868,0
849869,0
849870,0
849871,0
849872,0
849873,0
849874,0
849875,56
849876,0
849877,0
849878,0
849879,0
849880,55
849881,34
849882,0
849883,0
849884,0
849885,0
849886,0
849887,0
849888,0
849889,38
849890,0
849891,0
849892,0
849893,0
849894,0
849895,0
849896,0
849897,0
849898,0
849899,0
849900,0
849901,0
849902,41
849903,0
849904,31
849905,0
849906,0
849907,0
849908,0
849909,26
849910,0
849911,52
849912,0
849913,0
849914,0
849915,33
849916,0
849917,56
849918,0
849919,0
849920,0
849921,0
849922,0
849923,0
849924,0
849925,0
849926,63
849927,0
849928,0
849929,55
849930,0
849931,48
849932,0
849933,0
849934,0
849935,0
849936,71
849937,0
849938,0
849939,0
849940,0
849941,0
849942,0
849943,0
849944,43
849945,0
849946,0
849947,32
849948,19
849949,0
849950,35
849951,0
849952,0
849953,35
849954,0
849955,0
849956,0
849957,0
849958,0
849959,0
849960,0
849961,0
849962,35
849963,0
849964,0
849965,0
849966,0
849967,0
849968,0
849969,0
849970,0
849971,0
849972,0
849973,0
849974,41
849975,0
849976,0
849977,0
849978,0
849979,43
849980,0
849981,0
849982,0
849983,0
849984,44
849985,0
849986,0
849987,0
849988,0
849989,0
849990,0
849991,0
849992,0
849993,0
849994,0
849995,0
849996,0
849997,0
849998,0
849999,33
850000,22
850001,0
850002,0
850003,0
850004,0
850005,0
850006,0
850007,0
850008,0
850009,0
850010,30
850011,0
850012,17
850013,0
850014,0
850015,0
850016,0
850017,38
850018,0
850019,0
850020,0
850021,0
850022,0
850023,0
850024,0
850025,0
850026,0
850027,36
850028,0
850029,0
850030,0
850031,0
850032,0
850033,0
850034,0
850035,33
850036,0
850037,0
850038,0
850039,0
850040,0
850041,0
850042,0
850043,0
850044,0
850045,0
850046,0
850047,0
850048,0
850049,29
850050,0
850051,0
850052,24
850053,0
850054,55
850055,0
850056,0
850057,0
850058,0
850059,0
850060,0
850061,0
850062,0
850063,0
850064,0
850065,0
850066,0
850067,0
850068,0
850069,0
850070,0
850071,0
850072,0
850073,0
850074,0
850075,0
850076,0
850077,0
850078,0
850079,0
850080,48
850081,0
850082,29
850083,0
850084,50
850085,0
850086,0
850087,0
850088,0
850089,0
850090,0
850091,0
850092,0
850093,0
850094,0
850095,0
850096,0
850097,0
850098,0
850099,0
850100,0
850101,0
850102,0
850103,29
850104,50
850105,0
850106,0
850107,0
850108,0
850109,0
850110,0
850111,0
850112,0
850113,0
850114,0
850115,0
850116,0
850117,34
850118,39
850119,0
850120,0
850121,28
850122,0
850123,45
850124,0
850125,0
850126,19
850127,57
850128,0
850129,0
850130,0
850131,0
850132,0
850133,0
850134,46
850135,36
850136,0
850137,0
850138,0
850139,0
850140,40
850141,0
850142,0
850143,0
850144,0
850145,0
850146,0
850147,0
850148,0
850149,0
850150,0
850151,55
850152,0
850153,44
850154,50
850155,0
850156,51
850157,0
850158,0
850159,38
850160,0
850161,0
850162,0
850163,0
850164,0
850165,0
850166,0
850167,0
850168,0
850169,34
850170,0
850171,0
850172,0
850173,69
850174,0
850175,42
850176,0
850177,0
850178,0
850179,68
850180,0
850181,0
850182,0
850183,0
850184,0
850185,0
850186,0
850187,0
850188,56
850189,0
850190,0
850191,0
850192,0
850193,0
850194,20
850195,0
850196,0
850197,0
850198,0
850199,0
850200,0
850201,0
850202,47
850203,0
850204,0
850205,0
850206,0
850207,0
850208,0
850209,0
850210,59
850211,0
850212,0
850213,43
850214,0
850215,0
850216,0
850217,0
850218,42
850219,0
850220,0
850221,0
850222,0
850223,30
850224,0
850225,0
850226,0
850227,0
850228,41
850229,0
850230,0
850231,0
850232,0
850233,53
850234,0
850235,0
850236,0
850237,43
850238,0
850239,41
850240,0
850241,0
850242,0
850243,0
850244,0
850245,0
850246,0
850247,0
850248,0
850249,0
850250,35
850251,0
850252,43
850253,0
850254,61
850255,0
850256,0
850257,0
850258,0
850259,0
850260,0
850261,0
850262,0
850263,0
850264,0
850265,0
850266,31
850267,0
850268,0
850269,0
850270,0
850271,0
850272,27
850273,0
850274,0
850275,0
850276,0
850277,0
850278,23
850279,38
850280,0
850281,0
850282,41
850283,0
850284,0
850285,0
850286,56
850287,27
850288,0
850289,22
850290,0
850291,0
850292,0
850293,0
850294,0
850295,0
850296,0
850297,38
850298,0
850299,0
850300,34
850301,0
850302,53
850303,0
850304,26
850305,0
850306,0
850307,0
850308,0
850309,0
850310,29
850311,0
850312,0
850313,32
850314,27
850315,0
850316,0
850317,0
850318,0
850319,61
850320,0
850321,0
850322,0
850323,0
850324,24
850325,0
850326,0
850327,0
850328,0
850329,0
850330,0
850331,0
850332,0
850333,0
850334,0
850335,0
850336,62
850337,46
850338,53
850339,24
850340,0
850341,0
850342,0
850343,30
850344,0
850345,57
850346,21
850347,0
850348,14
850349,0
850350,0
850351,53
850352,0
850353,0
850354,0
850355,0
850356,0
850357,0
850358,0
850359,0
850360,38
850361,0
850362,34
850363,0
850364,0
850365,0
850366,0
850367,0
850368,0
850369,0
850370,0
850371,0
850372,0
850373,44
850374,0
850375,0
850376,0
850377,63
850378,0
850379,36
850380,0
850381,51
850382,0
850383,0
850384,0
850385,0
850386,0
850387,0
850388,0
850389,0
850390,0
850391,37
850392,0
850393,0
850394,0
850395,26
850396,0
850397,38
850398,0
850399,0
850400,0
850401,0
850402,0
850403,0
850404,52
850405,0
850406,0
850407,0
850408,0
850409,0
850410,0
850411,0
850412,0
850413,0
850414,0
850415,34
850416,0
850417,0
850418,0
850419,0
850420,0
850421,61
850422,0
850423,51
850424,0
850425,0
850426,58
850427,54
850428,27
850429,0
850430,0
850431,0
850432,0
850433,0
850434,0
850435,0
850436,0
850437,0
850438,37
850439,0
850440,50
850441,0
850442,0
850443,0
850444,0
850445,0
850446,0
850447,0
850448,0
850449,0
850450,0
850451,0
850452,0
850453,27
850454,39
850455,0
850456,18
850457,35
850458,0
850459,23
850460,0
850461,0
850462,0
850463,0
850464,0
850465,0
850466,0
850467,0
850468,0
850469,0
850470,0
850471,0
850472,0
850473,0
850474,0
850475,0
850476,0
850477,0
850478,0
850479,0
850480,0
850481,0
850482,0
850483,0
850484,0
850485,0
850486,0
850487,0
850488,0
850489,0
850490,0
850491,0
850492,0
850493,35
850494,0
850495,0
850496,0
850497,0
850498,0
850499,0
850500,0
850501,0
850502,24
850503,0
850504,0
850505,0
850506,0
850507,0
850508,0
850509,0
850510,0
850511,0
850512,0
850513,0
850514,0
850515,0
850516,0
850517,0
850518,0
850519,0
850520,0
850521,0
850522,0
850523,0
850524,0
850525,0
850526,0
850527,0
850528,0
850529,0
850530,0
850531,0
850532,0
850533,0
850534,0
850535,0
850536,0
850537,0
850538,0
850539,0
850540,0
850541,0
850542,0
850543,36
850544,0
850545,0
850546,0
850547,0
850548,50
850549,0
850550,0
850551,0
850552,0
850553,0
850554,0
850555,0
850556,0
850557,0
850558,0
850559,0
850560,0
850561,0
850562,0
850563,0
850564,0
850565,0
850566,0
850567,0
850568,0
850569,0
850570,0
850571,0
850572,0
850573,0
850574,18
850575,0
850576,0
850577,0
850578,0
850579,0
850580,0
850581,0
850582,0
850583,0
850584,33
850585,0
850586,0
850587,0
850588,0
850589,0
850590,0
850591,0
850592,0
850593,0
850594,0
850595,0
850596,0
850597,0
850598,0
850599,0
850600,0
850601,0
850602,0
850603,0
850604,0
850605,25
850606,0
850607,0
850608,0
850609,0
850610,0
850611,0
850612,0
850613,0
850614,35
850615,0
850616,0
850617,0
850618,0
850619,0
850620,0
850621,0
850622,0
850623,0
850624,0
850625,0
850626,0
850627,0
850628,0
850629,0
850630,0
850631,0
850632,0
850633,0
850634,0
850635,0
850636,0
850637,0
850638,0
850639,0
850640,0
850641,0
850642,0
850643,0
850644,0
850645,25
850646,0
850647,0
850648,0
850649,0
850650,0
850651,0
850652,0
850653,0
850654,0
850655,0
850656,0
850657,0
850658,0
850659,0
850660,33
850661,0
850662,0
850663,0
850664,0
850665,0
850666,0
850667,0
850668,0
850669,0
850670,0
850671,0
850672,0
850673,0
850674,0
850675,0
850676,0
850677,0
850678,0
850679,0
850680,25
850681,0
850682,0
850683,0
850684,0
850685,0
850686,0
850687,0
850688,0
850689,0
850690,0
850691,0
850692,0
850693,0
850694,0
850695,0
850696,0
850697,0
850698,0
850699,0
850700,0
850701,0
850702,0
850703,0
850704,0
850705,0
850706,0
850707,22
850708,0
850709,0
850710,0
850711,0
850712,0
850713,0
850714,0
850715,0
850716,0
850717,0
850718,0
850719,0
850720,0
850721,0
850722,0
850723,0
850724,0
850725,0
850726,0
850727,0
850728,0
850729,0
850730,0
850731,0
850732,0
850733,0
850734,0
850735,0
850736,0
850737,0
850738,0
850739,0
850740,0
850741,0
850742,0
850743,0
850744,0
850745,0
850746,0
850747,0
850748,0
850749,0
850750,0
850751,0
850752,0
850753,0
850754,0
850755,0
850756,0
850757,0
850758,20
850759,0
850760,0
850761,0
850762,0
850763,0
850764,0
850765,0
850766,0
850767,0
850768,0
850769,0
850770,0
850771,0
850772,0
850773,33
850774,0
850775,0
850776,0
850777,0
850778,0
850779,0
850780,0
850781,0
850782,0
850783,0
850784,0
850785,32
850786,0
850787,0
850788,0
850789,20
850790,0
850791,0
850792,0
850793,0
850794,0
850795,0
850796,0
850797,0
850798,0
850799,0
850800,0
850801,0
850802,0
850803,0
850804,0
850805,0
850806,0
850807,0
850808,0
850809,0
850810,0
850811,0
850812,0
850813,0
850814,0
850815,0
850816,0
850817,0
850818,0
850819,0
850820,0
850821,0
850822,0
850823,0
850824,16
850825,0
850826,0
850827,0
850828,0
850829,0
850830,0
850831,0
850832,0
850833,0
850834,0
850835,0
850836,0
850837,0
850838,0
850839,0
850840,0
850841,0
850842,0
850843,0
850844,0
850845,0
850846,0
850847,0
850848,0
850849,0
850850,0
850851,0
850852,0
850853,0
850854,0
850855,0
850856,0
850857,0
850858,0
850859,0
850860,0
850861,0
850862,0
850863,0
850864,0
850865,0
850866,0
850867,0
850868,0
850869,35
850870,0
850871,0
850872,0
850873,0
850874,0
850875,0
850876,0
850877,0
850878,0
850879,0
850880,0
850881,0
850882,0
850883,35
850884,0
850885,0
850886,0
850887,0
850888,0
850889,36
850890,0
850891,0
850892,0
850893,0
850894,0
850895,0
850896,0
850897,0
850898,0
850899,0
850900,0
850901,0
850902,0
850903,0
850904,0
850905,0
850906,0
850907,0
850908,0
850909,0
850910,0
850911,0
850912,0
850913,0
850914,0
850915,0
850916,0
850917,0
850918,0
850919,0
850920,0
850921,0
850922,0
850923,0
850924,0
850925,0
850926,0
850927,0
850928,0
850929,0
850930,0
850931,0
850932,0
850933,0
850934,0
850935,0
850936,0
850937,0
850938,0
850939,0
850940,0
850941,0
850942,0
850943,0
850944,0
850945,0
850946,0
850947,0
850948,0
850949,0
850950,0
850951,0
850952,0
850953,0
850954,0
850955,0
850956,0
850957,0
850958,0
850959,0
850960,0
850961,0
850962,0
850963,0
850964,0
850965,0
850966,0
850967,0
850968,0
850969,51
850970,0
850971,0
850972,0
850973,0
850974,0
850975,0
850976,0
850977,0
850978,0
850979,0
850980,0
850981,0
850982,0
850983,0
850984,0
850985,0
850986,0
850987,0
850988,0
850989,0
850990,0
850991,0
850992,0
850993,0
850994,0
850995,0
850996,0
850997,0
850998,0
850999,0
851000,0
851001,0
851002,0
851003,42
851004,0
851005,0
851006,0
851007,0
851008,0
851009,0
851010,0
851011,0
851012,0
851013,0
851014,0
851015,0
851016,0
851017,0
851018,0
851019,0
851020,0
851021,0
851022,0
851023,0
851024,0
851025,0
851026,0
851027,0
851028,0
851029,0
851030,0
851031,0
851032,0
851033,0
851034,0
851035,0
851036,0
851037,0
851038,0
851039,0
851040,23
851041,0
851042,0
851043,0
851044,0
851045,0
851046,0
851047,0
851048,0
851049,0
851050,0
851051,35
851052,0
851053,0
851054,26
851055,0
851056,0
851057,0
851058,0
851059,0
851060,0
851061,39
851062,0
851063,0
851064,0
851065,0
851066,0
851067,0
851068,0
851069,0
851070,0
851071,0
851072,0
851073,34
851074,0
851075,27
851076,0
851077,0
851078,0
851079,0
851080,0
851081,0
851082,33
851083,0
851084,0
851085,0
851086,0
851087,0
851088,0
851089,0
851090,0
851091,0
851092,0
851093,0
851094,0
851095,0
851096,0
851097,0
851098,0
851099,0
851100,0
851101,0
851102,0
851103,0
851104,0
851105,0
851106,0
851107,0
851108,0
851109,0
851110,0
851111,0
851112,0
851113,41
851114,0
851115,0
851116,0
851117,0
851118,0
851119,0
851120,0
851121,0
851122,37
851123,0
851124,0
851125,0
851126,0
851127,0
851128,0
851129,0
851130,0
851131,0
851132,0
851133,0
851134,0
851135,0
851136,0
851137,0
851138,0
851139,0
851140,0
851141,0
851142,0
851143,0
851144,0
851145,0
851146,0
851147,0
851148,0
851149,0
851150,0
851151,0
851152,0
851153,0
851154,0
851155,0
851156,0
851157,0
851158,0
851159,0
851160,0
851161,0
851162,0
851163,0
851164,0
851165,0
851166,0
851167,0
851168,0
851169,0
851170,0
851171,0
851172,0
851173,0
851174,0
851175,0
851176,0
851177,0
851178,0
851179,0
851180,0
851181,0
851182,0
851183,0
851184,0
851185,0
851186,0
851187,0
851188,0
851189,0
851190,30
851191,0
851192,0
851193,21
851194,0
851195,0
851196,0
851197,0
851198,0
851199,0
851200,0
851201,0
851202,0
851203,0
851204,0
851205,0
851206,0
851207,0
851208,0
851209,0
851210,0
851211,0
851212,0
851213,0
851214,0
851215,0
851216,0
851217,0
851218,0
851219,0
851220,30
851221,0
851222,35
851223,0
851224,0
851225,0
851226,34
851227,0
851228,22
851229,0
851230,31
851231,0
851232,0
851233,0
851234,0
851235,0
851236,0
851237,0
851238,0
851239,0
851240,0
851241,39
851242,0
851243,0
851244,0
851245,0
851246,0
851247,0
851248,0
851249,0
851250,0
851251,0
851252,0
851253,25
851254,47
851255,0
851256,0
851257,0
851258,29
851259,0
851260,0
851261,0
851262,0
851263,40
851264,25
851265,0
851266,0
851267,0
851268,23
851269,0
851270,0
851271,0
851272,0
851273,0
851274,0
851275,0
851276,0
851277,36
851278,0
851279,0
851280,0
851281,0
851282,0
851283,40
851284,0
851285,0
851286,31
851287,0
851288,45
851289,0
851290,0
851291,0
851292,0
851293,0
851294,30
851295,0
851296,0
851297,0
851298,36
851299,31
851300,0
851301,0
851302,31
851303,0
851304,0
851305,0
851306,0
851307,0
851308,0
851309,0
851310,0
851311,0
851312,0
851313,0
851314,30
851315,0
851316,37
851317,21
851318,0
851319,0
851320,0
851321,0
851322,24
851323,0
851324,26
851325,32
851326,0
851327,0
851328,36
851329,0
851330,32
851331,0
851332,32
851333,27
851334,0
851335,31
851336,0
851337,34
851338,32
851339,0
851340,0
851341,37
851342,0
851343,0
851344,0
851345,0
851346,0
851347,0
851348,0
851349,0
851350,0
851351,0
851352,31
851353,0
851354,0
851355,0
851356,0
851357,0
851358,0
851359,28
851360,33
851361,0
851362,0
851363,0
851364,33
851365,0
851366,32
851367,0
851368,0
851369,36
851370,0
851371,0
851372,0
851373,0
851374,0
851375,0
851376,0
851377,0
851378,0
851379,35
851380,0
851381,49
851382,0
851383,0
851384,0
851385,34
851386,0
851387,0
851388,0
851389,36
851390,0
851391,0
851392,0
851393,0
851394,40
851395,0
851396,0
851397,0
851398,0
851399,0
851400,0
851401,37
851402,0
851403,0
851404,0
851405,0
851406,42
851407,0
851408,0
851409,0
851410,0
851411,0
851412,0
851413,0
851414,39
851415,0
851416,0
851417,0
851418,22
851419,0
851420,0
851421,0
851422,0
851423,0
851424,0
851425,0
851426,42
851427,0
851428,0
851429,26
851430,0
851431,0
851432,0
851433,0
851434,24
851435,0
851436,0
851437,0
851438,27
851439,0
851440,41
851441,0
851442,0
851443,0
851444,0
851445,0
851446,0
851447,34
851448,0
851449,0
851450,0
851451,0
851452,0
851453,0
851454,0
851455,0
851456,0
851457,0
851458,0
851459,0
851460,0
851461,0
851462,0
851463,0
851464,0
851465,0
851466,0
851467,0
851468,0
851469,0
851470,0
851471,0
851472,0
851473,0
851474,36
851475,0
851476,0
851477,0
851478,38
851479,0
851480,0
851481,34
851482,0
851483,0
851484,0
851485,0
851486,37
851487,0
851488,0
851489,0
851490,0
851491,0
851492,0
851493,0
851494,24
851495,0
851496,0
851497,0
851498,0
851499,38
851500,33
851501,0
851502,0
851503,30
851504,0
851505,0
851506,15
851507,0
851508,0
851509,0
851510,0
851511,0
851512,0
851513,32
851514,0
851515,45
851516,0
851517,0
851518,0
851519,0
851520,0
851521,0
851522,39
851523,0
851524,0
851525,0
851526,26
851527,38
851528,0
851529,31
851530,0
851531,0
851532,0
851533,0
851534,0
851535,0
851536,0
851537,0
851538,28
851539,0
851540,0
851541,0
851542,0
851543,31
851544,0
851545,0
851546,0
851547,28
851548,0
851549,0
851550,0
851551,0
851552,38
851553,0
851554,0
851555,0
851556,0
851557,0
851558,31
851559,0
851560,35
851561,34
851562,0
851563,0
851564,0
851565,0
851566,37
851567,0
851568,0
851569,26
851570,0
851571,0
851572,0
851573,0
851574,0
851575,0
851576,0
851577,0
851578,0
851579,33
851580,0
851581,0
851582,23
851583,0
851584,0
851585,0
851586,36
851587,0
851588,0
851589,0
851590,0
851591,0
851592,0
851593,0
851594,0
851595,39
851596,0
851597,0
851598,0
851599,0
851600,25
851601,0
851602,35
851603,0
851604,20
851605,0
851606,0
851607,49
851608,0
851609,0
851610,0
851611,0
851612,0
851613,32
851614,0
851615,0
851616,0
851617,30
851618,0
851619,0
851620,0
851621,0
851622,0
851623,0
851624,0
851625,0
851626,0
851627,55
851628,0
851629,0
851630,0
851631,0
851632,0
851633,0
851634,0
851635,0
851636,35
851637,39
851638,0
851639,0
851640,27
851641,0
851642,0
851643,0
851644,29
851645,0
851646,0
851647,31
851648,0
851649,0
851650,29
851651,0
851652,0
851653,0
851654,0
851655,0
851656,0
851657,0
851658,39
851659,0
851660,23
851661,0
851662,33
851663,0
851664,0
851665,0
851666,0
851667,0
851668,32
851669,0
851670,0
851671,0
851672,0
851673,0
851674,0
851675,42
851676,0
851677,0
851678,0
851679,0
851680,0
851681,35
851682,21
851683,0
851684,0
851685,0
851686,19
851687,0
851688,28
851689,0
851690,0
851691,37
851692,0
851693,0
851694,0
851695,0
851696,0
851697,0
851698,0
851699,0
851700,0
851701,0
851702,0
851703,0
851704,0
851705,0
851706,0
851707,0
851708,0
851709,0
851710,28
851711,0
851712,0
851713,0
851714,0
851715,0
851716,0
851717,0
851718,0
851719,37
851720,28
851721,0
851722,0
851723,0
851724,22
851725,0
851726,0
851727,0
851728,0
851729,0
851730,33
851731,0
851732,0
851733,0
851734,0
851735,0
851736,0
851737,0
851738,0
851739,0
851740,38
851741,0
851742,0
851743,0
851744,0
851745,0
851746,0
851747,0
851748,43
851749,30
851750,0
851751,0
851752,49
851753,0
851754,42
851755,0
851756,0
851757,25
851758,0
851759,0
851760,35
851761,0
851762,0
851763,27
851764,0
851765,0
851766,0
851767,0
851768,31
851769,0
851770,33
851771,36
851772,0
851773,0
851774,31
851775,42
851776,0
851777,36
851778,37
851779,0
851780,27
851781,0
851782,39
851783,31
851784,0
851785,38
851786,0
851787,0
851788,0
851789,0
851790,0
851791,44
851792,0
851793,0
851794,0
851795,0
851796,0
851797,28
851798,0
851799,24
851800,0
851801,0
851802,0
851803,0
851804,0
851805,0
851806,0
851807,0
851808,0
851809,0
851810,31
851811,0
851812,24
851813,0
851814,0
851815,0
851816,0
851817,0
851818,0
851819,0
851820,0
851821,0
851822,0
851823,36
851824,31
851825,0
851826,0
851827,42
851828,0
851829,0
851830,0
851831,0
851832,0
851833,0
851834,0
851835,0
851836,0
851837,0
851838,30
851839,0
851840,0
851841,51
851842,0
851843,32
851844,0
851845,0
851846,0
851847,8
851848,0
851849,0
851850,39
851851,0
851852,0
851853,0
851854,0
851855,27
851856,0
851857,0
851858,0
851859,0
851860,0
851861,0
851862,0
851863,31
851864,0
851865,0
851866,0
851867,0
851868,0
851869,0
851870,18
851871,0
851872,0
851873,0
851874,32
851875,0
851876,0
851877,0
851878,0
851879,26
851880,0
851881,0
851882,0
851883,0
851884,24
851885,0
851886,0
851887,0
851888,0
851889,0
851890,0
851891,0
851892,0
851893,0
851894,0
851895,0
851896,0
851897,0
851898,0
851899,0
851900,0
851901,0
851902,0
851903,0
851904,0
851905,0
851906,20
851907,0
851908,0
851909,0
851910,0
851911,0
851912,0
851913,19
851914,0
851915,0
851916,0
851917,0
851918,0
851919,0
851920,0
851921,0
851922,0
851923,0
851924,0
851925,0
851926,0
851927,0
851928,0
851929,0
851930,0
851931,0
851932,0
851933,0
851934,0
851935,0
851936,0
851937,0
851938,0
851939,0
851940,0
851941,18
851942,0
851943,0
851944,0
851945,0
851946,0
851947,0
851948,0
851949,0
851950,0
851951,0
851952,0
851953,0
851954,0
851955,0
851956,0
851957,0
851958,0
851959,0
851960,0
851961,0
851962,0
851963,0
851964,0
851965,0
851966,0
851967,0
851968,11
851969,0
851970,0
851971,0
851972,0
851973,0
851974,0
851975,0
851976,13
851977,0
851978,0
851979,0
851980,0
851981,0
851982,0
851983,0
851984,0
851985,0
851986,0
851987,0
851988,0
851989,0
851990,0
851991,30
851992,38
851993,0
851994,0
851995,0
851996,44
851997,0
851998,20
851999,0
852000,0
852001,0
852002,0
852003,32
852004,0
852005,0
852006,0
852007,0
852008,0
852009,0
852010,0
852011,24
852012,0
852013,0
852014,0
852015,0
852016,23
852017,27
852018,0
852019,0
852020,0
852021,0
852022,0
852023,0
852024,0
852025,0
852026,0
852027,29
852028,0
852029,33
852030,0
852031,0
852032,0
852033,0
852034,0
852035,0
852036,0
852037,0
852038,34
852039,0
852040,0
852041,29
852042,24
852043,0
852044,0
852045,0
852046,0
852047,0
852048,38
852049,0
852050,0
852051,0
852052,0
852053,0
852054,0
852055,30
852056,27
852057,0
852058,35
852059,22
852060,0
852061,0
852062,0
852063,0
852064,0
852065,23
852066,0
852067,41
852068,0
852069,0
852070,31
852071,0
852072,43
852073,0
852074,0
852075,0
852076,0
852077,0
852078,0
852079,0
852080,0
852081,0
852082,0
852083,0
852084,0
852085,0
852086,0
852087,0
852088,22
852089,0
852090,0
852091,0
852092,0
852093,0
852094,25
852095,0
852096,38
852097,0
852098,0
852099,0
852100,0
852101,0
852102,38
852103,0
852104,0
852105,0
852106,0
852107,0
852108,0
852109,0
852110,0
852111,34
852112,0
852113,0
852114,0
852115,26
852116,0
852117,0
852118,0
852119,0
852120,0
852121,0
852122,28
852123,0
852124,0
852125,0
852126,28
852127,0
852128,0
852129,0
852130,0
852131,0
852132,0
852133,0
852134,0
852135,0
852136,0
852137,0
852138,0
852139,0
852140,0
852141,0
852142,0
852143,0
852144,0
852145,0
852146,47
852147,0
852148,0
852149,0
852150,0
852151,0
852152,0
852153,0
852154,21
852155,0
852156,0
852157,0
852158,30
852159,0
852160,0
852161,27
852162,0
852163,0
852164,0
852165,0
852166,25
852167,35
852168,0
852169,23
852170,0
852171,0
852172,0
852173,0
852174,0
852175,0
852176,0
852177,0
852178,0
852179,25
852180,0
852181,0
852182,0
852183,0
852184,35
852185,0
852186,0
852187,0
852188,0
852189,0
852190,0
852191,0
852192,0
852193,0
852194,0
852195,36
852196,0
852197,0
852198,27
852199,0
852200,0
852201,0
852202,0
852203,0
852204,0
852205,0
852206,39
852207,0
852208,0
852209,0
852210,0
852211,0
852212,19
852213,29
852214,0
852215,0
852216,0
852217,25
852218,0
852219,0
852220,0
852221,0
852222,0
852223,0
852224,0
852225,0
852226,0
852227,0
852228,23
852229,29
852230,23
852231,23
852232,0
852233,0
852234,0
852235,0
852236,0
852237,0
852238,0
852239,0
852240,0
852241,43
852242,0
852243,0
852244,0
852245,37
852246,40
852247,0
852248,0
852249,49
852250,0
852251,0
852252,0
852253,0
852254,0
852255,0
852256,0
852257,0
852258,41
852259,0
852260,0
852261,0
852262,24
852263,0
852264,25
852265,0
852266,0
852267,0
852268,0
852269,0
852270,0
852271,0
852272,0
852273,0
852274,0
852275,0
852276,0
852277,0
852278,18
852279,0
852280,28
852281,0
852282,0
852283,0
852284,0
852285,0
852286,0
852287,0
852288,0
852289,0
852290,0
852291,0
852292,0
852293,26
852294,0
852295,0
852296,0
852297,0
852298,0
852299,0
852300,0
852301,0
852302,0
852303,0
852304,0
852305,0
852306,0
852307,37
852308,0
852309,0
852310,29
852311,0
852312,0
852313,35
852314,0
852315,0
852316,0
852317,0
852318,0
852319,26
852320,32
852321,0
852322,0
852323,0
852324,0
852325,0
852326,0
852327,28
852328,0
852329,0
852330,0
852331,0
852332,0
852333,0
852334,37
852335,0
852336,0
852337,0
852338,0
852339,0
852340,0
852341,0
852342,0
852343,0
852344,24
852345,0
852346,0
852347,0
852348,0
852349,0
852350,0
852351,0
852352,0
852353,0
852354,0
852355,0
852356,0
852357,26
852358,0
852359,0
852360,0
852361,37
852362,25
852363,0
852364,0
852365,0
852366,0
852367,0
852368,0
852369,0
852370,0
852371,0
852372,0
852373,0
852374,0
852375,0
852376,0
852377,30
852378,29
852379,0
852380,21
852381,0
852382,0
852383,0
852384,0
852385,0
852386,0
852387,32
852388,0
852389,0
852390,0
852391,0
852392,0
852393,0
852394,0
852395,0
852396,35
852397,0
852398,0
852399,0
852400,0
852401,0
852402,0
852403,0
852404,0
852405,0
852406,0
852407,0
852408,25
852409,0
852410,0
852411,0
852412,29
852413,0
852414,23
852415,0
852416,0
852417,0
852418,0
852419,0
852420,0
852421,0
852422,0
852423,0
852424,36
852425,0
852426,0
852427,28
852428,0
852429,0
852430,0
852431,0
852432,0
852433,0
852434,0
852435,0
852436,0
852437,0
852438,0
852439,0
852440,0
852441,0
852442,0
852443,0
852444,0
852445,0
852446,0
852447,0
852448,0
852449,24
852450,0
852451,0
852452,0
852453,0
852454,18
852455,24
852456,36
852457,0
852458,31
852459,0
852460,0
852461,0
852462,24
852463,0
852464,0
852465,0
852466,0
852467,0
852468,0
852469,32
852470,0
852471,0
852472,0
852473,0
852474,0
852475,0
852476,38
852477,0
852478,0
852479,0
852480,0
852481,0
852482,0
852483,0
852484,0
852485,30
852486,0
852487,0
852488,0
852489,28
852490,0
852491,0
852492,0
852493,0
852494,33
852495,0
852496,0
852497,0
852498,0
852499,25
852500,0
852501,43
852502,0
852503,0
852504,32
852505,26
852506,0
852507,0
852508,0
852509,0
852510,0
852511,30
852512,19
852513,0
852514,0
852515,0
852516,36
852517,0
852518,0
852519,0
852520,0
852521,32
852522,0
852523,0
852524,37
852525,37
852526,0
852527,0
852528,0
852529,0
852530,0
852531,0
852532,0
852533,0
852534,0
852535,0
852536,0
852537,0
852538,0
852539,0
852540,0
852541,43
852542,34
852543,0
852544,0
852545,29
852546,0
852547,0
852548,0
852549,0
852550,32
852551,0
852552,28
852553,0
852554,37
852555,0
852556,0
852557,0
852558,0
852559,0
852560,0
852561,0
852562,0
852563,18
852564,0
852565,0
852566,0
852567,0
852568,0
852569,0
852570,0
852571,43
852572,34
852573,29
852574,30
852575,0
852576,0
852577,0
852578,0
852579,0
852580,0
852581,0
852582,35
852583,0
852584,0
852585,0
852586,0
852587,0
852588,0
852589,0
852590,0
852591,0
852592,37
852593,0
852594,0
852595,0
852596,0
852597,0
852598,0
852599,0
852600,0
852601,0
852602,42
852603,0
852604,0
852605,0
852606,0
852607,0
852608,0
852609,27
852610,0
852611,0
852612,24
852613,0
852614,0
852615,32
852616,0
852617,0
852618,40
852619,0
852620,0
852621,30
852622,0
852623,28
852624,0
852625,34
852626,0
852627,0
852628,0
852629,0
852630,0
852631,0
852632,0
852633,0
852634,0
852635,0
852636,0
852637,0
852638,0
852639,0
852640,0
852641,39
852642,0
852643,0
852644,0
852645,24
852646,35
852647,0
852648,0
852649,0
852650,0
852651,0
852652,0
852653,0
852654,0
852655,0
852656,44
852657,31
852658,0
852659,0
852660,0
852661,0
852662,34
852663,0
852664,0
852665,0
852666,0
852667,0
852668,0
852669,0
852670,0
852671,0
852672,0
852673,0
852674,0
852675,0
852676,0
852677,32
852678,0
852679,0
852680,0
852681,0
852682,0
852683,0
852684,38
852685,0
852686,0
852687,25
852688,0
852689,0
852690,39
852691,0
852692,0
852693,0
852694,0
852695,0
852696,32
852697,0
852698,0
852699,0
852700,0
852701,0
852702,0
852703,0
852704,0
852705,0
852706,0
852707,0
852708,0
852709,0
852710,0
852711,0
852712,0
852713,0
852714,0
852715,21
852716,0
852717,0
852718,0
852719,31
852720,0
852721,0
852722,0
852723,0
852724,41
852725,33
852726,0
852727,0
852728,13
852729,0
852730,0
852731,0
852732,0
852733,31
852734,0
852735,25
852736,0
852737,0
852738,0
852739,0
852740,43
852741,29
852742,0
852743,0
852744,0
852745,0
852746,0
852747,0
852748,0
852749,0
852750,0
852751,0
852752,0
852753,0
852754,0
852755,0
852756,0
852757,13
852758,0
852759,0
852760,0
852761,0
852762,0
852763,0
852764,0
852765,0
852766,0
852767,0
852768,0
852769,0
852770,15
852771,0
852772,0
852773,0
852774,0
852775,0
852776,27
852777,0
852778,0
852779,0
852780,0
852781,0
852782,0
852783,31
852784,0
852785,0
852786,25
852787,0
852788,0
852789,0
852790,26
852791,0
852792,24
852793,0
852794,0
852795,0
852796,31
852797,0
852798,0
852799,0
852800,0
852801,19
852802,0
852803,0
852804,0
852805,0
852806,0
852807,0
852808,0
852809,0
852810,0
852811,19
852812,32
852813,25
852814,37
852815,0
852816,0
852817,0
852818,0
852819,0
852820,0
852821,0
852822,0
852823,0
852824,18
852825,26
852826,0
852827,0
852828,13
852829,0
852830,0
852831,0
852832,0
852833,0
852834,20
852835,0
852836,0
852837,0
852838,0
852839,0
852840,0
852841,0
852842,0
852843,0
852844,19
852845,0
852846,0
852847,0
852848,18
852849,0
852850,0
852851,20
852852,0
852853,0
852854,0
852855,0
852856,36
852857,0
852858,0
852859,0
852860,0
852861,17
852862,0
852863,0
852864,0
852865,22
852866,0
852867,0
852868,0
852869,0
852870,0
852871,0
852872,0
852873,0
852874,38
852875,25
852876,23
852877,0
852878,15
852879,0
852880,0
852881,0
852882,0
852883,17
852884,0
852885,0
852886,0
852887,0
852888,0
852889,0
852890,0
852891,27
852892,11
852893,0
852894,0
852895,0
852896,0
852897,0
852898,0
852899,0
852900,0
852901,0
852902,0
852903,0
852904,0
852905,0
852906,0
852907,0
852908,0
852909,0
852910,0
852911,0
852912,17
852913,0
852914,0
852915,0
852916,21
852917,0
852918,0
852919,0
852920,0
852921,0
852922,0
852923,0
852924,15
852925,0
852926,0
852927,19
852928,0
852929,0
852930,0
852931,0
852932,29
852933,0
852934,0
852935,24
852936,14
852937,0
852938,0
852939,0
852940,0
852941,0
852942,0
852943,0
852944,0
852945,0
852946,0
852947,0
852948,0
852949,0
852950,0
852951,24
852952,0
852953,0
852954,0
852955,0
852956,0
852957,0
852958,0
852959,0
852960,0
852961,0
852962,0
852963,0
852964,30
852965,0
852966,29
852967,30
852968,0
852969,23
852970,0
852971,0
852972,0
852973,26
852974,0
852975,0
852976,0
852977,33
852978,0
852979,0
852980,38
852981,0
852982,19
852983,0
852984,0
852985,0
852986,0
852987,0
852988,27
852989,0
852990,18
852991,23
852992,0
852993,0
852994,0
852995,30
852996,0
852997,0
852998,0
852999,0
853000,0
853001,0
853002,0
853003,0
853004,0
853005,0
853006,0
853007,0
853008,0
853009,0
853010,0
853011,0
853012,0
853013,0
853014,24
853015,0
853016,0
853017,0
853018,0
853019,0
853020,0
853021,0
853022,0
853023,19
853024,25
853025,0
853026,16
853027,0
853028,0
853029,0
853030,0
853031,0
853032,0
853033,0
853034,0
853035,0
853036,0
853037,33
853038,0
853039,14
853040,0
853041,0
853042,0
853043,0
853044,0
853045,0
853046,0
853047,0
853048,0
853049,0
853050,0
853051,0
853052,0
853053,0
853054,0
853055,32
853056,25
853057,0
853058,0
853059,0
853060,0
853061,0
853062,20
853063,0
853064,34
853065,0
853066,0
853067,0
853068,0
853069,0
853070,0
853071,33
853072,0
853073,0
853074,0
853075,0
853076,0
853077,0
853078,0
853079,0
853080,0
853081,28
853082,0
853083,0
853084,0
853085,0
853086,0
853087,23
853088,0
853089,0
853090,0
853091,0
853092,0
853093,0
853094,0
853095,0
853096,0
853097,0
853098,0
853099,0
853100,27
853101,0
853102,13
853103,0
853104,26
853105,0
853106,0
853107,0
853108,0
853109,0
853110,22
853111,0
853112,0
853113,0
853114,0
853115,0
853116,0
853117,0
853118,0
853119,0
853120,0
853121,0
853122,30
853123,0
853124,0
853125,0
853126,0
853127,0
853128,24
853129,0
853130,0
853131,0
853132,0
853133,0
853134,0
853135,0
853136,0
853137,24
853138,0
853139,0
853140,18
853141,0
853142,0
853143,33
853144,0
853145,0
853146,0
853147,0
853148,0
853149,0
853150,0
853151,20
853152,0
853153,0
853154,0
853155,0
853156,20
853157,24
853158,0
853159,0
853160,17
853161,0
853162,0
853163,0
853164,0
853165,27
853166,0
853167,0
853168,0
853169,0
853170,0
853171,18
853172,0
853173,0
853174,0
853175,0
853176,0
853177,0
853178,0
853179,0
853180,0
853181,0
853182,0
853183,0
853184,0
853185,18
853186,24
853187,0
853188,28
853189,24
853190,0
853191,0
853192,0
853193,0
853194,0
853195,0
853196,0
853197,35
853198,16
853199,0
853200,0
853201,0
853202,0
853203,0
853204,0
853205,0
853206,0
853207,20
853208,0
853209,0
853210,29
853211,0
853212,0
853213,34
853214,0
853215,0
853216,0
853217,0
853218,0
853219,0
853220,0
853221,0
853222,0
853223,0
853224,20
853225,0
853226,20
853227,0
853228,0
853229,0
853230,0
853231,0
853232,16
853233,0
853234,0
853235,29
853236,0
853237,0
853238,31
853239,0
853240,0
853241,21
853242,0
853243,0
853244,0
853245,0
853246,0
853247,0
853248,0
853249,0
853250,0
853251,19
853252,0
853253,0
853254,0
853255,0
853256,0
853257,0
853258,0
853259,18
853260,0
853261,0
853262,0
853263,16
853264,0
853265,21
853266,13
853267,0
853268,33
853269,0
853270,0
853271,0
853272,0
853273,0
853274,0
853275,27
853276,0
853277,0
853278,0
853279,0
853280,23
853281,0
853282,31
853283,0
853284,0
853285,0
853286,0
853287,25
853288,23
853289,0
853290,0
853291,0
853292,0
853293,0
853294,24
853295,0
853296,0
853297,0
853298,19
853299,0
853300,0
853301,0
853302,0
853303,32
853304,0
853305,9
853306,0
853307,0
853308,0
853309,0
853310,0
853311,28
853312,0
853313,0
853314,0
853315,0
853316,0
853317,0
853318,0
853319,0
853320,0
853321,0
853322,33
853323,29
853324,25
853325,28
853326,0
853327,0
853328,0
853329,0
853330,0
853331,17
853332,0
853333,28
853334,0
853335,0
853336,0
853337,0
853338,0
853339,0
853340,0
853341,0
853342,0
853343,0
853344,0
853345,0
853346,0
853347,0
853348,0
853349,23
853350,0
853351,0
853352,27
853353,0
853354,0
853355,0
853356,0
853357,36
853358,0
853359,0
853360,0
853361,0
853362,29
853363,0
853364,0
853365,0
853366,0
853367,0
853368,0
853369,0
853370,0
853371,0
853372,0
853373,0
853374,13
853375,0
853376,0
853377,0
853378,0
853379,0
853380,0
853381,0
853382,0
853383,21
853384,21
853385,0
853386,0
853387,0
853388,0
853389,0
853390,0
853391,0
853392,0
853393,0
853394,0
853395,0
853396,15
853397,0
853398,0
853399,0
853400,0
853401,0
853402,0
853403,30
853404,0
853405,0
853406,25
853407,0
853408,0
853409,0
853410,0
853411,0
853412,28
853413,0
853414,0
853415,0
853416,0
853417,0
853418,0
853419,38
853420,0
853421,0
853422,0
853423,0
853424,0
853425,0
853426,0
853427,9
853428,17
853429,0
853430,0
853431,0
853432,0
853433,0
853434,0
853435,0
853436,0
853437,0
853438,0
853439,0
853440,0
853441,0
853442,20
853443,0
853444,0
853445,15
853446,27
853447,0
853448,0
853449,0
853450,0
853451,26
853452,0
853453,24
853454,0
853455,0
853456,0
853457,0
853458,20
853459,0
853460,0
853461,0
853462,0
853463,0
853464,26
853465,0
853466,0
853467,16
853468,0
853469,0
853470,0
853471,0
853472,0
853473,0
853474,0
853475,0
853476,0
853477,0
853478,0
853479,0
853480,0
853481,0
853482,17
853483,0
853484,0
853485,0
853486,0
853487,0
853488,0
853489,0
853490,0
853491,0
853492,0
853493,0
853494,0
853495,0
853496,0
853497,0
853498,0
853499,0
853500,0
853501,0
853502,1
853503,0
853504,0
853505,0
853506,0
853507,0
853508,0
853509,0
853510,0
853511,0
853512,0
853513,0
853514,0
853515,0
853516,0
853517,0
853518,0
853519,0
853520,0
853521,0
853522,0
853523,0
853524,0
853525,0
853526,0
853527,0
853528,0
853529,0
853530,0
853531,0
853532,0
853533,0
853534,0
853535,0
853536,0
853537,0
853538,0
853539,0
853540,0
853541,0
853542,0
853543,0
853544,0
853545,0
853546,0
853547,0
853548,0
853549,0
853550,0
853551,0
853552,0
853553,0
853554,0
853555,0
853556,0
853557,0
853558,0
853559,0
853560,0
853561,0
853562,0
853563,0
853564,0
853565,0
853566,0
853567,0
853568,0
853569,0
853570,0
853571,0
853572,0
853573,0
853574,0
853575,0
853576,0
853577,0
853578,0
853579,0
853580,0
853581,0
853582,0
853583,0
853584,0
853585,0
853586,0
853587,0
853588,0
853589,0
853590,0
853591,0
853592,0
853593,0
853594,0
853595,0
853596,0
853597,0
853598,0
853599,0
853600,0
853601,0
853602,0
853603,0
853604,0
853605,0
853606,0
853607,0
853608,0
853609,0
853610,0
853611,0
853612,0
853613,0
853614,0
853615,0
853616,0
853617,0
853618,0
853619,0
853620,0
853621,1
853622,0
853623,0
853624,0
853625,0
853626,0
853627,0
853628,0
853629,0
853630,0
853631,0
853632,0
853633,0
853634,0
853635,0
853636,0
853637,0
853638,0
853639,0
853640,0
853641,0
853642,0
853643,0
853644,0
853645,0
853646,0
853647,0
853648,0
853649,0
853650,0
853651,0
853652,0
853653,0
853654,0
853655,0
853656,0
853657,0
853658,0
853659,0
853660,0
853661,0
853662,0
853663,0
853664,0
853665,0
853666,0
853667,0
853668,0
853669,0
853670,0
853671,0
853672,0
853673,0
853674,0
853675,0
853676,0
853677,0
853678,0
853679,0
853680,0
853681,0
853682,0
853683,0
853684,0
853685,0
853686,0
853687,0
853688,0
853689,0
853690,0
853691,0
853692,0
853693,0
853694,0
853695,0
853696,0
853697,0
853698,0
853699,0
853700,0
853701,0
853702,0
853703,0
853704,0
853705,0
853706,0
853707,0
853708,0
853709,0
853710,0
853711,0
853712,0
853713,0
853714,0
853715,0
853716,0
853717,0
853718,0
853719,0
853720,0
853721,0
853722,0
853723,0
853724,0
853725,0
853726,0
853727,0
853728,0
853729,0
853730,0
853731,0
853732,0
853733,0
853734,0
853735,0
853736,0
853737,0
853738,0
853739,0
853740,0
853741,0
853742,0
853743,0
853744,0
853745,0
853746,0
853747,0
853748,0
853749,0
853750,0
853751,0
853752,0
853753,0
853754,0
853755,0
853756,0
853757,0
853758,0
853759,0
853760,0
853761,0
853762,0
853763,0
853764,0
853765,0
853766,0
853767,0
853768,1
853769,0
853770,0
853771,0
853772,0
853773,0
853774,0
853775,0
853776,0
853777,0
853778,0
853779,0
853780,0
853781,0
853782,0
853783,0
853784,0
853785,0
853786,0
853787,0
853788,0
853789,0
853790,0
853791,0
853792,0
853793,0
853794,0
853795,0
853796,0
853797,0
853798,0
853799,0
853800,0
853801,0
853802,0
853803,0
853804,0
853805,0
853806,0
853807,0
853808,0
853809,0
853810,0
853811,0
853812,1
853813,0
853814,0
853815,0
853816,0
853817,0
853818,0
853819,0
853820,0
853821,0
853822,0
853823,0
853824,0
853825,0
853826,0
853827,0
853828,0
853829,0
853830,0
853831,0
853832,0
853833,0
853834,0
853835,0
853836,0
853837,0
853838,0
853839,0
853840,0
853841,0
853842,0
853843,0
853844,0
853845,0
853846,0
853847,0
853848,0
853849,0
853850,0
853851,0
853852,0
853853,0
853854,0
853855,0
853856,0
853857,0
853858,0
853859,0
853860,0
853861,0
853862,0
853863,0
853864,0
853865,0
853866,0
853867,0
853868,0
853869,0
853870,0
853871,0
853872,0
853873,0
853874,0
853875,0
853876,0
853877,0
853878,0
853879,0
853880,0
853881,0
853882,0
853883,0
853884,0
853885,0
853886,0
853887,0
853888,0
853889,0
853890,0
853891,0
853892,0
853893,0
853894,0
853895,0
853896,0
853897,0
853898,0
853899,0
853900,0
853901,0
853902,0
853903,0
853904,0
853905,0
853906,0
853907,0
853908,0
853909,0
853910,0
853911,0
853912,0
853913,0
853914,0
853915,0
853916,0
853917,0
853918,0
853919,0
853920,0
853921,0
853922,0
853923,0
853924,0
853925,0
853926,0
853927,0
853928,0
853929,0
853930,0
853931,0
853932,0
853933,0
853934,0
853935,0
853936,0
853937,0
853938,0
853939,0
853940,0
853941,0
853942,0
853943,0
853944,0
853945,0
853946,0
853947,0
853948,0
853949,0
853950,0
853951,0
853952,0
853953,0
853954,0
853955,0
853956,0
853957,0
853958,0
853959,0
853960,0
853961,0
853962,1
853963,0
853964,0
853965,0
853966,0
853967,0
853968,0
853969,0
853970,0
853971,0
853972,0
853973,0
853974,0
853975,0
853976,0
853977,0
853978,2
853979,0
853980,0
853981,0
853982,0
853983,0
853984,0
853985,0
853986,0
853987,0
853988,0
853989,0
853990,0
853991,0
853992,0
853993,0
853994,0
853995,0
853996,0
853997,0
853998,0
853999,0
854000,0
854001,0
854002,0
854003,0
854004,0
854005,0
854006,0
854007,0
854008,0
854009,0
854010,0
854011,0
854012,0
854013,0
854014,0
854015,0
854016,0
854017,0
854018,0
854019,0
854020,0
854021,0
854022,0
854023,0
854024,0
854025,0
854026,0
854027,0
854028,0
854029,0
854030,0
854031,0
854032,0
854033,0
854034,0
854035,0
854036,0
854037,0
854038,0
854039,0
854040,0
854041,0
854042,0
854043,0
854044,0
854045,0
854046,0
854047,0
854048,0
854049,0
854050,0
854051,0
854052,0
854053,0
854054,0
854055,0
854056,0
854057,0
854058,0
854059,0
854060,0
854061,0
854062,0
854063,0
854064,0
854065,0
854066,0
854067,0
854068,0
854069,1
854070,0
854071,0
854072,0
854073,0
854074,0
854075,0
854076,0
854077,0
854078,0
854079,0
854080,0
854081,0
854082,0
854083,0
854084,0
854085,0
854086,0
854087,0
854088,0
854089,0
854090,0
854091,0
854092,0
854093,0
854094,0
854095,0
854096,0
854097,0
854098,0
854099,0
854100,0
854101,0
854102,0
854103,0
854104,0
854105,0
854106,0
854107,0
854108,0
854109,0
854110,0
854111,0
854112,0
854113,0
854114,0
854115,0
854116,0
854117,0
854118,0
854119,0
854120,0
854121,0
854122,0
854123,0
854124,0
854125,0
854126,0
854127,0
854128,0
854129,0
854130,0
854131,0
854132,0
854133,0
854134,0
854135,0
854136,0
854137,0
854138,0
854139,0
854140,0
854141,0
854142,0
854143,0
854144,0
854145,0
854146,0
854147,0
854148,0
854149,0
854150,0
854151,0
854152,0
854153,0
854154,0
854155,0
854156,0
854157,0
854158,0
854159,0
854160,0
854161,0
854162,0
854163,0
854164,0
854165,0
854166,0
854167,0
854168,0
854169,0
854170,0
854171,0
854172,0
854173,0
854174,0
854175,0
854176,0
854177,0
854178,0
854179,0
854180,0
854181,0
854182,0
854183,0
854184,0
854185,0
854186,0
854187,0
854188,0
854189,0
854190,0
854191,0
854192,0
854193,0
854194,0
854195,0
854196,0
854197,0
854198,0
854199,0
854200,0
854201,0
854202,0
854203,0
854204,0
854205,0
854206,0
854207,0
854208,0
854209,0
854210,0
854211,0
854212,0
854213,0
854214,0
854215,0
854216,0
854217,0
854218,0
854219,0
854220,0
854221,0
854222,0
854223,0
854224,0
854225,0
854226,0
854227,0
854228,0
854229,0
854230,0
854231,0
854232,0
854233,0
854234,0
854235,0
854236,0
854237,0
854238,0
854239,0
854240,0
854241,0
854242,0
854243,0
854244,0
854245,0
854246,0
854247,0
854248,0
854249,0
854250,0
854251,0
854252,0
854253,0
854254,0
854255,0
854256,0
854257,0
854258,0
854259,0
854260,0
854261,0
854262,0
854263,0
854264,0
854265,0
854266,0
854267,0
854268,0
854269,0
854270,0
854271,0
854272,0
854273,0
854274,0
854275,0
854276,0
854277,0
854278,0
854279,0
854280,0
854281,0
854282,0
854283,0
854284,0
854285,0
854286,0
854287,0
854288,0
854289,0
854290,0
854291,0
854292,0
854293,0
854294,0
854295,0
854296,0
854297,0
854298,0
854299,0
854300,0
854301,0
854302,0
854303,0
854304,0
854305,0
854306,0
854307,0
854308,0
854309,0
854310,0
854311,0
854312,0
854313,0
854314,0
854315,0
854316,0
854317,0
854318,0
854319,0
854320,0
854321,0
854322,0
854323,0
854324,0
854325,0
854326,0
854327,0
854328,0
854329,0
854330,0
854331,0
854332,0
854333,0
854334,0
854335,0
854336,0
854337,0
854338,0
854339,0
854340,0
854341,0
854342,0
854343,0
854344,0
854345,0
854346,0
854347,0
854348,0
854349,0
854350,0
854351,0
854352,0
854353,0
854354,0
854355,0
854356,0
854357,0
854358,0
854359,0
854360,0
854361,0
854362,0
854363,0
854364,0
854365,0
854366,0
854367,0
854368,0
854369,0
854370,0
854371,0
854372,0
854373,0
854374,0
854375,0
854376,0
854377,0
854378,0
854379,0
854380,0
854381,0
854382,0
854383,0
854384,0
854385,0
854386,0
854387,0
854388,0
854389,0
854390,0
854391,0
854392,0
854393,0
854394,0
854395,0
854396,0
854397,0
854398,0
854399,0
854400,0
854401,0
854402,0
854403,0
854404,0
854405,0
854406,0
854407,0
854408,0
854409,0
854410,0
854411,0
854412,0
854413,0
854414,0
854415,0
854416,0
854417,0
854418,0
854419,0
854420,0
854421,0
854422,0
854423,0
854424,0
854425,0
854426,0
854427,0
854428,0
854429,0
854430,0
854431,0
854432,0
854433,0
854434,0
854435,0
854436,0
854437,0
854438,0
854439,0
854440,0
854441,0
854442,0
854443,0
854444,0
854445,0
854446,0
854447,0
854448,0
854449,0
854450,0
854451,0
854452,22
854453,0
854454,0
854455,0
854456,0
854457,0
854458,0
854459,0
854460,0
854461,0
854462,0
854463,0
854464,0
854465,0
854466,0
854467,0
854468,0
854469,0
854470,0
854471,0
854472,0
854473,0
854474,0
854475,0
854476,0
854477,0
854478,0
854479,33
854480,0
854481,0
854482,0
854483,0
854484,0
854485,0
854486,0
854487,0
854488,0
854489,0
854490,0
854491,0
854492,0
854493,0
854494,0
854495,0
854496,0
854497,30
854498,0
854499,0
854500,0
854501,0
854502,0
854503,0
854504,27
854505,0
854506,0
854507,0
854508,0
854509,0
854510,0
854511,0
854512,0
854513,0
854514,25
854515,42
854516,0
854517,27
854518,0
854519,0
854520,0
854521,0
854522,0
854523,0
854524,0
854525,0
854526,0
854527,0
854528,0
854529,0
854530,0
854531,0
854532,0
854533,0
854534,0
854535,0
854536,0
854537,0
854538,37
854539,0
854540,0
854541,0
854542,0
854543,0
854544,0
854545,0
854546,0
854547,0
854548,29
854549,0
854550,0
854551,0
854552,0
854553,0
854554,0
854555,0
854556,0
854557,0
854558,0
854559,0
854560,0
854561,0
854562,0
854563,0
854564,0
854565,0
854566,0
854567,37
854568,0
854569,0
854570,0
854571,0
854572,42
854573,0
854574,0
854575,0
854576,0
854577,0
854578,0
854579,0
854580,0
854581,0
854582,0
854583,0
854584,0
854585,0
854586,0
854587,0
854588,0
854589,0
854590,0
854591,0
854592,0
854593,35
854594,39
854595,0
854596,0
854597,0
854598,0
854599,0
854600,27
854601,0
854602,0
854603,31
854604,0
854605,0
854606,0
854607,24
854608,0
854609,0
854610,0
854611,0
854612,0
854613,0
854614,0
854615,0
854616,0
854617,0
854618,0
854619,0
854620,0
854621,0
854622,0
854623,27
854624,0
854625,0
854626,0
854627,0
854628,0
854629,41
854630,0
854631,0
854632,25
854633,0
854634,0
854635,0
854636,0
854637,0
854638,0
854639,0
854640,0
854641,0
854642,0
854643,0
854644,0
854645,0
854646,0
854647,0
854648,0
854649,0
854650,0
854651,0
854652,0
854653,33
854654,0
854655,0
854656,0
854657,0
854658,0
854659,0
854660,0
854661,0
854662,0
854663,32
854664,0
854665,0
854666,0
854667,0
854668,0
854669,0
854670,0
854671,35
854672,0
854673,0
854674,0
854675,0
854676,0
854677,0
854678,0
854679,0
854680,0
854681,0
854682,0
854683,33
854684,0
854685,0
854686,0
854687,0
854688,0
854689,0
854690,0
854691,0
854692,0
854693,0
854694,28
854695,39
854696,0
854697,0
854698,0
854699,0
854700,0
854701,0
854702,23
854703,34
854704,0
854705,0
854706,0
854707,0
854708,0
854709,0
854710,0
854711,0
854712,0
854713,0
854714,0
854715,0
854716,30
854717,0
854718,0
854719,34
854720,0
854721,0
854722,0
854723,0
854724,0
854725,0
854726,0
854727,0
854728,0
854729,0
854730,0
854731,0
854732,0
854733,0
854734,0
854735,0
854736,0
854737,41
854738,0
854739,0
854740,0
854741,0
854742,34
854743,0
854744,0
854745,0
854746,30
854747,0
854748,0
854749,0
854750,0
854751,0
854752,0
854753,0
854754,0
854755,22
854756,0
854757,0
854758,0
854759,41
854760,0
854761,44
854762,0
854763,0
854764,0
854765,34
854766,0
854767,0
854768,0
854769,0
854770,0
854771,0
854772,0
854773,0
854774,0
854775,0
854776,44
854777,0
854778,29
854779,0
854780,0
854781,0
854782,0
854783,0
854784,0
854785,31
854786,0
854787,0
854788,0
854789,0
854790,0
854791,0
854792,36
854793,0
854794,0
854795,0
854796,0
854797,0
854798,0
854799,0
854800,0
854801,0
854802,0
854803,0
854804,0
854805,0
854806,0
854807,0
854808,0
854809,0
854810,0
854811,0
854812,0
854813,0
854814,30
854815,0
854816,0
854817,0
854818,0
854819,0
854820,0
854821,0
854822,0
854823,0
854824,23
854825,0
854826,32
854827,44
854828,0
854829,0
854830,0
854831,0
854832,0
854833,0
854834,0
854835,24
854836,0
854837,0
854838,0
854839,27
854840,0
854841,0
854842,0
854843,0
854844,0
854845,0
854846,0
854847,0
854848,0
854849,0
854850,45
854851,0
854852,0
854853,0
854854,0
854855,0
854856,0
854857,0
854858,37
854859,0
854860,0
854861,42
854862,0
854863,0
854864,0
854865,0
854866,0
854867,0
854868,0
854869,0
854870,35
854871,0
854872,39
854873,0
854874,29
854875,0
854876,0
854877,0
854878,0
854879,0
854880,0
854881,0
854882,0
854883,0
854884,31
854885,30
854886,0
854887,0
854888,0
854889,0
854890,0
854891,0
854892,0
854893,0
854894,0
854895,42
854896,0
854897,0
854898,41
854899,0
854900,0
854901,0
854902,0
854903,38
854904,0
854905,0
854906,0
854907,0
854908,0
854909,27
854910,0
854911,0
854912,0
854913,0
854914,0
854915,0
854916,0
854917,0
854918,0
854919,0
854920,0
854921,29
854922,0
854923,0
854924,0
854925,37
854926,0
854927,0
854928,0
854929,0
854930,0
854931,0
854932,0
854933,0
854934,0
854935,0
854936,27
854937,0
854938,0
854939,39
854940,0
854941,28
854942,0
854943,0
854944,0
854945,0
854946,27
854947,0
854948,0
854949,0
854950,0
854951,26
854952,0
854953,0
854954,0
854955,0
854956,0
854957,0
854958,0
854959,0
854960,0
854961,0
854962,0
854963,0
854964,0
854965,0
854966,0
854967,0
854968,0
854969,0
854970,0
854971,0
854972,0
854973,0
854974,0
854975,0
854976,0
854977,0
854978,0
854979,0
854980,0
854981,0
854982,0
854983,0
854984,0
854985,0
854986,0
854987,0
854988,0
854989,0
854990,0
854991,0
854992,0
854993,49
854994,37
854995,0
854996,0
854997,0
854998,0
854999,0
855000,0
855001,0
855002,0
855003,0
855004,0
855005,0
855006,37
855007,28
855008,0
855009,0
855010,0
855011,0
855012,34
855013,0
855014,0
855015,50
855016,32
855017,0
855018,0
855019,0
855020,0
855021,53
855022,0
855023,19
855024,0
855025,49
855026,0
855027,22
855028,0
855029,0
855030,0
855031,0
855032,0
855033,0
855034,0
855035,0
855036,0
855037,46
855038,0
855039,31
855040,0
855041,0
855042,0
855043,0
855044,0
855045,0
855046,0
855047,0
855048,0
855049,0
855050,0
855051,0
855052,0
855053,0
855054,0
855055,0
855056,32
855057,54
855058,0
855059,0
855060,0
855061,0
855062,0
855063,0
855064,0
855065,0
855066,0
855067,0
855068,0
855069,0
855070,0
855071,0
855072,34
855073,53
855074,37
855075,0
855076,0
855077,0
855078,0
855079,0
855080,0
855081,0
855082,0
855083,0
855084,0
855085,0
855086,0
855087,0
855088,0
855089,0
855090,0
855091,0
855092,0
855093,0
855094,0
855095,0
855096,0
855097,0
855098,0
855099,0
855100,0
855101,0
855102,0
855103,0
855104,0
855105,0
855106,0
855107,0
855108,0
855109,59
855110,0
855111,0
855112,0
855113,0
855114,0
855115,0
855116,0
855117,0
855118,0
855119,0
855120,0
855121,0
855122,0
855123,0
855124,0
855125,0
855126,0
855127,0
855128,0
855129,0
855130,0
855131,0
855132,0
855133,0
855134,0
855135,0
855136,0
855137,0
855138,30
855139,0
855140,0
855141,29
855142,0
855143,0
855144,0
855145,0
855146,0
855147,0
855148,0
855149,0
855150,0
855151,0
855152,0
855153,0
855154,0
855155,0
855156,0
855157,0
855158,39
855159,31
855160,0
855161,0
855162,0
855163,0
855164,0
855165,0
855166,0
855167,0
855168,34
855169,0
855170,0
855171,48
855172,0
855173,0
855174,0
855175,0
855176,0
855177,0
855178,0
855179,0
855180,0
855181,0
855182,0
855183,43
855184,34
855185,0
855186,0
855187,0
855188,0
855189,37
855190,0
855191,0
855192,0
855193,0
855194,0
855195,0
855196,0
855197,0
855198,0
855199,0
855200,22
855201,0
855202,0
855203,0
855204,0
855205,0
855206,26
855207,0
855208,0
855209,0
855210,0
855211,0
855212,0
855213,0
855214,0
855215,0
855216,0
855217,0
855218,0
855219,0
855220,0
855221,0
855222,0
855223,0
855224,0
855225,30
855226,0
855227,0
855228,0
855229,0
855230,0
855231,0
855232,37
855233,0
855234,0
855235,36
855236,0
855237,0
855238,0
855239,0
855240,0
855241,0
855242,41
855243,0
855244,0
855245,0
855246,0
855247,0
855248,0
855249,0
855250,0
855251,0
855252,42
855253,0
855254,0
855255,0
855256,0
855257,0
855258,0
855259,0
855260,14
855261,0
855262,36
855263,0
855264,0
855265,0
855266,0
855267,0
855268,0
855269,0
855270,0
855271,0
855272,0
855273,0
855274,0
855275,0
855276,0
855277,0
855278,0
855279,0
855280,31
855281,0
855282,0
855283,0
855284,0
855285,0
855286,0
855287,0
855288,0
855289,0
855290,38
855291,0
855292,0
855293,35
855294,0
855295,40
855296,0
855297,0
855298,31
855299,0
855300,0
855301,0
855302,20
855303,0
855304,26
855305,0
855306,0
855307,38
855308,0
855309,0
855310,0
855311,0
855312,0
855313,0
855314,0
855315,0
855316,0
855317,0
855318,0
855319,0
855320,39
855321,0
855322,0
855323,0
855324,0
855325,0
855326,37
855327,0
855328,0
855329,36
855330,0
855331,0
855332,0
855333,0
855334,0
855335,0
855336,0
855337,0
855338,0
855339,0
855340,25
855341,0
855342,0
855343,0
855344,0
855345,0
855346,0
855347,0
855348,0
855349,0
855350,0
855351,38
855352,0
855353,0
855354,0
855355,0
855356,0
855357,0
855358,0
855359,0
855360,0
855361,40
855362,0
855363,0
855364,0
855365,0
855366,0
855367,0
855368,0
855369,0
855370,0
855371,0
855372,0
855373,0
855374,0
855375,0
855376,0
855377,0
855378,0
855379,0
855380,0
855381,0
855382,0
855383,0
855384,0
855385,0
855386,0
855387,0
855388,3
855389,0
855390,0
855391,0
855392,0
855393,3
855394,3
855395,0
855396,0
855397,0
855398,0
855399,0
855400,0
855401,0
855402,5
855403,0
855404,0
855405,4
855406,0
855407,12
855408,0
855409,0
855410,0
855411,0
855412,0
855413,0
855414,6
855415,0
855416,0
855417,0
855418,0
855419,0
855420,0
855421,0
855422,0
855423,0
855424,6
855425,4
855426,0
855427,0
855428,7
855429,0
855430,3
855431,7
855432,10
855433,0
855434,10
855435,0
855436,0
855437,0
855438,0
855439,0
855440,5
855441,0
855442,5
855443,0
855444,0
855445,0
855446,8
855447,5
855448,0
855449,0
855450,6
855451,0
855452,0
855453,0
855454,0
855455,0
855456,0
855457,9
855458,0
855459,4
855460,0
855461,2
855462,0
855463,0
855464,0
855465,0
855466,0
855467,0
855468,3
855469,0
855470,7
855471,0
855472,4
855473,6
855474,0
855475,6
855476,0
855477,9
855478,0
855479,0
855480,0
855481,0
855482,0
855483,7
855484,0
855485,0
855486,0
855487,0
855488,0
855489,0
855490,0
855491,0
855492,4
855493,2
855494,0
855495,0
855496,8
855497,0
855498,7
855499,0
855500,0
855501,0
855502,0
855503,0
855504,0
855505,8
855506,0
855507,0
855508,0
855509,0
855510,0
855511,0
855512,0
855513,4
855514,0
855515,4
855516,5
855517,4
855518,0
855519,0
855520,0
855521,6
855522,0
855523,0
855524,0
855525,0
855526,0
855527,7
855528,6
855529,0
855530,0
855531,0
855532,5
855533,0
855534,0
855535,9
855536,0
855537,4
855538,0
855539,0
855540,0
855541,0
855542,0
855543,6
855544,0
855545,0
855546,10
855547,0
855548,11
855549,4
855550,0
855551,0
855552,0
855553,0
855554,0
855555,7
855556,0
855557,0
855558,0
855559,0
855560,2
855561,0
855562,0
855563,5
855564,5
855565,11
855566,0
855567,9
855568,0
855569,0
855570,0
855571,0
855572,0
855573,0
855574,0
855575,0
855576,0
855577,0
855578,7
855579,0
855580,0
855581,0
855582,0
855583,0
855584,0
855585,0
855586,0
855587,0
855588,0
855589,0
855590,0
855591,8
855592,2
855593,13
855594,0
855595,0
855596,0
855597,0
855598,0
855599,0
855600,3
855601,0
855602,0
855603,0
855604,0
855605,2
855606,0
855607,0
855608,0
855609,7
855610,0
855611,0
855612,10
855613,5
855614,0
855615,0
855616,7
855617,0
855618,0
855619,3
855620,7
855621,0
855622,5
855623,0
855624,0
855625,0
855626,0
855627,0
855628,0
855629,0
855630,0
855631,0
855632,0
855633,0
855634,0
855635,7
855636,4
855637,0
855638,0
855639,0
855640,11
855641,0
855642,7
855643,0
855644,0
855645,6
855646,10
855647,0
855648,0
855649,6
855650,0
855651,0
855652,0
855653,0
855654,6
855655,0
855656,6
855657,6
855658,0
855659,0
855660,8
855661,0
855662,5
855663,0
855664,0
855665,0
855666,0
855667,3
855668,0
855669,3
855670,0
855671,0
855672,0
855673,0
855674,0
855675,0
855676,0
855677,0
855678,0
855679,0
855680,8
855681,0
855682,0
855683,0
855684,5
855685,0
855686,0
855687,0
855688,0
855689,0
855690,0
855691,2
855692,0
855693,0
855694,4
855695,0
855696,5
855697,0
855698,9
855699,2
855700,0
855701,10
855702,0
855703,3
855704,0
855705,0
855706,3
855707,0
855708,0
855709,0
855710,0
855711,0
855712,12
855713,5
855714,0
855715,0
855716,0
855717,0
855718,0
855719,0
855720,0
855721,0
855722,0
855723,0
855724,0
855725,0
855726,0
855727,0
855728,6
855729,0
855730,0
855731,0
855732,0
855733,0
855734,0
855735,0
855736,9
855737,0
855738,0
855739,0
855740,0
855741,0
855742,0
855743,0
855744,0
855745,0
855746,0
855747,0
855748,13
855749,0
855750,0
855751,7
855752,0
855753,0
855754,0
855755,3
855756,0
855757,0
855758,0
855759,4
855760,0
855761,0
855762,0
855763,0
855764,0
855765,6
855766,0
855767,0
855768,0
855769,0
855770,0
855771,0
855772,0
855773,0
855774,0
855775,7
855776,0
855777,0
855778,0
855779,0
855780,0
855781,0
855782,0
855783,6
855784,0
855785,0
855786,0
855787,0
855788,0
855789,0
855790,4
855791,12
855792,0
855793,0
855794,14
855795,2
855796,0
855797,8
855798,6
855799,0
855800,0
855801,0
855802,6
855803,3
855804,6
855805,0
855806,0
855807,0
855808,8
855809,4
855810,0
855811,9
855812,3
855813,0
855814,0
855815,9
855816,0
855817,0
855818,0
855819,3
855820,0
855821,5
855822,0
855823,9
855824,0
855825,0
855826,11
855827,0
855828,4
855829,4
855830,0
855831,10
855832,0
855833,0
855834,0
855835,0
855836,0
855837,0
855838,0
855839,5
855840,0
855841,0
855842,0
855843,0
855844,12
855845,0
855846,0
855847,5
855848,0
855849,0
855850,0
855851,0
855852,0
855853,0
855854,5
855855,0
855856,0
855857,1
855858,0
855859,0
855860,0
855861,0
855862,0
855863,0
855864,0
855865,8
855866,0
855867,0
855868,0
855869,0
855870,0
855871,0
855872,5
855873,0
855874,2
855875,8
855876,0
855877,0
855878,0
855879,0
855880,0
855881,0
855882,2
855883,0
855884,0
855885,0
855886,8
855887,0
855888,0
855889,0
855890,0
855891,0
855892,3
855893,0
855894,6
855895,2
855896,0
855897,0
855898,0
855899,7
855900,0
855901,4
855902,0
855903,0
855904,4
855905,0
855906,11
855907,0
855908,5
855909,0
855910,0
855911,4
855912,0
855913,0
855914,2
855915,0
855916,0
855917,0
855918,0
855919,9
855920,0
855921,0
855922,0
855923,0
855924,0
855925,0
855926,0
855927,11
855928,0
855929,0
855930,5
855931,0
855932,4
855933,5
855934,0
855935,0
855936,4
855937,0
855938,0
855939,0
855940,0
855941,0
855942,0
855943,0
855944,0
855945,0
855946,0
855947,0
855948,5
855949,4
855950,6
855951,6
855952,0
855953,0
855954,0
855955,0
855956,0
855957,0
855958,0
855959,5
855960,0
855961,0
855962,4
855963,0
855964,0
855965,0
855966,0
855967,0
855968,0
855969,0
855970,0
855971,11
855972,0
855973,7
855974,9
855975,0
855976,0
855977,0
855978,6
855979,0
855980,5
855981,6
855982,7
855983,0
855984,0
855985,0
855986,0
855987,0
855988,0
855989,0
855990,0
855991,0
855992,0
855993,0
855994,0
855995,0
855996,0
855997,4
855998,0
855999,0
856000,6
856001,7
856002,0
856003,0
856004,0
856005,0
856006,0
856007,4
856008,0
856009,0
856010,0
856011,0
856012,0
856013,5
856014,0
856015,0
856016,0
856017,0
856018,7
856019,4
856020,0
856021,0
856022,0
856023,0
856024,0
856025,0
856026,0
856027,0
856028,5
856029,0
856030,0
856031,0
856032,0
856033,0
856034,7
856035,4
856036,0
856037,0
856038,0
856039,0
856040,0
856041,0
856042,0
856043,8
856044,0
856045,0
856046,0
856047,0
856048,7
856049,10
856050,7
856051,6
856052,0
856053,0
856054,0
856055,0
856056,0
856057,0
856058,0
856059,6
856060,0
856061,2
856062,0
856063,0
856064,7
856065,6
856066,0
856067,0
856068,7
856069,0
856070,0
856071,0
856072,0
856073,0
856074,0
856075,0
856076,0
856077,0
856078,0
856079,3
856080,0
856081,7
856082,5
856083,0
856084,0
856085,0
856086,0
856087,0
856088,0
856089,0
856090,0
856091,0
856092,0
856093,0
856094,0
856095,0
856096,0
856097,0
856098,0
856099,0
856100,0
856101,0
856102,0
856103,0
856104,0
856105,0
856106,0
856107,0
856108,0
856109,0
856110,0
856111,0
856112,0
856113,0
856114,0
856115,0
856116,0
856117,0
856118,0
856119,0
856120,0
856121,0
856122,0
856123,0
856124,0
856125,0
856126,0
856127,0
856128,0
856129,0
856130,0
856131,0
856132,0
856133,0
856134,0
856135,0
856136,0
856137,0
856138,0
856139,0
856140,0
856141,0
856142,0
856143,0
856144,0
856145,0
856146,0
856147,0
856148,0
856149,0
856150,0
856151,0
856152,0
856153,0
856154,0
856155,0
856156,0
856157,0
856158,0
856159,0
856160,0
856161,0
856162,0
856163,0
856164,0
856165,0
856166,0
856167,0
856168,0
856169,0
856170,0
856171,0
856172,0
856173,0
856174,0
856175,0
856176,1
856177,0
856178,0
856179,0
856180,0
856181,0
856182,0
856183,0
856184,0
856185,0
856186,0
856187,0
856188,0
856189,0
856190,0
856191,0
856192,0
856193,0
856194,0
856195,0
856196,0
856197,0
856198,0
856199,0
856200,0
856201,0
856202,0
856203,0
856204,0
856205,0
856206,0
856207,0
856208,0
856209,0
856210,0
856211,0
856212,0
856213,0
856214,0
856215,0
856216,0
856217,0
856218,0
856219,1
856220,0
856221,0
856222,0
856223,0
856224,0
856225,0
856226,0
856227,0
856228,0
856229,0
856230,0
856231,0
856232,0
856233,0
856234,0
856235,0
856236,0
856237,0
856238,0
856239,0
856240,0
856241,0
856242,0
856243,0
856244,0
856245,0
856246,0
856247,0
856248,0
856249,0
856250,0
856251,0
856252,0
856253,0
856254,0
856255,0
856256,0
856257,0
856258,0
856259,0
856260,0
856261,0
856262,0
856263,0
856264,0
856265,0
856266,0
856267,0
856268,0
856269,0
856270,0
856271,0
856272,0
856273,0
856274,0
856275,0
856276,0
856277,0
856278,0
856279,0
856280,0
856281,0
856282,0
856283,0
856284,0
856285,0
856286,0
856287,0
856288,0
856289,0
856290,0
856291,0
856292,0
856293,0
856294,0
856295,0
856296,0
856297,0
856298,0
856299,0
856300,0
856301,0
856302,0
856303,0
856304,0
856305,0
856306,0
856307,0
856308,0
856309,0
856310,0
856311,0
856312,0
856313,0
856314,0
856315,0
856316,0
856317,0
856318,0
856319,0
856320,0
856321,0
856322,0
856323,0
856324,0
856325,0
856326,0
856327,0
856328,0
856329,0
856330,0
856331,0
856332,0
856333,0
856334,0
856335,0
856336,0
856337,0
856338,0
856339,0
856340,0
856341,0
856342,0
856343,0
856344,0
856345,0
856346,0
856347,0
856348,0
856349,0
856350,0
856351,0
856352,0
856353,0
856354,0
856355,0
856356,0
856357,0
856358,0
856359,0
856360,0
856361,0
856362,0
856363,0
856364,0
856365,0
856366,0
856367,0
856368,0
856369,0
856370,0
856371,0
856372,0
856373,0
856374,0
856375,0
856376,0
856377,0
856378,0
856379,0
856380,0
856381,0
856382,0
856383,0
856384,0
856385,0
856386,0
856387,0
856388,0
856389,0
856390,0
856391,0
856392,0
856393,0
856394,0
856395,0
856396,0
856397,0
856398,0
856399,0
856400,0
856401,0
856402,0
856403,0
856404,0
856405,0
856406,0
856407,0
856408,1
856409,0
856410,0
856411,0
856412,0
856413,0
856414,0
856415,0
856416,0
856417,0
856418,0
856419,0
856420,0
856421,0
856422,0
856423,0
856424,0
856425,0
856426,0
856427,0
856428,0
856429,0
856430,0
856431,0
856432,0
856433,0
856434,0
856435,0
856436,0
856437,0
856438,0
856439,0
856440,0
856441,0
856442,0
856443,0
856444,0
856445,0
856446,0
856447,0
856448,0
856449,0
856450,0
856451,0
856452,0
856453,0
856454,0
856455,0
856456,0
856457,0
856458,0
856459,0
856460,0
856461,0
856462,0
856463,0
856464,0
856465,0
856466,0
856467,0
856468,0
856469,0
856470,0
856471,0
856472,0
856473,0
856474,0
856475,0
856476,0
856477,0
856478,0
856479,0
856480,0
856481,0
856482,0
856483,0
856484,0
856485,0
856486,0
856487,0
856488,0
856489,0
856490,0
856491,0
856492,0
856493,0
856494,0
856495,0
856496,0
856497,0
856498,0
856499,0
856500,0
856501,0
856502,0
856503,0
856504,0
856505,0
856506,0
856507,0
856508,0
856509,0
856510,0
856511,0
856512,0
856513,0
856514,0
856515,0
856516,0
856517,0
856518,0
856519,0
856520,0
856521,0
856522,0
856523,0
856524,0
856525,0
856526,0
856527,0
856528,0
856529,0
856530,0
856531,0
856532,0
856533,0
856534,0
856535,0
856536,0
856537,0
856538,0
856539,0
856540,0
856541,0
856542,0
856543,0
856544,0
856545,0
856546,0
856547,0
856548,0
856549,0
856550,0
856551,0
856552,0
856553,0
856554,0
856555,0
856556,0
856557,0
856558,0
856559,0
856560,0
856561,0
856562,0
856563,0
856564,0
856565,0
856566,0
856567,0
856568,0
856569,0
856570,0
856571,0
856572,0
856573,0
856574,0
856575,0
856576,0
856577,0
856578,0
856579,0
856580,0
856581,0
856582,0
856583,0
856584,0
856585,0
856586,0
856587,0
856588,0
856589,0
856590,0
856591,0
856592,0
856593,0
856594,0
856595,0
856596,0
856597,0
856598,0
856599,0
856600,0
856601,0
856602,0
856603,0
856604,0
856605,0
856606,0
856607,0
856608,0
856609,0
856610,0
856611,0
856612,0
856613,0
856614,0
856615,0
856616,0
856617,0
856618,0
856619,0
856620,0
856621,0
856622,0
856623,0
856624,0
856625,0
856626,0
856627,0
856628,0
856629,0
856630,0
856631,0
856632,0
856633,0
856634,0
856635,0
856636,0
856637,0
856638,0
856639,0
856640,0
856641,0
856642,0
856643,0
856644,0
856645,0
856646,0
856647,0
856648,0
856649,0
856650,0
856651,0
856652,0
856653,0
856654,0
856655,0
856656,0
856657,0
856658,0
856659,0
856660,1
856661,0
856662,0
856663,0
856664,0
856665,0
856666,0
856667,0
856668,0
856669,0
856670,0
856671,0
856672,0
856673,0
856674,0
856675,0
856676,0
856677,0
856678,0
856679,0
856680,0
856681,0
856682,0
856683,0
856684,0
856685,0
856686,0
856687,0
856688,0
856689,0
856690,0
856691,0
856692,0
856693,0
856694,0
856695,0
856696,0
856697,0
856698,0
856699,0
856700,0
856701,0
856702,0
856703,0
856704,0
856705,0
856706,0
856707,0
856708,0
856709,0
856710,0
856711,0
856712,0
856713,0
856714,0
856715,0
856716,0
856717,0
856718,0
856719,0
856720,0
856721,0
856722,0
856723,0
856724,0
856725,0
856726,0
856727,0
856728,0
856729,0
856730,0
856731,0
856732,0
856733,0
856734,0
856735,0
856736,0
856737,0
856738,0
856739,0
856740,0
856741,0
856742,0
856743,0
856744,0
856745,0
856746,0
856747,0
856748,0
856749,0
856750,0
856751,0
856752,0
856753,0
856754,0
856755,0
856756,0
856757,0
856758,0
856759,0
856760,0
856761,0
856762,0
856763,0
856764,0
856765,0
856766,0
856767,0
856768,0
856769,0
856770,0
856771,0
856772,0
856773,0
856774,0
856775,0
856776,0
856777,0
856778,0
856779,0
856780,0
856781,0
856782,0
856783,0
856784,0
856785,0
856786,0
856787,0
856788,0
856789,0
856790,0
856791,0
856792,0
856793,0
856794,0
856795,0
856796,0
856797,0
856798,0
856799,0
856800,0
856801,0
856802,0
856803,0
856804,0
856805,0
856806,0
856807,0
856808,0
856809,0
856810,0
856811,0
856812,0
856813,0
856814,0
856815,1
856816,0
856817,0
856818,0
856819,0
856820,0
856821,0
856822,0
856823,0
856824,0
856825,0
856826,0
856827,0
856828,0
856829,0
856830,0
856831,0
856832,0
856833,0
856834,0
856835,0
856836,1
856837,0
856838,0
856839,0
856840,0
856841,0
856842,0
856843,0
856844,0
856845,0
856846,0
856847,0
856848,0
856849,0
856850,0
856851,0
856852,0
856853,0
856854,0
856855,0
856856,0
856857,1
856858,0
856859,0
856860,0
856861,0
856862,0
856863,0
856864,0
856865,0
856866,0
856867,0
856868,0
856869,0
856870,0
856871,0
856872,0
856873,0
856874,0
856875,0
856876,0
856877,0
856878,0
856879,0
856880,0
856881,0
856882,0
856883,0
856884,0
856885,0
856886,0
856887,0
856888,0
856889,0
856890,0
856891,0
856892,0
856893,0
856894,0
856895,0
856896,0
856897,0
856898,0
856899,0
856900,0
856901,0
856902,0
856903,0
856904,0
856905,0
856906,0
856907,0
856908,0
856909,0
856910,0
856911,0
856912,0
856913,0
856914,0
856915,0
856916,0
856917,0
856918,0
856919,0
856920,0
856921,32
856922,0
856923,30
856924,0
856925,43
856926,45
856927,0
856928,0
856929,45
856930,0
856931,50
856932,0
856933,0
856934,0
856935,0
856936,0
856937,0
856938,0
856939,0
856940,0
856941,0
856942,0
856943,37
856944,0
856945,0
856946,0
856947,0
856948,0
856949,0
856950,0
856951,45
856952,0
856953,44
856954,0
856955,0
856956,25
856957,0
856958,0
856959,0
856960,0
856961,23
856962,0
856963,0
856964,0
856965,0
856966,0
856967,25
856968,0
856969,0
856970,0
856971,0
856972,0
856973,0
856974,0
856975,0
856976,0
856977,0
856978,0
856979,0
856980,0
856981,0
856982,0
856983,0
856984,0
856985,0
856986,0
856987,0
856988,0
856989,0
856990,0
856991,0
856992,0
856993,0
856994,0
856995,0
856996,0
856997,0
856998,0
856999,0
857000,0
857001,42
857002,0
857003,0
857004,0
857005,0
857006,0
857007,0
857008,0
857009,0
857010,0
857011,0
857012,0
857013,0
857014,0
857015,41
857016,0
857017,0
857018,0
857019,0
857020,0
857021,0
857022,0
857023,0
857024,0
857025,0
857026,0
857027,35
857028,0
857029,0
857030,0
857031,0
857032,0
857033,0
857034,0
857035,0
857036,0
857037,0
857038,0
857039,0
857040,0
857041,0
857042,0
857043,0
857044,0
857045,32
857046,0
857047,0
857048,0
857049,0
857050,0
857051,22
857052,0
857053,56
857054,0
857055,0
857056,0
857057,0
857058,0
857059,0
857060,0
857061,49
857062,0
857063,0
857064,59
857065,0
857066,0
857067,0
857068,0
857069,0
857070,0
857071,0
857072,0
857073,0
857074,0
857075,28
857076,24
857077,0
857078,0
857079,0
857080,33
857081,34
857082,39
857083,0
857084,0
857085,0
857086,0
857087,0
857088,0
857089,0
857090,0
857091,0
857092,0
857093,0
857094,0
857095,0
857096,0
857097,0
857098,0
857099,0
857100,0
857101,0
857102,0
857103,0
857104,0
857105,0
857106,0
857107,0
857108,0
857109,0
857110,0
857111,0
857112,0
857113,0
857114,0
857115,35
857116,0
857117,0
857118,0
857119,0
857120,0
857121,0
857122,0
857123,31
857124,0
857125,0
857126,0
857127,0
857128,33
857129,40
857130,0
857131,0
857132,36
857133,0
857134,23
857135,0
857136,28
857137,0
857138,0
857139,0
857140,0
857141,0
857142,0
857143,0
857144,0
857145,0
857146,0
857147,0
857148,0
857149,0
857150,0
857151,0
857152,35
857153,38
857154,0
857155,0
857156,41
857157,0
857158,0
857159,47
857160,0
857161,0
857162,0
857163,0
857164,0
857165,37
857166,0
857167,0
857168,0
857169,0
857170,0
857171,0
857172,0
857173,0
857174,0
857175,0
857176,0
857177,0
857178,0
857179,0
857180,0
857181,0
857182,0
857183,30
857184,0
857185,0
857186,0
857187,0
857188,0
857189,0
857190,0
857191,0
857192,0
857193,0
857194,24
857195,45
857196,0
857197,30
857198,31
857199,0
857200,0
857201,23
857202,0
857203,0
857204,27
857205,0
857206,0
857207,0
857208,0
857209,0
857210,0
857211,0
857212,0
857213,24
857214,49
857215,0
857216,0
857217,0
857218,30
857219,34
857220,0
857221,0
857222,0
857223,0
857224,22
857225,0
857226,0
857227,0
857228,0
857229,0
857230,0
857231,0
857232,0
857233,0
857234,0
857235,0
857236,22
857237,53
857238,20
857239,0
857240,0
857241,28
857242,0
857243,0
857244,0
857245,0
857246,0
857247,0
857248,0
857249,0
857250,0
857251,0
857252,0
857253,0
857254,0
857255,0
857256,37
857257,0
857258,0
857259,0
857260,0
857261,0
857262,0
857263,0
857264,0
857265,0
857266,0
857267,0
857268,0
857269,0
857270,0
857271,0
857272,0
857273,0
857274,0
857275,0
857276,0
857277,0
857278,0
857279,0
857280,0
857281,0
857282,0
857283,0
857284,36
857285,0
857286,0
857287,34
857288,0
857289,0
857290,28
857291,0
857292,33
857293,37
857294,0
857295,0
857296,0
857297,0
857298,0
857299,0
857300,0
857301,0
857302,0
857303,0
857304,0
857305,0
857306,0
857307,30
857308,0
857309,0
857310,0
857311,0
857312,0
857313,0
857314,37
857315,0
857316,0
857317,41
857318,0
857319,0
857320,0
857321,0
857322,34
857323,0
857324,0
857325,0
857326,0
857327,0
857328,0
857329,0
857330,0
857331,31
857332,0
857333,0
857334,0
857335,0
857336,0
857337,0
857338,0
857339,0
857340,0
857341,0
857342,0
857343,0
857344,0
857345,0
857346,0
857347,0
857348,0
857349,0
857350,0
857351,0
857352,0
857353,0
857354,0
857355,0
857356,0
857357,41
857358,0
857359,0
857360,33
857361,41
857362,0
857363,0
857364,0
857365,0
857366,0
857367,0
857368,37
857369,0
857370,0
857371,0
857372,0
857373,0
857374,0
857375,0
857376,39
857377,0
857378,0
857379,0
857380,0
857381,0
857382,0
857383,0
857384,0
857385,0
857386,24
857387,0
857388,0
857389,7
857390,0
857391,0
857392,0
857393,0
857394,0
857395,15
857396,0
857397,0
857398,0
857399,0
857400,0
857401,0
857402,21
857403,30
857404,0
857405,17
857406,3
857407,12
857408,0
857409,0
857410,0
857411,0
857412,5
857413,0
857414,0
857415,0
857416,0
857417,0
857418,0
857419,7
857420,0
857421,0
857422,0
857423,0
857424,0
857425,14
857426,0
857427,0
857428,0
857429,0
857430,0
857431,14
857432,0
857433,0
857434,0
857435,0
857436,0
857437,0
857438,14
857439,0
857440,0
857441,0
857442,0
857443,7
857444,0
857445,0
857446,0
857447,0
857448,25
857449,0
857450,0
857451,15
857452,0
857453,0
857454,0
857455,0
857456,8
857457,0
857458,0
857459,15
857460,0
857461,0
857462,0
857463,0
857464,8
857465,15
857466,0
857467,0
857468,0
857469,0
857470,15
857471,0
857472,0
857473,0
857474,0
857475,0
857476,0
857477,16
857478,34
857479,21
857480,0
857481,15
857482,0
857483,0
857484,0
857485,10
857486,0
857487,7
857488,0
857489,0
857490,0
857491,0
857492,0
857493,0
857494,0
857495,0
857496,0
857497,0
857498,0
857499,0
857500,0
857501,10
857502,0
857503,0
857504,0
857505,9
857506,0
857507,13
857508,21
857509,16
857510,0
857511,0
857512,0
857513,0
857514,0
857515,0
857516,0
857517,0
857518,0
857519,0
857520,18
857521,30
857522,0
857523,0
857524,0
857525,0
857526,0
857527,0
857528,10
857529,0
857530,0
857531,21
857532,17
857533,0
857534,0
857535,0
857536,13
857537,0
857538,0
857539,31
857540,0
857541,0
857542,0
857543,0
857544,13
857545,13
857546,0
857547,0
857548,0
857549,0
857550,0
857551,0
857552,28
857553,0
857554,8
857555,0
857556,0
857557,0
857558,0
857559,14
857560,0
857561,0
857562,7
857563,17
857564,0
857565,24
857566,0
857567,0
857568,0
857569,0
857570,0
857571,0
857572,17
857573,0
857574,0
857575,0
857576,0
857577,0
857578,0
857579,0
857580,0
857581,14
857582,0
857583,0
857584,0
857585,10
857586,0
857587,0
857588,0
857589,0
857590,0
857591,0
857592,0
857593,0
857594,22
857595,0
857596,0
857597,0
857598,0
857599,0
857600,0
857601,0
857602,0
857603,0
857604,5
857605,0
857606,0
857607,0
857608,0
857609,32
857610,0
857611,0
857612,0
857613,0
857614,0
857615,0
857616,20
857617,0
857618,0
857619,0
857620,0
857621,0
857622,33
857623,0
857624,19
857625,0
857626,0
857627,0
857628,0
857629,0
857630,5
857631,18
857632,0
857633,0
857634,0
857635,13
857636,0
857637,0
857638,0
857639,0
857640,2
857641,0
857642,0
857643,9
857644,0
857645,8
857646,0
857647,0
857648,0
857649,0
857650,0
857651,5
857652,0
857653,7
857654,0
857655,15
857656,30
857657,0
857658,0
857659,0
857660,14
857661,0
857662,0
857663,25
857664,0
857665,0
857666,0
857667,0
857668,0
857669,0
857670,0
857671,0
857672,0
857673,0
857674,8
857675,0
857676,16
857677,11
857678,0
857679,0
857680,14
857681,0
857682,8
857683,6
857684,7
857685,14
857686,31
857687,0
857688,0
857689,0
857690,0
857691,0
857692,0
857693,0
857694,0
857695,0
857696,0
857697,0
857698,0
857699,0
857700,3
857701,20
857702,27
857703,0
857704,0
857705,0
857706,0
857707,14
857708,0
857709,0
857710,0
857711,0
857712,15
857713,0
857714,0
857715,0
857716,0
857717,0
857718,14
857719,0
857720,0
857721,41
857722,11
857723,0
857724,0
857725,0
857726,0
857727,15
857728,0
857729,0
857730,26
857731,11
857732,0
857733,0
857734,24
857735,23
857736,0
857737,28
857738,22
857739,0
857740,0
857741,0
857742,0
857743,0
857744,0
857745,0
857746,0
857747,31
857748,0
857749,14
857750,0
857751,0
857752,12
857753,6
857754,0
857755,21
857756,0
857757,0
857758,22
857759,0
857760,0
857761,0
857762,0
857763,10
857764,0
857765,0
857766,0
857767,0
857768,0
857769,0
857770,0
857771,0
857772,31
857773,0
857774,0
857775,0
857776,12
857777,7
857778,0
857779,0
857780,0
857781,0
857782,0
857783,0
857784,0
857785,0
857786,0
857787,5
857788,0
857789,0
857790,0
857791,0
857792,0
857793,9
857794,0
857795,15
857796,25
857797,0
857798,0
857799,0
857800,14
857801,9
857802,16
857803,0
857804,0
857805,0
857806,0
857807,14
857808,16
857809,4
857810,0
857811,0
857812,20
857813,10
857814,0
857815,0
857816,0
857817,0
857818,0
857819,20
857820,0
857821,0
857822,0
857823,0
857824,0
857825,0
857826,0
857827,0
857828,0
857829,0
857830,0
857831,10
857832,0
857833,17
857834,0
857835,0
857836,11
857837,0
857838,11
857839,0
857840,0
857841,17
857842,14
857843,20
857844,0
857845,0
857846,0
857847,0
857848,0
857849,0
857850,0
857851,0
857852,0
857853,0
857854,0
857855,12
857856,0
857857,0
857858,0
857859,0
857860,0
857861,0
857862,13
857863,0
857864,14
857865,0
857866,0
857867,0
857868,0
857869,0
857870,0
857871,0
857872,0
857873,32
857874,0
857875,17
857876,0
857877,0
857878,10
857879,0
857880,0
857881,0
857882,0
857883,12
857884,0
857885,0
857886,0
857887,8
857888,0
857889,0
857890,12
857891,0
857892,0
857893,0
857894,37
857895,7
857896,0
857897,11
857898,0
857899,0
857900,0
857901,0
857902,0
857903,0
857904,0
857905,0
857906,0
857907,20
857908,6
857909,0
857910,12
857911,0
857912,0
857913,0
857914,0
857915,0
857916,0
857917,10
857918,0
857919,7
857920,0
857921,0
857922,0
857923,8
857924,0
857925,0
857926,0
857927,25
857928,18
857929,12
857930,0
857931,0
857932,0
857933,0
857934,11
857935,0
857936,0
857937,0
857938,0
857939,0
857940,0
857941,0
857942,0
857943,16
857944,0
857945,0
857946,0
857947,0
857948,0
857949,0
857950,0
857951,17
857952,0
857953,0
857954,11
857955,0
857956,8
857957,29
857958,23
857959,11
857960,0
857961,0
857962,7
857963,0
857964,0
857965,0
857966,0
857967,13
857968,0
857969,14
857970,10
857971,4
857972,0
857973,0
857974,0
857975,0
857976,0
857977,0
857978,0
857979,0
857980,0
857981,0
857982,0
857983,0
857984,0
857985,0
857986,0
857987,0
857988,5
857989,0
857990,0
857991,17
857992,3
857993,0
857994,16
857995,0
857996,0
857997,19
857998,28
857999,15
858000,0
858001,0
858002,0
858003,0
858004,0
858005,6
858006,0
858007,0
858008,0
858009,0
858010,34
858011,0
858012,0
858013,0
858014,0
858015,0
858016,0
858017,0
858018,0
858019,0
858020,0
858021,0
858022,6
858023,10
858024,0
858025,0
858026,10
858027,13
858028,11
858029,0
858030,0
858031,0
858032,1
858033,0
858034,0
858035,0
858036,0
858037,0
858038,0
858039,0
858040,0
858041,0
858042,0
858043,0
858044,0
858045,0
858046,0
858047,0
858048,0
858049,0
858050,0
858051,0
858052,0
858053,0
858054,0
858055,0
858056,0
858057,3
858058,0
858059,0
858060,0
858061,0
858062,2
858063,0
858064,0
858065,0
858066,0
858067,0
858068,0
858069,0
858070,0
858071,1
858072,0
858073,0
858074,0
858075,0
858076,1
858077,0
858078,0
858079,0
858080,0
858081,0
858082,0
858083,0
858084,0
858085,1
858086,3
858087,0
858088,0
858089,0
858090,0
858091,3
858092,0
858093,0
858094,0
858095,0
858096,0
858097,0
858098,0
858099,0
858100,0
858101,1
858102,4
858103,1
858104,0
858105,0
858106,0
858107,0
858108,0
858109,0
858110,4
858111,0
858112,0
858113,0
858114,0
858115,0
858116,0
858117,2
858118,0
858119,0
858120,0
858121,0
858122,0
858123,0
858124,0
858125,0
858126,0
858127,0
858128,2
858129,0
858130,0
858131,0
858132,0
858133,0
858134,0
858135,0
858136,0
858137,0
858138,0
858139,0
858140,9
858141,0
858142,0
858143,0
858144,0
858145,0
858146,0
858147,0
858148,0
858149,0
858150,1
858151,0
858152,0
858153,0
858154,0
858155,0
858156,0
858157,0
858158,0
858159,0
858160,0
858161,0
858162,2
858163,0
858164,0
858165,0
858166,0
858167,0
858168,0
858169,0
858170,0
858171,0
858172,0
858173,0
858174,0
858175,0
858176,0
858177,0
858178,0
858179,0
858180,1
858181,0
858182,0
858183,0
858184,0
858185,0
858186,0
858187,0
858188,0
858189,0
858190,0
858191,0
858192,0
858193,1
858194,0
858195,0
858196,0
858197,3
858198,0
858199,0
858200,0
858201,0
858202,0
858203,0
858204,0
858205,0
858206,0
858207,0
858208,0
858209,0
858210,0
858211,0
858212,0
858213,0
858214,0
858215,0
858216,0
858217,0
858218,0
858219,2
858220,0
858221,0
858222,0
858223,0
858224,0
858225,0
858226,0
858227,0
858228,0
858229,0
858230,0
858231,0
858232,0
858233,0
858234,0
858235,0
858236,0
858237,0
858238,0
858239,0
858240,0
858241,0
858242,0
858243,0
858244,0
858245,0
858246,0
858247,0
858248,0
858249,0
858250,0
858251,0
858252,0
858253,0
858254,0
858255,0
858256,0
858257,0
858258,0
858259,0
858260,0
858261,0
858262,6
858263,0
858264,0
858265,0
858266,0
858267,0
858268,0
858269,0
858270,0
858271,0
858272,0
858273,0
858274,0
858275,0
858276,0
858277,0
858278,0
858279,0
858280,3
858281,0
858282,2
858283,0
858284,0
858285,0
858286,0
858287,0
858288,0
858289,0
858290,0
858291,0
858292,0
858293,0
858294,0
858295,0
858296,0
858297,0
858298,1
858299,0
858300,0
858301,0
858302,0
858303,0
858304,0
858305,0
858306,0
858307,0
858308,0
858309,0
858310,0
858311,0
858312,0
858313,0
858314,0
858315,0
858316,0
858317,2
858318,0
858319,0
858320,0
858321,0
858322,0
858323,0
858324,0
858325,0
858326,0
858327,0
858328,7
858329,0
858330,0
858331,4
858332,0
858333,6
858334,0
858335,0
858336,0
858337,0
858338,0
858339,0
858340,0
858341,0
858342,0
858343,0
858344,0
858345,0
858346,0
858347,0
858348,0
858349,0
858350,0
858351,0
858352,0
858353,3
858354,0
858355,0
858356,0
858357,0
858358,0
858359,0
858360,0
858361,0
858362,0
858363,6
858364,0
858365,0
858366,0
858367,0
858368,0
858369,0
858370,0
858371,0
858372,0
858373,0
858374,0
858375,0
858376,0
858377,0
858378,0
858379,0
858380,0
858381,0
858382,0
858383,0
858384,0
858385,0
858386,0
858387,0
858388,0
858389,0
858390,0
858391,3
858392,0
858393,0
858394,2
858395,0
858396,4
858397,0
858398,0
858399,0
858400,0
858401,0
858402,0
858403,0
858404,0
858405,2
858406,0
858407,0
858408,0
858409,0
858410,0
858411,0
858412,0
858413,2
858414,0
858415,0
858416,0
858417,0
858418,0
858419,0
858420,0
858421,4
858422,0
858423,0
858424,0
858425,0
858426,0
858427,0
858428,0
858429,0
858430,0
858431,0
858432,0
858433,0
858434,0
858435,0
858436,0
858437,0
858438,0
858439,0
858440,0
858441,0
858442,0
858443,0
858444,4
858445,0
858446,0
858447,0
858448,0
858449,3
858450,0
858451,0
858452,0
858453,0
858454,0
858455,0
858456,0
858457,0
858458,0
858459,0
858460,0
858461,0
858462,0
858463,0
858464,4
858465,0
858466,0
858467,0
858468,0
858469,0
858470,0
858471,0
858472,0
858473,0
858474,0
858475,0
858476,0
858477,2
858478,2
858479,0
858480,3
858481,0
858482,2
858483,0
858484,0
858485,0
858486,2
858487,0
858488,4
858489,0
858490,0
858491,0
858492,0
858493,0
858494,0
858495,0
858496,0
858497,0
858498,0
858499,2
858500,0
858501,0
858502,0
858503,0
858504,0
858505,0
858506,0
858507,2
858508,0
858509,0
858510,0
858511,0
858512,0
858513,0
858514,0
858515,0
858516,0
858517,0
858518,0
858519,0
858520,0
858521,0
858522,0
858523,0
858524,0
858525,0
858526,0
858527,4
858528,0
858529,4
858530,0
858531,0
858532,0
858533,0
858534,0
858535,3
858536,0
858537,0
858538,0
858539,0
858540,0
858541,0
858542,0
858543,0
858544,0
858545,0
858546,1
858547,0
858548,0
858549,0
858550,0
858551,0
858552,0
858553,0
858554,0
858555,0
858556,3
858557,0
858558,0
858559,0
858560,0
858561,0
858562,0
858563,0
858564,0
858565,7
858566,0
858567,0
858568,0
858569,0
858570,0
858571,0
858572,0
858573,0
858574,0
858575,0
858576,2
858577,4
858578,0
858579,0
858580,0
858581,0
858582,0
858583,0
858584,0
858585,0
858586,0
858587,0
858588,0
858589,0
858590,0
858591,0
858592,0
858593,0
858594,0
858595,0
858596,0
858597,0
858598,3
858599,0
858600,0
858601,0
858602,0
858603,0
858604,0
858605,5
858606,0
858607,0
858608,0
858609,0
858610,0
858611,0
858612,0
858613,0
858614,0
858615,0
858616,0
858617,0
858618,0
858619,0
858620,0
858621,0
858622,0
858623,0
858624,0
858625,0
858626,0
858627,2
858628,0
858629,0
858630,0
858631,0
858632,0
858633,0
858634,0
858635,0
858636,0
858637,0
858638,0
858639,2
858640,0
858641,0
858642,0
858643,0
858644,0
858645,0
858646,0
858647,0
858648,0
858649,0
858650,0
858651,3
858652,0
858653,1
858654,0
858655,0
858656,0
858657,0
858658,0
858659,0
858660,3
858661,0
858662,0
858663,0
858664,0
858665,0
858666,0
858667,3
858668,0
858669,0
858670,2
858671,4
858672,0
858673,0
858674,0
858675,0
858676,1
858677,0
858678,0
858679,0
858680,0
858681,0
858682,0
858683,0
858684,0
858685,5
858686,0
858687,0
858688,0
858689,0
858690,0
858691,0
858692,0
858693,0
858694,0
858695,0
858696,0
858697,6
858698,3
858699,0
858700,0
858701,0
858702,0
858703,0
858704,1
858705,0
858706,0
858707,0
858708,0
858709,0
858710,2
858711,0
858712,0
858713,0
858714,3
858715,0
858716,0
858717,0
858718,0
858719,0
858720,0
858721,0
858722,0
858723,0
858724,0
858725,0
858726,0
858727,0
858728,1
858729,0
858730,0
858731,0
858732,0
858733,0
858734,0
858735,0
858736,0
858737,0
858738,0
858739,0
858740,0
858741,2
858742,0
858743,0
858744,0
858745,0
858746,0
858747,0
858748,0
858749,0
858750,0
858751,0
858752,0
858753,0
858754,8
858755,0
858756,5
858757,0
858758,0
858759,0
858760,0
858761,0
858762,7
858763,1
858764,0
858765,0
858766,0
858767,0
858768,0
858769,0
858770,0
858771,0
858772,0
858773,0
858774,0
858775,0
858776,0
858777,6
858778,0
858779,1
858780,0
858781,0
858782,0
858783,0
858784,0
858785,0
858786,0
858787,0
858788,0
858789,0
858790,3
858791,0
858792,0
858793,0
858794,3
858795,0
858796,0
858797,0
858798,0
858799,0
858800,0
858801,0
858802,0
858803,0
858804,0
858805,0
858806,0
858807,0
858808,0
858809,0
858810,0
858811,0
858812,0
858813,0
858814,0
858815,0
858816,3
858817,0
858818,2
858819,0
858820,0
858821,0
858822,0
858823,0
858824,0
858825,0
858826,2
858827,0
858828,0
858829,0
858830,0
858831,0
858832,0
858833,0
858834,0
858835,0
858836,0
858837,0
858838,0
858839,0
858840,0
858841,0
858842,7
858843,0
858844,0
858845,0
858846,0
858847,0
858848,0
858849,0
858850,0
858851,0
858852,0
858853,0
858854,0
858855,0
858856,0
858857,12
858858,0
858859,0
858860,0
858861,0
858862,0
858863,0
858864,0
858865,0
858866,0
858867,0
858868,0
858869,0
858870,0
858871,0
858872,0
858873,0
858874,0
858875,0
858876,0
858877,0
858878,0
858879,0
858880,0
858881,0
858882,0
858883,0
858884,0
858885,0
858886,0
858887,0
858888,0
858889,0
858890,0
858891,0
858892,0
858893,0
858894,0
858895,0
858896,0
858897,0
858898,0
858899,0
858900,0
858901,0
858902,0
858903,0
858904,0
858905,0
858906,0
858907,0
858908,0
858909,0
858910,0
858911,0
858912,0
858913,0
858914,0
858915,0
858916,0
858917,0
858918,0
858919,0
858920,0
858921,0
858922,0
858923,0
858924,0
858925,0
858926,0
858927,0
858928,0
858929,11
858930,0
858931,0
858932,0
858933,0
858934,0
858935,16
858936,0
858937,0
858938,0
858939,0
858940,0
858941,0
858942,10
858943,0
858944,0
858945,0
858946,0
858947,0
858948,0
858949,0
858950,0
858951,5
858952,0
858953,0
858954,0
858955,0
858956,0
858957,0
858958,0
858959,0
858960,0
858961,0
858962,0
858963,11
858964,0
858965,0
858966,0
858967,0
858968,0
858969,0
858970,0
858971,0
858972,0
858973,0
858974,0
858975,0
858976,0
858977,0
858978,0
858979,0
858980,0
858981,0
858982,0
858983,0
858984,0
858985,0
858986,0
858987,0
858988,0
858989,0
858990,0
858991,0
858992,0
858993,0
858994,0
858995,0
858996,0
858997,0
858998,0
858999,0
859000,0
859001,0
859002,0
859003,0
859004,0
859005,0
859006,0
859007,0
859008,0
859009,0
859010,0
859011,0
859012,0
859013,0
859014,0
859015,0
859016,0
859017,0
859018,0
859019,0
859020,0
859021,0
859022,0
859023,0
859024,0
859025,0
859026,0
859027,0
859028,15
859029,0
859030,0
859031,0
859032,0
859033,0
859034,0
859035,0
859036,0
859037,0
859038,0
859039,0
859040,0
859041,0
859042,0
859043,0
859044,0
859045,0
859046,0
859047,0
859048,0
859049,0
859050,0
859051,0
859052,0
859053,0
859054,10
859055,0
859056,0
859057,0
859058,0
859059,0
859060,8
859061,0
859062,0
859063,0
859064,0
859065,0
859066,0
859067,0
859068,0
859069,0
859070,0
859071,0
859072,0
859073,0
859074,0
859075,0
859076,0
859077,8
859078,0
859079,0
859080,0
859081,0
859082,0
859083,0
859084,0
859085,15
859086,0
859087,0
859088,0
859089,0
859090,0
859091,0
859092,0
859093,0
859094,0
859095,0
859096,0
859097,0
859098,0
859099,0
859100,0
859101,0
859102,0
859103,0
859104,0
859105,0
859106,0
859107,0
859108,0
859109,0
859110,0
859111,0
859112,0
859113,0
859114,0
859115,0
859116,0
859117,0
859118,0
859119,0
859120,0
859121,0
859122,0
859123,0
859124,0
859125,0
859126,0
859127,0
859128,0
859129,0
859130,0
859131,0
859132,0
859133,0
859134,0
859135,11
859136,0
859137,0
859138,0
859139,0
859140,0
859141,0
859142,0
859143,0
859144,0
859145,0
859146,0
859147,0
859148,0
859149,0
859150,0
859151,0
859152,0
859153,0
859154,0
859155,0
859156,0
859157,0
859158,0
859159,0
859160,0
859161,0
859162,0
859163,0
859164,0
859165,0
859166,0
859167,0
859168,0
859169,0
859170,0
859171,0
859172,0
859173,0
859174,0
859175,0
859176,0
859177,0
859178,0
859179,0
859180,0
859181,0
859182,0
859183,0
859184,0
859185,0
859186,0
859187,0
859188,0
859189,0
859190,0
859191,0
859192,0
859193,0
859194,0
859195,0
859196,8
859197,0
859198,0
859199,0
859200,0
859201,0
859202,0
859203,0
859204,0
859205,0
859206,0
859207,0
859208,0
859209,0
859210,0
859211,0
859212,0
859213,0
859214,0
859215,0
859216,0
859217,0
859218,0
859219,0
859220,0
859221,0
859222,0
859223,0
859224,0
859225,0
859226,0
859227,0
859228,0
859229,0
859230,0
859231,0
859232,0
859233,0
859234,0
859235,0
859236,0
859237,0
859238,0
859239,0
859240,0
859241,0
859242,0
859243,0
859244,0
859245,0
859246,0
859247,0
859248,0
859249,0
859250,0
859251,0
859252,0
859253,0
859254,0
859255,0
859256,0
859257,9
859258,0
859259,0
859260,0
859261,0
859262,0
859263,0
859264,0
859265,0
859266,0
859267,0
859268,0
859269,0
859270,0
859271,12
859272,0
859273,0
859274,0
859275,0
859276,0
859277,0
859278,0
859279,0
859280,0
859281,0
859282,0
859283,0
859284,0
859285,0
859286,0
859287,0
859288,0
859289,0
859290,0
859291,0
859292,0
859293,0
859294,0
859295,0
859296,0
859297,0
859298,0
859299,0
859300,0
859301,0
859302,0
859303,0
859304,0
859305,0
859306,0
859307,0
859308,0
859309,0
859310,0
859311,0
859312,0
859313,0
859314,0
859315,0
859316,0
859317,0
859318,0
859319,0
859320,0
859321,0
859322,0
859323,0
859324,0
859325,0
859326,0
859327,0
859328,0
859329,0
859330,0
859331,0
859332,0
859333,0
859334,0
859335,0
859336,0
859337,0
859338,0
859339,7
859340,0
859341,0
859342,0
859343,0
859344,0
859345,0
859346,0
859347,10
859348,0
859349,0
859350,0
859351,0
859352,0
859353,0
859354,0
859355,0
859356,0
859357,0
859358,14
859359,0
859360,0
859361,0
859362,0
859363,0
859364,0
859365,0
859366,0
859367,0
859368,0
859369,0
859370,0
859371,0
859372,0
859373,0
859374,0
859375,0
859376,0
859377,0
859378,15
859379,0
859380,0
859381,0
859382,0
859383,0
859384,8
859385,0
859386,0
859387,0
859388,0
859389,0
859390,0
859391,0
859392,0
859393,0
859394,0
859395,0
859396,0
859397,0
859398,0
859399,0
859400,0
859401,0
859402,0
859403,0
859404,0
859405,0
859406,0
859407,0
859408,0
859409,0
859410,0
859411,0
859412,0
859413,0
859414,0
859415,0
859416,0
859417,0
859418,0
859419,0
859420,0
859421,0
859422,0
859423,0
859424,0
859425,0
859426,0
859427,0
859428,0
859429,0
859430,0
859431,0
859432,0
859433,0
859434,0
859435,0
859436,0
859437,0
859438,22
859439,0
859440,0
859441,0
859442,17
859443,0
859444,0
859445,0
859446,0
859447,0
859448,0
859449,0
859450,0
859451,0
859452,0
859453,0
859454,0
859455,0
859456,0
859457,0
859458,0
859459,0
859460,0
859461,0
859462,0
859463,0
859464,0
859465,0
859466,0
859467,0
859468,0
859469,0
859470,0
859471,0
859472,0
859473,0
859474,0
859475,0
859476,0
859477,0
859478,0
859479,0
859480,0
859481,0
859482,0
859483,0
859484,0
859485,0
859486,0
859487,19
859488,12
859489,0
859490,0
859491,0
859492,0
859493,0
859494,0
859495,0
859496,0
859497,0
859498,0
859499,15
859500,0
859501,0
859502,0
859503,0
859504,0
859505,0
859506,0
859507,0
859508,0
859509,0
859510,0
859511,0
859512,0
859513,0
859514,0
859515,0
859516,0
859517,0
859518,0
859519,0
859520,0
859521,0
859522,0
859523,0
859524,0
859525,0
859526,0
859527,0
859528,0
859529,0
859530,0
859531,0
859532,0
859533,0
859534,10
859535,0
859536,0
859537,12
859538,0
859539,0
859540,0
859541,0
859542,0
859543,0
859544,0
859545,0
859546,6
859547,0
859548,0
859549,0
859550,0
859551,0
859552,0
859553,0
859554,0
859555,0
859556,0
859557,0
859558,0
859559,0
859560,0
859561,0
859562,0
859563,0
859564,0
859565,0
859566,0
859567,13
859568,0
859569,0
859570,0
859571,0
859572,0
859573,0
859574,0
859575,0
859576,0
859577,0
859578,0
859579,0
859580,0
859581,0
859582,4
859583,0
859584,0
859585,0
859586,0
859587,6
859588,0
859589,8
859590,0
859591,0
859592,0
859593,0
859594,11
859595,0
859596,0
859597,0
859598,0
859599,0
859600,9
859601,0
859602,0
859603,0
859604,15
859605,9
859606,0
859607,0
859608,0
859609,0
859610,0
859611,0
859612,0
859613,0
859614,0
859615,12
859616,0
859617,0
859618,0
859619,0
859620,0
859621,0
859622,0
859623,0
859624,0
859625,0
859626,0
859627,0
859628,0
859629,0
859630,0
859631,0
859632,0
859633,5
859634,0
859635,0
859636,0
859637,0
859638,0
859639,0
859640,0
859641,0
859642,0
859643,0
859644,0
859645,0
859646,0
859647,0
859648,0
859649,0
859650,0
859651,0
859652,0
859653,0
859654,0
859655,0
859656,8
859657,0
859658,0
859659,0
859660,0
859661,0
859662,14
859663,0
859664,0
859665,0
859666,0
859667,0
859668,0
859669,0
859670,0
859671,0
859672,0
859673,6
859674,0
859675,0
859676,0
859677,0
859678,0
859679,0
859680,0
859681,0
859682,0
859683,0
859684,0
859685,0
859686,0
859687,0
859688,0
859689,0
859690,0
859691,0
859692,0
859693,0
859694,0
859695,0
859696,0
859697,0
859698,0
859699,0
859700,0
859701,0
859702,0
859703,0
859704,0
859705,0
859706,0
859707,0
859708,55
859709,0
859710,0
859711,0
859712,0
859713,0
859714,0
859715,0
859716,0
859717,0
859718,0
859719,0
859720,31
859721,39
859722,0
859723,0
859724,0
859725,0
859726,0
859727,0
859728,0
859729,0
859730,0
859731,0
859732,0
859733,38
859734,0
859735,57
859736,0
859737,0
859738,0
859739,0
859740,0
859741,0
859742,0
859743,0
859744,0
859745,0
859746,0
859747,0
859748,37
859749,0
859750,0
859751,34
859752,49
859753,0
859754,0
859755,0
859756,0
859757,0
859758,0
859759,0
859760,0
859761,40
859762,0
859763,22
859764,0
859765,0
859766,35
859767,30
859768,0
859769,0
859770,0
859771,0
859772,0
859773,0
859774,0
859775,0
859776,0
859777,0
859778,0
859779,47
859780,0
859781,0
859782,0
859783,0
859784,0
859785,43
859786,51
859787,0
859788,0
859789,0
859790,0
859791,0
859792,0
859793,33
859794,0
859795,0
859796,0
859797,0
859798,0
859799,0
859800,0
859801,0
859802,0
859803,0
859804,0
859805,0
859806,0
859807,0
859808,0
859809,51
859810,29
859811,0
859812,0
859813,0
859814,0
859815,0
859816,32
859817,0
859818,0
859819,0
859820,0
859821,0
859822,0
859823,0
859824,0
859825,0
859826,0
859827,0
859828,0
859829,0
859830,0
859831,0
859832,0
859833,0
859834,0
859835,0
859836,35
859837,0
859838,0
859839,0
859840,0
859841,0
859842,31
859843,0
859844,0
859845,38
859846,0
859847,0
859848,42
859849,0
859850,0
859851,0
859852,0
859853,0
859854,41
859855,0
859856,27
859857,0
859858,36
859859,0
859860,0
859861,0
859862,0
859863,0
859864,0
859865,0
859866,45
859867,0
859868,0
859869,0
859870,0
859871,0
859872,0
859873,0
859874,0
859875,0
859876,0
859877,0
859878,32
859879,0
859880,0
859881,0
859882,0
859883,0
859884,47
859885,0
859886,0
859887,0
859888,0
859889,40
859890,0
859891,29
859892,0
859893,0
859894,0
859895,0
859896,0
859897,0
859898,0
859899,39
859900,0
859901,22
859902,0
859903,0
859904,27
859905,0
859906,0
859907,0
859908,0
859909,0
859910,0
859911,0
859912,0
859913,0
859914,0
859915,0
859916,0
859917,0
859918,0
859919,0
859920,0
859921,0
859922,0
859923,0
859924,0
859925,0
859926,0
859927,0
859928,0
859929,0
859930,0
859931,0
859932,0
859933,0
859934,0
859935,0
859936,0
859937,0
859938,0
859939,0
859940,0
859941,0
859942,0
859943,0
859944,0
859945,0
859946,0
859947,0
859948,0
859949,0
859950,0
859951,0
859952,0
859953,0
859954,0
859955,0
859956,0
859957,26
859958,0
859959,0
859960,0
859961,0
859962,0
859963,0
859964,0
859965,0
859966,0
859967,0
859968,0
859969,0
859970,0
859971,0
859972,0
859973,0
859974,16
859975,0
859976,0
859977,0
859978,0
859979,0
859980,0
859981,0
859982,0
859983,0
859984,0
859985,0
859986,0
859987,0
859988,0
859989,0
859990,0
859991,0
859992,0
859993,0
859994,0
859995,0
859996,0
859997,0
859998,0
859999,0
860000,0
860001,0
860002,0
860003,0
860004,0
860005,0
860006,0
860007,0
860008,0
860009,0
860010,0
860011,0
860012,0
860013,0
860014,0
860015,13
860016,0
860017,0
860018,0
860019,22
860020,0
860021,0
860022,0
860023,0
860024,0
860025,0
860026,0
860027,0
860028,0
860029,0
860030,0
860031,0
860032,31
860033,0
860034,0
860035,18
860036,0
860037,23
860038,0
860039,0
860040,0
860041,17
860042,0
860043,0
860044,0
860045,0
860046,0
860047,0
860048,0
860049,0
860050,0
860051,0
860052,0
860053,20
860054,0
860055,0
860056,0
860057,0
860058,0
860059,0
860060,0
860061,0
860062,0
860063,0
860064,0
860065,0
860066,14
860067,0
860068,0
860069,0
860070,0
860071,0
860072,0
860073,0
860074,0
860075,0
860076,0
860077,0
860078,0
860079,20
860080,0
860081,0
860082,0
860083,0
860084,0
860085,0
860086,0
860087,0
860088,0
860089,15
860090,0
860091,0
860092,0
860093,0
860094,0
860095,0
860096,0
860097,0
860098,0
860099,0
860100,0
860101,0
860102,0
860103,0
860104,0
860105,0
860106,0
860107,0
860108,16
860109,0
860110,0
860111,0
860112,0
860113,0
860114,0
860115,0
860116,0
860117,0
860118,0
860119,0
860120,0
860121,0
860122,0
860123,0
860124,0
860125,0
860126,0
860127,22
860128,0
860129,0
860130,0
860131,0
860132,0
860133,0
860134,0
860135,0
860136,19
860137,0
860138,0
860139,0
860140,0
860141,0
860142,0
860143,0
860144,0
860145,18
860146,0
860147,0
860148,0
860149,0
860150,0
860151,0
860152,0
860153,0
860154,0
860155,29
860156,0
860157,0
860158,0
860159,21
860160,0
860161,0
860162,0
860163,0
860164,0
860165,0
860166,0
860167,0
860168,18
860169,0
860170,0
860171,0
860172,0
860173,0
860174,0
860175,0
860176,0
860177,0
860178,0
860179,0
860180,0
860181,0
860182,0
860183,0
860184,0
860185,0
860186,0
860187,0
860188,0
860189,0
860190,18
860191,0
860192,0
860193,0
860194,0
860195,0
860196,0
860197,0
860198,0
860199,0
860200,0
860201,0
860202,0
860203,0
860204,0
860205,0
860206,0
860207,19
860208,0
860209,0
860210,0
860211,17
860212,0
860213,0
860214,0
860215,17
860216,0
860217,0
860218,0
860219,0
860220,0
860221,0
860222,0
860223,0
860224,0
860225,0
860226,0
860227,0
860228,0
860229,0
860230,0
860231,0
860232,0
860233,0
860234,0
860235,0
860236,0
860237,0
860238,0
860239,21
860240,0
860241,0
860242,0
860243,0
860244,0
860245,0
860246,10
860247,0
860248,0
860249,0
860250,0
860251,0
860252,0
860253,0
860254,0
860255,0
860256,0
860257,0
860258,0
860259,0
860260,0
860261,0
860262,0
860263,0
860264,0
860265,0
860266,0
860267,17
860268,0
860269,0
860270,0
860271,0
860272,19
860273,0
860274,0
860275,0
860276,0
860277,0
860278,24
860279,0
860280,0
860281,0
860282,0
860283,0
860284,0
860285,0
860286,0
860287,0
860288,0
860289,0
860290,0
860291,0
860292,0
860293,0
860294,0
860295,0
860296,0
860297,0
860298,0
860299,20
860300,0
860301,0
860302,0
860303,0
860304,0
860305,0
860306,0
860307,18
860308,0
860309,0
860310,0
860311,0
860312,0
860313,22
860314,0
860315,0
860316,0
860317,0
860318,0
860319,0
860320,0
860321,0
860322,0
860323,0
860324,0
860325,0
860326,0
860327,0
860328,0
860329,0
860330,0
860331,0
860332,0
860333,0
860334,0
860335,0
860336,0
860337,0
860338,0
860339,0
860340,0
860341,24
860342,0
860343,0
860344,27
860345,0
860346,0
860347,0
860348,0
860349,0
860350,0
860351,0
860352,0
860353,0
860354,0
860355,0
860356,0
860357,0
860358,0
860359,0
860360,17
860361,0
860362,0
860363,24
860364,0
860365,0
860366,18
860367,0
860368,0
860369,0
860370,0
860371,0
860372,0
860373,0
860374,0
860375,0
860376,0
860377,20
860378,0
860379,13
860380,0
860381,0
860382,0
860383,0
860384,0
860385,0
860386,0
860387,0
860388,0
860389,0
860390,0
860391,0
860392,0
860393,0
860394,0
860395,0
860396,0
860397,0
860398,0
860399,0
860400,0
860401,0
860402,0
860403,0
860404,0
860405,0
860406,0
860407,0
860408,0
860409,0
860410,0
860411,0
860412,0
860413,19
860414,0
860415,24
860416,0
860417,0
860418,0
860419,0
860420,0
860421,0
860422,0
860423,0
860424,0
860425,0
860426,0
860427,24
860428,0
860429,0
860430,0
860431,0
860432,0
860433,0
860434,14
860435,0
860436,0
860437,0
860438,0
860439,0
860440,0
860441,0
860442,0
860443,26
860444,0
860445,0
860446,0
860447,0
860448,0
860449,0
860450,0
860451,0
860452,0
860453,0
860454,0
860455,0
860456,0
860457,29
860458,0
860459,0
860460,0
860461,0
860462,0
860463,0
860464,0
860465,0
860466,0
860467,0
860468,0
860469,0
860470,0
860471,0
860472,0
860473,0
860474,0
860475,0
860476,0
860477,22
860478,0
860479,0
860480,0
860481,0
860482,0
860483,0
860484,13
860485,0
860486,0
860487,0
860488,0
860489,0
860490,0
860491,0
860492,0
860493,0
860494,0
860495,0
860496,0
860497,0
860498,0
860499,0
860500,0
860501,0
860502,0
860503,0
860504,0
860505,0
860506,0
860507,0
860508,0
860509,0
860510,0
860511,19
860512,0
860513,0
860514,0
860515,0
860516,0
860517,17
860518,21
860519,0
860520,0
860521,0
860522,0
860523,16
860524,11
860525,0
860526,24
860527,0
860528,0
860529,0
860530,0
860531,0
860532,0
860533,0
860534,0
860535,0
860536,0
860537,0
860538,0
860539,0
860540,0
860541,16
860542,0
860543,0
860544,0
860545,0
860546,0
860547,0
860548,0
860549,0
860550,0
860551,0
860552,0
860553,0
860554,0
860555,0
860556,0
860557,0
860558,0
860559,0
860560,0
860561,0
860562,0
860563,0
860564,0
860565,0
860566,16
860567,0
860568,0
860569,0
860570,0
860571,0
860572,0
860573,0
860574,0
860575,0
860576,0
860577,0
860578,0
860579,0
860580,0
860581,0
860582,0
860583,0
860584,19
860585,0
860586,0
860587,0
860588,0
860589,0
860590,0
860591,0
860592,0
860593,0
860594,24
860595,0
860596,0
860597,34
860598,26
860599,0
860600,0
860601,0
860602,0
860603,0
860604,22
860605,0
860606,0
860607,0
860608,0
860609,0
860610,23
860611,0
860612,0
860613,0
860614,0
860615,16
860616,26
860617,0
860618,0
860619,0
860620,0
860621,0
860622,0
860623,0
860624,0
860625,0
860626,0
860627,0
860628,0
860629,0
860630,0
860631,0
860632,0
860633,0
860634,0
860635,0
860636,17
860637,0
860638,0
860639,0
860640,0
860641,0
860642,0
860643,0
860644,0
860645,0
860646,0
860647,0
860648,0
860649,0
860650,17
860651,0
860652,0
860653,15
860654,0
860655,0
860656,0
860657,0
860658,0
860659,0
860660,0
860661,0
860662,0
860663,0
860664,0
860665,0
860666,29
860667,0
860668,0
860669,0
860670,0
860671,0
860672,0
860673,0
860674,0
860675,0
860676,0
860677,14
860678,0
860679,0
860680,0
860681,0
860682,0
860683,0
860684,0
860685,0
860686,0
860687,0
860688,24
860689,16
860690,0
860691,0
860692,0
860693,0
860694,0
860695,0
860696,0
860697,0
860698,0
860699,0
860700,0
860701,0
860702,0
860703,0
860704,23
860705,0
860706,0
860707,0
860708,0
860709,0
860710,0
860711,0
860712,0
860713,0
860714,0
860715,0
860716,0
860717,0
860718,0
860719,10
860720,0
860721,0
860722,0
860723,0
860724,0
860725,0
860726,0
860727,0
860728,0
860729,19
860730,0
860731,0
860732,0
860733,0
860734,0
860735,0
860736,0
860737,0
860738,17
860739,0
860740,0
860741,0
860742,0
860743,0
860744,0
860745,0
860746,0
860747,0
860748,0
860749,0
860750,0
860751,0
860752,0
860753,0
860754,0
860755,0
860756,0
860757,0
860758,0
860759,0
860760,0
860761,0
860762,26
860763,0
860764,0
860765,0
860766,0
860767,0
860768,0
860769,0
860770,0
860771,0
860772,0
860773,10
860774,0
860775,0
860776,21
860777,0
860778,0
860779,0
860780,0
860781,0
860782,0
860783,0
860784,0
860785,0
860786,0
860787,0
860788,0
860789,0
860790,22
860791,22
860792,0
860793,0
860794,0
860795,0
860796,0
860797,19
860798,18
860799,0
860800,0
860801,0
860802,0
860803,0
860804,0
860805,0
860806,0
860807,0
860808,0
860809,0
860810,0
860811,0
860812,0
860813,0
860814,0
860815,0
860816,0
860817,0
860818,0
860819,0
860820,0
860821,0
860822,0
860823,0
860824,0
860825,0
860826,0
860827,0
860828,0
860829,0
860830,0
860831,0
860832,0
860833,0
860834,0
860835,0
860836,0
860837,0
860838,0
860839,0
860840,0
860841,0
860842,0
860843,0
860844,0
860845,0
860846,0
860847,0
860848,0
860849,0
860850,0
860851,0
860852,0
860853,0
860854,0
860855,0
860856,0
860857,0
860858,0
860859,0
860860,0
860861,0
860862,0
860863,0
860864,0
860865,0
860866,0
860867,0
860868,0
860869,0
860870,0
860871,0
860872,0
860873,0
860874,0
860875,0
860876,0
860877,0
860878,0
860879,0
860880,0
860881,0
860882,0
860883,0
860884,0
860885,0
860886,0
860887,0
860888,0
860889,0
860890,0
860891,0
860892,0
860893,0
860894,0
860895,0
860896,0
860897,0
860898,0
860899,0
860900,0
860901,0
860902,0
860903,0
860904,0
860905,0
860906,0
860907,0
860908,0
860909,0
860910,0
860911,0
860912,0
860913,0
860914,0
860915,0
860916,0
860917,0
860918,0
860919,0
860920,0
860921,0
860922,0
860923,0
860924,0
860925,0
860926,0
860927,0
860928,0
860929,0
860930,0
860931,0
860932,0
860933,0
860934,0
860935,0
860936,0
860937,0
860938,0
860939,0
860940,0
860941,0
860942,0
860943,0
860944,0
860945,0
860946,0
860947,0
860948,0
860949,0
860950,0
860951,0
860952,0
860953,0
860954,0
860955,0
860956,0
860957,0
860958,0
860959,0
860960,0
860961,0
860962,0
860963,0
860964,0
860965,0
860966,0
860967,0
860968,0
860969,0
860970,0
860971,0
860972,0
860973,0
860974,0
860975,0
860976,0
860977,0
860978,0
860979,0
860980,0
860981,0
860982,0
860983,0
860984,0
860985,0
860986,0
860987,0
860988,0
860989,0
860990,0
860991,0
860992,0
860993,0
860994,0
860995,0
860996,0
860997,0
860998,0
860999,0
861000,0
861001,0
861002,0
861003,0
861004,0
861005,0
861006,0
861007,0
861008,1
861009,0
861010,0
861011,0
861012,0
861013,0
861014,0
861015,0
861016,0
861017,0
861018,0
861019,0
861020,0
861021,0
861022,0
861023,0
861024,0
861025,0
861026,0
861027,0
861028,0
861029,0
861030,0
861031,0
861032,0
861033,1
861034,0
861035,0
861036,0
861037,0
861038,0
861039,0
861040,0
861041,0
861042,0
861043,0
861044,0
861045,0
861046,0
861047,0
861048,0
861049,0
861050,0
861051,0
861052,0
861053,0
861054,0
861055,0
861056,0
861057,0
861058,0
861059,0
861060,0
861061,0
861062,0
861063,0
861064,0
861065,0
861066,0
861067,0
861068,0
861069,0
861070,0
861071,0
861072,0
861073,0
861074,0
861075,0
861076,0
861077,0
861078,0
861079,0
861080,0
861081,0
861082,0
861083,0
861084,0
861085,0
861086,0
861087,0
861088,0
861089,0
861090,0
861091,0
861092,0
861093,0
861094,0
861095,0
861096,0
861097,0
861098,0
861099,0
861100,0
861101,0
861102,0
861103,0
861104,0
861105,0
861106,0
861107,0
861108,0
861109,0
861110,0
861111,0
861112,0
861113,0
861114,0
861115,0
861116,0
861117,0
861118,0
861119,0
861120,0
861121,0
861122,0
861123,0
861124,0
861125,0
861126,0
861127,0
861128,0
861129,0
861130,0
861131,0
861132,0
861133,0
861134,0
861135,0
861136,0
861137,0
861138,0
861139,0
861140,0
861141,0
861142,0
861143,0
861144,0
861145,0
861146,0
861147,0
861148,0
861149,0
861150,0
861151,0
861152,0
861153,0
861154,0
861155,0
861156,0
861157,0
861158,0
861159,0
861160,0
861161,0
861162,0
861163,1
861164,0
861165,0
861166,0
861167,0
861168,0
861169,0
861170,0
861171,0
861172,0
861173,0
861174,0
861175,0
861176,0
861177,0
861178,0
861179,0
861180,0
861181,0
861182,0
861183,0
861184,0
861185,0
861186,0
861187,0
861188,0
861189,0
861190,0
861191,0
861192,0
861193,0
861194,0
861195,0
861196,0
861197,0
861198,0
861199,0
861200,0
861201,0
861202,0
861203,0
861204,0
861205,0
861206,0
861207,0
861208,0
861209,0
861210,0
861211,0
861212,0
861213,0
861214,0
861215,0
861216,0
861217,0
861218,0
861219,0
861220,0
861221,0
861222,0
861223,0
861224,0
861225,0
861226,0
861227,0
861228,0
861229,0
861230,0
861231,0
861232,0
861233,0
861234,0
861235,0
861236,0
861237,0
861238,0
861239,0
861240,0
861241,0
861242,0
861243,0
861244,0
861245,0
861246,0
861247,0
861248,0
861249,0
861250,0
861251,0
861252,0
861253,0
861254,0
861255,0
861256,0
861257,0
861258,0
861259,0
861260,0
861261,0
861262,0
861263,0
861264,0
861265,0
861266,0
861267,0
861268,0
861269,0
861270,0
861271,0
861272,0
861273,0
861274,0
861275,0
861276,0
861277,0
861278,0
861279,0
861280,0
861281,0
861282,0
861283,0
861284,0
861285,0
861286,0
861287,0
861288,0
861289,0
861290,0
861291,0
861292,0
861293,0
861294,0
861295,0
861296,0
861297,0
861298,0
861299,0
861300,0
861301,0
861302,0
861303,0
861304,0
861305,0
861306,0
861307,0
861308,0
861309,0
861310,0
861311,0
861312,0
861313,0
861314,0
861315,0
861316,0
861317,0
861318,0
861319,0
861320,0
861321,0
861322,0
861323,0
861324,0
861325,0
861326,0
861327,0
861328,0
861329,0
861330,0
861331,0
861332,0
861333,0
861334,0
861335,0
861336,0
861337,0
861338,0
861339,0
861340,0
861341,0
861342,0
861343,0
861344,0
861345,0
861346,0
861347,0
861348,0
861349,0
861350,0
861351,0
861352,0
861353,0
861354,0
861355,0
861356,0
861357,0
861358,0
861359,0
861360,0
861361,0
861362,0
861363,0
861364,0
861365,0
861366,0
861367,0
861368,0
861369,0
861370,0
861371,0
861372,0
861373,0
861374,0
861375,0
861376,0
861377,0
861378,0
861379,0
861380,0
861381,0
861382,0
861383,0
861384,0
861385,0
861386,0
861387,0
861388,0
861389,0
861390,0
861391,0
861392,0
861393,0
861394,0
861395,0
861396,0
861397,0
861398,0
861399,0
861400,0
861401,0
861402,0
861403,0
861404,0
861405,0
861406,0
861407,0
861408,0
861409,0
861410,0
861411,0
861412,0
861413,0
861414,0
861415,0
861416,0
861417,0
861418,0
861419,0
861420,0
861421,0
861422,0
861423,0
861424,0
861425,0
861426,0
861427,0
861428,0
861429,0
861430,0
861431,0
861432,0
861433,0
861434,0
861435,0
861436,0
861437,0
861438,0
861439,0
861440,0
861441,0
861442,0
861443,0
861444,0
861445,0
861446,0
861447,0
861448,0
861449,0
861450,0
861451,0
861452,0
861453,0
861454,0
861455,0
861456,0
861457,0
861458,0
861459,0
861460,0
861461,1
861462,0
861463,0
861464,0
861465,0
861466,0
861467,0
861468,0
861469,0
861470,0
861471,0
861472,0
861473,0
861474,0
861475,0
861476,0
861477,0
861478,0
861479,0
861480,1
861481,0
861482,0
861483,0
861484,0
861485,0
861486,0
861487,0
861488,0
861489,0
861490,0
861491,0
861492,0
861493,0
861494,0
861495,0
861496,0
861497,0
861498,0
861499,0
861500,0
861501,0
861502,0
861503,0
861504,0
861505,0
861506,0
861507,0
861508,0
861509,0
861510,0
861511,0
861512,0
861513,0
861514,0
861515,0
861516,0
861517,0
861518,0
861519,0
861520,0
861521,0
861522,0
861523,0
861524,0
861525,0
861526,0
861527,0
861528,0
861529,0
861530,0
861531,0
861532,0
861533,0
861534,0
861535,0
861536,0
861537,0
861538,0
861539,0
861540,0
861541,0
861542,0
861543,0
861544,0
861545,0
861546,0
861547,0
861548,0
861549,0
861550,0
861551,0
861552,0
861553,0
861554,0
861555,0
861556,0
861557,0
861558,0
861559,0
861560,0
861561,0
861562,0
861563,0
861564,0
861565,0
861566,0
861567,0
861568,0
861569,0
861570,0
861571,0
861572,0
861573,0
861574,0
861575,0
861576,0
861577,0
861578,0
861579,0
861580,0
861581,0
861582,0
861583,0
861584,0
861585,0
861586,0
861587,0
861588,0
861589,0
861590,0
861591,0
861592,0
861593,0
861594,0
861595,0
861596,0
861597,0
861598,0
861599,0
861600,0
861601,0
861602,0
861603,0
861604,0
861605,0
861606,0
861607,0
861608,0
861609,0
861610,0
861611,0
861612,0
861613,0
861614,1
861615,0
861616,0
861617,0
861618,0
861619,0
861620,0
861621,0
861622,0
861623,0
861624,0
861625,0
861626,0
861627,0
861628,0
861629,0
861630,0
861631,0
861632,0
861633,0
861634,0
861635,0
861636,0
861637,0
861638,0
861639,0
861640,0
861641,0
861642,0
861643,0
861644,0
861645,0
861646,0
861647,0
861648,0
861649,0
861650,0
861651,0
861652,0
861653,0
861654,0
861655,0
861656,0
861657,0
861658,0
861659,0
861660,0
861661,0
861662,0
861663,0
861664,0
861665,0
861666,0
861667,0
861668,0
861669,0
861670,0
861671,0
861672,0
861673,0
861674,0
861675,0
861676,0
861677,0
861678,0
861679,0
861680,0
861681,0
861682,0
861683,0
861684,0
861685,0
861686,0
861687,0
861688,0
861689,0
861690,0
861691,0
861692,0
861693,0
861694,0
861695,0
861696,0
861697,0
861698,0
861699,1
861700,0
861701,0
861702,0
861703,0
861704,0
861705,0
861706,0
861707,0
861708,0
861709,0
861710,0
861711,0
861712,0
861713,0
861714,0
861715,0
861716,0
861717,0
861718,0
861719,0
861720,0
861721,0
861722,0
861723,0
861724,0
861725,0
861726,0
861727,0
861728,0
861729,0
861730,0
861731,0
861732,0
861733,0
861734,0
861735,0
861736,0
861737,0
861738,0
861739,0
861740,0
861741,0
861742,0
861743,0
861744,0
861745,0
861746,0
861747,0
861748,0
861749,0
861750,0
861751,0
861752,0
861753,0
861754,0
861755,0
861756,0
861757,0
861758,0
861759,0
861760,0
861761,34
861762,0
861763,0
861764,0
861765,14
861766,0
861767,0
861768,0
861769,0
861770,0
861771,0
861772,0
861773,0
861774,0
861775,0
861776,0
861777,0
861778,0
861779,27
861780,0
861781,0
861782,0
861783,41
861784,0
861785,0
861786,39
861787,0
861788,0
861789,0
861790,0
861791,0
861792,22
861793,0
861794,30
861795,43
861796,0
861797,30
861798,0
861799,18
861800,42
861801,0
861802,0
861803,0
861804,0
861805,0
861806,0
861807,18
861808,0
861809,29
861810,45
861811,0
861812,0
861813,0
861814,0
861815,0
861816,0
861817,0
861818,0
861819,24
861820,0
861821,26
861822,0
861823,0
861824,29
861825,0
861826,0
861827,11
861828,0
861829,0
861830,0
861831,0
861832,0
861833,0
861834,0
861835,48
861836,0
861837,0
861838,0
861839,0
861840,0
861841,0
861842,0
861843,65
861844,0
861845,0
861846,0
861847,0
861848,0
861849,11
861850,30
861851,0
861852,0
861853,0
861854,0
861855,0
861856,0
861857,0
861858,0
861859,0
861860,0
861861,0
861862,0
861863,0
861864,28
861865,0
861866,0
861867,0
861868,33
861869,14
861870,0
861871,0
861872,0
861873,0
861874,0
861875,0
861876,0
861877,14
861878,0
861879,0
861880,0
861881,0
861882,0
861883,0
861884,0
861885,0
861886,0
861887,0
861888,0
861889,0
861890,0
861891,0
861892,0
861893,0
861894,0
861895,0
861896,0
861897,0
861898,29
861899,0
861900,0
861901,0
861902,0
861903,70
861904,0
861905,0
861906,0
861907,23
861908,11
861909,29
861910,0
861911,0
861912,0
861913,0
861914,0
861915,0
861916,0
861917,0
861918,0
861919,0
861920,0
861921,0
861922,9
861923,0
861924,50
861925,0
861926,0
861927,54
861928,0
861929,0
861930,0
861931,62
861932,0
861933,31
861934,33
861935,22
861936,0
861937,0
861938,40
861939,36
861940,0
861941,0
861942,0
861943,0
861944,0
861945,0
861946,0
861947,0
861948,0
861949,53
861950,0
861951,0
861952,0
861953,0
861954,0
861955,25
861956,0
861957,0
861958,0
861959,30
861960,0
861961,0
861962,39
861963,37
861964,0
861965,0
861966,0
861967,0
861968,0
861969,0
861970,18
861971,0
861972,0
861973,0
861974,0
861975,0
861976,0
861977,64
861978,38
861979,0
861980,0
861981,0
861982,33
861983,0
861984,0
861985,0
861986,0
861987,0
861988,0
861989,0
861990,58
861991,0
861992,0
861993,0
861994,0
861995,0
861996,31
861997,0
861998,14
861999,0
862000,0
862001,0
862002,0
862003,0
862004,18
862005,0
862006,0
862007,61
862008,0
862009,0
862010,23
862011,0
862012,0
862013,0
862014,28
862015,0
862016,0
862017,0
862018,46
862019,0
862020,0
862021,0
862022,17
862023,0
862024,0
862025,0
862026,19
862027,0
862028,0
862029,0
862030,0
862031,0
862032,13
862033,0
862034,0
862035,0
862036,0
862037,0
862038,0
862039,0
862040,0
862041,0
862042,39
862043,0
862044,0
862045,0
862046,25
862047,0
862048,0
862049,0
862050,43
862051,0
862052,0
862053,55
862054,0
862055,0
862056,0
862057,0
862058,0
862059,0
862060,34
862061,0
862062,0
862063,0
862064,0
862065,0
862066,0
862067,41
862068,0
862069,0
862070,0
862071,0
862072,57
862073,0
862074,0
862075,0
862076,13
862077,0
862078,0
862079,10
862080,0
862081,0
862082,0
862083,0
862084,0
862085,50
862086,0
862087,0
862088,0
862089,0
862090,0
862091,43
862092,31
862093,0
862094,0
862095,0
862096,0
862097,0
862098,0
862099,0
862100,18
862101,0
862102,0
862103,32
862104,27
862105,0
862106,0
862107,17
862108,0
862109,0
862110,0
862111,0
862112,0
862113,0
862114,0
862115,15
862116,0
862117,0
862118,0
862119,20
862120,0
862121,0
862122,0
862123,0
862124,0
862125,34
862126,0
862127,0
862128,0
862129,0
862130,64
862131,0
862132,0
862133,35
862134,0
862135,0
862136,0
862137,24
862138,0
862139,0
862140,0
862141,0
862142,0
862143,0
862144,0
862145,17
862146,0
862147,0
862148,31
862149,67
862150,0
862151,0
862152,52
862153,0
862154,0
862155,32
862156,0
862157,10
862158,0
862159,0
862160,0
862161,51
862162,0
862163,0
862164,0
862165,0
862166,0
862167,52
862168,0
862169,0
862170,0
862171,0
862172,99
862173,0
862174,36
862175,0
862176,16
862177,0
862178,0
862179,0
862180,0
862181,28
862182,0
862183,52
862184,0
862185,0
862186,0
862187,0
862188,11
862189,0
862190,0
862191,0
862192,0
862193,0
862194,0
862195,0
862196,0
862197,23
862198,0
862199,0
862200,0
862201,0
862202,0
862203,0
862204,0
862205,0
862206,0
862207,0
862208,0
862209,0
862210,0
862211,0
862212,0
862213,0
862214,6
862215,0
862216,4
862217,0
862218,0
862219,0
862220,0
862221,0
862222,0
862223,3
862224,0
862225,5
862226,0
862227,0
862228,0
862229,0
862230,0
862231,0
862232,0
862233,0
862234,0
862235,4
862236,0
862237,4
862238,0
862239,0
862240,0
862241,0
862242,0
862243,0
862244,7
862245,0
862246,0
862247,0
862248,0
862249,0
862250,0
862251,3
862252,0
862253,9
862254,0
862255,0
862256,0
862257,6
862258,0
862259,0
862260,0
862261,0
862262,0
862263,0
862264,5
862265,0
862266,5
862267,0
862268,0
862269,4
862270,11
862271,0
862272,7
862273,0
862274,0
862275,0
862276,0
862277,0
862278,0
862279,0
862280,9
862281,0
862282,0
862283,0
862284,0
862285,0
862286,0
862287,0
862288,10
862289,5
862290,3
862291,9
862292,0
862293,0
862294,8
862295,10
862296,0
862297,0
862298,0
862299,0
862300,0
862301,0
862302,3
862303,0
862304,0
862305,0
862306,0
862307,0
862308,0
862309,6
862310,0
862311,3
862312,0
862313,0
862314,0
862315,8
862316,6
862317,0
862318,0
862319,0
862320,0
862321,0
862322,4
862323,0
862324,0
862325,0
862326,0
862327,0
862328,0
862329,0
862330,0
862331,0
862332,0
862333,0
862334,3
862335,0
862336,0
862337,5
862338,0
862339,0
862340,6
862341,9
862342,0
862343,0
862344,0
862345,0
862346,6
862347,3
862348,0
862349,0
862350,0
862351,0
862352,0
862353,0
862354,0
862355,0
862356,0
862357,0
862358,0
862359,0
862360,12
862361,0
862362,0
862363,0
862364,0
862365,0
862366,0
862367,0
862368,0
862369,0
862370,0
862371,0
862372,0
862373,0
862374,0
862375,11
862376,0
862377,0
862378,0
862379,0
862380,0
862381,0
862382,0
862383,7
862384,0
862385,3
862386,0
862387,0
862388,0
862389,4
862390,11
862391,0
862392,0
862393,0
862394,0
862395,0
862396,0
862397,6
862398,14
862399,0
862400,0
862401,0
862402,0
862403,0
862404,11
862405,0
862406,0
862407,3
862408,0
862409,5
862410,0
862411,0
862412,0
862413,4
862414,4
862415,0
862416,0
862417,3
862418,1
862419,0
862420,0
862421,0
862422,0
862423,0
862424,0
862425,0
862426,0
862427,0
862428,6
862429,14
862430,0
862431,0
862432,0
862433,0
862434,0
862435,18
862436,0
862437,0
862438,0
862439,0
862440,0
862441,0
862442,0
862443,7
862444,22
862445,0
862446,0
862447,0
862448,0
862449,10
862450,0
862451,19
862452,0
862453,22
862454,0
862455,0
862456,17
862457,0
862458,0
862459,15
862460,0
862461,0
862462,0
862463,15
862464,15
862465,0
862466,0
862467,12
862468,0
862469,0
862470,0
862471,0
862472,0
862473,12
862474,0
862475,8
862476,0
862477,0
862478,19
862479,0
862480,21
862481,0
862482,15
862483,0
862484,0
862485,0
862486,16
862487,0
862488,0
862489,0
862490,0
862491,0
862492,0
862493,0
862494,0
862495,20
862496,17
862497,0
862498,0
862499,17
862500,0
862501,0
862502,19
862503,0
862504,0
862505,0
862506,0
862507,25
862508,0
862509,14
862510,0
862511,0
862512,0
862513,0
862514,0
862515,0
862516,0
862517,0
862518,0
862519,13
862520,0
862521,0
862522,26
862523,11
862524,0
862525,11
862526,0
862527,11
862528,12
862529,0
862530,0
862531,0
862532,0
862533,11
862534,0
862535,0
862536,0
862537,0
862538,0
862539,0
862540,0
862541,0
862542,0
862543,0
862544,23
862545,0
862546,14
862547,0
862548,0
862549,0
862550,16
862551,21
862552,24
862553,0
862554,0
862555,0
862556,0
862557,17
862558,0
862559,12
862560,0
862561,13
862562,0
862563,0
862564,0
862565,8
862566,0
862567,0
862568,0
862569,0
862570,0
862571,0
862572,0
862573,0
862574,0
862575,0
862576,18
862577,0
862578,0
862579,0
862580,9
862581,12
862582,0
862583,0
862584,0
862585,12
862586,0
862587,0
862588,0
862589,0
862590,0
862591,11
862592,28
862593,15
862594,0
862595,0
862596,0
862597,0
862598,0
862599,0
862600,0
862601,8
862602,22
862603,15
862604,0
862605,14
862606,0
862607,0
862608,11
862609,0
862610,0
862611,17
862612,0
862613,0
862614,0
862615,0
862616,0
862617,0
862618,0
862619,0
862620,0
862621,0
862622,0
862623,14
862624,0
862625,0
862626,0
862627,0
862628,0
862629,3
862630,0
862631,0
862632,0
862633,0
862634,0
862635,10
862636,15
862637,0
862638,0
862639,13
862640,20
862641,0
862642,0
862643,17
862644,0
862645,0
862646,15
862647,0
862648,0
862649,0
862650,14
862651,28
862652,0
862653,0
862654,0
862655,0
862656,0
862657,0
862658,0
862659,0
862660,5
862661,0
862662,21
862663,12
862664,0
862665,0
862666,0
862667,0
862668,0
862669,0
862670,0
862671,0
862672,0
862673,0
862674,0
862675,16
862676,0
862677,0
862678,11
862679,0
862680,0
862681,0
862682,0
862683,13
862684,14
862685,0
862686,0
862687,0
862688,0
862689,0
862690,0
862691,0
862692,0
862693,0
862694,0
862695,1
862696,0
862697,3
862698,2
862699,3
862700,0
862701,0
862702,0
862703,0
862704,0
862705,0
862706,0
862707,0
862708,0
862709,0
862710,0
862711,0
862712,0
862713,0
862714,0
862715,0
862716,2
862717,0
862718,0
862719,0
862720,0
862721,2
862722,0
862723,0
862724,0
862725,0
862726,0
862727,0
862728,0
862729,0
862730,0
862731,0
862732,0
862733,5
862734,0
862735,1
862736,4
862737,3
862738,0
862739,3
862740,0
862741,1
862742,0
862743,0
862744,0
862745,1
862746,0
862747,0
862748,0
862749,0
862750,0
862751,0
862752,0
862753,0
862754,0
862755,3
862756,0
862757,0
862758,0
862759,0
862760,0
862761,0
862762,2
862763,0
862764,0
862765,0
862766,0
862767,0
862768,0
862769,0
862770,0
862771,0
862772,0
862773,0
862774,0
862775,0
862776,0
862777,0
862778,0
862779,2
862780,0
862781,1
862782,0
862783,0
862784,0
862785,0
862786,0
862787,0
862788,2
862789,0
862790,3
862791,0
862792,0
862793,0
862794,0
862795,0
862796,3
862797,0
862798,0
862799,1
862800,0
862801,1
862802,0
862803,0
862804,0
862805,2
862806,0
862807,0
862808,0
862809,1
862810,0
862811,0
862812,0
862813,2
862814,1
862815,0
862816,0
862817,0
862818,0
862819,0
862820,0
862821,2
862822,0
862823,0
862824,0
862825,0
862826,0
862827,0
862828,0
862829,2
862830,0
862831,2
862832,4
862833,0
862834,0
862835,0
862836,0
862837,6
862838,0
862839,1
862840,0
862841,0
862842,4
862843,0
862844,2
862845,2
862846,0
862847,4
862848,0
862849,0
862850,0
862851,0
862852,0
862853,0
862854,0
862855,0
862856,0
862857,0
862858,1
862859,0
862860,0
862861,0
862862,0
862863,0
862864,1
862865,3
862866,0
862867,0
862868,3
862869,3
862870,0
862871,0
862872,0
862873,2
862874,0
862875,0
862876,0
862877,0
862878,0
862879,1
862880,0
862881,0
862882,0
862883,2
862884,0
862885,0
862886,0
862887,3
862888,3
862889,0
862890,0
862891,0
862892,0
862893,0
862894,0
862895,1
862896,0
862897,0
862898,0
862899,0
862900,0
862901,0
862902,0
862903,0
862904,0
862905,0
862906,3
862907,3
862908,2
862909,0
862910,0
862911,0
862912,0
862913,1
862914,0
862915,0
862916,0
862917,3
862918,0
862919,0
862920,0
862921,0
862922,0
862923,0
862924,0
862925,0
862926,0
862927,0
862928,0
862929,0
862930,0
862931,0
862932,0
862933,0
862934,0
862935,0
862936,0
862937,1
862938,0
862939,0
862940,0
862941,0
862942,0
862943,0
862944,0
862945,1
862946,0
862947,0
862948,0
862949,0
862950,0
862951,0
862952,2
862953,1
862954,2
862955,0
862956,0
862957,1
862958,0
862959,0
862960,0
862961,0
862962,0
862963,1
862964,1
862965,0
862966,3
862967,0
862968,0
862969,0
862970,0
862971,1
862972,2
862973,0
862974,4
862975,0
862976,0
862977,3
862978,0
862979,0
862980,0
862981,0
862982,0
862983,0
862984,0
862985,0
862986,0
862987,0
862988,0
862989,2
862990,2
862991,0
862992,0
862993,0
862994,0
862995,0
862996,0
862997,0
862998,0
862999,0
863000,3
863001,0
863002,0
863003,0
863004,4
863005,0
863006,0
863007,0
863008,0
863009,2
863010,0
863011,0
863012,0
863013,0
863014,0
863015,0
863016,1
863017,3
863018,0
863019,0
863020,0
863021,0
863022,0
863023,0
863024,7
863025,0
863026,0
863027,0
863028,0
863029,0
863030,0
863031,0
863032,0
863033,0
863034,2
863035,1
863036,1
863037,0
863038,0
863039,4
863040,0
863041,0
863042,3
863043,0
863044,1
863045,0
863046,0
863047,0
863048,0
863049,0
863050,0
863051,0
863052,0
863053,1
863054,0
863055,0
863056,0
863057,0
863058,0
863059,0
863060,0
863061,1
863062,0
863063,0
863064,0
863065,0
863066,0
863067,4
863068,0
863069,0
863070,1
863071,0
863072,0
863073,0
863074,0
863075,0
863076,0
863077,0
863078,0
863079,2
863080,0
863081,0
863082,0
863083,0
863084,2
863085,0
863086,0
863087,0
863088,2
863089,0
863090,0
863091,0
863092,0
863093,0
863094,0
863095,0
863096,0
863097,0
863098,1
863099,0
863100,1
863101,0
863102,0
863103,0
863104,0
863105,0
863106,2
863107,0
863108,1
863109,0
863110,0
863111,0
863112,0
863113,0
863114,0
863115,3
863116,0
863117,0
863118,0
863119,0
863120,0
863121,0
863122,0
863123,0
863124,0
863125,0
863126,0
863127,0
863128,0
863129,0
863130,0
863131,0
863132,0
863133,0
863134,0
863135,0
863136,0
863137,0
863138,11
863139,0
863140,0
863141,0
863142,0
863143,0
863144,0
863145,0
863146,0
863147,0
863148,7
863149,0
863150,0
863151,0
863152,0
863153,0
863154,0
863155,0
863156,0
863157,0
863158,0
863159,0
863160,0
863161,0
863162,0
863163,0
863164,0
863165,14
863166,0
863167,0
863168,3
863169,0
863170,0
863171,0
863172,0
863173,0
863174,0
863175,0
863176,0
863177,0
863178,0
863179,0
863180,0
863181,0
863182,0
863183,0
863184,4
863185,4
863186,0
863187,10
863188,0
863189,0
863190,0
863191,8
863192,0
863193,0
863194,0
863195,0
863196,0
863197,0
863198,0
863199,0
863200,0
863201,0
863202,0
863203,0
863204,0
863205,0
863206,0
863207,0
863208,9
863209,0
863210,0
863211,0
863212,3
863213,0
863214,0
863215,9
863216,0
863217,0
863218,0
863219,0
863220,0
863221,0
863222,0
863223,0
863224,0
863225,0
863226,0
863227,0
863228,0
863229,0
863230,0
863231,0
863232,0
863233,0
863234,14
863235,0
863236,0
863237,0
863238,0
863239,0
863240,0
863241,0
863242,0
863243,0
863244,0
863245,0
863246,8
863247,0
863248,0
863249,0
863250,0
863251,0
863252,0
863253,0
863254,0
863255,0
863256,0
863257,0
863258,0
863259,0
863260,0
863261,4
863262,3
863263,0
863264,0
863265,0
863266,0
863267,0
863268,0
863269,0
863270,0
863271,0
863272,0
863273,0
863274,0
863275,0
863276,0
863277,0
863278,0
863279,0
863280,0
863281,0
863282,2
863283,0
863284,0
863285,0
863286,0
863287,0
863288,0
863289,0
863290,0
863291,0
863292,0
863293,0
863294,0
863295,0
863296,9
863297,0
863298,0
863299,0
863300,0
863301,0
863302,0
863303,0
863304,0
863305,0
863306,0
863307,0
863308,0
863309,0
863310,10
863311,0
863312,0
863313,0
863314,0
863315,0
863316,0
863317,0
863318,0
863319,0
863320,0
863321,0
863322,0
863323,0
863324,0
863325,0
863326,0
863327,0
863328,10
863329,0
863330,0
863331,0
863332,3
863333,7
863334,11
863335,0
863336,0
863337,0
863338,0
863339,0
863340,0
863341,0
863342,0
863343,0
863344,0
863345,0
863346,4
863347,0
863348,7
863349,0
863350,0
863351,0
863352,0
863353,0
863354,0
863355,0
863356,0
863357,0
863358,0
863359,0
863360,0
863361,0
863362,0
863363,0
863364,10
863365,0
863366,0
863367,0
863368,0
863369,0
863370,0
863371,0
863372,0
863373,0
863374,0
863375,0
863376,0
863377,0
863378,0
863379,0
863380,0
863381,0
863382,0
863383,0
863384,0
863385,0
863386,0
863387,0
863388,0
863389,0
863390,0
863391,0
863392,0
863393,0
863394,0
863395,0
863396,0
863397,0
863398,0
863399,0
863400,0
863401,0
863402,0
863403,0
863404,0
863405,0
863406,0
863407,7
863408,5
863409,0
863410,0
863411,0
863412,0
863413,0
863414,0
863415,3
863416,0
863417,0
863418,0
863419,5
863420,0
863421,0
863422,0
863423,0
863424,0
863425,0
863426,0
863427,0
863428,0
863429,0
863430,0
863431,9
863432,0
863433,0
863434,0
863435,0
863436,0
863437,0
863438,0
863439,0
863440,0
863441,2
863442,0
863443,0
863444,7
863445,0
863446,0
863447,0
863448,9
863449,0
863450,0
863451,0
863452,0
863453,0
863454,0
863455,10
863456,0
863457,0
863458,0
863459,0
863460,0
863461,0
863462,0
863463,0
863464,0
863465,0
863466,0
863467,0
863468,0
863469,0
863470,0
863471,0
863472,0
863473,0
863474,0
863475,0
863476,0
863477,0
863478,0
863479,5
863480,0
863481,0
863482,0
863483,0
863484,4
863485,0
863486,0
863487,0
863488,0
863489,0
863490,0
863491,0
863492,0
863493,0
863494,0
863495,0
863496,0
863497,0
863498,0
863499,0
863500,0
863501,0
863502,0
863503,3
863504,0
863505,0
863506,0
863507,0
863508,0
863509,0
863510,0
863511,0
863512,0
863513,0
863514,0
863515,0
863516,0
863517,0
863518,13
863519,0
863520,0
863521,0
863522,0
863523,0
863524,0
863525,0
863526,0
863527,0
863528,0
863529,0
863530,0
863531,0
863532,0
863533,0
863534,0
863535,0
863536,0
863537,0
863538,0
863539,0
863540,0
863541,0
863542,0
863543,0
863544,0
863545,0
863546,0
863547,0
863548,0
863549,0
863550,0
863551,0
863552,0
863553,0
863554,0
863555,0
863556,0
863557,0
863558,0
863559,0
863560,0
863561,0
863562,4
863563,0
863564,0
863565,6
863566,0
863567,0
863568,0
863569,0
863570,0
863571,0
863572,0
863573,0
863574,0
863575,0
863576,0
863577,0
863578,1
863579,0
863580,0
863581,0
863582,0
863583,0
863584,0
863585,0
863586,0
863587,0
863588,0
863589,0
863590,0
863591,0
863592,0
863593,0
863594,0
863595,0
863596,0
863597,0
863598,0
863599,0
863600,0
863601,0
863602,0
863603,0
863604,0
863605,0
863606,2
863607,0
863608,0
863609,5
863610,0
863611,0
863612,0
863613,0
863614,0
863615,0
863616,0
863617,0
863618,0
863619,0
863620,0
863621,12
863622,0
863623,0
863624,0
863625,3
863626,0
863627,0
863628,0
863629,0
863630,0
863631,0
863632,0
863633,0
863634,0
863635,2
863636,0
863637,0
863638,0
863639,0
863640,0
863641,0
863642,0
863643,0
863644,0
863645,0
863646,5
863647,0
863648,0
863649,0
863650,0
863651,0
863652,0
863653,0
863654,0
863655,0
863656,0
863657,0
863658,0
863659,0
863660,0
863661,0
863662,0
863663,0
863664,0
863665,0
863666,0
863667,0
863668,0
863669,5
863670,0
863671,0
863672,0
863673,0
863674,0
863675,0
863676,0
863677,0
863678,0
863679,11
863680,0
863681,0
863682,0
863683,0
863684,0
863685,0
863686,0
863687,0
863688,0
863689,0
863690,0
863691,0
863692,0
863693,0
863694,0
863695,0
863696,0
863697,0
863698,0
863699,0
863700,0
863701,0
863702,0
863703,0
863704,0
863705,0
863706,0
863707,0
863708,0
863709,0
863710,0
863711,0
863712,12
863713,0
863714,0
863715,0
863716,0
863717,0
863718,0
863719,0
863720,0
863721,10
863722,4
863723,0
863724,0
863725,0
863726,0
863727,0
863728,0
863729,0
863730,4
863731,3
863732,0
863733,0
863734,0
863735,0
863736,0
863737,0
863738,0
863739,0
863740,0
863741,0
863742,0
863743,0
863744,0
863745,0
863746,0
863747,0
863748,0
863749,0
863750,0
863751,0
863752,9
863753,0
863754,0
863755,0
863756,15
863757,0
863758,0
863759,0
863760,0
863761,0
863762,0
863763,0
863764,0
863765,0
863766,0
863767,0
863768,0
863769,0
863770,0
863771,0
863772,0
863773,0
863774,0
863775,0
863776,0
863777,0
863778,0
863779,0
863780,0
863781,0
863782,7
863783,0
863784,0
863785,0
863786,0
863787,0
863788,0
863789,0
863790,0
863791,0
863792,0
863793,0
863794,0
863795,0
863796,0
863797,0
863798,0
863799,0
863800,0
863801,0
863802,0
863803,0
863804,0
863805,0
863806,0
863807,0
863808,0
863809,0
863810,0
863811,0
863812,0
863813,0
863814,0
863815,0
863816,0
863817,0
863818,0
863819,0
863820,0
863821,0
863822,0
863823,0
863824,0
863825,0
863826,0
863827,0
863828,0
863829,0
863830,0
863831,0
863832,0
863833,0
863834,0
863835,0
863836,0
863837,0
863838,0
863839,0
863840,0
863841,0
863842,0
863843,0
863844,0
863845,0
863846,0
863847,0
863848,0
863849,0
863850,0
863851,0
863852,0
863853,0
863854,0
863855,0
863856,0
863857,0
863858,0
863859,0
863860,0
863861,0
863862,0
863863,0
863864,0
863865,0
863866,0
863867,5
863868,0
863869,0
863870,0
863871,0
863872,0
863873,0
863874,0
863875,6
863876,0
863877,0
863878,0
863879,0
863880,0
863881,0
863882,0
863883,0
863884,0
863885,0
863886,0
863887,10
863888,0
863889,0
863890,0
863891,0
863892,0
863893,0
863894,0
863895,0
863896,6
863897,0
863898,0
863899,0
863900,0
863901,0
863902,0
863903,0
863904,0
863905,0
863906,0
863907,0
863908,0
863909,0
863910,0
863911,0
863912,0
863913,0
863914,0
863915,0
863916,0
863917,0
863918,0
863919,0
863920,0
863921,0
863922,0
863923,0
863924,0
863925,0
863926,0
863927,0
863928,0
863929,0
863930,0
863931,0
863932,0
863933,0
863934,0
863935,0
863936,0
863937,0
863938,0
863939,0
863940,0
863941,0
863942,0
863943,0
863944,0
863945,0
863946,0
863947,0
863948,0
863949,0
863950,0
863951,0
863952,0
863953,0
863954,0
863955,0
863956,0
863957,0
863958,0
863959,0
863960,0
863961,0
863962,0
863963,0
863964,0
863965,0
863966,0
863967,0
863968,0
863969,0
863970,0
863971,0
863972,0
863973,0
863974,0
863975,9
863976,0
863977,0
863978,0
863979,0
863980,0
863981,0
863982,0
863983,0
863984,0
863985,0
863986,0
863987,0
863988,0
863989,0
863990,0
863991,0
863992,0
863993,0
863994,0
863995,0
863996,0
863997,0
863998,0
863999,0
864000,0
864001,0
864002,0
864003,0
864004,0
864005,0
864006,0
864007,0
864008,0
864009,0
864010,0
864011,0
864012,0
864013,0
864014,0
864015,0
864016,0
864017,0
864018,0
864019,0
864020,0
864021,0
864022,0
864023,0
864024,0
864025,0
864026,0
864027,0
864028,0
864029,0
864030,0
864031,0
864032,0
864033,0
864034,0
864035,0
864036,0
864037,0
864038,0
864039,0
864040,0
864041,0
864042,0
864043,0
864044,0
864045,0
864046,0
864047,0
864048,0
864049,0
864050,0
864051,0
864052,0
864053,0
864054,0
864055,0
864056,0
864057,0
864058,0
864059,0
864060,0
864061,0
864062,0
864063,0
864064,0
864065,0
864066,0
864067,0
864068,0
864069,0
864070,0
864071,0
864072,0
864073,0
864074,0
864075,0
864076,0
864077,0
864078,0
864079,0
864080,0
864081,0
864082,0
864083,0
864084,0
864085,0
864086,0
864087,0
864088,0
864089,0
864090,0
864091,0
864092,0
864093,0
864094,0
864095,0
864096,0
864097,0
864098,0
864099,0
864100,0
864101,0
864102,0
864103,0
864104,0
864105,0
864106,0
864107,0
864108,0
864109,0
864110,0
864111,0
864112,0
864113,0
864114,0
864115,0
864116,0
864117,0
864118,0
864119,0
864120,0
864121,0
864122,0
864123,0
864124,0
864125,0
864126,0
864127,0
864128,0
864129,0
864130,0
864131,0
864132,0
864133,0
864134,0
864135,0
864136,0
864137,0
864138,0
864139,0
864140,0
864141,0
864142,0
864143,0
864144,0
864145,0
864146,0
864147,0
864148,0
864149,0
864150,0
864151,0
864152,0
864153,0
864154,0
864155,0
864156,0
864157,0
864158,0
864159,0
864160,0
864161,0
864162,0
864163,0
864164,0
864165,0
864166,0
864167,0
864168,0
864169,0
864170,0
864171,0
864172,0
864173,0
864174,0
864175,0
864176,0
864177,0
864178,7
864179,0
864180,0
864181,0
864182,0
864183,0
864184,0
864185,0
864186,0
864187,0
864188,0
864189,0
864190,0
864191,0
864192,0
864193,0
864194,0
864195,0
864196,0
864197,0
864198,0
864199,0
864200,0
864201,11
864202,0
864203,0
864204,0
864205,0
864206,0
864207,0
864208,0
864209,0
864210,0
864211,0
864212,0
864213,0
864214,0
864215,0
864216,0
864217,0
864218,0
864219,0
864220,0
864221,0
864222,0
864223,0
864224,0
864225,0
864226,0
864227,0
864228,0
864229,0
864230,0
864231,2
864232,0
864233,0
864234,0
864235,0
864236,0
864237,0
864238,0
864239,0
864240,0
864241,0
864242,0
864243,0
864244,0
864245,0
864246,0
864247,0
864248,0
864249,0
864250,13
864251,0
864252,0
864253,0
864254,0
864255,0
864256,0
864257,0
864258,0
864259,0
864260,0
864261,0
864262,0
864263,0
864264,0
864265,0
864266,5
864267,0
864268,7
864269,0
864270,0
864271,0
864272,8
864273,0
864274,0
864275,0
864276,0
864277,0
864278,0
864279,0
864280,0
864281,0
864282,0
864283,0
864284,0
864285,0
864286,0
864287,0
864288,0
864289,0
864290,0
864291,0
864292,0
864293,0
864294,0
864295,0
864296,0
864297,0
864298,0
864299,0
864300,0
864301,0
864302,0
864303,0
864304,0
864305,0
864306,0
864307,0
864308,0
864309,0
864310,0
864311,0
864312,0
864313,0
864314,0
864315,0
864316,0
864317,0
864318,0
864319,9
864320,0
864321,0
864322,0
864323,18
864324,0
864325,12
864326,0
864327,0
864328,0
864329,0
864330,0
864331,0
864332,0
864333,8
864334,0
864335,0
864336,0
864337,0
864338,0
864339,0
864340,0
864341,0
864342,0
864343,0
864344,0
864345,0
864346,0
864347,0
864348,0
864349,0
864350,0
864351,0
864352,0
864353,0
864354,0
864355,0
864356,0
864357,0
864358,0
864359,0
864360,0
864361,0
864362,18
864363,0
864364,0
864365,0
864366,0
864367,0
864368,0
864369,0
864370,0
864371,0
864372,0
864373,0
864374,0
864375,0
864376,0
864377,0
864378,0
864379,0
864380,0
864381,0
864382,0
864383,0
864384,0
864385,0
864386,0
864387,0
864388,0
864389,0
864390,0
864391,0
864392,0
864393,0
864394,0
864395,9
864396,0
864397,0
864398,0
864399,0
864400,0
864401,0
864402,0
864403,0
864404,0
864405,0
864406,0
864407,0
864408,0
864409,0
864410,0
864411,0
864412,0
864413,0
864414,0
864415,0
864416,0
864417,0
864418,0
864419,0
864420,0
864421,0
864422,0
864423,0
864424,0
864425,0
864426,0
864427,0
864428,0
864429,0
864430,0
864431,0
864432,0
864433,5
864434,0
864435,0
864436,0
864437,0
864438,11
864439,0
864440,0
864441,0
864442,0
864443,0
864444,0
864445,0
864446,9
864447,0
864448,0
864449,0
864450,15
864451,0
864452,0
864453,0
864454,0
864455,0
864456,0
864457,0
864458,0
864459,0
864460,0
864461,0
864462,0
864463,0
864464,0
864465,0
864466,0
864467,0
864468,0
864469,0
864470,0
864471,0
864472,0
864473,0
864474,0
864475,0
864476,10
864477,0
864478,0
864479,0
864480,0
864481,0
864482,0
864483,0
864484,0
864485,0
864486,0
864487,0
864488,11
864489,0
864490,0
864491,0
864492,0
864493,0
864494,0
864495,0
864496,0
864497,0
864498,0
864499,0
864500,0
864501,0
864502,0
864503,0
864504,0
864505,0
864506,0
864507,0
864508,0
864509,8
864510,0
864511,0
864512,0
864513,0
864514,0
864515,5
864516,13
864517,0
864518,0
864519,9
864520,0
864521,0
864522,0
864523,0
864524,0
864525,0
864526,8
864527,0
864528,0
864529,0
864530,0
864531,0
864532,0
864533,0
864534,0
864535,0
864536,0
864537,0
864538,0
864539,0
864540,0
864541,0
864542,0
864543,0
864544,9
864545,0
864546,0
864547,0
864548,0
864549,0
864550,0
864551,0
864552,0
864553,0
864554,6
864555,0
864556,0
864557,17
864558,0
864559,0
864560,0
864561,0
864562,0
864563,0
864564,0
864565,0
864566,0
864567,0
864568,0
864569,0
864570,0
864571,19
864572,0
864573,0
864574,0
864575,0
864576,0
864577,0
864578,0
864579,0
864580,0
864581,0
864582,0
864583,0
864584,0
864585,0
864586,0
864587,0
864588,0
864589,16
864590,0
864591,0
864592,0
864593,5
864594,0
864595,0
864596,0
864597,0
864598,0
864599,0
864600,0
864601,0
864602,0
864603,0
864604,0
864605,0
864606,0
864607,0
864608,0
864609,0
864610,0
864611,0
864612,0
864613,0
864614,0
864615,0
864616,0
864617,0
864618,0
864619,0
864620,0
864621,0
864622,0
864623,0
864624,0
864625,0
864626,0
864627,0
864628,0
864629,0
864630,0
864631,0
864632,0
864633,0
864634,0
864635,0
864636,0
864637,0
864638,0
864639,0
864640,0
864641,0
864642,0
864643,0
864644,0
864645,0
864646,0
864647,0
864648,0
864649,0
864650,0
864651,0
864652,0
864653,0
864654,0
864655,0
864656,0
864657,0
864658,0
864659,0
864660,0
864661,0
864662,0
864663,0
864664,12
864665,0
864666,0
864667,0
864668,0
864669,0
864670,0
864671,0
864672,17
864673,0
864674,0
864675,0
864676,0
864677,0
864678,0
864679,0
864680,0
864681,9
864682,0
864683,0
864684,0
864685,0
864686,0
864687,0
864688,0
864689,0
864690,0
864691,0
864692,0
864693,0
864694,0
864695,0
864696,0
864697,0
864698,0
864699,0
864700,0
864701,0
864702,0
864703,0
864704,0
864705,0
864706,0
864707,0
864708,0
864709,17
864710,0
864711,0
864712,0
864713,0
864714,0
864715,0
864716,0
864717,0
864718,0
864719,0
864720,33
864721,0
864722,0
864723,0
864724,32
864725,0
864726,0
864727,0
864728,0
864729,32
864730,0
864731,0
864732,0
864733,0
864734,0
864735,0
864736,0
864737,0
864738,0
864739,0
864740,0
864741,0
864742,31
864743,27
864744,0
864745,25
864746,0
864747,0
864748,0
864749,20
864750,0
864751,27
864752,0
864753,26
864754,34
864755,41
864756,0
864757,0
864758,0
864759,0
864760,0
864761,0
864762,0
864763,0
864764,0
864765,27
864766,0
864767,19
864768,0
864769,0
864770,0
864771,0
864772,0
864773,0
864774,33
864775,0
864776,0
864777,15
864778,0
864779,0
864780,0
864781,0
864782,30
864783,0
864784,29
864785,0
864786,37
864787,0
864788,0
864789,30
864790,0
864791,0
864792,0
864793,0
864794,0
864795,21
864796,33
864797,0
864798,0
864799,42
864800,49
864801,0
864802,17
864803,0
864804,0
864805,34
864806,0
864807,0
864808,0
864809,0
864810,0
864811,0
864812,21
864813,0
864814,0
864815,0
864816,0
864817,0
864818,0
864819,0
864820,0
864821,0
864822,0
864823,51
864824,0
864825,0
864826,0
864827,0
864828,24
864829,0
864830,0
864831,37
864832,0
864833,0
864834,0
864835,0
864836,0
864837,0
864838,0
864839,0
864840,0
864841,39
864842,0
864843,0
864844,0
864845,0
864846,0
864847,42
864848,0
864849,0
864850,0
864851,20
864852,0
864853,0
864854,29
864855,0
864856,0
864857,0
864858,0
864859,0
864860,29
864861,0
864862,0
864863,31
864864,26
864865,0
864866,0
864867,0
864868,0
864869,0
864870,0
864871,28
864872,18
864873,0
864874,0
864875,0
864876,0
864877,20
864878,0
864879,15
864880,0
864881,0
864882,0
864883,0
864884,0
864885,0
864886,0
864887,0
864888,0
864889,0
864890,0
864891,0
864892,0
864893,41
864894,42
864895,0
864896,0
864897,0
864898,0
864899,0
864900,0
864901,0
864902,34
864903,0
864904,0
864905,0
864906,0
864907,0
864908,0
864909,0
864910,0
864911,29
864912,0
864913,0
864914,0
864915,0
864916,0
864917,0
864918,0
864919,0
864920,0
864921,0
864922,0
864923,0
864924,0
864925,0
864926,37
864927,0
864928,0
864929,0
864930,0
864931,0
864932,0
864933,0
864934,0
864935,0
864936,0
864937,0
864938,0
864939,0
864940,0
864941,0
864942,0
864943,0
864944,0
864945,0
864946,0
864947,0
864948,0
864949,28
864950,0
864951,0
864952,0
864953,0
864954,0
864955,0
864956,0
864957,0
864958,0
864959,0
864960,0
864961,0
864962,0
864963,0
864964,0
864965,0
864966,0
864967,0
864968,0
864969,0
864970,0
864971,0
864972,0
864973,0
864974,0
864975,0
864976,0
864977,0
864978,0
864979,0
864980,0
864981,0
864982,0
864983,0
864984,0
864985,0
864986,0
864987,0
864988,0
864989,18
864990,0
864991,0
864992,0
864993,0
864994,51
864995,25
864996,0
864997,0
864998,22
864999,0
865000,0
865001,0
865002,0
865003,0
865004,0
865005,0
865006,0
865007,0
865008,0
865009,0
865010,0
865011,0
865012,17
865013,0
865014,0
865015,21
865016,0
865017,0
865018,51
865019,0
865020,0
865021,48
865022,0
865023,0
865024,0
865025,0
865026,0
865027,0
865028,0
865029,0
865030,0
865031,0
865032,0
865033,0
865034,0
865035,19
865036,0
865037,0
865038,0
865039,0
865040,0
865041,0
865042,0
865043,0
865044,0
865045,0
865046,12
865047,31
865048,0
865049,0
865050,0
865051,0
865052,0
865053,0
865054,37
865055,0
865056,20
865057,0
865058,0
865059,0
865060,0
865061,0
865062,0
865063,0
865064,0
865065,37
865066,0
865067,8
865068,0
865069,0
865070,0
865071,0
865072,0
865073,0
865074,0
865075,0
865076,0
865077,0
865078,19
865079,26
865080,0
865081,0
865082,0
865083,0
865084,0
865085,0
865086,0
865087,0
865088,0
865089,0
865090,0
865091,0
865092,0
865093,15
865094,0
865095,34
865096,0
865097,0
865098,0
865099,0
865100,0
865101,16
865102,0
865103,0
865104,24
865105,0
865106,27
865107,0
865108,32
865109,0
865110,37
865111,0
865112,0
865113,0
865114,0
865115,0
865116,0
865117,0
865118,0
865119,0
865120,0
865121,0
865122,0
865123,0
865124,0
865125,24
865126,0
865127,0
865128,29
865129,0
865130,0
865131,0
865132,44
865133,0
865134,0
865135,0
865136,0
865137,0
865138,0
865139,17
865140,0
865141,0
865142,0
865143,0
865144,34
865145,0
865146,0
865147,0
865148,0
865149,0
865150,0
865151,0
865152,0
865153,0
865154,38
865155,0
865156,0
865157,0
865158,25
865159,0
865160,0
865161,0
865162,0
865163,26
865164,0
865165,0
865166,0
865167,0
865168,0
865169,0
865170,0
865171,0
865172,0
865173,34
865174,0
865175,0
865176,0
865177,0
865178,0
865179,0
865180,0
865181,0
865182,0
865183,0
865184,0
865185,0
865186,0
865187,0
865188,0
865189,0
865190,0
865191,0
865192,15
865193,0
865194,0
865195,0
865196,0
865197,0
865198,0
865199,0
865200,0
865201,0
865202,0
865203,0
865204,0
865205,10
865206,0
865207,0
865208,0
865209,0
865210,0
865211,0
865212,0
865213,0
865214,43
865215,0
865216,0
865217,47
865218,36
865219,0
865220,0
865221,0
865222,0
865223,0
865224,0
865225,0
865226,0
865227,0
865228,0
865229,0
865230,0
865231,0
865232,0
865233,0
865234,0
865235,0
865236,0
865237,0
865238,0
865239,0
865240,27
865241,30
865242,0
865243,0
865244,0
865245,0
865246,0
865247,0
865248,0
865249,0
865250,0
865251,0
865252,0
865253,0
865254,0
865255,0
865256,0
865257,25
865258,0
865259,0
865260,0
865261,0
865262,0
865263,0
865264,0
865265,0
865266,0
865267,0
865268,0
865269,0
865270,0
865271,0
865272,0
865273,0
865274,31
865275,0
865276,0
865277,0
865278,0
865279,0
865280,0
865281,0
865282,13
865283,0
865284,0
865285,0
865286,24
865287,0
865288,29
865289,0
865290,0
865291,0
865292,0
865293,0
865294,0
865295,0
865296,0
865297,22
865298,0
865299,0
865300,0
865301,0
865302,0
865303,0
865304,0
865305,36
865306,0
865307,33
865308,0
865309,0
865310,0
865311,0
865312,0
865313,0
865314,0
865315,21
865316,0
865317,0
865318,0
865319,0
865320,41
865321,0
865322,0
865323,0
865324,0
865325,0
865326,0
865327,0
865328,0
865329,0
865330,0
865331,0
865332,0
865333,29
865334,0
865335,0
865336,0
865337,0
865338,32
865339,0
865340,0
865341,0
865342,0
865343,0
865344,0
865345,0
865346,0
865347,0
865348,0
865349,0
865350,9
865351,0
865352,0
865353,0
865354,0
865355,0
865356,0
865357,0
865358,0
865359,0
865360,26
865361,0
865362,0
865363,0
865364,0
865365,0
865366,0
865367,0
865368,0
865369,0
865370,0
865371,0
865372,16
865373,0
865374,30
865375,0
865376,0
865377,24
865378,0
865379,0
865380,0
865381,0
865382,0
865383,0
865384,0
865385,0
865386,0
865387,0
865388,0
865389,17
865390,0
865391,0
865392,42
865393,0
865394,0
865395,0
865396,0
865397,0
865398,0
865399,15
865400,0
865401,0
865402,0
865403,0
865404,0
865405,0
865406,0
865407,0
865408,0
865409,0
865410,0
865411,0
865412,45
865413,0
865414,0
865415,0
865416,62
865417,0
865418,0
865419,0
865420,0
865421,0
865422,0
865423,0
865424,0
865425,0
865426,0
865427,0
865428,0
865429,0
865430,0
865431,0
865432,0
865433,0
865434,0
865435,0
865436,0
865437,0
865438,53
865439,0
865440,0
865441,0
865442,34
865443,0
865444,0
865445,23
865446,0
865447,38
865448,0
865449,0
865450,37
865451,0
865452,0
865453,0
865454,27
865455,0
865456,29
865457,26
865458,0
865459,0
865460,0
865461,61
865462,0
865463,0
865464,0
865465,0
865466,23
865467,0
865468,0
865469,0
865470,0
865471,0
865472,15
865473,0
865474,0
865475,0
865476,23
865477,0
865478,0
865479,0
865480,0
865481,0
865482,0
865483,0
865484,0
865485,0
865486,0
865487,0
865488,0
865489,0
865490,0
865491,0
865492,0
865493,0
865494,30
865495,0
865496,0
865497,18
865498,0
865499,0
865500,33
865501,0
865502,17
865503,0
865504,0
865505,0
865506,0
865507,0
865508,0
865509,25
865510,0
865511,0
865512,0
865513,0
865514,0
865515,0
865516,0
865517,33
865518,0
865519,40
865520,0
865521,0
865522,31
865523,0
865524,0
865525,0
865526,0
865527,0
865528,0
865529,26
865530,0
865531,0
865532,0
865533,37
865534,52
865535,0
865536,0
865537,25
865538,36
865539,0
865540,0
865541,27
865542,0
865543,0
865544,0
865545,0
865546,0
865547,0
865548,0
865549,25
865550,0
865551,0
865552,29
865553,31
865554,0
865555,0
865556,0
865557,0
865558,0
865559,0
865560,42
865561,0
865562,25
865563,0
865564,0
865565,0
865566,42
865567,0
865568,0
865569,0
865570,0
865571,0
865572,47
865573,0
865574,0
865575,0
865576,0
865577,0
865578,0
865579,29
865580,0
865581,0
865582,0
865583,42
865584,0
865585,0
865586,0
865587,0
865588,0
865589,0
865590,0
865591,29
865592,0
865593,0
865594,0
865595,0
865596,0
865597,0
865598,0
865599,0
865600,22
865601,0
865602,0
865603,0
865604,0
865605,0
865606,0
865607,0
865608,0
865609,0
865610,26
865611,0
865612,0
865613,0
865614,0
865615,20
865616,0
865617,0
865618,23
865619,0
865620,11
865621,0
865622,0
865623,0
865624,0
865625,0
865626,0
865627,0
865628,0
865629,0
865630,0
865631,0
865632,0
865633,0
865634,36
865635,0
865636,0
865637,0
865638,0
865639,0
865640,0
865641,0
865642,0
865643,0
865644,0
865645,0
865646,0
865647,33
865648,0
865649,0
865650,34
865651,0
865652,0
865653,0
865654,0
865655,0
865656,0
865657,29
865658,0
865659,0
865660,0
865661,0
865662,0
865663,0
865664,0
865665,0
865666,0
865667,27
865668,0
865669,0
865670,0
865671,0
865672,0
865673,0
865674,0
865675,35
865676,0
865677,0
865678,0
865679,25
865680,0
865681,0
865682,0
865683,18
865684,0
865685,0
865686,0
865687,22
865688,0
865689,0
865690,20
865691,0
865692,0
865693,0
865694,0
865695,0
865696,26
865697,0
865698,52
865699,22
865700,0
865701,0
865702,0
865703,23
865704,0
865705,0
865706,0
865707,0
865708,0
865709,0
865710,0
865711,0
865712,0
865713,0
865714,0
865715,0
865716,0
865717,0
865718,0
865719,44
865720,0
865721,0
865722,0
865723,0
865724,0
865725,39
865726,0
865727,0
865728,0
865729,0
865730,0
865731,0
865732,0
865733,0
865734,0
865735,0
865736,0
865737,0
865738,0
865739,0
865740,51
865741,0
865742,0
865743,0
865744,0
865745,39
865746,0
865747,0
865748,0
865749,38
865750,0
865751,67
865752,0
865753,0
865754,18
865755,41
865756,38
865757,28
865758,31
865759,0
865760,49
865761,40
865762,68
865763,0
865764,0
865765,90
865766,0
865767,0
865768,0
865769,0
865770,24
865771,0
865772,0
865773,0
865774,0
865775,0
865776,0
865777,0
865778,0
865779,56
865780,31
865781,0
865782,0
865783,0
865784,34
865785,0
865786,0
865787,0
865788,0
865789,0
865790,0
865791,0
865792,0
865793,0
865794,0
865795,0
865796,0
865797,0
865798,0
865799,0
865800,0
865801,1
865802,0
865803,0
865804,0
865805,0
865806,0
865807,0
865808,0
865809,0
865810,0
865811,2
865812,0
865813,0
865814,0
865815,0
865816,0
865817,0
865818,0
865819,0
865820,0
865821,0
865822,0
865823,0
865824,0
865825,0
865826,0
865827,0
865828,0
865829,0
865830,0
865831,0
865832,2
865833,0
865834,0
865835,0
865836,0
865837,0
865838,0
865839,0
865840,0
865841,0
865842,0
865843,0
865844,2
865845,1
865846,1
865847,0
865848,0
865849,0
865850,1
865851,0
865852,0
865853,3
865854,0
865855,0
865856,0
865857,0
865858,0
865859,0
865860,0
865861,0
865862,0
865863,0
865864,0
865865,0
865866,0
865867,0
865868,0
865869,0
865870,0
865871,0
865872,0
865873,0
865874,0
865875,0
865876,1
865877,0
865878,0
865879,0
865880,0
865881,0
865882,0
865883,0
865884,0
865885,0
865886,0
865887,0
865888,0
865889,0
865890,0
865891,0
865892,0
865893,0
865894,0
865895,0
865896,0
865897,0
865898,0
865899,2
865900,0
865901,1
865902,0
865903,0
865904,0
865905,3
865906,0
865907,0
865908,0
865909,0
865910,0
865911,0
865912,0
865913,0
865914,0
865915,1
865916,0
865917,0
865918,0
865919,0
865920,0
865921,0
865922,0
865923,0
865924,0
865925,0
865926,0
865927,0
865928,1
865929,0
865930,0
865931,0
865932,0
865933,0
865934,1
865935,0
865936,0
865937,0
865938,0
865939,0
865940,0
865941,0
865942,0
865943,0
865944,2
865945,0
865946,0
865947,0
865948,0
865949,0
865950,0
865951,0
865952,0
865953,0
865954,0
865955,0
865956,0
865957,0
865958,0
865959,0
865960,0
865961,0
865962,0
865963,0
865964,0
865965,0
865966,0
865967,0
865968,0
865969,0
865970,0
865971,0
865972,0
865973,0
865974,0
865975,0
865976,0
865977,0
865978,0
865979,0
865980,0
865981,0
865982,0
865983,0
865984,0
865985,0
865986,0
865987,0
865988,0
865989,0
865990,0
865991,0
865992,0
865993,0
865994,0
865995,0
865996,0
865997,0
865998,0
865999,0
866000,0
866001,0
866002,0
866003,0
866004,0
866005,0
866006,0
866007,0
866008,0
866009,0
866010,0
866011,0
866012,0
866013,0
866014,0
866015,0
866016,0
866017,0
866018,0
866019,0
866020,0
866021,0
866022,0
866023,0
866024,0
866025,0
866026,0
866027,0
866028,0
866029,0
866030,0
866031,0
866032,0
866033,0
866034,0
866035,0
866036,0
866037,0
866038,0
866039,0
866040,0
866041,0
866042,0
866043,0
866044,0
866045,0
866046,0
866047,0
866048,0
866049,0
866050,0
866051,0
866052,0
866053,0
866054,0
866055,0
866056,0
866057,0
866058,0
866059,0
866060,0
866061,0
866062,0
866063,0
866064,0
866065,0
866066,0
866067,0
866068,0
866069,0
866070,0
866071,0
866072,0
866073,0
866074,0
866075,0
866076,0
866077,0
866078,0
866079,0
866080,0
866081,0
866082,0
866083,0
866084,0
866085,0
866086,0
866087,0
866088,0
866089,0
866090,0
866091,0
866092,0
866093,0
866094,0
866095,0
866096,0
866097,0
866098,0
866099,0
866100,0
866101,0
866102,0
866103,0
866104,0
866105,0
866106,0
866107,0
866108,0
866109,0
866110,0
866111,0
866112,0
866113,0
866114,0
866115,0
866116,0
866117,0
866118,0
866119,0
866120,0
866121,0
866122,0
866123,0
866124,0
866125,0
866126,0
866127,0
866128,0
866129,0
866130,0
866131,0
866132,0
866133,0
866134,0
866135,0
866136,0
866137,0
866138,0
866139,0
866140,0
866141,0
866142,0
866143,0
866144,0
866145,0
866146,0
866147,0
866148,0
866149,0
866150,0
866151,0
866152,0
866153,0
866154,0
866155,0
866156,0
866157,0
866158,0
866159,0
866160,0
866161,0
866162,0
866163,0
866164,0
866165,0
866166,0
866167,0
866168,0
866169,0
866170,0
866171,0
866172,0
866173,0
866174,0
866175,0
866176,0
866177,0
866178,0
866179,0
866180,5
866181,0
866182,0
866183,0
866184,0
866185,8
866186,0
866187,0
866188,0
866189,0
866190,0
866191,0
866192,0
866193,0
866194,0
866195,0
866196,0
866197,0
866198,7
866199,0
866200,0
866201,4
866202,0
866203,0
866204,0
866205,0
866206,0
866207,4
866208,0
866209,0
866210,0
866211,0
866212,0
866213,4
866214,0
866215,0
866216,6
866217,0
866218,0
866219,0
866220,0
866221,0
866222,5
866223,0
866224,0
866225,1
866226,9
866227,0
866228,0
866229,0
866230,0
866231,0
866232,0
866233,6
866234,0
866235,0
866236,5
866237,0
866238,6
866239,6
866240,0
866241,0
866242,0
866243,0
866244,0
866245,0
866246,0
866247,0
866248,9
866249,0
866250,0
866251,11
866252,6
866253,0
866254,0
866255,0
866256,0
866257,0
866258,0
866259,0
866260,0
866261,0
866262,0
866263,0
866264,0
866265,0
866266,0
866267,0
866268,0
866269,0
866270,0
866271,0
866272,0
866273,9
866274,0
866275,0
866276,4
866277,0
866278,0
866279,0
866280,0
866281,0
866282,0
866283,4
866284,0
866285,0
866286,0
866287,0
866288,0
866289,0
866290,0
866291,0
866292,0
866293,0
866294,8
866295,13
866296,8
866297,0
866298,0
866299,0
866300,0
866301,0
866302,0
866303,0
866304,0
866305,0
866306,0
866307,5
866308,0
866309,0
866310,0
866311,0
866312,0
866313,0
866314,0
866315,0
866316,0
866317,0
866318,5
866319,12
866320,0
866321,0
866322,0
866323,0
866324,0
866325,0
866326,0
866327,0
866328,0
866329,0
866330,0
866331,8
866332,0
866333,0
866334,7
866335,0
866336,0
866337,0
866338,0
866339,0
866340,0
866341,0
866342,2
866343,0
866344,0
866345,0
866346,0
866347,0
866348,0
866349,0
866350,0
866351,0
866352,0
866353,0
866354,0
866355,0
866356,0
866357,0
866358,0
866359,0
866360,0
866361,0
866362,0
866363,0
866364,0
866365,0
866366,0
866367,0
866368,0
866369,0
866370,0
866371,0
866372,0
866373,0
866374,6
866375,0
866376,0
866377,0
866378,0
866379,8
866380,0
866381,7
866382,0
866383,3
866384,0
866385,6
866386,0
866387,0
866388,3
866389,0
866390,3
866391,0
866392,0
866393,9
866394,0
866395,0
866396,0
866397,0
866398,0
866399,6
866400,7
866401,0
866402,0
866403,0
866404,0
866405,0
866406,0
866407,0
866408,0
866409,0
866410,6
866411,0
866412,0
866413,0
866414,0
866415,0
866416,0
866417,0
866418,0
866419,0
866420,0
866421,4
866422,0
866423,0
866424,0
866425,8
866426,0
866427,6
866428,0
866429,0
866430,7
866431,0
866432,0
866433,0
866434,0
866435,0
866436,0
866437,3
866438,0
866439,0
866440,0
866441,0
866442,0
866443,0
866444,0
866445,0
866446,0
866447,0
866448,0
866449,0
866450,0
866451,0
866452,0
866453,0
866454,0
866455,0
866456,0
866457,0
866458,8
866459,0
866460,6
866461,0
866462,0
866463,0
866464,0
866465,0
866466,0
866467,7
866468,0
866469,0
866470,0
866471,0
866472,0
866473,9
866474,0
866475,0
866476,0
866477,5
866478,0
866479,7
866480,0
866481,6
866482,0
866483,0
866484,0
866485,0
866486,0
866487,0
866488,0
866489,10
866490,0
866491,0
866492,0
866493,0
866494,0
866495,0
866496,0
866497,0
866498,0
866499,0
866500,3
866501,2
866502,0
866503,7
866504,0
866505,0
866506,0
866507,0
866508,0
866509,0
866510,0
866511,0
866512,0
866513,0
866514,0
866515,13
866516,0
866517,0
866518,0
866519,0
866520,0
866521,0
866522,0
866523,0
866524,0
866525,0
866526,0
866527,0
866528,0
866529,0
866530,0
866531,0
866532,0
866533,0
866534,0
866535,0
866536,0
866537,0
866538,6
866539,0
866540,0
866541,0
866542,0
866543,0
866544,0
866545,0
866546,0
866547,0
866548,0
866549,0
866550,0
866551,3
866552,5
866553,0
866554,0
866555,0
866556,0
866557,0
866558,0
866559,0
866560,0
866561,0
866562,0
866563,4
866564,0
866565,0
866566,0
866567,8
866568,0
866569,0
866570,0
866571,4
866572,5
866573,0
866574,9
866575,0
866576,6
866577,0
866578,0
866579,5
866580,0
866581,0
866582,0
866583,0
866584,0
866585,5
866586,0
866587,0
866588,0
866589,0
866590,0
866591,0
866592,0
866593,0
866594,9
866595,0
866596,10
866597,0
866598,0
866599,0
866600,0
866601,0
866602,0
866603,0
866604,0
866605,0
866606,0
866607,5
866608,0
866609,5
866610,7
866611,0
866612,0
866613,0
866614,11
866615,0
866616,0
866617,0
866618,0
866619,0
866620,6
866621,0
866622,0
866623,5
866624,0
866625,7
866626,9
866627,0
866628,0
866629,0
866630,0
866631,0
866632,0
866633,0
866634,2
866635,0
866636,0
866637,0
866638,0
866639,0
866640,0
866641,0
866642,6
866643,0
866644,0
866645,0
866646,1
866647,0
866648,0
866649,0
866650,0
866651,0
866652,0
866653,6
866654,0
866655,0
866656,0
866657,0
866658,0
866659,8
866660,0
866661,0
866662,0
866663,7
866664,0
866665,0
866666,0
866667,5
866668,11
866669,0
866670,0
866671,0
866672,4
866673,0
866674,0
866675,0
866676,0
866677,0
866678,0
866679,0
866680,7
866681,0
866682,2
866683,0
866684,0
866685,0
866686,0
866687,7
866688,0
866689,0
866690,8
866691,0
866692,0
866693,0
866694,4
866695,0
866696,0
866697,0
866698,0
866699,0
866700,0
866701,0
866702,0
866703,0
866704,0
866705,0
866706,0
866707,0
866708,0
866709,0
866710,9
866711,11
866712,0
866713,7
866714,0
866715,0
866716,0
866717,0
866718,3
866719,0
866720,0
866721,0
866722,2
866723,0
866724,0
866725,0
866726,0
866727,7
866728,5
866729,0
866730,0
866731,0
866732,0
866733,8
866734,6
866735,0
866736,0
866737,0
866738,11
866739,6
866740,0
866741,0
866742,0
866743,0
866744,5
866745,0
866746,5
866747,9
866748,0
866749,3
866750,0
866751,0
866752,0
866753,0
866754,0
866755,0
866756,0
866757,9
866758,0
866759,0
866760,0
866761,5
866762,0
866763,0
866764,5
866765,5
866766,0
866767,0
866768,0
866769,0
866770,0
866771,0
866772,0
866773,0
866774,0
866775,0
866776,0
866777,0
866778,0
866779,0
866780,0
866781,0
866782,0
866783,0
866784,0
866785,0
866786,0
866787,0
866788,5
866789,6
866790,0
866791,0
866792,12
866793,0
866794,8
866795,0
866796,8
866797,0
866798,0
866799,0
866800,0
866801,0
866802,0
866803,0
866804,0
866805,0
866806,0
866807,0
866808,0
866809,0
866810,0
866811,6
866812,0
866813,0
866814,0
866815,0
866816,0
866817,0
866818,0
866819,0
866820,0
866821,5
866822,0
866823,0
866824,0
866825,0
866826,0
866827,0
866828,0
866829,0
866830,0
866831,0
866832,9
866833,0
866834,1
866835,0
866836,0
866837,0
866838,0
866839,0
866840,11
866841,0
866842,0
866843,0
866844,0
866845,6
866846,0
866847,0
866848,0
866849,0
866850,0
866851,0
866852,0
866853,0
866854,0
866855,0
866856,0
866857,11
866858,0
866859,0
866860,0
866861,0
866862,0
866863,0
866864,0
866865,10
866866,0
866867,0
866868,7
866869,5
866870,0
866871,0
866872,0
866873,0
866874,5
866875,0
866876,0
866877,10
866878,7
866879,0
866880,0
866881,0
866882,0
866883,0
866884,0
866885,0
866886,0
866887,0
866888,0
866889,0
866890,0
866891,0
866892,6
866893,6
866894,0
866895,0
866896,0
866897,0
866898,0
866899,0
866900,4
866901,0
866902,8
866903,0
866904,0
866905,0
866906,0
866907,0
866908,8
866909,0
866910,0
866911,6
866912,0
866913,0
866914,0
866915,0
866916,0
866917,0
866918,0
866919,4
866920,0
866921,7
866922,0
866923,0
866924,0
866925,0
866926,0
866927,0
866928,6
866929,0
866930,0
866931,0
866932,7
866933,0
866934,8
866935,8
866936,0
866937,0
866938,0
866939,0
866940,5
866941,9
866942,0
866943,0
866944,0
866945,9
866946,0
866947,3
866948,0
866949,0
866950,5
866951,0
866952,0
866953,0
866954,0
866955,0
866956,0
866957,0
866958,0
866959,5
866960,9
866961,0
866962,7
866963,0
866964,0
866965,6
866966,0
866967,0
866968,0
866969,6
866970,0
866971,0
866972,0
866973,0
866974,0
866975,0
866976,0
866977,7
866978,0
866979,0
866980,0
866981,0
866982,0
866983,0
866984,0
866985,0
866986,0
866987,9
866988,0
866989,0
866990,0
866991,0
866992,0
866993,5
866994,0
866995,0
866996,0
866997,0
866998,0
866999,0
867000,0
867001,4
867002,0
867003,0
867004,15
867005,7
867006,0
867007,0
867008,0
867009,0
867010,11
867011,0
867012,0
867013,4
867014,0
867015,7
867016,0
867017,0
867018,0
867019,7
867020,0
867021,0
867022,0
867023,0
867024,0
867025,0
867026,5
867027,0
867028,0
867029,0
867030,8
867031,0
867032,5
867033,0
867034,0
867035,7
867036,0
867037,0
867038,0
867039,0
867040,0
867041,6
867042,0
867043,0
867044,0
867045,0
867046,0
867047,0
867048,4
867049,0
867050,0
867051,1
867052,0
867053,0
867054,4
867055,0
867056,0
867057,0
867058,0
867059,0
867060,0
867061,0
867062,4
867063,0
867064,0
867065,4
867066,0
867067,6
867068,0
867069,0
867070,0
867071,0
867072,10
867073,0
867074,12
867075,4
867076,0
867077,0
867078,0
867079,8
867080,0
867081,0
867082,0
867083,0
867084,5
867085,0
867086,0
867087,0
867088,0
867089,0
867090,8
867091,3
867092,0
867093,9
867094,6
867095,5
867096,0
867097,0
867098,0
867099,5
867100,0
867101,0
867102,0
867103,0
867104,0
867105,0
867106,9
867107,3
867108,0
867109,0
867110,9
867111,0
867112,0
867113,0
867114,0
867115,0
867116,9
867117,0
867118,0
867119,0
867120,4
867121,0
867122,0
867123,0
867124,0
867125,0
867126,0
867127,3
867128,0
867129,0
867130,0
867131,0
867132,0
867133,0
867134,0
867135,0
867136,0
867137,0
867138,0
867139,0
867140,0
867141,0
867142,0
867143,0
867144,12
867145,0
867146,0
867147,0
867148,0
867149,0
867150,1
867151,0
867152,0
867153,6
867154,0
867155,7
867156,0
867157,0
867158,0
867159,0
867160,0
867161,0
867162,0
867163,5
867164,0
867165,0
867166,0
867167,0
867168,0
867169,0
867170,0
867171,0
867172,0
867173,5
867174,0
867175,4
867176,0
867177,0
867178,8
867179,0
867180,0
867181,0
867182,4
867183,0
867184,0
867185,0
867186,0
867187,7
867188,0
867189,0
867190,0
867191,7
867192,0
867193,0
867194,0
867195,0
867196,0
867197,0
867198,0
867199,0
867200,0
867201,0
867202,0
867203,0
867204,0
867205,0
867206,0
867207,0
867208,0
867209,0
867210,0
867211,0
867212,0
867213,0
867214,0
867215,0
867216,0
867217,0
867218,0
867219,0
867220,0
867221,0
867222,20
867223,0
867224,0
867225,0
867226,0
867227,0
867228,0
867229,0
867230,0
867231,36
867232,0
867233,0
867234,34
867235,0
867236,0
867237,0
867238,29
867239,0
867240,0
867241,0
867242,0
867243,0
867244,0
867245,0
867246,0
867247,0
867248,0
867249,0
867250,0
867251,27
867252,0
867253,0
867254,0
867255,24
867256,0
867257,0
867258,0
867259,0
867260,16
867261,30
867262,0
867263,0
867264,0
867265,0
867266,0
867267,0
867268,0
867269,17
867270,0
867271,0
867272,0
867273,0
867274,0
867275,21
867276,11
867277,0
867278,0
867279,0
867280,0
867281,0
867282,43
867283,0
867284,0
867285,24
867286,0
867287,0
867288,0
867289,0
867290,25
867291,0
867292,0
867293,0
867294,11
867295,0
867296,0
867297,0
867298,0
867299,0
867300,27
867301,0
867302,0
867303,0
867304,0
867305,0
867306,22
867307,0
867308,0
867309,0
867310,0
867311,0
867312,21
867313,0
867314,0
867315,14
867316,0
867317,0
867318,0
867319,25
867320,12
867321,0
867322,0
867323,28
867324,0
867325,0
867326,0
867327,0
867328,0
867329,0
867330,0
867331,0
867332,0
867333,12
867334,0
867335,0
867336,0
867337,0
867338,0
867339,0
867340,55
867341,18
867342,0
867343,0
867344,0
867345,0
867346,0
867347,0
867348,0
867349,0
867350,38
867351,0
867352,0
867353,0
867354,0
867355,30
867356,0
867357,0
867358,0
867359,0
867360,0
867361,0
867362,0
867363,0
867364,12
867365,0
867366,0
867367,0
867368,0
867369,0
867370,22
867371,22
867372,0
867373,0
867374,23
867375,23
867376,15
867377,25
867378,0
867379,0
867380,0
867381,0
867382,0
867383,0
867384,0
867385,0
867386,27
867387,0
867388,0
867389,0
867390,14
867391,0
867392,0
867393,0
867394,0
867395,0
867396,0
867397,0
867398,0
867399,22
867400,0
867401,26
867402,0
867403,19
867404,0
867405,0
867406,0
867407,0
867408,0
867409,0
867410,20
867411,0
867412,0
867413,14
867414,12
867415,0
867416,0
867417,0
867418,0
867419,0
867420,0
867421,0
867422,30
867423,0
867424,0
867425,0
867426,0
867427,0
867428,0
867429,0
867430,0
867431,0
867432,0
867433,0
867434,25
867435,0
867436,0
867437,0
867438,0
867439,0
867440,0
867441,0
867442,0
867443,0
867444,0
867445,0
867446,0
867447,0
867448,0
867449,0
867450,0
867451,0
867452,16
867453,0
867454,0
867455,0
867456,0
867457,0
867458,0
867459,0
867460,0
867461,0
867462,0
867463,0
867464,0
867465,0
867466,0
867467,0
867468,0
867469,21
867470,0
867471,0
867472,0
867473,12
867474,0
867475,34
867476,0
867477,0
867478,0
867479,19
867480,27
867481,0
867482,0
867483,0
867484,0
867485,0
867486,0
867487,29
867488,0
867489,0
867490,0
867491,0
867492,0
867493,0
867494,0
867495,0
867496,0
867497,0
867498,0
867499,24
867500,0
867501,0
867502,0
867503,0
867504,0
867505,0
867506,0
867507,0
867508,0
867509,0
867510,0
867511,12
867512,0
867513,0
867514,32
867515,0
867516,0
867517,0
867518,10
867519,0
867520,0
867521,0
867522,0
867523,0
867524,24
867525,0
867526,0
867527,0
867528,0
867529,0
867530,0
867531,0
867532,0
867533,0
867534,15
867535,0
867536,0
867537,0
867538,0
867539,0
867540,0
867541,0
867542,0
867543,0
867544,0
867545,0
867546,0
867547,0
867548,0
867549,0
867550,0
867551,0
867552,0
867553,0
867554,0
867555,0
867556,0
867557,0
867558,0
867559,0
867560,0
867561,0
867562,31
867563,0
867564,0
867565,0
867566,0
867567,0
867568,0
867569,0
867570,0
867571,0
867572,0
867573,0
867574,0
867575,0
867576,0
867577,20
867578,0
867579,0
867580,0
867581,12
867582,0
867583,0
867584,16
867585,0
867586,0
867587,11
867588,0
867589,0
867590,0
867591,28
867592,0
867593,0
867594,0
867595,25
867596,13
867597,0
867598,0
867599,31
867600,0
867601,0
867602,0
867603,0
867604,0
867605,24
867606,0
867607,0
867608,20
867609,0
867610,0
867611,0
867612,20
867613,0
867614,18
867615,0
867616,0
867617,26
867618,0
867619,0
867620,0
867621,0
867622,15
867623,0
867624,0
867625,0
867626,0
867627,0
867628,31
867629,24
867630,0
867631,13
867632,0
867633,0
867634,16
867635,0
867636,32
867637,0
867638,32
867639,0
867640,0
867641,0
867642,0
867643,0
867644,19
867645,0
867646,0
867647,0
867648,0
867649,0
867650,27
867651,0
867652,0
867653,0
867654,0
867655,0
867656,0
867657,0
867658,0
867659,0
867660,29
867661,0
867662,0
867663,0
867664,0
867665,0
867666,0
867667,0
867668,0
867669,0
867670,0
867671,0
867672,0
867673,17
867674,0
867675,9
867676,0
867677,0
867678,0
867679,24
867680,0
867681,28
867682,0
867683,0
867684,0
867685,0
867686,0
867687,18
867688,38
867689,0
867690,0
867691,0
867692,0
867693,25
867694,0
867695,25
867696,17
867697,17
867698,0
867699,0
867700,0
867701,0
867702,0
867703,0
867704,0
867705,0
867706,0
867707,0
867708,0
867709,43
867710,20
867711,0
867712,0
867713,8
867714,0
867715,0
867716,0
867717,0
867718,0
867719,17
867720,0
867721,0
867722,0
867723,0
867724,0
867725,0
867726,0
867727,0
867728,0
867729,30
867730,0
867731,0
867732,0
867733,0
867734,0
867735,0
867736,0
867737,0
867738,32
867739,0
867740,16
867741,23
867742,0
867743,0
867744,0
867745,0
867746,0
867747,0
867748,25
867749,0
867750,0
867751,0
867752,0
867753,0
867754,33
867755,0
867756,0
867757,0
867758,0
867759,0
867760,0
867761,0
867762,0
867763,0
867764,0
867765,23
867766,0
867767,0
867768,0
867769,0
867770,0
867771,0
867772,0
867773,0
867774,0
867775,11
867776,0
867777,0
867778,0
867779,24
867780,0
867781,9
867782,16
867783,23
867784,0
867785,13
867786,0
867787,0
867788,0
867789,0
867790,0
867791,0
867792,0
867793,0
867794,0
867795,0
867796,17
867797,0
867798,0
867799,0
867800,0
867801,0
867802,0
867803,0
867804,0
867805,0
867806,0
867807,0
867808,0
867809,0
867810,0
867811,0
867812,0
867813,0
867814,0
867815,0
867816,0
867817,0
867818,0
867819,28
867820,0
867821,0
867822,0
867823,0
867824,0
867825,0
867826,0
867827,0
867828,0
867829,34
867830,0
867831,24
867832,23
867833,0
867834,0
867835,0
867836,31
867837,0
867838,0
867839,0
867840,30
867841,0
867842,0
867843,39
867844,0
867845,0
867846,0
867847,0
867848,0
867849,0
867850,0
867851,0
867852,0
867853,0
867854,0
867855,26
867856,0
867857,0
867858,0
867859,0
867860,0
867861,0
867862,0
867863,0
867864,0
867865,0
867866,0
867867,0
867868,0
867869,0
867870,0
867871,0
867872,0
867873,0
867874,0
867875,37
867876,36
867877,0
867878,0
867879,0
867880,0
867881,0
867882,0
867883,0
867884,0
867885,0
867886,0
867887,0
867888,0
867889,0
867890,0
867891,0
867892,0
867893,0
867894,0
867895,0
867896,0
867897,0
867898,0
867899,0
867900,0
867901,0
867902,0
867903,0
867904,0
867905,0
867906,30
867907,0
867908,0
867909,0
867910,0
867911,0
867912,0
867913,31
867914,0
867915,0
867916,0
867917,0
867918,0
867919,0
867920,0
867921,0
867922,33
867923,0
867924,0
867925,0
867926,43
867927,0
867928,0
867929,0
867930,0
867931,37
867932,0
867933,0
867934,28
867935,0
867936,0
867937,0
867938,0
867939,0
867940,0
867941,0
867942,0
867943,34
867944,0
867945,32
867946,0
867947,0
867948,33
867949,0
867950,0
867951,0
867952,0
867953,0
867954,0
867955,0
867956,0
867957,0
867958,38
867959,0
867960,0
867961,0
867962,0
867963,0
867964,0
867965,0
867966,0
867967,24
867968,0
867969,0
867970,0
867971,0
867972,0
867973,0
867974,0
867975,0
867976,0
867977,0
867978,0
867979,0
867980,0
867981,0
867982,0
867983,0
867984,0
867985,0
867986,0
867987,44
867988,0
867989,0
867990,0
867991,0
867992,0
867993,0
867994,0
867995,0
867996,0
867997,0
867998,0
867999,0
868000,28
868001,0
868002,0
868003,0
868004,0
868005,0
868006,0
868007,0
868008,0
868009,0
868010,0
868011,0
868012,0
868013,0
868014,40
868015,0
868016,0
868017,0
868018,0
868019,0
868020,0
868021,0
868022,0
868023,0
868024,34
868025,0
868026,0
868027,0
868028,0
868029,0
868030,0
868031,0
868032,0
868033,0
868034,0
868035,0
868036,0
868037,0
868038,0
868039,29
868040,0
868041,0
868042,0
868043,0
868044,0
868045,0
868046,0
868047,0
868048,0
868049,0
868050,0
868051,0
868052,0
868053,30
868054,0
868055,0
868056,0
868057,0
868058,0
868059,0
868060,0
868061,0
868062,0
868063,0
868064,22
868065,0
868066,0
868067,0
868068,0
868069,0
868070,0
868071,0
868072,0
868073,0
868074,37
868075,0
868076,0
868077,0
868078,0
868079,42
868080,0
868081,0
868082,0
868083,0
868084,0
868085,0
868086,0
868087,0
868088,0
868089,0
868090,0
868091,0
868092,34
868093,0
868094,0
868095,0
868096,0
868097,0
868098,38
868099,0
868100,0
868101,0
868102,0
868103,0
868104,51
868105,0
868106,0
868107,0
868108,0
868109,0
868110,0
868111,0
868112,27
868113,0
868114,0
868115,0
868116,0
868117,0
868118,0
868119,0
868120,32
868121,0
868122,0
868123,0
868124,0
868125,0
868126,0
868127,0
868128,0
868129,0
868130,0
868131,0
868132,0
868133,0
868134,0
868135,0
868136,0
868137,37
868138,0
868139,0
868140,0
868141,0
868142,0
868143,0
868144,0
868145,0
868146,0
868147,0
868148,0
868149,29
868150,0
868151,0
868152,0
868153,0
868154,0
868155,0
868156,0
868157,0
868158,0
868159,0
868160,15
868161,26
868162,38
868163,0
868164,0
868165,0
868166,0
868167,0
868168,31
868169,0
868170,0
868171,0
868172,0
868173,0
868174,0
868175,0
868176,0
868177,0
868178,0
868179,0
868180,0
868181,27
868182,19
868183,0
868184,0
868185,0
868186,0
868187,0
868188,0
868189,0
868190,0
868191,0
868192,0
868193,43
868194,0
868195,0
868196,0
868197,0
868198,0
868199,49
868200,0
868201,0
868202,0
868203,0
868204,0
868205,0
868206,0
868207,0
868208,0
868209,35
868210,0
868211,0
868212,0
868213,0
868214,0
868215,0
868216,0
868217,0
868218,0
868219,32
868220,0
868221,32
868222,0
868223,51
868224,0
868225,0
868226,0
868227,0
868228,0
868229,0
868230,0
868231,0
868232,0
868233,0
868234,0
868235,29
868236,0
868237,0
868238,0
868239,0
868240,0
868241,0
868242,0
868243,0
868244,30
868245,0
868246,0
868247,0
868248,38
868249,0
868250,0
868251,0
868252,0
868253,0
868254,28
868255,0
868256,31
868257,0
868258,0
868259,0
868260,0
868261,0
868262,0
868263,0
868264,0
868265,0
868266,0
868267,0
868268,0
868269,0
868270,0
868271,0
868272,0
868273,33
868274,0
868275,0
868276,0
868277,0
868278,0
868279,0
868280,0
868281,0
868282,0
868283,22
868284,0
868285,0
868286,0
868287,0
868288,0
868289,0
868290,0
868291,0
868292,0
868293,0
868294,0
868295,0
868296,36
868297,0
868298,0
868299,0
868300,0
868301,0
868302,0
868303,0
868304,0
868305,0
868306,0
868307,0
868308,0
868309,0
868310,0
868311,31
868312,0
868313,0
868314,0
868315,0
868316,0
868317,0
868318,0
868319,0
868320,0
868321,0
868322,0
868323,0
868324,0
868325,0
868326,0
868327,0
868328,0
868329,0
868330,31
868331,0
868332,0
868333,0
868334,0
868335,0
868336,0
868337,0
868338,0
868339,0
868340,0
868341,0
868342,0
868343,0
868344,0
868345,0
868346,0
868347,0
868348,0
868349,0
868350,0
868351,0
868352,0
868353,0
868354,0
868355,0
868356,0
868357,32
868358,0
868359,23
868360,0
868361,0
868362,0
868363,0
868364,0
868365,0
868366,0
868367,0
868368,0
868369,0
868370,0
868371,0
868372,39
868373,20
868374,0
868375,0
868376,0
868377,0
868378,0
868379,0
868380,0
868381,0
868382,0
868383,0
868384,0
868385,0
868386,0
868387,0
868388,0
868389,0
868390,0
868391,0
868392,0
868393,0
868394,33
868395,0
868396,0
868397,0
868398,33
868399,0
868400,0
868401,0
868402,0
868403,0
868404,0
868405,0
868406,0
868407,0
868408,0
868409,0
868410,38
868411,30
868412,0
868413,0
868414,0
868415,0
868416,36
868417,0
868418,0
868419,0
868420,0
868421,0
868422,0
868423,0
868424,26
868425,0
868426,0
868427,0
868428,0
868429,0
868430,0
868431,0
868432,38
868433,0
868434,0
868435,0
868436,0
868437,0
868438,0
868439,0
868440,0
868441,0
868442,0
868443,0
868444,0
868445,0
868446,0
868447,0
868448,21
868449,0
868450,29
868451,0
868452,0
868453,0
868454,0
868455,0
868456,40
868457,0
868458,0
868459,0
868460,0
868461,0
868462,0
868463,33
868464,0
868465,0
868466,0
868467,0
868468,0
868469,0
868470,0
868471,0
868472,0
868473,0
868474,0
868475,29
868476,0
868477,0
868478,34
868479,0
868480,0
868481,43
868482,35
868483,0
868484,32
868485,29
868486,0
868487,0
868488,19
868489,0
868490,0
868491,0
868492,0
868493,0
868494,0
868495,0
868496,0
868497,0
868498,0
868499,0
868500,0
868501,32
868502,0
868503,0
868504,0
868505,0
868506,0
868507,0
868508,0
868509,0
868510,0
868511,0
868512,0
868513,0
868514,0
868515,0
868516,0
868517,0
868518,0
868519,0
868520,0
868521,33
868522,0
868523,22
868524,0
868525,0
868526,0
868527,0
868528,0
868529,0
868530,0
868531,35
868532,0
868533,33
868534,0
868535,0
868536,0
868537,0
868538,0
868539,0
868540,37
868541,0
868542,0
868543,0
868544,27
868545,0
868546,0
868547,0
868548,0
868549,0
868550,0
868551,0
868552,0
868553,0
868554,0
868555,51
868556,0
868557,0
868558,0
868559,0
868560,38
868561,0
868562,0
868563,0
868564,0
868565,0
868566,0
868567,0
868568,33
868569,0
868570,0
868571,0
868572,0
868573,0
868574,0
868575,0
868576,0
868577,0
868578,0
868579,0
868580,0
868581,0
868582,26
868583,0
868584,0
868585,0
868586,0
868587,23
868588,0
868589,0
868590,0
868591,0
868592,0
868593,0
868594,0
868595,0
868596,0
868597,0
868598,0
868599,0
868600,0
868601,30
868602,0
868603,0
868604,0
868605,0
868606,0
868607,0
868608,0
868609,0
868610,0
868611,37
868612,0
868613,0
868614,0
868615,0
868616,0
868617,0
868618,32
868619,35
868620,0
868621,46
868622,30
868623,0
868624,29
868625,0
868626,0
868627,0
868628,0
868629,0
868630,0
868631,0
868632,0
868633,0
868634,0
868635,0
868636,0
868637,0
868638,0
868639,0
868640,0
868641,0
868642,22
868643,0
868644,0
868645,0
868646,0
868647,0
868648,0
868649,0
868650,0
868651,0
868652,0
868653,0
868654,0
868655,0
868656,0
868657,0
868658,0
868659,0
868660,0
868661,0
868662,0
868663,0
868664,0
868665,0
868666,30
868667,0
868668,0
868669,0
868670,0
868671,0
868672,0
868673,0
868674,0
868675,35
868676,0
868677,27
868678,0
868679,0
868680,0
868681,0
868682,0
868683,0
868684,0
868685,42
868686,0
868687,0
868688,26
868689,27
868690,0
868691,0
868692,0
868693,37
868694,0
868695,0
868696,0
868697,0
868698,0
868699,0
868700,0
868701,0
868702,0
868703,0
868704,0
868705,0
868706,0
868707,0
868708,0
868709,0
868710,0
868711,0
868712,0
868713,0
868714,31
868715,0
868716,0
868717,0
868718,0
868719,0
868720,0
868721,0
868722,0
868723,0
868724,0
868725,0
868726,2
868727,0
868728,0
868729,0
868730,0
868731,0
868732,0
868733,0
868734,9
868735,0
868736,0
868737,0
868738,0
868739,0
868740,0
868741,0
868742,0
868743,0
868744,0
868745,0
868746,0
868747,0
868748,0
868749,0
868750,0
868751,1
868752,0
868753,0
868754,0
868755,0
868756,0
868757,0
868758,0
868759,0
868760,0
868761,0
868762,0
868763,4
868764,0
868765,0
868766,0
868767,0
868768,0
868769,0
868770,0
868771,0
868772,0
868773,0
868774,4
868775,0
868776,0
868777,0
868778,0
868779,0
868780,0
868781,0
868782,0
868783,0
868784,0
868785,0
868786,0
868787,0
868788,0
868789,0
868790,0
868791,0
868792,0
868793,0
868794,0
868795,3
868796,0
868797,0
868798,0
868799,0
868800,0
868801,0
868802,0
868803,0
868804,5
868805,0
868806,0
868807,0
868808,0
868809,4
868810,6
868811,0
868812,8
868813,0
868814,0
868815,0
868816,0
868817,0
868818,0
868819,0
868820,0
868821,0
868822,0
868823,0
868824,0
868825,0
868826,2
868827,8
868828,0
868829,0
868830,0
868831,0
868832,0
868833,0
868834,0
868835,0
868836,0
868837,13
868838,0
868839,0
868840,0
868841,0
868842,0
868843,0
868844,0
868845,0
868846,0
868847,0
868848,0
868849,0
868850,0
868851,0
868852,0
868853,0
868854,0
868855,0
868856,4
868857,0
868858,0
868859,0
868860,0
868861,0
868862,0
868863,0
868864,0
868865,0
868866,0
868867,0
868868,0
868869,0
868870,0
868871,0
868872,0
868873,0
868874,0
868875,2
868876,4
868877,0
868878,0
868879,0
868880,0
868881,0
868882,0
868883,0
868884,0
868885,0
868886,0
868887,0
868888,0
868889,0
868890,0
868891,0
868892,0
868893,0
868894,0
868895,0
868896,0
868897,0
868898,0
868899,0
868900,0
868901,0
868902,4
868903,0
868904,0
868905,0
868906,7
868907,0
868908,0
868909,0
868910,0
868911,0
868912,0
868913,0
868914,0
868915,0
868916,0
868917,0
868918,0
868919,0
868920,0
868921,0
868922,0
868923,0
868924,0
868925,0
868926,0
868927,0
868928,4
868929,0
868930,0
868931,0
868932,0
868933,8
868934,5
868935,0
868936,0
868937,0
868938,0
868939,0
868940,0
868941,0
868942,0
868943,0
868944,0
868945,0
868946,0
868947,0
868948,0
868949,0
868950,0
868951,0
868952,0
868953,0
868954,0
868955,2
868956,0
868957,0
868958,0
868959,0
868960,0
868961,0
868962,0
868963,0
868964,0
868965,0
868966,0
868967,0
868968,0
868969,0
868970,0
868971,0
868972,0
868973,0
868974,0
868975,0
868976,5
868977,0
868978,0
868979,0
868980,0
868981,0
868982,0
868983,0
868984,0
868985,0
868986,0
868987,0
868988,0
868989,0
868990,0
868991,0
868992,0
868993,0
868994,0
868995,0
868996,3
868997,0
868998,0
868999,0
869000,3
869001,0
869002,0
869003,0
869004,0
869005,0
869006,0
869007,0
869008,0
869009,0
869010,0
869011,0
869012,0
869013,0
869014,0
869015,0
869016,0
869017,2
869018,0
869019,0
869020,0
869021,0
869022,0
869023,5
869024,0
869025,0
869026,0
869027,0
869028,0
869029,0
869030,0
869031,0
869032,0
869033,0
869034,0
869035,0
869036,0
869037,0
869038,0
869039,0
869040,0
869041,0
869042,0
869043,0
869044,0
869045,0
869046,0
869047,0
869048,0
869049,0
869050,0
869051,0
869052,0
869053,0
869054,0
869055,0
869056,0
869057,0
869058,0
869059,0
869060,0
869061,0
869062,0
869063,0
869064,0
869065,0
869066,0
869067,0
869068,0
869069,0
869070,0
869071,0
869072,0
869073,0
869074,0
869075,0
869076,0
869077,0
869078,0
869079,0
869080,0
869081,0
869082,0
869083,0
869084,0
869085,0
869086,0
869087,0
869088,0
869089,0
869090,0
869091,0
869092,0
869093,0
869094,0
869095,0
869096,0
869097,0
869098,0
869099,0
869100,0
869101,1
869102,0
869103,0
869104,0
869105,0
869106,0
869107,0
869108,1
869109,0
869110,0
869111,0
869112,0
869113,1
869114,0
869115,0
869116,0
869117,0
869118,0
869119,0
869120,0
869121,0
869122,0
869123,0
869124,0
869125,0
869126,7
869127,0
869128,0
869129,0
869130,0
869131,0
869132,0
869133,0
869134,0
869135,0
869136,0
869137,0
869138,0
869139,0
869140,0
869141,0
869142,0
869143,0
869144,0
869145,0
869146,0
869147,0
869148,0
869149,0
869150,0
869151,0
869152,0
869153,0
869154,0
869155,0
869156,0
869157,0
869158,0
869159,0
869160,0
869161,0
869162,0
869163,0
869164,0
869165,0
869166,0
869167,0
869168,0
869169,0
869170,0
869171,0
869172,0
869173,0
869174,8
869175,0
869176,0
869177,0
869178,0
869179,0
869180,0
869181,0
869182,0
869183,0
869184,0
869185,4
869186,0
869187,0
869188,0
869189,0
869190,0
869191,0
869192,0
869193,0
869194,0
869195,3
869196,0
869197,0
869198,0
869199,0
869200,0
869201,0
869202,1
869203,0
869204,0
869205,0
869206,0
869207,0
869208,0
869209,0
869210,6
869211,5
869212,0
869213,0
869214,0
869215,0
869216,0
869217,4
869218,0
869219,0
869220,0
869221,0
869222,0
869223,0
869224,0
869225,0
869226,0
869227,0
869228,0
869229,4
869230,0
869231,0
869232,0
869233,0
869234,0
869235,0
869236,0
869237,0
869238,0
869239,0
869240,0
869241,0
869242,0
869243,0
869244,0
869245,0
869246,0
869247,0
869248,0
869249,0
869250,0
869251,0
869252,4
869253,0
869254,8
869255,0
869256,0
869257,0
869258,7
869259,0
869260,0
869261,0
869262,0
869263,0
869264,0
869265,0
869266,0
869267,0
869268,0
869269,0
869270,0
869271,0
869272,0
869273,0
869274,1
869275,0
869276,0
869277,0
869278,0
869279,0
869280,0
869281,0
869282,0
869283,0
869284,0
869285,0
869286,0
869287,0
869288,0
869289,0
869290,0
869291,0
869292,0
869293,0
869294,0
869295,8
869296,0
869297,1
869298,0
869299,0
869300,0
869301,0
869302,0
869303,0
869304,0
869305,0
869306,0
869307,0
869308,0
869309,0
869310,0
869311,0
869312,6
869313,0
869314,0
869315,0
869316,3
869317,0
869318,0
869319,0
869320,0
869321,0
869322,0
869323,0
869324,0
869325,0
869326,0
869327,3
869328,0
869329,0
869330,0
869331,0
869332,0
869333,0
869334,0
869335,0
869336,0
869337,0
869338,0
869339,2
869340,0
869341,0
869342,0
869343,0
869344,0
869345,0
869346,0
869347,0
869348,0
869349,0
869350,0
869351,0
869352,0
869353,0
869354,0
869355,0
869356,0
869357,0
869358,0
869359,0
869360,0
869361,0
869362,0
869363,0
869364,0
869365,0
869366,0
869367,0
869368,0
869369,0
869370,0
869371,0
869372,0
869373,0
869374,0
869375,0
869376,0
869377,0
869378,0
869379,0
869380,3
869381,0
869382,0
869383,0
869384,0
869385,0
869386,6
869387,0
869388,0
869389,0
869390,0
869391,0
869392,0
869393,0
869394,0
869395,0
869396,0
869397,0
869398,0
869399,0
869400,0
869401,4
869402,7
869403,0
869404,0
869405,0
869406,0
869407,0
869408,0
869409,0
869410,0
869411,0
869412,0
869413,0
869414,0
869415,0
869416,8
869417,0
869418,0
869419,0
869420,0
869421,0
869422,0
869423,0
869424,0
869425,0
869426,0
869427,4
869428,0
869429,2
869430,0
869431,3
869432,0
869433,0
869434,0
869435,0
869436,0
869437,0
869438,0
869439,0
869440,0
869441,0
869442,0
869443,0
869444,0
869445,0
869446,0
869447,0
869448,0
869449,0
869450,0
869451,0
869452,0
869453,4
869454,0
869455,0
869456,0
869457,0
869458,0
869459,0
869460,0
869461,0
869462,8
869463,0
869464,0
869465,0
869466,0
869467,0
869468,0
869469,0
869470,0
869471,1
869472,0
869473,0
869474,0
869475,0
869476,0
869477,0
869478,0
869479,0
869480,0
869481,0
869482,1
869483,3
869484,0
869485,0
869486,0
869487,0
869488,0
869489,0
869490,0
869491,0
869492,0
869493,0
869494,0
869495,0
869496,0
869497,0
869498,0
869499,0
869500,0
869501,0
869502,0
869503,0
869504,4
869505,0
869506,0
869507,0
869508,0
869509,0
869510,0
869511,0
869512,4
869513,0
869514,0
869515,0
869516,5
869517,0
869518,0
869519,0
869520,0
869521,0
869522,0
869523,7
869524,0
869525,0
869526,0
869527,0
869528,0
869529,0
869530,0
869531,3
869532,0
869533,0
869534,0
869535,0
869536,0
869537,0
869538,0
869539,7
869540,13
869541,0
869542,0
869543,0
869544,0
869545,0
869546,0
869547,0
869548,0
869549,0
869550,0
869551,0
869552,0
869553,0
869554,0
869555,0
869556,0
869557,0
869558,0
869559,0
869560,0
869561,0
869562,0
869563,0
869564,0
869565,0
869566,0
869567,0
869568,0
869569,0
869570,0
869571,0
869572,0
869573,0
869574,0
869575,0
869576,0
869577,0
869578,0
869579,0
869580,0
869581,0
869582,0
869583,2
869584,0
869585,0
869586,0
869587,0
869588,0
869589,0
869590,0
869591,0
869592,0
869593,0
869594,5
869595,0
869596,0
869597,0
869598,0
869599,0
869600,0
869601,0
869602,0
869603,0
869604,6
869605,0
869606,0
869607,0
869608,0
869609,0
869610,0
869611,0
869612,0
869613,0
869614,0
869615,0
869616,0
869617,0
869618,0
869619,41
869620,0
869621,0
869622,0
869623,0
869624,0
869625,0
869626,0
869627,0
869628,35
869629,0
869630,0
869631,0
869632,0
869633,0
869634,0
869635,40
869636,40
869637,0
869638,0
869639,0
869640,0
869641,0
869642,0
869643,0
869644,0
869645,0
869646,0
869647,0
869648,0
869649,0
869650,0
869651,0
869652,0
869653,56
869654,0
869655,0
869656,0
869657,0
869658,0
869659,0
869660,0
869661,0
869662,0
869663,0
869664,0
869665,0
869666,0
869667,0
869668,0
869669,0
869670,0
869671,0
869672,0
869673,0
869674,0
869675,0
869676,30
869677,0
869678,0
869679,0
869680,0
869681,0
869682,0
869683,0
869684,0
869685,0
869686,0
869687,32
869688,0
869689,0
869690,0
869691,0
869692,0
869693,0
869694,0
869695,0
869696,0
869697,0
869698,0
869699,0
869700,0
869701,32
869702,33
869703,0
869704,0
869705,0
869706,0
869707,0
869708,0
869709,0
869710,0
869711,30
869712,0
869713,0
869714,0
869715,0
869716,0
869717,0
869718,0
869719,45
869720,0
869721,0
869722,0
869723,0
869724,0
869725,44
869726,0
869727,0
869728,0
869729,0
869730,0
869731,0
869732,0
869733,0
869734,29
869735,0
869736,0
869737,0
869738,0
869739,0
869740,0
869741,0
869742,0
869743,21
869744,45
869745,0
869746,0
869747,0
869748,0
869749,0
869750,0
869751,0
869752,26
869753,0
869754,0
869755,0
869756,47
869757,0
869758,0
869759,0
869760,0
869761,0
869762,0
869763,0
869764,0
869765,34
869766,43
869767,0
869768,38
869769,0
869770,0
869771,0
869772,0
869773,0
869774,0
869775,0
869776,0
869777,0
869778,30
869779,41
869780,0
869781,0
869782,35
869783,0
869784,0
869785,0
869786,0
869787,37
869788,0
869789,0
869790,37
869791,0
869792,36
869793,0
869794,0
869795,0
869796,0
869797,36
869798,0
869799,0
869800,0
869801,0
869802,0
869803,0
869804,0
869805,0
869806,0
869807,0
869808,32
869809,0
869810,0
869811,44
869812,0
869813,0
869814,0
869815,0
869816,0
869817,0
869818,0
869819,0
869820,0
869821,0
869822,0
869823,48
869824,0
869825,0
869826,0
869827,0
869828,0
869829,0
869830,0
869831,0
869832,0
869833,0
869834,0
869835,0
869836,0
869837,0
869838,0
869839,0
869840,0
869841,0
869842,0
869843,0
869844,0
869845,45
869846,0
869847,0
869848,0
869849,0
869850,0
869851,34
869852,0
869853,0
869854,0
869855,0
869856,0
869857,35
869858,0
869859,0
869860,0
869861,0
869862,0
869863,31
869864,0
869865,51
869866,0
869867,0
869868,0
869869,0
869870,0
869871,0
869872,29
869873,0
869874,0
869875,0
869876,0
869877,0
869878,0
869879,0
869880,0
869881,0
869882,45
869883,0
869884,34
869885,0
869886,36
869887,0
869888,0
869889,0
869890,0
869891,0
869892,0
869893,0
869894,0
869895,0
869896,0
869897,0
869898,0
869899,0
869900,0
869901,0
869902,0
869903,0
869904,0
869905,0
869906,0
869907,0
869908,0
869909,0
869910,0
869911,0
869912,0
869913,0
869914,0
869915,0
869916,0
869917,0
869918,0
869919,0
869920,0
869921,0
869922,0
869923,0
869924,0
869925,0
869926,0
869927,0
869928,0
869929,0
869930,0
869931,0
869932,0
869933,0
869934,0
869935,0
869936,0
869937,0
869938,0
869939,0
869940,0
869941,0
869942,0
869943,0
869944,0
869945,0
869946,0
869947,0
869948,0
869949,0
869950,0
869951,0
869952,0
869953,0
869954,0
869955,0
869956,0
869957,0
869958,0
869959,0
869960,0
869961,0
869962,0
869963,0
869964,1
869965,0
869966,0
869967,0
869968,0
869969,0
869970,0
869971,0
869972,0
869973,0
869974,0
869975,0
869976,0
869977,0
869978,0
869979,0
869980,0
869981,0
869982,0
869983,0
869984,0
869985,0
869986,0
869987,0
869988,0
869989,0
869990,0
869991,0
869992,0
869993,0
869994,0
869995,0
869996,0
869997,0
869998,0
869999,0
870000,1
870001,0
870002,0
870003,0
870004,0
870005,0
870006,0
870007,0
870008,0
870009,0
870010,0
870011,0
870012,0
870013,0
870014,0
870015,0
870016,0
870017,0
870018,0
870019,0
870020,0
870021,0
870022,0
870023,0
870024,0
870025,0
870026,0
870027,0
870028,0
870029,0
870030,0
870031,0
870032,0
870033,0
870034,0
870035,0
870036,0
870037,0
870038,0
870039,0
870040,0
870041,0
870042,0
870043,0
870044,0
870045,0
870046,0
870047,0
870048,0
870049,0
870050,0
870051,0
870052,0
870053,0
870054,0
870055,0
870056,0
870057,0
870058,0
870059,0
870060,0
870061,0
870062,0
870063,0
870064,0
870065,0
870066,0
870067,0
870068,0
870069,0
870070,0
870071,0
870072,0
870073,0
870074,0
870075,0
870076,0
870077,0
870078,0
870079,0
870080,0
870081,0
870082,0
870083,0
870084,0
870085,0
870086,0
870087,0
870088,0
870089,0
870090,0
870091,0
870092,0
870093,0
870094,0
870095,0
870096,0
870097,0
870098,1
870099,0
870100,0
870101,0
870102,0
870103,0
870104,0
870105,0
870106,0
870107,0
870108,0
870109,0
870110,0
870111,0
870112,0
870113,0
870114,0
870115,0
870116,0
870117,0
870118,1
870119,0
870120,0
870121,0
870122,0
870123,0
870124,0
870125,0
870126,0
870127,0
870128,0
870129,0
870130,0
870131,0
870132,0
870133,0
870134,0
870135,0
870136,0
870137,0
870138,0
870139,0
870140,0
870141,0
870142,0
870143,0
870144,0
870145,0
870146,0
870147,0
870148,0
870149,0
870150,0
870151,0
870152,0
870153,0
870154,0
870155,0
870156,0
870157,0
870158,0
870159,0
870160,0
870161,0
870162,0
870163,0
870164,0
870165,0
870166,0
870167,0
870168,0
870169,0
870170,0
870171,0
870172,0
870173,0
870174,0
870175,0
870176,0
870177,0
870178,0
870179,0
870180,0
870181,0
870182,0
870183,0
870184,0
870185,0
870186,0
870187,0
870188,0
870189,0
870190,0
870191,0
870192,0
870193,0
870194,0
870195,0
870196,0
870197,0
870198,0
870199,0
870200,0
870201,0
870202,0
870203,0
870204,0
870205,0
870206,0
870207,0
870208,0
870209,0
870210,0
870211,0
870212,0
870213,0
870214,0
870215,0
870216,0
870217,0
870218,0
870219,0
870220,0
870221,0
870222,0
870223,0
870224,0
870225,0
870226,0
870227,0
870228,0
870229,0
870230,0
870231,0
870232,0
870233,0
870234,0
870235,0
870236,0
870237,0
870238,0
870239,0
870240,0
870241,0
870242,0
870243,0
870244,0
870245,0
870246,0
870247,0
870248,0
870249,0
870250,0
870251,0
870252,0
870253,0
870254,0
870255,0
870256,0
870257,0
870258,0
870259,0
870260,0
870261,0
870262,0
870263,0
870264,0
870265,0
870266,0
870267,0
870268,0
870269,0
870270,0
870271,0
870272,0
870273,0
870274,0
870275,0
870276,0
870277,0
870278,0
870279,0
870280,0
870281,0
870282,0
870283,0
870284,0
870285,0
870286,0
870287,0
870288,0
870289,0
870290,0
870291,0
870292,0
870293,0
870294,0
870295,0
870296,0
870297,0
870298,0
870299,0
870300,0
870301,0
870302,0
870303,0
870304,0
870305,0
870306,0
870307,0
870308,0
870309,0
870310,0
870311,0
870312,0
870313,0
870314,0
870315,0
870316,0
870317,0
870318,0
870319,0
870320,0
870321,0
870322,0
870323,0
870324,0
870325,0
870326,0
870327,0
870328,0
870329,0
870330,0
870331,0
870332,0
870333,0
870334,0
870335,0
870336,0
870337,0
870338,0
870339,0
870340,0
870341,0
870342,0
870343,0
870344,0
870345,0
870346,0
870347,1
870348,0
870349,0
870350,0
870351,0
870352,0
870353,0
870354,0
870355,0
870356,0
870357,0
870358,0
870359,0
870360,0
870361,0
870362,0
870363,0
870364,0
870365,0
870366,0
870367,0
870368,0
870369,0
870370,1
870371,0
870372,0
870373,0
870374,0
870375,0
870376,0
870377,0
870378,0
870379,0
870380,0
870381,0
870382,0
870383,0
870384,0
870385,0
870386,0
870387,0
870388,0
870389,0
870390,0
870391,0
870392,0
870393,0
870394,0
870395,0
870396,0
870397,0
870398,0
870399,0
870400,0
870401,0
870402,0
870403,0
870404,0
870405,0
870406,0
870407,0
870408,0
870409,0
870410,0
870411,0
870412,0
870413,0
870414,0
870415,0
870416,0
870417,0
870418,0
870419,0
870420,0
870421,0
870422,0
870423,0
870424,0
870425,0
870426,0
870427,0
870428,0
870429,0
870430,0
870431,0
870432,0
870433,0
870434,0
870435,0
870436,0
870437,0
870438,0
870439,0
870440,0
870441,0
870442,0
870443,0
870444,0
870445,0
870446,0
870447,0
870448,0
870449,0
870450,0
870451,0
870452,0
870453,0
870454,0
870455,0
870456,0
870457,0
870458,0
870459,0
870460,0
870461,0
870462,0
870463,0
870464,0
870465,0
870466,0
870467,1
870468,0
870469,0
870470,0
870471,0
870472,0
870473,0
870474,0
870475,0
870476,0
870477,0
870478,0
870479,1
870480,0
870481,0
870482,0
870483,0
870484,0
870485,0
870486,0
870487,0
870488,0
870489,0
870490,0
870491,0
870492,0
870493,0
870494,0
870495,0
870496,0
870497,0
870498,0
870499,0
870500,0
870501,0
870502,0
870503,0
870504,0
870505,0
870506,0
870507,0
870508,0
870509,0
870510,0
870511,0
870512,0
870513,0
870514,0
870515,0
870516,0
870517,0
870518,0
870519,0
870520,0
870521,0
870522,0
870523,0
870524,0
870525,0
870526,0
870527,0
870528,0
870529,0
870530,0
870531,0
870532,0
870533,0
870534,0
870535,0
870536,0
870537,0
870538,0
870539,0
870540,0
870541,0
870542,0
870543,0
870544,0
870545,0
870546,0
870547,0
870548,0
870549,0
870550,0
870551,0
870552,0
870553,0
870554,0
870555,0
870556,0
870557,0
870558,0
870559,0
870560,0
870561,0
870562,0
870563,0
870564,0
870565,0
870566,0
870567,1
870568,0
870569,0
870570,0
870571,0
870572,0
870573,0
870574,0
870575,0
870576,0
870577,0
870578,0
870579,0
870580,0
870581,0
870582,0
870583,0
870584,0
870585,0
870586,0
870587,0
870588,0
870589,0
870590,0
870591,0
870592,0
870593,0
870594,0
870595,0
870596,0
870597,0
870598,0
870599,0
870600,0
870601,0
870602,0
870603,0
870604,0
870605,0
870606,0
870607,0
870608,0
870609,0
870610,0
870611,0
870612,0
870613,0
870614,0
870615,0
870616,0
870617,0
870618,0
870619,0
870620,0
870621,0
870622,0
870623,0
870624,0
870625,0
870626,0
870627,0
870628,0
870629,0
870630,0
870631,0
870632,0
870633,0
870634,0
870635,0
870636,0
870637,0
870638,0
870639,0
870640,0
870641,0
870642,0
870643,0
870644,0
870645,0
870646,0
870647,0
870648,0
870649,0
870650,0
870651,0
870652,0
870653,0
870654,0
870655,0
870656,0
870657,0
870658,0
870659,0
870660,0
870661,0
870662,0
870663,0
870664,0
870665,0
870666,0
870667,0
870668,0
870669,0
870670,0
870671,0
870672,0
870673,0
870674,1
870675,0
870676,0
870677,0
870678,1
870679,0
870680,0
870681,0
870682,0
870683,0
870684,0
870685,0
870686,0
870687,0
870688,0
870689,0
870690,0
870691,0
870692,0
870693,0
870694,0
870695,0
870696,0
870697,0
870698,0
870699,0
870700,0
870701,0
870702,0
870703,0
870704,0
870705,0
870706,0
870707,0
870708,0
870709,0
870710,0
870711,0
870712,0
870713,0
870714,0
870715,0
870716,0
870717,0
870718,0
870719,0
870720,0
870721,0
870722,0
870723,0
870724,0
870725,0
870726,0
870727,0
870728,0
870729,0
870730,0
870731,0
870732,0
870733,0
870734,0
870735,0
870736,0
870737,0
870738,0
870739,0
870740,0
870741,0
870742,0
870743,0
870744,0
870745,0
870746,0
870747,0
870748,0
870749,0
870750,0
870751,0
870752,0
870753,1
870754,0
870755,0
870756,0
870757,0
870758,33
870759,40
870760,0
870761,27
870762,32
870763,0
870764,0
870765,46
870766,31
870767,0
870768,0
870769,0
870770,0
870771,0
870772,0
870773,0
870774,37
870775,40
870776,0
870777,0
870778,0
870779,40
870780,33
870781,0
870782,0
870783,0
870784,0
870785,0
870786,0
870787,0
870788,0
870789,0
870790,0
870791,46
870792,0
870793,38
870794,44
870795,0
870796,0
870797,0
870798,0
870799,56
870800,0
870801,0
870802,0
870803,0
870804,0
870805,31
870806,33
870807,0
870808,45
870809,0
870810,0
870811,0
870812,0
870813,0
870814,0
870815,0
870816,27
870817,0
870818,32
870819,0
870820,0
870821,0
870822,0
870823,0
870824,0
870825,0
870826,0
870827,21
870828,0
870829,0
870830,0
870831,0
870832,40
870833,32
870834,0
870835,0
870836,0
870837,0
870838,0
870839,0
870840,55
870841,0
870842,40
870843,0
870844,38
870845,0
870846,32
870847,44
870848,56
870849,0
870850,0
870851,0
870852,0
870853,0
870854,0
870855,40
870856,46
870857,0
870858,50
870859,0
870860,0
870861,0
870862,37
870863,0
870864,40
870865,0
870866,0
870867,0
870868,0
870869,0
870870,0
870871,0
870872,0
870873,26
870874,47
870875,50
870876,0
870877,0
870878,0
870879,49
870880,0
870881,0
870882,0
870883,0
870884,0
870885,0
870886,0
870887,0
870888,38
870889,0
870890,37
870891,0
870892,0
870893,42
870894,0
870895,0
870896,0
870897,0
870898,0
870899,32
870900,46
870901,40
870902,26
870903,41
870904,0
870905,32
870906,0
870907,0
870908,0
870909,0
870910,42
870911,0
870912,0
870913,0
870914,40
870915,0
870916,0
870917,48
870918,0
870919,0
870920,0
870921,0
870922,0
870923,45
870924,0
870925,0
870926,0
870927,0
870928,0
870929,0
870930,37
870931,55
870932,0
870933,0
870934,0
870935,38
870936,0
870937,0
870938,0
870939,0
870940,0
870941,46
870942,0
870943,0
870944,35
870945,39
870946,0
870947,0
870948,0
870949,50
870950,0
870951,0
870952,0
870953,41
870954,41
870955,0
870956,0
870957,29
870958,27
870959,56
870960,0
870961,0
870962,0
870963,0
870964,0
870965,0
870966,0
870967,52
870968,0
870969,32
870970,0
870971,41
870972,33
870973,34
870974,0
870975,59
870976,0
870977,33
870978,0
870979,0
870980,0
870981,0
870982,0
870983,0
870984,0
870985,42
870986,0
870987,0
870988,0
870989,0
870990,0
870991,0
870992,0
870993,45
870994,31
870995,0
870996,0
870997,35
870998,27
870999,0
871000,0
871001,0
871002,0
871003,0
871004,30
871005,38
871006,0
871007,40
871008,0
871009,41
871010,0
871011,38
871012,0
871013,0
871014,0
871015,46
871016,39
871017,0
871018,42
871019,41
871020,0
871021,0
871022,0
871023,33
871024,0
871025,0
871026,0
871027,0
871028,34
871029,35
871030,0
871031,38
871032,0
871033,0
871034,0
871035,0
871036,30
871037,0
871038,0
871039,0
871040,38
871041,0
871042,42
871043,0
871044,33
871045,26
871046,0
871047,0
871048,0
871049,41
871050,0
871051,0
871052,0
871053,34
871054,0
871055,0
871056,30
871057,0
871058,34
871059,0
871060,0
871061,54
871062,0
871063,42
871064,0
871065,0
871066,36
871067,37
871068,0
871069,0
871070,0
871071,0
871072,0
871073,0
871074,0
871075,44
871076,31
871077,0
871078,55
871079,41
871080,0
871081,0
871082,0
871083,0
871084,0
871085,52
871086,0
871087,0
871088,21
871089,54
871090,0
871091,28
871092,0
871093,48
871094,0
871095,50
871096,0
871097,0
871098,39
871099,0
871100,52
871101,38
871102,0
871103,0
871104,0
871105,0
871106,41
871107,0
871108,0
871109,37
871110,0
871111,0
871112,0
871113,0
871114,0
871115,0
871116,36
871117,43
871118,0
871119,0
871120,0
871121,0
871122,0
871123,0
871124,0
871125,0
871126,0
871127,48
871128,0
871129,0
871130,0
871131,0
871132,0
871133,0
871134,0
871135,0
871136,0
871137,32
871138,0
871139,0
871140,0
871141,0
871142,27
871143,0
871144,39
871145,0
871146,0
871147,43
871148,0
871149,47
871150,0
871151,0
871152,36
871153,50
871154,26
871155,0
871156,29
871157,35
871158,0
871159,46
871160,0
871161,0
871162,0
871163,0
871164,0
871165,0
871166,42
871167,0
871168,0
871169,0
871170,66
871171,43
871172,0
871173,44
871174,38
871175,37
871176,0
871177,0
871178,0
871179,25
871180,33
871181,0
871182,0
871183,0
871184,0
871185,0
871186,0
871187,42
871188,0
871189,0
871190,0
871191,28
871192,42
871193,37
871194,0
871195,0
871196,0
871197,0
871198,0
871199,0
871200,30
871201,0
871202,36
871203,33
871204,0
871205,28
871206,0
871207,29
871208,0
871209,0
871210,0
871211,0
871212,0
871213,0
871214,0
871215,0
871216,0
871217,0
871218,0
871219,44
871220,34
871221,49
871222,0
871223,0
871224,0
871225,30
871226,0
871227,0
871228,0
871229,0
871230,0
871231,38
871232,0
871233,35
871234,0
871235,0
871236,0
871237,32
871238,0
871239,31
871240,0
871241,0
871242,0
871243,0
871244,0
871245,38
871246,0
871247,0
871248,0
871249,0
871250,0
871251,0
871252,0
871253,0
871254,48
871255,0
871256,0
871257,0
871258,57
871259,0
871260,36
871261,22
871262,0
871263,0
871264,0
871265,0
871266,0
871267,0
871268,0
871269,51
871270,0
871271,0
871272,0
871273,32
871274,0
871275,29
871276,0
871277,0
871278,0
871279,46
871280,0
871281,34
871282,0
871283,0
871284,0
871285,0
871286,0
871287,0
871288,0
871289,0
871290,0
871291,0
871292,0
871293,0
871294,0
871295,0
871296,0
871297,47
871298,0
871299,0
871300,0
871301,0
871302,32
871303,0
871304,0
871305,0
871306,0
871307,0
871308,0
871309,0
871310,33
871311,0
871312,36
871313,0
871314,0
871315,30
871316,0
871317,31
871318,0
871319,52
871320,0
871321,37
871322,35
871323,58
871324,0
871325,0
871326,0
871327,0
871328,0
871329,0
871330,0
871331,40
871332,39
871333,30
871334,48
871335,0
871336,0
871337,0
871338,0
871339,0
871340,57
871341,45
871342,0
871343,26
871344,0
871345,0
871346,0
871347,0
871348,0
871349,32
871350,35
871351,46
871352,44
871353,0
871354,0
871355,0
871356,47
871357,0
871358,0
871359,31
871360,0
871361,43
871362,0
871363,0
871364,0
871365,0
871366,0
871367,0
871368,0
871369,0
871370,0
871371,59
871372,41
871373,0
871374,0
871375,0
871376,0
871377,0
871378,31
871379,32
871380,0
871381,29
871382,0
871383,0
871384,0
871385,0
871386,36
871387,0
871388,42
871389,0
871390,43
871391,0
871392,0
871393,43
871394,0
871395,51
871396,42
871397,50
871398,24
871399,0
871400,0
871401,0
871402,0
871403,43
871404,40
871405,0
871406,0
871407,42
871408,0
871409,29
871410,34
871411,0
871412,0
871413,0
871414,0
871415,0
871416,0
871417,0
871418,0
871419,0
871420,0
871421,0
871422,0
871423,0
871424,0
871425,0
871426,20
871427,0
871428,0
871429,0
871430,14
871431,0
871432,0
871433,0
871434,0
871435,0
871436,0
871437,0
871438,19
871439,0
871440,0
871441,0
871442,0
871443,0
871444,0
871445,0
871446,0
871447,0
871448,0
871449,0
871450,0
871451,16
871452,0
871453,0
871454,0
871455,0
871456,13
871457,0
871458,0
871459,0
871460,0
871461,0
871462,0
871463,0
871464,12
871465,0
871466,0
871467,0
871468,0
871469,0
871470,0
871471,0
871472,0
871473,0
871474,0
871475,0
871476,5
871477,0
871478,0
871479,0
871480,0
871481,18
871482,0
871483,0
871484,0
871485,0
871486,0
871487,0
871488,0
871489,0
871490,0
871491,0
871492,0
871493,0
871494,0
871495,0
871496,11
871497,20
871498,15
871499,0
871500,0
871501,0
871502,0
871503,21
871504,0
871505,0
871506,16
871507,14
871508,0
871509,0
871510,0
871511,0
871512,19
871513,0
871514,0
871515,13
871516,0
871517,0
871518,0
871519,0
871520,8
871521,18
871522,0
871523,17
871524,0
871525,0
871526,0
871527,15
871528,0
871529,0
871530,0
871531,0
871532,0
871533,0
871534,11
871535,0
871536,0
871537,0
871538,17
871539,18
871540,7
871541,12
871542,0
871543,0
871544,0
871545,0
871546,0
871547,0
871548,0
871549,0
871550,0
871551,0
871552,26
871553,0
871554,0
871555,0
871556,0
871557,0
871558,0
871559,14
871560,0
871561,0
871562,0
871563,13
871564,0
871565,0
871566,0
871567,0
871568,19
871569,0
871570,0
871571,13
871572,0
871573,0
871574,0
871575,0
871576,0
871577,0
871578,22
871579,0
871580,0
871581,0
871582,0
871583,0
871584,0
871585,0
871586,0
871587,0
871588,0
871589,0
871590,0
871591,0
871592,17
871593,0
871594,0
871595,0
871596,0
871597,17
871598,0
871599,9
871600,0
871601,0
871602,0
871603,0
871604,13
871605,0
871606,0
871607,0
871608,0
871609,0
871610,0
871611,11
871612,10
871613,0
871614,0
871615,10
871616,0
871617,0
871618,0
871619,0
871620,0
871621,22
871622,0
871623,0
871624,0
871625,0
871626,0
871627,0
871628,7
871629,0
871630,0
871631,0
871632,13
871633,0
871634,19
871635,0
871636,0
871637,0
871638,0
871639,0
871640,0
871641,0
871642,0
871643,0
871644,0
871645,0
871646,0
871647,0
871648,0
871649,0
871650,0
871651,0
871652,5
871653,8
871654,0
871655,10
871656,13
871657,13
871658,0
871659,0
871660,0
871661,0
871662,0
871663,0
871664,9
871665,0
871666,0
871667,0
871668,0
871669,19
871670,0
871671,0
871672,0
871673,0
871674,14
871675,0
871676,0
871677,0
871678,0
871679,0
871680,0
871681,0
871682,0
871683,12
871684,0
871685,0
871686,0
871687,16
871688,0
871689,15
871690,0
871691,0
871692,0
871693,0
871694,0
871695,0
871696,7
871697,0
871698,0
871699,5
871700,0
871701,23
871702,0
871703,0
871704,0
871705,0
871706,0
871707,0
871708,0
871709,0
871710,0
871711,0
871712,0
871713,0
871714,0
871715,0
871716,0
871717,11
871718,0
871719,12
871720,0
871721,0
871722,0
871723,19
871724,0
871725,0
871726,0
871727,0
871728,0
871729,0
871730,0
871731,0
871732,0
871733,0
871734,0
871735,0
871736,0
871737,0
871738,0
871739,0
871740,0
871741,0
871742,15
871743,0
871744,0
871745,0
871746,14
871747,0
871748,0
871749,0
871750,12
871751,0
871752,0
871753,0
871754,0
871755,0
871756,0
871757,11
871758,0
871759,0
871760,0
871761,0
871762,12
871763,0
871764,0
871765,16
871766,0
871767,0
871768,0
871769,0
871770,0
871771,0
871772,0
871773,0
871774,0
871775,14
871776,0
871777,0
871778,0
871779,0
871780,8
871781,0
871782,0
871783,0
871784,0
871785,0
871786,15
871787,0
871788,12
871789,0
871790,0
871791,0
871792,0
871793,0
871794,0
871795,21
871796,0
871797,9
871798,14
871799,0
871800,16
871801,12
871802,20
871803,8
871804,0
871805,0
871806,0
871807,0
871808,0
871809,0
871810,6
871811,0
871812,14
871813,0
871814,0
871815,0
871816,0
871817,0
871818,0
871819,11
871820,10
871821,0
871822,0
871823,0
871824,0
871825,0
871826,0
871827,16
871828,9
871829,0
871830,0
871831,0
871832,0
871833,0
871834,0
871835,0
871836,0
871837,0
871838,0
871839,0
871840,0
871841,0
871842,0
871843,21
871844,0
871845,16
871846,0
871847,0
871848,0
871849,0
871850,0
871851,0
871852,0
871853,0
871854,20
871855,0
871856,0
871857,0
871858,0
871859,0
871860,18
871861,22
871862,15
871863,0
871864,15
871865,0
871866,0
871867,9
871868,0
871869,17
871870,10
871871,0
871872,0
871873,0
871874,0
871875,0
871876,14
871877,0
871878,0
871879,0
871880,0
871881,0
871882,0
871883,0
871884,11
871885,0
871886,0
871887,0
871888,8
871889,0
871890,19
871891,0
871892,0
871893,18
871894,18
871895,0
871896,0
871897,0
871898,0
871899,0
871900,0
871901,0
871902,0
871903,0
871904,0
871905,18
871906,0
871907,0
871908,0
871909,0
871910,0
871911,0
871912,0
871913,0
871914,0
871915,0
871916,15
871917,0
871918,0
871919,13
871920,0
871921,14
871922,0
871923,0
871924,15
871925,0
871926,0
871927,17
871928,0
871929,0
871930,0
871931,0
871932,0
871933,0
871934,0
871935,0
871936,0
871937,0
871938,0
871939,0
871940,0
871941,0
871942,0
871943,0
871944,0
871945,0
871946,0
871947,0
871948,0
871949,16
871950,11
871951,0
871952,20
871953,0
871954,0
871955,0
871956,0
871957,0
871958,0
871959,0
871960,14
871961,0
871962,0
871963,0
871964,0
871965,0
871966,0
871967,0
871968,0
871969,0
871970,0
871971,0
871972,11
871973,0
871974,4
871975,0
871976,15
871977,0
871978,16
871979,0
871980,0
871981,0
871982,0
871983,20
871984,0
871985,0
871986,0
871987,0
871988,0
871989,0
871990,16
871991,0
871992,0
871993,0
871994,9
871995,17
871996,0
871997,0
871998,8
871999,11
872000,0
872001,0
872002,0
872003,0
872004,22
872005,0
872006,0
872007,11
872008,0
872009,0
872010,0
872011,0
872012,28
872013,11
872014,0
872015,0
872016,0
872017,0
872018,0
872019,0
872020,0
872021,0
872022,0
872023,0
872024,0
872025,0
872026,0
872027,21
872028,0
872029,0
872030,0
872031,21
872032,0
872033,0
872034,0
872035,8
872036,0
872037,0
872038,0
872039,0
872040,0
872041,22
872042,0
872043,0
872044,11
872045,0
872046,0
872047,24
872048,0
872049,0
872050,0
872051,0
872052,0
872053,0
872054,0
872055,0
872056,0
872057,0
872058,0
872059,0
872060,12
872061,0
872062,12
872063,16
872064,0
872065,0
872066,0
872067,16
872068,0
872069,0
872070,0
872071,19
872072,0
872073,0
872074,0
872075,0
872076,0
872077,23
872078,0
872079,0
872080,0
872081,0
872082,0
872083,0
872084,0
872085,13
872086,0
872087,0
872088,0
872089,0
872090,0
872091,0
872092,23
872093,0
872094,0
872095,0
872096,0
872097,0
872098,0
872099,0
872100,0
872101,0
872102,0
872103,0
872104,0
872105,0
872106,0
872107,0
872108,0
872109,12
872110,0
872111,0
872112,0
872113,21
872114,0
872115,0
872116,0
872117,16
872118,0
872119,0
872120,0
872121,0
872122,12
872123,0
872124,0
872125,0
872126,0
872127,0
872128,0
872129,0
872130,0
872131,0
872132,0
872133,0
872134,17
872135,0
872136,0
872137,16
872138,0
872139,0
872140,0
872141,0
872142,10
872143,0
872144,0
872145,0
872146,0
872147,8
872148,0
872149,0
872150,0
872151,0
872152,0
872153,0
872154,0
872155,0
872156,0
872157,0
872158,0
872159,0
872160,0
872161,0
872162,0
872163,0
872164,0
872165,0
872166,0
872167,0
872168,0
872169,0
872170,0
872171,21
872172,18
872173,0
872174,0
872175,0
872176,0
872177,12
872178,0
872179,0
872180,0
872181,0
872182,0
872183,0
872184,0
872185,15
872186,0
872187,0
872188,0
872189,14
872190,0
872191,0
872192,0
872193,0
872194,0
872195,16
872196,0
872197,10
872198,0
872199,0
872200,19
872201,0
872202,0
872203,16
872204,0
872205,0
872206,0
872207,0
872208,0
872209,14
872210,15
872211,0
872212,0
872213,0
872214,0
872215,0
872216,10
872217,0
872218,0
872219,0
872220,0
872221,0
872222,0
872223,0
872224,0
872225,16
872226,0
872227,0
872228,0
872229,0
872230,0
872231,14
872232,0
872233,0
872234,0
872235,0
872236,0
872237,0
872238,0
872239,0
872240,0
872241,0
872242,0
872243,0
872244,0
872245,0
872246,0
872247,0
872248,18
872249,0
872250,0
872251,0
872252,11
872253,0
872254,0
872255,0
872256,0
872257,0
872258,22
872259,0
872260,0
872261,0
872262,0
872263,0
872264,0
872265,0
872266,0
872267,0
872268,0
872269,0
872270,0
872271,0
872272,0
872273,0
872274,20
872275,14
872276,0
872277,13
872278,0
872279,0
872280,0
872281,0
872282,0
872283,16
872284,0
872285,0
872286,0
872287,0
872288,0
872289,0
872290,17
872291,0
872292,0
872293,0
872294,0
872295,0
872296,0
872297,9
872298,0
872299,0
872300,0
872301,0
872302,0
872303,0
872304,15
872305,0
872306,16
872307,0
872308,0
872309,18
872310,0
872311,9
872312,0
872313,0
872314,0
872315,10
872316,0
872317,0
872318,0
872319,0
872320,0
872321,0
872322,7
872323,0
872324,0
872325,0
872326,0
872327,0
872328,17
872329,0
872330,8
872331,0
872332,0
872333,0
872334,0
872335,0
872336,0
872337,0
872338,0
872339,0
872340,0
872341,0
872342,0
872343,0
872344,0
872345,0
872346,0
872347,12
872348,0
872349,0
872350,0
872351,0
872352,0
872353,0
872354,0
872355,0
872356,16
872357,0
872358,0
872359,0
872360,0
872361,0
872362,0
872363,0
872364,0
872365,0
872366,0
872367,0
872368,0
872369,0
872370,0
872371,13
872372,0
872373,0
872374,0
872375,0
872376,0
872377,0
872378,0
872379,0
872380,0
872381,0
872382,0
872383,0
872384,0
872385,0
872386,1
872387,0
872388,0
872389,0
872390,0
872391,0
872392,0
872393,0
872394,0
872395,0
872396,0
872397,0
872398,0
872399,0
872400,0
872401,0
872402,0
872403,0
872404,0
872405,0
872406,0
872407,0
872408,0
872409,0
872410,0
872411,0
872412,1
872413,0
872414,0
872415,0
872416,0
872417,0
872418,0
872419,0
872420,0
872421,0
872422,0
872423,0
872424,0
872425,0
872426,0
872427,0
872428,1
872429,0
872430,0
872431,0
872432,0
872433,0
872434,0
872435,0
872436,0
872437,0
872438,0
872439,0
872440,0
872441,0
872442,0
872443,0
872444,0
872445,0
872446,0
872447,0
872448,0
872449,0
872450,0
872451,0
872452,0
872453,0
872454,0
872455,0
872456,0
872457,0
872458,0
872459,0
872460,0
872461,0
872462,0
872463,0
872464,0
872465,0
872466,0
872467,1
872468,0
872469,0
872470,0
872471,0
872472,0
872473,0
872474,0
872475,0
872476,0
872477,0
872478,0
872479,0
872480,0
872481,0
872482,0
872483,0
872484,0
872485,0
872486,0
872487,0
872488,0
872489,0
872490,0
872491,0
872492,0
872493,0
872494,0
872495,0
872496,0
872497,0
872498,0
872499,0
872500,0
872501,0
872502,0
872503,0
872504,0
872505,0
872506,0
872507,0
872508,0
872509,0
872510,0
872511,0
872512,0
872513,0
872514,0
872515,0
872516,0
872517,0
872518,0
872519,0
872520,0
872521,1
872522,0
872523,0
872524,0
872525,0
872526,0
872527,0
872528,0
872529,0
872530,0
872531,0
872532,0
872533,0
872534,0
872535,0
872536,0
872537,0
872538,0
872539,0
872540,0
872541,0
872542,0
872543,0
872544,0
872545,0
872546,0
872547,0
872548,0
872549,0
872550,0
872551,0
872552,0
872553,0
872554,0
872555,0
872556,0
872557,0
872558,0
872559,0
872560,0
872561,0
872562,0
872563,0
872564,0
872565,0
872566,0
872567,0
872568,0
872569,0
872570,0
872571,0
872572,0
872573,0
872574,0
872575,0
872576,0
872577,0
872578,0
872579,0
872580,0
872581,0
872582,0
872583,0
872584,0
872585,0
872586,0
872587,0
872588,0
872589,0
872590,0
872591,0
872592,0
872593,0
872594,0
872595,0
872596,0
872597,0
872598,0
872599,0
872600,0
872601,0
872602,0
872603,0
872604,0
872605,0
872606,0
872607,0
872608,0
872609,0
872610,0
872611,0
872612,0
872613,0
872614,0
872615,0
872616,0
872617,0
872618,0
872619,0
872620,0
872621,0
872622,0
872623,0
872624,0
872625,0
872626,0
872627,0
872628,0
872629,0
872630,0
872631,0
872632,0
872633,0
872634,0
872635,0
872636,0
872637,0
872638,0
872639,0
872640,0
872641,0
872642,0
872643,0
872644,0
872645,0
872646,0
872647,0
872648,0
872649,0
872650,0
872651,0
872652,0
872653,0
872654,0
872655,0
872656,0
872657,0
872658,0
872659,0
872660,0
872661,0
872662,0
872663,0
872664,0
872665,0
872666,0
872667,0
872668,0
872669,0
872670,0
872671,0
872672,0
872673,0
872674,0
872675,0
872676,0
872677,0
872678,0
872679,0
872680,0
872681,0
872682,0
872683,0
872684,0
872685,0
872686,0
872687,0
872688,0
872689,1
872690,0
872691,0
872692,0
872693,0
872694,0
872695,0
872696,0
872697,0
872698,0
872699,0
872700,0
872701,22
872702,0
872703,0
872704,13
872705,0
872706,0
872707,0
872708,0
872709,0
872710,0
872711,0
872712,0
872713,0
872714,0
872715,15
872716,0
872717,0
872718,0
872719,9
872720,0
872721,0
872722,0
872723,0
872724,0
872725,0
872726,0
872727,0
872728,0
872729,0
872730,0
872731,0
872732,0
872733,0
872734,0
872735,0
872736,0
872737,0
872738,13
872739,0
872740,9
872741,0
872742,0
872743,0
872744,0
872745,0
872746,14
872747,17
872748,0
872749,0
872750,0
872751,0
872752,11
872753,0
872754,0
872755,13
872756,0
872757,0
872758,0
872759,0
872760,0
872761,0
872762,0
872763,0
872764,0
872765,9
872766,0
872767,0
872768,0
872769,0
872770,0
872771,0
872772,0
872773,12
872774,8
872775,0
872776,0
872777,0
872778,0
872779,0
872780,0
872781,0
872782,0
872783,0
872784,0
872785,0
872786,0
872787,0
872788,0
872789,0
872790,0
872791,0
872792,0
872793,0
872794,0
872795,0
872796,0
872797,0
872798,0
872799,28
872800,0
872801,0
872802,0
872803,0
872804,0
872805,0
872806,0
872807,0
872808,0
872809,8
872810,15
872811,0
872812,0
872813,0
872814,0
872815,0
872816,0
872817,0
872818,0
872819,0
872820,10
872821,9
872822,0
872823,0
872824,0
872825,0
872826,0
872827,0
872828,0
872829,7
872830,0
872831,0
872832,0
872833,16
872834,0
872835,10
872836,19
872837,0
872838,0
872839,0
872840,0
872841,0
872842,9
872843,0
872844,0
872845,0
872846,0
872847,0
872848,0
872849,6
872850,0
872851,0
872852,18
872853,0
872854,0
872855,0
872856,17
872857,0
872858,12
872859,15
872860,0
872861,0
872862,0
872863,0
872864,0
872865,0
872866,0
872867,0
872868,0
872869,0
872870,0
872871,0
872872,0
872873,0
872874,0
872875,9
872876,21
872877,0
872878,0
872879,0
872880,30
872881,0
872882,0
872883,0
872884,0
872885,23
872886,0
872887,0
872888,44
872889,0
872890,0
872891,0
872892,41
872893,0
872894,0
872895,0
872896,0
872897,0
872898,0
872899,0
872900,0
872901,0
872902,23
872903,30
872904,0
872905,0
872906,0
872907,0
872908,0
872909,22
872910,0
872911,0
872912,0
872913,0
872914,0
872915,37
872916,0
872917,26
872918,37
872919,0
872920,0
872921,0
872922,0
872923,0
872924,0
872925,0
872926,34
872927,24
872928,0
872929,0
872930,0
872931,0
872932,0
872933,0
872934,0
872935,44
872936,0
872937,0
872938,0
872939,33
872940,0
872941,0
872942,0
872943,34
872944,0
872945,0
872946,0
872947,0
872948,0
872949,40
872950,0
872951,27
872952,0
872953,23
872954,47
872955,0
872956,0
872957,30
872958,0
872959,0
872960,0
872961,0
872962,0
872963,19
872964,0
872965,44
872966,37
872967,0
872968,78
872969,34
872970,0
872971,28
872972,0
872973,28
872974,0
872975,0
872976,0
872977,0
872978,0
872979,0
872980,30
872981,0
872982,48
872983,0
872984,0
872985,63
872986,28
872987,0
872988,24
872989,0
872990,0
872991,33
872992,61
872993,48
872994,0
872995,0
872996,0
872997,0
872998,0
872999,0
873000,0
873001,46
873002,29
873003,0
873004,0
873005,14
873006,0
873007,0
873008,0
873009,0
873010,34
873011,58
873012,0
873013,0
873014,0
873015,0
873016,0
873017,0
873018,0
873019,0
873020,0
873021,0
873022,0
873023,67
873024,0
873025,0
873026,31
873027,0
873028,14
873029,0
873030,0
873031,0
873032,0
873033,61
873034,0
873035,0
873036,0
873037,0
873038,0
873039,0
873040,0
873041,0
873042,22
873043,0
873044,39
873045,0
873046,42
873047,0
873048,28
873049,0
873050,0
873051,0
873052,16
873053,0
873054,0
873055,0
873056,0
873057,0
873058,0
873059,0
873060,0
873061,0
873062,32
873063,18
873064,0
873065,0
873066,52
873067,0
873068,26
873069,0
873070,36
873071,0
873072,0
873073,0
873074,0
873075,0
873076,0
873077,0
873078,0
873079,0
873080,0
873081,0
873082,0
873083,0
873084,30
873085,27
873086,0
873087,19
873088,38
873089,0
873090,0
873091,0
873092,18
873093,0
873094,14
873095,44
873096,32
873097,0
873098,0
873099,0
873100,0
873101,0
873102,0
873103,24
873104,0
873105,22
873106,35
873107,0
873108,0
873109,0
873110,0
873111,38
873112,0
873113,20
873114,0
873115,0
873116,0
873117,17
873118,59
873119,0
873120,0
873121,0
873122,34
873123,0
873124,30
873125,0
873126,0
873127,0
873128,0
873129,0
873130,34
873131,44
873132,0
873133,0
873134,32
873135,0
873136,0
873137,31
873138,0
873139,0
873140,38
873141,31
873142,30
873143,38
873144,0
873145,0
873146,0
873147,50
873148,13
873149,22
873150,0
873151,0
873152,20
873153,0
873154,0
873155,35
873156,0
873157,0
873158,0
873159,0
873160,0
873161,0
873162,0
873163,0
873164,0
873165,0
873166,0
873167,0
873168,20
873169,0
873170,20
873171,23
873172,0
873173,0
873174,0
873175,0
873176,28
873177,0
873178,0
873179,0
873180,33
873181,0
873182,0
873183,0
873184,0
873185,0
873186,0
873187,0
873188,0
873189,0
873190,0
873191,0
873192,0
873193,31
873194,0
873195,0
873196,0
873197,0
873198,0
873199,0
873200,0
873201,0
873202,0
873203,0
873204,0
873205,0
873206,0
873207,0
873208,0
873209,0
873210,0
873211,0
873212,0
873213,0
873214,0
873215,0
873216,0
873217,0
873218,0
873219,0
873220,0
873221,0
873222,27
873223,25
873224,0
873225,24
873226,0
873227,0
873228,0
873229,0
873230,0
873231,0
873232,0
873233,0
873234,0
873235,0
873236,36
873237,0
873238,0
873239,0
873240,0
873241,47
873242,48
873243,0
873244,0
873245,0
873246,0
873247,0
873248,0
873249,0
873250,0
873251,0
873252,22
873253,0
873254,0
873255,26
873256,0
873257,0
873258,35
873259,0
873260,0
873261,0
873262,36
873263,0
873264,0
873265,24
873266,0
873267,0
873268,0
873269,0
873270,0
873271,0
873272,0
873273,0
873274,20
873275,0
873276,15
873277,0
873278,0
873279,0
873280,0
873281,0
873282,19
873283,0
873284,0
873285,0
873286,0
873287,0
873288,0
873289,33
873290,0
873291,0
873292,25
873293,34
873294,0
873295,0
873296,29
873297,27
873298,0
873299,21
873300,0
873301,0
873302,0
873303,0
873304,0
873305,47
873306,0
873307,59
873308,22
873309,0
873310,0
873311,0
873312,0
873313,0
873314,0
873315,0
873316,0
873317,0
873318,0
873319,37
873320,0
873321,0
873322,0
873323,0
873324,0
873325,0
873326,43
873327,0
873328,0
873329,0
873330,0
873331,0
873332,0
873333,34
873334,0
873335,0
873336,0
873337,40
873338,0
873339,0
873340,33
873341,0
873342,0
873343,0
873344,50
873345,0
873346,25
873347,0
873348,55
873349,0
873350,0
873351,0
873352,27
873353,0
873354,0
873355,0
873356,0
873357,0
873358,0
873359,0
873360,0
873361,0
873362,0
873363,0
873364,0
873365,0
873366,0
873367,0
873368,0
873369,29
873370,0
873371,0
873372,0
873373,0
873374,31
873375,0
873376,0
873377,0
873378,0
873379,0
873380,0
873381,0
873382,0
873383,0
873384,19
873385,0
873386,0
873387,0
873388,0
873389,0
873390,0
873391,0
873392,34
873393,0
873394,0
873395,0
873396,32
873397,0
873398,0
873399,39
873400,0
873401,0
873402,0
873403,0
873404,0
873405,0
873406,0
873407,0
873408,0
873409,0
873410,37
873411,0
873412,0
873413,0
873414,0
873415,27
873416,0
873417,0
873418,0
873419,0
873420,20
873421,29
873422,0
873423,36
873424,0
873425,28
873426,0
873427,0
873428,35
873429,0
873430,0
873431,29
873432,41
873433,0
873434,0
873435,0
873436,23
873437,0
873438,0
873439,0
873440,60
873441,44
873442,0
873443,0
873444,0
873445,0
873446,0
873447,0
873448,0
873449,0
873450,26
873451,30
873452,19
873453,19
873454,0
873455,0
873456,30
873457,0
873458,0
873459,0
873460,0
873461,14
873462,0
873463,0
873464,28
873465,0
873466,0
873467,39
873468,0
873469,0
873470,0
873471,0
873472,0
873473,14
873474,0
873475,0
873476,30
873477,0
873478,53
873479,0
873480,0
873481,0
873482,0
873483,0
873484,0
873485,0
873486,0
873487,0
873488,0
873489,0
873490,49
873491,0
873492,0
873493,0
873494,0
873495,0
873496,0
873497,28
873498,0
873499,0
873500,0
873501,0
873502,0
873503,0
873504,22
873505,0
873506,0
873507,0
873508,0
873509,0
873510,24
873511,0
873512,0
873513,0
873514,18
873515,0
873516,0
873517,0
873518,0
873519,0
873520,0
873521,0
873522,0
873523,0
873524,18
873525,0
873526,41
873527,0
873528,35
873529,0
873530,22
873531,0
873532,0
873533,0
873534,0
873535,0
873536,0
873537,0
873538,0
873539,0
873540,0
873541,0
873542,0
873543,0
873544,48
873545,0
873546,0
873547,0
873548,70
873549,0
873550,0
873551,26
873552,24
873553,0
873554,22
873555,0
873556,32
873557,0
873558,0
873559,0
873560,29
873561,0
873562,0
873563,34
873564,0
873565,0
873566,52
873567,0
873568,0
873569,0
873570,0
873571,0
873572,11
873573,26
873574,0
873575,36
873576,22
873577,0
873578,40
873579,25
873580,0
873581,0
873582,28
873583,0
873584,21
873585,0
873586,0
873587,0
873588,40
873589,0
873590,0
873591,0
873592,0
873593,22
873594,0
873595,47
873596,31
873597,32
873598,0
873599,0
873600,0
873601,0
873602,22
873603,0
873604,0
873605,0
873606,0
873607,0
873608,0
873609,0
873610,20
873611,0
873612,0
873613,0
873614,0
873615,0
873616,0
873617,0
873618,0
873619,0
873620,0
873621,0
873622,0
873623,0
873624,0
873625,0
873626,0
873627,0
873628,0
873629,0
873630,0
873631,0
873632,0
873633,0
873634,0
873635,23
873636,0
873637,0
873638,0
873639,0
873640,0
873641,0
873642,0
873643,0
873644,0
873645,0
873646,0
873647,21
873648,0
873649,0
873650,0
873651,10
873652,0
873653,0
873654,0
873655,0
873656,0
873657,14
873658,9
873659,0
873660,0
873661,0
873662,0
873663,0
873664,9
873665,17
873666,0
873667,0
873668,0
873669,0
873670,0
873671,26
873672,0
873673,10
873674,0
873675,0
873676,0
873677,0
873678,0
873679,0
873680,0
873681,0
873682,0
873683,0
873684,0
873685,0
873686,0
873687,15
873688,0
873689,0
873690,0
873691,0
873692,16
873693,0
873694,0
873695,0
873696,0
873697,0
873698,0
873699,0
873700,0
873701,0
873702,0
873703,0
873704,0
873705,16
873706,0
873707,17
873708,13
873709,0
873710,0
873711,0
873712,0
873713,16
873714,0
873715,0
873716,0
873717,11
873718,0
873719,0
873720,0
873721,0
873722,11
873723,0
873724,0
873725,0
873726,13
873727,0
873728,0
873729,0
873730,0
873731,0
873732,0
873733,0
873734,0
873735,0
873736,0
873737,0
873738,0
873739,0
873740,0
873741,0
873742,0
873743,0
873744,9
873745,0
873746,0
873747,11
873748,11
873749,0
873750,0
873751,0
873752,0
873753,0
873754,12
873755,0
873756,0
873757,0
873758,0
873759,0
873760,0
873761,0
873762,0
873763,0
873764,0
873765,13
873766,0
873767,11
873768,0
873769,0
873770,0
873771,0
873772,0
873773,0
873774,10
873775,0
873776,0
873777,0
873778,0
873779,0
873780,0
873781,0
873782,0
873783,0
873784,0
873785,0
873786,0
873787,0
873788,0
873789,15
873790,0
873791,0
873792,0
873793,11
873794,0
873795,0
873796,0
873797,0
873798,0
873799,1
873800,0
873801,0
873802,0
873803,0
873804,0
873805,0
873806,0
873807,5
873808,0
873809,0
873810,0
873811,0
873812,0
873813,0
873814,0
873815,0
873816,0
873817,0
873818,20
873819,0
873820,0
873821,0
873822,0
873823,0
873824,0
873825,0
873826,0
873827,0
873828,0
873829,0
873830,0
873831,0
873832,0
873833,0
873834,0
873835,14
873836,0
873837,0
873838,0
873839,0
873840,0
873841,0
873842,0
873843,17
873844,0
873845,17
873846,0
873847,0
873848,0
873849,0
873850,20
873851,0
873852,12
873853,0
873854,17
873855,0
873856,11
873857,0
873858,0
873859,0
873860,0
873861,0
873862,11
873863,0
873864,0
873865,16
873866,0
873867,0
873868,11
873869,0
873870,0
873871,17
873872,0
873873,0
873874,0
873875,0
873876,0
873877,0
873878,0
873879,0
873880,0
873881,0
873882,0
873883,10
873884,0
873885,0
873886,0
873887,0
873888,0
873889,0
873890,0
873891,0
873892,0
873893,0
873894,0
873895,0
873896,0
873897,17
873898,0
873899,0
873900,0
873901,0
873902,10
873903,29
873904,16
873905,0
873906,14
873907,0
873908,11
873909,0
873910,0
873911,18
873912,0
873913,0
873914,0
873915,0
873916,0
873917,0
873918,0
873919,0
873920,0
873921,13
873922,0
873923,0
873924,14
873925,18
873926,0
873927,0
873928,0
873929,0
873930,5
873931,8
873932,0
873933,0
873934,16
873935,0
873936,0
873937,13
873938,0
873939,0
873940,23
873941,0
873942,18
873943,0
873944,32
873945,0
873946,0
873947,0
873948,38
873949,0
873950,0
873951,0
873952,32
873953,0
873954,27
873955,0
873956,29
873957,0
873958,0
873959,0
873960,0
873961,0
873962,0
873963,0
873964,25
873965,0
873966,0
873967,0
873968,0
873969,0
873970,32
873971,0
873972,0
873973,0
873974,0
873975,0
873976,0
873977,22
873978,33
873979,33
873980,18
873981,20
873982,0
873983,0
873984,0
873985,24
873986,0
873987,0
873988,0
873989,0
873990,0
873991,0
873992,0
873993,0
873994,26
873995,0
873996,31
873997,0
873998,0
873999,0
874000,20
874001,12
874002,0
874003,19
874004,29
874005,0
874006,0
874007,28
874008,21
874009,0
874010,0
874011,0
874012,0
874013,0
874014,0
874015,0
874016,0
874017,0
874018,0
874019,0
874020,19
874021,23
874022,32
874023,0
874024,0
874025,0
874026,17
874027,0
874028,0
874029,0
874030,0
874031,0
874032,0
874033,24
874034,22
874035,0
874036,0
874037,21
874038,0
874039,0
874040,0
874041,0
874042,0
874043,0
874044,0
874045,18
874046,0
874047,0
874048,0
874049,19
874050,0
874051,33
874052,0
874053,0
874054,0
874055,0
874056,21
874057,0
874058,0
874059,31
874060,0
874061,0
874062,0
874063,19
874064,32
874065,0
874066,34
874067,16
874068,0
874069,0
874070,32
874071,0
874072,0
874073,0
874074,27
874075,0
874076,0
874077,29
874078,0
874079,0
874080,0
874081,0
874082,0
874083,0
874084,0
874085,0
874086,0
874087,20
874088,32
874089,0
874090,0
874091,26
874092,28
874093,0
874094,30
874095,24
874096,22
874097,0
874098,0
874099,0
874100,0
874101,20
874102,0
874103,0
874104,0
874105,0
874106,0
874107,0
874108,24
874109,23
874110,0
874111,0
874112,0
874113,0
874114,0
874115,29
874116,15
874117,0
874118,0
874119,0
874120,0
874121,14
874122,0
874123,0
874124,0
874125,0
874126,22
874127,0
874128,0
874129,0
874130,0
874131,0
874132,0
874133,0
874134,0
874135,0
874136,0
874137,0
874138,0
874139,0
874140,0
874141,0
874142,29
874143,0
874144,27
874145,11
874146,0
874147,0
874148,0
874149,0
874150,0
874151,0
874152,0
874153,0
874154,0
874155,0
874156,0
874157,30
874158,36
874159,0
874160,0
874161,0
874162,0
874163,0
874164,36
874165,0
874166,32
874167,19
874168,28
874169,0
874170,0
874171,26
874172,0
874173,0
874174,0
874175,0
874176,0
874177,0
874178,0
874179,0
874180,0
874181,27
874182,0
874183,0
874184,23
874185,0
874186,28
874187,0
874188,0
874189,0
874190,0
874191,0
874192,0
874193,0
874194,0
874195,0
874196,0
874197,21
874198,0
874199,0
874200,0
874201,0
874202,0
874203,0
874204,0
874205,0
874206,0
874207,0
874208,0
874209,27
874210,0
874211,0
874212,26
874213,22
874214,0
874215,0
874216,0
874217,0
874218,0
874219,0
874220,0
874221,18
874222,22
874223,0
874224,27
874225,0
874226,0
874227,0
874228,25
874229,24
874230,18
874231,0
874232,0
874233,0
874234,0
874235,20
874236,0
874237,0
874238,0
874239,0
874240,0
874241,0
874242,0
874243,25
874244,22
874245,0
874246,14
874247,23
874248,0
874249,27
874250,23
874251,0
874252,0
874253,0
874254,0
874255,0
874256,0
874257,0
874258,0
874259,0
874260,0
874261,0
874262,22
874263,0
874264,0
874265,42
874266,0
874267,0
874268,0
874269,0
874270,32
874271,28
874272,18
874273,26
874274,0
874275,0
874276,18
874277,0
874278,25
874279,0
874280,0
874281,27
874282,0
874283,0
874284,0
874285,0
874286,0
874287,0
874288,27
874289,0
874290,0
874291,0
874292,0
874293,0
874294,30
874295,0
874296,0
874297,23
874298,26
874299,0
874300,0
874301,0
874302,0
874303,0
874304,0
874305,27
874306,0
874307,0
874308,0
874309,4
874310,0
874311,0
874312,0
874313,0
874314,2
874315,0
874316,1
874317,0
874318,0
874319,0
874320,0
874321,0
874322,5
874323,0
874324,0
874325,1
874326,0
874327,0
874328,0
874329,0
874330,4
874331,0
874332,0
874333,0
874334,1
874335,0
874336,0
874337,2
874338,0
874339,0
874340,0
874341,0
874342,0
874343,3
874344,0
874345,4
874346,0
874347,2
874348,0
874349,0
874350,1
874351,1
874352,0
874353,2
874354,0
874355,0
874356,0
874357,0
874358,0
874359,0
874360,1
874361,4
874362,0
874363,0
874364,1
874365,0
874366,6
874367,0
874368,0
874369,0
874370,3
874371,0
874372,0
874373,2
874374,0
874375,0
874376,0
874377,1
874378,0
874379,0
874380,6
874381,4
874382,0
874383,1
874384,1
874385,0
874386,0
874387,0
874388,2
874389,4
874390,0
874391,0
874392,1
874393,0
874394,1
874395,0
874396,0
874397,0
874398,0
874399,0
874400,2
874401,5
874402,0
874403,0
874404,2
874405,0
874406,0
874407,0
874408,0
874409,0
874410,0
874411,0
874412,3
874413,0
874414,0
874415,0
874416,0
874417,0
874418,0
874419,0
874420,0
874421,0
874422,0
874423,0
874424,0
874425,0
874426,1
874427,0
874428,0
874429,0
874430,0
874431,0
874432,0
874433,0
874434,3
874435,0
874436,3
874437,1
874438,1
874439,0
874440,4
874441,0
874442,0
874443,0
874444,0
874445,0
874446,0
874447,0
874448,0
874449,0
874450,2
874451,0
874452,0
874453,0
874454,0
874455,2
874456,0
874457,3
874458,0
874459,0
874460,0
874461,1
874462,0
874463,0
874464,0
874465,0
874466,0
874467,0
874468,0
874469,3
874470,0
874471,2
874472,0
874473,0
874474,0
874475,0
874476,0
874477,0
874478,0
874479,0
874480,0
874481,1
874482,0
874483,0
874484,0
874485,1
874486,0
874487,0
874488,0
874489,0
874490,0
874491,7
874492,3
874493,3
874494,0
874495,0
874496,0
874497,0
874498,5
874499,0
874500,0
874501,0
874502,0
874503,0
874504,0
874505,3
874506,0
874507,0
874508,1
874509,0
874510,0
874511,0
874512,0
874513,0
874514,1
874515,0
874516,0
874517,0
874518,0
874519,0
874520,1
874521,0
874522,0
874523,1
874524,0
874525,0
874526,0
874527,4
874528,1
874529,0
874530,3
874531,0
874532,0
874533,0
874534,0
874535,0
874536,0
874537,0
874538,3
874539,0
874540,3
874541,0
874542,0
874543,1
874544,0
874545,3
874546,0
874547,0
874548,0
874549,0
874550,0
874551,0
874552,0
874553,3
874554,0
874555,0
874556,0
874557,0
874558,0
874559,0
874560,0
874561,0
874562,0
874563,0
874564,0
874565,6
874566,0
874567,0
874568,0
874569,0
874570,0
874571,0
874572,0
874573,0
874574,1
874575,4
874576,0
874577,0
874578,4
874579,0
874580,0
874581,0
874582,0
874583,0
874584,2
874585,0
874586,0
874587,0
874588,0
874589,0
874590,0
874591,0
874592,5
874593,3
874594,0
874595,2
874596,0
874597,3
874598,2
874599,0
874600,0
874601,0
874602,0
874603,0
874604,0
874605,2
874606,0
874607,0
874608,0
874609,3
874610,3
874611,0
874612,7
874613,0
874614,0
874615,0
874616,0
874617,2
874618,0
874619,0
874620,0
874621,5
874622,0
874623,0
874624,0
874625,0
874626,0
874627,0
874628,3
874629,0
874630,0
874631,0
874632,2
874633,0
874634,0
874635,0
874636,3
874637,0
874638,1
874639,0
874640,1
874641,0
874642,2
874643,0
874644,0
874645,0
874646,0
874647,3
874648,4
874649,0
874650,2
874651,1
874652,0
874653,0
874654,0
874655,5
874656,0
874657,0
874658,0
874659,0
874660,0
874661,1
874662,0
874663,2
874664,0
874665,0
874666,0
874667,2
874668,0
874669,0
874670,0
874671,2
874672,0
874673,2
874674,0
874675,3
874676,0
874677,0
874678,0
874679,0
874680,0
874681,0
874682,0
874683,1
874684,0
874685,0
874686,1
874687,0
874688,2
874689,0
874690,0
874691,0
874692,0
874693,0
874694,0
874695,0
874696,0
874697,0
874698,2
874699,0
874700,0
874701,1
874702,2
874703,0
874704,0
874705,0
874706,0
874707,0
874708,0
874709,0
874710,0
874711,0
874712,0
874713,0
874714,0
874715,0
874716,0
874717,0
874718,0
874719,0
874720,0
874721,0
874722,0
874723,0
874724,1
874725,3
874726,0
874727,0
874728,0
874729,0
874730,0
874731,0
874732,0
874733,0
874734,0
874735,0
874736,0
874737,0
874738,0
874739,0
874740,0
874741,0
874742,0
874743,0
874744,0
874745,0
874746,0
874747,1
874748,0
874749,0
874750,0
874751,0
874752,2
874753,0
874754,0
874755,0
874756,0
874757,0
874758,0
874759,0
874760,0
874761,0
874762,3
874763,0
874764,0
874765,0
874766,4
874767,0
874768,0
874769,0
874770,2
874771,0
874772,0
874773,4
874774,0
874775,0
874776,2
874777,3
874778,0
874779,0
874780,0
874781,0
874782,0
874783,0
874784,0
874785,0
874786,3
874787,5
874788,0
874789,1
874790,2
874791,0
874792,1
874793,0
874794,0
874795,0
874796,0
874797,0
874798,0
874799,2
874800,0
874801,3
874802,0
874803,0
874804,0
874805,0
874806,0
874807,0
874808,0
874809,0
874810,2
874811,2
874812,0
874813,0
874814,0
874815,4
874816,0
874817,0
874818,0
874819,0
874820,0
874821,0
874822,2
874823,0
874824,0
874825,0
874826,0
874827,3
874828,0
874829,1
874830,2
874831,0
874832,0
874833,1
874834,0
874835,0
874836,0
874837,1
874838,0
874839,0
874840,1
874841,0
874842,2
874843,0
874844,0
874845,3
874846,0
874847,0
874848,0
874849,3
874850,0
874851,0
874852,0
874853,0
874854,0
874855,2
874856,0
874857,0
874858,1
874859,0
874860,0
874861,0
874862,1
874863,0
874864,0
874865,0
874866,2
874867,0
874868,0
874869,0
874870,3
874871,0
874872,0
874873,0
874874,0
874875,2
874876,0
874877,0
874878,0
874879,0
874880,0
874881,0
874882,2
874883,1
874884,0
874885,0
874886,0
874887,0
874888,0
874889,0
874890,0
874891,0
874892,0
874893,4
874894,3
874895,0
874896,0
874897,0
874898,0
874899,0
874900,2
874901,0
874902,4
874903,0
874904,0
874905,0
874906,0
874907,0
874908,0
874909,0
874910,0
874911,0
874912,0
874913,0
874914,2
874915,0
874916,0
874917,0
874918,0
874919,4
874920,0
874921,0
874922,0
874923,1
874924,2
874925,3
874926,0
874927,2
874928,2
874929,0
874930,0
874931,0
874932,0
874933,1
874934,0
874935,0
874936,1
874937,0
874938,0
874939,0
874940,0
874941,0
874942,1
874943,2
874944,0
874945,0
874946,0
874947,2
874948,0
874949,0
874950,2
874951,0
874952,0
874953,0
874954,0
874955,0
874956,0
874957,0
874958,0
874959,0
874960,1
874961,1
874962,0
874963,0
874964,4
874965,0
874966,0
874967,2
874968,0
874969,0
874970,0
874971,0
874972,0
874973,3
874974,0
874975,0
874976,0
874977,0
874978,0
874979,0
874980,0
874981,0
874982,3
874983,0
874984,0
874985,0
874986,0
874987,3
874988,0
874989,1
874990,0
874991,2
874992,0
874993,0
874994,2
874995,0
874996,0
874997,0
874998,0
874999,0
875000,0
875001,0
875002,0
875003,0
875004,1
875005,0
875006,2
875007,0
875008,0
875009,0
875010,0
875011,0
875012,0
875013,0
875014,0
875015,0
875016,0
875017,0
875018,3
875019,3
875020,0
875021,0
875022,0
875023,1
875024,0
875025,0
875026,4
875027,0
875028,0
875029,0
875030,0
875031,3
875032,0
875033,3
875034,0
875035,0
875036,0
875037,0
875038,0
875039,0
875040,0
875041,3
875042,0
875043,0
875044,0
875045,0
875046,0
875047,0
875048,0
875049,0
875050,0
875051,0
875052,0
875053,0
875054,0
875055,0
875056,0
875057,0
875058,5
875059,0
875060,1
875061,1
875062,0
875063,0
875064,4
875065,3
875066,0
875067,1
875068,0
875069,3
875070,0
875071,0
875072,2
875073,2
875074,0
875075,0
875076,0
875077,0
875078,4
875079,0
875080,0
875081,0
875082,0
875083,0
875084,0
875085,0
875086,0
875087,2
875088,0
875089,0
875090,0
875091,0
875092,0
875093,0
875094,0
875095,0
875096,0
875097,0
875098,0
875099,0
875100,0
875101,0
875102,5
875103,9
875104,0
875105,0
875106,0
875107,9
875108,8
875109,0
875110,0
875111,0
875112,0
875113,0
875114,0
875115,0
875116,5
875117,0
875118,0
875119,0
875120,0
875121,0
875122,0
875123,0
875124,7
875125,0
875126,0
875127,0
875128,0
875129,6
875130,0
875131,0
875132,8
875133,0
875134,0
875135,0
875136,0
875137,5
875138,0
875139,0
875140,0
875141,0
875142,0
875143,0
875144,8
875145,0
875146,0
875147,0
875148,0
875149,10
875150,4
875151,5
875152,0
875153,0
875154,0
875155,0
875156,10
875157,0
875158,0
875159,0
875160,6
875161,0
875162,0
875163,5
875164,9
875165,8
875166,0
875167,0
875168,8
875169,0
875170,0
875171,0
875172,0
875173,3
875174,0
875175,7
875176,0
875177,0
875178,5
875179,3
875180,0
875181,0
875182,0
875183,9
875184,0
875185,0
875186,4
875187,0
875188,0
875189,0
875190,0
875191,0
875192,0
875193,7
875194,8
875195,0
875196,0
875197,0
875198,2
875199,0
875200,0
875201,0
875202,0
875203,0
875204,8
875205,0
875206,9
875207,10
875208,0
875209,0
875210,0
875211,0
875212,7
875213,0
875214,11
875215,0
875216,0
875217,0
875218,0
875219,6
875220,0
875221,0
875222,0
875223,0
875224,0
875225,4
875226,10
875227,0
875228,0
875229,0
875230,0
875231,0
875232,0
875233,0
875234,0
875235,0
875236,0
875237,6
875238,0
875239,0
875240,18
875241,0
875242,0
875243,0
875244,0
875245,0
875246,0
875247,8
875248,0
875249,0
875250,0
875251,5
875252,0
875253,0
875254,0
875255,0
875256,0
875257,0
875258,0
875259,0
875260,0
875261,8
875262,0
875263,0
875264,0
875265,0
875266,5
875267,5
875268,0
875269,4
875270,0
875271,0
875272,0
875273,0
875274,0
875275,0
875276,0
875277,0
875278,0
875279,0
875280,0
875281,0
875282,0
875283,6
875284,0
875285,0
875286,10
875287,0
875288,0
875289,10
875290,0
875291,0
875292,0
875293,0
875294,0
875295,0
875296,0
875297,5
875298,0
875299,0
875300,0
875301,0
875302,0
875303,10
875304,0
875305,0
875306,0
875307,0
875308,12
875309,0
875310,0
875311,0
875312,0
875313,0
875314,0
875315,8
875316,11
875317,0
875318,0
875319,0
875320,0
875321,15
875322,0
875323,3
875324,0
875325,0
875326,0
875327,10
875328,7
875329,0
875330,0
875331,0
875332,0
875333,7
875334,0
875335,0
875336,0
875337,0
875338,15
875339,0
875340,7
875341,0
875342,0
875343,0
875344,0
875345,0
875346,0
875347,12
875348,0
875349,0
875350,0
875351,0
875352,0
875353,2
875354,0
875355,0
875356,9
875357,4
875358,13
875359,0
875360,0
875361,0
875362,0
875363,5
875364,0
875365,8
875366,0
875367,0
875368,0
875369,6
875370,0
875371,0
875372,0
875373,0
875374,0
875375,4
875376,0
875377,0
875378,8
875379,0
875380,6
875381,5
875382,0
875383,0
875384,0
875385,0
875386,0
875387,15
875388,0
875389,0
875390,0
875391,0
875392,8
875393,10
875394,0
875395,0
875396,0
875397,0
875398,0
875399,0
875400,0
875401,0
875402,0
875403,0
875404,7
875405,0
875406,0
875407,0
875408,0
875409,9
875410,0
875411,0
875412,0
875413,13
875414,0
875415,0
875416,9
875417,0
875418,0
875419,0
875420,0
875421,0
875422,0
875423,0
875424,0
875425,8
875426,0
875427,0
875428,0
875429,0
875430,0
875431,0
875432,0
875433,0
875434,9
875435,10
875436,0
875437,0
875438,0
875439,0
875440,0
875441,0
875442,0
875443,0
875444,0
875445,0
875446,0
875447,0
875448,0
875449,0
875450,0
875451,0
875452,10
875453,0
875454,0
875455,0
875456,0
875457,0
875458,0
875459,0
875460,0
875461,0
875462,0
875463,10
875464,0
875465,0
875466,0
875467,0
875468,0
875469,0
875470,0
875471,0
875472,0
875473,0
875474,0
875475,0
875476,10
875477,0
875478,0
875479,0
875480,0
875481,0
875482,0
875483,0
875484,0
875485,0
875486,0
875487,0
875488,10
875489,0
875490,0
875491,0
875492,0
875493,0
875494,0
875495,0
875496,0
875497,0
875498,12
875499,10
875500,0
875501,0
875502,0
875503,0
875504,0
875505,14
875506,0
875507,0
875508,0
875509,0
875510,0
875511,0
875512,7
875513,0
875514,0
875515,8
875516,0
875517,7
875518,0
875519,0
875520,0
875521,0
875522,9
875523,0
875524,0
875525,0
875526,0
875527,0
875528,0
875529,0
875530,0
875531,12
875532,0
875533,0
875534,0
875535,0
875536,0
875537,0
875538,0
875539,16
875540,0
875541,0
875542,13
875543,0
875544,0
875545,0
875546,0
875547,0
875548,0
875549,10
875550,0
875551,7
875552,0
875553,0
875554,0
875555,0
875556,0
875557,0
875558,7
875559,15
875560,0
875561,0
875562,0
875563,0
875564,0
875565,16
875566,0
875567,0
875568,0
875569,11
875570,0
875571,0
875572,0
875573,0
875574,0
875575,0
875576,0
875577,0
875578,0
875579,0
875580,0
875581,0
875582,0
875583,0
875584,0
875585,11
875586,0
875587,0
875588,0
875589,0
875590,0
875591,0
875592,0
875593,8
875594,0
875595,0
875596,0
875597,6
875598,0
875599,0
875600,0
875601,0
875602,7
875603,0
875604,7
875605,0
875606,0
875607,0
875608,0
875609,0
875610,0
875611,0
875612,0
875613,0
875614,0
875615,0
875616,0
875617,0
875618,0
875619,0
875620,0
875621,0
875622,0
875623,0
875624,0
875625,0
875626,4
875627,0
875628,0
875629,0
875630,0
875631,0
875632,0
875633,0
875634,0
875635,17
875636,0
875637,0
875638,0
875639,0
875640,0
875641,0
875642,0
875643,0
875644,0
875645,0
875646,0
875647,0
875648,0
875649,0
875650,0
875651,0
875652,0
875653,0
875654,10
875655,0
875656,0
875657,0
875658,9
875659,0
875660,15
875661,0
875662,0
875663,0
875664,0
875665,0
875666,8
875667,0
875668,4
875669,0
875670,11
875671,0
875672,0
875673,0
875674,0
875675,0
875676,12
875677,0
875678,0
875679,0
875680,0
875681,10
875682,0
875683,0
875684,0
875685,0
875686,0
875687,0
875688,0
875689,0
875690,0
875691,0
875692,0
875693,0
875694,7
875695,0
875696,0
875697,0
875698,7
875699,10
875700,0
875701,0
875702,0
875703,0
875704,0
875705,0
875706,0
875707,0
875708,0
875709,0
875710,0
875711,14
875712,0
875713,9
875714,8
875715,0
875716,0
875717,10
875718,0
875719,0
875720,0
875721,0
875722,10
875723,0
875724,11
875725,0
875726,5
875727,0
875728,0
875729,0
875730,0
875731,0
875732,0
875733,0
875734,0
875735,0
875736,0
875737,0
875738,0
875739,0
875740,0
875741,7
875742,0
875743,0
875744,0
875745,0
875746,0
875747,0
875748,0
875749,0
875750,0
875751,0
875752,0
875753,0
875754,0
875755,0
875756,16
875757,0
875758,15
875759,13
875760,0
875761,0
875762,0
875763,0
875764,0
875765,7
875766,0
875767,0
875768,0
875769,0
875770,0
875771,15
875772,0
875773,0
875774,0
875775,0
875776,0
875777,0
875778,0
875779,0
875780,2
875781,0
875782,0
875783,0
875784,0
875785,0
875786,0
875787,8
875788,0
875789,0
875790,0
875791,11
875792,0
875793,0
875794,10
875795,0
875796,0
875797,9
875798,0
875799,0
875800,10
875801,0
875802,0
875803,0
875804,5
875805,0
875806,0
875807,0
875808,0
875809,0
875810,0
875811,11
875812,0
875813,0
875814,0
875815,7
875816,0
875817,0
875818,11
875819,0
875820,8
875821,0
875822,0
875823,0
875824,0
875825,0
875826,8
875827,0
875828,10
875829,0
875830,0
875831,0
875832,0
875833,0
875834,0
875835,0
875836,9
875837,0
875838,15
875839,0
875840,0
875841,0
875842,0
875843,0
875844,0
875845,9
875846,0
875847,0
875848,0
875849,0
875850,0
875851,0
875852,0
875853,0
875854,0
875855,0
875856,0
875857,0
875858,5
875859,0
875860,0
875861,0
875862,0
875863,0
875864,0
875865,0
875866,0
875867,14
875868,8
875869,0
875870,0
875871,0
875872,0
875873,0
875874,13
875875,0
875876,0
875877,0
875878,0
875879,0
875880,7
875881,0
875882,15
875883,0
875884,0
875885,0
875886,0
875887,0
875888,0
875889,0
875890,0
875891,0
875892,0
875893,0
875894,0
875895,0
875896,0
875897,6
875898,0
875899,0
875900,0
875901,0
875902,0
875903,11
875904,0
875905,0
875906,0
875907,0
875908,0
875909,0
875910,0
875911,0
875912,0
875913,0
875914,17
875915,0
875916,8
875917,0
875918,0
875919,0
875920,10
875921,12
875922,0
875923,0
875924,0
875925,13
875926,7
875927,0
875928,6
875929,0
875930,0
875931,0
875932,0
875933,0
875934,0
875935,0
875936,0
875937,10
875938,0
875939,0
875940,11
875941,0
875942,6
875943,0
875944,0
875945,0
875946,0
875947,0
875948,8
875949,0
875950,0
875951,9
875952,0
875953,0
875954,0
875955,0
875956,0
875957,0
875958,7
875959,0
875960,0
875961,0
875962,11
875963,0
875964,0
875965,0
875966,0
875967,0
875968,12
875969,10
875970,0
875971,0
875972,0
875973,0
875974,0
875975,4
875976,0
875977,0
875978,0
875979,0
875980,0
875981,0
875982,0
875983,10
875984,0
875985,0
875986,0
875987,0
875988,0
875989,0
875990,0
875991,0
875992,0
875993,0
875994,0
875995,0
875996,0
875997,11
875998,0
875999,0
876000,0
876001,0
876002,0
876003,0
876004,0
876005,11
876006,0
876007,0
876008,0
876009,12
876010,0
876011,0
876012,0
876013,0
876014,0
876015,0
876016,0
876017,0
876018,11
876019,14
876020,0
876021,0
876022,0
876023,6
876024,0
876025,0
876026,7
876027,0
876028,0
876029,0
876030,0
876031,0
876032,7
876033,0
876034,0
876035,0
876036,16
876037,13
876038,0
876039,0
876040,0
876041,0
876042,0
876043,0
876044,0
876045,0
876046,0
876047,0
876048,12
876049,0
876050,0
876051,12
876052,9
876053,0
876054,0
876055,0
876056,0
876057,0
876058,10
876059,0
876060,0
876061,0
876062,16
876063,11
876064,5
876065,0
876066,0
876067,0
876068,0
876069,0
876070,0
876071,0
876072,0
876073,0
876074,0
876075,0
876076,0
876077,0
876078,0
876079,0
876080,0
876081,0
876082,0
876083,0
876084,0
876085,0
876086,0
876087,0
876088,13
876089,0
876090,0
876091,0
876092,0
876093,0
876094,0
876095,0
876096,0
876097,7
876098,0
876099,11
876100,0
876101,0
876102,0
876103,0
876104,0
876105,0
876106,0
876107,6
876108,0
876109,0
876110,0
876111,0
876112,0
876113,0
876114,0
876115,0
876116,0
876117,0
876118,0
876119,0
876120,0
876121,0
876122,0
876123,0
876124,0
876125,0
876126,0
876127,0
876128,0
876129,0
876130,0
876131,0
876132,12
876133,0
876134,0
876135,0
876136,4
876137,0
876138,0
876139,0
876140,0
876141,0
876142,0
876143,0
876144,0
876145,0
876146,0
876147,0
876148,0
876149,0
876150,0
876151,0
876152,0
876153,0
876154,0
876155,0
876156,0
876157,0
876158,0
876159,0
876160,0
876161,0
876162,0
876163,0
876164,0
876165,0
876166,0
876167,0
876168,0
876169,9
876170,0
876171,12
876172,15
876173,0
876174,0
876175,0
876176,0
876177,0
876178,0
876179,0
876180,0
876181,0
876182,0
876183,0
876184,0
876185,10
876186,0
876187,0
876188,0
876189,0
876190,0
876191,0
876192,0
876193,8
876194,0
876195,0
876196,0
876197,0
876198,0
876199,0
876200,0
876201,0
876202,0
876203,0
876204,0
876205,0
876206,0
876207,0
876208,0
876209,0
876210,0
876211,0
876212,0
876213,0
876214,0
876215,0
876216,0
876217,0
876218,0
876219,0
876220,0
876221,0
876222,0
876223,0
876224,0
876225,0
876226,0
876227,0
876228,0
876229,0
876230,0
876231,0
876232,0
876233,0
876234,0
876235,0
876236,0
876237,0
876238,0
876239,0
876240,0
876241,0
876242,0
876243,0
876244,0
876245,0
876246,1
876247,0
876248,0
876249,0
876250,0
876251,0
876252,0
876253,0
876254,0
876255,0
876256,0
876257,0
876258,0
876259,0
876260,0
876261,0
876262,0
876263,0
876264,0
876265,0
876266,0
876267,0
876268,0
876269,0
876270,0
876271,0
876272,0
876273,0
876274,0
876275,0
876276,0
876277,0
876278,0
876279,0
876280,0
876281,0
876282,0
876283,0
876284,0
876285,0
876286,0
876287,0
876288,0
876289,0
876290,0
876291,0
876292,0
876293,0
876294,0
876295,0
876296,0
876297,0
876298,0
876299,0
876300,0
876301,0
876302,0
876303,0
876304,0
876305,0
876306,0
876307,0
876308,0
876309,0
876310,0
876311,0
876312,0
876313,0
876314,0
876315,0
876316,0
876317,0
876318,0
876319,0
876320,0
876321,0
876322,0
876323,0
876324,0
876325,0
876326,0
876327,0
876328,0
876329,0
876330,0
876331,0
876332,0
876333,0
876334,0
876335,0
876336,0
876337,0
876338,0
876339,0
876340,0
876341,0
876342,0
876343,0
876344,2
876345,0
876346,0
876347,0
876348,0
876349,0
876350,0
876351,0
876352,0
876353,0
876354,0
876355,0
876356,0
876357,0
876358,0
876359,0
876360,0
876361,0
876362,0
876363,0
876364,0
876365,0
876366,0
876367,0
876368,0
876369,0
876370,0
876371,1
876372,0
876373,0
876374,0
876375,0
876376,0
876377,0
876378,0
876379,0
876380,0
876381,0
876382,0
876383,0
876384,0
876385,0
876386,0
876387,1
876388,0
876389,0
876390,0
876391,0
876392,0
876393,0
876394,0
876395,0
876396,0
876397,0
876398,0
876399,0
876400,0
876401,0
876402,0
876403,0
876404,0
876405,0
876406,0
876407,0
876408,0
876409,0
876410,0
876411,0
876412,0
876413,0
876414,0
876415,0
876416,0
876417,0
876418,0
876419,0
876420,0
876421,0
876422,0
876423,0
876424,0
876425,0
876426,0
876427,0
876428,0
876429,0
876430,0
876431,0
876432,0
876433,0
876434,0
876435,0
876436,0
876437,0
876438,0
876439,0
876440,0
876441,0
876442,0
876443,0
876444,0
876445,0
876446,0
876447,0
876448,0
876449,0
876450,0
876451,0
876452,0
876453,0
876454,0
876455,0
876456,0
876457,0
876458,0
876459,0
876460,0
876461,0
876462,0
876463,0
876464,0
876465,0
876466,0
876467,0
876468,0
876469,0
876470,0
876471,0
876472,0
876473,0
876474,0
876475,0
876476,0
876477,0
876478,0
876479,0
876480,0
876481,0
876482,0
876483,0
876484,0
876485,0
876486,0
876487,0
876488,0
876489,0
876490,0
876491,0
876492,0
876493,0
876494,0
876495,0
876496,0
876497,0
876498,0
876499,0
876500,0
876501,0
876502,0
876503,0
876504,0
876505,0
876506,0
876507,0
876508,0
876509,0
876510,0
876511,0
876512,0
876513,0
876514,0
876515,0
876516,0
876517,0
876518,0
876519,0
876520,0
876521,0
876522,1
876523,0
876524,0
876525,0
876526,0
876527,0
876528,0
876529,0
876530,0
876531,0
876532,0
876533,0
876534,0
876535,0
876536,0
876537,1
876538,0
876539,0
876540,0
876541,0
876542,0
876543,0
876544,0
876545,0
876546,0
876547,0
876548,0
876549,0
876550,0
876551,0
876552,0
876553,0
876554,0
876555,0
876556,0
876557,0
876558,0
876559,0
876560,0
876561,0
876562,0
876563,0
876564,0
876565,0
876566,0
876567,0
876568,0
876569,0
876570,0
876571,0
876572,0
876573,0
876574,0
876575,0
876576,0
876577,0
876578,0
876579,0
876580,0
876581,1
876582,0
876583,0
876584,0
876585,0
876586,0
876587,0
876588,0
876589,1
876590,0
876591,0
876592,0
876593,0
876594,0
876595,0
876596,0
876597,0
876598,0
876599,0
876600,0
876601,0
876602,0
876603,0
876604,0
876605,0
876606,0
876607,0
876608,0
876609,0
876610,0
876611,0
876612,0
876613,0
876614,0
876615,0
876616,0
876617,0
876618,0
876619,0
876620,0
876621,0
876622,0
876623,0
876624,0
876625,0
876626,0
876627,0
876628,0
876629,0
876630,0
876631,0
876632,0
876633,0
876634,0
876635,0
876636,0
876637,0
876638,0
876639,0
876640,0
876641,0
876642,0
876643,0
876644,0
876645,0
876646,0
876647,0
876648,1
876649,0
876650,0
876651,0
876652,0
876653,0
876654,0
876655,0
876656,0
876657,0
876658,0
876659,0
876660,0
876661,0
876662,0
876663,0
876664,0
876665,0
876666,0
876667,0
876668,0
876669,0
876670,0
876671,0
876672,0
876673,0
876674,0
876675,0
876676,0
876677,0
876678,0
876679,0
876680,1
876681,0
876682,0
876683,0
876684,0
876685,0
876686,0
876687,1
876688,0
876689,0
876690,0
876691,0
876692,0
876693,0
876694,0
876695,0
876696,0
876697,0
876698,0
876699,0
876700,0
876701,0
876702,0
876703,0
876704,0
876705,0
876706,0
876707,0
876708,0
876709,0
876710,0
876711,0
876712,0
876713,0
876714,0
876715,0
876716,1
876717,0
876718,0
876719,0
876720,0
876721,0
876722,0
876723,0
876724,0
876725,0
876726,0
876727,0
876728,0
876729,0
876730,0
876731,0
876732,0
876733,0
876734,0
876735,1
876736,0
876737,0
876738,0
876739,0
876740,0
876741,0
876742,0
876743,0
876744,0
876745,0
876746,0
876747,0
876748,0
876749,0
876750,0
876751,0
876752,0
876753,0
876754,1
876755,0
876756,0
876757,0
876758,0
876759,0
876760,0
876761,0
876762,0
876763,0
876764,0
876765,0
876766,0
876767,0
876768,0
876769,14
876770,10
876771,0
876772,0
876773,0
876774,8
876775,11
876776,0
876777,0
876778,0
876779,0
876780,13
876781,0
876782,0
876783,0
876784,0
876785,0
876786,0
876787,12
876788,0
876789,0
876790,0
876791,0
876792,0
876793,0
876794,0
876795,0
876796,0
876797,0
876798,4
876799,0
876800,5
876801,0
876802,13
876803,10
876804,0
876805,0
876806,0
876807,0
876808,0
876809,0
876810,0
876811,0
876812,0
876813,0
876814,0
876815,0
876816,0
876817,0
876818,5
876819,0
876820,0
876821,0
876822,0
876823,6
876824,0
876825,0
876826,0
876827,5
876828,0
876829,7
876830,0
876831,0
876832,0
876833,9
876834,9
876835,0
876836,0
876837,0
876838,0
876839,0
876840,0
876841,0
876842,0
876843,0
876844,0
876845,0
876846,8
876847,0
876848,5
876849,0
876850,0
876851,9
876852,0
876853,0
876854,0
876855,0
876856,4
876857,0
876858,0
876859,0
876860,0
876861,0
876862,0
876863,12
876864,0
876865,0
876866,0
876867,0
876868,0
876869,0
876870,0
876871,0
876872,8
876873,0
876874,0
876875,0
876876,0
876877,6
876878,0
876879,0
876880,0
876881,0
876882,0
876883,0
876884,0
876885,0
876886,7
876887,0
876888,0
876889,0
876890,0
876891,0
876892,0
876893,0
876894,0
876895,0
876896,0
876897,9
876898,4
876899,0
876900,0
876901,0
876902,6
876903,0
876904,0
876905,0
876906,0
876907,7
876908,9
876909,0
876910,0
876911,0
876912,7
876913,0
876914,0
876915,7
876916,0
876917,0
876918,0
876919,0
876920,0
876921,6
876922,0
876923,0
876924,0
876925,0
876926,0
876927,6
876928,0
876929,0
876930,0
876931,0
876932,0
876933,0
876934,0
876935,0
876936,0
876937,0
876938,0
876939,0
876940,0
876941,0
876942,0
876943,0
876944,6
876945,3
876946,0
876947,0
876948,0
876949,0
876950,3
876951,0
876952,0
876953,0
876954,0
876955,0
876956,0
876957,0
876958,0
876959,0
876960,0
876961,0
876962,0
876963,5
876964,0
876965,0
876966,0
876967,0
876968,6
876969,0
876970,0
876971,0
876972,0
876973,10
876974,0
876975,0
876976,0
876977,0
876978,0
876979,4
876980,10
876981,10
876982,0
876983,0
876984,0
876985,14
876986,0
876987,0
876988,0
876989,0
876990,24
876991,17
876992,14
876993,0
876994,0
876995,32
876996,0
876997,0
876998,24
876999,0
877000,0
877001,19
877002,0
877003,0
877004,0
877005,0
877006,0
877007,0
877008,0
877009,0
877010,0
877011,32
877012,0
877013,0
877014,0
877015,0
877016,0
877017,27
877018,0
877019,28
877020,0
877021,28
877022,0
877023,0
877024,0
877025,15
877026,21
877027,0
877028,14
877029,25
877030,0
877031,0
877032,0
877033,21
877034,0
877035,0
877036,0
877037,0
877038,18
877039,0
877040,33
877041,25
877042,0
877043,0
877044,0
877045,0
877046,22
877047,0
877048,18
877049,0
877050,0
877051,0
877052,26
877053,0
877054,0
877055,0
877056,0
877057,0
877058,0
877059,0
877060,0
877061,0
877062,23
877063,0
877064,0
877065,0
877066,0
877067,0
877068,0
877069,0
877070,28
877071,0
877072,0
877073,0
877074,0
877075,0
877076,0
877077,0
877078,0
877079,28
877080,0
877081,0
877082,0
877083,0
877084,0
877085,0
877086,0
877087,32
877088,0
877089,26
877090,0
877091,25
877092,0
877093,0
877094,42
877095,0
877096,0
877097,0
877098,0
877099,26
877100,26
877101,0
877102,0
877103,0
877104,0
877105,31
877106,0
877107,0
877108,0
877109,0
877110,28
877111,0
877112,0
877113,14
877114,0
877115,0
877116,0
877117,0
877118,0
877119,0
877120,0
877121,0
877122,0
877123,0
877124,0
877125,0
877126,0
877127,36
877128,0
877129,0
877130,0
877131,0
877132,0
877133,0
877134,0
877135,20
877136,0
877137,0
877138,0
877139,0
877140,0
877141,0
877142,0
877143,0
877144,0
877145,0
877146,25
877147,0
877148,0
877149,0
877150,0
877151,18
877152,20
877153,0
877154,0
877155,38
877156,0
877157,0
877158,0
877159,0
877160,0
877161,0
877162,0
877163,0
877164,0
877165,28
877166,0
877167,20
877168,0
877169,0
877170,0
877171,0
877172,0
877173,0
877174,0
877175,0
877176,0
877177,0
877178,0
877179,0
877180,0
877181,0
877182,0
877183,0
877184,0
877185,30
877186,24
877187,0
877188,0
877189,0
877190,0
877191,0
877192,0
877193,0
877194,0
877195,15
877196,0
877197,0
877198,0
877199,0
877200,0
877201,0
877202,23
877203,0
877204,0
877205,0
877206,19
877207,0
877208,19
877209,19
877210,0
877211,21
877212,0
877213,0
877214,0
877215,0
877216,0
877217,0
877218,0
877219,0
877220,0
877221,19
877222,0
877223,0
877224,0
877225,0
877226,0
877227,0
877228,34
877229,0
877230,0
877231,19
877232,0
877233,0
877234,0
877235,27
877236,0
877237,23
877238,18
877239,26
877240,38
877241,0
877242,0
877243,0
877244,0
877245,0
877246,0
877247,0
877248,0
877249,0
877250,0
877251,0
877252,0
877253,0
877254,24
877255,0
877256,0
877257,0
877258,0
877259,0
877260,0
877261,0
877262,0
877263,0
877264,0
877265,0
877266,18
877267,0
877268,33
877269,0
877270,0
877271,42
877272,0
877273,0
877274,0
877275,0
877276,0
877277,23
877278,34
877279,0
877280,0
877281,0
877282,0
877283,31
877284,0
877285,0
877286,0
877287,39
877288,24
877289,0
877290,34
877291,0
877292,0
877293,0
877294,0
877295,0
877296,36
877297,26
877298,0
877299,0
877300,0
877301,0
877302,23
877303,0
877304,0
877305,0
877306,0
877307,0
877308,0
877309,25
877310,34
877311,0
877312,0
877313,0
877314,0
877315,33
877316,0
877317,31
877318,0
877319,0
877320,0
877321,16
877322,0
877323,0
877324,25
877325,0
877326,25
877327,35
877328,0
877329,0
877330,0
877331,0
877332,0
877333,0
877334,0
877335,0
877336,0
877337,29
877338,0
877339,0
877340,0
877341,0
877342,0
877343,0
877344,0
877345,0
877346,0
877347,0
877348,0
877349,36
877350,0
877351,32
877352,0
877353,0
877354,0
877355,16
877356,0
877357,0
877358,37
877359,19
877360,13
877361,0
877362,17
877363,18
877364,27
877365,22
877366,20
877367,0
877368,0
877369,0
877370,36
877371,0
877372,0
877373,0
877374,0
877375,37
877376,29
877377,29
877378,0
877379,0
877380,0
877381,0
877382,0
877383,0
877384,34
877385,27
877386,0
877387,0
877388,0
877389,0
877390,0
877391,0
877392,0
877393,0
877394,43
877395,14
877396,0
877397,0
877398,0
877399,20
877400,15
877401,27
877402,28
877403,0
877404,34
877405,0
877406,0
877407,25
877408,0
877409,23
877410,0
877411,0
877412,0
877413,30
877414,0
877415,0
877416,28
877417,0
877418,0
877419,25
877420,0
877421,35
877422,0
877423,34
877424,20
877425,29
877426,0
877427,40
877428,0
877429,0
877430,0
877431,0
877432,0
877433,0
877434,0
877435,0
877436,0
877437,0
877438,18
877439,0
877440,0
877441,0
877442,0
877443,28
877444,0
877445,0
877446,30
877447,0
877448,12
877449,21
877450,0
877451,0
877452,0
877453,0
877454,0
877455,0
877456,41
877457,0
877458,0
877459,0
877460,0
877461,22
877462,0
877463,0
877464,0
877465,0
877466,31
877467,20
877468,0
877469,0
877470,0
877471,0
877472,0
877473,0
877474,0
877475,0
877476,0
877477,0
877478,0
877479,0
877480,0
877481,0
877482,0
877483,0
877484,0
877485,0
877486,0
877487,0
877488,0
877489,0
877490,25
877491,0
877492,0
877493,27
877494,34
877495,0
877496,0
877497,32
877498,0
877499,0
877500,27
877501,0
877502,21
877503,0
877504,0
877505,0
877506,19
877507,0
877508,24
877509,0
877510,0
877511,0
877512,0
877513,19
877514,29
877515,0
877516,0
877517,0
877518,0
877519,30
877520,0
877521,0
877522,0
877523,30
877524,0
877525,0
877526,0
877527,0
877528,18
877529,0
877530,0
877531,0
877532,37
877533,21
877534,0
877535,0
877536,0
877537,0
877538,0
877539,0
877540,0
877541,0
877542,0
877543,0
877544,0
877545,0
877546,17
877547,0
877548,0
877549,0
877550,0
877551,29
877552,0
877553,0
877554,0
877555,0
877556,0
877557,0
877558,0
877559,0
877560,0
877561,0
877562,0
877563,0
877564,0
877565,16
877566,0
877567,38
877568,0
877569,0
877570,0
877571,29
877572,0
877573,0
877574,31
877575,21
877576,0
877577,0
877578,0
877579,0
877580,0
877581,0
877582,0
877583,0
877584,0
877585,0
877586,0
877587,0
877588,25
877589,22
877590,0
877591,0
877592,0
877593,24
877594,31
877595,0
877596,0
877597,0
877598,27
877599,19
877600,0
877601,27
877602,16
877603,15
877604,0
877605,0
877606,23
877607,16
877608,0
877609,0
877610,0
877611,21
877612,0
877613,0
877614,0
877615,0
877616,0
877617,0
877618,0
877619,30
877620,0
877621,19
877622,22
877623,0
877624,0
877625,18
877626,23
877627,0
877628,0
877629,20
877630,0
877631,0
877632,0
877633,0
877634,0
877635,0
877636,0
877637,0
877638,0
877639,0
877640,0
877641,0
877642,0
877643,0
877644,0
877645,0
877646,25
877647,0
877648,26
877649,18
877650,0
877651,0
877652,0
877653,0
877654,0
877655,0
877656,0
877657,0
877658,0
877659,0
877660,0
877661,0
877662,0
877663,0
877664,0
877665,0
877666,0
877667,43
877668,33
877669,0
877670,0
877671,0
877672,0
877673,0
877674,0
877675,0
877676,0
877677,0
877678,0
877679,0
877680,17
877681,0
877682,0
877683,0
877684,0
877685,0
877686,0
877687,0
877688,0
877689,0
877690,0
877691,0
877692,0
877693,0
877694,0
877695,0
877696,0
877697,0
877698,0
877699,0
877700,0
877701,0
877702,0
877703,0
877704,0
877705,0
877706,0
877707,0
877708,0
877709,0
877710,0
877711,0
877712,0
877713,0
877714,0
877715,0
877716,0
877717,0
877718,0
877719,0
877720,0
877721,0
877722,0
877723,0
877724,0
877725,9
877726,11
877727,0
877728,0
877729,0
877730,0
877731,0
877732,0
877733,10
877734,0
877735,0
877736,0
877737,0
877738,0
877739,0
877740,0
877741,0
877742,0
877743,0
877744,15
877745,0
877746,0
877747,0
877748,0
877749,0
877750,0
877751,0
877752,0
877753,0
877754,0
877755,0
877756,0
877757,0
877758,0
877759,0
877760,0
877761,0
877762,0
877763,0
877764,0
877765,0
877766,0
877767,0
877768,0
877769,0
877770,0
877771,0
877772,0
877773,0
877774,0
877775,0
877776,0
877777,0
877778,0
877779,0
877780,0
877781,0
877782,0
877783,0
877784,0
877785,0
877786,0
877787,0
877788,0
877789,0
877790,0
877791,0
877792,0
877793,0
877794,0
877795,0
877796,0
877797,0
877798,0
877799,0
877800,0
877801,8
877802,0
877803,0
877804,0
877805,0
877806,0
877807,8
877808,0
877809,0
877810,0
877811,0
877812,0
877813,0
877814,0
877815,0
877816,0
877817,0
877818,0
877819,0
877820,0
877821,0
877822,0
877823,0
877824,0
877825,17
877826,0
877827,0
877828,0
877829,0
877830,0
877831,0
877832,0
877833,0
877834,0
877835,12
877836,0
877837,0
877838,0
877839,0
877840,0
877841,0
877842,0
877843,0
877844,0
877845,0
877846,0
877847,0
877848,0
877849,0
877850,0
877851,0
877852,0
877853,10
877854,0
877855,0
877856,0
877857,0
877858,0
877859,8
877860,0
877861,0
877862,10
877863,0
877864,0
877865,0
877866,0
877867,12
877868,0
877869,0
877870,0
877871,0
877872,0
877873,0
877874,0
877875,8
877876,0
877877,0
877878,0
877879,0
877880,0
877881,0
877882,0
877883,0
877884,0
877885,0
877886,0
877887,0
877888,0
877889,0
877890,0
877891,0
877892,0
877893,0
877894,0
877895,0
877896,0
877897,0
877898,0
877899,0
877900,0
877901,0
877902,0
877903,0
877904,0
877905,0
877906,9
877907,0
877908,0
877909,11
877910,0
877911,0
877912,0
877913,0
877914,0
877915,0
877916,0
877917,0
877918,0
877919,0
877920,0
877921,0
877922,0
877923,0
877924,0
877925,0
877926,0
877927,0
877928,0
877929,0
877930,0
877931,0
877932,0
877933,0
877934,0
877935,0
877936,0
877937,7
877938,0
877939,0
877940,0
877941,0
877942,0
877943,0
877944,0
877945,0
877946,0
877947,12
877948,12
877949,0
877950,0
877951,8
877952,0
877953,0
877954,0
877955,0
877956,0
877957,0
877958,0
877959,0
877960,0
877961,0
877962,0
877963,0
877964,0
877965,0
877966,0
877967,15
877968,0
877969,0
877970,0
877971,0
877972,0
877973,0
877974,0
877975,0
877976,0
877977,0
877978,0
877979,0
877980,0
877981,9
877982,0
877983,0
877984,0
877985,0
877986,0
877987,0
877988,0
877989,0
877990,0
877991,0
877992,0
877993,0
877994,0
877995,0
877996,0
877997,0
877998,0
877999,0
878000,0
878001,0
878002,0
878003,0
878004,11
878005,0
878006,0
878007,0
878008,0
878009,0
878010,7
878011,0
878012,0
878013,0
878014,0
878015,4
878016,0
878017,0
878018,0
878019,0
878020,0
878021,0
878022,0
878023,12
878024,0
878025,0
878026,0
878027,0
878028,0
878029,0
878030,0
878031,0
878032,0
878033,0
878034,0
878035,0
878036,0
878037,0
878038,0
878039,0
878040,0
878041,0
878042,0
878043,0
878044,0
878045,0
878046,0
878047,0
878048,0
878049,0
878050,0
878051,4
878052,0
878053,0
878054,0
878055,0
878056,0
878057,0
878058,0
878059,11
878060,0
878061,0
878062,0
878063,0
878064,0
878065,11
878066,0
878067,0
878068,0
878069,0
878070,0
878071,0
878072,0
878073,0
878074,0
878075,0
878076,0
878077,0
878078,0
878079,0
878080,0
878081,14
878082,6
878083,0
878084,0
878085,0
878086,0
878087,0
878088,0
878089,0
878090,0
878091,0
878092,11
878093,0
878094,0
878095,9
878096,0
878097,0
878098,0
878099,11
878100,0
878101,0
878102,0
878103,0
878104,0
878105,0
878106,0
878107,0
878108,12
878109,0
878110,0
878111,0
878112,0
878113,0
878114,0
878115,0
878116,0
878117,0
878118,0
878119,0
878120,0
878121,0
878122,0
878123,0
878124,0
878125,0
878126,0
878127,0
878128,14
878129,0
878130,0
878131,0
878132,0
878133,0
878134,0
878135,0
878136,0
878137,0
878138,0
878139,0
878140,0
878141,0
878142,0
878143,0
878144,0
878145,8
878146,0
878147,6
878148,0
878149,9
878150,0
878151,0
878152,6
878153,0
878154,4
878155,6
878156,8
878157,0
878158,0
878159,5
878160,0
878161,0
878162,0
878163,0
878164,0
878165,0
878166,0
878167,0
878168,0
878169,0
878170,0
878171,0
878172,0
878173,0
878174,0
878175,0
878176,12
878177,0
878178,5
878179,0
878180,46
878181,0
878182,35
878183,0
878184,37
878185,0
878186,0
878187,48
878188,0
878189,0
878190,0
878191,37
878192,0
878193,21
878194,0
878195,0
878196,0
878197,53
878198,0
878199,0
878200,0
878201,0
878202,0
878203,0
878204,38
878205,0
878206,36
878207,0
878208,37
878209,0
878210,0
878211,0
878212,0
878213,0
878214,0
878215,30
878216,26
878217,0
878218,0
878219,0
878220,40
878221,0
878222,50
878223,0
878224,32
878225,0
878226,37
878227,0
878228,0
878229,0
878230,28
878231,0
878232,0
878233,0
878234,0
878235,16
878236,0
878237,0
878238,52
878239,0
878240,0
878241,0
878242,35
878243,0
878244,0
878245,0
878246,46
878247,0
878248,0
878249,0
878250,10
878251,0
878252,0
878253,0
878254,0
878255,46
878256,0
878257,60
878258,47
878259,0
878260,23
878261,20
878262,0
878263,0
878264,0
878265,18
878266,0
878267,0
878268,0
878269,0
878270,0
878271,0
878272,0
878273,21
878274,0
878275,32
878276,25
878277,0
878278,0
878279,22
878280,0
878281,22
878282,0
878283,0
878284,0
878285,0
878286,27
878287,52
878288,0
878289,0
878290,36
878291,72
878292,0
878293,0
878294,0
878295,43
878296,27
878297,44
878298,0
878299,0
878300,0
878301,36
878302,29
878303,0
878304,0
878305,34
878306,0
878307,44
878308,0
878309,0
878310,0
878311,34
878312,17
878313,40
878314,0
878315,0
878316,44
878317,0
878318,0
878319,37
878320,43
878321,0
878322,0
878323,30
878324,0
878325,0
878326,45
878327,47
878328,0
878329,0
878330,0
878331,0
878332,0
878333,0
878334,62
878335,0
878336,0
878337,50
878338,0
878339,0
878340,0
878341,0
878342,0
878343,0
878344,0
878345,0
878346,0
878347,0
878348,0
878349,0
878350,0
878351,0
878352,32
878353,0
878354,0
878355,47
878356,0
878357,34
878358,0
878359,0
878360,22
878361,35
878362,0
878363,0
878364,27
878365,0
878366,40
878367,27
878368,0
878369,49
878370,0
878371,0
878372,0
878373,0
878374,56
878375,0
878376,49
878377,0
878378,0
878379,0
878380,36
878381,0
878382,50
878383,0
878384,41
878385,0
878386,0
878387,0
878388,27
878389,24
878390,0
878391,0
878392,0
878393,46
878394,0
878395,0
878396,23
878397,0
878398,0
878399,18
878400,0
878401,0
878402,60
878403,0
878404,42
878405,36
878406,0
878407,0
878408,0
878409,36
878410,36
878411,32
878412,0
878413,27
878414,0
878415,38
878416,0
878417,0
878418,22
878419,0
878420,29
878421,23
878422,0
878423,0
878424,0
878425,0
878426,39
878427,0
878428,36
878429,42
878430,0
878431,0
878432,0
878433,0
878434,0
878435,0
878436,0
878437,39
878438,0
878439,0
878440,0
878441,0
878442,42
878443,0
878444,0
878445,0
878446,24
878447,0
878448,0
878449,0
878450,0
878451,0
878452,0
878453,0
878454,0
878455,0
878456,0
878457,0
878458,0
878459,0
878460,0
878461,49
878462,33
878463,32
878464,37
878465,0
878466,65
878467,0
878468,0
878469,0
878470,41
878471,0
878472,0
878473,26
878474,36
878475,0
878476,0
878477,20
878478,0
878479,38
878480,0
878481,0
878482,0
878483,0
878484,28
878485,0
878486,54
878487,18
878488,0
878489,0
878490,57
878491,57
878492,0
878493,0
878494,0
878495,0
878496,20
878497,0
878498,0
878499,0
878500,0
878501,0
878502,0
878503,0
878504,0
878505,0
878506,1
878507,0
878508,0
878509,0
878510,0
878511,0
878512,0
878513,0
878514,0
878515,0
878516,0
878517,0
878518,1
878519,0
878520,0
878521,0
878522,0
878523,0
878524,0
878525,0
878526,0
878527,0
878528,1
878529,0
878530,0
878531,0
878532,0
878533,0
878534,0
878535,1
878536,0
878537,0
878538,0
878539,0
878540,0
878541,0
878542,0
878543,0
878544,0
878545,0
878546,0
878547,0
878548,0
878549,1
878550,0
878551,0
878552,0
878553,0
878554,0
878555,0
878556,0
878557,0
878558,0
878559,0
878560,0
878561,0
878562,0
878563,0
878564,0
878565,0
878566,0
878567,0
878568,0
878569,0
878570,0
878571,1
878572,0
878573,0
878574,0
878575,1
878576,0
878577,0
878578,1
878579,0
878580,0
878581,0
878582,1
878583,1
878584,0
878585,0
878586,0
878587,0
878588,0
878589,0
878590,0
878591,0
878592,0
878593,0
878594,0
878595,0
878596,0
878597,0
878598,0
878599,0
878600,1
878601,0
878602,0
878603,0
878604,0
878605,0
878606,0
878607,0
878608,0
878609,0
878610,0
878611,0
878612,1
878613,0
878614,0
878615,0
878616,0
878617,0
878618,0
878619,0
878620,0
878621,0
878622,0
878623,0
878624,1
878625,0
878626,0
878627,0
878628,0
878629,0
878630,0
878631,1
878632,0
878633,0
878634,0
878635,0
878636,0
878637,0
878638,0
878639,1
878640,0
878641,0
878642,0
878643,0
878644,0
878645,0
878646,0
878647,0
878648,0
878649,1
878650,2
878651,0
878652,0
878653,0
878654,0
878655,0
878656,0
878657,0
878658,0
878659,0
878660,0
878661,0
878662,0
878663,0
878664,0
878665,0
878666,0
878667,0
878668,0
878669,0
878670,0
878671,0
878672,0
878673,0
878674,0
878675,0
878676,0
878677,0
878678,0
878679,0
878680,0
878681,0
878682,0
878683,0
878684,0
878685,0
878686,0
878687,1
878688,0
878689,0
878690,0
878691,0
878692,0
878693,0
878694,0
878695,1
878696,0
878697,1
878698,0
878699,0
878700,0
878701,1
878702,0
878703,0
878704,0
878705,0
878706,0
878707,0
878708,0
878709,0
878710,0
878711,0
878712,0
878713,0
878714,0
878715,0
878716,0
878717,0
878718,0
878719,0
878720,1
878721,0
878722,0
878723,0
878724,0
878725,0
878726,0
878727,0
878728,0
878729,0
878730,0
878731,0
878732,0
878733,0
878734,0
878735,0
878736,0
878737,0
878738,0
878739,0
878740,0
878741,0
878742,0
878743,0
878744,0
878745,0
878746,0
878747,1
878748,0
878749,0
878750,0
878751,0
878752,0
878753,0
878754,0
878755,0
878756,0
878757,0
878758,0
878759,0
878760,0
878761,1
878762,0
878763,0
878764,0
878765,0
878766,1
878767,0
878768,0
878769,0
878770,0
878771,0
878772,0
878773,0
878774,0
878775,0
878776,0
878777,0
878778,0
878779,0
878780,0
878781,0
878782,1
878783,0
878784,0
878785,0
878786,0
878787,0
878788,1
878789,0
878790,0
878791,1
878792,0
878793,0
878794,0
878795,0
878796,0
878797,0
878798,0
878799,0
878800,0
878801,0
878802,0
878803,0
878804,0
878805,0
878806,2
878807,0
878808,0
878809,0
878810,0
878811,0
878812,0
878813,0
878814,0
878815,0
878816,0
878817,2
878818,0
878819,0
878820,0
878821,0
878822,0
878823,0
878824,0
878825,0
878826,0
878827,0
878828,0
878829,0
878830,0
878831,0
878832,0
878833,0
878834,0
878835,2
878836,0
878837,0
878838,0
878839,1
878840,0
878841,1
878842,0
878843,0
878844,0
878845,0
878846,0
878847,0
878848,0
878849,0
878850,0
878851,0
878852,0
878853,0
878854,0
878855,0
878856,0
878857,0
878858,0
878859,0
878860,0
878861,0
878862,0
878863,0
878864,0
878865,0
878866,1
878867,0
878868,0
878869,1
878870,0
878871,0
878872,0
878873,0
878874,0
878875,0
878876,0
878877,0
878878,0
878879,0
878880,0
878881,0
878882,0
878883,0
878884,0
878885,0
878886,0
878887,0
878888,0
878889,0
878890,0
878891,0
878892,0
878893,0
878894,0
878895,0
878896,0
878897,0
878898,0
878899,0
878900,0
878901,0
878902,0
878903,0
878904,0
878905,1
878906,0
878907,0
878908,0
878909,1
878910,0
878911,0
878912,0
878913,0
878914,0
878915,0
878916,0
878917,1
878918,0
878919,0
878920,0
878921,0
878922,1
878923,0
878924,0
878925,0
878926,0
878927,0
878928,0
878929,0
878930,0
878931,0
878932,0
878933,0
878934,0
878935,0
878936,0
878937,0
878938,0
878939,0
878940,0
878941,0
878942,0
878943,0
878944,0
878945,0
878946,2
878947,0
878948,0
878949,0
878950,0
878951,0
878952,0
878953,0
878954,0
878955,1
878956,0
878957,0
878958,0
878959,0
878960,0
878961,0
878962,0
878963,0
878964,0
878965,0
878966,0
878967,0
878968,0
878969,0
878970,0
878971,0
878972,1
878973,0
878974,0
878975,0
878976,0
878977,1
878978,0
878979,0
878980,0
878981,0
878982,0
878983,0
878984,0
878985,0
878986,0
878987,0
878988,0
878989,0
878990,0
878991,0
878992,0
878993,0
878994,0
878995,0
878996,0
878997,0
878998,0
878999,0
879000,0
879001,0
879002,0
879003,0
879004,0
879005,0
879006,0
879007,0
879008,0
879009,0
879010,0
879011,0
879012,0
879013,0
879014,0
879015,0
879016,1
879017,0
879018,0
879019,0
879020,0
879021,2
879022,2
879023,0
879024,0
879025,0
879026,0
879027,0
879028,0
879029,0
879030,0
879031,0
879032,0
879033,0
879034,0
879035,0
879036,0
879037,0
879038,0
879039,0
879040,0
879041,0
879042,0
879043,0
879044,0
879045,0
879046,0
879047,0
879048,0
879049,0
879050,0
879051,3
879052,0
879053,1
879054,0
879055,0
879056,0
879057,0
879058,0
879059,0
879060,0
879061,0
879062,0
879063,0
879064,0
879065,0
879066,0
879067,0
879068,0
879069,0
879070,0
879071,0
879072,2
879073,0
879074,1
879075,0
879076,0
879077,0
879078,0
879079,0
879080,0
879081,0
879082,0
879083,0
879084,1
879085,0
879086,0
879087,24
879088,0
879089,0
879090,0
879091,0
879092,0
879093,12
879094,13
879095,0
879096,0
879097,18
879098,0
879099,0
879100,0
879101,0
879102,0
879103,21
879104,0
879105,0
879106,13
879107,32
879108,0
879109,7
879110,19
879111,0
879112,0
879113,16
879114,0
879115,0
879116,0
879117,0
879118,0
879119,23
879120,17
879121,13
879122,0
879123,0
879124,0
879125,0
879126,0
879127,0
879128,0
879129,0
879130,1
879131,0
879132,0
879133,1
879134,0
879135,0
879136,0
879137,3
879138,0
879139,0
879140,0
879141,0
879142,0
879143,0
879144,0
879145,0
879146,0
879147,0
879148,0
879149,0
879150,0
879151,0
879152,0
879153,0
879154,0
879155,0
879156,0
879157,0
879158,0
879159,2
879160,0
879161,0
879162,0
879163,0
879164,2
879165,0
879166,0
879167,0
879168,0
879169,0
879170,1
879171,0
879172,0
879173,2
879174,0
879175,0
879176,1
879177,0
879178,0
879179,0
879180,3
879181,2
879182,0
879183,0
879184,0
879185,0
879186,0
879187,0
879188,0
879189,0
879190,0
879191,0
879192,3
879193,0
879194,0
879195,0
879196,0
879197,0
879198,0
879199,0
879200,0
879201,0
879202,0
879203,0
879204,0
879205,0
879206,0
879207,0
879208,0
879209,0
879210,0
879211,2
879212,1
879213,0
879214,0
879215,3
879216,0
879217,0
879218,1
879219,0
879220,0
879221,0
879222,1
879223,0
879224,0
879225,0
879226,0
879227,0
879228,0
879229,0
879230,1
879231,1
879232,0
879233,0
879234,0
879235,0
879236,0
879237,0
879238,0
879239,0
879240,0
879241,0
879242,0
879243,1
879244,0
879245,5
879246,0
879247,0
879248,0
879249,0
879250,0
879251,4
879252,0
879253,0
879254,0
879255,10
879256,0
879257,11
879258,0
879259,14
879260,10
879261,6
879262,0
879263,0
879264,0
879265,0
879266,0
879267,0
879268,0
879269,5
879270,5
879271,0
879272,0
879273,4
879274,0
879275,6
879276,0
879277,0
879278,0
879279,0
879280,0
879281,0
879282,0
879283,10
879284,0
879285,5
879286,4
879287,9
879288,0
879289,9
879290,0
879291,0
879292,0
879293,0
879294,0
879295,0
879296,0
879297,3
879298,2
879299,0
879300,2
879301,0
879302,0
879303,10
879304,8
879305,0
879306,0
879307,3
879308,0
879309,0
879310,12
879311,0
879312,0
879313,0
879314,9
879315,0
879316,0
879317,8
879318,7
879319,0
879320,0
879321,14
879322,0
879323,17
879324,8
879325,9
879326,0
879327,0
879328,0
879329,9
879330,7
879331,13
879332,5
879333,0
879334,0
879335,0
879336,0
879337,0
879338,0
879339,10
879340,0
879341,0
879342,0
879343,7
879344,0
879345,0
879346,4
879347,0
879348,9
879349,0
879350,9
879351,0
879352,0
879353,11
879354,5
879355,7
879356,0
879357,0
879358,9
879359,0
879360,0
879361,0
879362,0
879363,0
879364,0
879365,0
879366,0
879367,0
879368,0
879369,0
879370,0
879371,0
879372,0
879373,0
879374,0
879375,6
879376,13
879377,0
879378,8
879379,0
879380,5
879381,0
879382,0
879383,0
879384,0
879385,0
879386,0
879387,0
879388,14
879389,9
879390,0
879391,7
879392,0
879393,0
879394,0
879395,0
879396,6
879397,0
879398,0
879399,0
879400,0
879401,0
879402,0
879403,0
879404,0
879405,0
879406,0
879407,0
879408,0
879409,4
879410,10
879411,0
879412,0
879413,0
879414,0
879415,0
879416,0
879417,0
879418,0
879419,0
879420,2
879421,0
879422,0
879423,0
879424,10
879425,0
879426,11
879427,0
879428,0
879429,0
879430,0
879431,6
879432,6
879433,0
879434,0
879435,0
879436,0
879437,17
879438,5
879439,0
879440,0
879441,15
879442,5
879443,0
879444,0
879445,9
879446,0
879447,0
879448,0
879449,0
879450,0
879451,9
879452,0
879453,3
879454,0
879455,0
879456,0
879457,7
879458,0
879459,6
879460,10
879461,0
879462,3
879463,0
879464,0
879465,0
879466,4
879467,0
879468,0
879469,0
879470,0
879471,9
879472,0
879473,0
879474,0
879475,0
879476,0
879477,0
879478,0
879479,0
879480,0
879481,12
879482,0
879483,0
879484,7
879485,3
879486,0
879487,12
879488,0
879489,0
879490,7
879491,0
879492,0
879493,27
879494,0
879495,0
879496,0
879497,0
879498,0
879499,33
879500,0
879501,45
879502,0
879503,0
879504,0
879505,0
879506,32
879507,0
879508,0
879509,0
879510,0
879511,28
879512,0
879513,0
879514,29
879515,0
879516,0
879517,0
879518,21
879519,32
879520,0
879521,21
879522,0
879523,0
879524,0
879525,0
879526,0
879527,0
879528,29
879529,36
879530,0
879531,0
879532,30
879533,52
879534,0
879535,0
879536,0
879537,0
879538,36
879539,28
879540,0
879541,0
879542,40
879543,0
879544,0
879545,0
879546,0
879547,0
879548,0
879549,0
879550,0
879551,33
879552,0
879553,0
879554,0
879555,0
879556,0
879557,0
879558,0
879559,0
879560,0
879561,0
879562,0
879563,0
879564,0
879565,30
879566,0
879567,36
879568,0
879569,0
879570,49
879571,0
879572,0
879573,0
879574,0
879575,0
879576,0
879577,45
879578,0
879579,0
879580,0
879581,37
879582,0
879583,0
879584,0
879585,33
879586,0
879587,0
879588,26
879589,0
879590,30
879591,0
879592,0
879593,46
879594,0
879595,58
879596,0
879597,48
879598,0
879599,0
879600,33
879601,0
879602,47
879603,21
879604,0
879605,35
879606,0
879607,31
879608,39
879609,0
879610,27
879611,0
879612,0
879613,0
879614,40
879615,0
879616,0
879617,14
879618,0
879619,0
879620,37
879621,34
879622,0
879623,0
879624,31
879625,0
879626,0
879627,29
879628,0
879629,0
879630,36
879631,31
879632,14
879633,31
879634,32
879635,0
879636,0
879637,0
879638,32
879639,34
879640,19
879641,28
879642,0
879643,38
879644,0
879645,0
879646,0
879647,0
879648,0
879649,0
879650,20
879651,24
879652,0
879653,0
879654,0
879655,0
879656,0
879657,34
879658,0
879659,0
879660,38
879661,0
879662,0
879663,0
879664,0
879665,28
879666,40
879667,0
879668,0
879669,0
879670,0
879671,35
879672,29
879673,0
879674,0
879675,0
879676,52
879677,0
879678,0
879679,0
879680,0
879681,0
879682,24
879683,0
879684,0
879685,0
879686,0
879687,0
879688,0
879689,0
879690,0
879691,0
879692,0
879693,0
879694,0
879695,0
879696,31
879697,0
879698,22
879699,0
879700,0
879701,0
879702,0
879703,29
879704,0
879705,32
879706,0
879707,0
879708,0
879709,0
879710,0
879711,0
879712,0
879713,0
879714,0
879715,0
879716,0
879717,0
879718,0
879719,31
879720,29
879721,0
879722,26
879723,0
879724,35
879725,0
879726,0
879727,0
879728,25
879729,0
879730,0
879731,0
879732,0
879733,0
879734,0
879735,0
879736,0
879737,33
879738,35
879739,0
879740,45
879741,0
879742,0
879743,48
879744,0
879745,20
879746,0
879747,0
879748,0
879749,28
879750,0
879751,0
879752,0
879753,0
879754,29
879755,43
879756,0
879757,26
879758,0
879759,26
879760,0
879761,16
879762,0
879763,40
879764,48
879765,0
879766,0
879767,30
879768,28
879769,44
879770,0
879771,0
879772,0
879773,0
879774,38
879775,29
879776,0
879777,48
879778,0
879779,0
879780,24
879781,0
879782,0
879783,27
879784,37
879785,34
879786,26
879787,0
879788,0
879789,0
879790,22
879791,0
879792,0
879793,0
879794,18
879795,0
879796,35
879797,0
879798,0
879799,0
879800,0
879801,30
879802,0
879803,40
879804,0
879805,0
879806,0
879807,0
879808,0
879809,22
879810,0
879811,35
879812,0
879813,0
879814,0
879815,0
879816,0
879817,0
879818,0
879819,0
879820,0
879821,21
879822,0
879823,0
879824,0
879825,27
879826,0
879827,0
879828,28
879829,0
879830,0
879831,0
879832,36
879833,0
879834,45
879835,0
879836,0
879837,0
879838,0
879839,43
879840,0
879841,0
879842,33
879843,0
879844,0
879845,0
879846,0
879847,0
879848,0
879849,35
879850,28
879851,32
879852,24
879853,0
879854,0
879855,28
879856,42
879857,0
879858,0
879859,0
879860,0
879861,0
879862,24
879863,35
879864,0
879865,0
879866,38
879867,0
879868,0
879869,28
879870,28
879871,0
879872,0
879873,38
879874,0
879875,0
879876,0
879877,0
879878,0
879879,0
879880,0
879881,0
879882,0
879883,0
879884,0
879885,0
879886,0
879887,0
879888,0
879889,35
879890,0
879891,0
879892,0
879893,25
879894,0
879895,0
879896,0
879897,0
879898,0
879899,0
879900,0
879901,0
879902,30
879903,0
879904,0
879905,22
879906,0
879907,0
879908,0
879909,0
879910,37
879911,0
879912,0
879913,39
879914,0
879915,30
879916,0
879917,28
879918,39
879919,0
879920,0
879921,42
879922,0
879923,44
879924,0
879925,0
879926,36
879927,0
879928,0
879929,0
879930,0
879931,32
879932,0
879933,0
879934,0
879935,0
879936,0
879937,19
879938,42
879939,22
879940,0
879941,0
879942,0
879943,0
879944,0
879945,0
879946,0
879947,0
879948,0
879949,0
879950,0
879951,0
879952,0
879953,0
879954,31
879955,0
879956,35
879957,0
879958,27
879959,0
879960,0
879961,31
879962,0
879963,0
879964,0
879965,0
879966,28
879967,0
879968,0
879969,0
879970,0
879971,0
879972,0
879973,0
879974,0
879975,23
879976,32
879977,42
879978,0
879979,0
879980,25
879981,31
879982,34
879983,0
879984,0
879985,0
879986,0
879987,0
879988,0
879989,0
879990,31
879991,0
879992,0
879993,0
879994,0
879995,0
879996,0
879997,32
879998,0
879999,0
880000,0
880001,21
880002,0
880003,44
880004,35
880005,0
880006,0
880007,26
880008,21
880009,0
880010,25
880011,27
880012,0
880013,37
880014,0
880015,0
880016,0
880017,0
880018,0
880019,0
880020,0
880021,0
880022,0
880023,0
880024,0
880025,0
880026,0
880027,0
880028,0
880029,0
880030,32
880031,0
880032,0
880033,0
880034,0
880035,0
880036,0
880037,0
880038,28
880039,0
880040,27
880041,33
880042,38
880043,0
880044,28
880045,0
880046,0
880047,20
880048,27
880049,0
880050,0
880051,42
880052,0
880053,31
880054,0
880055,0
880056,0
880057,41
880058,0
880059,0
880060,0
880061,0
880062,0
880063,0
880064,0
880065,0
880066,0
880067,34
880068,0
880069,0
880070,0
880071,0
880072,0
880073,25
880074,0
880075,24
880076,0
880077,0
880078,0
880079,0
880080,20
880081,41
880082,34
880083,0
880084,0
880085,0
880086,35
880087,0
880088,0
880089,37
880090,37
880091,0
880092,0
880093,0
880094,35
880095,33
880096,0
880097,0
880098,23
880099,23
880100,0
880101,31
880102,0
880103,42
880104,28
880105,38
880106,33
880107,35
880108,0
880109,58
880110,36
880111,32
880112,56
880113,35
880114,0
880115,0
880116,0
880117,0
880118,0
880119,34
880120,0
880121,0
880122,0
880123,0
880124,0
880125,0
880126,0
880127,36
880128,0
880129,0
880130,0
880131,44
880132,0
880133,55
880134,0
880135,0
880136,0
880137,0
880138,0
880139,0
880140,0
880141,31
880142,0
880143,0
880144,41
880145,0
880146,0
880147,56
880148,19
880149,0
880150,0
880151,0
880152,37
880153,0
880154,0
880155,37
880156,0
880157,0
880158,0
880159,21
880160,0
880161,0
880162,0
880163,0
880164,0
880165,0
880166,34
880167,34
880168,0
880169,0
880170,0
880171,0
880172,0
880173,0
880174,0
880175,0
880176,21
880177,36
880178,0
880179,0
880180,35
880181,26
880182,0
880183,0
880184,0
880185,0
880186,0
880187,0
880188,0
880189,0
880190,0
880191,0
880192,0
880193,31
880194,29
880195,0
880196,17
880197,0
880198,47
880199,36
880200,0
880201,32
880202,0
880203,0
880204,24
880205,26
880206,0
880207,0
880208,41
880209,22
880210,0
880211,0
880212,0
880213,0
880214,0
880215,0
880216,0
880217,0
880218,29
880219,0
880220,31
880221,0
880222,0
880223,0
880224,40
880225,0
880226,0
880227,0
880228,0
880229,0
880230,0
880231,0
880232,0
880233,0
880234,24
880235,0
880236,0
880237,30
880238,0
880239,24
880240,0
880241,32
880242,0
880243,0
880244,0
880245,30
880246,0
880247,0
880248,0
880249,27
880250,0
880251,32
880252,0
880253,0
880254,0
880255,0
880256,0
880257,0
880258,0
880259,0
880260,0
880261,0
880262,30
880263,39
880264,0
880265,0
880266,0
880267,0
880268,0
880269,0
880270,0
880271,0
880272,0
880273,0
880274,51
880275,34
880276,0
880277,0
880278,0
880279,0
880280,39
880281,24
880282,27
880283,0
880284,0
880285,0
880286,0
880287,0
880288,0
880289,0
880290,0
880291,0
880292,19
880293,26
880294,0
880295,35
880296,0
880297,0
880298,0
880299,0
880300,0
880301,22
880302,0
880303,0
880304,0
880305,0
880306,0
880307,0
880308,0
880309,30
880310,34
880311,0
880312,0
880313,34
880314,0
880315,0
880316,25
880317,20
880318,0
880319,0
880320,0
880321,28
880322,0
880323,0
880324,34
880325,29
880326,47
880327,0
880328,0
880329,0
880330,0
880331,0
880332,0
880333,0
880334,0
880335,0
880336,0
880337,0
880338,0
880339,33
880340,0
880341,0
880342,0
880343,0
880344,0
880345,0
880346,0
880347,0
880348,0
880349,0
880350,0
880351,0
880352,0
880353,0
880354,0
880355,0
880356,0
880357,0
880358,0
880359,0
880360,0
880361,0
880362,0
880363,0
880364,0
880365,42
880366,0
880367,26
880368,0
880369,0
880370,0
880371,0
880372,0
880373,0
880374,0
880375,0
880376,0
880377,0
880378,0
880379,0
880380,0
880381,0
880382,0
880383,0
880384,0
880385,36
880386,0
880387,0
880388,0
880389,0
880390,0
880391,0
880392,0
880393,0
880394,0
880395,0
880396,0
880397,0
880398,0
880399,0
880400,0
880401,0
880402,0
880403,0
880404,0
880405,0
880406,0
880407,0
880408,0
880409,28
880410,0
880411,0
880412,0
880413,0
880414,0
880415,0
880416,0
880417,0
880418,0
880419,45
880420,0
880421,0
880422,0
880423,0
880424,0
880425,47
880426,0
880427,0
880428,0
880429,0
880430,0
880431,0
880432,0
880433,0
880434,0
880435,0
880436,46
880437,39
880438,35
880439,0
880440,0
880441,0
880442,0
880443,0
880444,0
880445,0
880446,0
880447,0
880448,0
880449,0
880450,0
880451,0
880452,0
880453,21
880454,0
880455,0
880456,0
880457,31
880458,0
880459,0
880460,0
880461,0
880462,0
880463,0
880464,0
880465,0
880466,37
880467,31
880468,0
880469,0
880470,0
880471,0
880472,0
880473,34
880474,0
880475,0
880476,0
880477,0
880478,0
880479,0
880480,41
880481,43
880482,37
880483,0
880484,0
880485,0
880486,0
880487,0
880488,0
880489,0
880490,0
880491,0
880492,0
880493,0
880494,0
880495,0
880496,0
880497,0
880498,0
880499,0
880500,0
880501,0
880502,0
880503,0
880504,0
880505,37
880506,0
880507,0
880508,0
880509,0
880510,0
880511,0
880512,0
880513,0
880514,0
880515,0
880516,62
880517,0
880518,0
880519,0
880520,0
880521,0
880522,0
880523,0
880524,0
880525,0
880526,0
880527,0
880528,0
880529,37
880530,0
880531,0
880532,0
880533,51
880534,0
880535,0
880536,0
880537,0
880538,0
880539,0
880540,0
880541,0
880542,0
880543,45
880544,0
880545,0
880546,0
880547,0
880548,0
880549,0
880550,0
880551,0
880552,0
880553,0
880554,0
880555,0
880556,0
880557,0
880558,0
880559,0
880560,0
880561,0
880562,0
880563,0
880564,0
880565,0
880566,0
880567,40
880568,0
880569,0
880570,35
880571,0
880572,0
880573,0
880574,53
880575,0
880576,0
880577,0
880578,24
880579,0
880580,0
880581,34
880582,0
880583,0
880584,0
880585,0
880586,0
880587,30
880588,0
880589,0
880590,0
880591,0
880592,0
880593,0
880594,0
880595,0
880596,0
880597,0
880598,0
880599,0
880600,0
880601,45
880602,0
880603,0
880604,0
880605,0
880606,0
880607,0
880608,0
880609,0
880610,0
880611,54
880612,0
880613,0
880614,0
880615,0
880616,38
880617,0
880618,35
880619,0
880620,0
880621,0
880622,0
880623,0
880624,0
880625,0
880626,0
880627,0
880628,0
880629,0
880630,0
880631,44
880632,0
880633,0
880634,0
880635,0
880636,0
880637,0
880638,0
880639,0
880640,36
880641,0
880642,0
880643,0
880644,0
880645,0
880646,0
880647,0
880648,0
880649,0
880650,0
880651,0
880652,0
880653,0
880654,0
880655,0
880656,0
880657,0
880658,48
880659,0
880660,0
880661,0
880662,0
880663,0
880664,0
880665,41
880666,34
880667,0
880668,0
880669,0
880670,0
880671,0
880672,0
880673,0
880674,0
880675,0
880676,0
880677,0
880678,0
880679,0
880680,0
880681,0
880682,0
880683,0
880684,0
880685,0
880686,0
880687,0
880688,0
880689,0
880690,0
880691,0
880692,0
880693,0
880694,0
880695,39
880696,0
880697,30
880698,0
880699,0
880700,0
880701,0
880702,0
880703,0
880704,0
880705,42
880706,0
880707,0
880708,0
880709,0
880710,0
880711,0
880712,30
880713,0
880714,0
880715,0
880716,0
880717,0
880718,0
880719,0
880720,0
880721,0
880722,0
880723,0
880724,0
880725,0
880726,0
880727,0
880728,0
880729,0
880730,32
880731,0
880732,0
880733,0
880734,0
880735,0
880736,0
880737,45
880738,0
880739,0
880740,0
880741,42
880742,0
880743,0
880744,0
880745,0
880746,70
880747,0
880748,0
880749,0
880750,0
880751,0
880752,0
880753,0
880754,0
880755,0
880756,0
880757,0
880758,0
880759,29
880760,0
880761,0
880762,0
880763,44
880764,0
880765,0
880766,0
880767,0
880768,0
880769,0
880770,24
880771,0
880772,0
880773,0
880774,0
880775,0
880776,0
880777,0
880778,0
880779,0
880780,0
880781,0
880782,0
880783,0
880784,0
880785,0
880786,0
880787,0
880788,0
880789,0
880790,0
880791,0
880792,0
880793,0
880794,0
880795,31
880796,0
880797,0
880798,0
880799,0
880800,0
880801,0
880802,27
880803,63
880804,0
880805,37
880806,0
880807,0
880808,0
880809,0
880810,0
880811,0
880812,0
880813,0
880814,0
880815,0
880816,0
880817,0
880818,0
880819,0
880820,0
880821,0
880822,37
880823,0
880824,0
880825,0
880826,0
880827,0
880828,0
880829,0
880830,0
880831,0
880832,0
880833,0
880834,42
880835,0
880836,0
880837,52
880838,0
880839,0
880840,38
880841,0
880842,0
880843,51
880844,0
880845,42
880846,39
880847,0
880848,0
880849,36
880850,0
880851,0
880852,0
880853,0
880854,0
880855,41
880856,0
880857,0
880858,0
880859,0
880860,0
880861,0
880862,0
880863,0
880864,0
880865,30
880866,0
880867,35
880868,0
880869,0
880870,0
880871,0
880872,41
880873,0
880874,0
880875,0
880876,0
880877,0
880878,0
880879,0
880880,0
880881,0
880882,27
880883,0
880884,0
880885,0
880886,0
880887,0
880888,33
880889,0
880890,0
880891,0
880892,0
880893,0
880894,0
880895,0
880896,0
880897,0
880898,0
880899,0
880900,0
880901,0
880902,0
880903,0
880904,0
880905,0
880906,0
880907,0
880908,42
880909,0
880910,0
880911,0
880912,0
880913,0
880914,0
880915,0
880916,0
880917,0
880918,42
880919,39
880920,0
880921,41
880922,0
880923,0
880924,0
880925,41
880926,0
880927,0
880928,0
880929,0
880930,36
880931,0
880932,0
880933,0
880934,0
880935,0
880936,46
880937,0
880938,0
880939,0
880940,0
880941,48
880942,0
880943,0
880944,30
880945,0
880946,0
880947,0
880948,0
880949,9
880950,18
880951,0
880952,0
880953,0
880954,0
880955,0
880956,0
880957,0
880958,0
880959,0
880960,0
880961,0
880962,0
880963,20
880964,0
880965,0
880966,0
880967,0
880968,0
880969,12
880970,0
880971,0
880972,0
880973,16
880974,0
880975,0
880976,10
880977,12
880978,9
880979,0
880980,14
880981,10
880982,15
880983,17
880984,0
880985,20
880986,5
880987,19
880988,0
880989,0
880990,7
880991,0
880992,0
880993,0
880994,24
880995,0
880996,0
880997,0
880998,9
880999,0
881000,0
881001,0
881002,11
881003,0
881004,0
881005,10
881006,0
881007,0
881008,0
881009,0
881010,0
881011,0
881012,0
881013,0
881014,0
881015,0
881016,23
881017,0
881018,0
881019,11
881020,12
881021,0
881022,0
881023,21
881024,0
881025,0
881026,0
881027,16
881028,0
881029,0
881030,21
881031,0
881032,0
881033,0
881034,0
881035,0
881036,0
881037,0
881038,14
881039,0
881040,0
881041,0
881042,0
881043,0
881044,25
881045,0
881046,9
881047,7
881048,20
881049,0
881050,0
881051,0
881052,0
881053,12
881054,0
881055,0
881056,0
881057,12
881058,0
881059,0
881060,0
881061,0
881062,0
881063,0
881064,12
881065,7
881066,0
881067,0
881068,0
881069,18
881070,0
881071,0
881072,0
881073,20
881074,9
881075,0
881076,0
881077,15
881078,0
881079,0
881080,0
881081,0
881082,0
881083,0
881084,0
881085,12
881086,0
881087,0
881088,0
881089,11
881090,18
881091,24
881092,15
881093,0
881094,0
881095,0
881096,0
881097,0
881098,0
881099,28
881100,0
881101,0
881102,13
881103,0
881104,0
881105,0
881106,0
881107,0
881108,15
881109,0
881110,0
881111,0
881112,0
881113,0
881114,19
881115,12
881116,8
881117,11
881118,0
881119,0
881120,0
881121,0
881122,9
881123,0
881124,16
881125,0
881126,11
881127,9
881128,0
881129,0
881130,0
881131,0
881132,0
881133,9
881134,0
881135,0
881136,0
881137,0
881138,11
881139,0
881140,7
881141,15
881142,0
881143,8
881144,0
881145,0
881146,0
881147,0
881148,0
881149,0
881150,0
881151,0
881152,0
881153,14
881154,0
881155,0
881156,12
881157,0
881158,0
881159,0
881160,0
881161,17
881162,13
881163,0
881164,0
881165,24
881166,0
881167,0
881168,0
881169,0
881170,0
881171,0
881172,10
881173,0
881174,0
881175,0
881176,0
881177,13
881178,0
881179,0
881180,20
881181,12
881182,0
881183,0
881184,0
881185,16
881186,16
881187,0
881188,8
881189,0
881190,0
881191,0
881192,0
881193,0
881194,19
881195,0
881196,14
881197,11
881198,0
881199,0
881200,0
881201,9
881202,0
881203,0
881204,0
881205,0
881206,0
881207,14
881208,15
881209,0
881210,0
881211,0
881212,0
881213,0
881214,0
881215,8
881216,0
881217,0
881218,0
881219,0
881220,16
881221,0
881222,9
881223,0
881224,0
881225,0
881226,0
881227,15
881228,0
881229,0
881230,0
881231,0
881232,10
881233,0
881234,0
881235,0
881236,0
881237,0
881238,0
881239,0
881240,0
881241,0
881242,0
881243,0
881244,20
881245,0
881246,0
881247,0
881248,0
881249,0
881250,22
881251,0
881252,19
881253,0
881254,17
881255,0
881256,0
881257,9
881258,14
881259,0
881260,19
881261,12
881262,0
881263,0
881264,0
881265,0
881266,0
881267,0
881268,0
881269,23
881270,0
881271,0
881272,15
881273,17
881274,14
881275,0
881276,0
881277,8
881278,13
881279,14
881280,0
881281,0
881282,11
881283,9
881284,0
881285,0
881286,0
881287,10
881288,9
881289,0
881290,0
881291,0
881292,0
881293,0
881294,0
881295,0
881296,0
881297,0
881298,18
881299,0
881300,0
881301,0
881302,9
881303,0
881304,17
881305,0
881306,0
881307,0
881308,0
881309,0
881310,10
881311,0
881312,17
881313,0
881314,0
881315,0
881316,0
881317,11
881318,0
881319,0
881320,22
881321,16
881322,0
881323,0
881324,0
881325,12
881326,18
881327,0
881328,0
881329,0
881330,0
881331,16
881332,0
881333,0
881334,0
881335,0
881336,0
881337,0
881338,0
881339,0
881340,0
881341,0
881342,0
881343,0
881344,0
881345,13
881346,0
881347,11
881348,0
881349,0
881350,0
881351,0
881352,19
881353,0
881354,0
881355,0
881356,0
881357,5
881358,12
881359,0
881360,0
881361,0
881362,0
881363,0
881364,0
881365,0
881366,14
881367,0
881368,0
881369,21
881370,0
881371,0
881372,13
881373,12
881374,15
881375,0
881376,0
881377,0
881378,0
881379,11
881380,0
881381,0
881382,0
881383,0
881384,0
881385,0
881386,0
881387,0
881388,0
881389,0
881390,11
881391,0
881392,0
881393,0
881394,16
881395,0
881396,0
881397,0
881398,12
881399,0
881400,18
881401,0
881402,0
881403,0
881404,16
881405,19
881406,0
881407,0
881408,0
881409,0
881410,0
881411,10
881412,0
881413,0
881414,0
881415,0
881416,0
881417,0
881418,0
881419,0
881420,0
881421,13
881422,0
881423,0
881424,17
881425,0
881426,17
881427,6
881428,0
881429,0
881430,0
881431,0
881432,21
881433,0
881434,0
881435,0
881436,0
881437,0
881438,0
881439,0
881440,0
881441,0
881442,0
881443,0
881444,14
881445,18
881446,21
881447,15
881448,0
881449,0
881450,27
881451,0
881452,0
881453,14
881454,0
881455,0
881456,20
881457,0
881458,0
881459,0
881460,0
881461,0
881462,0
881463,0
881464,0
881465,0
881466,10
881467,0
881468,12
881469,0
881470,0
881471,0
881472,0
881473,0
881474,0
881475,17
881476,0
881477,11
881478,16
881479,0
881480,0
881481,0
881482,14
881483,18
881484,11
881485,0
881486,11
881487,13
881488,0
881489,0
881490,21
881491,0
881492,21
881493,10
881494,0
881495,0
881496,0
881497,0
881498,17
881499,11
881500,13
881501,0
881502,0
881503,0
881504,10
881505,0
881506,0
881507,0
881508,0
881509,0
881510,0
881511,20
881512,0
881513,0
881514,0
881515,0
881516,0
881517,0
881518,0
881519,0
881520,0
881521,0
881522,0
881523,0
881524,0
881525,0
881526,8
881527,0
881528,0
881529,0
881530,0
881531,0
881532,0
881533,0
881534,0
881535,18
881536,0
881537,0
881538,0
881539,0
881540,0
881541,0
881542,0
881543,0
881544,0
881545,11
881546,0
881547,15
881548,24
881549,10
881550,15
881551,0
881552,14
881553,0
881554,0
881555,0
881556,17
881557,0
881558,0
881559,0
881560,14
881561,16
881562,0
881563,0
881564,0
881565,0
881566,14
881567,0
881568,0
881569,0
881570,0
881571,0
881572,22
881573,9
881574,0
881575,8
881576,0
881577,21
881578,10
881579,18
881580,12
881581,13
881582,8
881583,0
881584,0
881585,0
881586,0
881587,16
881588,17
881589,0
881590,14
881591,0
881592,0
881593,0
881594,0
881595,0
881596,11
881597,0
881598,0
881599,0
881600,0
881601,0
881602,0
881603,0
881604,0
881605,0
881606,0
881607,0
881608,0
881609,21
881610,0
881611,0
881612,0
881613,11
881614,0
881615,0
881616,10
881617,11
881618,0
881619,0
881620,0
881621,0
881622,0
881623,0
881624,0
881625,0
881626,0
881627,0
881628,17
881629,0
881630,0
881631,0
881632,8
881633,0
881634,25
881635,0
881636,0
881637,0
881638,0
881639,0
881640,0
881641,0
881642,0
881643,11
881644,0
881645,19
881646,0
881647,0
881648,0
881649,0
881650,7
881651,0
881652,0
881653,0
881654,15
881655,0
881656,0
881657,0
881658,0
881659,0
881660,11
881661,0
881662,0
881663,0
881664,26
881665,0
881666,0
881667,0
881668,0
881669,18
881670,0
881671,28
881672,0
881673,12
881674,0
881675,17
881676,0
881677,21
881678,8
881679,10
881680,15
881681,0
881682,0
881683,8
881684,0
881685,0
881686,0
881687,0
881688,0
881689,0
881690,0
881691,0
881692,0
881693,0
881694,0
881695,12
881696,0
881697,0
881698,0
881699,0
881700,0
881701,0
881702,0
881703,0
881704,0
881705,0
881706,0
881707,0
881708,0
881709,0
881710,0
881711,0
881712,0
881713,0
881714,0
881715,16
881716,0
881717,0
881718,0
881719,0
881720,0
881721,0
881722,0
881723,0
881724,0
881725,0
881726,0
881727,0
881728,18
881729,0
881730,0
881731,0
881732,0
881733,0
881734,0
881735,0
881736,0
881737,0
881738,0
881739,0
881740,0
881741,0
881742,0
881743,10
881744,0
881745,0
881746,0
881747,0
881748,0
881749,0
881750,0
881751,0
881752,0
881753,11
881754,0
881755,0
881756,0
881757,0
881758,0
881759,0
881760,0
881761,0
881762,0
881763,0
881764,0
881765,0
881766,0
881767,0
881768,0
881769,0
881770,0
881771,0
881772,0
881773,0
881774,0
881775,0
881776,19
881777,0
881778,0
881779,0
881780,0
881781,0
881782,0
881783,0
881784,0
881785,0
881786,0
881787,0
881788,0
881789,0
881790,0
881791,0
881792,0
881793,0
881794,0
881795,0
881796,0
881797,0
881798,0
881799,0
881800,0
881801,0
881802,0
881803,0
881804,0
881805,0
881806,0
881807,0
881808,0
881809,0
881810,0
881811,0
881812,0
881813,0
881814,0
881815,0
881816,0
881817,0
881818,0
881819,0
881820,0
881821,0
881822,0
881823,0
881824,0
881825,0
881826,0
881827,0
881828,0
881829,0
881830,0
881831,0
881832,0
881833,0
881834,0
881835,0
881836,0
881837,0
881838,0
881839,0
881840,0
881841,0
881842,0
881843,0
881844,7
881845,0
881846,0
881847,0
881848,0
881849,0
881850,0
881851,0
881852,0
881853,0
881854,0
881855,0
881856,0
881857,0
881858,0
881859,0
881860,0
881861,0
881862,0
881863,0
881864,0
881865,0
881866,0
881867,0
881868,15
881869,0
881870,10
881871,0
881872,0
881873,0
881874,0
881875,0
881876,0
881877,0
881878,0
881879,0
881880,0
881881,0
881882,0
881883,0
881884,0
881885,0
881886,0
881887,0
881888,11
881889,0
881890,0
881891,0
881892,0
881893,0
881894,0
881895,0
881896,0
881897,0
881898,0
881899,0
881900,0
881901,0
881902,9
881903,0
881904,0
881905,0
881906,0
881907,0
881908,0
881909,11
881910,0
881911,0
881912,0
881913,0
881914,0
881915,0
881916,0
881917,0
881918,0
881919,0
881920,0
881921,0
881922,15
881923,0
881924,0
881925,0
881926,0
881927,0
881928,0
881929,0
881930,0
881931,0
881932,0
881933,0
881934,0
881935,0
881936,0
881937,0
881938,0
881939,0
881940,0
881941,0
881942,14
881943,0
881944,0
881945,0
881946,0
881947,0
881948,0
881949,0
881950,0
881951,0
881952,0
881953,0
881954,0
881955,0
881956,0
881957,0
881958,0
881959,0
881960,0
881961,0
881962,0
881963,0
881964,0
881965,10
881966,0
881967,0
881968,0
881969,0
881970,10
881971,0
881972,0
881973,0
881974,0
881975,0
881976,0
881977,0
881978,0
881979,0
881980,0
881981,0
881982,0
881983,0
881984,19
881985,0
881986,0
881987,0
881988,0
881989,0
881990,0
881991,0
881992,0
881993,0
881994,0
881995,0
881996,0
881997,0
881998,0
881999,0
882000,0
882001,0
882002,0
882003,0
882004,0
882005,0
882006,0
882007,0
882008,0
882009,0
882010,0
882011,0
882012,0
882013,0
882014,0
882015,0
882016,0
882017,0
882018,10
882019,0
882020,0
882021,0
882022,0
882023,0
882024,0
882025,0
882026,0
882027,0
882028,0
882029,0
882030,0
882031,0
882032,0
882033,0
882034,0
882035,0
882036,0
882037,0
882038,0
882039,0
882040,0
882041,0
882042,0
882043,0
882044,0
882045,0
882046,0
882047,0
882048,0
882049,0
882050,0
882051,0
882052,0
882053,0
882054,0
882055,0
882056,0
882057,0
882058,0
882059,0
882060,0
882061,11
882062,0
882063,0
882064,0
882065,0
882066,0
882067,0
882068,0
882069,0
882070,0
882071,0
882072,0
882073,0
882074,0
882075,0
882076,0
882077,0
882078,0
882079,0
882080,0
882081,0
882082,0
882083,0
882084,0
882085,0
882086,0
882087,0
882088,0
882089,0
882090,0
882091,0
882092,0
882093,0
882094,0
882095,0
882096,0
882097,0
882098,0
882099,0
882100,0
882101,0
882102,0
882103,0
882104,0
882105,0
882106,0
882107,0
882108,0
882109,14
882110,0
882111,0
882112,0
882113,0
882114,0
882115,0
882116,0
882117,0
882118,0
882119,0
882120,0
882121,0
882122,11
882123,0
882124,0
882125,10
882126,0
882127,0
882128,0
882129,14
882130,0
882131,0
882132,0
882133,0
882134,0
882135,0
882136,0
882137,0
882138,0
882139,0
882140,0
882141,0
882142,0
882143,0
882144,0
882145,0
882146,0
882147,0
882148,0
882149,0
882150,0
882151,0
882152,0
882153,0
882154,0
882155,0
882156,0
882157,0
882158,0
882159,0
882160,0
882161,0
882162,8
882163,0
882164,0
882165,0
882166,0
882167,0
882168,0
882169,0
882170,0
882171,0
882172,0
882173,0
882174,0
882175,0
882176,0
882177,0
882178,10
882179,0
882180,0
882181,0
882182,17
882183,0
882184,0
882185,0
882186,0
882187,14
882188,0
882189,0
882190,0
882191,0
882192,0
882193,0
882194,17
882195,0
882196,0
882197,0
882198,0
882199,0
882200,0
882201,12
882202,0
882203,0
882204,0
882205,0
882206,0
882207,0
882208,0
882209,0
882210,0
882211,0
882212,0
882213,0
882214,0
882215,0
882216,0
882217,0
882218,0
882219,0
882220,0
882221,14
882222,0
882223,11
882224,0
882225,0
882226,0
882227,0
882228,0
882229,0
882230,0
882231,0
882232,0
882233,0
882234,0
882235,0
882236,0
882237,0
882238,0
882239,0
882240,0
882241,0
882242,0
882243,0
882244,0
882245,0
882246,0
882247,0
882248,0
882249,0
882250,0
882251,0
882252,0
882253,0
882254,0
882255,0
882256,0
882257,0
882258,0
882259,11
882260,0
882261,0
882262,0
882263,0
882264,0
882265,0
882266,0
882267,0
882268,0
882269,0
882270,0
882271,0
882272,0
882273,0
882274,0
882275,0
882276,0
882277,14
882278,0
882279,0
882280,0
882281,0
882282,0
882283,0
882284,0
882285,0
882286,0
882287,0
882288,0
882289,0
882290,0
882291,0
882292,0
882293,0
882294,0
882295,0
882296,0
882297,0
882298,0
882299,0
882300,0
882301,0
882302,0
882303,0
882304,17
882305,0
882306,0
882307,0
882308,0
882309,0
882310,16
882311,0
882312,0
882313,0
882314,7
882315,0
882316,0
882317,0
882318,0
882319,0
882320,0
882321,0
882322,0
882323,0
882324,16
882325,0
882326,0
882327,0
882328,0
882329,0
882330,9
882331,0
882332,0
882333,0
882334,0
882335,0
882336,0
882337,0
882338,0
882339,0
882340,0
882341,0
882342,0
882343,0
882344,0
882345,0
882346,0
882347,0
882348,0
882349,0
882350,0
882351,0
882352,0
882353,0
882354,0
882355,0
882356,0
882357,16
882358,0
882359,0
882360,0
882361,0
882362,0
882363,0
882364,0
882365,0
882366,0
882367,0
882368,0
882369,0
882370,0
882371,0
882372,12
882373,0
882374,0
882375,0
882376,0
882377,0
882378,40
882379,38
882380,0
882381,0
882382,0
882383,0
882384,0
882385,0
882386,0
882387,0
882388,0
882389,0
882390,0
882391,0
882392,31
882393,0
882394,59
882395,0
882396,0
882397,0
882398,0
882399,35
882400,0
882401,0
882402,48
882403,0
882404,0
882405,31
882406,0
882407,0
882408,0
882409,42
882410,0
882411,0
882412,0
882413,38
882414,0
882415,0
882416,0
882417,0
882418,0
882419,26
882420,0
882421,0
882422,0
882423,25
882424,0
882425,0
882426,38
882427,46
882428,0
882429,0
882430,33
882431,0
882432,0
882433,0
882434,0
882435,0
882436,0
882437,18
882438,0
882439,42
882440,0
882441,37
882442,0
882443,0
882444,0
882445,0
882446,0
882447,0
882448,0
882449,0
882450,40
882451,0
882452,40
882453,0
882454,0
882455,0
882456,0
882457,0
882458,0
882459,0
882460,46
882461,0
882462,0
882463,0
882464,0
882465,0
882466,0
882467,0
882468,0
882469,0
882470,0
882471,32
882472,0
882473,0
882474,0
882475,0
882476,24
882477,0
882478,0
882479,0
882480,0
882481,0
882482,0
882483,0
882484,0
882485,0
882486,0
882487,0
882488,0
882489,0
882490,0
882491,0
882492,0
882493,43
882494,0
882495,0
882496,0
882497,0
882498,0
882499,0
882500,0
882501,0
882502,0
882503,30
882504,0
882505,0
882506,0
882507,0
882508,21
882509,0
882510,0
882511,46
882512,0
882513,0
882514,0
882515,43
882516,0
882517,0
882518,0
882519,0
882520,0
882521,0
882522,30
882523,0
882524,0
882525,0
882526,0
882527,0
882528,0
882529,0
882530,0
882531,0
882532,0
882533,33
882534,0
882535,0
882536,0
882537,32
882538,0
882539,0
882540,0
882541,39
882542,0
882543,50
882544,0
882545,0
882546,0
882547,0
882548,0
882549,0
882550,33
882551,48
882552,0
882553,54
882554,0
882555,53
882556,0
882557,0
882558,37
882559,0
882560,0
882561,0
882562,0
882563,0
882564,0
882565,0
882566,0
882567,0
882568,36
882569,0
882570,0
882571,0
882572,0
882573,0
882574,0
882575,45
882576,0
882577,35
882578,26
882579,0
882580,40
882581,0
882582,0
882583,0
882584,0
882585,0
882586,0
882587,0
882588,0
882589,0
882590,0
882591,34
882592,27
882593,0
882594,0
882595,0
882596,0
882597,0
882598,0
882599,0
882600,0
882601,0
882602,0
882603,0
882604,26
882605,0
882606,0
882607,0
882608,0
882609,0
882610,39
882611,0
882612,0
882613,0
882614,0
882615,44
882616,0
882617,0
882618,0
882619,0
882620,38
882621,0
882622,0
882623,0
882624,0
882625,0
882626,0
882627,0
882628,0
882629,29
882630,0
882631,0
882632,0
882633,0
882634,0
882635,44
882636,0
882637,0
882638,0
882639,0
882640,39
882641,61
882642,0
882643,0
882644,0
882645,0
882646,0
882647,37
882648,0
882649,0
882650,0
882651,27
882652,0
882653,0
882654,0
882655,41
882656,47
882657,0
882658,0
882659,0
882660,40
882661,0
882662,33
882663,0
882664,0
882665,0
882666,0
882667,57
882668,0
882669,31
882670,33
882671,0
882672,0
882673,0
882674,33
882675,0
882676,0
882677,0
882678,0
882679,0
882680,0
882681,0
882682,0
882683,0
882684,0
882685,0
882686,38
882687,35
882688,43
882689,0
882690,0
882691,0
882692,0
882693,0
882694,0
882695,57
882696,0
882697,0
882698,0
882699,41
882700,0
882701,28
882702,51
882703,0
882704,0
882705,0
882706,0
882707,40
882708,0
882709,0
882710,0
882711,0
882712,0
882713,0
882714,0
882715,0
882716,35
882717,37
882718,0
882719,0
882720,33
882721,0
882722,0
882723,0
882724,0
882725,0
882726,0
882727,0
882728,37
882729,0
882730,47
882731,0
882732,0
882733,0
882734,0
882735,34
882736,0
882737,0
882738,0
882739,0
882740,50
882741,27
882742,0
882743,0
882744,0
882745,0
882746,0
882747,0
882748,0
882749,0
882750,40
882751,0
882752,0
882753,47
882754,0
882755,0
882756,0
882757,0
882758,0
882759,0
882760,0
882761,36
882762,0
882763,58
882764,0
882765,0
882766,0
882767,0
882768,0
882769,25
882770,0
882771,0
882772,0
882773,0
882774,0
882775,0
882776,0
882777,0
882778,0
882779,0
882780,0
882781,32
882782,0
882783,0
882784,0
882785,38
882786,30
882787,0
882788,0
882789,0
882790,0
882791,0
882792,36
882793,0
882794,0
882795,25
882796,0
882797,0
882798,0
882799,39
882800,32
882801,0
882802,41
882803,0
882804,0
882805,0
882806,0
882807,0
882808,0
882809,0
882810,0
882811,41
882812,44
882813,0
882814,60
882815,48
882816,0
882817,0
882818,32
882819,0
882820,0
882821,0
882822,0
882823,0
882824,35
882825,0
882826,0
882827,0
882828,0
882829,0
882830,0
882831,40
882832,0
882833,0
882834,0
882835,0
882836,0
882837,38
882838,0
882839,0
882840,0
882841,0
882842,0
882843,41
882844,0
882845,0
882846,36
882847,40
882848,0
882849,0
882850,0
882851,0
882852,0
882853,0
882854,0
882855,0
882856,0
882857,0
882858,0
882859,32
882860,0
882861,48
882862,0
882863,0
882864,36
882865,0
882866,0
882867,0
882868,0
882869,45
882870,0
882871,0
882872,50
882873,0
882874,0
882875,37
882876,0
882877,0
882878,0
882879,31
882880,0
882881,0
882882,0
882883,0
882884,0
882885,0
882886,0
882887,42
882888,0
882889,0
882890,0
882891,0
882892,0
882893,42
882894,0
882895,0
882896,0
882897,0
882898,43
882899,0
882900,0
882901,0
882902,0
882903,0
882904,0
882905,0
882906,0
882907,0
882908,47
882909,0
882910,0
882911,0
882912,0
882913,0
882914,0
882915,0
882916,0
882917,0
882918,0
882919,0
882920,0
882921,0
882922,29
882923,0
882924,0
882925,0
882926,0
882927,0
882928,0
882929,0
882930,0
882931,45
882932,0
882933,0
882934,40
882935,0
882936,0
882937,0
882938,0
882939,34
882940,0
882941,0
882942,50
882943,33
882944,0
882945,0
882946,0
882947,0
882948,34
882949,0
882950,0
882951,46
882952,29
882953,0
882954,0
882955,0
882956,0
882957,0
882958,0
882959,44
882960,0
882961,0
882962,0
882963,0
882964,0
882965,0
882966,0
882967,48
882968,0
882969,30
882970,40
882971,50
882972,33
882973,0
882974,0
882975,39
882976,0
882977,0
882978,0
882979,0
882980,0
882981,0
882982,42
882983,0
882984,0
882985,0
882986,22
882987,0
882988,0
882989,0
882990,0
882991,38
882992,0
882993,0
882994,0
882995,0
882996,0
882997,33
882998,32
882999,0
883000,36
883001,0
883002,33
883003,0
883004,38
883005,0
883006,0
883007,0
883008,0
883009,0
883010,0
883011,47
883012,0
883013,40
883014,0
883015,0
883016,0
883017,0
883018,0
883019,0
883020,0
883021,51
883022,0
883023,0
883024,0
883025,0
883026,0
883027,0
883028,41
883029,0
883030,0
883031,0
883032,0
883033,0
883034,0
883035,0
883036,0
883037,32
883038,0
883039,0
883040,0
883041,0
883042,0
883043,0
883044,0
883045,0
883046,0
883047,0
883048,0
883049,0
883050,34
883051,0
883052,0
883053,0
883054,0
883055,0
883056,0
883057,0
883058,0
883059,0
883060,39
883061,0
883062,0
883063,0
883064,0
883065,0
883066,0
883067,0
883068,0
883069,0
883070,15
883071,0
883072,12
883073,0
883074,18
883075,0
883076,0
883077,7
883078,0
883079,24
883080,0
883081,0
883082,0
883083,0
883084,0
883085,0
883086,0
883087,16
883088,0
883089,20
883090,0
883091,0
883092,13
883093,0
883094,0
883095,0
883096,0
883097,0
883098,0
883099,0
883100,0
883101,0
883102,0
883103,0
883104,9
883105,0
883106,0
883107,11
883108,0
883109,18
883110,0
883111,0
883112,13
883113,19
883114,7
883115,0
883116,15
883117,0
883118,0
883119,10
883120,14
883121,7
883122,0
883123,11
883124,14
883125,11
883126,0
883127,0
883128,0
883129,10
883130,0
883131,0
883132,0
883133,19
883134,9
883135,0
883136,0
883137,0
883138,0
883139,0
883140,15
883141,26
883142,7
883143,10
883144,0
883145,0
883146,6
883147,10
883148,0
883149,0
883150,0
883151,0
883152,0
883153,0
883154,0
883155,0
883156,0
883157,0
883158,0
883159,0
883160,0
883161,0
883162,11
883163,0
883164,13
883165,10
883166,0
883167,11
883168,0
883169,14
883170,10
883171,18
883172,0
883173,11
883174,0
883175,20
883176,0
883177,0
883178,6
883179,0
883180,0
883181,0
883182,15
883183,0
883184,15
883185,0
883186,0
883187,0
883188,0
883189,14
883190,17
883191,0
883192,11
883193,13
883194,0
883195,0
883196,0
883197,12
883198,0
883199,14
883200,0
883201,0
883202,0
883203,0
883204,12
883205,0
883206,12
883207,0
883208,0
883209,0
883210,0
883211,0
883212,12
883213,0
883214,0
883215,0
883216,0
883217,0
883218,0
883219,11
883220,14
883221,11
883222,0
883223,9
883224,10
883225,17
883226,0
883227,0
883228,0
883229,0
883230,0
883231,0
883232,20
883233,0
883234,18
883235,0
883236,13
883237,0
883238,0
883239,0
883240,0
883241,0
883242,0
883243,8
883244,0
883245,0
883246,14
883247,7
883248,11
883249,0
883250,0
883251,0
883252,0
883253,15
883254,0
883255,14
883256,15
883257,17
883258,20
883259,0
883260,0
883261,0
883262,0
883263,0
883264,0
883265,0
883266,0
883267,0
883268,0
883269,0
883270,13
883271,16
883272,0
883273,0
883274,13
883275,13
883276,0
883277,0
883278,0
883279,0
883280,0
883281,0
883282,0
883283,0
883284,0
883285,0
883286,0
883287,0
883288,6
883289,0
883290,21
883291,0
883292,0
883293,0
883294,0
883295,0
883296,0
883297,0
883298,0
883299,0
883300,0
883301,0
883302,0
883303,0
883304,0
883305,0
883306,0
883307,0
883308,0
883309,0
883310,0
883311,0
883312,0
883313,0
883314,0
883315,0
883316,0
883317,0
883318,0
883319,0
883320,0
883321,26
883322,0
883323,11
883324,0
883325,20
883326,0
883327,0
883328,0
883329,0
883330,0
883331,0
883332,0
883333,0
883334,0
883335,0
883336,0
883337,0
883338,0
883339,14
883340,0
883341,10
883342,0
883343,0
883344,0
883345,0
883346,0
883347,6
883348,0
883349,0
883350,0
883351,0
883352,0
883353,0
883354,0
883355,0
883356,0
883357,0
883358,0
883359,14
883360,0
883361,0
883362,0
883363,4
883364,0
883365,0
883366,0
883367,0
883368,0
883369,0
883370,13
883371,0
883372,0
883373,0
883374,0
883375,0
883376,0
883377,0
883378,19
883379,0
883380,0
883381,0
883382,0
883383,0
883384,0
883385,0
883386,0
883387,0
883388,0
883389,0
883390,0
883391,0
883392,0
883393,0
883394,0
883395,0
883396,0
883397,0
883398,0
883399,0
883400,0
883401,0
883402,0
883403,0
883404,0
883405,0
883406,0
883407,0
883408,0
883409,0
883410,0
883411,0
883412,0
883413,2
883414,0
883415,0
883416,0
883417,0
883418,0
883419,0
883420,0
883421,0
883422,0
883423,0
883424,12
883425,0
883426,0
883427,0
883428,0
883429,0
883430,11
883431,0
883432,0
883433,0
883434,0
883435,0
883436,0
883437,0
883438,0
883439,0
883440,0
883441,0
883442,0
883443,0
883444,0
883445,0
883446,0
883447,0
883448,0
883449,0
883450,0
883451,0
883452,0
883453,0
883454,0
883455,0
883456,17
883457,0
883458,0
883459,0
883460,0
883461,0
883462,0
883463,0
883464,0
883465,0
883466,0
883467,0
883468,0
883469,0
883470,0
883471,0
883472,0
883473,0
883474,0
883475,0
883476,0
883477,0
883478,0
883479,14
883480,0
883481,0
883482,0
883483,0
883484,0
883485,0
883486,0
883487,0
883488,0
883489,0
883490,0
883491,0
883492,0
883493,0
883494,0
883495,0
883496,9
883497,0
883498,0
883499,0
883500,28
883501,0
883502,0
883503,5
883504,0
883505,0
883506,0
883507,0
883508,0
883509,0
883510,0
883511,7
883512,0
883513,0
883514,0
883515,0
883516,0
883517,0
883518,13
883519,0
883520,7
883521,0
883522,0
883523,0
883524,0
883525,0
883526,0
883527,0
883528,0
883529,0
883530,0
883531,0
883532,0
883533,0
883534,0
883535,0
883536,0
883537,0
883538,0
883539,0
883540,0
883541,0
883542,0
883543,0
883544,0
883545,0
883546,0
883547,0
883548,0
883549,5
883550,0
883551,0
883552,0
883553,0
883554,0
883555,0
883556,0
883557,0
883558,0
883559,0
883560,0
883561,0
883562,17
883563,0
883564,0
883565,0
883566,0
883567,0
883568,0
883569,0
883570,0
883571,18
883572,40
883573,0
883574,37
883575,0
883576,0
883577,0
883578,0
883579,32
883580,0
883581,0
883582,0
883583,0
883584,0
883585,0
883586,0
883587,0
883588,50
883589,0
883590,62
883591,0
883592,0
883593,0
883594,0
883595,0
883596,0
883597,32
883598,0
883599,0
883600,0
883601,0
883602,0
883603,26
883604,0
883605,0
883606,32
883607,0
883608,0
883609,0
883610,0
883611,0
883612,0
883613,0
883614,0
883615,0
883616,0
883617,0
883618,0
883619,0
883620,0
883621,0
883622,0
883623,30
883624,0
883625,0
883626,0
883627,25
883628,0
883629,31
883630,0
883631,0
883632,0
883633,0
883634,33
883635,32
883636,0
883637,0
883638,0
883639,0
883640,27
883641,0
883642,34
883643,0
883644,0
883645,0
883646,36
883647,0
883648,0
883649,27
883650,0
883651,0
883652,16
883653,0
883654,0
883655,0
883656,0
883657,0
883658,0
883659,0
883660,36
883661,0
883662,33
883663,0
883664,0
883665,0
883666,0
883667,0
883668,0
883669,0
883670,0
883671,28
883672,0
883673,0
883674,0
883675,0
883676,0
883677,0
883678,0
883679,0
883680,0
883681,0
883682,0
883683,0
883684,0
883685,0
883686,0
883687,0
883688,0
883689,45
883690,0
883691,0
883692,0
883693,35
883694,39
883695,0
883696,0
883697,0
883698,0
883699,0
883700,0
883701,0
883702,0
883703,35
883704,39
883705,0
883706,0
883707,0
883708,0
883709,23
883710,59
883711,0
883712,0
883713,37
883714,0
883715,0
883716,0
883717,0
883718,0
883719,0
883720,40
883721,0
883722,0
883723,0
883724,0
883725,0
883726,38
883727,0
883728,25
883729,0
883730,0
883731,0
883732,35
883733,0
883734,0
883735,0
883736,0
883737,0
883738,42
883739,0
883740,0
883741,0
883742,0
883743,0
883744,0
883745,0
883746,0
883747,0
883748,0
883749,0
883750,35
883751,0
883752,0
883753,0
883754,0
883755,28
883756,25
883757,0
883758,0
883759,25
883760,0
883761,0
883762,0
883763,0
883764,0
883765,0
883766,0
883767,0
883768,0
883769,35
883770,13
883771,0
883772,0
883773,0
883774,42
883775,0
883776,0
883777,36
883778,0
883779,0
883780,29
883781,0
883782,0
883783,14
883784,0
883785,0
883786,0
883787,44
883788,0
883789,0
883790,0
883791,41
883792,0
883793,0
883794,0
883795,0
883796,0
883797,0
883798,0
883799,0
883800,28
883801,0
883802,0
883803,0
883804,0
883805,0
883806,0
883807,0
883808,0
883809,0
883810,47
883811,0
883812,0
883813,0
883814,0
883815,0
883816,40
883817,0
883818,31
883819,0
883820,39
883821,0
883822,0
883823,39
883824,0
883825,0
883826,0
883827,51
883828,0
883829,0
883830,0
883831,0
883832,44
883833,0
883834,0
883835,0
883836,0
883837,0
883838,0
883839,0
883840,0
883841,0
883842,0
883843,45
883844,0
883845,0
883846,0
883847,42
883848,0
883849,0
883850,0
883851,0
883852,0
883853,0
883854,0
883855,0
883856,0
883857,0
883858,29
883859,27
883860,47
883861,30
883862,0
883863,0
883864,0
883865,0
883866,30
883867,0
883868,0
883869,0
883870,0
883871,0
883872,0
883873,0
883874,0
883875,0
883876,0
883877,0
883878,0
883879,0
883880,32
883881,0
883882,0
883883,26
883884,38
883885,33
883886,0
883887,0
883888,0
883889,29
883890,26
883891,0
883892,0
883893,0
883894,0
883895,47
883896,0
883897,0
883898,0
883899,0
883900,33
883901,0
883902,0
883903,0
883904,0
883905,0
883906,0
883907,0
883908,0
883909,0
883910,0
883911,0
883912,0
883913,0
883914,42
883915,0
883916,0
883917,0
883918,0
883919,0
883920,30
883921,54
883922,47
883923,41
883924,0
883925,0
883926,0
883927,0
883928,28
883929,22
883930,0
883931,42
883932,0
883933,20
883934,0
883935,0
883936,0
883937,0
883938,36
883939,0
883940,29
883941,0
883942,0
883943,0
883944,0
883945,0
883946,0
883947,0
883948,0
883949,0
883950,31
883951,0
883952,30
883953,56
883954,0
883955,27
883956,0
883957,0
883958,0
883959,0
883960,0
883961,0
883962,0
883963,0
883964,0
883965,0
883966,0
883967,35
883968,0
883969,0
883970,0
883971,0
883972,33
883973,0
883974,0
883975,0
883976,0
883977,0
883978,0
883979,0
883980,0
883981,0
883982,0
883983,0
883984,0
883985,0
883986,0
883987,0
883988,26
883989,0
883990,0
883991,0
883992,0
883993,0
883994,0
883995,0
883996,0
883997,0
883998,0
883999,0
884000,0
884001,0
884002,0
884003,0
884004,0
884005,0
884006,0
884007,0
884008,0
884009,23
884010,0
884011,0
884012,0
884013,0
884014,0
884015,0
884016,0
884017,34
884018,0
884019,25
884020,0
884021,0
884022,0
884023,29
884024,0
884025,0
884026,0
884027,19
884028,0
884029,0
884030,32
884031,0
884032,0
884033,0
884034,0
884035,0
884036,0
884037,0
884038,0
884039,0
884040,33
884041,0
884042,0
884043,0
884044,0
884045,0
884046,0
884047,0
884048,0
884049,0
884050,0
884051,0
884052,28
884053,39
884054,0
884055,0
884056,0
884057,0
884058,0
884059,0
884060,0
884061,0
884062,0
884063,57
884064,0
884065,0
884066,0
884067,0
884068,0
884069,45
884070,0
884071,0
884072,0
884073,0
884074,0
884075,47
884076,38
884077,0
884078,0
884079,0
884080,43
884081,42
884082,0
884083,0
884084,0
884085,0
884086,0
884087,42
884088,0
884089,37
884090,0
884091,0
884092,33
884093,0
884094,0
884095,0
884096,54
884097,0
884098,0
884099,0
884100,0
884101,0
884102,0
884103,0
884104,0
884105,0
884106,0
884107,40
884108,0
884109,0
884110,0
884111,0
884112,0
884113,0
884114,32
884115,0
884116,0
884117,0
884118,0
884119,0
884120,0
884121,0
884122,0
884123,0
884124,0
884125,0
884126,29
884127,0
884128,0
884129,0
884130,0
884131,0
884132,0
884133,43
884134,0
884135,0
884136,0
884137,0
884138,0
884139,0
884140,0
884141,0
884142,0
884143,0
884144,0
884145,0
884146,0
884147,0
884148,0
884149,27
884150,0
884151,0
884152,0
884153,24
884154,0
884155,38
884156,35
884157,0
884158,0
884159,0
884160,0
884161,54
884162,0
884163,28
884164,21
884165,0
884166,0
884167,0
884168,0
884169,0
884170,0
884171,0
884172,0
884173,0
884174,0
884175,0
884176,32
884177,0
884178,0
884179,0
884180,30
884181,0
884182,0
884183,0
884184,0
884185,0
884186,0
884187,0
884188,0
884189,0
884190,0
884191,0
884192,0
884193,0
884194,0
884195,0
884196,0
884197,0
884198,0
884199,0
884200,0
884201,0
884202,21
884203,0
884204,35
884205,0
884206,0
884207,0
884208,0
884209,44
884210,30
884211,0
884212,0
884213,0
884214,27
884215,0
884216,0
884217,0
884218,0
884219,0
884220,40
884221,0
884222,0
884223,0
884224,32
884225,0
884226,0
884227,0
884228,0
884229,0
884230,0
884231,0
884232,0
884233,0
884234,28
884235,0
884236,26
884237,0
884238,38
884239,0
884240,0
884241,42
884242,0
884243,0
884244,0
884245,0
884246,0
884247,0
884248,0
884249,0
884250,0
884251,0
884252,0
884253,0
884254,31
884255,0
884256,36
884257,0
884258,0
884259,0
884260,0
884261,0
884262,0
884263,0
884264,0
884265,0
884266,0
884267,0
884268,0
884269,28
884270,0
884271,36
884272,37
884273,42
884274,0
884275,0
884276,0
884277,0
884278,0
884279,0
884280,0
884281,0
884282,0
884283,0
884284,0
884285,0
884286,39
884287,0
884288,22
884289,0
884290,28
884291,0
884292,45
884293,0
884294,0
884295,0
884296,0
884297,36
884298,0
884299,40
884300,0
884301,0
884302,0
884303,0
884304,29
884305,0
884306,0
884307,0
884308,0
884309,0
884310,0
884311,0
884312,0
884313,0
884314,0
884315,0
884316,0
884317,36
884318,0
884319,0
884320,0
884321,0
884322,0
884323,0
884324,47
884325,25
884326,0
884327,0
884328,30
884329,0
884330,0
884331,0
884332,0
884333,0
884334,0
884335,0
884336,0
884337,0
884338,0
884339,0
884340,28
884341,0
884342,0
884343,0
884344,32
884345,0
884346,46
884347,0
884348,34
884349,35
884350,0
884351,0
884352,0
884353,0
884354,0
884355,0
884356,0
884357,0
884358,0
884359,0
884360,0
884361,0
884362,0
884363,0
884364,0
884365,0
884366,55
884367,0
884368,0
884369,0
884370,33
884371,0
884372,0
884373,0
884374,0
884375,0
884376,0
884377,0
884378,0
884379,47
884380,0
884381,0
884382,33
884383,0
884384,23
884385,0
884386,0
884387,31
884388,0
884389,0
884390,0
884391,36
884392,0
884393,0
884394,0
884395,0
884396,0
884397,38
884398,0
884399,0
884400,0
884401,0
884402,30
884403,0
884404,0
884405,0
884406,0
884407,0
884408,0
884409,0
884410,29
884411,0
884412,0
884413,0
884414,0
884415,0
884416,0
884417,0
884418,24
884419,0
884420,0
884421,44
884422,36
884423,0
884424,0
884425,0
884426,0
884427,0
884428,0
884429,0
884430,0
884431,0
884432,0
884433,0
884434,0
884435,0
884436,0
884437,0
884438,0
884439,0
884440,0
884441,0
884442,0
884443,0
884444,0
884445,0
884446,0
884447,0
884448,0
884449,0
884450,0
884451,0
884452,0
884453,0
884454,0
884455,0
884456,0
884457,0
884458,0
884459,0
884460,0
884461,0
884462,0
884463,0
884464,0
884465,0
884466,0
884467,0
884468,0
884469,0
884470,0
884471,0
884472,0
884473,0
884474,0
884475,0
884476,0
884477,0
884478,0
884479,0
884480,0
884481,0
884482,0
884483,0
884484,0
884485,0
884486,0
884487,0
884488,0
884489,0
884490,0
884491,0
884492,0
884493,0
884494,0
884495,0
884496,0
884497,0
884498,0
884499,0
884500,0
884501,0
884502,0
884503,0
884504,0
884505,0
884506,0
884507,0
884508,0
884509,0
884510,0
884511,0
884512,0
884513,0
884514,0
884515,0
884516,0
884517,0
884518,0
884519,0
884520,0
884521,0
884522,0
884523,0
884524,0
884525,0
884526,0
884527,0
884528,0
884529,0
884530,0
884531,0
884532,0
884533,0
884534,0
884535,0
884536,0
884537,0
884538,0
884539,0
884540,0
884541,0
884542,0
884543,0
884544,0
884545,0
884546,0
884547,0
884548,0
884549,0
884550,0
884551,0
884552,0
884553,0
884554,0
884555,0
884556,0
884557,0
884558,0
884559,0
884560,0
884561,0
884562,0
884563,0
884564,0
884565,0
884566,0
884567,0
884568,0
884569,0
884570,0
884571,0
884572,0
884573,0
884574,0
884575,0
884576,0
884577,0
884578,0
884579,0
884580,0
884581,0
884582,0
884583,0
884584,0
884585,0
884586,0
884587,0
884588,0
884589,0
884590,0
884591,0
884592,0
884593,0
884594,0
884595,0
884596,0
884597,0
884598,0
884599,0
884600,0
884601,0
884602,0
884603,0
884604,0
884605,0
884606,0
884607,0
884608,0
884609,0
884610,0
884611,26
884612,0
884613,0
884614,0
884615,0
884616,0
884617,18
884618,0
884619,25
884620,0
884621,0
884622,0
884623,24
884624,25
884625,0
884626,0
884627,30
884628,0
884629,0
884630,0
884631,0
884632,0
884633,0
884634,0
884635,0
884636,0
884637,0
884638,0
884639,0
884640,29
884641,15
884642,0
884643,0
884644,0
884645,0
884646,0
884647,0
884648,17
884649,0
884650,0
884651,0
884652,0
884653,0
884654,0
884655,0
884656,0
884657,0
884658,0
884659,0
884660,0
884661,0
884662,0
884663,0
884664,0
884665,0
884666,14
884667,26
884668,0
884669,0
884670,0
884671,0
884672,0
884673,0
884674,0
884675,25
884676,0
884677,0
884678,0
884679,28
884680,0
884681,0
884682,0
884683,0
884684,0
884685,0
884686,29
884687,0
884688,0
884689,0
884690,0
884691,25
884692,0
884693,0
884694,0
884695,0
884696,24
884697,0
884698,24
884699,0
884700,0
884701,28
884702,0
884703,34
884704,0
884705,0
884706,0
884707,0
884708,15
884709,36
884710,0
884711,0
884712,0
884713,0
884714,0
884715,0
884716,0
884717,0
884718,25
884719,0
884720,0
884721,20
884722,0
884723,0
884724,36
884725,0
884726,16
884727,27
884728,0
884729,0
884730,0
884731,0
884732,0
884733,0
884734,0
884735,0
884736,0
884737,0
884738,0
884739,0
884740,0
884741,31
884742,0
884743,0
884744,0
884745,0
884746,24
884747,0
884748,0
884749,15
884750,33
884751,28
884752,0
884753,0
884754,0
884755,0
884756,0
884757,0
884758,0
884759,0
884760,0
884761,0
884762,0
884763,0
884764,21
884765,30
884766,25
884767,0
884768,0
884769,0
884770,0
884771,0
884772,0
884773,0
884774,0
884775,31
884776,0
884777,0
884778,0
884779,32
884780,0
884781,0
884782,0
884783,0
884784,0
884785,36
884786,32
884787,0
884788,0
884789,28
884790,0
884791,0
884792,0
884793,0
884794,36
884795,0
884796,0
884797,0
884798,0
884799,0
884800,0
884801,25
884802,0
884803,0
884804,0
884805,0
884806,0
884807,0
884808,0
884809,28
884810,0
884811,0
884812,0
884813,0
884814,0
884815,0
884816,0
884817,0
884818,0
884819,11
884820,18
884821,0
884822,28
884823,28
884824,0
884825,0
884826,0
884827,33
884828,0
884829,0
884830,0
884831,0
884832,25
884833,0
884834,0
884835,0
884836,0
884837,0
884838,0
884839,0
884840,0
884841,0
884842,0
884843,0
884844,21
884845,0
884846,21
884847,0
884848,0
884849,18
884850,0
884851,0
884852,0
884853,0
884854,0
884855,25
884856,0
884857,0
884858,0
884859,0
884860,0
884861,20
884862,0
884863,0
884864,29
884865,0
884866,0
884867,0
884868,0
884869,0
884870,0
884871,0
884872,19
884873,0
884874,0
884875,0
884876,0
884877,17
884878,0
884879,0
884880,0
884881,0
884882,0
884883,0
884884,0
884885,0
884886,20
884887,0
884888,0
884889,0
884890,0
884891,0
884892,0
884893,0
884894,0
884895,28
884896,0
884897,0
884898,0
884899,0
884900,0
884901,30
884902,26
884903,0
884904,35
884905,0
884906,0
884907,0
884908,0
884909,17
884910,0
884911,21
884912,0
884913,0
884914,0
884915,0
884916,29
884917,0
884918,0
884919,36
884920,0
884921,0
884922,0
884923,0
884924,0
884925,0
884926,0
884927,0
884928,0
884929,0
884930,0
884931,0
884932,0
884933,0
884934,0
884935,0
884936,0
884937,24
884938,0
884939,0
884940,0
884941,0
884942,0
884943,0
884944,0
884945,0
884946,0
884947,0
884948,0
884949,0
884950,0
884951,0
884952,0
884953,0
884954,0
884955,0
884956,25
884957,22
884958,0
884959,0
884960,0
884961,26
884962,0
884963,0
884964,0
884965,16
884966,0
884967,0
884968,0
884969,0
884970,0
884971,0
884972,19
884973,31
884974,0
884975,26
884976,0
884977,19
884978,0
884979,0
884980,25
884981,0
884982,0
884983,0
884984,0
884985,0
884986,0
884987,0
884988,0
884989,26
884990,0
884991,36
884992,0
884993,0
884994,0
884995,0
884996,25
884997,0
884998,25
884999,20
885000,0
885001,0
885002,31
885003,26
885004,0
885005,0
885006,24
885007,25
885008,0
885009,23
885010,0
885011,39
885012,0
885013,0
885014,0
885015,0
885016,15
885017,0
885018,27
885019,0
885020,0
885021,0
885022,26
885023,0
885024,0
885025,0
885026,37
885027,25
885028,0
885029,0
885030,0
885031,21
885032,0
885033,23
885034,28
885035,0
885036,0
885037,0
885038,0
885039,0
885040,0
885041,29
885042,0
885043,33
885044,19
885045,0
885046,0
885047,0
885048,0
885049,0
885050,27
885051,0
885052,25
885053,0
885054,25
885055,27
885056,0
885057,31
885058,0
885059,0
885060,0
885061,0
885062,0
885063,0
885064,0
885065,0
885066,0
885067,0
885068,31
885069,0
885070,0
885071,0
885072,27
885073,27
885074,0
885075,0
885076,0
885077,18
885078,0
885079,0
885080,0
885081,0
885082,0
885083,0
885084,25
885085,14
885086,0
885087,26
885088,26
885089,0
885090,0
885091,0
885092,0
885093,0
885094,0
885095,28
885096,0
885097,0
885098,0
885099,0
885100,24
885101,0
885102,0
885103,0
885104,0
885105,26
885106,0
885107,0
885108,0
885109,0
885110,0
885111,0
885112,0
885113,0
885114,25
885115,0
885116,0
885117,0
885118,0
885119,0
885120,0
885121,27
885122,0
885123,0
885124,0
885125,19
885126,17
885127,0
885128,20
885129,0
885130,0
885131,13
885132,0
885133,0
885134,0
885135,0
885136,0
885137,0
885138,0
885139,0
885140,0
885141,0
885142,0
885143,0
885144,0
885145,21
885146,0
885147,0
885148,0
885149,0
885150,0
885151,32
885152,0
885153,0
885154,0
885155,23
885156,0
885157,27
885158,31
885159,0
885160,32
885161,0
885162,0
885163,0
885164,25
885165,0
885166,0
885167,0
885168,0
885169,0
885170,0
885171,26
885172,0
885173,0
885174,20
885175,0
885176,0
885177,0
885178,0
885179,24
885180,0
885181,0
885182,0
885183,0
885184,0
885185,0
885186,21
885187,25
885188,27
885189,0
885190,0
885191,0
885192,0
885193,15
885194,0
885195,0
885196,32
885197,0
885198,0
885199,0
885200,0
885201,0
885202,0
885203,0
885204,0
885205,12
885206,26
885207,17
885208,0
885209,0
885210,0
885211,0
885212,0
885213,0
885214,0
885215,0
885216,0
885217,0
885218,0
885219,0
885220,0
885221,0
885222,0
885223,0
885224,0
885225,0
885226,0
885227,0
885228,20
885229,0
885230,0
885231,0
885232,0
885233,22
885234,0
885235,36
885236,25
885237,0
885238,0
885239,33
885240,0
885241,0
885242,0
885243,25
885244,20
885245,0
885246,0
885247,25
885248,0
885249,0
885250,0
885251,24
885252,0
885253,0
885254,0
885255,0
885256,28
885257,20
885258,0
885259,20
885260,0
885261,0
885262,0
885263,24
885264,0
885265,24
885266,0
885267,0
885268,0
885269,0
885270,18
885271,0
885272,0
885273,33
885274,0
885275,0
885276,0
885277,0
885278,0
885279,23
885280,0
885281,0
885282,21
885283,0
885284,0
885285,13
885286,0
885287,0
885288,27
885289,0
885290,0
885291,0
885292,0
885293,16
885294,0
885295,0
885296,0
885297,0
885298,0
885299,29
885300,38
885301,0
885302,29
885303,0
885304,24
885305,0
885306,0
885307,31
885308,0
885309,0
885310,0
885311,0
885312,0
885313,0
885314,0
885315,28
885316,0
885317,26
885318,0
885319,0
885320,0
885321,0
885322,0
885323,34
885324,0
885325,0
885326,0
885327,0
885328,0
885329,24
885330,0
885331,0
885332,0
885333,24
885334,0
885335,0
885336,27
885337,0
885338,0
885339,19
885340,25
885341,0
885342,23
885343,0
885344,0
885345,0
885346,0
885347,30
885348,0
885349,0
885350,0
885351,0
885352,0
885353,0
885354,0
885355,0
885356,0
885357,0
885358,0
885359,0
885360,0
885361,0
885362,0
885363,0
885364,0
885365,0
885366,0
885367,0
885368,0
885369,0
885370,0
885371,0
885372,0
885373,23
885374,0
885375,0
885376,0
885377,0
885378,0
885379,0
885380,0
885381,0
885382,0
885383,0
885384,20
885385,0
885386,0
885387,0
885388,0
885389,0
885390,0
885391,0
885392,0
885393,0
885394,0
885395,0
885396,20
885397,0
885398,0
885399,0
885400,0
885401,0
885402,0
885403,24
885404,0
885405,27
885406,0
885407,0
885408,0
885409,0
885410,0
885411,0
885412,0
885413,0
885414,21
885415,37
885416,19
885417,0
885418,0
885419,27
885420,0
885421,0
885422,0
885423,0
885424,0
885425,0
885426,0
885427,0
885428,16
885429,0
885430,0
885431,0
885432,0
885433,0
885434,0
885435,0
885436,0
885437,0
885438,0
885439,0
885440,0
885441,17
885442,18
885443,0
885444,0
885445,0
885446,0
885447,0
885448,0
885449,32
885450,20
885451,25
885452,15
885453,0
885454,0
885455,0
885456,0
885457,0
885458,0
885459,0
885460,0
885461,0
885462,31
885463,0
885464,0
885465,0
885466,0
885467,0
885468,0
885469,0
885470,22
885471,0
885472,30
885473,0
885474,0
885475,0
885476,0
885477,27
885478,0
885479,0
885480,0
885481,16
885482,19
885483,0
885484,0
885485,0
885486,0
885487,0
885488,0
885489,19
885490,0
885491,24
885492,0
885493,15
885494,0
885495,0
885496,0
885497,0
885498,15
885499,0
885500,0
885501,0
885502,0
885503,20
885504,0
885505,12
885506,0
885507,21
885508,0
885509,0
885510,0
885511,0
885512,0
885513,23
885514,0
885515,0
885516,29
885517,0
885518,0
885519,19
885520,0
885521,28
885522,0
885523,0
885524,0
885525,0
885526,0
885527,0
885528,0
885529,0
885530,0
885531,0
885532,0
885533,0
885534,0
885535,0
885536,0
885537,0
885538,0
885539,0
885540,0
885541,0
885542,0
885543,0
885544,3
885545,0
885546,0
885547,0
885548,4
885549,0
885550,0
885551,0
885552,0
885553,0
885554,8
885555,0
885556,0
885557,0
885558,3
885559,0
885560,0
885561,0
885562,0
885563,0
885564,0
885565,0
885566,0
885567,0
885568,0
885569,0
885570,3
885571,0
885572,0
885573,0
885574,0
885575,0
885576,0
885577,0
885578,0
885579,0
885580,4
885581,0
885582,4
885583,0
885584,5
885585,0
885586,0
885587,0
885588,6
885589,0
885590,0
885591,0
885592,0
885593,0
885594,0
885595,15
885596,0
885597,0
885598,5
885599,0
885600,0
885601,0
885602,0
885603,0
885604,0
885605,0
885606,0
885607,0
885608,2
885609,0
885610,0
885611,7
885612,0
885613,0
885614,0
885615,0
885616,0
885617,5
885618,0
885619,0
885620,0
885621,0
885622,0
885623,0
885624,0
885625,0
885626,0
885627,0
885628,9
885629,9
885630,0
885631,0
885632,0
885633,0
885634,0
885635,0
885636,0
885637,0
885638,0
885639,0
885640,0
885641,0
885642,0
885643,0
885644,0
885645,7
885646,0
885647,2
885648,0
885649,0
885650,2
885651,0
885652,0
885653,0
885654,0
885655,0
885656,0
885657,0
885658,0
885659,0
885660,0
885661,0
885662,0
885663,0
885664,0
885665,0
885666,0
885667,0
885668,0
885669,0
885670,0
885671,0
885672,0
885673,0
885674,0
885675,4
885676,0
885677,0
885678,0
885679,0
885680,0
885681,0
885682,0
885683,0
885684,0
885685,3
885686,0
885687,0
885688,3
885689,0
885690,0
885691,0
885692,3
885693,0
885694,0
885695,0
885696,0
885697,0
885698,0
885699,4
885700,7
885701,0
885702,0
885703,5
885704,0
885705,0
885706,0
885707,3
885708,0
885709,7
885710,0
885711,0
885712,3
885713,0
885714,0
885715,0
885716,0
885717,0
885718,7
885719,0
885720,5
885721,7
885722,0
885723,3
885724,0
885725,0
885726,0
885727,0
885728,0
885729,0
885730,0
885731,0
885732,0
885733,0
885734,0
885735,0
885736,0
885737,0
885738,1
885739,0
885740,0
885741,0
885742,3
885743,0
885744,0
885745,0
885746,0
885747,0
885748,0
885749,3
885750,0
885751,0
885752,7
885753,1
885754,0
885755,0
885756,0
885757,0
885758,9
885759,0
885760,0
885761,0
885762,6
885763,0
885764,0
885765,0
885766,0
885767,0
885768,0
885769,0
885770,0
885771,0
885772,0
885773,0
885774,0
885775,9
885776,15
885777,0
885778,0
885779,0
885780,7
885781,0
885782,0
885783,3
885784,0
885785,0
885786,0
885787,0
885788,0
885789,0
885790,0
885791,0
885792,0
885793,0
885794,0
885795,0
885796,0
885797,0
885798,0
885799,0
885800,0
885801,0
885802,0
885803,0
885804,8
885805,0
885806,0
885807,0
885808,3
885809,0
885810,0
885811,6
885812,0
885813,0
885814,0
885815,7
885816,0
885817,2
885818,0
885819,0
885820,0
885821,0
885822,0
885823,0
885824,0
885825,0
885826,0
885827,6
885828,0
885829,0
885830,8
885831,10
885832,0
885833,8
885834,7
885835,0
885836,0
885837,0
885838,0
885839,0
885840,0
885841,0
885842,0
885843,0
885844,7
885845,0
885846,0
885847,0
885848,0
885849,0
885850,0
885851,0
885852,0
885853,0
885854,0
885855,0
885856,0
885857,0
885858,0
885859,0
885860,0
885861,0
885862,0
885863,0
885864,0
885865,0
885866,0
885867,0
885868,0
885869,0
885870,0
885871,0
885872,0
885873,0
885874,0
885875,0
885876,0
885877,3
885878,0
885879,0
885880,3
885881,0
885882,4
885883,0
885884,10
885885,0
885886,7
885887,0
885888,0
885889,0
885890,7
885891,0
885892,0
885893,10
885894,0
885895,0
885896,0
885897,0
885898,11
885899,2
885900,0
885901,6
885902,0
885903,0
885904,4
885905,6
885906,0
885907,0
885908,0
885909,0
885910,0
885911,0
885912,0
885913,0
885914,8
885915,0
885916,0
885917,0
885918,0
885919,3
885920,0
885921,0
885922,0
885923,0
885924,0
885925,0
885926,0
885927,0
885928,0
885929,0
885930,6
885931,0
885932,10
885933,0
885934,0
885935,0
885936,0
885937,3
885938,0
885939,0
885940,0
885941,0
885942,0
885943,6
885944,0
885945,0
885946,0
885947,0
885948,0
885949,0
885950,0
885951,0
885952,0
885953,12
885954,0
885955,0
885956,8
885957,0
885958,0
885959,0
885960,0
885961,0
885962,0
885963,0
885964,0
885965,0
885966,0
885967,0
885968,0
885969,0
885970,0
885971,0
885972,0
885973,0
885974,0
885975,0
885976,20
885977,0
885978,0
885979,0
885980,0
885981,0
885982,0
885983,0
885984,0
885985,0
885986,0
885987,0
885988,0
885989,0
885990,0
885991,0
885992,0
885993,0
885994,0
885995,0
885996,0
885997,0
885998,14
885999,0
886000,0
886001,0
886002,0
886003,0
886004,0
886005,0
886006,0
886007,0
886008,0
886009,0
886010,0
886011,0
886012,0
886013,0
886014,0
886015,0
886016,0
886017,0
886018,0
886019,10
886020,0
886021,0
886022,0
886023,0
886024,0
886025,0
886026,0
886027,0
886028,0
886029,0
886030,0
886031,0
886032,0
886033,0
886034,0
886035,0
886036,0
886037,0
886038,5
886039,0
886040,0
886041,0
886042,0
886043,0
886044,0
886045,0
886046,0
886047,0
886048,0
886049,0
886050,0
886051,0
886052,0
886053,0
886054,0
886055,0
886056,0
886057,0
886058,0
886059,0
886060,0
886061,0
886062,0
886063,12
886064,0
886065,0
886066,0
886067,0
886068,0
886069,0
886070,0
886071,0
886072,0
886073,0
886074,0
886075,0
886076,0
886077,0
886078,0
886079,0
886080,0
886081,0
886082,0
886083,0
886084,0
886085,0
886086,0
886087,0
886088,0
886089,0
886090,0
886091,0
886092,0
886093,0
886094,0
886095,0
886096,0
886097,0
886098,0
886099,0
886100,0
886101,0
886102,0
886103,0
886104,0
886105,19
886106,0
886107,0
886108,0
886109,0
886110,0
886111,0
886112,0
886113,0
886114,10
886115,9
886116,0
886117,0
886118,11
886119,0
886120,0
886121,0
886122,0
886123,0
886124,0
886125,29
886126,0
886127,24
886128,0
886129,0
886130,0
886131,0
886132,0
886133,0
886134,0
886135,0
886136,0
886137,0
886138,0
886139,0
886140,0
886141,0
886142,0
886143,0
886144,0
886145,0
886146,0
886147,0
886148,0
886149,0
886150,0
886151,0
886152,0
886153,0
886154,8
886155,0
886156,0
886157,0
886158,0
886159,0
886160,0
886161,0
886162,0
886163,0
886164,0
886165,0
886166,0
886167,8
886168,0
886169,0
886170,0
886171,6
886172,0
886173,7
886174,10
886175,0
886176,0
886177,0
886178,18
886179,0
886180,0
886181,0
886182,0
886183,0
886184,0
886185,0
886186,0
886187,0
886188,0
886189,0
886190,0
886191,0
886192,0
886193,0
886194,0
886195,0
886196,0
886197,0
886198,0
886199,0
886200,0
886201,0
886202,0
886203,0
886204,0
886205,0
886206,0
886207,0
886208,0
886209,0
886210,0
886211,0
886212,0
886213,0
886214,0
886215,0
886216,0
886217,0
886218,0
886219,0
886220,8
886221,0
886222,0
886223,0
886224,0
886225,0
886226,0
886227,0
886228,0
886229,0
886230,0
886231,10
886232,0
886233,0
886234,0
886235,0
886236,0
886237,0
886238,0
886239,13
886240,0
886241,0
886242,0
886243,0
886244,0
886245,0
886246,0
886247,0
886248,0
886249,0
886250,0
886251,0
886252,0
886253,0
886254,0
886255,0
886256,0
886257,0
886258,13
886259,0
886260,0
886261,0
886262,0
886263,0
886264,12
886265,0
886266,0
886267,0
886268,0
886269,0
886270,0
886271,0
886272,11
886273,0
886274,0
886275,0
886276,0
886277,0
886278,0
886279,0
886280,0
886281,0
886282,0
886283,0
886284,0
886285,0
886286,0
886287,0
886288,0
886289,0
886290,14
886291,0
886292,0
886293,0
886294,0
886295,18
886296,0
886297,0
886298,0
886299,0
886300,0
886301,0
886302,0
886303,0
886304,0
886305,0
886306,0
886307,0
886308,0
886309,0
886310,0
886311,0
886312,0
886313,0
886314,0
886315,0
886316,0
886317,0
886318,0
886319,0
886320,0
886321,0
886322,9
886323,0
886324,0
886325,0
886326,0
886327,0
886328,0
886329,0
886330,0
886331,0
886332,0
886333,0
886334,0
886335,0
886336,0
886337,0
886338,0
886339,0
886340,0
886341,0
886342,0
886343,11
886344,0
886345,0
886346,0
886347,0
886348,0
886349,0
886350,0
886351,0
886352,0
886353,0
886354,0
886355,0
886356,0
886357,1
886358,0
886359,0
886360,0
886361,0
886362,10
886363,0
886364,0
886365,0
886366,0
886367,0
886368,0
886369,0
886370,11
886371,0
886372,0
886373,0
886374,0
886375,0
886376,0
886377,0
886378,0
886379,0
886380,0
886381,0
886382,0
886383,11
886384,0
886385,0
886386,0
886387,0
886388,0
886389,0
886390,0
886391,0
886392,0
886393,0
886394,0
886395,0
886396,0
886397,0
886398,0
886399,0
886400,0
886401,0
886402,0
886403,0
886404,0
886405,0
886406,8
886407,0
886408,0
886409,0
886410,0
886411,0
886412,0
886413,0
886414,0
886415,0
886416,0
886417,0
886418,0
886419,0
886420,0
886421,0
886422,0
886423,0
886424,0
886425,0
886426,0
886427,0
886428,0
886429,0
886430,0
886431,0
886432,0
886433,0
886434,0
886435,0
886436,0
886437,0
886438,0
886439,0
886440,0
886441,14
886442,0
886443,0
886444,0
886445,0
886446,12
886447,0
886448,0
886449,0
886450,0
886451,0
886452,7
886453,0
886454,0
886455,0
886456,0
886457,0
886458,0
886459,0
886460,0
886461,8
886462,0
886463,0
886464,0
886465,0
886466,0
886467,0
886468,0
886469,18
886470,26
886471,0
886472,0
886473,0
886474,0
886475,0
886476,0
886477,0
886478,0
886479,7
886480,0
886481,0
886482,0
886483,0
886484,0
886485,0
886486,0
886487,0
886488,0
886489,0
886490,0
886491,0
886492,0
886493,0
886494,0
886495,0
886496,0
886497,0
886498,0
886499,0
886500,0
886501,0
886502,6
886503,0
886504,0
886505,20
886506,0
886507,0
886508,11
886509,0
886510,0
886511,0
886512,0
886513,0
886514,0
886515,0
886516,0
886517,0
886518,0
886519,0
886520,0
886521,0
886522,0
886523,0
886524,5
886525,0
886526,0
886527,0
886528,0
886529,0
886530,8
886531,0
886532,0
886533,0
886534,0
886535,0
886536,0
886537,0
886538,0
886539,0
886540,0
886541,0
886542,0
886543,0
886544,0
886545,0
886546,0
886547,0
886548,0
886549,0
886550,0
886551,0
886552,0
886553,0
886554,0
886555,0
886556,0
886557,0
886558,0
886559,0
886560,0
886561,0
886562,0
886563,0
886564,0
886565,0
886566,0
886567,0
886568,0
886569,0
886570,0
886571,0
886572,0
886573,0
886574,0
886575,0
886576,0
886577,14
886578,0
886579,0
886580,0
886581,0
886582,0
886583,0
886584,0
886585,11
886586,0
886587,0
886588,0
886589,14
886590,0
886591,0
886592,0
886593,0
886594,11
886595,0
886596,15
886597,0
886598,0
886599,0
886600,0
886601,0
886602,0
886603,0
886604,0
886605,0
886606,0
886607,12
886608,0
886609,0
886610,0
886611,0
886612,0
886613,0
886614,0
886615,0
886616,0
886617,0
886618,0
886619,0
886620,0
886621,0
886622,0
886623,0
886624,21
886625,0
886626,0
886627,0
886628,0
886629,0
886630,0
886631,0
886632,0
886633,0
886634,0
886635,0
886636,0
886637,0
886638,0
886639,0
886640,0
886641,0
886642,0
886643,0
886644,11
886645,0
886646,0
886647,0
886648,0
886649,0
886650,0
886651,0
886652,0
886653,0
886654,0
886655,0
886656,0
886657,0
886658,0
886659,0
886660,0
886661,0
886662,6
886663,0
886664,0
886665,0
886666,0
886667,0
886668,16
886669,0
886670,0
886671,0
886672,6
886673,0
886674,8
886675,0
886676,0
886677,0
886678,8
886679,0
886680,0
886681,0
886682,0
886683,0
886684,0
886685,0
886686,0
886687,0
886688,0
886689,0
886690,0
886691,0
886692,0
886693,0
886694,0
886695,0
886696,0
886697,0
886698,0
886699,0
886700,0
886701,0
886702,0
886703,0
886704,0
886705,0
886706,0
886707,15
886708,0
886709,0
886710,0
886711,0
886712,0
886713,13
886714,0
886715,0
886716,0
886717,0
886718,0
886719,0
886720,6
886721,0
886722,0
886723,0
886724,0
886725,0
886726,35
886727,26
886728,23
886729,0
886730,44
886731,23
886732,0
886733,0
886734,0
886735,23
886736,34
886737,0
886738,0
886739,20
886740,0
886741,30
886742,0
886743,27
886744,0
886745,21
886746,20
886747,29
886748,0
886749,0
886750,0
886751,0
886752,0
886753,25
886754,24
886755,0
886756,0
886757,0
886758,0
886759,42
886760,0
886761,0
886762,0
886763,17
886764,0
886765,0
886766,0
886767,0
886768,0
886769,38
886770,0
886771,0
886772,0
886773,0
886774,0
886775,0
886776,29
886777,26
886778,31
886779,0
886780,0
886781,25
886782,0
886783,0
886784,36
886785,0
886786,0
886787,0
886788,0
886789,21
886790,0
886791,33
886792,0
886793,22
886794,0
886795,0
886796,20
886797,0
886798,39
886799,0
886800,0
886801,0
886802,0
886803,0
886804,0
886805,0
886806,0
886807,19
886808,37
886809,36
886810,0
886811,0
886812,25
886813,14
886814,0
886815,0
886816,0
886817,0
886818,24
886819,0
886820,17
886821,0
886822,0
886823,0
886824,30
886825,38
886826,0
886827,0
886828,0
886829,0
886830,15
886831,0
886832,18
886833,0
886834,22
886835,0
886836,0
886837,0
886838,31
886839,0
886840,35
886841,30
886842,0
886843,0
886844,0
886845,0
886846,0
886847,0
886848,17
886849,42
886850,0
886851,0
886852,0
886853,0
886854,38
886855,0
886856,31
886857,0
886858,0
886859,22
886860,0
886861,0
886862,33
886863,0
886864,0
886865,34
886866,0
886867,19
886868,0
886869,41
886870,0
886871,0
886872,0
886873,0
886874,0
886875,0
886876,0
886877,0
886878,0
886879,25
886880,0
886881,25
886882,0
886883,0
886884,0
886885,0
886886,0
886887,0
886888,0
886889,0
886890,0
886891,0
886892,0
886893,0
886894,27
886895,0
886896,29
886897,20
886898,29
886899,0
886900,0
886901,0
886902,0
886903,0
886904,0
886905,28
886906,0
886907,0
886908,19
886909,0
886910,0
886911,0
886912,0
886913,0
886914,0
886915,0
886916,0
886917,0
886918,0
886919,0
886920,26
886921,0
886922,0
886923,0
886924,0
886925,14
886926,38
886927,23
886928,22
886929,26
886930,0
886931,24
886932,0
886933,29
886934,0
886935,0
886936,0
886937,0
886938,0
886939,21
886940,25
886941,0
886942,0
886943,0
886944,16
886945,0
886946,0
886947,0
886948,0
886949,0
886950,28
886951,0
886952,0
886953,18
886954,29
886955,0
886956,0
886957,16
886958,31
886959,0
886960,0
886961,26
886962,15
886963,0
886964,0
886965,0
886966,27
886967,0
886968,0
886969,0
886970,0
886971,0
886972,0
886973,15
886974,33
886975,27
886976,34
886977,28
886978,0
886979,0
886980,42
886981,0
886982,0
886983,0
886984,0
886985,0
886986,0
886987,23
886988,0
886989,0
886990,0
886991,0
886992,0
886993,0
886994,0
886995,31
886996,23
886997,0
886998,0
886999,30
887000,0
887001,0
887002,0
887003,0
887004,0
887005,22
887006,0
887007,0
887008,0
887009,0
887010,0
887011,0
887012,0
887013,0
887014,0
887015,0
887016,0
887017,35
887018,0
887019,0
887020,0
887021,0
887022,0
887023,0
887024,0
887025,0
887026,0
887027,34
887028,30
887029,20
887030,29
887031,0
887032,0
887033,18
887034,0
887035,33
887036,0
887037,30
887038,0
887039,20
887040,24
887041,0
887042,0
887043,0
887044,0
887045,0
887046,0
887047,0
887048,23
887049,26
887050,0
887051,0
887052,0
887053,0
887054,0
887055,0
887056,32
887057,0
887058,0
887059,0
887060,0
887061,0
887062,30
887063,0
887064,0
887065,0
887066,0
887067,0
887068,0
887069,0
887070,0
887071,0
887072,0
887073,14
887074,0
887075,0
887076,0
887077,0
887078,0
887079,0
887080,0
887081,0
887082,0
887083,0
887084,0
887085,0
887086,0
887087,0
887088,29
887089,18
887090,0
887091,42
887092,0
887093,37
887094,0
887095,0
887096,0
887097,27
887098,17
887099,0
887100,0
887101,0
887102,0
887103,0
887104,14
887105,27
887106,0
887107,22
887108,0
887109,0
887110,0
887111,0
887112,0
887113,15
887114,0
887115,23
887116,0
887117,0
887118,23
887119,0
887120,0
887121,0
887122,0
887123,0
887124,0
887125,24
887126,22
887127,0
887128,0
887129,0
887130,0
887131,0
887132,0
887133,0
887134,0
887135,0
887136,28
887137,21
887138,29
887139,0
887140,21
887141,35
887142,0
887143,0
887144,0
887145,0
887146,18
887147,0
887148,0
887149,0
887150,0
887151,0
887152,28
887153,0
887154,0
887155,0
887156,0
887157,0
887158,0
887159,0
887160,23
887161,0
887162,0
887163,20
887164,0
887165,0
887166,0
887167,0
887168,41
887169,27
887170,0
887171,0
887172,0
887173,0
887174,0
887175,0
887176,18
887177,0
887178,0
887179,0
887180,0
887181,0
887182,0
887183,34
887184,26
887185,25
887186,0
887187,22
887188,0
887189,37
887190,0
887191,0
887192,0
887193,34
887194,0
887195,0
887196,0
887197,21
887198,27
887199,0
887200,18
887201,0
887202,0
887203,0
887204,22
887205,0
887206,0
887207,0
887208,0
887209,0
887210,0
887211,0
887212,0
887213,0
887214,0
887215,0
887216,0
887217,28
887218,0
887219,0
887220,0
887221,0
887222,0
887223,0
887224,0
887225,0
887226,16
887227,0
887228,0
887229,0
887230,0
887231,0
887232,0
887233,35
887234,0
887235,0
887236,0
887237,0
887238,0
887239,0
887240,0
887241,0
887242,0
887243,0
887244,37
887245,43
887246,34
887247,0
887248,0
887249,31
887250,0
887251,33
887252,13
887253,0
887254,0
887255,0
887256,0
887257,0
887258,0
887259,0
887260,0
887261,20
887262,35
887263,0
887264,37
887265,0
887266,0
887267,0
887268,19
887269,23
887270,0
887271,0
887272,0
887273,0
887274,27
887275,0
887276,19
887277,0
887278,0
887279,0
887280,0
887281,0
887282,26
887283,0
887284,0
887285,0
887286,0
887287,0
887288,0
887289,0
887290,0
887291,41
887292,0
887293,0
887294,0
887295,0
887296,0
887297,21
887298,0
887299,29
887300,23
887301,0
887302,0
887303,0
887304,0
887305,0
887306,0
887307,0
887308,0
887309,26
887310,27
887311,0
887312,0
887313,11
887314,0
887315,38
887316,0
887317,0
887318,0
887319,19
887320,32
887321,0
887322,29
887323,28
887324,0
887325,0
887326,0
887327,0
887328,0
887329,0
887330,0
887331,0
887332,0
887333,31
887334,0
887335,0
887336,0
887337,0
887338,0
887339,0
887340,0
887341,0
887342,0
887343,0
887344,0
887345,0
887346,0
887347,0
887348,0
887349,35
887350,0
887351,0
887352,0
887353,0
887354,0
887355,0
887356,0
887357,0
887358,0
887359,0
887360,0
887361,0
887362,0
887363,0
887364,0
887365,21
887366,0
887367,0
887368,0
887369,0
887370,0
887371,0
887372,0
887373,0
887374,0
887375,0
887376,0
887377,0
887378,0
887379,0
887380,0
887381,0
887382,0
887383,0
887384,0
887385,0
887386,0
887387,0
887388,0
887389,0
887390,0
887391,0
887392,0
887393,0
887394,0
887395,0
887396,0
887397,0
887398,0
887399,0
887400,0
887401,0
887402,0
887403,0
887404,0
887405,0
887406,0
887407,0
887408,0
887409,0
887410,0
887411,43
887412,0
887413,0
887414,0
887415,0
887416,0
887417,0
887418,0
887419,0
887420,0
887421,0
887422,35
887423,0
887424,0
887425,0
887426,0
887427,0
887428,0
887429,0
887430,0
887431,0
887432,0
887433,0
887434,0
887435,40
887436,0
887437,24
887438,38
887439,0
887440,0
887441,0
887442,22
887443,0
887444,0
887445,0
887446,0
887447,0
887448,0
887449,0
887450,0
887451,0
887452,0
887453,0
887454,0
887455,0
887456,0
887457,0
887458,0
887459,0
887460,0
887461,0
887462,0
887463,0
887464,0
887465,0
887466,0
887467,30
887468,0
887469,0
887470,0
887471,32
887472,0
887473,0
887474,0
887475,0
887476,0
887477,0
887478,0
887479,0
887480,0
887481,0
887482,0
887483,0
887484,0
887485,0
887486,0
887487,0
887488,0
887489,0
887490,0
887491,0
887492,0
887493,0
887494,0
887495,0
887496,37
887497,0
887498,0
887499,0
887500,0
887501,0
887502,0
887503,0
887504,0
887505,0
887506,0
887507,0
887508,0
887509,0
887510,0
887511,0
887512,0
887513,0
887514,0
887515,0
887516,0
887517,0
887518,0
887519,0
887520,0
887521,0
887522,0
887523,0
887524,0
887525,0
887526,0
887527,0
887528,0
887529,0
887530,0
887531,0
887532,0
887533,0
887534,0
887535,0
887536,29
887537,38
887538,0
887539,0
887540,0
887541,0
887542,0
887543,32
887544,0
887545,0
887546,0
887547,0
887548,0
887549,0
887550,0
887551,0
887552,0
887553,0
887554,30
887555,0
887556,0
887557,0
887558,0
887559,0
887560,0
887561,0
887562,0
887563,0
887564,0
887565,0
887566,0
887567,0
887568,0
887569,0
887570,0
887571,0
887572,0
887573,0
887574,0
887575,0
887576,0
887577,0
887578,0
887579,0
887580,0
887581,0
887582,0
887583,0
887584,0
887585,0
887586,0
887587,0
887588,0
887589,0
887590,26
887591,0
887592,0
887593,0
887594,0
887595,0
887596,0
887597,0
887598,0
887599,0
887600,0
887601,0
887602,0
887603,36
887604,0
887605,0
887606,0
887607,0
887608,0
887609,0
887610,0
887611,0
887612,0
887613,0
887614,0
887615,0
887616,0
887617,0
887618,0
887619,0
887620,26
887621,0
887622,0
887623,0
887624,0
887625,0
887626,0
887627,0
887628,0
887629,0
887630,0
887631,0
887632,0
887633,0
887634,42
887635,0
887636,0
887637,0
887638,0
887639,0
887640,0
887641,0
887642,0
887643,0
887644,36
887645,0
887646,0
887647,0
887648,0
887649,45
887650,0
887651,0
887652,0
887653,0
887654,0
887655,0
887656,0
887657,0
887658,0
887659,0
887660,0
887661,0
887662,37
887663,0
887664,0
887665,0
887666,28
887667,0
887668,0
887669,0
887670,0
887671,0
887672,0
887673,0
887674,0
887675,0
887676,0
887677,0
887678,0
887679,0
887680,0
887681,0
887682,0
887683,0
887684,0
887685,0
887686,0
887687,0
887688,0
887689,0
887690,0
887691,0
887692,0
887693,0
887694,0
887695,0
887696,0
887697,0
887698,0
887699,0
887700,0
887701,0
887702,0
887703,0
887704,0
887705,0
887706,0
887707,0
887708,0
887709,0
887710,0
887711,0
887712,0
887713,0
887714,0
887715,35
887716,0
887717,0
887718,0
887719,0
887720,0
887721,0
887722,0
887723,0
887724,0
887725,0
887726,0
887727,0
887728,0
887729,0
887730,0
887731,0
887732,0
887733,0
887734,0
887735,0
887736,0
887737,0
887738,0
887739,0
887740,0
887741,0
887742,0
887743,0
887744,0
887745,0
887746,0
887747,0
887748,0
887749,0
887750,0
887751,0
887752,0
887753,0
887754,0
887755,0
887756,0
887757,0
887758,0
887759,0
887760,0
887761,0
887762,0
887763,0
887764,0
887765,0
887766,0
887767,0
887768,0
887769,0
887770,0
887771,0
887772,0
887773,0
887774,0
887775,0
887776,0
887777,0
887778,0
887779,0
887780,0
887781,0
887782,0
887783,0
887784,0
887785,0
887786,0
887787,0
887788,0
887789,0
887790,0
887791,0
887792,0
887793,0
887794,0
887795,0
887796,0
887797,0
887798,0
887799,0
887800,0
887801,0
887802,0
887803,19
887804,0
887805,0
887806,0
887807,0
887808,0
887809,0
887810,0
887811,0
887812,0
887813,0
887814,0
887815,0
887816,0
887817,0
887818,0
887819,10
887820,0
887821,0
887822,0
887823,0
887824,0
887825,0
887826,0
887827,0
887828,0
887829,0
887830,0
887831,0
887832,0
887833,0
887834,0
887835,0
887836,0
887837,0
887838,0
887839,0
887840,0
887841,0
887842,0
887843,0
887844,0
887845,0
887846,0
887847,0
887848,0
887849,0
887850,0
887851,0
887852,15
887853,0
887854,0
887855,0
887856,0
887857,0
887858,0
887859,0
887860,0
887861,0
887862,23
887863,0
887864,0
887865,0
887866,0
887867,0
887868,0
887869,23
887870,21
887871,0
887872,0
887873,0
887874,31
887875,0
887876,0
887877,0
887878,0
887879,0
887880,0
887881,20
887882,0
887883,0
887884,0
887885,0
887886,0
887887,0
887888,0
887889,0
887890,0
887891,0
887892,0
887893,0
887894,0
887895,16
887896,0
887897,0
887898,18
887899,0
887900,0
887901,19
887902,0
887903,0
887904,0
887905,0
887906,0
887907,0
887908,0
887909,0
887910,0
887911,0
887912,0
887913,0
887914,0
887915,0
887916,0
887917,0
887918,0
887919,0
887920,13
887921,0
887922,0
887923,16
887924,0
887925,0
887926,0
887927,0
887928,0
887929,0
887930,33
887931,0
887932,0
887933,0
887934,0
887935,0
887936,0
887937,0
887938,0
887939,22
887940,0
887941,0
887942,0
887943,0
887944,0
887945,0
887946,0
887947,0
887948,21
887949,0
887950,0
887951,0
887952,0
887953,0
887954,0
887955,0
887956,0
887957,0
887958,0
887959,26
887960,0
887961,0
887962,0
887963,0
887964,0
887965,0
887966,0
887967,0
887968,0
887969,0
887970,0
887971,0
887972,20
887973,0
887974,0
887975,0
887976,0
887977,0
887978,0
887979,0
887980,20
887981,0
887982,0
887983,0
887984,0
887985,0
887986,0
887987,0
887988,0
887989,0
887990,0
887991,0
887992,0
887993,0
887994,0
887995,0
887996,13
887997,0
887998,0
887999,0
888000,0
888001,0
888002,0
888003,0
888004,0
888005,0
888006,0
888007,0
888008,0
888009,43
888010,0
888011,23
888012,0
888013,0
888014,0
888015,0
888016,0
888017,0
888018,0
888019,0
888020,32
888021,0
888022,0
888023,0
888024,0
888025,0
888026,0
888027,0
888028,0
888029,29
888030,0
888031,0
888032,0
888033,0
888034,0
888035,0
888036,0
888037,0
888038,0
888039,0
888040,0
888041,0
888042,18
888043,0
888044,0
888045,0
888046,0
888047,0
888048,0
888049,0
888050,0
888051,0
888052,0
888053,0
888054,0
888055,0
888056,0
888057,6
888058,0
888059,0
888060,23
888061,0
888062,0
888063,0
888064,0
888065,0
888066,0
888067,0
888068,0
888069,0
888070,0
888071,0
888072,0
888073,0
888074,0
888075,0
888076,0
888077,0
888078,10
888079,0
888080,0
888081,0
888082,0
888083,0
888084,0
888085,0
888086,0
888087,0
888088,0
888089,0
888090,8
888091,0
888092,0
888093,0
888094,0
888095,0
888096,15
888097,0
888098,0
888099,0
888100,0
888101,0
888102,0
888103,0
888104,0
888105,0
888106,0
888107,0
888108,0
888109,0
888110,0
888111,0
888112,0
888113,19
888114,0
888115,0
888116,0
888117,0
888118,0
888119,0
888120,0
888121,0
888122,0
888123,0
888124,16
888125,0
888126,0
888127,0
888128,0
888129,16
888130,0
888131,0
888132,0
888133,0
888134,0
888135,0
888136,0
888137,0
888138,0
888139,0
888140,0
888141,0
888142,0
888143,0
888144,0
888145,23
888146,0
888147,0
888148,0
888149,0
888150,0
888151,0
888152,0
888153,0
888154,0
888155,0
888156,10
888157,0
888158,0
888159,0
888160,0
888161,0
888162,0
888163,16
888164,0
888165,0
888166,0
888167,0
888168,0
888169,14
888170,0
888171,0
888172,0
888173,17
888174,0
888175,0
888176,0
888177,0
888178,0
888179,0
888180,0
888181,0
888182,0
888183,0
888184,0
888185,0
888186,0
888187,17
888188,0
888189,0
888190,0
888191,0
888192,0
888193,0
888194,0
888195,0
888196,0
888197,6
888198,0
888199,0
888200,0
888201,0
888202,0
888203,18
888204,0
888205,0
888206,0
888207,0
888208,0
888209,15
888210,0
888211,0
888212,0
888213,0
888214,0
888215,0
888216,0
888217,0
888218,13
888219,14
888220,0
888221,0
888222,0
888223,0
888224,0
888225,0
888226,0
888227,0
888228,0
888229,0
888230,0
888231,0
888232,0
888233,0
888234,11
888235,0
888236,0
888237,0
888238,0
888239,34
888240,0
888241,0
888242,0
888243,0
888244,0
888245,0
888246,0
888247,0
888248,0
888249,0
888250,0
888251,0
888252,0
888253,0
888254,0
888255,0
888256,0
888257,0
888258,0
888259,0
888260,0
888261,13
888262,0
888263,0
888264,0
888265,0
888266,9
888267,0
888268,0
888269,0
888270,0
888271,0
888272,0
888273,0
888274,0
888275,0
888276,0
888277,0
888278,0
888279,0
888280,0
888281,0
888282,0
888283,0
888284,0
888285,0
888286,0
888287,0
888288,0
888289,0
888290,0
888291,0
888292,0
888293,0
888294,0
888295,0
888296,0
888297,15
888298,19
888299,0
888300,0
888301,0
888302,0
888303,0
888304,0
888305,0
888306,0
888307,0
888308,0
888309,38
888310,12
888311,0
888312,0
888313,0
888314,0
888315,0
888316,0
888317,13
888318,0
888319,0
888320,0
888321,0
888322,0
888323,0
888324,0
888325,0
888326,0
888327,0
888328,0
888329,19
888330,0
888331,29
888332,0
888333,0
888334,0
888335,0
888336,0
888337,19
888338,0
888339,0
888340,0
888341,0
888342,0
888343,0
888344,0
888345,0
888346,19
888347,0
888348,0
888349,20
888350,0
888351,0
888352,0
888353,0
888354,0
888355,0
888356,0
888357,0
888358,0
888359,0
888360,0
888361,0
888362,0
888363,0
888364,0
888365,0
888366,0
888367,0
888368,17
888369,0
888370,0
888371,0
888372,0
888373,0
888374,0
888375,0
888376,0
888377,0
888378,0
888379,0
888380,0
888381,0
888382,0
888383,17
888384,19
888385,0
888386,0
888387,0
888388,0
888389,0
888390,0
888391,0
888392,0
888393,0
888394,0
888395,0
888396,0
888397,11
888398,0
888399,0
888400,0
888401,0
888402,0
888403,0
888404,0
888405,0
888406,0
888407,0
888408,0
888409,0
888410,0
888411,0
888412,7
888413,0
888414,0
888415,0
888416,0
888417,0
888418,0
888419,0
888420,0
888421,0
888422,0
888423,0
888424,0
888425,0
888426,19
888427,16
888428,0
888429,0
888430,0
888431,0
888432,20
888433,0
888434,19
888435,35
888436,0
888437,0
888438,0
888439,0
888440,0
888441,0
888442,0
888443,0
888444,0
888445,0
888446,0
888447,0
888448,0
888449,0
888450,0
888451,0
888452,0
888453,0
888454,0
888455,0
888456,0
888457,0
888458,0
888459,0
888460,13
888461,0
888462,0
888463,0
888464,18
888465,0
888466,30
888467,0
888468,0
888469,0
888470,0
888471,0
888472,0
888473,0
888474,0
888475,0
888476,0
888477,8
888478,0
888479,0
888480,0
888481,0
888482,0
888483,0
888484,0
888485,0
888486,0
888487,0
888488,0
888489,0
888490,0
888491,0
888492,0
888493,0
888494,0
888495,0
888496,0
888497,0
888498,0
888499,0
888500,0
888501,0
888502,12
888503,0
888504,0
888505,0
888506,0
888507,8
888508,0
888509,0
888510,23
888511,0
888512,0
888513,0
888514,0
888515,0
888516,0
888517,0
888518,0
888519,0
888520,0
888521,17
888522,0
888523,0
888524,22
888525,0
888526,0
888527,10
888528,0
888529,0
888530,0
888531,0
888532,0
888533,0
888534,0
888535,0
888536,0
888537,0
888538,0
888539,0
888540,0
888541,0
888542,0
888543,0
888544,0
888545,0
888546,0
888547,0
888548,0
888549,0
888550,0
888551,0
888552,0
888553,0
888554,0
888555,0
888556,24
888557,0
888558,0
888559,0
888560,0
888561,0
888562,0
888563,0
888564,0
888565,0
888566,22
888567,0
888568,0
888569,0
888570,0
888571,0
888572,19
888573,0
888574,9
888575,0
888576,0
888577,0
888578,0
888579,0
888580,0
888581,0
888582,0
888583,0
888584,0
888585,0
888586,0
888587,0
888588,0
888589,0
888590,0
888591,0
888592,0
888593,0
888594,0
888595,0
888596,0
888597,0
888598,19
888599,0
888600,0
888601,0
888602,0
888603,0
888604,0
888605,0
888606,0
888607,0
888608,0
888609,0
888610,0
888611,0
888612,0
888613,0
888614,15
888615,0
888616,0
888617,0
888618,0
888619,0
888620,0
888621,0
888622,0
888623,0
888624,26
888625,24
888626,0
888627,0
888628,0
888629,0
888630,0
888631,0
888632,0
888633,0
888634,0
888635,0
888636,0
888637,0
888638,0
888639,0
888640,0
888641,0
888642,0
888643,0
888644,0
888645,0
888646,0
888647,0
888648,0
888649,0
888650,0
888651,10
888652,0
888653,0
888654,0
888655,0
888656,0
888657,0
888658,0
888659,0
888660,0
888661,9
888662,0
888663,0
888664,0
888665,0
888666,0
888667,0
888668,0
888669,0
888670,0
888671,0
888672,0
888673,14
888674,0
888675,0
888676,0
888677,0
888678,0
888679,0
888680,0
888681,0
888682,0
888683,0
888684,0
888685,0
888686,13
888687,0
888688,0
888689,0
888690,0
888691,0
888692,0
888693,0
888694,0
888695,0
888696,0
888697,0
888698,0
888699,0
888700,0
888701,0
888702,0
888703,0
888704,0
888705,0
888706,0
888707,0
888708,50
888709,0
888710,0
888711,0
888712,0
888713,0
888714,0
888715,0
888716,0
888717,0
888718,0
888719,0
888720,42
888721,0
888722,0
888723,0
888724,0
888725,36
888726,0
888727,0
888728,0
888729,0
888730,0
888731,0
888732,0
888733,0
888734,0
888735,0
888736,0
888737,0
888738,0
888739,0
888740,0
888741,0
888742,0
888743,0
888744,0
888745,0
888746,0
888747,0
888748,0
888749,0
888750,0
888751,0
888752,0
888753,0
888754,0
888755,0
888756,0
888757,40
888758,0
888759,0
888760,0
888761,30
888762,0
888763,0
888764,0
888765,0
888766,0
888767,0
888768,0
888769,37
888770,0
888771,0
888772,0
888773,41
888774,0
888775,0
888776,0
888777,0
888778,43
888779,0
888780,0
888781,0
888782,0
888783,29
888784,0
888785,0
888786,52
888787,37
888788,0
888789,45
888790,0
888791,0
888792,0
888793,34
888794,0
888795,39
888796,0
888797,0
888798,0
888799,0
888800,34
888801,0
888802,0
888803,0
888804,24
888805,0
888806,39
888807,0
888808,0
888809,0
888810,0
888811,0
888812,0
888813,0
888814,38
888815,0
888816,0
888817,0
888818,0
888819,0
888820,0
888821,30
888822,0
888823,0
888824,0
888825,0
888826,0
888827,0
888828,0
888829,0
888830,0
888831,0
888832,0
888833,47
888834,0
888835,39
888836,0
888837,24
888838,0
888839,0
888840,0
888841,46
888842,0
888843,0
888844,32
888845,0
888846,30
888847,0
888848,0
888849,58
888850,0
888851,0
888852,0
888853,0
888854,0
888855,0
888856,0
888857,0
888858,0
888859,0
888860,0
888861,29
888862,0
888863,0
888864,0
888865,0
888866,0
888867,0
888868,0
888869,0
888870,0
888871,0
888872,0
888873,0
888874,0
888875,0
888876,0
888877,0
888878,0
888879,0
888880,0
888881,0
888882,36
888883,0
888884,0
888885,0
888886,0
888887,0
888888,0
888889,0
888890,0
888891,48
888892,0
888893,0
888894,0
888895,0
888896,0
888897,0
888898,0
888899,0
888900,0
888901,40
888902,0
888903,0
888904,0
888905,0
888906,0
888907,0
888908,0
888909,0
888910,0
888911,0
888912,0
888913,0
888914,0
888915,0
888916,0
888917,0
888918,0
888919,0
888920,0
888921,0
888922,0
888923,59
888924,0
888925,0
888926,0
888927,28
888928,0
888929,34
888930,34
888931,0
888932,0
888933,0
888934,0
888935,0
888936,0
888937,0
888938,43
888939,0
888940,0
888941,0
888942,0
888943,0
888944,0
888945,0
888946,29
888947,0
888948,0
888949,0
888950,0
888951,0
888952,0
888953,0
888954,0
888955,0
888956,0
888957,32
888958,0
888959,0
888960,0
888961,0
888962,0
888963,0
888964,0
888965,0
888966,0
888967,0
888968,0
888969,0
888970,0
888971,0
888972,0
888973,0
888974,0
888975,0
888976,0
888977,40
888978,0
888979,0
888980,34
888981,0
888982,0
888983,0
888984,0
888985,0
888986,0
888987,0
888988,0
888989,30
888990,42
888991,0
888992,25
888993,0
888994,0
888995,0
888996,0
888997,0
888998,0
888999,41
889000,24
889001,0
889002,0
889003,0
889004,0
889005,0
889006,0
889007,0
889008,0
889009,36
889010,0
889011,16
889012,0
889013,0
889014,0
889015,0
889016,48
889017,0
889018,0
889019,0
889020,0
889021,0
889022,0
889023,0
889024,0
889025,0
889026,0
889027,0
889028,0
889029,0
889030,0
889031,0
889032,0
889033,0
889034,0
889035,0
889036,0
889037,0
889038,0
889039,0
889040,0
889041,0
889042,0
889043,0
889044,44
889045,0
889046,0
889047,0
889048,0
889049,0
889050,0
889051,0
889052,0
889053,0
889054,0
889055,0
889056,0
889057,0
889058,0
889059,0
889060,0
889061,0
889062,0
889063,0
889064,0
889065,0
889066,0
889067,0
889068,0
889069,0
889070,0
889071,0
889072,0
889073,0
889074,0
889075,0
889076,0
889077,0
889078,0
889079,0
889080,0
889081,0
889082,0
889083,0
889084,0
889085,0
889086,0
889087,0
889088,0
889089,0
889090,30
889091,0
889092,0
889093,0
889094,0
889095,0
889096,0
889097,0
889098,0
889099,0
889100,0
889101,0
889102,0
889103,0
889104,0
889105,0
889106,0
889107,0
889108,0
889109,0
889110,0
889111,0
889112,23
889113,0
889114,0
889115,0
889116,0
889117,0
889118,0
889119,0
889120,0
889121,0
889122,0
889123,0
889124,0
889125,0
889126,49
889127,0
889128,0
889129,0
889130,42
889131,0
889132,0
889133,0
889134,0
889135,0
889136,0
889137,0
889138,40
889139,0
889140,0
889141,0
889142,0
889143,0
889144,0
889145,0
889146,40
889147,0
889148,0
889149,0
889150,0
889151,0
889152,0
889153,0
889154,0
889155,0
889156,0
889157,0
889158,0
889159,0
889160,0
889161,0
889162,61
889163,31
889164,0
889165,0
889166,0
889167,0
889168,0
889169,0
889170,0
889171,0
889172,0
889173,0
889174,0
889175,0
889176,0
889177,0
889178,0
889179,0
889180,0
889181,0
889182,0
889183,43
889184,0
889185,0
889186,0
889187,0
889188,0
889189,0
889190,0
889191,0
889192,35
889193,47
889194,0
889195,0
889196,0
889197,0
889198,46
889199,0
889200,0
889201,0
889202,0
889203,0
889204,0
889205,0
889206,45
889207,34
889208,0
889209,0
889210,0
889211,0
889212,0
889213,0
889214,0
889215,0
889216,0
889217,0
889218,0
889219,0
889220,50
889221,0
889222,31
889223,0
889224,0
889225,0
889226,0
889227,0
889228,0
889229,0
889230,0
889231,43
889232,0
889233,0
889234,0
889235,0
889236,25
889237,0
889238,0
889239,0
889240,0
889241,0
889242,0
889243,0
889244,0
889245,0
889246,0
889247,0
889248,0
889249,0
889250,0
889251,0
889252,0
889253,0
889254,0
889255,0
889256,0
889257,0
889258,0
889259,0
889260,0
889261,0
889262,46
889263,46
889264,0
889265,0
889266,0
889267,0
889268,36
889269,0
889270,0
889271,0
889272,0
889273,0
889274,0
889275,0
889276,0
889277,0
889278,0
889279,0
889280,0
889281,0
889282,0
889283,0
889284,0
889285,0
889286,0
889287,0
889288,0
889289,0
889290,0
889291,0
889292,0
889293,0
889294,49
889295,0
889296,0
889297,54
889298,0
889299,0
889300,0
889301,0
889302,0
889303,0
889304,0
889305,0
889306,0
889307,0
889308,0
889309,45
889310,39
889311,0
889312,0
889313,0
889314,0
889315,0
889316,0
889317,0
889318,35
889319,0
889320,0
889321,0
889322,0
889323,0
889324,0
889325,0
889326,0
889327,0
889328,0
889329,0
889330,0
889331,0
889332,0
889333,0
889334,34
889335,0
889336,0
889337,53
889338,0
889339,41
889340,0
889341,0
889342,0
889343,0
889344,0
889345,34
889346,37
889347,0
889348,42
889349,0
889350,0
889351,0
889352,0
889353,0
889354,56
889355,0
889356,0
889357,0
889358,0
889359,33
889360,0
889361,0
889362,0
889363,0
889364,0
889365,0
889366,0
889367,0
889368,0
889369,0
889370,0
889371,0
889372,0
889373,0
889374,0
889375,0
889376,48
889377,0
889378,31
889379,49
889380,0
889381,0
889382,0
889383,0
889384,0
889385,0
889386,0
889387,0
889388,0
889389,0
889390,0
889391,0
889392,0
889393,0
889394,0
889395,47
889396,41
889397,0
889398,0
889399,0
889400,0
889401,0
889402,45
889403,0
889404,0
889405,0
889406,48
889407,0
889408,0
889409,34
889410,0
889411,0
889412,47
889413,0
889414,0
889415,0
889416,37
889417,0
889418,0
889419,0
889420,0
889421,71
889422,0
889423,0
889424,29
889425,0
889426,0
889427,0
889428,33
889429,0
889430,0
889431,0
889432,0
889433,0
889434,0
889435,0
889436,77
889437,0
889438,32
889439,0
889440,0
889441,0
889442,0
889443,0
889444,0
889445,0
889446,29
889447,0
889448,0
889449,33
889450,0
889451,29
889452,0
889453,0
889454,0
889455,0
889456,0
889457,0
889458,0
889459,0
889460,0
889461,0
889462,0
889463,0
889464,0
889465,0
889466,0
889467,39
889468,0
889469,0
889470,0
889471,0
889472,0
889473,0
889474,0
889475,0
889476,30
889477,45
889478,0
889479,28
889480,0
889481,40
889482,0
889483,0
889484,0
889485,0
889486,0
889487,0
889488,0
889489,0
889490,0
889491,0
889492,0
889493,0
889494,0
889495,0
889496,0
889497,0
889498,0
889499,0
889500,0
889501,66
889502,0
889503,0
889504,0
889505,0
889506,0
889507,0
889508,0
889509,0
889510,0
889511,0
889512,0
889513,0
889514,0
889515,0
889516,0
889517,0
889518,0
889519,0
889520,0
889521,0
889522,0
889523,0
889524,0
889525,0
889526,0
889527,0
889528,42
889529,0
889530,0
889531,0
889532,39
889533,0
889534,0
889535,0
889536,0
889537,0
889538,0
889539,0
889540,0
889541,0
889542,44
889543,0
889544,0
889545,0
889546,0
889547,31
889548,0
889549,0
889550,0
889551,51
889552,0
889553,0
889554,0
889555,0
889556,0
889557,0
889558,0
889559,0
889560,0
889561,0
889562,0
889563,0
889564,33
889565,0
889566,0
889567,0
889568,21
889569,0
889570,47
889571,0
889572,51
889573,0
889574,0
889575,0
889576,0
889577,0
889578,0
889579,0
889580,0
889581,0
889582,0
889583,0
889584,0
889585,0
889586,0
889587,0
889588,0
889589,0
889590,0
889591,0
889592,0
889593,0
889594,0
889595,0
889596,0
889597,0
889598,0
889599,0
889600,0
889601,0
889602,0
889603,0
889604,0
889605,0
889606,0
889607,0
889608,0
889609,0
889610,0
889611,0
889612,43
889613,50
889614,23
889615,0
889616,0
889617,0
889618,0
889619,0
889620,35
889621,0
889622,0
889623,38
889624,0
889625,0
889626,0
889627,0
889628,53
889629,0
889630,40
889631,32
889632,0
889633,0
889634,0
889635,0
889636,0
889637,0
889638,0
889639,0
889640,0
889641,0
889642,0
889643,0
889644,0
889645,42
889646,0
889647,0
889648,0
889649,0
889650,0
889651,0
889652,0
889653,45
889654,0
889655,0
889656,0
889657,0
889658,0
889659,0
889660,33
889661,0
889662,0
889663,0
889664,0
889665,0
889666,0
889667,0
889668,0
889669,41
889670,0
889671,0
889672,0
889673,0
889674,48
889675,29
889676,0
889677,0
889678,0
889679,0
889680,0
889681,0
889682,0
889683,0
889684,0
889685,0
889686,0
889687,0
889688,0
889689,0
889690,44
889691,0
889692,0
889693,0
889694,0
889695,39
889696,0
889697,0
889698,0
889699,0
889700,0
889701,0
889702,0
889703,0
889704,0
889705,0
889706,37
889707,0
889708,0
889709,0
889710,0
889711,23
889712,44
889713,0
889714,0
889715,32
889716,0
889717,0
889718,0
889719,0
889720,0
889721,0
889722,0
889723,0
889724,0
889725,0
889726,0
889727,0
889728,0
889729,23
889730,41
889731,0
889732,0
889733,0
889734,0
889735,0
889736,0
889737,0
889738,0
889739,0
889740,0
889741,0
889742,0
889743,0
889744,0
889745,0
889746,0
889747,0
889748,33
889749,0
889750,0
889751,48
889752,0
889753,0
889754,0
889755,0
889756,0
889757,0
889758,0
889759,0
889760,0
889761,40
889762,0
889763,0
889764,37
889765,0
889766,47
889767,0
889768,0
889769,0
889770,0
889771,0
889772,27
889773,0
889774,0
889775,0
889776,0
889777,34
889778,0
889779,0
889780,0
889781,0
889782,0
889783,0
889784,0
889785,0
889786,40
889787,0
889788,0
889789,0
889790,0
889791,0
889792,0
889793,0
889794,45
889795,0
889796,0
889797,27
889798,0
889799,38
889800,0
889801,0
889802,0
889803,0
889804,0
889805,0
889806,0
889807,0
889808,0
889809,0
889810,0
889811,20
889812,0
889813,43
889814,0
889815,0
889816,0
889817,36
889818,0
889819,0
889820,0
889821,0
889822,0
889823,50
889824,0
889825,0
889826,37
889827,0
889828,0
889829,0
889830,28
889831,0
889832,0
889833,0
889834,0
889835,0
889836,0
889837,0
889838,0
889839,0
889840,0
889841,0
889842,0
889843,0
889844,50
889845,42
889846,0
889847,0
889848,0
889849,38
889850,0
889851,0
889852,0
889853,0
889854,0
889855,0
889856,0
889857,0
889858,0
889859,0
889860,0
889861,0
889862,0
889863,0
889864,0
889865,0
889866,0
889867,0
889868,0
889869,0
889870,46
889871,0
889872,27
889873,0
889874,32
889875,0
889876,0
889877,0
889878,0
889879,0
889880,0
889881,0
889882,0
889883,0
889884,0
889885,0
889886,0
889887,0
889888,0
889889,0
889890,59
889891,0
889892,0
889893,0
889894,0
889895,0
889896,0
889897,0
889898,0
889899,0
889900,0
889901,0
889902,0
889903,0
889904,0
889905,0
889906,0
889907,0
889908,0
889909,0
889910,0
889911,0
889912,0
889913,0
889914,0
889915,0
889916,0
889917,0
889918,0
889919,0
889920,43
889921,0
889922,0
889923,0
889924,0
889925,0
889926,27
889927,0
889928,0
889929,47
889930,44
889931,0
889932,0
889933,29
889934,0
889935,0
889936,0
889937,0
889938,0
889939,0
889940,0
889941,0
889942,0
889943,0
889944,28
889945,0
889946,0
889947,55
889948,0
889949,0
889950,0
889951,33
889952,0
889953,0
889954,0
889955,0
889956,0
889957,0
889958,0
889959,0
889960,0
889961,0
889962,54
889963,0
889964,0
889965,0
889966,0
889967,0
889968,70
889969,0
889970,0
889971,0
889972,0
889973,0
889974,0
889975,0
889976,0
889977,0
889978,0
889979,22
889980,0
889981,0
889982,23
889983,41
889984,0
889985,0
889986,0
889987,0
889988,0
889989,0
889990,39
889991,36
889992,0
889993,0
889994,0
889995,0
889996,0
889997,0
889998,0
889999,0
890000,0
890001,0
890002,0
890003,0
890004,0
890005,0
890006,0
890007,0
890008,0
890009,0
890010,0
890011,0
890012,0
890013,0
890014,0
890015,0
890016,0
890017,0
890018,0
890019,0
890020,0
890021,41
890022,0
890023,0
890024,0
890025,0
890026,0
890027,0
890028,0
890029,0
890030,0
890031,0
890032,0
890033,40
890034,0
890035,0
890036,0
890037,0
890038,38
890039,0
890040,0
890041,0
890042,0
890043,0
890044,0
890045,0
890046,54
890047,0
890048,0
890049,0
890050,0
890051,0
890052,0
890053,0
890054,0
890055,0
890056,0
890057,0
890058,29
890059,0
890060,0
890061,0
890062,0
890063,0
890064,0
890065,0
890066,0
890067,0
890068,0
890069,0
890070,0
890071,0
890072,0
890073,0
890074,0
890075,0
890076,0
890077,0
890078,31
890079,51
890080,0
890081,0
890082,0
890083,0
890084,0
890085,0
890086,0
890087,28
890088,0
890089,0
890090,0
890091,0
890092,29
890093,0
890094,0
890095,0
890096,0
890097,0
890098,0
890099,0
890100,0
890101,0
890102,0
890103,0
890104,0
890105,0
890106,0
890107,0
890108,0
890109,0
890110,0
890111,0
890112,0
890113,0
890114,0
890115,0
890116,0
890117,0
890118,0
890119,0
890120,0
890121,0
890122,0
890123,0
890124,0
890125,0
890126,0
890127,0
890128,0
890129,42
890130,0
890131,0
890132,0
890133,0
890134,0
890135,0
890136,0
890137,0
890138,0
890139,0
890140,0
890141,0
890142,0
890143,0
890144,0
890145,0
890146,0
890147,27
890148,0
890149,0
890150,0
890151,31
890152,0
890153,0
890154,0
890155,32
890156,0
890157,0
890158,39
890159,0
890160,0
890161,43
890162,0
890163,0
890164,0
890165,0
890166,27
890167,37
890168,0
890169,0
890170,0
890171,0
890172,18
890173,0
890174,0
890175,0
890176,0
890177,0
890178,0
890179,0
890180,0
890181,0
890182,0
890183,45
890184,0
890185,0
890186,0
890187,0
890188,0
890189,0
890190,0
890191,0
890192,0
890193,0
890194,0
890195,0
890196,0
890197,0
890198,0
890199,0
890200,0
890201,0
890202,0
890203,0
890204,0
890205,0
890206,0
890207,0
890208,0
890209,0
890210,0
890211,0
890212,0
890213,0
890214,0
890215,0
890216,0
890217,0
890218,0
890219,0
890220,0
890221,0
890222,0
890223,0
890224,0
890225,24
890226,0
890227,0
890228,0
890229,0
890230,24
890231,0
890232,38
890233,0
890234,0
890235,0
890236,0
890237,30
890238,22
890239,0
890240,0
890241,0
890242,0
890243,0
890244,0
890245,0
890246,0
890247,0
890248,0
890249,0
890250,0
890251,0
890252,0
890253,0
890254,0
890255,0
890256,0
890257,0
890258,0
890259,0
890260,0
890261,0
890262,0
890263,0
890264,0
890265,25
890266,0
890267,11
890268,0
890269,0
890270,0
890271,27
890272,0
890273,0
890274,0
890275,0
890276,0
890277,0
890278,0
890279,60
890280,0
890281,0
890282,0
890283,0
890284,0
890285,43
890286,0
890287,0
890288,0
890289,0
890290,0
890291,0
890292,0
890293,52
890294,0
890295,34
890296,0
890297,0
890298,0
890299,0
890300,0
890301,0
890302,0
890303,0
890304,0
890305,0
890306,0
890307,0
890308,0
890309,0
890310,0
890311,0
890312,28
890313,0
890314,0
890315,0
890316,0
890317,0
890318,0
890319,0
890320,0
890321,0
890322,0
890323,0
890324,0
890325,45
890326,0
890327,0
890328,0
890329,0
890330,0
890331,0
890332,0
890333,0
890334,0
890335,38
890336,0
890337,0
890338,0
890339,0
890340,0
890341,0
890342,0
890343,36
890344,0
890345,0
890346,29
890347,0
890348,0
890349,0
890350,0
890351,0
890352,0
890353,0
890354,44
890355,0
890356,0
890357,0
890358,25
890359,0
890360,0
890361,0
890362,0
890363,0
890364,0
890365,0
890366,0
890367,0
890368,0
890369,0
890370,0
890371,39
890372,0
890373,0
890374,0
890375,0
890376,0
890377,0
890378,0
890379,33
890380,0
890381,0
890382,0
890383,0
890384,0
890385,0
890386,24
890387,38
890388,0
890389,0
890390,0
890391,0
890392,0
890393,0
890394,0
890395,0
890396,0
890397,0
890398,0
890399,0
890400,29
890401,0
890402,37
890403,0
890404,0
890405,0
890406,0
890407,0
890408,0
890409,0
890410,0
890411,0
890412,0
890413,0
890414,0
890415,0
890416,0
890417,0
890418,0
890419,0
890420,0
890421,0
890422,0
890423,0
890424,0
890425,0
890426,0
890427,0
890428,0
890429,34
890430,0
890431,0
890432,36
890433,32
890434,0
890435,0
890436,0
890437,0
890438,0
890439,0
890440,52
890441,0
890442,46
890443,0
890444,0
890445,0
890446,0
890447,0
890448,0
890449,0
890450,0
890451,0
890452,0
890453,0
890454,0
890455,39
890456,0
890457,0
890458,0
890459,0
890460,0
890461,0
890462,26
890463,0
890464,46
890465,0
890466,0
890467,0
890468,0
890469,0
890470,48
890471,0
890472,0
890473,0
890474,27
890475,0
890476,0
890477,0
890478,30
890479,0
890480,45
890481,51
890482,0
890483,0
890484,0
890485,0
890486,0
890487,0
890488,20
890489,23
890490,22
890491,0
890492,0
890493,0
890494,0
890495,0
890496,0
890497,0
890498,46
890499,0
890500,0
890501,0
890502,48
890503,0
890504,0
890505,0
890506,0
890507,0
890508,0
890509,0
890510,0
890511,0
890512,0
890513,0
890514,25
890515,0
890516,0
890517,39
890518,0
890519,0
890520,0
890521,0
890522,0
890523,0
890524,0
890525,0
890526,0
890527,0
890528,0
890529,0
890530,26
890531,0
890532,0
890533,0
890534,0
890535,0
890536,0
890537,0
890538,0
890539,0
890540,0
890541,0
890542,32
890543,45
890544,0
890545,0
890546,0
890547,0
890548,0
890549,0
890550,0
890551,0
890552,0
890553,32
890554,0
890555,0
890556,0
890557,0
890558,0
890559,0
890560,0
890561,0
890562,0
890563,0
890564,0
890565,0
890566,0
890567,0
890568,0
890569,0
890570,0
890571,0
890572,38
890573,38
890574,0
890575,0
890576,0
890577,0
890578,0
890579,0
890580,36
890581,0
890582,0
890583,0
890584,0
890585,0
890586,0
890587,0
890588,0
890589,0
890590,0
890591,0
890592,36
890593,0
890594,0
890595,0
890596,0
890597,0
890598,0
890599,0
890600,0
890601,0
890602,0
890603,0
890604,0
890605,0
890606,0
890607,0
890608,0
890609,0
890610,0
890611,0
890612,0
890613,0
890614,41
890615,0
890616,0
890617,0
890618,0
890619,0
890620,43
890621,0
890622,0
890623,14
890624,0
890625,0
890626,0
890627,0
890628,0
890629,0
890630,35
890631,0
890632,0
890633,0
890634,0
890635,0
890636,0
890637,0
890638,0
890639,0
890640,0
890641,0
890642,0
890643,0
890644,0
890645,0
890646,10
890647,0
890648,0
890649,0
890650,55
890651,0
890652,0
890653,0
890654,0
890655,0
890656,25
890657,42
890658,0
890659,0
890660,0
890661,0
890662,0
890663,36
890664,0
890665,0
890666,0
890667,16
890668,0
890669,0
890670,0
890671,0
890672,0
890673,0
890674,0
890675,0
890676,0
890677,0
890678,0
890679,0
890680,0
890681,0
890682,0
890683,0
890684,0
890685,0
890686,0
890687,0
890688,0
890689,46
890690,49
890691,0
890692,0
890693,0
890694,0
890695,0
890696,0
890697,0
890698,0
890699,0
890700,0
890701,0
890702,30
890703,0
890704,0
890705,0
890706,0
890707,30
890708,32
890709,0
890710,0
890711,0
890712,34
890713,0
890714,0
890715,50
890716,0
890717,0
890718,0
890719,0
890720,0
890721,0
890722,0
890723,0
890724,30
890725,26
890726,0
890727,0
890728,0
890729,0
890730,0
890731,0
890732,31
890733,0
890734,0
890735,0
890736,0
890737,0
890738,0
890739,0
890740,0
890741,0
890742,39
890743,0
890744,0
890745,28
890746,0
890747,0
890748,18
890749,0
890750,0
890751,26
890752,0
890753,0
890754,0
890755,24
890756,0
890757,0
890758,0
890759,0
890760,0
890761,0
890762,0
890763,0
890764,0
890765,0
890766,0
890767,0
890768,0
890769,0
890770,39
890771,0
890772,0
890773,0
890774,0
890775,0
890776,0
890777,0
890778,0
890779,0
890780,0
890781,0
890782,0
890783,0
890784,0
890785,57
890786,0
890787,0
890788,0
890789,0
890790,0
890791,0
890792,37
890793,0
890794,0
890795,0
890796,0
890797,0
890798,0
890799,0
890800,0
890801,0
890802,0
890803,0
890804,0
890805,0
890806,0
890807,0
890808,0
890809,0
890810,0
890811,0
890812,0
890813,0
890814,0
890815,22
890816,0
890817,0
890818,0
890819,0
890820,0
890821,0
890822,0
890823,0
890824,0
890825,0
890826,0
890827,0
890828,0
890829,0
890830,24
890831,0
890832,0
890833,0
890834,0
890835,0
890836,0
890837,0
890838,0
890839,0
890840,0
890841,0
890842,0
890843,0
890844,41
890845,0
890846,0
890847,0
890848,0
890849,0
890850,0
890851,20
890852,0
890853,0
890854,22
890855,0
890856,0
890857,0
890858,0
890859,0
890860,0
890861,0
890862,0
890863,0
890864,0
890865,30
890866,0
890867,0
890868,0
890869,0
890870,0
890871,0
890872,0
890873,34
890874,0
890875,0
890876,27
890877,0
890878,0
890879,0
890880,0
890881,0
890882,0
890883,0
890884,0
890885,0
890886,0
890887,0
890888,0
890889,0
890890,47
890891,0
890892,0
890893,0
890894,0
890895,0
890896,0
890897,50
890898,0
890899,0
890900,38
890901,31
890902,0
890903,0
890904,0
890905,0
890906,0
890907,0
890908,0
890909,0
890910,0
890911,0
890912,0
890913,0
890914,0
890915,0
890916,0
890917,0
890918,0
890919,0
890920,0
890921,0
890922,0
890923,0
890924,0
890925,0
890926,20
890927,0
890928,0
890929,33
890930,0
890931,0
890932,0
890933,0
890934,0
890935,0
890936,0
890937,0
890938,0
890939,0
890940,0
890941,0
890942,0
890943,0
890944,0
890945,0
890946,0
890947,0
890948,0
890949,0
890950,0
890951,0
890952,0
890953,0
890954,0
890955,0
890956,0
890957,0
890958,0
890959,0
890960,0
890961,0
890962,0
890963,0
890964,0
890965,0
890966,0
890967,0
890968,0
890969,0
890970,0
890971,0
890972,0
890973,0
890974,0
890975,0
890976,0
890977,0
890978,0
890979,0
890980,0
890981,0
890982,0
890983,0
890984,0
890985,0
890986,0
890987,0
890988,0
890989,0
890990,0
890991,0
890992,0
890993,0
890994,0
890995,0
890996,0
890997,0
890998,0
890999,0
891000,0
891001,0
891002,0
891003,0
891004,0
891005,0
891006,0
891007,0
891008,0
891009,0
891010,0
891011,0
891012,0
891013,0
891014,0
891015,0
891016,0
891017,0
891018,0
891019,0
891020,0
891021,0
891022,0
891023,0
891024,0
891025,0
891026,0
891027,0
891028,0
891029,0
891030,0
891031,0
891032,0
891033,0
891034,0
891035,0
891036,0
891037,0
891038,0
891039,0
891040,0
891041,0
891042,0
891043,0
891044,0
891045,0
891046,0
891047,0
891048,0
891049,0
891050,0
891051,0
891052,0
891053,5
891054,0
891055,0
891056,0
891057,0
891058,0
891059,0
891060,0
891061,0
891062,0
891063,0
891064,0
891065,0
891066,0
891067,0
891068,0
891069,0
891070,0
891071,0
891072,7
891073,0
891074,0
891075,0
891076,0
891077,0
891078,0
891079,0
891080,0
891081,0
891082,0
891083,0
891084,0
891085,0
891086,0
891087,0
891088,0
891089,0
891090,0
891091,0
891092,0
891093,0
891094,0
891095,0
891096,0
891097,0
891098,0
891099,0
891100,0
891101,0
891102,0
891103,0
891104,18
891105,0
891106,0
891107,0
891108,0
891109,0
891110,0
891111,0
891112,0
891113,0
891114,0
891115,0
891116,9
891117,0
891118,0
891119,0
891120,0
891121,0
891122,0
891123,0
891124,17
891125,0
891126,0
891127,12
891128,0
891129,0
891130,0
891131,0
891132,0
891133,0
891134,10
891135,0
891136,0
891137,0
891138,0
891139,0
891140,0
891141,0
891142,0
891143,0
891144,0
891145,0
891146,0
891147,0
891148,0
891149,0
891150,0
891151,0
891152,0
891153,0
891154,0
891155,0
891156,0
891157,0
891158,0
891159,0
891160,0
891161,0
891162,0
891163,0
891164,0
891165,0
891166,0
891167,0
891168,0
891169,0
891170,0
891171,0
891172,7
891173,0
891174,0
891175,0
891176,0
891177,0
891178,0
891179,0
891180,0
891181,0
891182,0
891183,0
891184,0
891185,0
891186,0
891187,0
891188,0
891189,0
891190,0
891191,0
891192,0
891193,0
891194,0
891195,6
891196,0
891197,0
891198,0
891199,0
891200,0
891201,0
891202,0
891203,0
891204,0
891205,0
891206,0
891207,0
891208,0
891209,0
891210,0
891211,0
891212,0
891213,0
891214,0
891215,0
891216,0
891217,0
891218,0
891219,0
891220,0
891221,0
891222,29
891223,0
891224,31
891225,0
891226,25
891227,0
891228,22
891229,21
891230,0
891231,25
891232,0
891233,26
891234,0
891235,0
891236,0
891237,0
891238,0
891239,0
891240,0
891241,0
891242,0
891243,0
891244,0
891245,0
891246,0
891247,0
891248,0
891249,23
891250,0
891251,22
891252,0
891253,0
891254,0
891255,0
891256,0
891257,23
891258,35
891259,0
891260,0
891261,0
891262,30
891263,0
891264,22
891265,0
891266,0
891267,0
891268,0
891269,0
891270,0
891271,0
891272,20
891273,0
891274,0
891275,17
891276,0
891277,0
891278,0
891279,0
891280,0
891281,0
891282,0
891283,20
891284,33
891285,0
891286,0
891287,0
891288,0
891289,0
891290,27
891291,0
891292,0
891293,24
891294,21
891295,0
891296,19
891297,0
891298,0
891299,25
891300,0
891301,0
891302,0
891303,0
891304,0
891305,20
891306,0
891307,0
891308,17
891309,0
891310,0
891311,0
891312,0
891313,0
891314,0
891315,0
891316,0
891317,16
891318,0
891319,0
891320,18
891321,19
891322,0
891323,0
891324,29
891325,12
891326,0
891327,0
891328,16
891329,0
891330,0
891331,0
891332,21
891333,0
891334,0
891335,0
891336,0
891337,0
891338,0
891339,0
891340,30
891341,0
891342,0
891343,0
891344,0
891345,15
891346,0
891347,0
891348,0
891349,25
891350,0
891351,0
891352,0
891353,0
891354,25
891355,0
891356,0
891357,0
891358,20
891359,19
891360,0
891361,24
891362,13
891363,0
891364,0
891365,34
891366,0
891367,0
891368,0
891369,0
891370,0
891371,0
891372,20
891373,0
891374,0
891375,0
891376,0
891377,0
891378,0
891379,0
891380,0
891381,0
891382,0
891383,14
891384,23
891385,0
891386,15
891387,0
891388,45
891389,0
891390,0
891391,0
891392,0
891393,16
891394,0
891395,0
891396,0
891397,22
891398,0
891399,0
891400,24
891401,0
891402,0
891403,0
891404,0
891405,0
891406,0
891407,0
891408,0
891409,20
891410,18
891411,26
891412,31
891413,0
891414,30
891415,29
891416,0
891417,0
891418,20
891419,0
891420,0
891421,27
891422,0
891423,0
891424,28
891425,0
891426,0
891427,0
891428,28
891429,0
891430,29
891431,0
891432,0
891433,0
891434,0
891435,0
891436,25
891437,0
891438,0
891439,0
891440,0
891441,0
891442,0
891443,0
891444,33
891445,22
891446,0
891447,0
891448,21
891449,0
891450,0
891451,0
891452,0
891453,0
891454,0
891455,0
891456,25
891457,0
891458,0
891459,22
891460,0
891461,0
891462,0
891463,30
891464,0
891465,0
891466,0
891467,0
891468,0
891469,0
891470,0
891471,0
891472,0
891473,0
891474,17
891475,0
891476,17
891477,0
891478,22
891479,0
891480,25
891481,0
891482,0
891483,0
891484,0
891485,0
891486,0
891487,0
891488,32
891489,24
891490,0
891491,0
891492,0
891493,0
891494,0
891495,0
891496,0
891497,0
891498,0
891499,0
891500,0
891501,21
891502,0
891503,0
891504,0
891505,0
891506,0
891507,0
891508,0
891509,0
891510,27
891511,0
891512,22
891513,0
891514,0
891515,0
891516,0
891517,0
891518,0
891519,0
891520,0
891521,0
891522,0
891523,0
891524,0
891525,0
891526,0
891527,0
891528,0
891529,0
891530,0
891531,0
891532,0
891533,16
891534,11
891535,0
891536,0
891537,23
891538,0
891539,0
891540,0
891541,0
891542,0
891543,34
891544,0
891545,0
891546,0
891547,0
891548,0
891549,0
891550,0
891551,0
891552,0
891553,0
891554,26
891555,0
891556,0
891557,23
891558,19
891559,0
891560,0
891561,0
891562,0
891563,0
891564,0
891565,0
891566,0
891567,0
891568,0
891569,0
891570,11
891571,34
891572,0
891573,28
891574,0
891575,0
891576,0
891577,0
891578,0
891579,0
891580,0
891581,0
891582,0
891583,0
891584,0
891585,0
891586,0
891587,0
891588,0
891589,0
891590,0
891591,0
891592,0
891593,0
891594,0
891595,14
891596,0
891597,0
891598,0
891599,0
891600,0
891601,0
891602,24
891603,0
891604,37
891605,0
891606,0
891607,0
891608,0
891609,0
891610,14
891611,0
891612,0
891613,0
891614,0
891615,0
891616,0
891617,13
891618,0
891619,0
891620,0
891621,0
891622,0
891623,0
891624,29
891625,0
891626,0
891627,0
891628,0
891629,0
891630,0
891631,32
891632,0
891633,28
891634,36
891635,30
891636,0
891637,0
891638,0
891639,0
891640,0
891641,0
891642,0
891643,0
891644,0
891645,24
891646,0
891647,0
891648,19
891649,22
891650,0
891651,0
891652,23
891653,18
891654,0
891655,0
891656,17
891657,0
891658,0
891659,0
891660,0
891661,0
891662,0
891663,28
891664,0
891665,0
891666,36
891667,0
891668,0
891669,0
891670,36
891671,29
891672,0
891673,0
891674,0
891675,0
891676,0
891677,26
891678,22
891679,0
891680,28
891681,30
891682,0
891683,0
891684,0
891685,0
891686,0
891687,0
891688,0
891689,0
891690,0
891691,0
891692,0
891693,0
891694,11
891695,0
891696,11
891697,0
891698,0
891699,0
891700,21
891701,0
891702,0
891703,0
891704,0
891705,0
891706,0
891707,0
891708,12
891709,0
891710,0
891711,0
891712,0
891713,0
891714,37
891715,0
891716,0
891717,0
891718,0
891719,0
891720,28
891721,0
891722,0
891723,0
891724,21
891725,0
891726,0
891727,21
891728,26
891729,0
891730,0
891731,18
891732,0
891733,0
891734,12
891735,0
891736,0
891737,0
891738,0
891739,0
891740,25
891741,32
891742,0
891743,0
891744,0
891745,0
891746,0
891747,0
891748,27
891749,0
891750,0
891751,0
891752,26
891753,0
891754,0
891755,0
891756,0
891757,0
891758,0
891759,25
891760,0
891761,13
891762,0
891763,35
891764,0
891765,18
891766,45
891767,0
891768,0
891769,0
891770,0
891771,0
891772,22
891773,0
891774,0
891775,0
891776,0
891777,0
891778,0
891779,0
891780,28
891781,0
891782,0
891783,0
891784,0
891785,0
891786,0
891787,0
891788,0
891789,28
891790,29
891791,0
891792,0
891793,10
891794,0
891795,27
891796,0
891797,0
891798,0
891799,0
891800,0
891801,0
891802,0
891803,0
891804,0
891805,0
891806,0
891807,0
891808,0
891809,17
891810,0
891811,0
891812,21
891813,0
891814,0
891815,0
891816,0
891817,0
891818,0
891819,0
891820,0
891821,0
891822,19
891823,0
891824,0
891825,34
891826,0
891827,18
891828,0
891829,0
891830,0
891831,0
891832,0
891833,0
891834,0
891835,0
891836,0
891837,0
891838,0
891839,0
891840,0
891841,0
891842,0
891843,0
891844,0
891845,0
891846,0
891847,0
891848,0
891849,0
891850,0
891851,0
891852,0
891853,0
891854,0
891855,0
891856,0
891857,0
891858,0
891859,0
891860,18
891861,0
891862,0
891863,0
891864,0
891865,0
891866,0
891867,0
891868,0
891869,0
891870,0
891871,0
891872,0
891873,12
891874,0
891875,0
891876,0
891877,0
891878,0
891879,0
891880,0
891881,0
891882,0
891883,0
891884,0
891885,0
891886,0
891887,0
891888,0
891889,0
891890,0
891891,0
891892,12
891893,0
891894,0
891895,0
891896,0
891897,0
891898,0
891899,0
891900,0
891901,0
891902,0
891903,12
891904,5
891905,0
891906,0
891907,0
891908,0
891909,0
891910,0
891911,0
891912,0
891913,0
891914,0
891915,0
891916,11
891917,0
891918,0
891919,0
891920,0
891921,0
891922,0
891923,0
891924,0
891925,0
891926,0
891927,0
891928,0
891929,0
891930,0
891931,0
891932,0
891933,0
891934,0
891935,10
891936,0
891937,0
891938,0
891939,0
891940,0
891941,0
891942,0
891943,5
891944,0
891945,0
891946,0
891947,0
891948,0
891949,0
891950,0
891951,0
891952,0
891953,0
891954,16
891955,0
891956,0
891957,0
891958,0
891959,0
891960,0
891961,0
891962,0
891963,0
891964,0
891965,20
891966,0
891967,0
891968,0
891969,0
891970,9
891971,0
891972,0
891973,0
891974,7
891975,0
891976,0
891977,0
891978,0
891979,0
891980,0
891981,0
891982,0
891983,0
891984,0
891985,0
891986,0
891987,0
891988,0
891989,0
891990,0
891991,13
891992,14
891993,3
891994,0
891995,0
891996,0
891997,0
891998,0
891999,0
892000,0
892001,0
892002,0
892003,0
892004,0
892005,0
892006,0
892007,0
892008,0
892009,0
892010,12
892011,0
892012,0
892013,0
892014,0
892015,10
892016,0
892017,0
892018,0
892019,0
892020,13
892021,0
892022,0
892023,0
892024,0
892025,12
892026,0
892027,0
892028,0
892029,0
892030,0
892031,0
892032,0
892033,0
892034,0
892035,0
892036,0
892037,0
892038,0
892039,0
892040,0
892041,0
892042,0
892043,0
892044,0
892045,0
892046,0
892047,0
892048,0
892049,0
892050,0
892051,0
892052,0
892053,0
892054,0
892055,0
892056,0
892057,0
892058,0
892059,0
892060,0
892061,0
892062,0
892063,0
892064,0
892065,0
892066,0
892067,0
892068,0
892069,0
892070,0
892071,14
892072,0
892073,0
892074,12
892075,0
892076,0
892077,0
892078,0
892079,0
892080,5
892081,0
892082,0
892083,5
892084,0
892085,11
892086,0
892087,8
892088,0
892089,0
892090,3
892091,0
892092,0
892093,5
892094,0
892095,0
892096,0
892097,0
892098,0
892099,0
892100,0
892101,0
892102,0
892103,0
892104,0
892105,0
892106,0
892107,0
892108,4
892109,0
892110,13
892111,0
892112,0
892113,0
892114,0
892115,0
892116,0
892117,0
892118,0
892119,0
892120,0
892121,0
892122,0
892123,0
892124,0
892125,0
892126,11
892127,0
892128,0
892129,10
892130,0
892131,0
892132,0
892133,0
892134,14
892135,0
892136,0
892137,0
892138,0
892139,6
892140,0
892141,0
892142,0
892143,0
892144,18
892145,0
892146,0
892147,0
892148,0
892149,0
892150,0
892151,0
892152,13
892153,0
892154,0
892155,0
892156,0
892157,0
892158,11
892159,0
892160,11
892161,0
892162,0
892163,0
892164,0
892165,0
892166,0
892167,0
892168,0
892169,0
892170,0
892171,0
892172,0
892173,0
892174,14
892175,0
892176,0
892177,0
892178,0
892179,0
892180,0
892181,0
892182,0
892183,0
892184,0
892185,0
892186,0
892187,0
892188,0
892189,0
892190,0
892191,0
892192,0
892193,0
892194,0
892195,0
892196,0
892197,0
892198,0
892199,0
892200,0
892201,0
892202,0
892203,0
892204,0
892205,12
892206,0
892207,0
892208,0
892209,0
892210,0
892211,0
892212,0
892213,0
892214,0
892215,0
892216,0
892217,0
892218,0
892219,0
892220,0
892221,0
892222,0
892223,0
892224,0
892225,0
892226,0
892227,0
892228,0
892229,0
892230,0
892231,0
892232,0
892233,0
892234,14
892235,0
892236,0
892237,0
892238,0
892239,0
892240,0
892241,7
892242,0
892243,0
892244,0
892245,0
892246,0
892247,0
892248,0
892249,0
892250,0
892251,0
892252,0
892253,0
892254,0
892255,17
892256,0
892257,0
892258,0
892259,0
892260,0
892261,0
892262,0
892263,0
892264,0
892265,0
892266,0
892267,0
892268,0
892269,0
892270,0
892271,0
892272,0
892273,0
892274,0
892275,0
892276,0
892277,0
892278,10
892279,7
892280,0
892281,34
892282,0
892283,0
892284,0
892285,19
892286,20
892287,0
892288,11
892289,0
892290,10
892291,0
892292,14
892293,0
892294,17
892295,0
892296,0
892297,0
892298,0
892299,8
892300,0
892301,0
892302,20
892303,0
892304,0
892305,0
892306,33
892307,0
892308,0
892309,0
892310,0
892311,14
892312,0
892313,28
892314,0
892315,0
892316,0
892317,22
892318,0
892319,12
892320,9
892321,0
892322,0
892323,0
892324,0
892325,0
892326,0
892327,0
892328,0
892329,0
892330,0
892331,0
892332,0
892333,0
892334,17
892335,23
892336,29
892337,0
892338,0
892339,0
892340,40
892341,0
892342,0
892343,0
892344,0
892345,0
892346,0
892347,0
892348,12
892349,0
892350,0
892351,0
892352,23
892353,0
892354,16
892355,0
892356,20
892357,0
892358,0
892359,0
892360,12
892361,0
892362,0
892363,0
892364,0
892365,12
892366,0
892367,9
892368,20
892369,0
892370,0
892371,22
892372,0
892373,28
892374,9
892375,14
892376,0
892377,12
892378,0
892379,0
892380,0
892381,0
892382,8
892383,0
892384,0
892385,21
892386,19
892387,0
892388,0
892389,0
892390,0
892391,3
892392,0
892393,0
892394,0
892395,0
892396,26
892397,15
892398,24
892399,0
892400,0
892401,18
892402,11
892403,18
892404,10
892405,0
892406,0
892407,0
892408,0
892409,0
892410,0
892411,27
892412,13
892413,14
892414,11
892415,0
892416,0
892417,0
892418,0
892419,13
892420,0
892421,0
892422,0
892423,12
892424,18
892425,26
892426,0
892427,0
892428,19
892429,0
892430,0
892431,0
892432,0
892433,0
892434,0
892435,21
892436,0
892437,0
892438,0
892439,7
892440,0
892441,0
892442,0
892443,0
892444,11
892445,0
892446,0
892447,0
892448,14
892449,0
892450,16
892451,0
892452,0
892453,0
892454,10
892455,0
892456,0
892457,0
892458,0
892459,10
892460,17
892461,0
892462,22
892463,0
892464,0
892465,0
892466,0
892467,0
892468,0
892469,32
892470,8
892471,18
892472,0
892473,0
892474,0
892475,0
892476,0
892477,0
892478,0
892479,0
892480,0
892481,0
892482,21
892483,17
892484,0
892485,0
892486,0
892487,0
892488,0
892489,0
892490,0
892491,0
892492,23
892493,0
892494,0
892495,0
892496,24
892497,22
892498,0
892499,0
892500,0
892501,0
892502,8
892503,0
892504,0
892505,13
892506,0
892507,18
892508,0
892509,20
892510,0
892511,0
892512,0
892513,0
892514,0
892515,27
892516,0
892517,0
892518,0
892519,0
892520,24
892521,10
892522,19
892523,20
892524,11
892525,13
892526,0
892527,0
892528,0
892529,27
892530,0
892531,23
892532,11
892533,0
892534,0
892535,0
892536,0
892537,0
892538,0
892539,19
892540,15
892541,14
892542,0
892543,27
892544,36
892545,0
892546,0
892547,0
892548,0
892549,0
892550,0
892551,0
892552,0
892553,0
892554,0
892555,0
892556,28
892557,0
892558,19
892559,0
892560,0
892561,0
892562,0
892563,0
892564,0
892565,0
892566,0
892567,0
892568,0
892569,20
892570,12
892571,0
892572,20
892573,14
892574,0
892575,0
892576,0
892577,0
892578,0
892579,0
892580,0
892581,0
892582,0
892583,0
892584,0
892585,22
892586,26
892587,0
892588,0
892589,16
892590,0
892591,19
892592,0
892593,18
892594,0
892595,0
892596,0
892597,7
892598,0
892599,0
892600,0
892601,0
892602,0
892603,0
892604,0
892605,25
892606,0
892607,0
892608,0
892609,20
892610,0
892611,0
892612,23
892613,0
892614,0
892615,0
892616,17
892617,0
892618,0
892619,0
892620,0
892621,0
892622,16
892623,13
892624,0
892625,0
892626,0
892627,0
892628,0
892629,0
892630,0
892631,21
892632,0
892633,15
892634,0
892635,0
892636,0
892637,0
892638,0
892639,30
892640,0
892641,0
892642,10
892643,0
892644,0
892645,49
892646,0
892647,49
892648,44
892649,0
892650,0
892651,37
892652,0
892653,0
892654,27
892655,28
892656,39
892657,0
892658,0
892659,0
892660,0
892661,0
892662,0
892663,0
892664,0
892665,44
892666,0
892667,0
892668,0
892669,46
892670,38
892671,0
892672,0
892673,49
892674,0
892675,0
892676,0
892677,0
892678,0
892679,0
892680,0
892681,0
892682,0
892683,30
892684,37
892685,43
892686,0
892687,0
892688,30
892689,38
892690,0
892691,0
892692,39
892693,0
892694,0
892695,0
892696,0
892697,0
892698,0
892699,40
892700,0
892701,42
892702,33
892703,0
892704,0
892705,0
892706,0
892707,0
892708,0
892709,0
892710,34
892711,32
892712,29
892713,0
892714,0
892715,0
892716,0
892717,0
892718,0
892719,0
892720,0
892721,42
892722,62
892723,0
892724,0
892725,0
892726,0
892727,0
892728,32
892729,0
892730,38
892731,0
892732,0
892733,49
892734,42
892735,0
892736,0
892737,38
892738,0
892739,0
892740,0
892741,0
892742,0
892743,0
892744,0
892745,0
892746,0
892747,0
892748,0
892749,41
892750,42
892751,0
892752,0
892753,39
892754,50
892755,0
892756,0
892757,0
892758,44
892759,0
892760,0
892761,0
892762,0
892763,0
892764,42
892765,0
892766,0
892767,0
892768,0
892769,40
892770,0
892771,43
892772,0
892773,0
892774,0
892775,0
892776,0
892777,0
892778,0
892779,0
892780,0
892781,0
892782,0
892783,0
892784,0
892785,0
892786,0
892787,57
892788,0
892789,35
892790,0
892791,40
892792,0
892793,0
892794,0
892795,0
892796,47
892797,0
892798,0
892799,0
892800,33
892801,30
892802,0
892803,0
892804,57
892805,0
892806,47
892807,0
892808,0
892809,0
892810,34
892811,0
892812,0
892813,0
892814,0
892815,32
892816,0
892817,0
892818,0
892819,0
892820,0
892821,33
892822,0
892823,0
892824,0
892825,54
892826,0
892827,0
892828,0
892829,0
892830,0
892831,0
892832,0
892833,0
892834,0
892835,0
892836,0
892837,0
892838,0
892839,0
892840,52
892841,0
892842,41
892843,0
892844,0
892845,0
892846,0
892847,41
892848,0
892849,0
892850,0
892851,39
892852,0
892853,0
892854,39
892855,0
892856,0
892857,0
892858,0
892859,0
892860,0
892861,0
892862,0
892863,0
892864,0
892865,0
892866,31
892867,0
892868,0
892869,0
892870,0
892871,0
892872,29
892873,0
892874,0
892875,0
892876,0
892877,0
892878,0
892879,0
892880,47
892881,0
892882,0
892883,0
892884,45
892885,0
892886,0
892887,0
892888,0
892889,0
892890,0
892891,0
892892,0
892893,0
892894,0
892895,0
892896,0
892897,0
892898,53
892899,0
892900,31
892901,0
892902,32
892903,34
892904,0
892905,29
892906,0
892907,0
892908,0
892909,0
892910,0
892911,0
892912,0
892913,0
892914,30
892915,0
892916,0
892917,0
892918,0
892919,0
892920,0
892921,0
892922,32
892923,0
892924,0
892925,38
892926,0
892927,0
892928,0
892929,43
892930,0
892931,0
892932,30
892933,36
892934,0
892935,0
892936,0
892937,0
892938,0
892939,0
892940,0
892941,28
892942,0
892943,0
892944,0
892945,0
892946,0
892947,37
892948,0
892949,0
892950,0
892951,0
892952,0
892953,0
892954,0
892955,0
892956,0
892957,0
892958,37
892959,0
892960,0
892961,0
892962,0
892963,0
892964,0
892965,0
892966,0
892967,36
892968,45
892969,0
892970,0
892971,0
892972,0
892973,0
892974,46
892975,0
892976,0
892977,0
892978,52
892979,31
892980,0
892981,0
892982,0
892983,40
892984,0
892985,0
892986,24
892987,0
892988,0
892989,0
892990,0
892991,0
892992,0
892993,0
892994,0
892995,0
892996,0
892997,0
892998,0
892999,0
893000,0
893001,46
893002,0
893003,32
893004,0
893005,0
893006,0
893007,0
893008,0
893009,0
893010,0
893011,34
893012,29
893013,38
893014,0
893015,0
893016,0
893017,0
893018,0
893019,0
893020,0
893021,0
893022,45
893023,39
893024,0
893025,0
893026,0
893027,0
893028,0
893029,0
893030,0
893031,37
893032,0
893033,33
893034,0
893035,0
893036,0
893037,0
893038,31
893039,0
893040,40
893041,0
893042,28
893043,39
893044,0
893045,0
893046,0
893047,0
893048,31
893049,0
893050,0
893051,0
893052,0
893053,0
893054,0
893055,0
893056,0
893057,0
893058,45
893059,0
893060,0
893061,47
893062,0
893063,0
893064,0
893065,0
893066,0
893067,0
893068,0
893069,0
893070,0
893071,0
893072,33
893073,0
893074,0
893075,0
893076,35
893077,0
893078,0
893079,0
893080,33
893081,0
893082,0
893083,0
893084,0
893085,28
893086,0
893087,45
893088,42
893089,0
893090,0
893091,0
893092,0
893093,37
893094,0
893095,34
893096,0
893097,0
893098,0
893099,0
893100,45
893101,0
893102,0
893103,75
893104,0
893105,0
893106,0
893107,36
893108,41
893109,37
893110,0
893111,34
893112,0
893113,0
893114,0
893115,0
893116,0
893117,60
893118,0
893119,43
893120,30
893121,38
893122,32
893123,0
893124,0
893125,0
893126,0
893127,0
893128,0
893129,0
893130,0
893131,29
893132,47
893133,46
893134,0
893135,0
893136,0
893137,0
893138,32
893139,0
893140,46
893141,0
893142,0
893143,37
893144,0
893145,0
893146,26
893147,0
893148,52
893149,0
893150,42
893151,0
893152,0
893153,0
893154,41
893155,0
893156,0
893157,0
893158,0
893159,0
893160,0
893161,0
893162,47
893163,33
893164,0
893165,0
893166,0
893167,0
893168,0
893169,0
893170,37
893171,0
893172,40
893173,0
893174,0
893175,34
893176,0
893177,36
893178,23
893179,48
893180,37
893181,32
893182,0
893183,0
893184,0
893185,0
893186,0
893187,0
893188,0
893189,0
893190,0
893191,0
893192,0
893193,0
893194,0
893195,0
893196,0
893197,0
893198,37
893199,32
893200,31
893201,0
893202,0
893203,0
893204,43
893205,31
893206,0
893207,0
893208,29
893209,38
893210,0
893211,0
893212,0
893213,0
893214,0
893215,0
893216,0
893217,0
893218,0
893219,0
893220,0
893221,0
893222,53
893223,0
893224,0
893225,0
893226,0
893227,0
893228,0
893229,37
893230,0
893231,0
893232,49
893233,0
893234,0
893235,0
893236,38
893237,0
893238,41
893239,0
893240,0
893241,31
893242,0
893243,0
893244,0
893245,0
893246,0
893247,0
893248,34
893249,0
893250,0
893251,0
893252,0
893253,0
893254,33
893255,0
893256,0
893257,0
893258,0
893259,0
893260,45
893261,0
893262,0
893263,38
893264,29
893265,0
893266,37
893267,0
893268,0
893269,0
893270,0
893271,0
893272,0
893273,0
893274,0
893275,0
893276,0
893277,0
893278,0
893279,0
893280,0
893281,0
893282,0
893283,0
893284,0
893285,0
893286,0
893287,0
893288,0
893289,0
893290,49
893291,0
893292,0
893293,0
893294,0
893295,58
893296,0
893297,0
893298,26
893299,33
893300,0
893301,0
893302,0
893303,0
893304,42
893305,0
893306,0
893307,0
893308,0
893309,0
893310,0
893311,0
893312,0
893313,36
893314,0
893315,44
893316,0
893317,0
893318,0
893319,0
893320,0
893321,0
893322,0
893323,0
893324,0
893325,0
893326,0
893327,0
893328,0
893329,0
893330,0
893331,0
893332,0
893333,0
893334,0
893335,0
893336,0
893337,0
893338,40
893339,0
893340,0
893341,0
893342,0
893343,0
893344,0
893345,0
893346,0
893347,28
893348,0
893349,0
893350,0
893351,0
893352,0
893353,0
893354,0
893355,0
893356,0
893357,0
893358,0
893359,0
893360,0
893361,0
893362,0
893363,0
893364,0
893365,0
893366,0
893367,0
893368,0
893369,0
893370,0
893371,0
893372,0
893373,43
893374,0
893375,0
893376,0
893377,0
893378,0
893379,58
893380,0
893381,0
893382,0
893383,0
893384,0
893385,0
893386,0
893387,42
893388,0
893389,0
893390,0
893391,0
893392,0
893393,0
893394,0
893395,0
893396,0
893397,0
893398,0
893399,0
893400,38
893401,0
893402,0
893403,0
893404,0
893405,0
893406,0
893407,49
893408,0
893409,0
893410,0
893411,0
893412,0
893413,42
893414,0
893415,0
893416,0
893417,0
893418,0
893419,27
893420,0
893421,0
893422,0
893423,0
893424,0
893425,0
893426,0
893427,0
893428,0
893429,0
893430,0
893431,0
893432,32
893433,0
893434,0
893435,0
893436,0
893437,0
893438,0
893439,0
893440,0
893441,0
893442,0
893443,0
893444,0
893445,0
893446,58
893447,0
893448,0
893449,0
893450,0
893451,0
893452,0
893453,0
893454,0
893455,0
893456,0
893457,0
893458,0
893459,0
893460,0
893461,0
893462,0
893463,0
893464,0
893465,0
893466,0
893467,0
893468,0
893469,0
893470,0
893471,0
893472,0
893473,0
893474,0
893475,0
893476,0
893477,0
893478,0
893479,0
893480,0
893481,0
893482,0
893483,0
893484,0
893485,31
893486,0
893487,28
893488,0
893489,0
893490,0
893491,0
893492,0
893493,0
893494,0
893495,0
893496,0
893497,0
893498,0
893499,0
893500,0
893501,0
893502,0
893503,0
893504,0
893505,38
893506,0
893507,0
893508,0
893509,0
893510,0
893511,0
893512,0
893513,33
893514,0
893515,0
893516,0
893517,0
893518,0
893519,60
893520,0
893521,0
893522,0
893523,0
893524,32
893525,0
893526,0
893527,0
893528,0
893529,0
893530,26
893531,0
893532,27
893533,0
893534,0
893535,0
893536,19
893537,31
893538,0
893539,0
893540,0
893541,0
893542,0
893543,26
893544,0
893545,0
893546,0
893547,0
893548,0
893549,21
893550,0
893551,0
893552,0
893553,0
893554,0
893555,0
893556,0
893557,0
893558,0
893559,0
893560,0
893561,0
893562,0
893563,0
893564,0
893565,0
893566,0
893567,0
893568,0
893569,0
893570,0
893571,0
893572,0
893573,0
893574,0
893575,0
893576,0
893577,0
893578,0
893579,0
893580,0
893581,0
893582,0
893583,0
893584,0
893585,0
893586,0
893587,43
893588,0
893589,0
893590,0
893591,0
893592,0
893593,0
893594,0
893595,0
893596,0
893597,0
893598,0
893599,0
893600,0
893601,0
893602,0
893603,0
893604,0
893605,40
893606,0
893607,0
893608,0
893609,0
893610,0
893611,53
893612,0
893613,0
893614,27
893615,0
893616,0
893617,0
893618,26
893619,0
893620,30
893621,0
893622,0
893623,29
893624,0
893625,0
893626,0
893627,0
893628,31
893629,0
893630,0
893631,0
893632,0
893633,0
893634,0
893635,0
893636,0
893637,0
893638,0
893639,0
893640,0
893641,0
893642,0
893643,0
893644,0
893645,32
893646,0
893647,30
893648,0
893649,0
893650,34
893651,0
893652,0
893653,0
893654,0
893655,0
893656,0
893657,0
893658,0
893659,0
893660,0
893661,0
893662,0
893663,0
893664,0
893665,27
893666,0
893667,0
893668,0
893669,0
893670,0
893671,0
893672,0
893673,0
893674,0
893675,35
893676,0
893677,0
893678,0
893679,0
893680,0
893681,0
893682,0
893683,26
893684,0
893685,0
893686,0
893687,0
893688,0
893689,0
893690,0
893691,0
893692,0
893693,0
893694,0
893695,0
893696,45
893697,0
893698,42
893699,0
893700,37
893701,34
893702,0
893703,0
893704,0
893705,36
893706,0
893707,0
893708,24
893709,0
893710,0
893711,0
893712,27
893713,0
893714,28
893715,0
893716,0
893717,0
893718,0
893719,0
893720,0
893721,0
893722,25
893723,0
893724,0
893725,30
893726,0
893727,0
893728,23
893729,0
893730,0
893731,25
893732,0
893733,0
893734,0
893735,0
893736,0
893737,0
893738,0
893739,0
893740,0
893741,0
893742,0
893743,0
893744,0
893745,0
893746,0
893747,0
893748,0
893749,44
893750,0
893751,0
893752,0
893753,0
893754,35
893755,0
893756,36
893757,0
893758,0
893759,0
893760,0
893761,0
893762,0
893763,0
893764,0
893765,40
893766,0
893767,0
893768,0
893769,0
893770,0
893771,0
893772,0
893773,0
893774,0
893775,0
893776,0
893777,0
893778,0
893779,0
893780,0
893781,40
893782,14
893783,0
893784,0
893785,0
893786,0
893787,0
893788,0
893789,0
893790,24
893791,0
893792,40
893793,0
893794,0
893795,0
893796,0
893797,0
893798,29
893799,0
893800,0
893801,0
893802,0
893803,0
893804,0
893805,0
893806,37
893807,0
893808,0
893809,0
893810,0
893811,45
893812,0
893813,0
893814,0
893815,0
893816,0
893817,0
893818,0
893819,42
893820,0
893821,0
893822,0
893823,0
893824,0
893825,0
893826,0
893827,0
893828,54
893829,0
893830,0
893831,0
893832,0
893833,0
893834,0
893835,0
893836,0
893837,0
893838,0
893839,0
893840,25
893841,36
893842,0
893843,0
893844,0
893845,0
893846,0
893847,0
893848,0
893849,0
893850,0
893851,0
893852,0
893853,0
893854,0
893855,0
893856,0
893857,0
893858,0
893859,0
893860,0
893861,0
893862,0
893863,0
893864,0
893865,0
893866,0
893867,37
893868,0
893869,0
893870,0
893871,0
893872,33
893873,0
893874,0
893875,0
893876,0
893877,0
893878,0
893879,0
893880,0
893881,0
893882,39
893883,24
893884,0
893885,0
893886,0
893887,0
893888,0
893889,0
893890,0
893891,0
893892,0
893893,0
893894,0
893895,0
893896,0
893897,0
893898,0
893899,0
893900,0
893901,0
893902,0
893903,0
893904,0
893905,0
893906,0
893907,0
893908,0
893909,0
893910,46
893911,0
893912,0
893913,0
893914,0
893915,32
893916,0
893917,0
893918,0
893919,30
893920,0
893921,0
893922,0
893923,0
893924,0
893925,0
893926,30
893927,0
893928,0
893929,0
893930,0
893931,0
893932,0
893933,0
893934,0
893935,0
893936,0
893937,0
893938,19
893939,0
893940,0
893941,0
893942,0
893943,23
893944,0
893945,0
893946,0
893947,0
893948,0
893949,28
893950,35
893951,0
893952,0
893953,0
893954,0
893955,0
893956,0
893957,0
893958,0
893959,0
893960,0
893961,0
893962,0
893963,0
893964,0
893965,34
893966,0
893967,35
893968,0
893969,0
893970,0
893971,0
893972,0
893973,20
893974,0
893975,0
893976,0
893977,0
893978,0
893979,0
893980,0
893981,29
893982,0
893983,0
893984,0
893985,0
893986,0
893987,0
893988,0
893989,0
893990,0
893991,37
893992,0
893993,0
893994,0
893995,0
893996,0
893997,0
893998,0
893999,0
894000,0
894001,0
894002,0
894003,0
894004,0
894005,0
894006,0
894007,0
894008,0
894009,0
894010,0
894011,0
894012,0
894013,36
894014,0
894015,0
894016,0
894017,0
894018,0
894019,0
894020,0
894021,0
894022,0
894023,0
894024,0
894025,0
894026,0
894027,0
894028,0
894029,0
894030,0
894031,0
894032,40
894033,30
894034,0
894035,0
894036,0
894037,0
894038,0
894039,0
894040,0
894041,0
894042,27
894043,0
894044,27
894045,0
894046,0
894047,0
894048,0
894049,0
894050,0
894051,0
894052,0
894053,0
894054,0
894055,0
894056,35
894057,0
894058,0
894059,0
894060,0
894061,0
894062,0
894063,0
894064,0
894065,0
894066,0
894067,0
894068,0
894069,32
894070,36
894071,29
894072,0
894073,0
894074,0
894075,0
894076,0
894077,0
894078,0
894079,0
894080,0
894081,0
894082,0
894083,0
894084,0
894085,0
894086,0
894087,0
894088,0
894089,0
894090,0
894091,0
894092,31
894093,38
894094,0
894095,0
894096,0
894097,0
894098,40
894099,0
894100,0
894101,0
894102,0
894103,47
894104,0
894105,0
894106,0
894107,0
894108,0
894109,0
894110,30
894111,0
894112,0
894113,0
894114,0
894115,0
894116,0
894117,0
894118,50
894119,0
894120,0
894121,0
894122,0
894123,0
894124,0
894125,0
894126,0
894127,0
894128,0
894129,0
894130,0
894131,0
894132,44
894133,0
894134,0
894135,0
894136,0
894137,0
894138,0
894139,39
894140,40
894141,0
894142,0
894143,0
894144,0
894145,0
894146,0
894147,0
894148,0
894149,0
894150,0
894151,0
894152,0
894153,0
894154,0
894155,0
894156,0
894157,0
894158,0
894159,0
894160,31
894161,39
894162,21
894163,0
894164,0
894165,0
894166,0
894167,0
894168,0
894169,0
894170,0
894171,0
894172,0
894173,0
894174,27
894175,0
894176,0
894177,0
894178,0
894179,0
894180,0
894181,0
894182,0
894183,0
894184,0
894185,0
894186,0
894187,0
894188,16
894189,0
894190,0
894191,31
894192,0
894193,0
894194,0
894195,0
894196,0
894197,0
894198,0
894199,28
894200,0
894201,26
894202,0
894203,0
894204,0
894205,0
894206,0
894207,42
894208,0
894209,0
894210,28
894211,0
894212,32
894213,0
894214,0
894215,21
894216,0
894217,0
894218,0
894219,0
894220,0
894221,0
894222,0
894223,0
894224,0
894225,0
894226,0
894227,0
894228,0
894229,0
894230,0
894231,0
894232,0
894233,0
894234,0
894235,0
894236,0
894237,0
894238,0
894239,0
894240,0
894241,0
894242,0
894243,37
894244,0
894245,0
894246,0
894247,0
894248,0
894249,0
894250,0
894251,0
894252,0
894253,0
894254,0
894255,0
894256,46
894257,0
894258,0
894259,0
894260,0
894261,0
894262,0
894263,0
894264,0
894265,0
894266,23
894267,0
894268,0
894269,0
894270,0
894271,0
894272,0
894273,0
894274,0
894275,0
894276,0
894277,0
894278,0
894279,0
894280,0
894281,0
894282,36
894283,0
894284,0
894285,0
894286,0
894287,0
894288,0
894289,0
894290,0
894291,0
894292,49
894293,0
894294,0
894295,33
894296,0
894297,0
894298,0
894299,0
894300,0
894301,0
894302,0
894303,0
894304,0
894305,0
894306,0
894307,0
894308,0
894309,0
894310,0
894311,0
894312,30
894313,0
894314,0
894315,39
894316,0
894317,0
894318,0
894319,0
894320,0
894321,0
894322,0
894323,0
894324,0
894325,0
894326,0
894327,0
894328,36
894329,0
894330,0
894331,0
894332,0
894333,0
894334,34
894335,0
894336,0
894337,0
894338,0
894339,40
894340,0
894341,0
894342,0
894343,0
894344,45
894345,0
894346,0
894347,0
894348,0
894349,0
894350,0
894351,0
894352,0
894353,0
894354,0
894355,0
894356,0
894357,0
894358,0
894359,0
894360,0
894361,0
894362,0
894363,0
894364,0
894365,0
894366,0
894367,0
894368,0
894369,0
894370,0
894371,0
894372,0
894373,0
894374,0
894375,0
894376,37
894377,0
894378,0
894379,0
894380,0
894381,0
894382,0
894383,27
894384,0
894385,0
894386,0
894387,0
894388,36
894389,0
894390,0
894391,0
894392,0
894393,0
894394,0
894395,0
894396,0
894397,0
894398,0
894399,0
894400,0
894401,0
894402,0
894403,0
894404,0
894405,0
894406,0
894407,0
894408,0
894409,0
894410,0
894411,0
894412,0
894413,0
894414,0
894415,0
894416,0
894417,0
894418,0
894419,0
894420,0
894421,0
894422,0
894423,0
894424,0
894425,0
894426,0
894427,0
894428,0
894429,0
894430,0
894431,0
894432,35
894433,0
894434,0
894435,0
894436,0
894437,0
894438,0
894439,0
894440,0
894441,0
894442,0
894443,0
894444,0
894445,0
894446,29
894447,0
894448,0
894449,0
894450,30
894451,0
894452,0
894453,42
894454,0
894455,0
894456,0
894457,0
894458,0
894459,0
894460,0
894461,0
894462,0
894463,0
894464,0
894465,0
894466,0
894467,0
894468,0
894469,0
894470,0
894471,0
894472,20
894473,30
894474,0
894475,0
894476,0
894477,0
894478,0
894479,0
894480,0
894481,0
894482,29
894483,0
894484,0
894485,0
894486,0
894487,0
894488,0
894489,0
894490,0
894491,0
894492,0
894493,0
894494,0
894495,0
894496,0
894497,0
894498,0
894499,0
894500,0
894501,0
894502,0
894503,0
894504,0
894505,0
894506,23
894507,0
894508,0
894509,0
894510,0
894511,0
894512,0
894513,0
894514,0
894515,0
894516,0
894517,0
894518,0
894519,0
894520,0
894521,0
894522,0
894523,0
894524,0
894525,0
894526,0
894527,0
894528,0
894529,30
894530,0
894531,0
894532,0
894533,0
894534,39
894535,0
894536,0
894537,0
894538,0
894539,0
894540,0
894541,0
894542,0
894543,0
894544,35
894545,0
894546,0
894547,0
894548,0
894549,0
894550,0
894551,0
894552,36
894553,0
894554,32
894555,0
894556,0
894557,0
894558,0
894559,0
894560,0
894561,0
894562,0
894563,0
894564,0
894565,0
894566,0
894567,0
894568,0
894569,0
894570,0
894571,0
894572,0
894573,0
894574,0
894575,0
894576,0
894577,50
894578,0
894579,0
894580,0
894581,0
894582,31
894583,0
894584,36
894585,36
894586,0
894587,0
894588,0
894589,0
894590,0
894591,0
894592,0
894593,0
894594,0
894595,41
894596,0
894597,0
894598,0
894599,0
894600,0
894601,0
894602,0
894603,0
894604,0
894605,0
894606,36
894607,0
894608,0
894609,0
894610,0
894611,0
894612,0
894613,0
894614,0
894615,0
894616,0
894617,0
894618,0
894619,0
894620,0
894621,0
894622,0
894623,0
894624,0
894625,0
894626,0
894627,0
894628,0
894629,0
894630,0
894631,0
894632,0
894633,0
894634,0
894635,0
894636,0
894637,0
894638,0
894639,0
894640,0
894641,0
894642,0
894643,0
894644,0
894645,43
894646,43
894647,0
894648,0
894649,0
894650,0
894651,0
894652,0
894653,37
894654,0
894655,0
894656,0
894657,0
894658,44
894659,0
894660,0
894661,0
894662,0
894663,0
894664,0
894665,0
894666,0
894667,0
894668,0
894669,0
894670,0
894671,0
894672,0
894673,0
894674,0
894675,0
894676,0
894677,0
894678,37
894679,0
894680,0
894681,0
894682,0
894683,0
894684,0
894685,0
894686,0
894687,0
894688,0
894689,0
894690,0
894691,0
894692,0
894693,0
894694,0
894695,0
894696,0
894697,0
894698,0
894699,0
894700,0
894701,0
894702,0
894703,31
894704,0
894705,0
894706,0
894707,0
894708,0
894709,0
894710,0
894711,0
894712,0
894713,0
894714,0
894715,0
894716,0
894717,0
894718,0
894719,0
894720,0
894721,0
894722,0
894723,0
894724,0
894725,39
894726,0
894727,0
894728,0
894729,37
894730,0
894731,0
894732,0
894733,18
894734,0
894735,0
894736,0
894737,0
894738,0
894739,0
894740,45
894741,0
894742,0
894743,41
894744,30
894745,0
894746,32
894747,0
894748,30
894749,0
894750,0
894751,0
894752,0
894753,0
894754,0
894755,35
894756,0
894757,0
894758,0
894759,0
894760,0
894761,0
894762,33
894763,0
894764,0
894765,0
894766,0
894767,0
894768,0
894769,0
894770,0
894771,33
894772,36
894773,0
894774,0
894775,0
894776,0
894777,0
894778,0
894779,0
894780,0
894781,0
894782,0
894783,0
894784,0
894785,36
894786,0
894787,37
894788,0
894789,0
894790,31
894791,0
894792,0
894793,0
894794,0
894795,0
894796,0
894797,0
894798,0
894799,0
894800,0
894801,0
894802,0
894803,0
894804,0
894805,0
894806,0
894807,0
894808,0
894809,0
894810,0
894811,0
894812,0
894813,0
894814,0
894815,0
894816,0
894817,0
894818,0
894819,0
894820,0
894821,0
894822,0
894823,0
894824,0
894825,0
894826,0
894827,0
894828,0
894829,0
894830,0
894831,60
894832,0
894833,0
894834,0
894835,0
894836,0
894837,0
894838,0
894839,0
894840,0
894841,42
894842,0
894843,0
894844,39
894845,0
894846,0
894847,0
894848,0
894849,0
894850,0
894851,0
894852,0
894853,0
894854,0
894855,0
894856,0
894857,0
894858,0
894859,0
894860,0
894861,0
894862,0
894863,0
894864,0
894865,0
894866,0
894867,0
894868,0
894869,0
894870,0
894871,0
894872,0
894873,0
894874,0
894875,29
894876,0
894877,38
894878,0
894879,0
894880,0
894881,0
894882,0
894883,0
894884,0
894885,0
894886,0
894887,0
894888,0
894889,0
894890,32
894891,0
894892,0
894893,0
894894,0
894895,0
894896,0
894897,0
894898,0
894899,0
894900,0
894901,0
894902,0
894903,0
894904,0
894905,0
894906,0
894907,0
894908,0
894909,0
894910,0
894911,0
894912,0
894913,0
894914,0
894915,0
894916,29
894917,0
894918,61
894919,0
894920,0
894921,0
894922,0
894923,0
894924,0
894925,0
894926,0
894927,0
894928,0
894929,0
894930,0
894931,0
894932,0
894933,0
894934,0
894935,0
894936,0
894937,0
894938,0
894939,0
894940,0
894941,0
894942,35
894943,0
894944,0
894945,0
894946,0
894947,0
894948,0
894949,0
894950,0
894951,0
894952,0
894953,28
894954,31
894955,15
894956,0
894957,0
894958,0
894959,0
894960,25
894961,0
894962,17
894963,0
894964,0
894965,0
894966,0
894967,0
894968,0
894969,0
894970,0
894971,0
894972,0
894973,0
894974,0
894975,0
894976,0
894977,0
894978,0
894979,0
894980,0
894981,0
894982,0
894983,0
894984,0
894985,0
894986,0
894987,17
894988,0
894989,19
894990,0
894991,0
894992,0
894993,23
894994,0
894995,27
894996,0
894997,0
894998,0
894999,0
895000,0
895001,0
895002,0
895003,18
895004,22
895005,0
895006,0
895007,0
895008,0
895009,0
895010,0
895011,0
895012,0
895013,0
895014,0
895015,19
895016,0
895017,0
895018,0
895019,0
895020,18
895021,0
895022,19
895023,0
895024,0
895025,0
895026,0
895027,0
895028,0
895029,0
895030,0
895031,0
895032,0
895033,0
895034,0
895035,0
895036,0
895037,0
895038,11
895039,0
895040,0
895041,0
895042,0
895043,0
895044,0
895045,0
895046,0
895047,0
895048,28
895049,0
895050,0
895051,0
895052,0
895053,0
895054,0
895055,0
895056,0
895057,0
895058,0
895059,0
895060,0
895061,0
895062,0
895063,0
895064,0
895065,0
895066,15
895067,0
895068,0
895069,0
895070,0
895071,20
895072,0
895073,0
895074,0
895075,0
895076,0
895077,0
895078,19
895079,0
895080,0
895081,0
895082,0
895083,0
895084,22
895085,23
895086,0
895087,0
895088,0
895089,0
895090,0
895091,0
895092,0
895093,0
895094,0
895095,0
895096,0
895097,0
895098,0
895099,0
895100,0
895101,0
895102,0
895103,11
895104,0
895105,0
895106,17
895107,0
895108,0
895109,0
895110,0
895111,0
895112,0
895113,0
895114,25
895115,0
895116,30
895117,0
895118,0
895119,0
895120,0
895121,37
895122,0
895123,28
895124,22
895125,0
895126,0
895127,0
895128,0
895129,0
895130,29
895131,22
895132,0
895133,0
895134,0
895135,0
895136,0
895137,0
895138,23
895139,0
895140,25
895141,0
895142,37
895143,0
895144,0
895145,0
895146,0
895147,0
895148,0
895149,0
895150,0
895151,0
895152,0
895153,25
895154,34
895155,0
895156,27
895157,0
895158,0
895159,0
895160,0
895161,0
895162,0
895163,0
895164,0
895165,0
895166,0
895167,0
895168,0
895169,0
895170,0
895171,0
895172,0
895173,0
895174,0
895175,0
895176,0
895177,0
895178,0
895179,0
895180,0
895181,0
895182,0
895183,0
895184,0
895185,0
895186,21
895187,0
895188,19
895189,0
895190,0
895191,0
895192,0
895193,0
895194,18
895195,0
895196,24
895197,0
895198,0
895199,0
895200,34
895201,0
895202,0
895203,0
895204,0
895205,0
895206,0
895207,0
895208,13
895209,0
895210,0
895211,0
895212,0
895213,0
895214,0
895215,0
895216,0
895217,0
895218,0
895219,0
895220,17
895221,0
895222,26
895223,0
895224,0
895225,0
895226,27
895227,0
895228,0
895229,0
895230,0
895231,18
895232,20
895233,0
895234,0
895235,0
895236,18
895237,0
895238,0
895239,0
895240,0
895241,0
895242,0
895243,0
895244,0
895245,27
895246,0
895247,0
895248,0
895249,0
895250,0
895251,0
895252,0
895253,0
895254,0
895255,0
895256,0
895257,0
895258,0
895259,24
895260,14
895261,19
895262,0
895263,0
895264,0
895265,0
895266,0
895267,0
895268,16
895269,0
895270,0
895271,29
895272,0
895273,0
895274,0
895275,0
895276,0
895277,0
895278,0
895279,32
895280,0
895281,0
895282,0
895283,0
895284,0
895285,0
895286,0
895287,0
895288,0
895289,27
895290,0
895291,0
895292,0
895293,0
895294,0
895295,0
895296,0
895297,8
895298,0
895299,0
895300,0
895301,0
895302,0
895303,0
895304,11
895305,0
895306,0
895307,10
895308,0
895309,0
895310,0
895311,0
895312,0
895313,0
895314,16
895315,0
895316,28
895317,0
895318,0
895319,0
895320,31
895321,0
895322,0
895323,31
895324,0
895325,0
895326,0
895327,0
895328,0
895329,0
895330,0
895331,0
895332,0
895333,0
895334,0
895335,0
895336,0
895337,0
895338,0
895339,13
895340,0
895341,0
895342,0
895343,23
895344,0
895345,0
895346,0
895347,0
895348,27
895349,0
895350,0
895351,0
895352,0
895353,20
895354,0
895355,0
895356,0
895357,0
895358,0
895359,0
895360,0
895361,23
895362,19
895363,0
895364,0
895365,0
895366,0
895367,0
895368,0
895369,0
895370,0
895371,0
895372,0
895373,0
895374,0
895375,0
895376,0
895377,0
895378,0
895379,0
895380,36
895381,0
895382,0
895383,0
895384,0
895385,0
895386,17
895387,0
895388,0
895389,0
895390,0
895391,0
895392,0
895393,0
895394,0
895395,0
895396,18
895397,0
895398,19
895399,7
895400,20
895401,21
895402,0
895403,0
895404,0
895405,0
895406,0
895407,0
895408,0
895409,0
895410,17
895411,0
895412,0
895413,0
895414,0
895415,0
895416,0
895417,15
895418,0
895419,0
895420,14
895421,0
895422,0
895423,0
895424,11
895425,0
895426,0
895427,0
895428,0
895429,14
895430,0
895431,0
895432,0
895433,21
895434,0
895435,0
895436,0
895437,0
895438,0
895439,0
895440,29
895441,0
895442,0
895443,0
895444,0
895445,0
895446,21
895447,0
895448,26
895449,0
895450,0
895451,0
895452,0
895453,0
895454,0
895455,0
895456,26
895457,24
895458,0
895459,0
895460,0
895461,29
895462,0
895463,0
895464,0
895465,0
895466,0
895467,20
895468,36
895469,24
895470,0
895471,0
895472,0
895473,0
895474,0
895475,0
895476,21
895477,0
895478,0
895479,0
895480,0
895481,0
895482,0
895483,15
895484,0
895485,0
895486,0
895487,0
895488,0
895489,0
895490,0
895491,0
895492,0
895493,0
895494,20
895495,0
895496,0
895497,0
895498,0
895499,25
895500,0
895501,16
895502,18
895503,0
895504,24
895505,0
895506,24
895507,0
895508,0
895509,0
895510,0
895511,0
895512,19
895513,0
895514,0
895515,0
895516,0
895517,0
895518,0
895519,18
895520,0
895521,0
895522,0
895523,0
895524,0
895525,0
895526,0
895527,0
895528,0
895529,0
895530,0
895531,0
895532,0
895533,0
895534,0
895535,0
895536,0
895537,0
895538,0
895539,0
895540,25
895541,0
895542,0
895543,19
895544,21
895545,0
895546,0
895547,0
895548,0
895549,0
895550,0
895551,0
895552,0
895553,19
895554,0
895555,0
895556,0
895557,0
895558,0
895559,13
895560,0
895561,0
895562,0
895563,0
895564,0
895565,0
895566,0
895567,0
895568,0
895569,0
895570,0
895571,0
895572,25
895573,0
895574,30
895575,15
895576,33
895577,24
895578,0
895579,0
895580,15
895581,0
895582,0
895583,0
895584,0
895585,0
895586,0
895587,24
895588,0
895589,0
895590,0
895591,0
895592,0
895593,0
895594,0
895595,0
895596,0
895597,0
895598,0
895599,0
895600,0
895601,0
895602,0
895603,0
895604,0
895605,0
895606,0
895607,0
895608,0
895609,0
895610,0
895611,0
895612,0
895613,0
895614,0
895615,8
895616,0
895617,0
895618,0
895619,0
895620,0
895621,18
895622,11
895623,0
895624,0
895625,0
895626,15
895627,0
895628,0
895629,0
895630,0
895631,0
895632,0
895633,0
895634,0
895635,21
895636,0
895637,0
895638,0
895639,0
895640,0
895641,0
895642,0
895643,0
895644,0
895645,0
895646,0
895647,0
895648,17
895649,0
895650,0
895651,0
895652,0
895653,0
895654,0
895655,0
895656,0
895657,0
895658,0
895659,0
895660,0
895661,0
895662,18
895663,0
895664,0
895665,13
895666,0
895667,0
895668,0
895669,0
895670,0
895671,0
895672,0
895673,0
895674,30
895675,0
895676,0
895677,0
895678,0
895679,0
895680,0
895681,0
895682,0
895683,0
895684,0
895685,0
895686,0
895687,8
895688,0
895689,0
895690,0
895691,0
895692,0
895693,0
895694,14
895695,0
895696,0
895697,0
895698,0
895699,0
895700,0
895701,0
895702,0
895703,0
895704,0
895705,0
895706,0
895707,0
895708,0
895709,0
895710,0
895711,20
895712,0
895713,0
895714,0
895715,0
895716,10
895717,0
895718,0
895719,23
895720,0
895721,0
895722,0
895723,14
895724,0
895725,0
895726,0
895727,0
895728,14
895729,0
895730,9
895731,0
895732,0
895733,0
895734,0
895735,0
895736,0
895737,0
895738,0
895739,0
895740,20
895741,0
895742,0
895743,0
895744,0
895745,0
895746,0
895747,0
895748,0
895749,0
895750,0
895751,0
895752,29
895753,0
895754,0
895755,0
895756,12
895757,0
895758,0
895759,0
895760,0
895761,0
895762,0
895763,0
895764,0
895765,9
895766,0
895767,0
895768,0
895769,0
895770,0
895771,0
895772,0
895773,30
895774,0
895775,0
895776,0
895777,0
895778,0
895779,0
895780,0
895781,0
895782,10
895783,0
895784,0
895785,0
895786,0
895787,9
895788,0
895789,0
895790,0
895791,0
895792,7
895793,0
895794,0
895795,0
895796,0
895797,0
895798,0
895799,0
895800,0
895801,0
895802,0
895803,0
895804,0
895805,0
895806,0
895807,0
895808,0
895809,25
895810,0
895811,0
895812,0
895813,0
895814,0
895815,0
895816,15
895817,0
895818,0
895819,0
895820,18
895821,0
895822,0
895823,0
895824,0
895825,0
895826,20
895827,9
895828,10
895829,0
895830,22
895831,0
895832,0
895833,0
895834,0
895835,17
895836,0
895837,0
895838,0
895839,0
895840,0
895841,0
895842,0
895843,0
895844,0
895845,0
895846,0
895847,0
895848,0
895849,0
895850,0
895851,0
895852,30
895853,0
895854,19
895855,0
895856,0
895857,0
895858,0
895859,0
895860,0
895861,0
895862,0
895863,0
895864,0
895865,0
895866,0
895867,17
895868,0
895869,0
895870,0
895871,0
895872,0
895873,0
895874,0
895875,0
895876,0
895877,0
895878,0
895879,0
895880,0
895881,0
895882,0
895883,0
895884,0
895885,0
895886,0
895887,0
895888,0
895889,0
895890,0
895891,0
895892,0
895893,0
895894,0
895895,0
895896,14
895897,0
895898,0
895899,0
895900,0
895901,0
895902,0
895903,0
895904,14
895905,0
895906,0
895907,0
895908,0
895909,0
895910,0
895911,0
895912,0
895913,0
895914,0
895915,0
895916,0
895917,0
895918,0
895919,0
895920,0
895921,0
895922,0
895923,0
895924,0
895925,0
895926,0
895927,0
895928,0
895929,0
895930,0
895931,0
895932,0
895933,22
895934,0
895935,0
895936,0
895937,0
895938,0
895939,0
895940,0
895941,0
895942,0
895943,0
895944,0
895945,0
895946,0
895947,0
895948,0
895949,0
895950,0
895951,0
895952,0
895953,0
895954,0
895955,0
895956,0
895957,0
895958,0
895959,0
895960,0
895961,0
895962,0
895963,0
895964,0
895965,0
895966,0
895967,0
895968,0
895969,0
895970,0
895971,0
895972,0
895973,0
895974,16
895975,0
895976,0
895977,0
895978,0
895979,0
895980,0
895981,14
895982,0
895983,0
895984,0
895985,0
895986,0
895987,0
895988,0
895989,0
895990,0
895991,0
895992,0
895993,0
895994,0
895995,0
895996,0
895997,12
895998,0
895999,0
896000,0
896001,0
896002,0
896003,0
896004,0
896005,6
896006,0
896007,0
896008,16
896009,0
896010,0
896011,0
896012,0
896013,0
896014,0
896015,0
896016,0
896017,0
896018,0
896019,0
896020,0
896021,0
896022,0
896023,0
896024,0
896025,0
896026,11
896027,0
896028,0
896029,0
896030,0
896031,0
896032,0
896033,0
896034,0
896035,0
896036,0
896037,0
896038,0
896039,0
896040,0
896041,0
896042,14
896043,0
896044,0
896045,0
896046,0
896047,0
896048,0
896049,0
896050,0
896051,0
896052,0
896053,0
896054,0
896055,0
896056,0
896057,0
896058,0
896059,0
896060,0
896061,0
896062,15
896063,0
896064,0
896065,0
896066,0
896067,20
896068,18
896069,0
896070,0
896071,0
896072,15
896073,0
896074,0
896075,26
896076,0
896077,0
896078,5
896079,0
896080,0
896081,9
896082,0
896083,0
896084,0
896085,0
896086,0
896087,0
896088,0
896089,0
896090,0
896091,0
896092,0
896093,0
896094,0
896095,0
896096,0
896097,0
896098,0
896099,0
896100,23
896101,0
896102,0
896103,0
896104,0
896105,0
896106,0
896107,0
896108,0
896109,0
896110,0
896111,0
896112,0
896113,15
896114,0
896115,0
896116,0
896117,10
896118,0
896119,0
896120,9
896121,0
896122,0
896123,0
896124,0
896125,0
896126,14
896127,0
896128,0
896129,0
896130,0
896131,0
896132,0
896133,0
896134,0
896135,0
896136,0
896137,0
896138,0
896139,26
896140,0
896141,0
896142,17
896143,0
896144,23
896145,20
896146,0
896147,0
896148,0
896149,0
896150,0
896151,0
896152,0
896153,0
896154,0
896155,0
896156,0
896157,0
896158,25
896159,0
896160,0
896161,0
896162,0
896163,0
896164,0
896165,0
896166,0
896167,0
896168,0
896169,0
896170,0
896171,12
896172,0
896173,0
896174,0
896175,0
896176,0
896177,0
896178,0
896179,0
896180,0
896181,0
896182,0
896183,0
896184,0
896185,11
896186,15
896187,0
896188,0
896189,0
896190,17
896191,0
896192,19
896193,0
896194,0
896195,0
896196,0
896197,0
896198,0
896199,0
896200,0
896201,0
896202,0
896203,0
896204,0
896205,13
896206,0
896207,0
896208,0
896209,0
896210,19
896211,0
896212,0
896213,0
896214,0
896215,0
896216,26
896217,0
896218,0
896219,0
896220,0
896221,0
896222,0
896223,0
896224,13
896225,0
896226,29
896227,25
896228,0
896229,0
896230,0
896231,0
896232,0
896233,20
896234,0
896235,0
896236,0
896237,0
896238,18
896239,0
896240,0
896241,0
896242,0
896243,0
896244,0
896245,0
896246,0
896247,0
896248,0
896249,0
896250,19
896251,0
896252,0
896253,0
896254,0
896255,0
896256,0
896257,0
896258,0
896259,15
896260,0
896261,0
896262,0
896263,0
896264,0
896265,0
896266,0
896267,0
896268,0
896269,0
896270,15
896271,20
896272,0
896273,0
896274,0
896275,0
896276,0
896277,0
896278,0
896279,0
896280,0
896281,0
896282,0
896283,0
896284,0
896285,0
896286,0
896287,0
896288,0
896289,0
896290,17
896291,0
896292,0
896293,0
896294,0
896295,0
896296,0
896297,0
896298,0
896299,13
896300,15
896301,0
896302,24
896303,24
896304,0
896305,19
896306,0
896307,0
896308,0
896309,0
896310,0
896311,0
896312,12
896313,0
896314,0
896315,0
896316,0
896317,0
896318,0
896319,0
896320,0
896321,0
896322,0
896323,0
896324,0
896325,0
896326,0
896327,0
896328,0
896329,0
896330,0
896331,0
896332,0
896333,0
896334,0
896335,0
896336,0
896337,0
896338,0
896339,0
896340,0
896341,0
896342,0
896343,0
896344,0
896345,0
896346,0
896347,0
896348,0
896349,0
896350,0
896351,0
896352,0
896353,0
896354,0
896355,9
896356,0
896357,0
896358,0
896359,0
896360,0
896361,0
896362,0
896363,0
896364,0
896365,0
896366,37
896367,0
896368,22
896369,0
896370,12
896371,0
896372,0
896373,0
896374,0
896375,0
896376,0
896377,0
896378,11
896379,7
896380,0
896381,0
896382,0
896383,0
896384,0
896385,0
896386,0
896387,0
896388,0
896389,0
896390,0
896391,0
896392,0
896393,0
896394,0
896395,0
896396,0
896397,0
896398,0
896399,11
896400,0
896401,0
896402,0
896403,0
896404,0
896405,0
896406,0
896407,0
896408,0
896409,0
896410,0
896411,0
896412,0
896413,0
896414,0
896415,0
896416,0
896417,0
896418,0
896419,0
896420,0
896421,0
896422,0
896423,0
896424,0
896425,0
896426,0
896427,0
896428,0
896429,0
896430,0
896431,0
896432,0
896433,0
896434,0
896435,0
896436,0
896437,0
896438,0
896439,0
896440,18
896441,0
896442,0
896443,0
896444,0
896445,0
896446,0
896447,0
896448,0
896449,0
896450,0
896451,0
896452,0
896453,0
896454,0
896455,0
896456,0
896457,12
896458,0
896459,0
896460,0
896461,0
896462,0
896463,0
896464,0
896465,0
896466,0
896467,0
896468,0
896469,0
896470,0
896471,0
896472,19
896473,0
896474,0
896475,0
896476,0
896477,8
896478,0
896479,0
896480,0
896481,0
896482,0
896483,0
896484,0
896485,0
896486,0
896487,0
896488,0
896489,0
896490,0
896491,0
896492,0
896493,0
896494,0
896495,0
896496,0
896497,0
896498,0
896499,0
896500,0
896501,0
896502,17
896503,0
896504,0
896505,0
896506,0
896507,0
896508,27
896509,0
896510,0
896511,0
896512,0
896513,0
896514,0
896515,0
896516,7
896517,0
896518,0
896519,0
896520,0
896521,0
896522,0
896523,0
896524,0
896525,0
896526,0
896527,0
896528,0
896529,0
896530,0
896531,0
896532,0
896533,0
896534,0
896535,0
896536,0
896537,0
896538,0
896539,0
896540,0
896541,0
896542,0
896543,0
896544,0
896545,0
896546,0
896547,20
896548,0
896549,14
896550,0
896551,0
896552,0
896553,0
896554,0
896555,0
896556,0
896557,1
896558,0
896559,0
896560,0
896561,0
896562,0
896563,0
896564,0
896565,0
896566,0
896567,0
896568,0
896569,0
896570,0
896571,0
896572,0
896573,0
896574,0
896575,0
896576,0
896577,0
896578,0
896579,0
896580,0
896581,0
896582,0
896583,0
896584,0
896585,0
896586,0
896587,0
896588,0
896589,0
896590,0
896591,0
896592,0
896593,0
896594,0
896595,0
896596,0
896597,0
896598,0
896599,0
896600,0
896601,0
896602,0
896603,0
896604,0
896605,0
896606,0
896607,0
896608,0
896609,0
896610,0
896611,0
896612,0
896613,0
896614,0
896615,0
896616,0
896617,0
896618,0
896619,0
896620,0
896621,0
896622,0
896623,0
896624,0
896625,0
896626,0
896627,0
896628,0
896629,0
896630,2
896631,0
896632,0
896633,0
896634,0
896635,0
896636,0
896637,0
896638,0
896639,0
896640,0
896641,0
896642,0
896643,0
896644,0
896645,1
896646,0
896647,0
896648,0
896649,0
896650,0
896651,0
896652,0
896653,0
896654,0
896655,0
896656,0
896657,0
896658,0
896659,0
896660,0
896661,0
896662,0
896663,0
896664,0
896665,0
896666,0
896667,0
896668,0
896669,0
896670,0
896671,0
896672,0
896673,0
896674,0
896675,0
896676,0
896677,0
896678,0
896679,0
896680,0
896681,1
896682,0
896683,0
896684,0
896685,0
896686,0
896687,0
896688,0
896689,0
896690,0
896691,0
896692,0
896693,0
896694,0
896695,0
896696,0
896697,0
896698,0
896699,0
896700,0
896701,0
896702,0
896703,0
896704,0
896705,0
896706,0
896707,1
896708,0
896709,0
896710,0
896711,0
896712,0
896713,0
896714,0
896715,0
896716,0
896717,0
896718,0
896719,0
896720,0
896721,0
896722,0
896723,0
896724,0
896725,0
896726,0
896727,0
896728,0
896729,0
896730,0
896731,0
896732,0
896733,0
896734,0
896735,0
896736,0
896737,0
896738,0
896739,0
896740,0
896741,0
896742,0
896743,0
896744,0
896745,0
896746,0
896747,0
896748,0
896749,0
896750,0
896751,0
896752,0
896753,0
896754,0
896755,0
896756,0
896757,0
896758,0
896759,0
896760,0
896761,0
896762,0
896763,0
896764,0
896765,0
896766,0
896767,0
896768,0
896769,0
896770,0
896771,0
896772,0
896773,0
896774,0
896775,0
896776,0
896777,0
896778,0
896779,0
896780,0
896781,0
896782,0
896783,0
896784,0
896785,0
896786,0
896787,0
896788,0
896789,0
896790,0
896791,0
896792,0
896793,0
896794,0
896795,0
896796,0
896797,0
896798,0
896799,0
896800,0
896801,0
896802,0
896803,0
896804,0
896805,0
896806,0
896807,0
896808,0
896809,0
896810,0
896811,0
896812,0
896813,0
896814,0
896815,0
896816,0
896817,0
896818,0
896819,0
896820,0
896821,0
896822,0
896823,0
896824,0
896825,0
896826,0
896827,0
896828,0
896829,0
896830,0
896831,0
896832,0
896833,0
896834,0
896835,0
896836,0
896837,0
896838,0
896839,0
896840,0
896841,0
896842,0
896843,0
896844,0
896845,0
896846,0
896847,0
896848,0
896849,0
896850,0
896851,0
896852,0
896853,0
896854,0
896855,0
896856,0
896857,0
896858,0
896859,0
896860,0
896861,0
896862,0
896863,0
896864,0
896865,0
896866,1
896867,0
896868,0
896869,0
896870,0
896871,0
896872,0
896873,0
896874,0
896875,0
896876,0
896877,0
896878,0
896879,0
896880,0
896881,0
896882,0
896883,0
896884,0
896885,0
896886,0
896887,0
896888,0
896889,0
896890,0
896891,0
896892,0
896893,0
896894,0
896895,0
896896,0
896897,0
896898,0
896899,0
896900,0
896901,0
896902,0
896903,0
896904,0
896905,0
896906,0
896907,0
896908,0
896909,0
896910,0
896911,0
896912,0
896913,0
896914,0
896915,0
896916,0
896917,0
896918,0
896919,0
896920,0
896921,0
896922,0
896923,0
896924,0
896925,0
896926,0
896927,0
896928,0
896929,0
896930,0
896931,0
896932,0
896933,0
896934,0
896935,0
896936,0
896937,0
896938,0
896939,0
896940,0
896941,0
896942,0
896943,0
896944,0
896945,1
896946,0
896947,0
896948,0
896949,0
896950,0
896951,0
896952,0
896953,0
896954,0
896955,0
896956,0
896957,0
896958,0
896959,0
896960,0
896961,0
896962,0
896963,0
896964,0
896965,0
896966,0
896967,0
896968,0
896969,0
896970,0
896971,0
896972,0
896973,0
896974,0
896975,0
896976,0
896977,0
896978,0
896979,0
896980,0
896981,0
896982,0
896983,0
896984,0
896985,0
896986,0
896987,0
896988,0
896989,0
896990,0
896991,0
896992,0
896993,0
896994,0
896995,0
896996,0
896997,0
896998,0
896999,0
897000,0
897001,0
897002,0
897003,0
897004,0
897005,0
897006,0
897007,0
897008,0
897009,0
897010,0
897011,0
897012,0
897013,0
897014,0
897015,0
897016,0
897017,0
897018,0
897019,0
897020,0
897021,0
897022,0
897023,0
897024,0
897025,0
897026,0
897027,0
897028,0
897029,0
897030,0
897031,0
897032,0
897033,0
897034,0
897035,0
897036,0
897037,0
897038,0
897039,0
897040,1
897041,0
897042,0
897043,0
897044,0
897045,0
897046,0
897047,0
897048,0
897049,0
897050,0
897051,0
897052,0
897053,0
897054,0
897055,0
897056,0
897057,0
897058,0
897059,0
897060,0
897061,0
897062,0
897063,0
897064,0
897065,0
897066,0
897067,0
897068,0
897069,0
897070,0
897071,0
897072,0
897073,0
897074,0
897075,0
897076,0
897077,0
897078,0
897079,0
897080,0
897081,0
897082,0
897083,0
897084,0
897085,0
897086,0
897087,0
897088,0
897089,0
897090,0
897091,0
897092,0
897093,0
897094,0
897095,0
897096,0
897097,0
897098,0
897099,0
897100,0
897101,0
897102,0
897103,0
897104,0
897105,0
897106,0
897107,0
897108,0
897109,0
897110,0
897111,0
897112,0
897113,0
897114,0
897115,0
897116,0
897117,0
897118,0
897119,0
897120,0
897121,0
897122,1
897123,0
897124,0
897125,0
897126,0
897127,0
897128,0
897129,0
897130,1
897131,0
897132,0
897133,0
897134,0
897135,0
897136,0
897137,0
897138,0
897139,0
897140,0
897141,0
897142,0
897143,0
897144,0
897145,0
897146,0
897147,0
897148,0
897149,0
897150,0
897151,0
897152,0
897153,0
897154,0
897155,0
897156,0
897157,0
897158,0
897159,0
897160,0
897161,0
897162,0
897163,0
897164,0
897165,0
897166,0
897167,0
897168,0
897169,0
897170,0
897171,0
897172,0
897173,0
897174,0
897175,0
897176,0
897177,0
897178,0
897179,0
897180,0
897181,0
897182,0
897183,0
897184,0
897185,0
897186,0
897187,0
897188,0
897189,0
897190,0
897191,1
897192,0
897193,0
897194,0
897195,0
897196,0
897197,0
897198,0
897199,0
897200,0
897201,0
897202,0
897203,0
897204,0
897205,0
897206,0
897207,0
897208,0
897209,0
897210,0
897211,0
897212,0
897213,0
897214,0
897215,0
897216,0
897217,0
897218,0
897219,0
897220,0
897221,0
897222,0
897223,0
897224,0
897225,0
897226,0
897227,0
897228,0
897229,0
897230,0
897231,0
897232,0
897233,0
897234,0
897235,0
897236,0
897237,0
897238,0
897239,0
897240,0
897241,0
897242,0
897243,0
897244,0
897245,0
897246,0
897247,0
897248,0
897249,0
897250,0
897251,0
897252,0
897253,0
897254,0
897255,0
897256,0
897257,0
897258,0
897259,0
897260,0
897261,0
897262,0
897263,0
897264,0
897265,0
897266,0
897267,0
897268,0
897269,0
897270,0
897271,0
897272,0
897273,0
897274,0
897275,0
897276,0
897277,0
897278,0
897279,0
897280,0
897281,0
897282,0
897283,0
897284,0
897285,0
897286,0
897287,0
897288,0
897289,0
897290,0
897291,0
897292,0
897293,0
897294,0
897295,0
897296,0
897297,0
897298,0
897299,0
897300,0
897301,0
897302,0
897303,0
897304,0
897305,0
897306,0
897307,0
897308,0
897309,0
897310,0
897311,0
897312,0
897313,0
897314,0
897315,0
897316,0
897317,0
897318,0
897319,0
897320,0
897321,0
897322,0
897323,0
897324,0
897325,0
897326,0
897327,0
897328,0
897329,0
897330,0
897331,0
897332,0
897333,0
897334,0
897335,0
897336,0
897337,0
897338,0
897339,0
897340,0
897341,0
897342,0
897343,0
897344,0
897345,1
897346,0
897347,0
897348,0
897349,0
897350,0
897351,0
897352,0
897353,0
897354,0
897355,0
897356,0
897357,0
897358,0
897359,0
897360,0
897361,0
897362,0
897363,0
897364,0
897365,0
897366,0
897367,0
897368,0
897369,0
897370,0
897371,0
897372,0
897373,0
897374,0
897375,0
897376,0
897377,13
897378,0
897379,0
897380,0
897381,0
897382,18
897383,14
897384,0
897385,16
897386,0
897387,9
897388,0
897389,0
897390,16
897391,0
897392,0
897393,0
897394,19
897395,0
897396,0
897397,0
897398,13
897399,0
897400,0
897401,0
897402,0
897403,0
897404,0
897405,0
897406,0
897407,0
897408,0
897409,0
897410,0
897411,16
897412,7
897413,0
897414,0
897415,0
897416,0
897417,0
897418,13
897419,19
897420,0
897421,0
897422,0
897423,0
897424,0
897425,0
897426,25
897427,0
897428,20
897429,18
897430,0
897431,0
897432,0
897433,0
897434,0
897435,0
897436,0
897437,0
897438,0
897439,0
897440,0
897441,13
897442,0
897443,0
897444,0
897445,0
897446,0
897447,0
897448,19
897449,0
897450,0
897451,0
897452,0
897453,0
897454,13
897455,15
897456,0
897457,0
897458,0
897459,0
897460,0
897461,0
897462,12
897463,0
897464,0
897465,0
897466,0
897467,0
897468,0
897469,0
897470,0
897471,0
897472,0
897473,0
897474,0
897475,0
897476,0
897477,0
897478,0
897479,0
897480,0
897481,20
897482,0
897483,0
897484,0
897485,0
897486,0
897487,0
897488,0
897489,0
897490,0
897491,23
897492,0
897493,0
897494,0
897495,0
897496,0
897497,0
897498,0
897499,0
897500,0
897501,0
897502,0
897503,0
897504,0
897505,0
897506,0
897507,0
897508,10
897509,0
897510,0
897511,0
897512,0
897513,0
897514,0
897515,0
897516,0
897517,0
897518,0
897519,0
897520,12
897521,0
897522,0
897523,0
897524,0
897525,0
897526,0
897527,17
897528,0
897529,0
897530,0
897531,0
897532,0
897533,0
897534,0
897535,17
897536,0
897537,11
897538,0
897539,0
897540,0
897541,0
897542,0
897543,0
897544,0
897545,0
897546,0
897547,0
897548,0
897549,21
897550,0
897551,0
897552,0
897553,0
897554,0
897555,21
897556,0
897557,0
897558,0
897559,0
897560,0
897561,0
897562,0
897563,15
897564,0
897565,0
897566,0
897567,0
897568,0
897569,0
897570,6
897571,0
897572,0
897573,0
897574,0
897575,0
897576,0
897577,0
897578,0
897579,0
897580,0
897581,0
897582,14
897583,0
897584,0
897585,0
897586,0
897587,19
897588,0
897589,0
897590,11
897591,0
897592,0
897593,0
897594,0
897595,0
897596,0
897597,0
897598,0
897599,16
897600,0
897601,19
897602,0
897603,0
897604,0
897605,20
897606,0
897607,0
897608,0
897609,16
897610,0
897611,0
897612,0
897613,0
897614,25
897615,0
897616,0
897617,0
897618,0
897619,20
897620,0
897621,0
897622,0
897623,0
897624,0
897625,0
897626,0
897627,0
897628,0
897629,21
897630,0
897631,0
897632,0
897633,0
897634,0
897635,0
897636,0
897637,11
897638,0
897639,0
897640,0
897641,0
897642,0
897643,0
897644,0
897645,0
897646,0
897647,0
897648,0
897649,0
897650,0
897651,25
897652,0
897653,0
897654,0
897655,0
897656,0
897657,0
897658,0
897659,0
897660,0
897661,0
897662,0
897663,17
897664,0
897665,0
897666,18
897667,0
897668,0
897669,0
897670,0
897671,0
897672,0
897673,0
897674,0
897675,0
897676,17
897677,0
897678,0
897679,0
897680,12
897681,0
897682,0
897683,0
897684,0
897685,13
897686,0
897687,0
897688,0
897689,13
897690,0
897691,0
897692,0
897693,0
897694,9
897695,0
897696,0
897697,0
897698,16
897699,0
897700,0
897701,0
897702,0
897703,0
897704,0
897705,0
897706,0
897707,0
897708,0
897709,0
897710,0
897711,0
897712,17
897713,19
897714,0
897715,0
897716,8
897717,0
897718,0
897719,0
897720,0
897721,17
897722,0
897723,0
897724,0
897725,0
897726,0
897727,0
897728,17
897729,0
897730,0
897731,0
897732,0
897733,0
897734,0
897735,0
897736,0
897737,0
897738,0
897739,0
897740,0
897741,0
897742,0
897743,0
897744,0
897745,0
897746,0
897747,0
897748,0
897749,14
897750,0
897751,0
897752,0
897753,0
897754,0
897755,0
897756,0
897757,0
897758,0
897759,0
897760,14
897761,0
897762,17
897763,0
897764,0
897765,0
897766,0
897767,0
897768,0
897769,0
897770,10
897771,13
897772,0
897773,0
897774,15
897775,16
897776,0
897777,0
897778,0
897779,0
897780,0
897781,0
897782,0
897783,17
897784,0
897785,0
897786,16
897787,0
897788,0
897789,0
897790,0
897791,0
897792,0
897793,17
897794,15
897795,0
897796,0
897797,0
897798,0
897799,18
897800,0
897801,9
897802,0
897803,0
897804,8
897805,0
897806,0
897807,0
897808,0
897809,0
897810,0
897811,15
897812,0
897813,0
897814,0
897815,0
897816,0
897817,0
897818,13
897819,0
897820,0
897821,14
897822,0
897823,19
897824,0
897825,0
897826,0
897827,0
897828,0
897829,0
897830,0
897831,0
897832,0
897833,0
897834,0
897835,0
897836,0
897837,0
897838,19
897839,0
897840,8
897841,0
897842,13
897843,13
897844,0
897845,0
897846,0
897847,0
897848,18
897849,0
897850,0
897851,18
897852,0
897853,0
897854,13
897855,0
897856,0
897857,0
897858,0
897859,17
897860,16
897861,0
897862,0
897863,0
897864,0
897865,0
897866,0
897867,0
897868,0
897869,0
897870,0
897871,20
897872,0
897873,0
897874,0
897875,0
897876,0
897877,14
897878,0
897879,20
897880,0
897881,14
897882,16
897883,0
897884,0
897885,0
897886,0
897887,17
897888,25
897889,0
897890,21
897891,19
897892,0
897893,14
897894,0
897895,0
897896,0
897897,0
897898,0
897899,13
897900,0
897901,0
897902,0
897903,0
897904,18
897905,18
897906,0
897907,11
897908,0
897909,0
897910,0
897911,0
897912,0
897913,0
897914,7
897915,17
897916,0
897917,0
897918,15
897919,9
897920,0
897921,0
897922,0
897923,0
897924,0
897925,0
897926,0
897927,0
897928,0
897929,0
897930,0
897931,11
897932,0
897933,0
897934,0
897935,0
897936,0
897937,18
897938,0
897939,0
897940,0
897941,0
897942,0
897943,0
897944,0
897945,0
897946,0
897947,0
897948,0
897949,0
897950,0
897951,10
897952,0
897953,0
897954,0
897955,0
897956,0
897957,0
897958,0
897959,0
897960,0
897961,0
897962,0
897963,0
897964,0
897965,0
897966,15
897967,0
897968,0
897969,0
897970,0
897971,0
897972,0
897973,0
897974,13
897975,18
897976,8
897977,0
897978,0
897979,0
897980,0
897981,0
897982,18
897983,0
897984,9
897985,0
897986,0
897987,0
897988,13
897989,0
897990,0
897991,0
897992,0
897993,0
897994,0
897995,11
897996,6
897997,0
897998,0
897999,0
898000,0
898001,0
898002,0
898003,0
898004,13
898005,0
898006,0
898007,11
898008,0
898009,0
898010,0
898011,12
898012,0
898013,0
898014,0
898015,0
898016,11
898017,0
898018,6
898019,0
898020,0
898021,0
898022,0
898023,0
898024,0
898025,0
898026,16
898027,0
898028,12
898029,0
898030,0
898031,0
898032,0
898033,0
898034,15
898035,0
898036,0
898037,9
898038,0
898039,0
898040,0
898041,0
898042,0
898043,0
898044,0
898045,0
898046,0
898047,12
898048,0
898049,0
898050,11
898051,9
898052,0
898053,9
898054,0
898055,0
898056,0
898057,0
898058,10
898059,0
898060,0
898061,11
898062,0
898063,0
898064,0
898065,0
898066,8
898067,0
898068,0
898069,0
898070,0
898071,0
898072,0
898073,7
898074,7
898075,0
898076,0
898077,0
898078,11
898079,0
898080,0
898081,5
898082,13
898083,0
898084,0
898085,12
898086,0
898087,11
898088,0
898089,0
898090,0
898091,0
898092,0
898093,15
898094,0
898095,0
898096,0
898097,0
898098,13
898099,0
898100,0
898101,0
898102,9
898103,0
898104,0
898105,0
898106,8
898107,11
898108,16
898109,0
898110,0
898111,10
898112,11
898113,0
898114,0
898115,0
898116,14
898117,0
898118,0
898119,0
898120,0
898121,0
898122,0
898123,0
898124,0
898125,0
898126,0
898127,0
898128,14
898129,7
898130,0
898131,22
898132,0
898133,0
898134,0
898135,0
898136,13
898137,0
898138,0
898139,0
898140,0
898141,0
898142,0
898143,0
898144,0
898145,12
898146,0
898147,0
898148,0
898149,0
898150,0
898151,10
898152,0
898153,0
898154,0
898155,0
898156,11
898157,0
898158,0
898159,0
898160,0
898161,0
898162,0
898163,0
898164,0
898165,0
898166,0
898167,0
898168,0
898169,16
898170,0
898171,7
898172,0
898173,0
898174,0
898175,0
898176,0
898177,0
898178,0
898179,0
898180,0
898181,0
898182,14
898183,0
898184,0
898185,0
898186,0
898187,0
898188,0
898189,0
898190,0
898191,15
898192,0
898193,0
898194,0
898195,0
898196,23
898197,7
898198,17
898199,6
898200,0
898201,0
898202,0
898203,0
898204,0
898205,0
898206,11
898207,8
898208,0
898209,0
898210,0
898211,17
898212,0
898213,0
898214,10
898215,0
898216,0
898217,0
898218,0
898219,0
898220,7
898221,0
898222,0
898223,0
898224,0
898225,11
898226,0
898227,0
898228,0
898229,0
898230,0
898231,0
898232,0
898233,0
898234,0
898235,8
898236,0
898237,12
898238,0
898239,0
898240,0
898241,0
898242,0
898243,0
898244,12
898245,0
898246,0
898247,0
898248,12
898249,0
898250,0
898251,0
898252,0
898253,0
898254,0
898255,0
898256,0
898257,0
898258,0
898259,17
898260,0
898261,0
898262,0
898263,0
898264,0
898265,0
898266,0
898267,0
898268,0
898269,0
898270,0
898271,0
898272,0
898273,0
898274,0
898275,0
898276,0
898277,0
898278,0
898279,0
898280,0
898281,0
898282,0
898283,14
898284,0
898285,0
898286,0
898287,0
898288,5
898289,0
898290,0
898291,0
898292,8
898293,0
898294,0
898295,9
898296,0
898297,0
898298,7
898299,0
898300,0
898301,0
898302,0
898303,0
898304,0
898305,0
898306,0
898307,0
898308,0
898309,0
898310,0
898311,12
898312,0
898313,0
898314,0
898315,0
898316,0
898317,10
898318,0
898319,0
898320,12
898321,0
898322,0
898323,0
898324,0
898325,0
898326,0
898327,0
898328,0
898329,14
898330,0
898331,0
898332,0
898333,0
898334,0
898335,0
898336,0
898337,0
898338,0
898339,7
898340,0
898341,0
898342,12
898343,26
898344,0
898345,0
898346,0
898347,0
898348,6
898349,0
898350,0
898351,0
898352,0
898353,0
898354,13
898355,0
898356,0
898357,0
898358,18
898359,11
898360,0
898361,0
898362,0
898363,0
898364,0
898365,0
898366,13
898367,0
898368,0
898369,15
898370,0
898371,0
898372,0
898373,0
898374,0
898375,0
898376,0
898377,12
898378,0
898379,0
898380,0
898381,0
898382,0
898383,0
898384,0
898385,0
898386,0
898387,0
898388,0
898389,0
898390,10
898391,6
898392,0
898393,10
898394,0
898395,7
898396,16
898397,0
898398,0
898399,0
898400,0
898401,0
898402,0
898403,0
898404,10
898405,0
898406,0
898407,0
898408,0
898409,0
898410,0
898411,0
898412,0
898413,0
898414,0
898415,0
898416,0
898417,0
898418,0
898419,0
898420,0
898421,0
898422,0
898423,0
898424,0
898425,0
898426,0
898427,0
898428,0
898429,0
898430,12
898431,0
898432,0
898433,0
898434,0
898435,13
898436,3
898437,0
898438,0
898439,0
898440,0
898441,0
898442,0
898443,0
898444,0
898445,0
898446,0
898447,0
898448,0
898449,15
898450,0
898451,0
898452,8
898453,0
898454,0
898455,8
898456,10
898457,0
898458,0
898459,13
898460,0
898461,0
898462,0
898463,15
898464,5
898465,0
898466,0
898467,0
898468,0
898469,0
898470,9
898471,0
898472,0
898473,0
898474,9
898475,0
898476,14
898477,0
898478,0
898479,0
898480,0
898481,0
898482,0
898483,0
898484,0
898485,6
898486,0
898487,0
898488,0
898489,0
898490,0
898491,0
898492,0
898493,12
898494,0
898495,0
898496,12
898497,0
898498,0
898499,0
898500,13
898501,0
898502,0
898503,0
898504,0
898505,15
898506,13
898507,9
898508,13
898509,0
898510,11
898511,0
898512,0
898513,0
898514,9
898515,0
898516,10
898517,0
898518,0
898519,0
898520,0
898521,0
898522,0
898523,0
898524,8
898525,0
898526,0
898527,0
898528,0
898529,13
898530,0
898531,10
898532,10
898533,0
898534,0
898535,0
898536,0
898537,0
898538,0
898539,0
898540,19
898541,0
898542,0
898543,13
898544,0
898545,17
898546,11
898547,0
898548,0
898549,14
898550,9
898551,0
898552,0
898553,0
898554,0
898555,9
898556,0
898557,0
898558,0
898559,0
898560,0
898561,0
898562,0
898563,0
898564,10
898565,0
898566,0
898567,0
898568,9
898569,0
898570,0
898571,0
898572,0
898573,0
898574,9
898575,15
898576,0
898577,0
898578,0
898579,0
898580,10
898581,0
898582,0
898583,0
898584,0
898585,0
898586,0
898587,0
898588,11
898589,7
898590,4
898591,0
898592,10
898593,0
898594,0
898595,0
898596,0
898597,0
898598,10
898599,0
898600,7
898601,0
898602,0
898603,0
898604,0
898605,0
898606,0
898607,0
898608,0
898609,0
898610,16
898611,0
898612,16
898613,0
898614,0
898615,0
898616,0
898617,0
898618,0
898619,0
898620,13
898621,0
898622,0
898623,0
898624,0
898625,0
898626,0
898627,0
898628,0
898629,0
898630,9
898631,0
898632,0
898633,0
898634,0
898635,8
898636,0
898637,0
898638,0
898639,0
898640,0
898641,0
898642,0
898643,0
898644,0
898645,0
898646,0
898647,0
898648,0
898649,0
898650,0
898651,14
898652,0
898653,0
898654,0
898655,0
898656,0
898657,0
898658,8
898659,0
898660,0
898661,0
898662,0
898663,0
898664,0
898665,0
898666,0
898667,0
898668,0
898669,0
898670,7
898671,0
898672,0
898673,0
898674,0
898675,0
898676,0
898677,0
898678,0
898679,0
898680,0
898681,0
898682,0
898683,13
898684,0
898685,0
898686,0
898687,8
898688,0
898689,0
898690,0
898691,0
898692,0
898693,0
898694,0
898695,0
898696,0
898697,0
898698,0
898699,0
898700,14
898701,0
898702,0
898703,6
898704,0
898705,0
898706,0
898707,0
898708,0
898709,0
898710,0
898711,0
898712,0
898713,8
898714,0
898715,0
898716,0
898717,0
898718,0
898719,0
898720,0
898721,0
898722,11
898723,0
898724,0
898725,0
898726,0
898727,0
898728,0
898729,6
898730,0
898731,0
898732,0
898733,0
898734,0
898735,0
898736,20
898737,0
898738,10
898739,0
898740,0
898741,0
898742,0
898743,10
898744,0
898745,6
898746,0
898747,0
898748,0
898749,0
898750,0
898751,10
898752,10
898753,11
898754,10
898755,0
898756,0
898757,0
898758,0
898759,0
898760,0
898761,19
898762,0
898763,0
898764,0
898765,0
898766,19
898767,0
898768,0
898769,0
898770,0
898771,0
898772,0
898773,0
898774,0
898775,7
898776,0
898777,0
898778,0
898779,0
898780,0
898781,12
898782,0
898783,0
898784,0
898785,10
898786,14
898787,14
898788,13
898789,8
898790,0
898791,0
898792,0
898793,0
898794,10
898795,0
898796,0
898797,14
898798,0
898799,0
898800,13
898801,0
898802,0
898803,0
898804,10
898805,0
898806,12
898807,0
898808,0
898809,0
898810,0
898811,0
898812,0
898813,14
898814,0
898815,0
898816,0
898817,0
898818,0
898819,0
898820,0
898821,0
898822,13
898823,0
898824,0
898825,0
898826,0
898827,0
898828,0
898829,0
898830,0
898831,0
898832,0
898833,0
898834,0
898835,0
898836,0
898837,0
898838,0
898839,0
898840,0
898841,0
898842,0
898843,0
898844,0
898845,0
898846,0
898847,0
898848,0
898849,0
898850,0
898851,0
898852,0
898853,0
898854,0
898855,0
898856,0
898857,0
898858,0
898859,0
898860,0
898861,0
898862,0
898863,0
898864,0
898865,0
898866,0
898867,0
898868,0
898869,0
898870,0
898871,0
898872,0
898873,0
898874,0
898875,0
898876,0
898877,0
898878,0
898879,0
898880,0
898881,1
898882,0
898883,0
898884,0
898885,0
898886,0
898887,0
898888,0
898889,0
898890,0
898891,0
898892,0
898893,0
898894,0
898895,0
898896,0
898897,0
898898,0
898899,0
898900,0
898901,0
898902,0
898903,0
898904,0
898905,0
898906,0
898907,0
898908,0
898909,0
898910,0
898911,0
898912,0
898913,0
898914,0
898915,0
898916,0
898917,0
898918,0
898919,0
898920,0
898921,0
898922,0
898923,0
898924,0
898925,0
898926,0
898927,0
898928,0
898929,0
898930,0
898931,0
898932,0
898933,0
898934,0
898935,0
898936,0
898937,0
898938,0
898939,1
898940,0
898941,0
898942,0
898943,0
898944,0
898945,0
898946,0
898947,0
898948,0
898949,0
898950,0
898951,0
898952,0
898953,0
898954,0
898955,0
898956,0
898957,0
898958,0
898959,0
898960,0
898961,0
898962,0
898963,0
898964,0
898965,0
898966,0
898967,0
898968,0
898969,0
898970,0
898971,0
898972,0
898973,0
898974,0
898975,0
898976,0
898977,0
898978,0
898979,0
898980,0
898981,0
898982,0
898983,0
898984,0
898985,0
898986,0
898987,0
898988,0
898989,0
898990,0
898991,0
898992,0
898993,0
898994,0
898995,0
898996,0
898997,0
898998,0
898999,0
899000,0
899001,0
899002,0
899003,0
899004,0
899005,0
899006,0
899007,0
899008,1
899009,0
899010,0
899011,0
899012,0
899013,0
899014,0
899015,0
899016,0
899017,0
899018,0
899019,0
899020,0
899021,0
899022,0
899023,0
899024,0
899025,0
899026,0
899027,0
899028,0
899029,0
899030,0
899031,0
899032,0
899033,0
899034,0
899035,0
899036,0
899037,0
899038,0
899039,0
899040,0
899041,0
899042,0
899043,0
899044,0
899045,0
899046,0
899047,0
899048,0
899049,0
899050,0
899051,0
899052,0
899053,0
899054,0
899055,0
899056,0
899057,0
899058,0
899059,0
899060,0
899061,0
899062,0
899063,0
899064,0
899065,0
899066,0
899067,0
899068,0
899069,0
899070,0
899071,0
899072,0
899073,0
899074,0
899075,0
899076,0
899077,0
899078,0
899079,0
899080,0
899081,0
899082,0
899083,0
899084,0
899085,0
899086,0
899087,0
899088,0
899089,0
899090,0
899091,0
899092,0
899093,0
899094,0
899095,0
899096,0
899097,0
899098,0
899099,0
899100,0
899101,0
899102,0
899103,0
899104,0
899105,0
899106,0
899107,0
899108,0
899109,0
899110,0
899111,0
899112,0
899113,0
899114,0
899115,0
899116,0
899117,0
899118,0
899119,0
899120,0
899121,0
899122,0
899123,0
899124,0
899125,0
899126,0
899127,0
899128,0
899129,0
899130,0
899131,0
899132,0
899133,0
899134,0
899135,0
899136,0
899137,0
899138,0
899139,0
899140,0
899141,0
899142,0
899143,0
899144,0
899145,0
899146,0
899147,0
899148,0
899149,0
899150,0
899151,0
899152,0
899153,0
899154,0
899155,0
899156,0
899157,0
899158,0
899159,0
899160,0
899161,0
899162,0
899163,0
899164,0
899165,0
899166,0
899167,0
899168,0
899169,0
899170,0
899171,0
899172,0
899173,0
899174,0
899175,0
899176,0
899177,0
899178,0
899179,0
899180,0
899181,0
899182,0
899183,0
899184,0
899185,0
899186,0
899187,0
899188,0
899189,0
899190,0
899191,0
899192,0
899193,0
899194,0
899195,0
899196,0
899197,0
899198,0
899199,0
899200,0
899201,0
899202,0
899203,1
899204,0
899205,0
899206,0
899207,0
899208,0
899209,0
899210,0
899211,0
899212,0
899213,0
899214,0
899215,0
899216,0
899217,0
899218,0
899219,0
899220,0
899221,0
899222,0
899223,0
899224,0
899225,0
899226,0
899227,0
899228,0
899229,0
899230,0
899231,0
899232,0
899233,0
899234,0
899235,0
899236,0
899237,0
899238,0
899239,0
899240,0
899241,0
899242,1
899243,0
899244,0
899245,0
899246,0
899247,0
899248,0
899249,0
899250,0
899251,0
899252,0
899253,0
899254,0
899255,0
899256,0
899257,0
899258,0
899259,0
899260,0
899261,0
899262,0
899263,0
899264,0
899265,0
899266,0
899267,0
899268,0
899269,0
899270,0
899271,0
899272,0
899273,0
899274,0
899275,0
899276,0
899277,0
899278,0
899279,0
899280,0
899281,0
899282,0
899283,0
899284,0
899285,0
899286,0
899287,0
899288,0
899289,0
899290,0
899291,0
899292,0
899293,0
899294,0
899295,0
899296,0
899297,0
899298,0
899299,0
899300,0
899301,0
899302,0
899303,0
899304,0
899305,0
899306,0
899307,0
899308,0
899309,0
899310,0
899311,0
899312,0
899313,0
899314,0
899315,0
899316,0
899317,0
899318,0
899319,0
899320,0
899321,0
899322,0
899323,0
899324,0
899325,0
899326,0
899327,0
899328,0
899329,0
899330,0
899331,0
899332,0
899333,0
899334,0
899335,0
899336,0
899337,0
899338,0
899339,0
899340,0
899341,0
899342,0
899343,0
899344,0
899345,0
899346,0
899347,0
899348,0
899349,0
899350,0
899351,0
899352,0
899353,0
899354,0
899355,0
899356,0
899357,0
899358,0
899359,0
899360,0
899361,0
899362,0
899363,0
899364,0
899365,0
899366,0
899367,0
899368,0
899369,0
899370,0
899371,0
899372,0
899373,0
899374,0
899375,0
899376,0
899377,0
899378,0
899379,0
899380,0
899381,0
899382,0
899383,0
899384,0
899385,0
899386,0
899387,0
899388,0
899389,0
899390,0
899391,0
899392,0
899393,0
899394,0
899395,0
899396,0
899397,0
899398,0
899399,0
899400,36
899401,20
899402,0
899403,27
899404,33
899405,50
899406,0
899407,0
899408,0
899409,32
899410,0
899411,22
899412,36
899413,0
899414,0
899415,31
899416,0
899417,39
899418,0
899419,0
899420,0
899421,28
899422,0
899423,0
899424,0
899425,0
899426,0
899427,20
899428,0
899429,0
899430,0
899431,0
899432,33
899433,25
899434,0
899435,25
899436,0
899437,0
899438,0
899439,0
899440,24
899441,0
899442,0
899443,15
899444,0
899445,20
899446,38
899447,0
899448,0
899449,35
899450,0
899451,0
899452,0
899453,0
899454,31
899455,0
899456,0
899457,0
899458,30
899459,0
899460,25
899461,0
899462,16
899463,0
899464,34
899465,21
899466,29
899467,0
899468,0
899469,0
899470,0
899471,0
899472,27
899473,28
899474,0
899475,0
899476,0
899477,0
899478,0
899479,0
899480,0
899481,0
899482,0
899483,0
899484,0
899485,0
899486,0
899487,0
899488,0
899489,0
899490,24
899491,0
899492,0
899493,0
899494,0
899495,32
899496,0
899497,35
899498,0
899499,0
899500,28
899501,0
899502,0
899503,23
899504,0
899505,23
899506,0
899507,0
899508,0
899509,0
899510,0
899511,0
899512,0
899513,37
899514,44
899515,0
899516,0
899517,0
899518,0
899519,39
899520,36
899521,0
899522,0
899523,0
899524,0
899525,0
899526,26
899527,0
899528,0
899529,0
899530,0
899531,32
899532,0
899533,0
899534,0
899535,28
899536,0
899537,0
899538,0
899539,0
899540,0
899541,0
899542,28
899543,37
899544,0
899545,0
899546,0
899547,0
899548,0
899549,33
899550,0
899551,0
899552,0
899553,0
899554,0
899555,0
899556,0
899557,0
899558,25
899559,0
899560,44
899561,0
899562,0
899563,0
899564,36
899565,36
899566,0
899567,28
899568,0
899569,33
899570,0
899571,0
899572,0
899573,0
899574,0
899575,0
899576,36
899577,0
899578,0
899579,0
899580,0
899581,0
899582,0
899583,23
899584,34
899585,0
899586,22
899587,0
899588,0
899589,0
899590,0
899591,0
899592,0
899593,21
899594,0
899595,0
899596,35
899597,0
899598,0
899599,0
899600,0
899601,0
899602,0
899603,0
899604,0
899605,0
899606,0
899607,0
899608,0
899609,0
899610,0
899611,0
899612,0
899613,45
899614,0
899615,0
899616,0
899617,0
899618,0
899619,0
899620,0
899621,0
899622,0
899623,0
899624,0
899625,27
899626,36
899627,0
899628,41
899629,0
899630,0
899631,16
899632,0
899633,0
899634,0
899635,0
899636,0
899637,0
899638,28
899639,32
899640,0
899641,0
899642,0
899643,0
899644,38
899645,0
899646,0
899647,0
899648,0
899649,37
899650,0
899651,27
899652,0
899653,0
899654,0
899655,0
899656,0
899657,0
899658,0
899659,0
899660,25
899661,0
899662,0
899663,0
899664,0
899665,0
899666,0
899667,21
899668,25
899669,0
899670,0
899671,0
899672,0
899673,23
899674,0
899675,42
899676,34
899677,0
899678,0
899679,0
899680,0
899681,0
899682,0
899683,0
899684,0
899685,0
899686,0
899687,0
899688,0
899689,0
899690,59
899691,35
899692,0
899693,0
899694,0
899695,0
899696,31
899697,0
899698,0
899699,0
899700,0
899701,0
899702,0
899703,0
899704,0
899705,0
899706,0
899707,24
899708,0
899709,0
899710,0
899711,0
899712,0
899713,0
899714,30
899715,0
899716,0
899717,0
899718,0
899719,0
899720,0
899721,27
899722,0
899723,24
899724,0
899725,0
899726,0
899727,39
899728,0
899729,0
899730,0
899731,0
899732,23
899733,0
899734,34
899735,0
899736,0
899737,17
899738,0
899739,0
899740,0
899741,40
899742,37
899743,27
899744,0
899745,26
899746,0
899747,24
899748,0
899749,24
899750,0
899751,30
899752,22
899753,22
899754,21
899755,27
899756,0
899757,0
899758,23
899759,28
899760,23
899761,0
899762,0
899763,0
899764,29
899765,43
899766,0
899767,0
899768,0
899769,0
899770,0
899771,0
899772,0
899773,32
899774,0
899775,0
899776,0
899777,0
899778,0
899779,34
899780,0
899781,0
899782,0
899783,0
899784,0
899785,0
899786,18
899787,0
899788,32
899789,0
899790,0
899791,0
899792,0
899793,0
899794,0
899795,0
899796,0
899797,0
899798,52
899799,0
899800,0
899801,0
899802,0
899803,28
899804,0
899805,21
899806,0
899807,0
899808,0
899809,0
899810,0
899811,32
899812,0
899813,0
899814,0
899815,0
899816,0
899817,0
899818,0
899819,0
899820,0
899821,43
899822,0
899823,0
899824,0
899825,0
899826,0
899827,0
899828,22
899829,0
899830,26
899831,26
899832,0
899833,0
899834,0
899835,0
899836,0
899837,33
899838,0
899839,0
899840,0
899841,31
899842,0
899843,0
899844,20
899845,0
899846,0
899847,0
899848,37
899849,0
899850,0
899851,0
899852,0
899853,0
899854,0
899855,29
899856,0
899857,0
899858,0
899859,0
899860,25
899861,0
899862,0
899863,0
899864,0
899865,0
899866,26
899867,24
899868,0
899869,44
899870,28
899871,0
899872,0
899873,0
899874,30
899875,0
899876,28
899877,0
899878,24
899879,0
899880,0
899881,0
899882,41
899883,0
899884,0
899885,33
899886,0
899887,0
899888,0
899889,37
899890,0
899891,0
899892,0
899893,0
899894,0
899895,0
899896,56
899897,37
899898,34
899899,28
899900,0
899901,0
899902,0
899903,0
899904,0
899905,0
899906,0
899907,0
899908,0
899909,0
899910,0
899911,0
899912,0
899913,0
899914,2
899915,0
899916,0
899917,0
899918,1
899919,4
899920,0
899921,0
899922,0
899923,0
899924,1
899925,0
899926,0
899927,0
899928,0
899929,0
899930,0
899931,0
899932,0
899933,0
899934,0
899935,0
899936,0
899937,3
899938,0
899939,0
899940,0
899941,0
899942,0
899943,0
899944,0
899945,4
899946,0
899947,0
899948,0
899949,0
899950,0
899951,0
899952,2
899953,0
899954,0
899955,0
899956,0
899957,0
899958,0
899959,0
899960,5
899961,0
899962,0
899963,0
899964,0
899965,0
899966,0
899967,0
899968,0
899969,5
899970,0
899971,0
899972,4
899973,0
899974,0
899975,0
899976,0
899977,0
899978,0
899979,0
899980,0
899981,0
899982,0
899983,0
899984,1
899985,0
899986,0
899987,5
899988,10
899989,0
899990,0
899991,0
899992,0
899993,0
899994,0
899995,0
899996,0
899997,0
899998,0
899999,0
900000,0
900001,0
900002,1
900003,0
900004,0
900005,0
900006,0
900007,0
900008,0
900009,0
900010,3
900011,0
900012,0
900013,0
900014,0
900015,0
900016,0
900017,0
900018,0
900019,0
900020,0
900021,0
900022,0
900023,0
900024,0
900025,0
900026,0
900027,0
900028,0
900029,0
900030,5
900031,0
900032,0
900033,0
900034,0
900035,2
900036,0
900037,3
900038,0
900039,0
900040,0
900041,0
900042,0
900043,6
900044,3
900045,1
900046,0
900047,0
900048,0
900049,0
900050,0
900051,4
900052,0
900053,0
900054,0
900055,0
900056,3
900057,0
900058,0
900059,0
900060,0
900061,0
900062,0
900063,0
900064,0
900065,5
900066,0
900067,0
900068,0
900069,0
900070,0
900071,0
900072,0
900073,0
900074,0
900075,0
900076,0
900077,0
900078,0
900079,0
900080,0
900081,0
900082,0
900083,0
900084,0
900085,0
900086,0
900087,0
900088,0
900089,0
900090,0
900091,0
900092,0
900093,2
900094,0
900095,10
900096,0
900097,0
900098,0
900099,0
900100,0
900101,0
900102,0
900103,0
900104,0
900105,0
900106,4
900107,4
900108,0
900109,0
900110,0
900111,0
900112,0
900113,3
900114,0
900115,0
900116,0
900117,0
900118,0
900119,0
900120,0
900121,0
900122,0
900123,3
900124,0
900125,2
900126,0
900127,0
900128,0
900129,4
900130,0
900131,1
900132,0
900133,0
900134,0
900135,0
900136,0
900137,0
900138,0
900139,0
900140,0
900141,0
900142,0
900143,0
900144,0
900145,0
900146,10
900147,3
900148,0
900149,0
900150,1
900151,0
900152,0
900153,0
900154,0
900155,0
900156,0
900157,0
900158,12
900159,2
900160,0
900161,0
900162,0
900163,0
900164,0
900165,0
900166,0
900167,0
900168,2
900169,0
900170,0
900171,0
900172,0
900173,0
900174,0
900175,0
900176,0
900177,0
900178,0
900179,0
900180,0
900181,0
900182,0
900183,0
900184,0
900185,0
900186,0
900187,0
900188,0
900189,0
900190,0
900191,2
900192,0
900193,0
900194,3
900195,0
900196,1
900197,3
900198,0
900199,0
900200,0
900201,0
900202,0
900203,4
900204,0
900205,0
900206,0
900207,0
900208,3
900209,0
900210,0
900211,5
900212,0
900213,0
900214,0
900215,0
900216,0
900217,0
900218,0
900219,0
900220,0
900221,1
900222,3
900223,0
900224,0
900225,0
900226,0
900227,0
900228,0
900229,8
900230,2
900231,0
900232,2
900233,0
900234,0
900235,0
900236,0
900237,0
900238,0
900239,0
900240,0
900241,0
900242,0
900243,0
900244,0
900245,0
900246,0
900247,0
900248,0
900249,0
900250,0
900251,0
900252,0
900253,0
900254,0
900255,0
900256,0
900257,0
900258,0
900259,0
900260,0
900261,0
900262,0
900263,0
900264,0
900265,0
900266,0
900267,0
900268,0
900269,0
900270,0
900271,0
900272,0
900273,0
900274,0
900275,0
900276,0
900277,1
900278,0
900279,0
900280,0
900281,0
900282,0
900283,0
900284,2
900285,0
900286,0
900287,0
900288,0
900289,0
900290,0
900291,0
900292,0
900293,0
900294,0
900295,0
900296,0
900297,0
900298,0
900299,0
900300,0
900301,5
900302,0
900303,0
900304,0
900305,0
900306,0
900307,0
900308,0
900309,0
900310,0
900311,0
900312,0
900313,0
900314,0
900315,2
900316,0
900317,0
900318,0
900319,0
900320,0
900321,0
900322,0
900323,0
900324,4
900325,0
900326,0
900327,0
900328,0
900329,0
900330,0
900331,0
900332,0
900333,0
900334,0
900335,0
900336,0
900337,0
900338,0
900339,0
900340,0
900341,0
900342,0
900343,0
900344,0
900345,0
900346,0
900347,0
900348,0
900349,0
900350,0
900351,0
900352,0
900353,0
900354,0
900355,0
900356,0
900357,0
900358,0
900359,0
900360,0
900361,0
900362,0
900363,0
900364,0
900365,0
900366,0
900367,0
900368,0
900369,0
900370,5
900371,0
900372,0
900373,0
900374,0
900375,0
900376,0
900377,0
900378,0
900379,2
900380,0
900381,0
900382,0
900383,0
900384,0
900385,0
900386,1
900387,7
900388,0
900389,0
900390,0
900391,0
900392,0
900393,0
900394,0
900395,0
900396,0
900397,5
900398,0
900399,0
900400,0
900401,0
900402,0
900403,1
900404,0
900405,0
900406,0
900407,4
900408,0
900409,3
900410,0
900411,0
900412,0
900413,0
900414,0
900415,0
900416,1
900417,0
900418,0
900419,0
900420,0
900421,0
900422,0
900423,0
900424,0
900425,0
900426,0
900427,6
900428,2
900429,0
900430,0
900431,0
900432,0
900433,0
900434,0
900435,0
900436,0
900437,0
900438,0
900439,3
900440,0
900441,0
900442,0
900443,0
900444,0
900445,0
900446,3
900447,0
900448,0
900449,0
900450,0
900451,0
900452,5
900453,2
900454,0
900455,5
900456,0
900457,0
900458,0
900459,0
900460,0
900461,0
900462,5
900463,0
900464,0
900465,0
900466,38
900467,47
900468,0
900469,0
900470,0
900471,0
900472,0
900473,0
900474,0
900475,0
900476,0
900477,0
900478,0
900479,0
900480,0
900481,0
900482,0
900483,0
900484,0
900485,44
900486,0
900487,0
900488,0
900489,0
900490,0
900491,0
900492,0
900493,0
900494,29
900495,0
900496,0
900497,43
900498,0
900499,0
900500,0
900501,0
900502,0
900503,37
900504,0
900505,35
900506,0
900507,0
900508,0
900509,0
900510,66
900511,0
900512,0
900513,56
900514,31
900515,0
900516,35
900517,0
900518,0
900519,0
900520,0
900521,34
900522,0
900523,0
900524,0
900525,42
900526,45
900527,0
900528,56
900529,0
900530,0
900531,0
900532,0
900533,27
900534,0
900535,0
900536,0
900537,28
900538,0
900539,0
900540,0
900541,0
900542,0
900543,0
900544,0
900545,0
900546,41
900547,0
900548,0
900549,0
900550,0
900551,0
900552,0
900553,0
900554,0
900555,40
900556,0
900557,0
900558,0
900559,40
900560,0
900561,0
900562,0
900563,0
900564,0
900565,31
900566,0
900567,52
900568,0
900569,43
900570,0
900571,0
900572,44
900573,0
900574,0
900575,0
900576,39
900577,26
900578,37
900579,46
900580,0
900581,0
900582,0
900583,0
900584,0
900585,0
900586,0
900587,0
900588,0
900589,0
900590,33
900591,43
900592,32
900593,0
900594,31
900595,0
900596,0
900597,34
900598,29
900599,0
900600,30
900601,0
900602,0
900603,49
900604,0
900605,0
900606,0
900607,0
900608,39
900609,50
900610,0
900611,0
900612,0
900613,0
900614,0
900615,0
900616,0
900617,0
900618,0
900619,0
900620,0
900621,0
900622,0
900623,38
900624,0
900625,33
900626,44
900627,39
900628,0
900629,0
900630,0
900631,39
900632,28
900633,29
900634,25
900635,38
900636,0
900637,0
900638,0
900639,0
900640,33
900641,0
900642,38
900643,0
900644,31
900645,0
900646,0
900647,0
900648,0
900649,0
900650,0
900651,0
900652,42
900653,0
900654,0
900655,0
900656,32
900657,18
900658,0
900659,0
900660,28
900661,0
900662,0
900663,27
900664,0
900665,47
900666,0
900667,0
900668,0
900669,37
900670,0
900671,0
900672,32
900673,0
900674,0
900675,0
900676,44
900677,32
900678,0
900679,0
900680,0
900681,0
900682,38
900683,0
900684,0
900685,0
900686,0
900687,33
900688,0
900689,0
900690,0
900691,33
900692,0
900693,0
900694,0
900695,0
900696,0
900697,34
900698,29
900699,41
900700,0
900701,0
900702,34
900703,0
900704,37
900705,0
900706,0
900707,0
900708,0
900709,0
900710,0
900711,0
900712,0
900713,31
900714,0
900715,0
900716,0
900717,39
900718,0
900719,29
900720,0
900721,41
900722,0
900723,0
900724,0
900725,0
900726,0
900727,47
900728,0
900729,0
900730,0
900731,0
900732,0
900733,0
900734,0
900735,0
900736,38
900737,44
900738,0
900739,0
900740,0
900741,0
900742,0
900743,0
900744,0
900745,0
900746,0
900747,0
900748,0
900749,0
900750,0
900751,0
900752,0
900753,0
900754,0
900755,0
900756,0
900757,0
900758,0
900759,0
900760,0
900761,0
900762,0
900763,0
900764,0
900765,0
900766,0
900767,0
900768,0
900769,0
900770,0
900771,0
900772,0
900773,0
900774,0
900775,0
900776,0
900777,43
900778,0
900779,0
900780,0
900781,0
900782,0
900783,0
900784,0
900785,0
900786,0
900787,33
900788,0
900789,0
900790,0
900791,0
900792,41
900793,33
900794,0
900795,0
900796,0
900797,0
900798,0
900799,36
900800,0
900801,0
900802,0
900803,0
900804,40
900805,0
900806,0
900807,0
900808,0
900809,0
900810,34
900811,0
900812,0
900813,0
900814,0
900815,0
900816,0
900817,0
900818,0
900819,0
900820,28
900821,34
900822,0
900823,0
900824,0
900825,0
900826,0
900827,0
900828,42
900829,0
900830,0
900831,0
900832,40
900833,33
900834,0
900835,0
900836,0
900837,0
900838,0
900839,43
900840,0
900841,0
900842,0
900843,45
900844,30
900845,0
900846,0
900847,0
900848,0
900849,42
900850,29
900851,0
900852,0
900853,0
900854,0
900855,0
900856,0
900857,0
900858,0
900859,0
900860,33
900861,0
900862,0
900863,0
900864,50
900865,0
900866,0
900867,0
900868,0
900869,0
900870,0
900871,34
900872,0
900873,0
900874,44
900875,0
900876,0
900877,0
900878,0
900879,0
900880,0
900881,0
900882,0
900883,0
900884,39
900885,0
900886,0
900887,0
900888,0
900889,44
900890,0
900891,42
900892,0
900893,0
900894,0
900895,33
900896,0
900897,0
900898,0
900899,33
900900,39
900901,47
900902,0
900903,0
900904,0
900905,0
900906,0
900907,0
900908,32
900909,0
900910,31
900911,0
900912,0
900913,0
900914,55
900915,0
900916,31
900917,0
900918,0
900919,32
900920,32
900921,0
900922,0
900923,0
900924,0
900925,0
900926,0
900927,0
900928,0
900929,31
900930,43
900931,0
900932,0
900933,0
900934,22
900935,50
900936,0
900937,0
900938,0
900939,0
900940,0
900941,0
900942,0
900943,0
900944,0
900945,0
900946,0
900947,0
900948,35
900949,0
900950,41
900951,42
900952,0
900953,0
900954,0
900955,29
900956,0
900957,41
900958,0
900959,0
900960,38
900961,0
900962,0
900963,0
900964,0
900965,0
900966,0
900967,34
900968,0
900969,0
900970,0
900971,32
900972,0
900973,0
900974,0
900975,40
900976,0
900977,0
900978,0
900979,0
900980,0
900981,0
900982,0
900983,0
900984,0
900985,0
900986,43
900987,0
900988,0
900989,0
900990,0
900991,26
900992,0
900993,0
900994,0
900995,0
900996,0
900997,0
900998,0
900999,0
901000,0
901001,0
901002,0
901003,0
901004,0
901005,0
901006,0
901007,0
901008,0
901009,0
901010,0
901011,0
901012,0
901013,0
901014,44
901015,0
901016,0
901017,0
901018,0
901019,0
901020,0
901021,41
901022,0
901023,0
901024,0
901025,0
901026,0
901027,0
901028,0
901029,0
901030,0
901031,0
901032,32
901033,0
901034,0
901035,0
901036,0
901037,36
901038,0
901039,0
901040,0
901041,41
901042,0
901043,29
901044,0
901045,0
901046,0
901047,0
901048,0
901049,0
901050,24
901051,0
901052,0
901053,0
901054,26
901055,48
901056,43
901057,49
901058,0
901059,33
901060,0
901061,0
901062,28
901063,39
901064,0
901065,47
901066,0
901067,0
901068,0
901069,0
901070,0
901071,0
901072,0
901073,0
901074,0
901075,37
901076,0
901077,51
901078,0
901079,0
901080,0
901081,0
901082,0
901083,0
901084,0
901085,0
901086,0
901087,0
901088,40
901089,0
901090,0
901091,0
901092,0
901093,35
901094,0
901095,43
901096,0
901097,0
901098,0
901099,0
901100,32
901101,0
901102,0
901103,0
901104,0
901105,0
901106,0
901107,0
901108,0
901109,0
901110,55
901111,0
901112,0
901113,35
901114,0
901115,0
901116,0
901117,47
901118,0
901119,0
901120,0
901121,0
901122,0
901123,0
901124,30
901125,0
901126,21
901127,0
901128,0
901129,46
901130,0
901131,34
901132,0
901133,0
901134,0
901135,0
901136,0
901137,0
901138,0
901139,32
901140,0
901141,0
901142,0
901143,0
901144,37
901145,0
901146,0
901147,42
901148,0
901149,0
901150,0
901151,0
901152,0
901153,23
901154,0
901155,0
901156,0
901157,0
901158,0
901159,0
901160,36
901161,0
901162,0
901163,0
901164,27
901165,0
901166,0
901167,0
901168,0
901169,0
901170,0
901171,50
901172,33
901173,40
901174,0
901175,0
901176,0
901177,0
901178,37
901179,0
901180,35
901181,0
901182,0
901183,42
901184,35
901185,32
901186,43
901187,0
901188,0
901189,0
901190,0
901191,0
901192,0
901193,0
901194,0
901195,0
901196,0
901197,64
901198,0
901199,0
901200,0
901201,41
901202,0
901203,0
901204,0
901205,50
901206,0
901207,49
901208,0
901209,0
901210,53
901211,0
901212,0
901213,0
901214,36
901215,0
901216,0
901217,37
901218,25
901219,0
901220,32
901221,34
901222,0
901223,0
901224,0
901225,0
901226,0
901227,25
901228,0
901229,0
901230,0
901231,0
901232,0
901233,0
901234,0
901235,0
901236,0
901237,0
901238,0
901239,0
901240,0
901241,0
901242,0
901243,0
901244,0
901245,0
901246,0
901247,0
901248,29
901249,43
901250,0
901251,0
901252,0
901253,33
901254,0
901255,28
901256,27
901257,0
901258,0
901259,34
901260,0
901261,34
901262,0
901263,0
901264,0
901265,33
901266,0
901267,42
901268,0
901269,0
901270,0
901271,0
901272,0
901273,0
901274,0
901275,0
901276,0
901277,0
901278,0
901279,0
901280,0
901281,0
901282,0
901283,0
901284,0
901285,0
901286,0
901287,0
901288,0
901289,0
901290,0
901291,0
901292,0
901293,0
901294,0
901295,0
901296,0
901297,0
901298,0
901299,0
901300,0
901301,0
901302,0
901303,0
901304,0
901305,0
901306,0
901307,0
901308,0
901309,0
901310,0
901311,0
901312,0
901313,0
901314,0
901315,0
901316,0
901317,0
901318,0
901319,0
901320,0
901321,0
901322,0
901323,0
901324,0
901325,0
901326,0
901327,0
901328,0
901329,0
901330,0
901331,0
901332,0
901333,0
901334,0
901335,0
901336,0
901337,0
901338,0
901339,0
901340,0
901341,0
901342,0
901343,0
901344,0
901345,0
901346,0
901347,0
901348,0
901349,0
901350,0
901351,0
901352,0
901353,0
901354,0
901355,0
901356,0
901357,0
901358,0
901359,0
901360,0
901361,0
901362,0
901363,0
901364,0
901365,0
901366,0
901367,0
901368,0
901369,0
901370,0
901371,0
901372,0
901373,0
901374,0
901375,0
901376,0
901377,0
901378,0
901379,0
901380,0
901381,0
901382,0
901383,0
901384,0
901385,0
901386,0
901387,0
901388,0
901389,0
901390,0
901391,0
901392,0
901393,0
901394,0
901395,0
901396,0
901397,0
901398,0
901399,0
901400,0
901401,0
901402,0
901403,0
901404,0
901405,0
901406,0
901407,0
901408,0
901409,0
901410,0
901411,0
901412,0
901413,0
901414,0
901415,0
901416,0
901417,0
901418,0
901419,0
901420,0
901421,0
901422,0
901423,0
901424,0
901425,0
901426,0
901427,0
901428,0
901429,0
901430,0
901431,0
901432,0
901433,0
901434,0
901435,0
901436,0
901437,0
901438,0
901439,0
901440,0
901441,0
901442,0
901443,0
901444,0
901445,0
901446,0
901447,0
901448,0
901449,0
901450,0
901451,0
901452,0
901453,0
901454,0
901455,0
901456,0
901457,0
901458,0
901459,0
901460,0
901461,0
901462,0
901463,0
901464,0
901465,0
901466,0
901467,0
901468,0
901469,0
901470,0
901471,0
901472,0
901473,0
901474,0
901475,0
901476,0
901477,0
901478,0
901479,0
901480,0
901481,0
901482,0
901483,0
901484,0
901485,0
901486,0
901487,0
901488,0
901489,0
901490,0
901491,0
901492,0
901493,0
901494,0
901495,0
901496,0
901497,0
901498,0
901499,0
901500,0
901501,0
901502,0
901503,0
901504,0
901505,0
901506,0
901507,0
901508,0
901509,0
901510,0
901511,0
901512,0
901513,0
901514,0
901515,0
901516,0
901517,0
901518,0
901519,0
901520,0
901521,0
901522,0
901523,0
901524,0
901525,0
901526,0
901527,0
901528,0
901529,0
901530,0
901531,0
901532,0
901533,0
901534,0
901535,0
901536,0
901537,0
901538,0
901539,0
901540,1
901541,0
901542,0
901543,0
901544,0
901545,0
901546,0
901547,0
901548,0
901549,0
901550,0
901551,0
901552,0
901553,0
901554,0
901555,0
901556,0
901557,0
901558,0
901559,0
901560,0
901561,0
901562,0
901563,0
901564,0
901565,0
901566,0
901567,0
901568,0
901569,0
901570,0
901571,0
901572,0
901573,0
901574,0
901575,0
901576,0
901577,0
901578,0
901579,0
901580,0
901581,0
901582,0
901583,0
901584,0
901585,0
901586,0
901587,0
901588,0
901589,0
901590,0
901591,0
901592,0
901593,0
901594,0
901595,0
901596,0
901597,0
901598,0
901599,0
901600,0
901601,0
901602,0
901603,0
901604,0
901605,0
901606,0
901607,0
901608,0
901609,0
901610,0
901611,0
901612,0
901613,0
901614,0
901615,0
901616,0
901617,0
901618,0
901619,0
901620,0
901621,0
901622,0
901623,0
901624,0
901625,0
901626,0
901627,0
901628,0
901629,0
901630,0
901631,0
901632,0
901633,0
901634,0
901635,0
901636,0
901637,0
901638,0
901639,0
901640,0
901641,0
901642,0
901643,0
901644,0
901645,0
901646,0
901647,0
901648,0
901649,0
901650,0
901651,0
901652,0
901653,0
901654,0
901655,0
901656,0
901657,0
901658,0
901659,0
901660,0
901661,0
901662,0
901663,0
901664,0
901665,0
901666,0
901667,0
901668,0
901669,0
901670,0
901671,0
901672,0
901673,0
901674,0
901675,0
901676,0
901677,0
901678,0
901679,0
901680,0
901681,0
901682,0
901683,0
901684,0
901685,0
901686,0
901687,0
901688,0
901689,0
901690,0
901691,0
901692,0
901693,0
901694,0
901695,0
901696,0
901697,0
901698,0
901699,0
901700,0
901701,0
901702,0
901703,0
901704,0
901705,0
901706,0
901707,0
901708,0
901709,0
901710,0
901711,0
901712,0
901713,0
901714,0
901715,0
901716,0
901717,0
901718,0
901719,0
901720,0
901721,0
901722,0
901723,0
901724,0
901725,0
901726,0
901727,0
901728,0
901729,0
901730,0
901731,0
901732,0
901733,0
901734,0
901735,0
901736,0
901737,0
901738,0
901739,0
901740,0
901741,0
901742,0
901743,0
901744,0
901745,0
901746,0
901747,0
901748,0
901749,0
901750,0
901751,0
901752,0
901753,0
901754,0
901755,0
901756,0
901757,0
901758,0
901759,0
901760,0
901761,0
901762,0
901763,0
901764,0
901765,0
901766,0
901767,0
901768,0
901769,0
901770,0
901771,0
901772,0
901773,0
901774,0
901775,0
901776,0
901777,0
901778,0
901779,0
901780,0
901781,0
901782,0
901783,0
901784,0
901785,0
901786,0
901787,0
901788,0
901789,0
901790,0
901791,0
901792,0
901793,0
901794,0
901795,0
901796,0
901797,0
901798,0
901799,0
901800,0
901801,0
901802,0
901803,0
901804,0
901805,0
901806,0
901807,0
901808,0
901809,0
901810,0
901811,0
901812,0
901813,0
901814,0
901815,0
901816,0
901817,0
901818,0
901819,0
901820,0
901821,0
901822,0
901823,0
901824,0
901825,0
901826,0
901827,0
901828,0
901829,0
901830,0
901831,0
901832,0
901833,0
901834,0
901835,0
901836,0
901837,0
901838,0
901839,0
901840,0
901841,0
901842,0
901843,0
901844,0
901845,0
901846,0
901847,0
901848,0
901849,0
901850,0
901851,0
901852,0
901853,0
901854,0
901855,0
901856,0
901857,0
901858,0
901859,0
901860,0
901861,0
901862,0
901863,0
901864,0
901865,0
901866,0
901867,0
901868,0
901869,0
901870,0
901871,0
901872,0
901873,0
901874,0
901875,0
901876,0
901877,0
901878,0
901879,0
901880,0
901881,0
901882,0
901883,0
901884,0
901885,0
901886,0
901887,0
901888,0
901889,0
901890,0
901891,0
901892,0
901893,0
901894,0
901895,0
901896,0
901897,0
901898,0
901899,0
901900,0
901901,0
901902,0
901903,0
901904,0
901905,0
901906,0
901907,0
901908,0
901909,0
901910,0
901911,0
901912,0
901913,0
901914,0
901915,0
901916,0
901917,0
901918,0
901919,0
901920,0
901921,0
901922,0
901923,0
901924,0
901925,0
901926,0
901927,0
901928,0
901929,0
901930,0
901931,0
901932,0
901933,0
901934,0
901935,0
901936,0
901937,0
901938,0
901939,0
901940,1
901941,0
901942,0
901943,0
901944,0
901945,0
901946,0
901947,0
901948,0
901949,0
901950,0
901951,0
901952,0
901953,0
901954,0
901955,0
901956,0
901957,0
901958,0
901959,0
901960,0
901961,0
901962,0
901963,0
901964,0
901965,0
901966,0
901967,0
901968,0
901969,0
901970,0
901971,0
901972,0
901973,0
901974,0
901975,0
901976,0
901977,0
901978,0
901979,0
901980,0
901981,0
901982,0
901983,0
901984,0
901985,0
901986,0
901987,0
901988,0
901989,0
901990,0
901991,0
901992,0
901993,0
901994,0
901995,0
901996,0
901997,0
901998,0
901999,19
902000,0
902001,0
902002,0
902003,0
902004,22
902005,0
902006,0
902007,0
902008,0
902009,0
902010,0
902011,0
902012,0
902013,0
902014,0
902015,0
902016,0
902017,0
902018,0
902019,0
902020,0
902021,0
902022,0
902023,0
902024,0
902025,0
902026,0
902027,0
902028,0
902029,13
902030,0
902031,0
902032,0
902033,0
902034,0
902035,0
902036,0
902037,12
902038,12
902039,0
902040,0
902041,0
902042,0
902043,16
902044,0
902045,12
902046,0
902047,0
902048,15
902049,0
902050,0
902051,0
902052,10
902053,0
902054,0
902055,0
902056,0
902057,0
902058,0
902059,12
902060,0
902061,0
902062,0
902063,0
902064,0
902065,0
902066,13
902067,0
902068,0
902069,0
902070,0
902071,0
902072,0
902073,0
902074,0
902075,0
902076,0
902077,0
902078,0
902079,0
902080,0
902081,0
902082,0
902083,0
902084,15
902085,0
902086,0
902087,0
902088,0
902089,0
902090,8
902091,0
902092,0
902093,0
902094,11
902095,0
902096,0
902097,0
902098,0
902099,0
902100,0
902101,0
902102,0
902103,0
902104,0
902105,0
902106,0
902107,0
902108,0
902109,0
902110,0
902111,11
902112,0
902113,0
902114,0
902115,0
902116,0
902117,0
902118,0
902119,0
902120,0
902121,0
902122,0
902123,20
902124,16
902125,14
902126,13
902127,0
902128,0
902129,14
902130,0
902131,0
902132,0
902133,0
902134,0
902135,0
902136,0
902137,0
902138,9
902139,0
902140,0
902141,0
902142,0
902143,0
902144,0
902145,0
902146,0
902147,10
902148,0
902149,0
902150,0
902151,0
902152,0
902153,0
902154,17
902155,0
902156,12
902157,0
902158,0
902159,17
902160,0
902161,0
902162,0
902163,0
902164,0
902165,0
902166,0
902167,0
902168,0
902169,4
902170,0
902171,0
902172,13
902173,0
902174,0
902175,0
902176,0
902177,0
902178,0
902179,15
902180,18
902181,0
902182,0
902183,0
902184,0
902185,0
902186,6
902187,0
902188,0
902189,0
902190,14
902191,0
902192,0
902193,15
902194,0
902195,0
902196,0
902197,14
902198,0
902199,0
902200,15
902201,0
902202,0
902203,0
902204,0
902205,0
902206,0
902207,0
902208,0
902209,0
902210,0
902211,0
902212,0
902213,0
902214,14
902215,0
902216,0
902217,0
902218,0
902219,0
902220,0
902221,0
902222,0
902223,0
902224,0
902225,0
902226,13
902227,0
902228,0
902229,0
902230,0
902231,16
902232,0
902233,0
902234,0
902235,0
902236,0
902237,0
902238,17
902239,0
902240,0
902241,0
902242,0
902243,0
902244,0
902245,0
902246,0
902247,0
902248,0
902249,0
902250,0
902251,0
902252,0
902253,0
902254,0
902255,0
902256,0
902257,0
902258,0
902259,0
902260,0
902261,0
902262,0
902263,0
902264,0
902265,0
902266,8
902267,17
902268,0
902269,8
902270,7
902271,0
902272,0
902273,17
902274,0
902275,12
902276,0
902277,0
902278,0
902279,0
902280,0
902281,0
902282,0
902283,0
902284,0
902285,0
902286,0
902287,0
902288,0
902289,0
902290,0
902291,16
902292,0
902293,0
902294,0
902295,0
902296,9
902297,0
902298,0
902299,0
902300,0
902301,0
902302,0
902303,0
902304,0
902305,14
902306,0
902307,0
902308,0
902309,0
902310,0
902311,0
902312,0
902313,0
902314,0
902315,11
902316,0
902317,0
902318,0
902319,0
902320,0
902321,0
902322,0
902323,0
902324,0
902325,0
902326,0
902327,0
902328,0
902329,0
902330,18
902331,0
902332,0
902333,0
902334,12
902335,10
902336,0
902337,12
902338,12
902339,0
902340,0
902341,13
902342,0
902343,0
902344,0
902345,0
902346,0
902347,0
902348,0
902349,0
902350,19
902351,0
902352,0
902353,0
902354,13
902355,19
902356,17
902357,0
902358,0
902359,0
902360,0
902361,0
902362,0
902363,0
902364,11
902365,10
902366,0
902367,0
902368,0
902369,0
902370,0
902371,19
902372,0
902373,0
902374,0
902375,0
902376,0
902377,0
902378,0
902379,18
902380,0
902381,0
902382,0
902383,0
902384,0
902385,0
902386,13
902387,7
902388,16
902389,0
902390,0
902391,0
902392,0
902393,0
902394,0
902395,0
902396,0
902397,0
902398,14
902399,0
902400,0
902401,12
902402,0
902403,12
902404,0
902405,0
902406,0
902407,0
902408,17
902409,0
902410,13
902411,0
902412,0
902413,0
902414,7
902415,0
902416,0
902417,0
902418,0
902419,0
902420,17
902421,0
902422,0
902423,0
902424,0
902425,0
902426,0
902427,0
902428,0
902429,0
902430,0
902431,0
902432,0
902433,0
902434,0
902435,17
902436,0
902437,0
902438,0
902439,15
902440,0
902441,0
902442,0
902443,9
902444,0
902445,0
902446,0
902447,0
902448,0
902449,0
902450,0
902451,0
902452,0
902453,0
902454,0
902455,0
902456,0
902457,0
902458,13
902459,0
902460,15
902461,0
902462,10
902463,0
902464,13
902465,0
902466,0
902467,0
902468,14
902469,0
902470,0
902471,14
902472,0
902473,0
902474,0
902475,0
902476,0
902477,0
902478,0
902479,0
902480,0
902481,0
902482,0
902483,0
902484,0
902485,0
902486,0
902487,0
902488,0
902489,14
902490,0
902491,0
902492,0
902493,0
902494,0
902495,0
902496,0
902497,0
902498,0
902499,12
902500,0
902501,0
902502,0
902503,14
902504,0
902505,0
902506,0
902507,0
902508,0
902509,0
902510,0
902511,0
902512,15
902513,0
902514,12
902515,0
902516,11
902517,0
902518,15
902519,0
902520,0
902521,0
902522,0
902523,0
902524,10
902525,15
902526,21
902527,0
902528,0
902529,0
902530,0
902531,0
902532,0
902533,0
902534,0
902535,0
902536,0
902537,0
902538,0
902539,17
902540,0
902541,0
902542,0
902543,0
902544,0
902545,0
902546,8
902547,0
902548,0
902549,0
902550,0
902551,0
902552,0
902553,0
902554,15
902555,0
902556,0
902557,0
902558,0
902559,12
902560,0
902561,0
902562,0
902563,0
902564,0
902565,10
902566,0
902567,16
902568,8
902569,0
902570,0
902571,0
902572,0
902573,0
902574,0
902575,14
902576,0
902577,0
902578,0
902579,0
902580,0
902581,0
902582,0
902583,0
902584,0
902585,0
902586,0
902587,0
902588,0
902589,0
902590,0
902591,0
902592,0
902593,0
902594,0
902595,0
902596,0
902597,0
902598,0
902599,0
902600,0
902601,0
902602,10
902603,0
902604,0
902605,0
902606,0
902607,0
902608,0
902609,0
902610,0
902611,0
902612,0
902613,0
902614,0
902615,0
902616,0
902617,9
902618,18
902619,13
902620,0
902621,0
902622,0
902623,0
902624,0
902625,0
902626,0
902627,0
902628,11
902629,15
902630,0
902631,0
902632,16
902633,0
902634,0
902635,0
902636,0
902637,0
902638,0
902639,0
902640,0
902641,15
902642,0
902643,0
902644,0
902645,0
902646,0
902647,0
902648,0
902649,0
902650,0
902651,0
902652,16
902653,0
902654,0
902655,14
902656,16
902657,0
902658,0
902659,0
902660,0
902661,0
902662,0
902663,0
902664,0
902665,0
902666,12
902667,0
902668,0
902669,0
902670,0
902671,0
902672,29
902673,0
902674,0
902675,0
902676,0
902677,0
902678,0
902679,0
902680,0
902681,11
902682,9
902683,0
902684,0
902685,0
902686,0
902687,6
902688,0
902689,0
902690,0
902691,0
902692,12
902693,0
902694,0
902695,0
902696,0
902697,0
902698,0
902699,0
902700,0
902701,0
902702,0
902703,0
902704,0
902705,0
902706,0
902707,8
902708,0
902709,0
902710,0
902711,0
902712,0
902713,15
902714,0
902715,18
902716,0
902717,0
902718,0
902719,0
902720,0
902721,0
902722,0
902723,0
902724,8
902725,0
902726,0
902727,0
902728,0
902729,0
902730,0
902731,0
902732,12
902733,0
902734,0
902735,14
902736,6
902737,0
902738,0
902739,0
902740,0
902741,0
902742,0
902743,0
902744,0
902745,0
902746,0
902747,0
902748,0
902749,18
902750,13
902751,0
902752,10
902753,0
902754,0
902755,0
902756,0
902757,0
902758,14
902759,0
902760,18
902761,0
902762,10
902763,0
902764,0
902765,0
902766,0
902767,0
902768,0
902769,0
902770,10
902771,0
902772,0
902773,0
902774,0
902775,0
902776,0
902777,0
902778,0
902779,0
902780,0
902781,0
902782,0
902783,0
902784,0
902785,0
902786,0
902787,0
902788,0
902789,0
902790,0
902791,0
902792,0
902793,0
902794,0
902795,0
902796,0
902797,0
902798,0
902799,0
902800,0
902801,0
902802,0
902803,0
902804,15
902805,0
902806,0
902807,0
902808,0
902809,0
902810,0
902811,0
902812,0
902813,0
902814,0
902815,0
902816,0
902817,0
902818,0
902819,0
902820,4
902821,0
902822,0
902823,9
902824,0
902825,0
902826,0
902827,0
902828,0
902829,13
902830,0
902831,0
902832,0
902833,0
902834,0
902835,16
902836,0
902837,0
902838,0
902839,17
902840,0
902841,0
902842,8
902843,16
902844,0
902845,18
902846,0
902847,0
902848,0
902849,0
902850,0
902851,0
902852,0
902853,0
902854,0
902855,0
902856,0
902857,11
902858,0
902859,14
902860,0
902861,11
902862,0
902863,12
902864,0
902865,0
902866,0
902867,11
902868,0
902869,0
902870,0
902871,0
902872,0
902873,0
902874,0
902875,12
902876,0
902877,0
902878,0
902879,16
902880,0
902881,0
902882,0
902883,0
902884,0
902885,0
902886,0
902887,0
902888,0
902889,0
902890,0
902891,16
902892,0
902893,0
902894,0
902895,0
902896,0
902897,0
902898,0
902899,0
902900,0
902901,0
902902,0
902903,0
902904,0
902905,0
902906,0
902907,0
902908,0
902909,0
902910,0
902911,8
902912,0
902913,0
902914,0
902915,0
902916,0
902917,0
902918,0
902919,0
902920,0
902921,11
902922,0
902923,0
902924,0
902925,0
902926,0
902927,0
902928,0
902929,0
902930,0
902931,0
902932,0
902933,0
902934,0
902935,0
902936,1
902937,0
902938,0
902939,5
902940,5
902941,0
902942,0
902943,0
902944,0
902945,0
902946,0
902947,5
902948,0
902949,0
902950,3
902951,0
902952,0
902953,0
902954,0
902955,0
902956,0
902957,0
902958,0
902959,0
902960,0
902961,7
902962,6
902963,0
902964,7
902965,7
902966,0
902967,4
902968,3
902969,3
902970,0
902971,0
902972,0
902973,5
902974,0
902975,0
902976,0
902977,0
902978,0
902979,10
902980,0
902981,0
902982,0
902983,0
902984,0
902985,0
902986,3
902987,6
902988,0
902989,0
902990,0
902991,0
902992,0
902993,6
902994,0
902995,0
902996,0
902997,0
902998,0
902999,3
903000,0
903001,0
903002,0
903003,0
903004,0
903005,0
903006,0
903007,3
903008,0
903009,0
903010,0
903011,4
903012,4
903013,0
903014,0
903015,0
903016,0
903017,7
903018,5
903019,0
903020,0
903021,0
903022,5
903023,0
903024,0
903025,0
903026,5
903027,0
903028,0
903029,6
903030,2
903031,0
903032,6
903033,2
903034,0
903035,0
903036,0
903037,0
903038,0
903039,5
903040,0
903041,0
903042,0
903043,3
903044,0
903045,0
903046,0
903047,0
903048,3
903049,0
903050,0
903051,0
903052,3
903053,0
903054,0
903055,4
903056,4
903057,0
903058,0
903059,0
903060,4
903061,0
903062,0
903063,0
903064,0
903065,0
903066,0
903067,4
903068,0
903069,0
903070,0
903071,0
903072,0
903073,0
903074,5
903075,0
903076,0
903077,0
903078,0
903079,2
903080,0
903081,0
903082,0
903083,0
903084,6
903085,0
903086,0
903087,0
903088,5
903089,0
903090,0
903091,0
903092,0
903093,0
903094,0
903095,0
903096,0
903097,5
903098,7
903099,0
903100,0
903101,0
903102,0
903103,0
903104,6
903105,3
903106,0
903107,0
903108,5
903109,7
903110,6
903111,5
903112,5
903113,0
903114,0
903115,0
903116,0
903117,7
903118,0
903119,0
903120,0
903121,0
903122,0
903123,0
903124,0
903125,4
903126,0
903127,0
903128,0
903129,0
903130,5
903131,0
903132,0
903133,0
903134,0
903135,0
903136,0
903137,0
903138,3
903139,0
903140,0
903141,0
903142,6
903143,0
903144,0
903145,0
903146,0
903147,0
903148,0
903149,0
903150,4
903151,0
903152,0
903153,0
903154,0
903155,0
903156,0
903157,0
903158,0
903159,0
903160,7
903161,5
903162,0
903163,0
903164,0
903165,0
903166,0
903167,0
903168,0
903169,0
903170,8
903171,6
903172,0
903173,0
903174,0
903175,0
903176,0
903177,0
903178,2
903179,4
903180,0
903181,7
903182,0
903183,7
903184,0
903185,0
903186,0
903187,0
903188,0
903189,0
903190,0
903191,0
903192,0
903193,0
903194,0
903195,0
903196,0
903197,0
903198,0
903199,0
903200,4
903201,0
903202,5
903203,0
903204,0
903205,0
903206,0
903207,0
903208,0
903209,0
903210,0
903211,0
903212,0
903213,6
903214,0
903215,0
903216,0
903217,4
903218,5
903219,0
903220,0
903221,0
903222,0
903223,11
903224,0
903225,0
903226,0
903227,0
903228,0
903229,5
903230,3
903231,2
903232,5
903233,2
903234,0
903235,0
903236,6
903237,0
903238,0
903239,3
903240,0
903241,0
903242,0
903243,0
903244,0
903245,0
903246,0
903247,5
903248,0
903249,0
903250,0
903251,0
903252,0
903253,0
903254,0
903255,0
903256,5
903257,0
903258,0
903259,0
903260,0
903261,0
903262,0
903263,0
903264,0
903265,0
903266,0
903267,0
903268,0
903269,0
903270,0
903271,0
903272,0
903273,0
903274,7
903275,0
903276,0
903277,0
903278,0
903279,0
903280,0
903281,0
903282,2
903283,0
903284,0
903285,0
903286,0
903287,0
903288,0
903289,0
903290,0
903291,0
903292,0
903293,0
903294,0
903295,0
903296,0
903297,4
903298,0
903299,0
903300,0
903301,3
903302,0
903303,0
903304,0
903305,0
903306,0
903307,6
903308,0
903309,0
903310,6
903311,4
903312,0
903313,0
903314,0
903315,0
903316,8
903317,0
903318,0
903319,0
903320,0
903321,9
903322,0
903323,0
903324,0
903325,7
903326,0
903327,0
903328,4
903329,0
903330,0
903331,0
903332,0
903333,0
903334,0
903335,0
903336,0
903337,0
903338,5
903339,0
903340,0
903341,0
903342,0
903343,0
903344,0
903345,0
903346,0
903347,0
903348,0
903349,0
903350,5
903351,0
903352,0
903353,0
903354,0
903355,1
903356,0
903357,0
903358,0
903359,0
903360,0
903361,5
903362,0
903363,0
903364,0
903365,0
903366,4
903367,0
903368,0
903369,0
903370,0
903371,0
903372,0
903373,0
903374,3
903375,0
903376,5
903377,0
903378,4
903379,0
903380,0
903381,9
903382,0
903383,0
903384,0
903385,0
903386,0
903387,0
903388,0
903389,0
903390,0
903391,0
903392,0
903393,0
903394,0
903395,0
903396,0
903397,0
903398,0
903399,0
903400,0
903401,0
903402,0
903403,0
903404,0
903405,0
903406,0
903407,0
903408,0
903409,0
903410,0
903411,0
903412,0
903413,2
903414,0
903415,0
903416,0
903417,0
903418,0
903419,0
903420,0
903421,0
903422,0
903423,0
903424,0
903425,10
903426,4
903427,0
903428,3
903429,0
903430,0
903431,0
903432,0
903433,0
903434,0
903435,0
903436,0
903437,3
903438,3
903439,3
903440,0
903441,0
903442,0
903443,0
903444,0
903445,0
903446,0
903447,5
903448,8
903449,0
903450,3
903451,0
903452,0
903453,0
903454,0
903455,0
903456,2
903457,6
903458,0
903459,0
903460,0
903461,0
903462,0
903463,0
903464,0
903465,7
903466,0
903467,0
903468,0
903469,5
903470,0
903471,3
903472,0
903473,2
903474,0
903475,7
903476,0
903477,0
903478,0
903479,0
903480,0
903481,0
903482,0
903483,0
903484,0
903485,7
903486,0
903487,6
903488,0
903489,0
903490,3
903491,6
903492,0
903493,3
903494,8
903495,0
903496,0
903497,0
903498,0
903499,0
903500,0
903501,0
903502,0
903503,4
903504,3
903505,5
903506,0
903507,4
903508,0
903509,0
903510,7
903511,0
903512,3
903513,7
903514,0
903515,0
903516,0
903517,0
903518,3
903519,0
903520,7
903521,0
903522,0
903523,0
903524,0
903525,0
903526,0
903527,0
903528,0
903529,5
903530,5
903531,0
903532,0
903533,0
903534,0
903535,3
903536,0
903537,6
903538,0
903539,0
903540,0
903541,5
903542,3
903543,0
903544,0
903545,0
903546,0
903547,0
903548,0
903549,0
903550,0
903551,0
903552,0
903553,0
903554,0
903555,0
903556,0
903557,0
903558,0
903559,10
903560,0
903561,0
903562,0
903563,0
903564,0
903565,0
903566,0
903567,0
903568,0
903569,0
903570,0
903571,4
903572,0
903573,0
903574,0
903575,0
903576,0
903577,0
903578,0
903579,0
903580,0
903581,0
903582,0
903583,0
903584,0
903585,0
903586,0
903587,2
903588,0
903589,0
903590,0
903591,0
903592,0
903593,0
903594,0
903595,0
903596,0
903597,0
903598,0
903599,0
903600,0
903601,0
903602,0
903603,0
903604,0
903605,0
903606,3
903607,0
903608,0
903609,0
903610,2
903611,0
903612,0
903613,0
903614,0
903615,5
903616,6
903617,0
903618,2
903619,0
903620,6
903621,0
903622,8
903623,0
903624,0
903625,0
903626,5
903627,0
903628,4
903629,0
903630,5
903631,1
903632,0
903633,0
903634,0
903635,0
903636,0
903637,3
903638,0
903639,0
903640,0
903641,0
903642,7
903643,0
903644,0
903645,3
903646,8
903647,9
903648,2
903649,0
903650,0
903651,0
903652,0
903653,12
903654,3
903655,0
903656,0
903657,0
903658,0
903659,4
903660,6
903661,0
903662,0
903663,0
903664,0
903665,0
903666,0
903667,0
903668,0
903669,0
903670,0
903671,6
903672,4
903673,0
903674,0
903675,0
903676,0
903677,0
903678,0
903679,0
903680,0
903681,0
903682,0
903683,0
903684,0
903685,0
903686,0
903687,0
903688,0
903689,0
903690,2
903691,0
903692,5
903693,0
903694,0
903695,1
903696,0
903697,0
903698,0
903699,0
903700,1
903701,0
903702,0
903703,0
903704,0
903705,0
903706,5
903707,4
903708,2
903709,0
903710,0
903711,4
903712,0
903713,0
903714,5
903715,6
903716,0
903717,0
903718,0
903719,0
903720,0
903721,0
903722,0
903723,0
903724,3
903725,0
903726,0
903727,0
903728,0
903729,0
903730,0
903731,0
903732,0
903733,0
903734,0
903735,0
903736,0
903737,0
903738,4
903739,0
903740,0
903741,0
903742,0
903743,0
903744,7
903745,0
903746,0
903747,0
903748,0
903749,9
903750,0
903751,0
903752,0
903753,0
903754,0
903755,0
903756,6
903757,0
903758,0
903759,0
903760,0
903761,0
903762,0
903763,0
903764,0
903765,0
903766,3
903767,0
903768,4
903769,0
903770,0
903771,0
903772,3
903773,0
903774,0
903775,0
903776,0
903777,0
903778,0
903779,0
903780,4
903781,2
903782,7
903783,4
903784,3
903785,4
903786,0
903787,2
903788,5
903789,0
903790,7
903791,0
903792,1
903793,0
903794,0
903795,0
903796,0
903797,0
903798,0
903799,0
903800,0
903801,0
903802,0
903803,0
903804,0
903805,0
903806,0
903807,0
903808,0
903809,0
903810,6
903811,0
903812,0
903813,0
903814,0
903815,0
903816,0
903817,0
903818,6
903819,4
903820,0
903821,0
903822,0
903823,0
903824,0
903825,1
903826,0
903827,0
903828,0
903829,0
903830,0
903831,0
903832,0
903833,0
903834,9
903835,0
903836,3
903837,0
903838,0
903839,5
903840,0
903841,0
903842,8
903843,0
903844,4
903845,0
903846,0
903847,0
903848,2
903849,5
903850,0
903851,0
903852,0
903853,0
903854,4
903855,5
903856,7
903857,0
903858,0
903859,0
903860,0
903861,0
903862,0
903863,0
903864,0
903865,0
903866,4
903867,0
903868,0
903869,0
903870,0
903871,0
903872,0
903873,0
903874,8
903875,0
903876,0
903877,0
903878,0
903879,0
903880,0
903881,2
903882,0
903883,0
903884,5
903885,0
903886,0
903887,0
903888,0
903889,3
903890,6
903891,0
903892,0
903893,4
903894,5
903895,0
903896,0
903897,0
903898,0
903899,0
903900,0
903901,0
903902,0
903903,5
903904,0
903905,0
903906,0
903907,0
903908,0
903909,0
903910,0
903911,0
903912,0
903913,0
903914,6
903915,0
903916,0
903917,2
903918,0
903919,0
903920,0
903921,0
903922,0
903923,9
903924,0
903925,0
903926,0
903927,0
903928,0
903929,0
903930,0
903931,0
903932,0
903933,44
903934,0
903935,0
903936,54
903937,0
903938,0
903939,0
903940,0
903941,0
903942,0
903943,0
903944,0
903945,0
903946,0
903947,36
903948,29
903949,0
903950,0
903951,0
903952,0
903953,0
903954,0
903955,0
903956,0
903957,45
903958,0
903959,0
903960,0
903961,0
903962,0
903963,0
903964,37
903965,0
903966,0
903967,0
903968,0
903969,0
903970,0
903971,0
903972,0
903973,38
903974,0
903975,0
903976,0
903977,0
903978,0
903979,0
903980,0
903981,0
903982,0
903983,0
903984,0
903985,0
903986,0
903987,0
903988,0
903989,0
903990,0
903991,0
903992,45
903993,0
903994,0
903995,47
903996,0
903997,41
903998,0
903999,0
904000,0
904001,0
904002,0
904003,55
904004,0
904005,0
904006,0
904007,45
904008,0
904009,0
904010,0
904011,0
904012,0
904013,0
904014,0
904015,0
904016,0
904017,0
904018,0
904019,0
904020,0
904021,0
904022,0
904023,0
904024,16
904025,0
904026,0
904027,0
904028,0
904029,0
904030,0
904031,0
904032,0
904033,0
904034,0
904035,0
904036,0
904037,0
904038,0
904039,0
904040,0
904041,0
904042,0
904043,0
904044,0
904045,39
904046,0
904047,0
904048,0
904049,0
904050,0
904051,0
904052,0
904053,0
904054,0
904055,33
904056,44
904057,44
904058,0
904059,0
904060,0
904061,0
904062,0
904063,0
904064,0
904065,0
904066,0
904067,0
904068,33
904069,0
904070,57
904071,0
904072,0
904073,0
904074,0
904075,54
904076,0
904077,0
904078,35
904079,0
904080,0
904081,0
904082,0
904083,0
904084,0
904085,38
904086,0
904087,0
904088,0
904089,52
904090,0
904091,0
904092,0
904093,0
904094,0
904095,25
904096,0
904097,0
904098,0
904099,0
904100,0
904101,0
904102,0
904103,0
904104,0
904105,0
904106,0
904107,49
904108,0
904109,0
904110,0
904111,0
904112,0
904113,0
904114,0
904115,0
904116,0
904117,0
904118,42
904119,33
904120,0
904121,33
904122,0
904123,0
904124,27
904125,0
904126,0
904127,0
904128,0
904129,0
904130,39
904131,0
904132,0
904133,0
904134,0
904135,0
904136,0
904137,0
904138,36
904139,0
904140,0
904141,0
904142,0
904143,0
904144,0
904145,41
904146,0
904147,34
904148,0
904149,0
904150,0
904151,0
904152,47
904153,0
904154,0
904155,0
904156,0
904157,0
904158,30
904159,0
904160,0
904161,0
904162,0
904163,0
904164,0
904165,0
904166,0
904167,0
904168,0
904169,0
904170,0
904171,0
904172,0
904173,0
904174,0
904175,0
904176,0
904177,0
904178,0
904179,42
904180,0
904181,0
904182,0
904183,0
904184,41
904185,0
904186,0
904187,0
904188,0
904189,30
904190,0
904191,0
904192,0
904193,0
904194,28
904195,0
904196,0
904197,0
904198,0
904199,0
904200,0
904201,0
904202,0
904203,38
904204,0
904205,0
904206,66
904207,0
904208,0
904209,0
904210,0
904211,0
904212,0
904213,35
904214,42
904215,41
904216,0
904217,0
904218,0
904219,0
904220,0
904221,0
904222,0
904223,0
904224,0
904225,0
904226,0
904227,0
904228,0
904229,0
904230,0
904231,0
904232,0
904233,0
904234,0
904235,0
904236,34
904237,0
904238,0
904239,0
904240,0
904241,0
904242,0
904243,0
904244,0
904245,0
904246,0
904247,30
904248,0
904249,0
904250,0
904251,0
904252,0
904253,3
904254,0
904255,1
904256,0
904257,0
904258,0
904259,0
904260,0
904261,0
904262,0
904263,0
904264,0
904265,0
904266,0
904267,0
904268,0
904269,0
904270,0
904271,0
904272,0
904273,0
904274,0
904275,0
904276,0
904277,0
904278,4
904279,2
904280,0
904281,0
904282,7
904283,0
904284,5
904285,1
904286,4
904287,0
904288,0
904289,0
904290,0
904291,0
904292,0
904293,0
904294,4
904295,0
904296,0
904297,3
904298,0
904299,0
904300,0
904301,0
904302,0
904303,0
904304,0
904305,6
904306,0
904307,0
904308,6
904309,6
904310,3
904311,0
904312,0
904313,0
904314,4
904315,0
904316,0
904317,0
904318,0
904319,0
904320,0
904321,4
904322,0
904323,0
904324,0
904325,0
904326,0
904327,0
904328,0
904329,0
904330,0
904331,0
904332,0
904333,3
904334,0
904335,4
904336,0
904337,1
904338,5
904339,0
904340,1
904341,0
904342,0
904343,0
904344,0
904345,0
904346,7
904347,0
904348,0
904349,0
904350,3
904351,0
904352,8
904353,0
904354,0
904355,0
904356,0
904357,0
904358,0
904359,0
904360,0
904361,5
904362,0
904363,0
904364,0
904365,0
904366,0
904367,0
904368,0
904369,0
904370,3
904371,4
904372,7
904373,0
904374,0
904375,0
904376,4
904377,4
904378,0
904379,0
904380,0
904381,0
904382,0
904383,0
904384,0
904385,0
904386,0
904387,0
904388,0
904389,2
904390,0
904391,0
904392,0
904393,0
904394,0
904395,0
904396,0
904397,0
904398,0
904399,3
904400,0
904401,0
904402,0
904403,0
904404,11
904405,0
904406,0
904407,0
904408,0
904409,0
904410,0
904411,0
904412,0
904413,0
904414,0
904415,0
904416,0
904417,0
904418,0
904419,2
904420,0
904421,2
904422,0
904423,0
904424,0
904425,0
904426,4
904427,0
904428,0
904429,0
904430,0
904431,0
904432,0
904433,7
904434,0
904435,0
904436,0
904437,0
904438,0
904439,0
904440,0
904441,0
904442,0
904443,3
904444,0
904445,0
904446,0
904447,0
904448,0
904449,3
904450,0
904451,0
904452,0
904453,0
904454,0
904455,5
904456,0
904457,0
904458,0
904459,4
904460,3
904461,0
904462,0
904463,0
904464,0
904465,0
904466,0
904467,0
904468,0
904469,5
904470,0
904471,0
904472,4
904473,0
904474,1
904475,4
904476,0
904477,8
904478,0
904479,5
904480,0
904481,0
904482,2
904483,0
904484,0
904485,0
904486,8
904487,0
904488,4
904489,0
904490,0
904491,0
904492,3
904493,5
904494,5
904495,0
904496,0
904497,0
904498,0
904499,0
904500,3
904501,4
904502,0
904503,4
904504,0
904505,0
904506,0
904507,0
904508,0
904509,4
904510,0
904511,5
904512,0
904513,0
904514,0
904515,0
904516,0
904517,2
904518,0
904519,0
904520,0
904521,0
904522,0
904523,0
904524,0
904525,0
904526,0
904527,0
904528,0
904529,0
904530,6
904531,4
904532,6
904533,0
904534,0
904535,4
904536,0
904537,4
904538,0
904539,0
904540,0
904541,0
904542,0
904543,0
904544,1
904545,0
904546,0
904547,0
904548,0
904549,0
904550,4
904551,0
904552,0
904553,0
904554,0
904555,6
904556,0
904557,0
904558,0
904559,0
904560,1
904561,4
904562,0
904563,0
904564,0
904565,0
904566,0
904567,0
904568,0
904569,0
904570,0
904571,0
904572,5
904573,0
904574,0
904575,0
904576,0
904577,0
904578,3
904579,1
904580,0
904581,0
904582,0
904583,3
904584,2
904585,0
904586,0
904587,0
904588,0
904589,0
904590,0
904591,0
904592,0
904593,0
904594,0
904595,0
904596,8
904597,0
904598,3
904599,0
904600,0
904601,0
904602,0
904603,1
904604,0
904605,0
904606,0
904607,0
904608,0
904609,0
904610,4
904611,0
904612,0
904613,1
904614,0
904615,0
904616,1
904617,0
904618,3
904619,0
904620,0
904621,0
904622,0
904623,0
904624,0
904625,0
904626,0
904627,0
904628,0
904629,0
904630,0
904631,0
904632,0
904633,0
904634,0
904635,0
904636,0
904637,0
904638,0
904639,0
904640,0
904641,0
904642,2
904643,0
904644,0
904645,0
904646,0
904647,0
904648,7
904649,0
904650,0
904651,0
904652,0
904653,0
904654,0
904655,0
904656,0
904657,0
904658,2
904659,0
904660,0
904661,0
904662,7
904663,2
904664,0
904665,0
904666,0
904667,0
904668,0
904669,5
904670,0
904671,0
904672,2
904673,0
904674,0
904675,0
904676,4
904677,0
904678,0
904679,0
904680,2
904681,0
904682,2
904683,0
904684,0
904685,0
904686,0
904687,0
904688,0
904689,0
904690,1
904691,0
904692,5
904693,0
904694,8
904695,0
904696,2
904697,0
904698,3
904699,0
904700,0
904701,0
904702,0
904703,0
904704,0
904705,0
904706,1
904707,0
904708,0
904709,0
904710,7
904711,0
904712,0
904713,4
904714,0
904715,1
904716,4
904717,0
904718,0
904719,1
904720,0
904721,0
904722,0
904723,0
904724,0
904725,0
904726,0
904727,0
904728,7
904729,0
904730,0
904731,0
904732,0
904733,0
904734,0
904735,0
904736,6
904737,2
904738,0
904739,3
904740,2
904741,0
904742,0
904743,3
904744,0
904745,0
904746,0
904747,2
904748,6
904749,0
904750,2
904751,0
904752,0
904753,1
904754,0
904755,0
904756,8
904757,0
904758,0
904759,1
904760,0
904761,2
904762,0
904763,0
904764,0
904765,3
904766,0
904767,4
904768,0
904769,1
904770,0
904771,0
904772,0
904773,0
904774,4
904775,0
904776,0
904777,0
904778,0
904779,0
904780,0
904781,0
904782,0
904783,0
904784,0
904785,0
904786,0
904787,0
904788,0
904789,0
904790,13
904791,0
904792,6
904793,11
904794,0
904795,0
904796,0
904797,0
904798,0
904799,0
904800,0
904801,0
904802,0
904803,0
904804,0
904805,10
904806,0
904807,0
904808,0
904809,0
904810,0
904811,0
904812,0
904813,10
904814,0
904815,0
904816,0
904817,4
904818,0
904819,0
904820,6
904821,8
904822,0
904823,0
904824,0
904825,0
904826,0
904827,0
904828,7
904829,11
904830,0
904831,6
904832,0
904833,6
904834,0
904835,0
904836,0
904837,0
904838,0
904839,0
904840,0
904841,0
904842,6
904843,0
904844,0
904845,0
904846,0
904847,0
904848,0
904849,8
904850,0
904851,0
904852,0
904853,3
904854,0
904855,0
904856,0
904857,0
904858,0
904859,0
904860,0
904861,0
904862,0
904863,0
904864,0
904865,0
904866,0
904867,0
904868,0
904869,0
904870,7
904871,0
904872,0
904873,0
904874,0
904875,0
904876,0
904877,37
904878,0
904879,0
904880,0
904881,0
904882,0
904883,0
904884,0
904885,0
904886,0
904887,0
904888,0
904889,0
904890,32
904891,0
904892,30
904893,0
904894,0
904895,0
904896,0
904897,0
904898,0
904899,0
904900,0
904901,0
904902,0
904903,0
904904,0
904905,17
904906,0
904907,0
904908,0
904909,0
904910,0
904911,0
904912,33
904913,0
904914,0
904915,0
904916,0
904917,0
904918,0
904919,0
904920,0
904921,0
904922,0
904923,0
904924,35
904925,0
904926,0
904927,0
904928,0
904929,0
904930,0
904931,0
904932,0
904933,0
904934,0
904935,0
904936,0
904937,0
904938,0
904939,0
904940,40
904941,0
904942,0
904943,0
904944,0
904945,0
904946,0
904947,0
904948,0
904949,0
904950,0
904951,0
904952,0
904953,0
904954,0
904955,0
904956,0
904957,0
904958,0
904959,0
904960,0
904961,0
904962,36
904963,0
904964,39
904965,0
904966,0
904967,0
904968,0
904969,0
904970,0
904971,0
904972,0
904973,0
904974,0
904975,0
904976,0
904977,0
904978,0
904979,43
904980,0
904981,0
904982,0
904983,0
904984,0
904985,0
904986,0
904987,0
904988,0
904989,0
904990,0
904991,0
904992,0
904993,0
904994,0
904995,0
904996,30
904997,0
904998,0
904999,0
905000,0
905001,0
905002,50
905003,0
905004,0
905005,0
905006,0
905007,35
905008,51
905009,32
905010,0
905011,0
905012,47
905013,24
905014,0
905015,0
905016,42
905017,34
905018,0
905019,24
905020,0
905021,0
905022,0
905023,0
905024,0
905025,0
905026,0
905027,0
905028,0
905029,0
905030,52
905031,32
905032,43
905033,0
905034,0
905035,0
905036,47
905037,0
905038,0
905039,0
905040,0
905041,41
905042,63
905043,0
905044,0
905045,33
905046,0
905047,0
905048,0
905049,0
905050,0
905051,33
905052,0
905053,34
905054,0
905055,0
905056,35
905057,0
905058,0
905059,0
905060,16
905061,0
905062,0
905063,33
905064,0
905065,0
905066,0
905067,55
905068,0
905069,0
905070,0
905071,0
905072,0
905073,0
905074,40
905075,0
905076,45
905077,18
905078,40
905079,50
905080,51
905081,0
905082,0
905083,51
905084,30
905085,0
905086,0
905087,57
905088,0
905089,0
905090,0
905091,0
905092,0
905093,0
905094,0
905095,0
905096,0
905097,0
905098,0
905099,43
905100,0
905101,0
905102,0
905103,23
905104,42
905105,34
905106,0
905107,0
905108,0
905109,0
905110,0
905111,0
905112,0
905113,0
905114,0
905115,0
905116,0
905117,0
905118,0
905119,0
905120,0
905121,20
905122,0
905123,0
905124,0
905125,0
905126,37
905127,0
905128,0
905129,0
905130,0
905131,0
905132,44
905133,0
905134,0
905135,29
905136,50
905137,0
905138,0
905139,36
905140,39
905141,0
905142,0
905143,0
905144,0
905145,0
905146,48
905147,0
905148,0
905149,0
905150,0
905151,0
905152,0
905153,0
905154,29
905155,0
905156,0
905157,37
905158,0
905159,0
905160,0
905161,0
905162,50
905163,0
905164,0
905165,0
905166,46
905167,32
905168,0
905169,0
905170,0
905171,0
905172,0
905173,34
905174,38
905175,0
905176,0
905177,47
905178,30
905179,0
905180,0
905181,48
905182,0
905183,0
905184,0
905185,0
905186,0
905187,0
905188,47
905189,0
905190,62
905191,0
905192,0
905193,0
905194,0
905195,0
905196,34
905197,0
905198,0
905199,0
905200,0
905201,36
905202,0
905203,0
905204,0
905205,0
905206,0
905207,0
905208,0
905209,0
905210,3
905211,0
905212,3
905213,0
905214,0
905215,1
905216,0
905217,5
905218,2
905219,0
905220,0
905221,4
905222,0
905223,0
905224,2
905225,0
905226,0
905227,0
905228,1
905229,0
905230,0
905231,0
905232,0
905233,0
905234,0
905235,0
905236,0
905237,4
905238,0
905239,1
905240,3
905241,5
905242,0
905243,0
905244,0
905245,2
905246,0
905247,0
905248,0
905249,3
905250,0
905251,0
905252,2
905253,0
905254,0
905255,0
905256,0
905257,0
905258,0
905259,0
905260,0
905261,0
905262,0
905263,1
905264,0
905265,0
905266,0
905267,5
905268,0
905269,0
905270,0
905271,1
905272,0
905273,0
905274,0
905275,0
905276,2
905277,0
905278,2
905279,0
905280,0
905281,0
905282,7
905283,0
905284,0
905285,3
905286,3
905287,0
905288,0
905289,2
905290,3
905291,7
905292,0
905293,1
905294,0
905295,0
905296,0
905297,0
905298,0
905299,0
905300,0
905301,0
905302,0
905303,5
905304,2
905305,1
905306,0
905307,0
905308,4
905309,4
905310,0
905311,0
905312,1
905313,0
905314,0
905315,0
905316,0
905317,2
905318,0
905319,0
905320,0
905321,0
905322,0
905323,0
905324,0
905325,0
905326,0
905327,0
905328,0
905329,0
905330,0
905331,0
905332,5
905333,0
905334,1
905335,1
905336,0
905337,2
905338,0
905339,0
905340,0
905341,0
905342,6
905343,0
905344,0
905345,5
905346,2
905347,0
905348,0
905349,0
905350,0
905351,0
905352,4
905353,0
905354,0
905355,0
905356,0
905357,0
905358,0
905359,4
905360,0
905361,0
905362,0
905363,0
905364,0
905365,3
905366,0
905367,0
905368,0
905369,0
905370,5
905371,4
905372,1
905373,1
905374,0
905375,2
905376,0
905377,0
905378,0
905379,0
905380,1
905381,3
905382,0
905383,0
905384,0
905385,0
905386,0
905387,0
905388,0
905389,0
905390,2
905391,0
905392,0
905393,2
905394,0
905395,0
905396,0
905397,3
905398,3
905399,0
905400,0
905401,0
905402,2
905403,0
905404,0
905405,0
905406,0
905407,0
905408,5
905409,0
905410,3
905411,0
905412,0
905413,2
905414,0
905415,0
905416,0
905417,0
905418,0
905419,4
905420,0
905421,0
905422,0
905423,0
905424,0
905425,0
905426,1
905427,0
905428,0
905429,0
905430,0
905431,0
905432,2
905433,0
905434,0
905435,0
905436,0
905437,0
905438,0
905439,0
905440,0
905441,0
905442,0
905443,6
905444,0
905445,0
905446,0
905447,3
905448,1
905449,0
905450,0
905451,0
905452,0
905453,1
905454,0
905455,0
905456,0
905457,0
905458,0
905459,3
905460,2
905461,0
905462,0
905463,2
905464,0
905465,2
905466,0
905467,0
905468,3
905469,6
905470,1
905471,4
905472,0
905473,0
905474,0
905475,0
905476,0
905477,4
905478,0
905479,0
905480,6
905481,4
905482,0
905483,0
905484,0
905485,0
905486,2
905487,0
905488,0
905489,0
905490,0
905491,0
905492,3
905493,0
905494,0
905495,0
905496,0
905497,0
905498,0
905499,0
905500,3
905501,1
905502,0
905503,0
905504,3
905505,0
905506,0
905507,1
905508,5
905509,0
905510,3
905511,6
905512,0
905513,0
905514,5
905515,0
905516,0
905517,0
905518,0
905519,0
905520,0
905521,0
905522,0
905523,0
905524,0
905525,0
905526,0
905527,0
905528,0
905529,0
905530,0
905531,0
905532,0
905533,3
905534,0
905535,0
905536,0
905537,4
905538,0
905539,1
905540,0
905541,0
905542,0
905543,0
905544,0
905545,3
905546,0
905547,0
905548,1
905549,1
905550,0
905551,0
905552,0
905553,0
905554,0
905555,0
905556,0
905557,0
905558,0
905559,0
905560,0
905561,0
905562,0
905563,2
905564,1
905565,0
905566,4
905567,4
905568,1
905569,0
905570,1
905571,2
905572,0
905573,0
905574,0
905575,0
905576,0
905577,1
905578,0
905579,0
905580,0
905581,4
905582,5
905583,0
905584,0
905585,0
905586,3
905587,0
905588,0
905589,1
905590,3
905591,0
905592,0
905593,0
905594,0
905595,0
905596,0
905597,3
905598,3
905599,6
905600,0
905601,0
905602,2
905603,0
905604,0
905605,0
905606,0
905607,1
905608,0
905609,0
905610,2
905611,0
905612,0
905613,0
905614,3
905615,2
905616,0
905617,0
905618,0
905619,0
905620,0
905621,0
905622,1
905623,2
905624,1
905625,0
905626,0
905627,0
905628,0
905629,0
905630,0
905631,0
905632,2
905633,0
905634,0
905635,0
905636,0
905637,0
905638,0
905639,0
905640,0
905641,0
905642,0
905643,2
905644,2
905645,0
905646,0
905647,0
905648,3
905649,0
905650,3
905651,0
905652,3
905653,0
905654,0
905655,0
905656,0
905657,0
905658,0
905659,3
905660,2
905661,5
905662,0
905663,0
905664,0
905665,0
905666,0
905667,0
905668,0
905669,2
905670,3
905671,0
905672,0
905673,0
905674,0
905675,3
905676,0
905677,0
905678,0
905679,0
905680,0
905681,0
905682,0
905683,0
905684,2
905685,0
905686,0
905687,0
905688,0
905689,0
905690,0
905691,0
905692,0
905693,0
905694,0
905695,4
905696,0
905697,1
905698,0
905699,0
905700,2
905701,2
905702,0
905703,3
905704,4
905705,0
905706,0
905707,0
905708,0
905709,0
905710,0
905711,0
905712,0
905713,0
905714,0
905715,0
905716,0
905717,0
905718,0
905719,2
905720,3
905721,0
905722,0
905723,0
905724,0
905725,0
905726,3
905727,0
905728,0
905729,0
905730,3
905731,3
905732,1
905733,0
905734,0
905735,0
905736,0
905737,0
905738,0
905739,0
905740,5
905741,0
905742,3
905743,0
905744,2
905745,0
905746,0
905747,0
905748,3
905749,0
905750,0
905751,0
905752,0
905753,0
905754,0
905755,0
905756,0
905757,0
905758,0
905759,0
905760,0
905761,0
905762,0
905763,0
905764,0
905765,0
905766,0
905767,0
905768,0
905769,0
905770,3
905771,0
905772,0
905773,0
905774,0
905775,0
905776,0
905777,0
905778,0
905779,0
905780,0
905781,0
905782,0
905783,0
905784,0
905785,0
905786,0
905787,0
905788,0
905789,0
905790,0
905791,0
905792,0
905793,0
905794,1
905795,0
905796,0
905797,0
905798,0
905799,0
905800,0
905801,0
905802,3
905803,0
905804,3
905805,0
905806,0
905807,0
905808,0
905809,0
905810,0
905811,1
905812,3
905813,0
905814,0
905815,0
905816,0
905817,0
905818,0
905819,2
905820,0
905821,2
905822,0
905823,0
905824,0
905825,0
905826,0
905827,1
905828,7
905829,0
905830,3
905831,0
905832,0
905833,0
905834,4
905835,4
905836,0
905837,0
905838,0
905839,0
905840,3
905841,0
905842,0
905843,2
905844,0
905845,1
905846,0
905847,0
905848,0
905849,0
905850,1
905851,0
905852,0
905853,0
905854,0
905855,0
905856,0
905857,0
905858,0
905859,0
905860,0
905861,1
905862,0
905863,0
905864,0
905865,0
905866,0
905867,0
905868,0
905869,0
905870,0
905871,0
905872,0
905873,0
905874,0
905875,0
905876,0
905877,0
905878,2
905879,0
905880,0
905881,0
905882,0
905883,2
905884,1
905885,5
905886,0
905887,4
905888,2
905889,0
905890,0
905891,4
905892,0
905893,3
905894,0
905895,0
905896,4
905897,3
905898,0
905899,1
905900,0
905901,0
905902,1
905903,0
905904,0
905905,0
905906,0
905907,0
905908,0
905909,2
905910,0
905911,0
905912,0
905913,0
905914,0
905915,1
905916,0
905917,0
905918,0
905919,0
905920,0
905921,4
905922,0
905923,0
905924,0
905925,2
905926,0
905927,0
905928,0
905929,0
905930,2
905931,0
905932,0
905933,0
905934,0
905935,0
905936,0
905937,0
905938,0
905939,0
905940,0
905941,0
905942,2
905943,0
905944,2
905945,0
905946,0
905947,0
905948,0
905949,3
905950,0
905951,0
905952,0
905953,0
905954,0
905955,0
905956,6
905957,0
905958,0
905959,0
905960,0
905961,0
905962,0
905963,3
905964,1
905965,0
905966,0
905967,0
905968,0
905969,0
905970,0
905971,0
905972,0
905973,0
905974,0
905975,0
905976,3
905977,0
905978,0
905979,0
905980,0
905981,0
905982,0
905983,0
905984,0
905985,0
905986,0
905987,0
905988,13
905989,0
905990,0
905991,0
905992,15
905993,0
905994,14
905995,0
905996,0
905997,10
905998,14
905999,0
906000,0
906001,0
906002,0
906003,0
906004,0
906005,0
906006,13
906007,0
906008,10
906009,0
906010,14
906011,0
906012,0
906013,0
906014,14
906015,0
906016,0
906017,0
906018,21
906019,0
906020,0
906021,14
906022,0
906023,0
906024,0
906025,0
906026,0
906027,0
906028,0
906029,15
906030,0
906031,0
906032,0
906033,0
906034,0
906035,21
906036,0
906037,0
906038,0
906039,0
906040,21
906041,0
906042,0
906043,0
906044,18
906045,0
906046,0
906047,0
906048,17
906049,17
906050,0
906051,0
906052,0
906053,0
906054,0
906055,13
906056,0
906057,0
906058,0
906059,8
906060,11
906061,0
906062,0
906063,0
906064,0
906065,0
906066,0
906067,0
906068,0
906069,11
906070,0
906071,10
906072,11
906073,0
906074,0
906075,0
906076,22
906077,9
906078,0
906079,0
906080,0
906081,13
906082,0
906083,26
906084,0
906085,15
906086,0
906087,17
906088,0
906089,0
906090,18
906091,18
906092,0
906093,0
906094,0
906095,0
906096,0
906097,16
906098,0
906099,12
906100,0
906101,0
906102,0
906103,0
906104,12
906105,0
906106,0
906107,0
906108,0
906109,15
906110,15
906111,17
906112,0
906113,0
906114,0
906115,13
906116,0
906117,15
906118,0
906119,16
906120,0
906121,0
906122,0
906123,11
906124,0
906125,0
906126,15
906127,0
906128,0
906129,0
906130,0
906131,0
906132,0
906133,0
906134,0
906135,0
906136,0
906137,0
906138,0
906139,16
906140,0
906141,0
906142,0
906143,0
906144,0
906145,0
906146,22
906147,0
906148,0
906149,16
906150,11
906151,0
906152,0
906153,0
906154,0
906155,0
906156,0
906157,0
906158,0
906159,0
906160,0
906161,0
906162,0
906163,25
906164,0
906165,0
906166,11
906167,0
906168,16
906169,0
906170,0
906171,0
906172,9
906173,0
906174,0
906175,18
906176,0
906177,0
906178,24
906179,10
906180,0
906181,18
906182,0
906183,0
906184,0
906185,0
906186,0
906187,0
906188,0
906189,0
906190,0
906191,0
906192,0
906193,0
906194,0
906195,0
906196,0
906197,0
906198,0
906199,0
906200,0
906201,0
906202,0
906203,19
906204,0
906205,0
906206,0
906207,0
906208,0
906209,0
906210,0
906211,0
906212,0
906213,0
906214,0
906215,11
906216,0
906217,0
906218,0
906219,0
906220,0
906221,0
906222,0
906223,0
906224,13
906225,0
906226,0
906227,20
906228,0
906229,0
906230,0
906231,0
906232,0
906233,25
906234,0
906235,0
906236,0
906237,16
906238,0
906239,0
906240,0
906241,22
906242,0
906243,0
906244,0
906245,20
906246,0
906247,0
906248,0
906249,0
906250,0
906251,0
906252,0
906253,0
906254,0
906255,0
906256,0
906257,0
906258,0
906259,0
906260,0
906261,0
906262,0
906263,0
906264,0
906265,38
906266,0
906267,0
906268,0
906269,0
906270,0
906271,0
906272,0
906273,0
906274,0
906275,0
906276,0
906277,0
906278,0
906279,0
906280,0
906281,0
906282,0
906283,0
906284,0
906285,0
906286,0
906287,0
906288,0
906289,0
906290,0
906291,0
906292,0
906293,21
906294,0
906295,0
906296,0
906297,0
906298,0
906299,0
906300,0
906301,0
906302,0
906303,0
906304,0
906305,0
906306,0
906307,0
906308,0
906309,0
906310,0
906311,0
906312,12
906313,0
906314,0
906315,0
906316,0
906317,29
906318,0
906319,0
906320,0
906321,0
906322,0
906323,0
906324,18
906325,0
906326,0
906327,0
906328,0
906329,0
906330,21
906331,0
906332,12
906333,31
906334,0
906335,0
906336,0
906337,0
906338,0
906339,0
906340,0
906341,18
906342,22
906343,0
906344,0
906345,0
906346,0
906347,0
906348,0
906349,0
906350,0
906351,30
906352,0
906353,0
906354,0
906355,0
906356,0
906357,0
906358,0
906359,0
906360,0
906361,0
906362,0
906363,17
906364,0
906365,15
906366,0
906367,0
906368,0
906369,0
906370,0
906371,0
906372,0
906373,0
906374,0
906375,0
906376,0
906377,0
906378,0
906379,0
906380,0
906381,0
906382,0
906383,0
906384,4
906385,0
906386,0
906387,0
906388,0
906389,0
906390,0
906391,0
906392,0
906393,0
906394,0
906395,0
906396,0
906397,0
906398,0
906399,0
906400,12
906401,0
906402,0
906403,0
906404,0
906405,0
906406,0
906407,0
906408,0
906409,0
906410,0
906411,0
906412,0
906413,0
906414,0
906415,0
906416,0
906417,0
906418,0
906419,0
906420,0
906421,0
906422,0
906423,0
906424,0
906425,0
906426,12
906427,0
906428,0
906429,0
906430,0
906431,0
906432,0
906433,0
906434,0
906435,0
906436,0
906437,23
906438,0
906439,0
906440,0
906441,0
906442,0
906443,0
906444,0
906445,0
906446,0
906447,0
906448,0
906449,0
906450,0
906451,0
906452,0
906453,0
906454,28
906455,0
906456,0
906457,0
906458,0
906459,0
906460,0
906461,0
906462,0
906463,0
906464,0
906465,0
906466,0
906467,0
906468,0
906469,0
906470,0
906471,0
906472,13
906473,0
906474,0
906475,0
906476,0
906477,0
906478,0
906479,0
906480,0
906481,16
906482,0
906483,0
906484,0
906485,0
906486,0
906487,0
906488,0
906489,0
906490,0
906491,0
906492,0
906493,0
906494,15
906495,0
906496,0
906497,0
906498,0
906499,0
906500,0
906501,0
906502,0
906503,0
906504,15
906505,0
906506,0
906507,0
906508,0
906509,0
906510,0
906511,0
906512,0
906513,0
906514,13
906515,0
906516,0
906517,0
906518,0
906519,0
906520,0
906521,0
906522,14
906523,0
906524,0
906525,0
906526,0
906527,0
906528,0
906529,0
906530,0
906531,0
906532,0
906533,0
906534,19
906535,19
906536,0
906537,0
906538,22
906539,0
906540,0
906541,0
906542,0
906543,0
906544,0
906545,0
906546,22
906547,0
906548,0
906549,0
906550,0
906551,0
906552,0
906553,0
906554,0
906555,0
906556,0
906557,0
906558,0
906559,0
906560,0
906561,0
906562,0
906563,0
906564,0
906565,0
906566,0
906567,26
906568,0
906569,0
906570,0
906571,0
906572,0
906573,0
906574,0
906575,0
906576,0
906577,0
906578,0
906579,0
906580,0
906581,0
906582,10
906583,0
906584,5
906585,0
906586,0
906587,0
906588,0
906589,0
906590,0
906591,0
906592,0
906593,0
906594,21
906595,31
906596,0
906597,0
906598,0
906599,0
906600,0
906601,0
906602,0
906603,0
906604,0
906605,0
906606,16
906607,0
906608,0
906609,0
906610,0
906611,0
906612,0
906613,0
906614,0
906615,0
906616,0
906617,22
906618,0
906619,0
906620,0
906621,0
906622,0
906623,0
906624,0
906625,0
906626,0
906627,21
906628,0
906629,0
906630,0
906631,0
906632,0
906633,0
906634,17
906635,0
906636,15
906637,0
906638,0
906639,0
906640,0
906641,0
906642,0
906643,16
906644,0
906645,0
906646,0
906647,0
906648,0
906649,0
906650,20
906651,0
906652,0
906653,0
906654,0
906655,0
906656,0
906657,0
906658,0
906659,0
906660,0
906661,0
906662,0
906663,0
906664,0
906665,0
906666,0
906667,0
906668,0
906669,0
906670,0
906671,0
906672,0
906673,0
906674,0
906675,0
906676,0
906677,0
906678,0
906679,0
906680,0
906681,0
906682,0
906683,0
906684,0
906685,0
906686,0
906687,0
906688,0
906689,0
906690,0
906691,0
906692,0
906693,24
906694,0
906695,0
906696,0
906697,0
906698,0
906699,0
906700,0
906701,21
906702,0
906703,0
906704,0
906705,0
906706,15
906707,0
906708,18
906709,0
906710,0
906711,0
906712,0
906713,0
906714,0
906715,0
906716,0
906717,0
906718,0
906719,31
906720,0
906721,0
906722,0
906723,0
906724,21
906725,0
906726,0
906727,0
906728,0
906729,0
906730,0
906731,0
906732,11
906733,0
906734,0
906735,0
906736,0
906737,0
906738,0
906739,0
906740,19
906741,0
906742,0
906743,0
906744,0
906745,0
906746,0
906747,0
906748,0
906749,17
906750,0
906751,0
906752,0
906753,0
906754,0
906755,0
906756,0
906757,0
906758,0
906759,0
906760,0
906761,24
906762,0
906763,0
906764,0
906765,0
906766,0
906767,0
906768,0
906769,21
906770,0
906771,0
906772,0
906773,0
906774,0
906775,0
906776,0
906777,0
906778,0
906779,24
906780,0
906781,0
906782,0
906783,0
906784,0
906785,0
906786,0
906787,0
906788,0
906789,0
906790,0
906791,0
906792,0
906793,0
906794,0
906795,0
906796,0
906797,0
906798,0
906799,0
906800,0
906801,0
906802,0
906803,0
906804,0
906805,0
906806,0
906807,23
906808,26
906809,0
906810,0
906811,0
906812,0
906813,0
906814,0
906815,0
906816,0
906817,0
906818,14
906819,0
906820,0
906821,30
906822,0
906823,0
906824,20
906825,0
906826,18
906827,0
906828,0
906829,25
906830,0
906831,0
906832,0
906833,0
906834,0
906835,0
906836,0
906837,0
906838,0
906839,0
906840,0
906841,0
906842,0
906843,24
906844,0
906845,0
906846,0
906847,0
906848,0
906849,0
906850,0
906851,0
906852,0
906853,0
906854,0
906855,0
906856,0
906857,0
906858,0
906859,0
906860,0
906861,12
906862,0
906863,0
906864,0
906865,0
906866,0
906867,0
906868,0
906869,0
906870,0
906871,0
906872,0
906873,0
906874,0
906875,27
906876,0
906877,0
906878,0
906879,0
906880,0
906881,0
906882,0
906883,0
906884,0
906885,14
906886,0
906887,0
906888,0
906889,24
906890,0
906891,23
906892,0
906893,0
906894,0
906895,0
906896,20
906897,0
906898,0
906899,0
906900,0
906901,0
906902,0
906903,0
906904,0
906905,0
906906,0
906907,0
906908,0
906909,0
906910,0
906911,0
906912,15
906913,0
906914,0
906915,0
906916,0
906917,0
906918,0
906919,0
906920,0
906921,0
906922,45
906923,0
906924,0
906925,0
906926,0
906927,0
906928,0
906929,0
906930,0
906931,0
906932,0
906933,0
906934,0
906935,0
906936,0
906937,0
906938,0
906939,0
906940,39
906941,0
906942,0
906943,0
906944,0
906945,0
906946,33
906947,0
906948,0
906949,0
906950,0
906951,0
906952,0
906953,18
906954,0
906955,0
906956,0
906957,0
906958,0
906959,12
906960,0
906961,0
906962,0
906963,25
906964,0
906965,0
906966,0
906967,0
906968,0
906969,0
906970,0
906971,0
906972,0
906973,0
906974,0
906975,0
906976,0
906977,0
906978,23
906979,0
906980,15
906981,0
906982,0
906983,0
906984,0
906985,0
906986,0
906987,0
906988,0
906989,0
906990,0
906991,0
906992,0
906993,0
906994,0
906995,0
906996,0
906997,0
906998,0
906999,0
907000,0
907001,0
907002,0
907003,0
907004,0
907005,14
907006,26
907007,0
907008,0
907009,0
907010,0
907011,0
907012,0
907013,0
907014,0
907015,0
907016,0
907017,30
907018,0
907019,0
907020,0
907021,0
907022,0
907023,0
907024,0
907025,0
907026,0
907027,0
907028,0
907029,20
907030,0
907031,0
907032,0
907033,0
907034,0
907035,31
907036,0
907037,0
907038,0
907039,0
907040,0
907041,21
907042,0
907043,18
907044,0
907045,0
907046,0
907047,0
907048,0
907049,15
907050,0
907051,0
907052,0
907053,0
907054,0
907055,0
907056,0
907057,0
907058,0
907059,0
907060,0
907061,0
907062,0
907063,0
907064,0
907065,30
907066,31
907067,0
907068,0
907069,23
907070,0
907071,0
907072,10
907073,0
907074,0
907075,0
907076,0
907077,0
907078,0
907079,0
907080,0
907081,0
907082,0
907083,6
907084,0
907085,0
907086,0
907087,0
907088,21
907089,0
907090,0
907091,0
907092,0
907093,0
907094,0
907095,0
907096,0
907097,0
907098,23
907099,0
907100,0
907101,0
907102,22
907103,0
907104,0
907105,0
907106,0
907107,0
907108,22
907109,0
907110,0
907111,0
907112,0
907113,0
907114,0
907115,26
907116,0
907117,0
907118,0
907119,0
907120,0
907121,0
907122,0
907123,0
907124,24
907125,0
907126,0
907127,0
907128,0
907129,0
907130,0
907131,0
907132,14
907133,0
907134,0
907135,0
907136,0
907137,0
907138,0
907139,0
907140,0
907141,0
907142,0
907143,0
907144,0
907145,0
907146,0
907147,0
907148,0
907149,0
907150,0
907151,0
907152,9
907153,0
907154,0
907155,26
907156,0
907157,0
907158,15
907159,0
907160,0
907161,0
907162,12
907163,0
907164,0
907165,0
907166,0
907167,0
907168,0
907169,0
907170,0
907171,0
907172,0
907173,0
907174,0
907175,0
907176,0
907177,0
907178,0
907179,0
907180,0
907181,0
907182,0
907183,0
907184,0
907185,0
907186,0
907187,0
907188,0
907189,0
907190,0
907191,0
907192,0
907193,0
907194,0
907195,55
907196,0
907197,0
907198,0
907199,42
907200,0
907201,0
907202,0
907203,0
907204,0
907205,0
907206,0
907207,0
907208,0
907209,0
907210,0
907211,0
907212,0
907213,0
907214,0
907215,0
907216,0
907217,0
907218,0
907219,0
907220,0
907221,0
907222,0
907223,0
907224,0
907225,0
907226,0
907227,0
907228,20
907229,0
907230,0
907231,0
907232,0
907233,0
907234,0
907235,0
907236,0
907237,0
907238,0
907239,0
907240,0
907241,0
907242,0
907243,0
907244,0
907245,0
907246,0
907247,0
907248,0
907249,0
907250,0
907251,0
907252,0
907253,0
907254,0
907255,0
907256,0
907257,0
907258,0
907259,0
907260,0
907261,0
907262,0
907263,0
907264,0
907265,0
907266,0
907267,0
907268,34
907269,0
907270,0
907271,0
907272,0
907273,0
907274,0
907275,0
907276,0
907277,0
907278,0
907279,0
907280,0
907281,0
907282,0
907283,0
907284,0
907285,30
907286,0
907287,0
907288,0
907289,0
907290,0
907291,0
907292,0
907293,0
907294,0
907295,0
907296,0
907297,0
907298,0
907299,0
907300,0
907301,0
907302,0
907303,0
907304,24
907305,0
907306,0
907307,0
907308,0
907309,51
907310,0
907311,0
907312,0
907313,0
907314,0
907315,0
907316,0
907317,0
907318,0
907319,0
907320,0
907321,0
907322,0
907323,0
907324,0
907325,52
907326,0
907327,0
907328,0
907329,0
907330,0
907331,0
907332,0
907333,0
907334,0
907335,0
907336,0
907337,0
907338,0
907339,0
907340,0
907341,0
907342,0
907343,0
907344,0
907345,0
907346,0
907347,16
907348,31
907349,0
907350,0
907351,0
907352,0
907353,0
907354,0
907355,0
907356,0
907357,0
907358,0
907359,0
907360,0
907361,0
907362,0
907363,0
907364,0
907365,0
907366,0
907367,0
907368,0
907369,0
907370,0
907371,0
907372,29
907373,0
907374,0
907375,0
907376,0
907377,0
907378,0
907379,19
907380,0
907381,0
907382,0
907383,0
907384,0
907385,0
907386,0
907387,0
907388,0
907389,0
907390,0
907391,0
907392,14
907393,0
907394,0
907395,55
907396,0
907397,0
907398,0
907399,0
907400,0
907401,0
907402,0
907403,0
907404,0
907405,0
907406,0
907407,0
907408,0
907409,0
907410,0
907411,0
907412,0
907413,0
907414,0
907415,0
907416,0
907417,0
907418,28
907419,0
907420,0
907421,33
907422,0
907423,0
907424,0
907425,33
907426,0
907427,0
907428,0
907429,0
907430,0
907431,0
907432,0
907433,0
907434,0
907435,0
907436,0
907437,0
907438,0
907439,0
907440,0
907441,0
907442,0
907443,0
907444,0
907445,0
907446,0
907447,0
907448,0
907449,0
907450,0
907451,0
907452,0
907453,0
907454,0
907455,0
907456,0
907457,0
907458,0
907459,0
907460,0
907461,19
907462,0
907463,0
907464,0
907465,0
907466,0
907467,0
907468,0
907469,0
907470,0
907471,0
907472,0
907473,0
907474,0
907475,0
907476,0
907477,0
907478,0
907479,0
907480,0
907481,0
907482,0
907483,0
907484,0
907485,0
907486,0
907487,0
907488,38
907489,0
907490,0
907491,0
907492,0
907493,0
907494,0
907495,0
907496,0
907497,0
907498,0
907499,0
907500,0
907501,0
907502,29
907503,23
907504,0
907505,0
907506,10
907507,8
907508,10
907509,0
907510,11
907511,0
907512,0
907513,0
907514,0
907515,13
907516,0
907517,0
907518,0
907519,0
907520,0
907521,0
907522,0
907523,0
907524,0
907525,0
907526,3
907527,12
907528,0
907529,0
907530,0
907531,5
907532,0
907533,0
907534,0
907535,0
907536,0
907537,13
907538,0
907539,0
907540,0
907541,10
907542,0
907543,0
907544,0
907545,0
907546,13
907547,0
907548,0
907549,0
907550,0
907551,0
907552,23
907553,13
907554,13
907555,22
907556,0
907557,6
907558,10
907559,0
907560,0
907561,0
907562,0
907563,0
907564,0
907565,0
907566,0
907567,0
907568,6
907569,0
907570,6
907571,0
907572,0
907573,0
907574,0
907575,0
907576,19
907577,0
907578,0
907579,0
907580,0
907581,0
907582,0
907583,0
907584,0
907585,15
907586,10
907587,8
907588,0
907589,0
907590,0
907591,0
907592,0
907593,7
907594,0
907595,0
907596,13
907597,0
907598,0
907599,0
907600,0
907601,0
907602,0
907603,10
907604,6
907605,0
907606,0
907607,11
907608,0
907609,0
907610,0
907611,0
907612,10
907613,12
907614,0
907615,0
907616,16
907617,21
907618,12
907619,12
907620,0
907621,0
907622,0
907623,9
907624,0
907625,0
907626,0
907627,10
907628,0
907629,0
907630,0
907631,0
907632,0
907633,0
907634,12
907635,0
907636,0
907637,23
907638,0
907639,0
907640,0
907641,7
907642,0
907643,0
907644,0
907645,0
907646,0
907647,0
907648,9
907649,0
907650,0
907651,0
907652,0
907653,0
907654,10
907655,0
907656,0
907657,14
907658,8
907659,0
907660,0
907661,0
907662,0
907663,0
907664,8
907665,0
907666,11
907667,0
907668,0
907669,0
907670,10
907671,0
907672,0
907673,0
907674,0
907675,10
907676,0
907677,0
907678,0
907679,0
907680,0
907681,7
907682,9
907683,0
907684,0
907685,13
907686,0
907687,0
907688,0
907689,0
907690,9
907691,11
907692,0
907693,0
907694,0
907695,0
907696,0
907697,0
907698,0
907699,0
907700,0
907701,0
907702,0
907703,8
907704,0
907705,0
907706,0
907707,0
907708,0
907709,0
907710,11
907711,0
907712,9
907713,0
907714,0
907715,10
907716,10
907717,0
907718,0
907719,0
907720,0
907721,0
907722,0
907723,0
907724,0
907725,17
907726,0
907727,0
907728,35
907729,0
907730,0
907731,13
907732,0
907733,0
907734,0
907735,0
907736,6
907737,0
907738,0
907739,0
907740,0
907741,0
907742,0
907743,16
907744,10
907745,0
907746,9
907747,7
907748,10
907749,0
907750,0
907751,14
907752,0
907753,7
907754,0
907755,0
907756,0
907757,0
907758,0
907759,18
907760,0
907761,6
907762,0
907763,0
907764,0
907765,0
907766,0
907767,0
907768,0
907769,0
907770,17
907771,0
907772,0
907773,12
907774,0
907775,0
907776,0
907777,0
907778,15
907779,0
907780,4
907781,0
907782,0
907783,0
907784,14
907785,17
907786,0
907787,16
907788,0
907789,0
907790,0
907791,0
907792,17
907793,0
907794,0
907795,0
907796,0
907797,0
907798,0
907799,0
907800,0
907801,0
907802,0
907803,0
907804,0
907805,0
907806,0
907807,0
907808,4
907809,11
907810,0
907811,0
907812,0
907813,0
907814,0
907815,0
907816,16
907817,0
907818,0
907819,0
907820,0
907821,0
907822,0
907823,8
907824,0
907825,0
907826,0
907827,4
907828,0
907829,22
907830,0
907831,15
907832,0
907833,0
907834,0
907835,0
907836,0
907837,0
907838,0
907839,0
907840,0
907841,0
907842,11
907843,0
907844,14
907845,13
907846,15
907847,15
907848,4
907849,0
907850,5
907851,11
907852,0
907853,0
907854,0
907855,0
907856,0
907857,0
907858,0
907859,5
907860,0
907861,13
907862,0
907863,10
907864,0
907865,0
907866,0
907867,0
907868,0
907869,0
907870,11
907871,17
907872,0
907873,0
907874,0
907875,0
907876,12
907877,0
907878,13
907879,0
907880,0
907881,0
907882,0
907883,7
907884,0
907885,0
907886,9
907887,9
907888,12
907889,0
907890,0
907891,0
907892,0
907893,0
907894,0
907895,0
907896,0
907897,0
907898,0
907899,0
907900,0
907901,0
907902,0
907903,0
907904,0
907905,0
907906,0
907907,0
907908,11
907909,0
907910,0
907911,0
907912,0
907913,0
907914,0
907915,0
907916,0
907917,0
907918,0
907919,0
907920,9
907921,0
907922,9
907923,0
907924,0
907925,0
907926,0
907927,0
907928,0
907929,0
907930,0
907931,0
907932,13
907933,0
907934,0
907935,0
907936,7
907937,8
907938,0
907939,0
907940,12
907941,0
907942,0
907943,0
907944,0
907945,0
907946,0
907947,0
907948,0
907949,21
907950,17
907951,0
907952,0
907953,8
907954,0
907955,0
907956,0
907957,0
907958,0
907959,0
907960,0
907961,0
907962,0
907963,0
907964,0
907965,0
907966,0
907967,0
907968,0
907969,0
907970,0
907971,8
907972,7
907973,0
907974,0
907975,0
907976,0
907977,0
907978,0
907979,0
907980,0
907981,23
907982,0
907983,0
907984,0
907985,0
907986,0
907987,0
907988,0
907989,0
907990,0
907991,24
907992,18
907993,0
907994,28
907995,0
907996,0
907997,0
907998,0
907999,0
908000,22
908001,0
908002,0
908003,0
908004,0
908005,30
908006,21
908007,0
908008,0
908009,0
908010,0
908011,30
908012,0
908013,0
908014,0
908015,0
908016,33
908017,0
908018,27
908019,0
908020,24
908021,0
908022,23
908023,0
908024,0
908025,0
908026,42
908027,0
908028,0
908029,0
908030,0
908031,0
908032,0
908033,0
908034,35
908035,20
908036,0
908037,40
908038,0
908039,0
908040,0
908041,0
908042,0
908043,39
908044,0
908045,0
908046,27
908047,0
908048,0
908049,0
908050,0
908051,0
908052,0
908053,31
908054,0
908055,26
908056,0
908057,0
908058,0
908059,0
908060,24
908061,33
908062,38
908063,0
908064,0
908065,0
908066,26
908067,0
908068,0
908069,28
908070,0
908071,0
908072,0
908073,26
908074,0
908075,23
908076,0
908077,0
908078,0
908079,0
908080,0
908081,38
908082,0
908083,0
908084,20
908085,0
908086,24
908087,0
908088,0
908089,0
908090,0
908091,0
908092,35
908093,27
908094,0
908095,0
908096,0
908097,0
908098,0
908099,0
908100,0
908101,0
908102,0
908103,17
908104,0
908105,0
908106,0
908107,23
908108,0
908109,0
908110,0
908111,22
908112,28
908113,0
908114,0
908115,21
908116,20
908117,33
908118,0
908119,0
908120,0
908121,0
908122,36
908123,0
908124,27
908125,0
908126,0
908127,0
908128,25
908129,0
908130,16
908131,0
908132,23
908133,41
908134,0
908135,0
908136,0
908137,0
908138,0
908139,0
908140,36
908141,0
908142,0
908143,0
908144,0
908145,0
908146,0
908147,0
908148,0
908149,0
908150,0
908151,0
908152,27
908153,0
908154,0
908155,0
908156,0
908157,0
908158,24
908159,0
908160,0
908161,0
908162,0
908163,0
908164,0
908165,22
908166,26
908167,0
908168,26
908169,0
908170,0
908171,0
908172,0
908173,0
908174,0
908175,33
908176,26
908177,0
908178,0
908179,38
908180,0
908181,0
908182,27
908183,0
908184,0
908185,0
908186,0
908187,0
908188,0
908189,0
908190,15
908191,22
908192,29
908193,0
908194,0
908195,0
908196,0
908197,0
908198,23
908199,0
908200,0
908201,0
908202,0
908203,0
908204,15
908205,0
908206,0
908207,0
908208,0
908209,0
908210,36
908211,0
908212,0
908213,0
908214,0
908215,0
908216,0
908217,0
908218,0
908219,30
908220,0
908221,0
908222,0
908223,0
908224,0
908225,0
908226,0
908227,0
908228,0
908229,0
908230,0
908231,0
908232,0
908233,30
908234,0
908235,0
908236,19
908237,35
908238,0
908239,0
908240,0
908241,0
908242,0
908243,0
908244,31
908245,0
908246,33
908247,26
908248,0
908249,25
908250,40
908251,0
908252,0
908253,20
908254,0
908255,29
908256,37
908257,31
908258,0
908259,0
908260,18
908261,0
908262,42
908263,0
908264,43
908265,0
908266,0
908267,30
908268,0
908269,0
908270,0
908271,0
908272,0
908273,36
908274,0
908275,28
908276,0
908277,0
908278,0
908279,0
908280,34
908281,14
908282,0
908283,29
908284,0
908285,0
908286,0
908287,34
908288,0
908289,29
908290,0
908291,0
908292,0
908293,0
908294,0
908295,28
908296,0
908297,0
908298,25
908299,0
908300,0
908301,39
908302,0
908303,0
908304,0
908305,0
908306,0
908307,0
908308,0
908309,40
908310,0
908311,0
908312,0
908313,0
908314,22
908315,23
908316,0
908317,0
908318,0
908319,26
908320,0
908321,28
908322,0
908323,0
908324,25
908325,25
908326,0
908327,0
908328,0
908329,0
908330,0
908331,0
908332,0
908333,0
908334,0
908335,26
908336,29
908337,0
908338,0
908339,0
908340,0
908341,0
908342,0
908343,0
908344,0
908345,0
908346,0
908347,0
908348,0
908349,0
908350,20
908351,32
908352,26
908353,0
908354,30
908355,0
908356,25
908357,0
908358,22
908359,26
908360,17
908361,0
908362,26
908363,17
908364,0
908365,26
908366,0
908367,0
908368,0
908369,0
908370,45
908371,37
908372,0
908373,21
908374,32
908375,0
908376,0
908377,0
908378,0
908379,20
908380,0
908381,0
908382,0
908383,0
908384,19
908385,0
908386,31
908387,0
908388,0
908389,0
908390,0
908391,0
908392,31
908393,0
908394,0
908395,0
908396,0
908397,0
908398,0
908399,0
908400,20
908401,21
908402,0
908403,0
908404,0
908405,0
908406,0
908407,33
908408,35
908409,0
908410,27
908411,0
908412,28
908413,0
908414,27
908415,31
908416,0
908417,0
908418,0
908419,0
908420,0
908421,0
908422,0
908423,0
908424,29
908425,0
908426,0
908427,0
908428,0
908429,40
908430,0
908431,0
908432,33
908433,12
908434,0
908435,0
908436,0
908437,0
908438,0
908439,0
908440,0
908441,0
908442,0
908443,0
908444,28
908445,0
908446,19
908447,0
908448,0
908449,0
908450,0
908451,0
908452,0
908453,23
908454,0
908455,0
908456,0
908457,28
908458,0
908459,0
908460,0
908461,30
908462,43
908463,0
908464,0
908465,0
908466,0
908467,0
908468,31
908469,0
908470,33
908471,0
908472,29
908473,0
908474,29
908475,0
908476,0
908477,0
908478,0
908479,0
908480,0
908481,0
908482,0
908483,20
908484,26
908485,0
908486,49
908487,0
908488,0
908489,0
908490,0
908491,0
908492,0
908493,0
908494,0
908495,0
908496,0
908497,0
908498,23
908499,0
908500,37
908501,0
908502,41
908503,0
908504,0
908505,0
908506,0
908507,25
908508,0
908509,0
908510,0
908511,21
908512,0
908513,0
908514,0
908515,0
908516,0
908517,0
908518,35
908519,0
908520,0
908521,0
908522,26
908523,0
908524,0
908525,0
908526,0
908527,18
908528,0
908529,20
908530,35
908531,0
908532,0
908533,0
908534,33
908535,0
908536,0
908537,0
908538,0
908539,35
908540,0
908541,0
908542,0
908543,0
908544,0
908545,0
908546,0
908547,23
908548,19
908549,0
908550,0
908551,0
908552,0
908553,0
908554,0
908555,0
908556,0
908557,0
908558,0
908559,0
908560,36
908561,27
908562,0
908563,0
908564,0
908565,30
908566,0
908567,38
908568,0
908569,0
908570,0
908571,0
908572,28
908573,0
908574,43
908575,0
908576,0
908577,0
908578,0
908579,0
908580,31
908581,0
908582,0
908583,21
908584,0
908585,0
908586,0
908587,28
908588,0
908589,0
908590,0
908591,0
908592,0
908593,0
908594,20
908595,0
908596,25
908597,22
908598,34
908599,0
908600,0
908601,34
908602,0
908603,24
908604,0
908605,0
908606,0
908607,0
908608,0
908609,0
908610,0
908611,0
908612,24
908613,31
908614,0
908615,0
908616,36
908617,28
908618,0
908619,21
908620,0
908621,0
908622,0
908623,0
908624,0
908625,0
908626,0
908627,32
908628,26
908629,22
908630,0
908631,0
908632,0
908633,0
908634,0
908635,0
908636,28
908637,36
908638,21
908639,0
908640,29
908641,0
908642,0
908643,14
908644,0
908645,13
908646,0
908647,0
908648,0
908649,0
908650,0
908651,0
908652,0
908653,37
908654,0
908655,0
908656,0
908657,39
908658,0
908659,0
908660,32
908661,0
908662,0
908663,0
908664,0
908665,19
908666,35
908667,0
908668,0
908669,0
908670,0
908671,0
908672,0
908673,0
908674,0
908675,17
908676,0
908677,0
908678,0
908679,0
908680,0
908681,0
908682,25
908683,0
908684,20
908685,0
908686,0
908687,29
908688,33
908689,0
908690,0
908691,0
908692,0
908693,0
908694,0
908695,27
908696,0
908697,39
908698,32
908699,0
908700,0
908701,29
908702,0
908703,22
908704,0
908705,0
908706,0
908707,0
908708,0
908709,0
908710,0
908711,0
908712,0
908713,0
908714,0
908715,21
908716,0
908717,0
908718,0
908719,0
908720,0
908721,0
908722,0
908723,0
908724,0
908725,39
908726,28
908727,0
908728,17
908729,34
908730,0
908731,0
908732,0
908733,0
908734,36
908735,16
908736,0
908737,22
908738,0
908739,0
908740,0
908741,0
908742,18
908743,0
908744,0
908745,0
908746,0
908747,0
908748,0
908749,0
908750,23
908751,21
908752,0
908753,0
908754,0
908755,0
908756,0
908757,0
908758,40
908759,0
908760,30
908761,0
908762,0
908763,33
908764,18
908765,0
908766,29
908767,36
908768,0
908769,0
908770,0
908771,23
908772,18
908773,0
908774,0
908775,0
908776,0
908777,0
908778,0
908779,35
908780,0
908781,26
908782,0
908783,0
908784,0
908785,0
908786,45
908787,0
908788,0
908789,30
908790,0
908791,37
908792,0
908793,16
908794,0
908795,0
908796,0
908797,0
908798,0
908799,0
908800,22
908801,0
908802,0
908803,0
908804,0
908805,0
908806,0
908807,0
908808,0
908809,0
908810,0
908811,0
908812,0
908813,0
908814,0
908815,22
908816,0
908817,0
908818,0
908819,0
908820,26
908821,0
908822,0
908823,0
908824,0
908825,0
908826,0
908827,0
908828,0
908829,0
908830,0
908831,30
908832,0
908833,0
908834,0
908835,0
908836,0
908837,37
908838,0
908839,0
908840,0
908841,0
908842,0
908843,0
908844,0
908845,0
908846,38
908847,0
908848,0
908849,0
908850,0
908851,0
908852,0
908853,0
908854,0
908855,0
908856,0
908857,0
908858,0
908859,0
908860,0
908861,0
908862,22
908863,0
908864,0
908865,0
908866,0
908867,30
908868,0
908869,0
908870,0
908871,0
908872,0
908873,24
908874,0
908875,0
908876,33
908877,0
908878,31
908879,0
908880,0
908881,0
908882,0
908883,32
908884,0
908885,28
908886,0
908887,17
908888,0
908889,0
908890,0
908891,0
908892,0
908893,0
908894,29
908895,0
908896,0
908897,0
908898,0
908899,0
908900,0
908901,0
908902,41
908903,0
908904,0
908905,0
908906,44
908907,0
908908,0
908909,33
908910,0
908911,0
908912,0
908913,0
908914,0
908915,0
908916,33
908917,0
908918,0
908919,0
908920,0
908921,0
908922,0
908923,0
908924,32
908925,0
908926,0
908927,0
908928,0
908929,28
908930,0
908931,0
908932,0
908933,36
908934,23
908935,0
908936,35
908937,0
908938,0
908939,0
908940,0
908941,0
908942,0
908943,0
908944,43
908945,0
908946,44
908947,0
908948,0
908949,0
908950,33
908951,24
908952,0
908953,0
908954,0
908955,0
908956,0
908957,0
908958,38
908959,43
908960,0
908961,0
908962,0
908963,0
908964,0
908965,0
908966,0
908967,0
908968,0
908969,0
908970,0
908971,0
908972,0
908973,0
908974,62
908975,0
908976,0
908977,0
908978,0
908979,0
908980,42
908981,0
908982,43
908983,0
908984,0
908985,0
908986,0
908987,0
908988,0
908989,0
908990,41
908991,0
908992,0
908993,0
908994,0
908995,0
908996,0
908997,35
908998,30
908999,0
909000,0
909001,0
909002,0
909003,0
909004,0
909005,0
909006,0
909007,0
909008,0
909009,34
909010,43
909011,0
909012,0
909013,0
909014,0
909015,26
909016,0
909017,0
909018,0
909019,0
909020,0
909021,0
909022,36
909023,42
909024,0
909025,0
909026,31
909027,0
909028,21
909029,0
909030,0
909031,0
909032,0
909033,0
909034,0
909035,0
909036,0
909037,0
909038,0
909039,0
909040,0
909041,0
909042,0
909043,38
909044,0
909045,0
909046,0
909047,0
909048,0
909049,0
909050,0
909051,0
909052,0
909053,0
909054,0
909055,0
909056,0
909057,0
909058,0
909059,0
909060,0
909061,0
909062,0
909063,0
909064,0
909065,0
909066,0
909067,0
909068,0
909069,0
909070,0
909071,0
909072,0
909073,0
909074,0
909075,0
909076,0
909077,0
909078,0
909079,0
909080,0
909081,0
909082,0
909083,40
909084,0
909085,32
909086,0
909087,0
909088,0
909089,0
909090,0
909091,0
909092,0
909093,0
909094,45
909095,0
909096,0
909097,0
909098,0
909099,45
909100,0
909101,0
909102,0
909103,28
909104,0
909105,42
909106,0
909107,0
909108,0
909109,0
909110,0
909111,34
909112,0
909113,0
909114,0
909115,0
909116,0
909117,0
909118,0
909119,0
909120,30
909121,40
909122,0
909123,0
909124,39
909125,31
909126,0
909127,0
909128,0
909129,0
909130,0
909131,0
909132,0
909133,32
909134,0
909135,0
909136,29
909137,0
909138,0
909139,0
909140,0
909141,0
909142,0
909143,0
909144,0
909145,0
909146,0
909147,0
909148,0
909149,0
909150,37
909151,0
909152,0
909153,0
909154,33
909155,0
909156,0
909157,0
909158,0
909159,0
909160,0
909161,0
909162,0
909163,32
909164,0
909165,0
909166,0
909167,35
909168,40
909169,0
909170,0
909171,49
909172,0
909173,0
909174,0
909175,0
909176,0
909177,0
909178,0
909179,0
909180,0
909181,0
909182,0
909183,0
909184,36
909185,40
909186,0
909187,41
909188,0
909189,0
909190,0
909191,0
909192,51
909193,26
909194,0
909195,0
909196,50
909197,0
909198,0
909199,22
909200,0
909201,33
909202,0
909203,0
909204,0
909205,24
909206,0
909207,0
909208,0
909209,0
909210,0
909211,0
909212,0
909213,0
909214,0
909215,0
909216,0
909217,0
909218,32
909219,0
909220,0
909221,0
909222,30
909223,0
909224,0
909225,28
909226,0
909227,0
909228,0
909229,0
909230,0
909231,0
909232,55
909233,0
909234,0
909235,39
909236,0
909237,0
909238,0
909239,0
909240,0
909241,0
909242,0
909243,44
909244,41
909245,0
909246,0
909247,0
909248,0
909249,0
909250,0
909251,0
909252,0
909253,0
909254,0
909255,0
909256,0
909257,0
909258,0
909259,0
909260,0
909261,29
909262,0
909263,0
909264,0
909265,0
909266,0
909267,0
909268,0
909269,19
909270,0
909271,0
909272,0
909273,0
909274,0
909275,42
909276,0
909277,0
909278,0
909279,29
909280,0
909281,0
909282,0
909283,0
909284,0
909285,0
909286,0
909287,0
909288,0
909289,0
909290,0
909291,0
909292,0
909293,0
909294,0
909295,0
909296,0
909297,35
909298,0
909299,0
909300,32
909301,0
909302,33
909303,0
909304,0
909305,0
909306,0
909307,0
909308,0
909309,0
909310,35
909311,0
909312,0
909313,0
909314,0
909315,0
909316,0
909317,0
909318,0
909319,0
909320,0
909321,0
909322,40
909323,37
909324,30
909325,0
909326,0
909327,0
909328,0
909329,26
909330,0
909331,0
909332,0
909333,0
909334,0
909335,0
909336,26
909337,43
909338,0
909339,0
909340,0
909341,0
909342,0
909343,0
909344,26
909345,0
909346,25
909347,44
909348,0
909349,0
909350,0
909351,0
909352,0
909353,0
909354,0
909355,44
909356,0
909357,0
909358,49
909359,0
909360,45
909361,0
909362,0
909363,0
909364,0
909365,0
909366,0
909367,0
909368,0
909369,40
909370,0
909371,0
909372,0
909373,0
909374,0
909375,25
909376,44
909377,0
909378,0
909379,0
909380,0
909381,25
909382,0
909383,48
909384,37
909385,0
909386,33
909387,0
909388,0
909389,0
909390,0
909391,0
909392,0
909393,0
909394,0
909395,0
909396,0
909397,0
909398,0
909399,48
909400,0
909401,0
909402,0
909403,0
909404,35
909405,0
909406,0
909407,0
909408,0
909409,0
909410,0
909411,0
909412,27
909413,0
909414,0
909415,0
909416,0
909417,0
909418,39
909419,0
909420,0
909421,0
909422,0
909423,0
909424,0
909425,0
909426,54
909427,0
909428,0
909429,24
909430,0
909431,0
909432,0
909433,57
909434,39
909435,0
909436,0
909437,0
909438,0
909439,38
909440,0
909441,0
909442,0
909443,0
909444,0
909445,0
909446,0
909447,0
909448,0
909449,0
909450,0
909451,0
909452,0
909453,0
909454,0
909455,0
909456,0
909457,0
909458,0
909459,0
909460,0
909461,35
909462,40
909463,0
909464,0
909465,0
909466,0
909467,0
909468,36
909469,0
909470,0
909471,0
909472,39
909473,0
909474,0
909475,0
909476,0
909477,31
909478,0
909479,0
909480,39
909481,0
909482,35
909483,0
909484,47
909485,0
909486,0
909487,0
909488,0
909489,0
909490,0
909491,0
909492,0
909493,36
909494,43
909495,0
909496,0
909497,0
909498,0
909499,0
909500,0
909501,0
909502,0
909503,37
909504,0
909505,26
909506,40
909507,0
909508,0
909509,0
909510,0
909511,0
909512,42
909513,0
909514,0
909515,0
909516,0
909517,29
909518,0
909519,0
909520,0
909521,0
909522,0
909523,0
909524,42
909525,0
909526,0
909527,0
909528,0
909529,0
909530,0
909531,0
909532,0
909533,0
909534,0
909535,0
909536,0
909537,0
909538,0
909539,0
909540,0
909541,0
909542,33
909543,0
909544,0
909545,0
909546,0
909547,0
909548,0
909549,0
909550,0
909551,0
909552,0
909553,0
909554,0
909555,0
909556,0
909557,0
909558,0
909559,0
909560,0
909561,0
909562,0
909563,0
909564,0
909565,0
909566,48
909567,0
909568,28
909569,0
909570,0
909571,0
909572,39
909573,36
909574,0
909575,0
909576,0
909577,43
909578,0
909579,0
909580,0
909581,0
909582,34
909583,0
909584,35
909585,33
909586,0
909587,0
909588,0
909589,40
909590,0
909591,0
909592,0
909593,0
909594,0
909595,0
909596,0
909597,0
909598,44
909599,0
909600,0
909601,0
909602,0
909603,0
909604,0
909605,0
909606,0
909607,0
909608,0
909609,0
909610,29
909611,30
909612,0
909613,0
909614,0
909615,0
909616,0
909617,0
909618,0
909619,0
909620,0
909621,0
909622,0
909623,0
909624,0
909625,0
909626,0
909627,0
909628,0
909629,0
909630,0
909631,0
909632,0
909633,0
909634,0
909635,0
909636,0
909637,32
909638,0
909639,39
909640,0
909641,0
909642,0
909643,0
909644,0
909645,0
909646,0
909647,37
909648,0
909649,0
909650,0
909651,0
909652,0
909653,0
909654,29
909655,0
909656,0
909657,0
909658,0
909659,0
909660,0
909661,0
909662,0
909663,0
909664,0
909665,0
909666,0
909667,0
909668,0
909669,0
909670,0
909671,0
909672,0
909673,0
909674,0
909675,0
909676,0
909677,0
909678,0
909679,0
909680,0
909681,0
909682,0
909683,0
909684,0
909685,0
909686,0
909687,0
909688,49
909689,28
909690,0
909691,0
909692,48
909693,0
909694,0
909695,0
909696,20
909697,0
909698,0
909699,0
909700,29
909701,0
909702,0
909703,0
909704,0
909705,0
909706,0
909707,0
909708,34
909709,0
909710,0
909711,0
909712,0
909713,0
909714,41
909715,0
909716,0
909717,40
909718,0
909719,0
909720,0
909721,0
909722,0
909723,0
909724,0
909725,0
909726,0
909727,0
909728,0
909729,0
909730,35
909731,0
909732,0
909733,39
909734,0
909735,0
909736,0
909737,0
909738,0
909739,0
909740,0
909741,0
909742,0
909743,0
909744,0
909745,28
909746,0
909747,0
909748,0
909749,0
909750,0
909751,0
909752,0
909753,0
909754,0
909755,42
909756,0
909757,0
909758,0
909759,0
909760,34
909761,0
909762,0
909763,23
909764,0
909765,0
909766,44
909767,0
909768,0
909769,35
909770,0
909771,25
909772,0
909773,42
909774,0
909775,20
909776,0
909777,0
909778,0
909779,0
909780,0
909781,0
909782,0
909783,0
909784,0
909785,0
909786,0
909787,0
909788,27
909789,0
909790,0
909791,37
909792,0
909793,0
909794,0
909795,0
909796,0
909797,0
909798,0
909799,0
909800,0
909801,0
909802,0
909803,0
909804,0
909805,0
909806,0
909807,0
909808,0
909809,14
909810,0
909811,29
909812,0
909813,0
909814,0
909815,0
909816,0
909817,0
909818,0
909819,0
909820,19
909821,15
909822,0
909823,0
909824,0
909825,16
909826,0
909827,0
909828,0
909829,0
909830,0
909831,0
909832,0
909833,0
909834,25
909835,0
909836,18
909837,16
909838,0
909839,0
909840,23
909841,0
909842,0
909843,0
909844,0
909845,0
909846,0
909847,0
909848,0
909849,0
909850,0
909851,0
909852,0
909853,0
909854,0
909855,0
909856,0
909857,0
909858,0
909859,0
909860,0
909861,0
909862,0
909863,0
909864,0
909865,0
909866,0
909867,0
909868,27
909869,19
909870,0
909871,0
909872,15
909873,0
909874,0
909875,0
909876,0
909877,0
909878,0
909879,19
909880,0
909881,0
909882,0
909883,0
909884,0
909885,22
909886,0
909887,0
909888,19
909889,0
909890,19
909891,0
909892,0
909893,0
909894,23
909895,0
909896,0
909897,0
909898,0
909899,16
909900,0
909901,0
909902,0
909903,16
909904,0
909905,0
909906,0
909907,0
909908,0
909909,0
909910,0
909911,0
909912,0
909913,0
909914,0
909915,22
909916,0
909917,0
909918,0
909919,0
909920,21
909921,0
909922,22
909923,16
909924,0
909925,16
909926,0
909927,0
909928,0
909929,0
909930,0
909931,19
909932,0
909933,0
909934,0
909935,15
909936,16
909937,0
909938,0
909939,13
909940,0
909941,0
909942,0
909943,0
909944,21
909945,25
909946,23
909947,0
909948,0
909949,0
909950,13
909951,0
909952,0
909953,26
909954,0
909955,17
909956,29
909957,0
909958,0
909959,0
909960,0
909961,0
909962,0
909963,0
909964,0
909965,15
909966,0
909967,22
909968,0
909969,17
909970,0
909971,0
909972,0
909973,0
909974,17
909975,0
909976,0
909977,0
909978,0
909979,0
909980,0
909981,0
909982,0
909983,0
909984,0
909985,0
909986,21
909987,0
909988,0
909989,0
909990,0
909991,0
909992,0
909993,0
909994,0
909995,0
909996,18
909997,0
909998,0
909999,0
910000,21
910001,18
910002,24
910003,0
910004,0
910005,23
910006,0
910007,23
910008,0
910009,0
910010,16
910011,0
910012,26
910013,25
910014,0
910015,0
910016,16
910017,0
910018,22
910019,21
910020,17
910021,0
910022,0
910023,0
910024,10
910025,19
910026,0
910027,0
910028,0
910029,0
910030,31
910031,0
910032,15
910033,0
910034,0
910035,0
910036,0
910037,0
910038,0
910039,0
910040,0
910041,23
910042,0
910043,0
910044,0
910045,14
910046,0
910047,0
910048,0
910049,0
910050,0
910051,0
910052,0
910053,0
910054,0
910055,0
910056,24
910057,0
910058,0
910059,0
910060,0
910061,14
910062,0
910063,0
910064,0
910065,0
910066,0
910067,0
910068,14
910069,0
910070,0
910071,0
910072,0
910073,20
910074,0
910075,0
910076,0
910077,0
910078,22
910079,13
910080,0
910081,0
910082,0
910083,0
910084,10
910085,7
910086,0
910087,0
910088,0
910089,0
910090,0
910091,0
910092,10
910093,0
910094,0
910095,0
910096,0
910097,0
910098,14
910099,0
910100,0
910101,0
910102,0
910103,19
910104,0
910105,0
910106,0
910107,12
910108,0
910109,0
910110,0
910111,0
910112,0
910113,0
910114,0
910115,0
910116,0
910117,0
910118,17
910119,0
910120,0
910121,0
910122,13
910123,15
910124,0
910125,0
910126,11
910127,0
910128,21
910129,0
910130,0
910131,0
910132,0
910133,0
910134,17
910135,0
910136,0
910137,0
910138,21
910139,0
910140,0
910141,12
910142,0
910143,0
910144,0
910145,15
910146,0
910147,0
910148,0
910149,0
910150,0
910151,0
910152,0
910153,0
910154,0
910155,0
910156,12
910157,0
910158,0
910159,0
910160,13
910161,0
910162,0
910163,0
910164,0
910165,0
910166,0
910167,0
910168,7
910169,0
910170,0
910171,15
910172,0
910173,0
910174,0
910175,0
910176,0
910177,9
910178,0
910179,10
910180,0
910181,0
910182,0
910183,13
910184,0
910185,0
910186,0
910187,0
910188,0
910189,10
910190,18
910191,8
910192,0
910193,4
910194,0
910195,0
910196,0
910197,0
910198,0
910199,0
910200,0
910201,0
910202,15
910203,0
910204,0
910205,0
910206,0
910207,0
910208,0
910209,0
910210,0
910211,0
910212,0
910213,0
910214,0
910215,0
910216,0
910217,0
910218,0
910219,0
910220,0
910221,0
910222,0
910223,0
910224,13
910225,16
910226,0
910227,0
910228,0
910229,0
910230,0
910231,0
910232,0
910233,0
910234,0
910235,0
910236,0
910237,0
910238,0
910239,16
910240,0
910241,0
910242,11
910243,0
910244,0
910245,0
910246,0
910247,0
910248,0
910249,0
910250,0
910251,0
910252,0
910253,0
910254,0
910255,0
910256,18
910257,6
910258,0
910259,0
910260,8
910261,0
910262,0
910263,9
910264,0
910265,14
910266,11
910267,0
910268,11
910269,0
910270,12
910271,0
910272,6
910273,11
910274,0
910275,0
910276,0
910277,0
910278,0
910279,0
910280,0
910281,0
910282,0
910283,0
910284,0
910285,0
910286,22
910287,0
910288,0
910289,12
910290,0
910291,0
910292,0
910293,0
910294,12
910295,0
910296,13
910297,0
910298,0
910299,0
910300,0
910301,0
910302,0
910303,0
910304,0
910305,0
910306,0
910307,0
910308,0
910309,0
910310,0
910311,13
910312,0
910313,0
910314,10
910315,0
910316,0
910317,4
910318,0
910319,0
910320,0
910321,0
910322,0
910323,8
910324,0
910325,10
910326,0
910327,0
910328,0
910329,0
910330,0
910331,19
910332,0
910333,0
910334,0
910335,17
910336,0
910337,14
910338,12
910339,0
910340,0
910341,0
910342,10
910343,0
910344,0
910345,0
910346,0
910347,0
910348,0
910349,0
910350,0
910351,0
910352,0
910353,0
910354,0
910355,0
910356,0
910357,0
910358,0
910359,0
910360,0
910361,0
910362,12
910363,14
910364,10
910365,13
910366,0
910367,0
910368,0
910369,0
910370,0
910371,0
910372,6
910373,0
910374,0
910375,0
910376,0
910377,12
910378,0
910379,0
910380,0
910381,0
910382,13
910383,0
910384,0
910385,0
910386,14
910387,0
910388,0
910389,0
910390,0
910391,11
910392,0
910393,8
910394,0
910395,0
910396,14
910397,0
910398,0
910399,0
910400,10
910401,0
910402,0
910403,0
910404,0
910405,0
910406,0
910407,0
910408,0
910409,0
910410,0
910411,0
910412,0
910413,0
910414,0
910415,0
910416,12
910417,0
910418,0
910419,0
910420,9
910421,0
910422,0
910423,7
910424,19
910425,0
910426,0
910427,0
910428,0
910429,0
910430,0
910431,8
910432,0
910433,0
910434,13
910435,0
910436,9
910437,0
910438,7
910439,18
910440,0
910441,14
910442,11
910443,0
910444,18
910445,0
910446,0
910447,12
910448,0
910449,0
910450,0
910451,9
910452,16
910453,0
910454,0
910455,0
910456,0
910457,0
910458,0
910459,12
910460,0
910461,0
910462,0
910463,0
910464,0
910465,12
910466,0
910467,0
910468,0
910469,0
910470,0
910471,0
910472,8
910473,0
910474,0
910475,10
910476,8
910477,0
910478,0
910479,0
910480,9
910481,0
910482,0
910483,0
910484,19
910485,0
910486,0
910487,0
910488,0
910489,0
910490,0
910491,0
910492,0
910493,0
910494,0
910495,0
910496,17
910497,12
910498,8
910499,0
910500,0
910501,0
910502,0
910503,0
910504,0
910505,7
910506,0
910507,0
910508,0
910509,0
910510,0
910511,0
910512,0
910513,0
910514,0
910515,0
910516,0
910517,13
910518,0
910519,0
910520,0
910521,0
910522,0
910523,6
910524,0
910525,0
910526,8
910527,0
910528,14
910529,0
910530,16
910531,8
910532,0
910533,0
910534,0
910535,0
910536,0
910537,0
910538,0
910539,0
910540,0
910541,0
910542,0
910543,13
910544,0
910545,0
910546,12
910547,0
910548,0
910549,12
910550,0
910551,0
910552,0
910553,0
910554,0
910555,0
910556,0
910557,0
910558,0
910559,0
910560,0
910561,0
910562,0
910563,0
910564,0
910565,13
910566,12
910567,0
910568,0
910569,0
910570,0
910571,11
910572,0
910573,0
910574,0
910575,0
910576,14
910577,13
910578,11
910579,0
910580,0
910581,0
910582,0
910583,0
910584,0
910585,0
910586,0
910587,0
910588,8
910589,0
910590,0
910591,0
910592,0
910593,20
910594,0
910595,0
910596,10
910597,0
910598,0
910599,0
910600,0
910601,0
910602,0
910603,0
910604,0
910605,7
910606,6
910607,0
910608,0
910609,0
910610,0
910611,7
910612,14
910613,0
910614,0
910615,0
910616,0
910617,0
910618,0
910619,0
910620,0
910621,11
910622,0
910623,0
910624,0
910625,0
910626,0
910627,0
910628,0
910629,0
910630,0
910631,0
910632,0
910633,0
910634,0
910635,0
910636,19
910637,12
910638,0
910639,0
910640,0
910641,0
910642,0
910643,10
910644,10
910645,0
910646,0
910647,0
910648,0
910649,0
910650,0
910651,0
910652,0
910653,7
910654,0
910655,0
910656,23
910657,0
910658,0
910659,0
910660,0
910661,0
910662,0
910663,13
910664,23
910665,0
910666,0
910667,0
910668,14
910669,0
910670,14
910671,17
910672,11
910673,0
910674,19
910675,0
910676,0
910677,0
910678,10
910679,0
910680,0
910681,0
910682,11
910683,0
910684,0
910685,0
910686,0
910687,0
910688,0
910689,0
910690,0
910691,6
910692,0
910693,0
910694,0
910695,0
910696,0
910697,0
910698,0
910699,0
910700,0
910701,0
910702,0
910703,0
910704,0
910705,0
910706,0
910707,8
910708,14
910709,0
910710,0
910711,19
910712,0
910713,0
910714,0
910715,0
910716,0
910717,0
910718,0
910719,0
910720,0
910721,0
910722,0
910723,14
910724,0
910725,19
910726,0
910727,0
910728,0
910729,0
910730,17
910731,0
910732,0
910733,18
910734,0
910735,16
910736,12
910737,0
910738,4
910739,0
910740,0
910741,15
910742,0
910743,0
910744,0
910745,0
910746,0
910747,12
910748,0
910749,0
910750,0
910751,13
910752,9
910753,0
910754,0
910755,0
910756,0
910757,0
910758,0
910759,0
910760,13
910761,0
910762,0
910763,15
910764,0
910765,8
910766,0
910767,0
910768,0
910769,0
910770,0
910771,0
910772,0
910773,0
910774,0
910775,0
910776,16
910777,13
910778,0
910779,0
910780,10
910781,0
910782,0
910783,0
910784,11
910785,0
910786,0
910787,0
910788,0
910789,0
910790,0
910791,0
910792,0
910793,0
910794,14
910795,0
910796,0
910797,0
910798,0
910799,8
910800,0
910801,0
910802,0
910803,0
910804,0
910805,0
910806,14
910807,0
910808,0
910809,16
910810,0
910811,0
910812,0
910813,10
910814,17
910815,11
910816,0
910817,0
910818,0
910819,0
910820,0
910821,0
910822,10
910823,0
910824,0
910825,15
910826,0
910827,0
910828,0
910829,0
910830,0
910831,25
910832,0
910833,0
910834,10
910835,0
910836,0
910837,13
910838,0
910839,0
910840,0
910841,0
910842,0
910843,14
910844,13
910845,21
910846,12
910847,14
910848,0
910849,0
910850,0
910851,0
910852,0
910853,0
910854,0
910855,0
910856,0
910857,0
910858,14
910859,0
910860,17
910861,0
910862,12
910863,6
910864,0
910865,0
910866,0
910867,0
910868,14
910869,0
910870,0
910871,0
910872,10
910873,0
910874,16
910875,14
910876,0
910877,0
910878,0
910879,0
910880,0
910881,0
910882,0
910883,0
910884,0
910885,0
910886,0
910887,0
910888,0
910889,11
910890,0
910891,0
910892,0
910893,0
910894,0
910895,18
910896,0
910897,0
910898,0
910899,0
910900,17
910901,0
910902,0
910903,14
910904,0
910905,0
910906,0
910907,0
910908,12
910909,0
910910,0
910911,15
910912,0
910913,0
910914,0
910915,0
910916,0
910917,0
910918,0
910919,0
910920,0
910921,0
910922,0
910923,0
910924,0
910925,0
910926,0
910927,0
910928,0
910929,0
910930,0
910931,0
910932,0
910933,10
910934,0
910935,0
910936,0
910937,0
910938,0
910939,20
910940,0
910941,0
910942,0
910943,13
910944,0
910945,0
910946,12
910947,0
910948,20
910949,0
910950,0
910951,0
910952,0
910953,0
910954,0
910955,0
910956,0
910957,16
910958,0
910959,0
910960,16
910961,0
910962,4
910963,0
910964,0
910965,0
910966,0
910967,0
910968,0
910969,0
910970,0
910971,0
910972,0
910973,0
910974,0
910975,10
910976,0
910977,0
910978,0
910979,0
910980,0
910981,0
910982,0
910983,0
910984,0
910985,0
910986,0
910987,0
910988,0
910989,0
910990,0
910991,0
910992,0
910993,0
910994,0
910995,0
910996,0
910997,0
910998,0
910999,0
911000,0
911001,0
911002,0
911003,0
911004,0
911005,0
911006,0
911007,0
911008,0
911009,0
911010,0
911011,0
911012,0
911013,0
911014,0
911015,0
911016,0
911017,0
911018,0
911019,0
911020,0
911021,0
911022,0
911023,0
911024,0
911025,0
911026,0
911027,0
911028,0
911029,0
911030,0
911031,0
911032,0
911033,0
911034,0
911035,0
911036,0
911037,0
911038,0
911039,0
911040,0
911041,0
911042,0
911043,0
911044,0
911045,0
911046,0
911047,0
911048,0
911049,0
911050,0
911051,0
911052,0
911053,0
911054,0
911055,0
911056,0
911057,0
911058,0
911059,0
911060,0
911061,0
911062,0
911063,0
911064,0
911065,0
911066,0
911067,0
911068,0
911069,0
911070,0
911071,0
911072,0
911073,0
911074,0
911075,0
911076,0
911077,0
911078,0
911079,0
911080,0
911081,0
911082,0
911083,0
911084,0
911085,0
911086,0
911087,0
911088,0
911089,0
911090,0
911091,0
911092,0
911093,0
911094,0
911095,0
911096,0
911097,0
911098,0
911099,0
911100,0
911101,1
911102,0
911103,0
911104,0
911105,0
911106,0
911107,0
911108,0
911109,0
911110,0
911111,0
911112,0
911113,0
911114,0
911115,0
911116,0
911117,0
911118,0
911119,0
911120,0
911121,0
911122,0
911123,0
911124,0
911125,0
911126,0
911127,0
911128,0
911129,0
911130,0
911131,0
911132,0
911133,0
911134,0
911135,0
911136,0
911137,0
911138,0
911139,0
911140,0
911141,0
911142,0
911143,0
911144,0
911145,0
911146,0
911147,0
911148,0
911149,0
911150,0
911151,0
911152,0
911153,0
911154,0
911155,0
911156,0
911157,0
911158,0
911159,0
911160,0
911161,0
911162,0
911163,0
911164,0
911165,0
911166,0
911167,0
911168,0
911169,0
911170,0
911171,0
911172,0
911173,0
911174,0
911175,0
911176,0
911177,0
911178,0
911179,0
911180,0
911181,0
911182,0
911183,0
911184,1
911185,0
911186,0
911187,0
911188,0
911189,0
911190,0
911191,0
911192,0
911193,0
911194,0
911195,0
911196,0
911197,0
911198,0
911199,0
911200,0
911201,0
911202,0
911203,0
911204,0
911205,0
911206,0
911207,0
911208,0
911209,0
911210,0
911211,0
911212,0
911213,0
911214,0
911215,0
911216,0
911217,0
911218,0
911219,0
911220,0
911221,0
911222,0
911223,0
911224,0
911225,0
911226,0
911227,0
911228,0
911229,0
911230,0
911231,0
911232,0
911233,0
911234,0
911235,0
911236,0
911237,0
911238,0
911239,0
911240,0
911241,0
911242,0
911243,0
911244,0
911245,0
911246,0
911247,0
911248,0
911249,0
911250,0
911251,0
911252,0
911253,0
911254,0
911255,0
911256,0
911257,0
911258,0
911259,0
911260,0
911261,0
911262,0
911263,0
911264,0
911265,0
911266,0
911267,0
911268,0
911269,0
911270,0
911271,0
911272,0
911273,0
911274,0
911275,0
911276,0
911277,0
911278,0
911279,0
911280,0
911281,0
911282,0
911283,0
911284,0
911285,0
911286,0
911287,0
911288,0
911289,0
911290,0
911291,0
911292,0
911293,0
911294,0
911295,0
911296,0
911297,0
911298,0
911299,0
911300,0
911301,1
911302,0
911303,0
911304,1
911305,0
911306,0
911307,0
911308,0
911309,0
911310,0
911311,0
911312,0
911313,0
911314,0
911315,0
911316,0
911317,0
911318,0
911319,0
911320,0
911321,0
911322,0
911323,0
911324,0
911325,0
911326,0
911327,0
911328,0
911329,36
911330,34
911331,0
911332,38
911333,0
911334,0
911335,0
911336,0
911337,35
911338,0
911339,0
911340,0
911341,0
911342,0
911343,0
911344,32
911345,0
911346,0
911347,30
911348,0
911349,0
911350,0
911351,0
911352,0
911353,0
911354,0
911355,0
911356,0
911357,37
911358,0
911359,0
911360,0
911361,40
911362,0
911363,0
911364,0
911365,0
911366,34
911367,0
911368,0
911369,0
911370,0
911371,0
911372,0
911373,0
911374,29
911375,0
911376,0
911377,0
911378,0
911379,0
911380,0
911381,0
911382,0
911383,0
911384,36
911385,0
911386,0
911387,43
911388,14
911389,0
911390,0
911391,0
911392,0
911393,27
911394,0
911395,0
911396,0
911397,0
911398,0
911399,0
911400,0
911401,0
911402,0
911403,0
911404,0
911405,26
911406,0
911407,0
911408,0
911409,0
911410,28
911411,0
911412,0
911413,0
911414,0
911415,0
911416,27
911417,0
911418,0
911419,0
911420,0
911421,0
911422,0
911423,0
911424,0
911425,20
911426,0
911427,0
911428,0
911429,0
911430,0
911431,0
911432,0
911433,0
911434,0
911435,0
911436,0
911437,30
911438,0
911439,0
911440,0
911441,0
911442,0
911443,0
911444,21
911445,0
911446,0
911447,0
911448,0
911449,0
911450,0
911451,0
911452,0
911453,0
911454,0
911455,0
911456,0
911457,0
911458,35
911459,0
911460,0
911461,0
911462,0
911463,0
911464,0
911465,0
911466,0
911467,0
911468,0
911469,0
911470,0
911471,0
911472,0
911473,0
911474,0
911475,0
911476,0
911477,0
911478,0
911479,0
911480,0
911481,0
911482,0
911483,0
911484,0
911485,0
911486,0
911487,0
911488,0
911489,0
911490,41
911491,0
911492,0
911493,0
911494,0
911495,0
911496,0
911497,0
911498,0
911499,0
911500,0
911501,31
911502,0
911503,0
911504,0
911505,0
911506,0
911507,0
911508,0
911509,0
911510,0
911511,0
911512,0
911513,0
911514,0
911515,0
911516,29
911517,41
911518,0
911519,0
911520,0
911521,0
911522,0
911523,0
911524,0
911525,0
911526,0
911527,0
911528,0
911529,0
911530,0
911531,35
911532,0
911533,0
911534,0
911535,0
911536,0
911537,0
911538,0
911539,0
911540,0
911541,0
911542,0
911543,0
911544,0
911545,36
911546,0
911547,0
911548,0
911549,28
911550,0
911551,0
911552,0
911553,22
911554,0
911555,0
911556,0
911557,0
911558,0
911559,0
911560,0
911561,0
911562,0
911563,0
911564,0
911565,0
911566,0
911567,0
911568,0
911569,0
911570,0
911571,0
911572,0
911573,0
911574,0
911575,0
911576,0
911577,0
911578,0
911579,0
911580,0
911581,0
911582,0
911583,0
911584,0
911585,0
911586,0
911587,0
911588,0
911589,0
911590,0
911591,0
911592,0
911593,0
911594,0
911595,0
911596,0
911597,0
911598,0
911599,0
911600,0
911601,0
911602,0
911603,0
911604,0
911605,0
911606,0
911607,0
911608,0
911609,0
911610,0
911611,0
911612,0
911613,0
911614,0
911615,0
911616,0
911617,0
911618,0
911619,27
911620,0
911621,0
911622,0
911623,0
911624,15
911625,0
911626,0
911627,0
911628,0
911629,0
911630,0
911631,0
911632,0
911633,0
911634,0
911635,0
911636,0
911637,0
911638,0
911639,0
911640,0
911641,23
911642,0
911643,0
911644,0
911645,0
911646,0
911647,0
911648,0
911649,0
911650,0
911651,0
911652,0
911653,0
911654,0
911655,0
911656,36
911657,0
911658,0
911659,0
911660,0
911661,0
911662,0
911663,0
911664,0
911665,0
911666,0
911667,0
911668,0
911669,0
911670,0
911671,0
911672,36
911673,0
911674,0
911675,0
911676,0
911677,0
911678,0
911679,0
911680,0
911681,40
911682,0
911683,0
911684,0
911685,0
911686,26
911687,0
911688,0
911689,0
911690,0
911691,0
911692,0
911693,0
911694,0
911695,0
911696,0
911697,35
911698,0
911699,0
911700,0
911701,0
911702,36
911703,33
911704,0
911705,32
911706,0
911707,0
911708,0
911709,0
911710,0
911711,0
911712,0
911713,0
911714,0
911715,33
911716,0
911717,0
911718,0
911719,0
911720,0
911721,0
911722,0
911723,0
911724,0
911725,0
911726,0
911727,0
911728,34
911729,0
911730,0
911731,0
911732,0
911733,0
911734,0
911735,0
911736,0
911737,0
911738,29
911739,0
911740,0
911741,0
911742,0
911743,0
911744,0
911745,0
911746,0
911747,0
911748,0
911749,0
911750,0
911751,0
911752,0
911753,0
911754,0
911755,0
911756,0
911757,0
911758,24
911759,0
911760,0
911761,0
911762,0
911763,0
911764,0
911765,0
911766,0
911767,0
911768,0
911769,0
911770,0
911771,0
911772,0
911773,0
911774,0
911775,0
911776,0
911777,0
911778,0
911779,0
911780,0
911781,0
911782,0
911783,0
911784,31
911785,0
911786,0
911787,0
911788,29
911789,31
911790,0
911791,0
911792,29
911793,0
911794,26
911795,0
911796,0
911797,0
911798,0
911799,0
911800,35
911801,0
911802,0
911803,0
911804,0
911805,0
911806,27
911807,0
911808,0
911809,0
911810,41
911811,0
911812,0
911813,0
911814,0
911815,0
911816,0
911817,29
911818,0
911819,0
911820,29
911821,0
911822,0
911823,0
911824,0
911825,0
911826,0
911827,0
911828,0
911829,0
911830,0
911831,0
911832,0
911833,0
911834,0
911835,0
911836,0
911837,24
911838,0
911839,0
911840,0
911841,0
911842,0
911843,0
911844,0
911845,0
911846,0
911847,0
911848,0
911849,0
911850,0
911851,0
911852,0
911853,0
911854,0
911855,0
911856,0
911857,0
911858,0
911859,0
911860,0
911861,0
911862,0
911863,0
911864,0
911865,0
911866,0
911867,0
911868,0
911869,0
911870,30
911871,0
911872,28
911873,0
911874,0
911875,0
911876,0
911877,17
911878,0
911879,36
911880,0
911881,0
911882,0
911883,0
911884,0
911885,0
911886,0
911887,0
911888,0
911889,0
911890,0
911891,0
911892,0
911893,31
911894,0
911895,0
911896,0
911897,0
911898,0
911899,0
911900,33
911901,0
911902,0
911903,35
911904,0
911905,0
911906,0
911907,0
911908,0
911909,0
911910,0
911911,33
911912,0
911913,0
911914,0
911915,0
911916,41
911917,0
911918,0
911919,0
911920,0
911921,0
911922,0
911923,0
911924,0
911925,0
911926,0
911927,0
911928,0
911929,0
911930,0
911931,0
911932,0
911933,0
911934,0
911935,0
911936,0
911937,0
911938,0
911939,0
911940,0
911941,0
911942,0
911943,0
911944,0
911945,0
911946,0
911947,0
911948,0
911949,27
911950,0
911951,0
911952,0
911953,0
911954,0
911955,28
911956,34
911957,0
911958,0
911959,0
911960,0
911961,0
911962,0
911963,0
911964,37
911965,0
911966,0
911967,40
911968,0
911969,0
911970,0
911971,0
911972,0
911973,26
911974,0
911975,0
911976,37
911977,0
911978,0
911979,0
911980,0
911981,0
911982,0
911983,0
911984,0
911985,0
911986,0
911987,0
911988,38
911989,0
911990,0
911991,0
911992,27
911993,0
911994,0
911995,42
911996,0
911997,0
911998,0
911999,32
912000,0
912001,0
912002,0
912003,0
912004,0
912005,0
912006,0
912007,0
912008,0
912009,0
912010,0
912011,0
912012,0
912013,0
912014,0
912015,0
912016,0
912017,0
912018,0
912019,0
912020,0
912021,0
912022,0
912023,0
912024,0
912025,0
912026,0
912027,0
912028,0
912029,0
912030,0
912031,0
912032,0
912033,26
912034,0
912035,0
912036,0
912037,0
912038,0
912039,0
912040,0
912041,0
912042,0
912043,0
912044,0
912045,0
912046,0
912047,0
912048,0
912049,0
912050,0
912051,0
912052,0
912053,0
912054,0
912055,0
912056,0
912057,0
912058,0
912059,0
912060,0
912061,0
912062,0
912063,0
912064,40
912065,0
912066,0
912067,0
912068,0
912069,30
912070,0
912071,0
912072,28
912073,32
912074,0
912075,34
912076,0
912077,42
912078,0
912079,0
912080,0
912081,0
912082,0
912083,0
912084,0
912085,0
912086,0
912087,0
912088,0
912089,0
912090,19
912091,0
912092,0
912093,0
912094,0
912095,0
912096,0
912097,0
912098,0
912099,0
912100,0
912101,0
912102,35
912103,0
912104,0
912105,0
912106,0
912107,0
912108,0
912109,0
912110,0
912111,31
912112,0
912113,0
912114,0
912115,0
912116,0
912117,35
912118,0
912119,31
912120,37
912121,0
912122,36
912123,37
912124,35
912125,0
912126,0
912127,0
912128,0
912129,45
912130,0
912131,0
912132,0
912133,0
912134,0
912135,0
912136,0
912137,0
912138,0
912139,0
912140,0
912141,0
912142,0
912143,0
912144,0
912145,0
912146,0
912147,0
912148,0
912149,0
912150,0
912151,0
912152,0
912153,0
912154,0
912155,0
912156,0
912157,0
912158,0
912159,0
912160,0
912161,0
912162,0
912163,0
912164,30
912165,0
912166,0
912167,0
912168,0
912169,0
912170,0
912171,0
912172,0
912173,0
912174,0
912175,0
912176,0
912177,7
912178,8
912179,0
912180,0
912181,0
912182,0
912183,0
912184,0
912185,0
912186,0
912187,12
912188,18
912189,0
912190,0
912191,0
912192,6
912193,19
912194,0
912195,11
912196,0
912197,26
912198,0
912199,0
912200,0
912201,0
912202,0
912203,0
912204,7
912205,0
912206,0
912207,0
912208,0
912209,0
912210,0
912211,0
912212,0
912213,0
912214,0
912215,0
912216,0
912217,0
912218,12
912219,0
912220,0
912221,0
912222,0
912223,0
912224,9
912225,12
912226,0
912227,0
912228,0
912229,0
912230,7
912231,0
912232,7
912233,0
912234,0
912235,0
912236,0
912237,11
912238,0
912239,0
912240,0
912241,0
912242,0
912243,0
912244,0
912245,0
912246,0
912247,0
912248,0
912249,0
912250,0
912251,0
912252,0
912253,0
912254,14
912255,0
912256,0
912257,0
912258,0
912259,0
912260,0
912261,0
912262,0
912263,0
912264,0
912265,13
912266,0
912267,0
912268,0
912269,0
912270,0
912271,15
912272,0
912273,0
912274,0
912275,0
912276,0
912277,0
912278,0
912279,0
912280,0
912281,0
912282,18
912283,0
912284,0
912285,0
912286,0
912287,0
912288,0
912289,4
912290,0
912291,0
912292,16
912293,0
912294,0
912295,0
912296,0
912297,0
912298,0
912299,0
912300,0
912301,0
912302,0
912303,0
912304,0
912305,0
912306,0
912307,6
912308,0
912309,0
912310,0
912311,0
912312,0
912313,0
912314,17
912315,0
912316,0
912317,0
912318,0
912319,0
912320,0
912321,0
912322,0
912323,9
912324,5
912325,0
912326,0
912327,1
912328,0
912329,0
912330,9
912331,0
912332,0
912333,0
912334,0
912335,11
912336,9
912337,0
912338,0
912339,31
912340,0
912341,0
912342,0
912343,0
912344,0
912345,0
912346,0
912347,0
912348,0
912349,0
912350,0
912351,0
912352,0
912353,0
912354,0
912355,0
912356,10
912357,0
912358,0
912359,0
912360,0
912361,9
912362,12
912363,0
912364,10
912365,0
912366,0
912367,0
912368,0
912369,0
912370,0
912371,22
912372,0
912373,16
912374,10
912375,0
912376,0
912377,0
912378,0
912379,0
912380,19
912381,0
912382,0
912383,0
912384,0
912385,0
912386,0
912387,0
912388,0
912389,0
912390,0
912391,0
912392,0
912393,7
912394,0
912395,0
912396,0
912397,0
912398,0
912399,0
912400,0
912401,0
912402,0
912403,0
912404,0
912405,0
912406,0
912407,0
912408,7
912409,0
912410,0
912411,0
912412,0
912413,0
912414,0
912415,0
912416,0
912417,0
912418,0
912419,0
912420,0
912421,0
912422,0
912423,0
912424,0
912425,0
912426,0
912427,0
912428,0
912429,0
912430,0
912431,0
912432,0
912433,0
912434,12
912435,0
912436,0
912437,0
912438,5
912439,0
912440,0
912441,0
912442,0
912443,15
912444,10
912445,15
912446,0
912447,0
912448,0
912449,0
912450,0
912451,0
912452,0
912453,0
912454,0
912455,0
912456,13
912457,0
912458,0
912459,0
912460,0
912461,11
912462,0
912463,0
912464,11
912465,10
912466,0
912467,0
912468,15
912469,0
912470,0
912471,12
912472,0
912473,0
912474,0
912475,0
912476,0
912477,0
912478,0
912479,0
912480,0
912481,0
912482,0
912483,0
912484,11
912485,0
912486,0
912487,0
912488,0
912489,0
912490,0
912491,0
912492,0
912493,0
912494,0
912495,0
912496,0
912497,0
912498,0
912499,0
912500,0
912501,0
912502,4
912503,0
912504,0
912505,0
912506,0
912507,0
912508,0
912509,0
912510,0
912511,0
912512,0
912513,0
912514,7
912515,0
912516,0
912517,0
912518,0
912519,0
912520,0
912521,0
912522,0
912523,0
912524,0
912525,0
912526,0
912527,0
912528,0
912529,0
912530,0
912531,0
912532,0
912533,0
912534,0
912535,0
912536,0
912537,9
912538,31
912539,0
912540,0
912541,0
912542,0
912543,0
912544,0
912545,0
912546,0
912547,0
912548,0
912549,0
912550,9
912551,5
912552,0
912553,23
912554,0
912555,0
912556,0
912557,0
912558,0
912559,0
912560,16
912561,0
912562,0
912563,0
912564,0
912565,0
912566,7
912567,0
912568,0
912569,0
912570,0
912571,0
912572,0
912573,6
912574,0
912575,0
912576,18
912577,0
912578,0
912579,0
912580,0
912581,10
912582,0
912583,0
912584,0
912585,18
912586,0
912587,0
912588,0
912589,17
912590,0
912591,0
912592,0
912593,0
912594,0
912595,0
912596,9
912597,0
912598,0
912599,5
912600,0
912601,0
912602,15
912603,0
912604,0
912605,0
912606,0
912607,0
912608,0
912609,0
912610,11
912611,0
912612,0
912613,0
912614,7
912615,0
912616,0
912617,0
912618,0
912619,0
912620,0
912621,0
912622,0
912623,0
912624,0
912625,0
912626,0
912627,0
912628,0
912629,0
912630,0
912631,0
912632,7
912633,9
912634,0
912635,0
912636,0
912637,0
912638,0
912639,16
912640,0
912641,0
912642,0
912643,0
912644,0
912645,17
912646,0
912647,7
912648,0
912649,0
912650,0
912651,0
912652,0
912653,0
912654,0
912655,0
912656,9
912657,0
912658,0
912659,0
912660,0
912661,0
912662,0
912663,0
912664,0
912665,0
912666,0
912667,0
912668,0
912669,0
912670,0
912671,0
912672,0
912673,0
912674,0
912675,0
912676,0
912677,0
912678,0
912679,0
912680,0
912681,0
912682,0
912683,0
912684,19
912685,0
912686,0
912687,0
912688,0
912689,0
912690,0
912691,15
912692,0
912693,0
912694,17
912695,10
912696,0
912697,0
912698,6
912699,0
912700,0
912701,0
912702,0
912703,0
912704,0
912705,0
912706,0
912707,0
912708,0
912709,16
912710,0
912711,0
912712,0
912713,10
912714,0
912715,0
912716,0
912717,0
912718,0
912719,0
912720,0
912721,0
912722,18
912723,0
912724,0
912725,0
912726,0
912727,0
912728,0
912729,0
912730,0
912731,0
912732,0
912733,0
912734,0
912735,0
912736,0
912737,11
912738,0
912739,0
912740,10
912741,0
912742,0
912743,0
912744,0
912745,0
912746,0
912747,14
912748,0
912749,12
912750,0
912751,0
912752,0
912753,0
912754,0
912755,0
912756,0
912757,0
912758,0
912759,0
912760,0
912761,0
912762,0
912763,0
912764,0
912765,0
912766,0
912767,0
912768,0
912769,0
912770,0
912771,0
912772,0
912773,9
912774,0
912775,0
912776,0
912777,0
912778,0
912779,0
912780,0
912781,0
912782,0
912783,0
912784,0
912785,0
912786,0
912787,0
912788,5
912789,0
912790,0
912791,0
912792,0
912793,21
912794,0
912795,0
912796,5
912797,0
912798,0
912799,0
912800,0
912801,0
912802,0
912803,0
912804,0
912805,0
912806,0
912807,0
912808,0
912809,0
912810,0
912811,0
912812,0
912813,0
912814,0
912815,0
912816,0
912817,0
912818,0
912819,0
912820,0
912821,0
912822,0
912823,0
912824,0
912825,0
912826,0
912827,0
912828,0
912829,0
912830,0
912831,0
912832,0
912833,0
912834,0
912835,10
912836,5
912837,0
912838,0
912839,0
912840,0
912841,0
912842,7
912843,0
912844,10
912845,4
912846,0
912847,0
912848,0
912849,0
912850,10
912851,13
912852,0
912853,0
912854,0
912855,0
912856,23
912857,0
912858,0
912859,4
912860,0
912861,0
912862,0
912863,0
912864,0
912865,0
912866,0
912867,0
912868,0
912869,0
912870,0
912871,0
912872,0
912873,0
912874,9
912875,0
912876,0
912877,0
912878,0
912879,0
912880,0
912881,0
912882,6
912883,11
912884,0
912885,0
912886,0
912887,7
912888,0
912889,0
912890,0
912891,0
912892,0
912893,0
912894,0
912895,0
912896,0
912897,0
912898,0
912899,0
912900,0
912901,0
912902,0
912903,0
912904,0
912905,0
912906,0
912907,12
912908,11
912909,0
912910,0
912911,3
912912,16
912913,0
912914,0
912915,0
912916,0
912917,0
912918,0
912919,0
912920,6
912921,10
912922,0
912923,0
912924,0
912925,0
912926,0
912927,0
912928,0
912929,0
912930,16
912931,7
912932,0
912933,0
912934,0
912935,0
912936,10
912937,0
912938,0
912939,0
912940,0
912941,0
912942,0
912943,0
912944,0
912945,14
912946,26
912947,19
912948,0
912949,0
912950,8
912951,0
912952,0
912953,11
912954,0
912955,0
912956,0
912957,0
912958,0
912959,0
912960,0
912961,0
912962,0
912963,0
912964,0
912965,0
912966,0
912967,0
912968,0
912969,0
912970,7
912971,0
912972,0
912973,13
912974,0
912975,0
912976,0
912977,0
912978,4
912979,0
912980,0
912981,0
912982,0
912983,0
912984,0
912985,0
912986,0
912987,0
912988,0
912989,20
912990,0
912991,0
912992,6
912993,0
912994,4
912995,0
912996,0
912997,0
912998,0
912999,0
913000,0
913001,0
913002,0
913003,0
913004,0
913005,0
913006,0
913007,0
913008,0
913009,0
913010,0
913011,12
913012,0
913013,0
913014,0
913015,0
913016,0
913017,0
913018,0
913019,11
913020,0
913021,0
913022,0
913023,0
913024,0
913025,0
913026,0
913027,0
913028,0
913029,0
913030,0
913031,0
913032,0
913033,0
913034,0
913035,0
913036,0
913037,0
913038,21
913039,0
913040,0
913041,0
913042,0
913043,0
913044,0
913045,24
913046,0
913047,0
913048,0
913049,0
913050,0
913051,0
913052,0
913053,0
913054,27
913055,0
913056,0
913057,0
913058,19
913059,0
913060,29
913061,0
913062,21
913063,0
913064,0
913065,0
913066,0
913067,24
913068,0
913069,0
913070,0
913071,0
913072,0
913073,0
913074,0
913075,28
913076,0
913077,0
913078,0
913079,0
913080,0
913081,17
913082,0
913083,0
913084,0
913085,0
913086,0
913087,17
913088,0
913089,0
913090,37
913091,0
913092,0
913093,0
913094,0
913095,0
913096,0
913097,0
913098,0
913099,0
913100,0
913101,0
913102,0
913103,0
913104,0
913105,0
913106,0
913107,18
913108,0
913109,0
913110,0
913111,30
913112,27
913113,0
913114,23
913115,0
913116,0
913117,0
913118,14
913119,0
913120,0
913121,0
913122,0
913123,0
913124,0
913125,24
913126,0
913127,0
913128,0
913129,34
913130,26
913131,0
913132,0
913133,0
913134,0
913135,31
913136,0
913137,17
913138,0
913139,0
913140,0
913141,0
913142,25
913143,12
913144,0
913145,0
913146,0
913147,0
913148,0
913149,0
913150,0
913151,0
913152,0
913153,0
913154,0
913155,0
913156,0
913157,0
913158,25
913159,0
913160,0
913161,0
913162,0
913163,0
913164,0
913165,24
913166,0
913167,0
913168,0
913169,0
913170,0
913171,0
913172,29
913173,29
913174,0
913175,19
913176,0
913177,0
913178,0
913179,0
913180,0
913181,0
913182,0
913183,0
913184,0
913185,0
913186,0
913187,0
913188,0
913189,0
913190,0
913191,0
913192,19
913193,0
913194,0
913195,0
913196,0
913197,17
913198,0
913199,25
913200,0
913201,0
913202,0
913203,0
913204,0
913205,0
913206,0
913207,0
913208,0
913209,25
913210,0
913211,0
913212,0
913213,0
913214,15
913215,0
913216,0
913217,0
913218,0
913219,0
913220,0
913221,0
913222,0
913223,0
913224,0
913225,0
913226,0
913227,0
913228,0
913229,25
913230,0
913231,0
913232,0
913233,0
913234,16
913235,0
913236,0
913237,0
913238,0
913239,0
913240,0
913241,0
913242,0
913243,0
913244,23
913245,0
913246,0
913247,0
913248,0
913249,0
913250,0
913251,0
913252,0
913253,0
913254,0
913255,0
913256,35
913257,0
913258,0
913259,0
913260,0
913261,0
913262,0
913263,0
913264,0
913265,0
913266,0
913267,0
913268,0
913269,24
913270,24
913271,0
913272,0
913273,0
913274,0
913275,0
913276,0
913277,0
913278,0
913279,0
913280,0
913281,0
913282,0
913283,0
913284,20
913285,24
913286,0
913287,0
913288,38
913289,9
913290,0
913291,26
913292,0
913293,0
913294,22
913295,0
913296,0
913297,0
913298,27
913299,20
913300,0
913301,0
913302,29
913303,0
913304,24
913305,0
913306,0
913307,0
913308,0
913309,0
913310,0
913311,0
913312,0
913313,19
913314,0
913315,0
913316,0
913317,0
913318,0
913319,21
913320,0
913321,0
913322,0
913323,0
913324,28
913325,0
913326,0
913327,0
913328,27
913329,48
913330,0
913331,0
913332,0
913333,0
913334,0
913335,0
913336,0
913337,16
913338,21
913339,0
913340,0
913341,0
913342,0
913343,0
913344,0
913345,26
913346,0
913347,18
913348,31
913349,0
913350,0
913351,0
913352,0
913353,0
913354,0
913355,0
913356,29
913357,0
913358,0
913359,29
913360,0
913361,0
913362,0
913363,24
913364,0
913365,0
913366,0
913367,0
913368,22
913369,16
913370,0
913371,0
913372,0
913373,20
913374,0
913375,0
913376,0
913377,0
913378,0
913379,0
913380,0
913381,21
913382,0
913383,0
913384,0
913385,0
913386,0
913387,0
913388,0
913389,0
913390,12
913391,0
913392,0
913393,0
913394,0
913395,15
913396,0
913397,0
913398,24
913399,16
913400,0
913401,0
913402,0
913403,0
913404,0
913405,0
913406,0
913407,0
913408,0
913409,0
913410,23
913411,0
913412,0
913413,0
913414,27
913415,15
913416,0
913417,0
913418,0
913419,0
913420,0
913421,23
913422,0
913423,33
913424,0
913425,0
913426,28
913427,0
913428,17
913429,22
913430,0
913431,0
913432,0
913433,0
913434,0
913435,34
913436,0
913437,0
913438,0
913439,0
913440,0
913441,0
913442,0
913443,0
913444,0
913445,21
913446,0
913447,0
913448,0
913449,0
913450,0
913451,0
913452,0
913453,29
913454,26
913455,0
913456,0
913457,18
913458,0
913459,0
913460,0
913461,0
913462,0
913463,0
913464,0
913465,0
913466,25
913467,0
913468,0
913469,0
913470,0
913471,0
913472,19
913473,0
913474,0
913475,0
913476,0
913477,0
913478,0
913479,0
913480,0
913481,0
913482,32
913483,0
913484,0
913485,19
913486,0
913487,17
913488,0
913489,0
913490,0
913491,0
913492,23
913493,0
913494,0
913495,0
913496,0
913497,0
913498,0
913499,0
913500,0
913501,0
913502,0
913503,0
913504,0
913505,0
913506,0
913507,0
913508,0
913509,0
913510,0
913511,0
913512,0
913513,0
913514,0
913515,28
913516,27
913517,0
913518,40
913519,0
913520,0
913521,0
913522,0
913523,0
913524,0
913525,0
913526,0
913527,0
913528,0
913529,0
913530,0
913531,22
913532,0
913533,14
913534,0
913535,16
913536,0
913537,0
913538,14
913539,0
913540,0
913541,0
913542,0
913543,0
913544,34
913545,0
913546,0
913547,24
913548,0
913549,0
913550,0
913551,22
913552,17
913553,0
913554,36
913555,19
913556,0
913557,0
913558,30
913559,0
913560,0
913561,0
913562,0
913563,19
913564,0
913565,0
913566,0
913567,0
913568,0
913569,0
913570,0
913571,0
913572,0
913573,0
913574,0
913575,0
913576,0
913577,0
913578,0
913579,0
913580,0
913581,0
913582,0
913583,0
913584,0
913585,0
913586,16
913587,0
913588,0
913589,11
913590,0
913591,0
913592,0
913593,0
913594,0
913595,0
913596,0
913597,0
913598,22
913599,0
913600,0
913601,19
913602,0
913603,0
913604,18
913605,0
913606,0
913607,0
913608,0
913609,0
913610,0
913611,0
913612,0
913613,0
913614,0
913615,19
913616,23
913617,16
913618,0
913619,0
913620,0
913621,0
913622,0
913623,0
913624,24
913625,0
913626,0
913627,0
913628,0
913629,23
913630,21
913631,0
913632,0
913633,0
913634,29
913635,0
913636,0
913637,0
913638,0
913639,22
913640,0
913641,0
913642,0
913643,0
913644,18
913645,0
913646,0
913647,0
913648,0
913649,0
913650,0
913651,26
913652,0
913653,0
913654,0
913655,0
913656,35
913657,0
913658,18
913659,0
913660,0
913661,19
913662,22
913663,22
913664,0
913665,0
913666,0
913667,0
913668,0
913669,0
913670,0
913671,0
913672,0
913673,0
913674,17
913675,0
913676,0
913677,19
913678,0
913679,0
913680,0
913681,0
913682,0
913683,0
913684,0
913685,0
913686,0
913687,0
913688,0
913689,0
913690,0
913691,22
913692,0
913693,0
913694,0
913695,0
913696,0
913697,12
913698,0
913699,36
913700,0
913701,0
913702,0
913703,23
913704,0
913705,0
913706,0
913707,0
913708,0
913709,0
913710,17
913711,23
913712,0
913713,36
913714,0
913715,0
913716,18
913717,0
913718,0
913719,0
913720,0
913721,0
913722,14
913723,0
913724,0
913725,19
913726,0
913727,0
913728,0
913729,0
913730,22
913731,0
913732,0
913733,38
913734,31
913735,0
913736,0
913737,0
913738,0
913739,0
913740,0
913741,0
913742,0
913743,0
913744,0
913745,0
913746,0
913747,0
913748,0
913749,0
913750,0
913751,0
913752,0
913753,0
913754,0
913755,0
913756,0
913757,0
913758,0
913759,0
913760,29
913761,0
913762,0
913763,0
913764,0
913765,0
913766,0
913767,25
913768,0
913769,0
913770,19
913771,0
913772,0
913773,0
913774,0
913775,0
913776,0
913777,18
913778,0
913779,0
913780,0
913781,0
913782,0
913783,0
913784,0
913785,0
913786,0
913787,0
913788,0
913789,0
913790,0
913791,0
913792,0
913793,0
913794,0
913795,0
913796,0
913797,36
913798,0
913799,0
913800,0
913801,0
913802,0
913803,0
913804,0
913805,0
913806,0
913807,0
913808,0
913809,0
913810,0
913811,0
913812,0
913813,0
913814,0
913815,0
913816,0
913817,0
913818,0
913819,0
913820,0
913821,0
913822,0
913823,0
913824,0
913825,29
913826,0
913827,26
913828,0
913829,0
913830,0
913831,0
913832,0
913833,0
913834,0
913835,0
913836,0
913837,0
913838,0
913839,0
913840,0
913841,0
913842,0
913843,0
913844,0
913845,0
913846,32
913847,0
913848,29
913849,0
913850,0
913851,0
913852,0
913853,0
913854,0
913855,0
913856,0
913857,0
913858,0
913859,17
913860,0
913861,0
913862,0
913863,0
913864,0
913865,0
913866,0
913867,0
913868,0
913869,0
913870,0
913871,0
913872,0
913873,0
913874,20
913875,0
913876,0
913877,0
913878,0
913879,0
913880,0
913881,0
913882,0
913883,0
913884,0
913885,0
913886,0
913887,0
913888,0
913889,0
913890,0
913891,35
913892,0
913893,0
913894,0
913895,0
913896,0
913897,0
913898,0
913899,0
913900,0
913901,0
913902,0
913903,14
913904,0
913905,0
913906,0
913907,0
913908,0
913909,0
913910,0
913911,0
913912,0
913913,0
913914,0
913915,0
913916,0
913917,0
913918,0
913919,0
913920,0
913921,0
913922,0
913923,0
913924,0
913925,0
913926,0
913927,0
913928,0
913929,0
913930,0
913931,0
913932,0
913933,0
913934,0
913935,19
913936,0
913937,0
913938,0
913939,0
913940,0
913941,0
913942,0
913943,0
913944,0
913945,0
913946,0
913947,0
913948,0
913949,0
913950,0
913951,0
913952,0
913953,0
913954,0
913955,0
913956,19
913957,0
913958,28
913959,0
913960,0
913961,0
913962,0
913963,0
913964,0
913965,0
913966,0
913967,0
913968,0
913969,32
913970,0
913971,0
913972,0
913973,0
913974,29
913975,0
913976,0
913977,0
913978,0
913979,0
913980,0
913981,0
913982,0
913983,0
913984,0
913985,0
913986,0
913987,0
913988,0
913989,0
913990,0
913991,22
913992,0
913993,0
913994,0
913995,0
913996,25
913997,0
913998,0
913999,0
914000,0
914001,0
914002,0
914003,0
914004,0
914005,0
914006,0
914007,0
914008,0
914009,0
914010,0
914011,0
914012,0
914013,0
914014,0
914015,0
914016,0
914017,0
914018,0
914019,0
914020,0
914021,0
914022,0
914023,0
914024,28
914025,0
914026,0
914027,0
914028,0
914029,0
914030,0
914031,0
914032,0
914033,0
914034,0
914035,0
914036,0
914037,0
914038,0
914039,0
914040,0
914041,0
914042,0
914043,0
914044,0
914045,0
914046,0
914047,0
914048,0
914049,0
914050,0
914051,0
914052,0
914053,28
914054,34
914055,0
914056,0
914057,0
914058,0
914059,0
914060,0
914061,0
914062,0
914063,0
914064,0
914065,0
914066,0
914067,0
914068,0
914069,0
914070,0
914071,0
914072,0
914073,0
914074,0
914075,18
914076,0
914077,0
914078,0
914079,0
914080,0
914081,0
914082,0
914083,0
914084,0
914085,0
914086,0
914087,0
914088,0
914089,10
914090,0
914091,0
914092,15
914093,0
914094,0
914095,0
914096,0
914097,0
914098,0
914099,0
914100,0
914101,0
914102,0
914103,0
914104,0
914105,0
914106,0
914107,0
914108,0
914109,0
914110,0
914111,0
914112,0
914113,0
914114,0
914115,0
914116,0
914117,0
914118,0
914119,0
914120,0
914121,0
914122,0
914123,0
914124,0
914125,0
914126,0
914127,0
914128,0
914129,0
914130,0
914131,0
914132,0
914133,0
914134,0
914135,0
914136,0
914137,0
914138,0
914139,0
914140,0
914141,0
914142,0
914143,0
914144,0
914145,0
914146,0
914147,0
914148,0
914149,0
914150,0
914151,0
914152,0
914153,0
914154,29
914155,0
914156,0
914157,0
914158,0
914159,0
914160,0
914161,0
914162,0
914163,0
914164,0
914165,0
914166,0
914167,0
914168,0
914169,0
914170,0
914171,0
914172,0
914173,21
914174,0
914175,0
914176,0
914177,0
914178,0
914179,0
914180,0
914181,0
914182,0
914183,0
914184,0
914185,0
914186,0
914187,0
914188,0
914189,23
914190,0
914191,0
914192,0
914193,26
914194,0
914195,0
914196,0
914197,0
914198,0
914199,0
914200,0
914201,0
914202,0
914203,0
914204,0
914205,0
914206,0
914207,0
914208,0
914209,0
914210,0
914211,0
914212,15
914213,0
914214,0
914215,0
914216,0
914217,0
914218,0
914219,0
914220,0
914221,0
914222,0
914223,0
914224,0
914225,0
914226,0
914227,0
914228,0
914229,0
914230,0
914231,0
914232,18
914233,0
914234,0
914235,0
914236,0
914237,0
914238,0
914239,0
914240,0
914241,0
914242,0
914243,0
914244,0
914245,0
914246,0
914247,0
914248,0
914249,0
914250,0
914251,0
914252,0
914253,0
914254,0
914255,0
914256,0
914257,0
914258,0
914259,0
914260,0
914261,0
914262,0
914263,0
914264,0
914265,0
914266,0
914267,0
914268,0
914269,0
914270,0
914271,0
914272,0
914273,0
914274,0
914275,0
914276,0
914277,0
914278,0
914279,0
914280,0
914281,0
914282,0
914283,18
914284,0
914285,0
914286,0
914287,0
914288,0
914289,0
914290,0
914291,0
914292,0
914293,0
914294,0
914295,0
914296,0
914297,0
914298,0
914299,0
914300,0
914301,0
914302,0
914303,0
914304,0
914305,0
914306,0
914307,0
914308,0
914309,0
914310,0
914311,0
914312,0
914313,0
914314,0
914315,0
914316,0
914317,0
914318,0
914319,0
914320,0
914321,0
914322,0
914323,0
914324,0
914325,0
914326,0
914327,0
914328,0
914329,0
914330,0
914331,0
914332,0
914333,0
914334,0
914335,21
914336,0
914337,0
914338,0
914339,0
914340,0
914341,0
914342,0
914343,0
914344,0
914345,0
914346,0
914347,0
914348,0
914349,0
914350,0
914351,0
914352,0
914353,0
914354,0
914355,0
914356,0
914357,0
914358,0
914359,25
914360,0
914361,0
914362,22
914363,0
914364,0
914365,0
914366,0
914367,0
914368,0
914369,14
914370,0
914371,0
914372,21
914373,0
914374,0
914375,0
914376,0
914377,0
914378,0
914379,0
914380,0
914381,0
914382,0
914383,0
914384,0
914385,0
914386,0
914387,0
914388,0
914389,0
914390,0
914391,0
914392,0
914393,0
914394,0
914395,0
914396,19
914397,0
914398,0
914399,13
914400,17
914401,0
914402,0
914403,0
914404,0
914405,0
914406,0
914407,0
914408,0
914409,0
914410,0
914411,0
914412,0
914413,0
914414,0
914415,0
914416,0
914417,17
914418,0
914419,24
914420,0
914421,0
914422,0
914423,18
914424,0
914425,0
914426,0
914427,20
914428,0
914429,0
914430,20
914431,0
914432,0
914433,0
914434,0
914435,0
914436,0
914437,26
914438,17
914439,0
914440,0
914441,8
914442,0
914443,0
914444,0
914445,0
914446,0
914447,0
914448,0
914449,0
914450,0
914451,0
914452,0
914453,0
914454,0
914455,0
914456,0
914457,0
914458,25
914459,0
914460,0
914461,0
914462,0
914463,18
914464,0
914465,0
914466,0
914467,0
914468,0
914469,0
914470,12
914471,0
914472,0
914473,0
914474,0
914475,0
914476,0
914477,0
914478,0
914479,18
914480,0
914481,17
914482,0
914483,0
914484,0
914485,0
914486,0
914487,0
914488,0
914489,0
914490,0
914491,0
914492,0
914493,12
914494,19
914495,0
914496,0
914497,10
914498,0
914499,0
914500,0
914501,0
914502,22
914503,26
914504,0
914505,0
914506,0
914507,0
914508,0
914509,0
914510,0
914511,0
914512,0
914513,0
914514,0
914515,0
914516,0
914517,0
914518,0
914519,0
914520,0
914521,0
914522,0
914523,0
914524,0
914525,0
914526,0
914527,0
914528,0
914529,13
914530,0
914531,16
914532,0
914533,0
914534,0
914535,0
914536,0
914537,0
914538,0
914539,0
914540,0
914541,0
914542,0
914543,0
914544,0
914545,0
914546,0
914547,0
914548,0
914549,0
914550,0
914551,0
914552,0
914553,0
914554,0
914555,0
914556,0
914557,0
914558,0
914559,0
914560,0
914561,0
914562,0
914563,0
914564,0
914565,0
914566,0
914567,0
914568,0
914569,0
914570,0
914571,0
914572,0
914573,0
914574,0
914575,0
914576,0
914577,12
914578,0
914579,0
914580,0
914581,21
914582,0
914583,0
914584,0
914585,0
914586,0
914587,0
914588,0
914589,0
914590,0
914591,0
914592,0
914593,0
914594,0
914595,9
914596,0
914597,0
914598,0
914599,0
914600,0
914601,0
914602,0
914603,0
914604,0
914605,0
914606,0
914607,0
914608,0
914609,0
914610,0
914611,0
914612,0
914613,0
914614,0
914615,0
914616,0
914617,0
914618,0
914619,0
914620,0
914621,0
914622,0
914623,0
914624,0
914625,0
914626,22
914627,7
914628,0
914629,0
914630,0
914631,0
914632,0
914633,0
914634,0
914635,0
914636,0
914637,0
914638,0
914639,0
914640,15
914641,0
914642,0
914643,0
914644,0
914645,0
914646,0
914647,0
914648,0
914649,0
914650,0
914651,0
914652,0
914653,0
914654,14
914655,0
914656,0
914657,0
914658,1
914659,0
914660,0
914661,0
914662,0
914663,0
914664,0
914665,1
914666,0
914667,0
914668,0
914669,0
914670,0
914671,0
914672,0
914673,0
914674,0
914675,0
914676,0
914677,0
914678,1
914679,0
914680,0
914681,0
914682,0
914683,0
914684,0
914685,0
914686,0
914687,0
914688,0
914689,0
914690,0
914691,1
914692,0
914693,0
914694,0
914695,0
914696,0
914697,0
914698,0
914699,0
914700,0
914701,0
914702,0
914703,1
914704,0
914705,0
914706,0
914707,0
914708,0
914709,0
914710,0
914711,0
914712,1
914713,0
914714,0
914715,0
914716,0
914717,0
914718,0
914719,0
914720,0
914721,0
914722,0
914723,0
914724,0
914725,0
914726,0
914727,0
914728,0
914729,0
914730,0
914731,0
914732,0
914733,0
914734,0
914735,1
914736,0
914737,0
914738,0
914739,0
914740,0
914741,0
914742,0
914743,0
914744,0
914745,0
914746,0
914747,0
914748,0
914749,0
914750,0
914751,0
914752,0
914753,0
914754,0
914755,0
914756,0
914757,0
914758,0
914759,0
914760,0
914761,0
914762,0
914763,0
914764,0
914765,1
914766,0
914767,0
914768,2
914769,0
914770,0
914771,0
914772,0
914773,0
914774,0
914775,0
914776,0
914777,1
914778,0
914779,0
914780,0
914781,0
914782,0
914783,0
914784,0
914785,0
914786,0
914787,1
914788,0
914789,0
914790,0
914791,0
914792,0
914793,0
914794,0
914795,0
914796,0
914797,0
914798,0
914799,0
914800,0
914801,0
914802,0
914803,0
914804,0
914805,0
914806,0
914807,0
914808,0
914809,0
914810,0
914811,0
914812,0
914813,0
914814,0
914815,0
914816,0
914817,0
914818,0
914819,0
914820,0
914821,0
914822,0
914823,0
914824,0
914825,2
914826,0
914827,0
914828,0
914829,0
914830,0
914831,0
914832,0
914833,0
914834,0
914835,0
914836,0
914837,0
914838,0
914839,0
914840,3
914841,0
914842,0
914843,0
914844,0
914845,0
914846,0
914847,1
914848,0
914849,0
914850,0
914851,0
914852,0
914853,0
914854,0
914855,0
914856,0
914857,0
914858,0
914859,0
914860,0
914861,0
914862,0
914863,0
914864,0
914865,0
914866,0
914867,0
914868,0
914869,0
914870,0
914871,0
914872,0
914873,1
914874,0
914875,0
914876,0
914877,0
914878,0
914879,0
914880,0
914881,0
914882,0
914883,0
914884,0
914885,0
914886,0
914887,0
914888,0
914889,0
914890,0
914891,0
914892,0
914893,0
914894,0
914895,0
914896,0
914897,0
914898,0
914899,0
914900,0
914901,0
914902,0
914903,0
914904,0
914905,0
914906,0
914907,0
914908,0
914909,0
914910,0
914911,2
914912,0
914913,0
914914,0
914915,0
914916,0
914917,0
914918,0
914919,0
914920,0
914921,0
914922,0
914923,0
914924,0
914925,0
914926,1
914927,0
914928,1
914929,1
914930,0
914931,0
914932,0
914933,0
914934,0
914935,0
914936,0
914937,0
914938,0
914939,0
914940,0
914941,0
914942,0
914943,0
914944,0
914945,2
914946,0
914947,0
914948,0
914949,0
914950,0
914951,0
914952,0
914953,0
914954,0
914955,1
914956,0
914957,0
914958,1
914959,0
914960,0
914961,0
914962,0
914963,0
914964,0
914965,0
914966,0
914967,0
914968,0
914969,0
914970,0
914971,0
914972,0
914973,1
914974,0
914975,0
914976,0
914977,0
914978,0
914979,0
914980,0
914981,0
914982,0
914983,0
914984,0
914985,0
914986,0
914987,0
914988,0
914989,0
914990,0
914991,0
914992,0
914993,0
914994,0
914995,0
914996,0
914997,0
914998,0
914999,0
915000,0
915001,0
915002,0
915003,0
915004,0
915005,0
915006,0
915007,0
915008,0
915009,0
915010,0
915011,0
915012,1
915013,0
915014,0
915015,0
915016,0
915017,0
915018,0
915019,0
915020,0
915021,0
915022,0
915023,0
915024,0
915025,0
915026,0
915027,0
915028,0
915029,0
915030,0
915031,0
915032,0
915033,0
915034,0
915035,0
915036,0
915037,0
915038,0
915039,0
915040,0
915041,0
915042,0
915043,0
915044,0
915045,0
915046,0
915047,0
915048,0
915049,0
915050,3
915051,0
915052,0
915053,1
915054,0
915055,0
915056,0
915057,0
915058,0
915059,0
915060,0
915061,0
915062,0
915063,0
915064,0
915065,0
915066,0
915067,0
915068,0
915069,0
915070,0
915071,0
915072,0
915073,1
915074,0
915075,0
915076,0
915077,0
915078,0
915079,0
915080,0
915081,0
915082,0
915083,0
915084,0
915085,0
915086,0
915087,0
915088,0
915089,1
915090,0
915091,0
915092,0
915093,0
915094,0
915095,0
915096,0
915097,0
915098,0
915099,0
915100,0
915101,0
915102,0
915103,0
915104,0
915105,0
915106,0
915107,0
915108,0
915109,0
915110,0
915111,0
915112,0
915113,0
915114,0
915115,0
915116,0
915117,0
915118,0
915119,0
915120,0
915121,0
915122,0
915123,0
915124,0
915125,0
915126,0
915127,2
915128,0
915129,0
915130,0
915131,0
915132,0
915133,0
915134,0
915135,0
915136,0
915137,0
915138,0
915139,0
915140,0
915141,0
915142,0
915143,0
915144,0
915145,0
915146,0
915147,0
915148,0
915149,0
915150,0
915151,0
915152,0
915153,0
915154,0
915155,0
915156,0
915157,0
915158,0
915159,0
915160,0
915161,0
915162,0
915163,0
915164,0
915165,0
915166,0
915167,0
915168,0
915169,0
915170,0
915171,0
915172,0
915173,0
915174,0
915175,0
915176,0
915177,0
915178,0
915179,0
915180,0
915181,0
915182,0
915183,0
915184,0
915185,0
915186,0
915187,0
915188,0
915189,0
915190,0
915191,0
915192,0
915193,0
915194,0
915195,0
915196,0
915197,0
915198,0
915199,0
915200,0
915201,0
915202,0
915203,0
915204,0
915205,0
915206,0
915207,0
915208,0
915209,0
915210,0
915211,0
915212,0
915213,0
915214,0
915215,0
915216,0
915217,0
915218,0
915219,0
915220,0
915221,0
915222,0
915223,0
915224,0
915225,0
915226,0
915227,0
915228,0
915229,0
915230,0
915231,0
915232,0
915233,0
915234,0
915235,0
915236,0
915237,0
915238,0
915239,0
915240,0
915241,0
915242,0
915243,0
915244,0
915245,0
915246,0
915247,0
915248,0
915249,0
915250,0
915251,0
915252,0
915253,0
915254,0
915255,0
915256,0
915257,0
915258,0
915259,0
915260,0
915261,0
915262,0
915263,0
915264,0
915265,0
915266,0
915267,0
915268,0
915269,0
915270,0
915271,0
915272,0
915273,0
915274,0
915275,0
915276,0
915277,0
915278,0
915279,0
915280,0
915281,0
915282,0
915283,0
915284,0
915285,0
915286,0
915287,0
915288,0
915289,0
915290,0
915291,0
915292,0
915293,0
915294,0
915295,0
915296,0
915297,0
915298,0
915299,0
915300,0
915301,0
915302,0
915303,0
915304,0
915305,0
915306,0
915307,0
915308,0
915309,0
915310,0
915311,0
915312,0
915313,0
915314,0
915315,0
915316,0
915317,0
915318,0
915319,0
915320,0
915321,0
915322,0
915323,0
915324,0
915325,0
915326,0
915327,0
915328,0
915329,0
915330,0
915331,0
915332,0
915333,0
915334,0
915335,0
915336,0
915337,0
915338,0
915339,0
915340,0
915341,0
915342,0
915343,0
915344,0
915345,0
915346,0
915347,0
915348,0
915349,0
915350,0
915351,17
915352,0
915353,23
915354,0
915355,0
915356,0
915357,0
915358,25
915359,0
915360,33
915361,0
915362,0
915363,0
915364,29
915365,23
915366,0
915367,0
915368,20
915369,21
915370,0
915371,0
915372,0
915373,0
915374,0
915375,0
915376,0
915377,0
915378,0
915379,0
915380,0
915381,0
915382,0
915383,0
915384,0
915385,0
915386,0
915387,0
915388,0
915389,0
915390,0
915391,0
915392,32
915393,0
915394,11
915395,0
915396,0
915397,0
915398,0
915399,0
915400,0
915401,0
915402,0
915403,38
915404,0
915405,0
915406,0
915407,0
915408,0
915409,0
915410,0
915411,0
915412,0
915413,29
915414,0
915415,0
915416,0
915417,0
915418,0
915419,0
915420,0
915421,0
915422,0
915423,0
915424,32
915425,0
915426,25
915427,0
915428,47
915429,0
915430,0
915431,0
915432,0
915433,0
915434,0
915435,28
915436,0
915437,0
915438,0
915439,0
915440,0
915441,0
915442,0
915443,0
915444,0
915445,0
915446,0
915447,0
915448,0
915449,0
915450,0
915451,0
915452,0
915453,0
915454,0
915455,21
915456,0
915457,21
915458,0
915459,0
915460,0
915461,23
915462,0
915463,38
915464,32
915465,0
915466,0
915467,0
915468,0
915469,0
915470,0
915471,0
915472,0
915473,0
915474,0
915475,0
915476,0
915477,0
915478,0
915479,0
915480,26
915481,0
915482,0
915483,0
915484,0
915485,0
915486,0
915487,26
915488,0
915489,0
915490,0
915491,0
915492,0
915493,0
915494,0
915495,0
915496,0
915497,0
915498,0
915499,0
915500,0
915501,30
915502,0
915503,0
915504,0
915505,0
915506,0
915507,0
915508,0
915509,0
915510,0
915511,0
915512,0
915513,0
915514,0
915515,0
915516,0
915517,0
915518,0
915519,0
915520,0
915521,0
915522,26
915523,0
915524,0
915525,14
915526,0
915527,0
915528,0
915529,0
915530,0
915531,0
915532,0
915533,0
915534,36
915535,0
915536,0
915537,0
915538,0
915539,0
915540,0
915541,0
915542,0
915543,0
915544,0
915545,0
915546,0
915547,0
915548,28
915549,29
915550,0
915551,0
915552,0
915553,39
915554,0
915555,0
915556,0
915557,0
915558,0
915559,0
915560,32
915561,0
915562,0
915563,0
915564,0
915565,0
915566,0
915567,0
915568,0
915569,0
915570,0
915571,0
915572,0
915573,0
915574,0
915575,0
915576,0
915577,0
915578,0
915579,0
915580,0
915581,0
915582,0
915583,0
915584,0
915585,0
915586,0
915587,0
915588,0
915589,0
915590,0
915591,0
915592,0
915593,0
915594,0
915595,0
915596,0
915597,0
915598,0
915599,0
915600,0
915601,0
915602,0
915603,0
915604,0
915605,0
915606,0
915607,0
915608,0
915609,0
915610,0
915611,0
915612,0
915613,0
915614,0
915615,0
915616,0
915617,0
915618,0
915619,0
915620,0
915621,0
915622,0
915623,0
915624,0
915625,0
915626,0
915627,0
915628,0
915629,0
915630,0
915631,0
915632,0
915633,0
915634,0
915635,1
915636,0
915637,0
915638,0
915639,0
915640,0
915641,0
915642,0
915643,0
915644,0
915645,0
915646,0
915647,0
915648,0
915649,0
915650,0
915651,0
915652,0
915653,0
915654,0
915655,0
915656,0
915657,0
915658,0
915659,0
915660,0
915661,0
915662,0
915663,0
915664,0
915665,0
915666,0
915667,0
915668,1
915669,0
915670,0
915671,0
915672,0
915673,0
915674,0
915675,0
915676,0
915677,0
915678,0
915679,0
915680,0
915681,0
915682,0
915683,0
915684,1
915685,0
915686,0
915687,0
915688,0
915689,0
915690,0
915691,0
915692,0
915693,0
915694,0
915695,0
915696,0
915697,0
915698,0
915699,0
915700,0
915701,1
915702,0
915703,0
915704,0
915705,0
915706,0
915707,0
915708,0
915709,0
915710,0
915711,0
915712,0
915713,0
915714,1
915715,0
915716,0
915717,0
915718,0
915719,0
915720,0
915721,0
915722,0
915723,0
915724,0
915725,0
915726,0
915727,0
915728,0
915729,0
915730,0
915731,0
915732,0
915733,0
915734,0
915735,0
915736,0
915737,0
915738,0
915739,0
915740,0
915741,0
915742,0
915743,0
915744,0
915745,0
915746,0
915747,0
915748,0
915749,0
915750,0
915751,0
915752,0
915753,0
915754,0
915755,0
915756,0
915757,0
915758,0
915759,0
915760,0
915761,0
915762,0
915763,0
915764,0
915765,0
915766,0
915767,0
915768,0
915769,0
915770,0
915771,0
915772,0
915773,0
915774,0
915775,0
915776,0
915777,0
915778,0
915779,0
915780,0
915781,1
915782,0
915783,0
915784,0
915785,0
915786,0
915787,0
915788,0
915789,0
915790,0
915791,0
915792,0
915793,0
915794,0
915795,0
915796,0
915797,0
915798,0
915799,0
915800,0
915801,0
915802,0
915803,0
915804,0
915805,0
915806,0
915807,0
915808,0
915809,0
915810,0
915811,0
915812,0
915813,0
915814,0
915815,0
915816,0
915817,0
915818,0
915819,0
915820,0
915821,0
915822,0
915823,0
915824,0
915825,0
915826,0
915827,0
915828,0
915829,0
915830,0
915831,0
915832,0
915833,0
915834,0
915835,0
915836,0
915837,0
915838,0
915839,0
915840,0
915841,0
915842,0
915843,0
915844,0
915845,0
915846,0
915847,0
915848,0
915849,0
915850,0
915851,0
915852,0
915853,0
915854,0
915855,0
915856,0
915857,0
915858,0
915859,0
915860,0
915861,0
915862,0
915863,0
915864,0
915865,0
915866,0
915867,0
915868,0
915869,0
915870,0
915871,0
915872,0
915873,0
915874,0
915875,0
915876,0
915877,0
915878,0
915879,0
915880,0
915881,0
915882,0
915883,0
915884,0
915885,0
915886,0
915887,0
915888,0
915889,0
915890,0
915891,0
915892,0
915893,0
915894,0
915895,0
915896,0
915897,0
915898,0
915899,0
915900,0
915901,0
915902,0
915903,0
915904,0
915905,0
915906,0
915907,0
915908,0
915909,0
915910,0
915911,0
915912,0
915913,0
915914,0
915915,0
915916,0
915917,0
915918,0
915919,0
915920,0
915921,0
915922,0
915923,0
915924,0
915925,0
915926,0
915927,0
915928,0
915929,0
915930,0
915931,0
915932,0
915933,0
915934,0
915935,0
915936,0
915937,0
915938,1
915939,0
915940,1
915941,0
915942,0
915943,0
915944,0
915945,0
915946,0
915947,0
915948,0
915949,0
915950,0
915951,0
915952,0
915953,0
915954,0
915955,0
915956,0
915957,0
915958,0
915959,0
915960,0
915961,0
915962,0
915963,0
915964,0
915965,0
915966,0
915967,0
915968,0
915969,0
915970,0
915971,0
915972,0
915973,0
915974,0
915975,0
915976,0
915977,0
915978,0
915979,0
915980,0
915981,0
915982,0
915983,0
915984,0
915985,0
915986,0
915987,0
915988,0
915989,0
915990,0
915991,0
915992,0
915993,0
915994,0
915995,0
915996,0
915997,0
915998,0
915999,0
916000,0
916001,0
916002,0
916003,0
916004,0
916005,0
916006,0
916007,0
916008,0
916009,0
916010,0
916011,0
916012,0
916013,0
916014,0
916015,0
916016,0
916017,0
916018,0
916019,0
916020,0
916021,0
916022,0
916023,0
916024,0
916025,0
916026,0
916027,0
916028,0
916029,0
916030,0
916031,0
916032,0
916033,0
916034,0
916035,0
916036,0
916037,0
916038,0
916039,0
916040,0
916041,0
916042,0
916043,0
916044,0
916045,0
916046,0
916047,0
916048,0
916049,0
916050,0
916051,0
916052,0
916053,0
916054,0
916055,0
916056,0
916057,0
916058,0
916059,0
916060,0
916061,0
916062,0
916063,0
916064,0
916065,0
916066,0
916067,0
916068,0
916069,0
916070,0
916071,0
916072,0
916073,0
916074,0
916075,0
916076,0
916077,0
916078,0
916079,0
916080,0
916081,0
916082,0
916083,0
916084,0
916085,0
916086,0
916087,0
916088,0
916089,0
916090,0
916091,0
916092,0
916093,1
916094,0
916095,0
916096,0
916097,0
916098,0
916099,0
916100,0
916101,0
916102,0
916103,0
916104,0
916105,0
916106,0
916107,0
916108,0
916109,0
916110,0
916111,0
916112,0
916113,0
916114,0
916115,0
916116,0
916117,0
916118,0
916119,0
916120,0
916121,0
916122,0
916123,0
916124,0
916125,0
916126,0
916127,0
916128,0
916129,0
916130,0
916131,0
916132,0
916133,0
916134,0
916135,0
916136,0
916137,0
916138,0
916139,0
916140,0
916141,0
916142,0
916143,0
916144,0
916145,0
916146,0
916147,0
916148,0
916149,0
916150,0
916151,0
916152,0
916153,0
916154,0
916155,0
916156,0
916157,0
916158,0
916159,0
916160,0
916161,0
916162,0
916163,0
916164,0
916165,0
916166,0
916167,0
916168,0
916169,0
916170,0
916171,0
916172,0
916173,0
916174,0
916175,0
916176,0
916177,0
916178,0
916179,0
916180,1
916181,0
916182,0
916183,0
916184,0
916185,0
916186,0
916187,0
916188,0
916189,0
916190,0
916191,0
916192,0
916193,0
916194,0
916195,0
916196,0
916197,0
916198,0
916199,0
916200,0
916201,0
916202,0
916203,0
916204,0
916205,0
916206,0
916207,0
916208,0
916209,0
916210,0
916211,0
916212,0
916213,0
916214,0
916215,0
916216,0
916217,0
916218,0
916219,0
916220,0
916221,0
916222,0
916223,0
916224,0
916225,0
916226,0
916227,0
916228,0
916229,0
916230,0
916231,0
916232,0
916233,0
916234,0
916235,0
916236,0
916237,0
916238,0
916239,0
916240,0
916241,0
916242,0
916243,0
916244,0
916245,0
916246,0
916247,0
916248,0
916249,0
916250,0
916251,0
916252,0
916253,0
916254,0
916255,0
916256,0
916257,0
916258,0
916259,0
916260,0
916261,0
916262,0
916263,0
916264,0
916265,0
916266,0
916267,0
916268,0
916269,0
916270,0
916271,0
916272,0
916273,0
916274,0
916275,0
916276,0
916277,0
916278,1
916279,0
916280,0
916281,0
916282,0
916283,0
916284,0
916285,0
916286,0
916287,0
916288,1
916289,0
916290,0
916291,0
916292,0
916293,0
916294,0
916295,0
916296,0
916297,0
916298,0
916299,0
916300,0
916301,0
916302,0
916303,0
916304,0
916305,0
916306,0
916307,0
916308,0
916309,0
916310,0
916311,0
916312,0
916313,0
916314,0
916315,0
916316,0
916317,0
916318,0
916319,0
916320,1
916321,0
916322,0
916323,0
916324,0
916325,0
916326,0
916327,0
916328,0
916329,0
916330,0
916331,0
916332,0
916333,0
916334,0
916335,0
916336,0
916337,0
916338,0
916339,0
916340,0
916341,0
916342,0
916343,0
916344,0
916345,0
916346,0
916347,0
916348,0
916349,0
916350,0
916351,0
916352,0
916353,0
916354,0
916355,0
916356,0
916357,0
916358,0
916359,0
916360,0
916361,0
916362,0
916363,0
916364,0
916365,0
916366,1
916367,0
916368,0
916369,0
916370,0
916371,0
916372,0
916373,0
916374,0
916375,0
916376,0
916377,0
916378,0
916379,0
916380,0
916381,0
916382,0
916383,0
916384,0
916385,0
916386,0
916387,1
916388,0
916389,0
916390,0
916391,0
916392,0
916393,0
916394,0
916395,1
916396,0
916397,0
916398,0
916399,0
916400,0
916401,0
916402,0
916403,0
916404,26
916405,0
916406,0
916407,25
916408,0
916409,0
916410,0
916411,0
916412,0
916413,29
916414,0
916415,20
916416,0
916417,22
916418,0
916419,13
916420,0
916421,0
916422,0
916423,0
916424,0
916425,0
916426,0
916427,0
916428,0
916429,0
916430,19
916431,0
916432,0
916433,13
916434,0
916435,0
916436,0
916437,0
916438,0
916439,0
916440,0
916441,0
916442,0
916443,0
916444,0
916445,0
916446,26
916447,0
916448,27
916449,24
916450,0
916451,0
916452,0
916453,0
916454,15
916455,0
916456,20
916457,0
916458,0
916459,0
916460,0
916461,14
916462,13
916463,0
916464,0
916465,25
916466,23
916467,0
916468,0
916469,0
916470,24
916471,0
916472,0
916473,0
916474,0
916475,0
916476,0
916477,0
916478,0
916479,24
916480,15
916481,0
916482,0
916483,0
916484,0
916485,0
916486,0
916487,0
916488,0
916489,0
916490,0
916491,0
916492,23
916493,30
916494,27
916495,0
916496,0
916497,0
916498,0
916499,0
916500,19
916501,27
916502,0
916503,0
916504,0
916505,0
916506,18
916507,22
916508,0
916509,0
916510,30
916511,0
916512,0
916513,16
916514,0
916515,0
916516,0
916517,0
916518,0
916519,0
916520,0
916521,0
916522,0
916523,0
916524,0
916525,0
916526,0
916527,0
916528,0
916529,0
916530,0
916531,19
916532,25
916533,0
916534,27
916535,0
916536,0
916537,0
916538,21
916539,0
916540,0
916541,0
916542,16
916543,28
916544,0
916545,0
916546,0
916547,0
916548,0
916549,19
916550,0
916551,0
916552,0
916553,0
916554,0
916555,0
916556,22
916557,29
916558,0
916559,0
916560,0
916561,0
916562,26
916563,0
916564,0
916565,0
916566,0
916567,0
916568,0
916569,0
916570,0
916571,0
916572,0
916573,0
916574,0
916575,0
916576,14
916577,23
916578,27
916579,20
916580,0
916581,0
916582,20
916583,0
916584,23
916585,0
916586,0
916587,0
916588,37
916589,0
916590,20
916591,16
916592,0
916593,0
916594,0
916595,0
916596,0
916597,0
916598,0
916599,0
916600,0
916601,0
916602,0
916603,0
916604,0
916605,21
916606,0
916607,0
916608,0
916609,0
916610,0
916611,0
916612,0
916613,0
916614,0
916615,0
916616,0
916617,0
916618,38
916619,0
916620,0
916621,28
916622,0
916623,0
916624,0
916625,0
916626,0
916627,0
916628,0
916629,0
916630,0
916631,0
916632,0
916633,0
916634,0
916635,0
916636,0
916637,0
916638,0
916639,0
916640,0
916641,0
916642,17
916643,0
916644,0
916645,0
916646,25
916647,0
916648,0
916649,0
916650,0
916651,0
916652,0
916653,24
916654,0
916655,24
916656,27
916657,0
916658,0
916659,0
916660,0
916661,0
916662,0
916663,0
916664,0
916665,0
916666,0
916667,24
916668,13
916669,0
916670,0
916671,0
916672,0
916673,19
916674,0
916675,0
916676,0
916677,0
916678,11
916679,0
916680,0
916681,15
916682,18
916683,0
916684,38
916685,0
916686,25
916687,0
916688,23
916689,0
916690,0
916691,0
916692,0
916693,39
916694,0
916695,0
916696,0
916697,0
916698,19
916699,22
916700,0
916701,0
916702,0
916703,0
916704,0
916705,23
916706,25
916707,0
916708,23
916709,0
916710,0
916711,28
916712,0
916713,0
916714,31
916715,25
916716,0
916717,27
916718,0
916719,0
916720,0
916721,0
916722,0
916723,0
916724,0
916725,39
916726,0
916727,15
916728,31
916729,0
916730,30
916731,0
916732,0
916733,0
916734,0
916735,0
916736,19
916737,16
916738,0
916739,0
916740,0
916741,19
916742,0
916743,0
916744,0
916745,0
916746,22
916747,0
916748,17
916749,23
916750,0
916751,0
916752,0
916753,0
916754,21
916755,0
916756,0
916757,0
916758,0
916759,0
916760,0
916761,0
916762,19
916763,0
916764,0
916765,0
916766,0
916767,0
916768,0
916769,0
916770,0
916771,0
916772,19
916773,0
916774,0
916775,0
916776,0
916777,0
916778,0
916779,0
916780,0
916781,0
916782,21
916783,0
916784,0
916785,25
916786,0
916787,0
916788,22
916789,23
916790,0
916791,0
916792,0
916793,0
916794,0
916795,22
916796,0
916797,13
916798,0
916799,27
916800,8
916801,19
916802,0
916803,26
916804,0
916805,0
916806,25
916807,0
916808,0
916809,0
916810,0
916811,0
916812,0
916813,31
916814,0
916815,22
916816,0
916817,0
916818,0
916819,21
916820,30
916821,0
916822,23
916823,33
916824,0
916825,0
916826,0
916827,0
916828,0
916829,0
916830,0
916831,0
916832,0
916833,0
916834,15
916835,0
916836,19
916837,0
916838,0
916839,0
916840,0
916841,0
916842,0
916843,0
916844,0
916845,0
916846,0
916847,0
916848,0
916849,0
916850,0
916851,0
916852,0
916853,0
916854,22
916855,0
916856,9
916857,19
916858,32
916859,0
916860,0
916861,0
916862,0
916863,27
916864,27
916865,0
916866,0
916867,0
916868,0
916869,24
916870,0
916871,0
916872,0
916873,0
916874,0
916875,0
916876,0
916877,0
916878,0
916879,0
916880,0
916881,0
916882,0
916883,30
916884,0
916885,0
916886,0
916887,0
916888,0
916889,0
916890,28
916891,0
916892,0
916893,0
916894,28
916895,0
916896,0
916897,0
916898,0
916899,0
916900,0
916901,0
916902,0
916903,0
916904,23
916905,31
916906,19
916907,0
916908,0
916909,0
916910,0
916911,23
916912,10
916913,18
916914,0
916915,0
916916,0
916917,0
916918,0
916919,21
916920,0
916921,0
916922,0
916923,0
916924,0
916925,0
916926,0
916927,0
916928,0
916929,21
916930,0
916931,0
916932,0
916933,0
916934,0
916935,0
916936,0
916937,0
916938,0
916939,0
916940,26
916941,0
916942,28
916943,19
916944,0
916945,0
916946,0
916947,26
916948,40
916949,0
916950,0
916951,18
916952,30
916953,0
916954,0
916955,27
916956,0
916957,0
916958,0
916959,27
916960,0
916961,0
916962,25
916963,0
916964,0
916965,0
916966,0
916967,0
916968,0
916969,0
916970,12
916971,0
916972,0
916973,0
916974,0
916975,0
916976,0
916977,0
916978,0
916979,0
916980,0
916981,0
916982,0
916983,0
916984,0
916985,0
916986,0
916987,30
916988,0
916989,0
916990,0
916991,0
916992,0
916993,0
916994,0
916995,0
916996,17
916997,0
916998,0
916999,0
917000,0
917001,0
917002,0
917003,17
917004,0
917005,0
917006,0
917007,0
917008,0
917009,0
917010,0
917011,0
917012,0
917013,0
917014,0
917015,0
917016,0
917017,0
917018,0
917019,0
917020,0
917021,0
917022,0
917023,0
917024,0
917025,0
917026,0
917027,0
917028,36
917029,0
917030,0
917031,0
917032,0
917033,0
917034,0
917035,0
917036,40
917037,0
917038,0
917039,0
917040,0
917041,0
917042,0
917043,17
917044,21
917045,0
917046,0
917047,0
917048,0
917049,0
917050,23
917051,0
917052,24
917053,0
917054,26
917055,0
917056,0
917057,0
917058,0
917059,0
917060,0
917061,28
917062,24
917063,0
917064,0
917065,0
917066,0
917067,0
917068,17
917069,0
917070,20
917071,0
917072,0
917073,20
917074,0
917075,0
917076,18
917077,13
917078,0
917079,0
917080,0
917081,0
917082,30
917083,0
917084,19
917085,0
917086,0
917087,0
917088,0
917089,0
917090,0
917091,0
917092,0
917093,0
917094,0
917095,27
917096,17
917097,32
917098,15
917099,22
917100,0
917101,0
917102,0
917103,0
917104,0
917105,0
917106,0
917107,0
917108,20
917109,0
917110,0
917111,0
917112,0
917113,21
917114,29
917115,0
917116,39
917117,29
917118,0
917119,0
917120,27
917121,0
917122,0
917123,0
917124,0
917125,21
917126,0
917127,0
917128,0
917129,0
917130,0
917131,0
917132,0
917133,0
917134,0
917135,0
917136,0
917137,0
917138,21
917139,0
917140,0
917141,0
917142,0
917143,0
917144,0
917145,0
917146,0
917147,0
917148,16
917149,0
917150,0
917151,0
917152,0
917153,28
917154,20
917155,0
917156,0
917157,0
917158,0
917159,0
917160,38
917161,0
917162,0
917163,0
917164,25
917165,0
917166,0
917167,24
917168,0
917169,0
917170,0
917171,0
917172,29
917173,0
917174,14
917175,26
917176,0
917177,0
917178,19
917179,0
917180,0
917181,0
917182,0
917183,0
917184,0
917185,27
917186,0
917187,0
917188,0
917189,0
917190,0
917191,0
917192,0
917193,29
917194,0
917195,0
917196,19
917197,0
917198,30
917199,0
917200,0
917201,0
917202,0
917203,19
917204,21
917205,0
917206,18
917207,26
917208,0
917209,32
917210,0
917211,0
917212,0
917213,16
917214,0
917215,0
917216,0
917217,0
917218,0
917219,0
917220,18
917221,0
917222,0
917223,0
917224,0
917225,0
917226,32
917227,0
917228,0
917229,0
917230,0
917231,23
917232,0
917233,19
917234,0
917235,23
917236,16
917237,0
917238,0
917239,0
917240,24
917241,0
917242,0
917243,0
917244,0
917245,0
917246,23
917247,0
917248,0
917249,0
917250,24
917251,0
917252,0
917253,0
917254,0
917255,28
917256,0
917257,0
917258,0
917259,13
917260,0
917261,0
917262,0
917263,29
917264,0
917265,0
917266,21
917267,0
917268,0
917269,0
917270,19
917271,0
917272,25
917273,0
917274,0
917275,0
917276,0
917277,0
917278,0
917279,0
917280,0
917281,0
917282,0
917283,22
917284,0
917285,0
917286,0
917287,32
917288,0
917289,0
917290,22
917291,29
917292,0
917293,0
917294,0
917295,0
917296,0
917297,0
917298,16
917299,21
917300,0
917301,0
917302,0
917303,22
917304,0
917305,0
917306,22
917307,0
917308,17
917309,0
917310,0
917311,0
917312,0
917313,0
917314,0
917315,0
917316,0
917317,0
917318,0
917319,0
917320,0
917321,0
917322,0
917323,24
917324,0
917325,0
917326,38
917327,0
917328,0
917329,0
917330,0
917331,0
917332,0
917333,0
917334,0
917335,0
917336,0
917337,0
917338,0
917339,0
917340,0
917341,0
917342,0
917343,0
917344,4
917345,6
917346,0
917347,0
917348,0
917349,0
917350,0
917351,0
917352,0
917353,0
917354,0
917355,0
917356,0
917357,0
917358,0
917359,0
917360,6
917361,0
917362,6
917363,0
917364,0
917365,0
917366,0
917367,0
917368,0
917369,0
917370,1
917371,0
917372,0
917373,0
917374,0
917375,0
917376,0
917377,0
917378,0
917379,0
917380,0
917381,0
917382,0
917383,0
917384,0
917385,0
917386,0
917387,0
917388,0
917389,0
917390,0
917391,0
917392,0
917393,0
917394,0
917395,0
917396,0
917397,0
917398,0
917399,0
917400,0
917401,0
917402,0
917403,0
917404,0
917405,0
917406,0
917407,0
917408,0
917409,0
917410,4
917411,5
917412,0
917413,3
917414,0
917415,0
917416,0
917417,0
917418,0
917419,0
917420,0
917421,0
917422,0
917423,0
917424,0
917425,0
917426,0
917427,0
917428,0
917429,5
917430,0
917431,0
917432,0
917433,4
917434,0
917435,0
917436,0
917437,0
917438,0
917439,0
917440,0
917441,5
917442,0
917443,8
917444,0
917445,0
917446,7
917447,0
917448,0
917449,0
917450,0
917451,0
917452,0
917453,0
917454,0
917455,0
917456,0
917457,0
917458,0
917459,0
917460,0
917461,7
917462,0
917463,0
917464,0
917465,5
917466,0
917467,0
917468,0
917469,0
917470,0
917471,0
917472,0
917473,0
917474,0
917475,0
917476,0
917477,0
917478,3
917479,0
917480,0
917481,0
917482,0
917483,0
917484,0
917485,0
917486,0
917487,0
917488,2
917489,0
917490,0
917491,0
917492,0
917493,0
917494,0
917495,0
917496,0
917497,0
917498,0
917499,0
917500,0
917501,0
917502,0
917503,0
917504,0
917505,0
917506,0
917507,0
917508,0
917509,0
917510,0
917511,0
917512,0
917513,0
917514,0
917515,0
917516,0
917517,0
917518,0
917519,0
917520,4
917521,0
917522,0
917523,0
917524,0
917525,0
917526,0
917527,3
917528,0
917529,0
917530,0
917531,0
917532,0
917533,8
917534,0
917535,0
917536,0
917537,0
917538,0
917539,0
917540,1
917541,0
917542,0
917543,0
917544,0
917545,0
917546,0
917547,0
917548,0
917549,0
917550,0
917551,0
917552,0
917553,0
917554,0
917555,0
917556,0
917557,0
917558,0
917559,0
917560,0
917561,0
917562,0
917563,0
917564,0
917565,0
917566,4
917567,2
917568,0
917569,0
917570,0
917571,0
917572,1
917573,0
917574,0
917575,0
917576,0
917577,0
917578,0
917579,0
917580,0
917581,0
917582,0
917583,0
917584,0
917585,0
917586,0
917587,0
917588,0
917589,5
917590,0
917591,0
917592,0
917593,3
917594,0
917595,0
917596,0
917597,0
917598,0
917599,0
917600,0
917601,0
917602,0
917603,0
917604,0
917605,0
917606,0
917607,0
917608,0
917609,0
917610,0
917611,0
917612,0
917613,0
917614,0
917615,0
917616,0
917617,0
917618,0
917619,0
917620,0
917621,0
917622,0
917623,0
917624,0
917625,0
917626,0
917627,0
917628,0
917629,0
917630,0
917631,0
917632,0
917633,0
917634,0
917635,4
917636,0
917637,0
917638,0
917639,0
917640,3
917641,0
917642,0
917643,0
917644,0
917645,0
917646,0
917647,0
917648,0
917649,0
917650,0
917651,0
917652,0
917653,0
917654,0
917655,0
917656,0
917657,0
917658,5
917659,0
917660,0
917661,0
917662,0
917663,0
917664,0
917665,0
917666,0
917667,0
917668,0
917669,0
917670,0
917671,0
917672,0
917673,0
917674,0
917675,0
917676,0
917677,0
917678,4
917679,11
917680,0
917681,0
917682,0
917683,0
917684,0
917685,0
917686,0
917687,0
917688,0
917689,2
917690,0
917691,0
917692,0
917693,0
917694,0
917695,0
917696,5
917697,0
917698,8
917699,0
917700,0
917701,0
917702,0
917703,0
917704,0
917705,0
917706,0
917707,0
917708,0
917709,0
917710,0
917711,0
917712,0
917713,0
917714,0
917715,0
917716,0
917717,0
917718,0
917719,0
917720,0
917721,0
917722,0
917723,0
917724,0
917725,0
917726,0
917727,0
917728,0
917729,0
917730,0
917731,0
917732,0
917733,0
917734,4
917735,0
917736,0
917737,0
917738,0
917739,0
917740,0
917741,0
917742,0
917743,0
917744,6
917745,0
917746,4
917747,0
917748,0
917749,0
917750,0
917751,0
917752,0
917753,0
917754,0
917755,0
917756,0
917757,0
917758,4
917759,4
917760,0
917761,0
917762,0
917763,6
917764,0
917765,0
917766,0
917767,0
917768,0
917769,0
917770,0
917771,0
917772,0
917773,0
917774,0
917775,0
917776,0
917777,0
917778,0
917779,2
917780,5
917781,0
917782,0
917783,0
917784,0
917785,5
917786,0
917787,0
917788,0
917789,0
917790,0
917791,0
917792,0
917793,0
917794,0
917795,11
917796,0
917797,0
917798,0
917799,0
917800,0
917801,0
917802,0
917803,0
917804,0
917805,0
917806,0
917807,0
917808,0
917809,0
917810,0
917811,0
917812,3
917813,0
917814,0
917815,0
917816,0
917817,0
917818,0
917819,0
917820,0
917821,0
917822,0
917823,0
917824,0
917825,0
917826,8
917827,0
917828,0
917829,0
917830,0
917831,0
917832,0
917833,0
917834,0
917835,0
917836,0
917837,0
917838,0
917839,0
917840,0
917841,0
917842,3
917843,0
917844,5
917845,0
917846,0
917847,0
917848,0
917849,0
917850,0
917851,0
917852,0
917853,3
917854,0
917855,0
917856,0
917857,8
917858,0
917859,0
917860,0
917861,0
917862,0
917863,0
917864,0
917865,0
917866,0
917867,0
917868,0
917869,0
917870,0
917871,0
917872,0
917873,0
917874,0
917875,0
917876,1
917877,0
917878,0
917879,0
917880,0
917881,0
917882,0
917883,0
917884,0
917885,0
917886,0
917887,0
917888,0
917889,0
917890,0
917891,0
917892,0
917893,0
917894,0
917895,6
917896,0
917897,2
917898,0
917899,10
917900,0
917901,0
917902,2
917903,0
917904,0
917905,0
917906,0
917907,0
917908,0
917909,0
917910,0
917911,0
917912,0
917913,0
917914,6
917915,0
917916,0
917917,0
917918,0
917919,0
917920,0
917921,0
917922,0
917923,3
917924,0
917925,0
917926,0
917927,0
917928,0
917929,0
917930,0
917931,0
917932,0
917933,0
917934,0
917935,6
917936,0
917937,0
917938,0
917939,0
917940,0
917941,0
917942,0
917943,0
917944,0
917945,0
917946,0
917947,0
917948,0
917949,0
917950,0
917951,7
917952,0
917953,0
917954,0
917955,0
917956,0
917957,0
917958,0
917959,6
917960,0
917961,0
917962,3
917963,0
917964,0
917965,0
917966,1
917967,7
917968,0
917969,0
917970,0
917971,0
917972,0
917973,0
917974,0
917975,2
917976,0
917977,0
917978,0
917979,0
917980,0
917981,0
917982,0
917983,0
917984,0
917985,0
917986,0
917987,0
917988,0
917989,0
917990,0
917991,6
917992,0
917993,0
917994,0
917995,0
917996,0
917997,0
917998,0
917999,0
918000,4
918001,0
918002,2
918003,0
918004,0
918005,0
918006,0
918007,0
918008,0
918009,0
918010,0
918011,0
918012,0
918013,0
918014,0
918015,0
918016,0
918017,0
918018,0
918019,0
918020,0
918021,0
918022,0
918023,1
918024,0
918025,0
918026,0
918027,0
918028,7
918029,0
918030,0
918031,0
918032,0
918033,0
918034,0
918035,0
918036,5
918037,0
918038,0
918039,0
918040,0
918041,0
918042,0
918043,0
918044,0
918045,0
918046,0
918047,0
918048,0
918049,0
918050,0
918051,0
918052,0
918053,0
918054,0
918055,3
918056,6
918057,0
918058,0
918059,0
918060,0
918061,5
918062,0
918063,0
918064,0
918065,0
918066,0
918067,0
918068,0
918069,0
918070,0
918071,0
918072,0
918073,0
918074,0
918075,0
918076,0
918077,0
918078,0
918079,0
918080,0
918081,0
918082,0
918083,0
918084,0
918085,0
918086,0
918087,0
918088,0
918089,0
918090,0
918091,0
918092,0
918093,0
918094,0
918095,0
918096,0
918097,0
918098,0
918099,0
918100,0
918101,0
918102,0
918103,0
918104,0
918105,0
918106,0
918107,0
918108,0
918109,0
918110,0
918111,0
918112,7
918113,0
918114,0
918115,3
918116,0
918117,0
918118,0
918119,0
918120,0
918121,0
918122,0
918123,0
918124,0
918125,4
918126,9
918127,0
918128,0
918129,0
918130,0
918131,0
918132,2
918133,8
918134,0
918135,0
918136,0
918137,3
918138,4
918139,0
918140,0
918141,0
918142,0
918143,0
918144,4
918145,0
918146,0
918147,0
918148,0
918149,4
918150,0
918151,0
918152,0
918153,3
918154,0
918155,0
918156,0
918157,7
918158,0
918159,0
918160,0
918161,0
918162,0
918163,0
918164,0
918165,0
918166,0
918167,7
918168,0
918169,0
918170,0
918171,0
918172,0
918173,0
918174,0
918175,0
918176,0
918177,0
918178,0
918179,0
918180,0
918181,0
918182,0
918183,0
918184,0
918185,5
918186,0
918187,0
918188,0
918189,0
918190,0
918191,0
918192,0
918193,0
918194,0
918195,0
918196,0
918197,0
918198,0
918199,0
918200,0
918201,0
918202,0
918203,0
918204,0
918205,0
918206,0
918207,0
918208,0
918209,0
918210,0
918211,0
918212,0
918213,0
918214,0
918215,0
918216,0
918217,0
918218,0
918219,0
918220,0
918221,2
918222,0
918223,0
918224,5
918225,6
918226,0
918227,9
918228,0
918229,5
918230,0
918231,0
918232,0
918233,0
918234,0
918235,0
918236,0
918237,0
918238,0
918239,0
918240,0
918241,0
918242,5
918243,0
918244,0
918245,0
918246,0
918247,0
918248,0
918249,0
918250,0
918251,0
918252,0
918253,0
918254,0
918255,0
918256,0
918257,3
918258,0
918259,0
918260,0
918261,0
918262,0
918263,0
918264,0
918265,0
918266,0
918267,0
918268,0
918269,0
918270,0
918271,0
918272,0
918273,0
918274,0
918275,0
918276,0
918277,0
918278,0
918279,0
918280,0
918281,0
918282,0
918283,0
918284,0
918285,0
918286,0
918287,0
918288,0
918289,0
918290,0
918291,0
918292,0
918293,0
918294,0
918295,0
918296,0
918297,0
918298,0
918299,0
918300,0
918301,0
918302,0
918303,0
918304,0
918305,5
918306,0
918307,0
918308,0
918309,0
918310,0
918311,0
918312,0
918313,0
918314,0
918315,0
918316,0
918317,0
918318,9
918319,3
918320,0
918321,0
918322,0
918323,0
918324,0
918325,0
918326,0
918327,0
918328,2
918329,0
918330,0
918331,0
918332,0
918333,0
918334,0
918335,0
918336,0
918337,6
918338,0
918339,0
918340,0
918341,0
918342,0
918343,0
918344,5
918345,4
918346,1
918347,0
918348,0
918349,0
918350,0
918351,0
918352,5
918353,0
918354,0
918355,0
918356,7
918357,0
918358,0
918359,0
918360,0
918361,0
918362,0
918363,0
918364,0
918365,0
918366,0
918367,0
918368,0
918369,4
918370,0
918371,5
918372,0
918373,0
918374,0
918375,0
918376,0
918377,0
918378,0
918379,0
918380,0
918381,0
918382,0
918383,0
918384,3
918385,0
918386,0
918387,0
918388,0
918389,0
918390,0
918391,0
918392,0
918393,6
918394,0
918395,0
918396,0
918397,0
918398,0
918399,0
918400,0
918401,7
918402,0
918403,0
918404,0
918405,0
918406,0
918407,0
918408,0
918409,0
918410,0
918411,0
918412,0
918413,0
918414,0
918415,0
918416,0
918417,0
918418,0
918419,0
918420,0
918421,0
918422,0
918423,0
918424,1
918425,0
918426,0
918427,0
918428,0
918429,0
918430,0
918431,0
918432,0
918433,0
918434,4
918435,0
918436,0
918437,0
918438,0
918439,3
918440,0
918441,5
918442,0
918443,0
918444,0
918445,0
918446,0
918447,5
918448,0
918449,0
918450,0
918451,0
918452,0
918453,0
918454,0
918455,0
918456,0
918457,0
918458,0
918459,3
918460,0
918461,0
918462,0
918463,2
918464,0
918465,0
918466,0
918467,0
918468,0
918469,0
918470,0
918471,1
918472,0
918473,0
918474,1
918475,1
918476,0
918477,0
918478,0
918479,0
918480,4
918481,0
918482,0
918483,0
918484,0
918485,0
918486,0
918487,0
918488,0
918489,0
918490,0
918491,0
918492,6
918493,0
918494,0
918495,0
918496,0
918497,0
918498,0
918499,0
918500,0
918501,2
918502,5
918503,0
918504,0
918505,0
918506,0
918507,0
918508,1
918509,0
918510,0
918511,0
918512,0
918513,0
918514,0
918515,0
918516,0
918517,0
918518,0
918519,0
918520,5
918521,0
918522,0
918523,0
918524,0
918525,0
918526,2
918527,0
918528,0
918529,0
918530,0
918531,5
918532,0
918533,0
918534,0
918535,0
918536,0
918537,0
918538,0
918539,0
918540,0
918541,0
918542,3
918543,3
918544,0
918545,0
918546,0
918547,0
918548,0
918549,0
918550,0
918551,0
918552,0
918553,0
918554,0
918555,0
918556,0
918557,0
918558,0
918559,0
918560,0
918561,0
918562,0
918563,2
918564,0
918565,3
918566,0
918567,0
918568,0
918569,8
918570,0
918571,0
918572,0
918573,0
918574,0
918575,1
918576,0
918577,0
918578,0
918579,0
918580,0
918581,0
918582,0
918583,0
918584,0
918585,0
918586,0
918587,0
918588,0
918589,0
918590,0
918591,0
918592,3
918593,0
918594,5
918595,0
918596,0
918597,0
918598,0
918599,0
918600,0
918601,0
918602,0
918603,0
918604,0
918605,0
918606,0
918607,4
918608,0
918609,3
918610,0
918611,0
918612,0
918613,0
918614,0
918615,0
918616,0
918617,0
918618,3
918619,0
918620,0
918621,0
918622,0
918623,0
918624,0
918625,0
918626,0
918627,4
918628,0
918629,0
918630,0
918631,0
918632,0
918633,0
918634,0
918635,4
918636,0
918637,0
918638,0
918639,0
918640,0
918641,0
918642,0
918643,0
918644,0
918645,0
918646,2
918647,9
918648,0
918649,0
918650,0
918651,0
918652,0
918653,0
918654,0
918655,0
918656,0
918657,0
918658,0
918659,0
918660,0
918661,0
918662,0
918663,0
918664,0
918665,0
918666,0
918667,0
918668,0
918669,0
918670,0
918671,0
918672,0
918673,0
918674,0
918675,0
918676,0
918677,2
918678,0
918679,0
918680,0
918681,0
918682,0
918683,0
918684,0
918685,0
918686,0
918687,5
918688,0
918689,0
918690,0
918691,0
918692,0
918693,0
918694,0
918695,0
918696,0
918697,0
918698,0
918699,0
918700,0
918701,0
918702,0
918703,0
918704,0
918705,0
918706,0
918707,0
918708,0
918709,0
918710,3
918711,5
918712,0
918713,0
918714,0
918715,0
918716,0
918717,7
918718,0
918719,0
918720,0
918721,0
918722,0
918723,5
918724,7
918725,0
918726,4
918727,4
918728,0
918729,0
918730,0
918731,0
918732,0
918733,0
918734,0
918735,0
918736,0
918737,0
918738,0
918739,0
918740,0
918741,0
918742,0
918743,0
918744,0
918745,0
918746,0
918747,0
918748,0
918749,0
918750,0
918751,0
918752,0
918753,0
918754,3
918755,0
918756,0
918757,0
918758,5
918759,0
918760,0
918761,2
918762,0
918763,0
918764,0
918765,0
918766,0
918767,0
918768,0
918769,4
918770,6
918771,0
918772,0
918773,5
918774,0
918775,0
918776,0
918777,3
918778,0
918779,0
918780,0
918781,0
918782,0
918783,0
918784,0
918785,0
918786,0
918787,0
918788,0
918789,0
918790,0
918791,0
918792,0
918793,0
918794,0
918795,0
918796,0
918797,0
918798,0
918799,0
918800,0
918801,0
918802,0
918803,0
918804,0
918805,0
918806,0
918807,0
918808,0
918809,0
918810,0
918811,0
918812,0
918813,0
918814,0
918815,5
918816,0
918817,0
918818,0
918819,0
918820,0
918821,0
918822,0
918823,0
918824,0
918825,0
918826,0
918827,0
918828,0
918829,0
918830,0
918831,0
918832,4
918833,0
918834,0
918835,0
918836,0
918837,4
918838,0
918839,0
918840,5
918841,0
918842,0
918843,0
918844,0
918845,0
918846,0
918847,0
918848,0
918849,0
918850,0
918851,0
918852,0
918853,0
918854,0
918855,0
918856,0
918857,0
918858,0
918859,8
918860,0
918861,0
918862,0
918863,6
918864,0
918865,0
918866,0
918867,0
918868,0
918869,0
918870,8
918871,0
918872,0
918873,4
918874,0
918875,0
918876,7
918877,0
918878,0
918879,0
918880,0
918881,0
918882,0
918883,0
918884,0
918885,0
918886,0
918887,0
918888,0
918889,0
918890,0
918891,0
918892,0
918893,0
918894,0
918895,0
918896,0
918897,0
918898,0
918899,0
918900,0
918901,0
918902,0
918903,0
918904,0
918905,0
918906,0
918907,0
918908,0
918909,0
918910,0
918911,0
918912,0
918913,2
918914,4
918915,0
918916,0
918917,0
918918,0
918919,0
918920,0
918921,0
918922,0
918923,0
918924,0
918925,0
918926,0
918927,0
918928,0
918929,0
918930,2
918931,0
918932,0
918933,0
918934,0
918935,4
918936,0
918937,0
918938,0
918939,0
918940,0
918941,0
918942,0
918943,0
918944,0
918945,0
918946,0
918947,0
918948,0
918949,2
918950,0
918951,0
918952,0
918953,0
918954,0
918955,0
918956,0
918957,0
918958,0
918959,0
918960,0
918961,0
918962,0
918963,0
918964,0
918965,0
918966,1
918967,0
918968,0
918969,0
918970,0
918971,0
918972,0
918973,0
918974,0
918975,0
918976,0
918977,0
918978,0
918979,0
918980,0
918981,0
918982,0
918983,0
918984,0
918985,0
918986,0
918987,10
918988,0
918989,0
918990,0
918991,0
918992,3
918993,0
918994,0
918995,0
918996,5
918997,0
918998,4
918999,0
919000,9
919001,0
919002,0
919003,0
919004,0
919005,0
919006,0
919007,0
919008,0
919009,0
919010,0
919011,0
919012,0
919013,7
919014,0
919015,0
919016,0
919017,0
919018,0
919019,0
919020,0
919021,0
919022,0
919023,0
919024,0
919025,0
919026,0
919027,0
919028,0
919029,0
919030,0
919031,0
919032,0
919033,0
919034,0
919035,0
919036,0
919037,0
919038,0
919039,0
919040,0
919041,0
919042,0
919043,0
919044,0
919045,0
919046,0
919047,0
919048,0
919049,0
919050,0
919051,0
919052,0
919053,0
919054,0
919055,0
919056,0
919057,3
919058,0
919059,0
919060,0
919061,0
919062,0
919063,0
919064,7
919065,0
919066,0
919067,0
919068,0
919069,0
919070,0
919071,0
919072,0
919073,0
919074,0
919075,3
919076,0
919077,0
919078,0
919079,0
919080,0
919081,0
919082,0
919083,0
919084,0
919085,0
919086,0
919087,0
919088,0
919089,0
919090,0
919091,0
919092,49
919093,0
919094,0
919095,0
919096,0
919097,0
919098,26
919099,0
919100,0
919101,0
919102,82
919103,0
919104,0
919105,0
919106,0
919107,0
919108,0
919109,0
919110,0
919111,0
919112,0
919113,0
919114,0
919115,0
919116,0
919117,0
919118,0
919119,0
919120,0
919121,0
919122,0
919123,0
919124,0
919125,0
919126,0
919127,0
919128,0
919129,0
919130,0
919131,0
919132,0
919133,0
919134,0
919135,0
919136,0
919137,0
919138,0
919139,0
919140,0
919141,0
919142,0
919143,0
919144,0
919145,0
919146,0
919147,0
919148,0
919149,0
919150,0
919151,0
919152,0
919153,0
919154,0
919155,0
919156,0
919157,0
919158,0
919159,0
919160,0
919161,0
919162,0
919163,0
919164,55
919165,0
919166,0
919167,0
919168,0
919169,0
919170,49
919171,0
919172,0
919173,0
919174,0
919175,0
919176,0
919177,0
919178,0
919179,0
919180,0
919181,0
919182,0
919183,0
919184,0
919185,0
919186,0
919187,0
919188,0
919189,0
919190,0
919191,0
919192,0
919193,0
919194,0
919195,0
919196,0
919197,0
919198,0
919199,0
919200,0
919201,0
919202,0
919203,0
919204,0
919205,0
919206,0
919207,0
919208,0
919209,0
919210,0
919211,0
919212,0
919213,0
919214,0
919215,0
919216,0
919217,0
919218,0
919219,0
919220,0
919221,0
919222,0
919223,0
919224,0
919225,0
919226,0
919227,0
919228,0
919229,0
919230,0
919231,0
919232,45
919233,0
919234,0
919235,0
919236,0
919237,0
919238,0
919239,0
919240,0
919241,0
919242,0
919243,0
919244,0
919245,0
919246,0
919247,0
919248,0
919249,0
919250,0
919251,0
919252,0
919253,0
919254,0
919255,0
919256,0
919257,0
919258,0
919259,0
919260,0
919261,0
919262,0
919263,0
919264,0
919265,0
919266,0
919267,0
919268,0
919269,0
919270,0
919271,0
919272,0
919273,0
919274,0
919275,0
919276,0
919277,0
919278,0
919279,0
919280,0
919281,0
919282,0
919283,0
919284,0
919285,0
919286,0
919287,0
919288,0
919289,0
919290,45
919291,50
919292,0
919293,0
919294,0
919295,0
919296,0
919297,0
919298,0
919299,0
919300,0
919301,0
919302,13
919303,0
919304,0
919305,0
919306,0
919307,0
919308,0
919309,0
919310,0
919311,0
919312,0
919313,0
919314,0
919315,0
919316,0
919317,0
919318,0
919319,0
919320,0
919321,0
919322,0
919323,0
919324,0
919325,0
919326,0
919327,0
919328,0
919329,0
919330,20
919331,0
919332,0
919333,0
919334,0
919335,0
919336,0
919337,0
919338,0
919339,0
919340,0
919341,0
919342,0
919343,0
919344,0
919345,0
919346,0
919347,0
919348,0
919349,0
919350,0
919351,0
919352,0
919353,0
919354,0
919355,44
919356,0
919357,0
919358,0
919359,0
919360,0
919361,0
919362,0
919363,0
919364,0
919365,0
919366,0
919367,0
919368,0
919369,0
919370,0
919371,0
919372,0
919373,0
919374,0
919375,0
919376,0
919377,0
919378,0
919379,0
919380,0
919381,0
919382,0
919383,0
919384,0
919385,18
919386,0
919387,0
919388,0
919389,0
919390,0
919391,0
919392,0
919393,0
919394,0
919395,0
919396,0
919397,0
919398,0
919399,0
919400,0
919401,0
919402,0
919403,0
919404,0
919405,27
919406,0
919407,0
919408,0
919409,36
919410,0
919411,0
919412,0
919413,0
919414,0
919415,0
919416,0
919417,34
919418,0
919419,0
919420,0
919421,0
919422,0
919423,0
919424,0
919425,0
919426,0
919427,0
919428,0
919429,0
919430,0
919431,0
919432,0
919433,0
919434,0
919435,0
919436,0
919437,0
919438,0
919439,0
919440,0
919441,22
919442,0
919443,0
919444,0
919445,0
919446,0
919447,0
919448,0
919449,0
919450,0
919451,0
919452,0
919453,0
919454,0
919455,0
919456,0
919457,0
919458,0
919459,0
919460,0
919461,0
919462,0
919463,0
919464,0
919465,0
919466,0
919467,0
919468,0
919469,0
919470,0
919471,0
919472,0
919473,0
919474,0
919475,0
919476,0
919477,0
919478,0
919479,0
919480,0
919481,0
919482,0
919483,0
919484,34
919485,0
919486,0
919487,0
919488,0
919489,0
919490,0
919491,0
919492,29
919493,0
919494,0
919495,0
919496,0
919497,0
919498,0
919499,0
919500,0
919501,0
919502,0
919503,0
919504,0
919505,0
919506,0
919507,0
919508,0
919509,0
919510,46
919511,0
919512,0
919513,55
919514,0
919515,0
919516,0
919517,0
919518,0
919519,0
919520,0
919521,0
919522,0
919523,0
919524,0
919525,0
919526,0
919527,0
919528,0
919529,0
919530,0
919531,0
919532,0
919533,0
919534,0
919535,0
919536,0
919537,0
919538,0
919539,0
919540,0
919541,0
919542,0
919543,0
919544,14
919545,0
919546,0
919547,0
919548,33
919549,0
919550,0
919551,0
919552,0
919553,0
919554,0
919555,0
919556,0
919557,0
919558,0
919559,0
919560,0
919561,0
919562,0
919563,0
919564,0
919565,0
919566,0
919567,0
919568,0
919569,0
919570,0
919571,0
919572,0
919573,0
919574,43
919575,0
919576,0
919577,0
919578,0
919579,0
919580,0
919581,0
919582,0
919583,0
919584,0
919585,0
919586,0
919587,0
919588,0
919589,0
919590,0
919591,0
919592,0
919593,0
919594,0
919595,0
919596,0
919597,0
919598,0
919599,0
919600,0
919601,0
919602,0
919603,0
919604,0
919605,0
919606,0
919607,19
919608,0
919609,0
919610,0
919611,0
919612,0
919613,0
919614,0
919615,0
919616,0
919617,0
919618,0
919619,0
919620,0
919621,0
919622,0
919623,0
919624,0
919625,0
919626,0
919627,0
919628,0
919629,0
919630,0
919631,0
919632,0
919633,0
919634,0
919635,0
919636,0
919637,0
919638,0
919639,0
919640,0
919641,28
919642,0
919643,0
919644,0
919645,0
919646,0
919647,0
919648,0
919649,0
919650,0
919651,0
919652,0
919653,0
919654,0
919655,0
919656,0
919657,0
919658,0
919659,0
919660,0
919661,41
919662,0
919663,0
919664,0
919665,0
919666,0
919667,0
919668,0
919669,0
919670,0
919671,0
919672,0
919673,0
919674,0
919675,0
919676,24
919677,0
919678,0
919679,0
919680,0
919681,0
919682,0
919683,0
919684,0
919685,0
919686,31
919687,0
919688,0
919689,0
919690,0
919691,0
919692,0
919693,0
919694,0
919695,0
919696,0
919697,0
919698,0
919699,0
919700,0
919701,0
919702,0
919703,0
919704,0
919705,0
919706,0
919707,0
919708,0
919709,0
919710,0
919711,0
919712,0
919713,0
919714,0
919715,0
919716,0
919717,0
919718,0
919719,0
919720,0
919721,0
919722,0
919723,0
919724,0
919725,0
919726,0
919727,0
919728,0
919729,0
919730,0
919731,0
919732,0
919733,0
919734,0
919735,0
919736,0
919737,0
919738,0
919739,0
919740,0
919741,0
919742,0
919743,0
919744,0
919745,0
919746,0
919747,0
919748,0
919749,0
919750,45
919751,0
919752,0
919753,0
919754,0
919755,0
919756,0
919757,0
919758,0
919759,0
919760,0
919761,0
919762,32
919763,0
919764,0
919765,0
919766,36
919767,0
919768,0
919769,0
919770,0
919771,0
919772,0
919773,0
919774,0
919775,0
919776,0
919777,0
919778,0
919779,0
919780,0
919781,0
919782,34
919783,0
919784,0
919785,0
919786,33
919787,0
919788,0
919789,32
919790,0
919791,0
919792,40
919793,0
919794,0
919795,0
919796,27
919797,0
919798,37
919799,0
919800,0
919801,0
919802,0
919803,0
919804,0
919805,0
919806,40
919807,0
919808,0
919809,0
919810,0
919811,0
919812,0
919813,0
919814,0
919815,0
919816,0
919817,43
919818,0
919819,0
919820,0
919821,0
919822,0
919823,0
919824,31
919825,0
919826,0
919827,0
919828,0
919829,0
919830,0
919831,0
919832,37
919833,0
919834,0
919835,0
919836,0
919837,0
919838,0
919839,0
919840,0
919841,0
919842,0
919843,0
919844,38
919845,0
919846,0
919847,0
919848,0
919849,0
919850,0
919851,0
919852,0
919853,36
919854,0
919855,0
919856,0
919857,0
919858,0
919859,0
919860,0
919861,0
919862,0
919863,0
919864,0
919865,0
919866,0
919867,0
919868,0
919869,0
919870,0
919871,0
919872,0
919873,0
919874,0
919875,0
919876,0
919877,0
919878,0
919879,0
919880,0
919881,0
919882,25
919883,0
919884,0
919885,31
919886,0
919887,0
919888,0
919889,0
919890,0
919891,0
919892,0
919893,0
919894,0
919895,0
919896,0
919897,0
919898,0
919899,0
919900,0
919901,0
919902,0
919903,0
919904,0
919905,0
919906,0
919907,30
919908,0
919909,0
919910,52
919911,0
919912,0
919913,0
919914,0
919915,23
919916,0
919917,0
919918,0
919919,0
919920,0
919921,0
919922,0
919923,0
919924,0
919925,0
919926,0
919927,0
919928,0
919929,0
919930,32
919931,39
919932,0
919933,0
919934,22
919935,0
919936,28
919937,27
919938,0
919939,0
919940,26
919941,0
919942,37
919943,0
919944,0
919945,0
919946,0
919947,0
919948,0
919949,0
919950,27
919951,0
919952,0
919953,0
919954,0
919955,0
919956,0
919957,45
919958,0
919959,0
919960,0
919961,0
919962,0
919963,0
919964,0
919965,0
919966,0
919967,0
919968,0
919969,0
919970,0
919971,0
919972,0
919973,0
919974,0
919975,20
919976,34
919977,0
919978,0
919979,0
919980,0
919981,29
919982,0
919983,0
919984,0
919985,0
919986,0
919987,0
919988,0
919989,0
919990,0
919991,0
919992,0
919993,0
919994,0
919995,0
919996,0
919997,0
919998,0
919999,0
920000,0
920001,0
920002,0
920003,0
920004,0
920005,0
920006,0
920007,0
920008,32
920009,0
920010,0
920011,49
920012,0
920013,0
920014,0
920015,0
920016,0
920017,31
920018,29
920019,0
920020,0
920021,0
920022,0
920023,0
920024,0
920025,0
920026,0
920027,0
920028,0
920029,0
920030,0
920031,0
920032,0
920033,0
920034,21
920035,0
920036,0
920037,0
920038,0
920039,28
920040,36
920041,0
920042,0
920043,0
920044,0
920045,0
920046,0
920047,0
920048,0
920049,42
920050,39
920051,0
920052,0
920053,0
920054,0
920055,0
920056,0
920057,0
920058,0
920059,0
920060,0
920061,0
920062,0
920063,0
920064,0
920065,0
920066,0
920067,0
920068,0
920069,0
920070,0
920071,0
920072,36
920073,0
920074,0
920075,0
920076,24
920077,0
920078,0
920079,0
920080,0
920081,0
920082,0
920083,0
920084,0
920085,0
920086,0
920087,0
920088,0
920089,0
920090,0
920091,44
920092,0
920093,0
920094,0
920095,0
920096,0
920097,46
920098,0
920099,0
920100,0
920101,0
920102,0
920103,34
920104,0
920105,0
920106,0
920107,0
920108,17
920109,0
920110,0
920111,0
920112,0
920113,0
920114,0
920115,0
920116,0
920117,0
920118,0
920119,0
920120,0
920121,0
920122,0
920123,0
920124,0
920125,26
920126,0
920127,0
920128,0
920129,34
920130,0
920131,0
920132,0
920133,0
920134,22
920135,0
920136,0
920137,0
920138,0
920139,0
920140,0
920141,0
920142,0
920143,0
920144,0
920145,0
920146,0
920147,29
920148,0
920149,0
920150,0
920151,0
920152,0
920153,0
920154,0
920155,0
920156,0
920157,0
920158,0
920159,0
920160,0
920161,0
920162,0
920163,0
920164,0
920165,47
920166,0
920167,0
920168,0
920169,0
920170,0
920171,0
920172,0
920173,39
920174,0
920175,0
920176,0
920177,0
920178,0
920179,0
920180,33
920181,0
920182,0
920183,0
920184,0
920185,0
920186,35
920187,25
920188,0
920189,0
920190,0
920191,0
920192,0
920193,0
920194,0
920195,0
920196,41
920197,0
920198,0
920199,0
920200,0
920201,0
920202,0
920203,0
920204,0
920205,39
920206,0
920207,0
920208,0
920209,0
920210,0
920211,0
920212,0
920213,0
920214,0
920215,37
920216,0
920217,0
920218,0
920219,0
920220,0
920221,0
920222,0
920223,0
920224,25
920225,0
920226,0
920227,32
920228,0
920229,30
920230,34
920231,0
920232,0
920233,0
920234,0
920235,0
920236,0
920237,45
920238,0
920239,0
920240,0
920241,0
920242,0
920243,40
920244,0
920245,37
920246,0
920247,27
920248,0
920249,0
920250,26
920251,0
920252,0
920253,0
920254,0
920255,45
920256,0
920257,0
920258,0
920259,26
920260,0
920261,0
920262,0
920263,0
920264,0
920265,38
920266,0
920267,0
920268,0
920269,0
920270,0
920271,34
920272,0
920273,0
920274,0
920275,0
920276,35
920277,0
920278,0
920279,0
920280,0
920281,44
920282,0
920283,0
920284,0
920285,0
920286,0
920287,0
920288,0
920289,0
920290,0
920291,0
920292,43
920293,0
920294,0
920295,0
920296,40
920297,24
920298,0
920299,0
920300,0
920301,0
920302,0
920303,20
920304,0
920305,0
920306,0
920307,0
920308,0
920309,0
920310,20
920311,0
920312,0
920313,16
920314,0
920315,0
920316,0
920317,0
920318,0
920319,19
920320,0
920321,0
920322,0
920323,0
920324,0
920325,0
920326,0
920327,0
920328,0
920329,0
920330,0
920331,0
920332,0
920333,0
920334,0
920335,0
920336,0
920337,0
920338,0
920339,0
920340,0
920341,0
920342,0
920343,0
920344,0
920345,18
920346,0
920347,0
920348,0
920349,0
920350,0
920351,0
920352,0
920353,0
920354,0
920355,0
920356,0
920357,0
920358,0
920359,0
920360,0
920361,0
920362,0
920363,0
920364,0
920365,0
920366,0
920367,0
920368,17
920369,0
920370,0
920371,14
920372,0
920373,0
920374,0
920375,0
920376,0
920377,0
920378,0
920379,0
920380,0
920381,0
920382,0
920383,0
920384,0
920385,0
920386,19
920387,27
920388,0
920389,0
920390,0
920391,0
920392,0
920393,19
920394,0
920395,0
920396,0
920397,0
920398,0
920399,18
920400,17
920401,0
920402,0
920403,0
920404,0
920405,0
920406,17
920407,0
920408,0
920409,0
920410,17
920411,0
920412,0
920413,15
920414,0
920415,0
920416,0
920417,0
920418,0
920419,0
920420,0
920421,0
920422,0
920423,0
920424,0
920425,0
920426,0
920427,0
920428,0
920429,0
920430,10
920431,0
920432,0
920433,0
920434,0
920435,0
920436,0
920437,0
920438,0
920439,0
920440,0
920441,0
920442,0
920443,0
920444,0
920445,0
920446,16
920447,0
920448,0
920449,0
920450,0
920451,0
920452,0
920453,0
920454,0
920455,0
920456,0
920457,0
920458,0
920459,15
920460,0
920461,0
920462,0
920463,0
920464,0
920465,0
920466,0
920467,0
920468,22
920469,0
920470,0
920471,0
920472,22
920473,0
920474,0
920475,0
920476,0
920477,0
920478,0
920479,0
920480,0
920481,0
920482,0
920483,0
920484,0
920485,0
920486,0
920487,0
920488,0
920489,0
920490,0
920491,0
920492,0
920493,0
920494,14
920495,0
920496,0
920497,16
920498,0
920499,0
920500,0
920501,0
920502,0
920503,19
920504,0
920505,0
920506,0
920507,0
920508,0
920509,15
920510,0
920511,0
920512,0
920513,0
920514,0
920515,0
920516,0
920517,0
920518,0
920519,0
920520,10
920521,0
920522,0
920523,0
920524,0
920525,0
920526,0
920527,0
920528,0
920529,0
920530,0
920531,0
920532,0
920533,11
920534,26
920535,0
920536,0
920537,0
920538,0
920539,0
920540,0
920541,0
920542,0
920543,0
920544,0
920545,0
920546,14
920547,0
920548,0
920549,0
920550,0
920551,0
920552,0
920553,0
920554,6
920555,0
920556,0
920557,0
920558,17
920559,0
920560,0
920561,0
920562,0
920563,0
920564,0
920565,0
920566,0
920567,0
920568,0
920569,0
920570,0
920571,0
920572,0
920573,0
920574,13
920575,16
920576,0
920577,0
920578,0
920579,0
920580,0
920581,0
920582,0
920583,0
920584,22
920585,0
920586,0
920587,0
920588,0
920589,0
920590,0
920591,0
920592,9
920593,0
920594,0
920595,0
920596,0
920597,0
920598,0
920599,0
920600,19
920601,0
920602,0
920603,0
920604,0
920605,0
920606,0
920607,0
920608,0
920609,0
920610,0
920611,0
920612,0
920613,0
920614,0
920615,0
920616,0
920617,0
920618,0
920619,0
920620,0
920621,0
920622,13
920623,0
920624,0
920625,0
920626,0
920627,14
920628,0
920629,0
920630,0
920631,0
920632,0
920633,0
920634,0
920635,0
920636,18
920637,0
920638,10
920639,0
920640,0
920641,0
920642,0
920643,0
920644,0
920645,12
920646,0
920647,0
920648,0
920649,0
920650,0
920651,0
920652,0
920653,0
920654,0
920655,15
920656,0
920657,0
920658,0
920659,0
920660,9
920661,0
920662,0
920663,0
920664,0
920665,0
920666,0
920667,0
920668,0
920669,0
920670,0
920671,0
920672,0
920673,0
920674,0
920675,0
920676,0
920677,0
920678,0
920679,0
920680,19
920681,0
920682,0
920683,0
920684,0
920685,0
920686,0
920687,0
920688,0
920689,0
920690,0
920691,0
920692,0
920693,0
920694,0
920695,0
920696,0
920697,0
920698,0
920699,0
920700,0
920701,0
920702,21
920703,14
920704,13
920705,0
920706,0
920707,0
920708,0
920709,0
920710,0
920711,0
920712,0
920713,0
920714,0
920715,11
920716,0
920717,0
920718,0
920719,21
920720,0
920721,18
920722,0
920723,0
920724,0
920725,0
920726,31
920727,0
920728,0
920729,0
920730,0
920731,0
920732,0
920733,0
920734,19
920735,0
920736,12
920737,0
920738,20
920739,17
920740,0
920741,0
920742,19
920743,0
920744,0
920745,0
920746,0
920747,0
920748,25
920749,0
920750,0
920751,0
920752,0
920753,0
920754,0
920755,0
920756,0
920757,25
920758,18
920759,0
920760,0
920761,0
920762,0
920763,0
920764,0
920765,0
920766,0
920767,0
920768,0
920769,0
920770,0
920771,0
920772,0
920773,0
920774,0
920775,0
920776,0
920777,0
920778,0
920779,0
920780,0
920781,0
920782,0
920783,0
920784,0
920785,28
920786,0
920787,0
920788,0
920789,0
920790,24
920791,0
920792,15
920793,0
920794,0
920795,0
920796,0
920797,0
920798,0
920799,0
920800,0
920801,0
920802,8
920803,0
920804,0
920805,0
920806,0
920807,0
920808,0
920809,0
920810,0
920811,0
920812,0
920813,22
920814,0
920815,0
920816,0
920817,16
920818,0
920819,0
920820,0
920821,0
920822,0
920823,0
920824,0
920825,0
920826,0
920827,0
920828,0
920829,0
920830,0
920831,14
920832,0
920833,0
920834,0
920835,0
920836,0
920837,0
920838,0
920839,0
920840,0
920841,0
920842,0
920843,0
920844,0
920845,17
920846,0
920847,17
920848,0
920849,0
920850,0
920851,0
920852,0
920853,19
920854,0
920855,0
920856,0
920857,0
920858,0
920859,0
920860,0
920861,0
920862,0
920863,0
920864,0
920865,0
920866,0
920867,0
920868,0
920869,0
920870,0
920871,0
920872,0
920873,0
920874,0
920875,0
920876,0
920877,0
920878,0
920879,0
920880,0
920881,0
920882,0
920883,0
920884,0
920885,16
920886,0
920887,0
920888,0
920889,0
920890,0
920891,0
920892,0
920893,18
920894,0
920895,0
920896,0
920897,0
920898,0
920899,0
920900,0
920901,0
920902,0
920903,0
920904,0
920905,14
920906,0
920907,0
920908,0
920909,0
920910,11
920911,0
920912,0
920913,0
920914,0
920915,0
920916,0
920917,0
920918,0
920919,0
920920,0
920921,0
920922,0
920923,0
920924,0
920925,0
920926,0
920927,0
920928,0
920929,0
920930,0
920931,0
920932,0
920933,0
920934,0
920935,16
920936,0
920937,0
920938,0
920939,0
920940,0
920941,0
920942,0
920943,0
920944,0
920945,0
920946,0
920947,20
920948,0
920949,21
920950,0
920951,0
920952,0
920953,0
920954,0
920955,24
920956,0
920957,0
920958,0
920959,0
920960,0
920961,0
920962,0
920963,0
920964,7
920965,0
920966,0
920967,0
920968,0
920969,17
920970,0
920971,0
920972,0
920973,18
920974,0
920975,0
920976,0
920977,0
920978,0
920979,0
920980,0
920981,0
920982,0
920983,0
920984,0
920985,0
920986,0
920987,0
920988,0
920989,0
920990,0
920991,0
920992,0
920993,0
920994,0
920995,0
920996,0
920997,0
920998,0
920999,0
921000,0
921001,0
921002,0
921003,0
921004,0
921005,0
921006,0
921007,0
921008,0
921009,0
921010,0
921011,0
921012,0
921013,0
921014,0
921015,0
921016,0
921017,0
921018,0
921019,0
921020,0
921021,0
921022,0
921023,0
921024,0
921025,0
921026,0
921027,0
921028,0
921029,0
921030,0
921031,0
921032,0
921033,0
921034,0
921035,0
921036,0
921037,0
921038,0
921039,0
921040,0
921041,0
921042,0
921043,0
921044,0
921045,0
921046,0
921047,0
921048,0
921049,0
921050,0
921051,0
921052,0
921053,0
921054,0
921055,0
921056,0
921057,0
921058,0
921059,0
921060,0
921061,0
921062,0
921063,0
921064,0
921065,0
921066,0
921067,0
921068,0
921069,0
921070,0
921071,0
921072,0
921073,0
921074,0
921075,0
921076,0
921077,0
921078,0
921079,0
921080,1
921081,0
921082,0
921083,0
921084,0
921085,0
921086,0
921087,0
921088,0
921089,0
921090,0
921091,0
921092,0
921093,0
921094,0
921095,0
921096,0
921097,0
921098,0
921099,0
921100,0
921101,0
921102,0
921103,0
921104,0
921105,0
921106,0
921107,0
921108,0
921109,0
921110,0
921111,0
921112,0
921113,0
921114,0
921115,0
921116,0
921117,0
921118,0
921119,0
921120,0
921121,0
921122,0
921123,0
921124,0
921125,0
921126,0
921127,0
921128,0
921129,0
921130,0
921131,0
921132,0
921133,0
921134,0
921135,0
921136,0
921137,0
921138,0
921139,0
921140,0
921141,0
921142,0
921143,0
921144,0
921145,0
921146,0
921147,0
921148,0
921149,0
921150,0
921151,0
921152,0
921153,0
921154,0
921155,0
921156,0
921157,0
921158,0
921159,0
921160,0
921161,0
921162,0
921163,0
921164,0
921165,0
921166,0
921167,0
921168,0
921169,0
921170,0
921171,0
921172,0
921173,0
921174,0
921175,0
921176,0
921177,0
921178,0
921179,0
921180,0
921181,0
921182,0
921183,0
921184,0
921185,0
921186,0
921187,0
921188,0
921189,0
921190,0
921191,0
921192,0
921193,0
921194,0
921195,0
921196,0
921197,0
921198,0
921199,0
921200,0
921201,0
921202,0
921203,0
921204,0
921205,0
921206,0
921207,0
921208,0
921209,0
921210,0
921211,0
921212,0
921213,0
921214,0
921215,0
921216,0
921217,0
921218,0
921219,0
921220,0
921221,0
921222,0
921223,0
921224,0
921225,0
921226,0
921227,0
921228,0
921229,0
921230,0
921231,0
921232,0
921233,0
921234,0
921235,0
921236,0
921237,0
921238,0
921239,0
921240,0
921241,0
921242,0
921243,0
921244,0
921245,0
921246,0
921247,0
921248,0
921249,0
921250,0
921251,0
921252,0
921253,0
921254,0
921255,0
921256,0
921257,0
921258,0
921259,0
921260,0
921261,0
921262,0
921263,0
921264,0
921265,0
921266,0
921267,0
921268,0
921269,0
921270,0
921271,0
921272,0
921273,0
921274,0
921275,0
921276,0
921277,0
921278,0
921279,0
921280,0
921281,0
921282,0
921283,0
921284,0
921285,0
921286,0
921287,0
921288,0
921289,0
921290,0
921291,0
921292,1
921293,0
921294,0
921295,0
921296,0
921297,0
921298,0
921299,0
921300,0
921301,0
921302,0
921303,0
921304,0
921305,0
921306,0
921307,0
921308,0
921309,0
921310,0
921311,0
921312,0
921313,0
921314,0
921315,0
921316,0
921317,0
921318,0
921319,0
921320,0
921321,0
921322,0
921323,0
921324,0
921325,0
921326,0
921327,0
921328,0
921329,0
921330,0
921331,0
921332,0
921333,0
921334,0
921335,0
921336,0
921337,0
921338,0
921339,0
921340,0
921341,0
921342,0
921343,0
921344,0
921345,0
921346,0
921347,0
921348,0
921349,0
921350,0
921351,0
921352,0
921353,0
921354,0
921355,0
921356,0
921357,0
921358,0
921359,0
921360,0
921361,0
921362,0
921363,0
921364,0
921365,0
921366,0
921367,0
921368,0
921369,0
921370,0
921371,0
921372,0
921373,0
921374,0
921375,0
921376,0
921377,0
921378,0
921379,0
921380,0
921381,0
921382,0
921383,0
921384,0
921385,0
921386,0
921387,0
921388,0
921389,0
921390,0
921391,0
921392,0
921393,0
921394,0
921395,0
921396,0
921397,0
921398,0
921399,0
921400,0
921401,0
921402,0
921403,0
921404,0
921405,0
921406,0
921407,0
921408,0
921409,0
921410,0
921411,0
921412,0
921413,0
921414,0
921415,0
921416,0
921417,0
921418,0
921419,0
921420,0
921421,0
921422,0
921423,0
921424,0
921425,0
921426,0
921427,0
921428,0
921429,0
921430,0
921431,0
921432,0
921433,0
921434,0
921435,0
921436,0
921437,0
921438,0
921439,0
921440,0
921441,0
921442,0
921443,0
921444,0
921445,0
921446,0
921447,0
921448,0
921449,0
921450,0
921451,0
921452,0
921453,0
921454,0
921455,0
921456,0
921457,0
921458,0
921459,0
921460,0
921461,0
921462,0
921463,0
921464,0
921465,0
921466,0
921467,0
921468,0
921469,0
921470,1
921471,0
921472,0
921473,0
921474,0
921475,0
921476,0
921477,0
921478,0
921479,0
921480,0
921481,0
921482,0
921483,0
921484,0
921485,0
921486,0
921487,0
921488,0
921489,0
921490,0
921491,0
921492,0
921493,0
921494,0
921495,0
921496,0
921497,0
921498,0
921499,0
921500,0
921501,0
921502,0
921503,0
921504,0
921505,0
921506,0
921507,0
921508,0
921509,0
921510,0
921511,0
921512,0
921513,0
921514,0
921515,0
921516,0
921517,0
921518,0
921519,0
921520,0
921521,0
921522,0
921523,0
921524,0
921525,0
921526,0
921527,0
921528,0
921529,0
921530,0
921531,0
921532,0
921533,0
921534,0
921535,0
921536,0
921537,0
921538,0
921539,0
921540,0
921541,0
921542,0
921543,0
921544,0
921545,0
921546,0
921547,0
921548,0
921549,0
921550,0
921551,0
921552,0
921553,0
921554,0
921555,0
921556,0
921557,0
921558,0
921559,0
921560,0
921561,0
921562,0
921563,0
921564,0
921565,0
921566,0
921567,0
921568,0
921569,0
921570,0
921571,0
921572,0
921573,0
921574,0
921575,0
921576,0
921577,0
921578,0
921579,0
921580,0
921581,0
921582,0
921583,0
921584,0
921585,0
921586,0
921587,0
921588,0
921589,0
921590,0
921591,0
921592,0
921593,0
921594,0
921595,0
921596,0
921597,0
921598,0
921599,0
921600,0
921601,0
921602,1
921603,0
921604,0
921605,0
921606,0
921607,0
921608,0
921609,0
921610,0
921611,0
921612,0
921613,0
921614,0
921615,0
921616,0
921617,0
921618,0
921619,0
921620,0
921621,0
921622,0
921623,0
921624,0
921625,0
921626,0
921627,0
921628,0
921629,0
921630,0
921631,0
921632,0
921633,0
921634,0
921635,0
921636,0
921637,0
921638,0
921639,0
921640,0
921641,0
921642,0
921643,0
921644,0
921645,0
921646,0
921647,0
921648,0
921649,0
921650,0
921651,0
921652,0
921653,0
921654,0
921655,0
921656,0
921657,0
921658,0
921659,0
921660,0
921661,0
921662,0
921663,0
921664,0
921665,0
921666,0
921667,0
921668,0
921669,0
921670,0
921671,0
921672,0
921673,0
921674,0
921675,0
921676,0
921677,0
921678,0
921679,0
921680,0
921681,0
921682,0
921683,0
921684,0
921685,0
921686,0
921687,0
921688,0
921689,0
921690,0
921691,0
921692,0
921693,0
921694,0
921695,0
921696,0
921697,0
921698,0
921699,0
921700,0
921701,0
921702,0
921703,0
921704,0
921705,0
921706,0
921707,0
921708,0
921709,0
921710,0
921711,0
921712,0
921713,0
921714,0
921715,0
921716,0
921717,0
921718,0
921719,0
921720,0
921721,0
921722,0
921723,0
921724,0
921725,0
921726,0
921727,0
921728,0
921729,0
921730,0
921731,0
921732,0
921733,0
921734,0
921735,0
921736,0
921737,0
921738,0
921739,0
921740,0
921741,0
921742,0
921743,10
921744,0
921745,0
921746,0
921747,0
921748,0
921749,0
921750,0
921751,0
921752,0
921753,0
921754,0
921755,0
921756,0
921757,0
921758,0
921759,0
921760,0
921761,0
921762,0
921763,0
921764,0
921765,0
921766,0
921767,0
921768,0
921769,0
921770,0
921771,0
921772,0
921773,0
921774,0
921775,0
921776,0
921777,0
921778,0
921779,0
921780,0
921781,0
921782,0
921783,0
921784,0
921785,0
921786,0
921787,0
921788,0
921789,0
921790,0
921791,0
921792,0
921793,0
921794,0
921795,0
921796,0
921797,0
921798,0
921799,0
921800,0
921801,0
921802,0
921803,0
921804,0
921805,0
921806,0
921807,0
921808,0
921809,0
921810,0
921811,0
921812,19
921813,0
921814,0
921815,0
921816,21
921817,0
921818,0
921819,0
921820,0
921821,0
921822,0
921823,8
921824,0
921825,0
921826,0
921827,0
921828,21
921829,0
921830,0
921831,0
921832,0
921833,0
921834,0
921835,0
921836,0
921837,0
921838,0
921839,0
921840,0
921841,17
921842,0
921843,0
921844,16
921845,0
921846,0
921847,0
921848,0
921849,25
921850,0
921851,0
921852,0
921853,0
921854,0
921855,0
921856,0
921857,0
921858,0
921859,0
921860,0
921861,0
921862,0
921863,0
921864,0
921865,0
921866,0
921867,23
921868,0
921869,0
921870,0
921871,0
921872,0
921873,0
921874,0
921875,0
921876,0
921877,0
921878,0
921879,0
921880,0
921881,0
921882,0
921883,0
921884,0
921885,0
921886,0
921887,0
921888,0
921889,0
921890,0
921891,0
921892,0
921893,0
921894,0
921895,0
921896,0
921897,18
921898,0
921899,0
921900,0
921901,0
921902,0
921903,0
921904,0
921905,0
921906,0
921907,0
921908,0
921909,0
921910,0
921911,10
921912,0
921913,0
921914,0
921915,0
921916,0
921917,0
921918,0
921919,0
921920,0
921921,0
921922,18
921923,0
921924,0
921925,0
921926,0
921927,0
921928,0
921929,13
921930,0
921931,0
921932,0
921933,0
921934,0
921935,0
921936,0
921937,0
921938,0
921939,0
921940,0
921941,0
921942,0
921943,0
921944,0
921945,0
921946,15
921947,0
921948,0
921949,0
921950,0
921951,0
921952,21
921953,0
921954,0
921955,0
921956,0
921957,0
921958,0
921959,0
921960,0
921961,0
921962,0
921963,0
921964,0
921965,0
921966,0
921967,0
921968,0
921969,0
921970,26
921971,0
921972,0
921973,0
921974,0
921975,0
921976,0
921977,0
921978,0
921979,0
921980,0
921981,0
921982,0
921983,0
921984,0
921985,0
921986,0
921987,0
921988,0
921989,0
921990,0
921991,0
921992,0
921993,0
921994,0
921995,0
921996,0
921997,0
921998,0
921999,0
922000,0
922001,0
922002,0
922003,35
922004,0
922005,0
922006,0
922007,0
922008,0
922009,0
922010,0
922011,0
922012,0
922013,0
922014,0
922015,0
922016,0
922017,16
922018,0
922019,7
922020,0
922021,0
922022,0
922023,0
922024,0
922025,0
922026,0
922027,0
922028,0
922029,0
922030,0
922031,0
922032,0
922033,17
922034,0
922035,0
922036,0
922037,0
922038,0
922039,0
922040,0
922041,0
922042,0
922043,0
922044,0
922045,0
922046,0
922047,0
922048,15
922049,0
922050,0
922051,0
922052,0
922053,0
922054,0
922055,0
922056,0
922057,0
922058,0
922059,0
922060,0
922061,0
922062,0
922063,0
922064,0
922065,0
922066,13
922067,0
922068,0
922069,20
922070,0
922071,0
922072,0
922073,0
922074,0
922075,0
922076,0
922077,0
922078,0
922079,0
922080,0
922081,0
922082,0
922083,0
922084,0
922085,0
922086,21
922087,0
922088,0
922089,0
922090,0
922091,0
922092,0
922093,0
922094,0
922095,0
922096,0
922097,0
922098,16
922099,0
922100,0
922101,0
922102,0
922103,0
922104,0
922105,0
922106,0
922107,0
922108,0
922109,0
922110,0
922111,0
922112,0
922113,23
922114,0
922115,0
922116,0
922117,0
922118,0
922119,0
922120,0
922121,0
922122,0
922123,0
922124,0
922125,0
922126,0
922127,0
922128,0
922129,0
922130,0
922131,0
922132,0
922133,0
922134,0
922135,0
922136,0
922137,13
922138,0
922139,0
922140,0
922141,0
922142,0
922143,0
922144,0
922145,0
922146,0
922147,0
922148,0
922149,23
922150,0
922151,0
922152,0
922153,0
922154,0
922155,0
922156,0
922157,0
922158,0
922159,0
922160,0
922161,0
922162,0
922163,0
922164,0
922165,0
922166,0
922167,0
922168,0
922169,0
922170,0
922171,0
922172,0
922173,0
922174,0
922175,0
922176,0
922177,0
922178,0
922179,0
922180,0
922181,0
922182,0
922183,0
922184,0
922185,0
922186,0
922187,0
922188,0
922189,13
922190,0
922191,0
922192,0
922193,0
922194,0
922195,0
922196,0
922197,0
922198,0
922199,0
922200,0
922201,0
922202,0
922203,0
922204,0
922205,0
922206,32
922207,0
922208,0
922209,0
922210,38
922211,0
922212,0
922213,0
922214,0
922215,0
922216,31
922217,0
922218,0
922219,33
922220,0
922221,0
922222,0
922223,0
922224,0
922225,19
922226,0
922227,42
922228,32
922229,0
922230,0
922231,0
922232,0
922233,0
922234,29
922235,0
922236,46
922237,39
922238,0
922239,0
922240,36
922241,0
922242,0
922243,0
922244,0
922245,23
922246,34
922247,0
922248,34
922249,35
922250,0
922251,0
922252,24
922253,71
922254,0
922255,0
922256,0
922257,29
922258,0
922259,0
922260,0
922261,0
922262,40
922263,0
922264,0
922265,0
922266,0
922267,0
922268,0
922269,0
922270,0
922271,0
922272,0
922273,0
922274,0
922275,0
922276,0
922277,27
922278,40
922279,0
922280,44
922281,0
922282,39
922283,0
922284,0
922285,35
922286,41
922287,25
922288,38
922289,0
922290,0
922291,40
922292,0
922293,0
922294,0
922295,0
922296,0
922297,0
922298,0
922299,0
922300,0
922301,0
922302,0
922303,26
922304,41
922305,0
922306,0
922307,0
922308,30
922309,0
922310,0
922311,0
922312,0
922313,0
922314,0
922315,27
922316,31
922317,0
922318,0
922319,0
922320,0
922321,0
922322,34
922323,0
922324,0
922325,32
922326,0
922327,46
922328,0
922329,0
922330,0
922331,0
922332,0
922333,0
922334,0
922335,0
922336,0
922337,0
922338,0
922339,29
922340,0
922341,0
922342,34
922343,0
922344,0
922345,0
922346,0
922347,0
922348,28
922349,0
922350,0
922351,21
922352,0
922353,0
922354,29
922355,0
922356,0
922357,0
922358,0
922359,0
922360,0
922361,33
922362,44
922363,37
922364,0
922365,0
922366,0
922367,20
922368,0
922369,0
922370,0
922371,0
922372,0
922373,0
922374,0
922375,0
922376,0
922377,34
922378,0
922379,0
922380,0
922381,0
922382,0
922383,0
922384,0
922385,0
922386,0
922387,0
922388,0
922389,0
922390,19
922391,0
922392,0
922393,49
922394,64
922395,0
922396,0
922397,0
922398,56
922399,0
922400,0
922401,0
922402,0
922403,0
922404,36
922405,0
922406,46
922407,0
922408,0
922409,0
922410,0
922411,40
922412,0
922413,0
922414,0
922415,0
922416,0
922417,0
922418,0
922419,0
922420,0
922421,40
922422,27
922423,0
922424,0
922425,0
922426,0
922427,37
922428,51
922429,0
922430,0
922431,0
922432,0
922433,24
922434,26
922435,41
922436,40
922437,0
922438,0
922439,0
922440,26
922441,29
922442,0
922443,0
922444,0
922445,0
922446,0
922447,58
922448,0
922449,0
922450,0
922451,0
922452,0
922453,0
922454,0
922455,36
922456,50
922457,0
922458,0
922459,0
922460,0
922461,0
922462,0
922463,0
922464,0
922465,48
922466,0
922467,45
922468,37
922469,0
922470,0
922471,29
922472,0
922473,0
922474,0
922475,0
922476,0
922477,0
922478,0
922479,0
922480,0
922481,0
922482,0
922483,0
922484,0
922485,0
922486,0
922487,0
922488,0
922489,0
922490,0
922491,0
922492,0
922493,0
922494,0
922495,36
922496,0
922497,0
922498,0
922499,0
922500,0
922501,0
922502,0
922503,38
922504,0
922505,0
922506,0
922507,31
922508,0
922509,0
922510,33
922511,0
922512,0
922513,0
922514,0
922515,32
922516,36
922517,0
922518,0
922519,45
922520,0
922521,28
922522,0
922523,0
922524,33
922525,33
922526,27
922527,19
922528,27
922529,29
922530,0
922531,0
922532,0
922533,0
922534,57
922535,47
922536,0
922537,0
922538,0
922539,0
922540,0
922541,0
922542,0
922543,0
922544,0
922545,33
922546,0
922547,38
922548,0
922549,0
922550,0
922551,0
922552,0
922553,0
922554,0
922555,41
922556,0
922557,0
922558,0
922559,0
922560,39
922561,0
922562,0
922563,0
922564,32
922565,0
922566,0
922567,31
922568,0
922569,0
922570,0
922571,27
922572,0
922573,0
922574,38
922575,0
922576,0
922577,39
922578,0
922579,0
922580,0
922581,0
922582,0
922583,0
922584,0
922585,54
922586,0
922587,0
922588,0
922589,46
922590,40
922591,0
922592,20
922593,0
922594,0
922595,0
922596,0
922597,0
922598,0
922599,37
922600,18
922601,0
922602,0
922603,0
922604,0
922605,0
922606,0
922607,41
922608,0
922609,39
922610,23
922611,0
922612,23
922613,0
922614,0
922615,0
922616,0
922617,0
922618,0
922619,0
922620,36
922621,0
922622,42
922623,44
922624,0
922625,29
922626,0
922627,37
922628,0
922629,40
922630,0
922631,0
922632,0
922633,0
922634,39
922635,0
922636,0
922637,0
922638,0
922639,0
922640,0
922641,0
922642,0
922643,0
922644,20
922645,0
922646,38
922647,41
922648,0
922649,0
922650,24
922651,39
922652,0
922653,0
922654,0
922655,0
922656,30
922657,42
922658,0
922659,0
922660,0
922661,0
922662,0
922663,0
922664,0
922665,25
922666,0
922667,0
922668,0
922669,0
922670,0
922671,37
922672,0
922673,0
922674,0
922675,0
922676,0
922677,0
922678,0
922679,0
922680,0
922681,0
922682,0
922683,39
922684,0
922685,0
922686,0
922687,0
922688,46
922689,32
922690,0
922691,0
922692,59
922693,0
922694,0
922695,0
922696,53
922697,0
922698,0
922699,0
922700,0
922701,0
922702,0
922703,0
922704,0
922705,0
922706,33
922707,22
922708,0
922709,0
922710,36
922711,0
922712,36
922713,0
922714,0
922715,41
922716,0
922717,0
922718,0
922719,40
922720,40
922721,39
922722,0
922723,47
922724,0
922725,0
922726,44
922727,50
922728,0
922729,17
922730,0
922731,0
922732,0
922733,0
922734,54
922735,43
922736,0
922737,0
922738,0
922739,0
922740,0
922741,0
922742,22
922743,0
922744,0
922745,38
922746,28
922747,0
922748,0
922749,0
922750,0
922751,0
922752,0
922753,0
922754,0
922755,0
922756,0
922757,0
922758,0
922759,0
922760,0
922761,0
922762,0
922763,0
922764,0
922765,0
922766,0
922767,0
922768,0
922769,35
922770,0
922771,0
922772,0
922773,40
922774,0
922775,0
922776,0
922777,0
922778,39
922779,0
922780,0
922781,32
922782,39
922783,0
922784,0
922785,0
922786,50
922787,0
922788,28
922789,0
922790,0
922791,52
922792,0
922793,0
922794,0
922795,0
922796,0
922797,22
922798,0
922799,0
922800,0
922801,0
922802,0
922803,0
922804,0
922805,0
922806,27
922807,0
922808,0
922809,0
922810,0
922811,0
922812,50
922813,0
922814,36
922815,0
922816,0
922817,0
922818,0
922819,0
922820,0
922821,0
922822,0
922823,0
922824,0
922825,0
922826,0
922827,0
922828,0
922829,36
922830,46
922831,49
922832,0
922833,0
922834,0
922835,0
922836,0
922837,0
922838,0
922839,0
922840,0
922841,0
922842,45
922843,0
922844,24
922845,0
922846,0
922847,0
922848,0
922849,0
922850,0
922851,0
922852,0
922853,0
922854,0
922855,31
922856,0
922857,0
922858,33
922859,0
922860,0
922861,0
922862,0
922863,0
922864,0
922865,32
922866,0
922867,0
922868,40
922869,23
922870,0
922871,0
922872,44
922873,0
922874,0
922875,0
922876,0
922877,0
922878,0
922879,0
922880,0
922881,0
922882,0
922883,0
922884,0
922885,0
922886,0
922887,0
922888,31
922889,30
922890,0
922891,0
922892,0
922893,0
922894,0
922895,30
922896,58
922897,0
922898,0
922899,0
922900,0
922901,32
922902,45
922903,0
922904,0
922905,0
922906,0
922907,0
922908,0
922909,0
922910,0
922911,24
922912,0
922913,0
922914,0
922915,42
922916,0
922917,0
922918,0
922919,0
922920,0
922921,0
922922,0
922923,46
922924,0
922925,0
922926,0
922927,0
922928,31
922929,0
922930,0
922931,0
922932,0
922933,0
922934,0
922935,0
922936,0
922937,0
922938,0
922939,0
922940,0
922941,0
922942,35
922943,26
922944,0
922945,33
922946,0
922947,0
922948,0
922949,45
922950,0
922951,0
922952,0
922953,0
922954,0
922955,0
922956,0
922957,0
922958,0
922959,0
922960,0
922961,0
922962,0
922963,0
922964,0
922965,0
922966,0
922967,0
922968,0
922969,0
922970,0
922971,0
922972,0
922973,0
922974,0
922975,0
922976,0
922977,0
922978,0
922979,0
922980,0
922981,0
922982,0
922983,0
922984,0
922985,0
922986,0
922987,0
922988,0
922989,0
922990,0
922991,0
922992,22
922993,0
922994,0
922995,0
922996,0
922997,0
922998,32
922999,0
923000,0
923001,0
923002,0
923003,0
923004,0
923005,0
923006,0
923007,0
923008,0
923009,0
923010,0
923011,0
923012,0
923013,0
923014,0
923015,22
923016,0
923017,0
923018,0
923019,0
923020,0
923021,0
923022,0
923023,0
923024,0
923025,0
923026,33
923027,0
923028,0
923029,0
923030,0
923031,0
923032,0
923033,0
923034,0
923035,0
923036,0
923037,0
923038,0
923039,0
923040,0
923041,0
923042,50
923043,28
923044,0
923045,0
923046,0
923047,0
923048,18
923049,0
923050,0
923051,0
923052,0
923053,0
923054,0
923055,0
923056,0
923057,0
923058,15
923059,0
923060,0
923061,0
923062,0
923063,0
923064,0
923065,0
923066,0
923067,0
923068,0
923069,0
923070,0
923071,0
923072,0
923073,0
923074,0
923075,0
923076,0
923077,0
923078,0
923079,0
923080,0
923081,0
923082,0
923083,0
923084,0
923085,0
923086,0
923087,0
923088,0
923089,0
923090,0
923091,0
923092,0
923093,0
923094,15
923095,0
923096,0
923097,0
923098,24
923099,0
923100,0
923101,0
923102,0
923103,31
923104,17
923105,0
923106,0
923107,0
923108,0
923109,0
923110,0
923111,0
923112,33
923113,0
923114,0
923115,0
923116,0
923117,0
923118,0
923119,0
923120,0
923121,0
923122,0
923123,30
923124,0
923125,0
923126,0
923127,0
923128,0
923129,0
923130,17
923131,0
923132,0
923133,21
923134,0
923135,0
923136,0
923137,0
923138,0
923139,0
923140,0
923141,0
923142,13
923143,0
923144,29
923145,0
923146,0
923147,0
923148,0
923149,0
923150,0
923151,0
923152,0
923153,0
923154,0
923155,0
923156,0
923157,0
923158,0
923159,0
923160,40
923161,0
923162,0
923163,0
923164,36
923165,0
923166,0
923167,0
923168,0
923169,0
923170,0
923171,0
923172,0
923173,0
923174,0
923175,0
923176,0
923177,0
923178,0
923179,0
923180,0
923181,0
923182,0
923183,0
923184,0
923185,0
923186,0
923187,0
923188,0
923189,27
923190,0
923191,0
923192,0
923193,0
923194,0
923195,0
923196,0
923197,0
923198,0
923199,0
923200,0
923201,0
923202,0
923203,0
923204,0
923205,0
923206,0
923207,0
923208,0
923209,0
923210,0
923211,0
923212,0
923213,0
923214,0
923215,25
923216,0
923217,0
923218,0
923219,0
923220,0
923221,0
923222,0
923223,0
923224,0
923225,0
923226,0
923227,0
923228,0
923229,0
923230,0
923231,0
923232,0
923233,0
923234,23
923235,0
923236,0
923237,0
923238,0
923239,0
923240,0
923241,0
923242,0
923243,0
923244,0
923245,0
923246,0
923247,0
923248,0
923249,0
923250,0
923251,0
923252,15
923253,0
923254,45
923255,0
923256,0
923257,0
923258,0
923259,0
923260,0
923261,0
923262,0
923263,0
923264,0
923265,0
923266,0
923267,0
923268,0
923269,0
923270,0
923271,0
923272,0
923273,0
923274,0
923275,0
923276,0
923277,0
923278,0
923279,0
923280,0
923281,0
923282,0
923283,0
923284,0
923285,0
923286,0
923287,0
923288,0
923289,0
923290,0
923291,0
923292,0
923293,0
923294,0
923295,0
923296,0
923297,0
923298,0
923299,0
923300,0
923301,0
923302,0
923303,0
923304,0
923305,0
923306,0
923307,0
923308,0
923309,0
923310,0
923311,0
923312,0
923313,0
923314,0
923315,0
923316,0
923317,0
923318,0
923319,0
923320,0
923321,0
923322,0
923323,0
923324,0
923325,0
923326,47
923327,0
923328,0
923329,0
923330,0
923331,0
923332,0
923333,0
923334,38
923335,0
923336,0
923337,0
923338,0
923339,0
923340,0
923341,0
923342,0
923343,0
923344,0
923345,0
923346,0
923347,0
923348,0
923349,0
923350,0
923351,0
923352,0
923353,0
923354,0
923355,0
923356,0
923357,0
923358,0
923359,0
923360,0
923361,0
923362,15
923363,0
923364,0
923365,0
923366,0
923367,0
923368,0
923369,0
923370,0
923371,0
923372,0
923373,0
923374,0
923375,0
923376,0
923377,0
923378,0
923379,0
923380,0
923381,0
923382,0
923383,0
923384,33
923385,0
923386,0
923387,0
923388,0
923389,0
923390,0
923391,0
923392,0
923393,0
923394,23
923395,0
923396,0
923397,0
923398,0
923399,0
923400,0
923401,24
923402,0
923403,0
923404,0
923405,0
923406,0
923407,0
923408,0
923409,0
923410,0
923411,0
923412,0
923413,0
923414,0
923415,0
923416,0
923417,0
923418,0
923419,0
923420,0
923421,0
923422,0
923423,0
923424,0
923425,0
923426,0
923427,0
923428,0
923429,0
923430,0
923431,0
923432,0
923433,0
923434,0
923435,0
923436,0
923437,0
923438,0
923439,0
923440,0
923441,0
923442,0
923443,0
923444,0
923445,0
923446,0
923447,0
923448,0
923449,0
923450,0
923451,0
923452,0
923453,0
923454,0
923455,0
923456,0
923457,0
923458,0
923459,0
923460,33
923461,0
923462,0
923463,0
923464,0
923465,0
923466,0
923467,0
923468,0
923469,0
923470,0
923471,0
923472,0
923473,0
923474,0
923475,0
923476,0
923477,0
923478,0
923479,0
923480,0
923481,0
923482,0
923483,0
923484,0
923485,0
923486,0
923487,0
923488,0
923489,0
923490,0
923491,0
923492,0
923493,0
923494,0
923495,0
923496,0
923497,0
923498,0
923499,0
923500,0
923501,35
923502,0
923503,0
923504,0
923505,0
923506,0
923507,0
923508,0
923509,51
923510,0
923511,0
923512,0
923513,0
923514,0
923515,0
923516,0
923517,0
923518,0
923519,0
923520,0
923521,0
923522,0
923523,0
923524,0
923525,0
923526,18
923527,0
923528,0
923529,0
923530,0
923531,0
923532,0
923533,0
923534,0
923535,0
923536,0
923537,0
923538,0
923539,0
923540,0
923541,0
923542,0
923543,0
923544,0
923545,0
923546,23
923547,0
923548,0
923549,0
923550,0
923551,20
923552,0
923553,0
923554,0
923555,0
923556,0
923557,0
923558,0
923559,0
923560,0
923561,0
923562,0
923563,0
923564,0
923565,0
923566,0
923567,41
923568,0
923569,42
923570,0
923571,0
923572,0
923573,29
923574,0
923575,0
923576,0
923577,0
923578,0
923579,0
923580,37
923581,0
923582,0
923583,0
923584,0
923585,0
923586,0
923587,0
923588,0
923589,0
923590,0
923591,0
923592,0
923593,0
923594,0
923595,0
923596,22
923597,0
923598,0
923599,0
923600,0
923601,0
923602,0
923603,0
923604,17
923605,0
923606,0
923607,0
923608,0
923609,0
923610,0
923611,0
923612,0
923613,0
923614,0
923615,31
923616,0
923617,0
923618,0
923619,0
923620,38
923621,0
923622,0
923623,0
923624,0
923625,0
923626,0
923627,0
923628,0
923629,0
923630,0
923631,0
923632,0
923633,0
923634,0
923635,0
923636,0
923637,0
923638,0
923639,0
923640,0
923641,1
923642,0
923643,0
923644,0
923645,0
923646,0
923647,0
923648,0
923649,0
923650,0
923651,1
923652,0
923653,0
923654,0
923655,0
923656,0
923657,0
923658,0
923659,0
923660,0
923661,0
923662,0
923663,0
923664,0
923665,0
923666,0
923667,0
923668,0
923669,0
923670,0
923671,1
923672,0
923673,0
923674,0
923675,0
923676,0
923677,0
923678,0
923679,0
923680,0
923681,0
923682,0
923683,0
923684,0
923685,0
923686,0
923687,0
923688,0
923689,0
923690,0
923691,0
923692,0
923693,0
923694,0
923695,0
923696,0
923697,0
923698,0
923699,0
923700,0
923701,0
923702,0
923703,0
923704,0
923705,0
923706,0
923707,0
923708,0
923709,0
923710,0
923711,0
923712,0
923713,0
923714,0
923715,0
923716,0
923717,0
923718,0
923719,0
923720,0
923721,0
923722,0
923723,0
923724,0
923725,0
923726,0
923727,1
923728,0
923729,0
923730,0
923731,0
923732,0
923733,0
923734,0
923735,0
923736,0
923737,0
923738,0
923739,0
923740,0
923741,0
923742,0
923743,0
923744,0
923745,0
923746,0
923747,0
923748,0
923749,0
923750,0
923751,0
923752,0
923753,0
923754,0
923755,0
923756,0
923757,0
923758,0
923759,0
923760,0
923761,0
923762,0
923763,0
923764,0
923765,0
923766,0
923767,0
923768,0
923769,0
923770,0
923771,0
923772,0
923773,0
923774,0
923775,0
923776,0
923777,0
923778,0
923779,0
923780,0
923781,0
923782,0
923783,0
923784,0
923785,0
923786,0
923787,0
923788,0
923789,0
923790,0
923791,0
923792,0
923793,0
923794,0
923795,0
923796,0
923797,0
923798,0
923799,0
923800,0
923801,0
923802,0
923803,0
923804,0
923805,0
923806,0
923807,0
923808,0
923809,0
923810,0
923811,0
923812,0
923813,0
923814,0
923815,0
923816,0
923817,0
923818,0
923819,0
923820,0
923821,0
923822,0
923823,0
923824,0
923825,0
923826,0
923827,0
923828,0
923829,0
923830,0
923831,0
923832,0
923833,0
923834,0
923835,0
923836,0
923837,0
923838,0
923839,0
923840,0
923841,0
923842,0
923843,0
923844,0
923845,0
923846,0
923847,0
923848,0
923849,0
923850,0
923851,1
923852,0
923853,0
923854,0
923855,0
923856,0
923857,0
923858,0
923859,0
923860,0
923861,0
923862,0
923863,0
923864,0
923865,0
923866,0
923867,0
923868,0
923869,0
923870,0
923871,0
923872,0
923873,0
923874,0
923875,0
923876,0
923877,0
923878,0
923879,0
923880,0
923881,0
923882,0
923883,0
923884,0
923885,0
923886,0
923887,0
923888,0
923889,0
923890,0
923891,0
923892,0
923893,0
923894,0
923895,0
923896,0
923897,0
923898,0
923899,0
923900,0
923901,0
923902,0
923903,0
923904,0
923905,0
923906,0
923907,0
923908,0
923909,0
923910,0
923911,0
923912,0
923913,0
923914,0
923915,0
923916,0
923917,0
923918,0
923919,0
923920,0
923921,0
923922,0
923923,0
923924,0
923925,0
923926,0
923927,0
923928,0
923929,0
923930,0
923931,0
923932,0
923933,0
923934,0
923935,0
923936,0
923937,0
923938,1
923939,0
923940,0
923941,0
923942,0
923943,0
923944,0
923945,0
923946,0
923947,0
923948,0
923949,0
923950,0
923951,0
923952,0
923953,0
923954,0
923955,0
923956,0
923957,0
923958,0
923959,0
923960,0
923961,0
923962,1
923963,0
923964,0
923965,0
923966,0
923967,0
923968,1
923969,0
923970,0
923971,0
923972,0
923973,0
923974,0
923975,0
923976,1
923977,0
923978,0
923979,0
923980,0
923981,0
923982,0
923983,0
923984,0
923985,0
923986,0
923987,0
923988,0
923989,0
923990,0
923991,0
923992,0
923993,0
923994,0
923995,0
923996,0
923997,0
923998,0
923999,0
924000,0
924001,0
924002,0
924003,0
924004,0
924005,0
924006,0
924007,0
924008,0
924009,0
924010,0
924011,0
924012,0
924013,0
924014,0
924015,0
924016,0
924017,0
924018,0
924019,0
924020,0
924021,0
924022,0
924023,0
924024,0
924025,0
924026,0
924027,0
924028,0
924029,0
924030,0
924031,0
924032,0
924033,0
924034,0
924035,0
924036,0
924037,0
924038,0
924039,1
924040,0
924041,0
924042,0
924043,0
924044,0
924045,0
924046,0
924047,0
924048,0
924049,0
924050,0
924051,0
924052,0
924053,0
924054,0
924055,0
924056,0
924057,0
924058,1
924059,0
924060,0
924061,0
924062,0
924063,0
924064,0
924065,0
924066,0
924067,0
924068,0
924069,0
924070,0
924071,0
924072,0
924073,0
924074,0
924075,0
924076,0
924077,0
924078,0
924079,0
924080,0
924081,0
924082,0
924083,0
924084,0
924085,0
924086,0
924087,0
924088,0
924089,0
924090,0
924091,0
924092,0
924093,0
924094,0
924095,0
924096,0
924097,0
924098,0
924099,0
924100,0
924101,0
924102,0
924103,0
924104,0
924105,0
924106,0
924107,0
924108,0
924109,0
924110,0
924111,0
924112,0
924113,0
924114,0
924115,0
924116,0
924117,0
924118,0
924119,0
924120,0
924121,0
924122,0
924123,0
924124,0
924125,0
924126,0
924127,0
924128,0
924129,0
924130,0
924131,0
924132,0
924133,0
924134,0
924135,0
924136,0
924137,0
924138,0
924139,0
924140,0
924141,0
924142,0
924143,0
924144,0
924145,0
924146,0
924147,0
924148,0
924149,0
924150,0
924151,0
924152,0
924153,0
924154,0
924155,0
924156,0
924157,0
924158,0
924159,0
924160,0
924161,0
924162,0
924163,0
924164,0
924165,0
924166,0
924167,0
924168,0
924169,0
924170,0
924171,0
924172,0
924173,0
924174,0
924175,0
924176,0
924177,0
924178,0
924179,0
924180,0
924181,0
924182,0
924183,0
924184,0
924185,0
924186,0
924187,0
924188,0
924189,0
924190,0
924191,0
924192,0
924193,0
924194,0
924195,0
924196,0
924197,0
924198,0
924199,0
924200,0
924201,0
924202,0
924203,0
924204,0
924205,0
924206,0
924207,1
924208,0
924209,0
924210,0
924211,0
924212,0
924213,0
924214,0
924215,0
924216,0
924217,0
924218,0
924219,0
924220,2
924221,0
924222,0
924223,0
924224,0
924225,0
924226,1
924227,0
924228,0
924229,6
924230,0
924231,0
924232,0
924233,0
924234,0
924235,0
924236,0
924237,0
924238,0
924239,0
924240,0
924241,0
924242,0
924243,0
924244,0
924245,0
924246,0
924247,0
924248,0
924249,0
924250,0
924251,0
924252,6
924253,1
924254,0
924255,0
924256,0
924257,0
924258,0
924259,0
924260,2
924261,0
924262,0
924263,0
924264,0
924265,0
924266,0
924267,2
924268,0
924269,0
924270,0
924271,0
924272,0
924273,0
924274,0
924275,0
924276,0
924277,0
924278,0
924279,0
924280,0
924281,0
924282,0
924283,0
924284,0
924285,2
924286,1
924287,0
924288,1
924289,0
924290,0
924291,0
924292,0
924293,2
924294,0
924295,0
924296,0
924297,1
924298,9
924299,0
924300,0
924301,0
924302,0
924303,0
924304,0
924305,0
924306,0
924307,0
924308,0
924309,0
924310,3
924311,0
924312,0
924313,0
924314,0
924315,0
924316,0
924317,0
924318,0
924319,0
924320,0
924321,0
924322,0
924323,0
924324,0
924325,0
924326,0
924327,0
924328,0
924329,0
924330,0
924331,1
924332,0
924333,0
924334,0
924335,0
924336,0
924337,0
924338,0
924339,0
924340,0
924341,0
924342,0
924343,0
924344,1
924345,0
924346,0
924347,0
924348,0
924349,0
924350,0
924351,0
924352,0
924353,0
924354,0
924355,0
924356,2
924357,0
924358,0
924359,0
924360,0
924361,1
924362,0
924363,0
924364,0
924365,0
924366,6
924367,0
924368,0
924369,0
924370,0
924371,0
924372,0
924373,0
924374,0
924375,0
924376,0
924377,0
924378,3
924379,1
924380,3
924381,0
924382,0
924383,1
924384,0
924385,0
924386,0
924387,0
924388,0
924389,0
924390,0
924391,3
924392,0
924393,0
924394,0
924395,2
924396,1
924397,0
924398,0
924399,5
924400,0
924401,0
924402,0
924403,0
924404,2
924405,0
924406,0
924407,0
924408,0
924409,0
924410,0
924411,0
924412,1
924413,0
924414,0
924415,0
924416,0
924417,0
924418,0
924419,0
924420,0
924421,0
924422,0
924423,3
924424,0
924425,0
924426,0
924427,0
924428,0
924429,0
924430,2
924431,0
924432,0
924433,0
924434,0
924435,0
924436,0
924437,0
924438,0
924439,0
924440,0
924441,1
924442,0
924443,0
924444,0
924445,0
924446,0
924447,0
924448,0
924449,0
924450,3
924451,4
924452,0
924453,0
924454,0
924455,1
924456,0
924457,0
924458,0
924459,1
924460,0
924461,0
924462,0
924463,1
924464,0
924465,0
924466,0
924467,0
924468,0
924469,0
924470,0
924471,0
924472,0
924473,0
924474,0
924475,2
924476,2
924477,0
924478,0
924479,0
924480,0
924481,3
924482,0
924483,0
924484,4
924485,0
924486,0
924487,3
924488,0
924489,0
924490,0
924491,0
924492,0
924493,0
924494,0
924495,0
924496,0
924497,0
924498,0
924499,0
924500,0
924501,0
924502,0
924503,0
924504,3
924505,0
924506,1
924507,0
924508,3
924509,0
924510,0
924511,0
924512,0
924513,3
924514,0
924515,0
924516,0
924517,0
924518,0
924519,0
924520,0
924521,3
924522,0
924523,0
924524,0
924525,0
924526,0
924527,3
924528,0
924529,4
924530,0
924531,0
924532,0
924533,0
924534,0
924535,0
924536,0
924537,3
924538,0
924539,0
924540,0
924541,0
924542,0
924543,0
924544,0
924545,0
924546,0
924547,0
924548,0
924549,2
924550,0
924551,0
924552,0
924553,3
924554,0
924555,0
924556,0
924557,2
924558,0
924559,0
924560,0
924561,0
924562,0
924563,0
924564,0
924565,0
924566,0
924567,0
924568,0
924569,0
924570,0
924571,0
924572,0
924573,0
924574,0
924575,0
924576,0
924577,3
924578,0
924579,3
924580,0
924581,0
924582,0
924583,0
924584,0
924585,0
924586,2
924587,2
924588,2
924589,0
924590,0
924591,2
924592,0
924593,0
924594,0
924595,0
924596,0
924597,0
924598,0
924599,0
924600,0
924601,0
924602,0
924603,0
924604,1
924605,0
924606,1
924607,0
924608,0
924609,0
924610,0
924611,0
924612,0
924613,0
924614,0
924615,0
924616,0
924617,0
924618,0
924619,0
924620,2
924621,0
924622,0
924623,2
924624,0
924625,0
924626,0
924627,0
924628,0
924629,0
924630,0
924631,0
924632,0
924633,0
924634,0
924635,0
924636,0
924637,0
924638,2
924639,0
924640,0
924641,0
924642,0
924643,0
924644,0
924645,0
924646,0
924647,0
924648,0
924649,0
924650,0
924651,1
924652,0
924653,0
924654,0
924655,0
924656,0
924657,2
924658,0
924659,0
924660,0
924661,0
924662,1
924663,0
924664,2
924665,0
924666,0
924667,0
924668,0
924669,0
924670,0
924671,0
924672,0
924673,0
924674,0
924675,0
924676,0
924677,0
924678,0
924679,0
924680,0
924681,0
924682,0
924683,0
924684,0
924685,0
924686,0
924687,0
924688,0
924689,0
924690,0
924691,0
924692,0
924693,0
924694,0
924695,0
924696,2
924697,0
924698,0
924699,2
924700,2
924701,0
924702,0
924703,0
924704,0
924705,0
924706,0
924707,2
924708,0
924709,0
924710,0
924711,0
924712,0
924713,0
924714,2
924715,0
924716,0
924717,0
924718,0
924719,0
924720,3
924721,0
924722,0
924723,0
924724,0
924725,0
924726,0
924727,0
924728,0
924729,0
924730,0
924731,1
924732,0
924733,0
924734,0
924735,0
924736,0
924737,0
924738,0
924739,0
924740,0
924741,0
924742,0
924743,0
924744,2
924745,0
924746,0
924747,0
924748,2
924749,3
924750,0
924751,0
924752,2
924753,1
924754,1
924755,0
924756,0
924757,4
924758,5
924759,0
924760,0
924761,0
924762,0
924763,4
924764,0
924765,0
924766,0
924767,0
924768,0
924769,3
924770,0
924771,0
924772,0
924773,5
924774,4
924775,3
924776,0
924777,0
924778,0
924779,0
924780,3
924781,0
924782,0
924783,0
924784,2
924785,3
924786,0
924787,0
924788,1
924789,0
924790,2
924791,0
924792,1
924793,0
924794,0
924795,0
924796,0
924797,1
924798,0
924799,0
924800,0
924801,5
924802,0
924803,4
924804,1
924805,3
924806,0
924807,0
924808,1
924809,3
924810,0
924811,0
924812,0
924813,0
924814,0
924815,3
924816,0
924817,3
924818,0
924819,1
924820,0
924821,0
924822,0
924823,0
924824,0
924825,0
924826,0
924827,0
924828,0
924829,0
924830,2
924831,0
924832,0
924833,4
924834,0
924835,0
924836,0
924837,0
924838,0
924839,0
924840,0
924841,0
924842,0
924843,0
924844,0
924845,3
924846,0
924847,0
924848,0
924849,0
924850,0
924851,3
924852,0
924853,0
924854,0
924855,0
924856,0
924857,0
924858,0
924859,0
924860,0
924861,0
924862,0
924863,0
924864,0
924865,0
924866,0
924867,0
924868,0
924869,0
924870,0
924871,1
924872,0
924873,0
924874,2
924875,4
924876,2
924877,0
924878,1
924879,0
924880,1
924881,0
924882,0
924883,0
924884,0
924885,0
924886,0
924887,0
924888,0
924889,0
924890,0
924891,0
924892,0
924893,0
924894,0
924895,0
924896,0
924897,0
924898,0
924899,0
924900,1
924901,0
924902,0
924903,0
924904,0
924905,0
924906,1
924907,0
924908,0
924909,0
924910,0
924911,0
924912,0
924913,0
924914,0
924915,0
924916,0
924917,0
924918,0
924919,0
924920,0
924921,0
924922,0
924923,0
924924,0
924925,0
924926,0
924927,0
924928,2
924929,0
924930,0
924931,0
924932,1
924933,2
924934,0
924935,0
924936,3
924937,0
924938,0
924939,0
924940,0
924941,0
924942,0
924943,0
924944,0
924945,0
924946,0
924947,0
924948,0
924949,0
924950,0
924951,0
924952,0
924953,0
924954,0
924955,0
924956,6
924957,0
924958,1
924959,1
924960,0
924961,0
924962,0
924963,1
924964,3
924965,0
924966,0
924967,0
924968,0
924969,0
924970,0
924971,0
924972,0
924973,0
924974,0
924975,0
924976,0
924977,0
924978,0
924979,0
924980,0
924981,0
924982,0
924983,0
924984,3
924985,0
924986,0
924987,0
924988,0
924989,0
924990,0
924991,0
924992,0
924993,0
924994,0
924995,0
924996,0
924997,0
924998,0
924999,0
925000,2
925001,0
925002,0
925003,0
925004,0
925005,0
925006,0
925007,0
925008,0
925009,0
925010,0
925011,0
925012,0
925013,0
925014,0
925015,0
925016,0
925017,0
925018,0
925019,0
925020,0
925021,0
925022,0
925023,0
925024,0
925025,0
925026,3
925027,0
925028,0
925029,0
925030,1
925031,0
925032,0
925033,1
925034,0
925035,0
925036,0
925037,0
925038,0
925039,0
925040,0
925041,0
925042,0
925043,0
925044,0
925045,0
925046,1
925047,0
925048,0
925049,0
925050,0
925051,0
925052,3
925053,0
925054,0
925055,0
925056,1
925057,0
925058,0
925059,0
925060,0
925061,0
925062,0
925063,0
925064,0
925065,0
925066,0
925067,0
925068,0
925069,0
925070,0
925071,0
925072,0
925073,0
925074,0
925075,0
925076,0
925077,0
925078,3
925079,0
925080,0
925081,2
925082,0
925083,0
925084,0
925085,0
925086,0
925087,0
925088,2
925089,0
925090,0
925091,0
925092,6
925093,1
925094,0
925095,0
925096,0
925097,0
925098,0
925099,0
925100,0
925101,0
925102,0
925103,0
925104,0
925105,0
925106,0
925107,0
925108,0
925109,0
925110,0
925111,0
925112,1
925113,0
925114,0
925115,0
925116,0
925117,4
925118,0
925119,0
925120,0
925121,0
925122,0
925123,2
925124,0
925125,0
925126,0
925127,2
925128,0
925129,0
925130,0
925131,0
925132,0
925133,0
925134,0
925135,0
925136,0
925137,0
925138,0
925139,0
925140,0
925141,2
925142,0
925143,0
925144,0
925145,6
925146,0
925147,1
925148,2
925149,0
925150,0
925151,0
925152,0
925153,0
925154,0
925155,0
925156,0
925157,0
925158,0
925159,0
925160,0
925161,0
925162,0
925163,2
925164,0
925165,0
925166,5
925167,0
925168,0
925169,0
925170,0
925171,0
925172,0
925173,6
925174,0
925175,0
925176,0
925177,0
925178,0
925179,0
925180,0
925181,0
925182,0
925183,0
925184,0
925185,5
925186,0
925187,0
925188,0
925189,0
925190,0
925191,0
925192,0
925193,0
925194,1
925195,0
925196,0
925197,0
925198,0
925199,0
925200,0
925201,0
925202,0
925203,0
925204,0
925205,0
925206,0
925207,0
925208,0
925209,0
925210,0
925211,4
925212,0
925213,0
925214,10
925215,0
925216,0
925217,0
925218,6
925219,0
925220,0
925221,0
925222,0
925223,0
925224,0
925225,0
925226,0
925227,0
925228,0
925229,6
925230,0
925231,0
925232,0
925233,0
925234,0
925235,4
925236,0
925237,0
925238,0
925239,0
925240,0
925241,0
925242,0
925243,4
925244,0
925245,0
925246,0
925247,5
925248,0
925249,7
925250,0
925251,0
925252,7
925253,0
925254,5
925255,0
925256,0
925257,0
925258,0
925259,0
925260,2
925261,0
925262,0
925263,0
925264,0
925265,0
925266,0
925267,0
925268,0
925269,0
925270,0
925271,0
925272,0
925273,0
925274,0
925275,2
925276,0
925277,0
925278,4
925279,0
925280,0
925281,0
925282,0
925283,3
925284,8
925285,0
925286,0
925287,0
925288,0
925289,0
925290,0
925291,0
925292,0
925293,0
925294,0
925295,0
925296,0
925297,5
925298,5
925299,0
925300,0
925301,0
925302,0
925303,0
925304,0
925305,0
925306,0
925307,0
925308,0
925309,0
925310,0
925311,0
925312,0
925313,0
925314,0
925315,0
925316,0
925317,0
925318,0
925319,0
925320,0
925321,0
925322,0
925323,0
925324,0
925325,2
925326,0
925327,0
925328,0
925329,0
925330,0
925331,0
925332,5
925333,0
925334,0
925335,0
925336,0
925337,0
925338,3
925339,0
925340,0
925341,4
925342,0
925343,0
925344,0
925345,3
925346,0
925347,0
925348,0
925349,6
925350,0
925351,8
925352,0
925353,0
925354,0
925355,1
925356,0
925357,0
925358,0
925359,0
925360,0
925361,0
925362,0
925363,5
925364,0
925365,0
925366,0
925367,3
925368,0
925369,0
925370,0
925371,6
925372,5
925373,0
925374,0
925375,0
925376,0
925377,0
925378,4
925379,0
925380,5
925381,0
925382,0
925383,0
925384,4
925385,0
925386,0
925387,0
925388,0
925389,7
925390,6
925391,2
925392,3
925393,0
925394,9
925395,0
925396,0
925397,0
925398,0
925399,0
925400,0
925401,0
925402,0
925403,0
925404,0
925405,0
925406,0
925407,0
925408,0
925409,7
925410,0
925411,7
925412,0
925413,1
925414,0
925415,0
925416,7
925417,0
925418,0
925419,0
925420,0
925421,0
925422,0
925423,0
925424,0
925425,0
925426,6
925427,0
925428,9
925429,0
925430,0
925431,0
925432,0
925433,0
925434,0
925435,0
925436,0
925437,0
925438,0
925439,0
925440,7
925441,0
925442,5
925443,0
925444,0
925445,0
925446,0
925447,0
925448,0
925449,0
925450,0
925451,0
925452,0
925453,0
925454,0
925455,0
925456,5
925457,0
925458,0
925459,0
925460,0
925461,0
925462,0
925463,0
925464,0
925465,0
925466,0
925467,0
925468,0
925469,0
925470,0
925471,0
925472,12
925473,0
925474,18
925475,0
925476,0
925477,0
925478,0
925479,0
925480,0
925481,0
925482,0
925483,0
925484,0
925485,0
925486,0
925487,0
925488,0
925489,0
925490,0
925491,0
925492,0
925493,0
925494,0
925495,0
925496,12
925497,9
925498,0
925499,14
925500,0
925501,15
925502,0
925503,0
925504,0
925505,5
925506,0
925507,0
925508,0
925509,0
925510,0
925511,0
925512,14
925513,0
925514,0
925515,0
925516,0
925517,12
925518,5
925519,0
925520,15
925521,0
925522,0
925523,0
925524,0
925525,0
925526,0
925527,0
925528,0
925529,0
925530,0
925531,0
925532,0
925533,0
925534,8
925535,17
925536,0
925537,0
925538,20
925539,19
925540,0
925541,22
925542,17
925543,0
925544,0
925545,0
925546,0
925547,11
925548,0
925549,0
925550,16
925551,0
925552,0
925553,0
925554,0
925555,13
925556,0
925557,11
925558,14
925559,0
925560,0
925561,10
925562,8
925563,9
925564,16
925565,0
925566,13
925567,0
925568,0
925569,0
925570,13
925571,0
925572,0
925573,13
925574,0
925575,0
925576,0
925577,0
925578,0
925579,0
925580,0
925581,0
925582,0
925583,0
925584,0
925585,0
925586,0
925587,0
925588,0
925589,0
925590,0
925591,0
925592,0
925593,0
925594,0
925595,0
925596,0
925597,0
925598,0
925599,0
925600,12
925601,0
925602,14
925603,0
925604,9
925605,0
925606,16
925607,14
925608,0
925609,14
925610,10
925611,12
925612,0
925613,0
925614,0
925615,16
925616,0
925617,0
925618,8
925619,0
925620,14
925621,0
925622,7
925623,0
925624,0
925625,9
925626,0
925627,0
925628,15
925629,0
925630,16
925631,0
925632,0
925633,0
925634,0
925635,0
925636,0
925637,0
925638,0
925639,12
925640,16
925641,0
925642,15
925643,0
925644,13
925645,10
925646,0
925647,0
925648,0
925649,0
925650,0
925651,0
925652,0
925653,11
925654,0
925655,16
925656,12
925657,0
925658,11
925659,0
925660,0
925661,0
925662,12
925663,26
925664,0
925665,27
925666,0
925667,0
925668,0
925669,20
925670,0
925671,0
925672,0
925673,8
925674,0
925675,0
925676,15
925677,0
925678,0
925679,0
925680,0
925681,11
925682,0
925683,0
925684,18
925685,0
925686,0
925687,0
925688,14
925689,0
925690,17
925691,0
925692,13
925693,11
925694,0
925695,0
925696,13
925697,0
925698,0
925699,8
925700,12
925701,0
925702,0
925703,0
925704,0
925705,12
925706,16
925707,0
925708,11
925709,0
925710,0
925711,0
925712,0
925713,0
925714,0
925715,0
925716,14
925717,15
925718,0
925719,0
925720,14
925721,0
925722,10
925723,0
925724,0
925725,0
925726,0
925727,0
925728,12
925729,0
925730,18
925731,0
925732,17
925733,14
925734,0
925735,0
925736,0
925737,0
925738,0
925739,0
925740,0
925741,0
925742,0
925743,8
925744,0
925745,0
925746,8
925747,0
925748,0
925749,0
925750,5
925751,0
925752,0
925753,0
925754,0
925755,0
925756,0
925757,0
925758,0
925759,0
925760,5
925761,0
925762,12
925763,0
925764,17
925765,0
925766,9
925767,0
925768,0
925769,0
925770,0
925771,13
925772,0
925773,0
925774,0
925775,0
925776,0
925777,17
925778,0
925779,15
925780,0
925781,13
925782,0
925783,0
925784,0
925785,0
925786,0
925787,0
925788,6
925789,0
925790,0
925791,0
925792,19
925793,8
925794,0
925795,0
925796,0
925797,0
925798,0
925799,0
925800,8
925801,0
925802,0
925803,0
925804,0
925805,13
925806,0
925807,0
925808,0
925809,9
925810,0
925811,17
925812,0
925813,0
925814,0
925815,0
925816,8
925817,0
925818,0
925819,0
925820,0
925821,18
925822,0
925823,0
925824,10
925825,0
925826,0
925827,0
925828,0
925829,8
925830,0
925831,0
925832,0
925833,0
925834,0
925835,16
925836,0
925837,0
925838,0
925839,0
925840,15
925841,0
925842,9
925843,0
925844,19
925845,0
925846,0
925847,0
925848,0
925849,0
925850,21
925851,10
925852,0
925853,0
925854,0
925855,0
925856,0
925857,0
925858,0
925859,0
925860,11
925861,0
925862,0
925863,0
925864,0
925865,0
925866,14
925867,0
925868,0
925869,0
925870,6
925871,7
925872,0
925873,0
925874,0
925875,0
925876,0
925877,0
925878,0
925879,0
925880,0
925881,0
925882,0
925883,0
925884,0
925885,0
925886,0
925887,0
925888,0
925889,0
925890,0
925891,0
925892,0
925893,0
925894,26
925895,0
925896,18
925897,19
925898,0
925899,0
925900,0
925901,0
925902,0
925903,0
925904,22
925905,0
925906,11
925907,10
925908,0
925909,0
925910,0
925911,0
925912,0
925913,0
925914,10
925915,0
925916,0
925917,13
925918,8
925919,9
925920,0
925921,25
925922,0
925923,0
925924,0
925925,17
925926,23
925927,0
925928,0
925929,0
925930,0
925931,0
925932,0
925933,0
925934,0
925935,13
925936,0
925937,0
925938,0
925939,0
925940,0
925941,0
925942,9
925943,20
925944,11
925945,17
925946,0
925947,0
925948,0
925949,0
925950,0
925951,0
925952,9
925953,13
925954,0
925955,10
925956,0
925957,0
925958,0
925959,7
925960,0
925961,0
925962,14
925963,0
925964,0
925965,0
925966,0
925967,0
925968,0
925969,0
925970,0
925971,0
925972,0
925973,0
925974,0
925975,0
925976,0
925977,12
925978,0
925979,0
925980,0
925981,0
925982,18
925983,0
925984,10
925985,0
925986,0
925987,0
925988,0
925989,11
925990,0
925991,0
925992,0
925993,13
925994,0
925995,23
925996,0
925997,0
925998,0
925999,16
926000,11
926001,0
926002,0
926003,13
926004,0
926005,0
926006,15
926007,0
926008,0
926009,12
926010,0
926011,8
926012,0
926013,0
926014,0
926015,0
926016,0
926017,0
926018,12
926019,20
926020,0
926021,0
926022,0
926023,0
926024,0
926025,18
926026,0
926027,0
926028,0
926029,0
926030,15
926031,0
926032,0
926033,16
926034,0
926035,19
926036,0
926037,0
926038,0
926039,10
926040,0
926041,0
926042,0
926043,16
926044,0
926045,0
926046,0
926047,0
926048,0
926049,8
926050,22
926051,0
926052,0
926053,0
926054,1
926055,0
926056,0
926057,0
926058,0
926059,0
926060,0
926061,0
926062,0
926063,0
926064,0
926065,0
926066,0
926067,0
926068,0
926069,0
926070,0
926071,0
926072,0
926073,0
926074,0
926075,0
926076,0
926077,0
926078,0
926079,0
926080,0
926081,0
926082,0
926083,0
926084,0
926085,0
926086,0
926087,0
926088,0
926089,0
926090,0
926091,0
926092,0
926093,0
926094,0
926095,0
926096,0
926097,0
926098,0
926099,0
926100,0
926101,0
926102,0
926103,0
926104,0
926105,0
926106,0
926107,0
926108,0
926109,0
926110,0
926111,0
926112,0
926113,0
926114,0
926115,0
926116,0
926117,0
926118,0
926119,0
926120,0
926121,0
926122,0
926123,0
926124,0
926125,0
926126,1
926127,0
926128,0
926129,0
926130,0
926131,0
926132,0
926133,0
926134,0
926135,0
926136,0
926137,0
926138,0
926139,0
926140,0
926141,0
926142,0
926143,0
926144,0
926145,0
926146,0
926147,0
926148,0
926149,0
926150,0
926151,0
926152,0
926153,0
926154,0
926155,0
926156,0
926157,0
926158,0
926159,0
926160,0
926161,0
926162,0
926163,0
926164,0
926165,0
926166,0
926167,0
926168,0
926169,0
926170,0
926171,0
926172,0
926173,0
926174,0
926175,0
926176,0
926177,0
926178,0
926179,0
926180,0
926181,0
926182,0
926183,0
926184,0
926185,0
926186,0
926187,0
926188,0
926189,0
926190,0
926191,0
926192,0
926193,0
926194,0
926195,0
926196,0
926197,0
926198,0
926199,0
926200,0
926201,0
926202,0
926203,0
926204,0
926205,0
926206,0
926207,0
926208,0
926209,0
926210,0
926211,0
926212,0
926213,0
926214,0
926215,0
926216,0
926217,0
926218,0
926219,0
926220,0
926221,0
926222,0
926223,0
926224,0
926225,0
926226,0
926227,0
926228,0
926229,0
926230,0
926231,0
926232,0
926233,0
926234,0
926235,0
926236,0
926237,0
926238,0
926239,0
926240,0
926241,0
926242,0
926243,0
926244,0
926245,0
926246,0
926247,0
926248,0
926249,0
926250,0
926251,0
926252,0
926253,0
926254,0
926255,0
926256,0
926257,0
926258,0
926259,0
926260,0
926261,0
926262,0
926263,0
926264,0
926265,0
926266,0
926267,0
926268,0
926269,0
926270,0
926271,0
926272,0
926273,0
926274,1
926275,0
926276,0
926277,0
926278,0
926279,0
926280,0
926281,0
926282,0
926283,0
926284,0
926285,0
926286,0
926287,0
926288,0
926289,0
926290,0
926291,0
926292,0
926293,0
926294,0
926295,0
926296,0
926297,0
926298,0
926299,0
926300,0
926301,0
926302,0
926303,0
926304,0
926305,0
926306,0
926307,0
926308,0
926309,0
926310,0
926311,0
926312,0
926313,0
926314,0
926315,0
926316,0
926317,0
926318,0
926319,0
926320,0
926321,0
926322,0
926323,0
926324,1
926325,0
926326,0
926327,0
926328,0
926329,0
926330,0
926331,0
926332,2
926333,0
926334,0
926335,0
926336,0
926337,0
926338,0
926339,0
926340,0
926341,0
926342,0
926343,0
926344,0
926345,0
926346,0
926347,0
926348,0
926349,0
926350,0
926351,0
926352,0
926353,0
926354,0
926355,0
926356,0
926357,0
926358,0
926359,0
926360,0
926361,0
926362,0
926363,0
926364,0
926365,0
926366,0
926367,0
926368,0
926369,0
926370,0
926371,0
926372,0
926373,0
926374,0
926375,0
926376,0
926377,0
926378,0
926379,0
926380,0
926381,0
926382,0
926383,0
926384,0
926385,0
926386,0
926387,0
926388,0
926389,0
926390,0
926391,0
926392,0
926393,0
926394,0
926395,0
926396,0
926397,0
926398,0
926399,0
926400,0
926401,0
926402,0
926403,0
926404,0
926405,0
926406,0
926407,0
926408,0
926409,0
926410,0
926411,0
926412,0
926413,0
926414,0
926415,0
926416,0
926417,0
926418,0
926419,0
926420,0
926421,0
926422,0
926423,0
926424,0
926425,0
926426,0
926427,0
926428,0
926429,0
926430,0
926431,0
926432,0
926433,0
926434,0
926435,0
926436,0
926437,0
926438,0
926439,0
926440,0
926441,0
926442,0
926443,0
926444,0
926445,0
926446,0
926447,0
926448,0
926449,0
926450,0
926451,0
926452,0
926453,0
926454,0
926455,1
926456,0
926457,0
926458,0
926459,0
926460,0
926461,0
926462,0
926463,0
926464,30
926465,12
926466,0
926467,22
926468,0
926469,0
926470,0
926471,0
926472,0
926473,0
926474,0
926475,0
926476,0
926477,0
926478,0
926479,0
926480,0
926481,0
926482,0
926483,0
926484,0
926485,40
926486,0
926487,0
926488,0
926489,0
926490,0
926491,0
926492,0
926493,16
926494,39
926495,0
926496,0
926497,0
926498,0
926499,22
926500,32
926501,0
926502,0
926503,0
926504,0
926505,19
926506,0
926507,0
926508,0
926509,0
926510,0
926511,0
926512,0
926513,24
926514,0
926515,0
926516,0
926517,0
926518,0
926519,0
926520,0
926521,0
926522,0
926523,0
926524,0
926525,0
926526,0
926527,0
926528,0
926529,0
926530,0
926531,0
926532,0
926533,15
926534,0
926535,0
926536,0
926537,0
926538,0
926539,0
926540,0
926541,0
926542,0
926543,0
926544,0
926545,0
926546,0
926547,0
926548,0
926549,0
926550,15
926551,0
926552,0
926553,0
926554,19
926555,0
926556,0
926557,0
926558,0
926559,0
926560,0
926561,54
926562,35
926563,16
926564,0
926565,0
926566,0
926567,0
926568,35
926569,0
926570,0
926571,11
926572,0
926573,0
926574,0
926575,0
926576,0
926577,0
926578,25
926579,56
926580,0
926581,0
926582,22
926583,0
926584,0
926585,31
926586,35
926587,22
926588,0
926589,0
926590,24
926591,0
926592,0
926593,0
926594,0
926595,16
926596,0
926597,0
926598,20
926599,0
926600,0
926601,0
926602,32
926603,21
926604,0
926605,51
926606,30
926607,0
926608,17
926609,0
926610,32
926611,0
926612,0
926613,0
926614,18
926615,0
926616,5
926617,27
926618,30
926619,0
926620,0
926621,0
926622,25
926623,0
926624,0
926625,39
926626,0
926627,0
926628,0
926629,0
926630,0
926631,0
926632,0
926633,0
926634,0
926635,27
926636,12
926637,0
926638,0
926639,0
926640,0
926641,0
926642,0
926643,0
926644,0
926645,0
926646,0
926647,18
926648,20
926649,0
926650,0
926651,16
926652,0
926653,0
926654,0
926655,0
926656,0
926657,32
926658,0
926659,0
926660,0
926661,35
926662,15
926663,0
926664,39
926665,0
926666,0
926667,31
926668,33
926669,0
926670,38
926671,36
926672,0
926673,18
926674,0
926675,0
926676,39
926677,0
926678,0
926679,0
926680,0
926681,0
926682,0
926683,0
926684,42
926685,14
926686,0
926687,0
926688,0
926689,0
926690,40
926691,24
926692,16
926693,0
926694,0
926695,0
926696,0
926697,0
926698,0
926699,0
926700,32
926701,0
926702,31
926703,0
926704,0
926705,32
926706,0
926707,0
926708,0
926709,0
926710,20
926711,0
926712,27
926713,0
926714,0
926715,0
926716,0
926717,0
926718,0
926719,0
926720,0
926721,0
926722,0
926723,0
926724,0
926725,0
926726,0
926727,0
926728,0
926729,0
926730,0
926731,0
926732,0
926733,22
926734,0
926735,0
926736,0
926737,0
926738,0
926739,0
926740,16
926741,0
926742,0
926743,0
926744,22
926745,0
926746,0
926747,0
926748,0
926749,0
926750,36
926751,29
926752,0
926753,0
926754,0
926755,0
926756,20
926757,0
926758,0
926759,0
926760,0
926761,18
926762,0
926763,11
926764,0
926765,0
926766,0
926767,0
926768,0
926769,0
926770,0
926771,0
926772,0
926773,0
926774,0
926775,13
926776,22
926777,18
926778,0
926779,0
926780,0
926781,0
926782,0
926783,0
926784,0
926785,0
926786,0
926787,0
926788,0
926789,17
926790,0
926791,0
926792,0
926793,19
926794,0
926795,25
926796,0
926797,26
926798,28
926799,0
926800,0
926801,30
926802,0
926803,0
926804,0
926805,0
926806,0
926807,0
926808,0
926809,0
926810,31
926811,0
926812,0
926813,0
926814,0
926815,0
926816,0
926817,0
926818,0
926819,0
926820,26
926821,30
926822,0
926823,0
926824,0
926825,0
926826,24
926827,0
926828,0
926829,0
926830,19
926831,0
926832,0
926833,0
926834,0
926835,0
926836,0
926837,21
926838,0
926839,0
926840,0
926841,0
926842,0
926843,0
926844,0
926845,0
926846,0
926847,0
926848,0
926849,0
926850,0
926851,0
926852,0
926853,36
926854,0
926855,0
926856,0
926857,0
926858,0
926859,0
926860,0
926861,0
926862,25
926863,0
926864,26
926865,31
926866,0
926867,0
926868,0
926869,0
926870,0
926871,28
926872,0
926873,0
926874,0
926875,0
926876,0
926877,0
926878,30
926879,34
926880,28
926881,0
926882,0
926883,0
926884,0
926885,0
926886,0
926887,0
926888,0
926889,0
926890,25
926891,44
926892,0
926893,0
926894,0
926895,0
926896,47
926897,0
926898,0
926899,0
926900,25
926901,0
926902,0
926903,0
926904,28
926905,0
926906,0
926907,0
926908,0
926909,0
926910,0
926911,0
926912,0
926913,0
926914,27
926915,0
926916,0
926917,38
926918,0
926919,0
926920,0
926921,0
926922,0
926923,0
926924,21
926925,0
926926,0
926927,0
926928,0
926929,31
926930,0
926931,34
926932,0
926933,0
926934,0
926935,0
926936,27
926937,0
926938,0
926939,0
926940,0
926941,0
926942,0
926943,32
926944,0
926945,0
926946,0
926947,26
926948,0
926949,0
926950,0
926951,0
926952,0
926953,0
926954,28
926955,0
926956,17
926957,0
926958,0
926959,0
926960,23
926961,0
926962,24
926963,0
926964,0
926965,19
926966,0
926967,0
926968,0
926969,0
926970,0
926971,0
926972,0
926973,22
926974,0
926975,0
926976,27
926977,0
926978,0
926979,0
926980,44
926981,0
926982,0
926983,0
926984,0
926985,0
926986,0
926987,0
926988,0
926989,0
926990,0
926991,0
926992,0
926993,0
926994,0
926995,26
926996,0
926997,0
926998,0
926999,0
927000,0
927001,0
927002,33
927003,0
927004,0
927005,0
927006,0
927007,0
927008,0
927009,0
927010,0
927011,19
927012,25
927013,0
927014,22
927015,0
927016,0
927017,0
927018,0
927019,0
927020,0
927021,0
927022,0
927023,0
927024,0
927025,0
927026,0
927027,0
927028,0
927029,0
927030,0
927031,0
927032,0
927033,0
927034,0
927035,0
927036,0
927037,35
927038,0
927039,0
927040,0
927041,30
927042,0
927043,0
927044,0
927045,0
927046,0
927047,0
927048,0
927049,0
927050,0
927051,0
927052,0
927053,25
927054,0
927055,20
927056,0
927057,0
927058,0
927059,0
927060,0
927061,0
927062,0
927063,0
927064,0
927065,0
927066,0
927067,0
927068,0
927069,0
927070,0
927071,0
927072,0
927073,0
927074,0
927075,0
927076,0
927077,0
927078,13
927079,0
927080,36
927081,13
927082,0
927083,28
927084,37
927085,0
927086,0
927087,39
927088,0
927089,0
927090,25
927091,0
927092,0
927093,0
927094,0
927095,29
927096,0
927097,0
927098,0
927099,38
927100,0
927101,0
927102,0
927103,0
927104,0
927105,0
927106,0
927107,17
927108,0
927109,0
927110,0
927111,0
927112,0
927113,0
927114,0
927115,0
927116,0
927117,0
927118,0
927119,0
927120,0
927121,0
927122,0
927123,0
927124,0
927125,0
927126,0
927127,0
927128,0
927129,0
927130,0
927131,0
927132,0
927133,0
927134,0
927135,0
927136,0
927137,20
927138,0
927139,23
927140,0
927141,0
927142,0
927143,0
927144,0
927145,0
927146,0
927147,0
927148,0
927149,0
927150,29
927151,0
927152,0
927153,0
927154,0
927155,0
927156,0
927157,0
927158,0
927159,0
927160,43
927161,0
927162,30
927163,0
927164,0
927165,0
927166,0
927167,0
927168,0
927169,0
927170,16
927171,0
927172,30
927173,0
927174,0
927175,0
927176,0
927177,0
927178,0
927179,0
927180,0
927181,37
927182,0
927183,42
927184,0
927185,0
927186,0
927187,0
927188,0
927189,0
927190,0
927191,0
927192,0
927193,0
927194,23
927195,0
927196,0
927197,0
927198,0
927199,0
927200,0
927201,0
927202,0
927203,32
927204,0
927205,0
927206,0
927207,0
927208,0
927209,0
927210,0
927211,0
927212,16
927213,0
927214,0
927215,0
927216,34
927217,0
927218,0
927219,25
927220,0
927221,0
927222,0
927223,0
927224,0
927225,0
927226,0
927227,22
927228,0
927229,0
927230,0
927231,33
927232,0
927233,0
927234,0
927235,0
927236,0
927237,0
927238,0
927239,0
927240,24
927241,0
927242,0
927243,0
927244,0
927245,0
927246,0
927247,0
927248,0
927249,0
927250,0
927251,0
927252,0
927253,0
927254,0
927255,0
927256,0
927257,24
927258,0
927259,0
927260,0
927261,35
927262,0
927263,0
927264,0
927265,0
927266,0
927267,0
927268,0
927269,0
927270,0
927271,46
927272,0
927273,0
927274,0
927275,0
927276,0
927277,0
927278,0
927279,0
927280,0
927281,0
927282,0
927283,0
927284,0
927285,0
927286,0
927287,0
927288,0
927289,0
927290,0
927291,0
927292,0
927293,0
927294,0
927295,0
927296,0
927297,0
927298,23
927299,0
927300,0
927301,0
927302,0
927303,0
927304,0
927305,0
927306,0
927307,0
927308,0
927309,40
927310,44
927311,0
927312,0
927313,0
927314,0
927315,0
927316,0
927317,0
927318,36
927319,0
927320,0
927321,22
927322,34
927323,0
927324,0
927325,0
927326,0
927327,0
927328,0
927329,0
927330,0
927331,0
927332,0
927333,26
927334,0
927335,0
927336,0
927337,0
927338,31
927339,0
927340,0
927341,0
927342,0
927343,0
927344,26
927345,0
927346,0
927347,0
927348,0
927349,0
927350,0
927351,0
927352,0
927353,24
927354,27
927355,0
927356,0
927357,0
927358,0
927359,0
927360,0
927361,0
927362,41
927363,0
927364,0
927365,27
927366,24
927367,27
927368,0
927369,0
927370,0
927371,0
927372,0
927373,32
927374,0
927375,0
927376,0
927377,0
927378,33
927379,27
927380,0
927381,0
927382,0
927383,30
927384,0
927385,44
927386,0
927387,27
927388,0
927389,35
927390,0
927391,0
927392,0
927393,0
927394,0
927395,0
927396,0
927397,0
927398,17
927399,0
927400,43
927401,0
927402,0
927403,0
927404,0
927405,0
927406,32
927407,0
927408,0
927409,0
927410,23
927411,0
927412,0
927413,0
927414,0
927415,0
927416,0
927417,20
927418,0
927419,27
927420,0
927421,30
927422,0
927423,0
927424,0
927425,0
927426,0
927427,0
927428,35
927429,0
927430,32
927431,0
927432,0
927433,0
927434,23
927435,0
927436,24
927437,33
927438,0
927439,0
927440,0
927441,0
927442,0
927443,26
927444,0
927445,0
927446,0
927447,0
927448,0
927449,0
927450,0
927451,0
927452,0
927453,0
927454,26
927455,39
927456,0
927457,20
927458,0
927459,0
927460,16
927461,0
927462,0
927463,0
927464,0
927465,0
927466,0
927467,0
927468,0
927469,0
927470,0
927471,0
927472,0
927473,0
927474,25
927475,0
927476,0
927477,29
927478,0
927479,0
927480,0
927481,0
927482,0
927483,0
927484,49
927485,0
927486,0
927487,22
927488,28
927489,0
927490,37
927491,0
927492,0
927493,0
927494,36
927495,0
927496,0
927497,0
927498,34
927499,0
927500,0
927501,0
927502,0
927503,0
927504,0
927505,21
927506,19
927507,0
927508,0
927509,0
927510,29
927511,0
927512,25
927513,0
927514,0
927515,15
927516,0
927517,25
927518,0
927519,0
927520,0
927521,29
927522,0
927523,0
927524,0
927525,0
927526,0
927527,0
927528,0
927529,22
927530,0
927531,0
927532,27
927533,32
927534,0
927535,17
927536,37
927537,0
927538,0
927539,0
927540,0
927541,0
927542,25
927543,0
927544,0
927545,0
927546,0
927547,0
927548,27
927549,0
927550,37
927551,0
927552,24
927553,27
927554,31
927555,31
927556,0
927557,0
927558,0
927559,18
927560,0
927561,0
927562,0
927563,36
927564,0
927565,0
927566,38
927567,0
927568,0
927569,0
927570,0
927571,0
927572,0
927573,0
927574,15
927575,0
927576,0
927577,32
927578,0
927579,0
927580,26
927581,0
927582,17
927583,0
927584,0
927585,0
927586,0
927587,0
927588,33
927589,0
927590,0
927591,0
927592,29
927593,0
927594,0
927595,21
927596,0
927597,0
927598,31
927599,0
927600,0
927601,28
927602,18
927603,40
927604,15
927605,35
927606,0
927607,0
927608,28
927609,0
927610,31
927611,51
927612,0
927613,19
927614,22
927615,0
927616,0
927617,0
927618,21
927619,20
927620,0
927621,0
927622,0
927623,0
927624,0
927625,31
927626,0
927627,28
927628,0
927629,0
927630,18
927631,0
927632,31
927633,0
927634,0
927635,0
927636,0
927637,0
927638,0
927639,21
927640,0
927641,21
927642,0
927643,33
927644,24
927645,0
927646,0
927647,31
927648,0
927649,0
927650,0
927651,0
927652,0
927653,0
927654,0
927655,0
927656,0
927657,23
927658,0
927659,23
927660,0
927661,0
927662,0
927663,0
927664,0
927665,0
927666,0
927667,17
927668,0
927669,0
927670,24
927671,25
927672,0
927673,0
927674,0
927675,0
927676,0
927677,0
927678,0
927679,0
927680,0
927681,0
927682,0
927683,0
927684,20
927685,0
927686,0
927687,0
927688,0
927689,0
927690,0
927691,0
927692,0
927693,24
927694,0
927695,41
927696,0
927697,0
927698,0
927699,0
927700,0
927701,0
927702,0
927703,22
927704,22
927705,35
927706,30
927707,0
927708,0
927709,0
927710,0
927711,0
927712,0
927713,33
927714,40
927715,0
927716,0
927717,0
927718,0
927719,0
927720,0
927721,0
927722,0
927723,0
927724,0
927725,0
927726,0
927727,0
927728,0
927729,0
927730,35
927731,23
927732,0
927733,29
927734,31
927735,27
927736,35
927737,0
927738,31
927739,0
927740,0
927741,32
927742,31
927743,0
927744,0
927745,20
927746,0
927747,0
927748,0
927749,0
927750,0
927751,0
927752,0
927753,0
927754,0
927755,0
927756,26
927757,0
927758,0
927759,0
927760,0
927761,0
927762,0
927763,0
927764,16
927765,0
927766,0
927767,0
927768,18
927769,19
927770,0
927771,0
927772,0
927773,0
927774,28
927775,0
927776,0
927777,23
927778,0
927779,0
927780,0
927781,23
927782,30
927783,0
927784,13
927785,0
927786,0
927787,0
927788,30
927789,0
927790,0
927791,0
927792,0
927793,0
927794,0
927795,34
927796,0
927797,0
927798,22
927799,0
927800,0
927801,24
927802,0
927803,0
927804,0
927805,0
927806,0
927807,0
927808,20
927809,0
927810,23
927811,0
927812,0
927813,0
927814,0
927815,0
927816,0
927817,0
927818,0
927819,0
927820,0
927821,0
927822,0
927823,33
927824,0
927825,19
927826,0
927827,0
927828,0
927829,0
927830,0
927831,0
927832,0
927833,0
927834,0
927835,0
927836,21
927837,23
927838,0
927839,0
927840,0
927841,0
927842,0
927843,0
927844,23
927845,0
927846,0
927847,0
927848,0
927849,0
927850,0
927851,25
927852,26
927853,33
927854,0
927855,0
927856,0
927857,0
927858,24
927859,21
927860,0
927861,0
927862,25
927863,32
927864,0
927865,0
927866,0
927867,15
927868,0
927869,0
927870,0
927871,0
927872,0
927873,0
927874,0
927875,31
927876,21
927877,0
927878,0
927879,0
927880,22
927881,0
927882,0
927883,0
927884,0
927885,0
927886,0
927887,0
927888,24
927889,0
927890,0
927891,0
927892,0
927893,0
927894,0
927895,20
927896,24
927897,0
927898,16
927899,0
927900,20
927901,0
927902,0
927903,0
927904,0
927905,0
927906,29
927907,0
927908,0
927909,0
927910,44
927911,0
927912,0
927913,22
927914,0
927915,0
927916,19
927917,0
927918,0
927919,16
927920,0
927921,0
927922,0
927923,0
927924,0
927925,0
927926,18
927927,0
927928,28
927929,0
927930,0
927931,0
927932,24
927933,0
927934,0
927935,0
927936,0
927937,0
927938,0
927939,0
927940,24
927941,0
927942,0
927943,0
927944,22
927945,0
927946,0
927947,0
927948,23
927949,16
927950,0
927951,0
927952,0
927953,0
927954,21
927955,0
927956,15
927957,21
927958,0
927959,0
927960,0
927961,0
927962,0
927963,0
927964,13
927965,0
927966,0
927967,0
927968,0
927969,21
927970,0
927971,0
927972,26
927973,0
927974,0
927975,17
927976,24
927977,28
927978,0
927979,18
927980,0
927981,21
927982,20
927983,24
927984,20
927985,0
927986,13
927987,0
927988,0
927989,0
927990,0
927991,0
927992,0
927993,0
927994,0
927995,24
927996,0
927997,0
927998,0
927999,0
928000,20
928001,22
928002,0
928003,0
928004,22
928005,0
928006,0
928007,0
928008,0
928009,16
928010,0
928011,0
928012,0
928013,29
928014,0
928015,26
928016,0
928017,0
928018,0
928019,0
928020,0
928021,18
928022,0
928023,0
928024,26
928025,0
928026,0
928027,0
928028,0
928029,0
928030,22
928031,32
928032,0
928033,0
928034,0
928035,22
928036,0
928037,0
928038,0
928039,0
928040,0
928041,0
928042,0
928043,0
928044,0
928045,0
928046,0
928047,0
928048,0
928049,25
928050,0
928051,0
928052,35
928053,0
928054,0
928055,0
928056,0
928057,0
928058,0
928059,0
928060,0
928061,19
928062,26
928063,17
928064,0
928065,0
928066,23
928067,0
928068,13
928069,0
928070,0
928071,12
928072,26
928073,0
928074,0
928075,0
928076,0
928077,17
928078,0
928079,0
928080,0
928081,25
928082,0
928083,0
928084,0
928085,0
928086,0
928087,0
928088,0
928089,0
928090,23
928091,0
928092,0
928093,0
928094,29
928095,20
928096,0
928097,0
928098,16
928099,0
928100,0
928101,19
928102,0
928103,16
928104,0
928105,23
928106,0
928107,18
928108,0
928109,23
928110,19
928111,0
928112,0
928113,0
928114,0
928115,0
928116,12
928117,0
928118,0
928119,0
928120,0
928121,0
928122,0
928123,0
928124,17
928125,0
928126,15
928127,0
928128,22
928129,0
928130,17
928131,0
928132,0
928133,0
928134,0
928135,0
928136,22
928137,0
928138,0
928139,0
928140,0
928141,0
928142,0
928143,0
928144,0
928145,0
928146,0
928147,23
928148,24
928149,0
928150,0
928151,32
928152,0
928153,18
928154,0
928155,0
928156,12
928157,0
928158,0
928159,0
928160,0
928161,0
928162,16
928163,0
928164,0
928165,0
928166,16
928167,0
928168,0
928169,0
928170,25
928171,0
928172,0
928173,17
928174,0
928175,32
928176,0
928177,0
928178,17
928179,0
928180,0
928181,20
928182,15
928183,0
928184,0
928185,0
928186,19
928187,0
928188,0
928189,0
928190,0
928191,28
928192,20
928193,0
928194,0
928195,13
928196,23
928197,14
928198,0
928199,0
928200,22
928201,0
928202,0
928203,0
928204,0
928205,0
928206,0
928207,17
928208,0
928209,0
928210,0
928211,18
928212,16
928213,34
928214,21
928215,0
928216,17
928217,0
928218,0
928219,0
928220,16
928221,25
928222,0
928223,24
928224,0
928225,13
928226,0
928227,0
928228,0
928229,0
928230,0
928231,19
928232,12
928233,0
928234,0
928235,0
928236,34
928237,0
928238,0
928239,0
928240,0
928241,18
928242,0
928243,0
928244,0
928245,29
928246,0
928247,0
928248,0
928249,0
928250,0
928251,0
928252,0
928253,19
928254,9
928255,0
928256,0
928257,23
928258,0
928259,12
928260,24
928261,0
928262,26
928263,0
928264,0
928265,0
928266,22
928267,0
928268,0
928269,0
928270,0
928271,0
928272,21
928273,0
928274,0
928275,0
928276,0
928277,0
928278,0
928279,0
928280,0
928281,0
928282,0
928283,28
928284,0
928285,32
928286,18
928287,13
928288,0
928289,0
928290,23
928291,13
928292,13
928293,0
928294,0
928295,0
928296,24
928297,29
928298,0
928299,0
928300,0
928301,0
928302,0
928303,24
928304,26
928305,0
928306,0
928307,0
928308,0
928309,0
928310,0
928311,0
928312,0
928313,0
928314,0
928315,0
928316,0
928317,19
928318,13
928319,0
928320,0
928321,0
928322,0
928323,0
928324,0
928325,0
928326,0
928327,0
928328,0
928329,0
928330,0
928331,0
928332,15
928333,0
928334,0
928335,0
928336,0
928337,0
928338,0
928339,0
928340,0
928341,0
928342,0
928343,0
928344,0
928345,0
928346,26
928347,0
928348,0
928349,0
928350,0
928351,0
928352,0
928353,22
928354,0
928355,0
928356,0
928357,0
928358,0
928359,0
928360,16
928361,0
928362,0
928363,0
928364,0
928365,0
928366,0
928367,0
928368,0
928369,0
928370,0
928371,0
928372,0
928373,0
928374,0
928375,0
928376,0
928377,10
928378,0
928379,33
928380,14
928381,0
928382,0
928383,0
928384,0
928385,0
928386,0
928387,14
928388,0
928389,0
928390,0
928391,0
928392,16
928393,0
928394,0
928395,21
928396,0
928397,0
928398,0
928399,0
928400,0
928401,0
928402,0
928403,0
928404,18
928405,0
928406,0
928407,0
928408,0
928409,0
928410,0
928411,22
928412,0
928413,0
928414,0
928415,0
928416,0
928417,0
928418,15
928419,20
928420,0
928421,25
928422,0
928423,0
928424,0
928425,0
928426,20
928427,0
928428,0
928429,21
928430,0
928431,0
928432,0
928433,0
928434,0
928435,20
928436,0
928437,0
928438,19
928439,0
928440,0
928441,13
928442,0
928443,0
928444,0
928445,0
928446,0
928447,0
928448,27
928449,0
928450,0
928451,0
928452,0
928453,0
928454,0
928455,0
928456,20
928457,0
928458,0
928459,0
928460,0
928461,0
928462,0
928463,0
928464,0
928465,0
928466,0
928467,0
928468,0
928469,0
928470,0
928471,0
928472,0
928473,0
928474,0
928475,0
928476,0
928477,0
928478,0
928479,26
928480,0
928481,0
928482,0
928483,0
928484,0
928485,0
928486,0
928487,32
928488,0
928489,0
928490,0
928491,0
928492,0
928493,26
928494,0
928495,0
928496,0
928497,0
928498,0
928499,0
928500,0
928501,0
928502,0
928503,0
928504,0
928505,0
928506,0
928507,0
928508,0
928509,0
928510,0
928511,0
928512,0
928513,0
928514,0
928515,0
928516,0
928517,0
928518,0
928519,25
928520,0
928521,0
928522,0
928523,0
928524,0
928525,0
928526,0
928527,0
928528,0
928529,0
928530,0
928531,0
928532,0
928533,0
928534,0
928535,0
928536,31
928537,0
928538,0
928539,0
928540,0
928541,0
928542,0
928543,0
928544,0
928545,34
928546,0
928547,0
928548,0
928549,0
928550,0
928551,0
928552,0
928553,0
928554,0
928555,0
928556,0
928557,29
928558,0
928559,0
928560,0
928561,0
928562,0
928563,0
928564,0
928565,0
928566,0
928567,0
928568,0
928569,0
928570,0
928571,0
928572,0
928573,0
928574,0
928575,0
928576,0
928577,0
928578,0
928579,0
928580,0
928581,0
928582,0
928583,0
928584,0
928585,0
928586,35
928587,0
928588,0
928589,0
928590,0
928591,0
928592,0
928593,0
928594,0
928595,0
928596,0
928597,0
928598,0
928599,0
928600,0
928601,0
928602,0
928603,0
928604,0
928605,0
928606,0
928607,0
928608,0
928609,0
928610,0
928611,0
928612,0
928613,0
928614,0
928615,0
928616,30
928617,0
928618,0
928619,0
928620,0
928621,0
928622,0
928623,23
928624,0
928625,0
928626,0
928627,0
928628,0
928629,0
928630,0
928631,0
928632,0
928633,28
928634,0
928635,0
928636,0
928637,0
928638,0
928639,0
928640,0
928641,0
928642,0
928643,0
928644,0
928645,0
928646,0
928647,0
928648,0
928649,0
928650,0
928651,0
928652,0
928653,0
928654,0
928655,0
928656,0
928657,0
928658,0
928659,0
928660,0
928661,0
928662,0
928663,0
928664,0
928665,0
928666,0
928667,0
928668,0
928669,0
928670,0
928671,0
928672,0
928673,0
928674,0
928675,0
928676,0
928677,0
928678,0
928679,0
928680,0
928681,0
928682,0
928683,0
928684,0
928685,31
928686,0
928687,0
928688,0
928689,0
928690,0
928691,0
928692,0
928693,0
928694,19
928695,0
928696,0
928697,0
928698,0
928699,0
928700,0
928701,0
928702,0
928703,0
928704,0
928705,0
928706,0
928707,0
928708,0
928709,0
928710,0
928711,0
928712,0
928713,0
928714,31
928715,0
928716,0
928717,0
928718,0
928719,0
928720,0
928721,0
928722,22
928723,0
928724,0
928725,34
928726,0
928727,0
928728,0
928729,0
928730,0
928731,0
928732,0
928733,0
928734,0
928735,0
928736,0
928737,0
928738,0
928739,0
928740,38
928741,0
928742,0
928743,0
928744,0
928745,0
928746,0
928747,0
928748,0
928749,0
928750,0
928751,0
928752,0
928753,0
928754,0
928755,0
928756,0
928757,0
928758,0
928759,0
928760,11
928761,0
928762,0
928763,0
928764,0
928765,0
928766,22
928767,0
928768,0
928769,0
928770,0
928771,0
928772,0
928773,0
928774,0
928775,0
928776,0
928777,0
928778,0
928779,0
928780,0
928781,0
928782,2
928783,4
928784,0
928785,3
928786,0
928787,0
928788,0
928789,3
928790,0
928791,0
928792,3
928793,0
928794,0
928795,0
928796,0
928797,0
928798,0
928799,0
928800,0
928801,0
928802,0
928803,0
928804,0
928805,0
928806,0
928807,0
928808,0
928809,0
928810,0
928811,2
928812,0
928813,0
928814,0
928815,0
928816,0
928817,0
928818,0
928819,0
928820,0
928821,0
928822,0
928823,0
928824,0
928825,0
928826,0
928827,0
928828,6
928829,0
928830,0
928831,0
928832,0
928833,0
928834,0
928835,0
928836,0
928837,0
928838,0
928839,0
928840,0
928841,0
928842,2
928843,0
928844,0
928845,0
928846,1
928847,0
928848,0
928849,0
928850,0
928851,0
928852,0
928853,6
928854,0
928855,0
928856,0
928857,0
928858,1
928859,0
928860,0
928861,5
928862,0
928863,0
928864,1
928865,0
928866,0
928867,2
928868,0
928869,0
928870,0
928871,0
928872,0
928873,0
928874,0
928875,1
928876,0
928877,0
928878,0
928879,0
928880,0
928881,0
928882,0
928883,4
928884,1
928885,0
928886,0
928887,0
928888,0
928889,0
928890,3
928891,0
928892,0
928893,0
928894,0
928895,0
928896,0
928897,0
928898,0
928899,0
928900,0
928901,0
928902,0
928903,0
928904,0
928905,0
928906,0
928907,0
928908,0
928909,0
928910,0
928911,0
928912,0
928913,0
928914,0
928915,0
928916,0
928917,0
928918,0
928919,0
928920,0
928921,0
928922,0
928923,0
928924,0
928925,0
928926,0
928927,0
928928,0
928929,0
928930,0
928931,0
928932,0
928933,0
928934,0
928935,0
928936,3
928937,0
928938,0
928939,0
928940,0
928941,0
928942,0
928943,0
928944,0
928945,0
928946,0
928947,0
928948,0
928949,0
928950,0
928951,1
928952,0
928953,0
928954,0
928955,0
928956,0
928957,0
928958,4
928959,0
928960,0
928961,0
928962,0
928963,0
928964,0
928965,0
928966,4
928967,0
928968,0
928969,0
928970,0
928971,0
928972,0
928973,0
928974,0
928975,0
928976,0
928977,0
928978,5
928979,0
928980,0
928981,0
928982,0
928983,5
928984,0
928985,0
928986,0
928987,0
928988,0
928989,0
928990,0
928991,0
928992,0
928993,0
928994,3
928995,0
928996,0
928997,0
928998,0
928999,0
929000,0
929001,0
929002,0
929003,0
929004,0
929005,0
929006,0
929007,0
929008,0
929009,0
929010,0
929011,0
929012,6
929013,0
929014,0
929015,0
929016,0
929017,0
929018,0
929019,0
929020,0
929021,0
929022,0
929023,0
929024,0
929025,6
929026,1
929027,1
929028,0
929029,0
929030,0
929031,0
929032,0
929033,0
929034,0
929035,0
929036,0
929037,0
929038,3
929039,0
929040,0
929041,0
929042,0
929043,0
929044,0
929045,0
929046,0
929047,0
929048,0
929049,0
929050,0
929051,0
929052,3
929053,0
929054,0
929055,0
929056,0
929057,0
929058,0
929059,6
929060,0
929061,0
929062,0
929063,0
929064,0
929065,0
929066,0
929067,0
929068,0
929069,0
929070,0
929071,0
929072,0
929073,0
929074,0
929075,0
929076,0
929077,0
929078,0
929079,3
929080,0
929081,0
929082,0
929083,0
929084,0
929085,0
929086,0
929087,0
929088,0
929089,0
929090,0
929091,0
929092,3
929093,0
929094,0
929095,0
929096,2
929097,0
929098,1
929099,0
929100,0
929101,0
929102,0
929103,0
929104,0
929105,0
929106,0
929107,1
929108,0
929109,0
929110,4
929111,1
929112,0
929113,3
929114,0
929115,0
929116,0
929117,0
929118,0
929119,0
929120,1
929121,0
929122,0
929123,0
929124,0
929125,3
929126,0
929127,0
929128,0
929129,0
929130,0
929131,0
929132,0
929133,0
929134,0
929135,0
929136,0
929137,0
929138,0
929139,0
929140,0
929141,0
929142,0
929143,0
929144,0
929145,0
929146,0
929147,0
929148,0
929149,0
929150,0
929151,0
929152,0
929153,2
929154,0
929155,0
929156,0
929157,0
929158,0
929159,0
929160,4
929161,0
929162,0
929163,0
929164,0
929165,0
929166,0
929167,0
929168,3
929169,2
929170,0
929171,0
929172,0
929173,0
929174,0
929175,0
929176,0
929177,0
929178,0
929179,0
929180,0
929181,0
929182,3
929183,0
929184,0
929185,0
929186,0
929187,7
929188,0
929189,0
929190,0
929191,0
929192,0
929193,0
929194,0
929195,0
929196,0
929197,0
929198,0
929199,0
929200,0
929201,0
929202,0
929203,0
929204,0
929205,0
929206,0
929207,0
929208,0
929209,0
929210,2
929211,0
929212,0
929213,0
929214,0
929215,0
929216,0
929217,0
929218,0
929219,0
929220,0
929221,0
929222,1
929223,0
929224,0
929225,0
929226,2
929227,0
929228,0
929229,0
929230,0
929231,0
929232,0
929233,3
929234,0
929235,0
929236,6
929237,0
929238,0
929239,0
929240,4
929241,0
929242,0
929243,0
929244,0
929245,0
929246,0
929247,0
929248,0
929249,0
929250,0
929251,0
929252,0
929253,0
929254,3
929255,0
929256,0
929257,0
929258,0
929259,0
929260,0
929261,0
929262,0
929263,0
929264,0
929265,0
929266,0
929267,0
929268,0
929269,0
929270,0
929271,0
929272,0
929273,0
929274,4
929275,0
929276,0
929277,0
929278,0
929279,0
929280,2
929281,0
929282,0
929283,0
929284,0
929285,0
929286,0
929287,5
929288,0
929289,0
929290,0
929291,0
929292,0
929293,0
929294,5
929295,0
929296,4
929297,0
929298,0
929299,0
929300,0
929301,0
929302,0
929303,0
929304,0
929305,0
929306,0
929307,0
929308,0
929309,0
929310,0
929311,0
929312,0
929313,0
929314,0
929315,0
929316,0
929317,0
929318,0
929319,0
929320,0
929321,0
929322,0
929323,0
929324,3
929325,0
929326,0
929327,0
929328,0
929329,0
929330,0
929331,0
929332,0
929333,0
929334,0
929335,0
929336,0
929337,0
929338,0
929339,0
929340,0
929341,1
929342,0
929343,0
929344,0
929345,0
929346,0
929347,0
929348,0
929349,0
929350,0
929351,0
929352,0
929353,0
929354,1
929355,0
929356,0
929357,0
929358,0
929359,0
929360,0
929361,16
929362,0
929363,0
929364,29
929365,0
929366,0
929367,0
929368,0
929369,24
929370,0
929371,0
929372,0
929373,0
929374,0
929375,0
929376,0
929377,0
929378,0
929379,0
929380,24
929381,0
929382,0
929383,0
929384,0
929385,0
929386,0
929387,0
929388,0
929389,0
929390,0
929391,0
929392,0
929393,27
929394,0
929395,0
929396,0
929397,21
929398,0
929399,21
929400,0
929401,0
929402,0
929403,0
929404,0
929405,0
929406,31
929407,22
929408,0
929409,23
929410,0
929411,0
929412,0
929413,18
929414,0
929415,0
929416,17
929417,0
929418,0
929419,0
929420,0
929421,0
929422,30
929423,0
929424,30
929425,0
929426,0
929427,0
929428,32
929429,0
929430,0
929431,0
929432,21
929433,0
929434,0
929435,0
929436,29
929437,0
929438,0
929439,27
929440,23
929441,0
929442,0
929443,26
929444,0
929445,0
929446,23
929447,26
929448,0
929449,0
929450,0
929451,28
929452,0
929453,26
929454,0
929455,0
929456,0
929457,18
929458,0
929459,25
929460,26
929461,0
929462,0
929463,19
929464,0
929465,0
929466,0
929467,0
929468,0
929469,0
929470,36
929471,0
929472,0
929473,22
929474,0
929475,29
929476,0
929477,0
929478,0
929479,0
929480,0
929481,0
929482,0
929483,27
929484,35
929485,0
929486,0
929487,0
929488,29
929489,25
929490,17
929491,0
929492,0
929493,0
929494,0
929495,33
929496,0
929497,0
929498,29
929499,0
929500,0
929501,0
929502,0
929503,0
929504,0
929505,0
929506,0
929507,0
929508,0
929509,0
929510,0
929511,0
929512,0
929513,0
929514,0
929515,0
929516,0
929517,0
929518,22
929519,0
929520,25
929521,0
929522,34
929523,0
929524,0
929525,0
929526,0
929527,0
929528,32
929529,0
929530,33
929531,0
929532,21
929533,0
929534,43
929535,0
929536,0
929537,0
929538,0
929539,0
929540,0
929541,0
929542,27
929543,0
929544,35
929545,0
929546,27
929547,0
929548,0
929549,0
929550,0
929551,45
929552,0
929553,23
929554,0
929555,0
929556,0
929557,0
929558,0
929559,0
929560,21
929561,0
929562,0
929563,19
929564,0
929565,22
929566,0
929567,28
929568,0
929569,20
929570,0
929571,0
929572,0
929573,0
929574,0
929575,29
929576,0
929577,0
929578,0
929579,0
929580,0
929581,0
929582,0
929583,26
929584,25
929585,0
929586,0
929587,0
929588,29
929589,28
929590,25
929591,0
929592,0
929593,31
929594,0
929595,29
929596,0
929597,0
929598,23
929599,27
929600,0
929601,0
929602,0
929603,0
929604,0
929605,0
929606,0
929607,0
929608,0
929609,0
929610,0
929611,0
929612,0
929613,0
929614,0
929615,27
929616,0
929617,23
929618,0
929619,0
929620,25
929621,26
929622,0
929623,22
929624,0
929625,36
929626,0
929627,25
929628,0
929629,0
929630,0
929631,33
929632,0
929633,0
929634,34
929635,23
929636,0
929637,29
929638,0
929639,27
929640,0
929641,31
929642,0
929643,0
929644,0
929645,0
929646,0
929647,0
929648,0
929649,0
929650,0
929651,0
929652,0
929653,0
929654,37
929655,37
929656,33
929657,22
929658,0
929659,0
929660,0
929661,17
929662,0
929663,22
929664,0
929665,24
929666,0
929667,24
929668,0
929669,0
929670,0
929671,0
929672,0
929673,0
929674,0
929675,0
929676,0
929677,27
929678,0
929679,14
929680,0
929681,24
929682,0
929683,0
929684,0
929685,0
929686,0
929687,0
929688,0
929689,28
929690,0
929691,0
929692,23
929693,0
929694,0
929695,0
929696,0
929697,0
929698,0
929699,34
929700,0
929701,32
929702,0
929703,0
929704,0
929705,0
929706,0
929707,0
929708,0
929709,0
929710,0
929711,0
929712,41
929713,0
929714,0
929715,22
929716,0
929717,0
929718,0
929719,0
929720,0
929721,0
929722,0
929723,0
929724,0
929725,0
929726,23
929727,35
929728,29
929729,23
929730,0
929731,0
929732,37
929733,0
929734,0
929735,0
929736,0
929737,0
929738,23
929739,0
929740,0
929741,0
929742,0
929743,30
929744,21
929745,0
929746,0
929747,0
929748,0
929749,0
929750,0
929751,0
929752,0
929753,3
929754,3
929755,3
929756,1
929757,1
929758,0
929759,0
929760,0
929761,0
929762,3
929763,2
929764,0
929765,0
929766,0
929767,1
929768,0
929769,0
929770,0
929771,0
929772,0
929773,0
929774,0
929775,3
929776,0
929777,0
929778,0
929779,0
929780,0
929781,0
929782,0
929783,0
929784,0
929785,0
929786,0
929787,0
929788,0
929789,0
929790,0
929791,0
929792,0
929793,0
929794,0
929795,0
929796,0
929797,0
929798,0
929799,0
929800,1
929801,0
929802,0
929803,0
929804,0
929805,0
929806,0
929807,0
929808,0
929809,2
929810,3
929811,0
929812,0
929813,3
929814,0
929815,0
929816,2
929817,5
929818,0
929819,0
929820,0
929821,0
929822,1
929823,0
929824,0
929825,0
929826,0
929827,0
929828,0
929829,0
929830,5
929831,6
929832,3
929833,6
929834,0
929835,0
929836,0
929837,0
929838,0
929839,0
929840,0
929841,0
929842,0
929843,0
929844,4
929845,0
929846,0
929847,4
929848,0
929849,0
929850,0
929851,0
929852,0
929853,5
929854,2
929855,0
929856,4
929857,0
929858,0
929859,0
929860,0
929861,0
929862,0
929863,0
929864,0
929865,3
929866,1
929867,0
929868,0
929869,0
929870,0
929871,0
929872,3
929873,4
929874,0
929875,0
929876,0
929877,0
929878,0
929879,2
929880,2
929881,4
929882,0
929883,0
929884,4
929885,0
929886,0
929887,0
929888,2
929889,0
929890,0
929891,0
929892,0
929893,0
929894,0
929895,0
929896,0
929897,1
929898,0
929899,0
929900,0
929901,1
929902,0
929903,0
929904,1
929905,0
929906,0
929907,0
929908,0
929909,0
929910,0
929911,5
929912,0
929913,0
929914,0
929915,0
929916,0
929917,0
929918,6
929919,0
929920,1
929921,0
929922,0
929923,5
929924,0
929925,0
929926,0
929927,0
929928,3
929929,6
929930,0
929931,0
929932,1
929933,0
929934,7
929935,0
929936,4
929937,0
929938,0
929939,0
929940,3
929941,0
929942,1
929943,3
929944,4
929945,0
929946,0
929947,0
929948,0
929949,4
929950,0
929951,0
929952,0
929953,0
929954,0
929955,0
929956,0
929957,1
929958,5
929959,0
929960,0
929961,0
929962,0
929963,4
929964,0
929965,0
929966,0
929967,0
929968,0
929969,0
929970,0
929971,0
929972,4
929973,0
929974,0
929975,0
929976,0
929977,0
929978,0
929979,3
929980,0
929981,3
929982,1
929983,1
929984,1
929985,0
929986,4
929987,0
929988,0
929989,0
929990,3
929991,0
929992,3
929993,0
929994,0
929995,0
929996,2
929997,4
929998,0
929999,0
930000,0
930001,0
930002,3
930003,0
930004,0
930005,0
930006,0
930007,0
930008,0
930009,3
930010,0
930011,0
930012,0
930013,7
930014,0
930015,0
930016,0
930017,0
930018,0
930019,0
930020,0
930021,0
930022,0
930023,0
930024,0
930025,0
930026,2
930027,1
930028,2
930029,0
930030,0
930031,0
930032,0
930033,0
930034,0
930035,3
930036,0
930037,0
930038,0
930039,0
930040,0
930041,0
930042,0
930043,4
930044,0
930045,0
930046,0
930047,0
930048,4
930049,0
930050,2
930051,2
930052,0
930053,0
930054,0
930055,0
930056,4
930057,3
930058,0
930059,0
930060,4
930061,0
930062,3
930063,0
930064,0
930065,0
930066,0
930067,3
930068,0
930069,0
930070,0
930071,0
930072,0
930073,6
930074,3
930075,3
930076,0
930077,0
930078,0
930079,3
930080,0
930081,3
930082,0
930083,0
930084,5
930085,1
930086,0
930087,0
930088,0
930089,0
930090,0
930091,0
930092,0
930093,0
930094,0
930095,0
930096,0
930097,0
930098,0
930099,5
930100,0
930101,5
930102,0
930103,0
930104,0
930105,0
930106,4
930107,7
930108,0
930109,3
930110,0
930111,0
930112,0
930113,7
930114,1
930115,0
930116,2
930117,3
930118,2
930119,0
930120,7
930121,0
930122,0
930123,3
930124,0
930125,0
930126,0
930127,7
930128,2
930129,0
930130,0
930131,0
930132,1
930133,0
930134,0
930135,0
930136,1
930137,0
930138,0
930139,0
930140,3
930141,0
930142,0
930143,0
930144,2
930145,0
930146,0
930147,0
930148,0
930149,0
930150,3
930151,0
930152,0
930153,0
930154,2
930155,0
930156,6
930157,2
930158,2
930159,0
930160,0
930161,0
930162,4
930163,4
930164,0
930165,0
930166,0
930167,0
930168,1
930169,0
930170,0
930171,0
930172,0
930173,0
930174,0
930175,0
930176,0
930177,0
930178,0
930179,2
930180,0
930181,0
930182,0
930183,0
930184,0
930185,0
930186,0
930187,0
930188,1
930189,0
930190,0
930191,0
930192,0
930193,0
930194,0
930195,0
930196,0
930197,0
930198,0
930199,0
930200,0
930201,0
930202,4
930203,0
930204,0
930205,2
930206,0
930207,0
930208,3
930209,0
930210,0
930211,0
930212,0
930213,0
930214,0
930215,14
930216,0
930217,0
930218,0
930219,0
930220,0
930221,0
930222,0
930223,0
930224,0
930225,0
930226,0
930227,0
930228,0
930229,0
930230,0
930231,0
930232,0
930233,0
930234,0
930235,0
930236,0
930237,0
930238,0
930239,0
930240,0
930241,0
930242,0
930243,5
930244,10
930245,0
930246,0
930247,0
930248,0
930249,0
930250,7
930251,0
930252,8
930253,0
930254,0
930255,0
930256,0
930257,0
930258,0
930259,0
930260,0
930261,0
930262,0
930263,0
930264,0
930265,15
930266,0
930267,8
930268,0
930269,10
930270,0
930271,6
930272,0
930273,0
930274,0
930275,0
930276,0
930277,0
930278,0
930279,0
930280,9
930281,0
930282,0
930283,0
930284,0
930285,0
930286,0
930287,0
930288,0
930289,13
930290,0
930291,0
930292,0
930293,0
930294,0
930295,0
930296,0
930297,0
930298,0
930299,18
930300,13
930301,11
930302,0
930303,8
930304,0
930305,0
930306,0
930307,0
930308,0
930309,0
930310,0
930311,0
930312,0
930313,0
930314,0
930315,0
930316,0
930317,0
930318,0
930319,10
930320,0
930321,0
930322,0
930323,0
930324,12
930325,0
930326,0
930327,0
930328,0
930329,0
930330,0
930331,0
930332,0
930333,8
930334,0
930335,0
930336,6
930337,0
930338,0
930339,0
930340,0
930341,0
930342,16
930343,13
930344,0
930345,0
930346,0
930347,0
930348,15
930349,0
930350,0
930351,0
930352,15
930353,0
930354,0
930355,11
930356,0
930357,0
930358,0
930359,0
930360,0
930361,0
930362,0
930363,0
930364,0
930365,0
930366,0
930367,0
930368,0
930369,0
930370,0
930371,0
930372,0
930373,0
930374,0
930375,0
930376,0
930377,0
930378,0
930379,0
930380,0
930381,0
930382,0
930383,0
930384,0
930385,0
930386,0
930387,6
930388,0
930389,0
930390,0
930391,18
930392,0
930393,0
930394,0
930395,0
930396,0
930397,14
930398,0
930399,0
930400,0
930401,0
930402,0
930403,0
930404,0
930405,0
930406,0
930407,12
930408,10
930409,0
930410,14
930411,0
930412,0
930413,0
930414,0
930415,0
930416,0
930417,0
930418,5
930419,0
930420,0
930421,0
930422,0
930423,15
930424,17
930425,0
930426,0
930427,0
930428,0
930429,0
930430,12
930431,0
930432,0
930433,0
930434,0
930435,11
930436,0
930437,0
930438,0
930439,0
930440,0
930441,0
930442,9
930443,0
930444,0
930445,0
930446,0
930447,0
930448,0
930449,0
930450,0
930451,0
930452,0
930453,0
930454,0
930455,0
930456,12
930457,0
930458,0
930459,0
930460,8
930461,10
930462,0
930463,0
930464,10
930465,0
930466,0
930467,0
930468,0
930469,0
930470,0
930471,11
930472,0
930473,0
930474,0
930475,0
930476,9
930477,0
930478,0
930479,0
930480,0
930481,0
930482,9
930483,0
930484,1
930485,0
930486,0
930487,0
930488,0
930489,0
930490,0
930491,0
930492,0
930493,0
930494,0
930495,0
930496,16
930497,0
930498,11
930499,0
930500,0
930501,0
930502,0
930503,10
930504,0
930505,0
930506,0
930507,0
930508,0
930509,2
930510,0
930511,0
930512,0
930513,0
930514,0
930515,0
930516,0
930517,0
930518,0
930519,0
930520,0
930521,0
930522,0
930523,10
930524,0
930525,0
930526,0
930527,0
930528,0
930529,0
930530,0
930531,0
930532,0
930533,0
930534,0
930535,0
930536,0
930537,0
930538,0
930539,0
930540,0
930541,0
930542,0
930543,0
930544,0
930545,0
930546,0
930547,0
930548,0
930549,9
930550,8
930551,0
930552,0
930553,0
930554,0
930555,0
930556,0
930557,0
930558,0
930559,0
930560,0
930561,0
930562,0
930563,19
930564,0
930565,0
930566,17
930567,0
930568,0
930569,0
930570,0
930571,0
930572,0
930573,14
930574,8
930575,0
930576,0
930577,0
930578,0
930579,0
930580,7
930581,0
930582,0
930583,0
930584,12
930585,0
930586,0
930587,8
930588,0
930589,0
930590,0
930591,0
930592,0
930593,0
930594,0
930595,0
930596,0
930597,6
930598,10
930599,0
930600,0
930601,0
930602,0
930603,6
930604,0
930605,0
930606,0
930607,0
930608,9
930609,0
930610,0
930611,0
930612,0
930613,0
930614,0
930615,0
930616,0
930617,0
930618,0
930619,0
930620,0
930621,0
930622,3
930623,0
930624,0
930625,0
930626,20
930627,0
930628,0
930629,0
930630,0
930631,0
930632,0
930633,0
930634,0
930635,5
930636,0
930637,0
930638,4
930639,0
930640,7
930641,12
930642,0
930643,0
930644,0
930645,0
930646,0
930647,0
930648,0
930649,0
930650,0
930651,0
930652,8
930653,0
930654,0
930655,0
930656,0
930657,0
930658,6
930659,0
930660,14
930661,7
930662,0
930663,0
930664,0
930665,0
930666,0
930667,4
930668,10
930669,0
930670,0
930671,6
930672,0
930673,0
930674,0
930675,0
930676,0
930677,0
930678,8
930679,12
930680,0
930681,0
930682,6
930683,0
930684,13
930685,0
930686,0
930687,0
930688,0
930689,13
930690,0
930691,0
930692,0
930693,0
930694,0
930695,0
930696,0
930697,0
930698,10
930699,0
930700,0
930701,0
930702,0
930703,12
930704,0
930705,5
930706,0
930707,0
930708,0
930709,0
930710,0
930711,0
930712,0
930713,4
930714,0
930715,0
930716,0
930717,0
930718,0
930719,0
930720,0
930721,0
930722,5
930723,0
930724,0
930725,0
930726,0
930727,0
930728,0
930729,0
930730,0
930731,0
930732,0
930733,0
930734,0
930735,0
930736,0
930737,0
930738,0
930739,0
930740,0
930741,0
930742,0
930743,0
930744,0
930745,0
930746,0
930747,0
930748,0
930749,0
930750,0
930751,0
930752,9
930753,0
930754,0
930755,0
930756,0
930757,14
930758,0
930759,0
930760,0
930761,0
930762,0
930763,0
930764,0
930765,0
930766,0
930767,0
930768,0
930769,0
930770,0
930771,0
930772,0
930773,0
930774,11
930775,0
930776,0
930777,0
930778,0
930779,0
930780,0
930781,0
930782,0
930783,0
930784,0
930785,0
930786,0
930787,0
930788,0
930789,0
930790,0
930791,9
930792,0
930793,0
930794,0
930795,3
930796,0
930797,0
930798,0
930799,0
930800,0
930801,0
930802,0
930803,0
930804,0
930805,0
930806,0
930807,7
930808,0
930809,0
930810,11
930811,0
930812,18
930813,0
930814,0
930815,0
930816,0
930817,0
930818,13
930819,0
930820,0
930821,0
930822,0
930823,12
930824,16
930825,0
930826,0
930827,0
930828,0
930829,0
930830,0
930831,0
930832,9
930833,0
930834,0
930835,5
930836,0
930837,9
930838,0
930839,9
930840,0
930841,15
930842,0
930843,5
930844,0
930845,0
930846,0
930847,0
930848,0
930849,0
930850,0
930851,9
930852,0
930853,0
930854,0
930855,0
930856,0
930857,6
930858,4
930859,11
930860,11
930861,0
930862,14
930863,0
930864,0
930865,0
930866,11
930867,0
930868,0
930869,0
930870,0
930871,0
930872,0
930873,5
930874,0
930875,17
930876,0
930877,12
930878,0
930879,0
930880,0
930881,0
930882,0
930883,0
930884,0
930885,0
930886,0
930887,0
930888,7
930889,0
930890,0
930891,0
930892,0
930893,0
930894,0
930895,7
930896,0
930897,0
930898,0
930899,0
930900,0
930901,4
930902,0
930903,0
930904,0
930905,3
930906,0
930907,0
930908,0
930909,0
930910,3
930911,0
930912,0
930913,0
930914,0
930915,0
930916,0
930917,7
930918,0
930919,0
930920,0
930921,0
930922,15
930923,0
930924,0
930925,8
930926,8
930927,0
930928,0
930929,5
930930,0
930931,0
930932,14
930933,0
930934,0
930935,0
930936,0
930937,0
930938,7
930939,0
930940,0
930941,27
930942,8
930943,0
930944,0
930945,12
930946,0
930947,0
930948,0
930949,14
930950,0
930951,10
930952,0
930953,0
930954,0
930955,0
930956,0
930957,0
930958,0
930959,25
930960,0
930961,0
930962,0
930963,0
930964,0
930965,0
930966,0
930967,0
930968,0
930969,0
930970,0
930971,0
930972,36
930973,28
930974,0
930975,30
930976,0
930977,0
930978,18
930979,0
930980,0
930981,0
930982,0
930983,0
930984,35
930985,0
930986,0
930987,32
930988,0
930989,0
930990,0
930991,0
930992,32
930993,0
930994,28
930995,0
930996,0
930997,0
930998,0
930999,0
931000,0
931001,0
931002,0
931003,0
931004,0
931005,0
931006,0
931007,0
931008,0
931009,0
931010,20
931011,30
931012,0
931013,0
931014,0
931015,0
931016,0
931017,0
931018,22
931019,0
931020,0
931021,0
931022,0
931023,28
931024,0
931025,0
931026,0
931027,30
931028,35
931029,0
931030,0
931031,0
931032,0
931033,0
931034,0
931035,0
931036,0
931037,0
931038,0
931039,0
931040,0
931041,0
931042,0
931043,0
931044,0
931045,0
931046,26
931047,0
931048,0
931049,12
931050,0
931051,0
931052,0
931053,0
931054,0
931055,0
931056,0
931057,0
931058,0
931059,0
931060,0
931061,0
931062,0
931063,0
931064,0
931065,22
931066,0
931067,37
931068,0
931069,0
931070,0
931071,0
931072,0
931073,0
931074,0
931075,0
931076,0
931077,0
931078,0
931079,0
931080,0
931081,0
931082,30
931083,0
931084,0
931085,0
931086,0
931087,0
931088,0
931089,0
931090,0
931091,0
931092,18
931093,0
931094,0
931095,0
931096,0
931097,0
931098,0
931099,27
931100,35
931101,0
931102,0
931103,0
931104,0
931105,0
931106,0
931107,0
931108,0
931109,0
931110,22
931111,0
931112,0
931113,0
931114,0
931115,0
931116,39
931117,0
931118,0
931119,0
931120,0
931121,28
931122,0
931123,0
931124,0
931125,0
931126,24
931127,0
931128,0
931129,0
931130,0
931131,31
931132,23
931133,0
931134,0
931135,0
931136,0
931137,0
931138,0
931139,0
931140,0
931141,0
931142,0
931143,30
931144,31
931145,0
931146,0
931147,0
931148,0
931149,0
931150,0
931151,0
931152,0
931153,0
931154,0
931155,0
931156,0
931157,0
931158,43
931159,41
931160,0
931161,0
931162,0
931163,29
931164,0
931165,30
931166,0
931167,22
931168,0
931169,0
931170,0
931171,0
931172,0
931173,0
931174,0
931175,0
931176,24
931177,31
931178,0
931179,0
931180,0
931181,23
931182,0
931183,27
931184,16
931185,0
931186,30
931187,0
931188,0
931189,28
931190,0
931191,0
931192,0
931193,0
931194,0
931195,0
931196,0
931197,0
931198,0
931199,0
931200,0
931201,0
931202,0
931203,0
931204,0
931205,0
931206,27
931207,0
931208,0
931209,0
931210,0
931211,0
931212,0
931213,0
931214,0
931215,0
931216,0
931217,0
931218,0
931219,0
931220,0
931221,0
931222,29
931223,0
931224,0
931225,24
931226,0
931227,0
931228,0
931229,0
931230,0
931231,0
931232,0
931233,0
931234,0
931235,0
931236,0
931237,26
931238,30
931239,0
931240,25
931241,0
931242,0
931243,0
931244,22
931245,0
931246,27
931247,0
931248,0
931249,0
931250,0
931251,13
931252,0
931253,0
931254,0
931255,42
931256,0
931257,0
931258,0
931259,0
931260,0
931261,0
931262,0
931263,0
931264,0
931265,0
931266,35
931267,21
931268,0
931269,0
931270,0
931271,0
931272,0
931273,32
931274,20
931275,0
931276,0
931277,0
931278,40
931279,0
931280,34
931281,0
931282,0
931283,0
931284,0
931285,31
931286,0
931287,20
931288,0
931289,0
931290,0
931291,37
931292,0
931293,0
931294,0
931295,0
931296,0
931297,0
931298,0
931299,0
931300,0
931301,0
931302,0
931303,0
931304,0
931305,0
931306,27
931307,0
931308,0
931309,0
931310,24
931311,0
931312,0
931313,0
931314,0
931315,0
931316,0
931317,0
931318,0
931319,0
931320,0
931321,0
931322,0
931323,34
931324,0
931325,26
931326,0
931327,0
931328,38
931329,0
931330,0
931331,0
931332,0
931333,0
931334,33
931335,0
931336,0
931337,0
931338,38
931339,0
931340,0
931341,0
931342,0
931343,0
931344,0
931345,0
931346,0
931347,0
931348,0
931349,0
931350,0
931351,0
931352,0
931353,0
931354,31
931355,0
931356,28
931357,27
931358,0
931359,0
931360,0
931361,25
931362,0
931363,0
931364,0
931365,0
931366,0
931367,0
931368,0
931369,0
931370,0
931371,35
931372,0
931373,25
931374,0
931375,0
931376,28
931377,0
931378,0
931379,0
931380,0
931381,0
931382,0
931383,0
931384,0
931385,0
931386,0
931387,0
931388,0
931389,0
931390,0
931391,32
931392,0
931393,0
931394,0
931395,0
931396,0
931397,21
931398,0
931399,0
931400,0
931401,0
931402,0
931403,0
931404,0
931405,0
931406,0
931407,36
931408,0
931409,0
931410,0
931411,27
931412,0
931413,29
931414,0
931415,0
931416,0
931417,0
931418,0
931419,0
931420,0
931421,0
931422,0
931423,0
931424,0
931425,0
931426,0
931427,0
931428,26
931429,0
931430,0
931431,0
931432,40
931433,0
931434,0
931435,0
931436,0
931437,0
931438,0
931439,0
931440,0
931441,0
931442,0
931443,0
931444,0
931445,0
931446,0
931447,0
931448,0
931449,0
931450,0
931451,0
931452,0
931453,0
931454,0
931455,0
931456,0
931457,0
931458,0
931459,0
931460,0
931461,0
931462,0
931463,0
931464,0
931465,0
931466,0
931467,0
931468,39
931469,0
931470,0
931471,0
931472,0
931473,0
931474,0
931475,0
931476,29
931477,20
931478,0
931479,0
931480,0
931481,0
931482,0
931483,0
931484,0
931485,0
931486,0
931487,0
931488,34
931489,0
931490,0
931491,0
931492,0
931493,0
931494,0
931495,0
931496,0
931497,0
931498,0
931499,0
931500,0
931501,0
931502,15
931503,0
931504,21
931505,0
931506,0
931507,0
931508,0
931509,0
931510,0
931511,0
931512,0
931513,0
931514,0
931515,0
931516,0
931517,0
931518,0
931519,0
931520,0
931521,0
931522,0
931523,0
931524,0
931525,0
931526,0
931527,0
931528,0
931529,0
931530,0
931531,0
931532,0
931533,0
931534,0
931535,0
931536,0
931537,0
931538,0
931539,0
931540,24
931541,0
931542,0
931543,0
931544,0
931545,0
931546,0
931547,0
931548,23
931549,0
931550,0
931551,0
931552,0
931553,0
931554,21
931555,0
931556,0
931557,0
931558,0
931559,0
931560,0
931561,0
931562,0
931563,0
931564,0
931565,0
931566,11
931567,0
931568,0
931569,0
931570,0
931571,0
931572,0
931573,21
931574,0
931575,21
931576,0
931577,0
931578,0
931579,0
931580,0
931581,0
931582,0
931583,14
931584,0
931585,0
931586,0
931587,0
931588,0
931589,0
931590,19
931591,0
931592,0
931593,0
931594,0
931595,0
931596,0
931597,0
931598,21
931599,0
931600,0
931601,0
931602,0
931603,0
931604,0
931605,17
931606,0
931607,0
931608,0
931609,0
931610,0
931611,0
931612,0
931613,0
931614,0
931615,0
931616,0
931617,0
931618,0
931619,0
931620,0
931621,0
931622,0
931623,0
931624,0
931625,0
931626,0
931627,0
931628,0
931629,0
931630,13
931631,0
931632,0
931633,0
931634,0
931635,0
931636,0
931637,13
931638,0
931639,0
931640,0
931641,0
931642,21
931643,0
931644,0
931645,0
931646,0
931647,0
931648,0
931649,16
931650,0
931651,0
931652,0
931653,0
931654,0
931655,0
931656,0
931657,0
931658,0
931659,0
931660,0
931661,0
931662,0
931663,0
931664,0
931665,0
931666,0
931667,0
931668,0
931669,0
931670,0
931671,0
931672,0
931673,0
931674,18
931675,0
931676,0
931677,0
931678,0
931679,0
931680,0
931681,0
931682,0
931683,0
931684,0
931685,24
931686,0
931687,0
931688,0
931689,0
931690,35
931691,0
931692,0
931693,48
931694,0
931695,0
931696,0
931697,0
931698,33
931699,0
931700,0
931701,0
931702,0
931703,0
931704,0
931705,0
931706,0
931707,0
931708,0
931709,0
931710,0
931711,0
931712,0
931713,0
931714,31
931715,0
931716,0
931717,0
931718,0
931719,0
931720,0
931721,0
931722,0
931723,39
931724,0
931725,0
931726,0
931727,0
931728,0
931729,0
931730,0
931731,0
931732,29
931733,0
931734,63
931735,43
931736,0
931737,0
931738,0
931739,0
931740,41
931741,49
931742,0
931743,35
931744,0
931745,0
931746,0
931747,25
931748,0
931749,0
931750,0
931751,0
931752,0
931753,0
931754,0
931755,0
931756,0
931757,0
931758,0
931759,0
931760,43
931761,0
931762,0
931763,0
931764,27
931765,0
931766,0
931767,0
931768,0
931769,0
931770,46
931771,0
931772,0
931773,0
931774,0
931775,0
931776,0
931777,0
931778,0
931779,42
931780,0
931781,25
931782,35
931783,0
931784,0
931785,0
931786,0
931787,0
931788,0
931789,31
931790,33
931791,25
931792,0
931793,0
931794,0
931795,0
931796,0
931797,31
931798,0
931799,41
931800,0
931801,0
931802,0
931803,0
931804,0
931805,0
931806,0
931807,0
931808,47
931809,0
931810,0
931811,0
931812,0
931813,0
931814,0
931815,0
931816,31
931817,0
931818,0
931819,0
931820,0
931821,0
931822,0
931823,24
931824,0
931825,0
931826,44
931827,0
931828,0
931829,0
931830,0
931831,0
931832,0
931833,0
931834,0
931835,0
931836,0
931837,0
931838,0
931839,0
931840,0
931841,0
931842,0
931843,0
931844,0
931845,0
931846,0
931847,28
931848,0
931849,0
931850,0
931851,0
931852,34
931853,0
931854,0
931855,0
931856,0
931857,0
931858,0
931859,0
931860,0
931861,0
931862,18
931863,0
931864,0
931865,43
931866,0
931867,0
931868,0
931869,0
931870,0
931871,0
931872,0
931873,40
931874,0
931875,0
931876,0
931877,0
931878,0
931879,0
931880,0
931881,0
931882,0
931883,0
931884,0
931885,17
931886,34
931887,0
931888,0
931889,0
931890,0
931891,0
931892,0
931893,32
931894,0
931895,0
931896,0
931897,0
931898,0
931899,0
931900,0
931901,0
931902,0
931903,64
931904,0
931905,0
931906,0
931907,0
931908,0
931909,0
931910,0
931911,0
931912,0
931913,0
931914,0
931915,27
931916,0
931917,0
931918,0
931919,0
931920,0
931921,0
931922,0
931923,0
931924,0
931925,32
931926,0
931927,26
931928,33
931929,0
931930,0
931931,0
931932,0
931933,48
931934,30
931935,0
931936,0
931937,0
931938,35
931939,0
931940,0
931941,0
931942,0
931943,0
931944,29
931945,54
931946,35
931947,0
931948,0
931949,0
931950,0
931951,0
931952,0
931953,18
931954,36
931955,21
931956,0
931957,0
931958,53
931959,52
931960,37
931961,0
931962,0
931963,32
931964,0
931965,0
931966,0
931967,24
931968,0
931969,0
931970,0
931971,0
931972,17
931973,0
931974,0
931975,0
931976,0
931977,0
931978,0
931979,0
931980,0
931981,0
931982,0
931983,0
931984,0
931985,0
931986,0
931987,0
931988,0
931989,0
931990,0
931991,0
931992,0
931993,0
931994,35
931995,0
931996,0
931997,31
931998,36
931999,0
932000,0
932001,39
932002,0
932003,0
932004,0
932005,0
932006,0
932007,0
932008,0
932009,42
932010,42
932011,0
932012,0
932013,0
932014,0
932015,0
932016,0
932017,34
932018,0
932019,0
932020,0
932021,30
932022,0
932023,0
932024,22
932025,0
932026,0
932027,0
932028,0
932029,0
932030,0
932031,45
932032,0
932033,48
932034,30
932035,0
932036,0
932037,0
932038,0
932039,0
932040,38
932041,0
932042,37
932043,0
932044,0
932045,0
932046,0
932047,0
932048,0
932049,39
932050,0
932051,0
932052,0
932053,0
932054,0
932055,0
932056,0
932057,0
932058,0
932059,30
932060,0
932061,0
932062,0
932063,0
932064,0
932065,0
932066,0
932067,0
932068,0
932069,0
932070,0
932071,0
932072,0
932073,0
932074,0
932075,0
932076,0
932077,50
932078,0
932079,0
932080,0
932081,0
932082,0
932083,0
932084,0
932085,0
932086,0
932087,0
932088,0
932089,0
932090,0
932091,0
932092,0
932093,0
932094,0
932095,0
932096,27
932097,0
932098,0
932099,0
932100,0
932101,39
932102,24
932103,19
932104,0
932105,31
932106,0
932107,0
932108,0
932109,0
932110,0
932111,0
932112,0
932113,0
932114,0
932115,25
932116,0
932117,0
932118,0
932119,0
932120,0
932121,0
932122,0
932123,0
932124,46
932125,0
932126,0
932127,0
932128,0
932129,0
932130,0
932131,0
932132,0
932133,54
932134,0
932135,0
932136,0
932137,0
932138,0
932139,0
932140,0
932141,0
932142,0
932143,0
932144,0
932145,0
932146,29
932147,40
932148,0
932149,0
932150,30
932151,0
932152,0
932153,0
932154,38
932155,38
932156,62
932157,0
932158,0
932159,30
932160,0
932161,0
932162,0
932163,0
932164,0
932165,56
932166,0
932167,0
932168,0
932169,0
932170,0
932171,28
932172,0
932173,0
932174,0
932175,0
932176,0
932177,0
932178,0
932179,0
932180,0
932181,38
932182,0
932183,0
932184,0
932185,0
932186,0
932187,0
932188,37
932189,0
932190,0
932191,0
932192,0
932193,0
932194,0
932195,0
932196,0
932197,31
932198,0
932199,0
932200,0
932201,0
932202,0
932203,0
932204,0
932205,0
932206,0
932207,0
932208,0
932209,0
932210,0
932211,35
932212,0
932213,20
932214,0
932215,0
932216,0
932217,0
932218,0
932219,0
932220,0
932221,0
932222,0
932223,0
932224,0
932225,32
932226,0
932227,0
932228,0
932229,0
932230,0
932231,0
932232,0
932233,0
932234,0
932235,0
932236,0
932237,0
932238,0
932239,45
932240,28
932241,0
932242,0
932243,0
932244,29
932245,0
932246,0
932247,0
932248,0
932249,0
932250,0
932251,0
932252,0
932253,0
932254,0
932255,0
932256,0
932257,0
932258,54
932259,0
932260,0
932261,0
932262,0
932263,0
932264,0
932265,0
932266,0
932267,0
932268,0
932269,0
932270,28
932271,0
932272,0
932273,0
932274,0
932275,0
932276,0
932277,0
932278,0
932279,0
932280,0
932281,0
932282,0
932283,0
932284,0
932285,0
932286,0
932287,0
932288,63
932289,43
932290,0
932291,0
932292,30
932293,0
932294,0
932295,0
932296,0
932297,0
932298,0
932299,0
932300,0
932301,34
932302,0
932303,0
932304,0
932305,0
932306,0
932307,0
932308,0
932309,0
932310,0
932311,0
932312,0
932313,0
932314,0
932315,0
932316,0
932317,0
932318,0
932319,0
932320,0
932321,0
932322,41
932323,0
932324,0
932325,0
932326,0
932327,0
932328,0
932329,37
932330,0
932331,0
932332,0
932333,0
932334,0
932335,0
932336,0
932337,0
932338,36
932339,0
932340,0
932341,0
932342,0
932343,0
932344,0
932345,0
932346,0
932347,0
932348,0
932349,0
932350,30
932351,0
932352,0
932353,0
932354,0
932355,0
932356,0
932357,0
932358,0
932359,0
932360,0
932361,41
932362,0
932363,0
932364,0
932365,0
932366,0
932367,44
932368,0
932369,0
932370,0
932371,29
932372,0
932373,0
932374,0
932375,0
932376,0
932377,0
932378,0
932379,0
932380,44
932381,0
932382,0
932383,0
932384,29
932385,22
932386,0
932387,40
932388,0
932389,0
932390,37
932391,26
932392,37
932393,0
932394,0
932395,0
932396,0
932397,0
932398,38
932399,0
932400,0
932401,0
932402,0
932403,0
932404,0
932405,0
932406,0
932407,0
932408,0
932409,0
932410,0
932411,0
932412,0
932413,0
932414,0
932415,0
932416,37
932417,0
932418,0
932419,0
932420,0
932421,0
932422,0
932423,0
932424,0
932425,0
932426,0
932427,29
932428,0
932429,0
932430,0
932431,0
932432,0
932433,0
932434,0
932435,0
932436,0
932437,0
932438,0
932439,0
932440,0
932441,0
932442,0
932443,0
932444,0
932445,0
932446,0
932447,0
932448,0
932449,0
932450,0
932451,0
932452,33
932453,0
932454,0
932455,26
932456,0
932457,0
932458,0
932459,40
932460,0
932461,0
932462,31
932463,0
932464,0
932465,0
932466,0
932467,0
932468,0
932469,36
932470,0
932471,0
932472,0
932473,22
932474,0
932475,0
932476,0
932477,0
932478,0
932479,0
932480,27
932481,0
932482,0
932483,45
932484,0
932485,0
932486,0
932487,0
932488,0
932489,0
932490,0
932491,0
932492,0
932493,0
932494,0
932495,0
932496,57
932497,0
932498,45
932499,33
932500,0
932501,0
932502,0
932503,0
932504,0
932505,0
932506,0
932507,0
932508,0
932509,0
932510,0
932511,0
932512,0
932513,0
932514,0
932515,0
932516,0
932517,33
932518,0
932519,28
932520,0
932521,27
932522,0
932523,38
932524,0
932525,0
932526,0
932527,27
932528,0
932529,0
932530,0
932531,0
932532,0
932533,0
932534,0
932535,0
932536,0
932537,0
932538,0
932539,0
932540,0
932541,0
932542,48
932543,0
932544,0
932545,0
932546,0
932547,0
932548,0
932549,0
932550,0
932551,41
932552,0
932553,0
932554,0
932555,0
932556,0
932557,0
932558,0
932559,35
932560,0
932561,0
932562,0
932563,0
932564,0
932565,0
932566,0
932567,0
932568,37
932569,0
932570,0
932571,0
932572,0
932573,0
932574,42
932575,0
932576,0
932577,0
932578,0
932579,0
932580,0
932581,0
932582,39
932583,0
932584,0
932585,0
932586,0
932587,0
932588,0
932589,0
932590,0
932591,0
932592,0
932593,0
932594,0
932595,0
932596,43
932597,0
932598,29
932599,0
932600,0
932601,0
932602,0
932603,38
932604,0
932605,0
932606,32
932607,0
932608,0
932609,0
932610,0
932611,0
932612,0
932613,0
932614,0
932615,0
932616,0
932617,33
932618,0
932619,0
932620,0
932621,0
932622,0
932623,0
932624,0
932625,0
932626,0
932627,0
932628,0
932629,0
932630,0
932631,0
932632,0
932633,0
932634,0
932635,0
932636,0
932637,0
932638,0
932639,0
932640,0
932641,0
932642,0
932643,0
932644,0
932645,0
932646,0
932647,0
932648,0
932649,26
932650,0
932651,0
932652,0
932653,0
932654,0
932655,0
932656,31
932657,0
932658,0
932659,0
932660,30
932661,34
932662,0
932663,0
932664,0
932665,0
932666,0
932667,0
932668,0
932669,0
932670,0
932671,0
932672,0
932673,0
932674,0
932675,0
932676,0
932677,0
932678,0
932679,0
932680,23
932681,0
932682,0
932683,0
932684,0
932685,32
932686,0
932687,0
932688,0
932689,0
932690,0
932691,0
932692,26
932693,0
932694,28
932695,0
932696,0
932697,33
932698,0
932699,0
932700,0
932701,0
932702,0
932703,0
932704,0
932705,0
932706,0
932707,0
932708,0
932709,0
932710,0
932711,0
932712,32
932713,0
932714,0
932715,0
932716,22
932717,63
932718,0
932719,31
932720,0
932721,0
932722,0
932723,0
932724,0
932725,0
932726,0
932727,0
932728,55
932729,29
932730,0
932731,27
932732,0
932733,0
932734,0
932735,0
932736,0
932737,0
932738,0
932739,0
932740,0
932741,0
932742,0
932743,0
932744,0
932745,0
932746,0
932747,0
932748,0
932749,17
932750,34
932751,0
932752,0
932753,0
932754,0
932755,0
932756,0
932757,0
932758,20
932759,0
932760,0
932761,0
932762,35
932763,0
932764,36
932765,0
932766,0
932767,30
932768,0
932769,48
932770,42
932771,0
932772,25
932773,0
932774,0
932775,0
932776,34
932777,0
932778,49
932779,0
932780,0
932781,0
932782,0
932783,0
932784,26
932785,0
932786,0
932787,0
932788,0
932789,0
932790,0
932791,39
932792,42
932793,0
932794,41
932795,0
932796,32
932797,52
932798,0
932799,0
932800,0
932801,0
932802,0
932803,53
932804,0
932805,0
932806,0
932807,0
932808,0
932809,0
932810,35
932811,0
932812,0
932813,0
932814,0
932815,0
932816,0
932817,0
932818,0
932819,0
932820,0
932821,0
932822,0
932823,0
932824,0
932825,30
932826,0
932827,0
932828,0
932829,0
932830,0
932831,0
932832,0
932833,0
932834,0
932835,0
932836,0
932837,0
932838,0
932839,0
932840,0
932841,0
932842,0
932843,0
932844,0
932845,0
932846,0
932847,0
932848,0
932849,33
932850,0
932851,0
932852,0
932853,0
932854,0
932855,0
932856,0
932857,0
932858,0
932859,0
932860,0
932861,0
932862,0
932863,0
932864,0
932865,0
932866,56
932867,0
932868,0
932869,0
932870,0
932871,0
932872,0
932873,32
932874,0
932875,0
932876,0
932877,0
932878,0
932879,0
932880,0
932881,0
932882,0
932883,0
932884,0
932885,0
932886,0
932887,0
932888,46
932889,26
932890,36
932891,0
932892,0
932893,0
932894,0
932895,0
932896,0
932897,0
932898,0
932899,0
932900,0
932901,0
932902,0
932903,0
932904,0
932905,0
932906,0
932907,34
932908,0
932909,0
932910,0
932911,0
932912,0
932913,0
932914,0
932915,0
932916,0
932917,0
932918,0
932919,0
932920,0
932921,0
932922,0
932923,0
932924,0
932925,40
932926,0
932927,0
932928,0
932929,0
932930,0
932931,0
932932,0
932933,0
932934,0
932935,0
932936,0
932937,0
932938,0
932939,30
932940,0
932941,0
932942,0
932943,24
932944,0
932945,0
932946,0
932947,0
932948,0
932949,0
932950,0
932951,0
932952,0
932953,24
932954,0
932955,0
932956,0
932957,0
932958,0
932959,0
932960,0
932961,0
932962,0
932963,0
932964,0
932965,0
932966,0
932967,0
932968,0
932969,0
932970,29
932971,0
932972,0
932973,0
932974,0
932975,0
932976,0
932977,0
932978,0
932979,0
932980,0
932981,0
932982,0
932983,0
932984,0
932985,38
932986,0
932987,0
932988,0
932989,0
932990,0
932991,0
932992,0
932993,0
932994,0
932995,0
932996,0
932997,0
932998,0
932999,0
933000,0
933001,0
933002,36
933003,0
933004,0
933005,0
933006,0
933007,0
933008,0
933009,0
933010,33
933011,0
933012,0
933013,0
933014,0
933015,0
933016,0
933017,29
933018,0
933019,0
933020,0
933021,0
933022,0
933023,0
933024,0
933025,0
933026,0
933027,0
933028,0
933029,0
933030,0
933031,0
933032,0
933033,0
933034,0
933035,0
933036,0
933037,0
933038,0
933039,0
933040,0
933041,0
933042,0
933043,0
933044,0
933045,0
933046,0
933047,0
933048,0
933049,0
933050,24
933051,30
933052,0
933053,0
933054,0
933055,0
933056,0
933057,0
933058,0
933059,0
933060,0
933061,0
933062,0
933063,0
933064,0
933065,0
933066,0
933067,0
933068,0
933069,0
933070,0
933071,0
933072,0
933073,0
933074,0
933075,0
933076,0
933077,0
933078,0
933079,0
933080,0
933081,0
933082,0
933083,0
933084,0
933085,0
933086,0
933087,0
933088,0
933089,0
933090,0
933091,0
933092,0
933093,0
933094,0
933095,0
933096,0
933097,0
933098,0
933099,0
933100,0
933101,0
933102,0
933103,0
933104,0
933105,0
933106,0
933107,0
933108,0
933109,28
933110,0
933111,0
933112,0
933113,0
933114,0
933115,0
933116,0
933117,0
933118,0
933119,0
933120,0
933121,0
933122,0
933123,0
933124,0
933125,0
933126,0
933127,0
933128,0
933129,0
933130,0
933131,0
933132,0
933133,0
933134,24
933135,0
933136,0
933137,0
933138,0
933139,0
933140,0
933141,0
933142,0
933143,0
933144,32
933145,0
933146,0
933147,0
933148,0
933149,0
933150,0
933151,0
933152,0
933153,0
933154,0
933155,17
933156,0
933157,0
933158,0
933159,0
933160,0
933161,0
933162,0
933163,0
933164,0
933165,0
933166,0
933167,0
933168,0
933169,0
933170,0
933171,0
933172,0
933173,0
933174,0
933175,0
933176,0
933177,35
933178,0
933179,0
933180,0
933181,0
933182,0
933183,0
933184,0
933185,0
933186,0
933187,0
933188,0
933189,0
933190,0
933191,0
933192,0
933193,0
933194,0
933195,19
933196,0
933197,0
933198,0
933199,0
933200,0
933201,0
933202,0
933203,0
933204,0
933205,0
933206,0
933207,0
933208,0
933209,0
933210,0
933211,0
933212,0
933213,0
933214,0
933215,0
933216,0
933217,0
933218,0
933219,21
933220,0
933221,36
933222,0
933223,39
933224,0
933225,27
933226,0
933227,30
933228,17
933229,0
933230,0
933231,0
933232,0
933233,0
933234,0
933235,0
933236,0
933237,27
933238,0
933239,0
933240,0
933241,0
933242,0
933243,0
933244,0
933245,42
933246,0
933247,0
933248,0
933249,0
933250,0
933251,0
933252,0
933253,25
933254,0
933255,0
933256,0
933257,0
933258,0
933259,0
933260,0
933261,0
933262,0
933263,0
933264,0
933265,0
933266,0
933267,29
933268,0
933269,0
933270,0
933271,0
933272,0
933273,0
933274,0
933275,0
933276,0
933277,0
933278,21
933279,0
933280,0
933281,0
933282,0
933283,0
933284,0
933285,0
933286,0
933287,0
933288,0
933289,24
933290,0
933291,0
933292,0
933293,0
933294,0
933295,0
933296,0
933297,37
933298,0
933299,0
933300,0
933301,0
933302,21
933303,0
933304,0
933305,0
933306,0
933307,0
933308,0
933309,0
933310,0
933311,0
933312,0
933313,0
933314,0
933315,0
933316,0
933317,0
933318,0
933319,24
933320,0
933321,0
933322,0
933323,0
933324,0
933325,0
933326,0
933327,0
933328,0
933329,0
933330,0
933331,0
933332,0
933333,0
933334,0
933335,0
933336,0
933337,0
933338,0
933339,0
933340,0
933341,0
933342,0
933343,0
933344,0
933345,0
933346,0
933347,0
933348,0
933349,0
933350,21
933351,0
933352,0
933353,20
933354,0
933355,0
933356,0
933357,0
933358,30
933359,0
933360,0
933361,0
933362,0
933363,0
933364,0
933365,0
933366,0
933367,0
933368,0
933369,23
933370,0
933371,0
933372,0
933373,24
933374,0
933375,0
933376,0
933377,0
933378,0
933379,0
933380,34
933381,0
933382,0
933383,0
933384,0
933385,0
933386,0
933387,0
933388,0
933389,0
933390,0
933391,0
933392,0
933393,0
933394,0
933395,0
933396,0
933397,0
933398,0
933399,40
933400,0
933401,0
933402,0
933403,0
933404,29
933405,0
933406,0
933407,0
933408,0
933409,0
933410,0
933411,0
933412,0
933413,0
933414,0
933415,0
933416,0
933417,0
933418,0
933419,0
933420,0
933421,17
933422,0
933423,0
933424,0
933425,0
933426,0
933427,0
933428,0
933429,0
933430,0
933431,0
933432,17
933433,0
933434,0
933435,0
933436,0
933437,0
933438,0
933439,0
933440,20
933441,0
933442,0
933443,0
933444,0
933445,0
933446,0
933447,0
933448,0
933449,0
933450,0
933451,20
933452,0
933453,0
933454,0
933455,0
933456,0
933457,0
933458,0
933459,0
933460,0
933461,0
933462,0
933463,0
933464,28
933465,0
933466,0
933467,14
933468,0
933469,0
933470,0
933471,0
933472,0
933473,0
933474,0
933475,0
933476,0
933477,0
933478,0
933479,0
933480,0
933481,0
933482,0
933483,0
933484,0
933485,0
933486,0
933487,0
933488,0
933489,0
933490,0
933491,0
933492,0
933493,27
933494,0
933495,0
933496,0
933497,0
933498,0
933499,0
933500,0
933501,0
933502,0
933503,0
933504,0
933505,0
933506,0
933507,0
933508,0
933509,0
933510,0
933511,0
933512,0
933513,0
933514,0
933515,0
933516,0
933517,0
933518,0
933519,0
933520,0
933521,0
933522,0
933523,0
933524,0
933525,0
933526,0
933527,0
933528,0
933529,0
933530,0
933531,0
933532,0
933533,0
933534,0
933535,0
933536,0
933537,0
933538,0
933539,0
933540,23
933541,0
933542,0
933543,0
933544,0
933545,0
933546,0
933547,0
933548,0
933549,0
933550,0
933551,0
933552,0
933553,0
933554,0
933555,0
933556,0
933557,0
933558,0
933559,0
933560,0
933561,0
933562,0
933563,0
933564,0
933565,0
933566,0
933567,0
933568,0
933569,0
933570,0
933571,0
933572,0
933573,0
933574,0
933575,0
933576,0
933577,0
933578,0
933579,0
933580,0
933581,0
933582,0
933583,0
933584,0
933585,22
933586,0
933587,0
933588,0
933589,0
933590,0
933591,0
933592,0
933593,0
933594,0
933595,0
933596,0
933597,0
933598,24
933599,0
933600,0
933601,0
933602,0
933603,0
933604,0
933605,0
933606,0
933607,0
933608,0
933609,0
933610,0
933611,0
933612,0
933613,0
933614,0
933615,0
933616,0
933617,0
933618,0
933619,0
933620,0
933621,0
933622,0
933623,0
933624,0
933625,0
933626,0
933627,0
933628,0
933629,0
933630,0
933631,0
933632,0
933633,0
933634,0
933635,0
933636,0
933637,0
933638,0
933639,0
933640,28
933641,0
933642,0
933643,0
933644,0
933645,0
933646,0
933647,0
933648,0
933649,0
933650,0
933651,0
933652,0
933653,0
933654,0
933655,0
933656,0
933657,0
933658,0
933659,0
933660,0
933661,0
933662,0
933663,0
933664,0
933665,0
933666,0
933667,0
933668,0
933669,0
933670,0
933671,0
933672,0
933673,0
933674,0
933675,0
933676,0
933677,0
933678,32
933679,0
933680,0
933681,0
933682,0
933683,43
933684,0
933685,0
933686,0
933687,0
933688,0
933689,0
933690,0
933691,0
933692,28
933693,0
933694,0
933695,0
933696,0
933697,0
933698,0
933699,0
933700,0
933701,0
933702,0
933703,0
933704,0
933705,0
933706,0
933707,0
933708,24
933709,0
933710,0
933711,0
933712,0
933713,0
933714,37
933715,0
933716,0
933717,0
933718,0
933719,0
933720,0
933721,0
933722,0
933723,0
933724,0
933725,0
933726,0
933727,0
933728,0
933729,0
933730,0
933731,0
933732,0
933733,0
933734,0
933735,0
933736,0
933737,0
933738,0
933739,0
933740,0
933741,0
933742,0
933743,0
933744,0
933745,0
933746,0
933747,0
933748,0
933749,0
933750,0
933751,0
933752,0
933753,0
933754,0
933755,0
933756,0
933757,0
933758,0
933759,0
933760,0
933761,0
933762,0
933763,0
933764,31
933765,0
933766,0
933767,0
933768,0
933769,0
933770,0
933771,0
933772,0
933773,0
933774,0
933775,0
933776,0
933777,0
933778,0
933779,0
933780,0
933781,0
933782,0
933783,0
933784,0
933785,0
933786,0
933787,0
933788,0
933789,0
933790,0
933791,0
933792,0
933793,0
933794,0
933795,0
933796,0
933797,0
933798,0
933799,0
933800,0
933801,0
933802,0
933803,0
933804,0
933805,0
933806,0
933807,0
933808,0
933809,0
933810,0
933811,0
933812,0
933813,0
933814,0
933815,0
933816,0
933817,0
933818,0
933819,0
933820,0
933821,0
933822,0
933823,0
933824,0
933825,0
933826,0
933827,0
933828,0
933829,0
933830,0
933831,0
933832,0
933833,0
933834,0
933835,0
933836,0
933837,0
933838,0
933839,0
933840,0
933841,0
933842,0
933843,0
933844,0
933845,0
933846,0
933847,0
933848,0
933849,0
933850,0
933851,0
933852,0
933853,0
933854,0
933855,0
933856,0
933857,0
933858,0
933859,1
933860,0
933861,0
933862,0
933863,0
933864,0
933865,0
933866,0
933867,0
933868,0
933869,0
933870,0
933871,0
933872,0
933873,0
933874,0
933875,0
933876,0
933877,0
933878,0
933879,0
933880,0
933881,0
933882,0
933883,0
933884,0
933885,0
933886,0
933887,0
933888,0
933889,0
933890,0
933891,0
933892,0
933893,0
933894,0
933895,0
933896,0
933897,0
933898,0
933899,0
933900,0
933901,0
933902,0
933903,0
933904,0
933905,0
933906,0
933907,0
933908,0
933909,0
933910,0
933911,0
933912,0
933913,0
933914,0
933915,0
933916,0
933917,0
933918,0
933919,0
933920,0
933921,0
933922,0
933923,0
933924,0
933925,0
933926,0
933927,0
933928,0
933929,0
933930,0
933931,0
933932,0
933933,0
933934,0
933935,0
933936,0
933937,0
933938,0
933939,0
933940,0
933941,0
933942,0
933943,0
933944,0
933945,0
933946,0
933947,0
933948,0
933949,0
933950,0
933951,0
933952,0
933953,0
933954,0
933955,0
933956,0
933957,0
933958,0
933959,0
933960,0
933961,0
933962,0
933963,1
933964,0
933965,0
933966,0
933967,0
933968,0
933969,0
933970,0
933971,0
933972,1
933973,0
933974,0
933975,0
933976,0
933977,0
933978,0
933979,0
933980,0
933981,0
933982,0
933983,0
933984,0
933985,0
933986,0
933987,0
933988,1
933989,0
933990,0
933991,0
933992,0
933993,0
933994,0
933995,0
933996,0
933997,0
933998,0
933999,0
934000,0
934001,0
934002,0
934003,0
934004,0
934005,0
934006,0
934007,0
934008,0
934009,0
934010,0
934011,0
934012,0
934013,0
934014,0
934015,0
934016,0
934017,0
934018,0
934019,0
934020,0
934021,0
934022,0
934023,0
934024,0
934025,0
934026,43
934027,0
934028,0
934029,34
934030,47
934031,0
934032,0
934033,41
934034,0
934035,0
934036,0
934037,0
934038,0
934039,0
934040,0
934041,0
934042,37
934043,46
934044,0
934045,0
934046,0
934047,0
934048,0
934049,0
934050,0
934051,0
934052,0
934053,0
934054,0
934055,0
934056,32
934057,0
934058,0
934059,34
934060,0
934061,0
934062,0
934063,35
934064,0
934065,0
934066,0
934067,39
934068,0
934069,0
934070,29
934071,29
934072,0
934073,0
934074,0
934075,0
934076,32
934077,0
934078,36
934079,0
934080,0
934081,0
934082,32
934083,0
934084,0
934085,0
934086,29
934087,0
934088,0
934089,0
934090,0
934091,40
934092,0
934093,53
934094,0
934095,50
934096,0
934097,0
934098,0
934099,0
934100,0
934101,0
934102,0
934103,31
934104,0
934105,0
934106,0
934107,0
934108,0
934109,39
934110,29
934111,0
934112,0
934113,0
934114,0
934115,0
934116,0
934117,0
934118,0
934119,0
934120,41
934121,0
934122,0
934123,44
934124,49
934125,42
934126,0
934127,41
934128,40
934129,0
934130,0
934131,0
934132,41
934133,0
934134,0
934135,0
934136,0
934137,0
934138,0
934139,0
934140,0
934141,23
934142,41
934143,0
934144,0
934145,0
934146,0
934147,0
934148,0
934149,36
934150,0
934151,0
934152,0
934153,0
934154,0
934155,0
934156,0
934157,0
934158,0
934159,0
934160,0
934161,0
934162,0
934163,0
934164,0
934165,35
934166,0
934167,0
934168,0
934169,0
934170,0
934171,0
934172,41
934173,0
934174,0
934175,0
934176,36
934177,0
934178,0
934179,0
934180,0
934181,0
934182,66
934183,0
934184,27
934185,0
934186,26
934187,24
934188,23
934189,0
934190,35
934191,0
934192,0
934193,39
934194,0
934195,24
934196,38
934197,0
934198,0
934199,0
934200,0
934201,0
934202,0
934203,34
934204,36
934205,0
934206,0
934207,43
934208,0
934209,33
934210,0
934211,0
934212,0
934213,40
934214,0
934215,0
934216,36
934217,0
934218,61
934219,0
934220,0
934221,0
934222,37
934223,43
934224,30
934225,0
934226,29
934227,0
934228,0
934229,0
934230,38
934231,0
934232,54
934233,0
934234,0
934235,0
934236,0
934237,0
934238,0
934239,0
934240,0
934241,0
934242,0
934243,0
934244,38
934245,32
934246,0
934247,0
934248,0
934249,51
934250,52
934251,0
934252,0
934253,0
934254,0
934255,0
934256,0
934257,0
934258,0
934259,0
934260,0
934261,41
934262,36
934263,0
934264,0
934265,0
934266,0
934267,0
934268,37
934269,0
934270,32
934271,0
934272,0
934273,0
934274,40
934275,0
934276,0
934277,52
934278,43
934279,0
934280,0
934281,35
934282,0
934283,32
934284,50
934285,0
934286,47
934287,0
934288,0
934289,0
934290,40
934291,0
934292,0
934293,35
934294,0
934295,0
934296,0
934297,0
934298,0
934299,39
934300,0
934301,45
934302,0
934303,0
934304,0
934305,0
934306,0
934307,0
934308,0
934309,0
934310,0
934311,0
934312,37
934313,0
934314,43
934315,0
934316,0
934317,0
934318,0
934319,0
934320,0
934321,46
934322,0
934323,30
934324,0
934325,28
934326,0
934327,0
934328,0
934329,0
934330,43
934331,0
934332,0
934333,0
934334,0
934335,32
934336,0
934337,0
934338,0
934339,35
934340,0
934341,0
934342,0
934343,0
934344,0
934345,0
934346,0
934347,0
934348,25
934349,0
934350,0
934351,0
934352,0
934353,0
934354,0
934355,0
934356,0
934357,0
934358,0
934359,0
934360,0
934361,0
934362,42
934363,52
934364,0
934365,0
934366,0
934367,0
934368,0
934369,0
934370,0
934371,0
934372,0
934373,50
934374,0
934375,37
934376,0
934377,0
934378,0
934379,0
934380,0
934381,0
934382,0
934383,52
934384,0
934385,0
934386,0
934387,28
934388,42
934389,36
934390,0
934391,0
934392,0
934393,0
934394,0
934395,0
934396,0
934397,35
934398,35
934399,38
934400,0
934401,0
934402,0
934403,0
934404,0
934405,0
934406,0
934407,0
934408,0
934409,0
934410,0
934411,33
934412,0
934413,0
934414,29
934415,41
934416,0
934417,41
934418,0
934419,0
934420,0
934421,0
934422,0
934423,53
934424,0
934425,0
934426,47
934427,0
934428,39
934429,0
934430,38
934431,0
934432,45
934433,0
934434,0
934435,0
934436,0
934437,37
934438,0
934439,0
934440,0
934441,41
934442,29
934443,0
934444,0
934445,0
934446,33
934447,0
934448,0
934449,0
934450,0
934451,0
934452,0
934453,0
934454,44
934455,0
934456,0
934457,0
934458,0
934459,0
934460,0
934461,32
934462,0
934463,0
934464,23
934465,0
934466,0
934467,50
934468,36
934469,0
934470,0
934471,0
934472,0
934473,0
934474,19
934475,0
934476,0
934477,0
934478,0
934479,0
934480,40
934481,38
934482,0
934483,0
934484,0
934485,0
934486,0
934487,0
934488,0
934489,0
934490,0
934491,32
934492,0
934493,0
934494,0
934495,0
934496,52
934497,0
934498,0
934499,0
934500,0
934501,37
934502,0
934503,0
934504,0
934505,0
934506,46
934507,0
934508,0
934509,0
934510,0
934511,0
934512,26
934513,0
934514,0
934515,0
934516,0
934517,0
934518,0
934519,0
934520,19
934521,0
934522,43
934523,0
934524,0
934525,0
934526,0
934527,0
934528,0
934529,0
934530,0
934531,39
934532,0
934533,0
934534,0
934535,0
934536,0
934537,0
934538,0
934539,0
934540,0
934541,0
934542,0
934543,0
934544,38
934545,0
934546,46
934547,0
934548,0
934549,0
934550,0
934551,0
934552,0
934553,0
934554,0
934555,0
934556,0
934557,35
934558,0
934559,0
934560,0
934561,0
934562,0
934563,47
934564,0
934565,0
934566,0
934567,0
934568,41
934569,0
934570,0
934571,0
934572,22
934573,43
934574,32
934575,0
934576,0
934577,0
934578,0
934579,0
934580,0
934581,0
934582,37
934583,0
934584,0
934585,0
934586,0
934587,0
934588,0
934589,0
934590,41
934591,0
934592,34
934593,43
934594,0
934595,43
934596,0
934597,49
934598,0
934599,27
934600,0
934601,0
934602,31
934603,0
934604,49
934605,0
934606,0
934607,0
934608,43
934609,0
934610,0
934611,0
934612,0
934613,0
934614,0
934615,0
934616,0
934617,29
934618,0
934619,0
934620,0
934621,0
934622,0
934623,36
934624,0
934625,45
934626,0
934627,0
934628,0
934629,31
934630,0
934631,43
934632,0
934633,0
934634,0
934635,0
934636,0
934637,0
934638,0
934639,0
934640,0
934641,12
934642,0
934643,0
934644,0
934645,0
934646,19
934647,0
934648,0
934649,0
934650,10
934651,0
934652,0
934653,0
934654,0
934655,0
934656,0
934657,0
934658,0
934659,0
934660,0
934661,0
934662,0
934663,0
934664,0
934665,0
934666,0
934667,0
934668,0
934669,0
934670,0
934671,0
934672,0
934673,0
934674,0
934675,0
934676,0
934677,0
934678,0
934679,0
934680,0
934681,0
934682,0
934683,0
934684,0
934685,0
934686,0
934687,0
934688,0
934689,15
934690,0
934691,0
934692,0
934693,17
934694,0
934695,0
934696,14
934697,0
934698,0
934699,0
934700,0
934701,0
934702,0
934703,0
934704,0
934705,0
934706,0
934707,11
934708,0
934709,0
934710,0
934711,0
934712,44
934713,0
934714,0
934715,0
934716,0
934717,0
934718,0
934719,0
934720,24
934721,0
934722,0
934723,0
934724,0
934725,0
934726,0
934727,0
934728,0
934729,16
934730,0
934731,18
934732,0
934733,0
934734,0
934735,0
934736,0
934737,0
934738,0
934739,0
934740,0
934741,0
934742,0
934743,0
934744,0
934745,33
934746,0
934747,0
934748,0
934749,0
934750,0
934751,27
934752,0
934753,22
934754,0
934755,0
934756,0
934757,0
934758,0
934759,0
934760,0
934761,0
934762,0
934763,0
934764,0
934765,0
934766,0
934767,0
934768,18
934769,0
934770,0
934771,0
934772,0
934773,0
934774,0
934775,0
934776,0
934777,0
934778,0
934779,0
934780,0
934781,26
934782,0
934783,0
934784,0
934785,0
934786,0
934787,0
934788,0
934789,0
934790,0
934791,0
934792,0
934793,0
934794,20
934795,0
934796,0
934797,0
934798,0
934799,0
934800,0
934801,0
934802,0
934803,0
934804,0
934805,0
934806,0
934807,0
934808,0
934809,0
934810,0
934811,0
934812,0
934813,0
934814,0
934815,0
934816,0
934817,0
934818,0
934819,0
934820,24
934821,0
934822,0
934823,0
934824,0
934825,25
934826,0
934827,0
934828,0
934829,0
934830,0
934831,0
934832,0
934833,0
934834,0
934835,0
934836,17
934837,0
934838,0
934839,0
934840,0
934841,0
934842,0
934843,0
934844,20
934845,0
934846,0
934847,17
934848,0
934849,0
934850,0
934851,0
934852,0
934853,0
934854,0
934855,0
934856,17
934857,0
934858,0
934859,0
934860,0
934861,0
934862,0
934863,21
934864,0
934865,0
934866,0
934867,0
934868,0
934869,0
934870,0
934871,0
934872,0
934873,21
934874,0
934875,0
934876,0
934877,0
934878,0
934879,21
934880,0
934881,0
934882,0
934883,0
934884,0
934885,0
934886,0
934887,0
934888,0
934889,0
934890,0
934891,0
934892,0
934893,0
934894,15
934895,0
934896,0
934897,0
934898,0
934899,0
934900,0
934901,0
934902,0
934903,0
934904,0
934905,32
934906,0
934907,0
934908,0
934909,18
934910,0
934911,0
934912,13
934913,0
934914,0
934915,0
934916,0
934917,0
934918,0
934919,12
934920,0
934921,0
934922,0
934923,0
934924,0
934925,0
934926,0
934927,0
934928,0
934929,20
934930,0
934931,9
934932,0
934933,0
934934,0
934935,0
934936,28
934937,0
934938,0
934939,0
934940,0
934941,16
934942,0
934943,0
934944,0
934945,0
934946,0
934947,0
934948,0
934949,0
934950,0
934951,0
934952,0
934953,0
934954,0
934955,0
934956,0
934957,14
934958,0
934959,5
934960,14
934961,0
934962,0
934963,0
934964,0
934965,0
934966,0
934967,0
934968,0
934969,0
934970,0
934971,0
934972,0
934973,15
934974,0
934975,0
934976,0
934977,29
934978,0
934979,0
934980,0
934981,0
934982,0
934983,0
934984,0
934985,0
934986,0
934987,0
934988,0
934989,0
934990,0
934991,0
934992,0
934993,0
934994,0
934995,0
934996,0
934997,0
934998,0
934999,0
935000,8
935001,0
935002,0
935003,0
935004,0
935005,6
935006,0
935007,0
935008,0
935009,0
935010,0
935011,0
935012,0
935013,0
935014,21
935015,0
935016,0
935017,0
935018,0
935019,0
935020,0
935021,18
935022,0
935023,0
935024,0
935025,0
935026,0
935027,0
935028,0
935029,0
935030,0
935031,0
935032,0
935033,0
935034,0
935035,0
935036,0
935037,0
935038,0
935039,0
935040,0
935041,0
935042,0
935043,19
935044,14
935045,0
935046,0
935047,0
935048,0
935049,0
935050,0
935051,0
935052,0
935053,24
935054,0
935055,19
935056,0
935057,0
935058,0
935059,0
935060,0
935061,0
935062,0
935063,0
935064,0
935065,0
935066,0
935067,0
935068,0
935069,0
935070,0
935071,0
935072,0
935073,0
935074,0
935075,0
935076,0
935077,0
935078,0
935079,0
935080,0
935081,0
935082,0
935083,0
935084,0
935085,0
935086,19
935087,0
935088,0
935089,0
935090,0
935091,20
935092,0
935093,0
935094,0
935095,0
935096,0
935097,0
935098,0
935099,20
935100,0
935101,0
935102,0
935103,15
935104,0
935105,27
935106,0
935107,29
935108,0
935109,0
935110,0
935111,0
935112,0
935113,0
935114,0
935115,0
935116,0
935117,0
935118,0
935119,0
935120,0
935121,0
935122,0
935123,0
935124,0
935125,0
935126,0
935127,0
935128,0
935129,0
935130,0
935131,0
935132,0
935133,0
935134,0
935135,0
935136,0
935137,0
935138,0
935139,0
935140,0
935141,0
935142,0
935143,0
935144,0
935145,0
935146,17
935147,0
935148,0
935149,0
935150,0
935151,19
935152,0
935153,0
935154,0
935155,0
935156,0
935157,0
935158,0
935159,0
935160,0
935161,0
935162,0
935163,0
935164,0
935165,26
935166,12
935167,0
935168,0
935169,30
935170,0
935171,0
935172,25
935173,0
935174,0
935175,0
935176,0
935177,0
935178,0
935179,20
935180,22
935181,0
935182,0
935183,0
935184,0
935185,0
935186,0
935187,25
935188,29
935189,0
935190,0
935191,14
935192,16
935193,22
935194,0
935195,0
935196,0
935197,0
935198,0
935199,0
935200,0
935201,0
935202,10
935203,17
935204,0
935205,0
935206,0
935207,15
935208,0
935209,16
935210,13
935211,0
935212,0
935213,10
935214,0
935215,0
935216,0
935217,25
935218,0
935219,0
935220,0
935221,0
935222,0
935223,23
935224,0
935225,21
935226,0
935227,0
935228,0
935229,26
935230,19
935231,0
935232,28
935233,19
935234,0
935235,0
935236,13
935237,0
935238,13
935239,21
935240,0
935241,23
935242,18
935243,0
935244,0
935245,27
935246,0
935247,19
935248,0
935249,0
935250,0
935251,0
935252,0
935253,0
935254,0
935255,0
935256,0
935257,0
935258,0
935259,0
935260,0
935261,0
935262,18
935263,19
935264,0
935265,0
935266,0
935267,35
935268,0
935269,0
935270,0
935271,0
935272,0
935273,0
935274,0
935275,0
935276,28
935277,0
935278,0
935279,0
935280,14
935281,0
935282,20
935283,19
935284,0
935285,0
935286,24
935287,0
935288,0
935289,0
935290,0
935291,0
935292,0
935293,0
935294,0
935295,0
935296,0
935297,0
935298,14
935299,0
935300,0
935301,0
935302,25
935303,0
935304,0
935305,0
935306,16
935307,0
935308,18
935309,0
935310,0
935311,25
935312,0
935313,0
935314,20
935315,0
935316,17
935317,0
935318,0
935319,0
935320,0
935321,19
935322,0
935323,0
935324,0
935325,0
935326,25
935327,0
935328,0
935329,13
935330,0
935331,0
935332,0
935333,0
935334,0
935335,0
935336,0
935337,0
935338,0
935339,0
935340,0
935341,0
935342,0
935343,0
935344,0
935345,0
935346,14
935347,21
935348,0
935349,9
935350,12
935351,21
935352,30
935353,0
935354,0
935355,0
935356,0
935357,25
935358,0
935359,0
935360,0
935361,0
935362,0
935363,0
935364,0
935365,0
935366,0
935367,14
935368,0
935369,16
935370,0
935371,0
935372,26
935373,0
935374,0
935375,0
935376,0
935377,0
935378,0
935379,27
935380,0
935381,0
935382,19
935383,19
935384,18
935385,0
935386,14
935387,0
935388,18
935389,0
935390,0
935391,0
935392,0
935393,19
935394,0
935395,0
935396,0
935397,0
935398,0
935399,0
935400,0
935401,0
935402,20
935403,23
935404,0
935405,0
935406,0
935407,0
935408,0
935409,14
935410,23
935411,0
935412,0
935413,0
935414,22
935415,14
935416,0
935417,0
935418,0
935419,0
935420,0
935421,0
935422,0
935423,0
935424,0
935425,0
935426,0
935427,18
935428,0
935429,20
935430,20
935431,21
935432,19
935433,0
935434,0
935435,0
935436,18
935437,13
935438,0
935439,0
935440,0
935441,0
935442,0
935443,0
935444,0
935445,18
935446,16
935447,0
935448,15
935449,0
935450,0
935451,0
935452,10
935453,0
935454,0
935455,0
935456,0
935457,17
935458,22
935459,0
935460,26
935461,16
935462,29
935463,0
935464,0
935465,19
935466,0
935467,0
935468,0
935469,19
935470,10
935471,0
935472,16
935473,0
935474,0
935475,0
935476,0
935477,13
935478,0
935479,0
935480,0
935481,0
935482,0
935483,0
935484,0
935485,20
935486,0
935487,0
935488,0
935489,0
935490,26
935491,0
935492,0
935493,0
935494,0
935495,0
935496,22
935497,0
935498,0
935499,10
935500,0
935501,0
935502,23
935503,30
935504,0
935505,25
935506,0
935507,0
935508,0
935509,21
935510,0
935511,0
935512,20
935513,0
935514,0
935515,0
935516,0
935517,29
935518,27
935519,29
935520,0
935521,21
935522,0
935523,29
935524,0
935525,0
935526,0
935527,0
935528,0
935529,0
935530,25
935531,0
935532,0
935533,0
935534,0
935535,0
935536,19
935537,0
935538,0
935539,0
935540,16
935541,0
935542,0
935543,0
935544,0
935545,0
935546,0
935547,0
935548,0
935549,14
935550,32
935551,0
935552,17
935553,0
935554,17
935555,0
935556,0
935557,11
935558,0
935559,0
935560,0
935561,0
935562,0
935563,0
935564,0
935565,12
935566,0
935567,20
935568,18
935569,0
935570,20
935571,0
935572,21
935573,0
935574,0
935575,0
935576,13
935577,0
935578,0
935579,0
935580,0
935581,0
935582,0
935583,19
935584,16
935585,0
935586,0
935587,16
935588,0
935589,0
935590,0
935591,16
935592,0
935593,0
935594,0
935595,0
935596,0
935597,0
935598,0
935599,21
935600,18
935601,0
935602,15
935603,0
935604,0
935605,0
935606,11
935607,0
935608,0
935609,0
935610,20
935611,0
935612,0
935613,28
935614,17
935615,19
935616,0
935617,0
935618,0
935619,0
935620,0
935621,19
935622,0
935623,0
935624,0
935625,11
935626,0
935627,0
935628,0
935629,26
935630,0
935631,0
935632,0
935633,0
935634,24
935635,0
935636,0
935637,0
935638,0
935639,0
935640,0
935641,15
935642,0
935643,0
935644,24
935645,16
935646,0
935647,19
935648,25
935649,0
935650,0
935651,0
935652,0
935653,25
935654,0
935655,0
935656,0
935657,24
935658,0
935659,8
935660,16
935661,0
935662,0
935663,20
935664,22
935665,17
935666,21
935667,19
935668,0
935669,0
935670,0
935671,0
935672,0
935673,0
935674,0
935675,0
935676,0
935677,0
935678,20
935679,0
935680,18
935681,0
935682,0
935683,0
935684,0
935685,0
935686,24
935687,23
935688,25
935689,0
935690,0
935691,0
935692,0
935693,0
935694,0
935695,17
935696,0
935697,0
935698,0
935699,0
935700,0
935701,28
935702,21
935703,0
935704,0
935705,23
935706,13
935707,23
935708,9
935709,28
935710,14
935711,19
935712,18
935713,0
935714,0
935715,0
935716,0
935717,0
935718,0
935719,0
935720,0
935721,0
935722,16
935723,0
935724,0
935725,0
935726,18
935727,0
935728,26
935729,0
935730,0
935731,0
935732,23
935733,0
935734,0
935735,0
935736,0
935737,19
935738,0
935739,0
935740,0
935741,0
935742,18
935743,0
935744,0
935745,0
935746,0
935747,14
935748,0
935749,12
935750,25
935751,21
935752,19
935753,0
935754,0
935755,0
935756,0
935757,0
935758,0
935759,0
935760,26
935761,0
935762,0
935763,0
935764,0
935765,0
935766,0
935767,0
935768,0
935769,0
935770,22
935771,0
935772,0
935773,0
935774,0
935775,16
935776,0
935777,0
935778,0
935779,0
935780,0
935781,0
935782,9
935783,0
935784,0
935785,0
935786,0
935787,0
935788,0
935789,0
935790,0
935791,0
935792,0
935793,0
935794,0
935795,0
935796,0
935797,0
935798,0
935799,0
935800,8
935801,0
935802,0
935803,4
935804,0
935805,0
935806,0
935807,0
935808,0
935809,0
935810,0
935811,0
935812,0
935813,0
935814,7
935815,0
935816,0
935817,0
935818,0
935819,0
935820,0
935821,0
935822,0
935823,0
935824,0
935825,0
935826,0
935827,0
935828,0
935829,0
935830,0
935831,0
935832,11
935833,0
935834,0
935835,0
935836,0
935837,0
935838,0
935839,0
935840,0
935841,0
935842,6
935843,0
935844,9
935845,0
935846,11
935847,0
935848,0
935849,0
935850,0
935851,0
935852,8
935853,0
935854,0
935855,0
935856,0
935857,0
935858,0
935859,0
935860,0
935861,0
935862,3
935863,12
935864,0
935865,0
935866,8
935867,0
935868,0
935869,0
935870,8
935871,0
935872,0
935873,6
935874,8
935875,0
935876,0
935877,0
935878,7
935879,0
935880,0
935881,0
935882,0
935883,0
935884,0
935885,0
935886,0
935887,0
935888,0
935889,9
935890,0
935891,0
935892,0
935893,0
935894,0
935895,0
935896,0
935897,15
935898,0
935899,0
935900,0
935901,0
935902,0
935903,0
935904,0
935905,0
935906,0
935907,0
935908,0
935909,9
935910,0
935911,0
935912,5
935913,0
935914,0
935915,0
935916,0
935917,0
935918,0
935919,0
935920,0
935921,0
935922,0
935923,0
935924,0
935925,0
935926,0
935927,0
935928,0
935929,0
935930,0
935931,0
935932,0
935933,0
935934,0
935935,0
935936,0
935937,0
935938,0
935939,0
935940,0
935941,0
935942,0
935943,0
935944,0
935945,0
935946,0
935947,0
935948,0
935949,0
935950,0
935951,0
935952,0
935953,0
935954,0
935955,2
935956,0
935957,0
935958,7
935959,0
935960,0
935961,0
935962,0
935963,0
935964,0
935965,0
935966,4
935967,0
935968,7
935969,0
935970,0
935971,0
935972,0
935973,0
935974,0
935975,0
935976,8
935977,0
935978,0
935979,0
935980,0
935981,0
935982,4
935983,0
935984,0
935985,0
935986,0
935987,3
935988,0
935989,0
935990,0
935991,0
935992,0
935993,0
935994,0
935995,0
935996,0
935997,4
935998,0
935999,0
936000,6
936001,5
936002,0
936003,0
936004,0
936005,9
936006,0
936007,0
936008,6
936009,0
936010,0
936011,12
936012,0
936013,11
936014,0
936015,0
936016,0
936017,0
936018,3
936019,0
936020,0
936021,0
936022,0
936023,6
936024,0
936025,0
936026,0
936027,0
936028,0
936029,0
936030,0
936031,0
936032,3
936033,0
936034,0
936035,0
936036,0
936037,0
936038,0
936039,0
936040,0
936041,0
936042,6
936043,8
936044,1
936045,0
936046,0
936047,6
936048,0
936049,0
936050,0
936051,11
936052,0
936053,0
936054,0
936055,0
936056,0
936057,0
936058,11
936059,11
936060,0
936061,0
936062,4
936063,0
936064,11
936065,0
936066,0
936067,17
936068,0
936069,0
936070,5
936071,0
936072,0
936073,0
936074,0
936075,0
936076,0
936077,0
936078,0
936079,0
936080,6
936081,5
936082,0
936083,0
936084,7
936085,0
936086,0
936087,11
936088,0
936089,0
936090,0
936091,0
936092,0
936093,0
936094,0
936095,0
936096,0
936097,0
936098,7
936099,0
936100,0
936101,0
936102,0
936103,0
936104,0
936105,0
936106,0
936107,0
936108,0
936109,0
936110,0
936111,9
936112,0
936113,0
936114,7
936115,0
936116,0
936117,0
936118,0
936119,0
936120,0
936121,0
936122,0
936123,0
936124,8
936125,0
936126,0
936127,0
936128,0
936129,0
936130,0
936131,12
936132,0
936133,0
936134,0
936135,10
936136,10
936137,0
936138,10
936139,0
936140,0
936141,0
936142,0
936143,0
936144,0
936145,0
936146,3
936147,4
936148,0
936149,0
936150,0
936151,0
936152,0
936153,0
936154,0
936155,0
936156,0
936157,0
936158,0
936159,0
936160,0
936161,0
936162,0
936163,8
936164,0
936165,0
936166,0
936167,0
936168,0
936169,0
936170,0
936171,0
936172,0
936173,0
936174,0
936175,0
936176,0
936177,0
936178,0
936179,0
936180,0
936181,0
936182,10
936183,0
936184,0
936185,0
936186,0
936187,0
936188,0
936189,0
936190,0
936191,6
936192,0
936193,0
936194,0
936195,7
936196,0
936197,0
936198,0
936199,0
936200,0
936201,0
936202,0
936203,0
936204,0
936205,0
936206,0
936207,0
936208,9
936209,5
936210,0
936211,0
936212,0
936213,0
936214,0
936215,12
936216,0
936217,0
936218,0
936219,4
936220,0
936221,0
936222,3
936223,0
936224,0
936225,0
936226,0
936227,0
936228,0
936229,0
936230,0
936231,0
936232,0
936233,0
936234,0
936235,0
936236,0
936237,0
936238,0
936239,4
936240,0
936241,0
936242,0
936243,3
936244,0
936245,0
936246,0
936247,0
936248,0
936249,0
936250,0
936251,0
936252,0
936253,7
936254,0
936255,0
936256,0
936257,0
936258,0
936259,0
936260,0
936261,0
936262,0
936263,0
936264,0
936265,0
936266,0
936267,0
936268,0
936269,0
936270,0
936271,0
936272,0
936273,0
936274,0
936275,0
936276,0
936277,0
936278,0
936279,0
936280,0
936281,0
936282,0
936283,0
936284,0
936285,0
936286,0
936287,0
936288,0
936289,0
936290,0
936291,0
936292,0
936293,0
936294,0
936295,0
936296,0
936297,0
936298,9
936299,0
936300,0
936301,0
936302,0
936303,0
936304,0
936305,0
936306,0
936307,0
936308,0
936309,0
936310,0
936311,0
936312,0
936313,0
936314,0
936315,0
936316,0
936317,0
936318,0
936319,0
936320,0
936321,14
936322,0
936323,3
936324,0
936325,0
936326,0
936327,0
936328,0
936329,0
936330,0
936331,0
936332,6
936333,0
936334,0
936335,0
936336,0
936337,0
936338,0
936339,10
936340,0
936341,0
936342,0
936343,0
936344,0
936345,0
936346,0
936347,0
936348,0
936349,0
936350,0
936351,0
936352,0
936353,0
936354,0
936355,0
936356,0
936357,0
936358,0
936359,0
936360,0
936361,0
936362,0
936363,0
936364,0
936365,0
936366,0
936367,0
936368,0
936369,11
936370,6
936371,0
936372,11
936373,0
936374,7
936375,4
936376,0
936377,0
936378,0
936379,0
936380,0
936381,0
936382,0
936383,0
936384,0
936385,0
936386,0
936387,0
936388,0
936389,0
936390,0
936391,0
936392,0
936393,0
936394,0
936395,0
936396,0
936397,7
936398,3
936399,0
936400,0
936401,0
936402,0
936403,0
936404,0
936405,0
936406,0
936407,0
936408,0
936409,0
936410,12
936411,0
936412,0
936413,0
936414,0
936415,0
936416,0
936417,0
936418,0
936419,0
936420,0
936421,3
936422,14
936423,0
936424,11
936425,0
936426,0
936427,0
936428,0
936429,0
936430,0
936431,0
936432,0
936433,0
936434,0
936435,0
936436,0
936437,0
936438,0
936439,0
936440,0
936441,0
936442,6
936443,0
936444,0
936445,0
936446,0
936447,0
936448,5
936449,0
936450,0
936451,0
936452,0
936453,0
936454,0
936455,8
936456,0
936457,0
936458,0
936459,0
936460,9
936461,0
936462,0
936463,0
936464,0
936465,0
936466,0
936467,0
936468,0
936469,0
936470,0
936471,0
936472,0
936473,0
936474,0
936475,0
936476,0
936477,11
936478,0
936479,0
936480,0
936481,0
936482,0
936483,0
936484,0
936485,0
936486,0
936487,0
936488,0
936489,0
936490,0
936491,0
936492,5
936493,0
936494,0
936495,0
936496,0
936497,0
936498,0
936499,0
936500,0
936501,6
936502,3
936503,0
936504,0
936505,0
936506,0
936507,11
936508,0
936509,0
936510,0
936511,0
936512,0
936513,0
936514,0
936515,0
936516,0
936517,0
936518,5
936519,0
936520,0
936521,0
936522,6
936523,0
936524,0
936525,0
936526,0
936527,0
936528,0
936529,0
936530,0
936531,0
936532,0
936533,0
936534,0
936535,0
936536,0
936537,10
936538,0
936539,0
936540,0
936541,0
936542,0
936543,6
936544,0
936545,0
936546,0
936547,7
936548,0
936549,0
936550,0
936551,0
936552,0
936553,4
936554,6
936555,0
936556,0
936557,0
936558,0
936559,0
936560,8
936561,0
936562,0
936563,0
936564,0
936565,0
936566,6
936567,0
936568,11
936569,0
936570,0
936571,0
936572,0
936573,0
936574,0
936575,0
936576,6
936577,0
936578,0
936579,0
936580,0
936581,0
936582,0
936583,0
936584,0
936585,0
936586,0
936587,5
936588,0
936589,0
936590,0
936591,0
936592,0
936593,0
936594,0
936595,5
936596,0
936597,0
936598,0
936599,0
936600,0
936601,0
936602,0
936603,0
936604,0
936605,6
936606,0
936607,3
936608,0
936609,4
936610,11
936611,0
936612,0
936613,0
936614,0
936615,0
936616,0
936617,0
936618,0
936619,6
936620,0
936621,0
936622,0
936623,0
936624,0
936625,0
936626,0
936627,0
936628,21
936629,18
936630,0
936631,0
936632,19
936633,26
936634,0
936635,0
936636,16
936637,0
936638,0
936639,0
936640,16
936641,22
936642,27
936643,20
936644,9
936645,0
936646,0
936647,0
936648,0
936649,0
936650,0
936651,0
936652,0
936653,0
936654,23
936655,0
936656,0
936657,0
936658,0
936659,0
936660,0
936661,23
936662,19
936663,16
936664,0
936665,34
936666,0
936667,0
936668,0
936669,0
936670,23
936671,24
936672,0
936673,12
936674,0
936675,0
936676,0
936677,0
936678,0
936679,0
936680,0
936681,0
936682,30
936683,0
936684,0
936685,0
936686,0
936687,19
936688,19
936689,0
936690,0
936691,15
936692,0
936693,30
936694,24
936695,0
936696,26
936697,13
936698,0
936699,18
936700,0
936701,18
936702,0
936703,16
936704,0
936705,0
936706,0
936707,0
936708,0
936709,0
936710,0
936711,0
936712,0
936713,0
936714,0
936715,0
936716,0
936717,0
936718,0
936719,0
936720,0
936721,0
936722,27
936723,0
936724,0
936725,0
936726,0
936727,0
936728,0
936729,0
936730,17
936731,0
936732,0
936733,0
936734,0
936735,0
936736,0
936737,0
936738,19
936739,0
936740,0
936741,20
936742,0
936743,0
936744,0
936745,0
936746,0
936747,0
936748,0
936749,0
936750,20
936751,22
936752,32
936753,17
936754,0
936755,0
936756,0
936757,20
936758,0
936759,0
936760,29
936761,24
936762,0
936763,0
936764,17
936765,0
936766,0
936767,0
936768,0
936769,0
936770,0
936771,21
936772,30
936773,0
936774,24
936775,29
936776,17
936777,0
936778,19
936779,0
936780,0
936781,0
936782,22
936783,0
936784,0
936785,0
936786,0
936787,0
936788,0
936789,30
936790,0
936791,22
936792,0
936793,0
936794,0
936795,0
936796,10
936797,0
936798,0
936799,0
936800,0
936801,0
936802,22
936803,0
936804,0
936805,0
936806,0
936807,0
936808,0
936809,0
936810,0
936811,39
936812,0
936813,0
936814,30
936815,0
936816,22
936817,21
936818,0
936819,0
936820,31
936821,0
936822,0
936823,0
936824,27
936825,27
936826,23
936827,0
936828,17
936829,28
936830,0
936831,0
936832,0
936833,0
936834,0
936835,24
936836,0
936837,0
936838,22
936839,0
936840,0
936841,0
936842,25
936843,22
936844,21
936845,0
936846,0
936847,33
936848,0
936849,0
936850,0
936851,33
936852,20
936853,0
936854,0
936855,0
936856,0
936857,13
936858,0
936859,10
936860,0
936861,0
936862,0
936863,0
936864,0
936865,0
936866,0
936867,0
936868,0
936869,0
936870,0
936871,0
936872,29
936873,0
936874,0
936875,0
936876,0
936877,0
936878,0
936879,21
936880,0
936881,18
936882,29
936883,0
936884,0
936885,0
936886,0
936887,0
936888,20
936889,0
936890,0
936891,0
936892,0
936893,0
936894,0
936895,0
936896,17
936897,0
936898,0
936899,0
936900,0
936901,0
936902,0
936903,40
936904,20
936905,0
936906,0
936907,0
936908,0
936909,0
936910,26
936911,0
936912,0
936913,0
936914,25
936915,0
936916,28
936917,14
936918,0
936919,12
936920,0
936921,0
936922,0
936923,0
936924,16
936925,0
936926,0
936927,12
936928,21
936929,0
936930,0
936931,29
936932,17
936933,0
936934,0
936935,17
936936,0
936937,21
936938,0
936939,0
936940,0
936941,17
936942,0
936943,16
936944,0
936945,0
936946,0
936947,0
936948,0
936949,22
936950,0
936951,0
936952,14
936953,0
936954,20
936955,24
936956,0
936957,22
936958,0
936959,0
936960,28
936961,12
936962,0
936963,0
936964,0
936965,0
936966,0
936967,0
936968,0
936969,0
936970,0
936971,0
936972,28
936973,0
936974,0
936975,0
936976,0
936977,41
936978,0
936979,0
936980,0
936981,0
936982,0
936983,0
936984,0
936985,15
936986,0
936987,0
936988,30
936989,15
936990,0
936991,0
936992,0
936993,0
936994,0
936995,30
936996,0
936997,11
936998,0
936999,0
937000,0
937001,22
937002,0
937003,0
937004,0
937005,0
937006,0
937007,0
937008,0
937009,0
937010,0
937011,0
937012,0
937013,18
937014,26
937015,0
937016,0
937017,0
937018,0
937019,0
937020,0
937021,0
937022,16
937023,0
937024,25
937025,0
937026,0
937027,0
937028,0
937029,0
937030,44
937031,0
937032,0
937033,0
937034,0
937035,0
937036,30
937037,43
937038,0
937039,0
937040,29
937041,0
937042,0
937043,21
937044,0
937045,0
937046,42
937047,0
937048,0
937049,0
937050,36
937051,0
937052,0
937053,0
937054,0
937055,0
937056,0
937057,17
937058,0
937059,0
937060,0
937061,0
937062,0
937063,0
937064,0
937065,32
937066,0
937067,40
937068,0
937069,0
937070,28
937071,0
937072,30
937073,0
937074,0
937075,24
937076,0
937077,0
937078,11
937079,0
937080,0
937081,0
937082,0
937083,0
937084,0
937085,0
937086,0
937087,28
937088,0
937089,21
937090,34
937091,22
937092,0
937093,0
937094,0
937095,0
937096,0
937097,0
937098,0
937099,28
937100,0
937101,0
937102,32
937103,13
937104,0
937105,0
937106,0
937107,0
937108,0
937109,0
937110,28
937111,0
937112,26
937113,0
937114,0
937115,0
937116,0
937117,0
937118,0
937119,0
937120,0
937121,0
937122,0
937123,0
937124,24
937125,29
937126,0
937127,12
937128,33
937129,24
937130,0
937131,0
937132,0
937133,17
937134,0
937135,27
937136,0
937137,0
937138,0
937139,0
937140,0
937141,18
937142,0
937143,0
937144,0
937145,0
937146,0
937147,0
937148,0
937149,0
937150,0
937151,0
937152,0
937153,0
937154,0
937155,0
937156,0
937157,26
937158,0
937159,0
937160,0
937161,0
937162,0
937163,0
937164,0
937165,0
937166,0
937167,0
937168,0
937169,0
937170,0
937171,0
937172,0
937173,24
937174,49
937175,0
937176,0
937177,0
937178,0
937179,0
937180,0
937181,0
937182,0
937183,0
937184,0
937185,0
937186,0
937187,0
937188,0
937189,0
937190,0
937191,0
937192,0
937193,0
937194,0
937195,0
937196,0
937197,0
937198,0
937199,0
937200,0
937201,0
937202,0
937203,0
937204,0
937205,0
937206,0
937207,48
937208,0
937209,0
937210,0
937211,0
937212,0
937213,0
937214,0
937215,0
937216,23
937217,0
937218,0
937219,0
937220,0
937221,0
937222,42
937223,0
937224,0
937225,0
937226,0
937227,0
937228,0
937229,0
937230,38
937231,0
937232,0
937233,0
937234,0
937235,0
937236,0
937237,0
937238,13
937239,0
937240,0
937241,0
937242,0
937243,0
937244,0
937245,33
937246,0
937247,0
937248,21
937249,0
937250,0
937251,0
937252,0
937253,0
937254,0
937255,0
937256,0
937257,0
937258,0
937259,0
937260,0
937261,0
937262,0
937263,0
937264,0
937265,0
937266,0
937267,0
937268,0
937269,0
937270,0
937271,31
937272,0
937273,31
937274,0
937275,36
937276,0
937277,0
937278,48
937279,0
937280,0
937281,0
937282,0
937283,0
937284,0
937285,0
937286,0
937287,37
937288,0
937289,0
937290,29
937291,0
937292,21
937293,0
937294,0
937295,0
937296,0
937297,0
937298,0
937299,0
937300,0
937301,0
937302,0
937303,0
937304,0
937305,0
937306,0
937307,0
937308,0
937309,0
937310,0
937311,0
937312,0
937313,20
937314,0
937315,0
937316,0
937317,0
937318,0
937319,0
937320,0
937321,0
937322,30
937323,0
937324,17
937325,0
937326,0
937327,0
937328,0
937329,19
937330,0
937331,0
937332,0
937333,26
937334,0
937335,0
937336,0
937337,18
937338,0
937339,0
937340,0
937341,31
937342,36
937343,0
937344,0
937345,0
937346,0
937347,38
937348,0
937349,0
937350,0
937351,0
937352,0
937353,0
937354,0
937355,0
937356,13
937357,0
937358,0
937359,0
937360,0
937361,30
937362,0
937363,32
937364,0
937365,0
937366,0
937367,0
937368,0
937369,0
937370,32
937371,17
937372,0
937373,0
937374,0
937375,16
937376,0
937377,0
937378,22
937379,0
937380,21
937381,0
937382,0
937383,15
937384,0
937385,31
937386,0
937387,0
937388,23
937389,0
937390,0
937391,0
937392,0
937393,0
937394,18
937395,0
937396,0
937397,0
937398,0
937399,0
937400,0
937401,19
937402,0
937403,0
937404,0
937405,0
937406,0
937407,0
937408,0
937409,0
937410,0
937411,0
937412,0
937413,0
937414,0
937415,0
937416,0
937417,0
937418,0
937419,0
937420,0
937421,0
937422,0
937423,0
937424,38
937425,22
937426,0
937427,0
937428,0
937429,0
937430,0
937431,0
937432,0
937433,0
937434,0
937435,0
937436,0
937437,0
937438,0
937439,35
937440,30
937441,0
937442,25
937443,0
937444,0
937445,0
937446,0
937447,0
937448,0
937449,28
937450,37
937451,0
937452,0
937453,0
937454,0
937455,0
937456,0
937457,0
937458,10
937459,0
937460,0
937461,0
937462,0
937463,0
937464,0
937465,0
937466,8
937467,0
937468,0
937469,19
937470,41
937471,20
937472,0
937473,0
937474,0
937475,0
937476,0
937477,0
937478,0
937479,0
937480,50
937481,0
937482,22
937483,0
937484,0
937485,0
937486,0
937487,0
937488,16
937489,0
937490,24
937491,0
937492,0
937493,0
937494,0
937495,0
937496,0
937497,31
937498,0
937499,0
937500,34
937501,0
937502,0
937503,0
937504,26
937505,0
937506,0
937507,14
937508,0
937509,0
937510,0
937511,28
937512,17
937513,0
937514,0
937515,0
937516,0
937517,0
937518,0
937519,0
937520,0
937521,0
937522,0
937523,20
937524,0
937525,0
937526,0
937527,0
937528,0
937529,0
937530,0
937531,16
937532,0
937533,0
937534,0
937535,23
937536,0
937537,0
937538,0
937539,0
937540,0
937541,0
937542,0
937543,0
937544,0
937545,0
937546,0
937547,0
937548,0
937549,0
937550,0
937551,40
937552,0
937553,0
937554,0
937555,0
937556,0
937557,21
937558,0
937559,0
937560,22
937561,0
937562,0
937563,0
937564,23
937565,0
937566,0
937567,0
937568,0
937569,0
937570,0
937571,17
937572,26
937573,0
937574,0
937575,0
937576,0
937577,0
937578,0
937579,0
937580,0
937581,0
937582,0
937583,0
937584,0
937585,0
937586,0
937587,0
937588,0
937589,25
937590,0
937591,0
937592,0
937593,0
937594,0
937595,0
937596,0
937597,0
937598,0
937599,0
937600,0
937601,0
937602,0
937603,0
937604,0
937605,0
937606,25
937607,0
937608,0
937609,0
937610,0
937611,0
937612,39
937613,0
937614,0
937615,0
937616,0
937617,0
937618,0
937619,18
937620,0
937621,0
937622,0
937623,0
937624,0
937625,0
937626,0
937627,0
937628,0
937629,0
937630,0
937631,0
937632,0
937633,0
937634,26
937635,33
937636,0
937637,17
937638,18
937639,0
937640,0
937641,0
937642,0
937643,0
937644,39
937645,0
937646,0
937647,36
937648,19
937649,0
937650,0
937651,0
937652,0
937653,32
937654,0
937655,0
937656,29
937657,0
937658,0
937659,0
937660,19
937661,20
937662,0
937663,0
937664,0
937665,25
937666,0
937667,0
937668,0
937669,0
937670,25
937671,0
937672,0
937673,0
937674,0
937675,0
937676,23
937677,0
937678,0
937679,25
937680,0
937681,0
937682,27
937683,0
937684,0
937685,0
937686,0
937687,0
937688,0
937689,0
937690,0
937691,0
937692,0
937693,0
937694,0
937695,0
937696,0
937697,0
937698,0
937699,0
937700,0
937701,0
937702,51
937703,0
937704,0
937705,17
937706,0
937707,0
937708,0
937709,0
937710,0
937711,0
937712,15
937713,0
937714,24
937715,0
937716,0
937717,0
937718,0
937719,0
937720,31
937721,0
937722,0
937723,0
937724,0
937725,0
937726,0
937727,0
937728,0
937729,0
937730,0
937731,0
937732,39
937733,0
937734,0
937735,27
937736,0
937737,0
937738,0
937739,40
937740,0
937741,0
937742,0
937743,0
937744,0
937745,0
937746,0
937747,0
937748,0
937749,0
937750,0
937751,0
937752,0
937753,0
937754,0
937755,15
937756,0
937757,0
937758,25
937759,0
937760,0
937761,19
937762,0
937763,36
937764,0
937765,0
937766,13
937767,0
937768,25
937769,0
937770,0
937771,0
937772,0
937773,0
937774,21
937775,0
937776,0
937777,0
937778,34
937779,0
937780,0
937781,0
937782,0
937783,0
937784,0
937785,0
937786,0
937787,21
937788,33
937789,0
937790,22
937791,0
937792,0
937793,0
937794,0
937795,0
937796,0
937797,0
937798,0
937799,39
937800,0
937801,0
937802,0
937803,0
937804,0
937805,19
937806,0
937807,0
937808,0
937809,0
937810,0
937811,35
937812,13
937813,0
937814,0
937815,0
937816,0
937817,0
937818,0
937819,0
937820,39
937821,0
937822,20
937823,0
937824,0
937825,0
937826,0
937827,25
937828,19
937829,21
937830,23
937831,0
937832,0
937833,0
937834,0
937835,0
937836,0
937837,0
937838,31
937839,0
937840,0
937841,0
937842,0
937843,0
937844,18
937845,26
937846,12
937847,0
937848,0
937849,18
937850,0
937851,0
937852,0
937853,0
937854,0
937855,22
937856,0
937857,0
937858,0
937859,0
937860,11
937861,38
937862,0
937863,0
937864,0
937865,0
937866,0
937867,0
937868,0
937869,0
937870,0
937871,0
937872,0
937873,0
937874,0
937875,0
937876,27
937877,0
937878,0
937879,0
937880,0
937881,0
937882,0
937883,0
937884,0
937885,0
937886,0
937887,0
937888,0
937889,0
937890,0
937891,0
937892,0
937893,0
937894,0
937895,0
937896,0
937897,28
937898,23
937899,33
937900,0
937901,0
937902,0
937903,0
937904,0
937905,0
937906,29
937907,0
937908,18
937909,0
937910,0
937911,0
937912,0
937913,0
937914,0
937915,0
937916,0
937917,24
937918,0
937919,0
937920,0
937921,20
937922,0
937923,0
937924,0
937925,0
937926,10
937927,0
937928,0
937929,26
937930,0
937931,0
937932,0
937933,0
937934,0
937935,0
937936,0
937937,0
937938,0
937939,0
937940,0
937941,0
937942,35
937943,0
937944,0
937945,0
937946,0
937947,0
937948,0
937949,34
937950,0
937951,0
937952,0
937953,31
937954,0
937955,14
937956,0
937957,0
937958,0
937959,15
937960,0
937961,0
937962,0
937963,0
937964,0
937965,0
937966,0
937967,10
937968,0
937969,26
937970,11
937971,0
937972,0
937973,0
937974,0
937975,0
937976,0
937977,0
937978,0
937979,0
937980,0
937981,21
937982,0
937983,0
937984,0
937985,0
937986,0
937987,0
937988,0
937989,0
937990,0
937991,0
937992,0
937993,29
937994,0
937995,0
937996,0
937997,0
937998,0
937999,0
938000,0
938001,48
938002,27
938003,0
938004,0
938005,0
938006,15
938007,35
938008,0
938009,0
938010,0
938011,0
938012,0
938013,16
938014,0
938015,26
938016,0
938017,0
938018,14
938019,0
938020,0
938021,0
938022,0
938023,0
938024,0
938025,0
938026,0
938027,0
938028,0
938029,0
938030,0
938031,7
938032,0
938033,0
938034,0
938035,0
938036,0
938037,0
938038,0
938039,16
938040,0
938041,0
938042,0
938043,12
938044,0
938045,0
938046,0
938047,0
938048,0
938049,20
938050,0
938051,0
938052,17
938053,0
938054,12
938055,1
938056,0
938057,0
938058,34
938059,0
938060,0
938061,0
938062,28
938063,15
938064,0
938065,0
938066,31
938067,0
938068,0
938069,0
938070,16
938071,0
938072,0
938073,0
938074,0
938075,0
938076,5
938077,0
938078,0
938079,44
938080,0
938081,0
938082,0
938083,0
938084,0
938085,0
938086,0
938087,0
938088,20
938089,0
938090,0
938091,0
938092,0
938093,0
938094,0
938095,17
938096,0
938097,0
938098,0
938099,0
938100,22
938101,0
938102,0
938103,0
938104,31
938105,0
938106,0
938107,0
938108,17
938109,0
938110,0
938111,16
938112,0
938113,0
938114,0
938115,0
938116,0
938117,0
938118,0
938119,0
938120,0
938121,0
938122,0
938123,0
938124,0
938125,0
938126,0
938127,0
938128,0
938129,0
938130,0
938131,12
938132,0
938133,0
938134,0
938135,0
938136,17
938137,9
938138,12
938139,0
938140,0
938141,0
938142,0
938143,0
938144,0
938145,24
938146,0
938147,23
938148,22
938149,0
938150,0
938151,0
938152,12
938153,28
938154,0
938155,0
938156,0
938157,0
938158,0
938159,0
938160,36
938161,0
938162,0
938163,0
938164,0
938165,0
938166,0
938167,20
938168,0
938169,0
938170,0
938171,0
938172,0
938173,0
938174,0
938175,27
938176,26
938177,0
938178,0
938179,5
938180,0
938181,18
938182,0
938183,0
938184,34
938185,19
938186,0
938187,31
938188,0
938189,9
938190,0
938191,36
938192,0
938193,0
938194,0
938195,0
938196,0
938197,0
938198,0
938199,0
938200,42
938201,23
938202,0
938203,0
938204,0
938205,0
938206,0
938207,0
938208,26
938209,0
938210,0
938211,0
938212,17
938213,28
938214,11
938215,0
938216,0
938217,0
938218,20
938219,0
938220,0
938221,19
938222,0
938223,0
938224,0
938225,0
938226,0
938227,0
938228,18
938229,32
938230,0
938231,0
938232,0
938233,0
938234,0
938235,0
938236,0
938237,0
938238,0
938239,0
938240,14
938241,11
938242,0
938243,0
938244,0
938245,0
938246,0
938247,0
938248,21
938249,0
938250,0
938251,19
938252,32
938253,0
938254,18
938255,36
938256,11
938257,0
938258,0
938259,0
938260,0
938261,33
938262,0
938263,32
938264,0
938265,0
938266,0
938267,0
938268,39
938269,0
938270,0
938271,0
938272,0
938273,0
938274,17
938275,0
938276,0
938277,0
938278,0
938279,0
938280,0
938281,0
938282,0
938283,0
938284,0
938285,10
938286,0
938287,0
938288,0
938289,0
938290,0
938291,0
938292,0
938293,44
938294,0
938295,35
938296,0
938297,0
938298,0
938299,14
938300,0
938301,0
938302,0
938303,0
938304,0
938305,0
938306,0
938307,0
938308,0
938309,0
938310,0
938311,0
938312,0
938313,0
938314,0
938315,0
938316,0
938317,0
938318,0
938319,0
938320,0
938321,0
938322,0
938323,0
938324,0
938325,23
938326,0
938327,0
938328,0
938329,17
938330,0
938331,0
938332,0
938333,0
938334,0
938335,0
938336,0
938337,17
938338,0
938339,0
938340,0
938341,0
938342,0
938343,0
938344,0
938345,17
938346,0
938347,0
938348,0
938349,0
938350,17
938351,0
938352,0
938353,0
938354,0
938355,0
938356,0
938357,0
938358,0
938359,0
938360,0
938361,22
938362,0
938363,0
938364,0
938365,0
938366,39
938367,0
938368,37
938369,0
938370,10
938371,0
938372,0
938373,0
938374,0
938375,0
938376,21
938377,0
938378,0
938379,25
938380,0
938381,0
938382,17
938383,0
938384,0
938385,0
938386,22
938387,0
938388,0
938389,0
938390,17
938391,0
938392,0
938393,0
938394,0
938395,0
938396,31
938397,0
938398,0
938399,0
938400,0
938401,0
938402,7
938403,24
938404,0
938405,0
938406,0
938407,0
938408,0
938409,0
938410,0
938411,0
938412,0
938413,0
938414,0
938415,0
938416,0
938417,15
938418,0
938419,0
938420,0
938421,31
938422,0
938423,0
938424,20
938425,0
938426,0
938427,0
938428,0
938429,0
938430,0
938431,0
938432,0
938433,33
938434,33
938435,0
938436,6
938437,0
938438,0
938439,0
938440,0
938441,0
938442,0
938443,26
938444,0
938445,0
938446,26
938447,0
938448,21
938449,0
938450,0
938451,33
938452,0
938453,12
938454,21
938455,0
938456,0
938457,0
938458,0
938459,0
938460,35
938461,0
938462,0
938463,0
938464,0
938465,0
938466,0
938467,0
938468,0
938469,0
938470,0
938471,12
938472,0
938473,34
938474,0
938475,0
938476,0
938477,0
938478,0
938479,0
938480,0
938481,0
938482,0
938483,0
938484,0
938485,54
938486,16
938487,15
938488,0
938489,0
938490,41
938491,0
938492,0
938493,0
938494,0
938495,44
938496,0
938497,17
938498,0
938499,0
938500,0
938501,47
938502,51
938503,0
938504,35
938505,0
938506,0
938507,0
938508,0
938509,0
938510,0
938511,0
938512,0
938513,21
938514,0
938515,0
938516,26
938517,0
938518,0
938519,0
938520,0
938521,0
938522,0
938523,0
938524,0
938525,0
938526,0
938527,33
938528,0
938529,0
938530,0
938531,0
938532,0
938533,0
938534,0
938535,0
938536,0
938537,0
938538,0
938539,0
938540,0
938541,26
938542,0
938543,0
938544,0
938545,0
938546,0
938547,0
938548,0
938549,28
938550,0
938551,0
938552,0
938553,0
938554,0
938555,0
938556,41
938557,0
938558,0
938559,28
938560,36
938561,38
938562,24
938563,0
938564,0
938565,0
938566,0
938567,0
938568,0
938569,0
938570,37
938571,0
938572,0
938573,0
938574,0
938575,22
938576,25
938577,0
938578,0
938579,0
938580,0
938581,0
938582,0
938583,0
938584,0
938585,0
938586,0
938587,0
938588,0
938589,0
938590,0
938591,0
938592,0
938593,0
938594,0
938595,25
938596,0
938597,0
938598,0
938599,0
938600,40
938601,0
938602,0
938603,0
938604,0
938605,44
938606,0
938607,0
938608,0
938609,24
938610,0
938611,0
938612,0
938613,0
938614,0
938615,0
938616,24
938617,0
938618,0
938619,0
938620,40
938621,35
938622,0
938623,0
938624,0
938625,0
938626,0
938627,0
938628,0
938629,0
938630,0
938631,42
938632,0
938633,36
938634,0
938635,0
938636,0
938637,0
938638,33
938639,0
938640,0
938641,0
938642,0
938643,0
938644,31
938645,0
938646,27
938647,22
938648,0
938649,0
938650,0
938651,0
938652,0
938653,0
938654,0
938655,0
938656,0
938657,0
938658,30
938659,37
938660,0
938661,0
938662,0
938663,0
938664,0
938665,0
938666,0
938667,0
938668,52
938669,39
938670,0
938671,13
938672,0
938673,43
938674,0
938675,0
938676,0
938677,0
938678,29
938679,0
938680,0
938681,0
938682,0
938683,0
938684,0
938685,16
938686,33
938687,27
938688,0
938689,0
938690,0
938691,27
938692,0
938693,0
938694,31
938695,0
938696,31
938697,0
938698,0
938699,0
938700,0
938701,0
938702,0
938703,0
938704,0
938705,0
938706,0
938707,0
938708,0
938709,0
938710,0
938711,30
938712,0
938713,27
938714,0
938715,0
938716,0
938717,0
938718,0
938719,0
938720,10
938721,0
938722,0
938723,0
938724,0
938725,0
938726,25
938727,0
938728,0
938729,0
938730,0
938731,0
938732,0
938733,42
938734,0
938735,0
938736,0
938737,0
938738,0
938739,0
938740,0
938741,25
938742,0
938743,0
938744,0
938745,43
938746,0
938747,0
938748,0
938749,20
938750,0
938751,0
938752,0
938753,0
938754,0
938755,0
938756,0
938757,0
938758,0
938759,0
938760,32
938761,0
938762,0
938763,0
938764,0
938765,0
938766,0
938767,0
938768,0
938769,0
938770,0
938771,0
938772,0
938773,0
938774,50
938775,0
938776,24
938777,0
938778,0
938779,0
938780,0
938781,0
938782,0
938783,40
938784,30
938785,0
938786,0
938787,0
938788,0
938789,0
938790,0
938791,0
938792,0
938793,0
938794,0
938795,0
938796,0
938797,0
938798,0
938799,0
938800,25
938801,0
938802,0
938803,0
938804,0
938805,31
938806,0
938807,0
938808,0
938809,0
938810,19
938811,0
938812,0
938813,0
938814,0
938815,0
938816,22
938817,0
938818,0
938819,0
938820,0
938821,0
938822,0
938823,0
938824,0
938825,0
938826,18
938827,0
938828,0
938829,0
938830,0
938831,0
938832,0
938833,0
938834,0
938835,0
938836,0
938837,28
938838,0
938839,0
938840,39
938841,0
938842,0
938843,0
938844,0
938845,0
938846,0
938847,0
938848,42
938849,0
938850,0
938851,0
938852,0
938853,28
938854,0
938855,0
938856,0
938857,0
938858,0
938859,0
938860,0
938861,30
938862,0
938863,0
938864,0
938865,0
938866,0
938867,0
938868,35
938869,33
938870,0
938871,0
938872,0
938873,0
938874,0
938875,0
938876,0
938877,0
938878,0
938879,30
938880,0
938881,19
938882,0
938883,0
938884,0
938885,0
938886,0
938887,0
938888,39
938889,0
938890,13
938891,0
938892,0
938893,0
938894,0
938895,0
938896,0
938897,0
938898,0
938899,0
938900,0
938901,24
938902,36
938903,0
938904,0
938905,0
938906,0
938907,0
938908,0
938909,0
938910,0
938911,0
938912,0
938913,0
938914,0
938915,0
938916,27
938917,0
938918,0
938919,0
938920,0
938921,35
938922,0
938923,0
938924,24
938925,0
938926,0
938927,35
938928,0
938929,0
938930,0
938931,0
938932,0
938933,0
938934,0
938935,0
938936,0
938937,0
938938,0
938939,0
938940,0
938941,0
938942,39
938943,40
938944,50
938945,0
938946,0
938947,0
938948,0
938949,0
938950,0
938951,0
938952,0
938953,0
938954,0
938955,21
938956,0
938957,0
938958,0
938959,0
938960,35
938961,0
938962,62
938963,0
938964,0
938965,0
938966,0
938967,0
938968,0
938969,0
938970,42
938971,37
938972,0
938973,0
938974,0
938975,0
938976,34
938977,0
938978,0
938979,0
938980,0
938981,13
938982,0
938983,0
938984,0
938985,0
938986,0
938987,0
938988,0
938989,0
938990,37
938991,28
938992,0
938993,0
938994,0
938995,0
938996,0
938997,0
938998,0
938999,0
939000,0
939001,23
939002,15
939003,0
939004,0
939005,0
939006,0
939007,0
939008,0
939009,25
939010,24
939011,0
939012,0
939013,0
939014,0
939015,0
939016,0
939017,0
939018,29
939019,0
939020,0
939021,0
939022,0
939023,0
939024,31
939025,0
939026,0
939027,0
939028,0
939029,0
939030,0
939031,0
939032,33
939033,0
939034,0
939035,0
939036,0
939037,0
939038,0
939039,0
939040,0
939041,0
939042,0
939043,0
939044,0
939045,0
939046,0
939047,0
939048,25
939049,0
939050,36
939051,0
939052,29
939053,0
939054,0
939055,0
939056,0
939057,0
939058,0
939059,0
939060,0
939061,0
939062,0
939063,0
939064,0
939065,48
939066,0
939067,0
939068,24
939069,0
939070,0
939071,0
939072,15
939073,44
939074,0
939075,0
939076,0
939077,0
939078,37
939079,31
939080,24
939081,33
939082,0
939083,0
939084,0
939085,0
939086,0
939087,0
939088,0
939089,0
939090,36
939091,28
939092,0
939093,0
939094,0
939095,0
939096,0
939097,24
939098,0
939099,0
939100,24
939101,0
939102,0
939103,0
939104,48
939105,50
939106,26
939107,0
939108,0
939109,0
939110,15
939111,0
939112,32
939113,0
939114,0
939115,15
939116,0
939117,23
939118,0
939119,0
939120,0
939121,0
939122,0
939123,0
939124,0
939125,0
939126,0
939127,0
939128,0
939129,0
939130,0
939131,0
939132,0
939133,0
939134,15
939135,0
939136,41
939137,0
939138,0
939139,0
939140,0
939141,30
939142,0
939143,0
939144,0
939145,25
939146,0
939147,0
939148,0
939149,0
939150,0
939151,38
939152,44
939153,0
939154,0
939155,30
939156,0
939157,32
939158,0
939159,0
939160,0
939161,0
939162,61
939163,0
939164,27
939165,25
939166,0
939167,0
939168,0
939169,0
939170,0
939171,0
939172,0
939173,0
939174,0
939175,0
939176,0
939177,0
939178,0
939179,32
939180,31
939181,35
939182,0
939183,0
939184,0
939185,0
939186,18
939187,0
939188,0
939189,0
939190,0
939191,0
939192,0
939193,0
939194,0
939195,0
939196,0
939197,0
939198,0
939199,0
939200,0
939201,0
939202,0
939203,0
939204,0
939205,0
939206,0
939207,0
939208,0
939209,0
939210,37
939211,0
939212,0
939213,0
939214,0
939215,0
939216,0
939217,0
939218,40
939219,55
939220,0
939221,0
939222,0
939223,0
939224,0
939225,0
939226,0
939227,0
939228,0
939229,0
939230,0
939231,26
939232,0
939233,0
939234,0
939235,0
939236,36
939237,0
939238,0
939239,0
939240,26
939241,0
939242,0
939243,40
939244,34
939245,0
939246,0
939247,36
939248,0
939249,0
939250,0
939251,0
939252,30
939253,39
939254,35
939255,0
939256,0
939257,0
939258,0
939259,0
939260,0
939261,0
939262,0
939263,0
939264,0
939265,0
939266,0
939267,45
939268,37
939269,0
939270,34
939271,0
939272,0
939273,0
939274,0
939275,0
939276,0
939277,31
939278,0
939279,0
939280,0
939281,0
939282,43
939283,0
939284,0
939285,0
939286,0
939287,0
939288,0
939289,31
939290,35
939291,32
939292,0
939293,0
939294,0
939295,0
939296,0
939297,0
939298,0
939299,0
939300,0
939301,0
939302,0
939303,0
939304,0
939305,0
939306,0
939307,37
939308,0
939309,0
939310,29
939311,0
939312,34
939313,0
939314,0
939315,0
939316,34
939317,0
939318,36
939319,0
939320,49
939321,39
939322,0
939323,0
939324,0
939325,0
939326,0
939327,0
939328,0
939329,0
939330,0
939331,0
939332,0
939333,0
939334,35
939335,0
939336,0
939337,0
939338,0
939339,0
939340,0
939341,33
939342,39
939343,0
939344,0
939345,0
939346,0
939347,0
939348,0
939349,0
939350,0
939351,29
939352,0
939353,0
939354,40
939355,0
939356,0
939357,0
939358,0
939359,0
939360,0
939361,0
939362,0
939363,0
939364,0
939365,0
939366,22
939367,36
939368,0
939369,0
939370,0
939371,44
939372,0
939373,0
939374,0
939375,0
939376,0
939377,0
939378,27
939379,41
939380,0
939381,0
939382,0
939383,0
939384,31
939385,0
939386,0
939387,0
939388,0
939389,0
939390,30
939391,0
939392,0
939393,45
939394,19
939395,0
939396,0
939397,28
939398,0
939399,0
939400,46
939401,0
939402,0
939403,0
939404,0
939405,0
939406,0
939407,0
939408,0
939409,0
939410,0
939411,0
939412,0
939413,0
939414,0
939415,0
939416,0
939417,0
939418,0
939419,48
939420,41
939421,0
939422,0
939423,0
939424,0
939425,41
939426,0
939427,0
939428,0
939429,30
939430,0
939431,0
939432,0
939433,0
939434,0
939435,41
939436,0
939437,33
939438,36
939439,0
939440,54
939441,0
939442,43
939443,0
939444,20
939445,0
939446,0
939447,30
939448,0
939449,0
939450,0
939451,0
939452,37
939453,0
939454,36
939455,0
939456,41
939457,0
939458,0
939459,33
939460,35
939461,0
939462,33
939463,56
939464,0
939465,0
939466,0
939467,29
939468,17
939469,0
939470,0
939471,27
939472,0
939473,0
939474,0
939475,0
939476,0
939477,0
939478,0
939479,41
939480,0
939481,0
939482,0
939483,0
939484,0
939485,0
939486,0
939487,0
939488,0
939489,0
939490,0
939491,0
939492,0
939493,0
939494,0
939495,0
939496,0
939497,0
939498,0
939499,0
939500,0
939501,0
939502,0
939503,0
939504,0
939505,0
939506,0
939507,0
939508,0
939509,37
939510,0
939511,0
939512,39
939513,0
939514,0
939515,0
939516,0
939517,0
939518,0
939519,26
939520,0
939521,38
939522,0
939523,0
939524,0
939525,0
939526,0
939527,38
939528,40
939529,0
939530,0
939531,0
939532,0
939533,53
939534,32
939535,0
939536,0
939537,0
939538,0
939539,51
939540,0
939541,0
939542,0
939543,0
939544,0
939545,0
939546,0
939547,0
939548,0
939549,44
939550,23
939551,0
939552,0
939553,0
939554,0
939555,0
939556,0
939557,28
939558,0
939559,0
939560,0
939561,0
939562,0
939563,0
939564,0
939565,0
939566,28
939567,0
939568,0
939569,0
939570,0
939571,46
939572,0
939573,0
939574,0
939575,0
939576,0
939577,0
939578,47
939579,0
939580,0
939581,0
939582,0
939583,0
939584,0
939585,0
939586,0
939587,39
939588,0
939589,0
939590,30
939591,44
939592,0
939593,0
939594,37
939595,0
939596,0
939597,0
939598,0
939599,0
939600,0
939601,0
939602,0
939603,41
939604,0
939605,0
939606,0
939607,0
939608,0
939609,0
939610,48
939611,0
939612,44
939613,0
939614,25
939615,0
939616,0
939617,44
939618,0
939619,0
939620,0
939621,59
939622,0
939623,30
939624,0
939625,0
939626,0
939627,0
939628,0
939629,0
939630,0
939631,0
939632,0
939633,0
939634,0
939635,33
939636,0
939637,0
939638,0
939639,0
939640,0
939641,0
939642,0
939643,0
939644,0
939645,0
939646,0
939647,0
939648,32
939649,0
939650,0
939651,40
939652,35
939653,0
939654,0
939655,0
939656,0
939657,0
939658,41
939659,0
939660,0
939661,42
939662,0
939663,0
939664,0
939665,0
939666,0
939667,0
939668,0
939669,32
939670,22
939671,0
939672,0
939673,0
939674,0
939675,25
939676,0
939677,0
939678,0
939679,43
939680,0
939681,0
939682,0
939683,0
939684,0
939685,0
939686,0
939687,0
939688,0
939689,0
939690,0
939691,0
939692,0
939693,0
939694,0
939695,0
939696,0
939697,0
939698,34
939699,0
939700,0
939701,0
939702,24
939703,0
939704,0
939705,34
939706,0
939707,0
939708,0
939709,0
939710,31
939711,0
939712,0
939713,0
939714,0
939715,41
939716,0
939717,0
939718,41
939719,57
939720,0
939721,0
939722,0
939723,0
939724,0
939725,0
939726,0
939727,0
939728,0
939729,0
939730,0
939731,0
939732,0
939733,0
939734,0
939735,0
939736,0
939737,0
939738,0
939739,0
939740,0
939741,0
939742,0
939743,0
939744,0
939745,0
939746,34
939747,0
939748,0
939749,40
939750,0
939751,0
939752,0
939753,0
939754,26
939755,0
939756,0
939757,0
939758,0
939759,0
939760,0
939761,0
939762,0
939763,0
939764,0
939765,0
939766,0
939767,0
939768,0
939769,0
939770,0
939771,0
939772,0
939773,0
939774,0
939775,0
939776,0
939777,0
939778,47
939779,0
939780,53
939781,0
939782,0
939783,0
939784,0
939785,0
939786,0
939787,31
939788,0
939789,0
939790,0
939791,0
939792,0
939793,32
939794,0
939795,0
939796,0
939797,0
939798,0
939799,0
939800,31
939801,34
939802,49
939803,0
939804,46
939805,0
939806,0
939807,0
939808,0
939809,0
939810,0
939811,0
939812,0
939813,0
939814,0
939815,43
939816,0
939817,0
939818,0
939819,32
939820,0
939821,0
939822,0
939823,0
939824,20
939825,0
939826,0
939827,0
939828,0
939829,0
939830,32
939831,0
939832,0
939833,0
939834,30
939835,0
939836,0
939837,0
939838,0
939839,0
939840,0
939841,0
939842,0
939843,0
939844,0
939845,0
939846,0
939847,0
939848,0
939849,23
939850,24
939851,0
939852,0
939853,0
939854,15
939855,0
939856,0
939857,0
939858,0
939859,28
939860,0
939861,0
939862,0
939863,0
939864,0
939865,0
939866,0
939867,0
939868,0
939869,0
939870,0
939871,26
939872,0
939873,43
939874,38
939875,0
939876,0
939877,0
939878,0
939879,38
939880,31
939881,25
939882,40
939883,0
939884,41
939885,0
939886,0
939887,0
939888,0
939889,0
939890,45
939891,0
939892,0
939893,0
939894,0
939895,0
939896,28
939897,0
939898,0
939899,0
939900,29
939901,0
939902,0
939903,0
939904,0
939905,38
939906,0
939907,0
939908,0
939909,24
939910,0
939911,0
939912,0
939913,0
939914,0
939915,0
939916,0
939917,0
939918,30
939919,0
939920,0
939921,37
939922,50
939923,0
939924,0
939925,38
939926,37
939927,24
939928,0
939929,0
939930,0
939931,0
939932,0
939933,0
939934,0
939935,0
939936,0
939937,0
939938,37
939939,0
939940,0
939941,0
939942,32
939943,0
939944,0
939945,0
939946,27
939947,0
939948,0
939949,31
939950,0
939951,0
939952,0
939953,0
939954,0
939955,0
939956,0
939957,0
939958,25
939959,0
939960,0
939961,0
939962,0
939963,0
939964,37
939965,41
939966,19
939967,0
939968,40
939969,0
939970,51
939971,0
939972,0
939973,0
939974,0
939975,0
939976,0
939977,27
939978,34
939979,0
939980,0
939981,0
939982,20
939983,41
939984,0
939985,0
939986,29
939987,0
939988,0
939989,0
939990,0
939991,0
939992,0
939993,0
939994,0
939995,0
939996,0
939997,0
939998,0
939999,0
940000,0
940001,0
940002,0
940003,0
940004,0
940005,0
940006,0
940007,24
940008,0
940009,25
940010,0
940011,0
940012,24
940013,0
940014,0
940015,40
940016,25
940017,0
940018,23
940019,0
940020,0
940021,28
940022,0
940023,0
940024,30
940025,0
940026,0
940027,0
940028,0
940029,0
940030,0
940031,17
940032,0
940033,27
940034,0
940035,0
940036,23
940037,21
940038,0
940039,27
940040,0
940041,42
940042,0
940043,0
940044,0
940045,0
940046,0
940047,0
940048,0
940049,0
940050,0
940051,0
940052,0
940053,0
940054,40
940055,0
940056,0
940057,20
940058,0
940059,0
940060,0
940061,0
940062,0
940063,0
940064,0
940065,0
940066,37
940067,0
940068,0
940069,0
940070,27
940071,0
940072,29
940073,0
940074,0
940075,0
940076,0
940077,0
940078,0
940079,0
940080,0
940081,0
940082,0
940083,0
940084,0
940085,0
940086,11
940087,0
940088,0
940089,0
940090,0
940091,0
940092,0
940093,0
940094,0
940095,0
940096,0
940097,0
940098,22
940099,0
940100,0
940101,0
940102,0
940103,0
940104,0
940105,0
940106,0
940107,0
940108,0
940109,0
940110,0
940111,0
940112,0
940113,0
940114,26
940115,16
940116,0
940117,0
940118,0
940119,0
940120,0
940121,0
940122,17
940123,0
940124,0
940125,0
940126,0
940127,0
940128,22
940129,16
940130,0
940131,30
940132,0
940133,0
940134,0
940135,0
940136,33
940137,0
940138,0
940139,0
940140,0
940141,33
940142,0
940143,0
940144,0
940145,23
940146,0
940147,0
940148,0
940149,0
940150,0
940151,0
940152,21
940153,41
940154,0
940155,29
940156,0
940157,0
940158,0
940159,0
940160,0
940161,0
940162,0
940163,0
940164,0
940165,28
940166,0
940167,0
940168,0
940169,30
940170,0
940171,0
940172,0
940173,0
940174,27
940175,27
940176,0
940177,0
940178,22
940179,0
940180,0
940181,0
940182,30
940183,0
940184,0
940185,0
940186,0
940187,32
940188,0
940189,0
940190,0
940191,0
940192,0
940193,0
940194,0
940195,0
940196,0
940197,0
940198,0
940199,0
940200,0
940201,0
940202,0
940203,0
940204,0
940205,0
940206,0
940207,0
940208,0
940209,0
940210,0
940211,0
940212,0
940213,0
940214,0
940215,0
940216,0
940217,0
940218,0
940219,0
940220,0
940221,0
940222,13
940223,0
940224,0
940225,0
940226,0
940227,0
940228,0
940229,0
940230,0
940231,22
940232,0
940233,0
940234,0
940235,0
940236,31
940237,0
940238,0
940239,0
940240,0
940241,0
940242,0
940243,25
940244,22
940245,0
940246,0
940247,0
940248,0
940249,0
940250,0
940251,18
940252,0
940253,0
940254,0
940255,0
940256,0
940257,0
940258,0
940259,0
940260,27
940261,0
940262,0
940263,0
940264,0
940265,0
940266,0
940267,0
940268,0
940269,0
940270,0
940271,0
940272,38
940273,24
940274,0
940275,0
940276,0
940277,0
940278,0
940279,0
940280,0
940281,41
940282,0
940283,0
940284,0
940285,0
940286,0
940287,0
940288,0
940289,16
940290,0
940291,0
940292,0
940293,0
940294,0
940295,0
940296,0
940297,0
940298,0
940299,0
940300,0
940301,43
940302,0
940303,0
940304,26
940305,26
940306,0
940307,0
940308,0
940309,0
940310,0
940311,0
940312,38
940313,0
940314,0
940315,0
940316,0
940317,0
940318,0
940319,22
940320,0
940321,0
940322,0
940323,0
940324,0
940325,0
940326,0
940327,0
940328,0
940329,0
940330,0
940331,0
940332,0
940333,0
940334,0
940335,0
940336,25
940337,0
940338,0
940339,0
940340,0
940341,0
940342,0
940343,0
940344,0
940345,0
940346,0
940347,0
940348,16
940349,0
940350,0
940351,0
940352,0
940353,0
940354,0
940355,0
940356,0
940357,0
940358,0
940359,0
940360,24
940361,0
940362,0
940363,42
940364,0
940365,0
940366,0
940367,0
940368,0
940369,0
940370,0
940371,0
940372,0
940373,0
940374,22
940375,0
940376,0
940377,0
940378,0
940379,0
940380,0
940381,0
940382,0
940383,0
940384,0
940385,0
940386,0
940387,0
940388,0
940389,0
940390,0
940391,0
940392,0
940393,0
940394,0
940395,0
940396,25
940397,0
940398,29
940399,0
940400,0
940401,0
940402,0
940403,0
940404,0
940405,0
940406,0
940407,40
940408,23
940409,0
940410,0
940411,0
940412,0
940413,0
940414,0
940415,16
940416,0
940417,0
940418,0
940419,0
940420,0
940421,0
940422,0
940423,0
940424,0
940425,26
940426,0
940427,0
940428,0
940429,0
940430,0
940431,0
940432,0
940433,0
940434,40
940435,0
940436,34
940437,0
940438,0
940439,18
940440,28
940441,0
940442,0
940443,0
940444,0
940445,0
940446,0
940447,27
940448,0
940449,0
940450,20
940451,0
940452,39
940453,0
940454,0
940455,0
940456,0
940457,0
940458,0
940459,0
940460,0
940461,0
940462,0
940463,0
940464,0
940465,23
940466,0
940467,20
940468,0
940469,0
940470,0
940471,0
940472,0
940473,0
940474,0
940475,0
940476,0
940477,0
940478,0
940479,26
940480,0
940481,0
940482,0
940483,0
940484,38
940485,0
940486,0
940487,0
940488,0
940489,0
940490,0
940491,0
940492,0
940493,16
940494,0
940495,0
940496,0
940497,0
940498,0
940499,0
940500,0
940501,0
940502,0
940503,0
940504,0
940505,28
940506,0
940507,0
940508,0
940509,0
940510,18
940511,0
940512,0
940513,0
940514,0
940515,0
940516,0
940517,27
940518,0
940519,0
940520,0
940521,0
940522,0
940523,0
940524,0
940525,0
940526,0
940527,0
940528,0
940529,0
940530,33
940531,0
940532,0
940533,0
940534,0
940535,0
940536,0
940537,0
940538,21
940539,0
940540,0
940541,0
940542,0
940543,0
940544,0
940545,0
940546,0
940547,0
940548,0
940549,0
940550,24
940551,18
940552,0
940553,0
940554,0
940555,0
940556,0
940557,0
940558,0
940559,0
940560,0
940561,0
940562,0
940563,30
940564,0
940565,0
940566,0
940567,0
940568,0
940569,0
940570,0
940571,0
940572,0
940573,0
940574,0
940575,0
940576,0
940577,0
940578,0
940579,0
940580,0
940581,0
940582,0
940583,0
940584,0
940585,0
940586,0
940587,0
940588,0
940589,0
940590,0
940591,0
940592,0
940593,0
940594,0
940595,0
940596,0
940597,0
940598,0
940599,0
940600,0
940601,0
940602,0
940603,0
940604,0
940605,0
940606,0
940607,0
940608,0
940609,0
940610,0
940611,0
940612,0
940613,0
940614,0
940615,0
940616,0
940617,0
940618,0
940619,0
940620,0
940621,0
940622,24
940623,0
940624,0
940625,0
940626,0
940627,0
940628,0
940629,0
940630,0
940631,0
940632,0
940633,0
940634,0
940635,0
940636,0
940637,0
940638,0
940639,0
940640,0
940641,0
940642,0
940643,0
940644,0
940645,0
940646,0
940647,0
940648,0
940649,0
940650,0
940651,0
940652,0
940653,0
940654,0
940655,0
940656,0
940657,43
940658,0
940659,40
940660,0
940661,0
940662,0
940663,0
940664,0
940665,0
940666,15
940667,0
940668,0
940669,0
940670,0
940671,0
940672,0
940673,0
940674,0
940675,0
940676,0
940677,0
940678,0
940679,0
940680,0
940681,0
940682,0
940683,0
940684,0
940685,0
940686,0
940687,0
940688,0
940689,0
940690,0
940691,0
940692,0
940693,0
940694,0
940695,0
940696,0
940697,0
940698,0
940699,35
940700,0
940701,0
940702,0
940703,0
940704,0
940705,0
940706,42
940707,0
940708,0
940709,0
940710,0
940711,0
940712,0
940713,0
940714,0
940715,32
940716,0
940717,0
940718,0
940719,0
940720,0
940721,0
940722,0
940723,0
940724,0
940725,37
940726,0
940727,0
940728,0
940729,0
940730,0
940731,0
940732,0
940733,0
940734,0
940735,0
940736,0
940737,0
940738,0
940739,0
940740,0
940741,0
940742,0
940743,0
940744,0
940745,0
940746,0
940747,0
940748,0
940749,0
940750,0
940751,0
940752,28
940753,0
940754,0
940755,0
940756,0
940757,39
940758,0
940759,0
940760,0
940761,0
940762,0
940763,0
940764,0
940765,0
940766,0
940767,0
940768,0
940769,0
940770,0
940771,0
940772,0
940773,0
940774,0
940775,0
940776,0
940777,0
940778,0
940779,0
940780,0
940781,0
940782,0
940783,0
940784,0
940785,0
940786,0
940787,0
940788,0
940789,0
940790,0
940791,0
940792,0
940793,0
940794,0
940795,0
940796,0
940797,0
940798,0
940799,0
940800,0
940801,0
940802,0
940803,0
940804,0
940805,0
940806,0
940807,0
940808,0
940809,0
940810,0
940811,0
940812,0
940813,0
940814,0
940815,0
940816,0
940817,0
940818,0
940819,0
940820,0
940821,0
940822,0
940823,0
940824,0
940825,0
940826,0
940827,0
940828,0
940829,0
940830,0
940831,0
940832,0
940833,0
940834,0
940835,0
940836,0
940837,0
940838,0
940839,0
940840,0
940841,0
940842,0
940843,0
940844,0
940845,0
940846,0
940847,0
940848,0
940849,0
940850,49
940851,0
940852,0
940853,0
940854,0
940855,0
940856,0
940857,0
940858,22
940859,0
940860,0
940861,0
940862,0
940863,0
940864,0
940865,0
940866,0
940867,0
940868,0
940869,0
940870,0
940871,0
940872,0
940873,0
940874,0
940875,0
940876,28
940877,0
940878,0
940879,0
940880,0
940881,0
940882,0
940883,0
940884,0
940885,32
940886,0
940887,0
940888,0
940889,0
940890,0
940891,0
940892,0
940893,0
940894,0
940895,0
940896,0
940897,0
940898,0
940899,0
940900,0
940901,0
940902,0
940903,0
940904,0
940905,0
940906,0
940907,0
940908,0
940909,0
940910,0
940911,0
940912,0
940913,0
940914,0
940915,0
940916,0
940917,0
940918,0
940919,0
940920,0
940921,0
940922,0
940923,0
940924,0
940925,0
940926,0
940927,0
940928,0
940929,28
940930,0
940931,33
940932,34
940933,0
940934,0
940935,0
940936,0
940937,0
940938,0
940939,0
940940,0
940941,0
940942,25
940943,36
940944,0
940945,0
940946,0
940947,0
940948,0
940949,0
940950,0
940951,0
940952,0
940953,0
940954,0
940955,0
940956,0
940957,0
940958,0
940959,37
940960,0
940961,29
940962,0
940963,0
940964,0
940965,0
940966,0
940967,0
940968,0
940969,0
940970,0
940971,35
940972,37
940973,0
940974,29
940975,0
940976,0
940977,0
940978,0
940979,0
940980,0
940981,0
940982,0
940983,0
940984,0
940985,0
940986,0
940987,0
940988,0
940989,0
940990,0
940991,0
940992,0
940993,0
940994,0
940995,46
940996,0
940997,0
940998,0
940999,0
941000,0
941001,32
941002,0
941003,0
941004,0
941005,0
941006,0
941007,0
941008,0
941009,0
941010,0
941011,14
941012,0
941013,0
941014,0
941015,0
941016,0
941017,0
941018,0
941019,0
941020,0
941021,0
941022,0
941023,0
941024,31
941025,0
941026,0
941027,0
941028,0
941029,0
941030,0
941031,0
941032,0
941033,0
941034,0
941035,0
941036,28
941037,0
941038,0
941039,0
941040,0
941041,0
941042,0
941043,0
941044,0
941045,0
941046,0
941047,0
941048,0
941049,0
941050,0
941051,0
941052,0
941053,0
941054,0
941055,0
941056,0
941057,40
941058,0
941059,32
941060,0
941061,0
941062,0
941063,0
941064,0
941065,0
941066,0
941067,0
941068,0
941069,0
941070,0
941071,0
941072,0
941073,0
941074,0
941075,0
941076,0
941077,0
941078,0
941079,0
941080,35
941081,0
941082,0
941083,0
941084,0
941085,0
941086,0
941087,0
941088,33
941089,0
941090,0
941091,0
941092,0
941093,0
941094,0
941095,0
941096,0
941097,0
941098,0
941099,0
941100,0
941101,0
941102,0
941103,0
941104,0
941105,0
941106,0
941107,0
941108,0
941109,18
941110,0
941111,0
941112,0
941113,0
941114,0
941115,0
941116,0
941117,0
941118,0
941119,0
941120,0
941121,0
941122,0
941123,0
941124,0
941125,0
941126,0
941127,0
941128,0
941129,0
941130,0
941131,0
941132,0
941133,0
941134,0
941135,0
941136,0
941137,0
941138,0
941139,0
941140,0
941141,0
941142,0
941143,0
941144,0
941145,0
941146,0
941147,0
941148,0
941149,0
941150,0
941151,0
941152,0
941153,0
941154,0
941155,0
941156,0
941157,0
941158,0
941159,0
941160,0
941161,0
941162,0
941163,0
941164,0
941165,0
941166,0
941167,0
941168,0
941169,0
941170,0
941171,0
941172,27
941173,0
941174,0
941175,0
941176,43
941177,0
941178,0
941179,0
941180,0
941181,0
941182,0
941183,0
941184,0
941185,0
941186,0
941187,0
941188,0
941189,0
941190,0
941191,0
941192,0
941193,0
941194,0
941195,0
941196,0
941197,0
941198,0
941199,0
941200,0
941201,0
941202,0
941203,0
941204,0
941205,0
941206,0
941207,0
941208,0
941209,0
941210,0
941211,0
941212,0
941213,0
941214,0
941215,0
941216,0
941217,0
941218,0
941219,0
941220,0
941221,0
941222,0
941223,0
941224,0
941225,0
941226,0
941227,0
941228,0
941229,55
941230,0
941231,0
941232,0
941233,0
941234,0
941235,0
941236,0
941237,0
941238,0
941239,0
941240,0
941241,0
941242,0
941243,0
941244,0
941245,0
941246,0
941247,0
941248,0
941249,0
941250,0
941251,0
941252,0
941253,0
941254,0
941255,0
941256,0
941257,0
941258,0
941259,0
941260,0
941261,0
941262,0
941263,0
941264,0
941265,0
941266,45
941267,0
941268,0
941269,0
941270,0
941271,0
941272,0
941273,0
941274,0
941275,0
941276,0
941277,0
941278,0
941279,0
941280,0
941281,0
941282,0
941283,35
941284,32
941285,0
941286,0
941287,0
941288,0
941289,0
941290,0
941291,0
941292,0
941293,0
941294,0
941295,0
941296,0
941297,0
941298,0
941299,0
941300,0
941301,0
941302,0
941303,32
941304,0
941305,0
941306,0
941307,0
941308,60
941309,0
941310,28
941311,0
941312,29
941313,21
941314,0
941315,29
941316,0
941317,0
941318,15
941319,0
941320,0
941321,0
941322,33
941323,33
941324,0
941325,0
941326,0
941327,0
941328,0
941329,0
941330,12
941331,0
941332,16
941333,0
941334,0
941335,0
941336,0
941337,0
941338,24
941339,0
941340,0
941341,0
941342,0
941343,13
941344,0
941345,24
941346,11
941347,26
941348,0
941349,0
941350,21
941351,32
941352,18
941353,0
941354,0
941355,0
941356,0
941357,34
941358,0
941359,0
941360,34
941361,0
941362,0
941363,0
941364,0
941365,0
941366,0
941367,48
941368,0
941369,0
941370,39
941371,0
941372,26
941373,21
941374,27
941375,0
941376,30
941377,0
941378,38
941379,0
941380,34
941381,0
941382,37
941383,0
941384,16
941385,0
941386,0
941387,0
941388,9
941389,0
941390,0
941391,0
941392,0
941393,0
941394,0
941395,0
941396,0
941397,0
941398,0
941399,0
941400,0
941401,0
941402,0
941403,18
941404,0
941405,24
941406,0
941407,0
941408,36
941409,29
941410,18
941411,0
941412,0
941413,0
941414,0
941415,0
941416,0
941417,30
941418,0
941419,0
941420,35
941421,0
941422,0
941423,22
941424,0
941425,28
941426,29
941427,0
941428,21
941429,0
941430,0
941431,19
941432,0
941433,0
941434,0
941435,0
941436,0
941437,30
941438,0
941439,0
941440,27
941441,24
941442,33
941443,0
941444,0
941445,0
941446,0
941447,0
941448,0
941449,0
941450,26
941451,21
941452,31
941453,29
941454,0
941455,0
941456,0
941457,0
941458,0
941459,0
941460,0
941461,0
941462,0
941463,19
941464,26
941465,0
941466,0
941467,0
941468,39
941469,0
941470,24
941471,28
941472,35
941473,0
941474,18
941475,19
941476,0
941477,0
941478,21
941479,0
941480,36
941481,22
941482,0
941483,0
941484,0
941485,0
941486,0
941487,35
941488,0
941489,32
941490,0
941491,0
941492,0
941493,0
941494,0
941495,17
941496,0
941497,0
941498,0
941499,21
941500,20
941501,0
941502,0
941503,0
941504,26
941505,0
941506,29
941507,0
941508,0
941509,0
941510,0
941511,40
941512,0
941513,0
941514,0
941515,0
941516,0
941517,0
941518,0
941519,0
941520,0
941521,0
941522,0
941523,26
941524,40
941525,0
941526,0
941527,0
941528,28
941529,0
941530,15
941531,0
941532,0
941533,0
941534,0
941535,0
941536,0
941537,0
941538,17
941539,0
941540,35
941541,0
941542,0
941543,0
941544,0
941545,19
941546,37
941547,0
941548,0
941549,0
941550,41
941551,0
941552,56
941553,27
941554,0
941555,18
941556,0
941557,18
941558,23
941559,41
941560,0
941561,0
941562,32
941563,0
941564,0
941565,0
941566,26
941567,0
941568,0
941569,0
941570,0
941571,0
941572,0
941573,0
941574,0
941575,0
941576,33
941577,0
941578,0
941579,0
941580,0
941581,0
941582,0
941583,13
941584,32
941585,20
941586,23
941587,0
941588,0
941589,0
941590,0
941591,28
941592,0
941593,49
941594,0
941595,38
941596,34
941597,18
941598,0
941599,0
941600,0
941601,0
941602,35
941603,0
941604,36
941605,22
941606,0
941607,0
941608,0
941609,0
941610,0
941611,0
941612,0
941613,0
941614,15
941615,29
941616,0
941617,0
941618,0
941619,10
941620,0
941621,29
941622,0
941623,0
941624,30
941625,0
941626,21
941627,0
941628,0
941629,0
941630,26
941631,24
941632,0
941633,24
941634,19
941635,29
941636,0
941637,0
941638,0
941639,0
941640,0
941641,0
941642,0
941643,0
941644,0
941645,0
941646,0
941647,29
941648,0
941649,38
941650,21
941651,0
941652,0
941653,0
941654,0
941655,0
941656,21
941657,0
941658,0
941659,0
941660,22
941661,0
941662,0
941663,0
941664,40
941665,0
941666,20
941667,26
941668,39
941669,0
941670,0
941671,0
941672,0
941673,0
941674,0
941675,0
941676,0
941677,20
941678,0
941679,32
941680,0
941681,0
941682,0
941683,0
941684,36
941685,0
941686,0
941687,0
941688,0
941689,0
941690,0
941691,0
941692,0
941693,0
941694,0
941695,0
941696,0
941697,0
941698,0
941699,0
941700,21
941701,0
941702,0
941703,0
941704,0
941705,0
941706,23
941707,0
941708,0
941709,0
941710,0
941711,0
941712,0
941713,0
941714,0
941715,0
941716,0
941717,0
941718,0
941719,26
941720,0
941721,0
941722,22
941723,0
941724,0
941725,31
941726,20
941727,0
941728,25
941729,0
941730,0
941731,0
941732,0
941733,0
941734,32
941735,0
941736,0
941737,0
941738,0
941739,0
941740,20
941741,0
941742,0
941743,0
941744,0
941745,0
941746,0
941747,0
941748,0
941749,0
941750,0
941751,0
941752,25
941753,0
941754,0
941755,0
941756,19
941757,0
941758,0
941759,0
941760,46
941761,0
941762,0
941763,0
941764,36
941765,0
941766,0
941767,0
941768,0
941769,21
941770,31
941771,0
941772,24
941773,0
941774,37
941775,0
941776,21
941777,0
941778,0
941779,0
941780,0
941781,18
941782,0
941783,33
941784,30
941785,0
941786,0
941787,0
941788,0
941789,0
941790,0
941791,32
941792,0
941793,24
941794,29
941795,26
941796,0
941797,32
941798,10
941799,0
941800,0
941801,16
941802,16
941803,0
941804,28
941805,0
941806,0
941807,0
941808,0
941809,0
941810,0
941811,0
941812,0
941813,0
941814,16
941815,32
941816,0
941817,0
941818,0
941819,0
941820,0
941821,22
941822,0
941823,0
941824,34
941825,0
941826,19
941827,0
941828,0
941829,0
941830,23
941831,0
941832,0
941833,0
941834,17
941835,0
941836,0
941837,17
941838,29
941839,0
941840,0
941841,0
941842,0
941843,0
941844,21
941845,0
941846,27
941847,0
941848,18
941849,0
941850,30
941851,0
941852,25
941853,0
941854,36
941855,0
941856,0
941857,29
941858,0
941859,27
941860,23
941861,29
941862,0
941863,0
941864,0
941865,0
941866,0
941867,27
941868,0
941869,47
941870,0
941871,0
941872,0
941873,0
941874,12
941875,0
941876,30
941877,0
941878,0
941879,26
941880,0
941881,0
941882,0
941883,0
941884,0
941885,16
941886,0
941887,0
941888,0
941889,18
941890,0
941891,0
941892,25
941893,23
941894,0
941895,23
941896,30
941897,27
941898,37
941899,0
941900,45
941901,33
941902,39
941903,0
941904,0
941905,0
941906,14
941907,31
941908,20
941909,23
941910,23
941911,21
941912,0
941913,0
941914,16
941915,0
941916,0
941917,37
941918,0
941919,39
941920,0
941921,0
941922,32
941923,0
941924,13
941925,0
941926,0
941927,28
941928,0
941929,0
941930,0
941931,0
941932,20
941933,0
941934,34
941935,0
941936,0
941937,0
941938,0
941939,0
941940,0
941941,23
941942,0
941943,0
941944,0
941945,28
941946,0
941947,33
941948,0
941949,0
941950,0
941951,0
941952,0
941953,0
941954,0
941955,0
941956,0
941957,0
941958,0
941959,0
941960,0
941961,0
941962,0
941963,0
941964,28
941965,0
941966,0
941967,0
941968,0
941969,0
941970,0
941971,0
941972,0
941973,0
941974,0
941975,0
941976,0
941977,0
941978,0
941979,0
941980,0
941981,18
941982,0
941983,0
941984,0
941985,0
941986,0
941987,0
941988,0
941989,0
941990,0
941991,31
941992,0
941993,0
941994,0
941995,0
941996,0
941997,28
941998,0
941999,0
942000,0
942001,0
942002,0
942003,0
942004,24
942005,0
942006,0
942007,0
942008,0
942009,0
942010,0
942011,0
942012,0
942013,22
942014,27
942015,0
942016,0
942017,0
942018,0
942019,0
942020,0
942021,0
942022,0
942023,21
942024,0
942025,0
942026,0
942027,27
942028,0
942029,0
942030,38
942031,0
942032,24
942033,0
942034,0
942035,0
942036,0
942037,0
942038,0
942039,0
942040,0
942041,0
942042,0
942043,0
942044,0
942045,0
942046,0
942047,0
942048,0
942049,26
942050,0
942051,0
942052,0
942053,0
942054,0
942055,0
942056,0
942057,24
942058,0
942059,0
942060,0
942061,0
942062,0
942063,0
942064,32
942065,0
942066,0
942067,0
942068,0
942069,0
942070,0
942071,0
942072,0
942073,0
942074,0
942075,0
942076,27
942077,0
942078,0
942079,0
942080,0
942081,0
942082,0
942083,0
942084,0
942085,0
942086,0
942087,22
942088,0
942089,0
942090,0
942091,0
942092,22
942093,0
942094,0
942095,39
942096,26
942097,25
942098,0
942099,0
942100,0
942101,28
942102,0
942103,0
942104,0
942105,0
942106,0
942107,0
942108,27
942109,0
942110,0
942111,0
942112,0
942113,0
942114,33
942115,0
942116,0
942117,0
942118,0
942119,29
942120,0
942121,0
942122,0
942123,0
942124,0
942125,0
942126,23
942127,0
942128,51
942129,0
942130,0
942131,0
942132,0
942133,0
942134,29
942135,0
942136,0
942137,0
942138,0
942139,0
942140,0
942141,0
942142,0
942143,0
942144,0
942145,0
942146,0
942147,28
942148,0
942149,0
942150,20
942151,0
942152,0
942153,0
942154,0
942155,0
942156,0
942157,0
942158,37
942159,0
942160,0
942161,0
942162,0
942163,0
942164,0
942165,0
942166,0
942167,0
942168,0
942169,0
942170,0
942171,0
942172,0
942173,0
942174,0
942175,0
942176,0
942177,0
942178,0
942179,0
942180,0
942181,0
942182,0
942183,0
942184,1
942185,0
942186,0
942187,0
942188,0
942189,0
942190,0
942191,0
942192,0
942193,0
942194,0
942195,0
942196,0
942197,0
942198,0
942199,0
942200,0
942201,0
942202,0
942203,0
942204,0
942205,0
942206,0
942207,0
942208,0
942209,0
942210,0
942211,0
942212,0
942213,0
942214,0
942215,0
942216,0
942217,0
942218,0
942219,0
942220,0
942221,0
942222,0
942223,0
942224,0
942225,0
942226,0
942227,0
942228,0
942229,0
942230,0
942231,0
942232,0
942233,0
942234,0
942235,0
942236,0
942237,0
942238,0
942239,0
942240,0
942241,0
942242,0
942243,0
942244,0
942245,0
942246,0
942247,0
942248,0
942249,0
942250,0
942251,0
942252,0
942253,0
942254,0
942255,0
942256,0
942257,0
942258,0
942259,0
942260,0
942261,0
942262,0
942263,0
942264,0
942265,0
942266,0
942267,0
942268,0
942269,0
942270,0
942271,0
942272,0
942273,0
942274,0
942275,0
942276,0
942277,0
942278,0
942279,0
942280,0
942281,0
942282,0
942283,0
942284,0
942285,0
942286,0
942287,0
942288,0
942289,0
942290,0
942291,0
942292,0
942293,0
942294,0
942295,0
942296,0
942297,0
942298,0
942299,0
942300,0
942301,0
942302,0
942303,0
942304,0
942305,0
942306,0
942307,0
942308,0
942309,0
942310,0
942311,0
942312,0
942313,0
942314,0
942315,0
942316,0
942317,0
942318,0
942319,0
942320,0
942321,0
942322,0
942323,0
942324,0
942325,0
942326,0
942327,0
942328,0
942329,0
942330,0
942331,0
942332,0
942333,0
942334,0
942335,0
942336,0
942337,0
942338,0
942339,0
942340,0
942341,0
942342,0
942343,0
942344,0
942345,0
942346,0
942347,0
942348,0
942349,0
942350,0
942351,0
942352,0
942353,0
942354,0
942355,0
942356,0
942357,0
942358,0
942359,0
942360,0
942361,0
942362,0
942363,0
942364,1
942365,0
942366,1
942367,0
942368,0
942369,0
942370,0
942371,0
942372,0
942373,0
942374,0
942375,0
942376,0
942377,0
942378,0
942379,0
942380,0
942381,0
942382,0
942383,0
942384,0
942385,0
942386,0
942387,0
942388,0
942389,0
942390,0
942391,0
942392,0
942393,0
942394,0
942395,0
942396,0
942397,0
942398,0
942399,0
942400,0
942401,0
942402,0
942403,0
942404,0
942405,0
942406,0
942407,0
942408,0
942409,0
942410,0
942411,0
942412,0
942413,0
942414,0
942415,0
942416,0
942417,0
942418,0
942419,0
942420,0
942421,0
942422,0
942423,0
942424,0
942425,0
942426,0
942427,0
942428,0
942429,0
942430,0
942431,0
942432,0
942433,0
942434,0
942435,0
942436,0
942437,0
942438,0
942439,0
942440,0
942441,0
942442,0
942443,0
942444,0
942445,0
942446,0
942447,0
942448,0
942449,0
942450,0
942451,0
942452,0
942453,0
942454,0
942455,0
942456,0
942457,0
942458,0
942459,0
942460,0
942461,0
942462,0
942463,0
942464,0
942465,0
942466,0
942467,0
942468,0
942469,0
942470,0
942471,0
942472,0
942473,0
942474,0
942475,0
942476,0
942477,0
942478,0
942479,1
942480,0
942481,0
942482,0
942483,0
942484,0
942485,1
942486,0
942487,0
942488,0
942489,0
942490,0
942491,0
942492,0
942493,0
942494,0
942495,0
942496,0
942497,0
942498,0
942499,0
942500,0
942501,0
942502,0
942503,0
942504,0
942505,0
942506,0
942507,0
942508,0
942509,0
942510,0
942511,0
942512,0
942513,0
942514,0
942515,0
942516,0
942517,0
942518,0
942519,0
942520,0
942521,0
942522,0
942523,0
942524,0
942525,0
942526,0
942527,0
942528,0
942529,0
942530,0
942531,0
942532,0
942533,0
942534,0
942535,0
942536,0
942537,0
942538,0
942539,0
942540,0
942541,0
942542,0
942543,0
942544,0
942545,0
942546,0
942547,0
942548,0
942549,0
942550,0
942551,0
942552,0
942553,0
942554,0
942555,0
942556,0
942557,0
942558,0
942559,0
942560,0
942561,0
942562,0
942563,0
942564,0
942565,0
942566,0
942567,0
942568,0
942569,0
942570,0
942571,0
942572,0
942573,0
942574,0
942575,0
942576,0
942577,0
942578,0
942579,0
942580,0
942581,0
942582,0
942583,0
942584,0
942585,0
942586,0
942587,0
942588,0
942589,1
942590,0
942591,0
942592,0
942593,0
942594,0
942595,0
942596,0
942597,0
942598,0
942599,0
942600,0
942601,0
942602,0
942603,0
942604,0
942605,0
942606,0
942607,0
942608,0
942609,0
942610,0
942611,0
942612,0
942613,0
942614,0
942615,0
942616,0
942617,0
942618,0
942619,0
942620,0
942621,0
942622,0
942623,0
942624,0
942625,0
942626,1
942627,0
942628,0
942629,0
942630,0
942631,0
942632,0
942633,0
942634,0
942635,0
942636,0
942637,0
942638,0
942639,0
942640,0
942641,0
942642,0
942643,0
942644,0
942645,0
942646,0
942647,0
942648,0
942649,0
942650,0
942651,0
942652,0
942653,0
942654,0
942655,0
942656,0
942657,0
942658,0
942659,0
942660,0
942661,0
942662,0
942663,0
942664,0
942665,0
942666,0
942667,0
942668,0
942669,0
942670,0
942671,0
942672,0
942673,0
942674,0
942675,0
942676,0
942677,0
942678,0
942679,0
942680,0
942681,0
942682,0
942683,0
942684,0
942685,1
942686,0
942687,0
942688,0
942689,0
942690,0
942691,0
942692,0
942693,0
942694,0
942695,0
942696,0
942697,0
942698,0
942699,0
942700,0
942701,0
942702,0
942703,0
942704,0
942705,0
942706,0
942707,0
942708,0
942709,0
942710,0
942711,0
942712,0
942713,0
942714,0
942715,0
942716,0
942717,0
942718,0
942719,0
942720,0
942721,0
942722,0
942723,0
942724,0
942725,0
942726,19
942727,0
942728,0
942729,0
942730,0
942731,0
942732,0
942733,32
942734,0
942735,0
942736,0
942737,0
942738,0
942739,0
942740,0
942741,0
942742,0
942743,0
942744,0
942745,26
942746,0
942747,0
942748,0
942749,0
942750,0
942751,0
942752,38
942753,0
942754,0
942755,27
942756,0
942757,0
942758,0
942759,0
942760,0
942761,0
942762,0
942763,0
942764,0
942765,0
942766,0
942767,27
942768,0
942769,45
942770,0
942771,0
942772,0
942773,33
942774,0
942775,27
942776,0
942777,0
942778,0
942779,0
942780,0
942781,0
942782,0
942783,0
942784,0
942785,0
942786,0
942787,22
942788,24
942789,0
942790,0
942791,0
942792,0
942793,0
942794,29
942795,0
942796,0
942797,0
942798,0
942799,0
942800,0
942801,0
942802,23
942803,0
942804,0
942805,0
942806,0
942807,0
942808,0
942809,0
942810,0
942811,18
942812,0
942813,0
942814,0
942815,0
942816,0
942817,0
942818,0
942819,0
942820,0
942821,0
942822,0
942823,0
942824,0
942825,0
942826,0
942827,0
942828,0
942829,0
942830,0
942831,0
942832,0
942833,0
942834,33
942835,0
942836,0
942837,0
942838,32
942839,0
942840,0
942841,0
942842,0
942843,0
942844,0
942845,0
942846,0
942847,0
942848,20
942849,0
942850,0
942851,0
942852,0
942853,0
942854,0
942855,0
942856,0
942857,0
942858,0
942859,0
942860,0
942861,25
942862,0
942863,0
942864,0
942865,21
942866,0
942867,0
942868,35
942869,0
942870,0
942871,0
942872,0
942873,0
942874,21
942875,0
942876,0
942877,0
942878,0
942879,0
942880,0
942881,0
942882,0
942883,0
942884,0
942885,0
942886,0
942887,0
942888,0
942889,0
942890,0
942891,0
942892,0
942893,0
942894,0
942895,0
942896,0
942897,0
942898,0
942899,0
942900,0
942901,0
942902,0
942903,0
942904,0
942905,0
942906,0
942907,0
942908,0
942909,0
942910,0
942911,0
942912,0
942913,0
942914,0
942915,0
942916,0
942917,0
942918,20
942919,0
942920,0
942921,0
942922,0
942923,0
942924,0
942925,0
942926,0
942927,0
942928,0
942929,0
942930,0
942931,0
942932,0
942933,0
942934,0
942935,41
942936,0
942937,0
942938,33
942939,0
942940,0
942941,0
942942,0
942943,0
942944,0
942945,0
942946,0
942947,0
942948,22
942949,0
942950,0
942951,0
942952,52
942953,0
942954,0
942955,26
942956,0
942957,32
942958,0
942959,0
942960,0
942961,0
942962,0
942963,0
942964,0
942965,0
942966,0
942967,0
942968,0
942969,0
942970,0
942971,0
942972,0
942973,0
942974,0
942975,0
942976,0
942977,0
942978,0
942979,0
942980,0
942981,20
942982,0
942983,0
942984,29
942985,0
942986,0
942987,0
942988,0
942989,0
942990,17
942991,0
942992,0
942993,0
942994,0
942995,0
942996,0
942997,0
942998,0
942999,0
943000,0
943001,23
943002,0
943003,0
943004,0
943005,0
943006,0
943007,0
943008,0
943009,0
943010,0
943011,0
943012,0
943013,0
943014,0
943015,0
943016,0
943017,0
943018,0
943019,0
943020,0
943021,0
943022,0
943023,0
943024,0
943025,0
943026,0
943027,0
943028,0
943029,46
943030,0
943031,0
943032,0
943033,0
943034,0
943035,0
943036,0
943037,0
943038,0
943039,0
943040,0
943041,0
943042,0
943043,0
943044,0
943045,0
943046,30
943047,0
943048,0
943049,0
943050,0
943051,0
943052,0
943053,0
943054,21
943055,0
943056,0
943057,0
943058,0
943059,0
943060,0
943061,0
943062,0
943063,28
943064,0
943065,0
943066,0
943067,0
943068,13
943069,18
943070,0
943071,0
943072,0
943073,0
943074,0
943075,0
943076,0
943077,0
943078,0
943079,0
943080,0
943081,0
943082,0
943083,0
943084,0
943085,0
943086,0
943087,0
943088,0
943089,0
943090,0
943091,0
943092,0
943093,0
943094,0
943095,0
943096,0
943097,0
943098,0
943099,0
943100,26
943101,0
943102,0
943103,0
943104,0
943105,0
943106,0
943107,0
943108,0
943109,0
943110,0
943111,0
943112,0
943113,0
943114,0
943115,0
943116,0
943117,41
943118,0
943119,0
943120,0
943121,0
943122,0
943123,0
943124,0
943125,0
943126,0
943127,0
943128,0
943129,0
943130,0
943131,0
943132,0
943133,0
943134,14
943135,0
943136,0
943137,0
943138,0
943139,0
943140,0
943141,0
943142,0
943143,0
943144,0
943145,0
943146,0
943147,0
943148,0
943149,0
943150,0
943151,0
943152,0
943153,46
943154,0
943155,0
943156,0
943157,0
943158,0
943159,0
943160,0
943161,0
943162,0
943163,19
943164,0
943165,0
943166,0
943167,0
943168,0
943169,0
943170,0
943171,0
943172,0
943173,0
943174,0
943175,0
943176,28
943177,0
943178,0
943179,0
943180,0
943181,0
943182,0
943183,0
943184,0
943185,0
943186,0
943187,0
943188,0
943189,0
943190,0
943191,0
943192,28
943193,0
943194,0
943195,0
943196,0
943197,0
943198,0
943199,33
943200,0
943201,0
943202,27
943203,27
943204,31
943205,0
943206,0
943207,0
943208,23
943209,0
943210,0
943211,0
943212,0
943213,0
943214,0
943215,0
943216,0
943217,0
943218,0
943219,0
943220,0
943221,0
943222,0
943223,0
943224,31
943225,0
943226,0
943227,0
943228,0
943229,0
943230,0
943231,0
943232,0
943233,0
943234,0
943235,0
943236,0
943237,0
943238,0
943239,0
943240,25
943241,0
943242,0
943243,22
943244,0
943245,0
943246,0
943247,0
943248,0
943249,0
943250,0
943251,36
943252,0
943253,0
943254,35
943255,0
943256,0
943257,0
943258,0
943259,0
943260,0
943261,0
943262,25
943263,0
943264,0
943265,0
943266,0
943267,0
943268,0
943269,0
943270,0
943271,0
943272,0
943273,0
943274,23
943275,0
943276,0
943277,0
943278,0
943279,43
943280,0
943281,0
943282,25
943283,0
943284,21
943285,0
943286,0
943287,0
943288,0
943289,0
943290,0
943291,0
943292,0
943293,0
943294,0
943295,0
943296,0
943297,0
943298,0
943299,0
943300,0
943301,25
943302,0
943303,0
943304,0
943305,0
943306,0
943307,0
943308,0
943309,0
943310,0
943311,0
943312,0
943313,0
943314,0
943315,0
943316,0
943317,0
943318,0
943319,0
943320,29
943321,0
943322,0
943323,0
943324,0
943325,23
943326,0
943327,0
943328,0
943329,27
943330,0
943331,21
943332,0
943333,0
943334,0
943335,0
943336,0
943337,0
943338,0
943339,0
943340,0
943341,0
943342,0
943343,0
943344,0
943345,0
943346,0
943347,0
943348,0
943349,0
943350,0
943351,0
943352,0
943353,0
943354,0
943355,0
943356,0
943357,0
943358,0
943359,0
943360,0
943361,16
943362,0
943363,0
943364,0
943365,0
943366,0
943367,12
943368,0
943369,0
943370,0
943371,0
943372,0
943373,0
943374,0
943375,0
943376,11
943377,0
943378,0
943379,12
943380,0
943381,0
943382,0
943383,0
943384,0
943385,0
943386,0
943387,0
943388,0
943389,0
943390,0
943391,0
943392,0
943393,13
943394,0
943395,0
943396,0
943397,0
943398,0
943399,0
943400,0
943401,0
943402,0
943403,0
943404,0
943405,0
943406,0
943407,0
943408,0
943409,16
943410,0
943411,0
943412,0
943413,0
943414,0
943415,0
943416,0
943417,12
943418,0
943419,0
943420,0
943421,0
943422,0
943423,0
943424,0
943425,0
943426,0
943427,0
943428,0
943429,0
943430,0
943431,0
943432,16
943433,0
943434,0
943435,0
943436,0
943437,0
943438,11
943439,0
943440,0
943441,0
943442,0
943443,0
943444,0
943445,0
943446,0
943447,0
943448,0
943449,0
943450,10
943451,0
943452,0
943453,0
943454,0
943455,0
943456,0
943457,0
943458,0
943459,0
943460,0
943461,0
943462,0
943463,0
943464,0
943465,0
943466,0
943467,0
943468,0
943469,0
943470,0
943471,0
943472,0
943473,0
943474,0
943475,0
943476,0
943477,0
943478,0
943479,0
943480,0
943481,0
943482,0
943483,14
943484,0
943485,0
943486,14
943487,20
943488,0
943489,0
943490,0
943491,0
943492,0
943493,0
943494,0
943495,0
943496,0
943497,0
943498,0
943499,0
943500,0
943501,0
943502,0
943503,0
943504,0
943505,0
943506,0
943507,0
943508,11
943509,0
943510,0
943511,0
943512,6
943513,0
943514,0
943515,0
943516,0
943517,0
943518,0
943519,16
943520,0
943521,0
943522,10
943523,0
943524,0
943525,17
943526,0
943527,0
943528,0
943529,0
943530,0
943531,0
943532,0
943533,0
943534,0
943535,0
943536,0
943537,0
943538,0
943539,0
943540,0
943541,0
943542,19
943543,15
943544,0
943545,0
943546,17
943547,0
943548,0
943549,0
943550,0
943551,0
943552,0
943553,0
943554,0
943555,0
943556,0
943557,0
943558,0
943559,0
943560,0
943561,0
943562,0
943563,0
943564,0
943565,0
943566,0
943567,0
943568,0
943569,13
943570,0
943571,0
943572,0
943573,0
943574,0
943575,0
943576,0
943577,0
943578,0
943579,0
943580,0
943581,0
943582,0
943583,0
943584,0
943585,10
943586,0
943587,0
943588,9
943589,0
943590,0
943591,0
943592,0
943593,0
943594,7
943595,0
943596,0
943597,0
943598,0
943599,0
943600,0
943601,0
943602,0
943603,0
943604,0
943605,0
943606,0
943607,0
943608,5
943609,11
943610,0
943611,0
943612,0
943613,17
943614,0
943615,0
943616,0
943617,0
943618,0
943619,0
943620,0
943621,0
943622,0
943623,0
943624,16
943625,0
943626,0
943627,13
943628,0
943629,0
943630,0
943631,0
943632,0
943633,0
943634,14
943635,0
943636,0
943637,0
943638,15
943639,0
943640,0
943641,0
943642,0
943643,0
943644,6
943645,0
943646,0
943647,0
943648,0
943649,0
943650,0
943651,0
943652,0
943653,0
943654,0
943655,0
943656,0
943657,6
943658,0
943659,8
943660,0
943661,0
943662,0
943663,0
943664,0
943665,0
943666,0
943667,0
943668,0
943669,0
943670,0
943671,0
943672,0
943673,14
943674,0
943675,0
943676,0
943677,0
943678,0
943679,0
943680,12
943681,0
943682,0
943683,0
943684,0
943685,0
943686,0
943687,0
943688,0
943689,0
943690,0
943691,0
943692,17
943693,0
943694,0
943695,0
943696,0
943697,0
943698,0
943699,0
943700,0
943701,0
943702,16
943703,0
943704,0
943705,0
943706,0
943707,0
943708,0
943709,9
943710,0
943711,0
943712,0
943713,0
943714,0
943715,0
943716,0
943717,0
943718,0
943719,0
943720,0
943721,0
943722,0
943723,0
943724,10
943725,0
943726,0
943727,0
943728,19
943729,14
943730,15
943731,13
943732,0
943733,0
943734,0
943735,0
943736,0
943737,0
943738,10
943739,0
943740,0
943741,12
943742,0
943743,0
943744,13
943745,23
943746,0
943747,0
943748,0
943749,0
943750,0
943751,0
943752,0
943753,0
943754,0
943755,16
943756,0
943757,0
943758,0
943759,0
943760,0
943761,0
943762,0
943763,0
943764,0
943765,0
943766,0
943767,0
943768,0
943769,0
943770,0
943771,0
943772,0
943773,0
943774,11
943775,12
943776,0
943777,0
943778,0
943779,15
943780,0
943781,0
943782,0
943783,0
943784,0
943785,0
943786,0
943787,0
943788,0
943789,0
943790,0
943791,0
943792,0
943793,9
943794,0
943795,12
943796,0
943797,0
943798,0
943799,0
943800,0
943801,16
943802,14
943803,0
943804,0
943805,0
943806,0
943807,0
943808,0
943809,0
943810,0
943811,0
943812,0
943813,0
943814,0
943815,0
943816,0
943817,0
943818,16
943819,0
943820,0
943821,0
943822,0
943823,10
943824,0
943825,0
943826,5
943827,0
943828,0
943829,0
943830,0
943831,0
943832,0
943833,0
943834,0
943835,0
943836,0
943837,9
943838,0
943839,0
943840,10
943841,0
943842,0
943843,0
943844,0
943845,0
943846,10
943847,0
943848,0
943849,0
943850,0
943851,0
943852,0
943853,0
943854,0
943855,0
943856,0
943857,0
943858,0
943859,0
943860,0
943861,0
943862,0
943863,0
943864,0
943865,14
943866,0
943867,0
943868,0
943869,11
943870,0
943871,0
943872,6
943873,0
943874,0
943875,0
943876,0
943877,0
943878,0
943879,0
943880,0
943881,0
943882,11
943883,0
943884,17
943885,0
943886,0
943887,0
943888,0
943889,0
943890,0
943891,8
943892,0
943893,0
943894,0
943895,0
943896,0
943897,0
943898,0
943899,0
943900,13
943901,0
943902,0
943903,0
943904,0
943905,16
943906,0
943907,12
943908,0
943909,0
943910,0
943911,0
943912,0
943913,0
943914,0
943915,0
943916,0
943917,0
943918,0
943919,14
943920,0
943921,0
943922,0
943923,0
943924,0
943925,0
943926,0
943927,6
943928,0
943929,0
943930,15
943931,0
943932,8
943933,0
943934,0
943935,0
943936,0
943937,0
943938,0
943939,0
943940,0
943941,0
943942,0
943943,0
943944,0
943945,0
943946,0
943947,0
943948,0
943949,10
943950,0
943951,0
943952,0
943953,0
943954,0
943955,0
943956,0
943957,0
943958,0
943959,0
943960,20
943961,0
943962,13
943963,0
943964,0
943965,12
943966,0
943967,15
943968,0
943969,0
943970,0
943971,11
943972,0
943973,0
943974,0
943975,0
943976,0
943977,0
943978,0
943979,2
943980,0
943981,0
943982,11
943983,13
943984,0
943985,0
943986,0
943987,9
943988,7
943989,0
943990,0
943991,0
943992,0
943993,0
943994,0
943995,0
943996,0
943997,0
943998,0
943999,0
944000,0
944001,0
944002,0
944003,0
944004,11
944005,0
944006,0
944007,0
944008,0
944009,0
944010,0
944011,16
944012,0
944013,0
944014,21
944015,0
944016,0
944017,0
944018,0
944019,0
944020,0
944021,0
944022,0
944023,0
944024,18
944025,17
944026,0
944027,0
944028,0
944029,0
944030,0
944031,0
944032,10
944033,0
944034,0
944035,0
944036,0
944037,0
944038,0
944039,0
944040,6
944041,0
944042,0
944043,0
944044,0
944045,14
944046,13
944047,0
944048,0
944049,0
944050,0
944051,0
944052,0
944053,0
944054,0
944055,15
944056,11
944057,0
944058,0
944059,0
944060,0
944061,0
944062,0
944063,0
944064,0
944065,0
944066,0
944067,0
944068,0
944069,0
944070,16
944071,0
944072,0
944073,0
944074,0
944075,0
944076,0
944077,7
944078,0
944079,0
944080,0
944081,0
944082,0
944083,0
944084,0
944085,0
944086,24
944087,0
944088,0
944089,0
944090,0
944091,0
944092,0
944093,36
944094,0
944095,0
944096,0
944097,0
944098,22
944099,0
944100,0
944101,0
944102,22
944103,0
944104,0
944105,0
944106,12
944107,0
944108,0
944109,0
944110,28
944111,34
944112,0
944113,0
944114,0
944115,0
944116,0
944117,0
944118,0
944119,0
944120,0
944121,0
944122,0
944123,0
944124,0
944125,0
944126,0
944127,0
944128,0
944129,0
944130,0
944131,0
944132,0
944133,0
944134,0
944135,0
944136,0
944137,0
944138,0
944139,0
944140,0
944141,0
944142,0
944143,0
944144,0
944145,0
944146,0
944147,0
944148,0
944149,0
944150,19
944151,0
944152,0
944153,0
944154,0
944155,0
944156,28
944157,0
944158,0
944159,0
944160,0
944161,0
944162,0
944163,0
944164,0
944165,0
944166,0
944167,0
944168,0
944169,0
944170,0
944171,0
944172,0
944173,0
944174,0
944175,0
944176,0
944177,0
944178,0
944179,0
944180,0
944181,0
944182,0
944183,0
944184,0
944185,0
944186,0
944187,0
944188,0
944189,0
944190,0
944191,0
944192,0
944193,0
944194,0
944195,0
944196,0
944197,0
944198,20
944199,0
944200,0
944201,0
944202,0
944203,0
944204,0
944205,0
944206,0
944207,0
944208,0
944209,0
944210,0
944211,0
944212,0
944213,0
944214,0
944215,0
944216,0
944217,0
944218,0
944219,0
944220,0
944221,0
944222,0
944223,0
944224,0
944225,0
944226,0
944227,0
944228,0
944229,0
944230,17
944231,0
944232,0
944233,0
944234,0
944235,0
944236,0
944237,0
944238,0
944239,0
944240,0
944241,0
944242,0
944243,0
944244,0
944245,0
944246,0
944247,0
944248,0
944249,0
944250,0
944251,0
944252,0
944253,0
944254,0
944255,0
944256,0
944257,0
944258,0
944259,0
944260,0
944261,0
944262,0
944263,0
944264,0
944265,0
944266,0
944267,0
944268,0
944269,0
944270,0
944271,0
944272,0
944273,0
944274,0
944275,0
944276,0
944277,0
944278,0
944279,0
944280,0
944281,0
944282,0
944283,0
944284,0
944285,0
944286,22
944287,0
944288,0
944289,0
944290,0
944291,0
944292,0
944293,0
944294,0
944295,0
944296,0
944297,0
944298,0
944299,0
944300,0
944301,0
944302,0
944303,0
944304,0
944305,0
944306,0
944307,0
944308,0
944309,0
944310,23
944311,0
944312,0
944313,0
944314,0
944315,0
944316,0
944317,0
944318,0
944319,0
944320,42
944321,0
944322,0
944323,0
944324,26
944325,0
944326,0
944327,0
944328,0
944329,0
944330,0
944331,0
944332,0
944333,0
944334,0
944335,0
944336,0
944337,0
944338,31
944339,0
944340,0
944341,19
944342,0
944343,0
944344,0
944345,0
944346,0
944347,0
944348,21
944349,0
944350,0
944351,0
944352,0
944353,0
944354,0
944355,0
944356,0
944357,27
944358,0
944359,0
944360,0
944361,0
944362,0
944363,0
944364,0
944365,23
944366,0
944367,0
944368,0
944369,0
944370,24
944371,0
944372,0
944373,0
944374,21
944375,0
944376,0
944377,0
944378,0
944379,0
944380,0
944381,0
944382,0
944383,0
944384,0
944385,0
944386,0
944387,24
944388,0
944389,0
944390,0
944391,0
944392,0
944393,0
944394,0
944395,0
944396,0
944397,20
944398,0
944399,0
944400,0
944401,0
944402,0
944403,21
944404,0
944405,0
944406,0
944407,28
944408,0
944409,0
944410,0
944411,0
944412,25
944413,0
944414,0
944415,0
944416,0
944417,0
944418,0
944419,0
944420,0
944421,0
944422,0
944423,0
944424,0
944425,0
944426,0
944427,0
944428,0
944429,0
944430,0
944431,0
944432,0
944433,0
944434,0
944435,0
944436,0
944437,0
944438,0
944439,0
944440,0
944441,0
944442,0
944443,0
944444,0
944445,0
944446,0
944447,0
944448,0
944449,0
944450,27
944451,0
944452,0
944453,0
944454,0
944455,0
944456,0
944457,0
944458,0
944459,0
944460,0
944461,31
944462,0
944463,28
944464,0
944465,0
944466,0
944467,0
944468,0
944469,0
944470,0
944471,0
944472,0
944473,0
944474,0
944475,0
944476,0
944477,0
944478,0
944479,0
944480,0
944481,0
944482,0
944483,0
944484,0
944485,0
944486,0
944487,0
944488,0
944489,0
944490,0
944491,0
944492,0
944493,0
944494,0
944495,0
944496,0
944497,0
944498,0
944499,0
944500,0
944501,0
944502,0
944503,0
944504,0
944505,0
944506,0
944507,0
944508,0
944509,0
944510,0
944511,0
944512,0
944513,18
944514,19
944515,0
944516,0
944517,0
944518,0
944519,0
944520,0
944521,0
944522,0
944523,0
944524,0
944525,0
944526,22
944527,0
944528,0
944529,0
944530,0
944531,0
944532,0
944533,0
944534,0
944535,0
944536,0
944537,33
944538,0
944539,0
944540,0
944541,0
944542,0
944543,0
944544,0
944545,0
944546,0
944547,0
944548,0
944549,0
944550,0
944551,0
944552,0
944553,0
944554,0
944555,0
944556,0
944557,0
944558,0
944559,0
944560,0
944561,0
944562,0
944563,0
944564,19
944565,22
944566,0
944567,23
944568,0
944569,0
944570,0
944571,0
944572,26
944573,0
944574,0
944575,0
944576,0
944577,0
944578,0
944579,0
944580,0
944581,24
944582,26
944583,27
944584,0
944585,0
944586,19
944587,0
944588,0
944589,0
944590,0
944591,0
944592,0
944593,0
944594,0
944595,0
944596,30
944597,20
944598,0
944599,0
944600,0
944601,0
944602,0
944603,0
944604,0
944605,27
944606,0
944607,0
944608,0
944609,20
944610,0
944611,0
944612,0
944613,0
944614,0
944615,0
944616,0
944617,0
944618,0
944619,0
944620,0
944621,0
944622,0
944623,0
944624,0
944625,0
944626,0
944627,0
944628,13
944629,0
944630,0
944631,0
944632,0
944633,0
944634,0
944635,0
944636,15
944637,0
944638,0
944639,0
944640,0
944641,15
944642,0
944643,0
944644,0
944645,29
944646,0
944647,0
944648,0
944649,0
944650,17
944651,0
944652,13
944653,0
944654,0
944655,17
944656,0
944657,0
944658,0
944659,0
944660,0
944661,0
944662,0
944663,0
944664,0
944665,0
944666,0
944667,0
944668,0
944669,0
944670,0
944671,0
944672,0
944673,0
944674,19
944675,0
944676,0
944677,0
944678,0
944679,0
944680,0
944681,0
944682,0
944683,0
944684,18
944685,0
944686,0
944687,0
944688,0
944689,30
944690,0
944691,0
944692,0
944693,0
944694,0
944695,0
944696,0
944697,0
944698,23
944699,0
944700,0
944701,14
944702,0
944703,18
944704,0
944705,0
944706,0
944707,0
944708,0
944709,0
944710,0
944711,0
944712,0
944713,0
944714,0
944715,0
944716,18
944717,0
944718,0
944719,27
944720,18
944721,0
944722,0
944723,0
944724,0
944725,0
944726,0
944727,0
944728,0
944729,0
944730,19
944731,0
944732,0
944733,0
944734,0
944735,19
944736,0
944737,0
944738,15
944739,0
944740,0
944741,0
944742,0
944743,0
944744,0
944745,0
944746,0
944747,20
944748,0
944749,0
944750,21
944751,28
944752,0
944753,0
944754,0
944755,0
944756,30
944757,0
944758,0
944759,0
944760,0
944761,32
944762,0
944763,0
944764,0
944765,0
944766,0
944767,0
944768,0
944769,26
944770,0
944771,0
944772,0
944773,0
944774,0
944775,0
944776,0
944777,0
944778,0
944779,0
944780,0
944781,0
944782,42
944783,0
944784,0
944785,0
944786,0
944787,0
944788,0
944789,0
944790,0
944791,0
944792,0
944793,0
944794,0
944795,0
944796,9
944797,0
944798,0
944799,0
944800,0
944801,0
944802,23
944803,0
944804,0
944805,0
944806,0
944807,0
944808,0
944809,0
944810,0
944811,0
944812,28
944813,0
944814,0
944815,0
944816,0
944817,0
944818,0
944819,0
944820,0
944821,0
944822,0
944823,0
944824,0
944825,0
944826,0
944827,0
944828,25
944829,0
944830,0
944831,0
944832,23
944833,0
944834,20
944835,0
944836,0
944837,0
944838,0
944839,0
944840,0
944841,0
944842,0
944843,0
944844,0
944845,0
944846,0
944847,20
944848,22
944849,0
944850,10
944851,0
944852,0
944853,27
944854,0
944855,0
944856,0
944857,0
944858,0
944859,29
944860,0
944861,0
944862,34
944863,0
944864,0
944865,24
944866,0
944867,0
944868,0
944869,15
944870,0
944871,22
944872,0
944873,0
944874,0
944875,0
944876,25
944877,0
944878,0
944879,0
944880,0
944881,0
944882,0
944883,0
944884,19
944885,0
944886,31
944887,0
944888,0
944889,0
944890,0
944891,0
944892,25
944893,25
944894,0
944895,0
944896,0
944897,17
944898,0
944899,0
944900,0
944901,0
944902,0
944903,0
944904,0
944905,0
944906,0
944907,22
944908,0
944909,0
944910,0
944911,0
944912,0
944913,26
944914,0
944915,0
944916,18
944917,0
944918,0
944919,25
944920,0
944921,0
944922,0
944923,0
944924,0
944925,0
944926,0
944927,23
944928,0
944929,0
944930,20
944931,0
944932,25
944933,0
944934,0
944935,0
944936,26
944937,28
944938,0
944939,0
944940,0
944941,0
944942,21
944943,0
944944,0
944945,15
944946,0
944947,0
944948,29
944949,0
944950,0
944951,0
944952,0
944953,0
944954,0
944955,0
944956,22
944957,29
944958,0
944959,26
944960,0
944961,0
944962,0
944963,0
944964,0
944965,0
944966,0
944967,0
944968,0
944969,0
944970,18
944971,0
944972,20
944973,0
944974,0
944975,0
944976,0
944977,0
944978,0
944979,0
944980,0
944981,0
944982,0
944983,0
944984,0
944985,0
944986,19
944987,0
944988,0
944989,33
944990,0
944991,0
944992,0
944993,0
944994,0
944995,28
944996,0
944997,22
944998,0
944999,0
945000,0
945001,0
945002,0
945003,0
945004,0
945005,16
945006,0
945007,0
945008,0
945009,0
945010,26
945011,15
945012,0
945013,0
945014,0
945015,0
945016,26
945017,0
945018,18
945019,0
945020,0
945021,0
945022,17
945023,0
945024,20
945025,0
945026,24
945027,0
945028,0
945029,0
945030,0
945031,0
945032,0
945033,0
945034,0
945035,0
945036,0
945037,0
945038,0
945039,0
945040,0
945041,0
945042,0
945043,0
945044,19
945045,24
945046,0
945047,0
945048,0
945049,0
945050,0
945051,0
945052,0
945053,0
945054,0
945055,0
945056,23
945057,0
945058,0
945059,0
945060,22
945061,0
945062,23
945063,0
945064,21
945065,0
945066,0
945067,0
945068,22
945069,0
945070,0
945071,0
945072,0
945073,0
945074,0
945075,0
945076,0
945077,18
945078,0
945079,0
945080,0
945081,0
945082,0
945083,27
945084,0
945085,0
945086,0
945087,0
945088,0
945089,0
945090,0
945091,28
945092,0
945093,0
945094,0
945095,20
945096,0
945097,0
945098,0
945099,0
945100,25
945101,26
945102,0
945103,0
945104,0
945105,0
945106,0
945107,0
945108,40
945109,0
945110,0
945111,18
945112,0
945113,0
945114,0
945115,0
945116,0
945117,0
945118,0
945119,12
945120,0
945121,0
945122,0
945123,0
945124,0
945125,0
945126,28
945127,29
945128,0
945129,0
945130,0
945131,0
945132,0
945133,0
945134,0
945135,0
945136,0
945137,0
945138,0
945139,0
945140,0
945141,0
945142,7
945143,0
945144,0
945145,0
945146,0
945147,0
945148,0
945149,0
945150,17
945151,0
945152,0
945153,0
945154,0
945155,0
945156,20
945157,0
945158,0
945159,0
945160,33
945161,0
945162,0
945163,0
945164,0
945165,0
945166,0
945167,0
945168,28
945169,26
945170,44
945171,0
945172,18
945173,0
945174,0
945175,0
945176,34
945177,0
945178,0
945179,18
945180,0
945181,0
945182,0
945183,18
945184,0
945185,24
945186,0
945187,0
945188,0
945189,0
945190,0
945191,0
945192,0
945193,0
945194,30
945195,0
945196,21
945197,0
945198,0
945199,0
945200,0
945201,0
945202,0
945203,0
945204,0
945205,0
945206,22
945207,0
945208,0
945209,0
945210,0
945211,0
945212,0
945213,0
945214,0
945215,0
945216,0
945217,0
945218,0
945219,0
945220,0
945221,0
945222,0
945223,12
945224,0
945225,15
945226,0
945227,12
945228,0
945229,17
945230,0
945231,21
945232,0
945233,22
945234,0
945235,0
945236,0
945237,0
945238,0
945239,0
945240,0
945241,21
945242,36
945243,0
945244,0
945245,0
945246,27
945247,0
945248,0
945249,0
945250,0
945251,24
945252,0
945253,0
945254,24
945255,0
945256,0
945257,0
945258,0
945259,20
945260,0
945261,0
945262,0
945263,0
945264,0
945265,0
945266,0
945267,0
945268,0
945269,0
945270,0
945271,13
945272,21
945273,0
945274,23
945275,24
945276,0
945277,25
945278,0
945279,0
945280,0
945281,0
945282,0
945283,25
945284,0
945285,0
945286,0
945287,0
945288,0
945289,0
945290,0
945291,0
945292,0
945293,0
945294,0
945295,0
945296,0
945297,0
945298,0
945299,28
945300,0
945301,0
945302,0
945303,0
945304,0
945305,0
945306,0
945307,0
945308,0
945309,0
945310,0
945311,0
945312,17
945313,0
945314,0
945315,0
945316,0
945317,0
945318,0
945319,0
945320,0
945321,0
945322,0
945323,0
945324,0
945325,0
945326,0
945327,0
945328,0
945329,0
945330,26
945331,16
945332,0
945333,0
945334,0
945335,0
945336,26
945337,0
945338,0
945339,0
945340,0
945341,0
945342,0
945343,0
945344,0
945345,0
945346,0
945347,0
945348,0
945349,0
945350,0
945351,0
945352,32
945353,0
945354,0
945355,0
945356,0
945357,0
945358,0
945359,27
945360,0
945361,0
945362,0
945363,0
945364,0
945365,0
945366,0
945367,0
945368,0
945369,0
945370,0
945371,0
945372,0
945373,0
945374,0
945375,16
945376,0
945377,0
945378,0
945379,0
945380,0
945381,16
945382,0
945383,0
945384,36
945385,0
945386,0
945387,0
945388,20
945389,0
945390,0
945391,0
945392,0
945393,0
945394,0
945395,0
945396,0
945397,0
945398,0
945399,0
945400,0
945401,27
945402,0
945403,0
945404,0
945405,0
945406,24
945407,0
945408,0
945409,0
945410,0
945411,0
945412,0
945413,0
945414,0
945415,28
945416,19
945417,0
945418,24
945419,0
945420,32
945421,0
945422,23
945423,0
945424,0
945425,28
945426,0
945427,0
945428,18
945429,17
945430,0
945431,0
945432,0
945433,19
945434,0
945435,0
945436,25
945437,0
945438,0
945439,32
945440,0
945441,0
945442,21
945443,0
945444,0
945445,0
945446,0
945447,0
945448,22
945449,0
945450,19
945451,0
945452,0
945453,0
945454,0
945455,0
945456,0
945457,0
945458,0
945459,15
945460,0
945461,19
945462,0
945463,0
945464,0
945465,0
945466,0
945467,0
945468,0
945469,0
945470,0
945471,0
945472,0
945473,23
945474,0
945475,26
945476,0
945477,0
945478,20
945479,0
945480,15
945481,31
945482,0
945483,0
945484,0
945485,22
945486,0
945487,0
945488,0
945489,0
945490,17
945491,0
945492,0
945493,20
945494,0
945495,0
945496,0
945497,10
945498,0
945499,8
945500,0
945501,0
945502,3
945503,0
945504,0
945505,0
945506,0
945507,4
945508,0
945509,0
945510,0
945511,0
945512,0
945513,0
945514,0
945515,0
945516,0
945517,0
945518,0
945519,0
945520,0
945521,0
945522,0
945523,0
945524,0
945525,0
945526,0
945527,12
945528,0
945529,0
945530,0
945531,0
945532,9
945533,0
945534,0
945535,0
945536,13
945537,12
945538,0
945539,15
945540,6
945541,0
945542,0
945543,16
945544,0
945545,0
945546,0
945547,0
945548,0
945549,0
945550,15
945551,0
945552,10
945553,0
945554,0
945555,0
945556,0
945557,12
945558,15
945559,16
945560,0
945561,0
945562,0
945563,0
945564,9
945565,0
945566,0
945567,0
945568,0
945569,0
945570,0
945571,0
945572,0
945573,0
945574,0
945575,0
945576,0
945577,22
945578,0
945579,0
945580,0
945581,14
945582,0
945583,9
945584,0
945585,0
945586,0
945587,0
945588,17
945589,0
945590,0
945591,0
945592,0
945593,0
945594,0
945595,10
945596,4
945597,0
945598,0
945599,16
945600,0
945601,9
945602,0
945603,0
945604,0
945605,0
945606,0
945607,0
945608,0
945609,0
945610,8
945611,0
945612,0
945613,0
945614,0
945615,0
945616,0
945617,0
945618,0
945619,0
945620,0
945621,6
945622,0
945623,0
945624,0
945625,0
945626,16
945627,0
945628,0
945629,0
945630,0
945631,0
945632,0
945633,0
945634,0
945635,0
945636,12
945637,0
945638,0
945639,0
945640,0
945641,0
945642,0
945643,11
945644,0
945645,0
945646,6
945647,0
945648,0
945649,0
945650,0
945651,19
945652,0
945653,0
945654,0
945655,0
945656,0
945657,0
945658,0
945659,0
945660,0
945661,0
945662,0
945663,0
945664,0
945665,0
945666,0
945667,0
945668,0
945669,0
945670,0
945671,0
945672,13
945673,0
945674,0
945675,0
945676,0
945677,0
945678,0
945679,10
945680,0
945681,14
945682,0
945683,0
945684,11
945685,0
945686,0
945687,0
945688,0
945689,0
945690,0
945691,9
945692,0
945693,0
945694,0
945695,0
945696,0
945697,0
945698,0
945699,0
945700,0
945701,0
945702,0
945703,0
945704,0
945705,11
945706,0
945707,0
945708,0
945709,0
945710,0
945711,8
945712,0
945713,9
945714,0
945715,0
945716,0
945717,15
945718,0
945719,15
945720,0
945721,0
945722,0
945723,0
945724,0
945725,0
945726,17
945727,11
945728,8
945729,0
945730,0
945731,0
945732,0
945733,0
945734,0
945735,0
945736,0
945737,0
945738,0
945739,0
945740,0
945741,0
945742,11
945743,0
945744,0
945745,0
945746,14
945747,0
945748,0
945749,0
945750,0
945751,12
945752,13
945753,0
945754,0
945755,0
945756,0
945757,0
945758,0
945759,0
945760,0
945761,0
945762,0
945763,0
945764,0
945765,0
945766,6
945767,0
945768,0
945769,0
945770,12
945771,0
945772,0
945773,0
945774,0
945775,0
945776,0
945777,7
945778,0
945779,0
945780,0
945781,15
945782,0
945783,0
945784,4
945785,0
945786,0
945787,0
945788,0
945789,0
945790,20
945791,0
945792,0
945793,0
945794,0
945795,0
945796,0
945797,0
945798,0
945799,11
945800,0
945801,0
945802,0
945803,0
945804,0
945805,6
945806,0
945807,0
945808,0
945809,0
945810,0
945811,0
945812,0
945813,0
945814,0
945815,24
945816,0
945817,0
945818,0
945819,0
945820,0
945821,0
945822,5
945823,0
945824,0
945825,0
945826,0
945827,0
945828,0
945829,0
945830,0
945831,0
945832,16
945833,0
945834,0
945835,0
945836,0
945837,0
945838,0
945839,0
945840,0
945841,0
945842,12
945843,10
945844,10
945845,0
945846,12
945847,0
945848,0
945849,0
945850,0
945851,0
945852,0
945853,0
945854,0
945855,0
945856,13
945857,0
945858,0
945859,0
945860,12
945861,0
945862,0
945863,15
945864,0
945865,0
945866,3
945867,14
945868,0
945869,0
945870,0
945871,0
945872,0
945873,0
945874,0
945875,0
945876,0
945877,0
945878,0
945879,5
945880,0
945881,0
945882,0
945883,0
945884,0
945885,8
945886,11
945887,10
945888,0
945889,0
945890,0
945891,10
945892,0
945893,0
945894,7
945895,0
945896,9
945897,0
945898,0
945899,0
945900,0
945901,0
945902,0
945903,0
945904,0
945905,0
945906,0
945907,0
945908,0
945909,11
945910,0
945911,0
945912,0
945913,9
945914,0
945915,0
945916,0
945917,0
945918,8
945919,0
945920,0
945921,0
945922,0
945923,0
945924,0
945925,0
945926,0
945927,0
945928,21
945929,0
945930,0
945931,0
945932,0
945933,0
945934,0
945935,5
945936,16
945937,8
945938,16
945939,0
945940,0
945941,0
945942,0
945943,0
945944,0
945945,0
945946,21
945947,0
945948,0
945949,15
945950,16
945951,0
945952,0
945953,15
945954,40
945955,0
945956,0
945957,0
945958,0
945959,0
945960,16
945961,0
945962,0
945963,25
945964,0
945965,0
945966,0
945967,0
945968,0
945969,0
945970,18
945971,0
945972,16
945973,0
945974,0
945975,22
945976,0
945977,0
945978,18
945979,19
945980,0
945981,0
945982,17
945983,0
945984,22
945985,0
945986,0
945987,0
945988,12
945989,0
945990,0
945991,18
945992,0
945993,15
945994,0
945995,37
945996,0
945997,0
945998,0
945999,0
946000,0
946001,0
946002,0
946003,23
946004,19
946005,0
946006,0
946007,0
946008,0
946009,0
946010,0
946011,0
946012,0
946013,0
946014,15
946015,0
946016,0
946017,0
946018,0
946019,0
946020,0
946021,0
946022,0
946023,0
946024,0
946025,0
946026,0
946027,16
946028,0
946029,0
946030,0
946031,0
946032,23
946033,0
946034,0
946035,16
946036,24
946037,0
946038,9
946039,0
946040,0
946041,0
946042,28
946043,0
946044,0
946045,0
946046,0
946047,0
946048,22
946049,0
946050,0
946051,24
946052,0
946053,0
946054,0
946055,0
946056,0
946057,20
946058,0
946059,0
946060,0
946061,0
946062,17
946063,0
946064,0
946065,0
946066,0
946067,23
946068,20
946069,22
946070,21
946071,38
946072,0
946073,0
946074,18
946075,0
946076,16
946077,23
946078,18
946079,0
946080,0
946081,0
946082,0
946083,0
946084,0
946085,0
946086,0
946087,0
946088,0
946089,14
946090,0
946091,0
946092,0
946093,0
946094,18
946095,0
946096,0
946097,0
946098,35
946099,0
946100,0
946101,0
946102,0
946103,0
946104,0
946105,0
946106,21
946107,0
946108,0
946109,0
946110,15
946111,0
946112,22
946113,0
946114,0
946115,0
946116,0
946117,34
946118,0
946119,0
946120,0
946121,0
946122,0
946123,0
946124,22
946125,0
946126,0
946127,0
946128,0
946129,0
946130,0
946131,10
946132,0
946133,31
946134,0
946135,0
946136,0
946137,0
946138,21
946139,0
946140,0
946141,0
946142,14
946143,37
946144,0
946145,0
946146,21
946147,29
946148,0
946149,0
946150,0
946151,0
946152,0
946153,0
946154,0
946155,5
946156,0
946157,4
946158,0
946159,0
946160,4
946161,0
946162,0
946163,0
946164,0
946165,4
946166,0
946167,0
946168,0
946169,0
946170,0
946171,0
946172,0
946173,0
946174,0
946175,7
946176,0
946177,0
946178,0
946179,0
946180,0
946181,0
946182,0
946183,0
946184,0
946185,0
946186,0
946187,0
946188,0
946189,0
946190,0
946191,0
946192,1
946193,2
946194,0
946195,0
946196,0
946197,0
946198,0
946199,5
946200,0
946201,0
946202,0
946203,0
946204,10
946205,0
946206,0
946207,0
946208,0
946209,0
946210,0
946211,0
946212,0
946213,0
946214,0
946215,0
946216,0
946217,0
946218,0
946219,0
946220,0
946221,0
946222,0
946223,0
946224,0
946225,3
946226,11
946227,0
946228,9
946229,0
946230,6
946231,0
946232,0
946233,0
946234,6
946235,4
946236,0
946237,0
946238,0
946239,0
946240,0
946241,0
946242,0
946243,0
946244,0
946245,0
946246,9
946247,0
946248,0
946249,0
946250,0
946251,0
946252,0
946253,0
946254,0
946255,0
946256,0
946257,0
946258,0
946259,0
946260,0
946261,0
946262,0
946263,0
946264,0
946265,0
946266,3
946267,0
946268,0
946269,0
946270,0
946271,0
946272,0
946273,0
946274,0
946275,6
946276,0
946277,0
946278,12
946279,9
946280,0
946281,0
946282,0
946283,0
946284,8
946285,0
946286,0
946287,0
946288,0
946289,6
946290,0
946291,0
946292,0
946293,0
946294,0
946295,0
946296,0
946297,3
946298,0
946299,0
946300,0
946301,0
946302,5
946303,0
946304,0
946305,0
946306,3
946307,0
946308,0
946309,6
946310,0
946311,0
946312,0
946313,0
946314,0
946315,0
946316,0
946317,0
946318,0
946319,0
946320,5
946321,0
946322,0
946323,0
946324,0
946325,0
946326,0
946327,0
946328,0
946329,0
946330,0
946331,0
946332,0
946333,0
946334,0
946335,5
946336,0
946337,0
946338,0
946339,0
946340,0
946341,0
946342,7
946343,0
946344,0
946345,0
946346,5
946347,4
946348,5
946349,0
946350,6
946351,0
946352,0
946353,0
946354,0
946355,0
946356,0
946357,4
946358,0
946359,0
946360,0
946361,0
946362,0
946363,0
946364,0
946365,6
946366,0
946367,0
946368,0
946369,0
946370,0
946371,4
946372,0
946373,0
946374,4
946375,0
946376,0
946377,4
946378,0
946379,0
946380,0
946381,0
946382,0
946383,0
946384,0
946385,0
946386,4
946387,0
946388,0
946389,4
946390,0
946391,0
946392,3
946393,0
946394,0
946395,0
946396,0
946397,5
946398,0
946399,0
946400,0
946401,0
946402,7
946403,2
946404,0
946405,0
946406,7
946407,13
946408,0
946409,5
946410,0
946411,5
946412,0
946413,0
946414,0
946415,0
946416,0
946417,0
946418,0
946419,0
946420,0
946421,0
946422,0
946423,0
946424,0
946425,0
946426,0
946427,0
946428,0
946429,0
946430,0
946431,3
946432,0
946433,0
946434,4
946435,0
946436,0
946437,0
946438,0
946439,0
946440,0
946441,0
946442,0
946443,0
946444,0
946445,0
946446,0
946447,0
946448,0
946449,3
946450,0
946451,0
946452,0
946453,0
946454,0
946455,0
946456,0
946457,0
946458,0
946459,0
946460,0
946461,5
946462,0
946463,0
946464,6
946465,0
946466,0
946467,0
946468,0
946469,0
946470,0
946471,0
946472,2
946473,0
946474,0
946475,0
946476,0
946477,0
946478,0
946479,0
946480,2
946481,0
946482,0
946483,0
946484,4
946485,0
946486,0
946487,0
946488,0
946489,0
946490,0
946491,0
946492,0
946493,0
946494,0
946495,0
946496,5
946497,0
946498,0
946499,0
946500,0
946501,3
946502,0
946503,0
946504,0
946505,2
946506,0
946507,3
946508,0
946509,6
946510,0
946511,0
946512,0
946513,0
946514,0
946515,0
946516,0
946517,0
946518,0
946519,0
946520,0
946521,0
946522,0
946523,0
946524,0
946525,0
946526,0
946527,0
946528,0
946529,7
946530,5
946531,0
946532,0
946533,2
946534,0
946535,0
946536,0
946537,0
946538,0
946539,0
946540,0
946541,0
946542,0
946543,0
946544,0
946545,0
946546,0
946547,0
946548,0
946549,0
946550,6
946551,0
946552,0
946553,8
946554,0
946555,0
946556,0
946557,0
946558,0
946559,0
946560,0
946561,0
946562,0
946563,6
946564,0
946565,0
946566,0
946567,0
946568,5
946569,4
946570,0
946571,0
946572,0
946573,0
946574,0
946575,3
946576,7
946577,0
946578,0
946579,0
946580,0
946581,0
946582,1
946583,0
946584,0
946585,5
946586,0
946587,0
946588,0
946589,0
946590,0
946591,5
946592,0
946593,0
946594,0
946595,0
946596,0
946597,0
946598,0
946599,0
946600,0
946601,4
946602,0
946603,0
946604,0
946605,5
946606,0
946607,0
946608,0
946609,0
946610,7
946611,0
946612,0
946613,0
946614,0
946615,0
946616,0
946617,0
946618,6
946619,0
946620,0
946621,0
946622,0
946623,4
946624,0
946625,0
946626,0
946627,0
946628,0
946629,0
946630,0
946631,0
946632,0
946633,0
946634,0
946635,0
946636,6
946637,0
946638,0
946639,6
946640,3
946641,0
946642,0
946643,0
946644,7
946645,0
946646,0
946647,0
946648,0
946649,0
946650,0
946651,0
946652,0
946653,0
946654,0
946655,0
946656,0
946657,6
946658,0
946659,0
946660,0
946661,0
946662,0
946663,4
946664,0
946665,0
946666,0
946667,0
946668,0
946669,0
946670,0
946671,0
946672,0
946673,0
946674,0
946675,0
946676,0
946677,1
946678,0
946679,0
946680,0
946681,0
946682,0
946683,0
946684,0
946685,4
946686,0
946687,0
946688,0
946689,0
946690,0
946691,0
946692,0
946693,0
946694,0
946695,0
946696,0
946697,0
946698,0
946699,0
946700,0
946701,5
946702,0
946703,0
946704,8
946705,0
946706,0
946707,5
946708,0
946709,0
946710,0
946711,0
946712,0
946713,5
946714,2
946715,0
946716,0
946717,0
946718,0
946719,0
946720,0
946721,0
946722,0
946723,0
946724,0
946725,0
946726,0
946727,0
946728,7
946729,12
946730,6
946731,0
946732,0
946733,13
946734,0
946735,0
946736,0
946737,0
946738,0
946739,0
946740,0
946741,0
946742,0
946743,0
946744,8
946745,4
946746,0
946747,0
946748,0
946749,0
946750,0
946751,0
946752,0
946753,5
946754,0
946755,0
946756,0
946757,0
946758,0
946759,0
946760,0
946761,0
946762,0
946763,0
946764,0
946765,0
946766,0
946767,0
946768,4
946769,0
946770,3
946771,0
946772,0
946773,0
946774,4
946775,0
946776,3
946777,0
946778,4
946779,0
946780,0
946781,0
946782,0
946783,4
946784,0
946785,0
946786,0
946787,0
946788,0
946789,0
946790,7
946791,0
946792,0
946793,0
946794,0
946795,0
946796,0
946797,0
946798,0
946799,0
946800,0
946801,0
946802,0
946803,0
946804,0
946805,0
946806,0
946807,0
946808,0
946809,0
946810,0
946811,0
946812,0
946813,0
946814,0
946815,0
946816,0
946817,0
946818,0
946819,0
946820,5
946821,0
946822,0
946823,0
946824,0
946825,0
946826,0
946827,0
946828,0
946829,0
946830,0
946831,0
946832,0
946833,0
946834,6
946835,0
946836,0
946837,0
946838,0
946839,0
946840,0
946841,0
946842,0
946843,0
946844,0
946845,33
946846,0
946847,0
946848,41
946849,0
946850,0
946851,0
946852,0
946853,0
946854,0
946855,42
946856,52
946857,0
946858,0
946859,0
946860,0
946861,69
946862,0
946863,0
946864,0
946865,0
946866,0
946867,0
946868,18
946869,0
946870,0
946871,29
946872,0
946873,0
946874,29
946875,44
946876,39
946877,0
946878,0
946879,44
946880,0
946881,0
946882,0
946883,0
946884,0
946885,22
946886,0
946887,0
946888,20
946889,33
946890,0
946891,28
946892,0
946893,0
946894,0
946895,0
946896,0
946897,0
946898,31
946899,0
946900,0
946901,0
946902,33
946903,24
946904,8
946905,0
946906,0
946907,0
946908,19
946909,0
946910,71
946911,0
946912,0
946913,0
946914,0
946915,0
946916,0
946917,0
946918,0
946919,24
946920,0
946921,0
946922,0
946923,0
946924,28
946925,0
946926,0
946927,0
946928,63
946929,39
946930,0
946931,0
946932,0
946933,0
946934,0
946935,0
946936,0
946937,0
946938,0
946939,0
946940,0
946941,0
946942,0
946943,0
946944,22
946945,0
946946,0
946947,0
946948,0
946949,0
946950,0
946951,0
946952,0
946953,0
946954,0
946955,0
946956,0
946957,0
946958,0
946959,29
946960,0
946961,0
946962,0
946963,0
946964,0
946965,0
946966,0
946967,0
946968,0
946969,22
946970,33
946971,30
946972,0
946973,0
946974,0
946975,42
946976,0
946977,0
946978,0
946979,42
946980,0
946981,0
946982,0
946983,38
946984,0
946985,25
946986,0
946987,0
946988,0
946989,0
946990,0
946991,23
946992,37
946993,39
946994,0
946995,0
946996,0
946997,0
946998,0
946999,29
947000,0
947001,0
947002,0
947003,0
947004,0
947005,0
947006,0
947007,0
947008,23
947009,0
947010,0
947011,0
947012,0
947013,30
947014,0
947015,0
947016,0
947017,0
947018,24
947019,0
947020,0
947021,0
947022,28
947023,0
947024,0
947025,0
947026,0
947027,0
947028,0
947029,0
947030,0
947031,0
947032,38
947033,0
947034,0
947035,0
947036,0
947037,0
947038,28
947039,30
947040,37
947041,0
947042,0
947043,0
947044,0
947045,0
947046,0
947047,34
947048,28
947049,0
947050,0
947051,0
947052,0
947053,0
947054,0
947055,27
947056,0
947057,0
947058,0
947059,0
947060,0
947061,0
947062,0
947063,0
947064,0
947065,0
947066,25
947067,0
947068,44
947069,0
947070,0
947071,0
947072,0
947073,0
947074,0
947075,0
947076,0
947077,23
947078,0
947079,0
947080,0
947081,43
947082,0
947083,0
947084,0
947085,0
947086,44
947087,0
947088,0
947089,0
947090,19
947091,0
947092,0
947093,0
947094,0
947095,0
947096,0
947097,0
947098,32
947099,0
947100,0
947101,0
947102,0
947103,0
947104,0
947105,0
947106,0
947107,0
947108,0
947109,0
947110,0
947111,0
947112,50
947113,0
947114,34
947115,65
947116,0
947117,0
947118,0
947119,37
947120,0
947121,0
947122,0
947123,0
947124,27
947125,37
947126,50
947127,0
947128,0
947129,0
947130,0
947131,0
947132,0
947133,0
947134,38
947135,0
947136,0
947137,0
947138,0
947139,0
947140,0
947141,0
947142,0
947143,0
947144,0
947145,0
947146,0
947147,0
947148,0
947149,0
947150,0
947151,0
947152,43
947153,0
947154,0
947155,0
947156,0
947157,25
947158,0
947159,0
947160,0
947161,0
947162,0
947163,18
947164,0
947165,0
947166,0
947167,0
947168,0
947169,18
947170,0
947171,0
947172,0
947173,0
947174,0
947175,0
947176,0
947177,0
947178,37
947179,0
947180,0
947181,0
947182,0
947183,0
947184,0
947185,0
947186,0
947187,0
947188,0
947189,61
947190,0
947191,0
947192,0
947193,0
947194,0
947195,0
947196,0
947197,0
947198,31
947199,0
947200,0
947201,0
947202,0
947203,0
947204,33
947205,0
947206,0
947207,0
947208,0
947209,14
947210,0
947211,0
947212,0
947213,0
947214,0
947215,36
947216,35
947217,0
947218,0
947219,55
947220,0
947221,0
947222,0
947223,17
947224,48
947225,0
947226,0
947227,34
947228,34
947229,0
947230,0
947231,0
947232,0
947233,0
947234,0
947235,0
947236,45
947237,0
947238,0
947239,0
947240,0
947241,0
947242,37
947243,42
947244,0
947245,0
947246,0
947247,17
947248,0
947249,0
947250,0
947251,0
947252,0
947253,0
947254,0
947255,34
947256,0
947257,35
947258,32
947259,28
947260,0
947261,0
947262,0
947263,0
947264,0
947265,26
947266,0
947267,24
947268,0
947269,0
947270,0
947271,0
947272,0
947273,0
947274,0
947275,0
947276,0
947277,0
947278,0
947279,0
947280,0
947281,0
947282,0
947283,13
947284,0
947285,0
947286,0
947287,0
947288,15
947289,0
947290,0
947291,0
947292,30
947293,24
947294,0
947295,0
947296,0
947297,23
947298,0
947299,0
947300,0
947301,0
947302,0
947303,0
947304,0
947305,19
947306,0
947307,0
947308,0
947309,21
947310,49
947311,59
947312,0
947313,0
947314,68
947315,0
947316,0
947317,0
947318,35
947319,0
947320,0
947321,22
947322,0
947323,0
947324,0
947325,0
947326,0
947327,0
947328,0
947329,0
947330,0
947331,0
947332,0
947333,0
947334,0
947335,0
947336,0
947337,0
947338,0
947339,0
947340,0
947341,0
947342,0
947343,0
947344,0
947345,34
947346,0
947347,0
947348,0
947349,0
947350,0
947351,0
947352,0
947353,12
947354,0
947355,0
947356,0
947357,0
947358,0
947359,0
947360,0
947361,24
947362,0
947363,0
947364,0
947365,49
947366,0
947367,0
947368,0
947369,0
947370,26
947371,0
947372,36
947373,0
947374,0
947375,0
947376,0
947377,0
947378,0
947379,0
947380,0
947381,0
947382,27
947383,0
947384,33
947385,0
947386,0
947387,0
947388,0
947389,31
947390,0
947391,29
947392,27
947393,37
947394,0
947395,0
947396,0
947397,0
947398,0
947399,0
947400,0
947401,0
947402,0
947403,0
947404,0
947405,0
947406,0
947407,5
947408,0
947409,0
947410,15
947411,15
947412,0
947413,0
947414,0
947415,0
947416,0
947417,0
947418,0
947419,19
947420,15
947421,0
947422,0
947423,0
947424,0
947425,0
947426,0
947427,0
947428,21
947429,0
947430,0
947431,14
947432,0
947433,0
947434,0
947435,14
947436,18
947437,0
947438,0
947439,0
947440,0
947441,17
947442,0
947443,0
947444,0
947445,0
947446,16
947447,0
947448,9
947449,0
947450,0
947451,7
947452,0
947453,0
947454,21
947455,15
947456,0
947457,0
947458,0
947459,0
947460,0
947461,12
947462,0
947463,0
947464,0
947465,25
947466,0
947467,0
947468,0
947469,0
947470,0
947471,0
947472,0
947473,0
947474,0
947475,13
947476,0
947477,0
947478,12
947479,0
947480,0
947481,0
947482,0
947483,0
947484,13
947485,0
947486,0
947487,22
947488,0
947489,0
947490,0
947491,0
947492,0
947493,0
947494,0
947495,0
947496,0
947497,0
947498,0
947499,0
947500,0
947501,0
947502,0
947503,10
947504,0
947505,0
947506,14
947507,0
947508,0
947509,0
947510,0
947511,0
947512,16
947513,0
947514,0
947515,0
947516,7
947517,0
947518,0
947519,0
947520,0
947521,0
947522,0
947523,0
947524,0
947525,0
947526,23
947527,0
947528,11
947529,0
947530,13
947531,0
947532,0
947533,17
947534,0
947535,0
947536,12
947537,0
947538,0
947539,0
947540,0
947541,0
947542,0
947543,0
947544,0
947545,11
947546,11
947547,14
947548,0
947549,0
947550,0
947551,0
947552,0
947553,0
947554,0
947555,0
947556,0
947557,0
947558,0
947559,0
947560,24
947561,0
947562,0
947563,0
947564,0
947565,17
947566,16
947567,0
947568,10
947569,0
947570,0
947571,0
947572,20
947573,21
947574,0
947575,0
947576,0
947577,0
947578,0
947579,0
947580,0
947581,23
947582,0
947583,0
947584,0
947585,0
947586,17
947587,0
947588,16
947589,0
947590,0
947591,0
947592,0
947593,14
947594,0
947595,0
947596,25
947597,0
947598,0
947599,13
947600,0
947601,0
947602,0
947603,0
947604,0
947605,0
947606,0
947607,0
947608,18
947609,0
947610,0
947611,0
947612,10
947613,0
947614,0
947615,0
947616,0
947617,0
947618,0
947619,17
947620,16
947621,0
947622,0
947623,22
947624,28
947625,0
947626,0
947627,0
947628,0
947629,0
947630,0
947631,0
947632,16
947633,0
947634,0
947635,0
947636,0
947637,0
947638,0
947639,0
947640,0
947641,0
947642,0
947643,0
947644,0
947645,0
947646,0
947647,0
947648,0
947649,0
947650,0
947651,0
947652,0
947653,0
947654,0
947655,0
947656,0
947657,14
947658,0
947659,0
947660,0
947661,0
947662,0
947663,0
947664,0
947665,0
947666,0
947667,0
947668,0
947669,0
947670,0
947671,0
947672,0
947673,15
947674,0
947675,0
947676,0
947677,0
947678,0
947679,0
947680,0
947681,8
947682,0
947683,0
947684,17
947685,0
947686,8
947687,0
947688,0
947689,20
947690,0
947691,0
947692,0
947693,0
947694,0
947695,22
947696,0
947697,0
947698,0
947699,0
947700,12
947701,0
947702,19
947703,0
947704,17
947705,0
947706,15
947707,0
947708,0
947709,0
947710,23
947711,0
947712,0
947713,0
947714,0
947715,0
947716,11
947717,0
947718,10
947719,0
947720,0
947721,0
947722,0
947723,0
947724,0
947725,0
947726,19
947727,30
947728,18
947729,0
947730,0
947731,0
947732,0
947733,0
947734,0
947735,0
947736,12
947737,0
947738,0
947739,0
947740,0
947741,16
947742,0
947743,0
947744,0
947745,0
947746,0
947747,0
947748,0
947749,16
947750,0
947751,0
947752,24
947753,20
947754,0
947755,0
947756,0
947757,0
947758,0
947759,0
947760,0
947761,0
947762,0
947763,0
947764,0
947765,0
947766,0
947767,0
947768,0
947769,0
947770,0
947771,0
947772,0
947773,20
947774,0
947775,16
947776,0
947777,0
947778,0
947779,0
947780,0
947781,0
947782,0
947783,0
947784,29
947785,0
947786,0
947787,0
947788,13
947789,0
947790,0
947791,0
947792,0
947793,0
947794,23
947795,0
947796,0
947797,0
947798,0
947799,0
947800,0
947801,0
947802,19
947803,0
947804,0
947805,0
947806,19
947807,9
947808,0
947809,0
947810,17
947811,0
947812,0
947813,0
947814,0
947815,0
947816,0
947817,0
947818,0
947819,30
947820,0
947821,11
947822,0
947823,11
947824,0
947825,0
947826,0
947827,0
947828,0
947829,0
947830,0
947831,24
947832,20
947833,0
947834,0
947835,0
947836,0
947837,0
947838,20
947839,0
947840,0
947841,0
947842,0
947843,0
947844,0
947845,0
947846,0
947847,0
947848,0
947849,0
947850,0
947851,0
947852,0
947853,17
947854,0
947855,0
947856,0
947857,0
947858,0
947859,0
947860,0
947861,0
947862,0
947863,0
947864,0
947865,23
947866,20
947867,23
947868,19
947869,0
947870,0
947871,0
947872,14
947873,0
947874,0
947875,0
947876,0
947877,0
947878,9
947879,0
947880,0
947881,20
947882,0
947883,0
947884,0
947885,20
947886,12
947887,0
947888,0
947889,15
947890,0
947891,0
947892,0
947893,0
947894,0
947895,0
947896,0
947897,0
947898,0
947899,0
947900,0
947901,0
947902,0
947903,25
947904,14
947905,0
947906,0
947907,0
947908,0
947909,0
947910,0
947911,0
947912,0
947913,0
947914,0
947915,0
947916,0
947917,0
947918,0
947919,0
947920,0
947921,12
947922,0
947923,0
947924,0
947925,0
947926,0
947927,0
947928,21
947929,0
947930,0
947931,0
947932,0
947933,0
947934,0
947935,7
947936,0
947937,0
947938,26
947939,0
947940,0
947941,0
947942,20
947943,0
947944,0
947945,14
947946,20
947947,0
947948,0
947949,0
947950,0
947951,0
947952,0
947953,0
947954,0
947955,0
947956,0
947957,0
947958,0
947959,0
947960,0
947961,0
947962,21
947963,0
947964,0
947965,0
947966,10
947967,0
947968,0
947969,0
947970,0
947971,0
947972,0
947973,0
947974,0
947975,0
947976,0
947977,0
947978,0
947979,0
947980,0
947981,0
947982,0
947983,15
947984,0
947985,0
947986,0
947987,0
947988,23
947989,0
947990,0
947991,16
947992,14
947993,0
947994,0
947995,0
947996,0
947997,0
947998,0
947999,0
948000,0
948001,0
948002,0
948003,0
948004,0
948005,0
948006,0
948007,8
948008,0
948009,0
948010,0
948011,0
948012,22
948013,0
948014,0
948015,0
948016,0
948017,0
948018,0
948019,0
948020,0
948021,23
948022,0
948023,22
948024,0
948025,0
948026,0
948027,0
948028,0
948029,11
948030,0
948031,18
948032,0
948033,0
948034,0
948035,0
948036,20
948037,0
948038,0
948039,0
948040,0
948041,0
948042,0
948043,17
948044,0
948045,0
948046,0
948047,0
948048,0
948049,0
948050,0
948051,17
948052,0
948053,24
948054,0
948055,0
948056,0
948057,0
948058,0
948059,0
948060,0
948061,0
948062,0
948063,14
948064,0
948065,0
948066,0
948067,0
948068,0
948069,13
948070,0
948071,0
948072,0
948073,0
948074,0
948075,0
948076,0
948077,0
948078,0
948079,24
948080,0
948081,17
948082,0
948083,0
948084,0
948085,20
948086,0
948087,0
948088,0
948089,9
948090,0
948091,0
948092,0
948093,0
948094,13
948095,0
948096,0
948097,0
948098,0
948099,0
948100,0
948101,0
948102,0
948103,0
948104,0
948105,11
948106,0
948107,0
948108,0
948109,0
948110,0
948111,11
948112,0
948113,0
948114,0
948115,0
948116,6
948117,0
948118,0
948119,0
948120,0
948121,0
948122,0
948123,0
948124,0
948125,0
948126,0
948127,0
948128,0
948129,0
948130,0
948131,0
948132,14
948133,0
948134,16
948135,0
948136,0
948137,0
948138,0
948139,0
948140,0
948141,22
948142,0
948143,0
948144,11
948145,23
948146,0
948147,0
948148,6
948149,0
948150,0
948151,0
948152,0
948153,0
948154,0
948155,18
948156,0
948157,0
948158,0
948159,0
948160,0
948161,0
948162,0
948163,0
948164,0
948165,0
948166,24
948167,0
948168,0
948169,0
948170,0
948171,17
948172,0
948173,18
948174,0
948175,0
948176,0
948177,0
948178,0
948179,0
948180,0
948181,0
948182,0
948183,0
948184,0
948185,0
948186,0
948187,0
948188,0
948189,0
948190,0
948191,0
948192,0
948193,0
948194,0
948195,0
948196,0
948197,13
948198,0
948199,0
948200,0
948201,0
948202,0
948203,0
948204,0
948205,11
948206,0
948207,0
948208,0
948209,0
948210,0
948211,0
948212,0
948213,0
948214,0
948215,0
948216,0
948217,0
948218,0
948219,0
948220,0
948221,0
948222,0
948223,0
948224,13
948225,0
948226,0
948227,0
948228,0
948229,0
948230,0
948231,0
948232,0
948233,0
948234,0
948235,0
948236,0
948237,0
948238,0
948239,0
948240,17
948241,0
948242,0
948243,0
948244,15
948245,0
948246,0
948247,0
948248,0
948249,7
948250,0
948251,23
948252,25
948253,0
948254,0
948255,0
948256,0
948257,0
948258,0
948259,0
948260,0
948261,9
948262,0
948263,0
948264,0
948265,0
948266,0
948267,0
948268,27
948269,0
948270,0
948271,0
948272,0
948273,0
948274,0
948275,0
948276,0
948277,0
948278,0
948279,0
948280,0
948281,0
948282,0
948283,0
948284,0
948285,0
948286,0
948287,0
948288,0
948289,0
948290,0
948291,0
948292,15
948293,0
948294,0
948295,0
948296,0
948297,0
948298,0
948299,0
948300,0
948301,0
948302,0
948303,0
948304,0
948305,0
948306,0
948307,0
948308,0
948309,0
948310,0
948311,38
948312,0
948313,0
948314,0
948315,0
948316,0
948317,0
948318,0
948319,0
948320,0
948321,0
948322,0
948323,0
948324,0
948325,0
948326,0
948327,0
948328,0
948329,0
948330,0
948331,0
948332,0
948333,0
948334,0
948335,0
948336,0
948337,0
948338,0
948339,0
948340,0
948341,0
948342,0
948343,0
948344,0
948345,0
948346,0
948347,0
948348,0
948349,0
948350,0
948351,0
948352,0
948353,0
948354,0
948355,0
948356,0
948357,0
948358,0
948359,0
948360,0
948361,0
948362,0
948363,0
948364,0
948365,0
948366,0
948367,0
948368,0
948369,0
948370,0
948371,0
948372,0
948373,0
948374,0
948375,0
948376,0
948377,0
948378,0
948379,0
948380,0
948381,0
948382,0
948383,0
948384,0
948385,0
948386,0
948387,0
948388,0
948389,0
948390,0
948391,0
948392,0
948393,0
948394,0
948395,0
948396,0
948397,0
948398,0
948399,0
948400,0
948401,0
948402,0
948403,0
948404,0
948405,0
948406,0
948407,0
948408,0
948409,0
948410,0
948411,0
948412,0
948413,0
948414,0
948415,20
948416,0
948417,0
948418,0
948419,0
948420,0
948421,0
948422,16
948423,0
948424,0
948425,0
948426,0
948427,0
948428,0
948429,0
948430,0
948431,0
948432,0
948433,0
948434,0
948435,0
948436,0
948437,0
948438,0
948439,0
948440,0
948441,0
948442,0
948443,0
948444,0
948445,0
948446,0
948447,0
948448,0
948449,0
948450,0
948451,0
948452,0
948453,0
948454,0
948455,0
948456,0
948457,0
948458,0
948459,0
948460,21
948461,13
948462,27
948463,0
948464,0
948465,0
948466,0
948467,0
948468,0
948469,0
948470,0
948471,0
948472,0
948473,0
948474,0
948475,0
948476,10
948477,0
948478,0
948479,0
948480,0
948481,0
948482,0
948483,25
948484,0
948485,0
948486,0
948487,0
948488,0
948489,0
948490,0
948491,0
948492,0
948493,0
948494,0
948495,0
948496,0
948497,0
948498,0
948499,0
948500,0
948501,0
948502,19
948503,0
948504,0
948505,0
948506,0
948507,0
948508,0
948509,0
948510,0
948511,0
948512,0
948513,0
948514,0
948515,0
948516,0
948517,0
948518,0
948519,0
948520,24
948521,0
948522,0
948523,0
948524,0
948525,10
948526,0
948527,0
948528,0
948529,0
948530,0
948531,0
948532,0
948533,0
948534,0
948535,0
948536,0
948537,13
948538,0
948539,0
948540,14
948541,0
948542,20
948543,20
948544,0
948545,0
948546,0
948547,0
948548,0
948549,0
948550,0
948551,0
948552,0
948553,0
948554,0
948555,0
948556,0
948557,0
948558,21
948559,0
948560,0
948561,0
948562,0
948563,0
948564,0
948565,0
948566,0
948567,0
948568,0
948569,9
948570,0
948571,0
948572,0
948573,0
948574,0
948575,0
948576,0
948577,0
948578,0
948579,0
948580,0
948581,0
948582,0
948583,0
948584,0
948585,0
948586,0
948587,0
948588,0
948589,0
948590,0
948591,15
948592,0
948593,0
948594,0
948595,0
948596,0
948597,0
948598,0
948599,0
948600,0
948601,0
948602,0
948603,0
948604,0
948605,0
948606,0
948607,0
948608,0
948609,0
948610,0
948611,0
948612,0
948613,0
948614,0
948615,0
948616,0
948617,30
948618,0
948619,0
948620,0
948621,12
948622,0
948623,0
948624,0
948625,0
948626,0
948627,0
948628,0
948629,0
948630,0
948631,0
948632,0
948633,0
948634,0
948635,0
948636,0
948637,0
948638,0
948639,0
948640,0
948641,0
948642,0
948643,0
948644,0
948645,0
948646,0
948647,0
948648,0
948649,0
948650,0
948651,0
948652,0
948653,0
948654,0
948655,0
948656,0
948657,0
948658,0
948659,0
948660,0
948661,0
948662,0
948663,0
948664,0
948665,0
948666,0
948667,0
948668,0
948669,0
948670,0
948671,0
948672,0
948673,0
948674,0
948675,0
948676,0
948677,0
948678,0
948679,0
948680,0
948681,0
948682,0
948683,0
948684,0
948685,0
948686,0
948687,0
948688,0
948689,0
948690,0
948691,0
948692,0
948693,0
948694,0
948695,0
948696,0
948697,0
948698,0
948699,0
948700,0
948701,0
948702,0
948703,0
948704,0
948705,0
948706,0
948707,0
948708,0
948709,0
948710,0
948711,0
948712,0
948713,0
948714,0
948715,0
948716,0
948717,0
948718,0
948719,0
948720,0
948721,0
948722,0
948723,0
948724,0
948725,0
948726,0
948727,0
948728,0
948729,0
948730,0
948731,0
948732,0
948733,0
948734,0
948735,0
948736,0
948737,0
948738,0
948739,0
948740,0
948741,0
948742,0
948743,0
948744,0
948745,0
948746,0
948747,0
948748,0
948749,0
948750,0
948751,0
948752,0
948753,0
948754,0
948755,0
948756,0
948757,0
948758,0
948759,0
948760,0
948761,0
948762,0
948763,0
948764,0
948765,0
948766,0
948767,0
948768,0
948769,0
948770,0
948771,0
948772,0
948773,0
948774,0
948775,0
948776,0
948777,0
948778,0
948779,0
948780,0
948781,0
948782,0
948783,0
948784,0
948785,0
948786,0
948787,0
948788,0
948789,0
948790,0
948791,0
948792,0
948793,0
948794,0
948795,0
948796,0
948797,0
948798,0
948799,0
948800,0
948801,0
948802,1
948803,0
948804,0
948805,0
948806,0
948807,0
948808,0
948809,0
948810,0
948811,0
948812,0
948813,0
948814,0
948815,0
948816,0
948817,0
948818,0
948819,0
948820,0
948821,0
948822,0
948823,0
948824,0
948825,0
948826,0
948827,0
948828,0
948829,0
948830,1
948831,0
948832,0
948833,0
948834,0
948835,0
948836,0
948837,0
948838,0
948839,0
948840,0
948841,0
948842,0
948843,0
948844,0
948845,0
948846,0
948847,0
948848,0
948849,0
948850,0
948851,0
948852,0
948853,0
948854,0
948855,0
948856,0
948857,0
948858,0
948859,0
948860,0
948861,0
948862,0
948863,0
948864,0
948865,0
948866,0
948867,0
948868,0
948869,0
948870,0
948871,0
948872,0
948873,0
948874,0
948875,0
948876,0
948877,0
948878,0
948879,0
948880,0
948881,0
948882,0
948883,0
948884,0
948885,0
948886,0
948887,0
948888,0
948889,0
948890,0
948891,0
948892,0
948893,0
948894,0
948895,0
948896,0
948897,0
948898,0
948899,0
948900,0
948901,0
948902,0
948903,0
948904,0
948905,0
948906,0
948907,0
948908,0
948909,0
948910,0
948911,1
948912,0
948913,0
948914,0
948915,0
948916,0
948917,0
948918,0
948919,0
948920,0
948921,0
948922,0
948923,0
948924,0
948925,0
948926,0
948927,0
948928,0
948929,0
948930,0
948931,0
948932,0
948933,0
948934,0
948935,0
948936,0
948937,0
948938,0
948939,0
948940,0
948941,0
948942,0
948943,0
948944,0
948945,0
948946,0
948947,0
948948,0
948949,0
948950,0
948951,0
948952,0
948953,0
948954,0
948955,0
948956,0
948957,0
948958,0
948959,0
948960,0
948961,0
948962,0
948963,0
948964,0
948965,0
948966,0
948967,0
948968,0
948969,0
948970,0
948971,0
948972,0
948973,0
948974,0
948975,0
948976,0
948977,0
948978,0
948979,0
948980,0
948981,0
948982,0
948983,0
948984,0
948985,0
948986,0
948987,0
948988,0
948989,0
948990,0
948991,0
948992,0
948993,0
948994,0
948995,0
948996,0
948997,0
948998,0
948999,0
949000,0
949001,0
949002,0
949003,0
949004,0
949005,0
949006,0
949007,0
949008,0
949009,0
949010,1
949011,0
949012,0
949013,0
949014,0
949015,0
949016,0
949017,0
949018,0
949019,0
949020,10
949021,0
949022,10
949023,0
949024,0
949025,0
949026,0
949027,0
949028,0
949029,0
949030,4
949031,0
949032,0
949033,0
949034,0
949035,0
949036,15
949037,0
949038,0
949039,4
949040,0
949041,0
949042,10
949043,0
949044,0
949045,0
949046,0
949047,0
949048,0
949049,0
949050,0
949051,0
949052,0
949053,17
949054,0
949055,0
949056,0
949057,0
949058,0
949059,0
949060,0
949061,0
949062,0
949063,0
949064,0
949065,0
949066,0
949067,0
949068,0
949069,0
949070,0
949071,0
949072,0
949073,0
949074,0
949075,0
949076,0
949077,46
949078,0
949079,0
949080,0
949081,0
949082,0
949083,44
949084,0
949085,0
949086,0
949087,19
949088,16
949089,0
949090,0
949091,0
949092,0
949093,0
949094,0
949095,0
949096,0
949097,19
949098,28
949099,0
949100,0
949101,0
949102,0
949103,24
949104,0
949105,0
949106,0
949107,0
949108,0
949109,0
949110,0
949111,35
949112,0
949113,0
949114,0
949115,0
949116,0
949117,0
949118,0
949119,32
949120,0
949121,30
949122,0
949123,0
949124,0
949125,0
949126,0
949127,0
949128,0
949129,31
949130,0
949131,0
949132,0
949133,20
949134,0
949135,0
949136,0
949137,0
949138,0
949139,0
949140,21
949141,0
949142,0
949143,0
949144,0
949145,44
949146,0
949147,0
949148,43
949149,0
949150,0
949151,0
949152,0
949153,0
949154,0
949155,36
949156,0
949157,0
949158,0
949159,21
949160,0
949161,31
949162,0
949163,24
949164,50
949165,0
949166,0
949167,0
949168,19
949169,0
949170,24
949171,0
949172,0
949173,0
949174,31
949175,0
949176,0
949177,0
949178,10
949179,0
949180,0
949181,29
949182,0
949183,21
949184,0
949185,0
949186,0
949187,26
949188,0
949189,0
949190,43
949191,0
949192,28
949193,0
949194,29
949195,0
949196,31
949197,24
949198,0
949199,0
949200,0
949201,0
949202,0
949203,0
949204,0
949205,0
949206,0
949207,17
949208,0
949209,0
949210,25
949211,42
949212,0
949213,0
949214,0
949215,0
949216,0
949217,0
949218,0
949219,0
949220,14
949221,0
949222,0
949223,0
949224,0
949225,0
949226,0
949227,0
949228,0
949229,0
949230,0
949231,0
949232,0
949233,0
949234,0
949235,34
949236,0
949237,0
949238,0
949239,0
949240,0
949241,0
949242,0
949243,36
949244,0
949245,37
949246,0
949247,28
949248,0
949249,0
949250,34
949251,0
949252,0
949253,0
949254,0
949255,0
949256,0
949257,0
949258,0
949259,37
949260,0
949261,39
949262,0
949263,0
949264,0
949265,0
949266,0
949267,0
949268,36
949269,0
949270,0
949271,0
949272,30
949273,38
949274,0
949275,0
949276,0
949277,32
949278,0
949279,0
949280,0
949281,0
949282,0
949283,0
949284,0
949285,0
949286,0
949287,0
949288,0
949289,19
949290,0
949291,45
949292,28
949293,0
949294,0
949295,0
949296,0
949297,0
949298,0
949299,0
949300,22
949301,0
949302,0
949303,0
949304,0
949305,31
949306,33
949307,0
949308,0
949309,0
949310,0
949311,0
949312,0
949313,32
949314,0
949315,0
949316,0
949317,46
949318,0
949319,0
949320,0
949321,0
949322,0
949323,0
949324,0
949325,0
949326,37
949327,56
949328,0
949329,41
949330,0
949331,0
949332,0
949333,25
949334,0
949335,20
949336,0
949337,0
949338,0
949339,0
949340,33
949341,47
949342,0
949343,30
949344,0
949345,0
949346,19
949347,0
949348,0
949349,0
949350,0
949351,0
949352,0
949353,0
949354,0
949355,0
949356,0
949357,21
949358,0
949359,0
949360,0
949361,0
949362,0
949363,25
949364,0
949365,0
949366,0
949367,0
949368,0
949369,0
949370,0
949371,0
949372,0
949373,0
949374,38
949375,0
949376,0
949377,0
949378,0
949379,0
949380,0
949381,0
949382,0
949383,0
949384,0
949385,0
949386,41
949387,0
949388,0
949389,0
949390,0
949391,35
949392,0
949393,0
949394,0
949395,0
949396,0
949397,47
949398,0
949399,0
949400,0
949401,0
949402,0
949403,0
949404,36
949405,0
949406,0
949407,0
949408,0
949409,0
949410,0
949411,0
949412,0
949413,0
949414,0
949415,0
949416,0
949417,35
949418,0
949419,0
949420,0
949421,0
949422,0
949423,0
949424,0
949425,0
949426,40
949427,0
949428,0
949429,0
949430,0
949431,0
949432,0
949433,0
949434,0
949435,0
949436,17
949437,0
949438,0
949439,28
949440,30
949441,38
949442,0
949443,0
949444,0
949445,36
949446,20
949447,0
949448,61
949449,0
949450,0
949451,37
949452,0
949453,0
949454,0
949455,0
949456,0
949457,0
949458,0
949459,0
949460,27
949461,0
949462,0
949463,30
949464,0
949465,0
949466,0
949467,28
949468,26
949469,0
949470,35
949471,0
949472,0
949473,0
949474,0
949475,0
949476,38
949477,0
949478,24
949479,0
949480,0
949481,0
949482,0
949483,0
949484,0
949485,0
949486,0
949487,0
949488,0
949489,0
949490,0
949491,0
949492,0
949493,32
949494,0
949495,0
949496,0
949497,0
949498,0
949499,0
949500,0
949501,0
949502,0
949503,0
949504,0
949505,0
949506,0
949507,0
949508,0
949509,0
949510,0
949511,0
949512,0
949513,30
949514,0
949515,22
949516,17
949517,0
949518,0
949519,35
949520,0
949521,30
949522,0
949523,0
949524,0
949525,0
949526,32
949527,0
949528,0
949529,0
949530,0
949531,0
949532,0
949533,0
949534,0
949535,38
949536,0
949537,0
949538,0
949539,0
949540,0
949541,0
949542,0
949543,0
949544,35
949545,0
949546,26
949547,0
949548,0
949549,22
949550,0
949551,0
949552,0
949553,0
949554,38
949555,0
949556,0
949557,0
949558,0
949559,0
949560,0
949561,0
949562,31
949563,0
949564,0
949565,0
949566,0
949567,0
949568,28
949569,0
949570,0
949571,0
949572,0
949573,0
949574,0
949575,0
949576,18
949577,21
949578,0
949579,40
949580,0
949581,0
949582,0
949583,21
949584,0
949585,26
949586,0
949587,0
949588,0
949589,0
949590,0
949591,0
949592,0
949593,0
949594,0
949595,0
949596,29
949597,0
949598,0
949599,0
949600,0
949601,0
949602,0
949603,0
949604,0
949605,0
949606,0
949607,0
949608,0
949609,0
949610,0
949611,0
949612,0
949613,0
949614,0
949615,0
949616,0
949617,0
949618,0
949619,46
949620,0
949621,0
949622,0
949623,27
949624,0
949625,0
949626,0
949627,0
949628,0
949629,0
949630,40
949631,0
949632,0
949633,37
949634,0
949635,0
949636,0
949637,0
949638,0
949639,35
949640,0
949641,0
949642,0
949643,0
949644,25
949645,28
949646,0
949647,0
949648,44
949649,0
949650,0
949651,0
949652,0
949653,0
949654,0
949655,0
949656,0
949657,0
949658,0
949659,0
949660,0
949661,0
949662,0
949663,0
949664,0
949665,0
949666,0
949667,0
949668,0
949669,0
949670,0
949671,0
949672,0
949673,0
949674,0
949675,0
949676,0
949677,0
949678,0
949679,0
949680,0
949681,0
949682,0
949683,0
949684,0
949685,0
949686,0
949687,0
949688,0
949689,0
949690,0
949691,0
949692,0
949693,0
949694,0
949695,0
949696,0
949697,0
949698,0
949699,0
949700,0
949701,0
949702,0
949703,0
949704,0
949705,0
949706,0
949707,0
949708,0
949709,0
949710,0
949711,0
949712,0
949713,0
949714,0
949715,0
949716,0
949717,0
949718,0
949719,0
949720,0
949721,0
949722,0
949723,0
949724,0
949725,0
949726,0
949727,0
949728,0
949729,0
949730,0
949731,0
949732,0
949733,0
949734,0
949735,0
949736,0
949737,0
949738,0
949739,0
949740,0
949741,0
949742,0
949743,0
949744,0
949745,0
949746,0
949747,0
949748,0
949749,0
949750,0
949751,0
949752,0
949753,0
949754,0
949755,0
949756,0
949757,0
949758,0
949759,0
949760,0
949761,0
949762,0
949763,0
949764,0
949765,0
949766,0
949767,0
949768,0
949769,0
949770,0
949771,0
949772,0
949773,0
949774,0
949775,0
949776,0
949777,0
949778,0
949779,0
949780,0
949781,0
949782,0
949783,0
949784,0
949785,0
949786,0
949787,0
949788,0
949789,0
949790,0
949791,0
949792,0
949793,0
949794,0
949795,0
949796,0
949797,0
949798,0
949799,0
949800,0
949801,0
949802,0
949803,0
949804,0
949805,0
949806,0
949807,0
949808,0
949809,0
949810,0
949811,0
949812,0
949813,0
949814,0
949815,0
949816,0
949817,0
949818,0
949819,0
949820,33
949821,0
949822,0
949823,0
949824,0
949825,0
949826,0
949827,0
949828,0
949829,0
949830,0
949831,0
949832,0
949833,0
949834,0
949835,0
949836,0
949837,24
949838,0
949839,0
949840,0
949841,0
949842,0
949843,0
949844,0
949845,0
949846,0
949847,0
949848,0
949849,0
949850,0
949851,0
949852,0
949853,0
949854,0
949855,0
949856,28
949857,0
949858,35
949859,0
949860,0
949861,50
949862,0
949863,0
949864,0
949865,0
949866,0
949867,0
949868,31
949869,0
949870,35
949871,0
949872,0
949873,0
949874,0
949875,0
949876,0
949877,0
949878,0
949879,0
949880,0
949881,0
949882,0
949883,0
949884,34
949885,0
949886,0
949887,0
949888,0
949889,0
949890,0
949891,29
949892,0
949893,0
949894,0
949895,0
949896,0
949897,0
949898,0
949899,0
949900,0
949901,32
949902,0
949903,0
949904,0
949905,0
949906,0
949907,0
949908,0
949909,0
949910,0
949911,0
949912,0
949913,0
949914,0
949915,0
949916,0
949917,33
949918,0
949919,0
949920,0
949921,0
949922,24
949923,0
949924,0
949925,29
949926,0
949927,0
949928,0
949929,0
949930,0
949931,0
949932,0
949933,0
949934,0
949935,0
949936,0
949937,0
949938,0
949939,0
949940,0
949941,0
949942,0
949943,0
949944,22
949945,0
949946,0
949947,0
949948,0
949949,27
949950,0
949951,0
949952,0
949953,0
949954,0
949955,0
949956,0
949957,0
949958,0
949959,0
949960,0
949961,0
949962,0
949963,0
949964,0
949965,0
949966,0
949967,0
949968,0
949969,0
949970,0
949971,0
949972,0
949973,0
949974,0
949975,0
949976,0
949977,0
949978,38
949979,0
949980,0
949981,0
949982,0
949983,0
949984,0
949985,0
949986,40
949987,0
949988,0
949989,0
949990,28
949991,0
949992,0
949993,0
949994,21
949995,0
949996,0
949997,28
949998,0
949999,0
950000,0
950001,0
950002,0
950003,0
950004,0
950005,0
950006,0
950007,0
950008,0
950009,51
950010,0
950011,0
950012,0
950013,0
950014,38
950015,33
950016,0
950017,0
950018,0
950019,0
950020,0
950021,0
950022,0
950023,0
950024,0
950025,0
950026,0
950027,0
950028,0
950029,0
950030,0
950031,0
950032,0
950033,0
950034,0
950035,0
950036,0
950037,0
950038,0
950039,33
950040,0
950041,0
950042,0
950043,0
950044,0
950045,0
950046,0
950047,0
950048,22
950049,0
950050,0
950051,0
950052,0
950053,0
950054,0
950055,44
950056,0
950057,0
950058,40
950059,0
950060,0
950061,0
950062,0
950063,0
950064,0
950065,0
950066,0
950067,0
950068,0
950069,0
950070,0
950071,0
950072,32
950073,0
950074,0
950075,0
950076,0
950077,0
950078,49
950079,0
950080,0
950081,0
950082,0
950083,38
950084,0
950085,0
950086,0
950087,0
950088,0
950089,0
950090,19
950091,0
950092,0
950093,43
950094,0
950095,0
950096,0
950097,0
950098,0
950099,0
950100,0
950101,0
950102,20
950103,0
950104,0
950105,0
950106,0
950107,0
950108,0
950109,0
950110,0
950111,0
950112,0
950113,0
950114,0
950115,0
950116,0
950117,0
950118,0
950119,45
950120,0
950121,0
950122,0
950123,0
950124,26
950125,0
950126,0
950127,0
950128,0
950129,0
950130,0
950131,0
950132,0
950133,0
950134,0
950135,0
950136,0
950137,0
950138,0
950139,0
950140,0
950141,0
950142,0
950143,0
950144,0
950145,0
950146,0
950147,0
950148,0
950149,0
950150,0
950151,0
950152,0
950153,0
950154,0
950155,0
950156,0
950157,0
950158,0
950159,0
950160,35
950161,24
950162,0
950163,0
950164,30
950165,0
950166,0
950167,29
950168,0
950169,43
950170,0
950171,0
950172,0
950173,0
950174,0
950175,44
950176,0
950177,0
950178,29
950179,0
950180,0
950181,0
950182,0
950183,0
950184,0
950185,0
950186,0
950187,0
950188,0
950189,0
950190,0
950191,0
950192,0
950193,0
950194,38
950195,0
950196,0
950197,31
950198,0
950199,0
950200,0
950201,0
950202,37
950203,0
950204,0
950205,0
950206,0
950207,0
950208,0
950209,0
950210,0
950211,0
950212,0
950213,0
950214,0
950215,0
950216,0
950217,36
950218,0
950219,0
950220,0
950221,0
950222,0
950223,0
950224,33
950225,0
950226,0
950227,0
950228,21
950229,0
950230,0
950231,0
950232,0
950233,0
950234,26
950235,0
950236,0
950237,0
950238,0
950239,0
950240,0
950241,0
950242,0
950243,37
950244,0
950245,0
950246,0
950247,0
950248,0
950249,33
950250,0
950251,0
950252,0
950253,0
950254,0
950255,0
950256,0
950257,0
950258,0
950259,0
950260,0
950261,0
950262,0
950263,0
950264,0
950265,0
950266,0
950267,27
950268,0
950269,0
950270,31
950271,0
950272,29
950273,0
950274,0
950275,0
950276,0
950277,14
950278,0
950279,0
950280,0
950281,32
950282,0
950283,0
950284,0
950285,0
950286,26
950287,0
950288,0
950289,0
950290,0
950291,0
950292,0
950293,0
950294,0
950295,0
950296,0
950297,0
950298,0
950299,32
950300,0
950301,22
950302,0
950303,0
950304,0
950305,0
950306,0
950307,0
950308,0
950309,0
950310,0
950311,0
950312,0
950313,0
950314,34
950315,0
950316,20
950317,0
950318,0
950319,21
950320,0
950321,49
950322,0
950323,0
950324,30
950325,0
950326,0
950327,0
950328,0
950329,0
950330,0
950331,0
950332,0
950333,0
950334,0
950335,0
950336,0
950337,0
950338,0
950339,18
950340,0
950341,53
950342,0
950343,0
950344,0
950345,37
950346,0
950347,39
950348,0
950349,0
950350,0
950351,42
950352,0
950353,35
950354,0
950355,0
950356,0
950357,0
950358,0
950359,0
950360,0
950361,0
950362,0
950363,0
950364,50
950365,0
950366,0
950367,0
950368,0
950369,35
950370,0
950371,0
950372,0
950373,0
950374,32
950375,0
950376,0
950377,0
950378,0
950379,0
950380,0
950381,27
950382,0
950383,0
950384,0
950385,0
950386,37
950387,28
950388,0
950389,0
950390,0
950391,0
950392,0
950393,0
950394,31
950395,47
950396,0
950397,0
950398,29
950399,0
950400,0
950401,0
950402,0
950403,51
950404,28
950405,33
950406,39
950407,0
950408,0
950409,0
950410,0
950411,0
950412,50
950413,0
950414,0
950415,0
950416,0
950417,25
950418,0
950419,0
950420,0
950421,0
950422,41
950423,33
950424,0
950425,0
950426,0
950427,0
950428,0
950429,0
950430,0
950431,0
950432,0
950433,0
950434,38
950435,0
950436,0
950437,0
950438,0
950439,0
950440,0
950441,0
950442,0
950443,24
950444,51
950445,0
950446,30
950447,0
950448,0
950449,0
950450,0
950451,0
950452,0
950453,0
950454,38
950455,0
950456,0
950457,57
950458,0
950459,0
950460,37
950461,0
950462,0
950463,0
950464,0
950465,0
950466,0
950467,0
950468,28
950469,0
950470,0
950471,0
950472,0
950473,0
950474,37
950475,56
950476,0
950477,0
950478,0
950479,0
950480,29
950481,22
950482,34
950483,0
950484,0
950485,0
950486,0
950487,0
950488,0
950489,0
950490,0
950491,54
950492,0
950493,0
950494,0
950495,0
950496,0
950497,0
950498,34
950499,0
950500,0
950501,0
950502,0
950503,0
950504,0
950505,0
950506,0
950507,0
950508,0
950509,0
950510,0
950511,42
950512,0
950513,0
950514,0
950515,0
950516,0
950517,0
950518,27
950519,0
950520,0
950521,40
950522,18
950523,0
950524,0
950525,0
950526,0
950527,0
950528,32
950529,0
950530,0
950531,0
950532,30
950533,0
950534,0
950535,37
950536,0
950537,0
950538,0
950539,0
950540,0
950541,0
950542,31
950543,0
950544,0
950545,47
950546,0
950547,0
950548,19
950549,0
950550,0
950551,0
950552,0
950553,0
950554,0
950555,0
950556,39
950557,0
950558,0
950559,51
950560,39
950561,0
950562,34
950563,0
950564,0
950565,0
950566,28
950567,0
950568,0
950569,0
950570,0
950571,0
950572,0
950573,0
950574,0
950575,33
950576,0
950577,0
950578,0
950579,0
950580,0
950581,36
950582,0
950583,0
950584,0
950585,0
950586,0
950587,0
950588,0
950589,0
950590,34
950591,0
950592,0
950593,44
950594,41
950595,0
950596,33
950597,0
950598,0
950599,0
950600,0
950601,0
950602,0
950603,0
950604,29
950605,0
950606,0
950607,0
950608,0
950609,0
950610,35
950611,41
950612,0
950613,0
950614,36
950615,27
950616,0
950617,44
950618,0
950619,0
950620,0
950621,43
950622,0
950623,54
950624,26
950625,0
950626,0
950627,47
950628,0
950629,0
950630,0
950631,0
950632,0
950633,0
950634,0
950635,47
950636,0
950637,0
950638,0
950639,39
950640,0
950641,35
950642,39
950643,0
950644,0
950645,0
950646,49
950647,0
950648,0
950649,0
950650,0
950651,0
950652,0
950653,0
950654,0
950655,0
950656,0
950657,0
950658,0
950659,0
950660,0
950661,0
950662,29
950663,0
950664,0
950665,37
950666,0
950667,0
950668,0
950669,0
950670,0
950671,0
950672,0
950673,0
950674,37
950675,0
950676,0
950677,0
950678,0
950679,0
950680,0
950681,0
950682,0
950683,0
950684,0
950685,0
950686,37
950687,0
950688,0
950689,0
950690,0
950691,0
950692,0
950693,54
950694,0
950695,0
950696,0
950697,0
950698,31
950699,0
950700,0
950701,0
950702,0
950703,0
950704,0
950705,0
950706,0
950707,0
950708,0
950709,0
950710,44
950711,0
950712,0
950713,0
950714,0
950715,0
950716,38
950717,0
950718,0
950719,0
950720,0
950721,31
950722,0
950723,0
950724,0
950725,0
950726,0
950727,0
950728,0
950729,0
950730,0
950731,64
950732,33
950733,0
950734,42
950735,0
950736,0
950737,52
950738,50
950739,30
950740,0
950741,0
950742,49
950743,0
950744,27
950745,38
950746,0
950747,0
950748,0
950749,0
950750,0
950751,35
950752,0
950753,0
950754,0
950755,30
950756,0
950757,0
950758,0
950759,51
950760,0
950761,0
950762,0
950763,0
950764,0
950765,0
950766,36
950767,0
950768,0
950769,0
950770,0
950771,39
950772,36
950773,0
950774,0
950775,0
950776,0
950777,0
950778,0
950779,0
950780,0
950781,0
950782,0
950783,0
950784,40
950785,0
950786,37
950787,0
950788,0
950789,30
950790,24
950791,45
950792,0
950793,0
950794,0
950795,0
950796,0
950797,37
950798,0
950799,0
950800,0
950801,0
950802,0
950803,0
950804,56
950805,0
950806,0
950807,0
950808,0
950809,0
950810,0
950811,28
950812,0
950813,0
950814,0
950815,31
950816,0
950817,0
950818,0
950819,0
950820,22
950821,0
950822,0
950823,0
950824,0
950825,0
950826,0
950827,0
950828,33
950829,0
950830,0
950831,0
950832,42
950833,0
950834,74
950835,0
950836,46
950837,0
950838,0
950839,0
950840,55
950841,0
950842,0
950843,31
950844,0
950845,38
950846,0
950847,0
950848,0
950849,0
950850,0
950851,0
950852,0
950853,0
950854,0
950855,0
950856,0
950857,34
950858,0
950859,0
950860,0
950861,0
950862,58
950863,0
950864,53
950865,0
950866,25
950867,0
950868,30
950869,0
950870,0
950871,0
950872,38
950873,0
950874,29
950875,0
950876,40
950877,0
950878,0
950879,0
950880,0
950881,0
950882,32
950883,0
950884,27
950885,0
950886,57
950887,0
950888,0
950889,0
950890,0
950891,0
950892,0
950893,0
950894,0
950895,39
950896,0
950897,0
950898,0
950899,39
950900,0
950901,0
950902,0
950903,0
950904,0
950905,0
950906,32
950907,31
950908,52
950909,0
950910,0
950911,0
950912,0
950913,0
950914,0
950915,0
950916,0
950917,0
950918,0
950919,0
950920,37
950921,0
950922,0
950923,17
950924,25
950925,0
950926,0
950927,0
950928,0
950929,0
950930,0
950931,0
950932,41
950933,0
950934,0
950935,0
950936,0
950937,0
950938,0
950939,0
950940,0
950941,65
950942,0
950943,46
950944,0
950945,0
950946,0
950947,0
950948,38
950949,0
950950,0
950951,0
950952,0
950953,0
950954,0
950955,35
950956,0
950957,0
950958,37
950959,35
950960,0
950961,0
950962,0
950963,0
950964,0
950965,0
950966,0
950967,0
950968,0
950969,0
950970,38
950971,0
950972,0
950973,0
950974,0
950975,0
950976,0
950977,0
950978,25
950979,0
950980,0
950981,0
950982,0
950983,41
950984,0
950985,0
950986,36
950987,52
950988,0
950989,0
950990,0
950991,0
950992,0
950993,36
950994,38
950995,0
950996,0
950997,0
950998,50
950999,29
951000,0
951001,50
951002,0
951003,0
951004,34
951005,0
951006,0
951007,0
951008,0
951009,0
951010,0
951011,0
951012,0
951013,0
951014,0
951015,0
951016,0
951017,0
951018,0
951019,0
951020,0
951021,0
951022,0
951023,0
951024,42
951025,0
951026,0
951027,0
951028,0
951029,0
951030,0
951031,0
951032,0
951033,0
951034,0
951035,0
951036,0
951037,0
951038,0
951039,0
951040,0
951041,0
951042,21
951043,0
951044,0
951045,0
951046,0
951047,0
951048,0
951049,0
951050,0
951051,0
951052,0
951053,28
951054,32
951055,0
951056,0
951057,0
951058,26
951059,0
951060,0
951061,42
951062,0
951063,0
951064,0
951065,0
951066,0
951067,0
951068,0
951069,21
951070,44
951071,0
951072,44
951073,0
951074,0
951075,0
951076,29
951077,0
951078,0
951079,0
951080,0
951081,0
951082,45
951083,0
951084,0
951085,34
951086,0
951087,24
951088,0
951089,0
951090,0
951091,0
951092,0
951093,0
951094,0
951095,0
951096,0
951097,0
951098,0
951099,0
951100,0
951101,0
951102,39
951103,0
951104,37
951105,0
951106,0
951107,0
951108,0
951109,0
951110,0
951111,36
951112,31
951113,0
951114,0
951115,0
951116,0
951117,32
951118,0
951119,0
951120,0
951121,0
951122,0
951123,42
951124,0
951125,0
951126,32
951127,0
951128,0
951129,0
951130,0
951131,0
951132,0
951133,0
951134,0
951135,0
951136,24
951137,0
951138,0
951139,0
951140,0
951141,0
951142,0
951143,0
951144,0
951145,0
951146,0
951147,0
951148,26
951149,0
951150,26
951151,13
951152,0
951153,0
951154,0
951155,0
951156,0
951157,0
951158,0
951159,0
951160,0
951161,0
951162,0
951163,0
951164,0
951165,33
951166,0
951167,0
951168,0
951169,0
951170,0
951171,0
951172,0
951173,0
951174,0
951175,0
951176,0
951177,0
951178,0
951179,20
951180,0
951181,0
951182,23
951183,0
951184,0
951185,0
951186,0
951187,0
951188,0
951189,0
951190,0
951191,0
951192,0
951193,0
951194,0
951195,0
951196,0
951197,0
951198,0
951199,22
951200,0
951201,0
951202,23
951203,0
951204,0
951205,0
951206,0
951207,21
951208,22
951209,0
951210,0
951211,0
951212,22
951213,0
951214,0
951215,0
951216,0
951217,0
951218,0
951219,0
951220,26
951221,0
951222,34
951223,0
951224,0
951225,20
951226,0
951227,0
951228,0
951229,0
951230,0
951231,0
951232,0
951233,29
951234,0
951235,0
951236,0
951237,0
951238,0
951239,0
951240,0
951241,0
951242,0
951243,0
951244,0
951245,17
951246,0
951247,0
951248,0
951249,0
951250,0
951251,0
951252,0
951253,0
951254,0
951255,32
951256,23
951257,0
951258,0
951259,0
951260,0
951261,0
951262,0
951263,0
951264,0
951265,0
951266,27
951267,0
951268,0
951269,0
951270,0
951271,0
951272,0
951273,0
951274,0
951275,0
951276,26
951277,0
951278,0
951279,18
951280,0
951281,0
951282,0
951283,0
951284,0
951285,10
951286,0
951287,0
951288,18
951289,0
951290,0
951291,0
951292,0
951293,0
951294,0
951295,28
951296,0
951297,0
951298,0
951299,0
951300,0
951301,0
951302,0
951303,0
951304,0
951305,0
951306,0
951307,20
951308,26
951309,0
951310,26
951311,29
951312,0
951313,0
951314,0
951315,0
951316,23
951317,0
951318,20
951319,0
951320,16
951321,13
951322,0
951323,0
951324,0
951325,0
951326,0
951327,0
951328,0
951329,0
951330,28
951331,0
951332,0
951333,0
951334,0
951335,0
951336,0
951337,19
951338,0
951339,0
951340,0
951341,0
951342,0
951343,0
951344,0
951345,0
951346,0
951347,0
951348,21
951349,0
951350,0
951351,0
951352,0
951353,0
951354,26
951355,0
951356,0
951357,0
951358,34
951359,0
951360,18
951361,0
951362,0
951363,0
951364,0
951365,0
951366,0
951367,0
951368,0
951369,0
951370,22
951371,0
951372,0
951373,37
951374,0
951375,0
951376,0
951377,0
951378,0
951379,0
951380,0
951381,0
951382,0
951383,0
951384,0
951385,0
951386,0
951387,39
951388,0
951389,0
951390,0
951391,0
951392,0
951393,0
951394,0
951395,0
951396,0
951397,0
951398,14
951399,30
951400,0
951401,6
951402,0
951403,0
951404,0
951405,0
951406,0
951407,11
951408,0
951409,0
951410,0
951411,0
951412,0
951413,16
951414,0
951415,0
951416,27
951417,0
951418,0
951419,23
951420,0
951421,0
951422,0
951423,20
951424,0
951425,0
951426,0
951427,0
951428,0
951429,0
951430,0
951431,0
951432,0
951433,24
951434,0
951435,0
951436,0
951437,0
951438,11
951439,0
951440,0
951441,0
951442,0
951443,0
951444,0
951445,0
951446,0
951447,0
951448,0
951449,0
951450,0
951451,0
951452,0
951453,0
951454,0
951455,0
951456,0
951457,26
951458,0
951459,19
951460,0
951461,0
951462,0
951463,0
951464,0
951465,0
951466,0
951467,0
951468,0
951469,0
951470,0
951471,0
951472,0
951473,0
951474,0
951475,0
951476,0
951477,0
951478,0
951479,0
951480,0
951481,0
951482,0
951483,19
951484,0
951485,22
951486,0
951487,0
951488,0
951489,0
951490,0
951491,0
951492,0
951493,0
951494,0
951495,0
951496,0
951497,0
951498,0
951499,0
951500,16
951501,0
951502,0
951503,0
951504,0
951505,0
951506,0
951507,0
951508,0
951509,0
951510,0
951511,0
951512,0
951513,0
951514,0
951515,0
951516,0
951517,0
951518,0
951519,0
951520,0
951521,0
951522,0
951523,0
951524,0
951525,0
951526,0
951527,0
951528,0
951529,0
951530,21
951531,0
951532,12
951533,0
951534,0
951535,0
951536,0
951537,0
951538,0
951539,0
951540,0
951541,0
951542,0
951543,24
951544,0
951545,0
951546,0
951547,0
951548,0
951549,0
951550,0
951551,0
951552,0
951553,21
951554,0
951555,0
951556,0
951557,0
951558,0
951559,0
951560,0
951561,0
951562,0
951563,0
951564,0
951565,0
951566,0
951567,0
951568,0
951569,0
951570,21
951571,0
951572,0
951573,26
951574,0
951575,0
951576,0
951577,0
951578,19
951579,0
951580,0
951581,0
951582,10
951583,34
951584,0
951585,0
951586,0
951587,0
951588,0
951589,0
951590,0
951591,0
951592,0
951593,0
951594,12
951595,0
951596,0
951597,0
951598,0
951599,0
951600,0
951601,0
951602,0
951603,0
951604,0
951605,0
951606,0
951607,0
951608,0
951609,0
951610,0
951611,0
951612,0
951613,0
951614,0
951615,0
951616,0
951617,0
951618,0
951619,0
951620,0
951621,0
951622,0
951623,0
951624,0
951625,14
951626,0
951627,0
951628,0
951629,0
951630,0
951631,0
951632,0
951633,0
951634,16
951635,0
951636,0
951637,0
951638,30
951639,0
951640,0
951641,0
951642,0
951643,0
951644,0
951645,17
951646,0
951647,0
951648,0
951649,0
951650,0
951651,24
951652,0
951653,0
951654,0
951655,25
951656,0
951657,9
951658,0
951659,0
951660,0
951661,0
951662,0
951663,0
951664,24
951665,0
951666,26
951667,0
951668,0
951669,16
951670,0
951671,0
951672,0
951673,0
951674,0
951675,0
951676,0
951677,0
951678,0
951679,0
951680,0
951681,0
951682,0
951683,0
951684,0
951685,0
951686,0
951687,0
951688,0
951689,0
951690,21
951691,0
951692,16
951693,0
951694,0
951695,0
951696,0
951697,44
951698,0
951699,0
951700,0
951701,0
951702,21
951703,0
951704,0
951705,0
951706,0
951707,31
951708,0
951709,0
951710,0
951711,0
951712,0
951713,0
951714,0
951715,25
951716,0
951717,22
951718,18
951719,0
951720,0
951721,0
951722,23
951723,0
951724,25
951725,0
951726,0
951727,0
951728,23
951729,0
951730,0
951731,0
951732,0
951733,0
951734,0
951735,0
951736,0
951737,0
951738,0
951739,0
951740,0
951741,0
951742,0
951743,0
951744,0
951745,0
951746,27
951747,0
951748,0
951749,0
951750,0
951751,0
951752,0
951753,0
951754,0
951755,0
951756,0
951757,0
951758,21
951759,0
951760,0
951761,0
951762,31
951763,0
951764,0
951765,0
951766,27
951767,0
951768,0
951769,0
951770,0
951771,0
951772,0
951773,19
951774,25
951775,0
951776,0
951777,0
951778,0
951779,0
951780,0
951781,0
951782,0
951783,22
951784,0
951785,0
951786,0
951787,0
951788,0
951789,0
951790,0
951791,30
951792,13
951793,0
951794,0
951795,25
951796,0
951797,0
951798,0
951799,0
951800,0
951801,0
951802,0
951803,0
951804,0
951805,0
951806,0
951807,0
951808,15
951809,0
951810,0
951811,0
951812,27
951813,0
951814,0
951815,22
951816,0
951817,0
951818,0
951819,0
951820,0
951821,0
951822,0
951823,0
951824,0
951825,0
951826,0
951827,0
951828,0
951829,0
951830,0
951831,0
951832,0
951833,0
951834,0
951835,0
951836,0
951837,42
951838,0
951839,0
951840,0
951841,0
951842,0
951843,0
951844,0
951845,0
951846,0
951847,0
951848,0
951849,0
951850,0
951851,0
951852,0
951853,0
951854,15
951855,0
951856,0
951857,0
951858,0
951859,23
951860,0
951861,0
951862,0
951863,0
951864,0
951865,0
951866,0
951867,0
951868,0
951869,0
951870,0
951871,34
951872,0
951873,0
951874,0
951875,0
951876,28
951877,23
951878,25
951879,0
951880,0
951881,0
951882,0
951883,0
951884,0
951885,17
951886,0
951887,0
951888,0
951889,23
951890,0
951891,0
951892,0
951893,0
951894,0
951895,0
951896,0
951897,0
951898,36
951899,0
951900,22
951901,29
951902,27
951903,0
951904,0
951905,0
951906,0
951907,9
951908,0
951909,0
951910,0
951911,0
951912,28
951913,0
951914,0
951915,0
951916,0
951917,0
951918,0
951919,0
951920,0
951921,22
951922,0
951923,0
951924,0
951925,0
951926,0
951927,0
951928,0
951929,30
951930,0
951931,0
951932,0
951933,14
951934,0
951935,0
951936,0
951937,0
951938,0
951939,0
951940,30
951941,0
951942,0
951943,0
951944,0
951945,0
951946,0
951947,0
951948,0
951949,23
951950,0
951951,0
951952,0
951953,0
951954,0
951955,15
951956,0
951957,0
951958,0
951959,0
951960,0
951961,0
951962,0
951963,0
951964,0
951965,0
951966,0
951967,0
951968,0
951969,0
951970,0
951971,27
951972,0
951973,0
951974,0
951975,0
951976,0
951977,20
951978,0
951979,0
951980,0
951981,0
951982,0
951983,0
951984,0
951985,0
951986,0
951987,0
951988,0
951989,0
951990,21
951991,0
951992,22
951993,0
951994,0
951995,0
951996,0
951997,0
951998,30
951999,0
952000,0
952001,0
952002,0
952003,27
952004,33
952005,0
952006,0
952007,0
952008,0
952009,0
952010,13
952011,0
952012,0
952013,0
952014,0
952015,18
952016,21
952017,0
952018,0
952019,0
952020,0
952021,0
952022,0
952023,0
952024,0
952025,17
952026,15
952027,0
952028,0
952029,0
952030,0
952031,0
952032,0
952033,0
952034,0
952035,0
952036,0
952037,0
952038,0
952039,0
952040,0
952041,0
952042,0
952043,0
952044,0
952045,0
952046,0
952047,0
952048,0
952049,0
952050,0
952051,0
952052,0
952053,0
952054,0
952055,0
952056,0
952057,0
952058,0
952059,0
952060,0
952061,25
952062,0
952063,18
952064,22
952065,0
952066,0
952067,0
952068,0
952069,0
952070,0
952071,15
952072,29
952073,0
952074,0
952075,0
952076,0
952077,0
952078,0
952079,0
952080,0
952081,0
952082,0
952083,14
952084,0
952085,0
952086,0
952087,0
952088,22
952089,0
952090,0
952091,30
952092,0
952093,0
952094,0
952095,20
952096,0
952097,0
952098,0
952099,0
952100,0
952101,0
952102,19
952103,0
952104,0
952105,0
952106,0
952107,22
952108,0
952109,0
952110,0
952111,0
952112,0
952113,23
952114,0
952115,0
952116,18
952117,0
952118,0
952119,0
952120,0
952121,0
952122,0
952123,0
952124,0
952125,0
952126,0
952127,0
952128,0
952129,0
952130,0
952131,0
952132,0
952133,0
952134,0
952135,0
952136,0
952137,0
952138,0
952139,0
952140,7
952141,0
952142,0
952143,0
952144,0
952145,10
952146,20
952147,0
952148,0
952149,14
952150,22
952151,0
952152,0
952153,0
952154,11
952155,0
952156,0
952157,9
952158,7
952159,0
952160,0
952161,0
952162,0
952163,12
952164,0
952165,10
952166,10
952167,0
952168,0
952169,0
952170,14
952171,0
952172,0
952173,0
952174,0
952175,0
952176,0
952177,0
952178,0
952179,0
952180,0
952181,0
952182,15
952183,0
952184,0
952185,0
952186,0
952187,0
952188,21
952189,0
952190,18
952191,0
952192,0
952193,0
952194,0
952195,0
952196,0
952197,0
952198,0
952199,0
952200,0
952201,0
952202,0
952203,0
952204,17
952205,8
952206,0
952207,0
952208,6
952209,0
952210,0
952211,0
952212,0
952213,6
952214,0
952215,0
952216,0
952217,9
952218,0
952219,0
952220,16
952221,0
952222,0
952223,0
952224,0
952225,0
952226,0
952227,0
952228,0
952229,0
952230,0
952231,0
952232,9
952233,11
952234,0
952235,0
952236,0
952237,0
952238,0
952239,0
952240,0
952241,0
952242,0
952243,0
952244,27
952245,0
952246,4
952247,0
952248,5
952249,10
952250,0
952251,5
952252,21
952253,0
952254,12
952255,0
952256,0
952257,13
952258,0
952259,0
952260,15
952261,0
952262,0
952263,0
952264,0
952265,0
952266,10
952267,0
952268,0
952269,0
952270,0
952271,0
952272,48
952273,0
952274,10
952275,0
952276,13
952277,0
952278,7
952279,9
952280,5
952281,0
952282,0
952283,0
952284,0
952285,16
952286,0
952287,0
952288,0
952289,0
952290,0
952291,0
952292,0
952293,0
952294,0
952295,0
952296,0
952297,0
952298,0
952299,0
952300,0
952301,0
952302,0
952303,18
952304,0
952305,0
952306,0
952307,5
952308,0
952309,20
952310,0
952311,0
952312,0
952313,0
952314,0
952315,0
952316,0
952317,14
952318,10
952319,0
952320,0
952321,0
952322,0
952323,0
952324,0
952325,0
952326,0
952327,14
952328,0
952329,0
952330,0
952331,0
952332,0
952333,0
952334,0
952335,0
952336,16
952337,0
952338,0
952339,0
952340,12
952341,0
952342,7
952343,0
952344,0
952345,0
952346,10
952347,6
952348,0
952349,0
952350,0
952351,0
952352,0
952353,0
952354,0
952355,0
952356,0
952357,0
952358,0
952359,0
952360,0
952361,0
952362,0
952363,0
952364,0
952365,0
952366,0
952367,0
952368,0
952369,0
952370,0
952371,10
952372,0
952373,0
952374,0
952375,0
952376,0
952377,0
952378,0
952379,0
952380,0
952381,0
952382,0
952383,0
952384,11
952385,13
952386,0
952387,0
952388,20
952389,0
952390,0
952391,0
952392,0
952393,0
952394,0
952395,0
952396,0
952397,0
952398,0
952399,16
952400,0
952401,0
952402,0
952403,0
952404,0
952405,0
952406,14
952407,0
952408,0
952409,0
952410,11
952411,0
952412,0
952413,0
952414,30
952415,0
952416,0
952417,0
952418,0
952419,17
952420,18
952421,0
952422,0
952423,0
952424,0
952425,0
952426,5
952427,0
952428,0
952429,3
952430,0
952431,0
952432,0
952433,0
952434,0
952435,10
952436,0
952437,0
952438,0
952439,0
952440,0
952441,9
952442,16
952443,0
952444,0
952445,12
952446,0
952447,25
952448,0
952449,0
952450,0
952451,0
952452,0
952453,0
952454,0
952455,0
952456,0
952457,0
952458,0
952459,0
952460,0
952461,0
952462,0
952463,12
952464,0
952465,0
952466,0
952467,0
952468,0
952469,0
952470,0
952471,0
952472,0
952473,0
952474,0
952475,0
952476,0
952477,0
952478,0
952479,0
952480,16
952481,21
952482,1
952483,10
952484,0
952485,0
952486,0
952487,0
952488,0
952489,0
952490,11
952491,0
952492,29
952493,0
952494,9
952495,0
952496,0
952497,0
952498,0
952499,0
952500,0
952501,0
952502,0
952503,0
952504,0
952505,0
952506,0
952507,0
952508,0
952509,0
952510,0
952511,0
952512,7
952513,19
952514,0
952515,0
952516,0
952517,13
952518,0
952519,0
952520,0
952521,11
952522,0
952523,0
952524,7
952525,0
952526,0
952527,0
952528,0
952529,0
952530,0
952531,0
952532,8
952533,0
952534,0
952535,0
952536,0
952537,0
952538,0
952539,0
952540,0
952541,0
952542,0
952543,14
952544,0
952545,0
952546,0
952547,0
952548,0
952549,0
952550,7
952551,9
952552,23
952553,10
952554,0
952555,0
952556,12
952557,8
952558,0
952559,7
952560,14
952561,0
952562,0
952563,0
952564,0
952565,0
952566,12
952567,7
952568,0
952569,0
952570,0
952571,0
952572,16
952573,7
952574,0
952575,0
952576,0
952577,0
952578,14
952579,17
952580,0
952581,0
952582,18
952583,0
952584,0
952585,0
952586,0
952587,0
952588,0
952589,0
952590,1
952591,0
952592,0
952593,0
952594,0
952595,0
952596,0
952597,0
952598,0
952599,0
952600,0
952601,16
952602,0
952603,0
952604,0
952605,0
952606,0
952607,0
952608,0
952609,25
952610,4
952611,0
952612,0
952613,2
952614,0
952615,0
952616,0
952617,0
952618,12
952619,0
952620,0
952621,0
952622,0
952623,0
952624,0
952625,9
952626,0
952627,0
952628,0
952629,0
952630,0
952631,0
952632,0
952633,0
952634,13
952635,0
952636,0
952637,0
952638,22
952639,12
952640,13
952641,0
952642,0
952643,0
952644,0
952645,0
952646,0
952647,0
952648,0
952649,0
952650,0
952651,0
952652,0
952653,0
952654,0
952655,0
952656,15
952657,9
952658,0
952659,0
952660,0
952661,9
952662,8
952663,8
952664,16
952665,28
952666,0
952667,0
952668,9
952669,0
952670,0
952671,0
952672,0
952673,0
952674,0
952675,6
952676,0
952677,0
952678,0
952679,0
952680,0
952681,0
952682,0
952683,8
952684,0
952685,0
952686,0
952687,0
952688,0
952689,0
952690,0
952691,0
952692,0
952693,0
952694,0
952695,0
952696,0
952697,0
952698,0
952699,0
952700,0
952701,8
952702,0
952703,31
952704,0
952705,0
952706,0
952707,0
952708,0
952709,13
952710,0
952711,0
952712,0
952713,0
952714,0
952715,0
952716,0
952717,0
952718,0
952719,0
952720,0
952721,0
952722,0
952723,0
952724,0
952725,0
952726,0
952727,0
952728,0
952729,0
952730,0
952731,0
952732,0
952733,0
952734,0
952735,0
952736,0
952737,0
952738,0
952739,0
952740,0
952741,0
952742,0
952743,0
952744,0
952745,0
952746,0
952747,0
952748,0
952749,0
952750,0
952751,0
952752,0
952753,0
952754,0
952755,0
952756,0
952757,0
952758,0
952759,0
952760,0
952761,0
952762,0
952763,0
952764,0
952765,0
952766,0
952767,0
952768,0
952769,0
952770,0
952771,0
952772,0
952773,0
952774,0
952775,0
952776,0
952777,0
952778,0
952779,0
952780,0
952781,0
952782,0
952783,0
952784,0
952785,0
952786,0
952787,0
952788,0
952789,0
952790,0
952791,0
952792,0
952793,0
952794,0
952795,0
952796,0
952797,0
952798,0
952799,0
952800,0
952801,0
952802,0
952803,0
952804,0
952805,0
952806,0
952807,0
952808,0
952809,0
952810,0
952811,0
952812,0
952813,0
952814,0
952815,0
952816,0
952817,0
952818,0
952819,0
952820,0
952821,0
952822,0
952823,0
952824,0
952825,0
952826,0
952827,0
952828,0
952829,0
952830,0
952831,0
952832,0
952833,0
952834,0
952835,0
952836,0
952837,0
952838,0
952839,0
952840,0
952841,0
952842,0
952843,0
952844,0
952845,0
952846,0
952847,0
952848,0
952849,0
952850,0
952851,0
952852,0
952853,0
952854,0
952855,0
952856,0
952857,0
952858,0
952859,0
952860,0
952861,0
952862,0
952863,0
952864,0
952865,0
952866,0
952867,0
952868,0
952869,0
952870,0
952871,0
952872,0
952873,0
952874,0
952875,0
952876,0
952877,0
952878,0
952879,0
952880,0
952881,0
952882,0
952883,0
952884,0
952885,0
952886,0
952887,0
952888,0
952889,0
952890,0
952891,0
952892,0
952893,0
952894,0
952895,0
952896,0
952897,0
952898,0
952899,0
952900,0
952901,0
952902,0
952903,0
952904,0
952905,0
952906,0
952907,0
952908,0
952909,0
952910,0
952911,0
952912,0
952913,0
952914,0
952915,0
952916,0
952917,0
952918,0
952919,0
952920,0
952921,0
952922,0
952923,0
952924,0
952925,0
952926,0
952927,0
952928,0
952929,0
952930,0
952931,0
952932,0
952933,0
952934,0
952935,0
952936,0
952937,0
952938,0
952939,0
952940,0
952941,0
952942,0
952943,0
952944,0
952945,0
952946,0
952947,0
952948,0
952949,0
952950,0
952951,0
952952,0
952953,0
952954,0
952955,0
952956,1
952957,0
952958,0
952959,0
952960,0
952961,0
952962,0
952963,0
952964,0
952965,0
952966,0
952967,0
952968,0
952969,1
952970,0
952971,0
952972,0
952973,0
952974,0
952975,0
952976,0
952977,0
952978,0
952979,0
952980,0
952981,0
952982,0
952983,0
952984,0
952985,0
952986,0
952987,0
952988,0
952989,0
952990,0
952991,0
952992,0
952993,0
952994,0
952995,0
952996,0
952997,0
952998,0
952999,0
953000,0
953001,0
953002,0
953003,0
953004,0
953005,0
953006,0
953007,0
953008,0
953009,0
953010,0
953011,0
953012,0
953013,0
953014,0
953015,0
953016,0
953017,0
953018,0
953019,0
953020,0
953021,0
953022,0
953023,0
953024,0
953025,0
953026,0
953027,0
953028,0
953029,0
953030,0
953031,0
953032,0
953033,0
953034,1
953035,0
953036,0
953037,0
953038,0
953039,0
953040,0
953041,0
953042,0
953043,0
953044,0
953045,0
953046,0
953047,0
953048,0
953049,0
953050,0
953051,0
953052,0
953053,0
953054,0
953055,0
953056,0
953057,0
953058,0
953059,0
953060,0
953061,0
953062,0
953063,0
953064,0
953065,0
953066,0
953067,0
953068,0
953069,0
953070,0
953071,0
953072,0
953073,0
953074,0
953075,0
953076,0
953077,0
953078,0
953079,0
953080,0
953081,0
953082,0
953083,0
953084,0
953085,0
953086,0
953087,0
953088,0
953089,0
953090,0
953091,0
953092,0
953093,0
953094,0
953095,0
953096,0
953097,0
953098,0
953099,0
953100,0
953101,0
953102,0
953103,0
953104,0
953105,0
953106,0
953107,0
953108,0
953109,0
953110,0
953111,0
953112,0
953113,0
953114,0
953115,0
953116,0
953117,0
953118,0
953119,0
953120,0
953121,0
953122,0
953123,0
953124,0
953125,0
953126,0
953127,0
953128,0
953129,0
953130,0
953131,0
953132,0
953133,0
953134,0
953135,0
953136,0
953137,0
953138,0
953139,0
953140,0
953141,0
953142,0
953143,0
953144,0
953145,0
953146,0
953147,0
953148,0
953149,0
953150,0
953151,0
953152,0
953153,0
953154,0
953155,0
953156,0
953157,0
953158,0
953159,0
953160,0
953161,0
953162,0
953163,0
953164,0
953165,0
953166,0
953167,0
953168,0
953169,0
953170,0
953171,0
953172,0
953173,0
953174,0
953175,0
953176,0
953177,0
953178,0
953179,0
953180,0
953181,0
953182,0
953183,0
953184,0
953185,0
953186,0
953187,0
953188,0
953189,0
953190,0
953191,0
953192,0
953193,0
953194,0
953195,0
953196,0
953197,0
953198,0
953199,0
953200,0
953201,0
953202,0
953203,0
953204,0
953205,0
953206,0
953207,0
953208,0
953209,0
953210,0
953211,0
953212,0
953213,0
953214,0
953215,0
953216,0
953217,0
953218,0
953219,0
953220,0
953221,0
953222,0
953223,0
953224,0
953225,0
953226,0
953227,0
953228,0
953229,0
953230,0
953231,0
953232,0
953233,0
953234,0
953235,0
953236,0
953237,0
953238,0
953239,0
953240,0
953241,0
953242,0
953243,0
953244,0
953245,0
953246,0
953247,0
953248,0
953249,0
953250,0
953251,0
953252,0
953253,0
953254,0
953255,0
953256,0
953257,0
953258,0
953259,0
953260,1
953261,0
953262,0
953263,1
953264,0
953265,0
953266,0
953267,0
953268,0
953269,0
953270,0
953271,0
953272,0
953273,0
953274,0
953275,0
953276,0
953277,0
953278,0
953279,0
953280,0
953281,0
953282,0
953283,0
953284,0
953285,0
953286,0
953287,0
953288,0
953289,0
953290,0
953291,0
953292,0
953293,0
953294,0
953295,0
953296,0
953297,0
953298,0
953299,0
953300,0
953301,0
953302,0
953303,0
953304,0
953305,0
953306,0
953307,0
953308,0
953309,0
953310,0
953311,0
953312,0
953313,0
953314,0
953315,0
953316,1
953317,0
953318,0
953319,0
953320,0
953321,0
953322,0
953323,0
953324,0
953325,0
953326,0
953327,0
953328,0
953329,0
953330,0
953331,0
953332,0
953333,0
953334,0
953335,0
953336,0
953337,0
953338,0
953339,0
953340,0
953341,0
953342,0
953343,0
953344,0
953345,0
953346,0
953347,0
953348,0
953349,0
953350,0
953351,0
953352,0
953353,0
953354,0
953355,0
953356,0
953357,0
953358,0
953359,0
953360,0
953361,0
953362,0
953363,0
953364,0
953365,0
953366,0
953367,0
953368,0
953369,0
953370,0
953371,0
953372,0
953373,0
953374,0
953375,0
953376,0
953377,0
953378,0
953379,0
953380,0
953381,0
953382,0
953383,0
953384,0
953385,0
953386,0
953387,0
953388,0
953389,0
953390,0
953391,0
953392,0
953393,0
953394,0
953395,0
953396,0
953397,0
953398,0
953399,0
953400,0
953401,0
953402,0
953403,0
953404,0
953405,0
953406,0
953407,0
953408,0
953409,0
953410,0
953411,0
953412,0
953413,0
953414,0
953415,0
953416,0
953417,0
953418,0
953419,0
953420,0
953421,0
953422,0
953423,0
953424,0
953425,0
953426,0
953427,0
953428,0
953429,0
953430,0
953431,0
953432,0
953433,0
953434,0
953435,0
953436,0
953437,0
953438,0
953439,0
953440,0
953441,0
953442,0
953443,0
953444,0
953445,0
953446,0
953447,0
953448,0
953449,0
953450,0
953451,0
953452,0
953453,0
953454,0
953455,0
953456,0
953457,0
953458,0
953459,0
953460,0
953461,0
953462,0
953463,0
953464,0
953465,0
953466,0
953467,0
953468,0
953469,0
953470,0
953471,0
953472,0
953473,0
953474,0
953475,0
953476,0
953477,0
953478,0
953479,0
953480,0
953481,0
953482,0
953483,0
953484,0
953485,0
953486,0
953487,0
953488,0
953489,0
953490,0
953491,0
953492,0
953493,0
953494,0
953495,0
953496,0
953497,0
953498,0
953499,0
953500,0
953501,0
953502,0
953503,0
953504,0
953505,0
953506,0
953507,0
953508,0
953509,0
953510,0
953511,0
953512,0
953513,0
953514,0
953515,0
953516,0
953517,0
953518,0
953519,0
953520,0
953521,0
953522,0
953523,0
953524,0
953525,0
953526,0
953527,0
953528,0
953529,0
953530,0
953531,0
953532,0
953533,0
953534,0
953535,0
953536,0
953537,0
953538,0
953539,0
953540,0
953541,0
953542,0
953543,0
953544,0
953545,0
953546,0
953547,0
953548,0
953549,0
953550,0
953551,0
953552,0
953553,0
953554,0
953555,0
953556,0
953557,0
953558,0
953559,0
953560,0
953561,0
953562,0
953563,0
953564,0
953565,0
953566,0
953567,0
953568,0
953569,0
953570,0
953571,0
953572,0
953573,0
953574,0
953575,0
953576,0
953577,0
953578,0
953579,0
953580,0
953581,0
953582,0
953583,0
953584,0
953585,0
953586,0
953587,0
953588,0
953589,0
953590,0
953591,0
953592,0
953593,0
953594,1
953595,0
953596,0
953597,0
953598,0
953599,0
953600,0
953601,0
953602,0
953603,0
953604,0
953605,0
953606,0
953607,0
953608,0
953609,0
953610,0
953611,0
953612,0
953613,0
953614,0
953615,0
953616,0
953617,0
953618,0
953619,0
953620,0
953621,0
953622,0
953623,0
953624,0
953625,0
953626,0
953627,0
953628,0
953629,0
953630,0
953631,0
953632,0
953633,0
953634,0
953635,0
953636,0
953637,0
953638,0
953639,0
953640,0
953641,0
953642,0
953643,0
953644,0
953645,0
953646,0
953647,0
953648,1
953649,0
953650,0
953651,0
953652,0
953653,0
953654,0
953655,0
953656,0
953657,0
953658,0
953659,0
953660,0
953661,0
953662,0
953663,0
953664,0
953665,0
953666,0
953667,0
953668,0
953669,20
953670,0
953671,0
953672,16
953673,0
953674,0
953675,15
953676,0
953677,0
953678,14
953679,0
953680,0
953681,0
953682,0
953683,13
953684,0
953685,18
953686,0
953687,0
953688,0
953689,19
953690,0
953691,0
953692,0
953693,0
953694,20
953695,14
953696,0
953697,0
953698,0
953699,0
953700,0
953701,0
953702,0
953703,0
953704,0
953705,22
953706,30
953707,19
953708,0
953709,12
953710,0
953711,0
953712,0
953713,0
953714,18
953715,16
953716,0
953717,0
953718,24
953719,0
953720,0
953721,0
953722,12
953723,0
953724,19
953725,17
953726,13
953727,0
953728,0
953729,0
953730,0
953731,0
953732,16
953733,15
953734,16
953735,11
953736,0
953737,0
953738,0
953739,13
953740,0
953741,0
953742,0
953743,0
953744,0
953745,0
953746,0
953747,0
953748,24
953749,0
953750,0
953751,16
953752,0
953753,0
953754,0
953755,0
953756,0
953757,0
953758,18
953759,0
953760,0
953761,0
953762,0
953763,0
953764,17
953765,10
953766,0
953767,0
953768,0
953769,0
953770,0
953771,0
953772,0
953773,0
953774,0
953775,0
953776,0
953777,0
953778,0
953779,0
953780,0
953781,0
953782,0
953783,0
953784,0
953785,0
953786,0
953787,16
953788,0
953789,0
953790,0
953791,20
953792,12
953793,0
953794,0
953795,10
953796,0
953797,0
953798,0
953799,0
953800,0
953801,22
953802,0
953803,0
953804,0
953805,0
953806,0
953807,0
953808,0
953809,0
953810,0
953811,0
953812,0
953813,0
953814,0
953815,0
953816,0
953817,0
953818,0
953819,0
953820,0
953821,0
953822,0
953823,21
953824,0
953825,0
953826,0
953827,0
953828,0
953829,0
953830,0
953831,0
953832,0
953833,0
953834,0
953835,0
953836,21
953837,0
953838,0
953839,0
953840,0
953841,0
953842,0
953843,0
953844,0
953845,0
953846,0
953847,0
953848,0
953849,0
953850,0
953851,0
953852,0
953853,0
953854,17
953855,0
953856,0
953857,0
953858,0
953859,0
953860,0
953861,0
953862,0
953863,0
953864,0
953865,0
953866,0
953867,0
953868,0
953869,28
953870,0
953871,0
953872,0
953873,0
953874,0
953875,0
953876,0
953877,0
953878,0
953879,0
953880,0
953881,0
953882,0
953883,0
953884,0
953885,0
953886,0
953887,0
953888,0
953889,0
953890,0
953891,0
953892,0
953893,0
953894,0
953895,21
953896,0
953897,21
953898,0
953899,0
953900,0
953901,0
953902,0
953903,26
953904,0
953905,0
953906,0
953907,0
953908,0
953909,0
953910,0
953911,0
953912,0
953913,15
953914,0
953915,0
953916,0
953917,0
953918,0
953919,0
953920,0
953921,0
953922,0
953923,0
953924,21
953925,0
953926,0
953927,0
953928,0
953929,0
953930,0
953931,0
953932,0
953933,0
953934,0
953935,0
953936,18
953937,0
953938,0
953939,0
953940,0
953941,0
953942,0
953943,0
953944,0
953945,0
953946,0
953947,0
953948,0
953949,0
953950,0
953951,0
953952,0
953953,0
953954,0
953955,0
953956,0
953957,0
953958,0
953959,0
953960,0
953961,21
953962,0
953963,0
953964,0
953965,0
953966,0
953967,0
953968,0
953969,0
953970,0
953971,0
953972,0
953973,0
953974,0
953975,0
953976,0
953977,0
953978,0
953979,0
953980,0
953981,0
953982,0
953983,0
953984,0
953985,0
953986,0
953987,0
953988,0
953989,0
953990,0
953991,0
953992,0
953993,0
953994,0
953995,0
953996,0
953997,22
953998,0
953999,0
954000,0
954001,0
954002,0
954003,0
954004,12
954005,0
954006,0
954007,0
954008,0
954009,0
954010,0
954011,0
954012,0
954013,12
954014,0
954015,0
954016,0
954017,0
954018,0
954019,0
954020,0
954021,0
954022,0
954023,0
954024,24
954025,0
954026,11
954027,0
954028,0
954029,0
954030,0
954031,0
954032,0
954033,0
954034,0
954035,0
954036,0
954037,0
954038,0
954039,0
954040,0
954041,0
954042,0
954043,16
954044,0
954045,0
954046,0
954047,22
954048,0
954049,0
954050,0
954051,0
954052,0
954053,0
954054,0
954055,0
954056,0
954057,0
954058,0
954059,0
954060,0
954061,12
954062,0
954063,0
954064,0
954065,0
954066,0
954067,0
954068,0
954069,0
954070,0
954071,0
954072,0
954073,26
954074,0
954075,0
954076,0
954077,0
954078,0
954079,0
954080,0
954081,0
954082,0
954083,0
954084,0
954085,0
954086,0
954087,0
954088,0
954089,0
954090,0
954091,0
954092,0
954093,0
954094,0
954095,0
954096,0
954097,0
954098,0
954099,0
954100,0
954101,0
954102,0
954103,26
954104,0
954105,0
954106,0
954107,0
954108,0
954109,0
954110,0
954111,0
954112,0
954113,0
954114,0
954115,0
954116,0
954117,0
954118,0
954119,0
954120,0
954121,0
954122,0
954123,0
954124,0
954125,0
954126,0
954127,0
954128,0
954129,0
954130,16
954131,20
954132,0
954133,0
954134,0
954135,0
954136,0
954137,0
954138,0
954139,0
954140,0
954141,0
954142,0
954143,0
954144,0
954145,0
954146,23
954147,29
954148,0
954149,0
954150,0
954151,0
954152,0
954153,0
954154,0
954155,0
954156,0
954157,0
954158,0
954159,0
954160,0
954161,0
954162,0
954163,0
954164,25
954165,0
954166,0
954167,0
954168,0
954169,0
954170,0
954171,0
954172,0
954173,0
954174,0
954175,0
954176,0
954177,0
954178,0
954179,0
954180,0
954181,28
954182,0
954183,0
954184,0
954185,0
954186,0
954187,0
954188,18
954189,0
954190,0
954191,0
954192,0
954193,0
954194,19
954195,0
954196,0
954197,0
954198,0
954199,0
954200,15
954201,0
954202,0
954203,0
954204,20
954205,0
954206,0
954207,0
954208,0
954209,0
954210,27
954211,20
954212,0
954213,0
954214,0
954215,0
954216,0
954217,0
954218,0
954219,0
954220,0
954221,0
954222,0
954223,0
954224,19
954225,15
954226,0
954227,0
954228,0
954229,0
954230,0
954231,0
954232,0
954233,0
954234,0
954235,0
954236,0
954237,18
954238,0
954239,0
954240,0
954241,0
954242,0
954243,0
954244,0
954245,0
954246,0
954247,0
954248,0
954249,0
954250,0
954251,0
954252,26
954253,0
954254,0
954255,0
954256,0
954257,0
954258,0
954259,0
954260,0
954261,0
954262,0
954263,0
954264,0
954265,0
954266,0
954267,0
954268,0
954269,0
954270,0
954271,0
954272,0
954273,0
954274,0
954275,0
954276,0
954277,0
954278,0
954279,0
954280,29
954281,0
954282,0
954283,0
954284,0
954285,0
954286,0
954287,0
954288,0
954289,0
954290,0
954291,0
954292,0
954293,0
954294,0
954295,10
954296,0
954297,0
954298,0
954299,0
954300,0
954301,0
954302,0
954303,0
954304,0
954305,0
954306,0
954307,0
954308,0
954309,0
954310,0
954311,0
954312,0
954313,0
954314,0
954315,0
954316,0
954317,0
954318,0
954319,0
954320,0
954321,0
954322,0
954323,0
954324,0
954325,0
954326,0
954327,0
954328,0
954329,0
954330,0
954331,0
954332,0
954333,0
954334,0
954335,0
954336,0
954337,0
954338,0
954339,0
954340,0
954341,0
954342,0
954343,0
954344,0
954345,0
954346,0
954347,0
954348,0
954349,0
954350,0
954351,0
954352,0
954353,0
954354,0
954355,0
954356,0
954357,0
954358,0
954359,20
954360,0
954361,0
954362,0
954363,0
954364,0
954365,0
954366,0
954367,0
954368,0
954369,0
954370,0
954371,0
954372,0
954373,0
954374,0
954375,0
954376,0
954377,0
954378,18
954379,0
954380,0
954381,0
954382,0
954383,0
954384,0
954385,0
954386,0
954387,0
954388,0
954389,41
954390,0
954391,0
954392,0
954393,0
954394,0
954395,0
954396,0
954397,0
954398,0
954399,13
954400,0
954401,0
954402,0
954403,0
954404,0
954405,0
954406,0
954407,0
954408,0
954409,0
954410,0
954411,0
954412,0
954413,0
954414,0
954415,0
954416,0
954417,26
954418,0
954419,0
954420,0
954421,0
954422,0
954423,0
954424,0
954425,0
954426,0
954427,23
954428,0
954429,0
954430,0
954431,0
954432,0
954433,16
954434,0
954435,0
954436,0
954437,0
954438,0
954439,0
954440,0
954441,0
954442,0
954443,0
954444,0
954445,0
954446,0
954447,0
954448,0
954449,0
954450,0
954451,0
954452,0
954453,0
954454,0
954455,0
954456,0
954457,0
954458,0
954459,0
954460,0
954461,0
954462,18
954463,0
954464,0
954465,25
954466,0
954467,0
954468,0
954469,0
954470,0
954471,0
954472,0
954473,0
954474,0
954475,0
954476,0
954477,0
954478,0
954479,0
954480,0
954481,0
954482,0
954483,0
954484,0
954485,0
954486,0
954487,0
954488,0
954489,0
954490,25
954491,0
954492,0
954493,11
954494,0
954495,0
954496,0
954497,14
954498,0
954499,0
954500,0
954501,0
954502,0
954503,0
954504,27
954505,0
954506,0
954507,0
954508,0
954509,0
954510,0
954511,0
954512,20
954513,29
954514,0
954515,0
954516,0
954517,0
954518,0
954519,0
954520,0
954521,0
954522,0
954523,0
954524,0
954525,0
954526,0
954527,0
954528,23
954529,0
954530,0
954531,0
954532,0
954533,0
954534,0
954535,0
954536,0
954537,0
954538,16
954539,8
954540,0
954541,0
954542,0
954543,0
954544,0
954545,0
954546,16
954547,0
954548,0
954549,0
954550,0
954551,0
954552,0
954553,0
954554,0
954555,0
954556,20
954557,0
954558,0
954559,0
954560,0
954561,0
954562,0
954563,0
954564,0
954565,16
954566,13
954567,19
954568,0
954569,0
954570,0
954571,0
954572,0
954573,30
954574,20
954575,0
954576,0
954577,0
954578,16
954579,11
954580,0
954581,0
954582,0
954583,0
954584,19
954585,0
954586,11
954587,0
954588,0
954589,0
954590,0
954591,22
954592,0
954593,0
954594,0
954595,20
954596,23
954597,0
954598,14
954599,0
954600,0
954601,0
954602,0
954603,21
954604,0
954605,0
954606,18
954607,0
954608,0
954609,0
954610,0
954611,0
954612,16
954613,0
954614,0
954615,0
954616,0
954617,0
954618,20
954619,0
954620,0
954621,0
954622,0
954623,0
954624,0
954625,0
954626,0
954627,21
954628,0
954629,12
954630,0
954631,0
954632,0
954633,0
954634,0
954635,1
954636,0
954637,0
954638,0
954639,0
954640,8
954641,0
954642,0
954643,0
954644,4
954645,5
954646,0
954647,7
954648,10
954649,0
954650,12
954651,6
954652,0
954653,0
954654,0
954655,0
954656,0
954657,0
954658,0
954659,0
954660,7
954661,0
954662,6
954663,0
954664,0
954665,3
954666,0
954667,0
954668,0
954669,0
954670,0
954671,0
954672,7
954673,0
954674,0
954675,0
954676,0
954677,0
954678,0
954679,0
954680,0
954681,0
954682,0
954683,0
954684,0
954685,0
954686,0
954687,0
954688,3
954689,4
954690,0
954691,0
954692,0
954693,0
954694,7
954695,3
954696,8
954697,0
954698,0
954699,0
954700,8
954701,10
954702,0
954703,0
954704,0
954705,9
954706,0
954707,0
954708,0
954709,12
954710,0
954711,0
954712,0
954713,0
954714,0
954715,0
954716,0
954717,0
954718,7
954719,0
954720,0
954721,9
954722,0
954723,10
954724,0
954725,0
954726,0
954727,4
954728,0
954729,0
954730,0
954731,5
954732,4
954733,0
954734,0
954735,0
954736,4
954737,0
954738,10
954739,0
954740,0
954741,0
954742,8
954743,0
954744,0
954745,4
954746,0
954747,0
954748,0
954749,0
954750,0
954751,0
954752,0
954753,0
954754,0
954755,0
954756,0
954757,0
954758,0
954759,0
954760,0
954761,0
954762,0
954763,0
954764,5
954765,5
954766,0
954767,0
954768,0
954769,0
954770,0
954771,0
954772,0
954773,0
954774,0
954775,0
954776,0
954777,0
954778,8
954779,0
954780,0
954781,0
954782,0
954783,0
954784,4
954785,5
954786,0
954787,6
954788,0
954789,6
954790,0
954791,0
954792,0
954793,0
954794,0
954795,9
954796,0
954797,0
954798,0
954799,0
954800,0
954801,5
954802,0
954803,0
954804,0
954805,0
954806,11
954807,0
954808,0
954809,0
954810,0
954811,0
954812,0
954813,0
954814,0
954815,0
954816,0
954817,0
954818,0
954819,0
954820,0
954821,0
954822,7
954823,8
954824,0
954825,0
954826,0
954827,3
954828,0
954829,0
954830,0
954831,0
954832,6
954833,0
954834,0
954835,6
954836,0
954837,8
954838,0
954839,0
954840,0
954841,0
954842,0
954843,0
954844,5
954845,6
954846,0
954847,0
954848,0
954849,0
954850,7
954851,8
954852,0
954853,0
954854,0
954855,0
954856,4
954857,0
954858,4
954859,0
954860,0
954861,0
954862,0
954863,8
954864,0
954865,0
954866,0
954867,0
954868,0
954869,0
954870,0
954871,0
954872,0
954873,0
954874,0
954875,0
954876,0
954877,0
954878,0
954879,0
954880,0
954881,11
954882,8
954883,0
954884,0
954885,7
954886,0
954887,0
954888,4
954889,12
954890,0
954891,0
954892,0
954893,0
954894,1
954895,0
954896,7
954897,0
954898,0
954899,0
954900,8
954901,0
954902,0
954903,0
954904,10
954905,0
954906,0
954907,2
954908,0
954909,5
954910,7
954911,0
954912,0
954913,0
954914,0
954915,0
954916,0
954917,0
954918,0
954919,0
954920,8
954921,0
954922,0
954923,7
954924,0
954925,0
954926,0
954927,0
954928,0
954929,0
954930,0
954931,0
954932,0
954933,0
954934,0
954935,8
954936,9
954937,7
954938,0
954939,0
954940,0
954941,0
954942,0
954943,0
954944,0
954945,0
954946,0
954947,0
954948,0
954949,8
954950,0
954951,0
954952,0
954953,9
954954,0
954955,0
954956,0
954957,0
954958,14
954959,0
954960,0
954961,0
954962,2
954963,6
954964,0
954965,0
954966,0
954967,0
954968,0
954969,0
954970,0
954971,0
954972,4
954973,0
954974,0
954975,3
954976,0
954977,0
954978,0
954979,0
954980,0
954981,0
954982,0
954983,0
954984,11
954985,11
954986,0
954987,4
954988,0
954989,0
954990,5
954991,0
954992,0
954993,0
954994,0
954995,9
954996,0
954997,6
954998,6
954999,0
955000,0
955001,0
955002,0
955003,0
955004,0
955005,0
955006,0
955007,0
955008,0
955009,0
955010,0
955011,0
955012,6
955013,0
955014,9
955015,0
955016,0
955017,0
955018,0
955019,0
955020,0
955021,0
955022,0
955023,0
955024,0
955025,0
955026,0
955027,0
955028,0
955029,7
955030,0
955031,6
955032,4
955033,0
955034,0
955035,9
955036,0
955037,0
955038,4
955039,0
955040,0
955041,3
955042,0
955043,3
955044,0
955045,0
955046,0
955047,0
955048,0
955049,0
955050,0
955051,0
955052,0
955053,0
955054,0
955055,0
955056,0
955057,0
955058,7
955059,0
955060,0
955061,9
955062,2
955063,0
955064,7
955065,0
955066,0
955067,0
955068,0
955069,0
955070,7
955071,0
955072,0
955073,0
955074,0
955075,0
955076,4
955077,0
955078,0
955079,0
955080,0
955081,0
955082,0
955083,0
955084,0
955085,0
955086,0
955087,0
955088,0
955089,0
955090,0
955091,0
955092,0
955093,0
955094,8
955095,0
955096,0
955097,3
955098,0
955099,0
955100,0
955101,0
955102,0
955103,0
955104,0
955105,0
955106,0
955107,0
955108,3
955109,0
955110,0
955111,0
955112,0
955113,0
955114,0
955115,2
955116,0
955117,2
955118,0
955119,0
955120,0
955121,0
955122,0
955123,0
955124,0
955125,0
955126,0
955127,0
955128,0
955129,0
955130,0
955131,0
955132,0
955133,0
955134,0
955135,0
955136,0
955137,0
955138,0
955139,0
955140,10
955141,0
955142,0
955143,6
955144,0
955145,0
955146,0
955147,0
955148,0
955149,7
955150,0
955151,0
955152,0
955153,0
955154,0
955155,0
955156,0
955157,4
955158,0
955159,0
955160,8
955161,10
955162,0
955163,0
955164,0
955165,0
955166,8
955167,0
955168,6
955169,0
955170,0
955171,0
955172,0
955173,0
955174,0
955175,0
955176,0
955177,8
955178,0
955179,0
955180,0
955181,0
955182,0
955183,0
955184,0
955185,0
955186,8
955187,0
955188,0
955189,6
955190,0
955191,0
955192,0
955193,22
955194,27
955195,23
955196,0
955197,28
955198,0
955199,0
955200,0
955201,29
955202,25
955203,19
955204,0
955205,0
955206,0
955207,0
955208,0
955209,0
955210,0
955211,0
955212,10
955213,0
955214,28
955215,28
955216,0
955217,0
955218,19
955219,0
955220,16
955221,0
955222,0
955223,0
955224,24
955225,0
955226,0
955227,0
955228,0
955229,0
955230,28
955231,0
955232,0
955233,27
955234,0
955235,0
955236,24
955237,0
955238,20
955239,0
955240,0
955241,0
955242,0
955243,0
955244,17
955245,13
955246,0
955247,23
955248,0
955249,0
955250,0
955251,0
955252,19
955253,29
955254,0
955255,0
955256,0
955257,0
955258,0
955259,28
955260,0
955261,20
955262,0
955263,0
955264,0
955265,0
955266,0
955267,0
955268,26
955269,0
955270,0
955271,14
955272,29
955273,0
955274,0
955275,0
955276,0
955277,0
955278,25
955279,30
955280,0
955281,0
955282,0
955283,0
955284,0
955285,28
955286,31
955287,14
955288,0
955289,0
955290,0
955291,0
955292,0
955293,0
955294,0
955295,0
955296,0
955297,0
955298,0
955299,0
955300,23
955301,0
955302,0
955303,32
955304,0
955305,0
955306,31
955307,40
955308,0
955309,48
955310,0
955311,0
955312,0
955313,0
955314,0
955315,0
955316,0
955317,0
955318,0
955319,0
955320,0
955321,0
955322,0
955323,0
955324,0
955325,0
955326,0
955327,0
955328,0
955329,24
955330,0
955331,0
955332,41
955333,26
955334,0
955335,28
955336,0
955337,0
955338,0
955339,30
955340,14
955341,36
955342,25
955343,29
955344,0
955345,0
955346,39
955347,0
955348,27
955349,0
955350,26
955351,0
955352,0
955353,0
955354,0
955355,0
955356,0
955357,26
955358,0
955359,0
955360,0
955361,36
955362,0
955363,0
955364,0
955365,0
955366,0
955367,0
955368,0
955369,0
955370,0
955371,0
955372,23
955373,0
955374,0
955375,0
955376,0
955377,0
955378,0
955379,0
955380,0
955381,0
955382,0
955383,0
955384,0
955385,0
955386,0
955387,0
955388,0
955389,0
955390,0
955391,0
955392,0
955393,0
955394,0
955395,29
955396,0
955397,0
955398,27
955399,30
955400,0
955401,0
955402,0
955403,0
955404,0
955405,0
955406,25
955407,0
955408,0
955409,0
955410,0
955411,0
955412,0
955413,0
955414,30
955415,0
955416,0
955417,35
955418,0
955419,0
955420,25
955421,0
955422,0
955423,0
955424,0
955425,28
955426,0
955427,0
955428,0
955429,0
955430,0
955431,0
955432,0
955433,0
955434,0
955435,31
955436,0
955437,24
955438,22
955439,0
955440,0
955441,0
955442,0
955443,0
955444,29
955445,0
955446,37
955447,0
955448,20
955449,0
955450,0
955451,0
955452,0
955453,0
955454,0
955455,0
955456,0
955457,0
955458,0
955459,0
955460,0
955461,0
955462,31
955463,0
955464,0
955465,0
955466,0
955467,0
955468,0
955469,0
955470,0
955471,29
955472,34
955473,0
955474,0
955475,38
955476,0
955477,27
955478,0
955479,29
955480,0
955481,0
955482,0
955483,33
955484,20
955485,0
955486,0
955487,0
955488,0
955489,0
955490,33
955491,0
955492,0
955493,26
955494,0
955495,0
955496,24
955497,25
955498,27
955499,0
955500,0
955501,0
955502,28
955503,0
955504,0
955505,20
955506,0
955507,0
955508,0
955509,0
955510,0
955511,0
955512,0
955513,30
955514,0
955515,28
955516,0
955517,0
955518,20
955519,0
955520,0
955521,0
955522,0
955523,30
955524,28
955525,0
955526,0
955527,0
955528,19
955529,24
955530,0
955531,31
955532,0
955533,0
955534,0
955535,0
955536,19
955537,0
955538,0
955539,36
955540,0
955541,14
955542,0
955543,14
955544,0
955545,0
955546,0
955547,22
955548,35
955549,0
955550,0
955551,0
955552,0
955553,41
955554,30
955555,42
955556,0
955557,35
955558,0
955559,0
955560,0
955561,0
955562,0
955563,29
955564,0
955565,0
955566,0
955567,0
955568,39
955569,0
955570,0
955571,0
955572,35
955573,0
955574,0
955575,0
955576,0
955577,25
955578,0
955579,0
955580,0
955581,1
955582,0
955583,0
955584,0
955585,0
955586,0
955587,0
955588,0
955589,0
955590,0
955591,0
955592,0
955593,0
955594,0
955595,0
955596,0
955597,0
955598,0
955599,0
955600,0
955601,3
955602,0
955603,0
955604,0
955605,0
955606,0
955607,0
955608,0
955609,0
955610,7
955611,2
955612,0
955613,0
955614,0
955615,0
955616,0
955617,3
955618,0
955619,0
955620,0
955621,4
955622,0
955623,0
955624,0
955625,0
955626,0
955627,0
955628,0
955629,0
955630,0
955631,0
955632,3
955633,0
955634,0
955635,3
955636,0
955637,2
955638,3
955639,0
955640,1
955641,0
955642,0
955643,0
955644,0
955645,0
955646,0
955647,0
955648,0
955649,0
955650,1
955651,2
955652,0
955653,0
955654,0
955655,0
955656,0
955657,3
955658,0
955659,0
955660,0
955661,0
955662,0
955663,0
955664,0
955665,0
955666,3
955667,0
955668,2
955669,4
955670,0
955671,0
955672,0
955673,0
955674,0
955675,0
955676,0
955677,0
955678,3
955679,0
955680,8
955681,0
955682,0
955683,0
955684,0
955685,0
955686,0
955687,0
955688,0
955689,3
955690,0
955691,0
955692,0
955693,0
955694,0
955695,0
955696,0
955697,0
955698,0
955699,1
955700,1
955701,1
955702,0
955703,0
955704,0
955705,3
955706,0
955707,0
955708,3
955709,0
955710,0
955711,0
955712,2
955713,0
955714,0
955715,0
955716,0
955717,0
955718,0
955719,0
955720,0
955721,0
955722,0
955723,0
955724,0
955725,0
955726,0
955727,0
955728,0
955729,5
955730,2
955731,0
955732,0
955733,0
955734,0
955735,0
955736,0
955737,0
955738,0
955739,0
955740,0
955741,0
955742,2
955743,0
955744,0
955745,2
955746,0
955747,0
955748,0
955749,2
955750,0
955751,0
955752,2
955753,1
955754,0
955755,4
955756,0
955757,0
955758,0
955759,0
955760,0
955761,0
955762,0
955763,3
955764,0
955765,2
955766,0
955767,1
955768,0
955769,1
955770,0
955771,0
955772,5
955773,0
955774,0
955775,0
955776,0
955777,0
955778,0
955779,4
955780,0
955781,0
955782,0
955783,0
955784,2
955785,0
955786,0
955787,0
955788,0
955789,0
955790,0
955791,1
955792,0
955793,0
955794,0
955795,0
955796,0
955797,0
955798,0
955799,0
955800,0
955801,0
955802,3
955803,0
955804,0
955805,0
955806,0
955807,4
955808,0
955809,0
955810,2
955811,1
955812,0
955813,4
955814,0
955815,0
955816,4
955817,2
955818,0
955819,0
955820,3
955821,0
955822,0
955823,0
955824,0
955825,0
955826,0
955827,2
955828,0
955829,0
955830,0
955831,3
955832,0
955833,0
955834,0
955835,0
955836,0
955837,0
955838,0
955839,0
955840,0
955841,0
955842,0
955843,0
955844,0
955845,0
955846,0
955847,0
955848,0
955849,0
955850,0
955851,6
955852,0
955853,3
955854,0
955855,0
955856,5
955857,0
955858,0
955859,0
955860,0
955861,0
955862,0
955863,0
955864,0
955865,0
955866,0
955867,0
955868,0
955869,0
955870,0
955871,0
955872,0
955873,0
955874,0
955875,0
955876,0
955877,0
955878,0
955879,0
955880,0
955881,0
955882,0
955883,0
955884,0
955885,0
955886,4
955887,5
955888,0
955889,0
955890,6
955891,0
955892,0
955893,0
955894,0
955895,0
955896,0
955897,0
955898,0
955899,0
955900,0
955901,0
955902,0
955903,0
955904,0
955905,0
955906,0
955907,6
955908,0
955909,0
955910,0
955911,4
955912,0
955913,0
955914,3
955915,0
955916,0
955917,0
955918,0
955919,2
955920,0
955921,0
955922,0
955923,0
955924,0
955925,0
955926,0
955927,0
955928,0
955929,3
955930,6
955931,0
955932,0
955933,0
955934,1
955935,0
955936,0
955937,0
955938,0
955939,0
955940,0
955941,0
955942,0
955943,0
955944,3
955945,0
955946,0
955947,0
955948,0
955949,0
955950,0
955951,0
955952,0
955953,0
955954,0
955955,0
955956,0
955957,0
955958,0
955959,0
955960,4
955961,1
955962,0
955963,0
955964,0
955965,0
955966,0
955967,4
955968,0
955969,0
955970,0
955971,0
955972,0
955973,0
955974,0
955975,3
955976,0
955977,0
955978,1
955979,0
955980,0
955981,0
955982,0
955983,0
955984,0
955985,1
955986,0
955987,0
955988,0
955989,0
955990,0
955991,0
955992,0
955993,0
955994,0
955995,0
955996,0
955997,0
955998,0
955999,0
956000,1
956001,0
956002,0
956003,0
956004,5
956005,0
956006,0
956007,0
956008,2
956009,0
956010,0
956011,7
956012,0
956013,0
956014,0
956015,2
956016,0
956017,1
956018,0
956019,0
956020,0
956021,0
956022,2
956023,0
956024,0
956025,0
956026,0
956027,0
956028,0
956029,0
956030,0
956031,2
956032,3
956033,0
956034,0
956035,0
956036,0
956037,0
956038,0
956039,1
956040,0
956041,0
956042,0
956043,0
956044,0
956045,0
956046,0
956047,4
956048,5
956049,0
956050,0
956051,0
956052,0
956053,5
956054,0
956055,4
956056,0
956057,4
956058,4
956059,0
956060,0
956061,0
956062,0
956063,0
956064,0
956065,0
956066,0
956067,0
956068,0
956069,8
956070,0
956071,0
956072,3
956073,0
956074,0
956075,0
956076,0
956077,0
956078,0
956079,0
956080,0
956081,0
956082,3
956083,0
956084,0
956085,3
956086,0
956087,0
956088,0
956089,0
956090,6
956091,0
956092,2
956093,0
956094,0
956095,0
956096,0
956097,2
956098,1
956099,0
956100,0
956101,0
956102,0
956103,0
956104,0
956105,5
956106,3
956107,0
956108,3
956109,1
956110,0
956111,0
956112,0
956113,0
956114,5
956115,0
956116,0
956117,0
956118,0
956119,0
956120,0
956121,0
956122,0
956123,0
956124,4
956125,0
956126,0
956127,0
956128,0
956129,0
956130,0
956131,0
956132,2
956133,0
956134,0
956135,0
956136,0
956137,0
956138,0
956139,0
956140,0
956141,0
956142,0
956143,0
956144,3
956145,0
956146,0
956147,1
956148,0
956149,0
956150,7
956151,0
956152,1
956153,6
956154,4
956155,0
956156,0
956157,0
956158,0
956159,0
956160,0
956161,0
956162,0
956163,0
956164,0
956165,0
956166,0
956167,0
956168,0
956169,2
956170,0
956171,0
956172,0
956173,0
956174,0
956175,0
956176,0
956177,0
956178,0
956179,0
956180,0
956181,0
956182,1
956183,0
956184,0
956185,0
956186,0
956187,0
956188,0
956189,6
956190,0
956191,5
956192,0
956193,0
956194,0
956195,3
956196,5
956197,0
956198,0
956199,0
956200,0
956201,0
956202,0
956203,0
956204,0
956205,0
956206,0
956207,0
956208,0
956209,6
956210,0
956211,0
956212,0
956213,0
956214,0
956215,0
956216,0
956217,0
956218,0
956219,0
956220,6
956221,0
956222,0
956223,0
956224,0
956225,0
956226,1
956227,0
956228,0
956229,0
956230,6
956231,0
956232,0
956233,0
956234,0
956235,0
956236,0
956237,0
956238,0
956239,0
956240,0
956241,0
956242,5
956243,3
956244,2
956245,0
956246,0
956247,0
956248,0
956249,0
956250,0
956251,0
956252,0
956253,0
956254,0
956255,0
956256,0
956257,0
956258,0
956259,0
956260,0
956261,0
956262,0
956263,2
956264,5
956265,0
956266,0
956267,0
956268,0
956269,0
956270,0
956271,5
956272,6
956273,0
956274,0
956275,2
956276,0
956277,0
956278,0
956279,2
956280,0
956281,0
956282,1
956283,0
956284,0
956285,0
956286,0
956287,0
956288,6
956289,0
956290,0
956291,0
956292,0
956293,3
956294,0
956295,4
956296,0
956297,0
956298,4
956299,0
956300,0
956301,0
956302,8
956303,0
956304,0
956305,0
956306,0
956307,0
956308,0
956309,0
956310,0
956311,0
956312,0
956313,0
956314,0
956315,0
956316,0
956317,0
956318,0
956319,0
956320,0
956321,0
956322,1
956323,0
956324,0
956325,0
956326,0
956327,0
956328,0
956329,2
956330,0
956331,0
956332,0
956333,0
956334,2
956335,5
956336,0
956337,0
956338,0
956339,1
956340,3
956341,0
956342,0
956343,0
956344,0
956345,0
956346,0
956347,0
956348,0
956349,0
956350,3
956351,0
956352,0
956353,0
956354,0
956355,0
956356,0
956357,0
956358,0
956359,0
956360,0
956361,0
956362,0
956363,7
956364,0
956365,3
956366,0
956367,0
956368,0
956369,0
956370,0
956371,0
956372,4
956373,0
956374,5
956375,0
956376,0
956377,0
956378,0
956379,0
956380,0
956381,0
956382,0
956383,0
956384,0
956385,0
956386,0
956387,0
956388,0
956389,0
956390,0
956391,0
956392,0
956393,0
956394,0
956395,0
956396,0
956397,0
956398,0
956399,0
956400,0
956401,0
956402,0
956403,5
956404,2
956405,3
956406,0
956407,0
956408,4
956409,0
956410,0
956411,0
956412,0
956413,0
956414,2
956415,0
956416,0
956417,0
956418,0
956419,0
956420,2
956421,0
956422,0
956423,0
956424,0
956425,2
956426,0
956427,4
956428,0
956429,0
956430,0
956431,0
956432,2
956433,3
956434,0
956435,6
956436,0
956437,0
956438,0
956439,3
956440,0
956441,0
956442,0
956443,0
956444,3
956445,0
956446,0
956447,0
956448,0
956449,0
956450,0
956451,0
956452,7
956453,0
956454,0
956455,0
956456,2
956457,0
956458,0
956459,0
956460,2
956461,0
956462,3
956463,0
956464,0
956465,3
956466,0
956467,0
956468,0
956469,0
956470,0
956471,0
956472,2
956473,0
956474,0
956475,0
956476,0
956477,3
956478,0
956479,5
956480,0
956481,7
956482,3
956483,0
956484,0
956485,0
956486,0
956487,0
956488,0
956489,0
956490,0
956491,0
956492,0
956493,0
956494,0
956495,0
956496,0
956497,0
956498,0
956499,0
956500,0
956501,3
956502,0
956503,0
956504,0
956505,0
956506,0
956507,0
956508,3
956509,0
956510,0
956511,0
956512,0
956513,0
956514,0
956515,0
956516,0
956517,0
956518,0
956519,0
956520,0
956521,0
956522,0
956523,0
956524,3
956525,0
956526,0
956527,0
956528,0
956529,0
956530,0
956531,0
956532,0
956533,0
956534,0
956535,0
956536,0
956537,0
956538,4
956539,0
956540,0
956541,0
956542,4
956543,0
956544,0
956545,0
956546,0
956547,0
956548,0
956549,0
956550,0
956551,6
956552,0
956553,3
956554,0
956555,0
956556,0
956557,0
956558,0
956559,0
956560,0
956561,0
956562,0
956563,3
956564,0
956565,0
956566,16
956567,17
956568,0
956569,0
956570,0
956571,14
956572,11
956573,0
956574,0
956575,0
956576,0
956577,0
956578,0
956579,22
956580,0
956581,0
956582,0
956583,0
956584,13
956585,0
956586,33
956587,0
956588,8
956589,0
956590,0
956591,7
956592,0
956593,0
956594,0
956595,0
956596,0
956597,17
956598,0
956599,18
956600,19
956601,0
956602,0
956603,0
956604,0
956605,0
956606,14
956607,16
956608,0
956609,15
956610,9
956611,0
956612,14
956613,0
956614,0
956615,0
956616,0
956617,18
956618,0
956619,0
956620,0
956621,0
956622,17
956623,0
956624,0
956625,0
956626,14
956627,0
956628,22
956629,0
956630,0
956631,21
956632,9
956633,9
956634,0
956635,0
956636,13
956637,0
956638,23
956639,0
956640,0
956641,0
956642,18
956643,0
956644,0
956645,25
956646,11
956647,13
956648,14
956649,18
956650,0
956651,0
956652,0
956653,0
956654,0
956655,0
956656,9
956657,0
956658,0
956659,0
956660,0
956661,0
956662,0
956663,15
956664,18
956665,14
956666,0
956667,0
956668,0
956669,0
956670,0
956671,0
956672,10
956673,0
956674,12
956675,19
956676,0
956677,0
956678,16
956679,0
956680,26
956681,0
956682,0
956683,0
956684,0
956685,15
956686,0
956687,0
956688,0
956689,0
956690,0
956691,0
956692,0
956693,0
956694,0
956695,0
956696,0
956697,0
956698,0
956699,12
956700,0
956701,0
956702,0
956703,12
956704,0
956705,21
956706,15
956707,0
956708,0
956709,13
956710,0
956711,0
956712,0
956713,11
956714,0
956715,0
956716,0
956717,0
956718,0
956719,0
956720,0
956721,0
956722,0
956723,8
956724,0
956725,0
956726,0
956727,17
956728,0
956729,20
956730,0
956731,0
956732,14
956733,18
956734,0
956735,0
956736,0
956737,16
956738,16
956739,0
956740,0
956741,12
956742,22
956743,25
956744,0
956745,0
956746,0
956747,13
956748,0
956749,0
956750,0
956751,5
956752,13
956753,9
956754,19
956755,0
956756,0
956757,15
956758,0
956759,28
956760,8
956761,17
956762,9
956763,0
956764,0
956765,13
956766,22
956767,17
956768,18
956769,0
956770,0
956771,0
956772,12
956773,0
956774,0
956775,0
956776,0
956777,0
956778,14
956779,0
956780,0
956781,0
956782,16
956783,0
956784,0
956785,0
956786,0
956787,0
956788,0
956789,0
956790,0
956791,26
956792,15
956793,0
956794,0
956795,0
956796,0
956797,0
956798,0
956799,13
956800,0
956801,11
956802,0
956803,0
956804,0
956805,18
956806,12
956807,0
956808,0
956809,7
956810,20
956811,0
956812,0
956813,16
956814,0
956815,0
956816,0
956817,0
956818,0
956819,0
956820,0
956821,0
956822,22
956823,17
956824,0
956825,0
956826,0
956827,0
956828,0
956829,0
956830,0
956831,20
956832,0
956833,0
956834,0
956835,0
956836,19
956837,0
956838,0
956839,20
956840,0
956841,0
956842,0
956843,0
956844,0
956845,0
956846,0
956847,16
956848,0
956849,0
956850,0
956851,0
956852,13
956853,0
956854,0
956855,0
956856,0
956857,0
956858,0
956859,7
956860,0
956861,0
956862,0
956863,0
956864,0
956865,0
956866,0
956867,0
956868,0
956869,0
956870,0
956871,0
956872,15
956873,10
956874,0
956875,0
956876,0
956877,0
956878,0
956879,0
956880,28
956881,0
956882,0
956883,12
956884,20
956885,21
956886,0
956887,0
956888,12
956889,0
956890,12
956891,0
956892,0
956893,0
956894,15
956895,0
956896,0
956897,0
956898,0
956899,14
956900,0
956901,0
956902,0
956903,0
956904,21
956905,17
956906,0
956907,14
956908,0
956909,16
956910,23
956911,0
956912,17
956913,10
956914,14
956915,0
956916,22
956917,0
956918,0
956919,0
956920,7
956921,0
956922,0
956923,0
956924,18
956925,15
956926,0
956927,0
956928,0
956929,20
956930,0
956931,8
956932,0
956933,0
956934,11
956935,0
956936,0
956937,0
956938,0
956939,0
956940,0
956941,0
956942,0
956943,0
956944,13
956945,0
956946,0
956947,0
956948,0
956949,0
956950,17
956951,12
956952,0
956953,16
956954,0
956955,11
956956,15
956957,0
956958,0
956959,0
956960,0
956961,7
956962,0
956963,11
956964,0
956965,15
956966,15
956967,0
956968,0
956969,0
956970,15
956971,0
956972,0
956973,0
956974,0
956975,8
956976,11
956977,0
956978,0
956979,16
956980,0
956981,0
956982,0
956983,0
956984,13
956985,0
956986,0
956987,19
956988,0
956989,7
956990,0
956991,0
956992,0
956993,0
956994,0
956995,0
956996,0
956997,0
956998,0
956999,0
957000,0
957001,0
957002,7
957003,0
957004,0
957005,0
957006,0
957007,0
957008,17
957009,0
957010,0
957011,0
957012,13
957013,0
957014,6
957015,0
957016,23
957017,0
957018,0
957019,0
957020,0
957021,25
957022,12
957023,0
957024,0
957025,0
957026,12
957027,0
957028,9
957029,17
957030,12
957031,10
957032,0
957033,0
957034,10
957035,0
957036,0
957037,0
957038,14
957039,0
957040,0
957041,9
957042,15
957043,18
957044,9
957045,24
957046,0
957047,0
957048,13
957049,0
957050,0
957051,0
957052,0
957053,0
957054,0
957055,18
957056,0
957057,0
957058,0
957059,0
957060,0
957061,0
957062,0
957063,8
957064,29
957065,0
957066,0
957067,0
957068,12
957069,0
957070,0
957071,0
957072,0
957073,0
957074,9
957075,0
957076,0
957077,0
957078,0
957079,0
957080,22
957081,0
957082,0
957083,0
957084,11
957085,21
957086,16
957087,16
957088,0
957089,18
957090,18
957091,21
957092,8
957093,0
957094,0
957095,22
957096,16
957097,3
957098,0
957099,0
957100,0
957101,0
957102,0
957103,10
957104,19
957105,0
957106,0
957107,0
957108,11
957109,14
957110,22
957111,15
957112,0
957113,21
957114,0
957115,26
957116,0
957117,0
957118,9
957119,0
957120,0
957121,0
957122,0
957123,0
957124,0
957125,12
957126,0
957127,0
957128,0
957129,0
957130,19
957131,0
957132,0
957133,0
957134,14
957135,0
957136,19
957137,0
957138,0
957139,0
957140,0
957141,0
957142,25
957143,0
957144,0
957145,0
957146,0
957147,18
957148,0
957149,9
957150,0
957151,0
957152,21
957153,0
957154,0
957155,0
957156,0
957157,12
957158,0
957159,0
957160,0
957161,0
957162,0
957163,0
957164,21
957165,0
957166,0
957167,13
957168,0
957169,0
957170,0
957171,14
957172,0
957173,0
957174,19
957175,0
957176,0
957177,19
957178,0
957179,19
957180,0
957181,20
957182,0
957183,0
957184,0
957185,0
957186,0
957187,0
957188,0
957189,0
957190,0
957191,0
957192,0
957193,17
957194,0
957195,10
957196,16
957197,12
957198,0
957199,23
957200,0
957201,0
957202,0
957203,0
957204,0
957205,0
957206,0
957207,6
957208,0
957209,0
957210,0
957211,0
957212,27
957213,0
957214,0
957215,0
957216,0
957217,12
957218,0
957219,0
957220,0
957221,19
957222,13
957223,0
957224,16
957225,0
957226,6
957227,0
957228,9
957229,0
957230,0
957231,0
957232,0
957233,0
957234,0
957235,0
957236,18
957237,16
957238,0
957239,0
957240,18
957241,0
957242,0
957243,0
957244,0
957245,0
957246,0
957247,0
957248,14
957249,0
957250,0
957251,0
957252,0
957253,0
957254,0
957255,0
957256,0
957257,5
957258,19
957259,0
957260,0
957261,0
957262,0
957263,0
957264,16
957265,0
957266,12
957267,14
957268,17
957269,0
957270,0
957271,0
957272,0
957273,6
957274,0
957275,0
957276,0
957277,0
957278,0
957279,8
957280,0
957281,0
957282,0
957283,0
957284,0
957285,0
957286,0
957287,18
957288,0
957289,0
957290,0
957291,0
957292,0
957293,0
957294,0
957295,16
957296,16
957297,0
957298,0
957299,0
957300,9
957301,0
957302,0
957303,0
957304,0
957305,0
957306,0
957307,15
957308,11
957309,0
957310,0
957311,11
957312,4
957313,20
957314,0
957315,0
957316,0
957317,0
957318,15
957319,21
957320,0
957321,0
957322,0
957323,14
957324,0
957325,31
957326,0
957327,0
957328,0
957329,0
957330,0
957331,15
957332,0
957333,0
957334,0
957335,28
957336,0
957337,0
957338,10
957339,0
957340,11
957341,0
957342,0
957343,11
957344,0
957345,0
957346,0
957347,13
957348,0
957349,0
957350,28
957351,0
957352,0
957353,0
957354,27
957355,9
957356,0
957357,0
957358,0
957359,0
957360,0
957361,0
957362,0
957363,12
957364,0
957365,0
957366,0
957367,0
957368,0
957369,0
957370,0
957371,0
957372,0
957373,0
957374,0
957375,0
957376,12
957377,31
957378,0
957379,9
957380,18
957381,0
957382,0
957383,0
957384,9
957385,0
957386,0
957387,26
957388,0
957389,0
957390,0
957391,0
957392,0
957393,0
957394,0
957395,0
957396,0
957397,0
957398,0
957399,20
957400,12
957401,0
957402,11
957403,0
957404,0
957405,0
957406,6
957407,21
957408,14
957409,8
957410,18
957411,0
957412,0
957413,6
957414,10
957415,0
957416,0
957417,0
957418,13
957419,0
957420,0
957421,0
957422,0
957423,0
957424,0
957425,0
957426,10
957427,0
957428,0
957429,0
957430,0
957431,0
957432,0
957433,0
957434,0
957435,0
957436,16
957437,12
957438,0
957439,0
957440,0
957441,14
957442,14
957443,0
957444,18
957445,0
957446,0
957447,17
957448,0
957449,18
957450,10
957451,0
957452,0
957453,0
957454,15
957455,14
957456,0
957457,0
957458,0
957459,0
957460,13
957461,0
957462,0
957463,0
957464,0
957465,0
957466,16
957467,0
957468,0
957469,0
957470,20
957471,0
957472,19
957473,10
957474,15
957475,0
957476,0
957477,0
957478,0
957479,0
957480,0
957481,0
957482,0
957483,0
957484,11
957485,0
957486,0
957487,15
957488,0
957489,0
957490,0
957491,0
957492,0
957493,0
957494,0
957495,0
957496,21
957497,12
957498,0
957499,0
957500,0
957501,0
957502,0
957503,0
957504,0
957505,0
957506,0
957507,0
957508,0
957509,0
957510,0
957511,0
957512,0
957513,15
957514,0
957515,9
957516,0
957517,0
957518,0
957519,22
957520,0
957521,0
957522,15
957523,0
957524,0
957525,0
957526,0
957527,0
957528,0
957529,0
957530,0
957531,0
957532,0
957533,0
957534,0
957535,26
957536,0
957537,0
957538,0
957539,0
957540,0
957541,41
957542,0
957543,38
957544,0
957545,0
957546,39
957547,43
957548,32
957549,51
957550,0
957551,0
957552,0
957553,0
957554,0
957555,0
957556,0
957557,53
957558,0
957559,0
957560,0
957561,0
957562,0
957563,0
957564,32
957565,39
957566,0
957567,0
957568,34
957569,0
957570,26
957571,55
957572,30
957573,50
957574,0
957575,39
957576,0
957577,0
957578,0
957579,0
957580,0
957581,0
957582,0
957583,0
957584,36
957585,0
957586,0
957587,0
957588,0
957589,33
957590,0
957591,25
957592,0
957593,0
957594,23
957595,0
957596,44
957597,33
957598,0
957599,35
957600,0
957601,0
957602,0
957603,0
957604,0
957605,42
957606,0
957607,0
957608,0
957609,0
957610,0
957611,0
957612,0
957613,42
957614,0
957615,0
957616,32
957617,0
957618,0
957619,0
957620,0
957621,0
957622,44
957623,0
957624,38
957625,0
957626,33
957627,0
957628,0
957629,0
957630,0
957631,0
957632,0
957633,0
957634,0
957635,0
957636,24
957637,0
957638,0
957639,0
957640,0
957641,0
957642,0
957643,0
957644,21
957645,0
957646,0
957647,0
957648,0
957649,0
957650,0
957651,0
957652,32
957653,0
957654,0
957655,0
957656,0
957657,28
957658,0
957659,0
957660,25
957661,0
957662,0
957663,0
957664,0
957665,13
957666,0
957667,0
957668,0
957669,0
957670,0
957671,0
957672,0
957673,32
957674,0
957675,0
957676,0
957677,0
957678,26
957679,0
957680,0
957681,0
957682,0
957683,0
957684,0
957685,20
957686,0
957687,0
957688,0
957689,0
957690,0
957691,0
957692,0
957693,0
957694,0
957695,0
957696,0
957697,6
957698,0
957699,0
957700,0
957701,0
957702,0
957703,0
957704,0
957705,0
957706,0
957707,0
957708,16
957709,0
957710,0
957711,0
957712,0
957713,0
957714,0
957715,0
957716,0
957717,0
957718,0
957719,0
957720,0
957721,0
957722,0
957723,0
957724,23
957725,0
957726,0
957727,14
957728,0
957729,0
957730,0
957731,0
957732,0
957733,10
957734,0
957735,0
957736,0
957737,0
957738,0
957739,0
957740,0
957741,0
957742,22
957743,19
957744,0
957745,12
957746,0
957747,0
957748,0
957749,0
957750,0
957751,15
957752,0
957753,0
957754,44
957755,18
957756,0
957757,0
957758,0
957759,0
957760,0
957761,0
957762,0
957763,0
957764,0
957765,0
957766,0
957767,0
957768,0
957769,0
957770,8
957771,0
957772,0
957773,0
957774,19
957775,0
957776,0
957777,0
957778,21
957779,0
957780,0
957781,0
957782,0
957783,0
957784,0
957785,0
957786,25
957787,0
957788,0
957789,29
957790,17
957791,0
957792,0
957793,0
957794,0
957795,14
957796,0
957797,0
957798,8
957799,0
957800,15
957801,0
957802,0
957803,0
957804,17
957805,0
957806,0
957807,0
957808,0
957809,0
957810,0
957811,0
957812,0
957813,0
957814,0
957815,0
957816,0
957817,0
957818,0
957819,0
957820,0
957821,0
957822,0
957823,0
957824,0
957825,0
957826,0
957827,0
957828,0
957829,0
957830,12
957831,0
957832,0
957833,0
957834,0
957835,0
957836,0
957837,0
957838,0
957839,0
957840,0
957841,0
957842,0
957843,0
957844,0
957845,0
957846,22
957847,32
957848,0
957849,0
957850,0
957851,0
957852,0
957853,0
957854,0
957855,0
957856,0
957857,0
957858,0
957859,0
957860,0
957861,0
957862,0
957863,0
957864,0
957865,30
957866,0
957867,0
957868,27
957869,28
957870,0
957871,0
957872,0
957873,0
957874,0
957875,0
957876,0
957877,0
957878,0
957879,0
957880,0
957881,0
957882,0
957883,0
957884,0
957885,0
957886,0
957887,0
957888,0
957889,21
957890,0
957891,0
957892,0
957893,0
957894,0
957895,0
957896,0
957897,27
957898,0
957899,0
957900,36
957901,0
957902,0
957903,30
957904,0
957905,0
957906,0
957907,0
957908,0
957909,0
957910,0
957911,0
957912,0
957913,0
957914,33
957915,32
957916,0
957917,0
957918,0
957919,38
957920,27
957921,49
957922,0
957923,0
957924,0
957925,0
957926,0
957927,0
957928,0
957929,0
957930,0
957931,0
957932,34
957933,25
957934,0
957935,0
957936,0
957937,0
957938,0
957939,0
957940,0
957941,0
957942,0
957943,0
957944,0
957945,0
957946,0
957947,0
957948,0
957949,0
957950,0
957951,0
957952,26
957953,0
957954,0
957955,29
957956,0
957957,0
957958,0
957959,0
957960,0
957961,0
957962,0
957963,0
957964,26
957965,0
957966,0
957967,0
957968,0
957969,0
957970,0
957971,0
957972,30
957973,0
957974,34
957975,0
957976,0
957977,0
957978,0
957979,0
957980,35
957981,0
957982,0
957983,0
957984,0
957985,31
957986,0
957987,0
957988,34
957989,0
957990,32
957991,0
957992,0
957993,0
957994,0
957995,0
957996,0
957997,0
957998,0
957999,0
958000,0
958001,0
958002,0
958003,0
958004,0
958005,23
958006,0
958007,0
958008,0
958009,0
958010,0
958011,0
958012,0
958013,0
958014,0
958015,0
958016,21
958017,0
958018,0
958019,0
958020,0
958021,22
958022,0
958023,28
958024,0
958025,20
958026,0
958027,0
958028,20
958029,0
958030,0
958031,32
958032,0
958033,0
958034,0
958035,0
958036,0
958037,0
958038,0
958039,0
958040,0
958041,0
958042,0
958043,0
958044,0
958045,0
958046,30
958047,0
958048,0
958049,29
958050,0
958051,0
958052,0
958053,0
958054,25
958055,0
958056,0
958057,0
958058,35
958059,0
958060,0
958061,0
958062,19
958063,0
958064,0
958065,34
958066,35
958067,0
958068,29
958069,0
958070,35
958071,40
958072,0
958073,0
958074,0
958075,0
958076,34
958077,0
958078,0
958079,0
958080,0
958081,0
958082,0
958083,0
958084,0
958085,33
958086,0
958087,0
958088,0
958089,0
958090,24
958091,0
958092,0
958093,0
958094,0
958095,28
958096,0
958097,0
958098,0
958099,25
958100,0
958101,0
958102,0
958103,0
958104,0
958105,0
958106,23
958107,0
958108,25
958109,0
958110,28
958111,0
958112,0
958113,0
958114,0
958115,28
958116,0
958117,0
958118,0
958119,27
958120,0
958121,0
958122,0
958123,0
958124,0
958125,18
958126,0
958127,0
958128,0
958129,0
958130,0
958131,23
958132,0
958133,0
958134,0
958135,0
958136,19
958137,0
958138,0
958139,22
958140,0
958141,0
958142,0
958143,0
958144,0
958145,0
958146,0
958147,0
958148,0
958149,19
958150,0
958151,0
958152,31
958153,0
958154,0
958155,0
958156,0
958157,0
958158,0
958159,20
958160,0
958161,0
958162,0
958163,13
958164,0
958165,0
958166,0
958167,31
958168,0
958169,0
958170,0
958171,0
958172,0
958173,0
958174,0
958175,24
958176,0
958177,32
958178,0
958179,0
958180,25
958181,34
958182,0
958183,0
958184,0
958185,0
958186,23
958187,0
958188,0
958189,0
958190,0
958191,0
958192,0
958193,27
958194,0
958195,0
958196,0
958197,0
958198,38
958199,0
958200,47
958201,0
958202,0
958203,0
958204,0
958205,44
958206,0
958207,0
958208,0
958209,0
958210,34
958211,0
958212,0
958213,0
958214,16
958215,0
958216,0
958217,0
958218,0
958219,23
958220,0
958221,0
958222,38
958223,0
958224,0
958225,0
958226,0
958227,30
958228,26
958229,0
958230,27
958231,0
958232,24
958233,0
958234,14
958235,0
958236,0
958237,0
958238,0
958239,0
958240,0
958241,43
958242,0
958243,0
958244,0
958245,0
958246,0
958247,0
958248,0
958249,31
958250,22
958251,20
958252,33
958253,0
958254,0
958255,0
958256,0
958257,0
958258,0
958259,0
958260,0
958261,25
958262,29
958263,26
958264,30
958265,0
958266,0
958267,0
958268,0
958269,0
958270,0
958271,0
958272,0
958273,0
958274,26
958275,0
958276,0
958277,0
958278,27
958279,0
958280,0
958281,0
958282,0
958283,37
958284,30
958285,0
958286,0
958287,0
958288,0
958289,0
958290,0
958291,0
958292,0
958293,0
958294,29
958295,29
958296,30
958297,0
958298,0
958299,35
958300,23
958301,30
958302,35
958303,0
958304,0
958305,37
958306,46
958307,0
958308,0
958309,0
958310,0
958311,0
958312,0
958313,0
958314,0
958315,0
958316,0
958317,0
958318,0
958319,0
958320,0
958321,0
958322,0
958323,0
958324,0
958325,25
958326,0
958327,0
958328,0
958329,0
958330,0
958331,21
958332,0
958333,32
958334,35
958335,0
958336,0
958337,0
958338,19
958339,0
958340,28
958341,0
958342,0
958343,0
958344,0
958345,0
958346,0
958347,20
958348,29
958349,0
958350,0
958351,0
958352,0
958353,0
958354,0
958355,32
958356,32
958357,0
958358,38
958359,0
958360,0
958361,0
958362,0
958363,0
958364,0
958365,0
958366,21
958367,0
958368,0
958369,0
958370,0
958371,0
958372,0
958373,0
958374,0
958375,0
958376,0
958377,25
958378,4
958379,7
958380,0
958381,6
958382,0
958383,0
958384,0
958385,0
958386,0
958387,0
958388,0
958389,0
958390,15
958391,8
958392,0
958393,0
958394,0
958395,8
958396,0
958397,0
958398,0
958399,5
958400,0
958401,8
958402,0
958403,0
958404,0
958405,0
958406,0
958407,0
958408,0
958409,0
958410,0
958411,0
958412,0
958413,3
958414,10
958415,0
958416,0
958417,0
958418,0
958419,0
958420,0
958421,0
958422,0
958423,0
958424,0
958425,26
958426,0
958427,0
958428,0
958429,0
958430,0
958431,0
958432,0
958433,0
958434,0
958435,4
958436,0
958437,0
958438,0
958439,0
958440,0
958441,0
958442,0
958443,0
958444,0
958445,0
958446,0
958447,0
958448,0
958449,0
958450,0
958451,0
958452,0
958453,0
958454,0
958455,0
958456,0
958457,0
958458,0
958459,0
958460,0
958461,0
958462,0
958463,8
958464,0
958465,0
958466,7
958467,9
958468,0
958469,0
958470,0
958471,3
958472,0
958473,0
958474,0
958475,0
958476,0
958477,0
958478,0
958479,0
958480,0
958481,17
958482,0
958483,15
958484,0
958485,5
958486,0
958487,0
958488,0
958489,0
958490,0
958491,0
958492,0
958493,0
958494,0
958495,0
958496,15
958497,0
958498,11
958499,0
958500,0
958501,0
958502,0
958503,0
958504,0
958505,0
958506,0
958507,0
958508,0
958509,0
958510,0
958511,0
958512,0
958513,15
958514,0
958515,0
958516,8
958517,0
958518,0
958519,0
958520,0
958521,13
958522,0
958523,0
958524,0
958525,6
958526,0
958527,10
958528,0
958529,0
958530,0
958531,0
958532,0
958533,0
958534,0
958535,8
958536,0
958537,0
958538,0
958539,0
958540,0
958541,0
958542,0
958543,0
958544,0
958545,0
958546,1
958547,0
958548,0
958549,15
958550,0
958551,0
958552,0
958553,0
958554,0
958555,0
958556,0
958557,6
958558,0
958559,0
958560,0
958561,21
958562,0
958563,0
958564,0
958565,0
958566,7
958567,8
958568,0
958569,0
958570,0
958571,0
958572,0
958573,0
958574,0
958575,0
958576,0
958577,0
958578,0
958579,0
958580,17
958581,0
958582,0
958583,0
958584,0
958585,0
958586,0
958587,0
958588,0
958589,0
958590,0
958591,0
958592,0
958593,0
958594,0
958595,0
958596,11
958597,0
958598,0
958599,0
958600,0
958601,0
958602,13
958603,0
958604,0
958605,0
958606,0
958607,0
958608,0
958609,0
958610,0
958611,0
958612,0
958613,0
958614,0
958615,0
958616,0
958617,0
958618,0
958619,0
958620,0
958621,0
958622,0
958623,0
958624,0
958625,0
958626,0
958627,0
958628,0
958629,17
958630,0
958631,0
958632,0
958633,16
958634,0
958635,0
958636,0
958637,0
958638,0
958639,0
958640,10
958641,0
958642,0
958643,0
958644,0
958645,0
958646,0
958647,0
958648,0
958649,0
958650,0
958651,0
958652,0
958653,0
958654,14
958655,0
958656,0
958657,0
958658,0
958659,0
958660,0
958661,0
958662,0
958663,0
958664,0
958665,0
958666,0
958667,0
958668,0
958669,0
958670,0
958671,0
958672,0
958673,0
958674,0
958675,0
958676,0
958677,0
958678,0
958679,0
958680,0
958681,0
958682,0
958683,13
958684,0
958685,0
958686,0
958687,0
958688,0
958689,0
958690,19
958691,0
958692,0
958693,0
958694,0
958695,19
958696,0
958697,0
958698,0
958699,0
958700,0
958701,0
958702,0
958703,0
958704,0
958705,0
958706,0
958707,0
958708,0
958709,0
958710,0
958711,0
958712,0
958713,22
958714,0
958715,0
958716,20
958717,0
958718,0
958719,0
958720,0
958721,0
958722,0
958723,0
958724,0
958725,0
958726,0
958727,0
958728,0
958729,0
958730,0
958731,19
958732,0
958733,0
958734,0
958735,0
958736,0
958737,0
958738,0
958739,0
958740,0
958741,21
958742,0
958743,0
958744,0
958745,0
958746,0
958747,0
958748,0
958749,0
958750,0
958751,0
958752,0
958753,0
958754,0
958755,0
958756,0
958757,10
958758,0
958759,0
958760,0
958761,0
958762,0
958763,22
958764,0
958765,0
958766,0
958767,0
958768,0
958769,0
958770,0
958771,0
958772,0
958773,0
958774,0
958775,0
958776,0
958777,0
958778,0
958779,0
958780,0
958781,0
958782,0
958783,0
958784,0
958785,0
958786,0
958787,0
958788,0
958789,0
958790,12
958791,0
958792,0
958793,0
958794,0
958795,0
958796,0
958797,0
958798,0
958799,0
958800,0
958801,0
958802,0
958803,0
958804,0
958805,0
958806,0
958807,0
958808,0
958809,0
958810,0
958811,0
958812,0
958813,0
958814,0
958815,0
958816,0
958817,0
958818,0
958819,0
958820,0
958821,0
958822,0
958823,0
958824,0
958825,0
958826,0
958827,0
958828,0
958829,0
958830,0
958831,0
958832,0
958833,0
958834,0
958835,0
958836,0
958837,16
958838,0
958839,0
958840,0
958841,0
958842,0
958843,0
958844,0
958845,0
958846,0
958847,0
958848,0
958849,0
958850,0
958851,0
958852,0
958853,0
958854,15
958855,0
958856,0
958857,0
958858,0
958859,0
958860,0
958861,0
958862,0
958863,0
958864,0
958865,0
958866,0
958867,0
958868,8
958869,0
958870,13
958871,0
958872,0
958873,0
958874,0
958875,0
958876,0
958877,0
958878,0
958879,0
958880,0
958881,0
958882,0
958883,0
958884,0
958885,0
958886,0
958887,0
958888,0
958889,0
958890,0
958891,0
958892,0
958893,0
958894,0
958895,0
958896,0
958897,0
958898,0
958899,0
958900,0
958901,0
958902,0
958903,0
958904,0
958905,0
958906,0
958907,12
958908,0
958909,18
958910,0
958911,0
958912,0
958913,9
958914,0
958915,0
958916,0
958917,0
958918,0
958919,0
958920,0
958921,0
958922,0
958923,0
958924,0
958925,0
958926,0
958927,0
958928,0
958929,0
958930,0
958931,0
958932,0
958933,0
958934,0
958935,0
958936,0
958937,0
958938,0
958939,0
958940,0
958941,0
958942,0
958943,0
958944,0
958945,0
958946,0
958947,0
958948,0
958949,0
958950,0
958951,0
958952,0
958953,0
958954,0
958955,0
958956,7
958957,0
958958,0
958959,0
958960,0
958961,0
958962,0
958963,0
958964,16
958965,0
958966,18
958967,0
958968,0
958969,0
958970,0
958971,0
958972,0
958973,0
958974,0
958975,0
958976,0
958977,0
958978,0
958979,0
958980,0
958981,0
958982,0
958983,12
958984,18
958985,0
958986,0
958987,0
958988,0
958989,0
958990,0
958991,0
958992,0
958993,0
958994,0
958995,0
958996,0
958997,0
958998,0
958999,0
959000,0
959001,0
959002,0
959003,0
959004,0
959005,0
959006,0
959007,0
959008,0
959009,0
959010,0
959011,0
959012,0
959013,0
959014,0
959015,0
959016,0
959017,0
959018,0
959019,0
959020,0
959021,0
959022,0
959023,0
959024,0
959025,0
959026,0
959027,0
959028,0
959029,0
959030,0
959031,0
959032,0
959033,0
959034,0
959035,0
959036,0
959037,0
959038,0
959039,0
959040,0
959041,0
959042,0
959043,0
959044,0
959045,0
959046,0
959047,0
959048,0
959049,0
959050,0
959051,0
959052,0
959053,0
959054,0
959055,0
959056,0
959057,0
959058,0
959059,0
959060,0
959061,0
959062,0
959063,0
959064,0
959065,0
959066,0
959067,0
959068,0
959069,0
959070,0
959071,0
959072,0
959073,0
959074,0
959075,0
959076,0
959077,0
959078,0
959079,0
959080,0
959081,0
959082,0
959083,0
959084,0
959085,0
959086,0
959087,16
959088,0
959089,14
959090,0
959091,0
959092,0
959093,0
959094,0
959095,0
959096,0
959097,0
959098,0
959099,0
959100,0
959101,18
959102,0
959103,0
959104,0
959105,0
959106,0
959107,0
959108,0
959109,0
959110,0
959111,0
959112,0
959113,0
959114,8
959115,0
959116,0
959117,0
959118,0
959119,0
959120,0
959121,0
959122,0
959123,0
959124,0
959125,0
959126,0
959127,0
959128,0
959129,0
959130,0
959131,0
959132,16
959133,21
959134,0
959135,0
959136,0
959137,0
959138,0
959139,0
959140,0
959141,0
959142,0
959143,0
959144,0
959145,0
959146,0
959147,0
959148,0
959149,0
959150,0
959151,0
959152,0
959153,0
959154,0
959155,0
959156,19
959157,0
959158,0
959159,0
959160,0
959161,0
959162,0
959163,0
959164,0
959165,0
959166,16
959167,0
959168,0
959169,0
959170,0
959171,0
959172,0
959173,0
959174,12
959175,0
959176,15
959177,0
959178,0
959179,0
959180,0
959181,0
959182,0
959183,0
959184,0
959185,0
959186,0
959187,0
959188,0
959189,0
959190,0
959191,21
959192,0
959193,0
959194,0
959195,0
959196,0
959197,0
959198,0
959199,0
959200,0
959201,0
959202,1
959203,0
959204,0
959205,0
959206,0
959207,0
959208,0
959209,0
959210,0
959211,0
959212,0
959213,0
959214,0
959215,0
959216,1
959217,0
959218,0
959219,0
959220,0
959221,0
959222,0
959223,0
959224,0
959225,0
959226,0
959227,1
959228,0
959229,0
959230,0
959231,1
959232,0
959233,0
959234,0
959235,0
959236,0
959237,0
959238,0
959239,0
959240,0
959241,0
959242,0
959243,0
959244,0
959245,0
959246,0
959247,0
959248,0
959249,0
959250,0
959251,0
959252,0
959253,0
959254,0
959255,0
959256,0
959257,0
959258,0
959259,0
959260,0
959261,0
959262,1
959263,0
959264,0
959265,0
959266,0
959267,0
959268,0
959269,0
959270,0
959271,0
959272,0
959273,0
959274,0
959275,0
959276,0
959277,1
959278,0
959279,0
959280,0
959281,0
959282,0
959283,0
959284,0
959285,0
959286,0
959287,0
959288,0
959289,3
959290,0
959291,0
959292,0
959293,0
959294,0
959295,0
959296,0
959297,5
959298,0
959299,0
959300,0
959301,0
959302,0
959303,0
959304,1
959305,0
959306,0
959307,0
959308,0
959309,0
959310,0
959311,0
959312,0
959313,0
959314,3
959315,0
959316,0
959317,0
959318,0
959319,0
959320,0
959321,0
959322,0
959323,0
959324,0
959325,0
959326,0
959327,0
959328,0
959329,1
959330,0
959331,0
959332,0
959333,0
959334,0
959335,0
959336,0
959337,0
959338,0
959339,0
959340,0
959341,3
959342,0
959343,0
959344,0
959345,0
959346,0
959347,0
959348,0
959349,0
959350,0
959351,0
959352,0
959353,0
959354,0
959355,0
959356,0
959357,0
959358,0
959359,0
959360,0
959361,0
959362,4
959363,0
959364,0
959365,0
959366,0
959367,0
959368,0
959369,0
959370,0
959371,0
959372,0
959373,0
959374,0
959375,0
959376,0
959377,0
959378,0
959379,0
959380,0
959381,0
959382,0
959383,0
959384,3
959385,0
959386,0
959387,0
959388,0
959389,0
959390,0
959391,0
959392,0
959393,0
959394,0
959395,0
959396,0
959397,0
959398,0
959399,0
959400,0
959401,0
959402,0
959403,0
959404,0
959405,0
959406,0
959407,0
959408,0
959409,2
959410,0
959411,0
959412,0
959413,0
959414,0
959415,0
959416,2
959417,0
959418,0
959419,0
959420,0
959421,0
959422,0
959423,0
959424,0
959425,0
959426,0
959427,0
959428,0
959429,0
959430,0
959431,2
959432,0
959433,0
959434,1
959435,0
959436,0
959437,0
959438,0
959439,0
959440,0
959441,2
959442,0
959443,1
959444,0
959445,0
959446,0
959447,0
959448,0
959449,0
959450,0
959451,0
959452,3
959453,0
959454,0
959455,0
959456,0
959457,0
959458,0
959459,0
959460,0
959461,0
959462,0
959463,0
959464,3
959465,0
959466,0
959467,0
959468,5
959469,0
959470,0
959471,2
959472,0
959473,1
959474,0
959475,0
959476,3
959477,0
959478,0
959479,0
959480,0
959481,0
959482,0
959483,0
959484,3
959485,0
959486,0
959487,0
959488,0
959489,0
959490,0
959491,0
959492,0
959493,0
959494,0
959495,1
959496,0
959497,0
959498,0
959499,0
959500,0
959501,0
959502,0
959503,0
959504,0
959505,0
959506,0
959507,0
959508,0
959509,0
959510,0
959511,2
959512,0
959513,0
959514,0
959515,0
959516,0
959517,0
959518,0
959519,0
959520,0
959521,0
959522,0
959523,0
959524,0
959525,0
959526,0
959527,0
959528,0
959529,0
959530,0
959531,0
959532,0
959533,0
959534,0
959535,0
959536,0
959537,0
959538,0
959539,0
959540,4
959541,0
959542,0
959543,0
959544,0
959545,0
959546,0
959547,0
959548,0
959549,0
959550,0
959551,0
959552,0
959553,0
959554,0
959555,0
959556,0
959557,0
959558,0
959559,0
959560,0
959561,0
959562,0
959563,0
959564,0
959565,0
959566,0
959567,0
959568,0
959569,2
959570,0
959571,0
959572,0
959573,0
959574,0
959575,0
959576,0
959577,0
959578,0
959579,3
959580,0
959581,0
959582,0
959583,0
959584,0
959585,0
959586,0
959587,0
959588,0
959589,0
959590,0
959591,0
959592,0
959593,0
959594,0
959595,0
959596,0
959597,0
959598,0
959599,0
959600,0
959601,0
959602,0
959603,0
959604,0
959605,0
959606,0
959607,3
959608,0
959609,0
959610,3
959611,0
959612,0
959613,0
959614,0
959615,0
959616,2
959617,0
959618,0
959619,0
959620,0
959621,0
959622,0
959623,0
959624,0
959625,0
959626,0
959627,0
959628,0
959629,0
959630,0
959631,0
959632,0
959633,0
959634,0
959635,0
959636,0
959637,0
959638,0
959639,0
959640,0
959641,0
959642,0
959643,0
959644,0
959645,0
959646,0
959647,0
959648,0
959649,0
959650,0
959651,0
959652,0
959653,0
959654,0
959655,0
959656,0
959657,0
959658,0
959659,3
959660,0
959661,1
959662,0
959663,0
959664,0
959665,0
959666,0
959667,0
959668,5
959669,0
959670,0
959671,0
959672,0
959673,0
959674,0
959675,0
959676,0
959677,0
959678,0
959679,0
959680,0
959681,0
959682,0
959683,0
959684,0
959685,0
959686,0
959687,0
959688,0
959689,0
959690,0
959691,0
959692,0
959693,2
959694,0
959695,0
959696,0
959697,0
959698,0
959699,0
959700,0
959701,0
959702,0
959703,0
959704,0
959705,0
959706,4
959707,0
959708,0
959709,6
959710,0
959711,0
959712,0
959713,0
959714,0
959715,0
959716,0
959717,0
959718,0
959719,0
959720,0
959721,0
959722,0
959723,0
959724,0
959725,0
959726,0
959727,0
959728,0
959729,0
959730,0
959731,0
959732,0
959733,0
959734,0
959735,0
959736,0
959737,0
959738,0
959739,0
959740,0
959741,0
959742,2
959743,0
959744,0
959745,0
959746,0
959747,0
959748,0
959749,0
959750,0
959751,0
959752,0
959753,0
959754,4
959755,0
959756,0
959757,0
959758,0
959759,0
959760,0
959761,0
959762,0
959763,0
959764,0
959765,0
959766,0
959767,0
959768,0
959769,0
959770,0
959771,0
959772,0
959773,0
959774,0
959775,0
959776,0
959777,0
959778,0
959779,0
959780,0
959781,0
959782,0
959783,0
959784,0
959785,0
959786,0
959787,0
959788,0
959789,2
959790,0
959791,0
959792,0
959793,0
959794,0
959795,1
959796,0
959797,0
959798,0
959799,0
959800,0
959801,0
959802,0
959803,0
959804,0
959805,0
959806,1
959807,0
959808,0
959809,0
959810,0
959811,3
959812,0
959813,2
959814,0
959815,0
959816,0
959817,0
959818,0
959819,0
959820,0
959821,0
959822,0
959823,0
959824,0
959825,0
959826,0
959827,1
959828,0
959829,0
959830,0
959831,0
959832,0
959833,0
959834,0
959835,0
959836,0
959837,0
959838,0
959839,0
959840,0
959841,0
959842,0
959843,0
959844,0
959845,0
959846,0
959847,0
959848,0
959849,0
959850,0
959851,0
959852,0
959853,0
959854,0
959855,0
959856,0
959857,0
959858,0
959859,0
959860,1
959861,0
959862,0
959863,0
959864,3
959865,0
959866,3
959867,0
959868,0
959869,0
959870,0
959871,0
959872,0
959873,1
959874,0
959875,0
959876,3
959877,0
959878,0
959879,2
959880,0
959881,0
959882,0
959883,2
959884,0
959885,3
959886,0
959887,2
959888,0
959889,0
959890,0
959891,0
959892,1
959893,0
959894,0
959895,0
959896,0
959897,0
959898,0
959899,0
959900,0
959901,0
959902,0
959903,0
959904,0
959905,0
959906,0
959907,0
959908,0
959909,0
959910,0
959911,0
959912,0
959913,0
959914,0
959915,0
959916,0
959917,0
959918,0
959919,0
959920,0
959921,0
959922,0
959923,0
959924,0
959925,0
959926,0
959927,0
959928,0
959929,0
959930,0
959931,0
959932,0
959933,0
959934,0
959935,0
959936,0
959937,0
959938,0
959939,0
959940,1
959941,0
959942,0
959943,0
959944,2
959945,0
959946,0
959947,0
959948,0
959949,0
959950,0
959951,0
959952,1
959953,0
959954,0
959955,0
959956,0
959957,4
959958,0
959959,0
959960,0
959961,0
959962,0
959963,0
959964,0
959965,0
959966,0
959967,0
959968,0
959969,0
959970,0
959971,4
959972,2
959973,0
959974,1
959975,0
959976,0
959977,0
959978,0
959979,0
959980,0
959981,0
959982,1
959983,0
959984,0
959985,0
959986,0
959987,0
959988,0
959989,0
959990,3
959991,0
959992,0
959993,3
959994,0
959995,0
959996,0
959997,0
959998,3
959999,0
960000,0
960001,0
960002,0
960003,0
960004,0
960005,0
960006,0
960007,0
960008,0
960009,1
960010,0
960011,0
960012,0
960013,0
960014,0
960015,0
960016,0
960017,0
960018,0
960019,0
960020,0
960021,0
960022,0
960023,0
960024,0
960025,0
960026,0
960027,0
960028,1
960029,0
960030,0
960031,0
960032,0
960033,0
960034,0
960035,0
960036,0
960037,0
960038,0
960039,0
960040,0
960041,0
960042,0
960043,0
960044,0
960045,0
960046,0
960047,0
960048,0
960049,0
960050,0
960051,0
960052,0
960053,0
960054,0
960055,0
960056,0
960057,1
960058,0
960059,0
960060,0
960061,0
960062,0
960063,0
960064,0
960065,0
960066,0
960067,0
960068,0
960069,0
960070,0
960071,0
960072,0
960073,0
960074,0
960075,0
960076,0
960077,0
960078,1
960079,0
960080,0
960081,0
960082,0
960083,0
960084,0
960085,0
960086,0
960087,0
960088,0
960089,0
960090,0
960091,0
960092,0
960093,0
960094,0
960095,0
960096,0
960097,0
960098,0
960099,23
960100,0
960101,0
960102,0
960103,0
960104,0
960105,0
960106,0
960107,0
960108,0
960109,25
960110,0
960111,0
960112,0
960113,10
960114,0
960115,0
960116,0
960117,0
960118,0
960119,0
960120,0
960121,0
960122,27
960123,0
960124,0
960125,20
960126,0
960127,0
960128,0
960129,0
960130,0
960131,17
960132,0
960133,0
960134,0
960135,0
960136,0
960137,0
960138,22
960139,26
960140,0
960141,0
960142,18
960143,12
960144,0
960145,0
960146,17
960147,0
960148,0
960149,0
960150,0
960151,0
960152,21
960153,21
960154,26
960155,22
960156,23
960157,0
960158,0
960159,0
960160,0
960161,0
960162,0
960163,0
960164,26
960165,0
960166,0
960167,0
960168,0
960169,0
960170,0
960171,0
960172,0
960173,0
960174,21
960175,0
960176,0
960177,0
960178,0
960179,0
960180,30
960181,24
960182,0
960183,0
960184,0
960185,17
960186,0
960187,28
960188,0
960189,0
960190,0
960191,0
960192,0
960193,0
960194,0
960195,0
960196,0
960197,0
960198,0
960199,0
960200,0
960201,19
960202,0
960203,0
960204,0
960205,0
960206,0
960207,17
960208,0
960209,0
960210,0
960211,0
960212,0
960213,0
960214,0
960215,0
960216,25
960217,11
960218,0
960219,0
960220,0
960221,38
960222,0
960223,0
960224,14
960225,0
960226,0
960227,0
960228,0
960229,0
960230,0
960231,0
960232,13
960233,0
960234,0
960235,0
960236,0
960237,0
960238,0
960239,15
960240,0
960241,24
960242,22
960243,0
960244,0
960245,23
960246,0
960247,0
960248,0
960249,0
960250,13
960251,0
960252,0
960253,0
960254,0
960255,29
960256,28
960257,0
960258,0
960259,0
960260,25
960261,0
960262,0
960263,24
960264,0
960265,0
960266,0
960267,0
960268,0
960269,0
960270,0
960271,0
960272,0
960273,0
960274,0
960275,0
960276,31
960277,0
960278,0
960279,0
960280,0
960281,19
960282,0
960283,0
960284,0
960285,0
960286,25
960287,0
960288,0
960289,0
960290,0
960291,0
960292,12
960293,0
960294,0
960295,0
960296,0
960297,0
960298,0
960299,30
960300,0
960301,22
960302,0
960303,0
960304,0
960305,0
960306,0
960307,0
960308,0
960309,0
960310,24
960311,0
960312,0
960313,0
960314,0
960315,0
960316,0
960317,0
960318,0
960319,0
960320,0
960321,0
960322,20
960323,29
960324,20
960325,0
960326,0
960327,0
960328,13
960329,0
960330,0
960331,0
960332,0
960333,0
960334,0
960335,0
960336,0
960337,0
960338,0
960339,0
960340,0
960341,24
960342,20
960343,0
960344,20
960345,0
960346,0
960347,0
960348,0
960349,0
960350,0
960351,0
960352,0
960353,0
960354,0
960355,0
960356,0
960357,9
960358,0
960359,0
960360,15
960361,12
960362,0
960363,0
960364,0
960365,0
960366,0
960367,20
960368,0
960369,0
960370,0
960371,15
960372,0
960373,0
960374,0
960375,0
960376,0
960377,0
960378,0
960379,0
960380,0
960381,26
960382,0
960383,0
960384,0
960385,0
960386,36
960387,0
960388,0
960389,23
960390,0
960391,19
960392,0
960393,0
960394,0
960395,0
960396,0
960397,0
960398,0
960399,0
960400,26
960401,31
960402,16
960403,0
960404,15
960405,18
960406,0
960407,0
960408,0
960409,0
960410,25
960411,0
960412,0
960413,0
960414,25
960415,0
960416,0
960417,0
960418,14
960419,16
960420,19
960421,0
960422,0
960423,0
960424,15
960425,0
960426,0
960427,0
960428,0
960429,0
960430,0
960431,25
960432,0
960433,0
960434,0
960435,0
960436,16
960437,0
960438,0
960439,0
960440,0
960441,0
960442,20
960443,0
960444,0
960445,21
960446,0
960447,0
960448,0
960449,26
960450,0
960451,0
960452,0
960453,0
960454,0
960455,0
960456,0
960457,0
960458,0
960459,21
960460,18
960461,0
960462,0
960463,0
960464,0
960465,20
960466,0
960467,0
960468,0
960469,0
960470,25
960471,0
960472,0
960473,18
960474,0
960475,0
960476,0
960477,0
960478,0
960479,0
960480,0
960481,0
960482,0
960483,0
960484,29
960485,0
960486,0
960487,0
960488,22
960489,0
960490,0
960491,0
960492,21
960493,0
960494,0
960495,0
960496,0
960497,0
960498,0
960499,27
960500,0
960501,0
960502,0
960503,0
960504,0
960505,0
960506,0
960507,0
960508,0
960509,0
960510,0
960511,0
960512,9
960513,0
960514,0
960515,27
960516,0
960517,0
960518,21
960519,0
960520,0
960521,0
960522,17
960523,26
960524,0
960525,31
960526,0
960527,13
960528,0
960529,22
960530,0
960531,0
960532,0
960533,0
960534,0
960535,0
960536,0
960537,0
960538,15
960539,0
960540,0
960541,0
960542,0
960543,0
960544,0
960545,0
960546,0
960547,0
960548,0
960549,0
960550,0
960551,0
960552,0
960553,28
960554,0
960555,0
960556,0
960557,0
960558,22
960559,41
960560,26
960561,0
960562,0
960563,0
960564,0
960565,0
960566,0
960567,0
960568,20
960569,0
960570,0
960571,0
960572,0
960573,0
960574,0
960575,23
960576,25
960577,0
960578,0
960579,19
960580,0
960581,0
960582,0
960583,0
960584,0
960585,0
960586,23
960587,0
960588,27
960589,0
960590,0
960591,0
960592,0
960593,0
960594,30
960595,0
960596,22
960597,18
960598,0
960599,0
960600,0
960601,27
960602,0
960603,0
960604,0
960605,30
960606,0
960607,17
960608,0
960609,0
960610,0
960611,0
960612,0
960613,0
960614,26
960615,0
960616,0
960617,0
960618,0
960619,0
960620,0
960621,14
960622,26
960623,6
960624,0
960625,27
960626,0
960627,0
960628,0
960629,0
960630,0
960631,0
960632,0
960633,0
960634,0
960635,0
960636,0
960637,0
960638,0
960639,0
960640,0
960641,0
960642,0
960643,0
960644,0
960645,0
960646,20
960647,0
960648,0
960649,25
960650,21
960651,16
960652,0
960653,0
960654,0
960655,13
960656,0
960657,0
960658,0
960659,0
960660,27
960661,0
960662,0
960663,0
960664,0
960665,0
960666,0
960667,0
960668,0
960669,0
960670,0
960671,0
960672,0
960673,0
960674,0
960675,0
960676,0
960677,0
960678,0
960679,0
960680,0
960681,0
960682,0
960683,0
960684,28
960685,0
960686,0
960687,0
960688,23
960689,16
960690,29
960691,10
960692,24
960693,0
960694,0
960695,0
960696,0
960697,18
960698,14
960699,0
960700,0
960701,0
960702,0
960703,0
960704,0
960705,0
960706,0
960707,0
960708,0
960709,0
960710,0
960711,0
960712,0
960713,21
960714,0
960715,24
960716,0
960717,0
960718,0
960719,0
960720,0
960721,0
960722,0
960723,0
960724,0
960725,23
960726,0
960727,0
960728,0
960729,0
960730,0
960731,0
960732,0
960733,0
960734,35
960735,0
960736,0
960737,0
960738,0
960739,14
960740,33
960741,20
960742,0
960743,0
960744,0
960745,0
960746,0
960747,0
960748,22
960749,18
960750,27
960751,0
960752,0
960753,36
960754,0
960755,7
960756,27
960757,0
960758,0
960759,0
960760,0
960761,0
960762,0
960763,0
960764,0
960765,0
960766,0
960767,0
960768,19
960769,0
960770,0
960771,0
960772,0
960773,0
960774,0
960775,28
960776,0
960777,0
960778,16
960779,0
960780,8
960781,0
960782,0
960783,0
960784,0
960785,0
960786,0
960787,15
960788,0
960789,0
960790,0
960791,24
960792,0
960793,0
960794,0
960795,0
960796,0
960797,0
960798,0
960799,0
960800,0
960801,15
960802,0
960803,0
960804,0
960805,0
960806,32
960807,0
960808,0
960809,0
960810,0
960811,0
960812,0
960813,0
960814,0
960815,0
960816,0
960817,27
960818,0
960819,0
960820,25
960821,0
960822,0
960823,22
960824,24
960825,0
960826,0
960827,0
960828,0
960829,0
960830,0
960831,0
960832,23
960833,0
960834,0
960835,0
960836,0
960837,0
960838,0
960839,0
960840,0
960841,26
960842,0
960843,0
960844,0
960845,0
960846,0
960847,0
960848,23
960849,0
960850,0
960851,0
960852,0
960853,0
960854,0
960855,0
960856,29
960857,0
960858,0
960859,0
960860,0
960861,0
960862,29
960863,0
960864,0
960865,0
960866,0
960867,9
960868,0
960869,0
960870,17
960871,25
960872,34
960873,0
960874,25
960875,0
960876,0
960877,0
960878,0
960879,0
960880,0
960881,0
960882,0
960883,0
960884,0
960885,0
960886,0
960887,34
960888,20
960889,20
960890,18
960891,0
960892,28
960893,0
960894,0
960895,0
960896,28
960897,0
960898,30
960899,0
960900,0
960901,17
960902,0
960903,0
960904,0
960905,0
960906,0
960907,0
960908,0
960909,0
960910,0
960911,0
960912,21
960913,0
960914,16
960915,0
960916,17
960917,0
960918,0
960919,22
960920,27
960921,0
960922,0
960923,0
960924,0
960925,25
960926,0
960927,0
960928,0
960929,31
960930,0
960931,19
960932,21
960933,0
960934,0
960935,0
960936,0
960937,0
960938,0
960939,0
960940,0
960941,0
960942,0
960943,0
960944,29
960945,0
960946,0
960947,0
960948,0
960949,0
960950,0
960951,0
960952,0
960953,0
960954,0
960955,0
960956,0
960957,29
960958,0
960959,20
960960,0
960961,0
960962,23
960963,0
960964,13
960965,14
960966,0
960967,0
960968,0
960969,0
960970,30
960971,0
960972,0
960973,0
960974,0
960975,0
960976,0
960977,0
960978,0
960979,22
960980,0
960981,0
960982,0
960983,0
960984,0
960985,0
960986,0
960987,0
960988,0
960989,0
960990,0
960991,0
960992,20
960993,0
960994,21
960995,0
960996,0
960997,37
960998,21
960999,0
961000,0
961001,0
961002,21
961003,0
961004,19
961005,26
961006,0
961007,0
961008,0
961009,27
961010,0
961011,0
961012,0
961013,0
961014,20
961015,22
961016,0
961017,0
961018,0
961019,0
961020,31
961021,16
961022,0
961023,0
961024,15
961025,0
961026,21
961027,0
961028,38
961029,0
961030,22
961031,21
961032,0
961033,0
961034,0
961035,0
961036,0
961037,0
961038,0
961039,18
961040,0
961041,0
961042,0
961043,0
961044,0
961045,0
961046,0
961047,0
961048,0
961049,0
961050,29
961051,0
961052,0
961053,0
961054,0
961055,0
961056,0
961057,0
961058,23
961059,0
961060,0
961061,9
961062,0
961063,0
961064,0
961065,0
961066,0
961067,0
961068,0
961069,22
961070,0
961071,0
961072,19
961073,13
961074,28
961075,19
961076,0
961077,0
961078,27
961079,0
961080,0
961081,0
961082,0
961083,0
961084,0
961085,31
961086,11
961087,0
961088,0
961089,0
961090,0
961091,0
961092,22
961093,0
961094,28
961095,29
961096,0
961097,14
961098,26
961099,12
961100,0
961101,0
961102,0
961103,17
961104,0
961105,0
961106,0
961107,22
961108,0
961109,0
961110,0
961111,0
961112,0
961113,0
961114,23
961115,0
961116,0
961117,0
961118,0
961119,0
961120,20
961121,0
961122,0
961123,0
961124,0
961125,0
961126,0
961127,0
961128,14
961129,0
961130,0
961131,0
961132,0
961133,0
961134,28
961135,0
961136,0
961137,18
961138,0
961139,0
961140,0
961141,0
961142,0
961143,0
961144,0
961145,0
961146,25
961147,26
961148,0
961149,18
961150,0
961151,0
961152,0
961153,0
961154,17
961155,0
961156,0
961157,0
961158,0
961159,0
961160,0
961161,19
961162,0
961163,0
961164,0
961165,0
961166,0
961167,25
961168,29
961169,19
961170,0
961171,0
961172,0
961173,0
961174,0
961175,0
961176,0
961177,0
961178,0
961179,0
961180,19
961181,0
961182,0
961183,0
961184,0
961185,0
961186,0
961187,24
961188,0
961189,0
961190,25
961191,0
961192,28
961193,0
961194,0
961195,0
961196,19
961197,0
961198,14
961199,0
961200,0
961201,0
961202,0
961203,28
961204,0
961205,21
961206,0
961207,0
961208,0
961209,29
961210,0
961211,0
961212,16
961213,18
961214,33
961215,0
961216,0
961217,0
961218,0
961219,0
961220,18
961221,0
961222,29
961223,21
961224,0
961225,0
961226,19
961227,0
961228,0
961229,18
961230,0
961231,0
961232,0
961233,0
961234,0
961235,0
961236,0
961237,0
961238,18
961239,12
961240,0
961241,0
961242,16
961243,21
961244,22
961245,0
961246,0
961247,0
961248,27
961249,0
961250,0
961251,0
961252,0
961253,0
961254,0
961255,0
961256,0
961257,0
961258,0
961259,0
961260,0
961261,20
961262,24
961263,0
961264,0
961265,0
961266,0
961267,0
961268,0
961269,0
961270,0
961271,0
961272,0
961273,0
961274,0
961275,0
961276,0
961277,0
961278,16
961279,13
961280,21
961281,0
961282,0
961283,14
961284,0
961285,0
961286,25
961287,0
961288,0
961289,23
961290,0
961291,19
961292,0
961293,0
961294,0
961295,0
961296,0
961297,0
961298,13
961299,0
961300,23
961301,0
961302,0
961303,0
961304,0
961305,0
961306,0
961307,0
961308,0
961309,0
961310,0
961311,15
961312,0
961313,24
961314,0
961315,0
961316,0
961317,0
961318,0
961319,0
961320,0
961321,0
961322,0
961323,3
961324,0
961325,0
961326,0
961327,4
961328,0
961329,0
961330,0
961331,0
961332,0
961333,0
961334,0
961335,8
961336,0
961337,3
961338,3
961339,0
961340,0
961341,0
961342,0
961343,0
961344,0
961345,0
961346,0
961347,4
961348,0
961349,0
961350,0
961351,0
961352,0
961353,0
961354,0
961355,0
961356,0
961357,2
961358,0
961359,4
961360,0
961361,0
961362,0
961363,0
961364,0
961365,0
961366,0
961367,0
961368,0
961369,0
961370,0
961371,0
961372,0
961373,1
961374,2
961375,0
961376,0
961377,6
961378,0
961379,0
961380,0
961381,0
961382,0
961383,0
961384,0
961385,0
961386,0
961387,0
961388,0
961389,0
961390,0
961391,0
961392,0
961393,0
961394,3
961395,0
961396,0
961397,0
961398,0
961399,0
961400,0
961401,0
961402,0
961403,5
961404,3
961405,0
961406,0
961407,0
961408,3
961409,0
961410,0
961411,0
961412,0
961413,0
961414,0
961415,0
961416,0
961417,0
961418,0
961419,2
961420,5
961421,5
961422,0
961423,0
961424,0
961425,0
961426,0
961427,0
961428,3
961429,2
961430,0
961431,0
961432,0
961433,0
961434,0
961435,0
961436,0
961437,0
961438,0
961439,0
961440,7
961441,0
961442,0
961443,0
961444,0
961445,0
961446,4
961447,0
961448,0
961449,0
961450,0
961451,1
961452,2
961453,1
961454,0
961455,0
961456,0
961457,0
961458,0
961459,0
961460,0
961461,0
961462,0
961463,4
961464,0
961465,2
961466,0
961467,0
961468,0
961469,0
961470,0
961471,0
961472,0
961473,0
961474,2
961475,0
961476,0
961477,0
961478,4
961479,0
961480,0
961481,0
961482,0
961483,0
961484,0
961485,0
961486,0
961487,0
961488,0
961489,0
961490,0
961491,0
961492,0
961493,0
961494,0
961495,0
961496,0
961497,0
961498,0
961499,0
961500,0
961501,0
961502,0
961503,0
961504,0
961505,0
961506,0
961507,2
961508,0
961509,0
961510,0
961511,0
961512,0
961513,0
961514,0
961515,0
961516,0
961517,3
961518,0
961519,0
961520,0
961521,0
961522,3
961523,2
961524,0
961525,0
961526,0
961527,0
961528,6
961529,0
961530,3
961531,0
961532,0
961533,3
961534,0
961535,0
961536,0
961537,3
961538,0
961539,0
961540,0
961541,0
961542,0
961543,6
961544,0
961545,0
961546,0
961547,2
961548,0
961549,0
961550,8
961551,0
961552,0
961553,0
961554,0
961555,0
961556,0
961557,0
961558,3
961559,6
961560,0
961561,2
961562,0
961563,0
961564,3
961565,0
961566,4
961567,5
961568,0
961569,0
961570,0
961571,4
961572,0
961573,1
961574,0
961575,0
961576,0
961577,0
961578,0
961579,4
961580,0
961581,0
961582,0
961583,0
961584,4
961585,1
961586,0
961587,0
961588,0
961589,0
961590,0
961591,2
961592,0
961593,0
961594,0
961595,0
961596,0
961597,0
961598,0
961599,4
961600,2
961601,0
961602,0
961603,0
961604,0
961605,0
961606,0
961607,0
961608,2
961609,0
961610,5
961611,2
961612,0
961613,0
961614,0
961615,0
961616,0
961617,5
961618,0
961619,0
961620,0
961621,0
961622,0
961623,0
961624,0
961625,0
961626,0
961627,0
961628,2
961629,0
961630,11
961631,0
961632,0
961633,0
961634,0
961635,0
961636,6
961637,0
961638,0
961639,2
961640,0
961641,0
961642,0
961643,0
961644,0
961645,0
961646,3
961647,0
961648,0
961649,0
961650,0
961651,0
961652,0
961653,0
961654,0
961655,0
961656,0
961657,0
961658,2
961659,0
961660,0
961661,0
961662,0
961663,3
961664,0
961665,0
961666,0
961667,0
961668,0
961669,0
961670,0
961671,0
961672,2
961673,0
961674,0
961675,3
961676,0
961677,0
961678,0
961679,0
961680,0
961681,0
961682,0
961683,4
961684,0
961685,0
961686,0
961687,0
961688,0
961689,0
961690,7
961691,2
961692,0
961693,0
961694,0
961695,0
961696,0
961697,3
961698,0
961699,0
961700,0
961701,0
961702,0
961703,0
961704,0
961705,0
961706,0
961707,0
961708,0
961709,4
961710,0
961711,0
961712,0
961713,3
961714,0
961715,0
961716,0
961717,0
961718,0
961719,0
961720,0
961721,0
961722,1
961723,0
961724,1
961725,3
961726,0
961727,3
961728,0
961729,0
961730,0
961731,2
961732,0
961733,0
961734,0
961735,4
961736,0
961737,3
961738,0
961739,0
961740,0
961741,0
961742,4
961743,0
961744,0
961745,2
961746,0
961747,0
961748,5
961749,0
961750,0
961751,0
961752,0
961753,0
961754,0
961755,4
961756,0
961757,0
961758,0
961759,0
961760,3
961761,0
961762,0
961763,2
961764,0
961765,0
961766,0
961767,6
961768,0
961769,0
961770,0
961771,0
961772,0
961773,0
961774,4
961775,0
961776,0
961777,0
961778,0
961779,0
961780,0
961781,0
961782,3
961783,0
961784,3
961785,0
961786,0
961787,0
961788,4
961789,0
961790,0
961791,0
961792,0
961793,5
961794,0
961795,0
961796,0
961797,0
961798,0
961799,3
961800,0
961801,0
961802,0
961803,0
961804,0
961805,0
961806,0
961807,0
961808,0
961809,0
961810,0
961811,0
961812,0
961813,0
961814,0
961815,2
961816,0
961817,0
961818,0
961819,4
961820,0
961821,2
961822,0
961823,0
961824,0
961825,3
961826,0
961827,3
961828,0
961829,0
961830,0
961831,0
961832,0
961833,0
961834,0
961835,0
961836,0
961837,0
961838,5
961839,3
961840,0
961841,0
961842,0
961843,0
961844,0
961845,0
961846,0
961847,0
961848,0
961849,0
961850,0
961851,0
961852,0
961853,0
961854,0
961855,0
961856,6
961857,0
961858,0
961859,0
961860,2
961861,0
961862,0
961863,0
961864,0
961865,0
961866,0
961867,0
961868,1
961869,0
961870,0
961871,0
961872,0
961873,0
961874,2
961875,0
961876,0
961877,0
961878,0
961879,3
961880,0
961881,5
961882,0
961883,0
961884,0
961885,0
961886,0
961887,5
961888,0
961889,0
961890,0
961891,0
961892,6
961893,0
961894,0
961895,0
961896,0
961897,0
961898,0
961899,0
961900,0
961901,0
961902,0
961903,0
961904,0
961905,1
961906,0
961907,0
961908,0
961909,3
961910,0
961911,0
961912,0
961913,0
961914,1
961915,0
961916,0
961917,0
961918,0
961919,4
961920,1
961921,0
961922,4
961923,0
961924,0
961925,0
961926,5
961927,0
961928,0
961929,0
961930,0
961931,0
961932,0
961933,0
961934,0
961935,1
961936,7
961937,0
961938,0
961939,0
961940,0
961941,0
961942,7
961943,0
961944,0
961945,0
961946,0
961947,5
961948,0
961949,0
961950,0
961951,6
961952,0
961953,0
961954,0
961955,0
961956,0
961957,0
961958,0
961959,2
961960,0
961961,0
961962,0
961963,0
961964,0
961965,0
961966,1
961967,0
961968,0
961969,0
961970,0
961971,0
961972,0
961973,0
961974,0
961975,0
961976,1
961977,0
961978,0
961979,0
961980,0
961981,0
961982,0
961983,0
961984,3
961985,0
961986,0
961987,0
961988,2
961989,0
961990,0
961991,0
961992,0
961993,0
961994,0
961995,0
961996,0
961997,0
961998,3
961999,0
962000,0
962001,0
962002,0
962003,0
962004,0
962005,0
962006,0
962007,0
962008,0
962009,0
962010,0
962011,0
962012,0
962013,0
962014,0
962015,0
962016,0
962017,0
962018,0
962019,1
962020,0
962021,0
962022,0
962023,0
962024,0
962025,0
962026,0
962027,0
962028,0
962029,4
962030,0
962031,0
962032,0
962033,0
962034,0
962035,0
962036,0
962037,0
962038,0
962039,0
962040,0
962041,3
962042,0
962043,0
962044,0
962045,0
962046,0
962047,0
962048,0
962049,3
962050,0
962051,0
962052,0
962053,3
962054,0
962055,0
962056,0
962057,0
962058,0
962059,4
962060,2
962061,0
962062,0
962063,0
962064,0
962065,1
962066,0
962067,0
962068,3
962069,0
962070,0
962071,0
962072,0
962073,0
962074,0
962075,3
962076,0
962077,0
962078,0
962079,0
962080,0
962081,0
962082,0
962083,3
962084,0
962085,0
962086,0
962087,0
962088,0
962089,0
962090,0
962091,0
962092,0
962093,0
962094,2
962095,0
962096,0
962097,3
962098,4
962099,0
962100,0
962101,0
962102,0
962103,0
962104,0
962105,0
962106,0
962107,0
962108,5
962109,0
962110,0
962111,0
962112,0
962113,0
962114,2
962115,0
962116,0
962117,0
962118,0
962119,2
962120,0
962121,0
962122,0
962123,2
962124,0
962125,0
962126,0
962127,1
962128,0
962129,2
962130,0
962131,3
962132,0
962133,2
962134,1
962135,0
962136,1
962137,5
962138,0
962139,0
962140,0
962141,0
962142,0
962143,0
962144,3
962145,0
962146,0
962147,0
962148,0
962149,0
962150,0
962151,0
962152,0
962153,0
962154,0
962155,0
962156,0
962157,0
962158,9
962159,2
962160,0
962161,0
962162,5
962163,0
962164,0
962165,0
962166,2
962167,0
962168,0
962169,0
962170,3
962171,0
962172,0
962173,0
962174,0
962175,0
962176,0
962177,7
962178,0
962179,0
962180,0
962181,0
962182,0
962183,0
962184,0
962185,0
962186,0
962187,0
962188,0
962189,8
962190,0
962191,0
962192,3
962193,4
962194,0
962195,0
962196,0
962197,0
962198,0
962199,0
962200,0
962201,0
962202,3
962203,0
962204,0
962205,0
962206,0
962207,0
962208,0
962209,0
962210,0
962211,0
962212,5
962213,0
962214,0
962215,0
962216,4
962217,0
962218,0
962219,0
962220,0
962221,0
962222,5
962223,0
962224,0
962225,2
962226,4
962227,6
962228,0
962229,0
962230,0
962231,4
962232,0
962233,0
962234,0
962235,7
962236,0
962237,0
962238,0
962239,3
962240,0
962241,0
962242,0
962243,0
962244,0
962245,0
962246,0
962247,0
962248,0
962249,0
962250,3
962251,0
962252,0
962253,5
962254,0
962255,0
962256,0
962257,0
962258,0
962259,2
962260,0
962261,0
962262,0
962263,0
962264,0
962265,0
962266,0
962267,0
962268,0
962269,0
962270,0
962271,0
962272,0
962273,0
962274,0
962275,0
962276,0
962277,0
962278,0
962279,0
962280,0
962281,0
962282,0
962283,0
962284,0
962285,0
962286,0
962287,0
962288,22
962289,0
962290,0
962291,0
962292,0
962293,0
962294,0
962295,0
962296,0
962297,0
962298,0
962299,0
962300,0
962301,0
962302,0
962303,0
962304,0
962305,0
962306,0
962307,24
962308,0
962309,0
962310,0
962311,0
962312,0
962313,0
962314,0
962315,0
962316,0
962317,23
962318,0
962319,0
962320,0
962321,0
962322,0
962323,0
962324,0
962325,0
962326,0
962327,0
962328,0
962329,0
962330,0
962331,0
962332,0
962333,0
962334,0
962335,0
962336,0
962337,0
962338,0
962339,0
962340,0
962341,0
962342,0
962343,0
962344,0
962345,0
962346,0
962347,0
962348,0
962349,0
962350,0
962351,0
962352,0
962353,0
962354,0
962355,0
962356,0
962357,0
962358,0
962359,29
962360,0
962361,0
962362,0
962363,0
962364,0
962365,0
962366,0
962367,0
962368,0
962369,0
962370,33
962371,0
962372,0
962373,0
962374,24
962375,0
962376,0
962377,0
962378,38
962379,0
962380,0
962381,0
962382,0
962383,0
962384,0
962385,0
962386,0
962387,0
962388,0
962389,0
962390,0
962391,0
962392,0
962393,0
962394,0
962395,0
962396,0
962397,27
962398,0
962399,0
962400,0
962401,0
962402,23
962403,0
962404,0
962405,0
962406,0
962407,0
962408,0
962409,0
962410,0
962411,0
962412,0
962413,0
962414,34
962415,0
962416,0
962417,0
962418,0
962419,0
962420,0
962421,0
962422,0
962423,0
962424,0
962425,0
962426,0
962427,0
962428,0
962429,0
962430,0
962431,0
962432,0
962433,0
962434,0
962435,0
962436,0
962437,0
962438,0
962439,0
962440,0
962441,0
962442,0
962443,0
962444,0
962445,0
962446,0
962447,0
962448,0
962449,0
962450,0
962451,0
962452,0
962453,0
962454,0
962455,20
962456,0
962457,0
962458,0
962459,0
962460,0
962461,0
962462,0
962463,0
962464,0
962465,0
962466,0
962467,0
962468,0
962469,0
962470,0
962471,0
962472,0
962473,0
962474,35
962475,0
962476,0
962477,0
962478,0
962479,0
962480,0
962481,0
962482,0
962483,34
962484,0
962485,0
962486,0
962487,0
962488,0
962489,0
962490,29
962491,0
962492,0
962493,0
962494,0
962495,0
962496,0
962497,0
962498,0
962499,0
962500,0
962501,0
962502,0
962503,0
962504,0
962505,0
962506,0
962507,0
962508,0
962509,0
962510,0
962511,0
962512,0
962513,0
962514,0
962515,0
962516,0
962517,0
962518,0
962519,0
962520,0
962521,0
962522,0
962523,0
962524,0
962525,31
962526,0
962527,0
962528,34
962529,0
962530,15
962531,0
962532,0
962533,0
962534,0
962535,0
962536,0
962537,0
962538,0
962539,0
962540,0
962541,0
962542,0
962543,0
962544,0
962545,0
962546,0
962547,0
962548,0
962549,0
962550,0
962551,0
962552,0
962553,0
962554,0
962555,0
962556,0
962557,0
962558,0
962559,23
962560,0
962561,0
962562,0
962563,0
962564,0
962565,0
962566,0
962567,0
962568,0
962569,0
962570,0
962571,0
962572,33
962573,0
962574,0
962575,0
962576,0
962577,29
962578,0
962579,0
962580,0
962581,0
962582,0
962583,0
962584,0
962585,20
962586,0
962587,0
962588,26
962589,0
962590,0
962591,0
962592,0
962593,0
962594,0
962595,0
962596,0
962597,0
962598,0
962599,0
962600,0
962601,0
962602,0
962603,0
962604,0
962605,0
962606,0
962607,0
962608,38
962609,0
962610,0
962611,0
962612,0
962613,0
962614,0
962615,0
962616,0
962617,0
962618,0
962619,0
962620,0
962621,0
962622,0
962623,0
962624,0
962625,0
962626,0
962627,0
962628,0
962629,0
962630,0
962631,0
962632,0
962633,0
962634,0
962635,0
962636,0
962637,0
962638,0
962639,0
962640,0
962641,0
962642,30
962643,0
962644,0
962645,0
962646,0
962647,0
962648,0
962649,0
962650,0
962651,0
962652,0
962653,0
962654,0
962655,0
962656,0
962657,0
962658,0
962659,0
962660,0
962661,0
962662,0
962663,0
962664,0
962665,0
962666,25
962667,0
962668,0
962669,0
962670,0
962671,0
962672,0
962673,0
962674,0
962675,0
962676,0
962677,0
962678,0
962679,20
962680,0
962681,0
962682,0
962683,0
962684,0
962685,0
962686,0
962687,0
962688,0
962689,0
962690,0
962691,0
962692,0
962693,29
962694,0
962695,0
962696,0
962697,0
962698,31
962699,0
962700,0
962701,0
962702,0
962703,0
962704,0
962705,0
962706,0
962707,0
962708,0
962709,0
962710,0
962711,0
962712,0
962713,0
962714,0
962715,0
962716,0
962717,0
962718,0
962719,0
962720,0
962721,0
962722,0
962723,0
962724,0
962725,0
962726,0
962727,0
962728,0
962729,0
962730,0
962731,0
962732,0
962733,0
962734,0
962735,0
962736,0
962737,0
962738,0
962739,0
962740,0
962741,0
962742,0
962743,0
962744,0
962745,0
962746,0
962747,0
962748,0
962749,0
962750,0
962751,0
962752,0
962753,0
962754,0
962755,0
962756,0
962757,0
962758,0
962759,22
962760,0
962761,0
962762,36
962763,0
962764,0
962765,0
962766,0
962767,0
962768,0
962769,0
962770,0
962771,22
962772,0
962773,0
962774,0
962775,0
962776,0
962777,0
962778,0
962779,0
962780,0
962781,0
962782,0
962783,0
962784,0
962785,0
962786,0
962787,0
962788,0
962789,0
962790,0
962791,0
962792,0
962793,0
962794,0
962795,0
962796,0
962797,0
962798,0
962799,0
962800,0
962801,25
962802,0
962803,0
962804,0
962805,0
962806,26
962807,0
962808,0
962809,0
962810,0
962811,0
962812,0
962813,0
962814,0
962815,0
962816,0
962817,0
962818,0
962819,0
962820,0
962821,0
962822,0
962823,0
962824,0
962825,0
962826,0
962827,0
962828,0
962829,0
962830,47
962831,21
962832,36
962833,0
962834,25
962835,0
962836,0
962837,0
962838,0
962839,49
962840,0
962841,0
962842,19
962843,36
962844,0
962845,40
962846,0
962847,30
962848,0
962849,0
962850,0
962851,0
962852,0
962853,32
962854,36
962855,0
962856,0
962857,0
962858,0
962859,0
962860,48
962861,0
962862,0
962863,33
962864,0
962865,40
962866,0
962867,0
962868,57
962869,0
962870,41
962871,34
962872,0
962873,24
962874,0
962875,0
962876,0
962877,23
962878,45
962879,0
962880,0
962881,0
962882,0
962883,0
962884,0
962885,0
962886,0
962887,30
962888,0
962889,0
962890,36
962891,0
962892,16
962893,0
962894,0
962895,0
962896,0
962897,0
962898,0
962899,0
962900,0
962901,0
962902,37
962903,22
962904,0
962905,0
962906,0
962907,0
962908,0
962909,0
962910,0
962911,0
962912,0
962913,0
962914,0
962915,0
962916,54
962917,0
962918,0
962919,0
962920,0
962921,30
962922,0
962923,24
962924,0
962925,0
962926,0
962927,0
962928,41
962929,0
962930,0
962931,0
962932,0
962933,0
962934,0
962935,0
962936,0
962937,0
962938,0
962939,19
962940,0
962941,0
962942,0
962943,0
962944,0
962945,38
962946,0
962947,48
962948,0
962949,0
962950,0
962951,31
962952,0
962953,0
962954,41
962955,0
962956,0
962957,38
962958,55
962959,52
962960,0
962961,19
962962,40
962963,0
962964,0
962965,0
962966,0
962967,0
962968,0
962969,0
962970,0
962971,0
962972,0
962973,0
962974,0
962975,0
962976,35
962977,48
962978,30
962979,0
962980,0
962981,0
962982,39
962983,36
962984,0
962985,0
962986,0
962987,0
962988,0
962989,40
962990,21
962991,23
962992,36
962993,38
962994,0
962995,32
962996,41
962997,0
962998,0
962999,0
963000,0
963001,0
963002,0
963003,23
963004,0
963005,0
963006,45
963007,0
963008,42
963009,0
963010,0
963011,0
963012,0
963013,27
963014,0
963015,29
963016,0
963017,24
963018,0
963019,0
963020,19
963021,0
963022,29
963023,0
963024,57
963025,0
963026,0
963027,0
963028,0
963029,0
963030,0
963031,31
963032,0
963033,0
963034,0
963035,0
963036,0
963037,0
963038,0
963039,0
963040,0
963041,0
963042,27
963043,38
963044,0
963045,0
963046,0
963047,0
963048,38
963049,0
963050,0
963051,0
963052,0
963053,14
963054,0
963055,0
963056,0
963057,0
963058,0
963059,0
963060,0
963061,0
963062,0
963063,0
963064,0
963065,0
963066,0
963067,39
963068,0
963069,20
963070,0
963071,0
963072,19
963073,20
963074,0
963075,0
963076,0
963077,0
963078,0
963079,0
963080,32
963081,0
963082,31
963083,0
963084,0
963085,0
963086,22
963087,0
963088,0
963089,0
963090,50
963091,29
963092,0
963093,0
963094,0
963095,0
963096,16
963097,0
963098,28
963099,0
963100,0
963101,0
963102,0
963103,42
963104,0
963105,0
963106,0
963107,27
963108,33
963109,35
963110,0
963111,0
963112,0
963113,34
963114,0
963115,34
963116,0
963117,0
963118,0
963119,29
963120,39
963121,64
963122,0
963123,0
963124,0
963125,0
963126,0
963127,45
963128,0
963129,31
963130,0
963131,11
963132,44
963133,0
963134,0
963135,19
963136,0
963137,0
963138,0
963139,27
963140,0
963141,12
963142,0
963143,0
963144,0
963145,0
963146,0
963147,11
963148,0
963149,0
963150,0
963151,25
963152,0
963153,0
963154,0
963155,0
963156,31
963157,0
963158,0
963159,0
963160,0
963161,0
963162,18
963163,27
963164,0
963165,0
963166,0
963167,0
963168,0
963169,0
963170,0
963171,0
963172,30
963173,0
963174,0
963175,42
963176,0
963177,0
963178,0
963179,0
963180,0
963181,0
963182,0
963183,31
963184,0
963185,0
963186,48
963187,0
963188,0
963189,0
963190,0
963191,0
963192,0
963193,0
963194,0
963195,46
963196,0
963197,15
963198,0
963199,34
963200,0
963201,0
963202,0
963203,0
963204,31
963205,0
963206,0
963207,0
963208,0
963209,0
963210,0
963211,0
963212,0
963213,39
963214,0
963215,0
963216,0
963217,44
963218,17
963219,49
963220,0
963221,34
963222,0
963223,0
963224,16
963225,0
963226,0
963227,0
963228,0
963229,0
963230,45
963231,0
963232,50
963233,0
963234,0
963235,25
963236,0
963237,16
963238,0
963239,55
963240,0
963241,29
963242,0
963243,0
963244,22
963245,0
963246,0
963247,0
963248,0
963249,73
963250,0
963251,0
963252,0
963253,0
963254,0
963255,0
963256,41
963257,63
963258,46
963259,0
963260,0
963261,42
963262,0
963263,0
963264,0
963265,0
963266,0
963267,0
963268,0
963269,35
963270,14
963271,58
963272,43
963273,0
963274,27
963275,0
963276,36
963277,0
963278,0
963279,13
963280,0
963281,29
963282,0
963283,0
963284,0
963285,0
963286,0
963287,0
963288,0
963289,24
963290,27
963291,0
963292,34
963293,0
963294,0
963295,33
963296,0
963297,0
963298,0
963299,0
963300,35
963301,22
963302,0
963303,0
963304,11
963305,0
963306,0
963307,0
963308,22
963309,0
963310,0
963311,25
963312,0
963313,29
963314,45
963315,0
963316,0
963317,0
963318,0
963319,32
963320,0
963321,0
963322,0
963323,0
963324,42
963325,0
963326,34
963327,0
963328,0
963329,55
963330,0
963331,0
963332,0
963333,32
963334,22
963335,0
963336,45
963337,27
963338,0
963339,24
963340,0
963341,28
963342,0
963343,0
963344,0
963345,22
963346,40
963347,0
963348,0
963349,0
963350,0
963351,0
963352,0
963353,0
963354,0
963355,0
963356,30
963357,0
963358,39
963359,0
963360,0
963361,0
963362,40
963363,0
963364,0
963365,42
963366,0
963367,0
963368,0
963369,0
963370,0
963371,37
963372,0
963373,0
963374,0
963375,0
963376,0
963377,33
963378,0
963379,0
963380,0
963381,0
963382,0
963383,0
963384,36
963385,28
963386,0
963387,25
963388,0
963389,0
963390,0
963391,41
963392,56
963393,0
963394,0
963395,27
963396,0
963397,0
963398,35
963399,40
963400,0
963401,0
963402,8
963403,0
963404,0
963405,0
963406,0
963407,0
963408,0
963409,0
963410,33
963411,0
963412,0
963413,24
963414,0
963415,0
963416,0
963417,0
963418,0
963419,0
963420,56
963421,0
963422,23
963423,0
963424,0
963425,18
963426,32
963427,0
963428,0
963429,36
963430,0
963431,48
963432,0
963433,0
963434,42
963435,0
963436,0
963437,25
963438,0
963439,29
963440,32
963441,0
963442,17
963443,0
963444,29
963445,0
963446,0
963447,0
963448,18
963449,0
963450,0
963451,48
963452,0
963453,24
963454,0
963455,16
963456,0
963457,0
963458,0
963459,47
963460,0
963461,21
963462,30
963463,0
963464,0
963465,30
963466,0
963467,0
963468,0
963469,0
963470,0
963471,46
963472,37
963473,0
963474,0
963475,0
963476,0
963477,0
963478,0
963479,0
963480,0
963481,0
963482,0
963483,33
963484,37
963485,24
963486,45
963487,0
963488,0
963489,0
963490,0
963491,0
963492,0
963493,59
963494,29
963495,0
963496,67
963497,25
963498,0
963499,0
963500,0
963501,36
963502,0
963503,0
963504,0
963505,0
963506,0
963507,0
963508,0
963509,0
963510,0
963511,0
963512,0
963513,0
963514,0
963515,0
963516,0
963517,0
963518,0
963519,26
963520,0
963521,0
963522,53
963523,38
963524,0
963525,0
963526,39
963527,28
963528,0
963529,0
963530,0
963531,0
963532,26
963533,0
963534,0
963535,0
963536,0
963537,0
963538,0
963539,0
963540,0
963541,0
963542,0
963543,0
963544,0
963545,22
963546,0
963547,0
963548,0
963549,0
963550,0
963551,0
963552,0
963553,0
963554,41
963555,0
963556,0
963557,0
963558,27
963559,0
963560,0
963561,0
963562,0
963563,52
963564,0
963565,0
963566,0
963567,0
963568,25
963569,0
963570,0
963571,0
963572,0
963573,0
963574,0
963575,33
963576,0
963577,0
963578,31
963579,0
963580,0
963581,0
963582,0
963583,0
963584,0
963585,32
963586,0
963587,0
963588,0
963589,38
963590,0
963591,0
963592,0
963593,25
963594,0
963595,0
963596,29
963597,31
963598,0
963599,0
963600,0
963601,0
963602,0
963603,0
963604,31
963605,0
963606,0
963607,0
963608,20
963609,0
963610,32
963611,40
963612,0
963613,0
963614,42
963615,0
963616,0
963617,0
963618,30
963619,0
963620,0
963621,0
963622,0
963623,23
963624,0
963625,0
963626,0
963627,0
963628,0
963629,0
963630,41
963631,41
963632,0
963633,0
963634,0
963635,0
963636,0
963637,0
963638,0
963639,0
963640,24
963641,0
963642,0
963643,0
963644,45
963645,0
963646,0
963647,31
963648,46
963649,44
963650,0
963651,0
963652,32
963653,0
963654,0
963655,0
963656,0
963657,0
963658,0
963659,0
963660,0
963661,0
963662,0
963663,0
963664,0
963665,0
963666,0
963667,32
963668,35
963669,0
963670,24
963671,0
963672,0
963673,47
963674,0
963675,0
963676,32
963677,0
963678,0
963679,0
963680,0
963681,0
963682,0
963683,0
963684,0
963685,26
963686,0
963687,0
963688,0
963689,0
963690,0
963691,0
963692,34
963693,0
963694,0
963695,0
963696,31
963697,0
963698,0
963699,35
963700,0
963701,32
963702,0
963703,0
963704,0
963705,0
963706,41
963707,0
963708,30
963709,0
963710,0
963711,0
963712,0
963713,0
963714,45
963715,52
963716,0
963717,0
963718,15
963719,0
963720,0
963721,0
963722,0
963723,0
963724,0
963725,0
963726,0
963727,34
963728,0
963729,0
963730,0
963731,0
963732,0
963733,0
963734,0
963735,0
963736,25
963737,0
963738,25
963739,26
963740,0
963741,36
963742,0
963743,0
963744,0
963745,0
963746,0
963747,0
963748,0
963749,0
963750,0
963751,0
963752,0
963753,0
963754,0
963755,0
963756,0
963757,0
963758,0
963759,44
963760,0
963761,0
963762,0
963763,0
963764,0
963765,0
963766,0
963767,0
963768,0
963769,0
963770,0
963771,0
963772,0
963773,0
963774,0
963775,0
963776,0
963777,0
963778,0
963779,0
963780,0
963781,0
963782,0
963783,0
963784,0
963785,0
963786,0
963787,0
963788,0
963789,0
963790,0
963791,0
963792,0
963793,0
963794,0
963795,0
963796,0
963797,0
963798,0
963799,0
963800,0
963801,0
963802,0
963803,0
963804,0
963805,0
963806,0
963807,0
963808,0
963809,0
963810,0
963811,0
963812,0
963813,0
963814,0
963815,0
963816,0
963817,0
963818,0
963819,0
963820,0
963821,0
963822,0
963823,0
963824,0
963825,0
963826,0
963827,0
963828,0
963829,0
963830,0
963831,0
963832,0
963833,0
963834,0
963835,0
963836,0
963837,0
963838,0
963839,0
963840,0
963841,0
963842,0
963843,0
963844,0
963845,0
963846,0
963847,0
963848,0
963849,0
963850,0
963851,0
963852,0
963853,0
963854,0
963855,0
963856,0
963857,0
963858,0
963859,0
963860,0
963861,0
963862,0
963863,0
963864,0
963865,0
963866,0
963867,0
963868,0
963869,0
963870,0
963871,0
963872,0
963873,0
963874,0
963875,0
963876,0
963877,0
963878,0
963879,0
963880,0
963881,0
963882,0
963883,0
963884,0
963885,0
963886,0
963887,0
963888,0
963889,0
963890,0
963891,0
963892,0
963893,0
963894,0
963895,0
963896,0
963897,0
963898,0
963899,0
963900,0
963901,0
963902,0
963903,0
963904,0
963905,0
963906,0
963907,0
963908,0
963909,0
963910,0
963911,0
963912,0
963913,0
963914,0
963915,0
963916,0
963917,0
963918,0
963919,0
963920,0
963921,0
963922,0
963923,0
963924,0
963925,0
963926,0
963927,0
963928,0
963929,0
963930,0
963931,0
963932,0
963933,0
963934,0
963935,0
963936,0
963937,0
963938,0
963939,0
963940,0
963941,0
963942,0
963943,0
963944,0
963945,0
963946,0
963947,0
963948,0
963949,0
963950,0
963951,0
963952,0
963953,0
963954,0
963955,0
963956,0
963957,0
963958,0
963959,0
963960,0
963961,0
963962,0
963963,0
963964,0
963965,0
963966,0
963967,0
963968,0
963969,0
963970,0
963971,0
963972,0
963973,0
963974,0
963975,0
963976,0
963977,0
963978,0
963979,0
963980,0
963981,0
963982,0
963983,0
963984,0
963985,0
963986,0
963987,0
963988,0
963989,0
963990,0
963991,0
963992,0
963993,0
963994,0
963995,0
963996,0
963997,0
963998,0
963999,0
964000,0
964001,0
964002,0
964003,0
964004,0
964005,0
964006,0
964007,0
964008,0
964009,0
964010,0
964011,0
964012,0
964013,0
964014,0
964015,0
964016,0
964017,0
964018,0
964019,0
964020,0
964021,0
964022,0
964023,0
964024,0
964025,0
964026,0
964027,0
964028,0
964029,0
964030,0
964031,0
964032,0
964033,0
964034,0
964035,0
964036,0
964037,0
964038,0
964039,0
964040,0
964041,0
964042,0
964043,0
964044,0
964045,0
964046,0
964047,0
964048,0
964049,0
964050,0
964051,0
964052,0
964053,0
964054,0
964055,0
964056,0
964057,0
964058,0
964059,0
964060,0
964061,0
964062,0
964063,0
964064,0
964065,0
964066,0
964067,0
964068,0
964069,0
964070,0
964071,0
964072,0
964073,0
964074,0
964075,0
964076,0
964077,0
964078,0
964079,0
964080,0
964081,0
964082,0
964083,0
964084,0
964085,0
964086,0
964087,0
964088,0
964089,0
964090,0
964091,0
964092,0
964093,0
964094,0
964095,0
964096,0
964097,0
964098,0
964099,0
964100,0
964101,0
964102,0
964103,0
964104,0
964105,0
964106,0
964107,0
964108,0
964109,0
964110,0
964111,0
964112,0
964113,0
964114,0
964115,0
964116,0
964117,0
964118,0
964119,0
964120,0
964121,0
964122,0
964123,0
964124,0
964125,0
964126,0
964127,0
964128,0
964129,0
964130,0
964131,0
964132,0
964133,0
964134,0
964135,0
964136,0
964137,0
964138,0
964139,0
964140,0
964141,0
964142,0
964143,0
964144,0
964145,0
964146,0
964147,0
964148,0
964149,0
964150,0
964151,0
964152,0
964153,0
964154,0
964155,0
964156,0
964157,0
964158,0
964159,0
964160,0
964161,0
964162,0
964163,0
964164,0
964165,0
964166,0
964167,0
964168,0
964169,0
964170,0
964171,0
964172,0
964173,0
964174,0
964175,0
964176,0
964177,0
964178,0
964179,0
964180,0
964181,0
964182,0
964183,0
964184,0
964185,0
964186,0
964187,0
964188,0
964189,0
964190,0
964191,0
964192,0
964193,0
964194,0
964195,0
964196,0
964197,0
964198,0
964199,0
964200,0
964201,0
964202,0
964203,0
964204,0
964205,0
964206,0
964207,0
964208,0
964209,0
964210,0
964211,0
964212,0
964213,0
964214,0
964215,0
964216,0
964217,0
964218,0
964219,0
964220,0
964221,0
964222,0
964223,0
964224,0
964225,0
964226,0
964227,0
964228,0
964229,0
964230,0
964231,0
964232,0
964233,0
964234,0
964235,0
964236,0
964237,0
964238,0
964239,0
964240,0
964241,0
964242,0
964243,0
964244,0
964245,0
964246,0
964247,0
964248,0
964249,0
964250,0
964251,0
964252,0
964253,0
964254,0
964255,0
964256,0
964257,0
964258,0
964259,0
964260,0
964261,0
964262,0
964263,0
964264,0
964265,0
964266,0
964267,0
964268,0
964269,0
964270,0
964271,0
964272,0
964273,0
964274,0
964275,0
964276,0
964277,0
964278,0
964279,0
964280,0
964281,0
964282,0
964283,0
964284,0
964285,0
964286,0
964287,0
964288,0
964289,0
964290,0
964291,0
964292,0
964293,0
964294,0
964295,0
964296,0
964297,0
964298,0
964299,0
964300,0
964301,0
964302,0
964303,0
964304,0
964305,0
964306,0
964307,0
964308,0
964309,0
964310,0
964311,0
964312,0
964313,0
964314,0
964315,0
964316,0
964317,0
964318,0
964319,0
964320,0
964321,0
964322,0
964323,0
964324,0
964325,0
964326,0
964327,0
964328,0
964329,0
964330,0
964331,0
964332,0
964333,1
964334,0
964335,0
964336,0
964337,1
964338,0
964339,0
964340,0
964341,0
964342,0
964343,0
964344,0
964345,0
964346,0
964347,0
964348,0
964349,0
964350,0
964351,0
964352,0
964353,0
964354,0
964355,0
964356,0
964357,0
964358,0
964359,0
964360,0
964361,0
964362,0
964363,0
964364,0
964365,0
964366,0
964367,0
964368,0
964369,0
964370,0
964371,0
964372,0
964373,0
964374,0
964375,0
964376,0
964377,0
964378,0
964379,0
964380,0
964381,0
964382,0
964383,0
964384,0
964385,0
964386,0
964387,0
964388,0
964389,0
964390,0
964391,0
964392,0
964393,0
964394,0
964395,0
964396,0
964397,0
964398,0
964399,0
964400,0
964401,0
964402,0
964403,0
964404,0
964405,0
964406,0
964407,0
964408,0
964409,0
964410,0
964411,0
964412,0
964413,0
964414,0
964415,0
964416,0
964417,0
964418,0
964419,0
964420,0
964421,0
964422,0
964423,0
964424,0
964425,0
964426,0
964427,0
964428,0
964429,0
964430,0
964431,0
964432,0
964433,0
964434,0
964435,0
964436,0
964437,0
964438,0
964439,0
964440,0
964441,0
964442,0
964443,0
964444,0
964445,0
964446,0
964447,0
964448,0
964449,0
964450,0
964451,0
964452,0
964453,0
964454,0
964455,0
964456,0
964457,0
964458,0
964459,0
964460,0
964461,0
964462,0
964463,0
964464,0
964465,0
964466,0
964467,0
964468,0
964469,0
964470,0
964471,0
964472,0
964473,0
964474,32
964475,0
964476,0
964477,0
964478,0
964479,0
964480,0
964481,0
964482,0
964483,0
964484,0
964485,34
964486,0
964487,0
964488,0
964489,0
964490,0
964491,0
964492,0
964493,0
964494,0
964495,0
964496,0
964497,0
964498,0
964499,0
964500,0
964501,0
964502,0
964503,0
964504,0
964505,0
964506,0
964507,0
964508,0
964509,0
964510,38
964511,0
964512,0
964513,0
964514,0
964515,0
964516,0
964517,0
964518,0
964519,0
964520,0
964521,0
964522,27
964523,0
964524,0
964525,0
964526,0
964527,0
964528,0
964529,0
964530,0
964531,0
964532,0
964533,0
964534,0
964535,23
964536,0
964537,0
964538,0
964539,0
964540,0
964541,0
964542,0
964543,0
964544,0
964545,0
964546,0
964547,0
964548,0
964549,42
964550,0
964551,0
964552,0
964553,0
964554,0
964555,0
964556,0
964557,0
964558,0
964559,0
964560,0
964561,0
964562,0
964563,0
964564,26
964565,0
964566,0
964567,0
964568,0
964569,0
964570,0
964571,0
964572,0
964573,32
964574,0
964575,0
964576,0
964577,0
964578,0
964579,0
964580,0
964581,0
964582,0
964583,0
964584,0
964585,0
964586,0
964587,0
964588,0
964589,0
964590,0
964591,0
964592,0
964593,31
964594,0
964595,0
964596,0
964597,0
964598,0
964599,0
964600,42
964601,0
964602,0
964603,0
964604,0
964605,0
964606,0
964607,0
964608,0
964609,0
964610,0
964611,0
964612,0
964613,0
964614,0
964615,0
964616,0
964617,0
964618,0
964619,0
964620,0
964621,0
964622,0
964623,0
964624,0
964625,0
964626,30
964627,0
964628,0
964629,0
964630,0
964631,0
964632,0
964633,34
964634,0
964635,0
964636,0
964637,0
964638,30
964639,31
964640,19
964641,0
964642,0
964643,0
964644,0
964645,0
964646,0
964647,0
964648,0
964649,0
964650,0
964651,0
964652,0
964653,0
964654,0
964655,0
964656,44
964657,0
964658,0
964659,0
964660,0
964661,0
964662,0
964663,0
964664,0
964665,0
964666,0
964667,26
964668,0
964669,0
964670,0
964671,0
964672,0
964673,0
964674,39
964675,0
964676,0
964677,0
964678,0
964679,0
964680,0
964681,0
964682,0
964683,0
964684,39
964685,0
964686,0
964687,0
964688,31
964689,0
964690,24
964691,0
964692,0
964693,0
964694,0
964695,0
964696,0
964697,0
964698,0
964699,0
964700,0
964701,33
964702,0
964703,0
964704,0
964705,0
964706,0
964707,0
964708,0
964709,0
964710,0
964711,0
964712,39
964713,0
964714,0
964715,0
964716,0
964717,0
964718,30
964719,0
964720,0
964721,0
964722,0
964723,0
964724,0
964725,0
964726,0
964727,0
964728,0
964729,0
964730,0
964731,0
964732,0
964733,0
964734,0
964735,0
964736,0
964737,0
964738,0
964739,31
964740,0
964741,0
964742,0
964743,0
964744,0
964745,0
964746,0
964747,0
964748,0
964749,0
964750,0
964751,0
964752,0
964753,0
964754,39
964755,0
964756,0
964757,0
964758,0
964759,0
964760,0
964761,0
964762,0
964763,0
964764,0
964765,0
964766,0
964767,0
964768,0
964769,0
964770,0
964771,0
964772,0
964773,0
964774,0
964775,0
964776,0
964777,0
964778,0
964779,0
964780,0
964781,0
964782,0
964783,26
964784,0
964785,0
964786,0
964787,0
964788,0
964789,0
964790,0
964791,0
964792,0
964793,31
964794,0
964795,0
964796,0
964797,0
964798,0
964799,0
964800,0
964801,0
964802,0
964803,0
964804,0
964805,0
964806,0
964807,0
964808,0
964809,0
964810,0
964811,0
964812,0
964813,0
964814,0
964815,0
964816,0
964817,0
964818,37
964819,0
964820,23
964821,0
964822,0
964823,0
964824,0
964825,0
964826,0
964827,0
964828,43
964829,0
964830,0
964831,0
964832,0
964833,0
964834,0
964835,0
964836,0
964837,0
964838,0
964839,0
964840,0
964841,38
964842,0
964843,0
964844,45
964845,0
964846,0
964847,0
964848,0
964849,0
964850,0
964851,0
964852,0
964853,0
964854,0
964855,0
964856,0
964857,0
964858,0
964859,0
964860,0
964861,0
964862,0
964863,0
964864,0
964865,0
964866,0
964867,36
964868,0
964869,0
964870,0
964871,0
964872,0
964873,0
964874,0
964875,0
964876,0
964877,0
964878,0
964879,0
964880,0
964881,0
964882,0
964883,0
964884,0
964885,0
964886,0
964887,0
964888,0
964889,0
964890,0
964891,0
964892,31
964893,0
964894,0
964895,0
964896,0
964897,0
964898,0
964899,23
964900,0
964901,0
964902,0
964903,0
964904,0
964905,0
964906,0
964907,0
964908,0
964909,0
964910,0
964911,0
964912,0
964913,0
964914,0
964915,0
964916,0
964917,0
964918,0
964919,0
964920,0
964921,0
964922,0
964923,0
964924,0
964925,0
964926,0
964927,0
964928,0
964929,0
964930,0
964931,0
964932,0
964933,0
964934,0
964935,30
964936,0
964937,0
964938,0
964939,0
964940,0
964941,0
964942,0
964943,0
964944,0
964945,0
964946,0
964947,0
964948,0
964949,0
964950,0
964951,0
964952,0
964953,23
964954,34
964955,0
964956,0
964957,0
964958,0
964959,0
964960,0
964961,25
964962,0
964963,0
964964,0
964965,0
964966,0
964967,0
964968,0
964969,0
964970,0
964971,0
964972,0
964973,0
964974,31
964975,0
964976,0
964977,0
964978,0
964979,0
964980,0
964981,0
964982,0
964983,0
964984,0
964985,0
964986,0
964987,0
964988,0
964989,0
964990,0
964991,0
964992,0
964993,0
964994,0
964995,0
964996,0
964997,0
964998,0
964999,0
965000,0
965001,0
965002,0
965003,0
965004,0
965005,0
965006,0
965007,0
965008,0
965009,34
965010,0
965011,0
965012,0
965013,0
965014,0
965015,0
965016,0
965017,0
965018,0
965019,0
965020,0
965021,0
965022,0
965023,28
965024,0
965025,39
965026,40
965027,0
965028,22
965029,0
965030,0
965031,0
965032,0
965033,0
965034,0
965035,0
965036,0
965037,0
965038,0
965039,0
965040,0
965041,0
965042,0
965043,34
965044,0
965045,0
965046,0
965047,0
965048,0
965049,0
965050,0
965051,0
965052,0
965053,0
965054,0
965055,0
965056,0
965057,0
965058,0
965059,0
965060,0
965061,0
965062,0
965063,0
965064,0
965065,0
965066,0
965067,0
965068,0
965069,0
965070,0
965071,0
965072,0
965073,0
965074,0
965075,0
965076,0
965077,0
965078,0
965079,0
965080,0
965081,0
965082,0
965083,0
965084,0
965085,0
965086,0
965087,0
965088,0
965089,0
965090,0
965091,0
965092,0
965093,0
965094,0
965095,0
965096,42
965097,0
965098,0
965099,0
965100,0
965101,0
965102,0
965103,0
965104,0
965105,0
965106,0
965107,0
965108,0
965109,0
965110,0
965111,0
965112,0
965113,0
965114,0
965115,0
965116,0
965117,0
965118,0
965119,0
965120,0
965121,0
965122,58
965123,0
965124,0
965125,0
965126,0
965127,0
965128,0
965129,25
965130,0
965131,0
965132,0
965133,0
965134,0
965135,37
965136,0
965137,0
965138,0
965139,0
965140,0
965141,0
965142,0
965143,0
965144,0
965145,0
965146,0
965147,0
965148,0
965149,0
965150,0
965151,0
965152,0
965153,36
965154,0
965155,0
965156,0
965157,0
965158,0
965159,0
965160,0
965161,0
965162,0
965163,25
965164,0
965165,0
965166,0
965167,0
965168,0
965169,0
965170,0
965171,0
965172,0
965173,0
965174,0
965175,0
965176,0
965177,0
965178,0
965179,0
965180,0
965181,0
965182,0
965183,0
965184,0
965185,0
965186,0
965187,0
965188,0
965189,0
965190,0
965191,0
965192,0
965193,0
965194,0
965195,0
965196,0
965197,0
965198,0
965199,0
965200,0
965201,0
965202,0
965203,0
965204,0
965205,0
965206,0
965207,0
965208,0
965209,0
965210,0
965211,0
965212,6
965213,0
965214,5
965215,7
965216,0
965217,0
965218,0
965219,8
965220,0
965221,0
965222,0
965223,0
965224,6
965225,4
965226,0
965227,0
965228,0
965229,0
965230,0
965231,6
965232,0
965233,11
965234,9
965235,7
965236,0
965237,11
965238,0
965239,0
965240,0
965241,5
965242,12
965243,0
965244,0
965245,6
965246,0
965247,0
965248,0
965249,0
965250,10
965251,0
965252,0
965253,0
965254,0
965255,0
965256,0
965257,0
965258,0
965259,8
965260,0
965261,0
965262,0
965263,0
965264,0
965265,0
965266,0
965267,0
965268,4
965269,0
965270,0
965271,0
965272,0
965273,0
965274,5
965275,0
965276,0
965277,0
965278,0
965279,0
965280,0
965281,0
965282,0
965283,0
965284,10
965285,0
965286,0
965287,0
965288,0
965289,0
965290,0
965291,4
965292,0
965293,0
965294,13
965295,7
965296,0
965297,0
965298,0
965299,0
965300,0
965301,0
965302,0
965303,0
965304,0
965305,0
965306,0
965307,0
965308,7
965309,0
965310,0
965311,0
965312,10
965313,0
965314,7
965315,0
965316,0
965317,0
965318,0
965319,0
965320,0
965321,0
965322,0
965323,1
965324,4
965325,11
965326,0
965327,0
965328,0
965329,0
965330,0
965331,0
965332,0
965333,0
965334,0
965335,0
965336,0
965337,6
965338,0
965339,0
965340,11
965341,0
965342,0
965343,8
965344,0
965345,0
965346,0
965347,12
965348,0
965349,0
965350,0
965351,0
965352,0
965353,0
965354,0
965355,0
965356,0
965357,6
965358,0
965359,5
965360,0
965361,0
965362,0
965363,5
965364,0
965365,0
965366,0
965367,15
965368,0
965369,0
965370,0
965371,11
965372,9
965373,0
965374,0
965375,0
965376,0
965377,0
965378,0
965379,0
965380,4
965381,8
965382,0
965383,0
965384,0
965385,11
965386,0
965387,0
965388,0
965389,0
965390,8
965391,0
965392,0
965393,0
965394,0
965395,0
965396,0
965397,10
965398,0
965399,0
965400,0
965401,12
965402,0
965403,0
965404,3
965405,0
965406,0
965407,0
965408,8
965409,10
965410,0
965411,0
965412,0
965413,0
965414,0
965415,0
965416,0
965417,0
965418,7
965419,0
965420,0
965421,5
965422,0
965423,0
965424,12
965425,0
965426,8
965427,0
965428,6
965429,0
965430,0
965431,6
965432,0
965433,0
965434,10
965435,0
965436,5
965437,0
965438,0
965439,0
965440,0
965441,0
965442,0
965443,0
965444,0
965445,0
965446,0
965447,0
965448,0
965449,2
965450,0
965451,13
965452,0
965453,0
965454,6
965455,0
965456,12
965457,0
965458,0
965459,12
965460,0
965461,0
965462,0
965463,9
965464,13
965465,9
965466,0
965467,0
965468,6
965469,0
965470,5
965471,0
965472,0
965473,0
965474,0
965475,0
965476,0
965477,13
965478,0
965479,0
965480,0
965481,0
965482,0
965483,0
965484,0
965485,0
965486,4
965487,0
965488,0
965489,9
965490,12
965491,11
965492,0
965493,14
965494,0
965495,0
965496,0
965497,7
965498,0
965499,3
965500,0
965501,0
965502,0
965503,4
965504,6
965505,0
965506,0
965507,0
965508,0
965509,0
965510,8
965511,0
965512,0
965513,10
965514,0
965515,0
965516,0
965517,0
965518,3
965519,11
965520,0
965521,0
965522,0
965523,9
965524,12
965525,12
965526,0
965527,0
965528,0
965529,0
965530,0
965531,0
965532,8
965533,0
965534,0
965535,9
965536,0
965537,0
965538,0
965539,0
965540,0
965541,4
965542,12
965543,0
965544,0
965545,8
965546,0
965547,0
965548,0
965549,10
965550,0
965551,0
965552,0
965553,0
965554,0
965555,0
965556,0
965557,0
965558,0
965559,10
965560,0
965561,0
965562,0
965563,0
965564,0
965565,0
965566,0
965567,0
965568,0
965569,4
965570,0
965571,0
965572,15
965573,8
965574,0
965575,0
965576,0
965577,13
965578,0
965579,0
965580,9
965581,0
965582,0
965583,0
965584,6
965585,0
965586,6
965587,10
965588,0
965589,0
965590,4
965591,0
965592,0
965593,13
965594,0
965595,0
965596,0
965597,5
965598,2
965599,0
965600,0
965601,0
965602,0
965603,0
965604,0
965605,0
965606,8
965607,0
965608,6
965609,0
965610,5
965611,12
965612,8
965613,0
965614,18
965615,0
965616,0
965617,0
965618,0
965619,0
965620,0
965621,0
965622,0
965623,0
965624,0
965625,0
965626,0
965627,4
965628,0
965629,0
965630,5
965631,0
965632,0
965633,0
965634,9
965635,0
965636,0
965637,9
965638,0
965639,8
965640,6
965641,0
965642,0
965643,0
965644,0
965645,10
965646,0
965647,0
965648,0
965649,0
965650,0
965651,0
965652,0
965653,7
965654,0
965655,0
965656,0
965657,17
965658,6
965659,0
965660,0
965661,9
965662,0
965663,0
965664,7
965665,8
965666,13
965667,0
965668,0
965669,0
965670,0
965671,0
965672,10
965673,0
965674,10
965675,0
965676,12
965677,0
965678,0
965679,0
965680,0
965681,0
965682,0
965683,0
965684,0
965685,0
965686,0
965687,0
965688,0
965689,0
965690,0
965691,0
965692,0
965693,0
965694,0
965695,0
965696,0
965697,0
965698,11
965699,0
965700,9
965701,0
965702,0
965703,0
965704,7
965705,5
965706,10
965707,14
965708,7
965709,0
965710,0
965711,0
965712,0
965713,0
965714,0
965715,0
965716,5
965717,0
965718,12
965719,0
965720,0
965721,0
965722,0
965723,0
965724,11
965725,0
965726,0
965727,0
965728,0
965729,0
965730,7
965731,0
965732,0
965733,0
965734,0
965735,0
965736,0
965737,0
965738,0
965739,0
965740,11
965741,0
965742,0
965743,13
965744,0
965745,0
965746,13
965747,5
965748,10
965749,13
965750,7
965751,13
965752,0
965753,0
965754,7
965755,0
965756,0
965757,0
965758,0
965759,0
965760,0
965761,0
965762,0
965763,8
965764,8
965765,0
965766,0
965767,0
965768,0
965769,0
965770,0
965771,0
965772,0
965773,0
965774,7
965775,0
965776,8
965777,0
965778,0
965779,12
965780,0
965781,0
965782,0
965783,7
965784,11
965785,0
965786,0
965787,0
965788,7
965789,0
965790,4
965791,0
965792,4
965793,9
965794,0
965795,6
965796,0
965797,0
965798,0
965799,0
965800,0
965801,0
965802,0
965803,11
965804,10
965805,0
965806,4
965807,0
965808,3
965809,5
965810,0
965811,0
965812,0
965813,0
965814,0
965815,0
965816,6
965817,0
965818,0
965819,12
965820,0
965821,0
965822,0
965823,0
965824,4
965825,0
965826,0
965827,12
965828,10
965829,14
965830,6
965831,0
965832,0
965833,0
965834,5
965835,0
965836,4
965837,21
965838,0
965839,0
965840,0
965841,0
965842,0
965843,0
965844,0
965845,0
965846,0
965847,0
965848,0
965849,0
965850,0
965851,4
965852,0
965853,0
965854,0
965855,0
965856,18
965857,0
965858,0
965859,0
965860,3
965861,0
965862,0
965863,10
965864,0
965865,7
965866,6
965867,0
965868,0
965869,0
965870,14
965871,6
965872,0
965873,0
965874,9
965875,10
965876,0
965877,0
965878,6
965879,0
965880,12
965881,0
965882,0
965883,0
965884,0
965885,0
965886,0
965887,0
965888,0
965889,5
965890,0
965891,0
965892,0
965893,9
965894,8
965895,7
965896,6
965897,0
965898,0
965899,0
965900,0
965901,0
965902,0
965903,0
965904,0
965905,0
965906,0
965907,0
965908,0
965909,0
965910,7
965911,0
965912,7
965913,3
965914,11
965915,0
965916,7
965917,0
965918,0
965919,0
965920,0
965921,8
965922,0
965923,7
965924,0
965925,0
965926,0
965927,0
965928,0
965929,0
965930,0
965931,0
965932,0
965933,8
965934,5
965935,0
965936,0
965937,0
965938,8
965939,0
965940,0
965941,10
965942,0
965943,0
965944,0
965945,0
965946,0
965947,0
965948,0
965949,0
965950,0
965951,7
965952,4
965953,0
965954,0
965955,3
965956,5
965957,0
965958,0
965959,11
965960,0
965961,14
965962,0
965963,0
965964,7
965965,0
965966,7
965967,9
965968,0
965969,0
965970,5
965971,0
965972,0
965973,0
965974,0
965975,0
965976,0
965977,8
965978,0
965979,15
965980,0
965981,0
965982,0
965983,0
965984,0
965985,9
965986,10
965987,0
965988,0
965989,0
965990,11
965991,0
965992,0
965993,0
965994,0
965995,0
965996,0
965997,0
965998,5
965999,0
966000,0
966001,0
966002,0
966003,0
966004,0
966005,0
966006,0
966007,0
966008,0
966009,7
966010,0
966011,0
966012,7
966013,0
966014,0
966015,0
966016,0
966017,0
966018,0
966019,0
966020,0
966021,0
966022,0
966023,0
966024,0
966025,0
966026,0
966027,0
966028,9
966029,0
966030,3
966031,0
966032,0
966033,0
966034,0
966035,0
966036,0
966037,0
966038,13
966039,0
966040,0
966041,0
966042,0
966043,0
966044,0
966045,0
966046,0
966047,7
966048,0
966049,0
966050,11
966051,13
966052,0
966053,0
966054,0
966055,0
966056,0
966057,5
966058,0
966059,9
966060,0
966061,0
966062,9
966063,9
966064,0
966065,0
966066,0
966067,0
966068,0
966069,0
966070,0
966071,0
966072,0
966073,0
966074,10
966075,0
966076,0
966077,0
966078,0
966079,0
966080,4
966081,0
966082,0
966083,0
966084,0
966085,0
966086,0
966087,0
966088,0
966089,0
966090,0
966091,0
966092,0
966093,0
966094,0
966095,0
966096,0
966097,0
966098,0
966099,0
966100,15
966101,0
966102,0
966103,0
966104,9
966105,0
966106,0
966107,0
966108,10
966109,7
966110,0
966111,0
966112,0
966113,0
966114,7
966115,0
966116,0
966117,4
966118,0
966119,8
966120,0
966121,0
966122,9
966123,16
966124,0
966125,14
966126,0
966127,8
966128,0
966129,0
966130,0
966131,0
966132,0
966133,0
966134,0
966135,0
966136,0
966137,0
966138,5
966139,0
966140,0
966141,0
966142,0
966143,3
966144,0
966145,0
966146,0
966147,0
966148,0
966149,0
966150,0
966151,0
966152,0
966153,0
966154,0
966155,0
966156,0
966157,0
966158,0
966159,0
966160,0
966161,0
966162,0
966163,0
966164,0
966165,0
966166,0
966167,0
966168,0
966169,0
966170,0
966171,0
966172,0
966173,0
966174,0
966175,0
966176,0
966177,0
966178,0
966179,0
966180,0
966181,0
966182,0
966183,0
966184,0
966185,0
966186,0
966187,0
966188,0
966189,0
966190,0
966191,0
966192,0
966193,0
966194,0
966195,0
966196,0
966197,0
966198,0
966199,0
966200,0
966201,0
966202,0
966203,0
966204,0
966205,0
966206,0
966207,0
966208,0
966209,0
966210,0
966211,0
966212,0
966213,0
966214,0
966215,0
966216,0
966217,0
966218,0
966219,0
966220,0
966221,0
966222,0
966223,0
966224,0
966225,0
966226,0
966227,0
966228,0
966229,0
966230,0
966231,0
966232,0
966233,0
966234,0
966235,0
966236,0
966237,0
966238,0
966239,0
966240,0
966241,0
966242,0
966243,0
966244,0
966245,0
966246,0
966247,0
966248,0
966249,0
966250,0
966251,0
966252,0
966253,0
966254,0
966255,0
966256,0
966257,0
966258,0
966259,0
966260,0
966261,0
966262,0
966263,0
966264,0
966265,0
966266,0
966267,0
966268,0
966269,0
966270,0
966271,0
966272,0
966273,0
966274,0
966275,0
966276,0
966277,0
966278,0
966279,0
966280,0
966281,0
966282,0
966283,1
966284,0
966285,0
966286,0
966287,0
966288,0
966289,0
966290,0
966291,0
966292,0
966293,0
966294,0
966295,0
966296,0
966297,0
966298,0
966299,0
966300,0
966301,0
966302,0
966303,0
966304,0
966305,0
966306,0
966307,0
966308,0
966309,0
966310,0
966311,0
966312,0
966313,0
966314,0
966315,0
966316,0
966317,0
966318,0
966319,0
966320,0
966321,0
966322,0
966323,0
966324,0
966325,0
966326,0
966327,0
966328,0
966329,0
966330,0
966331,0
966332,0
966333,0
966334,0
966335,1
966336,0
966337,0
966338,0
966339,0
966340,0
966341,0
966342,0
966343,0
966344,0
966345,0
966346,0
966347,0
966348,0
966349,0
966350,0
966351,0
966352,0
966353,0
966354,0
966355,0
966356,0
966357,0
966358,0
966359,0
966360,0
966361,0
966362,0
966363,0
966364,0
966365,0
966366,0
966367,0
966368,0
966369,0
966370,0
966371,0
966372,0
966373,0
966374,0
966375,0
966376,0
966377,0
966378,0
966379,0
966380,0
966381,0
966382,0
966383,0
966384,0
966385,0
966386,0
966387,0
966388,0
966389,0
966390,0
966391,0
966392,0
966393,0
966394,0
966395,0
966396,0
966397,0
966398,0
966399,0
966400,0
966401,0
966402,0
966403,1
966404,0
966405,0
966406,0
966407,0
966408,0
966409,0
966410,0
966411,0
966412,0
966413,0
966414,0
966415,0
966416,0
966417,1
966418,0
966419,1
966420,0
966421,0
966422,0
966423,0
966424,0
966425,0
966426,0
966427,0
966428,0
966429,0
966430,0
966431,0
966432,0
966433,0
966434,0
966435,0
966436,0
966437,0
966438,0
966439,0
966440,0
966441,0
966442,38
966443,0
966444,0
966445,0
966446,21
966447,0
966448,26
966449,0
966450,34
966451,0
966452,0
966453,0
966454,0
966455,0
966456,0
966457,0
966458,0
966459,0
966460,0
966461,0
966462,0
966463,0
966464,31
966465,0
966466,0
966467,0
966468,0
966469,0
966470,27
966471,40
966472,43
966473,0
966474,0
966475,0
966476,0
966477,0
966478,0
966479,29
966480,0
966481,0
966482,0
966483,14
966484,0
966485,0
966486,0
966487,0
966488,0
966489,0
966490,0
966491,0
966492,0
966493,0
966494,30
966495,44
966496,0
966497,0
966498,0
966499,0
966500,26
966501,32
966502,25
966503,0
966504,0
966505,27
966506,0
966507,0
966508,0
966509,24
966510,0
966511,0
966512,0
966513,0
966514,0
966515,25
966516,0
966517,0
966518,0
966519,0
966520,0
966521,0
966522,0
966523,0
966524,26
966525,0
966526,0
966527,24
966528,24
966529,0
966530,0
966531,0
966532,29
966533,0
966534,27
966535,0
966536,25
966537,0
966538,0
966539,0
966540,0
966541,41
966542,0
966543,0
966544,0
966545,0
966546,27
966547,0
966548,32
966549,0
966550,0
966551,0
966552,37
966553,0
966554,48
966555,0
966556,0
966557,0
966558,0
966559,0
966560,0
966561,34
966562,0
966563,0
966564,0
966565,0
966566,24
966567,36
966568,0
966569,0
966570,0
966571,0
966572,0
966573,30
966574,0
966575,27
966576,0
966577,0
966578,0
966579,0
966580,0
966581,0
966582,0
966583,0
966584,0
966585,0
966586,41
966587,0
966588,0
966589,0
966590,0
966591,0
966592,0
966593,0
966594,0
966595,0
966596,0
966597,0
966598,0
966599,0
966600,0
966601,0
966602,33
966603,0
966604,33
966605,0
966606,28
966607,0
966608,0
966609,0
966610,24
966611,0
966612,0
966613,0
966614,0
966615,0
966616,0
966617,0
966618,0
966619,0
966620,0
966621,0
966622,0
966623,0
966624,31
966625,36
966626,0
966627,0
966628,0
966629,37
966630,0
966631,0
966632,0
966633,0
966634,0
966635,0
966636,0
966637,31
966638,0
966639,0
966640,23
966641,0
966642,0
966643,0
966644,0
966645,0
966646,0
966647,23
966648,0
966649,49
966650,0
966651,0
966652,25
966653,0
966654,29
966655,0
966656,0
966657,0
966658,0
966659,0
966660,0
966661,36
966662,44
966663,0
966664,23
966665,0
966666,0
966667,0
966668,0
966669,0
966670,0
966671,0
966672,29
966673,40
966674,32
966675,0
966676,0
966677,25
966678,0
966679,0
966680,0
966681,0
966682,0
966683,0
966684,0
966685,28
966686,0
966687,0
966688,33
966689,0
966690,0
966691,0
966692,0
966693,27
966694,0
966695,0
966696,0
966697,0
966698,0
966699,0
966700,0
966701,0
966702,0
966703,0
966704,0
966705,0
966706,0
966707,0
966708,0
966709,0
966710,0
966711,0
966712,0
966713,0
966714,0
966715,0
966716,0
966717,0
966718,0
966719,0
966720,25
966721,0
966722,0
966723,0
966724,0
966725,0
966726,0
966727,0
966728,0
966729,0
966730,0
966731,0
966732,0
966733,0
966734,0
966735,0
966736,0
966737,0
966738,0
966739,0
966740,0
966741,0
966742,0
966743,35
966744,0
966745,0
966746,0
966747,35
966748,0
966749,0
966750,0
966751,0
966752,0
966753,0
966754,0
966755,0
966756,0
966757,0
966758,0
966759,0
966760,0
966761,0
966762,0
966763,0
966764,0
966765,0
966766,0
966767,26
966768,25
966769,0
966770,0
966771,0
966772,0
966773,0
966774,0
966775,0
966776,0
966777,0
966778,0
966779,0
966780,0
966781,0
966782,0
966783,21
966784,0
966785,0
966786,0
966787,0
966788,0
966789,0
966790,0
966791,26
966792,26
966793,0
966794,0
966795,0
966796,23
966797,0
966798,0
966799,0
966800,0
966801,0
966802,21
966803,0
966804,0
966805,0
966806,0
966807,0
966808,22
966809,16
966810,0
966811,0
966812,0
966813,0
966814,0
966815,0
966816,0
966817,0
966818,0
966819,0
966820,5
966821,0
966822,0
966823,6
966824,0
966825,0
966826,4
966827,0
966828,0
966829,6
966830,7
966831,0
966832,0
966833,0
966834,0
966835,0
966836,0
966837,0
966838,0
966839,0
966840,0
966841,4
966842,0
966843,0
966844,0
966845,4
966846,0
966847,0
966848,0
966849,4
966850,4
966851,4
966852,0
966853,6
966854,0
966855,5
966856,0
966857,0
966858,10
966859,0
966860,0
966861,0
966862,0
966863,0
966864,5
966865,0
966866,0
966867,0
966868,4
966869,0
966870,0
966871,4
966872,5
966873,0
966874,5
966875,0
966876,0
966877,0
966878,2
966879,0
966880,0
966881,0
966882,0
966883,0
966884,2
966885,0
966886,0
966887,0
966888,9
966889,0
966890,0
966891,0
966892,0
966893,0
966894,5
966895,0
966896,0
966897,0
966898,0
966899,0
966900,0
966901,0
966902,3
966903,0
966904,0
966905,3
966906,0
966907,0
966908,7
966909,0
966910,5
966911,0
966912,0
966913,0
966914,0
966915,0
966916,0
966917,0
966918,0
966919,0
966920,0
966921,0
966922,0
966923,4
966924,0
966925,0
966926,0
966927,0
966928,0
966929,0
966930,0
966931,0
966932,0
966933,0
966934,0
966935,0
966936,0
966937,2
966938,0
966939,0
966940,0
966941,10
966942,2
966943,0
966944,8
966945,0
966946,0
966947,0
966948,0
966949,4
966950,0
966951,0
966952,4
966953,4
966954,0
966955,0
966956,0
966957,0
966958,0
966959,0
966960,0
966961,0
966962,0
966963,0
966964,0
966965,0
966966,0
966967,0
966968,0
966969,0
966970,0
966971,0
966972,0
966973,0
966974,0
966975,0
966976,0
966977,6
966978,0
966979,0
966980,0
966981,8
966982,1
966983,0
966984,0
966985,0
966986,10
966987,0
966988,8
966989,0
966990,0
966991,0
966992,0
966993,0
966994,0
966995,0
966996,0
966997,0
966998,0
966999,0
967000,5
967001,0
967002,3
967003,5
967004,0
967005,0
967006,0
967007,12
967008,6
967009,0
967010,0
967011,0
967012,0
967013,0
967014,0
967015,0
967016,0
967017,0
967018,3
967019,9
967020,0
967021,0
967022,0
967023,0
967024,0
967025,13
967026,4
967027,0
967028,0
967029,0
967030,0
967031,0
967032,0
967033,0
967034,0
967035,0
967036,0
967037,0
967038,0
967039,0
967040,0
967041,5
967042,0
967043,0
967044,3
967045,5
967046,0
967047,0
967048,9
967049,0
967050,0
967051,0
967052,0
967053,0
967054,3
967055,0
967056,0
967057,0
967058,0
967059,0
967060,0
967061,0
967062,8
967063,0
967064,0
967065,0
967066,0
967067,0
967068,0
967069,0
967070,0
967071,0
967072,0
967073,10
967074,0
967075,0
967076,0
967077,0
967078,0
967079,7
967080,0
967081,0
967082,0
967083,0
967084,0
967085,0
967086,3
967087,0
967088,0
967089,0
967090,0
967091,0
967092,0
967093,0
967094,4
967095,0
967096,0
967097,10
967098,0
967099,0
967100,0
967101,5
967102,0
967103,0
967104,0
967105,0
967106,0
967107,0
967108,0
967109,0
967110,5
967111,0
967112,0
967113,0
967114,0
967115,0
967116,0
967117,0
967118,3
967119,0
967120,0
967121,0
967122,0
967123,0
967124,0
967125,0
967126,0
967127,0
967128,0
967129,0
967130,0
967131,2
967132,0
967133,8
967134,2
967135,0
967136,0
967137,0
967138,0
967139,0
967140,6
967141,0
967142,0
967143,0
967144,8
967145,0
967146,0
967147,0
967148,0
967149,0
967150,0
967151,4
967152,0
967153,0
967154,0
967155,0
967156,6
967157,5
967158,0
967159,0
967160,7
967161,0
967162,0
967163,0
967164,0
967165,0
967166,0
967167,0
967168,0
967169,0
967170,0
967171,0
967172,5
967173,8
967174,0
967175,0
967176,2
967177,0
967178,0
967179,4
967180,0
967181,0
967182,4
967183,0
967184,0
967185,0
967186,0
967187,5
967188,0
967189,0
967190,0
967191,0
967192,0
967193,0
967194,6
967195,9
967196,3
967197,6
967198,0
967199,0
967200,11
967201,5
967202,0
967203,0
967204,0
967205,0
967206,0
967207,3
967208,0
967209,0
967210,0
967211,6
967212,0
967213,0
967214,3
967215,0
967216,0
967217,0
967218,0
967219,0
967220,0
967221,0
967222,0
967223,0
967224,3
967225,10
967226,0
967227,0
967228,0
967229,0
967230,0
967231,0
967232,8
967233,3
967234,7
967235,0
967236,0
967237,0
967238,0
967239,0
967240,0
967241,0
967242,5
967243,0
967244,6
967245,0
967246,4
967247,0
967248,0
967249,0
967250,0
967251,0
967252,0
967253,3
967254,0
967255,0
967256,0
967257,0
967258,0
967259,0
967260,0
967261,0
967262,0
967263,3
967264,0
967265,0
967266,3
967267,6
967268,6
967269,0
967270,0
967271,0
967272,0
967273,11
967274,0
967275,0
967276,0
967277,0
967278,0
967279,5
967280,0
967281,0
967282,0
967283,0
967284,7
967285,3
967286,0
967287,0
967288,0
967289,0
967290,0
967291,0
967292,0
967293,0
967294,0
967295,3
967296,6
967297,0
967298,0
967299,0
967300,0
967301,0
967302,0
967303,0
967304,0
967305,0
967306,0
967307,0
967308,0
967309,0
967310,0
967311,6
967312,0
967313,0
967314,0
967315,6
967316,0
967317,0
967318,0
967319,0
967320,0
967321,9
967322,0
967323,10
967324,0
967325,0
967326,0
967327,0
967328,0
967329,0
967330,0
967331,5
967332,0
967333,4
967334,0
967335,0
967336,0
967337,0
967338,0
967339,6
967340,0
967341,0
967342,5
967343,0
967344,7
967345,0
967346,0
967347,0
967348,0
967349,0
967350,0
967351,0
967352,0
967353,0
967354,0
967355,10
967356,0
967357,0
967358,0
967359,0
967360,0
967361,0
967362,6
967363,0
967364,0
967365,0
967366,6
967367,0
967368,0
967369,0
967370,6
967371,0
967372,0
967373,0
967374,0
967375,0
967376,6
967377,7
967378,0
967379,0
967380,0
967381,0
967382,2
967383,2
967384,6
967385,0
967386,0
967387,5
967388,0
967389,0
967390,0
967391,8
967392,0
967393,0
967394,0
967395,0
967396,0
967397,2
967398,0
967399,0
967400,0
967401,1
967402,0
967403,4
967404,0
967405,0
967406,5
967407,4
967408,0
967409,5
967410,0
967411,0
967412,0
967413,0
967414,9
967415,0
967416,0
967417,0
967418,3
967419,0
967420,0
967421,0
967422,0
967423,0
967424,0
967425,0
967426,5
967427,0
967428,0
967429,0
967430,8
967431,0
967432,0
967433,4
967434,0
967435,0
967436,0
967437,0
967438,0
967439,0
967440,7
967441,0
967442,0
967443,0
967444,0
967445,0
967446,0
967447,9
967448,0
967449,0
967450,0
967451,0
967452,0
967453,0
967454,0
967455,0
967456,5
967457,4
967458,4
967459,0
967460,0
967461,0
967462,5
967463,0
967464,0
967465,5
967466,0
967467,5
967468,0
967469,0
967470,0
967471,0
967472,0
967473,0
967474,0
967475,0
967476,0
967477,0
967478,0
967479,0
967480,2
967481,0
967482,0
967483,0
967484,0
967485,0
967486,0
967487,0
967488,6
967489,6
967490,7
967491,3
967492,0
967493,6
967494,5
967495,0
967496,0
967497,0
967498,0
967499,0
967500,0
967501,2
967502,4
967503,0
967504,0
967505,0
967506,0
967507,0
967508,4
967509,0
967510,0
967511,0
967512,2
967513,0
967514,0
967515,0
967516,5
967517,0
967518,0
967519,0
967520,0
967521,0
967522,0
967523,0
967524,0
967525,0
967526,0
967527,9
967528,0
967529,0
967530,0
967531,3
967532,0
967533,4
967534,0
967535,2
967536,0
967537,0
967538,0
967539,0
967540,0
967541,0
967542,3
967543,0
967544,0
967545,0
967546,1
967547,0
967548,0
967549,0
967550,0
967551,7
967552,0
967553,0
967554,0
967555,0
967556,0
967557,0
967558,4
967559,0
967560,0
967561,0
967562,0
967563,5
967564,0
967565,0
967566,0
967567,0
967568,6
967569,0
967570,0
967571,0
967572,0
967573,0
967574,4
967575,0
967576,0
967577,0
967578,0
967579,0
967580,0
967581,0
967582,0
967583,0
967584,0
967585,0
967586,0
967587,0
967588,0
967589,0
967590,0
967591,0
967592,0
967593,0
967594,0
967595,0
967596,0
967597,0
967598,0
967599,0
967600,3
967601,0
967602,0
967603,0
967604,0
967605,0
967606,2
967607,0
967608,0
967609,0
967610,0
967611,0
967612,0
967613,2
967614,6
967615,0
967616,6
967617,0
967618,0
967619,0
967620,0
967621,0
967622,0
967623,0
967624,4
967625,0
967626,0
967627,0
967628,0
967629,0
967630,0
967631,0
967632,0
967633,7
967634,0
967635,6
967636,0
967637,0
967638,3
967639,0
967640,5
967641,0
967642,0
967643,0
967644,3
967645,6
967646,6
967647,0
967648,0
967649,0
967650,0
967651,0
967652,0
967653,0
967654,2
967655,3
967656,0
967657,0
967658,0
967659,0
967660,0
967661,0
967662,9
967663,0
967664,18
967665,27
967666,0
967667,0
967668,26
967669,0
967670,0
967671,0
967672,0
967673,0
967674,0
967675,0
967676,0
967677,0
967678,0
967679,0
967680,20
967681,0
967682,6
967683,0
967684,0
967685,0
967686,0
967687,23
967688,0
967689,0
967690,0
967691,0
967692,0
967693,15
967694,0
967695,0
967696,0
967697,0
967698,0
967699,0
967700,0
967701,22
967702,0
967703,26
967704,0
967705,0
967706,19
967707,16
967708,0
967709,0
967710,0
967711,0
967712,13
967713,16
967714,0
967715,0
967716,0
967717,0
967718,0
967719,0
967720,16
967721,18
967722,0
967723,18
967724,0
967725,0
967726,0
967727,18
967728,0
967729,0
967730,0
967731,0
967732,0
967733,0
967734,0
967735,0
967736,0
967737,0
967738,0
967739,0
967740,15
967741,17
967742,0
967743,0
967744,0
967745,0
967746,0
967747,0
967748,0
967749,0
967750,0
967751,0
967752,0
967753,0
967754,0
967755,0
967756,0
967757,0
967758,0
967759,0
967760,0
967761,0
967762,0
967763,0
967764,0
967765,0
967766,0
967767,0
967768,0
967769,0
967770,0
967771,0
967772,0
967773,0
967774,0
967775,0
967776,0
967777,0
967778,0
967779,0
967780,0
967781,0
967782,0
967783,0
967784,0
967785,0
967786,0
967787,0
967788,0
967789,0
967790,0
967791,0
967792,0
967793,0
967794,0
967795,0
967796,0
967797,0
967798,0
967799,0
967800,0
967801,0
967802,0
967803,0
967804,0
967805,0
967806,0
967807,0
967808,0
967809,0
967810,0
967811,0
967812,0
967813,0
967814,0
967815,0
967816,0
967817,0
967818,0
967819,0
967820,0
967821,0
967822,0
967823,0
967824,0
967825,0
967826,0
967827,0
967828,0
967829,0
967830,0
967831,0
967832,0
967833,0
967834,0
967835,0
967836,0
967837,0
967838,0
967839,0
967840,0
967841,0
967842,0
967843,0
967844,0
967845,0
967846,0
967847,0
967848,0
967849,0
967850,0
967851,0
967852,0
967853,0
967854,0
967855,0
967856,0
967857,0
967858,0
967859,0
967860,0
967861,0
967862,0
967863,0
967864,0
967865,0
967866,0
967867,0
967868,0
967869,0
967870,0
967871,0
967872,0
967873,0
967874,0
967875,0
967876,0
967877,0
967878,0
967879,0
967880,0
967881,0
967882,0
967883,0
967884,0
967885,0
967886,0
967887,0
967888,0
967889,0
967890,0
967891,0
967892,0
967893,0
967894,0
967895,0
967896,0
967897,0
967898,0
967899,0
967900,0
967901,0
967902,0
967903,0
967904,0
967905,0
967906,0
967907,0
967908,0
967909,0
967910,0
967911,0
967912,0
967913,0
967914,0
967915,0
967916,0
967917,0
967918,0
967919,0
967920,0
967921,0
967922,0
967923,0
967924,0
967925,0
967926,0
967927,0
967928,0
967929,0
967930,0
967931,0
967932,0
967933,0
967934,0
967935,0
967936,0
967937,0
967938,1
967939,0
967940,0
967941,0
967942,0
967943,0
967944,0
967945,0
967946,0
967947,0
967948,0
967949,0
967950,0
967951,0
967952,0
967953,0
967954,1
967955,0
967956,0
967957,0
967958,0
967959,0
967960,0
967961,0
967962,0
967963,0
967964,0
967965,0
967966,0
967967,0
967968,0
967969,0
967970,0
967971,0
967972,0
967973,0
967974,1
967975,0
967976,0
967977,0
967978,0
967979,0
967980,0
967981,0
967982,0
967983,0
967984,0
967985,0
967986,0
967987,0
967988,0
967989,0
967990,0
967991,0
967992,0
967993,0
967994,0
967995,0
967996,0
967997,0
967998,0
967999,0
968000,0
968001,0
968002,0
968003,0
968004,0
968005,0
968006,0
968007,0
968008,0
968009,0
968010,0
968011,0
968012,0
968013,0
968014,0
968015,0
968016,0
968017,0
968018,0
968019,0
968020,0
968021,0
968022,0
968023,0
968024,0
968025,0
968026,0
968027,0
968028,0
968029,0
968030,0
968031,0
968032,0
968033,0
968034,0
968035,0
968036,0
968037,0
968038,0
968039,0
968040,0
968041,0
968042,0
968043,0
968044,0
968045,0
968046,0
968047,0
968048,0
968049,0
968050,0
968051,0
968052,0
968053,0
968054,0
968055,0
968056,0
968057,0
968058,0
968059,0
968060,0
968061,1
968062,0
968063,0
968064,0
968065,0
968066,0
968067,0
968068,0
968069,0
968070,0
968071,0
968072,0
968073,0
968074,0
968075,0
968076,0
968077,0
968078,0
968079,0
968080,8
968081,0
968082,0
968083,0
968084,0
968085,0
968086,0
968087,0
968088,0
968089,0
968090,0
968091,0
968092,8
968093,0
968094,0
968095,0
968096,0
968097,0
968098,0
968099,0
968100,0
968101,0
968102,0
968103,0
968104,11
968105,0
968106,0
968107,0
968108,0
968109,0
968110,0
968111,0
968112,0
968113,0
968114,0
968115,0
968116,0
968117,0
968118,0
968119,0
968120,0
968121,0
968122,0
968123,0
968124,0
968125,0
968126,0
968127,0
968128,0
968129,0
968130,0
968131,15
968132,0
968133,0
968134,12
968135,0
968136,0
968137,0
968138,0
968139,0
968140,11
968141,0
968142,0
968143,0
968144,0
968145,0
968146,0
968147,0
968148,0
968149,0
968150,0
968151,0
968152,0
968153,0
968154,0
968155,0
968156,0
968157,0
968158,0
968159,18
968160,0
968161,0
968162,0
968163,0
968164,0
968165,0
968166,0
968167,0
968168,0
968169,0
968170,0
968171,0
968172,0
968173,0
968174,0
968175,0
968176,14
968177,0
968178,0
968179,0
968180,0
968181,0
968182,0
968183,19
968184,0
968185,0
968186,0
968187,0
968188,0
968189,0
968190,0
968191,0
968192,0
968193,0
968194,0
968195,0
968196,0
968197,0
968198,9
968199,0
968200,0
968201,0
968202,0
968203,0
968204,0
968205,0
968206,0
968207,0
968208,0
968209,0
968210,0
968211,0
968212,0
968213,0
968214,0
968215,9
968216,0
968217,0
968218,0
968219,0
968220,0
968221,0
968222,0
968223,0
968224,9
968225,12
968226,0
968227,0
968228,0
968229,0
968230,0
968231,0
968232,0
968233,0
968234,0
968235,11
968236,0
968237,0
968238,0
968239,0
968240,0
968241,0
968242,0
968243,0
968244,0
968245,0
968246,10
968247,0
968248,0
968249,0
968250,0
968251,0
968252,0
968253,0
968254,0
968255,0
968256,0
968257,0
968258,0
968259,0
968260,0
968261,0
968262,0
968263,0
968264,0
968265,0
968266,0
968267,0
968268,0
968269,0
968270,0
968271,0
968272,0
968273,0
968274,0
968275,0
968276,0
968277,0
968278,0
968279,0
968280,0
968281,0
968282,0
968283,0
968284,10
968285,0
968286,18
968287,0
968288,0
968289,0
968290,6
968291,0
968292,15
968293,0
968294,0
968295,0
968296,0
968297,14
968298,6
968299,0
968300,0
968301,0
968302,0
968303,9
968304,0
968305,0
968306,0
968307,0
968308,8
968309,0
968310,0
968311,12
968312,0
968313,0
968314,0
968315,0
968316,13
968317,0
968318,18
968319,0
968320,0
968321,0
968322,0
968323,0
968324,0
968325,0
968326,0
968327,0
968328,0
968329,0
968330,0
968331,0
968332,1
968333,0
968334,0
968335,0
968336,0
968337,0
968338,0
968339,0
968340,0
968341,0
968342,0
968343,1
968344,0
968345,0
968346,0
968347,0
968348,0
968349,0
968350,0
968351,0
968352,0
968353,0
968354,0
968355,0
968356,0
968357,0
968358,0
968359,0
968360,0
968361,0
968362,0
968363,0
968364,0
968365,1
968366,0
968367,0
968368,0
968369,0
968370,0
968371,0
968372,0
968373,0
968374,0
968375,0
968376,0
968377,0
968378,0
968379,0
968380,0
968381,0
968382,0
968383,0
968384,0
968385,0
968386,0
968387,0
968388,0
968389,0
968390,0
968391,0
968392,0
968393,0
968394,0
968395,0
968396,0
968397,0
968398,0
968399,0
968400,0
968401,0
968402,0
968403,0
968404,0
968405,0
968406,0
968407,0
968408,0
968409,0
968410,0
968411,0
968412,0
968413,0
968414,0
968415,0
968416,0
968417,0
968418,0
968419,0
968420,0
968421,0
968422,0
968423,0
968424,0
968425,0
968426,0
968427,0
968428,0
968429,0
968430,0
968431,0
968432,0
968433,0
968434,0
968435,0
968436,0
968437,0
968438,0
968439,0
968440,0
968441,0
968442,0
968443,0
968444,0
968445,0
968446,0
968447,0
968448,0
968449,0
968450,0
968451,0
968452,0
968453,0
968454,0
968455,0
968456,0
968457,0
968458,0
968459,0
968460,0
968461,0
968462,0
968463,0
968464,0
968465,0
968466,0
968467,0
968468,0
968469,0
968470,0
968471,0
968472,0
968473,0
968474,0
968475,0
968476,0
968477,0
968478,0
968479,0
968480,0
968481,0
968482,0
968483,0
968484,0
968485,0
968486,0
968487,0
968488,0
968489,0
968490,0
968491,0
968492,0
968493,0
968494,0
968495,0
968496,0
968497,0
968498,0
968499,0
968500,0
968501,0
968502,0
968503,0
968504,0
968505,0
968506,0
968507,0
968508,0
968509,0
968510,0
968511,0
968512,0
968513,0
968514,0
968515,0
968516,0
968517,0
968518,0
968519,0
968520,0
968521,0
968522,0
968523,0
968524,0
968525,0
968526,0
968527,0
968528,0
968529,0
968530,0
968531,0
968532,0
968533,0
968534,0
968535,0
968536,0
968537,0
968538,0
968539,0
968540,0
968541,0
968542,0
968543,0
968544,0
968545,0
968546,0
968547,0
968548,0
968549,0
968550,0
968551,0
968552,0
968553,0
968554,0
968555,0
968556,0
968557,0
968558,0
968559,0
968560,0
968561,0
968562,0
968563,0
968564,0
968565,0
968566,0
968567,0
968568,0
968569,0
968570,0
968571,0
968572,0
968573,0
968574,0
968575,0
968576,0
968577,0
968578,0
968579,0
968580,0
968581,0
968582,0
968583,0
968584,0
968585,0
968586,0
968587,0
968588,0
968589,0
968590,0
968591,0
968592,0
968593,0
968594,0
968595,0
968596,0
968597,0
968598,15
968599,26
968600,0
968601,0
968602,0
968603,0
968604,0
968605,0
968606,0
968607,0
968608,0
968609,25
968610,14
968611,0
968612,0
968613,0
968614,0
968615,19
968616,0
968617,20
968618,0
968619,0
968620,0
968621,0
968622,0
968623,11
968624,0
968625,0
968626,17
968627,0
968628,15
968629,0
968630,32
968631,0
968632,0
968633,0
968634,0
968635,0
968636,0
968637,0
968638,0
968639,11
968640,0
968641,0
968642,17
968643,19
968644,0
968645,0
968646,23
968647,23
968648,0
968649,18
968650,18
968651,0
968652,0
968653,0
968654,0
968655,19
968656,17
968657,0
968658,20
968659,18
968660,0
968661,18
968662,0
968663,0
968664,24
968665,19
968666,28
968667,0
968668,0
968669,0
968670,0
968671,0
968672,0
968673,0
968674,13
968675,0
968676,6
968677,0
968678,0
968679,0
968680,0
968681,0
968682,0
968683,0
968684,0
968685,0
968686,0
968687,17
968688,0
968689,0
968690,0
968691,6
968692,0
968693,0
968694,0
968695,0
968696,21
968697,0
968698,0
968699,25
968700,24
968701,0
968702,0
968703,0
968704,0
968705,0
968706,0
968707,0
968708,21
968709,0
968710,0
968711,0
968712,0
968713,0
968714,0
968715,0
968716,19
968717,0
968718,0
968719,0
968720,0
968721,0
968722,0
968723,21
968724,0
968725,0
968726,0
968727,0
968728,0
968729,0
968730,12
968731,26
968732,0
968733,0
968734,0
968735,18
968736,20
968737,0
968738,0
968739,0
968740,0
968741,0
968742,0
968743,0
968744,0
968745,0
968746,0
968747,0
968748,24
968749,0
968750,15
968751,21
968752,0
968753,0
968754,0
968755,28
968756,0
968757,0
968758,0
968759,17
968760,0
968761,0
968762,0
968763,0
968764,24
968765,26
968766,0
968767,18
968768,17
968769,15
968770,0
968771,0
968772,18
968773,0
968774,0
968775,0
968776,0
968777,0
968778,0
968779,0
968780,0
968781,20
968782,0
968783,0
968784,0
968785,0
968786,0
968787,16
968788,20
968789,0
968790,0
968791,0
968792,0
968793,0
968794,0
968795,20
968796,14
968797,0
968798,0
968799,16
968800,0
968801,0
968802,0
968803,0
968804,0
968805,0
968806,0
968807,0
968808,0
968809,17
968810,0
968811,0
968812,0
968813,0
968814,0
968815,19
968816,0
968817,11
968818,0
968819,21
968820,0
968821,16
968822,0
968823,0
968824,0
968825,0
968826,0
968827,14
968828,0
968829,0
968830,17
968831,0
968832,0
968833,0
968834,0
968835,7
968836,0
968837,19
968838,18
968839,20
968840,0
968841,0
968842,0
968843,0
968844,0
968845,0
968846,0
968847,0
968848,0
968849,2
968850,0
968851,0
968852,0
968853,0
968854,0
968855,0
968856,0
968857,0
968858,0
968859,0
968860,0
968861,2
968862,0
968863,0
968864,0
968865,0
968866,0
968867,0
968868,0
968869,0
968870,0
968871,0
968872,0
968873,0
968874,3
968875,0
968876,0
968877,0
968878,0
968879,0
968880,0
968881,0
968882,0
968883,0
968884,0
968885,0
968886,0
968887,0
968888,0
968889,0
968890,0
968891,0
968892,0
968893,0
968894,0
968895,0
968896,0
968897,0
968898,0
968899,0
968900,0
968901,0
968902,0
968903,6
968904,0
968905,0
968906,0
968907,0
968908,0
968909,0
968910,4
968911,1
968912,0
968913,0
968914,2
968915,0
968916,0
968917,0
968918,0
968919,0
968920,0
968921,0
968922,0
968923,0
968924,0
968925,0
968926,0
968927,0
968928,0
968929,3
968930,0
968931,0
968932,0
968933,0
968934,4
968935,0
968936,0
968937,0
968938,0
968939,0
968940,2
968941,0
968942,1
968943,0
968944,0
968945,0
968946,0
968947,0
968948,0
968949,0
968950,0
968951,0
968952,0
968953,0
968954,0
968955,0
968956,0
968957,0
968958,0
968959,0
968960,0
968961,0
968962,0
968963,0
968964,0
968965,0
968966,0
968967,0
968968,0
968969,0
968970,0
968971,0
968972,0
968973,0
968974,0
968975,0
968976,0
968977,0
968978,0
968979,0
968980,0
968981,0
968982,0
968983,0
968984,5
968985,0
968986,0
968987,5
968988,0
968989,0
968990,0
968991,0
968992,0
968993,0
968994,0
968995,0
968996,0
968997,0
968998,0
968999,0
969000,2
969001,0
969002,0
969003,0
969004,0
969005,0
969006,0
969007,0
969008,0
969009,0
969010,0
969011,0
969012,0
969013,0
969014,0
969015,0
969016,0
969017,0
969018,3
969019,0
969020,2
969021,0
969022,0
969023,0
969024,0
969025,0
969026,0
969027,0
969028,1
969029,0
969030,0
969031,0
969032,0
969033,0
969034,0
969035,0
969036,0
969037,0
969038,0
969039,0
969040,0
969041,0
969042,0
969043,0
969044,0
969045,0
969046,0
969047,0
969048,0
969049,0
969050,0
969051,0
969052,0
969053,0
969054,0
969055,0
969056,0
969057,0
969058,0
969059,0
969060,0
969061,0
969062,0
969063,0
969064,0
969065,0
969066,0
969067,0
969068,0
969069,0
969070,0
969071,0
969072,0
969073,0
969074,0
969075,0
969076,0
969077,0
969078,0
969079,0
969080,0
969081,0
969082,0
969083,0
969084,0
969085,0
969086,0
969087,0
969088,2
969089,0
969090,1
969091,0
969092,0
969093,0
969094,0
969095,0
969096,0
969097,0
969098,0
969099,2
969100,0
969101,0
969102,0
969103,0
969104,0
969105,0
969106,0
969107,0
969108,0
969109,0
969110,0
969111,0
969112,0
969113,0
969114,0
969115,0
969116,0
969117,0
969118,0
969119,2
969120,0
969121,4
969122,2
969123,0
969124,0
969125,0
969126,0
969127,0
969128,0
969129,0
969130,0
969131,0
969132,1
969133,0
969134,0
969135,0
969136,9
969137,0
969138,0
969139,4
969140,0
969141,0
969142,0
969143,0
969144,0
969145,0
969146,0
969147,0
969148,0
969149,0
969150,0
969151,0
969152,4
969153,5
969154,0
969155,0
969156,0
969157,0
969158,4
969159,0
969160,0
969161,0
969162,0
969163,0
969164,1
969165,0
969166,0
969167,0
969168,0
969169,0
969170,0
969171,0
969172,0
969173,0
969174,0
969175,0
969176,0
969177,0
969178,0
969179,0
969180,0
969181,0
969182,0
969183,0
969184,0
969185,0
969186,0
969187,0
969188,0
969189,0
969190,0
969191,0
969192,0
969193,4
969194,0
969195,0
969196,0
969197,0
969198,0
969199,3
969200,5
969201,0
969202,0
969203,0
969204,0
969205,0
969206,0
969207,0
969208,0
969209,0
969210,0
969211,3
969212,0
969213,0
969214,0
969215,0
969216,0
969217,0
969218,0
969219,0
969220,0
969221,0
969222,0
969223,0
969224,0
969225,0
969226,0
969227,0
969228,5
969229,0
969230,0
969231,0
969232,0
969233,0
969234,2
969235,0
969236,0
969237,0
969238,0
969239,1
969240,0
969241,0
969242,0
969243,0
969244,0
969245,0
969246,0
969247,0
969248,0
969249,0
969250,0
969251,0
969252,0
969253,0
969254,0
969255,0
969256,0
969257,0
969258,0
969259,0
969260,2
969261,2
969262,0
969263,0
969264,0
969265,0
969266,0
969267,0
969268,0
969269,0
969270,0
969271,0
969272,0
969273,0
969274,0
969275,0
969276,0
969277,0
969278,0
969279,0
969280,0
969281,4
969282,0
969283,3
969284,0
969285,0
969286,2
969287,0
969288,0
969289,0
969290,0
969291,0
969292,0
969293,0
969294,6
969295,0
969296,0
969297,0
969298,0
969299,0
969300,2
969301,0
969302,0
969303,0
969304,0
969305,0
969306,0
969307,0
969308,0
969309,0
969310,0
969311,0
969312,0
969313,0
969314,0
969315,0
969316,0
969317,0
969318,0
969319,3
969320,0
969321,0
969322,0
969323,0
969324,0
969325,1
969326,0
969327,0
969328,2
969329,2
969330,0
969331,0
969332,0
969333,0
969334,0
969335,0
969336,0
969337,0
969338,0
969339,1
969340,0
969341,4
969342,0
969343,0
969344,0
969345,0
969346,4
969347,1
969348,1
969349,0
969350,0
969351,0
969352,3
969353,0
969354,0
969355,0
969356,0
969357,0
969358,0
969359,0
969360,0
969361,0
969362,1
969363,0
969364,1
969365,0
969366,0
969367,0
969368,3
969369,0
969370,0
969371,1
969372,3
969373,0
969374,0
969375,0
969376,3
969377,0
969378,0
969379,2
969380,0
969381,0
969382,0
969383,0
969384,0
969385,0
969386,0
969387,3
969388,0
969389,0
969390,0
969391,0
969392,0
969393,0
969394,3
969395,3
969396,4
969397,1
969398,0
969399,0
969400,0
969401,0
969402,2
969403,0
969404,0
969405,1
969406,1
969407,0
969408,0
969409,0
969410,4
969411,0
969412,0
969413,3
969414,3
969415,2
969416,2
969417,0
969418,0
969419,0
969420,0
969421,0
969422,0
969423,0
969424,2
969425,0
969426,0
969427,0
969428,1
969429,0
969430,0
969431,1
969432,1
969433,0
969434,0
969435,0
969436,0
969437,0
969438,1
969439,0
969440,2
969441,0
969442,0
969443,1
969444,0
969445,0
969446,0
969447,0
969448,1
969449,0
969450,1
969451,0
969452,0
969453,0
969454,0
969455,0
969456,0
969457,0
969458,0
969459,0
969460,0
969461,0
969462,0
969463,0
969464,0
969465,0
969466,0
969467,0
969468,0
969469,0
969470,0
969471,0
969472,1
969473,0
969474,0
969475,0
969476,4
969477,0
969478,2
969479,0
969480,0
969481,0
969482,0
969483,0
969484,1
969485,0
969486,0
969487,0
969488,2
969489,1
969490,0
969491,0
969492,0
969493,0
969494,0
969495,0
969496,0
969497,0
969498,0
969499,0
969500,0
969501,0
969502,1
969503,0
969504,2
969505,3
969506,0
969507,1
969508,0
969509,0
969510,3
969511,0
969512,0
969513,0
969514,0
969515,0
969516,0
969517,0
969518,0
969519,0
969520,0
969521,0
969522,0
969523,0
969524,0
969525,0
969526,1
969527,0
969528,0
969529,1
969530,0
969531,0
969532,0
969533,0
969534,1
969535,1
969536,0
969537,0
969538,1
969539,0
969540,0
969541,0
969542,1
969543,0
969544,0
969545,1
969546,0
969547,2
969548,3
969549,0
969550,0
969551,0
969552,0
969553,0
969554,0
969555,0
969556,0
969557,0
969558,0
969559,0
969560,0
969561,0
969562,0
969563,0
969564,0
969565,0
969566,0
969567,0
969568,0
969569,0
969570,0
969571,0
969572,0
969573,0
969574,0
969575,0
969576,0
969577,0
969578,0
969579,0
969580,0
969581,0
969582,0
969583,0
969584,0
969585,0
969586,0
969587,0
969588,0
969589,0
969590,0
969591,0
969592,0
969593,0
969594,0
969595,0
969596,0
969597,0
969598,0
969599,0
969600,0
969601,0
969602,0
969603,0
969604,0
969605,0
969606,0
969607,0
969608,0
969609,0
969610,0
969611,0
969612,0
969613,0
969614,0
969615,0
969616,0
969617,0
969618,0
969619,0
969620,0
969621,0
969622,0
969623,0
969624,0
969625,0
969626,0
969627,0
969628,0
969629,0
969630,0
969631,0
969632,0
969633,0
969634,0
969635,0
969636,0
969637,0
969638,0
969639,0
969640,0
969641,0
969642,0
969643,0
969644,0
969645,0
969646,0
969647,0
969648,0
969649,0
969650,0
969651,0
969652,0
969653,0
969654,0
969655,0
969656,0
969657,0
969658,0
969659,0
969660,0
969661,0
969662,0
969663,0
969664,0
969665,0
969666,0
969667,0
969668,0
969669,0
969670,0
969671,0
969672,0
969673,0
969674,0
969675,0
969676,0
969677,0
969678,0
969679,0
969680,0
969681,0
969682,0
969683,0
969684,0
969685,0
969686,0
969687,0
969688,0
969689,0
969690,0
969691,0
969692,0
969693,0
969694,0
969695,1
969696,0
969697,0
969698,0
969699,0
969700,0
969701,0
969702,0
969703,0
969704,0
969705,0
969706,0
969707,0
969708,0
969709,0
969710,0
969711,0
969712,0
969713,0
969714,0
969715,0
969716,0
969717,0
969718,1
969719,0
969720,0
969721,0
969722,0
969723,0
969724,0
969725,0
969726,0
969727,0
969728,0
969729,0
969730,0
969731,0
969732,0
969733,0
969734,0
969735,0
969736,0
969737,0
969738,0
969739,0
969740,0
969741,0
969742,0
969743,0
969744,0
969745,0
969746,0
969747,0
969748,0
969749,0
969750,0
969751,0
969752,0
969753,0
969754,0
969755,0
969756,0
969757,0
969758,0
969759,0
969760,0
969761,0
969762,0
969763,0
969764,0
969765,1
969766,0
969767,0
969768,0
969769,0
969770,0
969771,0
969772,0
969773,0
969774,0
969775,0
969776,0
969777,0
969778,0
969779,0
969780,0
969781,0
969782,0
969783,0
969784,0
969785,0
969786,0
969787,0
969788,0
969789,0
969790,0
969791,0
969792,0
969793,0
969794,0
969795,0
969796,0
969797,0
969798,0
969799,0
969800,0
969801,0
969802,0
969803,0
969804,0
969805,0
969806,0
969807,0
969808,0
969809,1
969810,0
969811,0
969812,0
969813,0
969814,0
969815,0
969816,0
969817,0
969818,0
969819,0
969820,0
969821,0
969822,0
969823,0
969824,0
969825,0
969826,0
969827,0
969828,0
969829,0
969830,0
969831,0
969832,0
969833,0
969834,0
969835,0
969836,0
969837,0
969838,0
969839,0
969840,0
969841,0
969842,0
969843,0
969844,0
969845,0
969846,0
969847,0
969848,0
969849,0
969850,0
969851,0
969852,0
969853,0
969854,0
969855,0
969856,0
969857,0
969858,0
969859,0
969860,0
969861,0
969862,0
969863,0
969864,0
969865,0
969866,0
969867,0
969868,0
969869,0
969870,0
969871,0
969872,0
969873,0
969874,0
969875,0
969876,0
969877,0
969878,0
969879,0
969880,0
969881,0
969882,0
969883,0
969884,0
969885,0
969886,0
969887,0
969888,0
969889,0
969890,0
969891,0
969892,0
969893,0
969894,0
969895,0
969896,0
969897,0
969898,0
969899,0
969900,0
969901,0
969902,0
969903,0
969904,0
969905,0
969906,0
969907,0
969908,0
969909,0
969910,0
969911,0
969912,37
969913,0
969914,0
969915,0
969916,0
969917,0
969918,0
969919,25
969920,20
969921,0
969922,0
969923,0
969924,0
969925,0
969926,0
969927,0
969928,0
969929,0
969930,0
969931,0
969932,0
969933,0
969934,0
969935,0
969936,0
969937,0
969938,0
969939,0
969940,57
969941,0
969942,0
969943,0
969944,0
969945,0
969946,0
969947,25
969948,0
969949,0
969950,0
969951,0
969952,0
969953,0
969954,38
969955,28
969956,0
969957,0
969958,0
969959,0
969960,0
969961,0
969962,0
969963,0
969964,0
969965,0
969966,0
969967,33
969968,0
969969,0
969970,28
969971,0
969972,0
969973,29
969974,38
969975,0
969976,0
969977,0
969978,36
969979,0
969980,0
969981,0
969982,0
969983,35
969984,0
969985,0
969986,0
969987,25
969988,39
969989,0
969990,0
969991,0
969992,18
969993,0
969994,0
969995,25
969996,0
969997,0
969998,0
969999,44
970000,0
970001,0
970002,0
970003,28
970004,0
970005,0
970006,0
970007,0
970008,0
970009,0
970010,0
970011,18
970012,0
970013,0
970014,46
970015,20
970016,0
970017,0
970018,37
970019,0
970020,33
970021,0
970022,34
970023,0
970024,0
970025,40
970026,42
970027,39
970028,0
970029,37
970030,0
970031,0
970032,0
970033,33
970034,0
970035,0
970036,0
970037,0
970038,0
970039,0
970040,0
970041,37
970042,0
970043,35
970044,0
970045,43
970046,0
970047,0
970048,0
970049,32
970050,0
970051,27
970052,28
970053,0
970054,0
970055,0
970056,0
970057,0
970058,0
970059,51
970060,0
970061,0
970062,0
970063,0
970064,0
970065,0
970066,0
970067,0
970068,0
970069,29
970070,22
970071,0
970072,0
970073,32
970074,26
970075,0
970076,0
970077,33
970078,0
970079,39
970080,31
970081,0
970082,28
970083,41
970084,25
970085,0
970086,43
970087,0
970088,0
970089,0
970090,0
970091,0
970092,27
970093,0
970094,0
970095,39
970096,0
970097,37
970098,31
970099,26
970100,0
970101,0
970102,0
970103,29
970104,32
970105,43
970106,0
970107,0
970108,0
970109,47
970110,28
970111,41
970112,0
970113,0
970114,0
970115,29
970116,0
970117,0
970118,0
970119,0
970120,0
970121,30
970122,0
970123,0
970124,0
970125,0
970126,37
970127,38
970128,0
970129,40
970130,42
970131,0
970132,0
970133,37
970134,35
970135,0
970136,0
970137,37
970138,0
970139,0
970140,0
970141,0
970142,0
970143,40
970144,0
970145,0
970146,28
970147,32
970148,62
970149,0
970150,0
970151,40
970152,29
970153,0
970154,29
970155,0
970156,0
970157,0
970158,0
970159,0
970160,0
970161,0
970162,0
970163,0
970164,0
970165,0
970166,0
970167,32
970168,0
970169,26
970170,0
970171,36
970172,28
970173,0
970174,0
970175,0
970176,0
970177,0
970178,0
970179,0
970180,34
970181,0
970182,0
970183,0
970184,0
970185,0
970186,0
970187,28
970188,32
970189,0
970190,0
970191,0
970192,0
970193,0
970194,0
970195,32
970196,0
970197,0
970198,0
970199,0
970200,0
970201,0
970202,0
970203,32
970204,37
970205,0
970206,34
970207,0
970208,0
970209,41
970210,0
970211,0
970212,45
970213,0
970214,0
970215,0
970216,29
970217,35
970218,0
970219,0
970220,0
970221,0
970222,32
970223,25
970224,0
970225,0
970226,27
970227,0
970228,0
970229,0
970230,28
970231,0
970232,0
970233,31
970234,30
970235,0
970236,0
970237,28
970238,0
970239,31
970240,0
970241,0
970242,38
970243,0
970244,0
970245,0
970246,53
970247,0
970248,24
970249,0
970250,30
970251,0
970252,0
970253,0
970254,44
970255,0
970256,40
970257,36
970258,23
970259,34
970260,0
970261,0
970262,32
970263,0
970264,0
970265,29
970266,0
970267,0
970268,0
970269,0
970270,0
970271,0
970272,0
970273,0
970274,0
970275,0
970276,0
970277,0
970278,25
970279,0
970280,0
970281,0
970282,0
970283,0
970284,31
970285,0
970286,37
970287,0
970288,0
970289,0
970290,54
970291,0
970292,0
970293,0
970294,0
970295,0
970296,31
970297,0
970298,29
970299,0
970300,0
970301,0
970302,27
970303,0
970304,0
970305,29
970306,0
970307,0
970308,0
970309,0
970310,34
970311,0
970312,0
970313,45
970314,0
970315,0
970316,0
970317,0
970318,0
970319,0
970320,41
970321,0
970322,0
970323,0
970324,37
970325,0
970326,10
970327,0
970328,0
970329,0
970330,0
970331,0
970332,5
970333,0
970334,0
970335,0
970336,0
970337,0
970338,0
970339,0
970340,0
970341,0
970342,0
970343,0
970344,0
970345,0
970346,0
970347,0
970348,0
970349,0
970350,0
970351,0
970352,0
970353,0
970354,0
970355,0
970356,0
970357,0
970358,0
970359,0
970360,0
970361,0
970362,0
970363,0
970364,4
970365,0
970366,0
970367,0
970368,0
970369,0
970370,0
970371,0
970372,0
970373,0
970374,0
970375,0
970376,6
970377,0
970378,0
970379,0
970380,0
970381,0
970382,0
970383,0
970384,0
970385,0
970386,0
970387,0
970388,0
970389,0
970390,0
970391,0
970392,0
970393,0
970394,0
970395,0
970396,0
970397,0
970398,0
970399,0
970400,0
970401,0
970402,0
970403,0
970404,0
970405,0
970406,2
970407,0
970408,0
970409,0
970410,0
970411,0
970412,2
970413,1
970414,0
970415,0
970416,0
970417,0
970418,0
970419,2
970420,0
970421,0
970422,0
970423,0
970424,0
970425,0
970426,0
970427,0
970428,0
970429,0
970430,0
970431,0
970432,0
970433,0
970434,2
970435,0
970436,0
970437,0
970438,0
970439,0
970440,0
970441,3
970442,1
970443,0
970444,0
970445,0
970446,3
970447,0
970448,0
970449,0
970450,0
970451,0
970452,0
970453,0
970454,0
970455,0
970456,0
970457,0
970458,0
970459,0
970460,0
970461,0
970462,0
970463,0
970464,0
970465,0
970466,3
970467,0
970468,7
970469,0
970470,0
970471,2
970472,0
970473,0
970474,0
970475,0
970476,2
970477,0
970478,0
970479,0
970480,0
970481,0
970482,0
970483,0
970484,0
970485,0
970486,0
970487,0
970488,0
970489,0
970490,2
970491,0
970492,0
970493,0
970494,0
970495,0
970496,0
970497,0
970498,0
970499,0
970500,0
970501,2
970502,0
970503,0
970504,0
970505,0
970506,0
970507,0
970508,0
970509,0
970510,0
970511,0
970512,0
970513,0
970514,0
970515,0
970516,0
970517,0
970518,0
970519,0
970520,0
970521,0
970522,0
970523,0
970524,0
970525,0
970526,0
970527,0
970528,0
970529,0
970530,0
970531,0
970532,0
970533,0
970534,0
970535,4
970536,2
970537,0
970538,0
970539,0
970540,0
970541,0
970542,0
970543,0
970544,0
970545,0
970546,0
970547,0
970548,4
970549,0
970550,0
970551,2
970552,0
970553,0
970554,0
970555,0
970556,0
970557,6
970558,0
970559,0
970560,0
970561,0
970562,0
970563,0
970564,0
970565,0
970566,0
970567,0
970568,0
970569,0
970570,0
970571,0
970572,0
970573,0
970574,0
970575,2
970576,0
970577,0
970578,0
970579,0
970580,0
970581,0
970582,0
970583,0
970584,0
970585,0
970586,0
970587,0
970588,0
970589,0
970590,3
970591,0
970592,0
970593,0
970594,0
970595,0
970596,0
970597,0
970598,5
970599,0
970600,0
970601,0
970602,0
970603,0
970604,0
970605,0
970606,4
970607,0
970608,5
970609,0
970610,0
970611,0
970612,0
970613,0
970614,3
970615,0
970616,0
970617,0
970618,0
970619,0
970620,0
970621,0
970622,0
970623,0
970624,0
970625,0
970626,0
970627,0
970628,0
970629,0
970630,0
970631,0
970632,0
970633,2
970634,0
970635,0
970636,0
970637,0
970638,0
970639,0
970640,0
970641,0
970642,0
970643,0
970644,0
970645,0
970646,0
970647,0
970648,0
970649,0
970650,0
970651,0
970652,0
970653,0
970654,0
970655,0
970656,0
970657,0
970658,0
970659,0
970660,0
970661,0
970662,0
970663,0
970664,6
970665,0
970666,0
970667,0
970668,0
970669,3
970670,3
970671,0
970672,0
970673,0
970674,0
970675,0
970676,0
970677,0
970678,0
970679,0
970680,0
970681,0
970682,0
970683,0
970684,0
970685,0
970686,3
970687,0
970688,0
970689,0
970690,0
970691,0
970692,0
970693,6
970694,0
970695,0
970696,0
970697,0
970698,0
970699,0
970700,0
970701,0
970702,0
970703,4
970704,0
970705,0
970706,0
970707,0
970708,0
970709,0
970710,0
970711,0
970712,0
970713,0
970714,0
970715,0
970716,0
970717,0
970718,0
970719,0
970720,0
970721,0
970722,0
970723,0
970724,0
970725,0
970726,0
970727,0
970728,0
970729,1
970730,0
970731,0
970732,0
970733,0
970734,0
970735,0
970736,0
970737,0
970738,0
970739,0
970740,0
970741,0
970742,0
970743,0
970744,3
970745,0
970746,0
970747,0
970748,0
970749,0
970750,0
970751,0
970752,0
970753,0
970754,0
970755,0
970756,3
970757,0
970758,3
970759,4
970760,0
970761,0
970762,0
970763,0
970764,4
970765,0
970766,0
970767,0
970768,0
970769,0
970770,2
970771,0
970772,0
970773,0
970774,0
970775,0
970776,0
970777,0
970778,0
970779,1
970780,0
970781,0
970782,0
970783,0
970784,0
970785,0
970786,0
970787,0
970788,0
970789,0
970790,0
970791,0
970792,0
970793,0
970794,3
970795,0
970796,0
970797,0
970798,0
970799,0
970800,0
970801,0
970802,0
970803,0
970804,5
970805,0
970806,0
970807,0
970808,0
970809,0
970810,0
970811,0
970812,0
970813,3
970814,2
970815,0
970816,0
970817,0
970818,0
970819,0
970820,0
970821,0
970822,0
970823,0
970824,0
970825,7
970826,0
970827,0
970828,0
970829,0
970830,0
970831,0
970832,0
970833,0
970834,0
970835,0
970836,0
970837,0
970838,0
970839,0
970840,0
970841,0
970842,0
970843,0
970844,0
970845,0
970846,6
970847,0
970848,0
970849,0
970850,0
970851,0
970852,0
970853,0
970854,0
970855,0
970856,0
970857,0
970858,3
970859,0
970860,0
970861,0
970862,0
970863,0
970864,0
970865,0
970866,0
970867,0
970868,0
970869,0
970870,0
970871,0
970872,0
970873,0
970874,0
970875,5
970876,0
970877,0
970878,0
970879,0
970880,2
970881,0
970882,0
970883,0
970884,0
970885,0
970886,0
970887,0
970888,0
970889,0
970890,0
970891,0
970892,0
970893,5
970894,0
970895,0
970896,0
970897,2
970898,0
970899,0
970900,4
970901,0
970902,0
970903,0
970904,3
970905,0
970906,4
970907,0
970908,0
970909,0
970910,3
970911,0
970912,0
970913,6
970914,0
970915,0
970916,0
970917,0
970918,0
970919,1
970920,0
970921,0
970922,0
970923,0
970924,0
970925,3
970926,0
970927,0
970928,0
970929,0
970930,0
970931,0
970932,0
970933,0
970934,0
970935,0
970936,5
970937,0
970938,0
970939,0
970940,0
970941,0
970942,0
970943,0
970944,0
970945,0
970946,0
970947,2
970948,0
970949,0
970950,4
970951,0
970952,0
970953,0
970954,0
970955,5
970956,0
970957,0
970958,0
970959,0
970960,0
970961,0
970962,0
970963,3
970964,0
970965,0
970966,0
970967,0
970968,0
970969,0
970970,0
970971,0
970972,0
970973,3
970974,2
970975,0
970976,0
970977,0
970978,0
970979,0
970980,0
970981,0
970982,3
970983,0
970984,0
970985,0
970986,0
970987,0
970988,0
970989,0
970990,0
970991,0
970992,0
970993,0
970994,1
970995,0
970996,0
970997,0
970998,0
970999,0
971000,0
971001,0
971002,0
971003,0
971004,0
971005,0
971006,0
971007,0
971008,0
971009,0
971010,0
971011,0
971012,0
971013,0
971014,0
971015,0
971016,0
971017,3
971018,0
971019,0
971020,0
971021,0
971022,0
971023,0
971024,0
971025,0
971026,0
971027,0
971028,0
971029,2
971030,0
971031,4
971032,0
971033,0
971034,0
971035,0
971036,0
971037,0
971038,0
971039,3
971040,0
971041,0
971042,0
971043,0
971044,0
971045,2
971046,0
971047,0
971048,0
971049,0
971050,0
971051,3
971052,0
971053,0
971054,6
971055,0
971056,0
971057,0
971058,0
971059,0
971060,0
971061,0
971062,0
971063,3
971064,0
971065,0
971066,0
971067,0
971068,0
971069,0
971070,4
971071,0
971072,0
971073,0
971074,0
971075,0
971076,0
971077,0
971078,0
971079,0
971080,0
971081,0
971082,0
971083,0
971084,0
971085,0
971086,0
971087,0
971088,6
971089,0
971090,0
971091,0
971092,0
971093,0
971094,0
971095,0
971096,0
971097,0
971098,0
971099,0
971100,3
971101,0
971102,0
971103,0
971104,3
971105,0
971106,0
971107,0
971108,0
971109,0
971110,0
971111,0
971112,0
971113,0
971114,0
971115,0
971116,0
971117,3
971118,3
971119,0
971120,0
971121,0
971122,0
971123,2
971124,3
971125,0
971126,0
971127,4
971128,0
971129,0
971130,0
971131,0
971132,0
971133,0
971134,0
971135,0
971136,0
971137,0
971138,0
971139,0
971140,0
971141,0
971142,0
971143,0
971144,4
971145,0
971146,0
971147,0
971148,0
971149,0
971150,0
971151,0
971152,0
971153,0
971154,0
971155,0
971156,0
971157,0
971158,0
971159,0
971160,0
971161,0
971162,0
971163,0
971164,0
971165,0
971166,0
971167,0
971168,0
971169,0
971170,0
971171,0
971172,0
971173,0
971174,0
971175,0
971176,0
971177,0
971178,0
971179,0
971180,0
971181,0
971182,0
971183,0
971184,0
971185,0
971186,0
971187,0
971188,0
971189,0
971190,0
971191,0
971192,0
971193,0
971194,0
971195,0
971196,0
971197,0
971198,0
971199,0
971200,0
971201,0
971202,0
971203,0
971204,0
971205,0
971206,0
971207,0
971208,3
971209,0
971210,2
971211,0
971212,0
971213,0
971214,0
971215,0
971216,0
971217,0
971218,0
971219,0
971220,0
971221,0
971222,0
971223,0
971224,0
971225,0
971226,0
971227,0
971228,0
971229,0
971230,0
971231,0
971232,4
971233,0
971234,4
971235,0
971236,0
971237,0
971238,0
971239,0
971240,0
971241,4
971242,0
971243,0
971244,0
971245,0
971246,0
971247,3
971248,0
971249,0
971250,0
971251,1
971252,0
971253,2
971254,0
971255,0
971256,0
971257,0
971258,0
971259,0
971260,0
971261,0
971262,0
971263,0
971264,5
971265,0
971266,4
971267,0
971268,0
971269,2
971270,0
971271,0
971272,0
971273,0
971274,0
971275,0
971276,0
971277,0
971278,0
971279,0
971280,0
971281,0
971282,0
971283,0
971284,0
971285,0
971286,0
971287,0
971288,0
971289,0
971290,0
971291,0
971292,0
971293,0
971294,0
971295,0
971296,0
971297,0
971298,5
971299,0
971300,0
971301,0
971302,0
971303,0
971304,0
971305,0
971306,0
971307,0
971308,0
971309,2
971310,0
971311,0
971312,0
971313,0
971314,0
971315,0
971316,0
971317,0
971318,0
971319,0
971320,4
971321,0
971322,0
971323,0
971324,0
971325,0
971326,4
971327,0
971328,0
971329,0
971330,0
971331,0
971332,0
971333,0
971334,0
971335,0
971336,1
971337,0
971338,0
971339,0
971340,2
971341,0
971342,0
971343,3
971344,0
971345,0
971346,0
971347,0
971348,0
971349,0
971350,3
971351,0
971352,0
971353,0
971354,0
971355,0
971356,0
971357,0
971358,0
971359,0
971360,0
971361,0
971362,0
971363,0
971364,0
971365,0
971366,3
971367,0
971368,0
971369,0
971370,0
971371,0
971372,0
971373,0
971374,0
971375,0
971376,0
971377,0
971378,4
971379,0
971380,5
971381,3
971382,0
971383,0
971384,0
971385,0
971386,0
971387,2
971388,0
971389,0
971390,0
971391,0
971392,0
971393,0
971394,0
971395,0
971396,0
971397,0
971398,2
971399,2
971400,0
971401,0
971402,0
971403,0
971404,0
971405,0
971406,0
971407,0
971408,0
971409,0
971410,2
971411,0
971412,0
971413,0
971414,0
971415,0
971416,0
971417,0
971418,0
971419,0
971420,0
971421,0
971422,0
971423,2
971424,0
971425,0
971426,0
971427,0
971428,0
971429,0
971430,0
971431,0
971432,0
971433,0
971434,0
971435,0
971436,0
971437,0
971438,0
971439,0
971440,0
971441,0
971442,4
971443,0
971444,0
971445,0
971446,0
971447,0
971448,0
971449,0
971450,0
971451,0
971452,0
971453,0
971454,0
971455,0
971456,0
971457,0
971458,1
971459,0
971460,0
971461,0
971462,3
971463,0
971464,0
971465,0
971466,0
971467,0
971468,0
971469,0
971470,1
971471,0
971472,0
971473,0
971474,0
971475,0
971476,0
971477,0
971478,4
971479,0
971480,3
971481,0
971482,0
971483,0
971484,0
971485,0
971486,2
971487,0
971488,0
971489,0
971490,0
971491,0
971492,0
971493,0
971494,0
971495,0
971496,0
971497,0
971498,0
971499,0
971500,0
971501,3
971502,0
971503,0
971504,0
971505,1
971506,0
971507,0
971508,0
971509,3
971510,0
971511,0
971512,0
971513,0
971514,0
971515,0
971516,0
971517,0
971518,2
971519,0
971520,0
971521,2
971522,0
971523,7
971524,0
971525,0
971526,0
971527,4
971528,0
971529,0
971530,0
971531,0
971532,0
971533,0
971534,0
971535,0
971536,0
971537,0
971538,6
971539,0
971540,2
971541,0
971542,0
971543,0
971544,0
971545,0
971546,0
971547,0
971548,2
971549,0
971550,0
971551,0
971552,0
971553,0
971554,0
971555,0
971556,0
971557,0
971558,1
971559,0
971560,0
971561,0
971562,0
971563,0
971564,0
971565,0
971566,0
971567,7
971568,0
971569,0
971570,1
971571,0
971572,0
971573,0
971574,1
971575,0
971576,0
971577,0
971578,0
971579,0
971580,0
971581,0
971582,0
971583,0
971584,0
971585,0
971586,0
971587,2
971588,0
971589,0
971590,3
971591,0
971592,5
971593,3
971594,0
971595,0
971596,0
971597,0
971598,0
971599,0
971600,0
971601,0
971602,0
971603,0
971604,1
971605,0
971606,0
971607,0
971608,0
971609,0
971610,0
971611,0
971612,5
971613,0
971614,0
971615,0
971616,0
971617,0
971618,0
971619,0
971620,0
971621,0
971622,0
971623,0
971624,0
971625,0
971626,16
971627,0
971628,0
971629,0
971630,0
971631,0
971632,0
971633,0
971634,0
971635,0
971636,0
971637,16
971638,16
971639,0
971640,0
971641,0
971642,0
971643,0
971644,18
971645,0
971646,0
971647,0
971648,0
971649,0
971650,0
971651,18
971652,0
971653,0
971654,0
971655,0
971656,0
971657,0
971658,4
971659,0
971660,0
971661,0
971662,0
971663,0
971664,0
971665,0
971666,0
971667,13
971668,0
971669,0
971670,0
971671,0
971672,0
971673,9
971674,0
971675,0
971676,0
971677,22
971678,0
971679,0
971680,0
971681,0
971682,0
971683,0
971684,0
971685,0
971686,0
971687,0
971688,0
971689,11
971690,0
971691,0
971692,0
971693,0
971694,0
971695,0
971696,0
971697,0
971698,0
971699,8
971700,0
971701,0
971702,0
971703,0
971704,18
971705,0
971706,0
971707,0
971708,0
971709,11
971710,0
971711,0
971712,10
971713,0
971714,0
971715,0
971716,0
971717,0
971718,0
971719,19
971720,0
971721,0
971722,0
971723,0
971724,0
971725,0
971726,0
971727,0
971728,0
971729,0
971730,0
971731,0
971732,0
971733,0
971734,0
971735,0
971736,0
971737,0
971738,18
971739,0
971740,0
971741,0
971742,0
971743,0
971744,0
971745,0
971746,0
971747,0
971748,0
971749,0
971750,0
971751,0
971752,0
971753,0
971754,0
971755,0
971756,0
971757,12
971758,0
971759,0
971760,0
971761,15
971762,0
971763,0
971764,0
971765,0
971766,0
971767,0
971768,0
971769,17
971770,0
971771,0
971772,0
971773,0
971774,0
971775,0
971776,0
971777,0
971778,0
971779,0
971780,0
971781,0
971782,0
971783,0
971784,0
971785,0
971786,17
971787,0
971788,0
971789,0
971790,0
971791,0
971792,0
971793,0
971794,0
971795,0
971796,14
971797,0
971798,0
971799,0
971800,0
971801,0
971802,0
971803,7
971804,17
971805,25
971806,0
971807,0
971808,0
971809,0
971810,0
971811,0
971812,0
971813,0
971814,11
971815,0
971816,0
971817,0
971818,14
971819,0
971820,0
971821,0
971822,0
971823,0
971824,0
971825,17
971826,0
971827,0
971828,0
971829,0
971830,11
971831,0
971832,0
971833,12
971834,14
971835,0
971836,0
971837,0
971838,0
971839,0
971840,0
971841,0
971842,0
971843,0
971844,18
971845,0
971846,9
971847,0
971848,0
971849,0
971850,0
971851,0
971852,0
971853,11
971854,0
971855,13
971856,0
971857,0
971858,0
971859,0
971860,0
971861,0
971862,0
971863,0
971864,0
971865,11
971866,0
971867,0
971868,0
971869,0
971870,0
971871,0
971872,0
971873,0
971874,12
971875,0
971876,0
971877,0
971878,0
971879,0
971880,15
971881,0
971882,0
971883,0
971884,0
971885,0
971886,0
971887,0
971888,0
971889,14
971890,22
971891,10
971892,8
971893,0
971894,0
971895,10
971896,0
971897,0
971898,0
971899,0
971900,0
971901,0
971902,0
971903,0
971904,0
971905,0
971906,0
971907,0
971908,0
971909,0
971910,0
971911,0
971912,0
971913,0
971914,6
971915,0
971916,0
971917,0
971918,0
971919,0
971920,0
971921,0
971922,0
971923,0
971924,0
971925,26
971926,0
971927,0
971928,0
971929,0
971930,0
971931,0
971932,7
971933,0
971934,0
971935,0
971936,0
971937,0
971938,0
971939,0
971940,15
971941,0
971942,13
971943,0
971944,13
971945,0
971946,0
971947,0
971948,12
971949,0
971950,0
971951,0
971952,13
971953,0
971954,0
971955,6
971956,0
971957,0
971958,12
971959,0
971960,11
971961,12
971962,0
971963,0
971964,0
971965,5
971966,12
971967,0
971968,0
971969,0
971970,15
971971,10
971972,0
971973,0
971974,0
971975,0
971976,11
971977,15
971978,0
971979,0
971980,11
971981,0
971982,0
971983,0
971984,0
971985,0
971986,0
971987,0
971988,0
971989,0
971990,20
971991,19
971992,0
971993,0
971994,0
971995,0
971996,0
971997,0
971998,0
971999,0
972000,26
972001,0
972002,24
972003,0
972004,40
972005,29
972006,26
972007,0
972008,0
972009,0
972010,0
972011,0
972012,40
972013,21
972014,0
972015,0
972016,0
972017,22
972018,0
972019,0
972020,0
972021,0
972022,0
972023,0
972024,0
972025,33
972026,0
972027,0
972028,0
972029,0
972030,27
972031,0
972032,0
972033,0
972034,24
972035,31
972036,0
972037,31
972038,0
972039,0
972040,0
972041,0
972042,0
972043,0
972044,0
972045,0
972046,0
972047,0
972048,0
972049,0
972050,15
972051,16
972052,27
972053,0
972054,18
972055,0
972056,0
972057,21
972058,0
972059,0
972060,0
972061,0
972062,0
972063,37
972064,0
972065,0
972066,0
972067,28
972068,0
972069,32
972070,0
972071,0
972072,0
972073,0
972074,0
972075,0
972076,29
972077,0
972078,0
972079,0
972080,0
972081,0
972082,0
972083,0
972084,0
972085,22
972086,0
972087,16
972088,0
972089,0
972090,0
972091,0
972092,15
972093,0
972094,0
972095,28
972096,0
972097,0
972098,21
972099,0
972100,0
972101,27
972102,0
972103,29
972104,0
972105,0
972106,0
972107,0
972108,0
972109,0
972110,26
972111,0
972112,0
972113,12
972114,35
972115,59
972116,19
972117,0
972118,0
972119,26
972120,0
972121,26
972122,0
972123,0
972124,0
972125,43
972126,0
972127,0
972128,0
972129,0
972130,0
972131,0
972132,0
972133,0
972134,0
972135,0
972136,17
972137,22
972138,8
972139,0
972140,0
972141,0
972142,11
972143,24
972144,21
972145,0
972146,28
972147,46
972148,0
972149,0
972150,21
972151,38
972152,0
972153,16
972154,0
972155,0
972156,28
972157,0
972158,0
972159,0
972160,0
972161,0
972162,0
972163,36
972164,0
972165,0
972166,0
972167,0
972168,0
972169,40
972170,0
972171,0
972172,35
972173,0
972174,0
972175,0
972176,0
972177,35
972178,0
972179,0
972180,0
972181,0
972182,0
972183,21
972184,0
972185,28
972186,18
972187,0
972188,0
972189,0
972190,0
972191,0
972192,0
972193,0
972194,0
972195,0
972196,0
972197,0
972198,0
972199,26
972200,0
972201,31
972202,0
972203,0
972204,0
972205,51
972206,0
972207,23
972208,0
972209,0
972210,0
972211,0
972212,0
972213,0
972214,0
972215,0
972216,0
972217,0
972218,22
972219,26
972220,0
972221,0
972222,0
972223,0
972224,0
972225,0
972226,0
972227,0
972228,0
972229,0
972230,0
972231,0
972232,0
972233,0
972234,0
972235,0
972236,0
972237,0
972238,0
972239,0
972240,0
972241,39
972242,0
972243,0
972244,0
972245,0
972246,0
972247,33
972248,0
972249,0
972250,0
972251,0
972252,0
972253,0
972254,0
972255,36
972256,23
972257,47
972258,24
972259,0
972260,0
972261,0
972262,0
972263,0
972264,0
972265,0
972266,0
972267,0
972268,0
972269,0
972270,0
972271,0
972272,69
972273,11
972274,0
972275,0
972276,0
972277,0
972278,19
972279,0
972280,15
972281,0
972282,16
972283,0
972284,0
972285,0
972286,0
972287,0
972288,18
972289,0
972290,0
972291,0
972292,0
972293,0
972294,0
972295,0
972296,0
972297,0
972298,0
972299,0
972300,0
972301,24
972302,0
972303,0
972304,20
972305,30
972306,38
972307,0
972308,26
972309,0
972310,40
972311,0
972312,29
972313,0
972314,0
972315,0
972316,29
972317,0
972318,0
972319,28
972320,0
972321,0
972322,0
972323,0
972324,49
972325,27
972326,0
972327,0
972328,0
972329,0
972330,0
972331,19
972332,34
972333,0
972334,0
972335,0
972336,0
972337,0
972338,0
972339,0
972340,0
972341,0
972342,0
972343,32
972344,0
972345,0
972346,0
972347,36
972348,21
972349,19
972350,0
972351,0
972352,0
972353,29
972354,0
972355,0
972356,0
972357,30
972358,22
972359,0
972360,0
972361,0
972362,0
972363,0
972364,0
972365,0
972366,47
972367,0
972368,31
972369,0
972370,30
972371,0
972372,0
972373,0
972374,0
972375,0
972376,0
972377,0
972378,0
972379,0
972380,0
972381,0
972382,0
972383,0
972384,0
972385,39
972386,40
972387,0
972388,28
972389,0
972390,0
972391,0
972392,0
972393,0
972394,0
972395,40
972396,0
972397,0
972398,20
972399,0
972400,0
972401,30
972402,0
972403,0
972404,33
972405,0
972406,26
972407,0
972408,0
972409,0
972410,0
972411,0
972412,39
972413,25
972414,0
972415,0
972416,0
972417,0
972418,0
972419,29
972420,0
972421,0
972422,0
972423,0
972424,0
972425,0
972426,0
972427,0
972428,0
972429,0
972430,0
972431,0
972432,0
972433,0
972434,0
972435,0
972436,23
972437,0
972438,0
972439,0
972440,0
972441,34
972442,0
972443,0
972444,31
972445,0
972446,36
972447,0
972448,32
972449,0
972450,0
972451,0
972452,0
972453,0
972454,28
972455,35
972456,0
972457,0
972458,25
972459,0
972460,31
972461,0
972462,0
972463,0
972464,0
972465,0
972466,0
972467,31
972468,0
972469,25
972470,0
972471,0
972472,0
972473,0
972474,0
972475,0
972476,0
972477,33
972478,0
972479,30
972480,19
972481,0
972482,0
972483,0
972484,0
972485,0
972486,0
972487,0
972488,0
972489,41
972490,0
972491,20
972492,0
972493,0
972494,19
972495,0
972496,0
972497,0
972498,0
972499,17
972500,0
972501,14
972502,0
972503,0
972504,0
972505,0
972506,29
972507,0
972508,27
972509,0
972510,0
972511,0
972512,0
972513,24
972514,0
972515,32
972516,0
972517,0
972518,18
972519,0
972520,23
972521,0
972522,0
972523,0
972524,25
972525,0
972526,0
972527,0
972528,0
972529,0
972530,35
972531,0
972532,33
972533,31
972534,24
972535,0
972536,31
972537,26
972538,0
972539,0
972540,0
972541,0
972542,0
972543,0
972544,0
972545,0
972546,0
972547,33
972548,0
972549,0
972550,0
972551,0
972552,44
972553,23
972554,23
972555,0
972556,0
972557,0
972558,0
972559,13
972560,0
972561,0
972562,0
972563,0
972564,0
972565,23
972566,20
972567,0
972568,0
972569,0
972570,0
972571,0
972572,0
972573,47
972574,23
972575,17
972576,21
972577,23
972578,0
972579,0
972580,0
972581,0
972582,0
972583,51
972584,18
972585,0
972586,35
972587,0
972588,0
972589,17
972590,0
972591,28
972592,21
972593,0
972594,44
972595,0
972596,0
972597,8
972598,0
972599,30
972600,0
972601,0
972602,32
972603,0
972604,0
972605,0
972606,0
972607,0
972608,0
972609,22
972610,0
972611,0
972612,0
972613,11
972614,0
972615,0
972616,9
972617,0
972618,0
972619,28
972620,28
972621,0
972622,0
972623,0
972624,0
972625,0
972626,0
972627,42
972628,0
972629,0
972630,29
972631,0
972632,0
972633,0
972634,0
972635,0
972636,21
972637,0
972638,0
972639,0
972640,0
972641,0
972642,0
972643,0
972644,0
972645,0
972646,0
972647,44
972648,0
972649,0
972650,0
972651,31
972652,11
972653,0
972654,0
972655,0
972656,0
972657,0
972658,30
972659,0
972660,0
972661,29
972662,0
972663,0
972664,0
972665,31
972666,0
972667,27
972668,0
972669,28
972670,0
972671,30
972672,33
972673,35
972674,30
972675,0
972676,27
972677,0
972678,11
972679,0
972680,0
972681,0
972682,0
972683,0
972684,27
972685,0
972686,0
972687,0
972688,0
972689,0
972690,0
972691,0
972692,0
972693,46
972694,0
972695,0
972696,23
972697,0
972698,0
972699,0
972700,0
972701,0
972702,0
972703,20
972704,0
972705,0
972706,0
972707,0
972708,0
972709,0
972710,0
972711,0
972712,0
972713,0
972714,0
972715,34
972716,0
972717,0
972718,0
972719,0
972720,0
972721,0
972722,0
972723,0
972724,0
972725,0
972726,0
972727,0
972728,0
972729,0
972730,0
972731,0
972732,0
972733,0
972734,0
972735,0
972736,0
972737,0
972738,0
972739,0
972740,31
972741,0
972742,0
972743,15
972744,0
972745,0
972746,0
972747,19
972748,0
972749,0
972750,0
972751,0
972752,0
972753,0
972754,0
972755,0
972756,0
972757,16
972758,0
972759,0
972760,0
972761,29
972762,0
972763,0
972764,0
972765,0
972766,0
972767,0
972768,0
972769,0
972770,0
972771,0
972772,0
972773,0
972774,0
972775,0
972776,0
972777,0
972778,0
972779,31
972780,0
972781,31
972782,0
972783,0
972784,0
972785,33
972786,0
972787,0
972788,0
972789,0
972790,0
972791,0
972792,0
972793,0
972794,0
972795,0
972796,0
972797,27
972798,0
972799,0
972800,0
972801,0
972802,0
972803,0
972804,0
972805,0
972806,0
972807,0
972808,0
972809,0
972810,0
972811,0
972812,0
972813,0
972814,0
972815,0
972816,0
972817,0
972818,0
972819,0
972820,0
972821,0
972822,0
972823,0
972824,0
972825,0
972826,0
972827,0
972828,0
972829,0
972830,0
972831,0
972832,0
972833,0
972834,37
972835,0
972836,0
972837,0
972838,0
972839,0
972840,0
972841,0
972842,0
972843,0
972844,0
972845,0
972846,0
972847,0
972848,40
972849,42
972850,25
972851,0
972852,0
972853,0
972854,0
972855,0
972856,0
972857,0
972858,0
972859,0
972860,0
972861,0
972862,0
972863,0
972864,0
972865,0
972866,0
972867,0
972868,0
972869,0
972870,0
972871,0
972872,0
972873,0
972874,0
972875,0
972876,0
972877,0
972878,0
972879,24
972880,0
972881,0
972882,0
972883,0
972884,0
972885,0
972886,0
972887,0
972888,0
972889,27
972890,32
972891,0
972892,0
972893,0
972894,0
972895,0
972896,0
972897,0
972898,0
972899,0
972900,0
972901,0
972902,0
972903,0
972904,0
972905,0
972906,0
972907,0
972908,0
972909,0
972910,0
972911,29
972912,0
972913,0
972914,0
972915,0
972916,0
972917,0
972918,0
972919,0
972920,0
972921,0
972922,0
972923,0
972924,0
972925,0
972926,21
972927,0
972928,0
972929,0
972930,0
972931,0
972932,0
972933,30
972934,0
972935,0
972936,0
972937,0
972938,24
972939,0
972940,0
972941,0
972942,0
972943,29
972944,0
972945,27
972946,0
972947,0
972948,0
972949,0
972950,0
972951,0
972952,0
972953,0
972954,33
972955,0
972956,0
972957,0
972958,0
972959,0
972960,0
972961,0
972962,0
972963,0
972964,0
972965,0
972966,38
972967,15
972968,0
972969,0
972970,0
972971,29
972972,0
972973,0
972974,0
972975,0
972976,0
972977,0
972978,0
972979,0
972980,0
972981,0
972982,0
972983,0
972984,0
972985,0
972986,0
972987,0
972988,0
972989,0
972990,0
972991,0
972992,0
972993,0
972994,0
972995,0
972996,0
972997,24
972998,0
972999,0
973000,0
973001,0
973002,0
973003,0
973004,0
973005,0
973006,0
973007,0
973008,26
973009,0
973010,0
973011,0
973012,0
973013,0
973014,0
973015,0
973016,0
973017,0
973018,0
973019,0
973020,0
973021,0
973022,0
973023,25
973024,0
973025,0
973026,0
973027,0
973028,0
973029,0
973030,26
973031,0
973032,0
973033,30
973034,0
973035,0
973036,0
973037,0
973038,0
973039,0
973040,0
973041,0
973042,22
973043,0
973044,0
973045,0
973046,0
973047,0
973048,0
973049,0
973050,0
973051,0
973052,0
973053,0
973054,0
973055,0
973056,0
973057,0
973058,0
973059,0
973060,0
973061,0
973062,0
973063,0
973064,0
973065,0
973066,0
973067,0
973068,30
973069,0
973070,0
973071,0
973072,0
973073,0
973074,0
973075,0
973076,0
973077,0
973078,0
973079,0
973080,0
973081,0
973082,0
973083,0
973084,0
973085,0
973086,0
973087,0
973088,0
973089,0
973090,0
973091,0
973092,25
973093,0
973094,0
973095,0
973096,0
973097,0
973098,0
973099,0
973100,0
973101,0
973102,0
973103,29
973104,0
973105,33
973106,0
973107,0
973108,0
973109,0
973110,0
973111,0
973112,0
973113,0
973114,0
973115,0
973116,0
973117,24
973118,0
973119,0
973120,24
973121,0
973122,25
973123,30
973124,0
973125,0
973126,0
973127,0
973128,0
973129,0
973130,0
973131,0
973132,0
973133,27
973134,0
973135,0
973136,0
973137,0
973138,0
973139,0
973140,0
973141,0
973142,0
973143,34
973144,0
973145,0
973146,0
973147,0
973148,28
973149,0
973150,0
973151,0
973152,0
973153,0
973154,0
973155,0
973156,0
973157,22
973158,0
973159,0
973160,0
973161,0
973162,0
973163,0
973164,0
973165,0
973166,35
973167,0
973168,0
973169,0
973170,0
973171,0
973172,0
973173,0
973174,0
973175,0
973176,0
973177,0
973178,0
973179,0
973180,0
973181,0
973182,0
973183,0
973184,0
973185,15
973186,0
973187,27
973188,0
973189,0
973190,0
973191,0
973192,0
973193,0
973194,0
973195,0
973196,0
973197,0
973198,0
973199,0
973200,0
973201,0
973202,0
973203,0
973204,27
973205,0
973206,0
973207,0
973208,0
973209,0
973210,0
973211,0
973212,0
973213,0
973214,0
973215,0
973216,0
973217,0
973218,0
973219,22
973220,0
973221,0
973222,0
973223,0
973224,0
973225,0
973226,0
973227,38
973228,0
973229,0
973230,0
973231,0
973232,0
973233,0
973234,0
973235,0
973236,22
973237,0
973238,0
973239,0
973240,0
973241,0
973242,0
973243,0
973244,0
973245,0
973246,0
973247,0
973248,0
973249,0
973250,0
973251,23
973252,24
973253,0
973254,0
973255,49
973256,0
973257,0
973258,0
973259,0
973260,0
973261,0
973262,52
973263,0
973264,22
973265,0
973266,0
973267,0
973268,0
973269,0
973270,0
973271,0
973272,39
973273,0
973274,0
973275,0
973276,0
973277,0
973278,0
973279,0
973280,0
973281,27
973282,0
973283,0
973284,0
973285,0
973286,36
973287,0
973288,48
973289,0
973290,0
973291,0
973292,0
973293,0
973294,0
973295,25
973296,17
973297,0
973298,16
973299,21
973300,0
973301,0
973302,31
973303,0
973304,0
973305,23
973306,0
973307,0
973308,0
973309,0
973310,24
973311,47
973312,0
973313,0
973314,0
973315,0
973316,0
973317,0
973318,0
973319,0
973320,0
973321,0
973322,0
973323,0
973324,0
973325,0
973326,0
973327,0
973328,0
973329,0
973330,0
973331,0
973332,0
973333,0
973334,0
973335,0
973336,0
973337,0
973338,0
973339,0
973340,0
973341,0
973342,0
973343,0
973344,0
973345,0
973346,0
973347,0
973348,0
973349,0
973350,0
973351,0
973352,0
973353,0
973354,0
973355,0
973356,0
973357,0
973358,0
973359,0
973360,0
973361,0
973362,0
973363,0
973364,0
973365,0
973366,0
973367,0
973368,0
973369,0
973370,0
973371,0
973372,0
973373,0
973374,0
973375,0
973376,0
973377,0
973378,0
973379,0
973380,0
973381,0
973382,0
973383,0
973384,0
973385,1
973386,0
973387,0
973388,0
973389,0
973390,0
973391,0
973392,0
973393,0
973394,0
973395,0
973396,0
973397,0
973398,0
973399,0
973400,0
973401,0
973402,0
973403,0
973404,0
973405,0
973406,0
973407,0
973408,0
973409,0
973410,0
973411,0
973412,1
973413,0
973414,0
973415,0
973416,0
973417,0
973418,0
973419,0
973420,0
973421,0
973422,0
973423,0
973424,0
973425,0
973426,0
973427,0
973428,0
973429,0
973430,0
973431,0
973432,0
973433,1
973434,0
973435,0
973436,0
973437,0
973438,0
973439,0
973440,0
973441,0
973442,0
973443,0
973444,0
973445,0
973446,0
973447,0
973448,0
973449,0
973450,0
973451,0
973452,1
973453,0
973454,0
973455,0
973456,0
973457,0
973458,0
973459,0
973460,0
973461,0
973462,0
973463,0
973464,0
973465,0
973466,0
973467,0
973468,0
973469,0
973470,0
973471,0
973472,0
973473,0
973474,0
973475,0
973476,0
973477,0
973478,0
973479,0
973480,0
973481,0
973482,0
973483,0
973484,0
973485,0
973486,0
973487,0
973488,0
973489,0
973490,0
973491,0
973492,0
973493,0
973494,0
973495,0
973496,0
973497,1
973498,0
973499,0
973500,0
973501,0
973502,0
973503,0
973504,0
973505,0
973506,0
973507,0
973508,0
973509,0
973510,0
973511,0
973512,0
973513,0
973514,0
973515,0
973516,0
973517,0
973518,0
973519,0
973520,0
973521,0
973522,0
973523,0
973524,0
973525,0
973526,0
973527,0
973528,0
973529,0
973530,0
973531,0
973532,0
973533,0
973534,0
973535,0
973536,0
973537,0
973538,0
973539,0
973540,0
973541,0
973542,0
973543,0
973544,0
973545,0
973546,0
973547,0
973548,0
973549,0
973550,0
973551,0
973552,0
973553,0
973554,0
973555,0
973556,0
973557,0
973558,0
973559,0
973560,0
973561,0
973562,0
973563,0
973564,0
973565,0
973566,0
973567,0
973568,0
973569,0
973570,0
973571,0
973572,0
973573,0
973574,0
973575,0
973576,0
973577,0
973578,0
973579,0
973580,0
973581,0
973582,0
973583,0
973584,0
973585,0
973586,0
973587,0
973588,0
973589,0
973590,0
973591,0
973592,0
973593,0
973594,0
973595,0
973596,0
973597,0
973598,0
973599,0
973600,0
973601,0
973602,0
973603,0
973604,0
973605,0
973606,0
973607,0
973608,0
973609,0
973610,0
973611,0
973612,0
973613,0
973614,0
973615,0
973616,1
973617,0
973618,0
973619,0
973620,0
973621,0
973622,0
973623,0
973624,0
973625,0
973626,0
973627,0
973628,0
973629,0
973630,0
973631,0
973632,0
973633,0
973634,0
973635,0
973636,0
973637,0
973638,0
973639,0
973640,0
973641,0
973642,0
973643,0
973644,0
973645,0
973646,0
973647,0
973648,0
973649,0
973650,0
973651,0
973652,0
973653,0
973654,0
973655,0
973656,0
973657,0
973658,0
973659,0
973660,0
973661,0
973662,0
973663,0
973664,0
973665,0
973666,0
973667,0
973668,0
973669,0
973670,0
973671,0
973672,0
973673,0
973674,0
973675,0
973676,0
973677,0
973678,0
973679,0
973680,0
973681,0
973682,0
973683,0
973684,0
973685,0
973686,0
973687,0
973688,0
973689,0
973690,0
973691,0
973692,0
973693,0
973694,0
973695,0
973696,0
973697,0
973698,0
973699,0
973700,0
973701,0
973702,0
973703,0
973704,0
973705,0
973706,0
973707,0
973708,0
973709,0
973710,0
973711,0
973712,0
973713,0
973714,0
973715,0
973716,0
973717,0
973718,0
973719,0
973720,0
973721,0
973722,0
973723,0
973724,0
973725,0
973726,0
973727,0
973728,0
973729,0
973730,0
973731,0
973732,0
973733,0
973734,0
973735,0
973736,0
973737,0
973738,0
973739,0
973740,0
973741,0
973742,0
973743,0
973744,0
973745,0
973746,0
973747,0
973748,0
973749,0
973750,0
973751,0
973752,0
973753,0
973754,0
973755,0
973756,0
973757,0
973758,0
973759,0
973760,0
973761,0
973762,0
973763,0
973764,0
973765,0
973766,0
973767,0
973768,0
973769,0
973770,0
973771,0
973772,0
973773,0
973774,0
973775,0
973776,0
973777,0
973778,0
973779,0
973780,0
973781,0
973782,0
973783,0
973784,0
973785,0
973786,0
973787,0
973788,0
973789,0
973790,0
973791,0
973792,0
973793,0
973794,0
973795,0
973796,0
973797,0
973798,0
973799,0
973800,0
973801,0
973802,0
973803,0
973804,0
973805,0
973806,0
973807,0
973808,0
973809,0
973810,0
973811,0
973812,0
973813,0
973814,0
973815,0
973816,0
973817,0
973818,0
973819,0
973820,0
973821,0
973822,0
973823,0
973824,0
973825,0
973826,0
973827,0
973828,0
973829,2
973830,0
973831,0
973832,0
973833,0
973834,0
973835,0
973836,0
973837,0
973838,0
973839,0
973840,0
973841,0
973842,0
973843,0
973844,0
973845,0
973846,0
973847,0
973848,0
973849,0
973850,0
973851,0
973852,0
973853,0
973854,0
973855,0
973856,0
973857,0
973858,0
973859,0
973860,0
973861,0
973862,0
973863,0
973864,0
973865,0
973866,0
973867,0
973868,0
973869,0
973870,0
973871,0
973872,0
973873,0
973874,0
973875,0
973876,0
973877,0
973878,0
973879,0
973880,0
973881,0
973882,0
973883,0
973884,0
973885,0
973886,0
973887,0
973888,0
973889,0
973890,0
973891,0
973892,0
973893,0
973894,0
973895,0
973896,0
973897,0
973898,0
973899,0
973900,0
973901,0
973902,0
973903,0
973904,0
973905,0
973906,0
973907,0
973908,0
973909,0
973910,0
973911,0
973912,0
973913,0
973914,0
973915,0
973916,0
973917,0
973918,0
973919,0
973920,0
973921,0
973922,1
973923,0
973924,0
973925,0
973926,0
973927,0
973928,0
973929,0
973930,0
973931,0
973932,0
973933,0
973934,0
973935,0
973936,0
973937,0
973938,0
973939,15
973940,0
973941,0
973942,18
973943,11
973944,0
973945,18
973946,0
973947,0
973948,0
973949,0
973950,19
973951,0
973952,0
973953,0
973954,0
973955,0
973956,0
973957,0
973958,0
973959,10
973960,0
973961,0
973962,0
973963,12
973964,0
973965,0
973966,22
973967,0
973968,0
973969,0
973970,0
973971,0
973972,0
973973,0
973974,0
973975,0
973976,20
973977,0
973978,0
973979,0
973980,0
973981,0
973982,0
973983,0
973984,0
973985,0
973986,0
973987,0
973988,0
973989,0
973990,0
973991,0
973992,17
973993,0
973994,0
973995,0
973996,14
973997,0
973998,0
973999,0
974000,13
974001,0
974002,0
974003,0
974004,0
974005,18
974006,0
974007,0
974008,0
974009,0
974010,0
974011,0
974012,0
974013,11
974014,0
974015,0
974016,0
974017,0
974018,0
974019,22
974020,0
974021,0
974022,0
974023,0
974024,0
974025,0
974026,14
974027,0
974028,0
974029,0
974030,0
974031,0
974032,20
974033,0
974034,0
974035,9
974036,21
974037,0
974038,16
974039,0
974040,18
974041,0
974042,0
974043,0
974044,0
974045,18
974046,0
974047,0
974048,16
974049,0
974050,24
974051,0
974052,0
974053,0
974054,0
974055,0
974056,0
974057,0
974058,20
974059,0
974060,0
974061,0
974062,0
974063,0
974064,10
974065,0
974066,0
974067,13
974068,0
974069,0
974070,0
974071,0
974072,0
974073,0
974074,13
974075,15
974076,0
974077,0
974078,0
974079,0
974080,0
974081,0
974082,0
974083,0
974084,0
974085,0
974086,0
974087,0
974088,0
974089,0
974090,0
974091,0
974092,0
974093,0
974094,0
974095,0
974096,0
974097,0
974098,0
974099,0
974100,0
974101,28
974102,0
974103,0
974104,0
974105,0
974106,0
974107,0
974108,0
974109,0
974110,0
974111,0
974112,0
974113,0
974114,0
974115,15
974116,0
974117,0
974118,0
974119,0
974120,0
974121,0
974122,0
974123,0
974124,0
974125,0
974126,0
974127,13
974128,0
974129,0
974130,0
974131,0
974132,0
974133,0
974134,0
974135,0
974136,0
974137,0
974138,0
974139,0
974140,25
974141,0
974142,0
974143,18
974144,0
974145,0
974146,15
974147,0
974148,0
974149,0
974150,0
974151,0
974152,0
974153,0
974154,0
974155,0
974156,0
974157,0
974158,0
974159,20
974160,16
974161,18
974162,0
974163,0
974164,0
974165,13
974166,0
974167,0
974168,0
974169,0
974170,0
974171,0
974172,0
974173,0
974174,0
974175,0
974176,0
974177,0
974178,0
974179,0
974180,0
974181,0
974182,0
974183,19
974184,0
974185,0
974186,0
974187,0
974188,0
974189,0
974190,0
974191,0
974192,0
974193,22
974194,0
974195,0
974196,0
974197,9
974198,0
974199,0
974200,0
974201,0
974202,0
974203,0
974204,0
974205,0
974206,0
974207,0
974208,0
974209,0
974210,0
974211,0
974212,0
974213,0
974214,0
974215,0
974216,0
974217,0
974218,0
974219,13
974220,0
974221,18
974222,0
974223,0
974224,0
974225,0
974226,0
974227,0
974228,0
974229,8
974230,0
974231,0
974232,0
974233,15
974234,18
974235,0
974236,0
974237,0
974238,0
974239,0
974240,0
974241,16
974242,24
974243,0
974244,0
974245,7
974246,0
974247,0
974248,15
974249,0
974250,0
974251,0
974252,0
974253,0
974254,0
974255,0
974256,0
974257,0
974258,0
974259,0
974260,0
974261,0
974262,0
974263,0
974264,0
974265,0
974266,0
974267,0
974268,0
974269,0
974270,0
974271,0
974272,0
974273,0
974274,0
974275,0
974276,0
974277,0
974278,0
974279,27
974280,0
974281,0
974282,0
974283,17
974284,24
974285,20
974286,0
974287,0
974288,0
974289,0
974290,0
974291,14
974292,0
974293,0
974294,0
974295,0
974296,22
974297,0
974298,0
974299,0
974300,0
974301,0
974302,0
974303,0
974304,0
974305,0
974306,0
974307,18
974308,0
974309,21
974310,0
974311,0
974312,0
974313,0
974314,0
974315,0
974316,0
974317,0
974318,0
974319,0
974320,0
974321,0
974322,0
974323,0
974324,0
974325,0
974326,24
974327,0
974328,0
974329,0
974330,20
974331,0
974332,0
974333,0
974334,0
974335,0
974336,0
974337,0
974338,0
974339,0
974340,0
974341,0
974342,0
974343,0
974344,0
974345,0
974346,0
974347,16
974348,0
974349,0
974350,0
974351,0
974352,0
974353,0
974354,0
974355,0
974356,0
974357,0
974358,0
974359,0
974360,29
974361,0
974362,0
974363,0
974364,0
974365,0
974366,0
974367,0
974368,0
974369,0
974370,0
974371,0
974372,0
974373,0
974374,0
974375,0
974376,0
974377,26
974378,0
974379,0
974380,0
974381,0
974382,0
974383,0
974384,29
974385,0
974386,0
974387,0
974388,0
974389,0
974390,0
974391,0
974392,24
974393,0
974394,0
974395,0
974396,0
974397,0
974398,27
974399,0
974400,0
974401,0
974402,0
974403,0
974404,0
974405,0
974406,23
974407,0
974408,0
974409,0
974410,23
974411,0
974412,0
974413,0
974414,0
974415,0
974416,0
974417,0
974418,0
974419,0
974420,0
974421,0
974422,0
974423,0
974424,0
974425,0
974426,0
974427,0
974428,0
974429,0
974430,0
974431,0
974432,0
974433,0
974434,0
974435,0
974436,19
974437,0
974438,0
974439,0
974440,0
974441,0
974442,0
974443,22
974444,0
974445,19
974446,0
974447,0
974448,24
974449,0
974450,0
974451,0
974452,0
974453,0
974454,0
974455,0
974456,0
974457,23
974458,0
974459,0
974460,0
974461,0
974462,0
974463,0
974464,10
974465,0
974466,18
974467,0
974468,25
974469,0
974470,23
974471,0
974472,0
974473,0
974474,0
974475,0
974476,0
974477,0
974478,0
974479,0
974480,0
974481,0
974482,0
974483,0
974484,0
974485,0
974486,0
974487,0
974488,0
974489,0
974490,0
974491,0
974492,26
974493,0
974494,0
974495,0
974496,0
974497,20
974498,0
974499,0
974500,0
974501,0
974502,0
974503,0
974504,0
974505,0
974506,0
974507,0
974508,0
974509,0
974510,0
974511,0
974512,0
974513,0
974514,0
974515,0
974516,0
974517,0
974518,0
974519,0
974520,0
974521,26
974522,0
974523,0
974524,0
974525,0
974526,0
974527,0
974528,0
974529,0
974530,25
974531,0
974532,21
974533,0
974534,0
974535,22
974536,0
974537,0
974538,24
974539,0
974540,0
974541,0
974542,0
974543,0
974544,0
974545,0
974546,0
974547,0
974548,22
974549,15
974550,0
974551,0
974552,0
974553,0
974554,0
974555,0
974556,0
974557,0
974558,0
974559,0
974560,21
974561,0
974562,0
974563,0
974564,0
974565,0
974566,0
974567,0
974568,0
974569,0
974570,0
974571,0
974572,0
974573,0
974574,0
974575,0
974576,0
974577,0
974578,0
974579,0
974580,0
974581,0
974582,0
974583,0
974584,0
974585,0
974586,0
974587,0
974588,0
974589,0
974590,23
974591,19
974592,0
974593,0
974594,0
974595,0
974596,0
974597,0
974598,0
974599,0
974600,0
974601,21
974602,0
974603,0
974604,0
974605,0
974606,0
974607,0
974608,0
974609,0
974610,0
974611,0
974612,0
974613,0
974614,31
974615,0
974616,0
974617,0
974618,24
974619,0
974620,0
974621,0
974622,0
974623,0
974624,0
974625,0
974626,0
974627,0
974628,0
974629,0
974630,24
974631,0
974632,0
974633,0
974634,0
974635,0
974636,0
974637,0
974638,0
974639,0
974640,0
974641,0
974642,0
974643,0
974644,0
974645,24
974646,0
974647,0
974648,0
974649,0
974650,16
974651,16
974652,0
974653,23
974654,0
974655,0
974656,0
974657,0
974658,22
974659,0
974660,17
974661,0
974662,0
974663,0
974664,0
974665,0
974666,0
974667,0
974668,0
974669,0
974670,0
974671,0
974672,0
974673,0
974674,40
974675,0
974676,0
974677,0
974678,0
974679,0
974680,0
974681,0
974682,0
974683,0
974684,0
974685,0
974686,0
974687,0
974688,0
974689,24
974690,0
974691,0
974692,0
974693,0
974694,0
974695,0
974696,0
974697,0
974698,0
974699,0
974700,21
974701,26
974702,22
974703,0
974704,0
974705,20
974706,0
974707,0
974708,0
974709,0
974710,0
974711,0
974712,0
974713,0
974714,21
974715,0
974716,0
974717,0
974718,0
974719,0
974720,27
974721,0
974722,0
974723,0
974724,0
974725,0
974726,0
974727,0
974728,0
974729,0
974730,0
974731,0
974732,0
974733,0
974734,22
974735,0
974736,14
974737,0
974738,0
974739,0
974740,0
974741,0
974742,0
974743,0
974744,0
974745,0
974746,0
974747,0
974748,0
974749,0
974750,0
974751,0
974752,0
974753,0
974754,0
974755,26
974756,0
974757,24
974758,0
974759,0
974760,0
974761,0
974762,0
974763,0
974764,0
974765,0
974766,0
974767,0
974768,0
974769,0
974770,0
974771,0
974772,0
974773,0
974774,0
974775,0
974776,0
974777,0
974778,0
974779,0
974780,0
974781,0
974782,0
974783,0
974784,19
974785,25
974786,0
974787,21
974788,0
974789,0
974790,0
974791,0
974792,0
974793,0
974794,0
974795,0
974796,0
974797,0
974798,0
974799,0
974800,0
974801,0
974802,0
974803,0
974804,0
974805,0
974806,0
974807,28
974808,30
974809,0
974810,0
974811,0
974812,0
974813,0
974814,0
974815,0
974816,20
974817,25
974818,0
974819,0
974820,23
974821,0
974822,0
974823,0
974824,0
974825,0
974826,28
974827,0
974828,0
974829,0
974830,0
974831,0
974832,33
974833,0
974834,0
974835,0
974836,0
974837,0
974838,0
974839,0
974840,0
974841,0
974842,0
974843,26
974844,0
974845,0
974846,0
974847,0
974848,0
974849,0
974850,0
974851,0
974852,0
974853,0
974854,29
974855,0
974856,0
974857,0
974858,26
974859,0
974860,0
974861,0
974862,0
974863,24
974864,0
974865,19
974866,0
974867,0
974868,0
974869,0
974870,0
974871,0
974872,22
974873,0
974874,0
974875,0
974876,0
974877,0
974878,0
974879,0
974880,0
974881,0
974882,0
974883,0
974884,0
974885,0
974886,0
974887,18
974888,0
974889,0
974890,0
974891,0
974892,0
974893,0
974894,0
974895,0
974896,0
974897,24
974898,0
974899,26
974900,22
974901,0
974902,0
974903,0
974904,0
974905,0
974906,0
974907,0
974908,0
974909,0
974910,0
974911,0
974912,0
974913,0
974914,0
974915,0
974916,0
974917,0
974918,0
974919,0
974920,0
974921,0
974922,0
974923,0
974924,21
974925,0
974926,0
974927,0
974928,0
974929,0
974930,0
974931,0
974932,0
974933,0
974934,0
974935,28
974936,0
974937,0
974938,28
974939,0
974940,0
974941,0
974942,0
974943,0
974944,28
974945,0
974946,23
974947,0
974948,0
974949,0
974950,0
974951,0
974952,20
974953,21
974954,12
974955,0
974956,0
974957,0
974958,0
974959,0
974960,0
974961,0
974962,0
974963,0
974964,0
974965,0
974966,0
974967,0
974968,0
974969,0
974970,0
974971,0
974972,0
974973,0
974974,0
974975,0
974976,0
974977,0
974978,0
974979,0
974980,16
974981,16
974982,0
974983,24
974984,0
974985,0
974986,0
974987,0
974988,0
974989,0
974990,0
974991,0
974992,0
974993,19
974994,26
974995,0
974996,0
974997,0
974998,0
974999,0
975000,0
975001,0
975002,0
975003,0
975004,0
975005,0
975006,0
975007,0
975008,0
975009,0
975010,14
975011,0
975012,0
975013,0
975014,0
975015,0
975016,0
975017,0
975018,0
975019,0
975020,0
975021,0
975022,0
975023,0
975024,0
975025,0
975026,0
975027,0
975028,15
975029,0
975030,18
975031,0
975032,22
975033,0
975034,0
975035,0
975036,0
975037,0
975038,0
975039,0
975040,0
975041,0
975042,0
975043,0
975044,0
975045,0
975046,20
975047,21
975048,0
975049,22
975050,0
975051,0
975052,0
975053,0
975054,26
975055,0
975056,0
975057,0
975058,0
975059,0
975060,0
975061,22
975062,0
975063,18
975064,0
975065,0
975066,21
975067,43
975068,15
975069,0
975070,0
975071,27
975072,0
975073,0
975074,28
975075,0
975076,0
975077,17
975078,0
975079,16
975080,0
975081,21
975082,0
975083,0
975084,18
975085,0
975086,0
975087,0
975088,18
975089,0
975090,0
975091,0
975092,0
975093,0
975094,0
975095,0
975096,0
975097,25
975098,0
975099,0
975100,0
975101,0
975102,0
975103,0
975104,34
975105,24
975106,0
975107,0
975108,0
975109,0
975110,13
975111,29
975112,0
975113,0
975114,0
975115,0
975116,24
975117,30
975118,0
975119,0
975120,0
975121,0
975122,0
975123,0
975124,0
975125,0
975126,22
975127,0
975128,34
975129,0
975130,24
975131,23
975132,0
975133,0
975134,0
975135,0
975136,0
975137,0
975138,0
975139,0
975140,0
975141,0
975142,23
975143,0
975144,12
975145,0
975146,0
975147,0
975148,0
975149,0
975150,0
975151,0
975152,0
975153,0
975154,0
975155,0
975156,0
975157,0
975158,0
975159,0
975160,19
975161,0
975162,0
975163,0
975164,0
975165,13
975166,0
975167,43
975168,0
975169,25
975170,22
975171,0
975172,0
975173,25
975174,23
975175,24
975176,20
975177,0
975178,0
975179,0
975180,0
975181,0
975182,10
975183,0
975184,0
975185,0
975186,0
975187,0
975188,19
975189,0
975190,33
975191,0
975192,0
975193,0
975194,0
975195,0
975196,0
975197,0
975198,0
975199,0
975200,16
975201,0
975202,12
975203,0
975204,0
975205,0
975206,33
975207,0
975208,0
975209,16
975210,0
975211,21
975212,0
975213,0
975214,0
975215,0
975216,0
975217,0
975218,0
975219,0
975220,0
975221,0
975222,0
975223,0
975224,0
975225,0
975226,0
975227,0
975228,0
975229,0
975230,0
975231,0
975232,0
975233,0
975234,0
975235,0
975236,13
975237,0
975238,0
975239,0
975240,0
975241,0
975242,14
975243,0
975244,0
975245,0
975246,0
975247,0
975248,0
975249,0
975250,0
975251,0
975252,0
975253,0
975254,0
975255,0
975256,0
975257,0
975258,0
975259,23
975260,0
975261,0
975262,0
975263,0
975264,0
975265,0
975266,0
975267,3
975268,0
975269,0
975270,3
975271,0
975272,0
975273,0
975274,10
975275,5
975276,0
975277,4
975278,0
975279,0
975280,0
975281,0
975282,0
975283,6
975284,0
975285,0
975286,0
975287,5
975288,0
975289,6
975290,4
975291,7
975292,0
975293,0
975294,1
975295,0
975296,0
975297,0
975298,0
975299,0
975300,0
975301,0
975302,0
975303,0
975304,0
975305,8
975306,5
975307,0
975308,0
975309,0
975310,0
975311,0
975312,0
975313,0
975314,0
975315,0
975316,0
975317,0
975318,0
975319,0
975320,0
975321,0
975322,0
975323,0
975324,0
975325,8
975326,0
975327,0
975328,0
975329,10
975330,6
975331,0
975332,0
975333,0
975334,6
975335,0
975336,5
975337,0
975338,0
975339,3
975340,0
975341,0
975342,6
975343,6
975344,0
975345,0
975346,0
975347,0
975348,11
975349,0
975350,0
975351,0
975352,0
975353,0
975354,9
975355,0
975356,0
975357,0
975358,0
975359,11
975360,0
975361,0
975362,0
975363,0
975364,0
975365,0
975366,0
975367,0
975368,2
975369,0
975370,0
975371,0
975372,0
975373,0
975374,4
975375,0
975376,0
975377,1
975378,7
975379,0
975380,0
975381,0
975382,0
975383,0
975384,0
975385,5
975386,0
975387,0
975388,6
975389,0
975390,0
975391,0
975392,7
975393,0
975394,0
975395,0
975396,8
975397,0
975398,0
975399,0
975400,0
975401,8
975402,9
975403,0
975404,0
975405,0
975406,0
975407,0
975408,0
975409,0
975410,0
975411,0
975412,0
975413,0
975414,0
975415,0
975416,3
975417,0
975418,0
975419,0
975420,7
975421,0
975422,0
975423,17
975424,0
975425,0
975426,0
975427,0
975428,0
975429,0
975430,0
975431,0
975432,0
975433,0
975434,0
975435,0
975436,0
975437,0
975438,0
975439,14
975440,0
975441,0
975442,0
975443,0
975444,0
975445,0
975446,0
975447,0
975448,0
975449,0
975450,0
975451,0
975452,0
975453,0
975454,0
975455,0
975456,0
975457,0
975458,0
975459,0
975460,0
975461,0
975462,0
975463,0
975464,0
975465,0
975466,0
975467,0
975468,0
975469,0
975470,0
975471,0
975472,0
975473,0
975474,0
975475,0
975476,0
975477,0
975478,0
975479,0
975480,0
975481,0
975482,0
975483,0
975484,0
975485,0
975486,13
975487,0
975488,0
975489,0
975490,0
975491,0
975492,0
975493,0
975494,0
975495,0
975496,0
975497,0
975498,0
975499,0
975500,0
975501,0
975502,0
975503,0
975504,0
975505,0
975506,0
975507,0
975508,0
975509,0
975510,0
975511,0
975512,0
975513,0
975514,0
975515,0
975516,0
975517,0
975518,0
975519,0
975520,0
975521,0
975522,0
975523,0
975524,0
975525,0
975526,0
975527,0
975528,0
975529,0
975530,0
975531,0
975532,0
975533,0
975534,0
975535,0
975536,21
975537,0
975538,0
975539,0
975540,0
975541,0
975542,0
975543,0
975544,22
975545,0
975546,0
975547,0
975548,0
975549,0
975550,0
975551,0
975552,0
975553,0
975554,0
975555,0
975556,0
975557,0
975558,0
975559,0
975560,0
975561,0
975562,0
975563,0
975564,0
975565,0
975566,0
975567,0
975568,0
975569,0
975570,0
975571,0
975572,0
975573,0
975574,0
975575,0
975576,0
975577,0
975578,0
975579,0
975580,0
975581,0
975582,0
975583,0
975584,0
975585,0
975586,0
975587,12
975588,0
975589,0
975590,0
975591,0
975592,0
975593,9
975594,0
975595,0
975596,0
975597,0
975598,0
975599,0
975600,0
975601,20
975602,0
975603,0
975604,0
975605,0
975606,0
975607,0
975608,0
975609,0
975610,0
975611,0
975612,0
975613,0
975614,0
975615,0
975616,0
975617,0
975618,0
975619,0
975620,0
975621,0
975622,0
975623,0
975624,0
975625,0
975626,12
975627,0
975628,0
975629,0
975630,0
975631,0
975632,0
975633,0
975634,0
975635,16
975636,0
975637,0
975638,0
975639,0
975640,0
975641,0
975642,10
975643,0
975644,0
975645,0
975646,0
975647,0
975648,0
975649,0
975650,0
975651,0
975652,0
975653,0
975654,0
975655,0
975656,0
975657,0
975658,0
975659,0
975660,0
975661,0
975662,0
975663,0
975664,12
975665,0
975666,18
975667,0
975668,0
975669,8
975670,0
975671,0
975672,0
975673,0
975674,0
975675,0
975676,0
975677,0
975678,0
975679,0
975680,0
975681,0
975682,0
975683,0
975684,0
975685,0
975686,0
975687,0
975688,0
975689,0
975690,0
975691,0
975692,0
975693,24
975694,0
975695,0
975696,0
975697,0
975698,0
975699,0
975700,0
975701,0
975702,0
975703,0
975704,0
975705,0
975706,0
975707,0
975708,0
975709,0
975710,0
975711,0
975712,0
975713,0
975714,0
975715,0
975716,0
975717,0
975718,0
975719,0
975720,0
975721,0
975722,0
975723,0
975724,14
975725,0
975726,0
975727,5
975728,0
975729,0
975730,0
975731,0
975732,0
975733,0
975734,0
975735,0
975736,0
975737,0
975738,0
975739,0
975740,0
975741,0
975742,0
975743,0
975744,0
975745,0
975746,0
975747,0
975748,0
975749,0
975750,0
975751,0
975752,0
975753,0
975754,0
975755,0
975756,0
975757,0
975758,0
975759,0
975760,0
975761,0
975762,0
975763,0
975764,0
975765,0
975766,0
975767,0
975768,0
975769,0
975770,0
975771,19
975772,0
975773,0
975774,0
975775,0
975776,0
975777,0
975778,0
975779,0
975780,0
975781,0
975782,0
975783,7
975784,0
975785,0
975786,0
975787,0
975788,0
975789,0
975790,10
975791,0
975792,0
975793,13
975794,0
975795,0
975796,0
975797,0
975798,0
975799,0
975800,0
975801,0
975802,0
975803,0
975804,0
975805,0
975806,0
975807,0
975808,0
975809,0
975810,0
975811,0
975812,0
975813,0
975814,0
975815,6
975816,0
975817,0
975818,0
975819,0
975820,0
975821,0
975822,0
975823,0
975824,0
975825,0
975826,0
975827,0
975828,0
975829,18
975830,19
975831,0
975832,0
975833,0
975834,0
975835,0
975836,0
975837,0
975838,0
975839,0
975840,0
975841,0
975842,0
975843,0
975844,0
975845,0
975846,0
975847,0
975848,0
975849,0
975850,0
975851,15
975852,0
975853,0
975854,0
975855,0
975856,0
975857,8
975858,17
975859,0
975860,0
975861,0
975862,0
975863,0
975864,0
975865,0
975866,0
975867,0
975868,0
975869,0
975870,0
975871,0
975872,0
975873,0
975874,0
975875,0
975876,0
975877,0
975878,7
975879,0
975880,0
975881,0
975882,0
975883,0
975884,0
975885,0
975886,0
975887,0
975888,0
975889,0
975890,0
975891,0
975892,0
975893,0
975894,0
975895,0
975896,0
975897,0
975898,0
975899,0
975900,0
975901,0
975902,0
975903,0
975904,0
975905,0
975906,0
975907,0
975908,0
975909,0
975910,0
975911,0
975912,0
975913,0
975914,0
975915,0
975916,0
975917,0
975918,0
975919,0
975920,0
975921,0
975922,0
975923,0
975924,0
975925,0
975926,0
975927,0
975928,0
975929,0
975930,0
975931,0
975932,0
975933,0
975934,0
975935,6
975936,0
975937,0
975938,0
975939,0
975940,0
975941,0
975942,0
975943,0
975944,0
975945,0
975946,15
975947,10
975948,0
975949,0
975950,0
975951,0
975952,0
975953,0
975954,0
975955,0
975956,0
975957,0
975958,0
975959,0
975960,0
975961,0
975962,0
975963,0
975964,0
975965,0
975966,0
975967,12
975968,0
975969,0
975970,0
975971,0
975972,0
975973,0
975974,0
975975,0
975976,14
975977,20
975978,0
975979,0
975980,12
975981,0
975982,16
975983,0
975984,0
975985,0
975986,0
975987,0
975988,12
975989,0
975990,0
975991,0
975992,0
975993,0
975994,21
975995,0
975996,0
975997,0
975998,0
975999,0
976000,0
976001,0
976002,0
976003,0
976004,0
976005,16
976006,0
976007,0
976008,0
976009,0
976010,0
976011,0
976012,0
976013,0
976014,0
976015,25
976016,14
976017,14
976018,0
976019,0
976020,0
976021,14
976022,0
976023,0
976024,14
976025,0
976026,0
976027,0
976028,0
976029,0
976030,25
976031,11
976032,0
976033,0
976034,0
976035,0
976036,0
976037,0
976038,22
976039,0
976040,0
976041,16
976042,23
976043,0
976044,0
976045,0
976046,0
976047,0
976048,0
976049,0
976050,0
976051,0
976052,0
976053,0
976054,0
976055,0
976056,0
976057,0
976058,0
976059,16
976060,20
976061,0
976062,8
976063,0
976064,8
976065,16
976066,0
976067,0
976068,0
976069,7
976070,0
976071,0
976072,0
976073,0
976074,0
976075,0
976076,0
976077,0
976078,0
976079,10
976080,0
976081,0
976082,0
976083,0
976084,17
976085,0
976086,0
976087,8
976088,0
976089,10
976090,18
976091,0
976092,0
976093,0
976094,0
976095,0
976096,0
976097,0
976098,0
976099,0
976100,8
976101,0
976102,0
976103,14
976104,0
976105,0
976106,0
976107,0
976108,0
976109,0
976110,0
976111,0
976112,10
976113,0
976114,0
976115,0
976116,25
976117,0
976118,0
976119,0
976120,0
976121,0
976122,14
976123,0
976124,20
976125,0
976126,0
976127,18
976128,0
976129,0
976130,0
976131,0
976132,11
976133,0
976134,0
976135,0
976136,0
976137,0
976138,0
976139,0
976140,15
976141,11
976142,0
976143,0
976144,18
976145,0
976146,0
976147,0
976148,0
976149,0
976150,13
976151,0
976152,0
976153,0
976154,0
976155,11
976156,0
976157,13
976158,12
976159,0
976160,0
976161,0
976162,0
976163,0
976164,17
976165,0
976166,0
976167,0
976168,0
976169,24
976170,0
976171,0
976172,0
976173,0
976174,0
976175,16
976176,21
976177,0
976178,0
976179,0
976180,0
976181,0
976182,0
976183,0
976184,14
976185,0
976186,0
976187,0
976188,0
976189,17
976190,11
976191,0
976192,0
976193,0
976194,0
976195,10
976196,0
976197,0
976198,0
976199,0
976200,0
976201,0
976202,0
976203,0
976204,0
976205,0
976206,0
976207,0
976208,0
976209,0
976210,0
976211,0
976212,0
976213,14
976214,7
976215,0
976216,20
976217,0
976218,0
976219,0
976220,14
976221,0
976222,0
976223,0
976224,0
976225,0
976226,0
976227,0
976228,0
976229,0
976230,0
976231,0
976232,0
976233,12
976234,0
976235,0
976236,0
976237,15
976238,0
976239,0
976240,0
976241,0
976242,11
976243,0
976244,0
976245,0
976246,0
976247,0
976248,14
976249,15
976250,0
976251,0
976252,0
976253,0
976254,0
976255,0
976256,0
976257,0
976258,0
976259,0
976260,0
976261,0
976262,0
976263,0
976264,0
976265,0
976266,0
976267,0
976268,0
976269,0
976270,0
976271,34
976272,0
976273,0
976274,0
976275,0
976276,0
976277,0
976278,0
976279,0
976280,0
976281,0
976282,0
976283,0
976284,0
976285,0
976286,0
976287,0
976288,0
976289,0
976290,0
976291,51
976292,0
976293,0
976294,0
976295,0
976296,0
976297,0
976298,0
976299,0
976300,0
976301,0
976302,0
976303,0
976304,0
976305,0
976306,0
976307,0
976308,0
976309,0
976310,0
976311,0
976312,0
976313,0
976314,0
976315,0
976316,0
976317,0
976318,0
976319,0
976320,0
976321,0
976322,0
976323,0
976324,0
976325,0
976326,0
976327,0
976328,0
976329,0
976330,0
976331,0
976332,0
976333,0
976334,0
976335,0
976336,0
976337,41
976338,0
976339,0
976340,0
976341,0
976342,0
976343,0
976344,0
976345,0
976346,0
976347,0
976348,0
976349,0
976350,0
976351,0
976352,0
976353,0
976354,0
976355,0
976356,32
976357,0
976358,0
976359,0
976360,0
976361,0
976362,0
976363,0
976364,0
976365,0
976366,0
976367,0
976368,0
976369,0
976370,0
976371,0
976372,0
976373,0
976374,0
976375,0
976376,0
976377,0
976378,0
976379,0
976380,0
976381,0
976382,0
976383,0
976384,0
976385,0
976386,0
976387,0
976388,0
976389,0
976390,0
976391,0
976392,0
976393,0
976394,0
976395,0
976396,0
976397,0
976398,0
976399,0
976400,0
976401,0
976402,0
976403,0
976404,0
976405,0
976406,0
976407,0
976408,0
976409,0
976410,36
976411,0
976412,0
976413,0
976414,0
976415,0
976416,0
976417,0
976418,0
976419,0
976420,0
976421,0
976422,0
976423,0
976424,49
976425,0
976426,0
976427,0
976428,0
976429,0
976430,0
976431,0
976432,0
976433,0
976434,0
976435,0
976436,0
976437,0
976438,0
976439,0
976440,0
976441,0
976442,0
976443,0
976444,0
976445,0
976446,0
976447,0
976448,0
976449,0
976450,0
976451,0
976452,0
976453,0
976454,0
976455,0
976456,0
976457,0
976458,0
976459,0
976460,0
976461,53
976462,0
976463,0
976464,0
976465,0
976466,39
976467,0
976468,0
976469,42
976470,0
976471,0
976472,0
976473,0
976474,0
976475,0
976476,0
976477,0
976478,0
976479,0
976480,0
976481,0
976482,0
976483,0
976484,0
976485,0
976486,0
976487,0
976488,0
976489,0
976490,0
976491,0
976492,0
976493,0
976494,0
976495,0
976496,31
976497,0
976498,0
976499,0
976500,0
976501,0
976502,39
976503,0
976504,0
976505,0
976506,54
976507,0
976508,0
976509,0
976510,0
976511,0
976512,0
976513,0
976514,0
976515,0
976516,0
976517,0
976518,0
976519,0
976520,0
976521,0
976522,0
976523,0
976524,0
976525,0
976526,0
976527,0
976528,0
976529,0
976530,0
976531,0
976532,0
976533,0
976534,0
976535,0
976536,0
976537,0
976538,0
976539,0
976540,0
976541,0
976542,40
976543,0
976544,0
976545,0
976546,0
976547,0
976548,0
976549,0
976550,0
976551,36
976552,0
976553,0
976554,0
976555,0
976556,0
976557,0
976558,0
976559,0
976560,0
976561,0
976562,0
976563,0
976564,0
976565,0
976566,0
976567,0
976568,0
976569,0
976570,0
976571,0
976572,0
976573,0
976574,0
976575,0
976576,0
976577,0
976578,0
976579,0
976580,0
976581,0
976582,0
976583,0
976584,36
976585,0
976586,0
976587,0
976588,0
976589,0
976590,0
976591,0
976592,0
976593,0
976594,0
976595,0
976596,0
976597,0
976598,0
976599,0
976600,35
976601,0
976602,0
976603,0
976604,0
976605,0
976606,0
976607,0
976608,0
976609,0
976610,0
976611,0
976612,0
976613,0
976614,0
976615,0
976616,0
976617,0
976618,0
976619,0
976620,0
976621,0
976622,0
976623,0
976624,0
976625,48
976626,0
976627,0
976628,0
976629,0
976630,0
976631,0
976632,0
976633,0
976634,0
976635,0
976636,0
976637,0
976638,0
976639,0
976640,44
976641,0
976642,0
976643,0
976644,0
976645,0
976646,0
976647,0
976648,0
976649,0
976650,0
976651,0
976652,66
976653,0
976654,0
976655,0
976656,0
976657,0
976658,0
976659,0
976660,0
976661,0
976662,0
976663,0
976664,0
976665,0
976666,0
976667,0
976668,0
976669,0
976670,0
976671,0
976672,0
976673,0
976674,0
976675,0
976676,0
976677,0
976678,0
976679,0
976680,0
976681,64
976682,0
976683,0
976684,0
976685,0
976686,0
976687,0
976688,0
976689,0
976690,0
976691,0
976692,0
976693,0
976694,0
976695,0
976696,25
976697,0
976698,0
976699,0
976700,0
976701,0
976702,0
976703,0
976704,0
976705,0
976706,0
976707,0
976708,0
976709,0
976710,0
976711,0
976712,0
976713,0
976714,0
976715,0
976716,0
976717,0
976718,0
976719,0
976720,0
976721,0
976722,0
976723,0
976724,0
976725,0
976726,0
976727,0
976728,0
976729,0
976730,0
976731,0
976732,0
976733,0
976734,0
976735,0
976736,0
976737,0
976738,0
976739,33
976740,0
976741,0
976742,0
976743,0
976744,0
976745,0
976746,0
976747,0
976748,0
976749,0
976750,0
976751,0
976752,0
976753,0
976754,0
976755,0
976756,0
976757,0
976758,0
976759,0
976760,0
976761,0
976762,0
976763,0
976764,0
976765,0
976766,0
976767,0
976768,0
976769,0
976770,0
976771,0
976772,0
976773,0
976774,0
976775,0
976776,0
976777,0
976778,0
976779,0
976780,0
976781,0
976782,0
976783,33
976784,0
976785,0
976786,42
976787,0
976788,0
976789,0
976790,0
976791,0
976792,0
976793,0
976794,30
976795,0
976796,0
976797,0
976798,0
976799,0
976800,36
976801,0
976802,0
976803,39
976804,0
976805,0
976806,0
976807,0
976808,0
976809,0
976810,0
976811,0
976812,0
976813,0
976814,0
976815,0
976816,0
976817,0
976818,0
976819,0
976820,0
976821,0
976822,0
976823,0
976824,0
976825,0
976826,0
976827,0
976828,53
976829,0
976830,0
976831,0
976832,0
976833,0
976834,0
976835,0
976836,0
976837,0
976838,0
976839,0
976840,0
976841,0
976842,0
976843,0
976844,0
976845,0
976846,0
976847,0
976848,0
976849,0
976850,0
976851,38
976852,0
976853,0
976854,0
976855,0
976856,0
976857,0
976858,0
976859,0
976860,0
976861,0
976862,0
976863,0
976864,0
976865,0
976866,0
976867,0
976868,0
976869,0
976870,0
976871,0
976872,0
976873,0
976874,0
976875,0
976876,0
976877,0
976878,0
976879,0
976880,40
976881,47
976882,0
976883,0
976884,0
976885,0
976886,0
976887,0
976888,0
976889,0
976890,0
976891,0
976892,0
976893,0
976894,0
976895,28
976896,0
976897,0
976898,0
976899,0
976900,0
976901,0
976902,0
976903,0
976904,0
976905,0
976906,0
976907,0
976908,0
976909,0
976910,0
976911,0
976912,0
976913,0
976914,0
976915,0
976916,0
976917,0
976918,0
976919,0
976920,0
976921,0
976922,0
976923,0
976924,0
976925,0
976926,0
976927,0
976928,0
976929,0
976930,0
976931,0
976932,0
976933,0
976934,0
976935,0
976936,0
976937,0
976938,0
976939,0
976940,0
976941,0
976942,0
976943,0
976944,0
976945,0
976946,0
976947,0
976948,0
976949,0
976950,0
976951,0
976952,0
976953,0
976954,0
976955,0
976956,0
976957,0
976958,0
976959,0
976960,0
976961,0
976962,0
976963,0
976964,0
976965,0
976966,0
976967,0
976968,0
976969,0
976970,0
976971,0
976972,0
976973,0
976974,0
976975,0
976976,0
976977,0
976978,0
976979,0
976980,0
976981,0
976982,0
976983,0
976984,0
976985,0
976986,0
976987,0
976988,0
976989,0
976990,0
976991,0
976992,0
976993,0
976994,0
976995,0
976996,0
976997,35
976998,0
976999,0
977000,0
977001,0
977002,0
977003,0
977004,0
977005,0
977006,0
977007,0
977008,0
977009,0
977010,0
977011,0
977012,0
977013,0
977014,0
977015,0
977016,0
977017,0
977018,0
977019,0
977020,0
977021,0
977022,0
977023,0
977024,0
977025,41
977026,0
977027,0
977028,0
977029,0
977030,0
977031,0
977032,0
977033,0
977034,0
977035,0
977036,0
977037,0
977038,0
977039,0
977040,0
977041,0
977042,0
977043,0
977044,0
977045,0
977046,0
977047,0
977048,0
977049,0
977050,29
977051,0
977052,47
977053,0
977054,0
977055,0
977056,0
977057,48
977058,0
977059,0
977060,0
977061,0
977062,0
977063,0
977064,0
977065,0
977066,0
977067,0
977068,0
977069,0
977070,0
977071,0
977072,0
977073,0
977074,0
977075,0
977076,0
977077,0
977078,0
977079,0
977080,0
977081,0
977082,0
977083,0
977084,0
977085,32
977086,0
977087,0
977088,0
977089,0
977090,0
977091,0
977092,0
977093,0
977094,0
977095,0
977096,0
977097,0
977098,0
977099,0
977100,0
977101,0
977102,0
977103,0
977104,0
977105,0
977106,0
977107,0
977108,0
977109,0
977110,0
977111,0
977112,0
977113,0
977114,0
977115,0
977116,0
977117,0
977118,0
977119,0
977120,0
977121,0
977122,0
977123,0
977124,0
977125,0
977126,0
977127,0
977128,0
977129,0
977130,0
977131,0
977132,0
977133,0
977134,0
977135,0
977136,0
977137,0
977138,0
977139,0
977140,0
977141,0
977142,0
977143,0
977144,30
977145,0
977146,0
977147,0
977148,35
977149,0
977150,0
977151,0
977152,0
977153,38
977154,0
977155,0
977156,18
977157,0
977158,0
977159,0
977160,0
977161,33
977162,0
977163,0
977164,0
977165,23
977166,0
977167,0
977168,0
977169,22
977170,0
977171,0
977172,0
977173,0
977174,0
977175,0
977176,0
977177,0
977178,28
977179,25
977180,0
977181,0
977182,28
977183,0
977184,0
977185,0
977186,0
977187,0
977188,0
977189,0
977190,32
977191,0
977192,0
977193,0
977194,32
977195,0
977196,0
977197,0
977198,0
977199,0
977200,0
977201,0
977202,0
977203,0
977204,0
977205,0
977206,33
977207,0
977208,0
977209,15
977210,0
977211,0
977212,0
977213,0
977214,0
977215,32
977216,0
977217,0
977218,0
977219,0
977220,0
977221,0
977222,0
977223,0
977224,0
977225,0
977226,0
977227,0
977228,0
977229,0
977230,0
977231,0
977232,0
977233,0
977234,0
977235,16
977236,0
977237,0
977238,0
977239,0
977240,0
977241,0
977242,0
977243,0
977244,0
977245,0
977246,0
977247,0
977248,0
977249,0
977250,0
977251,44
977252,0
977253,0
977254,0
977255,0
977256,0
977257,0
977258,0
977259,0
977260,0
977261,0
977262,0
977263,27
977264,0
977265,0
977266,0
977267,0
977268,0
977269,0
977270,0
977271,0
977272,0
977273,31
977274,0
977275,0
977276,0
977277,0
977278,32
977279,0
977280,0
977281,0
977282,47
977283,0
977284,0
977285,0
977286,19
977287,0
977288,0
977289,0
977290,0
977291,36
977292,0
977293,0
977294,0
977295,0
977296,0
977297,0
977298,0
977299,0
977300,0
977301,24
977302,22
977303,0
977304,0
977305,0
977306,22
977307,0
977308,37
977309,0
977310,0
977311,0
977312,0
977313,0
977314,0
977315,0
977316,0
977317,0
977318,0
977319,0
977320,0
977321,0
977322,0
977323,0
977324,0
977325,0
977326,0
977327,0
977328,0
977329,0
977330,0
977331,0
977332,0
977333,0
977334,0
977335,36
977336,0
977337,29
977338,0
977339,0
977340,0
977341,0
977342,0
977343,0
977344,0
977345,0
977346,0
977347,0
977348,34
977349,0
977350,0
977351,0
977352,0
977353,0
977354,0
977355,0
977356,0
977357,0
977358,0
977359,0
977360,0
977361,0
977362,0
977363,0
977364,0
977365,0
977366,0
977367,0
977368,0
977369,0
977370,0
977371,0
977372,0
977373,26
977374,0
977375,0
977376,0
977377,0
977378,0
977379,0
977380,0
977381,0
977382,0
977383,0
977384,0
977385,0
977386,0
977387,14
977388,0
977389,0
977390,0
977391,0
977392,0
977393,0
977394,0
977395,26
977396,24
977397,0
977398,0
977399,0
977400,0
977401,0
977402,0
977403,0
977404,0
977405,39
977406,0
977407,0
977408,0
977409,0
977410,0
977411,37
977412,0
977413,0
977414,29
977415,0
977416,0
977417,0
977418,0
977419,0
977420,0
977421,0
977422,0
977423,29
977424,0
977425,0
977426,0
977427,0
977428,0
977429,0
977430,0
977431,0
977432,0
977433,0
977434,38
977435,42
977436,37
977437,0
977438,0
977439,0
977440,0
977441,0
977442,25
977443,0
977444,0
977445,0
977446,0
977447,0
977448,0
977449,0
977450,0
977451,0
977452,25
977453,0
977454,0
977455,0
977456,0
977457,0
977458,0
977459,0
977460,0
977461,0
977462,0
977463,0
977464,0
977465,0
977466,0
977467,0
977468,0
977469,0
977470,35
977471,0
977472,0
977473,0
977474,0
977475,0
977476,29
977477,0
977478,0
977479,0
977480,0
977481,0
977482,37
977483,0
977484,0
977485,0
977486,0
977487,0
977488,0
977489,0
977490,0
977491,19
977492,0
977493,44
977494,0
977495,0
977496,0
977497,0
977498,0
977499,0
977500,36
977501,41
977502,0
977503,0
977504,0
977505,0
977506,0
977507,0
977508,0
977509,0
977510,0
977511,0
977512,0
977513,43
977514,0
977515,39
977516,0
977517,0
977518,0
977519,23
977520,0
977521,0
977522,41
977523,0
977524,0
977525,0
977526,0
977527,0
977528,0
977529,0
977530,36
977531,0
977532,26
977533,0
977534,0
977535,0
977536,28
977537,0
977538,38
977539,0
977540,0
977541,0
977542,0
977543,0
977544,0
977545,0
977546,0
977547,0
977548,0
977549,0
977550,36
977551,38
977552,0
977553,0
977554,0
977555,0
977556,0
977557,0
977558,30
977559,0
977560,0
977561,0
977562,0
977563,0
977564,14
977565,0
977566,0
977567,0
977568,34
977569,40
977570,0
977571,47
977572,0
977573,0
977574,28
977575,35
977576,23
977577,0
977578,31
977579,0
977580,0
977581,0
977582,0
977583,29
977584,0
977585,0
977586,26
977587,30
977588,0
977589,0
977590,0
977591,0
977592,0
977593,0
977594,0
977595,0
977596,0
977597,0
977598,40
977599,33
977600,0
977601,0
977602,0
977603,0
977604,0
977605,32
977606,0
977607,28
977608,0
977609,42
977610,0
977611,35
977612,0
977613,0
977614,23
977615,0
977616,49
977617,0
977618,0
977619,0
977620,0
977621,0
977622,31
977623,29
977624,0
977625,0
977626,30
977627,0
977628,0
977629,0
977630,0
977631,0
977632,0
977633,0
977634,0
977635,0
977636,0
977637,0
977638,34
977639,0
977640,0
977641,0
977642,0
977643,0
977644,32
977645,40
977646,0
977647,0
977648,0
977649,0
977650,0
977651,0
977652,0
977653,0
977654,0
977655,0
977656,28
977657,0
977658,0
977659,0
977660,30
977661,0
977662,0
977663,45
977664,28
977665,0
977666,0
977667,0
977668,53
977669,51
977670,0
977671,0
977672,33
977673,0
977674,0
977675,0
977676,0
977677,0
977678,28
977679,0
977680,0
977681,40
977682,34
977683,29
977684,0
977685,0
977686,0
977687,29
977688,0
977689,0
977690,0
977691,0
977692,0
977693,0
977694,0
977695,0
977696,62
977697,0
977698,35
977699,0
977700,0
977701,0
977702,0
977703,25
977704,0
977705,0
977706,0
977707,20
977708,0
977709,0
977710,0
977711,0
977712,0
977713,0
977714,0
977715,0
977716,0
977717,0
977718,0
977719,0
977720,0
977721,0
977722,0
977723,0
977724,35
977725,0
977726,28
977727,0
977728,0
977729,0
977730,0
977731,0
977732,0
977733,0
977734,0
977735,0
977736,0
977737,0
977738,0
977739,0
977740,0
977741,0
977742,36
977743,27
977744,0
977745,0
977746,0
977747,0
977748,0
977749,0
977750,0
977751,0
977752,0
977753,0
977754,0
977755,0
977756,0
977757,0
977758,0
977759,43
977760,35
977761,29
977762,0
977763,26
977764,0
977765,0
977766,0
977767,0
977768,26
977769,0
977770,0
977771,0
977772,0
977773,37
977774,30
977775,0
977776,0
977777,0
977778,0
977779,0
977780,0
977781,0
977782,0
977783,0
977784,0
977785,22
977786,0
977787,52
977788,0
977789,0
977790,0
977791,23
977792,0
977793,0
977794,0
977795,31
977796,0
977797,0
977798,0
977799,0
977800,24
977801,40
977802,0
977803,32
977804,0
977805,31
977806,0
977807,0
977808,0
977809,0
977810,0
977811,0
977812,0
977813,0
977814,0
977815,0
977816,29
977817,0
977818,0
977819,0
977820,0
977821,0
977822,0
977823,48
977824,0
977825,0
977826,0
977827,23
977828,28
977829,0
977830,0
977831,0
977832,0
977833,0
977834,24
977835,29
977836,0
977837,0
977838,0
977839,0
977840,36
977841,0
977842,0
977843,0
977844,42
977845,0
977846,0
977847,0
977848,51
977849,24
977850,0
977851,0
977852,0
977853,0
977854,0
977855,47
977856,0
977857,0
977858,0
977859,0
977860,0
977861,39
977862,38
977863,0
977864,0
977865,0
977866,34
977867,0
977868,0
977869,35
977870,0
977871,0
977872,0
977873,0
977874,0
977875,0
977876,0
977877,38
977878,0
977879,0
977880,0
977881,0
977882,0
977883,41
977884,0
977885,0
977886,32
977887,0
977888,41
977889,0
977890,40
977891,39
977892,0
977893,0
977894,0
977895,0
977896,49
977897,0
977898,0
977899,0
977900,0
977901,35
977902,0
977903,0
977904,0
977905,0
977906,0
977907,0
977908,0
977909,0
977910,0
977911,38
977912,0
977913,0
977914,0
977915,0
977916,0
977917,33
977918,0
977919,34
977920,0
977921,0
977922,0
977923,0
977924,0
977925,0
977926,0
977927,24
977928,0
977929,0
977930,0
977931,0
977932,38
977933,0
977934,0
977935,0
977936,41
977937,0
977938,0
977939,0
977940,45
977941,0
977942,0
977943,0
977944,46
977945,0
977946,0
977947,0
977948,0
977949,0
977950,34
977951,0
977952,0
977953,0
977954,0
977955,0
977956,26
977957,39
977958,0
977959,0
977960,0
977961,38
977962,0
977963,0
977964,0
977965,0
977966,0
977967,0
977968,50
977969,0
977970,39
977971,0
977972,0
977973,0
977974,0
977975,0
977976,27
977977,0
977978,0
977979,0
977980,37
977981,0
977982,18
977983,0
977984,0
977985,0
977986,0
977987,48
977988,0
977989,0
977990,0
977991,0
977992,0
977993,0
977994,0
977995,0
977996,0
977997,36
977998,0
977999,0
978000,38
978001,21
978002,43
978003,0
978004,0
978005,0
978006,0
978007,0
978008,22
978009,30
978010,0
978011,0
978012,0
978013,0
978014,20
978015,36
978016,0
978017,0
978018,0
978019,43
978020,0
978021,0
978022,0
978023,0
978024,0
978025,0
978026,39
978027,31
978028,0
978029,0
978030,0
978031,0
978032,0
978033,0
978034,0
978035,42
978036,0
978037,0
978038,0
978039,0
978040,0
978041,0
978042,0
978043,0
978044,0
978045,0
978046,0
978047,0
978048,0
978049,0
978050,0
978051,0
978052,0
978053,0
978054,0
978055,0
978056,0
978057,0
978058,0
978059,0
978060,0
978061,34
978062,0
978063,0
978064,0
978065,0
978066,0
978067,0
978068,0
978069,0
978070,0
978071,0
978072,0
978073,0
978074,0
978075,0
978076,0
978077,0
978078,0
978079,0
978080,36
978081,0
978082,29
978083,39
978084,0
978085,0
978086,0
978087,16
978088,0
978089,0
978090,0
978091,0
978092,0
978093,42
978094,0
978095,0
978096,0
978097,0
978098,0
978099,0
978100,0
978101,0
978102,0
978103,0
978104,0
978105,0
978106,0
978107,0
978108,0
978109,0
978110,0
978111,27
978112,0
978113,0
978114,0
978115,0
978116,0
978117,16
978118,0
978119,0
978120,0
978121,0
978122,0
978123,0
978124,0
978125,0
978126,0
978127,0
978128,0
978129,0
978130,0
978131,0
978132,0
978133,0
978134,0
978135,0
978136,0
978137,0
978138,0
978139,0
978140,0
978141,0
978142,0
978143,21
978144,24
978145,0
978146,0
978147,30
978148,0
978149,0
978150,0
978151,29
978152,0
978153,0
978154,0
978155,0
978156,0
978157,0
978158,0
978159,0
978160,0
978161,0
978162,0
978163,0
978164,0
978165,0
978166,0
978167,0
978168,0
978169,0
978170,0
978171,0
978172,0
978173,0
978174,30
978175,0
978176,0
978177,0
978178,0
978179,0
978180,0
978181,0
978182,0
978183,0
978184,0
978185,0
978186,0
978187,0
978188,0
978189,0
978190,0
978191,0
978192,0
978193,0
978194,0
978195,0
978196,0
978197,0
978198,0
978199,0
978200,0
978201,0
978202,0
978203,0
978204,0
978205,0
978206,0
978207,0
978208,0
978209,0
978210,0
978211,0
978212,0
978213,0
978214,0
978215,0
978216,0
978217,0
978218,0
978219,0
978220,0
978221,0
978222,0
978223,0
978224,0
978225,0
978226,0
978227,0
978228,0
978229,0
978230,24
978231,0
978232,0
978233,0
978234,0
978235,0
978236,0
978237,0
978238,0
978239,0
978240,0
978241,0
978242,0
978243,0
978244,0
978245,0
978246,0
978247,0
978248,0
978249,0
978250,0
978251,0
978252,0
978253,0
978254,0
978255,0
978256,0
978257,0
978258,0
978259,0
978260,0
978261,0
978262,0
978263,0
978264,0
978265,0
978266,0
978267,0
978268,0
978269,0
978270,0
978271,0
978272,0
978273,23
978274,0
978275,0
978276,0
978277,0
978278,37
978279,0
978280,0
978281,0
978282,0
978283,0
978284,0
978285,0
978286,24
978287,0
978288,19
978289,0
978290,0
978291,0
978292,0
978293,38
978294,0
978295,0
978296,0
978297,30
978298,0
978299,35
978300,23
978301,0
978302,0
978303,0
978304,0
978305,0
978306,0
978307,0
978308,0
978309,0
978310,0
978311,0
978312,0
978313,0
978314,0
978315,25
978316,0
978317,0
978318,0
978319,0
978320,0
978321,0
978322,0
978323,0
978324,0
978325,0
978326,0
978327,0
978328,0
978329,0
978330,0
978331,0
978332,0
978333,0
978334,0
978335,0
978336,0
978337,0
978338,0
978339,0
978340,0
978341,0
978342,0
978343,0
978344,0
978345,19
978346,0
978347,0
978348,12
978349,25
978350,0
978351,0
978352,24
978353,0
978354,18
978355,0
978356,0
978357,0
978358,0
978359,0
978360,0
978361,0
978362,33
978363,0
978364,0
978365,0
978366,0
978367,0
978368,10
978369,36
978370,0
978371,28
978372,0
978373,0
978374,0
978375,0
978376,0
978377,0
978378,0
978379,0
978380,0
978381,0
978382,0
978383,23
978384,0
978385,0
978386,0
978387,0
978388,0
978389,0
978390,0
978391,0
978392,34
978393,0
978394,0
978395,0
978396,0
978397,0
978398,0
978399,28
978400,19
978401,0
978402,0
978403,0
978404,0
978405,0
978406,19
978407,0
978408,0
978409,0
978410,0
978411,0
978412,23
978413,0
978414,35
978415,24
978416,0
978417,0
978418,0
978419,0
978420,27
978421,31
978422,30
978423,0
978424,0
978425,0
978426,0
978427,35
978428,0
978429,22
978430,0
978431,0
978432,16
978433,0
978434,0
978435,0
978436,0
978437,12
978438,23
978439,29
978440,0
978441,0
978442,0
978443,0
978444,27
978445,30
978446,0
978447,0
978448,0
978449,26
978450,0
978451,0
978452,0
978453,0
978454,16
978455,0
978456,0
978457,0
978458,0
978459,0
978460,0
978461,0
978462,0
978463,0
978464,0
978465,0
978466,21
978467,0
978468,0
978469,0
978470,0
978471,0
978472,0
978473,20
978474,20
978475,29
978476,0
978477,0
978478,0
978479,39
978480,0
978481,0
978482,0
978483,0
978484,16
978485,0
978486,0
978487,0
978488,22
978489,13
978490,0
978491,0
978492,0
978493,0
978494,0
978495,17
978496,0
978497,0
978498,0
978499,0
978500,0
978501,27
978502,0
978503,0
978504,34
978505,0
978506,0
978507,0
978508,17
978509,0
978510,0
978511,0
978512,0
978513,0
978514,0
978515,0
978516,0
978517,0
978518,0
978519,0
978520,0
978521,0
978522,0
978523,0
978524,0
978525,0
978526,0
978527,26
978528,0
978529,25
978530,0
978531,0
978532,31
978533,0
978534,0
978535,0
978536,0
978537,0
978538,0
978539,0
978540,24
978541,0
978542,0
978543,0
978544,24
978545,0
978546,0
978547,0
978548,0
978549,0
978550,0
978551,0
978552,0
978553,0
978554,0
978555,0
978556,0
978557,0
978558,0
978559,33
978560,18
978561,32
978562,0
978563,0
978564,0
978565,0
978566,0
978567,0
978568,0
978569,16
978570,0
978571,0
978572,0
978573,25
978574,0
978575,0
978576,0
978577,0
978578,0
978579,21
978580,0
978581,0
978582,0
978583,27
978584,0
978585,25
978586,0
978587,0
978588,0
978589,0
978590,25
978591,0
978592,0
978593,0
978594,0
978595,37
978596,0
978597,0
978598,0
978599,41
978600,0
978601,0
978602,0
978603,0
978604,20
978605,21
978606,16
978607,0
978608,0
978609,0
978610,0
978611,0
978612,0
978613,23
978614,0
978615,26
978616,0
978617,0
978618,0
978619,17
978620,23
978621,0
978622,0
978623,22
978624,0
978625,11
978626,0
978627,0
978628,29
978629,0
978630,23
978631,0
978632,0
978633,0
978634,0
978635,0
978636,0
978637,0
978638,24
978639,0
978640,0
978641,0
978642,0
978643,27
978644,0
978645,22
978646,0
978647,0
978648,28
978649,0
978650,13
978651,0
978652,0
978653,0
978654,0
978655,0
978656,0
978657,35
978658,0
978659,0
978660,0
978661,27
978662,0
978663,0
978664,0
978665,0
978666,0
978667,0
978668,0
978669,0
978670,28
978671,0
978672,0
978673,36
978674,0
978675,0
978676,0
978677,0
978678,0
978679,0
978680,0
978681,0
978682,0
978683,0
978684,31
978685,25
978686,0
978687,22
978688,0
978689,0
978690,0
978691,0
978692,0
978693,29
978694,0
978695,24
978696,0
978697,0
978698,0
978699,20
978700,0
978701,0
978702,0
978703,0
978704,0
978705,0
978706,0
978707,0
978708,26
978709,0
978710,32
978711,0
978712,0
978713,22
978714,0
978715,0
978716,0
978717,0
978718,25
978719,0
978720,0
978721,0
978722,0
978723,0
978724,0
978725,0
978726,0
978727,35
978728,15
978729,0
978730,0
978731,0
978732,30
978733,0
978734,33
978735,0
978736,0
978737,26
978738,0
978739,0
978740,13
978741,0
978742,26
978743,0
978744,0
978745,31
978746,0
978747,17
978748,0
978749,24
978750,0
978751,0
978752,0
978753,35
978754,0
978755,0
978756,11
978757,0
978758,0
978759,0
978760,0
978761,0
978762,34
978763,34
978764,0
978765,0
978766,0
978767,18
978768,0
978769,0
978770,0
978771,24
978772,0
978773,0
978774,0
978775,0
978776,0
978777,0
978778,31
978779,0
978780,0
978781,22
978782,0
978783,30
978784,0
978785,0
978786,19
978787,0
978788,0
978789,28
978790,0
978791,26
978792,0
978793,0
978794,0
978795,0
978796,0
978797,0
978798,0
978799,0
978800,0
978801,0
978802,29
978803,0
978804,0
978805,0
978806,0
978807,19
978808,14
978809,0
978810,0
978811,0
978812,0
978813,0
978814,0
978815,0
978816,38
978817,0
978818,18
978819,0
978820,26
978821,0
978822,0
978823,26
978824,0
978825,0
978826,25
978827,0
978828,20
978829,0
978830,29
978831,0
978832,0
978833,0
978834,0
978835,0
978836,26
978837,16
978838,30
978839,28
978840,31
978841,0
978842,0
978843,30
978844,23
978845,0
978846,0
978847,0
978848,0
978849,17
978850,0
978851,0
978852,0
978853,0
978854,0
978855,0
978856,28
978857,0
978858,0
978859,0
978860,0
978861,0
978862,0
978863,0
978864,0
978865,0
978866,0
978867,22
978868,0
978869,0
978870,0
978871,0
978872,0
978873,32
978874,0
978875,0
978876,0
978877,0
978878,0
978879,0
978880,0
978881,29
978882,0
978883,0
978884,0
978885,0
978886,26
978887,0
978888,0
978889,0
978890,30
978891,0
978892,0
978893,0
978894,0
978895,0
978896,20
978897,0
978898,0
978899,21
978900,0
978901,0
978902,30
978903,0
978904,0
978905,0
978906,0
978907,0
978908,0
978909,0
978910,0
978911,28
978912,0
978913,31
978914,0
978915,0
978916,0
978917,0
978918,0
978919,0
978920,0
978921,0
978922,0
978923,0
978924,25
978925,0
978926,0
978927,0
978928,0
978929,0
978930,19
978931,19
978932,0
978933,22
978934,17
978935,0
978936,20
978937,0
978938,23
978939,20
978940,19
978941,0
978942,28
978943,34
978944,29
978945,0
978946,0
978947,0
978948,0
978949,0
978950,0
978951,0
978952,0
978953,0
978954,18
978955,0
978956,0
978957,0
978958,0
978959,0
978960,0
978961,0
978962,0
978963,0
978964,0
978965,0
978966,0
978967,21
978968,32
978969,0
978970,0
978971,0
978972,20
978973,0
978974,0
978975,10
978976,0
978977,31
978978,0
978979,28
978980,0
978981,0
978982,0
978983,21
978984,0
978985,0
978986,0
978987,0
978988,24
978989,0
978990,27
978991,0
978992,0
978993,36
978994,0
978995,0
978996,0
978997,0
978998,28
978999,0
979000,38
979001,0
979002,0
979003,0
979004,26
979005,0
979006,0
979007,0
979008,21
979009,35
979010,0
979011,0
979012,0
979013,18
979014,22
979015,23
979016,0
979017,34
979018,17
979019,0
979020,0
979021,0
979022,0
979023,0
979024,0
979025,0
979026,0
979027,0
979028,0
979029,18
979030,0
979031,0
979032,0
979033,0
979034,20
979035,0
979036,0
979037,25
979038,16
979039,0
979040,0
979041,0
979042,0
979043,0
979044,0
979045,0
979046,0
979047,0
979048,23
979049,0
979050,26
979051,0
979052,0
979053,28
979054,0
979055,25
979056,0
979057,0
979058,0
979059,19
979060,0
979061,0
979062,0
979063,0
979064,0
979065,0
979066,0
979067,0
979068,0
979069,0
979070,0
979071,0
979072,12
979073,0
979074,0
979075,0
979076,0
979077,0
979078,0
979079,27
979080,0
979081,0
979082,0
979083,0
979084,0
979085,0
979086,0
979087,31
979088,0
979089,0
979090,0
979091,0
979092,0
979093,0
979094,0
979095,0
979096,0
979097,22
979098,0
979099,0
979100,0
979101,0
979102,0
979103,0
979104,21
979105,0
979106,0
979107,0
979108,0
979109,29
979110,25
979111,0
979112,0
979113,0
979114,0
979115,0
979116,0
979117,0
979118,0
979119,0
979120,0
979121,12
979122,0
979123,0
979124,0
979125,0
979126,0
979127,25
979128,0
979129,0
979130,24
979131,0
979132,0
979133,0
979134,22
979135,0
979136,14
979137,0
979138,0
979139,15
979140,0
979141,0
979142,0
979143,0
979144,11
979145,0
979146,0
979147,0
979148,0
979149,0
979150,23
979151,0
979152,0
979153,0
979154,19
979155,0
979156,0
979157,0
979158,0
979159,0
979160,0
979161,16
979162,0
979163,0
979164,0
979165,32
979166,0
979167,0
979168,0
979169,0
979170,0
979171,25
979172,0
979173,13
979174,0
979175,13
979176,0
979177,0
979178,0
979179,0
979180,0
979181,0
979182,0
979183,0
979184,0
979185,25
979186,0
979187,9
979188,0
979189,0
979190,0
979191,0
979192,0
979193,0
979194,23
979195,0
979196,30
979197,0
979198,0
979199,0
979200,0
979201,20
979202,0
979203,0
979204,0
979205,0
979206,0
979207,0
979208,0
979209,0
979210,0
979211,0
979212,0
979213,0
979214,0
979215,0
979216,0
979217,0
979218,0
979219,0
979220,28
979221,26
979222,0
979223,0
979224,0
979225,0
979226,0
979227,0
979228,0
979229,16
979230,0
979231,0
979232,37
979233,0
979234,18
979235,0
979236,0
979237,0
979238,0
979239,0
979240,0
979241,0
979242,16
979243,0
979244,0
979245,17
979246,0
979247,0
979248,0
979249,0
979250,31
979251,0
979252,17
979253,0
979254,11
979255,0
979256,0
979257,0
979258,0
979259,24
979260,0
979261,0
979262,0
979263,0
979264,0
979265,0
979266,7
979267,0
979268,0
979269,0
979270,0
979271,0
979272,0
979273,0
979274,19
979275,0
979276,0
979277,30
979278,0
979279,0
979280,0
979281,0
979282,0
979283,0
979284,12
979285,0
979286,0
979287,0
979288,23
979289,0
979290,9
979291,0
979292,0
979293,0
979294,0
979295,0
979296,0
979297,18
979298,0
979299,0
979300,0
979301,0
979302,0
979303,0
979304,0
979305,0
979306,0
979307,0
979308,0
979309,0
979310,0
979311,13
979312,0
979313,0
979314,0
979315,7
979316,0
979317,0
979318,23
979319,11
979320,0
979321,0
979322,0
979323,0
979324,0
979325,0
979326,0
979327,0
979328,0
979329,0
979330,0
979331,0
979332,0
979333,0
979334,0
979335,0
979336,0
979337,0
979338,0
979339,0
979340,0
979341,0
979342,0
979343,0
979344,0
979345,0
979346,23
979347,0
979348,0
979349,0
979350,0
979351,0
979352,0
979353,0
979354,0
979355,0
979356,0
979357,0
979358,0
979359,0
979360,55
979361,0
979362,0
979363,0
979364,0
979365,0
979366,0
979367,0
979368,0
979369,0
979370,0
979371,0
979372,0
979373,0
979374,26
979375,0
979376,0
979377,30
979378,0
979379,0
979380,0
979381,0
979382,0
979383,0
979384,0
979385,33
979386,0
979387,0
979388,0
979389,0
979390,0
979391,0
979392,0
979393,0
979394,0
979395,0
979396,0
979397,0
979398,0
979399,0
979400,7
979401,0
979402,0
979403,0
979404,0
979405,0
979406,0
979407,0
979408,0
979409,0
979410,0
979411,0
979412,0
979413,0
979414,0
979415,0
979416,0
979417,30
979418,0
979419,0
979420,0
979421,0
979422,0
979423,0
979424,0
979425,32
979426,0
979427,0
979428,0
979429,0
979430,0
979431,0
979432,0
979433,0
979434,0
979435,0
979436,0
979437,0
979438,0
979439,0
979440,0
979441,0
979442,0
979443,0
979444,0
979445,0
979446,0
979447,19
979448,0
979449,0
979450,0
979451,0
979452,0
979453,0
979454,0
979455,0
979456,0
979457,0
979458,0
979459,0
979460,0
979461,0
979462,0
979463,0
979464,0
979465,0
979466,0
979467,0
979468,0
979469,0
979470,0
979471,0
979472,40
979473,0
979474,0
979475,0
979476,0
979477,0
979478,0
979479,45
979480,0
979481,0
979482,0
979483,0
979484,0
979485,0
979486,0
979487,0
979488,0
979489,54
979490,0
979491,0
979492,0
979493,0
979494,0
979495,0
979496,36
979497,0
979498,0
979499,20
979500,0
979501,0
979502,0
979503,0
979504,0
979505,0
979506,0
979507,42
979508,0
979509,0
979510,0
979511,0
979512,23
979513,31
979514,0
979515,0
979516,0
979517,31
979518,38
979519,0
979520,0
979521,0
979522,0
979523,0
979524,0
979525,0
979526,0
979527,0
979528,37
979529,0
979530,36
979531,0
979532,23
979533,0
979534,0
979535,0
979536,0
979537,29
979538,21
979539,0
979540,0
979541,31
979542,0
979543,0
979544,25
979545,0
979546,0
979547,0
979548,0
979549,0
979550,0
979551,0
979552,42
979553,0
979554,0
979555,0
979556,0
979557,0
979558,41
979559,0
979560,0
979561,0
979562,0
979563,0
979564,0
979565,0
979566,23
979567,0
979568,0
979569,0
979570,0
979571,0
979572,38
979573,0
979574,0
979575,0
979576,0
979577,0
979578,0
979579,0
979580,36
979581,0
979582,0
979583,0
979584,41
979585,0
979586,0
979587,36
979588,0
979589,0
979590,22
979591,0
979592,0
979593,0
979594,0
979595,20
979596,0
979597,0
979598,0
979599,0
979600,0
979601,0
979602,41
979603,0
979604,0
979605,0
979606,0
979607,0
979608,0
979609,32
979610,0
979611,0
979612,0
979613,0
979614,0
979615,0
979616,0
979617,22
979618,0
979619,0
979620,36
979621,0
979622,0
979623,0
979624,0
979625,0
979626,0
979627,0
979628,0
979629,0
979630,0
979631,0
979632,0
979633,31
979634,0
979635,0
979636,31
979637,0
979638,0
979639,0
979640,0
979641,0
979642,0
979643,0
979644,0
979645,39
979646,0
979647,38
979648,0
979649,0
979650,0
979651,0
979652,48
979653,0
979654,42
979655,0
979656,0
979657,0
979658,0
979659,26
979660,0
979661,0
979662,0
979663,44
979664,0
979665,0
979666,0
979667,36
979668,0
979669,0
979670,0
979671,40
979672,0
979673,18
979674,0
979675,0
979676,42
979677,44
979678,0
979679,35
979680,0
979681,0
979682,44
979683,0
979684,0
979685,0
979686,0
979687,0
979688,28
979689,36
979690,0
979691,0
979692,0
979693,42
979694,0
979695,0
979696,0
979697,0
979698,0
979699,0
979700,0
979701,49
979702,0
979703,45
979704,0
979705,0
979706,33
979707,0
979708,0
979709,0
979710,0
979711,0
979712,21
979713,0
979714,0
979715,0
979716,0
979717,0
979718,0
979719,44
979720,39
979721,0
979722,0
979723,0
979724,0
979725,0
979726,0
979727,0
979728,0
979729,0
979730,0
979731,0
979732,0
979733,28
979734,0
979735,0
979736,0
979737,0
979738,0
979739,0
979740,29
979741,0
979742,0
979743,0
979744,0
979745,0
979746,0
979747,0
979748,39
979749,42
979750,0
979751,0
979752,50
979753,0
979754,39
979755,0
979756,43
979757,0
979758,32
979759,0
979760,0
979761,0
979762,0
979763,0
979764,0
979765,0
979766,0
979767,0
979768,44
979769,0
979770,0
979771,0
979772,0
979773,59
979774,0
979775,25
979776,0
979777,0
979778,0
979779,0
979780,27
979781,0
979782,0
979783,0
979784,0
979785,30
979786,0
979787,0
979788,33
979789,0
979790,42
979791,0
979792,0
979793,0
979794,0
979795,0
979796,0
979797,50
979798,0
979799,0
979800,0
979801,0
979802,40
979803,0
979804,0
979805,43
979806,0
979807,0
979808,0
979809,0
979810,0
979811,0
979812,0
979813,0
979814,0
979815,15
979816,0
979817,32
979818,0
979819,0
979820,0
979821,0
979822,0
979823,20
979824,0
979825,0
979826,0
979827,0
979828,0
979829,0
979830,0
979831,0
979832,0
979833,0
979834,0
979835,0
979836,0
979837,0
979838,0
979839,0
979840,0
979841,0
979842,0
979843,31
979844,0
979845,0
979846,0
979847,0
979848,0
979849,0
979850,21
979851,0
979852,28
979853,0
979854,23
979855,0
979856,0
979857,0
979858,0
979859,0
979860,0
979861,30
979862,0
979863,0
979864,0
979865,0
979866,0
979867,0
979868,0
979869,0
979870,48
979871,0
979872,0
979873,0
979874,0
979875,0
979876,0
979877,0
979878,0
979879,0
979880,0
979881,0
979882,0
979883,0
979884,0
979885,0
979886,0
979887,0
979888,0
979889,0
979890,0
979891,0
979892,0
979893,0
979894,0
979895,0
979896,0
979897,0
979898,22
979899,0
979900,0
979901,36
979902,0
979903,0
979904,0
979905,0
979906,0
979907,0
979908,0
979909,0
979910,0
979911,0
979912,0
979913,0
979914,0
979915,0
979916,0
979917,0
979918,23
979919,0
979920,23
979921,0
979922,24
979923,0
979924,0
979925,0
979926,0
979927,0
979928,0
979929,0
979930,0
979931,31
979932,0
979933,25
979934,0
979935,0
979936,0
979937,0
979938,21
979939,0
979940,32
979941,0
979942,0
979943,0
979944,0
979945,0
979946,0
979947,28
979948,27
979949,35
979950,0
979951,32
979952,0
979953,0
979954,0
979955,0
979956,19
979957,0
979958,0
979959,0
979960,0
979961,0
979962,0
979963,0
979964,0
979965,0
979966,35
979967,0
979968,0
979969,0
979970,0
979971,25
979972,0
979973,0
979974,29
979975,0
979976,22
979977,0
979978,0
979979,0
979980,0
979981,0
979982,0
979983,0
979984,0
979985,0
979986,0
979987,0
979988,0
979989,0
979990,0
979991,18
979992,26
979993,0
979994,30
979995,0
979996,0
979997,0
979998,0
979999,0
980000,0
980001,0
980002,0
980003,0
980004,0
980005,0
980006,0
980007,0
980008,0
980009,0
980010,0
980011,25
980012,0
980013,24
980014,36
980015,0
980016,0
980017,0
980018,0
980019,0
980020,22
980021,0
980022,0
980023,0
980024,0
980025,0
980026,0
980027,0
980028,21
980029,56
980030,0
980031,0
980032,0
980033,0
980034,33
980035,0
980036,0
980037,0
980038,0
980039,0
980040,0
980041,0
980042,17
980043,0
980044,29
980045,0
980046,0
980047,0
980048,0
980049,0
980050,0
980051,0
980052,0
980053,0
980054,0
980055,0
980056,0
980057,0
980058,0
980059,0
980060,26
980061,22
980062,22
980063,0
980064,0
980065,0
980066,0
980067,0
980068,33
980069,0
980070,0
980071,0
980072,31
980073,15
980074,0
980075,48
980076,28
980077,0
980078,0
980079,32
980080,0
980081,0
980082,35
980083,0
980084,0
980085,0
980086,0
980087,20
980088,0
980089,0
980090,0
980091,0
980092,0
980093,0
980094,0
980095,0
980096,0
980097,29
980098,28
980099,0
980100,0
980101,13
980102,0
980103,0
980104,34
980105,43
980106,0
980107,0
980108,0
980109,0
980110,0
980111,0
980112,0
980113,0
980114,0
980115,0
980116,0
980117,0
980118,23
980119,11
980120,0
980121,0
980122,0
980123,0
980124,27
980125,0
980126,36
980127,0
980128,0
980129,0
980130,0
980131,0
980132,0
980133,19
980134,0
980135,0
980136,0
980137,0
980138,0
980139,0
980140,0
980141,36
980142,0
980143,0
980144,0
980145,0
980146,28
980147,44
980148,0
980149,27
980150,0
980151,0
980152,0
980153,0
980154,0
980155,0
980156,0
980157,0
980158,22
980159,0
980160,0
980161,21
980162,0
980163,0
980164,0
980165,0
980166,32
980167,0
980168,0
980169,0
980170,0
980171,0
980172,0
980173,0
980174,31
980175,0
980176,0
980177,31
980178,0
980179,0
980180,0
980181,0
980182,20
980183,0
980184,0
980185,0
980186,0
980187,0
980188,0
980189,0
980190,0
980191,24
980192,0
980193,0
980194,0
980195,0
980196,37
980197,0
980198,0
980199,0
980200,0
980201,0
980202,0
980203,0
980204,0
980205,0
980206,0
980207,0
980208,0
980209,0
980210,0
980211,0
980212,30
980213,12
980214,0
980215,0
980216,0
980217,0
980218,0
980219,0
980220,0
980221,0
980222,0
980223,34
980224,35
980225,0
980226,0
980227,0
980228,0
980229,0
980230,0
980231,0
980232,0
980233,0
980234,40
980235,0
980236,0
980237,0
980238,0
980239,0
980240,0
980241,49
980242,0
980243,0
980244,0
980245,0
980246,0
980247,0
980248,0
980249,0
980250,0
980251,6
980252,0
980253,17
980254,0
980255,0
980256,0
980257,0
980258,0
980259,0
980260,0
980261,0
980262,0
980263,0
980264,0
980265,0
980266,0
980267,0
980268,2
980269,0
980270,0
980271,0
980272,0
980273,0
980274,0
980275,0
980276,0
980277,0
980278,0
980279,0
980280,0
980281,0
980282,0
980283,2
980284,0
980285,2
980286,1
980287,0
980288,0
980289,3
980290,0
980291,0
980292,0
980293,1
980294,0
980295,0
980296,0
980297,0
980298,0
980299,0
980300,0
980301,0
980302,0
980303,0
980304,0
980305,0
980306,2
980307,0
980308,0
980309,0
980310,0
980311,1
980312,1
980313,0
980314,2
980315,0
980316,0
980317,2
980318,0
980319,0
980320,0
980321,0
980322,0
980323,0
980324,0
980325,0
980326,0
980327,1
980328,0
980329,0
980330,0
980331,1
980332,0
980333,0
980334,0
980335,0
980336,0
980337,0
980338,0
980339,0
980340,0
980341,0
980342,0
980343,0
980344,0
980345,0
980346,0
980347,0
980348,0
980349,0
980350,2
980351,0
980352,0
980353,0
980354,0
980355,0
980356,0
980357,3
980358,0
980359,0
980360,0
980361,0
980362,0
980363,0
980364,0
980365,0
980366,0
980367,0
980368,3
980369,1
980370,0
980371,0
980372,2
980373,0
980374,0
980375,1
980376,3
980377,0
980378,4
980379,0
980380,0
980381,0
980382,0
980383,0
980384,0
980385,0
980386,0
980387,0
980388,3
980389,0
980390,0
980391,0
980392,0
980393,0
980394,0
980395,0
980396,1
980397,1
980398,0
980399,0
980400,3
980401,0
980402,0
980403,1
980404,0
980405,0
980406,0
980407,3
980408,0
980409,0
980410,2
980411,0
980412,0
980413,0
980414,2
980415,1
980416,0
980417,0
980418,1
980419,0
980420,0
980421,0
980422,0
980423,1
980424,0
980425,0
980426,0
980427,0
980428,0
980429,0
980430,0
980431,0
980432,5
980433,0
980434,0
980435,0
980436,0
980437,0
980438,0
980439,0
980440,3
980441,0
980442,0
980443,0
980444,0
980445,0
980446,0
980447,0
980448,0
980449,1
980450,0
980451,0
980452,0
980453,1
980454,0
980455,0
980456,0
980457,0
980458,0
980459,0
980460,0
980461,0
980462,0
980463,0
980464,0
980465,0
980466,0
980467,0
980468,4
980469,0
980470,0
980471,0
980472,0
980473,0
980474,0
980475,0
980476,0
980477,0
980478,0
980479,3
980480,0
980481,0
980482,0
980483,0
980484,0
980485,0
980486,0
980487,0
980488,0
980489,0
980490,0
980491,0
980492,0
980493,1
980494,0
980495,0
980496,0
980497,0
980498,0
980499,0
980500,0
980501,0
980502,0
980503,1
980504,0
980505,0
980506,0
980507,0
980508,0
980509,0
980510,0
980511,0
980512,0
980513,0
980514,0
980515,0
980516,0
980517,0
980518,0
980519,0
980520,0
980521,0
980522,0
980523,0
980524,0
980525,0
980526,0
980527,0
980528,0
980529,0
980530,1
980531,2
980532,0
980533,0
980534,0
980535,0
980536,1
980537,0
980538,5
980539,0
980540,0
980541,0
980542,0
980543,0
980544,0
980545,0
980546,0
980547,2
980548,0
980549,0
980550,0
980551,1
980552,0
980553,0
980554,0
980555,0
980556,0
980557,0
980558,0
980559,0
980560,0
980561,0
980562,0
980563,0
980564,0
980565,0
980566,1
980567,4
980568,0
980569,1
980570,0
980571,0
980572,0
980573,1
980574,0
980575,0
980576,0
980577,0
980578,0
980579,2
980580,2
980581,0
980582,1
980583,0
980584,3
980585,0
980586,0
980587,0
980588,3
980589,0
980590,0
980591,0
980592,1
980593,2
980594,0
980595,0
980596,0
980597,1
980598,0
980599,0
980600,0
980601,0
980602,0
980603,2
980604,0
980605,0
980606,0
980607,0
980608,1
980609,0
980610,2
980611,0
980612,0
980613,2
980614,0
980615,0
980616,0
980617,0
980618,0
980619,0
980620,0
980621,0
980622,0
980623,0
980624,0
980625,0
980626,0
980627,0
980628,0
980629,0
980630,0
980631,0
980632,0
980633,0
980634,0
980635,0
980636,0
980637,0
980638,0
980639,0
980640,0
980641,0
980642,0
980643,0
980644,0
980645,0
980646,1
980647,0
980648,0
980649,0
980650,0
980651,2
980652,0
980653,0
980654,0
980655,0
980656,0
980657,0
980658,0
980659,0
980660,0
980661,0
980662,0
980663,0
980664,2
980665,0
980666,0
980667,0
980668,3
980669,0
980670,0
980671,0
980672,0
980673,0
980674,0
980675,0
980676,0
980677,1
980678,0
980679,0
980680,2
980681,0
980682,0
980683,0
980684,1
980685,0
980686,4
980687,0
980688,0
980689,0
980690,2
980691,0
980692,0
980693,1
980694,0
980695,4
980696,0
980697,0
980698,0
980699,0
980700,0
980701,0
980702,0
980703,0
980704,1
980705,0
980706,0
980707,0
980708,2
980709,0
980710,2
980711,0
980712,1
980713,0
980714,0
980715,2
980716,1
980717,1
980718,0
980719,0
980720,0
980721,2
980722,0
980723,1
980724,0
980725,2
980726,0
980727,1
980728,0
980729,1
980730,0
980731,0
980732,0
980733,0
980734,0
980735,1
980736,0
980737,3
980738,1
980739,4
980740,0
980741,0
980742,0
980743,0
980744,0
980745,0
980746,0
980747,0
980748,0
980749,0
980750,0
980751,0
980752,0
980753,0
980754,1
980755,0
980756,2
980757,0
980758,0
980759,0
980760,0
980761,0
980762,0
980763,0
980764,0
980765,0
980766,0
980767,0
980768,0
980769,2
980770,0
980771,0
980772,0
980773,0
980774,0
980775,0
980776,0
980777,0
980778,0
980779,0
980780,0
980781,0
980782,0
980783,0
980784,0
980785,0
980786,0
980787,0
980788,0
980789,0
980790,0
980791,2
980792,0
980793,0
980794,0
980795,0
980796,0
980797,0
980798,0
980799,3
980800,1
980801,0
980802,1
980803,2
980804,0
980805,0
980806,0
980807,0
980808,2
980809,0
980810,0
980811,0
980812,0
980813,0
980814,0
980815,0
980816,2
980817,0
980818,0
980819,0
980820,0
980821,2
980822,0
980823,1
980824,0
980825,0
980826,0
980827,2
980828,1
980829,0
980830,1
980831,0
980832,2
980833,0
980834,0
980835,0
980836,0
980837,0
980838,0
980839,0
980840,0
980841,0
980842,3
980843,0
980844,0
980845,0
980846,0
980847,0
980848,0
980849,0
980850,0
980851,0
980852,0
980853,0
980854,2
980855,2
980856,1
980857,0
980858,3
980859,0
980860,0
980861,0
980862,2
980863,0
980864,0
980865,0
980866,0
980867,0
980868,0
980869,0
980870,0
980871,1
980872,0
980873,0
980874,0
980875,0
980876,1
980877,0
980878,0
980879,0
980880,0
980881,0
980882,0
980883,0
980884,0
980885,0
980886,0
980887,0
980888,0
980889,0
980890,2
980891,0
980892,0
980893,2
980894,0
980895,0
980896,0
980897,0
980898,0
980899,0
980900,0
980901,0
980902,0
980903,0
980904,0
980905,0
980906,3
980907,0
980908,0
980909,0
980910,0
980911,0
980912,0
980913,0
980914,0
980915,2
980916,0
980917,0
980918,0
980919,3
980920,0
980921,0
980922,0
980923,1
980924,0
980925,0
980926,0
980927,3
980928,0
980929,0
980930,0
980931,3
980932,2
980933,0
980934,0
980935,0
980936,0
980937,0
980938,0
980939,0
980940,0
980941,0
980942,0
980943,0
980944,0
980945,0
980946,0
980947,0
980948,0
980949,0
980950,0
980951,0
980952,0
980953,3
980954,0
980955,0
980956,0
980957,0
980958,0
980959,0
980960,1
980961,0
980962,0
980963,0
980964,0
980965,0
980966,0
980967,0
980968,0
980969,0
980970,0
980971,2
980972,1
980973,0
980974,0
980975,0
980976,0
980977,0
980978,0
980979,0
980980,0
980981,0
980982,0
980983,0
980984,0
980985,0
980986,1
980987,0
980988,0
980989,2
980990,0
980991,1
980992,0
980993,0
980994,4
980995,0
980996,0
980997,0
980998,2
980999,0
981000,0
981001,0
981002,0
981003,0
981004,0
981005,0
981006,0
981007,0
981008,2
981009,0
981010,0
981011,0
981012,0
981013,0
981014,0
981015,0
981016,1
981017,0
981018,0
981019,0
981020,2
981021,0
981022,0
981023,2
981024,0
981025,0
981026,0
981027,2
981028,0
981029,0
981030,0
981031,0
981032,0
981033,0
981034,1
981035,0
981036,0
981037,0
981038,0
981039,0
981040,0
981041,0
981042,1
981043,2
981044,0
981045,0
981046,0
981047,0
981048,2
981049,3
981050,0
981051,0
981052,0
981053,0
981054,1
981055,0
981056,0
981057,0
981058,0
981059,0
981060,0
981061,0
981062,0
981063,0
981064,0
981065,0
981066,0
981067,0
981068,0
981069,0
981070,0
981071,0
981072,2
981073,0
981074,0
981075,0
981076,0
981077,0
981078,0
981079,0
981080,0
981081,0
981082,0
981083,0
981084,0
981085,1
981086,0
981087,0
981088,0
981089,0
981090,0
981091,0
981092,0
981093,0
981094,0
981095,5
981096,0
981097,1
981098,0
981099,0
981100,0
981101,2
981102,3
981103,0
981104,0
981105,3
981106,1
981107,0
981108,1
981109,0
981110,0
981111,1
981112,0
981113,1
981114,0
981115,0
981116,0
981117,0
981118,0
981119,2
981120,3
981121,0
981122,2
981123,4
981124,2
981125,0
981126,0
981127,2
981128,3
981129,0
981130,0
981131,0
981132,0
981133,0
981134,0
981135,2
981136,0
981137,0
981138,0
981139,2
981140,0
981141,1
981142,0
981143,2
981144,0
981145,0
981146,0
981147,4
981148,0
981149,3
981150,0
981151,0
981152,0
981153,1
981154,2
981155,0
981156,0
981157,0
981158,0
981159,1
981160,0
981161,1
981162,0
981163,4
981164,0
981165,3
981166,0
981167,3
981168,0
981169,1
981170,0
981171,0
981172,0
981173,0
981174,0
981175,0
981176,0
981177,0
981178,0
981179,2
981180,0
981181,0
981182,0
981183,0
981184,0
981185,0
981186,0
981187,0
981188,0
981189,0
981190,0
981191,0
981192,0
981193,4
981194,3
981195,0
981196,1
981197,1
981198,0
981199,0
981200,0
981201,0
981202,0
981203,0
981204,0
981205,0
981206,0
981207,0
981208,0
981209,3
981210,0
981211,0
981212,0
981213,0
981214,0
981215,0
981216,0
981217,0
981218,0
981219,0
981220,0
981221,2
981222,7
981223,0
981224,5
981225,0
981226,0
981227,0
981228,0
981229,2
981230,0
981231,1
981232,2
981233,1
981234,0
981235,3
981236,0
981237,2
981238,0
981239,0
981240,0
981241,2
981242,0
981243,0
981244,0
981245,0
981246,0
981247,0
981248,1
981249,0
981250,0
981251,0
981252,0
981253,0
981254,1
981255,0
981256,0
981257,0
981258,0
981259,0
981260,0
981261,0
981262,2
981263,0
981264,0
981265,0
981266,0
981267,0
981268,1
981269,0
981270,1
981271,0
981272,0
981273,0
981274,0
981275,0
981276,2
981277,1
981278,0
981279,0
981280,5
981281,2
981282,3
981283,0
981284,1
981285,0
981286,0
981287,0
981288,0
981289,0
981290,0
981291,0
981292,3
981293,4
981294,0
981295,0
981296,0
981297,2
981298,0
981299,0
981300,0
981301,0
981302,0
981303,0
981304,0
981305,0
981306,0
981307,0
981308,0
981309,0
981310,0
981311,0
981312,0
981313,0
981314,0
981315,0
981316,5
981317,0
981318,2
981319,3
981320,0
981321,0
981322,0
981323,0
981324,0
981325,0
981326,1
981327,0
981328,2
981329,0
981330,0
981331,0
981332,0
981333,0
981334,0
981335,0
981336,0
981337,0
981338,0
981339,0
981340,0
981341,2
981342,0
981343,1
981344,0
981345,0
981346,2
981347,0
981348,0
981349,0
981350,0
981351,0
981352,3
981353,0
981354,0
981355,0
981356,0
981357,2
981358,1
981359,0
981360,0
981361,1
981362,0
981363,0
981364,0
981365,3
981366,0
981367,0
981368,0
981369,0
981370,0
981371,0
981372,0
981373,3
981374,0
981375,0
981376,0
981377,2
981378,1
981379,1
981380,0
981381,0
981382,0
981383,0
981384,2
981385,0
981386,0
981387,0
981388,0
981389,1
981390,1
981391,0
981392,0
981393,0
981394,0
981395,0
981396,0
981397,0
981398,0
981399,0
981400,4
981401,0
981402,1
981403,0
981404,0
981405,0
981406,1
981407,0
981408,1
981409,0
981410,0
981411,0
981412,4
981413,0
981414,0
981415,0
981416,0
981417,0
981418,0
981419,1
981420,2
981421,1
981422,0
981423,0
981424,0
981425,0
981426,5
981427,0
981428,0
981429,0
981430,2
981431,0
981432,0
981433,2
981434,2
981435,3
981436,0
981437,6
981438,0
981439,0
981440,0
981441,0
981442,0
981443,0
981444,0
981445,0
981446,0
981447,3
981448,0
981449,0
981450,0
981451,2
981452,0
981453,0
981454,0
981455,0
981456,0
981457,4
981458,0
981459,0
981460,0
981461,0
981462,0
981463,0
981464,0
981465,0
981466,5
981467,0
981468,0
981469,4
981470,2
981471,4
981472,1
981473,0
981474,0
981475,0
981476,0
981477,1
981478,0
981479,0
981480,0
981481,0
981482,0
981483,1
981484,0
981485,0
981486,0
981487,5
981488,0
981489,3
981490,0
981491,0
981492,0
981493,0
981494,0
981495,0
981496,2
981497,0
981498,0
981499,0
981500,0
981501,0
981502,0
981503,0
981504,0
981505,0
981506,3
981507,0
981508,0
981509,0
981510,0
981511,0
981512,0
981513,0
981514,0
981515,0
981516,0
981517,4
981518,0
981519,0
981520,0
981521,0
981522,0
981523,1
981524,0
981525,0
981526,1
981527,0
981528,3
981529,0
981530,0
981531,0
981532,3
981533,0
981534,0
981535,0
981536,0
981537,0
981538,0
981539,0
981540,0
981541,3
981542,0
981543,0
981544,5
981545,0
981546,0
981547,25
981548,0
981549,0
981550,0
981551,0
981552,0
981553,0
981554,0
981555,0
981556,0
981557,0
981558,0
981559,0
981560,0
981561,0
981562,0
981563,0
981564,0
981565,0
981566,0
981567,0
981568,0
981569,0
981570,0
981571,29
981572,0
981573,0
981574,0
981575,0
981576,0
981577,0
981578,0
981579,0
981580,0
981581,0
981582,0
981583,0
981584,0
981585,0
981586,0
981587,16
981588,0
981589,0
981590,0
981591,0
981592,0
981593,23
981594,0
981595,20
981596,0
981597,23
981598,0
981599,0
981600,0
981601,0
981602,0
981603,0
981604,0
981605,0
981606,0
981607,28
981608,0
981609,0
981610,0
981611,0
981612,0
981613,0
981614,0
981615,0
981616,0
981617,0
981618,0
981619,0
981620,25
981621,0
981622,18
981623,0
981624,0
981625,0
981626,0
981627,20
981628,0
981629,0
981630,0
981631,0
981632,0
981633,0
981634,0
981635,0
981636,0
981637,0
981638,0
981639,0
981640,0
981641,0
981642,0
981643,0
981644,0
981645,0
981646,0
981647,0
981648,0
981649,0
981650,0
981651,0
981652,0
981653,0
981654,22
981655,0
981656,0
981657,0
981658,0
981659,0
981660,0
981661,0
981662,0
981663,0
981664,0
981665,0
981666,0
981667,14
981668,0
981669,0
981670,0
981671,0
981672,0
981673,0
981674,0
981675,0
981676,0
981677,0
981678,0
981679,0
981680,0
981681,0
981682,0
981683,0
981684,0
981685,0
981686,0
981687,0
981688,0
981689,0
981690,0
981691,0
981692,27
981693,0
981694,0
981695,0
981696,0
981697,24
981698,0
981699,0
981700,0
981701,0
981702,0
981703,0
981704,0
981705,0
981706,0
981707,0
981708,0
981709,0
981710,0
981711,0
981712,0
981713,0
981714,0
981715,0
981716,0
981717,0
981718,0
981719,0
981720,27
981721,19
981722,0
981723,0
981724,0
981725,0
981726,0
981727,0
981728,0
981729,0
981730,0
981731,0
981732,0
981733,0
981734,0
981735,0
981736,17
981737,0
981738,0
981739,0
981740,0
981741,0
981742,0
981743,0
981744,0
981745,0
981746,16
981747,0
981748,0
981749,0
981750,0
981751,0
981752,0
981753,0
981754,16
981755,0
981756,0
981757,20
981758,0
981759,0
981760,0
981761,0
981762,0
981763,0
981764,0
981765,0
981766,0
981767,0
981768,0
981769,0
981770,0
981771,0
981772,0
981773,0
981774,0
981775,0
981776,0
981777,0
981778,15
981779,0
981780,0
981781,0
981782,0
981783,0
981784,0
981785,0
981786,0
981787,0
981788,0
981789,0
981790,0
981791,0
981792,0
981793,0
981794,0
981795,0
981796,0
981797,0
981798,0
981799,0
981800,0
981801,0
981802,0
981803,0
981804,0
981805,0
981806,0
981807,0
981808,0
981809,0
981810,18
981811,0
981812,0
981813,0
981814,0
981815,0
981816,21
981817,0
981818,0
981819,26
981820,0
981821,21
981822,0
981823,0
981824,0
981825,0
981826,0
981827,0
981828,0
981829,0
981830,0
981831,0
981832,0
981833,0
981834,0
981835,0
981836,15
981837,0
981838,0
981839,0
981840,0
981841,0
981842,0
981843,0
981844,0
981845,0
981846,0
981847,0
981848,0
981849,0
981850,15
981851,0
981852,0
981853,0
981854,0
981855,0
981856,0
981857,0
981858,0
981859,0
981860,0
981861,0
981862,0
981863,0
981864,0
981865,0
981866,0
981867,0
981868,0
981869,0
981870,0
981871,0
981872,0
981873,0
981874,0
981875,0
981876,0
981877,0
981878,0
981879,0
981880,0
981881,0
981882,0
981883,0
981884,0
981885,0
981886,0
981887,0
981888,0
981889,0
981890,18
981891,16
981892,0
981893,0
981894,0
981895,0
981896,0
981897,0
981898,0
981899,0
981900,0
981901,0
981902,0
981903,0
981904,0
981905,0
981906,0
981907,0
981908,0
981909,23
981910,0
981911,0
981912,0
981913,0
981914,0
981915,0
981916,0
981917,0
981918,0
981919,0
981920,0
981921,0
981922,0
981923,0
981924,0
981925,0
981926,0
981927,0
981928,0
981929,0
981930,0
981931,0
981932,0
981933,0
981934,0
981935,0
981936,0
981937,0
981938,0
981939,0
981940,0
981941,0
981942,0
981943,0
981944,0
981945,0
981946,0
981947,0
981948,0
981949,0
981950,0
981951,0
981952,0
981953,0
981954,17
981955,0
981956,0
981957,0
981958,0
981959,0
981960,0
981961,0
981962,0
981963,0
981964,0
981965,0
981966,0
981967,0
981968,0
981969,0
981970,0
981971,0
981972,0
981973,0
981974,24
981975,0
981976,0
981977,0
981978,0
981979,0
981980,0
981981,0
981982,0
981983,0
981984,0
981985,0
981986,0
981987,26
981988,0
981989,0
981990,0
981991,0
981992,0
981993,0
981994,0
981995,0
981996,0
981997,0
981998,0
981999,0
982000,0
982001,0
982002,0
982003,0
982004,0
982005,0
982006,0
982007,0
982008,0
982009,0
982010,0
982011,0
982012,0
982013,0
982014,0
982015,18
982016,0
982017,0
982018,0
982019,0
982020,0
982021,0
982022,0
982023,0
982024,0
982025,0
982026,0
982027,0
982028,0
982029,0
982030,0
982031,0
982032,0
982033,0
982034,0
982035,0
982036,0
982037,0
982038,0
982039,0
982040,0
982041,0
982042,0
982043,0
982044,0
982045,0
982046,0
982047,0
982048,24
982049,0
982050,0
982051,0
982052,0
982053,0
982054,0
982055,0
982056,0
982057,0
982058,0
982059,0
982060,0
982061,0
982062,0
982063,0
982064,0
982065,0
982066,0
982067,0
982068,0
982069,0
982070,0
982071,0
982072,0
982073,0
982074,0
982075,0
982076,0
982077,0
982078,18
982079,0
982080,0
982081,0
982082,0
982083,0
982084,0
982085,0
982086,0
982087,0
982088,0
982089,0
982090,0
982091,0
982092,0
982093,31
982094,0
982095,0
982096,0
982097,0
982098,0
982099,0
982100,0
982101,0
982102,0
982103,0
982104,23
982105,0
982106,0
982107,0
982108,0
982109,0
982110,0
982111,13
982112,0
982113,29
982114,0
982115,0
982116,17
982117,0
982118,19
982119,0
982120,0
982121,32
982122,0
982123,0
982124,0
982125,0
982126,0
982127,0
982128,0
982129,11
982130,12
982131,0
982132,0
982133,0
982134,15
982135,19
982136,0
982137,0
982138,0
982139,0
982140,0
982141,0
982142,0
982143,0
982144,0
982145,0
982146,0
982147,0
982148,0
982149,0
982150,0
982151,0
982152,0
982153,0
982154,0
982155,0
982156,0
982157,0
982158,0
982159,0
982160,0
982161,0
982162,0
982163,0
982164,0
982165,0
982166,0
982167,0
982168,0
982169,0
982170,0
982171,0
982172,0
982173,0
982174,0
982175,0
982176,0
982177,0
982178,0
982179,0
982180,0
982181,0
982182,0
982183,0
982184,0
982185,0
982186,0
982187,0
982188,0
982189,0
982190,24
982191,0
982192,0
982193,0
982194,0
982195,0
982196,0
982197,20
982198,0
982199,0
982200,0
982201,0
982202,0
982203,0
982204,0
982205,0
982206,0
982207,0
982208,0
982209,0
982210,0
982211,0
982212,0
982213,0
982214,0
982215,0
982216,0
982217,0
982218,0
982219,0
982220,23
982221,0
982222,0
982223,0
982224,0
982225,0
982226,0
982227,0
982228,0
982229,0
982230,0
982231,0
982232,0
982233,0
982234,0
982235,0
982236,0
982237,0
982238,0
982239,0
982240,0
982241,0
982242,0
982243,0
982244,0
982245,0
982246,0
982247,13
982248,0
982249,0
982250,0
982251,0
982252,22
982253,0
982254,0
982255,0
982256,0
982257,0
982258,0
982259,0
982260,0
982261,0
982262,0
982263,0
982264,0
982265,0
982266,0
982267,0
982268,25
982269,17
982270,0
982271,0
982272,0
982273,0
982274,0
982275,0
982276,0
982277,0
982278,0
982279,0
982280,0
982281,0
982282,0
982283,0
982284,0
982285,0
982286,29
982287,0
982288,0
982289,19
982290,0
982291,0
982292,0
982293,0
982294,0
982295,0
982296,0
982297,0
982298,17
982299,0
982300,0
982301,0
982302,0
982303,0
982304,0
982305,0
982306,0
982307,0
982308,0
982309,0
982310,0
982311,0
982312,0
982313,0
982314,0
982315,0
982316,0
982317,0
982318,14
982319,0
982320,0
982321,0
982322,0
982323,0
982324,0
982325,0
982326,0
982327,0
982328,0
982329,0
982330,0
982331,0
982332,0
982333,13
982334,0
982335,14
982336,26
982337,0
982338,0
982339,0
982340,0
982341,0
982342,0
982343,0
982344,0
982345,0
982346,0
982347,19
982348,0
982349,0
982350,0
982351,0
982352,0
982353,0
982354,0
982355,0
982356,16
982357,0
982358,0
982359,26
982360,0
982361,0
982362,0
982363,0
982364,0
982365,0
982366,0
982367,0
982368,0
982369,0
982370,0
982371,0
982372,0
982373,0
982374,0
982375,0
982376,0
982377,0
982378,18
982379,0
982380,0
982381,0
982382,17
982383,0
982384,0
982385,0
982386,0
982387,0
982388,0
982389,0
982390,0
982391,0
982392,0
982393,0
982394,0
982395,0
982396,0
982397,0
982398,0
982399,0
982400,0
982401,0
982402,0
982403,0
982404,0
982405,9
982406,0
982407,0
982408,0
982409,0
982410,11
982411,0
982412,0
982413,0
982414,0
982415,0
982416,0
982417,0
982418,13
982419,0
982420,0
982421,0
982422,9
982423,0
982424,0
982425,0
982426,0
982427,0
982428,0
982429,0
982430,0
982431,0
982432,0
982433,0
982434,0
982435,0
982436,11
982437,0
982438,0
982439,0
982440,0
982441,0
982442,0
982443,0
982444,0
982445,0
982446,0
982447,0
982448,0
982449,0
982450,0
982451,11
982452,0
982453,0
982454,0
982455,0
982456,11
982457,0
982458,0
982459,0
982460,8
982461,9
982462,0
982463,0
982464,0
982465,0
982466,0
982467,0
982468,0
982469,0
982470,0
982471,0
982472,0
982473,0
982474,4
982475,0
982476,0
982477,0
982478,0
982479,0
982480,0
982481,0
982482,0
982483,7
982484,0
982485,8
982486,0
982487,0
982488,8
982489,0
982490,0
982491,0
982492,0
982493,0
982494,0
982495,0
982496,0
982497,0
982498,7
982499,0
982500,0
982501,0
982502,0
982503,0
982504,0
982505,0
982506,0
982507,0
982508,0
982509,0
982510,0
982511,0
982512,0
982513,0
982514,0
982515,0
982516,0
982517,0
982518,0
982519,0
982520,0
982521,0
982522,0
982523,0
982524,0
982525,0
982526,0
982527,0
982528,14
982529,0
982530,0
982531,0
982532,0
982533,0
982534,0
982535,0
982536,0
982537,11
982538,0
982539,0
982540,0
982541,0
982542,0
982543,0
982544,0
982545,0
982546,0
982547,0
982548,0
982549,0
982550,0
982551,0
982552,0
982553,0
982554,0
982555,0
982556,0
982557,0
982558,0
982559,7
982560,0
982561,0
982562,0
982563,0
982564,0
982565,0
982566,9
982567,0
982568,0
982569,0
982570,0
982571,0
982572,0
982573,0
982574,0
982575,0
982576,0
982577,0
982578,0
982579,0
982580,0
982581,0
982582,0
982583,0
982584,11
982585,0
982586,9
982587,0
982588,0
982589,0
982590,0
982591,0
982592,0
982593,0
982594,0
982595,0
982596,0
982597,13
982598,0
982599,0
982600,0
982601,0
982602,0
982603,0
982604,0
982605,0
982606,0
982607,0
982608,0
982609,0
982610,0
982611,0
982612,0
982613,0
982614,0
982615,0
982616,9
982617,0
982618,0
982619,7
982620,0
982621,0
982622,0
982623,0
982624,0
982625,0
982626,0
982627,0
982628,0
982629,0
982630,0
982631,14
982632,0
982633,0
982634,0
982635,0
982636,0
982637,0
982638,0
982639,0
982640,0
982641,0
982642,0
982643,0
982644,0
982645,0
982646,0
982647,0
982648,17
982649,0
982650,0
982651,0
982652,19
982653,0
982654,0
982655,15
982656,0
982657,0
982658,0
982659,0
982660,0
982661,9
982662,0
982663,16
982664,0
982665,0
982666,0
982667,0
982668,0
982669,0
982670,0
982671,0
982672,23
982673,0
982674,0
982675,0
982676,0
982677,0
982678,0
982679,0
982680,0
982681,0
982682,26
982683,0
982684,0
982685,0
982686,0
982687,21
982688,0
982689,11
982690,0
982691,0
982692,12
982693,0
982694,0
982695,0
982696,0
982697,0
982698,0
982699,0
982700,0
982701,0
982702,0
982703,0
982704,0
982705,24
982706,0
982707,11
982708,0
982709,0
982710,17
982711,0
982712,0
982713,0
982714,0
982715,12
982716,0
982717,0
982718,0
982719,0
982720,18
982721,0
982722,0
982723,30
982724,0
982725,0
982726,0
982727,0
982728,0
982729,0
982730,32
982731,12
982732,0
982733,14
982734,0
982735,0
982736,0
982737,0
982738,0
982739,0
982740,14
982741,0
982742,0
982743,0
982744,0
982745,0
982746,16
982747,0
982748,0
982749,15
982750,0
982751,0
982752,0
982753,0
982754,0
982755,0
982756,0
982757,0
982758,27
982759,0
982760,14
982761,16
982762,0
982763,0
982764,17
982765,0
982766,0
982767,0
982768,0
982769,0
982770,0
982771,0
982772,0
982773,0
982774,0
982775,0
982776,0
982777,0
982778,0
982779,0
982780,0
982781,0
982782,0
982783,0
982784,0
982785,0
982786,30
982787,0
982788,0
982789,20
982790,0
982791,0
982792,0
982793,0
982794,0
982795,0
982796,0
982797,0
982798,0
982799,0
982800,0
982801,0
982802,17
982803,12
982804,0
982805,0
982806,0
982807,0
982808,0
982809,18
982810,0
982811,10
982812,0
982813,19
982814,0
982815,0
982816,0
982817,0
982818,0
982819,0
982820,0
982821,0
982822,0
982823,0
982824,0
982825,0
982826,0
982827,0
982828,19
982829,18
982830,0
982831,0
982832,25
982833,0
982834,0
982835,0
982836,0
982837,0
982838,0
982839,0
982840,0
982841,0
982842,19
982843,10
982844,0
982845,0
982846,0
982847,0
982848,0
982849,0
982850,0
982851,20
982852,0
982853,0
982854,0
982855,0
982856,0
982857,0
982858,0
982859,0
982860,0
982861,0
982862,0
982863,0
982864,0
982865,0
982866,0
982867,0
982868,0
982869,0
982870,0
982871,0
982872,16
982873,0
982874,0
982875,0
982876,0
982877,0
982878,0
982879,12
982880,0
982881,0
982882,0
982883,14
982884,0
982885,0
982886,0
982887,0
982888,0
982889,0
982890,0
982891,0
982892,6
982893,8
982894,0
982895,0
982896,0
982897,8
982898,0
982899,17
982900,0
982901,0
982902,0
982903,0
982904,13
982905,0
982906,0
982907,0
982908,12
982909,0
982910,0
982911,0
982912,17
982913,0
982914,0
982915,0
982916,0
982917,0
982918,0
982919,14
982920,6
982921,0
982922,0
982923,0
982924,14
982925,0
982926,12
982927,13
982928,0
982929,0
982930,12
982931,0
982932,10
982933,0
982934,0
982935,0
982936,0
982937,0
982938,0
982939,0
982940,13
982941,0
982942,0
982943,0
982944,0
982945,0
982946,0
982947,0
982948,0
982949,17
982950,8
982951,0
982952,13
982953,0
982954,21
982955,0
982956,14
982957,0
982958,0
982959,6
982960,7
982961,0
982962,15
982963,0
982964,0
982965,0
982966,0
982967,0
982968,0
982969,18
982970,0
982971,12
982972,0
982973,0
982974,0
982975,0
982976,0
982977,0
982978,0
982979,0
982980,10
982981,0
982982,9
982983,0
982984,15
982985,16
982986,9
982987,9
982988,0
982989,0
982990,0
982991,0
982992,0
982993,0
982994,0
982995,0
982996,0
982997,0
982998,0
982999,0
983000,0
983001,0
983002,0
983003,0
983004,0
983005,0
983006,0
983007,11
983008,0
983009,10
983010,0
983011,0
983012,12
983013,0
983014,0
983015,0
983016,0
983017,0
983018,9
983019,0
983020,0
983021,13
983022,0
983023,0
983024,0
983025,0
983026,0
983027,11
983028,13
983029,0
983030,0
983031,0
983032,0
983033,0
983034,0
983035,0
983036,0
983037,0
983038,4
983039,0
983040,0
983041,0
983042,17
983043,0
983044,0
983045,0
983046,0
983047,0
983048,0
983049,0
983050,0
983051,5
983052,0
983053,0
983054,19
983055,7
983056,0
983057,0
983058,0
983059,0
983060,0
983061,0
983062,17
983063,0
983064,0
983065,0
983066,14
983067,0
983068,0
983069,10
983070,0
983071,0
983072,0
983073,0
983074,0
983075,0
983076,0
983077,17
983078,0
983079,12
983080,0
983081,0
983082,0
983083,0
983084,14
983085,0
983086,15
983087,0
983088,0
983089,0
983090,9
983091,0
983092,0
983093,0
983094,0
983095,0
983096,0
983097,0
983098,0
983099,0
983100,0
983101,0
983102,0
983103,0
983104,0
983105,0
983106,0
983107,0
983108,0
983109,19
983110,0
983111,0
983112,14
983113,0
983114,0
983115,11
983116,8
983117,0
983118,0
983119,0
983120,9
983121,0
983122,0
983123,9
983124,0
983125,0
983126,0
983127,0
983128,0
983129,0
983130,0
983131,12
983132,0
983133,0
983134,0
983135,0
983136,9
983137,0
983138,0
983139,14
983140,0
983141,0
983142,0
983143,11
983144,0
983145,0
983146,0
983147,0
983148,0
983149,0
983150,0
983151,0
983152,11
983153,0
983154,0
983155,0
983156,0
983157,0
983158,0
983159,0
983160,0
983161,0
983162,16
983163,0
983164,13
983165,9
983166,13
983167,0
983168,14
983169,0
983170,0
983171,0
983172,0
983173,0
983174,0
983175,0
983176,9
983177,0
983178,0
983179,0
983180,0
983181,0
983182,0
983183,0
983184,0
983185,0
983186,0
983187,0
983188,0
983189,10
983190,0
983191,0
983192,0
983193,0
983194,11
983195,0
983196,0
983197,0
983198,0
983199,8
983200,8
983201,7
983202,10
983203,0
983204,0
983205,0
983206,0
983207,0
983208,0
983209,15
983210,0
983211,0
983212,0
983213,17
983214,0
983215,0
983216,0
983217,0
983218,0
983219,0
983220,0
983221,0
983222,13
983223,13
983224,0
983225,0
983226,0
983227,13
983228,0
983229,0
983230,6
983231,0
983232,0
983233,0
983234,7
983235,0
983236,0
983237,0
983238,11
983239,0
983240,0
983241,10
983242,0
983243,0
983244,0
983245,0
983246,0
983247,0
983248,0
983249,0
983250,0
983251,0
983252,0
983253,0
983254,0
983255,0
983256,11
983257,0
983258,13
983259,0
983260,13
983261,0
983262,0
983263,0
983264,11
983265,12
983266,12
983267,15
983268,14
983269,0
983270,0
983271,8
983272,0
983273,0
983274,14
983275,0
983276,17
983277,0
983278,0
983279,9
983280,0
983281,0
983282,0
983283,0
983284,0
983285,0
983286,0
983287,0
983288,8
983289,0
983290,7
983291,0
983292,0
983293,0
983294,0
983295,0
983296,0
983297,0
983298,0
983299,0
983300,0
983301,9
983302,0
983303,0
983304,0
983305,0
983306,0
983307,0
983308,11
983309,0
983310,0
983311,0
983312,0
983313,0
983314,13
983315,0
983316,13
983317,0
983318,0
983319,0
983320,0
983321,0
983322,0
983323,0
983324,0
983325,0
983326,0
983327,0
983328,0
983329,0
983330,0
983331,0
983332,0
983333,0
983334,0
983335,10
983336,0
983337,0
983338,0
983339,0
983340,0
983341,0
983342,0
983343,19
983344,0
983345,13
983346,14
983347,20
983348,0
983349,0
983350,0
983351,0
983352,0
983353,0
983354,10
983355,0
983356,14
983357,0
983358,0
983359,9
983360,0
983361,0
983362,0
983363,0
983364,0
983365,0
983366,0
983367,0
983368,0
983369,0
983370,0
983371,12
983372,0
983373,0
983374,0
983375,0
983376,0
983377,0
983378,0
983379,0
983380,0
983381,0
983382,0
983383,0
983384,0
983385,0
983386,36
983387,0
983388,0
983389,0
983390,0
983391,0
983392,0
983393,0
983394,0
983395,0
983396,0
983397,0
983398,0
983399,38
983400,0
983401,0
983402,0
983403,0
983404,0
983405,0
983406,0
983407,0
983408,0
983409,0
983410,0
983411,0
983412,21
983413,0
983414,0
983415,0
983416,0
983417,0
983418,0
983419,0
983420,0
983421,0
983422,0
983423,0
983424,0
983425,0
983426,0
983427,31
983428,0
983429,0
983430,0
983431,0
983432,0
983433,0
983434,0
983435,0
983436,0
983437,0
983438,29
983439,0
983440,0
983441,0
983442,0
983443,0
983444,51
983445,0
983446,0
983447,0
983448,0
983449,0
983450,0
983451,0
983452,0
983453,0
983454,0
983455,0
983456,0
983457,0
983458,0
983459,0
983460,0
983461,0
983462,0
983463,0
983464,0
983465,53
983466,0
983467,0
983468,0
983469,0
983470,0
983471,0
983472,30
983473,0
983474,0
983475,0
983476,43
983477,0
983478,0
983479,0
983480,0
983481,0
983482,0
983483,0
983484,0
983485,0
983486,0
983487,0
983488,0
983489,0
983490,0
983491,0
983492,0
983493,0
983494,0
983495,0
983496,0
983497,0
983498,0
983499,0
983500,31
983501,0
983502,0
983503,0
983504,0
983505,0
983506,0
983507,0
983508,0
983509,0
983510,0
983511,0
983512,0
983513,0
983514,33
983515,0
983516,0
983517,0
983518,0
983519,0
983520,55
983521,0
983522,0
983523,0
983524,0
983525,0
983526,0
983527,0
983528,0
983529,0
983530,0
983531,0
983532,0
983533,0
983534,0
983535,0
983536,42
983537,22
983538,0
983539,0
983540,0
983541,0
983542,0
983543,0
983544,0
983545,0
983546,0
983547,0
983548,0
983549,0
983550,0
983551,0
983552,0
983553,0
983554,0
983555,0
983556,0
983557,0
983558,37
983559,0
983560,0
983561,0
983562,0
983563,0
983564,0
983565,0
983566,0
983567,0
983568,0
983569,0
983570,0
983571,0
983572,0
983573,40
983574,0
983575,0
983576,0
983577,0
983578,0
983579,0
983580,0
983581,0
983582,0
983583,0
983584,0
983585,0
983586,0
983587,0
983588,0
983589,0
983590,0
983591,0
983592,35
983593,0
983594,0
983595,0
983596,0
983597,0
983598,0
983599,0
983600,0
983601,0
983602,33
983603,0
983604,0
983605,0
983606,0
983607,0
983608,0
983609,0
983610,0
983611,0
983612,0
983613,0
983614,0
983615,0
983616,0
983617,0
983618,0
983619,0
983620,0
983621,0
983622,0
983623,0
983624,0
983625,41
983626,0
983627,0
983628,0
983629,0
983630,0
983631,0
983632,0
983633,0
983634,0
983635,0
983636,0
983637,0
983638,0
983639,0
983640,0
983641,0
983642,0
983643,0
983644,0
983645,0
983646,0
983647,0
983648,0
983649,35
983650,0
983651,0
983652,0
983653,0
983654,0
983655,0
983656,0
983657,0
983658,0
983659,0
983660,0
983661,43
983662,0
983663,0
983664,0
983665,0
983666,0
983667,0
983668,0
983669,0
983670,0
983671,0
983672,0
983673,33
983674,35
983675,0
983676,0
983677,0
983678,0
983679,0
983680,0
983681,0
983682,0
983683,0
983684,0
983685,0
983686,0
983687,0
983688,52
983689,0
983690,0
983691,0
983692,42
983693,0
983694,0
983695,0
983696,33
983697,0
983698,0
983699,0
983700,0
983701,0
983702,0
983703,0
983704,0
983705,0
983706,47
983707,0
983708,0
983709,0
983710,0
983711,0
983712,0
983713,0
983714,0
983715,0
983716,0
983717,0
983718,0
983719,0
983720,0
983721,0
983722,0
983723,0
983724,0
983725,0
983726,0
983727,0
983728,0
983729,0
983730,0
983731,0
983732,0
983733,0
983734,0
983735,0
983736,0
983737,0
983738,0
983739,0
983740,0
983741,0
983742,0
983743,0
983744,0
983745,0
983746,0
983747,0
983748,0
983749,0
983750,0
983751,0
983752,0
983753,0
983754,0
983755,0
983756,0
983757,0
983758,0
983759,0
983760,0
983761,0
983762,0
983763,0
983764,0
983765,0
983766,0
983767,0
983768,0
983769,0
983770,41
983771,0
983772,0
983773,0
983774,0
983775,0
983776,0
983777,0
983778,0
983779,0
983780,0
983781,0
983782,0
983783,0
983784,0
983785,0
983786,0
983787,0
983788,0
983789,18
983790,0
983791,0
983792,0
983793,26
983794,0
983795,0
983796,0
983797,0
983798,0
983799,0
983800,0
983801,0
983802,0
983803,0
983804,0
983805,0
983806,0
983807,0
983808,0
983809,33
983810,0
983811,0
983812,0
983813,0
983814,0
983815,0
983816,0
983817,0
983818,0
983819,0
983820,0
983821,0
983822,0
983823,0
983824,56
983825,0
983826,0
983827,0
983828,0
983829,0
983830,42
983831,0
983832,0
983833,0
983834,0
983835,0
983836,0
983837,0
983838,0
983839,0
983840,0
983841,0
983842,0
983843,0
983844,0
983845,0
983846,0
983847,35
983848,39
983849,0
983850,0
983851,0
983852,0
983853,37
983854,0
983855,0
983856,0
983857,0
983858,0
983859,0
983860,0
983861,0
983862,0
983863,0
983864,0
983865,0
983866,0
983867,0
983868,0
983869,0
983870,0
983871,0
983872,0
983873,0
983874,0
983875,0
983876,0
983877,0
983878,0
983879,0
983880,0
983881,0
983882,0
983883,0
983884,0
983885,0
983886,0
983887,0
983888,0
983889,0
983890,0
983891,0
983892,0
983893,0
983894,0
983895,0
983896,0
983897,0
983898,0
983899,0
983900,0
983901,0
983902,0
983903,0
983904,0
983905,0
983906,0
983907,0
983908,0
983909,0
983910,0
983911,0
983912,0
983913,0
983914,0
983915,0
983916,0
983917,0
983918,0
983919,0
983920,0
983921,0
983922,0
983923,0
983924,0
983925,0
983926,0
983927,0
983928,0
983929,0
983930,0
983931,0
983932,0
983933,0
983934,0
983935,0
983936,0
983937,0
983938,0
983939,0
983940,0
983941,0
983942,0
983943,0
983944,0
983945,0
983946,0
983947,0
983948,0
983949,0
983950,0
983951,0
983952,0
983953,0
983954,0
983955,0
983956,0
983957,36
983958,0
983959,36
983960,0
983961,0
983962,0
983963,0
983964,0
983965,0
983966,0
983967,0
983968,0
983969,0
983970,0
983971,0
983972,0
983973,0
983974,0
983975,0
983976,0
983977,0
983978,0
983979,0
983980,0
983981,0
983982,0
983983,0
983984,0
983985,0
983986,0
983987,0
983988,0
983989,0
983990,0
983991,0
983992,0
983993,0
983994,0
983995,0
983996,0
983997,0
983998,0
983999,0
984000,0
984001,0
984002,0
984003,0
984004,0
984005,0
984006,0
984007,0
984008,0
984009,0
984010,0
984011,0
984012,0
984013,0
984014,0
984015,0
984016,0
984017,0
984018,0
984019,0
984020,0
984021,0
984022,0
984023,0
984024,0
984025,0
984026,56
984027,0
984028,47
984029,0
984030,0
984031,0
984032,0
984033,0
984034,0
984035,0
984036,0
984037,0
984038,0
984039,0
984040,0
984041,0
984042,0
984043,0
984044,0
984045,0
984046,0
984047,0
984048,41
984049,0
984050,0
984051,0
984052,0
984053,0
984054,0
984055,0
984056,0
984057,0
984058,0
984059,0
984060,0
984061,33
984062,23
984063,0
984064,0
984065,0
984066,0
984067,0
984068,17
984069,0
984070,0
984071,0
984072,0
984073,0
984074,0
984075,0
984076,0
984077,0
984078,0
984079,0
984080,0
984081,0
984082,0
984083,0
984084,0
984085,0
984086,0
984087,41
984088,0
984089,0
984090,0
984091,0
984092,0
984093,34
984094,0
984095,0
984096,0
984097,0
984098,0
984099,0
984100,0
984101,0
984102,0
984103,0
984104,0
984105,0
984106,0
984107,0
984108,0
984109,0
984110,0
984111,0
984112,0
984113,0
984114,0
984115,0
984116,0
984117,0
984118,0
984119,0
984120,0
984121,0
984122,0
984123,0
984124,0
984125,0
984126,0
984127,0
984128,0
984129,0
984130,0
984131,0
984132,0
984133,0
984134,0
984135,0
984136,0
984137,0
984138,44
984139,0
984140,0
984141,0
984142,0
984143,0
984144,28
984145,0
984146,0
984147,0
984148,0
984149,0
984150,0
984151,0
984152,0
984153,0
984154,0
984155,0
984156,0
984157,0
984158,0
984159,0
984160,0
984161,0
984162,56
984163,0
984164,0
984165,0
984166,0
984167,0
984168,0
984169,0
984170,0
984171,0
984172,0
984173,0
984174,43
984175,0
984176,0
984177,0
984178,0
984179,0
984180,0
984181,0
984182,0
984183,0
984184,0
984185,0
984186,0
984187,0
984188,0
984189,0
984190,0
984191,0
984192,0
984193,38
984194,0
984195,0
984196,0
984197,0
984198,0
984199,0
984200,0
984201,0
984202,0
984203,0
984204,0
984205,0
984206,0
984207,0
984208,0
984209,0
984210,0
984211,0
984212,0
984213,0
984214,0
984215,0
984216,0
984217,0
984218,0
984219,0
984220,0
984221,0
984222,0
984223,0
984224,0
984225,0
984226,0
984227,0
984228,0
984229,0
984230,0
984231,0
984232,0
984233,0
984234,0
984235,0
984236,20
984237,0
984238,0
984239,0
984240,0
984241,0
984242,0
984243,0
984244,0
984245,0
984246,0
984247,0
984248,0
984249,0
984250,0
984251,0
984252,0
984253,0
984254,0
984255,15
984256,0
984257,31
984258,0
984259,0
984260,0
984261,0
984262,0
984263,0
984264,0
984265,0
984266,31
984267,0
984268,20
984269,0
984270,0
984271,0
984272,24
984273,0
984274,0
984275,0
984276,0
984277,0
984278,0
984279,0
984280,0
984281,23
984282,0
984283,0
984284,0
984285,0
984286,0
984287,0
984288,0
984289,0
984290,0
984291,0
984292,0
984293,0
984294,0
984295,0
984296,35
984297,0
984298,0
984299,0
984300,0
984301,0
984302,49
984303,42
984304,0
984305,33
984306,20
984307,0
984308,0
984309,0
984310,0
984311,0
984312,0
984313,33
984314,25
984315,0
984316,38
984317,0
984318,0
984319,21
984320,0
984321,0
984322,0
984323,0
984324,0
984325,25
984326,0
984327,0
984328,0
984329,0
984330,0
984331,0
984332,38
984333,40
984334,0
984335,0
984336,16
984337,0
984338,0
984339,0
984340,0
984341,0
984342,0
984343,0
984344,22
984345,0
984346,0
984347,0
984348,0
984349,0
984350,0
984351,0
984352,0
984353,0
984354,0
984355,0
984356,29
984357,0
984358,33
984359,0
984360,33
984361,0
984362,0
984363,31
984364,0
984365,39
984366,0
984367,0
984368,0
984369,33
984370,24
984371,0
984372,59
984373,0
984374,36
984375,28
984376,0
984377,46
984378,29
984379,41
984380,0
984381,0
984382,0
984383,24
984384,0
984385,0
984386,0
984387,31
984388,0
984389,0
984390,0
984391,41
984392,0
984393,29
984394,0
984395,0
984396,0
984397,0
984398,0
984399,35
984400,0
984401,0
984402,0
984403,0
984404,0
984405,0
984406,0
984407,0
984408,0
984409,0
984410,0
984411,26
984412,0
984413,27
984414,0
984415,0
984416,0
984417,23
984418,0
984419,0
984420,37
984421,0
984422,0
984423,0
984424,0
984425,0
984426,0
984427,0
984428,0
984429,0
984430,43
984431,0
984432,0
984433,0
984434,0
984435,0
984436,39
984437,0
984438,32
984439,0
984440,0
984441,0
984442,32
984443,0
984444,0
984445,25
984446,0
984447,0
984448,0
984449,0
984450,0
984451,0
984452,0
984453,36
984454,0
984455,28
984456,0
984457,0
984458,0
984459,0
984460,0
984461,49
984462,0
984463,31
984464,0
984465,0
984466,0
984467,0
984468,24
984469,0
984470,0
984471,0
984472,0
984473,0
984474,0
984475,0
984476,0
984477,0
984478,0
984479,0
984480,0
984481,27
984482,0
984483,33
984484,31
984485,0
984486,0
984487,0
984488,0
984489,0
984490,0
984491,0
984492,0
984493,0
984494,0
984495,0
984496,0
984497,0
984498,36
984499,0
984500,0
984501,0
984502,0
984503,0
984504,0
984505,0
984506,0
984507,0
984508,29
984509,22
984510,0
984511,0
984512,0
984513,0
984514,0
984515,0
984516,0
984517,0
984518,0
984519,0
984520,0
984521,0
984522,29
984523,0
984524,0
984525,0
984526,0
984527,0
984528,0
984529,0
984530,0
984531,0
984532,27
984533,0
984534,0
984535,0
984536,0
984537,0
984538,36
984539,0
984540,0
984541,0
984542,0
984543,0
984544,0
984545,0
984546,23
984547,41
984548,0
984549,28
984550,0
984551,0
984552,0
984553,0
984554,0
984555,0
984556,0
984557,0
984558,0
984559,47
984560,0
984561,0
984562,0
984563,0
984564,0
984565,0
984566,0
984567,0
984568,0
984569,0
984570,0
984571,0
984572,0
984573,19
984574,0
984575,0
984576,25
984577,26
984578,0
984579,0
984580,0
984581,0
984582,0
984583,0
984584,0
984585,0
984586,0
984587,0
984588,33
984589,0
984590,0
984591,0
984592,0
984593,0
984594,0
984595,0
984596,28
984597,0
984598,0
984599,0
984600,38
984601,28
984602,0
984603,0
984604,27
984605,0
984606,22
984607,0
984608,0
984609,0
984610,0
984611,37
984612,0
984613,0
984614,0
984615,0
984616,0
984617,0
984618,0
984619,0
984620,0
984621,0
984622,0
984623,0
984624,0
984625,0
984626,0
984627,0
984628,39
984629,0
984630,0
984631,0
984632,0
984633,0
984634,0
984635,0
984636,33
984637,0
984638,31
984639,0
984640,0
984641,0
984642,0
984643,0
984644,0
984645,0
984646,0
984647,0
984648,0
984649,0
984650,0
984651,0
984652,0
984653,0
984654,0
984655,0
984656,51
984657,0
984658,0
984659,0
984660,0
984661,0
984662,0
984663,0
984664,33
984665,0
984666,0
984667,0
984668,0
984669,0
984670,31
984671,0
984672,0
984673,0
984674,0
984675,0
984676,0
984677,0
984678,0
984679,0
984680,33
984681,0
984682,0
984683,0
984684,0
984685,0
984686,0
984687,0
984688,0
984689,0
984690,0
984691,0
984692,0
984693,0
984694,0
984695,0
984696,0
984697,0
984698,0
984699,0
984700,0
984701,0
984702,0
984703,0
984704,0
984705,40
984706,0
984707,0
984708,0
984709,0
984710,0
984711,0
984712,0
984713,18
984714,39
984715,0
984716,36
984717,0
984718,0
984719,0
984720,0
984721,0
984722,0
984723,0
984724,0
984725,0
984726,0
984727,0
984728,0
984729,50
984730,0
984731,0
984732,0
984733,0
984734,0
984735,0
984736,0
984737,0
984738,0
984739,0
984740,0
984741,0
984742,0
984743,0
984744,24
984745,34
984746,0
984747,0
984748,0
984749,0
984750,36
984751,0
984752,28
984753,44
984754,0
984755,0
984756,0
984757,0
984758,52
984759,0
984760,42
984761,0
984762,46
984763,0
984764,0
984765,0
984766,0
984767,0
984768,0
984769,0
984770,0
984771,0
984772,0
984773,18
984774,0
984775,0
984776,0
984777,0
984778,0
984779,29
984780,0
984781,0
984782,0
984783,0
984784,0
984785,0
984786,40
984787,31
984788,0
984789,0
984790,0
984791,0
984792,0
984793,0
984794,0
984795,46
984796,0
984797,0
984798,25
984799,0
984800,0
984801,0
984802,0
984803,0
984804,0
984805,36
984806,28
984807,0
984808,0
984809,0
984810,0
984811,50
984812,0
984813,0
984814,0
984815,0
984816,0
984817,29
984818,0
984819,0
984820,0
984821,0
984822,0
984823,0
984824,0
984825,0
984826,38
984827,0
984828,0
984829,0
984830,30
984831,0
984832,0
984833,0
984834,44
984835,0
984836,31
984837,44
984838,0
984839,0
984840,0
984841,35
984842,27
984843,0
984844,0
984845,0
984846,0
984847,0
984848,0
984849,0
984850,28
984851,41
984852,0
984853,0
984854,0
984855,35
984856,47
984857,36
984858,0
984859,0
984860,0
984861,0
984862,0
984863,32
984864,0
984865,0
984866,0
984867,0
984868,0
984869,0
984870,0
984871,0
984872,0
984873,24
984874,0
984875,0
984876,0
984877,0
984878,30
984879,0
984880,0
984881,0
984882,0
984883,0
984884,32
984885,30
984886,0
984887,0
984888,0
984889,0
984890,28
984891,38
984892,0
984893,0
984894,0
984895,19
984896,0
984897,34
984898,0
984899,0
984900,37
984901,31
984902,0
984903,0
984904,0
984905,0
984906,31
984907,37
984908,0
984909,32
984910,0
984911,0
984912,0
984913,49
984914,0
984915,44
984916,0
984917,0
984918,37
984919,0
984920,0
984921,0
984922,25
984923,0
984924,32
984925,0
984926,0
984927,29
984928,0
984929,0
984930,0
984931,0
984932,37
984933,0
984934,0
984935,0
984936,0
984937,0
984938,0
984939,0
984940,0
984941,0
984942,0
984943,0
984944,0
984945,0
984946,0
984947,33
984948,0
984949,0
984950,0
984951,36
984952,0
984953,0
984954,35
984955,25
984956,0
984957,0
984958,0
984959,0
984960,0
984961,0
984962,0
984963,0
984964,0
984965,0
984966,0
984967,0
984968,0
984969,24
984970,0
984971,0
984972,0
984973,0
984974,0
984975,33
984976,0
984977,23
984978,0
984979,0
984980,0
984981,0
984982,0
984983,0
984984,0
984985,39
984986,0
984987,0
984988,0
984989,0
984990,0
984991,0
984992,0
984993,0
984994,0
984995,0
984996,0
984997,0
984998,0
984999,0
985000,0
985001,0
985002,0
985003,0
985004,0
985005,0
985006,50
985007,0
985008,0
985009,49
985010,0
985011,0
985012,28
985013,0
985014,0
985015,0
985016,0
985017,34
985018,0
985019,0
985020,0
985021,0
985022,0
985023,40
985024,0
985025,0
985026,29
985027,0
985028,32
985029,0
985030,0
985031,0
985032,0
985033,0
985034,0
985035,0
985036,0
985037,0
985038,0
985039,44
985040,0
985041,39
985042,0
985043,30
985044,0
985045,35
985046,0
985047,0
985048,0
985049,0
985050,0
985051,0
985052,0
985053,0
985054,27
985055,0
985056,0
985057,0
985058,0
985059,0
985060,23
985061,0
985062,0
985063,21
985064,0
985065,0
985066,0
985067,0
985068,28
985069,43
985070,0
985071,0
985072,0
985073,0
985074,0
985075,0
985076,0
985077,23
985078,0
985079,0
985080,0
985081,0
985082,0
985083,38
985084,0
985085,25
985086,0
985087,0
985088,0
985089,0
985090,0
985091,0
985092,0
985093,0
985094,0
985095,16
985096,0
985097,0
985098,0
985099,0
985100,0
985101,0
985102,0
985103,0
985104,0
985105,0
985106,0
985107,39
985108,0
985109,0
985110,0
985111,0
985112,0
985113,41
985114,0
985115,0
985116,0
985117,0
985118,0
985119,0
985120,0
985121,0
985122,23
985123,45
985124,0
985125,0
985126,52
985127,38
985128,0
985129,43
985130,0
985131,0
985132,0
985133,0
985134,23
985135,0
985136,0
985137,0
985138,0
985139,29
985140,0
985141,0
985142,0
985143,0
985144,0
985145,0
985146,0
985147,0
985148,0
985149,0
985150,0
985151,0
985152,30
985153,0
985154,37
985155,0
985156,0
985157,0
985158,29
985159,32
985160,0
985161,0
985162,0
985163,0
985164,0
985165,0
985166,0
985167,34
985168,0
985169,0
985170,0
985171,0
985172,0
985173,0
985174,0
985175,0
985176,0
985177,0
985178,0
985179,0
985180,0
985181,0
985182,0
985183,0
985184,0
985185,0
985186,0
985187,0
985188,0
985189,0
985190,0
985191,0
985192,36
985193,37
985194,0
985195,0
985196,0
985197,0
985198,0
985199,0
985200,0
985201,0
985202,0
985203,0
985204,0
985205,0
985206,37
985207,0
985208,0
985209,34
985210,0
985211,31
985212,0
985213,0
985214,0
985215,0
985216,0
985217,0
985218,0
985219,0
985220,0
985221,33
985222,0
985223,0
985224,0
985225,48
985226,0
985227,0
985228,0
985229,0
985230,0
985231,31
985232,0
985233,46
985234,0
985235,0
985236,0
985237,0
985238,0
985239,0
985240,0
985241,0
985242,0
985243,0
985244,28
985245,0
985246,0
985247,0
985248,0
985249,0
985250,0
985251,0
985252,0
985253,0
985254,0
985255,0
985256,0
985257,0
985258,0
985259,38
985260,0
985261,0
985262,41
985263,0
985264,0
985265,0
985266,0
985267,0
985268,0
985269,0
985270,0
985271,0
985272,0
985273,0
985274,0
985275,0
985276,0
985277,0
985278,0
985279,0
985280,0
985281,0
985282,0
985283,0
985284,0
985285,0
985286,0
985287,0
985288,0
985289,0
985290,0
985291,0
985292,0
985293,0
985294,0
985295,0
985296,0
985297,0
985298,0
985299,41
985300,0
985301,15
985302,0
985303,0
985304,0
985305,0
985306,0
985307,0
985308,0
985309,0
985310,0
985311,43
985312,0
985313,0
985314,0
985315,0
985316,0
985317,0
985318,30
985319,0
985320,0
985321,0
985322,0
985323,0
985324,0
985325,0
985326,0
985327,0
985328,0
985329,31
985330,0
985331,0
985332,0
985333,0
985334,0
985335,0
985336,0
985337,49
985338,0
985339,0
985340,0
985341,0
985342,0
985343,0
985344,0
985345,0
985346,0
985347,0
985348,0
985349,0
985350,28
985351,0
985352,0
985353,0
985354,0
985355,0
985356,44
985357,0
985358,0
985359,0
985360,0
985361,0
985362,0
985363,0
985364,0
985365,0
985366,0
985367,0
985368,0
985369,0
985370,0
985371,0
985372,30
985373,34
985374,0
985375,36
985376,35
985377,0
985378,0
985379,0
985380,0
985381,0
985382,0
985383,0
985384,0
985385,0
985386,31
985387,23
985388,0
985389,0
985390,0
985391,31
985392,0
985393,0
985394,0
985395,0
985396,47
985397,0
985398,0
985399,0
985400,0
985401,0
985402,0
985403,0
985404,0
985405,0
985406,0
985407,0
985408,0
985409,0
985410,0
985411,0
985412,45
985413,44
985414,0
985415,0
985416,0
985417,0
985418,0
985419,0
985420,0
985421,0
985422,0
985423,0
985424,0
985425,0
985426,0
985427,0
985428,0
985429,0
985430,0
985431,0
985432,0
985433,0
985434,36
985435,41
985436,0
985437,0
985438,0
985439,0
985440,0
985441,0
985442,0
985443,0
985444,30
985445,30
985446,0
985447,0
985448,0
985449,0
985450,0
985451,57
985452,0
985453,0
985454,0
985455,0
985456,0
985457,39
985458,0
985459,0
985460,0
985461,0
985462,0
985463,27
985464,0
985465,0
985466,0
985467,38
985468,48
985469,0
985470,0
985471,0
985472,31
985473,56
985474,0
985475,0
985476,0
985477,0
985478,0
985479,0
985480,0
985481,0
985482,0
985483,0
985484,0
985485,0
985486,0
985487,0
985488,0
985489,0
985490,0
985491,0
985492,0
985493,0
985494,0
985495,0
985496,0
985497,0
985498,0
985499,0
985500,0
985501,0
985502,0
985503,26
985504,0
985505,38
985506,0
985507,0
985508,0
985509,0
985510,0
985511,0
985512,30
985513,24
985514,0
985515,0
985516,0
985517,0
985518,0
985519,0
985520,0
985521,0
985522,46
985523,0
985524,0
985525,17
985526,0
985527,0
985528,30
985529,0
985530,0
985531,42
985532,0
985533,0
985534,0
985535,0
985536,38
985537,0
985538,27
985539,0
985540,0
985541,0
985542,0
985543,0
985544,0
985545,0
985546,0
985547,0
985548,0
985549,0
985550,0
985551,0
985552,0
985553,0
985554,0
985555,0
985556,0
985557,0
985558,0
985559,0
985560,0
985561,0
985562,0
985563,31
985564,30
985565,0
985566,0
985567,37
985568,0
985569,0
985570,0
985571,21
985572,0
985573,0
985574,0
985575,0
985576,0
985577,0
985578,0
985579,0
985580,0
985581,29
985582,0
985583,0
985584,0
985585,0
985586,0
985587,0
985588,0
985589,0
985590,39
985591,0
985592,0
985593,0
985594,0
985595,0
985596,0
985597,0
985598,0
985599,0
985600,0
985601,24
985602,0
985603,0
985604,0
985605,0
985606,0
985607,0
985608,0
985609,47
985610,31
985611,0
985612,33
985613,0
985614,0
985615,0
985616,0
985617,46
985618,0
985619,0
985620,35
985621,0
985622,0
985623,45
985624,0
985625,30
985626,0
985627,0
985628,37
985629,0
985630,0
985631,0
985632,27
985633,0
985634,33
985635,0
985636,0
985637,0
985638,0
985639,0
985640,0
985641,0
985642,36
985643,0
985644,0
985645,0
985646,0
985647,0
985648,0
985649,0
985650,0
985651,0
985652,0
985653,0
985654,0
985655,0
985656,0
985657,0
985658,0
985659,0
985660,0
985661,35
985662,0
985663,0
985664,0
985665,0
985666,0
985667,0
985668,0
985669,0
985670,0
985671,0
985672,50
985673,0
985674,26
985675,51
985676,29
985677,0
985678,0
985679,0
985680,29
985681,0
985682,0
985683,0
985684,0
985685,0
985686,0
985687,22
985688,0
985689,0
985690,0
985691,0
985692,0
985693,0
985694,0
985695,0
985696,0
985697,20
985698,0
985699,0
985700,0
985701,27
985702,0
985703,0
985704,0
985705,36
985706,0
985707,30
985708,0
985709,0
985710,26
985711,0
985712,34
985713,0
985714,0
985715,40
985716,0
985717,0
985718,0
985719,0
985720,0
985721,0
985722,0
985723,0
985724,0
985725,0
985726,36
985727,0
985728,0
985729,22
985730,0
985731,0
985732,0
985733,0
985734,0
985735,0
985736,0
985737,0
985738,0
985739,25
985740,0
985741,0
985742,0
985743,0
985744,0
985745,0
985746,0
985747,0
985748,0
985749,28
985750,41
985751,0
985752,0
985753,0
985754,29
985755,0
985756,0
985757,0
985758,0
985759,0
985760,30
985761,0
985762,0
985763,41
985764,0
985765,34
985766,0
985767,32
985768,0
985769,0
985770,0
985771,0
985772,0
985773,0
985774,0
985775,0
985776,0
985777,0
985778,0
985779,0
985780,0
985781,0
985782,34
985783,0
985784,0
985785,0
985786,0
985787,0
985788,0
985789,0
985790,0
985791,29
985792,0
985793,25
985794,0
985795,0
985796,40
985797,0
985798,0
985799,0
985800,0
985801,0
985802,27
985803,0
985804,0
985805,0
985806,0
985807,0
985808,0
985809,0
985810,0
985811,0
985812,0
985813,0
985814,0
985815,0
985816,0
985817,0
985818,29
985819,0
985820,0
985821,0
985822,36
985823,0
985824,0
985825,0
985826,0
985827,0
985828,0
985829,0
985830,35
985831,25
985832,0
985833,0
985834,46
985835,0
985836,0
985837,0
985838,0
985839,0
985840,0
985841,0
985842,0
985843,0
985844,24
985845,0
985846,27
985847,29
985848,0
985849,0
985850,0
985851,44
985852,0
985853,0
985854,0
985855,0
985856,0
985857,0
985858,0
985859,0
985860,0
985861,0
985862,0
985863,0
985864,0
985865,0
985866,0
985867,0
985868,0
985869,0
985870,0
985871,0
985872,0
985873,19
985874,0
985875,0
985876,0
985877,0
985878,0
985879,0
985880,0
985881,0
985882,25
985883,0
985884,0
985885,0
985886,0
985887,24
985888,0
985889,0
985890,0
985891,36
985892,0
985893,0
985894,0
985895,0
985896,0
985897,0
985898,20
985899,0
985900,0
985901,0
985902,18
985903,0
985904,0
985905,0
985906,25
985907,0
985908,0
985909,0
985910,0
985911,0
985912,0
985913,0
985914,0
985915,0
985916,0
985917,0
985918,0
985919,31
985920,0
985921,0
985922,0
985923,0
985924,0
985925,0
985926,0
985927,0
985928,0
985929,28
985930,0
985931,0
985932,0
985933,0
985934,25
985935,26
985936,38
985937,0
985938,0
985939,50
985940,0
985941,0
985942,39
985943,0
985944,0
985945,40
985946,29
985947,28
985948,0
985949,37
985950,0
985951,37
985952,0
985953,35
985954,0
985955,0
985956,0
985957,0
985958,0
985959,0
985960,0
985961,0
985962,0
985963,38
985964,34
985965,0
985966,0
985967,0
985968,0
985969,0
985970,0
985971,0
985972,25
985973,0
985974,0
985975,0
985976,0
985977,0
985978,0
985979,29
985980,0
985981,0
985982,28
985983,0
985984,0
985985,0
985986,0
985987,0
985988,0
985989,0
985990,39
985991,32
985992,0
985993,0
985994,35
985995,0
985996,0
985997,0
985998,0
985999,0
986000,0
986001,0
986002,0
986003,0
986004,0
986005,0
986006,41
986007,0
986008,23
986009,0
986010,39
986011,0
986012,0
986013,0
986014,30
986015,0
986016,0
986017,0
986018,0
986019,0
986020,0
986021,0
986022,0
986023,0
986024,0
986025,0
986026,0
986027,0
986028,0
986029,0
986030,40
986031,0
986032,31
986033,0
986034,0
986035,0
986036,33
986037,0
986038,0
986039,0
986040,0
986041,0
986042,0
986043,27
986044,0
986045,0
986046,0
986047,0
986048,0
986049,0
986050,0
986051,0
986052,0
986053,0
986054,0
986055,14
986056,0
986057,0
986058,0
986059,0
986060,0
986061,0
986062,0
986063,23
986064,0
986065,0
986066,0
986067,0
986068,0
986069,0
986070,0
986071,21
986072,0
986073,0
986074,0
986075,0
986076,0
986077,0
986078,0
986079,0
986080,23
986081,0
986082,0
986083,0
986084,0
986085,0
986086,0
986087,0
986088,0
986089,0
986090,0
986091,0
986092,0
986093,0
986094,0
986095,0
986096,0
986097,0
986098,0
986099,0
986100,0
986101,0
986102,21
986103,23
986104,0
986105,35
986106,0
986107,26
986108,23
986109,0
986110,0
986111,0
986112,0
986113,39
986114,0
986115,0
986116,0
986117,0
986118,0
986119,0
986120,0
986121,0
986122,32
986123,0
986124,0
986125,0
986126,0
986127,19
986128,0
986129,0
986130,0
986131,35
986132,0
986133,0
986134,0
986135,0
986136,0
986137,0
986138,0
986139,0
986140,0
986141,0
986142,0
986143,41
986144,0
986145,44
986146,0
986147,0
986148,0
986149,0
986150,0
986151,0
986152,0
986153,37
986154,0
986155,40
986156,0
986157,0
986158,0
986159,0
986160,0
986161,0
986162,0
986163,0
986164,32
986165,0
986166,0
986167,35
986168,23
986169,33
986170,0
986171,0
986172,0
986173,0
986174,0
986175,0
986176,0
986177,0
986178,0
986179,0
986180,0
986181,0
986182,26
986183,0
986184,0
986185,0
986186,0
986187,0
986188,0
986189,0
986190,0
986191,0
986192,43
986193,0
986194,23
986195,0
986196,33
986197,0
986198,0
986199,0
986200,0
986201,0
986202,35
986203,0
986204,0
986205,0
986206,0
986207,29
986208,0
986209,0
986210,31
986211,0
986212,0
986213,0
986214,0
986215,0
986216,0
986217,0
986218,0
986219,0
986220,0
986221,0
986222,0
986223,0
986224,0
986225,0
986226,0
986227,39
986228,0
986229,0
986230,0
986231,31
986232,0
986233,0
986234,0
986235,29
986236,0
986237,0
986238,0
986239,0
986240,0
986241,0
986242,0
986243,0
986244,0
986245,0
986246,0
986247,0
986248,0
986249,0
986250,0
986251,31
986252,0
986253,0
986254,0
986255,0
986256,30
986257,0
986258,0
986259,0
986260,0
986261,0
986262,0
986263,24
986264,0
986265,0
986266,0
986267,0
986268,0
986269,31
986270,34
986271,22
986272,0
986273,0
986274,26
986275,0
986276,0
986277,0
986278,0
986279,0
986280,21
986281,0
986282,0
986283,0
986284,0
986285,0
986286,0
986287,0
986288,25
986289,0
986290,0
986291,0
986292,0
986293,0
986294,0
986295,0
986296,0
986297,0
986298,0
986299,0
986300,0
986301,0
986302,0
986303,0
986304,0
986305,0
986306,42
986307,0
986308,0
986309,0
986310,0
986311,0
986312,28
986313,0
986314,0
986315,32
986316,0
986317,27
986318,0
986319,0
986320,0
986321,0
986322,0
986323,0
986324,0
986325,0
986326,0
986327,21
986328,0
986329,0
986330,0
986331,40
986332,56
986333,27
986334,0
986335,28
986336,53
986337,0
986338,0
986339,0
986340,0
986341,25
986342,0
986343,31
986344,27
986345,0
986346,0
986347,0
986348,0
986349,0
986350,0
986351,0
986352,0
986353,0
986354,33
986355,0
986356,0
986357,0
986358,0
986359,34
986360,0
986361,0
986362,0
986363,0
986364,0
986365,0
986366,0
986367,26
986368,0
986369,0
986370,0
986371,0
986372,30
986373,0
986374,0
986375,0
986376,0
986377,0
986378,0
986379,0
986380,0
986381,0
986382,0
986383,28
986384,0
986385,0
986386,0
986387,0
986388,0
986389,0
986390,22
986391,0
986392,0
986393,0
986394,0
986395,36
986396,45
986397,0
986398,0
986399,0
986400,0
986401,0
986402,0
986403,0
986404,0
986405,0
986406,0
986407,0
986408,0
986409,0
986410,0
986411,0
986412,0
986413,0
986414,0
986415,0
986416,0
986417,0
986418,0
986419,0
986420,0
986421,0
986422,0
986423,24
986424,0
986425,0
986426,0
986427,0
986428,0
986429,0
986430,0
986431,0
986432,0
986433,0
986434,0
986435,29
986436,0
986437,0
986438,0
986439,0
986440,0
986441,0
986442,0
986443,0
986444,0
986445,0
986446,0
986447,0
986448,35
986449,0
986450,0
986451,0
986452,0
986453,0
986454,0
986455,0
986456,0
986457,0
986458,0
986459,0
986460,0
986461,0
986462,0
986463,0
986464,0
986465,0
986466,0
986467,0
986468,0
986469,0
986470,0
986471,0
986472,0
986473,0
986474,0
986475,0
986476,0
986477,0
986478,35
986479,0
986480,0
986481,0
986482,0
986483,26
986484,0
986485,0
986486,0
986487,0
986488,0
986489,0
986490,0
986491,0
986492,0
986493,22
986494,0
986495,0
986496,0
986497,41
986498,0
986499,0
986500,0
986501,0
986502,0
986503,0
986504,0
986505,0
986506,0
986507,21
986508,0
986509,0
986510,0
986511,0
986512,0
986513,0
986514,0
986515,0
986516,0
986517,32
986518,0
986519,0
986520,0
986521,0
986522,0
986523,0
986524,0
986525,0
986526,0
986527,0
986528,0
986529,0
986530,0
986531,0
986532,0
986533,34
986534,0
986535,0
986536,0
986537,0
986538,0
986539,0
986540,37
986541,0
986542,0
986543,0
986544,0
986545,0
986546,0
986547,0
986548,0
986549,0
986550,0
986551,0
986552,0
986553,0
986554,0
986555,0
986556,0
986557,28
986558,0
986559,0
986560,0
986561,0
986562,0
986563,0
986564,0
986565,0
986566,0
986567,0
986568,0
986569,39
986570,0
986571,0
986572,0
986573,42
986574,0
986575,0
986576,0
986577,0
986578,0
986579,0
986580,0
986581,0
986582,0
986583,0
986584,0
986585,0
986586,22
986587,0
986588,0
986589,0
986590,0
986591,0
986592,21
986593,0
986594,0
986595,39
986596,0
986597,0
986598,0
986599,29
986600,0
986601,0
986602,0
986603,0
986604,0
986605,0
986606,0
986607,45
986608,0
986609,0
986610,0
986611,0
986612,0
986613,0
986614,0
986615,0
986616,0
986617,0
986618,0
986619,29
986620,0
986621,0
986622,0
986623,0
986624,0
986625,0
986626,32
986627,0
986628,0
986629,0
986630,0
986631,0
986632,0
986633,0
986634,0
986635,0
986636,31
986637,0
986638,0
986639,0
986640,0
986641,0
986642,0
986643,0
986644,0
986645,0
986646,0
986647,0
986648,45
986649,0
986650,0
986651,0
986652,17
986653,0
986654,0
986655,0
986656,0
986657,0
986658,0
986659,0
986660,0
986661,0
986662,0
986663,0
986664,30
986665,0
986666,0
986667,0
986668,0
986669,0
986670,50
986671,0
986672,33
986673,4
986674,0
986675,0
986676,0
986677,0
986678,20
986679,0
986680,0
986681,0
986682,0
986683,0
986684,0
986685,28
986686,0
986687,0
986688,0
986689,0
986690,0
986691,0
986692,32
986693,0
986694,30
986695,0
986696,0
986697,0
986698,32
986699,0
986700,0
986701,0
986702,0
986703,0
986704,0
986705,0
986706,0
986707,0
986708,0
986709,0
986710,0
986711,19
986712,0
986713,0
986714,0
986715,0
986716,0
986717,0
986718,0
986719,0
986720,0
986721,0
986722,0
986723,45
986724,0
986725,0
986726,0
986727,44
986728,0
986729,0
986730,0
986731,0
986732,0
986733,0
986734,0
986735,0
986736,0
986737,29
986738,0
986739,0
986740,0
986741,0
986742,0
986743,0
986744,0
986745,0
986746,0
986747,0
986748,0
986749,0
986750,0
986751,0
986752,0
986753,45
986754,0
986755,0
986756,0
986757,0
986758,29
986759,0
986760,26
986761,0
986762,0
986763,27
986764,0
986765,0
986766,0
986767,0
986768,0
986769,29
986770,0
986771,0
986772,0
986773,0
986774,27
986775,0
986776,0
986777,0
986778,0
986779,0
986780,0
986781,0
986782,0
986783,0
986784,0
986785,0
986786,0
986787,0
986788,0
986789,22
986790,0
986791,0
986792,0
986793,0
986794,0
986795,0
986796,0
986797,0
986798,0
986799,32
986800,0
986801,0
986802,0
986803,0
986804,0
986805,0
986806,0
986807,0
986808,0
986809,0
986810,0
986811,0
986812,0
986813,0
986814,0
986815,0
986816,0
986817,18
986818,0
986819,0
986820,0
986821,0
986822,0
986823,0
986824,0
986825,0
986826,0
986827,0
986828,25
986829,0
986830,0
986831,0
986832,0
986833,0
986834,0
986835,0
986836,0
986837,0
986838,0
986839,29
986840,0
986841,42
986842,25
986843,0
986844,0
986845,0
986846,0
986847,0
986848,0
986849,0
986850,22
986851,0
986852,0
986853,0
986854,0
986855,30
986856,0
986857,0
986858,0
986859,0
986860,0
986861,0
986862,0
986863,0
986864,0
986865,0
986866,0
986867,0
986868,0
986869,0
986870,0
986871,29
986872,0
986873,0
986874,0
986875,32
986876,0
986877,0
986878,0
986879,0
986880,0
986881,0
986882,0
986883,0
986884,0
986885,0
986886,0
986887,0
986888,0
986889,0
986890,0
986891,0
986892,0
986893,0
986894,0
986895,61
986896,0
986897,0
986898,0
986899,0
986900,0
986901,0
986902,0
986903,0
986904,47
986905,0
986906,38
986907,39
986908,36
986909,0
986910,0
986911,0
986912,37
986913,0
986914,0
986915,32
986916,37
986917,0
986918,0
986919,0
986920,0
986921,0
986922,0
986923,0
986924,0
986925,0
986926,43
986927,0
986928,34
986929,44
986930,0
986931,0
986932,0
986933,0
986934,0
986935,0
986936,0
986937,0
986938,0
986939,0
986940,0
986941,0
986942,0
986943,0
986944,0
986945,0
986946,27
986947,0
986948,0
986949,0
986950,0
986951,0
986952,51
986953,0
986954,47
986955,28
986956,40
986957,0
986958,0
986959,0
986960,43
986961,0
986962,51
986963,0
986964,0
986965,0
986966,55
986967,0
986968,0
986969,0
986970,22
986971,0
986972,37
986973,0
986974,0
986975,0
986976,44
986977,46
986978,31
986979,48
986980,0
986981,0
986982,0
986983,0
986984,0
986985,49
986986,0
986987,41
986988,0
986989,0
986990,0
986991,0
986992,0
986993,39
986994,0
986995,0
986996,0
986997,0
986998,0
986999,35
987000,0
987001,0
987002,43
987003,0
987004,0
987005,38
987006,0
987007,0
987008,0
987009,0
987010,0
987011,0
987012,28
987013,0
987014,0
987015,0
987016,0
987017,0
987018,34
987019,24
987020,34
987021,37
987022,0
987023,0
987024,24
987025,43
987026,0
987027,0
987028,0
987029,0
987030,37
987031,40
987032,44
987033,0
987034,0
987035,25
987036,46
987037,24
987038,0
987039,0
987040,0
987041,0
987042,0
987043,0
987044,0
987045,14
987046,0
987047,0
987048,11
987049,0
987050,0
987051,7
987052,5
987053,0
987054,7
987055,0
987056,0
987057,0
987058,0
987059,0
987060,11
987061,0
987062,0
987063,0
987064,0
987065,0
987066,12
987067,4
987068,0
987069,0
987070,0
987071,0
987072,0
987073,0
987074,0
987075,0
987076,0
987077,0
987078,0
987079,0
987080,0
987081,0
987082,0
987083,0
987084,0
987085,0
987086,0
987087,0
987088,0
987089,0
987090,0
987091,0
987092,0
987093,0
987094,2
987095,0
987096,0
987097,0
987098,0
987099,0
987100,0
987101,0
987102,0
987103,0
987104,11
987105,0
987106,0
987107,0
987108,0
987109,0
987110,0
987111,0
987112,0
987113,0
987114,0
987115,0
987116,0
987117,0
987118,0
987119,0
987120,0
987121,0
987122,0
987123,0
987124,5
987125,0
987126,0
987127,0
987128,0
987129,0
987130,0
987131,0
987132,0
987133,0
987134,7
987135,0
987136,0
987137,0
987138,0
987139,0
987140,0
987141,0
987142,2
987143,0
987144,0
987145,0
987146,8
987147,0
987148,0
987149,0
987150,0
987151,0
987152,0
987153,0
987154,0
987155,0
987156,0
987157,0
987158,0
987159,0
987160,0
987161,8
987162,0
987163,6
987164,0
987165,0
987166,0
987167,0
987168,0
987169,0
987170,0
987171,0
987172,8
987173,0
987174,0
987175,0
987176,0
987177,9
987178,0
987179,0
987180,0
987181,0
987182,0
987183,0
987184,7
987185,0
987186,0
987187,0
987188,7
987189,0
987190,9
987191,0
987192,0
987193,0
987194,0
987195,0
987196,0
987197,0
987198,0
987199,0
987200,0
987201,0
987202,0
987203,11
987204,0
987205,0
987206,0
987207,0
987208,0
987209,0
987210,0
987211,0
987212,0
987213,8
987214,0
987215,0
987216,0
987217,0
987218,0
987219,0
987220,13
987221,0
987222,0
987223,0
987224,0
987225,0
987226,0
987227,0
987228,0
987229,7
987230,0
987231,8
987232,0
987233,0
987234,0
987235,0
987236,0
987237,9
987238,14
987239,0
987240,0
987241,0
987242,0
987243,3
987244,0
987245,0
987246,0
987247,0
987248,0
987249,0
987250,0
987251,8
987252,0
987253,0
987254,0
987255,0
987256,0
987257,0
987258,2
987259,0
987260,0
987261,0
987262,5
987263,0
987264,0
987265,0
987266,0
987267,0
987268,0
987269,0
987270,0
987271,4
987272,0
987273,0
987274,0
987275,0
987276,0
987277,0
987278,15
987279,0
987280,0
987281,0
987282,0
987283,0
987284,0
987285,0
987286,0
987287,0
987288,0
987289,10
987290,0
987291,0
987292,0
987293,0
987294,9
987295,0
987296,0
987297,0
987298,0
987299,0
987300,0
987301,0
987302,0
987303,0
987304,0
987305,0
987306,0
987307,0
987308,19
987309,0
987310,0
987311,0
987312,0
987313,0
987314,0
987315,0
987316,0
987317,0
987318,8
987319,0
987320,0
987321,0
987322,0
987323,0
987324,0
987325,0
987326,0
987327,0
987328,0
987329,0
987330,0
987331,0
987332,0
987333,0
987334,0
987335,0
987336,0
987337,8
987338,0
987339,0
987340,0
987341,0
987342,7
987343,0
987344,0
987345,0
987346,3
987347,0
987348,0
987349,0
987350,0
987351,0
987352,0
987353,0
987354,0
987355,0
987356,0
987357,0
987358,0
987359,0
987360,0
987361,7
987362,0
987363,0
987364,0
987365,12
987366,0
987367,0
987368,0
987369,0
987370,0
987371,12
987372,0
987373,2
987374,0
987375,0
987376,0
987377,0
987378,0
987379,0
987380,0
987381,0
987382,0
987383,0
987384,11
987385,0
987386,0
987387,0
987388,3
987389,0
987390,13
987391,0
987392,8
987393,0
987394,0
987395,0
987396,0
987397,8
987398,0
987399,8
987400,0
987401,0
987402,0
987403,0
987404,0
987405,0
987406,0
987407,0
987408,0
987409,0
987410,0
987411,0
987412,0
987413,0
987414,0
987415,15
987416,13
987417,0
987418,0
987419,5
987420,0
987421,0
987422,0
987423,10
987424,10
987425,0
987426,0
987427,0
987428,6
987429,10
987430,0
987431,0
987432,0
987433,0
987434,0
987435,0
987436,0
987437,0
987438,0
987439,0
987440,0
987441,0
987442,0
987443,0
987444,0
987445,8
987446,0
987447,0
987448,0
987449,0
987450,0
987451,0
987452,0
987453,0
987454,0
987455,0
987456,0
987457,0
987458,0
987459,0
987460,0
987461,0
987462,0
987463,0
987464,0
987465,0
987466,0
987467,0
987468,0
987469,0
987470,0
987471,8
987472,0
987473,0
987474,0
987475,0
987476,9
987477,0
987478,0
987479,0
987480,5
987481,9
987482,0
987483,0
987484,0
987485,6
987486,0
987487,0
987488,0
987489,0
987490,0
987491,0
987492,0
987493,0
987494,5
987495,0
987496,0
987497,0
987498,0
987499,0
987500,0
987501,8
987502,0
987503,9
987504,0
987505,0
987506,0
987507,0
987508,0
987509,0
987510,0
987511,0
987512,7
987513,0
987514,0
987515,0
987516,0
987517,0
987518,0
987519,3
987520,0
987521,0
987522,0
987523,0
987524,0
987525,0
987526,0
987527,5
987528,0
987529,8
987530,0
987531,0
987532,0
987533,0
987534,0
987535,0
987536,0
987537,0
987538,0
987539,0
987540,0
987541,0
987542,0
987543,0
987544,0
987545,0
987546,0
987547,2
987548,0
987549,0
987550,0
987551,0
987552,0
987553,0
987554,0
987555,0
987556,0
987557,0
987558,0
987559,0
987560,0
987561,0
987562,0
987563,0
987564,11
987565,0
987566,15
987567,0
987568,12
987569,0
987570,0
987571,0
987572,8
987573,0
987574,0
987575,0
987576,14
987577,0
987578,0
987579,0
987580,11
987581,0
987582,0
987583,0
987584,0
987585,0
987586,0
987587,0
987588,0
987589,0
987590,0
987591,12
987592,0
987593,0
987594,0
987595,0
987596,0
987597,0
987598,0
987599,0
987600,0
987601,0
987602,0
987603,0
987604,0
987605,9
987606,5
987607,0
987608,0
987609,0
987610,0
987611,0
987612,0
987613,0
987614,0
987615,0
987616,0
987617,0
987618,0
987619,0
987620,14
987621,0
987622,0
987623,0
987624,0
987625,0
987626,0
987627,0
987628,0
987629,0
987630,0
987631,0
987632,0
987633,0
987634,0
987635,3
987636,0
987637,0
987638,12
987639,0
987640,0
987641,6
987642,0
987643,7
987644,0
987645,0
987646,0
987647,10
987648,0
987649,0
987650,0
987651,0
987652,0
987653,0
987654,0
987655,0
987656,0
987657,0
987658,0
987659,0
987660,0
987661,0
987662,0
987663,0
987664,0
987665,0
987666,0
987667,0
987668,0
987669,0
987670,0
987671,0
987672,0
987673,0
987674,0
987675,0
987676,0
987677,9
987678,0
987679,0
987680,0
987681,0
987682,0
987683,0
987684,0
987685,12
987686,0
987687,0
987688,0
987689,14
987690,0
987691,0
987692,0
987693,0
987694,0
987695,0
987696,0
987697,6
987698,0
987699,0
987700,0
987701,0
987702,0
987703,13
987704,0
987705,0
987706,0
987707,0
987708,0
987709,0
987710,0
987711,0
987712,0
987713,0
987714,0
987715,0
987716,0
987717,0
987718,3
987719,0
987720,0
987721,0
987722,0
987723,0
987724,3
987725,0
987726,0
987727,13
987728,0
987729,0
987730,0
987731,0
987732,0
987733,0
987734,0
987735,0
987736,9
987737,6
987738,0
987739,0
987740,0
987741,0
987742,0
987743,0
987744,0
987745,0
987746,0
987747,0
987748,0
987749,0
987750,0
987751,0
987752,0
987753,0
987754,0
987755,0
987756,0
987757,0
987758,0
987759,12
987760,0
987761,0
987762,0
987763,0
987764,0
987765,0
987766,0
987767,0
987768,0
987769,0
987770,13
987771,0
987772,0
987773,0
987774,0
987775,0
987776,0
987777,0
987778,0
987779,14
987780,0
987781,0
987782,0
987783,9
987784,0
987785,0
987786,0
987787,0
987788,0
987789,0
987790,3
987791,0
987792,0
987793,0
987794,0
987795,17
987796,0
987797,0
987798,0
987799,0
987800,0
987801,5
987802,10
987803,0
987804,0
987805,0
987806,0
987807,0
987808,0
987809,2
987810,0
987811,0
987812,0
987813,0
987814,0
987815,50
987816,0
987817,0
987818,0
987819,0
987820,0
987821,0
987822,0
987823,0
987824,0
987825,0
987826,0
987827,16
987828,0
987829,0
987830,0
987831,0
987832,0
987833,0
987834,0
987835,36
987836,0
987837,0
987838,0
987839,0
987840,0
987841,0
987842,0
987843,0
987844,0
987845,0
987846,0
987847,0
987848,0
987849,0
987850,0
987851,0
987852,0
987853,36
987854,0
987855,0
987856,0
987857,0
987858,0
987859,0
987860,0
987861,0
987862,0
987863,0
987864,0
987865,0
987866,0
987867,0
987868,0
987869,33
987870,0
987871,0
987872,22
987873,0
987874,0
987875,0
987876,0
987877,0
987878,0
987879,0
987880,0
987881,0
987882,0
987883,23
987884,0
987885,0
987886,0
987887,0
987888,0
987889,0
987890,0
987891,0
987892,0
987893,0
987894,0
987895,0
987896,0
987897,0
987898,0
987899,37
987900,0
987901,0
987902,0
987903,0
987904,0
987905,0
987906,0
987907,0
987908,0
987909,0
987910,0
987911,0
987912,0
987913,0
987914,0
987915,0
987916,0
987917,0
987918,0
987919,0
987920,0
987921,0
987922,0
987923,0
987924,0
987925,0
987926,0
987927,0
987928,46
987929,0
987930,0
987931,0
987932,0
987933,0
987934,0
987935,0
987936,0
987937,0
987938,0
987939,0
987940,0
987941,0
987942,0
987943,32
987944,0
987945,0
987946,30
987947,0
987948,0
987949,0
987950,0
987951,0
987952,0
987953,0
987954,0
987955,0
987956,0
987957,0
987958,0
987959,0
987960,0
987961,0
987962,0
987963,0
987964,0
987965,0
987966,0
987967,0
987968,0
987969,0
987970,0
987971,0
987972,0
987973,0
987974,0
987975,0
987976,0
987977,0
987978,0
987979,0
987980,0
987981,0
987982,0
987983,0
987984,0
987985,0
987986,0
987987,0
987988,0
987989,0
987990,0
987991,0
987992,0
987993,0
987994,31
987995,0
987996,0
987997,0
987998,0
987999,0
988000,0
988001,0
988002,0
988003,0
988004,0
988005,0
988006,0
988007,0
988008,0
988009,0
988010,0
988011,0
988012,0
988013,0
988014,0
988015,0
988016,0
988017,0
988018,0
988019,0
988020,0
988021,0
988022,0
988023,0
988024,42
988025,0
988026,0
988027,0
988028,0
988029,0
988030,0
988031,0
988032,0
988033,0
988034,0
988035,0
988036,0
988037,0
988038,0
988039,0
988040,0
988041,39
988042,0
988043,0
988044,0
988045,0
988046,0
988047,0
988048,0
988049,0
988050,0
988051,0
988052,0
988053,0
988054,0
988055,0
988056,0
988057,0
988058,0
988059,29
988060,0
988061,0
988062,0
988063,0
988064,0
988065,0
988066,0
988067,0
988068,0
988069,33
988070,0
988071,0
988072,0
988073,0
988074,0
988075,0
988076,0
988077,0
988078,0
988079,0
988080,0
988081,0
988082,0
988083,0
988084,0
988085,0
988086,0
988087,0
988088,0
988089,0
988090,0
988091,0
988092,0
988093,0
988094,22
988095,35
988096,0
988097,0
988098,0
988099,0
988100,0
988101,0
988102,0
988103,0
988104,0
988105,0
988106,0
988107,0
988108,0
988109,0
988110,37
988111,0
988112,0
988113,0
988114,22
988115,0
988116,0
988117,0
988118,0
988119,0
988120,0
988121,0
988122,0
988123,0
988124,0
988125,0
988126,0
988127,0
988128,0
988129,0
988130,0
988131,0
988132,26
988133,0
988134,0
988135,0
988136,0
988137,0
988138,0
988139,0
988140,0
988141,0
988142,0
988143,45
988144,0
988145,0
988146,0
988147,0
988148,0
988149,0
988150,0
988151,0
988152,0
988153,0
988154,0
988155,0
988156,0
988157,0
988158,0
988159,0
988160,0
988161,0
988162,0
988163,0
988164,0
988165,0
988166,0
988167,0
988168,25
988169,0
988170,0
988171,0
988172,0
988173,0
988174,0
988175,0
988176,0
988177,0
988178,0
988179,0
988180,0
988181,26
988182,0
988183,0
988184,0
988185,0
988186,0
988187,0
988188,0
988189,0
988190,0
988191,0
988192,0
988193,0
988194,0
988195,0
988196,0
988197,0
988198,0
988199,0
988200,0
988201,0
988202,40
988203,0
988204,0
988205,0
988206,0
988207,0
988208,0
988209,0
988210,0
988211,0
988212,0
988213,0
988214,0
988215,0
988216,0
988217,0
988218,0
988219,0
988220,0
988221,0
988222,0
988223,0
988224,0
988225,0
988226,0
988227,0
988228,0
988229,0
988230,0
988231,0
988232,0
988233,0
988234,0
988235,0
988236,0
988237,0
988238,0
988239,0
988240,0
988241,0
988242,0
988243,0
988244,0
988245,0
988246,0
988247,0
988248,0
988249,0
988250,0
988251,0
988252,0
988253,0
988254,0
988255,0
988256,0
988257,0
988258,0
988259,0
988260,0
988261,0
988262,34
988263,0
988264,37
988265,0
988266,0
988267,0
988268,0
988269,0
988270,0
988271,0
988272,0
988273,0
988274,0
988275,0
988276,0
988277,0
988278,0
988279,0
988280,0
988281,25
988282,0
988283,0
988284,24
988285,0
988286,0
988287,0
988288,19
988289,25
988290,0
988291,0
988292,0
988293,0
988294,22
988295,0
988296,0
988297,0
988298,26
988299,0
988300,15
988301,0
988302,21
988303,0
988304,0
988305,0
988306,22
988307,0
988308,19
988309,0
988310,0
988311,0
988312,23
988313,0
988314,0
988315,0
988316,24
988317,0
988318,0
988319,0
988320,0
988321,0
988322,0
988323,39
988324,0
988325,0
988326,0
988327,0
988328,0
988329,0
988330,0
988331,19
988332,0
988333,0
988334,0
988335,0
988336,0
988337,0
988338,26
988339,0
988340,0
988341,0
988342,0
988343,0
988344,0
988345,0
988346,0
988347,0
988348,0
988349,0
988350,27
988351,0
988352,24
988353,0
988354,0
988355,18
988356,0
988357,0
988358,0
988359,0
988360,0
988361,0
988362,0
988363,0
988364,0
988365,0
988366,0
988367,0
988368,0
988369,0
988370,32
988371,0
988372,0
988373,0
988374,0
988375,0
988376,0
988377,0
988378,0
988379,0
988380,0
988381,0
988382,40
988383,0
988384,0
988385,20
988386,0
988387,0
988388,0
988389,9
988390,0
988391,0
988392,0
988393,0
988394,18
988395,24
988396,0
988397,0
988398,0
988399,0
988400,0
988401,23
988402,0
988403,24
988404,21
988405,16
988406,25
988407,22
988408,21
988409,0
988410,0
988411,0
988412,0
988413,0
988414,0
988415,27
988416,17
988417,0
988418,0
988419,0
988420,0
988421,0
988422,0
988423,0
988424,0
988425,0
988426,0
988427,0
988428,0
988429,0
988430,0
988431,0
988432,26
988433,19
988434,0
988435,0
988436,21
988437,0
988438,20
988439,18
988440,19
988441,0
988442,13
988443,31
988444,0
988445,0
988446,13
988447,23
988448,0
988449,0
988450,0
988451,0
988452,0
988453,0
988454,0
988455,28
988456,33
988457,0
988458,28
988459,0
988460,0
988461,0
988462,0
988463,0
988464,0
988465,0
988466,0
988467,0
988468,23
988469,27
988470,0
988471,0
988472,18
988473,0
988474,50
988475,31
988476,0
988477,0
988478,32
988479,0
988480,0
988481,0
988482,16
988483,0
988484,0
988485,0
988486,0
988487,0
988488,9
988489,0
988490,23
988491,0
988492,0
988493,0
988494,0
988495,0
988496,21
988497,0
988498,24
988499,15
988500,0
988501,0
988502,0
988503,0
988504,0
988505,20
988506,0
988507,0
988508,0
988509,0
988510,0
988511,25
988512,0
988513,0
988514,0
988515,0
988516,0
988517,0
988518,20
988519,0
988520,0
988521,0
988522,0
988523,10
988524,0
988525,0
988526,0
988527,0
988528,30
988529,18
988530,0
988531,0
988532,0
988533,0
988534,0
988535,18
988536,0
988537,0
988538,0
988539,0
988540,19
988541,19
988542,25
988543,0
988544,0
988545,0
988546,30
988547,0
988548,0
988549,0
988550,27
988551,27
988552,26
988553,15
988554,0
988555,0
988556,0
988557,0
988558,20
988559,0
988560,0
988561,27
988562,0
988563,0
988564,0
988565,0
988566,0
988567,0
988568,0
988569,0
988570,0
988571,18
988572,0
988573,0
988574,0
988575,0
988576,30
988577,19
988578,0
988579,0
988580,20
988581,0
988582,0
988583,0
988584,0
988585,0
988586,0
988587,0
988588,18
988589,0
988590,0
988591,0
988592,0
988593,0
988594,0
988595,29
988596,0
988597,0
988598,0
988599,0
988600,36
988601,22
988602,0
988603,0
988604,0
988605,34
988606,18
988607,0
988608,21
988609,31
988610,0
988611,0
988612,0
988613,0
988614,0
988615,0
988616,12
988617,0
988618,0
988619,0
988620,0
988621,17
988622,0
988623,0
988624,0
988625,0
988626,29
988627,18
988628,0
988629,15
988630,0
988631,0
988632,20
988633,0
988634,0
988635,0
988636,25
988637,17
988638,0
988639,0
988640,25
988641,0
988642,0
988643,0
988644,0
988645,23
988646,33
988647,0
988648,0
988649,0
988650,0
988651,0
988652,0
988653,22
988654,0
988655,0
988656,22
988657,0
988658,0
988659,0
988660,0
988661,18
988662,24
988663,0
988664,0
988665,33
988666,0
988667,0
988668,11
988669,0
988670,0
988671,0
988672,0
988673,0
988674,0
988675,0
988676,0
988677,0
988678,0
988679,0
988680,0
988681,0
988682,0
988683,0
988684,0
988685,18
988686,29
988687,0
988688,0
988689,32
988690,0
988691,0
988692,0
988693,0
988694,0
988695,0
988696,14
988697,0
988698,0
988699,0
988700,0
988701,0
988702,23
988703,0
988704,28
988705,0
988706,27
988707,20
988708,14
988709,0
988710,0
988711,0
988712,0
988713,0
988714,15
988715,0
988716,0
988717,0
988718,0
988719,38
988720,31
988721,26
988722,0
988723,0
988724,0
988725,0
988726,0
988727,0
988728,27
988729,0
988730,0
988731,0
988732,0
988733,26
988734,0
988735,0
988736,40
988737,0
988738,0
988739,0
988740,31
988741,0
988742,0
988743,0
988744,23
988745,0
988746,0
988747,0
988748,0
988749,20
988750,0
988751,0
988752,0
988753,0
988754,30
988755,0
988756,0
988757,33
988758,0
988759,0
988760,0
988761,0
988762,16
988763,0
988764,30
988765,0
988766,16
988767,0
988768,0
988769,0
988770,0
988771,27
988772,0
988773,29
988774,0
988775,23
988776,0
988777,19
988778,0
988779,22
988780,26
988781,21
988782,0
988783,0
988784,0
988785,22
988786,22
988787,0
988788,19
988789,0
988790,26
988791,0
988792,0
988793,20
988794,0
988795,0
988796,0
988797,0
988798,0
988799,0
988800,0
988801,16
988802,0
988803,0
988804,0
988805,0
988806,0
988807,0
988808,26
988809,0
988810,15
988811,0
988812,0
988813,0
988814,0
988815,19
988816,0
988817,0
988818,0
988819,0
988820,23
988821,0
988822,0
988823,0
988824,0
988825,0
988826,23
988827,0
988828,0
988829,14
988830,0
988831,18
988832,0
988833,0
988834,0
988835,0
988836,22
988837,0
988838,0
988839,0
988840,0
988841,0
988842,28
988843,25
988844,0
988845,0
988846,0
988847,0
988848,0
988849,0
988850,22
988851,0
988852,0
988853,25
988854,0
988855,0
988856,0
988857,0
988858,18
988859,26
988860,0
988861,0
988862,0
988863,30
988864,0
988865,0
988866,0
988867,0
988868,0
988869,0
988870,0
988871,0
988872,24
988873,0
988874,16
988875,0
988876,0
988877,0
988878,0
988879,0
988880,17
988881,27
988882,0
988883,0
988884,0
988885,0
988886,0
988887,27
988888,0
988889,0
988890,0
988891,0
988892,19
988893,0
988894,18
988895,0
988896,0
988897,0
988898,0
988899,0
988900,0
988901,0
988902,0
988903,0
988904,23
988905,0
988906,29
988907,0
988908,0
988909,0
988910,14
988911,19
988912,0
988913,0
988914,0
988915,0
988916,0
988917,0
988918,0
988919,0
988920,0
988921,0
988922,0
988923,0
988924,30
988925,20
988926,0
988927,0
988928,16
988929,26
988930,20
988931,22
988932,0
988933,0
988934,0
988935,17
988936,21
988937,18
988938,0
988939,0
988940,0
988941,15
988942,13
988943,0
988944,0
988945,0
988946,16
988947,0
988948,29
988949,0
988950,0
988951,0
988952,34
988953,0
988954,28
988955,0
988956,31
988957,0
988958,0
988959,0
988960,0
988961,30
988962,0
988963,0
988964,0
988965,0
988966,0
988967,0
988968,0
988969,0
988970,0
988971,0
988972,0
988973,0
988974,32
988975,17
988976,19
988977,0
988978,0
988979,0
988980,0
988981,0
988982,0
988983,0
988984,0
988985,0
988986,18
988987,25
988988,21
988989,0
988990,0
988991,14
988992,0
988993,0
988994,0
988995,0
988996,0
988997,30
988998,21
988999,0
989000,0
989001,21
989002,0
989003,0
989004,0
989005,0
989006,0
989007,29
989008,0
989009,0
989010,0
989011,0
989012,0
989013,0
989014,0
989015,12
989016,0
989017,0
989018,28
989019,0
989020,25
989021,0
989022,21
989023,0
989024,0
989025,0
989026,0
989027,0
989028,23
989029,0
989030,0
989031,0
989032,0
989033,0
989034,0
989035,0
989036,0
989037,0
989038,0
989039,0
989040,0
989041,0
989042,34
989043,0
989044,0
989045,25
989046,0
989047,17
989048,19
989049,29
989050,0
989051,0
989052,0
989053,0
989054,0
989055,0
989056,30
989057,24
989058,0
989059,0
989060,0
989061,0
989062,0
989063,0
989064,0
989065,0
989066,0
989067,0
989068,0
989069,0
989070,0
989071,0
989072,0
989073,21
989074,0
989075,0
989076,0
989077,24
989078,0
989079,0
989080,0
989081,28
989082,31
989083,0
989084,0
989085,0
989086,0
989087,0
989088,0
989089,0
989090,0
989091,0
989092,0
989093,0
989094,0
989095,0
989096,0
989097,0
989098,0
989099,0
989100,0
989101,0
989102,0
989103,0
989104,0
989105,23
989106,0
989107,26
989108,0
989109,0
989110,14
989111,0
989112,0
989113,0
989114,23
989115,0
989116,0
989117,0
989118,0
989119,0
989120,0
989121,0
989122,0
989123,0
989124,21
989125,0
989126,0
989127,0
989128,34
989129,0
989130,0
989131,0
989132,0
989133,0
989134,0
989135,0
989136,0
989137,0
989138,0
989139,0
989140,0
989141,0
989142,0
989143,0
989144,0
989145,22
989146,0
989147,0
989148,0
989149,0
989150,0
989151,0
989152,0
989153,0
989154,0
989155,0
989156,0
989157,0
989158,22
989159,19
989160,28
989161,0
989162,35
989163,0
989164,0
989165,0
989166,0
989167,0
989168,0
989169,0
989170,0
989171,28
989172,0
989173,0
989174,31
989175,0
989176,0
989177,26
989178,0
989179,0
989180,0
989181,0
989182,0
989183,0
989184,0
989185,0
989186,0
989187,25
989188,0
989189,0
989190,0
989191,29
989192,0
989193,0
989194,0
989195,0
989196,0
989197,34
989198,0
989199,0
989200,0
989201,0
989202,26
989203,0
989204,0
989205,0
989206,0
989207,0
989208,0
989209,41
989210,0
989211,0
989212,0
989213,0
989214,0
989215,0
989216,0
989217,0
989218,0
989219,0
989220,29
989221,0
989222,0
989223,0
989224,0
989225,0
989226,0
989227,0
989228,0
989229,0
989230,0
989231,0
989232,0
989233,0
989234,0
989235,0
989236,0
989237,0
989238,22
989239,0
989240,0
989241,19
989242,21
989243,0
989244,0
989245,0
989246,0
989247,0
989248,0
989249,0
989250,0
989251,0
989252,0
989253,0
989254,0
989255,34
989256,0
989257,0
989258,0
989259,0
989260,0
989261,0
989262,0
989263,0
989264,0
989265,22
989266,0
989267,0
989268,0
989269,0
989270,0
989271,0
989272,0
989273,0
989274,0
989275,28
989276,0
989277,0
989278,0
989279,0
989280,0
989281,0
989282,23
989283,0
989284,27
989285,0
989286,0
989287,0
989288,0
989289,0
989290,0
989291,0
989292,0
989293,0
989294,0
989295,0
989296,0
989297,0
989298,0
989299,0
989300,0
989301,19
989302,0
989303,0
989304,0
989305,0
989306,0
989307,0
989308,0
989309,0
989310,0
989311,36
989312,0
989313,0
989314,0
989315,0
989316,0
989317,0
989318,0
989319,0
989320,0
989321,0
989322,0
989323,0
989324,0
989325,0
989326,0
989327,0
989328,0
989329,0
989330,0
989331,0
989332,0
989333,0
989334,0
989335,0
989336,0
989337,0
989338,0
989339,0
989340,0
989341,0
989342,0
989343,0
989344,37
989345,0
989346,0
989347,22
989348,0
989349,0
989350,0
989351,0
989352,0
989353,13
989354,0
989355,0
989356,17
989357,0
989358,0
989359,0
989360,0
989361,0
989362,0
989363,0
989364,0
989365,0
989366,0
989367,0
989368,34
989369,0
989370,0
989371,0
989372,0
989373,0
989374,0
989375,0
989376,0
989377,0
989378,0
989379,26
989380,0
989381,0
989382,0
989383,0
989384,0
989385,0
989386,0
989387,43
989388,0
989389,0
989390,0
989391,0
989392,0
989393,0
989394,24
989395,0
989396,0
989397,0
989398,0
989399,0
989400,0
989401,0
989402,0
989403,26
989404,0
989405,0
989406,0
989407,37
989408,0
989409,0
989410,0
989411,0
989412,0
989413,0
989414,0
989415,0
989416,0
989417,0
989418,0
989419,23
989420,0
989421,0
989422,0
989423,0
989424,0
989425,0
989426,0
989427,0
989428,0
989429,0
989430,0
989431,16
989432,0
989433,0
989434,0
989435,0
989436,23
989437,0
989438,0
989439,0
989440,0
989441,22
989442,0
989443,0
989444,0
989445,0
989446,0
989447,0
989448,0
989449,0
989450,0
989451,0
989452,0
989453,0
989454,0
989455,0
989456,0
989457,0
989458,0
989459,0
989460,0
989461,0
989462,0
989463,0
989464,0
989465,0
989466,0
989467,26
989468,0
989469,0
989470,12
989471,0
989472,0
989473,0
989474,0
989475,0
989476,31
989477,0
989478,0
989479,21
989480,0
989481,0
989482,0
989483,0
989484,0
989485,0
989486,0
989487,0
989488,0
989489,0
989490,0
989491,0
989492,0
989493,0
989494,19
989495,0
989496,0
989497,37
989498,0
989499,34
989500,0
989501,0
989502,0
989503,0
989504,0
989505,0
989506,0
989507,0
989508,0
989509,30
989510,0
989511,0
989512,0
989513,0
989514,0
989515,0
989516,21
989517,0
989518,0
989519,0
989520,0
989521,0
989522,0
989523,0
989524,0
989525,0
989526,0
989527,0
989528,20
989529,0
989530,29
989531,0
989532,0
989533,24
989534,25
989535,0
989536,0
989537,0
989538,0
989539,0
989540,36
989541,0
989542,0
989543,28
989544,0
989545,0
989546,25
989547,0
989548,0
989549,0
989550,35
989551,0
989552,0
989553,0
989554,0
989555,0
989556,0
989557,0
989558,32
989559,0
989560,16
989561,0
989562,31
989563,0
989564,0
989565,0
989566,24
989567,0
989568,0
989569,26
989570,0
989571,0
989572,31
989573,0
989574,0
989575,0
989576,0
989577,0
989578,0
989579,0
989580,0
989581,0
989582,0
989583,0
989584,0
989585,0
989586,0
989587,0
989588,0
989589,0
989590,0
989591,0
989592,0
989593,0
989594,0
989595,0
989596,0
989597,0
989598,0
989599,0
989600,0
989601,0
989602,0
989603,0
989604,32
989605,0
989606,0
989607,0
989608,0
989609,29
989610,0
989611,0
989612,0
989613,0
989614,0
989615,0
989616,0
989617,0
989618,0
989619,0
989620,0
989621,0
989622,0
989623,0
989624,0
989625,0
989626,0
989627,0
989628,0
989629,0
989630,0
989631,0
989632,0
989633,0
989634,0
989635,0
989636,0
989637,0
989638,0
989639,0
989640,0
989641,31
989642,0
989643,0
989644,0
989645,0
989646,0
989647,0
989648,0
989649,0
989650,23
989651,0
989652,0
989653,0
989654,0
989655,0
989656,0
989657,30
989658,0
989659,0
989660,0
989661,21
989662,0
989663,22
989664,0
989665,0
989666,0
989667,0
989668,0
989669,0
989670,0
989671,0
989672,0
989673,0
989674,23
989675,0
989676,22
989677,0
989678,0
989679,0
989680,0
989681,0
989682,0
989683,0
989684,26
989685,0
989686,0
989687,0
989688,0
989689,0
989690,0
989691,0
989692,0
989693,31
989694,0
989695,0
989696,0
989697,0
989698,0
989699,0
989700,31
989701,0
989702,26
989703,0
989704,44
989705,0
989706,24
989707,0
989708,0
989709,0
989710,0
989711,0
989712,39
989713,0
989714,34
989715,0
989716,0
989717,0
989718,0
989719,0
989720,0
989721,0
989722,0
989723,0
989724,21
989725,0
989726,0
989727,0
989728,0
989729,0
989730,0
989731,0
989732,0
989733,0
989734,0
989735,0
989736,0
989737,0
989738,40
989739,0
989740,0
989741,0
989742,0
989743,0
989744,19
989745,0
989746,0
989747,0
989748,0
989749,0
989750,0
989751,0
989752,40
989753,0
989754,0
989755,0
989756,0
989757,0
989758,0
989759,0
989760,0
989761,0
989762,0
989763,37
989764,0
989765,0
989766,0
989767,0
989768,0
989769,0
989770,0
989771,0
989772,25
989773,0
989774,21
989775,0
989776,0
989777,0
989778,0
989779,0
989780,0
989781,0
989782,0
989783,0
989784,0
989785,26
989786,0
989787,0
989788,27
989789,0
989790,0
989791,0
989792,0
989793,0
989794,0
989795,0
989796,24
989797,0
989798,0
989799,0
989800,0
989801,0
989802,0
989803,0
989804,38
989805,33
989806,43
989807,0
989808,0
989809,0
989810,0
989811,0
989812,0
989813,0
989814,0
989815,0
989816,0
989817,0
989818,0
989819,0
989820,33
989821,0
989822,0
989823,0
989824,0
989825,0
989826,0
989827,42
989828,0
989829,0
989830,0
989831,0
989832,0
989833,0
989834,0
989835,0
989836,0
989837,0
989838,0
989839,0
989840,26
989841,0
989842,35
989843,0
989844,20
989845,0
989846,0
989847,0
989848,0
989849,0
989850,0
989851,27
989852,0
989853,0
989854,0
989855,0
989856,0
989857,0
989858,0
989859,0
989860,0
989861,0
989862,0
989863,0
989864,32
989865,0
989866,29
989867,0
989868,0
989869,0
989870,0
989871,23
989872,0
989873,0
989874,0
989875,0
989876,39
989877,0
989878,0
989879,0
989880,0
989881,0
989882,0
989883,0
989884,0
989885,0
989886,0
989887,0
989888,0
989889,0
989890,0
989891,0
989892,36
989893,0
989894,0
989895,0
989896,30
989897,0
989898,0
989899,0
989900,0
989901,0
989902,0
989903,0
989904,0
989905,0
989906,22
989907,0
989908,0
989909,24
989910,0
989911,0
989912,0
989913,0
989914,0
989915,45
989916,0
989917,0
989918,0
989919,0
989920,0
989921,0
989922,0
989923,0
989924,0
989925,0
989926,0
989927,40
989928,0
989929,0
989930,0
989931,0
989932,0
989933,47
989934,0
989935,39
989936,0
989937,0
989938,0
989939,0
989940,0
989941,31
989942,0
989943,0
989944,0
989945,30
989946,38
989947,0
989948,24
989949,0
989950,0
989951,0
989952,0
989953,25
989954,0
989955,0
989956,0
989957,40
989958,0
989959,22
989960,0
989961,0
989962,25
989963,0
989964,0
989965,0
989966,30
989967,0
989968,0
989969,0
989970,24
989971,0
989972,0
989973,0
989974,0
989975,0
989976,0
989977,0
989978,43
989979,31
989980,0
989981,0
989982,0
989983,0
989984,35
989985,0
989986,0
989987,30
989988,0
989989,0
989990,0
989991,0
989992,0
989993,0
989994,0
989995,0
989996,52
989997,0
989998,48
989999,0
990000,0
990001,0
990002,0
990003,0
990004,0
990005,0
990006,32
990007,29
990008,0
990009,31
990010,0
990011,43
990012,0
990013,36
990014,0
990015,0
990016,0
990017,0
990018,0
990019,0
990020,0
990021,0
990022,0
990023,0
990024,0
990025,0
990026,0
990027,0
990028,0
990029,0
990030,0
990031,0
990032,0
990033,0
990034,0
990035,0
990036,0
990037,0
990038,0
990039,23
990040,30
990041,0
990042,0
990043,0
990044,0
990045,43
990046,36
990047,0
990048,0
990049,0
990050,0
990051,28
990052,0
990053,0
990054,0
990055,0
990056,0
990057,0
990058,31
990059,0
990060,0
990061,30
990062,0
990063,0
990064,0
990065,0
990066,0
990067,0
990068,0
990069,0
990070,38
990071,0
990072,0
990073,37
990074,0
990075,0
990076,0
990077,0
990078,0
990079,0
990080,0
990081,0
990082,0
990083,0
990084,0
990085,0
990086,36
990087,0
990088,0
990089,0
990090,0
990091,0
990092,0
990093,27
990094,0
990095,55
990096,0
990097,34
990098,0
990099,0
990100,0
990101,0
990102,22
990103,0
990104,0
990105,0
990106,0
990107,0
990108,0
990109,0
990110,0
990111,0
990112,0
990113,0
990114,0
990115,0
990116,0
990117,0
990118,15
990119,55
990120,0
990121,0
990122,0
990123,0
990124,0
990125,20
990126,0
990127,0
990128,0
990129,0
990130,28
990131,0
990132,0
990133,0
990134,0
990135,0
990136,0
990137,0
990138,0
990139,0
990140,34
990141,28
990142,0
990143,0
990144,0
990145,0
990146,0
990147,0
990148,0
990149,0
990150,0
990151,0
990152,0
990153,0
990154,0
990155,0
990156,0
990157,0
990158,0
990159,0
990160,0
990161,16
990162,0
990163,0
990164,0
990165,0
990166,0
990167,0
990168,28
990169,0
990170,0
990171,0
990172,0
990173,0
990174,0
990175,0
990176,0
990177,0
990178,0
990179,0
990180,0
990181,0
990182,22
990183,0
990184,0
990185,0
990186,0
990187,24
990188,0
990189,0
990190,0
990191,0
990192,0
990193,0
990194,0
990195,0
990196,0
990197,21
990198,0
990199,0
990200,0
990201,0
990202,13
990203,0
990204,0
990205,0
990206,0
990207,19
990208,0
990209,0
990210,0
990211,0
990212,0
990213,0
990214,0
990215,0
990216,0
990217,0
990218,40
990219,39
990220,0
990221,0
990222,0
990223,0
990224,0
990225,0
990226,0
990227,0
990228,0
990229,31
990230,0
990231,0
990232,0
990233,0
990234,0
990235,0
990236,13
990237,0
990238,0
990239,0
990240,0
990241,0
990242,0
990243,0
990244,0
990245,0
990246,26
990247,0
990248,0
990249,0
990250,0
990251,0
990252,0
990253,0
990254,0
990255,26
990256,0
990257,36
990258,0
990259,0
990260,20
990261,0
990262,0
990263,0
990264,0
990265,29
990266,0
990267,0
990268,0
990269,0
990270,0
990271,0
990272,0
990273,0
990274,0
990275,0
990276,0
990277,0
990278,0
990279,0
990280,0
990281,0
990282,0
990283,0
990284,0
990285,0
990286,0
990287,0
990288,0
990289,0
990290,0
990291,0
990292,26
990293,0
990294,0
990295,0
990296,0
990297,0
990298,0
990299,0
990300,0
990301,0
990302,0
990303,0
990304,0
990305,0
990306,0
990307,20
990308,0
990309,48
990310,34
990311,0
990312,0
990313,0
990314,0
990315,0
990316,0
990317,26
990318,0
990319,0
990320,0
990321,0
990322,0
990323,0
990324,0
990325,0
990326,29
990327,21
990328,0
990329,0
990330,0
990331,0
990332,0
990333,0
990334,0
990335,0
990336,0
990337,27
990338,42
990339,0
990340,22
990341,0
990342,0
990343,0
990344,0
990345,28
990346,0
990347,0
990348,0
990349,0
990350,0
990351,33
990352,0
990353,43
990354,0
990355,33
990356,19
990357,0
990358,0
990359,0
990360,33
990361,0
990362,0
990363,0
990364,12
990365,0
990366,0
990367,35
990368,0
990369,0
990370,0
990371,0
990372,30
990373,0
990374,0
990375,0
990376,0
990377,0
990378,0
990379,0
990380,0
990381,0
990382,0
990383,0
990384,0
990385,0
990386,0
990387,0
990388,0
990389,0
990390,33
990391,0
990392,0
990393,44
990394,0
990395,31
990396,38
990397,0
990398,57
990399,0
990400,0
990401,34
990402,0
990403,0
990404,0
990405,34
990406,0
990407,33
990408,0
990409,24
990410,0
990411,0
990412,40
990413,0
990414,0
990415,0
990416,0
990417,0
990418,0
990419,0
990420,52
990421,0
990422,48
990423,0
990424,0
990425,38
990426,0
990427,0
990428,30
990429,0
990430,0
990431,0
990432,30
990433,0
990434,0
990435,0
990436,0
990437,0
990438,0
990439,0
990440,0
990441,0
990442,0
990443,0
990444,0
990445,0
990446,0
990447,0
990448,0
990449,0
990450,0
990451,0
990452,30
990453,42
990454,37
990455,0
990456,29
990457,0
990458,0
990459,47
990460,0
990461,50
990462,45
990463,0
990464,44
990465,0
990466,0
990467,0
990468,0
990469,0
990470,0
990471,0
990472,0
990473,0
990474,48
990475,0
990476,24
990477,0
990478,0
990479,0
990480,0
990481,0
990482,35
990483,0
990484,0
990485,0
990486,0
990487,0
990488,34
990489,0
990490,0
990491,0
990492,0
990493,0
990494,38
990495,0
990496,26
990497,0
990498,47
990499,49
990500,0
990501,0
990502,0
990503,0
990504,0
990505,0
990506,0
990507,0
990508,0
990509,0
990510,0
990511,33
990512,0
990513,47
990514,0
990515,39
990516,0
990517,46
990518,0
990519,0
990520,0
990521,0
990522,0
990523,0
990524,0
990525,26
990526,0
990527,44
990528,0
990529,41
990530,0
990531,0
990532,0
990533,0
990534,0
990535,30
990536,27
990537,0
990538,0
990539,0
990540,0
990541,0
990542,0
990543,34
990544,0
990545,0
990546,0
990547,0
990548,0
990549,0
990550,0
990551,44
990552,0
990553,43
990554,0
990555,0
990556,0
990557,0
990558,0
990559,40
990560,0
990561,28
990562,0
990563,0
990564,0
990565,0
990566,40
990567,0
990568,0
990569,0
990570,42
990571,0
990572,20
990573,24
990574,0
990575,0
990576,0
990577,46
990578,45
990579,29
990580,0
990581,0
990582,0
990583,0
990584,0
990585,0
990586,0
990587,0
990588,38
990589,0
990590,26
990591,0
990592,48
990593,34
990594,0
990595,42
990596,0
990597,35
990598,0
990599,30
990600,0
990601,0
990602,0
990603,0
990604,37
990605,0
990606,0
990607,0
990608,46
990609,50
990610,0
990611,33
990612,0
990613,0
990614,0
990615,0
990616,0
990617,0
990618,0
990619,0
990620,0
990621,0
990622,0
990623,26
990624,0
990625,49
990626,0
990627,0
990628,0
990629,0
990630,0
990631,40
990632,0
990633,55
990634,0
990635,0
990636,0
990637,0
990638,0
990639,40
990640,0
990641,0
990642,50
990643,0
990644,0
990645,0
990646,0
990647,0
990648,0
990649,0
990650,0
990651,0
990652,0
990653,36
990654,0
990655,0
990656,0
990657,0
990658,0
990659,0
990660,41
990661,0
990662,41
990663,34
990664,0
990665,49
990666,0
990667,0
990668,0
990669,27
990670,41
990671,0
990672,41
990673,0
990674,36
990675,49
990676,0
990677,0
990678,0
990679,0
990680,0
990681,0
990682,0
990683,0
990684,62
990685,0
990686,41
990687,0
990688,0
990689,0
990690,0
990691,0
990692,34
990693,46
990694,0
990695,0
990696,24
990697,0
990698,0
990699,0
990700,0
990701,0
990702,0
990703,0
990704,37
990705,34
990706,0
990707,40
990708,43
990709,0
990710,0
990711,0
990712,25
990713,23
990714,0
990715,39
990716,0
990717,0
990718,0
990719,23
990720,0
990721,0
990722,0
990723,21
990724,0
990725,22
990726,0
990727,45
990728,22
990729,40
990730,0
990731,0
990732,0
990733,0
990734,0
990735,51
990736,39
990737,0
990738,0
990739,0
990740,0
990741,0
990742,0
990743,0
990744,0
990745,33
990746,0
990747,0
990748,0
990749,0
990750,0
990751,37
990752,0
990753,0
990754,0
990755,34
990756,0
990757,0
990758,0
990759,0
990760,34
990761,0
990762,0
990763,0
990764,0
990765,0
990766,42
990767,0
990768,0
990769,0
990770,0
990771,0
990772,0
990773,0
990774,0
990775,42
990776,0
990777,0
990778,0
990779,0
990780,0
990781,0
990782,46
990783,35
990784,0
990785,0
990786,46
990787,49
990788,0
990789,0
990790,0
990791,0
990792,37
990793,25
990794,0
990795,0
990796,46
990797,0
990798,49
990799,43
990800,0
990801,0
990802,35
990803,0
990804,0
990805,0
990806,39
990807,0
990808,0
990809,0
990810,32
990811,0
990812,0
990813,0
990814,0
990815,37
990816,56
990817,0
990818,23
990819,29
990820,38
990821,0
990822,0
990823,0
990824,0
990825,0
990826,31
990827,0
990828,0
990829,0
990830,0
990831,30
990832,0
990833,0
990834,0
990835,40
990836,0
990837,0
990838,0
990839,0
990840,0
990841,0
990842,0
990843,0
990844,0
990845,0
990846,0
990847,38
990848,0
990849,0
990850,0
990851,0
990852,0
990853,0
990854,0
990855,0
990856,42
990857,0
990858,0
990859,0
990860,0
990861,0
990862,0
990863,0
990864,41
990865,29
990866,0
990867,0
990868,0
990869,0
990870,0
990871,0
990872,0
990873,22
990874,44
990875,43
990876,36
990877,42
990878,0
990879,0
990880,25
990881,0
990882,0
990883,0
990884,0
990885,39
990886,0
990887,43
990888,52
990889,0
990890,0
990891,0
990892,0
990893,60
990894,0
990895,44
990896,0
990897,0
990898,0
990899,0
990900,33
990901,0
990902,0
990903,0
990904,0
990905,0
990906,0
990907,0
990908,0
990909,43
990910,0
990911,26
990912,53
990913,35
990914,0
990915,26
990916,0
990917,55
990918,0
990919,0
990920,52
990921,0
990922,0
990923,36
990924,27
990925,0
990926,0
990927,35
990928,0
990929,0
990930,0
990931,27
990932,0
990933,0
990934,0
990935,0
990936,0
990937,39
990938,0
990939,0
990940,34
990941,0
990942,0
990943,0
990944,0
990945,0
990946,38
990947,0
990948,0
990949,0
990950,0
990951,0
990952,0
990953,0
990954,0
990955,0
990956,0
990957,36
990958,23
990959,0
990960,0
990961,50
990962,27
990963,0
990964,54
990965,43
990966,0
990967,41
990968,0
990969,30
990970,0
990971,0
990972,0
990973,51
990974,0
990975,30
990976,26
990977,0
990978,0
990979,0
990980,0
990981,23
990982,41
990983,40
990984,34
990985,37
990986,0
990987,0
990988,0
990989,0
990990,0
990991,0
990992,0
990993,0
990994,0
990995,0
990996,39
990997,0
990998,0
990999,0
991000,31
991001,0
991002,0
991003,0
991004,37
991005,0
991006,0
991007,0
991008,0
991009,0
991010,0
991011,0
991012,0
991013,0
991014,0
991015,0
991016,0
991017,0
991018,0
991019,0
991020,0
991021,0
991022,0
991023,0
991024,0
991025,0
991026,0
991027,0
991028,0
991029,33
991030,0
991031,0
991032,0
991033,0
991034,0
991035,0
991036,40
991037,46
991038,0
991039,0
991040,0
991041,0
991042,0
991043,0
991044,31
991045,0
991046,0
991047,0
991048,0
991049,0
991050,0
991051,42
991052,35
991053,0
991054,0
991055,0
991056,0
991057,0
991058,0
991059,0
991060,0
991061,0
991062,0
991063,0
991064,0
991065,0
991066,0
991067,0
991068,0
991069,0
991070,0
991071,38
991072,0
991073,0
991074,0
991075,40
991076,0
991077,0
991078,0
991079,42
991080,42
991081,0
991082,0
991083,0
991084,0
991085,0
991086,0
991087,0
991088,38
991089,0
991090,0
991091,37
991092,0
991093,26
991094,0
991095,25
991096,0
991097,0
991098,44
991099,0
991100,0
991101,0
991102,0
991103,0
991104,0
991105,0
991106,0
991107,0
991108,24
991109,0
991110,35
991111,34
991112,0
991113,0
991114,0
991115,50
991116,0
991117,41
991118,0
991119,0
991120,0
991121,26
991122,0
991123,0
991124,0
991125,0
991126,0
991127,0
991128,0
991129,0
991130,0
991131,0
991132,0
991133,47
991134,0
991135,0
991136,40
991137,0
991138,0
991139,0
991140,0
991141,0
991142,0
991143,0
991144,0
991145,0
991146,0
991147,0
991148,0
991149,51
991150,0
991151,0
991152,0
991153,0
991154,0
991155,0
991156,0
991157,0
991158,0
991159,0
991160,0
991161,0
991162,0
991163,0
991164,0
991165,0
991166,0
991167,0
991168,0
991169,0
991170,0
991171,0
991172,0
991173,0
991174,0
991175,0
991176,0
991177,45
991178,37
991179,0
991180,0
991181,0
991182,0
991183,0
991184,0
991185,0
991186,0
991187,0
991188,0
991189,0
991190,0
991191,0
991192,0
991193,0
991194,0
991195,0
991196,0
991197,0
991198,0
991199,0
991200,0
991201,0
991202,0
991203,0
991204,0
991205,0
991206,0
991207,36
991208,0
991209,0
991210,0
991211,0
991212,0
991213,0
991214,0
991215,0
991216,0
991217,0
991218,0
991219,0
991220,0
991221,0
991222,0
991223,0
991224,0
991225,0
991226,0
991227,0
991228,5
991229,0
991230,0
991231,0
991232,0
991233,0
991234,0
991235,0
991236,0
991237,0
991238,0
991239,0
991240,0
991241,0
991242,0
991243,0
991244,0
991245,0
991246,0
991247,0
991248,0
991249,0
991250,0
991251,0
991252,0
991253,0
991254,0
991255,0
991256,3
991257,0
991258,0
991259,4
991260,0
991261,0
991262,0
991263,0
991264,0
991265,0
991266,0
991267,0
991268,0
991269,0
991270,0
991271,0
991272,0
991273,0
991274,0
991275,3
991276,0
991277,0
991278,0
991279,0
991280,0
991281,0
991282,0
991283,0
991284,6
991285,0
991286,0
991287,0
991288,4
991289,0
991290,0
991291,0
991292,0
991293,0
991294,0
991295,0
991296,0
991297,0
991298,0
991299,0
991300,0
991301,0
991302,0
991303,0
991304,0
991305,0
991306,0
991307,0
991308,0
991309,0
991310,0
991311,0
991312,3
991313,0
991314,6
991315,0
991316,0
991317,0
991318,6
991319,0
991320,0
991321,0
991322,0
991323,0
991324,0
991325,0
991326,0
991327,0
991328,0
991329,5
991330,0
991331,0
991332,0
991333,0
991334,0
991335,0
991336,0
991337,0
991338,0
991339,10
991340,1
991341,4
991342,0
991343,0
991344,0
991345,0
991346,1
991347,0
991348,0
991349,0
991350,0
991351,0
991352,0
991353,0
991354,0
991355,0
991356,0
991357,0
991358,0
991359,0
991360,0
991361,1
991362,0
991363,0
991364,0
991365,0
991366,0
991367,0
991368,0
991369,0
991370,0
991371,0
991372,3
991373,0
991374,0
991375,0
991376,0
991377,0
991378,0
991379,0
991380,0
991381,0
991382,0
991383,0
991384,0
991385,0
991386,0
991387,0
991388,0
991389,0
991390,0
991391,8
991392,0
991393,2
991394,0
991395,0
991396,0
991397,0
991398,0
991399,0
991400,0
991401,0
991402,0
991403,0
991404,0
991405,0
991406,0
991407,0
991408,0
991409,0
991410,2
991411,0
991412,0
991413,0
991414,0
991415,0
991416,0
991417,0
991418,6
991419,0
991420,0
991421,0
991422,0
991423,0
991424,0
991425,0
991426,0
991427,0
991428,0
991429,0
991430,6
991431,0
991432,0
991433,5
991434,0
991435,0
991436,2
991437,0
991438,0
991439,0
991440,0
991441,3
991442,0
991443,0
991444,0
991445,0
991446,0
991447,0
991448,0
991449,0
991450,0
991451,6
991452,0
991453,0
991454,0
991455,0
991456,0
991457,6
991458,0
991459,0
991460,0
991461,6
991462,0
991463,0
991464,0
991465,0
991466,0
991467,0
991468,0
991469,0
991470,0
991471,0
991472,0
991473,0
991474,0
991475,0
991476,0
991477,0
991478,0
991479,0
991480,0
991481,0
991482,0
991483,0
991484,0
991485,0
991486,0
991487,0
991488,7
991489,0
991490,0
991491,0
991492,0
991493,0
991494,0
991495,0
991496,0
991497,0
991498,0
991499,0
991500,0
991501,0
991502,0
991503,0
991504,0
991505,0
991506,0
991507,0
991508,6
991509,0
991510,0
991511,0
991512,2
991513,0
991514,0
991515,0
991516,0
991517,0
991518,0
991519,0
991520,4
991521,0
991522,0
991523,0
991524,0
991525,0
991526,0
991527,0
991528,0
991529,0
991530,5
991531,0
991532,0
991533,0
991534,0
991535,0
991536,0
991537,0
991538,0
991539,0
991540,0
991541,0
991542,0
991543,0
991544,0
991545,0
991546,0
991547,0
991548,0
991549,0
991550,5
991551,6
991552,4
991553,0
991554,0
991555,0
991556,0
991557,2
991558,0
991559,0
991560,0
991561,0
991562,0
991563,0
991564,0
991565,0
991566,0
991567,0
991568,0
991569,3
991570,0
991571,0
991572,3
991573,0
991574,0
991575,0
991576,0
991577,0
991578,0
991579,0
991580,0
991581,0
991582,0
991583,0
991584,0
991585,0
991586,0
991587,0
991588,0
991589,0
991590,0
991591,4
991592,0
991593,3
991594,0
991595,0
991596,0
991597,0
991598,0
991599,8
991600,0
991601,8
991602,0
991603,0
991604,0
991605,0
991606,0
991607,0
991608,0
991609,0
991610,5
991611,0
991612,0
991613,0
991614,0
991615,0
991616,0
991617,5
991618,0
991619,0
991620,0
991621,0
991622,0
991623,0
991624,0
991625,0
991626,0
991627,0
991628,0
991629,0
991630,0
991631,0
991632,0
991633,0
991634,0
991635,2
991636,0
991637,0
991638,0
991639,0
991640,7
991641,0
991642,0
991643,0
991644,0
991645,0
991646,0
991647,0
991648,0
991649,4
991650,3
991651,0
991652,0
991653,0
991654,0
991655,0
991656,0
991657,0
991658,0
991659,0
991660,0
991661,0
991662,0
991663,0
991664,0
991665,0
991666,0
991667,0
991668,0
991669,1
991670,0
991671,0
991672,1
991673,7
991674,0
991675,0
991676,0
991677,0
991678,0
991679,0
991680,0
991681,0
991682,0
991683,0
991684,0
991685,0
991686,0
991687,0
991688,0
991689,0
991690,0
991691,0
991692,0
991693,0
991694,0
991695,0
991696,0
991697,0
991698,0
991699,0
991700,0
991701,0
991702,0
991703,0
991704,0
991705,0
991706,0
991707,0
991708,0
991709,0
991710,0
991711,0
991712,0
991713,0
991714,0
991715,0
991716,0
991717,0
991718,0
991719,0
991720,0
991721,0
991722,0
991723,0
991724,0
991725,0
991726,0
991727,0
991728,0
991729,0
991730,0
991731,0
991732,0
991733,0
991734,5
991735,0
991736,0
991737,4
991738,0
991739,0
991740,0
991741,0
991742,0
991743,0
991744,0
991745,0
991746,7
991747,0
991748,0
991749,0
991750,0
991751,0
991752,0
991753,0
991754,0
991755,0
991756,0
991757,0
991758,0
991759,0
991760,0
991761,0
991762,0
991763,0
991764,0
991765,0
991766,0
991767,3
991768,2
991769,3
991770,0
991771,0
991772,0
991773,3
991774,0
991775,0
991776,0
991777,0
991778,0
991779,0
991780,0
991781,0
991782,0
991783,0
991784,0
991785,0
991786,0
991787,0
991788,0
991789,5
991790,0
991791,2
991792,0
991793,0
991794,0
991795,0
991796,0
991797,0
991798,0
991799,5
991800,0
991801,0
991802,0
991803,0
991804,0
991805,0
991806,6
991807,0
991808,0
991809,0
991810,0
991811,0
991812,4
991813,0
991814,0
991815,0
991816,0
991817,0
991818,0
991819,0
991820,5
991821,0
991822,0
991823,0
991824,0
991825,10
991826,0
991827,0
991828,0
991829,0
991830,0
991831,0
991832,0
991833,7
991834,0
991835,0
991836,3
991837,5
991838,0
991839,0
991840,0
991841,0
991842,0
991843,3
991844,0
991845,0
991846,0
991847,0
991848,0
991849,0
991850,0
991851,0
991852,0
991853,0
991854,0
991855,0
991856,0
991857,0
991858,0
991859,0
991860,0
991861,6
991862,0
991863,0
991864,0
991865,0
991866,0
991867,0
991868,0
991869,0
991870,0
991871,0
991872,0
991873,0
991874,0
991875,0
991876,0
991877,0
991878,0
991879,33
991880,0
991881,0
991882,46
991883,0
991884,0
991885,0
991886,27
991887,0
991888,0
991889,0
991890,40
991891,0
991892,0
991893,0
991894,0
991895,41
991896,0
991897,0
991898,0
991899,0
991900,41
991901,43
991902,0
991903,0
991904,0
991905,34
991906,0
991907,0
991908,0
991909,0
991910,0
991911,0
991912,0
991913,0
991914,0
991915,0
991916,0
991917,0
991918,0
991919,29
991920,0
991921,0
991922,0
991923,46
991924,32
991925,0
991926,0
991927,0
991928,0
991929,0
991930,0
991931,0
991932,0
991933,0
991934,0
991935,0
991936,0
991937,0
991938,0
991939,0
991940,0
991941,0
991942,0
991943,37
991944,0
991945,0
991946,36
991947,0
991948,0
991949,33
991950,25
991951,0
991952,0
991953,0
991954,35
991955,0
991956,0
991957,0
991958,0
991959,0
991960,0
991961,0
991962,0
991963,0
991964,0
991965,40
991966,0
991967,37
991968,0
991969,38
991970,0
991971,0
991972,0
991973,0
991974,0
991975,0
991976,0
991977,0
991978,0
991979,0
991980,42
991981,0
991982,0
991983,0
991984,0
991985,46
991986,0
991987,0
991988,34
991989,0
991990,0
991991,0
991992,0
991993,0
991994,0
991995,0
991996,0
991997,0
991998,52
991999,0
992000,0
992001,0
992002,0
992003,38
992004,0
992005,36
992006,0
992007,43
992008,0
992009,0
992010,0
992011,0
992012,0
992013,0
992014,0
992015,0
992016,34
992017,0
992018,0
992019,0
992020,35
992021,0
992022,0
992023,0
992024,0
992025,0
992026,0
992027,0
992028,0
992029,0
992030,37
992031,0
992032,0
992033,0
992034,0
992035,0
992036,0
992037,0
992038,0
992039,0
992040,0
992041,29
992042,0
992043,0
992044,0
992045,0
992046,0
992047,0
992048,0
992049,0
992050,0
992051,37
992052,0
992053,0
992054,0
992055,32
992056,0
992057,0
992058,0
992059,0
992060,0
992061,0
992062,0
992063,0
992064,0
992065,0
992066,0
992067,33
992068,0
992069,0
992070,45
992071,42
992072,0
992073,0
992074,0
992075,0
992076,0
992077,0
992078,0
992079,0
992080,0
992081,51
992082,0
992083,0
992084,0
992085,0
992086,0
992087,0
992088,0
992089,0
992090,0
992091,0
992092,0
992093,0
992094,0
992095,0
992096,0
992097,0
992098,29
992099,0
992100,0
992101,0
992102,0
992103,0
992104,0
992105,40
992106,0
992107,0
992108,0
992109,0
992110,32
992111,0
992112,0
992113,0
992114,48
992115,0
992116,31
992117,0
992118,0
992119,35
992120,0
992121,0
992122,0
992123,0
992124,0
992125,37
992126,36
992127,42
992128,0
992129,0
992130,34
992131,0
992132,0
992133,39
992134,0
992135,0
992136,0
992137,0
992138,0
992139,39
992140,43
992141,0
992142,0
992143,0
992144,37
992145,0
992146,0
992147,0
992148,0
992149,0
992150,0
992151,0
992152,0
992153,0
992154,43
992155,0
992156,0
992157,0
992158,0
992159,0
992160,0
992161,0
992162,0
992163,0
992164,0
992165,0
992166,0
992167,0
992168,0
992169,0
992170,0
992171,0
992172,0
992173,0
992174,32
992175,0
992176,0
992177,0
992178,0
992179,0
992180,0
992181,0
992182,0
992183,0
992184,0
992185,49
992186,0
992187,40
992188,42
992189,0
992190,41
992191,0
992192,42
992193,0
992194,0
992195,0
992196,0
992197,0
992198,0
992199,30
992200,0
992201,0
992202,0
992203,0
992204,0
992205,0
992206,0
992207,0
992208,0
992209,0
992210,0
992211,0
992212,0
992213,0
992214,0
992215,34
992216,47
992217,0
992218,0
992219,36
992220,0
992221,34
992222,0
992223,0
992224,0
992225,0
992226,0
992227,0
992228,0
992229,0
992230,0
992231,35
992232,24
992233,0
992234,0
992235,0
992236,28
992237,0
992238,0
992239,0
992240,37
992241,0
992242,0
992243,0
992244,0
992245,0
992246,30
992247,0
992248,0
992249,0
992250,0
992251,0
992252,0
992253,0
992254,34
992255,0
992256,0
992257,44
992258,0
992259,30
992260,0
992261,0
992262,0
992263,0
992264,0
992265,0
992266,0
992267,0
992268,0
992269,48
992270,0
992271,0
992272,0
992273,0
992274,0
992275,0
992276,0
992277,0
992278,35
992279,0
992280,0
992281,0
992282,34
992283,0
992284,0
992285,38
992286,0
992287,31
992288,0
992289,0
992290,0
992291,0
992292,0
992293,45
992294,0
992295,0
992296,0
992297,0
992298,0
992299,0
992300,0
992301,27
992302,40
992303,44
992304,0
992305,28
992306,31
992307,0
992308,39
992309,0
992310,0
992311,0
992312,36
992313,0
992314,0
992315,0
992316,0
992317,0
992318,34
992319,33
992320,50
992321,0
992322,0
992323,42
992324,0
992325,0
992326,0
992327,28
992328,0
992329,0
992330,32
992331,0
992332,0
992333,38
992334,0
992335,0
992336,0
992337,37
992338,0
992339,0
992340,0
992341,0
992342,28
992343,0
992344,0
992345,48
992346,0
992347,0
992348,39
992349,0
992350,0
992351,0
992352,0
992353,0
992354,0
992355,0
992356,0
992357,45
992358,0
992359,0
992360,0
992361,0
992362,20
992363,0
992364,42
992365,0
992366,0
992367,40
992368,0
992369,0
992370,0
992371,0
992372,0
992373,42
992374,0
992375,43
992376,36
992377,0
992378,0
992379,0
992380,36
992381,0
992382,33
992383,27
992384,0
992385,0
992386,0
992387,0
992388,0
992389,0
992390,0
992391,37
992392,0
992393,0
992394,37
992395,0
992396,0
992397,0
992398,42
992399,0
992400,46
992401,0
992402,27
992403,0
992404,0
992405,0
992406,0
992407,0
992408,0
992409,0
992410,0
992411,20
992412,0
992413,0
992414,0
992415,50
992416,0
992417,0
992418,26
992419,45
992420,0
992421,0
992422,45
992423,0
992424,0
992425,0
992426,29
992427,25
992428,0
992429,0
992430,0
992431,0
992432,41
992433,0
992434,0
992435,0
992436,0
992437,0
992438,0
992439,0
992440,0
992441,0
992442,0
992443,0
992444,31
992445,0
992446,0
992447,0
992448,55
992449,0
992450,33
992451,0
992452,0
992453,0
992454,0
992455,0
992456,40
992457,0
992458,56
992459,0
992460,31
992461,0
992462,0
992463,0
992464,39
992465,0
992466,45
992467,0
992468,0
992469,0
992470,0
992471,0
992472,0
992473,30
992474,0
992475,0
992476,0
992477,0
992478,0
992479,0
992480,0
992481,0
992482,0
992483,0
992484,0
992485,0
992486,33
992487,0
992488,0
992489,0
992490,47
992491,0
992492,0
992493,0
992494,24
992495,39
992496,0
992497,0
992498,0
992499,0
992500,43
992501,0
992502,0
992503,0
992504,0
992505,0
992506,0
992507,0
992508,58
992509,39
992510,45
992511,0
992512,0
992513,0
992514,0
992515,0
992516,47
992517,0
992518,0
992519,0
992520,0
992521,0
992522,31
992523,0
992524,0
992525,0
992526,0
992527,0
992528,0
992529,40
992530,0
992531,38
992532,0
992533,0
992534,0
992535,34
992536,0
992537,0
992538,37
992539,0
992540,0
992541,0
992542,0
992543,0
992544,0
992545,0
992546,34
992547,43
992548,0
992549,0
992550,0
992551,0
992552,0
992553,31
992554,0
992555,0
992556,34
992557,0
992558,0
992559,0
992560,0
992561,0
992562,0
992563,0
992564,0
992565,0
992566,40
992567,0
992568,0
992569,0
992570,0
992571,42
992572,0
992573,0
992574,0
992575,0
992576,0
992577,0
992578,0
992579,0
992580,61
992581,0
992582,42
992583,0
992584,0
992585,0
992586,0
992587,0
992588,0
992589,50
992590,0
992591,0
992592,0
992593,0
992594,0
992595,0
992596,0
992597,0
992598,0
992599,0
992600,0
992601,0
992602,0
992603,0
992604,0
992605,0
992606,0
992607,0
992608,0
992609,0
992610,0
992611,0
992612,0
992613,0
992614,43
992615,0
992616,0
992617,0
992618,0
992619,0
992620,0
992621,0
992622,0
992623,0
992624,30
992625,0
992626,0
992627,0
992628,0
992629,0
992630,0
992631,0
992632,51
992633,0
992634,0
992635,0
992636,19
992637,43
992638,0
992639,34
992640,0
992641,0
992642,0
992643,0
992644,0
992645,0
992646,0
992647,0
992648,0
992649,0
992650,0
992651,0
992652,0
992653,47
992654,50
992655,0
992656,0
992657,0
992658,0
992659,0
992660,0
992661,18
992662,0
992663,0
992664,0
992665,0
992666,0
992667,0
992668,0
992669,48
992670,0
992671,0
992672,0
992673,0
992674,0
992675,0
992676,0
992677,0
992678,0
992679,0
992680,49
992681,0
992682,0
992683,0
992684,41
992685,0
992686,0
992687,0
992688,0
992689,0
992690,0
992691,0
992692,0
992693,0
992694,0
992695,0
992696,0
992697,68
992698,28
992699,47
992700,0
992701,0
992702,0
992703,0
992704,0
992705,56
992706,0
992707,0
992708,0
992709,0
992710,0
992711,43
992712,0
992713,0
992714,0
992715,0
992716,0
992717,0
992718,0
992719,0
992720,26
992721,0
992722,0
992723,0
992724,0
992725,0
992726,0
992727,0
992728,53
992729,35
992730,0
992731,0
992732,29
992733,0
992734,32
992735,41
992736,17
992737,0
992738,0
992739,0
992740,0
992741,0
992742,0
992743,0
992744,27
992745,0
992746,0
992747,0
992748,0
992749,0
992750,52
992751,0
992752,0
992753,49
992754,49
992755,0
992756,0
992757,0
992758,0
992759,0
992760,44
992761,0
992762,0
992763,42
992764,0
992765,0
992766,0
992767,0
992768,0
992769,0
992770,0
992771,0
992772,0
992773,0
992774,0
992775,0
992776,0
992777,0
992778,0
992779,0
992780,0
992781,0
992782,0
992783,0
992784,0
992785,51
992786,40
992787,0
992788,0
992789,0
992790,0
992791,0
992792,0
992793,0
992794,0
992795,0
992796,0
992797,35
992798,0
992799,0
992800,0
992801,0
992802,41
992803,21
992804,0
992805,0
992806,0
992807,0
992808,0
992809,0
992810,0
992811,20
992812,0
992813,0
992814,26
992815,51
992816,0
992817,0
992818,0
992819,0
992820,43
992821,28
992822,54
992823,0
992824,0
992825,0
992826,0
992827,0
992828,0
992829,0
992830,0
992831,0
992832,31
992833,0
992834,0
992835,0
992836,0
992837,0
992838,0
992839,0
992840,33
992841,0
992842,0
992843,26
992844,0
992845,0
992846,0
992847,0
992848,0
992849,47
992850,0
992851,54
992852,0
992853,0
992854,0
992855,0
992856,0
992857,0
992858,0
992859,0
992860,0
992861,0
992862,0
992863,0
992864,0
992865,0
992866,0
992867,15
992868,0
992869,0
992870,0
992871,0
992872,44
992873,0
992874,0
992875,0
992876,0
992877,0
992878,0
992879,0
992880,0
992881,0
992882,0
992883,0
992884,0
992885,0
992886,0
992887,0
992888,0
992889,52
992890,0
992891,0
992892,0
992893,0
992894,0
992895,39
992896,0
992897,0
992898,0
992899,0
992900,0
992901,0
992902,0
992903,0
992904,0
992905,0
992906,0
992907,0
992908,0
992909,0
992910,0
992911,0
992912,0
992913,0
992914,0
992915,0
992916,0
992917,0
992918,0
992919,0
992920,0
992921,0
992922,0
992923,0
992924,0
992925,0
992926,0
992927,0
992928,0
992929,0
992930,0
992931,0
992932,0
992933,0
992934,0
992935,0
992936,0
992937,0
992938,0
992939,0
992940,62
992941,0
992942,0
992943,0
992944,0
992945,0
992946,0
992947,0
992948,0
992949,0
992950,0
992951,0
992952,0
992953,16
992954,0
992955,0
992956,0
992957,0
992958,45
992959,0
992960,0
992961,0
992962,0
992963,0
992964,0
992965,0
992966,0
992967,0
992968,0
992969,0
992970,40
992971,0
992972,0
992973,0
992974,0
992975,0
992976,0
992977,48
992978,0
992979,0
992980,0
992981,0
992982,0
992983,0
992984,0
992985,0
992986,0
992987,0
992988,0
992989,30
992990,0
992991,0
992992,0
992993,0
992994,0
992995,0
992996,0
992997,18
992998,0
992999,0
993000,0
993001,0
993002,0
993003,0
993004,0
993005,49
993006,0
993007,0
993008,0
993009,0
993010,0
993011,0
993012,0
993013,0
993014,0
993015,0
993016,0
993017,0
993018,0
993019,0
993020,0
993021,37
993022,0
993023,0
993024,0
993025,58
993026,0
993027,0
993028,0
993029,0
993030,0
993031,0
993032,0
993033,0
993034,0
993035,0
993036,0
993037,0
993038,50
993039,0
993040,0
993041,0
993042,0
993043,0
993044,0
993045,0
993046,0
993047,0
993048,0
993049,0
993050,0
993051,0
993052,18
993053,0
993054,0
993055,0
993056,0
993057,0
993058,0
993059,0
993060,0
993061,0
993062,0
993063,43
993064,0
993065,39
993066,0
993067,0
993068,0
993069,0
993070,0
993071,0
993072,0
993073,0
993074,0
993075,0
993076,0
993077,0
993078,0
993079,0
993080,45
993081,0
993082,0
993083,0
993084,0
993085,0
993086,0
993087,0
993088,0
993089,0
993090,28
993091,0
993092,0
993093,0
993094,0
993095,0
993096,0
993097,45
993098,0
993099,0
993100,0
993101,0
993102,0
993103,0
993104,34
993105,0
993106,67
993107,0
993108,0
993109,0
993110,0
993111,0
993112,0
993113,0
993114,0
993115,24
993116,0
993117,0
993118,0
993119,0
993120,0
993121,0
993122,0
993123,0
993124,0
993125,0
993126,0
993127,34
993128,54
993129,0
993130,0
993131,22
993132,0
993133,0
993134,0
993135,35
993136,0
993137,0
993138,0
993139,0
993140,0
993141,0
993142,0
993143,0
993144,0
993145,0
993146,0
993147,0
993148,0
993149,0
993150,0
993151,0
993152,0
993153,0
993154,0
993155,0
993156,0
993157,21
993158,0
993159,0
993160,0
993161,0
993162,0
993163,0
993164,0
993165,0
993166,0
993167,0
993168,0
993169,0
993170,0
993171,0
993172,0
993173,0
993174,0
993175,43
993176,0
993177,0
993178,0
993179,0
993180,0
993181,0
993182,0
993183,0
993184,0
993185,0
993186,0
993187,0
993188,0
993189,0
993190,0
993191,0
993192,0
993193,0
993194,0
993195,0
993196,0
993197,0
993198,43
993199,0
993200,0
993201,0
993202,0
993203,0
993204,23
993205,35
993206,0
993207,0
993208,0
993209,0
993210,0
993211,0
993212,0
993213,0
993214,0
993215,0
993216,40
993217,0
993218,0
993219,0
993220,0
993221,0
993222,0
993223,0
993224,0
993225,0
993226,0
993227,0
993228,50
993229,0
993230,0
993231,0
993232,34
993233,0
993234,0
993235,37
993236,0
993237,0
993238,0
993239,0
993240,0
993241,0
993242,19
993243,0
993244,0
993245,0
993246,0
993247,0
993248,0
993249,0
993250,0
993251,0
993252,0
993253,0
993254,0
993255,38
993256,61
993257,0
993258,25
993259,0
993260,0
993261,0
993262,0
993263,0
993264,0
993265,0
993266,0
993267,0
993268,0
993269,0
993270,0
993271,64
993272,0
993273,34
993274,0
993275,20
993276,0
993277,0
993278,0
993279,0
993280,30
993281,0
993282,0
993283,60
993284,0
993285,0
993286,0
993287,0
993288,0
993289,0
993290,0
993291,0
993292,0
993293,0
993294,0
993295,0
993296,0
993297,0
993298,47
993299,0
993300,0
993301,0
993302,0
993303,0
993304,0
993305,0
993306,0
993307,0
993308,0
993309,0
993310,0
993311,0
993312,0
993313,69
993314,0
993315,0
993316,0
993317,0
993318,0
993319,0
993320,66
993321,0
993322,0
993323,0
993324,0
993325,0
993326,0
993327,0
993328,0
993329,0
993330,0
993331,0
993332,0
993333,0
993334,0
993335,0
993336,0
993337,36
993338,37
993339,0
993340,43
993341,0
993342,0
993343,0
993344,0
993345,0
993346,0
993347,0
993348,0
993349,0
993350,45
993351,0
993352,0
993353,0
993354,0
993355,0
993356,0
993357,0
993358,0
993359,0
993360,0
993361,0
993362,0
993363,0
993364,0
993365,0
993366,0
993367,0
993368,0
993369,0
993370,0
993371,0
993372,0
993373,0
993374,0
993375,0
993376,0
993377,0
993378,0
993379,0
993380,0
993381,0
993382,0
993383,0
993384,0
993385,0
993386,0
993387,0
993388,0
993389,0
993390,0
993391,0
993392,0
993393,0
993394,0
993395,0
993396,37
993397,0
993398,0
993399,0
993400,42
993401,29
993402,0
993403,0
993404,28
993405,0
993406,0
993407,0
993408,0
993409,0
993410,0
993411,0
993412,48
993413,0
993414,0
993415,20
993416,0
993417,0
993418,0
993419,0
993420,63
993421,0
993422,0
993423,0
993424,0
993425,0
993426,0
993427,0
993428,0
993429,0
993430,0
993431,0
993432,0
993433,0
993434,0
993435,0
993436,0
993437,0
993438,0
993439,0
993440,0
993441,0
993442,48
993443,0
993444,40
993445,0
993446,0
993447,0
993448,41
993449,0
993450,0
993451,0
993452,0
993453,0
993454,0
993455,0
993456,0
993457,0
993458,0
993459,0
993460,0
993461,0
993462,0
993463,0
993464,0
993465,0
993466,0
993467,0
993468,0
993469,0
993470,0
993471,0
993472,18
993473,0
993474,0
993475,0
993476,0
993477,0
993478,0
993479,0
993480,0
993481,0
993482,0
993483,0
993484,0
993485,0
993486,0
993487,0
993488,0
993489,0
993490,0
993491,0
993492,0
993493,0
993494,0
993495,25
993496,0
993497,0
993498,0
993499,0
993500,0
993501,0
993502,17
993503,0
993504,0
993505,0
993506,18
993507,0
993508,0
993509,0
993510,0
993511,0
993512,0
993513,0
993514,0
993515,0
993516,0
993517,15
993518,0
993519,0
993520,0
993521,0
993522,0
993523,0
993524,0
993525,0
993526,0
993527,0
993528,15
993529,0
993530,0
993531,0
993532,0
993533,0
993534,0
993535,0
993536,0
993537,32
993538,0
993539,0
993540,0
993541,18
993542,0
993543,0
993544,0
993545,0
993546,0
993547,0
993548,0
993549,0
993550,0
993551,0
993552,22
993553,0
993554,0
993555,0
993556,0
993557,0
993558,0
993559,0
993560,0
993561,0
993562,0
993563,0
993564,0
993565,0
993566,0
993567,0
993568,0
993569,0
993570,0
993571,0
993572,0
993573,0
993574,0
993575,0
993576,0
993577,0
993578,0
993579,0
993580,0
993581,0
993582,0
993583,30
993584,0
993585,0
993586,0
993587,0
993588,0
993589,0
993590,16
993591,0
993592,0
993593,0
993594,0
993595,0
993596,0
993597,18
993598,0
993599,0
993600,0
993601,0
993602,0
993603,0
993604,0
993605,0
993606,0
993607,7
993608,0
993609,0
993610,0
993611,0
993612,0
993613,0
993614,27
993615,0
993616,0
993617,0
993618,0
993619,0
993620,0
993621,0
993622,0
993623,0
993624,0
993625,0
993626,0
993627,0
993628,0
993629,0
993630,0
993631,0
993632,0
993633,0
993634,0
993635,0
993636,0
993637,0
993638,0
993639,0
993640,0
993641,0
993642,0
993643,0
993644,0
993645,0
993646,0
993647,0
993648,0
993649,0
993650,0
993651,0
993652,31
993653,0
993654,0
993655,0
993656,0
993657,0
993658,0
993659,0
993660,17
993661,0
993662,0
993663,0
993664,0
993665,25
993666,0
993667,0
993668,0
993669,0
993670,0
993671,0
993672,0
993673,0
993674,0
993675,0
993676,0
993677,0
993678,0
993679,0
993680,0
993681,0
993682,0
993683,36
993684,0
993685,0
993686,0
993687,0
993688,0
993689,0
993690,0
993691,0
993692,0
993693,0
993694,0
993695,0
993696,0
993697,0
993698,0
993699,0
993700,21
993701,0
993702,0
993703,0
993704,0
993705,0
993706,0
993707,0
993708,0
993709,25
993710,0
993711,0
993712,0
993713,0
993714,21
993715,0
993716,0
993717,0
993718,0
993719,0
993720,0
993721,0
993722,0
993723,0
993724,0
993725,26
993726,0
993727,0
993728,0
993729,0
993730,0
993731,0
993732,38
993733,0
993734,0
993735,0
993736,0
993737,0
993738,0
993739,0
993740,0
993741,0
993742,0
993743,0
993744,0
993745,0
993746,0
993747,0
993748,0
993749,0
993750,0
993751,0
993752,0
993753,0
993754,0
993755,0
993756,0
993757,0
993758,0
993759,0
993760,0
993761,10
993762,16
993763,0
993764,0
993765,0
993766,0
993767,0
993768,0
993769,0
993770,0
993771,0
993772,0
993773,0
993774,0
993775,0
993776,0
993777,0
993778,0
993779,0
993780,0
993781,0
993782,25
993783,0
993784,0
993785,0
993786,0
993787,0
993788,0
993789,0
993790,0
993791,45
993792,0
993793,0
993794,0
993795,0
993796,0
993797,0
993798,0
993799,0
993800,0
993801,0
993802,0
993803,0
993804,0
993805,0
993806,0
993807,0
993808,0
993809,0
993810,0
993811,0
993812,0
993813,0
993814,0
993815,0
993816,0
993817,0
993818,0
993819,0
993820,0
993821,35
993822,0
993823,0
993824,13
993825,30
993826,0
993827,0
993828,0
993829,0
993830,0
993831,0
993832,0
993833,0
993834,0
993835,0
993836,0
993837,0
993838,0
993839,0
993840,0
993841,0
993842,0
993843,0
993844,0
993845,0
993846,0
993847,0
993848,0
993849,0
993850,0
993851,0
993852,0
993853,0
993854,0
993855,0
993856,0
993857,0
993858,0
993859,0
993860,19
993861,0
993862,0
993863,0
993864,0
993865,0
993866,0
993867,0
993868,20
993869,0
993870,0
993871,0
993872,20
993873,0
993874,0
993875,0
993876,0
993877,0
993878,0
993879,0
993880,0
993881,0
993882,0
993883,0
993884,0
993885,0
993886,35
993887,0
993888,0
993889,0
993890,28
993891,0
993892,0
993893,0
993894,0
993895,0
993896,0
993897,0
993898,0
993899,0
993900,32
993901,0
993902,0
993903,0
993904,0
993905,0
993906,0
993907,0
993908,0
993909,0
993910,0
993911,0
993912,0
993913,0
993914,0
993915,0
993916,0
993917,0
993918,0
993919,0
993920,0
993921,0
993922,0
993923,0
993924,0
993925,0
993926,0
993927,0
993928,0
993929,0
993930,0
993931,0
993932,0
993933,0
993934,0
993935,0
993936,0
993937,0
993938,0
993939,0
993940,0
993941,0
993942,0
993943,0
993944,0
993945,0
993946,0
993947,0
993948,0
993949,30
993950,0
993951,0
993952,0
993953,0
993954,0
993955,0
993956,0
993957,0
993958,0
993959,0
993960,0
993961,0
993962,33
993963,0
993964,21
993965,0
993966,32
993967,0
993968,0
993969,0
993970,0
993971,0
993972,23
993973,0
993974,0
993975,20
993976,0
993977,0
993978,0
993979,0
993980,0
993981,0
993982,0
993983,0
993984,0
993985,0
993986,0
993987,0
993988,0
993989,0
993990,0
993991,0
993992,0
993993,0
993994,0
993995,0
993996,0
993997,31
993998,0
993999,0
994000,0
994001,0
994002,0
994003,0
994004,0
994005,0
994006,0
994007,0
994008,0
994009,0
994010,0
994011,0
994012,0
994013,0
994014,0
994015,0
994016,0
994017,0
994018,0
994019,0
994020,0
994021,0
994022,0
994023,0
994024,0
994025,0
994026,0
994027,0
994028,0
994029,0
994030,0
994031,0
994032,0
994033,0
994034,0
994035,0
994036,0
994037,34
994038,0
994039,0
994040,0
994041,0
994042,0
994043,0
994044,0
994045,0
994046,0
994047,0
994048,0
994049,0
994050,0
994051,0
994052,0
994053,0
994054,0
994055,0
994056,0
994057,0
994058,0
994059,0
994060,0
994061,0
994062,0
994063,0
994064,0
994065,0
994066,0
994067,0
994068,0
994069,0
994070,27
994071,0
994072,0
994073,42
994074,0
994075,37
994076,0
994077,0
994078,0
994079,0
994080,46
994081,0
994082,0
994083,0
994084,0
994085,37
994086,0
994087,38
994088,26
994089,0
994090,35
994091,31
994092,0
994093,0
994094,0
994095,0
994096,20
994097,0
994098,24
994099,0
994100,0
994101,0
994102,0
994103,40
994104,0
994105,0
994106,0
994107,0
994108,0
994109,0
994110,0
994111,0
994112,0
994113,0
994114,0
994115,0
994116,0
994117,0
994118,0
994119,0
994120,0
994121,0
994122,0
994123,25
994124,0
994125,0
994126,0
994127,0
994128,37
994129,47
994130,0
994131,0
994132,0
994133,0
994134,0
994135,40
994136,0
994137,0
994138,36
994139,27
994140,0
994141,0
994142,0
994143,0
994144,47
994145,32
994146,0
994147,43
994148,0
994149,0
994150,0
994151,0
994152,0
994153,0
994154,0
994155,33
994156,0
994157,39
994158,0
994159,0
994160,0
994161,0
994162,0
994163,0
994164,0
994165,37
994166,0
994167,0
994168,0
994169,25
994170,0
994171,0
994172,0
994173,0
994174,0
994175,0
994176,0
994177,27
994178,0
994179,0
994180,0
994181,0
994182,0
994183,0
994184,0
994185,0
994186,0
994187,0
994188,17
994189,31
994190,0
994191,0
994192,0
994193,0
994194,0
994195,0
994196,0
994197,0
994198,0
994199,30
994200,0
994201,28
994202,0
994203,0
994204,0
994205,0
994206,37
994207,33
994208,0
994209,0
994210,0
994211,41
994212,51
994213,27
994214,0
994215,0
994216,0
994217,0
994218,0
994219,0
994220,0
994221,0
994222,0
994223,0
994224,41
994225,0
994226,0
994227,0
994228,0
994229,0
994230,0
994231,39
994232,0
994233,0
994234,0
994235,0
994236,0
994237,0
994238,0
994239,0
994240,0
994241,0
994242,0
994243,25
994244,31
994245,0
994246,0
994247,0
994248,0
994249,0
994250,0
994251,0
994252,0
994253,0
994254,0
994255,0
994256,0
994257,0
994258,0
994259,0
994260,0
994261,39
994262,0
994263,28
994264,0
994265,38
994266,0
994267,0
994268,0
994269,0
994270,0
994271,0
994272,0
994273,0
994274,0
994275,0
994276,0
994277,0
994278,0
994279,0
994280,0
994281,0
994282,0
994283,0
994284,36
994285,0
994286,0
994287,0
994288,0
994289,0
994290,0
994291,0
994292,0
994293,0
994294,0
994295,0
994296,0
994297,0
994298,0
994299,0
994300,0
994301,0
994302,0
994303,0
994304,0
994305,31
994306,0
994307,0
994308,0
994309,0
994310,0
994311,0
994312,0
994313,0
994314,0
994315,47
994316,0
994317,0
994318,0
994319,0
994320,0
994321,0
994322,20
994323,29
994324,0
994325,0
994326,43
994327,0
994328,0
994329,0
994330,0
994331,0
994332,0
994333,0
994334,0
994335,0
994336,0
994337,47
994338,0
994339,0
994340,0
994341,36
994342,0
994343,0
994344,0
994345,0
994346,0
994347,0
994348,0
994349,31
994350,0
994351,0
994352,0
994353,45
994354,0
994355,0
994356,31
994357,0
994358,0
994359,0
994360,0
994361,0
994362,0
994363,0
994364,39
994365,0
994366,31
994367,53
994368,0
994369,0
994370,0
994371,39
994372,46
994373,0
994374,0
994375,36
994376,0
994377,0
994378,24
994379,0
994380,54
994381,0
994382,0
994383,38
994384,0
994385,0
994386,0
994387,0
994388,0
994389,0
994390,0
994391,0
994392,18
994393,0
994394,41
994395,0
994396,0
994397,0
994398,54
994399,30
994400,0
994401,0
994402,0
994403,0
994404,30
994405,0
994406,0
994407,0
994408,0
994409,0
994410,0
994411,38
994412,0
994413,31
994414,0
994415,46
994416,0
994417,0
994418,0
994419,35
994420,0
994421,46
994422,0
994423,0
994424,0
994425,0
994426,0
994427,0
994428,0
994429,0
994430,0
994431,0
994432,0
994433,0
994434,45
994435,0
994436,0
994437,0
994438,35
994439,0
994440,0
994441,0
994442,0
994443,0
994444,0
994445,0
994446,41
994447,0
994448,0
994449,31
994450,0
994451,0
994452,0
994453,0
994454,29
994455,0
994456,0
994457,33
994458,0
994459,0
994460,0
994461,44
994462,38
994463,0
994464,0
994465,0
994466,0
994467,0
994468,0
994469,0
994470,0
994471,0
994472,0
994473,0
994474,0
994475,37
994476,0
994477,36
994478,0
994479,0
994480,0
994481,0
994482,0
994483,0
994484,0
994485,0
994486,0
994487,0
994488,0
994489,0
994490,0
994491,0
994492,0
994493,0
994494,37
994495,0
994496,0
994497,0
994498,35
994499,0
994500,0
994501,0
994502,28
994503,0
994504,0
994505,0
994506,0
994507,43
994508,0
994509,0
994510,0
994511,0
994512,0
994513,0
994514,0
994515,0
994516,34
994517,0
994518,0
994519,0
994520,0
994521,0
994522,0
994523,0
994524,0
994525,0
994526,0
994527,0
994528,0
994529,47
994530,36
994531,38
994532,0
994533,36
994534,0
994535,42
994536,0
994537,0
994538,0
994539,0
994540,0
994541,0
994542,0
994543,0
994544,0
994545,0
994546,0
994547,0
994548,0
994549,40
994550,0
994551,0
994552,0
994553,0
994554,0
994555,43
994556,0
994557,0
994558,0
994559,36
994560,0
994561,0
994562,0
994563,0
994564,37
994565,0
994566,0
994567,46
994568,0
994569,0
994570,0
994571,0
994572,0
994573,0
994574,0
994575,0
994576,0
994577,0
994578,29
994579,0
994580,20
994581,0
994582,0
994583,0
994584,0
994585,28
994586,0
994587,0
994588,0
994589,0
994590,0
994591,0
994592,38
994593,25
994594,35
994595,0
994596,0
994597,0
994598,21
994599,0
994600,0
994601,0
994602,0
994603,0
994604,0
994605,0
994606,0
994607,34
994608,0
994609,0
994610,0
994611,0
994612,0
994613,53
994614,32
994615,0
994616,0
994617,51
994618,0
994619,0
994620,52
994621,33
994622,42
994623,0
994624,0
994625,0
994626,0
994627,35
994628,0
994629,0
994630,26
994631,0
994632,0
994633,0
994634,0
994635,0
994636,31
994637,0
994638,0
994639,30
994640,39
994641,0
994642,0
994643,0
994644,0
994645,45
994646,16
994647,0
994648,26
994649,0
994650,62
994651,0
994652,0
994653,0
994654,0
994655,27
994656,0
994657,0
994658,0
994659,0
994660,0
994661,32
994662,23
994663,0
994664,0
994665,0
994666,0
994667,0
994668,0
994669,0
994670,0
994671,0
994672,0
994673,33
994674,0
994675,0
994676,0
994677,0
994678,0
994679,0
994680,0
994681,0
994682,0
994683,21
994684,0
994685,0
994686,48
994687,0
994688,0
994689,0
994690,0
994691,0
994692,33
994693,0
994694,0
994695,0
994696,38
994697,0
994698,0
994699,0
994700,0
994701,0
994702,0
994703,0
994704,25
994705,0
994706,0
994707,0
994708,0
994709,0
994710,36
994711,0
994712,0
994713,0
994714,32
994715,0
994716,0
994717,0
994718,41
994719,29
994720,0
994721,0
994722,38
994723,25
994724,0
994725,49
994726,0
994727,0
994728,32
994729,0
994730,0
994731,0
994732,0
994733,0
994734,0
994735,0
994736,0
994737,0
994738,0
994739,38
994740,0
994741,0
994742,37
994743,0
994744,0
994745,0
994746,0
994747,0
994748,0
994749,0
994750,0
994751,0
994752,0
994753,0
994754,0
994755,33
994756,0
994757,0
994758,0
994759,0
994760,35
994761,45
994762,0
994763,39
994764,0
994765,15
994766,0
994767,0
994768,32
994769,0
994770,0
994771,0
994772,0
994773,0
994774,0
994775,0
994776,27
994777,0
994778,0
994779,0
994780,0
994781,35
994782,27
994783,0
994784,0
994785,43
994786,31
994787,25
994788,26
994789,35
994790,0
994791,22
994792,0
994793,0
994794,0
994795,39
994796,0
994797,0
994798,0
994799,0
994800,0
994801,36
994802,0
994803,39
994804,0
994805,0
994806,39
994807,0
994808,0
994809,49
994810,0
994811,0
994812,51
994813,0
994814,0
994815,0
994816,0
994817,0
994818,0
994819,0
994820,0
994821,45
994822,0
994823,0
994824,39
994825,34
994826,0
994827,0
994828,0
994829,0
994830,0
994831,0
994832,0
994833,0
994834,0
994835,0
994836,33
994837,0
994838,0
994839,0
994840,0
994841,0
994842,0
994843,0
994844,0
994845,26
994846,25
994847,0
994848,0
994849,0
994850,37
994851,0
994852,0
994853,0
994854,0
994855,0
994856,30
994857,0
994858,0
994859,0
994860,0
994861,0
994862,0
994863,0
994864,0
994865,0
994866,0
994867,0
994868,0
994869,0
994870,0
994871,0
994872,0
994873,0
994874,0
994875,24
994876,0
994877,32
994878,0
994879,0
994880,0
994881,0
994882,0
994883,0
994884,0
994885,0
994886,0
994887,0
994888,0
994889,27
994890,0
994891,0
994892,0
994893,0
994894,35
994895,0
994896,0
994897,0
994898,0
994899,32
994900,0
994901,0
994902,0
994903,0
994904,0
994905,0
994906,0
994907,0
994908,0
994909,0
994910,0
994911,0
994912,0
994913,0
994914,29
994915,0
994916,0
994917,0
994918,0
994919,0
994920,0
994921,0
994922,0
994923,0
994924,0
994925,0
994926,28
994927,0
994928,43
994929,0
994930,0
994931,32
994932,38
994933,0
994934,31
994935,0
994936,0
994937,0
994938,0
994939,0
994940,0
994941,0
994942,0
994943,35
994944,0
994945,32
994946,0
994947,0
994948,0
994949,0
994950,59
994951,0
994952,33
994953,0
994954,0
994955,0
994956,0
994957,0
994958,0
994959,0
994960,0
994961,0
994962,0
994963,0
994964,0
994965,0
994966,0
994967,0
994968,0
994969,38
994970,0
994971,0
994972,0
994973,0
994974,0
994975,0
994976,32
994977,0
994978,31
994979,0
994980,0
994981,0
994982,0
994983,0
994984,0
994985,0
994986,0
994987,23
994988,0
994989,0
994990,0
994991,0
994992,34
994993,0
994994,25
994995,34
994996,0
994997,0
994998,0
994999,0
995000,0
995001,0
995002,0
995003,0
995004,0
995005,0
995006,0
995007,4
995008,0
995009,0
995010,0
995011,0
995012,0
995013,0
995014,0
995015,0
995016,0
995017,0
995018,0
995019,0
995020,0
995021,0
995022,0
995023,0
995024,0
995025,0
995026,9
995027,6
995028,0
995029,0
995030,9
995031,0
995032,0
995033,0
995034,0
995035,10
995036,0
995037,11
995038,0
995039,0
995040,0
995041,0
995042,0
995043,0
995044,0
995045,0
995046,0
995047,0
995048,0
995049,11
995050,0
995051,13
995052,0
995053,0
995054,13
995055,8
995056,0
995057,0
995058,0
995059,14
995060,0
995061,0
995062,0
995063,0
995064,0
995065,0
995066,0
995067,0
995068,0
995069,20
995070,16
995071,0
995072,0
995073,0
995074,0
995075,0
995076,0
995077,0
995078,0
995079,0
995080,0
995081,0
995082,0
995083,0
995084,0
995085,9
995086,0
995087,0
995088,0
995089,0
995090,0
995091,10
995092,0
995093,0
995094,0
995095,0
995096,10
995097,0
995098,0
995099,0
995100,0
995101,0
995102,0
995103,0
995104,7
995105,8
995106,15
995107,0
995108,0
995109,0
995110,0
995111,9
995112,0
995113,0
995114,0
995115,0
995116,16
995117,0
995118,0
995119,0
995120,0
995121,0
995122,0
995123,0
995124,0
995125,0
995126,0
995127,0
995128,0
995129,16
995130,0
995131,0
995132,0
995133,9
995134,14
995135,0
995136,0
995137,0
995138,0
995139,13
995140,0
995141,0
995142,0
995143,8
995144,0
995145,0
995146,0
995147,0
995148,0
995149,8
995150,0
995151,0
995152,12
995153,0
995154,8
995155,0
995156,0
995157,0
995158,8
995159,14
995160,0
995161,0
995162,12
995163,0
995164,8
995165,9
995166,0
995167,0
995168,0
995169,0
995170,0
995171,0
995172,0
995173,0
995174,5
995175,0
995176,0
995177,0
995178,0
995179,0
995180,0
995181,0
995182,0
995183,10
995184,9
995185,10
995186,0
995187,0
995188,0
995189,0
995190,0
995191,0
995192,0
995193,0
995194,14
995195,0
995196,15
995197,10
995198,0
995199,0
995200,0
995201,0
995202,13
995203,0
995204,10
995205,13
995206,0
995207,10
995208,0
995209,0
995210,10
995211,0
995212,0
995213,0
995214,0
995215,0
995216,14
995217,15
995218,9
995219,0
995220,0
995221,16
995222,16
995223,9
995224,0
995225,0
995226,0
995227,0
995228,0
995229,0
995230,0
995231,18
995232,0
995233,10
995234,0
995235,0
995236,0
995237,0
995238,0
995239,12
995240,0
995241,0
995242,0
995243,8
995244,11
995245,14
995246,9
995247,0
995248,0
995249,0
995250,0
995251,0
995252,0
995253,0
995254,0
995255,0
995256,8
995257,15
995258,0
995259,0
995260,0
995261,0
995262,0
995263,0
995264,0
995265,0
995266,8
995267,0
995268,0
995269,0
995270,0
995271,7
995272,0
995273,0
995274,12
995275,7
995276,0
995277,13
995278,0
995279,0
995280,0
995281,0
995282,9
995283,8
995284,0
995285,15
995286,0
995287,0
995288,0
995289,0
995290,4
995291,3
995292,0
995293,13
995294,0
995295,10
995296,0
995297,0
995298,0
995299,0
995300,0
995301,0
995302,0
995303,6
995304,0
995305,0
995306,0
995307,0
995308,0
995309,0
995310,0
995311,0
995312,0
995313,0
995314,0
995315,0
995316,0
995317,0
995318,0
995319,9
995320,0
995321,0
995322,0
995323,6
995324,0
995325,0
995326,0
995327,0
995328,0
995329,0
995330,0
995331,0
995332,0
995333,0
995334,0
995335,0
995336,0
995337,11
995338,0
995339,6
995340,0
995341,0
995342,0
995343,21
995344,6
995345,0
995346,0
995347,0
995348,0
995349,0
995350,0
995351,0
995352,0
995353,10
995354,0
995355,0
995356,0
995357,0
995358,0
995359,0
995360,0
995361,0
995362,8
995363,7
995364,10
995365,10
995366,0
995367,0
995368,7
995369,0
995370,0
995371,0
995372,11
995373,0
995374,0
995375,0
995376,11
995377,0
995378,0
995379,0
995380,11
995381,0
995382,0
995383,0
995384,0
995385,0
995386,0
995387,0
995388,0
995389,0
995390,0
995391,0
995392,0
995393,0
995394,0
995395,0
995396,0
995397,0
995398,0
995399,0
995400,0
995401,0
995402,0
995403,0
995404,0
995405,0
995406,0
995407,0
995408,0
995409,0
995410,0
995411,12
995412,0
995413,14
995414,0
995415,8
995416,0
995417,0
995418,0
995419,0
995420,0
995421,0
995422,0
995423,0
995424,0
995425,16
995426,9
995427,0
995428,0
995429,0
995430,8
995431,0
995432,0
995433,0
995434,8
995435,0
995436,0
995437,0
995438,0
995439,0
995440,15
995441,0
995442,0
995443,0
995444,0
995445,0
995446,9
995447,0
995448,0
995449,0
995450,0
995451,0
995452,0
995453,0
995454,11
995455,10
995456,10
995457,0
995458,8
995459,0
995460,0
995461,0
995462,0
995463,8
995464,0
995465,0
995466,0
995467,0
995468,11
995469,0
995470,5
995471,0
995472,0
995473,0
995474,0
995475,8
995476,8
995477,0
995478,12
995479,13
995480,15
995481,0
995482,0
995483,0
995484,0
995485,12
995486,0
995487,0
995488,6
995489,12
995490,0
995491,9
995492,0
995493,0
995494,0
995495,4
995496,0
995497,10
995498,0
995499,0
995500,0
995501,0
995502,0
995503,0
995504,6
995505,0
995506,0
995507,0
995508,7
995509,0
995510,0
995511,17
995512,0
995513,0
995514,14
995515,0
995516,13
995517,0
995518,13
995519,0
995520,0
995521,0
995522,0
995523,0
995524,0
995525,0
995526,0
995527,0
995528,0
995529,15
995530,0
995531,12
995532,0
995533,0
995534,0
995535,0
995536,9
995537,0
995538,0
995539,11
995540,0
995541,0
995542,0
995543,0
995544,0
995545,0
995546,0
995547,9
995548,0
995549,0
995550,7
995551,0
995552,14
995553,0
995554,0
995555,0
995556,0
995557,0
995558,18
995559,0
995560,0
995561,0
995562,11
995563,8
995564,0
995565,0
995566,5
995567,0
995568,0
995569,0
995570,0
995571,0
995572,0
995573,0
995574,0
995575,0
995576,0
995577,13
995578,0
995579,2
995580,0
995581,0
995582,0
995583,0
995584,0
995585,0
995586,0
995587,0
995588,10
995589,7
995590,0
995591,0
995592,12
995593,0
995594,0
995595,0
995596,18
995597,6
995598,0
995599,7
995600,0
995601,0
995602,0
995603,0
995604,0
995605,5
995606,0
995607,0
995608,8
995609,0
995610,0
995611,0
995612,0
995613,0
995614,0
995615,0
995616,0
995617,0
995618,0
995619,10
995620,0
995621,0
995622,0
995623,0
995624,0
995625,8
995626,0
995627,0
995628,0
995629,0
995630,0
995631,11
995632,13
995633,0
995634,9
995635,0
995636,0
995637,0
995638,0
995639,0
995640,0
995641,0
995642,0
995643,10
995644,0
995645,0
995646,7
995647,7
995648,0
995649,0
995650,0
995651,0
995652,0
995653,0
995654,0
995655,8
995656,8
995657,0
995658,0
995659,0
995660,11
995661,15
995662,0
995663,0
995664,0
995665,0
995666,0
995667,0
995668,12
995669,0
995670,11
995671,0
995672,0
995673,0
995674,0
995675,0
995676,0
995677,0
995678,12
995679,0
995680,0
995681,0
995682,14
995683,0
995684,0
995685,0
995686,9
995687,0
995688,0
995689,0
995690,0
995691,0
995692,0
995693,0
995694,10
995695,8
995696,0
995697,0
995698,9
995699,0
995700,8
995701,13
995702,0
995703,10
995704,0
995705,0
995706,0
995707,15
995708,6
995709,0
995710,0
995711,0
995712,14
995713,0
995714,0
995715,0
995716,8
995717,14
995718,0
995719,0
995720,0
995721,7
995722,0
995723,0
995724,0
995725,0
995726,17
995727,13
995728,0
995729,0
995730,12
995731,6
995732,0
995733,0
995734,9
995735,0
995736,0
995737,17
995738,9
995739,0
995740,5
995741,0
995742,0
995743,0
995744,12
995745,8
995746,12
995747,0
995748,0
995749,10
995750,7
995751,0
995752,0
995753,0
995754,0
995755,11
995756,8
995757,11
995758,6
995759,0
995760,0
995761,0
995762,0
995763,0
995764,0
995765,0
995766,6
995767,12
995768,10
995769,0
995770,0
995771,0
995772,12
995773,9
995774,0
995775,7
995776,6
995777,13
995778,0
995779,0
995780,0
995781,0
995782,0
995783,0
995784,10
995785,0
995786,12
995787,0
995788,0
995789,0
995790,0
995791,0
995792,14
995793,0
995794,0
995795,0
995796,0
995797,0
995798,0
995799,0
995800,0
995801,13
995802,0
995803,16
995804,0
995805,0
995806,0
995807,0
995808,0
995809,11
995810,0
995811,0
995812,7
995813,15
995814,0
995815,0
995816,0
995817,12
995818,0
995819,0
995820,0
995821,0
995822,0
995823,7
995824,0
995825,0
995826,0
995827,14
995828,0
995829,0
995830,0
995831,0
995832,36
995833,0
995834,19
995835,0
995836,0
995837,0
995838,0
995839,0
995840,0
995841,51
995842,0
995843,0
995844,0
995845,0
995846,0
995847,0
995848,34
995849,0
995850,0
995851,0
995852,0
995853,35
995854,36
995855,0
995856,0
995857,0
995858,0
995859,0
995860,38
995861,0
995862,0
995863,0
995864,0
995865,0
995866,34
995867,0
995868,0
995869,0
995870,0
995871,53
995872,27
995873,0
995874,0
995875,48
995876,0
995877,43
995878,0
995879,40
995880,53
995881,0
995882,0
995883,0
995884,0
995885,0
995886,0
995887,17
995888,0
995889,0
995890,57
995891,0
995892,0
995893,0
995894,49
995895,49
995896,0
995897,46
995898,0
995899,28
995900,37
995901,31
995902,28
995903,0
995904,0
995905,36
995906,0
995907,42
995908,0
995909,54
995910,52
995911,0
995912,0
995913,0
995914,0
995915,0
995916,0
995917,29
995918,0
995919,30
995920,0
995921,33
995922,50
995923,32
995924,46
995925,0
995926,0
995927,0
995928,45
995929,0
995930,0
995931,0
995932,0
995933,0
995934,0
995935,0
995936,0
995937,0
995938,0
995939,0
995940,0
995941,0
995942,0
995943,0
995944,0
995945,0
995946,0
995947,0
995948,48
995949,0
995950,44
995951,0
995952,27
995953,0
995954,0
995955,27
995956,43
995957,45
995958,0
995959,0
995960,0
995961,43
995962,0
995963,0
995964,36
995965,0
995966,45
995967,0
995968,0
995969,0
995970,70
995971,0
995972,0
995973,0
995974,53
995975,0
995976,0
995977,0
995978,0
995979,16
995980,0
995981,0
995982,0
995983,0
995984,0
995985,0
995986,0
995987,61
995988,0
995989,0
995990,0
995991,28
995992,0
995993,0
995994,0
995995,0
995996,35
995997,30
995998,0
995999,0
996000,0
996001,0
996002,0
996003,0
996004,0
996005,31
996006,50
996007,0
996008,40
996009,0
996010,0
996011,0
996012,55
996013,0
996014,33
996015,0
996016,0
996017,0
996018,36
996019,0
996020,49
996021,0
996022,0
996023,0
996024,0
996025,30
996026,0
996027,0
996028,0
996029,31
996030,0
996031,40
996032,0
996033,0
996034,0
996035,0
996036,34
996037,0
996038,0
996039,0
996040,0
996041,0
996042,35
996043,0
996044,0
996045,0
996046,33
996047,0
996048,35
996049,0
996050,0
996051,35
996052,17
996053,32
996054,0
996055,0
996056,0
996057,0
996058,0
996059,0
996060,38
996061,0
996062,66
996063,0
996064,0
996065,0
996066,0
996067,35
996068,42
996069,0
996070,0
996071,0
996072,0
996073,0
996074,40
996075,33
996076,30
996077,0
996078,30
996079,49
996080,0
996081,40
996082,0
996083,0
996084,0
996085,0
996086,0
996087,82
996088,0
996089,0
996090,0
996091,0
996092,26
996093,0
996094,0
996095,0
996096,0
996097,37
996098,0
996099,0
996100,0
996101,0
996102,46
996103,56
996104,0
996105,24
996106,37
996107,0
996108,34
996109,43
996110,0
996111,0
996112,0
996113,0
996114,0
996115,0
996116,0
996117,0
996118,0
996119,0
996120,0
996121,0
996122,0
996123,46
996124,46
996125,52
996126,0
996127,0
996128,0
996129,0
996130,39
996131,35
996132,0
996133,0
996134,42
996135,34
996136,0
996137,0
996138,0
996139,42
996140,63
996141,0
996142,0
996143,0
996144,0
996145,0
996146,0
996147,0
996148,24
996149,37
996150,26
996151,0
996152,50
996153,0
996154,0
996155,0
996156,0
996157,0
996158,0
996159,0
996160,0
996161,0
996162,37
996163,0
996164,31
996165,0
996166,0
996167,0
996168,41
996169,0
996170,0
996171,37
996172,0
996173,51
996174,0
996175,0
996176,0
996177,0
996178,71
996179,22
996180,66
996181,39
996182,0
996183,48
996184,0
996185,36
996186,0
996187,51
996188,0
996189,25
996190,0
996191,0
996192,30
996193,0
996194,0
996195,0
996196,37
996197,71
996198,0
996199,0
996200,0
996201,47
996202,0
996203,33
996204,0
996205,0
996206,0
996207,33
996208,39
996209,0
996210,42
996211,0
996212,0
996213,0
996214,0
996215,0
996216,0
996217,0
996218,0
996219,61
996220,38
996221,46
996222,0
996223,0
996224,53
996225,23
996226,0
996227,0
996228,0
996229,0
996230,0
996231,45
996232,0
996233,0
996234,0
996235,0
996236,0
996237,0
996238,0
996239,0
996240,0
996241,28
996242,0
996243,0
996244,42
996245,0
996246,0
996247,0
996248,29
996249,0
996250,32
996251,0
996252,0
996253,0
996254,44
996255,25
996256,43
996257,0
996258,0
996259,42
996260,13
996261,0
996262,0
996263,34
996264,0
996265,0
996266,0
996267,0
996268,0
996269,0
996270,0
996271,0
996272,0
996273,0
996274,0
996275,18
996276,0
996277,0
996278,0
996279,0
996280,0
996281,0
996282,0
996283,0
996284,0
996285,0
996286,0
996287,0
996288,66
996289,0
996290,0
996291,0
996292,62
996293,0
996294,44
996295,0
996296,0
996297,0
996298,0
996299,0
996300,43
996301,60
996302,0
996303,0
996304,0
996305,0
996306,43
996307,42
996308,0
996309,0
996310,0
996311,0
996312,0
996313,0
996314,0
996315,0
996316,0
996317,0
996318,46
996319,52
996320,0
996321,0
996322,0
996323,0
996324,50
996325,0
996326,0
996327,29
996328,0
996329,0
996330,0
996331,44
996332,0
996333,34
996334,66
996335,0
996336,23
996337,0
996338,0
996339,0
996340,0
996341,0
996342,0
996343,0
996344,0
996345,0
996346,0
996347,0
996348,27
996349,0
996350,0
996351,0
996352,47
996353,44
996354,48
996355,0
996356,0
996357,0
996358,0
996359,0
996360,0
996361,0
996362,0
996363,44
996364,0
996365,0
996366,0
996367,0
996368,0
996369,27
996370,43
996371,0
996372,0
996373,0
996374,0
996375,0
996376,0
996377,35
996378,0
996379,40
996380,36
996381,0
996382,0
996383,0
996384,0
996385,0
996386,0
996387,0
996388,27
996389,0
996390,0
996391,0
996392,0
996393,55
996394,32
996395,0
996396,0
996397,9
996398,0
996399,0
996400,0
996401,0
996402,0
996403,34
996404,0
996405,0
996406,0
996407,63
996408,0
996409,0
996410,26
996411,11
996412,14
996413,27
996414,0
996415,0
996416,0
996417,0
996418,0
996419,0
996420,0
996421,0
996422,0
996423,41
996424,0
996425,0
996426,0
996427,33
996428,0
996429,0
996430,0
996431,46
996432,34
996433,0
996434,28
996435,0
996436,0
996437,0
996438,0
996439,0
996440,30
996441,0
996442,0
996443,0
996444,37
996445,47
996446,0
996447,0
996448,0
996449,0
996450,0
996451,0
996452,0
996453,0
996454,0
996455,0
996456,0
996457,0
996458,48
996459,31
996460,0
996461,0
996462,0
996463,0
996464,52
996465,0
996466,53
996467,0
996468,38
996469,0
996470,0
996471,0
996472,0
996473,0
996474,0
996475,0
996476,0
996477,55
996478,56
996479,0
996480,0
996481,0
996482,0
996483,0
996484,0
996485,0
996486,38
996487,0
996488,45
996489,0
996490,0
996491,0
996492,0
996493,0
996494,0
996495,0
996496,0
996497,39
996498,0
996499,0
996500,0
996501,0
996502,0
996503,0
996504,0
996505,40
996506,0
996507,0
996508,0
996509,0
996510,45
996511,0
996512,0
996513,0
996514,0
996515,0
996516,0
996517,0
996518,0
996519,0
996520,31
996521,44
996522,0
996523,0
996524,0
996525,37
996526,0
996527,0
996528,0
996529,0
996530,31
996531,0
996532,0
996533,39
996534,43
996535,40
996536,0
996537,0
996538,3
996539,0
996540,5
996541,0
996542,0
996543,0
996544,0
996545,3
996546,0
996547,0
996548,0
996549,0
996550,0
996551,0
996552,0
996553,0
996554,6
996555,0
996556,0
996557,0
996558,0
996559,0
996560,0
996561,0
996562,0
996563,0
996564,0
996565,0
996566,0
996567,0
996568,0
996569,0
996570,0
996571,0
996572,0
996573,0
996574,0
996575,0
996576,0
996577,6
996578,0
996579,0
996580,0
996581,0
996582,1
996583,0
996584,0
996585,0
996586,0
996587,0
996588,0
996589,0
996590,0
996591,0
996592,0
996593,0
996594,7
996595,0
996596,9
996597,0
996598,4
996599,0
996600,0
996601,0
996602,0
996603,0
996604,0
996605,0
996606,2
996607,0
996608,0
996609,0
996610,0
996611,0
996612,0
996613,0
996614,0
996615,0
996616,0
996617,1
996618,0
996619,0
996620,0
996621,0
996622,0
996623,0
996624,0
996625,0
996626,0
996627,0
996628,10
996629,0
996630,0
996631,0
996632,0
996633,0
996634,0
996635,6
996636,0
996637,0
996638,0
996639,0
996640,0
996641,0
996642,0
996643,0
996644,0
996645,0
996646,0
996647,0
996648,0
996649,0
996650,0
996651,0
996652,0
996653,0
996654,0
996655,0
996656,0
996657,0
996658,0
996659,14
996660,0
996661,6
996662,0
996663,0
996664,0
996665,0
996666,0
996667,6
996668,0
996669,0
996670,8
996671,0
996672,0
996673,0
996674,0
996675,0
996676,0
996677,0
996678,0
996679,0
996680,0
996681,4
996682,0
996683,8
996684,0
996685,0
996686,0
996687,0
996688,0
996689,5
996690,0
996691,0
996692,0
996693,0
996694,0
996695,0
996696,0
996697,0
996698,0
996699,0
996700,8
996701,0
996702,0
996703,0
996704,0
996705,0
996706,0
996707,0
996708,0
996709,0
996710,0
996711,0
996712,0
996713,0
996714,0
996715,0
996716,0
996717,0
996718,0
996719,0
996720,6
996721,0
996722,0
996723,0
996724,0
996725,0
996726,0
996727,0
996728,0
996729,11
996730,0
996731,5
996732,0
996733,0
996734,8
996735,0
996736,0
996737,0
996738,0
996739,0
996740,2
996741,0
996742,0
996743,0
996744,0
996745,0
996746,0
996747,0
996748,0
996749,0
996750,0
996751,0
996752,0
996753,0
996754,15
996755,0
996756,0
996757,0
996758,0
996759,0
996760,6
996761,0
996762,0
996763,1
996764,0
996765,0
996766,5
996767,0
996768,0
996769,0
996770,0
996771,0
996772,0
996773,0
996774,0
996775,11
996776,0
996777,0
996778,0
996779,0
996780,0
996781,0
996782,0
996783,0
996784,0
996785,0
996786,0
996787,0
996788,5
996789,0
996790,0
996791,0
996792,0
996793,0
996794,0
996795,0
996796,0
996797,0
996798,0
996799,0
996800,0
996801,0
996802,0
996803,0
996804,0
996805,0
996806,0
996807,5
996808,0
996809,0
996810,0
996811,0
996812,0
996813,0
996814,0
996815,9
996816,0
996817,0
996818,0
996819,0
996820,0
996821,0
996822,0
996823,0
996824,10
996825,0
996826,0
996827,0
996828,0
996829,0
996830,0
996831,0
996832,0
996833,0
996834,0
996835,0
996836,0
996837,0
996838,0
996839,0
996840,0
996841,0
996842,0
996843,5
996844,0
996845,9
996846,3
996847,0
996848,0
996849,0
996850,0
996851,0
996852,0
996853,0
996854,0
996855,36
996856,0
996857,0
996858,0
996859,0
996860,0
996861,0
996862,25
996863,0
996864,0
996865,0
996866,0
996867,0
996868,0
996869,0
996870,0
996871,0
996872,0
996873,0
996874,0
996875,0
996876,0
996877,0
996878,0
996879,0
996880,0
996881,0
996882,0
996883,0
996884,0
996885,24
996886,0
996887,0
996888,0
996889,0
996890,0
996891,41
996892,0
996893,0
996894,21
996895,0
996896,0
996897,0
996898,0
996899,0
996900,0
996901,0
996902,0
996903,0
996904,0
996905,0
996906,0
996907,0
996908,29
996909,0
996910,0
996911,0
996912,0
996913,0
996914,0
996915,20
996916,0
996917,0
996918,0
996919,0
996920,0
996921,0
996922,0
996923,0
996924,0
996925,0
996926,0
996927,0
996928,0
996929,0
996930,0
996931,0
996932,0
996933,0
996934,0
996935,0
996936,0
996937,0
996938,0
996939,21
996940,0
996941,0
996942,0
996943,0
996944,0
996945,0
996946,0
996947,0
996948,0
996949,0
996950,0
996951,0
996952,0
996953,0
996954,0
996955,0
996956,0
996957,0
996958,0
996959,0
996960,0
996961,0
996962,0
996963,0
996964,0
996965,0
996966,0
996967,0
996968,0
996969,0
996970,0
996971,0
996972,0
996973,0
996974,0
996975,0
996976,0
996977,0
996978,0
996979,23
996980,0
996981,0
996982,0
996983,0
996984,0
996985,0
996986,0
996987,0
996988,0
996989,0
996990,0
996991,0
996992,0
996993,0
996994,16
996995,0
996996,0
996997,0
996998,0
996999,0
997000,0
997001,0
997002,0
997003,0
997004,0
997005,0
997006,0
997007,0
997008,0
997009,25
997010,0
997011,0
997012,0
997013,0
997014,0
997015,17
997016,0
997017,16
997018,0
997019,0
997020,0
997021,0
997022,0
997023,0
997024,0
997025,0
997026,0
997027,0
997028,0
997029,0
997030,0
997031,0
997032,0
997033,0
997034,0
997035,0
997036,0
997037,0
997038,0
997039,0
997040,0
997041,0
997042,0
997043,0
997044,22
997045,27
997046,0
997047,0
997048,0
997049,0
997050,0
997051,0
997052,0
997053,0
997054,0
997055,0
997056,0
997057,0
997058,0
997059,0
997060,0
997061,0
997062,0
997063,0
997064,0
997065,0
997066,0
997067,0
997068,0
997069,0
997070,0
997071,0
997072,0
997073,0
997074,0
997075,0
997076,0
997077,0
997078,0
997079,0
997080,0
997081,0
997082,0
997083,0
997084,0
997085,0
997086,0
997087,25
997088,0
997089,0
997090,0
997091,0
997092,0
997093,0
997094,0
997095,0
997096,0
997097,0
997098,0
997099,0
997100,0
997101,0
997102,0
997103,0
997104,0
997105,0
997106,0
997107,19
997108,0
997109,0
997110,0
997111,0
997112,0
997113,0
997114,24
997115,0
997116,0
997117,0
997118,0
997119,0
997120,18
997121,0
997122,14
997123,0
997124,0
997125,0
997126,0
997127,0
997128,0
997129,0
997130,0
997131,0
997132,0
997133,0
997134,0
997135,0
997136,0
997137,0
997138,0
997139,0
997140,0
997141,0
997142,0
997143,0
997144,0
997145,23
997146,0
997147,0
997148,0
997149,0
997150,32
997151,0
997152,0
997153,0
997154,0
997155,0
997156,0
997157,0
997158,0
997159,0
997160,0
997161,0
997162,0
997163,0
997164,0
997165,0
997166,0
997167,0
997168,0
997169,0
997170,0
997171,0
997172,0
997173,0
997174,0
997175,0
997176,0
997177,0
997178,0
997179,0
997180,0
997181,0
997182,0
997183,0
997184,0
997185,0
997186,0
997187,0
997188,0
997189,22
997190,0
997191,0
997192,0
997193,0
997194,0
997195,0
997196,0
997197,0
997198,0
997199,0
997200,0
997201,0
997202,0
997203,0
997204,0
997205,0
997206,0
997207,0
997208,0
997209,0
997210,0
997211,0
997212,0
997213,0
997214,0
997215,0
997216,0
997217,0
997218,0
997219,0
997220,0
997221,22
997222,0
997223,0
997224,0
997225,0
997226,0
997227,0
997228,0
997229,0
997230,0
997231,0
997232,0
997233,0
997234,0
997235,0
997236,0
997237,25
997238,0
997239,0
997240,0
997241,0
997242,22
997243,0
997244,0
997245,0
997246,0
997247,0
997248,0
997249,0
997250,0
997251,0
997252,0
997253,0
997254,0
997255,0
997256,0
997257,0
997258,0
997259,0
997260,0
997261,0
997262,0
997263,0
997264,0
997265,0
997266,0
997267,0
997268,0
997269,0
997270,0
997271,0
997272,0
997273,0
997274,0
997275,0
997276,0
997277,0
997278,0
997279,0
997280,0
997281,20
997282,0
997283,0
997284,0
997285,0
997286,0
997287,0
997288,23
997289,0
997290,0
997291,0
997292,0
997293,0
997294,0
997295,0
997296,0
997297,25
997298,0
997299,0
997300,0
997301,0
997302,0
997303,0
997304,0
997305,0
997306,0
997307,0
997308,0
997309,0
997310,0
997311,0
997312,0
997313,0
997314,0
997315,0
997316,0
997317,0
997318,0
997319,0
997320,0
997321,0
997322,0
997323,0
997324,0
997325,0
997326,27
997327,0
997328,0
997329,0
997330,0
997331,0
997332,0
997333,0
997334,0
997335,0
997336,0
997337,0
997338,0
997339,0
997340,0
997341,0
997342,0
997343,0
997344,0
997345,0
997346,0
997347,24
997348,0
997349,0
997350,0
997351,0
997352,0
997353,0
997354,0
997355,0
997356,0
997357,26
997358,0
997359,0
997360,0
997361,0
997362,0
997363,0
997364,0
997365,0
997366,0
997367,0
997368,0
997369,0
997370,0
997371,0
997372,0
997373,0
997374,0
997375,0
997376,0
997377,35
997378,0
997379,20
997380,0
997381,0
997382,0
997383,0
997384,0
997385,0
997386,0
997387,0
997388,0
997389,0
997390,0
997391,0
997392,0
997393,0
997394,0
997395,0
997396,0
997397,0
997398,0
997399,0
997400,20
997401,0
997402,0
997403,0
997404,0
997405,0
997406,0
997407,0
997408,0
997409,0
997410,0
997411,0
997412,0
997413,0
997414,0
997415,0
997416,0
997417,0
997418,0
997419,0
997420,0
997421,0
997422,0
997423,0
997424,0
997425,0
997426,0
997427,0
997428,0
997429,0
997430,0
997431,0
997432,0
997433,0
997434,0
997435,30
997436,0
997437,0
997438,0
997439,0
997440,0
997441,0
997442,0
997443,0
997444,0
997445,0
997446,0
997447,0
997448,0
997449,0
997450,0
997451,0
997452,0
997453,0
997454,0
997455,0
997456,0
997457,0
997458,0
997459,0
997460,0
997461,0
997462,21
997463,0
997464,0
997465,0
997466,0
997467,0
997468,0
997469,0
997470,0
997471,0
997472,0
997473,0
997474,0
997475,0
997476,0
997477,0
997478,0
997479,0
997480,0
997481,0
997482,0
997483,0
997484,0
997485,0
997486,0
997487,0
997488,0
997489,0
997490,0
997491,0
997492,0
997493,0
997494,0
997495,0
997496,0
997497,0
997498,0
997499,0
997500,0
997501,0
997502,0
997503,0
997504,34
997505,0
997506,0
997507,0
997508,0
997509,0
997510,0
997511,0
997512,0
997513,0
997514,0
997515,23
997516,0
997517,0
997518,0
997519,0
997520,0
997521,0
997522,0
997523,0
997524,0
997525,0
997526,0
997527,0
997528,0
997529,0
997530,0
997531,0
997532,0
997533,0
997534,0
997535,0
997536,26
997537,0
997538,0
997539,0
997540,0
997541,21
997542,0
997543,0
997544,0
997545,0
997546,0
997547,0
997548,0
997549,0
997550,0
997551,0
997552,0
997553,0
997554,0
997555,0
997556,0
997557,0
997558,0
997559,0
997560,0
997561,0
997562,0
997563,27
997564,0
997565,0
997566,0
997567,0
997568,0
997569,0
997570,0
997571,0
997572,0
997573,0
997574,0
997575,0
997576,0
997577,0
997578,0
997579,0
997580,0
997581,0
997582,0
997583,0
997584,18
997585,0
997586,0
997587,0
997588,0
997589,0
997590,0
997591,0
997592,0
997593,0
997594,0
997595,0
997596,0
997597,0
997598,0
997599,0
997600,0
997601,0
997602,0
997603,0
997604,0
997605,0
997606,0
997607,0
997608,0
997609,0
997610,0
997611,0
997612,0
997613,0
997614,0
997615,0
997616,0
997617,0
997618,0
997619,31
997620,0
997621,0
997622,0
997623,0
997624,0
997625,0
997626,0
997627,0
997628,0
997629,0
997630,0
997631,0
997632,0
997633,0
997634,0
997635,0
997636,0
997637,0
997638,0
997639,0
997640,0
997641,0
997642,21
997643,0
997644,0
997645,0
997646,0
997647,0
997648,0
997649,0
997650,0
997651,0
997652,0
997653,0
997654,0
997655,0
997656,0
997657,0
997658,0
997659,0
997660,0
997661,0
997662,0
997663,0
997664,0
997665,0
997666,0
997667,0
997668,0
997669,27
997670,0
997671,0
997672,0
997673,0
997674,0
997675,0
997676,0
997677,0
997678,0
997679,0
997680,0
997681,0
997682,23
997683,0
997684,0
997685,0
997686,0
997687,0
997688,0
997689,0
997690,0
997691,0
997692,0
997693,0
997694,0
997695,0
997696,0
997697,0
997698,0
997699,0
997700,0
997701,0
997702,0
997703,0
997704,0
997705,0
997706,0
997707,0
997708,0
997709,0
997710,0
997711,0
997712,0
997713,0
997714,0
997715,0
997716,0
997717,0
997718,0
997719,0
997720,0
997721,0
997722,0
997723,0
997724,0
997725,30
997726,14
997727,0
997728,0
997729,0
997730,0
997731,0
997732,0
997733,0
997734,0
997735,0
997736,0
997737,0
997738,0
997739,0
997740,0
997741,0
997742,0
997743,0
997744,0
997745,0
997746,0
997747,0
997748,0
997749,0
997750,0
997751,0
997752,0
997753,0
997754,21
997755,0
997756,0
997757,0
997758,0
997759,0
997760,0
997761,0
997762,0
997763,0
997764,0
997765,0
997766,0
997767,0
997768,0
997769,0
997770,0
997771,0
997772,0
997773,0
997774,0
997775,0
997776,0
997777,0
997778,0
997779,0
997780,0
997781,0
997782,0
997783,0
997784,0
997785,1
997786,0
997787,0
997788,0
997789,0
997790,0
997791,0
997792,0
997793,0
997794,0
997795,0
997796,0
997797,0
997798,0
997799,0
997800,0
997801,0
997802,0
997803,0
997804,0
997805,0
997806,0
997807,0
997808,0
997809,0
997810,0
997811,2
997812,0
997813,0
997814,0
997815,0
997816,0
997817,0
997818,0
997819,0
997820,0
997821,0
997822,0
997823,0
997824,0
997825,0
997826,0
997827,0
997828,0
997829,0
997830,0
997831,0
997832,0
997833,0
997834,0
997835,0
997836,0
997837,0
997838,0
997839,0
997840,0
997841,0
997842,0
997843,1
997844,0
997845,0
997846,0
997847,0
997848,0
997849,0
997850,0
997851,0
997852,0
997853,0
997854,0
997855,0
997856,0
997857,0
997858,0
997859,0
997860,0
997861,0
997862,0
997863,0
997864,0
997865,0
997866,0
997867,0
997868,0
997869,3
997870,0
997871,0
997872,0
997873,0
997874,0
997875,0
997876,0
997877,0
997878,0
997879,0
997880,0
997881,0
997882,0
997883,0
997884,0
997885,0
997886,0
997887,0
997888,0
997889,0
997890,0
997891,0
997892,0
997893,0
997894,0
997895,0
997896,0
997897,0
997898,0
997899,0
997900,0
997901,0
997902,0
997903,0
997904,0
997905,0
997906,0
997907,0
997908,0
997909,0
997910,0
997911,0
997912,0
997913,0
997914,0
997915,0
997916,0
997917,0
997918,1
997919,0
997920,0
997921,0
997922,0
997923,0
997924,2
997925,0
997926,0
997927,0
997928,0
997929,0
997930,0
997931,0
997932,0
997933,0
997934,0
997935,0
997936,0
997937,0
997938,0
997939,0
997940,0
997941,0
997942,0
997943,0
997944,0
997945,0
997946,0
997947,0
997948,4
997949,0
997950,0
997951,1
997952,1
997953,0
997954,0
997955,2
997956,0
997957,0
997958,0
997959,0
997960,0
997961,0
997962,0
997963,0
997964,0
997965,0
997966,0
997967,3
997968,0
997969,0
997970,0
997971,0
997972,0
997973,2
997974,0
997975,0
997976,0
997977,0
997978,0
997979,0
997980,0
997981,0
997982,0
997983,0
997984,0
997985,0
997986,0
997987,0
997988,0
997989,0
997990,0
997991,0
997992,0
997993,0
997994,0
997995,0
997996,0
997997,0
997998,0
997999,0
998000,0
998001,0
998002,0
998003,0
998004,0
998005,0
998006,0
998007,0
998008,0
998009,0
998010,0
998011,0
998012,0
998013,0
998014,0
998015,0
998016,2
998017,0
998018,0
998019,0
998020,0
998021,0
998022,0
998023,0
998024,0
998025,0
998026,0
998027,0
998028,0
998029,1
998030,0
998031,0
998032,0
998033,0
998034,0
998035,0
998036,0
998037,0
998038,0
998039,0
998040,2
998041,0
998042,0
998043,0
998044,0
998045,0
998046,0
998047,3
998048,0
998049,0
998050,0
998051,0
998052,4
998053,0
998054,0
998055,0
998056,0
998057,0
998058,0
998059,0
998060,0
998061,0
998062,1
998063,1
998064,0
998065,0
998066,0
998067,0
998068,0
998069,0
998070,0
998071,0
998072,0
998073,3
998074,0
998075,0
998076,0
998077,0
998078,0
998079,0
998080,0
998081,0
998082,0
998083,0
998084,0
998085,0
998086,3
998087,0
998088,0
998089,0
998090,0
998091,0
998092,0
998093,0
998094,0
998095,0
998096,2
998097,0
998098,0
998099,0
998100,0
998101,0
998102,0
998103,0
998104,0
998105,0
998106,0
998107,0
998108,0
998109,0
998110,0
998111,0
998112,0
998113,0
998114,0
998115,0
998116,0
998117,0
998118,0
998119,0
998120,0
998121,0
998122,0
998123,0
998124,0
998125,0
998126,0
998127,0
998128,0
998129,0
998130,0
998131,0
998132,0
998133,0
998134,0
998135,0
998136,0
998137,0
998138,0
998139,0
998140,0
998141,0
998142,0
998143,0
998144,0
998145,0
998146,0
998147,0
998148,0
998149,0
998150,0
998151,0
998152,0
998153,0
998154,0
998155,0
998156,0
998157,0
998158,0
998159,1
998160,0
998161,0
998162,0
998163,0
998164,0
998165,0
998166,0
998167,0
998168,0
998169,0
998170,0
998171,0
998172,0
998173,0
998174,0
998175,0
998176,0
998177,0
998178,0
998179,0
998180,0
998181,0
998182,0
998183,0
998184,0
998185,0
998186,0
998187,0
998188,0
998189,0
998190,0
998191,0
998192,0
998193,0
998194,0
998195,0
998196,0
998197,0
998198,0
998199,0
998200,0
998201,0
998202,0
998203,0
998204,0
998205,0
998206,0
998207,0
998208,0
998209,0
998210,0
998211,0
998212,0
998213,0
998214,0
998215,0
998216,0
998217,0
998218,0
998219,0
998220,0
998221,0
998222,0
998223,0
998224,0
998225,0
998226,0
998227,0
998228,0
998229,0
998230,0
998231,0
998232,0
998233,0
998234,0
998235,0
998236,0
998237,0
998238,0
998239,0
998240,0
998241,0
998242,0
998243,0
998244,0
998245,0
998246,0
998247,0
998248,0
998249,0
998250,0
998251,0
998252,0
998253,0
998254,0
998255,0
998256,0
998257,0
998258,0
998259,0
998260,0
998261,0
998262,0
998263,0
998264,0
998265,0
998266,0
998267,0
998268,0
998269,0
998270,0
998271,0
998272,0
998273,0
998274,0
998275,0
998276,0
998277,0
998278,0
998279,0
998280,0
998281,0
998282,0
998283,0
998284,0
998285,0
998286,0
998287,0
998288,0
998289,0
998290,0
998291,0
998292,0
998293,0
998294,0
998295,0
998296,0
998297,0
998298,0
998299,0
998300,0
998301,0
998302,0
998303,0
998304,0
998305,0
998306,0
998307,0
998308,0
998309,0
998310,0
998311,0
998312,0
998313,0
998314,0
998315,0
998316,0
998317,0
998318,0
998319,0
998320,0
998321,0
998322,0
998323,0
998324,0
998325,0
998326,0
998327,0
998328,0
998329,0
998330,0
998331,0
998332,0
998333,0
998334,0
998335,0
998336,0
998337,0
998338,0
998339,0
998340,0
998341,0
998342,0
998343,0
998344,0
998345,0
998346,0
998347,0
998348,0
998349,0
998350,0
998351,0
998352,0
998353,0
998354,0
998355,0
998356,0
998357,0
998358,0
998359,0
998360,0
998361,0
998362,0
998363,0
998364,0
998365,0
998366,0
998367,0
998368,0
998369,0
998370,0
998371,0
998372,0
998373,0
998374,0
998375,0
998376,0
998377,0
998378,0
998379,0
998380,0
998381,0
998382,0
998383,0
998384,0
998385,0
998386,0
998387,0
998388,0
998389,0
998390,0
998391,0
998392,0
998393,0
998394,0
998395,0
998396,0
998397,0
998398,0
998399,0
998400,0
998401,0
998402,0
998403,0
998404,0
998405,0
998406,0
998407,0
998408,0
998409,0
998410,0
998411,0
998412,0
998413,0
998414,0
998415,0
998416,0
998417,0
998418,0
998419,0
998420,0
998421,0
998422,0
998423,0
998424,0
998425,0
998426,0
998427,0
998428,0
998429,0
998430,0
998431,0
998432,0
998433,0
998434,0
998435,0
998436,0
998437,0
998438,0
998439,0
998440,0
998441,0
998442,0
998443,0
998444,0
998445,0
998446,0
998447,0
998448,0
998449,0
998450,0
998451,0
998452,0
998453,0
998454,0
998455,0
998456,0
998457,0
998458,0
998459,0
998460,0
998461,0
998462,0
998463,0
998464,0
998465,0
998466,0
998467,0
998468,0
998469,0
998470,0
998471,0
998472,0
998473,0
998474,0
998475,0
998476,0
998477,0
998478,0
998479,0
998480,0
998481,0
998482,0
998483,0
998484,0
998485,0
998486,0
998487,0
998488,0
998489,0
998490,0
998491,0
998492,0
998493,0
998494,0
998495,0
998496,0
998497,0
998498,0
998499,0
998500,0
998501,0
998502,0
998503,0
998504,0
998505,0
998506,0
998507,0
998508,0
998509,0
998510,0
998511,0
998512,0
998513,0
998514,0
998515,0
998516,0
998517,0
998518,0
998519,0
998520,0
998521,0
998522,0
998523,0
998524,0
998525,0
998526,0
998527,0
998528,0
998529,0
998530,0
998531,0
998532,0
998533,0
998534,0
998535,0
998536,0
998537,0
998538,0
998539,0
998540,0
998541,0
998542,0
998543,0
998544,0
998545,0
998546,0
998547,0
998548,0
998549,0
998550,0
998551,0
998552,0
998553,0
998554,0
998555,0
998556,0
998557,0
998558,0
998559,0
998560,0
998561,0
998562,0
998563,0
998564,0
998565,0
998566,0
998567,0
998568,0
998569,0
998570,0
998571,0
998572,0
998573,0
998574,0
998575,0
998576,0
998577,0
998578,0
998579,0
998580,0
998581,0
998582,1
998583,0
998584,0
998585,0
998586,0
998587,0
998588,0
998589,0
998590,0
998591,0
998592,0
998593,0
998594,0
998595,0
998596,0
998597,0
998598,0
998599,0
998600,0
998601,0
998602,0
998603,0
998604,0
998605,0
998606,0
998607,0
998608,0
998609,0
998610,0
998611,0
998612,0
998613,0
998614,0
998615,0
998616,0
998617,0
998618,0
998619,0
998620,0
998621,0
998622,0
998623,0
998624,0
998625,0
998626,0
998627,0
998628,0
998629,0
998630,0
998631,0
998632,0
998633,0
998634,0
998635,0
998636,0
998637,0
998638,0
998639,0
998640,0
998641,0
998642,0
998643,0
998644,0
998645,0
998646,0
998647,0
998648,0
998649,0
998650,0
998651,0
998652,0
998653,0
998654,0
998655,0
998656,0
998657,0
998658,0
998659,0
998660,0
998661,0
998662,0
998663,0
998664,0
998665,0
998666,0
998667,0
998668,0
998669,0
998670,0
998671,0
998672,0
998673,0
998674,0
998675,0
998676,0
998677,0
998678,0
998679,0
998680,0
998681,0
998682,0
998683,0
998684,0
998685,0
998686,0
998687,0
998688,0
998689,0
998690,0
998691,0
998692,0
998693,0
998694,0
998695,0
998696,0
998697,0
998698,0
998699,0
998700,0
998701,0
998702,0
998703,0
998704,0
998705,0
998706,0
998707,0
998708,0
998709,0
998710,0
998711,0
998712,0
998713,0
998714,0
998715,0
998716,0
998717,0
998718,0
998719,0
998720,0
998721,0
998722,1
998723,0
998724,0
998725,0
998726,0
998727,0
998728,0
998729,0
998730,0
998731,0
998732,0
998733,0
998734,0
998735,0
998736,0
998737,1
998738,0
998739,0
998740,0
998741,0
998742,0
998743,0
998744,0
998745,0
998746,0
998747,0
998748,0
998749,0
998750,0
998751,0
998752,0
998753,0
998754,0
998755,0
998756,0
998757,0
998758,0
998759,0
998760,0
998761,0
998762,0
998763,0
998764,0
998765,0
998766,0
998767,0
998768,0
998769,0
998770,0
998771,0
998772,0
998773,0
998774,0
998775,0
998776,0
998777,0
998778,0
998779,0
998780,0
998781,0
998782,0
998783,0
998784,0
998785,0
998786,0
998787,0
998788,0
998789,0
998790,0
998791,0
998792,0
998793,0
998794,0
998795,0
998796,0
998797,0
998798,0
998799,0
998800,0
998801,0
998802,0
998803,0
998804,0
998805,0
998806,0
998807,0
998808,1
998809,0
998810,0
998811,0
998812,0
998813,0
998814,0
998815,0
998816,0
998817,0
998818,0
998819,0
998820,0
998821,0
998822,0
998823,0
998824,0
998825,0
998826,0
998827,0
998828,0
998829,0
998830,0
998831,0
998832,0
998833,0
998834,0
998835,0
998836,0
998837,0
998838,0
998839,0
998840,0
998841,0
998842,0
998843,0
998844,0
998845,0
998846,0
998847,0
998848,0
998849,0
998850,0
998851,0
998852,0
998853,0
998854,0
998855,0
998856,0
998857,0
998858,0
998859,0
998860,0
998861,0
998862,0
998863,0
998864,0
998865,0
998866,0
998867,0
998868,0
998869,0
998870,0
998871,0
998872,0
998873,0
998874,0
998875,0
998876,0
998877,0
998878,0
998879,0
998880,0
998881,0
998882,0
998883,0
998884,0
998885,0
998886,0
998887,0
998888,0
998889,0
998890,0
998891,0
998892,0
998893,0
998894,0
998895,0
998896,0
998897,0
998898,0
998899,0
998900,0
998901,0
998902,0
998903,0
998904,0
998905,0
998906,0
998907,0
998908,0
998909,0
998910,0
998911,0
998912,0
998913,0
998914,0
998915,0
998916,0
998917,0
998918,0
998919,0
998920,0
998921,0
998922,0
998923,0
998924,0
998925,0
998926,0
998927,0
998928,0
998929,0
998930,0
998931,0
998932,0
998933,0
998934,0
998935,0
998936,0
998937,0
998938,0
998939,0
998940,0
998941,0
998942,0
998943,0
998944,0
998945,0
998946,0
998947,0
998948,0
998949,0
998950,0
998951,0
998952,0
998953,0
998954,0
998955,0
998956,0
998957,0
998958,0
998959,0
998960,0
998961,0
998962,0
998963,0
998964,0
998965,0
998966,0
998967,0
998968,0
998969,0
998970,0
998971,0
998972,0
998973,0
998974,0
998975,0
998976,0
998977,0
998978,0
998979,0
998980,0
998981,0
998982,0
998983,0
998984,0
998985,0
998986,0
998987,0
998988,0
998989,0
998990,0
998991,0
998992,0
998993,0
998994,0
998995,0
998996,0
998997,0
998998,0
998999,0
999000,0
999001,0
999002,0
999003,0
999004,0
999005,0
999006,0
999007,0
999008,0
999009,0
999010,14
999011,0
999012,0
999013,16
999014,25
999015,0
999016,0
999017,0
999018,8
999019,0
999020,0
999021,0
999022,0
999023,13
999024,0
999025,0
999026,0
999027,0
999028,0
999029,0
999030,29
999031,0
999032,0
999033,24
999034,10
999035,0
999036,0
999037,13
999038,0
999039,0
999040,0
999041,0
999042,0
999043,0
999044,0
999045,0
999046,26
999047,12
999048,20
999049,23
999050,0
999051,0
999052,0
999053,0
999054,22
999055,30
999056,3
999057,0
999058,0
999059,22
999060,0
999061,0
999062,14
999063,0
999064,0
999065,0
999066,0
999067,0
999068,0
999069,3
999070,9
999071,0
999072,0
999073,17
999074,17
999075,0
999076,0
999077,8
999078,14
999079,19
999080,8
999081,0
999082,0
999083,0
999084,0
999085,0
999086,0
999087,0
999088,13
999089,16
999090,0
999091,24
999092,0
999093,0
999094,25
999095,0
999096,0
999097,0
999098,0
999099,7
999100,3
999101,0
999102,0
999103,0
999104,21
999105,0
999106,28
999107,0
999108,0
999109,0
999110,0
999111,3
999112,0
999113,0
999114,0
999115,0
999116,17
999117,0
999118,0
999119,0
999120,0
999121,17
999122,27
999123,0
999124,0
999125,0
999126,26
999127,0
999128,0
999129,0
999130,0
999131,0
999132,0
999133,0
999134,0
999135,0
999136,0
999137,14
999138,0
999139,0
999140,0
999141,22
999142,0
999143,0
999144,0
999145,0
999146,0
999147,10
999148,0
999149,0
999150,0
999151,0
999152,24
999153,0
999154,0
999155,0
999156,21
999157,0
999158,0
999159,0
999160,0
999161,0
999162,0
999163,0
999164,0
999165,0
999166,0
999167,23
999168,0
999169,0
999170,0
999171,0
999172,0
999173,16
999174,0
999175,0
999176,0
999177,15
999178,26
999179,0
999180,0
999181,0
999182,0
999183,0
999184,0
999185,0
999186,0
999187,0
999188,0
999189,0
999190,24
999191,0
999192,23
999193,0
999194,0
999195,0
999196,0
999197,0
999198,16
999199,0
999200,0
999201,0
999202,0
999203,0
999204,0
999205,0
999206,0
999207,0
999208,17
999209,0
999210,0
999211,0
999212,0
999213,19
999214,0
999215,0
999216,0
999217,0
999218,0
999219,26
999220,0
999221,0
999222,0
999223,0
999224,0
999225,0
999226,0
999227,0
999228,0
999229,0
999230,0
999231,0
999232,0
999233,0
999234,0
999235,13
999236,18
999237,22
999238,27
999239,0
999240,0
999241,0
999242,0
999243,0
999244,0
999245,0
999246,0
999247,0
999248,0
999249,0
999250,0
999251,0
999252,0
999253,0
999254,0
999255,0
999256,0
999257,0
999258,16
999259,0
999260,0
999261,0
999262,0
999263,0
999264,0
999265,0
999266,0
999267,15
999268,0
999269,0
999270,19
999271,0
999272,0
999273,0
999274,0
999275,24
999276,0
999277,0
999278,0
999279,0
999280,0
999281,0
999282,22
999283,0
999284,0
999285,0
999286,0
999287,0
999288,0
999289,0
999290,0
999291,0
999292,0
999293,0
999294,0
999295,0
999296,0
999297,0
999298,0
999299,0
999300,28
999301,18
999302,0
999303,0
999304,0
999305,0
999306,0
999307,0
999308,0
999309,0
999310,26
999311,0
999312,0
999313,0
999314,0
999315,0
999316,0
999317,0
999318,0
999319,12
999320,0
999321,0
999322,0
999323,0
999324,0
999325,27
999326,8
999327,0
999328,0
999329,0
999330,0
999331,0
999332,0
999333,0
999334,0
999335,0
999336,0
999337,0
999338,0
999339,0
999340,0
999341,0
999342,0
999343,0
999344,0
999345,21
999346,0
999347,26
999348,0
999349,0
999350,0
999351,0
999352,18
999353,0
999354,20
999355,0
999356,0
999357,0
999358,0
999359,25
999360,18
999361,0
999362,0
999363,23
999364,23
999365,0
999366,0
999367,0
999368,0
999369,0
999370,0
999371,0
999372,23
999373,0
999374,0
999375,0
999376,0
999377,0
999378,0
999379,0
999380,0
999381,26
999382,0
999383,0
999384,0
999385,0
999386,0
999387,15
999388,0
999389,0
999390,0
999391,0
999392,0
999393,20
999394,0
999395,0
999396,0
999397,0
999398,0
999399,0
999400,28
999401,0
999402,0
999403,0
999404,0
999405,0
999406,14
999407,0
999408,0
999409,0
999410,0
999411,0
999412,0
999413,19
999414,0
999415,0
999416,0
999417,0
999418,0
999419,24
999420,0
999421,18
999422,0
999423,0
999424,0
999425,0
999426,17
999427,0
999428,0
999429,34
999430,0
999431,0
999432,0
999433,0
999434,0
999435,0
999436,0
999437,0
999438,0
999439,24
999440,0
999441,0
999442,0
999443,0
999444,0
999445,0
999446,0
999447,0
999448,0
999449,0
999450,0
999451,0
999452,0
999453,0
999454,0
999455,0
999456,0
999457,0
999458,0
999459,0
999460,0
999461,0
999462,0
999463,0
999464,0
999465,0
999466,0
999467,0
999468,0
999469,0
999470,0
999471,0
999472,0
999473,20
999474,0
999475,0
999476,0
999477,0
999478,0
999479,0
999480,0
999481,0
999482,0
999483,0
999484,0
999485,0
999486,16
999487,0
999488,24
999489,0
999490,21
999491,0
999492,0
999493,0
999494,18
999495,0
999496,0
999497,0
999498,15
999499,0
999500,0
999501,0
999502,0
999503,0
999504,0
999505,15
999506,0
999507,0
999508,0
999509,0
999510,16
999511,22
999512,0
999513,0
999514,21
999515,0
999516,0
999517,0
999518,0
999519,0
999520,0
999521,0
999522,0
999523,0
999524,28
999525,0
999526,0
999527,0
999528,0
999529,0
999530,0
999531,0
999532,0
999533,0
999534,0
999535,0
999536,0
999537,0
999538,0
999539,0
999540,0
999541,0
999542,0
999543,0
999544,0
999545,0
999546,0
999547,0
999548,26
999549,0
999550,0
999551,0
999552,0
999553,27
999554,0
999555,0
999556,0
999557,0
999558,14
999559,0
999560,0
999561,0
999562,0
999563,0
999564,0
999565,0
999566,0
999567,0
999568,0
999569,18
999570,0
999571,0
999572,0
999573,0
999574,0
999575,0
999576,0
999577,0
999578,17
999579,0
999580,0
999581,0
999582,0
999583,0
999584,0
999585,20
999586,20
999587,0
999588,0
999589,18
999590,0
999591,0
999592,0
999593,0
999594,0
999595,0
999596,0
999597,0
999598,0
999599,0
999600,0
999601,0
999602,0
999603,0
999604,0
999605,12
999606,14
999607,0
999608,0
999609,0
999610,0
999611,0
999612,0
999613,0
999614,0
999615,0
999616,0
999617,0
999618,38
999619,0
999620,0
999621,0
999622,0
999623,0
999624,0
999625,0
999626,0
999627,0
999628,0
999629,16
999630,0
999631,0
999632,0
999633,0
999634,0
999635,0
999636,0
999637,22
999638,0
999639,0
999640,0
999641,0
999642,0
999643,0
999644,0
999645,0
999646,0
999647,0
999648,0
999649,0
999650,0
999651,0
999652,0
999653,0
999654,16
999655,0
999656,0
999657,0
999658,0
999659,0
999660,19
999661,0
999662,0
999663,0
999664,23
999665,0
999666,0
999667,0
999668,0
999669,0
999670,0
999671,0
999672,0
999673,28
999674,0
999675,21
999676,0
999677,0
999678,0
999679,0
999680,30
999681,0
999682,11
999683,0
999684,0
999685,0
999686,0
999687,0
999688,0
999689,0
999690,0
999691,0
999692,0
999693,0
999694,0
999695,14
999696,0
999697,0
999698,0
999699,24
999700,0
999701,0
999702,0
999703,0
999704,22
999705,0
999706,0
999707,0
999708,0
999709,22
999710,0
999711,22
999712,0
999713,0
999714,0
999715,0
999716,0
999717,0
999718,0
999719,0
999720,0
999721,0
999722,0
999723,35
999724,0
999725,0
999726,0
999727,0
999728,0
999729,0
999730,24
999731,0
999732,0
999733,0
999734,0
999735,0
999736,11
999737,0
999738,0
999739,0
999740,0
999741,0
999742,0
999743,23
999744,0
999745,0
999746,25
999747,16
999748,30
999749,0
999750,0
999751,0
999752,29
999753,0
999754,0
999755,0
999756,0
999757,0
999758,0
999759,10
999760,0
999761,0
999762,0
999763,0
999764,0
999765,0
999766,17
999767,0
999768,0
999769,0
999770,0
999771,0
999772,0
999773,0
999774,0
999775,0
999776,0
999777,0
999778,0
999779,0
999780,0
999781,0
999782,0
999783,0
999784,0
999785,14
999786,0
999787,0
999788,0
999789,0
999790,0
999791,0
999792,0
999793,17
999794,34
999795,0
999796,0
999797,19
999798,24
999799,0
999800,0
999801,0
999802,0
999803,0
999804,0
999805,0
999806,0
999807,27
999808,0
999809,0
999810,21
999811,16
999812,0
999813,0
999814,0
999815,0
999816,0
999817,0
999818,0
999819,0
999820,32
999821,30
999822,0
999823,0
999824,0
999825,0
999826,0
999827,0
999828,0
999829,19
999830,0
999831,0
999832,0
999833,0
999834,0
999835,0
999836,0
999837,0
999838,0
999839,0
999840,0
999841,0
999842,19
999843,0
999844,0
999845,0
999846,0
999847,24
999848,0
999849,0
999850,0
999851,15
999852,18
999853,27
999854,0
999855,0
999856,0
999857,0
999858,0
999859,10
999860,0
999861,0
999862,0
999863,0
999864,0
999865,15
999866,0
999867,0
999868,0
999869,0
999870,0
999871,0
999872,0
999873,0
999874,0
999875,0
999876,0
999877,0
999878,0
999879,0
999880,15
999881,0
999882,12
999883,10
999884,0
999885,0
999886,0
999887,0
999888,15
999889,0
999890,0
999891,0
999892,0
999893,0
999894,0
999895,0
999896,0
999897,0
999898,0
999899,28
999900,20
999901,0
999902,0
999903,0
999904,0
999905,0
999906,0
999907,0
999908,24
999909,0
999910,29
999911,0
999912,24
999913,0
999914,0
999915,0
999916,0
999917,0
999918,0
999919,0
999920,0
999921,0
999922,0
999923,0
999924,0
999925,0
999926,0
999927,0
999928,0
999929,0
999930,0
999931,0
999932,0
999933,0
999934,0
999935,0
999936,32
999937,0
999938,0
999939,0
999940,0
999941,0
999942,0
999943,0
999944,0
999945,0
999946,0
999947,0
999948,0
999949,0
999950,0
999951,25
999952,0
999953,0
999954,26
999955,0
999956,18
999957,0
999958,0
999959,0
999960,0
999961,0
999962,19
999963,0
999964,0
999965,14
999966,0
999967,0
999968,0
999969,0
999970,0
999971,0
999972,0
999973,0
999974,0
999975,0
999976,0
999977,0
999978,0
999979,0
999980,0
999981,0
999982,13
999983,0
999984,0
999985,0
999986,16
999987,19
999988,0
999989,0
999990,0
999991,0
999992,0
999993,0
999994,0
999995,0
999996,26
999997,28
999998,0
999999,0
1000000,0
1000001,0
1000002,25
1000003,0
1000004,0
1000005,0
1000006,0
1000007,0
1000008,0
1000009,0
1000010,0
1000011,0
1000012,26
1000013,0
1000014,36
1000015,0
1000016,0
1000017,30
1000018,0
1000019,0
1000020,0
1000021,0
1000022,0
1000023,0
1000024,0
1000025,0
1000026,0
1000027,0
1000028,0
1000029,0
1000030,0
1000031,0
1000032,0
1000033,0
1000034,0
1000035,0
1000036,0
1000037,0
1000038,0
1000039,15
1000040,0
1000041,15
1000042,0
1000043,0
1000044,20
1000045,16
1000046,0
1000047,0
1000048,0
1000049,0
1000050,0
1000051,14
1000052,0
1000053,0
1000054,0
1000055,0
1000056,0
1000057,0
1000058,0
1000059,0
1000060,0
1000061,0
1000062,0
1000063,0
1000064,0
1000065,0
1000066,0
1000067,0
1000068,0
1000069,0
1000070,0
1000071,0
1000072,0
1000073,0
1000074,0
1000075,0
1000076,0
1000077,0
1000078,0
1000079,0
1000080,0
1000081,0
1000082,0
1000083,0
1000084,0
1000085,0
1000086,12
1000087,0
1000088,0
1000089,0
1000090,10
1000091,0
1000092,6
1000093,0
1000094,12
1000095,0
1000096,0
1000097,7
1000098,0
1000099,5
1000100,0
1000101,0
1000102,0
1000103,7
1000104,0
1000105,0
1000106,5
1000107,7
1000108,0
1000109,0
1000110,0
1000111,0
1000112,0
1000113,10
1000114,0
1000115,0
1000116,0
1000117,0
1000118,0
1000119,0
1000120,0
1000121,0
1000122,0
1000123,0
1000124,4
1000125,0
1000126,0
1000127,0
1000128,0
1000129,0
1000130,0
1000131,0
1000132,0
1000133,0
1000134,9
1000135,10
1000136,0
1000137,0
1000138,0
1000139,0
1000140,11
1000141,0
1000142,2
1000143,12
1000144,2
1000145,0
1000146,0
1000147,0
1000148,6
1000149,0
1000150,0
1000151,0
1000152,0
1000153,0
1000154,0
1000155,0
1000156,2
1000157,2
1000158,5
1000159,0
1000160,0
1000161,0
1000162,0
1000163,4
1000164,0
1000165,0
1000166,0
1000167,0
1000168,10
1000169,0
1000170,0
1000171,0
1000172,7
1000173,0
1000174,0
1000175,0
1000176,21
1000177,0
1000178,0
1000179,11
1000180,0
1000181,0
1000182,0
1000183,0
1000184,0
1000185,0
1000186,0
1000187,0
1000188,0
1000189,0
1000190,0
1000191,0
1000192,0
1000193,0
1000194,0
1000195,7
1000196,0
1000197,0
1000198,0
1000199,0
1000200,0
1000201,0
1000202,0
1000203,8
1000204,0
1000205,0
1000206,0
1000207,12
1000208,0
1000209,5
1000210,8
1000211,12
1000212,5
1000213,4
1000214,0
1000215,0
1000216,0
1000217,0
1000218,0
1000219,0
1000220,0
1000221,0
1000222,11
1000223,0
1000224,8
1000225,0
1000226,0
1000227,8
1000228,4
1000229,0
1000230,0
1000231,0
1000232,18
1000233,0
1000234,0
1000235,0
1000236,0
1000237,0
1000238,0
1000239,0
1000240,10
1000241,7
1000242,15
1000243,13
1000244,0
1000245,0
1000246,0
1000247,0
1000248,0
1000249,6
1000250,7
1000251,0
1000252,0
1000253,0
1000254,0
1000255,0
1000256,0
1000257,0
1000258,7
1000259,0
1000260,0
1000261,0
1000262,4
1000263,0
1000264,0
1000265,8
1000266,0
1000267,0
1000268,6
1000269,6
1000270,0
1000271,0
1000272,0
1000273,0
1000274,8
1000275,0
1000276,0
1000277,4
1000278,0
1000279,10
1000280,0
1000281,10
1000282,0
1000283,8
1000284,0
1000285,0
1000286,15
1000287,0
1000288,0
1000289,0
1000290,0
1000291,0
1000292,6
1000293,0
1000294,9
1000295,0
1000296,0
1000297,0
1000298,5
1000299,12
1000300,11
1000301,0
1000302,0
1000303,11
1000304,0
1000305,0
1000306,0
1000307,0
1000308,0
1000309,0
1000310,0
1000311,1
1000312,0
1000313,0
1000314,0
1000315,0
1000316,11
1000317,8
1000318,2
1000319,0
1000320,0
1000321,0
1000322,0
1000323,0
1000324,0
1000325,0
1000326,0
1000327,0
1000328,0
1000329,0
1000330,0
1000331,0
1000332,0
1000333,0
1000334,6
1000335,9
1000336,0
1000337,0
1000338,16
1000339,0
1000340,0
1000341,0
1000342,3
1000343,0
1000344,9
1000345,0
1000346,0
1000347,0
1000348,0
1000349,0
1000350,16
1000351,0
1000352,6
1000353,6
1000354,0
1000355,6
1000356,0
1000357,0
1000358,0
1000359,0
1000360,6
1000361,0
1000362,0
1000363,0
1000364,0
1000365,17
1000366,17
1000367,4
1000368,11
1000369,10
1000370,0
1000371,2
1000372,0
1000373,0
1000374,0
1000375,0
1000376,0
1000377,0
1000378,0
1000379,9
1000380,0
1000381,0
1000382,0
1000383,0
1000384,0
1000385,6
1000386,13
1000387,0
1000388,0
1000389,0
1000390,0
1000391,0
1000392,1
1000393,0
1000394,0
1000395,0
1000396,10
1000397,0
1000398,0
1000399,0
1000400,8
1000401,0
1000402,0
1000403,0
1000404,5
1000405,0
1000406,0
1000407,11
1000408,0
1000409,9
1000410,6
1000411,0
1000412,5
1000413,0
1000414,0
1000415,0
1000416,0
1000417,0
1000418,0
1000419,6
1000420,0
1000421,0
1000422,0
1000423,6
1000424,0
1000425,0
1000426,10
1000427,0
1000428,0
1000429,0
1000430,7
1000431,0
1000432,10
1000433,0
1000434,0
1000435,11
1000436,0
1000437,7
1000438,5
1000439,0
1000440,0
1000441,3
1000442,10
1000443,0
1000444,0
1000445,0
1000446,0
1000447,7
1000448,9
1000449,0
1000450,0
1000451,8
1000452,10
1000453,0
1000454,0
1000455,0
1000456,0
1000457,0
1000458,0
1000459,8
1000460,9
1000461,9
1000462,0
1000463,11
1000464,4
1000465,0
1000466,0
1000467,0
1000468,10
1000469,0
1000470,0
1000471,6
1000472,0
1000473,0
1000474,0
1000475,12
1000476,0
1000477,0
1000478,14
1000479,0
1000480,0
1000481,0
1000482,0
1000483,0
1000484,0
1000485,13
1000486,0
1000487,0
1000488,0
1000489,0
1000490,14
1000491,5
1000492,0
1000493,0
1000494,13
1000495,0
1000496,6
1000497,0
1000498,0
1000499,0
1000500,8
1000501,1
1000502,0
1000503,0
1000504,0
1000505,0
1000506,0
1000507,0
1000508,0
1000509,0
1000510,0
1000511,0
1000512,0
1000513,0
1000514,4
1000515,0
1000516,0
1000517,12
1000518,0
1000519,0
1000520,0
1000521,0
1000522,0
1000523,6
1000524,0
1000525,0
1000526,7
1000527,0
1000528,0
1000529,25
1000530,0
1000531,0
1000532,0
1000533,0
1000534,0
1000535,15
1000536,0
1000537,23
1000538,0
1000539,0
1000540,17
1000541,20
1000542,0
1000543,16
1000544,33
1000545,0
1000546,0
1000547,0
1000548,0
1000549,0
1000550,24
1000551,0
1000552,0
1000553,15
1000554,0
1000555,0
1000556,22
1000557,0
1000558,0
1000559,0
1000560,36
1000561,0
1000562,28
1000563,0
1000564,45
1000565,0
1000566,11
1000567,39
1000568,0
1000569,17
1000570,0
1000571,50
1000572,0
1000573,0
1000574,0
1000575,0
1000576,0
1000577,0
1000578,0
1000579,21
1000580,0
1000581,0
1000582,0
1000583,0
1000584,21
1000585,0
1000586,0
1000587,0
1000588,0
1000589,15
1000590,0
1000591,0
1000592,0
1000593,0
1000594,0
1000595,0
1000596,0
1000597,0
1000598,22
1000599,0
1000600,0
1000601,0
1000602,0
1000603,0
1000604,0
1000605,21
1000606,29
1000607,0
1000608,0
1000609,0
1000610,0
1000611,15
1000612,0
1000613,0
1000614,0
1000615,0
1000616,0
1000617,0
1000618,22
1000619,0
1000620,0
1000621,22
1000622,0
1000623,0
1000624,0
1000625,0
1000626,0
1000627,24
1000628,30
1000629,18
1000630,0
1000631,0
1000632,0
1000633,40
1000634,0
1000635,0
1000636,0
1000637,0
1000638,0
1000639,26
1000640,0
1000641,38
1000642,21
1000643,0
1000644,0
1000645,0
1000646,0
1000647,0
1000648,0
1000649,0
1000650,0
1000651,0
1000652,0
1000653,0
1000654,0
1000655,0
1000656,0
1000657,0
1000658,0
1000659,0
1000660,0
1000661,26
1000662,0
1000663,23
1000664,0
1000665,0
1000666,0
1000667,0
1000668,0
1000669,0
1000670,0
1000671,0
1000672,0
1000673,0
1000674,0
1000675,0
1000676,31
1000677,23
1000678,0
1000679,0
1000680,0
1000681,0
1000682,30
1000683,0
1000684,0
1000685,0
1000686,0
1000687,0
1000688,0
1000689,0
1000690,0
1000691,0
1000692,20
1000693,0
1000694,28
1000695,37
1000696,0
1000697,23
1000698,30
1000699,0
1000700,0
1000701,0
1000702,0
1000703,0
1000704,0
1000705,0
1000706,0
1000707,0
1000708,0
1000709,35
1000710,45
1000711,0
1000712,0
1000713,0
1000714,0
1000715,34
1000716,0
1000717,0
1000718,0
1000719,0
1000720,19
1000721,0
1000722,0
1000723,0
1000724,0
1000725,28
1000726,28
1000727,0
1000728,0
1000729,0
1000730,17
1000731,0
1000732,0
1000733,0
1000734,0
1000735,0
1000736,0
1000737,0
1000738,0
1000739,0
1000740,0
1000741,0
1000742,40
1000743,0
1000744,0
1000745,0
1000746,0
1000747,0
1000748,0
1000749,19
1000750,0
1000751,0
1000752,0
1000753,0
1000754,32
1000755,20
1000756,0
1000757,0
1000758,0
1000759,0
1000760,0
1000761,0
1000762,0
1000763,0
1000764,0
1000765,0
1000766,0
1000767,30
1000768,19
1000769,0
1000770,20
1000771,0
1000772,18
1000773,0
1000774,0
1000775,31
1000776,0
1000777,0
1000778,0
1000779,0
1000780,0
1000781,0
1000782,0
1000783,20
1000784,0
1000785,25
1000786,0
1000787,0
1000788,23
1000789,0
1000790,36
1000791,0
1000792,0
1000793,36
1000794,0
1000795,0
1000796,36
1000797,0
1000798,0
1000799,0
1000800,0
1000801,0
1000802,0
1000803,0
1000804,0
1000805,0
1000806,0
1000807,0
1000808,0
1000809,11
1000810,20
1000811,0
1000812,0
1000813,0
1000814,0
1000815,0
1000816,0
1000817,17
1000818,0
1000819,22
1000820,0
1000821,0
1000822,0
1000823,0
1000824,0
1000825,0
1000826,0
1000827,0
1000828,0
1000829,0
1000830,37
1000831,0
1000832,0
1000833,0
1000834,0
1000835,0
1000836,0
1000837,0
1000838,32
1000839,0
1000840,0
1000841,0
1000842,0
1000843,0
1000844,21
1000845,29
1000846,0
1000847,0
1000848,0
1000849,0
1000850,32
1000851,0
1000852,0
1000853,0
1000854,0
1000855,0
1000856,0
1000857,0
1000858,0
1000859,0
1000860,0
1000861,0
1000862,0
1000863,0
1000864,0
1000865,21
1000866,0
1000867,22
1000868,0
1000869,0
1000870,0
1000871,0
1000872,0
1000873,0
1000874,19
1000875,0
1000876,0
1000877,0
1000878,0
1000879,22
1000880,22
1000881,23
1000882,0
1000883,0
1000884,20
1000885,0
1000886,0
1000887,0
1000888,0
1000889,0
1000890,0
1000891,0
1000892,0
1000893,47
1000894,7
1000895,0
1000896,0
1000897,0
1000898,0
1000899,0
1000900,0
1000901,6
1000902,0
1000903,0
1000904,0
1000905,0
1000906,0
1000907,0
1000908,25
1000909,45
1000910,35
1000911,0
1000912,0
1000913,15
1000914,8
1000915,21
1000916,0
1000917,0
1000918,10
1000919,0
1000920,0
1000921,0
1000922,0
1000923,0
1000924,28
1000925,23
1000926,0
1000927,0
1000928,0
1000929,0
1000930,0
1000931,0
1000932,0
1000933,15
1000934,0
1000935,0
1000936,29
1000937,0
1000938,0
1000939,0
1000940,56
1000941,0
1000942,0
1000943,22
1000944,0
1000945,0
1000946,26
1000947,0
1000948,0
1000949,0
1000950,0
1000951,0
1000952,31
1000953,0
1000954,0
1000955,0
1000956,21
1000957,28
1000958,0
1000959,0
1000960,0
1000961,0
1000962,0
1000963,0
1000964,0
1000965,0
1000966,0
1000967,34
1000968,0
1000969,20
1000970,0
1000971,0
1000972,18
1000973,0
1000974,16
1000975,0
1000976,0
1000977,0
1000978,0
1000979,0
1000980,0
1000981,0
1000982,0
1000983,0
1000984,0
1000985,0
1000986,0
1000987,0
1000988,0
1000989,0
1000990,0
1000991,0
1000992,0
1000993,23
1000994,0
1000995,0
1000996,12
1000997,0
1000998,19
1000999,0
1001000,0
1001001,0
1001002,0
1001003,0
1001004,29
1001005,0
1001006,23
1001007,18
1001008,0
1001009,30
1001010,25
1001011,0
1001012,0
1001013,0
1001014,0
1001015,0
1001016,0
1001017,25
1001018,0
1001019,0
1001020,0
1001021,22
1001022,0
1001023,0
1001024,0
1001025,32
1001026,0
1001027,0
1001028,23
1001029,0
1001030,0
1001031,0
1001032,0
1001033,0
1001034,0
1001035,0
1001036,0
1001037,0
1001038,32
1001039,0
1001040,0
1001041,21
1001042,0
1001043,0
1001044,0
1001045,0
1001046,0
1001047,0
1001048,0
1001049,0
1001050,27
1001051,0
1001052,0
1001053,31
1001054,0
1001055,0
1001056,0
1001057,0
1001058,0
1001059,0
1001060,0
1001061,0
1001062,0
1001063,49
1001064,0
1001065,0
1001066,22
1001067,26
1001068,0
1001069,21
1001070,0
1001071,18
1001072,0
1001073,24
1001074,0
1001075,0
1001076,0
1001077,0
1001078,0
1001079,26
1001080,0
1001081,0
1001082,0
1001083,0
1001084,0
1001085,0
1001086,27
1001087,0
1001088,0
1001089,0
1001090,18
1001091,0
1001092,0
1001093,0
1001094,0
1001095,27
1001096,0
1001097,0
1001098,21
1001099,0
1001100,0
1001101,0
1001102,0
1001103,0
1001104,0
1001105,0
1001106,0
1001107,0
1001108,17
1001109,12
1001110,0
1001111,0
1001112,35
1001113,0
1001114,0
1001115,0
1001116,0
1001117,0
1001118,0
1001119,33
1001120,0
1001121,0
1001122,0
1001123,15
1001124,25
1001125,0
1001126,0
1001127,0
1001128,22
1001129,17
1001130,0
1001131,0
1001132,0
1001133,0
1001134,0
1001135,0
1001136,13
1001137,25
1001138,0
1001139,0
1001140,0
1001141,0
1001142,0
1001143,27
1001144,0
1001145,0
1001146,0
1001147,28
1001148,0
1001149,0
1001150,0
1001151,0
1001152,0
1001153,22
1001154,0
1001155,19
1001156,18
1001157,0
1001158,0
1001159,0
1001160,0
1001161,0
1001162,35
1001163,0
1001164,0
1001165,0
1001166,0
1001167,0
1001168,14
1001169,0
1001170,0
1001171,0
1001172,31
1001173,0
1001174,0
1001175,0
1001176,0
1001177,0
1001178,0
1001179,0
1001180,18
1001181,0
1001182,14
1001183,0
1001184,0
1001185,0
1001186,0
1001187,0
1001188,0
1001189,0
1001190,0
1001191,32
1001192,20
1001193,0
1001194,27
1001195,0
1001196,0
1001197,17
1001198,0
1001199,0
1001200,36
1001201,0
1001202,0
1001203,0
1001204,0
1001205,0
1001206,0
1001207,0
1001208,0
1001209,0
1001210,0
1001211,0
1001212,0
1001213,21
1001214,0
1001215,0
1001216,0
1001217,0
1001218,0
1001219,0
1001220,19
1001221,0
1001222,0
1001223,0
1001224,0
1001225,0
1001226,0
1001227,0
1001228,0
1001229,0
1001230,0
1001231,0
1001232,0
1001233,0
1001234,0
1001235,0
1001236,0
1001237,0
1001238,59
1001239,0
1001240,0
1001241,0
1001242,0
1001243,0
1001244,0
1001245,0
1001246,0
1001247,0
1001248,0
1001249,0
1001250,0
1001251,0
1001252,0
1001253,30
1001254,25
1001255,0
1001256,32
1001257,0
1001258,0
1001259,0
1001260,0
1001261,0
1001262,20
1001263,0
1001264,0
1001265,0
1001266,0
1001267,32
1001268,17
1001269,0
1001270,0
1001271,0
1001272,0
1001273,0
1001274,0
1001275,0
1001276,13
1001277,0
1001278,0
1001279,0
1001280,0
1001281,0
1001282,20
1001283,25
1001284,0
1001285,0
1001286,0
1001287,0
1001288,16
1001289,0
1001290,0
1001291,0
1001292,0
1001293,0
1001294,0
1001295,26
1001296,0
1001297,0
1001298,0
1001299,0
1001300,0
1001301,26
1001302,0
1001303,0
1001304,0
1001305,0
1001306,0
1001307,0
1001308,0
1001309,29
1001310,24
1001311,0
1001312,0
1001313,0
1001314,0
1001315,0
1001316,0
1001317,20
1001318,0
1001319,0
1001320,0
1001321,0
1001322,0
1001323,0
1001324,0
1001325,0
1001326,0
1001327,33
1001328,0
1001329,0
1001330,0
1001331,0
1001332,24
1001333,0
1001334,0
1001335,0
1001336,0
1001337,0
1001338,0
1001339,0
1001340,0
1001341,0
1001342,0
1001343,0
1001344,0
1001345,0
1001346,0
1001347,0
1001348,0
1001349,0
1001350,19
1001351,0
1001352,0
1001353,0
1001354,41
1001355,0
1001356,0
1001357,0
1001358,0
1001359,29
1001360,0
1001361,35
1001362,0
1001363,43
1001364,0
1001365,0
1001366,0
1001367,0
1001368,0
1001369,0
1001370,0
1001371,0
1001372,0
1001373,0
1001374,0
1001375,0
1001376,0
1001377,38
1001378,0
1001379,0
1001380,0
1001381,0
1001382,0
1001383,0
1001384,0
1001385,0
1001386,0
1001387,18
1001388,0
1001389,28
1001390,0
1001391,0
1001392,0
1001393,0
1001394,0
1001395,0
1001396,0
1001397,0
1001398,0
1001399,0
1001400,0
1001401,0
1001402,29
1001403,23
1001404,12
1001405,0
1001406,0
1001407,29
1001408,0
1001409,0
1001410,0
1001411,0
1001412,0
1001413,0
1001414,0
1001415,0
1001416,0
1001417,34
1001418,0
1001419,0
1001420,0
1001421,0
1001422,0
1001423,0
1001424,14
1001425,0
1001426,0
1001427,0
1001428,0
1001429,0
1001430,0
1001431,0
1001432,0
1001433,0
1001434,29
1001435,0
1001436,0
1001437,0
1001438,0
1001439,46
1001440,0
1001441,0
1001442,0
1001443,0
1001444,0
1001445,32
1001446,0
1001447,0
1001448,29
1001449,0
1001450,0
1001451,0
1001452,0
1001453,0
1001454,0
1001455,28
1001456,28
1001457,0
1001458,0
1001459,0
1001460,13
1001461,0
1001462,0
1001463,0
1001464,0
1001465,0
1001466,52
1001467,0
1001468,29
1001469,0
1001470,0
1001471,24
1001472,0
1001473,0
1001474,0
1001475,45
1001476,29
1001477,0
1001478,41
1001479,0
1001480,26
1001481,24
1001482,0
1001483,0
1001484,0
1001485,0
1001486,29
1001487,40
1001488,0
1001489,0
1001490,41
1001491,0
1001492,0
1001493,0
1001494,0
1001495,0
1001496,0
1001497,32
1001498,0
1001499,0
1001500,0
1001501,0
1001502,39
1001503,0
1001504,0
1001505,0
1001506,34
1001507,0
1001508,39
1001509,0
1001510,0
1001511,0
1001512,33
1001513,0
1001514,0
1001515,0
1001516,0
1001517,0
1001518,0
1001519,0
1001520,0
1001521,33
1001522,0
1001523,39
1001524,0
1001525,0
1001526,59
1001527,0
1001528,0
1001529,0
1001530,0
1001531,0
1001532,0
1001533,40
1001534,0
1001535,0
1001536,0
1001537,0
1001538,0
1001539,0
1001540,0
1001541,0
1001542,0
1001543,0
1001544,0
1001545,0
1001546,0
1001547,0
1001548,0
1001549,0
1001550,0
1001551,34
1001552,0
1001553,0
1001554,0
1001555,0
1001556,0
1001557,0
1001558,0
1001559,0
1001560,0
1001561,0
1001562,0
1001563,0
1001564,0
1001565,0
1001566,0
1001567,0
1001568,0
1001569,0
1001570,0
1001571,0
1001572,0
1001573,0
1001574,0
1001575,48
1001576,0
1001577,30
1001578,0
1001579,0
1001580,0
1001581,0
1001582,0
1001583,0
1001584,28
1001585,0
1001586,0
1001587,0
1001588,0
1001589,0
1001590,0
1001591,51
1001592,0
1001593,0
1001594,0
1001595,0
1001596,0
1001597,0
1001598,0
1001599,0
1001600,0
1001601,33
1001602,0
1001603,26
1001604,0
1001605,0
1001606,0
1001607,0
1001608,0
1001609,0
1001610,0
1001611,0
1001612,0
1001613,0
1001614,0
1001615,0
1001616,0
1001617,0
1001618,0
1001619,0
1001620,0
1001621,0
1001622,0
1001623,0
1001624,0
1001625,0
1001626,41
1001627,0
1001628,0
1001629,0
1001630,0
1001631,0
1001632,0
1001633,0
1001634,0
1001635,0
1001636,36
1001637,0
1001638,42
1001639,0
1001640,0
1001641,0
1001642,0
1001643,0
1001644,0
1001645,0
1001646,0
1001647,0
1001648,0
1001649,0
1001650,0
1001651,0
1001652,0
1001653,24
1001654,0
1001655,0
1001656,0
1001657,0
1001658,0
1001659,0
1001660,39
1001661,0
1001662,0
1001663,0
1001664,0
1001665,0
1001666,0
1001667,37
1001668,0
1001669,0
1001670,0
1001671,0
1001672,0
1001673,37
1001674,0
1001675,0
1001676,0
1001677,0
1001678,0
1001679,29
1001680,0
1001681,34
1001682,0
1001683,0
1001684,0
1001685,0
1001686,0
1001687,0
1001688,0
1001689,0
1001690,0
1001691,0
1001692,0
1001693,0
1001694,0
1001695,0
1001696,0
1001697,0
1001698,0
1001699,0
1001700,0
1001701,0
1001702,0
1001703,0
1001704,0
1001705,0
1001706,0
1001707,0
1001708,0
1001709,0
1001710,0
1001711,0
1001712,0
1001713,15
1001714,0
1001715,0
1001716,0
1001717,0
1001718,0
1001719,0
1001720,0
1001721,0
1001722,0
1001723,0
1001724,0
1001725,0
1001726,0
1001727,0
1001728,0
1001729,0
1001730,0
1001731,0
1001732,0
1001733,0
1001734,0
1001735,0
1001736,0
1001737,0
1001738,0
1001739,0
1001740,0
1001741,0
1001742,0
1001743,0
1001744,0
1001745,0
1001746,0
1001747,0
1001748,0
1001749,0
1001750,0
1001751,0
1001752,0
1001753,0
1001754,0
1001755,0
1001756,0
1001757,0
1001758,0
1001759,0
1001760,0
1001761,0
1001762,0
1001763,0
1001764,0
1001765,0
1001766,0
1001767,0
1001768,0
1001769,0
1001770,0
1001771,0
1001772,0
1001773,0
1001774,0
1001775,0
1001776,0
1001777,0
1001778,0
1001779,0
1001780,0
1001781,0
1001782,0
1001783,0
1001784,0
1001785,0
1001786,0
1001787,0
1001788,0
1001789,0
1001790,0
1001791,0
1001792,0
1001793,0
1001794,0
1001795,0
1001796,0
1001797,0
1001798,0
1001799,0
1001800,0
1001801,0
1001802,0
1001803,0
1001804,0
1001805,0
1001806,0
1001807,0
1001808,0
1001809,0
1001810,0
1001811,0
1001812,0
1001813,0
1001814,0
1001815,0
1001816,0
1001817,0
1001818,0
1001819,0
1001820,0
1001821,0
1001822,0
1001823,0
1001824,0
1001825,0
1001826,0
1001827,0
1001828,0
1001829,0
1001830,0
1001831,0
1001832,0
1001833,0
1001834,0
1001835,0
1001836,0
1001837,0
1001838,0
1001839,0
1001840,0
1001841,0
1001842,0
1001843,0
1001844,0
1001845,0
1001846,0
1001847,0
1001848,0
1001849,0
1001850,0
1001851,0
1001852,0
1001853,0
1001854,0
1001855,0
1001856,0
1001857,0
1001858,0
1001859,0
1001860,0
1001861,0
1001862,0
1001863,0
1001864,0
1001865,0
1001866,0
1001867,0
1001868,0
1001869,0
1001870,0
1001871,0
1001872,0
1001873,0
1001874,0
1001875,0
1001876,0
1001877,0
1001878,0
1001879,0
1001880,0
1001881,0
1001882,0
1001883,0
1001884,0
1001885,0
1001886,0
1001887,0
1001888,0
1001889,1
1001890,0
1001891,0
1001892,0
1001893,0
1001894,0
1001895,0
1001896,0
1001897,0
1001898,0
1001899,0
1001900,0
1001901,0
1001902,0
1001903,0
1001904,0
1001905,0
1001906,0
1001907,0
1001908,0
1001909,0
1001910,0
1001911,0
1001912,0
1001913,0
1001914,0
1001915,0
1001916,0
1001917,0
1001918,0
1001919,0
1001920,0
1001921,0
1001922,0
1001923,0
1001924,0
1001925,0
1001926,0
1001927,0
1001928,0
1001929,0
1001930,0
1001931,0
1001932,0
1001933,0
1001934,0
1001935,0
1001936,0
1001937,0
1001938,0
1001939,0
1001940,0
1001941,0
1001942,0
1001943,0
1001944,0
1001945,0
1001946,0
1001947,0
1001948,0
1001949,0
1001950,0
1001951,0
1001952,0
1001953,0
1001954,0
1001955,0
1001956,0
1001957,0
1001958,0
1001959,0
1001960,0
1001961,0
1001962,0
1001963,0
1001964,0
1001965,0
1001966,0
1001967,0
1001968,0
1001969,0
1001970,0
1001971,0
1001972,0
1001973,0
1001974,0
1001975,0
1001976,0
1001977,0
1001978,0
1001979,0
1001980,0
1001981,0
1001982,0
1001983,0
1001984,0
1001985,0
1001986,0
1001987,0
1001988,0
1001989,0
1001990,0
1001991,0
1001992,0
1001993,0
1001994,0
1001995,0
1001996,0
1001997,0
1001998,0
1001999,0
1002000,0
1002001,0
1002002,0
1002003,0
1002004,0
1002005,0
1002006,0
1002007,0
1002008,0
1002009,0
1002010,0
1002011,0
1002012,0
1002013,0
1002014,0
1002015,0
1002016,0
1002017,0
1002018,0
1002019,0
1002020,0
1002021,0
1002022,0
1002023,0
1002024,0
1002025,0
1002026,0
1002027,0
1002028,0
1002029,0
1002030,0
1002031,0
1002032,0
1002033,0
1002034,0
1002035,0
1002036,0
1002037,0
1002038,0
1002039,0
1002040,0
1002041,0
1002042,1
1002043,0
1002044,0
1002045,0
1002046,0
1002047,0
1002048,0
1002049,0
1002050,0
1002051,0
1002052,0
1002053,0
1002054,0
1002055,0
1002056,0
1002057,0
1002058,0
1002059,0
1002060,0
1002061,0
1002062,0
1002063,0
1002064,0
1002065,0
1002066,0
1002067,0
1002068,0
1002069,0
1002070,0
1002071,0
1002072,0
1002073,0
1002074,0
1002075,0
1002076,0
1002077,0
1002078,0
1002079,0
1002080,0
1002081,0
1002082,0
1002083,0
1002084,0
1002085,0
1002086,0
1002087,0
1002088,0
1002089,0
1002090,0
1002091,0
1002092,0
1002093,0
1002094,0
1002095,0
1002096,0
1002097,0
1002098,0
1002099,0
1002100,0
1002101,0
1002102,0
1002103,0
1002104,0
1002105,0
1002106,0
1002107,0
1002108,0
1002109,0
1002110,0
1002111,0
1002112,0
1002113,0
1002114,0
1002115,0
1002116,0
1002117,0
1002118,0
1002119,0
1002120,0
1002121,0
1002122,0
1002123,0
1002124,0
1002125,0
1002126,0
1002127,0
1002128,0
1002129,0
1002130,0
1002131,0
1002132,0
1002133,0
1002134,0
1002135,0
1002136,0
1002137,0
1002138,0
1002139,0
1002140,0
1002141,0
1002142,0
1002143,0
1002144,0
1002145,0
1002146,0
1002147,0
1002148,0
1002149,0
1002150,0
1002151,0
1002152,0
1002153,0
1002154,0
1002155,0
1002156,0
1002157,0
1002158,0
1002159,0
1002160,0
1002161,0
1002162,0
1002163,0
1002164,0
1002165,0
1002166,0
1002167,0
1002168,0
1002169,0
1002170,0
1002171,0
1002172,0
1002173,0
1002174,0
1002175,0
1002176,0
1002177,0
1002178,0
1002179,0
1002180,0
1002181,0
1002182,0
1002183,0
1002184,0
1002185,0
1002186,0
1002187,0
1002188,0
1002189,0
1002190,0
1002191,0
1002192,0
1002193,0
1002194,0
1002195,0
1002196,0
1002197,0
1002198,0
1002199,0
1002200,0
1002201,0
1002202,0
1002203,0
1002204,0
1002205,0
1002206,0
1002207,0
1002208,0
1002209,0
1002210,0
1002211,0
1002212,0
1002213,0
1002214,0
1002215,0
1002216,0
1002217,0
1002218,0
1002219,0
1002220,0
1002221,0
1002222,0
1002223,0
1002224,0
1002225,0
1002226,0
1002227,0
1002228,0
1002229,0
1002230,0
1002231,0
1002232,0
1002233,0
1002234,0
1002235,0
1002236,0
1002237,0
1002238,0
1002239,0
1002240,0
1002241,0
1002242,0
1002243,0
1002244,0
1002245,0
1002246,0
1002247,0
1002248,0
1002249,0
1002250,0
1002251,0
1002252,0
1002253,0
1002254,0
1002255,0
1002256,0
1002257,0
1002258,0
1002259,0
1002260,0
1002261,0
1002262,0
1002263,0
1002264,0
1002265,0
1002266,0
1002267,0
1002268,0
1002269,0
1002270,0
1002271,0
1002272,0
1002273,0
1002274,0
1002275,0
1002276,0
1002277,0
1002278,0
1002279,0
1002280,0
1002281,0
1002282,0
1002283,0
1002284,0
1002285,0
1002286,0
1002287,0
1002288,0
1002289,0
1002290,0
1002291,0
1002292,0
1002293,0
1002294,0
1002295,0
1002296,0
1002297,0
1002298,0
1002299,0
1002300,0
1002301,0
1002302,0
1002303,0
1002304,0
1002305,0
1002306,0
1002307,0
1002308,0
1002309,0
1002310,0
1002311,0
1002312,0
1002313,0
1002314,0
1002315,0
1002316,0
1002317,0
1002318,0
1002319,0
1002320,0
1002321,0
1002322,0
1002323,0
1002324,0
1002325,0
1002326,0
1002327,0
1002328,0
1002329,0
1002330,0
1002331,0
1002332,0
1002333,0
1002334,0
1002335,0
1002336,0
1002337,1
1002338,0
1002339,0
1002340,0
1002341,0
1002342,0
1002343,0
1002344,0
1002345,0
1002346,0
1002347,0
1002348,0
1002349,0
1002350,0
1002351,0
1002352,0
1002353,0
1002354,0
1002355,0
1002356,0
1002357,15
1002358,0
1002359,12
1002360,0
1002361,0
1002362,0
1002363,11
1002364,20
1002365,0
1002366,24
1002367,15
1002368,0
1002369,20
1002370,0
1002371,0
1002372,0
1002373,0
1002374,10
1002375,0
1002376,0
1002377,0
1002378,23
1002379,0
1002380,0
1002381,0
1002382,0
1002383,0
1002384,0
1002385,14
1002386,0
1002387,0
1002388,0
1002389,0
1002390,0
1002391,10
1002392,0
1002393,0
1002394,0
1002395,0
1002396,0
1002397,18
1002398,0
1002399,0
1002400,0
1002401,0
1002402,0
1002403,20
1002404,0
1002405,25
1002406,0
1002407,0
1002408,0
1002409,0
1002410,0
1002411,0
1002412,0
1002413,0
1002414,0
1002415,11
1002416,0
1002417,0
1002418,0
1002419,0
1002420,0
1002421,0
1002422,0
1002423,0
1002424,0
1002425,0
1002426,0
1002427,19
1002428,0
1002429,0
1002430,0
1002431,0
1002432,0
1002433,0
1002434,0
1002435,0
1002436,0
1002437,0
1002438,0
1002439,0
1002440,0
1002441,12
1002442,0
1002443,0
1002444,0
1002445,0
1002446,0
1002447,0
1002448,0
1002449,0
1002450,15
1002451,0
1002452,0
1002453,13
1002454,0
1002455,0
1002456,0
1002457,0
1002458,0
1002459,0
1002460,0
1002461,0
1002462,0
1002463,0
1002464,0
1002465,8
1002466,12
1002467,0
1002468,0
1002469,0
1002470,0
1002471,0
1002472,0
1002473,0
1002474,0
1002475,0
1002476,0
1002477,0
1002478,15
1002479,0
1002480,0
1002481,0
1002482,0
1002483,0
1002484,0
1002485,0
1002486,0
1002487,0
1002488,6
1002489,6
1002490,0
1002491,0
1002492,0
1002493,0
1002494,0
1002495,0
1002496,0
1002497,0
1002498,0
1002499,17
1002500,0
1002501,0
1002502,0
1002503,13
1002504,0
1002505,16
1002506,0
1002507,0
1002508,0
1002509,7
1002510,0
1002511,0
1002512,0
1002513,0
1002514,0
1002515,0
1002516,18
1002517,0
1002518,0
1002519,0
1002520,0
1002521,0
1002522,0
1002523,0
1002524,0
1002525,0
1002526,0
1002527,0
1002528,0
1002529,11
1002530,0
1002531,0
1002532,0
1002533,0
1002534,0
1002535,11
1002536,0
1002537,0
1002538,0
1002539,0
1002540,21
1002541,0
1002542,0
1002543,11
1002544,0
1002545,0
1002546,0
1002547,0
1002548,0
1002549,0
1002550,0
1002551,0
1002552,10
1002553,0
1002554,0
1002555,15
1002556,0
1002557,0
1002558,15
1002559,0
1002560,14
1002561,0
1002562,0
1002563,0
1002564,0
1002565,0
1002566,0
1002567,0
1002568,0
1002569,0
1002570,0
1002571,0
1002572,0
1002573,0
1002574,14
1002575,4
1002576,0
1002577,0
1002578,0
1002579,0
1002580,0
1002581,0
1002582,0
1002583,0
1002584,0
1002585,0
1002586,0
1002587,0
1002588,0
1002589,16
1002590,14
1002591,0
1002592,0
1002593,15
1002594,0
1002595,7
1002596,0
1002597,0
1002598,0
1002599,0
1002600,0
1002601,2
1002602,0
1002603,0
1002604,0
1002605,0
1002606,0
1002607,0
1002608,0
1002609,0
1002610,8
1002611,0
1002612,0
1002613,0
1002614,0
1002615,16
1002616,0
1002617,0
1002618,0
1002619,17
1002620,0
1002621,0
1002622,20
1002623,0
1002624,11
1002625,10
1002626,0
1002627,12
1002628,0
1002629,0
1002630,0
1002631,0
1002632,0
1002633,0
1002634,0
1002635,0
1002636,0
1002637,0
1002638,0
1002639,0
1002640,0
1002641,0
1002642,6
1002643,0
1002644,0
1002645,0
1002646,0
1002647,0
1002648,0
1002649,0
1002650,0
1002651,0
1002652,0
1002653,0
1002654,0
1002655,0
1002656,0
1002657,0
1002658,0
1002659,0
1002660,0
1002661,0
1002662,0
1002663,0
1002664,0
1002665,0
1002666,0
1002667,0
1002668,0
1002669,0
1002670,0
1002671,0
1002672,0
1002673,0
1002674,0
1002675,0
1002676,0
1002677,0
1002678,0
1002679,0
1002680,0
1002681,0
1002682,0
1002683,0
1002684,0
1002685,0
1002686,0
1002687,0
1002688,0
1002689,0
1002690,0
1002691,0
1002692,0
1002693,0
1002694,2
1002695,0
1002696,0
1002697,0
1002698,0
1002699,0
1002700,1
1002701,0
1002702,0
1002703,0
1002704,0
1002705,0
1002706,0
1002707,0
1002708,0
1002709,0
1002710,0
1002711,0
1002712,0
1002713,0
1002714,0
1002715,0
1002716,0
1002717,0
1002718,0
1002719,0
1002720,0
1002721,0
1002722,0
1002723,0
1002724,0
1002725,0
1002726,0
1002727,0
1002728,0
1002729,0
1002730,0
1002731,0
1002732,0
1002733,0
1002734,0
1002735,0
1002736,0
1002737,0
1002738,0
1002739,0
1002740,0
1002741,0
1002742,0
1002743,0
1002744,0
1002745,0
1002746,0
1002747,0
1002748,0
1002749,0
1002750,0
1002751,0
1002752,0
1002753,0
1002754,0
1002755,0
1002756,0
1002757,0
1002758,0
1002759,0
1002760,0
1002761,0
1002762,0
1002763,0
1002764,0
1002765,0
1002766,0
1002767,0
1002768,0
1002769,0
1002770,0
1002771,1
1002772,0
1002773,0
1002774,0
1002775,0
1002776,0
1002777,0
1002778,0
1002779,0
1002780,0
1002781,0
1002782,0
1002783,0
1002784,0
1002785,1
1002786,0
1002787,0
1002788,0
1002789,0
1002790,0
1002791,0
1002792,0
1002793,0
1002794,0
1002795,0
1002796,0
1002797,0
1002798,0
1002799,0
1002800,0
1002801,0
1002802,0
1002803,0
1002804,0
1002805,0
1002806,0
1002807,0
1002808,0
1002809,0
1002810,0
1002811,0
1002812,0
1002813,0
1002814,0
1002815,0
1002816,0
1002817,0
1002818,0
1002819,0
1002820,0
1002821,0
1002822,0
1002823,0
1002824,0
1002825,0
1002826,0
1002827,0
1002828,0
1002829,0
1002830,1
1002831,0
1002832,0
1002833,0
1002834,0
1002835,0
1002836,0
1002837,0
1002838,0
1002839,0
1002840,0
1002841,0
1002842,0
1002843,0
1002844,0
1002845,0
1002846,1
1002847,0
1002848,0
1002849,0
1002850,0
1002851,0
1002852,0
1002853,0
1002854,1
1002855,0
1002856,0
1002857,0
1002858,0
1002859,0
1002860,0
1002861,0
1002862,0
1002863,0
1002864,0
1002865,0
1002866,0
1002867,0
1002868,0
1002869,0
1002870,0
1002871,0
1002872,0
1002873,0
1002874,0
1002875,1
1002876,0
1002877,0
1002878,0
1002879,0
1002880,0
1002881,0
1002882,0
1002883,0
1002884,0
1002885,0
1002886,0
1002887,0
1002888,0
1002889,0
1002890,0
1002891,0
1002892,0
1002893,0
1002894,0
1002895,0
1002896,0
1002897,0
1002898,0
1002899,0
1002900,0
1002901,0
1002902,0
1002903,0
1002904,0
1002905,0
1002906,0
1002907,0
1002908,0
1002909,0
1002910,0
1002911,0
1002912,0
1002913,0
1002914,0
1002915,0
1002916,0
1002917,0
1002918,0
1002919,0
1002920,0
1002921,0
1002922,0
1002923,0
1002924,0
1002925,0
1002926,0
1002927,0
1002928,0
1002929,0
1002930,0
1002931,0
1002932,0
1002933,0
1002934,0
1002935,0
1002936,0
1002937,0
1002938,0
1002939,0
1002940,0
1002941,0
1002942,0
1002943,0
1002944,0
1002945,0
1002946,0
1002947,0
1002948,0
1002949,0
1002950,0
1002951,0
1002952,0
1002953,0
1002954,0
1002955,0
1002956,0
1002957,0
1002958,0
1002959,0
1002960,0
1002961,0
1002962,0
1002963,0
1002964,0
1002965,0
1002966,0
1002967,0
1002968,0
1002969,0
1002970,0
1002971,0
1002972,0
1002973,0
1002974,0
1002975,0
1002976,0
1002977,0
1002978,0
1002979,0
1002980,0
1002981,0
1002982,0
1002983,0
1002984,0
1002985,0
1002986,0
1002987,0
1002988,0
1002989,0
1002990,0
1002991,0
1002992,0
1002993,0
1002994,0
1002995,0
1002996,0
1002997,0
1002998,0
1002999,0
1003000,0
1003001,0
1003002,0
1003003,0
1003004,0
1003005,0
1003006,0
1003007,0
1003008,0
1003009,0
1003010,0
1003011,0
1003012,0
1003013,0
1003014,0
1003015,0
1003016,0
1003017,0
1003018,0
1003019,0
1003020,0
1003021,0
1003022,0
1003023,0
1003024,0
1003025,0
1003026,0
1003027,0
1003028,0
1003029,0
1003030,0
1003031,0
1003032,0
1003033,0
1003034,0
1003035,0
1003036,0
1003037,0
1003038,0
1003039,0
1003040,0
1003041,0
1003042,1
1003043,0
1003044,0
1003045,0
1003046,0
1003047,0
1003048,0
1003049,0
1003050,0
1003051,0
1003052,0
1003053,0
1003054,0
1003055,0
1003056,0
1003057,0
1003058,0
1003059,1
1003060,0
1003061,0
1003062,0
1003063,0
1003064,0
1003065,0
1003066,0
1003067,0
1003068,0
1003069,0
1003070,0
1003071,0
1003072,0
1003073,0
1003074,0
1003075,0
1003076,0
1003077,0
1003078,0
1003079,0
1003080,0
1003081,0
1003082,0
1003083,0
1003084,0
1003085,0
1003086,0
1003087,0
1003088,0
1003089,0
1003090,0
1003091,0
1003092,0
1003093,0
1003094,0
1003095,0
1003096,0
1003097,0
1003098,0
1003099,0
1003100,1
1003101,1
1003102,0
1003103,0
1003104,0
1003105,0
1003106,0
1003107,0
1003108,0
1003109,0
1003110,0
1003111,0
1003112,0
1003113,0
1003114,0
1003115,0
1003116,0
1003117,0
1003118,0
1003119,0
1003120,0
1003121,0
1003122,0
1003123,0
1003124,0
1003125,0
1003126,0
1003127,0
1003128,0
1003129,0
1003130,0
1003131,1
1003132,0
1003133,0
1003134,0
1003135,0
1003136,0
1003137,0
1003138,0
1003139,0
1003140,0
1003141,0
1003142,0
1003143,0
1003144,0
1003145,0
1003146,0
1003147,0
1003148,0
1003149,0
1003150,0
1003151,0
1003152,0
1003153,0
1003154,0
1003155,0
1003156,0
1003157,0
1003158,0
1003159,0
1003160,0
1003161,0
1003162,0
1003163,0
1003164,0
1003165,0
1003166,0
1003167,0
1003168,0
1003169,0
1003170,0
1003171,0
1003172,0
1003173,0
1003174,0
1003175,0
1003176,0
1003177,0
1003178,0
1003179,0
1003180,0
1003181,0
1003182,0
1003183,0
1003184,0
1003185,1
1003186,0
1003187,0
1003188,0
1003189,0
1003190,0
1003191,0
1003192,0
1003193,0
1003194,0
1003195,0
1003196,0
1003197,0
1003198,0
1003199,0
1003200,0
1003201,0
1003202,0
1003203,0
1003204,0
1003205,0
1003206,0
1003207,0
1003208,0
1003209,0
1003210,0
1003211,0
1003212,0
1003213,0
1003214,0
1003215,0
1003216,0
1003217,0
1003218,0
1003219,0
1003220,0
1003221,0
1003222,0
1003223,1
1003224,0
1003225,0
1003226,0
1003227,1
1003228,1
1003229,0
1003230,0
1003231,0
1003232,0
1003233,0
1003234,0
1003235,0
1003236,0
1003237,0
1003238,0
1003239,0
1003240,0
1003241,0
1003242,0
1003243,0
1003244,0
1003245,0
1003246,0
1003247,0
1003248,0
1003249,0
1003250,0
1003251,0
1003252,0
1003253,0
1003254,0
1003255,0
1003256,0
1003257,0
1003258,0
1003259,0
1003260,0
1003261,0
1003262,0
1003263,0
1003264,0
1003265,0
1003266,0
1003267,0
1003268,0
1003269,0
1003270,0
1003271,0
1003272,0
1003273,0
1003274,0
1003275,0
1003276,0
1003277,0
1003278,0
1003279,0
1003280,0
1003281,0
1003282,0
1003283,0
1003284,0
1003285,0
1003286,0
1003287,0
1003288,0
1003289,0
1003290,0
1003291,0
1003292,0
1003293,0
1003294,0
1003295,0
1003296,0
1003297,0
1003298,0
1003299,0
1003300,0
1003301,0
1003302,0
1003303,0
1003304,0
1003305,0
1003306,0
1003307,0
1003308,0
1003309,0
1003310,0
1003311,0
1003312,0
1003313,0
1003314,0
1003315,0
1003316,0
1003317,0
1003318,0
1003319,0
1003320,0
1003321,0
1003322,0
1003323,0
1003324,0
1003325,0
1003326,0
1003327,0
1003328,0
1003329,0
1003330,1
1003331,0
1003332,0
1003333,0
1003334,0
1003335,0
1003336,0
1003337,0
1003338,0
1003339,0
1003340,0
1003341,0
1003342,0
1003343,0
1003344,0
1003345,0
1003346,0
1003347,0
1003348,0
1003349,0
1003350,0
1003351,0
1003352,0
1003353,0
1003354,0
1003355,0
1003356,0
1003357,0
1003358,0
1003359,0
1003360,0
1003361,0
1003362,0
1003363,0
1003364,2
1003365,0
1003366,0
1003367,1
1003368,0
1003369,0
1003370,0
1003371,0
1003372,0
1003373,0
1003374,0
1003375,0
1003376,0
1003377,0
1003378,0
1003379,0
1003380,0
1003381,0
1003382,0
1003383,0
1003384,0
1003385,0
1003386,1
1003387,0
1003388,0
1003389,0
1003390,1
1003391,0
1003392,0
1003393,0
1003394,0
1003395,0
1003396,0
1003397,0
1003398,0
1003399,0
1003400,0
1003401,0
1003402,0
1003403,0
1003404,0
1003405,0
1003406,0
1003407,0
1003408,0
1003409,0
1003410,0
1003411,0
1003412,0
1003413,0
1003414,0
1003415,0
1003416,0
1003417,0
1003418,0
1003419,0
1003420,0
1003421,0
1003422,0
1003423,0
1003424,0
1003425,0
1003426,0
1003427,0
1003428,0
1003429,0
1003430,1
1003431,0
1003432,0
1003433,0
1003434,0
1003435,0
1003436,0
1003437,0
1003438,0
1003439,0
1003440,0
1003441,0
1003442,0
1003443,0
1003444,1
1003445,0
1003446,0
1003447,0
1003448,0
1003449,0
1003450,0
1003451,0
1003452,0
1003453,0
1003454,0
1003455,0
1003456,0
1003457,0
1003458,0
1003459,0
1003460,0
1003461,0
1003462,0
1003463,0
1003464,0
1003465,0
1003466,0
1003467,0
1003468,0
1003469,0
1003470,0
1003471,0
1003472,1
1003473,0
1003474,0
1003475,0
1003476,0
1003477,0
1003478,0
1003479,0
1003480,0
1003481,0
1003482,0
1003483,0
1003484,0
1003485,0
1003486,0
1003487,0
1003488,0
1003489,0
1003490,0
1003491,0
1003492,0
1003493,0
1003494,0
1003495,0
1003496,0
1003497,0
1003498,1
1003499,0
1003500,0
1003501,0
1003502,0
1003503,0
1003504,0
1003505,0
1003506,0
1003507,0
1003508,0
1003509,0
1003510,0
1003511,0
1003512,0
1003513,0
1003514,26
1003515,0
1003516,0
1003517,33
1003518,0
1003519,0
1003520,21
1003521,0
1003522,31
1003523,0
1003524,0
1003525,0
1003526,0
1003527,0
1003528,0
1003529,0
1003530,0
1003531,0
1003532,0
1003533,0
1003534,0
1003535,0
1003536,21
1003537,0
1003538,0
1003539,0
1003540,0
1003541,0
1003542,0
1003543,0
1003544,31
1003545,0
1003546,0
1003547,0
1003548,0
1003549,0
1003550,0
1003551,0
1003552,0
1003553,0
1003554,0
1003555,0
1003556,0
1003557,0
1003558,0
1003559,0
1003560,0
1003561,33
1003562,0
1003563,0
1003564,0
1003565,0
1003566,0
1003567,0
1003568,0
1003569,0
1003570,0
1003571,36
1003572,0
1003573,40
1003574,0
1003575,0
1003576,0
1003577,0
1003578,0
1003579,0
1003580,0
1003581,0
1003582,0
1003583,45
1003584,0
1003585,26
1003586,0
1003587,0
1003588,0
1003589,0
1003590,0
1003591,0
1003592,0
1003593,0
1003594,0
1003595,0
1003596,0
1003597,0
1003598,0
1003599,46
1003600,35
1003601,0
1003602,0
1003603,0
1003604,0
1003605,0
1003606,0
1003607,0
1003608,0
1003609,0
1003610,0
1003611,30
1003612,0
1003613,32
1003614,0
1003615,0
1003616,37
1003617,0
1003618,35
1003619,21
1003620,31
1003621,31
1003622,0
1003623,0
1003624,0
1003625,0
1003626,26
1003627,0
1003628,35
1003629,34
1003630,0
1003631,0
1003632,0
1003633,0
1003634,0
1003635,0
1003636,0
1003637,0
1003638,0
1003639,0
1003640,0
1003641,0
1003642,33
1003643,0
1003644,0
1003645,0
1003646,0
1003647,0
1003648,0
1003649,0
1003650,30
1003651,0
1003652,0
1003653,0
1003654,0
1003655,0
1003656,0
1003657,0
1003658,0
1003659,0
1003660,0
1003661,0
1003662,0
1003663,25
1003664,23
1003665,29
1003666,26
1003667,28
1003668,0
1003669,0
1003670,0
1003671,29
1003672,30
1003673,0
1003674,0
1003675,0
1003676,29
1003677,0
1003678,0
1003679,21
1003680,0
1003681,0
1003682,0
1003683,28
1003684,0
1003685,0
1003686,0
1003687,0
1003688,0
1003689,0
1003690,33
1003691,0
1003692,0
1003693,0
1003694,0
1003695,0
1003696,31
1003697,0
1003698,40
1003699,0
1003700,32
1003701,0
1003702,28
1003703,0
1003704,0
1003705,0
1003706,0
1003707,0
1003708,0
1003709,0
1003710,0
1003711,0
1003712,0
1003713,0
1003714,0
1003715,0
1003716,0
1003717,0
1003718,0
1003719,0
1003720,0
1003721,0
1003722,0
1003723,0
1003724,0
1003725,41
1003726,0
1003727,0
1003728,0
1003729,0
1003730,0
1003731,0
1003732,0
1003733,0
1003734,0
1003735,0
1003736,28
1003737,0
1003738,0
1003739,0
1003740,0
1003741,0
1003742,35
1003743,34
1003744,0
1003745,0
1003746,0
1003747,37
1003748,0
1003749,38
1003750,0
1003751,0
1003752,0
1003753,19
1003754,0
1003755,35
1003756,0
1003757,0
1003758,0
1003759,0
1003760,0
1003761,0
1003762,34
1003763,0
1003764,0
1003765,0
1003766,0
1003767,0
1003768,0
1003769,0
1003770,0
1003771,0
1003772,0
1003773,32
1003774,0
1003775,0
1003776,0
1003777,0
1003778,27
1003779,0
1003780,36
1003781,0
1003782,0
1003783,0
1003784,0
1003785,0
1003786,0
1003787,0
1003788,0
1003789,0
1003790,36
1003791,0
1003792,24
1003793,0
1003794,0
1003795,0
1003796,18
1003797,24
1003798,0
1003799,0
1003800,0
1003801,0
1003802,0
1003803,0
1003804,0
1003805,0
1003806,0
1003807,0
1003808,0
1003809,0
1003810,0
1003811,31
1003812,27
1003813,0
1003814,0
1003815,0
1003816,31
1003817,0
1003818,0
1003819,0
1003820,0
1003821,0
1003822,0
1003823,0
1003824,0
1003825,0
1003826,0
1003827,0
1003828,0
1003829,0
1003830,0
1003831,11
1003832,0
1003833,0
1003834,0
1003835,0
1003836,0
1003837,0
1003838,0
1003839,0
1003840,0
1003841,0
1003842,0
1003843,0
1003844,0
1003845,11
1003846,5
1003847,3
1003848,11
1003849,0
1003850,0
1003851,0
1003852,0
1003853,0
1003854,0
1003855,8
1003856,0
1003857,0
1003858,0
1003859,0
1003860,7
1003861,0
1003862,0
1003863,7
1003864,0
1003865,0
1003866,0
1003867,0
1003868,9
1003869,0
1003870,7
1003871,0
1003872,0
1003873,11
1003874,0
1003875,11
1003876,0
1003877,0
1003878,0
1003879,0
1003880,0
1003881,0
1003882,9
1003883,0
1003884,6
1003885,0
1003886,9
1003887,0
1003888,0
1003889,11
1003890,6
1003891,0
1003892,8
1003893,0
1003894,0
1003895,0
1003896,5
1003897,0
1003898,0
1003899,0
1003900,0
1003901,0
1003902,0
1003903,9
1003904,0
1003905,0
1003906,17
1003907,0
1003908,0
1003909,0
1003910,0
1003911,0
1003912,0
1003913,0
1003914,0
1003915,0
1003916,0
1003917,0
1003918,0
1003919,0
1003920,6
1003921,10
1003922,9
1003923,0
1003924,0
1003925,0
1003926,10
1003927,0
1003928,0
1003929,7
1003930,0
1003931,0
1003932,0
1003933,0
1003934,0
1003935,0
1003936,6
1003937,0
1003938,0
1003939,0
1003940,0
1003941,0
1003942,0
1003943,0
1003944,0
1003945,0
1003946,0
1003947,0
1003948,0
1003949,0
1003950,0
1003951,0
1003952,0
1003953,0
1003954,9
1003955,0
1003956,0
1003957,0
1003958,9
1003959,0
1003960,0
1003961,0
1003962,0
1003963,10
1003964,0
1003965,3
1003966,0
1003967,0
1003968,0
1003969,0
1003970,0
1003971,0
1003972,0
1003973,4
1003974,0
1003975,0
1003976,10
1003977,0
1003978,0
1003979,0
1003980,0
1003981,0
1003982,0
1003983,0
1003984,0
1003985,0
1003986,0
1003987,0
1003988,0
1003989,0
1003990,0
1003991,9
1003992,8
1003993,7
1003994,0
1003995,0
1003996,6
1003997,0
1003998,0
1003999,0
1004000,0
1004001,0
1004002,6
1004003,0
1004004,0
1004005,0
1004006,0
1004007,0
1004008,0
1004009,7
1004010,0
1004011,0
1004012,0
1004013,0
1004014,0
1004015,15
1004016,8
1004017,0
1004018,0
1004019,0
1004020,0
1004021,0
1004022,10
1004023,0
1004024,0
1004025,0
1004026,0
1004027,0
1004028,8
1004029,0
1004030,0
1004031,0
1004032,4
1004033,6
1004034,7
1004035,0
1004036,0
1004037,0
1004038,10
1004039,0
1004040,10
1004041,0
1004042,0
1004043,0
1004044,4
1004045,9
1004046,0
1004047,0
1004048,0
1004049,0
1004050,2
1004051,0
1004052,0
1004053,0
1004054,0
1004055,8
1004056,0
1004057,5
1004058,0
1004059,0
1004060,0
1004061,0
1004062,0
1004063,0
1004064,0
1004065,0
1004066,7
1004067,5
1004068,0
1004069,0
1004070,0
1004071,0
1004072,0
1004073,0
1004074,5
1004075,0
1004076,5
1004077,9
1004078,0
1004079,0
1004080,3
1004081,8
1004082,7
1004083,0
1004084,0
1004085,3
1004086,0
1004087,0
1004088,0
1004089,0
1004090,0
1004091,0
1004092,0
1004093,0
1004094,0
1004095,0
1004096,10
1004097,8
1004098,11
1004099,0
1004100,0
1004101,0
1004102,7
1004103,0
1004104,0
1004105,8
1004106,0
1004107,5
1004108,0
1004109,6
1004110,0
1004111,0
1004112,0
1004113,0
1004114,0
1004115,0
1004116,0
1004117,0
1004118,0
1004119,0
1004120,0
1004121,0
1004122,10
1004123,0
1004124,0
1004125,7
1004126,0
1004127,8
1004128,0
1004129,5
1004130,9
1004131,5
1004132,0
1004133,14
1004134,5
1004135,0
1004136,0
1004137,0
1004138,0
1004139,0
1004140,0
1004141,0
1004142,0
1004143,0
1004144,0
1004145,0
1004146,0
1004147,0
1004148,0
1004149,0
1004150,0
1004151,0
1004152,0
1004153,0
1004154,0
1004155,0
1004156,0
1004157,0
1004158,0
1004159,6
1004160,10
1004161,0
1004162,14
1004163,0
1004164,0
1004165,5
1004166,0
1004167,0
1004168,0
1004169,0
1004170,0
1004171,0
1004172,0
1004173,0
1004174,0
1004175,0
1004176,4
1004177,7
1004178,5
1004179,0
1004180,7
1004181,0
1004182,0
1004183,0
1004184,5
1004185,0
1004186,3
1004187,0
1004188,0
1004189,0
1004190,0
1004191,0
1004192,0
1004193,0
1004194,6
1004195,17
1004196,15
1004197,5
1004198,11
1004199,0
1004200,8
1004201,0
1004202,4
1004203,0
1004204,8
1004205,5
1004206,0
1004207,9
1004208,0
1004209,0
1004210,0
1004211,0
1004212,0
1004213,0
1004214,9
1004215,0
1004216,0
1004217,6
1004218,0
1004219,8
1004220,0
1004221,0
1004222,0
1004223,6
1004224,0
1004225,0
1004226,14
1004227,0
1004228,0
1004229,9
1004230,0
1004231,0
1004232,0
1004233,0
1004234,10
1004235,0
1004236,0
1004237,0
1004238,10
1004239,3
1004240,5
1004241,0
1004242,0
1004243,0
1004244,0
1004245,5
1004246,0
1004247,0
1004248,0
1004249,0
1004250,0
1004251,0
1004252,0
1004253,6
1004254,0
1004255,0
1004256,0
1004257,9
1004258,0
1004259,0
1004260,5
1004261,0
1004262,4
1004263,0
1004264,0
1004265,0
1004266,0
1004267,0
1004268,0
1004269,0
1004270,0
1004271,0
1004272,4
1004273,0
1004274,14
1004275,0
1004276,0
1004277,0
1004278,5
1004279,0
1004280,0
1004281,0
1004282,10
1004283,0
1004284,0
1004285,0
1004286,8
1004287,0
1004288,0
1004289,0
1004290,5
1004291,0
1004292,12
1004293,6
1004294,4
1004295,4
1004296,0
1004297,0
1004298,10
1004299,11
1004300,0
1004301,0
1004302,0
1004303,0
1004304,0
1004305,0
1004306,0
1004307,0
1004308,0
1004309,0
1004310,0
1004311,0
1004312,7
1004313,0
1004314,9
1004315,0
1004316,0
1004317,0
1004318,0
1004319,0
1004320,0
1004321,7
1004322,0
1004323,7
1004324,0
1004325,6
1004326,0
1004327,0
1004328,0
1004329,0
1004330,0
1004331,0
1004332,0
1004333,6
1004334,0
1004335,0
1004336,0
1004337,0
1004338,0
1004339,0
1004340,6
1004341,0
1004342,7
1004343,0
1004344,0
1004345,3
1004346,8
1004347,0
1004348,0
1004349,14
1004350,0
1004351,10
1004352,0
1004353,0
1004354,0
1004355,0
1004356,10
1004357,5
1004358,0
1004359,0
1004360,0
1004361,8
1004362,0
1004363,0
1004364,8
1004365,0
1004366,0
1004367,0
1004368,0
1004369,0
1004370,0
1004371,0
1004372,0
1004373,0
1004374,0
1004375,0
1004376,5
1004377,12
1004378,6
1004379,0
1004380,0
1004381,0
1004382,0
1004383,2
1004384,5
1004385,0
1004386,0
1004387,0
1004388,7
1004389,0
1004390,0
1004391,0
1004392,0
1004393,8
1004394,9
1004395,0
1004396,0
1004397,0
1004398,0
1004399,0
1004400,10
1004401,9
1004402,0
1004403,0
1004404,0
1004405,0
1004406,0
1004407,6
1004408,4
1004409,0
1004410,0
1004411,0
1004412,11
1004413,0
1004414,0
1004415,8
1004416,0
1004417,0
1004418,0
1004419,0
1004420,0
1004421,0
1004422,0
1004423,4
1004424,0
1004425,0
1004426,0
1004427,0
1004428,0
1004429,0
1004430,4
1004431,0
1004432,0
1004433,0
1004434,0
1004435,5
1004436,0
1004437,13
1004438,11
1004439,0
1004440,7
1004441,0
1004442,0
1004443,0
1004444,0
1004445,0
1004446,10
1004447,9
1004448,12
1004449,0
1004450,0
1004451,0
1004452,0
1004453,0
1004454,0
1004455,15
1004456,0
1004457,0
1004458,6
1004459,10
1004460,0
1004461,0
1004462,0
1004463,0
1004464,0
1004465,0
1004466,8
1004467,0
1004468,0
1004469,0
1004470,0
1004471,0
1004472,11
1004473,0
1004474,0
1004475,9
1004476,0
1004477,0
1004478,14
1004479,0
1004480,0
1004481,5
1004482,0
1004483,0
1004484,17
1004485,0
1004486,0
1004487,0
1004488,12
1004489,0
1004490,5
1004491,0
1004492,9
1004493,0
1004494,7
1004495,0
1004496,0
1004497,0
1004498,0
1004499,0
1004500,0
1004501,0
1004502,6
1004503,0
1004504,0
1004505,0
1004506,0
1004507,0
1004508,0
1004509,8
1004510,11
1004511,0
1004512,9
1004513,0
1004514,0
1004515,0
1004516,0
1004517,0
1004518,0
1004519,0
1004520,0
1004521,0
1004522,0
1004523,4
1004524,0
1004525,0
1004526,0
1004527,0
1004528,0
1004529,0
1004530,12
1004531,12
1004532,4
1004533,0
1004534,0
1004535,0
1004536,0
1004537,0
1004538,0
1004539,0
1004540,0
1004541,0
1004542,0
1004543,8
1004544,0
1004545,0
1004546,0
1004547,0
1004548,5
1004549,7
1004550,0
1004551,5
1004552,0
1004553,0
1004554,0
1004555,0
1004556,0
1004557,8
1004558,0
1004559,10
1004560,0
1004561,0
1004562,0
1004563,0
1004564,0
1004565,0
1004566,0
1004567,0
1004568,0
1004569,0
1004570,16
1004571,7
1004572,0
1004573,0
1004574,0
1004575,7
1004576,0
1004577,0
1004578,0
1004579,0
1004580,0
1004581,0
1004582,0
1004583,0
1004584,0
1004585,12
1004586,0
1004587,0
1004588,8
1004589,10
1004590,9
1004591,0
1004592,9
1004593,0
1004594,0
1004595,4
1004596,0
1004597,14
1004598,0
1004599,0
1004600,0
1004601,0
1004602,0
1004603,3
1004604,0
1004605,0
1004606,0
1004607,5
1004608,15
1004609,0
1004610,7
1004611,0
1004612,0
1004613,0
1004614,13
1004615,0
1004616,0
1004617,8
1004618,0
1004619,0
1004620,0
1004621,0
1004622,10
1004623,0
1004624,0
1004625,0
1004626,5
1004627,0
1004628,0
1004629,18
1004630,0
1004631,0
1004632,0
1004633,21
1004634,0
1004635,0
1004636,0
1004637,20
1004638,23
1004639,0
1004640,0
1004641,0
1004642,0
1004643,0
1004644,0
1004645,0
1004646,0
1004647,0
1004648,0
1004649,30
1004650,35
1004651,0
1004652,32
1004653,0
1004654,0
1004655,30
1004656,0
1004657,26
1004658,19
1004659,0
1004660,0
1004661,0
1004662,0
1004663,0
1004664,0
1004665,20
1004666,25
1004667,0
1004668,0
1004669,0
1004670,0
1004671,0
1004672,0
1004673,0
1004674,24
1004675,0
1004676,0
1004677,0
1004678,0
1004679,0
1004680,26
1004681,0
1004682,0
1004683,12
1004684,0
1004685,0
1004686,19
1004687,0
1004688,0
1004689,0
1004690,27
1004691,0
1004692,22
1004693,17
1004694,0
1004695,0
1004696,27
1004697,0
1004698,0
1004699,33
1004700,0
1004701,0
1004702,0
1004703,0
1004704,0
1004705,0
1004706,0
1004707,0
1004708,0
1004709,0
1004710,0
1004711,0
1004712,0
1004713,0
1004714,0
1004715,0
1004716,0
1004717,14
1004718,0
1004719,18
1004720,0
1004721,25
1004722,0
1004723,47
1004724,0
1004725,0
1004726,22
1004727,34
1004728,42
1004729,20
1004730,0
1004731,0
1004732,0
1004733,0
1004734,0
1004735,0
1004736,0
1004737,16
1004738,0
1004739,25
1004740,0
1004741,16
1004742,0
1004743,0
1004744,0
1004745,0
1004746,0
1004747,14
1004748,0
1004749,26
1004750,0
1004751,0
1004752,26
1004753,27
1004754,0
1004755,0
1004756,15
1004757,0
1004758,0
1004759,0
1004760,0
1004761,35
1004762,29
1004763,0
1004764,0
1004765,29
1004766,0
1004767,0
1004768,0
1004769,0
1004770,0
1004771,0
1004772,19
1004773,22
1004774,0
1004775,0
1004776,35
1004777,0
1004778,0
1004779,0
1004780,0
1004781,0
1004782,0
1004783,32
1004784,0
1004785,36
1004786,0
1004787,0
1004788,0
1004789,22
1004790,0
1004791,0
1004792,0
1004793,0
1004794,0
1004795,0
1004796,0
1004797,0
1004798,42
1004799,0
1004800,0
1004801,0
1004802,0
1004803,0
1004804,26
1004805,35
1004806,0
1004807,0
1004808,0
1004809,0
1004810,28
1004811,18
1004812,0
1004813,0
1004814,0
1004815,23
1004816,0
1004817,0
1004818,0
1004819,0
1004820,0
1004821,0
1004822,0
1004823,0
1004824,32
1004825,0
1004826,22
1004827,35
1004828,20
1004829,0
1004830,0
1004831,0
1004832,0
1004833,0
1004834,0
1004835,0
1004836,24
1004837,20
1004838,0
1004839,0
1004840,0
1004841,31
1004842,0
1004843,0
1004844,23
1004845,31
1004846,0
1004847,0
1004848,0
1004849,0
1004850,0
1004851,0
1004852,0
1004853,0
1004854,0
1004855,31
1004856,0
1004857,0
1004858,21
1004859,0
1004860,0
1004861,0
1004862,0
1004863,33
1004864,0
1004865,0
1004866,17
1004867,0
1004868,21
1004869,0
1004870,39
1004871,0
1004872,20
1004873,0
1004874,0
1004875,0
1004876,36
1004877,28
1004878,0
1004879,0
1004880,18
1004881,0
1004882,0
1004883,38
1004884,32
1004885,0
1004886,0
1004887,0
1004888,0
1004889,0
1004890,0
1004891,0
1004892,0
1004893,0
1004894,0
1004895,0
1004896,0
1004897,0
1004898,0
1004899,0
1004900,20
1004901,0
1004902,0
1004903,0
1004904,0
1004905,0
1004906,0
1004907,18
1004908,0
1004909,0
1004910,0
1004911,0
1004912,20
1004913,0
1004914,0
1004915,0
1004916,0
1004917,22
1004918,0
1004919,0
1004920,0
1004921,32
1004922,0
1004923,0
1004924,18
1004925,0
1004926,0
1004927,40
1004928,0
1004929,0
1004930,0
1004931,0
1004932,0
1004933,0
1004934,0
1004935,15
1004936,0
1004937,0
1004938,0
1004939,34
1004940,0
1004941,36
1004942,0
1004943,0
1004944,0
1004945,0
1004946,0
1004947,0
1004948,0
1004949,0
1004950,0
1004951,0
1004952,0
1004953,0
1004954,29
1004955,0
1004956,23
1004957,0
1004958,0
1004959,0
1004960,21
1004961,22
1004962,0
1004963,0
1004964,0
1004965,0
1004966,23
1004967,0
1004968,0
1004969,0
1004970,0
1004971,26
1004972,0
1004973,0
1004974,0
1004975,0
1004976,15
1004977,25
1004978,0
1004979,0
1004980,30
1004981,0
1004982,0
1004983,0
1004984,30
1004985,0
1004986,0
1004987,16
1004988,0
1004989,0
1004990,31
1004991,22
1004992,0
1004993,25
1004994,25
1004995,0
1004996,0
1004997,27
1004998,0
1004999,0
1005000,0
1005001,0
1005002,0
1005003,0
1005004,17
1005005,0
1005006,32
1005007,13
1005008,0
1005009,0
1005010,0
1005011,26
1005012,0
1005013,0
1005014,0
1005015,0
1005016,0
1005017,18
1005018,0
1005019,28
1005020,0
1005021,0
1005022,0
1005023,0
1005024,0
1005025,0
1005026,0
1005027,0
1005028,0
1005029,0
1005030,0
1005031,0
1005032,0
1005033,24
1005034,0
1005035,0
1005036,0
1005037,31
1005038,0
1005039,0
1005040,23
1005041,0
1005042,0
1005043,11
1005044,15
1005045,0
1005046,0
1005047,0
1005048,0
1005049,0
1005050,0
1005051,0
1005052,0
1005053,0
1005054,0
1005055,0
1005056,4
1005057,0
1005058,0
1005059,0
1005060,0
1005061,4
1005062,0
1005063,0
1005064,0
1005065,8
1005066,0
1005067,0
1005068,0
1005069,0
1005070,0
1005071,0
1005072,0
1005073,0
1005074,0
1005075,0
1005076,0
1005077,0
1005078,0
1005079,7
1005080,0
1005081,0
1005082,0
1005083,0
1005084,0
1005085,12
1005086,0
1005087,0
1005088,0
1005089,0
1005090,0
1005091,0
1005092,8
1005093,0
1005094,0
1005095,0
1005096,0
1005097,0
1005098,0
1005099,0
1005100,0
1005101,7
1005102,0
1005103,0
1005104,4
1005105,0
1005106,0
1005107,0
1005108,0
1005109,9
1005110,0
1005111,0
1005112,0
1005113,0
1005114,0
1005115,0
1005116,0
1005117,0
1005118,0
1005119,0
1005120,0
1005121,0
1005122,0
1005123,0
1005124,0
1005125,0
1005126,24
1005127,0
1005128,28
1005129,0
1005130,0
1005131,18
1005132,0
1005133,0
1005134,0
1005135,0
1005136,0
1005137,0
1005138,0
1005139,0
1005140,0
1005141,0
1005142,0
1005143,0
1005144,0
1005145,0
1005146,0
1005147,0
1005148,0
1005149,0
1005150,0
1005151,0
1005152,0
1005153,0
1005154,0
1005155,0
1005156,0
1005157,0
1005158,0
1005159,15
1005160,0
1005161,0
1005162,0
1005163,0
1005164,0
1005165,0
1005166,0
1005167,0
1005168,0
1005169,0
1005170,0
1005171,0
1005172,0
1005173,0
1005174,0
1005175,0
1005176,0
1005177,0
1005178,20
1005179,0
1005180,0
1005181,0
1005182,0
1005183,0
1005184,0
1005185,0
1005186,0
1005187,0
1005188,19
1005189,0
1005190,0
1005191,0
1005192,0
1005193,0
1005194,0
1005195,0
1005196,0
1005197,0
1005198,0
1005199,0
1005200,0
1005201,0
1005202,0
1005203,0
1005204,0
1005205,24
1005206,0
1005207,0
1005208,0
1005209,0
1005210,0
1005211,0
1005212,0
1005213,0
1005214,0
1005215,0
1005216,0
1005217,0
1005218,0
1005219,0
1005220,0
1005221,11
1005222,0
1005223,0
1005224,0
1005225,0
1005226,0
1005227,0
1005228,0
1005229,0
1005230,0
1005231,0
1005232,0
1005233,15
1005234,0
1005235,0
1005236,0
1005237,0
1005238,0
1005239,0
1005240,0
1005241,0
1005242,0
1005243,0
1005244,0
1005245,44
1005246,0
1005247,0
1005248,26
1005249,0
1005250,0
1005251,0
1005252,16
1005253,0
1005254,0
1005255,0
1005256,0
1005257,0
1005258,0
1005259,0
1005260,0
1005261,0
1005262,0
1005263,0
1005264,0
1005265,0
1005266,0
1005267,0
1005268,23
1005269,0
1005270,0
1005271,0
1005272,0
1005273,0
1005274,0
1005275,0
1005276,0
1005277,0
1005278,0
1005279,11
1005280,0
1005281,0
1005282,0
1005283,0
1005284,0
1005285,0
1005286,0
1005287,0
1005288,0
1005289,0
1005290,21
1005291,0
1005292,0
1005293,0
1005294,0
1005295,0
1005296,0
1005297,0
1005298,0
1005299,0
1005300,0
1005301,0
1005302,0
1005303,0
1005304,0
1005305,0
1005306,0
1005307,0
1005308,0
1005309,0
1005310,0
1005311,0
1005312,0
1005313,0
1005314,27
1005315,0
1005316,0
1005317,0
1005318,0
1005319,0
1005320,0
1005321,0
1005322,0
1005323,0
1005324,0
1005325,0
1005326,0
1005327,0
1005328,0
1005329,0
1005330,0
1005331,0
1005332,0
1005333,0
1005334,0
1005335,0
1005336,0
1005337,0
1005338,0
1005339,20
1005340,0
1005341,0
1005342,0
1005343,0
1005344,0
1005345,0
1005346,0
1005347,0
1005348,0
1005349,0
1005350,0
1005351,0
1005352,14
1005353,0
1005354,0
1005355,0
1005356,0
1005357,0
1005358,0
1005359,0
1005360,0
1005361,0
1005362,0
1005363,0
1005364,0
1005365,0
1005366,0
1005367,0
1005368,0
1005369,0
1005370,0
1005371,0
1005372,0
1005373,13
1005374,0
1005375,0
1005376,0
1005377,0
1005378,0
1005379,0
1005380,0
1005381,0
1005382,0
1005383,0
1005384,0
1005385,0
1005386,0
1005387,0
1005388,0
1005389,10
1005390,0
1005391,0
1005392,0
1005393,0
1005394,0
1005395,0
1005396,0
1005397,0
1005398,0
1005399,0
1005400,0
1005401,0
1005402,0
1005403,0
1005404,0
1005405,0
1005406,0
1005407,0
1005408,0
1005409,0
1005410,0
1005411,0
1005412,0
1005413,0
1005414,0
1005415,0
1005416,0
1005417,0
1005418,0
1005419,0
1005420,0
1005421,0
1005422,0
1005423,0
1005424,0
1005425,0
1005426,0
1005427,0
1005428,0
1005429,16
1005430,0
1005431,0
1005432,0
1005433,0
1005434,0
1005435,10
1005436,0
1005437,0
1005438,0
1005439,0
1005440,0
1005441,0
1005442,0
1005443,0
1005444,0
1005445,0
1005446,0
1005447,0
1005448,0
1005449,0
1005450,0
1005451,0
1005452,0
1005453,0
1005454,0
1005455,0
1005456,0
1005457,0
1005458,0
1005459,33
1005460,0
1005461,0
1005462,0
1005463,0
1005464,0
1005465,0
1005466,0
1005467,0
1005468,0
1005469,0
1005470,0
1005471,0
1005472,0
1005473,0
1005474,0
1005475,0
1005476,0
1005477,0
1005478,0
1005479,0
1005480,0
1005481,0
1005482,0
1005483,0
1005484,0
1005485,0
1005486,0
1005487,0
1005488,0
1005489,0
1005490,0
1005491,0
1005492,0
1005493,0
1005494,0
1005495,0
1005496,0
1005497,0
1005498,0
1005499,0
1005500,20
1005501,0
1005502,0
1005503,0
1005504,0
1005505,0
1005506,36
1005507,0
1005508,0
1005509,25
1005510,28
1005511,0
1005512,0
1005513,0
1005514,0
1005515,0
1005516,0
1005517,0
1005518,0
1005519,0
1005520,0
1005521,0
1005522,0
1005523,0
1005524,0
1005525,0
1005526,0
1005527,0
1005528,0
1005529,0
1005530,0
1005531,0
1005532,0
1005533,30
1005534,23
1005535,0
1005536,0
1005537,0
1005538,0
1005539,0
1005540,0
1005541,0
1005542,34
1005543,0
1005544,0
1005545,26
1005546,19
1005547,0
1005548,0
1005549,0
1005550,0
1005551,0
1005552,0
1005553,0
1005554,0
1005555,0
1005556,0
1005557,0
1005558,0
1005559,0
1005560,42
1005561,0
1005562,0
1005563,0
1005564,0
1005565,0
1005566,0
1005567,0
1005568,0
1005569,0
1005570,0
1005571,0
1005572,0
1005573,0
1005574,25
1005575,0
1005576,0
1005577,0
1005578,0
1005579,0
1005580,0
1005581,0
1005582,0
1005583,0
1005584,0
1005585,0
1005586,0
1005587,0
1005588,0
1005589,0
1005590,0
1005591,0
1005592,0
1005593,0
1005594,0
1005595,0
1005596,0
1005597,0
1005598,0
1005599,0
1005600,0
1005601,0
1005602,0
1005603,0
1005604,0
1005605,0
1005606,0
1005607,15
1005608,0
1005609,0
1005610,0
1005611,0
1005612,0
1005613,0
1005614,0
1005615,0
1005616,0
1005617,18
1005618,0
1005619,0
1005620,0
1005621,0
1005622,0
1005623,14
1005624,0
1005625,0
1005626,0
1005627,0
1005628,0
1005629,0
1005630,0
1005631,0
1005632,0
1005633,0
1005634,0
1005635,0
1005636,0
1005637,0
1005638,0
1005639,0
1005640,0
1005641,0
1005642,0
1005643,0
1005644,0
1005645,0
1005646,9
1005647,0
1005648,0
1005649,0
1005650,0
1005651,0
1005652,0
1005653,0
1005654,0
1005655,0
1005656,0
1005657,0
1005658,0
1005659,0
1005660,0
1005661,0
1005662,0
1005663,0
1005664,0
1005665,0
1005666,0
1005667,0
1005668,0
1005669,0
1005670,0
1005671,0
1005672,0
1005673,0
1005674,0
1005675,0
1005676,0
1005677,0
1005678,25
1005679,0
1005680,0
1005681,0
1005682,22
1005683,0
1005684,0
1005685,0
1005686,0
1005687,0
1005688,0
1005689,0
1005690,0
1005691,0
1005692,16
1005693,25
1005694,0
1005695,0
1005696,0
1005697,0
1005698,0
1005699,0
1005700,0
1005701,0
1005702,0
1005703,0
1005704,0
1005705,0
1005706,24
1005707,0
1005708,0
1005709,0
1005710,0
1005711,0
1005712,0
1005713,0
1005714,0
1005715,0
1005716,0
1005717,0
1005718,0
1005719,0
1005720,0
1005721,0
1005722,17
1005723,0
1005724,0
1005725,0
1005726,0
1005727,0
1005728,0
1005729,0
1005730,0
1005731,0
1005732,15
1005733,0
1005734,0
1005735,0
1005736,0
1005737,0
1005738,41
1005739,0
1005740,0
1005741,0
1005742,0
1005743,0
1005744,0
1005745,0
1005746,0
1005747,0
1005748,0
1005749,0
1005750,0
1005751,0
1005752,24
1005753,0
1005754,0
1005755,0
1005756,0
1005757,0
1005758,0
1005759,0
1005760,0
1005761,31
1005762,0
1005763,0
1005764,27
1005765,0
1005766,0
1005767,0
1005768,0
1005769,32
1005770,0
1005771,0
1005772,0
1005773,0
1005774,0
1005775,0
1005776,0
1005777,0
1005778,0
1005779,0
1005780,0
1005781,0
1005782,0
1005783,0
1005784,0
1005785,21
1005786,0
1005787,0
1005788,0
1005789,0
1005790,39
1005791,0
1005792,0
1005793,0
1005794,0
1005795,37
1005796,0
1005797,0
1005798,0
1005799,0
1005800,0
1005801,0
1005802,0
1005803,0
1005804,0
1005805,0
1005806,0
1005807,29
1005808,0
1005809,0
1005810,0
1005811,0
1005812,0
1005813,0
1005814,0
1005815,0
1005816,0
1005817,0
1005818,0
1005819,0
1005820,0
1005821,0
1005822,0
1005823,0
1005824,0
1005825,0
1005826,0
1005827,0
1005828,0
1005829,0
1005830,0
1005831,0
1005832,0
1005833,0
1005834,0
1005835,0
1005836,0
1005837,0
1005838,0
1005839,25
1005840,0
1005841,0
1005842,0
1005843,0
1005844,0
1005845,0
1005846,0
1005847,0
1005848,0
1005849,0
1005850,0
1005851,0
1005852,0
1005853,0
1005854,0
1005855,0
1005856,0
1005857,0
1005858,0
1005859,0
1005860,0
1005861,0
1005862,0
1005863,0
1005864,0
1005865,0
1005866,0
1005867,0
1005868,0
1005869,0
1005870,0
1005871,0
1005872,0
1005873,0
1005874,0
1005875,22
1005876,0
1005877,0
1005878,0
1005879,0
1005880,0
1005881,0
1005882,0
1005883,0
1005884,0
1005885,0
1005886,0
1005887,0
1005888,0
1005889,0
1005890,0
1005891,0
1005892,0
1005893,33
1005894,0
1005895,0
1005896,0
1005897,0
1005898,0
1005899,0
1005900,0
1005901,0
1005902,0
1005903,0
1005904,0
1005905,0
1005906,0
1005907,0
1005908,0
1005909,0
1005910,0
1005911,0
1005912,0
1005913,0
1005914,26
1005915,0
1005916,0
1005917,31
1005918,0
1005919,0
1005920,0
1005921,0
1005922,0
1005923,0
1005924,0
1005925,0
1005926,0
1005927,0
1005928,0
1005929,0
1005930,0
1005931,0
1005932,0
1005933,0
1005934,0
1005935,0
1005936,0
1005937,0
1005938,0
1005939,0
1005940,18
1005941,0
1005942,0
1005943,0
1005944,0
1005945,0
1005946,0
1005947,0
1005948,37
1005949,0
1005950,0
1005951,0
1005952,0
1005953,0
1005954,0
1005955,0
1005956,0
1005957,0
1005958,0
1005959,0
1005960,0
1005961,30
1005962,0
1005963,0
1005964,0
1005965,0
1005966,0
1005967,0
1005968,0
1005969,0
1005970,0
1005971,0
1005972,0
1005973,0
1005974,0
1005975,0
1005976,0
1005977,28
1005978,16
1005979,0
1005980,0
1005981,0
1005982,0
1005983,0
1005984,0
1005985,28
1005986,18
1005987,0
1005988,0
1005989,0
1005990,0
1005991,0
1005992,0
1005993,0
1005994,0
1005995,0
1005996,26
1005997,0
1005998,0
1005999,31
1006000,0
1006001,0
1006002,0
1006003,0
1006004,0
1006005,29
1006006,0
1006007,0
1006008,0
1006009,0
1006010,0
1006011,0
1006012,0
1006013,0
1006014,0
1006015,0
1006016,0
1006017,0
1006018,0
1006019,0
1006020,0
1006021,0
1006022,0
1006023,0
1006024,0
1006025,0
1006026,0
1006027,0
1006028,0
1006029,0
1006030,0
1006031,0
1006032,0
1006033,0
1006034,0
1006035,0
1006036,0
1006037,0
1006038,0
1006039,39
1006040,0
1006041,0
1006042,0
1006043,0
1006044,0
1006045,0
1006046,0
1006047,0
1006048,0
1006049,0
1006050,0
1006051,0
1006052,0
1006053,0
1006054,0
1006055,0
1006056,0
1006057,0
1006058,0
1006059,0
1006060,0
1006061,0
1006062,0
1006063,0
1006064,0
1006065,0
1006066,12
1006067,0
1006068,32
1006069,0
1006070,0
1006071,0
1006072,0
1006073,0
1006074,0
1006075,0
1006076,0
1006077,0
1006078,0
1006079,0
1006080,0
1006081,0
1006082,0
1006083,0
1006084,0
1006085,0
1006086,0
1006087,0
1006088,0
1006089,0
1006090,0
1006091,0
1006092,0
1006093,0
1006094,0
1006095,0
1006096,20
1006097,0
1006098,0
1006099,0
1006100,17
1006101,0
1006102,32
1006103,0
1006104,38
1006105,0
1006106,0
1006107,0
1006108,0
1006109,0
1006110,0
1006111,0
1006112,0
1006113,0
1006114,0
1006115,0
1006116,0
1006117,0
1006118,0
1006119,0
1006120,0
1006121,0
1006122,0
1006123,0
1006124,0
1006125,0
1006126,0
1006127,0
1006128,0
1006129,0
1006130,0
1006131,37
1006132,0
1006133,15
1006134,0
1006135,0
1006136,0
1006137,0
1006138,0
1006139,0
1006140,0
1006141,0
1006142,0
1006143,0
1006144,27
1006145,0
1006146,0
1006147,0
1006148,0
1006149,0
1006150,0
1006151,0
1006152,0
1006153,7
1006154,0
1006155,0
1006156,0
1006157,0
1006158,0
1006159,0
1006160,0
1006161,0
1006162,11
1006163,0
1006164,12
1006165,0
1006166,0
1006167,0
1006168,0
1006169,7
1006170,0
1006171,9
1006172,0
1006173,15
1006174,11
1006175,0
1006176,0
1006177,0
1006178,0
1006179,0
1006180,0
1006181,0
1006182,17
1006183,0
1006184,0
1006185,0
1006186,0
1006187,0
1006188,11
1006189,0
1006190,0
1006191,0
1006192,0
1006193,0
1006194,0
1006195,13
1006196,0
1006197,11
1006198,0
1006199,0
1006200,10
1006201,0
1006202,9
1006203,0
1006204,0
1006205,0
1006206,0
1006207,0
1006208,8
1006209,0
1006210,17
1006211,0
1006212,0
1006213,8
1006214,0
1006215,0
1006216,13
1006217,5
1006218,20
1006219,0
1006220,8
1006221,6
1006222,0
1006223,0
1006224,0
1006225,11
1006226,14
1006227,0
1006228,8
1006229,19
1006230,0
1006231,9
1006232,0
1006233,0
1006234,0
1006235,0
1006236,0
1006237,0
1006238,0
1006239,0
1006240,11
1006241,0
1006242,11
1006243,6
1006244,0
1006245,17
1006246,0
1006247,0
1006248,0
1006249,0
1006250,0
1006251,0
1006252,0
1006253,0
1006254,0
1006255,0
1006256,0
1006257,0
1006258,0
1006259,0
1006260,0
1006261,6
1006262,0
1006263,0
1006264,0
1006265,11
1006266,0
1006267,10
1006268,0
1006269,10
1006270,0
1006271,0
1006272,0
1006273,0
1006274,11
1006275,0
1006276,0
1006277,0
1006278,17
1006279,0
1006280,15
1006281,0
1006282,0
1006283,8
1006284,0
1006285,8
1006286,0
1006287,0
1006288,0
1006289,0
1006290,0
1006291,0
1006292,7
1006293,10
1006294,0
1006295,0
1006296,15
1006297,0
1006298,0
1006299,0
1006300,0
1006301,0
1006302,0
1006303,0
1006304,0
1006305,0
1006306,16
1006307,0
1006308,0
1006309,12
1006310,0
1006311,0
1006312,0
1006313,0
1006314,16
1006315,0
1006316,0
1006317,10
1006318,13
1006319,0
1006320,11
1006321,10
1006322,0
1006323,0
1006324,12
1006325,0
1006326,14
1006327,0
1006328,0
1006329,0
1006330,8
1006331,17
1006332,0
1006333,0
1006334,0
1006335,11
1006336,10
1006337,0
1006338,0
1006339,0
1006340,0
1006341,0
1006342,0
1006343,0
1006344,0
1006345,0
1006346,0
1006347,0
1006348,0
1006349,0
1006350,0
1006351,0
1006352,15
1006353,0
1006354,0
1006355,0
1006356,0
1006357,0
1006358,0
1006359,0
1006360,0
1006361,0
1006362,0
1006363,18
1006364,0
1006365,0
1006366,0
1006367,0
1006368,0
1006369,0
1006370,0
1006371,0
1006372,0
1006373,15
1006374,0
1006375,0
1006376,0
1006377,0
1006378,0
1006379,0
1006380,0
1006381,0
1006382,0
1006383,0
1006384,0
1006385,16
1006386,0
1006387,0
1006388,0
1006389,0
1006390,0
1006391,0
1006392,0
1006393,24
1006394,0
1006395,0
1006396,19
1006397,0
1006398,0
1006399,0
1006400,11
1006401,0
1006402,0
1006403,0
1006404,0
1006405,0
1006406,0
1006407,0
1006408,27
1006409,0
1006410,0
1006411,24
1006412,0
1006413,0
1006414,0
1006415,0
1006416,0
1006417,0
1006418,0
1006419,0
1006420,0
1006421,0
1006422,0
1006423,0
1006424,0
1006425,0
1006426,0
1006427,0
1006428,0
1006429,0
1006430,0
1006431,0
1006432,0
1006433,0
1006434,0
1006435,0
1006436,0
1006437,0
1006438,0
1006439,0
1006440,0
1006441,0
1006442,0
1006443,0
1006444,0
1006445,0
1006446,0
1006447,0
1006448,0
1006449,0
1006450,0
1006451,0
1006452,0
1006453,0
1006454,0
1006455,0
1006456,0
1006457,0
1006458,0
1006459,0
1006460,0
1006461,0
1006462,11
1006463,0
1006464,12
1006465,0
1006466,0
1006467,0
1006468,22
1006469,0
1006470,0
1006471,0
1006472,0
1006473,0
1006474,0
1006475,0
1006476,0
1006477,0
1006478,0
1006479,0
1006480,0
1006481,0
1006482,0
1006483,0
1006484,0
1006485,0
1006486,0
1006487,0
1006488,0
1006489,20
1006490,0
1006491,0
1006492,0
1006493,0
1006494,0
1006495,0
1006496,0
1006497,0
1006498,18
1006499,0
1006500,0
1006501,0
1006502,0
1006503,0
1006504,0
1006505,0
1006506,0
1006507,0
1006508,0
1006509,0
1006510,0
1006511,0
1006512,0
1006513,0
1006514,0
1006515,0
1006516,0
1006517,0
1006518,0
1006519,0
1006520,0
1006521,0
1006522,0
1006523,0
1006524,0
1006525,0
1006526,0
1006527,27
1006528,0
1006529,0
1006530,0
1006531,0
1006532,0
1006533,19
1006534,0
1006535,0
1006536,0
1006537,0
1006538,0
1006539,0
1006540,0
1006541,0
1006542,0
1006543,0
1006544,0
1006545,0
1006546,0
1006547,0
1006548,0
1006549,0
1006550,0
1006551,0
1006552,0
1006553,0
1006554,0
1006555,0
1006556,0
1006557,0
1006558,0
1006559,0
1006560,0
1006561,0
1006562,0
1006563,0
1006564,13
1006565,26
1006566,0
1006567,0
1006568,0
1006569,0
1006570,0
1006571,0
1006572,0
1006573,0
1006574,0
1006575,0
1006576,0
1006577,0
1006578,0
1006579,0
1006580,0
1006581,0
1006582,0
1006583,0
1006584,0
1006585,14
1006586,0
1006587,0
1006588,0
1006589,0
1006590,0
1006591,0
1006592,0
1006593,0
1006594,23
1006595,19
1006596,0
1006597,0
1006598,0
1006599,0
1006600,0
1006601,0
1006602,0
1006603,23
1006604,0
1006605,0
1006606,26
1006607,0
1006608,0
1006609,0
1006610,0
1006611,41
1006612,0
1006613,0
1006614,0
1006615,0
1006616,0
1006617,0
1006618,0
1006619,0
1006620,0
1006621,0
1006622,0
1006623,0
1006624,0
1006625,0
1006626,0
1006627,0
1006628,0
1006629,0
1006630,0
1006631,0
1006632,0
1006633,0
1006634,0
1006635,0
1006636,0
1006637,0
1006638,0
1006639,0
1006640,16
1006641,0
1006642,0
1006643,0
1006644,15
1006645,0
1006646,0
1006647,0
1006648,0
1006649,10
1006650,0
1006651,0
1006652,0
1006653,0
1006654,0
1006655,0
1006656,0
1006657,0
1006658,0
1006659,0
1006660,0
1006661,0
1006662,0
1006663,0
1006664,0
1006665,0
1006666,0
1006667,25
1006668,0
1006669,0
1006670,0
1006671,0
1006672,0
1006673,0
1006674,17
1006675,12
1006676,0
1006677,0
1006678,0
1006679,0
1006680,15
1006681,0
1006682,0
1006683,0
1006684,0
1006685,0
1006686,0
1006687,0
1006688,0
1006689,0
1006690,0
1006691,0
1006692,0
1006693,17
1006694,0
1006695,15
1006696,0
1006697,0
1006698,0
1006699,0
1006700,0
1006701,0
1006702,0
1006703,0
1006704,0
1006705,0
1006706,0
1006707,15
1006708,0
1006709,20
1006710,0
1006711,0
1006712,0
1006713,27
1006714,0
1006715,0
1006716,0
1006717,0
1006718,0
1006719,0
1006720,0
1006721,0
1006722,0
1006723,0
1006724,0
1006725,0
1006726,0
1006727,0
1006728,0
1006729,0
1006730,0
1006731,0
1006732,0
1006733,0
1006734,27
1006735,0
1006736,0
1006737,0
1006738,23
1006739,0
1006740,0
1006741,0
1006742,0
1006743,0
1006744,0
1006745,0
1006746,0
1006747,0
1006748,12
1006749,0
1006750,0
1006751,0
1006752,0
1006753,0
1006754,0
1006755,0
1006756,23
1006757,0
1006758,0
1006759,0
1006760,0
1006761,0
1006762,0
1006763,0
1006764,0
1006765,0
1006766,0
1006767,0
1006768,0
1006769,0
1006770,0
1006771,0
1006772,0
1006773,0
1006774,0
1006775,0
1006776,0
1006777,0
1006778,0
1006779,0
1006780,0
1006781,0
1006782,0
1006783,0
1006784,0
1006785,0
1006786,0
1006787,0
1006788,0
1006789,0
1006790,0
1006791,0
1006792,0
1006793,0
1006794,0
1006795,0
1006796,13
1006797,0
1006798,0
1006799,0
1006800,0
1006801,0
1006802,0
1006803,0
1006804,0
1006805,0
1006806,0
1006807,0
1006808,0
1006809,0
1006810,0
1006811,0
1006812,0
1006813,0
1006814,0
1006815,0
1006816,0
1006817,0
1006818,0
1006819,0
1006820,0
1006821,0
1006822,24
1006823,0
1006824,0
1006825,0
1006826,15
1006827,0
1006828,0
1006829,0
1006830,0
1006831,0
1006832,0
1006833,0
1006834,0
1006835,0
1006836,0
1006837,0
1006838,0
1006839,0
1006840,0
1006841,0
1006842,0
1006843,19
1006844,0
1006845,0
1006846,19
1006847,0
1006848,0
1006849,0
1006850,11
1006851,0
1006852,0
1006853,0
1006854,13
1006855,0
1006856,0
1006857,0
1006858,0
1006859,0
1006860,0
1006861,0
1006862,0
1006863,0
1006864,0
1006865,0
1006866,0
1006867,29
1006868,0
1006869,26
1006870,0
1006871,0
1006872,22
1006873,0
1006874,0
1006875,25
1006876,0
1006877,0
1006878,0
1006879,0
1006880,0
1006881,0
1006882,0
1006883,0
1006884,0
1006885,0
1006886,22
1006887,0
1006888,0
1006889,0
1006890,0
1006891,0
1006892,0
1006893,0
1006894,0
1006895,0
1006896,0
1006897,19
1006898,0
1006899,0
1006900,0
1006901,0
1006902,0
1006903,0
1006904,0
1006905,0
1006906,22
1006907,11
1006908,0
1006909,0
1006910,0
1006911,0
1006912,0
1006913,0
1006914,0
1006915,0
1006916,0
1006917,0
1006918,0
1006919,0
1006920,0
1006921,0
1006922,0
1006923,0
1006924,0
1006925,0
1006926,0
1006927,0
1006928,0
1006929,15
1006930,0
1006931,0
1006932,0
1006933,0
1006934,0
1006935,0
1006936,0
1006937,0
1006938,26
1006939,17
1006940,12
1006941,0
1006942,0
1006943,0
1006944,0
1006945,0
1006946,0
1006947,0
1006948,0
1006949,0
1006950,0
1006951,0
1006952,0
1006953,0
1006954,0
1006955,0
1006956,0
1006957,0
1006958,0
1006959,0
1006960,0
1006961,0
1006962,0
1006963,0
1006964,0
1006965,15
1006966,0
1006967,0
1006968,22
1006969,0
1006970,0
1006971,0
1006972,0
1006973,0
1006974,0
1006975,17
1006976,0
1006977,0
1006978,0
1006979,0
1006980,0
1006981,0
1006982,0
1006983,0
1006984,0
1006985,0
1006986,0
1006987,0
1006988,0
1006989,0
1006990,0
1006991,0
1006992,0
1006993,0
1006994,0
1006995,0
1006996,0
1006997,0
1006998,0
1006999,0
1007000,0
1007001,0
1007002,0
1007003,0
1007004,0
1007005,0
1007006,0
1007007,0
1007008,0
1007009,0
1007010,0
1007011,0
1007012,0
1007013,0
1007014,0
1007015,0
1007016,0
1007017,0
1007018,0
1007019,0
1007020,0
1007021,0
1007022,0
1007023,0
1007024,0
1007025,0
1007026,0
1007027,0
1007028,0
1007029,0
1007030,0
1007031,0
1007032,0
1007033,0
1007034,0
1007035,0
1007036,0
1007037,0
1007038,0
1007039,0
1007040,28
1007041,0
1007042,0
1007043,12
1007044,0
1007045,0
1007046,0
1007047,0
1007048,0
1007049,20
1007050,0
1007051,41
1007052,0
1007053,7
1007054,0
1007055,0
1007056,0
1007057,0
1007058,0
1007059,0
1007060,24
1007061,0
1007062,0
1007063,0
1007064,0
1007065,0
1007066,0
1007067,0
1007068,0
1007069,0
1007070,0
1007071,0
1007072,0
1007073,0
1007074,0
1007075,0
1007076,0
1007077,0
1007078,0
1007079,0
1007080,0
1007081,0
1007082,0
1007083,0
1007084,0
1007085,0
1007086,0
1007087,0
1007088,16
1007089,0
1007090,0
1007091,18
1007092,0
1007093,0
1007094,0
1007095,0
1007096,0
1007097,0
1007098,0
1007099,0
1007100,0
1007101,0
1007102,0
1007103,0
1007104,0
1007105,0
1007106,0
1007107,0
1007108,0
1007109,0
1007110,0
1007111,0
1007112,0
1007113,0
1007114,0
1007115,0
1007116,0
1007117,0
1007118,0
1007119,0
1007120,0
1007121,0
1007122,0
1007123,0
1007124,0
1007125,0
1007126,16
1007127,0
1007128,0
1007129,0
1007130,0
1007131,0
1007132,0
1007133,0
1007134,0
1007135,0
1007136,25
1007137,0
1007138,0
1007139,0
1007140,0
1007141,18
1007142,0
1007143,0
1007144,0
1007145,0
1007146,0
1007147,0
1007148,0
1007149,0
1007150,0
1007151,0
1007152,0
1007153,0
1007154,0
1007155,0
1007156,0
1007157,0
1007158,0
1007159,0
1007160,0
1007161,0
1007162,0
1007163,0
1007164,0
1007165,0
1007166,0
1007167,0
1007168,0
1007169,18
1007170,0
1007171,0
1007172,0
1007173,0
1007174,0
1007175,0
1007176,0
1007177,0
1007178,0
1007179,0
1007180,0
1007181,0
1007182,15
1007183,0
1007184,0
1007185,29
1007186,0
1007187,22
1007188,0
1007189,0
1007190,0
1007191,0
1007192,0
1007193,27
1007194,0
1007195,0
1007196,32
1007197,0
1007198,24
1007199,0
1007200,0
1007201,0
1007202,0
1007203,0
1007204,0
1007205,0
1007206,0
1007207,0
1007208,0
1007209,0
1007210,0
1007211,0
1007212,0
1007213,0
1007214,0
1007215,25
1007216,0
1007217,0
1007218,0
1007219,0
1007220,0
1007221,0
1007222,0
1007223,0
1007224,0
1007225,0
1007226,0
1007227,22
1007228,0
1007229,0
1007230,0
1007231,0
1007232,0
1007233,0
1007234,0
1007235,0
1007236,0
1007237,0
1007238,0
1007239,0
1007240,0
1007241,0
1007242,24
1007243,0
1007244,0
1007245,0
1007246,0
1007247,0
1007248,0
1007249,0
1007250,0
1007251,0
1007252,0
1007253,0
1007254,0
1007255,0
1007256,0
1007257,0
1007258,0
1007259,16
1007260,0
1007261,0
1007262,0
1007263,0
1007264,23
1007265,0
1007266,0
1007267,0
1007268,0
1007269,0
1007270,0
1007271,0
1007272,0
1007273,0
1007274,0
1007275,20
1007276,0
1007277,0
1007278,0
1007279,0
1007280,0
1007281,0
1007282,0
1007283,0
1007284,0
1007285,0
1007286,0
1007287,0
1007288,0
1007289,0
1007290,15
1007291,0
1007292,0
1007293,0
1007294,28
1007295,0
1007296,0
1007297,0
1007298,0
1007299,0
1007300,0
1007301,0
1007302,0
1007303,0
1007304,0
1007305,0
1007306,0
1007307,0
1007308,0
1007309,0
1007310,0
1007311,0
1007312,0
1007313,0
1007314,0
1007315,4
1007316,1
1007317,0
1007318,0
1007319,0
1007320,0
1007321,0
1007322,0
1007323,0
1007324,0
1007325,0
1007326,0
1007327,0
1007328,0
1007329,0
1007330,0
1007331,1
1007332,4
1007333,0
1007334,7
1007335,0
1007336,1
1007337,0
1007338,0
1007339,8
1007340,0
1007341,0
1007342,5
1007343,0
1007344,4
1007345,0
1007346,0
1007347,0
1007348,0
1007349,0
1007350,0
1007351,0
1007352,0
1007353,0
1007354,0
1007355,0
1007356,0
1007357,0
1007358,7
1007359,2
1007360,0
1007361,0
1007362,3
1007363,0
1007364,0
1007365,0
1007366,0
1007367,0
1007368,0
1007369,0
1007370,0
1007371,0
1007372,0
1007373,0
1007374,0
1007375,0
1007376,0
1007377,0
1007378,0
1007379,5
1007380,0
1007381,0
1007382,0
1007383,0
1007384,0
1007385,0
1007386,0
1007387,0
1007388,0
1007389,0
1007390,0
1007391,0
1007392,0
1007393,0
1007394,0
1007395,0
1007396,0
1007397,0
1007398,0
1007399,0
1007400,0
1007401,0
1007402,0
1007403,22
1007404,0
1007405,10
1007406,17
1007407,0
1007408,9
1007409,0
1007410,0
1007411,0
1007412,0
1007413,0
1007414,0
1007415,0
1007416,0
1007417,0
1007418,0
1007419,0
1007420,0
1007421,0
1007422,18
1007423,0
1007424,0
1007425,0
1007426,0
1007427,0
1007428,0
1007429,0
1007430,20
1007431,0
1007432,0
1007433,0
1007434,0
1007435,0
1007436,0
1007437,0
1007438,0
1007439,0
1007440,0
1007441,0
1007442,0
1007443,0
1007444,0
1007445,0
1007446,0
1007447,0
1007448,0
1007449,0
1007450,0
1007451,0
1007452,0
1007453,0
1007454,0
1007455,0
1007456,0
1007457,0
1007458,0
1007459,0
1007460,0
1007461,0
1007462,0
1007463,0
1007464,0
1007465,0
1007466,0
1007467,0
1007468,0
1007469,0
1007470,0
1007471,0
1007472,0
1007473,0
1007474,12
1007475,14
1007476,22
1007477,0
1007478,0
1007479,24
1007480,0
1007481,0
1007482,28
1007483,0
1007484,25
1007485,0
1007486,25
1007487,0
1007488,0
1007489,0
1007490,17
1007491,0
1007492,0
1007493,0
1007494,0
1007495,0
1007496,0
1007497,0
1007498,0
1007499,0
1007500,0
1007501,22
1007502,0
1007503,0
1007504,0
1007505,0
1007506,0
1007507,0
1007508,0
1007509,0
1007510,0
1007511,0
1007512,0
1007513,0
1007514,0
1007515,0
1007516,0
1007517,0
1007518,0
1007519,0
1007520,0
1007521,0
1007522,0
1007523,0
1007524,0
1007525,0
1007526,0
1007527,0
1007528,0
1007529,0
1007530,0
1007531,0
1007532,0
1007533,0
1007534,0
1007535,0
1007536,0
1007537,0
1007538,0
1007539,0
1007540,0
1007541,0
1007542,0
1007543,0
1007544,6
1007545,0
1007546,0
1007547,0
1007548,0
1007549,0
1007550,0
1007551,0
1007552,17
1007553,0
1007554,0
1007555,0
1007556,24
1007557,0
1007558,20
1007559,19
1007560,0
1007561,0
1007562,17
1007563,0
1007564,0
1007565,0
1007566,0
1007567,19
1007568,0
1007569,0
1007570,0
1007571,0
1007572,0
1007573,0
1007574,0
1007575,19
1007576,0
1007577,0
1007578,0
1007579,0
1007580,0
1007581,0
1007582,0
1007583,0
1007584,0
1007585,0
1007586,0
1007587,0
1007588,23
1007589,0
1007590,0
1007591,0
1007592,0
1007593,0
1007594,0
1007595,0
1007596,0
1007597,0
1007598,0
1007599,0
1007600,0
1007601,0
1007602,0
1007603,0
1007604,0
1007605,0
1007606,0
1007607,13
1007608,0
1007609,22
1007610,0
1007611,0
1007612,0
1007613,0
1007614,0
1007615,0
1007616,24
1007617,19
1007618,0
1007619,0
1007620,0
1007621,0
1007622,0
1007623,0
1007624,0
1007625,0
1007626,0
1007627,0
1007628,0
1007629,0
1007630,0
1007631,0
1007632,0
1007633,0
1007634,0
1007635,0
1007636,0
1007637,0
1007638,0
1007639,0
1007640,0
1007641,0
1007642,26
1007643,12
1007644,0
1007645,0
1007646,0
1007647,0
1007648,0
1007649,0
1007650,17
1007651,0
1007652,0
1007653,0
1007654,0
1007655,0
1007656,0
1007657,0
1007658,0
1007659,0
1007660,0
1007661,32
1007662,0
1007663,0
1007664,0
1007665,0
1007666,0
1007667,0
1007668,0
1007669,0
1007670,0
1007671,0
1007672,0
1007673,0
1007674,0
1007675,0
1007676,0
1007677,13
1007678,0
1007679,0
1007680,0
1007681,0
1007682,0
1007683,0
1007684,0
1007685,0
1007686,0
1007687,0
1007688,0
1007689,0
1007690,0
1007691,0
1007692,0
1007693,0
1007694,0
1007695,10
1007696,0
1007697,0
1007698,0
1007699,0
1007700,25
1007701,0
1007702,0
1007703,0
1007704,0
1007705,0
1007706,0
1007707,0
1007708,0
1007709,0
1007710,0
1007711,0
1007712,0
1007713,0
1007714,0
1007715,0
1007716,0
1007717,0
1007718,19
1007719,0
1007720,0
1007721,0
1007722,0
1007723,0
1007724,0
1007725,0
1007726,0
1007727,0
1007728,0
1007729,0
1007730,0
1007731,0
1007732,0
1007733,0
1007734,0
1007735,0
1007736,0
1007737,0
1007738,0
1007739,0
1007740,0
1007741,0
1007742,0
1007743,0
1007744,0
1007745,0
1007746,0
1007747,0
1007748,0
1007749,0
1007750,0
1007751,0
1007752,0
1007753,27
1007754,0
1007755,0
1007756,0
1007757,12
1007758,18
1007759,0
1007760,0
1007761,21
1007762,0
1007763,0
1007764,0
1007765,0
1007766,0
1007767,0
1007768,0
1007769,0
1007770,0
1007771,0
1007772,20
1007773,0
1007774,0
1007775,0
1007776,0
1007777,0
1007778,0
1007779,0
1007780,0
1007781,0
1007782,0
1007783,0
1007784,0
1007785,0
1007786,0
1007787,0
1007788,0
1007789,0
1007790,0
1007791,0
1007792,0
1007793,0
1007794,0
1007795,0
1007796,0
1007797,0
1007798,0
1007799,0
1007800,0
1007801,0
1007802,0
1007803,0
1007804,0
1007805,0
1007806,0
1007807,0
1007808,0
1007809,0
1007810,0
1007811,0
1007812,0
1007813,0
1007814,0
1007815,0
1007816,0
1007817,0
1007818,0
1007819,0
1007820,0
1007821,0
1007822,0
1007823,0
1007824,0
1007825,0
1007826,0
1007827,0
1007828,16
1007829,0
1007830,0
1007831,0
1007832,0
1007833,0
1007834,0
1007835,0
1007836,0
1007837,0
1007838,29
1007839,0
1007840,0
1007841,0
1007842,0
1007843,0
1007844,0
1007845,0
1007846,0
1007847,0
1007848,16
1007849,23
1007850,0
1007851,0
1007852,0
1007853,0
1007854,0
1007855,0
1007856,14
1007857,0
1007858,0
1007859,0
1007860,0
1007861,0
1007862,0
1007863,13
1007864,0
1007865,0
1007866,0
1007867,0
1007868,18
1007869,0
1007870,0
1007871,0
1007872,0
1007873,0
1007874,19
1007875,0
1007876,0
1007877,0
1007878,0
1007879,0
1007880,0
1007881,0
1007882,0
1007883,0
1007884,0
1007885,0
1007886,0
1007887,0
1007888,26
1007889,0
1007890,0
1007891,0
1007892,0
1007893,0
1007894,0
1007895,0
1007896,0
1007897,0
1007898,0
1007899,0
1007900,0
1007901,0
1007902,0
1007903,0
1007904,0
1007905,0
1007906,0
1007907,17
1007908,15
1007909,0
1007910,0
1007911,0
1007912,0
1007913,0
1007914,0
1007915,0
1007916,0
1007917,0
1007918,0
1007919,0
1007920,0
1007921,0
1007922,0
1007923,0
1007924,0
1007925,0
1007926,0
1007927,0
1007928,0
1007929,0
1007930,0
1007931,0
1007932,0
1007933,0
1007934,0
1007935,0
1007936,0
1007937,0
1007938,21
1007939,0
1007940,0
1007941,0
1007942,0
1007943,0
1007944,0
1007945,0
1007946,0
1007947,0
1007948,21
1007949,0
1007950,0
1007951,0
1007952,0
1007953,0
1007954,0
1007955,0
1007956,0
1007957,0
1007958,0
1007959,0
1007960,0
1007961,0
1007962,0
1007963,0
1007964,0
1007965,0
1007966,0
1007967,0
1007968,0
1007969,0
1007970,0
1007971,0
1007972,21
1007973,0
1007974,20
1007975,0
1007976,0
1007977,0
1007978,0
1007979,0
1007980,0
1007981,0
1007982,0
1007983,0
1007984,0
1007985,0
1007986,0
1007987,0
1007988,0
1007989,0
1007990,0
1007991,0
1007992,20
1007993,0
1007994,17
1007995,0
1007996,0
1007997,0
1007998,0
1007999,0
1008000,0
1008001,0
1008002,0
1008003,0
1008004,0
1008005,0
1008006,0
1008007,18
1008008,0
1008009,0
1008010,0
1008011,0
1008012,0
1008013,0
1008014,0
1008015,0
1008016,0
1008017,16
1008018,0
1008019,0
1008020,0
1008021,0
1008022,14
1008023,0
1008024,0
1008025,0
1008026,0
1008027,0
1008028,0
1008029,22
1008030,0
1008031,0
1008032,0
1008033,0
1008034,0
1008035,0
1008036,0
1008037,0
1008038,0
1008039,20
1008040,0
1008041,0
1008042,0
1008043,0
1008044,0
1008045,0
1008046,0
1008047,0
1008048,0
1008049,0
1008050,0
1008051,0
1008052,18
1008053,0
1008054,0
1008055,0
1008056,0
1008057,0
1008058,0
1008059,0
1008060,0
1008061,0
1008062,19
1008063,0
1008064,0
1008065,13
1008066,0
1008067,0
1008068,0
1008069,0
1008070,0
1008071,0
1008072,0
1008073,18
1008074,0
1008075,0
1008076,26
1008077,14
1008078,0
1008079,0
1008080,12
1008081,0
1008082,0
1008083,0
1008084,0
1008085,0
1008086,0
1008087,24
1008088,0
1008089,0
1008090,0
1008091,0
1008092,0
1008093,0
1008094,0
1008095,0
1008096,0
1008097,0
1008098,0
1008099,0
1008100,0
1008101,0
1008102,0
1008103,0
1008104,0
1008105,0
1008106,21
1008107,0
1008108,0
1008109,0
1008110,16
1008111,0
1008112,0
1008113,0
1008114,0
1008115,0
1008116,0
1008117,0
1008118,0
1008119,0
1008120,0
1008121,0
1008122,0
1008123,0
1008124,0
1008125,0
1008126,0
1008127,0
1008128,0
1008129,0
1008130,0
1008131,0
1008132,0
1008133,0
1008134,0
1008135,0
1008136,0
1008137,0
1008138,0
1008139,28
1008140,0
1008141,0
1008142,0
1008143,0
1008144,0
1008145,0
1008146,13
1008147,0
1008148,0
1008149,0
1008150,0
1008151,0
1008152,15
1008153,0
1008154,0
1008155,0
1008156,0
1008157,0
1008158,0
1008159,0
1008160,22
1008161,0
1008162,0
1008163,0
1008164,0
1008165,0
1008166,0
1008167,23
1008168,0
1008169,0
1008170,0
1008171,0
1008172,0
1008173,0
1008174,0
1008175,0
1008176,0
1008177,0
1008178,0
1008179,38
1008180,42
1008181,0
1008182,0
1008183,0
1008184,0
1008185,0
1008186,0
1008187,0
1008188,0
1008189,0
1008190,0
1008191,0
1008192,0
1008193,0
1008194,42
1008195,0
1008196,41
1008197,0
1008198,0
1008199,0
1008200,0
1008201,0
1008202,0
1008203,0
1008204,44
1008205,0
1008206,26
1008207,0
1008208,0
1008209,0
1008210,0
1008211,37
1008212,0
1008213,0
1008214,0
1008215,0
1008216,0
1008217,50
1008218,0
1008219,47
1008220,0
1008221,0
1008222,35
1008223,0
1008224,0
1008225,33
1008226,0
1008227,44
1008228,0
1008229,0
1008230,38
1008231,34
1008232,0
1008233,0
1008234,0
1008235,0
1008236,0
1008237,0
1008238,0
1008239,29
1008240,41
1008241,48
1008242,0
1008243,0
1008244,0
1008245,59
1008246,0
1008247,0
1008248,0
1008249,45
1008250,0
1008251,0
1008252,0
1008253,0
1008254,0
1008255,0
1008256,0
1008257,0
1008258,34
1008259,0
1008260,0
1008261,0
1008262,0
1008263,38
1008264,0
1008265,0
1008266,0
1008267,0
1008268,0
1008269,0
1008270,0
1008271,0
1008272,47
1008273,0
1008274,0
1008275,0
1008276,0
1008277,0
1008278,0
1008279,0
1008280,0
1008281,0
1008282,0
1008283,0
1008284,37
1008285,45
1008286,0
1008287,0
1008288,43
1008289,0
1008290,0
1008291,0
1008292,0
1008293,0
1008294,0
1008295,22
1008296,0
1008297,0
1008298,0
1008299,0
1008300,0
1008301,35
1008302,0
1008303,0
1008304,33
1008305,0
1008306,0
1008307,0
1008308,36
1008309,0
1008310,0
1008311,37
1008312,0
1008313,0
1008314,0
1008315,0
1008316,0
1008317,0
1008318,0
1008319,45
1008320,0
1008321,33
1008322,0
1008323,24
1008324,0
1008325,0
1008326,0
1008327,0
1008328,43
1008329,0
1008330,0
1008331,0
1008332,0
1008333,0
1008334,0
1008335,0
1008336,27
1008337,40
1008338,38
1008339,0
1008340,0
1008341,31
1008342,0
1008343,0
1008344,0
1008345,0
1008346,0
1008347,0
1008348,0
1008349,40
1008350,0
1008351,0
1008352,0
1008353,0
1008354,0
1008355,0
1008356,34
1008357,43
1008358,0
1008359,0
1008360,0
1008361,37
1008362,0
1008363,0
1008364,42
1008365,0
1008366,0
1008367,0
1008368,0
1008369,0
1008370,0
1008371,0
1008372,0
1008373,42
1008374,28
1008375,0
1008376,0
1008377,31
1008378,0
1008379,0
1008380,33
1008381,0
1008382,46
1008383,0
1008384,0
1008385,0
1008386,0
1008387,0
1008388,50
1008389,0
1008390,0
1008391,0
1008392,0
1008393,0
1008394,0
1008395,0
1008396,0
1008397,35
1008398,0
1008399,0
1008400,0
1008401,0
1008402,44
1008403,0
1008404,0
1008405,0
1008406,0
1008407,34
1008408,0
1008409,0
1008410,0
1008411,0
1008412,0
1008413,0
1008414,0
1008415,0
1008416,0
1008417,32
1008418,0
1008419,0
1008420,0
1008421,0
1008422,0
1008423,0
1008424,0
1008425,0
1008426,30
1008427,0
1008428,0
1008429,0
1008430,0
1008431,0
1008432,0
1008433,0
1008434,0
1008435,0
1008436,0
1008437,0
1008438,0
1008439,0
1008440,0
1008441,0
1008442,0
1008443,0
1008444,0
1008445,46
1008446,0
1008447,0
1008448,0
1008449,41
1008450,36
1008451,0
1008452,0
1008453,33
1008454,0
1008455,0
1008456,0
1008457,0
1008458,0
1008459,0
1008460,0
1008461,0
1008462,0
1008463,0
1008464,0
1008465,0
1008466,0
1008467,40
1008468,0
1008469,0
1008470,0
1008471,34
1008472,0
1008473,0
1008474,0
1008475,33
1008476,0
1008477,0
1008478,32
1008479,25
1008480,0
1008481,0
1008482,32
1008483,0
1008484,0
1008485,0
1008486,28
1008487,0
1008488,48
1008489,0
1008490,0
1008491,0
1008492,0
1008493,0
1008494,0
1008495,0
1008496,0
1008497,0
1008498,28
1008499,29
1008500,0
1008501,0
1008502,0
1008503,0
1008504,0
1008505,0
1008506,0
1008507,0
1008508,0
1008509,39
1008510,0
1008511,0
1008512,0
1008513,0
1008514,55
1008515,39
1008516,0
1008517,0
1008518,0
1008519,0
1008520,43
1008521,0
1008522,0
1008523,0
1008524,0
1008525,0
1008526,0
1008527,0
1008528,0
1008529,0
1008530,0
1008531,0
1008532,28
1008533,0
1008534,0
1008535,0
1008536,29
1008537,0
1008538,40
1008539,0
1008540,0
1008541,45
1008542,0
1008543,0
1008544,39
1008545,49
1008546,0
1008547,28
1008548,0
1008549,0
1008550,0
1008551,0
1008552,0
1008553,0
1008554,0
1008555,51
1008556,37
1008557,36
1008558,0
1008559,0
1008560,0
1008561,0
1008562,0
1008563,0
1008564,0
1008565,0
1008566,0
1008567,35
1008568,36
1008569,51
1008570,0
1008571,0
1008572,0
1008573,0
1008574,0
1008575,0
1008576,0
1008577,0
1008578,0
1008579,0
1008580,0
1008581,0
1008582,0
1008583,0
1008584,0
1008585,45
1008586,0
1008587,0
1008588,31
1008589,0
1008590,0
1008591,0
1008592,0
1008593,0
1008594,32
1008595,0
1008596,0
1008597,0
1008598,31
1008599,0
1008600,0
1008601,24
1008602,0
1008603,0
1008604,20
1008605,0
1008606,0
1008607,35
1008608,0
1008609,0
1008610,0
1008611,0
1008612,0
1008613,36
1008614,0
1008615,0
1008616,0
1008617,38
1008618,0
1008619,0
1008620,0
1008621,42
1008622,0
1008623,0
1008624,0
1008625,25
1008626,0
1008627,0
1008628,0
1008629,0
1008630,0
1008631,0
1008632,0
1008633,0
1008634,0
1008635,37
1008636,0
1008637,0
1008638,0
1008639,0
1008640,42
1008641,0
1008642,52
1008643,0
1008644,0
1008645,0
1008646,0
1008647,0
1008648,0
1008649,0
1008650,0
1008651,0
1008652,0
1008653,0
1008654,41
1008655,0
1008656,0
1008657,0
1008658,0
1008659,0
1008660,0
1008661,0
1008662,0
1008663,0
1008664,0
1008665,0
1008666,0
1008667,42
1008668,0
1008669,0
1008670,0
1008671,0
1008672,0
1008673,0
1008674,0
1008675,0
1008676,0
1008677,0
1008678,0
1008679,0
1008680,0
1008681,0
1008682,0
1008683,34
1008684,0
1008685,27
1008686,0
1008687,0
1008688,0
1008689,0
1008690,50
1008691,44
1008692,0
1008693,48
1008694,43
1008695,37
1008696,0
1008697,0
1008698,0
1008699,0
1008700,0
1008701,0
1008702,0
1008703,0
1008704,0
1008705,0
1008706,0
1008707,0
1008708,0
1008709,37
1008710,37
1008711,42
1008712,0
1008713,0
1008714,33
1008715,0
1008716,0
1008717,0
1008718,24
1008719,0
1008720,34
1008721,0
1008722,0
1008723,0
1008724,0
1008725,0
1008726,45
1008727,0
1008728,30
1008729,0
1008730,0
1008731,0
1008732,47
1008733,43
1008734,0
1008735,0
1008736,0
1008737,0
1008738,27
1008739,0
1008740,44
1008741,37
1008742,0
1008743,0
1008744,0
1008745,0
1008746,0
1008747,0
1008748,0
1008749,0
1008750,0
1008751,29
1008752,0
1008753,0
1008754,0
1008755,0
1008756,0
1008757,0
1008758,0
1008759,0
1008760,0
1008761,0
1008762,36
1008763,40
1008764,0
1008765,0
1008766,0
1008767,0
1008768,0
1008769,0
1008770,0
1008771,36
1008772,0
1008773,31
1008774,0
1008775,0
1008776,0
1008777,0
1008778,32
1008779,0
1008780,0
1008781,0
1008782,0
1008783,0
1008784,0
1008785,0
1008786,40
1008787,0
1008788,0
1008789,0
1008790,0
1008791,0
1008792,0
1008793,41
1008794,0
1008795,0
1008796,0
1008797,0
1008798,0
1008799,0
1008800,0
1008801,0
1008802,0
1008803,0
1008804,0
1008805,42
1008806,0
1008807,0
1008808,35
1008809,0
1008810,0
1008811,0
1008812,29
1008813,0
1008814,0
1008815,0
1008816,0
1008817,37
1008818,0
1008819,25
1008820,0
1008821,0
1008822,0
1008823,34
1008824,0
1008825,0
1008826,0
1008827,43
1008828,0
1008829,35
1008830,0
1008831,0
1008832,0
1008833,0
1008834,23
1008835,0
1008836,0
1008837,0
1008838,0
1008839,0
1008840,23
1008841,42
1008842,0
1008843,32
1008844,0
1008845,0
1008846,0
1008847,0
1008848,35
1008849,45
1008850,0
1008851,0
1008852,0
1008853,0
1008854,41
1008855,0
1008856,0
1008857,0
1008858,0
1008859,0
1008860,29
1008861,0
1008862,0
1008863,0
1008864,0
1008865,28
1008866,0
1008867,0
1008868,0
1008869,0
1008870,0
1008871,0
1008872,0
1008873,0
1008874,25
1008875,0
1008876,0
1008877,0
1008878,0
1008879,42
1008880,41
1008881,0
1008882,0
1008883,0
1008884,0
1008885,0
1008886,0
1008887,0
1008888,0
1008889,0
1008890,0
1008891,0
1008892,0
1008893,21
1008894,35
1008895,43
1008896,0
1008897,0
1008898,0
1008899,0
1008900,0
1008901,0
1008902,0
1008903,0
1008904,0
1008905,0
1008906,0
1008907,39
1008908,0
1008909,0
1008910,0
1008911,0
1008912,0
1008913,37
1008914,0
1008915,38
1008916,0
1008917,0
1008918,0
1008919,0
1008920,43
1008921,0
1008922,0
1008923,0
1008924,45
1008925,52
1008926,0
1008927,0
1008928,0
1008929,0
1008930,0
1008931,0
1008932,28
1008933,0
1008934,26
1008935,34
1008936,33
1008937,0
1008938,0
1008939,0
1008940,0
1008941,0
1008942,0
1008943,0
1008944,26
1008945,0
1008946,0
1008947,22
1008948,0
1008949,23
1008950,0
1008951,0
1008952,0
1008953,0
1008954,0
1008955,0
1008956,0
1008957,0
1008958,0
1008959,0
1008960,0
1008961,0
1008962,0
1008963,0
1008964,0
1008965,0
1008966,28
1008967,40
1008968,27
1008969,0
1008970,0
1008971,0
1008972,0
1008973,0
1008974,50
1008975,0
1008976,0
1008977,0
1008978,40
1008979,0
1008980,0
1008981,0
1008982,0
1008983,0
1008984,0
1008985,0
1008986,0
1008987,0
1008988,0
1008989,0
1008990,0
1008991,0
1008992,0
1008993,0
1008994,44
1008995,0
1008996,0
1008997,0
1008998,20
1008999,0
1009000,0
1009001,0
1009002,0
1009003,0
1009004,37
1009005,0
1009006,0
1009007,0
1009008,43
1009009,0
1009010,0
1009011,0
1009012,0
1009013,17
1009014,0
1009015,0
1009016,0
1009017,0
1009018,0
1009019,0
1009020,27
1009021,45
1009022,0
1009023,23
1009024,23
1009025,0
1009026,0
1009027,0
1009028,21
1009029,0
1009030,15
1009031,0
1009032,0
1009033,0
1009034,0
1009035,0
1009036,0
1009037,29
1009038,12
1009039,26
1009040,0
1009041,0
1009042,0
1009043,0
1009044,0
1009045,0
1009046,36
1009047,0
1009048,30
1009049,0
1009050,0
1009051,15
1009052,0
1009053,0
1009054,0
1009055,0
1009056,0
1009057,21
1009058,0
1009059,0
1009060,24
1009061,0
1009062,0
1009063,18
1009064,0
1009065,0
1009066,0
1009067,0
1009068,0
1009069,0
1009070,0
1009071,26
1009072,0
1009073,21
1009074,21
1009075,0
1009076,33
1009077,20
1009078,0
1009079,0
1009080,0
1009081,0
1009082,0
1009083,18
1009084,0
1009085,0
1009086,0
1009087,0
1009088,0
1009089,0
1009090,25
1009091,0
1009092,0
1009093,0
1009094,0
1009095,22
1009096,0
1009097,0
1009098,0
1009099,0
1009100,0
1009101,0
1009102,0
1009103,31
1009104,0
1009105,0
1009106,0
1009107,29
1009108,0
1009109,0
1009110,24
1009111,0
1009112,0
1009113,0
1009114,0
1009115,0
1009116,37
1009117,0
1009118,0
1009119,0
1009120,21
1009121,0
1009122,0
1009123,24
1009124,29
1009125,0
1009126,0
1009127,25
1009128,0
1009129,23
1009130,0
1009131,0
1009132,0
1009133,0
1009134,0
1009135,0
1009136,0
1009137,12
1009138,0
1009139,0
1009140,0
1009141,32
1009142,0
1009143,0
1009144,17
1009145,0
1009146,0
1009147,19
1009148,0
1009149,0
1009150,0
1009151,0
1009152,28
1009153,26
1009154,22
1009155,23
1009156,28
1009157,23
1009158,0
1009159,0
1009160,0
1009161,40
1009162,0
1009163,24
1009164,24
1009165,0
1009166,26
1009167,34
1009168,0
1009169,21
1009170,21
1009171,26
1009172,0
1009173,0
1009174,0
1009175,0
1009176,26
1009177,0
1009178,0
1009179,0
1009180,0
1009181,18
1009182,0
1009183,0
1009184,0
1009185,0
1009186,0
1009187,0
1009188,0
1009189,0
1009190,0
1009191,0
1009192,39
1009193,0
1009194,0
1009195,0
1009196,0
1009197,0
1009198,0
1009199,0
1009200,26
1009201,0
1009202,0
1009203,0
1009204,0
1009205,0
1009206,0
1009207,0
1009208,31
1009209,29
1009210,28
1009211,0
1009212,0
1009213,25
1009214,0
1009215,0
1009216,32
1009217,0
1009218,0
1009219,0
1009220,0
1009221,0
1009222,0
1009223,0
1009224,30
1009225,0
1009226,0
1009227,0
1009228,0
1009229,0
1009230,18
1009231,0
1009232,0
1009233,26
1009234,0
1009235,0
1009236,0
1009237,24
1009238,0
1009239,20
1009240,13
1009241,0
1009242,0
1009243,0
1009244,0
1009245,19
1009246,0
1009247,0
1009248,0
1009249,0
1009250,0
1009251,0
1009252,0
1009253,0
1009254,0
1009255,0
1009256,0
1009257,0
1009258,0
1009259,28
1009260,0
1009261,0
1009262,0
1009263,0
1009264,27
1009265,0
1009266,0
1009267,37
1009268,0
1009269,17
1009270,0
1009271,0
1009272,0
1009273,0
1009274,15
1009275,0
1009276,0
1009277,0
1009278,0
1009279,0
1009280,0
1009281,0
1009282,0
1009283,0
1009284,0
1009285,23
1009286,0
1009287,0
1009288,0
1009289,0
1009290,30
1009291,0
1009292,0
1009293,18
1009294,0
1009295,0
1009296,0
1009297,0
1009298,0
1009299,0
1009300,15
1009301,27
1009302,0
1009303,29
1009304,25
1009305,0
1009306,0
1009307,0
1009308,24
1009309,0
1009310,0
1009311,0
1009312,18
1009313,0
1009314,0
1009315,0
1009316,0
1009317,26
1009318,22
1009319,18
1009320,0
1009321,23
1009322,16
1009323,13
1009324,17
1009325,0
1009326,0
1009327,0
1009328,0
1009329,0
1009330,30
1009331,0
1009332,0
1009333,0
1009334,0
1009335,0
1009336,0
1009337,0
1009338,0
1009339,31
1009340,19
1009341,0
1009342,0
1009343,0
1009344,0
1009345,0
1009346,0
1009347,0
1009348,0
1009349,0
1009350,0
1009351,0
1009352,28
1009353,39
1009354,0
1009355,0
1009356,0
1009357,0
1009358,0
1009359,22
1009360,0
1009361,0
1009362,0
1009363,13
1009364,25
1009365,30
1009366,27
1009367,0
1009368,0
1009369,0
1009370,0
1009371,28
1009372,0
1009373,0
1009374,0
1009375,30
1009376,0
1009377,0
1009378,0
1009379,0
1009380,0
1009381,0
1009382,0
1009383,20
1009384,0
1009385,0
1009386,0
1009387,0
1009388,0
1009389,0
1009390,0
1009391,0
1009392,0
1009393,0
1009394,21
1009395,0
1009396,0
1009397,0
1009398,0
1009399,30
1009400,0
1009401,0
1009402,0
1009403,0
1009404,0
1009405,0
1009406,0
1009407,0
1009408,21
1009409,0
1009410,33
1009411,0
1009412,26
1009413,0
1009414,23
1009415,0
1009416,28
1009417,0
1009418,14
1009419,0
1009420,0
1009421,0
1009422,0
1009423,0
1009424,23
1009425,20
1009426,0
1009427,0
1009428,0
1009429,0
1009430,0
1009431,0
1009432,0
1009433,0
1009434,0
1009435,21
1009436,21
1009437,0
1009438,0
1009439,24
1009440,0
1009441,0
1009442,36
1009443,0
1009444,0
1009445,0
1009446,0
1009447,0
1009448,17
1009449,0
1009450,0
1009451,40
1009452,0
1009453,0
1009454,25
1009455,0
1009456,0
1009457,0
1009458,0
1009459,20
1009460,27
1009461,0
1009462,10
1009463,0
1009464,18
1009465,0
1009466,0
1009467,0
1009468,0
1009469,0
1009470,0
1009471,0
1009472,0
1009473,0
1009474,0
1009475,11
1009476,0
1009477,0
1009478,21
1009479,0
1009480,0
1009481,0
1009482,0
1009483,0
1009484,0
1009485,0
1009486,24
1009487,0
1009488,0
1009489,0
1009490,0
1009491,0
1009492,0
1009493,0
1009494,0
1009495,20
1009496,28
1009497,0
1009498,0
1009499,0
1009500,0
1009501,0
1009502,0
1009503,0
1009504,0
1009505,0
1009506,0
1009507,0
1009508,0
1009509,0
1009510,14
1009511,0
1009512,0
1009513,0
1009514,29
1009515,0
1009516,0
1009517,22
1009518,0
1009519,15
1009520,25
1009521,26
1009522,0
1009523,0
1009524,0
1009525,0
1009526,0
1009527,0
1009528,0
1009529,0
1009530,0
1009531,0
1009532,27
1009533,0
1009534,0
1009535,0
1009536,0
1009537,0
1009538,0
1009539,24
1009540,0
1009541,18
1009542,0
1009543,0
1009544,0
1009545,0
1009546,21
1009547,0
1009548,28
1009549,0
1009550,0
1009551,0
1009552,0
1009553,0
1009554,27
1009555,0
1009556,31
1009557,0
1009558,23
1009559,0
1009560,0
1009561,0
1009562,0
1009563,28
1009564,0
1009565,23
1009566,0
1009567,0
1009568,21
1009569,17
1009570,0
1009571,0
1009572,0
1009573,17
1009574,22
1009575,0
1009576,19
1009577,24
1009578,0
1009579,27
1009580,0
1009581,0
1009582,0
1009583,0
1009584,0
1009585,0
1009586,23
1009587,19
1009588,0
1009589,0
1009590,0
1009591,0
1009592,0
1009593,0
1009594,0
1009595,0
1009596,0
1009597,0
1009598,0
1009599,0
1009600,0
1009601,28
1009602,0
1009603,16
1009604,25
1009605,0
1009606,16
1009607,35
1009608,22
1009609,23
1009610,0
1009611,0
1009612,0
1009613,0
1009614,0
1009615,0
1009616,0
1009617,24
1009618,0
1009619,0
1009620,0
1009621,15
1009622,24
1009623,27
1009624,30
1009625,0
1009626,18
1009627,0
1009628,0
1009629,0
1009630,0
1009631,0
1009632,23
1009633,28
1009634,21
1009635,0
1009636,0
1009637,0
1009638,0
1009639,19
1009640,0
1009641,0
1009642,0
1009643,24
1009644,17
1009645,0
1009646,0
1009647,0
1009648,0
1009649,0
1009650,22
1009651,0
1009652,0
1009653,0
1009654,25
1009655,0
1009656,0
1009657,24
1009658,0
1009659,27
1009660,0
1009661,0
1009662,27
1009663,27
1009664,0
1009665,26
1009666,0
1009667,31
1009668,0
1009669,23
1009670,0
1009671,28
1009672,0
1009673,0
1009674,0
1009675,0
1009676,0
1009677,34
1009678,0
1009679,0
1009680,0
1009681,0
1009682,24
1009683,0
1009684,23
1009685,22
1009686,20
1009687,30
1009688,18
1009689,22
1009690,0
1009691,0
1009692,0
1009693,19
1009694,0
1009695,0
1009696,28
1009697,0
1009698,0
1009699,0
1009700,35
1009701,27
1009702,0
1009703,0
1009704,0
1009705,0
1009706,0
1009707,0
1009708,31
1009709,0
1009710,16
1009711,26
1009712,19
1009713,0
1009714,0
1009715,31
1009716,0
1009717,0
1009718,0
1009719,22
1009720,28
1009721,0
1009722,24
1009723,0
1009724,0
1009725,25
1009726,0
1009727,0
1009728,0
1009729,0
1009730,25
1009731,0
1009732,0
1009733,25
1009734,0
1009735,0
1009736,21
1009737,0
1009738,0
1009739,0
1009740,0
1009741,0
1009742,0
1009743,0
1009744,0
1009745,0
1009746,23
1009747,0
1009748,0
1009749,0
1009750,0
1009751,0
1009752,0
1009753,0
1009754,0
1009755,0
1009756,26
1009757,27
1009758,0
1009759,0
1009760,0
1009761,15
1009762,0
1009763,25
1009764,18
1009765,0
1009766,0
1009767,0
1009768,0
1009769,0
1009770,0
1009771,17
1009772,0
1009773,0
1009774,0
1009775,0
1009776,0
1009777,18
1009778,16
1009779,0
1009780,23
1009781,17
1009782,25
1009783,0
1009784,0
1009785,0
1009786,25
1009787,0
1009788,0
1009789,0
1009790,16
1009791,0
1009792,0
1009793,0
1009794,0
1009795,0
1009796,0
1009797,0
1009798,0
1009799,0
1009800,0
1009801,23
1009802,0
1009803,0
1009804,0
1009805,0
1009806,26
1009807,0
1009808,10
1009809,0
1009810,0
1009811,20
1009812,0
1009813,31
1009814,0
1009815,0
1009816,0
1009817,0
1009818,0
1009819,0
1009820,0
1009821,21
1009822,0
1009823,19
1009824,0
1009825,19
1009826,0
1009827,0
1009828,24
1009829,26
1009830,0
1009831,0
1009832,0
1009833,0
1009834,0
1009835,0
1009836,0
1009837,19
1009838,0
1009839,0
1009840,0
1009841,0
1009842,28
1009843,0
1009844,0
1009845,0
1009846,0
1009847,20
1009848,0
1009849,0
1009850,32
1009851,28
1009852,27
1009853,23
1009854,0
1009855,0
1009856,27
1009857,0
1009858,17
1009859,31
1009860,0
1009861,0
1009862,0
1009863,29
1009864,0
1009865,0
1009866,0
1009867,0
1009868,23
1009869,22
1009870,27
1009871,0
1009872,0
1009873,22
1009874,26
1009875,17
1009876,0
1009877,0
1009878,0
1009879,0
1009880,0
1009881,0
1009882,36
1009883,38
1009884,0
1009885,0
1009886,0
1009887,0
1009888,0
1009889,0
1009890,0
1009891,0
1009892,0
1009893,28
1009894,0
1009895,0
1009896,0
1009897,0
1009898,0
1009899,0
1009900,0
1009901,0
1009902,0
1009903,0
1009904,0
1009905,0
1009906,0
1009907,0
1009908,0
1009909,0
1009910,0
1009911,0
1009912,0
1009913,0
1009914,0
1009915,0
1009916,0
1009917,0
1009918,0
1009919,0
1009920,0
1009921,0
1009922,0
1009923,0
1009924,0
1009925,0
1009926,13
1009927,31
1009928,28
1009929,0
1009930,26
1009931,0
1009932,0
1009933,0
1009934,0
1009935,0
1009936,0
1009937,0
1009938,0
1009939,0
1009940,0
1009941,0
1009942,0
1009943,0
1009944,0
1009945,0
1009946,0
1009947,0
1009948,0
1009949,38
1009950,32
1009951,0
1009952,0
1009953,20
1009954,0
1009955,0
1009956,0
1009957,17
1009958,0
1009959,0
1009960,0
1009961,0
1009962,0
1009963,23
1009964,0
1009965,0
1009966,0
1009967,0
1009968,0
1009969,0
1009970,0
1009971,0
1009972,0
1009973,0
1009974,0
1009975,0
1009976,0
1009977,21
1009978,0
1009979,0
1009980,0
1009981,0
1009982,0
1009983,20
1009984,12
1009985,22
1009986,25
1009987,26
1009988,0
1009989,0
1009990,27
1009991,0
1009992,0
1009993,0
1009994,0
1009995,0
1009996,0
1009997,0
1009998,0
1009999,27
1010000,23
1010001,0
1010002,0
1010003,13
1010004,0
1010005,8
1010006,14
1010007,0
1010008,0
1010009,21
1010010,0
1010011,0
1010012,0
1010013,0
1010014,0
1010015,0
1010016,0
1010017,0
1010018,0
1010019,0
1010020,0
1010021,0
1010022,0
1010023,22
1010024,0
1010025,0
1010026,0
1010027,0
1010028,0
1010029,0
1010030,0
1010031,0
1010032,0
1010033,0
1010034,0
1010035,20
1010036,0
1010037,0
1010038,17
1010039,0
1010040,0
1010041,0
1010042,0
1010043,0
1010044,24
1010045,0
1010046,0
1010047,0
1010048,0
1010049,0
1010050,19
1010051,0
1010052,0
1010053,13
1010054,0
1010055,0
1010056,17
1010057,0
1010058,0
1010059,0
1010060,0
1010061,0
1010062,0
1010063,0
1010064,0
1010065,17
1010066,0
1010067,25
1010068,20
1010069,0
1010070,0
1010071,0
1010072,29
1010073,0
1010074,31
1010075,0
1010076,0
1010077,23
1010078,0
1010079,0
1010080,23
1010081,0
1010082,0
1010083,17
1010084,0
1010085,15
1010086,0
1010087,21
1010088,0
1010089,0
1010090,0
1010091,0
1010092,0
1010093,21
1010094,0
1010095,0
1010096,24
1010097,0
1010098,0
1010099,0
1010100,0
1010101,0
1010102,25
1010103,0
1010104,0
1010105,0
1010106,0
1010107,0
1010108,0
1010109,0
1010110,0
1010111,0
1010112,0
1010113,16
1010114,14
1010115,0
1010116,0
1010117,0
1010118,18
1010119,0
1010120,0
1010121,0
1010122,0
1010123,0
1010124,0
1010125,0
1010126,0
1010127,0
1010128,0
1010129,0
1010130,0
1010131,0
1010132,0
1010133,0
1010134,0
1010135,0
1010136,22
1010137,0
1010138,14
1010139,0
1010140,0
1010141,0
1010142,0
1010143,0
1010144,0
1010145,0
1010146,0
1010147,0
1010148,0
1010149,0
1010150,0
1010151,29
1010152,0
1010153,0
1010154,0
1010155,0
1010156,0
1010157,0
1010158,19
1010159,0
1010160,17
1010161,0
1010162,0
1010163,0
1010164,0
1010165,21
1010166,0
1010167,0
1010168,0
1010169,0
1010170,8
1010171,0
1010172,0
1010173,22
1010174,0
1010175,0
1010176,0
1010177,0
1010178,12
1010179,0
1010180,0
1010181,0
1010182,9
1010183,0
1010184,0
1010185,18
1010186,0
1010187,0
1010188,0
1010189,0
1010190,0
1010191,0
1010192,0
1010193,0
1010194,0
1010195,16
1010196,0
1010197,0
1010198,0
1010199,17
1010200,0
1010201,0
1010202,0
1010203,0
1010204,0
1010205,0
1010206,0
1010207,11
1010208,0
1010209,0
1010210,0
1010211,0
1010212,0
1010213,0
1010214,0
1010215,0
1010216,0
1010217,0
1010218,0
1010219,19
1010220,0
1010221,20
1010222,13
1010223,14
1010224,0
1010225,0
1010226,0
1010227,0
1010228,0
1010229,6
1010230,0
1010231,0
1010232,0
1010233,0
1010234,0
1010235,0
1010236,0
1010237,0
1010238,0
1010239,0
1010240,0
1010241,0
1010242,0
1010243,0
1010244,0
1010245,26
1010246,14
1010247,0
1010248,0
1010249,0
1010250,0
1010251,0
1010252,16
1010253,0
1010254,0
1010255,22
1010256,0
1010257,0
1010258,0
1010259,0
1010260,0
1010261,0
1010262,0
1010263,0
1010264,0
1010265,12
1010266,0
1010267,0
1010268,0
1010269,0
1010270,0
1010271,0
1010272,0
1010273,17
1010274,0
1010275,0
1010276,0
1010277,0
1010278,0
1010279,0
1010280,0
1010281,19
1010282,15
1010283,0
1010284,17
1010285,0
1010286,0
1010287,0
1010288,0
1010289,17
1010290,0
1010291,0
1010292,0
1010293,0
1010294,0
1010295,0
1010296,0
1010297,9
1010298,0
1010299,0
1010300,0
1010301,0
1010302,0
1010303,0
1010304,0
1010305,0
1010306,0
1010307,0
1010308,0
1010309,19
1010310,16
1010311,0
1010312,0
1010313,0
1010314,0
1010315,0
1010316,0
1010317,0
1010318,0
1010319,0
1010320,0
1010321,0
1010322,0
1010323,0
1010324,0
1010325,0
1010326,15
1010327,26
1010328,0
1010329,17
1010330,0
1010331,0
1010332,0
1010333,0
1010334,21
1010335,15
1010336,0
1010337,0
1010338,0
1010339,0
1010340,0
1010341,0
1010342,0
1010343,0
1010344,0
1010345,0
1010346,0
1010347,0
1010348,0
1010349,0
1010350,0
1010351,0
1010352,0
1010353,0
1010354,0
1010355,0
1010356,0
1010357,0
1010358,0
1010359,0
1010360,0
1010361,0
1010362,0
1010363,0
1010364,0
1010365,0
1010366,19
1010367,0
1010368,0
1010369,0
1010370,0
1010371,0
1010372,0
1010373,0
1010374,0
1010375,0
1010376,0
1010377,0
1010378,0
1010379,0
1010380,0
1010381,19
1010382,0
1010383,0
1010384,0
1010385,0
1010386,0
1010387,0
1010388,0
1010389,0
1010390,0
1010391,0
1010392,0
1010393,0
1010394,0
1010395,0
1010396,0
1010397,0
1010398,0
1010399,0
1010400,0
1010401,0
1010402,19
1010403,0
1010404,0
1010405,0
1010406,0
1010407,16
1010408,0
1010409,0
1010410,0
1010411,0
1010412,0
1010413,17
1010414,0
1010415,0
1010416,0
1010417,0
1010418,0
1010419,0
1010420,0
1010421,19
1010422,0
1010423,0
1010424,0
1010425,0
1010426,0
1010427,0
1010428,0
1010429,0
1010430,0
1010431,0
1010432,0
1010433,0
1010434,0
1010435,0
1010436,0
1010437,23
1010438,0
1010439,0
1010440,13
1010441,0
1010442,0
1010443,0
1010444,0
1010445,0
1010446,18
1010447,0
1010448,0
1010449,0
1010450,0
1010451,21
1010452,0
1010453,0
1010454,0
1010455,0
1010456,0
1010457,0
1010458,0
1010459,0
1010460,0
1010461,0
1010462,0
1010463,16
1010464,0
1010465,0
1010466,20
1010467,0
1010468,0
1010469,0
1010470,0
1010471,0
1010472,21
1010473,0
1010474,0
1010475,0
1010476,0
1010477,24
1010478,0
1010479,0
1010480,0
1010481,21
1010482,0
1010483,0
1010484,0
1010485,0
1010486,0
1010487,0
1010488,0
1010489,0
1010490,15
1010491,0
1010492,0
1010493,0
1010494,0
1010495,0
1010496,0
1010497,0
1010498,18
1010499,0
1010500,0
1010501,0
1010502,22
1010503,0
1010504,0
1010505,0
1010506,0
1010507,20
1010508,0
1010509,0
1010510,0
1010511,0
1010512,19
1010513,0
1010514,0
1010515,18
1010516,0
1010517,12
1010518,0
1010519,12
1010520,0
1010521,0
1010522,23
1010523,0
1010524,25
1010525,0
1010526,0
1010527,0
1010528,0
1010529,0
1010530,0
1010531,0
1010532,14
1010533,0
1010534,0
1010535,0
1010536,0
1010537,0
1010538,0
1010539,18
1010540,0
1010541,11
1010542,0
1010543,0
1010544,0
1010545,0
1010546,0
1010547,0
1010548,0
1010549,0
1010550,0
1010551,23
1010552,0
1010553,0
1010554,25
1010555,0
1010556,0
1010557,0
1010558,15
1010559,0
1010560,0
1010561,0
1010562,7
1010563,0
1010564,0
1010565,0
1010566,20
1010567,0
1010568,26
1010569,0
1010570,0
1010571,0
1010572,24
1010573,0
1010574,0
1010575,15
1010576,0
1010577,12
1010578,0
1010579,17
1010580,7
1010581,0
1010582,0
1010583,0
1010584,0
1010585,0
1010586,0
1010587,0
1010588,0
1010589,0
1010590,0
1010591,0
1010592,0
1010593,0
1010594,0
1010595,0
1010596,0
1010597,0
1010598,0
1010599,14
1010600,0
1010601,0
1010602,14
1010603,0
1010604,0
1010605,0
1010606,0
1010607,0
1010608,0
1010609,0
1010610,0
1010611,0
1010612,0
1010613,0
1010614,24
1010615,0
1010616,0
1010617,0
1010618,0
1010619,0
1010620,0
1010621,28
1010622,0
1010623,0
1010624,26
1010625,0
1010626,0
1010627,21
1010628,0
1010629,0
1010630,0
1010631,0
1010632,0
1010633,0
1010634,0
1010635,22
1010636,0
1010637,14
1010638,0
1010639,0
1010640,0
1010641,13
1010642,21
1010643,0
1010644,0
1010645,0
1010646,0
1010647,0
1010648,0
1010649,0
1010650,17
1010651,0
1010652,0
1010653,0
1010654,0
1010655,0
1010656,13
1010657,0
1010658,0
1010659,0
1010660,16
1010661,12
1010662,18
1010663,0
1010664,18
1010665,0
1010666,14
1010667,10
1010668,0
1010669,0
1010670,21
1010671,0
1010672,0
1010673,15
1010674,0
1010675,0
1010676,0
1010677,0
1010678,0
1010679,0
1010680,0
1010681,0
1010682,0
1010683,0
1010684,27
1010685,0
1010686,0
1010687,0
1010688,0
1010689,24
1010690,0
1010691,24
1010692,0
1010693,0
1010694,0
1010695,0
1010696,0
1010697,16
1010698,0
1010699,0
1010700,9
1010701,0
1010702,0
1010703,0
1010704,0
1010705,0
1010706,0
1010707,0
1010708,14
1010709,0
1010710,0
1010711,20
1010712,0
1010713,0
1010714,16
1010715,0
1010716,0
1010717,0
1010718,0
1010719,0
1010720,0
1010721,12
1010722,25
1010723,0
1010724,0
1010725,0
1010726,0
1010727,0
1010728,0
1010729,19
1010730,10
1010731,0
1010732,15
1010733,0
1010734,0
1010735,0
1010736,0
1010737,0
1010738,0
1010739,0
1010740,0
1010741,0
1010742,18
1010743,0
1010744,0
1010745,24
1010746,21
1010747,0
1010748,0
1010749,0
1010750,0
1010751,19
1010752,0
1010753,14
1010754,0
1010755,0
1010756,0
1010757,0
1010758,0
1010759,0
1010760,0
1010761,22
1010762,0
1010763,0
1010764,0
1010765,0
1010766,0
1010767,0
1010768,0
1010769,0
1010770,0
1010771,0
1010772,0
1010773,0
1010774,0
1010775,0
1010776,0
1010777,0
1010778,10
1010779,0
1010780,0
1010781,0
1010782,0
1010783,0
1010784,0
1010785,0
1010786,0
1010787,0
1010788,0
1010789,0
1010790,0
1010791,17
1010792,0
1010793,0
1010794,0
1010795,0
1010796,0
1010797,0
1010798,0
1010799,0
1010800,0
1010801,0
1010802,0
1010803,0
1010804,0
1010805,0
1010806,0
1010807,0
1010808,21
1010809,0
1010810,0
1010811,0
1010812,0
1010813,0
1010814,0
1010815,22
1010816,13
1010817,0
1010818,0
1010819,17
1010820,0
1010821,0
1010822,0
1010823,0
1010824,0
1010825,0
1010826,13
1010827,0
1010828,0
1010829,0
1010830,0
1010831,0
1010832,0
1010833,0
1010834,16
1010835,0
1010836,0
1010837,0
1010838,0
1010839,0
1010840,10
1010841,0
1010842,0
1010843,0
1010844,0
1010845,0
1010846,0
1010847,0
1010848,0
1010849,16
1010850,0
1010851,0
1010852,0
1010853,17
1010854,0
1010855,0
1010856,0
1010857,0
1010858,0
1010859,0
1010860,0
1010861,0
1010862,0
1010863,0
1010864,0
1010865,0
1010866,20
1010867,16
1010868,0
1010869,0
1010870,19
1010871,0
1010872,17
1010873,0
1010874,0
1010875,0
1010876,9
1010877,0
1010878,0
1010879,14
1010880,0
1010881,0
1010882,0
1010883,0
1010884,0
1010885,7
1010886,0
1010887,0
1010888,0
1010889,0
1010890,0
1010891,0
1010892,0
1010893,0
1010894,0
1010895,0
1010896,0
1010897,14
1010898,0
1010899,15
1010900,0
1010901,0
1010902,0
1010903,0
1010904,0
1010905,56
1010906,35
1010907,0
1010908,0
1010909,0
1010910,0
1010911,0
1010912,0
1010913,0
1010914,39
1010915,0
1010916,0
1010917,0
1010918,0
1010919,0
1010920,0
1010921,0
1010922,0
1010923,0
1010924,0
1010925,0
1010926,0
1010927,0
1010928,0
1010929,0
1010930,0
1010931,0
1010932,0
1010933,0
1010934,0
1010935,0
1010936,0
1010937,0
1010938,0
1010939,0
1010940,0
1010941,33
1010942,0
1010943,0
1010944,0
1010945,0
1010946,0
1010947,0
1010948,0
1010949,0
1010950,37
1010951,0
1010952,0
1010953,0
1010954,0
1010955,0
1010956,0
1010957,50
1010958,35
1010959,0
1010960,39
1010961,0
1010962,34
1010963,0
1010964,0
1010965,0
1010966,0
1010967,37
1010968,0
1010969,0
1010970,0
1010971,53
1010972,0
1010973,0
1010974,0
1010975,0
1010976,36
1010977,0
1010978,0
1010979,33
1010980,35
1010981,0
1010982,28
1010983,29
1010984,0
1010985,0
1010986,0
1010987,22
1010988,0
1010989,0
1010990,0
1010991,0
1010992,0
1010993,0
1010994,0
1010995,0
1010996,0
1010997,0
1010998,0
1010999,0
1011000,0
1011001,0
1011002,0
1011003,0
1011004,0
1011005,0
1011006,0
1011007,0
1011008,0
1011009,0
1011010,0
1011011,0
1011012,0
1011013,0
1011014,64
1011015,51
1011016,0
1011017,0
1011018,39
1011019,0
1011020,0
1011021,0
1011022,0
1011023,0
1011024,0
1011025,0
1011026,0
1011027,0
1011028,0
1011029,0
1011030,32
1011031,37
1011032,0
1011033,0
1011034,0
1011035,0
1011036,19
1011037,21
1011038,54
1011039,0
1011040,0
1011041,0
1011042,0
1011043,0
1011044,21
1011045,0
1011046,35
1011047,0
1011048,0
1011049,0
1011050,0
1011051,0
1011052,0
1011053,0
1011054,0
1011055,0
1011056,48
1011057,0
1011058,0
1011059,0
1011060,0
1011061,0
1011062,0
1011063,0
1011064,0
1011065,0
1011066,0
1011067,0
1011068,0
1011069,0
1011070,0
1011071,0
1011072,40
1011073,0
1011074,0
1011075,0
1011076,0
1011077,0
1011078,0
1011079,0
1011080,48
1011081,47
1011082,0
1011083,0
1011084,25
1011085,0
1011086,37
1011087,0
1011088,0
1011089,49
1011090,0
1011091,0
1011092,0
1011093,0
1011094,0
1011095,0
1011096,0
1011097,0
1011098,0
1011099,0
1011100,0
1011101,0
1011102,21
1011103,31
1011104,0
1011105,0
1011106,0
1011107,0
1011108,45
1011109,0
1011110,0
1011111,0
1011112,29
1011113,0
1011114,0
1011115,42
1011116,0
1011117,0
1011118,0
1011119,0
1011120,0
1011121,0
1011122,0
1011123,0
1011124,0
1011125,0
1011126,29
1011127,38
1011128,0
1011129,37
1011130,40
1011131,0
1011132,0
1011133,0
1011134,61
1011135,0
1011136,0
1011137,0
1011138,0
1011139,41
1011140,41
1011141,0
1011142,0
1011143,0
1011144,0
1011145,0
1011146,0
1011147,39
1011148,0
1011149,0
1011150,25
1011151,0
1011152,0
1011153,0
1011154,29
1011155,0
1011156,0
1011157,0
1011158,0
1011159,0
1011160,0
1011161,0
1011162,0
1011163,0
1011164,0
1011165,0
1011166,0
1011167,0
1011168,0
1011169,42
1011170,0
1011171,0
1011172,0
1011173,22
1011174,41
1011175,0
1011176,0
1011177,0
1011178,0
1011179,31
1011180,45
1011181,0
1011182,0
1011183,0
1011184,0
1011185,0
1011186,0
1011187,0
1011188,22
1011189,0
1011190,0
1011191,0
1011192,23
1011193,0
1011194,0
1011195,0
1011196,0
1011197,0
1011198,0
1011199,0
1011200,40
1011201,39
1011202,0
1011203,0
1011204,0
1011205,0
1011206,0
1011207,0
1011208,0
1011209,0
1011210,0
1011211,0
1011212,0
1011213,0
1011214,0
1011215,41
1011216,0
1011217,0
1011218,0
1011219,0
1011220,0
1011221,34
1011222,0
1011223,0
1011224,34
1011225,0
1011226,35
1011227,0
1011228,41
1011229,0
1011230,0
1011231,0
1011232,0
1011233,0
1011234,0
1011235,0
1011236,0
1011237,0
1011238,0
1011239,0
1011240,0
1011241,0
1011242,0
1011243,0
1011244,0
1011245,0
1011246,0
1011247,24
1011248,0
1011249,0
1011250,0
1011251,47
1011252,0
1011253,0
1011254,35
1011255,45
1011256,0
1011257,0
1011258,0
1011259,0
1011260,40
1011261,0
1011262,0
1011263,0
1011264,0
1011265,33
1011266,0
1011267,0
1011268,0
1011269,0
1011270,0
1011271,0
1011272,29
1011273,0
1011274,0
1011275,0
1011276,0
1011277,0
1011278,0
1011279,0
1011280,0
1011281,0
1011282,0
1011283,0
1011284,40
1011285,0
1011286,0
1011287,0
1011288,37
1011289,0
1011290,0
1011291,0
1011292,0
1011293,0
1011294,0
1011295,0
1011296,36
1011297,0
1011298,0
1011299,0
1011300,0
1011301,33
1011302,57
1011303,31
1011304,0
1011305,51
1011306,0
1011307,34
1011308,0
1011309,0
1011310,0
1011311,30
1011312,0
1011313,0
1011314,0
1011315,0
1011316,0
1011317,0
1011318,0
1011319,0
1011320,46
1011321,33
1011322,0
1011323,0
1011324,0
1011325,0
1011326,0
1011327,0
1011328,0
1011329,0
1011330,0
1011331,0
1011332,40
1011333,0
1011334,0
1011335,0
1011336,0
1011337,40
1011338,0
1011339,0
1011340,0
1011341,0
1011342,0
1011343,60
1011344,0
1011345,0
1011346,43
1011347,0
1011348,0
1011349,0
1011350,0
1011351,35
1011352,0
1011353,27
1011354,25
1011355,0
1011356,0
1011357,0
1011358,0
1011359,47
1011360,0
1011361,0
1011362,0
1011363,29
1011364,0
1011365,0
1011366,0
1011367,0
1011368,0
1011369,0
1011370,0
1011371,0
1011372,0
1011373,0
1011374,26
1011375,0
1011376,0
1011377,0
1011378,0
1011379,0
1011380,0
1011381,0
1011382,0
1011383,0
1011384,0
1011385,44
1011386,0
1011387,0
1011388,34
1011389,49
1011390,0
1011391,0
1011392,35
1011393,0
1011394,0
1011395,0
1011396,0
1011397,0
1011398,0
1011399,0
1011400,0
1011401,0
1011402,0
1011403,0
1011404,0
1011405,0
1011406,0
1011407,31
1011408,0
1011409,0
1011410,0
1011411,0
1011412,0
1011413,0
1011414,0
1011415,0
1011416,0
1011417,0
1011418,37
1011419,0
1011420,0
1011421,48
1011422,0
1011423,0
1011424,0
1011425,35
1011426,0
1011427,0
1011428,0
1011429,0
1011430,0
1011431,0
1011432,0
1011433,0
1011434,41
1011435,0
1011436,0
1011437,36
1011438,0
1011439,0
1011440,0
1011441,0
1011442,29
1011443,0
1011444,0
1011445,0
1011446,0
1011447,0
1011448,0
1011449,0
1011450,0
1011451,0
1011452,0
1011453,0
1011454,40
1011455,0
1011456,0
1011457,0
1011458,0
1011459,0
1011460,0
1011461,43
1011462,0
1011463,0
1011464,0
1011465,0
1011466,0
1011467,30
1011468,0
1011469,0
1011470,0
1011471,0
1011472,0
1011473,0
1011474,0
1011475,0
1011476,0
1011477,0
1011478,0
1011479,0
1011480,0
1011481,33
1011482,0
1011483,0
1011484,0
1011485,0
1011486,0
1011487,0
1011488,0
1011489,0
1011490,40
1011491,0
1011492,0
1011493,0
1011494,44
1011495,0
1011496,0
1011497,0
1011498,32
1011499,0
1011500,0
1011501,40
1011502,0
1011503,0
1011504,0
1011505,0
1011506,0
1011507,0
1011508,0
1011509,0
1011510,0
1011511,0
1011512,0
1011513,0
1011514,0
1011515,0
1011516,0
1011517,0
1011518,0
1011519,51
1011520,45
1011521,41
1011522,0
1011523,0
1011524,0
1011525,0
1011526,0
1011527,0
1011528,0
1011529,0
1011530,0
1011531,0
1011532,0
1011533,0
1011534,0
1011535,46
1011536,42
1011537,0
1011538,0
1011539,0
1011540,0
1011541,0
1011542,33
1011543,0
1011544,0
1011545,0
1011546,0
1011547,39
1011548,0
1011549,0
1011550,32
1011551,0
1011552,0
1011553,0
1011554,0
1011555,0
1011556,0
1011557,0
1011558,35
1011559,0
1011560,41
1011561,31
1011562,0
1011563,0
1011564,48
1011565,0
1011566,0
1011567,39
1011568,0
1011569,0
1011570,49
1011571,0
1011572,0
1011573,46
1011574,24
1011575,0
1011576,0
1011577,0
1011578,0
1011579,44
1011580,0
1011581,0
1011582,0
1011583,0
1011584,45
1011585,32
1011586,0
1011587,0
1011588,43
1011589,0
1011590,37
1011591,0
1011592,0
1011593,0
1011594,0
1011595,42
1011596,0
1011597,0
1011598,0
1011599,41
1011600,0
1011601,0
1011602,34
1011603,0
1011604,0
1011605,0
1011606,0
1011607,0
1011608,0
1011609,0
1011610,34
1011611,0
1011612,46
1011613,27
1011614,27
1011615,0
1011616,0
1011617,0
1011618,0
1011619,0
1011620,0
1011621,0
1011622,0
1011623,0
1011624,39
1011625,0
1011626,0
1011627,0
1011628,0
1011629,31
1011630,0
1011631,0
1011632,0
1011633,0
1011634,0
1011635,44
1011636,0
1011637,0
1011638,41
1011639,0
1011640,0
1011641,0
1011642,0
1011643,50
1011644,0
1011645,0
1011646,0
1011647,0
1011648,0
1011649,42
1011650,0
1011651,28
1011652,0
1011653,0
1011654,0
1011655,0
1011656,0
1011657,0
1011658,0
1011659,0
1011660,0
1011661,30
1011662,0
1011663,0
1011664,0
1011665,0
1011666,0
1011667,32
1011668,35
1011669,0
1011670,33
1011671,0
1011672,0
1011673,0
1011674,0
1011675,0
1011676,0
1011677,0
1011678,0
1011679,0
1011680,0
1011681,27
1011682,38
1011683,0
1011684,50
1011685,0
1011686,37
1011687,0
1011688,0
1011689,41
1011690,0
1011691,0
1011692,31
1011693,48
1011694,0
1011695,0
1011696,0
1011697,0
1011698,35
1011699,0
1011700,28
1011701,0
1011702,43
1011703,0
1011704,0
1011705,0
1011706,0
1011707,0
1011708,0
1011709,0
1011710,0
1011711,0
1011712,0
1011713,0
1011714,0
1011715,0
1011716,0
1011717,0
1011718,33
1011719,0
1011720,38
1011721,0
1011722,0
1011723,0
1011724,0
1011725,53
1011726,0
1011727,0
1011728,0
1011729,0
1011730,0
1011731,0
1011732,0
1011733,0
1011734,0
1011735,0
1011736,0
1011737,0
1011738,0
1011739,41
1011740,0
1011741,0
1011742,0
1011743,31
1011744,39
1011745,0
1011746,0
1011747,0
1011748,0
1011749,0
1011750,0
1011751,40
1011752,0
1011753,0
1011754,0
1011755,0
1011756,0
1011757,0
1011758,0
1011759,0
1011760,0
1011761,0
1011762,0
1011763,0
1011764,0
1011765,0
1011766,38
1011767,0
1011768,0
1011769,0
1011770,33
1011771,0
1011772,0
1011773,0
1011774,0
1011775,0
1011776,0
1011777,0
1011778,36
1011779,0
1011780,35
1011781,0
1011782,0
1011783,31
1011784,44
1011785,0
1011786,38
1011787,0
1011788,0
1011789,0
1011790,0
1011791,42
1011792,0
1011793,0
1011794,0
1011795,0
1011796,0
1011797,0
1011798,40
1011799,45
1011800,35
1011801,0
1011802,0
1011803,0
1011804,0
1011805,0
1011806,39
1011807,0
1011808,0
1011809,0
1011810,0
1011811,0
1011812,0
1011813,0
1011814,0
1011815,0
1011816,0
1011817,21
1011818,0
1011819,0
1011820,0
1011821,0
1011822,0
1011823,0
1011824,24
1011825,0
1011826,0
1011827,0
1011828,0
1011829,0
1011830,0
1011831,0
1011832,0
1011833,0
1011834,0
1011835,0
1011836,0
1011837,0
1011838,0
1011839,17
1011840,0
1011841,0
1011842,0
1011843,0
1011844,0
1011845,0
1011846,0
1011847,0
1011848,0
1011849,0
1011850,0
1011851,0
1011852,0
1011853,0
1011854,0
1011855,0
1011856,0
1011857,0
1011858,0
1011859,35
1011860,0
1011861,0
1011862,0
1011863,0
1011864,0
1011865,0
1011866,0
1011867,0
1011868,0
1011869,0
1011870,0
1011871,0
1011872,0
1011873,29
1011874,0
1011875,0
1011876,0
1011877,0
1011878,0
1011879,0
1011880,0
1011881,0
1011882,0
1011883,0
1011884,0
1011885,0
1011886,0
1011887,0
1011888,0
1011889,0
1011890,0
1011891,0
1011892,0
1011893,0
1011894,0
1011895,0
1011896,0
1011897,0
1011898,0
1011899,0
1011900,0
1011901,0
1011902,0
1011903,0
1011904,0
1011905,0
1011906,0
1011907,0
1011908,0
1011909,0
1011910,29
1011911,0
1011912,0
1011913,0
1011914,0
1011915,0
1011916,0
1011917,30
1011918,0
1011919,37
1011920,0
1011921,0
1011922,0
1011923,0
1011924,0
1011925,0
1011926,0
1011927,0
1011928,0
1011929,0
1011930,0
1011931,21
1011932,0
1011933,0
1011934,0
1011935,0
1011936,0
1011937,0
1011938,0
1011939,0
1011940,32
1011941,0
1011942,0
1011943,0
1011944,22
1011945,0
1011946,18
1011947,36
1011948,0
1011949,0
1011950,0
1011951,0
1011952,0
1011953,32
1011954,0
1011955,0
1011956,0
1011957,0
1011958,0
1011959,17
1011960,0
1011961,0
1011962,0
1011963,0
1011964,12
1011965,0
1011966,0
1011967,0
1011968,0
1011969,0
1011970,0
1011971,0
1011972,0
1011973,0
1011974,0
1011975,0
1011976,0
1011977,0
1011978,0
1011979,0
1011980,0
1011981,0
1011982,0
1011983,0
1011984,0
1011985,0
1011986,0
1011987,0
1011988,0
1011989,0
1011990,0
1011991,0
1011992,26
1011993,0
1011994,0
1011995,0
1011996,0
1011997,0
1011998,0
1011999,0
1012000,0
1012001,0
1012002,0
1012003,0
1012004,0
1012005,0
1012006,0
1012007,0
1012008,0
1012009,0
1012010,0
1012011,0
1012012,0
1012013,0
1012014,0
1012015,0
1012016,0
1012017,0
1012018,0
1012019,0
1012020,0
1012021,0
1012022,0
1012023,0
1012024,0
1012025,0
1012026,0
1012027,13
1012028,0
1012029,0
1012030,0
1012031,0
1012032,16
1012033,0
1012034,0
1012035,0
1012036,0
1012037,0
1012038,0
1012039,0
1012040,0
1012041,0
1012042,0
1012043,0
1012044,0
1012045,0
1012046,0
1012047,0
1012048,0
1012049,0
1012050,0
1012051,0
1012052,0
1012053,0
1012054,0
1012055,0
1012056,0
1012057,0
1012058,0
1012059,0
1012060,0
1012061,0
1012062,0
1012063,0
1012064,0
1012065,0
1012066,0
1012067,0
1012068,25
1012069,15
1012070,0
1012071,0
1012072,0
1012073,0
1012074,0
1012075,0
1012076,0
1012077,0
1012078,0
1012079,0
1012080,0
1012081,38
1012082,0
1012083,0
1012084,0
1012085,0
1012086,0
1012087,0
1012088,0
1012089,0
1012090,0
1012091,0
1012092,0
1012093,0
1012094,0
1012095,0
1012096,0
1012097,0
1012098,0
1012099,0
1012100,0
1012101,26
1012102,0
1012103,0
1012104,0
1012105,0
1012106,0
1012107,0
1012108,0
1012109,0
1012110,0
1012111,0
1012112,0
1012113,0
1012114,0
1012115,0
1012116,0
1012117,0
1012118,0
1012119,0
1012120,0
1012121,28
1012122,0
1012123,0
1012124,0
1012125,0
1012126,0
1012127,0
1012128,0
1012129,0
1012130,0
1012131,0
1012132,0
1012133,0
1012134,0
1012135,0
1012136,0
1012137,0
1012138,0
1012139,0
1012140,0
1012141,0
1012142,0
1012143,0
1012144,14
1012145,0
1012146,0
1012147,0
1012148,0
1012149,0
1012150,0
1012151,0
1012152,0
1012153,0
1012154,0
1012155,0
1012156,0
1012157,0
1012158,0
1012159,0
1012160,29
1012161,0
1012162,0
1012163,0
1012164,0
1012165,0
1012166,0
1012167,0
1012168,0
1012169,0
1012170,0
1012171,0
1012172,0
1012173,0
1012174,0
1012175,0
1012176,0
1012177,0
1012178,0
1012179,0
1012180,0
1012181,34
1012182,0
1012183,0
1012184,0
1012185,0
1012186,0
1012187,0
1012188,0
1012189,0
1012190,0
1012191,0
1012192,0
1012193,0
1012194,0
1012195,0
1012196,0
1012197,0
1012198,0
1012199,0
1012200,21
1012201,0
1012202,0
1012203,0
1012204,0
1012205,0
1012206,0
1012207,0
1012208,0
1012209,0
1012210,0
1012211,0
1012212,0
1012213,0
1012214,0
1012215,0
1012216,0
1012217,0
1012218,0
1012219,0
1012220,0
1012221,0
1012222,0
1012223,0
1012224,13
1012225,0
1012226,0
1012227,0
1012228,0
1012229,0
1012230,0
1012231,0
1012232,0
1012233,0
1012234,0
1012235,0
1012236,0
1012237,0
1012238,0
1012239,0
1012240,0
1012241,0
1012242,24
1012243,0
1012244,0
1012245,0
1012246,0
1012247,0
1012248,0
1012249,0
1012250,0
1012251,0
1012252,0
1012253,0
1012254,0
1012255,0
1012256,0
1012257,0
1012258,0
1012259,0
1012260,0
1012261,0
1012262,0
1012263,0
1012264,0
1012265,0
1012266,0
1012267,0
1012268,0
1012269,0
1012270,35
1012271,0
1012272,0
1012273,0
1012274,0
1012275,0
1012276,0
1012277,0
1012278,32
1012279,0
1012280,0
1012281,0
1012282,0
1012283,0
1012284,0
1012285,0
1012286,0
1012287,0
1012288,0
1012289,0
1012290,0
1012291,0
1012292,0
1012293,0
1012294,0
1012295,0
1012296,0
1012297,0
1012298,0
1012299,31
1012300,0
1012301,0
1012302,0
1012303,0
1012304,0
1012305,0
1012306,0
1012307,0
1012308,0
1012309,0
1012310,0
1012311,0
1012312,0
1012313,0
1012314,0
1012315,0
1012316,0
1012317,0
1012318,0
1012319,0
1012320,40
1012321,24
1012322,0
1012323,0
1012324,0
1012325,0
1012326,0
1012327,0
1012328,0
1012329,0
1012330,0
1012331,0
1012332,0
1012333,0
1012334,0
1012335,0
1012336,0
1012337,0
1012338,29
1012339,34
1012340,0
1012341,0
1012342,0
1012343,0
1012344,40
1012345,0
1012346,0
1012347,0
1012348,0
1012349,0
1012350,0
1012351,0
1012352,47
1012353,0
1012354,0
1012355,0
1012356,0
1012357,0
1012358,0
1012359,0
1012360,39
1012361,0
1012362,0
1012363,46
1012364,0
1012365,0
1012366,0
1012367,0
1012368,0
1012369,0
1012370,0
1012371,0
1012372,0
1012373,0
1012374,44
1012375,0
1012376,0
1012377,50
1012378,0
1012379,0
1012380,0
1012381,0
1012382,0
1012383,0
1012384,0
1012385,0
1012386,0
1012387,0
1012388,0
1012389,0
1012390,0
1012391,0
1012392,0
1012393,0
1012394,0
1012395,0
1012396,0
1012397,0
1012398,0
1012399,0
1012400,47
1012401,0
1012402,0
1012403,0
1012404,0
1012405,35
1012406,0
1012407,0
1012408,0
1012409,0
1012410,0
1012411,0
1012412,0
1012413,0
1012414,0
1012415,0
1012416,0
1012417,0
1012418,0
1012419,0
1012420,0
1012421,0
1012422,0
1012423,0
1012424,35
1012425,0
1012426,0
1012427,0
1012428,0
1012429,0
1012430,0
1012431,0
1012432,0
1012433,0
1012434,0
1012435,45
1012436,0
1012437,0
1012438,0
1012439,0
1012440,0
1012441,0
1012442,0
1012443,0
1012444,0
1012445,0
1012446,0
1012447,0
1012448,35
1012449,0
1012450,0
1012451,0
1012452,0
1012453,0
1012454,0
1012455,0
1012456,0
1012457,0
1012458,0
1012459,0
1012460,0
1012461,0
1012462,0
1012463,38
1012464,0
1012465,0
1012466,0
1012467,0
1012468,0
1012469,0
1012470,0
1012471,0
1012472,0
1012473,0
1012474,0
1012475,0
1012476,0
1012477,0
1012478,0
1012479,0
1012480,0
1012481,4
1012482,0
1012483,0
1012484,0
1012485,0
1012486,10
1012487,0
1012488,8
1012489,4
1012490,0
1012491,0
1012492,0
1012493,0
1012494,0
1012495,13
1012496,0
1012497,8
1012498,10
1012499,0
1012500,0
1012501,0
1012502,0
1012503,0
1012504,0
1012505,0
1012506,0
1012507,0
1012508,13
1012509,11
1012510,8
1012511,0
1012512,0
1012513,14
1012514,0
1012515,0
1012516,0
1012517,0
1012518,0
1012519,0
1012520,0
1012521,0
1012522,0
1012523,0
1012524,0
1012525,3
1012526,0
1012527,0
1012528,0
1012529,0
1012530,0
1012531,0
1012532,0
1012533,0
1012534,0
1012535,0
1012536,0
1012537,0
1012538,10
1012539,0
1012540,10
1012541,0
1012542,0
1012543,0
1012544,11
1012545,0
1012546,6
1012547,9
1012548,0
1012549,0
1012550,0
1012551,12
1012552,0
1012553,0
1012554,10
1012555,0
1012556,0
1012557,13
1012558,0
1012559,10
1012560,0
1012561,0
1012562,0
1012563,11
1012564,0
1012565,0
1012566,0
1012567,11
1012568,9
1012569,0
1012570,0
1012571,0
1012572,0
1012573,6
1012574,0
1012575,3
1012576,12
1012577,8
1012578,12
1012579,0
1012580,0
1012581,0
1012582,0
1012583,0
1012584,0
1012585,8
1012586,0
1012587,0
1012588,8
1012589,0
1012590,0
1012591,10
1012592,0
1012593,16
1012594,0
1012595,0
1012596,0
1012597,0
1012598,0
1012599,8
1012600,12
1012601,0
1012602,0
1012603,0
1012604,0
1012605,13
1012606,3
1012607,0
1012608,0
1012609,13
1012610,0
1012611,0
1012612,0
1012613,0
1012614,0
1012615,19
1012616,0
1012617,0
1012618,0
1012619,0
1012620,0
1012621,7
1012622,0
1012623,0
1012624,0
1012625,9
1012626,0
1012627,0
1012628,0
1012629,0
1012630,0
1012631,0
1012632,0
1012633,11
1012634,0
1012635,0
1012636,0
1012637,0
1012638,0
1012639,17
1012640,0
1012641,7
1012642,0
1012643,0
1012644,0
1012645,0
1012646,0
1012647,0
1012648,0
1012649,14
1012650,14
1012651,0
1012652,0
1012653,0
1012654,0
1012655,0
1012656,0
1012657,0
1012658,0
1012659,0
1012660,8
1012661,0
1012662,0
1012663,0
1012664,0
1012665,0
1012666,0
1012667,0
1012668,0
1012669,13
1012670,0
1012671,9
1012672,12
1012673,0
1012674,0
1012675,0
1012676,0
1012677,0
1012678,0
1012679,0
1012680,0
1012681,11
1012682,0
1012683,10
1012684,0
1012685,0
1012686,0
1012687,0
1012688,12
1012689,7
1012690,11
1012691,7
1012692,13
1012693,0
1012694,0
1012695,0
1012696,0
1012697,10
1012698,0
1012699,0
1012700,0
1012701,0
1012702,0
1012703,0
1012704,0
1012705,0
1012706,0
1012707,0
1012708,0
1012709,0
1012710,0
1012711,0
1012712,0
1012713,0
1012714,16
1012715,0
1012716,0
1012717,0
1012718,0
1012719,18
1012720,0
1012721,0
1012722,0
1012723,0
1012724,11
1012725,8
1012726,0
1012727,10
1012728,0
1012729,0
1012730,8
1012731,0
1012732,0
1012733,0
1012734,0
1012735,0
1012736,7
1012737,0
1012738,0
1012739,0
1012740,10
1012741,0
1012742,0
1012743,0
1012744,7
1012745,8
1012746,0
1012747,0
1012748,15
1012749,9
1012750,0
1012751,0
1012752,0
1012753,0
1012754,0
1012755,7
1012756,0
1012757,0
1012758,0
1012759,0
1012760,7
1012761,0
1012762,0
1012763,0
1012764,0
1012765,31
1012766,0
1012767,0
1012768,0
1012769,0
1012770,0
1012771,0
1012772,0
1012773,0
1012774,0
1012775,0
1012776,0
1012777,0
1012778,0
1012779,39
1012780,0
1012781,0
1012782,0
1012783,0
1012784,0
1012785,0
1012786,0
1012787,0
1012788,0
1012789,0
1012790,0
1012791,0
1012792,0
1012793,0
1012794,0
1012795,0
1012796,0
1012797,25
1012798,0
1012799,0
1012800,0
1012801,0
1012802,0
1012803,0
1012804,18
1012805,0
1012806,0
1012807,20
1012808,0
1012809,0
1012810,0
1012811,0
1012812,0
1012813,0
1012814,0
1012815,0
1012816,0
1012817,0
1012818,0
1012819,0
1012820,0
1012821,0
1012822,0
1012823,0
1012824,0
1012825,0
1012826,0
1012827,0
1012828,35
1012829,0
1012830,0
1012831,0
1012832,0
1012833,0
1012834,24
1012835,0
1012836,0
1012837,0
1012838,0
1012839,0
1012840,0
1012841,0
1012842,0
1012843,24
1012844,0
1012845,0
1012846,0
1012847,0
1012848,0
1012849,0
1012850,0
1012851,0
1012852,0
1012853,23
1012854,0
1012855,0
1012856,0
1012857,30
1012858,0
1012859,41
1012860,0
1012861,0
1012862,0
1012863,0
1012864,0
1012865,0
1012866,0
1012867,0
1012868,0
1012869,0
1012870,0
1012871,0
1012872,0
1012873,0
1012874,0
1012875,0
1012876,0
1012877,0
1012878,0
1012879,0
1012880,0
1012881,44
1012882,0
1012883,0
1012884,0
1012885,0
1012886,39
1012887,0
1012888,0
1012889,0
1012890,0
1012891,0
1012892,0
1012893,0
1012894,0
1012895,0
1012896,0
1012897,0
1012898,0
1012899,0
1012900,0
1012901,0
1012902,0
1012903,0
1012904,0
1012905,0
1012906,0
1012907,0
1012908,0
1012909,0
1012910,0
1012911,0
1012912,0
1012913,0
1012914,0
1012915,31
1012916,0
1012917,0
1012918,0
1012919,0
1012920,0
1012921,0
1012922,0
1012923,0
1012924,21
1012925,0
1012926,0
1012927,0
1012928,0
1012929,21
1012930,0
1012931,0
1012932,0
1012933,0
1012934,0
1012935,0
1012936,0
1012937,0
1012938,0
1012939,0
1012940,0
1012941,0
1012942,0
1012943,0
1012944,0
1012945,0
1012946,0
1012947,0
1012948,0
1012949,0
1012950,0
1012951,0
1012952,0
1012953,0
1012954,0
1012955,0
1012956,0
1012957,0
1012958,0
1012959,0
1012960,0
1012961,28
1012962,0
1012963,0
1012964,0
1012965,0
1012966,35
1012967,0
1012968,0
1012969,0
1012970,0
1012971,41
1012972,0
1012973,0
1012974,0
1012975,0
1012976,0
1012977,0
1012978,0
1012979,0
1012980,0
1012981,0
1012982,0
1012983,0
1012984,0
1012985,0
1012986,0
1012987,0
1012988,28
1012989,32
1012990,0
1012991,0
1012992,0
1012993,0
1012994,0
1012995,25
1012996,0
1012997,0
1012998,27
1012999,0
1013000,0
1013001,0
1013002,0
1013003,0
1013004,0
1013005,0
1013006,0
1013007,0
1013008,0
1013009,0
1013010,33
1013011,0
1013012,0
1013013,0
1013014,0
1013015,0
1013016,0
1013017,0
1013018,0
1013019,0
1013020,0
1013021,0
1013022,0
1013023,0
1013024,0
1013025,0
1013026,0
1013027,0
1013028,0
1013029,0
1013030,0
1013031,0
1013032,0
1013033,0
1013034,0
1013035,0
1013036,0
1013037,21
1013038,0
1013039,0
1013040,24
1013041,0
1013042,0
1013043,0
1013044,0
1013045,0
1013046,0
1013047,0
1013048,0
1013049,0
1013050,0
1013051,0
1013052,42
1013053,0
1013054,0
1013055,0
1013056,0
1013057,0
1013058,0
1013059,0
1013060,0
1013061,0
1013062,0
1013063,0
1013064,0
1013065,20
1013066,0
1013067,0
1013068,0
1013069,0
1013070,21
1013071,0
1013072,0
1013073,0
1013074,0
1013075,0
1013076,0
1013077,0
1013078,0
1013079,0
1013080,0
1013081,0
1013082,26
1013083,0
1013084,0
1013085,19
1013086,0
1013087,0
1013088,0
1013089,0
1013090,0
1013091,0
1013092,0
1013093,0
1013094,37
1013095,0
1013096,0
1013097,0
1013098,0
1013099,0
1013100,0
1013101,0
1013102,0
1013103,0
1013104,0
1013105,32
1013106,24
1013107,0
1013108,0
1013109,0
1013110,0
1013111,0
1013112,24
1013113,0
1013114,0
1013115,30
1013116,0
1013117,0
1013118,0
1013119,0
1013120,0
1013121,0
1013122,0
1013123,0
1013124,0
1013125,0
1013126,0
1013127,0
1013128,30
1013129,0
1013130,0
1013131,0
1013132,0
1013133,0
1013134,0
1013135,0
1013136,0
1013137,0
1013138,0
1013139,0
1013140,0
1013141,0
1013142,0
1013143,19
1013144,0
1013145,25
1013146,19
1013147,0
1013148,26
1013149,0
1013150,0
1013151,0
1013152,14
1013153,34
1013154,0
1013155,0
1013156,0
1013157,0
1013158,17
1013159,0
1013160,0
1013161,0
1013162,0
1013163,0
1013164,29
1013165,0
1013166,0
1013167,19
1013168,0
1013169,0
1013170,0
1013171,0
1013172,23
1013173,0
1013174,20
1013175,0
1013176,0
1013177,0
1013178,0
1013179,0
1013180,0
1013181,25
1013182,0
1013183,0
1013184,0
1013185,0
1013186,26
1013187,0
1013188,0
1013189,0
1013190,0
1013191,0
1013192,0
1013193,0
1013194,0
1013195,0
1013196,27
1013197,0
1013198,0
1013199,0
1013200,0
1013201,41
1013202,0
1013203,0
1013204,0
1013205,0
1013206,0
1013207,0
1013208,0
1013209,0
1013210,0
1013211,0
1013212,0
1013213,0
1013214,0
1013215,0
1013216,34
1013217,0
1013218,0
1013219,28
1013220,0
1013221,0
1013222,0
1013223,0
1013224,0
1013225,33
1013226,0
1013227,0
1013228,0
1013229,0
1013230,0
1013231,0
1013232,0
1013233,0
1013234,54
1013235,0
1013236,0
1013237,0
1013238,25
1013239,0
1013240,0
1013241,0
1013242,0
1013243,0
1013244,0
1013245,0
1013246,0
1013247,0
1013248,0
1013249,0
1013250,34
1013251,0
1013252,0
1013253,0
1013254,0
1013255,0
1013256,0
1013257,0
1013258,0
1013259,0
1013260,0
1013261,0
1013262,0
1013263,0
1013264,0
1013265,0
1013266,0
1013267,0
1013268,38
1013269,0
1013270,0
1013271,0
1013272,0
1013273,0
1013274,0
1013275,0
1013276,0
1013277,0
1013278,0
1013279,0
1013280,0
1013281,0
1013282,0
1013283,0
1013284,0
1013285,0
1013286,25
1013287,30
1013288,0
1013289,0
1013290,0
1013291,0
1013292,0
1013293,0
1013294,0
1013295,0
1013296,0
1013297,0
1013298,0
1013299,0
1013300,0
1013301,0
1013302,0
1013303,0
1013304,0
1013305,0
1013306,0
1013307,0
1013308,0
1013309,0
1013310,0
1013311,18
1013312,0
1013313,0
1013314,0
1013315,0
1013316,0
1013317,0
1013318,0
1013319,0
1013320,0
1013321,0
1013322,0
1013323,0
1013324,0
1013325,0
1013326,23
1013327,0
1013328,0
1013329,0
1013330,0
1013331,0
1013332,0
1013333,30
1013334,0
1013335,0
1013336,0
1013337,0
1013338,0
1013339,0
1013340,0
1013341,0
1013342,0
1013343,0
1013344,0
1013345,0
1013346,0
1013347,0
1013348,0
1013349,0
1013350,0
1013351,0
1013352,0
1013353,22
1013354,28
1013355,0
1013356,0
1013357,0
1013358,0
1013359,0
1013360,0
1013361,0
1013362,0
1013363,0
1013364,0
1013365,53
1013366,0
1013367,0
1013368,0
1013369,0
1013370,0
1013371,41
1013372,0
1013373,0
1013374,0
1013375,0
1013376,0
1013377,0
1013378,0
1013379,0
1013380,0
1013381,0
1013382,0
1013383,0
1013384,0
1013385,32
1013386,31
1013387,0
1013388,0
1013389,0
1013390,0
1013391,0
1013392,28
1013393,0
1013394,0
1013395,0
1013396,0
1013397,0
1013398,0
1013399,0
1013400,0
1013401,0
1013402,0
1013403,0
1013404,0
1013405,0
1013406,0
1013407,0
1013408,0
1013409,0
1013410,0
1013411,0
1013412,0
1013413,0
1013414,0
1013415,0
1013416,0
1013417,0
1013418,0
1013419,31
1013420,0
1013421,0
1013422,30
1013423,0
1013424,0
1013425,0
1013426,0
1013427,41
1013428,0
1013429,0
1013430,0
1013431,43
1013432,0
1013433,0
1013434,0
1013435,0
1013436,0
1013437,0
1013438,0
1013439,0
1013440,0
1013441,0
1013442,0
1013443,0
1013444,0
1013445,0
1013446,0
1013447,0
1013448,0
1013449,0
1013450,37
1013451,0
1013452,0
1013453,0
1013454,0
1013455,30
1013456,0
1013457,0
1013458,0
1013459,0
1013460,0
1013461,0
1013462,0
1013463,0
1013464,0
1013465,0
1013466,0
1013467,0
1013468,0
1013469,0
1013470,0
1013471,0
1013472,0
1013473,0
1013474,0
1013475,0
1013476,0
1013477,0
1013478,0
1013479,0
1013480,35
1013481,0
1013482,0
1013483,0
1013484,0
1013485,0
1013486,0
1013487,0
1013488,25
1013489,0
1013490,0
1013491,0
1013492,0
1013493,0
1013494,0
1013495,0
1013496,0
1013497,34
1013498,30
1013499,0
1013500,0
1013501,0
1013502,0
1013503,0
1013504,0
1013505,0
1013506,0
1013507,0
1013508,0
1013509,0
1013510,0
1013511,36
1013512,0
1013513,0
1013514,0
1013515,0
1013516,0
1013517,0
1013518,0
1013519,0
1013520,0
1013521,0
1013522,0
1013523,0
1013524,0
1013525,18
1013526,0
1013527,0
1013528,33
1013529,0
1013530,0
1013531,22
1013532,0
1013533,0
1013534,0
1013535,0
1013536,0
1013537,0
1013538,0
1013539,0
1013540,0
1013541,0
1013542,0
1013543,0
1013544,0
1013545,0
1013546,0
1013547,0
1013548,0
1013549,30
1013550,0
1013551,0
1013552,0
1013553,0
1013554,0
1013555,0
1013556,0
1013557,0
1013558,0
1013559,0
1013560,0
1013561,27
1013562,0
1013563,0
1013564,0
1013565,0
1013566,0
1013567,0
1013568,0
1013569,0
1013570,26
1013571,0
1013572,32
1013573,0
1013574,18
1013575,34
1013576,0
1013577,0
1013578,0
1013579,0
1013580,0
1013581,0
1013582,0
1013583,0
1013584,0
1013585,0
1013586,0
1013587,0
1013588,0
1013589,0
1013590,0
1013591,0
1013592,0
1013593,30
1013594,0
1013595,0
1013596,0
1013597,0
1013598,0
1013599,0
1013600,0
1013601,0
1013602,0
1013603,21
1013604,0
1013605,0
1013606,0
1013607,0
1013608,0
1013609,0
1013610,0
1013611,0
1013612,34
1013613,0
1013614,0
1013615,0
1013616,0
1013617,0
1013618,0
1013619,0
1013620,0
1013621,0
1013622,0
1013623,0
1013624,0
1013625,0
1013626,0
1013627,0
1013628,0
1013629,0
1013630,0
1013631,0
1013632,0
1013633,0
1013634,0
1013635,0
1013636,0
1013637,0
1013638,0
1013639,0
1013640,0
1013641,0
1013642,0
1013643,0
1013644,0
1013645,0
1013646,0
1013647,0
1013648,0
1013649,0
1013650,0
1013651,0
1013652,0
1013653,0
1013654,0
1013655,0
1013656,0
1013657,0
1013658,0
1013659,29
1013660,0
1013661,0
1013662,0
1013663,0
1013664,0
1013665,36
1013666,0
1013667,0
1013668,0
1013669,18
1013670,0
1013671,0
1013672,0
1013673,0
1013674,29
1013675,0
1013676,0
1013677,0
1013678,0
1013679,0
1013680,0
1013681,0
1013682,44
1013683,0
1013684,0
1013685,0
1013686,0
1013687,0
1013688,0
1013689,0
1013690,0
1013691,0
1013692,0
1013693,0
1013694,0
1013695,0
1013696,0
1013697,28
1013698,0
1013699,0
1013700,32
1013701,0
1013702,0
1013703,0
1013704,0
1013705,0
1013706,0
1013707,0
1013708,0
1013709,0
1013710,0
1013711,0
1013712,0
1013713,0
1013714,0
1013715,0
1013716,0
1013717,0
1013718,0
1013719,0
1013720,0
1013721,0
1013722,0
1013723,0
1013724,0
1013725,0
1013726,30
1013727,0
1013728,0
1013729,0
1013730,0
1013731,0
1013732,0
1013733,14
1013734,0
1013735,0
1013736,0
1013737,0
1013738,0
1013739,0
1013740,0
1013741,0
1013742,0
1013743,0
1013744,0
1013745,0
1013746,0
1013747,0
1013748,0
1013749,0
1013750,0
1013751,0
1013752,0
1013753,0
1013754,0
1013755,0
1013756,0
1013757,0
1013758,0
1013759,0
1013760,0
1013761,0
1013762,50
1013763,0
1013764,0
1013765,0
1013766,0
1013767,0
1013768,0
1013769,0
1013770,0
1013771,0
1013772,0
1013773,0
1013774,0
1013775,0
1013776,0
1013777,0
1013778,0
1013779,0
1013780,0
1013781,0
1013782,0
1013783,0
1013784,0
1013785,0
1013786,0
1013787,0
1013788,0
1013789,0
1013790,0
1013791,0
1013792,0
1013793,0
1013794,0
1013795,0
1013796,0
1013797,34
1013798,0
1013799,0
1013800,0
1013801,0
1013802,0
1013803,0
1013804,45
1013805,0
1013806,0
1013807,0
1013808,0
1013809,29
1013810,0
1013811,0
1013812,0
1013813,0
1013814,0
1013815,0
1013816,0
1013817,29
1013818,0
1013819,0
1013820,39
1013821,0
1013822,0
1013823,0
1013824,0
1013825,0
1013826,29
1013827,0
1013828,33
1013829,0
1013830,0
1013831,0
1013832,0
1013833,0
1013834,0
1013835,0
1013836,0
1013837,0
1013838,0
1013839,0
1013840,0
1013841,0
1013842,0
1013843,0
1013844,0
1013845,0
1013846,0
1013847,0
1013848,0
1013849,0
1013850,0
1013851,0
1013852,0
1013853,0
1013854,0
1013855,0
1013856,0
1013857,41
1013858,0
1013859,24
1013860,38
1013861,0
1013862,0
1013863,0
1013864,0
1013865,0
1013866,0
1013867,0
1013868,0
1013869,0
1013870,0
1013871,0
1013872,0
1013873,0
1013874,0
1013875,0
1013876,0
1013877,0
1013878,0
1013879,0
1013880,0
1013881,0
1013882,0
1013883,0
1013884,0
1013885,0
1013886,0
1013887,0
1013888,0
1013889,0
1013890,0
1013891,0
1013892,0
1013893,0
1013894,0
1013895,0
1013896,9
1013897,0
1013898,0
1013899,0
1013900,0
1013901,0
1013902,0
1013903,0
1013904,0
1013905,0
1013906,0
1013907,0
1013908,0
1013909,0
1013910,0
1013911,0
1013912,0
1013913,0
1013914,0
1013915,0
1013916,0
1013917,0
1013918,0
1013919,0
1013920,0
1013921,0
1013922,0
1013923,0
1013924,0
1013925,0
1013926,0
1013927,0
1013928,0
1013929,16
1013930,0
1013931,0
1013932,11
1013933,0
1013934,0
1013935,0
1013936,0
1013937,0
1013938,0
1013939,0
1013940,0
1013941,0
1013942,0
1013943,0
1013944,0
1013945,0
1013946,0
1013947,0
1013948,0
1013949,0
1013950,0
1013951,0
1013952,0
1013953,0
1013954,0
1013955,0
1013956,13
1013957,0
1013958,0
1013959,0
1013960,0
1013961,0
1013962,0
1013963,0
1013964,0
1013965,0
1013966,0
1013967,0
1013968,0
1013969,0
1013970,0
1013971,0
1013972,0
1013973,12
1013974,0
1013975,0
1013976,0
1013977,8
1013978,0
1013979,0
1013980,0
1013981,0
1013982,0
1013983,0
1013984,0
1013985,0
1013986,0
1013987,0
1013988,0
1013989,0
1013990,0
1013991,0
1013992,0
1013993,8
1013994,0
1013995,0
1013996,0
1013997,0
1013998,0
1013999,0
1014000,0
1014001,0
1014002,0
1014003,0
1014004,0
1014005,0
1014006,0
1014007,0
1014008,0
1014009,0
1014010,0
1014011,0
1014012,0
1014013,0
1014014,0
1014015,0
1014016,0
1014017,0
1014018,0
1014019,0
1014020,0
1014021,0
1014022,0
1014023,0
1014024,0
1014025,0
1014026,0
1014027,0
1014028,0
1014029,0
1014030,15
1014031,0
1014032,0
1014033,0
1014034,0
1014035,0
1014036,14
1014037,0
1014038,0
1014039,0
1014040,0
1014041,0
1014042,7
1014043,0
1014044,0
1014045,0
1014046,0
1014047,0
1014048,0
1014049,0
1014050,14
1014051,0
1014052,0
1014053,0
1014054,0
1014055,0
1014056,0
1014057,0
1014058,0
1014059,0
1014060,0
1014061,0
1014062,0
1014063,0
1014064,0
1014065,0
1014066,0
1014067,0
1014068,0
1014069,0
1014070,0
1014071,0
1014072,0
1014073,0
1014074,0
1014075,0
1014076,0
1014077,0
1014078,0
1014079,0
1014080,0
1014081,0
1014082,0
1014083,0
1014084,0
1014085,8
1014086,0
1014087,0
1014088,0
1014089,0
1014090,0
1014091,0
1014092,10
1014093,11
1014094,15
1014095,0
1014096,0
1014097,0
1014098,0
1014099,0
1014100,10
1014101,0
1014102,0
1014103,9
1014104,0
1014105,0
1014106,0
1014107,0
1014108,0
1014109,0
1014110,0
1014111,0
1014112,0
1014113,0
1014114,0
1014115,0
1014116,0
1014117,0
1014118,0
1014119,0
1014120,0
1014121,0
1014122,0
1014123,0
1014124,0
1014125,0
1014126,0
1014127,0
1014128,0
1014129,0
1014130,0
1014131,0
1014132,0
1014133,0
1014134,0
1014135,0
1014136,0
1014137,0
1014138,0
1014139,0
1014140,0
1014141,0
1014142,0
1014143,0
1014144,14
1014145,0
1014146,0
1014147,0
1014148,0
1014149,0
1014150,0
1014151,0
1014152,0
1014153,0
1014154,0
1014155,19
1014156,0
1014157,0
1014158,0
1014159,0
1014160,0
1014161,16
1014162,0
1014163,0
1014164,0
1014165,0
1014166,0
1014167,0
1014168,0
1014169,0
1014170,0
1014171,0
1014172,0
1014173,0
1014174,0
1014175,0
1014176,0
1014177,0
1014178,0
1014179,0
1014180,0
1014181,0
1014182,20
1014183,0
1014184,0
1014185,20
1014186,0
1014187,0
1014188,0
1014189,0
1014190,0
1014191,0
1014192,0
1014193,0
1014194,0
1014195,0
1014196,0
1014197,0
1014198,0
1014199,0
1014200,0
1014201,12
1014202,0
1014203,0
1014204,0
1014205,0
1014206,0
1014207,0
1014208,0
1014209,0
1014210,0
1014211,0
1014212,16
1014213,0
1014214,14
1014215,0
1014216,0
1014217,0
1014218,0
1014219,0
1014220,0
1014221,0
1014222,0
1014223,0
1014224,0
1014225,0
1014226,13
1014227,0
1014228,0
1014229,0
1014230,0
1014231,15
1014232,0
1014233,0
1014234,0
1014235,9
1014236,0
1014237,0
1014238,0
1014239,0
1014240,0
1014241,0
1014242,0
1014243,0
1014244,0
1014245,0
1014246,0
1014247,0
1014248,0
1014249,0
1014250,0
1014251,0
1014252,0
1014253,0
1014254,0
1014255,0
1014256,0
1014257,0
1014258,0
1014259,0
1014260,0
1014261,0
1014262,12
1014263,0
1014264,0
1014265,0
1014266,0
1014267,0
1014268,0
1014269,0
1014270,13
1014271,0
1014272,0
1014273,0
1014274,11
1014275,0
1014276,0
1014277,0
1014278,10
1014279,0
1014280,0
1014281,0
1014282,0
1014283,0
1014284,12
1014285,0
1014286,0
1014287,0
1014288,16
1014289,0
1014290,0
1014291,0
1014292,0
1014293,0
1014294,0
1014295,0
1014296,0
1014297,0
1014298,0
1014299,0
1014300,0
1014301,0
1014302,0
1014303,0
1014304,0
1014305,0
1014306,0
1014307,0
1014308,0
1014309,0
1014310,0
1014311,0
1014312,13
1014313,0
1014314,0
1014315,0
1014316,0
1014317,0
1014318,0
1014319,0
1014320,15
1014321,0
1014322,0
1014323,0
1014324,0
1014325,18
1014326,11
1014327,0
1014328,0
1014329,0
1014330,0
1014331,0
1014332,0
1014333,0
1014334,0
1014335,13
1014336,0
1014337,0
1014338,0
1014339,0
1014340,0
1014341,15
1014342,0
1014343,0
1014344,0
1014345,0
1014346,0
1014347,15
1014348,0
1014349,0
1014350,0
1014351,0
1014352,0
1014353,0
1014354,0
1014355,0
1014356,0
1014357,0
1014358,7
1014359,0
1014360,0
1014361,0
1014362,0
1014363,0
1014364,0
1014365,0
1014366,0
1014367,0
1014368,0
1014369,0
1014370,0
1014371,0
1014372,0
1014373,0
1014374,0
1014375,0
1014376,0
1014377,0
1014378,13
1014379,0
1014380,0
1014381,0
1014382,0
1014383,0
1014384,0
1014385,0
1014386,0
1014387,0
1014388,0
1014389,0
1014390,0
1014391,0
1014392,0
1014393,0
1014394,0
1014395,0
1014396,0
1014397,0
1014398,0
1014399,0
1014400,0
1014401,0
1014402,0
1014403,0
1014404,0
1014405,0
1014406,0
1014407,0
1014408,0
1014409,0
1014410,0
1014411,0
1014412,0
1014413,11
1014414,21
1014415,33
1014416,0
1014417,0
1014418,0
1014419,0
1014420,0
1014421,0
1014422,22
1014423,0
1014424,0
1014425,0
1014426,0
1014427,19
1014428,0
1014429,0
1014430,0
1014431,0
1014432,6
1014433,0
1014434,0
1014435,0
1014436,0
1014437,0
1014438,0
1014439,0
1014440,26
1014441,0
1014442,0
1014443,0
1014444,0
1014445,0
1014446,0
1014447,0
1014448,0
1014449,0
1014450,0
1014451,0
1014452,0
1014453,0
1014454,21
1014455,16
1014456,0
1014457,30
1014458,0
1014459,0
1014460,0
1014461,0
1014462,0
1014463,0
1014464,0
1014465,0
1014466,12
1014467,27
1014468,0
1014469,0
1014470,0
1014471,29
1014472,0
1014473,0
1014474,0
1014475,0
1014476,20
1014477,0
1014478,29
1014479,0
1014480,18
1014481,0
1014482,13
1014483,27
1014484,0
1014485,0
1014486,0
1014487,0
1014488,0
1014489,0
1014490,0
1014491,0
1014492,0
1014493,0
1014494,15
1014495,0
1014496,0
1014497,0
1014498,0
1014499,0
1014500,0
1014501,31
1014502,21
1014503,0
1014504,0
1014505,0
1014506,0
1014507,0
1014508,0
1014509,16
1014510,24
1014511,14
1014512,18
1014513,0
1014514,24
1014515,0
1014516,48
1014517,0
1014518,0
1014519,0
1014520,0
1014521,25
1014522,0
1014523,0
1014524,0
1014525,0
1014526,0
1014527,0
1014528,0
1014529,0
1014530,0
1014531,19
1014532,17
1014533,0
1014534,0
1014535,0
1014536,0
1014537,26
1014538,0
1014539,0
1014540,0
1014541,16
1014542,35
1014543,0
1014544,0
1014545,0
1014546,0
1014547,0
1014548,0
1014549,0
1014550,0
1014551,0
1014552,0
1014553,0
1014554,0
1014555,0
1014556,0
1014557,32
1014558,11
1014559,0
1014560,0
1014561,0
1014562,0
1014563,19
1014564,0
1014565,0
1014566,0
1014567,0
1014568,10
1014569,0
1014570,0
1014571,18
1014572,0
1014573,15
1014574,0
1014575,0
1014576,0
1014577,0
1014578,0
1014579,0
1014580,0
1014581,33
1014582,0
1014583,0
1014584,0
1014585,0
1014586,0
1014587,29
1014588,0
1014589,0
1014590,0
1014591,0
1014592,0
1014593,0
1014594,0
1014595,0
1014596,25
1014597,0
1014598,0
1014599,0
1014600,0
1014601,0
1014602,0
1014603,0
1014604,0
1014605,27
1014606,32
1014607,0
1014608,0
1014609,0
1014610,0
1014611,0
1014612,0
1014613,0
1014614,0
1014615,0
1014616,0
1014617,27
1014618,0
1014619,0
1014620,0
1014621,0
1014622,0
1014623,23
1014624,0
1014625,0
1014626,0
1014627,19
1014628,0
1014629,0
1014630,0
1014631,0
1014632,0
1014633,0
1014634,28
1014635,0
1014636,0
1014637,0
1014638,0
1014639,0
1014640,0
1014641,0
1014642,0
1014643,0
1014644,23
1014645,0
1014646,0
1014647,0
1014648,0
1014649,31
1014650,0
1014651,0
1014652,0
1014653,0
1014654,0
1014655,0
1014656,0
1014657,0
1014658,0
1014659,17
1014660,0
1014661,0
1014662,0
1014663,0
1014664,26
1014665,18
1014666,20
1014667,0
1014668,0
1014669,0
1014670,26
1014671,16
1014672,0
1014673,0
1014674,15
1014675,0
1014676,0
1014677,25
1014678,0
1014679,15
1014680,0
1014681,0
1014682,0
1014683,0
1014684,0
1014685,0
1014686,0
1014687,16
1014688,40
1014689,0
1014690,0
1014691,0
1014692,0
1014693,0
1014694,0
1014695,23
1014696,23
1014697,13
1014698,0
1014699,0
1014700,28
1014701,0
1014702,20
1014703,0
1014704,25
1014705,0
1014706,0
1014707,0
1014708,0
1014709,0
1014710,0
1014711,0
1014712,0
1014713,0
1014714,0
1014715,0
1014716,0
1014717,12
1014718,37
1014719,0
1014720,15
1014721,25
1014722,0
1014723,0
1014724,0
1014725,15
1014726,0
1014727,0
1014728,0
1014729,0
1014730,0
1014731,22
1014732,0
1014733,0
1014734,0
1014735,0
1014736,22
1014737,0
1014738,26
1014739,0
1014740,0
1014741,0
1014742,0
1014743,0
1014744,0
1014745,0
1014746,0
1014747,0
1014748,0
1014749,0
1014750,0
1014751,0
1014752,0
1014753,0
1014754,25
1014755,23
1014756,0
1014757,0
1014758,0
1014759,0
1014760,0
1014761,0
1014762,0
1014763,26
1014764,0
1014765,30
1014766,0
1014767,0
1014768,0
1014769,0
1014770,36
1014771,0
1014772,20
1014773,0
1014774,26
1014775,0
1014776,0
1014777,0
1014778,0
1014779,0
1014780,0
1014781,0
1014782,0
1014783,0
1014784,0
1014785,0
1014786,0
1014787,0
1014788,0
1014789,25
1014790,0
1014791,12
1014792,0
1014793,0
1014794,0
1014795,0
1014796,0
1014797,0
1014798,0
1014799,26
1014800,0
1014801,0
1014802,0
1014803,0
1014804,0
1014805,0
1014806,19
1014807,0
1014808,24
1014809,23
1014810,0
1014811,0
1014812,0
1014813,0
1014814,0
1014815,0
1014816,0
1014817,0
1014818,26
1014819,0
1014820,0
1014821,0
1014822,0
1014823,0
1014824,0
1014825,0
1014826,0
1014827,0
1014828,22
1014829,0
1014830,0
1014831,0
1014832,0
1014833,35
1014834,14
1014835,0
1014836,0
1014837,0
1014838,20
1014839,0
1014840,12
1014841,22
1014842,0
1014843,24
1014844,0
1014845,0
1014846,0
1014847,27
1014848,0
1014849,0
1014850,0
1014851,0
1014852,0
1014853,0
1014854,0
1014855,29
1014856,0
1014857,0
1014858,0
1014859,16
1014860,16
1014861,0
1014862,0
1014863,0
1014864,0
1014865,0
1014866,19
1014867,0
1014868,0
1014869,0
1014870,0
1014871,0
1014872,11
1014873,0
1014874,0
1014875,0
1014876,0
1014877,13
1014878,0
1014879,0
1014880,0
1014881,0
1014882,0
1014883,0
1014884,0
1014885,0
1014886,19
1014887,0
1014888,0
1014889,0
1014890,0
1014891,0
1014892,0
1014893,0
1014894,0
1014895,26
1014896,25
1014897,22
1014898,0
1014899,15
1014900,0
1014901,0
1014902,15
1014903,0
1014904,0
1014905,0
1014906,0
1014907,0
1014908,18
1014909,28
1014910,0
1014911,0
1014912,0
1014913,0
1014914,0
1014915,21
1014916,0
1014917,13
1014918,15
1014919,0
1014920,20
1014921,0
1014922,0
1014923,0
1014924,0
1014925,0
1014926,0
1014927,0
1014928,26
1014929,0
1014930,0
1014931,0
1014932,0
1014933,0
1014934,0
1014935,0
1014936,0
1014937,0
1014938,0
1014939,0
1014940,22
1014941,29
1014942,17
1014943,17
1014944,20
1014945,28
1014946,0
1014947,0
1014948,0
1014949,0
1014950,0
1014951,0
1014952,0
1014953,15
1014954,0
1014955,0
1014956,14
1014957,17
1014958,0
1014959,15
1014960,0
1014961,19
1014962,0
1014963,0
1014964,0
1014965,0
1014966,15
1014967,0
1014968,0
1014969,0
1014970,0
1014971,0
1014972,39
1014973,0
1014974,0
1014975,17
1014976,0
1014977,0
1014978,0
1014979,21
1014980,0
1014981,0
1014982,0
1014983,0
1014984,0
1014985,0
1014986,30
1014987,37
1014988,0
1014989,23
1014990,0
1014991,0
1014992,19
1014993,0
1014994,15
1014995,19
1014996,0
1014997,40
1014998,23
1014999,24
1015000,17
1015001,0
1015002,0
1015003,0
1015004,0
1015005,0
1015006,0
1015007,0
1015008,0
1015009,0
1015010,0
1015011,14
1015012,0
1015013,0
1015014,0
1015015,0
1015016,0
1015017,15
1015018,0
1015019,24
1015020,0
1015021,0
1015022,0
1015023,0
1015024,0
1015025,0
1015026,0
1015027,0
1015028,0
1015029,0
1015030,33
1015031,0
1015032,0
1015033,0
1015034,25
1015035,0
1015036,0
1015037,0
1015038,0
1015039,0
1015040,0
1015041,27
1015042,0
1015043,15
1015044,0
1015045,0
1015046,0
1015047,13
1015048,0
1015049,33
1015050,0
1015051,0
1015052,0
1015053,0
1015054,28
1015055,0
1015056,0
1015057,0
1015058,0
1015059,19
1015060,0
1015061,19
1015062,0
1015063,0
1015064,0
1015065,0
1015066,0
1015067,0
1015068,0
1015069,0
1015070,0
1015071,0
1015072,34
1015073,0
1015074,0
1015075,0
1015076,21
1015077,0
1015078,0
1015079,0
1015080,0
1015081,12
1015082,0
1015083,14
1015084,0
1015085,12
1015086,0
1015087,0
1015088,23
1015089,9
1015090,21
1015091,0
1015092,0
1015093,0
1015094,0
1015095,0
1015096,0
1015097,18
1015098,0
1015099,0
1015100,0
1015101,0
1015102,0
1015103,0
1015104,0
1015105,0
1015106,0
1015107,0
1015108,0
1015109,0
1015110,0
1015111,0
1015112,0
1015113,0
1015114,0
1015115,0
1015116,30
1015117,0
1015118,0
1015119,0
1015120,0
1015121,18
1015122,0
1015123,0
1015124,0
1015125,0
1015126,0
1015127,0
1015128,0
1015129,0
1015130,0
1015131,0
1015132,0
1015133,0
1015134,0
1015135,0
1015136,0
1015137,0
1015138,0
1015139,13
1015140,0
1015141,15
1015142,0
1015143,31
1015144,0
1015145,0
1015146,20
1015147,0
1015148,0
1015149,19
1015150,0
1015151,0
1015152,0
1015153,0
1015154,0
1015155,20
1015156,17
1015157,0
1015158,0
1015159,0
1015160,0
1015161,0
1015162,0
1015163,0
1015164,0
1015165,33
1015166,32
1015167,14
1015168,0
1015169,16
1015170,0
1015171,21
1015172,0
1015173,0
1015174,0
1015175,13
1015176,10
1015177,0
1015178,0
1015179,0
1015180,13
1015181,31
1015182,0
1015183,0
1015184,0
1015185,0
1015186,0
1015187,0
1015188,0
1015189,25
1015190,0
1015191,0
1015192,22
1015193,0
1015194,13
1015195,28
1015196,0
1015197,0
1015198,20
1015199,0
1015200,26
1015201,0
1015202,0
1015203,0
1015204,0
1015205,0
1015206,0
1015207,27
1015208,0
1015209,0
1015210,0
1015211,0
1015212,34
1015213,0
1015214,0
1015215,0
1015216,21
1015217,0
1015218,0
1015219,17
1015220,11
1015221,0
1015222,0
1015223,37
1015224,0
1015225,0
1015226,0
1015227,23
1015228,0
1015229,0
1015230,20
1015231,0
1015232,0
1015233,0
1015234,0
1015235,0
1015236,0
1015237,0
1015238,0
1015239,0
1015240,17
1015241,0
1015242,0
1015243,0
1015244,22
1015245,0
1015246,28
1015247,16
1015248,0
1015249,0
1015250,0
1015251,0
1015252,0
1015253,0
1015254,0
1015255,11
1015256,0
1015257,0
1015258,18
1015259,0
1015260,0
1015261,0
1015262,0
1015263,0
1015264,0
1015265,0
1015266,0
1015267,32
1015268,0
1015269,0
1015270,0
1015271,0
1015272,0
1015273,0
1015274,22
1015275,0
1015276,0
1015277,0
1015278,0
1015279,0
1015280,0
1015281,22
1015282,0
1015283,0
1015284,25
1015285,0
1015286,0
1015287,0
1015288,0
1015289,21
1015290,0
1015291,0
1015292,0
1015293,0
1015294,0
1015295,0
1015296,26
1015297,32
1015298,0
1015299,0
1015300,0
1015301,16
1015302,0
1015303,0
1015304,0
1015305,22
1015306,29
1015307,0
1015308,0
1015309,0
1015310,0
1015311,0
1015312,0
1015313,0
1015314,0
1015315,0
1015316,0
1015317,0
1015318,0
1015319,0
1015320,0
1015321,32
1015322,0
1015323,0
1015324,0
1015325,20
1015326,0
1015327,15
1015328,0
1015329,0
1015330,0
1015331,0
1015332,0
1015333,0
1015334,29
1015335,0
1015336,0
1015337,0
1015338,0
1015339,25
1015340,0
1015341,29
1015342,0
1015343,0
1015344,0
1015345,25
1015346,0
1015347,29
1015348,0
1015349,33
1015350,0
1015351,15
1015352,0
1015353,0
1015354,17
1015355,0
1015356,0
1015357,0
1015358,0
1015359,0
1015360,23
1015361,0
1015362,0
1015363,33
1015364,24
1015365,0
1015366,0
1015367,29
1015368,0
1015369,0
1015370,0
1015371,0
1015372,25
1015373,0
1015374,0
1015375,41
1015376,0
1015377,0
1015378,0
1015379,0
1015380,0
1015381,18
1015382,0
1015383,39
1015384,0
1015385,0
1015386,0
1015387,0
1015388,21
1015389,0
1015390,0
1015391,0
1015392,0
1015393,0
1015394,28
1015395,0
1015396,25
1015397,0
1015398,0
1015399,23
1015400,0
1015401,0
1015402,0
1015403,26
1015404,0
1015405,0
1015406,0
1015407,28
1015408,0
1015409,0
1015410,0
1015411,18
1015412,0
1015413,0
1015414,0
1015415,0
1015416,0
1015417,32
1015418,0
1015419,24
1015420,0
1015421,0
1015422,23
1015423,0
1015424,0
1015425,0
1015426,0
1015427,0
1015428,27
1015429,0
1015430,0
1015431,0
1015432,0
1015433,0
1015434,0
1015435,15
1015436,0
1015437,0
1015438,26
1015439,0
1015440,0
1015441,0
1015442,28
1015443,0
1015444,0
1015445,0
1015446,0
1015447,0
1015448,0
1015449,0
1015450,0
1015451,35
1015452,0
1015453,0
1015454,0
1015455,0
1015456,0
1015457,0
1015458,0
1015459,20
1015460,0
1015461,0
1015462,0
1015463,0
1015464,0
1015465,0
1015466,0
1015467,0
1015468,0
1015469,18
1015470,0
1015471,0
1015472,0
1015473,0
1015474,0
1015475,0
1015476,0
1015477,0
1015478,0
1015479,34
1015480,0
1015481,0
1015482,0
1015483,0
1015484,0
1015485,0
1015486,15
1015487,0
1015488,0
1015489,0
1015490,0
1015491,0
1015492,0
1015493,0
1015494,24
1015495,0
1015496,0
1015497,0
1015498,15
1015499,22
1015500,0
1015501,0
1015502,0
1015503,29
1015504,0
1015505,0
1015506,0
1015507,0
1015508,25
1015509,0
1015510,0
1015511,35
1015512,0
1015513,0
1015514,0
1015515,0
1015516,0
1015517,24
1015518,0
1015519,0
1015520,0
1015521,0
1015522,0
1015523,25
1015524,0
1015525,0
1015526,0
1015527,0
1015528,18
1015529,28
1015530,0
1015531,0
1015532,0
1015533,0
1015534,0
1015535,0
1015536,0
1015537,0
1015538,0
1015539,0
1015540,24
1015541,0
1015542,0
1015543,0
1015544,0
1015545,0
1015546,0
1015547,0
1015548,0
1015549,0
1015550,0
1015551,0
1015552,0
1015553,0
1015554,0
1015555,0
1015556,0
1015557,0
1015558,18
1015559,0
1015560,36
1015561,0
1015562,0
1015563,0
1015564,0
1015565,0
1015566,39
1015567,0
1015568,0
1015569,0
1015570,0
1015571,0
1015572,30
1015573,0
1015574,0
1015575,0
1015576,0
1015577,0
1015578,0
1015579,0
1015580,41
1015581,26
1015582,0
1015583,24
1015584,0
1015585,0
1015586,0
1015587,0
1015588,29
1015589,0
1015590,0
1015591,0
1015592,0
1015593,0
1015594,0
1015595,40
1015596,0
1015597,0
1015598,0
1015599,0
1015600,0
1015601,0
1015602,28
1015603,0
1015604,37
1015605,0
1015606,0
1015607,0
1015608,0
1015609,0
1015610,0
1015611,38
1015612,0
1015613,23
1015614,27
1015615,37
1015616,0
1015617,31
1015618,0
1015619,0
1015620,0
1015621,27
1015622,0
1015623,0
1015624,0
1015625,0
1015626,0
1015627,0
1015628,0
1015629,23
1015630,0
1015631,37
1015632,0
1015633,0
1015634,0
1015635,0
1015636,0
1015637,27
1015638,0
1015639,0
1015640,0
1015641,0
1015642,0
1015643,0
1015644,0
1015645,0
1015646,0
1015647,0
1015648,0
1015649,0
1015650,0
1015651,41
1015652,0
1015653,0
1015654,0
1015655,0
1015656,12
1015657,0
1015658,0
1015659,0
1015660,28
1015661,0
1015662,0
1015663,0
1015664,0
1015665,26
1015666,0
1015667,0
1015668,0
1015669,0
1015670,0
1015671,0
1015672,0
1015673,0
1015674,0
1015675,0
1015676,0
1015677,0
1015678,18
1015679,33
1015680,0
1015681,0
1015682,0
1015683,0
1015684,0
1015685,0
1015686,16
1015687,28
1015688,0
1015689,0
1015690,0
1015691,0
1015692,0
1015693,0
1015694,0
1015695,0
1015696,0
1015697,0
1015698,0
1015699,0
1015700,0
1015701,0
1015702,0
1015703,19
1015704,0
1015705,0
1015706,0
1015707,20
1015708,0
1015709,19
1015710,0
1015711,0
1015712,36
1015713,25
1015714,26
1015715,35
1015716,41
1015717,0
1015718,0
1015719,0
1015720,0
1015721,0
1015722,0
1015723,0
1015724,28
1015725,25
1015726,27
1015727,0
1015728,0
1015729,0
1015730,21
1015731,30
1015732,0
1015733,0
1015734,0
1015735,0
1015736,0
1015737,27
1015738,0
1015739,0
1015740,26
1015741,0
1015742,24
1015743,0
1015744,0
1015745,0
1015746,0
1015747,29
1015748,25
1015749,0
1015750,0
1015751,0
1015752,29
1015753,0
1015754,0
1015755,0
1015756,0
1015757,23
1015758,0
1015759,0
1015760,0
1015761,0
1015762,0
1015763,0
1015764,21
1015765,21
1015766,0
1015767,0
1015768,30
1015769,0
1015770,18
1015771,0
1015772,0
1015773,0
1015774,0
1015775,0
1015776,0
1015777,40
1015778,0
1015779,0
1015780,0
1015781,31
1015782,0
1015783,0
1015784,0
1015785,0
1015786,28
1015787,27
1015788,0
1015789,0
1015790,20
1015791,0
1015792,0
1015793,0
1015794,0
1015795,0
1015796,0
1015797,0
1015798,0
1015799,0
1015800,0
1015801,0
1015802,0
1015803,0
1015804,0
1015805,0
1015806,0
1015807,0
1015808,20
1015809,0
1015810,28
1015811,0
1015812,0
1015813,0
1015814,0
1015815,0
1015816,0
1015817,0
1015818,28
1015819,0
1015820,0
1015821,0
1015822,0
1015823,0
1015824,0
1015825,0
1015826,0
1015827,0
1015828,24
1015829,0
1015830,0
1015831,0
1015832,0
1015833,0
1015834,0
1015835,0
1015836,0
1015837,0
1015838,0
1015839,33
1015840,0
1015841,0
1015842,0
1015843,0
1015844,0
1015845,0
1015846,0
1015847,0
1015848,0
1015849,25
1015850,17
1015851,0
1015852,0
1015853,34
1015854,35
1015855,0
1015856,0
1015857,0
1015858,0
1015859,33
1015860,0
1015861,0
1015862,19
1015863,0
1015864,39
1015865,0
1015866,0
1015867,0
1015868,0
1015869,0
1015870,0
1015871,0
1015872,42
1015873,0
1015874,0
1015875,0
1015876,0
1015877,0
1015878,0
1015879,0
1015880,0
1015881,0
1015882,0
1015883,0
1015884,0
1015885,0
1015886,0
1015887,21
1015888,20
1015889,18
1015890,0
1015891,0
1015892,0
1015893,0
1015894,0
1015895,0
1015896,0
1015897,28
1015898,0
1015899,0
1015900,0
1015901,0
1015902,0
1015903,0
1015904,0
1015905,0
1015906,0
1015907,0
1015908,0
1015909,0
1015910,0
1015911,0
1015912,38
1015913,0
1015914,0
1015915,0
1015916,0
1015917,30
1015918,0
1015919,0
1015920,0
1015921,24
1015922,0
1015923,0
1015924,0
1015925,0
1015926,28
1015927,0
1015928,0
1015929,25
1015930,0
1015931,0
1015932,0
1015933,0
1015934,0
1015935,0
1015936,0
1015937,0
1015938,0
1015939,0
1015940,0
1015941,0
1015942,0
1015943,0
1015944,22
1015945,0
1015946,0
1015947,0
1015948,0
1015949,17
1015950,21
1015951,40
1015952,0
1015953,25
1015954,0
1015955,0
1015956,0
1015957,0
1015958,0
1015959,0
1015960,0
1015961,0
1015962,0
1015963,0
1015964,0
1015965,0
1015966,0
1015967,0
1015968,0
1015969,0
1015970,0
1015971,0
1015972,0
1015973,0
1015974,0
1015975,0
1015976,0
1015977,29
1015978,0
1015979,0
1015980,0
1015981,0
1015982,0
1015983,0
1015984,0
1015985,0
1015986,0
1015987,0
1015988,0
1015989,0
1015990,0
1015991,0
1015992,0
1015993,0
1015994,0
1015995,0
1015996,0
1015997,0
1015998,0
1015999,28
1016000,27
1016001,0
1016002,26
1016003,0
1016004,0
1016005,0
1016006,0
1016007,0
1016008,0
1016009,0
1016010,0
1016011,0
1016012,0
1016013,0
1016014,0
1016015,0
1016016,0
1016017,0
1016018,0
1016019,0
1016020,0
1016021,0
1016022,14
1016023,0
1016024,0
1016025,0
1016026,0
1016027,0
1016028,15
1016029,0
1016030,0
1016031,0
1016032,0
1016033,0
1016034,0
1016035,0
1016036,0
1016037,0
1016038,0
1016039,0
1016040,0
1016041,0
1016042,0
1016043,30
1016044,0
1016045,0
1016046,0
1016047,0
1016048,0
1016049,0
1016050,0
1016051,0
1016052,0
1016053,19
1016054,0
1016055,24
1016056,0
1016057,0
1016058,0
1016059,0
1016060,0
1016061,0
1016062,20
1016063,33
1016064,0
1016065,0
1016066,0
1016067,0
1016068,0
1016069,0
1016070,0
1016071,0
1016072,0
1016073,17
1016074,0
1016075,24
1016076,0
1016077,0
1016078,0
1016079,0
1016080,0
1016081,20
1016082,0
1016083,0
1016084,0
1016085,34
1016086,0
1016087,0
1016088,0
1016089,27
1016090,0
1016091,0
1016092,0
1016093,0
1016094,0
1016095,0
1016096,0
1016097,0
1016098,0
1016099,0
1016100,0
1016101,0
1016102,19
1016103,22
1016104,0
1016105,25
1016106,0
1016107,0
1016108,10
1016109,0
1016110,0
1016111,27
1016112,0
1016113,0
1016114,0
1016115,22
1016116,19
1016117,16
1016118,17
1016119,0
1016120,0
1016121,0
1016122,0
1016123,0
1016124,0
1016125,0
1016126,0
1016127,0
1016128,0
1016129,0
1016130,0
1016131,0
1016132,30
1016133,0
1016134,21
1016135,0
1016136,0
1016137,0
1016138,0
1016139,18
1016140,0
1016141,0
1016142,19
1016143,0
1016144,0
1016145,0
1016146,0
1016147,0
1016148,0
1016149,0
1016150,0
1016151,0
1016152,0
1016153,19
1016154,27
1016155,13
1016156,0
1016157,0
1016158,0
1016159,0
1016160,15
1016161,11
1016162,0
1016163,0
1016164,0
1016165,0
1016166,0
1016167,0
1016168,0
1016169,0
1016170,0
1016171,0
1016172,0
1016173,22
1016174,0
1016175,0
1016176,0
1016177,0
1016178,0
1016179,0
1016180,0
1016181,0
1016182,11
1016183,0
1016184,0
1016185,0
1016186,0
1016187,0
1016188,0
1016189,0
1016190,18
1016191,0
1016192,0
1016193,0
1016194,0
1016195,0
1016196,0
1016197,22
1016198,0
1016199,0
1016200,0
1016201,22
1016202,0
1016203,0
1016204,0
1016205,0
1016206,0
1016207,0
1016208,0
1016209,0
1016210,0
1016211,0
1016212,0
1016213,0
1016214,0
1016215,0
1016216,0
1016217,0
1016218,0
1016219,0
1016220,0
1016221,0
1016222,0
1016223,0
1016224,26
1016225,0
1016226,0
1016227,0
1016228,0
1016229,0
1016230,0
1016231,0
1016232,0
1016233,0
1016234,0
1016235,0
1016236,0
1016237,0
1016238,19
1016239,0
1016240,12
1016241,0
1016242,15
1016243,0
1016244,0
1016245,0
1016246,0
1016247,0
1016248,0
1016249,0
1016250,27
1016251,28
1016252,0
1016253,0
1016254,0
1016255,15
1016256,0
1016257,0
1016258,0
1016259,17
1016260,0
1016261,0
1016262,0
1016263,20
1016264,0
1016265,12
1016266,13
1016267,10
1016268,27
1016269,0
1016270,8
1016271,0
1016272,19
1016273,0
1016274,0
1016275,0
1016276,0
1016277,0
1016278,0
1016279,0
1016280,0
1016281,13
1016282,0
1016283,0
1016284,0
1016285,0
1016286,30
1016287,0
1016288,0
1016289,0
1016290,0
1016291,0
1016292,0
1016293,0
1016294,0
1016295,0
1016296,0
1016297,0
1016298,0
1016299,0
1016300,25
1016301,0
1016302,0
1016303,0
1016304,18
1016305,0
1016306,0
1016307,0
1016308,0
1016309,0
1016310,0
1016311,0
1016312,0
1016313,28
1016314,0
1016315,0
1016316,0
1016317,0
1016318,0
1016319,0
1016320,13
1016321,0
1016322,0
1016323,14
1016324,0
1016325,0
1016326,0
1016327,0
1016328,0
1016329,0
1016330,19
1016331,30
1016332,0
1016333,0
1016334,0
1016335,18
1016336,0
1016337,0
1016338,0
1016339,0
1016340,0
1016341,0
1016342,0
1016343,0
1016344,0
1016345,0
1016346,0
1016347,0
1016348,0
1016349,0
1016350,0
1016351,0
1016352,19
1016353,0
1016354,14
1016355,0
1016356,0
1016357,23
1016358,0
1016359,0
1016360,15
1016361,0
1016362,0
1016363,0
1016364,0
1016365,0
1016366,0
1016367,0
1016368,0
1016369,0
1016370,0
1016371,24
1016372,0
1016373,24
1016374,0
1016375,0
1016376,0
1016377,0
1016378,0
1016379,0
1016380,0
1016381,0
1016382,0
1016383,0
1016384,0
1016385,0
1016386,0
1016387,0
1016388,0
1016389,0
1016390,0
1016391,0
1016392,0
1016393,0
1016394,15
1016395,16
1016396,18
1016397,0
1016398,0
1016399,0
1016400,0
1016401,0
1016402,0
1016403,0
1016404,9
1016405,0
1016406,25
1016407,0
1016408,0
1016409,0
1016410,0
1016411,0
1016412,0
1016413,25
1016414,0
1016415,0
1016416,0
1016417,0
1016418,21
1016419,0
1016420,0
1016421,0
1016422,0
1016423,0
1016424,0
1016425,18
1016426,23
1016427,0
1016428,0
1016429,0
1016430,18
1016431,0
1016432,0
1016433,0
1016434,0
1016435,0
1016436,28
1016437,0
1016438,0
1016439,0
1016440,0
1016441,26
1016442,13
1016443,0
1016444,19
1016445,0
1016446,0
1016447,0
1016448,0
1016449,0
1016450,0
1016451,0
1016452,25
1016453,0
1016454,22
1016455,0
1016456,10
1016457,29
1016458,0
1016459,0
1016460,0
1016461,21
1016462,30
1016463,16
1016464,0
1016465,0
1016466,0
1016467,22
1016468,10
1016469,0
1016470,13
1016471,0
1016472,0
1016473,0
1016474,0
1016475,0
1016476,0
1016477,0
1016478,0
1016479,0
1016480,0
1016481,0
1016482,0
1016483,0
1016484,0
1016485,0
1016486,0
1016487,20
1016488,0
1016489,0
1016490,23
1016491,0
1016492,0
1016493,0
1016494,20
1016495,0
1016496,0
1016497,18
1016498,18
1016499,13
1016500,0
1016501,0
1016502,0
1016503,0
1016504,0
1016505,0
1016506,0
1016507,0
1016508,0
1016509,21
1016510,0
1016511,0
1016512,0
1016513,19
1016514,0
1016515,0
1016516,0
1016517,0
1016518,23
1016519,0
1016520,0
1016521,0
1016522,17
1016523,0
1016524,0
1016525,0
1016526,0
1016527,0
1016528,0
1016529,0
1016530,0
1016531,0
1016532,0
1016533,0
1016534,0
1016535,0
1016536,13
1016537,27
1016538,0
1016539,0
1016540,0
1016541,24
1016542,0
1016543,0
1016544,0
1016545,0
1016546,0
1016547,0
1016548,0
1016549,0
1016550,0
1016551,0
1016552,0
1016553,0
1016554,0
1016555,17
1016556,0
1016557,16
1016558,0
1016559,0
1016560,0
1016561,0
1016562,0
1016563,0
1016564,0
1016565,0
1016566,14
1016567,0
1016568,0
1016569,0
1016570,0
1016571,0
1016572,0
1016573,0
1016574,0
1016575,0
1016576,0
1016577,0
1016578,16
1016579,0
1016580,17
1016581,0
1016582,0
1016583,0
1016584,7
1016585,0
1016586,0
1016587,0
1016588,25
1016589,22
1016590,0
1016591,0
1016592,0
1016593,0
1016594,0
1016595,0
1016596,33
1016597,0
1016598,0
1016599,0
1016600,0
1016601,0
1016602,0
1016603,0
1016604,0
1016605,0
1016606,0
1016607,0
1016608,19
1016609,0
1016610,0
1016611,0
1016612,0
1016613,0
1016614,0
1016615,0
1016616,0
1016617,0
1016618,0
1016619,0
1016620,17
1016621,0
1016622,0
1016623,0
1016624,0
1016625,0
1016626,12
1016627,14
1016628,0
1016629,0
1016630,0
1016631,0
1016632,21
1016633,0
1016634,0
1016635,0
1016636,0
1016637,0
1016638,0
1016639,0
1016640,0
1016641,0
1016642,19
1016643,0
1016644,0
1016645,0
1016646,0
1016647,0
1016648,0
1016649,0
1016650,0
1016651,22
1016652,0
1016653,0
1016654,0
1016655,0
1016656,0
1016657,0
1016658,0
1016659,0
1016660,0
1016661,0
1016662,0
1016663,0
1016664,0
1016665,0
1016666,0
1016667,0
1016668,0
1016669,0
1016670,0
1016671,0
1016672,22
1016673,0
1016674,0
1016675,0
1016676,0
1016677,0
1016678,0
1016679,16
1016680,0
1016681,0
1016682,24
1016683,0
1016684,18
1016685,0
1016686,0
1016687,0
1016688,0
1016689,0
1016690,0
1016691,0
1016692,0
1016693,0
1016694,0
1016695,0
1016696,0
1016697,0
1016698,0
1016699,17
1016700,0
1016701,0
1016702,0
1016703,0
1016704,0
1016705,0
1016706,0
1016707,0
1016708,15
1016709,0
1016710,0
1016711,0
1016712,0
1016713,0
1016714,0
1016715,0
1016716,0
1016717,0
1016718,0
1016719,0
1016720,0
1016721,12
1016722,0
1016723,0
1016724,0
1016725,0
1016726,0
1016727,0
1016728,0
1016729,20
1016730,0
1016731,19
1016732,0
1016733,21
1016734,0
1016735,14
1016736,0
1016737,0
1016738,0
1016739,0
1016740,0
1016741,0
1016742,0
1016743,0
1016744,15
1016745,0
1016746,0
1016747,0
1016748,0
1016749,0
1016750,0
1016751,0
1016752,0
1016753,0
1016754,0
1016755,0
1016756,11
1016757,0
1016758,0
1016759,24
1016760,0
1016761,0
1016762,0
1016763,0
1016764,0
1016765,0
1016766,0
1016767,0
1016768,0
1016769,31
1016770,22
1016771,20
1016772,0
1016773,0
1016774,0
1016775,12
1016776,0
1016777,0
1016778,0
1016779,0
1016780,14
1016781,0
1016782,0
1016783,15
1016784,14
1016785,0
1016786,0
1016787,0
1016788,16
1016789,0
1016790,0
1016791,0
1016792,0
1016793,0
1016794,0
1016795,22
1016796,0
1016797,0
1016798,0
1016799,0
1016800,14
1016801,15
1016802,0
1016803,0
1016804,0
1016805,17
1016806,14
1016807,0
1016808,0
1016809,0
1016810,0
1016811,0
1016812,0
1016813,19
1016814,0
1016815,0
1016816,0
1016817,20
1016818,0
1016819,15
1016820,0
1016821,0
1016822,0
1016823,0
1016824,0
1016825,26
1016826,0
1016827,0
1016828,0
1016829,0
1016830,0
1016831,0
1016832,15
1016833,18
1016834,0
1016835,0
1016836,0
1016837,23
1016838,0
1016839,0
1016840,0
1016841,0
1016842,0
1016843,0
1016844,0
1016845,0
1016846,15
1016847,0
1016848,0
1016849,0
1016850,0
1016851,0
1016852,0
1016853,14
1016854,12
1016855,0
1016856,0
1016857,26
1016858,18
1016859,14
1016860,0
1016861,17
1016862,0
1016863,16
1016864,0
1016865,0
1016866,0
1016867,0
1016868,0
1016869,0
1016870,0
1016871,0
1016872,0
1016873,0
1016874,30
1016875,0
1016876,0
1016877,21
1016878,11
1016879,18
1016880,20
1016881,0
1016882,0
1016883,0
1016884,0
1016885,0
1016886,0
1016887,17
1016888,0
1016889,0
1016890,0
1016891,0
1016892,19
1016893,0
1016894,0
1016895,0
1016896,0
1016897,0
1016898,0
1016899,17
1016900,0
1016901,0
1016902,0
1016903,0
1016904,0
1016905,0
1016906,0
1016907,0
1016908,0
1016909,0
1016910,16
1016911,23
1016912,0
1016913,0
1016914,0
1016915,0
1016916,0
1016917,0
1016918,0
1016919,0
1016920,0
1016921,22
1016922,0
1016923,0
1016924,0
1016925,18
1016926,16
1016927,0
1016928,0
1016929,16
1016930,0
1016931,0
1016932,0
1016933,0
1016934,0
1016935,0
1016936,0
1016937,0
1016938,0
1016939,0
1016940,0
1016941,19
1016942,11
1016943,0
1016944,0
1016945,0
1016946,0
1016947,0
1016948,0
1016949,0
1016950,0
1016951,0
1016952,0
1016953,0
1016954,0
1016955,0
1016956,0
1016957,0
1016958,0
1016959,0
1016960,16
1016961,0
1016962,0
1016963,0
1016964,23
1016965,0
1016966,0
1016967,0
1016968,0
1016969,0
1016970,0
1016971,0
1016972,0
1016973,0
1016974,18
1016975,0
1016976,0
1016977,0
1016978,0
1016979,0
1016980,0
1016981,30
1016982,0
1016983,0
1016984,0
1016985,0
1016986,14
1016987,0
1016988,0
1016989,0
1016990,17
1016991,0
1016992,0
1016993,0
1016994,0
1016995,0
1016996,16
1016997,0
1016998,17
1016999,19
1017000,0
1017001,0
1017002,0
1017003,0
1017004,0
1017005,0
1017006,0
1017007,0
1017008,0
1017009,0
1017010,0
1017011,0
1017012,0
1017013,0
1017014,0
1017015,0
1017016,0
1017017,0
1017018,0
1017019,0
1017020,0
1017021,0
1017022,0
1017023,37
1017024,35
1017025,0
1017026,0
1017027,0
1017028,0
1017029,0
1017030,0
1017031,0
1017032,0
1017033,0
1017034,0
1017035,0
1017036,29
1017037,0
1017038,0
1017039,0
1017040,0
1017041,0
1017042,0
1017043,0
1017044,0
1017045,0
1017046,0
1017047,0
1017048,0
1017049,0
1017050,0
1017051,0
1017052,0
1017053,0
1017054,32
1017055,0
1017056,0
1017057,0
1017058,0
1017059,0
1017060,0
1017061,0
1017062,0
1017063,0
1017064,0
1017065,0
1017066,32
1017067,0
1017068,0
1017069,0
1017070,0
1017071,35
1017072,0
1017073,0
1017074,0
1017075,0
1017076,46
1017077,0
1017078,0
1017079,0
1017080,0
1017081,41
1017082,30
1017083,0
1017084,46
1017085,0
1017086,0
1017087,33
1017088,0
1017089,0
1017090,0
1017091,0
1017092,0
1017093,0
1017094,0
1017095,41
1017096,37
1017097,0
1017098,0
1017099,0
1017100,0
1017101,0
1017102,0
1017103,41
1017104,0
1017105,33
1017106,0
1017107,0
1017108,0
1017109,0
1017110,0
1017111,0
1017112,0
1017113,26
1017114,0
1017115,0
1017116,0
1017117,0
1017118,0
1017119,0
1017120,0
1017121,30
1017122,28
1017123,26
1017124,0
1017125,0
1017126,26
1017127,0
1017128,0
1017129,0
1017130,0
1017131,0
1017132,0
1017133,0
1017134,0
1017135,34
1017136,32
1017137,37
1017138,0
1017139,38
1017140,0
1017141,0
1017142,0
1017143,0
1017144,0
1017145,0
1017146,0
1017147,0
1017148,0
1017149,0
1017150,18
1017151,0
1017152,0
1017153,0
1017154,0
1017155,0
1017156,0
1017157,0
1017158,0
1017159,0
1017160,0
1017161,0
1017162,40
1017163,0
1017164,0
1017165,0
1017166,0
1017167,0
1017168,33
1017169,0
1017170,45
1017171,49
1017172,0
1017173,0
1017174,0
1017175,0
1017176,0
1017177,0
1017178,33
1017179,0
1017180,35
1017181,0
1017182,37
1017183,0
1017184,35
1017185,0
1017186,28
1017187,0
1017188,0
1017189,0
1017190,0
1017191,0
1017192,0
1017193,0
1017194,45
1017195,25
1017196,0
1017197,0
1017198,0
1017199,0
1017200,0
1017201,0
1017202,0
1017203,0
1017204,0
1017205,0
1017206,0
1017207,0
1017208,31
1017209,0
1017210,0
1017211,0
1017212,0
1017213,0
1017214,0
1017215,0
1017216,14
1017217,16
1017218,0
1017219,0
1017220,0
1017221,11
1017222,0
1017223,0
1017224,0
1017225,14
1017226,0
1017227,17
1017228,0
1017229,0
1017230,14
1017231,0
1017232,0
1017233,0
1017234,0
1017235,12
1017236,18
1017237,0
1017238,0
1017239,0
1017240,0
1017241,0
1017242,0
1017243,0
1017244,0
1017245,9
1017246,0
1017247,20
1017248,0
1017249,0
1017250,0
1017251,0
1017252,0
1017253,9
1017254,0
1017255,16
1017256,0
1017257,0
1017258,0
1017259,0
1017260,0
1017261,0
1017262,0
1017263,0
1017264,0
1017265,11
1017266,6
1017267,0
1017268,0
1017269,0
1017270,0
1017271,0
1017272,0
1017273,20
1017274,0
1017275,5
1017276,0
1017277,0
1017278,0
1017279,0
1017280,11
1017281,0
1017282,18
1017283,7
1017284,0
1017285,0
1017286,11
1017287,0
1017288,19
1017289,0
1017290,17
1017291,0
1017292,0
1017293,0
1017294,7
1017295,0
1017296,0
1017297,19
1017298,0
1017299,12
1017300,8
1017301,0
1017302,0
1017303,0
1017304,0
1017305,0
1017306,13
1017307,0
1017308,0
1017309,0
1017310,13
1017311,0
1017312,13
1017313,8
1017314,19
1017315,0
1017316,0
1017317,2
1017318,0
1017319,0
1017320,0
1017321,0
1017322,0
1017323,16
1017324,13
1017325,0
1017326,0
1017327,0
1017328,0
1017329,0
1017330,16
1017331,0
1017332,0
1017333,13
1017334,0
1017335,0
1017336,0
1017337,0
1017338,0
1017339,17
1017340,0
1017341,11
1017342,0
1017343,0
1017344,0
1017345,0
1017346,11
1017347,0
1017348,8
1017349,0
1017350,0
1017351,0
1017352,17
1017353,0
1017354,0
1017355,0
1017356,0
1017357,0
1017358,0
1017359,17
1017360,0
1017361,0
1017362,0
1017363,0
1017364,12
1017365,0
1017366,0
1017367,0
1017368,0
1017369,0
1017370,0
1017371,0
1017372,11
1017373,12
1017374,0
1017375,0
1017376,0
1017377,0
1017378,0
1017379,0
1017380,14
1017381,12
1017382,0
1017383,8
1017384,0
1017385,0
1017386,0
1017387,14
1017388,0
1017389,0
1017390,9
1017391,13
1017392,0
1017393,12
1017394,0
1017395,0
1017396,0
1017397,7
1017398,0
1017399,0
1017400,0
1017401,0
1017402,0
1017403,12
1017404,0
1017405,0
1017406,0
1017407,0
1017408,0
1017409,0
1017410,8
1017411,8
1017412,0
1017413,0
1017414,0
1017415,0
1017416,0
1017417,9
1017418,0
1017419,0
1017420,0
1017421,0
1017422,0
1017423,0
1017424,0
1017425,0
1017426,0
1017427,15
1017428,16
1017429,0
1017430,0
1017431,0
1017432,8
1017433,0
1017434,0
1017435,9
1017436,0
1017437,14
1017438,14
1017439,0
1017440,18
1017441,0
1017442,13
1017443,0
1017444,0
1017445,10
1017446,0
1017447,0
1017448,0
1017449,0
1017450,0
1017451,11
1017452,13
1017453,14
1017454,0
1017455,9
1017456,0
1017457,11
1017458,13
1017459,0
1017460,0
1017461,10
1017462,0
1017463,0
1017464,0
1017465,0
1017466,0
1017467,20
1017468,0
1017469,0
1017470,0
1017471,0
1017472,0
1017473,0
1017474,0
1017475,11
1017476,7
1017477,14
1017478,15
1017479,0
1017480,8
1017481,9
1017482,0
1017483,0
1017484,8
1017485,8
1017486,0
1017487,0
1017488,6
1017489,0
1017490,0
1017491,9
1017492,0
1017493,9
1017494,12
1017495,13
1017496,0
1017497,0
1017498,12
1017499,17
1017500,0
1017501,16
1017502,0
1017503,16
1017504,0
1017505,0
1017506,10
1017507,0
1017508,11
1017509,0
1017510,0
1017511,0
1017512,0
1017513,0
1017514,0
1017515,0
1017516,21
1017517,0
1017518,0
1017519,0
1017520,0
1017521,0
1017522,0
1017523,0
1017524,0
1017525,0
1017526,0
1017527,0
1017528,0
1017529,0
1017530,0
1017531,0
1017532,0
1017533,16
1017534,0
1017535,0
1017536,0
1017537,0
1017538,13
1017539,0
1017540,0
1017541,6
1017542,12
1017543,0
1017544,0
1017545,0
1017546,0
1017547,20
1017548,0
1017549,0
1017550,0
1017551,0
1017552,0
1017553,0
1017554,11
1017555,8
1017556,0
1017557,8
1017558,0
1017559,0
1017560,0
1017561,0
1017562,17
1017563,0
1017564,13
1017565,0
1017566,0
1017567,11
1017568,0
1017569,14
1017570,0
1017571,24
1017572,0
1017573,0
1017574,0
1017575,0
1017576,11
1017577,10
1017578,13
1017579,0
1017580,0
1017581,7
1017582,0
1017583,0
1017584,0
1017585,0
1017586,21
1017587,0
1017588,0
1017589,14
1017590,9
1017591,19
1017592,0
1017593,0
1017594,14
1017595,0
1017596,0
1017597,22
1017598,11
1017599,0
1017600,0
1017601,0
1017602,0
1017603,0
1017604,0
1017605,16
1017606,0
1017607,0
1017608,0
1017609,0
1017610,0
1017611,0
1017612,12
1017613,10
1017614,16
1017615,0
1017616,0
1017617,15
1017618,14
1017619,0
1017620,0
1017621,14
1017622,0
1017623,0
1017624,16
1017625,12
1017626,0
1017627,14
1017628,0
1017629,0
1017630,0
1017631,11
1017632,15
1017633,0
1017634,16
1017635,0
1017636,0
1017637,0
1017638,0
1017639,0
1017640,0
1017641,0
1017642,0
1017643,0
1017644,0
1017645,7
1017646,12
1017647,0
1017648,14
1017649,0
1017650,0
1017651,0
1017652,0
1017653,0
1017654,0
1017655,10
1017656,0
1017657,0
1017658,11
1017659,0
1017660,0
1017661,0
1017662,0
1017663,0
1017664,0
1017665,0
1017666,18
1017667,0
1017668,21
1017669,21
1017670,0
1017671,8
1017672,0
1017673,0
1017674,0
1017675,0
1017676,0
1017677,0
1017678,12
1017679,0
1017680,13
1017681,12
1017682,0
1017683,17
1017684,0
1017685,13
1017686,19
1017687,0
1017688,0
1017689,21
1017690,0
1017691,13
1017692,0
1017693,12
1017694,0
1017695,0
1017696,0
1017697,0
1017698,0
1017699,14
1017700,8
1017701,0
1017702,12
1017703,0
1017704,0
1017705,0
1017706,1
1017707,0
1017708,0
1017709,0
1017710,0
1017711,0
1017712,0
1017713,0
1017714,6
1017715,0
1017716,0
1017717,2
1017718,0
1017719,6
1017720,0
1017721,0
1017722,0
1017723,0
1017724,0
1017725,0
1017726,0
1017727,4
1017728,8
1017729,0
1017730,0
1017731,0
1017732,2
1017733,0
1017734,0
1017735,6
1017736,0
1017737,0
1017738,0
1017739,4
1017740,0
1017741,0
1017742,0
1017743,0
1017744,0
1017745,0
1017746,0
1017747,0
1017748,0
1017749,1
1017750,0
1017751,1
1017752,0
1017753,0
1017754,0
1017755,0
1017756,0
1017757,0
1017758,0
1017759,0
1017760,0
1017761,0
1017762,0
1017763,0
1017764,0
1017765,0
1017766,1
1017767,0
1017768,0
1017769,0
1017770,0
1017771,0
1017772,4
1017773,0
1017774,0
1017775,0
1017776,6
1017777,0
1017778,0
1017779,0
1017780,0
1017781,3
1017782,0
1017783,0
1017784,0
1017785,3
1017786,3
1017787,0
1017788,0
1017789,0
1017790,4
1017791,0
1017792,0
1017793,0
1017794,6
1017795,0
1017796,5
1017797,3
1017798,0
1017799,0
1017800,0
1017801,0
1017802,0
1017803,0
1017804,2
1017805,0
1017806,0
1017807,0
1017808,0
1017809,3
1017810,3
1017811,0
1017812,0
1017813,0
1017814,0
1017815,2
1017816,0
1017817,5
1017818,2
1017819,0
1017820,0
1017821,0
1017822,0
1017823,0
1017824,2
1017825,0
1017826,0
1017827,0
1017828,6
1017829,8
1017830,0
1017831,2
1017832,0
1017833,0
1017834,0
1017835,0
1017836,0
1017837,0
1017838,0
1017839,0
1017840,0
1017841,0
1017842,0
1017843,0
1017844,0
1017845,0
1017846,0
1017847,0
1017848,0
1017849,0
1017850,0
1017851,0
1017852,0
1017853,0
1017854,0
1017855,0
1017856,0
1017857,0
1017858,0
1017859,0
1017860,0
1017861,0
1017862,0
1017863,0
1017864,0
1017865,0
1017866,0
1017867,0
1017868,0
1017869,0
1017870,0
1017871,0
1017872,0
1017873,0
1017874,0
1017875,0
1017876,0
1017877,0
1017878,0
1017879,0
1017880,0
1017881,0
1017882,0
1017883,0
1017884,0
1017885,0
1017886,0
1017887,0
1017888,0
1017889,0
1017890,0
1017891,0
1017892,0
1017893,0
1017894,0
1017895,0
1017896,0
1017897,0
1017898,0
1017899,0
1017900,0
1017901,0
1017902,0
1017903,0
1017904,0
1017905,0
1017906,0
1017907,0
1017908,0
1017909,0
1017910,0
1017911,0
1017912,0
1017913,0
1017914,0
1017915,0
1017916,0
1017917,0
1017918,0
1017919,0
1017920,0
1017921,0
1017922,0
1017923,0
1017924,0
1017925,0
1017926,0
1017927,0
1017928,0
1017929,0
1017930,0
1017931,0
1017932,0
1017933,0
1017934,0
1017935,0
1017936,0
1017937,0
1017938,0
1017939,0
1017940,0
1017941,0
1017942,0
1017943,0
1017944,0
1017945,0
1017946,0
1017947,0
1017948,0
1017949,0
1017950,0
1017951,0
1017952,0
1017953,0
1017954,0
1017955,0
1017956,0
1017957,0
1017958,0
1017959,0
1017960,0
1017961,0
1017962,0
1017963,0
1017964,0
1017965,0
1017966,0
1017967,0
1017968,0
1017969,0
1017970,0
1017971,0
1017972,0
1017973,0
1017974,0
1017975,0
1017976,0
1017977,0
1017978,0
1017979,0
1017980,0
1017981,0
1017982,0
1017983,0
1017984,0
1017985,0
1017986,0
1017987,0
1017988,0
1017989,0
1017990,0
1017991,0
1017992,0
1017993,0
1017994,0
1017995,0
1017996,0
1017997,0
1017998,0
1017999,0
1018000,0
1018001,0
1018002,0
1018003,0
1018004,0
1018005,0
1018006,0
1018007,0
1018008,0
1018009,0
1018010,0
1018011,0
1018012,0
1018013,0
1018014,0
1018015,0
1018016,0
1018017,0
1018018,0
1018019,0
1018020,0
1018021,0
1018022,0
1018023,0
1018024,0
1018025,0
1018026,0
1018027,0
1018028,0
1018029,0
1018030,0
1018031,0
1018032,0
1018033,0
1018034,0
1018035,0
1018036,0
1018037,0
1018038,0
1018039,0
1018040,1
1018041,0
1018042,0
1018043,0
1018044,0
1018045,0
1018046,0
1018047,0
1018048,0
1018049,0
1018050,0
1018051,0
1018052,0
1018053,0
1018054,0
1018055,0
1018056,0
1018057,0
1018058,0
1018059,0
1018060,0
1018061,0
1018062,0
1018063,0
1018064,0
1018065,0
1018066,0
1018067,0
1018068,0
1018069,0
1018070,0
1018071,0
1018072,0
1018073,0
1018074,0
1018075,0
1018076,0
1018077,0
1018078,0
1018079,0
1018080,0
1018081,0
1018082,0
1018083,0
1018084,0
1018085,0
1018086,0
1018087,0
1018088,0
1018089,0
1018090,0
1018091,0
1018092,0
1018093,0
1018094,0
1018095,0
1018096,1
1018097,0
1018098,0
1018099,0
1018100,0
1018101,0
1018102,1
1018103,0
1018104,0
1018105,0
1018106,0
1018107,0
1018108,0
1018109,0
1018110,0
1018111,0
1018112,0
1018113,0
1018114,0
1018115,0
1018116,0
1018117,0
1018118,0
1018119,0
1018120,0
1018121,0
1018122,0
1018123,0
1018124,0
1018125,0
1018126,0
1018127,0
1018128,0
1018129,0
1018130,0
1018131,0
1018132,0
1018133,0
1018134,0
1018135,0
1018136,0
1018137,0
1018138,0
1018139,0
1018140,0
1018141,0
1018142,0
1018143,0
1018144,0
1018145,0
1018146,0
1018147,0
1018148,0
1018149,0
1018150,0
1018151,0
1018152,0
1018153,0
1018154,0
1018155,0
1018156,0
1018157,0
1018158,0
1018159,0
1018160,0
1018161,0
1018162,0
1018163,0
1018164,0
1018165,0
1018166,0
1018167,0
1018168,0
1018169,0
1018170,0
1018171,0
1018172,0
1018173,0
1018174,0
1018175,0
1018176,0
1018177,0
1018178,0
1018179,0
1018180,0
1018181,0
1018182,0
1018183,0
1018184,0
1018185,0
1018186,0
1018187,0
1018188,0
1018189,0
1018190,0
1018191,0
1018192,0
1018193,0
1018194,0
1018195,0
1018196,0
1018197,0
1018198,0
1018199,0
1018200,0
1018201,0
1018202,0
1018203,0
1018204,0
1018205,0
1018206,0
1018207,0
1018208,0
1018209,0
1018210,0
1018211,0
1018212,0
1018213,0
1018214,0
1018215,0
1018216,0
1018217,0
1018218,0
1018219,0
1018220,0
1018221,0
1018222,0
1018223,0
1018224,0
1018225,0
1018226,0
1018227,0
1018228,0
1018229,0
1018230,0
1018231,0
1018232,0
1018233,0
1018234,0
1018235,0
1018236,0
1018237,0
1018238,0
1018239,0
1018240,0
1018241,0
1018242,0
1018243,0
1018244,0
1018245,0
1018246,0
1018247,0
1018248,0
1018249,0
1018250,0
1018251,0
1018252,0
1018253,0
1018254,0
1018255,0
1018256,0
1018257,0
1018258,0
1018259,0
1018260,0
1018261,0
1018262,0
1018263,0
1018264,0
1018265,0
1018266,0
1018267,0
1018268,0
1018269,0
1018270,0
1018271,0
1018272,0
1018273,0
1018274,0
1018275,0
1018276,0
1018277,0
1018278,0
1018279,0
1018280,0
1018281,0
1018282,0
1018283,0
1018284,0
1018285,0
1018286,0
1018287,0
1018288,0
1018289,0
1018290,0
1018291,0
1018292,0
1018293,0
1018294,0
1018295,0
1018296,0
1018297,0
1018298,0
1018299,0
1018300,0
1018301,0
1018302,0
1018303,0
1018304,0
1018305,0
1018306,0
1018307,0
1018308,0
1018309,0
1018310,0
1018311,0
1018312,0
1018313,0
1018314,0
1018315,0
1018316,0
1018317,0
1018318,0
1018319,0
1018320,0
1018321,0
1018322,0
1018323,0
1018324,0
1018325,0
1018326,0
1018327,0
1018328,0
1018329,0
1018330,0
1018331,0
1018332,0
1018333,0
1018334,0
1018335,0
1018336,0
1018337,0
1018338,0
1018339,0
1018340,0
1018341,0
1018342,0
1018343,0
1018344,0
1018345,0
1018346,0
1018347,0
1018348,0
1018349,0
1018350,0
1018351,0
1018352,0
1018353,0
1018354,0
1018355,0
1018356,0
1018357,0
1018358,0
1018359,0
1018360,0
1018361,0
1018362,0
1018363,0
1018364,0
1018365,0
1018366,0
1018367,0
1018368,0
1018369,0
1018370,0
1018371,0
1018372,0
1018373,0
1018374,0
1018375,0
1018376,0
1018377,0
1018378,0
1018379,0
1018380,0
1018381,0
1018382,0
1018383,0
1018384,0
1018385,0
1018386,0
1018387,0
1018388,0
1018389,0
1018390,0
1018391,0
1018392,0
1018393,0
1018394,0
1018395,0
1018396,0
1018397,0
1018398,0
1018399,0
1018400,0
1018401,0
1018402,0
1018403,0
1018404,0
1018405,0
1018406,0
1018407,0
1018408,0
1018409,0
1018410,0
1018411,0
1018412,0
1018413,0
1018414,0
1018415,0
1018416,0
1018417,0
1018418,0
1018419,0
1018420,0
1018421,0
1018422,0
1018423,0
1018424,0
1018425,0
1018426,0
1018427,0
1018428,0
1018429,0
1018430,0
1018431,0
1018432,0
1018433,0
1018434,0
1018435,0
1018436,1
1018437,0
1018438,0
1018439,0
1018440,0
1018441,0
1018442,0
1018443,0
1018444,0
1018445,0
1018446,0
1018447,0
1018448,0
1018449,0
1018450,0
1018451,0
1018452,0
1018453,0
1018454,0
1018455,0
1018456,0
1018457,0
1018458,0
1018459,0
1018460,0
1018461,0
1018462,0
1018463,0
1018464,0
1018465,0
1018466,0
1018467,0
1018468,0
1018469,0
1018470,0
1018471,0
1018472,0
1018473,0
1018474,0
1018475,0
1018476,0
1018477,0
1018478,0
1018479,0
1018480,0
1018481,0
1018482,0
1018483,0
1018484,0
1018485,0
1018486,0
1018487,0
1018488,0
1018489,0
1018490,0
1018491,0
1018492,0
1018493,0
1018494,0
1018495,0
1018496,0
1018497,0
1018498,0
1018499,0
1018500,0
1018501,0
1018502,0
1018503,0
1018504,0
1018505,0
1018506,0
1018507,0
1018508,0
1018509,0
1018510,0
1018511,0
1018512,0
1018513,0
1018514,0
1018515,0
1018516,0
1018517,0
1018518,0
1018519,0
1018520,0
1018521,0
1018522,0
1018523,0
1018524,0
1018525,0
1018526,0
1018527,0
1018528,0
1018529,0
1018530,0
1018531,0
1018532,0
1018533,0
1018534,0
1018535,0
1018536,0
1018537,0
1018538,0
1018539,0
1018540,0
1018541,0
1018542,0
1018543,0
1018544,0
1018545,0
1018546,0
1018547,0
1018548,0
1018549,0
1018550,0
1018551,0
1018552,0
1018553,0
1018554,0
1018555,0
1018556,0
1018557,0
1018558,0
1018559,0
1018560,0
1018561,0
1018562,0
1018563,0
1018564,0
1018565,0
1018566,0
1018567,0
1018568,0
1018569,0
1018570,0
1018571,0
1018572,0
1018573,0
1018574,0
1018575,0
1018576,0
1018577,0
1018578,0
1018579,0
1018580,0
1018581,0
1018582,0
1018583,0
1018584,0
1018585,0
1018586,0
1018587,0
1018588,0
1018589,0
1018590,0
1018591,0
1018592,0
1018593,0
1018594,0
1018595,0
1018596,0
1018597,0
1018598,0
1018599,0
1018600,0
1018601,0
1018602,0
1018603,0
1018604,0
1018605,0
1018606,0
1018607,0
1018608,0
1018609,0
1018610,0
1018611,0
1018612,0
1018613,0
1018614,0
1018615,0
1018616,0
1018617,0
1018618,0
1018619,0
1018620,0
1018621,0
1018622,0
1018623,0
1018624,0
1018625,0
1018626,0
1018627,0
1018628,0
1018629,0
1018630,0
1018631,0
1018632,0
1018633,0
1018634,0
1018635,0
1018636,0
1018637,0
1018638,0
1018639,0
1018640,0
1018641,0
1018642,0
1018643,0
1018644,0
1018645,0
1018646,0
1018647,0
1018648,0
1018649,0
1018650,0
1018651,0
1018652,0
1018653,0
1018654,0
1018655,1
1018656,0
1018657,0
1018658,0
1018659,0
1018660,0
1018661,0
1018662,0
1018663,0
1018664,0
1018665,0
1018666,0
1018667,0
1018668,0
1018669,0
1018670,0
1018671,0
1018672,0
1018673,0
1018674,0
1018675,0
1018676,0
1018677,0
1018678,0
1018679,0
1018680,0
1018681,0
1018682,0
1018683,0
1018684,0
1018685,0
1018686,0
1018687,0
1018688,0
1018689,0
1018690,0
1018691,0
1018692,0
1018693,0
1018694,0
1018695,0
1018696,0
1018697,0
1018698,0
1018699,0
1018700,0
1018701,0
1018702,0
1018703,0
1018704,0
1018705,0
1018706,0
1018707,0
1018708,0
1018709,0
1018710,0
1018711,0
1018712,0
1018713,0
1018714,0
1018715,0
1018716,0
1018717,0
1018718,0
1018719,0
1018720,0
1018721,0
1018722,0
1018723,0
1018724,0
1018725,0
1018726,0
1018727,0
1018728,0
1018729,0
1018730,0
1018731,0
1018732,0
1018733,0
1018734,0
1018735,0
1018736,0
1018737,0
1018738,0
1018739,0
1018740,0
1018741,0
1018742,0
1018743,0
1018744,0
1018745,0
1018746,0
1018747,0
1018748,0
1018749,0
1018750,0
1018751,0
1018752,0
1018753,0
1018754,0
1018755,0
1018756,0
1018757,0
1018758,0
1018759,0
1018760,0
1018761,0
1018762,0
1018763,0
1018764,0
1018765,0
1018766,0
1018767,0
1018768,0
1018769,0
1018770,0
1018771,0
1018772,0
1018773,0
1018774,0
1018775,0
1018776,0
1018777,0
1018778,0
1018779,0
1018780,0
1018781,0
1018782,0
1018783,0
1018784,0
1018785,0
1018786,0
1018787,0
1018788,0
1018789,0
1018790,0
1018791,0
1018792,0
1018793,0
1018794,0
1018795,0
1018796,0
1018797,0
1018798,0
1018799,0
1018800,0
1018801,0
1018802,0
1018803,0
1018804,0
1018805,0
1018806,0
1018807,0
1018808,0
1018809,0
1018810,0
1018811,0
1018812,0
1018813,0
1018814,0
1018815,0
1018816,0
1018817,0
1018818,0
1018819,0
1018820,0
1018821,0
1018822,0
1018823,0
1018824,0
1018825,0
1018826,0
1018827,0
1018828,0
1018829,0
1018830,0
1018831,0
1018832,0
1018833,0
1018834,0
1018835,0
1018836,0
1018837,0
1018838,0
1018839,0
1018840,0
1018841,0
1018842,0
1018843,0
1018844,0
1018845,0
1018846,0
1018847,0
1018848,0
1018849,0
1018850,0
1018851,0
1018852,0
1018853,0
1018854,0
1018855,0
1018856,0
1018857,0
1018858,0
1018859,0
1018860,0
1018861,0
1018862,0
1018863,0
1018864,0
1018865,0
1018866,0
1018867,0
1018868,0
1018869,0
1018870,0
1018871,0
1018872,0
1018873,0
1018874,0
1018875,0
1018876,0
1018877,0
1018878,0
1018879,0
1018880,0
1018881,0
1018882,0
1018883,0
1018884,0
1018885,0
1018886,0
1018887,0
1018888,0
1018889,0
1018890,0
1018891,0
1018892,0
1018893,0
1018894,0
1018895,0
1018896,0
1018897,0
1018898,0
1018899,0
1018900,0
1018901,0
1018902,0
1018903,0
1018904,0
1018905,0
1018906,0
1018907,0
1018908,0
1018909,0
1018910,0
1018911,0
1018912,0
1018913,0
1018914,0
1018915,0
1018916,0
1018917,0
1018918,0
1018919,0
1018920,0
1018921,0
1018922,0
1018923,0
1018924,0
1018925,0
1018926,0
1018927,0
1018928,0
1018929,0
1018930,0
1018931,0
1018932,0
1018933,0
1018934,0
1018935,0
1018936,0
1018937,0
1018938,0
1018939,0
1018940,0
1018941,0
1018942,0
1018943,0
1018944,0
1018945,0
1018946,0
1018947,0
1018948,0
1018949,0
1018950,0
1018951,0
1018952,0
1018953,0
1018954,0
1018955,0
1018956,0
1018957,0
1018958,0
1018959,0
1018960,0
1018961,0
1018962,0
1018963,0
1018964,0
1018965,0
1018966,0
1018967,0
1018968,0
1018969,0
1018970,0
1018971,0
1018972,0
1018973,0
1018974,0
1018975,0
1018976,0
1018977,0
1018978,0
1018979,0
1018980,0
1018981,0
1018982,0
1018983,0
1018984,0
1018985,0
1018986,0
1018987,0
1018988,0
1018989,0
1018990,0
1018991,0
1018992,0
1018993,0
1018994,0
1018995,0
1018996,0
1018997,0
1018998,0
1018999,0
1019000,0
1019001,0
1019002,0
1019003,0
1019004,0
1019005,0
1019006,0
1019007,0
1019008,0
1019009,0
1019010,0
1019011,0
1019012,0
1019013,0
1019014,0
1019015,0
1019016,0
1019017,0
1019018,0
1019019,0
1019020,0
1019021,0
1019022,0
1019023,0
1019024,0
1019025,0
1019026,0
1019027,0
1019028,0
1019029,0
1019030,0
1019031,0
1019032,0
1019033,0
1019034,0
1019035,1
1019036,0
1019037,0
1019038,0
1019039,0
1019040,0
1019041,0
1019042,0
1019043,0
1019044,0
1019045,0
1019046,0
1019047,0
1019048,0
1019049,0
1019050,0
1019051,0
1019052,0
1019053,0
1019054,0
1019055,0
1019056,0
1019057,0
1019058,0
1019059,0
1019060,0
1019061,0
1019062,0
1019063,0
1019064,0
1019065,0
1019066,0
1019067,0
1019068,0
1019069,0
1019070,0
1019071,0
1019072,0
1019073,0
1019074,0
1019075,0
1019076,0
1019077,0
1019078,0
1019079,0
1019080,0
1019081,0
1019082,0
1019083,0
1019084,0
1019085,0
1019086,0
1019087,0
1019088,0
1019089,0
1019090,0
1019091,0
1019092,0
1019093,0
1019094,0
1019095,0
1019096,0
1019097,0
1019098,0
1019099,0
1019100,0
1019101,0
1019102,0
1019103,0
1019104,0
1019105,0
1019106,0
1019107,0
1019108,0
1019109,0
1019110,0
1019111,0
1019112,0
1019113,0
1019114,0
1019115,0
1019116,0
1019117,0
1019118,0
1019119,0
1019120,0
1019121,0
1019122,0
1019123,0
1019124,0
1019125,0
1019126,0
1019127,0
1019128,0
1019129,0
1019130,0
1019131,0
1019132,0
1019133,0
1019134,0
1019135,0
1019136,0
1019137,0
1019138,0
1019139,0
1019140,0
1019141,0
1019142,0
1019143,0
1019144,0
1019145,0
1019146,0
1019147,0
1019148,0
1019149,0
1019150,0
1019151,0
1019152,0
1019153,0
1019154,0
1019155,0
1019156,0
1019157,0
1019158,0
1019159,0
1019160,0
1019161,0
1019162,0
1019163,0
1019164,0
1019165,0
1019166,0
1019167,0
1019168,0
1019169,1
1019170,0
1019171,0
1019172,0
1019173,0
1019174,0
1019175,0
1019176,0
1019177,0
1019178,0
1019179,0
1019180,0
1019181,0
1019182,0
1019183,0
1019184,0
1019185,0
1019186,0
1019187,0
1019188,0
1019189,0
1019190,0
1019191,0
1019192,0
1019193,0
1019194,0
1019195,0
1019196,0
1019197,0
1019198,0
1019199,0
1019200,0
1019201,2
1019202,6
1019203,0
1019204,0
1019205,3
1019206,0
1019207,0
1019208,0
1019209,0
1019210,0
1019211,0
1019212,0
1019213,4
1019214,4
1019215,0
1019216,0
1019217,0
1019218,0
1019219,0
1019220,0
1019221,0
1019222,0
1019223,0
1019224,1
1019225,0
1019226,0
1019227,0
1019228,0
1019229,5
1019230,0
1019231,0
1019232,0
1019233,0
1019234,0
1019235,0
1019236,0
1019237,0
1019238,0
1019239,4
1019240,0
1019241,0
1019242,0
1019243,0
1019244,2
1019245,0
1019246,0
1019247,0
1019248,0
1019249,0
1019250,0
1019251,0
1019252,0
1019253,0
1019254,0
1019255,0
1019256,0
1019257,0
1019258,0
1019259,0
1019260,0
1019261,0
1019262,3
1019263,0
1019264,0
1019265,0
1019266,0
1019267,0
1019268,0
1019269,0
1019270,0
1019271,0
1019272,0
1019273,0
1019274,0
1019275,0
1019276,0
1019277,0
1019278,0
1019279,3
1019280,4
1019281,0
1019282,0
1019283,0
1019284,0
1019285,2
1019286,0
1019287,0
1019288,0
1019289,0
1019290,3
1019291,0
1019292,0
1019293,0
1019294,0
1019295,0
1019296,0
1019297,0
1019298,0
1019299,0
1019300,5
1019301,0
1019302,5
1019303,0
1019304,0
1019305,0
1019306,5
1019307,0
1019308,0
1019309,0
1019310,0
1019311,0
1019312,0
1019313,0
1019314,0
1019315,0
1019316,0
1019317,0
1019318,0
1019319,0
1019320,0
1019321,0
1019322,5
1019323,0
1019324,0
1019325,0
1019326,0
1019327,4
1019328,0
1019329,0
1019330,0
1019331,0
1019332,0
1019333,5
1019334,0
1019335,5
1019336,0
1019337,0
1019338,0
1019339,8
1019340,0
1019341,0
1019342,0
1019343,0
1019344,7
1019345,0
1019346,4
1019347,0
1019348,0
1019349,0
1019350,0
1019351,4
1019352,0
1019353,0
1019354,0
1019355,0
1019356,0
1019357,1
1019358,0
1019359,0
1019360,0
1019361,0
1019362,0
1019363,2
1019364,3
1019365,0
1019366,5
1019367,0
1019368,0
1019369,0
1019370,0
1019371,0
1019372,0
1019373,0
1019374,0
1019375,0
1019376,0
1019377,0
1019378,0
1019379,2
1019380,0
1019381,0
1019382,0
1019383,5
1019384,0
1019385,0
1019386,0
1019387,0
1019388,0
1019389,0
1019390,0
1019391,0
1019392,0
1019393,2
1019394,6
1019395,0
1019396,0
1019397,0
1019398,0
1019399,0
1019400,0
1019401,0
1019402,1
1019403,0
1019404,3
1019405,4
1019406,0
1019407,0
1019408,0
1019409,0
1019410,0
1019411,0
1019412,0
1019413,11
1019414,2
1019415,0
1019416,0
1019417,0
1019418,0
1019419,0
1019420,0
1019421,0
1019422,0
1019423,0
1019424,0
1019425,0
1019426,0
1019427,0
1019428,0
1019429,4
1019430,0
1019431,0
1019432,0
1019433,0
1019434,0
1019435,0
1019436,0
1019437,0
1019438,0
1019439,0
1019440,0
1019441,0
1019442,0
1019443,0
1019444,0
1019445,0
1019446,0
1019447,0
1019448,0
1019449,0
1019450,0
1019451,3
1019452,7
1019453,0
1019454,0
1019455,0
1019456,0
1019457,0
1019458,0
1019459,0
1019460,0
1019461,8
1019462,0
1019463,1
1019464,0
1019465,0
1019466,0
1019467,0
1019468,0
1019469,0
1019470,0
1019471,5
1019472,0
1019473,0
1019474,0
1019475,0
1019476,0
1019477,0
1019478,5
1019479,0
1019480,0
1019481,0
1019482,0
1019483,0
1019484,0
1019485,0
1019486,3
1019487,0
1019488,0
1019489,3
1019490,0
1019491,0
1019492,0
1019493,0
1019494,0
1019495,0
1019496,3
1019497,0
1019498,0
1019499,0
1019500,0
1019501,0
1019502,0
1019503,0
1019504,1
1019505,0
1019506,0
1019507,0
1019508,0
1019509,0
1019510,0
1019511,0
1019512,0
1019513,0
1019514,0
1019515,0
1019516,0
1019517,0
1019518,0
1019519,0
1019520,0
1019521,0
1019522,0
1019523,0
1019524,8
1019525,0
1019526,0
1019527,0
1019528,0
1019529,0
1019530,0
1019531,0
1019532,0
1019533,0
1019534,0
1019535,0
1019536,0
1019537,4
1019538,0
1019539,0
1019540,0
1019541,0
1019542,0
1019543,0
1019544,0
1019545,0
1019546,0
1019547,0
1019548,0
1019549,0
1019550,0
1019551,0
1019552,0
1019553,0
1019554,0
1019555,0
1019556,0
1019557,0
1019558,0
1019559,0
1019560,0
1019561,0
1019562,0
1019563,0
1019564,0
1019565,6
1019566,0
1019567,3
1019568,0
1019569,0
1019570,0
1019571,0
1019572,0
1019573,0
1019574,0
1019575,0
1019576,0
1019577,0
1019578,0
1019579,0
1019580,0
1019581,0
1019582,0
1019583,0
1019584,0
1019585,0
1019586,0
1019587,0
1019588,0
1019589,0
1019590,0
1019591,0
1019592,3
1019593,6
1019594,0
1019595,0
1019596,4
1019597,2
1019598,0
1019599,0
1019600,0
1019601,0
1019602,0
1019603,0
1019604,0
1019605,3
1019606,1
1019607,0
1019608,5
1019609,0
1019610,0
1019611,0
1019612,0
1019613,0
1019614,0
1019615,0
1019616,0
1019617,0
1019618,0
1019619,0
1019620,0
1019621,5
1019622,0
1019623,0
1019624,0
1019625,4
1019626,0
1019627,0
1019628,3
1019629,0
1019630,7
1019631,0
1019632,0
1019633,0
1019634,1
1019635,0
1019636,0
1019637,0
1019638,0
1019639,0
1019640,0
1019641,0
1019642,0
1019643,0
1019644,3
1019645,0
1019646,0
1019647,0
1019648,0
1019649,4
1019650,0
1019651,0
1019652,0
1019653,0
1019654,0
1019655,0
1019656,0
1019657,0
1019658,0
1019659,0
1019660,0
1019661,0
1019662,0
1019663,0
1019664,0
1019665,0
1019666,0
1019667,0
1019668,3
1019669,0
1019670,0
1019671,0
1019672,0
1019673,0
1019674,0
1019675,0
1019676,0
1019677,0
1019678,0
1019679,5
1019680,1
1019681,0
1019682,7
1019683,0
1019684,0
1019685,0
1019686,0
1019687,0
1019688,0
1019689,1
1019690,0
1019691,4
1019692,0
1019693,0
1019694,0
1019695,0
1019696,0
1019697,0
1019698,0
1019699,0
1019700,0
1019701,0
1019702,0
1019703,0
1019704,0
1019705,4
1019706,0
1019707,0
1019708,0
1019709,2
1019710,0
1019711,0
1019712,0
1019713,4
1019714,0
1019715,0
1019716,0
1019717,0
1019718,0
1019719,0
1019720,0
1019721,3
1019722,0
1019723,7
1019724,0
1019725,0
1019726,0
1019727,0
1019728,0
1019729,0
1019730,0
1019731,0
1019732,0
1019733,0
1019734,0
1019735,0
1019736,0
1019737,0
1019738,0
1019739,0
1019740,0
1019741,0
1019742,0
1019743,0
1019744,0
1019745,0
1019746,4
1019747,0
1019748,0
1019749,0
1019750,0
1019751,0
1019752,0
1019753,0
1019754,4
1019755,2
1019756,0
1019757,0
1019758,0
1019759,0
1019760,0
1019761,0
1019762,0
1019763,0
1019764,1
1019765,0
1019766,0
1019767,0
1019768,0
1019769,0
1019770,0
1019771,0
1019772,2
1019773,0
1019774,0
1019775,0
1019776,0
1019777,3
1019778,0
1019779,0
1019780,0
1019781,0
1019782,0
1019783,0
1019784,0
1019785,0
1019786,0
1019787,2
1019788,2
1019789,0
1019790,0
1019791,0
1019792,0
1019793,0
1019794,0
1019795,0
1019796,0
1019797,0
1019798,0
1019799,0
1019800,0
1019801,0
1019802,0
1019803,0
1019804,0
1019805,0
1019806,0
1019807,0
1019808,0
1019809,0
1019810,0
1019811,0
1019812,0
1019813,0
1019814,0
1019815,0
1019816,0
1019817,0
1019818,0
1019819,0
1019820,0
1019821,1
1019822,0
1019823,0
1019824,0
1019825,0
1019826,0
1019827,0
1019828,0
1019829,0
1019830,0
1019831,0
1019832,0
1019833,0
1019834,0
1019835,0
1019836,0
1019837,0
1019838,0
1019839,1
1019840,0
1019841,0
1019842,0
1019843,0
1019844,0
1019845,0
1019846,3
1019847,0
1019848,0
1019849,0
1019850,0
1019851,0
1019852,0
1019853,0
1019854,0
1019855,0
1019856,0
1019857,5
1019858,0
1019859,0
1019860,9
1019861,0
1019862,0
1019863,6
1019864,0
1019865,0
1019866,0
1019867,0
1019868,0
1019869,0
1019870,0
1019871,8
1019872,0
1019873,0
1019874,5
1019875,0
1019876,0
1019877,0
1019878,0
1019879,2
1019880,2
1019881,2
1019882,4
1019883,0
1019884,4
1019885,0
1019886,7
1019887,0
1019888,0
1019889,4
1019890,0
1019891,0
1019892,0
1019893,6
1019894,0
1019895,0
1019896,0
1019897,0
1019898,0
1019899,0
1019900,4
1019901,0
1019902,4
1019903,0
1019904,0
1019905,0
1019906,0
1019907,0
1019908,5
1019909,0
1019910,0
1019911,7
1019912,0
1019913,0
1019914,0
1019915,0
1019916,0
1019917,0
1019918,0
1019919,3
1019920,0
1019921,0
1019922,0
1019923,0
1019924,0
1019925,0
1019926,0
1019927,0
1019928,0
1019929,0
1019930,0
1019931,0
1019932,0
1019933,0
1019934,9
1019935,0
1019936,0
1019937,0
1019938,4
1019939,0
1019940,0
1019941,0
1019942,4
1019943,0
1019944,0
1019945,0
1019946,0
1019947,1
1019948,0
1019949,0
1019950,0
1019951,0
1019952,0
1019953,0
1019954,7
1019955,0
1019956,0
1019957,0
1019958,0
1019959,0
1019960,0
1019961,0
1019962,0
1019963,0
1019964,0
1019965,0
1019966,0
1019967,0
1019968,2
1019969,0
1019970,3
1019971,0
1019972,0
1019973,0
1019974,0
1019975,0
1019976,0
1019977,0
1019978,0
1019979,0
1019980,2
1019981,0
1019982,0
1019983,0
1019984,8
1019985,0
1019986,0
1019987,0
1019988,2
1019989,0
1019990,0
1019991,0
1019992,0
1019993,0
1019994,0
1019995,0
1019996,0
1019997,5
1019998,0
1019999,0
1020000,0
1020001,0
1020002,0
1020003,0
1020004,0
1020005,0
1020006,1
1020007,0
1020008,5
1020009,0
1020010,0
1020011,0
1020012,0
1020013,0
1020014,0
1020015,0
1020016,5
1020017,3
1020018,4
1020019,0
1020020,0
1020021,0
1020022,0
1020023,0
1020024,0
1020025,0
1020026,0
1020027,0
1020028,0
1020029,0
1020030,0
1020031,0
1020032,0
1020033,0
1020034,0
1020035,0
1020036,0
1020037,3
1020038,0
1020039,0
1020040,0
1020041,0
1020042,0
1020043,0
1020044,0
1020045,0
1020046,0
1020047,0
1020048,0
1020049,0
1020050,0
1020051,0
1020052,0
1020053,0
1020054,0
1020055,0
1020056,0
1020057,0
1020058,3
1020059,0
1020060,0
1020061,0
1020062,0
1020063,0
1020064,0
1020065,0
1020066,0
1020067,0
1020068,0
1020069,0
1020070,0
1020071,0
1020072,0
1020073,0
1020074,0
1020075,0
1020076,0
1020077,0
1020078,0
1020079,0
1020080,0
1020081,0
1020082,0
1020083,0
1020084,0
1020085,0
1020086,36
1020087,0
1020088,0
1020089,28
1020090,0
1020091,0
1020092,0
1020093,0
1020094,0
1020095,23
1020096,0
1020097,0
1020098,0
1020099,0
1020100,0
1020101,0
1020102,45
1020103,0
1020104,30
1020105,0
1020106,0
1020107,0
1020108,0
1020109,0
1020110,0
1020111,0
1020112,0
1020113,0
1020114,0
1020115,0
1020116,26
1020117,0
1020118,0
1020119,0
1020120,0
1020121,0
1020122,0
1020123,0
1020124,0
1020125,0
1020126,0
1020127,0
1020128,49
1020129,0
1020130,0
1020131,0
1020132,0
1020133,0
1020134,0
1020135,0
1020136,0
1020137,0
1020138,0
1020139,0
1020140,0
1020141,0
1020142,0
1020143,35
1020144,0
1020145,0
1020146,43
1020147,0
1020148,0
1020149,0
1020150,0
1020151,0
1020152,0
1020153,0
1020154,0
1020155,0
1020156,0
1020157,0
1020158,0
1020159,23
1020160,0
1020161,0
1020162,28
1020163,0
1020164,0
1020165,0
1020166,29
1020167,0
1020168,0
1020169,0
1020170,0
1020171,0
1020172,0
1020173,0
1020174,0
1020175,0
1020176,0
1020177,0
1020178,0
1020179,0
1020180,52
1020181,0
1020182,31
1020183,0
1020184,0
1020185,0
1020186,32
1020187,39
1020188,0
1020189,0
1020190,0
1020191,0
1020192,0
1020193,0
1020194,19
1020195,0
1020196,0
1020197,26
1020198,0
1020199,0
1020200,0
1020201,0
1020202,0
1020203,0
1020204,0
1020205,0
1020206,36
1020207,0
1020208,0
1020209,0
1020210,0
1020211,0
1020212,0
1020213,0
1020214,0
1020215,0
1020216,0
1020217,0
1020218,40
1020219,0
1020220,0
1020221,0
1020222,0
1020223,0
1020224,0
1020225,0
1020226,0
1020227,0
1020228,0
1020229,0
1020230,0
1020231,0
1020232,0
1020233,0
1020234,0
1020235,0
1020236,0
1020237,0
1020238,0
1020239,0
1020240,0
1020241,0
1020242,0
1020243,21
1020244,0
1020245,0
1020246,0
1020247,48
1020248,0
1020249,0
1020250,0
1020251,0
1020252,0
1020253,32
1020254,0
1020255,36
1020256,0
1020257,0
1020258,0
1020259,0
1020260,0
1020261,0
1020262,0
1020263,0
1020264,0
1020265,0
1020266,0
1020267,0
1020268,0
1020269,0
1020270,0
1020271,0
1020272,0
1020273,0
1020274,0
1020275,0
1020276,0
1020277,0
1020278,0
1020279,0
1020280,0
1020281,32
1020282,0
1020283,0
1020284,39
1020285,0
1020286,0
1020287,0
1020288,0
1020289,0
1020290,0
1020291,0
1020292,0
1020293,0
1020294,0
1020295,0
1020296,0
1020297,0
1020298,0
1020299,0
1020300,0
1020301,0
1020302,0
1020303,0
1020304,0
1020305,0
1020306,0
1020307,0
1020308,0
1020309,0
1020310,0
1020311,0
1020312,0
1020313,0
1020314,0
1020315,0
1020316,0
1020317,0
1020318,0
1020319,0
1020320,0
1020321,0
1020322,0
1020323,0
1020324,0
1020325,0
1020326,0
1020327,40
1020328,0
1020329,0
1020330,19
1020331,0
1020332,0
1020333,0
1020334,0
1020335,0
1020336,0
1020337,0
1020338,0
1020339,0
1020340,0
1020341,0
1020342,0
1020343,27
1020344,0
1020345,0
1020346,0
1020347,0
1020348,0
1020349,0
1020350,0
1020351,37
1020352,0
1020353,0
1020354,0
1020355,0
1020356,0
1020357,0
1020358,0
1020359,0
1020360,0
1020361,0
1020362,0
1020363,31
1020364,0
1020365,0
1020366,0
1020367,0
1020368,0
1020369,35
1020370,0
1020371,39
1020372,0
1020373,0
1020374,46
1020375,0
1020376,33
1020377,0
1020378,0
1020379,0
1020380,0
1020381,0
1020382,0
1020383,0
1020384,0
1020385,26
1020386,0
1020387,0
1020388,0
1020389,0
1020390,0
1020391,0
1020392,0
1020393,0
1020394,0
1020395,19
1020396,0
1020397,0
1020398,0
1020399,0
1020400,0
1020401,0
1020402,36
1020403,0
1020404,0
1020405,0
1020406,0
1020407,0
1020408,0
1020409,0
1020410,0
1020411,0
1020412,0
1020413,0
1020414,0
1020415,0
1020416,0
1020417,0
1020418,0
1020419,53
1020420,0
1020421,0
1020422,0
1020423,0
1020424,0
1020425,0
1020426,0
1020427,0
1020428,0
1020429,0
1020430,31
1020431,0
1020432,0
1020433,0
1020434,0
1020435,31
1020436,0
1020437,0
1020438,0
1020439,0
1020440,0
1020441,0
1020442,0
1020443,0
1020444,0
1020445,36
1020446,0
1020447,0
1020448,0
1020449,0
1020450,0
1020451,28
1020452,0
1020453,0
1020454,0
1020455,0
1020456,43
1020457,0
1020458,0
1020459,0
1020460,0
1020461,43
1020462,0
1020463,0
1020464,0
1020465,0
1020466,0
1020467,0
1020468,0
1020469,32
1020470,27
1020471,0
1020472,0
1020473,0
1020474,0
1020475,0
1020476,0
1020477,0
1020478,0
1020479,0
1020480,0
1020481,0
1020482,31
1020483,0
1020484,0
1020485,0
1020486,0
1020487,0
1020488,0
1020489,0
1020490,0
1020491,0
1020492,28
1020493,0
1020494,0
1020495,33
1020496,0
1020497,0
1020498,0
1020499,0
1020500,0
1020501,0
1020502,0
1020503,0
1020504,28
1020505,36
1020506,0
1020507,0
1020508,0
1020509,0
1020510,0
1020511,0
1020512,0
1020513,0
1020514,0
1020515,0
1020516,19
1020517,0
1020518,0
1020519,0
1020520,0
1020521,0
1020522,27
1020523,0
1020524,0
1020525,0
1020526,28
1020527,0
1020528,0
1020529,0
1020530,0
1020531,0
1020532,0
1020533,0
1020534,0
1020535,0
1020536,0
1020537,0
1020538,0
1020539,0
1020540,0
1020541,0
1020542,32
1020543,0
1020544,0
1020545,32
1020546,0
1020547,0
1020548,0
1020549,41
1020550,33
1020551,0
1020552,0
1020553,0
1020554,0
1020555,0
1020556,0
1020557,0
1020558,0
1020559,0
1020560,0
1020561,0
1020562,0
1020563,0
1020564,0
1020565,38
1020566,24
1020567,0
1020568,0
1020569,37
1020570,22
1020571,0
1020572,0
1020573,0
1020574,0
1020575,0
1020576,0
1020577,0
1020578,0
1020579,0
1020580,0
1020581,0
1020582,31
1020583,0
1020584,0
1020585,0
1020586,0
1020587,0
1020588,0
1020589,0
1020590,0
1020591,0
1020592,0
1020593,0
1020594,0
1020595,0
1020596,0
1020597,0
1020598,0
1020599,0
1020600,0
1020601,0
1020602,32
1020603,0
1020604,0
1020605,39
1020606,0
1020607,0
1020608,41
1020609,0
1020610,0
1020611,0
1020612,39
1020613,0
1020614,0
1020615,0
1020616,0
1020617,30
1020618,0
1020619,35
1020620,0
1020621,0
1020622,0
1020623,0
1020624,0
1020625,0
1020626,43
1020627,0
1020628,0
1020629,0
1020630,29
1020631,0
1020632,0
1020633,0
1020634,0
1020635,0
1020636,36
1020637,0
1020638,0
1020639,0
1020640,0
1020641,0
1020642,0
1020643,0
1020644,0
1020645,0
1020646,0
1020647,0
1020648,0
1020649,0
1020650,0
1020651,0
1020652,18
1020653,0
1020654,0
1020655,0
1020656,0
1020657,0
1020658,0
1020659,0
1020660,0
1020661,0
1020662,0
1020663,0
1020664,0
1020665,0
1020666,0
1020667,12
1020668,0
1020669,18
1020670,0
1020671,0
1020672,0
1020673,0
1020674,0
1020675,0
1020676,0
1020677,0
1020678,0
1020679,0
1020680,0
1020681,0
1020682,0
1020683,0
1020684,0
1020685,0
1020686,0
1020687,0
1020688,0
1020689,0
1020690,0
1020691,0
1020692,0
1020693,0
1020694,0
1020695,0
1020696,0
1020697,0
1020698,10
1020699,15
1020700,0
1020701,0
1020702,0
1020703,0
1020704,0
1020705,11
1020706,0
1020707,0
1020708,0
1020709,0
1020710,0
1020711,0
1020712,0
1020713,5
1020714,0
1020715,0
1020716,0
1020717,0
1020718,0
1020719,0
1020720,0
1020721,0
1020722,0
1020723,0
1020724,0
1020725,15
1020726,0
1020727,0
1020728,11
1020729,0
1020730,0
1020731,16
1020732,0
1020733,0
1020734,0
1020735,0
1020736,0
1020737,10
1020738,0
1020739,0
1020740,0
1020741,0
1020742,0
1020743,0
1020744,0
1020745,0
1020746,0
1020747,10
1020748,0
1020749,0
1020750,0
1020751,0
1020752,0
1020753,0
1020754,0
1020755,0
1020756,0
1020757,0
1020758,0
1020759,18
1020760,0
1020761,0
1020762,0
1020763,0
1020764,0
1020765,13
1020766,0
1020767,0
1020768,0
1020769,0
1020770,0
1020771,0
1020772,0
1020773,0
1020774,0
1020775,0
1020776,16
1020777,0
1020778,0
1020779,0
1020780,0
1020781,0
1020782,0
1020783,0
1020784,0
1020785,0
1020786,0
1020787,6
1020788,0
1020789,20
1020790,0
1020791,0
1020792,0
1020793,0
1020794,0
1020795,0
1020796,0
1020797,0
1020798,0
1020799,0
1020800,0
1020801,0
1020802,0
1020803,0
1020804,0
1020805,0
1020806,0
1020807,0
1020808,0
1020809,0
1020810,9
1020811,20
1020812,0
1020813,0
1020814,0
1020815,0
1020816,0
1020817,0
1020818,0
1020819,7
1020820,0
1020821,0
1020822,7
1020823,0
1020824,0
1020825,0
1020826,0
1020827,0
1020828,0
1020829,0
1020830,0
1020831,0
1020832,0
1020833,0
1020834,0
1020835,0
1020836,0
1020837,0
1020838,0
1020839,0
1020840,0
1020841,0
1020842,0
1020843,0
1020844,0
1020845,12
1020846,0
1020847,0
1020848,0
1020849,0
1020850,0
1020851,0
1020852,0
1020853,0
1020854,0
1020855,15
1020856,0
1020857,0
1020858,0
1020859,0
1020860,0
1020861,0
1020862,0
1020863,0
1020864,0
1020865,0
1020866,0
1020867,0
1020868,0
1020869,0
1020870,0
1020871,0
1020872,0
1020873,7
1020874,0
1020875,0
1020876,0
1020877,0
1020878,14
1020879,12
1020880,0
1020881,0
1020882,0
1020883,0
1020884,0
1020885,0
1020886,0
1020887,0
1020888,0
1020889,0
1020890,0
1020891,19
1020892,0
1020893,0
1020894,0
1020895,0
1020896,0
1020897,0
1020898,0
1020899,0
1020900,0
1020901,26
1020902,0
1020903,0
1020904,0
1020905,0
1020906,0
1020907,0
1020908,0
1020909,21
1020910,0
1020911,0
1020912,0
1020913,0
1020914,0
1020915,0
1020916,0
1020917,18
1020918,0
1020919,0
1020920,0
1020921,0
1020922,0
1020923,0
1020924,0
1020925,0
1020926,0
1020927,14
1020928,0
1020929,16
1020930,0
1020931,0
1020932,15
1020933,0
1020934,0
1020935,0
1020936,0
1020937,13
1020938,0
1020939,0
1020940,0
1020941,9
1020942,23
1020943,0
1020944,0
1020945,0
1020946,0
1020947,0
1020948,0
1020949,0
1020950,0
1020951,0
1020952,0
1020953,0
1020954,0
1020955,0
1020956,0
1020957,0
1020958,0
1020959,0
1020960,0
1020961,0
1020962,0
1020963,0
1020964,11
1020965,0
1020966,0
1020967,0
1020968,0
1020969,0
1020970,0
1020971,0
1020972,0
1020973,0
1020974,14
1020975,0
1020976,0
1020977,0
1020978,0
1020979,0
1020980,17
1020981,0
1020982,0
1020983,27
1020984,0
1020985,0
1020986,0
1020987,0
1020988,0
1020989,0
1020990,0
1020991,0
1020992,15
1020993,0
1020994,0
1020995,0
1020996,0
1020997,0
1020998,0
1020999,0
1021000,0
1021001,0
1021002,0
1021003,18
1021004,21
1021005,0
1021006,14
1021007,18
1021008,0
1021009,0
1021010,0
1021011,0
1021012,15
1021013,0
1021014,14
1021015,0
1021016,0
1021017,0
1021018,0
1021019,0
1021020,0
1021021,0
1021022,0
1021023,0
1021024,0
1021025,0
1021026,0
1021027,0
1021028,0
1021029,0
1021030,0
1021031,0
1021032,0
1021033,0
1021034,0
1021035,0
1021036,0
1021037,0
1021038,0
1021039,0
1021040,0
1021041,0
1021042,15
1021043,17
1021044,16
1021045,0
1021046,0
1021047,0
1021048,0
1021049,0
1021050,0
1021051,0
1021052,0
1021053,0
1021054,0
1021055,0
1021056,0
1021057,17
1021058,0
1021059,0
1021060,0
1021061,23
1021062,0
1021063,0
1021064,0
1021065,0
1021066,0
1021067,18
1021068,0
1021069,0
1021070,0
1021071,0
1021072,0
1021073,0
1021074,0
1021075,0
1021076,0
1021077,0
1021078,0
1021079,0
1021080,16
1021081,0
1021082,0
1021083,0
1021084,0
1021085,0
1021086,16
1021087,0
1021088,0
1021089,0
1021090,0
1021091,0
1021092,0
1021093,0
1021094,0
1021095,10
1021096,0
1021097,0
1021098,0
1021099,0
1021100,0
1021101,0
1021102,0
1021103,0
1021104,0
1021105,0
1021106,0
1021107,0
1021108,0
1021109,0
1021110,17
1021111,0
1021112,0
1021113,16
1021114,0
1021115,0
1021116,0
1021117,0
1021118,0
1021119,0
1021120,0
1021121,0
1021122,0
1021123,13
1021124,0
1021125,0
1021126,10
1021127,17
1021128,0
1021129,17
1021130,0
1021131,0
1021132,0
1021133,0
1021134,0
1021135,0
1021136,0
1021137,0
1021138,0
1021139,0
1021140,0
1021141,0
1021142,0
1021143,0
1021144,0
1021145,0
1021146,0
1021147,0
1021148,8
1021149,0
1021150,0
1021151,0
1021152,0
1021153,23
1021154,0
1021155,0
1021156,0
1021157,0
1021158,0
1021159,0
1021160,0
1021161,0
1021162,0
1021163,15
1021164,0
1021165,0
1021166,0
1021167,0
1021168,0
1021169,0
1021170,0
1021171,0
1021172,0
1021173,0
1021174,0
1021175,0
1021176,0
1021177,0
1021178,0
1021179,0
1021180,0
1021181,0
1021182,0
1021183,0
1021184,0
1021185,0
1021186,0
1021187,0
1021188,0
1021189,0
1021190,0
1021191,0
1021192,0
1021193,0
1021194,35
1021195,0
1021196,0
1021197,0
1021198,0
1021199,0
1021200,0
1021201,0
1021202,39
1021203,41
1021204,0
1021205,0
1021206,0
1021207,0
1021208,0
1021209,0
1021210,0
1021211,0
1021212,22
1021213,0
1021214,0
1021215,0
1021216,0
1021217,45
1021218,0
1021219,0
1021220,23
1021221,0
1021222,0
1021223,0
1021224,31
1021225,0
1021226,0
1021227,0
1021228,0
1021229,0
1021230,44
1021231,18
1021232,0
1021233,28
1021234,0
1021235,0
1021236,0
1021237,0
1021238,0
1021239,0
1021240,0
1021241,0
1021242,0
1021243,0
1021244,0
1021245,0
1021246,0
1021247,0
1021248,0
1021249,36
1021250,0
1021251,0
1021252,0
1021253,34
1021254,35
1021255,0
1021256,0
1021257,0
1021258,0
1021259,0
1021260,0
1021261,0
1021262,35
1021263,0
1021264,0
1021265,36
1021266,29
1021267,23
1021268,0
1021269,0
1021270,0
1021271,44
1021272,0
1021273,34
1021274,0
1021275,0
1021276,0
1021277,0
1021278,0
1021279,0
1021280,0
1021281,0
1021282,0
1021283,39
1021284,37
1021285,0
1021286,0
1021287,36
1021288,0
1021289,27
1021290,34
1021291,0
1021292,0
1021293,0
1021294,0
1021295,0
1021296,0
1021297,0
1021298,0
1021299,0
1021300,0
1021301,0
1021302,0
1021303,0
1021304,50
1021305,0
1021306,0
1021307,23
1021308,0
1021309,0
1021310,0
1021311,0
1021312,0
1021313,0
1021314,0
1021315,0
1021316,0
1021317,0
1021318,0
1021319,0
1021320,0
1021321,0
1021322,0
1021323,0
1021324,0
1021325,0
1021326,0
1021327,32
1021328,0
1021329,0
1021330,0
1021331,24
1021332,0
1021333,0
1021334,0
1021335,0
1021336,0
1021337,0
1021338,0
1021339,0
1021340,0
1021341,0
1021342,0
1021343,0
1021344,0
1021345,0
1021346,0
1021347,0
1021348,0
1021349,0
1021350,0
1021351,0
1021352,0
1021353,0
1021354,0
1021355,0
1021356,0
1021357,0
1021358,0
1021359,0
1021360,0
1021361,0
1021362,0
1021363,0
1021364,0
1021365,0
1021366,0
1021367,0
1021368,0
1021369,0
1021370,0
1021371,0
1021372,0
1021373,0
1021374,0
1021375,0
1021376,0
1021377,0
1021378,0
1021379,0
1021380,0
1021381,0
1021382,0
1021383,0
1021384,0
1021385,0
1021386,0
1021387,0
1021388,0
1021389,0
1021390,0
1021391,0
1021392,0
1021393,0
1021394,0
1021395,0
1021396,0
1021397,0
1021398,0
1021399,0
1021400,0
1021401,0
1021402,0
1021403,0
1021404,0
1021405,0
1021406,0
1021407,0
1021408,0
1021409,0
1021410,0
1021411,0
1021412,0
1021413,0
1021414,0
1021415,0
1021416,0
1021417,0
1021418,0
1021419,0
1021420,0
1021421,0
1021422,0
1021423,0
1021424,0
1021425,0
1021426,0
1021427,0
1021428,0
1021429,0
1021430,0
1021431,0
1021432,0
1021433,0
1021434,0
1021435,0
1021436,0
1021437,0
1021438,0
1021439,0
1021440,0
1021441,0
1021442,0
1021443,0
1021444,0
1021445,0
1021446,0
1021447,0
1021448,0
1021449,0
1021450,0
1021451,0
1021452,0
1021453,0
1021454,0
1021455,0
1021456,0
1021457,0
1021458,0
1021459,0
1021460,0
1021461,0
1021462,0
1021463,0
1021464,0
1021465,0
1021466,0
1021467,0
1021468,0
1021469,0
1021470,0
1021471,0
1021472,0
1021473,0
1021474,0
1021475,0
1021476,0
1021477,0
1021478,0
1021479,0
1021480,0
1021481,0
1021482,0
1021483,0
1021484,0
1021485,0
1021486,0
1021487,0
1021488,0
1021489,0
1021490,0
1021491,0
1021492,0
1021493,0
1021494,0
1021495,0
1021496,0
1021497,0
1021498,0
1021499,0
1021500,0
1021501,0
1021502,0
1021503,0
1021504,0
1021505,0
1021506,0
1021507,0
1021508,0
1021509,0
1021510,0
1021511,0
1021512,0
1021513,0
1021514,0
1021515,0
1021516,0
1021517,0
1021518,0
1021519,0
1021520,0
1021521,0
1021522,0
1021523,0
1021524,0
1021525,0
1021526,0
1021527,0
1021528,0
1021529,11
1021530,0
1021531,0
1021532,17
1021533,0
1021534,0
1021535,7
1021536,0
1021537,0
1021538,0
1021539,0
1021540,0
1021541,0
1021542,14
1021543,0
1021544,0
1021545,0
1021546,0
1021547,14
1021548,0
1021549,0
1021550,0
1021551,0
1021552,0
1021553,0
1021554,0
1021555,0
1021556,0
1021557,0
1021558,0
1021559,19
1021560,24
1021561,15
1021562,0
1021563,26
1021564,0
1021565,21
1021566,0
1021567,0
1021568,0
1021569,0
1021570,0
1021571,0
1021572,0
1021573,0
1021574,0
1021575,0
1021576,0
1021577,0
1021578,0
1021579,0
1021580,0
1021581,0
1021582,0
1021583,0
1021584,16
1021585,0
1021586,0
1021587,0
1021588,24
1021589,0
1021590,12
1021591,23
1021592,0
1021593,0
1021594,0
1021595,0
1021596,0
1021597,0
1021598,6
1021599,0
1021600,0
1021601,0
1021602,0
1021603,0
1021604,0
1021605,0
1021606,0
1021607,4
1021608,0
1021609,0
1021610,0
1021611,0
1021612,0
1021613,13
1021614,8
1021615,0
1021616,12
1021617,0
1021618,0
1021619,0
1021620,0
1021621,0
1021622,0
1021623,0
1021624,0
1021625,0
1021626,0
1021627,0
1021628,10
1021629,9
1021630,0
1021631,0
1021632,0
1021633,0
1021634,10
1021635,0
1021636,0
1021637,0
1021638,0
1021639,0
1021640,0
1021641,12
1021642,0
1021643,8
1021644,0
1021645,0
1021646,0
1021647,0
1021648,0
1021649,0
1021650,0
1021651,0
1021652,0
1021653,0
1021654,0
1021655,0
1021656,0
1021657,0
1021658,0
1021659,0
1021660,0
1021661,0
1021662,0
1021663,0
1021664,0
1021665,0
1021666,0
1021667,6
1021668,0
1021669,0
1021670,0
1021671,0
1021672,0
1021673,0
1021674,0
1021675,5
1021676,0
1021677,12
1021678,0
1021679,0
1021680,0
1021681,0
1021682,0
1021683,0
1021684,0
1021685,0
1021686,15
1021687,0
1021688,0
1021689,0
1021690,0
1021691,9
1021692,0
1021693,9
1021694,0
1021695,0
1021696,0
1021697,0
1021698,0
1021699,0
1021700,0
1021701,0
1021702,0
1021703,0
1021704,0
1021705,0
1021706,0
1021707,0
1021708,0
1021709,0
1021710,0
1021711,0
1021712,0
1021713,0
1021714,0
1021715,0
1021716,0
1021717,0
1021718,0
1021719,0
1021720,0
1021721,0
1021722,0
1021723,0
1021724,0
1021725,9
1021726,0
1021727,0
1021728,10
1021729,0
1021730,0
1021731,0
1021732,0
1021733,7
1021734,0
1021735,0
1021736,7
1021737,8
1021738,0
1021739,0
1021740,0
1021741,0
1021742,9
1021743,0
1021744,0
1021745,0
1021746,0
1021747,0
1021748,5
1021749,0
1021750,0
1021751,0
1021752,0
1021753,0
1021754,0
1021755,0
1021756,0
1021757,0
1021758,0
1021759,0
1021760,0
1021761,13
1021762,0
1021763,0
1021764,0
1021765,0
1021766,0
1021767,0
1021768,3
1021769,0
1021770,0
1021771,0
1021772,12
1021773,0
1021774,5
1021775,0
1021776,0
1021777,0
1021778,0
1021779,0
1021780,0
1021781,0
1021782,9
1021783,0
1021784,0
1021785,0
1021786,9
1021787,0
1021788,6
1021789,0
1021790,0
1021791,0
1021792,3
1021793,0
1021794,0
1021795,0
1021796,0
1021797,8
1021798,0
1021799,0
1021800,10
1021801,7
1021802,0
1021803,0
1021804,0
1021805,0
1021806,0
1021807,0
1021808,0
1021809,0
1021810,0
1021811,0
1021812,6
1021813,0
1021814,0
1021815,0
1021816,11
1021817,0
1021818,0
1021819,0
1021820,11
1021821,0
1021822,12
1021823,0
1021824,0
1021825,0
1021826,0
1021827,5
1021828,0
1021829,10
1021830,0
1021831,0
1021832,0
1021833,0
1021834,10
1021835,0
1021836,0
1021837,0
1021838,0
1021839,0
1021840,0
1021841,0
1021842,0
1021843,0
1021844,0
1021845,0
1021846,0
1021847,10
1021848,11
1021849,0
1021850,0
1021851,0
1021852,0
1021853,21
1021854,0
1021855,14
1021856,0
1021857,0
1021858,0
1021859,0
1021860,0
1021861,0
1021862,14
1021863,0
1021864,0
1021865,8
1021866,0
1021867,11
1021868,9
1021869,0
1021870,0
1021871,0
1021872,0
1021873,0
1021874,0
1021875,0
1021876,0
1021877,0
1021878,0
1021879,0
1021880,14
1021881,0
1021882,0
1021883,0
1021884,0
1021885,0
1021886,0
1021887,19
1021888,33
1021889,0
1021890,0
1021891,27
1021892,0
1021893,0
1021894,22
1021895,50
1021896,0
1021897,0
1021898,0
1021899,0
1021900,0
1021901,45
1021902,0
1021903,0
1021904,0
1021905,0
1021906,0
1021907,0
1021908,0
1021909,0
1021910,21
1021911,0
1021912,0
1021913,0
1021914,0
1021915,39
1021916,0
1021917,0
1021918,47
1021919,0
1021920,0
1021921,0
1021922,0
1021923,0
1021924,0
1021925,0
1021926,23
1021927,0
1021928,16
1021929,0
1021930,0
1021931,0
1021932,0
1021933,0
1021934,0
1021935,29
1021936,0
1021937,0
1021938,0
1021939,10
1021940,0
1021941,0
1021942,0
1021943,0
1021944,0
1021945,0
1021946,0
1021947,0
1021948,0
1021949,0
1021950,0
1021951,0
1021952,0
1021953,0
1021954,0
1021955,0
1021956,0
1021957,12
1021958,0
1021959,0
1021960,0
1021961,0
1021962,0
1021963,0
1021964,0
1021965,0
1021966,27
1021967,0
1021968,18
1021969,0
1021970,0
1021971,0
1021972,0
1021973,0
1021974,0
1021975,0
1021976,27
1021977,0
1021978,0
1021979,0
1021980,0
1021981,0
1021982,19
1021983,0
1021984,0
1021985,21
1021986,0
1021987,0
1021988,0
1021989,0
1021990,0
1021991,29
1021992,0
1021993,0
1021994,29
1021995,20
1021996,26
1021997,0
1021998,0
1021999,17
1022000,0
1022001,32
1022002,0
1022003,0
1022004,0
1022005,0
1022006,41
1022007,0
1022008,0
1022009,0
1022010,0
1022011,0
1022012,0
1022013,0
1022014,23
1022015,0
1022016,0
1022017,0
1022018,0
1022019,17
1022020,0
1022021,0
1022022,0
1022023,0
1022024,0
1022025,23
1022026,0
1022027,0
1022028,0
1022029,31
1022030,0
1022031,30
1022032,0
1022033,0
1022034,0
1022035,0
1022036,0
1022037,0
1022038,0
1022039,0
1022040,0
1022041,0
1022042,24
1022043,0
1022044,0
1022045,0
1022046,0
1022047,0
1022048,0
1022049,24
1022050,0
1022051,0
1022052,0
1022053,21
1022054,0
1022055,0
1022056,0
1022057,38
1022058,0
1022059,0
1022060,0
1022061,0
1022062,10
1022063,0
1022064,0
1022065,15
1022066,0
1022067,0
1022068,0
1022069,23
1022070,31
1022071,16
1022072,31
1022073,0
1022074,41
1022075,28
1022076,0
1022077,0
1022078,15
1022079,36
1022080,0
1022081,0
1022082,0
1022083,0
1022084,0
1022085,0
1022086,33
1022087,0
1022088,0
1022089,20
1022090,0
1022091,0
1022092,0
1022093,0
1022094,27
1022095,31
1022096,21
1022097,0
1022098,0
1022099,0
1022100,0
1022101,0
1022102,0
1022103,0
1022104,0
1022105,18
1022106,28
1022107,0
1022108,0
1022109,0
1022110,0
1022111,0
1022112,0
1022113,0
1022114,0
1022115,0
1022116,0
1022117,11
1022118,0
1022119,0
1022120,0
1022121,0
1022122,42
1022123,0
1022124,0
1022125,0
1022126,20
1022127,0
1022128,0
1022129,0
1022130,0
1022131,0
1022132,0
1022133,0
1022134,0
1022135,19
1022136,0
1022137,0
1022138,0
1022139,0
1022140,0
1022141,10
1022142,0
1022143,0
1022144,0
1022145,0
1022146,0
1022147,0
1022148,0
1022149,26
1022150,0
1022151,38
1022152,0
1022153,35
1022154,0
1022155,0
1022156,0
1022157,0
1022158,0
1022159,0
1022160,0
1022161,0
1022162,0
1022163,15
1022164,0
1022165,0
1022166,0
1022167,0
1022168,19
1022169,0
1022170,0
1022171,0
1022172,0
1022173,5
1022174,42
1022175,0
1022176,26
1022177,0
1022178,0
1022179,0
1022180,0
1022181,0
1022182,0
1022183,0
1022184,0
1022185,20
1022186,0
1022187,0
1022188,0
1022189,0
1022190,42
1022191,0
1022192,0
1022193,15
1022194,0
1022195,0
1022196,0
1022197,0
1022198,29
1022199,0
1022200,34
1022201,0
1022202,29
1022203,0
1022204,0
1022205,21
1022206,0
1022207,0
1022208,0
1022209,0
1022210,0
1022211,0
1022212,15
1022213,0
1022214,0
1022215,31
1022216,30
1022217,0
1022218,0
1022219,0
1022220,0
1022221,7
1022222,0
1022223,0
1022224,0
1022225,0
1022226,0
1022227,25
1022228,34
1022229,0
1022230,0
1022231,0
1022232,0
1022233,0
1022234,0
1022235,0
1022236,0
1022237,0
1022238,28
1022239,0
1022240,0
1022241,0
1022242,24
1022243,0
1022244,0
1022245,26
1022246,16
1022247,0
1022248,0
1022249,0
1022250,0
1022251,0
1022252,7
1022253,0
1022254,0
1022255,0
1022256,0
1022257,0
1022258,0
1022259,0
1022260,0
1022261,0
1022262,23
1022263,13
1022264,0
1022265,0
1022266,0
1022267,0
1022268,0
1022269,0
1022270,36
1022271,0
1022272,0
1022273,0
1022274,0
1022275,0
1022276,0
1022277,0
1022278,0
1022279,12
1022280,0
1022281,0
1022282,18
1022283,23
1022284,26
1022285,0
1022286,0
1022287,0
1022288,10
1022289,0
1022290,58
1022291,0
1022292,26
1022293,0
1022294,0
1022295,31
1022296,0
1022297,33
1022298,0
1022299,16
1022300,44
1022301,0
1022302,23
1022303,30
1022304,0
1022305,22
1022306,0
1022307,0
1022308,0
1022309,0
1022310,0
1022311,0
1022312,29
1022313,15
1022314,0
1022315,0
1022316,19
1022317,0
1022318,0
1022319,22
1022320,0
1022321,0
1022322,23
1022323,0
1022324,22
1022325,0
1022326,0
1022327,27
1022328,0
1022329,24
1022330,0
1022331,19
1022332,0
1022333,0
1022334,0
1022335,0
1022336,0
1022337,0
1022338,0
1022339,17
1022340,0
1022341,0
1022342,0
1022343,0
1022344,0
1022345,0
1022346,0
1022347,0
1022348,0
1022349,0
1022350,0
1022351,0
1022352,0
1022353,17
1022354,39
1022355,45
1022356,0
1022357,0
1022358,0
1022359,0
1022360,19
1022361,0
1022362,0
1022363,0
1022364,0
1022365,0
1022366,17
1022367,0
1022368,0
1022369,10
1022370,0
1022371,0
1022372,26
1022373,0
1022374,44
1022375,0
1022376,0
1022377,0
1022378,38
1022379,0
1022380,0
1022381,0
1022382,32
1022383,0
1022384,0
1022385,0
1022386,0
1022387,15
1022388,0
1022389,0
1022390,23
1022391,0
1022392,36
1022393,0
1022394,0
1022395,0
1022396,0
1022397,0
1022398,0
1022399,0
1022400,0
1022401,15
1022402,0
1022403,0
1022404,0
1022405,0
1022406,0
1022407,32
1022408,21
1022409,0
1022410,0
1022411,0
1022412,0
1022413,0
1022414,0
1022415,0
1022416,0
1022417,0
1022418,0
1022419,12
1022420,25
1022421,0
1022422,0
1022423,0
1022424,0
1022425,0
1022426,17
1022427,0
1022428,0
1022429,0
1022430,0
1022431,0
1022432,12
1022433,0
1022434,0
1022435,22
1022436,0
1022437,0
1022438,0
1022439,0
1022440,0
1022441,0
1022442,26
1022443,0
1022444,0
1022445,0
1022446,0
1022447,0
1022448,0
1022449,0
1022450,0
1022451,27
1022452,19
1022453,0
1022454,0
1022455,0
1022456,0
1022457,0
1022458,0
1022459,0
1022460,0
1022461,0
1022462,0
1022463,0
1022464,23
1022465,0
1022466,0
1022467,0
1022468,0
1022469,56
1022470,0
1022471,0
1022472,0
1022473,24
1022474,0
1022475,0
1022476,0
1022477,0
1022478,0
1022479,0
1022480,31
1022481,0
1022482,0
1022483,0
1022484,0
1022485,0
1022486,0
1022487,8
1022488,4
1022489,0
1022490,0
1022491,0
1022492,0
1022493,9
1022494,0
1022495,2
1022496,0
1022497,0
1022498,0
1022499,0
1022500,0
1022501,0
1022502,0
1022503,10
1022504,0
1022505,0
1022506,0
1022507,0
1022508,0
1022509,0
1022510,9
1022511,3
1022512,4
1022513,0
1022514,0
1022515,0
1022516,6
1022517,8
1022518,0
1022519,4
1022520,0
1022521,0
1022522,0
1022523,0
1022524,0
1022525,0
1022526,0
1022527,2
1022528,0
1022529,0
1022530,6
1022531,0
1022532,0
1022533,8
1022534,0
1022535,8
1022536,0
1022537,0
1022538,5
1022539,8
1022540,0
1022541,8
1022542,0
1022543,0
1022544,0
1022545,0
1022546,17
1022547,0
1022548,0
1022549,0
1022550,0
1022551,0
1022552,0
1022553,0
1022554,5
1022555,0
1022556,0
1022557,0
1022558,0
1022559,5
1022560,5
1022561,0
1022562,0
1022563,10
1022564,0
1022565,8
1022566,0
1022567,3
1022568,0
1022569,0
1022570,0
1022571,7
1022572,0
1022573,0
1022574,5
1022575,0
1022576,0
1022577,6
1022578,8
1022579,3
1022580,0
1022581,0
1022582,0
1022583,5
1022584,0
1022585,7
1022586,0
1022587,0
1022588,0
1022589,4
1022590,0
1022591,0
1022592,3
1022593,8
1022594,0
1022595,0
1022596,0
1022597,0
1022598,11
1022599,0
1022600,5
1022601,0
1022602,0
1022603,0
1022604,9
1022605,0
1022606,0
1022607,0
1022608,0
1022609,0
1022610,3
1022611,0
1022612,0
1022613,4
1022614,3
1022615,5
1022616,0
1022617,0
1022618,0
1022619,8
1022620,0
1022621,3
1022622,5
1022623,0
1022624,0
1022625,0
1022626,0
1022627,0
1022628,0
1022629,0
1022630,2
1022631,0
1022632,0
1022633,0
1022634,0
1022635,0
1022636,0
1022637,0
1022638,7
1022639,0
1022640,0
1022641,0
1022642,0
1022643,3
1022644,6
1022645,0
1022646,0
1022647,0
1022648,0
1022649,0
1022650,0
1022651,0
1022652,0
1022653,0
1022654,8
1022655,0
1022656,0
1022657,0
1022658,0
1022659,0
1022660,0
1022661,7
1022662,8
1022663,0
1022664,0
1022665,0
1022666,0
1022667,5
1022668,0
1022669,15
1022670,0
1022671,0
1022672,0
1022673,0
1022674,0
1022675,0
1022676,0
1022677,5
1022678,0
1022679,0
1022680,0
1022681,0
1022682,0
1022683,0
1022684,0
1022685,0
1022686,0
1022687,3
1022688,14
1022689,0
1022690,0
1022691,0
1022692,0
1022693,19
1022694,0
1022695,0
1022696,5
1022697,0
1022698,0
1022699,3
1022700,0
1022701,0
1022702,0
1022703,0
1022704,0
1022705,0
1022706,0
1022707,12
1022708,0
1022709,0
1022710,8
1022711,0
1022712,4
1022713,0
1022714,7
1022715,0
1022716,0
1022717,0
1022718,0
1022719,0
1022720,0
1022721,10
1022722,0
1022723,0
1022724,0
1022725,5
1022726,0
1022727,0
1022728,0
1022729,0
1022730,0
1022731,0
1022732,0
1022733,0
1022734,4
1022735,0
1022736,8
1022737,0
1022738,0
1022739,5
1022740,0
1022741,0
1022742,5
1022743,0
1022744,0
1022745,0
1022746,0
1022747,0
1022748,0
1022749,0
1022750,0
1022751,0
1022752,0
1022753,0
1022754,2
1022755,0
1022756,0
1022757,0
1022758,0
1022759,0
1022760,0
1022761,0
1022762,0
1022763,0
1022764,0
1022765,0
1022766,0
1022767,4
1022768,0
1022769,0
1022770,0
1022771,4
1022772,14
1022773,0
1022774,0
1022775,0
1022776,10
1022777,0
1022778,5
1022779,0
1022780,0
1022781,11
1022782,0
1022783,0
1022784,6
1022785,0
1022786,0
1022787,5
1022788,4
1022789,0
1022790,0
1022791,5
1022792,6
1022793,0
1022794,9
1022795,0
1022796,9
1022797,0
1022798,0
1022799,0
1022800,11
1022801,0
1022802,0
1022803,0
1022804,0
1022805,0
1022806,4
1022807,0
1022808,0
1022809,0
1022810,11
1022811,4
1022812,10
1022813,0
1022814,0
1022815,8
1022816,0
1022817,0
1022818,0
1022819,0
1022820,0
1022821,0
1022822,0
1022823,2
1022824,0
1022825,0
1022826,0
1022827,0
1022828,0
1022829,0
1022830,0
1022831,0
1022832,0
1022833,11
1022834,0
1022835,0
1022836,0
1022837,5
1022838,0
1022839,0
1022840,6
1022841,9
1022842,0
1022843,0
1022844,9
1022845,7
1022846,0
1022847,4
1022848,0
1022849,0
1022850,7
1022851,0
1022852,0
1022853,0
1022854,11
1022855,0
1022856,8
1022857,0
1022858,0
1022859,0
1022860,0
1022861,0
1022862,0
1022863,0
1022864,0
1022865,0
1022866,0
1022867,0
1022868,0
1022869,0
1022870,0
1022871,0
1022872,0
1022873,0
1022874,0
1022875,5
1022876,0
1022877,14
1022878,0
1022879,0
1022880,0
1022881,0
1022882,0
1022883,0
1022884,0
1022885,0
1022886,0
1022887,0
1022888,0
1022889,0
1022890,0
1022891,0
1022892,4
1022893,0
1022894,0
1022895,0
1022896,7
1022897,0
1022898,0
1022899,0
1022900,0
1022901,0
1022902,0
1022903,0
1022904,0
1022905,8
1022906,0
1022907,0
1022908,0
1022909,6
1022910,0
1022911,0
1022912,4
1022913,0
1022914,8
1022915,0
1022916,9
1022917,0
1022918,3
1022919,0
1022920,0
1022921,0
1022922,0
1022923,0
1022924,0
1022925,0
1022926,9
1022927,0
1022928,5
1022929,0
1022930,0
1022931,0
1022932,7
1022933,0
1022934,0
1022935,0
1022936,12
1022937,5
1022938,8
1022939,0
1022940,0
1022941,0
1022942,0
1022943,0
1022944,6
1022945,0
1022946,0
1022947,0
1022948,0
1022949,0
1022950,7
1022951,10
1022952,0
1022953,0
1022954,8
1022955,0
1022956,0
1022957,0
1022958,0
1022959,0
1022960,0
1022961,0
1022962,0
1022963,0
1022964,0
1022965,0
1022966,0
1022967,0
1022968,0
1022969,4
1022970,8
1022971,0
1022972,0
1022973,0
1022974,0
1022975,0
1022976,2
1022977,0
1022978,0
1022979,7
1022980,0
1022981,0
1022982,0
1022983,0
1022984,9
1022985,0
1022986,12
1022987,0
1022988,0
1022989,5
1022990,0
1022991,0
1022992,10
1022993,0
1022994,0
1022995,0
1022996,12
1022997,10
1022998,0
1022999,0
1023000,0
1023001,0
1023002,8
1023003,0
1023004,0
1023005,0
1023006,0
1023007,4
1023008,0
1023009,0
1023010,0
1023011,0
1023012,6
1023013,6
1023014,0
1023015,10
1023016,0
1023017,0
1023018,3
1023019,0
1023020,0
1023021,0
1023022,0
1023023,0
1023024,0
1023025,0
1023026,7
1023027,7
1023028,0
1023029,7
1023030,11
1023031,0
1023032,0
1023033,4
1023034,2
1023035,9
1023036,0
1023037,0
1023038,9
1023039,8
1023040,0
1023041,3
1023042,0
1023043,0
1023044,0
1023045,0
1023046,0
1023047,9
1023048,0
1023049,4
1023050,0
1023051,0
1023052,0
1023053,4
1023054,0
1023055,5
1023056,0
1023057,0
1023058,0
1023059,11
1023060,0
1023061,0
1023062,0
1023063,0
1023064,5
1023065,6
1023066,0
1023067,0
1023068,0
1023069,0
1023070,0
1023071,4
1023072,0
1023073,0
1023074,0
1023075,0
1023076,0
1023077,8
1023078,0
1023079,0
1023080,7
1023081,10
1023082,0
1023083,0
1023084,5
1023085,0
1023086,0
1023087,0
1023088,3
1023089,0
1023090,4
1023091,8
1023092,6
1023093,0
1023094,7
1023095,0
1023096,0
1023097,0
1023098,0
1023099,0
1023100,0
1023101,0
1023102,0
1023103,0
1023104,0
1023105,0
1023106,0
1023107,0
1023108,0
1023109,0
1023110,0
1023111,0
1023112,0
1023113,0
1023114,0
1023115,9
1023116,0
1023117,11
1023118,7
1023119,12
1023120,0
1023121,0
1023122,0
1023123,4
1023124,11
1023125,0
1023126,0
1023127,0
1023128,11
1023129,0
1023130,0
1023131,0
1023132,0
1023133,0
1023134,0
1023135,0
1023136,0
1023137,0
1023138,0
1023139,0
1023140,6
1023141,0
1023142,0
1023143,13
1023144,12
1023145,0
1023146,0
1023147,7
1023148,6
1023149,0
1023150,0
1023151,0
1023152,0
1023153,16
1023154,0
1023155,6
1023156,5
1023157,8
1023158,0
1023159,0
1023160,0
1023161,0
1023162,0
1023163,8
1023164,0
1023165,0
1023166,0
1023167,0
1023168,0
1023169,0
1023170,4
1023171,0
1023172,11
1023173,0
1023174,0
1023175,0
1023176,10
1023177,13
1023178,0
1023179,7
1023180,0
1023181,0
1023182,7
1023183,0
1023184,12
1023185,0
1023186,11
1023187,0
1023188,15
1023189,0
1023190,0
1023191,7
1023192,10
1023193,0
1023194,0
1023195,0
1023196,5
1023197,11
1023198,0
1023199,8
1023200,0
1023201,0
1023202,0
1023203,0
1023204,0
1023205,9
1023206,0
1023207,0
1023208,0
1023209,0
1023210,0
1023211,0
1023212,0
1023213,0
1023214,0
1023215,6
1023216,5
1023217,11
1023218,9
1023219,8
1023220,0
1023221,0
1023222,0
1023223,0
1023224,0
1023225,0
1023226,0
1023227,0
1023228,0
1023229,0
1023230,0
1023231,0
1023232,0
1023233,0
1023234,0
1023235,0
1023236,0
1023237,15
1023238,15
1023239,0
1023240,5
1023241,6
1023242,0
1023243,15
1023244,0
1023245,0
1023246,12
1023247,0
1023248,0
1023249,0
1023250,0
1023251,0
1023252,7
1023253,9
1023254,0
1023255,0
1023256,0
1023257,12
1023258,14
1023259,0
1023260,0
1023261,0
1023262,0
1023263,0
1023264,0
1023265,0
1023266,0
1023267,0
1023268,0
1023269,0
1023270,0
1023271,0
1023272,0
1023273,0
1023274,8
1023275,7
1023276,0
1023277,0
1023278,0
1023279,12
1023280,0
1023281,0
1023282,0
1023283,0
1023284,0
1023285,13
1023286,8
1023287,0
1023288,9
1023289,0
1023290,0
1023291,6
1023292,0
1023293,0
1023294,8
1023295,0
1023296,0
1023297,4
1023298,0
1023299,7
1023300,8
1023301,6
1023302,0
1023303,0
1023304,0
1023305,3
1023306,0
1023307,0
1023308,0
1023309,0
1023310,0
1023311,9
1023312,0
1023313,0
1023314,0
1023315,0
1023316,9
1023317,0
1023318,0
1023319,0
1023320,0
1023321,0
1023322,0
1023323,3
1023324,0
1023325,8
1023326,0
1023327,0
1023328,0
1023329,0
1023330,7
1023331,8
1023332,13
1023333,8
1023334,0
1023335,0
1023336,0
1023337,0
1023338,0
1023339,0
1023340,0
1023341,0
1023342,0
1023343,0
1023344,0
1023345,8
1023346,8
1023347,0
1023348,0
1023349,0
1023350,0
1023351,7
1023352,0
1023353,0
1023354,0
1023355,0
1023356,7
1023357,0
1023358,0
1023359,11
1023360,0
1023361,0
1023362,0
1023363,0
1023364,0
1023365,0
1023366,0
1023367,5
1023368,0
1023369,0
1023370,0
1023371,0
1023372,0
1023373,6
1023374,11
1023375,0
1023376,0
1023377,0
1023378,0
1023379,5
1023380,0
1023381,0
1023382,0
1023383,10
1023384,12
1023385,0
1023386,0
1023387,4
1023388,5
1023389,8
1023390,0
1023391,0
1023392,5
1023393,0
1023394,8
1023395,0
1023396,0
1023397,0
1023398,0
1023399,0
1023400,0
1023401,0
1023402,12
1023403,0
1023404,0
1023405,5
1023406,13
1023407,0
1023408,7
1023409,10
1023410,8
1023411,0
1023412,6
1023413,0
1023414,6
1023415,0
1023416,0
1023417,0
1023418,0
1023419,6
1023420,0
1023421,0
1023422,0
1023423,9
1023424,0
1023425,0
1023426,12
1023427,6
1023428,0
1023429,11
1023430,0
1023431,0
1023432,0
1023433,7
1023434,0
1023435,0
1023436,0
1023437,0
1023438,0
1023439,10
1023440,8
1023441,0
1023442,0
1023443,0
1023444,0
1023445,0
1023446,0
1023447,3
1023448,5
1023449,0
1023450,11
1023451,0
1023452,0
1023453,0
1023454,0
1023455,7
1023456,7
1023457,12
1023458,0
1023459,11
1023460,0
1023461,0
1023462,0
1023463,0
1023464,0
1023465,7
1023466,0
1023467,0
1023468,0
1023469,5
1023470,10
1023471,0
1023472,0
1023473,0
1023474,0
1023475,8
1023476,0
1023477,0
1023478,0
1023479,0
1023480,0
1023481,0
1023482,0
1023483,0
1023484,0
1023485,0
1023486,0
1023487,12
1023488,0
1023489,11
1023490,0
1023491,0
1023492,0
1023493,0
1023494,5
1023495,7
1023496,8
1023497,0
1023498,0
1023499,10
1023500,5
1023501,0
1023502,0
1023503,0
1023504,0
1023505,7
1023506,0
1023507,0
1023508,0
1023509,0
1023510,8
1023511,0
1023512,0
1023513,0
1023514,0
1023515,0
1023516,0
1023517,11
1023518,0
1023519,7
1023520,0
1023521,0
1023522,0
1023523,0
1023524,0
1023525,12
1023526,0
1023527,0
1023528,0
1023529,0
1023530,8
1023531,0
1023532,7
1023533,0
1023534,0
1023535,0
1023536,0
1023537,0
1023538,3
1023539,0
1023540,9
1023541,0
1023542,0
1023543,0
1023544,0
1023545,0
1023546,0
1023547,0
1023548,7
1023549,4
1023550,0
1023551,8
1023552,0
1023553,0
1023554,6
1023555,0
1023556,0
1023557,0
1023558,0
1023559,0
1023560,0
1023561,0
1023562,0
1023563,7
1023564,8
1023565,0
1023566,7
1023567,0
1023568,8
1023569,0
1023570,0
1023571,0
1023572,22
1023573,0
1023574,0
1023575,27
1023576,0
1023577,0
1023578,0
1023579,0
1023580,0
1023581,0
1023582,0
1023583,21
1023584,0
1023585,20
1023586,21
1023587,0
1023588,20
1023589,17
1023590,20
1023591,0
1023592,12
1023593,0
1023594,0
1023595,0
1023596,27
1023597,0
1023598,0
1023599,0
1023600,22
1023601,0
1023602,0
1023603,0
1023604,0
1023605,0
1023606,0
1023607,0
1023608,0
1023609,0
1023610,0
1023611,0
1023612,0
1023613,0
1023614,20
1023615,0
1023616,20
1023617,0
1023618,0
1023619,14
1023620,0
1023621,0
1023622,0
1023623,0
1023624,0
1023625,14
1023626,21
1023627,0
1023628,0
1023629,0
1023630,0
1023631,0
1023632,18
1023633,0
1023634,18
1023635,13
1023636,18
1023637,0
1023638,0
1023639,0
1023640,21
1023641,33
1023642,0
1023643,21
1023644,22
1023645,0
1023646,0
1023647,18
1023648,0
1023649,0
1023650,0
1023651,0
1023652,17
1023653,23
1023654,0
1023655,0
1023656,0
1023657,25
1023658,25
1023659,0
1023660,0
1023661,0
1023662,22
1023663,0
1023664,13
1023665,11
1023666,0
1023667,0
1023668,0
1023669,22
1023670,0
1023671,0
1023672,19
1023673,0
1023674,0
1023675,15
1023676,0
1023677,0
1023678,0
1023679,0
1023680,0
1023681,23
1023682,0
1023683,32
1023684,0
1023685,17
1023686,0
1023687,13
1023688,24
1023689,0
1023690,17
1023691,0
1023692,20
1023693,23
1023694,22
1023695,16
1023696,0
1023697,18
1023698,17
1023699,0
1023700,25
1023701,0
1023702,19
1023703,0
1023704,0
1023705,0
1023706,19
1023707,0
1023708,0
1023709,0
1023710,0
1023711,20
1023712,0
1023713,0
1023714,0
1023715,19
1023716,24
1023717,0
1023718,0
1023719,0
1023720,0
1023721,0
1023722,17
1023723,0
1023724,0
1023725,18
1023726,0
1023727,21
1023728,0
1023729,0
1023730,0
1023731,0
1023732,0
1023733,25
1023734,0
1023735,0
1023736,0
1023737,0
1023738,0
1023739,0
1023740,0
1023741,0
1023742,0
1023743,24
1023744,15
1023745,27
1023746,0
1023747,16
1023748,23
1023749,24
1023750,0
1023751,0
1023752,0
1023753,0
1023754,0
1023755,0
1023756,0
1023757,17
1023758,0
1023759,0
1023760,0
1023761,18
1023762,0
1023763,0
1023764,26
1023765,0
1023766,14
1023767,23
1023768,16
1023769,0
1023770,0
1023771,19
1023772,0
1023773,0
1023774,0
1023775,19
1023776,34
1023777,0
1023778,0
1023779,0
1023780,0
1023781,0
1023782,24
1023783,0
1023784,0
1023785,0
1023786,0
1023787,0
1023788,0
1023789,0
1023790,0
1023791,0
1023792,20
1023793,0
1023794,0
1023795,33
1023796,0
1023797,21
1023798,0
1023799,0
1023800,0
1023801,0
1023802,0
1023803,18
1023804,0
1023805,0
1023806,20
1023807,0
1023808,0
1023809,13
1023810,19
1023811,23
1023812,0
1023813,0
1023814,22
1023815,0
1023816,0
1023817,0
1023818,0
1023819,0
1023820,26
1023821,0
1023822,0
1023823,0
1023824,0
1023825,14
1023826,0
1023827,0
1023828,15
1023829,20
1023830,0
1023831,20
1023832,0
1023833,0
1023834,0
1023835,13
1023836,0
1023837,0
1023838,0
1023839,0
1023840,0
1023841,0
1023842,0
1023843,0
1023844,0
1023845,21
1023846,0
1023847,0
1023848,0
1023849,0
1023850,24
1023851,0
1023852,0
1023853,0
1023854,20
1023855,0
1023856,0
1023857,15
1023858,18
1023859,0
1023860,0
1023861,0
1023862,0
1023863,0
1023864,0
1023865,0
1023866,0
1023867,0
1023868,17
1023869,24
1023870,14
1023871,0
1023872,0
1023873,0
1023874,37
1023875,27
1023876,0
1023877,0
1023878,19
1023879,0
1023880,0
1023881,0
1023882,0
1023883,21
1023884,0
1023885,0
1023886,25
1023887,0
1023888,0
1023889,0
1023890,0
1023891,0
1023892,0
1023893,20
1023894,0
1023895,0
1023896,0
1023897,0
1023898,0
1023899,0
1023900,0
1023901,25
1023902,0
1023903,0
1023904,13
1023905,0
1023906,0
1023907,0
1023908,0
1023909,0
1023910,0
1023911,0
1023912,0
1023913,0
1023914,0
1023915,0
1023916,26
1023917,0
1023918,0
1023919,0
1023920,0
1023921,0
1023922,0
1023923,0
1023924,0
1023925,0
1023926,22
1023927,12
1023928,0
1023929,0
1023930,0
1023931,0
1023932,19
1023933,0
1023934,0
1023935,19
1023936,0
1023937,0
1023938,0
1023939,20
1023940,24
1023941,0
1023942,0
1023943,0
1023944,0
1023945,26
1023946,0
1023947,0
1023948,0
1023949,21
1023950,0
1023951,18
1023952,0
1023953,0
1023954,0
1023955,0
1023956,12
1023957,0
1023958,21
1023959,0
1023960,0
1023961,17
1023962,16
1023963,0
1023964,0
1023965,0
1023966,19
1023967,0
1023968,0
1023969,0
1023970,0
1023971,0
1023972,20
1023973,0
1023974,0
1023975,0
1023976,0
1023977,16
1023978,0
1023979,0
1023980,0
1023981,12
1023982,0
1023983,23
1023984,0
1023985,0
1023986,21
1023987,0
1023988,21
1023989,0
1023990,0
1023991,0
1023992,0
1023993,23
1023994,0
1023995,0
1023996,0
1023997,24
1023998,16
1023999,0
1024000,0
1024001,0
1024002,0
1024003,0
1024004,34
1024005,0
1024006,16
1024007,0
1024008,16
1024009,0
1024010,12
1024011,0
1024012,0
1024013,0
1024014,0
1024015,18
1024016,0
1024017,0
1024018,0
1024019,0
1024020,0
1024021,21
1024022,20
1024023,0
1024024,0
1024025,23
1024026,0
1024027,0
1024028,13
1024029,11
1024030,0
1024031,15
1024032,0
1024033,0
1024034,0
1024035,21
1024036,0
1024037,0
1024038,0
1024039,0
1024040,0
1024041,14
1024042,0
1024043,0
1024044,0
1024045,0
1024046,0
1024047,0
1024048,0
1024049,21
1024050,0
1024051,18
1024052,0
1024053,25
1024054,0
1024055,0
1024056,0
1024057,24
1024058,0
1024059,0
1024060,0
1024061,0
1024062,0
1024063,0
1024064,0
1024065,0
1024066,0
1024067,0
1024068,0
1024069,0
1024070,0
1024071,0
1024072,22
1024073,18
1024074,0
1024075,22
1024076,20
1024077,0
1024078,0
1024079,26
1024080,14
1024081,0
1024082,0
1024083,11
1024084,0
1024085,0
1024086,0
1024087,0
1024088,0
1024089,0
1024090,0
1024091,0
1024092,21
1024093,0
1024094,0
1024095,20
1024096,0
1024097,0
1024098,0
1024099,18
1024100,0
1024101,0
1024102,0
1024103,0
1024104,19
1024105,0
1024106,0
1024107,25
1024108,23
1024109,14
1024110,0
1024111,0
1024112,0
1024113,12
1024114,0
1024115,0
1024116,0
1024117,0
1024118,0
1024119,0
1024120,0
1024121,0
1024122,18
1024123,0
1024124,0
1024125,0
1024126,0
1024127,0
1024128,0
1024129,0
1024130,0
1024131,0
1024132,0
1024133,22
1024134,0
1024135,15
1024136,0
1024137,0
1024138,20
1024139,0
1024140,0
1024141,0
1024142,0
1024143,0
1024144,0
1024145,21
1024146,0
1024147,0
1024148,22
1024149,0
1024150,0
1024151,0
1024152,25
1024153,0
1024154,0
1024155,0
1024156,0
1024157,0
1024158,17
1024159,0
1024160,0
1024161,0
1024162,0
1024163,0
1024164,0
1024165,0
1024166,0
1024167,0
1024168,0
1024169,0
1024170,0
1024171,0
1024172,0
1024173,0
1024174,0
1024175,0
1024176,0
1024177,0
1024178,0
1024179,18
1024180,0
1024181,0
1024182,0
1024183,0
1024184,0
1024185,0
1024186,0
1024187,0
1024188,0
1024189,20
1024190,0
1024191,0
1024192,0
1024193,0
1024194,0
1024195,0
1024196,0
1024197,0
1024198,0
1024199,0
1024200,0
1024201,0
1024202,0
1024203,0
1024204,0
1024205,0
1024206,0
1024207,0
1024208,0
1024209,0
1024210,31
1024211,0
1024212,0
1024213,0
1024214,0
1024215,0
1024216,0
1024217,0
1024218,0
1024219,0
1024220,0
1024221,0
1024222,0
1024223,0
1024224,0
1024225,0
1024226,13
1024227,0
1024228,0
1024229,0
1024230,0
1024231,0
1024232,0
1024233,0
1024234,0
1024235,0
1024236,0
1024237,0
1024238,0
1024239,0
1024240,0
1024241,0
1024242,0
1024243,0
1024244,0
1024245,0
1024246,0
1024247,0
1024248,0
1024249,0
1024250,0
1024251,0
1024252,0
1024253,0
1024254,0
1024255,0
1024256,0
1024257,0
1024258,0
1024259,0
1024260,0
1024261,0
1024262,0
1024263,0
1024264,0
1024265,0
1024266,0
1024267,0
1024268,0
1024269,0
1024270,0
1024271,0
1024272,0
1024273,0
1024274,0
1024275,0
1024276,13
1024277,0
1024278,0
1024279,0
1024280,0
1024281,0
1024282,0
1024283,0
1024284,0
1024285,16
1024286,0
1024287,0
1024288,0
1024289,21
1024290,0
1024291,0
1024292,0
1024293,0
1024294,0
1024295,0
1024296,0
1024297,0
1024298,0
1024299,19
1024300,0
1024301,0
1024302,0
1024303,0
1024304,0
1024305,0
1024306,0
1024307,0
1024308,0
1024309,0
1024310,0
1024311,0
1024312,0
1024313,0
1024314,0
1024315,0
1024316,0
1024317,0
1024318,0
1024319,0
1024320,0
1024321,0
1024322,0
1024323,0
1024324,24
1024325,20
1024326,0
1024327,0
1024328,0
1024329,0
1024330,0
1024331,0
1024332,0
1024333,0
1024334,0
1024335,0
1024336,0
1024337,0
1024338,0
1024339,0
1024340,0
1024341,0
1024342,0
1024343,0
1024344,0
1024345,0
1024346,0
1024347,0
1024348,0
1024349,0
1024350,0
1024351,0
1024352,9
1024353,0
1024354,0
1024355,0
1024356,0
1024357,0
1024358,0
1024359,0
1024360,0
1024361,0
1024362,0
1024363,0
1024364,0
1024365,0
1024366,0
1024367,0
1024368,0
1024369,0
1024370,0
1024371,0
1024372,0
1024373,0
1024374,0
1024375,0
1024376,0
1024377,0
1024378,0
1024379,0
1024380,0
1024381,0
1024382,0
1024383,0
1024384,0
1024385,0
1024386,0
1024387,0
1024388,0
1024389,0
1024390,0
1024391,20
1024392,0
1024393,0
1024394,0
1024395,0
1024396,0
1024397,0
1024398,0
1024399,0
1024400,0
1024401,0
1024402,0
1024403,0
1024404,0
1024405,0
1024406,0
1024407,0
1024408,0
1024409,0
1024410,0
1024411,0
1024412,0
1024413,0
1024414,0
1024415,0
1024416,0
1024417,0
1024418,0
1024419,0
1024420,0
1024421,0
1024422,0
1024423,0
1024424,0
1024425,0
1024426,0
1024427,0
1024428,0
1024429,0
1024430,8
1024431,0
1024432,0
1024433,0
1024434,0
1024435,0
1024436,0
1024437,0
1024438,0
1024439,0
1024440,0
1024441,0
1024442,0
1024443,0
1024444,0
1024445,21
1024446,0
1024447,14
1024448,0
1024449,0
1024450,0
1024451,0
1024452,0
1024453,0
1024454,0
1024455,0
1024456,0
1024457,0
1024458,0
1024459,0
1024460,0
1024461,0
1024462,0
1024463,0
1024464,0
1024465,0
1024466,0
1024467,0
1024468,0
1024469,0
1024470,0
1024471,0
1024472,0
1024473,0
1024474,0
1024475,0
1024476,0
1024477,0
1024478,0
1024479,0
1024480,0
1024481,0
1024482,0
1024483,0
1024484,0
1024485,0
1024486,0
1024487,0
1024488,0
1024489,0
1024490,0
1024491,0
1024492,0
1024493,0
1024494,0
1024495,0
1024496,0
1024497,0
1024498,0
1024499,0
1024500,0
1024501,0
1024502,0
1024503,0
1024504,0
1024505,0
1024506,0
1024507,0
1024508,0
1024509,0
1024510,0
1024511,0
1024512,0
1024513,0
1024514,0
1024515,0
1024516,0
1024517,0
1024518,0
1024519,0
1024520,0
1024521,0
1024522,0
1024523,0
1024524,0
1024525,0
1024526,0
1024527,0
1024528,0
1024529,0
1024530,0
1024531,0
1024532,0
1024533,0
1024534,0
1024535,0
1024536,0
1024537,0
1024538,0
1024539,0
1024540,0
1024541,0
1024542,0
1024543,0
1024544,0
1024545,0
1024546,0
1024547,0
1024548,0
1024549,0
1024550,0
1024551,0
1024552,0
1024553,0
1024554,0
1024555,0
1024556,0
1024557,27
1024558,0
1024559,0
1024560,0
1024561,16
1024562,0
1024563,0
1024564,0
1024565,0
1024566,14
1024567,0
1024568,0
1024569,0
1024570,0
1024571,0
1024572,0
1024573,0
1024574,0
1024575,0
1024576,0
1024577,0
1024578,0
1024579,19
1024580,0
1024581,0
1024582,0
1024583,0
1024584,0
1024585,0
1024586,0
1024587,0
1024588,0
1024589,0
1024590,0
1024591,0
1024592,0
1024593,0
1024594,0
1024595,0
1024596,0
1024597,0
1024598,14
1024599,0
1024600,0
1024601,0
1024602,0
1024603,0
1024604,0
1024605,0
1024606,0
1024607,0
1024608,0
1024609,0
1024610,5
1024611,0
1024612,0
1024613,0
1024614,0
1024615,0
1024616,0
1024617,9
1024618,0
1024619,0
1024620,0
1024621,0
1024622,0
1024623,0
1024624,0
1024625,0
1024626,0
1024627,0
1024628,0
1024629,0
1024630,0
1024631,0
1024632,0
1024633,0
1024634,0
1024635,0
1024636,0
1024637,0
1024638,0
1024639,0
1024640,0
1024641,0
1024642,0
1024643,0
1024644,0
1024645,0
1024646,20
1024647,0
1024648,0
1024649,0
1024650,0
1024651,0
1024652,0
1024653,12
1024654,0
1024655,24
1024656,0
1024657,0
1024658,0
1024659,0
1024660,0
1024661,11
1024662,0
1024663,0
1024664,0
1024665,0
1024666,0
1024667,0
1024668,0
1024669,0
1024670,0
1024671,0
1024672,0
1024673,0
1024674,0
1024675,0
1024676,0
1024677,0
1024678,0
1024679,0
1024680,0
1024681,0
1024682,27
1024683,0
1024684,0
1024685,0
1024686,0
1024687,0
1024688,0
1024689,0
1024690,0
1024691,0
1024692,0
1024693,0
1024694,0
1024695,0
1024696,0
1024697,0
1024698,0
1024699,0
1024700,0
1024701,28
1024702,0
1024703,0
1024704,0
1024705,0
1024706,0
1024707,0
1024708,0
1024709,0
1024710,0
1024711,0
1024712,0
1024713,0
1024714,0
1024715,0
1024716,0
1024717,0
1024718,0
1024719,0
1024720,0
1024721,0
1024722,0
1024723,0
1024724,0
1024725,0
1024726,0
1024727,7
1024728,0
1024729,0
1024730,0
1024731,0
1024732,0
1024733,0
1024734,0
1024735,0
1024736,0
1024737,0
1024738,0
1024739,0
1024740,0
1024741,0
1024742,0
1024743,0
1024744,0
1024745,0
1024746,17
1024747,0
1024748,0
1024749,0
1024750,0
1024751,0
1024752,0
1024753,0
1024754,0
1024755,0
1024756,0
1024757,0
1024758,0
1024759,0
1024760,0
1024761,0
1024762,0
1024763,0
1024764,15
1024765,0
1024766,0
1024767,0
1024768,0
1024769,16
1024770,0
1024771,0
1024772,0
1024773,0
1024774,0
1024775,0
1024776,0
1024777,0
1024778,0
1024779,0
1024780,0
1024781,0
1024782,0
1024783,0
1024784,0
1024785,0
1024786,0
1024787,9
1024788,0
1024789,0
1024790,0
1024791,0
1024792,10
1024793,0
1024794,0
1024795,0
1024796,0
1024797,0
1024798,0
1024799,0
1024800,0
1024801,0
1024802,0
1024803,0
1024804,0
1024805,0
1024806,0
1024807,0
1024808,0
1024809,0
1024810,0
1024811,0
1024812,0
1024813,0
1024814,0
1024815,17
1024816,0
1024817,0
1024818,0
1024819,0
1024820,0
1024821,0
1024822,0
1024823,0
1024824,0
1024825,0
1024826,21
1024827,0
1024828,0
1024829,0
1024830,0
1024831,0
1024832,0
1024833,0
1024834,0
1024835,0
1024836,0
1024837,0
1024838,0
1024839,0
1024840,0
1024841,0
1024842,0
1024843,0
1024844,0
1024845,0
1024846,0
1024847,0
1024848,0
1024849,0
1024850,0
1024851,0
1024852,0
1024853,0
1024854,0
1024855,0
1024856,7
1024857,0
1024858,0
1024859,0
1024860,0
1024861,0
1024862,0
1024863,0
1024864,0
1024865,0
1024866,10
1024867,6
1024868,9
1024869,0
1024870,0
1024871,10
1024872,0
1024873,0
1024874,0
1024875,0
1024876,0
1024877,0
1024878,0
1024879,0
1024880,0
1024881,0
1024882,0
1024883,0
1024884,0
1024885,0
1024886,0
1024887,0
1024888,9
1024889,0
1024890,0
1024891,0
1024892,0
1024893,0
1024894,0
1024895,0
1024896,20
1024897,0
1024898,0
1024899,0
1024900,9
1024901,12
1024902,0
1024903,0
1024904,0
1024905,0
1024906,0
1024907,15
1024908,0
1024909,0
1024910,0
1024911,9
1024912,0
1024913,19
1024914,0
1024915,0
1024916,0
1024917,0
1024918,0
1024919,0
1024920,0
1024921,6
1024922,0
1024923,0
1024924,0
1024925,0
1024926,0
1024927,0
1024928,0
1024929,0
1024930,0
1024931,17
1024932,0
1024933,18
1024934,10
1024935,0
1024936,13
1024937,0
1024938,0
1024939,0
1024940,0
1024941,13
1024942,0
1024943,0
1024944,18
1024945,0
1024946,0
1024947,0
1024948,0
1024949,0
1024950,0
1024951,0
1024952,14
1024953,0
1024954,6
1024955,0
1024956,0
1024957,16
1024958,15
1024959,0
1024960,0
1024961,0
1024962,0
1024963,7
1024964,0
1024965,0
1024966,0
1024967,0
1024968,0
1024969,0
1024970,24
1024971,0
1024972,0
1024973,0
1024974,0
1024975,0
1024976,17
1024977,0
1024978,6
1024979,0
1024980,0
1024981,0
1024982,0
1024983,0
1024984,0
1024985,22
1024986,0
1024987,0
1024988,10
1024989,0
1024990,24
1024991,0
1024992,0
1024993,0
1024994,8
1024995,0
1024996,7
1024997,11
1024998,0
1024999,18
1025000,0
1025001,0
1025002,0
1025003,0
1025004,0
1025005,0
1025006,0
1025007,0
1025008,0
1025009,0
1025010,0
1025011,0
1025012,0
1025013,14
1025014,0
1025015,0
1025016,0
1025017,0
1025018,0
1025019,0
1025020,0
1025021,0
1025022,0
1025023,0
1025024,14
1025025,0
1025026,0
1025027,0
1025028,0
1025029,0
1025030,0
1025031,0
1025032,0
1025033,0
1025034,18
1025035,0
1025036,0
1025037,0
1025038,0
1025039,14
1025040,0
1025041,0
1025042,0
1025043,0
1025044,0
1025045,0
1025046,0
1025047,12
1025048,0
1025049,16
1025050,9
1025051,0
1025052,0
1025053,12
1025054,19
1025055,0
1025056,0
1025057,0
1025058,0
1025059,0
1025060,0
1025061,0
1025062,0
1025063,0
1025064,0
1025065,0
1025066,17
1025067,0
1025068,0
1025069,19
1025070,24
1025071,10
1025072,0
1025073,0
1025074,0
1025075,0
1025076,15
1025077,16
1025078,16
1025079,0
1025080,0
1025081,0
1025082,3
1025083,0
1025084,0
1025085,0
1025086,0
1025087,0
1025088,0
1025089,0
1025090,34
1025091,11
1025092,16
1025093,14
1025094,14
1025095,0
1025096,0
1025097,0
1025098,0
1025099,0
1025100,21
1025101,15
1025102,0
1025103,0
1025104,0
1025105,0
1025106,0
1025107,0
1025108,11
1025109,0
1025110,9
1025111,0
1025112,0
1025113,0
1025114,0
1025115,0
1025116,0
1025117,0
1025118,0
1025119,0
1025120,0
1025121,10
1025122,0
1025123,0
1025124,8
1025125,9
1025126,0
1025127,17
1025128,0
1025129,15
1025130,17
1025131,0
1025132,0
1025133,17
1025134,0
1025135,0
1025136,0
1025137,0
1025138,17
1025139,0
1025140,0
1025141,10
1025142,0
1025143,0
1025144,0
1025145,0
1025146,20
1025147,0
1025148,0
1025149,0
1025150,0
1025151,0
1025152,0
1025153,0
1025154,0
1025155,0
1025156,0
1025157,0
1025158,0
1025159,13
1025160,9
1025161,0
1025162,0
1025163,0
1025164,0
1025165,0
1025166,5
1025167,0
1025168,13
1025169,0
1025170,0
1025171,7
1025172,0
1025173,0
1025174,0
1025175,0
1025176,0
1025177,17
1025178,0
1025179,0
1025180,0
1025181,11
1025182,0
1025183,22
1025184,11
1025185,12
1025186,0
1025187,0
1025188,0
1025189,0
1025190,0
1025191,0
1025192,13
1025193,0
1025194,0
1025195,0
1025196,15
1025197,0
1025198,0
1025199,0
1025200,13
1025201,0
1025202,0
1025203,0
1025204,0
1025205,0
1025206,0
1025207,0
1025208,0
1025209,0
1025210,0
1025211,10
1025212,0
1025213,0
1025214,0
1025215,0
1025216,0
1025217,0
1025218,24
1025219,0
1025220,0
1025221,0
1025222,19
1025223,0
1025224,22
1025225,0
1025226,0
1025227,0
1025228,0
1025229,16
1025230,0
1025231,0
1025232,0
1025233,0
1025234,40
1025235,0
1025236,0
1025237,0
1025238,0
1025239,0
1025240,0
1025241,0
1025242,0
1025243,0
1025244,0
1025245,0
1025246,0
1025247,36
1025248,41
1025249,0
1025250,0
1025251,0
1025252,0
1025253,0
1025254,0
1025255,0
1025256,0
1025257,0
1025258,0
1025259,0
1025260,0
1025261,0
1025262,0
1025263,0
1025264,0
1025265,0
1025266,0
1025267,0
1025268,0
1025269,0
1025270,0
1025271,0
1025272,0
1025273,0
1025274,0
1025275,0
1025276,0
1025277,0
1025278,0
1025279,0
1025280,0
1025281,0
1025282,0
1025283,36
1025284,0
1025285,0
1025286,0
1025287,0
1025288,0
1025289,0
1025290,0
1025291,0
1025292,54
1025293,0
1025294,0
1025295,0
1025296,0
1025297,0
1025298,0
1025299,0
1025300,0
1025301,0
1025302,0
1025303,0
1025304,0
1025305,0
1025306,0
1025307,34
1025308,0
1025309,0
1025310,0
1025311,0
1025312,0
1025313,0
1025314,0
1025315,0
1025316,0
1025317,0
1025318,0
1025319,0
1025320,0
1025321,0
1025322,0
1025323,0
1025324,0
1025325,0
1025326,0
1025327,0
1025328,0
1025329,62
1025330,0
1025331,0
1025332,0
1025333,0
1025334,0
1025335,0
1025336,0
1025337,34
1025338,0
1025339,22
1025340,0
1025341,0
1025342,31
1025343,0
1025344,0
1025345,0
1025346,0
1025347,0
1025348,0
1025349,0
1025350,0
1025351,0
1025352,0
1025353,0
1025354,0
1025355,0
1025356,0
1025357,0
1025358,0
1025359,0
1025360,0
1025361,0
1025362,0
1025363,0
1025364,0
1025365,35
1025366,0
1025367,0
1025368,0
1025369,0
1025370,0
1025371,0
1025372,0
1025373,0
1025374,0
1025375,0
1025376,0
1025377,0
1025378,0
1025379,0
1025380,0
1025381,0
1025382,0
1025383,0
1025384,0
1025385,0
1025386,0
1025387,0
1025388,39
1025389,0
1025390,0
1025391,0
1025392,0
1025393,0
1025394,0
1025395,0
1025396,0
1025397,0
1025398,0
1025399,0
1025400,0
1025401,0
1025402,0
1025403,0
1025404,0
1025405,0
1025406,0
1025407,0
1025408,0
1025409,0
1025410,0
1025411,0
1025412,0
1025413,0
1025414,0
1025415,0
1025416,0
1025417,0
1025418,0
1025419,0
1025420,0
1025421,0
1025422,0
1025423,0
1025424,0
1025425,0
1025426,0
1025427,0
1025428,0
1025429,0
1025430,0
1025431,0
1025432,0
1025433,0
1025434,0
1025435,0
1025436,0
1025437,0
1025438,0
1025439,0
1025440,0
1025441,0
1025442,0
1025443,0
1025444,0
1025445,0
1025446,0
1025447,0
1025448,0
1025449,0
1025450,0
1025451,0
1025452,0
1025453,0
1025454,0
1025455,0
1025456,0
1025457,0
1025458,0
1025459,0
1025460,0
1025461,0
1025462,28
1025463,0
1025464,34
1025465,0
1025466,0
1025467,0
1025468,0
1025469,0
1025470,0
1025471,0
1025472,0
1025473,35
1025474,0
1025475,0
1025476,0
1025477,0
1025478,0
1025479,0
1025480,0
1025481,43
1025482,0
1025483,0
1025484,0
1025485,0
1025486,0
1025487,0
1025488,0
1025489,0
1025490,0
1025491,0
1025492,0
1025493,0
1025494,0
1025495,0
1025496,0
1025497,0
1025498,0
1025499,0
1025500,0
1025501,0
1025502,0
1025503,0
1025504,0
1025505,0
1025506,37
1025507,0
1025508,0
1025509,23
1025510,0
1025511,0
1025512,0
1025513,0
1025514,0
1025515,24
1025516,0
1025517,0
1025518,0
1025519,35
1025520,0
1025521,0
1025522,35
1025523,0
1025524,34
1025525,0
1025526,0
1025527,0
1025528,0
1025529,0
1025530,0
1025531,0
1025532,0
1025533,30
1025534,0
1025535,27
1025536,0
1025537,0
1025538,0
1025539,0
1025540,38
1025541,0
1025542,0
1025543,0
1025544,0
1025545,0
1025546,0
1025547,0
1025548,0
1025549,0
1025550,0
1025551,0
1025552,0
1025553,0
1025554,0
1025555,0
1025556,0
1025557,0
1025558,0
1025559,0
1025560,0
1025561,0
1025562,0
1025563,0
1025564,0
1025565,0
1025566,0
1025567,0
1025568,0
1025569,0
1025570,0
1025571,0
1025572,0
1025573,0
1025574,0
1025575,0
1025576,0
1025577,0
1025578,0
1025579,0
1025580,0
1025581,0
1025582,0
1025583,0
1025584,32
1025585,0
1025586,0
1025587,0
1025588,0
1025589,0
1025590,0
1025591,0
1025592,0
1025593,0
1025594,48
1025595,0
1025596,0
1025597,0
1025598,0
1025599,0
1025600,36
1025601,22
1025602,0
1025603,0
1025604,0
1025605,0
1025606,0
1025607,0
1025608,0
1025609,0
1025610,37
1025611,0
1025612,0
1025613,0
1025614,0
1025615,0
1025616,0
1025617,0
1025618,0
1025619,0
1025620,0
1025621,0
1025622,0
1025623,0
1025624,0
1025625,0
1025626,0
1025627,51
1025628,31
1025629,0
1025630,0
1025631,0
1025632,0
1025633,0
1025634,0
1025635,0
1025636,33
1025637,0
1025638,32
1025639,0
1025640,0
1025641,0
1025642,0
1025643,0
1025644,0
1025645,0
1025646,0
1025647,0
1025648,0
1025649,0
1025650,0
1025651,0
1025652,0
1025653,0
1025654,0
1025655,0
1025656,0
1025657,0
1025658,0
1025659,0
1025660,0
1025661,42
1025662,0
1025663,0
1025664,0
1025665,0
1025666,0
1025667,0
1025668,29
1025669,0
1025670,0
1025671,42
1025672,0
1025673,0
1025674,0
1025675,0
1025676,0
1025677,0
1025678,0
1025679,0
1025680,0
1025681,0
1025682,0
1025683,0
1025684,0
1025685,0
1025686,0
1025687,0
1025688,0
1025689,0
1025690,0
1025691,0
1025692,0
1025693,0
1025694,0
1025695,0
1025696,0
1025697,0
1025698,0
1025699,0
1025700,0
1025701,0
1025702,0
1025703,0
1025704,0
1025705,0
1025706,0
1025707,0
1025708,0
1025709,24
1025710,0
1025711,0
1025712,0
1025713,0
1025714,0
1025715,0
1025716,0
1025717,0
1025718,0
1025719,0
1025720,0
1025721,0
1025722,28
1025723,0
1025724,29
1025725,0
1025726,0
1025727,0
1025728,0
1025729,0
1025730,0
1025731,0
1025732,24
1025733,0
1025734,0
1025735,0
1025736,0
1025737,44
1025738,0
1025739,0
1025740,0
1025741,0
1025742,0
1025743,0
1025744,0
1025745,0
1025746,0
1025747,0
1025748,0
1025749,0
1025750,0
1025751,0
1025752,0
1025753,0
1025754,0
1025755,0
1025756,0
1025757,0
1025758,0
1025759,0
1025760,0
1025761,0
1025762,0
1025763,0
1025764,0
1025765,0
1025766,0
1025767,0
1025768,0
1025769,0
1025770,0
1025771,0
1025772,0
1025773,28
1025774,0
1025775,0
1025776,0
1025777,0
1025778,0
1025779,0
1025780,0
1025781,0
1025782,0
1025783,0
1025784,0
1025785,0
1025786,0
1025787,0
1025788,0
1025789,0
1025790,0
1025791,0
1025792,0
1025793,0
1025794,0
1025795,0
1025796,0
1025797,0
1025798,0
1025799,0
1025800,43
1025801,0
1025802,0
1025803,0
1025804,0
1025805,0
1025806,0
1025807,0
1025808,0
1025809,0
1025810,0
1025811,0
1025812,0
1025813,0
1025814,0
1025815,0
1025816,0
1025817,0
1025818,0
1025819,0
1025820,0
1025821,0
1025822,0
1025823,0
1025824,0
1025825,0
1025826,0
1025827,0
1025828,0
1025829,0
1025830,0
1025831,27
1025832,0
1025833,0
1025834,0
1025835,39
1025836,0
1025837,43
1025838,0
1025839,0
1025840,0
1025841,0
1025842,0
1025843,0
1025844,0
1025845,0
1025846,0
1025847,0
1025848,0
1025849,0
1025850,0
1025851,0
1025852,0
1025853,0
1025854,28
1025855,0
1025856,0
1025857,0
1025858,0
1025859,0
1025860,0
1025861,0
1025862,0
1025863,62
1025864,0
1025865,0
1025866,0
1025867,0
1025868,0
1025869,0
1025870,0
1025871,0
1025872,0
1025873,0
1025874,0
1025875,0
1025876,0
1025877,0
1025878,0
1025879,0
1025880,0
1025881,0
1025882,0
1025883,0
1025884,0
1025885,0
1025886,0
1025887,0
1025888,0
1025889,0
1025890,0
1025891,0
1025892,0
1025893,0
1025894,0
1025895,35
1025896,0
1025897,0
1025898,0
1025899,0
1025900,0
1025901,0
1025902,0
1025903,0
1025904,0
1025905,0
1025906,0
1025907,0
1025908,0
1025909,0
1025910,0
1025911,0
1025912,0
1025913,0
1025914,0
1025915,0
1025916,0
1025917,0
1025918,0
1025919,0
1025920,0
1025921,0
1025922,0
1025923,0
1025924,0
1025925,0
1025926,0
1025927,0
1025928,0
1025929,0
1025930,0
1025931,0
1025932,0
1025933,0
1025934,41
1025935,0
1025936,0
1025937,0
1025938,0
1025939,0
1025940,0
1025941,0
1025942,0
1025943,0
1025944,0
1025945,0
1025946,0
1025947,0
1025948,0
1025949,0
1025950,0
1025951,0
1025952,0
1025953,0
1025954,0
1025955,0
1025956,0
1025957,0
1025958,0
1025959,0
1025960,0
1025961,41
1025962,0
1025963,0
1025964,0
1025965,0
1025966,0
1025967,0
1025968,0
1025969,0
1025970,0
1025971,0
1025972,0
1025973,0
1025974,0
1025975,0
1025976,0
1025977,0
1025978,0
1025979,0
1025980,32
1025981,0
1025982,0
1025983,0
1025984,0
1025985,0
1025986,0
1025987,0
1025988,0
1025989,0
1025990,0
1025991,0
1025992,0
1025993,0
1025994,0
1025995,0
1025996,0
1025997,0
1025998,0
1025999,0
1026000,0
1026001,0
1026002,35
1026003,0
1026004,0
1026005,0
1026006,0
1026007,0
1026008,0
1026009,0
1026010,0
1026011,0
1026012,0
1026013,0
1026014,0
1026015,0
1026016,0
1026017,0
1026018,25
1026019,0
1026020,0
1026021,0
1026022,0
1026023,0
1026024,0
1026025,0
1026026,0
1026027,0
1026028,0
1026029,0
1026030,0
1026031,0
1026032,0
1026033,0
1026034,0
1026035,0
1026036,0
1026037,0
1026038,0
1026039,0
1026040,0
1026041,0
1026042,0
1026043,0
1026044,0
1026045,0
1026046,0
1026047,0
1026048,0
1026049,0
1026050,0
1026051,0
1026052,0
1026053,0
1026054,0
1026055,0
1026056,0
1026057,0
1026058,0
1026059,0
1026060,0
1026061,0
1026062,0
1026063,0
1026064,0
1026065,0
1026066,0
1026067,0
1026068,0
1026069,0
1026070,0
1026071,0
1026072,0
1026073,0
1026074,0
1026075,0
1026076,0
1026077,0
1026078,0
1026079,0
1026080,0
1026081,23
1026082,0
1026083,20
1026084,0
1026085,0
1026086,0
1026087,0
1026088,0
1026089,0
1026090,0
1026091,0
1026092,0
1026093,0
1026094,0
1026095,0
1026096,0
1026097,33
1026098,0
1026099,31
1026100,0
1026101,0
1026102,0
1026103,43
1026104,0
1026105,0
1026106,0
1026107,0
1026108,0
1026109,0
1026110,0
1026111,0
1026112,0
1026113,0
1026114,0
1026115,0
1026116,0
1026117,0
1026118,0
1026119,0
1026120,0
1026121,26
1026122,44
1026123,0
1026124,0
1026125,0
1026126,0
1026127,0
1026128,0
1026129,0
1026130,0
1026131,0
1026132,0
1026133,0
1026134,0
1026135,0
1026136,0
1026137,0
1026138,0
1026139,0
1026140,0
1026141,0
1026142,0
1026143,0
1026144,0
1026145,0
1026146,0
1026147,0
1026148,0
1026149,0
1026150,0
1026151,0
1026152,0
1026153,0
1026154,0
1026155,1
1026156,0
1026157,0
1026158,0
1026159,0
1026160,0
1026161,0
1026162,0
1026163,0
1026164,0
1026165,0
1026166,0
1026167,0
1026168,0
1026169,1
1026170,0
1026171,0
1026172,0
1026173,0
1026174,0
1026175,0
1026176,0
1026177,0
1026178,0
1026179,0
1026180,1
1026181,0
1026182,0
1026183,0
1026184,0
1026185,0
1026186,0
1026187,0
1026188,0
1026189,0
1026190,0
1026191,0
1026192,0
1026193,20
1026194,0
1026195,0
1026196,0
1026197,0
1026198,0
1026199,0
1026200,0
1026201,13
1026202,22
1026203,0
1026204,0
1026205,0
1026206,11
1026207,10
1026208,0
1026209,0
1026210,15
1026211,0
1026212,17
1026213,0
1026214,0
1026215,0
1026216,0
1026217,0
1026218,23
1026219,0
1026220,0
1026221,0
1026222,0
1026223,0
1026224,18
1026225,0
1026226,26
1026227,16
1026228,0
1026229,0
1026230,0
1026231,0
1026232,0
1026233,0
1026234,0
1026235,0
1026236,0
1026237,0
1026238,0
1026239,17
1026240,14
1026241,0
1026242,0
1026243,23
1026244,16
1026245,0
1026246,0
1026247,10
1026248,0
1026249,0
1026250,13
1026251,0
1026252,0
1026253,0
1026254,0
1026255,0
1026256,0
1026257,0
1026258,19
1026259,0
1026260,11
1026261,18
1026262,0
1026263,10
1026264,0
1026265,0
1026266,0
1026267,0
1026268,0
1026269,0
1026270,0
1026271,23
1026272,0
1026273,0
1026274,0
1026275,0
1026276,0
1026277,21
1026278,0
1026279,0
1026280,0
1026281,0
1026282,9
1026283,0
1026284,0
1026285,0
1026286,0
1026287,29
1026288,0
1026289,0
1026290,0
1026291,0
1026292,0
1026293,0
1026294,22
1026295,17
1026296,19
1026297,0
1026298,0
1026299,0
1026300,13
1026301,0
1026302,0
1026303,0
1026304,0
1026305,0
1026306,0
1026307,13
1026308,0
1026309,23
1026310,10
1026311,0
1026312,18
1026313,0
1026314,0
1026315,0
1026316,0
1026317,0
1026318,0
1026319,0
1026320,0
1026321,0
1026322,0
1026323,0
1026324,0
1026325,0
1026326,0
1026327,16
1026328,0
1026329,11
1026330,0
1026331,0
1026332,0
1026333,0
1026334,0
1026335,0
1026336,0
1026337,0
1026338,0
1026339,0
1026340,0
1026341,0
1026342,0
1026343,16
1026344,12
1026345,0
1026346,0
1026347,0
1026348,0
1026349,0
1026350,0
1026351,0
1026352,0
1026353,0
1026354,8
1026355,0
1026356,0
1026357,29
1026358,9
1026359,0
1026360,0
1026361,8
1026362,20
1026363,0
1026364,0
1026365,0
1026366,0
1026367,18
1026368,0
1026369,7
1026370,19
1026371,0
1026372,0
1026373,0
1026374,0
1026375,0
1026376,0
1026377,0
1026378,0
1026379,13
1026380,0
1026381,0
1026382,0
1026383,12
1026384,10
1026385,0
1026386,0
1026387,0
1026388,0
1026389,0
1026390,0
1026391,6
1026392,0
1026393,0
1026394,0
1026395,0
1026396,0
1026397,0
1026398,0
1026399,0
1026400,0
1026401,6
1026402,0
1026403,6
1026404,0
1026405,0
1026406,0
1026407,0
1026408,0
1026409,0
1026410,0
1026411,0
1026412,0
1026413,9
1026414,0
1026415,0
1026416,0
1026417,0
1026418,13
1026419,0
1026420,29
1026421,0
1026422,17
1026423,0
1026424,18
1026425,0
1026426,0
1026427,0
1026428,8
1026429,27
1026430,0
1026431,0
1026432,0
1026433,0
1026434,0
1026435,0
1026436,0
1026437,16
1026438,0
1026439,12
1026440,0
1026441,0
1026442,0
1026443,0
1026444,22
1026445,0
1026446,20
1026447,0
1026448,0
1026449,22
1026450,0
1026451,0
1026452,0
1026453,0
1026454,18
1026455,28
1026456,0
1026457,0
1026458,0
1026459,22
1026460,0
1026461,0
1026462,0
1026463,0
1026464,0
1026465,0
1026466,0
1026467,0
1026468,0
1026469,0
1026470,0
1026471,0
1026472,0
1026473,0
1026474,0
1026475,0
1026476,18
1026477,0
1026478,10
1026479,0
1026480,0
1026481,0
1026482,0
1026483,0
1026484,14
1026485,0
1026486,0
1026487,0
1026488,0
1026489,0
1026490,12
1026491,0
1026492,0
1026493,0
1026494,0
1026495,0
1026496,33
1026497,0
1026498,0
1026499,0
1026500,0
1026501,24
1026502,0
1026503,0
1026504,0
1026505,0
1026506,0
1026507,0
1026508,0
1026509,0
1026510,0
1026511,14
1026512,19
1026513,0
1026514,0
1026515,0
1026516,8
1026517,0
1026518,0
1026519,0
1026520,0
1026521,19
1026522,13
1026523,0
1026524,0
1026525,0
1026526,13
1026527,0
1026528,0
1026529,0
1026530,0
1026531,0
1026532,0
1026533,0
1026534,0
1026535,0
1026536,0
1026537,0
1026538,0
1026539,14
1026540,22
1026541,0
1026542,0
1026543,10
1026544,0
1026545,0
1026546,27
1026547,0
1026548,15
1026549,0
1026550,19
1026551,0
1026552,0
1026553,0
1026554,0
1026555,12
1026556,0
1026557,0
1026558,0
1026559,0
1026560,0
1026561,0
1026562,0
1026563,0
1026564,0
1026565,0
1026566,0
1026567,0
1026568,0
1026569,0
1026570,0
1026571,0
1026572,0
1026573,0
1026574,20
1026575,0
1026576,0
1026577,0
1026578,0
1026579,15
1026580,8
1026581,0
1026582,15
1026583,0
1026584,0
1026585,11
1026586,23
1026587,7
1026588,0
1026589,0
1026590,0
1026591,0
1026592,0
1026593,13
1026594,0
1026595,15
1026596,10
1026597,0
1026598,0
1026599,0
1026600,0
1026601,0
1026602,15
1026603,0
1026604,19
1026605,17
1026606,0
1026607,24
1026608,0
1026609,0
1026610,0
1026611,0
1026612,0
1026613,0
1026614,0
1026615,13
1026616,16
1026617,0
1026618,0
1026619,0
1026620,0
1026621,0
1026622,0
1026623,0
1026624,0
1026625,0
1026626,0
1026627,0
1026628,0
1026629,0
1026630,21
1026631,0
1026632,0
1026633,0
1026634,0
1026635,9
1026636,0
1026637,0
1026638,0
1026639,0
1026640,0
1026641,0
1026642,0
1026643,0
1026644,0
1026645,0
1026646,0
1026647,0
1026648,0
1026649,0
1026650,15
1026651,0
1026652,0
1026653,0
1026654,0
1026655,0
1026656,0
1026657,0
1026658,0
1026659,0
1026660,0
1026661,27
1026662,0
1026663,0
1026664,16
1026665,0
1026666,0
1026667,27
1026668,0
1026669,0
1026670,0
1026671,0
1026672,16
1026673,0
1026674,0
1026675,0
1026676,0
1026677,0
1026678,0
1026679,0
1026680,0
1026681,10
1026682,0
1026683,0
1026684,16
1026685,0
1026686,0
1026687,0
1026688,0
1026689,0
1026690,0
1026691,0
1026692,9
1026693,18
1026694,23
1026695,0
1026696,0
1026697,0
1026698,0
1026699,0
1026700,0
1026701,0
1026702,0
1026703,0
1026704,0
1026705,0
1026706,13
1026707,13
1026708,14
1026709,0
1026710,0
1026711,0
1026712,0
1026713,24
1026714,0
1026715,0
1026716,0
1026717,15
1026718,0
1026719,0
1026720,0
1026721,16
1026722,19
1026723,15
1026724,13
1026725,0
1026726,19
1026727,19
1026728,0
1026729,0
1026730,0
1026731,0
1026732,0
1026733,23
1026734,0
1026735,0
1026736,0
1026737,0
1026738,0
1026739,0
1026740,0
1026741,0
1026742,0
1026743,0
1026744,0
1026745,0
1026746,0
1026747,0
1026748,0
1026749,0
1026750,0
1026751,0
1026752,0
1026753,20
1026754,10
1026755,0
1026756,0
1026757,0
1026758,0
1026759,0
1026760,0
1026761,0
1026762,0
1026763,0
1026764,0
1026765,18
1026766,0
1026767,0
1026768,14
1026769,0
1026770,0
1026771,0
1026772,0
1026773,0
1026774,0
1026775,20
1026776,0
1026777,22
1026778,10
1026779,0
1026780,27
1026781,0
1026782,0
1026783,20
1026784,0
1026785,27
1026786,0
1026787,15
1026788,0
1026789,0
1026790,0
1026791,0
1026792,0
1026793,0
1026794,21
1026795,0
1026796,20
1026797,0
1026798,0
1026799,0
1026800,0
1026801,0
1026802,0
1026803,0
1026804,13
1026805,0
1026806,0
1026807,0
1026808,0
1026809,25
1026810,20
1026811,24
1026812,0
1026813,0
1026814,0
1026815,0
1026816,0
1026817,21
1026818,0
1026819,0
1026820,0
1026821,0
1026822,0
1026823,19
1026824,8
1026825,16
1026826,0
1026827,0
1026828,0
1026829,0
1026830,0
1026831,0
1026832,0
1026833,0
1026834,5
1026835,0
1026836,0
1026837,0
1026838,0
1026839,0
1026840,0
1026841,0
1026842,13
1026843,0
1026844,0
1026845,0
1026846,0
1026847,26
1026848,0
1026849,0
1026850,19
1026851,0
1026852,0
1026853,0
1026854,0
1026855,0
1026856,0
1026857,0
1026858,38
1026859,0
1026860,10
1026861,0
1026862,16
1026863,0
1026864,0
1026865,0
1026866,11
1026867,0
1026868,0
1026869,0
1026870,0
1026871,0
1026872,0
1026873,0
1026874,0
1026875,0
1026876,0
1026877,0
1026878,0
1026879,17
1026880,0
1026881,0
1026882,0
1026883,0
1026884,0
1026885,26
1026886,0
1026887,0
1026888,0
1026889,0
1026890,0
1026891,0
1026892,0
1026893,0
1026894,0
1026895,0
1026896,0
1026897,19
1026898,12
1026899,0
1026900,0
1026901,0
1026902,0
1026903,0
1026904,0
1026905,0
1026906,0
1026907,0
1026908,0
1026909,20
1026910,0
1026911,0
1026912,0
1026913,0
1026914,0
1026915,13
1026916,0
1026917,0
1026918,0
1026919,30
1026920,0
1026921,0
1026922,0
1026923,0
1026924,0
1026925,0
1026926,0
1026927,0
1026928,0
1026929,0
1026930,0
1026931,0
1026932,0
1026933,9
1026934,0
1026935,0
1026936,22
1026937,0
1026938,17
1026939,0
1026940,0
1026941,0
1026942,0
1026943,0
1026944,22
1026945,0
1026946,13
1026947,0
1026948,0
1026949,0
1026950,0
1026951,0
1026952,0
1026953,0
1026954,0
1026955,0
1026956,26
1026957,17
1026958,10
1026959,15
1026960,0
1026961,0
1026962,0
1026963,0
1026964,0
1026965,0
1026966,0
1026967,0
1026968,0
1026969,14
1026970,0
1026971,23
1026972,15
1026973,24
1026974,19
1026975,0
1026976,0
1026977,5
1026978,0
1026979,0
1026980,12
1026981,0
1026982,0
1026983,0
1026984,0
1026985,0
1026986,0
1026987,0
1026988,0
1026989,0
1026990,0
1026991,0
1026992,0
1026993,0
1026994,0
1026995,0
1026996,0
1026997,0
1026998,3
1026999,0
1027000,0
1027001,8
1027002,0
1027003,0
1027004,8
1027005,0
1027006,0
1027007,0
1027008,0
1027009,0
1027010,0
1027011,9
1027012,0
1027013,0
1027014,0
1027015,0
1027016,0
1027017,0
1027018,0
1027019,0
1027020,0
1027021,0
1027022,0
1027023,10
1027024,0
1027025,0
1027026,0
1027027,0
1027028,0
1027029,2
1027030,0
1027031,0
1027032,0
1027033,7
1027034,0
1027035,0
1027036,0
1027037,0
1027038,0
1027039,0
1027040,0
1027041,0
1027042,0
1027043,0
1027044,0
1027045,0
1027046,0
1027047,0
1027048,0
1027049,0
1027050,0
1027051,0
1027052,0
1027053,0
1027054,0
1027055,0
1027056,0
1027057,0
1027058,0
1027059,0
1027060,0
1027061,0
1027062,0
1027063,10
1027064,0
1027065,6
1027066,6
1027067,0
1027068,0
1027069,0
1027070,0
1027071,0
1027072,0
1027073,0
1027074,0
1027075,0
1027076,0
1027077,0
1027078,0
1027079,0
1027080,0
1027081,2
1027082,0
1027083,0
1027084,0
1027085,0
1027086,0
1027087,0
1027088,0
1027089,0
1027090,13
1027091,0
1027092,0
1027093,0
1027094,0
1027095,0
1027096,10
1027097,0
1027098,0
1027099,0
1027100,0
1027101,0
1027102,0
1027103,0
1027104,0
1027105,0
1027106,0
1027107,0
1027108,0
1027109,0
1027110,7
1027111,0
1027112,0
1027113,0
1027114,0
1027115,0
1027116,0
1027117,0
1027118,0
1027119,0
1027120,0
1027121,0
1027122,0
1027123,0
1027124,0
1027125,0
1027126,0
1027127,0
1027128,0
1027129,8
1027130,0
1027131,0
1027132,0
1027133,0
1027134,0
1027135,0
1027136,8
1027137,0
1027138,0
1027139,0
1027140,5
1027141,0
1027142,0
1027143,0
1027144,0
1027145,0
1027146,0
1027147,0
1027148,0
1027149,0
1027150,0
1027151,0
1027152,0
1027153,0
1027154,0
1027155,0
1027156,0
1027157,0
1027158,11
1027159,5
1027160,0
1027161,0
1027162,6
1027163,2
1027164,0
1027165,0
1027166,0
1027167,0
1027168,0
1027169,0
1027170,0
1027171,0
1027172,3
1027173,0
1027174,0
1027175,0
1027176,0
1027177,0
1027178,0
1027179,0
1027180,0
1027181,0
1027182,0
1027183,0
1027184,9
1027185,0
1027186,0
1027187,0
1027188,0
1027189,0
1027190,5
1027191,0
1027192,0
1027193,0
1027194,0
1027195,0
1027196,0
1027197,0
1027198,0
1027199,0
1027200,0
1027201,0
1027202,2
1027203,0
1027204,0
1027205,0
1027206,0
1027207,0
1027208,0
1027209,0
1027210,0
1027211,0
1027212,0
1027213,0
1027214,0
1027215,10
1027216,0
1027217,0
1027218,0
1027219,0
1027220,0
1027221,0
1027222,0
1027223,0
1027224,0
1027225,4
1027226,0
1027227,8
1027228,5
1027229,0
1027230,0
1027231,0
1027232,0
1027233,0
1027234,0
1027235,0
1027236,0
1027237,0
1027238,0
1027239,0
1027240,0
1027241,0
1027242,8
1027243,0
1027244,0
1027245,0
1027246,0
1027247,0
1027248,0
1027249,0
1027250,0
1027251,0
1027252,0
1027253,0
1027254,0
1027255,0
1027256,0
1027257,0
1027258,0
1027259,0
1027260,0
1027261,0
1027262,0
1027263,0
1027264,0
1027265,16
1027266,0
1027267,0
1027268,0
1027269,0
1027270,0
1027271,0
1027272,0
1027273,8
1027274,0
1027275,0
1027276,0
1027277,0
1027278,0
1027279,0
1027280,0
1027281,0
1027282,6
1027283,0
1027284,0
1027285,0
1027286,0
1027287,0
1027288,0
1027289,0
1027290,3
1027291,0
1027292,5
1027293,0
1027294,0
1027295,0
1027296,0
1027297,0
1027298,3
1027299,0
1027300,0
1027301,0
1027302,0
1027303,0
1027304,0
1027305,0
1027306,0
1027307,0
1027308,0
1027309,0
1027310,0
1027311,0
1027312,0
1027313,0
1027314,0
1027315,0
1027316,0
1027317,6
1027318,0
1027319,0
1027320,0
1027321,0
1027322,0
1027323,0
1027324,0
1027325,0
1027326,0
1027327,0
1027328,0
1027329,0
1027330,0
1027331,0
1027332,0
1027333,0
1027334,0
1027335,0
1027336,2
1027337,0
1027338,0
1027339,0
1027340,0
1027341,0
1027342,0
1027343,0
1027344,0
1027345,0
1027346,0
1027347,0
1027348,0
1027349,0
1027350,0
1027351,0
1027352,0
1027353,0
1027354,0
1027355,0
1027356,0
1027357,0
1027358,0
1027359,0
1027360,0
1027361,0
1027362,0
1027363,0
1027364,0
1027365,0
1027366,0
1027367,0
1027368,0
1027369,9
1027370,0
1027371,0
1027372,0
1027373,0
1027374,7
1027375,0
1027376,0
1027377,9
1027378,9
1027379,0
1027380,0
1027381,0
1027382,0
1027383,0
1027384,0
1027385,10
1027386,0
1027387,9
1027388,0
1027389,0
1027390,0
1027391,0
1027392,4
1027393,0
1027394,0
1027395,0
1027396,0
1027397,0
1027398,0
1027399,0
1027400,0
1027401,0
1027402,0
1027403,17
1027404,0
1027405,0
1027406,0
1027407,0
1027408,0
1027409,0
1027410,0
1027411,0
1027412,0
1027413,0
1027414,0
1027415,0
1027416,0
1027417,0
1027418,0
1027419,0
1027420,0
1027421,0
1027422,0
1027423,12
1027424,0
1027425,0
1027426,0
1027427,0
1027428,0
1027429,0
1027430,0
1027431,0
1027432,0
1027433,0
1027434,0
1027435,0
1027436,0
1027437,0
1027438,0
1027439,0
1027440,0
1027441,2
1027442,2
1027443,0
1027444,0
1027445,0
1027446,0
1027447,0
1027448,0
1027449,0
1027450,0
1027451,0
1027452,0
1027453,0
1027454,0
1027455,0
1027456,0
1027457,0
1027458,6
1027459,0
1027460,7
1027461,0
1027462,0
1027463,0
1027464,0
1027465,0
1027466,0
1027467,0
1027468,0
1027469,0
1027470,0
1027471,0
1027472,0
1027473,0
1027474,0
1027475,0
1027476,12
1027477,0
1027478,0
1027479,0
1027480,0
1027481,0
1027482,11
1027483,0
1027484,0
1027485,0
1027486,0
1027487,0
1027488,0
1027489,0
1027490,0
1027491,0
1027492,0
1027493,0
1027494,0
1027495,0
1027496,9
1027497,8
1027498,0
1027499,0
1027500,0
1027501,0
1027502,0
1027503,0
1027504,0
1027505,0
1027506,0
1027507,0
1027508,5
1027509,0
1027510,0
1027511,0
1027512,0
1027513,0
1027514,0
1027515,0
1027516,0
1027517,0
1027518,0
1027519,0
1027520,0
1027521,0
1027522,0
1027523,0
1027524,0
1027525,0
1027526,9
1027527,0
1027528,0
1027529,0
1027530,0
1027531,0
1027532,0
1027533,0
1027534,4
1027535,0
1027536,0
1027537,0
1027538,0
1027539,0
1027540,0
1027541,0
1027542,0
1027543,0
1027544,5
1027545,0
1027546,10
1027547,0
1027548,0
1027549,0
1027550,0
1027551,0
1027552,0
1027553,0
1027554,0
1027555,0
1027556,0
1027557,0
1027558,0
1027559,0
1027560,0
1027561,0
1027562,0
1027563,0
1027564,0
1027565,4
1027566,0
1027567,0
1027568,0
1027569,0
1027570,0
1027571,0
1027572,0
1027573,0
1027574,0
1027575,0
1027576,0
1027577,0
1027578,0
1027579,0
1027580,0
1027581,0
1027582,0
1027583,0
1027584,0
1027585,0
1027586,0
1027587,3
1027588,0
1027589,0
1027590,0
1027591,0
1027592,0
1027593,0
1027594,0
1027595,6
1027596,8
1027597,0
1027598,0
1027599,0
1027600,0
1027601,0
1027602,0
1027603,0
1027604,5
1027605,0
1027606,0
1027607,0
1027608,0
1027609,0
1027610,0
1027611,0
1027612,0
1027613,5
1027614,0
1027615,0
1027616,0
1027617,7
1027618,0
1027619,0
1027620,0
1027621,0
1027622,0
1027623,0
1027624,0
1027625,0
1027626,0
1027627,0
1027628,0
1027629,0
1027630,0
1027631,0
1027632,5
1027633,0
1027634,0
1027635,0
1027636,0
1027637,0
1027638,0
1027639,2
1027640,0
1027641,0
1027642,0
1027643,0
1027644,0
1027645,0
1027646,0
1027647,0
1027648,0
1027649,0
1027650,0
1027651,3
1027652,4
1027653,0
1027654,0
1027655,0
1027656,0
1027657,5
1027658,0
1027659,0
1027660,0
1027661,0
1027662,3
1027663,0
1027664,5
1027665,0
1027666,0
1027667,0
1027668,0
1027669,0
1027670,0
1027671,0
1027672,5
1027673,0
1027674,0
1027675,4
1027676,0
1027677,0
1027678,8
1027679,0
1027680,0
1027681,0
1027682,0
1027683,0
1027684,0
1027685,0
1027686,0
1027687,0
1027688,0
1027689,0
1027690,0
1027691,2
1027692,0
1027693,0
1027694,0
1027695,0
1027696,0
1027697,0
1027698,5
1027699,0
1027700,0
1027701,0
1027702,0
1027703,0
1027704,0
1027705,0
1027706,0
1027707,0
1027708,0
1027709,0
1027710,0
1027711,0
1027712,0
1027713,0
1027714,0
1027715,0
1027716,0
1027717,0
1027718,0
1027719,0
1027720,0
1027721,0
1027722,0
1027723,0
1027724,0
1027725,0
1027726,0
1027727,0
1027728,0
1027729,0
1027730,4
1027731,0
1027732,0
1027733,0
1027734,0
1027735,0
1027736,4
1027737,0
1027738,0
1027739,0
1027740,0
1027741,0
1027742,0
1027743,1
1027744,7
1027745,0
1027746,0
1027747,0
1027748,0
1027749,0
1027750,0
1027751,0
1027752,0
1027753,0
1027754,4
1027755,0
1027756,0
1027757,0
1027758,2
1027759,0
1027760,0
1027761,2
1027762,8
1027763,0
1027764,0
1027765,3
1027766,0
1027767,0
1027768,0
1027769,0
1027770,4
1027771,0
1027772,0
1027773,0
1027774,0
1027775,0
1027776,0
1027777,0
1027778,3
1027779,0
1027780,4
1027781,0
1027782,0
1027783,0
1027784,3
1027785,0
1027786,0
1027787,3
1027788,0
1027789,0
1027790,2
1027791,3
1027792,0
1027793,0
1027794,0
1027795,6
1027796,7
1027797,0
1027798,0
1027799,4
1027800,0
1027801,0
1027802,0
1027803,4
1027804,0
1027805,0
1027806,0
1027807,3
1027808,0
1027809,0
1027810,1
1027811,0
1027812,0
1027813,0
1027814,0
1027815,6
1027816,0
1027817,0
1027818,0
1027819,0
1027820,0
1027821,0
1027822,7
1027823,0
1027824,0
1027825,0
1027826,0
1027827,0
1027828,0
1027829,0
1027830,0
1027831,0
1027832,0
1027833,0
1027834,0
1027835,0
1027836,8
1027837,4
1027838,0
1027839,0
1027840,0
1027841,0
1027842,0
1027843,0
1027844,0
1027845,0
1027846,0
1027847,0
1027848,6
1027849,0
1027850,0
1027851,0
1027852,0
1027853,0
1027854,0
1027855,0
1027856,0
1027857,0
1027858,0
1027859,0
1027860,0
1027861,0
1027862,0
1027863,2
1027864,0
1027865,0
1027866,0
1027867,0
1027868,0
1027869,0
1027870,0
1027871,0
1027872,0
1027873,0
1027874,0
1027875,0
1027876,0
1027877,6
1027878,6
1027879,0
1027880,0
1027881,0
1027882,0
1027883,0
1027884,0
1027885,0
1027886,0
1027887,0
1027888,0
1027889,0
1027890,0
1027891,0
1027892,0
1027893,0
1027894,4
1027895,0
1027896,0
1027897,4
1027898,4
1027899,0
1027900,0
1027901,0
1027902,0
1027903,0
1027904,0
1027905,0
1027906,0
1027907,0
1027908,0
1027909,0
1027910,0
1027911,0
1027912,0
1027913,0
1027914,0
1027915,0
1027916,0
1027917,0
1027918,0
1027919,0
1027920,0
1027921,0
1027922,0
1027923,0
1027924,7
1027925,0
1027926,0
1027927,0
1027928,0
1027929,0
1027930,0
1027931,8
1027932,0
1027933,0
1027934,0
1027935,0
1027936,0
1027937,0
1027938,0
1027939,0
1027940,0
1027941,0
1027942,0
1027943,0
1027944,0
1027945,4
1027946,0
1027947,0
1027948,0
1027949,0
1027950,0
1027951,0
1027952,0
1027953,0
1027954,5
1027955,0
1027956,0
1027957,0
1027958,3
1027959,0
1027960,0
1027961,0
1027962,0
1027963,0
1027964,0
1027965,0
1027966,0
1027967,0
1027968,0
1027969,0
1027970,0
1027971,0
1027972,0
1027973,0
1027974,0
1027975,0
1027976,4
1027977,0
1027978,0
1027979,0
1027980,0
1027981,0
1027982,0
1027983,0
1027984,0
1027985,0
1027986,0
1027987,0
1027988,5
1027989,0
1027990,2
1027991,0
1027992,0
1027993,0
1027994,0
1027995,0
1027996,0
1027997,0
1027998,0
1027999,2
1028000,4
1028001,0
1028002,0
1028003,0
1028004,4
1028005,0
1028006,0
1028007,0
1028008,0
1028009,0
1028010,0
1028011,0
1028012,0
1028013,0
1028014,0
1028015,0
1028016,0
1028017,12
1028018,0
1028019,0
1028020,0
1028021,0
1028022,0
1028023,0
1028024,0
1028025,0
1028026,0
1028027,0
1028028,0
1028029,3
1028030,0
1028031,0
1028032,0
1028033,0
1028034,0
1028035,0
1028036,0
1028037,7
1028038,0
1028039,0
1028040,0
1028041,0
1028042,0
1028043,0
1028044,0
1028045,5
1028046,0
1028047,2
1028048,0
1028049,6
1028050,10
1028051,0
1028052,4
1028053,0
1028054,9
1028055,0
1028056,0
1028057,5
1028058,0
1028059,10
1028060,0
1028061,0
1028062,8
1028063,15
1028064,5
1028065,0
1028066,0
1028067,0
1028068,0
1028069,19
1028070,7
1028071,0
1028072,17
1028073,0
1028074,0
1028075,11
1028076,14
1028077,12
1028078,0
1028079,0
1028080,12
1028081,0
1028082,0
1028083,0
1028084,0
1028085,0
1028086,0
1028087,0
1028088,0
1028089,0
1028090,0
1028091,0
1028092,0
1028093,0
1028094,0
1028095,0
1028096,14
1028097,0
1028098,0
1028099,0
1028100,0
1028101,0
1028102,0
1028103,0
1028104,0
1028105,0
1028106,0
1028107,0
1028108,0
1028109,0
1028110,8
1028111,0
1028112,7
1028113,0
1028114,14
1028115,0
1028116,0
1028117,0
1028118,0
1028119,0
1028120,0
1028121,0
1028122,0
1028123,0
1028124,0
1028125,7
1028126,0
1028127,0
1028128,6
1028129,0
1028130,0
1028131,0
1028132,0
1028133,7
1028134,0
1028135,14
1028136,0
1028137,0
1028138,0
1028139,12
1028140,0
1028141,0
1028142,0
1028143,0
1028144,0
1028145,0
1028146,21
1028147,0
1028148,0
1028149,0
1028150,13
1028151,0
1028152,0
1028153,10
1028154,9
1028155,0
1028156,0
1028157,0
1028158,12
1028159,0
1028160,0
1028161,0
1028162,0
1028163,13
1028164,0
1028165,0
1028166,0
1028167,4
1028168,0
1028169,0
1028170,0
1028171,10
1028172,0
1028173,0
1028174,0
1028175,11
1028176,0
1028177,0
1028178,0
1028179,12
1028180,0
1028181,0
1028182,0
1028183,7
1028184,0
1028185,8
1028186,11
1028187,0
1028188,0
1028189,0
1028190,11
1028191,0
1028192,0
1028193,0
1028194,7
1028195,0
1028196,0
1028197,0
1028198,0
1028199,0
1028200,0
1028201,0
1028202,0
1028203,0
1028204,11
1028205,10
1028206,0
1028207,0
1028208,0
1028209,11
1028210,0
1028211,10
1028212,0
1028213,4
1028214,0
1028215,0
1028216,0
1028217,11
1028218,0
1028219,0
1028220,0
1028221,10
1028222,0
1028223,8
1028224,8
1028225,0
1028226,0
1028227,0
1028228,0
1028229,0
1028230,0
1028231,0
1028232,5
1028233,0
1028234,9
1028235,0
1028236,0
1028237,0
1028238,0
1028239,13
1028240,0
1028241,0
1028242,0
1028243,0
1028244,11
1028245,8
1028246,0
1028247,7
1028248,13
1028249,0
1028250,0
1028251,0
1028252,0
1028253,0
1028254,0
1028255,0
1028256,0
1028257,12
1028258,0
1028259,0
1028260,0
1028261,0
1028262,0
1028263,0
1028264,6
1028265,12
1028266,0
1028267,0
1028268,7
1028269,0
1028270,0
1028271,0
1028272,0
1028273,0
1028274,0
1028275,0
1028276,0
1028277,7
1028278,12
1028279,0
1028280,5
1028281,0
1028282,0
1028283,0
1028284,0
1028285,0
1028286,0
1028287,0
1028288,10
1028289,0
1028290,0
1028291,0
1028292,0
1028293,0
1028294,0
1028295,0
1028296,9
1028297,0
1028298,0
1028299,0
1028300,0
1028301,12
1028302,0
1028303,10
1028304,0
1028305,0
1028306,0
1028307,11
1028308,0
1028309,0
1028310,0
1028311,0
1028312,0
1028313,9
1028314,5
1028315,0
1028316,0
1028317,0
1028318,0
1028319,0
1028320,0
1028321,0
1028322,0
1028323,0
1028324,0
1028325,0
1028326,12
1028327,0
1028328,0
1028329,7
1028330,0
1028331,0
1028332,0
1028333,4
1028334,0
1028335,0
1028336,0
1028337,0
1028338,15
1028339,15
1028340,0
1028341,0
1028342,0
1028343,0
1028344,6
1028345,0
1028346,0
1028347,0
1028348,0
1028349,12
1028350,0
1028351,0
1028352,0
1028353,0
1028354,0
1028355,0
1028356,17
1028357,14
1028358,11
1028359,0
1028360,0
1028361,0
1028362,0
1028363,0
1028364,0
1028365,0
1028366,11
1028367,0
1028368,13
1028369,0
1028370,0
1028371,14
1028372,11
1028373,11
1028374,11
1028375,0
1028376,0
1028377,14
1028378,0
1028379,0
1028380,0
1028381,0
1028382,0
1028383,0
1028384,0
1028385,0
1028386,7
1028387,0
1028388,0
1028389,0
1028390,0
1028391,0
1028392,0
1028393,0
1028394,0
1028395,0
1028396,11
1028397,0
1028398,0
1028399,20
1028400,4
1028401,0
1028402,9
1028403,0
1028404,0
1028405,0
1028406,0
1028407,0
1028408,0
1028409,0
1028410,0
1028411,0
1028412,0
1028413,6
1028414,0
1028415,0
1028416,8
1028417,0
1028418,13
1028419,0
1028420,0
1028421,0
1028422,0
1028423,9
1028424,0
1028425,0
1028426,6
1028427,12
1028428,0
1028429,0
1028430,0
1028431,0
1028432,0
1028433,0
1028434,0
1028435,14
1028436,0
1028437,0
1028438,11
1028439,0
1028440,0
1028441,0
1028442,5
1028443,8
1028444,0
1028445,0
1028446,0
1028447,0
1028448,0
1028449,0
1028450,0
1028451,0
1028452,0
1028453,15
1028454,15
1028455,15
1028456,7
1028457,10
1028458,12
1028459,0
1028460,6
1028461,0
1028462,0
1028463,0
1028464,8
1028465,8
1028466,0
1028467,0
1028468,0
1028469,10
1028470,0
1028471,0
1028472,0
1028473,0
1028474,0
1028475,0
1028476,15
1028477,9
1028478,7
1028479,0
1028480,5
1028481,0
1028482,13
1028483,5
1028484,0
1028485,0
1028486,0
1028487,0
1028488,11
1028489,0
1028490,0
1028491,0
1028492,0
1028493,0
1028494,0
1028495,9
1028496,8
1028497,14
1028498,0
1028499,13
1028500,0
1028501,13
1028502,6
1028503,0
1028504,0
1028505,0
1028506,0
1028507,0
1028508,0
1028509,12
1028510,18
1028511,0
1028512,0
1028513,0
1028514,0
1028515,15
1028516,9
1028517,13
1028518,0
1028519,4
1028520,0
1028521,0
1028522,7
1028523,14
1028524,0
1028525,0
1028526,8
1028527,0
1028528,0
1028529,0
1028530,0
1028531,0
1028532,10
1028533,0
1028534,0
1028535,11
1028536,0
1028537,0
1028538,4
1028539,0
1028540,13
1028541,0
1028542,12
1028543,0
1028544,0
1028545,0
1028546,0
1028547,6
1028548,0
1028549,0
1028550,0
1028551,0
1028552,7
1028553,0
1028554,0
1028555,0
1028556,0
1028557,0
1028558,0
1028559,0
1028560,0
1028561,0
1028562,0
1028563,8
1028564,7
1028565,0
1028566,0
1028567,0
1028568,0
1028569,11
1028570,0
1028571,0
1028572,0
1028573,0
1028574,0
1028575,0
1028576,0
1028577,0
1028578,0
1028579,0
1028580,6
1028581,0
1028582,0
1028583,0
1028584,0
1028585,8
1028586,0
1028587,0
1028588,0
1028589,0
1028590,0
1028591,0
1028592,5
1028593,8
1028594,7
1028595,10
1028596,7
1028597,0
1028598,8
1028599,0
1028600,0
1028601,11
1028602,13
1028603,0
1028604,11
1028605,5
1028606,5
1028607,0
1028608,17
1028609,0
1028610,0
1028611,0
1028612,12
1028613,0
1028614,11
1028615,0
1028616,0
1028617,0
1028618,0
1028619,0
1028620,0
1028621,0
1028622,22
1028623,9
1028624,7
1028625,0
1028626,0
1028627,0
1028628,0
1028629,13
1028630,0
1028631,0
1028632,0
1028633,15
1028634,0
1028635,0
1028636,11
1028637,6
1028638,14
1028639,16
1028640,0
1028641,13
1028642,9
1028643,0
1028644,0
1028645,0
1028646,0
1028647,0
1028648,0
1028649,0
1028650,13
1028651,0
1028652,0
1028653,10
1028654,0
1028655,12
1028656,10
1028657,0
1028658,0
1028659,0
1028660,0
1028661,9
1028662,0
1028663,0
1028664,0
1028665,0
1028666,0
1028667,12
1028668,0
1028669,12
1028670,0
1028671,0
1028672,0
1028673,0
1028674,10
1028675,0
1028676,0
1028677,0
1028678,0
1028679,16
1028680,0
1028681,0
1028682,0
1028683,0
1028684,11
1028685,0
1028686,0
1028687,0
1028688,5
1028689,0
1028690,0
1028691,10
1028692,0
1028693,0
1028694,0
1028695,0
1028696,0
1028697,0
1028698,0
1028699,0
1028700,0
1028701,0
1028702,0
1028703,0
1028704,0
1028705,0
1028706,0
1028707,0
1028708,0
1028709,0
1028710,0
1028711,0
1028712,0
1028713,0
1028714,0
1028715,0
1028716,0
1028717,11
1028718,0
1028719,0
1028720,0
1028721,47
1028722,0
1028723,0
1028724,0
1028725,0
1028726,0
1028727,0
1028728,0
1028729,0
1028730,0
1028731,0
1028732,0
1028733,0
1028734,0
1028735,0
1028736,0
1028737,0
1028738,21
1028739,0
1028740,41
1028741,0
1028742,0
1028743,0
1028744,0
1028745,0
1028746,0
1028747,0
1028748,0
1028749,0
1028750,0
1028751,0
1028752,0
1028753,0
1028754,0
1028755,0
1028756,0
1028757,0
1028758,0
1028759,0
1028760,0
1028761,0
1028762,0
1028763,0
1028764,42
1028765,0
1028766,39
1028767,0
1028768,0
1028769,0
1028770,0
1028771,0
1028772,40
1028773,0
1028774,0
1028775,0
1028776,0
1028777,0
1028778,0
1028779,0
1028780,0
1028781,0
1028782,0
1028783,0
1028784,0
1028785,0
1028786,0
1028787,0
1028788,0
1028789,0
1028790,0
1028791,0
1028792,0
1028793,0
1028794,0
1028795,0
1028796,0
1028797,0
1028798,0
1028799,0
1028800,0
1028801,0
1028802,22
1028803,0
1028804,0
1028805,0
1028806,0
1028807,0
1028808,0
1028809,0
1028810,0
1028811,0
1028812,0
1028813,0
1028814,0
1028815,0
1028816,0
1028817,0
1028818,0
1028819,0
1028820,0
1028821,35
1028822,0
1028823,0
1028824,0
1028825,0
1028826,0
1028827,0
1028828,0
1028829,0
1028830,0
1028831,0
1028832,29
1028833,35
1028834,0
1028835,34
1028836,0
1028837,0
1028838,0
1028839,0
1028840,0
1028841,0
1028842,0
1028843,0
1028844,0
1028845,0
1028846,0
1028847,0
1028848,0
1028849,0
1028850,0
1028851,0
1028852,0
1028853,0
1028854,0
1028855,0
1028856,0
1028857,0
1028858,0
1028859,0
1028860,0
1028861,0
1028862,0
1028863,0
1028864,32
1028865,0
1028866,0
1028867,0
1028868,0
1028869,0
1028870,0
1028871,0
1028872,0
1028873,0
1028874,0
1028875,0
1028876,0
1028877,0
1028878,0
1028879,0
1028880,0
1028881,0
1028882,0
1028883,0
1028884,0
1028885,0
1028886,0
1028887,0
1028888,0
1028889,0
1028890,0
1028891,0
1028892,0
1028893,0
1028894,0
1028895,0
1028896,0
1028897,0
1028898,0
1028899,0
1028900,0
1028901,0
1028902,0
1028903,0
1028904,24
1028905,0
1028906,0
1028907,0
1028908,0
1028909,0
1028910,0
1028911,0
1028912,0
1028913,0
1028914,0
1028915,38
1028916,0
1028917,0
1028918,46
1028919,0
1028920,0
1028921,0
1028922,0
1028923,0
1028924,0
1028925,0
1028926,0
1028927,50
1028928,0
1028929,0
1028930,0
1028931,0
1028932,0
1028933,0
1028934,0
1028935,0
1028936,0
1028937,0
1028938,0
1028939,0
1028940,0
1028941,0
1028942,0
1028943,0
1028944,0
1028945,0
1028946,0
1028947,0
1028948,0
1028949,0
1028950,0
1028951,0
1028952,0
1028953,0
1028954,0
1028955,0
1028956,0
1028957,0
1028958,0
1028959,0
1028960,32
1028961,0
1028962,0
1028963,0
1028964,0
1028965,0
1028966,0
1028967,0
1028968,0
1028969,33
1028970,0
1028971,0
1028972,0
1028973,0
1028974,0
1028975,0
1028976,0
1028977,0
1028978,0
1028979,0
1028980,0
1028981,0
1028982,0
1028983,0
1028984,0
1028985,0
1028986,0
1028987,0
1028988,0
1028989,0
1028990,0
1028991,42
1028992,0
1028993,0
1028994,0
1028995,0
1028996,19
1028997,21
1028998,0
1028999,0
1029000,0
1029001,13
1029002,0
1029003,0
1029004,9
1029005,0
1029006,22
1029007,0
1029008,0
1029009,0
1029010,0
1029011,0
1029012,14
1029013,0
1029014,0
1029015,0
1029016,0
1029017,12
1029018,0
1029019,0
1029020,22
1029021,0
1029022,0
1029023,0
1029024,0
1029025,13
1029026,0
1029027,0
1029028,0
1029029,0
1029030,0
1029031,0
1029032,0
1029033,0
1029034,0
1029035,0
1029036,0
1029037,0
1029038,0
1029039,0
1029040,0
1029041,0
1029042,16
1029043,0
1029044,17
1029045,0
1029046,0
1029047,0
1029048,0
1029049,0
1029050,19
1029051,0
1029052,0
1029053,0
1029054,0
1029055,0
1029056,0
1029057,0
1029058,0
1029059,0
1029060,23
1029061,0
1029062,0
1029063,0
1029064,11
1029065,0
1029066,31
1029067,10
1029068,0
1029069,0
1029070,0
1029071,0
1029072,0
1029073,0
1029074,0
1029075,0
1029076,0
1029077,0
1029078,0
1029079,6
1029080,13
1029081,0
1029082,0
1029083,0
1029084,0
1029085,0
1029086,0
1029087,0
1029088,18
1029089,0
1029090,0
1029091,0
1029092,0
1029093,15
1029094,16
1029095,22
1029096,0
1029097,23
1029098,0
1029099,0
1029100,0
1029101,0
1029102,0
1029103,31
1029104,0
1029105,0
1029106,0
1029107,0
1029108,0
1029109,0
1029110,0
1029111,0
1029112,0
1029113,0
1029114,0
1029115,0
1029116,0
1029117,0
1029118,18
1029119,0
1029120,25
1029121,0
1029122,13
1029123,0
1029124,12
1029125,10
1029126,0
1029127,17
1029128,18
1029129,18
1029130,0
1029131,0
1029132,0
1029133,0
1029134,0
1029135,0
1029136,15
1029137,22
1029138,0
1029139,0
1029140,18
1029141,0
1029142,15
1029143,0
1029144,10
1029145,0
1029146,0
1029147,0
1029148,0
1029149,0
1029150,0
1029151,26
1029152,0
1029153,0
1029154,0
1029155,26
1029156,18
1029157,25
1029158,0
1029159,9
1029160,9
1029161,0
1029162,0
1029163,18
1029164,18
1029165,0
1029166,0
1029167,15
1029168,0
1029169,0
1029170,0
1029171,14
1029172,0
1029173,0
1029174,0
1029175,0
1029176,0
1029177,0
1029178,16
1029179,0
1029180,0
1029181,0
1029182,26
1029183,0
1029184,0
1029185,0
1029186,0
1029187,0
1029188,12
1029189,22
1029190,10
1029191,20
1029192,0
1029193,0
1029194,9
1029195,0
1029196,0
1029197,0
1029198,0
1029199,20
1029200,0
1029201,0
1029202,0
1029203,28
1029204,0
1029205,13
1029206,0
1029207,0
1029208,0
1029209,0
1029210,0
1029211,0
1029212,0
1029213,0
1029214,20
1029215,0
1029216,0
1029217,0
1029218,0
1029219,13
1029220,0
1029221,0
1029222,0
1029223,0
1029224,22
1029225,9
1029226,0
1029227,0
1029228,0
1029229,0
1029230,0
1029231,0
1029232,28
1029233,0
1029234,26
1029235,13
1029236,0
1029237,9
1029238,0
1029239,17
1029240,18
1029241,0
1029242,0
1029243,0
1029244,0
1029245,0
1029246,0
1029247,0
1029248,0
1029249,0
1029250,0
1029251,0
1029252,0
1029253,31
1029254,0
1029255,0
1029256,0
1029257,0
1029258,18
1029259,0
1029260,0
1029261,13
1029262,0
1029263,0
1029264,0
1029265,0
1029266,0
1029267,28
1029268,0
1029269,0
1029270,0
1029271,27
1029272,20
1029273,0
1029274,0
1029275,0
1029276,16
1029277,18
1029278,0
1029279,0
1029280,0
1029281,0
1029282,0
1029283,0
1029284,0
1029285,0
1029286,18
1029287,0
1029288,0
1029289,0
1029290,23
1029291,0
1029292,0
1029293,0
1029294,0
1029295,0
1029296,14
1029297,0
1029298,24
1029299,0
1029300,0
1029301,14
1029302,22
1029303,0
1029304,13
1029305,0
1029306,0
1029307,0
1029308,0
1029309,0
1029310,0
1029311,14
1029312,20
1029313,0
1029314,0
1029315,0
1029316,0
1029317,0
1029318,0
1029319,0
1029320,0
1029321,0
1029322,12
1029323,14
1029324,0
1029325,0
1029326,0
1029327,22
1029328,0
1029329,0
1029330,24
1029331,0
1029332,0
1029333,0
1029334,0
1029335,18
1029336,0
1029337,0
1029338,18
1029339,22
1029340,15
1029341,19
1029342,10
1029343,0
1029344,14
1029345,0
1029346,0
1029347,0
1029348,14
1029349,0
1029350,0
1029351,16
1029352,18
1029353,21
1029354,16
1029355,34
1029356,32
1029357,0
1029358,0
1029359,0
1029360,20
1029361,0
1029362,0
1029363,0
1029364,0
1029365,0
1029366,17
1029367,0
1029368,17
1029369,12
1029370,0
1029371,0
1029372,22
1029373,13
1029374,0
1029375,0
1029376,0
1029377,0
1029378,23
1029379,0
1029380,13
1029381,0
1029382,0
1029383,27
1029384,0
1029385,10
1029386,0
1029387,0
1029388,19
1029389,0
1029390,0
1029391,0
1029392,14
1029393,0
1029394,0
1029395,11
1029396,0
1029397,0
1029398,0
1029399,0
1029400,0
1029401,0
1029402,0
1029403,0
1029404,0
1029405,0
1029406,0
1029407,0
1029408,13
1029409,23
1029410,0
1029411,0
1029412,21
1029413,0
1029414,0
1029415,23
1029416,18
1029417,0
1029418,0
1029419,0
1029420,0
1029421,0
1029422,0
1029423,0
1029424,17
1029425,0
1029426,0
1029427,20
1029428,30
1029429,0
1029430,0
1029431,20
1029432,0
1029433,0
1029434,0
1029435,0
1029436,0
1029437,19
1029438,18
1029439,0
1029440,15
1029441,20
1029442,16
1029443,0
1029444,0
1029445,0
1029446,0
1029447,11
1029448,6
1029449,25
1029450,0
1029451,0
1029452,0
1029453,0
1029454,0
1029455,0
1029456,0
1029457,0
1029458,18
1029459,21
1029460,0
1029461,0
1029462,0
1029463,0
1029464,0
1029465,10
1029466,0
1029467,0
1029468,0
1029469,0
1029470,22
1029471,0
1029472,0
1029473,0
1029474,0
1029475,28
1029476,0
1029477,0
1029478,0
1029479,0
1029480,21
1029481,0
1029482,0
1029483,20
1029484,26
1029485,23
1029486,0
1029487,0
1029488,18
1029489,0
1029490,22
1029491,17
1029492,0
1029493,0
1029494,0
1029495,0
1029496,0
1029497,0
1029498,23
1029499,0
1029500,0
1029501,0
1029502,0
1029503,19
1029504,0
1029505,0
1029506,17
1029507,16
1029508,20
1029509,0
1029510,16
1029511,0
1029512,0
1029513,0
1029514,25
1029515,0
1029516,0
1029517,27
1029518,15
1029519,22
1029520,0
1029521,0
1029522,0
1029523,0
1029524,0
1029525,33
1029526,19
1029527,0
1029528,20
1029529,0
1029530,0
1029531,0
1029532,0
1029533,0
1029534,0
1029535,0
1029536,0
1029537,0
1029538,0
1029539,27
1029540,0
1029541,0
1029542,0
1029543,0
1029544,0
1029545,0
1029546,0
1029547,0
1029548,0
1029549,0
1029550,13
1029551,0
1029552,20
1029553,0
1029554,0
1029555,16
1029556,14
1029557,0
1029558,0
1029559,16
1029560,0
1029561,0
1029562,0
1029563,0
1029564,0
1029565,0
1029566,19
1029567,0
1029568,0
1029569,0
1029570,0
1029571,0
1029572,0
1029573,0
1029574,0
1029575,0
1029576,0
1029577,0
1029578,14
1029579,14
1029580,0
1029581,0
1029582,14
1029583,0
1029584,0
1029585,0
1029586,0
1029587,0
1029588,0
1029589,20
1029590,0
1029591,0
1029592,21
1029593,0
1029594,0
1029595,0
1029596,26
1029597,0
1029598,0
1029599,0
1029600,0
1029601,0
1029602,0
1029603,0
1029604,0
1029605,0
1029606,0
1029607,0
1029608,24
1029609,17
1029610,0
1029611,0
1029612,0
1029613,0
1029614,0
1029615,0
1029616,0
1029617,0
1029618,0
1029619,0
1029620,0
1029621,0
1029622,0
1029623,0
1029624,0
1029625,0
1029626,0
1029627,0
1029628,0
1029629,0
1029630,0
1029631,0
1029632,0
1029633,0
1029634,0
1029635,0
1029636,1
1029637,0
1029638,0
1029639,0
1029640,0
1029641,0
1029642,0
1029643,0
1029644,0
1029645,0
1029646,1
1029647,0
1029648,0
1029649,0
1029650,0
1029651,0
1029652,0
1029653,1
1029654,0
1029655,0
1029656,1
1029657,0
1029658,0
1029659,0
1029660,0
1029661,0
1029662,0
1029663,0
1029664,0
1029665,0
1029666,0
1029667,0
1029668,1
1029669,0
1029670,0
1029671,0
1029672,0
1029673,0
1029674,0
1029675,0
1029676,0
1029677,0
1029678,0
1029679,0
1029680,0
1029681,0
1029682,0
1029683,0
1029684,0
1029685,0
1029686,0
1029687,0
1029688,0
1029689,0
1029690,0
1029691,0
1029692,0
1029693,0
1029694,0
1029695,0
1029696,1
1029697,0
1029698,0
1029699,0
1029700,0
1029701,0
1029702,0
1029703,0
1029704,0
1029705,0
1029706,0
1029707,1
1029708,0
1029709,0
1029710,0
1029711,0
1029712,0
1029713,0
1029714,0
1029715,0
1029716,0
1029717,0
1029718,0
1029719,0
1029720,0
1029721,0
1029722,0
1029723,0
1029724,0
1029725,0
1029726,0
1029727,0
1029728,0
1029729,0
1029730,0
1029731,0
1029732,0
1029733,0
1029734,0
1029735,0
1029736,0
1029737,0
1029738,0
1029739,0
1029740,0
1029741,0
1029742,0
1029743,0
1029744,0
1029745,0
1029746,0
1029747,0
1029748,0
1029749,0
1029750,0
1029751,0
1029752,0
1029753,0
1029754,0
1029755,0
1029756,0
1029757,0
1029758,0
1029759,0
1029760,0
1029761,0
1029762,1
1029763,0
1029764,0
1029765,0
1029766,0
1029767,0
1029768,0
1029769,0
1029770,0
1029771,0
1029772,0
1029773,0
1029774,0
1029775,0
1029776,0
1029777,0
1029778,0
1029779,1
1029780,0
1029781,0
1029782,0
1029783,0
1029784,0
1029785,0
1029786,0
1029787,0
1029788,0
1029789,0
1029790,0
1029791,0
1029792,0
1029793,0
1029794,0
1029795,0
1029796,0
1029797,0
1029798,0
1029799,0
1029800,0
1029801,0
1029802,0
1029803,0
1029804,0
1029805,0
1029806,0
1029807,0
1029808,0
1029809,0
1029810,0
1029811,0
1029812,0
1029813,0
1029814,0
1029815,0
1029816,0
1029817,0
1029818,0
1029819,0
1029820,0
1029821,0
1029822,0
1029823,0
1029824,0
1029825,0
1029826,0
1029827,0
1029828,0
1029829,0
1029830,0
1029831,0
1029832,0
1029833,0
1029834,0
1029835,0
1029836,0
1029837,0
1029838,0
1029839,0
1029840,0
1029841,0
1029842,0
1029843,0
1029844,0
1029845,0
1029846,0
1029847,0
1029848,0
1029849,0
1029850,0
1029851,0
1029852,0
1029853,0
1029854,0
1029855,0
1029856,0
1029857,0
1029858,0
1029859,0
1029860,0
1029861,0
1029862,0
1029863,0
1029864,0
1029865,0
1029866,0
1029867,0
1029868,0
1029869,0
1029870,0
1029871,0
1029872,0
1029873,0
1029874,0
1029875,0
1029876,0
1029877,0
1029878,0
1029879,0
1029880,0
1029881,0
1029882,0
1029883,0
1029884,0
1029885,0
1029886,0
1029887,0
1029888,0
1029889,0
1029890,0
1029891,0
1029892,0
1029893,0
1029894,0
1029895,0
1029896,0
1029897,0
1029898,0
1029899,0
1029900,0
1029901,0
1029902,0
1029903,0
1029904,0
1029905,0
1029906,0
1029907,0
1029908,0
1029909,0
1029910,0
1029911,0
1029912,0
1029913,0
1029914,1
1029915,0
1029916,0
1029917,0
1029918,0
1029919,0
1029920,0
1029921,0
1029922,0
1029923,0
1029924,0
1029925,0
1029926,0
1029927,0
1029928,0
1029929,0
1029930,0
1029931,0
1029932,0
1029933,0
1029934,0
1029935,0
1029936,0
1029937,0
1029938,0
1029939,0
1029940,0
1029941,0
1029942,0
1029943,0
1029944,0
1029945,0
1029946,0
1029947,0
1029948,0
1029949,0
1029950,0
1029951,0
1029952,0
1029953,0
1029954,0
1029955,0
1029956,0
1029957,1
1029958,0
1029959,0
1029960,0
1029961,0
1029962,0
1029963,0
1029964,0
1029965,0
1029966,0
1029967,0
1029968,0
1029969,0
1029970,0
1029971,0
1029972,0
1029973,0
1029974,0
1029975,0
1029976,0
1029977,0
1029978,0
1029979,0
1029980,0
1029981,0
1029982,0
1029983,0
1029984,0
1029985,0
1029986,0
1029987,0
1029988,0
1029989,0
1029990,0
1029991,0
1029992,0
1029993,0
1029994,0
1029995,0
1029996,0
1029997,0
1029998,0
1029999,0
1030000,0
1030001,0
1030002,0
1030003,0
1030004,0
1030005,0
1030006,0
1030007,0
1030008,0
1030009,0
1030010,0
1030011,0
1030012,0
1030013,0
1030014,0
1030015,0
1030016,0
1030017,0
1030018,0
1030019,0
1030020,0
1030021,0
1030022,0
1030023,0
1030024,0
1030025,0
1030026,0
1030027,0
1030028,0
1030029,0
1030030,0
1030031,0
1030032,0
1030033,0
1030034,0
1030035,0
1030036,0
1030037,0
1030038,0
1030039,0
1030040,0
1030041,0
1030042,0
1030043,0
1030044,0
1030045,0
1030046,0
1030047,0
1030048,0
1030049,0
1030050,0
1030051,0
1030052,0
1030053,0
1030054,0
1030055,0
1030056,0
1030057,0
1030058,0
1030059,0
1030060,0
1030061,0
1030062,0
1030063,0
1030064,0
1030065,0
1030066,0
1030067,0
1030068,0
1030069,0
1030070,0
1030071,0
1030072,0
1030073,0
1030074,0
1030075,0
1030076,0
1030077,0
1030078,0
1030079,0
1030080,0
1030081,0
1030082,0
1030083,0
1030084,0
1030085,0
1030086,0
1030087,0
1030088,0
1030089,0
1030090,0
1030091,0
1030092,0
1030093,0
1030094,0
1030095,0
1030096,0
1030097,0
1030098,0
1030099,0
1030100,0
1030101,0
1030102,0
1030103,0
1030104,0
1030105,0
1030106,0
1030107,0
1030108,0
1030109,0
1030110,0
1030111,0
1030112,0
1030113,0
1030114,0
1030115,0
1030116,0
1030117,0
1030118,0
1030119,0
1030120,0
1030121,0
1030122,0
1030123,0
1030124,0
1030125,0
1030126,0
1030127,0
1030128,0
1030129,0
1030130,0
1030131,0
1030132,0
1030133,0
1030134,0
1030135,0
1030136,0
1030137,0
1030138,0
1030139,0
1030140,0
1030141,0
1030142,0
1030143,0
1030144,0
1030145,0
1030146,0
1030147,0
1030148,0
1030149,0
1030150,0
1030151,0
1030152,0
1030153,0
1030154,0
1030155,0
1030156,0
1030157,0
1030158,0
1030159,0
1030160,0
1030161,0
1030162,0
1030163,0
1030164,0
1030165,0
1030166,0
1030167,0
1030168,0
1030169,1
1030170,0
1030171,0
1030172,0
1030173,0
1030174,0
1030175,0
1030176,0
1030177,0
1030178,0
1030179,0
1030180,0
1030181,0
1030182,0
1030183,0
1030184,0
1030185,0
1030186,0
1030187,0
1030188,0
1030189,0
1030190,0
1030191,0
1030192,0
1030193,0
1030194,0
1030195,0
1030196,0
1030197,0
1030198,0
1030199,0
1030200,0
1030201,0
1030202,0
1030203,0
1030204,0
1030205,0
1030206,0
1030207,0
1030208,0
1030209,0
1030210,0
1030211,0
1030212,0
1030213,0
1030214,0
1030215,0
1030216,0
1030217,0
1030218,0
1030219,0
1030220,0
1030221,0
1030222,0
1030223,0
1030224,0
1030225,0
1030226,0
1030227,0
1030228,0
1030229,0
1030230,0
1030231,0
1030232,0
1030233,0
1030234,0
1030235,0
1030236,0
1030237,0
1030238,0
1030239,0
1030240,0
1030241,0
1030242,0
1030243,0
1030244,0
1030245,0
1030246,0
1030247,0
1030248,0
1030249,0
1030250,0
1030251,0
1030252,0
1030253,0
1030254,0
1030255,0
1030256,0
1030257,0
1030258,0
1030259,0
1030260,0
1030261,0
1030262,0
1030263,0
1030264,0
1030265,0
1030266,0
1030267,0
1030268,0
1030269,0
1030270,0
1030271,0
1030272,0
1030273,0
1030274,0
1030275,0
1030276,0
1030277,0
1030278,0
1030279,0
1030280,0
1030281,0
1030282,0
1030283,0
1030284,0
1030285,0
1030286,0
1030287,0
1030288,0
1030289,0
1030290,0
1030291,0
1030292,0
1030293,0
1030294,0
1030295,0
1030296,0
1030297,0
1030298,0
1030299,0
1030300,0
1030301,0
1030302,0
1030303,0
1030304,0
1030305,0
1030306,0
1030307,0
1030308,0
1030309,0
1030310,0
1030311,0
1030312,0
1030313,0
1030314,0
1030315,0
1030316,0
1030317,0
1030318,0
1030319,1
1030320,0
1030321,0
1030322,0
1030323,0
1030324,0
1030325,0
1030326,0
1030327,0
1030328,0
1030329,0
1030330,0
1030331,0
1030332,0
1030333,0
1030334,0
1030335,0
1030336,1
1030337,0
1030338,0
1030339,0
1030340,0
1030341,0
1030342,0
1030343,0
1030344,0
1030345,0
1030346,0
1030347,0
1030348,0
1030349,0
1030350,0
1030351,0
1030352,0
1030353,0
1030354,0
1030355,0
1030356,0
1030357,0
1030358,0
1030359,0
1030360,0
1030361,0
1030362,0
1030363,0
1030364,0
1030365,0
1030366,0
1030367,0
1030368,0
1030369,0
1030370,0
1030371,0
1030372,0
1030373,0
1030374,0
1030375,0
1030376,0
1030377,0
1030378,0
1030379,0
1030380,0
1030381,0
1030382,0
1030383,0
1030384,0
1030385,0
1030386,0
1030387,0
1030388,0
1030389,0
1030390,0
1030391,0
1030392,0
1030393,0
1030394,0
1030395,0
1030396,0
1030397,0
1030398,0
1030399,0
1030400,0
1030401,0
1030402,0
1030403,0
1030404,0
1030405,0
1030406,0
1030407,0
1030408,0
1030409,0
1030410,0
1030411,0
1030412,0
1030413,0
1030414,0
1030415,0
1030416,0
1030417,0
1030418,0
1030419,0
1030420,0
1030421,0
1030422,0
1030423,0
1030424,0
1030425,0
1030426,0
1030427,0
1030428,0
1030429,0
1030430,0
1030431,0
1030432,0
1030433,0
1030434,0
1030435,0
1030436,0
1030437,0
1030438,0
1030439,0
1030440,0
1030441,0
1030442,0
1030443,0
1030444,0
1030445,0
1030446,0
1030447,0
1030448,0
1030449,0
1030450,0
1030451,0
1030452,0
1030453,0
1030454,0
1030455,0
1030456,0
1030457,0
1030458,0
1030459,0
1030460,0
1030461,0
1030462,0
1030463,1
1030464,0
1030465,0
1030466,0
1030467,0
1030468,0
1030469,0
1030470,0
1030471,0
1030472,0
1030473,0
1030474,0
1030475,0
1030476,0
1030477,0
1030478,0
1030479,0
1030480,0
1030481,0
1030482,0
1030483,0
1030484,0
1030485,0
1030486,0
1030487,0
1030488,0
1030489,0
1030490,0
1030491,0
1030492,0
1030493,0
1030494,0
1030495,0
1030496,0
1030497,0
1030498,0
1030499,0
1030500,0
1030501,0
1030502,0
1030503,0
1030504,0
1030505,0
1030506,0
1030507,0
1030508,0
1030509,0
1030510,0
1030511,0
1030512,0
1030513,0
1030514,0
1030515,0
1030516,0
1030517,0
1030518,1
1030519,0
1030520,0
1030521,0
1030522,0
1030523,0
1030524,0
1030525,0
1030526,0
1030527,0
1030528,0
1030529,0
1030530,0
1030531,0
1030532,0
1030533,0
1030534,0
1030535,0
1030536,0
1030537,0
1030538,0
1030539,0
1030540,0
1030541,0
1030542,0
1030543,0
1030544,0
1030545,0
1030546,0
1030547,0
1030548,0
1030549,0
1030550,24
1030551,0
1030552,0
1030553,0
1030554,0
1030555,0
1030556,0
1030557,0
1030558,0
1030559,0
1030560,0
1030561,0
1030562,41
1030563,0
1030564,37
1030565,0
1030566,59
1030567,0
1030568,0
1030569,0
1030570,39
1030571,0
1030572,0
1030573,0
1030574,0
1030575,0
1030576,0
1030577,0
1030578,0
1030579,0
1030580,0
1030581,0
1030582,0
1030583,0
1030584,0
1030585,0
1030586,0
1030587,0
1030588,0
1030589,0
1030590,0
1030591,0
1030592,0
1030593,0
1030594,0
1030595,0
1030596,0
1030597,0
1030598,0
1030599,0
1030600,0
1030601,33
1030602,0
1030603,21
1030604,0
1030605,0
1030606,0
1030607,0
1030608,0
1030609,40
1030610,42
1030611,0
1030612,0
1030613,0
1030614,0
1030615,0
1030616,0
1030617,0
1030618,0
1030619,0
1030620,0
1030621,0
1030622,0
1030623,0
1030624,0
1030625,0
1030626,29
1030627,61
1030628,0
1030629,0
1030630,0
1030631,0
1030632,0
1030633,0
1030634,0
1030635,0
1030636,0
1030637,25
1030638,0
1030639,0
1030640,0
1030641,0
1030642,0
1030643,0
1030644,0
1030645,0
1030646,0
1030647,0
1030648,0
1030649,0
1030650,0
1030651,0
1030652,0
1030653,0
1030654,0
1030655,33
1030656,0
1030657,0
1030658,0
1030659,0
1030660,0
1030661,0
1030662,0
1030663,0
1030664,0
1030665,0
1030666,0
1030667,0
1030668,0
1030669,0
1030670,0
1030671,0
1030672,0
1030673,0
1030674,0
1030675,0
1030676,0
1030677,0
1030678,0
1030679,0
1030680,0
1030681,30
1030682,0
1030683,0
1030684,0
1030685,0
1030686,0
1030687,0
1030688,38
1030689,24
1030690,0
1030691,0
1030692,0
1030693,0
1030694,0
1030695,0
1030696,0
1030697,0
1030698,0
1030699,0
1030700,0
1030701,0
1030702,24
1030703,0
1030704,0
1030705,0
1030706,0
1030707,0
1030708,0
1030709,0
1030710,0
1030711,0
1030712,24
1030713,0
1030714,0
1030715,0
1030716,32
1030717,0
1030718,0
1030719,0
1030720,0
1030721,0
1030722,0
1030723,0
1030724,0
1030725,0
1030726,0
1030727,0
1030728,0
1030729,0
1030730,0
1030731,0
1030732,0
1030733,36
1030734,30
1030735,0
1030736,0
1030737,0
1030738,0
1030739,0
1030740,0
1030741,0
1030742,0
1030743,0
1030744,0
1030745,0
1030746,0
1030747,0
1030748,0
1030749,0
1030750,0
1030751,0
1030752,0
1030753,0
1030754,0
1030755,0
1030756,0
1030757,46
1030758,0
1030759,0
1030760,0
1030761,0
1030762,0
1030763,0
1030764,0
1030765,0
1030766,27
1030767,18
1030768,0
1030769,0
1030770,0
1030771,0
1030772,0
1030773,0
1030774,0
1030775,0
1030776,0
1030777,0
1030778,0
1030779,27
1030780,0
1030781,0
1030782,0
1030783,0
1030784,0
1030785,0
1030786,0
1030787,0
1030788,0
1030789,0
1030790,0
1030791,0
1030792,0
1030793,0
1030794,27
1030795,0
1030796,0
1030797,0
1030798,0
1030799,0
1030800,0
1030801,0
1030802,0
1030803,0
1030804,0
1030805,0
1030806,0
1030807,0
1030808,0
1030809,0
1030810,0
1030811,0
1030812,0
1030813,0
1030814,0
1030815,0
1030816,0
1030817,0
1030818,0
1030819,23
1030820,0
1030821,37
1030822,0
1030823,30
1030824,0
1030825,38
1030826,0
1030827,0
1030828,0
1030829,0
1030830,0
1030831,0
1030832,25
1030833,0
1030834,0
1030835,0
1030836,0
1030837,0
1030838,0
1030839,0
1030840,0
1030841,0
1030842,0
1030843,0
1030844,0
1030845,0
1030846,36
1030847,0
1030848,0
1030849,0
1030850,0
1030851,0
1030852,0
1030853,0
1030854,0
1030855,0
1030856,0
1030857,0
1030858,0
1030859,0
1030860,0
1030861,0
1030862,0
1030863,0
1030864,0
1030865,0
1030866,0
1030867,0
1030868,0
1030869,0
1030870,0
1030871,0
1030872,0
1030873,0
1030874,0
1030875,0
1030876,0
1030877,0
1030878,24
1030879,0
1030880,0
1030881,0
1030882,0
1030883,0
1030884,0
1030885,27
1030886,0
1030887,0
1030888,39
1030889,0
1030890,0
1030891,0
1030892,0
1030893,0
1030894,0
1030895,0
1030896,0
1030897,0
1030898,0
1030899,0
1030900,0
1030901,0
1030902,0
1030903,37
1030904,0
1030905,0
1030906,0
1030907,45
1030908,0
1030909,0
1030910,0
1030911,27
1030912,0
1030913,0
1030914,0
1030915,0
1030916,30
1030917,0
1030918,0
1030919,23
1030920,0
1030921,0
1030922,0
1030923,29
1030924,0
1030925,0
1030926,0
1030927,0
1030928,0
1030929,0
1030930,0
1030931,0
1030932,0
1030933,0
1030934,0
1030935,0
1030936,0
1030937,0
1030938,0
1030939,0
1030940,0
1030941,0
1030942,0
1030943,0
1030944,0
1030945,0
1030946,0
1030947,0
1030948,0
1030949,0
1030950,0
1030951,0
1030952,0
1030953,0
1030954,0
1030955,0
1030956,0
1030957,0
1030958,0
1030959,0
1030960,0
1030961,0
1030962,0
1030963,0
1030964,0
1030965,0
1030966,0
1030967,0
1030968,0
1030969,0
1030970,0
1030971,0
1030972,0
1030973,0
1030974,0
1030975,0
1030976,0
1030977,0
1030978,0
1030979,0
1030980,0
1030981,0
1030982,0
1030983,28
1030984,0
1030985,0
1030986,36
1030987,0
1030988,0
1030989,0
1030990,0
1030991,0
1030992,0
1030993,0
1030994,0
1030995,0
1030996,0
1030997,36
1030998,0
1030999,0
1031000,0
1031001,0
1031002,0
1031003,0
1031004,18
1031005,0
1031006,0
1031007,0
1031008,0
1031009,0
1031010,0
1031011,0
1031012,0
1031013,0
1031014,0
1031015,0
1031016,0
1031017,0
1031018,0
1031019,0
1031020,0
1031021,0
1031022,0
1031023,0
1031024,0
1031025,32
1031026,0
1031027,0
1031028,0
1031029,0
1031030,0
1031031,0
1031032,0
1031033,0
1031034,0
1031035,0
1031036,0
1031037,0
1031038,0
1031039,25
1031040,0
1031041,0
1031042,39
1031043,0
1031044,0
1031045,0
1031046,0
1031047,0
1031048,0
1031049,0
1031050,0
1031051,0
1031052,0
1031053,0
1031054,0
1031055,0
1031056,0
1031057,0
1031058,0
1031059,0
1031060,0
1031061,0
1031062,0
1031063,0
1031064,0
1031065,36
1031066,0
1031067,0
1031068,0
1031069,0
1031070,0
1031071,0
1031072,0
1031073,0
1031074,0
1031075,0
1031076,0
1031077,0
1031078,0
1031079,0
1031080,0
1031081,0
1031082,0
1031083,0
1031084,0
1031085,0
1031086,0
1031087,0
1031088,0
1031089,0
1031090,0
1031091,0
1031092,0
1031093,0
1031094,0
1031095,0
1031096,0
1031097,0
1031098,0
1031099,0
1031100,0
1031101,0
1031102,0
1031103,0
1031104,34
1031105,0
1031106,0
1031107,0
1031108,0
1031109,0
1031110,0
1031111,0
1031112,0
1031113,0
1031114,34
1031115,0
1031116,0
1031117,0
1031118,0
1031119,0
1031120,0
1031121,0
1031122,0
1031123,0
1031124,42
1031125,0
1031126,0
1031127,0
1031128,0
1031129,0
1031130,26
1031131,0
1031132,0
1031133,0
1031134,0
1031135,0
1031136,0
1031137,0
1031138,0
1031139,0
1031140,0
1031141,0
1031142,0
1031143,0
1031144,0
1031145,39
1031146,0
1031147,0
1031148,0
1031149,0
1031150,0
1031151,0
1031152,0
1031153,0
1031154,0
1031155,0
1031156,0
1031157,0
1031158,0
1031159,0
1031160,0
1031161,0
1031162,0
1031163,0
1031164,0
1031165,0
1031166,0
1031167,0
1031168,0
1031169,0
1031170,0
1031171,0
1031172,0
1031173,0
1031174,41
1031175,0
1031176,0
1031177,0
1031178,0
1031179,0
1031180,0
1031181,0
1031182,0
1031183,0
1031184,0
1031185,0
1031186,0
1031187,0
1031188,0
1031189,0
1031190,0
1031191,0
1031192,0
1031193,0
1031194,0
1031195,0
1031196,0
1031197,0
1031198,0
1031199,0
1031200,0
1031201,0
1031202,0
1031203,0
1031204,0
1031205,0
1031206,0
1031207,0
1031208,0
1031209,0
1031210,0
1031211,0
1031212,0
1031213,0
1031214,0
1031215,0
1031216,0
1031217,28
1031218,0
1031219,0
1031220,0
1031221,0
1031222,0
1031223,0
1031224,0
1031225,0
1031226,0
1031227,0
1031228,0
1031229,0
1031230,0
1031231,0
1031232,0
1031233,0
1031234,0
1031235,0
1031236,0
1031237,0
1031238,0
1031239,0
1031240,0
1031241,0
1031242,0
1031243,0
1031244,0
1031245,0
1031246,0
1031247,0
1031248,0
1031249,0
1031250,0
1031251,0
1031252,0
1031253,0
1031254,0
1031255,0
1031256,0
1031257,0
1031258,0
1031259,0
1031260,0
1031261,40
1031262,0
1031263,0
1031264,0
1031265,0
1031266,27
1031267,0
1031268,0
1031269,0
1031270,0
1031271,0
1031272,0
1031273,0
1031274,0
1031275,0
1031276,0
1031277,42
1031278,0
1031279,0
1031280,0
1031281,0
1031282,0
1031283,0
1031284,0
1031285,0
1031286,0
1031287,0
1031288,0
1031289,35
1031290,0
1031291,0
1031292,0
1031293,0
1031294,0
1031295,0
1031296,0
1031297,0
1031298,0
1031299,0
1031300,0
1031301,0
1031302,0
1031303,0
1031304,0
1031305,0
1031306,0
1031307,26
1031308,0
1031309,0
1031310,0
1031311,0
1031312,0
1031313,0
1031314,0
1031315,0
1031316,0
1031317,0
1031318,0
1031319,45
1031320,0
1031321,0
1031322,0
1031323,0
1031324,37
1031325,0
1031326,0
1031327,0
1031328,0
1031329,0
1031330,0
1031331,0
1031332,0
1031333,0
1031334,0
1031335,0
1031336,0
1031337,0
1031338,40
1031339,0
1031340,0
1031341,29
1031342,0
1031343,0
1031344,0
1031345,0
1031346,0
1031347,0
1031348,0
1031349,0
1031350,0
1031351,0
1031352,0
1031353,0
1031354,16
1031355,0
1031356,0
1031357,0
1031358,0
1031359,0
1031360,0
1031361,0
1031362,0
1031363,0
1031364,0
1031365,52
1031366,26
1031367,0
1031368,0
1031369,0
1031370,27
1031371,0
1031372,0
1031373,0
1031374,0
1031375,0
1031376,0
1031377,0
1031378,0
1031379,0
1031380,39
1031381,0
1031382,0
1031383,0
1031384,0
1031385,0
1031386,33
1031387,0
1031388,0
1031389,0
1031390,0
1031391,0
1031392,0
1031393,0
1031394,0
1031395,0
1031396,0
1031397,0
1031398,0
1031399,0
1031400,0
1031401,0
1031402,0
1031403,0
1031404,26
1031405,34
1031406,0
1031407,0
1031408,0
1031409,0
1031410,0
1031411,0
1031412,0
1031413,37
1031414,0
1031415,0
1031416,0
1031417,0
1031418,0
1031419,29
1031420,0
1031421,0
1031422,0
1031423,0
1031424,0
1031425,0
1031426,0
1031427,41
1031428,0
1031429,0
1031430,0
1031431,0
1031432,0
1031433,0
1031434,0
1031435,0
1031436,0
1031437,0
1031438,0
1031439,0
1031440,0
1031441,0
1031442,0
1031443,0
1031444,0
1031445,0
1031446,0
1031447,0
1031448,0
1031449,0
1031450,0
1031451,28
1031452,0
1031453,0
1031454,0
1031455,0
1031456,0
1031457,0
1031458,0
1031459,0
1031460,0
1031461,0
1031462,0
1031463,0
1031464,0
1031465,0
1031466,24
1031467,0
1031468,0
1031469,0
1031470,0
1031471,0
1031472,0
1031473,0
1031474,0
1031475,0
1031476,0
1031477,0
1031478,0
1031479,0
1031480,0
1031481,0
1031482,0
1031483,0
1031484,0
1031485,0
1031486,0
1031487,28
1031488,0
1031489,0
1031490,0
1031491,0
1031492,0
1031493,0
1031494,0
1031495,0
1031496,0
1031497,0
1031498,0
1031499,0
1031500,0
1031501,0
1031502,0
1031503,0
1031504,0
1031505,0
1031506,0
1031507,0
1031508,0
1031509,0
1031510,19
1031511,0
1031512,0
1031513,17
1031514,0
1031515,0
1031516,0
1031517,0
1031518,0
1031519,0
1031520,0
1031521,0
1031522,0
1031523,0
1031524,0
1031525,27
1031526,0
1031527,0
1031528,0
1031529,0
1031530,0
1031531,0
1031532,0
1031533,0
1031534,0
1031535,0
1031536,0
1031537,0
1031538,0
1031539,0
1031540,0
1031541,0
1031542,0
1031543,0
1031544,0
1031545,0
1031546,27
1031547,0
1031548,0
1031549,0
1031550,38
1031551,0
1031552,0
1031553,0
1031554,0
1031555,0
1031556,0
1031557,0
1031558,0
1031559,0
1031560,0
1031561,0
1031562,0
1031563,0
1031564,0
1031565,0
1031566,0
1031567,37
1031568,0
1031569,0
1031570,0
1031571,0
1031572,0
1031573,0
1031574,0
1031575,0
1031576,0
1031577,0
1031578,0
1031579,0
1031580,0
1031581,0
1031582,0
1031583,0
1031584,0
1031585,0
1031586,0
1031587,0
1031588,0
1031589,31
1031590,0
1031591,0
1031592,0
1031593,0
1031594,0
1031595,0
1031596,0
1031597,0
1031598,22
1031599,0
1031600,0
1031601,0
1031602,0
1031603,0
1031604,0
1031605,0
1031606,0
1031607,0
1031608,0
1031609,0
1031610,0
1031611,0
1031612,0
1031613,0
1031614,0
1031615,0
1031616,0
1031617,0
1031618,0
1031619,0
1031620,0
1031621,0
1031622,0
1031623,0
1031624,0
1031625,0
1031626,0
1031627,0
1031628,0
1031629,0
1031630,0
1031631,0
1031632,0
1031633,0
1031634,0
1031635,0
1031636,0
1031637,0
1031638,0
1031639,0
1031640,0
1031641,20
1031642,0
1031643,0
1031644,0
1031645,0
1031646,0
1031647,0
1031648,0
1031649,0
1031650,0
1031651,0
1031652,0
1031653,0
1031654,0
1031655,0
1031656,0
1031657,0
1031658,0
1031659,0
1031660,0
1031661,0
1031662,0
1031663,0
1031664,0
1031665,0
1031666,0
1031667,0
1031668,0
1031669,0
1031670,0
1031671,0
1031672,0
1031673,38
1031674,0
1031675,0
1031676,0
1031677,0
1031678,0
1031679,0
1031680,0
1031681,0
1031682,0
1031683,0
1031684,0
1031685,0
1031686,0
1031687,24
1031688,0
1031689,0
1031690,0
1031691,32
1031692,0
1031693,0
1031694,0
1031695,0
1031696,0
1031697,0
1031698,34
1031699,0
1031700,0
1031701,0
1031702,0
1031703,0
1031704,0
1031705,27
1031706,0
1031707,0
1031708,0
1031709,0
1031710,0
1031711,0
1031712,0
1031713,0
1031714,0
1031715,0
1031716,0
1031717,0
1031718,0
1031719,0
1031720,0
1031721,0
1031722,0
1031723,0
1031724,24
1031725,0
1031726,0
1031727,0
1031728,0
1031729,0
1031730,0
1031731,0
1031732,0
1031733,0
1031734,0
1031735,33
1031736,0
1031737,30
1031738,0
1031739,0
1031740,17
1031741,0
1031742,0
1031743,0
1031744,0
1031745,0
1031746,27
1031747,0
1031748,0
1031749,0
1031750,0
1031751,0
1031752,35
1031753,0
1031754,0
1031755,0
1031756,0
1031757,0
1031758,0
1031759,0
1031760,0
1031761,28
1031762,0
1031763,0
1031764,0
1031765,0
1031766,0
1031767,0
1031768,0
1031769,0
1031770,0
1031771,0
1031772,0
1031773,0
1031774,0
1031775,0
1031776,0
1031777,0
1031778,0
1031779,0
1031780,0
1031781,0
1031782,0
1031783,0
1031784,0
1031785,0
1031786,0
1031787,0
1031788,0
1031789,0
1031790,0
1031791,0
1031792,0
1031793,0
1031794,0
1031795,0
1031796,0
1031797,0
1031798,27
1031799,0
1031800,0
1031801,0
1031802,0
1031803,24
1031804,0
1031805,0
1031806,0
1031807,0
1031808,0
1031809,0
1031810,0
1031811,0
1031812,0
1031813,0
1031814,0
1031815,0
1031816,0
1031817,0
1031818,0
1031819,0
1031820,0
1031821,0
1031822,0
1031823,0
1031824,0
1031825,0
1031826,0
1031827,0
1031828,0
1031829,0
1031830,0
1031831,0
1031832,0
1031833,0
1031834,0
1031835,0
1031836,0
1031837,0
1031838,0
1031839,0
1031840,0
1031841,0
1031842,0
1031843,0
1031844,0
1031845,37
1031846,0
1031847,0
1031848,0
1031849,0
1031850,0
1031851,0
1031852,26
1031853,0
1031854,0
1031855,0
1031856,44
1031857,0
1031858,0
1031859,0
1031860,0
1031861,0
1031862,0
1031863,0
1031864,0
1031865,0
1031866,47
1031867,0
1031868,0
1031869,0
1031870,0
1031871,34
1031872,0
1031873,0
1031874,0
1031875,0
1031876,0
1031877,0
1031878,0
1031879,0
1031880,15
1031881,0
1031882,0
1031883,0
1031884,27
1031885,0
1031886,0
1031887,0
1031888,0
1031889,0
1031890,0
1031891,0
1031892,0
1031893,0
1031894,0
1031895,0
1031896,0
1031897,0
1031898,0
1031899,0
1031900,0
1031901,0
1031902,0
1031903,0
1031904,0
1031905,21
1031906,23
1031907,0
1031908,0
1031909,0
1031910,0
1031911,0
1031912,0
1031913,0
1031914,0
1031915,0
1031916,0
1031917,20
1031918,0
1031919,0
1031920,0
1031921,0
1031922,0
1031923,0
1031924,0
1031925,0
1031926,0
1031927,0
1031928,29
1031929,0
1031930,42
1031931,0
1031932,0
1031933,25
1031934,0
1031935,0
1031936,0
1031937,0
1031938,0
1031939,0
1031940,0
1031941,0
1031942,36
1031943,0
1031944,0
1031945,0
1031946,0
1031947,0
1031948,0
1031949,0
1031950,0
1031951,0
1031952,30
1031953,0
1031954,0
1031955,0
1031956,0
1031957,0
1031958,0
1031959,25
1031960,0
1031961,0
1031962,0
1031963,0
1031964,0
1031965,0
1031966,0
1031967,0
1031968,0
1031969,0
1031970,0
1031971,0
1031972,0
1031973,0
1031974,0
1031975,31
1031976,0
1031977,0
1031978,0
1031979,0
1031980,30
1031981,0
1031982,0
1031983,0
1031984,22
1031985,0
1031986,0
1031987,0
1031988,0
1031989,0
1031990,0
1031991,0
1031992,0
1031993,0
1031994,0
1031995,0
1031996,0
1031997,0
1031998,0
1031999,0
1032000,0
1032001,0
1032002,0
1032003,0
1032004,0
1032005,0
1032006,0
1032007,0
1032008,0
1032009,0
1032010,38
1032011,0
1032012,0
1032013,0
1032014,0
1032015,27
1032016,0
1032017,0
1032018,0
1032019,0
1032020,0
1032021,0
1032022,0
1032023,0
1032024,0
1032025,0
1032026,0
1032027,0
1032028,0
1032029,0
1032030,0
1032031,0
1032032,0
1032033,0
1032034,0
1032035,0
1032036,0
1032037,0
1032038,0
1032039,0
1032040,0
1032041,0
1032042,0
1032043,25
1032044,33
1032045,0
1032046,0
1032047,0
1032048,0
1032049,36
1032050,0
1032051,0
1032052,0
1032053,0
1032054,29
1032055,0
1032056,0
1032057,0
1032058,0
1032059,0
1032060,0
1032061,0
1032062,0
1032063,0
1032064,0
1032065,0
1032066,0
1032067,0
1032068,0
1032069,0
1032070,0
1032071,0
1032072,0
1032073,0
1032074,0
1032075,0
1032076,0
1032077,0
1032078,0
1032079,0
1032080,0
1032081,0
1032082,0
1032083,0
1032084,0
1032085,0
1032086,0
1032087,0
1032088,0
1032089,0
1032090,0
1032091,25
1032092,36
1032093,0
1032094,0
1032095,0
1032096,29
1032097,0
1032098,0
1032099,0
1032100,0
1032101,0
1032102,0
1032103,0
1032104,0
1032105,0
1032106,0
1032107,0
1032108,0
1032109,0
1032110,0
1032111,0
1032112,0
1032113,0
1032114,0
1032115,0
1032116,0
1032117,0
1032118,0
1032119,23
1032120,0
1032121,0
1032122,0
1032123,0
1032124,0
1032125,0
1032126,29
1032127,0
1032128,24
1032129,0
1032130,0
1032131,0
1032132,0
1032133,0
1032134,0
1032135,0
1032136,0
1032137,0
1032138,38
1032139,0
1032140,0
1032141,0
1032142,0
1032143,36
1032144,26
1032145,0
1032146,0
1032147,0
1032148,0
1032149,0
1032150,0
1032151,0
1032152,0
1032153,0
1032154,0
1032155,0
1032156,0
1032157,0
1032158,0
1032159,0
1032160,0
1032161,0
1032162,0
1032163,0
1032164,0
1032165,0
1032166,30
1032167,0
1032168,0
1032169,0
1032170,0
1032171,0
1032172,0
1032173,17
1032174,0
1032175,0
1032176,0
1032177,26
1032178,0
1032179,0
1032180,0
1032181,0
1032182,0
1032183,0
1032184,34
1032185,0
1032186,0
1032187,0
1032188,0
1032189,0
1032190,0
1032191,0
1032192,0
1032193,0
1032194,0
1032195,0
1032196,0
1032197,0
1032198,0
1032199,0
1032200,0
1032201,0
1032202,0
1032203,0
1032204,0
1032205,0
1032206,0
1032207,0
1032208,0
1032209,0
1032210,0
1032211,0
1032212,0
1032213,0
1032214,0
1032215,33
1032216,0
1032217,21
1032218,0
1032219,19
1032220,23
1032221,28
1032222,0
1032223,0
1032224,0
1032225,0
1032226,30
1032227,0
1032228,0
1032229,0
1032230,0
1032231,0
1032232,0
1032233,0
1032234,0
1032235,0
1032236,35
1032237,28
1032238,0
1032239,0
1032240,0
1032241,0
1032242,0
1032243,0
1032244,0
1032245,2
1032246,0
1032247,0
1032248,0
1032249,0
1032250,0
1032251,0
1032252,0
1032253,0
1032254,0
1032255,0
1032256,0
1032257,0
1032258,0
1032259,0
1032260,0
1032261,2
1032262,0
1032263,3
1032264,0
1032265,0
1032266,0
1032267,0
1032268,0
1032269,0
1032270,1
1032271,0
1032272,0
1032273,0
1032274,0
1032275,0
1032276,0
1032277,0
1032278,0
1032279,0
1032280,0
1032281,0
1032282,0
1032283,0
1032284,0
1032285,0
1032286,0
1032287,0
1032288,0
1032289,0
1032290,0
1032291,0
1032292,0
1032293,0
1032294,0
1032295,0
1032296,0
1032297,0
1032298,0
1032299,0
1032300,0
1032301,0
1032302,0
1032303,0
1032304,0
1032305,0
1032306,0
1032307,0
1032308,0
1032309,0
1032310,0
1032311,0
1032312,0
1032313,0
1032314,0
1032315,0
1032316,0
1032317,0
1032318,0
1032319,0
1032320,0
1032321,0
1032322,0
1032323,3
1032324,0
1032325,0
1032326,0
1032327,0
1032328,0
1032329,0
1032330,0
1032331,0
1032332,0
1032333,2
1032334,0
1032335,0
1032336,0
1032337,2
1032338,0
1032339,0
1032340,0
1032341,2
1032342,0
1032343,0
1032344,4
1032345,0
1032346,0
1032347,0
1032348,0
1032349,0
1032350,0
1032351,0
1032352,0
1032353,3
1032354,0
1032355,0
1032356,0
1032357,0
1032358,0
1032359,1
1032360,0
1032361,0
1032362,0
1032363,0
1032364,0
1032365,0
1032366,0
1032367,0
1032368,0
1032369,0
1032370,0
1032371,0
1032372,0
1032373,0
1032374,0
1032375,0
1032376,2
1032377,2
1032378,0
1032379,4
1032380,0
1032381,1
1032382,3
1032383,0
1032384,0
1032385,0
1032386,0
1032387,0
1032388,1
1032389,0
1032390,0
1032391,0
1032392,0
1032393,0
1032394,0
1032395,0
1032396,0
1032397,0
1032398,0
1032399,0
1032400,0
1032401,0
1032402,0
1032403,0
1032404,0
1032405,3
1032406,0
1032407,0
1032408,3
1032409,0
1032410,0
1032411,0
1032412,0
1032413,0
1032414,0
1032415,0
1032416,2
1032417,0
1032418,0
1032419,0
1032420,0
1032421,0
1032422,0
1032423,0
1032424,0
1032425,0
1032426,0
1032427,0
1032428,0
1032429,0
1032430,0
1032431,4
1032432,0
1032433,0
1032434,0
1032435,0
1032436,0
1032437,0
1032438,0
1032439,4
1032440,0
1032441,0
1032442,0
1032443,0
1032444,0
1032445,0
1032446,0
1032447,0
1032448,0
1032449,0
1032450,0
1032451,4
1032452,6
1032453,0
1032454,0
1032455,0
1032456,0
1032457,0
1032458,0
1032459,0
1032460,0
1032461,0
1032462,0
1032463,0
1032464,7
1032465,0
1032466,0
1032467,0
1032468,0
1032469,0
1032470,0
1032471,0
1032472,0
1032473,0
1032474,0
1032475,0
1032476,0
1032477,0
1032478,1
1032479,0
1032480,0
1032481,0
1032482,0
1032483,0
1032484,0
1032485,0
1032486,1
1032487,0
1032488,0
1032489,0
1032490,0
1032491,3
1032492,4
1032493,0
1032494,0
1032495,0
1032496,0
1032497,0
1032498,0
1032499,3
1032500,0
1032501,0
1032502,0
1032503,0
1032504,0
1032505,0
1032506,0
1032507,4
1032508,0
1032509,0
1032510,0
1032511,0
1032512,0
1032513,0
1032514,0
1032515,0
1032516,0
1032517,0
1032518,0
1032519,0
1032520,1
1032521,0
1032522,0
1032523,0
1032524,0
1032525,3
1032526,0
1032527,1
1032528,0
1032529,0
1032530,0
1032531,0
1032532,0
1032533,0
1032534,0
1032535,0
1032536,0
1032537,0
1032538,0
1032539,0
1032540,0
1032541,0
1032542,0
1032543,0
1032544,0
1032545,0
1032546,0
1032547,0
1032548,0
1032549,0
1032550,0
1032551,0
1032552,0
1032553,0
1032554,0
1032555,0
1032556,0
1032557,0
1032558,2
1032559,0
1032560,0
1032561,0
1032562,0
1032563,1
1032564,0
1032565,0
1032566,0
1032567,0
1032568,0
1032569,0
1032570,0
1032571,0
1032572,0
1032573,0
1032574,0
1032575,0
1032576,2
1032577,0
1032578,2
1032579,0
1032580,0
1032581,0
1032582,0
1032583,0
1032584,0
1032585,0
1032586,0
1032587,2
1032588,0
1032589,0
1032590,0
1032591,0
1032592,0
1032593,1
1032594,0
1032595,0
1032596,0
1032597,0
1032598,0
1032599,0
1032600,0
1032601,0
1032602,0
1032603,0
1032604,0
1032605,0
1032606,0
1032607,0
1032608,0
1032609,5
1032610,3
1032611,0
1032612,2
1032613,2
1032614,0
1032615,0
1032616,0
1032617,0
1032618,0
1032619,5
1032620,0
1032621,0
1032622,0
1032623,0
1032624,0
1032625,0
1032626,0
1032627,0
1032628,0
1032629,3
1032630,0
1032631,0
1032632,0
1032633,0
1032634,0
1032635,1
1032636,0
1032637,0
1032638,0
1032639,0
1032640,0
1032641,0
1032642,0
1032643,0
1032644,1
1032645,0
1032646,0
1032647,1
1032648,0
1032649,0
1032650,0
1032651,0
1032652,5
1032653,0
1032654,0
1032655,0
1032656,0
1032657,0
1032658,0
1032659,0
1032660,0
1032661,0
1032662,0
1032663,0
1032664,0
1032665,0
1032666,0
1032667,0
1032668,0
1032669,0
1032670,0
1032671,0
1032672,0
1032673,0
1032674,2
1032675,0
1032676,0
1032677,0
1032678,0
1032679,0
1032680,0
1032681,0
1032682,0
1032683,0
1032684,0
1032685,0
1032686,0
1032687,0
1032688,6
1032689,0
1032690,0
1032691,0
1032692,0
1032693,5
1032694,0
1032695,0
1032696,0
1032697,0
1032698,0
1032699,0
1032700,0
1032701,0
1032702,0
1032703,1
1032704,0
1032705,0
1032706,0
1032707,0
1032708,0
1032709,0
1032710,0
1032711,0
1032712,0
1032713,3
1032714,0
1032715,0
1032716,2
1032717,0
1032718,0
1032719,0
1032720,0
1032721,0
1032722,0
1032723,0
1032724,0
1032725,0
1032726,0
1032727,0
1032728,0
1032729,0
1032730,0
1032731,0
1032732,0
1032733,0
1032734,0
1032735,0
1032736,0
1032737,0
1032738,0
1032739,0
1032740,0
1032741,0
1032742,26
1032743,36
1032744,0
1032745,0
1032746,0
1032747,40
1032748,0
1032749,0
1032750,0
1032751,0
1032752,0
1032753,19
1032754,0
1032755,0
1032756,0
1032757,0
1032758,0
1032759,0
1032760,0
1032761,0
1032762,0
1032763,0
1032764,0
1032765,0
1032766,0
1032767,0
1032768,0
1032769,0
1032770,0
1032771,0
1032772,0
1032773,0
1032774,0
1032775,0
1032776,0
1032777,0
1032778,0
1032779,0
1032780,0
1032781,0
1032782,0
1032783,0
1032784,0
1032785,0
1032786,0
1032787,0
1032788,0
1032789,0
1032790,0
1032791,0
1032792,0
1032793,40
1032794,0
1032795,0
1032796,0
1032797,0
1032798,0
1032799,0
1032800,0
1032801,0
1032802,0
1032803,0
1032804,0
1032805,0
1032806,0
1032807,0
1032808,0
1032809,0
1032810,0
1032811,0
1032812,0
1032813,0
1032814,0
1032815,0
1032816,0
1032817,0
1032818,0
1032819,0
1032820,0
1032821,0
1032822,0
1032823,0
1032824,0
1032825,0
1032826,0
1032827,0
1032828,0
1032829,0
1032830,43
1032831,0
1032832,0
1032833,0
1032834,0
1032835,0
1032836,0
1032837,0
1032838,0
1032839,0
1032840,0
1032841,29
1032842,0
1032843,0
1032844,0
1032845,0
1032846,0
1032847,0
1032848,0
1032849,0
1032850,0
1032851,0
1032852,0
1032853,0
1032854,43
1032855,0
1032856,0
1032857,0
1032858,32
1032859,0
1032860,0
1032861,0
1032862,0
1032863,0
1032864,33
1032865,28
1032866,0
1032867,0
1032868,0
1032869,0
1032870,0
1032871,0
1032872,0
1032873,0
1032874,35
1032875,0
1032876,0
1032877,0
1032878,0
1032879,0
1032880,0
1032881,0
1032882,0
1032883,0
1032884,0
1032885,0
1032886,0
1032887,0
1032888,0
1032889,0
1032890,0
1032891,0
1032892,0
1032893,0
1032894,0
1032895,0
1032896,0
1032897,0
1032898,0
1032899,0
1032900,0
1032901,0
1032902,0
1032903,25
1032904,0
1032905,0
1032906,0
1032907,0
1032908,0
1032909,0
1032910,0
1032911,0
1032912,0
1032913,0
1032914,0
1032915,0
1032916,0
1032917,0
1032918,0
1032919,0
1032920,0
1032921,0
1032922,0
1032923,0
1032924,0
1032925,0
1032926,0
1032927,0
1032928,0
1032929,0
1032930,0
1032931,32
1032932,26
1032933,0
1032934,0
1032935,0
1032936,0
1032937,0
1032938,0
1032939,0
1032940,0
1032941,0
1032942,0
1032943,0
1032944,0
1032945,0
1032946,32
1032947,0
1032948,45
1032949,0
1032950,0
1032951,0
1032952,0
1032953,0
1032954,0
1032955,0
1032956,0
1032957,0
1032958,0
1032959,0
1032960,0
1032961,0
1032962,0
1032963,0
1032964,0
1032965,0
1032966,0
1032967,0
1032968,0
1032969,0
1032970,0
1032971,0
1032972,0
1032973,0
1032974,0
1032975,18
1032976,0
1032977,0
1032978,0
1032979,0
1032980,0
1032981,0
1032982,56
1032983,0
1032984,0
1032985,0
1032986,0
1032987,0
1032988,0
1032989,0
1032990,0
1032991,0
1032992,0
1032993,0
1032994,0
1032995,0
1032996,0
1032997,0
1032998,0
1032999,0
1033000,0
1033001,0
1033002,0
1033003,0
1033004,0
1033005,0
1033006,0
1033007,0
1033008,0
1033009,0
1033010,0
1033011,0
1033012,0
1033013,0
1033014,0
1033015,0
1033016,0
1033017,0
1033018,0
1033019,0
1033020,0
1033021,0
1033022,0
1033023,0
1033024,0
1033025,0
1033026,0
1033027,0
1033028,0
1033029,0
1033030,0
1033031,0
1033032,0
1033033,0
1033034,0
1033035,42
1033036,0
1033037,0
1033038,0
1033039,0
1033040,0
1033041,0
1033042,0
1033043,0
1033044,0
1033045,0
1033046,0
1033047,0
1033048,0
1033049,0
1033050,0
1033051,0
1033052,0
1033053,0
1033054,0
1033055,0
1033056,0
1033057,0
1033058,29
1033059,0
1033060,0
1033061,0
1033062,0
1033063,0
1033064,5
1033065,0
1033066,0
1033067,0
1033068,7
1033069,0
1033070,0
1033071,5
1033072,0
1033073,0
1033074,0
1033075,0
1033076,0
1033077,0
1033078,0
1033079,0
1033080,6
1033081,0
1033082,7
1033083,0
1033084,0
1033085,0
1033086,0
1033087,0
1033088,0
1033089,0
1033090,5
1033091,0
1033092,0
1033093,0
1033094,0
1033095,0
1033096,0
1033097,12
1033098,0
1033099,4
1033100,5
1033101,0
1033102,0
1033103,2
1033104,0
1033105,0
1033106,0
1033107,0
1033108,0
1033109,0
1033110,0
1033111,0
1033112,0
1033113,4
1033114,0
1033115,0
1033116,0
1033117,0
1033118,0
1033119,0
1033120,0
1033121,0
1033122,0
1033123,3
1033124,0
1033125,0
1033126,0
1033127,0
1033128,0
1033129,0
1033130,0
1033131,0
1033132,0
1033133,0
1033134,0
1033135,0
1033136,0
1033137,0
1033138,0
1033139,0
1033140,0
1033141,0
1033142,0
1033143,1
1033144,0
1033145,0
1033146,0
1033147,0
1033148,0
1033149,0
1033150,0
1033151,11
1033152,0
1033153,0
1033154,0
1033155,0
1033156,0
1033157,0
1033158,0
1033159,0
1033160,0
1033161,0
1033162,0
1033163,0
1033164,0
1033165,0
1033166,0
1033167,0
1033168,0
1033169,0
1033170,0
1033171,0
1033172,0
1033173,0
1033174,0
1033175,0
1033176,0
1033177,0
1033178,0
1033179,0
1033180,0
1033181,0
1033182,0
1033183,0
1033184,0
1033185,0
1033186,0
1033187,3
1033188,0
1033189,0
1033190,0
1033191,0
1033192,0
1033193,0
1033194,0
1033195,0
1033196,0
1033197,0
1033198,0
1033199,5
1033200,0
1033201,0
1033202,0
1033203,0
1033204,0
1033205,0
1033206,2
1033207,3
1033208,0
1033209,0
1033210,0
1033211,0
1033212,0
1033213,0
1033214,0
1033215,0
1033216,0
1033217,0
1033218,0
1033219,0
1033220,0
1033221,0
1033222,0
1033223,10
1033224,0
1033225,0
1033226,0
1033227,0
1033228,0
1033229,0
1033230,0
1033231,0
1033232,0
1033233,0
1033234,0
1033235,0
1033236,4
1033237,0
1033238,0
1033239,0
1033240,0
1033241,0
1033242,0
1033243,0
1033244,0
1033245,0
1033246,0
1033247,0
1033248,0
1033249,0
1033250,0
1033251,0
1033252,0
1033253,0
1033254,0
1033255,0
1033256,0
1033257,0
1033258,0
1033259,0
1033260,0
1033261,0
1033262,0
1033263,0
1033264,1
1033265,0
1033266,0
1033267,15
1033268,6
1033269,0
1033270,0
1033271,0
1033272,0
1033273,0
1033274,0
1033275,0
1033276,0
1033277,0
1033278,0
1033279,0
1033280,0
1033281,0
1033282,5
1033283,0
1033284,0
1033285,0
1033286,0
1033287,0
1033288,0
1033289,0
1033290,0
1033291,0
1033292,0
1033293,0
1033294,0
1033295,0
1033296,0
1033297,0
1033298,0
1033299,0
1033300,5
1033301,0
1033302,0
1033303,0
1033304,0
1033305,0
1033306,0
1033307,0
1033308,0
1033309,5
1033310,0
1033311,0
1033312,6
1033313,0
1033314,0
1033315,0
1033316,0
1033317,0
1033318,0
1033319,3
1033320,0
1033321,0
1033322,10
1033323,0
1033324,0
1033325,7
1033326,0
1033327,0
1033328,0
1033329,0
1033330,0
1033331,0
1033332,0
1033333,0
1033334,0
1033335,0
1033336,10
1033337,0
1033338,0
1033339,0
1033340,0
1033341,0
1033342,0
1033343,0
1033344,0
1033345,0
1033346,0
1033347,0
1033348,0
1033349,0
1033350,0
1033351,0
1033352,0
1033353,0
1033354,0
1033355,0
1033356,1
1033357,0
1033358,0
1033359,3
1033360,0
1033361,0
1033362,0
1033363,0
1033364,0
1033365,0
1033366,0
1033367,0
1033368,0
1033369,0
1033370,0
1033371,0
1033372,0
1033373,0
1033374,0
1033375,0
1033376,0
1033377,0
1033378,0
1033379,0
1033380,0
1033381,0
1033382,0
1033383,0
1033384,0
1033385,0
1033386,0
1033387,0
1033388,0
1033389,0
1033390,0
1033391,0
1033392,0
1033393,0
1033394,0
1033395,5
1033396,2
1033397,3
1033398,0
1033399,0
1033400,0
1033401,0
1033402,0
1033403,4
1033404,5
1033405,11
1033406,0
1033407,0
1033408,0
1033409,0
1033410,0
1033411,0
1033412,0
1033413,2
1033414,0
1033415,7
1033416,0
1033417,0
1033418,0
1033419,0
1033420,0
1033421,0
1033422,7
1033423,0
1033424,0
1033425,0
1033426,0
1033427,0
1033428,0
1033429,0
1033430,0
1033431,0
1033432,0
1033433,0
1033434,0
1033435,0
1033436,0
1033437,0
1033438,0
1033439,0
1033440,7
1033441,0
1033442,0
1033443,0
1033444,0
1033445,0
1033446,0
1033447,0
1033448,0
1033449,0
1033450,0
1033451,0
1033452,0
1033453,0
1033454,0
1033455,0
1033456,0
1033457,8
1033458,0
1033459,0
1033460,0
1033461,4
1033462,3
1033463,0
1033464,0
1033465,0
1033466,5
1033467,0
1033468,0
1033469,0
1033470,0
1033471,0
1033472,0
1033473,0
1033474,0
1033475,0
1033476,0
1033477,0
1033478,0
1033479,6
1033480,0
1033481,9
1033482,0
1033483,6
1033484,0
1033485,0
1033486,0
1033487,0
1033488,0
1033489,0
1033490,0
1033491,0
1033492,0
1033493,0
1033494,0
1033495,0
1033496,0
1033497,0
1033498,0
1033499,10
1033500,0
1033501,0
1033502,0
1033503,0
1033504,0
1033505,0
1033506,0
1033507,0
1033508,0
1033509,0
1033510,0
1033511,0
1033512,0
1033513,0
1033514,0
1033515,0
1033516,0
1033517,0
1033518,0
1033519,0
1033520,0
1033521,0
1033522,0
1033523,0
1033524,3
1033525,0
1033526,0
1033527,0
1033528,0
1033529,0
1033530,0
1033531,0
1033532,0
1033533,0
1033534,0
1033535,0
1033536,10
1033537,6
1033538,0
1033539,0
1033540,3
1033541,0
1033542,0
1033543,2
1033544,0
1033545,0
1033546,8
1033547,0
1033548,0
1033549,7
1033550,0
1033551,0
1033552,0
1033553,0
1033554,0
1033555,0
1033556,0
1033557,0
1033558,0
1033559,0
1033560,0
1033561,0
1033562,0
1033563,0
1033564,0
1033565,0
1033566,0
1033567,0
1033568,0
1033569,0
1033570,0
1033571,0
1033572,0
1033573,0
1033574,0
1033575,0
1033576,0
1033577,0
1033578,0
1033579,0
1033580,0
1033581,0
1033582,0
1033583,0
1033584,0
1033585,0
1033586,0
1033587,0
1033588,0
1033589,0
1033590,0
1033591,3
1033592,0
1033593,0
1033594,0
1033595,2
1033596,0
1033597,3
1033598,0
1033599,0
1033600,3
1033601,0
1033602,11
1033603,0
1033604,0
1033605,0
1033606,0
1033607,0
1033608,0
1033609,0
1033610,0
1033611,0
1033612,0
1033613,0
1033614,0
1033615,0
1033616,0
1033617,2
1033618,0
1033619,0
1033620,3
1033621,0
1033622,0
1033623,0
1033624,0
1033625,7
1033626,0
1033627,2
1033628,0
1033629,0
1033630,0
1033631,0
1033632,0
1033633,0
1033634,0
1033635,0
1033636,0
1033637,0
1033638,0
1033639,0
1033640,0
1033641,0
1033642,9
1033643,0
1033644,0
1033645,0
1033646,0
1033647,0
1033648,0
1033649,0
1033650,0
1033651,0
1033652,6
1033653,0
1033654,0
1033655,0
1033656,0
1033657,0
1033658,0
1033659,0
1033660,0
1033661,0
1033662,0
1033663,0
1033664,0
1033665,0
1033666,0
1033667,1
1033668,0
1033669,0
1033670,0
1033671,9
1033672,0
1033673,0
1033674,0
1033675,0
1033676,0
1033677,0
1033678,8
1033679,0
1033680,0
1033681,0
1033682,0
1033683,0
1033684,0
1033685,0
1033686,0
1033687,0
1033688,0
1033689,0
1033690,0
1033691,0
1033692,0
1033693,0
1033694,0
1033695,0
1033696,0
1033697,12
1033698,0
1033699,0
1033700,0
1033701,0
1033702,5
1033703,0
1033704,0
1033705,0
1033706,0
1033707,0
1033708,0
1033709,0
1033710,0
1033711,0
1033712,0
1033713,0
1033714,0
1033715,0
1033716,0
1033717,0
1033718,3
1033719,0
1033720,7
1033721,0
1033722,0
1033723,0
1033724,0
1033725,0
1033726,0
1033727,0
1033728,0
1033729,7
1033730,10
1033731,0
1033732,0
1033733,0
1033734,0
1033735,0
1033736,0
1033737,0
1033738,0
1033739,0
1033740,0
1033741,0
1033742,0
1033743,0
1033744,0
1033745,0
1033746,7
1033747,0
1033748,0
1033749,0
1033750,0
1033751,0
1033752,0
1033753,4
1033754,0
1033755,1
1033756,0
1033757,0
1033758,0
1033759,0
1033760,0
1033761,0
1033762,0
1033763,0
1033764,0
1033765,0
1033766,0
1033767,0
1033768,0
1033769,0
1033770,0
1033771,0
1033772,0
1033773,0
1033774,0
1033775,0
1033776,0
1033777,0
1033778,0
1033779,0
1033780,4
1033781,0
1033782,0
1033783,0
1033784,0
1033785,0
1033786,0
1033787,0
1033788,0
1033789,0
1033790,0
1033791,0
1033792,0
1033793,0
1033794,7
1033795,0
1033796,0
1033797,0
1033798,0
1033799,9
1033800,11
1033801,4
1033802,0
1033803,0
1033804,0
1033805,0
1033806,0
1033807,0
1033808,0
1033809,7
1033810,7
1033811,0
1033812,0
1033813,2
1033814,0
1033815,12
1033816,0
1033817,0
1033818,0
1033819,0
1033820,0
1033821,0
1033822,1
1033823,7
1033824,0
1033825,0
1033826,0
1033827,0
1033828,0
1033829,0
1033830,0
1033831,0
1033832,0
1033833,8
1033834,0
1033835,2
1033836,0
1033837,6
1033838,0
1033839,0
1033840,3
1033841,0
1033842,6
1033843,0
1033844,0
1033845,0
1033846,0
1033847,0
1033848,4
1033849,0
1033850,0
1033851,0
1033852,0
1033853,0
1033854,0
1033855,0
1033856,0
1033857,0
1033858,0
1033859,0
1033860,10
1033861,8
1033862,0
1033863,0
1033864,0
1033865,0
1033866,0
1033867,0
1033868,0
1033869,0
1033870,0
1033871,0
1033872,9
1033873,0
1033874,0
1033875,0
1033876,0
1033877,0
1033878,0
1033879,0
1033880,0
1033881,0
1033882,0
1033883,0
1033884,0
1033885,0
1033886,0
1033887,0
1033888,0
1033889,0
1033890,0
1033891,5
1033892,0
1033893,0
1033894,0
1033895,0
1033896,8
1033897,7
1033898,0
1033899,0
1033900,0
1033901,3
1033902,0
1033903,0
1033904,1
1033905,0
1033906,0
1033907,0
1033908,0
1033909,0
1033910,0
1033911,0
1033912,0
1033913,0
1033914,0
1033915,0
1033916,0
1033917,0
1033918,0
1033919,10
1033920,0
1033921,0
1033922,0
1033923,0
1033924,0
1033925,0
1033926,0
1033927,0
1033928,6
1033929,0
1033930,0
1033931,4
1033932,0
1033933,0
1033934,0
1033935,0
1033936,0
1033937,0
1033938,1
1033939,0
1033940,0
1033941,0
1033942,0
1033943,0
1033944,0
1033945,3
1033946,8
1033947,0
1033948,0
1033949,1
1033950,0
1033951,0
1033952,0
1033953,0
1033954,0
1033955,0
1033956,0
1033957,0
1033958,0
1033959,0
1033960,0
1033961,0
1033962,0
1033963,0
1033964,11
1033965,0
1033966,0
1033967,0
1033968,0
1033969,0
1033970,0
1033971,0
1033972,0
1033973,0
1033974,0
1033975,0
1033976,0
1033977,5
1033978,0
1033979,0
1033980,0
1033981,0
1033982,0
1033983,0
1033984,0
1033985,9
1033986,0
1033987,0
1033988,0
1033989,6
1033990,0
1033991,0
1033992,0
1033993,0
1033994,0
1033995,4
1033996,0
1033997,0
1033998,0
1033999,0
1034000,0
1034001,0
1034002,0
1034003,0
1034004,0
1034005,0
1034006,0
1034007,0
1034008,0
1034009,0
1034010,0
1034011,0
1034012,0
1034013,0
1034014,0
1034015,0
1034016,0
1034017,0
1034018,0
1034019,5
1034020,0
1034021,7
1034022,3
1034023,0
1034024,0
1034025,0
1034026,0
1034027,0
1034028,0
1034029,0
1034030,0
1034031,0
1034032,0
1034033,0
1034034,0
1034035,0
1034036,0
1034037,0
1034038,0
1034039,0
1034040,0
1034041,0
1034042,11
1034043,0
1034044,0
1034045,0
1034046,0
1034047,0
1034048,0
1034049,9
1034050,0
1034051,0
1034052,0
1034053,0
1034054,0
1034055,0
1034056,0
1034057,0
1034058,0
1034059,0
1034060,0
1034061,0
1034062,11
1034063,0
1034064,0
1034065,0
1034066,0
1034067,11
1034068,0
1034069,15
1034070,0
1034071,13
1034072,0
1034073,0
1034074,0
1034075,0
1034076,0
1034077,0
1034078,0
1034079,0
1034080,0
1034081,0
1034082,0
1034083,0
1034084,0
1034085,0
1034086,0
1034087,0
1034088,15
1034089,10
1034090,0
1034091,0
1034092,0
1034093,0
1034094,0
1034095,0
1034096,0
1034097,0
1034098,0
1034099,0
1034100,3
1034101,0
1034102,0
1034103,0
1034104,0
1034105,12
1034106,0
1034107,0
1034108,0
1034109,0
1034110,0
1034111,0
1034112,0
1034113,0
1034114,0
1034115,0
1034116,0
1034117,10
1034118,0
1034119,13
1034120,0
1034121,0
1034122,0
1034123,0
1034124,10
1034125,0
1034126,0
1034127,0
1034128,0
1034129,0
1034130,0
1034131,0
1034132,0
1034133,11
1034134,0
1034135,0
1034136,0
1034137,0
1034138,0
1034139,0
1034140,0
1034141,0
1034142,0
1034143,0
1034144,0
1034145,0
1034146,0
1034147,0
1034148,0
1034149,0
1034150,14
1034151,0
1034152,18
1034153,0
1034154,11
1034155,0
1034156,0
1034157,0
1034158,0
1034159,0
1034160,0
1034161,5
1034162,0
1034163,0
1034164,0
1034165,0
1034166,0
1034167,14
1034168,0
1034169,9
1034170,0
1034171,0
1034172,0
1034173,0
1034174,6
1034175,0
1034176,0
1034177,16
1034178,0
1034179,0
1034180,0
1034181,5
1034182,0
1034183,0
1034184,0
1034185,0
1034186,0
1034187,15
1034188,0
1034189,9
1034190,0
1034191,0
1034192,10
1034193,0
1034194,0
1034195,0
1034196,15
1034197,17
1034198,0
1034199,0
1034200,0
1034201,0
1034202,6
1034203,0
1034204,0
1034205,0
1034206,0
1034207,0
1034208,0
1034209,0
1034210,0
1034211,16
1034212,16
1034213,14
1034214,0
1034215,0
1034216,0
1034217,0
1034218,14
1034219,0
1034220,11
1034221,0
1034222,10
1034223,0
1034224,17
1034225,0
1034226,0
1034227,0
1034228,0
1034229,0
1034230,27
1034231,0
1034232,0
1034233,0
1034234,10
1034235,0
1034236,13
1034237,0
1034238,0
1034239,0
1034240,0
1034241,0
1034242,0
1034243,0
1034244,19
1034245,0
1034246,0
1034247,0
1034248,0
1034249,7
1034250,0
1034251,0
1034252,0
1034253,18
1034254,0
1034255,12
1034256,0
1034257,0
1034258,0
1034259,0
1034260,0
1034261,0
1034262,0
1034263,12
1034264,0
1034265,0
1034266,0
1034267,0
1034268,0
1034269,0
1034270,0
1034271,0
1034272,0
1034273,0
1034274,0
1034275,0
1034276,10
1034277,0
1034278,0
1034279,0
1034280,0
1034281,0
1034282,0
1034283,0
1034284,0
1034285,0
1034286,0
1034287,0
1034288,0
1034289,15
1034290,0
1034291,17
1034292,7
1034293,0
1034294,17
1034295,0
1034296,8
1034297,0
1034298,0
1034299,13
1034300,0
1034301,0
1034302,0
1034303,7
1034304,0
1034305,9
1034306,0
1034307,10
1034308,0
1034309,8
1034310,15
1034311,9
1034312,0
1034313,0
1034314,0
1034315,6
1034316,0
1034317,0
1034318,13
1034319,0
1034320,20
1034321,0
1034322,0
1034323,20
1034324,18
1034325,8
1034326,0
1034327,12
1034328,0
1034329,10
1034330,10
1034331,11
1034332,0
1034333,0
1034334,0
1034335,0
1034336,0
1034337,15
1034338,0
1034339,0
1034340,0
1034341,10
1034342,13
1034343,0
1034344,0
1034345,0
1034346,0
1034347,0
1034348,16
1034349,0
1034350,0
1034351,19
1034352,0
1034353,9
1034354,0
1034355,0
1034356,0
1034357,0
1034358,0
1034359,0
1034360,0
1034361,0
1034362,0
1034363,0
1034364,0
1034365,0
1034366,0
1034367,11
1034368,0
1034369,12
1034370,0
1034371,0
1034372,0
1034373,0
1034374,15
1034375,0
1034376,11
1034377,0
1034378,0
1034379,0
1034380,16
1034381,0
1034382,0
1034383,0
1034384,0
1034385,0
1034386,0
1034387,19
1034388,0
1034389,0
1034390,0
1034391,0
1034392,0
1034393,0
1034394,0
1034395,3
1034396,0
1034397,0
1034398,0
1034399,0
1034400,0
1034401,0
1034402,0
1034403,0
1034404,14
1034405,0
1034406,0
1034407,12
1034408,0
1034409,0
1034410,0
1034411,0
1034412,0
1034413,0
1034414,11
1034415,13
1034416,0
1034417,13
1034418,0
1034419,11
1034420,0
1034421,0
1034422,8
1034423,10
1034424,11
1034425,12
1034426,0
1034427,0
1034428,0
1034429,0
1034430,0
1034431,13
1034432,0
1034433,0
1034434,0
1034435,0
1034436,0
1034437,13
1034438,0
1034439,0
1034440,0
1034441,0
1034442,0
1034443,0
1034444,14
1034445,0
1034446,0
1034447,0
1034448,0
1034449,0
1034450,0
1034451,0
1034452,0
1034453,0
1034454,0
1034455,0
1034456,0
1034457,3
1034458,0
1034459,0
1034460,0
1034461,15
1034462,13
1034463,0
1034464,0
1034465,9
1034466,0
1034467,10
1034468,0
1034469,0
1034470,0
1034471,0
1034472,0
1034473,0
1034474,21
1034475,0
1034476,0
1034477,0
1034478,0
1034479,0
1034480,12
1034481,0
1034482,0
1034483,0
1034484,22
1034485,18
1034486,0
1034487,0
1034488,0
1034489,0
1034490,9
1034491,0
1034492,0
1034493,0
1034494,0
1034495,0
1034496,0
1034497,0
1034498,9
1034499,0
1034500,0
1034501,0
1034502,0
1034503,0
1034504,0
1034505,12
1034506,0
1034507,0
1034508,0
1034509,10
1034510,0
1034511,0
1034512,19
1034513,13
1034514,0
1034515,0
1034516,0
1034517,14
1034518,0
1034519,0
1034520,0
1034521,0
1034522,0
1034523,0
1034524,0
1034525,0
1034526,0
1034527,14
1034528,0
1034529,0
1034530,0
1034531,0
1034532,13
1034533,13
1034534,0
1034535,0
1034536,18
1034537,0
1034538,0
1034539,15
1034540,0
1034541,0
1034542,0
1034543,0
1034544,0
1034545,0
1034546,0
1034547,0
1034548,11
1034549,0
1034550,8
1034551,9
1034552,0
1034553,0
1034554,0
1034555,0
1034556,11
1034557,0
1034558,17
1034559,0
1034560,0
1034561,0
1034562,0
1034563,11
1034564,0
1034565,0
1034566,0
1034567,0
1034568,0
1034569,6
1034570,0
1034571,0
1034572,0
1034573,8
1034574,6
1034575,0
1034576,0
1034577,0
1034578,0
1034579,0
1034580,0
1034581,0
1034582,0
1034583,0
1034584,10
1034585,4
1034586,6
1034587,0
1034588,0
1034589,9
1034590,9
1034591,10
1034592,0
1034593,0
1034594,0
1034595,13
1034596,0
1034597,0
1034598,0
1034599,0
1034600,9
1034601,15
1034602,12
1034603,5
1034604,0
1034605,0
1034606,0
1034607,0
1034608,0
1034609,0
1034610,0
1034611,6
1034612,10
1034613,0
1034614,0
1034615,0
1034616,0
1034617,0
1034618,14
1034619,0
1034620,0
1034621,0
1034622,0
1034623,0
1034624,0
1034625,0
1034626,0
1034627,0
1034628,0
1034629,9
1034630,0
1034631,0
1034632,0
1034633,0
1034634,0
1034635,0
1034636,17
1034637,16
1034638,10
1034639,14
1034640,11
1034641,0
1034642,0
1034643,0
1034644,0
1034645,0
1034646,0
1034647,0
1034648,0
1034649,0
1034650,0
1034651,0
1034652,0
1034653,0
1034654,0
1034655,0
1034656,0
1034657,0
1034658,0
1034659,0
1034660,17
1034661,0
1034662,0
1034663,0
1034664,13
1034665,0
1034666,0
1034667,0
1034668,0
1034669,0
1034670,0
1034671,12
1034672,0
1034673,0
1034674,0
1034675,14
1034676,0
1034677,0
1034678,0
1034679,0
1034680,7
1034681,9
1034682,0
1034683,15
1034684,0
1034685,0
1034686,0
1034687,0
1034688,0
1034689,0
1034690,0
1034691,0
1034692,0
1034693,0
1034694,0
1034695,0
1034696,0
1034697,0
1034698,0
1034699,0
1034700,0
1034701,9
1034702,0
1034703,0
1034704,0
1034705,0
1034706,14
1034707,0
1034708,0
1034709,11
1034710,0
1034711,0
1034712,0
1034713,0
1034714,0
1034715,0
1034716,0
1034717,0
1034718,0
1034719,0
1034720,0
1034721,0
1034722,0
1034723,0
1034724,17
1034725,0
1034726,0
1034727,0
1034728,0
1034729,0
1034730,0
1034731,0
1034732,0
1034733,0
1034734,0
1034735,0
1034736,0
1034737,0
1034738,0
1034739,0
1034740,0
1034741,0
1034742,0
1034743,0
1034744,0
1034745,14
1034746,0
1034747,0
1034748,13
1034749,15
1034750,18
1034751,0
1034752,0
1034753,0
1034754,0
1034755,0
1034756,11
1034757,0
1034758,0
1034759,0
1034760,18
1034761,0
1034762,0
1034763,11
1034764,0
1034765,0
1034766,0
1034767,0
1034768,0
1034769,0
1034770,0
1034771,0
1034772,0
1034773,0
1034774,0
1034775,12
1034776,0
1034777,0
1034778,0
1034779,0
1034780,0
1034781,0
1034782,0
1034783,12
1034784,0
1034785,0
1034786,0
1034787,0
1034788,0
1034789,9
1034790,0
1034791,0
1034792,0
1034793,10
1034794,0
1034795,0
1034796,17
1034797,13
1034798,18
1034799,9
1034800,0
1034801,0
1034802,0
1034803,0
1034804,0
1034805,0
1034806,9
1034807,0
1034808,18
1034809,0
1034810,0
1034811,13
1034812,0
1034813,0
1034814,0
1034815,0
1034816,0
1034817,0
1034818,0
1034819,0
1034820,0
1034821,0
1034822,0
1034823,0
1034824,0
1034825,0
1034826,0
1034827,0
1034828,0
1034829,0
1034830,0
1034831,0
1034832,0
1034833,0
1034834,0
1034835,0
1034836,9
1034837,0
1034838,0
1034839,7
1034840,0
1034841,0
1034842,13
1034843,0
1034844,0
1034845,0
1034846,0
1034847,10
1034848,0
1034849,0
1034850,0
1034851,0
1034852,0
1034853,0
1034854,0
1034855,0
1034856,0
1034857,0
1034858,0
1034859,0
1034860,0
1034861,0
1034862,0
1034863,5
1034864,0
1034865,0
1034866,0
1034867,14
1034868,0
1034869,10
1034870,9
1034871,0
1034872,0
1034873,7
1034874,0
1034875,0
1034876,0
1034877,14
1034878,0
1034879,0
1034880,15
1034881,13
1034882,0
1034883,0
1034884,11
1034885,0
1034886,0
1034887,0
1034888,15
1034889,0
1034890,5
1034891,0
1034892,0
1034893,0
1034894,6
1034895,9
1034896,0
1034897,0
1034898,0
1034899,0
1034900,0
1034901,0
1034902,13
1034903,0
1034904,0
1034905,0
1034906,0
1034907,0
1034908,14
1034909,15
1034910,0
1034911,0
1034912,0
1034913,0
1034914,0
1034915,0
1034916,0
1034917,0
1034918,14
1034919,0
1034920,0
1034921,0
1034922,19
1034923,0
1034924,0
1034925,14
1034926,0
1034927,0
1034928,11
1034929,15
1034930,11
1034931,0
1034932,0
1034933,0
1034934,0
1034935,10
1034936,0
1034937,0
1034938,0
1034939,0
1034940,0
1034941,0
1034942,10
1034943,0
1034944,0
1034945,16
1034946,0
1034947,0
1034948,0
1034949,19
1034950,0
1034951,2
1034952,0
1034953,0
1034954,0
1034955,0
1034956,0
1034957,12
1034958,0
1034959,10
1034960,0
1034961,0
1034962,10
1034963,0
1034964,0
1034965,0
1034966,0
1034967,0
1034968,0
1034969,0
1034970,0
1034971,0
1034972,13
1034973,0
1034974,0
1034975,0
1034976,0
1034977,0
1034978,0
1034979,0
1034980,0
1034981,0
1034982,0
1034983,0
1034984,0
1034985,0
1034986,0
1034987,0
1034988,0
1034989,0
1034990,0
1034991,0
1034992,0
1034993,0
1034994,0
1034995,0
1034996,0
1034997,0
1034998,0
1034999,0
1035000,0
1035001,0
1035002,0
1035003,0
1035004,0
1035005,0
1035006,0
1035007,0
1035008,0
1035009,0
1035010,0
1035011,0
1035012,0
1035013,0
1035014,0
1035015,0
1035016,0
1035017,0
1035018,0
1035019,0
1035020,0
1035021,0
1035022,0
1035023,0
1035024,0
1035025,0
1035026,0
1035027,0
1035028,0
1035029,0
1035030,0
1035031,0
1035032,0
1035033,0
1035034,0
1035035,0
1035036,0
1035037,0
1035038,0
1035039,0
1035040,1
1035041,0
1035042,0
1035043,0
1035044,0
1035045,0
1035046,0
1035047,0
1035048,0
1035049,0
1035050,0
1035051,0
1035052,0
1035053,0
1035054,0
1035055,0
1035056,0
1035057,0
1035058,0
1035059,0
1035060,0
1035061,0
1035062,0
1035063,0
1035064,0
1035065,0
1035066,0
1035067,0
1035068,0
1035069,0
1035070,7
1035071,0
1035072,0
1035073,0
1035074,13
1035075,0
1035076,9
1035077,17
1035078,0
1035079,0
1035080,0
1035081,0
1035082,0
1035083,0
1035084,0
1035085,0
1035086,11
1035087,0
1035088,0
1035089,0
1035090,13
1035091,0
1035092,0
1035093,10
1035094,0
1035095,15
1035096,0
1035097,14
1035098,0
1035099,0
1035100,0
1035101,0
1035102,0
1035103,0
1035104,15
1035105,0
1035106,0
1035107,0
1035108,0
1035109,12
1035110,14
1035111,8
1035112,14
1035113,12
1035114,0
1035115,0
1035116,0
1035117,15
1035118,0
1035119,0
1035120,0
1035121,0
1035122,0
1035123,0
1035124,0
1035125,13
1035126,12
1035127,0
1035128,0
1035129,0
1035130,0
1035131,15
1035132,0
1035133,11
1035134,0
1035135,0
1035136,0
1035137,0
1035138,0
1035139,0
1035140,13
1035141,13
1035142,0
1035143,0
1035144,0
1035145,0
1035146,8
1035147,0
1035148,0
1035149,0
1035150,0
1035151,0
1035152,0
1035153,0
1035154,0
1035155,0
1035156,0
1035157,0
1035158,0
1035159,0
1035160,0
1035161,0
1035162,0
1035163,0
1035164,0
1035165,0
1035166,0
1035167,0
1035168,0
1035169,16
1035170,0
1035171,0
1035172,0
1035173,15
1035174,0
1035175,10
1035176,0
1035177,0
1035178,0
1035179,0
1035180,0
1035181,13
1035182,0
1035183,0
1035184,0
1035185,13
1035186,11
1035187,9
1035188,0
1035189,18
1035190,0
1035191,0
1035192,0
1035193,0
1035194,0
1035195,0
1035196,0
1035197,0
1035198,0
1035199,15
1035200,15
1035201,0
1035202,0
1035203,0
1035204,23
1035205,13
1035206,0
1035207,0
1035208,0
1035209,0
1035210,0
1035211,0
1035212,0
1035213,0
1035214,22
1035215,0
1035216,0
1035217,23
1035218,0
1035219,17
1035220,0
1035221,0
1035222,13
1035223,0
1035224,8
1035225,0
1035226,0
1035227,14
1035228,0
1035229,0
1035230,20
1035231,7
1035232,0
1035233,0
1035234,26
1035235,16
1035236,0
1035237,0
1035238,0
1035239,16
1035240,0
1035241,0
1035242,16
1035243,10
1035244,0
1035245,0
1035246,0
1035247,0
1035248,0
1035249,23
1035250,0
1035251,12
1035252,0
1035253,8
1035254,14
1035255,0
1035256,0
1035257,0
1035258,0
1035259,0
1035260,0
1035261,15
1035262,0
1035263,0
1035264,17
1035265,0
1035266,0
1035267,0
1035268,0
1035269,0
1035270,0
1035271,0
1035272,0
1035273,0
1035274,0
1035275,0
1035276,0
1035277,0
1035278,22
1035279,0
1035280,0
1035281,0
1035282,11
1035283,0
1035284,0
1035285,12
1035286,0
1035287,0
1035288,0
1035289,0
1035290,0
1035291,0
1035292,0
1035293,0
1035294,25
1035295,0
1035296,10
1035297,16
1035298,0
1035299,21
1035300,0
1035301,0
1035302,11
1035303,0
1035304,0
1035305,0
1035306,0
1035307,0
1035308,0
1035309,20
1035310,0
1035311,0
1035312,14
1035313,22
1035314,0
1035315,10
1035316,0
1035317,0
1035318,10
1035319,20
1035320,0
1035321,0
1035322,0
1035323,16
1035324,0
1035325,12
1035326,0
1035327,11
1035328,0
1035329,12
1035330,0
1035331,0
1035332,0
1035333,0
1035334,0
1035335,0
1035336,0
1035337,0
1035338,0
1035339,0
1035340,16
1035341,0
1035342,0
1035343,0
1035344,0
1035345,12
1035346,0
1035347,9
1035348,0
1035349,0
1035350,0
1035351,15
1035352,0
1035353,0
1035354,0
1035355,0
1035356,12
1035357,0
1035358,0
1035359,0
1035360,0
1035361,0
1035362,16
1035363,0
1035364,0
1035365,0
1035366,0
1035367,9
1035368,0
1035369,0
1035370,0
1035371,0
1035372,10
1035373,0
1035374,16
1035375,13
1035376,0
1035377,0
1035378,18
1035379,0
1035380,10
1035381,14
1035382,0
1035383,14
1035384,11
1035385,0
1035386,14
1035387,0
1035388,0
1035389,0
1035390,0
1035391,0
1035392,15
1035393,15
1035394,21
1035395,9
1035396,0
1035397,0
1035398,0
1035399,0
1035400,0
1035401,0
1035402,0
1035403,8
1035404,17
1035405,0
1035406,0
1035407,0
1035408,0
1035409,0
1035410,14
1035411,12
1035412,0
1035413,0
1035414,0
1035415,0
1035416,11
1035417,0
1035418,22
1035419,0
1035420,12
1035421,0
1035422,0
1035423,13
1035424,0
1035425,14
1035426,19
1035427,0
1035428,0
1035429,0
1035430,0
1035431,0
1035432,13
1035433,0
1035434,12
1035435,0
1035436,0
1035437,17
1035438,0
1035439,0
1035440,0
1035441,0
1035442,0
1035443,0
1035444,15
1035445,14
1035446,0
1035447,0
1035448,0
1035449,0
1035450,0
1035451,0
1035452,0
1035453,0
1035454,0
1035455,0
1035456,0
1035457,0
1035458,0
1035459,0
1035460,0
1035461,0
1035462,0
1035463,0
1035464,0
1035465,0
1035466,0
1035467,14
1035468,0
1035469,0
1035470,0
1035471,0
1035472,18
1035473,0
1035474,0
1035475,0
1035476,12
1035477,0
1035478,0
1035479,0
1035480,0
1035481,0
1035482,0
1035483,0
1035484,0
1035485,0
1035486,0
1035487,0
1035488,10
1035489,0
1035490,0
1035491,0
1035492,19
1035493,0
1035494,0
1035495,0
1035496,0
1035497,0
1035498,0
1035499,0
1035500,0
1035501,0
1035502,0
1035503,0
1035504,0
1035505,26
1035506,0
1035507,0
1035508,8
1035509,0
1035510,16
1035511,0
1035512,0
1035513,0
1035514,12
1035515,12
1035516,12
1035517,0
1035518,0
1035519,0
1035520,0
1035521,0
1035522,0
1035523,0
1035524,0
1035525,0
1035526,17
1035527,0
1035528,0
1035529,10
1035530,0
1035531,0
1035532,0
1035533,0
1035534,0
1035535,0
1035536,0
1035537,0
1035538,0
1035539,16
1035540,0
1035541,0
1035542,0
1035543,0
1035544,0
1035545,0
1035546,0
1035547,12
1035548,0
1035549,0
1035550,0
1035551,0
1035552,0
1035553,0
1035554,0
1035555,10
1035556,0
1035557,0
1035558,0
1035559,12
1035560,0
1035561,0
1035562,0
1035563,0
1035564,0
1035565,10
1035566,0
1035567,0
1035568,13
1035569,0
1035570,0
1035571,0
1035572,0
1035573,0
1035574,0
1035575,0
1035576,0
1035577,0
1035578,12
1035579,0
1035580,0
1035581,9
1035582,0
1035583,0
1035584,19
1035585,0
1035586,0
1035587,9
1035588,0
1035589,0
1035590,0
1035591,0
1035592,0
1035593,0
1035594,0
1035595,0
1035596,0
1035597,0
1035598,0
1035599,0
1035600,14
1035601,0
1035602,10
1035603,0
1035604,0
1035605,0
1035606,11
1035607,16
1035608,16
1035609,15
1035610,7
1035611,0
1035612,16
1035613,0
1035614,0
1035615,0
1035616,0
1035617,0
1035618,0
1035619,21
1035620,0
1035621,0
1035622,0
1035623,10
1035624,22
1035625,0
1035626,0
1035627,0
1035628,0
1035629,20
1035630,0
1035631,0
1035632,0
1035633,0
1035634,0
1035635,0
1035636,0
1035637,0
1035638,0
1035639,0
1035640,10
1035641,0
1035642,0
1035643,0
1035644,0
1035645,0
1035646,24
1035647,0
1035648,22
1035649,0
1035650,0
1035651,0
1035652,0
1035653,13
1035654,0
1035655,19
1035656,0
1035657,0
1035658,13
1035659,0
1035660,0
1035661,0
1035662,0
1035663,0
1035664,0
1035665,0
1035666,0
1035667,16
1035668,0
1035669,0
1035670,0
1035671,6
1035672,0
1035673,6
1035674,0
1035675,0
1035676,0
1035677,0
1035678,0
1035679,0
1035680,24
1035681,0
1035682,0
1035683,15
1035684,0
1035685,9
1035686,0
1035687,0
1035688,5
1035689,0
1035690,12
1035691,0
1035692,0
1035693,0
1035694,9
1035695,15
1035696,0
1035697,0
1035698,15
1035699,0
1035700,0
1035701,0
1035702,23
1035703,0
1035704,0
1035705,0
1035706,0
1035707,0
1035708,0
1035709,0
1035710,21
1035711,0
1035712,0
1035713,0
1035714,0
1035715,0
1035716,0
1035717,0
1035718,17
1035719,0
1035720,0
1035721,0
1035722,0
1035723,0
1035724,0
1035725,0
1035726,14
1035727,0
1035728,0
1035729,9
1035730,0
1035731,0
1035732,0
1035733,0
1035734,0
1035735,0
1035736,0
1035737,0
1035738,0
1035739,0
1035740,0
1035741,0
1035742,0
1035743,0
1035744,0
1035745,13
1035746,0
1035747,0
1035748,0
1035749,0
1035750,0
1035751,0
1035752,0
1035753,0
1035754,0
1035755,0
1035756,0
1035757,15
1035758,0
1035759,0
1035760,0
1035761,0
1035762,0
1035763,0
1035764,33
1035765,0
1035766,0
1035767,8
1035768,20
1035769,0
1035770,0
1035771,0
1035772,0
1035773,0
1035774,15
1035775,0
1035776,0
1035777,0
1035778,0
1035779,0
1035780,0
1035781,0
1035782,0
1035783,0
1035784,0
1035785,0
1035786,11
1035787,0
1035788,0
1035789,0
1035790,0
1035791,0
1035792,0
1035793,0
1035794,0
1035795,0
1035796,0
1035797,0
1035798,0
1035799,0
1035800,0
1035801,14
1035802,0
1035803,0
1035804,0
1035805,0
1035806,0
1035807,0
1035808,0
1035809,0
1035810,0
1035811,0
1035812,0
1035813,0
1035814,17
1035815,13
1035816,13
1035817,15
1035818,11
1035819,0
1035820,0
1035821,0
1035822,18
1035823,0
1035824,0
1035825,17
1035826,0
1035827,12
1035828,11
1035829,0
1035830,0
1035831,0
1035832,0
1035833,0
1035834,0
1035835,0
1035836,21
1035837,16
1035838,0
1035839,0
1035840,21
1035841,13
1035842,0
1035843,0
1035844,0
1035845,0
1035846,0
1035847,13
1035848,19
1035849,0
1035850,0
1035851,14
1035852,0
1035853,0
1035854,15
1035855,0
1035856,13
1035857,0
1035858,17
1035859,0
1035860,0
1035861,0
1035862,0
1035863,0
1035864,0
1035865,0
1035866,0
1035867,0
1035868,0
1035869,0
1035870,0
1035871,0
1035872,0
1035873,0
1035874,0
1035875,12
1035876,0
1035877,13
1035878,0
1035879,0
1035880,13
1035881,0
1035882,0
1035883,13
1035884,0
1035885,0
1035886,15
1035887,0
1035888,18
1035889,15
1035890,0
1035891,15
1035892,0
1035893,0
1035894,0
1035895,0
1035896,0
1035897,0
1035898,0
1035899,0
1035900,0
1035901,0
1035902,0
1035903,0
1035904,18
1035905,0
1035906,0
1035907,0
1035908,0
1035909,0
1035910,11
1035911,8
1035912,0
1035913,0
1035914,0
1035915,0
1035916,0
1035917,0
1035918,9
1035919,0
1035920,0
1035921,0
1035922,0
1035923,0
1035924,0
1035925,0
1035926,0
1035927,0
1035928,0
1035929,0
1035930,0
1035931,0
1035932,8
1035933,0
1035934,16
1035935,22
1035936,0
1035937,0
1035938,0
1035939,19
1035940,0
1035941,0
1035942,0
1035943,0
1035944,15
1035945,0
1035946,0
1035947,16
1035948,0
1035949,0
1035950,0
1035951,0
1035952,0
1035953,11
1035954,0
1035955,0
1035956,26
1035957,0
1035958,0
1035959,0
1035960,0
1035961,0
1035962,0
1035963,0
1035964,0
1035965,0
1035966,0
1035967,0
1035968,28
1035969,0
1035970,0
1035971,0
1035972,0
1035973,0
1035974,20
1035975,0
1035976,0
1035977,0
1035978,0
1035979,0
1035980,28
1035981,0
1035982,0
1035983,33
1035984,0
1035985,0
1035986,45
1035987,0
1035988,0
1035989,0
1035990,0
1035991,0
1035992,0
1035993,0
1035994,44
1035995,0
1035996,0
1035997,0
1035998,0
1035999,0
1036000,0
1036001,0
1036002,0
1036003,0
1036004,0
1036005,0
1036006,0
1036007,0
1036008,0
1036009,0
1036010,0
1036011,34
1036012,0
1036013,0
1036014,0
1036015,0
1036016,0
1036017,0
1036018,0
1036019,0
1036020,0
1036021,0
1036022,0
1036023,27
1036024,0
1036025,0
1036026,43
1036027,0
1036028,0
1036029,0
1036030,0
1036031,0
1036032,0
1036033,0
1036034,0
1036035,40
1036036,0
1036037,0
1036038,37
1036039,0
1036040,0
1036041,0
1036042,0
1036043,0
1036044,0
1036045,0
1036046,0
1036047,0
1036048,0
1036049,0
1036050,38
1036051,0
1036052,0
1036053,0
1036054,0
1036055,32
1036056,0
1036057,0
1036058,0
1036059,0
1036060,0
1036061,0
1036062,0
1036063,0
1036064,0
1036065,0
1036066,0
1036067,0
1036068,0
1036069,0
1036070,0
1036071,0
1036072,0
1036073,0
1036074,33
1036075,0
1036076,0
1036077,0
1036078,0
1036079,0
1036080,0
1036081,0
1036082,0
1036083,0
1036084,0
1036085,0
1036086,0
1036087,0
1036088,0
1036089,0
1036090,30
1036091,0
1036092,0
1036093,0
1036094,0
1036095,0
1036096,0
1036097,0
1036098,0
1036099,0
1036100,34
1036101,0
1036102,37
1036103,0
1036104,0
1036105,34
1036106,0
1036107,34
1036108,0
1036109,0
1036110,0
1036111,0
1036112,0
1036113,0
1036114,0
1036115,0
1036116,0
1036117,0
1036118,0
1036119,0
1036120,21
1036121,0
1036122,0
1036123,0
1036124,0
1036125,27
1036126,0
1036127,0
1036128,0
1036129,0
1036130,21
1036131,0
1036132,37
1036133,0
1036134,0
1036135,0
1036136,0
1036137,0
1036138,0
1036139,0
1036140,26
1036141,0
1036142,0
1036143,0
1036144,0
1036145,0
1036146,0
1036147,0
1036148,0
1036149,0
1036150,0
1036151,0
1036152,0
1036153,24
1036154,0
1036155,33
1036156,0
1036157,0
1036158,26
1036159,0
1036160,0
1036161,0
1036162,0
1036163,0
1036164,0
1036165,0
1036166,0
1036167,0
1036168,0
1036169,0
1036170,0
1036171,0
1036172,0
1036173,0
1036174,0
1036175,0
1036176,0
1036177,0
1036178,30
1036179,0
1036180,0
1036181,0
1036182,0
1036183,0
1036184,0
1036185,0
1036186,0
1036187,0
1036188,32
1036189,0
1036190,0
1036191,33
1036192,17
1036193,0
1036194,0
1036195,28
1036196,0
1036197,0
1036198,0
1036199,31
1036200,0
1036201,0
1036202,0
1036203,0
1036204,0
1036205,0
1036206,0
1036207,0
1036208,31
1036209,0
1036210,0
1036211,0
1036212,0
1036213,0
1036214,0
1036215,0
1036216,0
1036217,0
1036218,0
1036219,0
1036220,0
1036221,0
1036222,23
1036223,0
1036224,0
1036225,0
1036226,0
1036227,39
1036228,0
1036229,0
1036230,0
1036231,0
1036232,0
1036233,0
1036234,0
1036235,0
1036236,0
1036237,0
1036238,0
1036239,0
1036240,0
1036241,29
1036242,0
1036243,0
1036244,0
1036245,0
1036246,24
1036247,45
1036248,26
1036249,0
1036250,0
1036251,0
1036252,35
1036253,0
1036254,0
1036255,23
1036256,0
1036257,0
1036258,0
1036259,0
1036260,0
1036261,0
1036262,38
1036263,0
1036264,0
1036265,0
1036266,26
1036267,0
1036268,0
1036269,0
1036270,38
1036271,0
1036272,0
1036273,27
1036274,0
1036275,0
1036276,0
1036277,0
1036278,0
1036279,0
1036280,0
1036281,32
1036282,0
1036283,0
1036284,0
1036285,0
1036286,0
1036287,0
1036288,0
1036289,0
1036290,0
1036291,0
1036292,0
1036293,0
1036294,0
1036295,0
1036296,25
1036297,0
1036298,44
1036299,21
1036300,0
1036301,0
1036302,0
1036303,0
1036304,21
1036305,0
1036306,0
1036307,0
1036308,0
1036309,0
1036310,0
1036311,0
1036312,0
1036313,0
1036314,0
1036315,0
1036316,0
1036317,24
1036318,0
1036319,0
1036320,0
1036321,0
1036322,0
1036323,0
1036324,0
1036325,0
1036326,0
1036327,0
1036328,0
1036329,0
1036330,0
1036331,30
1036332,0
1036333,0
1036334,0
1036335,0
1036336,0
1036337,0
1036338,0
1036339,0
1036340,0
1036341,0
1036342,0
1036343,0
1036344,0
1036345,0
1036346,17
1036347,0
1036348,23
1036349,38
1036350,16
1036351,0
1036352,0
1036353,0
1036354,0
1036355,24
1036356,0
1036357,0
1036358,0
1036359,0
1036360,0
1036361,0
1036362,0
1036363,0
1036364,26
1036365,34
1036366,0
1036367,0
1036368,0
1036369,27
1036370,0
1036371,0
1036372,16
1036373,0
1036374,0
1036375,29
1036376,0
1036377,0
1036378,0
1036379,0
1036380,9
1036381,0
1036382,0
1036383,0
1036384,0
1036385,0
1036386,0
1036387,0
1036388,10
1036389,0
1036390,0
1036391,24
1036392,0
1036393,0
1036394,0
1036395,0
1036396,0
1036397,0
1036398,0
1036399,0
1036400,0
1036401,0
1036402,28
1036403,0
1036404,0
1036405,0
1036406,0
1036407,0
1036408,0
1036409,0
1036410,0
1036411,0
1036412,0
1036413,0
1036414,0
1036415,0
1036416,0
1036417,0
1036418,0
1036419,16
1036420,0
1036421,0
1036422,0
1036423,31
1036424,0
1036425,0
1036426,0
1036427,0
1036428,0
1036429,21
1036430,0
1036431,0
1036432,0
1036433,0
1036434,0
1036435,0
1036436,0
1036437,29
1036438,0
1036439,0
1036440,0
1036441,0
1036442,31
1036443,0
1036444,0
1036445,15
1036446,17
1036447,22
1036448,20
1036449,0
1036450,0
1036451,0
1036452,0
1036453,0
1036454,0
1036455,0
1036456,0
1036457,0
1036458,0
1036459,0
1036460,0
1036461,0
1036462,0
1036463,0
1036464,0
1036465,0
1036466,23
1036467,0
1036468,17
1036469,0
1036470,24
1036471,0
1036472,0
1036473,0
1036474,24
1036475,0
1036476,13
1036477,0
1036478,0
1036479,0
1036480,0
1036481,0
1036482,0
1036483,0
1036484,0
1036485,15
1036486,30
1036487,0
1036488,0
1036489,0
1036490,0
1036491,30
1036492,0
1036493,0
1036494,0
1036495,0
1036496,0
1036497,0
1036498,0
1036499,0
1036500,0
1036501,0
1036502,23
1036503,32
1036504,0
1036505,0
1036506,0
1036507,0
1036508,23
1036509,0
1036510,0
1036511,0
1036512,0
1036513,0
1036514,0
1036515,0
1036516,0
1036517,0
1036518,0
1036519,0
1036520,0
1036521,0
1036522,0
1036523,0
1036524,0
1036525,0
1036526,0
1036527,0
1036528,0
1036529,24
1036530,0
1036531,0
1036532,0
1036533,0
1036534,18
1036535,0
1036536,0
1036537,0
1036538,17
1036539,0
1036540,0
1036541,0
1036542,0
1036543,0
1036544,0
1036545,0
1036546,0
1036547,0
1036548,0
1036549,24
1036550,0
1036551,0
1036552,0
1036553,0
1036554,0
1036555,0
1036556,16
1036557,0
1036558,0
1036559,0
1036560,0
1036561,0
1036562,28
1036563,0
1036564,0
1036565,0
1036566,18
1036567,0
1036568,0
1036569,0
1036570,26
1036571,0
1036572,19
1036573,25
1036574,0
1036575,0
1036576,0
1036577,19
1036578,0
1036579,0
1036580,26
1036581,13
1036582,0
1036583,27
1036584,0
1036585,0
1036586,0
1036587,0
1036588,0
1036589,0
1036590,0
1036591,25
1036592,0
1036593,0
1036594,0
1036595,0
1036596,0
1036597,0
1036598,0
1036599,0
1036600,0
1036601,0
1036602,0
1036603,0
1036604,19
1036605,0
1036606,0
1036607,0
1036608,27
1036609,0
1036610,0
1036611,0
1036612,0
1036613,29
1036614,0
1036615,0
1036616,0
1036617,0
1036618,0
1036619,18
1036620,21
1036621,0
1036622,0
1036623,0
1036624,20
1036625,0
1036626,0
1036627,0
1036628,0
1036629,0
1036630,0
1036631,16
1036632,0
1036633,0
1036634,0
1036635,0
1036636,34
1036637,0
1036638,0
1036639,33
1036640,18
1036641,0
1036642,0
1036643,0
1036644,0
1036645,18
1036646,0
1036647,0
1036648,0
1036649,0
1036650,0
1036651,0
1036652,28
1036653,0
1036654,0
1036655,0
1036656,22
1036657,0
1036658,0
1036659,0
1036660,26
1036661,11
1036662,20
1036663,0
1036664,0
1036665,0
1036666,0
1036667,0
1036668,0
1036669,0
1036670,0
1036671,24
1036672,0
1036673,26
1036674,0
1036675,14
1036676,0
1036677,36
1036678,0
1036679,0
1036680,0
1036681,0
1036682,0
1036683,0
1036684,0
1036685,0
1036686,0
1036687,0
1036688,0
1036689,0
1036690,0
1036691,13
1036692,0
1036693,0
1036694,0
1036695,0
1036696,0
1036697,0
1036698,0
1036699,0
1036700,15
1036701,0
1036702,0
1036703,0
1036704,0
1036705,0
1036706,0
1036707,0
1036708,0
1036709,0
1036710,0
1036711,0
1036712,0
1036713,0
1036714,0
1036715,0
1036716,0
1036717,0
1036718,0
1036719,0
1036720,16
1036721,0
1036722,37
1036723,0
1036724,0
1036725,23
1036726,4
1036727,0
1036728,0
1036729,0
1036730,0
1036731,0
1036732,0
1036733,0
1036734,0
1036735,0
1036736,0
1036737,0
1036738,0
1036739,19
1036740,0
1036741,0
1036742,0
1036743,0
1036744,0
1036745,0
1036746,0
1036747,0
1036748,0
1036749,0
1036750,0
1036751,0
1036752,0
1036753,0
1036754,0
1036755,0
1036756,0
1036757,15
1036758,0
1036759,0
1036760,0
1036761,0
1036762,0
1036763,0
1036764,0
1036765,0
1036766,16
1036767,0
1036768,0
1036769,0
1036770,0
1036771,0
1036772,0
1036773,0
1036774,0
1036775,0
1036776,0
1036777,0
1036778,0
1036779,0
1036780,27
1036781,0
1036782,0
1036783,0
1036784,0
1036785,0
1036786,0
1036787,0
1036788,0
1036789,0
1036790,0
1036791,32
1036792,0
1036793,0
1036794,0
1036795,0
1036796,0
1036797,21
1036798,20
1036799,0
1036800,19
1036801,0
1036802,0
1036803,28
1036804,0
1036805,0
1036806,0
1036807,0
1036808,24
1036809,17
1036810,0
1036811,0
1036812,0
1036813,0
1036814,0
1036815,0
1036816,0
1036817,0
1036818,0
1036819,0
1036820,0
1036821,16
1036822,0
1036823,0
1036824,20
1036825,28
1036826,0
1036827,41
1036828,0
1036829,0
1036830,20
1036831,0
1036832,0
1036833,11
1036834,31
1036835,0
1036836,26
1036837,0
1036838,32
1036839,0
1036840,0
1036841,0
1036842,0
1036843,0
1036844,0
1036845,0
1036846,0
1036847,0
1036848,0
1036849,0
1036850,0
1036851,0
1036852,0
1036853,0
1036854,0
1036855,0
1036856,0
1036857,22
1036858,0
1036859,30
1036860,0
1036861,0
1036862,0
1036863,0
1036864,0
1036865,0
1036866,18
1036867,20
1036868,0
1036869,37
1036870,16
1036871,0
1036872,0
1036873,0
1036874,0
1036875,0
1036876,0
1036877,0
1036878,0
1036879,0
1036880,0
1036881,0
1036882,0
1036883,0
1036884,0
1036885,0
1036886,0
1036887,36
1036888,0
1036889,26
1036890,0
1036891,0
1036892,31
1036893,0
1036894,0
1036895,0
1036896,24
1036897,0
1036898,0
1036899,0
1036900,0
1036901,0
1036902,30
1036903,0
1036904,0
1036905,0
1036906,0
1036907,0
1036908,0
1036909,21
1036910,0
1036911,0
1036912,0
1036913,0
1036914,0
1036915,0
1036916,0
1036917,0
1036918,0
1036919,0
1036920,0
1036921,0
1036922,0
1036923,0
1036924,0
1036925,0
1036926,0
1036927,0
1036928,0
1036929,0
1036930,0
1036931,0
1036932,0
1036933,0
1036934,28
1036935,0
1036936,0
1036937,0
1036938,0
1036939,0
1036940,0
1036941,0
1036942,0
1036943,0
1036944,15
1036945,0
1036946,29
1036947,0
1036948,0
1036949,28
1036950,0
1036951,0
1036952,0
1036953,0
1036954,0
1036955,0
1036956,0
1036957,0
1036958,0
1036959,0
1036960,0
1036961,0
1036962,20
1036963,12
1036964,0
1036965,0
1036966,0
1036967,0
1036968,0
1036969,0
1036970,0
1036971,0
1036972,14
1036973,0
1036974,0
1036975,25
1036976,0
1036977,0
1036978,25
1036979,0
1036980,0
1036981,0
1036982,0
1036983,0
1036984,0
1036985,0
1036986,18
1036987,0
1036988,0
1036989,0
1036990,0
1036991,0
1036992,0
1036993,23
1036994,0
1036995,0
1036996,0
1036997,0
1036998,0
1036999,0
1037000,0
1037001,0
1037002,0
1037003,0
1037004,0
1037005,0
1037006,0
1037007,0
1037008,0
1037009,0
1037010,0
1037011,14
1037012,0
1037013,13
1037014,0
1037015,0
1037016,18
1037017,0
1037018,17
1037019,0
1037020,0
1037021,0
1037022,18
1037023,0
1037024,0
1037025,0
1037026,0
1037027,0
1037028,0
1037029,0
1037030,0
1037031,0
1037032,0
1037033,0
1037034,0
1037035,29
1037036,19
1037037,0
1037038,0
1037039,0
1037040,0
1037041,0
1037042,35
1037043,0
1037044,0
1037045,0
1037046,0
1037047,31
1037048,0
1037049,0
1037050,0
1037051,0
1037052,0
1037053,0
1037054,0
1037055,0
1037056,0
1037057,36
1037058,21
1037059,19
1037060,31
1037061,0
1037062,0
1037063,22
1037064,0
1037065,0
1037066,0
1037067,0
1037068,0
1037069,0
1037070,0
1037071,0
1037072,0
1037073,0
1037074,34
1037075,0
1037076,40
1037077,0
1037078,0
1037079,0
1037080,0
1037081,14
1037082,0
1037083,0
1037084,0
1037085,0
1037086,22
1037087,0
1037088,0
1037089,27
1037090,0
1037091,0
1037092,0
1037093,0
1037094,4
1037095,0
1037096,0
1037097,25
1037098,0
1037099,17
1037100,22
1037101,27
1037102,0
1037103,0
1037104,19
1037105,0
1037106,0
1037107,0
1037108,0
1037109,0
1037110,0
1037111,0
1037112,22
1037113,20
1037114,31
1037115,0
1037116,0
1037117,0
1037118,0
1037119,0
1037120,0
1037121,0
1037122,0
1037123,0
1037124,12
1037125,0
1037126,0
1037127,0
1037128,0
1037129,35
1037130,0
1037131,0
1037132,0
1037133,0
1037134,17
1037135,0
1037136,0
1037137,0
1037138,0
1037139,21
1037140,0
1037141,0
1037142,0
1037143,0
1037144,20
1037145,0
1037146,0
1037147,0
1037148,0
1037149,0
1037150,30
1037151,0
1037152,28
1037153,27
1037154,0
1037155,0
1037156,0
1037157,0
1037158,0
1037159,0
1037160,0
1037161,0
1037162,0
1037163,0
1037164,0
1037165,0
1037166,0
1037167,0
1037168,0
1037169,0
1037170,0
1037171,0
1037172,0
1037173,0
1037174,16
1037175,0
1037176,0
1037177,0
1037178,37
1037179,0
1037180,0
1037181,0
1037182,0
1037183,0
1037184,0
1037185,0
1037186,0
1037187,0
1037188,0
1037189,23
1037190,0
1037191,39
1037192,29
1037193,0
1037194,0
1037195,0
1037196,16
1037197,0
1037198,0
1037199,0
1037200,0
1037201,0
1037202,0
1037203,0
1037204,0
1037205,0
1037206,0
1037207,0
1037208,0
1037209,0
1037210,0
1037211,0
1037212,0
1037213,36
1037214,0
1037215,0
1037216,0
1037217,28
1037218,0
1037219,0
1037220,0
1037221,0
1037222,0
1037223,0
1037224,21
1037225,0
1037226,0
1037227,19
1037228,0
1037229,20
1037230,0
1037231,0
1037232,0
1037233,0
1037234,0
1037235,0
1037236,0
1037237,0
1037238,0
1037239,0
1037240,30
1037241,0
1037242,0
1037243,0
1037244,0
1037245,21
1037246,0
1037247,0
1037248,0
1037249,0
1037250,0
1037251,0
1037252,32
1037253,0
1037254,44
1037255,0
1037256,0
1037257,0
1037258,0
1037259,22
1037260,0
1037261,0
1037262,0
1037263,39
1037264,0
1037265,22
1037266,23
1037267,0
1037268,34
1037269,0
1037270,0
1037271,0
1037272,0
1037273,0
1037274,0
1037275,47
1037276,41
1037277,0
1037278,0
1037279,0
1037280,0
1037281,0
1037282,29
1037283,0
1037284,30
1037285,23
1037286,0
1037287,0
1037288,0
1037289,0
1037290,0
1037291,0
1037292,0
1037293,0
1037294,0
1037295,0
1037296,0
1037297,0
1037298,0
1037299,32
1037300,0
1037301,0
1037302,0
1037303,0
1037304,0
1037305,0
1037306,27
1037307,0
1037308,0
1037309,0
1037310,0
1037311,0
1037312,0
1037313,0
1037314,31
1037315,0
1037316,0
1037317,0
1037318,0
1037319,0
1037320,34
1037321,38
1037322,0
1037323,0
1037324,0
1037325,0
1037326,0
1037327,0
1037328,0
1037329,0
1037330,19
1037331,15
1037332,0
1037333,0
1037334,0
1037335,0
1037336,35
1037337,0
1037338,0
1037339,0
1037340,0
1037341,0
1037342,37
1037343,0
1037344,0
1037345,21
1037346,19
1037347,0
1037348,24
1037349,0
1037350,0
1037351,0
1037352,0
1037353,0
1037354,0
1037355,0
1037356,0
1037357,0
1037358,29
1037359,0
1037360,0
1037361,0
1037362,0
1037363,0
1037364,0
1037365,28
1037366,0
1037367,0
1037368,0
1037369,0
1037370,0
1037371,0
1037372,0
1037373,35
1037374,0
1037375,0
1037376,21
1037377,0
1037378,0
1037379,0
1037380,0
1037381,0
1037382,0
1037383,0
1037384,0
1037385,0
1037386,0
1037387,35
1037388,20
1037389,27
1037390,0
1037391,0
1037392,0
1037393,23
1037394,43
1037395,0
1037396,0
1037397,0
1037398,0
1037399,0
1037400,0
1037401,0
1037402,0
1037403,0
1037404,0
1037405,0
1037406,0
1037407,0
1037408,0
1037409,0
1037410,0
1037411,26
1037412,0
1037413,0
1037414,0
1037415,0
1037416,0
1037417,0
1037418,0
1037419,43
1037420,35
1037421,0
1037422,0
1037423,29
1037424,37
1037425,0
1037426,0
1037427,0
1037428,0
1037429,38
1037430,0
1037431,0
1037432,25
1037433,0
1037434,0
1037435,0
1037436,0
1037437,0
1037438,0
1037439,0
1037440,13
1037441,0
1037442,0
1037443,0
1037444,0
1037445,0
1037446,0
1037447,0
1037448,24
1037449,0
1037450,18
1037451,33
1037452,0
1037453,35
1037454,0
1037455,0
1037456,0
1037457,0
1037458,0
1037459,0
1037460,0
1037461,0
1037462,0
1037463,0
1037464,0
1037465,0
1037466,0
1037467,0
1037468,0
1037469,0
1037470,0
1037471,0
1037472,0
1037473,0
1037474,0
1037475,0
1037476,0
1037477,0
1037478,0
1037479,0
1037480,17
1037481,0
1037482,0
1037483,0
1037484,0
1037485,0
1037486,0
1037487,0
1037488,0
1037489,0
1037490,0
1037491,0
1037492,0
1037493,0
1037494,21
1037495,0
1037496,0
1037497,27
1037498,0
1037499,0
1037500,0
1037501,0
1037502,57
1037503,38
1037504,0
1037505,0
1037506,0
1037507,0
1037508,0
1037509,30
1037510,0
1037511,0
1037512,0
1037513,0
1037514,0
1037515,0
1037516,0
1037517,0
1037518,0
1037519,0
1037520,0
1037521,0
1037522,34
1037523,0
1037524,0
1037525,36
1037526,0
1037527,0
1037528,0
1037529,0
1037530,0
1037531,0
1037532,0
1037533,0
1037534,0
1037535,27
1037536,0
1037537,0
1037538,0
1037539,0
1037540,0
1037541,25
1037542,0
1037543,0
1037544,0
1037545,0
1037546,0
1037547,0
1037548,0
1037549,0
1037550,0
1037551,0
1037552,0
1037553,23
1037554,16
1037555,0
1037556,0
1037557,18
1037558,29
1037559,0
1037560,0
1037561,24
1037562,20
1037563,0
1037564,0
1037565,0
1037566,0
1037567,0
1037568,34
1037569,0
1037570,0
1037571,43
1037572,41
1037573,0
1037574,0
1037575,30
1037576,0
1037577,0
1037578,0
1037579,0
1037580,0
1037581,0
1037582,0
1037583,0
1037584,0
1037585,19
1037586,0
1037587,15
1037588,0
1037589,0
1037590,0
1037591,0
1037592,0
1037593,0
1037594,0
1037595,24
1037596,0
1037597,0
1037598,0
1037599,41
1037600,0
1037601,0
1037602,0
1037603,0
1037604,0
1037605,21
1037606,0
1037607,0
1037608,0
1037609,0
1037610,34
1037611,0
1037612,0
1037613,0
1037614,25
1037615,0
1037616,0
1037617,22
1037618,0
1037619,0
1037620,0
1037621,0
1037622,25
1037623,32
1037624,0
1037625,0
1037626,27
1037627,0
1037628,34
1037629,0
1037630,0
1037631,0
1037632,0
1037633,0
1037634,0
1037635,0
1037636,0
1037637,0
1037638,23
1037639,0
1037640,0
1037641,0
1037642,0
1037643,0
1037644,0
1037645,0
1037646,0
1037647,0
1037648,0
1037649,0
1037650,0
1037651,0
1037652,0
1037653,0
1037654,0
1037655,0
1037656,0
1037657,24
1037658,0
1037659,0
1037660,0
1037661,0
1037662,0
1037663,0
1037664,0
1037665,0
1037666,0
1037667,0
1037668,0
1037669,0
1037670,26
1037671,0
1037672,0
1037673,0
1037674,0
1037675,0
1037676,0
1037677,0
1037678,0
1037679,0
1037680,0
1037681,23
1037682,20
1037683,0
1037684,21
1037685,0
1037686,0
1037687,0
1037688,0
1037689,0
1037690,0
1037691,17
1037692,28
1037693,0
1037694,0
1037695,0
1037696,0
1037697,0
1037698,0
1037699,0
1037700,0
1037701,0
1037702,0
1037703,32
1037704,0
1037705,0
1037706,0
1037707,0
1037708,0
1037709,0
1037710,0
1037711,0
1037712,0
1037713,0
1037714,27
1037715,0
1037716,0
1037717,0
1037718,36
1037719,0
1037720,0
1037721,0
1037722,0
1037723,0
1037724,0
1037725,0
1037726,0
1037727,36
1037728,22
1037729,0
1037730,0
1037731,0
1037732,14
1037733,35
1037734,0
1037735,27
1037736,0
1037737,0
1037738,0
1037739,22
1037740,0
1037741,0
1037742,0
1037743,0
1037744,0
1037745,18
1037746,0
1037747,0
1037748,32
1037749,0
1037750,19
1037751,23
1037752,38
1037753,0
1037754,0
1037755,0
1037756,0
1037757,31
1037758,29
1037759,0
1037760,0
1037761,0
1037762,0
1037763,40
1037764,0
1037765,0
1037766,0
1037767,23
1037768,0
1037769,0
1037770,28
1037771,0
1037772,0
1037773,0
1037774,0
1037775,32
1037776,0
1037777,0
1037778,18
1037779,0
1037780,0
1037781,0
1037782,29
1037783,0
1037784,48
1037785,0
1037786,35
1037787,0
1037788,26
1037789,0
1037790,32
1037791,40
1037792,0
1037793,36
1037794,0
1037795,0
1037796,0
1037797,0
1037798,29
1037799,28
1037800,28
1037801,0
1037802,19
1037803,0
1037804,0
1037805,0
1037806,0
1037807,34
1037808,0
1037809,0
1037810,0
1037811,0
1037812,0
1037813,0
1037814,0
1037815,0
1037816,0
1037817,40
1037818,0
1037819,0
1037820,0
1037821,0
1037822,0
1037823,0
1037824,19
1037825,0
1037826,0
1037827,37
1037828,33
1037829,0
1037830,0
1037831,0
1037832,0
1037833,0
1037834,0
1037835,32
1037836,0
1037837,0
1037838,30
1037839,46
1037840,0
1037841,19
1037842,0
1037843,0
1037844,0
1037845,0
1037846,37
1037847,28
1037848,28
1037849,0
1037850,0
1037851,0
1037852,0
1037853,46
1037854,0
1037855,20
1037856,0
1037857,0
1037858,0
1037859,0
1037860,32
1037861,0
1037862,0
1037863,0
1037864,27
1037865,0
1037866,0
1037867,0
1037868,0
1037869,0
1037870,26
1037871,0
1037872,0
1037873,0
1037874,0
1037875,0
1037876,0
1037877,0
1037878,0
1037879,0
1037880,0
1037881,0
1037882,30
1037883,0
1037884,0
1037885,0
1037886,0
1037887,0
1037888,0
1037889,0
1037890,0
1037891,0
1037892,0
1037893,0
1037894,0
1037895,0
1037896,0
1037897,0
1037898,32
1037899,0
1037900,0
1037901,36
1037902,0
1037903,22
1037904,0
1037905,0
1037906,21
1037907,0
1037908,33
1037909,0
1037910,0
1037911,0
1037912,30
1037913,30
1037914,0
1037915,0
1037916,0
1037917,0
1037918,0
1037919,27
1037920,0
1037921,0
1037922,0
1037923,0
1037924,22
1037925,0
1037926,0
1037927,0
1037928,0
1037929,22
1037930,0
1037931,0
1037932,0
1037933,0
1037934,0
1037935,0
1037936,39
1037937,39
1037938,31
1037939,0
1037940,39
1037941,0
1037942,0
1037943,0
1037944,0
1037945,0
1037946,0
1037947,0
1037948,0
1037949,0
1037950,22
1037951,0
1037952,34
1037953,0
1037954,0
1037955,0
1037956,0
1037957,0
1037958,0
1037959,0
1037960,20
1037961,0
1037962,0
1037963,0
1037964,0
1037965,0
1037966,0
1037967,0
1037968,0
1037969,29
1037970,0
1037971,25
1037972,36
1037973,0
1037974,0
1037975,0
1037976,0
1037977,15
1037978,0
1037979,0
1037980,0
1037981,0
1037982,0
1037983,0
1037984,0
1037985,0
1037986,0
1037987,26
1037988,0
1037989,41
1037990,0
1037991,31
1037992,25
1037993,0
1037994,0
1037995,37
1037996,27
1037997,33
1037998,0
1037999,0
1038000,0
1038001,0
1038002,0
1038003,30
1038004,0
1038005,0
1038006,0
1038007,0
1038008,0
1038009,0
1038010,0
1038011,25
1038012,46
1038013,0
1038014,0
1038015,0
1038016,25
1038017,0
1038018,31
1038019,23
1038020,0
1038021,0
1038022,23
1038023,28
1038024,0
1038025,0
1038026,0
1038027,0
1038028,0
1038029,0
1038030,22
1038031,0
1038032,0
1038033,0
1038034,42
1038035,0
1038036,23
1038037,0
1038038,0
1038039,26
1038040,0
1038041,0
1038042,0
1038043,0
1038044,0
1038045,0
1038046,0
1038047,0
1038048,0
1038049,0
1038050,0
1038051,0
1038052,30
1038053,0
1038054,0
1038055,0
1038056,0
1038057,0
1038058,0
1038059,42
1038060,0
1038061,0
1038062,0
1038063,39
1038064,32
1038065,0
1038066,0
1038067,24
1038068,0
1038069,0
1038070,0
1038071,0
1038072,0
1038073,38
1038074,0
1038075,0
1038076,0
1038077,0
1038078,0
1038079,0
1038080,65
1038081,0
1038082,44
1038083,0
1038084,37
1038085,0
1038086,0
1038087,0
1038088,0
1038089,0
1038090,0
1038091,0
1038092,0
1038093,0
1038094,40
1038095,0
1038096,0
1038097,0
1038098,0
1038099,0
1038100,0
1038101,0
1038102,0
1038103,0
1038104,0
1038105,0
1038106,55
1038107,0
1038108,0
1038109,0
1038110,60
1038111,40
1038112,0
1038113,45
1038114,0
1038115,0
1038116,0
1038117,0
1038118,0
1038119,0
1038120,0
1038121,0
1038122,51
1038123,0
1038124,0
1038125,31
1038126,0
1038127,0
1038128,0
1038129,0
1038130,0
1038131,0
1038132,0
1038133,0
1038134,0
1038135,46
1038136,0
1038137,46
1038138,0
1038139,0
1038140,41
1038141,37
1038142,0
1038143,0
1038144,0
1038145,34
1038146,0
1038147,0
1038148,0
1038149,37
1038150,18
1038151,0
1038152,0
1038153,34
1038154,51
1038155,0
1038156,0
1038157,0
1038158,0
1038159,0
1038160,0
1038161,32
1038162,0
1038163,0
1038164,0
1038165,53
1038166,28
1038167,0
1038168,0
1038169,0
1038170,0
1038171,0
1038172,0
1038173,0
1038174,0
1038175,0
1038176,0
1038177,0
1038178,0
1038179,0
1038180,0
1038181,0
1038182,0
1038183,0
1038184,32
1038185,0
1038186,27
1038187,0
1038188,0
1038189,0
1038190,0
1038191,0
1038192,34
1038193,0
1038194,0
1038195,0
1038196,0
1038197,34
1038198,46
1038199,0
1038200,0
1038201,0
1038202,0
1038203,0
1038204,40
1038205,0
1038206,0
1038207,0
1038208,0
1038209,0
1038210,0
1038211,0
1038212,39
1038213,0
1038214,0
1038215,0
1038216,0
1038217,0
1038218,60
1038219,0
1038220,0
1038221,0
1038222,0
1038223,0
1038224,0
1038225,40
1038226,44
1038227,0
1038228,35
1038229,0
1038230,0
1038231,0
1038232,0
1038233,0
1038234,0
1038235,0
1038236,0
1038237,0
1038238,14
1038239,0
1038240,0
1038241,12
1038242,0
1038243,0
1038244,9
1038245,0
1038246,0
1038247,0
1038248,0
1038249,17
1038250,0
1038251,0
1038252,0
1038253,0
1038254,0
1038255,0
1038256,15
1038257,0
1038258,10
1038259,10
1038260,0
1038261,0
1038262,0
1038263,0
1038264,0
1038265,0
1038266,9
1038267,7
1038268,0
1038269,9
1038270,6
1038271,0
1038272,0
1038273,0
1038274,0
1038275,0
1038276,0
1038277,0
1038278,0
1038279,0
1038280,0
1038281,6
1038282,0
1038283,13
1038284,11
1038285,0
1038286,9
1038287,14
1038288,13
1038289,0
1038290,0
1038291,13
1038292,0
1038293,0
1038294,11
1038295,0
1038296,0
1038297,0
1038298,0
1038299,0
1038300,5
1038301,0
1038302,0
1038303,11
1038304,0
1038305,0
1038306,0
1038307,0
1038308,0
1038309,0
1038310,7
1038311,11
1038312,0
1038313,0
1038314,0
1038315,0
1038316,0
1038317,0
1038318,0
1038319,0
1038320,0
1038321,0
1038322,0
1038323,0
1038324,0
1038325,0
1038326,0
1038327,0
1038328,0
1038329,0
1038330,0
1038331,0
1038332,0
1038333,0
1038334,0
1038335,0
1038336,0
1038337,0
1038338,0
1038339,0
1038340,0
1038341,0
1038342,0
1038343,0
1038344,0
1038345,0
1038346,0
1038347,0
1038348,0
1038349,0
1038350,0
1038351,0
1038352,0
1038353,0
1038354,0
1038355,0
1038356,0
1038357,0
1038358,0
1038359,0
1038360,0
1038361,0
1038362,0
1038363,0
1038364,0
1038365,0
1038366,0
1038367,0
1038368,0
1038369,0
1038370,0
1038371,0
1038372,0
1038373,0
1038374,0
1038375,0
1038376,0
1038377,0
1038378,0
1038379,0
1038380,0
1038381,0
1038382,0
1038383,0
1038384,0
1038385,0
1038386,0
1038387,0
1038388,0
1038389,0
1038390,0
1038391,0
1038392,0
1038393,0
1038394,0
1038395,0
1038396,0
1038397,0
1038398,0
1038399,0
1038400,0
1038401,0
1038402,0
1038403,0
1038404,0
1038405,0
1038406,0
1038407,0
1038408,0
1038409,0
1038410,0
1038411,0
1038412,0
1038413,0
1038414,0
1038415,0
1038416,0
1038417,0
1038418,0
1038419,0
1038420,0
1038421,0
1038422,0
1038423,0
1038424,0
1038425,0
1038426,0
1038427,0
1038428,0
1038429,0
1038430,0
1038431,0
1038432,0
1038433,0
1038434,0
1038435,0
1038436,0
1038437,0
1038438,0
1038439,0
1038440,0
1038441,0
1038442,0
1038443,0
1038444,0
1038445,0
1038446,0
1038447,0
1038448,0
1038449,0
1038450,0
1038451,0
1038452,0
1038453,0
1038454,0
1038455,0
1038456,0
1038457,0
1038458,0
1038459,0
1038460,0
1038461,0
1038462,0
1038463,0
1038464,0
1038465,0
1038466,0
1038467,0
1038468,0
1038469,0
1038470,0
1038471,0
1038472,0
1038473,0
1038474,0
1038475,0
1038476,0
1038477,0
1038478,0
1038479,0
1038480,0
1038481,0
1038482,0
1038483,0
1038484,0
1038485,0
1038486,0
1038487,0
1038488,0
1038489,0
1038490,0
1038491,0
1038492,0
1038493,0
1038494,0
1038495,0
1038496,0
1038497,0
1038498,0
1038499,0
1038500,0
1038501,0
1038502,0
1038503,0
1038504,0
1038505,0
1038506,0
1038507,0
1038508,0
1038509,0
1038510,0
1038511,0
1038512,0
1038513,0
1038514,0
1038515,0
1038516,0
1038517,0
1038518,0
1038519,0
1038520,0
1038521,0
1038522,0
1038523,0
1038524,0
1038525,0
1038526,0
1038527,0
1038528,0
1038529,39
1038530,0
1038531,28
1038532,0
1038533,34
1038534,32
1038535,0
1038536,0
1038537,36
1038538,0
1038539,0
1038540,0
1038541,0
1038542,0
1038543,0
1038544,0
1038545,0
1038546,0
1038547,34
1038548,0
1038549,0
1038550,0
1038551,0
1038552,39
1038553,0
1038554,0
1038555,46
1038556,35
1038557,0
1038558,0
1038559,0
1038560,0
1038561,0
1038562,37
1038563,0
1038564,0
1038565,0
1038566,0
1038567,0
1038568,0
1038569,0
1038570,0
1038571,0
1038572,0
1038573,0
1038574,0
1038575,33
1038576,22
1038577,0
1038578,0
1038579,0
1038580,26
1038581,50
1038582,0
1038583,0
1038584,0
1038585,0
1038586,0
1038587,0
1038588,15
1038589,0
1038590,0
1038591,0
1038592,30
1038593,0
1038594,30
1038595,0
1038596,0
1038597,0
1038598,0
1038599,0
1038600,0
1038601,0
1038602,0
1038603,0
1038604,25
1038605,0
1038606,0
1038607,0
1038608,0
1038609,0
1038610,0
1038611,36
1038612,22
1038613,0
1038614,0
1038615,0
1038616,0
1038617,0
1038618,36
1038619,27
1038620,0
1038621,17
1038622,0
1038623,0
1038624,0
1038625,0
1038626,39
1038627,25
1038628,26
1038629,0
1038630,33
1038631,0
1038632,0
1038633,37
1038634,0
1038635,0
1038636,0
1038637,0
1038638,0
1038639,0
1038640,0
1038641,0
1038642,25
1038643,0
1038644,0
1038645,0
1038646,0
1038647,0
1038648,0
1038649,23
1038650,0
1038651,33
1038652,17
1038653,29
1038654,0
1038655,37
1038656,0
1038657,24
1038658,0
1038659,0
1038660,0
1038661,0
1038662,32
1038663,0
1038664,0
1038665,0
1038666,0
1038667,0
1038668,40
1038669,0
1038670,0
1038671,0
1038672,0
1038673,0
1038674,0
1038675,0
1038676,0
1038677,36
1038678,0
1038679,0
1038680,0
1038681,0
1038682,0
1038683,40
1038684,29
1038685,21
1038686,0
1038687,0
1038688,0
1038689,0
1038690,0
1038691,0
1038692,26
1038693,26
1038694,0
1038695,0
1038696,0
1038697,25
1038698,0
1038699,27
1038700,0
1038701,0
1038702,0
1038703,0
1038704,0
1038705,0
1038706,27
1038707,0
1038708,0
1038709,37
1038710,27
1038711,0
1038712,0
1038713,0
1038714,0
1038715,0
1038716,0
1038717,0
1038718,0
1038719,0
1038720,23
1038721,0
1038722,0
1038723,0
1038724,0
1038725,0
1038726,33
1038727,0
1038728,22
1038729,0
1038730,0
1038731,25
1038732,0
1038733,19
1038734,10
1038735,0
1038736,32
1038737,0
1038738,0
1038739,0
1038740,0
1038741,0
1038742,0
1038743,0
1038744,43
1038745,25
1038746,0
1038747,0
1038748,0
1038749,0
1038750,0
1038751,0
1038752,0
1038753,0
1038754,28
1038755,40
1038756,35
1038757,0
1038758,0
1038759,18
1038760,19
1038761,0
1038762,0
1038763,40
1038764,0
1038765,0
1038766,0
1038767,0
1038768,0
1038769,0
1038770,0
1038771,0
1038772,0
1038773,0
1038774,0
1038775,0
1038776,0
1038777,0
1038778,23
1038779,0
1038780,0
1038781,0
1038782,0
1038783,0
1038784,18
1038785,36
1038786,0
1038787,0
1038788,28
1038789,0
1038790,29
1038791,22
1038792,0
1038793,0
1038794,33
1038795,0
1038796,0
1038797,41
1038798,0
1038799,40
1038800,0
1038801,35
1038802,0
1038803,0
1038804,0
1038805,0
1038806,23
1038807,0
1038808,0
1038809,38
1038810,0
1038811,0
1038812,0
1038813,0
1038814,0
1038815,22
1038816,0
1038817,0
1038818,0
1038819,0
1038820,31
1038821,29
1038822,0
1038823,0
1038824,0
1038825,0
1038826,0
1038827,0
1038828,0
1038829,0
1038830,0
1038831,0
1038832,0
1038833,24
1038834,0
1038835,37
1038836,30
1038837,12
1038838,33
1038839,0
1038840,0
1038841,0
1038842,36
1038843,30
1038844,0
1038845,0
1038846,0
1038847,0
1038848,0
1038849,0
1038850,0
1038851,0
1038852,32
1038853,0
1038854,0
1038855,0
1038856,0
1038857,26
1038858,28
1038859,0
1038860,0
1038861,0
1038862,0
1038863,0
1038864,0
1038865,0
1038866,0
1038867,22
1038868,0
1038869,0
1038870,0
1038871,0
1038872,0
1038873,0
1038874,0
1038875,0
1038876,0
1038877,0
1038878,0
1038879,0
1038880,0
1038881,0
1038882,31
1038883,38
1038884,35
1038885,0
1038886,0
1038887,0
1038888,0
1038889,37
1038890,0
1038891,26
1038892,0
1038893,0
1038894,28
1038895,0
1038896,0
1038897,0
1038898,42
1038899,0
1038900,0
1038901,0
1038902,0
1038903,0
1038904,0
1038905,0
1038906,0
1038907,31
1038908,31
1038909,0
1038910,0
1038911,26
1038912,19
1038913,0
1038914,25
1038915,17
1038916,0
1038917,21
1038918,0
1038919,0
1038920,0
1038921,0
1038922,19
1038923,0
1038924,0
1038925,0
1038926,0
1038927,34
1038928,0
1038929,34
1038930,0
1038931,30
1038932,0
1038933,0
1038934,0
1038935,32
1038936,0
1038937,0
1038938,15
1038939,12
1038940,31
1038941,0
1038942,0
1038943,0
1038944,0
1038945,0
1038946,0
1038947,0
1038948,0
1038949,38
1038950,0
1038951,0
1038952,0
1038953,0
1038954,0
1038955,0
1038956,0
1038957,0
1038958,0
1038959,0
1038960,0
1038961,30
1038962,27
1038963,25
1038964,0
1038965,0
1038966,0
1038967,0
1038968,34
1038969,0
1038970,0
1038971,0
1038972,29
1038973,0
1038974,0
1038975,29
1038976,0
1038977,0
1038978,0
1038979,0
1038980,0
1038981,0
1038982,33
1038983,26
1038984,21
1038985,0
1038986,0
1038987,26
1038988,0
1038989,0
1038990,0
1038991,0
1038992,0
1038993,0
1038994,28
1038995,0
1038996,0
1038997,0
1038998,27
1038999,27
1039000,0
1039001,0
1039002,0
1039003,37
1039004,0
1039005,40
1039006,0
1039007,0
1039008,0
1039009,0
1039010,0
1039011,33
1039012,0
1039013,0
1039014,29
1039015,20
1039016,0
1039017,24
1039018,0
1039019,0
1039020,0
1039021,0
1039022,34
1039023,0
1039024,0
1039025,39
1039026,0
1039027,0
1039028,0
1039029,29
1039030,0
1039031,33
1039032,0
1039033,0
1039034,0
1039035,0
1039036,0
1039037,26
1039038,34
1039039,0
1039040,0
1039041,0
1039042,0
1039043,0
1039044,0
1039045,0
1039046,0
1039047,0
1039048,0
1039049,0
1039050,0
1039051,0
1039052,0
1039053,0
1039054,0
1039055,0
1039056,0
1039057,0
1039058,0
1039059,0
1039060,28
1039061,0
1039062,0
1039063,0
1039064,26
1039065,38
1039066,0
1039067,20
1039068,0
1039069,26
1039070,0
1039071,0
1039072,21
1039073,24
1039074,0
1039075,30
1039076,0
1039077,33
1039078,0
1039079,0
1039080,0
1039081,0
1039082,22
1039083,33
1039084,0
1039085,0
1039086,0
1039087,32
1039088,0
1039089,0
1039090,0
1039091,0
1039092,0
1039093,32
1039094,0
1039095,0
1039096,0
1039097,0
1039098,31
1039099,29
1039100,33
1039101,0
1039102,0
1039103,0
1039104,0
1039105,0
1039106,0
1039107,0
1039108,0
1039109,0
1039110,20
1039111,32
1039112,0
1039113,32
1039114,0
1039115,0
1039116,22
1039117,0
1039118,0
1039119,20
1039120,0
1039121,0
1039122,0
1039123,22
1039124,30
1039125,0
1039126,0
1039127,0
1039128,25
1039129,0
1039130,0
1039131,0
1039132,0
1039133,0
1039134,0
1039135,0
1039136,0
1039137,0
1039138,0
1039139,33
1039140,0
1039141,0
1039142,25
1039143,0
1039144,0
1039145,0
1039146,26
1039147,0
1039148,0
1039149,0
1039150,0
1039151,27
1039152,0
1039153,26
1039154,31
1039155,0
1039156,0
1039157,31
1039158,0
1039159,0
1039160,0
1039161,0
1039162,0
1039163,0
1039164,0
1039165,45
1039166,0
1039167,0
1039168,37
1039169,0
1039170,0
1039171,0
1039172,0
1039173,22
1039174,0
1039175,31
1039176,0
1039177,0
1039178,0
1039179,0
1039180,0
1039181,28
1039182,0
1039183,0
1039184,0
1039185,0
1039186,31
1039187,0
1039188,0
1039189,0
1039190,0
1039191,0
1039192,0
1039193,46
1039194,0
1039195,0
1039196,0
1039197,0
1039198,0
1039199,0
1039200,28
1039201,0
1039202,0
1039203,0
1039204,0
1039205,0
1039206,27
1039207,0
1039208,0
1039209,0
1039210,0
1039211,0
1039212,0
1039213,0
1039214,21
1039215,0
1039216,29
1039217,0
1039218,26
1039219,0
1039220,0
1039221,25
1039222,0
1039223,23
1039224,0
1039225,0
1039226,0
1039227,0
1039228,0
1039229,0
1039230,0
1039231,30
1039232,0
1039233,0
1039234,29
1039235,0
1039236,0
1039237,43
1039238,40
1039239,0
1039240,0
1039241,0
1039242,0
1039243,0
1039244,0
1039245,32
1039246,0
1039247,0
1039248,0
1039249,0
1039250,33
1039251,0
1039252,0
1039253,0
1039254,0
1039255,0
1039256,0
1039257,0
1039258,0
1039259,0
1039260,0
1039261,31
1039262,0
1039263,0
1039264,0
1039265,21
1039266,0
1039267,0
1039268,17
1039269,0
1039270,0
1039271,29
1039272,38
1039273,25
1039274,29
1039275,0
1039276,23
1039277,28
1039278,0
1039279,19
1039280,29
1039281,28
1039282,0
1039283,0
1039284,24
1039285,25
1039286,27
1039287,0
1039288,0
1039289,19
1039290,16
1039291,0
1039292,27
1039293,0
1039294,0
1039295,0
1039296,40
1039297,0
1039298,0
1039299,0
1039300,37
1039301,0
1039302,0
1039303,23
1039304,0
1039305,0
1039306,16
1039307,22
1039308,0
1039309,0
1039310,0
1039311,0
1039312,0
1039313,0
1039314,25
1039315,0
1039316,0
1039317,0
1039318,24
1039319,26
1039320,0
1039321,30
1039322,0
1039323,0
1039324,0
1039325,0
1039326,24
1039327,39
1039328,0
1039329,0
1039330,37
1039331,0
1039332,0
1039333,0
1039334,25
1039335,0
1039336,0
1039337,28
1039338,0
1039339,25
1039340,0
1039341,0
1039342,0
1039343,38
1039344,20
1039345,0
1039346,21
1039347,27
1039348,0
1039349,0
1039350,0
1039351,0
1039352,0
1039353,36
1039354,29
1039355,0
1039356,0
1039357,0
1039358,22
1039359,47
1039360,0
1039361,0
1039362,0
1039363,0
1039364,0
1039365,0
1039366,0
1039367,0
1039368,0
1039369,0
1039370,0
1039371,0
1039372,0
1039373,0
1039374,0
1039375,0
1039376,0
1039377,0
1039378,0
1039379,25
1039380,0
1039381,0
1039382,0
1039383,0
1039384,40
1039385,23
1039386,0
1039387,0
1039388,0
1039389,0
1039390,0
1039391,0
1039392,0
1039393,39
1039394,36
1039395,0
1039396,0
1039397,0
1039398,0
1039399,0
1039400,0
1039401,0
1039402,24
1039403,0
1039404,0
1039405,0
1039406,30
1039407,0
1039408,0
1039409,36
1039410,37
1039411,31
1039412,18
1039413,0
1039414,0
1039415,0
1039416,0
1039417,0
1039418,0
1039419,0
1039420,21
1039421,0
1039422,0
1039423,0
1039424,0
1039425,0
1039426,0
1039427,0
1039428,0
1039429,0
1039430,0
1039431,0
1039432,0
1039433,0
1039434,19
1039435,0
1039436,0
1039437,19
1039438,0
1039439,0
1039440,0
1039441,0
1039442,0
1039443,36
1039444,0
1039445,0
1039446,0
1039447,32
1039448,0
1039449,0
1039450,0
1039451,0
1039452,29
1039453,0
1039454,0
1039455,0
1039456,0
1039457,20
1039458,0
1039459,32
1039460,0
1039461,0
1039462,0
1039463,22
1039464,24
1039465,0
1039466,0
1039467,0
1039468,0
1039469,25
1039470,0
1039471,0
1039472,0
1039473,14
1039474,0
1039475,0
1039476,0
1039477,0
1039478,0
1039479,0
1039480,0
1039481,28
1039482,0
1039483,0
1039484,0
1039485,0
1039486,0
1039487,29
1039488,41
1039489,0
1039490,0
1039491,0
1039492,0
1039493,26
1039494,0
1039495,0
1039496,26
1039497,0
1039498,0
1039499,0
1039500,0
1039501,27
1039502,0
1039503,0
1039504,37
1039505,0
1039506,0
1039507,0
1039508,0
1039509,0
1039510,33
1039511,0
1039512,27
1039513,36
1039514,28
1039515,0
1039516,0
1039517,34
1039518,0
1039519,0
1039520,0
1039521,30
1039522,30
1039523,0
1039524,27
1039525,0
1039526,0
1039527,0
1039528,32
1039529,24
1039530,22
1039531,0
1039532,0
1039533,0
1039534,0
1039535,35
1039536,44
1039537,0
1039538,32
1039539,27
1039540,27
1039541,21
1039542,0
1039543,0
1039544,0
1039545,0
1039546,20
1039547,0
1039548,0
1039549,33
1039550,0
1039551,0
1039552,0
1039553,0
1039554,0
1039555,0
1039556,15
1039557,0
1039558,0
1039559,0
1039560,32
1039561,30
1039562,0
1039563,23
1039564,0
1039565,0
1039566,21
1039567,0
1039568,29
1039569,34
1039570,0
1039571,0
1039572,0
1039573,24
1039574,32
1039575,0
1039576,0
1039577,0
1039578,29
1039579,0
1039580,0
1039581,0
1039582,0
1039583,0
1039584,0
1039585,22
1039586,0
1039587,0
1039588,24
1039589,0
1039590,27
1039591,0
1039592,0
1039593,0
1039594,35
1039595,0
1039596,0
1039597,32
1039598,30
1039599,0
1039600,0
1039601,21
1039602,0
1039603,0
1039604,0
1039605,29
1039606,0
1039607,0
1039608,0
1039609,0
1039610,0
1039611,0
1039612,0
1039613,0
1039614,0
1039615,0
1039616,35
1039617,0
1039618,23
1039619,0
1039620,0
1039621,0
1039622,0
1039623,0
1039624,19
1039625,0
1039626,0
1039627,0
1039628,0
1039629,28
1039630,0
1039631,0
1039632,0
1039633,0
1039634,0
1039635,0
1039636,0
1039637,0
1039638,0
1039639,0
1039640,0
1039641,22
1039642,0
1039643,0
1039644,0
1039645,0
1039646,0
1039647,0
1039648,0
1039649,20
1039650,26
1039651,0
1039652,0
1039653,29
1039654,0
1039655,26
1039656,0
1039657,0
1039658,0
1039659,0
1039660,0
1039661,0
1039662,0
1039663,0
1039664,0
1039665,32
1039666,0
1039667,0
1039668,0
1039669,32
1039670,0
1039671,0
1039672,0
1039673,0
1039674,0
1039675,0
1039676,27
1039677,0
1039678,31
1039679,0
1039680,0
1039681,29
1039682,0
1039683,0
1039684,0
1039685,0
1039686,33
1039687,0
1039688,0
1039689,24
1039690,39
1039691,0
1039692,0
1039693,26
1039694,0
1039695,0
1039696,0
1039697,0
1039698,0
1039699,26
1039700,19
1039701,30
1039702,0
1039703,0
1039704,37
1039705,0
1039706,0
1039707,24
1039708,0
1039709,0
1039710,26
1039711,25
1039712,43
1039713,26
1039714,0
1039715,0
1039716,0
1039717,0
1039718,30
1039719,27
1039720,0
1039721,0
1039722,0
1039723,0
1039724,0
1039725,0
1039726,14
1039727,0
1039728,0
1039729,0
1039730,0
1039731,33
1039732,0
1039733,27
1039734,33
1039735,0
1039736,0
1039737,0
1039738,0
1039739,0
1039740,0
1039741,0
1039742,0
1039743,0
1039744,23
1039745,0
1039746,0
1039747,0
1039748,23
1039749,0
1039750,0
1039751,0
1039752,0
1039753,18
1039754,0
1039755,0
1039756,0
1039757,34
1039758,0
1039759,0
1039760,15
1039761,0
1039762,0
1039763,0
1039764,0
1039765,0
1039766,0
1039767,0
1039768,0
1039769,0
1039770,27
1039771,0
1039772,0
1039773,0
1039774,0
1039775,0
1039776,0
1039777,0
1039778,0
1039779,0
1039780,0
1039781,0
1039782,25
1039783,0
1039784,18
1039785,0
1039786,0
1039787,0
1039788,36
1039789,0
1039790,19
1039791,0
1039792,0
1039793,0
1039794,0
1039795,0
1039796,0
1039797,0
1039798,39
1039799,29
1039800,0
1039801,0
1039802,0
1039803,29
1039804,0
1039805,0
1039806,0
1039807,32
1039808,45
1039809,0
1039810,15
1039811,24
1039812,28
1039813,36
1039814,26
1039815,0
1039816,0
1039817,0
1039818,0
1039819,0
1039820,0
1039821,0
1039822,30
1039823,0
1039824,0
1039825,0
1039826,38
1039827,0
1039828,0
1039829,32
1039830,0
1039831,0
1039832,25
1039833,25
1039834,0
1039835,0
1039836,0
1039837,0
1039838,35
1039839,0
1039840,0
1039841,0
1039842,0
1039843,0
1039844,0
1039845,28
1039846,0
1039847,0
1039848,0
1039849,0
1039850,0
1039851,0
1039852,0
1039853,0
1039854,0
1039855,38
1039856,29
1039857,15
1039858,0
1039859,0
1039860,0
1039861,0
1039862,0
1039863,29
1039864,0
1039865,0
1039866,24
1039867,0
1039868,23
1039869,0
1039870,0
1039871,0
1039872,18
1039873,0
1039874,0
1039875,24
1039876,19
1039877,0
1039878,0
1039879,0
1039880,0
1039881,0
1039882,32
1039883,0
1039884,0
1039885,0
1039886,0
1039887,32
1039888,22
1039889,0
1039890,0
1039891,0
1039892,0
1039893,0
1039894,29
1039895,0
1039896,0
1039897,0
1039898,0
1039899,0
1039900,0
1039901,0
1039902,28
1039903,0
1039904,0
1039905,0
1039906,0
1039907,0
1039908,0
1039909,0
1039910,0
1039911,0
1039912,0
1039913,35
1039914,0
1039915,0
1039916,0
1039917,17
1039918,0
1039919,0
1039920,0
1039921,18
1039922,0
1039923,0
1039924,25
1039925,0
1039926,0
1039927,31
1039928,30
1039929,0
1039930,17
1039931,0
1039932,0
1039933,0
1039934,23
1039935,0
1039936,20
1039937,0
1039938,0
1039939,0
1039940,0
1039941,0
1039942,35
1039943,0
1039944,0
1039945,0
1039946,0
1039947,0
1039948,0
1039949,0
1039950,30
1039951,20
1039952,0
1039953,0
1039954,0
1039955,0
1039956,0
1039957,40
1039958,31
1039959,25
1039960,0
1039961,0
1039962,0
1039963,0
1039964,0
1039965,0
1039966,31
1039967,0
1039968,16
1039969,44
1039970,0
1039971,0
1039972,0
1039973,0
1039974,20
1039975,0
1039976,0
1039977,0
1039978,0
1039979,0
1039980,0
1039981,0
1039982,17
1039983,0
1039984,0
1039985,30
1039986,0
1039987,0
1039988,29
1039989,0
1039990,0
1039991,28
1039992,0
1039993,43
1039994,0
1039995,0
1039996,18
1039997,0
1039998,0
1039999,23
1040000,0
1040001,17
1040002,0
1040003,25
1040004,29
1040005,0
1040006,0
1040007,0
1040008,0
1040009,0
1040010,0
1040011,0
1040012,0
1040013,0
1040014,32
1040015,37
1040016,0
1040017,0
1040018,0
1040019,0
1040020,0
1040021,0
1040022,0
1040023,0
1040024,0
1040025,0
1040026,0
1040027,0
1040028,0
1040029,0
1040030,0
1040031,0
1040032,0
1040033,0
1040034,0
1040035,0
1040036,0
1040037,0
1040038,0
1040039,0
1040040,0
1040041,0
1040042,0
1040043,0
1040044,0
1040045,0
1040046,0
1040047,0
1040048,0
1040049,0
1040050,0
1040051,0
1040052,0
1040053,0
1040054,0
1040055,0
1040056,0
1040057,0
1040058,0
1040059,42
1040060,0
1040061,0
1040062,0
1040063,0
1040064,37
1040065,0
1040066,0
1040067,0
1040068,0
1040069,0
1040070,30
1040071,36
1040072,0
1040073,0
1040074,0
1040075,0
1040076,43
1040077,0
1040078,0
1040079,0
1040080,0
1040081,0
1040082,28
1040083,0
1040084,32
1040085,0
1040086,0
1040087,0
1040088,0
1040089,0
1040090,0
1040091,0
1040092,0
1040093,0
1040094,0
1040095,0
1040096,0
1040097,0
1040098,0
1040099,0
1040100,0
1040101,0
1040102,0
1040103,0
1040104,0
1040105,0
1040106,0
1040107,0
1040108,0
1040109,0
1040110,0
1040111,0
1040112,0
1040113,0
1040114,0
1040115,19
1040116,0
1040117,0
1040118,0
1040119,0
1040120,0
1040121,0
1040122,0
1040123,0
1040124,23
1040125,0
1040126,0
1040127,16
1040128,0
1040129,13
1040130,19
1040131,0
1040132,0
1040133,0
1040134,14
1040135,0
1040136,0
1040137,17
1040138,0
1040139,0
1040140,0
1040141,25
1040142,0
1040143,0
1040144,0
1040145,22
1040146,0
1040147,0
1040148,0
1040149,0
1040150,0
1040151,0
1040152,0
1040153,0
1040154,0
1040155,17
1040156,15
1040157,27
1040158,0
1040159,0
1040160,0
1040161,0
1040162,0
1040163,0
1040164,0
1040165,0
1040166,0
1040167,0
1040168,23
1040169,13
1040170,0
1040171,23
1040172,31
1040173,21
1040174,12
1040175,0
1040176,0
1040177,0
1040178,9
1040179,16
1040180,0
1040181,0
1040182,0
1040183,18
1040184,0
1040185,0
1040186,0
1040187,0
1040188,0
1040189,0
1040190,0
1040191,0
1040192,0
1040193,0
1040194,11
1040195,28
1040196,0
1040197,0
1040198,0
1040199,20
1040200,17
1040201,0
1040202,0
1040203,13
1040204,0
1040205,16
1040206,0
1040207,0
1040208,0
1040209,0
1040210,0
1040211,0
1040212,0
1040213,0
1040214,15
1040215,18
1040216,0
1040217,0
1040218,0
1040219,19
1040220,0
1040221,0
1040222,14
1040223,0
1040224,16
1040225,0
1040226,0
1040227,0
1040228,14
1040229,0
1040230,24
1040231,0
1040232,0
1040233,0
1040234,0
1040235,0
1040236,17
1040237,0
1040238,0
1040239,0
1040240,0
1040241,0
1040242,0
1040243,0
1040244,13
1040245,0
1040246,0
1040247,0
1040248,0
1040249,0
1040250,0
1040251,0
1040252,7
1040253,0
1040254,24
1040255,0
1040256,15
1040257,22
1040258,0
1040259,0
1040260,0
1040261,0
1040262,15
1040263,0
1040264,0
1040265,0
1040266,0
1040267,21
1040268,0
1040269,0
1040270,0
1040271,0
1040272,14
1040273,0
1040274,0
1040275,0
1040276,0
1040277,0
1040278,0
1040279,0
1040280,0
1040281,29
1040282,0
1040283,0
1040284,0
1040285,0
1040286,0
1040287,0
1040288,23
1040289,0
1040290,0
1040291,0
1040292,9
1040293,0
1040294,0
1040295,0
1040296,17
1040297,0
1040298,0
1040299,0
1040300,0
1040301,0
1040302,24
1040303,0
1040304,0
1040305,0
1040306,0
1040307,22
1040308,27
1040309,0
1040310,0
1040311,0
1040312,25
1040313,0
1040314,0
1040315,0
1040316,12
1040317,0
1040318,13
1040319,0
1040320,35
1040321,0
1040322,0
1040323,13
1040324,0
1040325,19
1040326,25
1040327,0
1040328,0
1040329,0
1040330,0
1040331,0
1040332,0
1040333,16
1040334,17
1040335,0
1040336,0
1040337,0
1040338,0
1040339,19
1040340,8
1040341,0
1040342,0
1040343,0
1040344,0
1040345,17
1040346,0
1040347,0
1040348,0
1040349,0
1040350,0
1040351,21
1040352,0
1040353,0
1040354,17
1040355,0
1040356,0
1040357,14
1040358,7
1040359,17
1040360,11
1040361,0
1040362,0
1040363,19
1040364,0
1040365,0
1040366,0
1040367,17
1040368,0
1040369,0
1040370,20
1040371,0
1040372,0
1040373,16
1040374,0
1040375,8
1040376,0
1040377,0
1040378,21
1040379,0
1040380,0
1040381,0
1040382,0
1040383,0
1040384,17
1040385,0
1040386,0
1040387,0
1040388,0
1040389,0
1040390,20
1040391,0
1040392,0
1040393,17
1040394,0
1040395,21
1040396,15
1040397,0
1040398,0
1040399,0
1040400,20
1040401,0
1040402,0
1040403,0
1040404,0
1040405,0
1040406,0
1040407,15
1040408,0
1040409,0
1040410,0
1040411,0
1040412,0
1040413,0
1040414,0
1040415,0
1040416,0
1040417,0
1040418,0
1040419,0
1040420,0
1040421,0
1040422,0
1040423,0
1040424,23
1040425,0
1040426,25
1040427,0
1040428,0
1040429,0
1040430,23
1040431,21
1040432,0
1040433,0
1040434,12
1040435,0
1040436,13
1040437,0
1040438,0
1040439,0
1040440,0
1040441,0
1040442,0
1040443,0
1040444,0
1040445,0
1040446,0
1040447,0
1040448,0
1040449,0
1040450,24
1040451,0
1040452,0
1040453,0
1040454,19
1040455,0
1040456,0
1040457,35
1040458,0
1040459,0
1040460,11
1040461,0
1040462,0
1040463,0
1040464,16
1040465,0
1040466,0
1040467,0
1040468,0
1040469,0
1040470,0
1040471,0
1040472,0
1040473,0
1040474,0
1040475,0
1040476,0
1040477,0
1040478,0
1040479,0
1040480,0
1040481,8
1040482,0
1040483,13
1040484,0
1040485,0
1040486,0
1040487,0
1040488,0
1040489,0
1040490,0
1040491,0
1040492,0
1040493,0
1040494,0
1040495,0
1040496,9
1040497,16
1040498,0
1040499,17
1040500,0
1040501,0
1040502,0
1040503,19
1040504,0
1040505,0
1040506,0
1040507,0
1040508,0
1040509,17
1040510,0
1040511,0
1040512,0
1040513,0
1040514,11
1040515,0
1040516,0
1040517,0
1040518,12
1040519,0
1040520,0
1040521,0
1040522,18
1040523,0
1040524,0
1040525,0
1040526,16
1040527,0
1040528,0
1040529,0
1040530,0
1040531,0
1040532,0
1040533,0
1040534,0
1040535,17
1040536,0
1040537,0
1040538,0
1040539,0
1040540,0
1040541,17
1040542,0
1040543,0
1040544,0
1040545,0
1040546,0
1040547,0
1040548,16
1040549,0
1040550,18
1040551,0
1040552,0
1040553,0
1040554,0
1040555,16
1040556,0
1040557,0
1040558,0
1040559,0
1040560,13
1040561,12
1040562,0
1040563,0
1040564,0
1040565,0
1040566,0
1040567,0
1040568,0
1040569,0
1040570,0
1040571,0
1040572,0
1040573,0
1040574,0
1040575,0
1040576,13
1040577,0
1040578,13
1040579,22
1040580,0
1040581,0
1040582,0
1040583,0
1040584,0
1040585,23
1040586,0
1040587,0
1040588,10
1040589,0
1040590,16
1040591,25
1040592,22
1040593,0
1040594,0
1040595,0
1040596,0
1040597,0
1040598,0
1040599,0
1040600,0
1040601,0
1040602,0
1040603,21
1040604,16
1040605,29
1040606,0
1040607,0
1040608,0
1040609,0
1040610,0
1040611,0
1040612,0
1040613,17
1040614,14
1040615,0
1040616,0
1040617,0
1040618,0
1040619,0
1040620,19
1040621,14
1040622,0
1040623,0
1040624,0
1040625,0
1040626,0
1040627,0
1040628,0
1040629,16
1040630,0
1040631,16
1040632,0
1040633,0
1040634,15
1040635,0
1040636,0
1040637,0
1040638,0
1040639,10
1040640,0
1040641,0
1040642,15
1040643,0
1040644,0
1040645,11
1040646,19
1040647,0
1040648,0
1040649,0
1040650,20
1040651,0
1040652,0
1040653,12
1040654,0
1040655,0
1040656,0
1040657,13
1040658,0
1040659,0
1040660,0
1040661,0
1040662,0
1040663,0
1040664,0
1040665,0
1040666,23
1040667,0
1040668,13
1040669,0
1040670,0
1040671,0
1040672,0
1040673,11
1040674,21
1040675,0
1040676,12
1040677,0
1040678,0
1040679,22
1040680,11
1040681,12
1040682,0
1040683,0
1040684,0
1040685,0
1040686,0
1040687,0
1040688,15
1040689,15
1040690,0
1040691,10
1040692,0
1040693,0
1040694,0
1040695,0
1040696,23
1040697,0
1040698,0
1040699,0
1040700,22
1040701,0
1040702,0
1040703,0
1040704,0
1040705,0
1040706,10
1040707,0
1040708,0
1040709,10
1040710,0
1040711,0
1040712,0
1040713,27
1040714,0
1040715,0
1040716,0
1040717,0
1040718,0
1040719,17
1040720,0
1040721,20
1040722,23
1040723,0
1040724,0
1040725,0
1040726,22
1040727,0
1040728,0
1040729,19
1040730,0
1040731,0
1040732,23
1040733,0
1040734,0
1040735,16
1040736,31
1040737,0
1040738,0
1040739,0
1040740,0
1040741,22
1040742,0
1040743,0
1040744,0
1040745,0
1040746,0
1040747,12
1040748,0
1040749,0
1040750,0
1040751,0
1040752,0
1040753,0
1040754,0
1040755,0
1040756,22
1040757,22
1040758,0
1040759,0
1040760,0
1040761,30
1040762,0
1040763,25
1040764,0
1040765,0
1040766,15
1040767,0
1040768,0
1040769,0
1040770,0
1040771,0
1040772,0
1040773,0
1040774,0
1040775,19
1040776,0
1040777,0
1040778,0
1040779,0
1040780,0
1040781,0
1040782,0
1040783,20
1040784,0
1040785,0
1040786,0
1040787,19
1040788,0
1040789,0
1040790,0
1040791,0
1040792,0
1040793,0
1040794,0
1040795,0
1040796,0
1040797,0
1040798,0
1040799,18
1040800,0
1040801,22
1040802,0
1040803,0
1040804,0
1040805,0
1040806,0
1040807,0
1040808,15
1040809,0
1040810,16
1040811,0
1040812,0
1040813,0
1040814,0
1040815,0
1040816,0
1040817,0
1040818,0
1040819,0
1040820,0
1040821,18
1040822,0
1040823,18
1040824,0
1040825,0
1040826,0
1040827,0
1040828,0
1040829,0
1040830,20
1040831,0
1040832,0
1040833,0
1040834,0
1040835,16
1040836,0
1040837,0
1040838,0
1040839,0
1040840,0
1040841,17
1040842,20
1040843,0
1040844,0
1040845,14
1040846,19
1040847,0
1040848,0
1040849,17
1040850,0
1040851,0
1040852,0
1040853,0
1040854,22
1040855,0
1040856,0
1040857,0
1040858,0
1040859,0
1040860,0
1040861,23
1040862,0
1040863,0
1040864,0
1040865,16
1040866,0
1040867,0
1040868,0
1040869,12
1040870,0
1040871,0
1040872,0
1040873,0
1040874,0
1040875,0
1040876,0
1040877,0
1040878,0
1040879,0
1040880,0
1040881,21
1040882,0
1040883,0
1040884,29
1040885,0
1040886,19
1040887,0
1040888,0
1040889,0
1040890,37
1040891,0
1040892,28
1040893,0
1040894,0
1040895,0
1040896,0
1040897,0
1040898,33
1040899,0
1040900,0
1040901,0
1040902,0
1040903,0
1040904,0
1040905,0
1040906,0
1040907,0
1040908,0
1040909,0
1040910,44
1040911,0
1040912,0
1040913,34
1040914,0
1040915,0
1040916,0
1040917,0
1040918,22
1040919,34
1040920,0
1040921,0
1040922,0
1040923,0
1040924,0
1040925,33
1040926,0
1040927,0
1040928,0
1040929,38
1040930,0
1040931,35
1040932,0
1040933,0
1040934,0
1040935,37
1040936,0
1040937,25
1040938,0
1040939,0
1040940,0
1040941,34
1040942,0
1040943,0
1040944,51
1040945,0
1040946,0
1040947,0
1040948,27
1040949,0
1040950,0
1040951,29
1040952,0
1040953,0
1040954,40
1040955,0
1040956,0
1040957,0
1040958,0
1040959,32
1040960,0
1040961,0
1040962,33
1040963,0
1040964,37
1040965,0
1040966,0
1040967,0
1040968,0
1040969,0
1040970,0
1040971,35
1040972,27
1040973,28
1040974,0
1040975,0
1040976,24
1040977,0
1040978,0
1040979,0
1040980,27
1040981,0
1040982,0
1040983,0
1040984,40
1040985,0
1040986,35
1040987,0
1040988,40
1040989,26
1040990,31
1040991,32
1040992,0
1040993,0
1040994,0
1040995,24
1040996,0
1040997,29
1040998,0
1040999,0
1041000,0
1041001,45
1041002,0
1041003,0
1041004,0
1041005,0
1041006,0
1041007,0
1041008,0
1041009,0
1041010,28
1041011,33
1041012,0
1041013,0
1041014,0
1041015,34
1041016,0
1041017,42
1041018,36
1041019,0
1041020,0
1041021,0
1041022,27
1041023,0
1041024,29
1041025,0
1041026,0
1041027,27
1041028,0
1041029,0
1041030,0
1041031,0
1041032,0
1041033,0
1041034,0
1041035,22
1041036,0
1041037,0
1041038,0
1041039,0
1041040,21
1041041,24
1041042,0
1041043,0
1041044,0
1041045,32
1041046,0
1041047,0
1041048,0
1041049,41
1041050,32
1041051,47
1041052,30
1041053,0
1041054,0
1041055,0
1041056,0
1041057,38
1041058,0
1041059,0
1041060,0
1041061,0
1041062,0
1041063,43
1041064,0
1041065,0
1041066,0
1041067,0
1041068,0
1041069,0
1041070,38
1041071,0
1041072,26
1041073,0
1041074,24
1041075,0
1041076,0
1041077,0
1041078,0
1041079,0
1041080,0
1041081,0
1041082,39
1041083,0
1041084,0
1041085,0
1041086,0
1041087,0
1041088,0
1041089,0
1041090,0
1041091,0
1041092,36
1041093,0
1041094,0
1041095,0
1041096,0
1041097,0
1041098,43
1041099,38
1041100,0
1041101,31
1041102,0
1041103,27
1041104,0
1041105,0
1041106,0
1041107,37
1041108,0
1041109,0
1041110,0
1041111,29
1041112,0
1041113,0
1041114,0
1041115,0
1041116,25
1041117,0
1041118,41
1041119,0
1041120,37
1041121,0
1041122,0
1041123,0
1041124,39
1041125,32
1041126,27
1041127,0
1041128,27
1041129,47
1041130,0
1041131,0
1041132,0
1041133,43
1041134,0
1041135,0
1041136,34
1041137,0
1041138,0
1041139,0
1041140,28
1041141,0
1041142,32
1041143,0
1041144,0
1041145,0
1041146,34
1041147,0
1041148,0
1041149,0
1041150,0
1041151,0
1041152,29
1041153,31
1041154,0
1041155,0
1041156,0
1041157,0
1041158,0
1041159,0
1041160,0
1041161,35
1041162,0
1041163,0
1041164,0
1041165,0
1041166,22
1041167,0
1041168,0
1041169,0
1041170,38
1041171,0
1041172,0
1041173,0
1041174,37
1041175,0
1041176,0
1041177,0
1041178,26
1041179,33
1041180,26
1041181,0
1041182,0
1041183,0
1041184,0
1041185,42
1041186,33
1041187,0
1041188,0
1041189,30
1041190,39
1041191,23
1041192,0
1041193,41
1041194,0
1041195,40
1041196,35
1041197,0
1041198,0
1041199,0
1041200,0
1041201,0
1041202,31
1041203,0
1041204,0
1041205,36
1041206,28
1041207,0
1041208,28
1041209,0
1041210,0
1041211,35
1041212,37
1041213,0
1041214,0
1041215,0
1041216,0
1041217,0
1041218,35
1041219,35
1041220,0
1041221,0
1041222,0
1041223,34
1041224,0
1041225,0
1041226,0
1041227,0
1041228,42
1041229,0
1041230,38
1041231,0
1041232,28
1041233,0
1041234,24
1041235,0
1041236,38
1041237,0
1041238,33
1041239,0
1041240,0
1041241,0
1041242,0
1041243,0
1041244,40
1041245,34
1041246,0
1041247,0
1041248,0
1041249,0
1041250,0
1041251,0
1041252,0
1041253,0
1041254,0
1041255,0
1041256,0
1041257,0
1041258,0
1041259,0
1041260,0
1041261,39
1041262,0
1041263,0
1041264,0
1041265,0
1041266,0
1041267,0
1041268,0
1041269,32
1041270,40
1041271,33
1041272,31
1041273,0
1041274,33
1041275,38
1041276,0
1041277,0
1041278,0
1041279,0
1041280,0
1041281,33
1041282,0
1041283,0
1041284,0
1041285,0
1041286,0
1041287,0
1041288,0
1041289,0
1041290,35
1041291,0
1041292,0
1041293,0
1041294,0
1041295,0
1041296,0
1041297,32
1041298,0
1041299,0
1041300,31
1041301,0
1041302,24
1041303,0
1041304,0
1041305,0
1041306,0
1041307,0
1041308,0
1041309,0
1041310,0
1041311,47
1041312,0
1041313,30
1041314,0
1041315,0
1041316,0
1041317,0
1041318,0
1041319,35
1041320,24
1041321,0
1041322,0
1041323,0
1041324,0
1041325,0
1041326,39
1041327,0
1041328,0
1041329,0
1041330,0
1041331,0
1041332,0
1041333,0
1041334,0
1041335,28
1041336,0
1041337,0
1041338,45
1041339,36
1041340,0
1041341,0
1041342,0
1041343,0
1041344,0
1041345,0
1041346,0
1041347,0
1041348,0
1041349,34
1041350,0
1041351,0
1041352,0
1041353,0
1041354,0
1041355,0
1041356,0
1041357,0
1041358,36
1041359,25
1041360,0
1041361,0
1041362,0
1041363,29
1041364,0
1041365,28
1041366,34
1041367,39
1041368,34
1041369,0
1041370,0
1041371,0
1041372,0
1041373,25
1041374,33
1041375,0
1041376,24
1041377,28
1041378,0
1041379,38
1041380,0
1041381,0
1041382,0
1041383,18
1041384,0
1041385,25
1041386,0
1041387,34
1041388,0
1041389,23
1041390,31
1041391,0
1041392,0
1041393,0
1041394,0
1041395,0
1041396,0
1041397,0
1041398,0
1041399,0
1041400,0
1041401,19
1041402,0
1041403,0
1041404,37
1041405,37
1041406,25
1041407,0
1041408,0
1041409,0
1041410,0
1041411,38
1041412,30
1041413,0
1041414,0
1041415,24
1041416,0
1041417,0
1041418,0
1041419,0
1041420,0
1041421,0
1041422,35
1041423,27
1041424,0
1041425,0
1041426,0
1041427,26
1041428,42
1041429,0
1041430,0
1041431,0
1041432,0
1041433,0
1041434,0
1041435,0
1041436,0
1041437,0
1041438,0
1041439,0
1041440,0
1041441,33
1041442,0
1041443,0
1041444,0
1041445,0
1041446,0
1041447,0
1041448,40
1041449,0
1041450,0
1041451,0
1041452,0
1041453,0
1041454,0
1041455,0
1041456,0
1041457,0
1041458,0
1041459,24
1041460,0
1041461,0
1041462,0
1041463,0
1041464,0
1041465,0
1041466,0
1041467,0
1041468,0
1041469,0
1041470,0
1041471,0
1041472,0
1041473,0
1041474,32
1041475,0
1041476,0
1041477,29
1041478,0
1041479,0
1041480,27
1041481,0
1041482,0
1041483,33
1041484,36
1041485,0
1041486,0
1041487,0
1041488,49
1041489,19
1041490,45
1041491,35
1041492,0
1041493,24
1041494,0
1041495,25
1041496,0
1041497,0
1041498,0
1041499,0
1041500,20
1041501,0
1041502,0
1041503,0
1041504,0
1041505,0
1041506,24
1041507,0
1041508,0
1041509,34
1041510,0
1041511,0
1041512,0
1041513,0
1041514,0
1041515,0
1041516,0
1041517,0
1041518,0
1041519,20
1041520,0
1041521,36
1041522,0
1041523,33
1041524,0
1041525,0
1041526,0
1041527,21
1041528,0
1041529,0
1041530,0
1041531,24
1041532,0
1041533,0
1041534,0
1041535,0
1041536,0
1041537,0
1041538,0
1041539,0
1041540,0
1041541,0
1041542,0
1041543,0
1041544,0
1041545,0
1041546,0
1041547,0
1041548,0
1041549,0
1041550,0
1041551,0
1041552,0
1041553,0
1041554,0
1041555,0
1041556,0
1041557,0
1041558,0
1041559,0
1041560,0
1041561,0
1041562,0
1041563,0
1041564,0
1041565,0
1041566,0
1041567,0
1041568,0
1041569,0
1041570,0
1041571,32
1041572,0
1041573,0
1041574,0
1041575,0
1041576,0
1041577,0
1041578,0
1041579,0
1041580,0
1041581,27
1041582,0
1041583,0
1041584,0
1041585,0
1041586,0
1041587,51
1041588,20
1041589,0
1041590,0
1041591,24
1041592,0
1041593,31
1041594,0
1041595,28
1041596,0
1041597,0
1041598,30
1041599,0
1041600,0
1041601,0
1041602,0
1041603,0
1041604,0
1041605,0
1041606,16
1041607,32
1041608,0
1041609,0
1041610,0
1041611,0
1041612,0
1041613,0
1041614,0
1041615,0
1041616,0
1041617,0
1041618,22
1041619,0
1041620,0
1041621,0
1041622,0
1041623,0
1041624,0
1041625,0
1041626,25
1041627,0
1041628,0
1041629,0
1041630,0
1041631,18
1041632,0
1041633,0
1041634,0
1041635,0
1041636,0
1041637,0
1041638,0
1041639,0
1041640,0
1041641,0
1041642,0
1041643,0
1041644,0
1041645,0
1041646,0
1041647,29
1041648,0
1041649,0
1041650,0
1041651,0
1041652,0
1041653,0
1041654,0
1041655,0
1041656,0
1041657,0
1041658,0
1041659,0
1041660,0
1041661,0
1041662,0
1041663,0
1041664,0
1041665,0
1041666,0
1041667,0
1041668,0
1041669,0
1041670,0
1041671,0
1041672,0
1041673,37
1041674,0
1041675,0
1041676,0
1041677,0
1041678,0
1041679,31
1041680,0
1041681,0
1041682,0
1041683,0
1041684,0
1041685,0
1041686,23
1041687,0
1041688,46
1041689,0
1041690,0
1041691,0
1041692,0
1041693,0
1041694,0
1041695,0
1041696,0
1041697,0
1041698,0
1041699,0
1041700,0
1041701,0
1041702,0
1041703,0
1041704,0
1041705,0
1041706,28
1041707,0
1041708,0
1041709,0
1041710,0
1041711,0
1041712,36
1041713,0
1041714,23
1041715,0
1041716,0
1041717,0
1041718,0
1041719,26
1041720,0
1041721,0
1041722,0
1041723,0
1041724,0
1041725,0
1041726,0
1041727,0
1041728,0
1041729,0
1041730,0
1041731,0
1041732,0
1041733,35
1041734,0
1041735,0
1041736,0
1041737,0
1041738,0
1041739,0
1041740,32
1041741,0
1041742,0
1041743,0
1041744,0
1041745,0
1041746,0
1041747,0
1041748,25
1041749,0
1041750,49
1041751,0
1041752,50
1041753,0
1041754,28
1041755,0
1041756,0
1041757,0
1041758,0
1041759,0
1041760,0
1041761,38
1041762,0
1041763,36
1041764,0
1041765,0
1041766,0
1041767,0
1041768,0
1041769,0
1041770,0
1041771,0
1041772,0
1041773,0
1041774,0
1041775,0
1041776,0
1041777,42
1041778,31
1041779,36
1041780,0
1041781,0
1041782,0
1041783,0
1041784,0
1041785,0
1041786,33
1041787,0
1041788,0
1041789,0
1041790,0
1041791,0
1041792,25
1041793,27
1041794,0
1041795,0
1041796,0
1041797,0
1041798,0
1041799,0
1041800,35
1041801,0
1041802,34
1041803,0
1041804,30
1041805,0
1041806,34
1041807,0
1041808,34
1041809,0
1041810,0
1041811,0
1041812,0
1041813,0
1041814,0
1041815,0
1041816,37
1041817,0
1041818,0
1041819,0
1041820,0
1041821,0
1041822,0
1041823,0
1041824,0
1041825,21
1041826,0
1041827,0
1041828,0
1041829,0
1041830,0
1041831,0
1041832,0
1041833,28
1041834,0
1041835,0
1041836,0
1041837,0
1041838,0
1041839,52
1041840,0
1041841,0
1041842,0
1041843,21
1041844,0
1041845,0
1041846,35
1041847,34
1041848,36
1041849,0
1041850,33
1041851,0
1041852,0
1041853,23
1041854,0
1041855,26
1041856,0
1041857,0
1041858,0
1041859,0
1041860,0
1041861,0
1041862,0
1041863,0
1041864,0
1041865,0
1041866,0
1041867,0
1041868,0
1041869,0
1041870,18
1041871,0
1041872,0
1041873,0
1041874,0
1041875,0
1041876,0
1041877,22
1041878,0
1041879,0
1041880,0
1041881,0
1041882,0
1041883,42
1041884,0
1041885,0
1041886,0
1041887,0
1041888,0
1041889,0
1041890,34
1041891,0
1041892,0
1041893,0
1041894,0
1041895,0
1041896,0
1041897,0
1041898,0
1041899,0
1041900,0
1041901,0
1041902,0
1041903,0
1041904,0
1041905,30
1041906,0
1041907,34
1041908,26
1041909,25
1041910,34
1041911,0
1041912,0
1041913,0
1041914,0
1041915,0
1041916,31
1041917,0
1041918,0
1041919,0
1041920,0
1041921,0
1041922,44
1041923,0
1041924,0
1041925,27
1041926,0
1041927,0
1041928,0
1041929,0
1041930,0
1041931,0
1041932,0
1041933,37
1041934,0
1041935,0
1041936,0
1041937,0
1041938,0
1041939,0
1041940,0
1041941,0
1041942,27
1041943,0
1041944,0
1041945,0
1041946,0
1041947,0
1041948,41
1041949,0
1041950,0
1041951,0
1041952,0
1041953,0
1041954,34
1041955,0
1041956,0
1041957,0
1041958,27
1041959,0
1041960,31
1041961,0
1041962,0
1041963,0
1041964,0
1041965,26
1041966,0
1041967,0
1041968,24
1041969,0
1041970,25
1041971,0
1041972,0
1041973,0
1041974,0
1041975,0
1041976,38
1041977,0
1041978,0
1041979,0
1041980,0
1041981,0
1041982,0
1041983,0
1041984,0
1041985,0
1041986,0
1041987,0
1041988,0
1041989,36
1041990,0
1041991,0
1041992,21
1041993,0
1041994,27
1041995,0
1041996,0
1041997,0
1041998,0
1041999,0
1042000,0
1042001,0
1042002,0
1042003,0
1042004,0
1042005,0
1042006,0
1042007,26
1042008,36
1042009,0
1042010,0
1042011,23
1042012,0
1042013,0
1042014,23
1042015,0
1042016,0
1042017,0
1042018,0
1042019,0
1042020,31
1042021,0
1042022,0
1042023,0
1042024,0
1042025,0
1042026,0
1042027,0
1042028,35
1042029,0
1042030,0
1042031,0
1042032,21
1042033,0
1042034,0
1042035,23
1042036,0
1042037,0
1042038,0
1042039,0
1042040,0
1042041,26
1042042,0
1042043,0
1042044,0
1042045,0
1042046,0
1042047,37
1042048,0
1042049,0
1042050,31
1042051,0
1042052,0
1042053,0
1042054,0
1042055,0
1042056,0
1042057,25
1042058,0
1042059,0
1042060,0
1042061,0
1042062,47
1042063,0
1042064,27
1042065,0
1042066,0
1042067,0
1042068,0
1042069,0
1042070,0
1042071,0
1042072,0
1042073,0
1042074,0
1042075,30
1042076,0
1042077,0
1042078,31
1042079,0
1042080,0
1042081,0
1042082,0
1042083,0
1042084,0
1042085,0
1042086,0
1042087,0
1042088,0
1042089,0
1042090,0
1042091,0
1042092,0
1042093,31
1042094,0
1042095,0
1042096,0
1042097,0
1042098,0
1042099,0
1042100,0
1042101,29
1042102,0
1042103,0
1042104,0
1042105,0
1042106,29
1042107,0
1042108,0
1042109,0
1042110,0
1042111,26
1042112,0
1042113,0
1042114,31
1042115,27
1042116,0
1042117,20
1042118,0
1042119,0
1042120,0
1042121,39
1042122,0
1042123,0
1042124,0
1042125,0
1042126,0
1042127,0
1042128,0
1042129,46
1042130,30
1042131,0
1042132,0
1042133,0
1042134,0
1042135,0
1042136,0
1042137,25
1042138,32
1042139,0
1042140,0
1042141,0
1042142,0
1042143,0
1042144,0
1042145,27
1042146,29
1042147,0
1042148,0
1042149,0
1042150,0
1042151,0
1042152,0
1042153,0
1042154,0
1042155,0
1042156,0
1042157,0
1042158,0
1042159,0
1042160,36
1042161,0
1042162,0
1042163,27
1042164,31
1042165,25
1042166,0
1042167,0
1042168,0
1042169,20
1042170,0
1042171,0
1042172,0
1042173,0
1042174,0
1042175,0
1042176,0
1042177,0
1042178,0
1042179,0
1042180,0
1042181,0
1042182,38
1042183,0
1042184,0
1042185,0
1042186,28
1042187,0
1042188,27
1042189,0
1042190,0
1042191,0
1042192,0
1042193,0
1042194,0
1042195,0
1042196,23
1042197,30
1042198,0
1042199,0
1042200,0
1042201,0
1042202,0
1042203,0
1042204,0
1042205,0
1042206,0
1042207,0
1042208,41
1042209,0
1042210,0
1042211,0
1042212,0
1042213,0
1042214,0
1042215,0
1042216,0
1042217,0
1042218,0
1042219,0
1042220,0
1042221,4
1042222,0
1042223,0
1042224,0
1042225,0
1042226,0
1042227,1
1042228,11
1042229,0
1042230,0
1042231,0
1042232,0
1042233,0
1042234,0
1042235,0
1042236,0
1042237,0
1042238,0
1042239,4
1042240,0
1042241,0
1042242,0
1042243,0
1042244,0
1042245,0
1042246,0
1042247,10
1042248,1
1042249,0
1042250,0
1042251,2
1042252,0
1042253,0
1042254,0
1042255,0
1042256,0
1042257,0
1042258,0
1042259,0
1042260,0
1042261,0
1042262,0
1042263,0
1042264,0
1042265,0
1042266,0
1042267,5
1042268,0
1042269,0
1042270,0
1042271,2
1042272,0
1042273,0
1042274,3
1042275,2
1042276,0
1042277,0
1042278,0
1042279,0
1042280,0
1042281,0
1042282,0
1042283,0
1042284,0
1042285,0
1042286,0
1042287,11
1042288,0
1042289,6
1042290,0
1042291,0
1042292,0
1042293,0
1042294,0
1042295,0
1042296,0
1042297,0
1042298,0
1042299,0
1042300,5
1042301,0
1042302,0
1042303,1
1042304,0
1042305,0
1042306,0
1042307,0
1042308,3
1042309,0
1042310,0
1042311,5
1042312,0
1042313,2
1042314,11
1042315,2
1042316,0
1042317,0
1042318,0
1042319,0
1042320,6
1042321,0
1042322,6
1042323,0
1042324,0
1042325,0
1042326,0
1042327,0
1042328,0
1042329,0
1042330,6
1042331,0
1042332,0
1042333,0
1042334,0
1042335,0
1042336,0
1042337,0
1042338,0
1042339,0
1042340,0
1042341,0
1042342,0
1042343,0
1042344,0
1042345,0
1042346,9
1042347,7
1042348,0
1042349,0
1042350,0
1042351,2
1042352,0
1042353,0
1042354,0
1042355,0
1042356,0
1042357,0
1042358,6
1042359,0
1042360,0
1042361,0
1042362,0
1042363,0
1042364,2
1042365,7
1042366,0
1042367,0
1042368,0
1042369,0
1042370,0
1042371,0
1042372,0
1042373,0
1042374,0
1042375,0
1042376,0
1042377,0
1042378,0
1042379,4
1042380,0
1042381,0
1042382,0
1042383,0
1042384,0
1042385,0
1042386,0
1042387,0
1042388,0
1042389,0
1042390,0
1042391,0
1042392,5
1042393,0
1042394,0
1042395,0
1042396,0
1042397,0
1042398,0
1042399,0
1042400,0
1042401,0
1042402,0
1042403,0
1042404,0
1042405,0
1042406,0
1042407,0
1042408,0
1042409,0
1042410,0
1042411,0
1042412,0
1042413,0
1042414,0
1042415,0
1042416,0
1042417,0
1042418,0
1042419,4
1042420,6
1042421,0
1042422,0
1042423,0
1042424,3
1042425,0
1042426,0
1042427,0
1042428,0
1042429,0
1042430,0
1042431,0
1042432,0
1042433,0
1042434,0
1042435,0
1042436,5
1042437,0
1042438,3
1042439,0
1042440,0
1042441,0
1042442,0
1042443,0
1042444,0
1042445,0
1042446,0
1042447,0
1042448,0
1042449,0
1042450,0
1042451,0
1042452,0
1042453,12
1042454,0
1042455,7
1042456,0
1042457,3
1042458,0
1042459,0
1042460,9
1042461,0
1042462,0
1042463,0
1042464,0
1042465,8
1042466,0
1042467,0
1042468,0
1042469,0
1042470,0
1042471,0
1042472,0
1042473,0
1042474,4
1042475,0
1042476,0
1042477,9
1042478,0
1042479,0
1042480,0
1042481,0
1042482,1
1042483,3
1042484,3
1042485,0
1042486,0
1042487,0
1042488,0
1042489,0
1042490,0
1042491,0
1042492,5
1042493,0
1042494,0
1042495,0
1042496,0
1042497,2
1042498,0
1042499,0
1042500,0
1042501,0
1042502,0
1042503,0
1042504,0
1042505,0
1042506,0
1042507,0
1042508,0
1042509,0
1042510,0
1042511,10
1042512,0
1042513,8
1042514,0
1042515,0
1042516,0
1042517,0
1042518,0
1042519,0
1042520,0
1042521,0
1042522,0
1042523,0
1042524,0
1042525,2
1042526,0
1042527,4
1042528,0
1042529,0
1042530,0
1042531,0
1042532,0
1042533,0
1042534,0
1042535,0
1042536,0
1042537,6
1042538,0
1042539,0
1042540,0
1042541,3
1042542,0
1042543,0
1042544,0
1042545,4
1042546,0
1042547,0
1042548,0
1042549,0
1042550,0
1042551,0
1042552,0
1042553,0
1042554,0
1042555,7
1042556,0
1042557,10
1042558,0
1042559,0
1042560,0
1042561,0
1042562,0
1042563,0
1042564,0
1042565,0
1042566,0
1042567,0
1042568,0
1042569,0
1042570,10
1042571,0
1042572,0
1042573,0
1042574,0
1042575,0
1042576,0
1042577,5
1042578,0
1042579,1
1042580,0
1042581,0
1042582,0
1042583,0
1042584,0
1042585,0
1042586,0
1042587,2
1042588,7
1042589,0
1042590,0
1042591,5
1042592,0
1042593,0
1042594,0
1042595,0
1042596,0
1042597,0
1042598,0
1042599,10
1042600,0
1042601,0
1042602,0
1042603,0
1042604,0
1042605,0
1042606,0
1042607,0
1042608,0
1042609,2
1042610,0
1042611,0
1042612,0
1042613,0
1042614,0
1042615,0
1042616,0
1042617,0
1042618,0
1042619,0
1042620,0
1042621,0
1042622,0
1042623,0
1042624,9
1042625,0
1042626,0
1042627,0
1042628,3
1042629,0
1042630,4
1042631,0
1042632,6
1042633,1
1042634,0
1042635,0
1042636,0
1042637,0
1042638,0
1042639,0
1042640,0
1042641,0
1042642,0
1042643,0
1042644,0
1042645,0
1042646,0
1042647,0
1042648,0
1042649,0
1042650,0
1042651,0
1042652,0
1042653,0
1042654,0
1042655,5
1042656,0
1042657,0
1042658,0
1042659,0
1042660,0
1042661,0
1042662,0
1042663,0
1042664,0
1042665,0
1042666,0
1042667,0
1042668,0
1042669,0
1042670,6
1042671,0
1042672,0
1042673,6
1042674,0
1042675,0
1042676,0
1042677,0
1042678,0
1042679,0
1042680,0
1042681,0
1042682,0
1042683,0
1042684,0
1042685,0
1042686,0
1042687,0
1042688,0
1042689,0
1042690,0
1042691,0
1042692,4
1042693,3
1042694,0
1042695,0
1042696,0
1042697,5
1042698,0
1042699,0
1042700,8
1042701,4
1042702,0
1042703,5
1042704,0
1042705,5
1042706,0
1042707,0
1042708,0
1042709,0
1042710,0
1042711,0
1042712,0
1042713,0
1042714,0
1042715,0
1042716,0
1042717,6
1042718,0
1042719,0
1042720,0
1042721,0
1042722,0
1042723,0
1042724,0
1042725,0
1042726,0
1042727,0
1042728,0
1042729,0
1042730,7
1042731,0
1042732,0
1042733,0
1042734,7
1042735,0
1042736,0
1042737,0
1042738,0
1042739,0
1042740,0
1042741,0
1042742,0
1042743,0
1042744,0
1042745,3
1042746,0
1042747,16
1042748,0
1042749,0
1042750,2
1042751,6
1042752,0
1042753,0
1042754,4
1042755,0
1042756,0
1042757,0
1042758,1
1042759,3
1042760,0
1042761,3
1042762,4
1042763,0
1042764,0
1042765,0
1042766,0
1042767,0
1042768,0
1042769,0
1042770,0
1042771,8
1042772,2
1042773,0
1042774,4
1042775,0
1042776,0
1042777,0
1042778,0
1042779,0
1042780,0
1042781,0
1042782,0
1042783,0
1042784,0
1042785,0
1042786,0
1042787,0
1042788,0
1042789,0
1042790,6
1042791,0
1042792,0
1042793,0
1042794,0
1042795,0
1042796,0
1042797,0
1042798,0
1042799,4
1042800,0
1042801,0
1042802,2
1042803,0
1042804,12
1042805,0
1042806,2
1042807,0
1042808,0
1042809,0
1042810,0
1042811,0
1042812,0
1042813,0
1042814,0
1042815,0
1042816,0
1042817,0
1042818,0
1042819,0
1042820,0
1042821,0
1042822,0
1042823,0
1042824,0
1042825,0
1042826,0
1042827,9
1042828,3
1042829,4
1042830,5
1042831,3
1042832,4
1042833,0
1042834,0
1042835,0
1042836,0
1042837,0
1042838,0
1042839,0
1042840,0
1042841,0
1042842,0
1042843,0
1042844,0
1042845,5
1042846,0
1042847,0
1042848,0
1042849,0
1042850,0
1042851,0
1042852,0
1042853,0
1042854,0
1042855,0
1042856,0
1042857,0
1042858,4
1042859,5
1042860,0
1042861,0
1042862,0
1042863,0
1042864,0
1042865,0
1042866,0
1042867,0
1042868,0
1042869,0
1042870,0
1042871,0
1042872,0
1042873,0
1042874,0
1042875,0
1042876,0
1042877,0
1042878,7
1042879,0
1042880,0
1042881,0
1042882,0
1042883,0
1042884,0
1042885,0
1042886,0
1042887,0
1042888,0
1042889,0
1042890,0
1042891,0
1042892,0
1042893,0
1042894,0
1042895,0
1042896,0
1042897,0
1042898,0
1042899,0
1042900,0
1042901,0
1042902,3
1042903,0
1042904,0
1042905,0
1042906,0
1042907,0
1042908,0
1042909,0
1042910,0
1042911,0
1042912,0
1042913,0
1042914,0
1042915,0
1042916,0
1042917,0
1042918,0
1042919,0
1042920,0
1042921,0
1042922,0
1042923,0
1042924,0
1042925,0
1042926,0
1042927,0
1042928,0
1042929,0
1042930,0
1042931,0
1042932,0
1042933,3
1042934,0
1042935,0
1042936,5
1042937,0
1042938,0
1042939,6
1042940,5
1042941,9
1042942,0
1042943,5
1042944,0
1042945,0
1042946,0
1042947,0
1042948,0
1042949,0
1042950,3
1042951,0
1042952,0
1042953,0
1042954,7
1042955,4
1042956,0
1042957,0
1042958,0
1042959,0
1042960,0
1042961,0
1042962,0
1042963,0
1042964,0
1042965,1
1042966,0
1042967,0
1042968,0
1042969,0
1042970,0
1042971,0
1042972,0
1042973,0
1042974,0
1042975,0
1042976,0
1042977,0
1042978,0
1042979,0
1042980,0
1042981,0
1042982,0
1042983,0
1042984,0
1042985,0
1042986,0
1042987,0
1042988,0
1042989,0
1042990,0
1042991,0
1042992,0
1042993,0
1042994,0
1042995,0
1042996,0
1042997,0
1042998,0
1042999,0
1043000,0
1043001,0
1043002,0
1043003,0
1043004,0
1043005,0
1043006,0
1043007,0
1043008,0
1043009,0
1043010,0
1043011,0
1043012,0
1043013,0
1043014,0
1043015,0
1043016,0
1043017,2
1043018,0
1043019,0
1043020,0
1043021,0
1043022,0
1043023,0
1043024,0
1043025,0
1043026,0
1043027,0
1043028,0
1043029,0
1043030,0
1043031,0
1043032,0
1043033,0
1043034,0
1043035,0
1043036,0
1043037,0
1043038,0
1043039,0
1043040,0
1043041,0
1043042,0
1043043,0
1043044,0
1043045,0
1043046,0
1043047,0
1043048,0
1043049,0
1043050,0
1043051,0
1043052,0
1043053,0
1043054,0
1043055,0
1043056,0
1043057,0
1043058,0
1043059,0
1043060,1
1043061,0
1043062,0
1043063,0
1043064,0
1043065,0
1043066,0
1043067,0
1043068,0
1043069,0
1043070,0
1043071,1
1043072,0
1043073,0
1043074,0
1043075,0
1043076,0
1043077,0
1043078,0
1043079,0
1043080,0
1043081,0
1043082,0
1043083,0
1043084,0
1043085,1
1043086,0
1043087,1
1043088,0
1043089,0
1043090,0
1043091,0
1043092,0
1043093,0
1043094,0
1043095,0
1043096,0
1043097,0
1043098,0
1043099,0
1043100,0
1043101,0
1043102,1
1043103,0
1043104,0
1043105,0
1043106,0
1043107,1
1043108,0
1043109,1
1043110,0
1043111,0
1043112,0
1043113,0
1043114,0
1043115,0
1043116,0
1043117,0
1043118,0
1043119,0
1043120,0
1043121,0
1043122,0
1043123,0
1043124,0
1043125,0
1043126,1
1043127,0
1043128,0
1043129,0
1043130,0
1043131,0
1043132,0
1043133,0
1043134,0
1043135,0
1043136,0
1043137,0
1043138,0
1043139,0
1043140,0
1043141,0
1043142,0
1043143,0
1043144,0
1043145,0
1043146,1
1043147,0
1043148,0
1043149,0
1043150,0
1043151,0
1043152,0
1043153,0
1043154,0
1043155,0
1043156,0
1043157,0
1043158,0
1043159,0
1043160,0
1043161,0
1043162,0
1043163,0
1043164,0
1043165,0
1043166,0
1043167,0
1043168,0
1043169,0
1043170,0
1043171,0
1043172,0
1043173,0
1043174,0
1043175,0
1043176,0
1043177,0
1043178,0
1043179,0
1043180,0
1043181,0
1043182,0
1043183,0
1043184,0
1043185,0
1043186,0
1043187,0
1043188,0
1043189,0
1043190,0
1043191,1
1043192,0
1043193,0
1043194,0
1043195,0
1043196,0
1043197,0
1043198,0
1043199,0
1043200,1
1043201,0
1043202,0
1043203,0
1043204,0
1043205,0
1043206,0
1043207,0
1043208,0
1043209,0
1043210,0
1043211,0
1043212,0
1043213,0
1043214,0
1043215,0
1043216,0
1043217,0
1043218,0
1043219,0
1043220,0
1043221,0
1043222,0
1043223,0
1043224,0
1043225,0
1043226,0
1043227,2
1043228,0
1043229,0
1043230,0
1043231,0
1043232,0
1043233,0
1043234,0
1043235,0
1043236,0
1043237,0
1043238,0
1043239,0
1043240,1
1043241,0
1043242,0
1043243,0
1043244,0
1043245,0
1043246,0
1043247,0
1043248,0
1043249,0
1043250,0
1043251,0
1043252,0
1043253,0
1043254,0
1043255,0
1043256,0
1043257,0
1043258,0
1043259,0
1043260,0
1043261,0
1043262,0
1043263,0
1043264,0
1043265,0
1043266,0
1043267,0
1043268,0
1043269,0
1043270,0
1043271,1
1043272,0
1043273,0
1043274,0
1043275,0
1043276,0
1043277,0
1043278,0
1043279,0
1043280,0
1043281,0
1043282,0
1043283,1
1043284,0
1043285,0
1043286,0
1043287,0
1043288,0
1043289,0
1043290,0
1043291,0
1043292,0
1043293,0
1043294,0
1043295,0
1043296,0
1043297,0
1043298,0
1043299,0
1043300,0
1043301,0
1043302,0
1043303,0
1043304,0
1043305,0
1043306,0
1043307,0
1043308,0
1043309,0
1043310,0
1043311,0
1043312,1
1043313,0
1043314,0
1043315,0
1043316,0
1043317,0
1043318,0
1043319,0
1043320,0
1043321,0
1043322,1
1043323,0
1043324,0
1043325,0
1043326,0
1043327,0
1043328,0
1043329,0
1043330,0
1043331,0
1043332,0
1043333,0
1043334,0
1043335,0
1043336,0
1043337,0
1043338,0
1043339,0
1043340,0
1043341,0
1043342,0
1043343,0
1043344,0
1043345,0
1043346,0
1043347,0
1043348,0
1043349,0
1043350,0
1043351,0
1043352,0
1043353,0
1043354,0
1043355,0
1043356,0
1043357,0
1043358,0
1043359,0
1043360,0
1043361,0
1043362,0
1043363,0
1043364,0
1043365,0
1043366,0
1043367,1
1043368,0
1043369,0
1043370,0
1043371,0
1043372,0
1043373,0
1043374,0
1043375,0
1043376,0
1043377,0
1043378,0
1043379,0
1043380,0
1043381,0
1043382,0
1043383,0
1043384,0
1043385,0
1043386,0
1043387,0
1043388,0
1043389,0
1043390,0
1043391,0
1043392,0
1043393,0
1043394,0
1043395,2
1043396,0
1043397,0
1043398,0
1043399,0
1043400,0
1043401,0
1043402,0
1043403,0
1043404,0
1043405,0
1043406,1
1043407,0
1043408,0
1043409,0
1043410,0
1043411,1
1043412,0
1043413,0
1043414,0
1043415,0
1043416,0
1043417,0
1043418,0
1043419,0
1043420,0
1043421,0
1043422,0
1043423,0
1043424,0
1043425,0
1043426,0
1043427,0
1043428,0
1043429,0
1043430,0
1043431,0
1043432,2
1043433,0
1043434,0
1043435,0
1043436,0
1043437,0
1043438,0
1043439,0
1043440,0
1043441,0
1043442,1
1043443,0
1043444,0
1043445,0
1043446,0
1043447,0
1043448,0
1043449,0
1043450,0
1043451,0
1043452,0
1043453,0
1043454,0
1043455,0
1043456,0
1043457,0
1043458,0
1043459,0
1043460,0
1043461,0
1043462,0
1043463,0
1043464,0
1043465,0
1043466,0
1043467,0
1043468,0
1043469,0
1043470,1
1043471,0
1043472,0
1043473,0
1043474,0
1043475,0
1043476,0
1043477,0
1043478,1
1043479,0
1043480,0
1043481,0
1043482,0
1043483,1
1043484,0
1043485,0
1043486,0
1043487,0
1043488,0
1043489,1
1043490,0
1043491,0
1043492,0
1043493,0
1043494,0
1043495,0
1043496,0
1043497,0
1043498,0
1043499,1
1043500,0
1043501,0
1043502,0
1043503,0
1043504,0
1043505,0
1043506,0
1043507,0
1043508,0
1043509,0
1043510,0
1043511,0
1043512,0
1043513,0
1043514,0
1043515,0
1043516,0
1043517,0
1043518,0
1043519,0
1043520,0
1043521,0
1043522,0
1043523,0
1043524,0
1043525,0
1043526,0
1043527,0
1043528,0
1043529,0
1043530,0
1043531,0
1043532,0
1043533,0
1043534,0
1043535,0
1043536,0
1043537,0
1043538,0
1043539,0
1043540,0
1043541,0
1043542,0
1043543,0
1043544,0
1043545,0
1043546,0
1043547,0
1043548,0
1043549,0
1043550,0
1043551,0
1043552,0
1043553,0
1043554,0
1043555,0
1043556,0
1043557,0
1043558,0
1043559,0
1043560,0
1043561,1
1043562,0
1043563,0
1043564,0
1043565,0
1043566,1
1043567,0
1043568,0
1043569,0
1043570,0
1043571,0
1043572,1
1043573,0
1043574,1
1043575,0
1043576,0
1043577,0
1043578,0
1043579,0
1043580,0
1043581,2
1043582,0
1043583,0
1043584,0
1043585,0
1043586,0
1043587,0
1043588,0
1043589,0
1043590,0
1043591,0
1043592,0
1043593,0
1043594,0
1043595,0
1043596,0
1043597,0
1043598,0
1043599,0
1043600,0
1043601,0
1043602,0
1043603,0
1043604,1
1043605,0
1043606,0
1043607,0
1043608,0
1043609,0
1043610,0
1043611,0
1043612,0
1043613,0
1043614,0
1043615,0
1043616,0
1043617,0
1043618,0
1043619,0
1043620,0
1043621,0
1043622,0
1043623,0
1043624,1
1043625,0
1043626,0
1043627,0
1043628,0
1043629,0
1043630,0
1043631,0
1043632,0
1043633,0
1043634,0
1043635,0
1043636,0
1043637,0
1043638,0
1043639,0
1043640,0
1043641,0
1043642,0
1043643,0
1043644,0
1043645,0
1043646,1
1043647,0
1043648,1
1043649,0
1043650,0
1043651,0
1043652,0
1043653,0
1043654,0
1043655,0
1043656,0
1043657,0
1043658,0
1043659,0
1043660,0
1043661,0
1043662,0
1043663,0
1043664,1
1043665,0
1043666,1
1043667,0
1043668,0
1043669,0
1043670,0
1043671,0
1043672,0
1043673,0
1043674,0
1043675,0
1043676,0
1043677,0
1043678,0
1043679,0
1043680,0
1043681,0
1043682,0
1043683,0
1043684,0
1043685,0
1043686,0
1043687,1
1043688,0
1043689,0
1043690,0
1043691,2
1043692,0
1043693,0
1043694,0
1043695,1
1043696,0
1043697,0
1043698,0
1043699,0
1043700,0
1043701,0
1043702,0
1043703,0
1043704,0
1043705,0
1043706,0
1043707,0
1043708,0
1043709,0
1043710,0
1043711,0
1043712,0
1043713,0
1043714,0
1043715,0
1043716,0
1043717,0
1043718,0
1043719,0
1043720,0
1043721,0
1043722,0
1043723,0
1043724,0
1043725,0
1043726,0
1043727,0
1043728,0
1043729,0
1043730,0
1043731,0
1043732,0
1043733,0
1043734,0
1043735,0
1043736,0
1043737,0
1043738,0
1043739,0
1043740,0
1043741,0
1043742,0
1043743,0
1043744,0
1043745,0
1043746,0
1043747,0
1043748,0
1043749,1
1043750,0
1043751,0
1043752,0
1043753,0
1043754,0
1043755,1
1043756,0
1043757,0
1043758,0
1043759,0
1043760,0
1043761,0
1043762,0
1043763,0
1043764,0
1043765,0
1043766,0
1043767,0
1043768,0
1043769,0
1043770,0
1043771,0
1043772,0
1043773,0
1043774,0
1043775,0
1043776,0
1043777,0
1043778,0
1043779,0
1043780,0
1043781,0
1043782,1
1043783,0
1043784,0
1043785,0
1043786,0
1043787,0
1043788,0
1043789,0
1043790,0
1043791,0
1043792,0
1043793,0
1043794,0
1043795,0
1043796,0
1043797,0
1043798,0
1043799,0
1043800,0
1043801,0
1043802,0
1043803,0
1043804,0
1043805,0
1043806,0
1043807,0
1043808,0
1043809,0
1043810,0
1043811,0
1043812,0
1043813,0
1043814,0
1043815,0
1043816,0
1043817,1
1043818,0
1043819,0
1043820,0
1043821,0
1043822,0
1043823,0
1043824,0
1043825,0
1043826,0
1043827,0
1043828,0
1043829,0
1043830,0
1043831,0
1043832,0
1043833,0
1043834,0
1043835,0
1043836,0
1043837,0
1043838,1
1043839,1
1043840,0
1043841,0
1043842,1
1043843,0
1043844,0
1043845,0
1043846,0
1043847,0
1043848,0
1043849,0
1043850,0
1043851,0
1043852,0
1043853,0
1043854,0
1043855,0
1043856,0
1043857,0
1043858,0
1043859,0
1043860,0
1043861,0
1043862,0
1043863,1
1043864,0
1043865,0
1043866,0
1043867,0
1043868,0
1043869,2
1043870,0
1043871,0
1043872,1
1043873,0
1043874,1
1043875,0
1043876,0
1043877,0
1043878,0
1043879,0
1043880,0
1043881,0
1043882,0
1043883,0
1043884,0
1043885,0
1043886,1
1043887,0
1043888,0
1043889,0
1043890,0
1043891,0
1043892,0
1043893,0
1043894,0
1043895,0
1043896,0
1043897,0
1043898,0
1043899,0
1043900,0
1043901,0
1043902,0
1043903,0
1043904,0
1043905,0
1043906,0
1043907,0
1043908,0
1043909,0
1043910,0
1043911,0
1043912,0
1043913,0
1043914,0
1043915,0
1043916,0
1043917,0
1043918,1
1043919,0
1043920,0
1043921,0
1043922,0
1043923,0
1043924,0
1043925,0
1043926,0
1043927,0
1043928,6
1043929,0
1043930,0
1043931,0
1043932,0
1043933,0
1043934,0
1043935,0
1043936,0
1043937,0
1043938,0
1043939,0
1043940,0
1043941,0
1043942,0
1043943,0
1043944,0
1043945,0
1043946,0
1043947,8
1043948,0
1043949,0
1043950,0
1043951,0
1043952,0
1043953,0
1043954,0
1043955,0
1043956,0
1043957,0
1043958,0
1043959,0
1043960,0
1043961,0
1043962,0
1043963,0
1043964,0
1043965,0
1043966,0
1043967,11
1043968,0
1043969,0
1043970,0
1043971,0
1043972,0
1043973,0
1043974,0
1043975,0
1043976,0
1043977,0
1043978,0
1043979,0
1043980,0
1043981,0
1043982,0
1043983,0
1043984,10
1043985,8
1043986,0
1043987,0
1043988,0
1043989,0
1043990,0
1043991,0
1043992,0
1043993,0
1043994,0
1043995,0
1043996,8
1043997,0
1043998,0
1043999,10
1044000,0
1044001,0
1044002,0
1044003,0
1044004,12
1044005,0
1044006,0
1044007,0
1044008,15
1044009,0
1044010,0
1044011,0
1044012,0
1044013,8
1044014,0
1044015,0
1044016,0
1044017,12
1044018,0
1044019,0
1044020,0
1044021,0
1044022,0
1044023,0
1044024,0
1044025,0
1044026,0
1044027,0
1044028,0
1044029,0
1044030,0
1044031,0
1044032,0
1044033,0
1044034,0
1044035,0
1044036,0
1044037,0
1044038,0
1044039,0
1044040,0
1044041,0
1044042,0
1044043,0
1044044,0
1044045,0
1044046,9
1044047,0
1044048,0
1044049,0
1044050,0
1044051,0
1044052,12
1044053,0
1044054,0
1044055,0
1044056,0
1044057,0
1044058,0
1044059,0
1044060,0
1044061,9
1044062,0
1044063,6
1044064,0
1044065,8
1044066,0
1044067,0
1044068,0
1044069,0
1044070,0
1044071,0
1044072,0
1044073,0
1044074,0
1044075,0
1044076,0
1044077,0
1044078,12
1044079,0
1044080,9
1044081,0
1044082,21
1044083,0
1044084,17
1044085,0
1044086,0
1044087,0
1044088,0
1044089,0
1044090,0
1044091,10
1044092,0
1044093,0
1044094,10
1044095,0
1044096,11
1044097,0
1044098,0
1044099,0
1044100,0
1044101,0
1044102,0
1044103,0
1044104,9
1044105,0
1044106,7
1044107,0
1044108,11
1044109,0
1044110,0
1044111,0
1044112,0
1044113,0
1044114,0
1044115,0
1044116,0
1044117,9
1044118,10
1044119,0
1044120,0
1044121,15
1044122,8
1044123,0
1044124,0
1044125,0
1044126,0
1044127,0
1044128,0
1044129,0
1044130,0
1044131,0
1044132,10
1044133,0
1044134,0
1044135,0
1044136,0
1044137,0
1044138,8
1044139,6
1044140,0
1044141,0
1044142,0
1044143,0
1044144,0
1044145,0
1044146,0
1044147,0
1044148,0
1044149,0
1044150,0
1044151,0
1044152,0
1044153,11
1044154,0
1044155,0
1044156,13
1044157,0
1044158,0
1044159,8
1044160,0
1044161,0
1044162,0
1044163,0
1044164,0
1044165,0
1044166,0
1044167,7
1044168,0
1044169,8
1044170,11
1044171,0
1044172,0
1044173,0
1044174,0
1044175,8
1044176,14
1044177,14
1044178,0
1044179,0
1044180,0
1044181,20
1044182,0
1044183,0
1044184,0
1044185,0
1044186,0
1044187,0
1044188,0
1044189,0
1044190,14
1044191,0
1044192,0
1044193,0
1044194,0
1044195,0
1044196,0
1044197,0
1044198,10
1044199,0
1044200,12
1044201,0
1044202,0
1044203,6
1044204,0
1044205,0
1044206,0
1044207,0
1044208,0
1044209,0
1044210,0
1044211,0
1044212,7
1044213,0
1044214,0
1044215,0
1044216,0
1044217,0
1044218,0
1044219,0
1044220,0
1044221,14
1044222,0
1044223,4
1044224,0
1044225,10
1044226,0
1044227,0
1044228,6
1044229,0
1044230,0
1044231,10
1044232,0
1044233,0
1044234,0
1044235,0
1044236,0
1044237,0
1044238,0
1044239,0
1044240,0
1044241,0
1044242,0
1044243,0
1044244,0
1044245,0
1044246,4
1044247,9
1044248,0
1044249,0
1044250,9
1044251,0
1044252,0
1044253,0
1044254,11
1044255,0
1044256,0
1044257,0
1044258,0
1044259,8
1044260,0
1044261,0
1044262,0
1044263,0
1044264,0
1044265,0
1044266,0
1044267,0
1044268,0
1044269,0
1044270,0
1044271,0
1044272,0
1044273,0
1044274,0
1044275,0
1044276,0
1044277,0
1044278,0
1044279,0
1044280,12
1044281,0
1044282,0
1044283,0
1044284,0
1044285,0
1044286,0
1044287,0
1044288,0
1044289,8
1044290,0
1044291,0
1044292,10
1044293,0
1044294,0
1044295,0
1044296,10
1044297,0
1044298,0
1044299,0
1044300,0
1044301,0
1044302,0
1044303,0
1044304,0
1044305,0
1044306,0
1044307,13
1044308,0
1044309,0
1044310,0
1044311,0
1044312,0
1044313,0
1044314,0
1044315,0
1044316,0
1044317,16
1044318,12
1044319,0
1044320,0
1044321,0
1044322,0
1044323,0
1044324,0
1044325,0
1044326,0
1044327,0
1044328,0
1044329,0
1044330,0
1044331,0
1044332,0
1044333,0
1044334,10
1044335,0
1044336,0
1044337,0
1044338,9
1044339,14
1044340,0
1044341,0
1044342,0
1044343,0
1044344,0
1044345,0
1044346,0
1044347,0
1044348,0
1044349,20
1044350,8
1044351,0
1044352,0
1044353,0
1044354,0
1044355,0
1044356,0
1044357,0
1044358,0
1044359,12
1044360,0
1044361,0
1044362,0
1044363,0
1044364,9
1044365,0
1044366,0
1044367,0
1044368,7
1044369,7
1044370,0
1044371,11
1044372,0
1044373,0
1044374,0
1044375,14
1044376,0
1044377,0
1044378,0
1044379,0
1044380,0
1044381,0
1044382,0
1044383,0
1044384,0
1044385,0
1044386,0
1044387,6
1044388,0
1044389,8
1044390,0
1044391,0
1044392,0
1044393,0
1044394,0
1044395,0
1044396,13
1044397,6
1044398,0
1044399,0
1044400,0
1044401,0
1044402,12
1044403,0
1044404,17
1044405,0
1044406,0
1044407,9
1044408,0
1044409,0
1044410,7
1044411,0
1044412,0
1044413,0
1044414,0
1044415,0
1044416,8
1044417,0
1044418,0
1044419,0
1044420,6
1044421,8
1044422,9
1044423,0
1044424,0
1044425,0
1044426,0
1044427,0
1044428,0
1044429,9
1044430,13
1044431,0
1044432,0
1044433,0
1044434,0
1044435,0
1044436,0
1044437,0
1044438,0
1044439,0
1044440,0
1044441,0
1044442,0
1044443,0
1044444,0
1044445,0
1044446,0
1044447,0
1044448,0
1044449,0
1044450,0
1044451,0
1044452,0
1044453,0
1044454,0
1044455,0
1044456,0
1044457,0
1044458,42
1044459,0
1044460,42
1044461,45
1044462,0
1044463,0
1044464,0
1044465,0
1044466,0
1044467,0
1044468,35
1044469,0
1044470,0
1044471,0
1044472,45
1044473,37
1044474,0
1044475,0
1044476,0
1044477,0
1044478,0
1044479,31
1044480,0
1044481,31
1044482,0
1044483,38
1044484,0
1044485,0
1044486,0
1044487,0
1044488,48
1044489,19
1044490,0
1044491,0
1044492,0
1044493,25
1044494,0
1044495,0
1044496,0
1044497,38
1044498,0
1044499,0
1044500,0
1044501,0
1044502,24
1044503,26
1044504,0
1044505,0
1044506,38
1044507,40
1044508,0
1044509,0
1044510,0
1044511,0
1044512,0
1044513,0
1044514,0
1044515,0
1044516,0
1044517,0
1044518,30
1044519,31
1044520,0
1044521,0
1044522,0
1044523,0
1044524,0
1044525,0
1044526,36
1044527,0
1044528,0
1044529,49
1044530,35
1044531,0
1044532,0
1044533,0
1044534,0
1044535,20
1044536,0
1044537,0
1044538,45
1044539,41
1044540,0
1044541,0
1044542,0
1044543,26
1044544,0
1044545,0
1044546,0
1044547,34
1044548,0
1044549,36
1044550,0
1044551,37
1044552,0
1044553,0
1044554,42
1044555,30
1044556,20
1044557,0
1044558,0
1044559,0
1044560,0
1044561,0
1044562,0
1044563,0
1044564,0
1044565,0
1044566,0
1044567,0
1044568,0
1044569,0
1044570,41
1044571,0
1044572,0
1044573,0
1044574,0
1044575,0
1044576,0
1044577,0
1044578,0
1044579,0
1044580,0
1044581,0
1044582,0
1044583,0
1044584,0
1044585,23
1044586,0
1044587,35
1044588,0
1044589,0
1044590,0
1044591,0
1044592,0
1044593,41
1044594,0
1044595,0
1044596,0
1044597,0
1044598,0
1044599,33
1044600,35
1044601,30
1044602,33
1044603,43
1044604,39
1044605,0
1044606,39
1044607,0
1044608,35
1044609,0
1044610,22
1044611,31
1044612,0
1044613,35
1044614,0
1044615,0
1044616,0
1044617,0
1044618,0
1044619,0
1044620,0
1044621,30
1044622,0
1044623,0
1044624,0
1044625,0
1044626,32
1044627,0
1044628,0
1044629,0
1044630,0
1044631,0
1044632,0
1044633,0
1044634,0
1044635,35
1044636,0
1044637,0
1044638,0
1044639,0
1044640,0
1044641,0
1044642,28
1044643,42
1044644,0
1044645,0
1044646,39
1044647,32
1044648,0
1044649,0
1044650,29
1044651,0
1044652,31
1044653,0
1044654,0
1044655,0
1044656,0
1044657,0
1044658,45
1044659,0
1044660,0
1044661,0
1044662,0
1044663,0
1044664,0
1044665,0
1044666,0
1044667,0
1044668,0
1044669,0
1044670,0
1044671,0
1044672,0
1044673,0
1044674,0
1044675,0
1044676,0
1044677,55
1044678,0
1044679,0
1044680,33
1044681,31
1044682,0
1044683,0
1044684,0
1044685,0
1044686,0
1044687,0
1044688,0
1044689,0
1044690,32
1044691,0
1044692,0
1044693,0
1044694,0
1044695,0
1044696,0
1044697,0
1044698,45
1044699,0
1044700,0
1044701,37
1044702,0
1044703,40
1044704,0
1044705,0
1044706,53
1044707,0
1044708,0
1044709,0
1044710,0
1044711,27
1044712,0
1044713,35
1044714,0
1044715,0
1044716,0
1044717,0
1044718,0
1044719,0
1044720,0
1044721,0
1044722,0
1044723,0
1044724,0
1044725,0
1044726,0
1044727,0
1044728,0
1044729,0
1044730,0
1044731,0
1044732,0
1044733,0
1044734,0
1044735,0
1044736,29
1044737,46
1044738,0
1044739,0
1044740,0
1044741,0
1044742,0
1044743,0
1044744,0
1044745,0
1044746,0
1044747,0
1044748,31
1044749,0
1044750,0
1044751,37
1044752,34
1044753,0
1044754,0
1044755,0
1044756,0
1044757,0
1044758,0
1044759,0
1044760,0
1044761,0
1044762,0
1044763,0
1044764,0
1044765,0
1044766,0
1044767,0
1044768,0
1044769,0
1044770,0
1044771,0
1044772,0
1044773,0
1044774,0
1044775,0
1044776,0
1044777,0
1044778,39
1044779,0
1044780,0
1044781,44
1044782,0
1044783,0
1044784,0
1044785,27
1044786,0
1044787,0
1044788,0
1044789,24
1044790,30
1044791,0
1044792,0
1044793,0
1044794,0
1044795,0
1044796,0
1044797,0
1044798,0
1044799,0
1044800,0
1044801,0
1044802,0
1044803,0
1044804,0
1044805,0
1044806,0
1044807,0
1044808,0
1044809,0
1044810,0
1044811,0
1044812,40
1044813,0
1044814,0
1044815,0
1044816,0
1044817,0
1044818,0
1044819,0
1044820,0
1044821,0
1044822,0
1044823,0
1044824,0
1044825,0
1044826,0
1044827,0
1044828,0
1044829,39
1044830,27
1044831,0
1044832,0
1044833,22
1044834,0
1044835,0
1044836,0
1044837,27
1044838,0
1044839,0
1044840,40
1044841,0
1044842,26
1044843,0
1044844,0
1044845,0
1044846,0
1044847,0
1044848,32
1044849,0
1044850,0
1044851,0
1044852,0
1044853,0
1044854,0
1044855,0
1044856,0
1044857,37
1044858,0
1044859,0
1044860,0
1044861,38
1044862,42
1044863,0
1044864,0
1044865,0
1044866,0
1044867,0
1044868,0
1044869,0
1044870,0
1044871,40
1044872,41
1044873,0
1044874,31
1044875,0
1044876,43
1044877,0
1044878,27
1044879,0
1044880,28
1044881,0
1044882,0
1044883,34
1044884,0
1044885,31
1044886,48
1044887,32
1044888,0
1044889,27
1044890,0
1044891,0
1044892,0
1044893,0
1044894,35
1044895,0
1044896,43
1044897,0
1044898,0
1044899,0
1044900,0
1044901,21
1044902,0
1044903,35
1044904,0
1044905,0
1044906,0
1044907,0
1044908,0
1044909,0
1044910,0
1044911,25
1044912,0
1044913,0
1044914,0
1044915,0
1044916,0
1044917,0
1044918,0
1044919,0
1044920,0
1044921,0
1044922,31
1044923,0
1044924,0
1044925,0
1044926,0
1044927,0
1044928,0
1044929,35
1044930,33
1044931,42
1044932,0
1044933,0
1044934,0
1044935,35
1044936,0
1044937,0
1044938,0
1044939,0
1044940,26
1044941,0
1044942,0
1044943,0
1044944,0
1044945,31
1044946,0
1044947,0
1044948,0
1044949,0
1044950,30
1044951,0
1044952,0
1044953,0
1044954,0
1044955,47
1044956,0
1044957,0
1044958,27
1044959,36
1044960,0
1044961,0
1044962,0
1044963,0
1044964,0
1044965,0
1044966,0
1044967,0
1044968,57
1044969,0
1044970,32
1044971,37
1044972,0
1044973,0
1044974,0
1044975,46
1044976,27
1044977,33
1044978,0
1044979,48
1044980,0
1044981,37
1044982,0
1044983,0
1044984,0
1044985,36
1044986,36
1044987,0
1044988,0
1044989,0
1044990,0
1044991,0
1044992,29
1044993,47
1044994,15
1044995,0
1044996,0
1044997,0
1044998,0
1044999,0
1045000,0
1045001,0
1045002,0
1045003,34
1045004,0
1045005,40
1045006,0
1045007,0
1045008,51
1045009,36
1045010,0
1045011,0
1045012,0
1045013,0
1045014,0
1045015,0
1045016,0
1045017,0
1045018,33
1045019,34
1045020,31
1045021,48
1045022,0
1045023,0
1045024,0
1045025,0
1045026,38
1045027,0
1045028,0
1045029,49
1045030,0
1045031,0
1045032,0
1045033,0
1045034,0
1045035,44
1045036,0
1045037,0
1045038,30
1045039,0
1045040,0
1045041,42
1045042,44
1045043,46
1045044,34
1045045,28
1045046,28
1045047,0
1045048,0
1045049,0
1045050,0
1045051,32
1045052,0
1045053,0
1045054,0
1045055,0
1045056,0
1045057,37
1045058,0
1045059,0
1045060,0
1045061,0
1045062,55
1045063,0
1045064,0
1045065,0
1045066,26
1045067,38
1045068,0
1045069,33
1045070,0
1045071,0
1045072,0
1045073,27
1045074,0
1045075,0
1045076,0
1045077,0
1045078,0
1045079,0
1045080,29
1045081,0
1045082,0
1045083,0
1045084,24
1045085,36
1045086,29
1045087,35
1045088,0
1045089,0
1045090,27
1045091,0
1045092,0
1045093,0
1045094,0
1045095,38
1045096,38
1045097,24
1045098,0
1045099,0
1045100,39
1045101,0
1045102,0
1045103,0
1045104,39
1045105,0
1045106,29
1045107,0
1045108,0
1045109,0
1045110,0
1045111,47
1045112,31
1045113,34
1045114,0
1045115,0
1045116,0
1045117,0
1045118,0
1045119,0
1045120,0
1045121,0
1045122,0
1045123,0
1045124,0
1045125,0
1045126,0
1045127,0
1045128,0
1045129,0
1045130,0
1045131,0
1045132,0
1045133,0
1045134,0
1045135,0
1045136,0
1045137,0
1045138,0
1045139,29
1045140,0
1045141,0
1045142,0
1045143,0
1045144,42
1045145,0
1045146,0
1045147,0
1045148,0
1045149,47
1045150,0
1045151,0
1045152,0
1045153,0
1045154,0
1045155,0
1045156,0
1045157,38
1045158,0
1045159,0
1045160,0
1045161,0
1045162,0
1045163,0
1045164,0
1045165,0
1045166,0
1045167,0
1045168,0
1045169,0
1045170,0
1045171,0
1045172,0
1045173,0
1045174,0
1045175,0
1045176,0
1045177,0
1045178,0
1045179,0
1045180,41
1045181,0
1045182,0
1045183,28
1045184,0
1045185,0
1045186,0
1045187,0
1045188,0
1045189,38
1045190,0
1045191,44
1045192,0
1045193,0
1045194,0
1045195,36
1045196,0
1045197,0
1045198,24
1045199,0
1045200,0
1045201,60
1045202,0
1045203,49
1045204,0
1045205,0
1045206,0
1045207,0
1045208,0
1045209,0
1045210,0
1045211,0
1045212,0
1045213,39
1045214,0
1045215,0
1045216,0
1045217,0
1045218,28
1045219,30
1045220,0
1045221,0
1045222,0
1045223,0
1045224,0
1045225,0
1045226,0
1045227,0
1045228,32
1045229,23
1045230,29
1045231,0
1045232,0
1045233,0
1045234,28
1045235,0
1045236,36
1045237,38
1045238,0
1045239,0
1045240,28
1045241,0
1045242,24
1045243,30
1045244,0
1045245,0
1045246,0
1045247,0
1045248,0
1045249,0
1045250,0
1045251,5
1045252,0
1045253,0
1045254,8
1045255,0
1045256,0
1045257,0
1045258,0
1045259,0
1045260,0
1045261,5
1045262,0
1045263,0
1045264,0
1045265,9
1045266,0
1045267,0
1045268,0
1045269,0
1045270,0
1045271,0
1045272,0
1045273,0
1045274,0
1045275,0
1045276,0
1045277,9
1045278,0
1045279,0
1045280,0
1045281,0
1045282,0
1045283,0
1045284,0
1045285,0
1045286,0
1045287,0
1045288,10
1045289,0
1045290,0
1045291,0
1045292,0
1045293,0
1045294,0
1045295,0
1045296,0
1045297,0
1045298,0
1045299,0
1045300,0
1045301,0
1045302,0
1045303,10
1045304,10
1045305,0
1045306,0
1045307,0
1045308,0
1045309,7
1045310,0
1045311,0
1045312,0
1045313,0
1045314,0
1045315,15
1045316,0
1045317,0
1045318,0
1045319,0
1045320,0
1045321,0
1045322,0
1045323,0
1045324,0
1045325,14
1045326,0
1045327,0
1045328,15
1045329,0
1045330,0
1045331,0
1045332,0
1045333,0
1045334,0
1045335,0
1045336,0
1045337,0
1045338,0
1045339,0
1045340,0
1045341,0
1045342,0
1045343,0
1045344,0
1045345,0
1045346,0
1045347,0
1045348,0
1045349,0
1045350,0
1045351,18
1045352,0
1045353,0
1045354,0
1045355,0
1045356,0
1045357,0
1045358,0
1045359,0
1045360,0
1045361,0
1045362,0
1045363,0
1045364,0
1045365,0
1045366,0
1045367,11
1045368,0
1045369,0
1045370,0
1045371,0
1045372,0
1045373,10
1045374,11
1045375,0
1045376,0
1045377,0
1045378,0
1045379,0
1045380,0
1045381,0
1045382,0
1045383,0
1045384,0
1045385,0
1045386,0
1045387,14
1045388,0
1045389,0
1045390,0
1045391,0
1045392,0
1045393,0
1045394,0
1045395,0
1045396,0
1045397,0
1045398,0
1045399,7
1045400,0
1045401,0
1045402,0
1045403,0
1045404,0
1045405,0
1045406,0
1045407,0
1045408,12
1045409,0
1045410,0
1045411,0
1045412,0
1045413,0
1045414,0
1045415,0
1045416,9
1045417,5
1045418,0
1045419,0
1045420,0
1045421,0
1045422,0
1045423,0
1045424,0
1045425,0
1045426,0
1045427,0
1045428,0
1045429,0
1045430,17
1045431,0
1045432,0
1045433,0
1045434,0
1045435,9
1045436,0
1045437,0
1045438,0
1045439,0
1045440,0
1045441,0
1045442,0
1045443,0
1045444,0
1045445,0
1045446,0
1045447,0
1045448,0
1045449,14
1045450,0
1045451,0
1045452,0
1045453,0
1045454,0
1045455,13
1045456,0
1045457,17
1045458,5
1045459,11
1045460,0
1045461,0
1045462,0
1045463,0
1045464,0
1045465,0
1045466,5
1045467,0
1045468,21
1045469,4
1045470,0
1045471,0
1045472,0
1045473,0
1045474,0
1045475,0
1045476,0
1045477,0
1045478,0
1045479,0
1045480,0
1045481,0
1045482,0
1045483,0
1045484,0
1045485,0
1045486,0
1045487,0
1045488,0
1045489,0
1045490,0
1045491,0
1045492,0
1045493,0
1045494,12
1045495,0
1045496,0
1045497,0
1045498,0
1045499,0
1045500,13
1045501,0
1045502,0
1045503,9
1045504,0
1045505,0
1045506,10
1045507,11
1045508,23
1045509,0
1045510,0
1045511,0
1045512,0
1045513,0
1045514,0
1045515,0
1045516,4
1045517,0
1045518,0
1045519,0
1045520,0
1045521,13
1045522,0
1045523,0
1045524,0
1045525,0
1045526,0
1045527,0
1045528,7
1045529,0
1045530,0
1045531,0
1045532,0
1045533,0
1045534,0
1045535,0
1045536,0
1045537,0
1045538,0
1045539,0
1045540,0
1045541,0
1045542,0
1045543,0
1045544,0
1045545,0
1045546,19
1045547,13
1045548,0
1045549,0
1045550,0
1045551,0
1045552,0
1045553,0
1045554,0
1045555,0
1045556,0
1045557,0
1045558,0
1045559,0
1045560,0
1045561,0
1045562,0
1045563,0
1045564,0
1045565,0
1045566,0
1045567,0
1045568,0
1045569,0
1045570,0
1045571,0
1045572,0
1045573,0
1045574,0
1045575,0
1045576,0
1045577,0
1045578,0
1045579,0
1045580,7
1045581,0
1045582,0
1045583,0
1045584,0
1045585,7
1045586,0
1045587,0
1045588,0
1045589,0
1045590,0
1045591,0
1045592,0
1045593,0
1045594,0
1045595,0
1045596,15
1045597,0
1045598,0
1045599,0
1045600,9
1045601,0
1045602,0
1045603,11
1045604,0
1045605,0
1045606,0
1045607,0
1045608,11
1045609,0
1045610,0
1045611,0
1045612,0
1045613,8
1045614,0
1045615,0
1045616,0
1045617,0
1045618,0
1045619,0
1045620,0
1045621,0
1045622,0
1045623,0
1045624,0
1045625,0
1045626,0
1045627,0
1045628,0
1045629,0
1045630,0
1045631,0
1045632,0
1045633,0
1045634,0
1045635,0
1045636,0
1045637,0
1045638,0
1045639,0
1045640,9
1045641,0
1045642,15
1045643,0
1045644,11
1045645,0
1045646,21
1045647,0
1045648,0
1045649,8
1045650,0
1045651,0
1045652,0
1045653,0
1045654,0
1045655,16
1045656,12
1045657,0
1045658,0
1045659,0
1045660,0
1045661,14
1045662,0
1045663,0
1045664,0
1045665,0
1045666,0
1045667,0
1045668,0
1045669,18
1045670,0
1045671,0
1045672,0
1045673,12
1045674,0
1045675,0
1045676,0
1045677,0
1045678,0
1045679,7
1045680,0
1045681,0
1045682,0
1045683,0
1045684,0
1045685,0
1045686,0
1045687,7
1045688,0
1045689,0
1045690,0
1045691,0
1045692,9
1045693,13
1045694,0
1045695,0
1045696,0
1045697,0
1045698,0
1045699,0
1045700,0
1045701,0
1045702,0
1045703,0
1045704,0
1045705,15
1045706,0
1045707,0
1045708,0
1045709,0
1045710,0
1045711,14
1045712,0
1045713,0
1045714,0
1045715,7
1045716,12
1045717,0
1045718,0
1045719,0
1045720,0
1045721,0
1045722,15
1045723,0
1045724,0
1045725,0
1045726,0
1045727,0
1045728,0
1045729,0
1045730,14
1045731,0
1045732,0
1045733,0
1045734,0
1045735,0
1045736,0
1045737,0
1045738,0
1045739,0
1045740,0
1045741,0
1045742,0
1045743,0
1045744,0
1045745,0
1045746,0
1045747,0
1045748,0
1045749,0
1045750,0
1045751,0
1045752,0
1045753,0
1045754,0
1045755,0
1045756,0
1045757,0
1045758,18
1045759,17
1045760,0
1045761,0
1045762,0
1045763,0
1045764,0
1045765,0
1045766,11
1045767,2
1045768,0
1045769,0
1045770,0
1045771,0
1045772,0
1045773,0
1045774,0
1045775,0
1045776,0
1045777,0
1045778,0
1045779,0
1045780,11
1045781,8
1045782,0
1045783,0
1045784,0
1045785,13
1045786,0
1045787,0
1045788,0
1045789,11
1045790,11
1045791,5
1045792,0
1045793,0
1045794,0
1045795,0
1045796,0
1045797,0
1045798,0
1045799,0
1045800,0
1045801,11
1045802,13
1045803,0
1045804,0
1045805,0
1045806,0
1045807,0
1045808,0
1045809,0
1045810,0
1045811,0
1045812,12
1045813,17
1045814,0
1045815,17
1045816,16
1045817,0
1045818,0
1045819,0
1045820,13
1045821,7
1045822,0
1045823,0
1045824,0
1045825,0
1045826,0
1045827,10
1045828,0
1045829,0
1045830,0
1045831,0
1045832,0
1045833,0
1045834,14
1045835,0
1045836,0
1045837,0
1045838,0
1045839,0
1045840,0
1045841,15
1045842,0
1045843,0
1045844,0
1045845,0
1045846,0
1045847,7
1045848,0
1045849,0
1045850,0
1045851,0
1045852,0
1045853,0
1045854,0
1045855,0
1045856,0
1045857,0
1045858,0
1045859,0
1045860,0
1045861,0
1045862,0
1045863,0
1045864,0
1045865,0
1045866,0
1045867,0
1045868,0
1045869,0
1045870,0
1045871,0
1045872,0
1045873,0
1045874,0
1045875,0
1045876,0
1045877,0
1045878,0
1045879,0
1045880,0
1045881,16
1045882,0
1045883,0
1045884,0
1045885,0
1045886,0
1045887,18
1045888,0
1045889,0
1045890,0
1045891,0
1045892,0
1045893,0
1045894,0
1045895,0
1045896,0
1045897,0
1045898,0
1045899,0
1045900,0
1045901,0
1045902,0
1045903,0
1045904,0
1045905,0
1045906,0
1045907,0
1045908,0
1045909,0
1045910,0
1045911,10
1045912,0
1045913,0
1045914,0
1045915,0
1045916,0
1045917,0
1045918,0
1045919,0
1045920,10
1045921,0
1045922,0
1045923,0
1045924,0
1045925,0
1045926,0
1045927,0
1045928,8
1045929,7
1045930,0
1045931,0
1045932,0
1045933,0
1045934,0
1045935,0
1045936,0
1045937,0
1045938,0
1045939,0
1045940,0
1045941,0
1045942,0
1045943,0
1045944,0
1045945,0
1045946,0
1045947,0
1045948,0
1045949,0
1045950,0
1045951,0
1045952,11
1045953,0
1045954,0
1045955,0
1045956,0
1045957,0
1045958,16
1045959,0
1045960,0
1045961,0
1045962,0
1045963,0
1045964,0
1045965,0
1045966,0
1045967,0
1045968,0
1045969,0
1045970,0
1045971,0
1045972,19
1045973,0
1045974,7
1045975,0
1045976,0
1045977,0
1045978,0
1045979,0
1045980,0
1045981,0
1045982,0
1045983,0
1045984,0
1045985,0
1045986,0
1045987,0
1045988,0
1045989,0
1045990,0
1045991,0
1045992,12
1045993,0
1045994,0
1045995,0
1045996,6
1045997,0
1045998,0
1045999,0
1046000,0
1046001,0
1046002,0
1046003,0
1046004,0
1046005,6
1046006,0
1046007,0
1046008,0
1046009,0
1046010,0
1046011,0
1046012,0
1046013,0
1046014,16
1046015,0
1046016,13
1046017,0
1046018,0
1046019,0
1046020,9
1046021,0
1046022,0
1046023,0
1046024,17
1046025,0
1046026,0
1046027,9
1046028,0
1046029,0
1046030,0
1046031,0
1046032,0
1046033,0
1046034,0
1046035,0
1046036,0
1046037,0
1046038,0
1046039,0
1046040,0
1046041,0
1046042,0
1046043,10
1046044,0
1046045,16
1046046,0
1046047,0
1046048,0
1046049,13
1046050,0
1046051,0
1046052,11
1046053,0
1046054,0
1046055,0
1046056,0
1046057,0
1046058,0
1046059,0
1046060,0
1046061,0
1046062,0
1046063,0
1046064,12
1046065,0
1046066,0
1046067,0
1046068,0
1046069,10
1046070,0
1046071,0
1046072,0
1046073,0
1046074,7
1046075,0
1046076,0
1046077,0
1046078,0
1046079,0
1046080,0
1046081,0
1046082,0
1046083,0
1046084,28
1046085,0
1046086,34
1046087,43
1046088,43
1046089,45
1046090,0
1046091,0
1046092,28
1046093,0
1046094,0
1046095,0
1046096,0
1046097,42
1046098,0
1046099,0
1046100,34
1046101,0
1046102,0
1046103,0
1046104,0
1046105,0
1046106,0
1046107,0
1046108,0
1046109,0
1046110,41
1046111,0
1046112,0
1046113,38
1046114,0
1046115,0
1046116,0
1046117,36
1046118,0
1046119,38
1046120,43
1046121,0
1046122,0
1046123,30
1046124,0
1046125,37
1046126,0
1046127,0
1046128,26
1046129,0
1046130,0
1046131,34
1046132,0
1046133,0
1046134,0
1046135,0
1046136,48
1046137,0
1046138,0
1046139,0
1046140,32
1046141,0
1046142,40
1046143,0
1046144,0
1046145,0
1046146,0
1046147,0
1046148,41
1046149,30
1046150,0
1046151,0
1046152,0
1046153,0
1046154,0
1046155,0
1046156,41
1046157,0
1046158,0
1046159,42
1046160,0
1046161,0
1046162,0
1046163,34
1046164,0
1046165,49
1046166,0
1046167,0
1046168,0
1046169,31
1046170,0
1046171,0
1046172,0
1046173,0
1046174,0
1046175,0
1046176,0
1046177,0
1046178,0
1046179,0
1046180,0
1046181,0
1046182,0
1046183,32
1046184,0
1046185,0
1046186,40
1046187,0
1046188,0
1046189,28
1046190,0
1046191,0
1046192,0
1046193,0
1046194,0
1046195,0
1046196,43
1046197,38
1046198,0
1046199,43
1046200,0
1046201,0
1046202,0
1046203,0
1046204,0
1046205,0
1046206,0
1046207,0
1046208,38
1046209,0
1046210,0
1046211,30
1046212,0
1046213,0
1046214,46
1046215,29
1046216,0
1046217,0
1046218,0
1046219,0
1046220,0
1046221,0
1046222,0
1046223,0
1046224,0
1046225,0
1046226,0
1046227,0
1046228,0
1046229,0
1046230,0
1046231,32
1046232,0
1046233,0
1046234,0
1046235,0
1046236,0
1046237,39
1046238,0
1046239,40
1046240,22
1046241,25
1046242,0
1046243,28
1046244,0
1046245,0
1046246,0
1046247,0
1046248,0
1046249,0
1046250,0
1046251,45
1046252,0
1046253,0
1046254,0
1046255,0
1046256,0
1046257,0
1046258,0
1046259,0
1046260,28
1046261,0
1046262,0
1046263,0
1046264,0
1046265,0
1046266,0
1046267,0
1046268,55
1046269,0
1046270,0
1046271,0
1046272,0
1046273,0
1046274,31
1046275,0
1046276,0
1046277,0
1046278,0
1046279,0
1046280,0
1046281,0
1046282,0
1046283,39
1046284,0
1046285,0
1046286,0
1046287,47
1046288,0
1046289,0
1046290,0
1046291,0
1046292,0
1046293,39
1046294,0
1046295,0
1046296,0
1046297,0
1046298,42
1046299,0
1046300,0
1046301,0
1046302,44
1046303,0
1046304,0
1046305,0
1046306,0
1046307,0
1046308,0
1046309,0
1046310,0
1046311,0
1046312,0
1046313,43
1046314,0
1046315,0
1046316,0
1046317,0
1046318,0
1046319,40
1046320,0
1046321,0
1046322,0
1046323,45
1046324,0
1046325,0
1046326,40
1046327,41
1046328,0
1046329,0
1046330,0
1046331,0
1046332,0
1046333,0
1046334,0
1046335,0
1046336,0
1046337,0
1046338,0
1046339,0
1046340,0
1046341,0
1046342,34
1046343,0
1046344,0
1046345,0
1046346,0
1046347,0
1046348,0
1046349,32
1046350,0
1046351,0
1046352,0
1046353,46
1046354,0
1046355,0
1046356,0
1046357,0
1046358,37
1046359,0
1046360,0
1046361,0
1046362,0
1046363,27
1046364,0
1046365,0
1046366,0
1046367,0
1046368,0
1046369,0
1046370,47
1046371,0
1046372,0
1046373,44
1046374,0
1046375,0
1046376,0
1046377,40
1046378,0
1046379,0
1046380,0
1046381,0
1046382,0
1046383,0
1046384,0
1046385,0
1046386,0
1046387,0
1046388,0
1046389,0
1046390,0
1046391,0
1046392,0
1046393,0
1046394,0
1046395,36
1046396,0
1046397,0
1046398,44
1046399,0
1046400,0
1046401,0
1046402,0
1046403,0
1046404,0
1046405,0
1046406,0
1046407,42
1046408,0
1046409,38
1046410,0
1046411,0
1046412,47
1046413,36
1046414,0
1046415,0
1046416,35
1046417,0
1046418,0
1046419,0
1046420,0
1046421,0
1046422,0
1046423,43
1046424,0
1046425,0
1046426,0
1046427,0
1046428,0
1046429,0
1046430,0
1046431,28
1046432,0
1046433,0
1046434,0
1046435,0
1046436,33
1046437,0
1046438,0
1046439,0
1046440,0
1046441,0
1046442,40
1046443,33
1046444,42
1046445,30
1046446,0
1046447,38
1046448,0
1046449,46
1046450,0
1046451,0
1046452,0
1046453,0
1046454,0
1046455,0
1046456,0
1046457,38
1046458,36
1046459,0
1046460,0
1046461,0
1046462,0
1046463,0
1046464,0
1046465,0
1046466,0
1046467,0
1046468,0
1046469,1
1046470,0
1046471,0
1046472,0
1046473,0
1046474,0
1046475,0
1046476,0
1046477,0
1046478,1
1046479,0
1046480,0
1046481,0
1046482,0
1046483,0
1046484,0
1046485,0
1046486,0
1046487,0
1046488,0
1046489,0
1046490,0
1046491,0
1046492,0
1046493,0
1046494,0
1046495,0
1046496,0
1046497,0
1046498,0
1046499,0
1046500,0
1046501,0
1046502,0
1046503,0
1046504,0
1046505,0
1046506,0
1046507,0
1046508,0
1046509,0
1046510,0
1046511,0
1046512,0
1046513,0
1046514,0
1046515,0
1046516,0
1046517,0
1046518,0
1046519,0
1046520,0
1046521,0
1046522,0
1046523,0
1046524,0
1046525,0
1046526,0
1046527,0
1046528,0
1046529,0
1046530,0
1046531,0
1046532,0
1046533,0
1046534,0
1046535,0
1046536,0
1046537,0
1046538,0
1046539,0
1046540,0
1046541,0
1046542,0
1046543,1
1046544,0
1046545,0
1046546,0
1046547,0
1046548,0
1046549,0
1046550,0
1046551,0
1046552,0
1046553,0
1046554,0
1046555,0
1046556,0
1046557,0
1046558,0
1046559,0
1046560,0
1046561,0
1046562,0
1046563,0
1046564,0
1046565,0
1046566,0
1046567,0
1046568,0
1046569,0
1046570,0
1046571,0
1046572,0
1046573,0
1046574,0
1046575,0
1046576,0
1046577,0
1046578,0
1046579,0
1046580,0
1046581,0
1046582,0
1046583,0
1046584,0
1046585,0
1046586,0
1046587,0
1046588,0
1046589,0
1046590,0
1046591,0
1046592,0
1046593,0
1046594,0
1046595,0
1046596,0
1046597,0
1046598,0
1046599,0
1046600,0
1046601,0
1046602,0
1046603,0
1046604,0
1046605,0
1046606,0
1046607,0
1046608,0
1046609,0
1046610,0
1046611,0
1046612,0
1046613,0
1046614,0
1046615,0
1046616,0
1046617,0
1046618,0
1046619,0
1046620,0
1046621,0
1046622,0
1046623,0
1046624,0
1046625,0
1046626,0
1046627,0
1046628,0
1046629,0
1046630,1
1046631,0
1046632,0
1046633,0
1046634,0
1046635,0
1046636,0
1046637,0
1046638,0
1046639,0
1046640,0
1046641,0
1046642,0
1046643,0
1046644,0
1046645,0
1046646,0
1046647,0
1046648,0
1046649,0
1046650,0
1046651,0
1046652,0
1046653,0
1046654,0
1046655,0
1046656,0
1046657,0
1046658,0
1046659,0
1046660,0
1046661,0
1046662,0
1046663,0
1046664,0
1046665,0
1046666,0
1046667,0
1046668,0
1046669,0
1046670,0
1046671,0
1046672,0
1046673,0
1046674,0
1046675,0
1046676,0
1046677,0
1046678,0
1046679,0
1046680,0
1046681,0
1046682,0
1046683,2
1046684,0
1046685,0
1046686,0
1046687,0
1046688,0
1046689,0
1046690,0
1046691,0
1046692,0
1046693,0
1046694,0
1046695,0
1046696,0
1046697,0
1046698,0
1046699,0
1046700,0
1046701,0
1046702,0
1046703,0
1046704,0
1046705,0
1046706,0
1046707,0
1046708,0
1046709,0
1046710,0
1046711,0
1046712,0
1046713,0
1046714,0
1046715,0
1046716,0
1046717,0
1046718,0
1046719,0
1046720,0
1046721,0
1046722,0
1046723,0
1046724,0
1046725,0
1046726,0
1046727,0
1046728,0
1046729,0
1046730,1
1046731,0
1046732,0
1046733,0
1046734,0
1046735,0
1046736,0
1046737,0
1046738,0
1046739,0
1046740,0
1046741,0
1046742,0
1046743,0
1046744,0
1046745,0
1046746,0
1046747,0
1046748,0
1046749,0
1046750,0
1046751,0
1046752,0
1046753,0
1046754,0
1046755,0
1046756,0
1046757,0
1046758,0
1046759,0
1046760,0
1046761,0
1046762,0
1046763,0
1046764,0
1046765,0
1046766,0
1046767,0
1046768,0
1046769,0
1046770,0
1046771,0
1046772,0
1046773,0
1046774,0
1046775,0
1046776,0
1046777,0
1046778,0
1046779,0
1046780,0
1046781,0
1046782,0
1046783,0
1046784,0
1046785,0
1046786,0
1046787,0
1046788,0
1046789,0
1046790,0
1046791,0
1046792,0
1046793,0
1046794,0
1046795,0
1046796,0
1046797,0
1046798,0
1046799,0
1046800,0
1046801,0
1046802,0
1046803,0
1046804,0
1046805,0
1046806,0
1046807,0
1046808,0
1046809,0
1046810,0
1046811,0
1046812,0
1046813,0
1046814,0
1046815,0
1046816,0
1046817,0
1046818,0
1046819,0
1046820,0
1046821,0
1046822,0
1046823,0
1046824,0
1046825,0
1046826,0
1046827,0
1046828,0
1046829,0
1046830,0
1046831,0
1046832,0
1046833,0
1046834,0
1046835,0
1046836,0
1046837,0
1046838,0
1046839,0
1046840,0
1046841,0
1046842,1
1046843,0
1046844,0
1046845,0
1046846,0
1046847,0
1046848,0
1046849,0
1046850,0
1046851,0
1046852,0
1046853,0
1046854,0
1046855,0
1046856,0
1046857,0
1046858,0
1046859,0
1046860,0
1046861,0
1046862,0
1046863,0
1046864,0
1046865,0
1046866,0
1046867,0
1046868,0
1046869,0
1046870,0
1046871,0
1046872,0
1046873,0
1046874,0
1046875,0
1046876,0
1046877,0
1046878,0
1046879,0
1046880,0
1046881,0
1046882,0
1046883,0
1046884,0
1046885,0
1046886,0
1046887,0
1046888,0
1046889,0
1046890,0
1046891,0
1046892,0
1046893,0
1046894,0
1046895,0
1046896,0
1046897,0
1046898,0
1046899,0
1046900,0
1046901,0
1046902,0
1046903,0
1046904,0
1046905,0
1046906,0
1046907,0
1046908,0
1046909,0
1046910,0
1046911,0
1046912,0
1046913,0
1046914,0
1046915,0
1046916,0
1046917,0
1046918,0
1046919,0
1046920,0
1046921,0
1046922,0
1046923,0
1046924,0
1046925,0
1046926,0
1046927,0
1046928,0
1046929,0
1046930,0
1046931,0
1046932,0
1046933,0
1046934,0
1046935,0
1046936,0
1046937,0
1046938,0
1046939,0
1046940,0
1046941,0
1046942,0
1046943,0
1046944,0
1046945,0
1046946,0
1046947,0
1046948,0
1046949,0
1046950,0
1046951,0
1046952,0
1046953,0
1046954,0
1046955,0
1046956,0
1046957,0
1046958,0
1046959,0
1046960,1
1046961,0
1046962,0
1046963,0
1046964,0
1046965,0
1046966,0
1046967,0
1046968,0
1046969,0
1046970,0
1046971,0
1046972,0
1046973,0
1046974,0
1046975,0
1046976,0
1046977,0
1046978,0
1046979,0
1046980,0
1046981,0
1046982,0
1046983,0
1046984,0
1046985,0
1046986,0
1046987,0
1046988,0
1046989,0
1046990,0
1046991,0
1046992,0
1046993,0
1046994,0
1046995,0
1046996,0
1046997,0
1046998,0
1046999,0
1047000,0
1047001,0
1047002,0
1047003,0
1047004,1
1047005,0
1047006,0
1047007,0
1047008,0
1047009,0
1047010,0
1047011,0
1047012,0
1047013,0
1047014,0
1047015,0
1047016,0
1047017,0
1047018,1
1047019,0
1047020,0
1047021,0
1047022,0
1047023,0
1047024,0
1047025,0
1047026,0
1047027,0
1047028,0
1047029,0
1047030,0
1047031,0
1047032,0
1047033,0
1047034,0
1047035,0
1047036,0
1047037,0
1047038,0
1047039,0
1047040,1
1047041,0
1047042,0
1047043,0
1047044,0
1047045,0
1047046,0
1047047,0
1047048,0
1047049,0
1047050,0
1047051,0
1047052,0
1047053,0
1047054,0
1047055,0
1047056,0
1047057,0
1047058,0
1047059,0
1047060,0
1047061,0
1047062,0
1047063,0
1047064,9
1047065,0
1047066,0
1047067,0
1047068,0
1047069,0
1047070,0
1047071,0
1047072,7
1047073,0
1047074,8
1047075,11
1047076,0
1047077,0
1047078,0
1047079,0
1047080,0
1047081,0
1047082,0
1047083,13
1047084,0
1047085,0
1047086,0
1047087,0
1047088,0
1047089,0
1047090,0
1047091,8
1047092,0
1047093,14
1047094,0
1047095,0
1047096,0
1047097,0
1047098,0
1047099,0
1047100,0
1047101,0
1047102,0
1047103,0
1047104,0
1047105,0
1047106,0
1047107,0
1047108,0
1047109,0
1047110,0
1047111,0
1047112,0
1047113,0
1047114,0
1047115,0
1047116,0
1047117,0
1047118,11
1047119,0
1047120,0
1047121,0
1047122,0
1047123,8
1047124,0
1047125,0
1047126,0
1047127,0
1047128,9
1047129,0
1047130,0
1047131,11
1047132,0
1047133,0
1047134,0
1047135,0
1047136,0
1047137,0
1047138,0
1047139,19
1047140,0
1047141,0
1047142,0
1047143,0
1047144,0
1047145,0
1047146,9
1047147,9
1047148,0
1047149,0
1047150,0
1047151,0
1047152,0
1047153,0
1047154,0
1047155,0
1047156,10
1047157,0
1047158,0
1047159,11
1047160,0
1047161,0
1047162,0
1047163,0
1047164,0
1047165,0
1047166,0
1047167,0
1047168,0
1047169,0
1047170,0
1047171,0
1047172,0
1047173,0
1047174,0
1047175,17
1047176,0
1047177,0
1047178,0
1047179,9
1047180,0
1047181,0
1047182,0
1047183,5
1047184,15
1047185,0
1047186,0
1047187,0
1047188,0
1047189,0
1047190,0
1047191,0
1047192,0
1047193,0
1047194,0
1047195,0
1047196,0
1047197,0
1047198,0
1047199,0
1047200,15
1047201,2
1047202,0
1047203,0
1047204,0
1047205,0
1047206,0
1047207,0
1047208,7
1047209,5
1047210,10
1047211,10
1047212,0
1047213,11
1047214,0
1047215,0
1047216,0
1047217,9
1047218,0
1047219,0
1047220,0
1047221,0
1047222,14
1047223,9
1047224,0
1047225,0
1047226,0
1047227,0
1047228,0
1047229,0
1047230,9
1047231,0
1047232,0
1047233,0
1047234,0
1047235,0
1047236,0
1047237,0
1047238,8
1047239,0
1047240,0
1047241,0
1047242,0
1047243,0
1047244,8
1047245,0
1047246,0
1047247,0
1047248,0
1047249,0
1047250,12
1047251,4
1047252,0
1047253,0
1047254,0
1047255,0
1047256,0
1047257,0
1047258,17
1047259,0
1047260,0
1047261,0
1047262,0
1047263,0
1047264,0
1047265,0
1047266,0
1047267,0
1047268,0
1047269,9
1047270,0
1047271,0
1047272,9
1047273,0
1047274,0
1047275,0
1047276,0
1047277,0
1047278,0
1047279,0
1047280,0
1047281,0
1047282,0
1047283,0
1047284,0
1047285,15
1047286,12
1047287,0
1047288,0
1047289,0
1047290,0
1047291,0
1047292,0
1047293,0
1047294,0
1047295,10
1047296,0
1047297,0
1047298,0
1047299,0
1047300,0
1047301,0
1047302,0
1047303,0
1047304,0
1047305,9
1047306,0
1047307,10
1047308,0
1047309,9
1047310,0
1047311,0
1047312,0
1047313,0
1047314,0
1047315,0
1047316,0
1047317,0
1047318,0
1047319,0
1047320,0
1047321,0
1047322,16
1047323,0
1047324,0
1047325,0
1047326,0
1047327,7
1047328,0
1047329,0
1047330,0
1047331,0
1047332,0
1047333,0
1047334,0
1047335,0
1047336,10
1047337,0
1047338,0
1047339,0
1047340,0
1047341,0
1047342,0
1047343,0
1047344,0
1047345,0
1047346,9
1047347,0
1047348,0
1047349,0
1047350,0
1047351,0
1047352,0
1047353,0
1047354,0
1047355,0
1047356,0
1047357,0
1047358,5
1047359,0
1047360,0
1047361,0
1047362,0
1047363,0
1047364,0
1047365,0
1047366,0
1047367,0
1047368,0
1047369,0
1047370,0
1047371,0
1047372,0
1047373,0
1047374,0
1047375,0
1047376,0
1047377,0
1047378,0
1047379,0
1047380,0
1047381,0
1047382,0
1047383,0
1047384,0
1047385,0
1047386,0
1047387,0
1047388,0
1047389,0
1047390,0
1047391,0
1047392,7
1047393,0
1047394,0
1047395,0
1047396,0
1047397,11
1047398,0
1047399,0
1047400,0
1047401,9
1047402,0
1047403,0
1047404,0
1047405,0
1047406,0
1047407,0
1047408,0
1047409,0
1047410,0
1047411,0
1047412,0
1047413,0
1047414,0
1047415,0
1047416,0
1047417,0
1047418,0
1047419,0
1047420,0
1047421,0
1047422,0
1047423,0
1047424,0
1047425,0
1047426,0
1047427,0
1047428,7
1047429,0
1047430,0
1047431,0
1047432,0
1047433,0
1047434,0
1047435,0
1047436,0
1047437,0
1047438,12
1047439,0
1047440,0
1047441,0
1047442,0
1047443,0
1047444,0
1047445,0
1047446,10
1047447,0
1047448,0
1047449,8
1047450,0
1047451,0
1047452,0
1047453,0
1047454,0
1047455,7
1047456,0
1047457,16
1047458,0
1047459,0
1047460,12
1047461,0
1047462,0
1047463,0
1047464,0
1047465,0
1047466,0
1047467,0
1047468,0
1047469,16
1047470,0
1047471,0
1047472,0
1047473,0
1047474,0
1047475,0
1047476,8
1047477,0
1047478,6
1047479,0
1047480,0
1047481,0
1047482,0
1047483,0
1047484,0
1047485,0
1047486,10
1047487,12
1047488,0
1047489,4
1047490,0
1047491,0
1047492,0
1047493,15
1047494,0
1047495,12
1047496,8
1047497,0
1047498,19
1047499,0
1047500,12
1047501,0
1047502,0
1047503,0
1047504,0
1047505,0
1047506,0
1047507,11
1047508,0
1047509,10
1047510,0
1047511,11
1047512,0
1047513,0
1047514,9
1047515,0
1047516,0
1047517,0
1047518,0
1047519,9
1047520,0
1047521,0
1047522,8
1047523,0
1047524,0
1047525,0
1047526,0
1047527,0
1047528,7
1047529,0
1047530,0
1047531,0
1047532,7
1047533,0
1047534,0
1047535,0
1047536,0
1047537,3
1047538,15
1047539,0
1047540,0
1047541,6
1047542,12
1047543,0
1047544,4
1047545,0
1047546,0
1047547,0
1047548,0
1047549,0
1047550,0
1047551,6
1047552,10
1047553,0
1047554,0
1047555,0
1047556,0
1047557,0
1047558,5
1047559,0
1047560,0
1047561,0
1047562,0
1047563,0
1047564,0
1047565,0
1047566,0
1047567,0
1047568,0
1047569,0
1047570,6
1047571,0
1047572,17
1047573,0
1047574,0
1047575,0
1047576,0
1047577,10
1047578,0
1047579,0
1047580,0
1047581,0
1047582,0
1047583,0
1047584,0
1047585,0
1047586,0
1047587,0
1047588,0
1047589,10
1047590,0
1047591,0
1047592,0
1047593,0
1047594,0
1047595,0
1047596,0
1047597,0
1047598,0
1047599,0
1047600,0
1047601,0
1047602,10
1047603,0
1047604,0
1047605,0
1047606,0
1047607,10
1047608,0
1047609,0
1047610,0
1047611,0
1047612,11
1047613,0
1047614,0
1047615,0
1047616,0
1047617,0
1047618,10
1047619,0
1047620,11
1047621,0
1047622,0
1047623,0
1047624,0
1047625,6
1047626,0
1047627,0
1047628,0
1047629,0
1047630,6
1047631,0
1047632,0
1047633,0
1047634,9
1047635,8
1047636,0
1047637,0
1047638,0
1047639,0
1047640,12
1047641,0
1047642,0
1047643,0
1047644,0
1047645,0
1047646,0
1047647,0
1047648,0
1047649,0
1047650,0
1047651,0
1047652,0
1047653,8
1047654,0
1047655,9
1047656,0
1047657,0
1047658,0
1047659,0
1047660,10
1047661,0
1047662,0
1047663,0
1047664,0
1047665,15
1047666,0
1047667,0
1047668,9
1047669,0
1047670,0
1047671,0
1047672,0
1047673,0
1047674,0
1047675,0
1047676,9
1047677,0
1047678,0
1047679,0
1047680,0
1047681,0
1047682,0
1047683,0
1047684,0
1047685,12
1047686,0
1047687,0
1047688,0
1047689,0
1047690,0
1047691,0
1047692,0
1047693,0
1047694,0
1047695,8
1047696,0
1047697,0
1047698,0
1047699,0
1047700,0
1047701,0
1047702,0
1047703,0
1047704,13
1047705,0
1047706,15
1047707,0
1047708,7
1047709,0
1047710,0
1047711,0
1047712,10
1047713,0
1047714,0
1047715,0
1047716,9
1047717,0
1047718,0
1047719,8
1047720,0
1047721,0
1047722,0
1047723,15
1047724,0
1047725,0
1047726,0
1047727,0
1047728,0
1047729,0
1047730,0
1047731,0
1047732,0
1047733,0
1047734,0
1047735,0
1047736,0
1047737,13
1047738,0
1047739,0
1047740,7
1047741,0
1047742,0
1047743,0
1047744,7
1047745,0
1047746,0
1047747,0
1047748,0
1047749,0
1047750,0
1047751,0
1047752,0
1047753,0
1047754,0
1047755,6
1047756,0
1047757,0
1047758,0
1047759,0
1047760,0
1047761,0
1047762,0
1047763,0
1047764,0
1047765,0
1047766,0
1047767,0
1047768,0
1047769,0
1047770,0
1047771,12
1047772,0
1047773,2
1047774,0
1047775,0
1047776,6
1047777,5
1047778,0
1047779,7
1047780,0
1047781,7
1047782,0
1047783,0
1047784,0
1047785,0
1047786,0
1047787,0
1047788,0
1047789,0
1047790,0
1047791,0
1047792,0
1047793,0
1047794,9
1047795,0
1047796,0
1047797,10
1047798,0
1047799,0
1047800,0
1047801,0
1047802,0
1047803,0
1047804,0
1047805,0
1047806,0
1047807,0
1047808,9
1047809,0
1047810,14
1047811,0
1047812,12
1047813,0
1047814,0
1047815,0
1047816,0
1047817,9
1047818,0
1047819,0
1047820,0
1047821,0
1047822,0
1047823,0
1047824,0
1047825,8
1047826,0
1047827,0
1047828,0
1047829,0
1047830,0
1047831,0
1047832,10
1047833,7
1047834,0
1047835,0
1047836,0
1047837,11
1047838,0
1047839,0
1047840,0
1047841,0
1047842,0
1047843,0
1047844,0
1047845,0
1047846,0
1047847,0
1047848,0
1047849,9
1047850,0
1047851,0
1047852,6
1047853,0
1047854,0
1047855,0
1047856,0
1047857,0
1047858,0
1047859,0
1047860,0
1047861,0
1047862,0
1047863,0
1047864,0
1047865,6
1047866,0
1047867,14
1047868,11
1047869,0
1047870,0
1047871,0
1047872,8
1047873,0
1047874,0
1047875,0
1047876,0
1047877,10
1047878,0
1047879,10
1047880,0
1047881,0
1047882,0
1047883,0
1047884,7
1047885,0
1047886,0
1047887,0
1047888,0
1047889,0
1047890,0
1047891,0
1047892,0
1047893,10
1047894,7
1047895,0
1047896,0
1047897,0
1047898,0
1047899,0
1047900,0
1047901,0
1047902,14
1047903,0
1047904,0
1047905,0
1047906,0
1047907,0
1047908,10
1047909,0
1047910,0
1047911,10
1047912,0
1047913,0
1047914,8
1047915,0
1047916,0
1047917,0
1047918,0
1047919,8
1047920,0
1047921,0
1047922,0
1047923,0
1047924,0
1047925,0
1047926,0
1047927,14
1047928,0
1047929,0
1047930,0
1047931,0
1047932,0
1047933,0
1047934,10
1047935,0
1047936,0
1047937,0
1047938,0
1047939,0
1047940,0
1047941,0
1047942,10
1047943,0
1047944,0
1047945,0
1047946,0
1047947,0
1047948,0
1047949,0
1047950,0
1047951,0
1047952,6
1047953,0
1047954,0
1047955,0
1047956,0
1047957,0
1047958,0
1047959,0
1047960,6
1047961,8
1047962,0
1047963,0
1047964,0
1047965,12
1047966,0
1047967,0
1047968,0
1047969,0
1047970,11
1047971,0
1047972,0
1047973,0
1047974,0
1047975,0
1047976,0
1047977,12
1047978,0
1047979,8
1047980,0
1047981,0
1047982,0
1047983,11
1047984,0
1047985,0
1047986,0
1047987,0
1047988,0
1047989,0
1047990,0
1047991,0
1047992,0
1047993,0
1047994,9
1047995,0
1047996,0
1047997,0
1047998,0
1047999,10
1048000,0
1048001,0
1048002,11
1048003,0
1048004,9
1048005,0
1048006,13
1048007,0
1048008,10
1048009,0
1048010,0
1048011,0
1048012,0
1048013,0
1048014,0
1048015,0
1048016,0
1048017,0
1048018,0
1048019,0
1048020,0
1048021,0
1048022,0
1048023,0
1048024,0
1048025,0
1048026,13
1048027,0
1048028,0
1048029,11
1048030,8
1048031,0
1048032,0
1048033,0
1048034,0
1048035,0
1048036,7
1048037,0
1048038,0
1048039,0
1048040,0
1048041,10
1048042,0
1048043,0
1048044,0
1048045,0
1048046,0
1048047,0
1048048,1
1048049,0
1048050,0
1048051,0
1048052,0
1048053,0
1048054,0
1048055,0
1048056,0
1048057,0
1048058,0
1048059,0
1048060,0
1048061,0
1048062,0
1048063,0
1048064,0
1048065,0
1048066,0
1048067,0
1048068,0
1048069,0
1048070,0
1048071,0
1048072,0
1048073,0
1048074,0
1048075,0
1048076,0
1048077,0
1048078,0
1048079,0
1048080,0
1048081,0
1048082,0
1048083,0
1048084,0
1048085,0
1048086,0
1048087,0
1048088,0
1048089,0
1048090,0
1048091,0
1048092,0
1048093,0
1048094,0
1048095,0
1048096,0
1048097,0
1048098,0
1048099,0
1048100,0
1048101,0
1048102,0
1048103,0
1048104,0
1048105,0
1048106,0
1048107,0
1048108,0
1048109,0
1048110,0
1048111,0
1048112,0
1048113,0
1048114,0
1048115,0
1048116,0
1048117,0
1048118,0
1048119,0
1048120,0
1048121,0
1048122,0
1048123,0
1048124,0
1048125,0
1048126,0
1048127,0
1048128,0
1048129,0
1048130,0
1048131,0
1048132,0
1048133,0
1048134,0
1048135,0
1048136,0
1048137,0
1048138,0
1048139,0
1048140,0
1048141,0
1048142,0
1048143,0
1048144,0
1048145,0
1048146,0
1048147,0
1048148,0
1048149,0
1048150,0
1048151,0
1048152,0
1048153,0
1048154,0
1048155,0
1048156,0
1048157,0
1048158,0
1048159,0
1048160,0
1048161,0
1048162,0
1048163,0
1048164,0
1048165,0
1048166,0
1048167,0
1048168,0
1048169,0
1048170,0
1048171,0
1048172,0
1048173,0
1048174,0
1048175,0
1048176,0
1048177,0
1048178,0
1048179,0
1048180,0
1048181,0
1048182,0
1048183,0
1048184,0
1048185,0
1048186,0
1048187,0
1048188,0
1048189,0
1048190,0
1048191,0
1048192,0
1048193,0
1048194,0
1048195,0
1048196,0
1048197,0
1048198,0
1048199,0
1048200,0
1048201,0
1048202,0
1048203,0
1048204,0
1048205,0
1048206,0
1048207,0
1048208,0
1048209,0
1048210,0
1048211,0
1048212,0
1048213,0
1048214,0
1048215,0
1048216,0
1048217,0
1048218,0
1048219,0
1048220,0
1048221,0
1048222,0
1048223,0
1048224,0
1048225,0
1048226,0
1048227,0
1048228,0
1048229,0
1048230,0
1048231,0
1048232,0
1048233,0
1048234,0
1048235,0
1048236,0
1048237,1
1048238,0
1048239,0
1048240,0
1048241,0
1048242,0
1048243,0
1048244,0
1048245,0
1048246,0
1048247,0
1048248,1
1048249,0
1048250,0
1048251,0
1048252,0
1048253,0
1048254,0
1048255,0
1048256,0
1048257,0
1048258,0
1048259,0
1048260,0
1048261,0
1048262,0
1048263,0
1048264,0
1048265,0
1048266,0
1048267,0
1048268,0
1048269,0
1048270,0
1048271,0
1048272,0
1048273,0
1048274,0
1048275,0
1048276,0
1048277,0
1048278,0
1048279,0
1048280,0
1048281,0
1048282,0
1048283,0
1048284,0
1048285,0
1048286,0
1048287,0
1048288,0
1048289,0
1048290,0
1048291,0
1048292,0
1048293,0
1048294,0
1048295,0
1048296,0
1048297,0
1048298,0
1048299,0
1048300,0
1048301,0
1048302,0
1048303,0
1048304,0
1048305,0
1048306,0
1048307,0
1048308,0
1048309,0
1048310,0
1048311,0
1048312,0
1048313,0
1048314,0
1048315,0
1048316,0
1048317,0
1048318,0
1048319,0
1048320,0
1048321,0
1048322,0
1048323,0
1048324,0
1048325,0
1048326,0
1048327,0
1048328,0
1048329,0
1048330,0
1048331,0
1048332,0
1048333,0
1048334,0
1048335,0
1048336,0
1048337,0
1048338,0
1048339,0
1048340,0
1048341,0
1048342,0
1048343,0
1048344,0
1048345,0
1048346,0
1048347,0
1048348,0
1048349,0
1048350,0
1048351,0
1048352,0
1048353,0
1048354,0
1048355,0
1048356,0
1048357,0
1048358,0
1048359,0
1048360,0
1048361,0
1048362,0
1048363,0
1048364,0
1048365,0
1048366,0
1048367,0
1048368,0
1048369,0
1048370,0
1048371,0
1048372,0
1048373,1
1048374,0
1048375,0
1048376,0
1048377,0
1048378,0
1048379,0
1048380,0
1048381,0
1048382,0
1048383,0
1048384,0
1048385,0
1048386,0
1048387,0
1048388,0
1048389,0
1048390,0
1048391,0
1048392,0
1048393,0
1048394,0
1048395,0
1048396,0
1048397,0
1048398,0
1048399,0
1048400,0
1048401,0
1048402,0
1048403,0
1048404,0
1048405,0
1048406,0
1048407,0
1048408,0
1048409,0
1048410,0
1048411,0
1048412,0
1048413,0
1048414,0
1048415,0
1048416,0
1048417,0
1048418,0
1048419,0
1048420,0
1048421,0
1048422,0
1048423,0
1048424,1
1048425,0
1048426,0
1048427,0
1048428,0
1048429,0
1048430,0
1048431,0
1048432,0
1048433,0
1048434,0
1048435,0
1048436,0
1048437,0
1048438,0
1048439,0
1048440,0
1048441,0
1048442,0
1048443,0
1048444,0
1048445,0
1048446,0
1048447,0
1048448,0
1048449,0
1048450,0
1048451,0
1048452,0
1048453,0
1048454,0
1048455,0
1048456,0
1048457,0
1048458,0
1048459,0
1048460,0
1048461,0
1048462,0
1048463,0
1048464,0
1048465,0
1048466,0
1048467,0
1048468,0
1048469,0
1048470,0
1048471,0
1048472,0
1048473,0
1048474,0
1048475,0
1048476,0
1048477,0
1048478,0
1048479,0
1048480,0
1048481,0
1048482,0
1048483,0
1048484,0
1048485,0
1048486,0
1048487,0
1048488,0
1048489,0
1048490,0
1048491,0
1048492,0
1048493,0
1048494,0
1048495,0
1048496,0
1048497,0
1048498,0
1048499,0
1048500,0
1048501,0
1048502,0
1048503,0
1048504,0
1048505,0
1048506,0
1048507,0
1048508,0
1048509,0
1048510,0
1048511,0
1048512,0
1048513,0
1048514,0
1048515,0
1048516,0
1048517,0
1048518,0
1048519,1
1048520,0
1048521,0
1048522,0
1048523,0
1048524,0
1048525,0
1048526,0
1048527,0
1048528,0
1048529,0
1048530,0
1048531,0
1048532,0
1048533,0
1048534,0
1048535,0
1048536,0
1048537,0
1048538,0
1048539,0
1048540,0
1048541,0
1048542,0
1048543,0
1048544,0
1048545,0
1048546,0
1048547,0
1048548,0
1048549,0
1048550,0
1048551,1
1048552,0
1048553,0
1048554,0
1048555,0
1048556,0
1048557,0
1048558,0
1048559,0
1048560,0
1048561,0
1048562,0
1048563,0
1048564,0
1048565,0
1048566,0
1048567,0
1048568,0
1048569,0
1048570,0
1048571,0
1048572,0
1048573,0
1048574,0
1048575,0
1048576,0
1048577,0
1048578,0
1048579,0
1048580,0
1048581,0
1048582,0
1048583,0
1048584,0
1048585,0
1048586,0
1048587,0
1048588,0
1048589,0
1048590,0
1048591,0
1048592,0
1048593,0
1048594,0
1048595,0
1048596,0
1048597,0
1048598,0
1048599,0
1048600,0
1048601,0
1048602,0
1048603,0
1048604,0
1048605,0
1048606,0
1048607,0
1048608,0
1048609,0
1048610,0
1048611,0
1048612,0
1048613,0
1048614,0
1048615,0
1048616,0
1048617,0
1048618,0
1048619,0
1048620,0
1048621,0
1048622,0
1048623,0
1048624,0
1048625,0
1048626,0
1048627,0
1048628,0
1048629,0
1048630,0
1048631,0
1048632,0
1048633,0
1048634,0
1048635,0
1048636,0
1048637,0
1048638,0
1048639,0
1048640,0
1048641,0
1048642,0
1048643,0
1048644,0
1048645,0
1048646,0
1048647,0
1048648,0
1048649,0
1048650,0
1048651,0
1048652,0
1048653,0
1048654,0
1048655,0
1048656,0
1048657,0
1048658,0
1048659,0
1048660,0
1048661,0
1048662,0
1048663,0
1048664,0
1048665,0
1048666,0
1048667,0
1048668,0
1048669,0
1048670,0
1048671,0
1048672,0
1048673,0
1048674,0
1048675,0
1048676,0
1048677,0
1048678,0
1048679,0
1048680,0
1048681,0
1048682,0
1048683,0
1048684,0
1048685,0
1048686,0
1048687,0
1048688,0
1048689,0
1048690,0
1048691,0
1048692,0
1048693,0
1048694,0
1048695,0
1048696,0
1048697,0
1048698,0
1048699,0
1048700,0
1048701,0
1048702,0
1048703,0
1048704,0
1048705,0
1048706,0
1048707,0
1048708,0
1048709,0
1048710,0
1048711,0
1048712,0
1048713,0
1048714,0
1048715,0
1048716,0
1048717,0
1048718,0
1048719,0
1048720,0
1048721,0
1048722,0
1048723,0
1048724,0
1048725,0
1048726,0
1048727,1
1048728,0
1048729,0
1048730,0
1048731,0
1048732,0
1048733,0
1048734,0
1048735,0
1048736,0
1048737,0
1048738,1
1048739,0
1048740,0
1048741,0
1048742,0
1048743,0
1048744,0
1048745,0
1048746,0
1048747,0
1048748,0
1048749,0
1048750,0
1048751,0
1048752,0
1048753,0
1048754,0
1048755,0
1048756,0
1048757,0
1048758,0
1048759,0
1048760,0
1048761,0
1048762,0
1048763,0
1048764,0
1048765,0
1048766,0
1048767,0
1048768,0
1048769,0
1048770,0
1048771,0
1048772,0
1048773,1
1048774,0
1048775,0
1048776,0
1048777,0
1048778,0
1048779,0
1048780,0
1048781,0
1048782,1
1048783,0
1048784,0
1048785,0
1048786,0
1048787,0
1048788,0
1048789,0
1048790,0
1048791,0
1048792,0
1048793,0
1048794,0
1048795,0
1048796,0
1048797,0
1048798,0
1048799,0
1048800,0
1048801,0
1048802,0
1048803,0
1048804,0
1048805,1
1048806,0
1048807,0
1048808,0
1048809,0
1048810,0
1048811,0
1048812,0
1048813,0
1048814,0
1048815,0
1048816,0
1048817,0
1048818,1
1048819,0
1048820,0
1048821,1
1048822,0
1048823,0
1048824,0
1048825,0
1048826,0
1048827,0
1048828,0
1048829,0
1048830,0
1048831,0
1048832,1
1048833,1
1048834,0
1048835,0
1048836,1
1048837,0
1048838,0
1048839,0
1048840,0
1048841,0
1048842,0
1048843,0
1048844,0
1048845,0
1048846,0
1048847,0
1048848,0
1048849,0
1048850,0
1048851,0
1048852,0
1048853,0
1048854,0
1048855,0
1048856,0
1048857,0
1048858,0
1048859,0
1048860,0
1048861,0
1048862,1
1048863,2
1048864,0
1048865,0
1048866,0
1048867,0
1048868,0
1048869,0
1048870,0
1048871,0
1048872,2
1048873,0
1048874,0
1048875,0
1048876,0
1048877,0
1048878,0
1048879,0
1048880,0
1048881,0
1048882,0
1048883,0
1048884,0
1048885,0
1048886,0
1048887,1
1048888,0
1048889,0
1048890,0
1048891,0
1048892,0
1048893,1
1048894,0
1048895,0
1048896,0
1048897,0
1048898,0
1048899,0
1048900,0
1048901,0
1048902,0
1048903,0
1048904,0
1048905,0
1048906,0
1048907,0
1048908,1
1048909,0
1048910,0
1048911,0
1048912,0
1048913,0
1048914,0
1048915,0
1048916,0
1048917,1
1048918,0
1048919,0
1048920,0
1048921,0
1048922,0
1048923,0
1048924,0
1048925,1
1048926,0
1048927,0
1048928,0
1048929,0
1048930,2
1048931,0
1048932,0
1048933,0
1048934,0
1048935,0
1048936,0
1048937,0
1048938,0
1048939,0
1048940,0
1048941,0
1048942,0
1048943,0
1048944,0
1048945,0
1048946,0
1048947,0
1048948,0
1048949,2
1048950,0
1048951,0
1048952,0
1048953,0
1048954,0
1048955,0
1048956,0
1048957,0
1048958,0
1048959,0
1048960,0
1048961,0
1048962,0
1048963,0
1048964,0
1048965,0
1048966,0
1048967,0
1048968,0
1048969,0
1048970,0
1048971,0
1048972,0
1048973,0
1048974,0
1048975,0
1048976,0
1048977,0
1048978,0
1048979,0
1048980,0
1048981,0
1048982,0
1048983,0
1048984,0
1048985,0
1048986,0
1048987,0
1048988,0
1048989,1
1048990,0
1048991,0
1048992,0
1048993,0
1048994,0
1048995,0
1048996,0
1048997,0
1048998,0
1048999,1
1049000,0
1049001,0
1049002,0
1049003,0
1049004,0
1049005,1
1049006,0
1049007,0
1049008,0
1049009,0
1049010,0
1049011,0
1049012,0
1049013,0
1049014,0
1049015,1
1049016,0
1049017,0
1049018,0
1049019,0
1049020,0
1049021,1
1049022,0
1049023,0
1049024,0
1049025,0
1049026,0
1049027,0
1049028,0
1049029,0
1049030,0
1049031,0
1049032,0
1049033,0
1049034,1
1049035,0
1049036,1
1049037,0
1049038,0
1049039,0
1049040,0
1049041,0
1049042,0
1049043,0
1049044,0
1049045,0
1049046,0
1049047,0
1049048,0
1049049,0
1049050,1
1049051,1
1049052,0
1049053,0
1049054,1
1049055,0
1049056,0
1049057,0
1049058,0
1049059,0
1049060,0
1049061,2
1049062,0
1049063,0
1049064,0
1049065,0
1049066,0
1049067,0
1049068,0
1049069,0
1049070,1
1049071,0
1049072,1
1049073,0
1049074,1
1049075,0
1049076,0
1049077,0
1049078,0
1049079,0
1049080,0
1049081,0
1049082,0
1049083,0
1049084,0
1049085,0
1049086,0
1049087,0
1049088,0
1049089,0
1049090,1
1049091,0
1049092,0
1049093,0
1049094,3
1049095,0
1049096,0
1049097,1
1049098,1
1049099,0
1049100,0
1049101,0
1049102,0
1049103,0
1049104,0
1049105,0
1049106,0
1049107,1
1049108,0
1049109,0
1049110,0
1049111,0
1049112,0
1049113,0
1049114,0
1049115,0
1049116,0
1049117,0
1049118,0
1049119,1
1049120,0
1049121,0
1049122,1
1049123,0
1049124,0
1049125,0
1049126,0
1049127,0
1049128,0
1049129,0
1049130,0
1049131,1
1049132,0
1049133,0
1049134,0
1049135,0
1049136,0
1049137,0
1049138,0
1049139,0
1049140,0
1049141,0
1049142,0
1049143,0
1049144,0
1049145,0
1049146,0
1049147,1
1049148,0
1049149,0
1049150,1
1049151,0
1049152,0
1049153,0
1049154,0
1049155,0
1049156,0
1049157,0
1049158,0
1049159,0
1049160,0
1049161,0
1049162,0
1049163,1
1049164,0
1049165,0
1049166,0
1049167,0
1049168,0
1049169,1
1049170,0
1049171,0
1049172,0
1049173,0
1049174,0
1049175,0
1049176,0
1049177,0
1049178,0
1049179,1
1049180,0
1049181,0
1049182,0
1049183,0
1049184,0
1049185,0
1049186,0
1049187,0
1049188,0
1049189,0
1049190,1
1049191,0
1049192,0
1049193,0
1049194,0
1049195,0
1049196,2
1049197,0
1049198,0
1049199,2
1049200,0
1049201,0
1049202,0
1049203,0
1049204,0
1049205,0
1049206,0
1049207,0
1049208,0
1049209,0
1049210,0
1049211,0
1049212,1
1049213,0
1049214,0
1049215,0
1049216,1
1049217,0
1049218,0
1049219,0
1049220,0
1049221,0
1049222,0
1049223,0
1049224,0
1049225,0
1049226,0
1049227,0
1049228,0
1049229,0
1049230,0
1049231,0
1049232,0
1049233,0
1049234,0
1049235,0
1049236,0
1049237,0
1049238,0
1049239,1
1049240,0
1049241,0
1049242,0
1049243,0
1049244,0
1049245,0
1049246,0
1049247,1
1049248,0
1049249,0
1049250,0
1049251,0
1049252,0
1049253,0
1049254,0
1049255,1
1049256,0
1049257,0
1049258,0
1049259,0
1049260,0
1049261,0
1049262,0
1049263,0
1049264,0
1049265,0
1049266,0
1049267,0
1049268,0
1049269,0
1049270,0
1049271,0
1049272,0
1049273,0
1049274,0
1049275,0
1049276,0
1049277,0
1049278,0
1049279,1
1049280,0
1049281,0
1049282,0
1049283,0
1049284,0
1049285,0
1049286,0
1049287,0
1049288,0
1049289,1
1049290,0
1049291,0
1049292,0
1049293,1
1049294,0
1049295,1
1049296,0
1049297,0
1049298,0
1049299,0
1049300,0
1049301,0
1049302,0
1049303,0
1049304,0
1049305,0
1049306,0
1049307,0
1049308,0
1049309,0
1049310,0
1049311,1
1049312,0
1049313,0
1049314,0
1049315,0
1049316,0
1049317,0
1049318,0
1049319,0
1049320,0
1049321,0
1049322,0
1049323,0
1049324,0
1049325,0
1049326,0
1049327,0
1049328,0
1049329,0
1049330,0
1049331,0
1049332,0
1049333,0
1049334,0
1049335,0
1049336,0
1049337,0
1049338,0
1049339,0
1049340,0
1049341,0
1049342,0
1049343,0
1049344,1
1049345,0
1049346,0
1049347,0
1049348,0
1049349,0
1049350,0
1049351,0
1049352,0
1049353,0
1049354,0
1049355,0
1049356,0
1049357,0
1049358,0
1049359,0
1049360,0
1049361,0
1049362,0
1049363,0
1049364,0
1049365,0
1049366,0
1049367,0
1049368,0
1049369,0
1049370,1
1049371,0
1049372,0
1049373,0
1049374,0
1049375,1
1049376,0
1049377,0
1049378,0
1049379,0
1049380,0
1049381,0
1049382,0
1049383,0
1049384,0
1049385,0
1049386,0
1049387,1
1049388,0
1049389,1
1049390,0
1049391,0
1049392,0
1049393,0
1049394,0
1049395,0
1049396,0
1049397,0
1049398,0
1049399,0
1049400,0
1049401,0
1049402,0
1049403,0
1049404,0
1049405,0
1049406,0
1049407,0
1049408,0
1049409,0
1049410,0
1049411,0
1049412,0
1049413,0
1049414,0
1049415,0
1049416,0
1049417,0
1049418,0
1049419,0
1049420,0
1049421,0
1049422,0
1049423,0
1049424,0
1049425,0
1049426,0
1049427,0
1049428,0
1049429,0
1049430,0
1049431,0
1049432,0
1049433,0
1049434,0
1049435,0
1049436,0
1049437,0
1049438,0
1049439,1
1049440,0
1049441,0
1049442,1
1049443,0
1049444,0
1049445,0
1049446,0
1049447,0
1049448,0
1049449,0
1049450,0
1049451,0
1049452,1
1049453,0
1049454,0
1049455,1
1049456,0
1049457,0
1049458,0
1049459,0
1049460,0
1049461,0
1049462,0
1049463,0
1049464,0
1049465,0
1049466,0
1049467,0
1049468,0
1049469,0
1049470,0
1049471,0
1049472,0
1049473,0
1049474,0
1049475,0
1049476,0
1049477,0
1049478,0
1049479,0
1049480,0
1049481,0
1049482,0
1049483,1
1049484,0
1049485,0
1049486,0
1049487,2
1049488,0
1049489,0
1049490,0
1049491,0
1049492,0
1049493,0
1049494,0
1049495,0
1049496,0
1049497,0
1049498,0
1049499,0
1049500,2
1049501,0
1049502,1
1049503,0
1049504,0
1049505,0
1049506,0
1049507,0
1049508,0
1049509,0
1049510,0
1049511,0
1049512,0
1049513,0
1049514,0
1049515,0
1049516,0
1049517,1
1049518,0
1049519,0
1049520,0
1049521,1
1049522,0
1049523,0
1049524,0
1049525,0
1049526,0
1049527,0
1049528,0
1049529,0
1049530,1
1049531,2
1049532,0
1049533,1
1049534,0
1049535,0
1049536,0
1049537,0
1049538,0
1049539,0
1049540,0
1049541,0
1049542,0
1049543,0
1049544,0
1049545,0
1049546,0
1049547,0
1049548,0
1049549,1
1049550,0
1049551,0
1049552,1
1049553,0
1049554,0
1049555,0
1049556,0
1049557,0
1049558,0
1049559,1
1049560,0
1049561,0
1049562,0
1049563,0
1049564,0
1049565,0
1049566,0
1049567,1
1049568,0
1049569,2
1049570,0
1049571,0
1049572,0
1049573,0
1049574,0
1049575,0
1049576,0
1049577,0
1049578,0
1049579,0
1049580,0
1049581,0
1049582,0
1049583,0
1049584,0
1049585,0
1049586,0
1049587,0
1049588,0
1049589,0
1049590,0
1049591,0
1049592,0
1049593,0
1049594,0
1049595,1
1049596,0
1049597,1
1049598,0
1049599,0
1049600,0
1049601,0
1049602,0
1049603,0
1049604,0
1049605,0
1049606,0
1049607,0
1049608,0
1049609,0
1049610,1
1049611,1
1049612,0
1049613,0
1049614,0
1049615,0
1049616,0
1049617,0
1049618,0
1049619,0
1049620,0
1049621,0
1049622,0
1049623,0
1049624,0
1049625,0
1049626,0
1049627,0
1049628,2
1049629,0
1049630,0
1049631,0
1049632,0
1049633,1
1049634,0
1049635,0
1049636,0
1049637,0
1049638,0
1049639,0
1049640,0
1049641,0
1049642,0
1049643,0
1049644,0
1049645,0
1049646,0
1049647,0
1049648,2
1049649,0
1049650,0
1049651,0
1049652,0
1049653,0
1049654,0
1049655,0
1049656,0
1049657,0
1049658,0
1049659,0
1049660,0
1049661,0
1049662,0
1049663,0
1049664,0
1049665,0
1049666,0
1049667,0
1049668,17
1049669,0
1049670,15
1049671,0
1049672,0
1049673,0
1049674,0
1049675,15
1049676,16
1049677,0
1049678,0
1049679,0
1049680,20
1049681,0
1049682,0
1049683,0
1049684,0
1049685,0
1049686,0
1049687,0
1049688,0
1049689,0
1049690,38
1049691,17
1049692,33
1049693,0
1049694,0
1049695,0
1049696,0
1049697,0
1049698,21
1049699,0
1049700,0
1049701,0
1049702,0
1049703,0
1049704,0
1049705,0
1049706,23
1049707,0
1049708,0
1049709,42
1049710,0
1049711,0
1049712,16
1049713,0
1049714,0
1049715,0
1049716,0
1049717,0
1049718,0
1049719,0
1049720,0
1049721,0
1049722,0
1049723,0
1049724,0
1049725,0
1049726,0
1049727,0
1049728,0
1049729,0
1049730,0
1049731,0
1049732,0
1049733,13
1049734,0
1049735,0
1049736,18
1049737,0
1049738,0
1049739,0
1049740,0
1049741,0
1049742,17
1049743,0
1049744,0
1049745,0
1049746,0
1049747,20
1049748,36
1049749,0
1049750,0
1049751,0
1049752,0
1049753,29
1049754,0
1049755,0
1049756,0
1049757,22
1049758,0
1049759,21
1049760,0
1049761,0
1049762,0
1049763,0
1049764,23
1049765,22
1049766,17
1049767,0
1049768,0
1049769,0
1049770,19
1049771,0
1049772,0
1049773,0
1049774,0
1049775,0
1049776,0
1049777,0
1049778,0
1049779,0
1049780,0
1049781,26
1049782,0
1049783,0
1049784,0
1049785,0
1049786,0
1049787,0
1049788,0
1049789,0
1049790,0
1049791,28
1049792,0
1049793,0
1049794,0
1049795,0
1049796,0
1049797,0
1049798,0
1049799,0
1049800,0
1049801,21
1049802,0
1049803,0
1049804,0
1049805,0
1049806,0
1049807,0
1049808,31
1049809,20
1049810,17
1049811,0
1049812,0
1049813,28
1049814,0
1049815,0
1049816,0
1049817,0
1049818,0
1049819,17
1049820,0
1049821,0
1049822,0
1049823,0
1049824,0
1049825,0
1049826,0
1049827,0
1049828,0
1049829,0
1049830,12
1049831,0
1049832,32
1049833,0
1049834,0
1049835,0
1049836,0
1049837,0
1049838,0
1049839,0
1049840,0
1049841,0
1049842,0
1049843,0
1049844,0
1049845,0
1049846,0
1049847,22
1049848,0
1049849,0
1049850,0
1049851,0
1049852,0
1049853,0
1049854,0
1049855,0
1049856,0
1049857,0
1049858,0
1049859,0
1049860,0
1049861,0
1049862,0
1049863,0
1049864,0
1049865,0
1049866,0
1049867,32
1049868,0
1049869,0
1049870,0
1049871,0
1049872,0
1049873,26
1049874,0
1049875,0
1049876,0
1049877,0
1049878,0
1049879,0
1049880,0
1049881,0
1049882,0
1049883,0
1049884,0
1049885,0
1049886,31
1049887,0
1049888,0
1049889,0
1049890,0
1049891,0
1049892,11
1049893,0
1049894,0
1049895,0
1049896,0
1049897,0
1049898,0
1049899,15
1049900,0
1049901,0
1049902,0
1049903,0
1049904,0
1049905,0
1049906,22
1049907,0
1049908,16
1049909,0
1049910,16
1049911,0
1049912,13
1049913,0
1049914,0
1049915,14
1049916,0
1049917,0
1049918,0
1049919,0
1049920,0
1049921,0
1049922,0
1049923,0
1049924,0
1049925,0
1049926,0
1049927,0
1049928,0
1049929,0
1049930,0
1049931,0
1049932,0
1049933,0
1049934,0
1049935,0
1049936,0
1049937,0
1049938,0
1049939,0
1049940,33
1049941,0
1049942,27
1049943,0
1049944,24
1049945,0
1049946,0
1049947,0
1049948,23
1049949,0
1049950,0
1049951,0
1049952,0
1049953,28
1049954,0
1049955,0
1049956,21
1049957,0
1049958,0
1049959,0
1049960,0
1049961,16
1049962,26
1049963,0
1049964,0
1049965,0
1049966,0
1049967,0
1049968,20
1049969,0
1049970,0
1049971,0
1049972,0
1049973,0
1049974,17
1049975,0
1049976,0
1049977,32
1049978,0
1049979,0
1049980,0
1049981,0
1049982,0
1049983,0
1049984,0
1049985,0
1049986,16
1049987,0
1049988,27
1049989,0
1049990,0
1049991,0
1049992,0
1049993,22
1049994,0
1049995,18
1049996,0
1049997,0
1049998,0
1049999,32
1050000,0
1050001,27
1050002,0
1050003,0
1050004,17
1050005,0
1050006,0
1050007,0
1050008,0
1050009,0
1050010,23
1050011,24
1050012,0
1050013,0
1050014,0
1050015,0
1050016,23
1050017,0
1050018,0
1050019,0
1050020,0
1050021,0
1050022,0
1050023,26
1050024,0
1050025,20
1050026,36
1050027,26
1050028,19
1050029,0
1050030,0
1050031,0
1050032,0
1050033,0
1050034,0
1050035,25
1050036,31
1050037,0
1050038,0
1050039,0
1050040,0
1050041,19
1050042,0
1050043,0
1050044,0
1050045,0
1050046,0
1050047,0
1050048,0
1050049,0
1050050,27
1050051,30
1050052,19
1050053,0
1050054,20
1050055,0
1050056,0
1050057,0
1050058,14
1050059,0
1050060,0
1050061,0
1050062,0
1050063,32
1050064,0
1050065,0
1050066,0
1050067,0
1050068,0
1050069,22
1050070,0
1050071,0
1050072,0
1050073,17
1050074,14
1050075,0
1050076,18
1050077,18
1050078,0
1050079,0
1050080,0
1050081,0
1050082,20
1050083,0
1050084,0
1050085,35
1050086,0
1050087,0
1050088,25
1050089,0
1050090,0
1050091,0
1050092,0
1050093,0
1050094,24
1050095,0
1050096,0
1050097,6
1050098,0
1050099,0
1050100,0
1050101,27
1050102,0
1050103,0
1050104,0
1050105,0
1050106,21
1050107,30
1050108,0
1050109,0
1050110,0
1050111,0
1050112,0
1050113,20
1050114,0
1050115,0
1050116,0
1050117,0
1050118,0
1050119,0
1050120,0
1050121,0
1050122,16
1050123,0
1050124,0
1050125,0
1050126,0
1050127,0
1050128,0
1050129,0
1050130,0
1050131,14
1050132,27
1050133,0
1050134,0
1050135,0
1050136,0
1050137,0
1050138,0
1050139,0
1050140,0
1050141,0
1050142,17
1050143,0
1050144,0
1050145,0
1050146,0
1050147,23
1050148,36
1050149,0
1050150,0
1050151,21
1050152,0
1050153,0
1050154,16
1050155,0
1050156,0
1050157,0
1050158,0
1050159,26
1050160,0
1050161,0
1050162,0
1050163,0
1050164,0
1050165,0
1050166,16
1050167,0
1050168,0
1050169,0
1050170,0
1050171,0
1050172,0
1050173,0
1050174,0
1050175,0
1050176,0
1050177,0
1050178,0
1050179,23
1050180,0
1050181,25
1050182,0
1050183,0
1050184,27
1050185,0
1050186,0
1050187,0
1050188,18
1050189,0
1050190,0
1050191,0
1050192,0
1050193,0
1050194,24
1050195,0
1050196,11
1050197,0
1050198,0
1050199,19
1050200,0
1050201,30
1050202,0
1050203,23
1050204,0
1050205,0
1050206,0
1050207,0
1050208,21
1050209,0
1050210,21
1050211,0
1050212,0
1050213,0
1050214,0
1050215,0
1050216,0
1050217,0
1050218,25
1050219,0
1050220,17
1050221,0
1050222,0
1050223,0
1050224,0
1050225,17
1050226,18
1050227,0
1050228,20
1050229,0
1050230,0
1050231,0
1050232,15
1050233,0
1050234,0
1050235,22
1050236,0
1050237,0
1050238,0
1050239,0
1050240,0
1050241,0
1050242,16
1050243,0
1050244,0
1050245,0
1050246,0
1050247,0
1050248,15
1050249,0
1050250,0
1050251,30
1050252,0
1050253,0
1050254,0
1050255,0
1050256,0
1050257,0
1050258,0
1050259,15
1050260,0
1050261,13
1050262,14
1050263,0
1050264,0
1050265,0
1050266,0
1050267,0
1050268,0
1050269,0
1050270,0
1050271,0
1050272,0
1050273,0
1050274,0
1050275,0
1050276,0
1050277,0
1050278,30
1050279,34
1050280,0
1050281,0
1050282,0
1050283,0
1050284,0
1050285,0
1050286,0
1050287,0
1050288,0
1050289,0
1050290,0
1050291,0
1050292,26
1050293,28
1050294,0
1050295,0
1050296,0
1050297,23
1050298,0
1050299,0
1050300,0
1050301,0
1050302,0
1050303,0
1050304,0
1050305,0
1050306,0
1050307,0
1050308,21
1050309,19
1050310,0
1050311,0
1050312,0
1050313,0
1050314,20
1050315,0
1050316,25
1050317,0
1050318,0
1050319,29
1050320,0
1050321,0
1050322,0
1050323,0
1050324,0
1050325,0
1050326,23
1050327,0
1050328,0
1050329,32
1050330,0
1050331,0
1050332,20
1050333,0
1050334,0
1050335,0
1050336,0
1050337,0
1050338,0
1050339,0
1050340,0
1050341,0
1050342,0
1050343,0
1050344,0
1050345,0
1050346,0
1050347,21
1050348,13
1050349,18
1050350,15
1050351,0
1050352,0
1050353,0
1050354,0
1050355,0
1050356,0
1050357,22
1050358,0
1050359,0
1050360,0
1050361,0
1050362,0
1050363,0
1050364,0
1050365,0
1050366,28
1050367,0
1050368,0
1050369,25
1050370,0
1050371,0
1050372,0
1050373,0
1050374,0
1050375,30
1050376,0
1050377,25
1050378,0
1050379,0
1050380,0
1050381,20
1050382,20
1050383,0
1050384,0
1050385,29
1050386,0
1050387,0
1050388,0
1050389,0
1050390,0
1050391,0
1050392,0
1050393,0
1050394,19
1050395,26
1050396,0
1050397,0
1050398,0
1050399,0
1050400,10
1050401,0
1050402,24
1050403,0
1050404,0
1050405,0
1050406,14
1050407,0
1050408,0
1050409,0
1050410,0
1050411,0
1050412,23
1050413,0
1050414,0
1050415,0
1050416,26
1050417,0
1050418,0
1050419,0
1050420,0
1050421,26
1050422,17
1050423,16
1050424,0
1050425,0
1050426,0
1050427,0
1050428,0
1050429,0
1050430,0
1050431,30
1050432,0
1050433,19
1050434,0
1050435,0
1050436,0
1050437,0
1050438,0
1050439,0
1050440,0
1050441,0
1050442,0
1050443,0
1050444,0
1050445,0
1050446,0
1050447,0
1050448,0
1050449,0
1050450,16
1050451,0
1050452,28
1050453,21
1050454,0
1050455,0
1050456,0
1050457,0
1050458,0
1050459,0
1050460,0
1050461,0
1050462,0
1050463,28
1050464,0
1050465,0
1050466,26
1050467,0
1050468,20
1050469,0
1050470,0
1050471,0
1050472,0
1050473,18
1050474,0
1050475,0
1050476,0
1050477,0
1050478,0
1050479,0
1050480,28
1050481,18
1050482,0
1050483,30
1050484,0
1050485,0
1050486,0
1050487,25
1050488,0
1050489,21
1050490,0
1050491,0
1050492,29
1050493,0
1050494,0
1050495,0
1050496,0
1050497,16
1050498,22
1050499,0
1050500,0
1050501,0
1050502,0
1050503,0
1050504,0
1050505,18
1050506,19
1050507,0
1050508,0
1050509,0
1050510,0
1050511,0
1050512,21
1050513,30
1050514,0
1050515,0
1050516,28
1050517,0
1050518,0
1050519,0
1050520,0
1050521,24
1050522,0
1050523,0
1050524,0
1050525,0
1050526,0
1050527,23
1050528,0
1050529,0
1050530,0
1050531,0
1050532,21
1050533,0
1050534,0
1050535,0
1050536,0
1050537,0
1050538,0
1050539,0
1050540,0
1050541,0
1050542,0
1050543,0
1050544,0
1050545,28
1050546,19
1050547,0
1050548,0
1050549,0
1050550,0
1050551,15
1050552,15
1050553,0
1050554,0
1050555,32
1050556,0
1050557,25
1050558,0
1050559,0
1050560,0
1050561,20
1050562,0
1050563,0
1050564,0
1050565,0
1050566,23
1050567,0
1050568,0
1050569,0
1050570,0
1050571,21
1050572,0
1050573,0
1050574,0
1050575,0
1050576,0
1050577,0
1050578,0
1050579,17
1050580,25
1050581,37
1050582,0
1050583,27
1050584,0
1050585,0
1050586,0
1050587,0
1050588,22
1050589,0
1050590,0
1050591,0
1050592,0
1050593,0
1050594,0
1050595,0
1050596,0
1050597,0
1050598,0
1050599,0
1050600,0
1050601,0
1050602,23
1050603,0
1050604,0
1050605,0
1050606,0
1050607,0
1050608,0
1050609,0
1050610,0
1050611,0
1050612,22
1050613,35
1050614,0
1050615,0
1050616,0
1050617,0
1050618,0
1050619,0
1050620,0
1050621,0
1050622,0
1050623,0
1050624,0
1050625,0
1050626,0
1050627,12
1050628,0
1050629,0
1050630,0
1050631,0
1050632,0
1050633,0
1050634,0
1050635,0
1050636,0
1050637,0
1050638,0
1050639,0
1050640,0
1050641,0
1050642,0
1050643,0
1050644,0
1050645,0
1050646,0
1050647,0
1050648,0
1050649,0
1050650,0
1050651,0
1050652,0
1050653,0
1050654,7
1050655,0
1050656,0
1050657,0
1050658,0
1050659,0
1050660,0
1050661,0
1050662,0
1050663,0
1050664,0
1050665,0
1050666,0
1050667,0
1050668,0
1050669,0
1050670,0
1050671,0
1050672,0
1050673,0
1050674,0
1050675,0
1050676,0
1050677,0
1050678,0
1050679,0
1050680,0
1050681,0
1050682,0
1050683,0
1050684,15
1050685,0
1050686,0
1050687,0
1050688,0
1050689,0
1050690,0
1050691,0
1050692,0
1050693,0
1050694,0
1050695,11
1050696,0
1050697,0
1050698,0
1050699,0
1050700,0
1050701,11
1050702,0
1050703,0
1050704,0
1050705,0
1050706,0
1050707,0
1050708,0
1050709,0
1050710,0
1050711,0
1050712,0
1050713,0
1050714,0
1050715,0
1050716,0
1050717,0
1050718,0
1050719,0
1050720,14
1050721,0
1050722,0
1050723,0
1050724,0
1050725,0
1050726,0
1050727,0
1050728,0
1050729,0
1050730,0
1050731,0
1050732,0
1050733,0
1050734,0
1050735,0
1050736,0
1050737,0
1050738,0
1050739,0
1050740,0
1050741,0
1050742,0
1050743,0
1050744,0
1050745,0
1050746,0
1050747,12
1050748,0
1050749,0
1050750,0
1050751,0
1050752,0
1050753,0
1050754,0
1050755,0
1050756,0
1050757,0
1050758,0
1050759,0
1050760,0
1050761,10
1050762,0
1050763,0
1050764,0
1050765,0
1050766,0
1050767,0
1050768,0
1050769,0
1050770,16
1050771,0
1050772,0
1050773,0
1050774,0
1050775,0
1050776,0
1050777,0
1050778,0
1050779,0
1050780,0
1050781,0
1050782,0
1050783,0
1050784,0
1050785,0
1050786,0
1050787,0
1050788,0
1050789,0
1050790,14
1050791,0
1050792,0
1050793,0
1050794,0
1050795,0
1050796,14
1050797,0
1050798,0
1050799,0
1050800,0
1050801,0
1050802,0
1050803,0
1050804,0
1050805,0
1050806,0
1050807,0
1050808,0
1050809,0
1050810,0
1050811,0
1050812,0
1050813,0
1050814,0
1050815,0
1050816,0
1050817,0
1050818,0
1050819,0
1050820,15
1050821,0
1050822,0
1050823,0
1050824,0
1050825,0
1050826,0
1050827,0
1050828,0
1050829,0
1050830,6
1050831,0
1050832,0
1050833,0
1050834,0
1050835,0
1050836,0
1050837,0
1050838,0
1050839,0
1050840,0
1050841,0
1050842,0
1050843,0
1050844,0
1050845,0
1050846,0
1050847,0
1050848,0
1050849,11
1050850,0
1050851,0
1050852,0
1050853,0
1050854,0
1050855,0
1050856,0
1050857,0
1050858,0
1050859,0
1050860,0
1050861,0
1050862,0
1050863,0
1050864,0
1050865,0
1050866,10
1050867,0
1050868,0
1050869,0
1050870,0
1050871,0
1050872,0
1050873,0
1050874,0
1050875,0
1050876,19
1050877,0
1050878,0
1050879,0
1050880,0
1050881,0
1050882,0
1050883,0
1050884,0
1050885,0
1050886,0
1050887,0
1050888,0
1050889,0
1050890,0
1050891,0
1050892,0
1050893,18
1050894,0
1050895,0
1050896,0
1050897,0
1050898,0
1050899,0
1050900,0
1050901,0
1050902,0
1050903,0
1050904,0
1050905,0
1050906,0
1050907,0
1050908,9
1050909,0
1050910,0
1050911,0
1050912,0
1050913,0
1050914,0
1050915,0
1050916,0
1050917,0
1050918,0
1050919,0
1050920,0
1050921,0
1050922,0
1050923,0
1050924,0
1050925,0
1050926,0
1050927,0
1050928,0
1050929,0
1050930,0
1050931,0
1050932,0
1050933,0
1050934,0
1050935,0
1050936,0
1050937,0
1050938,0
1050939,0
1050940,0
1050941,0
1050942,0
1050943,0
1050944,0
1050945,13
1050946,0
1050947,0
1050948,0
1050949,0
1050950,0
1050951,0
1050952,0
1050953,0
1050954,0
1050955,0
1050956,0
1050957,0
1050958,0
1050959,0
1050960,0
1050961,0
1050962,0
1050963,0
1050964,0
1050965,0
1050966,0
1050967,0
1050968,0
1050969,15
1050970,0
1050971,0
1050972,8
1050973,0
1050974,0
1050975,0
1050976,0
1050977,0
1050978,0
1050979,0
1050980,0
1050981,0
1050982,0
1050983,0
1050984,0
1050985,0
1050986,0
1050987,0
1050988,0
1050989,0
1050990,17
1050991,0
1050992,0
1050993,0
1050994,0
1050995,0
1050996,0
1050997,0
1050998,0
1050999,0
1051000,0
1051001,9
1051002,0
1051003,0
1051004,0
1051005,0
1051006,0
1051007,0
1051008,13
1051009,0
1051010,0
1051011,0
1051012,22
1051013,0
1051014,0
1051015,0
1051016,0
1051017,0
1051018,0
1051019,0
1051020,0
1051021,0
1051022,0
1051023,0
1051024,0
1051025,0
1051026,0
1051027,0
1051028,0
1051029,0
1051030,9
1051031,0
1051032,0
1051033,0
1051034,0
1051035,0
1051036,0
1051037,0
1051038,0
1051039,0
1051040,0
1051041,0
1051042,0
1051043,0
1051044,0
1051045,0
1051046,0
1051047,0
1051048,0
1051049,0
1051050,0
1051051,0
1051052,14
1051053,0
1051054,0
1051055,0
1051056,0
1051057,0
1051058,0
1051059,0
1051060,0
1051061,0
1051062,0
1051063,0
1051064,0
1051065,0
1051066,9
1051067,0
1051068,0
1051069,0
1051070,0
1051071,0
1051072,0
1051073,0
1051074,0
1051075,0
1051076,0
1051077,0
1051078,14
1051079,0
1051080,0
1051081,0
1051082,0
1051083,0
1051084,15
1051085,0
1051086,0
1051087,0
1051088,0
1051089,0
1051090,0
1051091,0
1051092,0
1051093,0
1051094,0
1051095,0
1051096,0
1051097,0
1051098,0
1051099,0
1051100,0
1051101,0
1051102,0
1051103,0
1051104,0
1051105,0
1051106,0
1051107,0
1051108,0
1051109,0
1051110,0
1051111,0
1051112,0
1051113,0
1051114,0
1051115,0
1051116,0
1051117,0
1051118,0
1051119,0
1051120,0
1051121,0
1051122,0
1051123,0
1051124,0
1051125,0
1051126,0
1051127,0
1051128,0
1051129,0
1051130,0
1051131,0
1051132,12
1051133,0
1051134,0
1051135,0
1051136,0
1051137,0
1051138,0
1051139,0
1051140,0
1051141,0
1051142,0
1051143,0
1051144,0
1051145,0
1051146,0
1051147,0
1051148,0
1051149,0
1051150,0
1051151,0
1051152,0
1051153,0
1051154,18
1051155,0
1051156,0
1051157,0
1051158,0
1051159,0
1051160,0
1051161,0
1051162,0
1051163,0
1051164,0
1051165,0
1051166,0
1051167,0
1051168,0
1051169,0
1051170,0
1051171,0
1051172,0
1051173,0
1051174,0
1051175,0
1051176,0
1051177,0
1051178,0
1051179,0
1051180,0
1051181,0
1051182,0
1051183,0
1051184,0
1051185,0
1051186,0
1051187,0
1051188,0
1051189,0
1051190,0
1051191,0
1051192,0
1051193,0
1051194,0
1051195,0
1051196,0
1051197,0
1051198,0
1051199,0
1051200,0
1051201,0
1051202,0
1051203,0
1051204,0
1051205,0
1051206,0
1051207,0
1051208,0
1051209,0
1051210,0
1051211,26
1051212,21
1051213,0
1051214,0
1051215,0
1051216,0
1051217,0
1051218,22
1051219,0
1051220,0
1051221,0
1051222,0
1051223,21
1051224,0
1051225,0
1051226,38
1051227,0
1051228,30
1051229,0
1051230,18
1051231,20
1051232,0
1051233,0
1051234,0
1051235,0
1051236,25
1051237,0
1051238,0
1051239,0
1051240,0
1051241,0
1051242,0
1051243,0
1051244,0
1051245,0
1051246,0
1051247,0
1051248,21
1051249,0
1051250,0
1051251,0
1051252,0
1051253,0
1051254,0
1051255,0
1051256,22
1051257,23
1051258,0
1051259,0
1051260,0
1051261,0
1051262,0
1051263,0
1051264,0
1051265,0
1051266,0
1051267,0
1051268,0
1051269,23
1051270,0
1051271,17
1051272,0
1051273,0
1051274,0
1051275,0
1051276,27
1051277,0
1051278,0
1051279,0
1051280,0
1051281,0
1051282,0
1051283,0
1051284,0
1051285,0
1051286,0
1051287,0
1051288,0
1051289,0
1051290,0
1051291,0
1051292,0
1051293,24
1051294,0
1051295,32
1051296,0
1051297,0
1051298,0
1051299,31
1051300,0
1051301,0
1051302,0
1051303,0
1051304,0
1051305,0
1051306,0
1051307,0
1051308,0
1051309,0
1051310,0
1051311,0
1051312,0
1051313,0
1051314,0
1051315,0
1051316,0
1051317,0
1051318,0
1051319,0
1051320,0
1051321,20
1051322,23
1051323,0
1051324,0
1051325,0
1051326,0
1051327,0
1051328,0
1051329,21
1051330,0
1051331,0
1051332,0
1051333,0
1051334,0
1051335,30
1051336,0
1051337,15
1051338,0
1051339,24
1051340,0
1051341,0
1051342,0
1051343,0
1051344,0
1051345,0
1051346,0
1051347,0
1051348,0
1051349,13
1051350,0
1051351,0
1051352,0
1051353,0
1051354,0
1051355,0
1051356,19
1051357,0
1051358,0
1051359,0
1051360,0
1051361,0
1051362,0
1051363,30
1051364,0
1051365,0
1051366,0
1051367,0
1051368,0
1051369,0
1051370,0
1051371,0
1051372,0
1051373,0
1051374,0
1051375,0
1051376,0
1051377,17
1051378,0
1051379,0
1051380,0
1051381,0
1051382,0
1051383,0
1051384,0
1051385,0
1051386,0
1051387,0
1051388,16
1051389,0
1051390,0
1051391,0
1051392,22
1051393,0
1051394,0
1051395,0
1051396,21
1051397,20
1051398,0
1051399,0
1051400,0
1051401,0
1051402,0
1051403,0
1051404,0
1051405,33
1051406,0
1051407,16
1051408,0
1051409,0
1051410,0
1051411,0
1051412,0
1051413,0
1051414,0
1051415,0
1051416,0
1051417,0
1051418,0
1051419,0
1051420,16
1051421,0
1051422,0
1051423,0
1051424,0
1051425,0
1051426,0
1051427,13
1051428,13
1051429,0
1051430,0
1051431,0
1051432,0
1051433,0
1051434,19
1051435,0
1051436,0
1051437,0
1051438,0
1051439,0
1051440,0
1051441,0
1051442,0
1051443,0
1051444,0
1051445,0
1051446,0
1051447,0
1051448,15
1051449,0
1051450,0
1051451,0
1051452,0
1051453,0
1051454,0
1051455,0
1051456,0
1051457,0
1051458,0
1051459,0
1051460,0
1051461,0
1051462,0
1051463,0
1051464,0
1051465,0
1051466,24
1051467,19
1051468,0
1051469,0
1051470,0
1051471,0
1051472,0
1051473,0
1051474,29
1051475,0
1051476,0
1051477,0
1051478,0
1051479,0
1051480,0
1051481,0
1051482,0
1051483,0
1051484,0
1051485,0
1051486,0
1051487,0
1051488,0
1051489,0
1051490,0
1051491,25
1051492,0
1051493,0
1051494,0
1051495,0
1051496,0
1051497,0
1051498,26
1051499,31
1051500,0
1051501,0
1051502,0
1051503,0
1051504,0
1051505,0
1051506,0
1051507,28
1051508,0
1051509,0
1051510,0
1051511,0
1051512,0
1051513,0
1051514,0
1051515,0
1051516,21
1051517,0
1051518,0
1051519,0
1051520,0
1051521,0
1051522,0
1051523,20
1051524,0
1051525,0
1051526,0
1051527,0
1051528,0
1051529,0
1051530,0
1051531,0
1051532,0
1051533,18
1051534,0
1051535,0
1051536,0
1051537,26
1051538,0
1051539,25
1051540,0
1051541,0
1051542,0
1051543,0
1051544,23
1051545,0
1051546,0
1051547,34
1051548,0
1051549,0
1051550,0
1051551,0
1051552,0
1051553,0
1051554,0
1051555,0
1051556,0
1051557,0
1051558,0
1051559,0
1051560,0
1051561,0
1051562,22
1051563,24
1051564,0
1051565,0
1051566,0
1051567,0
1051568,0
1051569,0
1051570,0
1051571,0
1051572,0
1051573,0
1051574,0
1051575,0
1051576,0
1051577,0
1051578,0
1051579,0
1051580,0
1051581,17
1051582,29
1051583,0
1051584,0
1051585,0
1051586,0
1051587,0
1051588,0
1051589,0
1051590,0
1051591,0
1051592,0
1051593,27
1051594,36
1051595,10
1051596,0
1051597,0
1051598,0
1051599,27
1051600,0
1051601,0
1051602,0
1051603,24
1051604,0
1051605,0
1051606,25
1051607,0
1051608,0
1051609,0
1051610,0
1051611,0
1051612,0
1051613,0
1051614,27
1051615,0
1051616,14
1051617,17
1051618,0
1051619,0
1051620,0
1051621,0
1051622,0
1051623,0
1051624,0
1051625,0
1051626,0
1051627,0
1051628,0
1051629,0
1051630,0
1051631,23
1051632,0
1051633,0
1051634,0
1051635,0
1051636,0
1051637,0
1051638,0
1051639,0
1051640,0
1051641,28
1051642,0
1051643,0
1051644,0
1051645,0
1051646,0
1051647,0
1051648,19
1051649,0
1051650,0
1051651,0
1051652,0
1051653,0
1051654,25
1051655,0
1051656,0
1051657,0
1051658,0
1051659,0
1051660,0
1051661,0
1051662,0
1051663,0
1051664,0
1051665,0
1051666,0
1051667,0
1051668,0
1051669,0
1051670,0
1051671,0
1051672,0
1051673,0
1051674,0
1051675,0
1051676,0
1051677,0
1051678,14
1051679,0
1051680,0
1051681,24
1051682,0
1051683,0
1051684,21
1051685,14
1051686,20
1051687,0
1051688,0
1051689,0
1051690,9
1051691,0
1051692,0
1051693,0
1051694,0
1051695,0
1051696,0
1051697,26
1051698,0
1051699,0
1051700,0
1051701,0
1051702,0
1051703,0
1051704,0
1051705,0
1051706,0
1051707,0
1051708,0
1051709,0
1051710,0
1051711,0
1051712,14
1051713,0
1051714,0
1051715,0
1051716,0
1051717,0
1051718,0
1051719,0
1051720,0
1051721,0
1051722,14
1051723,0
1051724,0
1051725,13
1051726,0
1051727,0
1051728,15
1051729,0
1051730,0
1051731,0
1051732,0
1051733,0
1051734,23
1051735,0
1051736,0
1051737,21
1051738,0
1051739,0
1051740,0
1051741,0
1051742,22
1051743,0
1051744,0
1051745,0
1051746,27
1051747,0
1051748,0
1051749,0
1051750,0
1051751,0
1051752,0
1051753,0
1051754,0
1051755,0
1051756,0
1051757,0
1051758,0
1051759,0
1051760,0
1051761,0
1051762,0
1051763,0
1051764,0
1051765,0
1051766,0
1051767,0
1051768,0
1051769,0
1051770,0
1051771,0
1051772,0
1051773,0
1051774,0
1051775,0
1051776,0
1051777,0
1051778,0
1051779,0
1051780,0
1051781,0
1051782,0
1051783,0
1051784,0
1051785,0
1051786,0
1051787,0
1051788,0
1051789,0
1051790,0
1051791,0
1051792,0
1051793,0
1051794,0
1051795,0
1051796,0
1051797,0
1051798,0
1051799,0
1051800,0
1051801,0
1051802,0
1051803,0
1051804,0
1051805,0
1051806,0
1051807,0
1051808,0
1051809,0
1051810,0
1051811,0
1051812,0
1051813,0
1051814,0
1051815,0
1051816,0
1051817,0
1051818,0
1051819,0
1051820,0
1051821,0
1051822,0
1051823,0
1051824,0
1051825,0
1051826,0
1051827,0
1051828,0
1051829,0
1051830,0
1051831,0
1051832,0
1051833,0
1051834,0
1051835,0
1051836,0
1051837,0
1051838,0
1051839,0
1051840,0
1051841,0
1051842,0
1051843,0
1051844,0
1051845,0
1051846,0
1051847,0
1051848,0
1051849,0
1051850,0
1051851,0
1051852,0
1051853,0
1051854,0
1051855,0
1051856,0
1051857,0
1051858,0
1051859,0
1051860,0
1051861,0
1051862,0
1051863,0
1051864,0
1051865,0
1051866,0
1051867,0
1051868,0
1051869,0
1051870,0
1051871,0
1051872,0
1051873,0
1051874,0
1051875,0
1051876,0
1051877,0
1051878,0
1051879,0
1051880,0
1051881,0
1051882,1
1051883,0
1051884,0
1051885,0
1051886,0
1051887,0
1051888,0
1051889,0
1051890,0
1051891,0
1051892,0
1051893,0
1051894,0
1051895,0
1051896,0
1051897,0
1051898,0
1051899,0
1051900,0
1051901,0
1051902,0
1051903,0
1051904,0
1051905,0
1051906,0
1051907,0
1051908,0
1051909,0
1051910,0
1051911,0
1051912,0
1051913,0
1051914,0
1051915,0
1051916,0
1051917,0
1051918,0
1051919,0
1051920,0
1051921,0
1051922,0
1051923,0
1051924,0
1051925,0
1051926,0
1051927,0
1051928,0
1051929,0
1051930,0
1051931,0
1051932,0
1051933,0
1051934,0
1051935,0
1051936,0
1051937,0
1051938,0
1051939,0
1051940,0
1051941,0
1051942,0
1051943,0
1051944,0
1051945,0
1051946,0
1051947,0
1051948,0
1051949,0
1051950,0
1051951,0
1051952,0
1051953,0
1051954,0
1051955,0
1051956,0
1051957,0
1051958,0
1051959,0
1051960,0
1051961,0
1051962,0
1051963,0
1051964,0
1051965,0
1051966,0
1051967,0
1051968,0
1051969,0
1051970,0
1051971,0
1051972,0
1051973,0
1051974,0
1051975,0
1051976,0
1051977,0
1051978,0
1051979,0
1051980,0
1051981,0
1051982,0
1051983,0
1051984,0
1051985,0
1051986,0
1051987,0
1051988,0
1051989,0
1051990,0
1051991,0
1051992,0
1051993,0
1051994,0
1051995,0
1051996,0
1051997,0
1051998,0
1051999,0
1052000,1
1052001,0
1052002,0
1052003,0
1052004,0
1052005,0
1052006,0
1052007,0
1052008,0
1052009,0
1052010,0
1052011,0
1052012,0
1052013,0
1052014,0
1052015,0
1052016,0
1052017,0
1052018,0
1052019,0
1052020,0
1052021,0
1052022,0
1052023,0
1052024,0
1052025,0
1052026,0
1052027,0
1052028,0
1052029,0
1052030,0
1052031,0
1052032,0
1052033,0
1052034,0
1052035,0
1052036,0
1052037,0
1052038,0
1052039,0
1052040,0
1052041,0
1052042,0
1052043,0
1052044,0
1052045,0
1052046,0
1052047,0
1052048,0
1052049,0
1052050,0
1052051,0
1052052,0
1052053,0
1052054,0
1052055,0
1052056,0
1052057,0
1052058,0
1052059,0
1052060,0
1052061,0
1052062,0
1052063,0
1052064,0
1052065,0
1052066,0
1052067,0
1052068,0
1052069,0
1052070,0
1052071,0
1052072,0
1052073,0
1052074,0
1052075,0
1052076,0
1052077,0
1052078,0
1052079,0
1052080,0
1052081,0
1052082,0
1052083,0
1052084,0
1052085,0
1052086,0
1052087,0
1052088,0
1052089,0
1052090,0
1052091,0
1052092,0
1052093,0
1052094,0
1052095,0
1052096,0
1052097,0
1052098,0
1052099,0
1052100,0
1052101,0
1052102,0
1052103,0
1052104,1
1052105,0
1052106,0
1052107,0
1052108,0
1052109,0
1052110,0
1052111,0
1052112,0
1052113,0
1052114,0
1052115,0
1052116,0
1052117,1
1052118,0
1052119,0
1052120,0
1052121,0
1052122,0
1052123,0
1052124,0
1052125,0
1052126,0
1052127,0
1052128,0
1052129,0
1052130,0
1052131,0
1052132,0
1052133,0
1052134,0
1052135,0
1052136,0
1052137,0
1052138,0
1052139,0
1052140,0
1052141,0
1052142,0
1052143,0
1052144,0
1052145,0
1052146,0
1052147,0
1052148,0
1052149,0
1052150,0
1052151,0
1052152,0
1052153,0
1052154,0
1052155,0
1052156,0
1052157,0
1052158,0
1052159,0
1052160,0
1052161,0
1052162,0
1052163,0
1052164,0
1052165,0
1052166,0
1052167,0
1052168,0
1052169,0
1052170,0
1052171,0
1052172,0
1052173,0
1052174,0
1052175,0
1052176,0
1052177,0
1052178,0
1052179,0
1052180,0
1052181,0
1052182,0
1052183,0
1052184,0
1052185,0
1052186,0
1052187,0
1052188,0
1052189,0
1052190,0
1052191,0
1052192,0
1052193,0
1052194,0
1052195,0
1052196,0
1052197,0
1052198,0
1052199,0
1052200,0
1052201,0
1052202,0
1052203,0
1052204,0
1052205,0
1052206,0
1052207,0
1052208,0
1052209,0
1052210,0
1052211,0
1052212,0
1052213,0
1052214,0
1052215,0
1052216,0
1052217,0
1052218,0
1052219,0
1052220,0
1052221,0
1052222,0
1052223,0
1052224,0
1052225,0
1052226,0
1052227,0
1052228,0
1052229,0
1052230,0
1052231,0
1052232,0
1052233,0
1052234,0
1052235,0
1052236,0
1052237,0
1052238,0
1052239,0
1052240,0
1052241,0
1052242,0
1052243,0
1052244,0
1052245,0
1052246,0
1052247,0
1052248,0
1052249,0
1052250,0
1052251,0
1052252,0
1052253,0
1052254,0
1052255,0
1052256,0
1052257,0
1052258,0
1052259,0
1052260,0
1052261,0
1052262,0
1052263,0
1052264,0
1052265,0
1052266,0
1052267,0
1052268,0
1052269,0
1052270,0
1052271,0
1052272,0
1052273,0
1052274,0
1052275,0
1052276,0
1052277,0
1052278,0
1052279,0
1052280,0
1052281,0
1052282,0
1052283,0
1052284,1
1052285,0
1052286,0
1052287,0
1052288,0
1052289,0
1052290,0
1052291,0
1052292,0
1052293,0
1052294,0
1052295,0
1052296,0
1052297,0
1052298,0
1052299,0
1052300,0
1052301,0
1052302,0
1052303,0
1052304,0
1052305,0
1052306,0
1052307,0
1052308,0
1052309,0
1052310,0
1052311,0
1052312,0
1052313,0
1052314,0
1052315,0
1052316,0
1052317,0
1052318,0
1052319,0
1052320,0
1052321,0
1052322,0
1052323,0
1052324,0
1052325,0
1052326,0
1052327,0
1052328,0
1052329,0
1052330,0
1052331,0
1052332,0
1052333,0
1052334,0
1052335,0
1052336,0
1052337,0
1052338,0
1052339,1
1052340,0
1052341,0
1052342,0
1052343,0
1052344,0
1052345,0
1052346,0
1052347,0
1052348,0
1052349,0
1052350,0
1052351,0
1052352,0
1052353,0
1052354,0
1052355,0
1052356,0
1052357,0
1052358,0
1052359,0
1052360,0
1052361,0
1052362,0
1052363,0
1052364,0
1052365,0
1052366,0
1052367,0
1052368,0
1052369,0
1052370,0
1052371,0
1052372,0
1052373,0
1052374,0
1052375,0
1052376,0
1052377,0
1052378,0
1052379,0
1052380,0
1052381,0
1052382,0
1052383,1
1052384,0
1052385,0
1052386,0
1052387,0
1052388,0
1052389,0
1052390,0
1052391,0
1052392,0
1052393,0
1052394,0
1052395,0
1052396,0
1052397,0
1052398,0
1052399,0
1052400,0
1052401,0
1052402,0
1052403,0
1052404,0
1052405,0
1052406,0
1052407,0
1052408,0
1052409,0
1052410,0
1052411,0
1052412,0
1052413,0
1052414,0
1052415,0
1052416,0
1052417,0
1052418,0
1052419,0
1052420,0
1052421,0
1052422,0
1052423,0
1052424,0
1052425,0
1052426,0
1052427,0
1052428,0
1052429,0
1052430,0
1052431,0
1052432,0
1052433,1
1052434,0
1052435,0
1052436,0
1052437,0
1052438,0
1052439,0
1052440,0
1052441,0
1052442,0
1052443,0
1052444,0
1052445,0
1052446,0
1052447,0
1052448,0
1052449,0
1052450,0
1052451,0
1052452,0
1052453,0
1052454,0
1052455,0
1052456,0
1052457,0
1052458,0
1052459,0
1052460,0
1052461,0
1052462,0
1052463,0
1052464,0
1052465,0
1052466,0
1052467,0
1052468,0
1052469,0
1052470,0
1052471,0
1052472,0
1052473,0
1052474,0
1052475,0
1052476,0
1052477,0
1052478,0
1052479,0
1052480,0
1052481,0
1052482,0
1052483,0
1052484,0
1052485,0
1052486,0
1052487,0
1052488,0
1052489,0
1052490,0
1052491,0
1052492,0
1052493,0
1052494,0
1052495,0
1052496,0
1052497,0
1052498,0
1052499,0
1052500,0
1052501,0
1052502,0
1052503,0
1052504,0
1052505,0
1052506,0
1052507,0
1052508,0
1052509,0
1052510,0
1052511,0
1052512,0
1052513,0
1052514,0
1052515,0
1052516,0
1052517,0
1052518,0
1052519,0
1052520,0
1052521,0
1052522,0
1052523,0
1052524,0
1052525,0
1052526,0
1052527,0
1052528,0
1052529,0
1052530,0
1052531,0
1052532,0
1052533,0
1052534,0
1052535,0
1052536,0
1052537,0
1052538,0
1052539,0
1052540,0
1052541,0
1052542,19
1052543,0
1052544,0
1052545,0
1052546,0
1052547,23
1052548,22
1052549,0
1052550,0
1052551,0
1052552,0
1052553,0
1052554,22
1052555,0
1052556,0
1052557,0
1052558,0
1052559,25
1052560,23
1052561,0
1052562,0
1052563,0
1052564,0
1052565,0
1052566,0
1052567,0
1052568,0
1052569,32
1052570,0
1052571,0
1052572,0
1052573,0
1052574,0
1052575,0
1052576,0
1052577,0
1052578,0
1052579,0
1052580,0
1052581,0
1052582,0
1052583,0
1052584,0
1052585,19
1052586,0
1052587,0
1052588,0
1052589,0
1052590,0
1052591,52
1052592,0
1052593,0
1052594,0
1052595,0
1052596,33
1052597,0
1052598,0
1052599,0
1052600,0
1052601,0
1052602,0
1052603,0
1052604,0
1052605,0
1052606,0
1052607,0
1052608,0
1052609,0
1052610,0
1052611,0
1052612,0
1052613,0
1052614,27
1052615,0
1052616,0
1052617,0
1052618,0
1052619,41
1052620,27
1052621,0
1052622,0
1052623,27
1052624,0
1052625,0
1052626,0
1052627,37
1052628,0
1052629,0
1052630,24
1052631,0
1052632,30
1052633,20
1052634,37
1052635,21
1052636,0
1052637,27
1052638,0
1052639,23
1052640,0
1052641,20
1052642,0
1052643,0
1052644,0
1052645,45
1052646,0
1052647,0
1052648,23
1052649,0
1052650,0
1052651,0
1052652,0
1052653,24
1052654,25
1052655,0
1052656,0
1052657,0
1052658,0
1052659,0
1052660,0
1052661,0
1052662,0
1052663,0
1052664,0
1052665,0
1052666,0
1052667,0
1052668,0
1052669,42
1052670,0
1052671,0
1052672,0
1052673,0
1052674,31
1052675,0
1052676,0
1052677,0
1052678,20
1052679,0
1052680,0
1052681,20
1052682,0
1052683,0
1052684,0
1052685,0
1052686,0
1052687,0
1052688,0
1052689,0
1052690,21
1052691,0
1052692,0
1052693,0
1052694,0
1052695,17
1052696,0
1052697,0
1052698,0
1052699,0
1052700,0
1052701,32
1052702,0
1052703,0
1052704,0
1052705,28
1052706,0
1052707,0
1052708,36
1052709,0
1052710,0
1052711,0
1052712,0
1052713,0
1052714,0
1052715,0
1052716,0
1052717,20
1052718,0
1052719,0
1052720,0
1052721,0
1052722,0
1052723,0
1052724,0
1052725,31
1052726,0
1052727,0
1052728,0
1052729,0
1052730,0
1052731,30
1052732,0
1052733,0
1052734,0
1052735,0
1052736,0
1052737,27
1052738,0
1052739,0
1052740,39
1052741,0
1052742,0
1052743,0
1052744,16
1052745,0
1052746,0
1052747,0
1052748,0
1052749,29
1052750,0
1052751,0
1052752,0
1052753,0
1052754,0
1052755,0
1052756,0
1052757,0
1052758,26
1052759,0
1052760,0
1052761,0
1052762,0
1052763,0
1052764,0
1052765,0
1052766,43
1052767,0
1052768,0
1052769,0
1052770,0
1052771,0
1052772,0
1052773,0
1052774,0
1052775,0
1052776,0
1052777,0
1052778,0
1052779,0
1052780,0
1052781,0
1052782,0
1052783,0
1052784,0
1052785,0
1052786,56
1052787,0
1052788,0
1052789,0
1052790,0
1052791,21
1052792,0
1052793,23
1052794,16
1052795,0
1052796,0
1052797,0
1052798,0
1052799,0
1052800,0
1052801,0
1052802,31
1052803,27
1052804,0
1052805,0
1052806,0
1052807,31
1052808,0
1052809,0
1052810,0
1052811,0
1052812,0
1052813,0
1052814,0
1052815,22
1052816,0
1052817,0
1052818,0
1052819,23
1052820,0
1052821,0
1052822,0
1052823,0
1052824,0
1052825,0
1052826,0
1052827,0
1052828,18
1052829,0
1052830,0
1052831,0
1052832,23
1052833,18
1052834,0
1052835,0
1052836,0
1052837,0
1052838,21
1052839,0
1052840,0
1052841,14
1052842,0
1052843,0
1052844,0
1052845,0
1052846,20
1052847,0
1052848,0
1052849,0
1052850,0
1052851,0
1052852,0
1052853,0
1052854,0
1052855,0
1052856,0
1052857,0
1052858,0
1052859,0
1052860,0
1052861,0
1052862,0
1052863,32
1052864,0
1052865,0
1052866,26
1052867,0
1052868,0
1052869,0
1052870,0
1052871,0
1052872,0
1052873,23
1052874,0
1052875,0
1052876,0
1052877,0
1052878,24
1052879,0
1052880,0
1052881,0
1052882,0
1052883,0
1052884,0
1052885,21
1052886,0
1052887,29
1052888,16
1052889,0
1052890,0
1052891,0
1052892,0
1052893,0
1052894,0
1052895,19
1052896,31
1052897,0
1052898,0
1052899,0
1052900,0
1052901,0
1052902,0
1052903,0
1052904,0
1052905,0
1052906,0
1052907,0
1052908,0
1052909,0
1052910,0
1052911,0
1052912,0
1052913,0
1052914,26
1052915,0
1052916,0
1052917,0
1052918,0
1052919,0
1052920,0
1052921,0
1052922,0
1052923,0
1052924,0
1052925,0
1052926,0
1052927,0
1052928,0
1052929,0
1052930,0
1052931,34
1052932,30
1052933,0
1052934,0
1052935,31
1052936,0
1052937,0
1052938,0
1052939,0
1052940,0
1052941,0
1052942,39
1052943,0
1052944,22
1052945,35
1052946,0
1052947,0
1052948,0
1052949,0
1052950,0
1052951,0
1052952,0
1052953,0
1052954,0
1052955,0
1052956,0
1052957,0
1052958,0
1052959,0
1052960,0
1052961,0
1052962,0
1052963,0
1052964,27
1052965,0
1052966,0
1052967,0
1052968,0
1052969,19
1052970,0
1052971,25
1052972,0
1052973,17
1052974,0
1052975,0
1052976,0
1052977,0
1052978,0
1052979,0
1052980,0
1052981,0
1052982,0
1052983,0
1052984,0
1052985,0
1052986,0
1052987,0
1052988,0
1052989,0
1052990,0
1052991,0
1052992,0
1052993,0
1052994,24
1052995,0
1052996,0
1052997,27
1052998,0
1052999,0
1053000,0
1053001,0
1053002,30
1053003,0
1053004,0
1053005,0
1053006,0
1053007,0
1053008,0
1053009,25
1053010,0
1053011,0
1053012,0
1053013,0
1053014,0
1053015,0
1053016,0
1053017,0
1053018,0
1053019,22
1053020,0
1053021,0
1053022,0
1053023,0
1053024,0
1053025,0
1053026,15
1053027,0
1053028,0
1053029,0
1053030,0
1053031,0
1053032,0
1053033,32
1053034,0
1053035,0
1053036,0
1053037,0
1053038,0
1053039,0
1053040,0
1053041,0
1053042,0
1053043,0
1053044,0
1053045,0
1053046,0
1053047,0
1053048,0
1053049,0
1053050,0
1053051,0
1053052,0
1053053,0
1053054,28
1053055,0
1053056,0
1053057,0
1053058,0
1053059,0
1053060,33
1053061,0
1053062,0
1053063,0
1053064,0
1053065,0
1053066,26
1053067,0
1053068,0
1053069,0
1053070,0
1053071,14
1053072,0
1053073,0
1053074,16
1053075,0
1053076,0
1053077,0
1053078,0
1053079,0
1053080,0
1053081,0
1053082,0
1053083,12
1053084,0
1053085,0
1053086,0
1053087,0
1053088,0
1053089,0
1053090,0
1053091,0
1053092,0
1053093,0
1053094,0
1053095,0
1053096,0
1053097,0
1053098,21
1053099,0
1053100,0
1053101,0
1053102,0
1053103,0
1053104,0
1053105,0
1053106,35
1053107,0
1053108,0
1053109,0
1053110,17
1053111,0
1053112,0
1053113,0
1053114,0
1053115,0
1053116,0
1053117,0
1053118,0
1053119,0
1053120,0
1053121,0
1053122,0
1053123,23
1053124,0
1053125,0
1053126,0
1053127,0
1053128,0
1053129,0
1053130,0
1053131,0
1053132,0
1053133,24
1053134,0
1053135,0
1053136,18
1053137,0
1053138,0
1053139,0
1053140,0
1053141,0
1053142,33
1053143,0
1053144,0
1053145,0
1053146,0
1053147,0
1053148,0
1053149,0
1053150,0
1053151,0
1053152,0
1053153,0
1053154,0
1053155,19
1053156,0
1053157,0
1053158,0
1053159,0
1053160,0
1053161,0
1053162,0
1053163,19
1053164,0
1053165,0
1053166,0
1053167,0
1053168,28
1053169,0
1053170,0
1053171,0
1053172,0
1053173,0
1053174,0
1053175,23
1053176,25
1053177,0
1053178,0
1053179,0
1053180,0
1053181,0
1053182,0
1053183,0
1053184,26
1053185,0
1053186,0
1053187,0
1053188,0
1053189,25
1053190,0
1053191,0
1053192,0
1053193,0
1053194,0
1053195,12
1053196,0
1053197,0
1053198,0
1053199,0
1053200,0
1053201,0
1053202,0
1053203,0
1053204,0
1053205,0
1053206,0
1053207,0
1053208,18
1053209,0
1053210,0
1053211,0
1053212,0
1053213,0
1053214,0
1053215,0
1053216,19
1053217,0
1053218,0
1053219,0
1053220,0
1053221,0
1053222,28
1053223,0
1053224,0
1053225,0
1053226,0
1053227,0
1053228,0
1053229,0
1053230,21
1053231,0
1053232,0
1053233,0
1053234,0
1053235,0
1053236,0
1053237,0
1053238,0
1053239,0
1053240,0
1053241,0
1053242,0
1053243,0
1053244,20
1053245,0
1053246,0
1053247,0
1053248,0
1053249,0
1053250,0
1053251,0
1053252,0
1053253,0
1053254,0
1053255,0
1053256,0
1053257,0
1053258,0
1053259,15
1053260,0
1053261,0
1053262,0
1053263,0
1053264,21
1053265,0
1053266,0
1053267,0
1053268,0
1053269,0
1053270,0
1053271,0
1053272,0
1053273,0
1053274,0
1053275,0
1053276,0
1053277,25
1053278,0
1053279,0
1053280,0
1053281,0
1053282,0
1053283,0
1053284,0
1053285,0
1053286,0
1053287,0
1053288,0
1053289,32
1053290,0
1053291,0
1053292,0
1053293,0
1053294,0
1053295,0
1053296,0
1053297,0
1053298,0
1053299,0
1053300,0
1053301,0
1053302,0
1053303,0
1053304,21
1053305,0
1053306,0
1053307,22
1053308,0
1053309,0
1053310,0
1053311,0
1053312,0
1053313,0
1053314,0
1053315,0
1053316,0
1053317,0
1053318,0
1053319,0
1053320,0
1053321,0
1053322,0
1053323,0
1053324,26
1053325,0
1053326,24
1053327,0
1053328,0
1053329,0
1053330,0
1053331,0
1053332,0
1053333,29
1053334,0
1053335,0
1053336,20
1053337,0
1053338,13
1053339,0
1053340,0
1053341,0
1053342,0
1053343,0
1053344,0
1053345,0
1053346,0
1053347,0
1053348,0
1053349,0
1053350,0
1053351,0
1053352,0
1053353,0
1053354,18
1053355,0
1053356,15
1053357,0
1053358,0
1053359,0
1053360,0
1053361,0
1053362,0
1053363,0
1053364,0
1053365,0
1053366,0
1053367,0
1053368,0
1053369,0
1053370,0
1053371,15
1053372,0
1053373,16
1053374,0
1053375,0
1053376,20
1053377,0
1053378,0
1053379,0
1053380,0
1053381,24
1053382,0
1053383,23
1053384,0
1053385,0
1053386,0
1053387,0
1053388,0
1053389,0
1053390,0
1053391,0
1053392,0
1053393,0
1053394,0
1053395,0
1053396,0
1053397,0
1053398,0
1053399,0
1053400,14
1053401,0
1053402,0
1053403,0
1053404,0
1053405,13
1053406,0
1053407,24
1053408,0
1053409,0
1053410,21
1053411,0
1053412,0
1053413,18
1053414,21
1053415,0
1053416,0
1053417,0
1053418,0
1053419,0
1053420,0
1053421,0
1053422,0
1053423,22
1053424,0
1053425,8
1053426,0
1053427,23
1053428,0
1053429,0
1053430,0
1053431,0
1053432,24
1053433,0
1053434,25
1053435,0
1053436,0
1053437,0
1053438,0
1053439,0
1053440,0
1053441,0
1053442,0
1053443,0
1053444,20
1053445,19
1053446,0
1053447,0
1053448,21
1053449,0
1053450,16
1053451,0
1053452,19
1053453,27
1053454,0
1053455,0
1053456,0
1053457,0
1053458,0
1053459,0
1053460,0
1053461,0
1053462,0
1053463,0
1053464,17
1053465,0
1053466,0
1053467,0
1053468,0
1053469,0
1053470,0
1053471,0
1053472,0
1053473,0
1053474,22
1053475,0
1053476,0
1053477,0
1053478,0
1053479,0
1053480,29
1053481,0
1053482,0
1053483,0
1053484,27
1053485,0
1053486,0
1053487,0
1053488,0
1053489,0
1053490,0
1053491,0
1053492,0
1053493,20
1053494,0
1053495,0
1053496,0
1053497,0
1053498,15
1053499,0
1053500,16
1053501,0
1053502,0
1053503,0
1053504,0
1053505,0
1053506,0
1053507,0
1053508,21
1053509,0
1053510,0
1053511,0
1053512,0
1053513,0
1053514,0
1053515,0
1053516,0
1053517,0
1053518,0
1053519,26
1053520,0
1053521,0
1053522,0
1053523,0
1053524,0
1053525,17
1053526,31
1053527,0
1053528,0
1053529,14
1053530,0
1053531,0
1053532,0
1053533,0
1053534,0
1053535,0
1053536,0
1053537,0
1053538,0
1053539,0
1053540,0
1053541,0
1053542,26
1053543,0
1053544,0
1053545,0
1053546,0
1053547,0
1053548,0
1053549,0
1053550,0
1053551,0
1053552,18
1053553,0
1053554,0
1053555,0
1053556,0
1053557,0
1053558,0
1053559,0
1053560,0
1053561,0
1053562,0
1053563,0
1053564,0
1053565,0
1053566,0
1053567,0
1053568,0
1053569,0
1053570,0
1053571,0
1053572,0
1053573,0
1053574,0
1053575,19
1053576,0
1053577,0
1053578,0
1053579,0
1053580,0
1053581,0
1053582,0
1053583,0
1053584,0
1053585,0
1053586,0
1053587,0
1053588,13
1053589,0
1053590,0
1053591,0
1053592,0
1053593,0
1053594,0
1053595,31
1053596,0
1053597,0
1053598,0
1053599,27
1053600,0
1053601,0
1053602,0
1053603,0
1053604,0
1053605,0
1053606,0
1053607,0
1053608,0
1053609,0
1053610,0
1053611,0
1053612,0
1053613,0
1053614,0
1053615,0
1053616,0
1053617,0
1053618,0
1053619,0
1053620,0
1053621,0
1053622,0
1053623,0
1053624,0
1053625,20
1053626,0
1053627,0
1053628,0
1053629,0
1053630,0
1053631,0
1053632,0
1053633,0
1053634,0
1053635,0
1053636,0
1053637,11
1053638,21
1053639,0
1053640,0
1053641,0
1053642,0
1053643,0
1053644,0
1053645,0
1053646,0
1053647,0
1053648,0
1053649,0
1053650,0
1053651,0
1053652,0
1053653,0
1053654,0
1053655,0
1053656,0
1053657,0
1053658,0
1053659,0
1053660,0
1053661,0
1053662,0
1053663,0
1053664,0
1053665,29
1053666,0
1053667,0
1053668,0
1053669,0
1053670,0
1053671,0
1053672,0
1053673,0
1053674,0
1053675,19
1053676,15
1053677,0
1053678,0
1053679,0
1053680,0
1053681,0
1053682,0
1053683,18
1053684,0
1053685,18
1053686,26
1053687,0
1053688,0
1053689,0
1053690,0
1053691,0
1053692,0
1053693,0
1053694,28
1053695,0
1053696,0
1053697,0
1053698,0
1053699,0
1053700,0
1053701,0
1053702,0
1053703,0
1053704,0
1053705,20
1053706,0
1053707,0
1053708,0
1053709,0
1053710,0
1053711,0
1053712,24
1053713,0
1053714,0
1053715,0
1053716,0
1053717,0
1053718,0
1053719,0
1053720,0
1053721,0
1053722,0
1053723,0
1053724,20
1053725,0
1053726,0
1053727,0
1053728,0
1053729,0
1053730,21
1053731,0
1053732,0
1053733,0
1053734,0
1053735,0
1053736,0
1053737,0
1053738,0
1053739,0
1053740,0
1053741,0
1053742,20
1053743,0
1053744,0
1053745,0
1053746,31
1053747,0
1053748,0
1053749,0
1053750,0
1053751,0
1053752,0
1053753,0
1053754,0
1053755,0
1053756,0
1053757,25
1053758,0
1053759,0
1053760,0
1053761,0
1053762,25
1053763,0
1053764,0
1053765,0
1053766,0
1053767,0
1053768,0
1053769,16
1053770,0
1053771,0
1053772,0
1053773,0
1053774,13
1053775,0
1053776,0
1053777,0
1053778,0
1053779,0
1053780,0
1053781,0
1053782,0
1053783,0
1053784,0
1053785,0
1053786,0
1053787,0
1053788,0
1053789,0
1053790,25
1053791,0
1053792,0
1053793,25
1053794,0
1053795,0
1053796,0
1053797,0
1053798,0
1053799,0
1053800,0
1053801,0
1053802,0
1053803,0
1053804,0
1053805,0
1053806,20
1053807,0
1053808,0
1053809,0
1053810,0
1053811,23
1053812,0
1053813,17
1053814,25
1053815,0
1053816,0
1053817,0
1053818,0
1053819,18
1053820,0
1053821,0
1053822,0
1053823,0
1053824,0
1053825,17
1053826,14
1053827,0
1053828,0
1053829,0
1053830,0
1053831,0
1053832,0
1053833,21
1053834,0
1053835,0
1053836,0
1053837,0
1053838,0
1053839,0
1053840,0
1053841,0
1053842,0
1053843,0
1053844,0
1053845,0
1053846,0
1053847,0
1053848,0
1053849,0
1053850,0
1053851,33
1053852,0
1053853,0
1053854,0
1053855,0
1053856,0
1053857,0
1053858,0
1053859,0
1053860,0
1053861,0
1053862,0
1053863,0
1053864,0
1053865,0
1053866,26
1053867,0
1053868,0
1053869,0
1053870,0
1053871,0
1053872,0
1053873,0
1053874,0
1053875,15
1053876,0
1053877,0
1053878,0
1053879,0
1053880,0
1053881,0
1053882,13
1053883,0
1053884,0
1053885,0
1053886,26
1053887,31
1053888,0
1053889,0
1053890,0
1053891,0
1053892,0
1053893,0
1053894,0
1053895,0
1053896,0
1053897,0
1053898,0
1053899,0
1053900,0
1053901,0
1053902,0
1053903,0
1053904,0
1053905,0
1053906,0
1053907,0
1053908,0
1053909,0
1053910,0
1053911,0
1053912,0
1053913,0
1053914,17
1053915,0
1053916,0
1053917,0
1053918,0
1053919,0
1053920,0
1053921,0
1053922,0
1053923,0
1053924,0
1053925,0
1053926,0
1053927,0
1053928,0
1053929,0
1053930,31
1053931,20
1053932,23
1053933,0
1053934,0
1053935,0
1053936,0
1053937,0
1053938,18
1053939,0
1053940,0
1053941,0
1053942,0
1053943,0
1053944,14
1053945,17
1053946,0
1053947,0
1053948,0
1053949,0
1053950,0
1053951,0
1053952,0
1053953,0
1053954,0
1053955,0
1053956,0
1053957,0
1053958,19
1053959,0
1053960,0
1053961,0
1053962,0
1053963,22
1053964,0
1053965,0
1053966,0
1053967,22
